var element=document.getElementById("correlationClose");if(element.style.display!='none'){var correlationClose={"data":[{"type":"heatmap","z":[[1.0,0.9999912813065347,0.7266076557053671,0.9997684124968802,0.9983033798722948,1.0,0.9933871362071665,0.9905346596285304,0.9905346596285304,0.9938369923285866,0.9799543671631362,0.9886640969380778,0.993418114000893,0.9934550518935081,0.6610987799679132,0.5551785959128187,0.19944451360741944,0.9941025484028104,0.99409598514962,0.9861903268443006,0.9934063107007283,0.3459451056784659,0.7870044019156293,0.9847413529810292,0.9847413529810292,0.9847244218641372,0.9819251520646329,0.2947292679449701,-0.14746233219032706,0.9888647598810543,0.9888309658204282,0.2258630109577107,-0.24222887421631034,0.9951530689181616,0.995393819442131,0.8728170883092354,-0.33086804437006195,0.9916802838901705,0.9955213945362444,0.6351416387700018,0.1797221018669633,0.9952674718387802,0.9952633732425866,0.9952674718387802,0.9177534071794758,0.667238006348045,0.9416350028064284,0.9440970288632223,0.874070907392422,0.3900937297237634,-0.19362945369738735,0.2447005635973415,0.9558835243463247,0.35523207954267816,0.9756577177032648,0.9731742675630238,0.9821384864724086,0.9889837954634088,0.9423024217885992,0.9534703729705436,0.9527750537414005,0.9441555724940224,0.9501396129766735,0.9506848573273252,0.9501396129766735,0.9097050400211032,0.9308248484116246,0.9315595454377358,0.9308248484116246,0.939599140234021,0.8259388217865263,0.9133621475495967,0.9144015140552753,0.9133621475495967,0.762450628473064,0.4672716210741491,0.7558433331570762,-0.5043409290597028,0.6627603077568708,0.6690206298092,0.6692100298512197,0.6690206298092,-0.05372413667139624,0.9275838595097968,0.9556657702883293,0.9428368289095577,0.9435084039484667,0.21276204625851827,0.9218977550035566,0.9222968921857961,0.9218977550035566,0.9248840378432391,0.9248840378432391,-0.10002040886578312,0.609469068504537,0.1197170399560255,-0.73427356355661,-0.6143874156904177,-0.618498774628577,-0.18122038319074746,0.1637874469292903,0.1732181658342061,-0.0648594646066441,-0.6211912644452293,-0.06111505386013753,-0.7969064581922051,-0.32961759952558756,0.1901325644132425,0.1923091333807218,-0.5917842132977824,-0.5628455493172707,-0.31769162778676413,-0.5348160917850504,-0.8063437712019783,-0.44063689392811056,-0.4335665760060678,-0.44063689392811056,-0.2680497393204184,-0.3945681362222983,-0.3945681362222983,-0.7948707543250686,-0.7948707543250686,0.525878628646536,0.6392339824126329,0.8472886063896282,0.8448046624620903,0.7583199115343576,-0.36147316703093546,0.7491380391845599,0.7688736234892523,0.7690450377273043,0.7688736234892523,-0.1392643532702038],[0.9999912813065347,1.0,0.9853258515612214,0.9996058313082655,0.9964717659625055,0.9999912813065347,0.9871510401498453,0.9829839806157533,0.9829839806157533,0.9871032886683576,0.9782294565114581,0.9877700638601107,0.9871843970385726,0.9870501387105916,-0.07676770597495117,-0.1701505036675571,-0.4924639391631335,0.9897551395079384,0.9897573645166126,0.9872188936716938,0.9872268091619993,-0.22033689413486038,0.9833062385098784,0.9841414879108532,0.9841414879108532,0.9841615906682185,0.9820064706746084,0.06870865156616769,0.08784492169188679,0.9841089013325521,0.984158938172037,0.6509759733626035,-0.0003797678933487604,0.9917646077150567,0.9917649233206071,0.9923024032202941,0.9879816420316788,0.9910280864511856,0.9918678303960454,-0.12621371193800715,-0.49630959614140074,0.9923215472628417,0.9923235755737438,0.9923215472628417,0.9174962504800337,0.5265470901212637,0.9416190066437269,0.9439663425018721,0.8736986326500045,-0.1558805577856994,-0.4447944192109175,0.87106434895722,0.9114814406108247,-0.25436373294312536,0.9485131203169035,0.9486355173855284,0.9687842138319849,0.9793144145912867,0.9634703623157718,0.9678623615285424,0.9556399804702018,0.9576267411753608,0.9579481535906396,0.958228711038063,0.9579481535906396,0.8959194811387465,0.8711137272275603,0.8720874886668086,0.8711137272275603,0.9644395701558255,0.9666391206236717,0.964506640953011,0.9651318997472549,0.964506640953011,0.7353594636337878,0.6992470352862309,0.7620574086897913,0.807650863484183,0.7349677230360122,0.753788978105656,0.754921386655299,0.753788978105656,-0.01997266700735729,0.9380878357349471,0.9532016924310284,0.948384962511981,0.9672038965058742,-0.34025291125948914,0.9354309122776623,0.9355445479024428,0.9354309122776623,0.940026685802696,0.940026685802696,-0.1806222831721919,0.6101651007808163,-0.380532625577342,-0.8146402466295328,-0.47768729034147384,-0.4818976333702036,-0.41183710550724345,0.2913222687989973,-0.2837433587112346,-0.5352765521566547,-0.7720159434918865,-0.38372736225489684,-0.4660385947940202,-0.45009786067139135,0.15889962882803008,0.15704060189710828,-0.4944881016288113,-0.4663889699797388,-0.4944840175797399,-0.5263677750127457,-0.5177582758213586,-0.4966433117231306,-0.5001305554362686,-0.4966433117231306,-0.39447649608145585,-0.5629532592656964,-0.5629532592656964,-0.5285104226177103,-0.5285104226177103,0.5241838744167703,0.38873707638999394,0.5262191407393139,0.6592658860843299,0.5439119659943269,-0.4431346724697226,0.43524691676776944,0.3316082019693688,0.33184335098282625,0.3316082019693688,0.23110096447960643],[0.7266076557053671,0.9853258515612214,1.0,0.7246088935486816,0.676160984476256,0.7266076557053671,0.7034514320350218,0.6975887322389323,0.6975887322389323,0.6663477094323467,0.6433189307162069,0.9947039932943332,0.7034764968811902,0.7035504044750546,0.340868707236643,0.280685515345899,-0.2515867537395246,0.6732489286968147,0.6726172435641209,0.6459862054448682,0.70263362785832,0.1339961861717524,0.8360695344355304,0.6912865612827819,0.6912865612827819,0.6910876019375959,0.9905857254985141,0.2673809025448056,0.07162512242489763,0.6583316771935158,0.6580155006401506,0.5662128404610075,-0.08877855822628994,0.6985554632752623,0.6588195490099876,0.6605780919775833,0.2714224461498261,0.9935546901949571,0.6575773193061175,0.32142333578451215,-0.2616645206501215,0.7157871098879177,0.6966834345696838,0.7157871098879177,0.9150296352252122,0.44658367894373,0.9512737287149712,0.9358706907328929,0.7987128090427339,0.25126756300916064,-0.08783460188517071,0.06257251286951639,0.6137511254989091,-0.07022207203295415,0.6430716517554862,0.629225913726994,0.642556151966184,0.6072288731482653,0.05862558689282632,0.8453088315264613,0.7842866991798226,0.7230529461990306,0.7895725814467806,0.7984678773488264,0.7895725814467806,0.6400148640704791,0.7208481758692975,0.7511973260253755,0.7208481758692975,0.7660604309557781,0.7148989924141167,0.7679757340652487,0.7984078345020423,0.7679757340652487,0.5586136372346163,-0.07600182153450669,0.5717584017108498,0.08311682357369268,0.5248157111915063,0.2758716740250098,0.5626035472210843,0.2758716740250098,-0.09376813863964921,0.7086730962882619,0.9124393435524621,0.7639010146567984,0.8016586558914836,-0.10295390008200554,0.7358998419683866,0.7355166873162678,0.7358998419683866,0.7754353231184459,0.7754353231184459,-0.1913848156965332,0.7016168607306903,-0.1722859304378018,-0.7540273167148419,-0.4810573799115524,-0.48535998630249083,-0.4444170669015006,0.14359994211892402,0.014507055974945657,-0.38068861613596894,-0.7338768743363632,-0.193952132742934,-0.36727595840179483,-0.3100374672527964,0.08621913100412996,0.08573855006169132,-0.5164765038787679,-0.10524486599737275,-0.2912675072722085,-0.5335228755074893,-0.2536465981258437,-0.43883673059093165,-0.32523631861557767,-0.43883673059093165,-0.442331272988153,-0.571793574540063,-0.571793574540063,-0.34207452833065294,-0.34207452833065294,0.4824091223762927,0.25893302587984185,0.3190134126316551,0.5587090455202848,0.348941857779493,-0.40863446102080403,0.015092805703913248,0.473002926706939,0.563411282296011,0.473002926706939,0.030255515891034035],[0.9997684124968802,0.9996058313082655,0.7246088935486816,1.0,0.9990194003617782,0.9997684124968801,0.9943678080023214,0.9919149991003178,0.9919149991003178,0.9950084158541231,0.9784872248694108,0.9911743334195855,0.9943901798961567,0.9944066545135182,0.6601487303631309,0.5537184705870949,0.1856291812246045,0.9949203526466629,0.9949162233349079,0.9861813837951188,0.9943721052356047,0.33757635127306007,0.7910487099991009,0.986895399571729,0.986895399571729,0.9868776003715167,0.9861354107627226,0.2905034663615246,-0.15302917874717958,0.9880464099526413,0.9880195865325249,0.21804876324976333,-0.2425929904954576,0.9954971011198462,0.9959343681530594,0.8445216211454749,-0.3346561898328081,0.9934899406072215,0.9962542897516716,0.6336665913221635,0.16566649200759662,0.9938328350808913,0.9955314875906532,0.9938328350808913,0.9160422170722675,0.6563916728248788,0.9436023147990821,0.9414767120168657,0.8616850196671988,0.38594612765855213,-0.19756376344148258,0.24037733613333026,0.9513901958385389,0.3407240367232603,0.9715527606234905,0.9706653120100824,0.9801501374176359,0.9886520300125121,0.9268513365242668,0.9492958138704685,0.9437887852423427,0.9415874794802557,0.9383890878813881,0.9390974982300478,0.9383890878813881,0.9043392904244563,0.9227123951661128,0.9235054911730356,0.9227123951661128,0.9373682621437233,0.7810025715090038,0.8844957910265899,0.8855673533917047,0.8844957910265899,0.7573996412590009,0.2120961788922055,0.7494954945551016,-0.5091520715001507,0.6596298636097353,0.4085032437070578,0.6440847073408095,0.4085032437070578,-0.058874456980617045,0.9243037029188768,0.9512859389407874,0.9379413328162822,0.9263799207621809,0.19957814709542537,0.9191995011494002,0.9197039842344277,0.9191995011494002,0.9113930636198914,0.9113930636198914,-0.10393749779635048,0.6252389790032722,0.1248681979238535,-0.7422023514066771,-0.6200846392621552,-0.6241203872181246,-0.1916238306717786,0.16007877860653022,0.1675240366928211,-0.07666558173049826,-0.6309208769171023,-0.06614704345039377,-0.8014013435540406,-0.336174133084618,0.18172010658718055,0.1839478717114022,-0.5972520766484347,-0.5597189062021622,-0.31767117959932156,-0.5432506499650195,-0.8071168925996117,-0.44100776847729767,-0.4344733445256671,-0.44100776847729767,-0.2749994233291014,-0.4024245719178999,-0.4024245719178999,-0.7939541276458573,-0.7939541276458573,0.5180831936813394,0.6295219213622772,0.8398417547366528,0.8377880304788651,0.7521451642760305,-0.37249169522523307,0.7408525120406092,0.7605413595819174,0.7607095809536522,0.7605413595819174,-0.1251097801757076],[0.9983033798722948,0.9964717659625055,0.676160984476256,0.9990194003617782,1.0,0.9983033798722948,0.9974731313162898,0.9963483399453857,0.9963483399453857,0.9976876551747891,0.9733051476010526,0.9968531876953017,0.9974897339025148,0.997508936293965,0.5333353534227793,0.4007331705416445,-0.019602269167529277,0.9978114509154614,0.9978108091534447,0.9887996029905719,0.997474879971698,-0.020419341006039614,0.7808029419540683,0.9935543657095177,0.9935543657095177,0.9935206515867774,0.9919225348415289,0.07088896393232261,-0.13640647123598335,0.9873222701353983,0.9872558279768208,-0.0719858217611148,-0.1528607420909411,0.9978459860621985,0.9977649101858473,0.8423643908954666,-0.44195405125709575,0.99788834983976,0.9981184837494014,0.49270951227984494,-0.043418553535093336,0.9978007468491921,0.9978043264866557,0.9978007468491921,0.9267667451747438,0.6265975707859023,0.9491631555400161,0.9385803707773462,0.8419803430810182,-0.03455999535142697,-0.5807961281627416,-0.11451854646405257,0.9437437852547306,0.19906643416224587,0.9705576346243486,0.9705791554181806,0.9839282097738334,0.9894768586893294,0.9268975793838632,0.9343633964325176,0.9345711659736634,0.9309618871828138,0.9330015934795652,0.9332886043861064,0.9330015934795652,0.8846138752541309,0.8881592561075858,0.8889964433574098,0.8881592561075858,0.9279587177719297,0.8594886271426354,0.9112303747943556,0.9118085928411328,0.9112303747943556,0.7259984412036917,0.6402670438676645,0.7208320893368244,-0.5037594535252901,0.7038054474680444,0.6885628568766385,0.6880189312478799,0.6885628568766385,-0.06049915179429693,0.9095705340263164,0.932161059673236,0.9197676988007942,0.9333772380201034,0.046631646487438366,0.9079781325303223,0.9087145873729987,0.9079781325303223,0.9120902711084765,0.9120902711084765,-0.1379951407898032,0.6668814249623468,-0.02004768124133219,-0.7653791810860462,-0.6598424430969412,-0.6613223598971858,-0.2177223149607234,0.1832430750708799,-0.21178253695633317,-0.31198702778297877,-0.6875808457063505,-0.40902633261256527,-0.8353618237356654,-0.5905459180568631,0.1545671303739888,0.15664399381317137,-0.6192746394470646,-0.5572361213787729,-0.5707925894568422,-0.5771241720615828,-0.7599968190183993,-0.6175523223570235,-0.6205768675664205,-0.6175523223570235,-0.30707059862961017,-0.4298898115188321,-0.4298898115188321,-0.7317974419064024,-0.7317974419064024,0.5046448381139429,0.6162618711786315,0.8060942867435991,0.8138161825922554,0.7466646359744794,-0.4883776234555786,0.6335303148979942,0.6676454668969077,0.6677422837688813,0.6676454668969077,0.1007675026504357],[1.0,0.9999912813065347,0.7266076557053671,0.9997684124968801,0.9983033798722948,1.0,0.9933871362071665,0.9905346596285304,0.9905346596285304,0.9938369923285866,0.9799543671631362,0.9886640969380778,0.993418114000893,0.9934550518935081,0.6610987799679132,0.5551785959128187,0.19944451360741944,0.9941025484028104,0.99409598514962,0.9861903268443006,0.9934063107007283,0.3459451056784659,0.7870044019156293,0.9847413529810292,0.9847413529810292,0.9847244218641372,0.9819251520646329,0.2947292679449701,-0.14746233219032706,0.9888647598810543,0.9888309658204282,0.2258630109577107,-0.24222887421631034,0.9951530689181616,0.995393819442131,0.8728170883092354,-0.33086804437006195,0.9916802838901705,0.9955213945362444,0.6351416387700018,0.1797221018669633,0.9952674718387802,0.9952633732425866,0.9952674718387802,0.9177534071794758,0.667238006348045,0.9416350028064284,0.9440970288632223,0.874070907392422,0.3900937297237634,-0.19362945369738735,0.2447005635973415,0.9558835243463247,0.35523207954267816,0.9756577177032648,0.9731742675630238,0.9821384864724086,0.9889837954634088,0.9423024217885992,0.9534703729705436,0.9527750537414005,0.9441555724940224,0.9501396129766735,0.9506848573273252,0.9501396129766735,0.9097050400211032,0.9308248484116246,0.9315595454377358,0.9308248484116246,0.939599140234021,0.8259388217865263,0.9133621475495967,0.9144015140552753,0.9133621475495967,0.762450628473064,0.4672716210741491,0.7558433331570762,-0.5043409290597028,0.6627603077568708,0.6690206298092,0.6692100298512197,0.6690206298092,-0.05372413667139624,0.9275838595097968,0.9556657702883293,0.9428368289095577,0.9435084039484667,0.21276204625851827,0.9218977550035566,0.9222968921857961,0.9218977550035566,0.9248840378432391,0.9248840378432391,-0.10002040886578312,0.609469068504537,0.1197170399560255,-0.73427356355661,-0.6143874156904177,-0.618498774628577,-0.18122038319074746,0.1637874469292903,0.1732181658342061,-0.0648594646066441,-0.6211912644452293,-0.06111505386013753,-0.7969064581922051,-0.32961759952558756,0.1901325644132425,0.1923091333807218,-0.5917842132977824,-0.5628455493172707,-0.31769162778676413,-0.5348160917850504,-0.8063437712019783,-0.44063689392811056,-0.4335665760060678,-0.44063689392811056,-0.2680497393204184,-0.3945681362222983,-0.3945681362222983,-0.7948707543250686,-0.7948707543250686,0.525878628646536,0.6392339824126329,0.8472886063896282,0.8448046624620903,0.7583199115343576,-0.36147316703093546,0.7491380391845599,0.7688736234892523,0.7690450377273043,0.7688736234892523,-0.1392643532702038],[0.9933871362071665,0.9871510401498453,0.7034514320350218,0.9943678080023214,0.9974731313162898,0.9933871362071665,1.0,0.997815619107295,0.997815619107295,0.9999733423865453,0.9688606076446742,0.9997424965060613,0.9999969475593797,0.9999941136086862,0.7717973991813948,0.7528985620564171,0.16209688368621247,0.9998800409415617,0.9998804453394248,0.9912026862238514,0.9999971407044557,0.2673934562372814,0.7831631036998702,0.9869326800966857,0.9869326800966857,0.9885336957243517,0.9925547506771963,0.22930600247835164,-0.20024283820091457,0.9914340692790766,0.9915720183928112,0.13621359816640105,-0.2816007843670744,0.9994144324768957,0.9995377817045115,0.5074125547597176,-0.28506631697755974,0.9992707717402878,0.9995222930582098,0.7439769966080997,0.140875729043442,0.9516298184133091,0.9991962637160453,0.9516298184133091,0.9336162029681645,0.6340239653906603,0.954958840714955,0.9375007683753405,0.8143738579974606,0.42775273773089134,-0.1342821780111396,-0.16406705894828563,0.9413177490727205,0.3165869256511539,0.9706004832241826,0.9685830562368895,0.9817520552339092,0.9951825665366975,0.02788101449097019,0.9025077562683458,0.8639715572547005,0.902787083153747,0.8595498748415911,0.8269027630024671,0.8595498748415911,0.85341506964419,0.8323139065793045,0.8230889242782076,0.8323139065793045,0.8993338419043749,0.47492938986207833,0.659747773470312,0.704498058132913,0.659747773470312,0.6957607185111694,-0.3147101281538658,0.6787119081750179,-0.5783386642247732,0.597354582223299,-0.042622546910525055,0.5224693605025202,-0.042622546910525055,-0.09969173186099944,0.8783778806196015,0.9019999285664233,0.88852710235587,0.8021244068798927,0.1733717828037405,0.8758920702254352,0.8766575108696242,0.8758920702254352,0.8113273210805291,0.8113273210805291,-0.17080953544044444,0.7039175083525318,0.2110659418403864,-0.7419688848992856,-0.6560980148802756,-0.6596828774514577,-0.2256289056149506,0.11333967898121033,0.29632020750556093,-0.09696650779276239,-0.635150255395719,0.005586726449067489,-0.828660662949066,-0.2301839737622765,0.12258271487832018,0.12477433199465515,-0.6359147018346581,-0.5758628308921127,-0.15071036360322337,-0.6087478647040223,-0.8251402327118625,-0.42950784319474944,-0.26985107956942156,-0.42950784319474944,-0.33359119314797697,-0.4354416240440815,-0.4354416240440815,-0.8171061226269665,-0.8171061226269665,0.5024945831863056,0.6043908906302412,0.524418036431396,0.813305826139163,0.7456093789835564,-0.4156818430070648,0.0870850177411502,0.7438352742556067,0.7615362643746033,0.7438352742556067,-0.06976890494700744],[0.9905346596285304,0.9829839806157533,0.6975887322389323,0.9919149991003178,0.9963483399453857,0.9905346596285304,0.997815619107295,1.0,1.0,0.9996400642087686,0.9635895705640417,0.9990102420078969,0.9984987175823155,0.9992772919765542,0.7680898348992083,0.7393162010818785,0.1411651730540723,0.999297145686099,0.9992991176840075,0.9889126696385512,0.9993915713187896,0.2432620557237522,0.7856569611163988,0.9933619180808066,0.9933619180808066,0.9870700168781542,0.99065530197678,0.21274451143357992,-0.21232581743022672,0.9878553244415467,0.9912778770050802,0.118560317740777,-0.2871917437904554,0.9985069829232412,0.9985422604943701,0.4930562352710327,-0.29046955618477494,0.9978556551011724,0.9985402652158231,0.7403048156969255,0.11963170894148902,0.9456216316579322,0.9983462998938466,0.9456216316579322,0.9319437311553137,0.6206093127330978,0.9555697067769833,0.9367182947804493,0.7995722855249386,0.4159865928644971,-0.14784524916189684,-0.17487028686727285,0.9345112132748368,0.29751556149047403,0.9664380006145088,0.9642673925190323,0.97744014212718,0.9940958873873577,0.0200313773690562,0.8956407150711263,0.853020406887015,0.8974560410092582,0.849583752777645,0.8174603734540903,0.849583752777645,0.8453095636120144,0.8195131923205395,0.8129733901285041,0.8195131923205395,0.8940860238012135,0.46002339864755154,0.6444803384364841,0.6915928220758104,0.6444803384364841,0.6882266622598838,-0.3270205805991711,0.6696374952640181,-0.5834234418793793,0.5928320099836176,-0.061361694330188676,0.5101933086894099,-0.061361694330188676,-0.10464024461204885,0.8724159501028615,0.8940199321706821,0.8810445873125372,0.7903373756619456,0.15625416040694926,0.8705411325544917,0.8714539588406561,0.8705411325544917,0.799400741522699,0.799400741522699,-0.18324067241582948,0.7220861668813312,0.21667636206230018,-0.7502719914921361,-0.6667042973921603,-0.6701307007849121,-0.23876496843199324,0.10731180982031861,0.289261521814784,-0.11493396763712649,-0.6462026086377144,-0.003469113487806283,-0.8329080034267475,-0.23650827265153995,0.10953726401910803,0.11175743590922003,-0.6455274535317038,-0.57630897452022,-0.15733448495925023,-0.622275258304661,-0.823654162516933,-0.4397376376519709,-0.2757967757966362,-0.4397376376519709,-0.3483478639804784,-0.4470910973187674,-0.4470910973187674,-0.8141835930281718,-0.8141835930281718,0.4890099088295357,0.589849665739995,0.507664172177,0.7974023174807136,0.7346327265211291,-0.4344197995510291,0.07470204266939244,0.7261827363620444,0.7467661280973735,0.7261827363620444,-0.05345319792324444],[0.9905346596285304,0.9829839806157533,0.6975887322389323,0.9919149991003178,0.9963483399453857,0.9905346596285304,0.997815619107295,1.0,1.0,0.9996400642087686,0.9635895705640417,0.9990102420078969,0.9984987175823155,0.9992772919765542,0.7680898348992083,0.7393162010818785,0.1411651730540723,0.999297145686099,0.9992991176840075,0.9889126696385512,0.9993915713187896,0.2432620557237522,0.7856569611163988,0.9933619180808066,0.9933619180808066,0.9870700168781542,0.99065530197678,0.21274451143357992,-0.21232581743022672,0.9878553244415467,0.9912778770050802,0.118560317740777,-0.2871917437904554,0.9985069829232412,0.9985422604943701,0.4930562352710327,-0.29046955618477494,0.9978556551011724,0.9985402652158231,0.7403048156969255,0.11963170894148902,0.9456216316579322,0.9983462998938466,0.9456216316579322,0.9319437311553137,0.6206093127330978,0.9555697067769833,0.9367182947804493,0.7995722855249386,0.4159865928644971,-0.14784524916189684,-0.17487028686727285,0.9345112132748368,0.29751556149047403,0.9664380006145088,0.9642673925190323,0.97744014212718,0.9940958873873577,0.0200313773690562,0.8956407150711263,0.853020406887015,0.8974560410092582,0.849583752777645,0.8174603734540903,0.849583752777645,0.8453095636120144,0.8195131923205395,0.8129733901285041,0.8195131923205395,0.8940860238012135,0.46002339864755154,0.6444803384364841,0.6915928220758104,0.6444803384364841,0.6882266622598838,-0.3270205805991711,0.6696374952640181,-0.5834234418793793,0.5928320099836176,-0.061361694330188676,0.5101933086894099,-0.061361694330188676,-0.10464024461204885,0.8724159501028615,0.8940199321706821,0.8810445873125372,0.7903373756619456,0.15625416040694926,0.8705411325544917,0.8714539588406561,0.8705411325544917,0.799400741522699,0.799400741522699,-0.18324067241582948,0.7220861668813312,0.21667636206230018,-0.7502719914921361,-0.6667042973921603,-0.6701307007849121,-0.23876496843199324,0.10731180982031861,0.289261521814784,-0.11493396763712649,-0.6462026086377144,-0.003469113487806283,-0.8329080034267475,-0.23650827265153995,0.10953726401910803,0.11175743590922003,-0.6455274535317038,-0.57630897452022,-0.15733448495925023,-0.622275258304661,-0.823654162516933,-0.4397376376519709,-0.2757967757966362,-0.4397376376519709,-0.3483478639804784,-0.4470910973187674,-0.4470910973187674,-0.8141835930281718,-0.8141835930281718,0.4890099088295357,0.589849665739995,0.507664172177,0.7974023174807136,0.7346327265211291,-0.4344197995510291,0.07470204266939244,0.7261827363620444,0.7467661280973735,0.7261827363620444,-0.05345319792324444],[0.9938369923285866,0.9871032886683576,0.6663477094323467,0.9950084158541231,0.9976876551747891,0.9938369923285866,0.9999733423865453,0.9996400642087686,0.9996400642087686,1.0,0.9680443286256958,0.9997111224843175,0.999974157510967,0.9999765383285598,0.588453855203214,0.45952543332530443,0.04037304726901501,0.9998409121903095,0.9998419559221638,0.9911446877571444,0.9999718122701795,0.0376866802995089,0.7685479926093582,0.9957138666716924,0.9957138666716924,0.9956796790215188,0.9925045031225046,0.059594222660355585,-0.14465342232215672,0.991056368345971,0.991017563770339,-0.04937328743875443,-0.24528268881127324,0.9994778174626339,0.9994372628323429,0.8438950707225342,-0.44485022479139336,0.9992233041777704,0.9994965759406672,0.5499330647322872,0.016609040716753388,0.9993653332309389,0.9993704247597468,0.9993653332309389,0.9333467736867932,0.6343713326233427,0.9548055022655249,0.937215653765479,0.8141111371181765,0.056135487627561965,-0.5392034443292729,-0.07776451004545082,0.938384235981457,0.2619482034867332,0.96879210531854,0.9685509019008356,0.9841619864900459,0.9944767998400519,0.9044607288257215,0.9032990182467886,0.9132134879371241,0.903867436449977,0.911574057350012,0.9120722447767244,0.911574057350012,0.8534481904293721,0.8707611140951956,0.8718533992320725,0.8707611140951956,0.9006759776356595,0.8273401386119498,0.8864128872386258,0.8873179227454149,0.8864128872386258,0.6962447526754743,0.5785936019423633,0.6787891337619544,-0.5656633182037571,0.6451547738888358,0.6195967826581944,0.6196010320164266,0.6195967826581944,-0.04778638052917055,0.8793775637447068,0.902203126155641,0.8892265344362411,0.9116288956624587,0.08682356663376326,0.8807508877192041,0.8821923792973989,0.8807508877192041,0.8850303573230515,0.8850303573230515,-0.17220964880873646,0.704738218524337,0.008783469365730745,-0.7528414457740173,-0.6861517270739758,-0.6877369353046766,-0.22897657067689395,0.11756742455822364,-0.21504938590408582,-0.2770067692756146,-0.6696626489908506,-0.4339823593341457,-0.8570230626054824,-0.6222913686744131,0.12219973551095736,0.12443444464217139,-0.6371767419879953,-0.5720162751787484,-0.580844553464627,-0.6100144383771416,-0.7879588591693908,-0.640018313531471,-0.6425511329899993,-0.640018313531471,-0.33513890583547246,-0.43835656191568595,-0.43835656191568595,-0.769514259046092,-0.769514259046092,0.5013772683883355,0.6024999249762983,0.8165455095210924,0.8220010376519608,0.7435905625492709,-0.44127086654114783,0.6597361667849593,0.6917771407720439,0.6919681968325164,0.6917771407720439,0.16601737047114765],[0.9799543671631362,0.9782294565114581,0.6433189307162069,0.9784872248694108,0.9733051476010526,0.9799543671631362,0.9688606076446742,0.9635895705640417,0.9635895705640417,0.9680443286256958,1.0,0.9585145920859659,0.9688786792454491,0.9686575637104602,0.3236618722482988,0.19686009612698047,-0.1965303178494838,0.9723416402476377,0.9723253563169281,0.968965961555626,0.9689595747926021,-0.06110158380635561,0.805849227110411,0.9699828407202842,0.9699828407202842,0.9701229101859705,0.9287991722419822,0.1468633182969824,-0.13228392067518832,0.9737112762902781,0.9737988830451025,0.08752509531346114,-0.03615281214769853,0.9751790575141303,0.9753721640591554,0.907930646837881,-0.3080231837539104,0.9648774039017429,0.9745577081994089,0.2786846493465961,-0.2155343147457365,0.9760576703024937,0.9760320550729029,0.9760576703024937,0.8623818727981505,0.4539326148310983,0.887301687621325,0.9311118851190887,0.8956145969788678,-0.42958001820743497,-0.6574684253802657,-0.13670874381702358,0.9123805033140729,-0.04970649545495307,0.9349438535895465,0.9349971285697356,0.9496260085896663,0.9717293372426592,0.9074787570103833,0.9113789461741592,0.9160467966045444,0.9100821954258735,0.9102189723144745,0.910654245080775,0.9102189723144745,0.8750093572616359,0.8473553523711829,0.8484043481339103,0.8473553523711829,0.9068207310500981,0.9181027614498144,0.9051619941201912,0.9055533059098718,0.9051619941201912,0.7658874832299506,0.7156204313300955,0.7668691168330791,-0.20080030812224833,0.7756535483681919,0.7886749975576842,0.7905514527098564,0.7886749975576842,-0.1883376924953974,0.904977593494313,0.94868139097254,0.9166726296396445,0.9175862378280366,-0.0759797641475877,0.8999190105049845,0.9005743597976865,0.8999190105049845,0.9055840713004419,0.9055840713004419,0.021446826240270438,0.46200483676142573,-0.16381909095843852,-0.7032938050505309,-0.4685078430803797,-0.4713297615877274,-0.1140760431662162,0.43969397512621206,-0.02086671744039007,-0.2532410461313271,-0.6057358765966153,-0.15059656813633798,-0.7804315548499072,-0.3147169538385045,0.31083460249068434,0.31131523324536264,-0.43674168416733,-0.42885405873752425,-0.40755962841547744,-0.420199544643835,-0.645599315719495,-0.42590450567351035,-0.42853588228642553,-0.42590450567351035,-0.17524805520546496,-0.481433217383841,-0.481433217383841,-0.5424757409821914,-0.5424757409821914,0.6179525839173619,0.6563400865882022,0.7622992155416837,0.7341124472667208,0.8124604131026654,-0.52294921797957,0.45888456784998,0.5455031669675331,0.5458572637741864,0.5455031669675331,-0.08163474848508182],[0.9886640969380778,0.9877700638601107,0.9947039932943332,0.9911743334195855,0.9968531876953017,0.9886640969380778,0.9997424965060613,0.9990102420078969,0.9990102420078969,0.9997111224843175,0.9585145920859659,1.0,0.999741051499452,0.9997169161999296,0.04311936704083488,-0.06233369092270344,-0.5589542759525591,0.9998407522143025,0.9998423231724944,0.9997447056865452,0.99974401498904,-0.30263590372886456,0.9751451248101023,0.995093380623081,0.995093380623081,0.9950775277002115,0.9937390015222193,0.06443138371740337,0.05666147065900019,0.9932023970659405,0.9932519398978188,0.7193535821341,-0.0703885319130844,0.9992506493190754,0.9992190183412213,0.9991098701602341,0.9995164593683559,0.9995412118280095,0.9992727794171583,-0.013465922405080495,-0.5658387537941195,0.9990746603661242,0.9990797257168831,0.9990746603661242,0.9289362831371534,0.4902710211555198,0.9511193829842609,0.9336930779550462,0.8138134954199807,-0.2923203081392699,-0.5623912829351321,0.8531645829374911,0.8803387198963089,-0.3380135708894363,0.945865109001703,0.9460373769065793,0.9754827406671922,0.994215041021397,0.920404192632162,0.9248080319406821,0.9046416644604635,0.9100948583217567,0.9081888030266615,0.9085875245465279,0.9081888030266615,0.8263240275164817,0.7959206541289309,0.7971765084755597,0.7959206541289309,0.926172858349068,0.9307282279757608,0.9252435761964968,0.9259884799518846,0.9252435761964968,0.6428287202366673,0.5987393573386964,0.6694526845371612,0.7296961320921336,0.6484748372294192,0.6719943281954315,0.6739839167662454,0.6719943281954315,-0.19290434213784827,0.8798952588913791,0.9033573510803029,0.8950610401211891,0.9258857747826198,-0.3614046168176757,0.8763429434202058,0.8765096995039093,0.8763429434202058,0.8828294359253286,0.8828294359253286,-0.22203207639463482,0.699472668190667,-0.4026698398450957,-0.8298122711081042,-0.5471849316350803,-0.5505002465937989,-0.45000509208657324,0.25281310108108823,-0.31780832734445225,-0.5641095820113419,-0.7919941436398709,-0.4231391010359367,-0.5800028474731002,-0.4994742695408963,0.11485572576372169,0.11332482886294443,-0.5615586352418508,-0.5373351304672481,-0.5589324982309861,-0.5951377204729607,-0.5878185199423839,-0.5621856356232282,-0.5655067710492858,-0.5621856356232282,-0.45747243300575097,-0.6461556180665133,-0.6461556180665133,-0.6341670021455837,-0.6341670021455837,0.4970817892934033,0.3662769922125426,0.5081961524120213,0.6339105663391477,0.5480968435341109,-0.5701801671507576,0.3798537298343396,0.3107022123556761,0.3109733958881971,0.3107022123556761,0.29608388824991],[0.993418114000893,0.9871843970385726,0.7034764968811902,0.9943901798961567,0.9974897339025148,0.993418114000893,0.9999969475593797,0.9984987175823155,0.9984987175823155,0.999974157510967,0.9688786792454491,0.999741051499452,1.0,0.9999956915922864,0.7717757245323013,0.7366738084188112,0.1621306439021359,0.9998812139045887,0.9998815041672008,0.9912294934270853,0.9999976339829517,0.26766836876054767,0.7832247223640743,0.9916878194180258,0.9916878194180258,0.9885285384786409,0.9925557820928371,0.22953921059564958,-0.20018828096029337,0.991494601198396,0.9915772595871836,0.136416137152716,-0.2815728428952257,0.999415294387401,0.9995395068575227,0.5073951352087125,-0.2848729755758041,0.9992702072382986,0.9995275489126091,0.743940494566957,0.1409150994298046,0.9516187299874975,0.999197536048207,0.9516187299874975,0.9336041315337161,0.6341328091254649,0.9550041475401486,0.9375401286292403,0.8144328549022151,0.4280875484251655,-0.1338924796628038,-0.1637406397268098,0.9413675306492892,0.3166328326707922,0.9706694912764409,0.9686193009175998,0.981820046521754,0.9951920358091333,0.02805225465812644,0.9026181779341952,0.8640472938333869,0.9028869113093966,0.8596235586364185,0.8268607886050573,0.8596235586364185,0.853505401302525,0.8323587273985948,0.8230455688132655,0.8323587273985948,0.8994556225476116,0.47483315566665557,0.6597528303503297,0.7044301771142577,0.6597528303503297,0.6957644784698275,-0.31472352676386406,0.6787357248418558,-0.5782399878711366,0.5972965651954674,-0.0427336143853764,0.5225026046531557,-0.0427336143853764,-0.09981219408963579,0.8784566466760599,0.9021002053785232,0.8886109932549999,0.8021191587035883,0.17341239186960766,0.8759690973915675,0.8767315536622873,0.8759690973915675,0.8113826429330909,0.8113826429330909,-0.17075196556056177,0.7038961987087095,0.21116140901981031,-0.7420074294418256,-0.6560215975618061,-0.6596111285308175,-0.22570604216144544,0.11324635025741558,0.29646809842468963,-0.09696494278504311,-0.6352083002488894,0.005813727121155637,-0.8284344566048342,-0.2299318410463013,0.12266107115429215,0.12486570597814323,-0.6358940018434869,-0.5756664571460343,-0.15049941306508485,-0.6087045702813616,-0.8250433697242503,-0.429317586205296,-0.2696776400993723,-0.429317586205296,-0.33345014484460966,-0.43541800115930784,-0.43541800115930784,-0.8170542752443429,-0.8170542752443429,0.5028469726493406,0.6044875570912583,0.5246297471795761,0.8135165131651854,0.7456467151766196,-0.4155032403701495,0.08733479206011933,0.7440503588822999,0.7616309763242117,0.7440503588822999,-0.06979894482025804],[0.9934550518935081,0.9870501387105916,0.7035504044750546,0.9944066545135182,0.997508936293965,0.9934550518935081,0.9999941136086862,0.9992772919765542,0.9992772919765542,0.9999765383285598,0.9686575637104602,0.9997169161999296,0.9999956915922864,1.0,0.7584487325936745,0.6699192912826097,0.16229883742803114,0.9998841699079156,0.9998843362984935,0.9913454243902022,0.9999954910948212,0.26832917515347066,0.7830547770797495,0.9946029304677036,0.9946029304677036,0.9945249975838321,0.9924711821748293,0.22982038035123453,-0.20021092551087646,0.9924482786528027,0.9924893115038875,0.13712854145656267,-0.28141225509670115,0.999457274682436,0.9995393936326366,0.5065105891136266,-0.2842224219279132,0.9992364163275868,0.9995294293191105,0.7403903094449759,0.1411023653817021,0.9512319137505745,0.9992440728772849,0.9512319137505745,0.9337860252238754,0.6347208436879292,0.9550466038489205,0.9375443574171936,0.8141798966241977,0.42931243656681073,-0.1325161749632089,-0.16398308719349833,0.9416451668729018,0.316897200475387,0.9710172561763718,0.9688736613845119,0.9820455050004536,0.9952380114063241,0.02709903970077157,0.902814587546991,0.8639374313002447,0.903051114772747,0.8595392263871463,0.8264463220847099,0.8595392263871463,0.853654691118532,0.832246871603784,0.8232979297794442,0.832246871603784,0.8996896870949269,0.4742069386857004,0.6593035870031482,0.7044005117007763,0.6593035870031482,0.6956276502346859,-0.3158039891462376,0.6786836146934572,-0.5784679590257261,0.5969785682541086,-0.04364962242476361,0.5221727104651438,-0.04364962242476361,-0.09980202135460418,0.8785435975760673,0.9018970846316272,0.8887130693641448,0.7960251017613053,0.17379003989665862,0.8760097728350406,0.8767640019558596,0.8760097728350406,0.8111868461446531,0.8111868461446531,-0.17193378393231276,0.7046123529050972,0.21163141020052526,-0.7419565332953771,-0.6563387981093866,-0.6599317490934784,-0.22664540608649555,0.1122065123225737,0.2968069443164662,-0.09727655776579364,-0.6353322177490163,0.005935333064978535,-0.8277790172047699,-0.22975169927924277,0.12182593241373306,0.12402957635191043,-0.6364107078692205,-0.5758496959906113,-0.14995599471303298,-0.609666988243495,-0.8251000490182747,-0.42925191773670623,-0.26916063569424614,-0.42925191773670623,-0.334218067867498,-0.43579327257826045,-0.43579327257826045,-0.8174030268624088,-0.8174030268624088,0.5029081311183388,0.6041957581301567,0.5242087126277734,0.8139160004238069,0.7451753367607109,-0.41511754284723984,0.08674082597101825,0.7444631719780567,0.7622350289502395,0.7444631719780567,-0.06957906038076067],[0.6610987799679132,-0.07676770597495117,0.340868707236643,0.6601487303631309,0.5333353534227793,0.6610987799679132,0.7717973991813948,0.7680898348992083,0.7680898348992083,0.588453855203214,0.3236618722482988,0.04311936704083488,0.7717757245323013,0.7584487325936745,1.0,0.9906722218080399,0.43335984132177335,0.7311512870529028,0.7311039915851126,0.6370320355317415,0.7567554075241177,0.3374324621975204,0.29737375299092333,0.7457870507951312,0.7457870507951312,0.7293256586241305,-0.3562618047064958,0.1934600189872632,-0.15428524917255435,0.8064418102215467,0.8025689965805564,0.1631372959888856,-0.20276871996655368,0.7656772791582324,0.6199996651701277,0.22942091896802932,-0.31691121766048447,0.0568327766887017,0.5783242675061935,0.9982738818613142,0.41679400987701176,0.6898259152170733,0.7651217610414367,0.6898259152170733,-0.006395699775176469,0.4864513532825979,-0.41422345249262726,-0.43631481930464944,-0.1236950088858649,0.3852170731540285,-0.05191408004480266,-0.21246241427601406,0.6054902260811149,0.3939448505535951,0.7692461570421165,0.6085273286381127,0.7204829086795834,0.7460112598593494,-0.11149376835934521,-0.02494348006920157,0.485216105396162,0.31517652877043134,0.4739654868249582,0.576943990066408,0.4739654868249582,0.1891411262495922,0.4762173102276353,0.5665136768321094,0.4762173102276353,0.22868618700307397,0.19783674358524353,0.33911795552154644,0.4611070758251101,0.33911795552154644,0.15463082788442573,-0.35593531332664663,0.09012086519443331,-0.6326721625679774,0.15674309399728356,-0.15012644312747367,0.2287671643854957,-0.15012644312747367,-0.15909075162122194,0.2631591603959846,-0.17394273680989822,0.03711223843338052,0.5801358481083536,0.42730579134955476,0.3483170862403816,0.35538052756944993,0.3483170862403816,0.4279682931946173,0.4279682931946173,-0.20796559478760873,0.0012688827379731154,0.24473991610158993,-0.20098140901116232,-0.47657145365070847,-0.47799318368725585,-0.00854230463887663,-0.06684491716398364,0.35325571466063743,0.156000135631965,-0.1105608216655964,0.1277793358669627,-0.6924026291636636,-0.06758917995793666,-0.02707982720235915,-0.02720645253116225,-0.44203236274999985,-0.45381304730941147,-0.014794731607556887,-0.2668274278532989,-0.7330898082736838,-0.2643972061572358,-0.12792976170471462,-0.2643972061572358,-0.12642963038968663,-0.142307226436904,-0.142307226436904,-0.7287075277757161,-0.7287075277757161,-0.17174827384941993,0.395872271935308,0.44823848276600414,0.6781181295082729,0.4727273974154102,-0.2000251536129844,0.04636496988861812,0.6926786311985096,0.7225156210942644,0.6926786311985096,-0.15879383635789096],[0.5551785959128187,-0.1701505036675571,0.280685515345899,0.5537184705870949,0.4007331705416445,0.5551785959128187,0.7528985620564171,0.7393162010818785,0.7393162010818785,0.45952543332530443,0.19686009612698047,-0.06233369092270344,0.7366738084188112,0.6699192912826097,0.9906722218080399,1.0,0.44427009709196835,0.6318398069016604,0.6317827901037643,0.5132666876914309,0.667953402580956,0.34380812690535334,0.2011002222216058,0.7049881814521561,0.7049881814521561,0.6382396385689402,-0.4201522845247655,0.1967905016522325,-0.11157049499785977,0.7882873443737954,0.7234109480571873,0.18999248053547266,-0.14803787269544674,0.6787177136822782,0.49488706456395953,0.18694854947945355,-0.27806045195035534,-0.051241579696644605,0.4487776529493325,0.9925543469813686,0.43025862693434513,0.6048191600103942,0.6782291671030227,0.6048191600103942,-0.09371609900970145,0.42253017162728207,-0.4619984531943404,-0.47545637044255296,-0.18724057888182583,0.3513066841187543,-0.029245479094500225,-0.21525487769347887,0.4908453829129316,0.3664148975716416,0.6817077710005268,0.4876240262389501,0.6177222121434847,0.6428214296849458,-0.1403663824756877,-0.13321134688923117,0.39823714822098033,0.19175766250051982,0.3858493121578318,0.5252153716774244,0.3858493121578318,0.07061797900130432,0.39243691161963273,0.5103333149981572,0.39243691161963273,0.10716506371538498,0.1729255391907347,0.28506610348301425,0.4244145790959748,0.28506610348301425,0.05517620771013107,-0.3325687387292049,-0.006681147814280778,-0.564433598