var config = { responsive: true }

var correlationClose = {"data": [{"type": "heatmap", "z": [[1.0, 0.9999839735516383, 0.9768625086978303, 0.9996924602461885, 0.9972162257757745, 1.0, 0.9899345902657597, 0.9850868707652776, 0.9905087382020282, 0.9729140479062951, 0.9787103729464307, 0.9899833717557324, 0.990146829836532, 0.9900547981499809, 0.9901124985659424, 0.9930667776944457, 0.9932601260746273, 0.9911690419140351, 0.9911575017810064, 0.9911089617271469, 0.9899744226959637, 0.976771698517403, 0.9632978136552914, 0.9757659110381408, 0.975738315649821, 0.9482907435976615, 0.9516196370483693, 0.9422249249807605, 0.9898594173897074, 0.9898137144045859, 0.9856359841038979, 0.9742127927223004, 0.9931604295476553, 0.9941079938732713, 0.9931794719047101, 0.9913713266950288, 0.9854147351136037, 0.9937729260801554, 0.9937356512066597, 0.9946820705837873, 0.9933734812945291, 0.9933615551011473, 0.9933734812945291, 0.8988322534832094, 0.6987928947546356, 0.863678602499555, 0.901746046991718, 0.8178967671817249, 0.9654511672559479, 0.9294968567040612, 0.9560690205320396, 0.9509225697213123, 0.9544570753767837, 0.9783500752080833, 0.972230248866835, 0.906087646827482, 0.8939555603798, 0.9263627808725154, 0.896186925246902, 0.9227212260984402, 0.9236376673391902, 0.9227212260984402, 0.8271485360429323, 0.9019242809736661, 0.9031824554178903, 0.9019242809736661, 0.8802288499722846, 0.7036819029721226, 0.8570149549753725, 0.8589049430550836, 0.8570149549753725, 0.5974331365169057, 0.48499638539028167, 0.571687216816368, 0.7250817130911592, 0.4579903695155506, 0.5245855206283485, 0.5266830566450857, 0.5245855206283485, -0.5965556042244738, 0.8674241982961259, 0.8978759808703943, 0.8795808746497491, 0.9076991750595447, 0.932969957291044, 0.8659024857814485, 0.8674265923764678, 0.8659024857814485, 0.8791786706288486, 0.8791786706288486, -0.17410944414852295, 0.49674535085291827, 0.21559222066270636, -0.5088434403561748, -0.5389858616494332, -0.5427914963217897, 0.013681956797428625, 0.028431923960936367, 0.2933963601869657, 0.20716850713942683, 0.12349006472230939, 0.09834519202384044, 0.12563327446824232, -0.16753690962227746, 0.0986963249663092, 0.0988410702769591, -0.5100512894392584, -0.40430348481305095, -0.16595004441428277, -0.45004915087674713, -0.3326271878747145, -0.307990602221057, -0.2983946553638242, -0.307990602221057, -0.1603311411848961, -0.21233872794207298, -0.21233872794207298, -0.5186075788349535, -0.5186075788349535, 0.3988506880913306, 0.671872937025958, 0.8796753821063781, 0.85712652829406, 0.7970896081345269, 0.6782963487491347, 0.7782182649808607, 0.8195351325006354, 0.8197050889299933, 0.8195351325006354], [0.9999839735516383, 1.0, 0.9630599570367391, 0.9991086402839134, 0.9925318273751594, 0.9999839735516382, 0.9737653573586866, 0.9628928284842734, 0.9734851279616972, 0.9547700317525919, 0.9760172031408403, 0.9738180300660355, 0.9737685782504807, 0.9735531928520478, 0.9726460012404936, 0.9827332477332522, 0.9811740465970984, 0.9802044937960153, 0.9801691086553214, 0.9739005291058649, 0.9738888454811341, 0.9791995593945216, 0.963537638440631, 0.96549095066561, 0.9655794174195844, 0.9487156983457624, 0.9709563077198832, 0.9243676719541689, 0.9731974569218824, 0.9732517875755331, 0.9702888196502426, 0.9168456749282469, 0.9853210236227082, 0.9854375932395046, 0.9863402565777035, 0.9766159835329313, 0.9833594466431336, 0.9853130363409776, 0.9860811212500358, 0.9858408477985522, 0.9864845674583022, 0.9864585569488387, 0.9864845674583022, 0.8989655680258, 0.6207427955992867, 0.8645834535288185, 0.902578981071364, 0.8171095818420219, 0.8698624917593084, 0.8838836072019249, 0.8605351136645594, 0.8762244634618481, 0.8663886172889949, 0.9384808012117462, 0.9385334484752824, 0.907819615943752, 0.9197399940220132, 0.893168315303658, 0.8927132683474552, 0.901045886192332, 0.901907603796486, 0.901045886192332, 0.7433907500117078, 0.7072599155937093, 0.7094402763735672, 0.7072599155937093, 0.9130214273196803, 0.9191678958709976, 0.9126473766825995, 0.9141307735094658, 0.9126473766825995, 0.40676808490124494, 0.3514509142035946, 0.4740769351302066, 0.5707173587014027, 0.44734924621533245, 0.4948631224775381, 0.49603550806732927, 0.4948631224775381, -0.18710814459044942, 0.8431254523548247, 0.8845291992299776, 0.8689639790983584, 0.9161014155521965, 0.9177805184464565, 0.8361472652763488, 0.8366008013434495, 0.8361472652763488, 0.8487121386280034, 0.8487121386280034, -0.28279252048711107, 0.4973852536309696, -0.37494538908677133, -0.45124620357729045, -0.452660059170121, -0.456120540483502, -0.2539368631910563, 0.20166226160137665, -0.17302035496944715, -0.3273254996367827, -0.1839107572240373, -0.23782297354685167, -0.26252072284543004, -0.29052964475818766, 0.07284758506390095, 0.0673144617367431, -0.463171726681527, -0.41388409514060376, -0.4416960720055619, -0.47172689116250266, -0.4641638885274599, -0.44504676939568694, -0.44817931499746966, -0.44504676939568694, -0.347314547524685, -0.47240052470814226, -0.47240052470814226, -0.4526176231536026, -0.4526176231536026, 0.3983242431219852, 0.4440540625444818, 0.532402206596173, 0.613579957570523, 0.5919968374644342, 0.2693347862761113, 0.41076032868152856, 0.4095595544899641, 0.4096641842286519, 0.4095595544899641], [0.9768625086978303, 0.9630599570367391, 1.0, 0.9809247838931489, 0.9907041628389526, 0.9768625086978304, 0.9851467627660374, 0.9831478554670298, 0.9921676450565862, 0.9338213263028571, 0.9962287234294293, 0.985094800463784, 0.9825486517485384, 0.984856471144538, 0.9847464877671616, 0.9879247097571127, 0.9890127935981717, 0.9825383544086289, 0.9825198748625342, 0.9906809459852126, 0.9850013950588375, 0.9903537132663742, 0.9786046168903966, 0.9824137500176896, 0.982431023589474, 0.9788176623946137, 0.9767175102857146, 0.9453572866982908, 0.9670158538100083, 0.9670839762760916, 0.9720089689481312, 0.9476844069030571, 0.9810587794450957, 0.9876310289399853, 0.9793603631306447, 0.982449265321843, 0.9932754875152948, 0.9895882884134813, 0.9791502810162571, 0.9866671016242466, 0.9807530365136541, 0.9800266022223135, 0.9807530365136541, 0.9080775946189025, 0.6147403863532921, 0.9097343850416062, 0.8810991184250482, 0.661428266940787, 0.9085541045470338, 0.8573430626701997, 0.8961989443617651, 0.8930122858808559, 0.9008453871660043, 0.9293255973815524, 0.9387979556498652, 0.7368772943846887, 0.7947385546213547, 0.8127212988851065, 0.8325137167128059, 0.8049207936270091, 0.7745967891467048, 0.8049207936270091, 0.7169681834067936, 0.7619530552367532, 0.7626769249036913, 0.7619530552367532, 0.8242179297733725, 0.38829123935451226, 0.5807203133140261, 0.6528799606340021, 0.5807203133140261, 0.4900208474191323, 0.46199407158276357, 0.45373092600834436, 0.6143554505856827, 0.3904281125078803, 0.4234426645107256, 0.38953463153485285, 0.4234426645107256, -0.5881085176507979, 0.7907716656361256, 0.768503764663651, 0.7713612707231146, 0.7517508827137236, 0.8794815324799209, 0.7972263882806351, 0.7998894507444683, 0.7972263882806351, 0.7418095711766327, 0.7418095711766327, -0.28434123793376187, 0.6972487622314338, 0.16537837291118074, -0.6057310667318552, -0.6318366827153834, -0.6346979753671775, -0.09953212097995608, -0.013063939286823246, 0.28852437474520026, 0.07264493521968618, 0.016256758598718207, 0.04847785413595467, 0.015050940340479577, -0.16480731335455476, 0.0005250262109696874, 0.0003804744869397425, -0.6014871953821096, -0.5199452396193565, -0.12307585704539241, -0.5760719832013121, -0.4308331400828059, -0.39491789953126527, -0.22545142983339453, -0.39491789953126527, -0.2870148853013631, -0.3502381904961991, -0.3502381904961991, -0.6224823555636978, -0.6224823555636978, 0.3109967972770999, 0.5758020778826318, 0.7854989083637417, 0.7637236943806321, 0.7328746434655524, 0.5705173805818149, 0.7116199801991194, 0.7192027485957243, 0.7511425157916911, 0.7192027485957243], [0.9996924602461885, 0.9991086402839134, 0.9809247838931489, 1.0, 0.9984708632976786, 0.9996924602461883, 0.9916681972792223, 0.9872961235542934, 0.9926854357030949, 0.9708260170198413, 0.9847166810517516, 0.9917033389583951, 0.9917936255343618, 0.991744687472243, 0.9917883600967016, 0.9947081930345845, 0.9948680216608802, 0.9926545515668208, 0.9926447352130394, 0.9930485448568787, 0.9916855465065371, 0.9801835563785442, 0.9664643540354831, 0.9788735408020999, 0.9788470850300409, 0.9619557128852951, 0.9562173554520008, 0.9435976436421509, 0.9898439582030596, 0.9898091301125915, 0.9866559712583204, 0.9737465817101413, 0.994071582742846, 0.9953827044057242, 0.9940443136567579, 0.9926550081545151, 0.989907413466018, 0.995302480986922, 0.9944499040145693, 0.9958747489809315, 0.9941806266523686, 0.994172273192862, 0.9941806266523686, 0.8987153259707883, 0.6864092773921846, 0.8743746171782337, 0.8969474677339146, 0.7947291536226301, 0.9597479613091177, 0.9216167060807385, 0.9493764584984619, 0.9453712197957089, 0.9496597206798316, 0.9741913565763164, 0.9695800143447221, 0.8791627913992853, 0.8826628047499643, 0.9097524890767439, 0.8899562456797482, 0.9009755358112972, 0.9022422056561944, 0.9009755358112972, 0.8159657941794383, 0.88758823666129, 0.8889785219823789, 0.88758823666129, 0.8744167031240162, 0.6294398224867542, 0.8077797804749877, 0.8097372217206459, 0.8077797804749877, 0.5865143417007929, 0.45660921420124484, 0.5585269525081377, 0.7057929600091528, 0.4504821867830895, 0.49083828401420476, 0.49367052318023497, 0.49083828401420476, -0.598448874700961, 0.8594047751333348, 0.8844891149915229, 0.86752119158575, 0.8780899227396061, 0.9285493520557866, 0.8591019358154607, 0.8608238680150164, 0.8591019358154607, 0.8547244049846613, 0.8547244049846613, -0.18140494957800535, 0.529054348548755, 0.22045205060927514, -0.517616679860815, -0.5473679027995831, -0.5510829372890843, 0.0008645839991886353, 0.022021502752493444, 0.28614262072637403, 0.19474271604179066, 0.11273600796301683, 0.09157681607793654, 0.11938765661249956, -0.17569383420354326, 0.08639220421672693, 0.08658189302673867, -0.5180305594142385, -0.4160175463661177, -0.16790217273934863, -0.4637509614201291, -0.3351890878759949, -0.30993637329551976, -0.3008974400863781, -0.30993637329551976, -0.1704904727697001, -0.22308737433650142, -0.22308737433650142, -0.5302510538850491, -0.5302510538850491, 0.3821827327992499, 0.659752182314344, 0.872405812437767, 0.8498547792129825, 0.7899577572290637, 0.6696725400850645, 0.7696196915848358, 0.8112939288353239, 0.8114774860470996, 0.8112939288353239], [0.9972162257757745, 0.9925318273751594, 0.9907041628389526, 0.9984708632976786, 1.0, 0.9972162257757745, 0.9964689463717998, 0.9941784626743949, 0.9966509875984907, 0.9593497190855055, 0.9945597899454127, 0.9964872940843811, 0.9965906112917928, 0.996521437062467, 0.9965189976839179, 0.9976046701157356, 0.9972328180163516, 0.9971281711112832, 0.9971252160601369, 0.9964832040623173, 0.9964799392910701, 0.9928652312003539, 0.979360225732296, 0.9893702751153454, 0.9893214920822391, 0.9800522234293507, 0.9782049574664718, 0.9476195955907112, 0.9884965984282446, 0.9884315810980111, 0.9879332641519173, 0.964594540063409, 0.9976698076037637, 0.9976180244283928, 0.9975245493867837, 0.9970263180101862, 0.9969239099658184, 0.9978299928240623, 0.9979450096373813, 0.9976870641336992, 0.9976555154699037, 0.997658932650029, 0.9976555154699037, 0.9159264993123107, 0.6489166921406135, 0.9008671076171756, 0.8989108877250052, 0.7568812572004397, 0.9395770974609288, 0.8939791345428622, 0.9283462680836905, 0.9307476964641085, 0.9385863681733795, 0.9675520575930714, 0.9676373161209983, 0.8685869412236382, 0.8555056562911557, 0.8902543072710083, 0.8721874347139933, 0.8880650920995673, 0.8886435412810071, 0.8880650920995673, 0.7817423018355814, 0.8226266415271288, 0.8243487025921554, 0.8226266415271288, 0.8582854811521727, 0.7355276821621934, 0.8376072078282887, 0.8388831778844149, 0.8376072078282887, 0.5331081363815231, 0.3932615031892839, 0.5136637602656248, 0.6902317045737796, 0.5056993088843997, 0.4817310977460541, 0.48202360586075144, 0.4817310977460541, -0.5851931258904773, 0.8347941588328028, 0.8469414503882847, 0.8345401534136012, 0.8799857234003814, 0.9001374601962915, 0.8375159387986701, 0.8391927444028249, 0.8375159387986701, 0.8462721901754012, 0.8462721901754012, -0.22859773152831092, 0.599993446082073, 0.07610428973318431, -0.5760740325665674, -0.6107327226969144, -0.6111278410987623, -0.037566909256836895, 0.04189344679332808, -0.11290569522234711, -0.05720659174335518, -0.041430831694619336, -0.28617025342017766, -0.3389799472057899, -0.4857385235642424, 0.04928561361937452, 0.049300225038504716, -0.5516031729883074, -0.45781066059472986, -0.4788221361638487, -0.5120922543122851, -0.569513861731719, -0.539622651974602, -0.54201238084351, -0.539622651974602, -0.21833145623293926, -0.2650815768305843, -0.2650815768305843, -0.6373968211465121, -0.6373968211465121, 0.356940832272145, 0.6370410422798002, 0.8200542197442556, 0.7910037406121171, 0.7763349213679269, 0.5971279674305584, 0.6179609894100692, 0.7031616310023661, 0.7034830615920458, 0.7031616310023661], [1.0, 0.9999839735516382, 0.9768625086978304, 0.9996924602461883, 0.9972162257757745, 1.0, 0.9899345902657597, 0.9850868707652776, 0.9905087382020282, 0.9729140479062951, 0.9787103729464307, 0.9899833717557324, 0.990146829836532, 0.9900547981499809, 0.9901124985659424, 0.9930667776944457, 0.9932601260746273, 0.9911690419140351, 0.9911575017810064, 0.9911089617271469, 0.9899744226959637, 0.976771698517403, 0.9632978136552914, 0.9757659110381408, 0.975738315649821, 0.9482907435976615, 0.9516196370483693, 0.9422249249807605, 0.9898594173897074, 0.9898137144045859, 0.9856359841038979, 0.9742127927223004, 0.9931604295476553, 0.9941079938732713, 0.9931794719047101, 0.9913713266950288, 0.9854147351136037, 0.9937729260801554, 0.9937356512066597, 0.9946820705837873, 0.9933734812945291, 0.9933615551011473, 0.9933734812945291, 0.8988322534832094, 0.6987928947546356, 0.863678602499555, 0.901746046991718, 0.8178967671817249, 0.9654511672559479, 0.9294968567040612, 0.9560690205320396, 0.9509225697213123, 0.9544570753767837, 0.9783500752080833, 0.972230248866835, 0.906087646827482, 0.8939555603798, 0.9263627808725154, 0.896186925246902, 0.9227212260984402, 0.9236376673391902, 0.9227212260984402, 0.8271485360429323, 0.9019242809736661, 0.9031824554178903, 0.9019242809736661, 0.8802288499722846, 0.7036819029721226, 0.8570149549753725, 0.8589049430550836, 0.8570149549753725, 0.5974331365169057, 0.48499638539028167, 0.571687216816368, 0.7250817130911592, 0.4579903695155506, 0.5245855206283485, 0.5266830566450857, 0.5245855206283485, -0.5965556042244738, 0.8674241982961259, 0.8978759808703943, 0.8795808746497491, 0.9076991750595447, 0.932969957291044, 0.8659024857814485, 0.8674265923764678, 0.8659024857814485, 0.8791786706288486, 0.8791786706288486, -0.17410944414852295, 0.49674535085291827, 0.21559222066270636, -0.5088434403561748, -0.5389858616494332, -0.5427914963217897, 0.013681956797428625, 0.028431923960936367, 0.2933963601869657, 0.20716850713942683, 0.12349006472230939, 0.09834519202384044, 0.12563327446824232, -0.16753690962227746, 0.0986963249663092, 0.0988410702769591, -0.5100512894392584, -0.40430348481305095, -0.16595004441428277, -0.45004915087674713, -0.3326271878747145, -0.307990602221057, -0.2983946553638242, -0.307990602221057, -0.1603311411848961, -0.21233872794207298, -0.21233872794207298, -0.5186075788349535, -0.5186075788349535, 0.3988506880913306, 0.671872937025958, 0.8796753821063781, 0.85712652829406, 0.7970896081345269, 0.6782963487491347, 0.7782182649808607, 0.8195351325006354, 0.8197050889299933, 0.8195351325006354], [0.9899345902657597, 0.9737653573586866, 0.9851467627660374, 0.9916681972792223, 0.9964689463717998, 0.9899345902657597, 1.0, 0.997005746840145, 0.9999666689928368, 0.9483115643023926, 0.9995220906202584, 0.9999959007988393, 0.999956533849273, 0.9999918611424938, 0.9999157196613879, 0.9936932295040897, 0.9998053015139007, 0.9998212704315061, 0.9998217393611408, 0.9999942347769619, 0.9999963185704258, 0.9907915415592229, 0.9742867021241381, 0.9833642532464147, 0.9921509829764118, 0.9818836745824852, 0.9703652596508158, 0.9375420673313467, 0.9925865557174384, 0.9922366613845649, 0.9920930134303627, 0.9678928714990788, 0.9992739961069831, 0.9993577425651183, 0.9993312155075279, 0.9997294220735925, 0.9984751752037307, 0.9992329690558664, 0.9981532420305281, 0.9993411796312169, 0.9990829617617043, 0.9989967565506573, 0.9990829617617043, 0.9222864790048686, 0.64721107650357, 0.9232647595478277, 0.9020159296814806, 0.7013191884304223, 0.9486175833073551, 0.9123349213866054, 0.9362219086807867, 0.9269229460983164, 0.9379260270428584, 0.9692029034789075, 0.9612630616258727, 0.6923844970639763, 0.7980751182260332, 0.783392210385981, 0.8290532508692385, 0.7759602652372429, 0.7474772302486293, 0.7759602652372429, 0.7327991147931406, 0.749214083735881, 0.75257292677089, 0.749214083735881, 0.8118061474805679, 0.26385021551498694, 0.48623221665835986, 0.5814900376781218, 0.48623221665835986, 0.4979766811929232, 0.4590920321723958, 0.45518503149824724, 0.5906819806985069, 0.36624349749478247, 0.3968215301594094, 0.34404586653200286, 0.3968215301594094, -0.6521021459472549, 0.7874670357702486, 0.7866863243994606, 0.7802725541428498, 0.7177097505078691, 0.8838196951957704, 0.7932349008852039, 0.7956837004328164, 0.7932349008852039, 0.6981670027599738, 0.6981670027599738, -0.2669962055619326, 0.658521450604978, 0.2653304550897117, -0.5660101103303382, -0.5938433743153417, -0.5970533162357518, -0.05635231037317775, -0.0328720233873486, 0.38121055259567826, 0.15142915631373832, 0.06811015344500655, 0.1359884558454751, 0.10399925820294914, -0.0835028856899764, 0.010443077507885158, 0.010731419112389482, -0.5681238008460019, -0.4916243482207082, -0.01139943394787792, -0.553216165567054, -0.34249702000228976, -0.30937783160397014, -0.13227248325243476, -0.30937783160397014, -0.2569707461585952, -0.27839695919384405, -0.27839695919384405, -0.5996851528070339, -0.5996851528070339, 0.35152724386780876, 0.6103497261995813, 0.8043798145539793, 0.8100430061589349, 0.7629393423345736, 0.6498663736545813, 0.7486032930645221, 0.7715335523575969, 0.7897835549816689, 0.7715335523575969], [0.9850868707652776, 0.9628928284842734, 0.9831478554670298, 0.9872961235542934, 0.9941784626743949, 0.9850868707652776, 0.997005746840145, 1.0, 0.9994150516819825, 0.9391773183675004, 0.9979748988923561, 0.9978361452674145, 0.9992022049612883, 0.9989231163039636, 0.9985959005813988, 0.9857925901072984, 0.9988237318432054, 0.9989830819153203, 0.9989865804247311, 0.9994618919964064, 0.9991014703172708, 0.99063967530794, 0.974585876734828, 0.9912912205614739, 0.9919684602473279, 0.976168019803987, 0.9724109093072321, 0.9355301071739667, 0.9889372367461313, 0.9923597269193898, 0.9902877818152921, 0.9639937328792964, 0.9980622055325091, 0.9979322386704, 0.9979442615919754, 0.9989460997403019, 0.995479949239931, 0.9976876916547055, 0.997487259621234, 0.9977960529933513, 0.9978803138662291, 0.9979123508229253, 0.9978803138662291, 0.9205802246030524, 0.6312955134510063, 0.9252958192186418, 0.898461895574004, 0.6717416303486959, 0.9463134909094798, 0.904924258093228, 0.9324702208251906, 0.9174883027051406, 0.9299840234274446, 0.964365772061007, 0.9554629297521139, 0.674987244535559, 0.779595899873088, 0.7625196776737038, 0.8167614044791945, 0.7563982608932223, 0.7327125690353153, 0.7563982608932223, 0.7157865690851569, 0.7263032307099091, 0.7368948162610449, 0.7263032307099091, 0.7994808073149582, 0.23957481262819075, 0.46030801309808445, 0.561482495701278, 0.46030801309808445, 0.4810378716566771, 0.45077981399173245, 0.4361585466431101, 0.5720815005298774, 0.35488783297461207, 0.3830448465902682, 0.3241391962220214, 0.3830448465902682, -0.6524137487790942, 0.7732801709433899, 0.7626519760196301, 0.7612578821568564, 0.7000426725055746, 0.8730934857518599, 0.7798560272694537, 0.782576964422056, 0.7798560272694537, 0.6754147017624453, 0.6754147017624453, -0.2860967673571034, 0.6940177766816827, 0.27437320444582236, -0.5819419723367099, -0.6091705739725396, -0.6121769956313254, -0.07275012687430532, -0.04292879425076607, 0.3746411572015238, 0.13162197970742992, 0.05145699987414607, 0.1268118295602327, 0.08801433013214234, -0.08991452682010002, -0.008008857046639808, -0.007705589758571939, -0.5820543043392746, -0.5092878626108303, -0.01813814226011758, -0.574279006587927, -0.3569627145841684, -0.321991058388328, -0.13843903091656987, -0.321991058388328, -0.2778228228271174, -0.2943607183021048, -0.2943607183021048, -0.6147316045781502, -0.6147316045781502, 0.3245163662382003, 0.5911325862340969, 0.793967221098155, 0.7910012516367197, 0.7486931330899418, 0.6327675130125168, 0.7317251355284108, 0.7512353322915721, 0.7733364199688588, 0.7512353322915721], [0.9905087382020282, 0.9734851279616972, 0.9921676450565862, 0.9926854357030949, 0.9966509875984907, 0.9905087382020282, 0.9999666689928368, 0.9994150516819825, 1.0, 0.9470310490159253, 0.9994562740757895, 0.9999677474224917, 0.9999632985107808, 0.99997289103159, 0.9999287106554374, 0.9979941875675363, 0.9997089645208498, 0.9997550885440434, 0.9997561733013992, 0.9999647441457347, 0.9999651125699776, 0.9940147438343385, 0.9769916736847531, 0.9935015036794036, 0.9934389823488061, 0.9816406140685554, 0.9763059525540668, 0.9394925890659686, 0.9910674467211749, 0.9910321923090022, 0.9888084575164097, 0.9631274991214067, 0.9992878109915792, 0.9992497721914619, 0.999107753785591, 0.999855466228303, 0.9983772681087812, 0.9992221949689246, 0.9991202935568535, 0.9992206612474285, 0.999127361187047, 0.9991337354889729, 0.999127361187047, 0.9223600704607026, 0.6486210974288413, 0.9232606370230095, 0.9019539934875913, 0.7007031778190418, 0.9352270575963088, 0.8861391924361676, 0.9196199891956757, 0.9223209503712623, 0.9341559008217367, 0.962753282951318, 0.9616716322801901, 0.8379268743015972, 0.7988985727502407, 0.8604537324667724, 0.8298405189494791, 0.8583288961450009, 0.8591749455392853, 0.8583288961450009, 0.7317979937761274, 0.8024108264802524, 0.8042368947697479, 0.8024108264802524, 0.8131793256467148, 0.6927533779122446, 0.8040889121552055, 0.8057908991421944, 0.8040889121552055, 0.49692612574878453, 0.3137229564578779, 0.4544370911452977, 0.6346692240683675, 0.4274142988936857, 0.38975151748658904, 0.39004338365059743, 0.38975151748658904, -0.6326875299258744, 0.7878477671181225, 0.7862330721900488, 0.78025403463541, 0.8498117217364682, 0.8710058534328119, 0.7998637260307491, 0.8025956726385678, 0.7998637260307491, 0.8085486528928796, 0.8085486528928796, -0.2696481911385766, 0.6592823534915682, 0.10021729396794322, -0.5952758724852554, -0.6386427727915023, -0.6394351379746754, -0.06000526015602755, -0.031051315331769226, -0.12235479655618374, -0.03121267900883261, -0.029533664633912732, -0.3204137701258589, -0.34919219041230987, -0.5281999565026295, 0.008929450910571473, 0.009557523508791771, -0.5701720003346733, -0.4939738597328152, -0.48985975186568465, -0.5556370503488145, -0.5862386248850525, -0.5653905597776224, -0.5672986771327246, -0.5653905597776224, -0.2595663531400281, -0.28218516575887226, -0.28218516575887226, -0.697064331287132, -0.697064331287132, 0.3518357501245896, 0.6092356637900805, 0.8263817997246864, 0.8022085337728949, 0.7613490668835723, 0.6347315282816383, 0.6498090449395411, 0.7217019163466848, 0.7218638434887638, 0.7217019163466848], [0.9729140479062951, 0.9547700317525919, 0.9338213263028571, 0.9708260170198413, 0.9593497190855055, 0.9729140479062951, 0.9483115643023926, 0.9391773183675004, 0.9470310490159253, 1.0, 0.9148215282894244, 0.9483622360771131, 0.9484782618084688, 0.9479854251656593, 0.9472748959035753, 0.9497517755292012, 0.955658216390532, 0.9546791417195841, 0.9546420021001573, 0.9485177560698288, 0.9485005877371007, 0.9479237672630457, 0.9398360744007144, 0.9504864625289893, 0.9507110911435472, 0.7917294251078504, 0.955551697322748, 0.9496724612584554, 0.9563638245272873, 0.9565123326098939, 0.9546466799894116, 0.9283475096902543, 0.9590920110438395, 0.9593653119457004, 0.9602304543821071, 0.9506435909521092, 0.9280357397252279, 0.9582941660406679, 0.9598782102390769, 0.9596816401009409, 0.9605519111105295, 0.960509760342692, 0.9605519111105295, 0.7719356880766507, 0.446922135677257, 0.7132541468872852, 0.8603247168532452, 0.8453936316513746, 0.8738651840146002, 0.7522127875898295, 0.851526275348829, 0.8652524789848285, 0.8750239411780951, 0.8941490777849715, 0.8941960741654574, 0.8473677729448809, 0.8381727721340243, 0.8751028290085093, 0.8500486288602959, 0.8660572914960972, 0.8670295481851032, 0.8660572914960972, 0.7836447987135503, 0.7627185824083692, 0.764948883315783, 0.7627185824083692, 0.842642667106297, 0.8661107411445196, 0.8405515153523078, 0.841469386281316, 0.8405515153523078, 0.6056634604806164, 0.5254628903946215, 0.605907451421822, 0.7334436551549677, 0.6243582948922268, 0.6468909728915373, 0.6504134006356087, 0.6468909728915373, -0.26715281464558926, 0.8455379157562215, 0.9118101560417847, 0.8654568017101758, 0.8656534234982487, 0.8772059318522878, 0.8366015710194019, 0.8381131534152693, 0.8366015710194019, 0.8498583004978614, 0.8498583004978614, 0.013731664792640269, 0.21066676886149344, -0.06700894429734465, -0.33965526979902333, -0.3730589209718148, -0.3749640433735468, 0.11648913742340608, 0.3720910482223305, 0.14176419807174565, 0.04213094714548868, 0.1480753608908902, 0.056290013291746134, -0.051774641424909, -0.10580864199197978, 0.26299621908950227, 0.26181174218639247, -0.3228293296369601, -0.2699031725727543, -0.2733408781199268, -0.2753359002443275, -0.3478216819342595, -0.29616583615177594, -0.29794752925470996, -0.29616583615177594, -0.03758466796421422, -0.3148346602386259, -0.3148346602386259, -0.38269981276692405, -0.38269981276692405, 0.5806961678435973, 0.681599339077148, 0.7609334049063408, 0.6640624867415282, 0.8407778229922507, 0.3026582420722402, 0.3925625412314765, 0.574833449803043, 0.5751184013431812, 0.574833449803043], [0.9787103729464307, 0.9760172031408403, 0.9962287234294293, 0.9847166810517516, 0.9945597899454127, 0.9787103729464307, 0.9995220906202584, 0.9979748988923561, 0.9994562740757895, 0.9148215282894244, 1.0, 0.9995190550582107, 0.9995146059190715, 0.9994610426539848, 0.9995007758398389, 0.9983066759718479, 0.9995593250075183, 0.9996884615888401, 0.9996940533001192, 0.9995279285484326, 0.9995290956293352, 0.9911996745300038, 0.9560749996493256, 0.9910606309201094, 0.9910304238780303, 0.985662195256163, 0.9717288880578748, 0.8907849483799286, 0.9886136805828459, 0.9886698092252799, 0.9700367491411628, 0.8863309242320658, 0.9985492064765045, 0.9984946939779931, 0.9982545537832259, 0.999185285472017, 0.9991009915529319, 0.9985235716234012, 0.9982726767809301, 0.9984511785559881, 0.9982044878940781, 0.9982195286262051, 0.9982044878940781, 0.9161667629346653, 0.5353444334993703, 0.9188420711509827, 0.9005896013642567, 0.7031059202414286, 0.827157911486198, 0.8349398051770288, 0.8151546039188607, 0.8155934112736613, 0.8232412312736944, 0.9216075023487673, 0.9218026191456415, 0.8250728625826736, 0.8368174289363696, 0.7975597269830561, 0.8005327618586275, 0.8082736592567061, 0.809366140500455, 0.8082736592567061, 0.614577063810804, 0.5724983779168799, 0.5751340859716342, 0.5724983779168799, 0.8379284546190232, 0.8488839919065913, 0.8359017695971752, 0.8377078447637073, 0.8359017695971752, 0.25785168317463786, 0.19094677170284413, 0.32015451704917774, 0.4376109251698714, 0.30453033278126246, 0.36060919041679834, 0.3638002234706503, 0.36060919041679834, -0.4003342174534874, 0.7334648829786539, 0.7911653784911764, 0.7679872232895348, 0.8353429612277162, 0.831708938327982, 0.725103683886055, 0.7257398676464667, 0.725103683886055, 0.7412870386526885, 0.7412870386526885, -0.33442151100662904, 0.6493549959815845, -0.39520528825178053, -0.5379146625534037, -0.5395848851412661, -0.5418044229178705, -0.3253493281414333, 0.12424443912354122, -0.2410765021838455, -0.38803995820916865, -0.25061663805517254, -0.3112773165073881, -0.3461492405656797, -0.3764018091139373, -0.007735883782355091, -0.012166785389956193, -0.5464824480900764, -0.5081315122246548, -0.5258173348055026, -0.5605031984098203, -0.5549197376569038, -0.5301757089965363, -0.5329840546119409, -0.5301757089965363, -0.436000375758274, -0.5891440301119348, -0.5891440301119348, -0.5994446957803616, -0.5994446957803616, 0.3466619718942958, 0.37280688816848734, 0.4726536774392408, 0.5549816883021066, 0.5575180935221269, 0.16759910248082344, 0.31202947025927763, 0.3385441877039825, 0.33872985916298226, 0.3385441877039825], [0.9899833717557324, 0.9738180300660355, 0.985094800463784, 0.9917033389583951, 0.9964872940843811, 0.9899833717557324, 0.9999959007988393, 0.9978361452674145, 0.9999677474224917, 0.9483622360771131, 0.9995190550582107, 1.0, 0.9999618750160457, 0.9999938837222337, 0.999921283814704, 0.9945511742412093, 0.9998076749557957, 0.99982285505196, 0.999823238216777, 0.9999960128791957, 0.9999969690319217, 0.9907442652763064, 0.9742539323069782, 0.9890096275371368, 0.9921238157817059, 0.9818563598821402, 0.9702655829957666, 0.9374843205539799, 0.9925766406854969, 0.9922520492070724, 0.9920867108890689, 0.9679228408528157, 0.9992769539732221, 0.9993635664755681, 0.999341145226015, 0.9997354630398603, 0.9984802336611925, 0.9992437480289255, 0.9981580855545166, 0.9993496793853714, 0.9990884138534512, 0.9990004637883549, 0.9990884138534512, 0.922349088412024, 0.6474073669735491, 0.9236035487126021, 0.9023611385568149, 0.7015444560917037, 0.9486702431035277, 0.9125468552581439, 0.9363162274024407, 0.9270294793717212, 0.9380177299440946, 0.9693117916520484, 0.9613523750004991, 0.6923072147793177, 0.798228968817778, 0.7835081306442178, 0.8291693012925223, 0.776074699749623, 0.7474092009394926, 0.776074699749623, 0.732869478923678, 0.7492812847163507, 0.7525020571890141, 0.7492812847163507, 0.8119623445418045, 0.263699643352994, 0.48623765199903934, 0.5813857017746086, 0.48623765199903934, 0.49791208376236035, 0.4590014614943521, 0.4551301395738351, 0.5907161789608102, 0.36611018426941583, 0.3969188064684043, 0.3440892595033334, 0.3969188064684043, -0.652257022366272, 0.7875334188479365, 0.7868331840517447, 0.7803723181441432, 0.7176990255893649, 0.8839284563472728, 0.7933220881537805, 0.795765855140727, 0.7933220881537805, 0.6982506891620802, 0.6982506891620802, -0.26699207914358813, 0.6585326366378123, 0.26546168848284485, -0.5659628661728158, -0.5937468261190227, -0.5969624982176596, -0.05641663099627778, -0.033042555526064527, 0.3814031309850178, 0.15148067682750474, 0.06807207320868032, 0.13627766834400531, 0.10426873717212726, -0.08317836424457606, 0.010470413617888311, 0.010775607862539257, -0.5681033268239858, -0.4916435198526013, -0.011116843267366212, -0.5531854005906252, -0.34220700179317187, -0.3091167289169519, -0.1320354520537624, -0.3091167289169519, -0.2568085975951005, -0.27833657328387956, -0.27833657328387956, -0.5995417621575585, -0.5995417621575585, 0.3521050980533894, 0.6105413700983635, 0.8044243257549301, 0.8103303058874526, 0.7630598461959882, 0.6501465768324827, 0.7487587083026002, 0.7718107191667953, 0.7899168572317099, 0.7718107191667953], [0.990146829836532, 0.9737685782504807, 0.9825486517485384, 0.9917936255343618, 0.9965906112917928, 0.990146829836532, 0.999956533849273, 0.9992022049612883, 0.9999632985107808, 0.9484782618084688, 0.9995146059190715, 0.9999618750160457, 1.0, 0.9999663182746239, 0.9999090405732857, 0.9974552578196265, 0.999803227036892, 0.9998652223594138, 0.9998658772451376, 0.9999825492873691, 0.9999609726885267, 0.9902768528248832, 0.9740603163731085, 0.9928639775825019, 0.992823420874708, 0.9818244382492167, 0.9698804266839371, 0.9374080045593483, 0.9933531103027752, 0.9933702582678982, 0.991840023235951, 0.967719568518, 0.9995028048808932, 0.9993675116541882, 0.9993973159227527, 0.9998844311427709, 0.9984777467379744, 0.9992511602130058, 0.999208477613766, 0.9993599276303194, 0.9993745180578208, 0.9993785883777844, 0.9993745180578208, 0.9224509087468892, 0.6475685317728062, 0.9236171531169762, 0.9023504357850971, 0.7015497891385156, 0.9527623112159597, 0.9099982092413047, 0.9380761013717221, 0.9271145020778446, 0.9380144787036517, 0.9690303684547692, 0.9614238450547548, 0.6448713900616659, 0.797940684421489, 0.7822523039738066, 0.8296429925769425, 0.7750081152236052, 0.7192432314711187, 0.7750081152236052, 0.7327888910646227, 0.7393969875752732, 0.7438728268252661, 0.7393969875752732, 0.8124303776890196, 0.1926018389195108, 0.4734779172865052, 0.479415589288535, 0.4734779172865052, 0.4980650762455339, 0.35126367979109474, 0.4553831926767944, 0.5902163087192346, 0.3663340288387632, 0.3635996923501564, 0.343725825996019, 0.3635996923501564, -0.6524467853017473, 0.7880210362425991, 0.7868104776301866, 0.7801311461424651, 0.6563538974315835, 0.8844233447422312, 0.793850633469413, 0.7962888257448913, 0.793850633469413, 0.696715652775254, 0.696715652775254, -0.2666492491818856, 0.6584122849432059, 0.26908988977120857, -0.5658050478937294, -0.5934085503918882, -0.5966244019115, -0.056800585194897, -0.03293882293625528, 0.33369647397484026, 0.15165160608629924, 0.06781817926659833, 0.1397128651360424, 0.1066613618137934, -0.09340303736595669, 0.010592273066446181, 0.010900961238453492, -0.568270687070482, -0.49172264392402937, -0.07681677720453024, -0.5529001460467399, -0.3401665135928384, -0.3068501744536145, -0.21952895990359378, -0.3068501744536145, -0.25634248485605937, -0.2794529676271138, -0.2794529676271138, -0.5987945159282869, -0.5987945159282869, 0.3522354037260492, 0.610718938185243, 0.789216921994625, 0.8103788828497838, 0.7634504339159798, 0.6498841020369637, 0.7067881521143693, 0.759639237604264, 0.7597853830211512, 0.759639237604264], [0.9900547981499809, 0.9735531928520478, 0.984856471144538, 0.991744687472243, 0.996521437062467, 0.9900547981499809, 0.9999918611424938, 0.9989231163039636, 0.99997289103159, 0.9479854251656593, 0.9994610426539848, 0.9999938837222337, 0.9999663182746239, 1.0, 0.9999341678812652, 0.9973034414605835, 0.9997978057515523, 0.9998261741039203, 0.9998264345069486, 0.9999938648018687, 0.9999940893979005, 0.9905936528003625, 0.97414937203043, 0.9926967854719384, 0.9925725753737004, 0.9817160185121263, 0.9699190706956715, 0.937089077738701, 0.9933054264833766, 0.9933502894967912, 0.992125857699165, 0.9681093547669684, 0.9993295951494676, 0.9993622498734197, 0.9993735980539551, 0.9997745719701902, 0.9984069759041468, 0.9992472419915533, 0.9984836930025692, 0.9993587069417057, 0.9991393510655147, 0.9990590582979075, 0.9991393510655147, 0.9226053261825856, 0.6481907527290658, 0.9239391980681374, 0.9026621081147166, 0.7011438772772236, 0.9492622236464041, 0.9133150709704726, 0.9369510711406633, 0.9274561975125806, 0.9384084168476351, 0.9697516092121421, 0.9617543331053456, 0.6926153664446147, 0.7985166163561015, 0.7834276207964299, 0.8294560258687834, 0.7760390768065726, 0.747042039336891, 0.7760390768065726, 0.7330762239881257, 0.7492291038008805, 0.7529407512424219, 0.7492291038008805, 0.8123434429061556, 0.2629864473443625, 0.4856917526759795, 0.5814343491509615, 0.4856917526759795, 0.4977232618768656, 0.45957075931148217, 0.4550117685869259, 0.5904541593335877, 0.3656831187130352, 0.3969507579842176, 0.34371880985366116, 0.3969507579842176, -0.6526511591702165, 0.7876759586273163, 0.7863333112312423, 0.7804559886989906, 0.706752348319889, 0.8842189551997639, 0.7934635630876037, 0.7958957465355821, 0.7934635630876037, 0.6980455390016463, 0.6980455390016463, -0.2688311231742827, 0.6595982501062909, 0.2659921469808993, -0.5665237915686476, -0.5941679656264574, -0.597388969613811, -0.057696094413347346, -0.03440109952858923, 0.3816937052854395, 0.15096679484513117, 0.067157936347936, 0.13633559516403257, 0.10432682066727757, -0.08303226513496496, 0.009324151081002758, 0.009624784068159201, -0.5688123416752365, -0.49275508320666156, -0.010521230463077683, -0.5547273861048083, -0.3420783441304673, -0.30906279519246826, -0.13146370421544062, -0.30906279519246826, -0.2579149248297896, -0.2788544224283011, -0.2788544224283011, -0.599643508178051, -0.599643508178051, 0.352276001556789, 0.6102194261581311, 0.8049620627905503, 0.810794590340312, 0.7624769295528804, 0.6509483316331424, 0.7495515799059488, 0.7722105615367221, 0.7905267237213269, 0.7722105615367221], [0.9901124985659424, 0.9726460012404936, 0.9847464877671616, 0.9917883600967016, 0.9965189976839179, 0.9901124985659424, 0.9999157196613879, 0.9985959005813988, 0.9999287106554374, 0.9472748959035753, 0.9995007758398389, 0.999921283814704, 0.9999090405732857, 0.9999341678812652, 1.0, 0.99742089483472, 0.9996909684060226, 0.9997734294801753, 0.9997746047531559, 0.9998978819780208, 0.999917020293658, 0.9903487641858216, 0.9739012731874204, 0.9919587189990762, 0.9915864717316278, 0.9817524105010867, 0.9696217268290122, 0.9370356199451795, 0.9924065413789567, 0.992412347308573, 0.9915113477869241, 0.9671717822448321, 0.9993389333021484, 0.9992112476224356, 0.9993112659901857, 0.9997612796836041, 0.9983102422150429, 0.999224597661735, 0.9984688463910115, 0.9992338999959476, 0.9991557099873785, 0.9990895512515795, 0.9991557099873785, 0.9211908861824268, 0.6485514053062462, 0.9225464919401165, 0.9012665032951342, 0.6981680678685526, 0.949819312842031, 0.9141861470334965, 0.9379241891118625, 0.9269070765160563, 0.9376924560049135, 0.9701203445659533, 0.9613328609032644, 0.6940157405252945, 0.7970936282568766, 0.7837264441521895, 0.8291331648380665, 0.776340999804221, 0.7493575483258655, 0.776340999804221, 0.7311736556782473, 0.7487390082258066, 0.754130012319563, 0.7487390082258066, 0.8123457637553652, 0.26301544949061695, 0.4853463353224121, 0.5828905806986285, 0.4853463353224121, 0.4963202975673092, 0.4613329495156687, 0.4534611637331215, 0.5900318954990982, 0.364276801877522, 0.3975258842910436, 0.34397305256645666, 0.3975258842910436, -0.653170370759507, 0.78706118692146, 0.7849548170863472, 0.7794190334022446, 0.7197553894120133, 0.8845692176745279, 0.7930237618688196, 0.7956512886090257, 0.7930237618688196, 0.6982024046700763, 0.6982024046700763, -0.2694906262263315, 0.6619906003500622, 0.2662823545391916, -0.5667941372328806, -0.5941926318885944, -0.5971300736357408, -0.059697525689946004, -0.03607893453517248, 0.38301556378465046, 0.15046582170811462, 0.06593374443057533, 0.13739116492861292, 0.10541626928597214, -0.08150643445930793, 0.008341216545232134, 0.008959016121739431, -0.5701676601280471, -0.49435077308246816, -0.008681282308935903, -0.5557869885327241, -0.3411682683861783, -0.3081648126297348, -0.12997950485595958, -0.3081648126297348, -0.2581270764467806, -0.281772487816324, -0.281772487816324, -0.5994613444265885, -0.5994613444265885, 0.34924184013546994, 0.607957431957824, 0.8060589431946247, 0.8115708093970386, 0.7607596832844062, 0.6499079071753986, 0.7513237386190199, 0.7729673543419702, 0.7919866224672837, 0.7729673543419702], [0.9930667776944457, 0.9827332477332522, 0.9879247097571127, 0.9947081930345845, 0.9976046701157356, 0.9930667776944457, 0.9936932295040897, 0.9857925901072984, 0.9979941875675363, 0.9497517755292012, 0.9983066759718479, 0.9945511742412093, 0.9974552578196265, 0.9973034414605835, 0.99742089483472, 1.0, 0.9980843853576559, 0.9976820085712709, 0.9976794765714619, 0.9977638122010103, 0.9972326484144204, 0.9911802786556227, 0.9767597814459613, 0.9693830024567908, 0.9869414217720452, 0.9863020993513473, 0.9711787022956505, 0.946360979165984, 0.9915694363018333, 0.9893950751932712, 0.9883299548485313, 0.9659963443879902, 0.9974650368493951, 0.9974917512873642, 0.9972947594769863, 0.9972646320216351, 0.9984376362009286, 0.9980184214235862, 0.9972857464485292, 0.9977298809917061, 0.9973963121821743, 0.9973732676401296, 0.9973963121821743, 0.9126925754112281, 0.6588060279936091, 0.9152995709498153, 0.904913261052651, 0.725033198942002, 0.9516585525445177, 0.9169316676545585, 0.9430616341399893, 0.9277242950407573, 0.934