var element=document.getElementById("correlationAdjClose");if(element.style.display!='none'){var correlationAdjClose={"data":[{"type":"heatmap","z":[[1.0,0.9999940470118251,0.9857403300096649,0.9999293985257147,0.9991417233254818,0.9845800039439481,0.9979257209868321,0.9961951852544615,0.9696739572694134,0.9964928830219674,0.9946735107222873,0.9942297575453857,0.9963066645008598,0.9963424980860042,0.9962395932834118,0.9977126349342034,0.9979751238624162,0.9984161734155924,0.9968080430177905,0.9968200007030026,0.9968471445054313,0.9962686317548374,0.9876153554652602,0.9718260523597022,0.9902522803468579,0.9574764137358752,0.9892978732683648,0.9881542183417281,0.9689427113572447,0.9539935548099854,0.9928084365992074,0.9940740441280952,0.9926517202916667,0.9781019467837689,0.9978309210458413,0.9980295741452471,0.9976161958183718,0.9963655757751093,0.9959153682211276,0.997927560519305,0.998775606922594,0.9988187100084813,0.9977966486421324,0.9978082140581238,0.9769877523717627,0.9171680155372216,0.9511067006090632,0.9304527978475611,0.9316965845881805,0.9091766346475874,0.9635194069469725,0.9493418019043709,0.9652802374011322,0.9667660434313052,0.9562215092950335,0.984442880900185,0.9818215247539549,0.9906200732138567,0.9943959665309572,0.9872018024872045,0.9830024408204283,0.9884874807506491,0.986780840296227,0.989029083631351,0.9888708905624389,0.9627028333982908,0.975834486415586,0.976674562594652,0.9763735996368845,0.9529869881445759,0.9812888860513977,0.9783419933480718,0.9854754350734676,0.9847943480675639,0.9425977062725911,0.8927167521457604,0.8605435631376397,0.9082772421929051,0.9244130413114438,0.9219319595765388,0.9224016234161223,0.9210885108178074,0.7059857610423268,-0.5539747464909199,0.9813183960499762,0.9769436495393822,0.9738346497761825,0.9878864612063346,0.9751621033271982,0.9849295388453185,0.9849418225082776,0.9486884363604957,0.9852014652861634,0.9517071598453282,0.7817082743390731,0.9108714995291365,0.9308112801211847,0.8077778913756187,0.9525711901030438,0.9533339443230892,0.9006368397408218,0.9661831914722425,0.8954705833146717,0.594813866376538,0.7235261491652117,0.9025580555591444,0.8712595679069115,0.8937552923791449,0.9747273692088114,0.9749100976166397,0.7846679740286285,0.7421682331617793,0.824968614432388,0.4318653424945194,0.8043362706056468,0.8291938801958384,0.8243974663559837,0.8163239903396473,0.7841782980086872,0.7526028983063452,0.7359328426548278,-0.2787864398201597,-0.41842362282148987,0.6658067583442794,0.8906568047770189,0.9332529606746776,0.941438631859567,0.9058975914547921,0.8255527619661728,0.9089780063147437,0.9267248843385669,0.9266311962703067,0.8608447746884449,-0.15938636667904196],[0.9999940470118251,1.0,0.9886734421660646,0.9998409746945136,0.9982992934090774,0.9898734359981847,0.9946276676372189,0.9918925141065754,0.9856198730007186,0.9919069963988193,0.9919216590286276,0.9935627966051825,0.992029746294697,0.9919075722047946,0.9919666370123951,0.9941276943186043,0.9966398355629632,0.9962633833431355,0.9942613780814117,0.9942630088989615,0.9919601736333661,0.9920043894931183,0.9921739116320798,0.9751381180388516,0.9888230322875969,0.9829206766676772,0.9887583121883381,0.9881066336682985,0.9816917699191116,0.9368981809548784,0.9894816597220825,0.9871856366153393,0.981362718270934,0.9360126659483655,0.9956755235017692,0.9955854441779999,0.9958077891291931,0.9923984719160607,0.9953321193896815,0.9958158043561095,0.9970822106850119,0.9972355308213678,0.9958013690929386,0.9958089680949501,0.990258307407033,0.9168175184507165,0.8919169837527339,0.9300548391310288,0.931505179678278,0.9091539288420832,0.8829633900257579,0.9264106294319295,0.8854582792865469,0.9146180101128215,0.8826458665854876,0.95600298284023,0.9559786774716506,0.9697870266487391,0.9847778445288167,0.9828950409091526,0.9849873278007333,0.9805290433592055,0.9812180329791227,0.9821962579129331,0.9821142599236731,0.9498982958437702,0.9634170365664472,0.9407976539434456,0.9406704792147589,0.8746844896710306,0.9798795694459713,0.9813256812437571,0.9815159529043124,0.9811172074282057,0.9527923932539845,0.7771399311436054,0.7362857542773723,0.8380831861840635,0.8990354114662638,0.8538081333972154,0.8769154283219528,0.8757040548912726,0.737550217819012,-0.19722479896765205,0.970807726933626,0.9746155822325774,0.9705878259628979,0.9834270677949042,0.9683036571289149,0.9736923446124157,0.9731142717367887,0.9315216576425294,0.9754439736731432,0.9344129617928492,0.7033846728106565,0.9103576491598633,0.9088757126405789,0.5156655619078895,0.8344257017763185,0.8389113684689352,0.7444465613640113,0.9669122262149645,0.7173819927327272,-0.2981560572843525,0.22295503514155554,0.7444496972413286,0.693595074682002,0.7370533735891562,0.9684513614154991,0.9684486916902519,0.15151205854162447,0.3237904347360089,0.15813066629827482,0.13002312011608372,0.15156107338809408,0.16591141346407653,0.1627274301564638,0.08371993275122687,0.5147158842151733,0.24567593311109934,0.19497042033692957,-0.4398575481007291,-0.4854572923637761,0.6662127680729188,0.7506849378373688,0.7747584660521415,0.8360648728513328,0.8169554652456461,0.572670656154776,0.7551889934835628,0.7691880525866754,0.7680181266046666,0.42064527253390044,0.21924308565218711],[0.9857403300096649,0.9886734421660646,1.0,0.9871244058862116,0.9931972402405406,0.9915025021272185,0.9898069998523805,0.9904852010801839,0.9908174976752071,0.993175287538171,0.9971618661620026,0.996333539312776,0.9903480908501656,0.9925368993744077,0.9905427768673652,0.9899812217677273,0.990839497315545,0.9901252976861624,0.9891967473766314,0.9891743174652846,0.9920416329707274,0.9903749097228672,0.9948583816050638,0.9842033526711577,0.9912338573594935,0.9811294239123657,0.9918096913222475,0.9873999354531344,0.9864951883453768,0.9601214765624763,0.9696048916933211,0.973798087916107,0.9768696277822033,0.9546784044518426,0.9871209899638045,0.9902165587373877,0.9885921716378075,0.9921522731368673,0.9947476598602688,0.991013964861589,0.9850433157196327,0.9878878272401858,0.9874713321217812,0.9868514278821436,0.9922095308976174,0.9122841781461559,0.934172418671958,0.9428592802144098,0.9251883556524464,0.8661458730256221,0.9213678918407303,0.904686329754727,0.9240483695634567,0.928506902460843,0.9130791660022555,0.9495986323128198,0.9584309546000109,0.9668182933732098,0.9775680505762819,0.9405620901083408,0.9653983566149565,0.9638249898546442,0.9706810614639889,0.9640707740092656,0.9388417246748765,0.9231568997964021,0.9472301226319119,0.9368787468278523,0.9181659662916966,0.8960305026855043,0.9711021689857265,0.9498072473047698,0.9635487892620868,0.9427393615037729,0.8299323319411922,0.8509064235182726,0.7683027152726333,0.8691013505247145,0.8953464842866145,0.8970161657485178,0.8639641984934919,0.8782739960967639,0.4120785421978736,-0.542360024699466,0.9611585663600247,0.948668284243409,0.9480799566750189,0.9405680904288548,0.9556556890360934,0.9636242331634163,0.9632032381328655,0.9339711631087619,0.9588530154785194,0.8801879277169733,0.765091133185188,0.9521268480125012,0.9515489114867268,0.7858022075808219,0.939445789881202,0.9411160887324586,0.87292762027918,0.980123839756852,0.7754764093092721,0.49845154591099755,0.6663717115157568,0.7969235364766319,0.7976485270533057,0.7780599083929687,0.9824195963530085,0.9824723623895668,0.7132115619681042,0.6882076473115616,0.7104801400239188,0.3785920205042779,0.7040349781124294,0.7139628528648637,0.7258599774513943,0.7128410969198041,0.7458533827313777,0.6864468831179504,0.6686603387536135,-0.34038085495589687,-0.47967029633385655,0.6319409940357924,0.8511838308885127,0.8800761254185774,0.8860724818652632,0.8770190784838723,0.7571995184958135,0.8578724549240552,0.8691288471784534,0.8765497088038645,0.7327514970066945,-0.08148879191120223],[0.9999293985257147,0.9998409746945136,0.9871244058862116,1.0,0.9993807496277656,0.9857327425484683,0.9981614664761355,0.9966117735657429,0.9719072697480402,0.9969472898617736,0.9953524551726498,0.9951134171939755,0.996705361360017,0.9968284560585278,0.9966556497799286,0.9979788616859026,0.9983041456207173,0.9986672546454672,0.9971716956109018,0.9971815400789777,0.9972324183259597,0.9966723099310787,0.988807342137223,0.973241931451185,0.9911998443117249,0.9600752238549343,0.9903516698038073,0.9896739792215264,0.9709290070698814,0.955197713400866,0.9921246710465069,0.9935806936634003,0.9925760101404599,0.9776733357991826,0.9979084549781735,0.9982169646252828,0.9978354391602348,0.9968176587360041,0.9963593780142419,0.9981461731175877,0.9986688531819157,0.9988911971954312,0.9978702005173541,0.9978790062845434,0.9788188882056142,0.9133927116898317,0.948981690476056,0.9308843551985153,0.9301945673795096,0.9026118124227577,0.9605736222048444,0.9460530958974986,0.9622440594424643,0.9642830089282928,0.953418272970328,0.9823417869127448,0.9803004189821245,0.9897528684159144,0.9941889009380876,0.9858390477451804,0.9819930966973637,0.9873079934216116,0.9862364815092989,0.9877726668214669,0.987605826957325,0.9532499420917582,0.9746751406651002,0.9752520232613932,0.9749457140416824,0.9481041797659829,0.9808887010462471,0.9756318378725238,0.984113975252061,0.9833970025897832,0.9229632468287565,0.8913016780609619,0.8568615787924372,0.9066692040544029,0.9217202112782651,0.9214916390329769,0.9200723889436591,0.9187977575661344,0.6163837116376827,-0.5534444014624738,0.9805605655432019,0.9758330248497995,0.9725056529500383,0.9865259889612072,0.9744967812267752,0.9842272443540702,0.9842329964066812,0.9483906997659668,0.9838487173727836,0.9373441114818925,0.7855727778043268,0.9161329279995193,0.9347868507971637,0.8094933707354626,0.9538460290601144,0.9546352815373584,0.9001145292197361,0.9673911667821447,0.8892691553152059,0.5910211487168937,0.7217028635619487,0.8969937759415095,0.8675151357891149,0.8879179878525749,0.975534765088077,0.9757230451329523,0.7834003127576686,0.7423126532438209,0.8169441002551459,0.43364766877107075,0.7984268092972574,0.8208927887536683,0.8160211266596129,0.8108168776111547,0.7863792147565913,0.7523723480128937,0.7357851506054105,-0.2741923177841912,-0.4176974939724329,0.6652271614121165,0.8886626463620587,0.93124223341621,0.9394966762667436,0.9045292364816803,0.8226509470633133,0.9068411858676972,0.9243207734538225,0.9243762822687387,0.8534940669323535,-0.1522168674964278],[0.9991417233254818,0.9982992934090774,0.9931972402405406,0.9993807496277656,1.0,0.9885259030975135,0.9990893455025359,0.9985589105082376,0.9840541551147872,0.9985595937647391,0.9981664336727772,0.9981966977089654,0.998585018214296,0.9985916773943189,0.9985910016383811,0.9990842884870412,0.998750090893508,0.9993018308415088,0.9988984526138144,0.9988996679214442,0.9986441859702282,0.9985807262154403,0.9945904822919388,0.9807771468043143,0.9950754485388378,0.9771765082876894,0.9950564730742631,0.9925184136912582,0.9835299302792262,0.9585278869666343,0.9892561966892871,0.9919297484586426,0.9898825350559717,0.9698662887057661,0.9989313793872443,0.9989863803472836,0.9990057651321502,0.998668556700205,0.9986825889064845,0.9989790893892305,0.998978264188795,0.9992009601067686,0.9989381896913286,0.9989392333538574,0.9883116186208858,0.9233275929862039,0.9482491091998735,0.9411650146813068,0.9335593850302651,0.898269499158749,0.9476547405857756,0.9408295564953986,0.9519353642388578,0.9579410281957257,0.9465358699226373,0.9797417882382582,0.9796658394457755,0.9897367724308898,0.9940096277489433,0.9826487094844476,0.9766347517307051,0.9829544821945154,0.9826291005220998,0.9833085046286469,0.9831372723428833,0.9533611533429943,0.9666105162360594,0.961304266693283,0.9609614164189978,0.9230182189043019,0.9782617464876205,0.9745994955875635,0.9803745662971711,0.9796076919047205,0.9401631986327579,0.8719925560153893,0.8356485189778071,0.8923878452343784,0.9265183985884988,0.9115530030374945,0.9184206344214109,0.9173625516977852,0.7605506536786423,-0.5623678719322056,0.9746955310702768,0.9662684048753512,0.9637934011812607,0.983547758791532,0.9654856782154679,0.9781139768963579,0.9778134407960807,0.9402970253155271,0.9795932395368032,0.9427832410999281,0.7752761098467069,0.9306540059596827,0.9543573860112119,0.7740885521385701,0.9416675935480388,0.9431110944580038,0.8945173986947614,0.9722726014617535,0.8885308628672728,0.43086983494039627,0.6642683093822088,0.8943907850844632,0.8445392311058324,0.8899580764943953,0.9790307976467905,0.9791726012807148,0.748668950462179,0.7262646142201562,0.7525426153554198,0.41210882004337257,0.7052415873318266,0.7573282169615685,0.7528044700754715,0.7165200182398423,0.7735198397066992,0.7378165447468666,0.7203609776682416,-0.4786490086747566,-0.5602204837841015,0.6605835426940913,0.8835083677482941,0.9172708057268488,0.9339234725896541,0.9027150070280731,0.8042106328222756,0.8955995429507484,0.911174620533623,0.9107698290566071,0.7905508701264081,0.05782506952869574],[0.9845800039439481,0.9898734359981847,0.9915025021272185,0.9857327425484683,0.9885259030975135,1.0,0.9834082847610929,0.9843756756701576,0.9927807005714069,0.9838273309205396,0.979648763987928,0.9788308065670082,0.9842348886575378,0.9847559419329577,0.9844469299899523,0.9841172851456369,0.9875507072778402,0.9852140311408404,0.985084309613281,0.9851262628957796,0.983265078418747,0.9843880080139389,0.9952213266599022,0.9935885531461178,0.9857481650480693,0.9871566773494551,0.9860545157507714,0.9769818054139573,0.9882320259394859,0.9743385155454126,0.9621066718113697,0.9677824044362531,0.9770613413521619,0.9668016117054928,0.9830925574866121,0.9834768094065568,0.9843085614617556,0.9850264420371913,0.9795890087328467,0.9839532740205658,0.9823443978220633,0.9840491623899352,0.9832914019016968,0.9833418968244896,0.9960607563230127,0.871793150266027,0.9261780454716062,0.9126913421987385,0.9244782550917044,0.8835359501736593,0.9178407338039377,0.9096579096653566,0.9205233581603139,0.9355252442778652,0.9167998013785444,0.9502847327141541,0.9557540444566308,0.9619367196701776,0.970876921258298,0.9709860609152562,0.9869285250252942,0.9728095742100962,0.9843779154919658,0.9724045635027166,0.971829579329608,0.9766579193022669,0.9691242774112881,0.949010843459756,0.9484304324688825,0.9479789397834286,0.9830493349615894,0.975710906270471,0.97233042251514,0.9709909345850106,0.9640538057388212,0.8938398452877221,0.848577465920781,0.9108077721246299,0.9180616886901241,0.9274251441659415,0.9084095417881345,0.9061297303608001,0.738503285671619,-0.5011041219899273,0.9810931608630841,0.9826384990978233,0.9784683629056451,0.9718527239295031,0.9736643754997142,0.9798008052319946,0.9793621782033012,0.9685100307796726,0.9693054306613513,0.9675512652743282,0.7871970886854657,0.8901097215914147,0.9540506317225312,0.8197473512089245,0.9426737595840885,0.9436618868461928,0.8671496775506481,0.9589177046416983,0.8349407968591817,0.5169459299443848,0.6867562043020814,0.8447010851001626,0.8197843187861179,0.8342454518199914,0.9591834207746239,0.9593283275748429,0.7375736463981385,0.7182952857193569,0.7518329192573974,0.43585041148070464,0.7445074428577216,0.7572162316278789,0.7510634725745995,0.7481846671447635,0.7669648600662942,0.7130856801071357,0.6992022013785144,-0.30150352696284693,-0.4316137249045374,0.6715388184733004,0.8549937342380778,0.8730598493988795,0.8871476315183859,0.8650824274967553,0.7812674617500889,0.8484157746780703,0.8650186977639706,0.8652182886008132,0.8065068241588664,-0.11480682040470039],[0.9979257209868321,0.9946276676372189,0.9898069998523805,0.9981614664761355,0.9990893455025359,0.9834082847610929,1.0,0.9975329894083569,0.9571067577391601,0.9996109371538097,0.9995681427867702,0.9995896738454804,0.9984243457036784,0.9994767029946293,0.9991873956471281,0.999891502857729,0.9965913617118618,0.999903411466444,0.9993811333412268,0.9993858010104377,0.9997145204136815,0.9993305033736372,0.9907060745520732,0.97460993035626,0.9858958294080454,0.9267440905858522,0.9935771068196819,0.9922471344497329,0.9741330411124833,0.9520380042358481,0.9916224259779065,0.9919059840867633,0.9935762926834448,0.9750384694394216,0.9990104515143313,0.9998524155619275,0.9997157386260497,0.9994830477408628,0.9997686520732465,0.9998370144134682,0.9985154176680663,0.9997368974682893,0.9993901231909874,0.9990469277844254,0.9805074803625445,0.9311821873652808,0.9516703842944998,0.9497876265381905,0.9401665079363144,0.8982924570827953,0.9572446561618693,0.9456937833430252,0.9595804759528912,0.9617918425607551,0.9522305067395674,0.9815315354918764,0.9809770955628391,0.991737177123874,0.9963652807562773,0.9504028600267403,0.9646840127570593,0.9741727258967614,0.9747955141225357,0.9756944259110454,0.9504056237984376,0.9064370085695542,0.9580557265984286,0.9628949162613528,0.9417551629020107,0.898332982843361,0.9688135857018074,0.9428073408774224,0.9691972790824022,0.9507599800822849,0.7897844392195661,0.8654981754321803,0.7880335260049762,0.8800240201802367,0.8965878522669739,0.9011945757464641,0.8801245612740464,0.8919527039312293,0.3606894881348664,-0.5872446077720527,0.9658763914866644,0.9525941922306674,0.9513741178913698,0.9518739354182995,0.9616655391017205,0.9720019720336318,0.9721184104236801,0.9296357634947144,0.969070524540917,0.855549081214064,0.7697850492078336,0.9314409186878477,0.9339737633207283,0.7975939636299388,0.9517684197417117,0.952714823466351,0.8981242928119368,0.9718004246457557,0.8321665050676793,0.584483635909773,0.7145825934672922,0.8557680836239978,0.8484012934351177,0.8372825926881995,0.979404644092035,0.9795920554905553,0.7740307280994122,0.7238015836707185,0.7821109549303737,0.406499239112993,0.777204808594571,0.7943571282049966,0.7882415657125466,0.7925250648985537,0.7707364719124897,0.743861465466415,0.7255068650214879,-0.2885549890472182,-0.4395900707712636,0.6776783817184223,0.8878040205630406,0.9228210854781951,0.9399909383173591,0.9088150752075276,0.8237988210591963,0.9087038197655797,0.9277316998567325,0.9265195735977682,0.7754372180833424,-0.12030795762446003],[0.9961951852544615,0.9918925141065754,0.9904852010801839,0.9966117735657429,0.9985589105082376,0.9843756756701576,0.9975329894083569,1.0,0.9679017091871296,0.9999998280863879,0.9999993027137111,0.9997539075167533,0.9999970753444342,0.9999926152911717,0.9999982253828846,0.9993179644134599,0.9914019632603548,0.9994508278196863,0.9999085614542624,0.9999081844069554,0.9999645725121463,0.999998774754917,0.9911574044606514,0.9762227040075688,0.9928458340000939,0.9407996083467103,0.9940739947160425,0.9905050590678187,0.9763387079265768,0.9514541792031652,0.9879483491311297,0.9938406541157495,0.9921489128828768,0.9720303339331554,0.9994677603449039,0.9995670620441925,0.999672049916677,0.9997414227432471,0.9992097761154599,0.9994999151788728,0.9982180907405329,0.9988220453281393,0.9995394076759944,0.999405892844464,0.9821835298066414,0.930971157928267,0.9489508917246556,0.9535142937511584,0.9385964264167349,0.8877161749390762,0.9554890829913171,0.9411752277892348,0.9574671444979834,0.9561160920836651,0.946223880474136,0.9795024885440194,0.9780365736226241,0.9906820031383743,0.9968577254286531,0.9456162910485865,0.9608030549193896,0.968123961210559,0.9719255284978447,0.9700192681574953,0.948748956900384,0.8994338869468111,0.9535795526672186,0.9564124484942993,0.9365164978935345,0.8869630254306123,0.9662742521638961,0.9369359390771389,0.9640207878072127,0.9463178136997886,0.7778296801472662,0.8579790700300359,0.7837609717864429,0.8725534523282764,0.8898155756349713,0.8969491269927352,0.8759156761791096,0.8854707850634685,0.34378839590029653,-0.5912909878783091,0.9619823000958291,0.9465476608076465,0.945762740923736,0.9499744990222178,0.9574194780364541,0.9681781678564298,0.9682773248837586,0.9253346920420026,0.9626134760752326,0.8452593560657049,0.7668427025608672,0.9448016490229151,0.9445025191291184,0.7942372824833208,0.9515582551475349,0.9526541780168313,0.8955888625508087,0.9756667669783244,0.8349704209355983,0.5701744261845662,0.7058952554792695,0.85664101477113,0.8451990159525938,0.8393254075242468,0.981793573868297,0.9819850028625241,0.7651365945292351,0.7162683645215597,0.7832952173788813,0.39426791230703295,0.7720559231770232,0.7897659973261313,0.7885611089612586,0.7869153347155657,0.7646314733638105,0.7381303948528293,0.7192087158980357,-0.30408402162699033,-0.45405392342271234,0.6640062282723408,0.8803202240349911,0.9202484407353952,0.9324243146620785,0.9030751791933419,0.8131069466324848,0.9022710958762403,0.921438290364561,0.9204925182756503,0.756716922042428,-0.10340680777392558],[0.9696739572694134,0.9856198730007186,0.9908174976752071,0.9719072697480402,0.9840541551147872,0.9927807005714069,0.9571067577391601,0.9679017091871296,1.0,0.9829514592640056,0.9872942266236971,0.9896326362849283,0.9715713879247748,0.9799079249958933,0.9764835141523918,0.9744126293029128,0.949332667177738,0.9792294346648415,0.9772360033059109,0.9772055781618477,0.9814202633952444,0.9763540140640911,0.9939606796340812,0.9928962983398186,0.9808304396932335,0.9889822617493106,0.9839104022463186,0.9902291591589577,0.9906248070499957,0.9682863305117385,0.9275844534506719,0.9491915206465472,0.9657241758483956,0.9503203546723286,0.9708799596767923,0.9792929969819594,0.9759859947606065,0.9783380879686582,0.9878746372874339,0.9804461532922958,0.9669373196088084,0.9763684968957449,0.9717349114806718,0.9707088222085586,0.9989725254209603,0.890652593513997,0.9179466707863346,0.9452376973420374,0.9360513910835881,0.8622042843900988,0.8845433499954674,0.8821756566866931,0.8884392825166649,0.9117582721991977,0.8924389633312341,0.9280214967188559,0.9439224556857223,0.9495513930228971,0.9612405427675734,0.9008099310260862,0.9667953416553636,0.9436865201465144,0.9646100528875262,0.9436960834917856,0.8989948447354928,0.9135413979591362,0.9407067549674578,0.9126273748674528,0.875713439139842,0.8797154595656351,0.9661542391119441,0.9178543882077812,0.9419117232361106,0.9038132204353353,0.8178240640396375,0.8442392640492571,0.7249086981996681,0.8643561629535826,0.8766928265910182,0.8904274196088204,0.8384948320657026,0.8570185486074919,0.3909089656091003,-0.5264296408203493,0.9557572591038683,0.9514422792594573,0.9477990763313229,0.8994708386230251,0.9458639583207841,0.9537148590300623,0.9530784250865,0.9373031845957046,0.9381750087278992,0.8678111940432963,0.7713231210393791,0.9361638840666248,0.9597447361072313,0.7946064969460835,0.9325831904185518,0.9342094327313528,0.8503650606505784,0.9674870951129604,0.7416507102246046,0.4610075254625031,0.6473183105279392,0.7739971829800608,0.7743219556506985,0.7522026332157203,0.9668160944059984,0.9668436137257277,0.6940616349741409,0.677539486150367,0.6756529222053247,0.3861407426446229,0.6857295819934311,0.6919463341451254,0.6756216928488433,0.6909667793887841,0.7385207631368428,0.6804157462487336,0.6639356072344347,-0.34669186259966955,-0.4822558459550442,0.6745135337043913,0.8355655298614815,0.8327821412627248,0.86042128762493,0.8557718899011626,0.7492561126785754,0.8131911392938335,0.8383724802419728,0.8325560868428377,0.7045414264726441,-0.04121971771537819],[0.9964928830219674,0.9919069963988193,0.993175287538171,0.9969472898617736,0.9985595937647391,0.9838273309205396,0.9996109371538097,0.9999998280863879,0.9829514592640056,1.0,0.9999991235818453,0.9997585735684629,0.9999985293456493,0.9999914323755128,0.9999977343893358,0.9996764149757732,0.9978361971581119,0.9994464438278161,0.9998821065467646,0.999882056959496,0.999977036070549,0.9999993056455083,0.9937318527465426,0.9778398973067973,0.9961267994901915,0.9737218933198842,0.9962096383621313,0.9904853644445349,0.980718693421197,0.9527560325183874,0.9895309178922204,0.9936392448158051,0.9896889504821379,0.968589819951514,0.9994924434892172,0.9995590976090742,0.9995713817543411,0.9998301644706818,0.9992227738061488,0.9995075365896927,0.9984291902147003,0.9988636705028295,0.9994971112970931,0.9994922647570014,0.9865349757678736,0.93089212038483,0.9489874020428015,0.9533375876617156,0.9384179030050905,0.8878524449844091,0.94571565778517,0.9352933991327245,0.9494050007886093,0.9542197106355775,0.9442052548872081,0.9783004724201037,0.9780711975150422,0.9912671206602169,0.9966505568578253,0.9730059690647276,0.9607939038830592,0.9733697452851803,0.9719102652378614,0.9738284190450803,0.9735827908083404,0.9416220429500087,0.9535245245646058,0.9519321977086591,0.9515997807341117,0.9119092806539233,0.9662340310508494,0.9652064541171794,0.9709153789383432,0.9699539837980835,0.9271691241976613,0.8580245013503379,0.8159073421734625,0.872376686824554,0.9098377002430721,0.8971453711700567,0.9030073520588094,0.902177140334047,0.7141211238689481,-0.5994859032522024,0.9619881500721997,0.9465468568848294,0.9457723030664408,0.9741079539970503,0.9529082891576413,0.9678509714456701,0.9674986534360376,0.9261840437398237,0.9695591029896979,0.9289781949856369,0.766851638934264,0.9445047879180589,0.956385660064716,0.777565302047244,0.9451211854726587,0.9463814326587946,0.8956614301985213,0.974836218783407,0.8964144565738281,0.46967282202782984,0.6817282798760048,0.9022148680782597,0.8527646361981773,0.8978810751128865,0.9817524929235272,0.9819728880254514,0.7652055238540834,0.7160143156654665,0.7683747216490827,0.39438913266803227,0.722363361061782,0.7732535038163525,0.7686539763428542,0.7352814512565914,0.7643784515464305,0.7380998564464977,0.7191522449519112,-0.523984657953604,-0.6060768248918259,0.6640576982808659,0.8804688728098697,0.9197922968186083,0.9361461640547324,0.9032576078544452,0.8096162407999778,0.8968768844692315,0.913389821931915,0.9128532964879782,0.8027713388422067,0.12277904169163509],[0.9946735107222873,0.9919216590286276,0.9971618661620026,0.9953524551726498,0.9981664336727772,0.979648763987928,0.9995681427867702,0.9999993027137111,0.9872942266236971,0.9999991235818453,1.0,0.9997585289348953,0.9999963543409045,0.9999947340921235,0.9999983076370594,0.999658446711013,0.9974849595443198,0.9991745174868075,0.999780840428745,0.999780687582471,0.999998417674516,0.9999983232239746,0.9928987865595277,0.9731315858768701,0.9951770642772799,0.981671281823487,0.9957705941791405,0.9905008363821325,0.9827862783944881,0.9448029524511794,0.9884906456383336,0.9930010041859028,0.9831998037711418,0.9427235133690678,0.9992593353304451,0.999316218959342,0.9992539982104379,0.9998911432855029,0.9992054294084305,0.9992642234708793,0.9978516407113814,0.9984466937971107,0.9992314136786967,0.9992288961559995,0.9886395089374305,0.9305851129813123,0.9140536158218291,0.9532775260234365,0.9383134751410641,0.8875208329204016,0.9132728014355098,0.9028922048429464,0.9179023783747168,0.9267355151535311,0.9116000305524034,0.9701299281854544,0.9701046864049039,0.9905776200344902,0.9950856319330152,0.9655803807776573,0.9609070881648609,0.9617621775487062,0.9624217052287146,0.9633596079964756,0.9630958131071548,0.9178088293701137,0.9434787931838294,0.9203107173386811,0.919812077162404,0.8436699742269965,0.9638797611853772,0.9697059833973095,0.9660200884668251,0.9649359311800473,0.9188049144351745,0.7864323836658332,0.7462215658324939,0.8321281609975135,0.8872673872104823,0.8543562490493546,0.8707456450938996,0.869341542156567,0.7112124650486689,-0.41607462478996055,0.9489441154670278,0.9466713242099698,0.9458587688356758,0.9667938754951613,0.9396487952639632,0.9519174493427051,0.9512840408855502,0.897051221865508,0.9548667343909713,0.9022375549895456,0.7670060547771826,0.9448375246711626,0.9598157096899886,0.661357215813402,0.9024021646998233,0.9052095704071398,0.8515984947146406,0.984580005036485,0.8392312748663556,0.1312506548505834,0.5301189210875574,0.8515023035457691,0.8170275791124335,0.8459013222980312,0.985330209194352,0.9853484131007081,0.5159013175140905,0.6254378219383104,0.5232181517833645,0.3943074704964082,0.48909290010108103,0.5348430969204319,0.5246791186242976,0.46184038041763553,0.7523218643172082,0.598322056241337,0.5587860037565774,-0.48733647761046517,-0.5433819658324327,0.6634533622580382,0.8593238666670407,0.8720881279477349,0.9032854099520945,0.8967438561810591,0.6655234843234087,0.8411926025188666,0.8645211750674133,0.863779726482114,0.6084690505017131,0.06806731497611611],[0.9942297575453857,0.9935627966051825,0.996333539312776,0.9951134171939755,0.9981966977089654,0.9788308065670082,0.9995896738454804,0.9997539075167533,0.9896326362849283,0.9997585735684629,0.9997585289348953,1.0,0.9997719619404672,0.9997570265594031,0.9997636934112633,0.9996620426548442,0.9981281034242232,0.9993785834864232,0.9999689014955073,0.9999685932806691,0.9997627328894134,0.9997685585907727,0.9923877954600536,0.9694990590892677,0.993894409264272,0.9822122963760993,0.9947009603264237,0.993132024912511,0.978689491522363,0.9249402529250904,0.991168042712903,0.9940644682899649,0.9786045426950905,0.9229706402880768,0.9993894152326649,0.9994395814279549,0.9993988136905612,0.9995698693850672,0.9995958009958269,0.9994161057527572,0.9977075812454111,0.9984755849057956,0.9993766835567077,0.9993735291416106,0.9898705348491643,0.9259094136922243,0.8993260047990191,0.9504409197121337,0.9376945885129526,0.8875900499679826,0.8761731600795858,0.9154462010345735,0.8799566175600945,0.9014091186165636,0.8742955078918508,0.9571910686500346,0.9571736838715009,0.9814405399794106,0.9944401723730223,0.9647399270936711,0.9656981468746549,0.9578991633752166,0.9605591353355905,0.9607628562318669,0.9605971950698577,0.9186161560509787,0.9357500787165696,0.9071966373506547,0.9070014789527485,0.8280776738484189,0.9627310130673741,0.9649812211836396,0.9650744279577367,0.9645057052284884,0.925602600460864,0.7315402596930815,0.6871685964978204,0.7948417300330318,0.8634033034161052,0.8150635984728476,0.8399724623136697,0.8390909857213142,0.6865930320565783,-0.3133985765166987,0.9436033448716405,0.9495558587931441,0.943345439865031,0.965629206774497,0.9404178935883793,0.9474824398686255,0.9466823027209595,0.8951251413859307,0.9501715670912486,0.8991476182511228,0.7153513552128786,0.942185514478931,0.9366266056512365,0.5230355001794857,0.8430853068058668,0.8478993571113933,0.7428612609635192,0.9779236481643591,0.7187644501544752,-0.2394580711136889,0.2622063335609726,0.7427735419215504,0.6978246421450804,0.7363688893861918,0.9791055071204701,0.9791948010663374,0.19469951646936087,0.3526011666364641,0.1997822514322174,0.17175254678390112,0.19181531072965327,0.20827025565558036,0.2057630988727216,0.12227617599954461,0.5402879773078342,0.2729812012038786,0.22048540339147263,-0.5051335770089767,-0.5497641613643686,0.6643389725839681,0.7526646522389272,0.7766085846500757,0.8399173918367275,0.8237337719870753,0.5633274339551646,0.7543133382185482,0.7713230739565233,0.7702258878939415,0.42331224903792447,0.2593895446207174],[0.9963066645008598,0.992029746294697,0.9903480908501656,0.996705361360017,0.998585018214296,0.9842348886575378,0.9984243457036784,0.9999970753444342,0.9715713879247748,0.9999985293456493,0.9999963543409045,0.9997719619404672,1.0,0.9999910704847278,0.9999976802570848,0.9993665017941102,0.9930866728915381,0.9994910500708856,0.9999176284958625,0.999917444571371,0.999971588978144,0.9999989676088575,0.9910447347371909,0.97604163391233,0.9935051807494281,0.9457357962260656,0.9940266514533054,0.9906217567743348,0.9761434768583703,0.9514080287305238,0.9888562315257626,0.9939206549271665,0.9922351828463123,0.9721671114132968,0.9995104039730013,0.9996069025536546,0.9997026858571957,0.999741291102991,0.9992713120995217,0.9995412129271111,0.9983049371149795,0.9988901661076575,0.9995822557111634,0.9994493186051362,0.9819502961037717,0.9312592967837859,0.9491347776930128,0.9534712133658141,0.938752573983037,0.8883998605089622,0.9558477094577439,0.9415764429672004,0.9578300092840559,0.956469849208058,0.9466302987935786,0.9797605162429602,0.9782325173559313,0.9908260719839416,0.9969378272809404,0.9458933288664666,0.9608771714433751,0.9683504947758318,0.9720082767078396,0.970243501224033,0.9489795944157762,0.8994661129889717,0.9537725021542492,0.9567680381782474,0.9369111764938259,0.887235723382063,0.9663095643489484,0.9371030016804569,0.964197371735713,0.9465747733318566,0.7778026735708763,0.8583180263680554,0.7842454131837447,0.8728733220290649,0.8900675974596943,0.897115292953407,0.8762615641714786,0.8858167044868112,0.343963887219163,-0.5913191653406251,0.962113609074263,0.9467493509197406,0.945941955019334,0.9501968770143754,0.957560314223574,0.9683261151679324,0.9684279855740463,0.9253854960894676,0.9628589821464232,0.8453339021806864,0.7669377238163025,0.944200389613332,0.9440002513006062,0.7943211295816408,0.9515771871783248,0.9526648809772175,0.8959320524284928,0.9755238287043293,0.8354569789673678,0.5712579102121753,0.7065560027351019,0.8571155203452219,0.8457335738327244,0.8398061555013524,0.9817309139562571,0.9819222183700339,0.7657596009238125,0.7167989020676775,0.7839037008566494,0.3949437877199042,0.7727304700693881,0.7904585297266897,0.7891821078115872,0.7876269448284259,0.7649857461020042,0.7385838820286262,0.7196806056112813,-0.30314463851505724,-0.45321952879618854,0.6644795503233004,0.8808480180144489,0.9207185216990426,0.9329650888257038,0.9035598872994757,0.8136818031773202,0.9028575878084473,0.9220203900960391,0.92106370810836,0.7574043807486666,-0.1044407016403985],[0.9963424980860042,0.9919075722047946,0.9925368993744077,0.9968284560585278,0.9985916773943189,0.9847559419329577,0.9994767029946293,0.9999926152911717,0.9799079249958933,0.9999914323755128,0.9999947340921235,0.9997570265594031,0.9999910704847278,1.0,0.9999949770956078,0.9995595189912074,0.997779701371511,0.9994484774549369,0.99990278712215,0.9999017686135084,0.9999532097667859,0.9999912908485009,0.9929991724867409,0.9764705127243347,0.995835879213458,0.9677113615480528,0.9956119894956746,0.9904599592861251,0.9765478858724761,0.9515851815500396,0.9891158475066927,0.9939340271937135,0.9915044502020761,0.9716742280076468,0.9994859347013911,0.9995594908146401,0.9996207766214955,0.9998864269311677,0.9992335284254894,0.9994895523204296,0.9981585561803615,0.9988108442670318,0.9995044691370796,0.9994974148873781,0.9844639658769341,0.9310403491592115,0.9488824582611534,0.9532573354798998,0.9383310442634871,0.8878139402341212,0.9501747403523795,0.9340275776390725,0.9524438162430685,0.9558110481888152,0.9458856886902433,0.978114649993037,0.9778968788678228,0.9900811665208583,0.9969319217140018,0.9732973998645804,0.9605620710188499,0.9736449848139578,0.9719184401969908,0.9745994500658829,0.9743402680277258,0.9501341606826481,0.9532434462745929,0.9559129812842928,0.9555627077729482,0.9273979410688946,0.9662682545101353,0.9679946843612812,0.9725624030232916,0.9714808108262742,0.9359533687316265,0.8577313897573686,0.8218643291042833,0.8721605058768269,0.9010456371323465,0.8967575221047664,0.8974232306142027,0.8962532265298143,0.6914949718215766,-0.5918994551829455,0.9620114975450181,0.9464368202941534,0.9455225762167665,0.9744131234892972,0.9575338546379389,0.9682034036182522,0.9683026398292834,0.9255724500242124,0.9689093502472829,0.9369997086058593,0.7667355808295387,0.9442433841439706,0.9494875094631194,0.7934130527068971,0.9514190462434032,0.9524446072293491,0.8955311411840914,0.9758714839971037,0.8843037412827063,0.5704796571618689,0.7054143324896158,0.8920510165928673,0.8584818209284645,0.8828485131669205,0.9820052595842903,0.9822227022071062,0.7643114926235993,0.7154722620754138,0.8013483905146779,0.39437617126114305,0.7778513118469849,0.8058651323175333,0.8003710528301125,0.7867800274341262,0.7644621559784402,0.7367858276641254,0.7178799675271528,-0.39451965801871247,-0.5157189012319568,0.6633419759408336,0.8804631678306301,0.9169751112204535,0.9283207941687392,0.9035926911907833,0.812267155538071,0.8898180243049639,0.9099478838329369,0.9095344045403757,0.8398863274645197,-0.0712578267741869],[0.9962395932834118,0.9919666370123951,0.9905427768673652,0.9966556497799286,0.9985910016383811,0.9844469299899523,0.9991873956471281,0.9999982253828846,0.9764835141523918,0.9999977343893358,0.9999983076370594,0.9997636934112633,0.9999976802570848,0.9999949770956078,1.0,0.9994573377797931,0.9970457979432862,0.9994668151961733,0.999911463072574,0.9999107922737265,0.9999655973531849,0.9999975986555564,0.9912023912001477,0.9762882388595918,0.9951884832632413,0.9592296696552319,0.9949891388355117,0.9905780247205367,0.9763939146592873,0.9516242081882584,0.9913236112682633,0.9941870497581135,0.9920977770436978,0.9719416171176584,0.9994793006808341,0.9995683476511265,0.9996792239680677,0.9997568931495012,0.9992377113299161,0.9994973136484832,0.9982430432508032,0.9988382864738843,0.9995492599360317,0.9994184513661143,0.9821847736317323,0.9310475970115745,0.948968402492495,0.95350970398079,0.9387003301202221,0.8880098190059356,0.955567358127036,0.9413077967983473,0.9575771536745313,0.9560656263073739,0.946139840629378,0.9795270774864783,0.9779804728815127,0.990651938491813,0.9968215366474579,0.9459095811217361,0.9608819203961607,0.9682905243296345,0.9720058519264377,0.9701717168397758,0.9485688441910092,0.8996502968821952,0.9534909986813974,0.9564770792647522,0.9367277814322261,0.8870982940893379,0.9664199347251051,0.9372793228969293,0.9642230793606905,0.9466254678355938,0.7781757403102745,0.8579765580975666,0.7840217556874407,0.8725936587330528,0.8899853548036701,0.8969566092472271,0.8760674095134283,0.8856386452054192,0.3441454888884471,-0.5909868071678785,0.9620691260420936,0.9466801774797851,0.9458813520380283,0.9487434405698625,0.9575948802455502,0.9682605237296407,0.9683561137227924,0.9255284074221389,0.9627808950750992,0.8455267151254846,0.7668725089560261,0.9445125783628854,0.9444053904112828,0.7942409415704248,0.9514862946298519,0.9525864605027685,0.8954060243671369,0.9756834270417686,0.8349999220666526,0.5699972747720923,0.7057810395173879,0.856648685164939,0.8453209385433775,0.8393519074029676,0.9818316220714561,0.982020101090398,0.7647475225308465,0.7159297960009708,0.7832735618232795,0.394524204239827,0.7720323179757838,0.7896846328024044,0.7887146588085389,0.7868145180261811,0.7645506801782584,0.7373911544278955,0.7185039574203376,-0.30389760323063386,-0.45386297454823127,0.6642495707095849,0.8802250013198619,0.9203690312791958,0.9324629426061786,0.9031142572853654,0.8129001469660498,0.9024709732791502,0.9214714436973671,0.9206427962791232,0.7568090616381858,-0.10367478498253656],[0.9977126349342034,0.9941276943186043,0.9899812217677273,0.9979788616859026,0.9990842884870412,0.9841172851456369,0.999891502857729,0.9993179644134599,0.9744126293029128,0.9996764149757732,0.999658446711013,0.9996620426548442,0.9993665017941102,0.9995595189912074,0.9994573377797931,1.0,0.998392783789265,0.9998496697059032,0.9995470908386858,0.9995518850356827,0.9997668606133769,0.9995323705352716,0.9908373828031098,0.975238385251085,0.9938200204617652,0.9516096722617317,0.9934659881239433,0.9921642342738217,0.9745290490693378,0.9521760570924988,0.9917663697950901,0.9926049470833866,0.9929844261794655,0.9740699392237147,0.9992714464977542,0.9997333291552024,0.9997158956941915,0.9995680712088769,0.9995948833372547,0.9996883429813486,0.9988412505019428,0.9995803298897644,0.9995078992352733,0.9992670438505493,0.9807667838871723,0.9295456563837462,0.9511167213216977,0.9498214987059973,0.9390696074264876,0.8949341315940486,0.9576614894811412,0.9459026410289406,0.9599604186204529,0.960267286106249,0.9504364168942516,0.9815500292792705,0.9800761648110419,0.9916288212045069,0.9963366878266837,0.9505954519337984,0.9645590245503173,0.973454961032213,0.9745916130974625,0.9750671268010224,0.9514942409384668,0.9056921436632518,0.956876693631041,0.9619480396918381,0.9418468795545196,0.8960733288455025,0.9689207329443883,0.9424236437147503,0.9687576495919794,0.9511470135851782,0.7870957478351109,0.8637053863521185,0.7885351196533448,0.8781478584306789,0.8952327097098512,0.899851693196587,0.87993074536951,0.8911107376862881,0.3557514111260968,-0.5880153954667298,0.9654369307647045,0.9517124481337846,0.9506573981127121,0.9529908640224662,0.9616483331569591,0.9715625230730925,0.9716482798623327,0.9300051406325777,0.9682183045980158,0.8537103499697861,0.7685916906427758,0.9347427181105464,0.9362541538067384,0.7967246461291022,0.9515527313976416,0.9524528904697557,0.895639882617336,0.9721369748902541,0.8342852093