var element=document.getElementById("correlationClose");if(element.style.display!='none'){var correlationClose={"data":[{"type":"heatmap","z":[[1.0,0.9999893237775686,0.6781035660447403,0.9997398896524455,0.9980889745113672,1.0,0.9926456715556107,0.9892596199413836,0.9892596199413836,0.9932170377554234,0.9772957990244446,0.98711851964589,0.9926816000642886,0.9930619261452052,0.9927295211897869,0.7683693849435356,0.6942093383095038,0.27875846338477483,0.9935031501211609,0.9934958999233041,0.9856431740008255,0.9926726689540887,0.39725793430069317,0.7504032826158654,0.9825234213129992,0.9825234213129992,0.9825045185855429,0.9755971242878134,0.3143137164865601,-0.1323591942438527,0.9895921398602855,0.9895559359916702,0.26580461108467424,-0.20668011581465773,0.9947982245110664,0.9952837761009853,0.8531930797369364,-0.3553008276130968,0.9906368511576031,0.9952695396013191,0.7513931878448972,0.2593689257465409,0.9949277361515524,0.9949221051450011,0.9949277361515524,0.897756123828857,0.6537650402160495,0.9176172943403161,0.9223918376425585,0.8363809367654313,0.37786170883529524,-0.17822810513251625,0.21386557186630867,0.9494345450247517,0.3795127150338501,0.9752387926504594,0.9713580717007315,0.9808964794745452,0.9897157015876944,0.9333540146417924,0.941421359714942,0.946825991254552,0.9332451783329344,0.9440819893210478,0.9447050171931054,0.9440819893210478,0.8895235762523234,0.9246270978644612,0.9254991633454246,0.9246270978644612,0.9265358299727955,0.7970125608026388,0.8996413873788793,0.9008919295897935,0.8996413873788793,0.7129609888142062,0.3957625871300529,0.6999215007147218,-0.5426782150493396,0.6054068206997986,0.6239586598942706,0.6244570463677085,0.6239586598942706,-0.09124221991317828,0.9146930762567705,0.9452239443669088,0.9301745460924419,0.9347483734396203,0.27098919816169814,0.9096377266450131,0.9102894253052205,0.9096377266450131,0.9138830720245962,0.9138830720245962,-0.09332780109821026,0.5917870041833809,0.15434396182173712,-0.6862147409305384,-0.5898046593226257,-0.5936627022558755,-0.13352815998305564,0.1300403541169362,0.2052331877543504,0.005799060289124701,-0.5560963247098857,-0.019693564526680606,-0.796952316070587,-0.2884846713694234,0.16288469772889277,0.16444757717567143,-0.5718468508967074,-0.5766273100266212,-0.2775197423965118,-0.5138666509568507,-0.8151868260940922,-0.40625511829041727,-0.398484741643704,-0.40625511829041727,-0.22398001935463693,-0.34223565688646657,-0.34223565688646657,-0.8031713359390619,-0.8031713359390619,0.41134312348517826,0.630895237059506,0.8528487880625978,0.8402686280551226,0.7565793711510351,-0.3319525121368909,0.7474525333785174,0.7781654767362475,0.7783501208858394,0.7781654767362475,-0.18654659742384908],[0.9999893237775686,1.0,0.9811148136376159,0.9994930372023775,0.9959260652563536,0.9999893237775684,0.9849093145845446,0.979482224938879,0.979482224938879,0.9847940221497266,0.9725049036505291,0.9859422903301875,0.9849512631585177,0.9849019153123723,0.9848017623173616,0.14943927627847664,0.05740324166352782,-0.43741472828937406,0.9883156131341828,0.9883103536511073,0.9849978023141922,0.9849996606582179,-0.16105717855492735,0.9801173773246545,0.9800278366572498,0.9800278366572498,0.9800627381748824,0.9757639853408803,0.09461407536677335,0.11791051332930562,0.9826529521015291,0.9826970517316824,0.79705665306602,0.09637845085616009,0.9907499934314532,0.9907866364454159,0.9913040071613541,0.9859954895236932,0.9897383244763878,0.9907931210198804,0.10175692642675242,-0.4421544111434629,0.991368329347125,0.9913646714246951,0.991368329347125,0.8975878806766612,0.5009919753016685,0.9177540802482292,0.9223494986940066,0.8358786182576615,-0.2846585388465471,-0.48625998277295296,0.8437039791213541,0.8861515412847519,-0.25354819864824596,0.9399598024859313,0.9400964872223077,0.9602679204393879,0.978217237973557,0.952816043666184,0.9586036787575809,0.9442145054500443,0.9451792787112192,0.9476648657017371,0.948035396770878,0.9476648657017371,0.8632691314234483,0.8377830497052232,0.8392812437381366,0.8377830497052232,0.9549602708901683,0.9579717939930816,0.9548779765439992,0.9556123692088123,0.9548779765439992,0.6416474252247389,0.5930888212132154,0.6797602819393371,0.7514413311617718,0.663985578883992,0.6867817861220159,0.6875978901509027,0.6867817861220159,-0.13977777467762467,0.9197767884625871,0.9409515569334177,0.9336847830619276,0.957672888438753,-0.2962120707221194,0.9162924339005258,0.9164429333544906,0.9162924339005258,0.9227562566659638,0.9227562566659638,-0.17898565838610794,0.5921136160001165,-0.36828954701402045,-0.7802779304016357,-0.4585652186493042,-0.46239543193739263,-0.38023900471826805,0.2726003205542993,-0.2609929485391536,-0.4927810887094801,-0.731913403326037,-0.35366325652366415,-0.4753739221210738,-0.41631790128681645,0.1328612840331427,0.1301976322312111,-0.4861768175721321,-0.45214961492613215,-0.4807591571561842,-0.512251597106932,-0.504407673882167,-0.4832419556947851,-0.4864854419671015,-0.4832419556947851,-0.3647132135786858,-0.5343467517885547,-0.5343467517885547,-0.5024919741517909,-0.5024919741517909,0.41054387209373316,0.36884585211972815,0.49773405827160283,0.603879781934248,0.52582912188329,-0.4390758612796491,0.3750698498080725,0.31523904318945234,0.31541211268512187,0.31523904318945234,0.17227590807397514],[0.6781035660447403,0.9811148136376159,1.0,0.675050915319224,0.6109483769697102,0.6781035660447403,0.6585532417338454,0.6509277673624915,0.6509277673624915,0.6050433222942965,0.5694110452464154,0.9951310154415199,0.658580782765772,0.65325185652807,0.6587414513421794,0.4126039215605352,0.3827380123277235,-0.20994650547615115,0.6216915803325413,0.6211186055503285,0.5887843002485507,0.6577727366876682,0.17935154582732787,0.7959936100338407,0.6381996977303048,0.6381996977303048,0.6379747335184116,0.9882278893975944,0.29332297987903916,0.11292042264207025,0.616525598353971,0.6161533515916201,0.657812364243979,-0.03046584439946054,0.6543537977041507,0.598708385440615,0.6204494620046636,0.29707263743233747,0.993393315879972,0.5946203977362137,0.3989570356442599,-0.21911116806490427,0.6712746366714833,0.652473457523212,0.6712746366714833,0.8946915209787131,0.4083954795825982,0.9330194394035596,0.9120808253796929,0.7381503500430602,0.22215236730558943,-0.06883573176268419,0.051835884682066444,0.5438061802341666,-0.08488414824137394,0.5998313810354581,0.5700307378301014,0.5904738301348488,0.5546081844875421,0.009090049451486842,0.8030736497986761,0.7374321300024597,0.6542531771196637,0.7431459504773175,0.7670214151156391,0.7431459504773175,0.5473610193719556,0.6538660903528205,0.7057057693776894,0.6538660903528205,0.7087817354107578,0.6826911626037873,0.7335726466884482,0.7765373839591891,0.7335726466884482,0.43217099642984913,-0.08572495826243792,0.44795278046570386,0.09602106386343379,0.4276042005781911,0.264905125406666,0.5013094771497567,0.264905125406666,-0.1459036906171114,0.6284991164012906,0.8864652519989854,0.6967321286646659,0.7777211232554745,-0.06723094941037949,0.6659753855124314,0.6658676583108768,0.6659753855124314,0.7269395457428358,0.7269395457428358,-0.19584422694280473,0.7020376792771216,-0.18375937738014814,-0.7016910667717167,-0.4411147190199395,-0.4450202526845847,-0.4265243959548199,0.10330126937212458,0.020324260398022546,-0.3384928969119302,-0.6816447542316089,-0.1726918710876394,-0.3237101742054,-0.2753892503790179,0.04431027568936887,0.04283623969464923,-0.4906190716602412,-0.06818140709184446,-0.2617964887246213,-0.5119124514859437,-0.20911034053600866,-0.407697949357814,-0.28960145463301035,-0.407697949357814,-0.4205093889266782,-0.543139012267445,-0.543139012267445,-0.3093377419995119,-0.3093377419995119,0.35715987827469303,0.20109881149377035,0.288553943007502,0.5242048394290059,0.29137539505712134,-0.38546971855818835,-0.010381794252857755,0.4589784568040221,0.5591424920174008,0.4589784568040221,-0.009481789896647585],[0.9997398896524455,0.9994930372023775,0.675050915319224,1.0,0.9989513150460261,0.9997398896524454,0.9938435528852684,0.9908938019596035,0.9908938019596035,0.9946285914665336,0.9755290523895811,0.9902830127348796,0.9938698231792792,0.9945292054421929,0.9938950756674793,0.7676254236114842,0.6930720658889188,0.2643020709416126,0.9945225140108049,0.9945176106419554,0.9857339809829077,0.9938536362317907,0.38878349282879,0.7546067452927456,0.9849560563248423,0.9849560563248423,0.984936594283272,0.981517091405331,0.31015410354499073,-0.138358220952829,0.9889102647744747,0.9888820735935041,0.25801927504553673,-0.20692492983919933,0.9952924614267002,0.9959791442274665,0.8209354556866341,-0.3596145333792024,0.9929175453060018,0.9961794052420427,0.7499846480183882,0.24463168221756665,0.9933734533291286,0.995330522286011,0.9933734533291286,0.8955690386125926,0.6418846136504689,0.9209857792234503,0.9194921873468271,0.820282869677045,0.3731226490666614,-0.18296709808149791,0.2087155157973358,0.9442564579334267,0.3640784973907557,0.9709018941096591,0.9685754382059804,0.9788076626498349,0.989583924521447,0.915124056514771,0.936070746910335,0.9357808174211353,0.9300125094504095,0.9296316671384038,0.9304675456352927,0.9296316671384038,0.8828220969369652,0.9141977239223119,0.9151506832029392,0.9141977239223119,0.9237586363817435,0.744983937160495,0.8660168052065821,0.867296548907972,0.8660168052065821,0.7061292739715369,0.15842885604657403,0.691594749214625,-0.5472531610799729,0.6013492163272224,0.3604680334381159,0.5965952301943298,0.3604680334381159,-0.09715920567174713,0.9104313037838286,0.9393174142151126,0.9239185530184345,0.9146724418425105,0.25718379129436003,0.906044468066589,0.9068188085316005,0.906044468066589,0.8973889636167006,0.8973889636167006,-0.09774376350081,0.6104327483845474,0.15921210552141396,-0.6952941006950267,-0.5961533137430968,-0.5999306820307345,-0.14486757174666767,0.12582999494635788,0.1988272273882704,-0.006703016630460239,-0.5671473101342915,-0.02545417802119398,-0.8021248821277055,-0.29567574028314175,0.15358297905023763,0.15520253805997417,-0.5779628831654413,-0.5732454916948599,-0.2781567678397645,-0.5234338707112531,-0.8163540021734909,-0.40713845751229655,-0.3999183299247233,-0.40713845751229655,-0.23173761506205548,-0.35099987210548644,-0.35099987210548644,-0.8024886918362362,-0.8024886918362362,0.4023978428205046,0.6200537079717865,0.8450785752126727,0.8327525585338078,0.7496399484306314,-0.34401098861516555,0.7386358861237328,0.7694506034879772,0.769637131910037,0.7694506034879772,-0.171926792164497],[0.9980889745113672,0.9959260652563536,0.6109483769697102,0.9989513150460261,1.0,0.9980889745113672,0.997252564444166,0.9958740565084963,0.9958740565084963,0.9974587707703768,0.9687713685849484,0.9964289064761622,0.9972712046010259,0.9973442912107839,0.997295426891955,0.673108669541992,0.5733971539987125,0.05810755260292562,0.9976865402217482,0.9976859956648212,0.9878788983743697,0.9972585101712061,0.03316363611988947,0.7380704506650255,0.9926234729361598,0.9926234729361598,0.992585314119922,0.9904014455960745,0.0858493107958062,-0.12165059031924358,0.9874972418062409,0.9874307721222161,-0.0346134167337352,-0.10956221823504217,0.9977697397118103,0.9976975935813518,0.8139479905775628,-0.47748522971824353,0.9976034630594535,0.9980234961577708,0.643490495821673,0.03394421564939218,0.9977132647854365,0.9977177354683492,0.9977132647854365,0.9089154198752393,0.6075333343494829,0.9320118188657536,0.9202854393029316,0.7977553515501328,-0.07629083820380496,-0.5858547325471111,-0.17349512228597058,0.9344102332802999,0.21863196911621163,0.9675608089685447,0.9676069100179976,0.9815652565511811,0.9901671629614949,0.9142131354618944,0.9192965732414202,0.9263815711885423,0.9183798387447034,0.9247286928709372,0.9250725587734915,0.9247286928709372,0.8603890732472589,0.8748992522296843,0.8759648889105085,0.8748992522296843,0.9134234287754169,0.8330561194983699,0.8951524719310358,0.8959051355531104,0.8951524719310358,0.669285010025759,0.5615504620696424,0.6596217572586897,-0.5587457010071395,0.6508899914832935,0.6319732217523186,0.6313970903881374,0.6319732217523186,-0.10957158629337364,0.8943621379273997,0.9177799540935645,0.9036585665405847,0.9218191119513384,0.10293717292248765,0.8934771071169928,0.8944030271588062,0.8934771071169928,0.8989307306329624,0.8989307306329624,-0.13546995383157448,0.6561153459869605,0.013886235122436483,-0.7229882164188229,-0.6413243465746711,-0.6423353435046821,-0.17461894168713918,0.1491413067017887,-0.18802423256225545,-0.25081971678902804,-0.6335767997318488,-0.38003131101560994,-0.8449734924016916,-0.5660451355880982,0.12444249039240111,0.12591863580620377,-0.6025618686477526,-0.5680043540330674,-0.5475301148875681,-0.5600808060238942,-0.7726907130027307,-0.5979736663795099,-0.6008149466023517,-0.5979736663795099,-0.2682144724432008,-0.38259734492158615,-0.38259734492158615,-0.7419060921460356,-0.7419060921460356,0.3907982064908794,0.6038476700734985,0.8016956282968516,0.7934371141027474,0.7413431344164908,-0.46749303997722075,0.6066338147057305,0.6644464329512891,0.6646809199858219,0.6644464329512891,0.05498436441086816],[1.0,0.9999893237775684,0.6781035660447403,0.9997398896524454,0.9980889745113672,1.0,0.9926456715556107,0.9892596199413836,0.9892596199413836,0.9932170377554234,0.9772957990244446,0.98711851964589,0.9926816000642886,0.9930619261452052,0.9927295211897869,0.7683693849435356,0.6942093383095038,0.27875846338477483,0.9935031501211609,0.9934958999233041,0.9856431740008255,0.9926726689540887,0.39725793430069317,0.7504032826158654,0.9825234213129992,0.9825234213129992,0.9825045185855429,0.9755971242878134,0.3143137164865601,-0.1323591942438527,0.9895921398602855,0.9895559359916702,0.26580461108467424,-0.20668011581465773,0.9947982245110664,0.9952837761009853,0.8531930797369364,-0.3553008276130968,0.9906368511576031,0.9952695396013191,0.7513931878448972,0.2593689257465409,0.9949277361515524,0.9949221051450011,0.9949277361515524,0.897756123828857,0.6537650402160495,0.9176172943403161,0.9223918376425585,0.8363809367654313,0.37786170883529524,-0.17822810513251625,0.21386557186630867,0.9494345450247517,0.3795127150338501,0.9752387926504594,0.9713580717007315,0.9808964794745452,0.9897157015876944,0.9333540146417924,0.941421359714942,0.946825991254552,0.9332451783329344,0.9440819893210478,0.9447050171931054,0.9440819893210478,0.8895235762523234,0.9246270978644612,0.9254991633454246,0.9246270978644612,0.9265358299727955,0.7970125608026388,0.8996413873788793,0.9008919295897935,0.8996413873788793,0.7129609888142062,0.3957625871300529,0.6999215007147218,-0.5426782150493396,0.6054068206997986,0.6239586598942706,0.6244570463677085,0.6239586598942706,-0.09124221991317828,0.9146930762567705,0.9452239443669088,0.9301745460924419,0.9347483734396203,0.27098919816169814,0.9096377266450131,0.9102894253052205,0.9096377266450131,0.9138830720245962,0.9138830720245962,-0.09332780109821026,0.5917870041833809,0.15434396182173712,-0.6862147409305384,-0.5898046593226257,-0.5936627022558755,-0.13352815998305564,0.1300403541169362,0.2052331877543504,0.005799060289124701,-0.5560963247098857,-0.019693564526680606,-0.796952316070587,-0.2884846713694234,0.16288469772889277,0.16444757717567143,-0.5718468508967074,-0.5766273100266212,-0.2775197423965118,-0.5138666509568507,-0.8151868260940922,-0.40625511829041727,-0.398484741643704,-0.40625511829041727,-0.22398001935463693,-0.34223565688646657,-0.34223565688646657,-0.8031713359390619,-0.8031713359390619,0.41134312348517826,0.630895237059506,0.8528487880625978,0.8402686280551226,0.7565793711510351,-0.3319525121368909,0.7474525333785174,0.7781654767362475,0.7783501208858394,0.7781654767362475,-0.18654659742384908],[0.9926456715556107,0.9849093145845446,0.6585532417338454,0.9938435528852684,0.997252564444166,0.9926456715556107,1.0,0.9976121972928157,0.9976121972928157,0.9999720471658092,0.9632770149428257,0.9996969526042283,0.9999967413952155,0.9999875308651853,0.9999936898254329,0.8459144327226138,0.8325740126636797,0.2319162149810664,0.9998677248442851,0.9998680600579891,0.9903173041716337,0.999996928349218,0.3096250963490673,0.750504037992767,0.9863616272590118,0.9863616272590118,0.9874968814192449,0.9919453140783494,0.24302912020148118,-0.18931128501905736,0.9916919600617531,0.9916951700529547,0.16876224173243015,-0.25068315183718826,0.9993684277522698,0.9994852506697107,0.4544035664626632,-0.3031334637899776,0.9991121268058204,0.999452905146175,0.8264914819018392,0.21094400000421087,0.9453630998320959,0.9991284922605349,0.9453630998320959,0.917752119996032,0.6157014886645671,0.9423870877288038,0.9220481409566874,0.7647390714399891,0.4135142942518095,-0.12106887326020488,-0.1874052127071199,0.9328600154373589,0.33436976817218383,0.9688144328985345,0.9649547430211344,0.9798589796908022,0.9956447022238852,-0.01412320898614507,0.8820371135835543,0.8443264141019909,0.8868339551360123,0.8392286923147455,0.8041380488501687,0.8392286923147455,0.8251557607354127,0.8094151034204834,0.7986130079081319,0.8094151034204834,0.8808066678672092,0.418315190005001,0.6157389756300462,0.672005608189211,0.6157389756300462,0.6382453933108619,-0.33581223847640806,0.6130875612416078,-0.6127840362964997,0.5342577721909288,-0.07730444295550641,0.4667408707790858,-0.07730444295550641,-0.13796470566268376,0.8595908219398086,0.881526663047593,0.8674915027815726,0.7797717286705108,0.22362329732725672,0.8584420012143061,0.8595873287197109,0.8584420012143061,0.782650546971195,0.782650546971195,-0.17105468103811539,0.6973669587355067,0.23040382768006187,-0.6998007068567094,-0.6351337686287329,-0.638468819402976,-0.1847699092714756,0.07723371740042392,0.31845119868497096,-0.03386104797086835,-0.5775377577552087,0.03916369441253936,-0.8286918600654054,-0.19246451420320085,0.09081724510287377,0.09244971588798093,-0.6190659556662469,-0.5855390671850498,-0.11321109761029116,-0.593980808806296,-0.8316885937908592,-0.3983397277868749,-0.233306602153924,-0.3983397277868749,-0.29832944703351255,-0.3901053711052307,-0.3901053711052307,-0.8236795466006424,-0.8236795466006424,0.39044759478174124,0.589258667729085,0.5110259498234634,0.8039921474537234,0.7381423095128983,-0.39128848915547765,0.07142847030951356,0.7462808581332526,0.7652042887216474,0.7462808581332526,-0.10844899590999424],[0.9892596199413836,0.979482224938879,0.6509277673624915,0.9908938019596035,0.9958740565084963,0.9892596199413836,0.9976121972928157,1.0,1.0,0.9995885467788274,0.9570588766961861,0.9988205479944442,0.9983380046722988,0.9994354187193688,0.9991940521595998,0.8430008325721646,0.8207939058305033,0.21043459804278647,0.9992282827157151,0.9992306050847275,0.9878184778985841,0.9993227187319655,0.28468651199932427,0.7521630488980908,0.9931214150984384,0.9931214150984384,0.9857404188372719,0.9895000003804472,0.2258010235908651,-0.20223911001435532,0.9880584987708206,0.9914862558542785,0.15049931057653798,-0.2564598168193442,0.9983798541362637,0.9983778771251247,0.4379005190155635,-0.30926476495111516,0.99738141599355,0.9983343174396304,0.823759487069062,0.18909280720654784,0.9384627597430725,0.998210591338456,0.9384627597430725,0.9155612494320222,0.6011609179425228,0.942869026196609,0.9201351059456053,0.7454783421417753,0.40100962032896076,-0.13546050607571086,-0.19926399689172952,0.9249551362737332,0.3144304411905688,0.9643617787444364,0.9601188010506506,0.9750955534949316,0.9946364802668172,-0.02304555964222718,0.8730381373703441,0.830720136351085,0.8800357687406762,0.8266911000301562,0.7931801788619773,0.8266911000301562,0.8149308381118897,0.7932134047246743,0.7865057231877874,0.7932134047246743,0.8742061835710041,0.40110537239271854,0.5979176396412331,0.6573259979044654,0.5979176396412331,0.6276855179335438,-0.3494036167330803,0.6009428538390451,-0.6192684207511471,0.5280232825591165,-0.09782163306932119,0.4523089219180781,-0.09782163306932119,-0.14398982495428533,0.8517099957813458,0.8704857516792528,0.8575762382853857,0.7664848130014856,0.2061383965003495,0.8511316183702814,0.8524473950641512,0.8511316183702814,0.7678287977292102,0.7678287977292102,-0.18487812072860818,0.7186803139535431,0.23687109404518356,-0.7087271373646657,-0.6468516115193044,-0.650015998643436,-0.19880310912607427,0.07031875628593237,0.31142782498950516,-0.052542562961430686,-0.5894812197608275,0.029959525816915106,-0.8338783756525996,-0.19891249531524063,0.07649418796619714,0.07815383859625435,-0.6297451018566942,-0.5862879079968965,-0.1199507604054558,-0.609208891257112,-0.8308251524062578,-0.40924863875577044,-0.23938807034812498,-0.40924863875577044,-0.3145091730945964,-0.4028398093959016,-0.4028398093959016,-0.8213036968034052,-0.8213036968034052,0.3732115113697675,0.5733665423028115,0.49317323143803843,0.7868925958577717,0.7261869293321161,-0.41160015529351995,0.05811216941636834,0.7277854387935846,0.7498701318425812,0.7277854387935846,-0.09167608582397936],[0.9892596199413836,0.979482224938879,0.6509277673624915,0.9908938019596035,0.9958740565084963,0.9892596199413836,0.9976121972928157,1.0,1.0,0.9995885467788274,0.9570588766961861,0.9988205479944442,0.9983380046722988,0.9994354187193688,0.9991940521595998,0.8430008325721646,0.8207939058305033,0.21043459804278647,0.9992282827157151,0.9992306050847275,0.9878184778985841,0.9993227187319655,0.28468651199932427,0.7521630488980908,0.9931214150984384,0.9931214150984384,0.9857404188372719,0.9895000003804472,0.2258010235908651,-0.20223911001435532,0.9880584987708206,0.9914862558542785,0.15049931057653798,-0.2564598168193442,0.9983798541362637,0.9983778771251247,0.4379005190155635,-0.30926476495111516,0.99738141599355,0.9983343174396304,0.823759487069062,0.18909280720654784,0.9384627597430725,0.998210591338456,0.9384627597430725,0.9155612494320222,0.6011609179425228,0.942869026196609,0.9201351059456053,0.7454783421417753,0.40100962032896076,-0.13546050607571086,-0.19926399689172952,0.9249551362737332,0.3144304411905688,0.9643617787444364,0.9601188010506506,0.9750955534949316,0.9946364802668172,-0.02304555964222718,0.8730381373703441,0.830720136351085,0.8800357687406762,0.8266911000301562,0.7931801788619773,0.8266911000301562,0.8149308381118897,0.7932134047246743,0.7865057231877874,0.7932134047246743,0.8742061835710041,0.40110537239271854,0.5979176396412331,0.6573259979044654,0.5979176396412331,0.6276855179335438,-0.3494036167330803,0.6009428538390451,-0.6192684207511471,0.5280232825591165,-0.09782163306932119,0.4523089219180781,-0.09782163306932119,-0.14398982495428533,0.8517099957813458,0.8704857516792528,0.8575762382853857,0.7664848130014856,0.2061383965003495,0.8511316183702814,0.8524473950641512,0.8511316183702814,0.7678287977292102,0.7678287977292102,-0.18487812072860818,0.7186803139535431,0.23687109404518356,-0.7087271373646657,-0.6468516115193044,-0.650015998643436,-0.19880310912607427,0.07031875628593237,0.31142782498950516,-0.052542562961430686,-0.5894812197608275,0.029959525816915106,-0.8338783756525996,-0.19891249531524063,0.07649418796619714,0.07815383859625435,-0.6297451018566942,-0.5862879079968965,-0.1199507604054558,-0.609208891257112,-0.8308251524062578,-0.40924863875577044,-0.23938807034812498,-0.40924863875577044,-0.3145091730945964,-0.4028398093959016,-0.4028398093959016,-0.8213036968034052,-0.8213036968034052,0.3732115113697675,0.5733665423028115,0.49317323143803843,0.7868925958577717,0.7261869293321161,-0.41160015529351995,0.05811216941636834,0.7277854387935846,0.7498701318425812,0.7277854387935846,-0.09167608582397936],[0.9932170377554234,0.9847940221497266,0.6050433222942965,0.9946285914665336,0.9974587707703768,0.9932170377554234,0.9999720471658092,0.9995885467788274,0.9995885467788274,1.0,0.9623070599561558,0.9996635020974599,0.9999732370208083,0.9999724106240918,0.9999765460487526,0.7148588337022873,0.6189135103767117,0.11320710092833407,0.9998253999673967,0.9998262356641553,0.9902241610043591,0.9999705792644636,0.0868133081694955,0.7284957378606274,0.9954693733849267,0.9954693733849267,0.9954278893511607,0.9918344154736173,0.07269160031109653,-0.1310701533470439,0.990962614494566,0.9909232413940587,-0.014595523671672049,-0.2109604975779789,0.9994210000287629,0.999380418803398,0.8183524415353285,-0.4759501739500614,0.9990520187902435,0.9994271761138206,0.686757301309245,0.08933723300832742,0.9992905857765292,0.9992958616486217,0.9992905857765292,0.9175076457945173,0.6161631017683759,0.9421184984726212,0.9215800199959763,0.7642630601657833,0.022755465131333266,-0.539833257323955,-0.1307642780593155,0.9291792493489729,0.2799508496330829,0.9654359301444024,0.9649703910512373,0.9819437445285104,0.994938339234292,0.8896914016829263,0.8828944520462444,0.9029411718640092,0.8878841876310736,0.9012606527879208,0.9018052714260287,0.9012606527879208,0.8249220949296392,0.8567364297731841,0.8580653037143795,0.8567364297731841,0.8822290090509421,0.798088970055414,0.8680846018182965,0.8691614904237509,0.8680846018182965,0.6381193852835243,0.4934430800000794,0.612738126209309,-0.6151300791170468,0.5867628010588456,0.5562309720021573,0.5560155594385333,0.5562309720021573,-0.09268794929774737,0.8604292864703337,0.8815381378736061,0.8679947945614123,0.8979539738886314,0.13908177253753895,0.86367055605783,0.8653607175885468,0.86367055605783,0.8692595161992174,0.8692595161992174,-0.172654793232631,0.6979425350068731,0.0409726984684109,-0.7115440755811003,-0.6687248325353703,-0.6700238008683318,-0.1882329105957521,0.08056361023469583,-0.19271686528003507,-0.2170577778358259,-0.6162475556431914,-0.4068719128746078,-0.864342746695194,-0.6000706289555611,0.09006668180001974,0.091928200660322,-0.620537870494992,-0.5815867561618716,-0.5577646070448684,-0.5955232396016961,-0.7982425581288418,-0.6212295823422562,-0.6235366545823006,-0.6212295823422562,-0.30001551583321706,-0.39319026461178813,-0.39319026461178813,-0.7785575584150288,-0.7785575584150288,0.3902385539045682,0.5875850160266258,0.8125936361234507,0.8047989416089646,0.7362085591835377,-0.418047260602209,0.6387244153598746,0.689672526602385,0.689852522467736,0.689672526602385,0.12799412965159065],[0.9772957990244446,0.9725049036505291,0.5694110452464154,0.9755290523895811,0.9687713685849484,0.9772957990244446,0.9632770149428257,0.9570588766961861,0.9570588766961861,0.9623070599561558,1.0,0.9491043823480646,0.9632955317748151,0.9633212271534025,0.9630328509031919,0.5032857077853793,0.3982211664985953,-0.11328307121478244,0.9673955481567106,0.9673753711337819,0.9634021558650566,0.9633941125986907,0.0024275368739705054,0.7666713056142337,0.96478140956788,0.96478140956788,0.9649451994274654,0.9023711979989943,0.16802569532536646,-0.1173590265181463,0.9697785039879782,0.9698771280492123,0.13510969782241994,0.0336407447928072,0.9707544363611432,0.9709843045870704,0.8908975124869778,-0.3621957945728289,0.9568082889890506,0.9700038124837084,0.46918723900317805,-0.13372201544498974,0.9717872392914766,0.9717570546916922,0.9717872392914766,0.828170913838212,0.4189980388414661,0.8450572264638126,0.9066821010169123,0.8653957564196004,-0.49711033651499514,-0.6744292290848505,-0.2147336926707471,0.8962755926571869,-0.026721293524423,0.9237055373635964,0.9237654623587331,0.9409895034263459,0.9681437319248378,0.8914417364977142,0.8929639848869394,0.9064060719411219,0.8943792498733131,0.8997479342793768,0.9002609436402358,0.8997479342793768,0.8518608222431003,0.8319052739726637,0.8333412688052095,0.8319052739726637,0.8898283434377787,0.903406089063876,0.887838100055272,0.8883417379929219,0.887838100055272,0.717223564540134,0.6529484983452978,0.7181010305522406,-0.28563617874035074,0.7333160503157663,0.7482003006220791,0.7503346228773506,0.7482003006220791,-0.25007224873441775,0.8909704228441142,0.9398300762441781,0.9044480228789469,0.9033052800175568,-0.015557647152723298,0.8850822059949917,0.8858910459778343,0.8850822059949917,0.8925578279980797,0.8925578279980797,0.04199856085976897,0.41401540105532775,-0.12946325646191578,-0.6507331445774935,-0.4362237236683645,-0.43866919006780253,-0.05611750168137161,0.42513307862922767,0.020946364757114564,-0.17996242035681362,-0.5387871400601837,-0.0983711789212176,-0.7931536443831856,-0.2626474011629336,0.2949142975080842,0.2949826145184068,-0.4077661027875816,-0.4317094442649916,-0.37265492605561257,-0.3833671223249722,-0.6601308922342156,-0.39235340940377034,-0.39465623244992504,-0.39235340940377034,-0.12304513656634333,-0.4340411777947091,-0.4340411777947091,-0.5400786930543602,-0.5400786930543602,0.5308843220829192,0.6483754115599615,0.7514574641655702,0.6950421436694564,0.8118820488767362,-0.506078779419914,0.40470623248481224,0.5349467966759328,0.5352727772521094,0.5349467966759328,-0.15081922084661223],[0.98711851964589,0.9859422903301875,0.9951310154415199,0.9902830127348796,0.9964289064761622,0.98711851964589,0.9996969526042283,0.9988205479944442,0.9988205479944442,0.9996635020974599,0.9491043823480646,1.0,0.9996965150202426,0.9996929518644669,0.9996666737316167,0.25678994922795595,0.15536422481238898,-0.5153263037529426,0.9998100013537471,0.9998118527710248,0.9997006269233996,0.9996996499244541,-0.2569065813445111,0.9732958768801794,0.994930814673648,0.994930814673648,0.9949122787060306,0.9937513451002706,0.08425402651586655,0.07522079285033292,0.9920486584280513,0.9920959261873488,0.8368172601564929,0.005866913342385296,0.9990912871796723,0.9990496114564023,0.9989318560275723,0.9994151256898256,0.9994552690583707,0.9991297939526198,0.20271813630150748,-0.5232872130147396,0.998882560787238,0.9988895212334814,0.998882560787238,0.9121019309074322,0.45668039580870656,0.9380342017428933,0.9182718889163236,0.7645215761324732,-0.4035956866579281,-0.5993169583984,0.8231847432492517,0.85177817996358,-0.3424187927631187,0.9351843415392036,0.9353855369243835,0.9705207628937355,0.9938421872851162,0.9022883558617063,0.9081825985006602,0.8856940680260444,0.8891745419477287,0.8907622739838675,0.8912708972453088,0.8907622739838675,0.7822966073141708,0.7510140134708686,0.752855915243125,0.7510140134708686,0.9092465153198875,0.91490633946479,0.908034168613094,0.908959548751982,0.908034168613094,0.5372114600176768,0.47929980242137743,0.5742556735252787,0.6624189878832394,0.5660418194341565,0.5943964449455554,0.5963481732188632,0.5943964449455554,-0.31610294191609084,0.8523890737416326,0.8839179949043917,0.8721675465999171,0.908931887736354,-0.32273606637886165,0.8479015522517681,0.848115333259449,0.8479015522517681,0.8567126516523178,0.8567126516523178,-0.2245052000059402,0.6913446400925409,-0.39002812646057283,-0.7987755429920324,-0.5326450233794994,-0.5355230340313694,-0.423922606256803,0.22484626619228773,-0.3015075705840593,-0.5268460746300763,-0.7563092685826589,-0.3990735473383416,-0.5917704011366172,-0.47209401773129855,0.08186677793810172,0.0797029340642315,-0.5558018459856857,-0.5274667126191066,-0.5486347685554378,-0.5844954224711708,-0.578019500225221,-0.552168821781709,-0.555231624336066,-0.552168821781709,-0.4343425028288409,-0.6251100646431943,-0.6251100646431943,-0.6177210834932583,-0.6177210834932583,0.38634940970966425,0.338752450374931,0.47385698432758117,0.5767418024487182,0.5256111788396718,-0.5731751970910751,0.3140067096537829,0.2866587987271357,0.28687981839596116,0.2866587987271357,0.25145314759289294],[0.9926816000642886,0.9849512631585177,0.658580782765772,0.9938698231792792,0.9972712046010259,0.9926816000642886,0.9999967413952155,0.9983380046722988,0.9983380046722988,0.9999732370208083,0.9632955317748151,0.9996965150202426,1.0,0.9999909702245359,0.9999953052092487,0.8458855649751159,0.8215223476330641,0.23194989749545158,0.999868864120337,0.9998691779324979,0.9903482401092906,0.9999974987570553,0.309907663433839,0.7505679807227014,0.9913270507816783,0.9913270507816783,0.9874891730835497,0.9919331601604976,0.24326338126158792,-0.1892676694414874,0.9917320659725698,0.9917024954320475,0.16897220908311747,-0.25065772637098765,0.9993696886315433,0.9994877823669021,0.45438663270608803,-0.3029286822463059,0.9991138696230577,0.9994597690360432,0.8264504802397258,0.2109837734811885,0.9453509489214608,0.9991302291342039,0.9453509489214608,0.9177674001541455,0.6158286046268809,0.9425369509365771,0.9222020920436295,0.7648436725293282,0.4138732895857909,-0.12065487897288422,-0.18705685920068976,0.9329224268623262,0.3344204292287628,0.9688936107817857,0.9650037725046654,0.9799370230150369,0.9956563045816104,-0.01393808394364496,0.8821785971643109,0.844417748084902,0.8869493432779105,0.8393187964619782,0.8040904502807311,0.8393187964619782,0.8252576868477995,0.809472312004658,0.7985613008342392,0.809472312004658,0.8809498280515612,0.4182111838225431,0.6157498060947718,0.6719310272836156,0.6157498060947718,0.6382248059975966,-0.33582551403636085,0.6130888918624583,-0.6126765574348848,0.5341859222951532,-0.07742044254117927,0.466778246890369,-0.07742044254117927,-0.13810141303024132,0.8596759771522223,0.8816546210732247,0.8675907127919644,0.7797681885700325,0.22366128226182086,0.8585296895566075,0.8596690673155597,0.8585296895566075,0.782719087981226,0.782719087981226,-0.1709903577387533,0.697383871975133,0.2305086998484553,-0.6998510841044574,-0.6350523581904014,-0.6383921964359147,-0.1848541447651708,0.0771291762633337,0.31860422907296193,-0.033861886177991296,-0.5776099240990425,0.039400844359150235,-0.8284466296609913,-0.1921987941502182,0.0908901224519638,0.0925357785755489,-0.6190472776596379,-0.5853369179999901,-0.1129874751146317,-0.5939408416570906,-0.831582567981885,-0.398135829192593,-0.23312133393954237,-0.398135829192593,-0.29817784539070225,-0.3900799257138986,-0.3900799257138986,-0.8236225662517089,-0.8236225662517089,0.39090184454807464,0.5893645242437986,0.5112527342316904,0.804222482432634,0.7381851949232368,-0.39109934074591934,0.07169438799680769,0.7465075333925061,0.7653052661582435,0.7465075333925061,-0.10847105500792169],[0.9930619261452052,0.9849019153123723,0.65325185652807,0.9945292054421929,0.9973442912107839,0.9930619261452052,0.9999875308651853,0.9994354187193688,0.9994354187193688,0.9999724106240918,0.9633212271534025,0.9996929518644669,0.9999909702245359,1.0,0.9999884472505207,0.7757444211826275,0.6963895393895541,0.23367334138305357,0.999891388915804,0.9998920505036547,0.9903399288949684,0.9999884323688939,0.3107015265751802,0.7470628634953159,0.994230894771734,0.994230894771734,0.9941971800384414,0.9918806923460362,0.23747276137871212,-0.1895755473760468,0.992110677955261,0.992116211535622,0.19166699234573906,-0.24993559295355955,0.9995410184374616,0.9994876842286483,0.8541441503993769,-0.39165970227507846,0.9991102735645085,0.999463698365537,0.7545938178712334,0.21273998389790608,0.9994376534568086,0.9994422788884038,0.9994376534568086,0.9176981633965665,0.6159337934555557,0.9423401652810498,0.9219355589145042,0.7644980231999601,0.29475830897874494,-0.28981975800560467,0.11431446683841015,0.932837795646137,0.33503296964747525,0.9661208200410065,0.9650236638114927,0.9785632893938511,0.9958854003840769,0.896466581245717,0.8815065868051243,0.9080614915049795,0.8869339008590205,0.9069160140804725,0.9076888673652617,0.9069160140804725,0.8246095657180926,0.875942133862031,0.877261121035634,0.875942133862031,0.8808384816064133,0.7814166679805413,0.8728807852529689,0.8743422687172815,0.8728807852529689,0.6378190978169168,0.4916161326041941,0.6120746853434492,-0.6141112758420878,0.5331013389984622,0.5351991257024304,0.5360920755502978,0.5351991257024304,-0.13983416919291788,0.859585453170712,0.8813407156014296,0.8671428013949887,0.9030151158269574,0.22585451164511577,0.8585063488108304,0.8598524535550778,0.8585063488108304,0.8679663616085601,0.8679663616085601,-0.171324334705453,0.6965088850447604,0.14029275943614186,-0.6989470756407604,-0.6346993962521726,-0.6378098452468756,-0.1848452341713988,0.07616167907449399,0.09273083441774199,-0.032411751357492365,-0.5763734164521757,-0.1486350159224536,-0.839082746157127,-0.41044426314162075,0.09040164571186858,0.09230054760722477,-0.6190880848661651,-0.5845479966894449,-0.40313878951973353,-0.5937077209856388,-0.8245141033855246,-0.5151914984751018,-0.5110589862120217,-0.5151914984751018,-0.2974269341808222,-0.3901355821013023,-0.3901355821013023,-0.8152068128407246,-0.8152068128407246,0.38967636491827784,0.5893549804519954,0.8202529815298115,0.8077563752206568,0.7384854778360425,-0.39066924216322496,0.7010751362571376,0.7344931645471031,0.7345879450751848,0.7344931645471031,-0.07590401169728309],[0.9927295211897869,0.9848017623173616,0.6587414513421794,0.9938950756674793,0.997295426891955,0.9927295211897869,0.9999936898254329,0.9991940521595998,0.9991940521595998,0.9999765460487526,0.9630328509031919,0.9996666737316167,0.9999953052092487,0.9999884472505207,1.0,0.8366433035923604,0.7752169295670561,0.23208594201367988,0.9998716574365929,0.9998718490723038,0.9904765092221568,0.9999952467992637,0.3105648321776186,0.750413547136587,0.994422659565984,0.994422659565984,0.9943338574678583,0.9918665103983214,0.24354024128432172,-0.18929303738192402,0.9926147572723742,0.9926573819914488,0.1696994234447889,-0.2504933185004681,0.99941435579644,0.999487150025237,0.45344608265810565,-0.3021996150467986,0.9990734803749137,0.999462141828061,0.8240729033477248,0.2111411544936565,0.9449237552042932,0.9991799700667935,0.9449237552042932,0.9180044559743055,0.616467036607763,0.9426810791957915,0.9223267286293868,0.7645954181131238,0.41517523494177394,-0.11919368885364415,-0.18727768608756265,0.933245262445026,0.33468463154259653,0.9692672654602085,0.9652921588539841,0.9801861631963341,0.99569649132422,-0.014914093003981256,0.8824202139273202,0.8443272114482225,0.8871530312393294,0.8392593054722814,0.8036700123179206,0.8392593054722814,0.8254385674687171,0.8094047045864609,0.7988966667939845,0.8094047045864609,0.8812291239145771,0.4175659538573574,0.6152807232510801,0.6719238780458051,0.6152807232510801,0.6380976438904743,-0.3369340601662451,0.6130419928736094,-0.612866318198552,0.533855027531614,-0.07836582121014914,0.46644822350038545,-0.07836582121014914,-0.13806205597211446,0.8597934040214885,0.8814282075133487,0.8677171030811159,0.7724961838810619,0.22403178008779462,0.8586099419218028,0.8597403568456314,0.8586099419218028,0.7825333369674141,0.7825333369674141,-0.1722933823011146,0.698156334119171,0.23098729036704205,-0.6998227850680079,-0.6353960884295483,-0.638740228643278,-0.18588454656896902,0.07601569443630568,0.3189256412504757,-0.034234814145663886,-0.5777883752406973,0.039503010582710954,-0.8277086408549952,-0.19202816741964496,0.08998850543890233,0.09163325672187936,-0.6196058412831752,-0.5855385728618022,-0.1124331875192034,-0.5950203381648519,-0.831608125071385,-0.39807331415758124,-0.2325912559733427,-0.39807331415758124,-0.29902242616568786,-0.390496632146563,-0.390496632146563,-0.8239642157770057,-0.8239642157770057,0.3910894195547258,0.5890425858242714,0.5107876707427951,0.804644912041895,0.7376590972059079,-0.3906823881491344,0.0710746848366182,0.7469156669711242,0.7659102327479305,0.7469156669711242,-0.1082016151810821],[0.7683693849435356,0.14943927627847664,0.4126039215605352,0.7676254236114842,0.673108669541992,0.7683693849435356,0.8459144327226138,0.8430008325721646,0.8430008325721646,0.7148588337022873,0.5032857077853793,0.25678994922795595,0.8458855649751159,0.7757444211826275,0.8366433035923604,1.0,0.9930916049362325,0.4197083817335335,0.8172153639073159,0.8171836037264059,0.7477838279704317,0.8354955309968564,0.3323544376116566,0.41179685213133815,0.8289041955725099,0.8289041955725099,0.8149284186729859,-0.14362865975207276,0.19461632244646132,-0.169540178694101,0.8673178182287175,0.8646481682191911,0.1566063317604986,-0.23185385697147842,0.8419111373570226,0.7381509704635746,0.27129412850468165,-0.31810650541144897,0.27220924306165817,0.7074380447963391,0.9983712805721168,0.40227920783592125,0.7679376099083567,0.841623432559158,0.7679376099083567,0.2284264582976519,0.5442585429365716,-0.19450543340845852,-0.21542622459878777,0.10163618002336769,0.39942197800491164,-0.058916873019677345,-0.21051544037695905,0.7238729107970504,0.4015853862186036,0.8393384667288484,0.7264871962532483,0.8081983150059552,0.8261052213732123,-0.10224135871788954,0.1792101404077048,0.5959962481454539,0.4712628269226221,0.5861620925534128,0.646797658252921