var correlationClose = {"data": [{"type": "heatmap", "z": [[1.0, 0.9999826063528409, 0.5626941588296475, 0.9996981876248935, 0.9974256321966305, 1.0, 0.9906954966000675, 0.9861918689171629, 0.9913365396917142, 0.9728977144867282, 0.9815539690498111, 0.9907407369948403, -0.13456306258791884, 0.9908069291318142, 0.9908526065234388, 0.9934982813101051, 0.4665190463987441, 0.991834467545778, 0.9918215768727769, 0.9837132745512613, 0.9907297913403609, 0.445108371097337, 0.6587742059353382, 0.9775278019299936, 0.977504166329622, 0.9585878442637453, 0.30062892101859084, -0.12449692178055437, 0.9898882185743717, 0.9898473710105365, 0.27268585763916575, -0.20677402411187532, 0.9936691416408265, 0.9945523094779724, 0.8081177815387667, -0.39188152180827107, 0.9872201794595163, 0.9942939369022479, 0.9942021072889887, 0.44903119437765704, 0.9938604748033344, 0.9938473402827189, 0.9938604748033344, 0.8900749152236067, 0.6742053516330633, 0.8637580108370827, 0.880980967434695, 0.7956877354301904, 0.3911655754109164, -0.12783627662021704, 0.19238822538764988, 0.9461406516427883, 0.47069264647421577, 0.977179919937022, 0.9713218362303333, 0.9133240145176545, 0.9080639526648088, 0.9318597325586586, 0.9066116621844076, 0.9285561805879752, 0.9293768215370213, 0.9285561805879752, 0.8402604853312127, 0.9049626212701043, 0.9061141928081385, 0.9049626212701043, 0.8931887265588816, 0.7290966787465791, 0.8685200755412728, 0.8702117904909622, 0.8685200755412728, 0.6138696119645888, 0.3053768420401419, 0.5901307012856388, -0.5966954530723152, 0.48395092565020803, 0.540334325886199, 0.5418813773791559, 0.540334325886199, -0.09887078281599852, 0.8803678129898581, 0.9120154992916241, 0.8937359949781032, 0.9148509638817706, 0.46603784167822443, 0.8777389770515183, 0.8790268677451197, 0.8777389770515183, 0.887898769729559, 0.887898769729559, -0.16537549227977935, 0.5449852590712823, 0.19784070419723934, -0.5489852446228695, -0.5594609196892587, -0.5631209583289124, -0.03238781700002258, 0.051147889835955834, 0.2644193917835406, 0.14741034149965618, -0.3680844592641675, 0.062072616678249114, -0.7917260635379738, -0.20417026139067251, 0.11634552735059071, 0.11657316405575509, -0.5368403149236093, -0.6068380728353905, -0.205528618697696, -0.4821505758251308, -0.8297044121229747, -0.3431460495053902, -0.3341771375286678, -0.3431460495053902, -0.18119351763235067, -0.24976982989041985, -0.24976982989041985, -0.8183287133412122, -0.8183287133412122, 0.4044254556025104, 0.6601727294089376, 0.8743313793044355, 0.853121598860374, 0.7913790723817969, -0.24074437159807252, 0.7695080379002803, 0.8099901952443365, 0.810240688972719, 0.8099901952443365, -0.23442863282433316], [0.9999826063528409, 1.0, 0.9684034812034972, 0.9991936598147632, 0.9935650034176596, 0.9999826063528406, 0.9773837255730299, 0.9681391079197852, 0.97715788013938, 0.957631628141569, 0.9793741739947316, 0.9774327068515308, 0.977391157479095, 0.9772030692118616, 0.9764563187841134, 0.9851477777304921, -0.24839317735205477, 0.9829558311031144, 0.9829265278971913, 0.9775010119142553, 0.9774915213200438, -0.15493314776875317, 0.9671258793293571, 0.970327917454924, 0.9704011585106125, 0.9588438920307799, 0.020787166733356986, 0.14659949152158477, 0.975555274576004, 0.9756199809815344, 0.9710851854973487, 0.1326897955296565, 0.9871916111941598, 0.9872781253828291, 0.988069496231984, 0.9796720523759803, 0.9855415444697105, 0.9872147984958308, 0.9878792139391074, -0.25516390472340644, 0.988162908796316, 0.9881427921509514, 0.988162908796316, 0.8903108942160648, 0.559826608901789, 0.8646317294708901, 0.8817768091546909, 0.794961446587791, -0.44378592873750466, -0.5500664988811477, 0.832900246770266, 0.8585651121667174, -0.16956605497945298, 0.9346076038412, 0.9346810583364055, 0.9209890819262715, 0.9312416517200861, 0.9082866212319579, 0.9079384411616591, 0.9152096756806588, 0.9159640774073478, 0.9152096756806588, 0.7685916031294541, 0.7285961354632787, 0.7308102409171104, 0.7285961354632787, 0.9254627872510501, 0.9307169458813093, 0.9252610511648683, 0.9264996610132571, 0.9252610511648683, 0.43567881660812235, 0.3778946895924378, 0.4996067578387377, 0.6035467003169535, 0.4815600877603537, 0.5237359691923021, 0.5245949572833175, 0.5237359691923021, -0.2146717549322937, 0.8638333766908103, 0.9012345291072487, 0.8873512277176077, 0.9283353223945993, -0.061291994830202506, 0.8576306586332375, 0.8580402885601455, 0.8576306586332375, 0.8691730102816937, 0.8691730102816937, -0.269143042874282, 0.5461041050927417, -0.3792791642450706, -0.6432412148390565, -0.4672166707770704, -0.47057916097173186, -0.30025863702562383, 0.21697154098722374, -0.21195018863082227, -0.3867457342915285, -0.5772889790857614, -0.28223786346764135, -0.5007986646953165, -0.33589784005521417, 0.09038264071398865, 0.08539611154298236, -0.4871756919670755, -0.4419774057950071, -0.4699948141898672, -0.4995639397189218, -0.49202753053535964, -0.47229099500437616, -0.47559541024822244, -0.47229099500437616, -0.3582915564000796, -0.49491595073464417, -0.49491595073464417, -0.46912645424828797, -0.46912645424828797, 0.40468343113635247, 0.419125782575381, 0.5216331509409957, 0.6050514159510322, 0.5804528321367763, -0.386294587539236, 0.38837039648151406, 0.37924825813744445, 0.3793631142676326, 0.37924825813744445, 0.12026219596448502], [0.5626941588296475, 0.9684034812034972, 1.0, 0.5560342325349705, 0.4417741974805144, 0.5626941588296475, 0.5518570384344622, 0.5399364118684603, 0.44812785089110296, 0.38730092843403174, 0.9966172455579579, 0.5518695423164955, 0.5163556612794422, 0.5522101734819159, 0.5544502070310647, 0.5909058598551229, -0.09624588552162618, 0.4960507433209084, 0.49524463671951163, 0.44709682134369927, 0.5508523547632851, 0.20636293464131977, 0.6914956331689897, 0.5179812350881878, 0.517693124717887, 0.9829563102610509, 0.2849881094902296, 0.17873580817807638, 0.517929688311274, 0.5174227371956748, 0.7687851779529374, 0.008046860495838522, 0.5502826492828554, 0.4473196753056066, 0.5388142599953567, 0.364691143831934, 0.9938901376072273, 0.4342192102548847, 0.5529651390276696, -0.10229272717054888, 0.5663053313018334, 0.5484462932209695, 0.5663053313018334, 0.8964375902465082, 0.39089144642464396, 0.9038413347467229, 0.8689857880085049, 0.6511436851971092, 0.20105772195899993, -0.006873972684064538, 0.059307314357785246, 0.41779219823230496, -0.06911164700636978, 0.5096388518564773, 0.4416641727133451, -0.07654927789631173, 0.6806754681118806, 0.6377485134728131, 0.47186454360599034, 0.6439567677108412, 0.7098680015703208, 0.6439567677108412, 0.31681535275081907, 0.5373336003777784, 0.6396123128576682, 0.5373336003777784, 0.5501566616628114, 0.61811786494525, 0.657511430536265, 0.731166938161409, 0.657511430536265, 0.19348129396353173, -0.08308158704950376, 0.2129163261623372, 0.15222164415146291, 0.21224137951654298, 0.26357828597490063, 0.3911150022992488, 0.26357828597490063, -0.17129960528360405, 0.42679717123070804, 0.8015122009559142, 0.5126927980805561, 0.7265158199396774, 0.0922646812710647, 0.49524920604631495, 0.49562490852137847, 0.49524920604631495, 0.6246260411101761, 0.6246260411101761, -0.29318710541150494, 0.7185150383160437, -0.22907745058936085, -0.5309123348561741, -0.38329790876700065, -0.38691158406454473, -0.388413593397338, 0.005809196977272974, 0.025135471961176645, -0.2532186485605559, -0.513904295241575, -0.13228420077031985, -0.21875420232467888, -0.20451303637946427, -0.033235107608778604, -0.03697475709242053, -0.44312471175043455, 0.01637923206435727, -0.21499010758020665, -0.47817251791747895, -0.1056758348323832, -0.35209263982537825, -0.22788797706983743, -0.35209263982537825, -0.42852276859572486, -0.5020268864086382, -0.5020268864086382, -0.23437842577900797, -0.23437842577900797, 0.32857768404234444, 0.13157156802297013, 0.24119612083556946, 0.4867148580481357, 0.21130460109596022, -0.29937418679891664, -0.038088514989107924, 0.44571897605582717, 0.5611227562973846, 0.44571897605582717, -0.039243981931693005], [0.9996981876248935, 0.9991936598147632, 0.5560342325349705, 1.0, 0.9986059259855697, 0.9996981876248933, 0.9923203619730941, 0.9883006879944989, 0.9933218416035253, 0.9706442716483826, 0.9867173370438663, 0.9923531876383982, -0.13906029902018857, 0.9923909896104504, 0.9924320587597893, 0.9950902596799729, 0.45232500255600394, 0.9932295417746516, 0.9932180796098704, 0.9841717374527905, 0.9923333912100885, 0.43627678596042946, 0.6621035356151178, 0.9805226475104167, 0.9804994265842475, 0.969445493723206, 0.29557774946119364, -0.13192377879236764, 0.9896567618914837, 0.9896264931487861, 0.26414972133225695, -0.20767469524206755, 0.9944860771937887, 0.9956644889197589, 0.7669333776137248, -0.39775091215392677, 0.9910052950806231, 0.9956501730500287, 0.994839734238403, 0.43446141601983745, 0.9920261771138555, 0.9945633984418204, 0.9920261771138555, 0.8885752340842676, 0.6613970956231126, 0.8722525390006832, 0.8771463653370578, 0.7727002041976312, 0.3855725161542738, -0.13393349478288577, 0.1857412720589166, 0.9403320153182223, 0.45450672145270576, 0.9728669166998322, 0.9684890524548777, 0.8886305460591294, 0.8987978820669338, 0.9165595365962615, 0.9013501492167144, 0.9085048021799128, 0.9096438446550823, 0.9085048021799128, 0.8300328449847593, 0.8911111145446894, 0.8923787514862465, 0.8911111145446894, 0.8885865854720022, 0.6606090349412539, 0.8235086453326455, 0.8252564012163713, 0.8235086453326455, 0.6035509885467933, 0.09962638836508994, 0.5777835381881282, -0.6019623790338342, 0.47711399537466903, 0.2826221666101801, 0.5095131384549423, 0.2826221666101801, -0.10587818886706955, 0.8733560844175231, 0.9008383216190765, 0.883299503604685, 0.8876631369498525, 0.4527067969085253, 0.8717547720321401, 0.8732190732939529, 0.8717547720321401, 0.8651804883776758, 0.8651804883776758, -0.1718315454087254, 0.5731039600645703, 0.20257646831791945, -0.5599454057104223, -0.56746732896237, -0.5710329994720535, -0.04522177158270963, 0.04540644332491068, 0.25710982699576584, 0.13448512803773824, -0.38125303567769214, 0.05528070178535321, -0.7987011614365616, -0.21235955478292404, 0.10489701717491345, 0.10517138873746532, -0.5445535672527891, -0.6037370502283732, -0.20744080455988437, -0.49487468727309236, -0.8322936129260469, -0.34512570329462705, -0.336724135436598, -0.34512570329462705, -0.1909333549355567, -0.26026208363429565, -0.26026208363429565, -0.8187307654983815, -0.8187307654983815, 0.3900528947943683, 0.6480437068093069, 0.866790232972986, 0.845638787934963, 0.7840471213253832, -0.25460933544206443, 0.7606447137327808, 0.8014357211797497, 0.8016937527834465, 0.8014357211797497, -0.21911675494569505], [0.9974256321966305, 0.9935650034176596, 0.4417741974805144, 0.9986059259855697, 1.0, 0.9974256321966305, 0.9967200012056534, 0.9946987316230198, 0.9969064693999735, 0.960014678880429, 0.9951988920829496, 0.9967386624729804, -0.3519390949415295, 0.9967698454981623, 0.9967894508568788, 0.9978237289618954, 0.25909343561635073, 0.9973230527108708, 0.9973163192739306, 0.9859204513620269, 0.996725342821621, 0.06638893595021406, 0.6202173643456612, 0.9903672070678264, 0.9903219229259548, 0.9838808199360388, 0.03871303177082458, -0.11777880610388189, 0.9879054803600011, 0.9878433550653543, -0.055369619046138074, -0.106076794663232, 0.9976964642693675, 0.9976359818347912, 0.7417111757295204, -0.5422148910405512, 0.997072821827506, 0.9978795383113686, 0.9979775389660914, 0.23542264087367468, 0.997656456149827, 0.9976559907570162, 0.997656456149827, 0.9040543154876536, 0.6223206652106491, 0.8948634588645967, 0.8808067188382728, 0.7381245816968346, -0.09685452474797109, -0.578053258369179, -0.23788784761793122, 0.9254624870704105, 0.31048616718737887, 0.9662763290595314, 0.9663640356702166, 0.88191804155019, 0.8754787561094158, 0.9011137542262225, 0.8857501006349306, 0.8991365176185717, 0.8996196787002909, 0.8991365176185717, 0.7988690026378964, 0.8314574885345338, 0.8329653603826982, 0.8314574885345338, 0.8748586859692911, 0.7642674206840382, 0.8545309999158112, 0.8556207901479559, 0.8545309999158112, 0.5533012156867542, 0.41610724015352396, 0.5359229404271924, -0.6492805991457636, 0.5318101333842689, 0.5087314644793048, 0.5084544279870505, 0.5087314644793048, -0.12611216016615873, 0.8513963986664301, 0.8686019599301458, 0.8543491772774165, 0.8921379298787704, 0.31141740583917904, 0.8529028471845607, 0.8543369718771687, 0.8529028471845607, 0.8611640844954036, 0.8611640844954036, -0.21579045926375248, 0.6343467933042237, 0.05644900048827678, -0.5956168772537841, -0.626372727569685, -0.6267557408427354, -0.08198124393304335, 0.06675901576725163, -0.14284087549787522, -0.11877172680029713, -0.47022542805940026, -0.319235360141818, -0.8645116606667269, -0.5134092159676569, 0.07002525077957118, 0.07013345205245163, -0.5759256660437769, -0.595137886464413, -0.5084126671812572, -0.5391020449371097, -0.8006862088390984, -0.5653200068784595, -0.5679733453197383, -0.5653200068784595, -0.23586679973698704, -0.2998270414038062, -0.2998270414038062, -0.766696719155024, -0.766696719155024, 0.3686363407610238, 0.6261116651409404, 0.8159215210948672, 0.790245393664561, 0.7708261281255434, -0.39478010331317204, 0.6097712587908141, 0.6920938834122792, 0.6925074898462953, 0.6920938834122792, 0.01680438430300745], [1.0, 0.9999826063528406, 0.5626941588296475, 0.9996981876248933, 0.9974256321966305, 1.0, 0.9906954966000675, 0.9861918689171629, 0.9913365396917142, 0.9728977144867282, 0.9815539690498111, 0.9907407369948403, -0.13456306258791884, 0.9908069291318142, 0.9908526065234388, 0.9934982813101051, 0.4665190463987441, 0.991834467545778, 0.9918215768727769, 0.9837132745512613, 0.9907297913403609, 0.445108371097337, 0.6587742059353382, 0.9775278019299936, 0.977504166329622, 0.9585878442637453, 0.30062892101859084, -0.12449692178055437, 0.9898882185743717, 0.9898473710105365, 0.27268585763916575, -0.20677402411187532, 0.9936691416408265, 0.9945523094779724, 0.8081177815387667, -0.39188152180827107, 0.9872201794595163, 0.9942939369022479, 0.9942021072889887, 0.44903119437765704, 0.9938604748033344, 0.9938473402827189, 0.9938604748033344, 0.8900749152236067, 0.6742053516330633, 0.8637580108370827, 0.880980967434695, 0.7956877354301904, 0.3911655754109164, -0.12783627662021704, 0.19238822538764988, 0.9461406516427883, 0.47069264647421577, 0.977179919937022, 0.9713218362303333, 0.9133240145176545, 0.9080639526648088, 0.9318597325586586, 0.9066116621844076, 0.9285561805879752, 0.9293768215370213, 0.9285561805879752, 0.8402604853312127, 0.9049626212701043, 0.9061141928081385, 0.9049626212701043, 0.8931887265588816, 0.7290966787465791, 0.8685200755412728, 0.8702117904909622, 0.8685200755412728, 0.6138696119645888, 0.3053768420401419, 0.5901307012856388, -0.5966954530723152, 0.48395092565020803, 0.540334325886199, 0.5418813773791559, 0.540334325886199, -0.09887078281599852, 0.8803678129898581, 0.9120154992916241, 0.8937359949781032, 0.9148509638817706, 0.46603784167822443, 0.8777389770515183, 0.8790268677451197, 0.8777389770515183, 0.887898769729559, 0.887898769729559, -0.16537549227977935, 0.5449852590712823, 0.19784070419723934, -0.5489852446228695, -0.5594609196892587, -0.5631209583289124, -0.03238781700002258, 0.051147889835955834, 0.2644193917835406, 0.14741034149965618, -0.3680844592641675, 0.062072616678249114, -0.7917260635379738, -0.20417026139067251, 0.11634552735059071, 0.11657316405575509, -0.5368403149236093, -0.6068380728353905, -0.205528618697696, -0.4821505758251308, -0.8297044121229747, -0.3431460495053902, -0.3341771375286678, -0.3431460495053902, -0.18119351763235067, -0.24976982989041985, -0.24976982989041985, -0.8183287133412122, -0.8183287133412122, 0.4044254556025104, 0.6601727294089376, 0.8743313793044355, 0.853121598860374, 0.7913790723817969, -0.24074437159807252, 0.7695080379002803, 0.8099901952443365, 0.810240688972719, 0.8099901952443365, -0.23442863282433316], [0.9906954966000675, 0.9773837255730299, 0.5518570384344622, 0.9923203619730941, 0.9967200012056534, 0.9906954966000675, 1.0, 0.9971639038383364, 0.9999677413188027, 0.9508412083804948, 0.9995811385780571, 0.99999612205925, -0.15258653095512448, 0.9999923576756701, 0.9999213726014724, 0.9940995212603959, 0.40214993034490665, 0.9998345804586827, 0.9998347259239506, 0.9883993991274376, 0.9999963221707538, 0.3418967732857307, 0.6632551736758935, 0.9841447715792104, 0.984296897188392, 0.9852972456935084, 0.21654837868969443, -0.19126774445301503, 0.9922435656631939, 0.9919632073374672, 0.1631611610434002, -0.2582271916103097, 0.9992904080254643, 0.9993808363239992, 0.3450585650584401, -0.32954638821546717, 0.9986514523538687, 0.9992870884098514, 0.9982387001192589, 0.38273194238834146, 0.9307167645648379, 0.9990173030874697, 0.9307167645648379, 0.9124541830203629, 0.6251602445716995, 0.9180446893363238, 0.8899569514262995, 0.6902537956805906, 0.41595520730030816, -0.07698809754157097, -0.21163507111564683, 0.92371549406247, 0.41224680435276595, 0.968441682978637, 0.9612116946822877, -0.08702067683883989, 0.8241877651400527, 0.7990747408184468, 0.8461231651346212, 0.7922297572925556, 0.7604513390084526, 0.7922297572925556, 0.7540213423086988, 0.7599544177748124, 0.7592693815508161, 0.7599544177748124, 0.832565711912423, 0.3018793015661238, 0.5196073273767261, 0.6043014969199015, 0.5196073273767261, 0.5204059125338493, -0.36283656221784033, 0.4810396582650302, -0.6653788849300828, 0.39756645593493817, -0.13150145136791028, 0.3644742629197399, -0.13150145136791028, -0.1506115426759379, 0.8078734173736646, 0.81559706700102, 0.8054945512695619, 0.7327762131898191, 0.4012890391317532, 0.8113890586304613, 0.8134636162760076, 0.8113890586304613, 0.7186669598228512, 0.7186669598228512, -0.2530600066601802, 0.6855531572615794, 0.2551996970321274, -0.579554830800188, -0.6111594742213985, -0.6142422277434681, -0.09796862529031627, -0.007381512666759941, 0.3597553170979505, 0.09477419107631344, -0.40982360253475686, 0.10537742150015875, -0.8262580415333042, -0.11682965891602898, 0.032367014743289686, 0.032713147591573004, -0.5911397899065856, -0.609444314539807, -0.04776097446421472, -0.5767499630458416, -0.844650252448573, -0.3420932617262895, -0.16808465252376917, -0.3420932617262895, -0.271978128215166, -0.3112150460153275, -0.3112150460153275, -0.8383309415553034, -0.8383309415553034, 0.36537155210780026, 0.6027022671081804, 0.49669016384516146, 0.8079961894457928, 0.7598759098694661, -0.3137901106300167, 0.05947771305288023, 0.765079382335234, 0.7837174439700818, 0.765079382335234, -0.14292963635454922], [0.9861918689171629, 0.9681391079197852, 0.5399364118684603, 0.9883006879944989, 0.9946987316230198, 0.9861918689171629, 0.9971639038383364, 1.0, 0.9994602626847302, 0.9423145944525966, 0.9982370617479015, 0.9979697651509323, -0.16214866130994213, 0.9989950533294105, 0.998696394781253, 0.9866876476212583, 0.38004154851897953, 0.999047748496442, 0.9990496777294672, 0.9854408492681098, 0.9991586487393316, 0.3143730906564432, 0.6623139675387123, 0.9917937602421111, 0.9819373210690123, 0.9807675874915728, 0.19640800277454742, -0.2065164491847314, 0.9885344387820573, 0.9919485512451068, 0.14238979742953123, -0.2653988225912981, 0.9981250847555279, 0.9980199113329141, 0.3238165548126317, -0.3371981427004933, 0.9959962982544993, 0.9978407562102646, 0.9975798337406049, 0.3601228680836294, 0.9217146241114808, 0.9979593743638748, 0.9217146241114808, 0.9098536904321027, 0.6091150137195235, 0.9185704103417729, 0.8856389521148951, 0.6621234167750122, 0.4023257452330578, -0.09297751532054833, -0.22556468471863886, 0.9142799080372629, 0.3909779778940708, 0.963589431699057, 0.9554966794910544, -0.09820520100519853, 0.808717179712215, 0.7799919378674915, 0.8354553653102383, 0.7743811056840005, 0.746588792698884, 0.7743811056840005, 0.7385799047132598, 0.7382993872205147, 0.744206397463737, 0.7382993872205147, 0.8221744346635829, 0.2795550621332152, 0.4959239886950141, 0.5857268271086187, 0.4959239886950141, 0.5046076008561792, -0.37908861722596354, 0.4633603617583212, -0.6748881323051461, 0.3872972278007498, -0.1557308969526243, 0.3457212969070963, -0.1557308969526243, -0.1580881069761856, 0.7953521510480654, 0.7953767125441064, 0.789021203597753, 0.7162296450135222, 0.3838541544049696, 0.7995353244711104, 0.8018500608293485, 0.7995353244711104, 0.6978086495070498, 0.6978086495070498, -0.27055103317134965, 0.7163896290248314, 0.2634436087904941, -0.5897680485407105, -0.6256055071183161, -0.6284874295850916, -0.11397888104320188, -0.016489315886489424, 0.35284707792559405, 0.07487165042040299, -0.42375699761698205, 0.09594843079741393, -0.8335692417101594, -0.12346409225150762, 0.015144910126997408, 0.015507138431442285, -0.604316376990011, -0.6109074671189221, -0.0547602822316635, -0.5961286581646656, -0.8452679881227488, -0.3544947277517593, -0.17447926303991312, -0.3544947277517593, -0.29158963664712795, -0.3264210137793944, -0.3264210137793944, -0.8373266719859752, -0.8373266719859752, 0.341015232380277, 0.5841311065200826, 0.47670305158750087, 0.7893268543757488, 0.7460754891339779, -0.3375071750110407, 0.04438387442764041, 0.7451251691354545, 0.7674441567678129, 0.7451251691354545, -0.12474656998329664], [0.9913365396917142, 0.97715788013938, 0.44812785089110296, 0.9933218416035253, 0.9969064693999735, 0.9913365396917142, 0.9999677413188027, 0.9994602626847302, 1.0, 0.9495850217774224, 0.9995260914333485, 0.9999686680682526, -0.3264645907660458, 0.9999732343591571, 0.9999338829004095, 0.9981024356828004, 0.296729430646929, 0.9997751386817247, 0.9997757426990153, 0.9881870721449566, 0.9999656503536315, 0.11502444349290239, 0.6190021526759975, 0.9940560016186548, 0.9939998399232283, 0.9850860815070888, 0.021688322358442546, -0.1310215419496966, 0.9907801982971534, 0.9907455782202058, -0.036808601165597594, -0.21893972426908098, 0.99930947772472, 0.9992682824506461, 0.7543927175511819, -0.5309777393293826, 0.9985593372947416, 0.9992671406632118, 0.9991695067496043, 0.27377897167805054, 0.9991506268975198, 0.9991560025737787, 0.9991506268975198, 0.9125410880243453, 0.6261956418205483, 0.9180288135519379, 0.8897655585905112, 0.6895719915167655, 0.011001703158297679, -0.5234405910547016, -0.18679091305626314, 0.9189368480017136, 0.36146778423958126, 0.9624329754768286, 0.9614724843146137, 0.8529697218459203, 0.8249807669277841, 0.8731176020778998, 0.846951865317549, 0.871198134435745, 0.8719592981042992, 0.871198134435745, 0.7530344452929401, 0.8126026650976329, 0.8143409696797121, 0.8126026650976329, 0.8339632277393098, 0.7237124441401841, 0.8228526074431968, 0.8243659804731415, 0.8228526074431968, 0.5194632855185283, 0.3396025531641725, 0.4800562867931542, -0.695615575289839, 0.45700982727315775, 0.4204959298540612, 0.4205376306905068, 0.4204959298540612, -0.10653136488212467, 0.8082886313837806, 0.8153126276452011, 0.8056267625541921, 0.8637777934829851, 0.3289336098245699, 0.81753510599452, 0.8199908693676544, 0.81753510599452, 0.8257828485798447, 0.8257828485798447, -0.2554126279991811, 0.6868294220404902, 0.08205612062174253, -0.5920322646842506, -0.6531843725623266, -0.6540005393689503, -0.10165886100021093, -0.005212883915916211, -0.15030045008065118, -0.0897097724697187, -0.45892151549290633, -0.3506919303813514, -0.8785306168274117, -0.5527642041534009, 0.030917303720793668, 0.03174020525486259, -0.593103401242738, -0.6054871188098205, -0.5181518433677813, -0.5789693525088728, -0.820367927986122, -0.589235072205242, -0.5913161935423591, -0.589235072205242, -0.2745991930588433, -0.31492392280608833, -0.31492392280608833, -0.8001575594602361, -0.8001575594602361, 0.36623212214082906, 0.6015226242099386, 0.8234103372158667, 0.8019008680290552, 0.7583142944670769, -0.342787139075527, 0.6430205116699047, 0.7127564197085646, 0.7129219483031359, 0.7127564197085646, 0.10085713767982382], [0.9728977144867282, 0.957631628141569, 0.38730092843403174, 0.9706442716483826, 0.960014678880429, 0.9728977144867282, 0.9508412083804948, 0.9423145944525966, 0.9495850217774224, 1.0, 0.9222756498308989, 0.9508785298940331, -0.2686101065151298, 0.9505281269811361, 0.9497917432216305, 0.9516018320139802, 0.10685357942377993, 0.9565969849002495, 0.9565723862368803, 0.9510235612480816, 0.9510147968822614, 0.042906577288402095, 0.6690322699724879, 0.9528373538454888, 0.9530551209854932, 0.8191677690042296, 0.1217365015650945, -0.11296775251434749, 0.9594507667771772, 0.9595862969999442, 0.10688546934239969, 0.05047568293012165, 0.9609858953008568, 0.96127138979478, 0.850378656002326, -0.4569514310297767, 0.9343300261465372, 0.9601477945063583, 0.9616230320156435, 0.08400560398213504, 0.9623852589153933, 0.9623483463471293, 0.9623852589153933, 0.7815371147702068, 0.42195251613830825, 0.7393369590930123, 0.8591568086141821, 0.8342917839420058, -0.5538486741429748, -0.6855890648916749, -0.30748241102625434, 0.8674570131745752, 0.08097670236836557, 0.9010913939339935, 0.9011396155382116, 0.8573080632991379, 0.8509181341446435, 0.8833678519838767, 0.8604659901245357, 0.8751678084403001, 0.8760169974791928, 0.8751678084403001, 0.7991746495101989, 0.7773421214835564, 0.7794862991103724, 0.7773421214835564, 0.8524129610000104, 0.8729101182674258, 0.85053350785957, 0.8513414743782075, 0.85053350785957, 0.6201610680511745, 0.5398322796622294, 0.6214174685287731, -0.4174775944983003, 0.6419232846001102, 0.6632398590380961, 0.6663936463919744, 0.6632398590380961, -0.26297073922450964, 0.8573837606569907, 0.9189109187253143, 0.8757076598119095, 0.8739595886955986, 0.20607129842117627, 0.849288907426599, 0.8506647582336558, 0.849288907426599, 0.8612585207024528, 0.8612585207024528, 0.010575428710199878, 0.28172233145442316, -0.08540369447060706, -0.49806767862661294, -0.3969965852598898, -0.39890161069363, 0.06683732497644183, 0.38375651518068093, 0.10287968979340352, -0.02244642671392906, -0.34364754158495436, 0.010139836511261612, -0.81217937462985, -0.15160531870374092, 0.27246904218724716, 0.27145599664893, -0.3552819163432341, -0.4385680017935615, -0.30945582831473106, -0.3145536828201315, -0.6863181396781011, -0.3308563810509412, -0.33286963815705084, -0.3308563810509412, -0.06188228510363639, -0.34788109710248566, -0.34788109710248566, -0.538167122179051, -0.538167122179051, 0.5752871386031417, 0.6741182422031752, 0.7609134984762307, 0.6705951651668756, 0.839189011290924, -0.43958696304885053, 0.38834276388387867, 0.564896267917364, 0.5651892273190601, 0.564896267917364, -0.22791843374601986], [0.9815539690498111, 0.9793741739947316, 0.9966172455579579, 0.9867173370438663, 0.9951988920829496, 0.9815539690498111, 0.9995811385780571, 0.9982370617479015, 0.9995260914333485, 0.9222756498308989, 1.0, 0.9995779815702609, 0.9995742593516188, 0.9995275401657472, 0.9995644090604483, 0.998525887502256, -0.3676680267059096, 0.9997284649897444, 0.9997325370482363, 0.9995857791405459, 0.9995855943892762, -0.2772606527142644, 0.9608041194421663, 0.9922418571907738, 0.9922144380691907, 0.988416055344423, -0.000548484086561906, 0.07397875019518481, 0.9892914232700939, 0.9893505527290198, 0.9715184378392457, 0.0033338665226688895, 0.9986844155449189, 0.9986282351985047, 0.9984276967277558, 0.999236734200171, 0.9991814313938806, 0.9986788009875007, 0.9984571915812777, -0.37827940984492214, 0.9983686852028848, 0.9983799217649216, 0.9983686852028848, 0.9062273268997906, 0.48549495736463216, 0.913666902791418, 0.8877487000500291, 0.6911961187920179, -0.541259444169959, -0.6617387933563972, 0.7959408711657452, 0.8067388238820764, -0.2834182420143692, 0.9213472599128673, 0.9215421526008453, 0.8492582104767294, 0.8593207253244635, 0.8249741030389702, 0.8277274056787289, 0.8344295770974448, 0.8353959658297164, 0.8344295770974448, 0.6539687294486768, 0.6079522591288592, 0.6105894266124319, 0.6079522591288592, 0.8605076536373689, 0.8698912609257017, 0.8589014668170345, 0.8604182323038279, 0.8589014668170345, 0.3003967331622289, 0.231385048812465, 0.3600384472001741, 0.4837319669127964, 0.35217195505525867, 0.4023632346768099, 0.40505732405756806, 0.4023632346768099, -0.4128487097629781, 0.7675040487473181, 0.81978211204631, 0.7990383296020644, 0.8583421627158487, -0.11958538166468474, 0.7600018059978089, 0.7605559035886238, 0.7600018059978089, 0.7749268372003528, 0.7749268372003528, -0.31710690447319123, 0.6780694874164362, -0.398400127790261, -0.6839520828267424, -0.5481350678822426, -0.5503458615704309, -0.3626617134558388, 0.14786906340739892, -0.27075521582555273, -0.4381698558725899, -0.6267290109273007, -0.3464298967339533, -0.6255667980255233, -0.41206350803485126, 0.017627651636725028, 0.013633006924691302, -0.5637070205120572, -0.5281675090606704, -0.5467257207563281, -0.5808134765980787, -0.5750903175172749, -0.5501192240520443, -0.5531201219318974, -0.5501192240520443, -0.44071549342202443, -0.6030735983406078, -0.6030735983406078, -0.6059872152236349, -0.6059872152236349, 0.36138679859955747, 0.35851822724974025, 0.4708543637041591, 0.554763154444338, 0.5533053390781976, -0.5489987933450428, 0.2998869153949587, 0.31927372445157265, 0.3194608727287554, 0.31927372445157265, 0.22830795191411685], [0.9907407369948403, 0.9774327068515308, 0.5518695423164955, 0.9923531876383982, 0.9967386624729804, 0.9907407369948403, 0.99999612205925, 0.9979697651509323, 0.9999686680682526, 0.9508785298940331, 0.9995779815702609, 1.0, -0.15225282250665473, 0.9999942681566283, 0.9999264795435134, 0.9949217887413522, 0.402254278946666, 0.9998360515171061, 0.9998361701272701, 0.98844509312789, 0.999996977336836, 0.3422341385381914, 0.6633214663251498, 0.9896250399943815, 0.9842848209152607, 0.9852767842975818, 0.2168283632106813, -0.19121605084053742, 0.9922438323431746, 0.9919774276021158, 0.16340747896215566, -0.25820168618550676, 0.9992930680871829, 0.9993858701084095, 0.34502580195232124, -0.3293261269704592, 0.9986536966730588, 0.9992961801056837, 0.9982429736189118, 0.3828433258373687, 0.9306982028841604, 0.9990206473585116, 0.9306982028841604, 0.9125017621646356, 0.6253302811340778, 0.9183033862650121, 0.8902083603860402, 0.6904220938206649, 0.41637171711069765, -0.07651118060688743, -0.2112506179696304, 0.9238079904047313, 0.41235145091612524, 0.9685437146706922, 0.9612888165817561, -0.08682350812648607, 0.8243438458466249, 0.7991846355909624, 0.8462404332926279, 0.7923369546569159, 0.7603882863765561, 0.7923369546569159, 0.7540937398842696, 0.7600170890246754, 0.7592013750763805, 0.7600170890246754, 0.832724841777736, 0.30173975148393317, 0.5196139824566625, 0.6042058728414369, 0.5196139824566625, 0.5203402540701274, -0.36286102566355505, 0.4809860977923239, -0.6652738181944244, 0.3974395930176891, -0.13163888445944177, 0.3645133494372084, -0.13163888445944177, -0.15076494325774553, 0.8079420575728735, 0.8157346281478541, 0.8055888139064008, 0.7327669467256328, 0.401403489598161, 0.8114727824742912, 0.8135429278301914, 0.8114727824742912, 0.7187453067960033, 0.7187453067960033, -0.2530555960455363, 0.6855616301709464, 0.25532271670592294, -0.5795442224431223, -0.6110728332230714, -0.6141616284781394, -0.09804632833367662, -0.007542928260935798, 0.3599383626380432, 0.09481325543976556, -0.40984045813720904, 0.10565255228995961, -0.8259793094376414, -0.11652224317249253, 0.03239786169881458, 0.03276101018657841, -0.5911283699735222, -0.6092653207927551, -0.04749522182918435, -0.5767322678713568, -0.8445409498892258, -0.3418509265826583, -0.16786367719893425, -0.3418509265826583, -0.27183159447985916, -0.31116903207268576, -0.31116903207268576, -0.8382796780960605, -0.8382796780960605, 0.36590989933977347, 0.6028712715675187, 0.4969521598742423, 0.8082718298758249, 0.7599815705989394, -0.3135491956553387, 0.05977383041290758, 0.7653465817937067, 0.7838447793627765, 0.7653465817937067, -0.14295576770357188], [-0.13456306258791884, 0.977391157479095, 0.5163556612794422, -0.13906029902018857, -0.3519390949415295, -0.13456306258791884, -0.15258653095512448, -0.16214866130994213, -0.3264645907660458, -0.2686101065151298, 0.9995742593516188, -0.15225282250665473, 1.0, -0.15162125995817421, -0.14785771571423137, -0.12353455040427186, -0.2923243646912983, -0.1530785718359344, -0.15347822581432172, -0.27573519020291254, -0.15306500222145814, 0.024812327858337976, 0.30893868952450526, -0.18709411671873227, -0.18743338706813478, 0.9852552629676338, 0.24712866081967366, 0.1863116168365771, -0.18822590745245868, -0.18884602887814242, 0.5368915576042277, 0.1205544118351038, -0.1502003428519463, -0.31119476860572265, 0.16570998615975316, 0.960429521079501, 0.9986517534298754, -0.34328910266441487, -0.14525232209782166, -0.28217876724646296, -0.15055383081540505, -0.1513121926866204, -0.15055383081540505, 0.912579484158902, -0.11874743855492113, 0.918273079912899, 0.8901480018337427, 0.6904061425548337, 0.08402706028979713, 0.25565522372821226, 0.6445714704601585, -0.2690681925524845, -0.2965166065984772, -0.06763915598428133, -0.30472500026630306, 0.027188217146580443, 0.2684542396743418, -0.02203380395833005, -0.3097404995082081, -0.019932100737207737, -0.009797823197313591, -0.019932100737207737, -0.41812502155110304, -0.1076546555331545, -0.10972201513108613, -0.1076546555331545, -0.20819251068909597, 0.0701445657443478, 0.04628432043725734, 0.046309283184426904, 0.04628432043725734, -0.412784959367617, 0.007067697922768817, -0.3765703748323807, 0.6224402179963338, -0.3454557014290094, 0.008386850133021357, -0.06071617719368331, 0.008386850133021357, -0.3063267042123696, -0.3441756663462775, 0.815711841591098, -0.12580584512899293, 0.013730657477384682, -0.21898246207157274, -0.2656386328946571, -0.26493574595404773, -0.2656386328946571, -0.02809450896393584, -0.02809450896393584, -0.23198646086447003, 0.685484609932932, -0.16214479111709887, -0.01501757385247437, 0.1995083794678084, 0.19811594093929824, -0.25113173486568774, -0.010035942285136911, 0.01997970696173238, -0.17308347912894267, -0.10936878136835765, 0.042468811592219054, 0.3876872865708326, 0.11541360579204829, -0.041212046514945415, -0.04512647863918541, 0.08750435988826549, 0.5719374663038651, 0.0935047866332897, -0.18968322783873046, 0.6158336707122115, 0.09805195923943294, 0.10587391331439934, 0.09805195923943294, -0.2375507248266534, -0.19578506484141028, -0.19578506484141028, 0.32540361383234134, 0.32540361383234134, 0.3660204748812366, -0.25316924930318735, 0.01641677166677432, 0.09046011370460152, -0.2507134885564995, 0.07421110668615614, 0.1533632768977822, 0.10437471148986102, 0.10432689496000526, 0.10437471148986102, 0.12644629035448124], [0.9908069291318142, 0.9772030692118616, 0.5522101734819159, 0.9923909896104504, 0.9967698454981623, 0.9908069291318142, 0.9999923576756701, 0.9989950533294105, 0.9999732343591571, 0.9505281269811361, 0.9995275401657472, 0.9999942681566283, -0.15162125995817421, 1.0, 0.9999380999921422, 0.9974810641487056, 0.40237747611109914, 0.999839152745683, 0.9998391843698753, 0.9886089250782829, 0.9999942823537358, 0.34293172803820793, 0.6631574749548207, 0.9931610239857126, 0.9930471193398357, 0.9851508506041096, 0.2171226513616744, -0.19126294279666528, 0.9929891748566463, 0.9930350894218487, 0.16421395806116437, -0.2580299339069821, 0.9993440999650406, 0.9993851310813052, 0.3439469742245905, -0.3284518841566975, 0.9985897034464785, 0.9992995436614793, 0.9985501141153561, 0.3829921668578442, 0.9301723323850253, 0.9990775628790155, 0.9301723323850253, 0.9127920811800931, 0.6260836372783186, 0.9186766241404464, 0.8905873959607982, 0.6901025041372546, 0.4178054100327519, -0.07486893239553276, -0.21145579712849932, 0.9242173004170877, 0.4126504453735118, 0.9689712376083149, 0.9616648605709205, -0.08786654587971275, 0.8246215963498366, 0.7991031653816424, 0.8465037713702265, 0.792297208355637, 0.7599901145608285, 0.792297208355637, 0.7542875010832228, 0.7599712954722123, 0.7596281536594535, 0.7599712954722123, 0.8330788932365588, 0.30103983081364794, 0.5190852929278069, 0.6042395721967351, 0.5190852929278069, 0.5201633336631329, -0.36406132806833597, 0.48087927689790866, -0.6654299930133267, 0.39703236447489043, -0.13267013489614538, 0.36415579042557733, -0.13267013489614538, -0.1507071195241789, 0.8080766533791767, 0.815308330001177, 0.8056799248575643, 0.7227265376026639, 0.40180607847757727, 0.81159855790113, 0.813657824180554, 0.81159855790113, 0.7185466851241452, 0.7185466851241452, -0.25475782659062773, 0.6864941885035613, 0.2558422755974405, -0.5795181614539101, -0.6114687288603842, -0.6145624379210173, -0.09925451014892363, -0.008841637663093583, 0.36024553441498924, 0.09434869975852515, -0.4101126091815154, 0.10572959229464192, -0.8250814713879266, -0.11636251826797077, 0.031312924642030476, 0.03167115719115264, -0.5917898283288279, -0.6095760959770489, -0.046900122197647186, -0.578148866769313, -0.8445288854637362, -0.34178586014687273, -0.1672916839270392, -0.34178586014687273, -0.2728726779758696, -0.31166161986002794, -0.31166161986002794, -0.8386355678303151, -0.8386355678303151, 0.36608478748732615, 0.6025492257781453, 0.496388511357757, 0.8087286594331435, 0.7594177703987599, -0.31305328928966797, 0.059080542466946676, 0.7657526388627075, 0.7844571748583186, 0.7657526388627075, -0.14262383768050677], [0.9908526065234388, 0.9764563187841134, 0.5544502070310647, 0.9924320587597893, 0.9967894508568788, 0.9908526065234388, 0.9999213726014724, 0.998696394781253, 0.9999338829004095, 0.9497917432216305, 0.9995644090604483, 0.9999264795435134, -0.14785771571423137, 0.9999380999921422, 1.0, 0.9976033668843005, 0.4012669664584494, 0.9997886899587403, 0.9997899218937021, 0.988517312699339, 0.9999223632243897, 0.34369233997674575, 0.6647965030636291, 0.9924859243116474, 0.9836375071288507, 0.9851915599827453, 0.21824539462138093, -0.19024133093458037, 0.9920999629808893, 0.9921102891224529, 0.16710078979147405, -0.25859606345626285, 0.9993439643574312, 0.9992289587680961, 0.34387735947371206, -0.32420024111519646, 0.9984941378422956, 0.9992670027047712, 0.9985252791983517, 0.38191110412693813, 0.9291059334630904, 0.9990958131862346, 0.9291059334630904, 0.911280968998229, 0.6260793482314814, 0.9172783618141214, 0.8890232541762229, 0.687093199526179, 0.4184595891231315, -0.0730525808224618, -0.2120348792020995, 0.92351362626052, 0.4105519305286974, 0.9692519179549959, 0.9611361747650866, -0.09072731319328735, 0.8234958035485864, 0.7993943199903008, 0.8463484811840765, 0.7925849166552722, 0.7622224027670534, 0.7925849166552722, 0.7524789183376336, 0.7593834988571229, 0.7607162282458902, 0.7593834988571229, 0.8332937754823987, 0.30112885431073005, 0.5188354973167306, 0.6056549768695031, 0.5188354973167306, 0.5189177985771192, -0.3663969646419077, 0.4791717302561554, -0.6629906349901716, 0.395515880038849, -0.13370930194064104, 0.36445508102280616, -0.13370930194064104, -0.15410691934998866, 0.8076101666998088, 0.8143008488579719, 0.8049387119571817, 0.7347093572148045, 0.4019831303909308, 0.811253413073613, 0.8135682919748416, 0.811253413073613, 0.7186814031550459, 0.7186814031550459, -0.25518689500473396, 0.6891354162253792, 0.25624814680958663, -0.580874323310063, -0.6114907174711618, -0.6143642874471301, -0.10141460314121195, -0.010389194627428362, 0.3613539993435615, 0.09359369321787452, -0.41148231170935395, 0.10657238301430358, -0.8235455582961388, -0.11504686648448921, 0.030382737499095314, 0.03119653858545712, -0.593101473731012, -0.6046819403737793, -0.04535189166078378, -0.5790870711033528, -0.8422911285520874, -0.3411194925283697, -0.16598999881955184, -0.3411194925283697, -0.27324231734954135, -0.3145664594536103, -0.3145664594536103, -0.8364033766278036, -0.8364033766278036, 0.36380248059016285, 0.6002456996079251, 0.4944462825289158, 0.8094105028054326, 0.7576970484017557, -0.3141115077170638, 0.05703037067511548, 0.7663907705969768, 0.7857312565759151, 0.7663907705969768, -0.14182163270587436], [0.9934982813101051, 0.9851477777304921, 0.5909058598551229, 0.9950902596799729, 0.9978237289618954, 0.9934982813101051, 0.9940995212603959, 0.9866876476212583, 0.9981024356828004, 0.9516018320139802, 0.998525887502256, 0.9949217887413522, -0.12353