var element=document.getElementById("correlationClose");if(element.style.display!='none'){var correlationClose={"data":[{"type":"heatmap","z":[[1.0,0.9999888766828965,0.666084419773116,0.9997318369955286,0.9980328325057424,1.0,0.9924981477105643,0.9889691928120443,0.9889691928120443,0.9931302739628922,0.9771036706599306,0.9870411125785093,0.9925329259861154,0.9929414781381212,0.9925832216964461,0.7940739315776603,0.7278860192753783,0.2994662849524443,0.9933962220939081,0.9933961520658421,0.9856061772773008,0.9925331665125561,0.41195508282400606,0.7410619335851331,0.9820392100896972,0.9820392100896972,0.9820200185984177,0.9754726201884314,0.32594894987593004,-0.12202111728459344,0.9896653196565935,0.9896271750554622,0.27644785049167503,-0.19635549669013122,0.9947510326653808,0.9953195653638434,0.8484765428043456,-0.3599203113187442,0.990667891308998,0.9953006833770425,0.7792769334142253,0.280206543714837,0.9948888269759111,0.9948870455428649,0.9948888269759111,0.8930748645510742,0.6532989240887991,0.9104248673984263,0.9160897086359716,0.8278667344797062,0.37677631292978686,-0.17367281150963818,0.20846138870505196,0.9481141804768112,0.3873355719915935,0.9750227760596977,0.9707887038810524,0.9804410221814527,0.9897337713603276,0.9313335187337644,0.9389961295425172,0.9456414681693204,0.9309462761770025,0.9429400620060423,0.9436612354382165,0.9429400620060423,0.8845372433498605,0.9228401898635908,0.9238815137432969,0.9228401898635908,0.9234084751200046,0.7895711486144756,0.8963152453412859,0.8977690425584086,0.8963152453412859,0.7006822565994676,0.3807960627423249,0.6855877646341509,-0.5506026725402456,0.5911896356953711,0.613256565685291,0.6141688678850851,0.613256565685291,-0.09714734892663231,0.9117974916463844,0.9432489300937399,0.9274236387712045,0.9327911056938937,0.2871303169653328,0.9068911394892918,0.9077980561909017,0.9068911394892918,0.911305203553177,0.911305203553177,-0.09898343769503339,0.5877763822896057,0.16175730937804023,-0.6730977670933616,-0.5869247830031145,-0.5904541363306246,-0.12213540393880269,0.12024854485244535,0.21129281835086386,0.021308811543312392,-0.5383210896809743,-0.010903846511025042,-0.7966808480288137,-0.27891313035638704,0.15995601046541602,0.16151630993309918,-0.569210221539381,-0.5801576238493885,-0.27022794645202985,-0.5119037275773017,-0.8171291512296636,-0.3998974243233289,-0.3923876067914895,-0.3998974243233289,-0.2156890212220833,-0.331021165094318,-0.331021165094318,-0.8051035978307906,-0.8051035978307906,0.38562593989452415,0.6288568392468894,0.8540669175581233,0.839563228877752,0.7562161554589251,-0.3237005989542224,0.7474372784492052,0.7802788704131323,0.7803513652705725,0.7802788704131323,-0.19406376676444959],[0.9999888766828965,1.0,0.9800290097961635,0.9994652813782618,0.9958014517791591,0.9999888766828963,0.9846189968459281,0.9788343281614368,0.9788343281614368,0.9844823131409411,0.9715179072266098,0.9858317153986256,0.9846502809082066,0.9845952730633305,0.9844951955694101,0.2150021294557303,0.12456314398107955,-0.42121910555881475,0.9882568645755634,0.9882482423281123,0.9846959709396792,0.9846958499883758,-0.14129788031202242,0.9791861927149368,0.9798431239791402,0.9798431239791402,0.9798790171008788,0.9757078611380201,0.11522361999709424,0.13721573883665109,0.9820696164535894,0.9821126903605972,0.8358076382864502,0.12391569178036928,0.9907582420952648,0.990799986335966,0.9913468168135865,0.9857421521882732,0.9897463967844934,0.9908590782448929,0.1686017821190724,-0.42618409318674755,0.9914039555183258,0.9913973312640585,0.9914039555183258,0.8930687001628238,0.5008780699033758,0.91082778075697,0.9162894024113097,0.8273351596396656,-0.3095610136390348,-0.49492729442248956,0.8380268846739507,0.8802372888535087,-0.24978664676787496,0.9374716958446313,0.9376115923407539,0.9578421439977876,0.9775668001638128,0.9504709622288721,0.9568410216312996,0.942277116071251,0.942244217664681,0.9462520880023031,0.9466945241692895,0.9462520880023031,0.8547182403684063,0.8291784540458993,0.8309367319253991,0.8291784540458993,0.9523652122515407,0.9555946553029296,0.9523575565247185,0.9531536078772813,0.9523575565247185,0.6171906115821658,0.5659023513358947,0.6581962491941922,0.7366567330188035,0.6456451757995767,0.6696129781106555,0.6702637924818349,0.6696129781106555,-0.16151342397442978,0.9154575167639319,0.938454728490451,0.9303633863045221,0.9554315467576315,-0.2822882292945708,0.9117459305989076,0.9119765872469157,0.9117459305989076,0.9188511638872805,0.9188511638872805,-0.18618334358098027,0.5884948762965649,-0.36635011959951264,-0.769912929748061,-0.4597295291681647,-0.46344014894458285,-0.37188365678823676,0.2659657038247529,-0.2577953460913533,-0.48372322230941334,-0.7200445889003467,-0.34717568045968067,-0.4781952621335201,-0.40779972621164007,0.13156873821159148,0.128565687899572,-0.4877574484999549,-0.452475979645811,-0.48116765779672477,-0.5123026641039218,-0.5045885512522633,-0.4834858235320974,-0.48666448566622683,-0.4834858235320974,-0.360391543508309,-0.5294618822788997,-0.5294618822788997,-0.4995443771313959,-0.4995443771313959,0.3855610089498052,0.36437868471029583,0.4913411843276307,0.5922549130844831,0.5220722353508848,-0.4367071451434979,0.36285961130683414,0.3119351455768453,0.31208215649035986,0.3119351455768453,0.16181907679445992],[0.666084419773116,0.9800290097961635,1.0,0.6628434221478365,0.5946471010240966,0.666084419773116,0.6477681001611333,0.6396825338660809,0.6396825338660809,0.5908161296496663,0.5531372739238974,0.9953412241271725,0.647781512015281,0.6418398888597486,0.6479606156543991,0.42901048456646673,0.4062302605588607,-0.1982700043131137,0.6092838528815667,0.609272715083566,0.5749687815005889,0.6474578721084632,0.19259113788249807,0.7866710897550223,0.6264484044952775,0.6264484044952775,0.6262140365208726,0.9882169494392646,0.3072098379706741,0.1308521304426005,0.6059481337080898,0.6055568023665616,0.6799988868504429,-0.014388907879589559,0.643737233196752,0.5841221743027185,0.6116813508713761,0.30407523767479505,0.9934572149172592,0.5801606085317845,0.4166685533515385,-0.20717091631562004,0.6606450572630671,0.6423484003817964,0.6606450572630671,0.889818415554635,0.40295491097621067,0.9281398577513132,0.9061223512969209,0.7244486486780269,0.21707105649885852,-0.06337717769424135,0.050760143162940634,0.5278121546483701,-0.08591770879764095,0.5888139211205342,0.5554389493879527,0.5769617163752918,0.54107104715874,-0.0028103062967340564,0.792325046570411,0.7254016272318167,0.6353390499096042,0.7311767521824917,0.759252258412993,0.7311767521824917,0.5217522614064665,0.637601201277877,0.69545980583164,0.637601201277877,0.6929463836173112,0.6735900908044932,0.7238185203493827,0.7703429251854754,0.7238185203493827,0.40337381964631824,-0.08671521668349227,0.41838134939385857,0.10030048629403678,0.40388105860936024,0.2630672406497795,0.4876267630234631,0.2630672406497795,-0.1543185907792119,0.6073902549777989,0.8804863386035252,0.6798059131398484,0.7713165737800519,-0.056293921235448435,0.6477028292467171,0.6483016902370193,0.6477028292467171,0.7146422001620589,0.7146422001620589,-0.20349942780121133,0.7021522205449588,-0.18695096795486593,-0.6870599083638185,-0.43540778640368244,-0.43879132427661227,-0.4217558324438847,0.09180359179456059,0.020111012158457876,-0.32972704297402955,-0.6670280795689986,-0.16853931674852649,-0.3127286290089755,-0.26736067023496146,0.0385067366594571,0.037075389991868456,-0.48676627093072794,-0.059521518725063324,-0.2574024294782136,-0.5093588399231522,-0.19818965463146623,-0.4023423382372376,-0.2838440886740581,-0.4023423382372376,-0.41734006548226404,-0.5373897600370037,-0.5373897600370037,-0.30128781076546385,-0.30128781076546385,0.3295531150853142,0.18727107012198385,0.28125162385094565,0.5163910046731763,0.2775089043633756,-0.3783336822604518,-0.015678165311621636,0.4551893752277334,0.5576196331503612,0.4551893752277334,-0.01570509424985006],[0.9997318369955286,0.9994652813782618,0.6628434221478365,1.0,0.998926930614866,0.9997318369955284,0.9937442425530736,0.9906625421358601,0.9906625421358601,0.9945868781001154,0.9752231068318991,0.9903144934394535,0.9937689040576746,0.9944600418998615,0.9937959659662761,0.7932267366588213,0.7266488308349116,0.2847644014999127,0.9944594272331829,0.9944596450647177,0.9857017020109107,0.9937594442643695,0.40339797217703643,0.7453684379469355,0.9845547080631197,0.9845547080631197,0.9845349135090183,0.981535222424466,0.3218019721698602,-0.1281250577794691,0.988991993442007,0.9889619624770905,0.2686283487384773,-0.1965878379558163,0.9952752106276441,0.9960391578555443,0.8153431256284596,-0.36431199412418047,0.9930139053991199,0.9962381864959249,0.7777232800057123,0.2652145054204595,0.9932996641331583,0.9953216994841603,0.9932996641331583,0.8907343116415632,0.6411670954728044,0.9144418102621362,0.9134327760004901,0.8109183910174632,0.37187272595028886,-0.17860695784498712,0.2031259446745904,0.9427708707758066,0.3716291498220524,0.9706029510332881,0.9679158721465619,0.9783052228259695,0.9896246854292039,0.9123176747654425,0.9334082585527658,0.9340623918635719,0.9275758343222613,0.9277725931064129,0.9287469112580086,0.9277725931064129,0.8775249913652984,0.9118811328757687,0.9130272849714098,0.9118811328757687,0.9205343268894702,0.7354366641308413,0.8612924682973059,0.8628270798670653,0.8612924682973059,0.6935449534149268,0.14810693866854538,0.6768902661092948,-0.5550735751504985,0.58696070627315,0.3497433493238027,0.5857527523643224,0.3497433493238027,-0.10319179527204708,0.9073367139233988,0.9370355553235287,0.9208988819505354,0.9119245194708727,0.27310638104511925,0.9031130826100381,0.9041559161750652,0.9031130826100381,0.8940371713033288,0.8940371713033288,-0.10344916723629372,0.6070393969503133,0.16652736701601878,-0.6825557753209855,-0.5934080927569862,-0.5968624015015505,-0.13373526438424357,0.11594475478038684,0.20468075418911397,0.008584214006252191,-0.549801443498104,-0.016868404471052114,-0.8019760050852496,-0.28627304405087906,0.15045585759182079,0.1520831225413337,-0.5754503245611012,-0.576632162029368,-0.27105466612377,-0.521657041321892,-0.8183387196724825,-0.4009287340493031,-0.39396838479133567,-0.4009287340493031,-0.22365708982602817,-0.3400268302580084,-0.3400268302580084,-0.804424656836246,-0.804424656836246,0.3765791864156632,0.6176855339629073,0.8461723931751582,0.8319017263564675,0.749013501729667,-0.3360195503720849,0.7384602323818009,0.7714215987342428,0.7714990004313471,0.7714215987342428,-0.17934184813428433],[0.9980328325057424,0.9958014517791591,0.5946471010240966,0.998926930614866,1.0,0.9980328325057424,0.9972429171268911,0.9957895725044075,0.9957895725044075,0.9974450194627685,0.9679927266548084,0.9964649219648263,0.9972589630396402,0.9973364654342854,0.9972840928584641,0.7075803042153598,0.616814987692082,0.07890860813732216,0.997707764725888,0.9977080630385275,0.9877364565638664,0.997248496377603,0.04961153004515894,0.7272089455944808,0.9924959840676437,0.9924959840676437,0.9924570047862881,0.9903699823351978,0.09821849648778995,-0.11088468538807016,0.9874362129674875,0.9873677823404388,-0.024060361199377333,-0.09709806447762082,0.9978015067276889,0.9977308699247255,0.8069628439180816,-0.4847478826719679,0.9976557757181431,0.9980631016923541,0.6808450320460149,0.05470578754347488,0.99774662536362,0.9977508504517002,0.99774662536362,0.9046593615754438,0.6059318787239194,0.927419808492771,0.9157524314693447,0.7875231801790467,-0.08293091164364641,-0.5860572051008284,-0.18466525741615614,0.932283740579171,0.22566746766171553,0.9667079197012761,0.9667830923244121,0.9808851025844659,0.9901658258800382,0.9115585637145468,0.9164021851838581,0.9250036213313146,0.915752327131174,0.9234090379343576,0.9238924676725707,0.9234090379343576,0.854410701684452,0.871275869958462,0.8726577645365039,0.871275869958462,0.9100899599209351,0.8264039419804006,0.8914283671831407,0.8924116930146436,0.8914283671831407,0.65531114000665,0.5420222371326875,0.6439908500518734,-0.570522423022838,0.6376286112840491,0.6178631408098996,0.617740968686967,0.6178631408098996,-0.11761781359104083,0.8908929150699123,0.9149807609598991,0.9001437167666584,0.9194244732086815,0.11897462957412033,0.8901698174617844,0.8913692152303614,0.8901698174617844,0.8960512446371175,0.8960512446371175,-0.14166698211968032,0.6538206909528244,0.021241416554690366,-0.7114004644173595,-0.6398962844772466,-0.6406002057412982,-0.16435052998895064,0.13923098223171668,-0.18407300219542005,-0.23720294804709827,-0.61877710746566,-0.37389826458414677,-0.8470504242675633,-0.5601309355246489,0.12073571032939248,0.12224560968763798,-0.6006460633658426,-0.5707841796986438,-0.5440541997892606,-0.5587942100907466,-0.7756531208250833,-0.595060009375396,-0.5981179764341061,-0.595060009375396,-0.26111321570181667,-0.37256186604329206,-0.37256186604329206,-0.7444202577645213,-0.7444202577645213,0.3654202515008951,0.6007922718439183,0.8005577191926169,0.7889655166590919,0.7400725800637391,-0.4613446324658142,0.6009930631701313,0.6636845251002537,0.6638804864400066,0.6636845251002537,0.047541034028227444],[1.0,0.9999888766828963,0.666084419773116,0.9997318369955284,0.9980328325057424,1.0,0.9924981477105643,0.9889691928120443,0.9889691928120443,0.9931302739628922,0.9771036706599306,0.9870411125785093,0.9925329259861154,0.9929414781381212,0.9925832216964461,0.7940739315776603,0.7278860192753783,0.2994662849524443,0.9933962220939081,0.9933961520658421,0.9856061772773008,0.9925331665125561,0.41195508282400606,0.7410619335851331,0.9820392100896972,0.9820392100896972,0.9820200185984177,0.9754726201884314,0.32594894987593004,-0.12202111728459344,0.9896653196565935,0.9896271750554622,0.27644785049167503,-0.19635549669013122,0.9947510326653808,0.9953195653638434,0.8484765428043456,-0.3599203113187442,0.990667891308998,0.9953006833770425,0.7792769334142253,0.280206543714837,0.9948888269759111,0.9948870455428649,0.9948888269759111,0.8930748645510742,0.6532989240887991,0.9104248673984263,0.9160897086359716,0.8278667344797062,0.37677631292978686,-0.17367281150963818,0.20846138870505196,0.9481141804768112,0.3873355719915935,0.9750227760596977,0.9707887038810524,0.9804410221814527,0.9897337713603276,0.9313335187337644,0.9389961295425172,0.9456414681693204,0.9309462761770025,0.9429400620060423,0.9436612354382165,0.9429400620060423,0.8845372433498605,0.9228401898635908,0.9238815137432969,0.9228401898635908,0.9234084751200046,0.7895711486144756,0.8963152453412859,0.8977690425584086,0.8963152453412859,0.7006822565994676,0.3807960627423249,0.6855877646341509,-0.5506026725402456,0.5911896356953711,0.613256565685291,0.6141688678850851,0.613256565685291,-0.09714734892663231,0.9117974916463844,0.9432489300937399,0.9274236387712045,0.9327911056938937,0.2871303169653328,0.9068911394892918,0.9077980561909017,0.9068911394892918,0.911305203553177,0.911305203553177,-0.09898343769503339,0.5877763822896057,0.16175730937804023,-0.6730977670933616,-0.5869247830031145,-0.5904541363306246,-0.12213540393880269,0.12024854485244535,0.21129281835086386,0.021308811543312392,-0.5383210896809743,-0.010903846511025042,-0.7966808480288137,-0.27891313035638704,0.15995601046541602,0.16151630993309918,-0.569210221539381,-0.5801576238493885,-0.27022794645202985,-0.5119037275773017,-0.8171291512296636,-0.3998974243233289,-0.3923876067914895,-0.3998974243233289,-0.2156890212220833,-0.331021165094318,-0.331021165094318,-0.8051035978307906,-0.8051035978307906,0.38562593989452415,0.6288568392468894,0.8540669175581233,0.839563228877752,0.7562161554589251,-0.3237005989542224,0.7474372784492052,0.7802788704131323,0.7803513652705725,0.7802788704131323,-0.19406376676444959],[0.9924981477105643,0.9846189968459281,0.6477681001611333,0.9937442425530736,0.9972429171268911,0.9924981477105643,1.0,0.9975654767353492,0.9975654767353492,0.9999717075440817,0.962100443288017,0.9996901979858457,0.9999966690138168,0.9999872046106207,0.9999935229149195,0.8629526953554866,0.8507305462254443,0.24973905549095557,0.9998649802510701,0.9998654299051001,0.9901080922725842,0.9999968642763682,0.32169088176213795,0.7422174113191986,0.986084343682699,0.986084343682699,0.987159305075406,0.991550490821396,0.2525510511094759,-0.18067873853450211,0.991662831210696,0.9916272032690233,0.17737620139231056,-0.24177139209647527,0.9993573292504705,0.9994722581625912,0.44261724538687425,-0.3062533460985195,0.9990753838820783,0.9994379878940077,0.8454648523773258,0.22887295084031828,0.9438680180606248,0.9991137002084274,0.9438680180606248,0.9139608327740721,0.6138053961671494,0.9403529275464049,0.9200483705767908,0.753642410822469,0.4114923003187691,-0.11721924548352987,-0.19161857836781346,0.9309477577549051,0.3402544835839149,0.9682638743873601,0.964001393869963,0.979309135191628,0.9956204105701817,-0.024269919800998806,0.8784653484882354,0.8397451329781861,0.8838066555438077,0.8345112147944291,0.7987657795103024,0.8345112147944291,0.8187095902083612,0.8037190631645265,0.7930104678498175,0.8037190631645265,0.8769306835442409,0.403586757175773,0.6042401349986094,0.6638574463287975,0.6042401349986094,0.6246593246948067,-0.3397319152279134,0.5970318255998517,-0.6196397945218532,0.519041544810943,-0.08460441212727275,0.45434011629353205,-0.08460441212727275,-0.14398916078177523,0.8556954927330974,0.878012658124847,0.8633848531051159,0.774292449231972,0.2373316711649812,0.8547784577632908,0.8562770037034972,0.8547784577632908,0.7757013208954969,0.7757013208954969,-0.17724200317456756,0.6955575566716241,0.2343939368973277,-0.6888833666260739,-0.6326536252057126,-0.6357021291170106,-0.17523688925141973,0.06721503968065026,0.3223014036291219,-0.020358480968764685,-0.5623912711439162,0.04600759842882664,-0.8283294464799386,-0.18397137314654574,0.08663966323935976,0.08834059190160676,-0.6168034540008652,-0.5877164899571967,-0.10664483020420007,-0.5927246866357724,-0.8329237625908322,-0.39270784681527054,-0.22704812859585288,-0.39270784681527054,-0.2919998681137925,-0.3805796706042094,-0.3805796706042094,-0.8250188390744115,-0.8250188390744115,0.36666492863567185,0.58544876218514,0.5078000923125237,0.8020322746305981,0.7361356845538924,-0.3844736340189181,0.06822787332156119,0.7466281799078759,0.7657798183688244,0.7466281799078759,-0.11447685124102748],[0.9889691928120443,0.9788343281614368,0.6396825338660809,0.9906625421358601,0.9957895725044075,0.9889691928120443,0.9975654767353492,1.0,1.0,0.9995770173569717,0.9556786661611915,0.9987856291262148,0.9983000493825906,0.999424219128449,0.999174179614817,0.8602811502360285,0.8394431381451791,0.22821197946739086,0.999213592229347,0.9992164979507021,0.9875661573197269,0.9993070407671496,0.2966319955036854,0.7436481703553796,0.9929567575943385,0.9929567575943385,0.9853459166646799,0.9889749442043545,0.23527302564700223,-0.19373168776622388,0.9880101964362703,0.9914399845506553,0.15901643879590935,-0.2475532995202613,0.9983512693623375,0.9983400650120194,0.4255979104339624,-0.3125651134101718,0.9972748567654341,0.9982918064375759,0.8430148693801184,0.20696189043658453,0.9367502186220118,0.9981824367955665,0.9367502186220118,0.9116581793116255,0.5990780344673937,0.9406818887887326,0.9176474372871597,0.7333432212189863,0.39884115670648984,-0.13178918808149398,-0.20373014653587848,0.9228026107081322,0.32017164249435454,0.963739569074531,0.9590336950417875,0.9744152974276338,0.9946229948035321,-0.03348136472488833,0.8687057136374152,0.825381897195564,0.8765119634549987,0.8212297026575947,0.7874153730891404,0.8212297026575947,0.8077846644691082,0.7866417355950439,0.7804308981348468,0.7866417355950439,0.8698653217700609,0.3857236743076869,0.5856785670272069,0.6486976574956711,0.5856785670272069,0.6133512420743558,-0.35363635498090884,0.5840721807328343,-0.6264884015922663,0.5123180768175265,-0.10555313326639643,0.4393844562126319,-0.10555313326639643,-0.15025898607791405,0.847206464538833,0.8659839581072131,0.8527174839204271,0.7606177889511121,0.21983572077924182,0.8468595844052715,0.8485551406884908,0.8468595844052715,0.7600718554271326,0.7600718554271326,-0.1914311887702185,0.7177399779454116,0.24108320939613814,-0.6979009094801367,-0.6446529071520635,-0.6475400151710375,-0.18944772758278625,0.06004134415186712,0.3152974579887004,-0.03915834560538691,-0.574491443110763,0.03678710328617891,-0.8337534615571491,-0.19042644429684114,0.07203563531001848,0.0737769590920329,-0.6277472836680554,-0.5885818191093014,-0.11341203671994353,-0.6083664051747895,-0.8322335363807358,-0.4037841379270546,-0.2331660101651911,-0.4037841379270546,-0.30850742863623953,-0.3935514341679902,-0.3935514341679902,-0.8228014772385295,-0.8228014772385295,0.34843895650055023,0.569243463713585,0.4896911694582102,0.7846750222923907,0.7239707366863054,-0.4051423484250819,0.05469085018399548,0.7279527032498341,0.7503324092981398,0.7279527032498341,-0.09765567709244714],[0.9889691928120443,0.9788343281614368,0.6396825338660809,0.9906625421358601,0.9957895725044075,0.9889691928120443,0.9975654767353492,1.0,1.0,0.9995770173569717,0.9556786661611915,0.9987856291262148,0.9983000493825906,0.999424219128449,0.999174179614817,0.8602811502360285,0.8394431381451791,0.22821197946739086,0.999213592229347,0.9992164979507021,0.9875661573197269,0.9993070407671496,0.2966319955036854,0.7436481703553796,0.9929567575943385,0.9929567575943385,0.9853459166646799,0.9889749442043545,0.23527302564700223,-0.19373168776622388,0.9880101964362703,0.9914399845506553,0.15901643879590935,-0.2475532995202613,0.9983512693623375,0.9983400650120194,0.4255979104339624,-0.3125651134101718,0.9972748567654341,0.9982918064375759,0.8430148693801184,0.20696189043658453,0.9367502186220118,0.9981824367955665,0.9367502186220118,0.9116581793116255,0.5990780344673937,0.9406818887887326,0.9176474372871597,0.7333432212189863,0.39884115670648984,-0.13178918808149398,-0.20373014653587848,0.9228026107081322,0.32017164249435454,0.963739569074531,0.9590336950417875,0.9744152974276338,0.9946229948035321,-0.03348136472488833,0.8687057136374152,0.825381897195564,0.8765119634549987,0.8212297026575947,0.7874153730891404,0.8212297026575947,0.8077846644691082,0.7866417355950439,0.7804308981348468,0.7866417355950439,0.8698653217700609,0.3857236743076869,0.5856785670272069,0.6486976574956711,0.5856785670272069,0.6133512420743558,-0.35363635498090884,0.5840721807328343,-0.6264884015922663,0.5123180768175265,-0.10555313326639643,0.4393844562126319,-0.10555313326639643,-0.15025898607791405,0.847206464538833,0.8659839581072131,0.8527174839204271,0.7606177889511121,0.21983572077924182,0.8468595844052715,0.8485551406884908,0.8468595844052715,0.7600718554271326,0.7600718554271326,-0.1914311887702185,0.7177399779454116,0.24108320939613814,-0.6979009094801367,-0.6446529071520635,-0.6475400151710375,-0.18944772758278625,0.06004134415186712,0.3152974579887004,-0.03915834560538691,-0.574491443110763,0.03678710328617891,-0.8337534615571491,-0.19042644429684114,0.07203563531001848,0.0737769590920329,-0.6277472836680554,-0.5885818191093014,-0.11341203671994353,-0.6083664051747895,-0.8322335363807358,-0.4037841379270546,-0.2331660101651911,-0.4037841379270546,-0.30850742863623953,-0.3935514341679902,-0.3935514341679902,-0.8228014772385295,-0.8228014772385295,0.34843895650055023,0.569243463713585,0.4896911694582102,0.7846750222923907,0.7239707366863054,-0.4051423484250819,0.05469085018399548,0.7279527032498341,0.7503324092981398,0.7279527032498341,-0.09765567709244714],[0.9931302739628922,0.9844823131409411,0.5908161296496663,0.9945868781001154,0.9974450194627685,0.9931302739628922,0.9999717075440817,0.9995770173569717,0.9995770173569717,1.0,0.9611032736068804,0.9996572863384167,0.9999727374016961,0.9999718381271853,0.999976163583386,0.7448976635996567,0.6575968280054294,0.13111109276148003,0.9998222933394713,0.9998230559822452,0.9900163334060919,0.9999699895755069,0.10055569386584551,0.7189440691953097,0.9953387502434848,0.9953387502434848,0.995296162707102,0.9914556681343405,0.08305411604537401,-0.12188904029539567,0.9908161059458723,0.9907757086946132,-0.005681363160940155,-0.20182376896616855,0.9994077922100469,0.9993667715583135,0.8125017056029555,-0.4817018952056787,0.9990137899085775,0.9994136702397783,0.7194288517988754,0.10726167097111983,0.9992742243676727,0.9992794558328933,0.9992742243676727,0.9138446420442828,0.6143094392569738,0.9401844848158828,0.9196849638549176,0.7531236151127008,0.017744805520955205,-0.5390529002256185,-0.14025050555436552,0.9271620197561498,0.28562513931987193,0.964536828243441,0.9640211353242395,0.9814043666338159,0.9948822638767845,0.886964835196708,0.8795193963009402,0.9014633196913725,0.8849947507940785,0.8998658548497269,0.900441501491682,0.8998658548497269,0.8186716204117428,0.8536003903702204,0.8550303919117004,0.8536003903702204,0.8785407289802781,0.791498246617313,0.864338745980092,0.865468912324364,0.864338745980092,0.6243987240125958,0.4739634459813357,0.5972062061338275,-0.6249188890234999,0.5731211458969866,0.5415140285928858,0.5412131707664399,0.5415140285928858,-0.09977279668997323,0.856691628837834,0.8779577353661548,0.8638185671272425,0.8953390738328446,0.15254728261133071,0.8602925155614692,0.8620938855996807,0.8602925155614692,0.8662902741235848,0.8662902741235848,-0.17891045065488811,0.6963921431477602,0.04753979059895746,-0.7012970354027317,-0.6670754344991714,-0.6682912674600237,-0.17871815519962245,0.07097905411444942,-0.18923569693800552,-0.20470947524875074,-0.6028390928867401,-0.40115918588764676,-0.8656050077053812,-0.5947022142482253,0.08611829480590236,0.08779250951102979,-0.6183307163898066,-0.583709355796339,-0.5543760176340394,-0.5943378628485041,-0.8002814444922529,-0.6184648452062699,-0.6207153063763546,-0.6184648452062699,-0.29421863066438886,-0.3843076496571145,-0.3843076496571145,-0.7804656103577156,-0.7804656103577156,0.3671794909451031,0.5838280494219527,0.8114147437805334,0.8011398766848703,0.7342246535187182,-0.4118673551308684,0.6344110794754392,0.6889276708103064,0.689101485906606,0.6889276708103064,0.12179662967194635],[0.9771036706599306,0.9715179072266098,0.5531372739238974,0.9752231068318991,0.9679927266548084,0.9771036706599306,0.962100443288017,0.9556786661611915,0.9556786661611915,0.9611032736068804,1.0,0.9469378644348283,0.9621215783602435,0.9621449011186242,0.9618502049093972,0.5466997279323892,0.4483750719435691,-0.09277533774198635,0.966352484509288,0.9663319684204161,0.9622321467816347,0.9622242187733528,0.020019208558225015,0.7581759949378962,0.963642170356717,0.963642170356717,0.9638115662468891,0.8970591767543812,0.18236216265792676,-0.10694068945019669,0.9688110392841701,0.9689124096230752,0.14687112626064572,0.05140216913172032,0.9698294032405544,0.9700654867234405,0.8872184309216257,-0.3721594427440296,0.9549625348676781,0.9690507331216095,0.5158030991029537,-0.11351282298611795,0.9708966586750257,0.9708660168426518,0.9708966586750257,0.8203218323077469,0.41513929584228576,0.835783584321318,0.9024696739821982,0.8589947595554033,-0.5073753832612972,-0.6764602467491271,-0.22857406125734053,0.8928238061321171,-0.019112199545622526,0.9212060866557112,0.9212682987096477,0.9396516888039829,0.9671165503979627,0.8897494073161585,0.8910198787864448,0.906851197072808,0.8926287444133537,0.9002360104555588,0.9008155482449108,0.9002360104555588,0.8485446781999313,0.8307816546030896,0.8324336802909773,0.8307816546030896,0.8872863562666725,0.901588218915439,0.8854197382030676,0.885977290621209,0.8854197382030676,0.7064986273732334,0.6392714835884382,0.7074383403294602,-0.30220825830596976,0.7239662245504784,0.7393399331643168,0.7415090061662118,0.7393399331643168,-0.2587197444311867,0.8897156666232316,0.9403954179772798,0.9036615828385423,0.9017141891103695,-4.9360526478558654e-05,0.883679733443882,0.8846346316427276,0.883679733443882,0.8917410546798392,0.8917410546798392,0.04021567937525952,0.40295078867076556,-0.12250662522827856,-0.6378465660118743,-0.43231281570659014,-0.43465606909912424,-0.04302838752557271,0.4200137821577321,0.02812294097531815,-0.1649722439614156,-0.5223135912443259,-0.08761661172343917,-0.7949662881397727,-0.25079990789689033,0.2944312213913881,0.2943082895145163,-0.40333404403050055,-0.43248841260681503,-0.36715463204373733,-0.3773881745771082,-0.6627087928340819,-0.3869091272858525,-0.38913854139941945,-0.3869091272858525,-0.11383613049607143,-0.4245512773512581,-0.4245512773512581,-0.5397210185786135,-0.5397210185786135,0.5133932161441439,0.6460084354524485,0.7485328321726942,0.6868782647936903,0.811098818025759,-0.5008962186001887,0.39404826781727303,0.532310544398127,0.5326230250685251,0.532310544398127,-0.16161231151304234],[0.9870411125785093,0.9858317153986256,0.9953412241271725,0.9903144934394535,0.9964649219648263,0.9870411125785093,0.9996901979858457,0.9987856291262148,0.9987856291262148,0.9996572863384167,0.9469378644348283,1.0,0.999691092353251,0.999687209752579,0.9996598664614135,0.31416901203058095,0.2150214358906331,-0.5029477812848987,0.999804014644092,0.9998061121149977,0.9996957167510525,0.9996949480348218,-0.24204239651940296,0.9722531796690378,0.9947404004662258,0.9947404004662258,0.9947212740211648,0.9934445939660557,0.10058183226060811,0.08922590207158311,0.9917710650407318,0.9918194659944323,0.8652132491947915,0.02651501388481242,0.9990587227247257,0.9990148050011858,0.9988920759796955,0.9993978553199381,0.9994343088192265,0.9990952572981748,0.26148533139658087,-0.511160023282148,0.9988414160809594,0.9988489661632035,0.9988414160809594,0.9082283249890332,0.4536492704498928,0.9363253472383205,0.9168616626486918,0.7536003463206641,-0.4231464150407146,-0.6059581934303918,0.8166989489355375,0.8452327108307071,-0.3401388266973484,0.9324913887250927,0.9327002716165986,0.9699816184403434,0.9935907166026037,0.8995001023459054,0.9059813445051815,0.8832912988080066,0.8855013571275003,0.8890176212385702,0.88961377798455,0.8890176212385702,0.7725735287151761,0.7414588751553551,0.7435744806846062,0.7414588751553551,0.9060793522237052,0.9120402023259366,0.9049815373995225,0.9059892771179403,0.9049815373995225,0.5119575980900029,0.45107940636957217,0.5514468270952338,0.6462097824346887,0.546265161651975,0.5759284412561366,0.5778047247848306,0.5759284412561366,-0.33703346694634173,0.8471268856873531,0.8809312402671456,0.86809152926031,0.906118662701115,-0.3110361001077087,0.8423957429648382,0.8427157357734799,0.8423957429648382,0.8519780317464227,0.8519780317464227,-0.23116493319625298,0.6893810549505973,-0.38744914555921006,-0.7902684705673245,-0.5334332330139457,-0.536186403828458,-0.4171105574665638,0.216506823330285,-0.2994528522320239,-0.5189921445574172,-0.7465556253919713,-0.3939368610736822,-0.5941603225186409,-0.46525076881201793,0.07837728398439575,0.07595423969287805,-0.5568334202735514,-0.5277365576503295,-0.548755095246283,-0.5842730567195134,-0.5779487323598171,-0.5521518001313426,-0.5551520912554672,-0.5521518001313426,-0.43099620850054704,-0.621317498115224,-0.621317498115224,-0.6159295158584067,-0.6159295158584067,0.36363459899189404,0.33242340141941923,0.4660039236091874,0.5647270325167594,0.520458234443819,-0.5722253003500859,0.3007592121745205,0.2814140977079057,0.2816137427675023,0.2814140977079057,0.2437808120433842],[0.9925329259861154,0.9846502809082066,0.647781512015281,0.9937689040576746,0.9972589630396402,0.9925329259861154,0.9999966690138168,0.9983000493825906,0.9983000493825906,0.9999727374016961,0.9621215783602435,0.999691092353251,1.0,0.9999907232856082,0.999995189505671,0.8629477866499782,0.8409516648547402,0.24979916736643712,0.9998663693568752,0.999866772626496,0.9901421741618627,0.9999974376123962,0.3219948494749674,0.7422673628849377,0.9911213458235784,0.9911213458235784,0.9871504541374085,0.9915408328248195,0.2528023402326821,-0.1806261060358208,0.9916993562613077,0.9916371875422404,0.17760107523799287,-0.24173714324037876,0.9993591835911825,0.999475417295451,0.44259029672930866,-0.30605293259033234,0.9990778958699141,0.9994454742917075,0.845450348734916,0.22893905784839497,0.9438535974972234,0.9991160489354105,0.9438535974972234,0.913975994832028,0.6139427034644906,0.9404753315546379,0.9201571894552468,0.7537322747620105,0.4118598668357559,-0.11679674288245666,-0.19127204889736696,0.931011651030023,0.34032066893161245,0.9683477838065234,0.9640528788948056,0.9793894705804016,0.9956346016102949,-0.02409214746270683,0.878577669128558,0.8398266013170488,0.8839045217688479,0.8345906903339333,0.798710232284417,0.8345906903339333,0.8187864726525667,0.803764078477999,0.7929497186494919,0.803764078477999,0.877056209563946,0.4034664172519894,0.6042388514208641,0.6637739787695925,0.6042388514208641,0.6246095852628473,-0.3397538585010047,0.5969982985817887,-0.6195469452687934,0.518946556433746,-0.08473027554879121,0.45436780201560656,-0.08473027554879121,-0.1441362676309278,0.8557570706303255,0.8781060606296468,0.8634573269324102,0.7742844787042868,0.23739181041532748,0.8548471702002728,0.8563411520556387,0.8548471702002728,0.7757579537233337,0.7757579537233337,-0.177192455329088,0.6956022415208024,0.23450824708819087,-0.6889122958825863,-0.6325755361312556,-0.6356289003315346,-0.17531240285279379,0.06709624128306708,0.3224649443644308,-0.020342707978305806,-0.5624409157233525,0.04625535841423987,-0.8280877859465063,-0.1836951934466818,0.08670932495945712,0.08842398689946429,-0.6167905595196215,-0.5875297393186921,-0.10641214069708176,-0.5926978686160196,-0.8328269679896316,-0.3924987434186854,-0.22685635234475468,-0.3924987434186854,-0.29184140947942044,-0.38054520423115445,-0.38054520423115445,-0.8249721668188404,-0.8249721668188404,0.36709801579279666,0.5855654821675114,0.5080329989618687,0.8022724355565718,0.7361936253845993,-0.38427782027733914,0.06849523521132869,0.7468674446193571,0.7658904960019023,0.7468674446193571,-0.11450731568127973],[0.9929414781381212,0.9845952730633305,0.6418398888597486,0.9944600418998615,0.9973364654342854,0.9929414781381212,0.9999872046106207,0.999424219128449,0.999424219128449,0.9999718381271853,0.9621449011186242,0.999687209752579,0.9999907232856082,1.0,0.9999881311682564,0.8001923097147775,0.7286696062019269,0.250674487339475,0.999889096025067,0.9998897285621223,0.9901439781023246,0.9999881172888904,0.32275937203536764,0.7389561612785138,0.9940740822854208,0.9940740822854208,0.9940394733200911,0.9915039194174186,0.24703508098307983,-0.1814182328954672,0.9920232738467714,0.9920284445964336,0.2002268129714116,-0.24158056784262766,0.9995317612978327,0.9994759023465715,0.8499205569531685,-0.3959615688897914,0.999073948793776,0.9994495888681305,0.7811804149420221,0.22984160358038283,0.9994263261225171,0.9994309064352145,0.9994263261225171,0.9140350208828304,0.6140548473127925,0.940389564925368,0.92002211034245,0.7533360959365567,0.29242930348550705,-0.2868484634703241,0.10792134510467065,0.9309991019148562,0.34058678405097403,0.96543811791997,0.9640722536231456,0.9779886193511488,0.9958613971693981,0.8938961414819632,0.8780950289715223,0.9062913204695675,0.8840642242770297,0.9052785260837237,0.906082134931305,0.9052785260837237,0.8184112113423819,0.8733089368863697,0.8747060371170964,0.8733089368863697,0.8771423735654981,0.7747367912021688,0.8694742453723396,0.870992715976047,0.8694742453723396,0.6241490347430221,0.47485150057891845,0.5965810561292484,-0.6217830835985619,0.5184182902639238,0.5224862494909364,0.5233715222351925,0.5224862494909364,-0.1458108007154058,0.8558824622312343,0.8777647999368594,0.8629790167800364,0.9005452096897173,0.23877920497954702,0.8550322314462281,0.8565215308518501,0.8550322314462281,0.8646639007800375,0.8646639007800375,-0.1775494575572165,0.6949042983298421,0.14684229282886466,-0.688471283653387,-0.6322180461219068,-0.6352672417631264,-0.1752888781929166,0.06664718083950455,0.09707811045526864,-0.019607023671891138,-0.5618670760217662,-0.1414032840513585,-0.8391412337316209,-0.40275782932640847,0.0864645003942344,0.08817721370944713,-0.6168353695743589,-0.5866854761175695,-0.3978830346434882,-0.5924639521437816,-0.8259414581410047,-0.510743093558637,-0.5064967422866096,-0.510743093558637,-0.29157976256884505,-0.3811978801188508,-0.3811978801188508,-0.816681610167678,-0.816681610167678,0.36651862373996297,0.5856192512864745,0.8201542171345891,0.8059208084204292,0.7365271477492616,-0.3842124208946057,0.699690367698914,0.735106262915485,0.7351968369188527,0.735106262915485,-0.08205473416467271],[0.9925832216964461,0.9844951955694101,0.6479606156543991,0.9937959659662761,0.9972840928584641,0.9925832216964461,0.9999935229149195,0.999174179614817,0.999174179614817,0.999976163583386,0.9618502049093972,0.9996598664614135,0.999995189505671,0.9999881311682564,1.0,0.8546846918600519,0.7996750673931664,0.24993102783603685,0.999869077265379,0.9998693634542072,0.9902737176461627,0.9999951372235998,0.3226526561242079,0.7421131812665182,0.9942757763261524,0.9942757763261524,0.9941846424163414,0.9914684032365877,0.25307594051229443,-0.1806538311215698,0.9925615409749496,0.9926037761514906,0.17833271806494014,-0.24157168082655164,0.9994045467262253,0.999474664944773,0.44163531488227903,-0.30530783841744963,0.999035731165274,0.9994478831411886,0.8433582620745116,0.2290927257266386,0.9434163269394609,0.9991665252784154,0.9434163269394609,0.9142253294713705,0.6145919168350819,0.940646975383639,0.9203149752091518,0.7534795000785898,0.41317818146048607,-0.11531620336593557,-0.19148999659352506,0.9313440095954733,0.3405863148041044,0.9687287693516438,0.9643494751826059,0.9796454943898711,0.9956746032522578,-0.025074402070096917,0.878825181281951,0.8397392393348184,0.8841161020690369,0.8345356889676526,0.7982895907074675,0.8345356889676526,0.8189704006949994,0.8037035422716275,0.7933016609901088,0.8037035422716275,0.8773442937907482,0.402815630114845,0.6037639427997711,0.6637730204935143,0.6037639427997711,0.6244785549516548,-0.34087111877962434,0.5969462143889019,-0.6197313089947271,0.518609553047438,-0.08568398203991574,0.4540359951582497,-0.08568398203991574,-0.1440933522223565,0.8558781992649855,0.8778645694404571,0.8635823718866168,0.766726014421531,0.23776290380718457,0.8549343393423846,0.8564188597843977,0.8549343393423846,0.7755725379318398,0.7755725379318398,-0.17852574188368864,0.6963867654587729,0.23498954675348419,-0.6888872022855819,-0.6329240862894332,-0.6359821823084305,-0.17636147792378853,0.06596512207353043,0.32278479725226067,-0.020726902070272703,-0.5626307021273824,0.046354722074006954,-0.8273322698676453,-0.18352599263404368,0.08579195470286749,0.08750632908091811,-0.6173585202177435,-0.5877389281714335,-0.10585349740993062,-0.5938057143980425,-0.8328476078504515,-0.39243594424066114,-0.226321691284971,-0.39243594424066114,-0.29270378412696296,-0.38097037014486446,-0.38097037014486446,-0.8253143898446691,-0.8253143898446691,0.3673086882553797,0.5852374626378812,0.5075584666952122,0.802700665552588,0.7356568427807342,-0.3838535491964612,0.06786892651390007,0.7472763237525716,0.766497617670349,0.7472763237525716,-0.1142313516728188],[0.7940739315776603,0.2150021294557303,0.42901048456646673,0.7932267366588213,0.7075803042153598,0.7940739315776603,0.8629526953554866,0.8602811502360285,0.8602811502360285,0.7448976635996567,0.5466997279323892,0.31416901203058095,0.8629477866499782,0.8001923097147775,0.8546846918600519,1.0,0.9936326382792731,0.4161792765572933,0.8370847860331259,0.8370591521149355,0.7738554711313671,0.8536676278114629,0.330688188045343,0.43676391096226674,0.8462733418346379,0.8462733418346379,0.832839571593652,-0.08692142585667109,0.19302052546880263,-0.175894845898505,0.8819866657047514,0.8796225767232314,0.15487624995383897,-0.23934615658744837,0.8594593987023681,0.766107691090413,0.28057941390372465,-0.3186198457912773,0.3297717303438556,0.7379314519325391,0.9983912487934021,0.39852680592755513,0.785875502411499,0.8591925870453715,0.785875502411499,0.2932487586672032,0.5554570252925582,-0.11896088084102499,-0.13747810396781493,0.1609032366017895,0.4022584999503716,-0.06074432751806546,-0.21027856876491338,0.7505143292223668,0.40275311602628294,0.8562943129321257,0.7560121311082748,0.8300782848350853,0.8458820033028694,-0.09992628073988093,0.2440602562879153,0.6248032172866235,0.516439866467029,0.61556269302