var element=document.getElementById("correlationClose");if(element.style.display!='none'){var correlationClose={"data":[{"type":"heatmap","z":[[1.0,0.999989208827007,0.6752895935255953,0.9997381494750016,0.9980732894877504,1.0,0.9925999163377149,0.9891821221369269,0.9891821221369269,0.9931773073559375,0.977208690149069,0.9870378053045852,0.9926353826408022,0.9930191752461078,0.9926838684825182,0.7750088086349186,0.7029494139454895,0.28386661981282846,0.993465103920377,0.9934576490572502,0.985603189877099,0.9926261753206894,0.40098551407129085,0.7482682649098753,0.9823928227177564,0.9823928227177564,0.9823736969393663,0.9753426792877844,0.3172115854975574,-0.1297118797203255,0.989614214237828,0.989575889197217,0.26873948333194647,-0.20359628250317657,0.994775288241956,0.9952741995381361,0.852076436340785,-0.35628551986653345,0.9905959516629022,0.9952583676564258,0.7586095914404816,0.26451555487360123,0.9949064903471693,0.9949008730489083,0.9949064903471693,0.8969072807654129,0.6540643660884871,0.9162359288293478,0.92104536604914,0.8346794857103763,0.3779175204250261,-0.17686075080509867,0.21294040247525073,0.9491763110794603,0.38171893418307445,0.9752247283403994,0.9712655793897056,0.9807879895184357,0.9897105020306101,0.9328340526875724,0.9407520907039164,0.9464707373093489,0.932614610769474,0.9437207788080945,0.9443495223189957,0.9437207788080945,0.8883301370187959,0.9240882012273088,0.9249684723485021,0.9240882012273088,0.9257616433400099,0.7952971698135216,0.89883466168078,0.9000832391922979,0.89883466168078,0.7100818332474362,0.39258572791936674,0.6968109612950308,-0.5442011364674286,0.602374536598324,0.6216905109648263,0.6221336534149325,0.6216905109648263,-0.0919201390973057,0.9139072355045395,0.9445923776050231,0.9293963750609984,0.934227144846061,0.27557460244544485,0.9088858466229616,0.9095501243025913,0.9088858466229616,0.9132180831866498,0.9132180831866498,-0.0941880365218159,0.5911079897853007,0.15700884948480562,-0.6830951889589143,-0.5886479621720627,-0.5924642771069059,-0.1304879457896003,0.12731113288638826,0.2067761658060314,0.009869455879477148,-0.5518115223629843,-0.017354969789561966,-0.7967597503031849,-0.28590629120914784,0.16183806671523684,0.16333409357215253,-0.5707973941577948,-0.5772282480456657,-0.275313309723717,-0.512812398645907,-0.8155046339404634,-0.4043056691000444,-0.3965877763439584,-0.4043056691000444,-0.221240599571132,-0.3389497257746876,-0.3389497257746876,-0.8034582175976598,-0.8034582175976598,0.4067441214312135,0.6307993924313587,0.8531849812481609,0.8401143142453005,0.7567137608771526,-0.32974863308850133,0.7474976653975236,0.7787391637511294,0.7789127641220609,0.7787391637511294,-0.18974011933295615],[0.999989208827007,1.0,0.9808535530431104,0.9994862495109418,0.9958846060798616,0.9999892088270069,0.9847837107063169,0.9792701755439305,0.9792701755439305,0.9846623004540966,0.9722360244232835,0.9858482984401609,0.9848222976902097,0.9847715420303799,0.9846716778994492,0.16569885382606492,0.0739547299296038,-0.43313991433692445,0.9882366892314682,0.9882309063398332,0.9848690551348229,0.9848700187303188,-0.1557469363519233,0.9799162205536665,0.979858592481588,0.979858592481588,0.9798929414895543,0.9755208779428377,0.0998742703716802,0.12282299071525023,0.9825488859064587,0.9825887892130556,0.8075741820872445,0.10455732678755114,0.990701757383989,0.9907387243171705,0.9912646086241623,0.9858861901480195,0.9896875769189163,0.9907560040066828,0.11829234239569027,-0.43793056552370213,0.9913270521089607,0.9913225959889234,0.9913270521089607,0.8967063701869231,0.5018520086078364,0.9163146444914091,0.9209544407977062,0.8341715049248456,-0.28937339752842967,-0.48774765794824265,0.8427198353036357,0.8849399269951131,-0.25187552158765,0.9395304195114302,0.939667695461283,0.9597117274664289,0.9780522992230118,0.9521622312278003,0.9580750977543183,0.9435737414198532,0.944408327954771,0.9471111059945151,0.9474929764679965,0.9471111059945151,0.8612474256459698,0.8354653742873003,0.8370131473239951,0.8354653742873003,0.9543295565205016,0.9573858725714862,0.9542437642348889,0.9549887649857248,0.9542437642348889,0.6364055070134482,0.587343701758612,0.6751383661895237,0.7483458992353113,0.6602293072784692,0.6832730636186903,0.6840063339007699,0.6832730636186903,-0.14289018159242337,0.9186556816327791,0.94020735018057,0.9327879576450739,0.957079226764719,-0.29175555735970526,0.9151198077044346,0.9152826420398464,0.9151198077044346,0.9217035594882509,0.9217035594882509,-0.18013746878107628,0.5918037466195366,-0.36597786723925313,-0.7775882453044777,-0.45804653722898997,-0.46188916423216614,-0.37788732375862955,0.27029965326884753,-0.25997441506716334,-0.4900490102558192,-0.7288341203984393,-0.3517964623457866,-0.4757862940919269,-0.41391982924372367,0.13202116613118753,0.12930925656092657,-0.48590246872735066,-0.45147929595259817,-0.4801310948767123,-0.5116062393990366,-0.503742390647967,-0.48259024668146916,-0.48587569745291076,-0.48259024668146916,-0.3627953004231933,-0.5323482469784312,-0.5323482469784312,-0.5008643693077635,-0.5008643693077635,0.40561582817077313,0.3684771501321578,0.496789784799744,0.6013344978361538,0.5255013786212651,-0.4380956869695432,0.3726089073270813,0.3151819042182158,0.31533811764776637,0.3151819042182158,0.1676320802002767],[0.6752895935255953,0.9808535530431104,1.0,0.6721800671323657,0.6071232017768504,0.6752895935255953,0.6559255138254282,0.6481827268386908,0.6481827268386908,0.601412584319012,0.5653514485502278,0.9951739786250957,0.6559469664054254,0.6503180318498611,0.6561124804281715,0.4169026802211506,0.38890956060272563,-0.20694377762989327,0.6186702961724189,0.6180546370630586,0.5854463554789149,0.6551017002805148,0.1827947580264248,0.7938795413403288,0.6352810579198425,0.6352810579198425,0.6350523652628881,0.9881464140671026,0.2968108520828499,0.11744091200804506,0.6140315304046247,0.6136495983892077,0.6636269405556122,-0.025836467977834184,0.6517714992278558,0.5952134064200013,0.6183508951165558,0.2988609185655284,0.9934108259607657,0.5909486116412889,0.4036027753091246,-0.2160394559355097,0.6687003066926934,0.6498573116163616,0.6687003066926934,0.8938432798652886,0.4075997985139402,0.9318993758421037,0.9105693661513509,0.735269351060127,0.22124984599881614,-0.06722185305818247,0.051848328383072316,0.5402638590363992,-0.08469512400390218,0.597339244433081,0.5666134533875168,0.5872875302821053,0.5513813733209839,0.006533613758023803,0.8005411389296443,0.7347375103619058,0.6501277157065346,0.7404682342422948,0.7651926356756712,0.7404682342422948,0.5418969537916697,0.6502752756916031,0.7033180084466143,0.6502752756916031,0.7053184971778128,0.6808424349815348,0.7315191483000681,0.7751635903703875,0.7315191483000681,0.4255871243652183,-0.08580354922365495,0.4416136596879316,0.0974240527716206,0.4225566779780866,0.2647284579118817,0.4982533344209867,0.2647284579118817,-0.1470674955705274,0.6238463138500218,0.8848288417339596,0.6927108358206988,0.7762749579023033,-0.06380483925889789,0.6619226032562677,0.6617212326005099,0.6619226032562677,0.7242110255127228,0.7242110255127228,-0.197281945874997,0.7023679361980353,-0.18391422686935452,-0.6981232202309645,-0.4391275445365504,-0.44298242093780343,-0.4251231538087823,0.10008397114656893,0.020346836747681344,-0.3359920621029116,-0.6780576521418804,-0.171526398851328,-0.3209097885834994,-0.2731836636982183,0.04254648231542275,0.040972146725609435,-0.4891986197317709,-0.0659394355267923,-0.26025618175636067,-0.5107967273819108,-0.20631052629992475,-0.4059158072879965,-0.2877541129808638,-0.4059158072879965,-0.41899037556182744,-0.5411505975545022,-0.5411505975545022,-0.30718854186992794,-0.30718854186992794,0.3519983957505815,0.19839380336713872,0.28692539785150417,0.5223956890724993,0.2885083086410567,-0.3834907093398622,-0.011553633312979962,0.45819062955565526,0.5588153544010582,0.45819062955565526,-0.012292629190297288],[0.9997381494750016,0.9994862495109418,0.6721800671323657,1.0,0.9989437452072931,0.9997381494750015,0.9938095365508612,0.990829968941245,0.990829968941245,0.9946019536411789,0.9754213296613936,0.9902372874240843,0.993835166844781,0.9944998748769377,0.9938608639764832,0.7742595404824146,0.7018113008324987,0.2693712180425574,0.9944952035304989,0.9944900573184081,0.9856985574535604,0.993818663268648,0.3925078945370395,0.7524863349600383,0.9848441074280442,0.9848441074280442,0.9848243950954462,0.9813336520447722,0.3130685213238155,-0.13572845203183054,0.9889378473946856,0.9889074784232182,0.2609598968278983,-0.2038294561862615,0.9952773682875568,0.9959777020435098,0.8196051648677046,-0.36062425639425727,0.992900578514369,0.9961774712897924,0.7571857517251109,0.24973687001172717,0.9933448150742371,0.995316426304185,0.9933448150742371,0.8946911681818266,0.6421320099364695,0.9196754668331306,0.9181314705075849,0.8183908845694593,0.3731407424954447,-0.18164432747832354,0.20774506565374704,0.9439642105092501,0.36623380711898484,0.9708735530952185,0.9684647503701663,0.9786895091161196,0.9895865692870901,0.9144366021078861,0.9353329229695587,0.9353057369945178,0.9293431002748893,0.9291123631604317,0.929953962810156,0.9291123631604317,0.8815513794199306,0.913541459516379,0.9145017983486922,0.913541459516379,0.9229529237613372,0.7428479359306318,0.8649202758105207,0.8661901971016657,0.8649202758105207,0.7031696450862228,0.15625821139128457,0.6883902441630562,-0.5487670883273644,0.5982713792098276,0.3582296910697376,0.5941468518787442,0.3582296910697376,-0.09786773873807263,0.9095908024748814,0.9386002009601367,0.9230644934938805,0.9139736350972082,0.26173343135669946,0.9052429856865852,0.9060317833970501,0.9052429856865852,0.8965548088416284,0.8965548088416284,-0.09862628164158185,0.6098928974801318,0.16185304283050875,-0.6922520366695153,-0.5950331771463196,-0.5987681740148337,-0.14188557704205362,0.12307071642266378,0.2003271627360466,-0.0026733670271475597,-0.5629506010169275,-0.023162223799340236,-0.8019671417711143,-0.29313544473444175,0.15248989934586368,0.15404239218080254,-0.5769487738613877,-0.5738283638485778,-0.27599161887587526,-0.5224394658681653,-0.8166899924816352,-0.4052205299654864,-0.3980560378305641,-0.4052205299654864,-0.22904640684594477,-0.347768341664584,-0.347768341664584,-0.8027844444765084,-0.8027844444765084,0.3977422591206674,0.6198935988265236,0.8453947752859355,0.8325701671919788,0.7497284639007213,-0.34186603650026554,0.7386505956545545,0.7700005265544363,0.7701728520093226,0.7700005265544363,-0.1750929990428703],[0.9980732894877504,0.9958846060798616,0.6071232017768504,0.9989437452072931,1.0,0.9980732894877504,0.9972424100037001,0.995846324863671,0.995846324863671,0.9974477097701131,0.9685669513876088,0.99641666752052,0.997260120336656,0.9973342178425917,0.9972846462955319,0.682107412899985,0.5847332930472721,0.06330911079142222,0.997681722055773,0.9976816442240224,0.9878293860182114,0.9972477894251723,0.03744352313586082,0.7355950255529815,0.9925715841938518,0.9925715841938518,0.992532942892797,0.9902958147975507,0.08899652837857645,-0.11887812546915849,0.9875034790798501,0.9874344114987413,-0.03157626035422721,-0.10585466566315938,0.9977699525433597,0.9976978766591627,0.8123014861763079,-0.47909386157631145,0.9976031058533558,0.9980262731211039,0.6532498074724234,0.0391410861002484,0.9977136822018371,0.9977186104349759,0.9977136822018371,0.9081327678765895,0.6076104649450984,0.9309373362877883,0.9190599682720125,0.7956185442372147,-0.07725455048301175,-0.5855886737888629,-0.1755819446217497,0.9339702840001277,0.22075480487240998,0.9674164893966054,0.9674563350933465,0.9814078624317865,0.9901679891876324,0.9134595503124198,0.9184398256881396,0.9258679369396433,0.9176300995264625,0.9242111488325004,0.924562537449063,0.9242111488325004,0.8589266356330147,0.8738214476881244,0.8748946622977151,0.8738214476881244,0.9125506897274396,0.831454251514794,0.8941884463385569,0.89493515065994,0.8941884463385569,0.6659699982500682,0.5572946633899708,0.6561707602347833,-0.5611236175969979,0.6480360467488648,0.628946295435618,0.6282713656057033,0.628946295435618,-0.11059125075220907,0.893398485698403,0.9168630795641326,0.9026282625262982,0.9211116775559229,0.1075910017141621,0.8925533328970541,0.8934851675675897,0.8925533328970541,0.8980852234960204,0.8980852234960204,-0.13651787466481644,0.6558093514296853,0.01667846995573034,-0.7202058189138933,-0.6405368582335906,-0.6414870923947693,-0.17184054215681674,0.1463620451074049,-0.18689757302464427,-0.24717039062603294,-0.6299841844321753,-0.3783223533876666,-0.845337953027476,-0.5643846405384063,0.12322007052405858,0.12462629413916494,-0.6017156908913424,-0.5684822523778159,-0.546231158850107,-0.5592691140593623,-0.773247352779079,-0.5968426254860639,-0.599776471267944,-0.5968426254860639,-0.2657802464320691,-0.3796081732906288,-0.3796081732906288,-0.7423138645813434,-0.7423138645813434,0.3861457871428797,0.6035350102345584,0.8015856405156765,0.7924620298372639,0.7412996117697495,-0.4657901157159932,0.6055049378087459,0.6645281723843517,0.6647101891957915,0.6645281723843517,0.05167597901806618],[1.0,0.9999892088270069,0.6752895935255953,0.9997381494750015,0.9980732894877504,1.0,0.9925999163377149,0.9891821221369269,0.9891821221369269,0.9931773073559375,0.977208690149069,0.9870378053045852,0.9926353826408022,0.9930191752461078,0.9926838684825182,0.7750088086349186,0.7029494139454895,0.28386661981282846,0.993465103920377,0.9934576490572502,0.985603189877099,0.9926261753206894,0.40098551407129085,0.7482682649098753,0.9823928227177564,0.9823928227177564,0.9823736969393663,0.9753426792877844,0.3172115854975574,-0.1297118797203255,0.989614214237828,0.989575889197217,0.26873948333194647,-0.20359628250317657,0.994775288241956,0.9952741995381361,0.852076436340785,-0.35628551986653345,0.9905959516629022,0.9952583676564258,0.7586095914404816,0.26451555487360123,0.9949064903471693,0.9949008730489083,0.9949064903471693,0.8969072807654129,0.6540643660884871,0.9162359288293478,0.92104536604914,0.8346794857103763,0.3779175204250261,-0.17686075080509867,0.21294040247525073,0.9491763110794603,0.38171893418307445,0.9752247283403994,0.9712655793897056,0.9807879895184357,0.9897105020306101,0.9328340526875724,0.9407520907039164,0.9464707373093489,0.932614610769474,0.9437207788080945,0.9443495223189957,0.9437207788080945,0.8883301370187959,0.9240882012273088,0.9249684723485021,0.9240882012273088,0.9257616433400099,0.7952971698135216,0.89883466168078,0.9000832391922979,0.89883466168078,0.7100818332474362,0.39258572791936674,0.6968109612950308,-0.5442011364674286,0.602374536598324,0.6216905109648263,0.6221336534149325,0.6216905109648263,-0.0919201390973057,0.9139072355045395,0.9445923776050231,0.9293963750609984,0.934227144846061,0.27557460244544485,0.9088858466229616,0.9095501243025913,0.9088858466229616,0.9132180831866498,0.9132180831866498,-0.0941880365218159,0.5911079897853007,0.15700884948480562,-0.6830951889589143,-0.5886479621720627,-0.5924642771069059,-0.1304879457896003,0.12731113288638826,0.2067761658060314,0.009869455879477148,-0.5518115223629843,-0.017354969789561966,-0.7967597503031849,-0.28590629120914784,0.16183806671523684,0.16333409357215253,-0.5707973941577948,-0.5772282480456657,-0.275313309723717,-0.512812398645907,-0.8155046339404634,-0.4043056691000444,-0.3965877763439584,-0.4043056691000444,-0.221240599571132,-0.3389497257746876,-0.3389497257746876,-0.8034582175976598,-0.8034582175976598,0.4067441214312135,0.6307993924313587,0.8531849812481609,0.8401143142453005,0.7567137608771526,-0.32974863308850133,0.7474976653975236,0.7787391637511294,0.7789127641220609,0.7787391637511294,-0.18974011933295615],[0.9925999163377149,0.9847837107063169,0.6559255138254282,0.9938095365508612,0.9972424100037001,0.9925999163377149,1.0,0.9976008440018652,0.9976008440018652,0.9999719888604585,0.9629849281197352,0.9996947670581656,0.9999967274875421,0.9999874511339983,0.9999936500184129,0.8504698421380277,0.8374423798229674,0.23645108525674824,0.9998669459347539,0.9998672696583332,0.99026511889409,0.9999969164194357,0.3128104980022839,0.7485182478828889,0.9862975116633236,0.9862975116633236,0.9874148051607838,0.9918371425254663,0.2454951378584734,-0.18704616666583537,0.9916978279698023,0.991691870389,0.17125355284738075,-0.24796026119773856,0.9993659230676879,0.9994823169399834,0.4515456180725306,-0.30382216484183494,0.9991033992738316,0.999449281863463,0.8315666233082664,0.21550968259939274,0.9449960519281795,0.9991248673553873,0.9449960519281795,0.9170163101244289,0.6156514077279394,0.941579800877274,0.9210493390429647,0.7623093886578007,0.4132809333899079,-0.1198911937606105,-0.18821450270193685,0.9324460475087069,0.33616237391712867,0.9687218214944647,0.9647526245415321,0.979729850235073,0.9956452709103676,-0.016349149405930522,0.880910302048001,0.8431524464597879,0.8859084415921707,0.8380134580545395,0.8027958322312606,0.8380134580545395,0.823487852934617,0.8079591144488677,0.7972179292843242,0.8079591144488677,0.8797248278399961,0.4150805953368232,0.6131534829008952,0.6700572008641554,0.6131534829008952,0.6349131769936148,-0.3366554562081271,0.6094388598877881,-0.6141824372165945,0.5308891850312235,-0.07885692315586892,0.46385586563607767,-0.07885692315586892,-0.1387559086992048,0.8584405112601768,0.8803098775762799,0.8662111563429873,0.7784504915265458,0.22767313276033663,0.8573641824054624,0.8585284660618238,0.8573641824054624,0.7809611996806061,0.7809611996806061,-0.17217626186374196,0.6971739967506949,0.23185675023726593,-0.6971308930723777,-0.6341605533402495,-0.6374568588761037,-0.18216238492071854,0.07442429077835272,0.31946370907439586,-0.030220454309709772,-0.5737935816260824,0.041026646278427406,-0.8285371925821168,-0.19014095801781644,0.08949456349123246,0.09105966663607049,-0.6181926865544226,-0.5859344819569932,-0.11120789099001098,-0.593265017986519,-0.831912717569767,-0.39659225404476334,-0.23137852246728652,-0.39659225404476334,-0.29612735190828315,-0.38727132696619504,-0.38727132696619504,-0.8239036706513365,-0.8239036706513365,0.3859717495790735,0.5887593996935115,0.5103484199443427,0.8035695195991981,0.7379372710959218,-0.3894381577320059,0.0707328183061043,0.7464727200468078,0.765425964928995,0.7464727200468078,-0.11111660243637238],[0.9891821221369269,0.9792701755439305,0.6481827268386908,0.990829968941245,0.995846324863671,0.9891821221369269,0.9976008440018652,1.0,1.0,0.9995856669254097,0.9567171876880873,0.9988120161926897,0.9983287079822215,0.9994326770100074,0.9991892604344165,0.8476329275213443,0.8258029280266749,0.2149702468900511,0.9992246534345717,0.9992268667526853,0.9877567516088916,0.9993187014868278,0.28785214065762654,0.7501235544441739,0.9930824969289903,0.9930824969289903,0.9856425312103589,0.9893585429871606,0.2282625473268922,-0.19999944331778002,0.9880637101907624,0.9914910823715856,0.15297666518884942,-0.2537259459050535,0.998373629265883,0.9983696929897463,0.43491287269052736,-0.31000046672866427,0.9973565424087318,0.9983242914424569,0.8289226481999847,0.19365558869897553,0.938041971639712,0.9982040418086574,0.938041971639712,0.9148130154570898,0.601077834506438,0.9420368773061186,0.9190454228421078,0.7428195316936022,0.40074687805284653,-0.13432301943312894,-0.20013570764870584,0.924492388577608,0.3161995234869515,0.9642581744468797,0.9598914860332691,0.9749375680189363,0.9946424157275509,-0.025342504114698187,0.8717432229428589,0.829378589903842,0.8790023388392081,0.8253121026529213,0.7917431719108358,0.8253121026529213,0.8131130184918803,0.7915669614474571,0.7850004496465541,0.7915669614474571,0.8730223272679819,0.39772350435199383,0.5951678779637783,0.6552636577672944,0.5951678779637783,0.6241786626560727,-0.350326653964462,0.5971123320114239,-0.6207590595916346,0.5245464938010326,-0.09947986690776753,0.44929958227055966,-0.09947986690776753,-0.14483067131952784,0.8504243188039541,0.8690429552399566,0.8561200705812269,0.7650709468595294,0.21020181825064327,0.8499199475043763,0.8512530537065981,0.8499199475043763,0.7659612180717076,0.7659612180717076,-0.1860957702042183,0.718697785151456,0.23839041052399162,-0.7060684037223575,-0.6459486513603682,-0.6490719562751294,-0.1962365554685099,0.06743409958493818,0.31245020915177574,-0.04892119748392228,-0.5857642310902293,0.031822537818783074,-0.8337843838121217,-0.19658657453022654,0.0750967632816847,0.07668799960247875,-0.6289395690665488,-0.5867187368621603,-0.11794665774595434,-0.6086035756834193,-0.831094926754533,-0.40753598543329334,-0.2374639963582597,-0.40753598543329334,-0.31238038518824957,-0.40005776964179574,-0.40005776964179574,-0.8215689058876993,-0.8215689058876993,0.36852552785162157,0.5728058390387372,0.4924367860336606,0.7864128528954395,0.7259460284881156,-0.4098348732306121,0.05736250191380804,0.7279410433293428,0.7500682951680968,0.7279410433293428,-0.09433651244993473],[0.9891821221369269,0.9792701755439305,0.6481827268386908,0.990829968941245,0.995846324863671,0.9891821221369269,0.9976008440018652,1.0,1.0,0.9995856669254097,0.9567171876880873,0.9988120161926897,0.9983287079822215,0.9994326770100074,0.9991892604344165,0.8476329275213443,0.8258029280266749,0.2149702468900511,0.9992246534345717,0.9992268667526853,0.9877567516088916,0.9993187014868278,0.28785214065762654,0.7501235544441739,0.9930824969289903,0.9930824969289903,0.9856425312103589,0.9893585429871606,0.2282625473268922,-0.19999944331778002,0.9880637101907624,0.9914910823715856,0.15297666518884942,-0.2537259459050535,0.998373629265883,0.9983696929897463,0.43491287269052736,-0.31000046672866427,0.9973565424087318,0.9983242914424569,0.8289226481999847,0.19365558869897553,0.938041971639712,0.9982040418086574,0.938041971639712,0.9148130154570898,0.601077834506438,0.9420368773061186,0.9190454228421078,0.7428195316936022,0.40074687805284653,-0.13432301943312894,-0.20013570764870584,0.924492388577608,0.3161995234869515,0.9642581744468797,0.9598914860332691,0.9749375680189363,0.9946424157275509,-0.025342504114698187,0.8717432229428589,0.829378589903842,0.8790023388392081,0.8253121026529213,0.7917431719108358,0.8253121026529213,0.8131130184918803,0.7915669614474571,0.7850004496465541,0.7915669614474571,0.8730223272679819,0.39772350435199383,0.5951678779637783,0.6552636577672944,0.5951678779637783,0.6241786626560727,-0.350326653964462,0.5971123320114239,-0.6207590595916346,0.5245464938010326,-0.09947986690776753,0.44929958227055966,-0.09947986690776753,-0.14483067131952784,0.8504243188039541,0.8690429552399566,0.8561200705812269,0.7650709468595294,0.21020181825064327,0.8499199475043763,0.8512530537065981,0.8499199475043763,0.7659612180717076,0.7659612180717076,-0.1860957702042183,0.718697785151456,0.23839041052399162,-0.7060684037223575,-0.6459486513603682,-0.6490719562751294,-0.1962365554685099,0.06743409958493818,0.31245020915177574,-0.04892119748392228,-0.5857642310902293,0.031822537818783074,-0.8337843838121217,-0.19658657453022654,0.0750967632816847,0.07668799960247875,-0.6289395690665488,-0.5867187368621603,-0.11794665774595434,-0.6086035756834193,-0.831094926754533,-0.40753598543329334,-0.2374639963582597,-0.40753598543329334,-0.31238038518824957,-0.40005776964179574,-0.40005776964179574,-0.8215689058876993,-0.8215689058876993,0.36852552785162157,0.5728058390387372,0.4924367860336606,0.7864128528954395,0.7259460284881156,-0.4098348732306121,0.05736250191380804,0.7279410433293428,0.7500682951680968,0.7279410433293428,-0.09433651244993473],[0.9931773073559375,0.9846623004540966,0.601412584319012,0.9946019536411789,0.9974477097701131,0.9931773073559375,0.9999719888604585,0.9995856669254097,0.9995856669254097,1.0,0.9620087832957215,0.9996616001573797,0.9999731071567615,0.9999722618693478,0.9999764522826935,0.7228624824433303,0.6292049541960861,0.11803001518319886,0.9998244392729728,0.9998252647591317,0.9901696846175561,0.9999704222179814,0.0906517112885939,0.7260884032020564,0.9954339953379686,0.9954339953379686,0.9953921928801753,0.9917230762170973,0.07552969679798138,-0.12854011511903124,0.9909456338636069,0.9909050434963363,-0.011847665434530008,-0.20802471388811125,0.9994179938722151,0.9993772836964763,0.8168519246839753,-0.4773577757445661,0.9990432040880401,0.9994241241864062,0.6954639980525386,0.09416974104048834,0.9992868072053921,0.9992920497674604,0.9992868072053921,0.9167444977921513,0.6161286054161268,0.9412868431416732,0.920553716451761,0.7618230739194611,0.02195622824909344,-0.5393896533900305,-0.13272394643037821,0.9287119417121633,0.28178976050845744,0.9652510840090509,0.9647722240272655,0.9818016953975346,0.994932440669069,0.8888192703279331,0.8817511900075269,0.902320454565375,0.8869426999901426,0.9006410972753293,0.9011919777135831,0.9006410972753293,0.8231983097232007,0.8556386819300131,0.8569913464244093,0.8556386819300131,0.8811303147574006,0.7963120421416858,0.8669904030320247,0.8680784297285734,0.8669904030320247,0.6347558415615816,0.4888419752333292,0.6089937041240048,-0.6172922662094926,0.5835708375368533,0.5528012463724209,0.5525394979471172,0.5528012463724209,-0.09367232821380166,0.8592509693370916,0.8803028953393013,0.866697692522743,0.8971369369063245,0.1432946947495291,0.8626003499995892,0.8643158803602075,0.8626003499995892,0.8682690943249008,0.8682690943249008,-0.17379421480573337,0.6980649756137708,0.04389132597563432,-0.7088791899975013,-0.6679584897593789,-0.6692575543701628,-0.18562823239997622,0.07766574698823885,-0.191719360658272,-0.21355432538255065,-0.612733800307622,-0.40527909305478166,-0.8646038566483676,-0.5985705695769994,0.0886918392366743,0.09052863728361209,-0.619677640067789,-0.5820169648350082,-0.5565389390854482,-0.5948254553383644,-0.7986864224711492,-0.6202010206688016,-0.6225248789910367,-0.6202010206688016,-0.2979282755541129,-0.3904161070875556,-0.3904161070875556,-0.7789359158584214,-0.7789359158584214,0.38546029459541037,0.5870030980658404,0.8124317432750584,0.8039355661367,0.7359581929094693,-0.41627320918831257,0.6377812868097149,0.6896926511899049,0.6898678091079907,0.6896926511899049,0.12518074087544223],[0.977208690149069,0.9722360244232835,0.5653514485502278,0.9754213296613936,0.9685669513876088,0.977208690149069,0.9629849281197352,0.9567171876880873,0.9567171876880873,0.9620087832957215,1.0,0.9485691289776155,0.9630044938700055,0.9630296072183134,0.962739568253918,0.5146551174717819,0.4112883839996214,-0.10785485230239483,0.9671375717082161,0.9671173185323872,0.9631120763553682,0.963104199963764,0.007253487494325214,0.7645826060046104,0.9644975814315769,0.9644975814315769,0.964662796521146,0.9010429621054862,0.17186570303862259,-0.11453427159640724,0.9695361223049116,0.9696351356521224,0.13869393280078615,0.03915875762350968,0.9705242908681876,0.9707558053910434,0.8899765445813308,-0.36464718908752125,0.9563556368916246,0.9697665004369624,0.4813794443773881,-0.12836911494819989,0.9715656924593162,0.9715354478969433,0.9715656924593162,0.826473138097724,0.4187225372228256,0.8428040944619448,0.9053120686405421,0.8640298606583123,-0.4990163640056348,-0.6746697028358076,-0.2176634813161527,0.8954043984594502,-0.024268624619003337,0.9230828025229291,0.9231431156633019,0.9406111673326466,0.9678883614877122,0.8907017058542321,0.892161314038997,0.9061023241077225,0.8936436128183921,0.8994185535310496,0.8999428397898991,0.8994185535310496,0.8506878244989616,0.8309385917131157,0.8324243453886657,0.8309385917131157,0.888978563266859,0.9026987511856238,0.8869870171285367,0.8874995601830993,0.8869870171285367,0.714567728283349,0.6496815888552906,0.7154588298368613,-0.2892476670550731,0.7311471324200208,0.7461313046165339,0.7482587015389152,0.7461313046165339,-0.25110907551143613,0.8903102506488006,0.9395441348409073,0.9039041783031972,0.9026259659554076,-0.010812557812023945,0.884377157489064,0.8852177983100373,0.884377157489064,0.891972183390232,0.891972183390232,0.04197517828047736,0.4119791723371391,-0.1263869351790039,-0.6474320842000735,-0.4347675089293856,-0.43721545410359197,-0.05261942252780624,0.42342181981629007,0.022882567360430556,-0.17580517793052491,-0.5345365855401414,-0.09549067684254714,-0.7935063953071989,-0.2594657709298331,0.2944302432849295,0.2944736341994148,-0.40626398929671415,-0.43173570749564516,-0.37082452570693886,-0.3814331207639179,-0.6606501708898093,-0.3905542934110518,-0.39287875274267453,-0.3905542934110518,-0.12010022203772275,-0.43115499166892857,-0.43115499166892857,-0.5397319001734022,-0.5397319001734022,0.5273967951459057,0.6481358292040051,0.7509729838165159,0.6931229104386276,0.811888439428486,-0.5045639137362115,0.40237279461994097,0.5347119169994327,0.5350282920468389,0.5347119169994327,-0.15541064961884088],[0.9870378053045852,0.9858482984401609,0.9951739786250957,0.9902372874240843,0.99641666752052,0.9870378053045852,0.9996947670581656,0.9988120161926897,0.9988120161926897,0.9996616001573797,0.9485691289776155,1.0,0.9996947876449626,0.9996911505630098,0.9996645615441992,0.27169355903996223,0.17075444664810055,-0.5119918270810199,0.9998085717535162,0.9998104794244155,0.9996989855481528,0.9996981242358913,-0.25275134964338813,0.9730128073097366,0.9948775033183339,0.9948775033183339,0.9948587666967105,0.9936675489146547,0.08863750923004163,0.07898870505032562,0.9919683033755969,0.9920153287546389,0.8451133256070683,0.012357070286304934,0.9990821099876086,0.999039981589068,0.9989208720661387,0.9994095833682378,0.9994495442332623,0.9991206336325394,0.21794006060317295,-0.5200152603120779,0.9988711961772652,0.9988782876237646,0.9988711961772652,0.9112756136558847,0.4567769789303648,0.9371968584192568,0.9172877826252569,0.7621100754999679,-0.40751793449776713,-0.6006146117606419,0.821865110255107,0.8502578222599325,-0.3412626389847958,0.934589800913033,0.9347924851265544,0.9703043447945944,0.9937818924175805,0.9012708292276421,0.9073071701453728,0.8846632472073812,0.8879754605507455,0.8898423057934692,0.8903648262495947,0.8898423057934692,0.7796765351683718,0.748083283439361,0.749977281782913,0.748083283439361,0.9082564683306479,0.9139790571462668,0.9070379364095368,0.9079772547171001,0.9070379364095368,0.5313904160788211,0.4729147560107435,0.568975823534866,0.6587060517957716,0.5616503801898758,0.5902893466583483,0.5921824674063637,0.5902893466583483,-0.3195007957211728,0.8507692049000865,0.8827895945570445,0.8708278639013818,0.9079590856302622,-0.31893919508378404,0.8462239597367334,0.8464548797916093,0.8462239597367334,0.8551826389614716,0.8551826389614716,-0.2257296147439776,0.6913596519341038,-0.38792255109291063,-0.7965721550683575,-0.5322884846108733,-0.5351703509009575,-0.4220095712876165,0.22220755069178522,-0.3008485710160467,-0.5245184164036614,-0.7537694801021788,-0.3976080329102894,-0.5922572595964847,-0.4701744450253778,0.0805607856378699,0.07835947305056652,-0.5556300330663623,-0.5270193814710465,-0.5481747722668779,-0.5840146515429427,-0.577533785873767,-0.5516883037799609,-0.5547828672597476,-0.5516883037799609,-0.43285754829259293,-0.6236231117685739,-0.6236231117685739,-0.6166598639271337,-0.6166598639271337,0.38161653091436887,0.33781157112463367,0.47244200385559293,0.5739974623154314,0.5248447692772694,-0.5727008004544168,0.3111576441267289,0.2860094154463282,0.28621644570501337,0.2860094154463282,0.24790315005414534],[0.9926353826408022,0.9848222976902097,0.6559469664054254,0.993835166844781,0.997260120336656,0.9926353826408022,0.9999967274875421,0.9983287079822215,0.9983287079822215,0.9999731071567615,0.9630044938700055,0.9996947876449626,1.0,0.9999909058564894,0.9999952773772296,0.8504509855461538,0.8267348543244218,0.23649602031032174,0.9998681739833064,0.9998684605635499,0.9902971894581779,0.9999974824829249,0.3131019733550574,0.748576445706437,0.9912791035648759,0.9912791035648759,0.9874064980688645,0.9918246140803249,0.24573640723765452,-0.18699864250029077,0.9917378587864603,0.9917004875268296,0.17147001873996073,-0.2479301818069967,0.9993674526932517,0.9994851275549304,0.45152446825522874,-0.30361968538108963,0.9991055323449443,0.9994563954789462,0.8315365628141582,0.21556065552438705,0.9449830207125915,0.999126860279482,0.9449830207125915,0.917033847533833,0.6157831426309989,0.9417231395188453,0.9211902316412718,0.7624103979382213,0.4136430600794322,-0.11947426405578723,-0.18786751295969287,0.9325094615080418,0.3362199825211228,0.9688030578980398,0.9648031431385583,0.9798086549294434,0.9956580636550216,-0.01616737466383236,0.8810413093129674,0.843239688936814,0.8860178620166788,0.8380991971960968,0.8027457748329323,0.8380991971960968,0.8235816815849535,0.8080115560078424,0.7971634728358489,0.8080115560078424,0.8798620547832856,0.41497094084117264,0.6131598285650038,0.6699799465109797,0.6131598285650038,0.6348832404320446,-0.3366723260466379,0.6094284677411684,-0.6140812438567104,0.5308096059890469,-0.07897662109366013,0.463889846493475,-0.07897662109366013,-0.1388956451157924,0.8585174635775696,0.880426613078584,0.8663016368278114,0.7784456775622567,0.22772140573705113,0.8574449309451069,0.8586042042228116,0.8574449309451069,0.7810250260845598,0.7810250260845598,-0.1721168433897539,0.6972040363135469,0.23196621218315308,-0.6971716719077653,-0.6340799340120405,-0.6373810741557732,-0.18224285359611445,0.07431348832683453,0.319621060979864,-0.030213725439927362,-0.5738556312421641,0.041267764245338935,-0.8282942203962146,-0.18987140371389472,0.0895653290024301,0.09114397315080772,-0.6181756608243947,-0.5857387866847561,-0.11098035490894068,-0.5932291654779356,-0.8318109135196402,-0.3963860522881112,-0.23119059838354142,-0.3963860522881112,-0.29597176196867503,-0.38724098505219684,-0.38724098505219684,-0.8238511574548205,-0.8238511574548205,0.38641675658990027,0.588870471282672,0.510577396695896,0.8038034558899441,0.737987080652146,-0.3892464497820777,0.070998811810896,0.7467044750034794,0.7655308202489427,0.7467044750034794,-0.11114354209634561],[0.9930191752461078,0.9847715420303799,0.6503180318498611,0.9944998748769377,0.9973342178425917,0.9930191752461078,0.9999874511339983,0.9994326770100074,0.9994326770100074,0.9999722618693478,0.9630296072183134,0.9996911505630098,0.9999909058564894,1.0,0.9999883654396654,0.7822731393249308,0.7050097511395375,0.23825636382866575,0.9998907159860576,0.9998913744978419,0.9902883820800549,0.999988350193482,0.31405623263173793,0.7449909227637777,0.9941913468345109,0.9941913468345109,0.994157423905058,0.9917694325852995,0.24008275920696118,-0.18731803538758018,0.9921059894637049,0.9921105685551773,0.19426814473553033,-0.2472453762045619,0.9995389241302943,0.9994849380395604,0.8530535750848887,-0.39270269267872904,0.999101846951772,0.9994603824453558,0.7616974355494563,0.2173542618047889,0.9994350582777695,0.9994396540945144,0.9994350582777695,0.9169360076411973,0.6158909125587936,0.9415076291010223,0.9209081748243172,0.7620543647172805,0.29448945766700674,-0.2888156753464667,0.11302782313970533,0.9324134063074673,0.3368147236269751,0.9659916496809935,0.9648232449238043,0.9784197104607604,0.9958862348759541,0.8956978040679799,0.8803528727936321,0.9074550451237298,0.8859936513967132,0.9063212263273898,0.9071010827554251,0.9063212263273898,0.8228936445285593,0.8750598136127377,0.8763973337331208,0.8750598136127377,0.8797347271701234,0.7796367337796252,0.8719106049086184,0.8733849593773269,0.8719106049086184,0.6344649339325905,0.4876524850299346,0.6083366351796728,-0.6157865280066995,0.5296661195381251,0.5322449686122225,0.5331120794900283,0.5322449686122225,-0.14067736022280236,0.8584119409835615,0.8801049842495329,0.8658455879246856,0.9022907869977124,0.22989491959589756,0.8574086974059896,0.8587863249962113,0.8574086974059896,0.8669844487813138,0.8669844487813138,-0.17245604215103916,0.6966205530024728,0.1431238536940698,-0.6962200902124258,-0.6337251501663308,-0.6368413958347448,-0.1822299303326386,0.07328538024338802,0.09392765583603768,-0.028788400954560176,-0.5725645493117603,-0.14665316070617487,-0.839039629542614,-0.4083320583933307,0.08903082499532902,0.09090521287560802,-0.618216915216962,-0.5849825203309325,-0.40141832691095597,-0.5929951440898136,-0.8248129514976599,-0.5137224999983201,-0.5095909890625141,-0.5137224999983201,-0.2953279139865924,-0.3873480286943169,-0.3873480286943169,-0.8154934027068229,-0.8154934027068229,0.38487894396170735,0.5887765852066638,0.8203197817989224,0.8073357679932263,0.7382399218885101,-0.38882287136333765,0.7008092104304386,0.7347705044194223,0.7348622616671949,0.7347705044194223,-0.07863202077370038],[0.9926838684825182,0.9846716778994492,0.6561124804281715,0.9938608639764832,0.9972846462955319,0.9926838684825182,0.9999936500184129,0.9991892604344165,0.9991892604344165,0.9999764522826935,0.962739568253918,0.9996645615441992,0.9999952773772296,0.9999883654396654,1.0,0.8414691445565007,0.7817712920363104,0.23663014281363431,0.9998709455160651,0.9998711126337309,0.9904261864081709,0.9999952193006778,0.3137586247855013,0.7484224743572859,0.9943882124467384,0.9943882124467384,0.9942989032935956,0.9917571116666155,0.24601193245205244,-0.18702492331031748,0.9926165927767288,0.9926581559385692,0.1721977529867778,-0.2477659822949792,0.9994122588806899,0.9994844398062358,0.450580659565718,-0.3028865077454112,0.9990646685370095,0.9994587590588978,0.8292346475965233,0.21571623740081733,0.9445533852141127,0.9991767640554838,0.9445533852141127,0.9172726489625319,0.6164238497249674,0.9418717777963357,0.9213209778393606,0.7621608999504258,0.4149485489609804,-0.11800847876628644,-0.18808764888212012,0.9328343629670632,0.3364839428137021,0.9691781214681209,0.9650934146993121,0.9800593646753567,0.9956980705809204,-0.01714478053617204,0.8812855537199829,0.8431500839930404,0.8862239127392659,0.8380409508316952,0.802325795764789,0.8380409508316952,0.82376421994266,0.807945662533955,0.7975026613020694,0.807945662533955,0.8801440700947524,0.41432460083417716,0.6126895833937518,0.6699741657406734,0.6126895833937518,0.6347559559612963,-0.3377828636787942,0.6093815090074033,-0.6142693054085497,0.5304778675370347,-0.07992391036376832,0.46355949702543625,-0.07992391036376832,-0.13885545485148107,0.8586365169511161,0.8801980652861596,0.8664289073056088,0.771105410028835,0.22809117847026267,0.8575272568873175,0.8586774784870979,0.8575272568873175,0.7808396027254669,0.7808396027254669,-0.17342687379997632,0.6979778359158917,0.23244494297147958,-0.6971449813852774,-0.6344250275489354,-0.6377305097406634,-0.1832784798518678,0.07319605105433392,0.31994176381989214,-0.030590165268204576,-0.5740377734265674,0.041368919121755346,-0.8275516578959315,-0.18970141448094474,0.088659981378042,0.09023760992316202,-0.6187366723398744,-0.5859416166502948,-0.11042541182905122,-0.5943154520187132,-0.8318349530165137,-0.3963237738766123,-0.23065962964279974,-0.3963237738766123,-0.29682085636845923,-0.387660106721261,-0.387660106721261,-0.8241926754840274,-0.8241926754840274,0.386609596648582,0.5885469711336317,0.5101097866280568,0.8042270234301852,0.7374581358032606,-0.38882782817979616,0.07037745698842146,0.7471123414308721,0.7661359837573503,0.7471123414308721,-0.11087118310101068],[0.7750088086349186,0.16569885382606492,0.4169026802211506,0.7742595404824146,0.682107412899985,0.7750088086349186,0.8504698421380277,0.8476329275213443,0.8476329275213443,0.7228624824433303,0.5146551174717819,0.27169355903996223,0.8504509855461538,0.7822731393249308,0.8414691445565007,1.0,0.99323940651599,0.4187136453137545,0.8225418900003244,0.8225113429927927,0.7547594729846788,0.8403577493910178,0.3318521969410566,0.4180360236381386,0.8336509009437527,0.8336509009437527,0.8198249003733932,-0.12886256518104358,0.19415094629240506,-0.17134392784521288,0.8711183253076223,0.8685329143082868,0.15602252006239412,-0.23423428408327696,0.8465922713299885,0.7455831263596423,0.27376948950628316,-0.3182716745096259,0.2870739828195585,0.7155295552119797,0.998376721087869,0.40122136333298225,0.772706042110177,0.8463109812947788,0.772706042110177,0.24378093904240244,0.5468211675357858,-0.17833244401357512,-0.1988517704141608,0.11533524390899019,0.400085782238343,-0.05949207164802233,-0.2105096583356056,0.7304797396526952,0.4017477042073138,0.8435953805136509,0.7337983684172649,0.8138906030441551,0.8313128294483316,-0.101675421034976,0.1944639787760715,0.6028849540993775,0.48183589155901224,0.593165