var correlationClose = {"data": [{"type": "heatmap", "z": [[1.0, 0.9999825554529056, 0.5620127256816672, 0.9996979462896033, 0.9974216846228118, 1.0, 0.9906827557316074, 0.9861734895523362, 0.9913216618260557, 0.9728713135059842, 0.9815019606210581, 0.9907280353746011, -0.1349262667358384, 0.9907943163682613, 0.9908397682747477, 0.9934921933898057, 0.46779211844837354, 0.9918233783122543, 0.9918099815182194, 0.9836941025916836, 0.9907164367862532, 0.44509386147138463, 0.6582241581162123, 0.9774985667032738, 0.9774748361535445, 0.9584260434112, 0.3001581838206379, -0.1245569779465431, 0.9898895371205102, 0.9898489395572967, 0.2723998946854917, -0.20693480071477147, 0.993660365684433, 0.994544321652664, 0.8078401770736546, -0.3920042320082055, 0.9871851068421433, 0.9942840518254487, 0.9941936140256024, 0.4503223862944122, 0.9938520236393626, 0.9938383408322473, 0.9938520236393626, 0.8902905701850312, 0.674633677599236, 0.8639338034048789, 0.8814708498423292, 0.7959901754933276, 0.3914939581813314, -0.12738756340784305, 0.1925432112702192, 0.946236495863291, 0.4714997951033936, 0.9772049255598797, 0.971339805644763, 0.9132108535983632, 0.907844134387163, 0.9317729946295863, 0.9064450671179772, 0.9284616976538687, 0.9292816986801599, 0.9284616976538687, 0.8400183344224451, 0.9048891643967183, 0.9060504120577638, 0.9048891643967183, 0.8929795085913871, 0.7287034416386816, 0.8683385240154454, 0.8700253928609655, 0.8683385240154454, 0.613483974385075, 0.30516033111841045, 0.5897720323184846, -0.5968197214636678, 0.4834496114926441, 0.5400321417265436, 0.5415562073833093, 0.5400321417265436, -0.09861352722150711, 0.8801621626493848, 0.9117806187494343, 0.8934970308822657, 0.914732974287899, 0.46770280009525084, 0.8775457256521374, 0.8788279090740152, 0.8775457256521374, 0.8877565101079321, 0.8877565101079321, -0.16558803217162144, 0.5450861498824631, 0.19864772066514708, -0.5479918788749523, -0.5590629165013631, -0.5628243443597816, -0.03161548396583273, 0.05065334476195887, 0.26483336405839447, 0.14838051268573213, -0.36663161596150246, 0.06268850480224837, -0.7916327536258456, -0.20355201750403626, 0.11591589652873932, 0.11623520866001001, -0.5364196087196316, -0.6069378474770435, -0.204951608755704, -0.4816619102062295, -0.829729740145462, -0.34263256364396644, -0.3335932363889586, -0.34263256364396644, -0.18095879508071216, -0.2491768429653828, -0.2491768429653828, -0.8183678897424358, -0.8183678897424358, 0.40489194436281384, 0.6604274682334895, 0.8744346669617306, 0.8532353101621295, 0.7915365681888576, -0.240072409948665, 0.7697078573188793, 0.8101763419681907, 0.8104404098174673, 0.8101763419681907, -0.23416568082268246], [0.9999825554529056, 1.0, 0.9683106197281761, 0.999191590528069, 0.9935459907716722, 0.9999825554529054, 0.9773170550554889, 0.9680444782862144, 0.9770906137183628, 0.9575310186590352, 0.9793128619550138, 0.9773661920579277, 0.977324575142883, 0.977135917187498, 0.9763864524285331, 0.9851037301258153, -0.24678694771358886, 0.9829052820368089, 0.9828758918367649, 0.9774347665815597, 0.9774252570518189, -0.15564034538406155, 0.967027900070279, 0.9702398079506249, 0.9703133006113484, 0.9586615649844182, 0.019161782676345076, 0.1463186287572349, 0.9755159887894365, 0.9755813924706273, 0.9710623060835017, 0.13213351339683782, 0.9871549776102532, 0.9872420115330854, 0.9880351860476415, 0.9796143559630116, 0.9854993391289025, 0.9871775270831072, 0.9878437733557605, -0.2535718606166399, 0.9881293426670642, 0.9881090474656204, 0.9881293426670642, 0.8904901561281588, 0.5608809570710339, 0.8646544501706178, 0.8820620445550756, 0.7952617079052949, -0.4439819823396052, -0.5502093761319755, 0.8333796032294611, 0.8588357387229568, -0.16851527853179618, 0.9346724178642858, 0.9347424434703991, 0.9207993876132715, 0.9310663255737871, 0.9080618681865986, 0.9077200510750278, 0.914988745728125, 0.915749106214574, 0.914988745728125, 0.7681501502805124, 0.7281231258171031, 0.730358575700215, 0.7281231258171031, 0.9252875624917323, 0.9305480990890054, 0.9250760774517347, 0.9263206766322807, 0.9250760774517347, 0.43494175437649646, 0.37726258600140283, 0.4990159247410055, 0.6029105732801049, 0.4808170374434116, 0.5231102865353251, 0.5239466199109254, 0.5231102865353251, -0.21429889942987584, 0.8635125999730987, 0.9009601269177534, 0.8870499116063849, 0.9281517268002984, -0.0588948453522651, 0.8572887835795938, 0.8576988989561303, 0.8572887835795938, 0.8688498653635813, 0.8688498653635813, -0.26945232684522374, 0.5445652755614862, -0.3800216760249555, -0.6420135327364281, -0.4668908033667286, -0.47038808232575297, -0.29951760689831, 0.21659892447583648, -0.21136894825851135, -0.385786708027817, -0.5758987043667827, -0.28153049164709437, -0.5008535561238541, -0.33517331071593237, 0.09006467382722302, 0.08504702747350595, -0.48684944940166497, -0.4416051564586345, -0.4696121244667535, -0.49916232172253266, -0.4916474693867046, -0.47192332787003805, -0.47520710562687946, -0.47192332787003805, -0.35819652159151083, -0.494586582112856, -0.494586582112856, -0.46873731920101314, -0.46873731920101314, 0.4051715043907295, 0.4196630348703601, 0.5218955913036611, 0.6054340688217104, 0.5807938399759001, -0.3857706898800329, 0.38899370645551135, 0.3798903700088569, 0.38000451036065086, 0.3798903700088569, 0.12086735306150963], [0.5620127256816672, 0.9683106197281761, 1.0, 0.5553310975229032, 0.4407461145105976, 0.5620127256816672, 0.5512059761866308, 0.5392576744107883, 0.4470657338637861, 0.38613811769830997, 0.9966114657891386, 0.5512190978666592, 0.5165126057090678, 0.5515607244910378, 0.5537516765296238, 0.5902460739166752, -0.09544114180706643, 0.49527754205307634, 0.4944103779475191, 0.446219056010613, 0.5501530293557699, 0.206179439301993, 0.6909184801183508, 0.5172441486444753, 0.5169559073775101, 0.9828908926518443, 0.28449123994297404, 0.1789452531563515, 0.5173534540027677, 0.5168467021294415, 0.7689749907989817, 0.00805144112502861, 0.5496516700728754, 0.4463839175727023, 0.5383710948744823, 0.3651225070346067, 0.9938802263198225, 0.43313929472119367, 0.5522912043983009, -0.10146498005338887, 0.5656749374268943, 0.5477702944557619, 0.5656749374268943, 0.8967534536627797, 0.3911305918915442, 0.9041809726360086, 0.8694443660673108, 0.6512669180156503, 0.20116076124655172, -0.006370709256455007, 0.059525180627245204, 0.41731888767100234, -0.06872829038961092, 0.5091395076693082, 0.44091286127590396, -0.07687200998262149, 0.6799648850077746, 0.637267385615866, 0.47088703535282267, 0.6434718042805712, 0.7096034213159444, 0.6434718042805712, 0.31570269630547454, 0.5368533071013489, 0.6393669652385008, 0.5368533071013489, 0.5492726719414295, 0.6178521000748745, 0.6571580969266902, 0.7309588282108912, 0.6571580969266902, 0.19248468499680754, -0.0829641406041872, 0.212072147733577, 0.15272977867490561, 0.21135356418536938, 0.26370483629048025, 0.3906979588763792, 0.26370483629048025, -0.17108700854497197, 0.42577186612041057, 0.8009548229957023, 0.5116114166624649, 0.7262688023043196, 0.09364767416898001, 0.4943794945980502, 0.49469984079338664, 0.4943794945980502, 0.6241478490339782, 0.6241478490339782, -0.293546715666394, 0.719006635567365, -0.22897425845301353, -0.5296719297428972, -0.3826454405281106, -0.3864093533038452, -0.3880242277060528, 0.0052221264995191245, 0.02521055707616943, -0.25258695489243044, -0.5126737673643741, -0.13193354707815735, -0.21805289056796115, -0.20398875524071625, -0.03383398939575598, -0.0374995056846388, -0.4425644339261986, 0.016928044872354667, -0.21457566375805595, -0.47768071414506547, -0.10500364941184165, -0.35160797789272136, -0.22732274010712655, -0.35160797789272136, -0.42855090493849046, -0.5017209588110365, -0.5017209588110365, -0.233876409148495, -0.233876409148495, 0.3288830916519924, 0.13128132279127028, 0.24091300885033398, 0.48653708877811935, 0.21079410104277646, -0.29872382847473483, -0.038160253125239685, 0.44561774086481915, 0.5611040935409973, 0.44561774086481915, -0.03859863873700674], [0.9996979462896033, 0.999191590528069, 0.5553310975229032, 1.0, 0.9986036207577987, 0.9996979462896031, 0.9923093009751855, 0.9882840795362315, 0.9933101074527321, 0.9706165254673217, 0.9866791781157623, 0.9923421719024221, -0.13943400236410675, 0.9923800282417561, 0.9924206188859058, 0.9950847282283145, 0.45360502529913704, 0.9932198025487362, 0.9932077785298049, 0.9841545546504932, 0.9923217135530695, 0.43625878145791325, 0.6615475226400734, 0.9804956550105443, 0.9804723558628148, 0.9693263652736565, 0.295097287094209, -0.13199177924308325, 0.9896610678052784, 0.9896310922702914, 0.2638559366370857, -0.2078405109296101, 0.9944785549110802, 0.9956587135808468, 0.7666023467554853, -0.3978824503586528, 0.990980959784812, 0.9956427562152016, 0.9948320309542461, 0.4357589799583632, 0.9920153460137475, 0.9945555984636465, 0.9920153460137475, 0.8888035755454436, 0.6618278015274768, 0.8724436904074094, 0.8775993060139609, 0.7729820382878095, 0.38589731817537737, -0.1334905347109167, 0.18589006669542343, 0.9404294039782798, 0.45531438978157596, 0.972893226524362, 0.9685086706761652, 0.888487005014425, 0.8985540322888793, 0.9164536743951551, 0.9011723880446451, 0.9083844704090436, 0.9095230933812072, 0.9083844704090436, 0.8297734978255316, 0.8910260323859677, 0.8923043345652311, 0.8910260323859677, 0.8883660711222477, 0.6601431384213743, 0.8232717945403261, 0.8250129657676126, 0.8232717945403261, 0.6031510784688989, 0.09950295011313431, 0.5774094042217277, -0.6020930480348727, 0.47660078979921416, 0.28237366360941735, 0.5091732265744174, 0.28237366360941735, -0.10562335435719132, 0.8731366236709593, 0.900571097663501, 0.8830352306858121, 0.8875097870558849, 0.454381154294632, 0.8715498708626886, 0.8730082461986806, 0.8715498708626886, 0.865010820240914, 0.865010820240914, -0.17205796540410428, 0.5732631987063449, 0.20338490361902686, -0.5589631346745195, -0.5670766246782041, -0.5707444490587007, -0.044454187249321944, 0.04490096624721481, 0.2575202893788866, 0.13545699394508143, -0.379812361558145, 0.05589364356862864, -0.7986177832419652, -0.21174401346655583, 0.10445243268910476, 0.10481887178072256, -0.5441403701256567, -0.6038397948438254, -0.20686908002314697, -0.49440651136819636, -0.8323271971062913, -0.3446160433296996, -0.3361430333912007, -0.3446160433296996, -0.19070861816893403, -0.25967712726085285, -0.25967712726085285, -0.8187764009117313, -0.8187764009117313, 0.3904720784276688, 0.648294033201346, 0.8668956609445071, 0.8457548854225718, 0.7842041309958722, -0.2539457561531122, 0.7608470073591022, 0.8016243366196683, 0.801897267630244, 0.8016243366196683, -0.21883383628793046], [0.9974216846228118, 0.9935459907716722, 0.4407461145105976, 0.9986036207577987, 1.0, 0.9974216846228118, 0.996714697336373, 0.994689483230684, 0.9969009050338674, 0.9599671114593527, 0.9951852237535063, 0.9967334278299493, -0.3524913718276806, 0.9967646530530705, 0.9967835241175895, 0.9978206840788043, 0.26055109535954063, 0.9973187211633909, 0.997311558153453, 0.9859043508439893, 0.9967196519411908, 0.06621038628308634, 0.6194942297126503, 0.9903501955050547, 0.9903048449521368, 0.9838185800763347, 0.037927814408116094, -0.11787882398538153, 0.987915975599908, 0.9878544142408869, -0.055898030154191376, -0.10626751192897287, 0.9976942727012267, 0.9976338782520993, 0.7412422618954538, -0.5425074680728331, 0.9970650925847026, 0.9978764077962368, 0.9979745701419801, 0.23689039935853556, 0.997654570187367, 0.9976534586013164, 0.997654570187367, 0.9043046191045292, 0.6227700568300119, 0.8951002229311258, 0.8812247705060635, 0.7383350437645357, -0.09652961225164142, -0.5778362632001356, -0.23785973263530208, 0.9255640190029131, 0.31138038290011066, 0.9663017882641741, 0.9663843488512284, 0.8817139971792737, 0.8751801217995067, 0.9009445974606368, 0.885542209908882, 0.8989610773737542, 0.8994393384344026, 0.8989610773737542, 0.7985567172614536, 0.831266318673155, 0.8327862219761039, 0.831266318673155, 0.8746086277711536, 0.7638368562701252, 0.854273241109858, 0.8553529934770736, 0.854273241109858, 0.5528351735719228, 0.41566116621075144, 0.5354958605241, -0.6495882000254637, 0.5313056794777081, 0.5082273806151854, 0.5079038416785937, 0.5082273806151854, -0.12582182475393705, 0.8511365364237392, 0.8682485704855517, 0.8540187353934392, 0.8919400216306982, 0.31329329781793286, 0.8526561305296309, 0.8540824533492996, 0.8526561305296309, 0.8609263099654934, 0.8609263099654934, -0.21607185826079547, 0.6346057079002639, 0.05736757157502452, -0.5946632335210785, -0.6260604986290511, -0.6265442051273981, -0.08124804150714894, 0.066226103156092, -0.14244765959370553, -0.1177971243988222, -0.46893601991111, -0.31869936118098985, -0.8645677382731405, -0.5129636912951284, 0.06954134725238784, 0.06974208106989094, -0.5755549316199257, -0.5952376679151942, -0.508011271021687, -0.5387044128007363, -0.8007953703725925, -0.5649734953897529, -0.5675728342259755, -0.5649734953897529, -0.23569111780613833, -0.2992841024621684, -0.2992841024621684, -0.7668008487992617, -0.7668008487992617, 0.3689867955073022, 0.6263472996439942, 0.816006669092413, 0.7903447935632786, 0.7709753312335822, -0.3942064654890039, 0.6100233341500643, 0.6923230536061098, 0.6927486802558872, 0.6923230536061098, 0.017469854928933184], [1.0, 0.9999825554529054, 0.5620127256816672, 0.9996979462896031, 0.9974216846228118, 1.0, 0.9906827557316074, 0.9861734895523362, 0.9913216618260557, 0.9728713135059842, 0.9815019606210581, 0.9907280353746011, -0.1349262667358384, 0.9907943163682613, 0.9908397682747477, 0.9934921933898057, 0.46779211844837354, 0.9918233783122543, 0.9918099815182194, 0.9836941025916836, 0.9907164367862532, 0.44509386147138463, 0.6582241581162123, 0.9774985667032738, 0.9774748361535445, 0.9584260434112, 0.3001581838206379, -0.1245569779465431, 0.9898895371205102, 0.9898489395572967, 0.2723998946854917, -0.20693480071477147, 0.993660365684433, 0.994544321652664, 0.8078401770736546, -0.3920042320082055, 0.9871851068421433, 0.9942840518254487, 0.9941936140256024, 0.4503223862944122, 0.9938520236393626, 0.9938383408322473, 0.9938520236393626, 0.8902905701850312, 0.674633677599236, 0.8639338034048789, 0.8814708498423292, 0.7959901754933276, 0.3914939581813314, -0.12738756340784305, 0.1925432112702192, 0.946236495863291, 0.4714997951033936, 0.9772049255598797, 0.971339805644763, 0.9132108535983632, 0.907844134387163, 0.9317729946295863, 0.9064450671179772, 0.9284616976538687, 0.9292816986801599, 0.9284616976538687, 0.8400183344224451, 0.9048891643967183, 0.9060504120577638, 0.9048891643967183, 0.8929795085913871, 0.7287034416386816, 0.8683385240154454, 0.8700253928609655, 0.8683385240154454, 0.613483974385075, 0.30516033111841045, 0.5897720323184846, -0.5968197214636678, 0.4834496114926441, 0.5400321417265436, 0.5415562073833093, 0.5400321417265436, -0.09861352722150711, 0.8801621626493848, 0.9117806187494343, 0.8934970308822657, 0.914732974287899, 0.46770280009525084, 0.8775457256521374, 0.8788279090740152, 0.8775457256521374, 0.8877565101079321, 0.8877565101079321, -0.16558803217162144, 0.5450861498824631, 0.19864772066514708, -0.5479918788749523, -0.5590629165013631, -0.5628243443597816, -0.03161548396583273, 0.05065334476195887, 0.26483336405839447, 0.14838051268573213, -0.36663161596150246, 0.06268850480224837, -0.7916327536258456, -0.20355201750403626, 0.11591589652873932, 0.11623520866001001, -0.5364196087196316, -0.6069378474770435, -0.204951608755704, -0.4816619102062295, -0.829729740145462, -0.34263256364396644, -0.3335932363889586, -0.34263256364396644, -0.18095879508071216, -0.2491768429653828, -0.2491768429653828, -0.8183678897424358, -0.8183678897424358, 0.40489194436281384, 0.6604274682334895, 0.8744346669617306, 0.8532353101621295, 0.7915365681888576, -0.240072409948665, 0.7697078573188793, 0.8101763419681907, 0.8104404098174673, 0.8101763419681907, -0.23416568082268246], [0.9906827557316074, 0.9773170550554889, 0.5512059761866308, 0.9923093009751855, 0.996714697336373, 0.9906827557316074, 1.0, 0.9971611087472861, 0.9999676997387604, 0.9507723032400857, 0.9995801080414222, 0.9999961178428991, -0.15296798218420088, 0.9999923488575931, 0.9999212731816233, 0.9940919434152315, 0.40337334981077194, 0.9998343471891349, 0.9998344779328106, 0.9883875644640453, 0.9999963180089143, 0.34181924622418836, 0.6626933279765376, 0.9841310386343591, 0.9842756075072651, 0.9852422407720144, 0.21601043082915974, -0.19138104642913795, 0.9922523381591478, 0.9919714074147714, 0.1628158147150772, -0.2584306750368113, 0.9992901648470525, 0.9993804821602136, 0.3444256057914608, -0.3296330870124918, 0.9986478673379917, 0.9992859640489749, 0.9982369366140604, 0.3839705551737738, 0.9306205762383203, 0.9990168761593958, 0.9306205762383203, 0.9127093911038329, 0.6255544838380315, 0.918322280700715, 0.890356640313057, 0.6903775129993538, 0.4161905546686412, -0.07657743320435861, -0.21161848639623995, 0.9237906095423396, 0.4130096262354637, 0.9684623935961436, 0.9612193714602261, -0.0873337101849182, 0.8237771211196584, 0.7988254979605504, 0.8458499768576188, 0.7919656630779985, 0.7602397940249676, 0.7919656630779985, 0.7536367695235031, 0.759740163454415, 0.7591389201848793, 0.759740163454415, 0.8322387733434161, 0.3013059684064863, 0.5191061047357595, 0.6039498000838968, 0.5191061047357595, 0.5199009187464942, -0.36292335474373444, 0.4805492486619897, -0.6655429278877415, 0.39696466772168987, -0.13168435314553623, 0.3640455530298514, -0.13168435314553623, -0.1503901759619616, 0.8075439237673353, 0.8151030957487857, 0.8050579850595677, 0.7325372832093491, 0.4028942227857761, 0.8110894424240365, 0.8131546377947606, 0.8110894424240365, 0.7183285565323088, 0.7183285565323088, -0.25337972434159356, 0.6858851277154502, 0.255673719672528, -0.5786462305561976, -0.6108195223752, -0.6139975105141832, -0.09726561161574047, -0.007930651439545473, 0.36006184146225734, 0.09570235328897705, -0.4084732035825693, 0.1059041040708312, -0.8262015634339726, -0.11626024346007709, 0.03185785581142905, 0.03229189782531886, -0.5907828403415983, -0.6095447180750525, -0.047228811173985426, -0.5764081381354438, -0.8446934140520803, -0.34161830815032806, -0.1674920593660722, -0.34161830815032806, -0.27184001510717665, -0.3106937854806055, -0.3106937854806055, -0.8383946594761711, -0.8383946594761711, 0.36569378103100225, 0.6028980562497983, 0.4966083076297999, 0.8080832675433832, 0.7599992699021803, -0.31319416820592544, 0.05947833178534079, 0.7652163984391669, 0.7838568888584344, 0.7652163984391669, -0.14251380592518786], [0.9861734895523362, 0.9680444782862144, 0.5392576744107883, 0.9882840795362315, 0.994689483230684, 0.9861734895523362, 0.9971611087472861, 1.0, 0.9994593852410791, 0.94223090932066, 0.9982320167164377, 0.9979674488880252, -0.1625459165000999, 0.9989938034428865, 0.9986944953652691, 0.9866707822309138, 0.38126988200618867, 0.999046588120208, 0.9990483911385353, 0.9854266900335298, 0.9991575503786927, 0.3142766440274016, 0.66173448454917, 0.9917850727591562, 0.9819115675838046, 0.9806944287928215, 0.19584360588426, -0.206646923402854, 0.9885444522813603, 0.9919591457086075, 0.1420229032159491, -0.2656156000362918, 0.9981239829560451, 0.9980183624907896, 0.3231526310556598, -0.3372949347760757, 0.9959856351826181, 0.997837466501342, 0.9975776610106388, 0.3613655011964942, 0.9216044129359945, 0.9979582180367164, 0.9216044129359945, 0.9101221853590957, 0.6095068696555752, 0.9188705695731758, 0.8860496527928597, 0.6622071694881657, 0.4025587869306868, -0.09257414767476635, -0.22556006439708098, 0.9143549246198562, 0.39174042928904074, 0.9636104332990142, 0.9555015292069721, -0.09853237325978109, 0.808265876291741, 0.7797153957789383, 0.8351598891030108, 0.7740903419733428, 0.7463621935359672, 0.7740903419733428, 0.7381678716762821, 0.7380614366218661, 0.7440636548219175, 0.7380614366218661, 0.8218237002760815, 0.2789524864227094, 0.4953898702685377, 0.5853532659266824, 0.4953898702685377, 0.5040791400387936, -0.37919281490015133, 0.46284571274585723, -0.6750720069783472, 0.3866755249324815, -0.15593647422137982, 0.3452704903329805, -0.15593647422137982, -0.15787033793694338, 0.7949976294392601, 0.7948244205110929, 0.7885446626825419, 0.7159724221214879, 0.3854713983553003, 0.7992122337414568, 0.8015178439659164, 0.7992122337414568, 0.6974398176343218, 0.6974398176343218, -0.27089792005943225, 0.716792780503285, 0.26393654420488627, -0.5888605776450618, -0.6252820287226892, -0.6282592491592083, -0.11328707836738701, -0.017055968191537096, 0.3531573496475297, 0.07579838344985522, -0.42241330699415075, 0.09647654975776021, -0.8335269860229637, -0.12289353746923348, 0.014613161730275109, 0.015064825852824336, -0.6039751140252976, -0.6110155205088845, -0.05422621982385405, -0.5958182997912274, -0.8453220153026254, -0.35402614447771213, -0.17388563868297255, -0.35402614447771213, -0.291474334530671, -0.32591412647919177, -0.32591412647919177, -0.837400968821999, -0.837400968821999, 0.3413021951340004, 0.5843153073664635, 0.47660854783588885, 0.7894089711528207, 0.7461914919401285, -0.33693053849671656, 0.0443743391196843, 0.7452560648200467, 0.7675791887366386, 0.7452560648200467, -0.12429536037411466], [0.9913216618260557, 0.9770906137183628, 0.4470657338637861, 0.9933101074527321, 0.9969009050338674, 0.9913216618260557, 0.9999676997387604, 0.9994593852410791, 1.0, 0.9495144137054576, 0.9995249188340682, 0.9999686287282805, -0.327035935547881, 0.9999732055046731, 0.999933797135964, 0.9981010912669542, 0.2981073370417752, 0.9997747454971886, 0.9997753507044721, 0.9881735420290962, 0.9999656173557535, 0.11477358840180306, 0.6182231417368035, 0.9940459013086546, 0.9939896175278965, 0.9850230815936933, 0.02075272718999139, -0.13124632707408584, 0.9907910406232434, 0.9907566993646698, -0.03740562658746357, -0.21926676973838283, 0.9993089529385731, 0.9992678477989229, 0.7539366583429196, -0.5312714605492137, 0.998555496697842, 0.9992660819661225, 0.9991683023874013, 0.27516902491119827, 0.9991500361048933, 0.9991553722527345, 0.9991500361048933, 0.9127694902631229, 0.6265948636951502, 0.9181897033783861, 0.8899881112543159, 0.6896927845906982, 0.011284597613956983, -0.5232066046733099, -0.18680609629174166, 0.9189986987595807, 0.3622754750764675, 0.9624458195462883, 0.9614822533110189, 0.8527213095969551, 0.8245470805946047, 0.8729047340994333, 0.8466669219264558, 0.8709774715648977, 0.871742045870998, 0.8709774715648977, 0.7526570764608705, 0.812394101024038, 0.814140844815609, 0.812394101024038, 0.8336199341591223, 0.7232059262925421, 0.8225401206890142, 0.82405791917356, 0.8225401206890142, 0.5189560458517389, 0.3390427730241581, 0.479517167036038, -0.6959432217468502, 0.45640518775650163, 0.41987420070163517, 0.4199052890017985, 0.41987420070163517, -0.10626825544819388, 0.8079411387511175, 0.8148179264431562, 0.8051894540757497, 0.8635423146507853, 0.33070771449692504, 0.8172298168172678, 0.8196903082591844, 0.8172298168172678, 0.8254856487773211, 0.8254856487773211, -0.25573620701416533, 0.6857938276631271, 0.08178231945641083, -0.5910710346494886, -0.6528959164501446, -0.6537777539893209, -0.10095696920471497, -0.005761032058155424, -0.14986646175584778, -0.08871198593367534, -0.45760113856202156, -0.3501938622480412, -0.878590948942938, -0.5523648132459492, 0.030512610564012783, 0.031316067917954576, -0.5927486782016153, -0.6056042577073871, -0.5177159735066235, -0.5786313475024746, -0.8204795609130082, -0.5888721897016598, -0.5909404029154506, -0.5888721897016598, -0.274410415485059, -0.3143812491887746, -0.3143812491887746, -0.8002734439912472, -0.8002734439912472, 0.36657150041809344, 0.6017338454786483, 0.8235008647601216, 0.8019938904777197, 0.7584549756190369, -0.34219452131317213, 0.6432444574556969, 0.7129708643905501, 0.7131361313775928, 0.7129708643905501, 0.1012602899934731], [0.9728713135059842, 0.9575310186590352, 0.38613811769830997, 0.9706165254673217, 0.9599671114593527, 0.9728713135059842, 0.9507723032400857, 0.94223090932066, 0.9495144137054576, 1.0, 0.9220952269628909, 0.9508096851101806, -0.269416642615483, 0.9504586672053468, 0.9497232928621605, 0.9515453629797496, 0.10850284161066344, 0.9565402491218219, 0.9565155913972668, 0.9509547616013012, 0.9509459558416047, 0.042635408098379166, 0.668391546215745, 0.9527717875421113, 0.9529897511914366, 0.8185151513557081, 0.12069418745852635, -0.11317279361909595, 0.9593850471754259, 0.9595208951801983, 0.10608975386688634, 0.050094440422171885, 0.960931998846566, 0.9612173064040134, 0.8501151239788026, -0.45744029557231675, 0.9341791541709593, 0.960095081673634, 0.9615730967003802, 0.08564204714473013, 0.9623331931538889, 0.9622964425199566, 0.9623331931538889, 0.7814300513450905, 0.42243258287525864, 0.738902219799807, 0.8592787663694901, 0.8345392432558862, -0.553772428364574, -0.685507775752954, -0.30765094405230636, 0.8674255277580244, 0.08200734159850928, 0.9009650080515593, 0.9010122061458807, 0.8570589431536297, 0.850607616438976, 0.8831667450956567, 0.8602241474615622, 0.8749513219497679, 0.8758020629961132, 0.8749513219497679, 0.7988734201340498, 0.7770326637086059, 0.7791866127282626, 0.7770326637086059, 0.8521547003111563, 0.8726895379479492, 0.8502707065011605, 0.851080425882779, 0.8502707065011605, 0.6198023405108888, 0.5394937114551338, 0.6210718993526945, -0.41793865086388526, 0.6415425799350281, 0.6628924568655298, 0.666041736340885, 0.6628924568655298, -0.2626013888699092, 0.857140601664557, 0.9187216549189929, 0.8754805687792125, 0.8737408434660126, 0.20808737760088034, 0.8490299578551356, 0.8504082178304537, 0.8490299578551356, 0.8610189301354095, 0.8610189301354095, 0.010596429362950946, 0.2795236379640129, -0.08566074559272646, -0.49689309525647424, -0.39649835558254015, -0.39849063164414006, 0.06774631858926591, 0.38348629379643995, 0.1035617398707249, -0.02127080769091637, -0.34208687542452043, 0.01097902954708767, -0.8122234686432747, -0.1507781412651237, 0.272297051013948, 0.2712662933886865, -0.3547275997384494, -0.4385257424151969, -0.3088455731501628, -0.3138685812435956, -0.6864031512545155, -0.33027030024612664, -0.3322666310744549, -0.33027030024612664, -0.06148038129710972, -0.3472957986444726, -0.3472957986444726, -0.5380883004599671, -0.5380883004599671, 0.5760535511848167, 0.674353066289361, 0.7609839974180906, 0.6706195646474654, 0.8393104117034783, -0.43905812152913976, 0.3885959923382711, 0.5651839444759036, 0.5654764160239132, 0.5651839444759036, -0.2277492319710799], [0.9815019606210581, 0.9793128619550138, 0.9966114657891386, 0.9866791781157623, 0.9951852237535063, 0.9815019606210581, 0.9995801080414222, 0.9982320167164377, 0.9995249188340682, 0.9220952269628909, 1.0, 0.999576947747788, 0.9995732611004249, 0.9995263727588186, 0.9995631649882273, 0.9985217829171789, -0.36635007489007987, 0.9997277009603557, 0.9997317847920646, 0.9995848013910583, 0.9995846203168749, -0.27809387016916404, 0.9606902305547026, 0.9922197917659111, 0.9921923213926452, 0.9883651932793162, -0.002204917240117595, 0.07355525709191064, 0.9892895340416625, 0.9893493031671389, 0.9714951062037186, 0.0026126824463836335, 0.9986819668728266, 0.9986259175802507, 0.9984243056499323, 0.9992362842163219, 0.9991797065590697, 0.9986756151763599, 0.9984532669864351, -0.3769822433062393, 0.9983656270828889, 0.9983767752160424, 0.9983656270828889, 0.9064688974689888, 0.4863936282744555, 0.9138417378092359, 0.8879970724661153, 0.6913391515371206, -0.5415180174663717, -0.6619901744123062, 0.796306636565914, 0.806882007872885, -0.28257522284131104, 0.9213685333958177, 0.921560453535725, 0.8488858167435944, 0.8589598053007081, 0.8245381334445594, 0.827307052669564, 0.8339990417865577, 0.8349733357689162, 0.8339990417865577, 0.65326433049634, 0.6072113632593924, 0.6098726801999145, 0.6072113632593924, 0.8601682763411703, 0.8695694074203977, 0.858546283831507, 0.8600703400855539, 0.858546283831507, 0.2993915832796072, 0.23047926193234916, 0.3591715128408163, 0.48284141368883104, 0.35116560218501897, 0.40149161447868553, 0.4041657380982454, 0.40149161447868553, -0.4127476015825498, 0.766945884892612, 0.8192942751088585, 0.7985086304850774, 0.8579766185462137, -0.11740894664527804, 0.7594184490522127, 0.75997342368442, 0.7594184490522127, 0.774367875356711, 0.774367875356711, -0.3175019741452198, 0.6769855262597677, -0.3991555882401153, -0.6828903346390126, -0.5479345664140148, -0.5502715658695533, -0.36206682502680443, 0.14734344734993302, -0.27032611313237226, -0.4373509824410224, -0.6255235120216106, -0.34587426528009535, -0.6257583768486205, -0.4114994015514423, 0.01715668271647427, 0.013133014766675093, -0.563504379879924, -0.52793741208779, -0.546473123593687, -0.5805463754781237, -0.5748463373352684, -0.5498811259409434, -0.5528619319896908, -0.5498811259409434, -0.44074323635230556, -0.6029048046364238, -0.6029048046364238, -0.605804838768527, -0.605804838768527, 0.36173652451946936, 0.35888015220090735, 0.47096974897185323, 0.5550056905684981, 0.5535260581309993, -0.5487205297387359, 0.30033624224579286, 0.3197343493144509, 0.3199209404542778, 0.3197343493144509, 0.22909351959587151], [0.9907280353746011, 0.9773661920579277, 0.5512190978666592, 0.9923421719024221, 0.9967334278299493, 0.9907280353746011, 0.9999961178428991, 0.9979674488880252, 0.9999686287282805, 0.9508096851101806, 0.999576947747788, 1.0, -0.15263354044361835, 0.9999942605907783, 0.9999263891814727, 0.9949149494873644, 0.4034764519451675, 0.9998358188010885, 0.9998359240760791, 0.9884332241044358, 0.9999969737718155, 0.34215671403297154, 0.6627604496368251, 0.9896143736635874, 0.9842635905949422, 0.9852219812636389, 0.2162910877928188, -0.19132906994011428, 0.9922523128577141, 0.9919854644561611, 0.16306256808013153, -0.2584047751214452, 0.9992927914730806, 0.9993854845513456, 0.34439329108815075, -0.32941240011633416, 0.9986501152668774, 0.9992950702174064, 0.9982412074197706, 0.38408070213095474, 0.9306020733369653, 0.9990202144176871, 0.9306020733369653, 0.9127547419163591, 0.6257246039408946, 0.918577654616053, 0.8906040846783642, 0.6905458198369246, 0.4166069005506961, -0.07610049024112496, -0.21123365196193544, 0.9238826640708194, 0.4131133716099253, 0.9685642029714903, 0.9612965717576452, -0.08713607322068066, 0.8239341209932388, 0.7989356510730087, 0.8459677016052547, 0.7920731473351356, 0.7601766603540613, 0.7920731473351356, 0.7537094547153805, 0.7598028657960681, 0.7590707987101756, 0.7598028657960681, 0.8323985401648533, 0.30116668511591194, 0.5191131064902874, 0.6038540983839171, 0.5191131064902874, 0.5198351949885031, -0.36294752415078396, 0.4804958207287677, -0.6654371620778741, 0.3968380680502812, -0.1318216103046596, 0.36408473765026267, -0.1318216103046596, -0.15054381019983723, 0.8076129394321064, 0.815241073543983, 0.8051524954846535, 0.7325280030706572, 0.4030071749869673, 0.8111735524994184, 0.8132341100568441, 0.8111735524994184, 0.7184071963262612, 0.7184071963262612, -0.253375228249504, 0.6858908112070603, 0.2557961828607112, -0.5786372292232616, -0.6107327881444603, -0.6139167564542722, -0.09734341291461325, -0.008091701678466165, 0.36024448631694317, 0.09574053198096226, -0.40849176712985025, 0.10617929680204961, -0.8259222282227736, -0.1159526903375354, 0.03188916204750262, 0.03233981329745544, -0.5907714097093641, -0.609364954554848, -0.046963310919471805, -0.5763903981365974, -0.8445835078427056, -0.34137604214409695, -0.167270989529038, -0.34137604214409695, -0.2716931918987561, -0.31064798461935206, -0.31064798461935206, -0.8383428095047797, -0.8383428095047797, 0.36623059898988447, 0.6030665097145537, 0.4968703121513536, 0.8083585714975944, 0.7601042301445059, -0.31295338563226177, 0.05977461777041222, 0.7654831919529982, 0.7839841875442088, 0.7654831919529982, -0.14254010043816992], [-0.1349262667358384, 0.977324575142883, 0.5165126057090678, -0.13943400236410675, -0.3524913718276806, -0.1349262667358384, -0.15296798218420088, -0.1625459165000999, -0.327035935547881, -0.269416642615483, 0.9995732611004249, -0.15263354044361835, 1.0, -0.152001305357512, -0.14828410022010566, -0.12396099523197, -0.29226069100516255, -0.15346013059731034, -0.15390568844653177, -0.2761449760550106, -0.15349112583563876, 0.02475198268685547, 0.3089369708392585, -0.18752603209322777, -0.18786521115305868, 0.98520035674648, 0.24704647992696985, 0.18632095869545054, -0.1885512615088654, -0.1891710754201612, 0.5368595627705606, 0.12055632959210046, -0.15056621004537774, -0.31166659497031696, 0.16558242657445618, 0.9604958130843546, 0.9986481375212158, -0.3438656639911512, -0.14566159189873054, -0.2821123899814001, -0.1509196199908151, -0.15172103309497192, -0.1509196199908151, 0.9128326178849715, -0.11877632227416869, 0.9185476665123908, 0.8905440396010107, 0.6905286181224675, 0.08402609658269568, 0.2557793990426519, 0.6445834975545026, -0.26927322203449167, -0.2964758932695452, -0.06785904929346294, -0.3050820426267812, 0.026982419159481248, 0.2677127397427991, -0.022280595972935607, -0.31025849971889125, -0.02018404468046889, -0.010063802251695548, -0.02018404468046889, -0.41869288693383694, -0.10789577379807572, -0.10998398780344773, -0.10789577379807572, -0.2087257734598804, 0.07000034576590677, 0.04610362214654878, 0.04610309311781167, 0.04610362214654878, -0.4131334695301527, 0.0070807982031634974, -0.3768418009017613, 0.6225448101822857, -0.3457538522727854, 0.008369887289462146, -0.060883973911662094, 0.008369887289462146, -0.30628476783636394, -0.34469768165843434, 0.8152188142144013, -0.12669845168675883, 0.013484183376259338, -0.21889384709022924, -0.26608183404835206, -0.26542348471280525, -0.26608183404835206, -0.028336203679199153, -0.028336203679199153, -0.23223565252319137, 0.6858136702558391, -0.1621020994745488, -0.014643395210310568, 0.19976430846937834, 0.19830897373685383, -0.2510603791255267, -0.010116677154447983, 0.01999848587318198, -0.1729885214126646, -0.10920630471431238, 0.04255960314108012, 0.38795942996922755, 0.11557185097074613, -0.041288283342989715, -0.04519690222786032, 0.08770361235397037, 0.5720807343629916, 0.09363555538064769, -0.18922480004455283, 0.6160924812352823, 0.09822132826183592, 0.10606332369693483, 0.09822132826183592, -0.2374650401602306, -0.19571038145194902, -0.19571038145194902, 0.3255898861128016, 0.3255898861128016, 0.366341631790275, -0.25327629318973127, 0.01630245931276922, 0.09036352557675753, -0.25095830374147177, 0.07436860980404297, 0.1533031548461991, 0.10430058910891636, 0.10424279052719022, 0.10430058910891636, 0.12658958030085365], [0.9907943163682613, 0.977135917187498, 0.5515607244910378, 0.9923800282417561, 0.9967646530530705, 0.9907943163682613, 0.9999923488575931, 0.9989938034428865, 0.9999732055046731, 0.9504586672053468, 0.9995263727588186, 0.9999942605907783, -0.152001305357512, 1.0, 0.9999380393255349, 0.997478094771474, 0.40359966422434207, 0.9998389241367229, 0.9998389428678912, 0.9885973009146767, 0.9999942740178732, 0.34285477858492763, 0.6625963166163555, 0.9931529919677461, 0.993038893837607, 0.9850956820158105, 0.21658580062461058, -0.19137598751669327, 0.9929977107856088, 0.9930438978353276, 0.1638697840743337, -0.25823287297723224, 0.9993438609751729, 0.999384746181718, 0.3433135942630492, -0.32853731805219727, 0.998585941965315, 0.9992984345545695, 0.9985486856723308, 0.3842295860455584, 0.9300755421683423, 0.9990771536721625, 0.9300755421683423, 0.913044945109825, 0.6264783773330898, 0.9189509730394785, 0.8909828248423769, 0.6902245200456902, 0.4180412023271444, -0.07445712891532773, -0.21143888209463357, 0.9242924269652864, 0.4134126633632316, 0.968991999937872, 0.9616730285045696, -0.08817960014053852, 0.8242120547320034, 0.798854113319262, 0.846231373034946, 0.7920333940273908, 0.75977901323434, 0.7920333940273908, 0.7539033950149815, 0.7597570035923843, 0.7594977689578394, 0.7597570035923843, 0.8327530101470216, 0.3004663653082744, 0.5185839831644176, 0.6038879613744244, 0.5185839831644176, 0.5196581147902514, -0.3641484835128785, 0.4803887643848623, -0.6655932541616256, 0.3964304018497966, -0.13285347126460909, 0.363727007654157, -0.13285347126460909, -0.15048596176628148, 0.8077476275558081, 0.8148137019233861, 0.8052436754564276, 0.7224726473384456, 0.4034101108535553, 0.8112995011454579, 0.813349299610092, 0.8112995011454579, 0.7182083891433955, 0.7182083891433955, -0.25507987159773005, 0.6868238592025813, 0.25631591325869113, -0.57861104140299, -0.6111291614067655, -0.6143179673240116, -0.0985529966348329, -0.009391614664222676, 0.3605515659881071, 0.09527542660910439, -0.4087646025672815, 0.10625591861982721, -0.8250233972437798, -0.11579325091971586, 0.030802950822060048, 0.03124887722979676, -0.591433669666886, -0.6096765408636396, -0.04636800617473089, -0.5778092745661056, -0.8445712739782157, -0.3413110117713883, -0.1666990094031273, -0.3413110117713883, -0.27273548402718234, -0.31114093796175263, -0.31114093796175263, -0.8386988590775916, -0.8386988590775916, 0.3664051841038924, 0.6027447190857358, 0.49630606402412863, 0.8088156074468493, 0.7595403855399009, -0.3124569070648884, 0.059080820299634663, 0.7658892580796215, 0.7845963890825934, 0.7658892580796215, -0.14220772369986362], [0.9908397682747477, 0.9763864524285331, 0.5537516765296238, 0.9924206188859058, 0.9967835241175895, 0.9908397682747477, 0.9999212731816233, 0.9986944953652691, 0.999933797135964, 0.9497232928621605, 0.9995631649882273, 0.9999263891814727, -0.14828410022010566, 0.9999380393255349, 1.0, 0.9976001400069696, 0.4025330036647251, 0.9997884066963513, 0.9997896412000603, 0.9885061786576304, 0.9999222794524518, 0.3435655202936569, 0.6641728666683508, 0.9924761744520925, 0.98361370988396, 0.9851274366875437, 0.21760065218604854, -0.1904617459019093, 0.9921103351037689, 0.9921207879768567, 0.16669966310119588, -0.2589038569301047, 0.9993439921382294, 0.9992288028490401, 0.34319025481296234, -0.3243077759808072, 0.9984904644327259, 0.9992661407658373, 0.998524161630489, 0.38319267109027794, 0.9290013226003835, 0.9990957815082175, 0.9290013226003835, 0.91152178988886, 0.626484228357513, 0.9174562648478014, 0.8892651947705568, 0.6872214801528204, 0.4186824662311002, -0.07264410258066771, -0.21204361236255836, 0.9235792393594621, 0.4113262995321705, 0.9692755242474722, 0.96114795486827, -0.09105970366143003, 0.8230550406974493, 0.7991370918436996, 0.8460608610395346, 0.7923108870654705, 0.7620131289407565, 0.7923108870654705, 0.7520999745914525, 0.7591702924829565, 0.7605883988478558, 0.7591702924829565, 0.8329467225784609, 0.30052549528916855, 0.5183075759072028, 0.6053041400466902, 0.5183075759072028, 0.5184084085532825, -0.36650199537581984, 0.4786298394330405, -0.6631823230225045, 0.39487676522638954, -0.13391285489256247, 0.36402480987075286, -0.13391285489256247, -0.15390016221530475, 0.807259687960019, 0.8137994480006064, 0.8044970395545973, 0.7344726372971717, 0.40364341256238095, 0.8109369663111229, 0.8132569653799535, 0.8109369663111229, 0.7183292762342578, 0.7183292762342578, -0.2555160938967219, 0.6880984409552754, 0.2561267051095536, -0.5798964735776412, -0.6111508141973356, -0.6140912466520159, -0.1007085031392551, -0.010936620950767962, 0.36171610648389313, 0.09458028980026066, -0.41005764897350355, 0.10710425409360917, -0.8234967871543151, -0.11447248967040302, 0.029975087478098263, 0.030769311733544275, -0.592746605067369, -0.6048033474957639, -0.04475445141700319, -0.5787509576753006, -0.8423477920863089, -0.34059134377222583, -0.16539278087798573, -0.34059134377222583, -0.27305265644256005, -0.31402133440844554, -0.31402133440844554, -0.836478328084434, -0.836478328084434, 0.364150982102528, 0.6004616384146667, 0.4943668362051495, 0.8095099995762058, 0.7578433068257727, -0.313501012575649, 0.0570233563130994, 0.7665455877721082, 0.7858758292687986, 0.7665455877721082, -0.14158765448571414], [0.9934921933898057, 0.9851037301258153, 0.5902460739166752, 0.9950847282283145, 0.9978206840788043, 0.9934921933898057, 0.9940919434152315, 0.9866707822309138, 0.9981010912669542, 0.9515453629797496, 0.9985217829171789, 0.9949149494873644, -0.12396099523197, 0.997478094771474, 0.9976001400069