var element=document.getElementById("correlationClose");if(element.style.display!='none'){var correlationClose={"data":[{"type":"heatmap","z":[[1.0,0.9999892983027583,0.6770462629028633,0.9997392691206227,0.9980828919013255,1.0,0.9926274577971687,0.9892296552594005,0.9892296552594005,0.9932088848208069,0.9772799026029351,0.9871018176466011,0.9926632313045737,0.99304497521662,0.9927113707631473,0.7696501877673761,0.695899252609094,0.2807468770631396,0.9934877903310771,0.9934882330560214,0.9856247786275342,0.9926634740416905,0.39874123331561984,0.7496167119490553,0.9824735191725924,0.9824735191725924,0.9824545366020596,0.9754943757168455,0.3154979535742933,-0.13126824035277254,0.9895995744363282,0.9895623695848004,0.26699578873227053,-0.20539468543455636,0.9947885132352825,0.9952786321715479,0.8527722482752993,-0.3556428177719857,0.9906281244257408,0.9952668174344806,0.7527864519913371,0.26137316942612265,0.994918636563881,0.9949176735060293,0.994918636563881,0.897440452263998,0.6538521867936615,0.9171336510228639,0.9219209119141336,0.8360917057551903,0.3779150468302634,-0.17766539155010833,0.21355001854611153,0.9493402391788367,0.38039270293301153,0.9752324958900973,0.9713431729093831,0.9808531807751156,0.989711459847289,0.9331569864539068,0.9411701307398226,0.946685980598719,0.9330059885755646,0.9439383597355872,0.9446345623947217,0.9439383597355872,0.8890818733951683,0.9244134530112166,0.9253934119235215,0.9244134530112166,0.9262479120837872,0.7963713893520743,0.8993380497639876,0.900739674719351,0.8993380497639876,0.7124336515444472,0.39462738866446445,0.6987995393409963,-0.5431937710052357,0.6043124834651897,0.6231402419407436,0.6240319565366014,0.6231402419407436,-0.09137640292080594,0.9143918918203456,0.945105063080312,0.9300281380414902,0.9346500431785116,0.27286106958431366,0.9093475705774385,0.9101467834500057,0.9093475705774385,0.9136289656348106,0.9136289656348106,-0.09337390775943968,0.5912377749320213,0.1552411440603697,-0.6850276526901707,-0.5895287942207204,-0.5931236153837502,-0.1329125197903301,0.12899381846864316,0.2058723859684818,0.007430829821287293,-0.5544486914072185,-0.019217742851955488,-0.7968507551815922,-0.28796094644692904,0.16248433177965893,0.16424453949996146,-0.5715847553419375,-0.5768055758256619,-0.27657071083947193,-0.5135842932847603,-0.8152768088180828,-0.4054145256220535,-0.39806557181537394,-0.4054145256220535,-0.22278759340378643,-0.340871828964229,-0.340871828964229,-0.8032451887337583,-0.8032451887337583,0.40984698921325396,0.6309306557414325,0.8529829631972059,0.8402099208184566,0.7566649767327657,-0.3310655690937137,0.7474782608958344,0.7783948261127519,0.7784710100699928,0.7783948261127519,-0.18780039983066008],[0.9999892983027583,1.0,0.9810677145803003,0.9994917831631637,0.9959179725814123,0.9999892983027582,0.9848844265496266,0.9794411861581065,0.9794411861581065,0.984767986566009,0.9724575261593671,0.9859230016022333,0.9849257593375303,0.9848508259659208,0.9847761203285211,0.1525245502934237,0.060533382898207276,-0.436578118495366,0.9882991884735658,0.9882938450495984,0.9849723968362856,0.9849740165903039,-0.15999562085675262,0.9800890324533659,0.9799929484284663,0.9799929484284663,0.9800277562906595,0.9757135447322296,0.0956717056529606,0.1188903237537665,0.9826385904481262,0.9826813871185877,0.799148746970622,0.09806450534733324,0.990739860748561,0.9907768150119031,0.9912954549408753,0.9859740780296589,0.9897277082952335,0.9907849579580082,0.10489069990122864,-0.4413273625844269,0.9913594662842705,0.9913556754585109,0.9913594662842705,0.8974312879299019,0.5012166596699205,0.9175079566343264,0.9221070586881672,0.835588420207944,-0.28542816782841657,-0.4864815184764372,0.84354640957742,0.8859430802951824,-0.25317034351268897,0.9398904205719089,0.9400272525973058,0.9601673075476641,0.9781884210659808,0.9526975775496547,0.9585070868630396,0.9440947596738453,0.9450395959739688,0.9475596322577332,0.9479313054225401,0.9475596322577332,0.8629057210314504,0.8373530208277393,0.8388584301139164,0.8373530208277393,0.9548464537481399,0.9578659336568687,0.9547634687631729,0.9554997628711972,0.9547634687631729,0.6407237601669515,0.5920923458606965,0.6789569501863636,0.7508971267059885,0.663332656677928,0.6861703291828563,0.6869650413092223,0.6861703291828563,-0.14018113602235951,0.9195721312039685,0.9408133533877097,0.9335199698612047,0.9575655908507225,-0.29529621417209356,0.9160786868795343,0.9162307032205279,0.9160786868795343,0.9225637450573456,0.9225637450573456,-0.17907596061307648,0.5919102294970616,-0.3678854029799668,-0.7797613462573039,-0.45836408437557524,-0.4621989318707132,-0.3797447923821285,0.27217207426612583,-0.26073937824413,-0.49221071663769556,-0.7313190112246758,-0.35325676362393277,-0.47541447120775465,-0.4158095817327673,0.13271505439449469,0.130042477356527,-0.48602078960737344,-0.4519229113859941,-0.4805363810613016,-0.5120354294274768,-0.5041862704887693,-0.48301859556481364,-0.48627161347080716,-0.48301859556481364,-0.36424467257858273,-0.5338862106130756,-0.5338862106130756,-0.5020937875246068,-0.5020937875246068,0.40979259664283174,0.368894882182689,0.497663842752431,0.603442518099767,0.5258695778642949,-0.4388444441983909,0.37468221240604044,0.31534931364230473,0.3155205665892551,0.31534931364230473,0.1704610782219671],[0.6770462629028633,0.9810677145803003,1.0,0.6739701295335019,0.6095145956836399,0.6770462629028633,0.6575516552248512,0.6498801601800754,0.6498801601800754,0.6043564012699194,0.5686580141103202,0.9951413738832339,0.6575767580629546,0.6521002113312834,0.6577393753179853,0.41343705432991507,0.3839352120181135,-0.20875493046480695,0.6205422587501241,0.6205348706438687,0.5875191213034563,0.6572627719545266,0.18072978365793674,0.7952309395870422,0.6370860541680876,0.6370860541680876,0.6368595863530507,0.9881973631794924,0.29473663723192395,0.1147370086729685,0.6155783203612237,0.615201770150423,0.6601005215989814,-0.02856836317254831,0.6533700268924166,0.5973894460777763,0.6196619202796594,0.2977782582231373,0.9933996908043234,0.5939279306151483,0.39985762174843953,-0.21789256258705633,0.670296760854102,0.6519746956026914,0.670296760854102,0.8943839996850865,0.4082869048723715,0.9326232524960191,0.9115405992639367,0.7376515719304664,0.22183923926201046,-0.0681777403628503,0.05187136780533328,0.5424888191248051,-0.08475495315006856,0.5988862827213784,0.5693989200837671,0.5892600745034028,0.5533823398817251,0.00815608804232907,0.8021371150449693,0.7364378200820284,0.6527408947223119,0.7421586955504659,0.7666820593194742,0.7421586955504659,0.5453841317917139,0.6525561563941923,0.7052691501888538,0.6525561563941923,0.7075099669546179,0.6820181151696731,0.7328195596767835,0.7762830988026937,0.7328195596767835,0.43097333241323194,-0.08572178099231345,0.44568754226637997,0.09661749358509948,0.42579007423815657,0.264877699544768,0.5007524353326053,0.264877699544768,-0.14619776359491624,0.6267952804785061,0.8861565299254335,0.6959901048689077,0.7774551158720285,-0.06579420465384725,0.6644875805735384,0.6651006670498574,0.6644875805735384,0.7259351375757733,0.7259351375757733,-0.19600489008979163,0.7018915404506849,-0.18389324761873022,-0.7003232322682207,-0.44066205772291384,-0.44413454535616387,-0.42621613848721734,0.10207000815213567,0.020377926176714883,-0.33745280139086686,-0.6802607543068663,-0.17243864422906507,-0.3226060294060338,-0.27493234805528877,0.04364146700687219,0.04249235407604424,-0.4902720051696585,-0.06729338673143533,-0.26109337899365936,-0.5116243078651339,-0.20800664702871105,-0.40690244453338315,-0.2891833312934331,-0.40690244453338315,-0.41977663752598054,-0.5422657253601955,-0.5422657253601955,-0.3084736100041122,-0.3084736100041122,0.35545443076597577,0.20018509976663446,0.2879548137438505,0.5235218242874076,0.29036292189028656,-0.38465900297098016,-0.010805862235367074,0.4586945563328253,0.5590931905302507,0.4586945563328253,-0.010589386435959263],[0.9997392691206227,0.9994917831631637,0.6739701295335019,1.0,0.9989483392514774,0.9997392691206225,0.9938297864603823,0.9908688721369856,0.9908688721369856,0.9946230077672217,0.975509861662904,0.9902732132061433,0.9938558225210186,0.994517631234202,0.9938812525792511,0.7689072846698326,0.6947642650403139,0.26627926533388907,0.994511238798983,0.9945119827793625,0.9857177819074442,0.9938466232907487,0.39026885661905164,0.7538244304939739,0.9849129968636321,0.9849129968636321,0.9848934407165113,0.9814427164649451,0.31134761074462347,-0.1372722406114497,0.9889203181780059,0.988891086324984,0.25921548701694946,-0.20563288238248462,0.9952858150564632,0.9959773898222453,0.8204334617556606,-0.35996699113151587,0.992913696051258,0.9961785880104896,0.7513771242665044,0.24662374554662364,0.9933616773607375,0.995327499539722,0.9933616773607375,0.8952443705211597,0.6419631341496761,0.9205252812939022,0.9190132251945518,0.8199598887826698,0.37316210963027446,-0.18242079220393193,0.2083826310452317,0.9441500746097594,0.3649418353059139,0.9708908121080483,0.9685575634429485,0.9787606943088543,0.9895829849505817,0.9148648660435605,0.9357923446622847,0.9355960431602595,0.9297579060053501,0.9294293078910708,0.930367645107212,0.9294293078910708,0.8823509821015271,0.9139409097830156,0.9150232371821264,0.9139409097830156,0.9234579131584947,0.7441882552161699,0.8656064058760953,0.8670889607216138,0.8656064058760953,0.7055864638216137,0.15765896091251547,0.6904369571263629,-0.5477676546173361,0.6002371560351872,0.3596660722551568,0.5961472186630694,0.3596660722551568,-0.09730453315091252,0.9101084745977293,0.939181891814483,0.9237573125344595,0.9145413947739484,0.25904547958236324,0.905734735401017,0.9066667246590498,0.905734735401017,0.8970721049894042,0.8970721049894042,-0.09779478917640251,0.6099427965552665,0.16010191287159617,-0.6941340660995637,-0.5958843289922797,-0.5994051378016074,-0.14426220371528922,0.12477060987225574,0.19945127778361293,-0.005084242104253032,-0.5655306119203034,-0.024986627241512366,-0.8020373090556369,-0.2951586080151783,0.1531649614942344,0.15499067054652996,-0.5777076297703133,-0.5734193880879587,-0.27722211875763064,-0.5231638861097584,-0.8164520903564652,-0.4063084862676888,-0.39950507874615265,-0.4063084862676888,-0.23056230091994256,-0.34965546151600907,-0.34965546151600907,-0.8025670557817594,-0.8025670557817594,0.4008772707131224,0.62006764596103,0.8452068740213168,0.8326842897629451,0.7497112820219716,-0.3431456170514863,0.7386514711517413,0.7696727680540343,0.7697538411182632,0.7696727680540343,-0.17317147572917296],[0.9980828919013255,0.9959179725814123,0.6095145956836399,0.9989483392514774,1.0,0.9980828919013255,0.997248001919605,0.9958628073670327,0.9958628073670327,0.9974564215084561,0.968734698564052,0.9964262028543486,0.9972662974881813,0.9973401027252685,0.9972906542788624,0.6748502588483651,0.5755922373199671,0.060143347267285575,0.9976839539745934,0.9976848730335709,0.987858537621385,0.9972561933785078,0.0348875326048786,0.7371661502005498,0.9926027907102686,0.9926027907102686,0.9925644440368041,0.9903595414616254,0.08715266141526622,-0.12050454955527178,0.9875005174792346,0.9874327793919213,-0.0333612332313942,-0.10801922709501363,0.9977691899454927,0.997697135928707,0.8133297361814386,-0.478059366692498,0.997603363121457,0.998023888669327,0.6453801916506204,0.0359788318894419,0.9977127788034855,0.9977177437621648,0.9977127788034855,0.9086275470807248,0.6075837949920537,0.9316317787551895,0.919850600265474,0.7973865771862683,-0.07658338414077132,-0.5857024617485795,-0.1742229894378902,0.9342495407194382,0.21949597501888146,0.9675080643940954,0.9675818857457161,0.9815053860397797,0.9901661551761637,0.9139245007086004,0.918969781371486,0.9261733091177093,0.9180928318240741,0.924517636660769,0.9249688424466579,0.924517636660769,0.8598444501893364,0.8744753987780811,0.8757535391025779,0.8744753987780811,0.9130952218501024,0.8324558932010979,0.894788123957567,0.8957216875795189,0.894788123957567,0.668676268314762,0.5600115936231919,0.6583707898010851,-0.559572461036698,0.6498593557318723,0.6308786568155068,0.6308248972355128,0.6308786568155068,-0.10980550715963316,0.8939907081769047,0.9176054501592684,0.9034628242483593,0.9216840645994615,0.1048491008927384,0.8931197145323034,0.8942254906036756,0.8931197145323034,0.8986013270255063,0.8986013270255063,-0.135556354891767,0.6557375843265358,0.014824911720009338,-0.7219272945441124,-0.6411171265243841,-0.6419269385243705,-0.17405224640399306,0.14807269814141874,-0.18751670952082142,-0.24934411156824043,-0.6321941638466844,-0.37966929554415735,-0.8450796783745338,-0.5656959435955039,0.1239756174936625,0.12568164074990718,-0.6023392309362863,-0.56814275927988,-0.5469269446513364,-0.559850733246753,-0.7728668179891144,-0.5974437092451045,-0.6005590493365897,-0.5974437092451045,-0.2671409593687286,-0.38134859664571624,-0.38134859664571624,-0.7420190009613332,-0.7420190009613332,0.389271044629905,0.6038051535367382,0.8016802359988568,0.7930793902733394,0.7413668619826723,-0.46679605082549586,0.6062456879391507,0.6645243121790371,0.6647273885594625,0.6645243121790371,0.053684608702428256],[1.0,0.9999892983027582,0.6770462629028633,0.9997392691206225,0.9980828919013255,1.0,0.9926274577971687,0.9892296552594005,0.9892296552594005,0.9932088848208069,0.9772799026029351,0.9871018176466011,0.9926632313045737,0.99304497521662,0.9927113707631473,0.7696501877673761,0.695899252609094,0.2807468770631396,0.9934877903310771,0.9934882330560214,0.9856247786275342,0.9926634740416905,0.39874123331561984,0.7496167119490553,0.9824735191725924,0.9824735191725924,0.9824545366020596,0.9754943757168455,0.3154979535742933,-0.13126824035277254,0.9895995744363282,0.9895623695848004,0.26699578873227053,-0.20539468543455636,0.9947885132352825,0.9952786321715479,0.8527722482752993,-0.3556428177719857,0.9906281244257408,0.9952668174344806,0.7527864519913371,0.26137316942612265,0.994918636563881,0.9949176735060293,0.994918636563881,0.897440452263998,0.6538521867936615,0.9171336510228639,0.9219209119141336,0.8360917057551903,0.3779150468302634,-0.17766539155010833,0.21355001854611153,0.9493402391788367,0.38039270293301153,0.9752324958900973,0.9713431729093831,0.9808531807751156,0.989711459847289,0.9331569864539068,0.9411701307398226,0.946685980598719,0.9330059885755646,0.9439383597355872,0.9446345623947217,0.9439383597355872,0.8890818733951683,0.9244134530112166,0.9253934119235215,0.9244134530112166,0.9262479120837872,0.7963713893520743,0.8993380497639876,0.900739674719351,0.8993380497639876,0.7124336515444472,0.39462738866446445,0.6987995393409963,-0.5431937710052357,0.6043124834651897,0.6231402419407436,0.6240319565366014,0.6231402419407436,-0.09137640292080594,0.9143918918203456,0.945105063080312,0.9300281380414902,0.9346500431785116,0.27286106958431366,0.9093475705774385,0.9101467834500057,0.9093475705774385,0.9136289656348106,0.9136289656348106,-0.09337390775943968,0.5912377749320213,0.1552411440603697,-0.6850276526901707,-0.5895287942207204,-0.5931236153837502,-0.1329125197903301,0.12899381846864316,0.2058723859684818,0.007430829821287293,-0.5544486914072185,-0.019217742851955488,-0.7968507551815922,-0.28796094644692904,0.16248433177965893,0.16424453949996146,-0.5715847553419375,-0.5768055758256619,-0.27657071083947193,-0.5135842932847603,-0.8152768088180828,-0.4054145256220535,-0.39806557181537394,-0.4054145256220535,-0.22278759340378643,-0.340871828964229,-0.340871828964229,-0.8032451887337583,-0.8032451887337583,0.40984698921325396,0.6309306557414325,0.8529829631972059,0.8402099208184566,0.7566649767327657,-0.3310655690937137,0.7474782608958344,0.7783948261127519,0.7784710100699928,0.7783948261127519,-0.18780039983066008],[0.9926274577971687,0.9848844265496266,0.6575516552248512,0.9938297864603823,0.997248001919605,0.9926274577971687,1.0,0.9976078872354132,0.9976078872354132,0.9999720373847284,0.9632238322327298,0.9996965561793375,0.9999967364017645,0.9999875003293855,0.9999936746526862,0.8468014803774793,0.8335235466759398,0.2336993820783887,0.9998674258623796,0.9998679083523778,0.9902972215401014,0.9999969264617029,0.31091185992479464,0.7497600912643535,0.9863370218295486,0.9863370218295486,0.9874654496126148,0.9919058400306109,0.24405461063687658,-0.1883672373539304,0.9916949702554978,0.9916946979757413,0.1697902727082784,-0.2495387741478595,0.9993675041546196,0.9994841975514412,0.4533214809086277,-0.3033725417674033,0.999110598157211,0.9994522567652965,0.8274799993819131,0.21273980096139464,0.9452224793441548,0.9991278328063806,0.9452224793441548,0.9174830359162508,0.6157239423788129,0.9420950116711847,0.9216850294478665,0.7643142900998113,0.41345100986416405,-0.1205812706626727,-0.18768939260711393,0.9327074682987312,0.3351002122135263,0.9687805194356589,0.9649193886802846,0.9798092476834207,0.995644966619341,-0.014946278649185667,0.881601761217909,0.8438763914282258,0.8864745172274244,0.8387625251684465,0.8038852380699478,0.8387625251684465,0.8245265884320959,0.8088588570910731,0.7983530502313929,0.8088588570910731,0.8803943836666439,0.4171107780356421,0.6147726586445662,0.671639563435301,0.6147726586445662,0.6376284951396317,-0.33611038598779447,0.6117534332640484,-0.6132682386269735,0.5330281377586341,-0.07786067360609714,0.46620878567306306,-0.07786067360609714,-0.1381504505531629,0.8591417988309332,0.8812938147283538,0.867246163693152,0.7795246504599734,0.22529721609929054,0.8580196140091384,0.8593802194514937,0.8580196140091384,0.78201104443876,0.78201104443876,-0.17116236148779165,0.6970636012762026,0.23089261097296823,-0.698778272603468,-0.6349001739394344,-0.6380120602018555,-0.18423677586707357,0.07615038821451127,0.3188768821803361,-0.032388336766633295,-0.5760886452506305,0.039546462312662616,-0.8286127591242731,-0.19198987185594085,0.0903113096070738,0.09219334036015096,-0.6188457551973936,-0.5856540895781317,-0.11234547982753529,-0.5937772075109997,-0.8317526510275771,-0.3975804210862608,-0.23288235345879923,-0.3975804210862608,-0.29735219003206054,-0.38892167024108226,-0.38892167024108226,-0.8237395423401616,-0.8237395423401616,0.38896870155657776,0.5891446705354725,0.5107837786415526,0.8038358028908678,0.7381068230989022,-0.39053829518648375,0.07117878922076727,0.7463700216502206,0.7652577164695396,0.7463700216502206,-0.10949865897695402],[0.9892296552594005,0.9794411861581065,0.6498801601800754,0.9908688721369856,0.9958628073670327,0.9892296552594005,0.9976078872354132,1.0,1.0,0.999588023344454,0.9569968568044022,0.9988191522256011,0.9983344720555793,0.999434364363763,0.9991922572023827,0.8439045966987782,0.8217722437664547,0.21222151367185718,0.9992269691051862,0.9992299276736861,0.9877950341899965,0.9993219683837503,0.2859686092531387,0.751399622766718,0.9931063697711315,0.9931063697711315,0.9857027257828574,0.9894481255622518,0.22682766807176696,-0.2013026252385687,0.9880617885161102,0.9914894052347105,0.151524572869036,-0.25530807731367805,0.9983776502663237,0.9983750500861018,0.43676811658247605,-0.30952240404673,0.9973771460053505,0.9983325765902241,0.8247670332897662,0.19089091002153083,0.9383014561208596,0.9982094614250218,0.9383014561208596,0.9152885967431319,0.601178672202363,0.9425663991125615,0.9197363319742005,0.7450128002558593,0.4009361157061311,-0.1349874563870673,-0.1995725168974867,0.9247850032571864,0.3151545268688735,0.9643243394919877,0.9600793286993566,0.9750347619017952,0.9946392016579791,-0.02389644174064588,0.8725388802788484,0.8302074549241559,0.8796355060134854,0.8261637790575069,0.7929094356168265,0.8261637790575069,0.8142459580511932,0.7925870349441069,0.7862254477814629,0.7925870349441069,0.873754911664105,0.3998447711341929,0.5968891337099206,0.6569382890908927,0.5968891337099206,0.6270359486354219,-0.34973308077915904,0.5995413994902921,-0.6197888806974683,0.5267533595359921,-0.09841863506339722,0.45175338119774544,-0.09841863506339722,-0.14419269257721715,0.8512097353865032,0.8702103788174624,0.8572976251480645,0.7662202836608774,0.2078216736797562,0.8506589192241705,0.8522146808911093,0.8506589192241705,0.767122588813312,0.767122588813312,-0.1850034076490189,0.7184569850245366,0.23738522136480458,-0.7077056086585078,-0.6466306749442503,-0.6495841799089251,-0.19827672713348934,0.06920482970538945,0.31185903147697974,-0.051074328086239025,-0.5880392289068926,0.030343257962754354,-0.833822906245197,-0.19843645199015222,0.07595904226020281,0.07788282570903697,-0.6295371864908742,-0.586418054960101,-0.11908251320949247,-0.609026257842818,-0.830907352461883,-0.4085007009169848,-0.23896341089730921,-0.4085007009169848,-0.31355754606069436,-0.4016738838631796,-0.4016738838631796,-0.821379889770651,-0.821379889770651,0.37165788549439155,0.5732325702279362,0.4929092874192328,0.7867154631553505,0.7261411963489262,-0.41088160631640136,0.057841798392144476,0.7278624885402684,0.7499200298923822,0.7278624885402684,-0.09272363219397164],[0.9892296552594005,0.9794411861581065,0.6498801601800754,0.9908688721369856,0.9958628073670327,0.9892296552594005,0.9976078872354132,1.0,1.0,0.999588023344454,0.9569968568044022,0.9988191522256011,0.9983344720555793,0.999434364363763,0.9991922572023827,0.8439045966987782,0.8217722437664547,0.21222151367185718,0.9992269691051862,0.9992299276736861,0.9877950341899965,0.9993219683837503,0.2859686092531387,0.751399622766718,0.9931063697711315,0.9931063697711315,0.9857027257828574,0.9894481255622518,0.22682766807176696,-0.2013026252385687,0.9880617885161102,0.9914894052347105,0.151524572869036,-0.25530807731367805,0.9983776502663237,0.9983750500861018,0.43676811658247605,-0.30952240404673,0.9973771460053505,0.9983325765902241,0.8247670332897662,0.19089091002153083,0.9383014561208596,0.9982094614250218,0.9383014561208596,0.9152885967431319,0.601178672202363,0.9425663991125615,0.9197363319742005,0.7450128002558593,0.4009361157061311,-0.1349874563870673,-0.1995725168974867,0.9247850032571864,0.3151545268688735,0.9643243394919877,0.9600793286993566,0.9750347619017952,0.9946392016579791,-0.02389644174064588,0.8725388802788484,0.8302074549241559,0.8796355060134854,0.8261637790575069,0.7929094356168265,0.8261637790575069,0.8142459580511932,0.7925870349441069,0.7862254477814629,0.7925870349441069,0.873754911664105,0.3998447711341929,0.5968891337099206,0.6569382890908927,0.5968891337099206,0.6270359486354219,-0.34973308077915904,0.5995413994902921,-0.6197888806974683,0.5267533595359921,-0.09841863506339722,0.45175338119774544,-0.09841863506339722,-0.14419269257721715,0.8512097353865032,0.8702103788174624,0.8572976251480645,0.7662202836608774,0.2078216736797562,0.8506589192241705,0.8522146808911093,0.8506589192241705,0.767122588813312,0.767122588813312,-0.1850034076490189,0.7184569850245366,0.23738522136480458,-0.7077056086585078,-0.6466306749442503,-0.6495841799089251,-0.19827672713348934,0.06920482970538945,0.31185903147697974,-0.051074328086239025,-0.5880392289068926,0.030343257962754354,-0.833822906245197,-0.19843645199015222,0.07595904226020281,0.07788282570903697,-0.6295371864908742,-0.586418054960101,-0.11908251320949247,-0.609026257842818,-0.830907352461883,-0.4085007009169848,-0.23896341089730921,-0.4085007009169848,-0.31355754606069436,-0.4016738838631796,-0.4016738838631796,-0.821379889770651,-0.821379889770651,0.37165788549439155,0.5732325702279362,0.4929092874192328,0.7867154631553505,0.7261411963489262,-0.41088160631640136,0.057841798392144476,0.7278624885402684,0.7499200298923822,0.7278624885402684,-0.09272363219397164],[0.9932088848208069,0.984767986566009,0.6043564012699194,0.9946230077672217,0.9974564215084561,0.9932088848208069,0.9999720373847284,0.999588023344454,0.999588023344454,1.0,0.9622528340019452,0.9996631742816668,0.9999732121494441,0.999972351270501,0.9999765296443561,0.7164157142137134,0.620915977810789,0.11415434070779278,0.9998252191969991,0.9998260531810593,0.9902137394557669,0.9999705488184616,0.08758990634993,0.7280505639382067,0.9954626638161804,0.9954626638161804,0.9954211195097294,0.9918138910260414,0.07328033826169286,-0.13054718310319524,0.9909612219544738,0.9909214632174413,-0.014019740357386368,-0.2103355355239685,0.9994204845138427,0.9993799028964523,0.8180692653499917,-0.47620254900592185,0.9990505128788965,0.9994266589872322,0.6884515469970778,0.09028652948240197,0.9992899259057759,0.9992951951388629,0.9992899259057759,0.9173727204797885,0.6161888320558729,0.941966299789334,0.9213883484477315,0.7638365271335109,0.022644765547257088,-0.5397236498247766,-0.13109842784945538,0.9290946658371083,0.28033361992129086,0.9654039111384025,0.9649359421600685,0.9819167832508905,0.9949379202503106,0.8895234340693025,0.8826759494908665,0.9028159375432913,0.8877026598577167,0.9011347343414551,0.9016799959145393,0.9011347343414551,0.8245975719851947,0.8565178745300766,0.8578504024667051,0.8565178745300766,0.8820205237413746,0.7977523157463887,0.8678757539710308,0.868954501738994,0.8678757539710308,0.6374968980890903,0.4926078799748385,0.6120559330862626,-0.6155115385436262,0.586178948223093,0.5556030560038562,0.5553751234462209,0.5556030560038562,-0.09280292716908882,0.8602008487931788,0.8813017956713439,0.8677464146751074,0.8977962974061461,0.13994785343290134,0.8634624438681584,0.8651566551563812,0.8634624438681584,0.8690657589478864,0.8690657589478864,-0.17276541607052368,0.6978503877432197,0.04149500894745143,-0.7110350579888579,-0.6685293861936565,-0.669829555163941,-0.18770004338668547,0.08001491482383394,-0.19248710790370183,-0.21634715743169164,-0.6155700545546142,-0.40653494207318847,-0.8643802367299627,-0.5997561875836493,0.08981333126264911,0.09167004895345451,-0.6203197161057998,-0.5816490481474871,-0.5574723418828782,-0.5953226611799952,-0.7983127162972748,-0.6209816878551707,-0.6232929302890431,-0.6209816878551707,-0.299534195817865,-0.3926024826702415,-0.3926024826702415,-0.7786131543675993,-0.7786131543675993,0.3894938985006105,0.5875348177195271,0.8125851410324582,0.8046430172585355,0.736201264337837,-0.417683030913687,0.6385665300513313,0.6897093711312376,0.689888826163696,0.6897093711312376,0.12688615719265253],[0.9772799026029351,0.9724575261593671,0.5686580141103202,0.975509861662904,0.968734698564052,0.9772799026029351,0.9632238322327298,0.9569968568044022,0.9569968568044022,0.9622528340019452,1.0,0.9490069570529917,0.9632425964211524,0.9632087226337089,0.9629794769869511,0.5054711413438349,0.40072868083538093,-0.11223221028311495,0.9673486453616392,0.9673284559919858,0.9633493841944871,0.9633414045100047,0.0033888737950898713,0.7662932388107816,0.9647298482185924,0.9647298482185924,0.9648939085501756,0.9021337805283577,0.16880610875574034,-0.11678387427371402,0.9697341803107188,0.9698328079936097,0.13585076543524752,0.03478994104355659,0.9707124805502059,0.9709425836420921,0.8907276248250653,-0.36263772276035217,0.956726049666982,0.9699604948987051,0.4715303639987084,-0.13268566975609083,0.9717468739516096,0.9717166812565755,0.9717468739516096,0.8278677455928208,0.4189979155033946,0.8446670656403226,0.9064399258507241,0.8651607090202676,-0.4974055669009064,-0.6744433795163269,-0.21523685562520076,0.8961163631488358,-0.026213624817138924,0.9235919446565601,0.9236519405404361,0.9409210430827692,0.9680966297794311,0.8913030255289184,0.8928148160408131,0.9063419732830194,0.8942402586829532,0.8996776340306771,0.9001915062649215,0.8996776340306771,0.8516384320732634,0.8317033862603502,0.8331468157582718,0.8317033862603502,0.8896706674572029,0.9032751461416287,0.8876799842159594,0.8881845058008889,0.8876799842159594,0.7167395970689787,0.6523626345102898,0.717622765955203,-0.2862700481403391,0.7329268362763169,0.7478278620668058,0.7499583904727798,0.7478278620668058,-0.25016818621902226,0.8908417077845634,0.9397729294049071,0.9043407267990358,0.9031751252222734,-0.014598017267376322,0.8849457772282445,0.8857590665813866,0.8849457772282445,0.89244330137344,0.89244330137344,0.04209117153772864,0.4135120133179282,-0.12891487331812373,-0.650112085111233,-0.4358827684698086,-0.4383303025814165,-0.05542024557859844,0.4248101925673188,0.02135370296956485,-0.17913479823896444,-0.5379794420368439,-0.09778868148892073,-0.7931994597229716,-0.26200699810482525,0.2948283005968216,0.2948918879262746,-0.40741420293120795,-0.4316861628866235,-0.3722390940950832,-0.3829331144858144,-0.6602046623233382,-0.39194716879711616,-0.39425531980437645,-0.39194716879711616,-0.12240672116852279,-0.43344171702559825,-0.43344171702559825,-0.5399803299896795,-0.5399803299896795,0.5303626578544998,0.6483862492094951,0.7514070247011321,0.6946988790411914,0.8119139673943582,-0.5057648060063406,0.4043165510348793,0.5349701376026551,0.5352950361273533,0.5349701376026551,-0.15261311936652652],[0.9871018176466011,0.9859230016022333,0.9951413738832339,0.9902732132061433,0.9964262028543486,0.9871018176466011,0.9996965561793375,0.9988191522256011,0.9988191522256011,0.9996631742816668,0.9490069570529917,1.0,0.9996962119705983,0.9996922979243072,0.9996662886864378,0.2596524084169646,0.15831015353756353,-0.5146700876805701,0.999809741718469,0.9998116033054887,0.9997003325274972,0.9996993911041989,-0.25606544168993545,0.9732439495513258,0.9949209091544847,0.9949209091544847,0.9949023396595343,0.9937362606244193,0.08514887319714423,0.07598775197691222,0.9920351638725332,0.9920821791962581,0.8384999406603054,0.007226852000760424,0.9990895507300012,0.9990477801207176,0.9989297935142493,0.9994140634347719,0.9994542079272787,0.9991280969057547,0.2056382136354442,-0.5226429541153075,0.9988804193700201,0.9988874005892748,0.9988804193700201,0.9119550943102188,0.45676166025293047,0.9378796814866937,0.9180865087242653,0.7640994146177563,-0.404244165464378,-0.5995191955541278,0.8229604126820593,0.8515071259217829,-0.34214636821609046,0.9350811690323302,0.9352826468729587,0.9704796611688138,0.9938317415094238,0.9020974117312897,0.9080159819316442,0.8854942001346088,0.8889501160225496,0.8905809959556207,0.8910910317956464,0.8905809959556207,0.7818137925830435,0.7504592130212877,0.7523087301671991,0.7504592130212877,0.9090625816241299,0.9147343233971686,0.9078487722151323,0.9087762282725096,0.9078487722151323,0.536167654054021,0.4781719124419771,0.5733187249381715,0.6617523760422281,0.565262159361927,0.5936653032550713,0.5956004442441845,0.5936653032550713,-0.3165832302144139,0.8520846146982238,0.8837010924985864,0.8719134120603982,0.908748540530072,-0.3219514967496207,0.8475868823787258,0.8478027213420565,0.8475868823787258,0.8564242316206547,0.8564242316206547,-0.22462828807488489,0.6912342689351828,-0.38965829129185314,-0.79835678168058,-0.5324944100268025,-0.5353751197359098,-0.4235187167896058,0.22435287432129009,-0.30133140465003994,-0.526361590134858,-0.755822302074964,-0.3987512227544598,-0.5918362930688204,-0.47168503769721415,0.08163163048291974,0.07946074008419272,-0.5556858668348955,-0.5273011010239272,-0.5484640190455117,-0.584329977087026,-0.5778517098681275,-0.5519975322490323,-0.555067764358751,-0.5519975322490323,-0.43397267580485166,-0.6247653077200356,-0.6247653077200356,-0.6174504270099509,-0.6174504270099509,0.38561011508240584,0.33867856791539996,0.4736822391255406,0.5762602878492182,0.525551212254391,-0.5730490078941515,0.3135378418091386,0.2866422457290823,0.28686175731419383,0.2866422457290823,0.25006163147186367],[0.9926632313045737,0.9849257593375303,0.6575767580629546,0.9938558225210186,0.9972662974881813,0.9926632313045737,0.9999967364017645,0.9983344720555793,0.9983344720555793,0.9999732121494441,0.9632425964211524,0.9996962119705983,1.0,0.9999909449063481,0.9999952947522787,0.8467747040993473,0.822539252510834,0.23373774820207036,0.9998686013773527,0.9998690410243032,0.990328607324568,0.9999974955585929,0.31119817443034076,0.7498219399559989,0.991308714004391,0.991308714004391,0.9874574901665607,0.9918934345859359,0.2442918762386062,-0.188321838763476,0.9917351153586783,0.9917025639373577,0.17000302450310686,-0.24951118239843714,0.9993688780878861,0.9994868512376929,0.4533028629070115,-0.30316867423718247,0.9991124384402368,0.9994591768848002,0.8274412797943677,0.212784238107173,0.945209981189247,0.9991296245233338,0.945209981189247,0.9174992298821424,0.6158520732672814,0.9422424767727127,0.9218340095415458,0.7644183546633966,0.41381130734282595,-0.12016604017661568,-0.18734158068963488,0.9327703459107809,0.33515379940859735,0.9688605425807165,0.9649687550088096,0.9798875763814208,0.9956570546044483,-0.01476248367091404,0.8817393434603529,0.8439661807161498,0.886587709205798,0.8388509803849769,0.8038371788699641,0.8388509803849769,0.8246256380204638,0.8089143132235534,0.7983008570800062,0.8089143132235534,0.8805353465101947,0.4170045919524899,0.6147817691286794,0.6715644674945492,0.6147817691286794,0.6376061735368317,-0.3361250868494587,0.6117504841775525,-0.6131632348563217,0.5329534295744327,-0.07797810435609631,0.46624551969295863,-0.07797810435609631,-0.13828813983170682,0.8592238993632765,0.8814196655098955,0.8673437366268035,0.7795208828762175,0.22533965189442917,0.8581047012242997,0.8594608161053712,0.8581047012242997,0.7820777982292519,0.7820777982292519,-0.17109875483162534,0.6970843126985744,0.23099921069395127,-0.698824549092789,-0.6348187860253564,-0.6379355445012496,-0.18432015421194467,0.0760432760565409,0.31903174126165884,-0.03238590694402323,-0.5761565005918873,0.03978446215325033,-0.8283684046858052,-0.19172331984409816,0.09038330842210543,0.09227904897801102,-0.6188272533000366,-0.5854544540763045,-0.11212008022651593,-0.5937378224986133,-0.8316482946014045,-0.39737536965509535,-0.23269644840708403,-0.39737536965509535,-0.29719849257145836,-0.3888938619090868,-0.3888938619090868,-0.8236843128062784,-0.8236843128062784,0.3894198999033146,0.5892528926409272,0.5110114803193965,0.804067607790784,0.7381526823139982,-0.39034799404559145,0.07144474881570068,0.7465987990727028,0.7653595137231589,0.7465987990727028,-0.10952273762940586],[0.99304497521662,0.9848508259659208,0.6521002113312834,0.994517631234202,0.9973401027252685,0.99304497521662,0.9999875003293855,0.999434364363763,0.999434364363763,0.999972351270501,0.9632087226337089,0.9996922979243072,0.9999909449063481,1.0,0.9999884153207548,0.7783263416780204,0.699799253552439,0.2354916269071181,0.9998911261901675,0.9998917879399425,0.9903196655328217,0.9999884000136412,0.31204524017795193,0.7462560458517237,0.9942155951066871,0.9942155951066871,0.9941817949719457,0.9918372024861243,0.23851919520402876,-0.18866778560636613,0.9921111864825917,0.9921161424529077,0.19273062827679396,-0.24882330760816204,0.9995402420655658,0.9994866688627753,0.8537172086638575,-0.3920588684113189,0.9991071074275292,0.9994624451446212,0.7574035362231915,0.21457079111088484,0.9994366740142374,0.9994412913932912,0.9994366740142374,0.9174143869825165,0.6159561690768259,0.9420153339180998,0.9215284391281678,0.7635772167326565,0.29467918859788067,-0.2894039923979476,0.11383956752932424,0.9326756961849937,0.3357609390994456,0.9660738605695012,0.9649492811183195,0.9785076050513618,0.9958870136496405,0.896164460664422,0.8810532220718836,0.9078212510426334,0.8865635913245843,0.9066796067589308,0.9074551004998881,0.9066796067589308,0.8239396743438991,0.8755936340380471,0.8769196920131186,0.8755936340380471,0.8804063483740491,0.7807195035629787,0.872499803433815,0.8739664080005395,0.872499803433815,0.6365043764158634,0.49006574232437794,0.6106175628036635,-0.6147618196034428,0.5317551507864818,0.5340364037410781,0.5349139673004167,0.5340364037410781,-0.14014530253902413,0.8591245488584547,0.8808606148796211,0.8666364151033289,0.902730484622227,0.2274781859607721,0.8580751332675028,0.859433380922657,0.8580751332675028,0.867580556171844,0.867580556171844,-0.17165480404922004,0.696393193392332,0.1413243482873586,-0.6978768259101218,-0.6342710093176063,-0.6373765954176845,-0.18377152422885432,0.07504518700457698,0.09324744338217107,-0.03092647605229385,-0.5748720252592555,-0.14781370317760584,-0.8390563692796925,-0.40957921686159954,0.08987867637418523,0.09176792469358257,-0.6186762586876039,-0.5846976336645531,-0.40238384117395126,-0.5933400722654721,-0.824619731155811,-0.5145468225020527,-0.5104124876618814,-0.5145468225020527,-0.2964926866708107,-0.38896933031875053,-0.38896933031875053,-0.815307143560097,-0.815307143560097,0.3880533756814844,0.5892263274158149,0.8203057863073265,0.807606022848372,0.738461346098061,-0.3899161406407368,0.7009928771718541,0.7346332754567524,0.7347269735666295,0.7346332754567524,-0.07697770807024608],[0.9927113707631473,0.9847761203285211,0.6577393753179853,0.9938812525792511,0.9972906542788624,0.9927113707631473,0.9999936746526862,0.9991922572023827,0.9991922572023827,0.9999765296443561,0.9629794769869511,0.9996662886864378,0.9999952947522787,0.9999884153207548,1.0,0.8375829149902534,0.7764954853696336,0.23387279345169015,0.999871384499533,0.9998717070748763,0.9904571343661693,0.9999952418315174,0.3118549381337922,0.7496677688056168,0.9944095562555809,0.9944095562555809,0.9943205670507316,0.991826512473501,0.24456803701824315,-0.18834768038376407,0.9926164526562596,0.9926585346149983,0.1707302726554254,-0.24934700416426395,0.9994135913253847,0.999486189995956,0.45236114813439215,-0.3024379922267907,0.999071949835668,0.9994615422693743,0.8250782400467196,0.2129406687478328,0.9447818629133459,0.9991793898354985,0.9447818629133459,0.9177368705395061,0.6164908237548358,0.9423883340831511,0.9219611143686355,0.7641699093259313,0.4151145362967758,-0.1187031369909127,-0.18756211809709425,0.933093931705321,0.3354177408785139,0.969234692427003,0.965257460892887,0.9801373167834625,0.9956971468732627,-0.015738968916143268,0.8819822003623318,0.843876063128515,0.8867924133910416,0.8387920304597942,0.8034169236793723,0.8387920304597942,0.8248073163190122,0.8088473896717239,0.7986369468456125,0.8088473896717239,0.8808158115242075,0.41635901854132257,0.614312319158371,0.6715576080444036,0.614312319158371,0.6374791633797042,-0.33723434733899965,0.6117038048647966,-0.6133522366685675,0.5326223483431358,-0.07892416895524122,0.4659154960810893,-0.07892416895524122,-0.13824847688213743,0.8593421107676995,0.8811931241518474,0.8674704998121188,0.7722363865076936,0.2257096082847836,0.8581858616864332,0.8595326012445239,0.8581858616864332,0.7818922505619612,0.7818922505619612,-0.17240298046602365,0.697857572790109,0.2314778030980626,-0.6987971188413437,-0.6351628089972461,-0.6382841645203856,-0.18535166614346082,0.07492841638325953,0.31935276772399523,-0.032760402985315844,-0.576336649288378,0.0398863441762963,-0.8276285995140307,-0.1915529027377372,0.08948033080807481,0.09137584695887997,-0.619386304003865,-0.5856563879062203,-0.11156567545721266,-0.59481853493483,-0.8316731912787759,-0.3973130527057361,-0.23216629028541652,-0.3973130527057361,-0.2980449079578057,-0.38931163358718984,-0.38931163358718984,-0.8240258408380489,-0.8240258408380489,0.3896094215548144,0.5889302685222646,0.510545389946748,0.8044904041262885,0.7376253698922617,-0.3899304542247982,0.07082441083814064,0.7470067136621038,0.7659644215283107,0.7470067136621038,-0.10925211445432802],[0.7696501877673761,0.1525245502934237,0.41343705432991507,0.7689072846698326,0.6748502588483651,0.7696501877673761,0.8468014803774793,0.8439045966987782,0.8439045966987782,0.7164157142137134,0.5054711413438349,0.2596524084169646,0.8467747040993473,0.7783263416780204,0.8375829149902534,1.0,0.9931208015492364,0.4195057871328393,0.8182526694200754,0.8182211214573298,0.7491439328065734,0.8364425452931701,0.3322466592446942,0.4129482107346599,0.8298326677218627,0.8298326677218627,0.8158861882020011,-0.14081814429155973,0.1945124683526267,-0.16991926851506767,0.8680506830023972,0.8653979517782192,0.15647719702694274,-0.23236652692777363,0.8428213039330669,0.7395930323963271,0.271774116270211,-0.31814370956805943,0.27505799646534856,0.7090082645494562,0.9983723445342075,0.40206386945284883,0.7688624754706795,0.8425349655106187,0.7688624754706795,0.23132941357847722,0.5447321534549893,-0.1915767169846011,-0.2124294864098503,0.10416965230403655,0.39954535677067843,-0.05903853821949047,-0.21051958166226417,0.7251327526828032,0.4016047211871373,0.8401570024118149,0.7278850724784238,0.8093046917026575,0.8271144172303462,-0.1021323015926677,0.18209901922982966,0.5973004960854963,0.4732678641782971,