var element=document.getElementById("correlationAdjClose");if(element.style.display!='none'){var correlationAdjClose={"data":[{"type":"heatmap","z":[[1.0,0.9999954639769207,0.987682519526875,0.9999420754652327,0.9992418336603581,0.9812936771489145,0.9979125976685189,0.9966763779170376,0.9722084780284119,0.9967673752241644,0.9950803019543758,0.9943500547478659,0.9967487749099921,0.9967134292075616,0.9979175368328543,0.9983024423347426,0.9983573498865271,0.9971240546039397,0.997135367277336,0.9970247095844962,0.9967316799570526,0.9893079390089329,0.9740234573205623,0.9918613602405826,0.9581129922727097,0.9910993101230927,0.9902289411549604,0.9708821945588447,0.9550786680499075,0.9912790892321196,0.9931770205358567,0.9932786827646054,0.9814549554721566,0.997833117517732,0.9978682078648182,0.9977591582759475,0.9968619527087471,0.9958009652349294,0.9977910576761284,0.9986437950220807,0.9986710565631856,0.9978496567048635,0.9978588344086232,0.9784763201797855,0.940841411207972,0.9614958632212841,0.9585284812570133,0.9569113373938856,0.9395823154170768,0.9668578518995969,0.9564314598072868,0.9687898341370704,0.973103399096967,0.9619400989797813,0.9853273324173765,0.9839729584151891,0.9917718974087169,0.9935524087009124,0.9891783417488069,0.9856859749060175,0.9886967014585557,0.9885028340087785,0.9892546432981834,0.9891855044430015,0.9516073318993881,0.9797089140722015,0.9766598825813774,0.9765227709081513,0.9324198286127969,0.9851658196619183,0.9817054364437394,0.9879425915227985,0.987413795742535,0.9470615816833504,0.9118617671764249,0.8869361008541572,0.9253473240336672,0.9392665535189052,0.9380702136854383,0.9376995660751846,0.9367763712606362,0.7701614036753451,-0.49572736997572014,0.9822638323476863,0.9790780693318888,0.9768367530393325,0.9897254606762577,0.9747431226681708,0.9854231042579887,0.9854450472086821,0.9433563349064668,0.9864451749517116,0.9451235679949846,0.8344453972127606,0.9326580770824683,0.9440062769210186,0.8501977671987548,0.9612852339871631,0.9618607008651153,0.9044032776926164,0.9713913483772126,0.893256798704327,0.5448329618348373,0.739070960920933,0.9009297893645147,0.8754599884270131,0.8925846712249424,0.9776533874815181,0.977775392807701,0.7943205835691243,0.77148096389484,0.8233679728051002,0.503758355406838,0.8123615290316879,0.8273424705626967,0.8223867072939445,0.8172059408887883,0.8093991072501093,0.759585002749096,0.745829890230467,-0.3189740121922568,-0.4583456635750488,0.7837937096801478,0.8970901945318766,0.9275228359368705,0.9431480525826668,0.9085456520011786,0.8427400808994528,0.9126731948338739,0.9220293026460353,0.9218574867908722,0.8632946450539892,-0.09491138352846118],[0.9999954639769207,1.0,0.9922193969054178,0.9998880306684611,0.9983892153429625,0.9895703977355719,0.9945298647286887,0.9928203049560426,0.9897176175583616,0.992819802949442,0.9928561777860001,0.9938022470363065,0.992877062367264,0.9928548190725667,0.9946950754255443,0.9966233865391471,0.9960615320122824,0.9943181121631548,0.994326143508284,0.9928474728773141,0.9928907914926085,0.9939118380858983,0.9812626987042575,0.9907075881470926,0.9827801952855156,0.9908016164339338,0.9902135649700683,0.9828788968506207,0.9466148964983415,0.9901026613150892,0.9886949906827982,0.9853650943736199,0.9536060133504701,0.995423325770218,0.9954033256776605,0.995645970407272,0.9931384023307325,0.9953283298575941,0.9956673018225151,0.9968281175873539,0.9970052343874402,0.9956478304081944,0.9956598646113524,0.9926814097256604,0.9406818520773028,0.923628862708123,0.9585035371377784,0.9569987602054987,0.9395770312239574,0.9163592297708373,0.9465535293776245,0.9178534393947819,0.9422624682657162,0.9165505505808362,0.9664110301235423,0.9664072365700344,0.979004180728136,0.9857415099717793,0.9871319188041633,0.9880462271152447,0.9819557961695508,0.985902339148736,0.9829530390330253,0.9828669179731959,0.9496185699575996,0.9707918498288953,0.9401054031603406,0.9399246715494595,0.8806228429739311,0.9857740983940424,0.9866748814900471,0.9868197884961138,0.9865422590878896,0.9648214150355184,0.8532481068706987,0.8301656771297413,0.8899242371702845,0.9329347207253986,0.9038349887068702,0.9187193347208606,0.9179719090813665,0.830753764237966,0.02282018416767423,0.9763431693348105,0.9779265389373168,0.9760964070801011,0.9874313741130388,0.9720316082319,0.9781804717813626,0.9777074807382058,0.9416262088895141,0.9790289572174575,0.9425884504171372,0.789826507458907,0.9324656687345837,0.9344951352151133,0.6685263147667506,0.8854346781981685,0.8885488553800732,0.7872875294111548,0.9702271533237096,0.763292251241798,-0.3473668194158184,0.3060609222904717,0.7872627213235335,0.7413287159625241,0.7804035549864746,0.9717109157980559,0.9717184356280116,0.28181071096100463,0.4530959474913872,0.2897631746312958,0.2608433060935593,0.28224388285407054,0.2937813826102919,0.29073153265228274,0.21094790925261947,0.6217618232758925,0.35778508227022937,0.30837126579094803,-0.4426693208562886,-0.4936857727937904,0.7840335005404456,0.793310223456961,0.8129901185298335,0.8792356760608641,0.844409690117405,0.6759428542222485,0.8198026555333079,0.8098678681200632,0.8090423307654888,0.5077570343052001,0.29509153012918815],[0.987682519526875,0.9922193969054178,1.0,0.9888067729679785,0.9938006408419656,0.990938105457003,0.9892189137230903,0.9900930559745885,0.9915363949355182,0.9926706960935401,0.9965570946717199,0.9959317100957974,0.9899284748125625,0.9901406132665167,0.98975052759246,0.991029084812767,0.9900100329720954,0.9887846927300827,0.9887552881953168,0.9915965589031482,0.9899678314833851,0.9957742382461033,0.9865532151041263,0.9918705520293735,0.9806523020510489,0.992517026207672,0.9904048287676173,0.9875746583368741,0.9635681784952992,0.9679839935610002,0.9725082851985705,0.9781885549594566,0.9617150233360152,0.9867256409014903,0.9899254746647913,0.9883008502124965,0.9916858026313483,0.9950364796910038,0.9908210415079785,0.9850790871025104,0.9882121508456013,0.9871754427690177,0.9865725502019587,0.992989194094152,0.93731799387712,0.9483546334624967,0.9633761555175699,0.9506800088409778,0.9105253452901861,0.9262664015163115,0.9157137598396606,0.9292605259434386,0.9422328290570986,0.9249883555386231,0.9524461676806028,0.9634878904075124,0.970066134892131,0.9758619613399225,0.9505301538724718,0.9734498926543588,0.972032569368123,0.9775974720691545,0.972227009293833,0.9508748876813486,0.9336421961234974,0.9602483771970759,0.9510313667479822,0.9358486936744811,0.9061911348019049,0.978114256965837,0.9597327942481871,0.9707061954201295,0.9519240405807557,0.8705882528081041,0.8881710458066144,0.8143654277727654,0.9020734139911699,0.918991506777934,0.9217258885857755,0.8903264990946537,0.9041932695814311,0.5234836757170159,-0.47432995352443175,0.9697642347164107,0.9606763245314927,0.9599244793585928,0.950413017338374,0.9645055224760349,0.9719124157134235,0.9716712754854634,0.9403435865773282,0.9682725961549008,0.9051302979015763,0.8219728704985879,0.9614545678050038,0.9617814324070725,0.8373695302562565,0.9501017465846981,0.9514044761670031,0.878062899927311,0.980708560621519,0.7739349196238939,0.45050906780307465,0.6870256615490886,0.7985173704102195,0.8045774693836842,0.779317334784631,0.9820519349903161,0.9820230246572575,0.7301777727022775,0.7263987919807151,0.7091449841727043,0.46059531905160395,0.7176678462720646,0.7176940284340564,0.7210694264654828,0.7192010868069211,0.7776425520937629,0.7012222849565266,0.6867311560523246,-0.3705748665280162,-0.5098034744588499,0.7603010355761536,0.8635968311389075,0.8744246489360289,0.8917574010199174,0.8838249381569565,0.7835335284609704,0.8611575980059221,0.8661816600427343,0.8716597381958361,0.7467968537810239,-0.019936400281573816],[0.9999420754652327,0.9998880306684611,0.9888067729679785,1.0,0.9994317068788039,0.9822773562335145,0.9980838169399425,0.9969963684454186,0.974029431516622,0.9971336000351768,0.9956650865633815,0.9950798201530366,0.9970534876707383,0.9970329849689231,0.9981175000193532,0.9985671656915286,0.9985529980202947,0.9973992852165883,0.9974079253805319,0.9973332977844843,0.9970398116492604,0.9903025712436687,0.975212986621511,0.9926481326778238,0.9602525138657436,0.9919743153603798,0.9915072976578313,0.9725580863437594,0.956107735576165,0.9906476776017092,0.992698768253606,0.9932000058256707,0.9811261188560464,0.9978678508562027,0.9980182394605409,0.9979167762972427,0.9972147111017119,0.9962151397386908,0.9979733792882177,0.9985322724156814,0.9987231144822307,0.9978824612101032,0.9978888368787037,0.9799935361416158,0.9383007798515052,0.9598293056327816,0.9581346108229112,0.9550354615193498,0.9351719382251519,0.9642889818183541,0.9535669838888674,0.9661489716887509,0.9711307318502382,0.9596522316970314,0.9834840113581653,0.9827536547289041,0.99100674518277,0.9933096551619836,0.9880925053159445,0.9847961623074849,0.987799218175149,0.9880351443472154,0.9882929420438583,0.9882193638037331,0.945172897767019,0.978752719591018,0.9756722047910052,0.9755333911085554,0.9292338265082307,0.9847910249127724,0.979567690937191,0.9868505816749359,0.9862966171300174,0.9328938939757023,0.910852491518555,0.8842433957124796,0.9241165241033497,0.9371658254518563,0.9377524537620688,0.93586698867913,0.9349775447571231,0.6990965007082439,-0.4950722517679686,0.9816350719776907,0.9781280719515082,0.9756917302980443,0.9886441551457865,0.9742935236420779,0.9848859422009496,0.9849082901965527,0.9431503928941309,0.9854051007563526,0.9353566429446911,0.8371805802804344,0.9364398437665563,0.9471808644283569,0.8515095386843504,0.9622832451838353,0.9628818303126137,0.9039948434355504,0.9723434536226662,0.8873514114100778,0.5413287949794439,0.7374741844081415,0.8956319682458276,0.8717988388822168,0.8870175724809147,0.9783048319237916,0.978430494215864,0.7932213333928438,0.7716355583703007,0.8156222243579747,0.5050990906985457,0.8064410364247147,0.8193321737363644,0.8143093441094013,0.8118261935030648,0.8112668140100576,0.7594889285062124,0.7457950089811365,-0.31440201350164826,-0.45763604088951293,0.7826459247170245,0.8956423192011383,0.925741453089988,0.9414153367532007,0.9076425764998378,0.8403142442533141,0.9107727629790688,0.9198747695051354,0.9198520751580403,0.8568809735110248,-0.08821842411089326],[0.9992418336603581,0.9983892153429625,0.9938006408419656,0.9994317068788039,1.0,0.9840332808096383,0.9990010916805881,0.9986689634749705,0.9840985987291927,0.9986667425559735,0.9983514778331235,0.9982809394708199,0.9986758649102035,0.9986975950447338,0.9991474909912675,0.9989791212826941,0.9992781273912748,0.998890467600212,0.9988908634148069,0.9987246934568421,0.9986815131183873,0.9949731857738482,0.9814232072713962,0.9957268695268965,0.974143918813435,0.995731532225423,0.9934646308712372,0.982741585436271,0.9581202887776612,0.9890737156784282,0.9917985769763447,0.9911446565937664,0.9750594995996418,0.9988517151474061,0.9989263347760431,0.9989752734965611,0.998800050787177,0.9987443425239871,0.9989345628866348,0.999003674553258,0.9992094084042562,0.9988940678335729,0.998894519897418,0.9877719302078546,0.945410911570735,0.959199007704774,0.961294475726208,0.9525563069912291,0.9303185071313543,0.9565186759586548,0.9529858500158517,0.9604775573950544,0.9665940744524741,0.9556417587612033,0.9828867891045738,0.9828425014502296,0.9916921006248133,0.9934225214905826,0.9845990113807431,0.9790554351810465,0.9818922022870025,0.984486215519753,0.98239270908381,0.9822822453529175,0.9415427371009457,0.9714855758324931,0.9598413914068884,0.9596539543344659,0.9036345430050196,0.9820361835985809,0.9784128053601134,0.9834500322761727,0.9827913920216806,0.9448519229317233,0.8949617967257386,0.8680826565264897,0.9114472899704008,0.9416776078162244,0.9305529126253469,0.9356455887001404,0.9349817076903636,0.8156914780138201,-0.4671293083666123,0.975914394977309,0.9684874553763543,0.967108966129314,0.9853026331626644,0.9651003759816206,0.9790182009972164,0.9787992646105113,0.9351140951955532,0.9798798419515499,0.9359523169490803,0.8289974594336172,0.9481969398275847,0.9637161553277513,0.8252172138282745,0.9533360495295475,0.9544058983775789,0.900745277793462,0.9765206838792947,0.8952608189490197,0.3771333198241897,0.6912137833657371,0.9012586613270304,0.8613149802456215,0.8980308052665772,0.9817535895990406,0.9818527900628621,0.7656406831414553,0.7593016981497711,0.7692919845621098,0.48695248427259197,0.7349702577895698,0.772928442752548,0.7692890848098036,0.736244137325766,0.8020837480030437,0.7488993720352162,0.7343447772922344,-0.5022206168435387,-0.5848750945886159,0.7756870648390246,0.8931495892733424,0.918075261412534,0.9421882143866221,0.9082603475193893,0.8299317608069516,0.9098924462895432,0.9138999844799682,0.9134861060349885,0.8065374715168723,0.12215286970781293],[0.9812936771489145,0.9895703977355719,0.990938105457003,0.9822773562335145,0.9840332808096383,1.0,0.9766773510318162,0.9784281745353388,0.994426548074421,0.978010031087433,0.9752081156958783,0.975146240606583,0.9782031499632251,0.9784897933868163,0.9782348479652032,0.9824949601289195,0.9789647042848169,0.9786584200186508,0.9786236551756285,0.9773922869115385,0.978327754066436,0.9930413901718292,0.9943325593523954,0.9823732064102868,0.9895887881527818,0.9830547231835771,0.9804492669065733,0.9896111504545474,0.9777836074283617,0.9520822304647778,0.9588404350407786,0.9712343912275009,0.9658171886081796,0.9763940402109096,0.977080413346199,0.9779183515436466,0.9792384388187984,0.9762747981789489,0.9776890243400921,0.9760510064414734,0.9780559741162237,0.976801272742281,0.9767756269796094,0.996515593147798,0.906428467890706,0.9389867494021357,0.9512328969466237,0.9583478951143125,0.9247057456352203,0.9177687813143143,0.9149103104219586,0.9210806770933466,0.9431305632820275,0.9205264201188705,0.9456941739994613,0.9533566055617854,0.9594629245163014,0.9614933811765497,0.9741109013996723,0.9901635252646335,0.9786443292462099,0.9868817828819774,0.9781847661451237,0.9777534111519082,0.980105755692843,0.9778298116670775,0.963290472021366,0.9629390987526487,0.9555914697116267,0.9851971776606215,0.9787370481195251,0.9742445999535159,0.9733260418456207,0.973912537717747,0.9282273664536741,0.8925841855300151,0.9403974408733339,0.9363838484229801,0.9455652968011162,0.9273949914747684,0.9256616981432171,0.8141143331097689,-0.41867566154700925,0.9866520438423593,0.9890523304479787,0.9860182032492443,0.9748365849305403,0.9813754449037572,0.9849893465074175,0.9846664260045919,0.9749519560988922,0.9757778572510107,0.9746434246215964,0.8347493485520117,0.9116840310782237,0.9625227315351615,0.8665735656331052,0.9469200999980201,0.9477701127226741,0.8600879081114877,0.9559106227804297,0.8218476475016253,0.44900265241858756,0.6943068798016557,0.8321695233087464,0.8146441929005133,0.8225058816583826,0.9545311135580528,0.9544697854675132,0.7390283292899577,0.7419361127757831,0.7409348767818809,0.5055726741286548,0.7454654807997941,0.7457591663057592,0.7395066052440199,0.7400269392623962,0.7837855389532612,0.7099166797389592,0.699389907048384,-0.3386118448751548,-0.466502851306086,0.7930433485464888,0.8534134753406507,0.8555655125606052,0.8824648956160998,0.8597127665872271,0.7953171529071879,0.8463448989746777,0.8493362167268147,0.8492756124214247,0.7994488058054869,-0.03778137019926426],[0.9979125976685189,0.9945298647286887,0.9892189137230903,0.9980838169399425,0.9990010916805881,0.9766773510318162,1.0,0.9978364080202898,0.9559261290463421,0.9996725239068214,0.9996598880590525,0.9996944951686558,0.9986478063949688,0.9993105932737437,0.9998963229169675,0.9970979968728462,0.9999067076141336,0.9994811409217118,0.9994859639925954,0.9997583028152902,0.9994315503009399,0.9903232382365028,0.9733906222369558,0.9870088111136028,0.9250621318120787,0.9940454113906213,0.9934387243804863,0.9724171318778637,0.9497762895515047,0.9914473340635932,0.9922589959084338,0.9944309397569066,0.9788076452610298,0.999157984595301,0.9998770623452842,0.9997591294501066,0.999533912865786,0.9998133901631189,0.9998655900014062,0.9987446390634026,0.9997702433997683,0.9994856332842703,0.9991951099494675,0.9781406124166293,0.9504208546898771,0.9608279827468492,0.9624977759918403,0.950817367746407,0.9277643328763175,0.9614097429825494,0.9531652943693146,0.9638132231152855,0.968733097816614,0.9596869242978792,0.9835323115735991,0.9841715255216196,0.9929912529531366,0.9962947177311952,0.9584482160925977,0.967139096011128,0.9748112989043327,0.9763476258513647,0.9762225224747059,0.9584625419971059,0.9053777920449289,0.9623503160458752,0.9635034992229415,0.9502419164183511,0.8869338919250158,0.9729807024635495,0.9518831093478695,0.973590833781419,0.9587673249585912,0.8273990858750546,0.885235208848212,0.8245142477278887,0.8978869570345648,0.914499788415601,0.9185407212056823,0.9008387046853203,0.9111743380929938,0.46617938279960003,-0.5327717687891362,0.9663034715961301,0.9548412609256812,0.954449695409653,0.959620288005568,0.960030351036861,0.9720192687567971,0.9721289740122352,0.9219273513327435,0.9712001148650553,0.8708662819016033,0.8228569884423238,0.9489203554730574,0.9446682963943561,0.8375402239562831,0.9600609998959102,0.9607707016220297,0.9057533428013917,0.9764213581988618,0.8334538313480251,0.5426681074533789,0.7338288820762282,0.8589276397583263,0.8561715761337653,0.8403651947897176,0.9825672734505277,0.982726383981681,0.7883180927738228,0.7578017024727646,0.7822216963390655,0.4805978171988355,0.7882261650355875,0.797271633855167,0.7865287944423455,0.7974515604628952,0.8006854219012962,0.7564937045791313,0.7409430915165732,-0.32464372229592886,-0.4760796873062509,0.7831099323438534,0.89874515122686,0.9211077647906599,0.9440867724043118,0.915670096764692,0.8431089463431818,0.9126101821250373,0.9265706774733092,0.9248043694223489,0.7900537298755473,-0.06462377630945848],[0.9966763779170376,0.9928203049560426,0.9900930559745885,0.9969963684454186,0.9986689634749705,0.9784281745353388,0.9978364080202898,1.0,0.9660927074530054,0.9999998496786008,0.9999994275902649,0.9998141439439213,0.9999971476965394,0.9999984066291179,0.9994281295139913,0.9927024830357106,0.999549748432342,0.99992047424727,0.9999201682899272,0.9999702214583689,0.9999988942959055,0.9910207471658562,0.9754005788044584,0.9934011553435361,0.9387638025571212,0.994554789382425,0.9922131836058605,0.974709849035105,0.9500266386705016,0.9878825897205152,0.9937869870270013,0.9932191835330163,0.9764342602861995,0.9995161980595104,0.9996356021926,0.9997232189577431,0.999777287645334,0.9994155112003228,0.9995888961250647,0.9984740028041905,0.9990325880263354,0.9995916476953984,0.9994728680920348,0.9800009244833855,0.9504046653444745,0.9588872212430972,0.9651788447566558,0.9507658927802497,0.9208696350576292,0.9597061478141112,0.9492506564965286,0.9618227383201452,0.9642692010196053,0.954628543805322,0.9816618997177784,0.9817363577340457,0.9921007660578315,0.9965266497028193,0.954644296297084,0.9647828804199275,0.9706836131406332,0.9745089895166872,0.9723857921766971,0.9573055617936282,0.9019645202849781,0.9593964814879317,0.9591018062477499,0.9464404641505542,0.8806441256411939,0.9713176947602336,0.9474270249926061,0.9696800259889752,0.9552200987610119,0.8192639587491308,0.8807932264823755,0.8214870511483703,0.8931822473403388,0.9097180313550559,0.9159087309005548,0.8976923918847001,0.9063797426831538,0.45327128311276366,-0.5347740514404339,0.9638715675901481,0.95148744987406,0.9510141061743284,0.9581219836683854,0.9577561752408362,0.969701446473339,0.9698127560309261,0.9201823963785912,0.9667026675819406,0.8649254881440492,0.8209060263999374,0.9585129591198126,0.9536451773589194,0.8357918029525355,0.9600978667074822,0.9609309761168643,0.9033335350113898,0.9796093196709896,0.8353710396171415,0.5284032904989548,0.7259258669728833,0.8590980518512901,0.8528365781140914,0.8415917876849772,0.9844960034711673,0.9846522821997046,0.7802565816337844,0.7514964975815552,0.7826776535864917,0.47064019040264293,0.7831823835277142,0.7925000226377352,0.7861620811939619,0.7918374182879634,0.7955980250516987,0.7513231070670495,0.7353095326240523,-0.3387498233794686,-0.4890020519172577,0.7746657028512263,0.8923339346884754,0.9183426649628713,0.9371614482632175,0.9106644516118406,0.8337933207010833,0.9065573011218725,0.9204941595637967,0.9189258593338914,0.7732608454855903,-0.048347952889892465],[0.9722084780284119,0.9897176175583616,0.9915363949355182,0.974029431516622,0.9840985987291927,0.994426548074421,0.9559261290463421,0.9660927074530054,1.0,0.9811860519105132,0.9862268397421902,0.9889261041018806,0.9696416125180373,0.9744822720059964,0.9729110961413417,0.9510758580042609,0.977788171001754,0.9751014136393624,0.975053290306864,0.9796777728146492,0.9743173990337969,0.9939040538831851,0.9944935546248566,0.9801666910122875,0.9904479255412176,0.9835045100605284,0.9931576815081693,0.9921941738771759,0.9736223945136113,0.9244885447639511,0.9460889621827033,0.9655476256111746,0.9561590669021146,0.9689497346649416,0.9776840388599377,0.9741406638318282,0.9764028322850636,0.9880755090315065,0.979063742602762,0.9659308146648967,0.9755669978370826,0.9699270463977921,0.9689431830345235,0.9991842395616196,0.9218183867575105,0.9348540947039801,0.9649062950011036,0.9567179819770002,0.9100277339377513,0.8902319444801038,0.8934757574236409,0.8945705430014335,0.9276401783073354,0.9053180433501175,0.9298421199102245,0.9483920887165467,0.9522579625609926,0.9572443478055068,0.9163659585255581,0.9758441265099767,0.9575067492528629,0.9734092584762647,0.9573685853024587,0.9179701001997626,0.9345592861399996,0.9574419458445258,0.9355483646476579,0.9040741330338338,0.9065292426211551,0.9744237682809044,0.9333577925479679,0.9521476439195108,0.9180489191172516,0.8666523305211017,0.890809219290789,0.7827119395490496,0.9051518843067833,0.9056472790996329,0.9183184095623499,0.869688767924235,0.8878090451643499,0.5144590082387709,-0.44726695788830084,0.9681113514233824,0.965723025735947,0.963340204434699,0.9139353914043241,0.9604882512673151,0.9661163060784372,0.9656996042825117,0.9499481675344498,0.9531839199849248,0.9041776186112743,0.8253061983110005,0.9479294909999086,0.9665618808902131,0.8465982205469599,0.9416585881013416,0.9429436974467236,0.8532577087443417,0.9662664006162749,0.7372979196638898,0.4085638997203369,0.6663004257484888,0.7717712867974428,0.7783361917278716,0.7499884101514331,0.9652736489523411,0.9651921665153945,0.7087546604523657,0.7144563872508543,0.6717129425521345,0.4670398347167137,0.6963810380403203,0.6919535872267818,0.6694574478011974,0.6939403459874703,0.7676596370927782,0.6905020771516496,0.6774905446041085,-0.37447997184690224,-0.5091926276277551,0.7894074720867728,0.8459984936713242,0.8254133451068945,0.8649770765950721,0.8610127495558779,0.7737836901736399,0.8167771364677655,0.8327425834958181,0.8259793578469206,0.7180697468200631,0.020314753954289087],[0.9967673752241644,0.992819802949442,0.9926706960935401,0.9971336000351768,0.9986667425559735,0.978010031087433,0.9996725239068214,0.9999998496786008,0.9811860519105132,1.0,0.999999233607635,0.9998181155000506,0.9999985401046267,0.9999979375831459,0.9997318474033844,0.9981000185876842,0.9995516032342786,0.999902121515158,0.9999020633286703,0.9999810110797358,0.9999994287493659,0.9935052956196098,0.9774043866101124,0.9964945820765818,0.96897467565792,0.996510774170872,0.9922215941155972,0.9790404762808107,0.951620739001987,0.9901077839847902,0.9939336999444257,0.9912491066072433,0.9738105675577067,0.9995717690247239,0.999632749850939,0.9996488041444871,0.9998590936156375,0.9994246544587894,0.9995955652389744,0.998724590638272,0.9990775380305421,0.9995839273720009,0.9995800083376302,0.9845718615155882,0.9504486715525288,0.9589087605989828,0.9651691250492439,0.9507695235880465,0.9209434508078952,0.9546714532392605,0.9475927074718751,0.9581082268276101,0.9629688273815125,0.9534353851175081,0.9818320986857074,0.9817666933570418,0.9928079128494304,0.9963905870441229,0.9759312263789158,0.9647518283641711,0.9730057658963321,0.9744906929458468,0.9736820054906246,0.973542784406698,0.9294346383824853,0.959389450644627,0.9511813809197074,0.9509881522616569,0.8924529876598738,0.9712915838522025,0.9696181791946729,0.9749386093204367,0.9741076199303537,0.9318707233517085,0.8807890238158589,0.8488737821820985,0.8931773439266513,0.9263951077568495,0.9170779981751348,0.9213817634973396,0.9207560646489963,0.7762654353297876,-0.5209599782871925,0.9638535456257777,0.9514527589105432,0.9509926621950389,0.9767916837111811,0.9535437019732734,0.9694971881077816,0.9692654637268457,0.9209378406229071,0.9705329037561088,0.9219899704275129,0.8209003629403643,0.9584221688194832,0.9639122430018742,0.8241557188071581,0.9552898287114499,0.9563117518513894,0.9034083805270663,0.9789946675705831,0.903508816320794,0.4217639456206959,0.7074738722066386,0.9093969011136834,0.8693168484713532,0.9060017598945398,0.9844890654257104,0.9846455597533949,0.7803282668251214,0.7515807878736642,0.7835159685596155,0.47072986159210545,0.7499893105174781,0.7875830245557762,0.78340837326064,0.7534661057995888,0.7956470543391203,0.7514183192477604,0.7354052331173008,-0.5447505107662016,-0.6274354778016505,0.774778814010811,0.8924349017206911,0.9214494041982298,0.9439947191647926,0.9107611972241186,0.8317921010303382,0.9100417509687558,0.916632732658767,0.9161701500565443,0.8173310690462485,0.1784206087192372],[0.9950803019543758,0.9928561777860001,0.9965570946717199,0.9956650865633815,0.9983514778331235,0.9752081156958783,0.9996598880590525,0.9999994275902649,0.9862268397421902,0.999999233607635,1.0,0.9998166505115957,0.9999965744506709,0.9999982702614088,0.9997193266306634,0.9979418357465458,0.9993607212499181,0.9998256397530949,0.9998257402713095,0.99999849132047,0.9999986141028996,0.9932971051005117,0.9752414285287344,0.995853516370283,0.976980037177263,0.9962922109647753,0.9922345719634982,0.9816000545557618,0.9474748465011548,0.9902461197770798,0.993968383293928,0.9864835065079645,0.954606529021502,0.999421206349331,0.9994676371954448,0.9994220305764231,0.9999151708512559,0.9994127369574395,0.9994303466316585,0.9983291848060173,0.9987810716171592,0.9994047631027877,0.9994028430900366,0.9874221886077672,0.950239447300456,0.9343087787984653,0.9651439748433168,0.9507270838963873,0.9207604719750188,0.9332172139531945,0.9258742599810673,0.9367375457938412,0.9432895595677849,0.9320068939872124,0.9767911774705058,0.9767731194279035,0.9921000484915561,0.9951771509943875,0.969775758910222,0.9648908625376327,0.9622117207985013,0.9674691954714901,0.9631793932848499,0.9629765593536852,0.9119912169368573,0.950680534870858,0.9180942111374808,0.9177017543601328,0.8393276851877931,0.9702023828158667,0.9745208674786274,0.9716881651190101,0.9706951365090607,0.9290934923973736,0.8358101509851429,0.8089760282406653,0.8678881334804905,0.9136582255515692,0.8897531601756322,0.9016588381187013,0.9006590792093164,0.7866687260530313,-0.2732870565070915,0.9542314130424688,0.9516176767863573,0.9511252725381389,0.9706512245976147,0.9426831082921893,0.956305184589671,0.9557868361613224,0.9021560773970239,0.958218129346598,0.9048119446894305,0.8210495306892772,0.9586549281061935,0.9685567095399179,0.745757046465868,0.9243520376839867,0.9265028081885557,0.8651688337726959,0.9859397834593869,0.8536106842870871,0.07074531822549,0.5719388371429485,0.8650475426974391,0.8373099572009363,0.8606781408475564,0.9867125936376182,0.9867011088588551,0.5740780585425725,0.679122186578263,0.5811130734927845,0.47069097425258155,0.5531591340155001,0.5893871083701815,0.5812655243391924,0.5217080811107557,0.7869168473214904,0.6410684596416313,0.6051333223513644,-0.5032242699393858,-0.5636670683358299,0.7743908617438036,0.8761145004284336,0.886908182702441,0.9233848622052097,0.9055385818969462,0.7363125233265335,0.875706642513838,0.8826953424406326,0.8821554556185517,0.6618503714468047,0.14148052990519452],[0.9943500547478659,0.9938022470363065,0.9959317100957974,0.9950798201530366,0.9982809394708199,0.975146240606583,0.9996944951686558,0.9998141439439213,0.9889261041018806,0.9998181155000506,0.9998166505115957,1.0,0.9998288657652522,0.9998213617991012,0.9997071742752335,0.9985241768729203,0.9995215945718396,0.9999764781457146,0.9999763368801513,0.9998212969184309,0.9998253103725091,0.9932078409122671,0.9739473814653709,0.9947294528880269,0.9773387406258717,0.9952943967834721,0.9938469458189804,0.9780303401257606,0.933582209729564,0.993068166129022,0.9952866603586208,0.9832471600321364,0.9414869330335844,0.9995482892903483,0.9995833363836565,0.9995466125055159,0.99968098549036,0.999690300397893,0.9995582294605586,0.9982560492632656,0.9988066658029681,0.9995313872297,0.9995283445504228,0.9889824988724947,0.9468382270414422,0.9263890751725355,0.9625538135077609,0.9488805829138944,0.9204862443530888,0.9089768092564986,0.9377608528554263,0.9116024046435623,0.9278967076266265,0.9077870924443753,0.9680147142307421,0.9680058361196295,0.9853821104613221,0.9952358389118533,0.9696086536798474,0.9694307684013249,0.9588664574529149,0.9664560473712834,0.9606885361690338,0.9605283530617269,0.9153644271369213,0.9436889077940517,0.9047658066588555,0.9045160929375751,0.8323198794402771,0.9704077418426226,0.9719938184179387,0.971970036415423,0.9713691654973419,0.9375926639051823,0.8064360857427616,0.7800436120976643,0.8469604153769846,0.9000308532450537,0.8674821243005012,0.8844417834296944,0.8838248181236502,0.7812492780716213,-0.10010561055386746,0.950131404158349,0.9529931559480208,0.9498075075807325,0.9701119623142894,0.9439857159110184,0.9527707865845858,0.9520918739130615,0.904298844887844,0.9542058891208476,0.9058989371570002,0.7882044087637089,0.9568031017164899,0.9526850888892854,0.6563927827409081,0.884925131486145,0.8884119133890565,0.7822919763185314,0.9811330785702804,0.7604096465936632,-0.2885395375879687,0.33561670924128006,0.7821820165638466,0.7413124132651147,0.7761767016030426,0.9822189568221996,0.982282163076788,0.3064631038210608,0.46413111731983087,0.31285603106546755,0.2845530674175799,0.304548855875473,0.31805358872176576,0.3155620794488178,0.2331514188183515,0.6316391720677363,0.3731924261946989,0.3224457032749653,-0.5069430500551495,-0.5569663529644456,0.7736985921263398,0.7952147081869633,0.8151228496756204,0.8793784830100413,0.8512649068416789,0.6624160377213284,0.8148740498269406,0.8117701386065392,0.8109617826199098,0.5077553169373228,0.3232518246260024],[0.9967487749099921,0.992877062367264,0.9899284748125625,0.9970534876707383,0.9986758649102035,0.9782031499632251,0.9986478063949688,0.9999971476965394,0.9696416125180373,0.9999985401046267,0.9999965744506709,0.9998288657652522,1.0,0.999997741211952,0.9994669756384654,0.9941682898102151,0.9995827825986077,0.9999296979316126,0.9999295295349593,0.9999766931311758,0.9999990130299229,0.9908827528451932,0.9751722772341846,0.9940429364199731,0.9435739360320458,0.9944938469424089,0.9922897005173555,0.9744741931954811,0.9498918398163774,0.9887989565247507,0.9938835881537003,0.9932938598749133,0.9765315958389376,0.9995579803930643,0.9996708736522867,0.9997501555190754,0.9997738609121567,0.9994584874269947,0.9996241215360797,0.9985518431801824,0.9990884673477669,0.9996321980616949,0.9995145536655868,0.979728734776394,0.9505879761015712,0.9589979819824243,0.9650877674686134,0.9507548919807672,0.9212638816504617,0.9600487611026732,0.9496043678086926,0.962164744065115,0.9645346653526348,0.9549755991190403,0.981906140318649,0.9819029586983703,0.9922252184158383,0.9966226942809866,0.954848267902346,0.964740832705206,0.9707787793315896,0.9745031418211771,0.9724816136206458,0.9574556240543092,0.9017787641264359,0.9594520807915026,0.9592765286584249,0.9466895463138947,0.8805862180291669,0.9712825654639483,0.9475110857083017,0.9697790068273748,0.9554116209446001,0.8190746803836304,0.8808753708476045,0.8218043034418834,0.8932663186291715,0.9098351888494257,0.9159473678351155,0.8979282311178591,0.9065952368854876,0.45323159260485274,-0.5350012448637966,0.9638734967028267,0.9514920141209983,0.9510209141844012,0.9582904227195607,0.9577407016876216,0.9697253031586954,0.9698379610289999,0.9200286802796407,0.966816293796402,0.8647703719629882,0.8209244342713922,0.9580812769081383,0.9531803083455198,0.835738781369323,0.9600908182460998,0.9609170519544067,0.9036800022157342,0.9794951699878964,0.8358988771638891,0.5295505492615193,0.7265486841169246,0.8596046972478834,0.8533758819872781,0.8421073543719724,0.9844557456770242,0.9846126792204122,0.7808522324610395,0.7519501178686624,0.7833215678471671,0.4711529681695418,0.7838440342788627,0.7932079718247845,0.7868242928408796,0.7925540918777454,0.7959092610032742,0.7517755385288641,0.7357713215099627,-0.33789168982095324,-0.4882594191338906,0.7749008812327272,0.8928198150945346,0.9188471192575777,0.9376809979909558,0.9111251077349208,0.8343106444390264,0.9071378049503782,0.9210928110973693,0.9195200730333343,0.7739128110710779,-0.04939986169382583],[0.9967134292075616,0.9928548190725667,0.9901406132665167,0.9970329849689231,0.9986975950447338,0.9784897933868163,0.9993105932737437,0.9999984066291179,0.9744822720059964,0.9999979375831459,0.9999982702614088,0.9998213617991012,0.999997741211952,1.0,0.9995460881286848,0.9974883305103268,0.9995626975557016,0.9999226767155704,0.9999220520083775,0.9999708989319431,0.9999978013874062,0.9910615096022525,0.9754595660803662,0.9955879641056607,0.9555239681426512,0.9953299506461348,0.9922500289098779,0.9747603297731181,0.9501728611475707,0.991269721640421,0.9941235828527583,0.9931746580628639,0.9763612513639897,0.9995256207618465,0.9996356491400592,0.9997288344590195,0.9997900460039626,0.9994340532196517,0.9995858199411037,0.998495014178634,0.9990455568329333,0.9995996581382308,0.9994830626533606,0.980002102813645,0.9504437977417589,0.9589043339648465,0.9651222054168095,0.9507500215842355,0.9210275073055689,0.9597713665037125,0.9493594667829138,0.9619150017963362,0.9642286996728059,0.9545539308742342,0.9816791713819418,0.9816858170478255,0.9920746537514125,0.9964929018882497,0.9548872550963056,0.9648053555612071,0.9708199539210377,0.9745855742503032,0.9725107269604378,0.9571517980544256,0.9021336920843795,0.9593421919274658,0.9591588995357417,0.9466103882395436,0.8807551268685099,0.9714341462076789,0.9477082458867926,0.9698470508185327,0.9554752185733775,0.8195428300028627,0.880824435506802,0.8217046673406633,0.8932465969893757,0.9098602456225784,0.9159283193094232,0.8978214254553077,0.9065216871316467,0.45358432292587636,-0.5344824113092963,0.9639584352754738,0.951522849657945,0.9510561448888455,0.9572593536572751,0.9579035345397094,0.9697801797616189,0.96988878407874,0.9203526288247034,0.96684023277667,0.8651352129214387,0.8209103281049455,0.9583095462418597,0.9535703795294297,0.8358121115605334,0.9600408945227674,0.9608773416825607,0.9031646655505026,0.9796214980754802,0.8353901667837957,0.5282210211093511,0.7258178142137495,0.8590970256337556,0.852937393338235,0.8416073617896204,0.9845229061528117,0.984676600146311,0.7799070069082714,0.7512088599509911,0.7826512623755386,0.47083521100264863,0.7831555089129812,0.7924200440937755,0.7862980470830663,0.7917407360332986,0.7955331217911858,0.7506682481015651,0.7346858462210938,-0.3385822107821258,-0.488830972911138,0.7747559047688295,0.8922514388606934,0.9184476431720948,0.9371888360593693,0.9107051259371486,0.8336098929018867,0.9067305446442859,0.9205154644436593,0.9190563143470468,0.773336697387954,-0.04858574944511224],[0.9979175368328543,0.9946950754255443,0.98975052759246,0.9981175000193532,0.9991474909912675,0.9782348479652032,0.9998963229169675,0.9994281295139913,0.9729110961413417,0.9997318474033844,0.9997193266306634,0.9997071742752335,0.9994669756384654,0.9995460881286848,1.0,0.9986318428704939,0.9998741576721947,0.9996164773688735,0.9996202766422425,0.9998015468912246,0.9996083905958627,0.9908578643581637,0.9747291114290575,0.994497064423407,0.9496863241719965,0.9941332936137448,0.9937193690572017,0.973506317677775,0.9510608536469997,0.991522717230197,0.9926533021947456,0.9939251285930188,0.9781972619208703,0.9993401179371311,0.9997548712088808,0.9997565981874483,0.9996363108107149,0.9996891697779686,0.999723239672207,0.9989835828213509,0.9996528107224149,0.9995595657006149,0.9993482255000775,0.9789907863654232,0.9496048012165765,0.9607576836446766,0.9640138696871473,0.9523667676665662,0.9265253791480772,0.9615273327174287,0.9532654519811923,0.9639259790315466,0.967756510357217,0.9581096325631407,0.9833468967139245,0.9833221990990025,0.9928653606365195,0.9960287660357378,0.9588479241770959,0.9682046279498548,0.9749629422734924,0.9769800721146199,0.976427216991734,0.9596290221307151,0.906614268137669,0.9625977131024473,0.9636305369652197,0.9508213435713238,0.887379036146304,0.9738042390513855,0.9520103191353441,0.9736015494387018,0.9592309795407725,0.826933120634848,0.8857785642485969,0.8258370043868956,0.8984774391081168,0.9142762520399688,0.9185275951405092,0.9012393091577175,0.9110279154219778,0.46444570399746826,-0.5312088198081122,0.967102496015677,0.9559552491597828,0.9554151582821359,0.9606560370661575,0.9611958667433771,0.9726188266466075,0.9727015013374144,0.9240963722284479,0.9712243066068555,0.8714128039767873,0.8225282678802287,0.9512268801571204,0.9471260872638834,0.8383698694770597,0.9600806453267873,0.9608262481212742,0.9029443964630266,0.9766949063447133,0.8345847658665547,0.5366667406291099,0.7303534622068817,0.8589873343807037,0.8553365844601953,0.8410170409015192,0.982533045819785,0.9826731735858738,0.7845019047950419,0.7541230743736637,0.7832043590910082,0.47768685621443513,0.7870290361149276,0.7960568350015634,0.7877767584219049,0.7959136873378521,0.7980002823183479,0.7519154226770354,0.7363824900444832,-0.32708437313503774,-0.4782957510743505,0.7818057752271054,0.8948989810222562,0.9208780779879118,0.9424405915679355,0.9121750530717999,0.8405198041933172,0.9121039903013882,0.9251019438712943,0.9238239823709361,0.7854348985194411,-0.06001380222313823],[0.9983024423347426,0.9966233865391471,0.991029084812767,0.9985671656915286,0.9989791212826941,0.9824949601289195,0.9970979968728462,0.9927024830357106,0.9510758580042609,0.9981000185876842,0.9979418357465458,0.9985241768729203,0.9941682898102151,0.9974883305103268,0.9986318428704939,1.0,0.9989951778508236,0.997833780534907,0.9978333879965063,0.998194537964921,0.9975416360876809,0.9928231363748766,0.9785238856743971,0.9815147468362315,0.9247130983092217,0.9919716083540479,0.9948400067007096,0.9767874564153782,0.9589044268667151,0.9916428627434962,0.989573802015125,0.9919510802136767,0.9777930432476291,0.9975365021644282,0.9983404590605095,0.9981978857135415,0.9980427999177655,0.9988852617891663,0.9982451914445594,0.9982439043992064,0.9987838793849477,0.9976994752136056,0.9976066771043829,0.9798693644909757,0.9445573716819052,0.9604945491047403,0.9603429616668325,0.9532287585662932,0.9307085123496419,0.9610246772635713,0.9534654069487682,0.9638703303721688,0.9665360415778566,0.9545969893094713,0.9809079238010441,0.9810405847256963,0.9888166871317102,0.9914124231330946,0.9678216926086409,0.9742820492791552,0.9810160258630807,0.9813543575093547,0.9817508922277616,0.967521207340683,0.9192166644001943,0.9665280519986404,0.9679402706937991,0.9584482720064645,0.8998434628200072,0.9788305442880987,0.9628856702524872,0.9796472252060916,0.9681762408010313,0.8457626137512387,0.8947038396220928,0.8388666608317198,0.9079262575096826,0.9250371816943931,0.9260251063164213,0.9090910689826106,0.9198877029611583,0.49407259811911947,-0.5050309632707807,0.973016863340883,0.962257155359313,0.9627393769876994,0.9694767893747217,0.9682342026695203,0.9775238031054899,0.9775330349407277,0.9351404980027478,0.9778962058001089,0.8879241766047045,0.8249163286175576,0.9425221999985676,0.9434982489044695,0.8426705568948777,0.9583284202558605,0.95911642843699,0.8958958215118682,0.9747443084547774,0.8278703463700091,0.5251018628008649,0.7253032279137176,0.849052152161438,0.8504335020783604,0.8314745531213537,0.9793565744736212,0.9794088036813625,0.7747376751270708,0.7505261297849591,0.7754797161971375,0.4844896745253516,0.7786902824917608,0.7849079190718375,0.7862751429958887,0.7855003391510773,0.7964853390539592,0.7387236741166511,0.724406500993215