var config = { responsive: true }

var correlationClose = {"data": [{"type": "heatmap", "z": [[1.0, 0.9999844633646054, 0.9771981142315339, 0.9996903329541972, 0.9972604841246762, 1.0, 0.9901468101232516, 0.9853914490712812, 0.9907390607963479, 0.9726325299584586, 0.9794775442444295, 0.9901943590167755, 0.9903545185989819, 0.9902642973676372, 0.9903173007124885, 0.9931876364412268, 0.9934148715786868, 0.9913546943770094, 0.9913412467590287, 0.9913218672787595, 0.9901834334146695, 0.9772395055702684, 0.9640922571630461, 0.9762548230969784, 0.9762284264649128, 0.9511198123581908, 0.9526206669503113, 0.9434005348161771, 0.9898902446471041, 0.9898469722793345, 0.985746491029105, 0.9740177763679413, 0.9933040627675943, 0.994235618373077, 0.9933216632108917, 0.9915544573550068, 0.9858956518287664, 0.993917611126101, 0.9938657337788552, 0.9947950366765905, 0.9935109594578174, 0.9934980950381228, 0.9935109594578174, 0.8960311012278682, 0.6903827943334802, 0.8608207478949534, 0.8903929747436389, 0.8080994240522795, 0.9637222730044379, 0.9290058301534518, 0.9541635468185462, 0.9490926048030656, 0.9521843551116081, 0.9780196356824075, 0.9719641337488474, 0.908165862623685, 0.8978530805670436, 0.9279124146452585, 0.8991172347477483, 0.924334496537228, 0.925212679717272, 0.924334496537228, 0.8308190781434861, 0.9023771317517042, 0.903561051616831, 0.9023771317517042, 0.8837528816522878, 0.710974394712488, 0.8602784818300006, 0.8620872131482441, 0.8602784818300006, 0.5999354456320849, 0.48700000943928573, 0.5747904123177975, 0.7280001743313783, 0.4636790493024135, 0.5277842426708421, 0.5297742081128971, 0.5277842426708421, -0.5985392197177933, 0.8710164967705207, 0.9015898386739626, 0.8832617975289534, 0.9096936543776318, 0.934553701523936, 0.8691211516646746, 0.8705548719450279, 0.8691211516646746, 0.8815561418184588, 0.8815561418184588, -0.17351545411017372, 0.5120995450065557, 0.2110801366349923, -0.5165769062195086, -0.5454457829851427, -0.5492394027846318, -0.0006699683162097645, 0.03434340682347172, 0.28441830715212435, 0.1893481994023986, 0.11274320373787497, 0.08740536078086115, 0.11418408989332353, -0.17866653992109263, 0.10326010044124671, 0.10348572988065531, -0.5188456532532909, -0.41507620281443813, -0.1784575035952203, -0.46087320873808135, -0.3440836036521169, -0.3191435662561597, -0.3097205578494664, -0.3191435662561597, -0.1679856473880375, -0.2239149924422194, -0.2239149924422194, -0.5255262756428104, -0.5255262756428104, 0.3998022935437544, 0.6680889126357403, 0.8781831641370365, 0.8562696041834886, 0.7955967944939597, 0.6761271205210739, 0.7760222013074511, 0.8168568810455206, 0.8170793377316936, 0.8168568810455206], [0.9999844633646054, 1.0, 0.9644947758879829, 0.9991177342865819, 0.9927887325715893, 0.9999844633646053, 0.9747458409839392, 0.9643188359541777, 0.97447850643989, 0.9548914723359515, 0.9769216368612731, 0.974799677420328, 0.974751542676379, 0.9745451820386787, 0.9736727125560215, 0.9833791802348993, 0.9818762451823673, 0.9809492319075895, 0.9809150253126665, 0.9748775091890214, 0.9748661633271274, 0.9797952361664991, 0.9639146767133793, 0.9667996696699775, 0.9668838095777991, 0.9514502706306549, 0.9717800459947021, 0.924117177243117, 0.9738302413195342, 0.9738890085871849, 0.9701426609659641, 0.9159346660471114, 0.98582563502349, 0.9859338802690795, 0.9868033076137658, 0.9774482594057271, 0.9839370593006971, 0.9858143667836193, 0.9865531498537151, 0.9863286802494036, 0.9869321170490378, 0.98690754406649, 0.9869321170490378, 0.8962624529089297, 0.6006929401450779, 0.8618302425346702, 0.8914216900255852, 0.8072973176752869, 0.8612154177272291, 0.8812745522088804, 0.850987592393374, 0.8689078122481634, 0.8574434779903639, 0.9371408198867043, 0.9372022006669128, 0.9114352539781442, 0.9228719307281823, 0.8972933146883714, 0.8969846272623125, 0.9048050827057783, 0.9056519097825391, 0.9048050827057783, 0.750126241658011, 0.7104867219825124, 0.7125453458471187, 0.7104867219825124, 0.9163303343410185, 0.9222182108571714, 0.9160090998704229, 0.9174227931008424, 0.9160090998704229, 0.40955035695003306, 0.3542032772998004, 0.4768441294914415, 0.577684403261268, 0.4532541717794062, 0.49922349959509377, 0.5005298345688928, 0.49922349959509377, -0.19812058322655057, 0.8486289567916371, 0.8888816619834788, 0.8736076726421864, 0.9194005089960127, 0.920987849541013, 0.8415889251587476, 0.8420563514446452, 0.8415889251587476, 0.8540404410726518, 0.8540404410726518, -0.2811285121014263, 0.5131807846052324, -0.3757348221182716, -0.45835795644416266, -0.45809793566396406, -0.4615225939094848, -0.2688717394129498, 0.20554906898029937, -0.18571808763515876, -0.345559628881377, -0.19710333256833237, -0.251784049832762, -0.2761973213862251, -0.30478685963837465, 0.07721642723358724, 0.07188243095640581, -0.4721104720912305, -0.4239700993327056, -0.45174282946885336, -0.4815974963805702, -0.47406551607271596, -0.4547742599941854, -0.458010653019448, -0.4547742599941854, -0.35271770844120953, -0.4802433761349401, -0.4802433761349401, -0.45946595723321454, -0.45946595723321454, 0.39937864376702, 0.4359322560685196, 0.5280841002469295, 0.6117169643807783, 0.5884297317903014, 0.26510756315934264, 0.40472990640179335, 0.3997804793219937, 0.3999072292267562, 0.3997804793219937], [0.9771981142315339, 0.9644947758879829, 1.0, 0.9812544958435437, 0.990949694877932, 0.977198114231534, 0.9853403040402161, 0.9834417303053496, 0.9922655404617238, 0.9342225110860491, 0.9963419301285722, 0.9852919077623001, 0.9827945733999698, 0.985057227449352, 0.9849552969353867, 0.9881055062878962, 0.9891244505053441, 0.9827743485945075, 0.9827573475329802, 0.9907841171024107, 0.9851998784189214, 0.9905479823261334, 0.9790300931451908, 0.9828030797736707, 0.9828195611377339, 0.9799563837035451, 0.9773402899601777, 0.9462516861034578, 0.9669914786868693, 0.9670623290147663, 0.9718572990156583, 0.9473109589009191, 0.9812443608465564, 0.9877266231422972, 0.9795654774466717, 0.9826368066345059, 0.9934371649290287, 0.9896898354130905, 0.9793602318007374, 0.9867639218142541, 0.9809228440706456, 0.980213439279238, 0.9809228440706456, 0.904493796885611, 0.6057975817544253, 0.9056925872148217, 0.8731797544248673, 0.6543175599564165, 0.9068177194311761, 0.8571027056529122, 0.8943448297848136, 0.8910197648663389, 0.8982113650994861, 0.92904584745847, 0.9385885479928312, 0.7409089815721507, 0.802957333691777, 0.816733458206198, 0.8379715000966932, 0.8089938450423342, 0.7774661210648224, 0.8089938450423342, 0.7234393809406938, 0.7636842838525418, 0.7632895547958084, 0.7636842838525418, 0.8304428949141013, 0.39790190845019635, 0.589188133766524, 0.6583888858164113, 0.589188133766524, 0.4940066012826515, 0.46285157843927005, 0.4587483240403106, 0.6185724531292811, 0.39747467025205657, 0.4266454510888014, 0.3933396204629557, 0.4266454510888014, -0.5896496545087644, 0.7968322564076399, 0.77715924187536, 0.7785697949355583, 0.755379896234758, 0.8827839334958583, 0.8024784486781689, 0.8049824544377171, 0.8024784486781689, 0.7467287244361506, 0.7467287244361506, -0.2816128876750671, 0.704874777665263, 0.16357796597156468, -0.6118907137368008, -0.6367530016362025, -0.6395890708083244, -0.11297332635757658, -0.005913450525668785, 0.281681015923251, 0.055000233222567876, 0.005943238202137246, 0.03915579772190098, 0.0049575881245389275, -0.17480207505571183, 0.006946410089590822, 0.006874629351546792, -0.6088470746342999, -0.5284954334078689, -0.13417975553096412, -0.5838779420293586, -0.44090915314451795, -0.4047687176984048, -0.2364451543521345, -0.4047687176984048, -0.2925768768318564, -0.359634282896563, -0.359634282896563, -0.6278717509559857, -0.6278717509559857, 0.31525024166439325, 0.5729456571061023, 0.7842581707935349, 0.7630984026923888, 0.7320211543111789, 0.5689255465360611, 0.7096869608801186, 0.7167724359610186, 0.7488065195771544, 0.7167724359610186], [0.9996903329541972, 0.9991177342865819, 0.9812544958435437, 1.0, 0.9985064924026293, 0.9996903329541971, 0.9918535193656434, 0.9875826154786835, 0.9928634102289273, 0.9703986638770403, 0.9852498890400119, 0.9918882222586262, 0.991976206572181, 0.9919285703931083, 0.9919702161720925, 0.9948214343246276, 0.9949799263439633, 0.992817851898354, 0.9928066101435872, 0.9932107347815324, 0.99186873586371, 0.9806247333053655, 0.9672249105319676, 0.9793459453843683, 0.9793203996938263, 0.9640076893257753, 0.9572026132477833, 0.94472261596846, 0.9897954765923281, 0.9897632077869245, 0.9866714315561526, 0.9734185496100494, 0.9941867640976594, 0.9954573513196805, 0.9941567527567319, 0.9928083219811168, 0.9901687280586998, 0.9953921418930287, 0.9945554698587503, 0.9959404385767959, 0.9942882515317712, 0.9942795923234712, 0.9942882515317712, 0.8952119420023334, 0.6777019928012517, 0.8704836800150113, 0.8853000735054806, 0.784413996915795, 0.9578482724298814, 0.9210482200505984, 0.9473035263929902, 0.9433619706033883, 0.9471716539851578, 0.9737777813785915, 0.969209305147824, 0.8819479782257919, 0.8872880200510839, 0.9116841751559365, 0.8932405655210541, 0.9030609109170665, 0.90427637832223, 0.9030609109170665, 0.8198972660680435, 0.8881016788752668, 0.8894078664135237, 0.8881016788752668, 0.8784243651566731, 0.6385061825998259, 0.8123405879032781, 0.8141960225988795, 0.8123405879032781, 0.5890946378936979, 0.458675643020176, 0.5617722831959272, 0.7088785158654017, 0.4563352669809778, 0.4941523276835601, 0.4968716508024143, 0.4941523276835601, -0.6003104468935223, 0.8633089776866988, 0.8888250513746668, 0.8716471989271489, 0.8807810840577577, 0.9303249506977831, 0.8625590581701789, 0.8641811716066903, 0.8625590581701789, 0.8575734052839494, 0.8575734052839494, -0.18054891495282352, 0.5434073864470144, 0.2158667400884029, -0.5253031926427387, -0.5537605468595952, -0.5574608518545734, -0.013640902224788537, 0.028165554660833838, 0.27705100027151663, 0.17661199030792438, 0.10183032202659198, 0.08053271952777824, 0.10786577295102032, -0.18692467349364775, 0.09122221067044783, 0.09149413484700664, -0.5268253071373731, -0.4267243909953153, -0.18050331636004974, -0.4743947287422974, -0.34676150325815214, -0.3211976390923127, -0.31233771938313, -0.3211976390923127, -0.1781104892556576, -0.23469671180063179, -0.23469671180063179, -0.5371085169825991, -0.5371085169825991, 0.3835502859244053, 0.6558085655114088, 0.8707659572880034, 0.8488841642662445, 0.7882753994519552, 0.6673584403736952, 0.7672785470078806, 0.8084444365732522, 0.8086810265513191, 0.8084444365732522], [0.9972604841246762, 0.9927887325715893, 0.990949694877932, 0.9985064924026293, 1.0, 0.9972604841246762, 0.9965294551375912, 0.9943232169302596, 0.9967138698526685, 0.9590684160420423, 0.9947052306442313, 0.9965491105834757, 0.9966494806074672, 0.9965827445306114, 0.9965857951033797, 0.997667784518494, 0.9972663000077604, 0.9971720067359366, 0.9971687048194746, 0.9965434406171426, 0.9965401184322189, 0.9930418467298563, 0.9798078784557559, 0.9896510997348563, 0.9896031446138889, 0.9810658891121515, 0.9788010085418237, 0.9484894301284722, 0.9882935149116691, 0.9882314460173556, 0.9875826771957572, 0.9640501829227245, 0.9976572264961393, 0.997602640604871, 0.9975076395492944, 0.9970446599984306, 0.9969005498650764, 0.9978213010460913, 0.9979310026501134, 0.9976728035561212, 0.9976315966049362, 0.9976362028406348, 0.9976315966049362, 0.9117357200409759, 0.63943378766215, 0.8957408510093738, 0.887740159995027, 0.7471297273873557, 0.9366767104311916, 0.8938580796507574, 0.9252776805879018, 0.9284165789081417, 0.9355885678653326, 0.9670483793888174, 0.9671594424002253, 0.8725046942879514, 0.8613505416847073, 0.8933730989900411, 0.8761676032625797, 0.8911881990771752, 0.8917135380639806, 0.8911881990771752, 0.7865363418518684, 0.824244332399916, 0.8258100916388171, 0.824244332399916, 0.8631122714479891, 0.7439876560125293, 0.8425473706220986, 0.843725443631538, 0.8425473706220986, 0.5363392145033122, 0.39721791176686855, 0.5176354277814492, 0.694813689481342, 0.5113422868603681, 0.4874208731493266, 0.48759789537510906, 0.4874208731493266, -0.5890149816173698, 0.8394669791597396, 0.8527464300107594, 0.8397616451296366, 0.8834561675594288, 0.9029971233305606, 0.8417216127077424, 0.8432883803648921, 0.8417216127077424, 0.8504158799623273, 0.8504158799623273, -0.22678617526022535, 0.6114825050138252, 0.07099761762033092, -0.5827305008933874, -0.6159269275609505, -0.6163377239535733, -0.05169399134466777, 0.0484985937213887, -0.12276365075967538, -0.07607579921208382, -0.05238821002286352, -0.2966173523150421, -0.3496008079420715, -0.494548327911828, 0.054768333020021445, 0.05486543153597314, -0.5598454114073542, -0.4677187370021082, -0.48864875489060183, -0.5215442699010577, -0.5781163026205697, -0.5482291196375386, -0.5506950622827095, -0.5482291196375386, -0.22516491826475837, -0.2760574862653252, -0.2760574862653252, -0.6426153708301413, -0.6426153708301413, 0.3593076418411069, 0.6331926165096058, 0.8185552592326579, 0.7910130505256404, 0.7746590298222429, 0.5948838944740173, 0.615749146480075, 0.6995397542604408, 0.6999235791089624, 0.6995397542604408], [1.0, 0.9999844633646053, 0.977198114231534, 0.9996903329541971, 0.9972604841246762, 1.0, 0.9901468101232516, 0.9853914490712812, 0.9907390607963479, 0.9726325299584586, 0.9794775442444295, 0.9901943590167755, 0.9903545185989819, 0.9902642973676372, 0.9903173007124885, 0.9931876364412268, 0.9934148715786868, 0.9913546943770094, 0.9913412467590287, 0.9913218672787595, 0.9901834334146695, 0.9772395055702684, 0.9640922571630461, 0.9762548230969784, 0.9762284264649128, 0.9511198123581908, 0.9526206669503113, 0.9434005348161771, 0.9898902446471041, 0.9898469722793345, 0.985746491029105, 0.9740177763679413, 0.9933040627675943, 0.994235618373077, 0.9933216632108917, 0.9915544573550068, 0.9858956518287664, 0.993917611126101, 0.9938657337788552, 0.9947950366765905, 0.9935109594578174, 0.9934980950381228, 0.9935109594578174, 0.8960311012278682, 0.6903827943334802, 0.8608207478949534, 0.8903929747436389, 0.8080994240522795, 0.9637222730044379, 0.9290058301534518, 0.9541635468185462, 0.9490926048030656, 0.9521843551116081, 0.9780196356824075, 0.9719641337488474, 0.908165862623685, 0.8978530805670436, 0.9279124146452585, 0.8991172347477483, 0.924334496537228, 0.925212679717272, 0.924334496537228, 0.8308190781434861, 0.9023771317517042, 0.903561051616831, 0.9023771317517042, 0.8837528816522878, 0.710974394712488, 0.8602784818300006, 0.8620872131482441, 0.8602784818300006, 0.5999354456320849, 0.48700000943928573, 0.5747904123177975, 0.7280001743313783, 0.4636790493024135, 0.5277842426708421, 0.5297742081128971, 0.5277842426708421, -0.5985392197177933, 0.8710164967705207, 0.9015898386739626, 0.8832617975289534, 0.9096936543776318, 0.934553701523936, 0.8691211516646746, 0.8705548719450279, 0.8691211516646746, 0.8815561418184588, 0.8815561418184588, -0.17351545411017372, 0.5120995450065557, 0.2110801366349923, -0.5165769062195086, -0.5454457829851427, -0.5492394027846318, -0.0006699683162097645, 0.03434340682347172, 0.28441830715212435, 0.1893481994023986, 0.11274320373787497, 0.08740536078086115, 0.11418408989332353, -0.17866653992109263, 0.10326010044124671, 0.10348572988065531, -0.5188456532532909, -0.41507620281443813, -0.1784575035952203, -0.46087320873808135, -0.3440836036521169, -0.3191435662561597, -0.3097205578494664, -0.3191435662561597, -0.1679856473880375, -0.2239149924422194, -0.2239149924422194, -0.5255262756428104, -0.5255262756428104, 0.3998022935437544, 0.6680889126357403, 0.8781831641370365, 0.8562696041834886, 0.7955967944939597, 0.6761271205210739, 0.7760222013074511, 0.8168568810455206, 0.8170793377316936, 0.8168568810455206], [0.9901468101232516, 0.9747458409839392, 0.9853403040402161, 0.9918535193656434, 0.9965294551375912, 0.9901468101232516, 1.0, 0.9970496256523808, 0.9999671135630478, 0.9486731518152338, 0.9995386727520548, 0.9999959753901998, 0.999957473207987, 0.9999920290309011, 0.9999174533496507, 0.9938065436529939, 0.9998094381025949, 0.9998250330850444, 0.9998253976922598, 0.9999943614053128, 0.9999963552683035, 0.9909712238006658, 0.9748640366453013, 0.9835896619592286, 0.9922977522225112, 0.982805399752587, 0.9709841361138344, 0.9388167146121612, 0.9925032756234322, 0.9921739323488777, 0.9920424726020389, 0.9677979505688886, 0.9992782622981179, 0.9993634693298117, 0.9993337523562361, 0.9997299142147853, 0.9985159498131236, 0.9992453461979746, 0.998174586642017, 0.999347114723539, 0.9990863112825458, 0.9990013183599104, 0.9990863112825458, 0.9191361131173557, 0.6393938542196119, 0.9195569747103691, 0.8943202982174632, 0.694195782997202, 0.9473570023841422, 0.9121005740637179, 0.9348866427233353, 0.9254746112414759, 0.9359114589632904, 0.9689740680887863, 0.9611994949000704, 0.6971830831295535, 0.8054992333316335, 0.7878236017797927, 0.833957299991855, 0.7804538710756552, 0.7510166539599655, 0.7804538710756552, 0.738725889301149, 0.7516465985319591, 0.7539670578484077, 0.7516465985319591, 0.8177149507693551, 0.2746913385576542, 0.49582469568620324, 0.5880076743250278, 0.49582469568620324, 0.501969512252745, 0.46047784197811287, 0.46020337699950137, 0.5953696840725855, 0.37333323122192436, 0.40052706103347246, 0.3484789355113579, 0.40052706103347246, -0.6532710864137141, 0.7931632442235721, 0.7943408047788557, 0.7869120036510436, 0.7219140014329237, 0.8866369117760106, 0.7981989564341082, 0.8005091348501149, 0.7981989564341082, 0.7037426071625908, 0.7037426071625908, -0.26491231492969713, 0.6675670492336822, 0.2628151506416414, -0.5727229325424418, -0.5994003398624125, -0.6025969023809885, -0.06949075607074787, -0.026167457206985427, 0.3745328182763756, 0.1344137265805455, 0.058118221740172574, 0.12669415307930687, 0.0938966170589511, -0.09367606149475251, 0.01619908736085744, 0.01656035714863742, -0.5758088425917277, -0.5005226684109975, -0.022936373295644366, -0.561472298238085, -0.35330010448252824, -0.3198711595853636, -0.14365708395655918, -0.3198711595853636, -0.26297262689618384, -0.28866834703861105, -0.28866834703861105, -0.605352005658548, -0.605352005658548, 0.3548083252759489, 0.607604641543515, 0.8038512177017295, 0.8097020568267708, 0.7621036572557826, 0.6480726087712568, 0.7472648401864078, 0.7696683152584454, 0.7880866909276647, 0.7696683152584454], [0.9853914490712812, 0.9643188359541777, 0.9834417303053496, 0.9875826154786835, 0.9943232169302596, 0.9853914490712812, 0.9970496256523808, 1.0, 0.9994260716766308, 0.9396513945802383, 0.9980413259967827, 0.9978737084658406, 0.9992145561665507, 0.9989432078868105, 0.9986236231649309, 0.9860399213087346, 0.9988415499352523, 0.9989999884750612, 0.9990028057724342, 0.9994691354211552, 0.9991168632943106, 0.9908497633305682, 0.9751737864050649, 0.9914395230671751, 0.9921372683421086, 0.9774332370137282, 0.973035179854284, 0.9368332893614031, 0.9888315933832277, 0.9922506640864285, 0.990204296557973, 0.9638514764588176, 0.9980769593169266, 0.9979518693936651, 0.9979586521671414, 0.9989511809075908, 0.9955984367364364, 0.9977217795508905, 0.997506570819284, 0.9978161324892204, 0.9978894629561518, 0.9979206988383373, 0.9978894629561518, 0.9170308956162022, 0.6233495590290706, 0.920887020449443, 0.8902252392297854, 0.6647229437167429, 0.9449373435009107, 0.9046737563212335, 0.931032156640268, 0.9159796825800575, 0.9278582265631303, 0.9641168528259999, 0.9553979184756752, 0.680127971988624, 0.787995070448233, 0.76746969328597, 0.8221873478833646, 0.7613748399189251, 0.7365018593657282, 0.7613748399189251, 0.7221669696581101, 0.7290475156364383, 0.7384298955811268, 0.7290475156364383, 0.8060387750294368, 0.2510029712322751, 0.47057357219625173, 0.5684235862750985, 0.47057357219625173, 0.48527306364933165, 0.4522050615978283, 0.44149546998949435, 0.577075974689351, 0.3622466523025881, 0.3869306302162606, 0.32886234104026374, 0.3869306302162606, -0.6534455746425717, 0.7794651420537057, 0.7713665205785956, 0.7685921348247371, 0.7045658195111099, 0.8762807243765949, 0.7852460019278168, 0.7878152850079182, 0.7852460019278168, 0.6815184678614442, 0.6815184678614442, -0.28354694382506385, 0.7017862375032036, 0.2716236198461295, -0.5884290817345706, -0.6144988544173711, -0.6174906108077312, -0.08584326587705239, -0.03593673143724913, 0.36782629441894493, 0.1145046700887528, 0.04146510017990895, 0.1173994245716427, 0.07785855690131337, -0.10019490126170595, -0.0018913258084327068, -0.00151333145251734, -0.5895621023522591, -0.5178885351768525, -0.029799975701696558, -0.5820839760374164, -0.3677232815635069, -0.33247308470345266, -0.14993874258719544, -0.33247308470345266, -0.2835054218604967, -0.3044552711911191, -0.3044552711911191, -0.6201918011797215, -0.6201918011797215, 0.3284273147157208, 0.5885024886566161, 0.7934459802613215, 0.7907526732886373, 0.7479287664901983, 0.6310088608682776, 0.7304317074576622, 0.7494377874921467, 0.7716623871486653, 0.7494377874921467], [0.9907390607963479, 0.97447850643989, 0.9922655404617238, 0.9928634102289273, 0.9967138698526685, 0.9907390607963479, 0.9999671135630478, 0.9994260716766308, 1.0, 0.9473989094502695, 0.9994756548086886, 0.9999683046746526, 0.9999639469764019, 0.9999733365991966, 0.9999304601602301, 0.9980303030735526, 0.9997147741969751, 0.9997607391831403, 0.9997618195082703, 0.9999652388143826, 0.9999656345924742, 0.9941590156191212, 0.9775213716098068, 0.9936566259556312, 0.9935959477215035, 0.9825570577218629, 0.976887548356147, 0.9406284798601435, 0.9910039000652633, 0.9909696701561521, 0.9886933909819584, 0.9629827132458845, 0.9992935789668753, 0.9992546331846843, 0.9991143794664409, 0.9998528698008622, 0.9984203176006218, 0.9992320271587827, 0.9991314911712178, 0.999227415147231, 0.9991321763726982, 0.9991385607110179, 0.9991321763726982, 0.9192967534906653, 0.6407075881872436, 0.9196740471167493, 0.8943944062959324, 0.6935841514365338, 0.9331666201345551, 0.8864055218844584, 0.9174732521695881, 0.9207916487290463, 0.9320138716343854, 0.9626245713744789, 0.9615724914989674, 0.8422330908172884, 0.806229641103921, 0.8640034148968205, 0.8347130975474779, 0.8618838028702624, 0.8627156218766168, 0.8618838028702624, 0.7376302684882253, 0.8045046193673717, 0.8062700154956464, 0.8045046193673717, 0.8190451375745106, 0.701629129884791, 0.809419711495267, 0.8110725866468811, 0.809419711495267, 0.5009305711832309, 0.31849878250569147, 0.4592582776741953, 0.6401742208341746, 0.4339614766361592, 0.3963684207382224, 0.39672343263831256, 0.3963684207382224, -0.6350665735945648, 0.7934827019297025, 0.7939190918583331, 0.7869203763224664, 0.8537360467324921, 0.8743112523006205, 0.8046285043950003, 0.8072976495681391, 0.8046285043950003, 0.8132645127380187, 0.8132645127380187, -0.2675001879282568, 0.6687591412936212, 0.09595452172554805, -0.6015026816947608, -0.6434460903226941, -0.6442397012724601, -0.07315065926773673, -0.02417766303015022, -0.13141553696556646, -0.04885044204037714, -0.03961000883209348, -0.32991491509888066, -0.35909265425642545, -0.5359719897319595, 0.014707681674445564, 0.015434565506955631, -0.5778394815787633, -0.5028554016815203, -0.49909870751112917, -0.5638451375108203, -0.594220639422835, -0.573253518922256, -0.5752365305855242, -0.573253518922256, -0.2656004630759223, -0.2924251015511073, -0.2924251015511073, -0.7012576262213995, -0.7012576262213995, 0.3551201543562731, 0.6064952518551991, 0.8254063179632095, 0.802392372916786, 0.7605368214762182, 0.6329513618435006, 0.648092835394568, 0.7189376850967911, 0.7191074388460862, 0.7189376850967911], [0.9726325299584586, 0.9548914723359515, 0.9342225110860491, 0.9703986638770403, 0.9590684160420423, 0.9726325299584586, 0.9486731518152338, 0.9396513945802383, 0.9473989094502695, 1.0, 0.9161822793330415, 0.9487149550075303, 0.948834443200739, 0.9483421512867588, 0.9476352628639979, 0.9499289162187571, 0.9558665285524256, 0.9548859003832579, 0.9548521751639563, 0.9488724022298032, 0.9488577572229548, 0.9484099558135557, 0.9407847517554987, 0.950806867849625, 0.9510320637470099, 0.7967043790332825, 0.9559284736200422, 0.9505605558747824, 0.9570512827583088, 0.9571968102492726, 0.9554512162549675, 0.9294036320851338, 0.959331862333329, 0.9596127912108378, 0.9604548010414999, 0.9510522573094161, 0.9292127482302251, 0.9585370321181605, 0.9600965844507598, 0.9599055363077826, 0.9607927184273255, 0.9607513541502506, 0.9607927184273255, 0.7744066023033971, 0.43823979354503434, 0.7179176811307575, 0.8573373785399934, 0.8408020383044187, 0.8732207101646571, 0.755288325916694, 0.8506499491321652, 0.8651408732281965, 0.8742397464084957, 0.8959169939946671, 0.8959650521254677, 0.8491840882640668, 0.8405779916241454, 0.8768756194511621, 0.852202329737778, 0.8681304317104643, 0.8690504983025307, 0.8681304317104643, 0.78760691931251, 0.7657413104384332, 0.7679135066886852, 0.7657413104384332, 0.8443023999095155, 0.8669255512912208, 0.842361780395002, 0.8432391091109708, 0.842361780395002, 0.60755107731605, 0.5273403236021836, 0.6083120149722248, 0.7368844061846128, 0.627760303438886, 0.6499282382186715, 0.6534580610022483, 0.6499282382186715, -0.274785368172815, 0.84840561647194, 0.9131665593423883, 0.8679292453958469, 0.867314297159114, 0.8788075286759324, 0.8397046105355954, 0.8411828089569708, 0.8397046105355954, 0.8526158833886057, 0.8526158833886057, 0.011631623549753629, 0.22940571908944343, -0.07133145599024585, -0.3480662853253174, -0.3802062133021638, -0.38210624399387577, 0.10200471914813294, 0.3751350286941784, 0.13035584976320558, 0.023820296107415415, 0.13613779920074653, 0.043076046362474196, -0.06455170412684075, -0.11898077732949047, 0.2653712619895932, 0.26426505801981026, -0.33276649911371264, -0.2805272064034409, -0.28423469123380773, -0.2870615738091243, -0.3580750174622412, -0.30664529401482216, -0.30852177280615684, -0.30664529401482216, -0.04545726351449721, -0.32450430766191124, -0.32450430766191124, -0.39081781947543737, -0.39081781947543737, 0.5801439119391543, 0.6794308017365727, 0.7607871889894996, 0.6662033433156345, 0.8406857600751392, 0.30165562908905985, 0.391618692814661, 0.5717632098114778, 0.5720618831547175, 0.5717632098114778], [0.9794775442444295, 0.9769216368612731, 0.9963419301285722, 0.9852498890400119, 0.9947052306442313, 0.9794775442444295, 0.9995386727520548, 0.9980413259967827, 0.9994756548086886, 0.9161822793330415, 1.0, 0.9995360274785633, 0.9995316296390478, 0.9994801413423249, 0.9995186556812816, 0.9983672998128437, 0.9995746161716995, 0.99969943079234, 0.9997049977314302, 0.9995444655542091, 0.9995457479468074, 0.9914240040414766, 0.9568714748868239, 0.9913805848597035, 0.9913511834545002, 0.9863949166480093, 0.9725502656091838, 0.8918175907090921, 0.988793876134042, 0.9888521666125399, 0.9701343859235152, 0.8867293844885171, 0.998584986184339, 0.9985298104371603, 0.9982985205428979, 0.999202551892215, 0.9991170423337059, 0.9985588927106648, 0.9983165392088682, 0.9984916217892637, 0.9982442609124671, 0.9982589824458797, 0.9982442609124671, 0.9130963537045391, 0.5183317736091234, 0.9152453949532423, 0.8927833302092618, 0.6957687632469607, 0.8207514262676249, 0.8342041831313578, 0.8079706876772624, 0.8107401011535051, 0.8165763384168849, 0.921244777893672, 0.9214438362183642, 0.831898272617954, 0.8430976400348357, 0.8050785094086949, 0.8082239150196104, 0.8152850251621336, 0.8163725920001285, 0.8152850251621336, 0.6251400713375933, 0.5793954166573487, 0.5818996409801467, 0.5793954166573487, 0.8442157607267623, 0.8547009924786748, 0.8422754421847738, 0.8440060153508286, 0.8422754421847738, 0.2642577992078696, 0.19740170521735334, 0.32669857785627904, 0.44812840736711207, 0.31400610322775807, 0.36844148306587343, 0.37173138403029465, 0.36844148306587343, -0.40697029014419406, 0.7425787616427326, 0.7986902988500377, 0.7759682921043562, 0.8416485399827244, 0.8380472869475938, 0.7341149330533108, 0.7347634085240675, 0.7341149330533108, 0.7501541692297288, 0.7501541692297288, -0.33164030040106474, 0.6592356906619397, -0.39570188235413134, -0.5430873465402171, -0.5432807388946216, -0.5454908802364198, -0.3376546631473436, 0.13039954111202742, -0.2511089037577131, -0.40354681584991764, -0.2611456743920868, -0.3225790095149637, -0.357074642764779, -0.3878644987861533, -0.0012269821651177493, -0.005488614676874915, -0.5533610529115282, -0.5158124548658309, -0.5336431701686305, -0.5681006192864806, -0.5625048852795969, -0.537710299579278, -0.5406186617370186, -0.537710299579278, -0.4395559525784661, -0.5944922926894258, -0.5944922926894258, -0.6033558415940135, -0.6033558415940135, 0.3500315828766743, 0.36763098545281275, 0.4708578416585985, 0.5552903734498588, 0.5559966174493841, 0.16579835863844186, 0.30867340866242815, 0.3318351857461532, 0.3320395877018346, 0.3318351857461532], [0.9901943590167755, 0.974799677420328, 0.9852919077623001, 0.9918882222586262, 0.9965491105834757, 0.9901943590167755, 0.9999959753901998, 0.9978737084658406, 0.9999683046746526, 0.9487149550075303, 0.9995360274785633, 1.0, 0.9999626785653162, 0.9999940080347166, 0.9999229204659097, 0.9946553807614542, 0.9998116284904948, 0.9998265453306239, 0.9998268371411253, 0.9999960907316137, 0.9999969971793503, 0.9909262200567225, 0.9748329054288934, 0.9891879669372003, 0.9922722192353344, 0.9827848732883899, 0.9708891659982797, 0.9387599745667726, 0.9924943756006256, 0.9921869439557948, 0.9920340311116235, 0.967822273369427, 0.9992806426985905, 0.9993684380859028, 0.9993429387034185, 0.999735463341598, 0.9985194431387163, 0.9992553400893384, 0.998178802589529, 0.9993547781038604, 0.9990910364772873, 0.9990044170234901, 0.9990910364772873, 0.9191640086319307, 0.6395710446380085, 0.9198311789938295, 0.8945862774018505, 0.694380629123644, 0.9474025788959028, 0.9123043285257073, 0.934973113801255, 0.9255692617692571, 0.9359904068378173, 0.9690771393697013, 0.9612811442769784, 0.6971088891044607, 0.8056699855355612, 0.7879402769303631, 0.8340815998253467, 0.7805690109942967, 0.750950075066338, 0.7805690109942967, 0.7387995625873232, 0.7517113661176614, 0.753894684481516, 0.7517113661176614, 0.817884770051118, 0.27455064989653805, 0.49583648514497514, 0.5879080555887889, 0.49583648514497514, 0.5019048655316739, 0.46038596029098267, 0.4601498428823938, 0.5954037432071362, 0.3732058435145898, 0.40062307357853305, 0.3485225897063422, 0.40062307357853305, -0.6534195995668728, 0.7932363931840826, 0.7944971690907441, 0.787018100350652, 0.7219043931961832, 0.8867478863619904, 0.7982898715513619, 0.800594335531067, 0.7982898715513619, 0.7038278214184346, 0.7038278214184346, -0.26489775598547805, 0.6675768272347143, 0.26293975041103496, -0.5726798780472234, -0.5993067155836791, -0.6025092106342859, -0.06956800166503155, -0.02632804775669254, 0.37471513380395743, 0.13444688053425216, 0.058069448780783364, 0.12697269967307673, 0.09415373207821513, -0.0933621281016768, 0.01623365345505344, 0.016610794652020384, -0.5757933965659279, -0.5005483925861474, -0.02266631521283779, -0.561446010947516, -0.3530224278106499, -0.3196213060822792, -0.14343049403475724, -0.3196213060822792, -0.2628163063612118, -0.2886189334169493, -0.2886189334169493, -0.6052124152577747, -0.6052124152577747, 0.355358793435461, 0.6077765176251132, 0.8038895734649882, 0.8099795049540052, 0.7622067111076196, 0.6483390840627271, 0.7474120052269339, 0.7699351604874104, 0.7882123130293607, 0.7699351604874104], [0.9903545185989819, 0.974751542676379, 0.9827945733999698, 0.991976206572181, 0.9966494806074672, 0.9903545185989819, 0.999957473207987, 0.9992145561665507, 0.9999639469764019, 0.948834443200739, 0.9995316296390478, 0.9999626785653162, 1.0, 0.9999670376687766, 0.9999108547719051, 0.9975002390587595, 0.9998073446443916, 0.9998681674014975, 0.9998687477471386, 0.9999829548932526, 0.9999617875823241, 0.9904672557979671, 0.9746430046884345, 0.9930030375236963, 0.9929637785251689, 0.9827528413887457, 0.9705086376702241, 0.9386854556101367, 0.9932675101117687, 0.9932860098082282, 0.9917969534088005, 0.9676243001982757, 0.9995050926411098, 0.9993724057350477, 0.9993996178004907, 0.9998828262183328, 0.9985178736177495, 0.9992626445998599, 0.9992155923264044, 0.9993650718723855, 0.9993755806517156, 0.9993795221266737, 0.9993755806517156, 0.9192773656352051, 0.6397325981393891, 0.9198616623362466, 0.8945990923118636, 0.6943989452219288, 0.9512390803160853, 0.9097762010726971, 0.9364727923949269, 0.9256545231352059, 0.935989012091696, 0.9687999246579302, 0.9613520411879083, 0.6521091809829109, 0.8053798963303158, 0.7867062755752499, 0.83454075716662, 0.7795205502708662, 0.7246131546021896, 0.7795205502708662, 0.738720198087004, 0.7419900896742133, 0.7463143150120619, 0.7419900896742133, 0.8183323684271898, 0.20505809507706763, 0.4832927617649943, 0.48903445680170443, 0.4832927617649943, 0.5020557157204995, 0.3543695383616668, 0.46039880281093487, 0.5949108089063359, 0.3734249744840382, 0.36790762334363725, 0.3481617812362036, 0.36790762334363725, -0.6536099892074004, 0.7937108552420334, 0.7944676936825629, 0.786778660079116, 0.6630674906472251, 0.8872286068218513, 0.7988049776921184, 0.8011043027983527, 0.7988049776921184, 0.70231763560714, 0.70231763560714, -0.26456777325020675, 0.6674586185889086, 0.26653398932617056, -0.5725242892743124, -0.5989735106655841, -0.6021762140709728, -0.06994414398625447, -0.026226698582096558, 0.3265948302854333, 0.13462381267211246, 0.05782106478099249, 0.13038387814832414, 0.0965295268720868, -0.10360049195688927, 0.016353753448134698, 0.016734436305854524, -0.5759569125055873, -0.500624626752941, -0.08837178782054143, -0.5611645710387275, -0.35100607445705395, -0.31738095193313803, -0.23055372937519325, -0.31738095193313803, -0.2623551205274767, -0.28971595857549176, -0.28971595857549176, -0.6044751374881845, -0.6044751374881845, 0.3554900067662727, 0.6079569542587528, 0.7886860817266045, 0.8100368281198014, 0.7626022236594523, 0.6480814141202931, 0.7053790981237693, 0.7576970456944736, 0.7578799150166762, 0.7576970456944736], [0.9902642973676372, 0.9745451820386787, 0.985057227449352, 0.9919285703931083, 0.9965827445306114, 0.9902642973676372, 0.9999920290309011, 0.9989432078868105, 0.9999733365991966, 0.9483421512867588, 0.9994801413423249, 0.9999940080347166, 0.9999670376687766, 1.0, 0.9999355249999538, 0.9973575449575176, 0.9998019973718949, 0.9998298324250843, 0.9998300082957919, 0.9999939916571065, 0.9999941898738853, 0.9907786219557722, 0.9747305496327163, 0.9928310468094642, 0.9927098050880929, 0.9826499355059083, 0.9705501016582609, 0.9383733174066982, 0.9932260958038325, 0.9932721996327563, 0.992073425982621, 0.9680054472476697, 0.9993326800646946, 0.9993671159495883, 0.9993750796620705, 0.9997740933152799, 0.9984481837313653, 0.9992586444103388, 0.9984990930396702, 0.9993636416854113, 0.999141478464785, 0.9990624088133726, 0.999141478464785, 0.9194209011630738, 0.6403417643924403, 0.9201681719505018, 0.8949009129210612, 0.6939928029853603, 0.9479920031914935, 0.9130640321514186, 0.9356051284830579, 0.9259887869403461, 0.9363745851817545, 0.9695121894065707, 0.9616742816807409, 0.6974104345542843, 0.8059606269464056, 0.7878604288237022, 0.83436374781481, 0.7805332003561228, 0.7505722199088615, 0.7805332003561228, 0.7390033735706049, 0.7516611500745773, 0.7543301268434521, 0.7516611500745773, 0.8182620452998571, 0.2738432388700713, 0.4952972698328085, 0.5879531059856201, 0.4952972698328085, 0.5017187682379018, 0.4609502536027915, 0.46003348738577843, 0.5951455988175084, 0.37278512962445276, 0.40065463520626576, 0.34815647015778267, 0.40065463520626576, -0.6538091998369645, 0.7933781183869789, 0.7940202508441845, 0.7871052149700288, 0.7112025318475347, 0.8870308526157694, 0.7984284411796113, 0.8007214349451489, 0.7984284411796113, 0.7036255385982575, 0.7036255385982575, -0.2666983574062663, 0.6686003378538989, 0.2634655981654524, -0.5732309271800524, -0.5997206595826797, -0.602928397747367, -0.07083049386806103, -0.027668273784729382, 0.3750082421787263, 0.13394272384706576, 0.05716743168018737, 0.12703406803097594, 0.09421434628184072, -0.09321372232932071, 0.015106206366280857, 0.015478517303414055, -0.5764892427819901, -0.5016409119419836, -0.02207287236842529, -0.5629551710865524, -0.3528933207622879, -0.31956560237732207, -0.1428600680261337, -0.31956560237732207, -0.26390598821646283, -0.2891324191795266, -0.2891324191795266, -0.605311851595726, -0.605311851595726, 0.355529077117363, 0.607450273757202, 0.8044255556890602, 0.8104395957115851, 0.7616255559491053, 0.6491292560112922, 0.7482008841572813, 0.7703345810410502, 0.7888209360683494, 0.7703345810410502], [0.9903173007124885, 0.9736727125560215, 0.9849552969353867, 0.9919702161720925, 0.9965857951033797, 0.9903173007124885, 0.9999174533496507, 0.9986236231649309, 0.9999304601602301, 0.9476352628639979, 0.9995186556812816, 0.9999229204659097, 0.9999108547719051, 0.9999355249999538, 1.0, 0.9974741170489873, 0.9996969195307216, 0.9997780093381855, 0.9997791659396815, 0.9998999649437348, 0.999918754460175, 0.9905430678998206, 0.9744795591196972, 0.9921085891196136, 0.9917472428463552, 0.9826672264150719, 0.9702659612180177, 0.9382649707739174, 0.9923409580474456, 0.9923485236540865, 0.9914658338353299, 0.9670588410412714, 0.9993410713076859, 0.9992166667468203, 0.9993126683528468, 0.999760595744459, 0.9983541425944045, 0.999234117668854, 0.9984829936863614, 0.9992392779662262, 0.9991564701253441, 0.99909139146356, 0.9991564701253441, 0.9181207392129406, 0.6406324957570522, 0.9189552120110321, 0.8936883568621282, 0.6910553544599792, 0.9485530051892271, 0.9139253435691551, 0.9365753504384225, 0.9254333876190814, 0.9356576627810588, 0.9698785127388284, 0.9612381944512999, 0.6987287204132737, 0.8045090065250708, 0.7880976466478193, 0.8340311900814039, 0.7807717343749535, 0.7528659388307731, 0.7807717343749535, 0.7370230588453649, 0.751098493211181, 0.7554977153209551, 0.751098493211181, 0.8182540435653033, 0.2737317962305462, 0.49484586307164863, 0.589389544175899, 0.49484586307164863, 0.5003335845723434, 0.46263055768744, 0.4582980280819441, 0.5946502947845038, 0.37125189081958854, 0.401122211742816, 0.34841059863364776, 0.401122211742816, -0.6543526227956094, 0.7927199397378826, 0.7926997363027999, 0.7861149886444861, 0.723926258631076, 0.8873554981071652, 0.797940753071556, 0.8005002129749447, 0.797940753071556, 0.703703559925399, 0.703703559925399, -0.2673364715351587, 0.6713769500536124, 0.2640096988262512, -0.5734813401491728, -0.5997504853071715, -0.6026634932866693, -0.07285435611815279, -0.029250730272793245, 0.37634815271364797, 0.1334764335698151, 0.05600428513394433, 0.12805251214379687, 0.09532953427471429, -0.09172922925615765, 0.014130537334271555, 0.014847348825673757, -0.5778369837967567, -0.5032294130583858, -0.020256370299491833, -0.5639937630669531, -0.3520019629851753, -0.31868655573169047, -0.14141085701169084, -0.31868655573169047, -0.2641863661185124, -0.2920254526267045, -0.2920254526267045, -0.6051651509590926, -0.6051651509590926, 0.3525878798257976, 0.6052262882240245, 0.805525929691811, 0.8112074404901323, 0.7599519593237395, 0.6481108606888836, 0.7499678305453433, 0.7710967250747698, 0.7902517747432222, 0.7710967250747698], [0.9931876364412268, 0.9833791802348993, 0.9881055062878962, 0.9948214343246276, 0.997667784518494, 0.9931876364412268, 0.9938065436529939, 0.9860399213087346, 0.9980303030735526, 0.9499289162187571, 0.9983672998128437, 0.9946553807614542, 0.9975002390587595, 0.9973575449575176, 0.9974741170489873, 1.0, 0.9981077677822418, 0.9977221393286386, 0.9977195946213562, 0.9977993330031505, 0.9972881399726504, 0.9913850876225379, 0.9772857249182842, 0.9698990361735288, 0.9872269854539394, 0.9869817060326173, 0.9718521253529795, 0.9473464577100065, 0.9915539140557766, 0.9893415690331311, 0.9882536891158024, 0.9657212413349634, 0.9974902626969973, 0.9974962323460795, 0.9973117983121711, 0.9973042359605281, 0.9984715998973114, 0.9980222288036901, 0.9973062234966722, 0.9977325580520923, 0.9974147407136188, 0.9973921794712803, 0.9974147407136188, 0.9098645045433579, 0.6502085430963732, 0.9122150701471161, 0.8973051575987017, 0.7173916133401079, 0.9502144742361566, 0.9164419180366281, 0.9414842344356