var element=document.getElementById("correlationAdjClose");if(element.style.display!='none'){var correlationAdjClose={"data":[{"type":"heatmap","z":[[1.0,0.9999944643573387,0.9862995351294152,0.999933004200304,0.9991701772053222,0.9836770567665152,0.9978685362057771,0.9962857682952864,0.9707104154142168,0.996498647980352,0.9946257760241967,0.9939390933192923,0.9963847892512695,0.9964165441646353,0.996328328456093,0.9977208530395837,0.9980371282310265,0.9983382949112551,0.9968449489712451,0.9968564640519414,0.9968300567043368,0.9963528741016866,0.9882276021128438,0.9730694145794273,0.990610892909169,0.9594788491331031,0.9897358348852521,0.9869761632797156,0.9705562383009693,0.9564752817007002,0.9925211085313942,0.9939354868798015,0.9929114722290974,0.9791860346915581,0.9977790120861584,0.9979110449120064,0.9976010431893843,0.9964652900759057,0.9955773000735145,0.9977977471271684,0.9986712438105438,0.9987049686918229,0.9977562071148396,0.9977666762380432,0.9777481330670137,0.9234889690576554,0.9538856627010313,0.9396216255027989,0.9394878758277551,0.9180156690966862,0.9641706957535237,0.9512526963346746,0.9659932890921872,0.9683295267412958,0.9574875638138801,0.984743196423821,0.9824807530794397,0.9910116296244368,0.9942937862389122,0.987485894106772,0.9825914427129866,0.9882128289731952,0.9866461052388039,0.9887519624259747,0.988618135130873,0.9568871749592185,0.9760153177164282,0.9767202217971259,0.9764708277637235,0.9459221139492059,0.9819079270287377,0.9788445213489044,0.9859428367107368,0.9853008547180143,0.9416023168384043,0.8986510127996887,0.8681982328229756,0.9134924090685312,0.9284333524322465,0.9262810152776811,0.9265793034185889,0.9253765592015158,0.7239811996621929,-0.5417458845952778,0.9809658068276217,0.976117777120009,0.9736425484293737,0.9881238719549977,0.974309084371815,0.9845949930151295,0.9845796067330284,0.9445463287548941,0.9852745929125445,0.947720463345641,0.7988936698589484,0.918023079097037,0.9344283128232941,0.8199355905655411,0.9552193192340116,0.9559352917474201,0.902146396580719,0.9677721708927913,0.895274836181791,0.5833625609307168,0.7280357015650012,0.9024749702873464,0.8728270131644362,0.8938257990198382,0.9757261479342129,0.9758796414209424,0.7884271801927719,0.7519329169397448,0.825452339783152,0.4549668233579884,0.8075544156399435,0.8295924687050616,0.8247454947813492,0.8175837939124218,0.7925306700953881,0.7560126337989264,0.740342928746164,-0.28525823166964775,-0.42599146397127047,0.6957162963584074,0.8913666235190492,0.9314507207194093,0.9412346135601772,0.9055795409912295,0.8286424993831666,0.909228095088921,0.9250537394264581,0.9248771077710914,0.8604731694796953,-0.1458966880344571],[0.9999944643573387,1.0,0.9897153635567301,0.9998530435079879,0.9983010476564614,0.9897451017670374,0.9942242084635066,0.9918204079276701,0.9870034558329471,0.991829289735267,0.9918536778269516,0.9932607842767337,0.9919262286390207,0.9918240507629905,0.9918815496864921,0.99395537697468,0.9963024549736947,0.995863941992436,0.9938878735763873,0.993895930036629,0.9918734997534816,0.9919201665074381,0.9925222276890461,0.9773075059550518,0.9883328838546928,0.9841422364976967,0.9883735039222616,0.9869285110104212,0.9821659081729213,0.9400566102035914,0.9899322779836681,0.9878561934533994,0.9829084820575483,0.942013330423802,0.9952504182454384,0.9951848588396863,0.9953866751260635,0.9922745881381595,0.994976383559459,0.9954047274093929,0.996643086951016,0.9968302818508677,0.995399521260187,0.9954106953493239,0.9911886566859368,0.9231494299912679,0.9006514727086055,0.93940433805127,0.9394437983045023,0.9179967399371193,0.8920358432367251,0.932440469704273,0.8942117631861517,0.9226277598075077,0.8918977593550209,0.9592101124189418,0.9591966504645185,0.9727176742358945,0.9853311988678121,0.9832248389881348,0.9847393598378661,0.9793151292294503,0.9816059444782356,0.9806702504876003,0.9805511958465318,0.9439140897420543,0.9631478556799906,0.9375423127711409,0.9373722214056687,0.8684058983087134,0.9813859410917888,0.9826104050024634,0.9827967389671906,0.9823708659985109,0.9536816692223845,0.801456059814022,0.7661314880993626,0.8544204513119177,0.9091855836997369,0.8691934111343693,0.8896636238639059,0.8886003512816402,0.7668870544546111,-0.1448516338220842,0.9711204661552278,0.9740613433192848,0.9708190111906339,0.9836439664884211,0.9674098496450149,0.9736376709184534,0.9729915420553444,0.9302873132421674,0.9750486712709765,0.9323773420672055,0.731914926665334,0.9175319784853792,0.9169546460622274,0.564880105842666,0.8511402023682028,0.855247140979107,0.7579403312381514,0.9681634925327399,0.731676996763393,-0.3086947522520557,0.24634583465123921,0.7579076894419888,0.7085251881982695,0.7508273714560173,0.9696953217236965,0.9697265808068588,0.193128976751479,0.3655027833542155,0.2006844235685412,0.17183578753111645,0.1937681502806097,0.20716801697361545,0.2042341425845292,0.12493349011409635,0.548958974042191,0.2827729917011712,0.23282883883642116,-0.4331564694331909,-0.48166497913401357,0.6952810145873171,0.7595711661245608,0.7831178982160175,0.8457456563264232,0.8219138900503487,0.5960315979360915,0.7706263570505526,0.7775759617901917,0.7765064297491956,0.4377475254410807,0.23590867619847417],[0.9862995351294152,0.9897153635567301,1.0,0.9876020163865259,0.9934106173702094,0.9913117831700328,0.9895816989991374,0.9903255263291937,0.9911854611194183,0.9929563800901645,0.9969077315317518,0.9960796877058036,0.990178519634073,0.9922913098960737,0.9903798776695648,0.9898405940497528,0.9908065682579652,0.989998579232192,0.9890046719336711,0.9889782055747697,0.9918401558276325,0.9902070040084269,0.995087132310206,0.9851821353161652,0.9910700142375827,0.9821959354650177,0.9916941267220553,0.9875481007250023,0.9871745744548927,0.9622366420610541,0.9694261289590786,0.9736833785788512,0.9774738176130371,0.9569424778641497,0.9869469306316586,0.9900472695365539,0.9884223416081532,0.9919793156932863,0.9946986312902736,0.9908492056649243,0.9849350080217133,0.9878525957269546,0.9873143576172,0.9866948951446523,0.9925842634285753,0.9191415874090982,0.9379107718635122,0.9489058125249691,0.9321128300817045,0.8789433253665886,0.9223972923224367,0.9077061384684794,0.9251665896704491,0.9319035210003924,0.9159427813959204,0.950532559342645,0.960008123140029,0.9679439456320972,0.977394629856846,0.9436622758893424,0.9664498214165986,0.9660031945661222,0.9723017920139376,0.9662415438584167,0.9422609387976414,0.9243533551149186,0.9502525465411396,0.9407613371956666,0.922887735041715,0.8981298292232996,0.972805983063181,0.9528060412993827,0.9657819647215303,0.9456929965626409,0.8412278930180059,0.8616645152253136,0.7799714360504767,0.8785976954173328,0.9019665524088645,0.9039489191658383,0.871329279564139,0.8855585589789576,0.4422251159066806,-0.5279053411582031,0.9631222348508236,0.9506088276367947,0.9504262136047582,0.9436355769058764,0.9576474840910838,0.9656759781042246,0.9652963414152615,0.9335549879359514,0.9614064422363771,0.8862478221168549,0.7833742455247354,0.9557072349801401,0.954542332527736,0.8009450570145836,0.9429128565044615,0.9445284877447154,0.8750154658159018,0.9805718055696806,0.7755375269357832,0.4877426464751917,0.6724057741355984,0.7978141400242553,0.8001252252715061,0.7788692991037249,0.9826353736513835,0.9826443075861822,0.7192686541504557,0.7006999174432061,0.7110073744565155,0.40446341793107177,0.7090220562134364,0.7160467960225567,0.7253570228429731,0.7157970704495333,0.756257706235979,0.692291696251713,0.6756266136432446,-0.34397824542088684,-0.48449311531206324,0.6641766179370946,0.853569532090701,0.8784225837939066,0.8867564603827494,0.8779373069703272,0.76244135924329,0.8580712285540297,0.8679650556435293,0.8748800043465872,0.7351546302659617,-0.06867229592701134],[0.999933004200304,0.9998530435079879,0.9876020163865259,1.0,0.9993995977972234,0.984751303810517,0.9980930878899301,0.9966807249934352,0.9728058056243976,0.9969386332319126,0.9953050771545656,0.9948249063316189,0.9967627574234141,0.9968800999407162,0.9967227851681963,0.997973349034632,0.9983502011249237,0.9985815250963688,0.9971896297317413,0.9971987861825364,0.9972035730403102,0.9967351710852026,0.9893548785892727,0.9744003620908582,0.9915113941637097,0.9619221595806419,0.9907370109246242,0.9887280268230824,0.9724356951637155,0.9576144437695362,0.9918669125303157,0.9934597122222283,0.9928386521861814,0.9787807797961142,0.9978508735545139,0.998098204424039,0.9978086698396053,0.9968945581427694,0.9960564110789822,0.9980177059748082,0.9985679637135154,0.9987789862535125,0.9978240938465063,0.9978316378797103,0.9794700257278868,0.9201074566241555,0.9518802589666858,0.9395638639749363,0.937552654111438,0.9120537428010456,0.9613340759538805,0.9480830375445168,0.9630693088341791,0.9659826492547915,0.9548332169793633,0.9827235463644942,0.9810533796063701,0.9901808011277105,0.9940909351889672,0.9861935316684418,0.9815342860774225,0.9870958331984593,0.9860925159444681,0.9875624255924503,0.9874214353643599,0.9483427897912313,0.9748626810375353,0.9753869981083194,0.975133339039231,0.941467063111608,0.981477567539022,0.9762892540864805,0.98465192410806,0.9839771217895157,0.9237485291750518,0.8972883167046664,0.8647374255365816,0.911928245591676,0.9258890007932846,0.9258523480518375,0.9243746283635682,0.9232096822901685,0.6394887155381638,-0.5412443656630472,0.9802040706778665,0.9749486954815706,0.9722871212103977,0.9868344553570062,0.9736709643707067,0.9839125249236724,0.9838936259063332,0.9441997762553694,0.9839934314997879,0.9347643592027914,0.8023758110037185,0.9228903062211331,0.9381694610679391,0.8214977412711838,0.956419745209631,0.95716016889555,0.9016884179243256,0.9689215718886541,0.8891807098870508,0.5797002578925886,0.7262970683497604,0.8970084506954077,0.8691274945544242,0.8880866772462147,0.9765089937994823,0.9766676857056587,0.7872338013780092,0.7520883490571971,0.8175202286104025,0.45657965351847896,0.8016520433652614,0.8213875228446793,0.8164656000623641,0.8121264731529826,0.7946506378364308,0.7558527328674847,0.7402552762555532,-0.2806563417751287,-0.4252661992261164,0.6949128538815944,0.8895676644408252,0.9295338899791069,0.93936885309311,0.904395895411541,0.8258782271207039,0.9071768140639307,0.9227488482662269,0.9227204664039956,0.8533811791646995,-0.1388618492855738],[0.9991701772053222,0.9983010476564614,0.9934106173702094,0.9993995977972234,1.0,0.9872704407107966,0.9990068168941779,0.9985423150928826,0.9844701488628668,0.9985413819333266,0.9981402582322824,0.9980776724458051,0.9985608592281989,0.9985727711459335,0.9985737622785118,0.9990576442640378,0.9988061797790623,0.9992463198946605,0.9988382998021321,0.9988397829277345,0.9986178626649604,0.9985606884641007,0.9948811896412331,0.9816919031837326,0.9951389123433079,0.9783350674038384,0.9951565867206965,0.9922944405720188,0.98445742581767,0.9608030694596916,0.9893279306677067,0.9919942751180254,0.9903323548183912,0.9714814922084538,0.9988486108852129,0.9989120303234553,0.9989354464523125,0.9986647783734686,0.9985754124439349,0.9989034564703382,0.9989237343273787,0.9991490091675113,0.9988640735891223,0.9988653701033245,0.9885799341036456,0.92936635129148,0.9512299327435844,0.9470697707311049,0.9384261817375789,0.9077182492740808,0.9498305165277704,0.9442144436705846,0.9540668279927126,0.9602457077378781,0.9487733203754878,0.9806576642463887,0.9805893444137642,0.9903190408791592,0.9939752094258583,0.9825280580651828,0.9757032706336148,0.9819249829132106,0.982392707991232,0.9823085875750766,0.9821398520946456,0.9462411486912683,0.9669016254211085,0.9607141317785202,0.9604217853654364,0.9148538603483687,0.9786432547340973,0.9749391628972188,0.9806884039496064,0.9799210217182879,0.9385911812237454,0.8790421568236334,0.8453939566484502,0.8981828930119261,0.9305808825429389,0.9167446106119853,0.9230944310629178,0.9221394585234922,0.776042789889988,-0.5422695119265636,0.9743444269085424,0.9650671666281871,0.9634568152966665,0.9833616719112488,0.9643082545721492,0.977776735584091,0.977449568593991,0.9359423367880363,0.9790568677660189,0.9378390322208161,0.7923469359581701,0.9364343993366596,0.9569997547190072,0.788846749148806,0.9451439145762268,0.9464817876218572,0.8966540309142783,0.9735867400198713,0.8908415215850138,0.4188428948736747,0.671871297521428,0.8966854330171965,0.8496667893196399,0.892630159939322,0.9799387122716106,0.980060466936906,0.7544601346228211,0.7369292144754445,0.7584138658463507,0.4357236015299726,0.7148746616209052,0.7628437702388599,0.7585769273012184,0.7233447964508154,0.7826709419227443,0.7422626527545311,0.7257946210000635,-0.48066530493752607,-0.5637058221517535,0.6898733147117692,0.8851756826784078,0.9170208120653186,0.9353972177718717,0.9032893256684994,0.8095189091861346,0.8986024517191403,0.9112532612812675,0.9107630966392967,0.793207082841908,0.07129452448964028],[0.9836770567665152,0.9897451017670374,0.9913117831700328,0.984751303810517,0.9872704407107966,1.0,0.9812682249288085,0.9824907139001037,0.9930936468616233,0.9818447112817977,0.9777360833939621,0.9767488224245156,0.9823208776433979,0.9827792161083119,0.982558840471106,0.9821576909855447,0.9858005522191906,0.9831576373807456,0.9830303633930124,0.9830192094898746,0.9813232555338849,0.9824355252022434,0.9941970217379583,0.9934854997513857,0.9836815161552087,0.9876030319445692,0.9841305618915375,0.9741797511195736,0.9875622067880977,0.9741109773913206,0.9596900596318938,0.9656409856422074,0.9757559208019669,0.9668681399473071,0.9809731026545684,0.9813662136015919,0.9822369581840391,0.9831953722564611,0.977620041415459,0.9817609152984453,0.9801939115474102,0.982002470127646,0.9812054674346636,0.9812004996161033,0.9959852617956824,0.8809081306076061,0.929267448999968,0.9261270756585619,0.9360854674559668,0.8948863639773658,0.9171667366058598,0.9110937090138637,0.920032151859039,0.936817435454856,0.9170788817461412,0.9492219261004976,0.9552656560578708,0.9616728851463276,0.9687035462681343,0.9726310158672556,0.988421005513094,0.9747645790294829,0.9857505573074936,0.9743719128953539,0.9738358825885375,0.9764122599377841,0.9721808540896195,0.9530133303154755,0.9524791414711867,0.9496019774509976,0.9845659620297874,0.9773447035595032,0.9737537647043695,0.9725195384596642,0.9665198085925528,0.9038371669118256,0.8606503288449818,0.9194784146048065,0.9235422028008352,0.9329859420355355,0.9140867984448321,0.9119802955278768,0.7606862836849224,-0.482926630683554,0.9828854311516536,0.9844776875077479,0.9808124135078337,0.9734439466953071,0.9759260413811345,0.9815334369197027,0.9811402791274113,0.9691346336353817,0.9714365558920318,0.9686935997955869,0.8043710823655417,0.8976870292287864,0.9569340980443558,0.83460659103251,0.9448964501567836,0.94597300536073,0.8659914195097055,0.958561125121322,0.8320719668911138,0.500782904174187,0.689377494494995,0.8418782013326541,0.819188523538556,0.8316875468488234,0.9583572685303107,0.9583672391707359,0.7397372437674207,0.7275049765063152,0.7503250391498889,0.45966867654434385,0.7465526424854132,0.7555305077366247,0.7492866210008795,0.747610670318776,0.7737692684201276,0.7143459498773403,0.7016787691088747,-0.3062304997825887,-0.4371496961562399,0.7013728358937701,0.8527795996141078,0.8678110366111831,0.8845534439929148,0.8618405109910385,0.7825971554546136,0.8464826636160601,0.8600126571303943,0.8599844077676854,0.8028682010336711,-0.09824740349695478],[0.9978685362057771,0.9942242084635066,0.9895816989991374,0.9980930878899301,0.9990068168941779,0.9812682249288085,1.0,0.9976100736527297,0.9570095325491809,0.9996267135560079,0.999592710434875,0.9996191702077296,0.9984819532426511,0.999493482367843,0.9992192896784905,0.9998936188920884,0.9967233367521695,0.999904817933871,0.9994074687188772,0.9994121268610698,0.9997256807405184,0.9993565940016185,0.9907649576961302,0.9749267263696761,0.9863494618818864,0.9282479715051213,0.9938365206938603,0.9928418664932337,0.9750652388766412,0.9542823249762253,0.9916931105336306,0.9921016171830558,0.993819331320105,0.9760832747282285,0.9990493241875673,0.9998593172316408,0.9997276904812141,0.9994951216910465,0.9997825819318847,0.9998450795303071,0.998572413527906,0.9997478579914635,0.9994150341890814,0.9990853271620769,0.9801360968871307,0.9364522693242779,0.9541146455306647,0.9517244911802883,0.9401267874476222,0.9066159153259754,0.9582469362085848,0.9477095921794659,0.9606055861915115,0.9636227761708873,0.9541047107318882,0.9821441410486116,0.9818884577580715,0.9920905634825878,0.9964578271227241,0.9524726367724597,0.9627546346108826,0.9737019118844125,0.9739451262459466,0.9751829584011383,0.952416669161114,0.9032005429109652,0.9574900782139384,0.9629069921496067,0.9439764815570859,0.8935150922840576,0.9687457371742347,0.9448996163606279,0.9699482580593667,0.9528492516200274,0.7990272933784907,0.8710855345771912,0.7973409713519297,0.8848919555404463,0.9011671562341343,0.9054699676559846,0.8856240145313871,0.8969854616665799,0.3885866871197132,-0.5763099098379726,0.9647592091039813,0.9501462903741904,0.9500717159561458,0.9539189896109433,0.9599547123699279,0.9710683003157956,0.9711429684561075,0.9238648301360277,0.9690926178066929,0.8578692560987474,0.7859950979139474,0.9372255210343298,0.9367073212927357,0.8083771871954325,0.9540418057534824,0.9548961968097214,0.900751440603263,0.9731595820506503,0.8329540379631231,0.5754872310699579,0.720120985500629,0.857037833344381,0.8509628711582982,0.838542446025713,0.9804375081130889,0.9806175889007661,0.7790051328054596,0.7345560629858818,0.7829066769939436,0.42932192662309127,0.781135599755031,0.7960293928282656,0.7884786121693861,0.7948302991403184,0.7801665282720354,0.7487928099695874,0.7313516082346472,-0.2942225669225481,-0.44648710264105723,0.703410080171713,0.8901601071245958,0.92236830156866,0.9406775460594776,0.9101410985719625,0.827757287261004,0.9093738820220131,0.9272961866605463,0.9259282397108763,0.7783881495077286,-0.10898459491243807],[0.9962857682952864,0.9918204079276701,0.9903255263291937,0.9966807249934352,0.9985423150928826,0.9824907139001037,0.9976100736527297,1.0,0.9676552629604053,0.9999998336690871,0.9999993342172772,0.9997698944365243,0.9999970836390341,0.9999929583314804,0.9999982980366173,0.9993472415746765,0.991734540657244,0.9994767264842073,0.9999111802272964,0.9999108896172938,0.9999660416320941,0.9999988068710869,0.9912832304560564,0.9766426359603878,0.9931139591685475,0.9421701905747462,0.9943244622323818,0.9912449153293952,0.9772533781561981,0.9538119048471325,0.9880597765927556,0.9939316764093977,0.9924711748592757,0.9732808054684738,0.9994796064965707,0.9995846955290917,0.9996846282745385,0.999750656106398,0.9992673437397328,0.9995221206517245,0.9982795284402924,0.9988766366104147,0.9995515086562875,0.9994217009626447,0.9818705430976357,0.9362879814582374,0.9516005845171436,0.9552105046915434,0.9391741921914945,0.8970870440239261,0.9564934933722818,0.9433533191960387,0.958512879308992,0.9582492915336117,0.948330944256474,0.9801620593509156,0.979094653503972,0.9910982563218989,0.9968933896134554,0.9479933760421556,0.9594226514216209,0.9682426689481297,0.9714333426031758,0.9700769694745832,0.9509164984023711,0.8973889425975198,0.9535296768198309,0.957013163205681,0.9391295563983443,0.8837072056768346,0.9665158200012167,0.9394784665784948,0.9651809071226658,0.9486919471914947,0.7883296754566852,0.8644516082377134,0.793390339096504,0.8782404942651909,0.8949900097734843,0.9017351238135418,0.8817311032587715,0.8910009780612604,0.37280791125151597,-0.579818557688336,0.961342757135606,0.9450512849059972,0.945192550924727,0.9521508589273152,0.9563436595063163,0.9677298948982286,0.967792291749751,0.9204513993470974,0.9632303457243441,0.8489720731111844,0.7833691019009466,0.9494591819458502,0.9468408406642742,0.8055627680158928,0.9539385826252111,0.9549433793387867,0.898248583308946,0.9768547778549592,0.8355224947483045,0.5611706179330055,0.711645543387872,0.8577274237361066,0.8477340023760139,0.8403718878236379,0.9827030535676305,0.9828841930885488,0.770353099933372,0.7273786509923912,0.7839011346493925,0.41774928376621634,0.7760390334015456,0.7914004208211645,0.7886208338448464,0.7892353258476551,0.7743577897573156,0.7432142640814596,0.7252392030327822,-0.3093554580239161,-0.4605340432476525,0.6911855053083845,0.8829333989632645,0.9197320517160955,0.9332414684570444,0.904566247509867,0.8173770732294394,0.9030148874402008,0.9210379476615143,0.9199213447605505,0.7601250334349138,-0.09221154559527334],[0.9707104154142168,0.9870034558329471,0.9911854611194183,0.9728058056243976,0.9844701488628668,0.9930936468616233,0.9570095325491809,0.9676552629604053,1.0,0.9826967037567035,0.9872297181583691,0.9896578497781187,0.9712914273417379,0.9796112765325077,0.9761866519576408,0.974185010270938,0.9498952310662796,0.979046505691172,0.976883321882588,0.9768303163476002,0.9811913086311345,0.9760278893479138,0.9939079089819504,0.9933065425568054,0.9802822546627512,0.9896900428771146,0.9834145408677918,0.9904225308926101,0.9907033452821769,0.9695642988843172,0.9275068003325354,0.949096292017286,0.9663211879286041,0.9525090516041805,0.970600241576846,0.9790909680084325,0.9756901380934229,0.9780585037595712,0.9881198134657626,0.9802497151405308,0.966797449535267,0.9763081013946069,0.9714661620284757,0.9704311068906719,0.9990237365565944,0.8994139385992995,0.9225037025373887,0.9500395554097086,0.9397992608676737,0.8754838159543024,0.8860636340147059,0.8856296750700315,0.8900704286094364,0.9157592391760246,0.8957743091427722,0.9291556274362361,0.9457938660590377,0.9510441902168189,0.961023082781973,0.9060284926373097,0.9685138018667848,0.9477122528042973,0.9672603841719069,0.947714045434783,0.9046788627338612,0.917781707834647,0.9452111862043473,0.91880180256688,0.8832794532008059,0.8859990523385636,0.9688123575878015,0.9230211970713548,0.945600958302704,0.908778845027375,0.8318457249465194,0.8569684305084483,0.7393673498315821,0.8754840302660399,0.8849747437696659,0.8984453609587374,0.8474393079938166,0.8658898587684909,0.4240297723315247,-0.5102142308263434,0.9589408441462237,0.9538793711954937,0.9513103411822025,0.904372480385277,0.9496124436098746,0.9571549257615191,0.9565966656943076,0.93854238228223,0.9425517529688215,0.8770694377119749,0.7894687095005589,0.9413827513909556,0.9622138900638764,0.8102273744483768,0.9362742094998943,0.9378899666964539,0.852641464002885,0.9680737261997632,0.7416265959280531,0.44987445171756957,0.6534722832085118,0.7745335488630446,0.7767059382219244,0.752737039661845,0.9673942534040579,0.9673509775736154,0.7002632323471284,0.6904511661818157,0.6761683709626576,0.41209932984221836,0.6906359441875165,0.6937650903615703,0.6753908132014227,0.6937566674014074,0.749000646422246,0.6858131222929693,0.6704858453104816,-0.34950327739092385,-0.4862631158589463,0.7018884551201475,0.8377850526859248,0.831180355693429,0.8610736038760906,0.8567465857366339,0.7540811643318824,0.8137487705749454,0.8369815679311998,0.8308598367549277,0.7069669260209163,-0.028666038392717957],[0.996498647980352,0.991829289735267,0.9929563800901645,0.9969386332319126,0.9985413819333266,0.9818447112817977,0.9996267135560079,0.9999998336690871,0.9826967037567035,1.0,0.9999991487785733,0.9997744204326555,0.999998528829419,0.9999918570058676,0.9999978309054561,0.9996923111755367,0.9979165946857913,0.9994744688980665,0.999886869193976,0.9998868845758532,0.9999780818049954,0.9999993387026306,0.9938306406151916,0.9783489073517185,0.996305815254661,0.9744795840917385,0.9963923275001987,0.9912396761572553,0.9816066229071028,0.9551389711898445,0.9898518992522548,0.993847609207861,0.9901730932128296,0.9700924317180697,0.9995128308198697,0.9995782219241172,0.9995908678350249,0.99983762614597,0.9992793514437787,0.9995295590238673,0.9985067412322999,0.998920918975995,0.9995189709953232,0.9995144618984199,0.986267498371017,0.9362295781880342,0.9516332751541621,0.9550943224724406,0.9390657344302912,0.8972056639625403,0.9479808151582266,0.938607455715001,0.9516265680685992,0.956526907482246,0.9465369825817558,0.9793145620477995,0.9791276362718184,0.9916606019698833,0.9967227381842532,0.9728942939563948,0.9593800751631897,0.9722455922425562,0.9714023804038048,0.9727647932163574,0.9725427105445077,0.9338074738031162,0.9534896691731497,0.9512074744129865,0.9509180652933976,0.9031925571899548,0.9664549322234117,0.965358888857985,0.9712145016725515,0.9702757558373287,0.924950803815095,0.8644831808525607,0.8251581723466154,0.8780713064555671,0.9138802454860114,0.902196724659285,0.9076014014748445,0.9068358974600748,0.7308506559330554,-0.5831579638361614,0.9613158795975164,0.9450364586311369,0.9451904821488196,0.9739236564756347,0.9516578108418009,0.9674102184713254,0.9670576276533425,0.9211347025697311,0.9689029360004467,0.9233108497489593,0.783371000203855,0.9492125198869418,0.9582957043852196,0.7903327426071902,0.9479386086580024,0.9491079610101659,0.8983210589171876,0.9760842556239874,0.8988481919586664,0.45947625922240287,0.6889357653270355,0.9046643292861049,0.857746298089378,0.9006147655610316,0.9826641953223074,0.9828729837687642,0.7704217696049752,0.7271670394337253,0.7736713656121612,0.41785952066173404,0.7311372917683133,0.7783043481619785,0.7738657844625689,0.7415131630731329,0.7741447593204328,0.7431854413942068,0.7251941515618648,-0.5256164913061123,-0.6090322442540133,0.6906400565412764,0.8829670584369828,0.9200033657539467,0.9376478962629708,0.9046179872990205,0.8140989277919314,0.8996658451188984,0.9138489449735456,0.9133313017367795,0.8053462236183073,0.1341801252219543],[0.9946257760241967,0.9918536778269516,0.9969077315317518,0.9953050771545656,0.9981402582322824,0.9777360833939621,0.999592710434875,0.9999993342172772,0.9872297181583691,0.9999991487785733,1.0,0.9997738505975667,0.9999963858767781,0.9999949195648253,0.9999983665678378,0.9996773702537096,0.9976199289002659,0.9992256686712848,0.9997916841463211,0.9997917715288543,0.9999984468175119,0.9999984004599672,0.993195244605998,0.9744209003719569,0.9953856776397048,0.982543786576953,0.995965794690053,0.991252489737304,0.9838291236445712,0.9480636805586103,0.9891339907354176,0.9933953415327234,0.9841337817200357,0.9461040665793398,0.9993026119774108,0.9993568893483927,0.9992984619467569,0.9998975918166694,0.9992633338675344,0.9993084760627897,0.9979852208121249,0.9985419587063414,0.9992776346901121,0.9992754218901104,0.988584061806844,0.9359490932301632,0.9195676627725513,0.9550488786610624,0.9389861050875106,0.8969165734732131,0.9186187300527724,0.9091679256002685,0.9229496295030781,0.9313823299308699,0.9170748478765404,0.9719568876500086,0.9719335208287834,0.990737807160335,0.9953045319135325,0.9650156793067061,0.9595100341480554,0.9598206516143488,0.9621191480809366,0.9611191796102941,0.9608456840762147,0.9094211076150251,0.9430737353311458,0.9171996893775352,0.9167248065312076,0.8348914230499572,0.9644052553564664,0.969731628847156,0.9662887510524374,0.9651731403177517,0.9172870955528555,0.8004001464758979,0.7639946500546192,0.8419753831837293,0.8940738071706724,0.8638190207782639,0.8788938207872216,0.8776186354100065,0.7321873119444992,-0.38569737658705655,0.948716323867853,0.9451827261824823,0.9452972652553481,0.9661181605952184,0.937912318480913,0.9513806067700323,0.9507011183569671,0.8933638574327196,0.9540057092725789,0.8976481910056373,0.7835315225177124,0.9495170645157339,0.9622814275731256,0.6858994557192076,0.9087659664540926,0.9113734881927943,0.8561092706400756,0.9852584336778428,0.8439524289140028,0.11815569930829076,0.5417531693822282,0.8559966729265661,0.8234147267356826,0.8507965173475374,0.9860056367650156,0.9860251530554003,0.5338747359609441,0.6420336335194925,0.541303832042062,0.41779600457699745,0.5089495785794717,0.5519163013278607,0.5424350045918529,0.4806109931962616,0.7630681068354054,0.6122562624332901,0.5739625541078208,-0.4865970936997233,-0.5450093776599876,0.6900950158286623,0.8629487727251873,0.8754461494439023,0.9078971363512129,0.8983899754914604,0.6819565604084173,0.8495861358240111,0.8685061118273065,0.8678190790129817,0.6195172645016801,0.08343474327119993],[0.9939390933192923,0.9932607842767337,0.9960796877058036,0.9948249063316189,0.9980776724458051,0.9767488224245156,0.9996191702077296,0.9997698944365243,0.9896578497781187,0.9997744204326555,0.9997738505975667,1.0,0.9997874030017818,0.9997734029882404,0.9997792272132962,0.9996772614588009,0.9982467757821244,0.9994189629886973,0.9999710860219974,0.9999708245185419,0.9997784337270821,0.9997835946144837,0.9928297786747583,0.9715007020960474,0.9942419978021605,0.9833406297789125,0.9950147802367639,0.9936718069083461,0.9801714549702764,0.9298224706549149,0.9917235370936269,0.9944197469174793,0.9797786724748433,0.92822420990341,0.9994329849882583,0.999479065892958,0.9994412581319281,0.999599438351392,0.9996228144433231,0.9994569489724986,0.9978685129861338,0.9985747866997988,0.9994201808578898,0.9994170740076413,0.9899068517487992,0.9316144903796008,0.9067183507028295,0.9520973829178716,0.937723726859495,0.896858785291636,0.8850634505009657,0.9217194915162269,0.8885168260188557,0.9088606264056172,0.8833862203556992,0.9602669378690867,0.9602525041707899,0.982091021219895,0.9948207835789015,0.9636376705356684,0.9640320850507941,0.9549341586485294,0.9596872272446652,0.9573453928706803,0.9571331979940263,0.9090011864689388,0.9336538632241657,0.9012967076463385,0.9010548927665119,0.8180199051143614,0.9633024845548156,0.9652965988916491,0.965338184212209,0.9646736056625625,0.9239398524456748,0.7529394600777723,0.714020829473458,0.8091007543396523,0.8727531035414556,0.8293281245276702,0.8518508215722771,0.8510461312895674,0.7136577825764542,-0.2655799163459666,0.9426424684621776,0.9474519187043297,0.9422676996864007,0.9643576007974587,0.9376570851559453,0.9461045032809321,0.9452082739918715,0.8910281819039749,0.9483433390349006,0.8940791943295358,0.7376426849392003,0.9470848194242906,0.9413378294581025,0.5632564352111963,0.8554282003389383,0.8598212279618002,0.7549088030466513,0.9792635208827666,0.731379140760725,-0.2500413378715351,0.28222927527593755,0.7547964099661133,0.7110439351132922,0.7486212102215555,0.9804062643792626,0.9804992464617388,0.22874821083128047,0.38681436885370635,0.23461525575887643,0.20613312450457025,0.22650875206620996,0.24203660675409314,0.2397027276094641,0.15648384274470725,0.5680313408332186,0.30451387387776985,0.252823595084987,-0.5000440963985012,-0.5473731839201251,0.6905582522338441,0.7623370314155434,0.7857126260801545,0.849220240438719,0.8296911311215289,0.5858141865508338,0.7689990883051571,0.7804759233519631,0.7794578743126342,0.4404270740640261,0.27293574357465145],[0.9963847892512695,0.9919262286390207,0.990178519634073,0.9967627574234141,0.9985608592281989,0.9823208776433979,0.9984819532426511,0.9999970836390341,0.9712914273417379,0.999998528829419,0.9999963858767781,0.9997874030017818,1.0,0.9999913768959384,0.9999976860046097,0.9993933979810992,0.9933665825552523,0.9995152626965437,0.999920491355767,0.9999203625585142,0.9999729438413607,0.9999989791248192,0.9911636404090365,0.9764488915896716,0.9937630079418625,0.947074450053509,0.9942768646881072,0.9913544920084318,0.977054799100728,0.9537565881029555,0.9889688000438828,0.9940151994724281,0.9925518641716603,0.9734033524361132,0.9995223301823617,0.9996236130931541,0.9997146480327038,0.9997495255925448,0.9993240741128457,0.9995622716233172,0.9983647129455494,0.9989420939456409,0.9995941307927106,0.999465055907977,0.9816255476470691,0.936548251670523,0.9517650644751942,0.9551338712004013,0.9392486555979994,0.8976848614382158,0.9568504548205297,0.9437418087835614,0.9588727488559892,0.9585821532227746,0.9487244158256527,0.980415864370891,0.9792812186989863,0.9912343273657543,0.9969760837619709,0.9482442051355949,0.9594403014547442,0.9684248738430368,0.9714781572988513,0.9702575045985905,0.9511209007515011,0.8973405473037322,0.9536669049145343,0.9573156510212167,0.9394836957605545,0.8838716233829819,0.966517180823356,0.9396137789058085,0.9653272437474968,0.9489244329227909,0.7882385329374734,0.8647119997271097,0.7938316603751845,0.8784853357266612,0.8951978876804665,0.9018566391851947,0.8820424803772795,0.8913052667010641,0.37291525330529424,-0.5799014343653373,0.961425589700148,0.9451670978035186,0.9453018297353812,0.952353414452247,0.9564292885147591,0.9678331868990113,0.9678977420070877,0.9204230465079355,0.9634319368723706,0.8489643152892138,0.7834277806079786,0.9489073078416113,0.946343284468863,0.8055937273091346,0.9539440402502135,0.9549399649885667,0.8985920592427858,0.9767169454579215,0.8360210639855123,0.5622752105044836,0.7122957213842239,0.8582111330066076,0.8482692937760611,0.8408625966595552,0.982644457276897,0.9828259119951506,0.7709662259381634,0.7278817137416919,0.7845193617110175,0.4183683330798925,0.7767075238741492,0.7920966004715572,0.789253259911374,0.7899469529835267,0.7746952532286535,0.7436660157801758,0.725705965613299,-0.30844219538481576,-0.4597273000333459,0.6915853694903934,0.8834566926674529,0.9202142049399995,0.9337822982002766,0.9050519916633646,0.8179438182501754,0.9036044281680254,0.9216285543553278,0.9205024342542117,0.7608086083753374,-0.09325277739135954],[0.9964165441646353,0.9918240507629905,0.9922913098960737,0.9968800999407162,0.9985727711459335,0.9827792161083119,0.999493482367843,0.9999929583314804,0.9796112765325077,0.9999918570058676,0.9999949195648253,0.9997734029882404,0.9999913768959384,1.0,0.9999952129958063,0.9995801840088122,0.9978720112040055,0.9994747371820647,0.9999061673740299,0.9999052282952909,0.9999552399070573,0.9999916809057173,0.9930680329343344,0.976853554445964,0.9960267336434898,0.9685100203546168,0.9958155498529521,0.9912213573316216,0.9774979862995788,0.953931487260448,0.9893526074248813,0.9940836292506491,0.9918734917160736,0.9729727711055391,0.9995023175605142,0.9995776399166689,0.9996355990475294,0.9998909702868485,0.9992893387489636,0.9995123216984815,0.9982358917734225,0.9988665466875296,0.9995221398840144,0.9995154670226504,0.9841507854830343,0.9363776961107945,0.9515414376995829,0.9550493041333551,0.9390227903282864,0.8971935534664666,0.9518048639051772,0.9368688437967919,0.9541028770280033,0.9579785580439039,0.9480210264869683,0.9789614981804308,0.9789636960613755,0.9905343935647293,0.9969725679097229,0.973732886850004,0.959130864319852,0.973383302341541,0.9714132759604168,0.9743286002953536,0.9741020735921734,0.9430398847900936,0.9532266158001573,0.9561581553871442,0.9558566619903552,0.9199371112280508,0.9664821278913878,0.9683266291276335,0.9731757065368649,0.9721524360498887,0.9335435122829703,0.8642352021564942,0.8306384319156564,0.8778918914258499,0.9056105850513947,0.901579839325068,0.9023431710545899,0.9012578594600168,0.70888934256669,-0.5801116170862024,0.9613396437172383,0.9448957257256089,0.9449270417843667,0.9747785535183935,0.9564321505790903,0.967736997334267,0.9678158471891876,0.9204904160466156,0.9690855448636679,0.9318743813596557,0.7832918461689825,0.9489900456392815,0.9514317829366067,0.804892226206103,0.9538120213490119,0.9547685264913994,0.8981952069456838,0.9770566046371901,0.8855626256195817,0.5613970019772142,0.7111446027312402,0.8934015009518594,0.8614653370744841,0.8843999194016454,0.9829053977514911,0.983111344229972,0.7695603251047994,0.7266680126135994,0.8037902587556867,0.41787670361110196,0.7829709253747703,0.8081911952086063,0.8027288696726526,0.7899876935657478,0.7742420236134633,0.7419200301002243,0.723971676658705,-0.39869142543828423,-0.5210539676182372,0.6900788499794367,0.8829656253461615,0.916603131282498,0.9292457986328921,0.9049475164506814,0.8164253804115286,0.8914408788734453,0.9097219252142829,0.9093192383571427,0.8408450082080962,-0.059861350480546596],[0.996328328456093,0.9918815496864921,0.9903798776695648,0.9967227851681963,0.9985737622785118,0.982558840471106,0.9992192896784905,0.9999982980366173,0.9761866519576408,0.9999978309054561,0.9999983665678378,0.9997792272132962,0.9999976860046097,0.9999952129958063,1.0,0.999480947491442,0.9971674625371719,0.9994919100403186,0.9999139146970554,0.9999133308304228,0.9999669773172566,0.999997678447672,0.9913265913381699,0.9767054144658691,0.9953946946194617,0.9601895785058976,0.99520101763737,0.9913124866608569,0.9773063259666273,0.9539741635588956,0.9914398855313615,0.9942767254045978,0.992422678939863,0.9731977977486769,0.9994906891270698,0.9995857609941966,0.9996914538173743,0.9997654391789025,0.9992931478896542,0.9995194593499475,0.9983034636938595,0.998892041780693,0.9995609745903107,0.9994337317394885,0.9818712726273929,0.9363568412313074,0.9516188117344704,0.9551882216836467,0.9392353315449249,0.8973456734126722,0.9565691601451423,0.9434804248058921,0.9586190645351057,0.9582019148025211,0.9482501335690126,0.9801854748073545,0.9790413650333957,0.9910697133011408,0.9968584795290657,0.9482728116020936,0.9594786895536207,0.9684009500876835,0.9715145175316988,0.9702218897066024,0.9507368774810173,0.8975905341771192,0.953452783625476,0.9570759483050255,0.9393302134864902,0.883835188862806,0.9666541035084626,0.9398042642446043,0.9653736816282856,0.9489851981313968,0.788655151988871,0.8644590764912579,0.7936402295062741,0.8782877287037322,0.895152129535042,0.9017462449225605,0.8818767685671802,0.8911619518538401,0.37315266824662624,-0.5795186454763587,0.9614308319857611,0.945148710118454,0.9452848926004873,0.9509899895219395,0.9565114607620178,0.9678120229511089,0.9678714834773158,0.9206382504291445,0.9633896162164266,0.8492217555236273,0.7833878049640579,0.9491939849005991,0.9467499300420794,0.8055721460245728,0.9538719187987671,0.9548805575053912,0.8980704679920284,0.976870738630289,0.8355500234048043,0.5609936406552182,0.7115337407083098,0.8577332764274964,0.8478510857898509,0.8403959839711551,0.9827387982430603,0.9829170512821075,0.7699762064058953,0.727056010014699,0.783879165026019,0.41798632069109015,0.7760156350824564,0.7913204877330199,0.7887702709696053,0.7891367282192724,0.7742813028493337,0.7425001865750651,0.7245590102357842,-0.30917321113598734,-0.4603477173275513,0.6913946607782707,0.8828430424053699,0.9198494282572114,0.9332779577378119,0.9046079360849566,0.8171763043771731,0.9032088713998669,0.9210688483322331,0.9200670742880515,0.7602137245943997,-0.09247336644591006],[0.9977208530395837,0.99395537697468,0.9898405940497528,0.997973349034632,0.9990576442640378,0.9821576909855447,0.9998936188920884,0.9993472415746765,0.974185010270938,0.9996923111755367,0.9996773702537096,0.9996772614588009,0.9993933979810992,0.9995801840088122,0.999480947491442,1.0,0.9984571975787336,0.9998563244065501,0.9995656842646968,0.9995703040687207,0.9997773932472077,0.9995526853573697,0.9909685649285794,0.9756575640577925,0.9940841944563684,0.952898432665158,0.9937457450618148,0.9927100147095298,0.9755199087032037,0.9544981244402566,0.9918478319284572,0.9927392553525921,0.9932766052604192,0.9752497503251806,0.9992913199206189,0.9997408553911524,0.9997265486472766,0.9995849772988858,0.9996215879069495,0.9996973751716477,0.9988746604194959,0.9995985771031843,0.9995219359977442,0.9992888306650693,0.9805013803930906,0.935017156566127,0.9536738165699674,0.9523829804241228,0.9400508196880962,0.9038151257348948,0.9585868206085345,0.9479005083628791,0.9609161835089223,0.962215299163936,0.9523568762865984,0.9821247345574521,0.9810290106093755,0.9919986859729019,0.9963916196411285,0.9527453186823047,0.9630952472733778,0.9732402703692308,0.9740464539990342,0.9748030730804804,0.9535372289504838,0.9029806271998596,0.9568222478633168,0.9622337682656872,0.9441819985398677,0.8919541396599391,0.9691379378548287,0.9446807468862725,0.9696656649174759,0.9532897378739418,0.7969847039034045,0.8698884625722151,0.7980276710290377,0.8836341814559688,0.9001184222524862,0.9044980803713218,0.8855999048317325,0.8963459583217392,0.38459157090206986,-0.5763842036329664,0.9646902523434525,0.9499778671837547,0.9499227177922566,0.9550375078765013,0.960278264919555,0.9709360476808394,0.9709968555943936,0.9246772005610411,0.9684896958986242,0.8566595282404897,0.7851753331856903,0.9403146373854939,0.9390612704382745,0.8080288599836382,0.9539399451324388,0.9547778899947025,0.89823792409208,0.9735069572003331,0.834813679336546,0.5707553867332242,0.7165664532331556,0.857774