var element=document.getElementById("correlationClose");if(element.style.display!='none'){var correlationClose={"data":[{"type":"heatmap","z":[[1.0,0.9999886388501706,0.6625677656083502,0.9997294640353466,0.9980166992151149,1.0,0.9924594801132766,0.988889059813508,0.988889059813508,0.9931037044595861,0.977041293466578,0.9870332260741368,0.9924947948296341,0.9929014185532946,0.9925458970315134,0.8031412898126691,0.7397689993949952,0.30524037705583773,0.9933706668848042,0.9933628746007503,0.9856128806410575,0.9924854741863445,0.4159520813962442,0.7382987089558082,0.9819077447426483,0.9819077447426483,0.9818889170436945,0.9755869604003413,0.3291207928746355,-0.11925856861499076,0.9896582896523342,0.9896204868120719,0.27904558868759616,-0.1940976514287066,0.9947427783234603,0.995338813260014,0.8471135921390431,-0.3613174782918709,0.9906957835325223,0.995317257966965,0.7891096662361828,0.2860128016821291,0.9948829583846177,0.9948774281235897,0.9948829583846177,0.8914991648079816,0.652798565599052,0.9080828656842139,0.9142763345655454,0.8243415211874129,0.37619341345155843,-0.17258616311142524,0.20660333603232844,0.9476969948310813,0.3892604285999737,0.9749354990336193,0.97053881511334,0.9803049088119469,0.9897356487454416,0.9307869301904794,0.9383621425138571,0.9453177042128095,0.9303611254772027,0.9426358400346335,0.9432798646671461,0.9426358400346335,0.8831741749989883,0.9223569047550648,0.9232575487091322,0.9223569047550648,0.9225064085321985,0.7873881261863842,0.8953657036987328,0.8966453691302645,0.8953657036987328,0.6961071701056744,0.3764064879709506,0.6812515460104811,-0.5531560134913298,0.5867588946481518,0.6099402729598866,0.6102506529649917,0.6099402729598866,-0.09913188010794052,0.9110028044876315,0.9425342608733936,0.9264067741020803,0.9320999524081897,0.29138628609962497,0.9061447401463155,0.9069131254951304,0.9061447401463155,0.91058348297576,0.91058348297576,-0.10103524899482645,0.5879993104925424,0.16421480018963608,-0.6692984937850462,-0.5860512421649616,-0.5897354740037851,-0.1179121748914114,0.11790595169983208,0.213136370976829,0.025688028782896697,-0.5332039901121343,-0.007646950626102607,-0.7966820589182286,-0.27543749409658747,0.15954349545514263,0.16096068293575047,-0.5682928624418986,-0.5813009881241585,-0.26819874086274675,-0.5112371700460008,-0.8177656675609866,-0.39814614273728305,-0.3902195822397701,-0.39814614273728305,-0.21311118039555366,-0.3278556121647361,-0.3278556121647361,-0.8057811231786204,-0.8057811231786204,0.3803049131909453,0.6287925654405185,0.8546020016316522,0.8396046925506269,0.7566023767065041,-0.3213224081105066,0.7476792613410498,0.781087732578618,0.7813506376997417,0.781087732578618,-0.19755534682174064],[0.9999886388501706,1.0,0.9796049148268454,0.9994542283830317,0.9957532725423462,0.9999886388501705,0.9845182891011701,0.9786044552930404,0.9786044552930404,0.9843790549449093,0.9711349277369694,0.9858098532185208,0.9845521669863508,0.9844960249138134,0.9843954865687131,0.23953901690951923,0.1499402192829385,-0.41546604901802897,0.9882519923080174,0.988239972300208,0.9845983068741094,0.9845954879768913,-0.1344459814379575,0.9787831382063951,0.9798380273237899,0.9798380273237899,0.9798786223899542,0.9758260611306816,0.12253590924397338,0.1440656628246894,0.9817350370500794,0.9817802085137981,0.8486120470527021,0.1320911855750811,0.9907747931427093,0.9908188219356309,0.9913750834322906,0.9856586685012217,0.9897638089787385,0.9908972497008488,0.193738566267129,-0.42051775340230296,0.9914298202847559,0.991421335189683,0.9914298202847559,0.8911573789972471,0.5001154457737175,0.9080639310753625,0.9141854909322418,0.8237996153601251,-0.32026312095964243,-0.49869108476772717,0.8353993304806148,0.8778161224706117,-0.2492008286433819,0.9363836706032882,0.9365250377790656,0.9569008463380481,0.9772687647512294,0.9496591971093641,0.9562372627534443,0.9415439081904896,0.9411882452357369,0.9457421375519386,0.9461861834666264,0.9457421375519386,0.8515297218705433,0.8258628585529525,0.8276091435678072,0.8258628585529525,0.9513629603176053,0.9546878451274114,0.9514074456054593,0.9522219470024124,0.9514074456054593,0.6076384918059888,0.5552344993653906,0.6497252775864134,0.7305852280808993,0.6380668307834668,0.6625506298809315,0.6631922263941245,0.6625506298809315,-0.1702278685951233,0.913812162070966,0.937535493800679,0.9290990525162719,0.9546178361948708,-0.2775599762331866,0.9100112115010858,0.9102597857871578,0.9100112115010858,0.9173863977687833,0.9173863977687833,-0.18885300604596894,0.5890244161501897,-0.36471443976054374,-0.766129235987085,-0.4604767085788942,-0.46415453733166584,-0.3687295907964048,0.2643345563357741,-0.25637714740416284,-0.48043162105272563,-0.7156985184134952,-0.34465821119031814,-0.47937183162115127,-0.4045849102252651,0.1317730558482438,0.12863235498683498,-0.48842366691492733,-0.4526626925203443,-0.4813381944329593,-0.5123969745684782,-0.5046844663784762,-0.4836100966740106,-0.48681157503569183,-0.4836100966740106,-0.35843493288784195,-0.5276913570199625,-0.5276913570199625,-0.49912670291055333,-0.49912670291055333,0.37970943329366075,0.3640371313449755,0.490262011349672,0.589398318883718,0.5221231617015902,-0.4357541468430535,0.35983740956244864,0.31203029011942285,0.3121697608192862,0.31203029011942285,0.15696820802520683],[0.6625677656083502,0.9796049148268454,1.0,0.6592737701061601,0.5898283244169793,0.6625677656083502,0.6446799304685337,0.6364684228018999,0.6364684228018999,0.5855873079065039,0.547041799143375,0.995444856199468,0.6446948863744295,0.6376856501374235,0.644879904945154,0.4348783439963973,0.4146105256870911,-0.19506948868224236,0.605724816125426,0.604976529092283,0.5709828139090489,0.6437322246595942,0.1961951043073037,0.7838272375611837,0.623119174502171,0.623119174502171,0.6228848488504678,0.9882986111658961,0.31105899476490934,0.13581224142186046,0.6028034028589041,0.6024098124487839,0.6859057512014242,-0.010604477206459947,0.6407032201269679,0.5798848353234678,0.6091666122199652,0.30602640076577114,0.9934982034375693,0.5748351394481905,0.4229968206537101,-0.20389859200936322,0.6575932474475997,0.6386927082003077,0.6575932474475997,0.8881756205711984,0.40054204163743407,0.9267558499624938,0.9045772388650228,0.7188339888271438,0.2153473862703266,-0.06204084209143278,0.050219736568037236,0.5229797945516529,-0.08661246787983312,0.5855505855067393,0.5498657836273197,0.5730000572049534,0.5371215508710818,-0.006414572709651694,0.7890672208578035,0.7218050741476518,0.6294450399017938,0.7275906695804344,0.7564285034723862,0.7275906695804344,0.5135351352782519,0.6327124246681178,0.6917674592596458,0.6327124246681178,0.6880474240107577,0.6707864099172087,0.72082779138691,0.7680101400554459,0.72082779138691,0.3925324007749394,-0.08706941958270076,0.4093583772088867,0.10122499899735812,0.39636096473560556,0.2623458571847429,0.48234094287926477,0.2623458571847429,-0.15711377386728703,0.6008863039748374,0.8781705035213462,0.6732498324527084,0.7689040087674972,-0.053526488245236585,0.6421056156596722,0.6415954176385484,0.6421056156596722,0.7109281083692816,0.7109281083692816,-0.2063073920061528,0.7034089633952925,-0.1876079613925162,-0.682808858336893,-0.4335743695604487,-0.43727051509279236,-0.41996081974341604,0.08901672540304284,0.0201809913027384,-0.32728173700239466,-0.6627987998050331,-0.1669249167169647,-0.3096836714181836,-0.2644075098156911,0.03729351719227615,0.03552378467177477,-0.4854382470423723,-0.057088302244469674,-0.2561928659057838,-0.5084788386704051,-0.19515639490316758,-0.4008904196963228,-0.28178612429931443,-0.4008904196963228,-0.4162911874720577,-0.5358287485665647,-0.5358287485665647,-0.2991535887402753,-0.2991535887402753,0.3235951633969693,0.18385698212464416,0.2794080539470003,0.5145385486982283,0.27405207997168923,-0.37627712688508835,-0.01702326963995317,0.4543834328600774,0.5574003633378503,0.4543834328600774,-0.018548425084025492],[0.9997294640353466,0.9994542283830317,0.6592737701061601,1.0,0.9989200533663235,0.9997294640353465,0.9937198353639674,0.9906000540389487,0.9906000540389487,0.9945769437530247,0.9751174205871321,0.9903470158024064,0.9937449656203466,0.9944390535907547,0.9937726732045952,0.8022593665401162,0.7384970700742374,0.2904642406432405,0.9944469337159138,0.9944421150714279,0.9857092218789776,0.9937287616717195,0.40736773496541373,0.7426368059577336,0.9844480727122987,0.9844480727122987,0.9844286519503166,0.9816708959981353,0.3249740881228559,-0.12539441244828067,0.9889859502436106,0.9889563450757082,0.27121183104563296,-0.19432973818348825,0.9952759051064025,0.9960650775785642,0.8137302941849657,-0.36573084415685797,0.9930656276023948,0.9962649974947954,0.7875062859508667,0.27094392482992896,0.9932839824541212,0.9953221584660894,0.9932839824541212,0.8891117589450908,0.6405722508605599,0.9123885314005287,0.9117732221766672,0.8070573020283482,0.371244044426201,-0.17757644921272625,0.20121498095895157,0.942303785180702,0.3734721613853135,0.9704900263305217,0.9676318799061305,0.9781551312636557,0.9896327056414779,0.9115261038200423,0.9327061353600093,0.9335798585826244,0.9269500246086589,0.927253940960409,0.9281156043029407,0.927253940960409,0.8760655205110884,0.9112386508654199,0.9122192484045899,0.9112386508654199,0.9196052657781589,0.7325922087667276,0.859909684655658,0.861187149428708,0.859909684655658,0.6888560293301786,0.14510056520218456,0.6724453084075201,-0.5575919222967827,0.5824770420872697,0.34641514249113886,0.5816213867395563,0.34641514249113886,-0.10521448937741623,0.9064833879595655,0.9362010097830061,0.9197799129102684,0.9109294893443219,0.2772960288930693,0.9023116752576246,0.9032054500281692,0.9023116752576246,0.8930806266969348,0.8930806266969348,-0.10551965973291692,0.6073977673585498,0.16895213174084572,-0.6788688047386628,-0.5925838821250441,-0.5961840446305072,-0.12960845666361553,0.11357795129308541,0.2064647164795179,0.012896617077218937,-0.5448116025440286,-0.01368406511684229,-0.8020117413570858,-0.28285813148344946,0.14998548651872726,0.15145883212463346,-0.5745785323591193,-0.5777291763047608,-0.26908049325673683,-0.521059425756362,-0.8189864950235963,-0.399220725550473,-0.39185353447744037,-0.399220725550473,-0.22114600323643913,-0.33693408291175586,-0.33693408291175586,-0.8051024347228706,-0.8051024347228706,0.37116850124549794,0.6175198286066128,0.8466722300100947,0.8319036535760239,0.7493154975496725,-0.3337178906129518,0.7386572293322833,0.7721893962294221,0.7724506493237738,0.7721893962294221,-0.18277834418412156],[0.9980166992151149,0.9957532725423462,0.5898283244169793,0.9989200533663235,1.0,0.9980166992151149,0.9972447469112725,0.9957703503207928,0.9957703503207928,0.9974438502234991,0.9677073011323329,0.9964896673104205,0.9972610995714587,0.9973382799594993,0.9972865905436239,0.7198110556602698,0.6322797132064949,0.08469853930307943,0.9977203105350158,0.9977205054782696,0.9877074882372131,0.9972491085059572,0.05403848312591826,0.7239494588005891,0.9924739176983061,0.9924739176983061,0.9924353998279322,0.990439111632481,0.10156133017717732,-0.10800778937865294,0.9873806560743748,0.9873127590335391,-0.021589493939810224,-0.0943380965464402,0.9978164576099335,0.9977465260127856,0.8049211935630826,-0.4869294247859698,0.9976830348458057,0.9980813771157433,0.69410695280421,0.060481519791013225,0.9977619797056383,0.9977669690173652,0.9977619797056383,0.9032441305690525,0.6049872491197483,0.9261928323504882,0.9147863751707891,0.7833568596228282,-0.08536968399856655,-0.5863660681475394,-0.18837649271930876,0.9316274867728503,0.2272978571061979,0.9664260978417394,0.9664428604717252,0.9806839082395414,0.9901587111297611,0.9108785515301601,0.9156594216570251,0.9246582381035061,0.915083642684664,0.9230900500627117,0.9234708808516016,0.9230900500627117,0.8527582060122734,0.8702826128337819,0.8713892393328205,0.8702826128337819,0.9091419607587311,0.8244645147728027,0.8903826180512673,0.8911629912258079,0.8903826180512673,0.6501043927141423,0.5361416480062586,0.6392780114782092,-0.5742687047283339,0.6334824023572355,0.6134616350275974,0.6124863022667922,0.6134616350275974,-0.12030135791562348,0.8899369881331558,0.9139604412724429,0.8988456802208847,0.9186021229420717,0.12317056678466977,0.8892633751798344,0.890280394309075,0.8892633751798344,0.8952846492249147,0.8952846492249147,-0.1439182979644163,0.6543346826508811,0.023736379161118214,-0.7080443003165754,-0.639555364293656,-0.6403123720498999,-0.1605486644220243,0.13686111391839748,-0.18283735578650062,-0.23336861282176533,-0.6145131271451474,-0.3715973764362233,-0.8477440795255562,-0.5579704610791835,0.12008804493477646,0.12140922182698849,-0.5999905948857851,-0.5716912488670299,-0.5431256575350424,-0.5583729808585178,-0.7766018843627601,-0.5943011095690988,-0.5971798130765521,-0.5943011095690988,-0.2589054467969222,-0.36974536378856904,-0.36974536378856904,-0.7453007587517295,-0.7453007587517295,0.3599982351008796,0.600399155615256,0.8005102298363693,0.7880259828523979,0.74015319263053,-0.459580447530775,0.5998162156279588,0.6638210530329697,0.6641114850794192,0.6638210530329697,0.04415805753268013],[1.0,0.9999886388501705,0.6625677656083502,0.9997294640353465,0.9980166992151149,1.0,0.9924594801132766,0.988889059813508,0.988889059813508,0.9931037044595861,0.977041293466578,0.9870332260741368,0.9924947948296341,0.9929014185532946,0.9925458970315134,0.8031412898126691,0.7397689993949952,0.30524037705583773,0.9933706668848042,0.9933628746007503,0.9856128806410575,0.9924854741863445,0.4159520813962442,0.7382987089558082,0.9819077447426483,0.9819077447426483,0.9818889170436945,0.9755869604003413,0.3291207928746355,-0.11925856861499076,0.9896582896523342,0.9896204868120719,0.27904558868759616,-0.1940976514287066,0.9947427783234603,0.995338813260014,0.8471135921390431,-0.3613174782918709,0.9906957835325223,0.995317257966965,0.7891096662361828,0.2860128016821291,0.9948829583846177,0.9948774281235897,0.9948829583846177,0.8914991648079816,0.652798565599052,0.9080828656842139,0.9142763345655454,0.8243415211874129,0.37619341345155843,-0.17258616311142524,0.20660333603232844,0.9476969948310813,0.3892604285999737,0.9749354990336193,0.97053881511334,0.9803049088119469,0.9897356487454416,0.9307869301904794,0.9383621425138571,0.9453177042128095,0.9303611254772027,0.9426358400346335,0.9432798646671461,0.9426358400346335,0.8831741749989883,0.9223569047550648,0.9232575487091322,0.9223569047550648,0.9225064085321985,0.7873881261863842,0.8953657036987328,0.8966453691302645,0.8953657036987328,0.6961071701056744,0.3764064879709506,0.6812515460104811,-0.5531560134913298,0.5867588946481518,0.6099402729598866,0.6102506529649917,0.6099402729598866,-0.09913188010794052,0.9110028044876315,0.9425342608733936,0.9264067741020803,0.9320999524081897,0.29138628609962497,0.9061447401463155,0.9069131254951304,0.9061447401463155,0.91058348297576,0.91058348297576,-0.10103524899482645,0.5879993104925424,0.16421480018963608,-0.6692984937850462,-0.5860512421649616,-0.5897354740037851,-0.1179121748914114,0.11790595169983208,0.213136370976829,0.025688028782896697,-0.5332039901121343,-0.007646950626102607,-0.7966820589182286,-0.27543749409658747,0.15954349545514263,0.16096068293575047,-0.5682928624418986,-0.5813009881241585,-0.26819874086274675,-0.5112371700460008,-0.8177656675609866,-0.39814614273728305,-0.3902195822397701,-0.39814614273728305,-0.21311118039555366,-0.3278556121647361,-0.3278556121647361,-0.8057811231786204,-0.8057811231786204,0.3803049131909453,0.6287925654405185,0.8546020016316522,0.8396046925506269,0.7566023767065041,-0.3213224081105066,0.7476792613410498,0.781087732578618,0.7813506376997417,0.781087732578618,-0.19755534682174064],[0.9924594801132766,0.9845182891011701,0.6446799304685337,0.9937198353639674,0.9972447469112725,0.9924594801132766,1.0,0.9975521426756297,0.9975521426756297,0.9999715109003517,0.961663227359964,0.9996884967523376,0.999996647746744,0.9999870868657299,0.9999934818691762,0.86889384658038,0.8570369312830766,0.2546343694538746,0.9998643078797179,0.9998645718116138,0.9900505981602488,0.9999968368175008,0.3249007234158232,0.7398252730340082,0.9860039804970481,0.9860039804970481,0.9870635315898353,0.9914474597287983,0.2550906683811853,-0.17840750654005696,0.9916381213135615,0.991590749524564,0.1793961074685098,-0.23986555993148714,0.9993542987637896,0.9994686059349256,0.4392720490215736,-0.30718781404486517,0.9990615744312953,0.9994325871990911,0.8520800293637117,0.2337947318393318,0.9434452643332801,0.999108570519292,0.9434452643332801,0.9127307963599232,0.6128031487478047,0.9402604546009462,0.9202442668766518,0.7491986207589708,0.41070927024897425,-0.11631434430141399,-0.19299514328543033,0.9303719175502821,0.34161398597799986,0.9680845447436018,0.9636290142217664,0.9791493990730706,0.9956076357078275,-0.02728211900517542,0.87759167329339,0.8384447500820236,0.8830750430716958,0.8331742584256755,0.796835490152354,0.8331742584256755,0.8169941034173275,0.8021015632855217,0.7910030220602067,0.8021015632855217,0.8758695144665876,0.3992115254935777,0.6008383705242242,0.660863968374569,0.6008383705242242,0.6196367425137154,-0.3408818129391313,0.5922513282362882,-0.6218134837903757,0.5143708363825791,-0.08684552905731881,0.4496653096387097,-0.08684552905731881,-0.14597710074087486,0.854664839524895,0.8767609967952243,0.8619014201223861,0.7722803404736497,0.24086341639600756,0.8538108323659765,0.8551181970057642,0.8538108323659765,0.7737001266662726,0.7737001266662726,-0.1794750530985336,0.6959666397886428,0.235701512214385,-0.6857597161125613,-0.6319011929656053,-0.6350771307038264,-0.17172622854034514,0.06480204667652606,0.32348178553845097,-0.016594109036364227,-0.5580819116889554,0.04854282630871332,-0.8282761202812956,-0.18090186917668155,0.08583419271233934,0.08731869584635354,-0.6160138760855797,-0.5884115353458083,-0.10482896890819551,-0.5922970833990086,-0.8333239308977923,-0.39116686422499053,-0.22483138776642433,-0.39116686422499053,-0.2900430583556537,-0.37792200094490125,-0.37792200094490125,-0.8254869210019409,-0.8254869210019409,0.3615322037239172,0.58477621628363,0.5070522581845474,0.8016752454814287,0.7359298588211953,-0.3825234096695853,0.06746624633257897,0.7468786471702576,0.7661722488670685,0.7468786471702576,-0.11720086845926735],[0.988889059813508,0.9786044552930404,0.6364684228018999,0.9906000540389487,0.9957703503207928,0.988889059813508,0.9975521426756297,1.0,1.0,0.9995727739907864,0.9551644644018998,0.9987722527747573,0.9982893553168494,0.9994201625812466,0.9991685312739761,0.8662894533426985,0.8459092663461613,0.23308207748186166,0.9992093864767974,0.999211313632971,0.9874953808885196,0.9993013922596468,0.29979808685061093,0.7411909363727875,0.9929096424915663,0.9929096424915663,0.9852353053563501,0.988831600560315,0.2377904082959598,-0.19150088759664477,0.9879750946232969,0.9914065183317194,0.1609990906499471,-0.24566072396361896,0.9983428879699124,0.9983288452181726,0.42211120129488827,-0.3135468706932085,0.9972339289530522,0.9982758744936273,0.8497102795680164,0.2118545494794614,0.9362667098171998,0.9981720164043446,0.9362667098171998,0.9103879741259933,0.5979957287806847,0.9405510707780147,0.9176901373026827,0.7284958284460663,0.398011475792637,-0.1309371570063106,-0.20517630221287073,0.922152826476436,0.32147961565043887,0.9635356162073289,0.9586079670472523,0.974216271220197,0.994610641266108,-0.03657233661904564,0.8676084479241515,0.8238634920813819,0.8756329884831876,0.8196780328584409,0.7853485998237414,0.8196780328584409,0.8058509340971692,0.7847700123609332,0.778260736039845,0.7847700123609332,0.868670657652409,0.3811606305970215,0.5820608899082841,0.6455311636538658,0.5820608899082841,0.6080689754806904,-0.35486995321509474,0.5790622813569187,-0.6287599081883312,0.5075004790442225,-0.10791433716457524,0.43451825209028816,-0.10791433716457524,-0.15231772653218015,0.8460003410501605,0.8643707910943147,0.850964710609933,0.7584655349350249,0.22335145951764007,0.845714737950085,0.8471888309649307,0.845714737950085,0.7578345702469728,0.7578345702469728,-0.19378729778562462,0.7183756053893487,0.24245062334457598,-0.6948146537138203,-0.6439994908641691,-0.6469967407233636,-0.18600669938706227,0.05756754090887702,0.31647988158037443,-0.035435324899222444,-0.5702384244074418,0.03931296611565136,-0.8337635513273808,-0.18736288490037925,0.07115663791326224,0.07266634984346924,-0.6270487680525203,-0.5893007371519667,-0.11160723755677589,-0.6080804498533892,-0.8326777345961529,-0.40229156257981136,-0.2309645135242652,-0.40229156257981136,-0.30664703346404876,-0.39096582991055256,-0.39096582991055256,-0.8233105899488519,-0.8233105899488519,0.34307318905103135,0.568483196277704,0.48887355488128836,0.7842518501184359,0.7237033390158311,-0.40329435550452225,0.053870478899379064,0.7281518176964148,0.7506840992924142,0.7281518176964148,-0.10034462831857942],[0.988889059813508,0.9786044552930404,0.6364684228018999,0.9906000540389487,0.9957703503207928,0.988889059813508,0.9975521426756297,1.0,1.0,0.9995727739907864,0.9551644644018998,0.9987722527747573,0.9982893553168494,0.9994201625812466,0.9991685312739761,0.8662894533426985,0.8459092663461613,0.23308207748186166,0.9992093864767974,0.999211313632971,0.9874953808885196,0.9993013922596468,0.29979808685061093,0.7411909363727875,0.9929096424915663,0.9929096424915663,0.9852353053563501,0.988831600560315,0.2377904082959598,-0.19150088759664477,0.9879750946232969,0.9914065183317194,0.1609990906499471,-0.24566072396361896,0.9983428879699124,0.9983288452181726,0.42211120129488827,-0.3135468706932085,0.9972339289530522,0.9982758744936273,0.8497102795680164,0.2118545494794614,0.9362667098171998,0.9981720164043446,0.9362667098171998,0.9103879741259933,0.5979957287806847,0.9405510707780147,0.9176901373026827,0.7284958284460663,0.398011475792637,-0.1309371570063106,-0.20517630221287073,0.922152826476436,0.32147961565043887,0.9635356162073289,0.9586079670472523,0.974216271220197,0.994610641266108,-0.03657233661904564,0.8676084479241515,0.8238634920813819,0.8756329884831876,0.8196780328584409,0.7853485998237414,0.8196780328584409,0.8058509340971692,0.7847700123609332,0.778260736039845,0.7847700123609332,0.868670657652409,0.3811606305970215,0.5820608899082841,0.6455311636538658,0.5820608899082841,0.6080689754806904,-0.35486995321509474,0.5790622813569187,-0.6287599081883312,0.5075004790442225,-0.10791433716457524,0.43451825209028816,-0.10791433716457524,-0.15231772653218015,0.8460003410501605,0.8643707910943147,0.850964710609933,0.7584655349350249,0.22335145951764007,0.845714737950085,0.8471888309649307,0.845714737950085,0.7578345702469728,0.7578345702469728,-0.19378729778562462,0.7183756053893487,0.24245062334457598,-0.6948146537138203,-0.6439994908641691,-0.6469967407233636,-0.18600669938706227,0.05756754090887702,0.31647988158037443,-0.035435324899222444,-0.5702384244074418,0.03931296611565136,-0.8337635513273808,-0.18736288490037925,0.07115663791326224,0.07266634984346924,-0.6270487680525203,-0.5893007371519667,-0.11160723755677589,-0.6080804498533892,-0.8326777345961529,-0.40229156257981136,-0.2309645135242652,-0.40229156257981136,-0.30664703346404876,-0.39096582991055256,-0.39096582991055256,-0.8233105899488519,-0.8233105899488519,0.34307318905103135,0.568483196277704,0.48887355488128836,0.7842518501184359,0.7237033390158311,-0.40329435550452225,0.053870478899379064,0.7281518176964148,0.7506840992924142,0.7281518176964148,-0.10034462831857942],[0.9931037044595861,0.9843790549449093,0.5855873079065039,0.9945769437530247,0.9974438502234991,0.9931037044595861,0.9999715109003517,0.9995727739907864,0.9995727739907864,1.0,0.960655044867137,0.9996551965774563,0.9999725748964529,0.9999716585840288,0.9999760484733752,0.7554372107628361,0.6712244843700406,0.13733828056602795,0.9998212144911711,0.9998218922881652,0.989943136838457,0.9999697837998431,0.10518559809470081,0.715420023356119,0.9952931239412081,0.9952931239412081,0.9952503789286231,0.9913295635709649,0.08655318161269272,-0.11881064504828157,0.9907348088657298,0.9906946563994898,-0.003066888807984345,-0.1993273427059395,0.9994028996033777,0.9993617411870764,0.8103756301586424,-0.4838371699666713,0.9989991043432817,0.9994085700391186,0.7308999850816404,0.11349363521694188,0.9992681434459799,0.9992733333900151,0.9992681434459799,0.9123549789649112,0.6133174813067617,0.9400945184401815,0.9199499231944006,0.7486726235876262,0.015440682875729642,-0.5390072374228728,-0.1441614932042371,0.9263993938473124,0.2872640797985537,0.964182235335337,0.9636484229123956,0.9812128841580029,0.9948518767623294,0.8860753634593698,0.8784081766530906,0.9009670721057328,0.88406339747134,0.8994095443616534,0.899979829100518,0.8994095443616534,0.8165069586263044,0.8524876382472151,0.8538983551147586,0.8524876382472151,0.8772465924013892,0.7891301386930519,0.8630391965330656,0.8641817826060078,0.8630391965330656,0.6193361300617244,0.46674425735071806,0.5914279049178361,-0.6287209827601686,0.5678940348877393,0.5358858610760177,0.5355839091335157,0.5358858610760177,-0.1025648836189345,0.8553927800764785,0.8766981293418221,0.8623204177650396,0.8944653838860133,0.1570658410014815,0.8591252517457998,0.8609549185012491,0.8591252517457998,0.8652870215403433,0.8652870215403433,-0.18116196662716863,0.6971175424199775,0.050465437829415496,-0.6975945831382078,-0.6666223451628368,-0.6678127641830987,-0.17521709484793788,0.06806681399347175,-0.18780527944140682,-0.20028887562372785,-0.5980110824376663,-0.3990293010142638,-0.8661162783414355,-0.59274913162432,0.08516557075364815,0.08676479306890886,-0.6175587635823304,-0.5845404184023026,-0.5531456930116347,-0.5939305867627304,-0.8010721484775469,-0.6174710384102219,-0.6197234061217698,-0.6174710384102219,-0.29182236334357475,-0.38110122170717997,-0.38110122170717997,-0.7812597297289439,-0.7812597297289439,0.36145859855627216,0.5831158609940696,0.8112960032464624,0.8001954961113454,0.7340862995978469,-0.40959058262040615,0.6333483993769259,0.6890562928470774,0.6892283703326079,0.6890562928470774,0.11903688465399513],[0.977041293466578,0.9711349277369694,0.547041799143375,0.9751174205871321,0.9677073011323329,0.977041293466578,0.961663227359964,0.9551644644018998,0.9551644644018998,0.960655044867137,1.0,0.9461196521811991,0.9616844567597367,0.9617067655787999,0.9614098273783984,0.5622446298407183,0.46649918179119804,-0.08551588144294288,0.9659640988462925,0.9659436175426239,0.9617963747274241,0.9617886424777323,0.02604661913241269,0.7549792338020549,0.963220754740407,0.963220754740407,0.9633925171082279,0.8950412104408458,0.18730156056000705,-0.10339571985518813,0.968464213481107,0.968566133536626,0.15035204898694488,0.05648663470404576,0.9694851775753615,0.9697235374552308,0.8858548943152939,-0.3758459456654589,0.954263748741068,0.9686964566946245,0.5325473282938371,-0.10636107726292898,0.9705653330768036,0.9705345784597433,0.9705653330768036,0.8171562916425983,0.41319792480626416,0.8323137318631493,0.901501223142353,0.8564032316141085,-0.5118586014998826,-0.6774722003713195,-0.23422939805813692,0.8915520565522495,-0.016916712664016592,0.9202815122354263,0.9203447451463985,0.9392062372369226,0.9667339049257594,0.8893216214623698,0.8904456001444738,0.9070924872492319,0.8921657690572792,0.9005162115961416,0.9010890582556402,0.9005162115961416,0.847652874819855,0.8305008322533259,0.8320931905167871,0.8305008322533259,0.886425725288406,0.9010405448490273,0.8846448990375235,0.8852084476096681,0.8846448990375235,0.7024382892334609,0.6340865385462287,0.7033936177087745,-0.3086922393511469,0.7203293473220679,0.735909172461964,0.7381106827031927,0.735909172461964,-0.2622234389866943,0.8893592905524547,0.9407190955018607,0.9034576711653283,0.9012812143227806,0.005243668740893869,0.8832728275367251,0.8842578401575459,0.8832728275367251,0.8915725518911003,0.8915725518911003,0.03960964195112027,0.40042979374487747,-0.11933789412977387,-0.6331305192281449,-0.43107808668196407,-0.4333908671510866,-0.03817990861697876,0.41867683806699735,0.030950772502781426,-0.15953234637817243,-0.5163030847607908,-0.08358194189038404,-0.7957186132568019,-0.24642642049613425,0.294735553714027,0.2945346958119243,-0.4017480121975288,-0.43282246730382795,-0.3651384503621487,-0.37522312877115904,-0.663723206076519,-0.3849253862039144,-0.3871579452650617,-0.3849253862039144,-0.11018878968130144,-0.42110194997220646,-0.42110194997220646,-0.5398084140154243,-0.5398084140154243,0.5096596834845828,0.645798965646084,0.7479974677612561,0.6845229691103588,0.811344984692008,-0.49897002383689565,0.3911081095321203,0.53209022613714,0.5323987969106239,0.53209022613714,-0.16665220411987958],[0.9870332260741368,0.9858098532185208,0.995444856199468,0.9903470158024064,0.9964896673104205,0.9870332260741368,0.9996884967523376,0.9987722527747573,0.9987722527747573,0.9996551965774563,0.9461196521811991,1.0,0.9996891740609768,0.9996850770952485,0.9996573889741658,0.3351742375119557,0.23708504700924038,-0.49860147385165,0.999801849047222,0.9998041647777383,0.999693911412109,0.9996934286734304,-0.23700120302390187,0.9719095128576506,0.9946747785126691,0.9946747785126691,0.9946561792091664,0.9933372389830535,0.10623833934098113,0.09405511594709311,0.9917194768045522,0.9917671825196781,0.8742113349905095,0.032360687457310605,0.9990469721398799,0.9990021583808737,0.998877758702918,0.9993918790610077,0.9994266514200731,0.9990826295991322,0.28310390873952607,-0.5069068274902884,0.9988265981279373,0.9988344657200732,0.9988265981279373,0.9066675880324019,0.45188217533258085,0.9363991329810268,0.9174143365994886,0.7492523391016919,-0.43143858136349983,-0.6087789645130609,0.8139731595198205,0.8426955571725873,-0.33995809282787337,0.9314323183672901,0.9316444512142992,0.96987221955277,0.9934978438268804,0.8986486528248355,0.9053108693632842,0.8824622627556674,0.8842889469818648,0.8884661144362066,0.8890633219133944,0.8884661144362066,0.7691144410638363,0.7379210817383717,0.7400234476191329,0.7379210817383717,0.9049526540649883,0.911051867927069,0.9039385483829387,0.9049647332223156,0.9039385483829387,0.5022643860855616,0.44019402972632965,0.5426506911630836,0.639776603974191,0.5383324647941863,0.5685558250159481,0.5704511781642897,0.5685558250159481,-0.34526658584122966,0.845222405379175,0.8799148653603367,0.8666279065026185,0.9052038646642467,-0.30711849666707886,0.8403970226040369,0.8407390436175695,0.8403970226040369,0.850299878187374,0.850299878187374,-0.23358373698761672,0.6899155006201679,-0.38577103619575875,-0.7871574095882716,-0.5339479451357735,-0.5366640184754274,-0.41455637301002574,0.21412251867535148,-0.29849128806997877,-0.5161509253259007,-0.7429942044682439,-0.391948034075564,-0.5951156089930771,-0.4626854538791412,0.07766121017418039,0.07513364536093281,-0.5572411374750773,-0.5278617314125649,-0.5487846330076108,-0.5842191098177432,-0.5779157116242817,-0.5521427927351735,-0.5551555896981988,-0.5521427927351735,-0.42948024209845376,-0.6199437852149022,-0.6199437852149022,-0.6157655905689129,-0.6157655905689129,0.35795441541864675,0.3311157587069068,0.4640821011650668,0.5613878306899928,0.5196045178204305,-0.5718073859953058,0.2971261293008215,0.28051650343215684,0.28071035019323576,0.28051650343215684,0.2403542607963185],[0.9924947948296341,0.9845521669863508,0.6446948863744295,0.9937449656203466,0.9972610995714587,0.9924947948296341,0.999996647746744,0.9982893553168494,0.9982893553168494,0.9999725748964529,0.9616844567597367,0.9996891740609768,1.0,0.9999906349782838,0.9999951575828516,0.8688841273227472,0.8476905503035543,0.25469312396194677,0.9998656828101369,0.9998658863471059,0.9900848086561936,0.999997415693305,0.3252042961654866,0.7398775159301902,0.9910620135399069,0.9910620135399069,0.9870546651845786,0.9914368472038465,0.25534169024569575,-0.17835501889106894,0.9916726048274956,0.9916006378681835,0.17962087852883332,-0.23983138267596799,0.9993561193139693,0.9994717617797868,0.43924596192923815,-0.3069859915746433,0.9990640501096124,0.9994401108421322,0.8520606607923851,0.2338595303904708,0.9434309178380857,0.9991108403935604,0.9434309178380857,0.9127467169371002,0.6129407045156736,0.9403938954334312,0.9203663943961765,0.7492946214527715,0.4110781784857551,-0.1158903461113687,-0.19264665538394582,0.9304364538903367,0.3416797080445595,0.9681688174873097,0.963681061844016,0.9792303715864972,0.9956217251856705,-0.027102600254394753,0.8777085883209493,0.8385285171292998,0.8831752982282175,0.8332561038827212,0.7967805481942929,0.8332561038827212,0.8170732585402372,0.8021487556827083,0.7909428832736923,0.8021487556827083,0.8759978566499147,0.39909177536937535,0.6008386778467135,0.6607812079548097,0.6008386778467135,0.6195895617744323,-0.3409029984950728,0.592218654019585,-0.6217185229051263,0.5142764638664212,-0.08697090043576473,0.44969562122964707,-0.08697090043576473,-0.14612393799671378,0.854728444973648,0.8768627523837643,0.8619797054417634,0.7722732661106457,0.24092252477217777,0.8538818321562706,0.8551862472331044,0.8538818321562706,0.7737589585814525,0.7737589585814525,-0.179422954540064,0.6960072169669929,0.23581533269618019,-0.6857902222190276,-0.6318218545978272,-0.6350031447811616,-0.1718034514285769,0.06468323101298658,0.3236450366232894,-0.016579427239220606,-0.5581334468265632,0.04879019494298096,-0.8280323817214267,-0.1806255739660923,0.08590423751738205,0.08740275207876588,-0.6160001658002486,-0.5882231251475752,-0.10459588485980031,-0.5922681993900748,-0.8332255385874935,-0.3909569537863847,-0.22463936781449614,-0.3909569537863847,-0.28988388789606206,-0.3778875831830385,-0.3778875831830385,-0.825438852039311,-0.825438852039311,0.3619712041703713,0.5848930547370597,0.5072858472845067,0.801915925681172,0.7359871681979309,-0.38232676758826534,0.0677347505267212,0.7471178704413015,0.7662817957105856,0.7471178704413015,-0.1172293961652792],[0.9929014185532946,0.9844960249138134,0.6376856501374235,0.9944390535907547,0.9973382799594993,0.9929014185532946,0.9999870868657299,0.9994201625812466,0.9994201625812466,0.9999716585840288,0.9617067655787999,0.9996850770952485,0.9999906349782838,1.0,0.9999880175135979,0.8087285677414051,0.7399615933684113,0.25657207027575435,0.9998882576730224,0.999888853434884,0.9900749057018225,0.9999880056027206,0.326827353789961,0.7360107287157247,0.9940171353090725,0.9940171353090725,0.993982220048668,0.9913776654918022,0.25027031935695127,-0.17869742295393024,0.9919664806811549,0.9919721588790764,0.20278581022791548,-0.23930634257926683,0.9995282868705994,0.9994714983323516,0.8483988602814638,-0.39756078996257727,0.9990599423897754,0.9994442667168145,0.7904642735256573,0.235771357440681,0.9994220640801349,0.9994266100992861,0.9994220640801349,0.9125454939463424,0.6130544161024747,0.9403009228835872,0.9202913871632554,0.7488788130841224,0.29126096313561606,-0.2860071854749579,0.10526103056505438,0.9303042813584489,0.34220905641824545,0.965162874040793,0.9637000295166948,0.9777783197689025,0.9958441149297464,0.8930273465412784,0.8769774279870569,0.905670420851015,0.8831468419586953,0.904713589587986,0.9055172733331712,0.904713589587986,0.8162757230129605,0.872371521564419,0.873758022202791,0.872371521564419,0.8758514742743103,0.772340532289848,0.8682858343625219,0.8698200885642463,0.8682858343625219,0.6191100684612458,0.468711538036017,0.5908228302791709,-0.6247704487020946,0.5128098000532392,0.517659680842143,0.5185708482974749,0.517659680842143,-0.14815570552462293,0.8546028449020906,0.8765148850219265,0.8614926219808007,0.8996969141187814,0.24310873587997048,0.8538363995451349,0.8553671513443046,0.8538363995451349,0.8635069512294401,0.8635069512294401,-0.17978733701288072,0.6956122300395204,0.14969770163845586,-0.6846941690514678,-0.6314626278746921,-0.6344939526808158,-0.17177494954272124,0.06375734127554313,0.09880026893309052,-0.015035606502489633,-0.5566570637037838,-0.13873261885623658,-0.8392107425217671,-0.3999789514475005,0.08551458357455978,0.08715276949183612,-0.6160460639821973,-0.5875189138011847,-0.3959864137406954,-0.5920331681778129,-0.8265002423310164,-0.5091486075275742,-0.5048836979019686,-0.5091486075275742,-0.2891664367298164,-0.37797277906191423,-0.37797277906191423,-0.817297940766922,-0.817297940766922,0.3607727319374599,0.5849101242509089,0.8203391523122917,0.8055531864024601,0.7363921049441512,-0.38183684360440007,0.6995011907821294,0.7355761785865633,0.7356655773374102,0.7355761785865633,-0.084825679975992],[0.9925458970315134,0.9843954865687131,0.644879904945154,0.9937726732045952,0.9972865905436239,0.9925458970315134,0.9999934818691762,0.9991685312739761,0.9991685312739761,0.9999760484733752,0.9614098273783984,0.9996573889741658,0.9999951575828516,0.9999880175135979,1.0,0.8609630856654386,0.8081781317619603,0.2548231886125063,0.9998683574366896,0.9998684437432841,0.9902172227551821,0.9999951003695476,0.3258618443889849,0.7397240604870087,0.9942334637692054,0.9942334637692054,0.9941416286389243,0.9913620044915019,0.25561404159729284,-0.1783835348303327,0.9925280621559798,0.9925707196174666,0.18035362269533478,-0.23966556266503689,0.9994016678465882,0.999470967663971,0.43828726926642075,-0.3062361238324055,0.9990212134297909,0.9994425286312882,0.8500672369060077,0.23401154100976254,0.9429908885010909,0.9991615674851098,0.9429908885010909,0.9130007100859681,0.61359384020695,0.9405794244029916,0.9205409518731563,0.749041525314567,0.41240134670344897,-0.11440437085200066,-0.19286337077617827,0.9307717433811752,0.34194553685191303,0.968551997961761,0.963980781297874,0.9794884512837865,0.995661675469964,-0.028086113778144756,0.8779589196791615,0.8384426647149228,0.8833899951029,0.8332030299658232,0.7963597244171401,0.8332030299658232,0.8172589266957441,0.8020910339184995,0.7913010274536977,0.8020910339184995,0.8762892247935462,0.3984400669154635,0.6003627128513268,0.660782993929693,0.6003627128513268,0.6194579330819336,-0.34202236133110947,0.5921659048103758,-0.6219006914946181,0.5139383730502259,-0.08792653165638202,0.4493637616012702,-0.08792653165638202,-0.14607955458980826,0.8548514496949399,0.8766168006929079,0.8621050583143554,0.7646071783952165,0.24129339124549404,0.8539718602321699,0.8552670731490678,0.8539718602321699,0.7735743008683653,0.7735743008683653,-0.1807668757963289,0.6967922769961995,0.2362970881181107,-0.6857665454429309,-0.6321718229165297,-0.6353575837720074,-0.17285945142901074,0.06354745309279985,0.32396411479708354,-0.01696716804439439,-0.5583270059021526,0.04888826267509647,-0.82727167336528,-0.18045713672344418,0.08498252417556602,0.08647983307183682,-0.6165712682834765,-0.5884340910023236,-0.10403615778224407,-0.5933860303306376,-0.8332444136854249,-0.3908940509944549,-0.22410321239994915,-0.3908940509944549,-0.29075132812093546,-0.37831521389770134,-0.37831521389770134,-0.8257807936936928,-0.8257807936936928,0.36218761808903516,0.5845634087466128,0.5068084725820058,0.8023453368424975,0.7354473453872674,-0.38190048144923416,0.06710657642974689,0.7475265015529828,0.7668891132347815,0.7475265015529828,-0.11695021803642648],[0.8031412898126691,0.23953901690951923,0.4348783439963973,0.8022593665401162,0.7198110556602698,0.8031412898126691,0.86889384658038,0.8662894533426985,0.8662894533426985,0.7554372107628361,0.5622446298407183,0.3351742375119557,0.8688841273227472,0.8087285677414051,0.8609630856654386,1.0,0.9938164924903717,0.4150055210316637,0.8440044879594435,0.843985153805454,0.78294351741997,0.8599945636276238,0.3301682515100173,0.44605305216717184,0.8522494930479079,0.8522494930479079,0.8389962591433793,-0.06569879000085971,0.19251870361109427,-0.1779699065622174,0.8872980115392558,0.8850396806103263,0.15442984983051833,-0.2414728780568596,0.8655683225415416,0.7759048535092824,0.28379853606403693,-0.31877313826352066,0.3508656593800011,0.7486498930177947,0.9983980698883449,0.3972785667698747,0.7921436890863643,0.865311000517167,0.7921436890863643,0.31832043032655066,0.5596616563126138,-0.08610781811104674,-0.10317737891988567,0.18403169804597477,0.4033338947121182,-0.06129920371024697,-0.21014125558905833,0.7601708642975654,0.40331531188646347,0.8623684887178801,0.7667451763416104,0.8378393283384671,0.8528758683035643,-0.0991065863380854,0.26878526362965033,0.6350890813107561,0.533460059