var element=document.getElementById("correlationClose");if(element.style.display!='none'){var correlationClose={"data":[{"type":"heatmap","z":[[1.0,0.9999877755218254,0.6466760434905471,0.9997203887632796,0.9979302741070745,1.0,0.9922122366262722,0.9884751675446849,0.9884751675446849,0.992892788365176,0.9764649194069068,0.9865782112763753,0.9922506797075006,0.9926741887860591,0.992304863217169,0.8363727543822216,0.783695082954894,0.3306844753199295,0.9931680260470964,0.9931557084517232,0.9854522734478969,0.9922384247098383,0.4332034997982203,0.7258331787039882,0.9812072563425264,0.9812072563425264,0.9811887656011211,0.9743064655882635,0.3413760481658815,-0.10853359113877369,0.9896312655687174,0.9895978804467392,0.29116195726632743,-0.1829783100034921,0.9946195954997008,0.9952944270198953,0.8409134994868667,-0.36739119132103076,0.9904489171650425,0.9952498325333705,0.8252289134773159,0.3116394275437512,0.9947680538008402,0.994758198808984,0.9947680538008402,0.8868679990207535,0.6547797550883009,0.8973189821838254,0.9044400245674297,0.8129182269556348,0.3750704150256704,-0.16708179834693182,0.2001452577869398,0.9461445779527221,0.39915438935910535,0.974826802683852,0.9700087087574719,0.9799999053595123,0.9897782589899552,0.9279951584684646,0.934324771830436,0.9433095804305839,0.9269023747824655,0.9406146453317102,0.941264560228081,0.9406146453317102,0.876307998204627,0.9191977081409679,0.9201284397665939,0.9191977081409679,0.9182217635700021,0.777707662946957,0.8910289413700031,0.8923652162774819,0.8910289413700031,0.6800840596398753,0.35952920976798886,0.6632171662802384,-0.5628959301193636,0.5685421105178279,0.5966044019205095,0.5971212979267043,0.5966044019205095,-0.10472456174441551,0.9065834684731306,0.9386036520182028,0.9217779843945237,0.9293136200792109,0.3141730611683967,0.9020152566871841,0.9028477541878269,0.9020152566871841,0.9069641238584687,0.9069641238584687,-0.10610958754286558,0.58265077917347,0.16977240764147658,-0.6520309540859618,-0.5821594889666472,-0.5857559711166477,-0.1004888742965484,0.10992142117613612,0.22279103991838772,0.046209804545335485,-0.5097387144816509,0.005715776687815478,-0.7963554009248618,-0.2614631552023924,0.16018900532252886,0.1612899623059419,-0.5637726679677739,-0.5859534018309691,-0.2581703967728185,-0.5072638183256328,-0.8202764305560994,-0.38943598505652155,-0.38126703541059714,-0.38943598505652155,-0.19991056390101206,-0.3126202924314328,-0.3126202924314328,-0.8083183398677578,-0.8083183398677578,0.3849310390321824,0.633910855006508,0.8583071211081469,0.8419130469973736,0.7634223929681468,-0.30901719261175514,0.7511452615275453,0.7862646028050223,0.786596065282372,0.7862646028050223,-0.21052158051520567],[0.9999877755218254,1.0,0.9779371102770839,0.999410335678224,0.9955065327377156,0.9999877755218252,0.9837390737844994,0.9773493318421468,0.9773493318421468,0.983600366552253,0.9692625617771974,0.9852675715821992,0.9837861713712938,0.9837237995504872,0.9836227735496983,0.3357944950702555,0.2507829654031677,-0.39334553577972914,0.9877802675897301,0.9877628750463562,0.9838341736048511,0.9838286627798969,-0.10893243169295272,0.9770807613307172,0.9788804092195096,0.9788804092195096,0.9789323346388198,0.9744788941109191,0.14635930888496343,0.16648510605973982,0.9805437238135016,0.9806035788752971,0.8992027364946015,0.16614362703279278,0.9904688684757904,0.9905194266807831,0.9911104867788312,0.9850116306130449,0.9894467307189619,0.9906561906466486,0.2930452770811012,-0.3986908790861934,0.9911587827646717,0.9911473628609445,0.9911587827646717,0.8867239121560158,0.5056937721046374,0.8973130572263782,0.9042148693883449,0.8123363340791581,-0.35317787361237557,-0.5108158436412241,0.8280456388995461,0.8698622421051176,-0.24372423730471032,0.9335505742802246,0.9336867055936638,0.9537581801048489,0.9764139751852331,0.9456024384244894,0.9528829058200492,0.9371931853000393,0.9363402554463989,0.9420082864023639,0.9425292457401392,0.9420082864023639,0.8391470291288621,0.8103585745668184,0.8122675740017796,0.8103585745668184,0.9473802025615723,0.9510208879469783,0.9475089290600529,0.9484092215807713,0.9475089290600529,0.5744716192864527,0.5185244241190861,0.620315233143483,0.7091283069643398,0.6120447523514222,0.6383047127340142,0.6389891532723757,0.6383047127340142,-0.19352019754355085,0.906638515047718,0.9328022241683356,0.9233683003633428,0.9508967582882515,-0.2540724251760834,0.9025013581006005,0.902790534058853,0.9025013581006005,0.9106633579105559,0.9106633579105559,-0.19605951953896456,0.5836895691221301,-0.36759134207580096,-0.7510693386546745,-0.4620671683664927,-0.4655705906117682,-0.35449247093590736,0.26174822650653434,-0.24811918230724475,-0.4664388559257291,-0.6982924632602218,-0.33265701697193056,-0.48287805974715653,-0.390231472882564,0.13595926371035144,0.13212596190393175,-0.48903262163330913,-0.45175886761842293,-0.48030806166517337,-0.5110683711535877,-0.5034301656888035,-0.4825011910062636,-0.4856051081828565,-0.4825011910062636,-0.34925962416143486,-0.5195732470733986,-0.5195732470733986,-0.4944559855083589,-0.4944559855083589,0.38549325522256617,0.372415775296262,0.49547917469694347,0.5906396664001619,0.5332112448759406,-0.4293971936098454,0.3619067794111442,0.32246137370925604,0.3225653888071822,0.32246137370925604,0.1382355100960352],[0.6466760434905471,0.9779371102770839,1.0,0.64302103413208,0.5674627163839407,0.6466760434905471,0.630232471381212,0.6214437515251485,0.6214437515251485,0.564939384033717,0.5227172321380502,0.9958036292914912,0.6302646382424547,0.6213723474602946,0.630478452204208,0.45729474043341417,0.4466545003355534,-0.18044826507519715,0.5889467968828384,0.5881188192150902,0.5521772692577831,0.6292372999714979,0.21250755882787994,0.7699420589178747,0.6070782426276446,0.6070782426276446,0.6068445489842046,0.9880312480065393,0.32692393204026066,0.15676385822911798,0.5887261547013914,0.5883332631209585,0.7142385984908693,0.008225113753566755,0.6265457704201433,0.5598323102679225,0.5974662462773545,0.31503622707883544,0.993648374244676,0.5538093604577428,0.4471733553036185,-0.18891752280613205,0.6433073130917027,0.6244913822778919,0.6433073130917027,0.883620537433983,0.39689752811806284,0.9184199302673772,0.893756294822049,0.6996123617162211,0.20922863750055049,-0.055165973120921995,0.048991220639637616,0.5022183197566951,-0.08805596245353674,0.5718525392548586,0.5304087481343606,0.5566499355447757,0.5195094298039263,-0.020566245273301885,0.7729751501444225,0.7066198641678404,0.603794074263771,0.7123892705682835,0.7471012693104161,0.7123892705682835,0.4819101113448024,0.6141550981628445,0.6808239985178354,0.6141550981628445,0.6655362521256512,0.6593450905751164,0.7082113596136889,0.7601196480716861,0.7082113596136889,0.35431893603146597,-0.08795151979264289,0.3712383350235446,0.10705164271195132,0.364569692851007,0.2606304582724606,0.4645679582783671,0.2606304582724606,-0.16619804331699786,0.5722044674583713,0.8676947762992071,0.6483708291832269,0.7612690565920575,-0.03638696379593606,0.6175235182145206,0.6170690135146704,0.6175235182145206,0.6952215619040033,0.6952215619040033,-0.21484193833647247,0.7050493779227046,-0.19452119164962028,-0.6624547540287737,-0.42605291178916044,-0.42962343496751343,-0.4114978102010478,0.0791249689981072,0.02204058485652058,-0.31498830211209805,-0.6424990906970135,-0.1594210508253893,-0.29554460037501945,-0.2519987922184229,0.03460920426791537,0.03237890113438587,-0.47935609853890704,-0.045655814192331994,-0.24968556420471563,-0.50416776326252,-0.18114494185250576,-0.39335800919256714,-0.2730708847424116,-0.39335800919256714,-0.4101066207869537,-0.5278591791918991,-0.5278591791918991,-0.289083127623991,-0.289083127623991,0.32487035444986717,0.17525383858129756,0.2733137472301303,0.5099316922662788,0.2652973220592789,-0.365014180386631,-0.02098890459628973,0.45329387859122133,0.5585057165297378,0.45329387859122133,-0.02959826347880267],[0.9997203887632796,0.999410335678224,0.64302103413208,1.0,0.9988801780814062,0.9997203887632794,0.9935388032820065,0.9902636344401352,0.9902636344401352,0.9944433943814531,0.9744327464226864,0.9901217904261838,0.9935670168835856,0.9942883002413111,0.9935971812057454,0.8355915715260492,0.7825511563595343,0.3157397589979228,0.9943054840800488,0.99429611256431,0.9855802661781669,0.9935476932153489,0.42462452841736864,0.7302008060076955,0.9838507192500884,0.9838507192500884,0.9838318430602805,0.9808139254345183,0.33731799458616196,-0.11476563692138603,0.9889874383360905,0.988962898052928,0.2833565271670123,-0.1831683977355096,0.995198577228142,0.9960690205019701,0.8063331583885713,-0.37196522315645386,0.992979972247731,0.9962551711545891,0.8236783108755353,0.296389198757774,0.9931308949680213,0.9952462464544947,0.9931308949680213,0.884301865719083,0.6423119525980698,0.902419513442661,0.9020436922438461,0.7944004825029792,0.3699423459888131,-0.17230686831460362,0.19451302774261484,0.9405618569328148,0.3831039550736349,0.970313522930618,0.9670157117154429,0.9778284614301425,0.9897299809740616,0.9077610148488546,0.9282334818933117,0.9309170863139798,0.923247335371503,0.9243604405241437,0.9252449146440033,0.9243604405241437,0.8687651243911826,0.9075158005187678,0.9085357310289787,0.9075158005187678,0.9151109800066523,0.7201536026548248,0.8537380084057817,0.8550811802221989,0.8537380084057817,0.6723426124986885,0.13379037896835497,0.6538496388177908,-0.5673068115989706,0.5639526592654185,0.33342587306503685,0.5677677801163115,0.33342587306503685,-0.11099825128398243,0.9017278900999615,0.9316891376016615,0.914667090032632,0.9071442572910587,0.2999262732602317,0.89787802438445,0.8988389773494538,0.89787802438445,0.8885009612837523,0.8885009612837523,-0.11074355216665709,0.6030431991757083,0.17444954783168895,-0.6620013342865183,-0.5889065177084577,-0.5924149499951897,-0.11247241466216257,0.10546083160865094,0.21592179306596632,0.03322644100966423,-0.5217993971440166,-0.0005248913961550866,-0.8018923554303493,-0.2690564382618679,0.1503970713169246,0.15155574779801503,-0.5702630456449822,-0.5822935802014202,-0.25926841452781546,-0.5174400850247076,-0.8216244175258637,-0.39068710621802305,-0.3830805764898001,-0.39068710621802305,-0.20821411839791135,-0.32198639225377335,-0.32198639225377335,-0.8077184842156069,-0.8077184842156069,0.37485762683438734,0.6223055006718433,0.8503243840932245,0.8341390263831222,0.7559029669960992,-0.3217273975824452,0.7420256927016482,0.7772902194546838,0.7776262059519075,0.7772902194546838,-0.19562808002354046],[0.9979302741070745,0.9955065327377156,0.5674627163839407,0.9988801780814062,1.0,0.9979302741070745,0.99719014641971,0.995629510069714,0.995629510069714,0.9973869023213888,0.9664423217113055,0.9964208424271296,0.9972092945795252,0.997287749524706,0.9972363585903147,0.7658317524731769,0.6910267603162812,0.11074371385465988,0.9976990193658334,0.9976956319304573,0.9874720147427787,0.9971953810303196,0.07360352034943655,0.7086904320019072,0.9922095047792557,0.9922095047792557,0.9921717420983418,0.9899050890429321,0.11453626630900603,-0.09677270381934044,0.9872074948655967,0.9871462820636796,-0.009595969245667621,-0.08066863846565261,0.9978182690037254,0.9977497884413017,0.7954473063202856,-0.49669823706351973,0.9976653288136927,0.9980896670422095,0.7441444915810785,0.08650376280827142,0.9977635668397529,0.9977662051851238,0.9977635668397529,0.898914799292667,0.6057724884829607,0.9187490964049579,0.9067473013826419,0.7692970642342143,-0.09359908443479432,-0.5870262247732244,-0.2023390500062256,0.929018246402857,0.2363310641304723,0.9655439145029087,0.965592669802238,0.980011348766545,0.9902549054320408,0.906799159721805,0.9106079929034238,0.9217135070420852,0.9109833730855639,0.9201765502740074,0.9205273583531736,0.9201765502740074,0.8443987785014508,0.8638482050304828,0.8649847154764752,0.8638482050304828,0.9043789510063664,0.8153676662707721,0.8852145071155485,0.8860159146903971,0.8852145071155485,0.6316322597025616,0.5116554740481248,0.6193609743178439,-0.5892236530471191,0.616106028794892,0.5950233850308602,0.5941208627774344,0.5950233850308602,-0.12832728427411622,0.8845316108164724,0.908349311688086,0.8927856740413642,0.9147505025841811,0.14636914814377938,0.8841395661915539,0.8851807706056928,0.8841395661915539,0.8906374257665052,0.8906374257665052,-0.15002972408429338,0.6516139848979668,0.028852894135490696,-0.6925268297315196,-0.6377266733483773,-0.6383247837600312,-0.1446029049711858,0.12868398827805436,-0.1752476496106773,-0.21493891281439145,-0.5946701031891389,-0.36144885717738373,-0.8506471306912545,-0.5487634374310131,0.11966939814938539,0.12067906135634714,-0.5965571981656176,-0.5755677594641315,-0.5379295552859762,-0.5556308525688398,-0.7806991536083584,-0.5899760172785263,-0.5927653023986914,-0.5899760172785263,-0.24738331657739698,-0.3560497937091391,-0.3560497937091391,-0.7488659308078535,-0.7488659308078535,0.362031435208941,0.604129496144209,0.8030855845132923,0.7878666593622946,0.745718490502841,-0.45004578697052167,0.6001954972016686,0.668298417528944,0.6687608792403944,0.668298417528944,0.03126836379446809],[1.0,0.9999877755218252,0.6466760434905471,0.9997203887632794,0.9979302741070745,1.0,0.9922122366262722,0.9884751675446849,0.9884751675446849,0.992892788365176,0.9764649194069068,0.9865782112763753,0.9922506797075006,0.9926741887860591,0.992304863217169,0.8363727543822216,0.783695082954894,0.3306844753199295,0.9931680260470964,0.9931557084517232,0.9854522734478969,0.9922384247098383,0.4332034997982203,0.7258331787039882,0.9812072563425264,0.9812072563425264,0.9811887656011211,0.9743064655882635,0.3413760481658815,-0.10853359113877369,0.9896312655687174,0.9895978804467392,0.29116195726632743,-0.1829783100034921,0.9946195954997008,0.9952944270198953,0.8409134994868667,-0.36739119132103076,0.9904489171650425,0.9952498325333705,0.8252289134773159,0.3116394275437512,0.9947680538008402,0.994758198808984,0.9947680538008402,0.8868679990207535,0.6547797550883009,0.8973189821838254,0.9044400245674297,0.8129182269556348,0.3750704150256704,-0.16708179834693182,0.2001452577869398,0.9461445779527221,0.39915438935910535,0.974826802683852,0.9700087087574719,0.9799999053595123,0.9897782589899552,0.9279951584684646,0.934324771830436,0.9433095804305839,0.9269023747824655,0.9406146453317102,0.941264560228081,0.9406146453317102,0.876307998204627,0.9191977081409679,0.9201284397665939,0.9191977081409679,0.9182217635700021,0.777707662946957,0.8910289413700031,0.8923652162774819,0.8910289413700031,0.6800840596398753,0.35952920976798886,0.6632171662802384,-0.5628959301193636,0.5685421105178279,0.5966044019205095,0.5971212979267043,0.5966044019205095,-0.10472456174441551,0.9065834684731306,0.9386036520182028,0.9217779843945237,0.9293136200792109,0.3141730611683967,0.9020152566871841,0.9028477541878269,0.9020152566871841,0.9069641238584687,0.9069641238584687,-0.10610958754286558,0.58265077917347,0.16977240764147658,-0.6520309540859618,-0.5821594889666472,-0.5857559711166477,-0.1004888742965484,0.10992142117613612,0.22279103991838772,0.046209804545335485,-0.5097387144816509,0.005715776687815478,-0.7963554009248618,-0.2614631552023924,0.16018900532252886,0.1612899623059419,-0.5637726679677739,-0.5859534018309691,-0.2581703967728185,-0.5072638183256328,-0.8202764305560994,-0.38943598505652155,-0.38126703541059714,-0.38943598505652155,-0.19991056390101206,-0.3126202924314328,-0.3126202924314328,-0.8083183398677578,-0.8083183398677578,0.3849310390321824,0.633910855006508,0.8583071211081469,0.8419130469973736,0.7634223929681468,-0.30901719261175514,0.7511452615275453,0.7862646028050223,0.786596065282372,0.7862646028050223,-0.21052158051520567],[0.9922122366262722,0.9837390737844994,0.630232471381212,0.9935388032820065,0.99719014641971,0.9922122366262722,1.0,0.9974903151542046,0.9974903151542046,0.999970614419983,0.9599248173785798,0.9996789058914458,0.9999965605134421,0.9999866429103665,0.9999933205523787,0.8915092036339629,0.8809488988544824,0.27702538561429235,0.9998604018640639,0.9998605371601046,0.9897875085069061,0.9999967467289714,0.33933333168272095,0.7285189125569831,0.9856731237987576,0.9856731237987576,0.9866251070546235,0.9907493534207598,0.26517780420975734,-0.16949248305630168,0.9916034933217591,0.9915064841467602,0.18931128875651454,-0.23025342308372515,0.9993413537380851,0.9994523136525711,0.42378387752071356,-0.3115193170484641,0.9990070616488973,0.9994120046461753,0.8772677563959957,0.2563313387630353,0.9414782085793544,0.9990899443351233,0.9414782085793544,0.9086419821838987,0.6129251362563717,0.9355696602118917,0.9144790704726927,0.7334101093940063,0.40848577306829964,-0.1116301237160385,-0.19828834923175806,0.9280114257956549,0.3493583961635806,0.9675861866526795,0.9625252446949057,0.9786421856889447,0.9956593124789418,-0.03907106879651626,0.8709626236585896,0.8320410186095395,0.878054272242452,0.8265365279570467,0.7900089528537542,0.8265365279570467,0.8074571949400687,0.7944554566157188,0.7844952924358578,0.7944554566157188,0.8700107066773138,0.38057998177381064,0.5860020251345393,0.6501573314735144,0.5860020251345393,0.6011684712166931,-0.34557750898389505,0.5713301052222012,-0.6307024310281882,0.49438174214612124,-0.09582270175133308,0.4336081297937367,-0.09582270175133308,-0.15205632789517057,0.8482583255076013,0.8692474934195497,0.8543605045993654,0.7654010072648034,0.26081803329376,0.8479122432072745,0.8492930271669233,0.8479122432072745,0.7644615667740826,0.7644615667740826,-0.18599902446392655,0.6942307992169111,0.23880451227898897,-0.6709617304680948,-0.6287458824573026,-0.6318233375637096,-0.15679387564922168,0.05609346833775919,0.33013613716722867,0.0016382952388462597,-0.5376327976848893,0.05934193782438242,-0.828070466503352,-0.16831038033579676,0.08453695988376646,0.0857278107732167,-0.6123318027322062,-0.5917229418727609,-0.09572090461344777,-0.5899568972489473,-0.8352547609701584,-0.3834378614152734,-0.21569146399937572,-0.3834378614152734,-0.2797159889228032,-0.3649131829850618,-0.3649131829850618,-0.8275911115541933,-0.8275911115541933,0.36269046952503503,0.5871253341663633,0.5053663975480557,0.8023698899659828,0.7401706293205398,-0.372224523346858,0.06577697527410994,0.7497705050697868,0.7690442522849276,0.7497705050697868,-0.12771436785362217],[0.9884751675446849,0.9773493318421468,0.6214437515251485,0.9902636344401352,0.995629510069714,0.9884751675446849,0.9974903151542046,1.0,1.0,0.9995561092563714,0.9531172484587627,0.9987118970459784,0.9982398166165608,0.9994041496383044,0.9991421884404992,0.8891365416433167,0.8704234020820341,0.25533893429088894,0.999187249019488,0.9991888383603348,0.9871684500345037,0.9992795309362392,0.31401385803913967,0.7295655609236482,0.9927132177251833,0.9927132177251833,0.98472084548798,0.987910177615678,0.24774888029342856,-0.18279201578820709,0.987907650325793,0.9913404049003075,0.17074058821853322,-0.23610281729191523,0.9983047530508303,0.9982767045291198,0.40597455568303015,-0.3180894899514611,0.9970686737661131,0.9982137010014697,0.8751793673011716,0.23423931273569643,0.9340183169984709,0.9981325857956805,0.9340183169984709,0.9061812077140847,0.5978829502429821,0.9358118416005659,0.911468911078411,0.711301739472681,0.3955922929245032,-0.12649285797911944,-0.21077173113604847,0.9194977653698748,0.3289905987261996,0.9629516383867938,0.9573434260214394,0.9735834861511617,0.9946786222269662,-0.048684845900480195,0.8601126820562046,0.8166229036784503,0.8700614694879045,0.8122194945837942,0.7780754646124051,0.8122194945837942,0.7956166446611248,0.7762737721109608,0.7712889439313709,0.7762737721109608,0.862263723772213,0.3617454205469606,0.566324124652007,0.6342228614477541,0.566324124652007,0.5887611723866055,-0.35993633006949177,0.5572558538387906,-0.6380698359674909,0.48693521589567806,-0.11741570708913267,0.41781548141616837,-0.11741570708913267,-0.15866456861886002,0.8389207859050206,0.8556576047929649,0.8425353117085852,0.7511207187734832,0.24324481815599489,0.8391402437961984,0.8406995113813404,0.8391402437961984,0.7476760300889558,0.7476760300889558,-0.200769127246199,0.7177825750260556,0.24578439649264264,-0.6802102211636583,-0.6412176880109727,-0.6441111132311845,-0.1713500043453099,0.048617275739423704,0.3231501271474661,-0.017399309674781788,-0.5500728708029928,0.050082777846252265,-0.8338441993184532,-0.17478957841779602,0.06953805515747942,0.07075175723864174,-0.6237071944088318,-0.5927033437496826,-0.1025457410892495,-0.6062839961186498,-0.8348037042832196,-0.3947774614817607,-0.22187742333635393,-0.3947774614817607,-0.29677636858333656,-0.37830154652626535,-0.37830154652626535,-0.8255924727909404,-0.8255924727909404,0.3434678952584535,0.5704786107027071,0.4868987150426978,0.7847308777526069,0.7277113005997833,-0.3934699991002775,0.051936486880548055,0.7308415448508273,0.7534251259532371,0.7308415448508273,-0.11071916952949355],[0.9884751675446849,0.9773493318421468,0.6214437515251485,0.9902636344401352,0.995629510069714,0.9884751675446849,0.9974903151542046,1.0,1.0,0.9995561092563714,0.9531172484587627,0.9987118970459784,0.9982398166165608,0.9994041496383044,0.9991421884404992,0.8891365416433167,0.8704234020820341,0.25533893429088894,0.999187249019488,0.9991888383603348,0.9871684500345037,0.9992795309362392,0.31401385803913967,0.7295655609236482,0.9927132177251833,0.9927132177251833,0.98472084548798,0.987910177615678,0.24774888029342856,-0.18279201578820709,0.987907650325793,0.9913404049003075,0.17074058821853322,-0.23610281729191523,0.9983047530508303,0.9982767045291198,0.40597455568303015,-0.3180894899514611,0.9970686737661131,0.9982137010014697,0.8751793673011716,0.23423931273569643,0.9340183169984709,0.9981325857956805,0.9340183169984709,0.9061812077140847,0.5978829502429821,0.9358118416005659,0.911468911078411,0.711301739472681,0.3955922929245032,-0.12649285797911944,-0.21077173113604847,0.9194977653698748,0.3289905987261996,0.9629516383867938,0.9573434260214394,0.9735834861511617,0.9946786222269662,-0.048684845900480195,0.8601126820562046,0.8166229036784503,0.8700614694879045,0.8122194945837942,0.7780754646124051,0.8122194945837942,0.7956166446611248,0.7762737721109608,0.7712889439313709,0.7762737721109608,0.862263723772213,0.3617454205469606,0.566324124652007,0.6342228614477541,0.566324124652007,0.5887611723866055,-0.35993633006949177,0.5572558538387906,-0.6380698359674909,0.48693521589567806,-0.11741570708913267,0.41781548141616837,-0.11741570708913267,-0.15866456861886002,0.8389207859050206,0.8556576047929649,0.8425353117085852,0.7511207187734832,0.24324481815599489,0.8391402437961984,0.8406995113813404,0.8391402437961984,0.7476760300889558,0.7476760300889558,-0.200769127246199,0.7177825750260556,0.24578439649264264,-0.6802102211636583,-0.6412176880109727,-0.6441111132311845,-0.1713500043453099,0.048617275739423704,0.3231501271474661,-0.017399309674781788,-0.5500728708029928,0.050082777846252265,-0.8338441993184532,-0.17478957841779602,0.06953805515747942,0.07075175723864174,-0.6237071944088318,-0.5927033437496826,-0.1025457410892495,-0.6062839961186498,-0.8348037042832196,-0.3947774614817607,-0.22187742333635393,-0.3947774614817607,-0.29677636858333656,-0.37830154652626535,-0.37830154652626535,-0.8255924727909404,-0.8255924727909404,0.3434678952584535,0.5704786107027071,0.4868987150426978,0.7847308777526069,0.7277113005997833,-0.3934699991002775,0.051936486880548055,0.7308415448508273,0.7534251259532371,0.7308415448508273,-0.11071916952949355],[0.992892788365176,0.983600366552253,0.564939384033717,0.9944433943814531,0.9973869023213888,0.992892788365176,0.999970614419983,0.9995561092563714,0.9995561092563714,1.0,0.9588711473335156,0.9996426149978953,0.999971864758635,0.9999708846610076,0.99997553768463,0.7959198436396961,0.7238682669649569,0.1611365293894637,0.9998152474697642,0.9998158293675647,0.9896608416894255,0.9999689951579617,0.12259321779987574,0.7013717908372297,0.9951016643112699,0.9951016643112699,0.9950571091684864,0.9906035876089243,0.09796258699490619,-0.10873738348381215,0.9905182738873985,0.9904820919628655,0.007815177153295282,-0.18868753432680982,0.9993842610993644,0.9993425872505235,0.8020055234124095,-0.4921246446423325,0.99894037331847,0.999388918042007,0.7750199882413824,0.1373416748844013,0.9992446399913542,0.9992498313931969,0.9992446399913542,0.9083712004533889,0.6134926771664209,0.9351586144062398,0.9137794900951598,0.7328719503601769,0.009331708806907101,-0.5382634980272626,-0.15630868579472407,0.9238171419965627,0.2953576936033568,0.9631714843908712,0.9625562085063161,0.980562635982173,0.9948797768459567,0.8814160785851268,0.8717207289206645,0.8974175256557428,0.8789677364854555,0.8959037744042555,0.8965103837180426,0.8959037744042555,0.8068755578087637,0.8460388266053568,0.8475240711514933,0.8460388266053568,0.8713467757004381,0.7793785578876479,0.8573061508232854,0.8585143285914215,0.8573061508232854,0.6007587712850713,0.4411138465613313,0.5704100046090823,-0.6418345200555141,0.5491182279988287,0.5157218385627228,0.515467723649767,0.5157218385627228,-0.10962947803000146,0.8488790078636409,0.8691941442390628,0.8547628586298435,0.8900779750385716,0.17825457775424916,0.8533042082412038,0.8552350509444365,0.8533042082412038,0.8599197115339933,0.8599197115339933,-0.18774111423966913,0.6954280722423343,0.055322130131718876,-0.6829645034962064,-0.6646163774892162,-0.665685900645267,-0.16032553597521457,0.05938545873700617,-0.18061987507880956,-0.18248276392616036,-0.5788922115395254,-0.38966613886011897,-0.8681509960764378,-0.5845036942618731,0.08397017863276629,0.08516248772470895,-0.613936680246531,-0.5878364968467997,-0.5478134902294602,-0.5916561744709908,-0.8042246979854647,-0.6131655038054963,-0.6153335889636425,-0.6131655038054963,-0.2814926209125868,-0.3681110463928053,-0.3681110463928053,-0.7842531592214654,-0.7842531592214654,0.36362589381346966,0.5857271021405152,0.8132799487350031,0.8000463353063537,0.738538962572598,-0.39957973764665294,0.6339645361553496,0.6927964187294875,0.6929578253170882,0.6927964187294875,0.10837827417217116],[0.9764649194069068,0.9692625617771974,0.5227172321380502,0.9744327464226864,0.9664423217113055,0.9764649194069068,0.9599248173785798,0.9531172484587627,0.9531172484587627,0.9588711473335156,1.0,0.9427701634134102,0.9599456188464045,0.9599636355724265,0.9596578938202835,0.6231288580914485,0.5383219143906792,-0.057373425219833005,0.9644262165899541,0.9644053208871266,0.9600629430528103,0.9600551639797948,0.04897176703067086,0.7420968317894059,0.9615374068884542,0.9615374068884542,0.9617167161406933,0.8858343696886593,0.2037630851152166,-0.09164036003833038,0.96702926181162,0.9671353533926441,0.16511837928370804,0.07825192165055758,0.9681154118412908,0.9683630078712333,0.8804238652346823,-0.3901655813621762,0.9514224768087214,0.9672870530486872,0.5984204806698621,-0.0786018688471591,0.9692476147944341,0.969215864501219,0.9692476147944341,0.8075193268588223,0.4119386644721475,0.8158643335051176,0.8919191300603853,0.8474527374416816,-0.5256526188972103,-0.6808560981235864,-0.25260099532102337,0.8864683360039551,-0.0061455865992301895,0.9166579831039275,0.9167223067108181,0.9365132117180459,0.9652980824356954,0.885175398140278,0.885457167680995,0.904852268711802,0.8879890367020934,0.8982262817933424,0.8988704794798594,0.8982262817933424,0.8403538934966107,0.8231236861190055,0.8248630669105105,0.8231236861190055,0.8819091931206914,0.8975982672040438,0.8802772790283444,0.8808946795180121,0.8802772790283444,0.68687716015012,0.6148513908749567,0.6878535544627836,-0.33085253416964805,0.7069053201633294,0.7231579855585155,0.7255097138528429,0.7231579855585155,-0.2708974986296341,0.8854745351784343,0.9387094108629797,0.9001752132832155,0.8974385486041248,0.030040135584333605,0.8791430592135432,0.8802183332469485,0.8791430592135432,0.8881476061227058,0.8881476061227058,0.03949710382680579,0.3839259682456458,-0.11414100876136991,-0.6143290292605424,-0.4258958982163675,-0.42805867185250723,-0.01776090178020273,0.4161009357971261,0.04396464211021484,-0.13750076249068105,-0.49228344813154334,-0.06625326786831175,-0.798722895489415,-0.228145789399481,0.298514939510013,0.2978860989223967,-0.39472279646041114,-0.4340260050738889,-0.3565625278809163,-0.36595678479705246,-0.6677465349216195,-0.37656124939000496,-0.3786801101200507,-0.37656124939000496,-0.09496325778708649,-0.40712466214813975,-0.40712466214813975,-0.5396399029016868,-0.5396399029016868,0.5201157512431149,0.6504281960411781,0.75039684295417,0.6817067335048034,0.8168607905304304,-0.4902523415513814,0.3890010295286005,0.5375135793033434,0.5378008678141065,0.5375135793033434,-0.18635594400510935],[0.9865782112763753,0.9852675715821992,0.9958036292914912,0.9901217904261838,0.9964208424271296,0.9865782112763753,0.9996789058914458,0.9987118970459784,0.9987118970459784,0.9996426149978953,0.9427701634134102,1.0,0.9996782753788366,0.9996733710865802,0.9996441464580172,0.42048936323434494,0.3278198497257903,-0.4816414623382005,0.9997952272117201,0.999798094252943,0.9996834673606585,0.9996832423614478,-0.21770918222829708,0.9706942120710627,0.9943555325666117,0.9943555325666117,0.9943362635296815,0.9927823032000832,0.1253250824653553,0.11024208536711774,0.991270307057335,0.9913164484443667,0.9125867570872287,0.05806541455547634,0.9989952352066397,0.9989470693574933,0.998816000822167,0.9993584502289223,0.9993930661620588,0.9990287783822781,0.3714709065335451,-0.49029271683765074,0.998762576983177,0.9987712062924787,0.998762576983177,0.9022807253976083,0.45283502010744214,0.931563850047175,0.9116635786021915,0.7336762639272341,-0.4582898037006422,-0.6189772562704988,0.8051524162058106,0.8332405952669304,-0.336891069170116,0.9277696799667022,0.9279870765727333,0.9681294780193125,0.9931738743396765,0.8926688462904768,0.9000159126886117,0.8758698799157513,0.8771081266771595,0.8826509820978662,0.8833414172168292,0.8826509820978662,0.7532663301903656,0.7191293496803927,0.7214128207043636,0.7191293496803927,0.8992755396989663,0.9058579080591153,0.8983717909470104,0.8994987558408439,0.8983717909470104,0.46641313369843107,0.4004941481053491,0.5099761089499792,0.615352559201684,0.5093153049089076,0.5415393857512322,0.5435672392731493,0.5415393857512322,-0.3692226981225766,0.8352840854222283,0.8730594886071488,0.8584322463501584,0.8994324100702303,-0.2873651495751434,0.8300957893019055,0.8304890666608551,0.8300957893019055,0.8409390911482179,0.8409390911482179,-0.24090858261541134,0.687623572869932,-0.38743196657018947,-0.7745843774389648,-0.5356304743851562,-0.5381613711977342,-0.4030888924370093,0.20811776711613988,-0.29264937361037174,-0.5042838404433886,-0.7285509027052157,-0.3825393767970896,-0.5989031353791334,-0.4513243339133646,0.07793027693008218,0.0748429184285354,-0.5579739796754679,-0.5276854876627298,-0.5482078594020293,-0.5833499934894772,-0.5771757588374872,-0.5514979929831422,-0.5544122287214679,-0.5514979929831422,-0.422569876475928,-0.6140930048879031,-0.6140930048879031,-0.6133786454875094,-0.6133786454875094,0.35957556035793337,0.3344722757024518,0.4646463611131756,0.5585611139441472,0.5254166543134663,-0.5686540733157192,0.29490566792214756,0.28578543881887514,0.28595140992597795,0.28578543881887514,0.2268467094855155],[0.9922506797075006,0.9837861713712938,0.6302646382424547,0.9935670168835856,0.9972092945795252,0.9922506797075006,0.9999965605134421,0.9982398166165608,0.9982398166165608,0.999971864758635,0.9599456188464045,0.9996782753788366,1.0,0.9999902911274218,0.9999950110313383,0.8914691130594716,0.8732506147908511,0.2770625051120545,0.9998616436352334,0.9998617366078189,0.9898208843346255,0.9999973302425552,0.3396242582884562,0.7285954330831604,0.9908137522011832,0.9908137522011832,0.9866171685901304,0.9907363424252429,0.2654201367085118,-0.1694438521455227,0.9916273106967999,0.9915141769635909,0.18952823028442595,-0.23022339644245593,0.9993426504140329,0.9994551261164218,0.42376851233696616,-0.31130631655034363,0.9990089730892622,0.9994194878290996,0.8772169315469919,0.2563748501379598,0.9414655213634162,0.999091616928374,0.9414655213634162,0.9086487027014257,0.6130557087864114,0.935760653424503,0.9146756955400801,0.7335291521703495,0.40885804857971575,-0.11120095903922009,-0.19792704123569904,0.9280775503697347,0.3494128461755163,0.9676689331750752,0.9625764246462789,0.978723264739193,0.9956705883789888,-0.038878079372620014,0.8711173820069991,0.8321401911140631,0.8781747669454247,0.826634577994484,0.7899571522548736,0.826634577994484,0.8075545272014947,0.7945150386136302,0.7844367357906922,0.7945150386136302,0.870164282298945,0.38047125469278686,0.5860170097952587,0.6500794491959484,0.5860170097952587,0.6011394392376882,-0.345589989995632,0.5713177688286898,-0.6305872757525212,0.4943022189838412,-0.09594066600816718,0.4336519051232492,-0.09594066600816718,-0.15219788220585037,0.8483432566393517,0.8693919758243953,0.8544691143010608,0.7653973994093368,0.26085753612539425,0.8480036842313471,0.8493811057388398,0.8480036842313471,0.7645367981695439,0.7645367981695439,-0.18593064008180518,0.6942370538024584,0.23891363179132918,-0.6710134372007053,-0.6286591720535355,-0.6317423049342893,-0.1568832612122205,0.055978604331680726,0.3302914188319231,0.0016374781592296233,-0.5377084039914806,0.05958319884198633,-0.8278115564688602,-0.16803760110568078,0.08460802740073763,0.08581335647468565,-0.6123125388156421,-0.5915156628790632,-0.09548988530875545,-0.5899134963588784,-0.8351414092646583,-0.38322539693060886,-0.21550061653013278,-0.38322539693060886,-0.27955633864109364,-0.36488352307051314,-0.36488352307051314,-0.8275289006533586,-0.8275289006533586,0.36311079679019925,0.5872309127183212,0.5055995273975905,0.8026048231125181,0.7402087219553256,-0.37202703942287546,0.06605049080995348,0.7500009692387342,0.769143807079264,0.7500009692387342,-0.1277309925444496],[0.9926741887860591,0.9837237995504872,0.6213723474602946,0.9942883002413111,0.997287749524706,0.9926741887860591,0.9999866429103665,0.9994041496383044,0.9994041496383044,0.9999708846610076,0.9599636355724265,0.9996733710865802,0.9999902911274218,1.0,0.9999875755062858,0.8413638717495175,0.783264538817904,0.2790539413503704,0.9998843592987604,0.9998849332195981,0.9898103914739819,0.9999875660374504,0.34211423775247757,0.7244085480646612,0.9938078589068788,0.9938078589068788,0.9937708718281589,0.9906525115557805,0.26093497798135407,-0.16985485606870257,0.9918392651571284,0.9918490626767579,0.2133479828187516,-0.22963532765252867,0.9995153870768791,0.9994549164971173,0.8424498095285617,-0.4037391788370687,0.9990041383792359,0.999423809033454,0.8259774286216589,0.2584032057369212,0.9994059620458886,0.9994104969751246,0.9994059620458886,0.9085719640965251,0.6131820580971155,0.9353418229299437,0.9140949044453691,0.7330418577941449,0.28874741937742465,-0.2821768886341149,0.0973265858171668,0.9279744488723102,0.3501348902646021,0.9644846138856681,0.9625957444318083,0.9772211090532765,0.9958996047606602,0.8889429802149942,0.8702291296731105,0.9022903391864721,0.8780681582939903,0.9014072061098094,0.9022496663089731,0.9014072061098094,0.8066791181347372,0.8673830458181588,0.8688295274017935,0.8673830458181588,0.8699394794930644,0.762669444083956,0.8632156391461633,0.8648233949266699,0.8632156391461633,0.6005894353281324,0.4472993067547506,0.5698472923477461,-0.6349738160300875,0.4927826030661385,0.500726001418648,0.5017797662513114,0.500726001418648,-0.1541304005533972,0.8481255220582831,0.8690044579319404,0.853939458415501,0.8958398319010188,0.2633389204895486,0.8478830761334155,0.8495583287346556,0.8478830761334155,0.8582191516448441,0.8582191516448441,-0.1863226595348089,0.6938564764266907,0.15479329392894448,-0.6697804576228396,-0.6282929916026334,-0.6312340254921847,-0.15683261528263104,0.05513179917880896,0.1068823108237723,0.003291222488644347,-0.5360457382875803,-0.12731649371532897,-0.8395188748797769,-0.38851084799385394,0.08432107214394331,0.0855544835156593,-0.6123618202671763,-0.5908313932360599,-0.38807150553816044,-0.5896737460640173,-0.8287351949923343,-0.5025233383244098,-0.4980927932524895,-0.5025233383244098,-0.2787703353086281,-0.3649087809624749,-0.3649087809624749,-0.8196186663808067,-0.8196186663808067,0.36293002996041446,0.5875152618741509,0.8227219911795965,0.8065952458947917,0.7408391750479421,-0.37144027259756346,0.7015645230189627,0.7393408168684718,0.7394235903454566,0.7393408168684718,-0.09551936577978061],[0.992304863217169,0.9836227735496983,0.630478452204208,0.9935971812057454,0.9972363585903147,0.992304863217169,0.9999933205523787,0.9991421884404992,0.9991421884404992,0.99997553768463,0.9596578938202835,0.9996441464580172,0.9999950110313383,0.9999875755062858,1.0,0.8848580567681835,0.840537681174479,0.2771832938561142,0.9998642531834163,0.9998642375712783,0.9899572845231424,0.9999949481642004,0.3402798626627283,0.7284467228239793,0.9940516905241407,0.9940516905241407,0.993956146289798,0.990653885163269,0.26568700347057295,-0.16947564073698795,0.9924513130854535,0.9924976098246048,0.1902651332767002,-0.23005649014408197,0.999389001533748,0.9994541147251308,0.4227933610376163,-0.3105340071928531,0.9989633497611697,0.9994219116368508,0.8755978237088811,0.2565182226242909,0.9410128248935333,0.9991432204264691,0.9410128248935333,0.9089117868769769,0.6137210241980842,0.9359918186632624,0.9149050207677473,0.7332721577306599,0.4102012426527786,-0.10969038823717696,-0.19813862416809203,0.9284248495527234,0.34967857080212644,0.9680598071654253,0.9628866896763855,0.9789880268593979,0.9957093374946718,-0.039867916837580515,0.8713807320102323,0.8320590911789664,0.8784023148733299,0.826588040510686,0.7895361586294783,0.826588040510686,0.8077475788003514,0.7944642623357937,0.7848109283123393,0.7944642623357937,0.870470686543606,0.3798154827866234,0.5855361357423106,0.6500905633167896,0.5855361357423106,0.6010070500075508,-0.3467191046069033,0.5712625941730977,-0.6307593219477137,0.4939595466213205,-0.09690541578270201,0.43331981409181897,-0.09690541578270201,-0.152148053397283,0.8484741884988535,0.869131981194746,0.8545980992119676,0.7573420677678662,0.26122534186318663,0.8481050158474361,0.8494731692649193,0.8481050158474361,0.764354157693249,0.764354157693249,-0.18731529647463693,0.6950330232393881,0.2393991426848422,-0.6709973380260922,-0.6290144597473041,-0.6321023152934093,-0.15796794098686134,0.05482143317630531,0.33060532330549064,0.0012320018648068322,-0.5379209000911215,0.05967451803720633,-0.8270264583823672,-0.1678736828730617,0.08366615820163514,0.08487020924060204,-0.612895885585897,-0.5917347364456984,-0.09492615264567954,-0.5910701733377486,-0.8351515629799132,-0.3831626804892014,-0.21495990464873496,-0.3831626804892014,-0.2804480063365889,-0.3653229673434436,-0.3653229673434436,-0.8278691486668505,-0.8278691486668505,0.363317938548141,0.5868951959863373,0.5051071007663471,0.8030358254160824,0.7396566695608257,-0.3715917477598148,0.06541219387239601,0.7504056438327597,0.7697485096671375,0.7504056438327597,-0.12743816129304789],[0.8363727543822216,0.3357944950702555,0.45729474043341417,0.8355915715260492,0.7658317524731769,0.8363727543822216,0.8915092036339629,0.8891365416433167,0.8891365416433167,0.7959198436396961,0.6231288580914485,0.42048936323434494,0.8914691130594716,0.8413638717495175,0.8848580567681835,1.0,0.9945010088438299,0.4106553131740473,0.870507829354614,0.870498870676382,0.8176537796038228,0.8840642175269234,0.32830622893948047,0.4834454833917918,0.8758753305064138,0.8758753305064138,0.8633472247159997,0.02962146970205814,0.1911470421322318,-0.18486453817785206,0.9065680520527711,0.904685667462165,0.15254549188301741,-0.2500133723294732,0.8887714574279366,0.8134330209564683,0.29592960134742385,-0.31933632099127335,0.43601474868450324,0.7898235600036672,0.998423557488712,0.39264386784532,0.8160273941319987,0.8885490821832394,0.8160273941319987,0.4052340051980455,0.5716275651203725,0.031471650408985904,0.01685878668615327,0.2675793517746972,0.40669459256959095,-0.06357062605308458,-0.20989909605198087,0.7936004419346702,0.4046232569361454,0.883157562394963,0.8036887972020295,0.8636665432949878,0.8780764101066316,-0.09649935183799184,0.3561305613103938,0.6686751517950706,0.5903634811728603,0.