var element=document.getElementById("correlationAdjClose");if(element.style.display!='none'){var correlationAdjClose={"data":[{"type":"heatmap","z":[[1.0,0.9999935263310811,0.9854116094860087,0.9999265064768913,0.9990999788822658,0.9854678960992587,0.9978865187932517,0.9960485307660092,0.9692532382144928,0.9963757872092709,0.9944872434706737,0.9940395502066619,0.9961680265988051,0.9962018115820505,0.996094386738897,0.9976283617263971,0.9978817158304044,0.9983877144512742,0.9966925949195876,0.9967030287000821,0.996758699050148,0.9961245705617119,0.9872353204481835,0.9712721180580965,0.9898138767802201,0.9563774692926653,0.9888077669301438,0.9877221879373331,0.967741878474876,0.951802012236236,0.992969506754499,0.9941230244376686,0.9923455400901939,0.9770091008471429,0.997788227306982,0.9980223018139369,0.9975505106145247,0.9962225630818847,0.9958407101267247,0.9979119386769765,0.9987691285041236,0.9988229187938248,0.9977494266766008,0.9977581671494954,0.9767518237900884,0.9143194001652504,0.9490381902792305,0.9217233622699121,0.9228787856035945,0.902287774951796,0.963419679392838,0.9478919216411621,0.9651052670732813,0.9657595877206477,0.955692655913306,0.9844599830906271,0.9815705879443309,0.9904828368680998,0.9944971784794088,0.986692563785053,0.9824232820310815,0.9881996211045759,0.9863443315295987,0.988760203382054,0.9885711088163434,0.9649469910316718,0.9743921700417671,0.9756490363968442,0.9753341864546917,0.9528592482482348,0.9804561171895818,0.9776715675999844,0.9849311563447788,0.9842085533687398,0.9426933551008079,0.8866560764573056,0.8536876879084323,0.9028494204982025,0.9207931860161491,0.9179232070481431,0.9187090004583043,0.9173886060783046,0.690086853148947,-0.5611391227103416,0.9808508130078154,0.9761795347565263,0.9728407861156857,0.9874151153317935,0.974820920121009,0.98461386790657,0.984584659485804,0.9499442853664807,0.9847298906915526,0.9529797257726047,0.766077252211611,0.9040289182591323,0.9275828035242585,0.7968128256800687,0.950223240924483,0.951014024012414,0.8997240490091514,0.9647934872247672,0.8961116631286558,0.605856220971652,0.720957242568594,0.9029130663533921,0.870429460199416,0.8939779099867098,0.9738918552279697,0.9740278621219484,0.7821643573846163,0.7345265154506808,0.82511412263512,0.4139573485555756,0.8022439797874041,0.8294035784783229,0.8246431106933559,0.81591254208978,0.7776205794201492,0.7508639614259167,0.7335105023889122,-0.27105723123034015,-0.4102358926950615,0.6616511740008321,0.8930559682081024,0.9361226735772262,0.9432223589320319,0.909569248452627,0.826503581277876,0.9105861932922503,0.9294293828863511,0.9293075224717986,0.8635718615857029,-0.17317394582516094],[0.9999935263310811,1.0,0.987596172361694,0.9998268860093023,0.998207608392717,0.9900780783151052,0.9945341722056891,0.9915295775037907,0.984386323488544,0.991548027729355,0.9915560850007779,0.9933276545669766,0.9916876342426436,0.9915486037678402,0.9916120954539407,0.9938450094973653,0.9965200048776596,0.9961953173763503,0.9940998787500092,0.9941007668981471,0.9916056962192478,0.9916516813924846,0.9914835261273379,0.9728419325341089,0.9883516528753666,0.9813697298534252,0.9882308291254444,0.9876310200370165,0.9801013589023388,0.9313784794555361,0.9888038824042752,0.9863254289402866,0.9796478515527551,0.9298697508048895,0.9956370853367632,0.9955365719369849,0.9957733547054618,0.9921322677509307,0.9952193906997888,0.9957773055686012,0.9970570555404517,0.9972248148564737,0.9957578953424495,0.9957649491111723,0.9894738122157041,0.9139638104288379,0.8859218031103655,0.9213570981422268,0.9227536426967562,0.9022624248713822,0.8764026768303442,0.9215189247678105,0.879209553057482,0.9083584173192508,0.8761641211576863,0.9541590374620237,0.9541251472986024,0.9675421498289544,0.9843028821221116,0.9816379348292237,0.9841764548878246,0.9797529524900055,0.9798357460459203,0.9816708681350367,0.9816002399983511,0.9503794987213676,0.9604129392348798,0.9367458266716518,0.9366763179186794,0.865856160312281,0.978140763085401,0.979713981647682,0.9799724535581491,0.9795692470423446,0.9506696180949517,0.7533469470329067,0.7085392854603028,0.8216208109234111,0.8891312647253885,0.839207689351167,0.8647436358599793,0.863424225147861,0.7101043563797714,-0.226758201531831,0.9689804683200861,0.9735116388831088,0.9688355128399169,0.9822558544688103,0.9667788871724733,0.9722175260214959,0.9715841398229285,0.9288680657943599,0.9742182601754497,0.9323535910070984,0.6766214299347723,0.9034324285512589,0.9011263818988363,0.469889749955968,0.8183564731052037,0.8232982325122552,0.7339968733692804,0.9659341761880451,0.7072029702615285,-0.28577859781183396,0.2076707140605896,0.7341296203059837,0.6829235859787659,0.7263972812720394,0.9674713566717249,0.9673007120028382,0.11843102322174257,0.2894014252106232,0.12440728263257599,0.09687234527976343,0.11821847119151695,0.13320770601773943,0.1302386983823444,0.05171385002599631,0.4864628383464766,0.2176110433435862,0.16685180573867628,-0.44157788777129403,-0.48537650710862484,0.6621818862254687,0.7505844948743733,0.7748684608645892,0.83500565044274,0.8203347010627459,0.566231384649274,0.7498437968654592,0.7693295117928431,0.7681063316362101,0.41927685533345954,0.20125490095854914],[0.9854116094860087,0.987596172361694,1.0,0.9868401288372548,0.9930958182268316,0.9914039533388884,0.9900389605991005,0.9906670450437616,0.9905483508769203,0.9934051579787929,0.9974177766728782,0.996504016160148,0.9905365658749873,0.9927921005140578,0.9907258770020819,0.9901152142175138,0.9908450849713138,0.9902436237472301,0.9893739142916056,0.9893477040574346,0.992264454041196,0.9905557724355584,0.9945757108237137,0.9832934452526233,0.9912663792687306,0.9802884628393201,0.9918037921852417,0.9865930055155738,0.9856574104835717,0.9574946980792101,0.9699801606646278,0.9741091135113817,0.9763139733438783,0.9523055739678845,0.9873253990434611,0.9904122582500805,0.9887862248760764,0.9923681146505143,0.9947554318248043,0.9911920718303058,0.9851508644018205,0.9879402204825793,0.9876570994993727,0.9870316754706974,0.9919012949172226,0.9093619338574409,0.9317204423363539,0.9357597235088759,0.9153595267197567,0.8552543619189293,0.9215142397986074,0.902654679310668,0.9240947930824079,0.9263591380611595,0.9117935777888201,0.9496524802998574,0.957950152738523,0.9666492466224325,0.978137752571888,0.9382231895494374,0.9627291470658198,0.9616599738824421,0.9685995521815055,0.961923645221044,0.9362897672123986,0.9191492316524471,0.9432986233113111,0.9336251877357646,0.9151280591724619,0.889564047345175,0.9689726466388745,0.9470716148700282,0.9615366806510859,0.940392614001717,0.818424628982561,0.840377807370115,0.7592918096683529,0.8594807046378373,0.8892756699534673,0.8903967730500619,0.8576517524513557,0.8720767515761758,0.38638079741723846,-0.5522214499703362,0.9584348206115307,0.9441465134673432,0.9439952087298211,0.938324935742481,0.9527994809821748,0.9611837966621454,0.9607581039874697,0.9312527862289499,0.9563944283019077,0.8724792842549953,0.7472623887598653,0.9492207231734605,0.9486523437106504,0.7709943413679106,0.9362486935130365,0.9380217668449989,0.8721300157003568,0.9800782001823405,0.7765037108510287,0.5103477465754035,0.6629731122764181,0.7970723453763103,0.7966147822128247,0.7782552271956967,0.9826896483016255,0.9826657544949641,0.7091126771108646,0.6779928856233053,0.711070183166306,0.35704393108026095,0.7008058827406308,0.713276831363897,0.7272974825212353,0.7114938794528924,0.7374519111315622,0.6830561341375273,0.6644243011140691,-0.33486305538446764,-0.4736660511442359,0.6253515133545973,0.8532793523636074,0.8834185810697017,0.888325503009569,0.8809244701274311,0.7576626075561355,0.8601063884879583,0.8723405957640205,0.8799021679354759,0.7343589133005154,-0.09551403227327031],[0.9999265064768913,0.9998268860093023,0.9868401288372548,1.0,0.9993530756329777,0.9866273396375665,0.9981430282422538,0.9964910834403222,0.9715571186610933,0.9968597079726684,0.9952093556489711,0.9949960250523487,0.9965921382942666,0.996715770135051,0.9965363076121602,0.9979136282807397,0.9982246398322863,0.9986580651827778,0.9970802722550638,0.9970882916138799,0.99716995081546,0.996553597208187,0.9884632365574975,0.9727194362284574,0.9908072201663188,0.9590678454029838,0.9899102676336985,0.9892737105508627,0.9697981131125694,0.9530423056597788,0.9922889399268535,0.9936377396517395,0.9922726098397968,0.9765532273939019,0.9978821815066239,0.9982276992606522,0.9977894328501324,0.9967015006276709,0.9963215281721499,0.9981504961169453,0.998669352815507,0.9989076216370038,0.997838118553241,0.9978444362496014,0.978633072857668,0.910231946458334,0.9468240805861557,0.922304969795834,0.9213567442593584,0.8951769205437746,0.9604234374028555,0.9445275693382928,0.9620146567977067,0.9631845791204925,0.9528054612089757,0.9823240116138725,0.9800052568815852,0.9896080862991092,0.9943116691905423,0.9852491246406108,0.9813383516647955,0.9869395947854098,0.9857552609820668,0.9874187226223027,0.9872204550563024,0.9546466031934618,0.9731534842955931,0.9741426173312611,0.9738258030875314,0.9475883327704737,0.9800244244227784,0.9747803579271558,0.9834839902838948,0.9827223315154429,0.9213915895004087,0.8851076829846699,0.8497701283999576,0.9011157826603637,0.9179373193826282,0.9174251351737651,0.9162432977715002,0.9149671563601814,0.5965460281735865,-0.560679650235971,0.9800286017297417,0.9749338795229651,0.9713968963317258,0.9859722895177334,0.9740715507381742,0.9838446259940247,0.9838065619672277,0.9495469931693199,0.9832869809758013,0.9373504589548112,0.7702193072268787,0.909742951112686,0.9317247386306734,0.7985714463266561,0.9515483685770105,0.952371086312136,0.8992151309749683,0.966067399021625,0.8898792719497749,0.6020704735047314,0.7191098029846115,0.897332273414731,0.8666960026532157,0.8881232080224981,0.9747489826124431,0.9748925017428294,0.7808926030326666,0.7346789224771668,0.8170651742579234,0.4158248977656947,0.7963684786903901,0.8210759017832834,0.816248208668121,0.8104124666491165,0.779914881438424,0.7506392505504788,0.7333706816191334,-0.2664650622343426,-0.40951172397363694,0.6606735903745573,0.8909793740000981,0.9341039275450871,0.9412736688683204,0.9081382673471191,0.8235589262013233,0.9084342102986209,0.9270094503075832,0.9270505476449251,0.8560921098619119,-0.16595218693819716],[0.9990999788822658,0.998207608392717,0.9930958182268316,0.9993530756329777,1.0,0.9895289035321309,0.9991070192146894,0.9985297190582424,0.9840283719212475,0.9985298639440238,0.998117128377596,0.998143443081307,0.9985602460996513,0.9985622115845794,0.9985620587175219,0.9990598143461331,0.9986778303037123,0.9993012792623973,0.9988904470462242,0.9988901939491674,0.9986223262439112,0.9985524292766653,0.9944223382612445,0.9803510615476599,0.9948724666288593,0.9766176482330142,0.994835349947599,0.9919779165766188,0.9827556565460572,0.9563417164157744,0.9891815915926101,0.9918717319910902,0.9894007438478871,0.9682397500345736,0.9989542755116672,0.9990038572457375,0.9990187467715917,0.9986402013294667,0.9986563448039921,0.9989948385131905,0.9989670968894251,0.9992019808103577,0.9989546165642429,0.9989542388733319,0.9883816212623564,0.920336301082413,0.9459380341624437,0.9342537484216339,0.9258182718554653,0.8904913152426939,0.9463651492024271,0.9379305146034848,0.9506214403433341,0.9562731012213087,0.9452534535907235,0.9793036375475751,0.9792355290170224,0.9894091710126881,0.9941563442967042,0.9820555421963508,0.9760134083761058,0.98270433276072,0.9820457507159959,0.9830612154303049,0.9828311869527491,0.9557375377336665,0.9646944866251037,0.9594814662829831,0.9590929814556646,0.9214475771003758,0.9774082664673774,0.9737853656839228,0.9796981815763403,0.9788821564635694,0.940251490042163,0.8646132487581465,0.8260369502742166,0.8861220485111223,0.9225029566107329,0.9066076693405929,0.9138817270015326,0.9127655037415703,0.7456255006726464,-0.5744765596795193,0.9739448732707824,0.9650859144163951,0.962383545747143,0.9829933864462855,0.9648428109764309,0.9775020837699908,0.97712415738653,0.9411342083492378,0.979114587115437,0.9440218966271091,0.7595011592235696,0.9252493395672189,0.9518505354396293,0.7603568424636894,0.9384806115907738,0.9400000566898189,0.8932284019980836,0.9711788915641544,0.8873081998875357,0.4432351112531637,0.6593825846487134,0.8929540878345267,0.8408419832060889,0.8881649392436868,0.9783373253196215,0.9784402850476717,0.7446160137222805,0.7178261985661849,0.7484380768789136,0.39348183020242894,0.6979345302734367,0.7535260557263763,0.7488669238991531,0.7117721664042617,0.7662663080009116,0.7353167828011345,0.7171651691892302,-0.47476131528058835,-0.5556026212998145,0.6546987097105639,0.8851851304185812,0.9196333879680442,0.9349626385195737,0.9057146667611768,0.803873014743209,0.8955997392574885,0.9132304774978085,0.912830176977821,0.7922774156706306,0.043719010707615386],[0.9854678960992587,0.9900780783151052,0.9914039533388884,0.9866273396375665,0.9895289035321309,1.0,0.9849180416955476,0.9856956232622107,0.9922880524072774,0.9850850420821025,0.9806910586485196,0.9796346293701672,0.9855730080732856,0.9860438245279884,0.9857659550688632,0.9853892411707692,0.9886092332495103,0.9866165689622562,0.9864758495780916,0.986462138400975,0.9846052392382242,0.9856622698850523,0.9956416155025821,0.9932324466606248,0.9868955273776797,0.9862337912335308,0.9870930170690598,0.9772955200861965,0.9879061457247039,0.9729295595072955,0.9641135392793442,0.9695607785668734,0.9779133897304961,0.9662077767555479,0.9846524523257328,0.9849697111710274,0.9857834502264934,0.9863529855098104,0.9804355093661814,0.9853837643661577,0.983729348121463,0.9854800685735744,0.9847849232277798,0.984780008631174,0.995877321760312,0.8684938048538253,0.9248896705499823,0.9015169186912754,0.9140720070991135,0.8755623321254045,0.9197100201196742,0.9090986165748763,0.9222135391370584,0.935561885343166,0.9179757447211487,0.9521704450224058,0.957193032162473,0.9632265888852581,0.9729686899157113,0.9701011881450675,0.9855169815934915,0.9716404025787454,0.98348956102453,0.9712217144084488,0.9706608964066918,0.975370712259383,0.9671724313279482,0.9469137758220469,0.9464015913596757,0.9440039081023525,0.9818371286571659,0.9743822693180152,0.9713476646694441,0.9699468088811416,0.9614274289740323,0.8856021610826126,0.8391151768018859,0.9035525782161425,0.9136014772519149,0.9227650031284516,0.9038687854184119,0.901720149151142,0.7192531111180201,-0.5127910255712458,0.9796498465954669,0.9803854126834125,0.9761043464119383,0.9710136716171378,0.9716969551990439,0.9785453333781156,0.9781382516814386,0.9665333248914815,0.9679280937371055,0.9654034054675273,0.7715072532561027,0.8829915159214443,0.9513336871121975,0.8063331979044764,0.9406158153010796,0.9417127177712847,0.8689575620042734,0.9594541355007661,0.8384153497475509,0.5327991444193798,0.6865448039381717,0.8477247069386468,0.8213566697003191,0.8370347494193507,0.9602508265214658,0.9602087962332901,0.736879676939412,0.7116657539637925,0.7541896880282188,0.41766865318283974,0.7439651481706084,0.7597175925773959,0.7535251125878331,0.7499031082497275,0.7623745050420763,0.7139318892535048,0.6992267931970972,-0.2945856724945122,-0.4246021367781655,0.6715503900171153,0.8618401400872815,0.8801218161954942,0.8925316606116891,0.873422017958835,0.7858421217615434,0.8534930998667372,0.8717008096243896,0.8718118908290895,0.813633677296275,-0.13207055021348912],[0.9978865187932517,0.9945341722056891,0.9900389605991005,0.9981430282422538,0.9991070192146894,0.9849180416955476,1.0,0.9974611992077304,0.9575032785133123,0.9995948340949538,0.9995427596798171,0.9995576306056358,0.9983704528607096,0.9994598754455942,0.9991569236133878,0.999888953137846,0.9964640467791952,0.9999029801987197,0.999357109322671,0.9993619756902289,0.9997029066201735,0.99930564610464,0.9907895963523092,0.9747925755115673,0.9855226592345836,0.9260958526908569,0.9933565645717014,0.991450896528809,0.9736131286728977,0.950293426145186,0.9916130735104484,0.9917763613658168,0.99331866632408,0.9739668139242412,0.9989742166454785,0.9998459437074153,0.9997044643886352,0.9994681119914626,0.9997498596520169,0.9998295962327098,0.9984607466002512,0.9997263093908489,0.9993676891872135,0.9990126163667583,0.9810876014219143,0.9280818642062391,0.9495386179282236,0.9446237039471314,0.9344076449998299,0.8907274699795302,0.95685158546065,0.9441652584676965,0.959140808429635,0.9603907647304589,0.951133642749365,0.981281574659302,0.9804101086824537,0.9915109869243511,0.9963677500181598,0.9484323244820606,0.9640865833078712,0.9735422842716484,0.9742502255300828,0.975120898081193,0.9484362001008738,0.9055779328403779,0.956070231911161,0.9614645289634125,0.9395547356950666,0.895737126314416,0.967910225498102,0.9404740545406903,0.9681246095710541,0.9487897118758268,0.7802362251110254,0.8587234245794111,0.7805336463307275,0.8738671003495524,0.8920695846171927,0.8967139775449496,0.8751923321955254,0.8873170920379568,0.3375074395601269,-0.5941605339674141,0.9652320246310422,0.9513758398516716,0.9499705205055259,0.9500340550545829,0.9612748963535822,0.9715373413435892,0.9715816818376102,0.9310273757116604,0.9681694142193082,0.8507126068020286,0.7543625120059985,0.9258251550423978,0.9312510886141318,0.787139260571534,0.9495782195162242,0.9505653419034723,0.8964416380606013,0.970572140581738,0.8321570997467361,0.5939641811486993,0.7111834843450103,0.8552405019806633,0.8468838127375747,0.83675712693647,0.9785363970655022,0.9787054370750029,0.7706259726272435,0.7151290783676841,0.7821190634109264,0.38813109622603925,0.7746068179904319,0.7936899318336329,0.7886898867379207,0.7913849769723708,0.7631059967325913,0.7409416635510285,0.7219173038125558,-0.28171192977366755,-0.4321819730133419,0.6716549051900844,0.8886915970277035,0.9243887070043584,0.9409913605176137,0.9109601115282431,0.8238024016965464,0.9096239039355801,0.9294031313846307,0.9281608401375121,0.7754176754566521,-0.13227096036713565],[0.9960485307660092,0.9915295775037907,0.9906670450437616,0.9964910834403222,0.9985297190582424,0.9856956232622107,0.9974611992077304,1.0,0.9684360122160913,0.9999998224790616,0.9999992738561228,0.9997314768507922,0.9999970222782365,0.999992291669161,0.999998155991127,0.9992891422724529,0.9910801000019439,0.9994258568130686,0.9999050123725237,0.9999046234072764,0.9999631500200156,0.9999987438402893,0.9911747574118824,0.9762889180398352,0.9926233602864195,0.9402301060320426,0.9938586268540316,0.9895285406183039,0.975815868411227,0.9495400663802471,0.9879064357815763,0.9938046056844149,0.9918193886913922,0.9707615926524781,0.9994569743724039,0.9995505773246794,0.999660203939117,0.9997319218210603,0.9991460980644505,0.9994791019464414,0.9981571804078015,0.9987700940397393,0.9995285839749711,0.9993921683787397,0.9827200970687678,0.9278986886484595,0.9466986878190348,0.9487526212816906,0.9325508164647102,0.8792937558479695,0.9551110395298377,0.9395239989468079,0.9570278261334171,0.9544959949469405,0.9449608946993114,0.9792359674894614,0.9773769396769582,0.9904503020942077,0.9969244565434549,0.943424043221526,0.959810524531841,0.9670723893152469,0.9711324362362523,0.9690418813314401,0.9466890751496537,0.8977018778983135,0.9512602219936508,0.9546232687834121,0.9340939575641731,0.883407351270916,0.965145691685168,0.9342307022738822,0.9626254844060216,0.944132263667814,0.7672466259697218,0.8505719738308641,0.7760495196753999,0.8657980083839163,0.8848261732175229,0.8920753321447267,0.8707455386283317,0.8804603416222689,0.3197158705095124,-0.598614418172413,0.9609965167418304,0.9445964305722429,0.9438035620154013,0.9480509007440396,0.9565843189786374,0.9673680995451157,0.9674010457196325,0.92607712444938,0.9612724060218808,0.8393579507740936,0.7511822885366078,0.9403611801228604,0.9421757969726829,0.7833541431624372,0.9492960821852694,0.950441443559851,0.8938819063589636,0.9746190236855979,0.8351692703446063,0.579642667708551,0.70233589848522,0.856281052929534,0.843723574170944,0.8389911180950741,0.9810542112664234,0.9812256858506976,0.7615314026068526,0.7072927931805454,0.7834687692273438,0.3753543335313356,0.7694314023875368,0.7891399443063973,0.7891642183829752,0.7857750376290794,0.7567472455019775,0.7350658556169136,0.7154501829015762,-0.29758372457428717,-0.447013101856819,0.6571865198886869,0.8810005780692837,0.9218844610397765,0.9333850089552883,0.905096253810215,0.8129382132953097,0.9031623126375663,0.9231012330000278,0.9221364183800217,0.7563620711239567,-0.11520761332297033],[0.9692532382144928,0.984386323488544,0.9905483508769203,0.9715571186610933,0.9840283719212475,0.9922880524072774,0.9575032785133123,0.9684360122160913,1.0,0.983444218818631,0.9875971112007078,0.9897110178395515,0.9721251351797923,0.9804447984455295,0.9770454302602989,0.9748631181541526,0.9490063353605548,0.9796348817019096,0.9777968713216753,0.9777616653315014,0.9819168757122848,0.9769188766361865,0.9939964525979569,0.9924075600787751,0.9813859857533552,0.9882543903346815,0.9844070984140972,0.9897069126155562,0.9902568733822384,0.9662563325710174,0.9282634802867424,0.9498570785722055,0.9654430706073097,0.948234331984236,0.9714742302825622,0.9797761861045431,0.9765511845270335,0.9789164307089075,0.9877866667009314,0.9808924834890582,0.9673019237669289,0.9766942294118856,0.9722938269961368,0.9712538020387484,0.9989236171139961,0.886508014456486,0.9154821316006593,0.9387506517894812,0.9283075190710341,0.8514018150398024,0.884899121035156,0.8802950071926741,0.8886743452997137,0.9096987528436129,0.8913952123859531,0.9284783544069832,0.9437827558828431,0.9496826472327352,0.9622774339207957,0.8971710202532232,0.9636891475087388,0.9404252599496388,0.9619958867094411,0.9404506422370831,0.895147801511643,0.9072382363729256,0.9362162760727731,0.9083489714349259,0.8713179019700062,0.8709138989187589,0.9634006048303677,0.9133931416923006,0.9389477623999907,0.9001438361551033,0.8041562729692543,0.8325799116767651,0.7141719641585181,0.853811667065208,0.8695471154342596,0.8832205035056336,0.8312506138544322,0.8499531742304611,0.36315926732547893,-0.5380359255806698,0.9523020313306431,0.9465211241294353,0.9428996398853866,0.8962424841518413,0.9419057176061467,0.9504490620923337,0.9498532998771293,0.9332493321225244,0.9345815265903714,0.8576659536414504,0.7542899486992878,0.9318066032555036,0.9576283911864732,0.7797844589988578,0.9295245982998038,0.9312615861300954,0.8499825562335952,0.9677495201409501,0.7432672768479847,0.47350028592683274,0.6444606177853206,0.7749696209610591,0.7739634622795158,0.7531319019844753,0.967204435617853,0.9671249482065116,0.6904262470024962,0.6676443121110609,0.6767244473100312,0.36524544735239917,0.6831525333510174,0.6920290114282436,0.6772500209347115,0.6903192873752002,0.7307984507811175,0.6781029039057576,0.6607621652264161,-0.342094031134763,-0.47731268592051834,0.6705447848313855,0.8388448567470917,0.8369000816640024,0.8635634778948348,0.8607246405926813,0.7510981316918283,0.8160283332386842,0.8424727220761997,0.8365907678992203,0.7069287813784642,-0.05487967781964801],[0.9963757872092709,0.991548027729355,0.9934051579787929,0.9968597079726684,0.9985298639440238,0.9850850420821025,0.9995948340949538,0.9999998224790616,0.983444218818631,1.0,0.9999991007209232,0.9997366248606924,0.9999985010794443,0.9999910336082121,0.9999976476276548,0.9996599298887701,0.9977680817768039,0.9994200720411484,0.9998765325932406,0.9998764815561689,0.9999760271518339,0.9999992738422441,0.9937543276127271,0.9777640196541719,0.9959410426852009,0.9735731512632657,0.9960289161461635,0.9895066455235274,0.9801248044827839,0.9507195035227203,0.9892922176028921,0.9934946918511163,0.9892031495992735,0.967093162676155,0.9994728617675191,0.9995413866591719,0.9995529899779563,0.999822306483978,0.9991602742360235,0.9994869056810075,0.9983515802340976,0.9988095221692229,0.9994768503775803,0.9994717664203712,0.9870051406444196,0.9278717199123432,0.9467367085156005,0.9485599938242912,0.9323414066347525,0.879442635168266,0.9442838337305036,0.9324109311894443,0.9479418622138867,0.9524588135046484,0.942779003050592,0.977689834227159,0.9774116265259557,0.990943871707486,0.9966963967095971,0.9721173485905553,0.959733915197078,0.9728379638743648,0.9710851624088267,0.9732779057189963,0.9730111091187638,0.9436382838318258,0.9511767352052182,0.9498962131415879,0.9495500491081733,0.9100722172608987,0.9650708476502281,0.9642178536916963,0.9699768526295169,0.96897429442652,0.9270634179948285,0.850626801193065,0.8062129113099297,0.8655664097107468,0.9054813382302651,0.8920128496019227,0.8982192027327162,0.8973267965721019,0.6977553256944966,-0.6092404703351035,0.9609423416040846,0.9446055959724264,0.943821366582823,0.9732832862224023,0.9518831459620982,0.9669515365536796,0.9665575626171871,0.9266589128675288,0.9688007182315358,0.9298635344425387,0.7511969037073571,0.9400429298074122,0.9544272983356187,0.7653627272312552,0.9424115579250292,0.9437341216977972,0.8939537946131415,0.9737399149316479,0.895033971232845,0.4805079019175592,0.6770553919522329,0.9006431401700994,0.8490884351008152,0.896031733794254,0.9810083283636533,0.9812121759778842,0.7615998566033169,0.7070592709122034,0.7647188167106725,0.3754842299204693,0.7156540875954257,0.7697890262099071,0.7651346435135776,0.7309423692721954,0.7567740346085459,0.7350542139923307,0.7154178799446202,-0.520423869276406,-0.6019826957865565,0.6574693121362469,0.8812141480570458,0.9215216291856131,0.9367768178978385,0.9053307944467253,0.8092863166134141,0.8966442363963241,0.9148765136465763,0.9143312165465858,0.8040051624319562,0.11078480989665843],[0.9944872434706737,0.9915560850007779,0.9974177766728782,0.9952093556489711,0.998117128377596,0.9806910586485196,0.9995427596798171,0.9999992738561228,0.9875971112007078,0.9999991007209232,1.0,0.999736323431296,0.9999962621228576,0.9999945195504898,0.9999982304306657,0.9996386655914846,0.9973575340356583,0.9991260274037105,0.9997677741925113,0.999767594542181,0.9999983629674102,0.9999982453618482,0.9927281372466519,0.9722647865578956,0.9949071386488874,0.9812855025546415,0.9955261956880975,0.9895236703794633,0.981856621656739,0.9413744101665744,0.9878953816629754,0.9926458958038215,0.9822096581536158,0.9392578337749664,0.9992155946151042,0.9992767884911457,0.9992105194049641,0.9998861406097824,0.9991411525444158,0.9992211005051354,0.9977168259427743,0.998354415736604,0.9991865455077664,0.9991837871930778,0.98891494416718,0.9275525453285592,0.9091432142686554,0.9484895650722217,0.9322187424340391,0.8790795575982799,0.9088811250005426,0.8968864125701089,0.9137887292432348,0.922458058475328,0.9072490326737604,0.9686100964438384,0.9685811085716053,0.9900202904360236,0.9950332760240396,0.9643201390087608,0.9598362325648543,0.9608538334828298,0.9609026793944138,0.962665339448262,0.9623920728645841,0.918811520111291,0.940486119742372,0.9166603826406791,0.9161620897145748,0.8370650335037034,0.9623292794255841,0.9685577172187375,0.9646848222713406,0.9635801602201908,0.9174809292218494,0.7716479072269415,0.7285903030655726,0.8210497780093762,0.8800720049924264,0.8448349398172895,0.8623778841533662,0.8608768942474226,0.6904831030512343,-0.43346848709331,0.9469000372738765,0.9447144397173934,0.94389323326914,0.9656314991657613,0.9378761268823518,0.9501515745964952,0.949462524078119,0.8951087020693375,0.9533480138530473,0.9009631588156383,0.7513465693263319,0.9404067411854842,0.9573187541430883,0.6378911960655625,0.8961851248280666,0.8991803101852287,0.8486200930000015,0.9842103277434883,0.8364288241772035,0.14542050651313446,0.5226089533850347,0.8485753733595676,0.8126964017270659,0.8425694211657015,0.984943929257092,0.984907775727968,0.5015923945626217,0.6117628549223194,0.5088580691470679,0.3753883926745269,0.47323887372257256,0.5213407141859665,0.5107664621617037,0.4472275991005825,0.7438518401295733,0.5880097390176278,0.5476745397179731,-0.4853371441737062,-0.5399237629811932,0.6568313582570857,0.8596063314734234,0.8725191783253101,0.9022620025833539,0.8987893233630324,0.658390310514156,0.8370566707550469,0.8644184838783125,0.8636430100086232,0.6061838523624354,0.05150426323651204],[0.9940395502066619,0.9933276545669766,0.996504016160148,0.9949960250523487,0.998143443081307,0.9796346293701672,0.9995576306056358,0.9997314768507922,0.9897110178395515,0.9997366248606924,0.999736323431296,1.0,0.9997513652360632,0.999735154421188,0.9997421043711486,0.9996409246059094,0.9979981623412209,0.999330676255555,0.9999618420636877,0.9999613497126607,0.9997411504774392,0.9997472769341138,0.9919996589171568,0.9676889772436419,0.9934623721221343,0.981403414431975,0.9943165909498334,0.9924194194804029,0.977123993722379,0.9191176407674784,0.9905142625173958,0.9936251154777923,0.9771794668682273,0.9171987392292843,0.9993421074965669,0.9993966532408383,0.9993526996288691,0.9995396906495996,0.9995665333518605,0.999371092836635,0.9975386192426297,0.9983630420525361,0.9993287751461853,0.999325295100659,0.989943817783434,0.922603758791863,0.8933446924488055,0.9453730952214842,0.931630473989812,0.879156868187567,0.8688157861551348,0.9096513461616096,0.8729604467870159,0.8945176056472781,0.8669994611873081,0.9547880177075356,0.9547646694612663,0.9800755505852686,0.9941835425854165,0.96308447108834,0.9644398620096366,0.9566023902999895,0.9585861649659441,0.9598331200054386,0.9596790218067325,0.9190372632013448,0.9318438495853393,0.9023172292372952,0.9021862450323972,0.8183696349716619,0.960585720476868,0.9629913184241793,0.963193851265946,0.962644766451015,0.9235159177395167,0.7076556134462708,0.6592696050418388,0.7776931863312568,0.8525648799120756,0.7997445903312532,0.826950057849033,0.8259867141041857,0.6587070322872799,-0.34241790094564556,0.9409234427003299,0.9478604225998825,0.9408216441906765,0.9641030207052955,0.9382196939855173,0.9452160988834786,0.9443471329646465,0.891949657062929,0.9482334672754628,0.896681879768458,0.6933798506842694,0.9375182228426291,0.9317384520134477,0.48358548615253516,0.8302858761921862,0.8355100678353388,0.7335147300991048,0.9770370112513032,0.7096408597569381,-0.2274493247183947,0.24840146606115,0.733523243083166,0.6881925058102959,0.7268635573399427,0.9782205260165932,0.9782295596372265,0.1664198669710243,0.3232060690695883,0.17092428213077235,0.1432457163351863,0.16314862176951345,0.18030272411249124,0.17799089105557106,0.09442919203983283,0.516475909425751,0.24798046709158367,0.19525768002297328,-0.5071561504303946,-0.5500408467376524,0.6577524826028346,0.7504242999841,0.7745528395862777,0.8371241968943194,0.8248513716445757,0.554775594197095,0.7472534121353995,0.7693633843764479,0.7682202569712234,0.41963223231883795,0.24469873373596046],[0.9961680265988051,0.9916876342426436,0.9905365658749873,0.9965921382942666,0.9985602460996513,0.9855730080732856,0.9983704528607096,0.9999970222782365,0.9721251351797923,0.9999985010794443,0.9999962621228576,0.9997513652360632,1.0,0.9999907800348502,0.9999976467592632,0.9993401350227753,0.9928159226274704,0.9994679783404177,0.9999142753045781,0.9999141029410717,0.9999703054714744,0.9999989437561224,0.991067916672448,0.9761191783526681,0.9932853413075728,0.9451646760701153,0.9938122901473252,0.9896567621436856,0.9756255132997759,0.9495081182955988,0.9888125590793663,0.993881852094272,0.9919106254592122,0.970911487682255,0.9994998508682631,0.9995914987952702,0.9996915763139524,0.9997323158161435,0.9992129484928409,0.9995216184836394,0.9982460161950263,0.9988409409951908,0.999571894537253,0.9994357863497456,0.9824948374866286,0.9281999023271351,0.9468901883274825,0.9487084089039328,0.9327342612973628,0.8800371072110087,0.9554688301775666,0.9399336654739748,0.957390785940969,0.9548619723484464,0.9453744411441257,0.979494454946398,0.9775750490916572,0.9905952309396574,0.997001146195594,0.9437167456904758,0.9599134362962186,0.9673248717345726,0.9712352524328489,0.9692919877771549,0.9469338523553104,0.8977828561236669,0.9514794998900802,0.9550053186799754,0.9345068448562082,0.8837359547132115,0.9651995577608384,0.9344196541134463,0.9628221400344069,0.9444052455887519,0.7672629445789427,0.8509607506857837,0.7765607908368186,0.8661639431102739,0.8851085673510466,0.8922711413233136,0.8711157214924096,0.8808342646222276,0.3199384495897205,-0.5986077519965615,0.9611553281238246,0.9448530208210227,0.9440275246816463,0.948284205419325,0.9567570165121917,0.9675425380723705,0.9675782999501537,0.9261762969201754,0.9615453051773166,0.8394849470699854,0.7513017817647768,0.9397063481716909,0.9416632921521535,0.7834733407346992,0.9493237213113352,0.9504593333127113,0.8942234156654475,0.9744681995899794,0.8356472768209104,0.5807146144921056,0.7030042627530508,0.8567473303021338,0.8442572402637576,0.8394632016536099,0.980984951336844,0.9811564430468965,0.7621611875262341,0.7078438742123789,0.7840710970944578,0.37607214958559826,0.770110612428522,0.7898308549629217,0.789775706111073,0.7864873262674045,0.7571162767893865,0.7355218270905418,0.7159265504917394,-0.2966232446765311,-0.4461559570452521,0.6576887941857779,0.8815286197262565,0.9223430208678838,0.9339194826898205,0.9055762540597313,0.8135104443910858,0.9037421524341585,0.9236746773916014,0.9226958865148138,0.7570470536269247,-0.11623813642319333],[0.9962018115820505,0.9915486037678402,0.9927921005140578,0.996715770135051,0.9985622115845794,0.9860438245279884,0.9994598754455942,0.999992291669161,0.9804447984455295,0.9999910336082121,0.9999945195504898,0.999735154421188,0.9999907800348502,1.0,0.9999947557345692,0.99953781820488,0.99769428636776,0.9994233503698947,0.9998986198633797,0.9998975706956748,0.9999513219630585,0.9999909314034738,0.9930521100577803,0.9765281345613509,0.9956549001359432,0.9675716885098213,0.9954273793209844,0.9894733287916166,0.975955845329389,0.9496611561252015,0.9889645295778273,0.9938471315722108,0.9911370019820827,0.9703848004390174,0.9994708279352548,0.999542915097512,0.9996070668014384,0.9998815736466515,0.9991719771787821,0.9994683523007624,0.9980813033887374,0.998758473742584,0.9994886125785497,0.9994812971416185,0.9849765110116528,0.9280290194769414,0.9466243130376313,0.948437871697191,0.9321972604252476,0.879372300056612,0.9493322353097149,0.931775873087993,0.9515321115671388,0.9541970099466752,0.944637899136233,0.9777025714653319,0.9772321901815687,0.9898105831320164,0.9969972584841638,0.972267530535777,0.9595006462595376,0.9728283394973452,0.971086311452833,0.9738115095693868,0.9735302673800684,0.9520827463882557,0.9508706433284237,0.9540434792396636,0.9536764927839871,0.9260983314391865,0.9651048456364993,0.9670240399302691,0.9715544664026828,0.9704148641125604,0.9362288245465761,0.8502864283191455,0.8132834874197974,0.8653087076087691,0.8964921119215864,0.8918421007524422,0.8926847953492345,0.8914645794991329,0.6751734618096598,-0.5989384031593914,0.9609587306781484,0.9445017094531196,0.9435672336347738,0.9734422016931416,0.956640040307198,0.9673341273061142,0.9674223603416642,0.9260788937411675,0.9678435879975925,0.9378924590321475,0.7510336787062033,0.9397412456181609,0.947501372412536,0.7824566715004038,0.9491435336128418,0.950216403013386,0.8938252661186546,0.9748322081257007,0.8839486189259095,0.5800068519113203,0.7019176963869843,0.8914731615222317,0.8566009187377565,0.8820928216448216,0.9812731815213152,0.9814739179556349,0.760682620236973,0.7064799556095658,0.8000777662912313,0.3754397053635569,0.774249504553602,0.8046756530727286,0.7992177730188854,0.7849238065773745,0.7568449582858867,0.7337044412407939,0.714108931581838,-0.38865005141310405,-0.5094607090528241,0.656693136673325,0.881214103010229,0.9189074148396559,0.9292711409511135,0.9056760561156117,0.8121202471805997,0.8903801333265909,0.9117126244336256,0.9112954560283952,0.8417294934747163,-0.08328006793625403],[0.996094386738897,0.9916120954539407,0.9907258770020819,0.9965363076121602,0.9985620587175219,0.9857659550688632,0.9991569236133878,0.999998155991127,0.9770454302602989,0.9999976476276548,0.9999982304306657,0.9997421043711486,0.9999976467592632,0.9999947557345692,1.0,0.9994337000672315,0.9969312789774647,0.9994425701502163,0.9999080815833709,0.9999073875875025,0.999964311658848,0.9999975295173134,0.9912194706830953,0.976353748967696,0.99500445892903,0.9589935349784056,0.9948079933921615,0.9896091756928098,0.9758706387497074,0.9497140572072628,0.9912701881867492,0.9941521975136053,0.9917658363999357,0.9706665859326785,0.999469189479916,0.9995522395902481,0.9996677952919577,0.9997479617581915,0.9991762631593802,0.9994766967748243,0.9981831426101366,0.9987872047715812,0.9995389781829797,0.9994053815573567,0.9827190342747665,0.9279777925757092,0.9467175168208214,0.9487483360257,0.9326703828110897,0.879611738410734,0.9551935237464106,0.9396626297250611,0.9571430304163482,0.9544445749590811,0.9448769654201515,0.9792632672697239,0.9773207966847354,0.9904201401003856,0.9968883137813621,0.9437287041913303,0.9599007014050076,0.9672442872012854,0.9712101024178912,0.9691990792195112,0.946492911419155,0.8979240275303922,0.9511601439422777,0.9546888074707967,0.9343131799235366,0.8835429674679475,0.9652945685501584,0.9345884705770339,0.9628349323874341,0.9444519802910816,0.7676044548117958,0.8505583207617354,0.7763184695294222,0.8658281094444267,0.8850003996835528,0.8920767024162746,0.8709016728101454,0.8806331671104244,0.3200777115841839,-0.5983112763069841,0.9610793236767466,0.9447497890975521,0.9439375962255051,0.9467083522648448,0.9567629879809084,0.9674485042587545,0.9674781969118453,0.9262692505238721,0.9614451122936617,0.839633413546646,0.7512175294904426,0.9400462580965128,0.9420706447634464,0.7833468434651019,0.949218489816077,0.9503682891757997,0.8936983468550813,0.974637004193854,0.8352039296876533,0.5794723611175462,0.7022228153299265,0.8562931832812899,0.8438526360313182,0.8390225496805811,0.9810958916358626,0.9812640102509437,0.7611345082987683,0.7069408722419324,0.7834507995077138,0.37562392119960203,0.7694101801429117,0.7890607460050172,0.7893241019819256,0.7856754926547985,0.7566627736191764,0.7343087996315684,0.7147279970294953,-0.2973926283860435,-0.44681754402924706,0.6574405856030592,0.8809069244564749,0.9220114681468939,0.9334295695495382,0.9051368966849801,0.8127332073136847,0.9033705727751228,0.923140560007503,0.9222934719611315,0.756460775961497,-0.11548656232939558],[0.9976283617263971,0.9938450094973653,0.9901152142175138,0.9979136282807397,0.9990598143461331,0.9853892411707692,0.999888953137846,0.9992891422724529,0.9748631181541526,0.9996599298887701,0.9996386655914846,0.9996409246059094,0.9993401350227753,0.99953781820488,0.9994337000672315,1.0,0.998332498571782,0.9998416930125875,0.9995270550793832,0.9995320677021423,0.9997559737637195,0.9995119596854197,0.9908178208255208,0.975229730041742,0.9935703460616403,0.9509472255380702,0.9932063934534309,0.9913353948227025,0.973859339072581,0.9501616817440828,0.9917575788006735,0.9925380154372994,0.9926777881881851,0.9728367716776865,0.999254976059085,0.9997276670744045,0.9997059229654587,0.9995493076219559,0.9995680327290535,0.9996814460223398,0.9988098999440126,0.9995626962523569,0.9994963356369223,0.9992486803014762,0.9812133493725688,0.926486396385427,0.9489148346533628,0.9441949769161463,0.9324816798358677,0.8867032088783604,0.9573957880671766,0.9443922670726103,0.9596424682658394,0.9588088257796296,0.949369639232937,0.9813820888949943,0.9795301439451122,0.9914395848810228,0.9963939324119215,0.9485345418203299,0.9634456291172541,0.9725924930621097,0.973754909149203,0.9742668144986767,0.9494654680724955,0.904073174831124,0.9544927746941602,0.9603355700856009,0.9395598741500494,0.8926931309862627,0.9676862114610126,0.9399625792892914,0.9675054983730926,0.9490807983927418,0.7765836831213638,0.85625876093777,0.7808615223040356,0.8712353849328812,0.8903112947892042,0.8948800225216703,0.8747941135770589,0.8861622627249387,0.3317215314396172,-0.5951032279798134,0.9643883472334543,0.949810638935075,0.9487106023313394,0.9511141133156246,0.9608976218205759,0.9707737337753117,0.9708519739590724,0.9306003975982899,0.9670655906967881,0.8479588349080193,0.7521789242782888,0.9292329216390314,0.9333869437727332,0.7854289587924398,0.9491769007076541,0.9501180699401596,0.8939893634166283,0.970882880643616,0.8345163483419176,0.5902773526452929,0.7076400553811768,0.8563522711332927,0.8466878185943673,0.8