var element=document.getElementById("correlationClose");if(element.style.display!='none'){var correlationClose={"data":[{"type":"heatmap","z":[[1.0,0.9999888415725634,0.666084419773116,0.9997318369955286,0.9980328325057424,1.0,0.9924981477105643,0.9889691928120443,0.9889691928120443,0.9931276305762377,0.9771012879500659,0.9870458014521541,0.9925329259861154,0.9929361458394964,0.9925832216964461,0.7955623994068274,0.7298352161976267,0.2994662849524443,0.9933962220939081,0.9933919861256953,0.9856061772773008,0.9925265155325589,0.41195508282400606,0.7410619335851331,0.9820392101072446,0.9820392101072446,0.9820200185984177,0.9754726201884314,0.32594894987593004,-0.12202111728459344,0.9896653196565935,0.9896271750554622,0.27644785049167503,-0.19635549669013122,0.9947510326653808,0.9953195609062363,0.8484765428043456,-0.3599203113187442,0.9906775617948824,0.9953051149605117,0.7808903616906585,0.280206543714837,0.9948888269759111,0.9948866131549557,0.9948888269759111,0.8930748645510742,0.6532170980536078,0.9104248673984263,0.9160897086359716,0.8272974033894052,0.37677631292978686,-0.17367281150963818,0.20846138870505196,0.9481141900639822,0.3873355719915935,0.9750227760596977,0.9707463273538357,0.9804410221814527,0.9897337713603276,0.9313335187337644,0.9389961295425172,0.9456414681693204,0.9309463709084392,0.9429400620060423,0.9436082263839891,0.9429400620060423,0.8845372433498605,0.9228401898635908,0.9238026814149544,0.9228401898635908,0.9234084751200046,0.7895711486144756,0.8963152453412859,0.897586770273393,0.8963152453412859,0.6999362750906692,0.3807960627423249,0.6855877646341509,-0.5506026725402456,0.5911896356953711,0.613256565685291,0.6135342160126589,0.613256565685291,-0.09714734892663231,0.9117974916463844,0.9431535604848632,0.927273375542391,0.9326819080094308,0.2871303169653328,0.9068911394892918,0.9076636460195967,0.9068911394892918,0.911305203553177,0.911305203553177,-0.09939762641483832,0.5877763822896057,0.16175730937804023,-0.6730977670933616,-0.5868127143157886,-0.5904541363306246,-0.12148537390569368,0.12024854485244535,0.21129281835086386,0.021308811543312392,-0.5383210896809743,-0.010402369592594314,-0.7966808480288137,-0.2783653714469735,0.15995601046541602,0.1614093904294167,-0.5690962724210604,-0.5801576238493885,-0.27022794645202985,-0.5118432519207781,-0.8171291512296636,-0.3998974243233289,-0.3920666504967484,-0.3998974243233289,-0.2156890212220833,-0.331021165094318,-0.331021165094318,-0.8051035978307906,-0.8051035978307906,0.38562593989452415,0.6288568392468894,0.8540669175581233,0.839563228877752,0.7562161554589251,-0.3237005989542224,0.7474372784492052,0.7802788704131323,0.7804763923098088,0.7802788704131323,-0.19462398771519002],[0.9999888415725634,1.0,0.979965736145891,0.999463558736025,0.9957946648852998,0.9999888415725633,0.9846089372673583,0.9788026124205673,0.9788026124205673,0.9844715689476073,0.9714677094524585,0.9858342733811049,0.9846400744502283,0.9845851275207461,0.9844848315858106,0.2189678365214437,0.1286502301454791,-0.4202666112944531,0.9882621948525544,0.9882531699062194,0.9846859700931659,0.9846855553742551,-0.1401311727877442,0.9791339424387229,0.9798488294994427,0.9798488294994427,0.9798848594217112,0.9757378458268887,0.11648374120197695,0.13838943543030313,0.9820195298114395,0.9820625819856373,0.8379482141949391,0.12534181794195176,0.9907657621191288,0.9908082287643126,0.9913564489253098,0.9857340247405909,0.9897545297309625,0.9908705144172346,0.17265762439460633,-0.4252463588364527,0.9914130740332322,0.9914061946629914,0.9914130740332322,0.8927504117965314,0.5007543192364712,0.9104003956959762,0.9159663087470854,0.8267645894044044,-0.31123580882544205,-0.4955092536589176,0.8376139124047909,0.8798462620895887,-0.2496641192321977,0.9372929689085027,0.9374332857696922,0.9576938716699,0.9775206428538372,0.9503560820568215,0.956759667987824,0.9421876894160378,0.9420895084593995,0.946202754523238,0.9466432594282124,0.946202754523238,0.8542432523715408,0.8287375881723242,0.8304888317187856,0.8287375881723242,0.9522072768415504,0.9554516878517015,0.9522078292847932,0.9530068532211945,0.9522078292847932,0.61564348710688,0.5641663371295372,0.6568239564412454,0.7356911806787638,0.6444367764103158,0.6684842007864179,0.6691400393648094,0.6684842007864179,-0.16298093824738885,0.9152136589499624,0.9383291177029247,0.9301798500417735,0.9553122736180507,-0.28153704152961906,0.9114869145200237,0.9117195353345992,0.9114869145200237,0.9186377443141132,0.9186377443141132,-0.18669776030940655,0.5882411387890817,-0.3663908838584338,-0.7692970135593608,-0.4599041694239909,-0.4636135665966547,-0.3714130209373557,0.2656657965227937,-0.25762494804725056,-0.4832300556090804,-0.7193390864990401,-0.34681226254500575,-0.47838576749248823,-0.40731190794062827,0.13155977448369677,0.1285539380283988,-0.48792003217654223,-0.45257349451184614,-0.4812641645613049,-0.5123684355903209,-0.5046719945133614,-0.48357183815250265,-0.48673727484124213,-0.48357183815250265,-0.36014002679753265,-0.52919442897928,-0.52919442897928,-0.49951833198795276,-0.49951833198795276,0.38408984079152714,0.36412777080781555,0.49097227053521336,0.5916099407350343,0.5218334544898364,-0.4365875717510565,0.3621835477310415,0.31175506272569176,0.31190147048653144,0.31175506272569176,0.1610489326871586],[0.666084419773116,0.979965736145891,1.0,0.6628434221478365,0.5946471010240966,0.666084419773116,0.6477681001611333,0.6396825338660809,0.6396825338660809,0.5899986298133808,0.5522010152436654,0.9953521869561771,0.647781512015281,0.6411859976909562,0.6479606156543991,0.42993645578183487,0.4075580484439102,-0.1982700043131137,0.6092838528815667,0.6085957235474151,0.5749687815005889,0.6468691028144009,0.19259113788249807,0.7866710897550223,0.6264484045823009,0.6264484045823009,0.6262140365208726,0.9882169494392646,0.3072098379706741,0.1308521304426005,0.6059481337080898,0.6055568023665616,0.6799988868504429,-0.014388907879589559,0.643737233196752,0.5841221518357249,0.6116813508713761,0.30407523767479505,0.9934588933706383,0.57932792116019,0.4176679266309386,-0.20717091631562004,0.6606450572630671,0.641769526547458,0.6606450572630671,0.889818415554635,0.40256214680544394,0.9281398577513132,0.9061223512969209,0.7235664351866428,0.21707105649885852,-0.06337717769424135,0.050760143162940634,0.5278121957691395,-0.08591770879764095,0.5888139211205342,0.5545495603733059,0.5769617163752918,0.54107104715874,-0.0028103062967340564,0.792325046570411,0.7254016272318167,0.6353389481805414,0.7311767521824917,0.7587911568896952,0.7311767521824917,0.5217522614064665,0.637601201277877,0.6948432223034976,0.637601201277877,0.6929463836173112,0.6735900908044932,0.7238185203493827,0.7699671613683832,0.7238185203493827,0.40164449769810606,-0.08671521668349227,0.41838134939385857,0.10030048629403678,0.40388105860936024,0.2630672406497795,0.48678790517768805,0.2630672406497795,-0.1543185907792119,0.6073902549777989,0.880167575173015,0.6787990592617028,0.7709211780425204,-0.056293921235448435,0.6477028292467171,0.6472535116632022,0.6477028292467171,0.7146422001620589,0.7146422001620589,-0.20400979882147133,0.7021522205449588,-0.18695096795486593,-0.6870599083638185,-0.43514272469857634,-0.43879132427661227,-0.4214916799113707,0.09180359179456059,0.020111012158457876,-0.32972704297402955,-0.6670280795689986,-0.1683079309772162,-0.3127286290089755,-0.2669063938612501,0.0385067366594571,0.0368123079570007,-0.48658241264462915,-0.059521518725063324,-0.2574024294782136,-0.5092476634924505,-0.19818965463146623,-0.4023423382372376,-0.2835471493657698,-0.4023423382372376,-0.41734006548226404,-0.5373897600370037,-0.5373897600370037,-0.30128781076546385,-0.30128781076546385,0.3295531150853142,0.18727107012198385,0.28125162385094565,0.5163910046731763,0.2775089043633756,-0.3783336822604518,-0.015678165311621636,0.4551893752277334,0.5575330084432616,0.4551893752277334,-0.016144723764418924],[0.9997318369955286,0.999463558736025,0.6628434221478365,1.0,0.998926930614866,0.9997318369955284,0.9937442425530736,0.9906625421358601,0.9906625421358601,0.9945866064392567,0.9752128372827766,0.9903243098084433,0.9937689040576746,0.9944576199221802,0.9937959659662761,0.7947063486919732,0.7285888274923347,0.2847644014999127,0.9944594272331829,0.9944578736415157,0.9857017020109107,0.9937554061033922,0.40339797217703643,0.7453684379469355,0.9845547080809776,0.9845547080809776,0.9845349135090183,0.981535222424466,0.3218019721698602,-0.1281250577794691,0.988991993442007,0.9889619624770905,0.2686283487384773,-0.1965878379558163,0.9952752106276441,0.9960391534697545,0.8153431256284596,-0.36431199412418047,0.9930261642664021,0.9962439061233096,0.7793252884389678,0.2652145054204595,0.9932996641331583,0.9953227168788812,0.9932996641331583,0.8907343116415632,0.641069273861055,0.9144418102621362,0.9134327760004901,0.8102964594817434,0.37187272595028886,-0.17860695784498712,0.2031259446745904,0.942770880587884,0.3716291498220524,0.9706029510332881,0.9678677049453962,0.9783052228259695,0.9896246854292039,0.9123176747654425,0.9334082585527658,0.9340623918635719,0.9275759289709954,0.9277725931064129,0.9286530882040122,0.9277725931064129,0.8775249913652984,0.9118811328757687,0.9129175358303767,0.9118811328757687,0.9205343268894702,0.7354366641308413,0.8612924682973059,0.8625623068318565,0.8612924682973059,0.6927819522923346,0.14810693866854538,0.6768902661092948,-0.5550735751504985,0.58696070627315,0.3497433493238027,0.5850843738619204,0.3497433493238027,-0.10319179527204708,0.9073367139233988,0.9369236113621358,0.9207341626983649,0.9117657663505486,0.27310638104511925,0.9031130826100381,0.9040121604855681,0.9031130826100381,0.8940371713033288,0.8940371713033288,-0.10386458819175107,0.6070393969503133,0.16652736701601878,-0.6825557753209855,-0.5933034321925984,-0.5968624015015505,-0.13310143961631815,0.11594475478038684,0.20468075418911397,0.008584214006252191,-0.549801443498104,-0.016379459324192856,-0.8019760050852496,-0.2857356924991511,0.15045585759182079,0.15196503665967814,-0.575343024155875,-0.576632162029368,-0.27105466612377,-0.5216057522631162,-0.8183387196724825,-0.4009287340493031,-0.3936562707607938,-0.4009287340493031,-0.22365708982602817,-0.3400268302580084,-0.3400268302580084,-0.804424656836246,-0.804424656836246,0.3765791864156632,0.6176855339629073,0.8461723931751582,0.8319017263564675,0.749013501729667,-0.3360195503720849,0.7384602323818009,0.7714215987342428,0.7716149631624953,0.7714215987342428,-0.1798920863796129],[0.9980328325057424,0.9957946648852998,0.5946471010240966,0.998926930614866,1.0,0.9980328325057424,0.9972429171268911,0.9957895725044075,0.9957895725044075,0.9974455424383385,0.9679519098783103,0.9964709608721913,0.9972589630396402,0.9973374823779956,0.9972840928584641,0.7095754696293588,0.6193350596517033,0.07890860813732216,0.997707764725888,0.9977109556940552,0.9877364565638664,0.9972493348913993,0.04961153004515894,0.7272089455944808,0.9924959840924997,0.9924959840924997,0.9924570047862881,0.9903699823351978,0.09821849648778995,-0.11088468538807016,0.9874362129674875,0.9873677823404388,-0.024060361199377333,-0.09709806447762082,0.9978015067276889,0.9977308663223293,0.8069628439180816,-0.4847478826719679,0.9976618375555877,0.9980667734019284,0.6830075560884716,0.05470578754347488,0.99774662536362,0.9977541536677459,0.99774662536362,0.9046593615754438,0.605777161565091,0.927419808492771,0.9157524314693447,0.7868563558037964,-0.08293091164364641,-0.5860572051008284,-0.18466525741615614,0.9322837482573744,0.22566746766171553,0.9667079197012761,0.9667262158448974,0.9808851025844659,0.9901658258800382,0.9115585637145468,0.9164021851838581,0.9250036213313146,0.9157524293986372,0.9234090379343576,0.9238440927267992,0.9234090379343576,0.854410701684452,0.871275869958462,0.8724945689276808,0.871275869958462,0.9100899599209351,0.8264039419804006,0.8914283671831407,0.8922128312920725,0.8914283671831407,0.6544659376130784,0.5420222371326875,0.6439908500518734,-0.570522423022838,0.6376286112840491,0.6178631408098996,0.616897399723911,0.6178631408098996,-0.11761781359104083,0.8908929150699123,0.9148452766892704,0.8999544457335565,0.9193007328407613,0.11897462957412033,0.8901698174617844,0.8912065307648473,0.8901698174617844,0.8960512446371175,0.8960512446371175,-0.14210558771707288,0.6538206909528244,0.021241416554690366,-0.7114004644173595,-0.6398691559965484,-0.6406002057412982,-0.16376862734974737,0.13923098223171668,-0.18407300219542005,-0.23720294804709827,-0.61877710746566,-0.37355359419599754,-0.8470504242675633,-0.559795665665988,0.12073571032939248,0.12209385617849354,-0.6005722306396599,-0.5707841796986438,-0.5440541997892606,-0.5587662449495775,-0.7756531208250833,-0.595060009375396,-0.5979946238400653,-0.595060009375396,-0.26111321570181667,-0.37256186604329206,-0.37256186604329206,-0.7444202577645213,-0.7444202577645213,0.3654202515008951,0.6007922718439183,0.8005577191926169,0.7889655166590919,0.7400725800637391,-0.4613446324658142,0.6009930631701313,0.6636845251002537,0.6638419965164541,0.6636845251002537,0.047001776499155566],[1.0,0.9999888415725633,0.666084419773116,0.9997318369955284,0.9980328325057424,1.0,0.9924981477105643,0.9889691928120443,0.9889691928120443,0.9931276305762377,0.9771012879500659,0.9870458014521541,0.9925329259861154,0.9929361458394964,0.9925832216964461,0.7955623994068274,0.7298352161976267,0.2994662849524443,0.9933962220939081,0.9933919861256953,0.9856061772773008,0.9925265155325589,0.41195508282400606,0.7410619335851331,0.9820392101072446,0.9820392101072446,0.9820200185984177,0.9754726201884314,0.32594894987593004,-0.12202111728459344,0.9896653196565935,0.9896271750554622,0.27644785049167503,-0.19635549669013122,0.9947510326653808,0.9953195609062363,0.8484765428043456,-0.3599203113187442,0.9906775617948824,0.9953051149605117,0.7808903616906585,0.280206543714837,0.9948888269759111,0.9948866131549557,0.9948888269759111,0.8930748645510742,0.6532170980536078,0.9104248673984263,0.9160897086359716,0.8272974033894052,0.37677631292978686,-0.17367281150963818,0.20846138870505196,0.9481141900639822,0.3873355719915935,0.9750227760596977,0.9707463273538357,0.9804410221814527,0.9897337713603276,0.9313335187337644,0.9389961295425172,0.9456414681693204,0.9309463709084392,0.9429400620060423,0.9436082263839891,0.9429400620060423,0.8845372433498605,0.9228401898635908,0.9238026814149544,0.9228401898635908,0.9234084751200046,0.7895711486144756,0.8963152453412859,0.897586770273393,0.8963152453412859,0.6999362750906692,0.3807960627423249,0.6855877646341509,-0.5506026725402456,0.5911896356953711,0.613256565685291,0.6135342160126589,0.613256565685291,-0.09714734892663231,0.9117974916463844,0.9431535604848632,0.927273375542391,0.9326819080094308,0.2871303169653328,0.9068911394892918,0.9076636460195967,0.9068911394892918,0.911305203553177,0.911305203553177,-0.09939762641483832,0.5877763822896057,0.16175730937804023,-0.6730977670933616,-0.5868127143157886,-0.5904541363306246,-0.12148537390569368,0.12024854485244535,0.21129281835086386,0.021308811543312392,-0.5383210896809743,-0.010402369592594314,-0.7966808480288137,-0.2783653714469735,0.15995601046541602,0.1614093904294167,-0.5690962724210604,-0.5801576238493885,-0.27022794645202985,-0.5118432519207781,-0.8171291512296636,-0.3998974243233289,-0.3920666504967484,-0.3998974243233289,-0.2156890212220833,-0.331021165094318,-0.331021165094318,-0.8051035978307906,-0.8051035978307906,0.38562593989452415,0.6288568392468894,0.8540669175581233,0.839563228877752,0.7562161554589251,-0.3237005989542224,0.7474372784492052,0.7802788704131323,0.7804763923098088,0.7802788704131323,-0.19462398771519002],[0.9924981477105643,0.9846089372673583,0.6477681001611333,0.9937442425530736,0.9972429171268911,0.9924981477105643,1.0,0.9975654767353492,0.9975654767353492,0.9999716787001734,0.9620330252279646,0.9996898971822402,0.9999966690138168,0.9999871851489514,0.9999935229149195,0.8639177957161593,0.851756658311327,0.24973905549095557,0.9998649802510701,0.9998652946438426,0.9901080922725842,0.9999968598002891,0.32169088176213795,0.7422174113191986,0.9860843436767726,0.9860843436767726,0.987159305075406,0.991550490821396,0.2525510511094759,-0.18067873853450211,0.991662831210696,0.9916272032690233,0.17737620139231056,-0.24177139209647527,0.9993573292504705,0.9994722577164474,0.44261724538687425,-0.3062533460985195,0.9990732158036058,0.9994371169101557,0.8465393281378484,0.22887295084031828,0.9438680180606248,0.9991128414819407,0.9438680180606248,0.9139608327740721,0.6136401876360604,0.9403529275464049,0.9200483705767908,0.7529426469088836,0.4114923003187691,-0.11721924548352987,-0.19161857836781346,0.9309477617214476,0.3402544835839149,0.9682638743873601,0.9639408553140036,0.979309135191628,0.9956204105701817,-0.024269919800998806,0.8784653484882354,0.8397451329781861,0.8838067747896295,0.8345112147944291,0.7984517236113912,0.8345112147944291,0.8187095902083612,0.8037190631645265,0.7926803345224482,0.8037190631645265,0.8769306835442409,0.403586757175773,0.6042401349986094,0.6633747217087244,0.6042401349986094,0.6238529460634705,-0.3397319152279134,0.5970318255998517,-0.6196397945218532,0.519041544810943,-0.08460441212727275,0.453587645611308,-0.08460441212727275,-0.14398916078177523,0.8556954927330974,0.8778565951767844,0.8631776171049889,0.7739639718093194,0.2373316711649812,0.8547784577632908,0.8561088971652308,0.8547784577632908,0.7757013208954969,0.7757013208954969,-0.17766650577388743,0.6955575566716241,0.2343939368973277,-0.6888833666260739,-0.6325542967040277,-0.6357021291170106,-0.17470162571953338,0.06721503968065026,0.3223014036291219,-0.020358480968764685,-0.5623912711439162,0.04639198967233667,-0.8283294464799386,-0.18349119676087394,0.08663966323935976,0.08816088570987506,-0.6167021646945651,-0.5877164899571967,-0.10664483020420007,-0.5926871172145954,-0.8329237625908322,-0.39270784681527054,-0.22671876317881456,-0.39270784681527054,-0.2919998681137925,-0.3805796706042094,-0.3805796706042094,-0.8250188390744115,-0.8250188390744115,0.36666492863567185,0.58544876218514,0.5078000923125237,0.8020322746305981,0.7361356845538924,-0.3844736340189181,0.06822787332156119,0.7466281799078759,0.7658140263173416,0.7466281799078759,-0.11490862796489454],[0.9889691928120443,0.9788026124205673,0.6396825338660809,0.9906625421358601,0.9957895725044075,0.9889691928120443,0.9975654767353492,1.0,1.0,0.9995763585968405,0.9555994463411206,0.9987836649065764,0.9983000493825906,0.9994235972224357,0.999174179614817,0.8612590861418309,0.8404967140160832,0.22821197946739086,0.999213592229347,0.9992157146136431,0.9875661573197269,0.999306150880854,0.2966319955036854,0.7436481703553796,0.9929567575922089,0.9929567575922089,0.9853459166646799,0.9889749442043545,0.23527302564700223,-0.19373168776622388,0.9880101964362703,0.9914399845506553,0.15901643879590935,-0.2475532995202613,0.9983512693623375,0.9983400640578903,0.4255979104339624,-0.3125651134101718,0.9972685302515425,0.9982893004160127,0.8441044163297478,0.20696189043658453,0.9367502186220118,0.998180773187315,0.9367502186220118,0.9116581793116255,0.598900325798624,0.9406818887887326,0.9176474372871597,0.7325766345359448,0.39884115670648984,-0.13178918808149398,-0.20373014653587848,0.9228026159442093,0.32017164249435454,0.963739569074531,0.9589642052714185,0.9744152974276338,0.9946229948035321,-0.03348136472488833,0.8687057136374152,0.825381897195564,0.876512074846498,0.8212297026575947,0.7870780217575727,0.8212297026575947,0.8077846644691082,0.7866417355950439,0.7800719003749885,0.7866417355950439,0.8698653217700609,0.3857236743076869,0.5856785670272069,0.6481863383738334,0.5856785670272069,0.6124995713835385,-0.35363635498090884,0.5840721807328343,-0.6264884015922663,0.5123180768175265,-0.10555313326639643,0.4386002066304836,-0.10555313326639643,-0.15025898607791405,0.847206464538833,0.8657651679830479,0.8524633427315367,0.760265791998142,0.21983572077924182,0.8468595844052715,0.8483511418572292,0.8468595844052715,0.7600718554271326,0.7600718554271326,-0.19187685403071025,0.7177399779454116,0.24108320939613814,-0.6979009094801367,-0.6445701163038825,-0.6475400151710375,-0.18892292675537775,0.06004134415186712,0.3152974579887004,-0.03915834560538691,-0.574491443110763,0.03717031057933574,-0.8337534615571491,-0.1899468646873873,0.07203563531001848,0.07358280586451832,-0.6276612506187425,-0.5885818191093014,-0.11341203671994353,-0.6083522870277026,-0.8322335363807358,-0.4037841379270546,-0.23283915441024164,-0.4037841379270546,-0.30850742863623953,-0.3935514341679902,-0.3935514341679902,-0.8228014772385295,-0.8228014772385295,0.34843895650055023,0.569243463713585,0.4896911694582102,0.7846750222923907,0.7239707366863054,-0.4051423484250819,0.05469085018399548,0.7279527032498341,0.7503599256690242,0.7279527032498341,-0.09808248571931387],[0.9889691928120443,0.9788026124205673,0.6396825338660809,0.9906625421358601,0.9957895725044075,0.9889691928120443,0.9975654767353492,1.0,1.0,0.9995763585968405,0.9555994463411206,0.9987836649065764,0.9983000493825906,0.9994235972224357,0.999174179614817,0.8612590861418309,0.8404967140160832,0.22821197946739086,0.999213592229347,0.9992157146136431,0.9875661573197269,0.999306150880854,0.2966319955036854,0.7436481703553796,0.9929567575922089,0.9929567575922089,0.9853459166646799,0.9889749442043545,0.23527302564700223,-0.19373168776622388,0.9880101964362703,0.9914399845506553,0.15901643879590935,-0.2475532995202613,0.9983512693623375,0.9983400640578903,0.4255979104339624,-0.3125651134101718,0.9972685302515425,0.9982893004160127,0.8441044163297478,0.20696189043658453,0.9367502186220118,0.998180773187315,0.9367502186220118,0.9116581793116255,0.598900325798624,0.9406818887887326,0.9176474372871597,0.7325766345359448,0.39884115670648984,-0.13178918808149398,-0.20373014653587848,0.9228026159442093,0.32017164249435454,0.963739569074531,0.9589642052714185,0.9744152974276338,0.9946229948035321,-0.03348136472488833,0.8687057136374152,0.825381897195564,0.876512074846498,0.8212297026575947,0.7870780217575727,0.8212297026575947,0.8077846644691082,0.7866417355950439,0.7800719003749885,0.7866417355950439,0.8698653217700609,0.3857236743076869,0.5856785670272069,0.6481863383738334,0.5856785670272069,0.6124995713835385,-0.35363635498090884,0.5840721807328343,-0.6264884015922663,0.5123180768175265,-0.10555313326639643,0.4386002066304836,-0.10555313326639643,-0.15025898607791405,0.847206464538833,0.8657651679830479,0.8524633427315367,0.760265791998142,0.21983572077924182,0.8468595844052715,0.8483511418572292,0.8468595844052715,0.7600718554271326,0.7600718554271326,-0.19187685403071025,0.7177399779454116,0.24108320939613814,-0.6979009094801367,-0.6445701163038825,-0.6475400151710375,-0.18892292675537775,0.06004134415186712,0.3152974579887004,-0.03915834560538691,-0.574491443110763,0.03717031057933574,-0.8337534615571491,-0.1899468646873873,0.07203563531001848,0.07358280586451832,-0.6276612506187425,-0.5885818191093014,-0.11341203671994353,-0.6083522870277026,-0.8322335363807358,-0.4037841379270546,-0.23283915441024164,-0.4037841379270546,-0.30850742863623953,-0.3935514341679902,-0.3935514341679902,-0.8228014772385295,-0.8228014772385295,0.34843895650055023,0.569243463713585,0.4896911694582102,0.7846750222923907,0.7239707366863054,-0.4051423484250819,0.05469085018399548,0.7279527032498341,0.7503599256690242,0.7279527032498341,-0.09808248571931387],[0.9931276305762377,0.9844715689476073,0.5899986298133808,0.9945866064392567,0.9974455424383385,0.9931276305762377,0.9999716787001734,0.9995763585968405,0.9995763585968405,1.0,0.9610342089923152,0.9996569535366375,0.9999727072689255,0.9999718077915297,0.9999761417907325,0.7466077377963442,0.6598079218068237,0.1321303388056487,0.9998221285304133,0.9998228820562199,0.9900045600782806,0.9999699562055877,0.10133668440733404,0.7183913677368894,0.9953314601426069,0.9953314601426069,0.995288813407575,0.9914359253943282,0.08366268827755714,-0.12135406601189329,0.9908030317969592,0.9907625863999887,-0.0052287210376144345,-0.20137820050785216,0.9994069874896595,0.9993659559382225,0.8121649926934845,-0.4820290319255443,0.9990114943079768,0.9994128479234403,0.7212899662798692,0.10828127418054978,0.9992732348575858,0.9992784633006108,0.9992732348575858,0.9136068845866252,0.6141459097155968,0.9402086224244136,0.9197736874540489,0.752422151019335,0.01738814241561167,-0.5390316854679528,-0.14086461297438596,0.927038717160504,0.2858969486282072,0.9644787511843953,0.9639604057088408,0.9813751444113206,0.9948766707659298,0.8868375564393742,0.879373999980856,0.901407321901586,0.8848642660828033,0.8998185621980157,0.9003918559941723,0.8998185621980157,0.8183590236319478,0.8534714645142234,0.8548954384253996,0.8534714645142234,0.8783422115811998,0.7911251758482435,0.864136102699639,0.8652682982470193,0.864136102699639,0.6235852302591559,0.47278965191153316,0.596275790723006,-0.6255197224823351,0.5722845790677556,0.5406117871853001,0.5403140849748328,0.5406117871853001,-0.1002474718124203,0.8565057348714643,0.8777994523282775,0.8636082215667521,0.8952115764758616,0.15326271226779703,0.8601236898266655,0.8619287480170493,0.8601236898266655,0.8661496023823076,0.8661496023823076,-0.17933829508608237,0.6962376426214769,0.04778775655541427,-0.7007052197628222,-0.6670242740216273,-0.6682378828337784,-0.17818437123083664,0.07048772524164647,-0.18904357126260743,-0.2040286375918495,-0.602064277831291,-0.40083894190611125,-0.8656790982154788,-0.5943978166208899,0.08593671921043525,0.08761176205149582,-0.6182324560835006,-0.583839221740154,-0.5542147836554566,-0.5943038067248705,-0.8004024912879016,-0.6183359078520588,-0.6205780970318437,-0.6183359078520588,-0.293882850171471,-0.3838058123006866,-0.3838058123006866,-0.7805875028098249,-0.7805875028098249,0.36584620819906016,0.5836118869234401,0.8113457919922461,0.8009378993550261,0.7340975357255729,-0.41151864616915523,0.6341755237557776,0.6888860300694629,0.689059775111868,0.6888860300694629,0.12135810065767232],[0.9771012879500659,0.9714677094524585,0.5522010152436654,0.9752128372827766,0.9679519098783103,0.9771012879500659,0.9620330252279646,0.9555994463411206,0.9555994463411206,0.9610342089923152,1.0,0.9468117549975538,0.9620542371328271,0.9620773702795078,0.9617823478749303,0.549196072426126,0.45127987714695694,-0.0916004584197404,0.9662925705680819,0.9662720535621913,0.9621649993394877,0.9621570935146306,0.02102338146477422,0.7576844156387149,0.9635765296636247,0.9635765296636247,0.9637462460957089,0.8967521903525958,0.18320511461758596,-0.10633225236905794,0.9687580558334934,0.9688596246534963,0.1474652198314611,0.052283061207407305,0.9697765564735596,0.9700129275842472,0.8870065555499854,-0.37272493766948983,0.9548549096817569,0.9689962521981385,0.5184902518930762,-0.11235585341433932,0.9708457998394763,0.9708151403983716,0.9708457998394763,0.8198207265538564,0.4148277706003504,0.8353049818009491,0.9023826219574504,0.8585931533684636,-0.5080554783110774,-0.67659906564934,-0.229452491744623,0.8926313608099468,-0.01874509488904244,0.9210661297856853,0.9211284722754426,0.9395956167321823,0.9670572220342888,0.889718672991258,0.8909734390515245,0.9069427440983562,0.8925910916515509,0.9003385831522153,0.9009143907045373,0.9003385831522153,0.8484737886071602,0.8308674762812807,0.8325037591956691,0.8308674762812807,0.8871659776704035,0.9015174926862256,0.885313619503257,0.8858722348592838,0.885313619503257,0.70586990552437,0.6384562520082789,0.706813132501269,-0.3032306613770475,0.7233965958309527,0.7388029203698739,0.7409780343017782,0.7388029203698739,-0.2593055956391875,0.8897018267212488,0.9405064778447197,0.9036729387172721,0.9016770722072207,0.0007820754802519748,0.8836572292275297,0.8846154498455481,0.8836572292275297,0.8917590221010617,0.8917590221010617,0.04004830100329225,0.402245089228133,-0.12223150242965133,-0.6371007999284246,-0.4321465736837281,-0.43448748887318944,-0.04229056474628984,0.41977202174292993,0.028525408817327208,-0.16413991667565042,-0.5213598166850437,-0.08700926624385345,-0.7950716593194166,-0.2501252546596757,0.29444615077554,0.2943238350007523,-0.4031153903351627,-0.4325459868455623,-0.3668786749186636,-0.37708008069201693,-0.6628628285873546,-0.386635080697056,-0.38885379027744793,-0.386635080697056,-0.11330618631110298,-0.4240126296509168,-0.4240126296509168,-0.539734765296998,-0.539734765296998,0.5123843620033974,0.6458711911369983,0.7483610833874353,0.6864205986162808,0.8110414017575324,-0.5006029475484642,0.3934586659042157,0.5321599796815614,0.532472228647212,0.5321599796815614,-0.16240094026103538],[0.9870458014521541,0.9858342733811049,0.9953521869561771,0.9903243098084433,0.9964709608721913,0.9870458014521541,0.9996898971822402,0.9987836649065764,0.9987836649065764,0.9996569535366375,0.9468117549975538,1.0,0.9996908166705712,0.9996868793521057,0.9996594957105516,0.31753543515810023,0.2185451313421921,-0.5022324390681471,0.999803656785827,0.999805776995141,0.999695444545008,0.9996947032064859,-0.2411867562536142,0.9721920056075362,0.9947300981934687,0.9947300981934687,0.9947109440345657,0.9934278722957176,0.10155090582143211,0.09005275433863766,0.9917631201474603,0.9918117800778404,0.8666994290667954,0.02753578676757828,0.9990569431021414,0.9990128504839111,0.9988898695524207,0.9993969661093765,0.9994331309346944,0.9990933041697458,0.26494459325677083,-0.5104600717701966,0.9988391421357118,0.9988467357342006,0.9988391421357118,0.9079807121972121,0.4533636857443426,0.9363762767515404,0.91699577134082,0.7529160258276244,-0.4244233020804354,-0.6063800666453874,0.8162723510471321,0.8448361330801897,-0.3400820286794409,0.9323266367053558,0.9325360537997399,0.9699794085316643,0.9935769284320503,0.8994010287013167,0.9059108848417499,0.8832123403828225,0.8853435859229104,0.8889883377101215,0.8895819318106523,0.8889883377101215,0.772087096696745,0.7410165731431614,0.7431247474812271,0.7410165731431614,0.9059144655035198,0.9118967947261348,0.904830477532282,0.9058412384978062,0.904830477532282,0.5104158208917864,0.44933687370044706,0.5500499549352938,0.6452030113911841,0.5450168164257632,0.574766483630742,0.5766506862073113,0.574766483630742,-0.33839671308426184,0.8468656943588716,0.8808137013556254,0.8678994705916871,0.9060034689611197,-0.3104169691802463,0.8421183371259398,0.842440601240495,0.8421183371259398,0.8517547877603108,0.8517547877603108,-0.23161743123358208,0.6892026529025479,-0.38742201433773027,-0.7897718858463674,-0.533551492935156,-0.5363018882168032,-0.4167283590045825,0.21609518087924295,-0.2993426953959252,-0.5185631365297162,-0.7459860595791897,-0.39364874950331974,-0.5943031778524508,-0.4648601856656455,0.07822883988954973,0.07580486212337356,-0.5569351957890135,-0.5278031063610107,-0.5488074778119153,-0.5842967821755017,-0.5779894156653357,-0.5521955151738326,-0.5551844828090811,-0.5521955151738326,-0.4307993836109998,-0.6211047068574004,-0.6211047068574004,-0.6159262478993076,-0.6159262478993076,0.3623227458056614,0.3320576276943271,0.4655448803936009,0.5640541322633696,0.5201353840807302,-0.5721756342926959,0.30002321601430537,0.28111361675303465,0.2813128193301036,0.28111361675303465,0.24323988804513644],[0.9925329259861154,0.9846400744502283,0.647781512015281,0.9937689040576746,0.9972589630396402,0.9925329259861154,0.9999966690138168,0.9983000493825906,0.9983000493825906,0.9999727072689255,0.9620542371328271,0.9996908166705712,1.0,0.9999907093929076,0.999995189505671,0.8639131596836703,0.8420492260417282,0.24979916736643712,0.9998663693568752,0.9998666417263257,0.9901421741618627,0.9999974339684916,0.3219948494749674,0.7422673628849377,0.9911213458204308,0.9911213458204308,0.9871504541374085,0.9915408328248195,0.2528023402326821,-0.1806261060358208,0.9916993562613077,0.9916371875422404,0.17760107523799287,-0.24173714324037876,0.9993591835911825,0.9994754168373943,0.44259029672930866,-0.30605293259033234,0.9990757425005865,0.9994446219240712,0.8465251642448871,0.22893905784839497,0.9438535974972234,0.9991152002160913,0.9438535974972234,0.913975994832028,0.613777734500546,0.9404753315546379,0.9201571894552468,0.753032356422219,0.4118598668357559,-0.11679674288245666,-0.19127204889736696,0.9310116550133937,0.34032066893161245,0.9683477838065234,0.963992406286035,0.9793894705804016,0.9956346016102949,-0.02409214746270683,0.878577669128558,0.8398266013170488,0.8839046408823489,0.8345906903339333,0.7983959879926187,0.8345906903339333,0.8187864726525667,0.803764078477999,0.7926193683432629,0.803764078477999,0.877056209563946,0.4034664172519894,0.6042388514208641,0.6632910320503708,0.6042388514208641,0.6238025307929499,-0.3397538585010047,0.5969982985817887,-0.6195469452687934,0.518946556433746,-0.08473027554879121,0.4536152365737392,-0.08473027554879121,-0.1441362676309278,0.8557570706303255,0.8779495225254768,0.8632496919185726,0.7739559254001817,0.23739181041532748,0.8548471702002728,0.8561728130109506,0.8548471702002728,0.7757579537233337,0.7757579537233337,-0.17761721560028332,0.6956022415208024,0.23450824708819087,-0.6889122958825863,-0.6324762315928854,-0.6356289003315346,-0.1747770261636817,0.06709624128306708,0.3224649443644308,-0.020342707978305806,-0.5624409157233525,0.046640021431569714,-0.8280877859465063,-0.18321471108116594,0.08670932495945712,0.08824430762117134,-0.6166893848022512,-0.5875297393186921,-0.10641214069708176,-0.592660540250121,-0.8328269679896316,-0.3924987434186854,-0.22652679301098347,-0.3924987434186854,-0.29184140947942044,-0.38054520423115445,-0.38054520423115445,-0.8249721668188404,-0.8249721668188404,0.36709801579279666,0.5855654821675114,0.5080329989618687,0.8022724355565718,0.7361936253845993,-0.38427782027733914,0.06849523521132869,0.7468674446193571,0.7659248977002845,0.7468674446193571,-0.11493920004763118],[0.9929361458394964,0.9845851275207461,0.6411859976909562,0.9944576199221802,0.9973374823779956,0.9929361458394964,0.9999871851489514,0.9994235972224357,0.9994235972224357,0.9999718077915297,0.9620773702795078,0.9996868793521057,0.9999907093929076,1.0,0.9999881130219559,0.8015789470928505,0.73050509390974,0.25163992026771775,0.9998889672789789,0.9998895956612764,0.9901328623148642,0.9999880992789754,0.3234426368220972,0.7384891045932623,0.9940649979025927,0.9940649979025927,0.9940303365506066,0.9914841905532812,0.2475944468183143,-0.18094345009956006,0.9920140565353209,0.9920192266485052,0.20066480364659164,-0.2411735953146296,0.9995311890465288,0.9994751935637615,0.8496785087951001,-0.3962053702018324,0.9990717635295709,0.9994487382028362,0.7826885610017995,0.2308119170293372,0.9994256310109674,0.9994302084542767,0.9994256310109674,0.9137972080904885,0.6138900419738017,0.9404135623985604,0.920111008306171,0.7526334883691348,0.29224748062820083,-0.28670247471662036,0.10750130180570569,0.9308864529818579,0.340854772569274,0.9653918833673861,0.9640117173221276,0.9779546462193831,0.9958579866865672,0.8937664872924975,0.8779485585288397,0.9062066621624815,0.8839360044782928,0.9052051530761798,0.9060077476726124,0.9052051530761798,0.8181036783836545,0.8731925370772182,0.87458580321104,0.8731925370772182,0.8769442269493916,0.7743567998067628,0.8692872707709333,0.8708082957293622,0.8692872707709333,0.62333933434234,0.47384659557206216,0.5956538394866702,-0.6222553688652595,0.5175187835406776,0.5217081573326696,0.5226007991620691,0.5217081573326696,-0.14620932590723948,0.8556996904412935,0.8776080715901305,0.8627705895911534,0.9004169826736949,0.23946486870869144,0.8548586089760972,0.8563536609656518,0.8548586089760972,0.8644903795208533,0.8644903795208533,-0.17797519635033804,0.6947464178016514,0.14709256973799445,-0.6878670299087251,-0.6321184065006418,-0.635166471568429,-0.17475288135921693,0.06615954975752919,0.09732030489299763,-0.018902195214625283,-0.5610298074437481,-0.1409975128000179,-0.8391461296824143,-0.4023226513896676,0.08628346317919075,0.08799702871961405,-0.6167343077602041,-0.5868158792675683,-0.3976169716070684,-0.5924262661244857,-0.8260264136590268,-0.5105188602294934,-0.5062610661895243,-0.5105188602294934,-0.2912411474357861,-0.38069299401050866,-0.38069299401050866,-0.8167758720791077,-0.8167758720791077,0.36518006349282833,0.5854042129381852,0.8201477429077746,0.8058225225184366,0.7364014096178505,-0.3838481125179338,0.6996185019883204,0.7351419471136873,0.7352324519093786,0.7351419471136873,-0.08249432219276194],[0.9925832216964461,0.9844848315858106,0.6479606156543991,0.9937959659662761,0.9972840928584641,0.9925832216964461,0.9999935229149195,0.999174179614817,0.999174179614817,0.9999761417907325,0.9617823478749303,0.9996594957105516,0.999995189505671,0.9999881130219559,1.0,0.8557055093094821,0.8010596200075235,0.24993102783603685,0.999869077265379,0.9998692251360167,0.9902737176461627,0.9999951308411753,0.3226526561242079,0.7421131812665182,0.9942757763253556,0.9942757763253556,0.9941846424163414,0.9914684032365877,0.25307594051229443,-0.1806538311215698,0.9925615409749496,0.9926037761514906,0.17833271806494014,-0.24157168082655164,0.9994045467262253,0.9994746645006541,0.44163531488227903,-0.30530783841744963,0.9990334705798193,0.9994470303954076,0.8444490106360165,0.2290927257266386,0.9434163269394609,0.9991657146631235,0.9434163269394609,0.9142253294713705,0.6144275472833397,0.940646975383639,0.9203149752091518,0.7527797206017964,0.41317818146048607,-0.11531620336593557,-0.19148999659352506,0.9313440135359612,0.3405863148041044,0.9687287693516438,0.9642895162270813,0.9796454943898711,0.9956746032522578,-0.025074402070096917,0.878825181281951,0.8397392393348184,0.8841162213429039,0.8345356889676526,0.797975408982322,0.8345356889676526,0.8189704006949994,0.8037035422716275,0.7929724540949108,0.8037035422716275,0.8773442937907482,0.402815630114845,0.6037639427997711,0.6632905629536577,0.6037639427997711,0.623671563604424,-0.34087111877962434,0.5969462143889019,-0.6197313089947271,0.518609553047438,-0.08568398203991574,0.4532834909717503,-0.08568398203991574,-0.1440933522223565,0.8558781992649855,0.8777075793192116,0.8633749791652178,0.7663803504475741,0.23776290380718457,0.8549343393423846,0.856251161082872,0.8549343393423846,0.7755725379318398,0.7755725379318398,-0.1789520850207414,0.6963867654587729,0.23498954675348419,-0.6888872022855819,-0.6328249596338141,-0.6359821823084305,-0.1758272438715422,0.06596512207353043,0.32278479725226067,-0.020726902070272703,-0.5626307021273824,0.04673914924887487,-0.8273322698676453,-0.18304566021811833,0.08579195470286749,0.08732582374292443,-0.6172577928400012,-0.5877389281714335,-0.10585349740993062,-0.5937698630044229,-0.8328476078504515,-0.39243594424066114,-0.22599188842318962,-0.39243594424066114,-0.29270378412696296,-0.38097037014486446,-0.38097037014486446,-0.8253143898446691,-0.8253143898446691,0.3673086882553797,0.5852374626378812,0.5075584666952122,0.802700665552588,0.7356568427807342,-0.3838535491964612,0.06786892651390007,0.7472763237525716,0.7665320545841495,0.7472763237525716,-0.1146626693493902],[0.7955623994068274,0.2189678365214437,0.42993645578183487,0.7947063486919732,0.7095754696293588,0.7955623994068274,0.8639177957161593,0.8612590861418309,0.8612590861418309,0.7466077377963442,0.549196072426126,0.31753543515810023,0.8639131596836703,0.8015789470928505,0.8557055093094821,1.0,0.9936629180494373,0.41598066389478466,0.8382088584795978,0.8381839000266498,0.7753343995969636,0.854695873354273,0.3305948666770754,0.4382003289715954,0.847245098083486,0.847245098083486,0.8338415964526411,-0.08356888935178167,0.1929260246136304,-0.17625937498921965,0.8828534579154691,0.88050757762787,0.15479399632000185,-0.23972295057949,0.8604539786074331,0.7676992693540607,0.2811029219648092,-0.31864857009986697,0.33315526475868995,0.7396716743954801,0.9983923511199511,0.39831583518606417,0.7868935593943618,0.86018836983847,0.7868935593943618,0.29738029847026987,0.5561526839247749,-0.11370823171669901,-0.13201441232818514,0.16468862523944858,0.4024347996994824,-0.06083911633638607,-0.2102573966548378,0.7521161132814275,0.40284276762842963,0.8573035624833031,0.757789797958045,0.8313656612259417,0.8470301677650213,-0.0997874682938479,0.24813846075719143,0.6265347370731814,0.5192702426498452,0.61733737011554