var element=document.getElementById("correlationClose");if(element.style.display!='none'){var correlationClose={"data":[{"type":"heatmap","z":[[1.0,0.9999896967877918,0.6881898847756731,0.999745597807399,0.9981454046728362,1.0,0.9928084890933542,0.989539805528017,0.989539805528017,0.993360120102088,0.9775324594195919,0.9873904891898425,0.9928425171023806,0.9932102280766895,0.9928877143915766,0.7437099314495936,0.6617522941611513,0.2593335375729706,0.9936331443888888,0.9936284186737768,0.9857826532720556,0.9928358122940696,0.38251966519880237,0.7577181681702354,0.9829927238662418,0.9829927238662418,0.9829737112999739,0.9763599963841619,0.30222300720540085,-0.14346169948083434,0.9895256453107795,0.9894891228180035,0.25408094546212456,-0.21931427188976363,0.9948788961328959,0.9953127704606491,0.8572126846728465,-0.3520754940290728,0.9907961817821707,0.99532081555699,0.7246097494702203,0.23982590919768484,0.9950024925343877,0.9949999051294838,0.9950024925343877,0.9018874708924524,0.6540375675037832,0.9222570437708694,0.9262228489827249,0.8428382954055922,0.3782887383116987,-0.18345800687567412,0.21791783866076395,0.9506238123808334,0.37179616765330564,0.9754402388448152,0.9718355104373527,0.981314234021047,0.9897279728092278,0.9351977102322533,0.9436430880631008,0.9480644765401228,0.9354076242606668,0.9453533559358719,0.9459709373930757,0.9453533559358719,0.8936827053165982,0.9264551962152159,0.9273041004170809,0.9264551962152159,0.9292094939348645,0.8031736599507966,0.9025336519944716,0.903726162970919,0.9025336519944716,0.7229828732922254,0.4075286497294053,0.7110136457568286,-0.5375345051866243,0.6161877190162828,0.6321058569500047,0.6325142904465539,0.6321058569500047,-0.08954393753061848,0.9173983382698706,0.9471726026185742,0.9327517924956144,0.936568881763011,0.25349244322242237,0.9122740470800262,0.9128840408045268,0.9122740470800262,0.9162602671471276,0.9162602671471276,-0.09337961941357574,0.5986561561912696,0.14754878396560014,-0.6974886058546034,-0.5955014553761541,-0.5994333723949871,-0.14591371235788714,0.14009024732648406,0.19870142105646774,-0.010267848646016922,-0.5718059585587506,-0.02967363786608934,-0.7980068113086708,-0.29898106927481133,0.16708815313210587,0.16855158707389223,-0.5772090718503065,-0.5749947822842192,-0.2868794412194611,-0.5198675283238235,-0.8143561932737785,-0.4144973985726744,-0.40688903300030016,-0.4144973985726744,-0.23593440246767314,-0.35552293153641024,-0.35552293153641024,-0.8024781898145444,-0.8024781898145444,0.42009056598157984,0.6280958921561527,0.8510487180101232,0.8403616801224573,0.7542356908434285,-0.34097179575928627,0.7465425936270186,0.7751927942512126,0.7754006459928591,0.7751927942512126,-0.1737421396649343],[0.9999896967877918,1.0,0.9819624915891468,0.9995152769793028,0.9960688154206474,0.9999896967877917,0.985323633273783,0.9802009016436241,0.9802009016436241,0.9852339165088382,0.9732741830413791,0.9862590731192798,0.9853607022555595,0.9853097826237898,0.9852103829505592,0.09278003346342037,0.0003935109495903062,-0.45326819840266924,0.9885547345839775,0.9885503189027458,0.9854097300759556,0.9854126363501351,-0.18168989843657224,0.9802850825063724,0.9806003648547756,0.9806003648547756,0.9806308543165041,0.9765360642804345,0.07338185123255626,0.09829559117821147,0.9829765199611107,0.9830198595296756,0.7573456891108149,0.06415545112268985,0.9909076948888929,0.9909360522172764,0.9914357796765811,0.9863512336147745,0.9899331191490188,0.9909417751648663,0.044497098583283975,-0.4578021318122752,0.9915054583961553,0.9915029524806076,0.9915054583961553,0.9016078149061652,0.5006106111743122,0.9222801193810796,0.9261125774530035,0.8423566915304672,-0.26783058739804244,-0.4820499902832911,0.8479107358702918,0.8906989802202844,-0.2598107501142605,0.9417560716511618,0.941889057332865,0.9620542724995462,0.978708420174903,0.954853062294276,0.9602632014161977,0.946188664212507,0.947610817241135,0.9493958480431715,0.949739157330227,0.9493958480431715,0.8697779990960831,0.8449764909143926,0.8463612057641661,0.8449764909143926,0.9569540469229525,0.9598252094342826,0.9568823230263916,0.9575884463409426,0.9568823230263916,0.6589617585435502,0.6121070321760272,0.6949605601376735,0.7614320879526245,0.6761576798272183,0.6981458678626182,0.6992122167928999,0.6981458678626182,-0.13187736966613786,0.9233270583847559,0.9432333407736521,0.9365286610302306,0.9595397084585695,-0.3131804613235091,0.9200260954335656,0.9201650636752514,0.9200260954335656,0.9261035503842047,0.9261035503842047,-0.17829531301917814,0.5991147332846545,-0.3716194434020733,-0.7897400876928184,-0.46316365953912575,-0.4671446158148049,-0.3902738035196788,0.2806095614080699,-0.2667189904860316,-0.5040537057070036,-0.7429054257170516,-0.3626102707799028,-0.47518947783432247,-0.4266115290904043,0.13600415301156724,0.13341594193702302,-0.48973519004223437,-0.4570735634704629,-0.48545442446982134,-0.5170751789237653,-0.5090791178692009,-0.487901520206405,-0.49117295373523995,-0.487901520206405,-0.3743157403263997,-0.5434419026086381,-0.5434419026086381,-0.5105073798717883,-0.5105073798717883,0.4188542616180039,0.36394931504095634,0.4962494857693715,0.6095646482828999,0.5221560919854792,-0.4442231207079158,0.37887052353526407,0.3093243515586226,0.3094998906515325,0.3093243515586226,0.18967312301940326],[0.6881898847756731,0.9819624915891468,1.0,0.6853685718064709,0.624493714036524,0.6881898847756731,0.6680546794418224,0.6608735957733867,0.6608735957733867,0.6176612686078765,0.5830100808694844,0.9949619883739191,0.6680739860367368,0.6635052123704387,0.6682124453202257,0.39686185907014954,0.3600995539211145,-0.22150202267327135,0.6325310084551676,0.6319124814671294,0.6006772786316914,0.6672414491999547,0.16584173554018827,0.8028747117671885,0.6487104041895043,0.6487104041895043,0.6484874302264259,0.9884185625351602,0.2791966682755136,0.09492924078934108,0.6256538564591246,0.6252905009313652,0.6358255040676353,-0.04881044339691373,0.6637082580010932,0.6111245968752259,0.627951639399982,0.29023245292221256,0.9933312339921357,0.6074159864916292,0.38195751146527623,-0.23089322820047142,0.6805585433483172,0.6617880673326747,0.6805585433483172,0.8989667574673247,0.4129427039932445,0.9367372379492989,0.9165100387685239,0.7488460343882203,0.22617382508048312,-0.07487788628382532,0.05212022469781908,0.5574313125204712,-0.08523971157946438,0.6093362844040693,0.5824390491857684,0.6020919513631936,0.5662175643620873,0.018500888564647884,0.8117375236829243,0.7470889977507489,0.668813783046036,0.7526986454194836,0.7734991655658797,0.7526986454194836,0.5667037053481155,0.6669314178983362,0.7143089596967579,0.6669314178983362,0.7208666730745821,0.6893926239313317,0.7409365333278239,0.7813266763166969,0.7409365333278239,0.4548518169206197,-0.0855719661608885,0.47036204176360324,0.0904658890959861,0.44532533923079703,0.2654551481576425,0.5118167987101733,0.2654551481576425,-0.14264295664811724,0.6448428478582788,0.8918460750698892,0.7102132001032955,0.7829275464723775,-0.0802719881012776,0.6802454565441056,0.6799502438566827,0.6802454565441056,0.7367075069721204,0.7367075069721204,-0.19382887292845882,0.7051518257747605,-0.18117159511913336,-0.7144267657377307,-0.45026892791860557,-0.45429630273945365,-0.4331024558300519,0.1149818016609165,0.019543005929644874,-0.34872335562970924,-0.6946029847894852,-0.17838843489998338,-0.334441589953768,-0.2845950793739641,0.0510744594543661,0.0495270536791813,-0.49768068119926495,-0.0767397122722041,-0.2687484509562018,-0.5180335351933327,-0.21977855824406192,-0.4154776724227064,-0.2979956459977159,-0.4154776724227064,-0.42801220238428406,-0.5516570633006121,-0.5516570633006121,-0.3176961308439109,-0.3176961308439109,0.36754785075842805,0.20692855578757183,0.2936626611948315,0.5300675135012259,0.29909881923268566,-0.39375559472951616,-0.006874182685465203,0.46086314160728126,0.5596040754627262,0.46086314160728126,0.0018839619126224123],[0.999745597807399,0.9995152769793028,0.6853685718064709,1.0,0.9989773022883641,0.9997455978073989,0.9939605455652567,0.9911233784687884,0.9911233784687884,0.9947195503481386,0.9758110208663997,0.9904173863070043,0.9939849225341673,0.9946251748280308,0.9940077634511502,0.7428823675910192,0.6604966218527333,0.24496605660393697,0.9946093183376365,0.9946075172922461,0.9858476282868013,0.9939720509421036,0.37400673897703496,0.7618802535219084,0.985356550217633,0.985356550217633,0.9853368443410903,0.9820240211662724,0.29795444078275957,-0.14942403929758208,0.9888155416097607,0.9887867319368764,0.24623259401237046,-0.21963513074025717,0.9953404649093947,0.9959721811540702,0.825729798358642,-0.3562821147309688,0.9929757812147391,0.9961901074324697,0.72314993037859,0.2251870960931318,0.9934708460049101,0.995377931235082,0.9934708460049101,0.8998007568909558,0.6423213882602792,0.9253509515188982,0.9233608304107089,0.8274194262660952,0.3736823100179723,-0.18803820582674027,0.21294409212002544,0.9455765585735113,0.35651398590440087,0.9711557000263008,0.9691079465709462,0.9792601656131796,0.9895596836640741,0.9176011727639436,0.9385672644419651,0.9374748553317938,0.9323369868079733,0.9314955610741278,0.9323088663394147,0.9314955610741278,0.8872885606862488,0.916488070499862,0.9174084982154315,0.916488070499862,0.9265639590917216,0.7526879269211421,0.869965765779067,0.8711716004863368,0.869965765779067,0.7164830714465213,0.1665329864581437,0.7030642424234373,-0.5421141313911301,0.6123134281938342,0.36856506266116773,0.6051011185149979,0.36856506266116773,-0.0953480172947364,0.9133628226473959,0.9416124630025476,0.9267997083476779,0.9171357852119695,0.23976798009593578,0.9088856353103325,0.9096124962861107,0.9088856353103325,0.9004003757113259,0.9004003757113259,-0.09769897251031902,0.6166848800319862,0.15247892625723605,-0.7063276852119991,-0.6017221038454772,-0.6055737904988294,-0.1570838916989215,0.1360102344266153,0.19243405565277644,-0.022658323652611244,-0.5825797366365458,-0.03529874470494665,-0.8030391575346045,-0.3060662633142133,0.15795906865295758,0.159476400869199,-0.5831952464665261,-0.5716425430958997,-0.287385219492542,-0.5291939822340656,-0.8154373863840809,-0.41528407313755533,-0.4082247795915586,-0.41528407313755533,-0.2435393272091996,-0.36411157987879705,-0.36411157987879705,-0.8017445697937716,-0.8017445697937716,0.4114144377245646,0.6174244903968645,0.8433155053942798,0.832919342863849,0.7474009243892427,-0.3528269381554572,0.73780483492354,0.7665268161087487,0.7667346952418438,0.7665268161087487,-0.1591673813267273],[0.9981454046728362,0.9960688154206474,0.624493714036524,0.9989773022883641,1.0,0.9981454046728362,0.9972841168683408,0.9959732654873727,0.9959732654873727,0.997497723797961,0.9694013954468639,0.9964642305544126,0.9973010397390463,0.9973733198155619,0.9973233239758733,0.6398200628960102,0.531652963390801,0.03833240832416481,0.9976921074243329,0.9976943896162916,0.9880468861079018,0.9972916134511217,0.01614116720981255,0.7463547560905781,0.9928026410298696,0.9928026410298696,0.9927642910514135,0.9906992344390202,0.0725820890979526,-0.13329658446577036,0.9874849796934536,0.9874172425112128,-0.0468751299673339,-0.12467900313537636,0.9977642074744233,0.9976892328340445,0.8198021557451332,-0.47206981779446844,0.9976110076200145,0.9980200147948867,0.6074532776066572,0.014219983778916152,0.9977072568794757,0.9977142256008852,0.9977072568794757,0.9125491546856008,0.6086463916625435,0.9352377519959352,0.9232917034916897,0.8056290299926162,-0.07194051076939686,-0.587123841579056,-0.16509708681182367,0.9362326953250433,0.21119294087169935,0.9682376714698374,0.9682687375869922,0.9821361086247407,0.9901504109998679,0.9168306554922134,0.9221810740762656,0.9281462165396845,0.920971556582094,0.9265319670943931,0.9268911125096129,0.9265319670943931,0.8655172269940273,0.8785730834898984,0.8796021317046141,0.8785730834898984,0.9164485914723982,0.8387340001153591,0.8985610557987885,0.899271894763165,0.8985610557987885,0.6808463613024004,0.5768568626769901,0.6719532579842922,-0.5505993578465583,0.6609867518479954,0.6426948787340611,0.6420901304612017,0.6426948787340611,-0.10682271892517996,0.8977119972261945,0.9207030357854985,0.9071178734583359,0.9242532192787766,0.08517835115280693,0.8967218824164647,0.8976178567523241,0.8967218824164647,0.9019044028192933,0.9019044028192933,-0.134756228248114,0.6611405661371595,0.007016474976724174,-0.7330186340544644,-0.6457394833664105,-0.646863514743522,-0.18605612944238564,0.15937548434735926,-0.19334469941502744,-0.2652742452974851,-0.6467009328510059,-0.3878779032074826,-0.8440666002988324,-0.5731572565031235,0.12927666692289,0.13065284821492903,-0.6071841256877094,-0.5667815962480128,-0.5534957711483895,-0.5650786079884469,-0.7710789163908502,-0.6031845709266369,-0.6060948718005997,-0.6031845709266369,-0.2790037685762082,-0.39476462179329674,-0.39476462179329674,-0.7408768411618621,-0.7408768411618621,0.40009367856180605,0.6018422089161448,0.800933855899698,0.7960664686568503,0.7396415671208331,-0.4746358655517696,0.6089237899896802,0.6620720982586793,0.6622891756540813,0.6620720982586793,0.0684210119641475],[1.0,0.9999896967877917,0.6881898847756731,0.9997455978073989,0.9981454046728362,1.0,0.9928084890933542,0.989539805528017,0.989539805528017,0.993360120102088,0.9775324594195919,0.9873904891898425,0.9928425171023806,0.9932102280766895,0.9928877143915766,0.7437099314495936,0.6617522941611513,0.2593335375729706,0.9936331443888888,0.9936284186737768,0.9857826532720556,0.9928358122940696,0.38251966519880237,0.7577181681702354,0.9829927238662418,0.9829927238662418,0.9829737112999739,0.9763599963841619,0.30222300720540085,-0.14346169948083434,0.9895256453107795,0.9894891228180035,0.25408094546212456,-0.21931427188976363,0.9948788961328959,0.9953127704606491,0.8572126846728465,-0.3520754940290728,0.9907961817821707,0.99532081555699,0.7246097494702203,0.23982590919768484,0.9950024925343877,0.9949999051294838,0.9950024925343877,0.9018874708924524,0.6540375675037832,0.9222570437708694,0.9262228489827249,0.8428382954055922,0.3782887383116987,-0.18345800687567412,0.21791783866076395,0.9506238123808334,0.37179616765330564,0.9754402388448152,0.9718355104373527,0.981314234021047,0.9897279728092278,0.9351977102322533,0.9436430880631008,0.9480644765401228,0.9354076242606668,0.9453533559358719,0.9459709373930757,0.9453533559358719,0.8936827053165982,0.9264551962152159,0.9273041004170809,0.9264551962152159,0.9292094939348645,0.8031736599507966,0.9025336519944716,0.903726162970919,0.9025336519944716,0.7229828732922254,0.4075286497294053,0.7110136457568286,-0.5375345051866243,0.6161877190162828,0.6321058569500047,0.6325142904465539,0.6321058569500047,-0.08954393753061848,0.9173983382698706,0.9471726026185742,0.9327517924956144,0.936568881763011,0.25349244322242237,0.9122740470800262,0.9128840408045268,0.9122740470800262,0.9162602671471276,0.9162602671471276,-0.09337961941357574,0.5986561561912696,0.14754878396560014,-0.6974886058546034,-0.5955014553761541,-0.5994333723949871,-0.14591371235788714,0.14009024732648406,0.19870142105646774,-0.010267848646016922,-0.5718059585587506,-0.02967363786608934,-0.7980068113086708,-0.29898106927481133,0.16708815313210587,0.16855158707389223,-0.5772090718503065,-0.5749947822842192,-0.2868794412194611,-0.5198675283238235,-0.8143561932737785,-0.4144973985726744,-0.40688903300030016,-0.4144973985726744,-0.23593440246767314,-0.35552293153641024,-0.35552293153641024,-0.8024781898145444,-0.8024781898145444,0.42009056598157984,0.6280958921561527,0.8510487180101232,0.8403616801224573,0.7542356908434285,-0.34097179575928627,0.7465425936270186,0.7751927942512126,0.7754006459928591,0.7751927942512126,-0.1737421396649343],[0.9928084890933542,0.985323633273783,0.6680546794418224,0.9939605455652567,0.9972841168683408,0.9928084890933542,1.0,0.9976530832024885,0.9976530832024885,0.9999721141043076,0.9642303191358331,0.9997047538335317,0.9999967859571515,0.9999878169048444,0.999993783831864,0.8288619120519038,0.8142750698350025,0.21462349951328774,0.9998700445260863,0.9998704254692207,0.9905058576933384,0.9999969447471748,0.2969151961646404,0.7573660657137967,0.9866039289537727,0.9866039289537727,0.9877988124302036,0.9922944209475567,0.23259379311182177,-0.19890705942680512,0.9916849537734307,0.9917168124009205,0.158701486993354,-0.2618906693356102,0.9993779574298375,0.9994955238657423,0.4647423266340083,-0.30094309981941164,0.999142751078162,0.9994666247722891,0.8075129404355291,0.19356033141121892,0.9467049126924234,0.9991420578454594,0.9467049126924234,0.920871130539882,0.6170839878582415,0.9441588075061994,0.923599587032117,0.7734554211965007,0.4149200922013685,-0.12557410288827203,-0.1841549822485798,0.9345282810752965,0.32812586501755064,0.9692697695265517,0.9657566018044352,0.9803420329267715,0.9956428390562992,-0.005810791307100621,0.8857841610412148,0.8485410043094767,0.8900083188454889,0.8435899300231088,0.8089452744205046,0.8435899300231088,0.830956417473538,0.8146598458025593,0.8036681619613603,0.8146598458025593,0.8845288876880919,0.4301052517383874,0.6250930513133686,0.6788814285269488,0.6250930513133686,0.6498900660780369,-0.33280529617683197,0.6260894508189359,-0.6080742320940405,0.5462399196900062,-0.07175087734438114,0.4768167729363,-0.07175087734438114,-0.135829516123713,0.8635602898515943,0.885389100794506,0.8717777197104755,0.7845384912123172,0.2081065452933143,0.8622203534675379,0.8633189330955755,0.8622203534675379,0.7887502253647066,0.7887502253647066,-0.1699200297794575,0.7015631041067053,0.22681792673286755,-0.7094020866930986,-0.6399822244139922,-0.6433887488967938,-0.19551648839452201,0.08757326761710423,0.31412895296216325,-0.0482778417473808,-0.5912337569954212,0.031089347875736282,-0.8295754843623757,-0.20200228321187952,0.09598485565029216,0.09752196293518049,-0.6236065542663644,-0.5846040109849511,-0.12174075686392663,-0.5984416994642874,-0.8311791866608776,-0.4057826045065236,-0.24181990329285216,-0.4057826045065236,-0.3081287106792521,-0.4015963644555853,-0.4015963644555853,-0.823192886300177,-0.823192886300177,0.3995494003802113,0.5881227626347652,0.5128631067147302,0.8050921816824823,0.7371712317707412,-0.39892927946591017,0.07336021986223942,0.744821361835403,0.763775199080688,0.744821361835403,-0.09759504239257011],[0.989539805528017,0.9802009016436241,0.6608735957733867,0.9911233784687884,0.9959732654873727,0.989539805528017,0.9976530832024885,1.0,1.0,0.9995977305725747,0.9581639135145678,0.9988435554582491,0.9983700231547508,0.9994415122809382,0.9992094621077641,0.8255887360689848,0.8019149693639247,0.19308530171198643,0.999238387328404,0.9992406653885917,0.9880359932020187,0.9993354434301001,0.2720022639142645,0.7591924497158824,0.9932691479453772,0.9932691479453772,0.9861007792790452,0.9899494859916662,0.21533271457588649,-0.21178105812321366,0.988051106449514,0.9914722072740196,0.14045079303320773,-0.26775448135607277,0.9984011950952726,0.9984040792106543,0.44872537358985004,-0.30689301903541033,0.9974636650675703,0.9983694244716134,0.8043755045597712,0.17166691580259633,0.9400030937733025,0.9982322396508984,0.9400030937733025,0.9188325646650456,0.6026731104390856,0.9449141770111684,0.9222662149384339,0.7551006067529011,0.40252709622217636,-0.13982641913793467,-0.19576663676358405,0.9268341612714139,0.30824753595278803,0.9648642373996076,0.9610187849059081,0.9756892281392568,0.9946089295801696,-0.014452183838943282,0.877430017525752,0.8355707835970452,0.8836333880768696,0.8316706518889797,0.7983396857569405,0.8316706518889797,0.8213184504777116,0.7992002206084164,0.79198054616771,0.7992002206084164,0.8783224595803057,0.41345311033737614,0.607885564389539,0.6646150571069203,0.607885564389539,0.6399974259199589,-0.3460873757465644,0.6146486299070064,-0.6141999455989134,0.5404133170017754,-0.09186786473646733,0.4628386741011276,-0.09186786473646733,-0.14168252705744064,0.8562076893067042,0.8751973515638068,0.8625213852705649,0.7715946443754496,0.19051919692584007,0.8554254364689517,0.85668313129977,0.8554254364689517,0.7746011759532089,0.7746011759532089,-0.18342301658085564,0.7221644332492734,0.2330624383744285,-0.718341448539297,-0.6514720961749697,-0.6547110854227328,-0.20944955455614572,0.08095863396331442,0.30703990294792766,-0.06693365034262595,-0.6031316415056776,0.021840073897863254,-0.834535312789947,-0.20849810375351976,0.08194915618963176,0.08351120612761445,-0.6340622238865886,-0.5851993694534521,-0.12851610364520588,-0.6132855803871956,-0.8301381675639015,-0.4165899057490996,-0.24792625755464884,-0.4165899057490996,-0.32408339241473,-0.41417760584505503,-0.41417760584505503,-0.8206578816651489,-0.8206578816651489,0.3827983435877884,0.5723456660041153,0.4952005774243255,0.7881603854827359,0.7252512234025922,-0.4189494588660916,0.06023335430589186,0.7264100068732424,0.7484785967170828,0.7264100068732424,-0.08079866639463519],[0.989539805528017,0.9802009016436241,0.6608735957733867,0.9911233784687884,0.9959732654873727,0.989539805528017,0.9976530832024885,1.0,1.0,0.9995977305725747,0.9581639135145678,0.9988435554582491,0.9983700231547508,0.9994415122809382,0.9992094621077641,0.8255887360689848,0.8019149693639247,0.19308530171198643,0.999238387328404,0.9992406653885917,0.9880359932020187,0.9993354434301001,0.2720022639142645,0.7591924497158824,0.9932691479453772,0.9932691479453772,0.9861007792790452,0.9899494859916662,0.21533271457588649,-0.21178105812321366,0.988051106449514,0.9914722072740196,0.14045079303320773,-0.26775448135607277,0.9984011950952726,0.9984040792106543,0.44872537358985004,-0.30689301903541033,0.9974636650675703,0.9983694244716134,0.8043755045597712,0.17166691580259633,0.9400030937733025,0.9982322396508984,0.9400030937733025,0.9188325646650456,0.6026731104390856,0.9449141770111684,0.9222662149384339,0.7551006067529011,0.40252709622217636,-0.13982641913793467,-0.19576663676358405,0.9268341612714139,0.30824753595278803,0.9648642373996076,0.9610187849059081,0.9756892281392568,0.9946089295801696,-0.014452183838943282,0.877430017525752,0.8355707835970452,0.8836333880768696,0.8316706518889797,0.7983396857569405,0.8316706518889797,0.8213184504777116,0.7992002206084164,0.79198054616771,0.7992002206084164,0.8783224595803057,0.41345311033737614,0.607885564389539,0.6646150571069203,0.607885564389539,0.6399974259199589,-0.3460873757465644,0.6146486299070064,-0.6141999455989134,0.5404133170017754,-0.09186786473646733,0.4628386741011276,-0.09186786473646733,-0.14168252705744064,0.8562076893067042,0.8751973515638068,0.8625213852705649,0.7715946443754496,0.19051919692584007,0.8554254364689517,0.85668313129977,0.8554254364689517,0.7746011759532089,0.7746011759532089,-0.18342301658085564,0.7221644332492734,0.2330624383744285,-0.718341448539297,-0.6514720961749697,-0.6547110854227328,-0.20944955455614572,0.08095863396331442,0.30703990294792766,-0.06693365034262595,-0.6031316415056776,0.021840073897863254,-0.834535312789947,-0.20849810375351976,0.08194915618963176,0.08351120612761445,-0.6340622238865886,-0.5851993694534521,-0.12851610364520588,-0.6132855803871956,-0.8301381675639015,-0.4165899057490996,-0.24792625755464884,-0.4165899057490996,-0.32408339241473,-0.41417760584505503,-0.41417760584505503,-0.8206578816651489,-0.8206578816651489,0.3827983435877884,0.5723456660041153,0.4952005774243255,0.7881603854827359,0.7252512234025922,-0.4189494588660916,0.06023335430589186,0.7264100068732424,0.7484785967170828,0.7264100068732424,-0.08079866639463519],[0.993360120102088,0.9852339165088382,0.6176612686078765,0.9947195503481386,0.997497723797961,0.993360120102088,0.9999721141043076,0.9995977305725747,0.9995977305725747,1.0,0.9632768258912436,0.9996696692187489,0.9999731256525763,0.9999722593587393,0.9999761666221059,0.685102323047904,0.5807977063718747,0.09494936072800769,0.9998275165469884,0.9998283717891637,0.9904169590152293,0.9999706321228411,0.07142819457793877,0.7364248379469792,0.9955939118822844,0.9955939118822844,0.9955534780202644,0.9921842850561948,0.060513793039525594,-0.14184442266538644,0.9910251009386623,0.9909855290715781,-0.025905081594263298,-0.22327937543299012,0.9994311007352025,0.9993904305223241,0.8235976419883506,-0.47145513677514084,0.9990831401972,0.9994392131046832,0.6544386822410113,0.07107054742795506,0.9993037589782057,0.9993090327009938,0.9993037589782057,0.9205791574361203,0.617496626120091,0.9440074950020823,0.9233356704787127,0.7730371465758669,0.025929625845398097,-0.5419292203314728,-0.12342556558895107,0.930975059643656,0.27332616013500416,0.9661841623576829,0.9657624696423698,0.9824419557918659,0.9949538516698585,0.8927077311535656,0.8867095896603303,0.9051172366521004,0.8911170842907445,0.9034645186119066,0.903993329521763,0.9034645186119066,0.8307979068962079,0.8604608095545009,0.8617369339039269,0.8604608095545009,0.8859760280975183,0.8042602574024923,0.8719055338600759,0.8729459896169647,0.8719055338600759,0.6498828602428068,0.5095469167161989,0.6257237435730959,-0.6080926737085025,0.5977606976622052,0.5680377644645745,0.5679724614658168,0.5680377644645745,-0.09040826082988022,0.8644882739535049,0.885483956133331,0.872350208260422,0.9007827843632672,0.1226395646598927,0.8674066560338348,0.8690387481916881,0.8674066560338348,0.8727320695809557,0.8727320695809557,-0.17146725439711105,0.7022022125426679,0.034634746879957365,-0.7209657433355395,-0.6728638537454446,-0.6742522691744953,-0.19898309684270218,0.09094244753391272,-0.19779598954717942,-0.23107205544848733,-0.6289123379253384,-0.41415694259881863,-0.8638753941877725,-0.6064650916078023,0.09515238953703947,0.09703730048099087,-0.6250431838458287,-0.5806873988834909,-0.5636275395346247,-0.5999311914652666,-0.797134158475741,-0.6262067535768945,-0.6285462433427486,-0.6262067535768945,-0.3097961614532673,-0.4046735352702172,-0.4046735352702172,-0.7777427713642057,-0.7777427713642057,0.39894750445932226,0.5863431903397762,0.8121189912938707,0.8070729209086702,0.7351479476930606,-0.4254767057110697,0.6405209410652007,0.6877951674559849,0.6879764626199318,0.6877951674559849,0.13900402356498778],[0.9775324594195919,0.9732741830413791,0.5830100808694844,0.9758110208663997,0.9694013954468639,0.9775324594195919,0.9642303191358331,0.9581639135145678,0.9581639135145678,0.9632768258912436,1.0,0.9508266931673204,0.9642493890317416,0.9642786413867035,0.9639955363252007,0.4623017229599186,0.3515843728958342,-0.13314829091627123,0.9682405568830715,0.9682209408574013,0.9643505948760326,0.9643424347259215,-0.016247661493914427,0.7733180074103366,0.9657097533723613,0.9657097533723613,0.9658698021706529,0.9064239809201924,0.15223029243252081,-0.1289865679314174,0.9705909055049584,0.9706876463489736,0.12081412316348343,0.01151768054356383,0.9715024777092909,0.9717291839665353,0.8939785566263705,-0.35423844701717944,0.9582669660220163,0.9707694571567559,0.4254191319488757,-0.15328128766104418,0.972505058587337,0.9724753105920213,0.972505058587337,0.8344653209376126,0.4216664997077674,0.8513274535370439,0.909388792911266,0.8702158776994319,-0.49046095420846075,-0.6742602937825748,-0.20417519772505036,0.899142387036465,-0.0355488053912624,0.925810528565578,0.9258686094397107,0.942103894084316,0.9689973372895067,0.8937187938329804,0.8954254196485385,0.9072214569705173,0.8966745401145947,0.9007129918259965,0.9011987458724992,0.9007129918259965,0.8555810289454127,0.8346292076137507,0.8359775911503325,0.8346292076137507,0.8925806315096857,0.9057213061817998,0.8906346030893458,0.8911063729047738,0.8906346030893458,0.7260888898875244,0.6639145181412063,0.7269065007112301,-0.27387383139167154,0.7405301778316034,0.7550787880548119,0.7572299498876963,0.7550787880548119,-0.2481738800636852,0.8929738788552434,0.9403044305611155,0.9060752820532657,0.9054173911932619,-0.0334551902222657,0.8872639978882728,0.888032714933381,0.8872639978882728,0.8943547351388108,0.8943547351388108,0.03953755028578479,0.42626349695165167,-0.13625270098024825,-0.6620238869852647,-0.4431621924335745,-0.44572476366684205,-0.06982027823832797,0.43123852762998954,0.01258375391483148,-0.19596152177773563,-0.5536518648021989,-0.11035692815062523,-0.7926491742808731,-0.2752238394897566,0.29687628029797025,0.29696804147637734,-0.414786779168562,-0.43243734023757574,-0.3807966242460432,-0.392050750759701,-0.6590457292333773,-0.40027919163609543,-0.40262907505024853,-0.40027919163609543,-0.13566548762602418,-0.4455510754595944,-0.4455510754595944,-0.5422468967285096,-0.5422468967285096,0.5360598621540118,0.6460769171585686,0.7512271300594224,0.7002738076079373,0.8102996360265328,-0.5124677941899154,0.40963329318822533,0.5321911668512292,0.5325197383334369,0.5321911668512292,-0.13392207577074755],[0.9873904891898425,0.9862590731192798,0.9949619883739191,0.9904173863070043,0.9964642305544126,0.9873904891898425,0.9997047538335317,0.9988435554582491,0.9988435554582491,0.9996696692187489,0.9508266931673204,1.0,0.9997043830893316,0.9997018115862668,0.9996762657527726,0.20401966742391467,0.10152356040721126,-0.5277815153496384,0.9998157614505776,0.9998176282854705,0.9997075899794914,0.9997065767293176,-0.27331655805301097,0.9740898469387047,0.9951077004878667,0.9951077004878667,0.995089381688285,0.9940136879525349,0.0661923652133379,0.05971252233300269,0.9923057273501587,0.9923522175671905,0.8048285993364169,-0.020206417656404397,0.9991221386846928,0.9990822340374214,0.9989684531848765,0.9994341972223159,0.9994735163018179,0.999159458749075,0.14915847160797643,-0.5354981220874557,0.9989203795143075,0.9989270631026179,0.9989203795143075,0.9153319578722577,0.4584401091090792,0.9398388418476907,0.9197632293490403,0.7731518243454,-0.38956942292104974,-0.5955917923814903,0.8282207071742561,0.8571074901705219,-0.3469020181765084,0.9373204605238794,0.9375158231955195,0.9711564384704724,0.9940301082818301,0.9055126681135611,0.9110093329817526,0.8889879612562861,0.8930207018683209,0.8937409050968832,0.8942159765251115,0.8937409050968832,0.7908338163161077,0.7603561355460982,0.7620749088868078,0.7603561355460982,0.9124385123429894,0.9179150670064887,0.911270688372763,0.912153394413705,0.911270688372763,0.5566042662803159,0.5006076478536725,0.591772185697195,0.6745570964802814,0.5804318439967449,0.6078550993128033,0.6099835349593665,0.6078550993128033,-0.30693446036614735,0.857617291080634,0.8874874693035602,0.8765047613083005,0.9120333449621089,-0.3373278350397085,0.8533411847523225,0.8535396217159635,0.8533411847523225,0.8616771815101789,0.8616771815101789,-0.22312288888176704,0.6958740462421733,-0.39317385483584866,-0.8063746306442747,-0.5362106991748816,-0.5392339567934179,-0.4321888064889815,0.23405354243063706,-0.30569772466256995,-0.5364359555733054,-0.7652501485150182,-0.40628559480363136,-0.591062323526064,-0.4804412184872644,0.0865901244532983,0.08447776512480462,-0.5585665672772548,-0.5311956385130966,-0.5523259052270448,-0.5882904743779765,-0.5816537879946064,-0.5558304319816666,-0.5589264574541081,-0.5558304319816666,-0.4420100037270151,-0.6319749298515512,-0.6319749298515512,-0.6232866516132599,-0.6232866516132599,0.39508740497892947,0.3367099343146304,0.47475842245127675,0.583628681373011,0.5243831734772085,-0.5762723342496564,0.31964688552845105,0.2836457057285508,0.28386856464579874,0.2836457057285508,0.26507626128547235],[0.9928425171023806,0.9853607022555595,0.6680739860367368,0.9939849225341673,0.9973010397390463,0.9928425171023806,0.9999967859571515,0.9983700231547508,0.9983700231547508,0.9999731256525763,0.9642493890317416,0.9997043830893316,1.0,0.9999911325584455,0.9999953671926631,0.8288451717554934,0.801983418682676,0.21466951100085832,0.99987130873307,0.999871629168743,0.9905369308029747,0.999997509010031,0.29720550640759863,0.7574232080859239,0.991503089956235,0.991503089956235,0.987790783591971,0.992283845918482,0.23283493847640216,-0.19885817233308004,0.9917310133609608,0.9917253318642067,0.1589171511439078,-0.26185926284865163,0.9993794213606153,0.9994982486448288,0.46472049117085373,-0.3007441342519512,0.999144101874166,0.999473247537643,0.8074842225895801,0.19361221188682678,0.9466920866567511,0.9991439587093982,0.9466920866567511,0.9208735707169383,0.6172089458129006,0.9442624627904913,0.9236913980847478,0.7735421821840341,0.4152757979726651,-0.12516353704990923,-0.18381443647480292,0.9345875125709041,0.3281822540297313,0.9693484017311818,0.9658038082119462,0.9804179161613124,0.9956554434450418,-0.005633277836883731,0.885905742010219,0.8486228645305071,0.8901126512320682,0.8436704238182174,0.8088967160685873,0.8436704238182174,0.8310461459446259,0.8147076680323008,0.8036152422997468,0.8147076680323008,0.8846600264429795,0.4299971469930959,0.6250974596424064,0.678806344772133,0.6250974596424064,0.6498649248128311,-0.33282279141027665,0.6260815917543348,-0.6079762798888729,0.5461630886434249,-0.07186961965009526,0.4768501820328691,-0.07186961965009526,-0.13596601947822906,0.8636338973295351,0.8854996793645313,0.8718650240707887,0.784533495923011,0.20815594270061702,0.8622970992475884,0.8633928172803155,0.8622970992475884,0.7888097701522142,0.7888097701522142,-0.16985678058225548,0.7015799136026739,0.22692519362583186,-0.7094388479768086,-0.6399009224332384,-0.643312393255992,-0.19559437836795157,0.08746555395438345,0.314286232064949,-0.04826857902037092,-0.5912908559840462,0.031328606333176016,-0.8293380833488073,-0.20173585242356437,0.09605528263728602,0.09760638226777191,-0.6235873758291994,-0.5844105554161743,-0.12151487474211145,-0.5984020479676728,-0.8310803466071335,-0.40557852512010006,-0.24163390405753352,-0.40557852512010006,-0.3079735020829044,-0.40156504016884986,-0.40156504016884986,-0.8231422952505675,-0.8231422952505675,0.4000053114015189,0.5882375552278727,0.5130895635896592,0.805323273720747,0.7372245736133131,-0.398740075297053,0.07362273610223144,0.7450524513946116,0.7638797671805083,0.7450524513946116,-0.09762390146926067],[0.9932102280766895,0.9853097826237898,0.6635052123704387,0.9946251748280308,0.9973733198155619,0.9932102280766895,0.9999878169048444,0.9994415122809382,0.9994415122809382,0.9999722593587393,0.9642786413867035,0.9997018115862668,0.9999911325584455,1.0,0.999988714054995,0.7514887759400477,0.6643779522688587,0.21636407947569072,0.9998937064288345,0.9998943744372716,0.9905291001978561,0.9999885965228507,0.2973607138251206,0.7540031720295961,0.9943680875952714,0.9943680875952714,0.9943354873216074,0.9922299598066877,0.22639423175750323,-0.199226658448938,0.9921413175484675,0.9921463674053969,0.18109548492948593,-0.2612278342837222,0.9995496548551908,0.9994982390821464,0.8579802955713178,-0.38842411851491865,0.9991414680280665,0.9994773855334147,0.7282216601584269,0.19533563799350273,0.999448437651872,0.9994530477703708,0.999448437651872,0.9207496364634565,0.6173154320877544,0.9441244834802288,0.923529138366419,0.7732307892203881,0.2960646308873415,-0.2938715630767654,0.11927586456139538,0.9344809393652816,0.3286776467311117,0.966691052687637,0.9658258562289839,0.9790867514272598,0.9958868728212539,0.8991325743897051,0.8852817917171063,0.91016902379625,0.8901209076908612,0.9090023334399037,0.909754751698424,0.9090023334399037,0.83040289422013,0.8789393365228727,0.8802135859123486,0.8789393365228727,0.8845622381760794,0.7876146005594562,0.8762701004373107,0.8776885948654293,0.8762701004373107,0.6494868202157038,0.5055956910522814,0.6249706031904684,-0.6087494156063182,0.5449444036595739,0.5454431040446732,0.546417837237901,0.5454431040446732,-0.13787506056743734,0.8635746600140397,0.8851905012037012,0.8714291987862582,0.9055304304316771,0.21011856901004175,0.8622979853215418,0.863569632788423,0.8622979853215418,0.8713996927200649,0.8713996927200649,-0.17018435035919122,0.7008553814895315,0.1340386752166351,-0.7085434694457222,-0.6395589960455927,-0.6427335938733554,-0.19559515465889346,0.08643623573503949,0.0872448467042188,-0.04685313003353575,-0.5900897189179545,-0.1572829627823323,-0.8396678465131799,-0.4191372652371686,0.09545749431368954,0.09737918467597204,-0.6236316721283907,-0.5836718016872997,-0.4108421621805977,-0.5981814737383461,-0.8238805523808906,-0.5217763713242282,-0.5177428844024953,-0.5217763713242282,-0.30721426393134943,-0.401628116070998,-0.401628116070998,-0.814661684525357,-0.814661684525357,0.3984134331737638,0.588160463891462,0.8193909891202203,0.8087569179806072,0.73747258344601,-0.3983487185139611,0.7012084380409832,0.7325482287607278,0.7326439952573857,0.7325482287607278,-0.06536752203210477],[0.9928877143915766,0.9852103829505592,0.6682124453202257,0.9940077634511502,0.9973233239758733,0.9928877143915766,0.999993783831864,0.9992094621077641,0.9992094621077641,0.9999761666221059,0.9639955363252007,0.9996762657527726,0.9999953671926631,0.999988714054995,1.0,0.8186493112958058,0.7507051831390239,0.2148226331453966,0.99987422016723,0.9998744340790451,0.9906632967458637,0.9999952475361192,0.29787227780355585,0.7572629076729664,0.9945472139305861,0.9945472139305861,0.9944608317496347,0.9922183958805295,0.23312317490527212,-0.19887606646259945,0.9926286962498864,0.9926703554640346,0.15964843931556041,-0.261688844688513,0.9994237524971481,0.9994979786835172,0.46378840412732103,-0.3000322824749545,0.9991056130169768,0.9994758265695245,0.8048379855517356,0.19378614289814694,0.9462730895393142,0.9991933137584875,0.9462730895393142,0.9211011942347856,0.6178440456556107,0.9443803171517112,0.9237770893312914,0.7732925555214084,0.4165658143998528,-0.12371754016847462,-0.18403999551366548,0.9349028808380615,0.32845346189488983,0.969717572719312,0.9660865913261745,0.980661378359031,0.9956973897681642,-0.0066074542804831545,0.8861291260680592,0.8485247534162805,0.890302551414395,0.8436020432702813,0.8084702253504428,0.8436020432702813,0.8312140516902092,0.8146283953560618,0.8039334862373231,0.8146283953560618,0.8849246362979571,0.4293520963693081,0.6246290824661912,0.6787922421567293,0.6246290824661912,0.6497268500493604,-0.3339270575252779,0.6260247084421303,-0.6081777201778782,0.5458294971823248,-0.07281076320992812,0.4765170662638159,-0.07281076320992812,-0.13593163093531674,0.8637383618971046,0.8852653410287843,0.8719769637998329,0.7774917208263751,0.20853852941109147,0.8623635452137434,0.8634495417189634,0.8623635452137434,0.7886183067510709,0.7886183067510709,-0.17114162514979236,0.7023394275792848,0.22740469617136924,-0.7093955283102695,-0.6402394543887856,-0.6436548085587896,-0.19660041311678422,0.08636038396843812,0.314613849035922,-0.04862144333670704,-0.591446032818185,0.03143915956371226,-0.8286195426856116,-0.20155862755716694,0.09516413806523859,0.09671387290026541,-0.6241374405107637,-0.5846142138737703,-0.12095953595265471,-0.5994618421880854,-0.8311151622407943,-0.405512962880462,-0.24110324194834354,-0.405512962880462,-0.3087985694617239,-0.4019684487439294,-0.4019684487439294,-0.8234880988560555,-0.8234880988560555,0.4001740542370607,0.5879245520643275,0.5126357271814768,0.8057446824922387,0.736713768764844,-0.3983273085846267,0.07300896007586151,0.7454661934298557,0.7644892617031817,0.7454661934298557,-0.09737186108654784],[0.7437099314495936,0.09278003346342037,0.39686185907014954,0.7428823675910192,0.6398200628960102,0.7437099314495936,0.8288619120519038,0.8255887360689848,0.8255887360689848,0.685102323047904,0.4623017229599186,0.20401966742391467,0.8288451717554934,0.7514887759400477,0.8186493112958058,1.0,0.9925205997253727,0.4237845412581105,0.7973572229467303,0.7973253625327905,0.7217258220773091,0.8173422446517437,0.33463586781930243,0.3910107426989351,0.8111483391519343,0.8111483391519343,0.7966337079327739,-0.19307218593626502,0.1969632140337244,-0.16153026610478077,0.8529489288355111,0.8499923743664962,0.15927927570406064,-0.22140387032401038,0.8243700273348762,0.7105209234628658,0.2620183576397948,-0.31729298329051675,0.2192825564056347,0.6772595463186645,0.9983514566278885,0.40660111722786696,0.7501491859613884,0.8240447594937702,0.7501491859613884,0.16801183548705795,0.5330874308259598,-0.2534694356774065,-0.2764838519623156,0.049758653537690135,0.39668398510046854,-0.05653473317150512,-0.21054095645556842,0.6977761325398372,0.4008922473891544,0.8227057182734651,0.6982418167257836,0.7865830726072839,0.8065869785964437,-0.10441391387816147,0.12531903552568582,0.5705564127837002,0