var element=document.getElementById("correlationAdjClose");if(element.style.display!='none'){var correlationAdjClose={"data":[{"type":"heatmap","z":[[1.0,0.9999953972846031,0.9876041020782877,0.999941682465719,0.9992351632265181,0.9814017451032384,0.9979033831009327,0.9966510975862514,0.9721687543183929,0.9967412709750165,0.995032296768485,0.9942857405555858,0.9967246737031497,0.9966883449524597,0.9978991497510955,0.9982837318918558,0.9983485253587663,0.99710368291844,0.9971112525700413,0.997006514311736,0.9967022850496935,0.9892657716392161,0.9740152741344789,0.9917874454075188,0.9580483818077933,0.9910194036302171,0.9900404309610819,0.9707643424531754,0.9548455519908838,0.9912857877256043,0.9931738529240652,0.9932173986947261,0.9812862366735462,0.9978226216006054,0.9978601609946289,0.9977445426274419,0.9968365920128704,0.9957508066063516,0.9977789921538127,0.9986363596767011,0.9986645726853755,0.9978378362957313,0.997844924297413,0.9784839110098769,0.9398559899815637,0.9610088637276873,0.9578051108107664,0.9564367050933167,0.9383594833654414,0.9666124958644196,0.9560618286200862,0.9685469480357654,0.9728327671130436,0.9615954323007634,0.9852424364917943,0.9838126121101576,0.991722118526095,0.9935650081343506,0.9890844656161146,0.9855047174874957,0.9886428456634739,0.9883942816495459,0.9891959925933761,0.9891133693185803,0.9516276382923594,0.9794946380044671,0.9765273150214113,0.9763728341992375,0.9322759776711074,0.9849942587673396,0.9815507911930589,0.9878336129871326,0.9872764264976994,0.9467827884875416,0.9108206708598907,0.8858602235817713,0.9245501949795886,0.9386941388090987,0.9374467780217648,0.9371231563173009,0.9360719033577104,0.7678022930237896,-0.49777883197476974,0.9821338908704098,0.9787809911456747,0.9765401615530133,0.9896190030902098,0.9746483679887928,0.9853265049751898,0.9853293449431695,0.9431362370399267,0.9863542120114704,0.9450243904829262,0.8324494649211213,0.9319088323625367,0.9434800327557674,0.8486321341447021,0.960912928972747,0.9615521362435325,0.9044144821199344,0.9712277595193639,0.8934595699472948,0.5472346251973749,0.7386146093405082,0.9011479147455358,0.8754198633275099,0.8927858894310634,0.977586295549224,0.9777052244227888,0.7941037127865039,0.7705853648098654,0.823568256976971,0.5011008498150075,0.8121964088217359,0.8275444506809709,0.8226571156344323,0.8173153959466989,0.8085193352056502,0.7594354807090026,0.7455804385115871,-0.3167721471002222,-0.456347064637821,0.7789483162198756,0.896337151864432,0.9275410144856989,0.9428477968884621,0.9080739083695498,0.841567956544515,0.9122007792325418,0.9219789117624198,0.9218200305400187,0.8627170073478139,-0.09902387874425557],[0.9999953972846031,1.0,0.9920688997103055,0.9998858845778426,0.998368009996398,0.9895539759621033,0.9944679708412245,0.992723445448934,0.98958989174508,0.9927232995158118,0.9927596874236025,0.9937264990604312,0.9927822511920144,0.9927586802904625,0.9946165211007714,0.9965710943170161,0.9960108277146719,0.9942496082747815,0.9942582567232124,0.9927512325359232,0.9927954944934687,0.9938015149067851,0.9810027707204249,0.9905360994489332,0.9826253263820165,0.9906300128641546,0.9899823125012874,0.9826117736962835,0.9456366353038074,0.9899348717775931,0.9885095491264857,0.985091244495337,0.9527606019578322,0.9953691584918323,0.9953477584125852,0.9955904118472537,0.9930462257970452,0.9952667749491585,0.9956125573709513,0.9967811471034301,0.9969611788392543,0.9955932105688826,0.995605327681124,0.9926358015861583,0.9394978387556392,0.9221091708681938,0.9575960516916485,0.956366056723083,0.9383512924662754,0.9146767047661947,0.9455008756830445,0.9162063993397899,0.9411553773186258,0.914865007708862,0.9658108988855729,0.965806847105108,0.9786123046345477,0.9855987493651657,0.9868823933286718,0.9878197036585437,0.9816836202583866,0.9856286528489839,0.9826855357830728,0.9825995397100619,0.9488927326738767,0.9702786430854985,0.9391691686420449,0.9389884461894662,0.8784059877572942,0.9854999199627985,0.9864205726204791,0.9865668471909257,0.9862808452017323,0.9641728548504148,0.8501348282075841,0.8265049683352584,0.8876555834509745,0.9315863968570101,0.9019030596521591,0.9171080409451544,0.9163448495534482,0.8272926735482404,0.014803383315035648,0.9759270546060742,0.9775763637871319,0.9756748093946369,0.9871896360619785,0.9716066007213915,0.9777941871656484,0.9773116425672825,0.9406345138976403,0.9786750821335687,0.9416606788942337,0.786619534783742,0.9315740644896752,0.9334582306947035,0.6626385280723904,0.8834924892654036,0.8866578345282976,0.7859164096429786,0.9701918801120875,0.7618279688149485,-0.34436886209457046,0.30283327205107935,0.7859010600607204,0.7397879365769775,0.7790358160460152,0.9716774453153072,0.9716856826994619,0.27688554912201147,0.44819242765133055,0.28479826016862153,0.2559275198979413,0.2772638352338614,0.2889017693981369,0.28592363875838944,0.20609325827722,0.6173650939695313,0.35323818122426265,0.3037746281396668,-0.441349387077498,-0.492379780349187,0.7782043306487356,0.7900964275230549,0.8101819267214079,0.8767912757639216,0.8423478182994383,0.6697193944384232,0.816077177667961,0.8068724785995495,0.8060282645456016,0.5008090237669338,0.28887595995051446],[0.9876041020782877,0.9920688997103055,1.0,0.9887348024872376,0.993763876601122,0.9909515704908121,0.9892152434240855,0.9900852767931455,0.9915437848718912,0.9926562631569525,0.9965461896758291,0.9958936258474589,0.9899213315922487,0.990132897091066,0.9897272165391956,0.9909861501086594,0.9899798895036072,0.9887711338617946,0.9887370253211822,0.9915835836584336,0.9899566076153394,0.9957286901554682,0.9864954235891548,0.9918224757770424,0.9806340132661533,0.9924682979530426,0.9902202991291972,0.9874786304760456,0.963236750428568,0.9679630437391135,0.9724904597727438,0.9780191271868405,0.9612812724402868,0.986709957064043,0.9899002937712319,0.9882798895595064,0.9916806646335321,0.9949712082623182,0.9907835343057029,0.9850313757496635,0.9881616031924111,0.9871566575186287,0.9865461237558402,0.9929931989715213,0.9362763485889544,0.9476188270269422,0.962840357410677,0.9500895335070407,0.9086551552059966,0.925880806128032,0.9150918685960584,0.9288673504444828,0.9415812044634325,0.9243051448267672,0.9522311462639595,0.9631340153431024,0.9699254345495476,0.9758824727120301,0.9501558959187152,0.9730760035895974,0.9717192491268059,0.9773192889935979,0.9719180078384824,0.9503532833568916,0.9330424203254093,0.9597319897072492,0.950484693713211,0.9350790304231488,0.9052817923979593,0.9778321637888827,0.9593575452985116,0.9704348674947806,0.9515060857510431,0.8690716836078592,0.8864862195573431,0.8126610680199573,0.9008099110954086,0.9181423014913064,0.9208359159596707,0.8893942250705797,0.9031041366679511,0.5193759266329943,-0.47670024699704694,0.9693982374699537,0.9599970128673669,0.9592912039326158,0.9499696040096097,0.9641232364021177,0.9715794181592939,0.9712690094118441,0.9398099659831228,0.9679208419603283,0.9040950402564212,0.8197926363191467,0.9611180868258218,0.9613996754027926,0.83552389817389,0.9496811173827604,0.9510620858249711,0.8780321583408155,0.9807399979363223,0.7741003474443069,0.4528309420875928,0.6863967478435828,0.7985845560432869,0.8044505263784155,0.7793960594326097,0.9821239695891119,0.9821148685458202,0.7296508680688952,0.7251936019991196,0.7093102458378078,0.4574888122837729,0.7173006018708363,0.7176803283973214,0.7214206051004697,0.7191046922693425,0.7765209408801448,0.7007826175456506,0.6861784341016388,-0.3687336754801028,-0.5081664001872754,0.7549518060934066,0.8625396779212049,0.8744332359403001,0.8911804716183694,0.8831566899929858,0.7818496948436702,0.8606480053659538,0.8660127350889852,0.8716075898454662,0.7455692601799967,-0.02398320771453132],[0.999941682465719,0.9998858845778426,0.9887348024872376,1.0,0.9994276484823291,0.9823828237214738,0.9980785422649265,0.9969757125422553,0.9739970527282001,0.9971139120563274,0.9956271096939128,0.9950314132068012,0.9970339659834856,0.9970124993173224,0.9981031307075073,0.9985512584284936,0.9985477303262762,0.997383323598248,0.9973891276929084,0.9973199615584689,0.9970159334560786,0.9902641538925235,0.975205497038648,0.9925803528075356,0.9601965901267155,0.9919009517049889,0.9913436323294234,0.9724469254569983,0.9558740827124568,0.9906559534260572,0.99269784147756,0.9931378878262875,0.9809498900930778,0.9978602372516755,0.9980137297686182,0.9979055272363964,0.9971938746617981,0.9961746548105579,0.9979657205343432,0.9985262118718767,0.9987187820864275,0.9978733268640975,0.9978781378236644,0.9800052030032621,0.937271373236065,0.9593149886174653,0.9574134901741814,0.9545283209412183,0.9338376854937452,0.9640276831773626,0.9531765134081617,0.9658886017014408,0.9708360146051884,0.9592865907251662,0.9833898251032184,0.9825812189927987,0.9909545980340039,0.9933270233294887,0.9879859660037776,0.984599082221091,0.9877309092342758,0.9879182901462756,0.988219834008962,0.9881298429651512,0.9450851930524926,0.9785227116225945,0.9755204745067821,0.9753598880080232,0.9290268352875766,0.9846129512460869,0.9793882395702352,0.9867294863520679,0.9861443327415271,0.9324163804826335,0.9097798953744457,0.8831240146707943,0.9232940790836378,0.9365680711064741,0.937119482977141,0.9352699316607903,0.9342487649612025,0.6960821169758649,-0.4971431556851993,0.9814923197100325,0.9778038341803397,0.9753706809357388,0.9885224752147538,0.9741828108757905,0.9847777995788601,0.9847787296021366,0.9429110617520977,0.9852990603226842,0.9351010528502101,0.8352258924502808,0.9357502000620977,0.946680388905813,0.849949048715919,0.9619244086060956,0.9625845396566068,0.9040139333421153,0.972192804482689,0.8875522661977209,0.5437378342800747,0.7370174649408355,0.8958488916291105,0.8717635560176233,0.8872172713722217,0.9782485583521862,0.9783733607181275,0.7930087371208712,0.7707460790127306,0.8158203034952045,0.502456525323447,0.8062829285498382,0.8195316237239633,0.8145759762527207,0.8119389800839879,0.8104079038013796,0.7593471488382322,0.7455532977513079,-0.3121934845002577,-0.45563431668579824,0.7777944570154726,0.894877461949736,0.9257597781807076,0.9411099533233644,0.9071660817150935,0.8391223082361203,0.9102945924213248,0.9198233153642171,0.9198133884382481,0.8562648245617236,-0.09232410590094142],[0.9992351632265181,0.998368009996398,0.993763876601122,0.9994276484823291,1.0,0.9841444265501967,0.9989987209300846,0.9986607462355314,0.984132601987667,0.9986570026186864,0.9983352946864259,0.9982610543081885,0.9986681715077446,0.9986894379729829,0.9991394468970247,0.9989676660767934,0.9992739049797826,0.9988853650656293,0.9988848875746672,0.998717382112634,0.9986720429081093,0.994970634544734,0.9814486686265665,0.9956831287982205,0.9741692645618778,0.9956879952434615,0.9933417905698109,0.9826888508071233,0.9578849673080767,0.9890314462736897,0.9917688152704384,0.9910534315045081,0.974819903202816,0.9988480727014206,0.9989224776129211,0.9989702379873494,0.998791172934175,0.9987269772027014,0.9989290393917938,0.9989943913108745,0.9992033804418485,0.9988894586687009,0.9988889850158928,0.9878377423854988,0.944525577067744,0.9586960293366601,0.9607671802148986,0.9521433414150487,0.9290113690335118,0.9560785057232087,0.9524938460025146,0.9600690898637014,0.9662625786881434,0.9551919442467204,0.9827282919898302,0.9826538773109192,0.991615638283863,0.9934310643736897,0.9844672513264257,0.9788194550940666,0.9818078432020991,0.9843478641218787,0.9822967327592703,0.9821672156332616,0.9414024965593215,0.9711958659634727,0.9595817012451272,0.959361894286213,0.9030624712123216,0.9818441635363533,0.9782124039426915,0.9832917746157925,0.9825941753158206,0.9444919701659662,0.8936909115833868,0.8666768497380991,0.9105183238997097,0.9410619756955215,0.9298127311908704,0.9349615918556752,0.9341469965097605,0.8135840924189052,-0.4704448056431814,0.9757350706567347,0.968061296478307,0.9667102471604536,0.9851537902095098,0.9649233359540172,0.9788652253556275,0.978612303939033,0.9347983119461789,0.9797491201771266,0.9356936140127287,0.8269060896752645,0.9476213435801671,0.9633379890236872,0.8233199547996694,0.9528330704513175,0.9539946819153997,0.9006676033579665,0.9764025481940103,0.8951739308118265,0.3798366223513351,0.6903533213181425,0.9011478426800588,0.8608499034249222,0.8978705059775672,0.9816998298046656,0.9817964824670892,0.765125130666318,0.7582700487522915,0.7688597541559063,0.4841106460467258,0.734047039029604,0.7725261169906799,0.7688009852046355,0.7357003132336204,0.8010936658763035,0.7486205879878219,0.7339634981627524,-0.500696283119625,-0.5834976245495308,0.7708768150401243,0.8923327300406727,0.9177810214250733,0.9416516238029067,0.9077406289956557,0.8284230787290526,0.9090220558155284,0.9134980365792649,0.91302739363875,0.8052099450145984,0.11784067226424369],[0.9814017451032384,0.9895539759621033,0.9909515704908121,0.9823828237214738,0.9841444265501967,1.0,0.976858123420829,0.9785867952950008,0.9943471816798447,0.9781783745995074,0.975253027005571,0.9750843558025194,0.978364160948966,0.9786478571288301,0.9784166817359786,0.9826354624776485,0.9791140193398441,0.9788284377745755,0.9788370193280199,0.9775323366375415,0.9785281492228416,0.9930489441459983,0.9942502516633261,0.9824418209652752,0.9894403181376237,0.9831124102664738,0.9801630864797898,0.9894790781149532,0.9774463286499278,0.9522903326804584,0.9590362703895176,0.9712202741135203,0.9655174008115971,0.9765672210847931,0.9772290213274094,0.9780809919224662,0.9793883334203801,0.9761963868963657,0.9778582880744299,0.9762333958642156,0.9781894582517618,0.9769678763761164,0.9769839588151636,0.9964702679084115,0.9048431252895662,0.9381507438211809,0.9500111884733675,0.9574492440431684,0.9227355278416676,0.9174201306291407,0.9143863553221868,0.9207146266905818,0.9425636869849329,0.9200046902341016,0.9456795946514125,0.953228770016006,0.959519119616127,0.9617624583683019,0.9740176267121086,0.990057990065237,0.978471233488335,0.9868136921928796,0.9780251731072732,0.9775576019271414,0.9798422169409114,0.9775570439355119,0.96284895729141,0.9623894553363398,0.9549551906968621,0.9851214477589979,0.9786410125437539,0.9741853933982221,0.9732458337959897,0.973524667350305,0.9268388310302553,0.8911004757416122,0.9394393690131477,0.9358022792598449,0.9449897524616028,0.926815220899303,0.9249517335818975,0.8116142403256942,-0.421468476325625,0.9864927458019525,0.9887970766368228,0.9857465058310557,0.9747352550580494,0.9811123378672263,0.984853008824362,0.9845009979383357,0.9745760648913873,0.975595230168538,0.974283877102925,0.8331162629861402,0.9108979104692598,0.9622298537549338,0.8649782318977856,0.9468480068111382,0.9476986100207542,0.8606706568765311,0.9561097406615028,0.8225129391412274,0.45212399543661463,0.6942201021165794,0.832956158664425,0.8150258737576456,0.8232620074932667,0.9547888060790259,0.9548098719621702,0.7392803142202594,0.7413437449585,0.74153757801858,0.5032052093111687,0.7456441508291128,0.7463710457490095,0.7402820849531703,0.7405370457604908,0.7832307078677245,0.710168515488318,0.6995344791212869,-0.3364012081208725,-0.4646042866834657,0.7877775591818902,0.8525972142457799,0.8558471224816928,0.8821240374032878,0.8592719452321438,0.7939111769321935,0.8457657970204805,0.849499764472646,0.8495255325493809,0.7988966389775931,-0.042661345617763045],[0.9979033831009327,0.9944679708412245,0.9892152434240855,0.9980785422649265,0.9989987209300846,0.976858123420829,1.0,0.9978235651200675,0.9559998074564443,0.9996692591376004,0.9996552580528216,0.9996894442101061,0.9986385035132603,0.9993054638055703,0.9998962538892777,0.9970735867656714,0.9999068341490158,0.9994770773463435,0.9994810884439129,0.9997563573560954,0.9994264735474627,0.9903575099130184,0.9735019858516804,0.9869564191560698,0.9250669112219295,0.9940187819045994,0.9933329007478876,0.9724230203967543,0.9496428151205027,0.9914388919557954,0.9922329286784561,0.994392241932367,0.9786700748325236,0.9991517623767328,0.9998759931774543,0.9997574362345868,0.999531720345806,0.9998114693116749,0.9998641924699512,0.9987329557570983,0.9997693832427794,0.9994816413594404,0.9991877250504223,0.9782738556239033,0.9496530978485291,0.9604174280682267,0.9621135842697484,0.9505121946946984,0.9265523437349671,0.9611705125773321,0.9528055030345749,0.963576608744176,0.9684720324496257,0.9593258907504504,0.9834282477069447,0.9839973320051142,0.9929386251387087,0.9962951710371251,0.9581192333874918,0.9668062632619083,0.9746889449393455,0.9761702157312115,0.9760989079337381,0.9580617977510787,0.9049764602585685,0.9620141341327284,0.9633062108759273,0.9497766527519749,0.886428897737562,0.9727255677808032,0.9514950815338703,0.9733823739850744,0.9583775545289077,0.8258703221514065,0.8840184213320237,0.8230800132337087,0.8969190380852703,0.9137594440848267,0.9178014739725793,0.9000359598467023,0.9102628323726959,0.4621138225218112,-0.5347822734108053,0.9660902803838348,0.9542633330367138,0.9539467783073315,0.959247270942729,0.9598931587146928,0.9718601339696563,0.9719406643763118,0.9216372217929037,0.9710238489051853,0.8699709298889894,0.8206838438883575,0.948308633470487,0.9442012357123742,0.8359657304299687,0.9596624128863781,0.9604434462563868,0.9056009105263847,0.9762579557098013,0.8335254612386788,0.5448136763500045,0.7332344150043022,0.8589373819244664,0.85600121766594,0.8403774644070678,0.9824749085530597,0.9826221468817999,0.7878955593977102,0.7567036406390666,0.7823511593340101,0.4776962550266862,0.7879451753047302,0.7973032442684446,0.7867690951315306,0.7974141844114435,0.7996275733220612,0.7561586780424896,0.7405055439427313,-0.3226250612373296,-0.4742359548436945,0.778665887213541,0.8979519507913756,0.921073736710655,0.9437624867987637,0.9151619443499426,0.8419401547272224,0.9122467565147583,0.9264764150192473,0.9247520350229753,0.7890138827909896,-0.06834453396399381],[0.9966510975862514,0.992723445448934,0.9900852767931455,0.9969757125422553,0.9986607462355314,0.9785867952950008,0.9978235651200675,1.0,0.9661949221537219,0.9999998485828613,0.9999994205893127,0.9998111265621207,0.9999971402440307,0.9999983943747476,0.9994229265704155,0.9926379726841139,0.999545748555415,0.9999198957095521,0.9999194803060878,0.9999699809746831,0.9999988883063587,0.9910446261910602,0.9754936508162148,0.9933727128193898,0.9387859344375205,0.9945280443022351,0.992085703364464,0.9747127691150571,0.949859382532058,0.9878655833090191,0.9937760952923456,0.9931653991837501,0.9762581780359828,0.9995136434328514,0.9996324913096939,0.999720964110684,0.9997759149136772,0.9994064468583908,0.9995842670565477,0.9984602667064042,0.9990239876579923,0.9995890794897143,0.9994689888782059,0.9801282678407152,0.9496326250664131,0.9584366301464982,0.9648506977603771,0.9504296082292568,0.9194914252069696,0.9594589288577273,0.948859432640464,0.9615750347943047,0.9639507687974433,0.9542186966271451,0.9815482678375529,0.9815348705287016,0.9920436354997386,0.9965368895021213,0.954281018691656,0.9644114333438338,0.9704995442606319,0.9743026421356538,0.9722046175697046,0.9568871114569399,0.9014606324678062,0.9590169151658466,0.9588403279721315,0.9459193321520721,0.8800046701976074,0.9710380510561983,0.9469900735901319,0.9694284061920625,0.9547928685936761,0.8176054001762006,0.8794690290997038,0.8200116157228706,0.892135171945358,0.9089135729192771,0.9151216305578508,0.8968562464749505,0.9054035464907668,0.44906544631584794,-0.5368551982545616,0.9636172517570653,0.9508306781210073,0.950441731239931,0.9577333333955814,0.9575612948064496,0.969499600249486,0.969572836093091,0.9198268825046851,0.9664635262005842,0.8638994612696603,0.8187060777936651,0.958043152135799,0.953246039318363,0.8341742950319542,0.9596998874505831,0.9606049177742737,0.9031782310202054,0.9794784576045292,0.8354781455932162,0.5305405107530311,0.7253030680915453,0.8591422392121543,0.8526744769268502,0.8416434998450001,0.9844256935319499,0.9845746431827817,0.7797983898157583,0.750355342378941,0.7828358958492302,0.46764566498772964,0.7829004182034792,0.7925394113308925,0.7864342593295932,0.7918016188565684,0.794503500480295,0.750964457922324,0.7348447445880459,-0.33678975062319594,-0.487222727343408,0.7699881508981182,0.8914831223838415,0.918310055912289,0.9367954919483555,0.9101161285231757,0.8325473506847725,0.9061661337438902,0.9203812490438906,0.9188561230041382,0.7721186054571942,-0.05204125318863409],[0.9721687543183929,0.98958989174508,0.9915437848718912,0.9739970527282001,0.984132601987667,0.9943471816798447,0.9559998074564443,0.9661949221537219,1.0,0.9813033219583659,0.9863057862941823,0.9889748180222135,0.9697479956216034,0.9745899007399659,0.9730125504178404,0.9510068597378013,0.977860609568341,0.9752098903913786,0.9751885474427617,0.9797713299748633,0.9744527591424917,0.9938978028499924,0.9944146333103274,0.9802210055043034,0.990342361480471,0.983548735506789,0.9930640641142869,0.9920945684009279,0.973236715843072,0.9245847177220444,0.946197996746225,0.9654303813484434,0.955701929871943,0.9690473862277502,0.9777644780599868,0.9742328022905131,0.976504840840631,0.988075683359718,0.9791511582518223,0.9659966654196577,0.9756088001208391,0.9700198894135162,0.9690562799494088,0.9991744537522226,0.9204907164676303,0.9339163827059991,0.9641478747815283,0.955923377946695,0.9077862628749371,0.8898104644461915,0.8928254481761777,0.8941321125173518,0.9268394643176456,0.9045594867112111,0.9297020354032767,0.9480928161406008,0.9522043196987338,0.9574280120440382,0.9158402934999067,0.9754422328909318,0.9570359581150689,0.9730999523114193,0.9569165022108234,0.917222434320988,0.9336007838666651,0.9568233895331296,0.9347671499093263,0.9029290806391903,0.905159031017647,0.9741258070710334,0.9328207026761902,0.9518114019001682,0.9174792422385588,0.8648011841307766,0.8887628080209883,0.7806286142957167,0.9036712437587293,0.904666373249003,0.9173652275465587,0.8686583286634267,0.8866011501598056,0.5098862440607558,-0.45017038228086387,0.9676524527290652,0.9649262689651865,0.9625812055851846,0.9133607979302081,0.9599227513283389,0.965691156372982,0.965183442792349,0.9492032118043374,0.9526854524060508,0.902746889870225,0.823342283956529,0.9476019352761152,0.9663574234148804,0.8447404668412795,0.9414305898441682,0.9427518484455453,0.8535565377792491,0.9664867935745669,0.7377195067742736,0.41126098002144673,0.6658703561756988,0.7722133838445696,0.7784731187832414,0.7504217392649546,0.9655188524936815,0.9655089285842094,0.7085277058517184,0.7134319059381384,0.6721195812787476,0.4640681020048906,0.6962669941378079,0.6922300694772322,0.6700521802728624,0.6941210881949023,0.7667595449565145,0.6903945805828853,0.6772594113067566,-0.3726939821362161,-0.5076799959033177,0.7842679186033478,0.844970655144807,0.8255509991171758,0.8644266946000223,0.860428289217047,0.7720946980187863,0.8162316788972678,0.832729688422953,0.8260833660305402,0.7168066434436503,0.01603454656407905],[0.9967412709750165,0.9927232995158118,0.9926562631569525,0.9971139120563274,0.9986570026186864,0.9781783745995074,0.9996692591376004,0.9999998485828613,0.9813033219583659,1.0,0.9999992260506938,0.9998151507507795,0.999998530894896,0.9999979191726421,0.9997294622486131,0.9980900553291421,0.9995467071130666,0.9999010474111012,0.9999009987408941,0.9999808099648922,0.999999422834654,0.9935387060997289,0.9775024899237363,0.9964653268909532,0.9691143438563529,0.9964850527865518,0.9920746905602502,0.9790511778482432,0.9514414561525976,0.9900438604786281,0.9938964670495543,0.9911545325636859,0.9735623674459742,0.9995673792067238,0.9996288064810838,0.9996448348931146,0.9998577879051843,0.9994157928749436,0.9995910006908754,0.9987103681123024,0.9990675539803167,0.999579367379722,0.9995754045636228,0.9847145675982134,0.9495194847813939,0.958459086963307,0.9647350419213915,0.9503005663998727,0.9195682796444496,0.9541631700504287,0.9469867427530636,0.9576300604011104,0.9625656151091572,0.9529127426416906,0.9816374604786627,0.9815655372762726,0.9927287138842961,0.996398123153744,0.9757015748981889,0.9643024608876046,0.9728474938997994,0.9742416171158549,0.9735073693567692,0.9733658039046696,0.9292518675067049,0.9589396162496647,0.9508508531991716,0.9506551587406556,0.8918527616004496,0.9709515885172385,0.9693136888687071,0.9746766509684764,0.9738398194788734,0.931372304216441,0.8794664520406744,0.8471099989317655,0.8919268471016212,0.9255437470446168,0.9160996068557892,0.9204575668362028,0.9198233702935554,0.7733723144184941,-0.5244468391591893,0.9635507051347098,0.950796555278976,0.9504210028522238,0.976574469023055,0.9532611384492988,0.9692497021821632,0.9690123835435773,0.9205195005879321,0.9703157399771071,0.9216471699207993,0.8187004512195306,0.9578615201549456,0.9635006090983302,0.8220082854529439,0.9548131217773372,0.9558443652526756,0.9032527407909731,0.9788328163419344,0.9033776349781825,0.4247095190909268,0.7064859026399338,0.9092516581824152,0.8687485153239833,0.9058170631591501,0.9844070343014673,0.9845674270616704,0.7798697448685067,0.7502175207107885,0.7830571670522691,0.46773627753881264,0.7489525892370317,0.7871489546954739,0.782971465623734,0.7528705554053644,0.7943272231945613,0.7509871060505378,0.7348452129943845,-0.5431465497134328,-0.62601878958241,0.7691464416762293,0.8914470423384011,0.9211470821988051,0.9434252860686226,0.9101339311282728,0.8302397389557652,0.9091080622925994,0.9162193396843827,0.9157518365685388,0.8159854697523649,0.17386651633617733],[0.995032296768485,0.9927596874236025,0.9965461896758291,0.9956271096939128,0.9983352946864259,0.975253027005571,0.9996552580528216,0.9999994205893127,0.9863057862941823,0.9999992260506938,1.0,0.9998136886309479,0.9999965420931409,0.999998247609335,0.9997169814345365,0.9979233001390593,0.9993525092116475,0.9998232841639556,0.9998233998929136,0.9999984733264685,0.9999985980651097,0.9932983280492997,0.9752069567586892,0.9958009140597083,0.9770617023736063,0.996247791853312,0.9920880810942578,0.9815349556084311,0.9469931364184772,0.9901225976058137,0.9938946039969925,0.9863257955386074,0.9540907550136742,0.9994131717604372,0.9994602176490189,0.9994139992052197,0.9999139893767199,0.9994035853784227,0.9994224255255131,0.9983080484926788,0.9987668176174838,0.9993964575770766,0.9993945144328581,0.9875253329595154,0.9493056637249957,0.9334072023286586,0.9647101363931995,0.9502580101331551,0.9193789493235955,0.9322641549467175,0.9248454344459113,0.9358373911442737,0.9426405186699724,0.9310380458847697,0.9764665731941874,0.9764483311109154,0.9919963150338517,0.9951607970657383,0.9694105463907132,0.9644421898154915,0.9618658343497833,0.967063957381387,0.9628323410826604,0.9626281656779438,0.9112456713072397,0.9500918951440716,0.9172903682515968,0.9168950757070242,0.8373761198786902,0.9698032627576759,0.9741816612755233,0.9713108821737387,0.9703101537915451,0.9282821248345476,0.8333398089394126,0.8060062807459288,0.8659658175532838,0.9123970289062522,0.888126388329497,0.9002175446481169,0.8992032585802795,0.783336211020505,-0.2792338967771248,0.9537057690295123,0.9509624507997495,0.9505536843772084,0.9703025770978273,0.9421290232707632,0.95580377025957,0.9552766525341598,0.9011020429562998,0.9577645011263682,0.9038592489412555,0.8188513788934525,0.9580985695926358,0.9681250954479907,0.7420951933117903,0.9233833573113146,0.9255621700393953,0.8648406605896783,0.9859622639141397,0.853264255932388,0.0743960693947094,0.5703135379780837,0.8647241395250757,0.8367013743861611,0.8603069323324052,0.9867301702841546,0.98672103328104,0.5718150975289288,0.6770042958287642,0.5788660021671016,0.46769680743541375,0.550617790171427,0.5872587444142147,0.5790838258752533,0.519358825563084,0.7854489959451901,0.6393277822029074,0.6032354897896042,-0.5016733910695718,-0.5621354330532314,0.768749153532817,0.874821697377647,0.885792772680295,0.9222839837910513,0.904829426327621,0.7322630458949358,0.8738658547893535,0.8813895692435526,0.8808387742515129,0.6578594228550474,0.1355691407091649],[0.9942857405555858,0.9937264990604312,0.9958936258474589,0.9950314132068012,0.9982610543081885,0.9750843558025194,0.9996894442101061,0.9998111265621207,0.9889748180222135,0.9998151507507795,0.9998136886309479,1.0,0.9998260600800802,0.9998184618409163,0.9997049611102053,0.9985074501111297,0.9995154720223645,0.9999761190453011,0.9999759594953641,0.9998183938209626,0.9998224679523208,0.9931820279042669,0.9737806627936956,0.9946540004275785,0.9773362087468808,0.9952309767231003,0.993739543286187,0.9778543847606532,0.9326516111068448,0.9929547529778586,0.9952090623127892,0.9830655343589967,0.9407104814127022,0.9995410901417326,0.9995768166347467,0.99954011674986,0.9996757864410907,0.9996862753917599,0.9995518607634082,0.9982325379035693,0.9987928663489652,0.9995244658862108,0.9995213987424636,0.9890577295891029,0.945842781736063,0.9251297275698102,0.9620852124690192,0.9484246172073821,0.9191096900433697,0.9073994242135205,0.936707271180995,0.910072345102625,0.926813661147856,0.9061894539423367,0.9674808327491512,0.9674718239779196,0.9851455991094966,0.9951833805685405,0.9691438286027664,0.9689737190509485,0.958345339550949,0.9659350142270591,0.960179866966882,0.9600195024563186,0.9143088508652779,0.9428689723058921,0.9034755451871008,0.903225933686037,0.8295964789182916,0.9699193143086766,0.9715296390602522,0.971508011764662,0.9709016580521588,0.9366580426850024,0.8028618290961388,0.7758860783402972,0.8442359493498546,0.8982848881131789,0.8651369496000401,0.88241973363113,0.8817912942314419,0.7772529409325255,-0.10852018324703551,0.9494043076093898,0.9523661053457577,0.9490739159890945,0.9696614905286226,0.9432587890029842,0.9520807176144255,0.9513893940134515,0.9029082926925981,0.9535645463856813,0.9045917882082319,0.7852359424255579,0.9562122517857867,0.9519439118793123,0.6508120916779124,0.8831193627312873,0.8866593345755407,0.7809607606854251,0.9810985897217556,0.7590105462485892,-0.2855470129112446,0.3326238880999129,0.7808584446991998,0.7398354253063697,0.7748494314444478,0.9821832827322052,0.9822482717773287,0.3019666085987565,0.4596259139360405,0.30831408675159677,0.2800360618344567,0.2999767822782885,0.31359991629802225,0.3111722821163634,0.2286420665992925,0.6276816341681498,0.3689064883130248,0.3180781054052685,-0.5059598468299301,-0.5559691208777018,0.7681239557950468,0.7923062616117764,0.8125708643446589,0.877267675262073,0.8494494811287797,0.6564943035805009,0.8115199569873747,0.809066319004944,0.8082415301838921,0.501270541096083,0.31776738463605675],[0.9967246737031497,0.9927822511920144,0.9899213315922487,0.9970339659834856,0.9986681715077446,0.978364160948966,0.9986385035132603,0.9999971402440307,0.9697479956216034,0.999998530894896,0.9999965420931409,0.9998260600800802,1.0,0.9999977398075142,0.999462277618008,0.9941154847948721,0.9995791373896287,0.999929148583623,0.9999288740600827,0.9999764858126823,0.9999990064445431,0.9909077703778452,0.9752675429294589,0.9940147742859632,0.9435974681454995,0.9944675876526134,0.9921637796367284,0.9744786276132358,0.9497280634812206,0.9887819798319313,0.9938722845962513,0.9932413532765085,0.9763585113513863,0.9995555311126512,0.9996680050627399,0.9997481096312105,0.9997726180711205,0.9994502913581634,0.9996198578471718,0.9985386878000104,0.9990804599220061,0.9996297882436712,0.9995108408167801,0.9798575609137493,0.9498198197313316,0.9585513765487862,0.9647585690384596,0.9504208330876309,0.9198980807546617,0.9598031660266259,0.9492160242591537,0.9619188723755941,0.9642207831469289,0.9545693683424803,0.9817935319667048,0.9817033184754169,0.9921686447058162,0.9966323910907839,0.954487273885914,0.9643711089985394,0.9705984538043941,0.9742987223121025,0.9723039751612574,0.9570400059318266,0.9012802232891286,0.959075659918173,0.9590200957553316,0.9461736879790761,0.8799544848031758,0.9710042342327132,0.9470765851677717,0.969529645121006,0.9549868215621771,0.8174206939934827,0.8795591816764814,0.8203342728005206,0.892224984289613,0.909034532898417,0.9151635849212678,0.8970952687201725,0.905623467011613,0.4490322521089618,-0.5370757933122173,0.9636221259106968,0.9508390008823072,0.9504524515012034,0.9579037476680392,0.9575499107869618,0.9695264463447734,0.9696016430017047,0.919677626197186,0.9665808689104834,0.8637502241497593,0.8187250388525936,0.9576046297880645,0.9527787280020327,0.8341244325099996,0.9596926377342829,0.960590813230643,0.9035239354912659,0.9793623465327251,0.8360042092042724,0.5316856194851949,0.7259268938510934,0.8596471141523097,0.8532131407573289,0.8421572181414605,0.9843837973694286,0.9845330460509785,0.7803946579551037,0.7508108789629517,0.7834783121784704,0.4681635418000845,0.7835620864567053,0.7932465583055892,0.7870944893731905,0.7925177892998095,0.7948157360034545,0.751416773427905,0.7353066835751092,-0.3359286894478215,-0.4864765611015736,0.7702319371869892,0.8919728591034336,0.918814021132534,0.9373176304589267,0.9105793705831473,0.8330692365505282,0.9067485041206682,0.9209804535047162,0.9194504911409237,0.7727741654105277,-0.053091704631975906],[0.9966883449524597,0.9927586802904625,0.990132897091066,0.9970124993173224,0.9986894379729829,0.9786478571288301,0.9993054638055703,0.9999983943747476,0.9745899007399659,0.9999979191726421,0.999998247609335,0.9998184618409163,0.9999977398075142,1.0,0.9995418711728314,0.997468450525684,0.9995587981875241,0.99992213131004,0.9999213996510232,0.9999706816655226,0.9999977875777137,0.9910851052873096,0.9755520365881625,0.995564391259924,0.955600109416353,0.9953085362560128,0.9921229275631802,0.9747626667036461,0.9500054200695902,0.9912515216900413,0.9941129258302547,0.9931203147916942,0.9761836650220113,0.999523183445356,0.9996325787950591,0.9997266329217054,0.9997887514132359,0.999425314357068,0.9995811796136248,0.9984814580290535,0.9990370464615196,0.9995971843483461,0.9994793145803468,0.980128687742502,0.9496723348563504,0.9584528877936986,0.9647915550110316,0.9504121055894813,0.9196530063712584,0.9595247805638859,0.9489690956310026,0.9616681034503232,0.9639091032779725,0.954143238424163,0.9815658988538697,0.9814837885717641,0.9920174487827835,0.9965032429879324,0.9545258124044596,0.9644342053984128,0.9706365054621857,0.9743789802199323,0.9723301108465306,0.956730667567434,0.9016299592154587,0.9589607200519155,0.9588971106269458,0.9460907153015254,0.8801148512161572,0.9711550517037933,0.9472733876614953,0.9695965565789518,0.9550503413873506,0.8178855786771204,0.879497855583265,0.8202303959906037,0.8921977054160423,0.9090563795609821,0.9151403198548816,0.8969859949093357,0.9055464707714511,0.44937907188048487,-0.5365644074368661,0.9637035239034126,0.9508671469629187,0.9504848958673068,0.956850824245318,0.9577088222549692,0.9695779900339352,0.9696486036672425,0.9199965285069319,0.9666017431469018,0.8641097116674659,0.8187104681966064,0.957837151000806,0.9531700798097598,0.8341932984522176,0.9596423731588074,0.9605508581124785,0.9030097112886767,0.9794911926294088,0.8354985229769936,0.5303599538920082,0.7251954766875428,0.8591424092088148,0.852776872069998,0.8416603747877824,0.984453576922689,0.9846000298368128,0.7794477699919914,0.7500662886229256,0.782810528850142,0.4678425179195779,0.7828743507007117,0.7924602214557782,0.786571841053582,0.7917055749766245,0.7944382453778936,0.7503071652169485,0.7342187011368856,-0.33662094941016696,-0.4870506172887008,0.770079036278328,0.8914001694466559,0.9184162734143619,0.9368234403339154,0.9101574775818676,0.8323623285104942,0.9063408369629592,0.9204035299948718,0.9189880789353135,0.7721951197151291,-0.05228195679557778],[0.9978991497510955,0.9946165211007714,0.9897272165391956,0.9981031307075073,0.9991394468970247,0.9784166817359786,0.9998962538892777,0.9994229265704155,0.9730125504178404,0.9997294622486131,0.9997169814345365,0.9997049611102053,0.999462277618008,0.9995418711728314,1.0,0.9986208906340786,0.9998729014963953,0.999613195504571,0.9996170794656704,0.999800139001525,0.9996048219353578,0.9908766503651104,0.974826848482348,0.9944575384435297,0.9497239371638656,0.9940938139647927,0.9935878965955952,0.9735007639956356,0.9508921193390462,0.9915132162866227,0.9926369622652771,0.9938655749686913,0.9779968144472698,0.9993365907009447,0.9997536135870176,0.9997545105745032,0.9996328530887367,0.9996843038032205,0.9997213146137318,0.9989756913339037,0.9996490632127771,0.9995569254064249,0.9993441278889925,0.9791193873775091,0.9486381830385381,0.9603117369950023,0.963454918423343,0.9518343779820814,0.9251963913537425,0.9612547337662873,0.9528367484041955,0.9636542417872017,0.967399572949358,0.9576550491734802,0.9832325222845391,0.9831400460638057,0.9928068580231204,0.9960435991831186,0.9584489839971108,0.9677708380068668,0.9747845371408583,0.9767390908244854,0.9762498800209074,0.959228579499011,0.9060645848751312,0.9621548385600466,0.9633692916199867,0.950339564923329,0.8867395759257493,0.9734731634176849,0.9515255676340848,0.9733340513563462,0.9588406774147559,0.8250049406099488,0.8844776447767938,0.8240826993511166,0.8972454249826095,0.9133475260188372,0.9175935048757853,0.9002592238183117,0.910093308150654,0.45942887540233934,-0.5337926873053693,0.9668077847496586,0.955327471560857,0.9548647826846431,0.9602896279063272,0.9609906150907742,0.9723947090729104,0.9724785856471794,0.923692629251842,0.9709818120257742,0.870254368835188,0.8203463088249485,0.9505717309435704,0.9465652745670318,0.8364263906859808,0.9596834664498906,0.9604347408970002,0.9028243199693335,0.9765187530670926,0.8347340874451931,0.5393176992556958,0.7296628581372984,0.8590493328444144,0.8551787098063157,0.8410844876278211,0.9824493113567525,0.9825934685663157,0.7841039043777926,0.7528110362860408,0.7834239086207656,0.4747547394442968,0.786734820400179,0.7961506780639547,0.788075571888636,0.7959201033326126,0.7967314013179537,0.7515387264853867,0.7358774201506892,-0.3246614524445424,-0.476092442647281,0.7762271559410424,0.8939553415498871,0.9208896740254331,0.9420655702798632,0.9115942347539996,0.839112074630429,0.911700031175222,0.9250349971294468,0.9238011722930596,0.7841982082149429,-0.06450751741468619],[0.9982837318918558,0.9965710943170161,0.9909861501086594,0.9985512584284936,0.9989676660767934,0.9826354624776485,0.9970735867656714,0.9926379726841139,0.9510068597378013,0.9980900553291421,0.9979233001390593,0.9985074501111297,0.9941154847948721,0.997468450525684,0.9986208906340786,1.0,0.9989926913569884,0.9978206002329937,0.997820400415161,0.9981869246767381,0.9975225026115224,0.9928134804724463,0.9785754818535995,0.9813687300479192,0.9245619894114551,0.9918942919590046,0.9947263689763042,0.976732558272863,0.9587181023829482,0.9916504859297273,0.9895543363241286,0.9918630803677083,0.9775415265141555,0.9975246371243066,0.9983370014707207,0.9981875291071277,0.9980254836747343,0.9988701175382252,0.998238765816748,0.9982366925825507,0.9987782160539486,0.9976864800657388,0.9975940293157958,0.9799334108063755,0.9434795754716536,0.9599932523211241,0.9596521112103163,0.952702834578608,0.92941958512876,0.9607696847565055,0.9530469384736953,0.963616944769092,0.9661242836599812,0.9541036384413342,0.9807982574885514,0.9808454369118419,0.9887368175111318,0.9914223483877493,0.9675062963894815,0.9739047058493973,0.9808562806095218,0.9811249104791564,0.9815879363590647,0.9671866956509391,0.918698122975408,0.966079354170981,0.9676615465090134,0.9580161247860073,0.8992121943105801,0.9785340171825904,0.9624912923322758,0.9794241896216748,0.9678709325769687,0.843943601780672,0.8933871548295473,0.8371940693353569,0.9067053444432923,0.9241785204505539,0.9251157678298381,0.9081700305476315,0.9190152550865409,0.4891893249550604,-0.5076445082170198,0.97272958748768,0.961704578667662,0.9622435950831261,0.9691941168299825,0.9680246378847166,0.97729767335376,0.9773071354711971,0.9347399636152072,0.977682810528945,0.8868465351756245,0.8227680970647506,0.9417345952941967,0.942858633147354,0.8406846986225218,0.9579250355077292,0.9587185952626099,0.8958232790101491,0.9745885985704135,0.8280828353061995,0.5278868494751003,0.7246620048196754,0.8491549984050533,0.8503345869945106,0.8315875066763683,0.9792928968551168,0.9793488854892954,0.7743685053526128,0.749239551873069,0.7757601725463403,0.48162389807044365,0.7784291393384325,0.7850405449031239,0.7866593087712946,0.785544952360905,0.7952506029787584,0.7383524853463771,0.723909898893686,-0.3127773499183392,-0.463154211981