var config = { responsive: true }

var correlationAdjClose = {"data": [{"type": "heatmap", "z": [[1.0, 0.9999905680145095, 0.98438850078185, 0.999921142729175, 0.9988675039392014, 0.9886621236504837, 0.9974629905803983, 0.9951846441309611, 0.9954836669689319, 0.9795145043038307, 0.9918347547222086, 0.9953318614367062, 0.9945343618227069, 0.9952401969386772, 0.9953852756526881, 0.9965128015639766, 0.9982027996893944, 0.9959700223443381, 0.9959894974761427, 0.9960161496233305, 0.9952858878693781, 0.9853885704296628, 0.9688126979034123, 0.9876416750018471, 0.9864647111059053, 0.9801187805552077, 0.963028046297296, 0.9421261696775439, 0.9943046296809949, 0.9946110573962926, 0.9917239925726404, 0.9745614925797044, 0.9973737139587168, 0.997676501766827, 0.9970438312170622, 0.995397846688584, 0.994861939115424, 0.9975287623951035, 0.9975906318377744, 0.9987390678753386, 0.9973132068921272, 0.9973283358749487, 0.976468319368898, 0.9210033292971251, 0.7531115054723542, 0.8976634518919816, 0.9040416568263372, 0.8416818437658373, 0.9681740040675045, 0.9444454841204232, 0.9694166963153577, 0.9659907020446762, 0.960024037651148, 0.9859765575549008, 0.982374848298346, 0.9837868282349863, 0.9766189446254571, 0.985697046705871, 0.9829556137759529, 0.9863416723446233, 0.98612265296793, 0.963812755279262, 0.9665170280026913, 0.9711598847509084, 0.9708401751048645, 0.9434813662856781, 0.9748588664110506, 0.973378559097206, 0.9817029126960759, 0.9808337920578815, 0.9350080701319573, 0.8564543468769428, 0.8242277300952864, 0.8752904919864499, 0.9031080874033739, 0.8976805488221947, 0.9013556704874245, 0.9000853999311921, 0.6180308724924103, -0.5701210494587484, 0.9761490262778035, 0.9667309304041004, 0.9633804793062689, 0.9846982131029217, 0.9533663013919192, 0.9811435206194342, 0.9811253561658264, 0.9442021634371333, 0.9814240396023176, 0.9485546048819402, 0.622616112228129, 0.853641039775729, 0.9128422412096274, 0.3713977490062172, 0.9184399148563968, 0.9391072945213884, 0.8110302512548695, 0.9562133234605736, 0.8960643976332151, 0.6566267666810377, 0.3944541440127584, 0.8917387568034786, 0.8620711763576281, 0.8881526347447382, 0.9673110059054252, 0.9676005569799006, 0.737858514922718, 0.70164091369336, 0.8253490697785618, 0.33322568278728876, 0.7946428928231004, 0.831403240061067, 0.8178163187588813, 0.8159929953259211, 0.7427883083877883, 0.7401655624446173, 0.7199840387364099, -0.23574607951666074, -0.37060097701333383, 0.6283975919939975, 0.9001273442529648, 0.9457922586120092, 0.949886368512987, 0.919671503860259, 0.8284736350336503, 0.9173458236029882, 0.9391765707567232, 0.9389369760195737, 0.8737345436181876], [0.9999905680145095, 1.0, 0.9818372249829944, 0.9997579088407468, 0.9974159672988879, 0.9903573452577192, 0.9927332879183776, 0.9881656204367414, 0.9882057902021435, 0.9665455999712832, 0.990710919205896, 0.9884284952540616, 0.9882369847456581, 0.9882883672330511, 0.9883867347216594, 0.9933122836914721, 0.9951338896455203, 0.9917602102202299, 0.9917542107520781, 0.9882852641692671, 0.9883407917853823, 0.987271438920363, 0.9597002083967906, 0.9834766999150784, 0.9831242500607843, 0.980023959427072, 0.9709044502088563, 0.904505761708435, 0.9877540219442897, 0.9836078706313874, 0.9753492229083416, 0.9096757189396316, 0.9944654311732274, 0.9942809148389165, 0.9945731964425232, 0.989537893068447, 0.9939641023262965, 0.9945606396694788, 0.9948801162427569, 0.996754920185334, 0.994572087323148, 0.9945729078748673, 0.985395958455714, 0.9206778050466088, 0.6187169646920782, 0.8975292316895225, 0.9043086889057874, 0.841852935133985, 0.8776092606541058, 0.9117882838063097, 0.8815433584012603, 0.8982204551287983, 0.8764078289101788, 0.9548172239517272, 0.9546981487350732, 0.972677296039075, 0.9769684123623031, 0.9705081956085103, 0.9700341462382079, 0.9733654006515332, 0.9732724571507502, 0.9326311285499456, 0.9416101317685636, 0.904999253979671, 0.9048600122750556, 0.7944185906219693, 0.967441469790622, 0.9699211913195291, 0.9701930563459762, 0.9695661845967491, 0.9277071508301831, 0.632628826148596, 0.5717756042091691, 0.7311552406620256, 0.8307215157466913, 0.7550311064211188, 0.7949784781096502, 0.7931348831352903, 0.5638894550304224, -0.2757958540471103, 0.9541665818597858, 0.9616538497291048, 0.9538324060133653, 0.9736645131586563, 0.9178857973383111, 0.9591109570152735, 0.9581052949344985, 0.896984305085557, 0.9623290666039478, 0.903318560372613, 0.4315677634236571, 0.8531489089640392, 0.8519916686076257, -0.07862109741844486, 0.6256649788219404, 0.7257084122056273, 0.6266838935940957, 0.953404811318708, 0.6438623984190612, -0.21477044976354476, -0.14004289113307833, 0.6101491910616029, 0.6186701974072577, 0.6650018373971177, 0.9551166245137508, 0.9549399637724684, -0.09816812480072055, 0.13483595939653, -0.030904114934935965, -0.05001504473574403, -0.021949744006932972, -0.005522284154291693, -0.0373401701193607, -0.07822112022246423, 0.32812348580881123, 0.07409979026299915, 0.026060072371469678, -0.4554732142267544, -0.48727877617597454, 0.6289111676883802, 0.7436795747556496, 0.7668409257169712, 0.8298678746736865, 0.8237430573927721, 0.5314024114338894, 0.7319754378943524, 0.7641663939709662, 0.7627712107734187, 0.41165988282178656], [0.98438850078185, 0.9818372249829944, 1.0, 0.9858422823208587, 0.9926672599160672, 0.9897486683907333, 0.9906836949995934, 0.9910702307168702, 0.994356111560264, 0.9540589223351799, 0.9968907081565911, 0.9909713638219917, 0.9929143233687787, 0.9911322256840318, 0.9910455442625059, 0.9916306140825428, 0.9897388848234452, 0.9896217495129952, 0.989586874502599, 0.9928742608690357, 0.9909973073398705, 0.9932952033120718, 0.978559723850921, 0.9905977300494264, 0.9909951615374624, 0.9784614130766783, 0.9815541857584503, 0.945747712858552, 0.9733990349291622, 0.9766730891713519, 0.9782356437035428, 0.9497221080185569, 0.9879422660278699, 0.9910626307211028, 0.989367686969883, 0.9930645388744866, 0.9946217158511569, 0.9920809731322425, 0.9873334828281254, 0.9868277044710725, 0.9882172461275281, 0.9875774222616178, 0.990375690219509, 0.9212871068210808, 0.6945291805534345, 0.9252403089357949, 0.8961328742085408, 0.7491525286869897, 0.9292776816274364, 0.8995730932562879, 0.9313854692351853, 0.9258516581781091, 0.9173323163619466, 0.953259391814849, 0.960171341969943, 0.9297430856508424, 0.9458803985399632, 0.9528154205997194, 0.9582396076094085, 0.9534694647853829, 0.9278276864801175, 0.8936498658711504, 0.9239576066845235, 0.9231102478899538, 0.9066778812496151, 0.8592663433360581, 0.9578922392204661, 0.9356663218179687, 0.9535157912278539, 0.9319538457870153, 0.7638854279987192, 0.7945716458500643, 0.7299967518006867, 0.8154533615029993, 0.8618428625311032, 0.8589221245988756, 0.8315374793154573, 0.8453091757131858, 0.291591798230998, -0.5713207982863416, 0.9440624230384027, 0.9149130629489381, 0.9199928431846598, 0.9303084340569775, 0.9155767624583065, 0.9495620600850624, 0.9492757204946425, 0.908637972683299, 0.9462444907830544, 0.8321291631569978, 0.5929185921905061, 0.9282083720325209, 0.9333501825866648, 0.307362384993823, 0.8984970103188032, 0.9218087239345256, 0.7963877126925059, 0.9771492015035933, 0.7788632444293379, 0.5652424697473151, 0.3155573486825193, 0.7856327342086916, 0.7871198397261105, 0.7741897820557258, 0.9809559453289659, 0.9810361887012867, 0.6562770433421597, 0.6352142060445404, 0.7138370036352976, 0.26217947512648804, 0.6894441174085663, 0.7122396087844344, 0.7266341337032954, 0.7085523701008184, 0.695144602381477, 0.6654673018121583, 0.6432899821084483, -0.31139387842991734, -0.4456954464507209, 0.5805877763506094, 0.8596765256900183, 0.896260460233223, 0.8977231720989287, 0.8926695189709004, 0.7580172208950983, 0.8705533908839193, 0.8847986168693195, 0.8936138007635396, 0.7398659593883321], [0.999921142729175, 0.9997579088407468, 0.9858422823208587, 1.0, 0.9991837376684479, 0.989584740515367, 0.9978181102951588, 0.9957269391142922, 0.9961247532308483, 0.9792044512765206, 0.9933704354215224, 0.9958561301187526, 0.9952706658227588, 0.9957806751298416, 0.9959030379849653, 0.9970393375221858, 0.9985260750538789, 0.9964425877003572, 0.9964583678190163, 0.9965667663968623, 0.9958123045717518, 0.98667370868287, 0.970144502376095, 0.988771784375653, 0.9877068097750463, 0.9827019678978186, 0.9651698745460201, 0.9433254056097247, 0.9938158836409242, 0.9942930944131403, 0.9918678349105905, 0.9742457612429872, 0.9975474550002907, 0.9980028911759615, 0.9973737570414949, 0.9959882055028928, 0.9957356509362386, 0.9978941620127403, 0.9977138678083478, 0.9988418502637435, 0.9974775349932491, 0.9974884919987029, 0.9783044245992719, 0.9166059813774543, 0.746713479165621, 0.8983476042800463, 0.9011684450596277, 0.8309525731817282, 0.9652877415895358, 0.9409914884037105, 0.966417684718479, 0.9633262752981444, 0.9571811749251039, 0.9839094458134786, 0.9808421780812001, 0.9819434665233473, 0.9747234036990511, 0.9840502430337489, 0.9820160332176455, 0.9846149270317998, 0.9843949175063971, 0.949512265937569, 0.9647571528751507, 0.9693922463380921, 0.9690739558924398, 0.9365478181084997, 0.9740825536291694, 0.9695567973945582, 0.9798262726643986, 0.9789183635537942, 0.9058773687096668, 0.8542346795301815, 0.8192411604953056, 0.8727611851376695, 0.899361457032341, 0.8967126279244442, 0.8981832929131464, 0.8969882120207129, 0.5119725876812915, -0.5702374021491196, 0.9748306201119418, 0.9643015739580967, 0.9610249748962867, 0.9828626318100349, 0.9517564054558948, 0.9799771613404235, 0.9799611090867526, 0.9429119863369566, 0.9795505899175008, 0.9270495070689515, 0.6284371333855767, 0.8629018396512801, 0.9174720713449203, 0.37235991921077277, 0.9202120142401781, 0.9406255558945987, 0.8114085545092125, 0.9577687228089972, 0.889948591260769, 0.6535097883668679, 0.3919732185445911, 0.886706809390631, 0.8585636607785773, 0.8827862537731275, 0.9684570103992833, 0.9687534697561898, 0.7369855481224747, 0.7020222266833903, 0.8174596165792049, 0.3354321272290923, 0.7891121914741588, 0.8232186261599074, 0.8097072813890539, 0.8107687068486106, 0.745832884102446, 0.7403443588043295, 0.7202285690028581, -0.23112851917243837, -0.36984260075507425, 0.626402294129952, 0.8982772830730382, 0.9440925429473963, 0.94823010772052, 0.9186396992774404, 0.8257111146538416, 0.9154538399368378, 0.9370527640833626, 0.9369678124651065, 0.8660411720170033], [0.9988675039392014, 0.9974159672988879, 0.9926672599160672, 0.9991837376684479, 1.0, 0.9923245362024374, 0.9990337221653549, 0.9982303671271298, 0.9982883182504482, 0.9724876796854398, 0.9975272997351279, 0.9982799867369229, 0.9980499753465053, 0.9982653747333463, 0.9983337399685889, 0.9986007720558617, 0.9991938590746782, 0.9986690199448726, 0.9986698435258503, 0.9983572208685328, 0.9982637817227884, 0.9934615003605688, 0.9776944471371228, 0.9935524866682419, 0.9934732294434501, 0.9866038582283612, 0.979431759814018, 0.9464798886609085, 0.9903550972280628, 0.9925693654340958, 0.98957413582373, 0.9648751781843637, 0.9989395255525816, 0.9989709264501885, 0.9989588486274756, 0.9983840438484681, 0.9984892808524408, 0.9990598484292926, 0.9991146121307984, 0.9989607861888768, 0.9989230463537383, 0.9989209279388298, 0.9888075156535673, 0.9262839667529265, 0.7219267843662498, 0.9143966745256944, 0.9046830376116424, 0.8111644811555797, 0.9492343653890221, 0.9276352433307776, 0.9529650852764165, 0.9544186617625754, 0.9479989998745115, 0.9798164726405363, 0.9797379135697902, 0.9774199030677606, 0.9680915807478304, 0.9784542038316306, 0.9772086834135641, 0.9787709484115005, 0.9785024283325859, 0.9509890439718625, 0.9536883540329367, 0.949142837724729, 0.948743089302187, 0.9006156378572479, 0.9707227154342143, 0.9674453710387751, 0.9744582944647886, 0.9734803081384602, 0.929148591096043, 0.8279094677309835, 0.7801014225415441, 0.853610737618047, 0.9009039339418188, 0.8810189166005085, 0.8901602454112443, 0.8890282233629496, 0.6691984283198579, -0.5932249518333097, 0.9669345975129372, 0.9509697041654667, 0.9491784497235077, 0.978656863575905, 0.9342502870911675, 0.9716674884853213, 0.9712067892240793, 0.9309663272757258, 0.9738091747094417, 0.9353967186843087, 0.6140133354763968, 0.886719465722579, 0.9391024037801399, 0.282363392947975, 0.8963884584141061, 0.9233114812481927, 0.8048050924064917, 0.9639345061918743, 0.8781790388742415, 0.5038836454879022, 0.26440668648069887, 0.8652829393424291, 0.8175631100437872, 0.8668349734116736, 0.9729451583095238, 0.9731788235235289, 0.6889358507480942, 0.6815276197489747, 0.7297344830925132, 0.308787620297845, 0.6681774271508711, 0.7392678033831561, 0.7148700509804778, 0.6947567912821734, 0.7286323373745627, 0.7220347648335853, 0.700906224543819, -0.4573544528809346, -0.5327346886997417, 0.6135201577031792, 0.8905082141866396, 0.9277231549118035, 0.9392958025731594, 0.9146192809535718, 0.8007432296188443, 0.8968742694219003, 0.9208120131270353, 0.9202685139802322, 0.7990384057810055], [0.9886621236504837, 0.9903573452577192, 0.9897486683907333, 0.989584740515367, 0.9923245362024374, 1.0, 0.9889871321333472, 0.9888912830186097, 0.988343271933093, 0.9649687436049869, 0.9789101679905002, 0.9888484970880969, 0.9899397030378891, 0.9889519428919166, 0.9890508148120221, 0.9918883394711056, 0.9901036061262418, 0.9897913746261098, 0.9897536722290636, 0.9877236680821502, 0.9888673122909477, 0.9961325602651421, 0.9910070547316623, 0.988544774983896, 0.9882923694125585, 0.9670824416327017, 0.9842833606328621, 0.9652292890691268, 0.9738361056260015, 0.9774282049836011, 0.9856188853701261, 0.9722043553739116, 0.9889744101302828, 0.9891361743774076, 0.9899310627033104, 0.9898395482295804, 0.9818265097625885, 0.9898417953058216, 0.9893181173557742, 0.9892350983971288, 0.9890715168104695, 0.9890346567288919, 0.9944391777551714, 0.8806291844642781, 0.7287516256784886, 0.8742815670581789, 0.9020702174424412, 0.8372983127956014, 0.9369106990196463, 0.9127624710732362, 0.9386204826887331, 0.945504367685083, 0.934803106468582, 0.9633178792069362, 0.9677261442458217, 0.9672224152806237, 0.9786607178371297, 0.968376310438284, 0.9800849165120578, 0.9683120270673395, 0.9677691509230851, 0.9662736452382011, 0.9585450999224558, 0.9430874116084961, 0.94257686376099, 0.9286912619547502, 0.9770117179945581, 0.9693838843552588, 0.9682684791435495, 0.9666108896340315, 0.9471758889389198, 0.8532294006363046, 0.8050861352739161, 0.873549550278509, 0.8936340876058755, 0.9008688155076437, 0.884382842556592, 0.8824520075673302, 0.6365261191541628, -0.5343068927795418, 0.9736364583718718, 0.9686544163043957, 0.9654485983445087, 0.968421333975544, 0.9491187074128591, 0.9741662705704972, 0.9738566055358685, 0.9528506144391689, 0.9637234839360393, 0.9525559741791341, 0.6287104027350761, 0.8236646963148214, 0.9345835916225127, 0.37686766900532975, 0.9094546715658435, 0.9283162404401194, 0.8074070994601243, 0.9542230424769376, 0.8477705240736396, 0.6048970841424991, 0.37514504555334355, 0.8449314588879702, 0.8202220357974083, 0.8421061457298287, 0.956609553328237, 0.9567626058785741, 0.701227319156224, 0.6829708758318275, 0.7629735066568673, 0.3359041095792646, 0.7427540536206234, 0.7710164252973783, 0.756713368547225, 0.7589850849972911, 0.7339889433282897, 0.7127976626864942, 0.6947476233539418, -0.2618731549162669, -0.38835049914168807, 0.6588594845524335, 0.8870208488226423, 0.9049401291044883, 0.9131334050812567, 0.901479815394455, 0.802082047768488, 0.8738054405622325, 0.8965416072934644, 0.8964279802107722, 0.8414249358688535], [0.9974629905803983, 0.9927332879183776, 0.9906836949995934, 0.9978181102951588, 0.9990337221653549, 0.9889871321333472, 1.0, 0.997104223808219, 0.999520917169538, 0.9717556330929455, 0.9994039423439854, 0.998096134565046, 0.9990578221522718, 0.9989997433451552, 0.9987718341487933, 0.9981214828270984, 0.9998765717207239, 0.9992394185811049, 0.9992461289019009, 0.9996430977584824, 0.9992082514344379, 0.9906312224832152, 0.9743474832588455, 0.9838581713369982, 0.9923564211315693, 0.9858063092807449, 0.97138683023818, 0.9418969715224725, 0.9923800817960389, 0.9917387947430749, 0.9929269603088876, 0.9709512544308461, 0.998805626055037, 0.9998140216216442, 0.9996447402361991, 0.9993831530416654, 0.9996434689961958, 0.9998453352359546, 0.9978714459592308, 0.9994723722014577, 0.9992599341214865, 0.9988604756646638, 0.9833024705190426, 0.9315602783224599, 0.7368291899721267, 0.9275083354602576, 0.9148916394395801, 0.8017504271701484, 0.9597078704852202, 0.9403078972466018, 0.9616956988194206, 0.9584869626725202, 0.953082852534252, 0.981921126377982, 0.9799300042565308, 0.9392278727294994, 0.9537525554107761, 0.9680465496236585, 0.9682392332585811, 0.9699163123439644, 0.939625318140308, 0.8874455657602461, 0.943331229399334, 0.9543209839481861, 0.9311615253259748, 0.8736262512632509, 0.9593884706281732, 0.9283287546701354, 0.961471386218884, 0.9395332776646083, 0.7279592890934549, 0.8225042187603059, 0.7525650193501772, 0.8395819622054278, 0.8685900648341263, 0.8721977084942293, 0.8523060655043638, 0.864880766808516, 0.24668776643120163, -0.6055388336062145, 0.9570183037256432, 0.9335540158017416, 0.9340758749617473, 0.9417791356854925, 0.9334051623694927, 0.9653164772070634, 0.9654322435508342, 0.9213757852519388, 0.9614635188191905, 0.8165757152657005, 0.6096273887521663, 0.8876210506231044, 0.9173040482304493, 0.35261269989820176, 0.9174936691927721, 0.9391314330015413, 0.8052865498039099, 0.9636420704483284, 0.8310941828854325, 0.6406131173194669, 0.3739148554611945, 0.8431445436214456, 0.8366031635748358, 0.8288045636965875, 0.9731318060214946, 0.9734282259245162, 0.7223576112123091, 0.6775768640355698, 0.78290790957411, 0.3037998323261703, 0.7655137950050704, 0.7929251295569557, 0.7837801879367825, 0.7891988295110323, 0.7240455266334359, 0.7264823208979803, 0.7045156479991751, -0.2505948028830912, -0.39648098145579797, 0.6325831624948125, 0.8915975942292227, 0.9305018076788536, 0.9458643482204071, 0.9175772730534983, 0.8234452029180359, 0.9146828156067262, 0.9365756180345184, 0.9359166606002679, 0.7745894510900111], [0.9951846441309611, 0.9881656204367414, 0.9910702307168702, 0.9957269391142922, 0.9982303671271298, 0.9888912830186097, 0.997104223808219, 1.0, 0.9999840493325719, 0.9656328280197989, 0.999631305831704, 0.9999968638120009, 0.9996567526205902, 0.9999978072810536, 0.9999813562853861, 0.9964098606397448, 0.9991112148087029, 0.999885226135461, 0.9998848072624974, 0.9999556951415879, 0.9999942457514911, 0.990774351480779, 0.9752601802070521, 0.9916134920751246, 0.9928555582478479, 0.9825913338595901, 0.9735379556979404, 0.9403702060739947, 0.9886841499076235, 0.994289270101641, 0.9915544271289111, 0.9675005811462846, 0.999424999777564, 0.9994818638570665, 0.9996064648368624, 0.9996790261312615, 0.9987298037692935, 0.9993942483022727, 0.9991026562161924, 0.9980869230151214, 0.9994948580922683, 0.9993547126462794, 0.9846989937956653, 0.9320459127246955, 0.7235757289952919, 0.9343194705386191, 0.912305396415549, 0.7795163398791944, 0.9582683115405521, 0.9353332054578801, 0.959827008426601, 0.9519968243413146, 0.9465826911219226, 0.9799629000316605, 0.9766545407144881, 0.9332974166146562, 0.9473099763460718, 0.9598126838246227, 0.9639341975270693, 0.9622047417070644, 0.9375957652636868, 0.8759428251581258, 0.9368547997159046, 0.9461504959139231, 0.9249440464216827, 0.8576877032786815, 0.9554905310870793, 0.9204985050313123, 0.9545530153699753, 0.9339917780289857, 0.7103885356803353, 0.8118962809236029, 0.7474181705262283, 0.8288987653872038, 0.8592016992730245, 0.865729320671895, 0.8468737623221834, 0.8563595734836685, 0.22511392817113812, -0.6117414306744127, 0.9511764886442553, 0.9228645839721299, 0.9251098892100091, 0.939484490661497, 0.9253448131623806, 0.9596603202677991, 0.9597896039525987, 0.9135592760987831, 0.9527114778630241, 0.8006587850655615, 0.60448465625381, 0.9099957766923976, 0.9302634097976852, 0.34149785351042883, 0.9166428291572873, 0.938612274349826, 0.802434317718556, 0.9685408184701915, 0.8351871630309904, 0.6264564474084788, 0.35984511085981274, 0.8446867069439294, 0.8336177217203649, 0.8325196355970715, 0.9762820440992067, 0.9765784501877811, 0.7120459806644498, 0.6682692749378275, 0.7851539780281188, 0.2882854984662036, 0.7603702926976629, 0.7887284653266569, 0.785325393188111, 0.783760109889595, 0.7163233206388046, 0.7198884071566792, 0.6972067979952405, -0.26813984583634337, -0.41309692521890806, 0.6129644325352783, 0.8828398698711715, 0.928345775008374, 0.9381351988143197, 0.9110447833467618, 0.811767011584995, 0.908166135391255, 0.9302626076960079, 0.9298660504361305, 0.7538816640284478], [0.9954836669689319, 0.9882057902021435, 0.994356111560264, 0.9961247532308483, 0.9982883182504482, 0.988343271933093, 0.999520917169538, 0.9999840493325719, 1.0, 0.9649272203371697, 0.9996302431209951, 0.9999812729199357, 0.9998328932266436, 0.9999898037960149, 0.9999963107731846, 0.9989763522518847, 0.9991056818113448, 0.9998196099198439, 0.9998183609757225, 0.9999663403210318, 0.9999817912506088, 0.9936561840817475, 0.9763734203338815, 0.9949063424352694, 0.995062756577078, 0.9826327658297178, 0.977708487392065, 0.9414093649325085, 0.9892050914122659, 0.9933239465856232, 0.9885450961529456, 0.9628559688020657, 0.9993404553777262, 0.9994221137191399, 0.9994206496272875, 0.9998338012240297, 0.9987408810532913, 0.9993844825325102, 0.999322860332823, 0.9980796961925976, 0.999333888454284, 0.9993266724747972, 0.9890287689765621, 0.9320785648105657, 0.7244018078037989, 0.9343102160100183, 0.9123759395727751, 0.7797402856021625, 0.9454961352737897, 0.9227563379186648, 0.9487646914225105, 0.9493674330002668, 0.9438154326355354, 0.9772969295625047, 0.9767753932292125, 0.9658431939018675, 0.9478342176354702, 0.9667933607971538, 0.9640508323160324, 0.9672124956516251, 0.9668548394333184, 0.9371260043808187, 0.9361969878327319, 0.9377294174273547, 0.9372950261515244, 0.8879581084618167, 0.9559080045250525, 0.9570440344399418, 0.9634004767402027, 0.9621449813121788, 0.9149576678909009, 0.811146786930304, 0.7575336535428354, 0.8282833255464179, 0.8808043725548852, 0.8639889583773186, 0.8718420345597889, 0.8707699826934657, 0.613165094999761, -0.6281738886361614, 0.9511632146305695, 0.9228984213640933, 0.9252088222333398, 0.9672861470923224, 0.9171964964466558, 0.959194014370598, 0.958645590689882, 0.9144894709849682, 0.9616011886300435, 0.9192388658957746, 0.602652702000243, 0.9097764369577814, 0.9448700021058132, 0.2921593956880773, 0.9023286409418317, 0.9286343980573268, 0.8015119420184297, 0.9672295184456076, 0.884948682000216, 0.5315605120224315, 0.28484631322402404, 0.8726142685891406, 0.8259469058920408, 0.8747596816674826, 0.9762389751289035, 0.9765209312518802, 0.7099337777655018, 0.6654769438794438, 0.7464270243152172, 0.28596793218774175, 0.6865775247255401, 0.755209036544942, 0.7327492929991261, 0.713529963175606, 0.7139599771912944, 0.7167267988182859, 0.6940150971075338, -0.5076230097145039, -0.5845042029775396, 0.6132179124830532, 0.8817138921109579, 0.926964979678565, 0.9394776883720559, 0.9100595112008344, 0.806682048130597, 0.8969734438845972, 0.9201147799488039, 0.9195475477577195, 0.8082718836016539], [0.9795145043038307, 0.9665455999712832, 0.9540589223351799, 0.9792044512765206, 0.9724876796854398, 0.9649687436049869, 0.9717556330929455, 0.9656328280197989, 0.9649272203371697, 1.0, 0.9500976678905867, 0.9660333875762817, 0.9649319288116741, 0.9657575457015025, 0.9653070276630873, 0.9668153429063135, 0.9747489197907708, 0.9703034468884699, 0.970324157500548, 0.9658103519685896, 0.9658944104964511, 0.9655889832298521, 0.9525308715569492, 0.9727451579879416, 0.9705921583783432, 0.8889773571457869, 0.9691905322630487, 0.9507995633604797, 0.9756501881555649, 0.9696915900736717, 0.969711851251634, 0.934760806671643, 0.9741594371364581, 0.9737172418767747, 0.974200380776999, 0.9661857487350055, 0.9581460987231123, 0.9731751184115982, 0.9739917094475736, 0.9783923099544684, 0.9743499585019294, 0.9743755083432839, 0.955822086399958, 0.8436068484609546, 0.5439130598582994, 0.7883780589616016, 0.8900172554568574, 0.8752401957833889, 0.901836280138524, 0.8268029039364955, 0.9063554976789796, 0.9154874395546772, 0.9034541128132341, 0.9322306324358675, 0.9320816792433814, 0.943657046294411, 0.9350981684044746, 0.954315704002264, 0.9477834270448228, 0.9526231184141268, 0.9526425640759602, 0.9120615526401286, 0.9523993336190404, 0.9370985923150433, 0.9367961953892284, 0.8568402024579496, 0.9353001346191491, 0.9433791790202662, 0.9366561293015381, 0.9355976345839021, 0.8861682904812348, 0.818936459509513, 0.7749425199399519, 0.8626267864156624, 0.9147944903897544, 0.8862105445322639, 0.9005451244897273, 0.8998075639884351, 0.709235410052904, -0.3129641008492852, 0.9529469940123477, 0.9533587157050207, 0.9458223911719839, 0.9454865508278602, 0.9079801783696103, 0.9542153233838283, 0.9541363453381023, 0.9011295673387472, 0.9562394419332053, 0.90625705097386, 0.7095378740259284, 0.6786952952257785, 0.8641007520496724, 0.2707351731484142, 0.851848327101732, 0.8891350814510054, 0.8740815863531304, 0.9492204110932929, 0.9056693505233019, 0.42894518498390566, 0.33152404909497984, 0.897826517549443, 0.8738928887129938, 0.9042635240787106, 0.9495021357923448, 0.9498481718407493, 0.5398821234479672, 0.7043543380860229, 0.6102017148184358, 0.485426966095657, 0.574524688891501, 0.630725667587851, 0.5913167663139085, 0.5668337744680535, 0.8062231651099167, 0.6835463588096184, 0.6482074503489246, -0.2799699164746418, -0.3277697809192874, 0.7502071300423155, 0.9172742963314665, 0.9236742344043929, 0.9112575657498758, 0.9422800383244235, 0.6591245555803461, 0.8427142483780345, 0.909916804551508, 0.9090535278910515, 0.6918976370438464], [0.9918347547222086, 0.990710919205896, 0.9968907081565911, 0.9933704354215224, 0.9975272997351279, 0.9789101679905002, 0.9994039423439854, 0.999631305831704, 0.9996302431209951, 0.9500976678905867, 1.0, 0.9996614287128701, 0.9996383177956857, 0.9996465019911657, 0.9996526378595507, 0.9993957621649264, 0.9987921621618057, 0.9999532948510557, 0.9999522291367833, 0.9996454569082505, 0.999652850958107, 0.989626988428374, 0.9555208825801886, 0.990777329252626, 0.9919621912724452, 0.9874079307049094, 0.9688569576092604, 0.8908416055416781, 0.9883417459346737, 0.992189702025127, 0.9716417453646428, 0.8935828534596334, 0.9991256223718882, 0.999196936691494, 0.9991216901021721, 0.9994435901058585, 0.9993814450896321, 0.9991447461219777, 0.9990005027906997, 0.9968757175328239, 0.9990948730392066, 0.9990869732897523, 0.9893251571573155, 0.9260074722583757, 0.5780041373472523, 0.9295343441656599, 0.91155254880586, 0.7842903819633108, 0.8597506683479684, 0.8907812376170546, 0.8653664964068409, 0.8750551147991271, 0.8566064983328561, 0.950078029355483, 0.9499897802536399, 0.9480001343389496, 0.950506420058139, 0.9393612559798046, 0.9414876078594623, 0.9440498902101829, 0.9438423322963767, 0.8916491702715701, 0.9035143337838358, 0.8595348064114517, 0.8593129864237395, 0.7327969421021652, 0.9439086871223895, 0.9475154551093885, 0.947712896375474, 0.9469835855019995, 0.8930781383728132, 0.5789292747937299, 0.5140138094187046, 0.6773278980573058, 0.7847467609534239, 0.7074792659411058, 0.7486138380011312, 0.7474068397416029, 0.5031646472134966, -0.4018245483135602, 0.9162944768255615, 0.9270089297570044, 0.9159332116806954, 0.9495624599448199, 0.8713731097471864, 0.92261652084006, 0.9212884241321253, 0.8482868849271019, 0.9272379621752742, 0.8563765411020727, 0.48605675622506234, 0.9058964890290038, 0.9018161646430772, -0.05381867165072513, 0.6681814925424386, 0.7582412532186897, 0.6403660960105589, 0.9693281764304296, 0.6563126778503564, -0.1606023637154645, -0.11601041539759811, 0.6277152849727349, 0.6331208955244981, 0.6748853491053501, 0.9706478807585772, 0.9707011433589255, -0.03576743437200669, 0.1887874071671689, 0.03408176672918716, 0.013134123749695132, 0.039956888505526936, 0.05913179123095555, 0.026074944353454258, -0.02139303833613292, 0.38312145516854623, 0.11835971107643743, 0.06685955571373975, -0.5253938191773667, -0.5568574456810158, 0.6133483299024314, 0.7359257324663102, 0.7597555191515266, 0.8252117422915839, 0.8223758153386193, 0.510410004819358, 0.7212198705733711, 0.7568210109238077, 0.7555145333167012, 0.4013514199352946], [0.9953318614367062, 0.9884284952540616, 0.9909713638219917, 0.9958561301187526, 0.9982799867369229, 0.9888484970880969, 0.998096134565046, 0.9999968638120009, 0.9999812729199357, 0.9660333875762817, 0.9996614287128701, 1.0, 0.9996422109295389, 0.999997638902841, 0.9999842173449217, 0.9970551922018441, 0.9991709820506399, 0.9998968435405651, 0.9998966502159976, 0.9999635906022393, 0.9999947872312334, 0.9906911089820779, 0.9751468686104807, 0.9922662527600413, 0.9928207243960258, 0.9828096170843289, 0.9733811016452798, 0.9404073816657332, 0.9895664938235449, 0.9943406497581455, 0.9916251009300711, 0.9676451001329249, 0.999467066860707, 0.9995261709171679, 0.9996401178724424, 0.9996813052784957, 0.9988233032574981, 0.9994405868241555, 0.9991414045898714, 0.9981817099554161, 0.9995382908363404, 0.999397773863478, 0.9845163663727542, 0.9323245198658148, 0.7242812700370904, 0.9342429509676049, 0.9125871012085954, 0.7807233776439823, 0.9585839648373854, 0.9357467473478022, 0.9601513323856957, 0.9523663732044593, 0.9469728955971484, 0.9801976634540964, 0.9768373618024278, 0.9336425249442378, 0.9475607941483096, 0.9601579426026704, 0.9641205523252822, 0.9625415496692437, 0.9378780354437236, 0.8762066217650172, 0.9371910834687667, 0.9466053984877416, 0.9254017672399095, 0.8581921283893017, 0.955623640575643, 0.920767793508996, 0.9548230237359278, 0.9343168282327788, 0.7105866416462111, 0.8124496486195387, 0.7480051883861506, 0.8294443166718698, 0.8596121519517242, 0.8660552152651265, 0.8473346136763603, 0.8568452421304212, 0.22552983247743494, -0.6115954578644043, 0.9514497341832999, 0.9233660462139133, 0.9255146695272227, 0.9397500180754081, 0.9256998512364651, 0.9599323306926237, 0.9600613022309586, 0.9138543304075609, 0.9530821298922092, 0.8009934880955873, 0.6047396719614175, 0.9089854515337648, 0.9297126204320968, 0.34202626921904933, 0.9167115351547032, 0.9386764628391203, 0.802736282048317, 0.9683664477316446, 0.8356182913876821, 0.6274451855820886, 0.3607633216291518, 0.8451430948431281, 0.8341499619390617, 0.8329369008974106, 0.9761954148763252, 0.9764917156897457, 0.7127120088795824, 0.6689109730996494, 0.7857146075198097, 0.2892010157219072, 0.7610546090388774, 0.789394317148877, 0.7858878380037966, 0.7844562499514888, 0.7167525280810727, 0.7203492252640821, 0.6976983861831983, -0.2670789066681755, -0.4121326022172946, 0.613607748802818, 0.8833538166537894, 0.9287459424187797, 0.9386276575611544, 0.9114907456749418, 0.8123148664703818, 0.9087025251676663, 0.9307868218369524, 0.9303764859292643, 0.7545482294885729], [0.9945343618227069, 0.9882369847456581, 0.9929143233687787, 0.9952706658227588, 0.9980499753465053, 0.9899397030378891, 0.9990578221522718, 0.9996567526205902, 0.9998328932266436, 0.9649319288116741, 0.9996383177956857, 0.9996422109295389, 1.0, 0.9996787941433514, 0.9996636330159633, 0.999095389737072, 0.9986445487526767, 0.9994610921910485, 0.999453954314591, 0.999658483880895, 0.999632497911536, 0.9926895158048238, 0.9767431239317982, 0.9956435656251322, 0.9955340888843403, 0.9826320554944153, 0.9762019762844161, 0.9429221807363489, 0.9887248385458183, 0.9923323388802104, 0.9907044808483878, 0.9652108878308363, 0.9987533147830299, 0.9990598865497913, 0.9992582201306949, 0.9999211164133666, 0.9987668796882535, 0.9990239256690798, 0.9985767368826137, 0.9973761890163575, 0.9987442458006431, 0.9986679814078836, 0.9884580473841533, 0.9322910662166888, 0.7202166797832894, 0.9343698577739387, 0.9124852700291245, 0.7799932813986998, 0.9542563483041498, 0.9286925182874184, 0.9551942226938017, 0.9489207639871422, 0.94296542907624, 0.9766394292872268, 0.9747366897537819, 0.9573360655808434, 0.9472109079371804, 0.9604176209840803, 0.9632867177391423, 0.9623323976750521, 0.961691952588175, 0.8802900752274, 0.9340588932294764, 0.9449089344313351, 0.9446768724043494, 0.8561948776085847, 0.955886034954495, 0.9327632518047799, 0.9567110120900326, 0.9553676419790219, 0.7149031029022233, 0.8092388638160353, 0.7720423952679486, 0.8268950688962078, 0.8610588381289187, 0.8650508393932953, 0.8554074798760317, 0.8558386657616895, 0.20954725436729435, -0.6061469432522303, 0.9504348657137027, 0.9230268690235117, 0.9243473582116037, 0.9603358425860071, 0.9247402275702995, 0.9586055325514156, 0.9586919656952264, 0.9134203644259163, 0.9534008720245775, 0.8077784448929444, 0.6052099434078934, 0.9095673679487717, 0.9302813309915737, 0.3383493530276451, 0.9146314494412308, 0.9369307552932103, 0.8037416141144486, 0.9711021591319257, 0.8293676926066429, 0.6193248536659383, 0.3555162075953225, 0.8362695084911682, 0.8287990963867637, 0.8247019258947395, 0.9781693627591247, 0.9784198039239205, 0.7034159846556285, 0.6633421180594952, 0.7644127938543728, 0.2888925163152815, 0.7509831457398325, 0.7779999807749517, 0.754525805684762, 0.7733300921054987, 0.7143719661261501, 0.7099701841730072, 0.6875825842773233, -0.2739065851511469, -0.4173505003440814, 0.6131645438621882, 0.8811235419016455, 0.9302325211261226, 0.9341181764358978, 0.9106737789943282, 0.8044049097413434, 0.9023220404042693, 0.9237393656969627, 0.9239902116416546, 0.748604711930725], [0.9952401969386772, 0.9882883672330511, 0.9911322256840318, 0.9957806751298416, 0.9982653747333463, 0.9889519428919166, 0.9989997433451552, 0.9999978072810536, 0.9999898037960149, 0.9657575457015025, 0.9996465019911657, 0.999997638902841, 0.9996787941433514, 1.0, 0.9999883236405173, 0.9986148527558955, 0.9991327579096635, 0.9998889092180785, 0.9998881656520326, 0.9999577693468151, 0.9999920833990465, 0.9908138507754749, 0.9753144073190365, 0.9941287376093368, 0.9939796420203375, 0.9827193310105128, 0.9735820861609624, 0.9405558599828299, 0.9920420426734046, 0.9946599122157352, 0.9914969967376415, 0.967398129307052, 0.9994412655914555, 0.9994870091969442, 0.9996168324941156, 0.9996981162148807, 0.9987735146521786, 0.9994055952744106, 0.9991699776198978, 0.9981101517733497, 0.9995087831538396, 0.9993718403857804, 0.9846800632899165, 0.932147358321811, 0.7236666023285827, 0.9343385904717535, 0.9125139544757719, 0.7800908382310897, 0.9583788325973325, 0.9355117947035763, 0.9599744629637268, 0.9519659620065866, 0.9465271939594034, 0.9800128494236884, 0.9766182371127579, 0.9336598608298439, 0.9474455196384125, 0.9600145538068826, 0.9640030342432306, 0.9623896522785879, 0.9372941070643491, 0.8761869288353304, 0.9366955822707036, 0.9462287792814204, 0.9252047009805805, 0.8578273529753626, 0.9556576655944659, 0.9209242019488726, 0.9548010363787813, 0.9343719241487377, 0.7107919578206946, 0.8118385215683233, 0.7477295836010611, 0.828886969955107, 0.8593964606696879, 0.8656975196596797, 0.8470535083669574, 0.8565565328417669, 0.22548623886338934, -0.6114440158213301, 0.9512437150865835, 0.9231006775552604, 0.9253023659945805, 0.9374739030962842, 0.9255607438859343, 0.9597376825047585, 0.9598636327180496, 0.9137391853374371, 0.9529134725027267, 0.8009637718823603, 0.6045407882557304, 0.9095141123564234, 0.9301050942466803, 0.34151205276800534, 0.91650688293094, 0.9385060604948858, 0.8024404220703087, 0.9685578054081949, 0.8352544126599452, 0.6263392684336013, 0.3597711113375097, 0.8447377437292954, 0.8337905890216584, 0.8325797027188351, 0.9763353194777084, 0.9766278303448849, 0.7115891774926068, 0.6678567729157021, 0.7851629338579235, 0.2886103472526167, 0.7603691085066272, 0.7886698537572305, 0.7855269305450809, 0.7836768181797048, 0.7162213350790337, 0.7190495775003483, 0.696404169959947, -0.2679250975257088, -0.4128779780774401, 0.6133326764544816, 0.882771729581504, 0.9285101746257237, 0.9382188698031269, 0.9111122669046794, 0.8115833832989173, 0.9084213764759171, 0.9303416544980109, 0.9300627954394882, 0.7540203769839376], [0.9953852756526881, 0.9883867347216594, 0.9910455442625059, 0.9959030379849653, 0.9983337399685889, 0.9890508148120221, 0.9987718341487933, 0.9999813562853861, 0.9999963107731846, 0.9653070276630873, 0.9996526378595507, 0.9999842173449217, 0.9996636330159633, 0.9999883236405173, 1.0, 0.9986140787069839, 0.9991810579559399, 0.9998851986224412, 0.9998852128646677, 0.9999565184476108, 0.999977298690342, 0.9907323068345164, 0.9753414571093327, 0.9925917730646668, 0.9926296290244843, 0.9828561350644941, 0.9733312016324488, 0.9405697489352929, 0.9920826470351862, 0.9942498169535037, 0.9913429093876112, 0.9672930127714925, 0.9994820685122355, 0.9994728049126409, 0.9996026293098417, 0.9996887046812477, 0.9987933843337954, 0.9994105909752798, 0.9992011998619942, 0.9981707625896353, 0.9995410123160395, 0.9994182632498815, 0.9844604540202518, 0.9320139817813271, 0.7243682360304042, 0.9341657046032542, 0.9124984417743738, 0.7804279366074585, 0.958925699325292, 0.9366099313466407, 0.9605780850185385, 0.952131900899886, 0.9466638078418661, 0.9804926491993247, 0.9767966309080535, 0.9345443892014756, 0.9479775496953083, 0.960471715586974, 0.964225987146308, 0.9628519178562935, 0.9386426931412929, 0.876521698136478, 0.9363754745366019, 0.9465863438403366, 0.9259576799876942, 0.8578810700601329, 0.9561258536590064, 0.9216738885666202, 0.9553959206438731, 0.9352990367295666, 0.7109876633700134, 0.8114557675951862, 0.7488793467012389, 0.828574673870621, 0.8595479816535498, 0.8653524936357954, 0.847693139583852, 0.8569626722333022, 0.22538308676579147, -0.6111709527289876, 0.9513617104533187, 0.9233091837756473, 0.9255395548114991, 0.9405759397372214, 0.9261925435561362, 0.9599450701818251, 0.9600670402586181, 0.9142145714790353, 0.9533367603059807, 0.8011818277119087, 0.6032686067522001, 0.9093149113357365, 0.9298445726308084, 0.3410360108091381, 0.9160414043864507, 0.9381018014074566, 0.8015456550586063, 0.9682203025538435, 0.8362261402412511, 0.6255650332593797, 0.3587391900561992, 0.8452580597840496, 0.8342441821434641, 0.8333181243996185, 0.9761429865140089, 0.9764250988138743, 0.710279854115981, 0.665847251457042, 0.7862102911935586, 0.28698626916682257, 0.7606231162408182, 0.7890277289208921, 0.7867644658029814, 0.7838579525130276, 0.7148244128406401, 0.7169312050643551, 0.6942687386819428, -0.2673772273236177, -0.41244889472804486, 0.6134071465764439, 0.881923486850308, 0.929073004928392, 0.9386972231209745, 0.9103819289565283, 0.8117640130884981, 0.9094174237345061, 0.930891145549205, 0.9307730977413387, 0.7539200318611946], [0.9965128015639766, 0.9933122836914721, 0.9916306140825428, 0.9970393375221858, 0.9986007720558617, 0.9918883394711056, 0.9981214828270984, 0.9964098606397448, 0.9989763522518847, 0.9668153429063135, 0.9993957621649264, 0.9970551922018441, 0.999095389737072, 0.9986148527558955, 0.9986140787069839, 1.0, 0.9989234693600042, 0.9989691798405066, 0.9989656890790772, 0.9987893895729756, 0.9985062513254981, 0.9922199087355382, 0.9779955893722785, 0.9834532489275005, 0.9899099316148731, 0.9887225470564424, 0.9753490403998484, 0.947935433780832, 0.9931362502070282, 0.9930419959916541, 0.9903896036164904, 0.9674167972290454, 0.9987904174249846, 0.998730505788737, 0.9989408172520808, 0.9986321499658082, 0.9993772257438905, 0.9988694364786559, 0.9989106979092227, 0.9979988612962414, 0.998672593716715, 0.9987396378043331, 0.9833952258716572, 0.9253636138054308, 0.7298141529622835, 0.927514385871148, 0.9151188901011512, 0.7978387236122948, 0.9621646139770307, 0.9405682323030456, 0.9642001791782712, 0.9520531135329072, 0.9452253007716205, 0.9810223190472998, 0.9762383404687257, 0.9470018754952564, 0.9570981605821847, 0.9672629494841666, 0.9686937031578418, 0.9687892849111455, 0.9500509605982408, 0.8882807335862896, 0.9401956748178741, 0.9513863377255767, 0.9367386966693197, 0.8686288270480105, 0.9623850761824899, 0.9350243520030278, 0.962865967984828, 0.9477608977907716, 0.7285131175007583, 0.8190488303972328, 0.7662756864547566, 0.8373837187143907, 0.8718733758802707, 0.8723944238060997