var element=document.getElementById("correlationClose");if(element.style.display!='none'){var correlationClose={"data":[{"type":"heatmap","z":[[1.0,0.9999836973071112,0.5788214216066158,0.9997048461190512,0.9975236379623119,1.0,0.9909962473836684,0.9866377999796744,0.9916552421299777,0.9733582869973144,0.9826475356492332,0.991040192605978,-0.12523276681937687,0.9911042568835766,0.9731019662700652,0.9688617582243396,0.4387199414443022,0.9920983086502901,0.9920843407231457,0.9840846835039837,0.9910280017038124,0.44692564811525815,0.6720176295361956,0.9782415623418401,0.9782190440722204,0.9622011505912385,0.3134515739618242,-0.12008799784592061,0.9898102305369734,0.9897702453453814,0.28100531859337335,-0.19902359448501966,0.9938643943737921,0.9947135043367332,0.8145561410975546,-0.3881770171940542,0.9879204890442702,0.994493489947896,0.9746812028947573,0.42087622489066584,0.9940463377221761,0.9940332190013584,0.9940463377221761,0.8881269601803699,0.6680890806961033,0.8698642176572736,0.8832836193503938,0.792540802605045,0.38629377866191406,-0.13650576150912117,0.19185487099233398,0.945254405184081,0.45496930276341585,0.9767991875893437,0.9711026988070314,0.9161837918914058,0.9136127829670101,0.9340709893581882,0.9107119285414124,0.9309133426200444,0.9316889044301425,0.9309133426200444,0.8475358014622271,0.9074366833293983,0.9085369013933261,0.9074366833293983,0.8983130646820068,0.7387234191620877,0.8729508974761258,0.8745614386081478,0.8729508974761258,0.6235774991609258,0.31200937579149707,0.6007988028720361,-0.5922559947926388,0.4978089148294757,0.5490783584458778,0.5503809993220296,0.5490783584458778,-0.10310564301479126,0.8855979725152813,0.9176695224008896,0.8994894497153489,0.9176790806240143,0.4326615236626723,0.8825597127014815,0.8837372127172453,0.8825597127014815,0.8915263186674426,0.8915263186674426,-0.15601894044052986,0.5596283629054772,0.19321860230326623,-0.5713392965514094,-0.565154791240317,-0.5687636395681342,-0.046821727577264285,0.06424305234882337,0.2556402281309681,0.1257019348116509,-0.3995346355650416,0.050451610889386225,-0.793201910524931,-0.21596730413498222,0.1281027030850651,0.12827168402719866,-0.5444050313207472,-0.6035922672608345,-0.2179990256841107,-0.49042426305086523,-0.8285046254078036,-0.35416859381900834,-0.34535754841217337,-0.35416859381900834,-0.18706144171639444,-0.2631069727401322,-0.2631069727401322,-0.8167929371081561,-0.8167929371081561,0.3991253408080777,0.6557554238461814,0.8718398778373618,0.850829990646918,0.7874639842102151,-0.2548936192043128,0.7654910817246563,0.8058968121390321,0.8061353282596956,0.8058968121390321,-0.23508049951593982],[0.9999836973071112,1.0,0.9705095366102298,0.9992448628286902,0.9939855144981234,0.999983697307111,0.9787659409528812,0.9701391083077184,0.9785580474766907,0.9597311169595876,0.9806656832866532,0.9788168564757392,0.9787786272081904,0.9786043060996032,0.8795371197776688,0.8648164288442552,-0.2818134369487159,0.984009057834204,0.9839809538190446,0.9788778770509146,0.9788694467216689,-0.13751606802627664,0.9692763476284282,0.9721464684242429,0.9722155110218353,0.9624415026579182,0.05752380619186942,0.1538960513628609,0.9763359435662032,0.9763952350429117,0.9717382383909305,0.14898766495452717,0.9879102529446326,0.9879817664646191,0.9887392433884341,0.9808390430455761,0.9863920015287014,0.9879601545655782,0.8779096623514455,-0.2882643633975753,0.9888097470663153,0.9887915141287299,0.9888097470663153,0.8880704420466126,0.5435787594323029,0.869978449559428,0.8831275483224571,0.7918296265427002,-0.4328596641245405,-0.5446792615207705,0.827323889000313,0.8563446532792228,-0.1888815356682985,0.9340720678536876,0.9341582882214757,0.9261867376096702,0.9358337016392974,0.9143087878773242,0.9139595069026983,0.9208895566501054,0.9216000538323454,0.9208895566501054,0.7834732189507125,0.7442821574877113,0.7465520347611511,0.7442821574877113,0.9301245690897277,0.935117282438152,0.9300398603791936,0.9312109351890511,0.9300398603791936,0.45531764869667724,0.3960926442049849,0.516530930445686,0.6211731295778805,0.5027513112259792,0.5419696131143089,0.5428150623631571,0.5419696131143089,-0.21954057083513032,0.8724538087059058,0.9079680933305003,0.8949252383070763,0.9331524774606775,-0.10804464472737381,0.8667743383955305,0.8671703072234573,0.8667743383955305,0.8776876545617538,0.8776876545617538,-0.25719272299420043,0.5608550907305433,-0.37618379713335814,-0.66895247518266,-0.4683966073957712,-0.47169749513717274,-0.313161196389866,0.22854328661995257,-0.22139262709854643,-0.40638106156227694,-0.6060972415512161,-0.29428319403174397,-0.49827162065120245,-0.3484554834433696,0.10355758167102416,0.09898228104578909,-0.49139690265677444,-0.44763908133320257,-0.47583785798948525,-0.5055624109896978,-0.4979669324503862,-0.47790475618572004,-0.48124452982301585,-0.47790475618572004,-0.35921495777168627,-0.5013649817435927,-0.5013649817435927,-0.474135948923107,-0.474135948923107,0.3990280904734188,0.4102146410678861,0.5177925558199141,0.599420527217848,0.5733752190987026,-0.3963870234206971,0.3784256690384194,0.3681900702074623,0.3682773547659034,0.3681900702074623,0.11247258856020009],[0.5788214216066158,0.9705095366102298,1.0,0.5726403050047616,0.4662225149965748,0.5788214216066158,0.5668712620831663,0.5555623525713054,0.47084048602166,0.412521524745588,0.996675119541668,0.5668931484982971,0.513122232976342,0.5672150308672415,0.5504879582446415,0.581328220395665,-0.11363107693596745,0.5139318435305253,0.5130767910708072,0.4674896111463776,0.5658339930050861,0.21247104444695242,0.7059842694147377,0.5349578210855452,0.5346809527754945,0.9843342552803068,0.29888579959787,0.1769883905160935,0.5312713916273096,0.5307837239620158,0.7653784764744785,0.012384569107292326,0.5648813922459712,0.4691810341060369,0.5494575214500441,0.3551229462481431,0.9940456589452826,0.45735719936999625,0.5478339201981467,-0.12017467474718704,0.5809741151993709,0.562941791302832,0.5809741151993709,0.8929789138502763,0.3895982259532832,0.9063533625200549,0.8723806469441183,0.653255371860302,0.20105442687606462,-0.016970727008289107,0.0561369557978263,0.4318818313774663,-0.07493078338622021,0.5218085994306151,0.45878628558852064,-0.06739864022664885,0.6989961318811709,0.6502700278060121,0.4974855695910348,0.6565700041088276,0.7166699670743145,0.6565700041088276,0.34869872534684193,0.5507428779473684,0.6467571303122749,0.5507428779473684,0.5726923899221783,0.6255842347542236,0.6669445929028391,0.7366636538078715,0.6669445929028391,0.21747518659051765,-0.08515711946248761,0.23651507749597836,0.1418695277099531,0.23664538208692334,0.2616554628928712,0.4019986795361753,0.2616554628928712,-0.1742467845478587,0.4536748934710539,0.8150740554419804,0.5386466484381712,0.7331021283749836,0.06434398534235287,0.5179495027254616,0.5180921866546557,0.5179495027254616,0.637206433371228,0.637206433371228,-0.2809519916950912,0.7226786481906402,-0.2224609394688733,-0.5590657467281808,-0.39344884004447084,-0.3970195035526238,-0.39449067954001427,0.021581537368980334,0.023939535136793606,-0.2672405733619346,-0.5414665509626456,-0.138180457387744,-0.23414415059870003,-0.214194158149708,-0.016951363120826676,-0.020681526450966613,-0.45332335266798324,0.003999694801508789,-0.22394903735632207,-0.4867254909265068,-0.12064448998097092,-0.3624985776955725,-0.23858584637866087,-0.3624985776955725,-0.42790406868471714,-0.5085399412586602,-0.5085399412586602,-0.24527588247787602,-0.24527588247787602,0.32766596901026485,0.1406690019657635,0.24790876590818448,0.4912893517696931,0.22361294148520047,-0.3130429502802034,-0.035624828602267816,0.4482044094430565,0.561720213292901,0.4482044094430565,-0.04371091630925376],[0.9997048461190512,0.9992448628286902,0.5726403050047616,1.0,0.99866133765923,0.999704846119051,0.9925708490258862,0.9886907487422546,0.9935634894221839,0.9711631501494995,0.9874895284472105,0.9926030148430799,-0.1295013098525307,0.9926396268354188,0.9745173384212917,0.9702752991175485,0.4244649270401127,0.9934508795588743,0.9934389253529174,0.9844967951262579,0.9925825254800482,0.43821595449755,0.6754659480202426,0.9811669516316414,0.9811447487347356,0.9720763279336683,0.3086441276150162,-0.12730532316425813,0.9895147364892145,0.9894850287467706,0.27267485793199736,-0.1997876009425062,0.994645109215294,0.9957710787326232,0.7746013234102278,-0.39385127766624145,0.9914628230386775,0.9957898322526144,0.9751874916864669,0.40625858232462275,0.9922600057434686,0.9947145263695232,0.9922600057434686,0.8865109089549977,0.6553583631636511,0.8777685565556242,0.8800614141030927,0.7703083723159082,0.3808154083976569,-0.14243591015402665,0.18538903313417848,0.9394884341539756,0.43886272043895347,0.9724838424380543,0.9682763620929153,0.8923287354052607,0.9049710878639216,0.9192902744201112,0.9057497633406157,0.9115570097939562,0.9126338274374259,0.9115570097939562,0.837820843680551,0.8939534618250506,0.8951641492839475,0.8939534618250506,0.893989615633047,0.6722363562279332,0.8294028373425669,0.8310596088882816,0.8294028373425669,0.6135976863665548,0.10357322102554221,0.5888671112002328,-0.5974048576593706,0.4912801335908902,0.2900194315406634,0.5184060827407212,0.2900194315406634,-0.1100239605570403,0.8789509643377592,0.9073045997872397,0.8896628153522549,0.8914474920265204,0.41923364973381344,0.8768862899147528,0.8782312374669441,0.8768862899147528,0.8695495582954498,0.8695495582954498,-0.1622010963840465,0.5860716748461845,0.19796402689630269,-0.5819741639834529,-0.5729598511583082,-0.5764748435080665,-0.05947266315508297,0.0587408466208024,0.2484448257722414,0.11280687125260212,-0.4123509566879761,0.04378719375351523,-0.7999480830560457,-0.22403807618122626,0.11699657035752449,0.11721267754115304,-0.551928525219828,-0.6004659986757263,-0.21976002845848486,-0.5026991250627495,-0.8309159313098283,-0.3560311643148814,-0.3477873541022211,-0.3560311643148814,-0.19655484952523714,-0.2733745845626871,-0.2733745845626871,-0.8170594799410535,-0.8170594799410535,0.3859501500042861,0.6438194387962922,0.864279950834947,0.8433333212824161,0.7802152703349978,-0.26852229127264204,0.7566188693416892,0.7973266348294762,0.7975682734736635,0.7973266348294762,-0.21995612173574902],[0.9975236379623119,0.9939855144981234,0.4662225149965748,0.99866133765923,1.0,0.9975236379623119,0.9968203286012912,0.9948941297399706,0.9970083334756423,0.9609841322213801,0.9954686036665396,0.9968398557406026,-0.3379435143124542,0.9968708317571773,0.9690338908827337,0.9597973070030246,0.22774893706455596,0.9974035921974636,0.9973972306589929,0.986232070450316,0.9968257222954241,0.07334714834757015,0.637885553308035,0.9907382277866912,0.9906946235799465,0.9852402402880689,0.06003834244366212,-0.11210647342558902,0.9876439308690738,0.9875807684795067,-0.040319147885248,-0.0970434485290444,0.9977240245647552,0.9976593003442654,0.7525797236893642,-0.5344241185258316,0.9971950485355744,0.9979215673499017,0.9672233043452763,0.20390416177131546,0.9976764734287565,0.9976766239577657,0.9976764734287565,0.9015428212747185,0.6162979359922938,0.8988154743756344,0.8839556099451895,0.7374381216158283,-0.09951554797774408,-0.5811311403542376,-0.2340256376717391,0.9249566171732062,0.29357034374704355,0.9661282371082595,0.966178025295904,0.8869773118289724,0.8829860155203311,0.9053081761835502,0.8909209138564583,0.9034393197880467,0.9038742608054366,0.9034393197880467,0.8081280938268603,0.8373917296804866,0.8388038353145568,0.8373917296804866,0.8809784877288832,0.7747655330678895,0.8608035494283915,0.861816675726114,0.8608035494283915,0.5649322160062095,0.4293272191633894,0.5483582581388087,-0.6401734377743518,0.545814440106087,0.5230342598935082,0.5225336341906134,0.5230342598935082,-0.1305888016625518,0.8580192606696567,0.8770857097208433,0.8622761005239369,0.8967438969424546,0.27416068474381183,0.8591419244396054,0.8604668400367494,0.8591419244396054,0.8670967439988206,0.8670967439988206,-0.20502429105120892,0.6439691777747365,0.051845179201781104,-0.6169460498315519,-0.629945469658908,-0.6303243157031923,-0.0954555458318531,0.08071923716147823,-0.15050532194087102,-0.14020530440918544,-0.4981348325487259,-0.32865448256417384,-0.8623908595175273,-0.5212750633986042,0.0830336612799347,0.08308470182739688,-0.5823243832251608,-0.5920159301188105,-0.5166646876227113,-0.5454750627783091,-0.797426898664712,-0.5723646860520516,-0.5750537887311803,-0.5723646860520516,-0.240313853194467,-0.3119136447652001,-0.3119136447652001,-0.7635374511270676,-0.7635374511270676,0.366230082741636,0.6223735645811259,0.8141682440997401,0.7891096876492699,0.7673002108492724,-0.4065550204189857,0.6061355374746932,0.6879331947129451,0.688271783781142,0.6879331947129451,0.012591155764664973],[1.0,0.999983697307111,0.5788214216066158,0.999704846119051,0.9975236379623119,1.0,0.9909962473836684,0.9866377999796744,0.9916552421299777,0.9733582869973144,0.9826475356492332,0.991040192605978,-0.12523276681937687,0.9911042568835766,0.9731019662700652,0.9688617582243396,0.4387199414443022,0.9920983086502901,0.9920843407231457,0.9840846835039837,0.9910280017038124,0.44692564811525815,0.6720176295361956,0.9782415623418401,0.9782190440722204,0.9622011505912385,0.3134515739618242,-0.12008799784592061,0.9898102305369734,0.9897702453453814,0.28100531859337335,-0.19902359448501966,0.9938643943737921,0.9947135043367332,0.8145561410975546,-0.3881770171940542,0.9879204890442702,0.994493489947896,0.9746812028947573,0.42087622489066584,0.9940463377221761,0.9940332190013584,0.9940463377221761,0.8881269601803699,0.6680890806961033,0.8698642176572736,0.8832836193503938,0.792540802605045,0.38629377866191406,-0.13650576150912117,0.19185487099233398,0.945254405184081,0.45496930276341585,0.9767991875893437,0.9711026988070314,0.9161837918914058,0.9136127829670101,0.9340709893581882,0.9107119285414124,0.9309133426200444,0.9316889044301425,0.9309133426200444,0.8475358014622271,0.9074366833293983,0.9085369013933261,0.9074366833293983,0.8983130646820068,0.7387234191620877,0.8729508974761258,0.8745614386081478,0.8729508974761258,0.6235774991609258,0.31200937579149707,0.6007988028720361,-0.5922559947926388,0.4978089148294757,0.5490783584458778,0.5503809993220296,0.5490783584458778,-0.10310564301479126,0.8855979725152813,0.9176695224008896,0.8994894497153489,0.9176790806240143,0.4326615236626723,0.8825597127014815,0.8837372127172453,0.8825597127014815,0.8915263186674426,0.8915263186674426,-0.15601894044052986,0.5596283629054772,0.19321860230326623,-0.5713392965514094,-0.565154791240317,-0.5687636395681342,-0.046821727577264285,0.06424305234882337,0.2556402281309681,0.1257019348116509,-0.3995346355650416,0.050451610889386225,-0.793201910524931,-0.21596730413498222,0.1281027030850651,0.12827168402719866,-0.5444050313207472,-0.6035922672608345,-0.2179990256841107,-0.49042426305086523,-0.8285046254078036,-0.35416859381900834,-0.34535754841217337,-0.35416859381900834,-0.18706144171639444,-0.2631069727401322,-0.2631069727401322,-0.8167929371081561,-0.8167929371081561,0.3991253408080777,0.6557554238461814,0.8718398778373618,0.850829990646918,0.7874639842102151,-0.2548936192043128,0.7654910817246563,0.8058968121390321,0.8061353282596956,0.8058968121390321,-0.23508049951593982],[0.9909962473836684,0.9787659409528812,0.5668712620831663,0.9925708490258862,0.9968203286012912,0.9909962473836684,1.0,0.9972270386181133,0.999968401276224,0.9523927755160432,0.9996034931916177,0.9999962266037838,-0.14308781816100574,0.9999925855449033,0.9874409124306809,0.9812425092866196,0.37619608484975453,0.999839767771107,0.9998398981520552,0.9886678830285169,0.9999964273989088,0.3453273763475185,0.6763914744793692,0.984451162557267,0.9847677325179462,0.986553378473957,0.23082173583295623,-0.18578117885086723,0.992072251226757,0.9918169981911142,0.17283623629156225,-0.24973827936518037,0.9992993980106515,0.9993929959005587,0.35977020764326806,-0.32691215121619777,0.9987268694630819,0.9993114822943187,0.9843200862166815,0.3564835599698138,0.9328605585549798,0.9990284836000218,0.9328605585549798,0.9103051523402329,0.6202704185452174,0.920725769646057,0.8931205566611299,0.6920728556801516,0.41298285579632504,-0.08471415830699014,-0.21026016010884224,0.9235986786044085,0.3980483578902994,0.9682787950955688,0.961416458485037,-0.07862919033967555,0.8341513551619046,0.8053596001714194,0.8526741070009305,0.7988439674581241,0.7658592269358443,0.7988439674581241,0.7648859348294088,0.7661278958320173,0.7635293192785071,0.7661278958320173,0.8403265461116846,0.31651153522614245,0.5322343194183031,0.6128996439199995,0.5322343194183031,0.5327054828813675,-0.3603888593768805,0.49483553406791264,-0.6604211611964572,0.41369965462265945,-0.12621957349882276,0.375301339505831,-0.12621957349882276,-0.1539626103715174,0.8159875794548395,0.8270116468100261,0.8155809352972828,0.7389244141879289,0.36997956713297314,0.8186928646927372,0.8206034429692596,0.8186928646927372,0.7272406616142839,0.7272406616142839,-0.24198006395846414,0.6927361639904166,0.25248775049339245,-0.599374387040777,-0.6157437029994365,-0.6187864930498963,-0.11064162569879825,0.006696831483584433,0.3534252417694214,0.07452539569349764,-0.43832945789654204,0.09578272338160745,-0.8270636926786741,-0.12742864721112285,0.0457247044707639,0.04601504230965551,-0.5973936492668033,-0.6066206410532338,-0.05912399976760217,-0.5821942050047867,-0.8432954819921366,-0.35211626403152807,-0.1792529151826703,-0.35211626403152807,-0.2755753513022932,-0.3227133690215391,-0.3227133690215391,-0.8364999840398203,-0.8364999840398203,0.36396226573127,0.6001644666044281,0.49875589707325657,0.8066229151149775,0.7573130331261949,-0.32602867545228653,0.06014635174606617,0.762408998300982,0.7811220394582187,0.762408998300982,-0.14517778436657677],[0.9866377999796744,0.9701391083077184,0.5555623525713054,0.9886907487422546,0.9948941297399706,0.9866377999796744,0.9972270386181133,1.0,0.999479166089547,0.9441868680885656,0.9983413178421422,0.9980228902985325,-0.15231215790541425,0.9990243112337357,0.9860671876889632,0.9735063400356324,0.3540805254020073,0.9990749346996087,0.9990766123246928,0.9857704613855183,0.9991822356400136,0.318275454297897,0.6758661045691771,0.9919833819396168,0.9825015273688206,0.982421307287641,0.2113100036533911,-0.20061762884846843,0.9883500498962217,0.9917629630761297,0.15257663406773297,-0.2565788411814456,0.9981576330109891,0.9980656507468815,0.3392083779631828,-0.33434846944468705,0.9962209220457384,0.9979122420441107,0.983463346926345,0.33388660956809696,0.9241689916453151,0.9979873897008852,0.9241689916453151,0.9076382689799051,0.604346461513128,0.9211197757324284,0.889018133933989,0.6649296422934142,0.3994621542190046,-0.1005075765739617,-0.22391215247939805,0.9142776646399948,0.37688658338241066,0.963458001713676,0.9557892755222754,-0.089498972344654,0.8196984007175406,0.7869735543239589,0.8425754752217105,0.7816773487446881,0.7523601687215409,0.7816773487446881,0.7502025499634324,0.7451091893792802,0.7487970708187915,0.7451091893792802,0.8305056187670313,0.2948763244196775,0.5093425291521056,0.5948385107766606,0.5093425291521056,0.5174545013987031,-0.3762667450320183,0.47776184922105513,-0.6695036109158563,0.4039309625197545,-0.14994214966468533,0.357065422641098,-0.14994214966468533,-0.16132164883985364,0.8040977362374647,0.8082110056503886,0.8000727986317531,0.7228170911268479,0.35240827000887875,0.8074454942314093,0.8095812797119007,0.8074454942314093,0.7071499589796952,0.7071499589796952,-0.25888919872326793,0.7218811809171061,0.2604767797446301,-0.6094549597928343,-0.6298106816360363,-0.6326548602091941,-0.12639708281758297,-0.002029415973357535,0.346471867949539,0.054723780787727695,-0.4520155355375901,0.08635190762586968,-0.8340663894128437,-0.13406198212717071,0.029000247507140826,0.029305301185209222,-0.6102283481574315,-0.6079597171829936,-0.06613118644435134,-0.6009258585447264,-0.8436903778453182,-0.3643490739926386,-0.18564641528802475,-0.3643490739926386,-0.2946808882550932,-0.3375721007288482,-0.3375721007288482,-0.8352803961242454,-0.8352803961242454,0.340661575684915,0.5819468295990416,0.4790662722004076,0.7881211033796672,0.7437553198917624,-0.34928262560232703,0.04528961464100447,0.7426372510563508,0.764958886289468,0.7426372510563508,-0.1273124064572708],[0.9916552421299777,0.9785580474766907,0.47084048602166,0.9935634894221839,0.9970083334756423,0.9916552421299777,0.999968401276224,0.999479166089547,1.0,0.9511686519710443,0.9995522783951255,0.9999694415720166,-0.31388868918923957,0.9999739160949316,0.9756090903465278,0.964526695009098,0.26826810397053835,0.9997832240510381,0.9997837988590361,0.9884726464857425,0.9999663410300716,0.12124537988186507,0.6354990099915201,0.9942689053308746,0.9942150999963124,0.9863543670797993,0.04234599212576154,-0.12540394087830053,0.990619567767504,0.9905827626785315,-0.022785220617780506,-0.2100477744707117,0.9993227304151828,0.9992801662521112,0.7639876201246176,-0.5244310145684801,0.9986397079207501,0.999290067942881,0.9722993886131045,0.24509587533773217,0.9991655411024247,0.9991709286638137,0.9991655411024247,0.9101056422847786,0.6212003220590804,0.9201672036999448,0.8921966878274219,0.691420009177431,0.007648053951665913,-0.5275979069356705,-0.18383155194917283,0.9187555263101924,0.3463512495575174,0.9625285528264456,0.961631757465721,0.8587105759191201,0.834894964658071,0.8780226771881173,0.8534965655182369,0.8762098160277692,0.8769394943743952,0.8762098160277692,0.763884337450082,0.818730983211056,0.8204483794110878,0.818730983211056,0.8416943601479029,0.7350912852198265,0.8298526256040558,0.8313063728070867,0.8298526256040558,0.5318316325273296,0.35390594406440506,0.49376822693812444,-0.687483599554865,0.47234897669251774,0.43627798022523423,0.4362718750626458,0.43627798022523423,-0.11085477743940887,0.8163983195377832,0.8267737975218642,0.815765443975805,0.8691229559585262,0.2950333934897819,0.824648123358644,0.8269997791360423,0.824648123358644,0.8326205128141075,0.8326205128141075,-0.24421752258425317,0.6941018891340806,0.0775871575353494,-0.6117702430966777,-0.6566142524196468,-0.6574331188601569,-0.11431190171708408,0.008967247861600029,-0.1574957551912024,-0.11020399228971563,-0.4856466482012767,-0.3593676436909584,-0.8770103057386176,-0.5598027686223644,0.04411261807456684,0.045141047017256276,-0.5993021055422341,-0.6026881500210036,-0.5261732129811362,-0.5843201581716065,-0.8177761354654619,-0.5958698244447933,-0.5980032322310661,-0.5958698244447933,-0.27802404779316153,-0.3262819001104404,-0.3262819001104404,-0.7973328959491672,-0.7973328959491672,0.3644222118752916,0.5988243511357092,0.8220277368996267,0.8008882336999339,0.7557061052379997,-0.3547488600357877,0.6397181871760896,0.7092010763677092,0.709357654718224,0.7092010763677092,0.09555014179300576],[0.9733582869973144,0.9597311169595876,0.412521524745588,0.9711631501494995,0.9609841322213801,0.9733582869973144,0.9523927755160432,0.9441868680885656,0.9511686519710443,1.0,0.9262068205237143,0.9524244269444239,-0.2507556302708014,0.952082855129007,0.9101459981259911,0.8980581645712103,0.07265102048527528,0.9578965388062786,0.9578737830854503,0.9525672233372648,0.9525583828342539,0.04988228415577254,0.6828449838567783,0.954332451700256,0.9545439358526757,0.8330284539588175,0.1449461797539727,-0.10762670404812348,0.9608724158774471,0.9610022580177803,0.12550262822198213,0.06154150903489842,0.9621899657978897,0.962476568682596,0.8560506760997858,-0.4459807484562472,0.9376096389015135,0.9613384106042165,0.9163187417165612,0.050096965060549725,0.9635487545490905,0.9635124465085776,0.9635487545490905,0.7859222059414964,0.41658361674408617,0.7541170248929581,0.8638029910256713,0.8321745038162709,-0.5525515731386785,-0.6864413596161582,-0.3008123950549319,0.8697125602100175,0.06146864771089969,0.9041459562477246,0.9041965322254906,0.8624212850279896,0.8573879857972214,0.8874214831630443,0.865528371611148,0.8794534065745522,0.8802585218768868,0.8794534065745522,0.8069405504348363,0.7857176686230507,0.7878101438286479,0.7857176686230507,0.8578975292905493,0.87738852063323,0.8560471201444697,0.856817545324067,0.8560471201444697,0.6294323486315336,0.5493084447963983,0.630767205070373,-0.4054082888493541,0.6521980049876578,0.672674397878582,0.6756955785893846,0.672674397878582,-0.2693134178971975,0.8627214158368213,0.9226410534691121,0.8803440379273181,0.8781245685319267,0.16720090545159438,0.8549455858425883,0.8562634735110412,0.8549455858425883,0.8663721325554271,0.8663721325554271,0.014029733708736045,0.3091139947690668,-0.09015942319256075,-0.5224893330308935,-0.40411431014667026,-0.40600956155450346,0.0496925462715356,0.39171590614630064,0.09048411635223555,-0.04690099282438625,-0.3756231900288937,-0.005459268939657969,-0.810779449255909,-0.16717040568496197,0.2802593630815623,0.2794357103485892,-0.3654896362398846,-0.4389277960156518,-0.3210805889204788,-0.32737548108438974,-0.684041975422158,-0.3420546809629599,-0.3441399704633601,-0.3420546809629599,-0.06998640859714068,-0.36022415473003644,-0.36022415473003644,-0.538945657030818,-0.538945657030818,0.5637847557823458,0.670593055265189,0.7602578516032577,0.6717206560732297,0.8367123424829769,-0.45029087903647913,0.3855926143789375,0.5605307279444582,0.5608078208185715,0.5605307279444582,-0.22795233929835226],[0.9826475356492332,0.9806656832866532,0.996675119541668,0.9874895284472105,0.9954686036665396,0.9826475356492332,0.9996034931916177,0.9983413178421422,0.9995522783951255,0.9262068205237143,1.0,0.9996010335459181,0.9995973457554667,0.9995539510982377,0.9142523955040179,0.8922019722220439,-0.3941247940213909,0.9997443436897142,0.9997481957227252,0.9996079606432822,0.9996078609048642,-0.25808035277022123,0.9631455677871738,0.9926849349590282,0.9926592446446985,0.9894176811125825,0.03541294775995653,0.08413243905260313,0.989508866450428,0.9895625406665205,0.9724345974894891,0.022653627177870797,0.9987460871923237,0.9986891986879013,0.9985063826103333,0.999260256000933,0.9992218051761848,0.9987498880628978,0.9025701037991258,-0.4042997867650476,0.9984442439268755,0.9984551427075657,0.9984442439268755,0.9037249541554421,0.4736129455119225,0.9159139726023214,0.8900768145933866,0.6927472484580466,-0.5307176253006817,-0.655137323698862,0.793518617402299,0.8079062872221265,-0.2980813004093861,0.9222620356895606,0.9224618567993336,0.8584935919362926,0.8680190584410845,0.8356753521123855,0.8382392416917768,0.8447156052381589,0.8456323289135894,0.8447156052381589,0.6749510124631598,0.6296726662320573,0.6323700435170645,0.6296726662320573,0.8687526190887682,0.8776252239070819,0.8673631598459749,0.868803997919936,0.8673631598459749,0.3254319448464647,0.25517471082261217,0.3827390484736551,0.5066279219714107,0.3786929153568917,0.42561975119399853,0.4282144406066949,0.42561975119399853,-0.4123230637473636,0.781338394450732,0.8311388450042982,0.811564074038843,0.867181905483485,-0.16039801546433666,0.7744422765758727,0.7749759826314677,0.7744422765758727,0.7886040796865305,0.7886040796865305,-0.3042484459335776,0.6855684265650285,-0.39553787811154995,-0.7052288049160041,-0.5474767150008248,-0.549668650304695,-0.37249971041647656,0.16232991746285128,-0.27704772854536014,-0.45454581023931134,-0.6507397875349391,-0.35531729690260005,-0.6209909731952253,-0.4213199226227731,0.033472718327146773,0.029829260655028854,-0.5658636572475556,-0.5312585598309779,-0.5502669235738312,-0.5844574914599135,-0.578617341306878,-0.55344939549762,-0.5564946782999082,-0.55344939549762,-0.4394985719657248,-0.6064719589852579,-0.6064719589852579,-0.6072715177951191,-0.6072715177951191,0.3595739305279708,0.3539558802020809,0.47070825855902376,0.5528405204193342,0.5496127287276439,-0.5540848589311711,0.2943556775240431,0.312715381018733,0.3128751090010524,0.312715381018733,0.2171176238814197],[0.991040192605978,0.9788168564757392,0.5668931484982971,0.9926030148430799,0.9968398557406026,0.991040192605978,0.9999962266037838,0.9980228902985325,0.9999694415720166,0.9524244269444239,0.9996010335459181,1.0,-0.1427530117722707,0.9999944408648722,0.9874276798540517,0.981025378734121,0.376274642200039,0.999841173296247,0.9998412710860443,0.9887100487993384,0.999997057154722,0.3456579207913716,0.6764680801043832,0.9898668324839441,0.9847570183884767,0.9865350746771807,0.23110231026344732,-0.18572360029718554,0.9920742404517963,0.9918284893718435,0.173082651683089,-0.24970223867842048,0.9993015072013289,0.9993972305254623,0.3597450609296196,-0.3266907762687084,0.9987287801983709,0.9993200349501886,0.9843038097486729,0.35656903626754577,0.9328439766168013,0.9990312548288119,0.9328439766168013,0.9103265749236489,0.6204262782482298,0.9209601279861497,0.893350378679144,0.6922216746963105,0.4133878526788086,-0.08424878331699168,-0.20987866769164865,0.9236820300925989,0.39813418375944465,0.9683747794569916,0.9614864108465577,-0.07842951408073,0.8343190071475991,0.805469605261111,0.8527978444236578,0.7989517671704681,0.7657986076026424,0.7989517671704681,0.7649694520310074,0.7661905465523842,0.7634624461262632,0.7661905465523842,0.8404919141562618,0.3163823777184901,0.5322465460495253,0.6128088318343817,0.5322465460495253,0.5326481706950877,-0.3604082183147368,0.49479290847066215,-0.6603084378626363,0.4135872237756842,-0.12635060565464085,0.37534329760591695,-0.12635060565464085,-0.1541138105664771,0.8160648663210103,0.8271611001909168,0.8156851873769108,0.7389166995541367,0.37006470994586677,0.8187825275559629,0.8206876865973967,0.8187825275559629,0.7273212608916342,0.7273212608916342,-0.24195654595742505,0.6927420290689184,0.25260691648004646,-0.5993928854679541,-0.6156564011400445,-0.6187046395977454,-0.11072647872847184,0.006551569439962742,0.3535987563896508,0.07454771505450303,-0.4383746559858858,0.09604814918390367,-0.8267858791132416,-0.1271307307803496,0.04576870665805732,0.04607405225084663,-0.5973812840134795,-0.6064284876428852,-0.058869014419421085,-0.582169666193259,-0.843180998642823,-0.35188235389616623,-0.1790403629313326,-0.35188235389616623,-0.2754298851111972,-0.3226753491507732,-0.3226753491507732,-0.8364418153372574,-0.8364418153372574,0.36445863132558143,0.6003131996806407,0.49901077263736776,0.8068863015528537,0.7573964481973912,-0.3257999569369385,0.06043793925772586,0.7626643490799406,0.781240972139218,0.7626643490799406,-0.14520212539016003],[-0.12523276681937687,0.9787786272081904,0.513122232976342,-0.1295013098525307,-0.3379435143124542,-0.12523276681937687,-0.14308781816100574,-0.15231215790541425,-0.31388868918923957,-0.2507556302708014,0.9995973457554667,-0.1427530117722707,1.0,-0.14213327191289635,-0.14466164967668932,-0.1210604418187165,-0.2941987588588587,-0.1435698330964766,-0.14403289389279966,-0.2654637041824029,-0.143630891852422,0.02677814166986688,0.3094332496095819,-0.17647830896238514,-0.17681317625762047,0.9865149791783591,0.24960646334970066,0.1865872815104063,-0.18000385513913358,-0.18061600194236394,0.5378578282042157,0.12119742068534119,-0.14102132267155923,-0.2994038616219816,0.16930613635964734,0.9588902464510826,0.9987271319297591,-0.33057409834713225,-0.142405468758715,-0.2841325986869468,-0.14134344945498592,-0.1422357151992416,-0.14134344945498592,0.9104058256008009,-0.11731667696560744,0.9209346359817288,0.8932974254342754,0.6922083069408906,0.08459261364305806,0.2529450646069141,0.6447078314485,-0.262476303649989,-0.2973318853523815,-0.06169549205286574,-0.29620035906846476,0.03317771257292063,0.28754934909236146,-0.015003461800463207,-0.2945266353650009,-0.012763719707164773,-0.003071162346272087,-0.012763719707164773,-0.3996090533229642,-0.10043137610365228,-0.10251878522994363,-0.10043137610365228,-0.19330844736053945,0.07439154337779039,0.05149329148386253,0.05147764376679202,0.05149329148386253,-0.4038171273047407,0.006878661215986392,-0.3679885901949714,0.6202556781985357,-0.33627951412102314,0.0090837060021548,-0.05637968143588126,0.0090837060021548,-0.30718492777257844,-0.32890873809755755,0.8271327945439638,-0.10357051408640705,0.020052979018033473,-0.22151627150072456,-0.2527352504472173,-0.2521899951602391,-0.2527352504472173,-0.021158866129207865,-0.021158866129207865,-0.22263251842811738,0.6926728544578719,-0.16160252515013218,-0.024436428797480137,0.19499875722368082,0.19356710174377162,-0.2526994946058609,-0.007526159497470734,0.019616399940993703,-0.17568812721630417,-0.11448617804300713,0.04075045311394032,0.38130850187990734,0.11225124142097884,-0.03878647047523417,-0.04271513924202354,0.08341557896488916,0.5684517273441199,0.09028625022390696,-0.19871917941978073,0.6097513970781396,0.09389680346025754,0.1020308164078601,0.09389680346025754,-0.23979295880075052,-0.19796319082192404,-0.19796319082192404,0.3209382646008688,0.3209382646008688,0.36456541695362144,-0.24972796230814037,0.01944962332032261,0.0931694485811342,-0.244447386234959,0.07032437516782715,0.15512175879560242,0.10642739675099284,0.1063534951950177,0.10642739675099284,0.12529277995316737],[0.9911042568835766,0.9786043060996032,0.5672150308672415,0.9926396268354188,0.9968708317571773,0.9911042568835766,0.9999925855449033,0.9990243112337357,0.9999739160949316,0.952082855129007,0.9995539510982377,0.9999944408648722,-0.14213327191289635,1.0,0.9866446472935768,0.9792463990785899,0.3763866345194988,0.9998441867325122,0.999844200413894,0.9888674861462269,0.9999944525775225,0.34634327692262673,0.6763138924857476,0.9933443098151584,0.9932340514939866,0.9864195812980919,0.23138954905405953,-0.18576694552252876,0.9928236097800776,0.9928692373480544,0.17387365380909198,-0.2495294247548146,0.9993514042299739,0.9993961869303971,0.3586895986805996,-0.32583353307413787,0.998668080109425,0.9993230832129961,0.9843714340909954,0.35670609628052297,0.9323334387700297,0.9990869527726898,0.9323334387700297,0.9106026401796058,0.6211562952618772,0.9213043117300151,0.8937026768628211,0.6919114807828334,0.4148032492824827,-0.0826335595747122,-0.21008266359361383,0.9240770630835952,0.39841917030979507,0.9687932694159289,0.9618473621334696,-0.07945936930661474,0.8346050044072466,0.8053907714586752,0.8530588627628466,0.7989134748603413,0.7653931588227719,0.7989134748603413,0.7651683657733848,0.7661456019990054,0.7638800552119329,0.7661456019990054,0.8408428484565582,0.3156947370419915,0.5317306449752187,0.6128399208682513,0.5317306449752187,0.5324806442541485,-0.361591732118111,0.4946969498597502,-0.6604619538072362,0.4131955340971061,-0.12736627226631572,0.3749930971348828,-0.12736627226631572,-0.15405710630761485,0.8162030970899019,0.8267789639270344,0.8157906217856931,0.7292567186927673,0.37044790483116263,0.8189080282444184,0.8208023295839533,0.8189080282444184,0.727128769552583,0.727128769552583,-0.24358651304069098,0.6936289419381652,0.2531180664678901,-0.5993819050102128,-0.6160426694180512,-0.6190955892778542,-0.11191547205844163,0.005286256719789229,0.3539040298686074,0.0740879387790019,-0.43864588356715795,0.09612482284436275,-0.8259074217306586,-0.12697257201817327,0.044719214200106085,0.0450194078283606,-0.598026099117875,-0.6067139347277344,-0.05828197878559364,-0.5835314615787136,-0.8431689983163113,-0.35181863107649747,-0.1784754776017189,-0.35181863107649747,-0.2764422120041504,-0.32316179211172474,-0.32316179211172474,-0.8367901676516588,-0.8367901676516588,0.36462389580302706,0.5999810792787039,0.4984590682171151,0.8073341676819022,0.7568264677192821,-0.32531930733438874,0.05975556572261819,0.7630657329073319,0.7818480101035489,0.7630657329073319,-0.14487573474412663],[0.9731019662700652,0.8795371197776688,0.5504879582446415,0.9745173384212917,0.9690338908827337,0.9731019662700652,0.9874409124306809,0.9860671876889632,0.9756090903465278,0.9101459981259911,0.9142523955040179,0.9874276798540517,-0.14466164967668932,0.9866446472935768,1.0,0.9972820431508809,0.3914579561963841,0.9848230741312394,0.9848297755297163,0.9685060261679491,0.9865530894398307,0.3423611219151453,0.6503432275471688,0.9792960481168259,0.970140443256137,0.7951167777851079,0.22020849315778887,-0.18774551536394654,0.9823043608467026,0.9820946872885808,0.16793878541936108,-0.2561019121682674,0.9866118732235182,0.9772740089646106,0.3447502833064308,-0.32249090474769593,0.9166991839858227,0.9743139945462234,0.9985242138447544,0.37213750238211046,0.9170443936360063,0.9863982235382794,0.9170443936360063,0.8284708741531468,0.6170862495734816,0.7175855652171034,0.6893464382372168,0.6287943579142825,0.4155544332803149,-0.07535775486443151,-0.21138782194636538,0.9090003138218862,0.4035807537033851,0.9589250518170902,0.9419787184575886,-0.0879719765661464,0.7627800794542521,0.7874156214629424,0.8171227320938935,0.7803908562949055,0.7564776414934844,0.7803908562949055,0.722519042631919,0.7512440194005279,0.7553278480906462,0.7512440194005279,0.7977099281883845,0.30257876672586426,0.5154820125798893,0.6025079054975558,0.5154820125798893,0.5109788321917822,-0.3643538758149701,0.47003898874577077,-0.6583637255080252,0.39178281603082016,-0.13186364972763384,0.36365246198353246,-0.13186364972763384,-0.1541395598957132,0.7812958377073177,0.7363892738703769,0.757438377811128,0.7297685277546218,0.3897856931950386,0.7903035567152661,0.7929269620285608,0.7903035567152661,0.7090273674198841,0.7090273674198841,-0.24757336463653634,0.5838924868157508,0.2512651989707567,-0.5596414371003726,-0.6063542043648911,-0.6092462818157357,-0.10209357335305302,-0.008638544503797885,0.3579360845643733,0.0883497096932453,-0.401766576338185,0.10317932247913794,-0.8163993969336822,-0.11752141579114439,0.030548036462566593,0.031378842642156894,-0.5861057493977793,-0.5937343837762904,-0.048648305793026224,-0.5570632294255575,-0.8354217709034968,-0.3410085448817813,-0.16870924362179157,-0.3410085448817813,-0.26631923346745207,-0.30989880948476756,-0.30989880948476756,-0.8295853455621394,-0.8295853455621394,0.2964150556240607,0.5864987379584637,0.49284097779756947,0.8025685346269723,0.7380622923149677,-0.3126249144950444,0.056815316491546676,0.7611202439030677,0.7810874603383855,0.7611202439030677,-0.14309249936428095],[0.9688617582243396,0.8648164288442552,0.581328220395665,0.9702752991175485,0.9597973070030246,0.9688617582243396,0.9812425092866196,0.9735063400356324,0.964526695009098,0.8980581645712103,0.8922019722220439,0.981025378734121,-0.1210604418187165,0.9792463990785899,0.9972820431508809,1.0,0.3848992781309468,0.9770142748579222,0.9770177770635818,0.9557886365466274,0.9790867300798646,0.35758939035083026,0.6655172437825676,0.9573756294993385,0.9608566183169027,0.7593418846638049,0.2433653301893719,-0.16318985385948814,0.9808631966296812,0.9748467114324411,0.20202178666538356,-0.22928209181775902,0.979926431435091,0.9668649640153592,0.3712030998034969,-0.29214374781169694,0.8958455501017819,0.9635564619982054,0.997102472370256,0.36612760466166006,0.9143483240745535,0.9798427369949598,0.9143483240745535,0.7997512801128809,0.6204345371672749,0.6797101268680275,0.6628656935322478,0.6354269170091298,0.4092595289313519,-0.07014368071586827,-0.21640212141575685,0.9013366414069041,0.39235812460666875,0.9534097807108332,0.9327219256266243,-0.09846093047245635,0.7682590300051161,0.8068361878956601,0.824177182036571,0.7984469845892723,0.7844845986637473,0.7984469845892723,0.7275102946785348,0.7680978440832308,0.779821244746386,0.7680978440832308,0.8060945183970998,0.34516394489222635,0.5485718600966545,0.6394614911077967,0.5485718600966545,0.5238669783844311,-0.3533695885501096,0.4876733501021128,-0.6180731635563473,0.41172794471901736,-0.09397104720969601,0.39656326583091756,-0.09397104720969601,-0.15290956855020857,0.7906004077129013,0.7385186414343865,0.7626290873920891,0.7617656752240606,0.3886679142043933,0.8001646365579628,0.8026587779621169,0.8001646365579628,0.7345127605664836,0.7345127605664836,-0.22315367851678222,0.5282326207147191,0.22404735607903234,-0.5646546590685514,-0.5941991720809772,-0.5972362242245249,-0.09876333455402116,0.01289606195715301,0.3570877795051892,0.08406857750866081,-0.4076266498175548,0.10517846101243743,-0.7988502554372074,-0.11242825899903706,0.04989517260444228,0.05043462030087101,-0.5752773354847637,-0.5618635298628426,-0.049219206830362745,-0.527608204707761,-0.8139586063661621,-0.33698727509236326,-0.1626310965157884,-0.