var config = { responsive: true }

var correlationAdjClose = {"data": [{"type": "heatmap", "z": [[1.0, 0.9999906193040179, 0.9844350769450778, 0.9999212546871661, 0.9988730048443288, 0.988611814754323, 0.9974744105692135, 0.9952069269041595, 0.9954995175923453, 0.9795277625276825, 0.9918792424350324, 0.9953535148967131, 0.9945588781872573, 0.9952622078132277, 0.9953992992154359, 0.9965213871772977, 0.9981754184288338, 0.9959886029181815, 0.9960018045032885, 0.9960363754230881, 0.9953003928282949, 0.9854368440718484, 0.9689337699199599, 0.9876974107911933, 0.9865244085838889, 0.9803552059185155, 0.9631724978125941, 0.9424259593979292, 0.9942790875302373, 0.9946047246429857, 0.9917446288637801, 0.9746346016756934, 0.9973852396260208, 0.997686521506332, 0.9970573966618042, 0.9954191607843227, 0.994884324301476, 0.9975367857875287, 0.9975978847972363, 0.9987289480413999, 0.997325053486612, 0.9973359089580949, 0.9765001592790911, 0.920698911314319, 0.7527029647508039, 0.8983522127946482, 0.9043997907510578, 0.8415942142812375, 0.9679913499694914, 0.9445196077153125, 0.9692463778857432, 0.9659083940909946, 0.9598233668331816, 0.9859541571491902, 0.9823727009555432, 0.9838610883057288, 0.9767619216250235, 0.9857630267546847, 0.983036349295745, 0.9864050798372219, 0.9861654765486071, 0.9638864672745019, 0.9667023481694156, 0.9712172984919303, 0.970878280643342, 0.9437041286959451, 0.9749506474175168, 0.9734569321463282, 0.9817726766475167, 0.9808850945545616, 0.9351130675580188, 0.8568715403811205, 0.8248116906132775, 0.8759139039082194, 0.9035289407400269, 0.898165433602377, 0.9017440861596479, 0.9003435256545141, 0.6195185281365553, -0.5703040373145406, 0.9762823806948164, 0.9669157776524687, 0.9635540153198887, 0.9847446333020003, 0.9514130368166306, 0.9812411090268357, 0.9811898986092356, 0.944435504767315, 0.981510898040386, 0.9487434043928966, 0.6243633018442662, 0.8553810273261173, 0.9131768335885186, 0.19520537103474694, 0.9187193764850932, 0.9394192186350228, 0.8114228637223297, 0.9564471798154257, 0.8960170776924992, 0.6550765019793152, 0.4862272941510536, 0.8916635841610725, 0.8621728525410939, 0.8881016669140023, 0.967500808816072, 0.9677253685145991, 0.7378651621642519, 0.7020992775440977, 0.8269486223648238, 0.33370194084812715, 0.7946306402233121, 0.8312206854993004, 0.8176802522692281, 0.8158107802356888, 0.7437633304187938, 0.7404174940778011, 0.720284465485394, -0.23649060013682138, -0.3715241732463446, 0.6294266040141341, 0.8999590552638519, 0.9455946094980331, 0.9497307204309396, 0.9195352741155388, 0.8284603393663993, 0.9171517844725557, 0.938961239095874, 0.938798144753347, 0.8734638435690315], [0.9999906193040179, 1.0, 0.9819512255167719, 0.9997591393089118, 0.997432228622742, 0.9903761121999465, 0.992767502705925, 0.9882317302295256, 0.9882714745627608, 0.9666763981915469, 0.9907638724074922, 0.9884924041447979, 0.9883023952674665, 0.988353631046015, 0.9884517383628129, 0.9933499635034554, 0.9951302228493335, 0.9918063172587644, 0.9917980378308134, 0.9883504384919249, 0.9884027677724018, 0.9873464819997667, 0.9599299932306952, 0.9835689088819525, 0.9832220345720597, 0.9801812154704702, 0.9710773738757065, 0.9049404193193925, 0.9877779429570901, 0.9836660606984794, 0.9754310343116063, 0.9100282665060249, 0.9944884405462415, 0.9943048037227882, 0.9945966526538758, 0.989589170546498, 0.9939918738955347, 0.994584428766607, 0.994902324502043, 0.9966918723465971, 0.9945942455071367, 0.9945918264936605, 0.9854864819456088, 0.9204731306600129, 0.617335478623907, 0.8979625093805818, 0.9045039747236134, 0.8417612531409461, 0.8771887999570406, 0.911871793576097, 0.8811152870731322, 0.8980804031347572, 0.8759842827203747, 0.9548037000672429, 0.9546858938057474, 0.9728413581067822, 0.9770991954270372, 0.9706857334414517, 0.9702130298589908, 0.9735244884749892, 0.9734309719424377, 0.9330045385928535, 0.9419703173827396, 0.9055339020063459, 0.9053998767964815, 0.7955490537235642, 0.9676234964563345, 0.9700892464449884, 0.9703599018443855, 0.9697326566384855, 0.928058034360649, 0.6344201513152438, 0.5737003131243935, 0.7325865436706052, 0.8317573935180291, 0.7564219263117038, 0.7961473128188723, 0.7943117805788279, 0.5659818728206336, -0.27608141447970297, 0.9544591598111529, 0.9618887144588681, 0.9541269384045294, 0.9738194258687782, 0.9162762048717322, 0.9593721045964063, 0.9583728856431891, 0.8976624086292818, 0.9625675391600143, 0.9039452663507815, 0.43483319006461923, 0.8543142166291909, 0.8529956796842609, -0.2080992835640526, 0.6282771581984586, 0.7276455351960455, 0.6276392202124321, 0.9536800454676351, 0.6445084075052602, -0.2167718525297343, -0.0762523521753112, 0.6104181974938466, 0.6192924057945276, 0.6652225641324803, 0.9553873965115649, 0.955212375056393, -0.09687925024834412, 0.13647487192777585, -0.0163003624495392, -0.04891642996975194, -0.020723969273714678, -0.0042861558475560165, -0.03625798438807913, -0.07720680944677255, 0.3310425644132173, 0.07633526660371337, 0.028186791321228023, -0.4550909278195629, -0.4871630861910279, 0.6296277304462694, 0.7437144484717231, 0.766981125092022, 0.8298595787127658, 0.8238106451162687, 0.5319828638527749, 0.7320193488771094, 0.7641648818494353, 0.7627737070760937, 0.4114725526025705], [0.9844350769450778, 0.9819512255167719, 1.0, 0.9858874095591268, 0.9927012816265721, 0.9897909946098651, 0.9906913525893902, 0.9910842240865465, 0.9943636954976638, 0.9541587416841563, 0.9969063417037662, 0.9909846967980889, 0.9929264997418136, 0.9911459671654019, 0.9910560648925774, 0.9916445602177455, 0.9898743869175236, 0.9896406616422118, 0.9895985522756512, 0.9928861892015446, 0.9910056329045261, 0.9933332532951401, 0.9786871207965128, 0.9906316096861627, 0.991031430507425, 0.9787417127044606, 0.9816631541847856, 0.9460655618122207, 0.9733624766079572, 0.9766507249437204, 0.9782463816042415, 0.9498414149422074, 0.9879536973729824, 0.9910744122178222, 0.9893798618901203, 0.9930709343718858, 0.99464627133203, 0.992091994756669, 0.9873446269678785, 0.9871311864806774, 0.9882289046622951, 0.9875844679966943, 0.9904128911129347, 0.9210137219698192, 0.694103582936616, 0.925724817949693, 0.8967395856447586, 0.749476693400005, 0.9290691013665006, 0.8996773071843046, 0.9311881164083784, 0.9257986693875435, 0.9171247272809514, 0.9532371340364771, 0.9601828278250457, 0.929992722230067, 0.9463081871507155, 0.9530535640912696, 0.9585226004203842, 0.9536988246290451, 0.9279800660408675, 0.8943059403632226, 0.924394107417719, 0.9232743896957786, 0.9067539074129158, 0.8598324628873703, 0.9581677904661986, 0.936009671244111, 0.9537720667305557, 0.932140978371415, 0.7653631907262398, 0.7951938846216912, 0.7304959038682539, 0.816411429657511, 0.8624639787395584, 0.8596190100323803, 0.8320829244637922, 0.8456933776401877, 0.29322826291253506, -0.5713639471007262, 0.9444375937214294, 0.9154356689333305, 0.920411668111631, 0.9304664196103306, 0.9129387024468945, 0.9498620811447634, 0.9494730507274123, 0.9092379055463017, 0.9465029613619561, 0.8331306549287544, 0.5947989906671562, 0.9290341487444438, 0.9337532038752597, 0.12095356737630247, 0.8988844791983052, 0.9222470060505416, 0.7967930426083424, 0.9772744247798608, 0.7788188078611242, 0.5636092184721758, 0.41160315426415495, 0.7855892379878952, 0.7872680051216977, 0.7741599273693193, 0.9810590374377054, 0.9811051247586569, 0.6563797409298422, 0.6359054069420707, 0.7151356623999492, 0.26285868125664846, 0.6895377835836257, 0.7121680776854097, 0.7264901160856153, 0.7084707560397565, 0.6963586761476803, 0.6659434782355373, 0.6438258892130012, -0.31184956894249727, -0.44634884773841593, 0.5821655337308397, 0.8596120994450296, 0.8960496808947972, 0.8975588012840086, 0.8925992340009669, 0.7581113047455933, 0.8703336275810187, 0.8845820781991603, 0.8934633461998118, 0.7397465813460397], [0.9999212546871661, 0.9997591393089118, 0.9858874095591268, 1.0, 0.9991881546713005, 0.9895402357119094, 0.9978272130840066, 0.9957471731524671, 0.9961382992285505, 0.9792130970265716, 0.9934039577203231, 0.9958757010423227, 0.9952929069973732, 0.9958006583835026, 0.9959159165953522, 0.9970475963407331, 0.9985007217645604, 0.9964594329973698, 0.9964694186918739, 0.9965836877497887, 0.9958253420035269, 0.9867210425928323, 0.9702663743009822, 0.9888244520146512, 0.9877634798215287, 0.9829038765436161, 0.965311792385125, 0.9436245537614933, 0.9937853169877886, 0.9942822542281348, 0.9918841357073723, 0.9743151568144326, 0.9975572177093767, 0.9980098883043929, 0.9973853260210169, 0.9960071912885237, 0.9957498800467335, 0.9979001696750663, 0.9977202980570539, 0.9988443549285578, 0.9974876762809192, 0.9974947721928336, 0.9783373608168462, 0.9162978857735773, 0.7463016929968898, 0.8990370659206571, 0.9015752305786694, 0.830886668052513, 0.9650996840634469, 0.9410668569188827, 0.9662423870660523, 0.9632419025115831, 0.9569748915435152, 0.9838855669190565, 0.9808390947073574, 0.98202913284932, 0.9748938452653525, 0.9841261295959098, 0.9821082642978151, 0.9846882196478395, 0.9844441848674875, 0.9496890639311962, 0.9649511305979759, 0.9694513028123088, 0.9691129086606624, 0.9367986006952022, 0.9741900945743143, 0.9696651283556863, 0.9799108041627295, 0.9789794817352059, 0.9062229247165565, 0.8546590827231659, 0.8198438891651678, 0.8733987396452377, 0.8998012540773064, 0.8972047821903119, 0.8985855542142118, 0.8972551765063455, 0.5136152303876489, -0.5704098775419026, 0.9749769737302991, 0.9645115739517504, 0.9612163312801131, 0.9829165641453891, 0.9497457842881892, 0.9800843923414406, 0.9800320005053097, 0.9431672693952877, 0.9796475600556667, 0.9273811376805355, 0.6301672527336701, 0.8645328742182032, 0.9177989753498204, 0.19560841663163564, 0.9204898023535079, 0.9409342762649217, 0.8117968780215216, 0.9579975953658234, 0.8898971360299849, 0.6519356715013157, 0.48395167906179803, 0.8866269084019885, 0.8586577997078775, 0.8827308429234813, 0.9686412595708122, 0.9688746738205569, 0.7369838720891495, 0.7024695126572121, 0.8190464026340795, 0.33589900180231763, 0.7890916630944781, 0.8230326424983927, 0.809568517072334, 0.8105798974631527, 0.7467893238275514, 0.740584218803409, 0.7205172936675149, -0.2318720418804277, -0.3707663625136583, 0.6274645558646689, 0.8981008273214238, 0.9438862672292924, 0.9480662307427575, 0.9184922920737222, 0.8256923515344939, 0.9152518378633555, 0.9368291982982249, 0.9368229744007224, 0.8657729725274284], [0.9988730048443288, 0.997432228622742, 0.9927012816265721, 0.9991881546713005, 1.0, 0.9922945330014818, 0.9990345836920942, 0.9982381694460194, 0.998293759135978, 0.9725238258547052, 0.997539001425267, 0.9982872113293756, 0.9980602834405454, 0.998273080852322, 0.9983390558769939, 0.9986059407362159, 0.99917728496176, 0.9986745477352276, 0.9986730797166125, 0.9983640351326185, 0.998268259779713, 0.9934952216034103, 0.9778187325286803, 0.9935876919113837, 0.9935099640007212, 0.986770665216679, 0.9795459246099182, 0.9467883089947189, 0.9903243155611856, 0.9925489942132542, 0.9895801185864072, 0.9649748691427478, 0.9989388359031831, 0.9989705688635956, 0.998959551387368, 0.9983907680705095, 0.9984915442675485, 0.9990604632636924, 0.9991150204185208, 0.9990068269994695, 0.9989224427363739, 0.9989196893464989, 0.9888291587624553, 0.9259627980769296, 0.7215118155829972, 0.9149452043634201, 0.9051267733599127, 0.8112154444829699, 0.94902990171965, 0.9278754002343924, 0.9527789467202059, 0.954356851423904, 0.9477935287591288, 0.9798111937190941, 0.9797341609906316, 0.9775429023022375, 0.9683094672209693, 0.9785742264482686, 0.9773371185188072, 0.9788909642771976, 0.9785834143498234, 0.9511789222113999, 0.9539482488093888, 0.9493343946483067, 0.9488705465802341, 0.9010993350794051, 0.9708612119986033, 0.9675753623389987, 0.9745737329974242, 0.9735629778994328, 0.929339077694022, 0.8284243945429779, 0.7810732734118658, 0.8543513071815146, 0.9014439171875398, 0.8816139369829277, 0.8907310369131527, 0.8894093301443471, 0.6709056812909652, -0.5933893362563482, 0.9671355309890324, 0.9512571476495715, 0.9494309257107955, 0.9787341419326858, 0.9316949406830278, 0.9718319998169772, 0.9713175422298025, 0.9313332919224153, 0.973960736685776, 0.9357270140865133, 0.615796425306098, 0.8880450038479115, 0.9394206962807774, 0.09619678437940914, 0.8967949116292618, 0.9237615738661162, 0.8052094739920965, 0.9641403991993257, 0.8783062205136684, 0.5018812419671035, 0.36626605228907283, 0.8652965099181779, 0.8179838207185556, 0.8668849146532375, 0.9731035569575546, 0.9732831760136381, 0.6890048951870256, 0.6820545606846883, 0.733401373158027, 0.30933419608182783, 0.6685208886951025, 0.7393265452358867, 0.7148913918218819, 0.6948011876596493, 0.7296766788427169, 0.7223362971992848, 0.7012606939601186, -0.45765306018530016, -0.533241803884307, 0.6147628460650486, 0.8903581341520095, 0.9275485305857561, 0.9391677209418459, 0.9144866575736972, 0.8008397610456748, 0.8967594473224807, 0.9206215680967098, 0.92014774081095, 0.7987816917664815], [0.988611814754323, 0.9903761121999465, 0.9897909946098651, 0.9895402357119094, 0.9922945330014818, 1.0, 0.9889238803842466, 0.9888520348917459, 0.98832652134478, 0.9648757452641215, 0.9789671891429836, 0.9888071866292135, 0.9899079145718088, 0.9889126242969282, 0.9890284268358578, 0.9918706037321504, 0.9900468847397689, 0.9897471564011961, 0.9897238454462473, 0.9876877175961298, 0.9888398847902146, 0.9961262006176115, 0.991051245987866, 0.9885368438745114, 0.9882957112423952, 0.9674456311541055, 0.984375649998773, 0.9654077490362051, 0.9736571417537999, 0.977287889850698, 0.9854834598686312, 0.9720840882698181, 0.9889061884815064, 0.9890716661767875, 0.9898672651808336, 0.9897937437339284, 0.9818430584830119, 0.989806162172306, 0.9892784902593605, 0.989276461744766, 0.9890032637852687, 0.9889884653687457, 0.9944769423718572, 0.8802139933731814, 0.728046255524362, 0.8751390305070587, 0.9022372816141317, 0.8369430349880649, 0.9364228836893567, 0.9126921440457175, 0.9381523715404734, 0.945162766840327, 0.9342866861798209, 0.963120917177591, 0.9676071241614266, 0.9673421367129651, 0.9788863722261594, 0.9684801232214371, 0.9802166488514212, 0.9684084747544485, 0.9678329756685041, 0.9665105169934967, 0.9586554440844428, 0.9430432595380209, 0.9425501953111278, 0.9288530454499261, 0.9772143985645432, 0.9695808577640527, 0.9684332441659194, 0.9667232752095607, 0.9475354822448744, 0.8536098792527185, 0.8056491676482918, 0.874118305853972, 0.8940492438155869, 0.9012978423919319, 0.8847522402927397, 0.8826993649904168, 0.6380919633822926, -0.534345799655956, 0.9738007647005267, 0.9688855999705765, 0.9656543195814362, 0.9684956785630641, 0.9466737662651984, 0.9742818038966553, 0.9739326673824021, 0.9532121371885671, 0.9638308032596236, 0.952882366100563, 0.6305637593530136, 0.8258325938851777, 0.9350530787502722, 0.19802263670875161, 0.9098021653948564, 0.9287003793779758, 0.8076993375687402, 0.954449931940636, 0.8475179531038718, 0.6028034556089812, 0.4650395412048433, 0.8446958325673234, 0.8201516945323125, 0.8419037551187731, 0.9568089567144709, 0.9568975041138189, 0.7010891475671837, 0.6832524031226401, 0.7648732981762185, 0.33629697714492934, 0.7425428887089078, 0.7705998284973343, 0.756422162509677, 0.758555896221278, 0.7348836741269085, 0.7128618460954457, 0.6948648336348354, -0.26254806673165565, -0.38920842427172114, 0.6593937654702192, 0.8864657842460417, 0.9044515285803773, 0.9126969221664852, 0.9010053449084359, 0.8017884333395257, 0.8733188071035545, 0.8960290322900273, 0.896098134854162, 0.8407723098296606], [0.9974744105692135, 0.992767502705925, 0.9906913525893902, 0.9978272130840066, 0.9990345836920942, 0.9889238803842466, 1.0, 0.9971130427650285, 0.9995219444579635, 0.971819755775667, 0.9994061974928198, 0.9981030584551811, 0.9990597006103781, 0.9990037162928125, 0.9987751409291237, 0.9981260376494961, 0.9998785605154621, 0.9992424013452276, 0.9992482234954372, 0.9996444982924648, 0.9992104080100206, 0.9906449255256499, 0.974429794330388, 0.9839009324726959, 0.9923826498725558, 0.9859822961317045, 0.9714767137206826, 0.9421851186083682, 0.9923651115670571, 0.9917417556800916, 0.9929468673783285, 0.97104882150567, 0.9988101391956788, 0.999814888409326, 0.9996463084454383, 0.9993851260492554, 0.9996453719996639, 0.9998458661775876, 0.9978770499836053, 0.9995230887131991, 0.9992627409411409, 0.9988630711785677, 0.983277961371982, 0.9313728576524772, 0.7364819721857689, 0.9280404744168447, 0.915387377193081, 0.8019291816544855, 0.9595889466290863, 0.940392160275605, 0.9615848738170811, 0.9584597925602493, 0.9529409463168121, 0.9819155501879315, 0.9799453789442444, 0.9394672057566612, 0.9540174164229356, 0.9681928853717342, 0.9683917635721553, 0.9700542922035285, 0.9397716007029828, 0.8879657443672166, 0.9436548394818612, 0.9544486948011794, 0.9312508544549926, 0.8741326458712344, 0.9595551087327381, 0.9286506037815134, 0.9616387262053824, 0.9397025441637753, 0.7293733494968732, 0.8230239943489969, 0.7530708092197458, 0.8403828704970217, 0.8691581280639865, 0.8727961652466162, 0.8528062954780977, 0.8652209211874883, 0.248321111170419, -0.6056413512698294, 0.9572511668160875, 0.9339003491795321, 0.9343711438979783, 0.9419218159331605, 0.9311299600045857, 0.9654910433874556, 0.965547334068221, 0.9217244441432044, 0.9616410831298619, 0.8174909852911172, 0.6113613840370891, 0.8888746333177222, 0.9176424843646437, 0.17347225087107004, 0.9177679298910536, 0.9394330716226501, 0.8057017597894683, 0.9638271668761633, 0.8310863450368862, 0.6391582961369168, 0.46798609405143426, 0.8431176765003826, 0.836748711946177, 0.8287946623342229, 0.9732823032509933, 0.9735269349187295, 0.7224155697520095, 0.6781612327748963, 0.7839855760120991, 0.30436793149145014, 0.7655560590500011, 0.792823815198857, 0.7836713822766759, 0.7890899013535815, 0.7251212277216867, 0.7268233167738791, 0.7049091451284286, -0.2512346407253619, -0.3973044739542365, 0.633809481976867, 0.8915267443819331, 0.9303805641789747, 0.9457458498972572, 0.9175134524243193, 0.8234807829146205, 0.914539216400017, 0.9364154921487287, 0.935815432980344, 0.7745752726816564], [0.9952069269041595, 0.9882317302295256, 0.9910842240865465, 0.9957471731524671, 0.9982381694460194, 0.9888520348917459, 0.9971130427650285, 1.0, 0.9999840828813905, 0.9657152463247822, 0.9996332240562532, 0.9999968666227285, 0.9996577460040059, 0.9999978168902092, 0.9999814078636601, 0.9964192810156854, 0.999137516120905, 0.9998857440225281, 0.9998851055477495, 0.9999558846977674, 0.9999942251988742, 0.9907970643771057, 0.9753545919818553, 0.9916406411920384, 0.9928826881072426, 0.9828108300990204, 0.9736309235746718, 0.9406784212029307, 0.9886676171767733, 0.9942773325479118, 0.9915748716743156, 0.967605794859397, 0.9994256444933854, 0.9994833792407624, 0.9996077878926363, 0.9996804065989089, 0.9987364430405568, 0.9993960099299846, 0.9991040789473882, 0.9982030283520859, 0.9994954170943864, 0.9993548357366018, 0.9846823278721116, 0.9318192499430881, 0.7232314667595258, 0.9347583971672758, 0.9128084907781442, 0.7797648389751273, 0.9581362640717442, 0.9354225839234228, 0.9597044782165753, 0.9519754781558668, 0.9464387516839319, 0.9799532899667875, 0.976672380750933, 0.9335609353821118, 0.9476468964941618, 0.9600051771971503, 0.96412343963768, 0.9623853370205224, 0.9377462122288088, 0.8765592266162126, 0.9372169192186217, 0.9463025400143523, 0.925040984551044, 0.858263753687106, 0.9556990741415509, 0.9208690955856609, 0.9547642364735828, 0.9341784843050835, 0.7119408572642224, 0.8124518424093765, 0.7479332421974115, 0.8297592973667974, 0.8598185070445343, 0.8663668064180219, 0.8473933339579759, 0.8567235054188373, 0.22682962335642975, -0.6118025738515878, 0.951454244193016, 0.9232930078840046, 0.9254608869490639, 0.9396323837359216, 0.9229617421149903, 0.9598738935601322, 0.9599301951839311, 0.9139844633805214, 0.9529354279860721, 0.8016883035918639, 0.6062544363716736, 0.9110079799139975, 0.9305527264946609, 0.16029182251157234, 0.9169289072708822, 0.9389264684876719, 0.802854293997635, 0.9687061713024028, 0.8351470924725585, 0.6249801632587257, 0.45504475691300356, 0.8446402122569622, 0.8337514474420683, 0.832487412745648, 0.9764171842772295, 0.9766670369639023, 0.7121109567647743, 0.6688824810606193, 0.7862267093230179, 0.2888934787539766, 0.7604016870885638, 0.788609403079185, 0.7851975995613181, 0.7836366728395994, 0.7174360613440435, 0.7202430308226825, 0.6976171555065426, -0.2687372758132757, -0.4138759000556019, 0.6143286489964858, 0.882788371382676, 0.928212261005654, 0.9380148467193931, 0.9109917809318829, 0.8118184683800531, 0.908018891478161, 0.9300984380973542, 0.9297616580721915, 0.7539036537432438], [0.9954995175923453, 0.9882714745627608, 0.9943636954976638, 0.9961382992285505, 0.998293759135978, 0.98832652134478, 0.9995219444579635, 0.9999840828813905, 1.0, 0.965010956385042, 0.9996321656001048, 0.9999812854764863, 0.9998333489330207, 0.9999898248879026, 0.9999963234474366, 0.9989782048194109, 0.9991292599440413, 0.9998202318075412, 0.999818893841193, 0.9999663891765782, 0.9999816920669514, 0.9936711990521451, 0.9764490075705589, 0.994924232864841, 0.9950797773163637, 0.9827773616203767, 0.9777782527382882, 0.941620440122759, 0.9892003178149269, 0.9933194231147864, 0.988562271478251, 0.9629375456434461, 0.9993415346576285, 0.9994230888136539, 0.9994219669083464, 0.9998343468498972, 0.9987474501274879, 0.9993860793219892, 0.9993246131843095, 0.99819405873383, 0.9993349760038396, 0.9993272605526, 0.9890259309995862, 0.9319234912619809, 0.7240503971800752, 0.9345828688955998, 0.9126766665607203, 0.7799887711342486, 0.9453923079030041, 0.9229126616173188, 0.9486727367696612, 0.9493491265151723, 0.9437095653715482, 0.9773087861978864, 0.9767909048086504, 0.9659620023403973, 0.9480608538829284, 0.9669097920370234, 0.9641801358447221, 0.967328458085811, 0.9669721422047757, 0.9373011638675065, 0.9364386795472124, 0.9378870665929785, 0.9374541814914252, 0.8883016329166817, 0.956053835223893, 0.9571642264165143, 0.9635152782535236, 0.9622643291154324, 0.9151453238699496, 0.8117054304915177, 0.7582348991371496, 0.8288582924087883, 0.8812203560729361, 0.864432325302656, 0.8722713576124183, 0.8712007419558865, 0.6144264332807086, -0.6281903031261309, 0.9513502809468669, 0.9233268904210152, 0.9255616335232963, 0.9673993137609257, 0.9143592835085016, 0.9593401088306296, 0.958793740315018, 0.9147794557878904, 0.961738311331677, 0.9195048232736455, 0.6044326525773571, 0.9104517069277295, 0.9450153858701587, 0.10386092857058914, 0.9026877042379634, 0.9288939250623777, 0.8019334318939724, 0.9673464954904585, 0.8850355223956129, 0.5303562228923081, 0.3871525348708339, 0.8726469266701055, 0.8262175181696221, 0.8748236134747032, 0.9763294660687507, 0.9766102643816379, 0.709999853013387, 0.6658725531988151, 0.7497257985672231, 0.28658195671389064, 0.6867844860069098, 0.755242631219668, 0.7327772891245915, 0.7135576427264582, 0.7147062000377953, 0.7169679901117029, 0.6942931620670392, -0.5077795765490278, -0.5847810604411788, 0.6141513159805049, 0.8816830101583761, 0.9268801082375857, 0.9394196142490253, 0.9100302951538114, 0.8067348073942463, 0.8969203381342452, 0.9200193315240166, 0.9194526986594731, 0.8081406536635029], [0.9795277625276825, 0.9666763981915469, 0.9541587416841563, 0.9792130970265716, 0.9725238258547052, 0.9648757452641215, 0.971819755775667, 0.9657152463247822, 0.965010956385042, 1.0, 0.9503148228311064, 0.9661151977679214, 0.965016320750285, 0.9658395763185936, 0.9653892024903121, 0.9668779127734436, 0.9749762876676092, 0.9703670247915478, 0.9703909321020658, 0.9658924220593412, 0.9659793253721622, 0.9656427290089467, 0.9526358795394301, 0.9728079187213502, 0.9706585770396072, 0.889798817079266, 0.9692378007532388, 0.9509554410588245, 0.9757293695983383, 0.9697895569877821, 0.9698093232567307, 0.9349746742501088, 0.9742182550892019, 0.9737777294153542, 0.9742578201942657, 0.9662719490737589, 0.9583262542906028, 0.9732340778291215, 0.9740478760559276, 0.9780839896947497, 0.9744085127623298, 0.974436811535863, 0.9558451697647599, 0.8439408265743273, 0.5435940988832746, 0.7896510401723923, 0.8905041160041649, 0.8752580502369564, 0.9019360912672918, 0.8273500530015734, 0.9064508103795933, 0.915665095977851, 0.9035460470608525, 0.9324474294320403, 0.9322990440426622, 0.9437300961972108, 0.9352093443622321, 0.9543512042139682, 0.9478410421679019, 0.9526663226326694, 0.9526837585266383, 0.9120887050560089, 0.9525398799722671, 0.937305736720422, 0.9370041408205074, 0.8573353916156798, 0.9353607828666222, 0.9434114845347603, 0.9367165689150502, 0.9356545275962858, 0.8861999649093931, 0.8195035446069805, 0.7756126641951591, 0.863085510154645, 0.9150805396192029, 0.886596119335701, 0.9008826238258882, 0.9001472013424762, 0.710180649847791, -0.31350191919719284, 0.9530084290998913, 0.9534511916729238, 0.9458986826237386, 0.9455500506326507, 0.9034673475245437, 0.9542774115409127, 0.9541982088695873, 0.901287154293724, 0.9562931562319504, 0.9063829214048604, 0.7107035699705588, 0.68092830716895, 0.8645146557345801, 0.11441966882443817, 0.852357955065072, 0.8894927848164856, 0.8743218725823496, 0.9493801791949145, 0.905728156602521, 0.4271257610894199, 0.4184426715700574, 0.8977871509437492, 0.8740382980438839, 0.9042515074893122, 0.9496580207445586, 0.9500030624191191, 0.5401296811903661, 0.7046859626955156, 0.6163842915626263, 0.4856244959642151, 0.5747890296341895, 0.6309191014677705, 0.5914784129287821, 0.5669515337719291, 0.8067109735520295, 0.6840230242432541, 0.6486916448067592, -0.2804246080830789, -0.3284238515056287, 0.7504971015046472, 0.9172931482103868, 0.9237241995761241, 0.9113982451514397, 0.942308621618862, 0.6597019052241291, 0.8429456234590285, 0.9099761061592536, 0.9091149021880827, 0.6919042372114769], [0.9918792424350324, 0.9907638724074922, 0.9969063417037662, 0.9934039577203231, 0.997539001425267, 0.9789671891429836, 0.9994061974928198, 0.9996332240562532, 0.9996321656001048, 0.9503148228311064, 1.0, 0.9996630910443393, 0.9996401363893862, 0.9996483226306728, 0.9996544801399871, 0.9993990760442759, 0.9987867361825706, 0.999953547920138, 0.9999522533734043, 0.99964726721876, 0.9996541080184265, 0.9896855798068322, 0.95576782826831, 0.9908273551091892, 0.9920067835364241, 0.9875147198481388, 0.9690320226846986, 0.8913486826571482, 0.9883832125929424, 0.9922171547383938, 0.971765680139426, 0.8940423091789875, 0.9991290583488674, 0.9991999025459515, 0.9991255007473205, 0.9994450016240082, 0.9993840411153551, 0.9991485606566882, 0.9990052125117427, 0.9970742897373344, 0.9990983913748976, 0.9990893601399791, 0.9893669109309613, 0.9258576592483231, 0.5769871377966891, 0.9298353043299225, 0.9118516764353866, 0.784505415237171, 0.8595690533713908, 0.8910431875500372, 0.8651708271394845, 0.8751313808808788, 0.8564291904221656, 0.9501577070041579, 0.9500704322622564, 0.9482843489126567, 0.9507726152971311, 0.9397002396554949, 0.941810513358762, 0.944360185000253, 0.9441527722819563, 0.8922317608832845, 0.90406360644369, 0.8602857750779707, 0.8600692572924259, 0.7341993335144094, 0.9441994598300792, 0.9477895094394742, 0.9479833158280062, 0.9472535264314214, 0.8935887194451849, 0.5808909645650306, 0.5161264541706406, 0.6789535054953755, 0.7859579056326443, 0.7090248608375151, 0.7499427348279083, 0.7487383643611275, 0.5054553217552994, -0.4018286725782183, 0.9167824302426753, 0.9274245503421131, 0.916423280514128, 0.9498343634767344, 0.8692630350345113, 0.9230664880556815, 0.9217464728782108, 0.8492065887443504, 0.9276584611532314, 0.8572366341251588, 0.4887077252478913, 0.9066100280193475, 0.9023943948641884, -0.19048513499412795, 0.670247593746964, 0.7597472329189077, 0.641204579716083, 0.9694920183303588, 0.6568701343583395, -0.1624394662652343, -0.04620396439302972, 0.6279775609572641, 0.6336795753877766, 0.6751087423086599, 0.970808104776091, 0.9708612524251374, -0.03460926726618333, 0.1902513665486122, 0.047922271106678835, 0.014127115166824805, 0.04106494995905418, 0.060240879630136766, 0.027053294667647037, -0.020461050786572597, 0.3855640273887719, 0.1203923366904217, 0.06881469016260017, -0.5249370905916141, -0.5566519040208565, 0.6142758977403957, 0.736103672481134, 0.7600112186560255, 0.825334438610655, 0.8225168893505957, 0.5111545347922101, 0.7214415821451784, 0.7569598318463349, 0.7556570340633805, 0.4013817542340879], [0.9953535148967131, 0.9884924041447979, 0.9909846967980889, 0.9958757010423227, 0.9982872113293756, 0.9888071866292135, 0.9981030584551811, 0.9999968666227285, 0.9999812854764863, 0.9661151977679214, 0.9996630910443393, 1.0, 0.9996430996800515, 0.9999976391793202, 0.9999842480198009, 0.9970632273953619, 0.9991964995045507, 0.9998973099406026, 0.9998969410110182, 0.9999637675867437, 0.999994789303077, 0.9907131339389353, 0.975240269064042, 0.9922937016537199, 0.9928474999487839, 0.9830259580482813, 0.9734732102020681, 0.9407140952087665, 0.989550623442907, 0.9943295018527928, 0.9916459568205264, 0.9677505893221999, 0.9994677731153966, 0.99952765571425, 0.9996414084342101, 0.9996826242649047, 0.9988295130804558, 0.9994422717307295, 0.9991428667906689, 0.998294325204634, 0.9995388972045992, 0.9993979710982032, 0.9844985945987546, 0.932101022279185, 0.7239385365623412, 0.9346847388811788, 0.9130896147013698, 0.7809696154116506, 0.9584536402243862, 0.9358363964677641, 0.9600304381676668, 0.9523459615578573, 0.9468306480724494, 0.980188799355059, 0.9768556473244202, 0.9339046646768402, 0.9478923440800779, 0.9603480558430333, 0.9643070666174036, 0.9627199253069015, 0.9380279538425954, 0.8768181587011278, 0.9375510849940022, 0.9467566784872984, 0.9254985953313634, 0.8587656068336833, 0.9558286087292814, 0.9211356014540115, 0.9550316656643419, 0.9345023907005646, 0.7121328467497926, 0.8130030968389548, 0.7485193835493584, 0.8303012361079188, 0.8602263090344274, 0.8666902318879975, 0.8478526339172703, 0.8572077732351017, 0.2272415489208249, -0.6116596404067572, 0.951724356859337, 0.9237889515612661, 0.9258618324096514, 0.9398973761614502, 0.9233213895991693, 0.9601434363178171, 0.9602002966593278, 0.9142744036817527, 0.9533037574260059, 0.8020178355987877, 0.60650577082974, 0.9100079474853957, 0.9300022072038296, 0.16093009943947034, 0.9169964237306167, 0.9389892804519047, 0.8031559007666177, 0.9685320333692607, 0.8355799098937705, 0.6259726672604229, 0.45590793728060997, 0.8450978050997644, 0.8342844498066851, 0.8329058956039961, 0.976330686091501, 0.9765803828613955, 0.7127773884418817, 0.6695231567365384, 0.786785554356759, 0.2898066627006421, 0.7610869535014192, 0.7892767925375406, 0.7857613422176191, 0.7843342844468056, 0.7178632868185609, 0.7207041710830823, 0.6981088116709725, -0.26767899504206294, -0.41291429927240614, 0.614968656234182, 0.8833034492243564, 0.9286141293852366, 0.9385087936630935, 0.9114390629946622, 0.8123673227434217, 0.9085568567435324, 0.9306242384277452, 0.9302731577416636, 0.7545711414092153], [0.9945588781872573, 0.9883023952674665, 0.9929264997418136, 0.9952929069973732, 0.9980602834405454, 0.9899079145718088, 0.9990597006103781, 0.9996577460040059, 0.9998333489330207, 0.965016320750285, 0.9996401363893862, 0.9996430996800515, 1.0, 0.999679706777579, 0.9996643753676725, 0.999098082053373, 0.998696061277339, 0.999462965119562, 0.999454946033805, 0.9996595233118425, 0.9996328862268038, 0.9927099234165117, 0.9768386566936573, 0.9956643777271079, 0.9955547785965663, 0.9828508541024604, 0.9762925420423101, 0.943224665679938, 0.9887077305255957, 0.9923201832774351, 0.9907225993293971, 0.9653198321601039, 0.998754869607927, 0.9990617698383378, 0.9992593952679085, 0.9999210102137528, 0.9987733766750473, 0.9990261696107231, 0.9985788357116517, 0.9975148614709799, 0.9987458836896432, 0.9986685358100875, 0.9884452592649426, 0.9320659074442846, 0.7198607130418584, 0.9348088153628, 0.9129871811337548, 0.7802411864226324, 0.9541042983191964, 0.9287980639012935, 0.95505333196827, 0.948895322414797, 0.9428136821415344, 0.9766312859532109, 0.9747538411066581, 0.9575438717090319, 0.9475465098732899, 0.9606115488468457, 0.9634890737126043, 0.9625159271551085, 0.9618137629714492, 0.8809032946155577, 0.934437952250758, 0.9450662472673106, 0.9447800907265254, 0.8567857545134264, 0.9561016890786433, 0.9330838879884006, 0.956920440446014, 0.9555122846744636, 0.7164790780890942, 0.8098050767808783, 0.7727675879067306, 0.8277705928844145, 0.8616726458385751, 0.8656972192944389, 0.8559443786591492, 0.8562042935441572, 0.2113271039266111, -0.606207259142463, 0.9507255849522214, 0.9234524772970595, 0.9247029225989297, 0.9604637645211567, 0.9222850791702336, 0.9588309817973393, 0.9588403700083786, 0.9138671438542123, 0.9536249716481532, 0.8087925237043357, 0.6069740567759557, 0.9105838369366421, 0.9305912783290503, 0.156318032590793, 0.9149305640612809, 0.9372601895431893, 0.8041546712933448, 0.9712577783349224, 0.8293646894022788, 0.6178257498831153, 0.4507440001881292, 0.836223658894257, 0.8289310507036322, 0.8246758890680105, 0.9782954189635836, 0.9785025655988334, 0.7034876296202153, 0.6639688464167729, 0.7658257196308107, 0.28949894564752077, 0.7510216350336609, 0.7778875497645151, 0.7544332968210284, 0.7732122195524318, 0.7154942000643465, 0.7103505003831094, 0.6880181672051691, -0.2744890008850262, -0.41811673727445325, 0.6145278071586587, 0.8810702944095751, 0.9300816206111362, 0.9339891233848089, 0.9106182090987051, 0.8044622905099601, 0.9021755939244044, 0.9235649423884349, 0.9238790189996277, 0.7485875475596198], [0.9952622078132277, 0.988353631046015, 0.9911459671654019, 0.9958006583835026, 0.998273080852322, 0.9889126242969282, 0.9990037162928125, 0.9999978168902092, 0.9999898248879026, 0.9658395763185936, 0.9996483226306728, 0.9999976391793202, 0.999679706777579, 1.0, 0.999988356035657, 0.998618556182835, 0.9991602649203422, 0.9998894088001999, 0.9998884477070124, 0.9999579373538375, 0.9999920663338895, 0.9908365183695875, 0.9754087340580346, 0.9941524624557244, 0.9940020807822215, 0.9829371192556713, 0.9736750588812614, 0.9408633758709201, 0.9920254751046306, 0.9946474265170775, 0.9915175835826422, 0.9675035787766957, 0.9994418262029716, 0.9994884422011888, 0.9996180916796735, 0.9996994141004961, 0.998779929211392, 0.9994072826595555, 0.9991712435337039, 0.9982255155225463, 0.9995092693949513, 0.9993718964935363, 0.9846636053179328, 0.931921349725661, 0.7233211009589282, 0.9347777118725368, 0.9130153547759329, 0.7803374198462687, 0.9582462850722252, 0.9356002925357817, 0.9598513216584362, 0.95194407421883, 0.9463826006997168, 0.9800028344759556, 0.9766358092058345, 0.9339218776412525, 0.9477805134696002, 0.9602061589537135, 0.9641924229328246, 0.9625694307194657, 0.9374463501896122, 0.8768023532881718, 0.9370586712050367, 0.9463803674373793, 0.9253009391734678, 0.8584028748370572, 0.9558656967641765, 0.9212928428555649, 0.9550111808569334, 0.9345575643852962, 0.7123426289086916, 0.8123944057281609, 0.7482435602843422, 0.8297478690899742, 0.8600125187642044, 0.8663353687670996, 0.847572351858121, 0.8569199421218845, 0.22720123760722818, -0.6115055850182937, 0.9515215992661191, 0.9235272209120191, 0.9256521055843386, 0.9376336553708222, 0.9231774773576549, 0.9599511066305977, 0.9600041597550526, 0.9141641152502716, 0.9531365383746405, 0.8019921084890372, 0.606309960924024, 0.9105315459650963, 0.930395762772624, 0.1602994964589364, 0.9167936907636067, 0.9388210377402113, 0.8028601744607766, 0.9687232674604873, 0.8352137633491675, 0.6248619594633166, 0.45496268373414706, 0.8446907557149433, 0.8339234286815306, 0.8325469879602454, 0.9764702936312493, 0.9767163359829509, 0.7116544772985024, 0.6684711501713977, 0.7862354953551247, 0.2892174854191748, 0.7604001041367273, 0.7885504793607321, 0.7853985709220781, 0.783553135663925, 0.7173345931185373, 0.7194064989154083, 0.6968167336103309, -0.2685230740151289, -0.4136575443763424, 0.614694457543484, 0.8827200068880959, 0.9283760038117361, 0.9380978170023118, 0.9110591064874759, 0.8116346278562871, 0.9082732222585059, 0.9301767976898426, 0.9299578121080918, 0.7540415981280162], [0.9953992992154359, 0.9884517383628129, 0.9910560648925774, 0.9959159165953522, 0.9983390558769939, 0.9890284268358578, 0.9987751409291237, 0.9999814078636601, 0.9999963234474366, 0.9653892024903121, 0.9996544801399871, 0.9999842480198009, 0.9996643753676725, 0.999988356035657, 1.0, 0.9986179397545425, 0.9992053113857429, 0.999885532196944, 0.9998854744730605, 0.9999565729942662, 0.9999773058231624, 0.9907489157762466, 0.9754065881853032, 0.9926117739386451, 0.992648638726135, 0.9829991863763288, 0.9733960972567016, 0.9407751165622873, 0.9920712740971706, 0.9942418879187053, 0.9913565489016417, 0.9673617426192701, 0.9994822135785333, 0.9994735430019547, 0.9996034244813139, 0.9996896084738651, 0.99879960992689, 0.9994120674658294, 0.999202231450528, 0.998281158811111, 0.9995411193820485, 0.9994180753594821, 0.9844526473921167, 0.9318569515597566, 0.72401617923315, 0.9344380505172566, 0.9127968343118393, 0.7806718722515049, 0.9588320473070066, 0.9366616331956795, 0.9604907206472273, 0.9521072448579904, 0.9465557736922724, 0.9804833252864946, 0.976811822716621, 0.9347141827535029, 0.9482040860078718, 0.960597676732891, 0.964354869281453, 0.9629698561122607, 0.9387902101494582, 0.8769330515064923, 0.9366164963387469, 0.9466843179701179, 0.9260516323260394, 0.8582600360938032, 0.956271263241736, 0.9219167630861044, 0.955534917223121, 0.9354821440719342, 0.7120132296516537, 0.8120135386530716, 0.7492189090964158, 0.8291488078994682, 0.859957914043422, 0.865779920297916, 0.8480367405766134, 0.8573250364198295, 0.22652213270824242, -0.6112139634041992, 0.9515482564960408, 0.9237364664688129, 0.9258908989389363, 0.9407208467202952, 0.9236927074550125, 0.9600871194209583, 0.9602078015500117, 0.9145014752400044, 0.9534834580520982, 0.8018638968942331, 0.6050469835031416, 0.9099944106160124, 0.9300389894644832, 0.15882789414892745, 0.9163310856972408, 0.938313249217533, 0.8019669010390567, 0.968332055909883, 0.8361939344617765, 0.6245622355018475, 0.453994020441704, 0.8452081990566986, 0.8343265401539557, 0.8332823079245609, 0.9762339178369728, 0.9765148672289183, 0.710344826059727, 0.6662414745221, 0.7873311059874013, 0.2875975821896584, 0.7606317270501253, 0.7889406164959681, 0.7866327144355213, 0.7837666200904521, 0.7155677841072272, 0.717171380068357, 0.6945457071392177, -0.2677779834344683, -0.41297051368574306, 0.6143384216835311, 0.881891151783481, 0.9289833141636141, 0.9386181958899825, 0.9103513452882539, 0.8117995929751733, 0.9093194701152978, 0.9307809891320714, 0.9306655555005404, 0.7539351298533582], [0.9965213871772977, 0.9933499635034554, 0.9916445602177455, 0.9970475963407331, 0.9986059407362159, 0.9918706037321504, 0.9981260376494961, 0.9964192810156854, 0.9989782048194109, 0.9668779127734436, 0.9993990760442759, 0.9970632273953619, 0.999098082053373, 0.998618556182835, 0.9986179397545425, 1.0, 0.9989443035090257, 0.9989713297010988, 0.9989674528189976, 0.9987909328809338, 0.9985099545253177, 0.9922391269835303, 0.978061780435723, 0.9834939216653281, 0.9899396879674425, 0.9888184175849782, 0.9754192452316469, 0.9481246734098693, 0.9931187024645903, 0.9930322930259738, 0.9903987089259645, 0.9674735225549729, 0.998790811167918, 0.9987293392244494, 0.9989417212798023, 0.9986360024927555, 0.9993789804478346, 0.998869073298977, 0.9989109364801532, 0.9981000109803672, 0.99867347637585, 0.998739404287688, 0.9834017508652099, 0.925217253752139, 0.7294009388297247, 0.9278330625244396, 0.9153964000704228, 0.7979969724440621, 0.9620492433685172, 0.9405954071510889, 0.9640905575394139, 0.9519995921076441, 0.945083933717581, 0.9809984383850016, 0.9762362371213328, 0.9471360822126377, 0.9572949269787387, 0.9673706105474518, 0.9688188091340418, 0.9688909365674542, 0.9501655221924183, 0.8886711692249121, 0.9404205951520618, 0.9514618662340126, 0.9367987579829462, 0.8689794541948701, 0.9625254489341905, 0.9352317272534546, 0.9629878943954151, 0.9479090209051401, 0.7295090961361022, 0.819586810410124, 0.7665699858368552, 0.8379341962152317, 0.8722516243117837, 0.8728066104916845, 0.8587989