var config = { responsive: true }

var correlationClose = {"data": [{"type": "heatmap", "z": [[1.0, 0.9999846871582336, 0.9773227028901847, 0.9996902867931162, 0.9972809968601011, 1.0, 0.9902269335999175, 0.9855089793345975, 0.9908247075861623, 0.9725525171524338, 0.979766156687848, 0.9902740946713053, 0.9904329497477788, 0.9903434594286927, 0.9903952524448464, 0.9932365100818095, 0.9934713764375465, 0.9914249210885017, 0.9914109460976468, 0.9913996371023799, 0.9902625815938989, 0.9774140100291101, 0.9643876683963333, 0.9764422732903345, 0.9764159673210119, 0.9521873152341719, 0.952988076475623, 0.9438780502864904, 0.9898830617149993, 0.989843289888268, 0.9857828695865694, 0.9739645976135326, 0.9933563046569538, 0.9942794308307142, 0.9933730747139864, 0.9916217877435072, 0.9860702612930996, 0.9939689678429608, 0.9939133487302209, 0.9948341443978251, 0.9935604078271151, 0.9935476628255486, 0.9935604078271151, 0.8948729838545776, 0.6874143901960263, 0.8599280520550026, 0.886814806878222, 0.8049068452276957, 0.9630978930035367, 0.9288082919677356, 0.9534909385355567, 0.9484930318461638, 0.951384117940738, 0.9778556331370536, 0.9718044767718383, 0.9089461290178028, 0.8993358193444783, 0.9285129355425741, 0.9002156740665468, 0.9249627256323338, 0.9258275297708225, 0.9249627256323338, 0.8323738332673671, 0.9027123882871638, 0.9038812615985747, 0.9027123882871638, 0.8850553717814115, 0.7137264434845089, 0.8614994955727512, 0.8632810834324354, 0.8614994955727512, 0.6013533459024014, 0.4882578745772106, 0.5767295093044014, 0.7292601479276455, 0.46624214890487936, 0.5293524920862253, 0.5312176062130469, 0.5293524920862253, -0.5990619881905407, 0.8724292586381263, 0.9030901235901939, 0.8847604714096566, 0.9104516022370047, 0.9351433840544792, 0.8703921034633348, 0.8717900646670412, 0.8703921034633348, 0.8824988417628882, 0.8824988417628882, -0.1730352876160085, 0.5146089197606499, 0.2071186456229562, -0.5194522003246134, -0.5478384435289207, -0.5516422320564998, -0.005836779127193396, 0.03598405277671934, 0.280996474441753, 0.18289367169928283, 0.10864788419853692, 0.08345921458742075, 0.10991357137586337, -0.18263205741856203, 0.10482011765399214, 0.10514651959329156, -0.5218206528285503, -0.4187581306071667, -0.1828233889696846, -0.46450247232560193, -0.34807685088096446, -0.32302338171459477, -0.31362092891399956, -0.32302338171459477, -0.170201884018912, -0.22782714126455408, -0.22782714126455408, -0.5277404242795963, -0.5277404242795963, 0.4015209846743526, 0.6671146775858611, 0.8776805575712264, 0.8560008576815028, 0.7952467423439834, 0.6754881593746259, 0.7752730775635258, 0.8159561173366385, 0.8161683844615784, 0.8159561173366385], [0.9999846871582336, 1.0, 0.9650552972822041, 0.9991252418836917, 0.9928964692438, 0.9999846871582334, 0.975110873367284, 0.9648590676366928, 0.9748513216346065, 0.9550376459574884, 0.9772627110639523, 0.9751677791776636, 0.9751200492534516, 0.9749176038763498, 0.9740585559672451, 0.9836221096951245, 0.9821393266955342, 0.9812296869098238, 0.9811964776118373, 0.9752434192490428, 0.9752326395323093, 0.9800358423489781, 0.9641744924609402, 0.9673003455483343, 0.9673838343194854, 0.9525055629924695, 0.9721468468533525, 0.9243851828190339, 0.9740154456701955, 0.9740883392077995, 0.9700792611797725, 0.9157461201936096, 0.9860088175271368, 0.98611409836095, 0.9869704468900463, 0.9777521537181518, 0.9841484643488582, 0.9859955158264038, 0.9867244998284989, 0.9865054857591268, 0.987091873082647, 0.9870690222890535, 0.987091873082647, 0.8950642650148706, 0.5934522157415948, 0.8607469943257975, 0.8875518316116565, 0.8041003549648645, 0.8581555487626452, 0.8802034810587042, 0.847634427421641, 0.8664783987281124, 0.8543282378966228, 0.9364408268206551, 0.9365126549039778, 0.9128510927504638, 0.9240981572134511, 0.8989714020506544, 0.8986758680145289, 0.906347942941265, 0.9071831232477208, 0.906347942941265, 0.7531761846597351, 0.7127571937776135, 0.7148086983408628, 0.7127571937776135, 0.9176189350821305, 0.923411333390061, 0.9173242444930276, 0.9187086648730777, 0.9173242444930276, 0.41180220096666864, 0.35654604868669687, 0.4793030236324176, 0.5809660437359644, 0.4563153321723647, 0.5018461276449402, 0.5031007399691986, 0.5018461276449402, -0.20144319731342483, 0.8509589518075632, 0.8906618484776365, 0.8755673818527975, 0.920702582946114, 0.9222669189913587, 0.843935681200451, 0.844400366607506, 0.843935681200451, 0.8562780001373155, 0.8562780001373155, -0.2801725812800164, 0.5151926582115777, -0.3797882005032964, -0.46106041235324563, -0.4601245942674865, -0.46359375038352485, -0.2742067616209526, 0.20619918003357707, -0.19049846703037873, -0.3521162008977764, -0.202119156029822, -0.25676805998577473, -0.2812868905775638, -0.30983832670003847, 0.07875876106552289, 0.07352225150884813, -0.4749473666153025, -0.42734647498001965, -0.45510660313793116, -0.48482625108730304, -0.4773772861671013, -0.45801904753991013, -0.4611921302863832, -0.45801904753991013, -0.35399106807665254, -0.4826789192170824, -0.4826789192170824, -0.4613069113930834, -0.4613069113930834, 0.4008897609366691, 0.43355926073911044, 0.5270357979545199, 0.6114619645237296, 0.5875973769139812, 0.264108669290174, 0.40299016063613724, 0.3968701638032086, 0.3970007276403438, 0.3968701638032086], [0.9773227028901847, 0.9650552972822041, 1.0, 0.9813729677312012, 0.9910364271301575, 0.9773227028901849, 0.985395055887145, 0.9835339337242942, 0.9922872622392113, 0.9344144049199603, 0.9963735940145388, 0.9853495910879086, 0.9828682129497265, 0.9851162942069598, 0.9850173325247858, 0.9881620943830741, 0.9891508241802542, 0.9828460043727818, 0.9828300665089993, 0.9908066243834169, 0.9852578014568378, 0.9906205710183783, 0.9792093109024207, 0.9829372828285912, 0.9829540811664536, 0.980387949374748, 0.9775761120848507, 0.9466596123657711, 0.9669428429361534, 0.967019260660591, 0.9717869844978498, 0.9472016481562023, 0.9812968643261688, 0.9877466166111906, 0.9796241424305248, 0.9826880355820454, 0.9934849407355956, 0.9897123739251142, 0.9794214781174987, 0.9867842668787087, 0.9809689266398453, 0.980265720382685, 0.9809689266398453, 0.9030567912585156, 0.6026510565748174, 0.904314269316173, 0.8707548775974551, 0.6522627577813688, 0.9061755309602509, 0.8569825170801515, 0.8936742938224956, 0.8903878170207952, 0.8972928895467834, 0.9288736521223848, 0.938421264040956, 0.7424850594526757, 0.8061190827389492, 0.818350537968144, 0.8400553246041969, 0.8106418907464659, 0.7786476495446787, 0.8106418907464659, 0.7261223232502743, 0.7646118958969573, 0.763729010520187, 0.7646118958969573, 0.8327861375300389, 0.40171328011957386, 0.5925024733782309, 0.6605585459900244, 0.5925024733782309, 0.49608668843832415, 0.463489589370561, 0.4615574059924794, 0.6203932210662697, 0.4006327516272497, 0.42821928448632185, 0.3951143273102393, 0.42821928448632185, -0.5899611560831164, 0.7992579102077186, 0.7806706950955998, 0.7815062542700124, 0.7568171402287668, 0.88407420495218, 0.8045985820468081, 0.8070382624638536, 0.8045985820468081, 0.7487359954679129, 0.7487359954679129, -0.2803013423633272, 0.7050312322505383, 0.16136784447684582, -0.6141677291244749, -0.6385560666536072, -0.6414018204429123, -0.1177806285050247, -0.0038798487182623693, 0.27903780163900144, 0.048633891876011394, 0.0020172179732606457, 0.03579847681399263, 0.001190649208876743, -0.17834502476296052, 0.009187812712417203, 0.009226050821144999, -0.6112551900006762, -0.5313368269408849, -0.13802503868702845, -0.5863798857698632, -0.4443592681559078, -0.40813405301994055, -0.24019141022902146, -0.40813405301994055, -0.29398129083662383, -0.3627153407247375, -0.3627153407247375, -0.6294620468793638, -0.6294620468793638, 0.31820353478119523, 0.5723786434650325, 0.7838376314061225, 0.7629330614154474, 0.7319521907868305, 0.568537668585659, 0.7090117435123363, 0.7159793224339268, 0.7479774133771139, 0.7159793224339268], [0.9996902867931162, 0.9991252418836917, 0.9813729677312012, 1.0, 0.9985206944467369, 0.999690286793116, 0.9919204121997375, 0.9876889308252909, 0.9929270624140132, 0.9702812914889518, 0.9854432830371891, 0.9919552925946151, 0.9920423586350111, 0.9919952766608812, 0.9920367496179033, 0.9948645927058402, 0.9950186306229801, 0.9928771279259834, 0.9928657866582223, 0.9932674064339927, 0.9919354687050924, 0.9807874353831387, 0.9675099523656121, 0.979522535574781, 0.9794971595921776, 0.9647685994510066, 0.9575619646942215, 0.9451894628133799, 0.9897589220905403, 0.989730635607217, 0.9866748649606624, 0.9733250981441498, 0.9942267550337931, 0.9954807536090708, 0.9941955779672624, 0.9928620980951974, 0.9902587523121114, 0.9954218480348495, 0.9945925046516986, 0.9959610916543195, 0.9943250696154544, 0.9943168940832673, 0.9943250696154544, 0.8938397794418523, 0.6746529315731922, 0.8692903814013863, 0.8817518133395481, 0.7811367612520806, 0.9571726319050808, 0.9208289213236739, 0.9465820430328096, 0.942715197279125, 0.9463098114813415, 0.973585307689244, 0.9690139099067625, 0.8830003987359791, 0.8890385861556458, 0.9124414968110549, 0.8944694861089947, 0.9038830017283177, 0.9050798339569047, 0.9038830017283177, 0.8215669188150161, 0.8884840097116969, 0.8897727543258798, 0.8884840097116969, 0.879897057056702, 0.6419610227877177, 0.8140648541261432, 0.8158873643243354, 0.8140648541261432, 0.5905654603219909, 0.45998340164207624, 0.5638001412204217, 0.7102175149810985, 0.45897223797326414, 0.49578684346830043, 0.49837478774418087, 0.49578684346830043, -0.6007847204093606, 0.8648499807680463, 0.8905832995919192, 0.8733323854589449, 0.881812744369419, 0.9309918598186054, 0.8639302683730035, 0.8655125874638058, 0.8639302683730035, 0.8587119683105392, 0.8587119683105392, -0.17997081860277733, 0.5454564143705112, 0.21185662633021932, -0.5281528537709625, -0.5561223086389137, -0.5598324424291274, -0.018836894715414068, 0.02987049579804191, 0.27360107445217774, 0.1700733271587071, 0.09769331006560315, 0.0765649067443242, 0.10358392162888777, -0.19091000093419658, 0.09287250209629577, 0.09324756691864883, -0.5297810239830866, -0.4303585401487769, -0.18488281553461028, -0.4779275036791007, -0.350775888681702, -0.3250966959324978, -0.3162580913055936, -0.3250966959324978, -0.1802868039465797, -0.2385951095602472, -0.2385951095602472, -0.5392832989505649, -0.5392832989505649, 0.3854881568698619, 0.6548145431553997, 0.8702229051479807, 0.8485859906510859, 0.7878866771537821, 0.666685829857715, 0.7664905974978337, 0.8074971971961937, 0.8077219005255009, 0.8074971971961937], [0.9972809968601011, 0.9928964692438, 0.9910364271301575, 0.9985206944467369, 1.0, 0.9972809968601011, 0.9965478898502098, 0.9943730310688847, 0.9967344446918096, 0.9590269899291061, 0.9947560463620303, 0.996569000255912, 0.9966682820521413, 0.9966025385006152, 0.9966078190442441, 0.9976910969271418, 0.9972763444975572, 0.9971860509915387, 0.9971829034099552, 0.996562672487969, 0.9965592825632024, 0.9931107646305332, 0.9799987989263291, 0.9897526858477411, 0.9897053745365683, 0.9814449790297731, 0.979026205283939, 0.9488949396652792, 0.9881990751684413, 0.9881431562827254, 0.9874612841758934, 0.9639041645720553, 0.9976504275550092, 0.9975949078908486, 0.9974993210224271, 0.9970474472743818, 0.9968901081316882, 0.9978156031912382, 0.9979239938982292, 0.997665613907748, 0.9976203951329463, 0.9976254785004937, 0.9976203951329463, 0.9101738034384539, 0.6361553376036113, 0.8941669140252083, 0.8844482174220266, 0.7441596524752299, 0.9356993278086606, 0.8938406937451898, 0.9242783563160941, 0.9277084821724665, 0.9345894865284156, 0.9668230840061102, 0.9669299955248644, 0.8739539692220651, 0.8635440553873281, 0.8945631463442475, 0.8776530447614176, 0.8923927825551331, 0.8929029575227897, 0.8923927825551331, 0.7885506342761063, 0.8251940537474426, 0.8267261506131066, 0.8251940537474426, 0.8648764397832585, 0.7471317583113041, 0.8443702594532282, 0.8455225264833559, 0.8443702594532282, 0.5381086897602343, 0.3995166567124596, 0.5199820312744411, 0.6967998295306018, 0.5139258459473339, 0.4901457520117649, 0.49015165524433246, 0.4901457520117649, -0.5900591583672391, 0.8413108729591074, 0.8550832066951228, 0.8418829052402182, 0.8847613288746744, 0.9040779924035228, 0.8433988276170528, 0.8449250370450438, 0.8433988276170528, 0.8520381440803265, 0.8520381440803265, -0.2258565027367607, 0.612679902177244, 0.066381133494368, -0.5851920279081431, -0.6178393698939584, -0.6182751178077421, -0.05672415762038398, 0.050327253722281654, -0.12644728406184338, -0.08279924382193882, -0.05650922899743598, -0.30029586400476815, -0.35347889115752495, -0.49761005375357775, 0.05664927914162709, 0.056853688925343565, -0.5625776109580511, -0.4710457694378692, -0.49198904546427225, -0.5246332217048558, -0.5810319916358049, -0.5511375229548449, -0.5535921677518884, -0.5511375229548449, -0.22703508032930927, -0.2797032890811521, -0.2797032890811521, -0.6441303351293279, -0.6441303351293279, 0.36163152974741536, 0.6322788714443942, 0.8181957357181068, 0.7912060574944618, 0.7743110420822461, 0.5943385974188795, 0.61522874700485, 0.698550903947425, 0.6988855026711561, 0.698550903947425], [1.0, 0.9999846871582334, 0.9773227028901849, 0.999690286793116, 0.9972809968601011, 1.0, 0.9902269335999175, 0.9855089793345975, 0.9908247075861623, 0.9725525171524338, 0.979766156687848, 0.9902740946713053, 0.9904329497477788, 0.9903434594286927, 0.9903952524448464, 0.9932365100818095, 0.9934713764375465, 0.9914249210885017, 0.9914109460976468, 0.9913996371023799, 0.9902625815938989, 0.9774140100291101, 0.9643876683963333, 0.9764422732903345, 0.9764159673210119, 0.9521873152341719, 0.952988076475623, 0.9438780502864904, 0.9898830617149993, 0.989843289888268, 0.9857828695865694, 0.9739645976135326, 0.9933563046569538, 0.9942794308307142, 0.9933730747139864, 0.9916217877435072, 0.9860702612930996, 0.9939689678429608, 0.9939133487302209, 0.9948341443978251, 0.9935604078271151, 0.9935476628255486, 0.9935604078271151, 0.8948729838545776, 0.6874143901960263, 0.8599280520550026, 0.886814806878222, 0.8049068452276957, 0.9630978930035367, 0.9288082919677356, 0.9534909385355567, 0.9484930318461638, 0.951384117940738, 0.9778556331370536, 0.9718044767718383, 0.9089461290178028, 0.8993358193444783, 0.9285129355425741, 0.9002156740665468, 0.9249627256323338, 0.9258275297708225, 0.9249627256323338, 0.8323738332673671, 0.9027123882871638, 0.9038812615985747, 0.9027123882871638, 0.8850553717814115, 0.7137264434845089, 0.8614994955727512, 0.8632810834324354, 0.8614994955727512, 0.6013533459024014, 0.4882578745772106, 0.5767295093044014, 0.7292601479276455, 0.46624214890487936, 0.5293524920862253, 0.5312176062130469, 0.5293524920862253, -0.5990619881905407, 0.8724292586381263, 0.9030901235901939, 0.8847604714096566, 0.9104516022370047, 0.9351433840544792, 0.8703921034633348, 0.8717900646670412, 0.8703921034633348, 0.8824988417628882, 0.8824988417628882, -0.1730352876160085, 0.5146089197606499, 0.2071186456229562, -0.5194522003246134, -0.5478384435289207, -0.5516422320564998, -0.005836779127193396, 0.03598405277671934, 0.280996474441753, 0.18289367169928283, 0.10864788419853692, 0.08345921458742075, 0.10991357137586337, -0.18263205741856203, 0.10482011765399214, 0.10514651959329156, -0.5218206528285503, -0.4187581306071667, -0.1828233889696846, -0.46450247232560193, -0.34807685088096446, -0.32302338171459477, -0.31362092891399956, -0.32302338171459477, -0.170201884018912, -0.22782714126455408, -0.22782714126455408, -0.5277404242795963, -0.5277404242795963, 0.4015209846743526, 0.6671146775858611, 0.8776805575712264, 0.8560008576815028, 0.7952467423439834, 0.6754881593746259, 0.7752730775635258, 0.8159561173366385, 0.8161683844615784, 0.8159561173366385], [0.9902269335999175, 0.975110873367284, 0.985395055887145, 0.9919204121997375, 0.9965478898502098, 0.9902269335999175, 1.0, 0.9970656711096131, 0.9999671967826388, 0.9488812187535274, 0.9995446501619771, 0.999995995371596, 0.9999578202134937, 0.9999920837541314, 0.9999180778222284, 0.9938482592323004, 0.9998110466188496, 0.9998264388090525, 0.9998267962607766, 0.9999944025909886, 0.9999963787596914, 0.9910290210529227, 0.9750710906656884, 0.9836691172525232, 0.9923494758958992, 0.9831498771200382, 0.9711919488380508, 0.9393306641624671, 0.9924686808670304, 0.9921486198643348, 0.9920327145000611, 0.9678093532694035, 0.9992804682408001, 0.9993664821818143, 0.9993354676826911, 0.9997302186285191, 0.9985335807238662, 0.9992507040703035, 0.9981833276208398, 0.9993501540562447, 0.9990883039058683, 0.9990039078031983, 0.9990883039058683, 0.9180196281072159, 0.6367414184674496, 0.9185014384495522, 0.8922221080830781, 0.6922539205875716, 0.9469324002005848, 0.9120262083014411, 0.9344473485950244, 0.9250727209395091, 0.9352679858783617, 0.9688741319896329, 0.9611479592412796, 0.6990233772396878, 0.8082407814719677, 0.789544172618646, 0.8357568900652815, 0.7822063998678938, 0.7524257180845014, 0.7822063998678938, 0.7411450967850336, 0.7527916357310034, 0.754683980117911, 0.7527916357310034, 0.81984273705794, 0.2789044922701439, 0.4995040274622926, 0.5905216649590318, 0.4995040274622926, 0.5039809663179122, 0.4612847064425491, 0.4629007168924375, 0.597323652812782, 0.37642209725181336, 0.4022382702775923, 0.35044157153863004, 0.4022382702775923, -0.6535200170172821, 0.7953600042458434, 0.7973488432817748, 0.7895384245762987, 0.7235408813347213, 0.8876777511252315, 0.8001259303761602, 0.8023836266810955, 0.8001259303761602, 0.7059420913346958, 0.7059420913346958, -0.2639180995556782, 0.6684708517819881, 0.2605621961991082, -0.5751974794106632, -0.6014451558794714, -0.6046512336636393, -0.0741345021427971, -0.024267215520051268, 0.3720157300066111, 0.12835512013649247, 0.05437218858109077, 0.12338853373960863, 0.09017955399769673, -0.0972583378247804, 0.018178981605359388, 0.01863903714338884, -0.5783672111176921, -0.5035040596868608, -0.026913680839639645, -0.5641706473003462, -0.35700815497065513, -0.3234660951558656, -0.14752732888037492, -0.3234660951558656, -0.2645752782871617, -0.29206954453734285, -0.29206954453734285, -0.6071110402836261, -0.6071110402836261, 0.35733176032663566, 0.6071017312565614, 0.8037241999316106, 0.8096688246907301, 0.762079246449277, 0.6476285200728589, 0.746847295442917, 0.7691150525188787, 0.7875386656044505, 0.7691150525188787], [0.9855089793345975, 0.9648590676366928, 0.9835339337242942, 0.9876889308252909, 0.9943730310688847, 0.9855089793345975, 0.9970656711096131, 1.0, 0.9994306713222901, 0.9399131802536841, 0.9980679587345316, 0.9978876476989171, 0.9992194920332634, 0.99895078574696, 0.9986339668898803, 0.9861314097406504, 0.9988490344803154, 0.9990067504164506, 0.999009531157362, 0.9994723459293174, 0.9991228518739387, 0.9909208767026146, 0.9753920670327183, 0.9914913772220242, 0.9921968549857326, 0.9779049457311362, 0.973247783688799, 0.9373684662141027, 0.9887893367669566, 0.99220975239124, 0.990185605681556, 0.9638531572723007, 0.9980837745937189, 0.9979613688608487, 0.9979656633812205, 0.9989536099918404, 0.9956492008998575, 0.9977365162307233, 0.9975155341990053, 0.9978257422951666, 0.9978944701206169, 0.9979256801836502, 0.9978944701206169, 0.9157950410692416, 0.6206660204819904, 0.9196294260350466, 0.8879944173830069, 0.6628778121365452, 0.944476001317311, 0.9045972553166233, 0.9305613242499915, 0.9155683370086299, 0.9271851133328985, 0.9640108410574858, 0.9553474444090946, 0.6820979026210655, 0.7911027761811148, 0.7693945969359329, 0.8241836560640305, 0.763318661527818, 0.7380088048354049, 0.763318661527818, 0.7247666842601689, 0.7303241584784786, 0.7392100446621622, 0.7303241584784786, 0.8084064430892975, 0.25543575570237803, 0.47450611631847484, 0.5710977232605599, 0.47450611631847484, 0.4873935230083832, 0.45303513661448663, 0.4443367439815748, 0.5791542269643174, 0.3654483735189179, 0.38871782306820796, 0.3309414948414936, 0.38871782306820796, -0.6536409603326991, 0.7818566799274856, 0.7747953903864214, 0.7714965837007914, 0.7063137015627875, 0.8774689831518965, 0.7873458226755276, 0.7898570448062898, 0.7873458226755276, 0.6839262062563815, 0.6839262062563815, -0.2823842141812737, 0.7022250149412445, 0.26925849336102625, -0.5908196541885233, -0.616458936750682, -0.6194607673081813, -0.09045855233293155, -0.0339487945386383, 0.3652636138788919, 0.10842246381151789, 0.037725085674683474, 0.114058974093218, 0.07412836810534716, -0.1038079446607713, 0.00021379057407118116, 0.0006924302936043501, -0.5920474485001929, -0.5207557754721448, -0.03381303902461441, -0.5846100269816238, -0.37140651326303503, -0.33605447417773665, -0.15384020123895703, -0.33605447417773665, -0.28498200552717295, -0.3077836511962195, -0.3077836511962195, -0.6218672530803028, -0.6218672530803028, 0.33123650769714874, 0.5880626583547385, 0.7933271865812538, 0.7907616209184529, 0.7479487766695726, 0.6305897346075109, 0.7300366162505608, 0.7489182439473844, 0.7711295840265806, 0.7489182439473844], [0.9908247075861623, 0.9748513216346065, 0.9922872622392113, 0.9929270624140132, 0.9967344446918096, 0.9908247075861623, 0.9999671967826388, 0.9994306713222901, 1.0, 0.9476055168116098, 0.9994828660896011, 0.9999685079750138, 0.9999641841737825, 0.9999735068946435, 0.9999311002948916, 0.998042546035253, 0.999717007501494, 0.9997628782439045, 0.999763963339274, 0.9999654097336335, 0.9999658176597789, 0.9942095932154517, 0.9777288697270299, 0.9937127581333862, 0.9936525998866603, 0.9829045503673615, 0.977093537579071, 0.941125428742014, 0.9909692470391026, 0.9909390571728223, 0.9886571185172409, 0.9629721707582394, 0.9992962216784647, 0.9992571014080033, 0.9991174787434275, 0.9998517017095908, 0.9984380112236925, 0.9992361437668287, 0.9991363029646028, 0.9992304186791241, 0.999134549774632, 0.9991411282060112, 0.999134549774632, 0.9181112443775887, 0.638009064593057, 0.9184248198635463, 0.8919921489453181, 0.6916214475310639, 0.932464359678167, 0.8865055025849153, 0.9167680958163958, 0.9203311455604223, 0.9312934952952603, 0.9625431431098846, 0.9615029455846014, 0.8438206872475665, 0.8089705160103137, 0.8653466121052338, 0.8365199983114867, 0.863239959998545, 0.8640637778120654, 0.863239959998545, 0.740055329490717, 0.8055965289166912, 0.8073497191749176, 0.8055965289166912, 0.821183592115526, 0.7049151285706344, 0.8113791166284419, 0.8130126555673867, 0.8113791166284419, 0.5029509229310285, 0.32096916413747734, 0.4618195553511945, 0.642439692393145, 0.43678877589302106, 0.39934882686713014, 0.3996696529398251, 0.39934882686713014, -0.6356897487903541, 0.79567396210308, 0.7969521737032497, 0.7895677099170546, 0.8551948296973118, 0.8755496452188396, 0.8064951553187886, 0.8091366858194758, 0.8064951553187886, 0.8150830034529633, 0.8150830034529633, -0.2664735450683009, 0.6692397681198604, 0.09123545823466923, -0.6038177771760026, -0.645214615979754, -0.6460369155097258, -0.07780531199578869, -0.022188263372056295, -0.13477827907570927, -0.05512587936455926, -0.04340031736508153, -0.3332481930345122, -0.3627022073581429, -0.5386692049236448, 0.016756861291693386, 0.01753484336661999, -0.5803924421452672, -0.5058585554883515, -0.5022637007407172, -0.5665257931800919, -0.5969534539439836, -0.5759357666394179, -0.5778930051725156, -0.5759357666394179, -0.26724471448459397, -0.2958455166638629, -0.2958455166638629, -0.7024993801306457, -0.7024993801306457, 0.35742998039240453, 0.605892436494895, 0.8251749430184641, 0.8025963895616453, 0.7604619803408852, 0.6324699939381297, 0.6476608314701493, 0.7181541521258146, 0.7183251087034853, 0.7181541521258146], [0.9725525171524338, 0.9550376459574884, 0.9344144049199603, 0.9702812914889518, 0.9590269899291061, 0.9725525171524338, 0.9488812187535274, 0.9399131802536841, 0.9476055168116098, 1.0, 0.9168385283099858, 0.9489164007759926, 0.9490369096520465, 0.9485448338783866, 0.9478392025603387, 0.950062039631836, 0.956007566157493, 0.95502693523756, 0.9549925675794992, 0.9490744836275242, 0.9490592495082821, 0.94861982268979, 0.9411398580285263, 0.9509856905270427, 0.9512086927786236, 0.799108071048371, 0.9560638545167037, 0.9509160412137848, 0.9573487290945928, 0.9574911201172164, 0.955772043663008, 0.9298321917050382, 0.9594765600940265, 0.9597585854710359, 0.960592204652138, 0.9512697935364918, 0.9297707673362529, 0.9586835826510033, 0.9602309339996757, 0.9600441396061902, 0.9609359039729607, 0.960893132480612, 0.9609359039729607, 0.7752824547315819, 0.4352089471854702, 0.7198743090001307, 0.856327343191179, 0.8392795463395607, 0.8730370053563256, 0.7564649634287959, 0.8504101821043922, 0.8652180013595144, 0.8740216481177793, 0.8965700958032257, 0.896620087170174, 0.8498823353255206, 0.8415172540461783, 0.8774954672216626, 0.8530222057556577, 0.8688771135166692, 0.869781461381718, 0.8688771135166692, 0.7892478511682348, 0.7672372423075609, 0.7693977372164181, 0.7672372423075609, 0.8449372721868889, 0.8672441802256264, 0.8430617739507713, 0.8439204795577203, 0.8430617739507713, 0.6087393629273102, 0.5286322338065056, 0.609816398651932, 0.7383762149009726, 0.6293601576167906, 0.6514517054703074, 0.6549403515204891, 0.6514517054703074, -0.2772919563837455, 0.8494982487012158, 0.9136950203680765, 0.868861702265385, 0.8679391439126651, 0.8793696275224685, 0.8409049099552612, 0.8423687602167415, 0.8409049099552612, 0.8536670935129402, 0.8536670935129402, 0.010982081512341584, 0.23372279490485834, -0.07575396762363229, -0.35131156637681404, -0.382938636262697, -0.3848707561520534, 0.09666611018709251, 0.3758016117621775, 0.12595775506259593, 0.017077018582461436, 0.13149704923840572, 0.038210828620358184, -0.0694011769870412, -0.12379319723705798, 0.26618313247149833, 0.2651192681661619, -0.33625304330020034, -0.28432952769745773, -0.28814161012820905, -0.2912417233767262, -0.3617562205458756, -0.3104005203232991, -0.31224816390959415, -0.3104005203232991, -0.04796993337906317, -0.32789194502250446, -0.32789194502250446, -0.393511749258421, -0.393511749258421, 0.5805601403756043, 0.6788925778188625, 0.7609115427606774, 0.6672254288197104, 0.8407488431420423, 0.3016600821793402, 0.3916156225202372, 0.5709896405613974, 0.5712906079868159, 0.5709896405613974], [0.979766156687848, 0.9772627110639523, 0.9963735940145388, 0.9854432830371891, 0.9947560463620303, 0.979766156687848, 0.9995446501619771, 0.9980679587345316, 0.9994828660896011, 0.9168385283099858, 1.0, 0.9995423723049766, 0.9995379735689938, 0.999487303598346, 0.9995253248565674, 0.9983900017172478, 0.9995804556071329, 0.9997035949662507, 0.999709091789209, 0.9995506123977387, 0.9995519165103864, 0.9915269854822054, 0.9572990244635922, 0.9915011569561321, 0.991472196438778, 0.9866747789501222, 0.9729097643961174, 0.8925924780815924, 0.988846723809524, 0.9889136523212482, 0.9702119823462102, 0.8870996717391885, 0.9985996510361472, 0.9985446148045922, 0.9983165596952034, 0.9992083462603938, 0.9991243898293952, 0.9985734732597298, 0.9983348212497823, 0.9985079414453404, 0.9982607931688605, 0.9982758772950244, 0.9982607931688605, 0.9118991360493617, 0.5124452545492854, 0.9139856120990201, 0.8902892628382101, 0.6937209512709138, 0.8186828369513938, 0.8339606113863158, 0.8056579002670724, 0.8093701774220622, 0.8144631201695092, 0.921024508193359, 0.9212310690474576, 0.8344746857745353, 0.8454851821157512, 0.8080452472710575, 0.8111754503678817, 0.8180665024061088, 0.8191424691137476, 0.8180665024061088, 0.6296626849479997, 0.5831095691497918, 0.585603341067639, 0.5831095691497918, 0.8465674836317807, 0.8568804152887313, 0.8446694051813362, 0.8463686059268561, 0.8446694051813362, 0.26787730312622515, 0.20114347291447585, 0.33060382842665975, 0.45274348974266215, 0.3184058009297133, 0.37236713047633385, 0.3755903010880118, 0.37236713047633385, -0.4087043501989112, 0.7462903710392635, 0.8016728891781641, 0.7792064294806799, 0.8440561772257895, 0.840505704881693, 0.7378325703543587, 0.738476248887817, 0.7378325703543587, 0.7537409998591799, 0.7537409998591799, -0.3303419230576026, 0.6597454501849638, -0.3994412425916443, -0.5450595023006198, -0.5446697643413408, -0.5469285080232701, -0.3419610847953919, 0.13195423364424094, -0.25482938199120747, -0.40902519782667557, -0.26509576177804445, -0.3265275016607528, -0.36107627552484434, -0.39183768654684353, 0.0011011968945639264, -0.0030781902914213503, -0.5554748537153149, -0.518311531427061, -0.5362007315242314, -0.5705188962932697, -0.5649797161410018, -0.5401618626885961, -0.5430174999737323, -0.5401618626885961, -0.4402069716919398, -0.5960555669992624, -0.5960555669992624, -0.6041968396866672, -0.6041968396866672, 0.35238680616065593, 0.3664120439576821, 0.4707913893073147, 0.5559044281306873, 0.5559501330771178, 0.16575457066124674, 0.3080162697738922, 0.3301221558446759, 0.3303294141311825, 0.3301221558446759], [0.9902740946713053, 0.9751677791776636, 0.9853495910879086, 0.9919552925946151, 0.996569000255912, 0.9902740946713053, 0.999995995371596, 0.9978876476989171, 0.9999685079750138, 0.9489164007759926, 0.9995423723049766, 1.0, 0.9999629696480318, 0.999994053645652, 0.9999235218424134, 0.9946935101590783, 0.9998131344532614, 0.9998279173993281, 0.9998282101862863, 0.9999961188678504, 0.9999970182782052, 0.9909858679858711, 0.9750417553764334, 0.9892517310467526, 0.9923251674517382, 0.9831348726960362, 0.9711005470403854, 0.9392751028757815, 0.9924588580216245, 0.9921594263674891, 0.9920221564034284, 0.9678292530014244, 0.9992823565709821, 0.9993708292443965, 0.9993440750213759, 0.9997353696329001, 0.9985360185616082, 0.9992601698866004, 0.9981869970027032, 0.9993572178945408, 0.9990924157705114, 0.9990064593654326, 0.9990924157705114, 0.9180170084775463, 0.6369033879690237, 0.9187266525284276, 0.8924281557866652, 0.6924079019596082, 0.9469717584007483, 0.9122239046410977, 0.9345272440983815, 0.9251583107842342, 0.9353367870094548, 0.9689725019672283, 0.9612235585322774, 0.6989515289240663, 0.8084300671984163, 0.7896635442212402, 0.8358904206221432, 0.7823241555045422, 0.752360095334972, 0.7823241555045422, 0.7412231665180811, 0.7528551271819759, 0.7546098066676926, 0.7528551271819759, 0.8200272437936447, 0.27877242623253595, 0.49952271052078645, 0.5904259154523119, 0.49952271052078645, 0.5039177447636446, 0.46119157096769425, 0.46285111068497986, 0.5973588359909116, 0.3763007457935824, 0.40233468490086693, 0.3504867097023148, 0.40233468490086693, -0.6536629966856997, 0.7954412400471899, 0.7975186940793232, 0.7896536762953638, 0.7235324346806303, 0.8877928147995402, 0.8002224063908843, 0.8024736724700156, 0.8002224063908843, 0.7060304699468803, 0.7060304699468803, -0.26389371727327615, 0.6684600948935364, 0.26067895661336443, -0.5751578211950195, -0.601353576409705, -0.6045656519978826, -0.07422322004848496, -0.024421676049925598, 0.3721888799136253, 0.12837212925338295, 0.05431329543546174, 0.12365828571528242, 0.09042640697604032, -0.09695244814769852, 0.018219060910958436, 0.018694697162653137, -0.5783551109648803, -0.5035339644350548, -0.026653177453793756, -0.5641460968949407, -0.35673889827430705, -0.32322409029091775, -0.14730859105712604, -0.32322409029091775, -0.26442064302947044, -0.2920276213393475, -0.2920276213393475, -0.6069728732022698, -0.6069728732022698, 0.3578720450158761, 0.6072604418542435, 0.8037570843240297, 0.8099391705905924, 0.762169672930165, 0.6478852890057888, 0.746987686605068, 0.7693738192228753, 0.7876576596837462, 0.7693738192228753], [0.9904329497477788, 0.9751200492534516, 0.9828682129497265, 0.9920423586350111, 0.9966682820521413, 0.9904329497477788, 0.9999578202134937, 0.9992194920332634, 0.9999641841737825, 0.9490369096520465, 0.9995379735689938, 0.9999629696480318, 1.0, 0.9999672970633156, 0.9999115133270072, 0.9975157051335779, 0.9998089054377213, 0.9998692413255623, 0.9998698096892933, 0.9999831024422974, 0.9999620939266268, 0.9905298058294864, 0.9748530489507993, 0.9930531481213185, 0.9930140825435317, 0.9831028384027775, 0.9707214203107454, 0.9392011347927612, 0.9932301976967718, 0.9932516732818654, 0.9917885129595537, 0.9676331875974918, 0.9995063181183422, 0.9993747993724282, 0.9994009414463146, 0.9998821734930375, 0.9985347342342317, 0.999267437197009, 0.999218822231362, 0.9993675184105546, 0.9993764191819399, 0.9993804975853231, 0.9993764191819399, 0.9181344363010691, 0.6370651162956112, 0.9187626357138037, 0.8924482909552267, 0.692430558587944, 0.9507279637032238, 0.909705285587821, 0.9359489968030045, 0.9252436040238669, 0.9353360418405593, 0.9686964624967678, 0.9612943003374006, 0.6548607458270149, 0.808138938058424, 0.7884374176171471, 0.8363440544293922, 0.7812821964779636, 0.7267166460066999, 0.7812821964779636, 0.7411441475113602, 0.7432047461633174, 0.7474909212956569, 0.7432047461633174, 0.8204669942398022, 0.20991331214063547, 0.48706492926815076, 0.4927439519205337, 0.48706492926815076, 0.5040676562371406, 0.35602506683020213, 0.4630984196634194, 0.5968680429202631, 0.37651787387568564, 0.3698899632525391, 0.3501262763718267, 0.3698899632525391, -0.6538538099959971, 0.795910546857841, 0.7974858976195844, 0.7894142775615158, 0.6656480847804799, 0.888267951245037, 0.8007321900444293, 0.8029784746451306, 0.8007321900444293, 0.7045293176381708, 0.7045293176381708, -0.26356878888048874, 0.6683466862317262, 0.26426284811737716, -0.5750030453232755, -0.6010222160192185, -0.6042345207977011, -0.07459650842721408, -0.02432109632239458, 0.3239174404018397, 0.12855115737437547, 0.0540669435907964, 0.1270606426805199, 0.09279603640531094, -0.10719494057308436, 0.01833852043158387, 0.018817678393556077, -0.5785173083707136, -0.503609274896563, -0.09235570434582502, -0.5638666019665858, -0.3547313061554809, -0.3209932576383309, -0.2342992109112113, -0.3209932576383309, -0.26396204011375807, -0.2931177465871798, -0.2931177465871798, -0.6062395825208249, -0.6062395825208249, 0.3580023664841701, 0.6074416149875839, 0.7885888988923082, 0.8099995214955585, 0.7625664771618796, 0.647629358347062, 0.7049697003652649, 0.7571198084137515, 0.7572855617558151, 0.7571198084137515], [0.9903434594286927, 0.9749176038763498, 0.9851162942069598, 0.9919952766608812, 0.9966025385006152, 0.9903434594286927, 0.9999920837541314, 0.99895078574696, 0.9999735068946435, 0.9485448338783866, 0.999487303598346, 0.999994053645652, 0.9999672970633156, 1.0, 0.9999360242257431, 0.9973767643423663, 0.9998035838898084, 0.9998311851097259, 0.99983136056004, 0.9999940363246971, 0.9999942349684698, 0.9908394055048245, 0.9749402438051017, 0.9928792499153248, 0.9927588001132128, 0.983002222561691, 0.9707643204471108, 0.9388917474706379, 0.9931912894792874, 0.9932400094757361, 0.9920615089317671, 0.968010964256661, 0.999334144298011, 0.9993694744111177, 0.9993760692056448, 0.9997738122112996, 0.9984654515723557, 0.9992633665521156, 0.9985052992734629, 0.9993659926764827, 0.9991426419755577, 0.9990641718607947, 0.9991426419755577, 0.9182728451095024, 0.6376681980085601, 0.9190612897333951, 0.892743476346402, 0.69202240341508, 0.9475598962406383, 0.9129802445643448, 0.9351578418291059, 0.9255747357026753, 0.935718083143688, 0.9694056740219972, 0.961612974478709, 0.6992505795115268, 0.8087231700398118, 0.7895840206203908, 0.8361714617203859, 0.7822883423847167, 0.751979062998856, 0.7822883423847167, 0.7414264815081024, 0.7528053579471685, 0.7550435190467158, 0.7528053579471685, 0.820404034048514, 0.2780674884722435, 0.49898629659634375, 0.5904697836396865, 0.49898629659634375, 0.5037329445678814, 0.46175368041704873, 0.46273625818847586, 0.5971021058607493, 0.37588271652760075, 0.4023659379748373, 0.3501222509519003, 0.4023659379748373, -0.6540507871425955, 0.7955833075504097, 0.7970525772505167, 0.7897436793650809, 0.7129272055229106, 0.888073122361381, 0.8003601930055037, 0.8026002124310955, 0.8003601930055037, 0.7058293597047456, 0.7058293597047456, -0.265678830780961, 0.6694744918269185, 0.2612032471625685, -0.5757053942190498, -0.6017649964983675, -0.6049822498085239, -0.07548051506889075, -0.02575513328560167, 0.37248251508725444, 0.12787066517907913, 0.05341523558679395, 0.12372015091656481, 0.09048747567996056, -0.09680389051972892, 0.017098685392827603, 0.01756970341798615, -0.5790465793811692, -0.5046196095007851, -0.026061027065830522, -0.565642970042571, -0.3566100639016702, -0.3231681774470462, -0.1467393903587343, -0.3231681774470462, -0.2655038540169591, -0.2925396306956485, -0.2925396306956485, -0.607071719032508, -0.607071719032508, 0.35804068188408383, 0.6069326003253978, 0.804292079642577, 0.8103973659523513, 0.7615890840031, 0.6486707761510684, 0.7477747275054539, 0.7697726268444917, 0.7882651884208806, 0.7697726268444917], [0.9903952524448464, 0.9740585559672451, 0.9850173325247858, 0.9920367496179033, 0.9966078190442441, 0.9903952524448464, 0.9999180778222284, 0.9986339668898803, 0.9999311002948916, 0.9478392025603387, 0.9995253248565674, 0.9999235218424134, 0.9999115133270072, 0.9999360242257431, 1.0, 0.9974931513562427, 0.9996991867858469, 0.9997797269591521, 0.9997808854480285, 0.9999007166747842, 0.9999193821598674, 0.9906082543651318, 0.9746928666114635, 0.9921616728773626, 0.9918040856366456, 0.9830141939164211, 0.9704845870970512, 0.9387808671075004, 0.9923085846569485, 0.9923189429401524, 0.9914522580722743, 0.967053205104976, 0.9993421520314737, 0.9992193065453356, 0.9993135922743482, 0.9997601481265018, 0.9983722699189885, 0.9992381314511003, 0.9984886723623392, 0.9992417109585421, 0.9991570829123272, 0.9990925373431359, 0.9991570829123272, 0.9169332071270677, 0.6379322175395169, 0.9177058748909644, 0.8912819014925027, 0.6890982542226597, 0.9481042974212176, 0.9138199926997949, 0.9361074281308119, 0.9249837719939272, 0.9349690429152572, 0.9697631942503413, 0.9611702653872567, 0.7005463797156081, 0.8072828171094851, 0.7898073648169646, 0.8358479021695463, 0.7825111237578755, 0.7542639266347368, 0.7825111237578755, 0.739455392572661, 0.7522271783954886, 0.7562031172816835, 0.7522271783954886, 0.8204088389056214, 0.27791476691736283, 0.4985073736815908, 0.5918993920055785, 0.4985073736815908, 0.5023576969643676, 0.4633669414188264, 0.4608660806144371, 0.596546204831649, 0.3742384804949393, 0.4027542935401049, 0.35037724209887017, 0.4027542935401049, -0.6546132769266867, 0.7949207471332325, 0.7957570621340155, 0.7887744003619775, 0.7255416798383979, 0.8883955811164337, 0.7998634381063975, 0.8023903820827791, 0.7998634381063975, 0.7058796502359366, 0.7058796502359366, -0.2663073973790188, 0.6718167732635448, 0.2615147214321687, -0.5759662988337416, -0.6017968254840032, -0.6047286613460605, -0.07751295030649684, -0.02727287935613807, 0.37383299493268324, 0.12740332079871736, 0.052260407611269925, 0.12472431715479551, 0.09160489550594074, -0.09533491446459891, 0.016183685633946537, 0.01695167838944153, -0.5803903983552393, -0.5062310642510408, -0.024276966970815488, -0.5666734223480447, -0.35574835326654797, -0.322318639578613, -0.14530309788741702, -0.322318639578613, -0.26583942585619535, -0.295450144388576, -0.295450144388576, -0.6069645063634969, -0.6069645063634969, 0.3549241853369952, 0.6046276468888161, 0.8053728349350118, 0.8111444308812852, 0.7598792017235363, 0.6476097343166013, 0.7495213598159076, 0.7705076164260506, 0.7896847676919954, 0.7705076164260506], [0.9932365100818095, 0.9836221096951245, 0.9881620943830741, 0.9948645927058402, 0.9976910969271418, 0.9932365100818095, 0.9938482592323004, 0.9861314097406504, 0.998042546035253, 0.950062039631836, 0.9983900017172478, 0.9946935101590783, 0.9975157051335779, 0.9973767643423663, 0.9974931513562427, 1.0, 0.998115605140197, 0.9977363438000257, 0.9977339052303796, 0.9978110376697888, 0.9973078516189493, 0.9914585404025419, 0.9774874825298031, 0.9700863850129516, 0.9873308761607698, 0.9872426014985608, 0.9720908321788225, 0.947784843837814, 0.9915390695845452, 0.9893117227668525, 0.9882256049787864, 0.9656542607391327, 0.9974988480696124, 0.9974975143098311, 0.997317367638686, 0.9973173439758791, 0.9984848924436928, 0.998023062050927, 0.9973132329690694, 0.997732868074924, 0.9974207229809442, 0.997398537069475, 0.9974207229809442, 0.9087444327070716, 0.6472477739338928, 0.9111259011465163, 0.894858416052062, 0.7151996170845604, 0.9496927056930182, 0.9162444677351802, 0.94092