var element=document.getElementById("correlationClose");if(element.style.display!='none'){var correlationClose={"data":[{"type":"heatmap","z":[[1.0,0.999988255776106,0.6553945012813035,0.9997251683486514,0.9979794855686426,1.0,0.9923551109910188,0.9887073351976762,0.9887073351976762,0.993020855453847,0.9768178039612442,0.9868793429824282,0.9923919069705849,0.9928071269394124,0.9924443867949364,0.8182123153496721,0.759632940521003,0.31676422054001707,0.9932880992260704,0.9932780591513973,0.9855619175075734,0.9923812076893159,0.4237876194323284,0.732684623669079,0.981598716050561,0.981598716050561,0.9815802585569737,0.975164844815607,0.3347682968713103,-0.11433328493706658,0.9896655316800745,0.989630221744616,0.2845637050384941,-0.18904848778094827,0.9946981665130729,0.9953360920263029,0.8443322007855314,-0.36410064546234433,0.9906329275028384,0.9953043417696439,0.8054848490289708,0.2976149255779452,0.9948422351742281,0.9948344955137867,0.9948422351742281,0.8891227958863676,0.653217192033729,0.903316305126107,0.9100696650052327,0.819006839557965,0.3755320290595283,-0.17015297328618273,0.20348872068264287,0.9469618627418548,0.39359024905426543,0.9748767342692521,0.9702900876447715,0.9801347016484164,0.989764834546432,0.9295518626480194,0.936658460842851,0.9444670834722922,0.9288787031850295,0.9417957279592764,0.9424429450308581,0.9417957279592764,0.8800156982884474,0.9209485986547794,0.9218551120508938,0.9209485986547794,0.9206466238419581,0.783007154924202,0.8934341519748579,0.8947422136511111,0.8934341519748579,0.6886219602385121,0.36825136836417394,0.6728036129277426,-0.5578364761998404,0.5782883986910776,0.6036788601085118,0.6040628763287887,0.6036788601085118,-0.10226742700581322,0.9091085071900377,0.9409311450849648,0.9244295930509494,0.9308517474259692,0.301118234348892,0.9043744508215052,0.9051785325061342,0.9043744508215052,0.9089864790444873,0.9089864790444873,-0.10325438747141438,0.5859632508348895,0.1670133519660622,-0.6615746015942723,-0.5843237484513608,-0.5879811520273037,-0.1101878141423454,0.11376629470187231,0.21737684754445968,0.034999500978037126,-0.5227344321747879,-0.0017084250338197857,-0.7965787617052703,-0.26921742115366964,0.15931109711149818,0.16065436055713675,-0.5662283709047465,-0.5834380022618139,-0.263637020304572,-0.5094120259131429,-0.818937339420035,-0.39418505899762507,-0.3861349044258521,-0.39418505899762507,-0.2072071254928606,-0.32101799651844964,-0.32101799651844964,-0.8070261093123853,-0.8070261093123853,0.38180906151068517,0.6311097027109839,0.8562984318878859,0.8406279633206162,0.7596062546041328,-0.3158129674195497,0.7492271952086891,0.7834530566378429,0.7837553274296152,0.7834530566378429,-0.20319579668765084],[0.999988255776106,1.0,0.9788579371001657,0.999434691084232,0.9956543299353191,0.9999882557761058,0.9842160135625375,0.9780887915584946,0.9780887915584946,0.9840757692462773,0.9703400415801741,0.9856237916042538,0.984255372116819,0.9841965708202627,0.9840955273467203,0.2819407940008773,0.19412778603381148,-0.4056305533922393,0.9880935303965733,0.9880779818494373,0.9843022915312224,0.984297366410869,-0.12302353187061092,0.978019428701672,0.9794732159767469,0.9794732159767469,0.9795191618395506,0.975347550436889,0.13332092073464408,0.15423853097341023,0.9812582036933096,0.9813116003879493,0.8716354054774571,0.14763324153657997,0.9906898125101797,0.9907378219223721,0.9913095767038828,0.9854157769459779,0.9896764890590058,0.9908441769791071,0.2373681108859225,-0.41081590980694255,0.9913594520246605,0.9913491532965811,0.9913594520246605,0.8889252850151383,0.5015912761968563,0.9032623604745266,0.9098307419060673,0.8184458918716314,-0.335646795050801,-0.5042982328123979,0.8319305945064424,0.8741145259125793,-0.247027288757299,0.9350782039469986,0.9352149893386769,0.9554595037943479,0.976938387710064,0.9479074107279302,0.9548219343309957,0.9397515754968446,0.9390647147228777,0.9442665484333423,0.9447573801271406,0.9442665484333423,0.8457925762809566,0.8189227905936329,0.8207593521313852,0.8189227905936329,0.9496198846771976,0.9530968384678691,0.9497261067311901,0.9505873839380553,0.9497261067311901,0.5920231942922256,0.5379236418948607,0.6358770460113751,0.7206451713597086,0.6259371968642135,0.651220671959978,0.6518687355679849,0.651220671959978,-0.1825633563477289,0.9106861123278447,0.9355664312728103,0.9266381643705023,0.9529775338880776,-0.26784218050829717,0.9067361774072342,0.9070117731906544,0.9067361774072342,0.9144880375324232,0.9144880375324232,-0.1920354030985391,0.5859567859235536,-0.3669948579588629,-0.759519868447593,-0.4612475143959611,-0.46486073996976535,-0.36255230098338265,0.26249644586394055,-0.25293013205906095,-0.4742068286573176,-0.7080622854616684,-0.33950008562460565,-0.48104264306997174,-0.3983577086782926,0.13302980792739505,0.12959074843054397,-0.4886618651689708,-0.4522685259073043,-0.4808801628987365,-0.5117650589051037,-0.5041198697811342,-0.48310925595998483,-0.4862350867581719,-0.48310925595998483,-0.35437485367086785,-0.5241112892851221,-0.5241112892851221,-0.49787994940312075,-0.49787994940312075,0.38199701478565895,0.3678296024456841,0.49257515930133583,0.589859013059648,0.5269358364536721,-0.43297681629258494,0.36070382916908555,0.3167193191310683,0.3168418972886448,0.3167193191310683,0.14906895826383823],[0.6553945012813035,0.9788579371001657,1.0,0.6519497445999406,0.579821798165231,0.6553945012813035,0.6382206443379721,0.6297496041379652,0.6297496041379652,0.576417097994776,0.5362572408482728,0.9956297208238356,0.6382424557263998,0.6304292719880842,0.6384395925297554,0.4449807839354035,0.42903799508568435,-0.18850288767751827,0.598244363519078,0.5974735124044368,0.5626012531093472,0.6372616612588531,0.20355533369947293,0.7776753878246203,0.6159770368844256,0.6159770368844256,0.6157432138935943,0.9882689938734633,0.31831490855423966,0.14534311968911268,0.5965058011777492,0.5961139828364084,0.6987235029680057,-0.0020999718577975226,0.6343839980875915,0.5709787398687552,0.6039490989949753,0.31009326780133184,0.9935913635392242,0.565518026695117,0.4338960930281189,-0.19717330866124366,0.6512202503316655,0.6323624681809754,0.6512202503316655,0.8857589736022554,0.3982307978548791,0.9231087277750137,0.8999522522615583,0.7099598318494089,0.2124092104194644,-0.05900509077228828,0.049533293701896394,0.5134937876301819,-0.08746896954917498,0.5793160663279174,0.541062862841571,0.5654445060051795,0.5291995250152666,-0.013124752360240109,0.7818698867378924,0.7147432235830647,0.6176602699142165,0.7205183405975489,0.7519925985795343,0.7205183405975489,0.4987011714639867,0.623807686402993,0.6864132232440934,0.623807686402993,0.6777923211369065,0.6653248114616134,0.714894827127704,0.7642342372203977,0.714894827127704,0.3745537879767238,-0.08762182907537835,0.39140301341198824,0.10358613575446599,0.38161080737273706,0.26134119281568147,0.47393155646094226,0.26134119281568147,-0.16193865916202135,0.5877277718066187,0.8735920909852742,0.6619381831545652,0.7652511940407682,-0.04645821199661463,0.6308086894623239,0.6303313321659939,0.6308086894623239,0.7036239452156705,0.7036239452156705,-0.21004985781364136,0.7044400396592301,-0.19061236864075354,-0.6738028631791787,-0.4302088926786927,-0.43386863389955455,-0.4163079212356746,0.08393389390697696,0.020880702518825154,-0.32173474870833774,-0.6538242357692571,-0.1636658482063559,-0.3033514869010517,-0.25893320612559406,0.0354811500459297,0.03358393154342583,-0.4826485599240309,-0.051945067201506226,-0.25322640717213124,-0.5064732693322395,-0.18885091176695987,-0.39746538905605294,-0.2778030040855082,-0.39746538905605294,-0.41355930335531943,-0.532283093486873,-0.532283093486873,-0.29472497848418777,-0.29472497848418777,0.323527606066398,0.1799506378785568,0.27663854630878265,0.5123899411808087,0.2699685563684073,-0.37127157335578725,-0.018863105025462356,0.45388516436885623,0.5578993376808284,0.45388516436885623,-0.023233350240790266],[0.9997251683486514,0.999434691084232,0.6519497445999406,1.0,0.9989037488970313,0.9997251683486513,0.9936459892693543,0.9904543441373175,0.9904543441373175,0.994528270291414,0.9748409234481868,0.9902900148980748,0.9936725406671053,0.9943795710903934,0.9937013226368726,0.8173515231684412,0.7583916024739498,0.30189492736115037,0.994392716312701,0.9943856863637587,0.9856705219271188,0.9936549052414912,0.4151924777375275,0.7370490445762461,0.9841873530315007,0.9841873530315007,0.9841683774655736,0.9814119730461606,0.33065246949395377,-0.12051742752838408,0.9890051298180483,0.9889783120751492,0.2767336184759172,-0.18926558865973422,0.995252509787975,0.9960832680368824,0.8104203141788406,-0.36858043881131125,0.9930691741099884,0.9962770281728981,0.8038801335312857,0.28244721660299954,0.9932265582371432,0.9952992781927523,0.9932265582371432,0.8866471401317326,0.6408668907447974,0.90801386201532,0.9076576887275659,0.8011617678913499,0.37049867980189344,-0.17525152230268023,0.19799015592983174,0.9414788708478699,0.37767211817318364,0.9703964827996813,0.9673400422384023,0.9779701009768486,0.9896846575598278,0.909833369604583,0.930814735816944,0.9324220793778742,0.9253598541582236,0.9260030445414751,0.9268752612917626,0.9260030445414751,0.8727072754345868,0.909554439424377,0.9105460153232405,0.909554439424377,0.9176566741390713,0.7269012304577349,0.857115157284414,0.8584227318986472,0.857115157284414,0.6811458414362648,0.13958186959361504,0.6637407120513608,-0.5622469997447789,0.5738712158526424,0.3402441419837321,0.5750893101296141,0.3402441419837321,-0.10843847042375486,0.9044400354906363,0.9343420338807398,0.9175892936128056,0.9092095454108544,0.2869408603049819,0.900405347275294,0.9013358932956299,0.900405347275294,0.8910328638721342,0.8910328638721342,-0.10779988705707325,0.6057902452597599,0.17171647526287365,-0.6713355517194073,-0.5909506310522499,-0.59452249052686,-0.1220228185369229,0.10937818466044237,0.2106081630606679,0.022109656647738684,-0.5345580843336933,-0.00784537547910812,-0.8019974043941895,-0.2767226386700285,0.1496428626417405,0.15104316763453304,-0.5726035182803692,-0.5798149487309625,-0.26461943517850545,-0.5193864747823602,-0.8202083129831148,-0.395340757178543,-0.38785144889234124,-0.395340757178543,-0.21536791952449066,-0.33023134439625396,-0.33023134439625396,-0.8063759687241056,-0.8063759687241056,0.37224986521085945,0.6196733470622545,0.8483356486298382,0.8328854442858497,0.7521974064626707,-0.328354954687148,0.7401520977287426,0.7745104541605251,0.7748134115097107,0.7745104541605251,-0.18835474754663367],[0.9979794855686426,0.9956543299353191,0.579821798165231,0.9989037488970313,1.0,0.9979794855686426,0.997225747871462,0.9957119916212145,0.9957119916212145,0.9974228594281526,0.9671551943343534,0.9964747241587935,0.9972433083456397,0.9973206347341472,0.9972694021723763,0.7404548698987296,0.6585425290578268,0.0963994436397126,0.997718148731524,0.9977160358152812,0.9876112206382475,0.9972299067437598,0.06283397578780112,0.7171705488039675,0.9923672765179533,0.9923672765179533,0.9923293072707292,0.9902640836198338,0.10749697270359532,-0.10286672462599838,0.9873157887235624,0.9872514593358447,-0.016175943670274157,-0.08815385473621125,0.9978256639137587,0.9977567749119707,0.8007083136135583,-0.49134718075769884,0.9976898930469008,0.9980927359676697,0.7165401533368969,0.07216775220716884,0.9977711444506148,0.9977741682220549,0.9977711444506148,0.9010282486259882,0.6047884839177728,0.9230611225419892,0.9115726141242046,0.7768557950109767,-0.08936998351045063,-0.5867249347255369,-0.19495708566439615,0.9304081352387488,0.2311719200071692,0.9660030342557197,0.9660354702524893,0.9803482993054609,0.9902008064678539,0.9091418492574183,0.9135649578292326,0.9234885207364639,0.913344415919862,0.9219527527694706,0.9223268915648686,0.9219527527694706,0.8489447042600767,0.867457476787676,0.8685678185458577,0.867457476787676,0.9071099398951971,0.8204444987163865,0.8881535755725282,0.8889535915928696,0.8881535755725282,0.6415120925665488,0.5246852690366033,0.6299979778865682,-0.5813251364969757,0.6254555216023004,0.6049354656323936,0.6039728186789124,0.6049354656323936,-0.12467416875601518,0.8876323279981546,0.9116803540460707,0.8962799161066239,0.9169424948120276,0.13297109831315362,0.8870800519178337,0.8881179293360474,0.8870800519178337,0.8933322425903566,0.8933322425903566,-0.1465795729308706,0.6534145816473805,0.0262878826558821,-0.7011492028984981,-0.6387414397596455,-0.6394437097881106,-0.15351792612444343,0.13264056159203264,-0.17960776951718566,-0.2250666946099129,-0.6057102935229156,-0.36716242095593915,-0.8490729271544409,-0.5539299541587964,0.11937627888898827,0.12062417249804863,-0.598399920619262,-0.5734340758391469,-0.5407639248496461,-0.5570702154991367,-0.7784518109377256,-0.592327856004582,-0.5951499535382117,-0.592327856004582,-0.25376875038308117,-0.3636153435159429,-0.3636153435159429,-0.74699755269263,-0.74699755269263,0.360320392785602,0.602040470966679,0.8016397450090307,0.7878583939292344,0.7425311561066107,-0.455334653487263,0.5998665490990979,0.6658046126852142,0.6661866067409007,0.6658046126852142,0.038665568036093584],[1.0,0.9999882557761058,0.6553945012813035,0.9997251683486513,0.9979794855686426,1.0,0.9923551109910188,0.9887073351976762,0.9887073351976762,0.993020855453847,0.9768178039612442,0.9868793429824282,0.9923919069705849,0.9928071269394124,0.9924443867949364,0.8182123153496721,0.759632940521003,0.31676422054001707,0.9932880992260704,0.9932780591513973,0.9855619175075734,0.9923812076893159,0.4237876194323284,0.732684623669079,0.981598716050561,0.981598716050561,0.9815802585569737,0.975164844815607,0.3347682968713103,-0.11433328493706658,0.9896655316800745,0.989630221744616,0.2845637050384941,-0.18904848778094827,0.9946981665130729,0.9953360920263029,0.8443322007855314,-0.36410064546234433,0.9906329275028384,0.9953043417696439,0.8054848490289708,0.2976149255779452,0.9948422351742281,0.9948344955137867,0.9948422351742281,0.8891227958863676,0.653217192033729,0.903316305126107,0.9100696650052327,0.819006839557965,0.3755320290595283,-0.17015297328618273,0.20348872068264287,0.9469618627418548,0.39359024905426543,0.9748767342692521,0.9702900876447715,0.9801347016484164,0.989764834546432,0.9295518626480194,0.936658460842851,0.9444670834722922,0.9288787031850295,0.9417957279592764,0.9424429450308581,0.9417957279592764,0.8800156982884474,0.9209485986547794,0.9218551120508938,0.9209485986547794,0.9206466238419581,0.783007154924202,0.8934341519748579,0.8947422136511111,0.8934341519748579,0.6886219602385121,0.36825136836417394,0.6728036129277426,-0.5578364761998404,0.5782883986910776,0.6036788601085118,0.6040628763287887,0.6036788601085118,-0.10226742700581322,0.9091085071900377,0.9409311450849648,0.9244295930509494,0.9308517474259692,0.301118234348892,0.9043744508215052,0.9051785325061342,0.9043744508215052,0.9089864790444873,0.9089864790444873,-0.10325438747141438,0.5859632508348895,0.1670133519660622,-0.6615746015942723,-0.5843237484513608,-0.5879811520273037,-0.1101878141423454,0.11376629470187231,0.21737684754445968,0.034999500978037126,-0.5227344321747879,-0.0017084250338197857,-0.7965787617052703,-0.26921742115366964,0.15931109711149818,0.16065436055713675,-0.5662283709047465,-0.5834380022618139,-0.263637020304572,-0.5094120259131429,-0.818937339420035,-0.39418505899762507,-0.3861349044258521,-0.39418505899762507,-0.2072071254928606,-0.32101799651844964,-0.32101799651844964,-0.8070261093123853,-0.8070261093123853,0.38180906151068517,0.6311097027109839,0.8562984318878859,0.8406279633206162,0.7596062546041328,-0.3158129674195497,0.7492271952086891,0.7834530566378429,0.7837553274296152,0.7834530566378429,-0.20319579668765084],[0.9923551109910188,0.9842160135625375,0.6382206443379721,0.9936459892693543,0.997225747871462,0.9923551109910188,1.0,0.997524438206849,0.997524438206849,0.9999711319566759,0.9608920695368101,0.9996849261603004,0.9999966080088297,0.9999868859660673,0.9999934055778752,0.8790396946806176,0.8677840904409768,0.26467060083130617,0.9998626869784778,0.9998628641432273,0.9899324079347368,0.9999967925759998,0.33137707231805896,0.7348089328664862,0.985853176243716,0.985853176243716,0.9868677500395721,0.9911609507246838,0.2596895661214367,-0.17433182366943895,0.9916225448446524,0.9915534444645031,0.18386034314349567,-0.23552193026114102,0.9993488972092546,0.99946177674553,0.4323504370689398,-0.30914010993022023,0.999038216986681,0.9994237273228816,0.8633838354571909,0.24389389361804592,0.9425681202254627,0.9991005550065444,0.9425681202254627,0.9106691814201501,0.6123567167522218,0.9385417252221514,0.9182808113664277,0.7419782039461803,0.40956468241082944,-0.11425392019762663,-0.19548120499398544,0.9292732822724871,0.3449182041506138,0.9678342687857033,0.9631085522738747,0.9788884742344276,0.9956241764090734,-0.032845332209869335,0.8748762071766315,0.8355946793004138,0.8809797253282493,0.8302274189303932,0.7936677676215186,0.8302274189303932,0.8127129128667518,0.7985906558907986,0.7878858342614504,0.7985906558907986,0.8734071251027264,0.39053217891956227,0.5940012211160308,0.6558893147212405,0.5940012211160308,0.6111241566986697,-0.3431043235154054,0.5825819860021204,-0.6259971413540383,0.5051740046555934,-0.09107994590862768,0.44215069443370403,-0.09107994590862768,-0.14927434237658016,0.8519715260994536,0.8737216535781214,0.8587445959518235,0.7690706636686966,0.24926001223528885,0.8513229055048761,0.8526716899877159,0.8513229055048761,0.7695306213907847,0.7695306213907847,-0.18229646506420502,0.6954141806382886,0.23723325363125436,-0.6792117926898875,-0.6304763653132366,-0.6336207024569941,-0.1651631940939926,0.06039105424918079,0.32635494494967376,-0.008391227854880097,-0.549041791418107,0.05329485113719653,-0.8281813722721588,-0.17532817760315758,0.08475512047052645,0.08617156521151752,-0.6143033887457134,-0.5898627173230053,-0.10070026064090498,-0.5911507120908551,-0.8341738166541184,-0.38765544706702193,-0.22067056236114768,-0.38765544706702193,-0.28544763733564565,-0.3721099094225084,-0.3721099094225084,-0.8264694557517145,-0.8264694557517145,0.3614421348062245,0.5857613534523767,0.5062633640267131,0.8019176595620482,0.7376693765667266,-0.3779329082051295,0.06666584630389479,0.7481468778736533,0.7674401650546607,0.7481468778736533,-0.12169222307697922],[0.9887073351976762,0.9780887915584946,0.6297496041379652,0.9904543441373175,0.9957119916212145,0.9887073351976762,0.997524438206849,1.0,1.0,0.9995653539519234,0.9542568366735557,0.9987468591169357,0.9982671824049664,0.9994130022821454,0.9991567515755799,0.8765407822227237,0.8569251086662311,0.24305768723164078,0.9991998545986412,0.999201585086144,0.9873486999822093,0.9992916117151025,0.30617705766258974,0.7360360325128521,0.9928206105913364,0.9928206105913364,0.9850061439396962,0.9884502263701702,0.24233230727656563,-0.18751684863076484,0.9879446465104127,0.9913773937094575,0.16538542820104798,-0.2413413112789009,0.9983264668099345,0.998306478153088,0.4149001733386744,-0.3155940881566751,0.9971625382741582,0.99824889431906,0.8611416992643749,0.22188515825753088,0.9352644695155029,0.9981549246722643,0.9352644695155029,0.9082661167012472,0.5974357191070989,0.9388005307117084,0.9155021465392756,0.7206385457868055,0.3967770031342364,-0.12898477339692654,-0.20779925618909487,0.9209177060538266,0.3246776542198144,0.9632448908810199,0.9580133037286639,0.9738929300262831,0.9946334899740039,-0.042284458970708774,0.8644914647118143,0.8206183642206001,0.8732781824576016,0.8163425155803602,0.7819702127801723,0.8163425155803602,0.8012366806602844,0.7808451989196379,0.7749178491274377,0.7808451989196379,0.8659527205984363,0.37211594952337274,0.5748037387975239,0.6402749189873788,0.5748037387975239,0.5991526720195797,-0.3572600396357686,0.5689699210795929,-0.6331348608042295,0.49803438448729154,-0.11238683589712953,0.42670172301201487,-0.11238683589712953,-0.15574397097421747,0.8429907394675148,0.8607717401410494,0.8473916731469541,0.7550385966490468,0.2317167452548458,0.8429076211312383,0.8444272471104921,0.8429076211312383,0.7532324356126212,0.7532324356126212,-0.19681287161851577,0.7183423286630041,0.244089197966949,-0.688352701694259,-0.6427417389576277,-0.6457051991689325,-0.17956632212513757,0.05304171636789103,0.3193589765986469,-0.02732074132045905,-0.5613242426998991,0.04405095215522135,-0.8337970336309466,-0.1817980986215298,0.06993020458093632,0.0713713951740667,-0.6254902886324186,-0.590793591237722,-0.10749917375323774,-0.607176825183183,-0.8336147570041821,-0.3988761976578028,-0.22682686748667794,-0.3988761976578028,-0.30225456197592193,-0.38530713349746337,-0.38530713349746337,-0.8243737592156949,-0.8243737592156949,0.3426459210137467,0.5693115009061903,0.4879547905713441,0.7843952647262128,0.725339306854211,-0.3989161500066098,0.052959777985862766,0.7293291845504142,0.7518935394954198,0.7293291845504142,-0.10477103299714484],[0.9887073351976762,0.9780887915584946,0.6297496041379652,0.9904543441373175,0.9957119916212145,0.9887073351976762,0.997524438206849,1.0,1.0,0.9995653539519234,0.9542568366735557,0.9987468591169357,0.9982671824049664,0.9994130022821454,0.9991567515755799,0.8765407822227237,0.8569251086662311,0.24305768723164078,0.9991998545986412,0.999201585086144,0.9873486999822093,0.9992916117151025,0.30617705766258974,0.7360360325128521,0.9928206105913364,0.9928206105913364,0.9850061439396962,0.9884502263701702,0.24233230727656563,-0.18751684863076484,0.9879446465104127,0.9913773937094575,0.16538542820104798,-0.2413413112789009,0.9983264668099345,0.998306478153088,0.4149001733386744,-0.3155940881566751,0.9971625382741582,0.99824889431906,0.8611416992643749,0.22188515825753088,0.9352644695155029,0.9981549246722643,0.9352644695155029,0.9082661167012472,0.5974357191070989,0.9388005307117084,0.9155021465392756,0.7206385457868055,0.3967770031342364,-0.12898477339692654,-0.20779925618909487,0.9209177060538266,0.3246776542198144,0.9632448908810199,0.9580133037286639,0.9738929300262831,0.9946334899740039,-0.042284458970708774,0.8644914647118143,0.8206183642206001,0.8732781824576016,0.8163425155803602,0.7819702127801723,0.8163425155803602,0.8012366806602844,0.7808451989196379,0.7749178491274377,0.7808451989196379,0.8659527205984363,0.37211594952337274,0.5748037387975239,0.6402749189873788,0.5748037387975239,0.5991526720195797,-0.3572600396357686,0.5689699210795929,-0.6331348608042295,0.49803438448729154,-0.11238683589712953,0.42670172301201487,-0.11238683589712953,-0.15574397097421747,0.8429907394675148,0.8607717401410494,0.8473916731469541,0.7550385966490468,0.2317167452548458,0.8429076211312383,0.8444272471104921,0.8429076211312383,0.7532324356126212,0.7532324356126212,-0.19681287161851577,0.7183423286630041,0.244089197966949,-0.688352701694259,-0.6427417389576277,-0.6457051991689325,-0.17956632212513757,0.05304171636789103,0.3193589765986469,-0.02732074132045905,-0.5613242426998991,0.04405095215522135,-0.8337970336309466,-0.1817980986215298,0.06993020458093632,0.0713713951740667,-0.6254902886324186,-0.590793591237722,-0.10749917375323774,-0.607176825183183,-0.8336147570041821,-0.3988761976578028,-0.22682686748667794,-0.3988761976578028,-0.30225456197592193,-0.38530713349746337,-0.38530713349746337,-0.8243737592156949,-0.8243737592156949,0.3426459210137467,0.5693115009061903,0.4879547905713441,0.7843952647262128,0.725339306854211,-0.3989161500066098,0.052959777985862766,0.7293291845504142,0.7518935394954198,0.7293291845504142,-0.10477103299714484],[0.993020855453847,0.9840757692462773,0.576417097994776,0.994528270291414,0.9974228594281526,0.993020855453847,0.9999711319566759,0.9995653539519234,0.9995653539519234,1.0,0.9598639674302513,0.9996505119595153,0.9999722686777944,0.9999713226299527,0.9999758254967234,0.7735258049619975,0.6946911008240035,0.14798864635372094,0.9998187901743119,0.9998193888394177,0.9898168751108177,0.9999694306211167,0.11298741710588942,0.7092178582965741,0.9952090541885773,0.9952090541885773,0.9951655343374688,0.9910250433156087,0.09170897355477917,-0.11424675572051832,0.9906431508010626,0.9906050747179331,0.0018738386237355871,-0.19446251168150358,0.9993950622224703,0.9993537676008366,0.8066686028958328,-0.4875445088865683,0.9989740163359713,0.9994002979823906,0.7506106586661228,0.12416330764136514,0.9992581531631162,0.9992633139744421,0.9992581531631162,0.9103646735013604,0.6128940568100423,0.9381616774305641,0.91764365135348,0.7414452323801061,0.012482028658805785,-0.5387027062616023,-0.14983466277059024,0.9251926002431505,0.2907326141252952,0.9637030853687782,0.9631327673665281,0.9809023983360489,0.9948610793378193,0.8841013289111583,0.8756599347590541,0.8995543078504571,0.8819246854471509,0.898036244479185,0.898628740221703,0.898036244479185,0.8121681674525111,0.8496866287787127,0.8511350983184726,0.8496866287787127,0.8747625897295557,0.7848666824653937,0.8605936240010804,0.8617723335948804,0.8605936240010804,0.6107669308526357,0.45478738420414216,0.5816952400056661,-0.634870821444234,0.5592601860144402,0.5265924294157368,0.5263035091604858,0.5265924294157368,-0.10644398281057475,0.8526486776791609,0.8736580026822672,0.8591506148636804,0.8925936960214237,0.1659862779691772,0.8566701753890816,0.8585504459259411,0.8566701753890816,0.8630500001410819,0.8630500001410819,-0.18401015462549755,0.6957668238079632,0.052112014915611,-0.691128406532376,-0.6657110882170162,-0.6668541996812288,-0.16867114966168698,0.06371591992563326,-0.18473046903614615,-0.19230816575361348,-0.5895669846442118,-0.3949365490824874,-0.8670165676648884,-0.5891250655916331,0.08418474856848777,0.08561076470220837,-0.6158756278966807,-0.5859826707954597,-0.550717824138155,-0.5928154474611236,-0.8024592378963971,-0.6155009595259796,-0.6176989995645373,-0.6155009595259796,-0.28721243337970254,-0.37528930541973554,-0.37528930541973554,-0.7826499343580936,-0.7826499343580936,0.36203441734763636,0.5842402779561803,0.8121406091517375,0.8000643471668557,0.735934782736526,-0.4051173443804047,0.6335675408886363,0.6906962536652915,0.6908632165638614,0.6906962536652915,0.11452564322878335],[0.9768178039612442,0.9703400415801741,0.5362572408482728,0.9748409234481868,0.9671551943343534,0.9768178039612442,0.9608920695368101,0.9542568366735557,0.9542568366735557,0.9598639674302513,1.0,0.9446547773930895,0.9609132845653353,0.9609337652978347,0.9606329026853623,0.5892542874558286,0.4982033357862843,-0.07298009366705649,0.9652807618994648,0.965260197907135,0.9610275795343906,0.9610199404964757,0.03628969164428551,0.7492994111144078,0.9624751364417081,0.9624751364417081,0.9626502895213466,0.8910805792716086,0.19471701180196957,-0.09808477812409608,0.9678304202849657,0.9679342899901909,0.1570450792100313,0.06638011774049515,0.9688760292993706,0.96911839842124,0.8834533411893023,-0.38225440824492835,0.953020977481173,0.9680697908138551,0.5617250315211484,-0.09399932579461574,0.9699791522584261,0.9699480050973404,0.9699791522584261,0.8125901768345989,0.41186329581747977,0.8252030247620161,0.89758738115162,0.85224109366807,-0.5183048178757598,-0.679012585073476,-0.24272508210176919,0.8892662655528054,-0.012294188339845243,0.9186587810156913,0.9187224504982431,0.9380594604445627,0.9660981902226693,0.8876971637437274,0.8884830363150161,0.9064345267621949,0.8905214108195748,0.8998735803073383,0.9004926816120625,0.8998735803073383,0.8445115051058513,0.8276131299333915,0.829280323702852,0.8276131299333915,0.8846045400946463,0.8997272057159262,0.882916842752475,0.8835201439790501,0.882916842752475,0.6953361667334198,0.6252153241365098,0.6963055568756874,-0.3191381112107115,0.714183963007499,0.7300756378686996,0.7323399668481083,0.7300756378686996,-0.2670639845319781,0.887906889127488,0.9402020310907137,0.9022954871649805,0.8997700286452135,0.015684423863571818,0.8817193549164013,0.8827577641270624,0.8817193549164013,0.8903440843634903,0.8903440843634903,0.039624794781149664,0.39224438932776107,-0.11767212656187674,-0.6248392274814395,-0.42875110687820356,-0.43100591481875844,-0.02919388359401044,0.41705090612140444,0.03659091392020541,-0.14968756842528091,-0.5057162287012655,-0.07598452119454564,-0.797053225024134,-0.23838330624443296,0.2959612386382731,0.29557935180699557,-0.3985331552234576,-0.43333714706749255,-0.36125936881565396,-0.37100152903350775,-0.6654946365651268,-0.3811361331737686,-0.38329522342024164,-0.3811361331737686,-0.10339142751182666,-0.4148592442095523,-0.4148592442095523,-0.539924270854473,-0.539924270854473,0.5138174201894204,0.6478320845346259,0.749001182751242,0.6831615498534896,0.8136877714214723,-0.49508311351707845,0.39007815386968164,0.5344691986812713,0.5347675907030257,0.5344691986812713,-0.1750989768791366],[0.9868793429824282,0.9856237916042538,0.9956297208238356,0.9902900148980748,0.9964747241587935,0.9868793429824282,0.9996849261603004,0.9987468591169357,0.9987468591169357,0.9996505119595153,0.9446547773930895,1.0,0.9996851160861349,0.9996806612669826,0.9996523343631818,0.3723740225402525,0.276443709749355,-0.49109311277518064,0.9997987882243264,0.9998014201389419,0.9996900521131453,0.9996897841267165,-0.22843934701344415,0.9713593179658864,0.9945380802350186,0.9945380802350186,0.9945191923687701,0.9931044654147763,0.11476081126345038,0.10130426089732336,0.9915231637967676,0.9915700001805183,0.8913232039982417,0.04396132905875854,0.9990240594926616,0.9989776865790376,0.9988502866755709,0.9993777570158952,0.9994118333165325,0.9990588717754155,0.3215422466354451,-0.49955241525570077,0.9987982775880504,0.9988065169443685,0.9987982775880504,0.904506459755168,0.45132300960528277,0.9345650793284282,0.9153640086649477,0.7421453971302557,-0.4437789972939847,-0.6133228449957291,0.8098910081461346,0.8384096735652039,-0.33878224118285033,0.9297614659323726,0.929975297921392,0.9691660756433182,0.9933548948536848,0.8962283717507579,0.9032156911663913,0.879886054085345,0.8813128829064248,0.8862870986881135,0.8869414661039386,0.8862870986881135,0.7620374963549894,0.7297729177842498,0.7319743334175965,0.7297729177842498,0.9026320620862843,0.9089563440990752,0.9017006793511843,0.9027866031796447,0.9017006793511843,0.4857276389574942,0.42181977573142027,0.5276013701936385,0.6287152490600698,0.5250690007687786,0.556188671103795,0.5581334936022779,0.556188671103795,-0.357525864681426,0.8410723989819933,0.877209987148539,0.8632737436466773,0.9028302411830543,-0.2990004158073486,0.8360875135161475,0.8364638631767022,0.8360875135161475,0.8464371963506582,0.8464371963506582,-0.23674028009345396,0.6882841459414221,-0.38733320258398984,-0.7816601900770715,-0.5346449254434176,-0.5372901769600239,-0.40957880042205896,0.21084107042944747,-0.29606486391350323,-0.5108561118672649,-0.7366807942401074,-0.38789841514117007,-0.5967662347503799,-0.45775014057578556,0.07722805849161883,0.07446347927868936,-0.5574368093816651,-0.5276999981869637,-0.5484358461254446,-0.5837034643794364,-0.577486720729472,-0.5517573413348464,-0.5546991568534546,-0.5517573413348464,-0.42639199670792666,-0.6173075426353175,-0.6173075426353175,-0.6152772722278487,-0.6152772722278487,0.3582853851031809,0.3325513971163882,0.46420867305083213,0.5599480123597526,0.5219415214886719,-0.5703816645148191,0.2960154894074905,0.28278977822752516,0.2829703848062576,0.28278977822752516,0.23474682891265095],[0.9923919069705849,0.984255372116819,0.6382424557263998,0.9936725406671053,0.9972433083456397,0.9923919069705849,0.9999966080088297,0.9982671824049664,0.9982671824049664,0.9999722686777944,0.9609132845653353,0.9996851160861349,1.0,0.9999904819511399,0.9999950908501654,0.8790189608546896,0.8591767591136525,0.26472103389202684,0.999863995614566,0.9998641290185573,0.9899663763290449,0.9999973778245498,0.3316759290825139,0.7348706324336092,0.9909494334842553,0.9909494334842553,0.9868591997217318,0.9911490156953421,0.2599373305780079,-0.17428081854565858,0.9916524258394334,0.9915624850694007,0.18408222067202468,-0.23548933341010722,0.9993505069697949,0.9994647957346219,0.43232852829872087,-0.3089336786681528,0.9990404962975185,0.9994312611933119,0.8633531572685911,0.24395051806624743,0.9425543871192452,0.9991026138042156,0.9425543871192452,0.9106838325002806,0.6124927458922791,0.9387036046202532,0.9184389731497234,0.7420845251079441,0.4099354607631978,-0.11382741115037566,-0.1951272197895326,0.9293389608069809,0.34497982342689837,0.9679182532337817,0.9631607132984574,0.9789699816090606,0.995637247349448,-0.03266006792912949,0.875009790364358,0.8356855110754057,0.8810889957068869,0.8303166832014388,0.7936142161077732,0.8303166832014388,0.8128006512926667,0.7986440306853425,0.787826712057034,0.7986440306853425,0.8735464877590808,0.39041698798371915,0.5940078951506633,0.6558084290025487,0.5940078951506633,0.6110840784398449,-0.3431219568503613,0.5825581904040569,-0.6258938483623219,0.5050858435318716,-0.09120226733054329,0.4421865449757666,-0.09120226733054329,-0.14941862946941875,0.8520445305686941,0.873841224239225,0.8588354568123568,0.7690651883882357,0.24931206332077877,0.8514029839141682,0.8527479830396908,0.8514029839141682,0.7695968435981249,0.7695968435981249,-0.1822388463956806,0.695443395559728,0.2373454996166835,-0.6792504372768999,-0.630394248123735,-0.6335438431128944,-0.16524460593249654,0.06027399666333232,0.32651528460437723,-0.008382539884591261,-0.5491026021458486,0.05354049237227446,-0.8279313227154482,-0.1750525859230415,0.08482603078146182,0.08625661935808958,-0.6142877836901707,-0.5896668789692673,-0.10046776362271694,-0.5911168738826904,-0.8340693956109675,-0.3874442959890969,-0.22047866411561826,-0.3874442959890969,-0.2852879252342246,-0.37207716751904785,-0.37207716751904785,-0.8264156641538096,-0.8264156641538096,0.36187771972234284,0.585874450725433,0.5064970870707305,0.8021565023396584,0.7377199116239436,-0.3777355651532743,0.06693663479001806,0.7483829350202075,0.7675463392743035,0.7483829350202075,-0.12171673084235911],[0.9928071269394124,0.9841965708202627,0.6304292719880842,0.9943795710903934,0.9973206347341472,0.9928071269394124,0.9999868859660673,0.9994130022821454,0.9994130022821454,0.9999713226299527,0.9609337652978347,0.9996806612669826,0.9999904819511399,1.0,0.9999878206423115,0.8233422133210084,0.7593274939840464,0.2666463949744354,0.9998865969253313,0.9998871660914619,0.9899563492980795,0.9999878111880296,0.33368697883336096,0.7308684532030184,0.9939241431545545,0.9939241431545545,0.9938883378252656,0.9910736260193791,0.2550903216307463,-0.1746859584260333,0.9919135182661937,0.9919212929012619,0.20757719146255227,-0.23488048369129388,0.9995228653525947,0.9994645200604815,0.8457564554122419,-0.40033100112317377,0.9990360478312389,0.9994354942855855,0.8063694722710654,0.2459105364763647,0.9994152283260935,0.9994197462808142,0.9994152283260935,0.9105579842445783,0.6126113611218437,0.9383597441135182,0.9179766603027941,0.7416364686783065,0.28997075676303935,-0.2843243464367863,0.10151686765616424,0.9292121279594314,0.345611498898368,0.9648317206965138,0.9631797439296328,0.9774987391948997,0.9958660366333879,0.8912581002057034,0.8742061897992162,0.9042549371556086,0.8810200182902554,0.9033525812322565,0.9041771064406215,0.9033525812322565,0.811958590061219,0.8701711452781721,0.8715878519246933,0.8701711452781721,0.8733659968690288,0.7680786769433928,0.8660944566747247,0.8676659684868094,0.8660944566747247,0.6105720757147107,0.4586537929010213,0.5811148930256415,-0.6295767013785124,0.503583409632174,0.50979492596813,0.5107634205755015,0.50979492596813,-0.15142245344414104,0.8518801042866305,0.8734774323660689,0.8583304126277271,0.8980146340680247,0.25163762377924015,0.8513255852388022,0.8529278597406861,0.8513255852388022,0.8612210229817163,0.8612210229817163,-0.18261533655428883,0.6942268619628036,0.15152971111418667,-0.6780998594342152,-0.6300319074628932,-0.6330294104700681,-0.16520645627255048,0.059436927658059045,0.10229659244707022,-0.006808635580379999,-0.5475499720224197,-0.1337142195075841,-0.8393429650846923,-0.39491318182607366,0.08453612450704365,0.08600204886334886,-0.614335114519676,-0.5889678668381119,-0.39240033733574475,-0.590879673385342,-0.8274827574229712,-0.5061401078869978,-0.5017842198442262,-0.5061401078869978,-0.28452711994945007,-0.3721281607170675,-0.3721281607170675,-0.8183785558746949,-0.8183785558746949,0.36134091907475335,0.5860312905281244,0.8213754703645341,0.8059728192980541,0.7382377357055678,-0.37719054257427165,0.7003878341220293,0.7372387852110989,0.7373250239728156,0.7372387852110989,-0.0893913473804825],[0.9924443867949364,0.9840955273467203,0.6384395925297554,0.9937013226368726,0.9972694021723763,0.9924443867949364,0.9999934055778752,0.9991567515755799,0.9991567515755799,0.9999758254967234,0.9606329026853623,0.9996523343631818,0.9999950908501654,0.9999878206423115,1.0,0.8716844835737962,0.8226981183685361,0.2648481166548159,0.9998666321168983,0.9998666514112252,0.9901006749696623,0.9999950337805188,0.33233345448769086,0.7347182069254665,0.9941515854559121,0.9941515854559121,0.9940581389533087,0.9910705494397914,0.26020777567435754,-0.1743105980688183,0.9924942792845058,0.9925387656586301,0.18481737402960427,-0.23532279406558296,0.9993964194395161,0.9994639134657576,0.43136189752091864,-0.30817412768387087,0.998996444698784,0.999433684807361,0.8615284188376908,0.2440998231644878,0.9421085735562644,0.9991537383849183,0.9421085735562644,0.9109438466968413,0.6131519779628916,0.9389097655823108,0.9186380155644082,0.7418295698672468,0.411267992726258,-0.11233026450075724,-0.19534188468022323,0.929679794827494,0.34524630099340725,0.968305222519446,0.9634653228007471,0.9792314779462955,0.9956768615798496,-0.0336467760573616,0.8752645487211458,0.8356016052014847,0.8813088480730377,0.8302663498717305,0.7931929604641266,0.8302663498717305,0.8129888714706653,0.7985896942554704,0.788192895712324,0.7985896942554704,0.8738437273372429,0.38976286694919593,0.593529205446911,0.6558145633853895,0.593529205446911,0.6109513663005036,-0.3442460309591315,0.5825030152588603,-0.6260722099138575,0.5047447397617981,-0.09216233617267423,0.4418543394628147,-0.09216233617267423,-0.1493719307768334,0.8521702318350302,0.8735877730248797,0.8589614579060653,0.7612204595997467,0.24968275674140109,0.8514975170572932,0.8528335708535184,0.8514975170572932,0.7694127280726183,0.7694127280726183,-0.18360121685795636,0.6962347808149186,0.23782911842313462,-0.6792290896464481,-0.6307467958512979,-0.633901029115532,-0.16631292882686227,0.059128340369719416,0.32683265539792944,-0.00877744139517422,-0.549303394282358,0.05363597848174494,-0.8271601284729713,-0.1748857811092831,0.08389533839566776,0.08532468750539834,-0.6148645813298234,-0.5898822331605894,-0.09990594068719111,-0.5922523740812657,-0.8340849638659377,-0.3873814049690112,-0.21994030828923467,-0.3873814049690112,-0.2861659374234769,-0.3725097437636332,-0.3725097437636332,-0.8267573984576205,-0.8267573984576205,0.36209266782448396,0.585542849630798,0.5060132198593066,0.8025872297244625,0.7371756379276864,-0.3773050344172727,0.06630393539324694,0.7487904247337485,0.7681529458765329,0.7487904247337485,-0.12143197104589644],[0.8182123153496721,0.2819407940008773,0.4449807839354035,0.8173515231684412,0.7404548698987296,0.8182123153496721,0.8790396946806176,0.8765407822227237,0.8765407822227237,0.7735258049619975,0.5892542874558286,0.3723740225402525,0.8790189608546896,0.8233422133210084,0.8716844835737962,1.0,0.9941266308459165,0.4130416541138054,0.855867583951264,0.8558554177972512,0.7984887613159332,0.870794872177869,0.3293242938270425,0.4625403672203005,0.8628204093589111,0.8628204093589111,0.8498906720544052,-0.025130333711866654,0.19188665301559646,-0.18110766478480958,0.8959322749611713,0.8938395249505101,0.15356126445401297,-0.2453776921633103,0.8759634376359458,0.7926525313915209,0.2892503794899575,-0.3190263352195895,0.388005278349484,0.7670043209043927,0.9984097834344492,0.3951870381733872,0.8028324113483731,0.8757235636327131,0.8028324113483731,0.3575272395289738,0.5654978831035211,-0.03418781582409137,-0.049959398189300445,0.2215208583021744,0.404904686277212,-0.06231269022181262,-0.21000852344397175,0.775502287988509,0.40397155128624745,0.8718423624890873,0.7835188092854745,0.8497396070777785,0.8642186496328756,-0.09786999899816358,0.30856245054096176,0.6509182760156186,