var config = { responsive: true }

var correlationAdjClose = {"data": [{"type": "heatmap", "z": [[1.0, 0.9999928658628184, 0.9836093456251817, 0.999920356063497, 0.9987990103533999, 0.9888141957207203, 0.997294603949057, 0.9948503330717746, 0.9951248016814295, 0.9802566012618753, 0.9908947084195354, 0.9950065611501114, 0.9941666662102384, 0.9949096289625993, 0.995062256345568, 0.9962976437994832, 0.9980562671230363, 0.9956907135075922, 0.9957077930658024, 0.9957118756510792, 0.9949538652831067, 0.9844434271927559, 0.966849614212563, 0.9867939652517912, 0.9855553124085488, 0.9771989603972605, 0.9605709761490244, 0.9388071971514882, 0.9947723751037407, 0.9947116881890763, 0.991837259565433, 0.9751336985722355, 0.997203801068869, 0.9975310394889401, 0.996842754805631, 0.9950768707414175, 0.9944639655801129, 0.9973567461229771, 0.9974296308755939, 0.9986288085273521, 0.9971383395901345, 0.9971540016159238, 0.9753789879070095, 0.9303311571242762, 0.7714843371170145, 0.908349412708831, 0.9321636924988997, 0.859946253673072, 0.9722654184908256, 0.9445879064904583, 0.9733453416915935, 0.9692858686455087, 0.9649680350006083, 0.9866568437080353, 0.9829740124241819, 0.9827596185124348, 0.975367976006983, 0.9847199220238604, 0.9820072851009619, 0.9854014978715372, 0.9851523033690959, 0.9623342138756634, 0.9634662862952196, 0.970248281094336, 0.9699504403992719, 0.9405643819764492, 0.974030510361354, 0.9723547378985663, 0.9807661169621588, 0.9797931837217974, 0.9329203201642184, 0.8489995342480323, 0.817412313339886, 0.8678761994135515, 0.8971607463666765, 0.8907897672117413, 0.8960135067304056, 0.8947667663066411, 0.5999112520776086, -0.5122963564010212, 0.9741592483021858, 0.9630684240687348, 0.9595660707118427, 0.9837341838806763, 0.9447246528571147, 0.9796935132649034, 0.9796543959756184, 0.9402923063148261, 0.9801139535209321, 0.9454190822286019, 0.5804396957311752, 0.8265990469183192, 0.9098816544048636, 0.1809722478754049, 0.9122517790873177, 0.9346708099071439, 0.8014742266946486, 0.9531432905345518, 0.895952286766596, 0.6802267140706147, 0.39415735943882313, 0.8914909226394033, 0.8599015347957926, 0.8873136758076663, 0.9648410325493085, 0.9651824331789423, 0.7375828740584701, 0.6951547183101594, 0.828018133895318, 0.3236413246334521, 0.7947099405999493, 0.8335776912733285, 0.819987661283797, 0.8183980219842483, 0.726085305406458, 0.7344154371960194, 0.7136123937660934, -0.21975885619638258, -0.3522991232853526, 0.6047310454965156, 0.9009868465037097, 0.9477246978326566, 0.950800999000977, 0.9191894854940047, 0.8271414531394146, 0.9187464950696643, 0.941269961286842, 0.9410323420485613, 0.8769352278561896], [0.9999928658628184, 1.0, 0.9794285489380067, 0.9997435482735969, 0.997075685124629, 0.9894957347642244, 0.9921091776251337, 0.9867565601592845, 0.9868131797214789, 0.9660797653889645, 0.9895944680385999, 0.9870708008820939, 0.9868466240618622, 0.9869040659670869, 0.9870144722355427, 0.9925649581618348, 0.9947318858389149, 0.9907881512986502, 0.9907899153886074, 0.9868993616715713, 0.9869711472389584, 0.9868577932586391, 0.959176382612352, 0.9816511091784217, 0.9811297947403821, 0.9770635622432177, 0.9693217228876043, 0.9046480079550655, 0.9881706696440297, 0.982808027179748, 0.9769578520425867, 0.912308325361027, 0.994081279089342, 0.9938549325273849, 0.9941893573578083, 0.9884935710189268, 0.9934654591243621, 0.9941541594643465, 0.9945274857990571, 0.9965440148974208, 0.9942023364843007, 0.9942134408261412, 0.9836564652258187, 0.930035992321847, 0.6705923849015545, 0.9085090870062932, 0.9332792902616274, 0.860072527734463, 0.8977352063428665, 0.9162330436214431, 0.9015700639847558, 0.9119818776124928, 0.8967242546452181, 0.9579873652975672, 0.9578581146403693, 0.9705185009265744, 0.9752589470388479, 0.9672415393804435, 0.9672043015430136, 0.9705328006199958, 0.9704422064562983, 0.9249049272707074, 0.9334775850757804, 0.8936652246467971, 0.8936044188577237, 0.7729408470537381, 0.9648837936629667, 0.9675559156609094, 0.967942615591402, 0.9673781732194286, 0.9214569831672682, 0.6039367141283655, 0.5420220732167219, 0.7077203201518503, 0.8104093330304314, 0.7280085962169942, 0.772775441523602, 0.7710859643654889, 0.5305098770524092, -0.25432297852437435, 0.9479906143770941, 0.9570357748655368, 0.9476470674213711, 0.9717362061412365, 0.9115768601463665, 0.9536673816413427, 0.9524825257379376, 0.8823552305285023, 0.9575153171241207, 0.8898394704844164, 0.35421954941746375, 0.8261519433783056, 0.8313985896142636, -0.2945146154591332, 0.5636159666166414, 0.681722483791885, 0.6061845828354886, 0.9483125115643084, 0.6294049645764682, -0.16373170771285717, -0.16878993059709538, 0.5960695291108838, 0.6053461915543199, 0.6517607934761226, 0.9503934188770673, 0.9501849561115363, -0.1191381772963644, 0.1043430432013497, -0.04965738145541481, -0.06962246033985221, -0.04261595270658902, -0.026789311142255447, -0.05726390345629959, -0.0937899325439507, 0.2590711219173655, 0.02358387857870427, -0.021222761052223288, -0.4549994662953955, -0.48139748988677683, 0.6052348463116503, 0.7412608698802121, 0.7618728095923676, 0.8251056273242369, 0.8181279628326691, 0.5163074249141935, 0.7263732951597318, 0.7617691296152395, 0.7603110023967108, 0.41738758362108574], [0.9836093456251817, 0.9794285489380067, 1.0, 0.985080720382011, 0.9920884240045416, 0.9889689073085003, 0.9905011696605177, 0.9907610401166453, 0.9941208883627652, 0.9529725075261558, 0.996548690730263, 0.9906717254081681, 0.9926492387857135, 0.9908300251148762, 0.9907284705689576, 0.9912863688515754, 0.9894125220303129, 0.9892386300749328, 0.9892039880467204, 0.9926107988539098, 0.9906906261973827, 0.9928775677436835, 0.9773537570314617, 0.9900572717796019, 0.9904174197583353, 0.9748143532206791, 0.9801505287341032, 0.9431604013195068, 0.9738649956238077, 0.9768240236060634, 0.9785904474971668, 0.9503281813678479, 0.9876849653633752, 0.990825319932249, 0.9889989874646901, 0.9928912610213319, 0.99413203818529, 0.9918135291241775, 0.98702463756349, 0.9870955337019296, 0.9879581340874153, 0.9873054806173358, 0.9896550905179026, 0.9295244994531918, 0.714006690194597, 0.9341972138740455, 0.9143033802232373, 0.7591538536282241, 0.933183868452831, 0.8993048117091269, 0.9342951176244265, 0.9291682812048274, 0.9226486175645008, 0.9538450618966671, 0.9605669717762367, 0.9254885426740961, 0.9404810086257255, 0.9491092334434088, 0.9541008686552606, 0.9498746064160244, 0.9239902893534896, 0.8839449128371794, 0.9168280515347973, 0.9203454658192624, 0.9045994130599785, 0.851518660560747, 0.9542830906931531, 0.9303656245868203, 0.9495367793586739, 0.9273066191376154, 0.7420190113406328, 0.783237598233516, 0.7239948938708552, 0.8037785760721675, 0.8531461412070338, 0.8490937657237795, 0.8239663697501763, 0.8373621738947076, 0.2729509069981227, -0.5185876933555226, 0.938528552618962, 0.9038652424591783, 0.9107756290798956, 0.926120343547771, 0.9032696234953435, 0.9450477268257169, 0.9447309184131737, 0.8997895090584526, 0.9422020498268545, 0.817594308272756, 0.5479044503468969, 0.9179190562871745, 0.9281052312119044, 0.09603890446694964, 0.8890782514265385, 0.9147604339179713, 0.7862543601656385, 0.9752856714043511, 0.7780703380455358, 0.5897894671911508, 0.3057918856182547, 0.7838781317940778, 0.7837376072230766, 0.7721453009397531, 0.9794087635825228, 0.9795215582835127, 0.6536046759174373, 0.6252329640272464, 0.7151941433134529, 0.2482293681151052, 0.6875058156165629, 0.7122439826640854, 0.7284704040914098, 0.7089832013788785, 0.674611835813923, 0.65597172618909, 0.633038425142833, -0.29927491348995533, -0.43092254434957616, 0.550464773066137, 0.8586256197137941, 0.8979371447650825, 0.8979718146430197, 0.8907642725783631, 0.7545341523652764, 0.871909757903635, 0.8863336688978154, 0.895538998402503, 0.7404789210196527], [0.999920356063497, 0.9997435482735969, 0.985080720382011, 1.0, 0.9991238087285762, 0.9896691224547418, 0.9976886753067442, 0.9954209265548561, 0.9958173126820322, 0.9801235988212726, 0.9926825136490092, 0.9955600146735878, 0.9949343309720495, 0.9954784806137567, 0.9956060492347698, 0.9968365028348175, 0.9984221530611335, 0.9961878354221896, 0.996202219223536, 0.9963116157448448, 0.9955096149898557, 0.9857805514453489, 0.96824195373928, 0.9879708086870812, 0.9868414563463163, 0.9803250884994097, 0.9627880026120527, 0.9401174674484003, 0.9943757300166551, 0.9944695782987489, 0.9920829094835779, 0.9749730265913682, 0.9974080269576284, 0.9979077152279737, 0.9972055555918278, 0.9957018605530161, 0.9955483544459938, 0.9977743308057653, 0.9975774265719943, 0.9987987903402186, 0.9973321284882817, 0.9973444565228607, 0.9772259209631845, 0.9263666475188154, 0.7653319350033896, 0.9092613570023476, 0.9289036593421608, 0.8494078507551949, 0.9695099623395194, 0.9411678327590046, 0.9704717737642062, 0.966755684947246, 0.962303894012262, 0.9846426750888049, 0.9815058478251444, 0.9807105318007056, 0.9729442322414643, 0.9829116855573686, 0.9808504520309343, 0.9835129749762594, 0.9832622618301077, 0.946507785352001, 0.9615330278570803, 0.9684618776387538, 0.9681680259910449, 0.9332538660497249, 0.972947358482618, 0.9680378335765419, 0.9786373225021741, 0.9776216155173927, 0.9001634452296629, 0.8466930468389069, 0.8122205687499655, 0.865213608451088, 0.8931550895298632, 0.8897309844835828, 0.8926606606368517, 0.8914994572268732, 0.49231543071632955, -0.5126104141002692, 0.9726356292428259, 0.9599774359495227, 0.9567796110665399, 0.9816907056910827, 0.94286494781292, 0.9783725693476144, 0.9783384440120217, 0.9386843091720517, 0.9780773436891445, 0.9218314876235204, 0.5864862513779335, 0.8372744396709962, 0.9144981755443198, 0.1807471129605336, 0.9139937385012645, 0.9361673058314818, 0.8019302108472062, 0.9547012686012079, 0.8898863699575158, 0.6775402073701663, 0.3916215216525228, 0.8865337830736459, 0.8564948544344552, 0.8820107087995057, 0.9659945594869946, 0.9663431200470103, 0.7369149748560425, 0.6957290191498161, 0.8201766968620667, 0.3260674663552014, 0.7892928906594291, 0.825442129920177, 0.8119276380763256, 0.8132716396211466, 0.7293567317387082, 0.7347723030010113, 0.7140297736928846, -0.21509630708996388, -0.3514583367292739, 0.6024471906737369, 0.8992839067014726, 0.9461566155717884, 0.9492557465207199, 0.918320111216442, 0.8244590539142895, 0.9169711134927209, 0.9392713646505663, 0.9391909020167032, 0.8692285661405985], [0.9987990103533999, 0.997075685124629, 0.9920884240045416, 0.9991238087285762, 1.0, 0.9921936929771212, 0.9990664989524569, 0.9981251624214302, 0.998177646488526, 0.9730059547504618, 0.9973483035033384, 0.9981850524179083, 0.9979037738978058, 0.998162785401642, 0.998228969278291, 0.9984823205162557, 0.9991437484475043, 0.9986007697421293, 0.998604409991135, 0.9982681271173554, 0.9981661442297675, 0.9930538112451882, 0.9763569001397873, 0.9930618713804193, 0.9929451077405882, 0.9847421292326891, 0.9778978611787469, 0.9439394273301357, 0.9911055627334557, 0.9929956099465403, 0.9904094926644145, 0.9659472847406443, 0.9989994125965472, 0.9990175037995654, 0.9989991801668057, 0.9983040387295752, 0.9986165676457929, 0.9990954354010114, 0.9991626400729875, 0.9991393539512766, 0.9989810694614315, 0.9989848671506222, 0.9880353337479154, 0.9365674341634557, 0.7419809683611266, 0.9266407844669913, 0.9308464350125976, 0.8277468346141625, 0.9550590172543684, 0.9262884871803531, 0.9585285496503254, 0.9582439506875382, 0.9539017214617631, 0.9806458835580822, 0.9805860801445591, 0.9757336442775703, 0.9654136990285623, 0.976654051715723, 0.975390771029672, 0.976971748624827, 0.9766545526187218, 0.9476466499196444, 0.9494129443473032, 0.9463448558367872, 0.9459531862336558, 0.8942792503779032, 0.968946042837588, 0.965647950163022, 0.9728651474482715, 0.9717875758972583, 0.9256327054112908, 0.818688493814269, 0.7687512405805731, 0.8447413200113714, 0.8933459489412449, 0.8727342441485985, 0.8823416224151395, 0.8811941908491615, 0.6484783393891462, -0.5841359920978699, 0.9638843288782579, 0.9447094732404192, 0.9434319982698198, 0.9770678514167719, 0.9222151512081258, 0.9691781291044831, 0.9686446837193073, 0.9250569353546186, 0.9715175629574753, 0.9300538189551911, 0.5705081869535905, 0.8663380554902603, 0.936067900772747, 0.07358338061022518, 0.8869389924115099, 0.9165702210104842, 0.7949499009687689, 0.9610485090312928, 0.8754895558626699, 0.5355346244582132, 0.24759604507995212, 0.8622212546254867, 0.8107134045341019, 0.8629067510956084, 0.9707681596835777, 0.971046316230376, 0.6875314622093436, 0.674183744336664, 0.7294932053808938, 0.2977444351475095, 0.6637416358064399, 0.7383346228674096, 0.7136030541640839, 0.6944897759690141, 0.7107604570684943, 0.7155968915434163, 0.6937784268706227, -0.4472957694208839, -0.5201239817499517, 0.5875426614133904, 0.8912978813527255, 0.9291518373688429, 0.93937973620123, 0.9142254499349387, 0.7977429422661534, 0.8966482034766926, 0.9223308620572604, 0.9217739226706166, 0.8021634061654318], [0.9888141957207203, 0.9894957347642244, 0.9889689073085003, 0.9896691224547418, 0.9921936929771212, 1.0, 0.9893435251241521, 0.988899005410021, 0.9881771147106223, 0.967230484444069, 0.9771066080754426, 0.9888812465291626, 0.9898877958593686, 0.9889664005745081, 0.9890496210459842, 0.9919136403676059, 0.9903562253342686, 0.9898794152618992, 0.9898469609867458, 0.9876369712857885, 0.9888914690098342, 0.9962860122059793, 0.9911321952715889, 0.9882423224054389, 0.9878442359937658, 0.9617449631830461, 0.9832280657708222, 0.9646858919228184, 0.9756800557173502, 0.9786239715228058, 0.9877418590036184, 0.9757599389255479, 0.9893860121905964, 0.9894568889040534, 0.9903173823709808, 0.9899652273754996, 0.9809064506284931, 0.9901005140755926, 0.9896988137673708, 0.9898061594690032, 0.9894832794930378, 0.9894512644527109, 0.9939312903017551, 0.8897006176734213, 0.7531393303019969, 0.8807886681157994, 0.9301543325489541, 0.8598131026594865, 0.9445963746230503, 0.9147082634583642, 0.9460823401331463, 0.952100915836167, 0.9434456303532475, 0.9658036456925827, 0.970229342003169, 0.9647495751275514, 0.9759726798737651, 0.9662991592960657, 0.9779672818509207, 0.9663012814176409, 0.9657111435567787, 0.9629444427218824, 0.9552568670186627, 0.9426279361490117, 0.9421527391691722, 0.9262861171408389, 0.9745410977556864, 0.9664628274195327, 0.965516888623078, 0.9637020955015035, 0.9423108827473327, 0.8468481822936516, 0.7987995393818816, 0.8671114624321047, 0.8876751059631581, 0.8946448160446367, 0.8790931109291079, 0.8772479723164387, 0.6184711044349613, -0.4830582897224785, 0.9710117937753974, 0.9639333378747267, 0.9608841427960794, 0.9660198750746748, 0.9400431117609047, 0.9720748725226693, 0.9717700572318418, 0.9478161148337518, 0.9615135047942709, 0.9479137881560475, 0.5844876029446646, 0.79075499600081, 0.9292638960789207, 0.17417335333822673, 0.9008174876279645, 0.9217374905288134, 0.7991447546979532, 0.9501463300595016, 0.8490012649727803, 0.6342544571759156, 0.3741950108306459, 0.8460955999580348, 0.8191486231857661, 0.8424876419842305, 0.9526891190812148, 0.9528884175855991, 0.7028214542263364, 0.6778753837304328, 0.7674997098054257, 0.32753604271996695, 0.744410208728907, 0.7749891704828646, 0.7606304678049345, 0.763455365529391, 0.7170994176045021, 0.7080127803437565, 0.689359919261974, -0.24601049561562158, -0.3699936217675283, 0.6397876430691779, 0.8910387788179615, 0.9091479254303508, 0.9159823040763553, 0.9031783118893973, 0.8029098610013213, 0.8773356694780245, 0.9009475781069587, 0.9008261124802015, 0.8482709516107015], [0.997294603949057, 0.9921091776251337, 0.9905011696605177, 0.9976886753067442, 0.9990664989524569, 0.9893435251241521, 1.0, 0.9969767101339356, 0.9995117308348176, 0.9711182026263978, 0.9993861233062195, 0.9979955023426972, 0.9990403370256515, 0.9989439490505477, 0.9986985001979991, 0.998012903286917, 0.9998532021606373, 0.9991989104585802, 0.9992050696424597, 0.9996300991702405, 0.999166031088795, 0.9903821464150905, 0.9728230582205545, 0.9831781041048174, 0.9919509629335274, 0.9835583078656353, 0.9696943101384438, 0.9385380942882828, 0.9926081403457269, 0.9916567305942141, 0.9929931269372466, 0.9709828650461243, 0.9987356930088035, 0.9998008090550504, 0.99959102182142, 0.9993566873296756, 0.9996043158688165, 0.999833599012316, 0.997741585014008, 0.9995573354019894, 0.9992163823707017, 0.9987943733622056, 0.9830345828682783, 0.937901806371676, 0.7533912386551823, 0.9336783668881651, 0.9316124109189906, 0.8125895039004154, 0.9620835260081553, 0.9399851139874258, 0.962960577901315, 0.960779073841001, 0.956968900243105, 0.9822270029477022, 0.9800089929143191, 0.9354271241096628, 0.9511562399800662, 0.96586870824943, 0.9663251962676559, 0.9678636572630316, 0.9361100940182264, 0.8794674079140959, 0.9383252284097159, 0.9523161975267592, 0.9289695061107861, 0.8665569118017867, 0.9576252302619146, 0.9234445074158215, 0.9590228479180481, 0.935522610105511, 0.7067334041728355, 0.8127768534090972, 0.7462077673636347, 0.8295833568985368, 0.8604681749773666, 0.8636432650717132, 0.8452831072588571, 0.8576835088794008, 0.22746935485447778, -0.5491827802635824, 0.9536076957480425, 0.9268427344415878, 0.9277589661188343, 0.9382390983788675, 0.9234511339893071, 0.9627525762253311, 0.9628492639445946, 0.9158424172126365, 0.9587916575301481, 0.8030115236252039, 0.5687539358792716, 0.8719506357023853, 0.9137759281620874, 0.15765402254528557, 0.911631628650431, 0.9350267840542549, 0.7952425947115783, 0.9615680262227341, 0.8302323800433632, 0.6626146668124385, 0.3711424884657619, 0.8417806293781388, 0.8336812841010721, 0.8270516340223323, 0.9715746700351487, 0.9719484152065729, 0.7208177933561569, 0.669210608920399, 0.7843296403456333, 0.29222841004672034, 0.7645855004845353, 0.7937361338526986, 0.7852121732681221, 0.7903399347347404, 0.7060748061230233, 0.7194591924746669, 0.6968113997311272, -0.23638274056081418, -0.3798536075762123, 0.6078996242072809, 0.8910053927772643, 0.9313771051522383, 0.9462416801415067, 0.916127650024782, 0.8213756877291083, 0.9155434451088543, 0.9378975356787398, 0.9372387871257754, 0.7740126716444317], [0.9948503330717746, 0.9867565601592845, 0.9907610401166453, 0.9954209265548561, 0.9981251624214302, 0.988899005410021, 0.9969767101339356, 1.0, 0.9999831755981607, 0.9648184725651988, 0.9995893675394366, 0.9999968484493804, 0.999640436598348, 0.9999976726654968, 0.9999803937285212, 0.9961946569500554, 0.9990686988492218, 0.9998775110579059, 0.9998773526993168, 0.9999528961196525, 0.9999941925867203, 0.9905650407618205, 0.9737303479581231, 0.9911690430864875, 0.9924212068114172, 0.9797102136712215, 0.9718723601450747, 0.9369652333202533, 0.988977774194168, 0.9944675753692478, 0.9917814758925011, 0.9676766026775729, 0.9994229021884735, 0.9994669951187893, 0.9996085240498715, 0.999657381390793, 0.9986106237149882, 0.9993639976072936, 0.9990807071397328, 0.9982557432168421, 0.9994937306718443, 0.9993518856192799, 0.9843140456909798, 0.9397076125640744, 0.7406015281016409, 0.9431577789966189, 0.9308431991368216, 0.7902795145997935, 0.9610131893491086, 0.9350790245747345, 0.961541422324742, 0.9544769735813485, 0.9507749808908481, 0.9804162564362502, 0.9768140611340955, 0.9290829827535042, 0.9432372721283347, 0.95688560269403, 0.9613116355421101, 0.9594567173613125, 0.9339773368492162, 0.866470058459587, 0.9311620712646606, 0.9438047042755167, 0.9226162862675638, 0.8496335752721997, 0.9528460677048058, 0.9147892237556037, 0.9513500402608497, 0.9295245067346531, 0.6869668043660832, 0.8015293379104661, 0.7410293179826033, 0.8181615899713665, 0.8503844861819202, 0.8566115260522845, 0.8396108675961906, 0.8486839537661678, 0.20474077373163532, -0.5568081367740736, 0.9470152776638401, 0.9138899016946898, 0.9173332466438874, 0.9357960699751682, 0.9141133226506102, 0.9564536528939255, 0.9565661860669217, 0.9068346175243867, 0.949293128932895, 0.7853496726102976, 0.5621455851173991, 0.897115687578861, 0.9272952531068573, 0.14284368096845163, 0.9102421431778236, 0.9340895863483881, 0.7922380649194998, 0.96658069369316, 0.8348797619886089, 0.6490783102940468, 0.3559005826825075, 0.8437988246706866, 0.8309112833416701, 0.8313110092662536, 0.9747769054936737, 0.9751380895838917, 0.7104629859584285, 0.6595722070202984, 0.7871224707926759, 0.2758742944813101, 0.7596966149082296, 0.7899013745863713, 0.7872811949392439, 0.7852251549524757, 0.6976357119583361, 0.7127055893597513, 0.6892902602931915, -0.2544275618235087, -0.39700748211225156, 0.5862267301042401, 0.8821025961038138, 0.9294647850536972, 0.9385389361395837, 0.9095039852913591, 0.8095144903716218, 0.9091212646858425, 0.931699214113289, 0.9313109288902657, 0.7528302025698836], [0.9951248016814295, 0.9868131797214789, 0.9941208883627652, 0.9958173126820322, 0.998177646488526, 0.9881771147106223, 0.9995117308348176, 0.9999831755981607, 1.0, 0.9641198058719027, 0.9995875598715886, 0.9999810342630993, 0.999821527491765, 0.9999894477255232, 0.9999964516779679, 0.9989165341962275, 0.9990274832809112, 0.999806099292986, 0.999805384723229, 0.9999653766371559, 0.9999818713957662, 0.9932890085676386, 0.9749103773717788, 0.9945062592394708, 0.9946754036362623, 0.9797628171690416, 0.9761201664029935, 0.9383038800358413, 0.9895033495059804, 0.9934831379093001, 0.9888654830493331, 0.96316104317316, 0.9993314507741565, 0.9994110444292377, 0.9994059105794472, 0.9998230495304776, 0.9986284046622057, 0.9993614512482012, 0.9992998975901459, 0.9982488983332798, 0.9993235612004031, 0.9993183106098343, 0.988560094410398, 0.9398996393725573, 0.7416638348847896, 0.9437048017479023, 0.9319392059574193, 0.7905958028328962, 0.9499993013243964, 0.9210154094365576, 0.9530249134841176, 0.9520482543069353, 0.9483735692071198, 0.9775773859243121, 0.9770072913352028, 0.9633274210436509, 0.9437515559478503, 0.9641808759529298, 0.9613504438282605, 0.9646022540177696, 0.9642110317585283, 0.9328972105780381, 0.9303701594731388, 0.934129586280509, 0.9337273000707853, 0.8808856254682119, 0.9531890671620828, 0.9546239669039284, 0.9610243992218735, 0.9596502655108171, 0.9105318961594249, 0.8007525063375687, 0.7446316812887666, 0.8174484087835565, 0.8718115933654773, 0.8545020244492776, 0.8627333203182886, 0.8617067077320951, 0.5896029933291878, -0.6204103601030982, 0.9469077110323019, 0.9139276359286719, 0.9173983201070772, 0.9648994673798937, 0.9040097699073996, 0.9558577270477827, 0.955261558728119, 0.9076181991104533, 0.9584783302662382, 0.9129380409376839, 0.5599881401367254, 0.8970327786359652, 0.9439056466664949, 0.08323195268278366, 0.8942861568725496, 0.9230306005514125, 0.7912680692215713, 0.9651148495324635, 0.8820164501024866, 0.5598073664786513, 0.2731582652217118, 0.8693429177536455, 0.819028766333322, 0.8707658869856673, 0.9747174171332742, 0.9750102355191707, 0.7083321965604755, 0.6565316954692112, 0.7458114187165499, 0.2734224511675971, 0.6818785954796788, 0.7539211880923071, 0.7312076107674554, 0.7127188961911772, 0.6947628892169705, 0.7092618306893849, 0.6858036601890213, -0.49880338292660037, -0.5735622313860187, 0.5864877265495272, 0.8809907564352457, 0.9277537009450788, 0.9391977654655619, 0.9084871164533239, 0.8040771848676647, 0.8964598077040913, 0.9210222430655419, 0.9204446426836494, 0.81053144831535], [0.9802566012618753, 0.9660797653889645, 0.9529725075261558, 0.9801235988212726, 0.9730059547504618, 0.967230484444069, 0.9711182026263978, 0.9648184725651988, 0.9641198058719027, 1.0, 0.9473332903849293, 0.9652137180921352, 0.9640743270332366, 0.964937071024668, 0.964485677316372, 0.9663686650506228, 0.9753871301256148, 0.9698606635332742, 0.969867954856638, 0.9649926031200303, 0.9650725799428509, 0.9646081153211719, 0.949865789538321, 0.9720939460676935, 0.9699403261845886, 0.8773931997466342, 0.9680044814543252, 0.9482290590330539, 0.9742192207014635, 0.968026576902406, 0.9678124401247656, 0.9317240411922336, 0.9736102865685425, 0.9731627578453249, 0.9736711777870156, 0.9651759612919569, 0.9557465255627571, 0.9726506747811736, 0.9734924872462567, 0.9775958706976622, 0.9738091347183536, 0.9738272283049427, 0.9552907328320254, 0.8388185505183864, 0.5632721170616999, 0.7751682261660281, 0.8976268383771896, 0.8825568866657386, 0.9022294768236081, 0.8173536924864473, 0.9067118382208289, 0.9140241431641025, 0.90403024774444, 0.9280813365266781, 0.9279248494711256, 0.945713676667223, 0.9373237620488447, 0.9559050419581843, 0.9495832707657584, 0.9541149834165741, 0.9541467271516495, 0.9136625131194809, 0.9512000196954031, 0.933352445017646, 0.9330047561398893, 0.8473168475045777, 0.9375768056232242, 0.946166966196365, 0.9389421099750038, 0.9379831428301958, 0.8893542345954235, 0.8089549730267627, 0.7635691668010501, 0.854253021105776, 0.9092439140864206, 0.878679396718158, 0.8939804197015347, 0.8932153621481378, 0.6930027650243096, -0.2938582789481688, 0.9531438102025798, 0.9556908991830467, 0.9461154574785503, 0.9477002517295287, 0.8973317398127455, 0.9545724960206563, 0.9544053982659215, 0.898856070159172, 0.9570597586585549, 0.9051197893630859, 0.685759443623246, 0.64100857164399, 0.8613971470266946, 0.09683408668396226, 0.8448884521619429, 0.8858228329842653, 0.8685153290221947, 0.9489437270025209, 0.9032066210770049, 0.4688550335975369, 0.29935321828431816, 0.8955482787201002, 0.8698413390471856, 0.9015733852610021, 0.9494923244624195, 0.949835931861016, 0.5353420395655539, 0.6970351358693844, 0.6066615541246982, 0.48100900053555296, 0.5691719532201893, 0.6263723505153579, 0.587043341696201, 0.5646346422957415, 0.7949062006340293, 0.6715720038787276, 0.6361283937938795, -0.2648447133711407, -0.30879266408400735, 0.7365950117838957, 0.9153329072634616, 0.9212471342237637, 0.9067395715257635, 0.9401084039172916, 0.6453211334865782, 0.8357794473580616, 0.9070876277861378, 0.9061869264974489, 0.6907942380079483], [0.9908947084195354, 0.9895944680385999, 0.996548690730263, 0.9926825136490092, 0.9973483035033384, 0.9771066080754426, 0.9993861233062195, 0.9995893675394366, 0.9995875598715886, 0.9473332903849293, 1.0, 0.9996248920361668, 0.9995985689301143, 0.9996072336229384, 0.9996160573386469, 0.9993268762373198, 0.9985335462124941, 0.9999483237459588, 0.9999487622803621, 0.9996059492211095, 0.9996169457214736, 0.989039812346427, 0.9534437455232091, 0.9897731306482838, 0.9910464270549715, 0.9852976720367509, 0.9665620076733231, 0.8878359933775944, 0.9880564777451426, 0.9918484957203323, 0.971468016806053, 0.8923539336995957, 0.9990851099681706, 0.9991572757603209, 0.9990754686341881, 0.9994224773434809, 0.9993499621794687, 0.9990906683454933, 0.9989381005230925, 0.9969900879126267, 0.9990509440282602, 0.9990475401278975, 0.9882035607628129, 0.9336707604390626, 0.6204868073237517, 0.9383596586202761, 0.93117654158971, 0.7957727746740172, 0.8732793895808786, 0.890565710752724, 0.8789021279063147, 0.8827243016140546, 0.8701727677163531, 0.9506196918437045, 0.9505264793521095, 0.9431859148391326, 0.945776919549654, 0.9325486793534684, 0.9354526050393563, 0.9379018191448487, 0.9376869769503408, 0.8793216462766427, 0.8913295493694827, 0.8435472002050651, 0.8433970082500565, 0.7053505006709734, 0.938917783880259, 0.9427468771993465, 0.9431584027568589, 0.9424918047585794, 0.8831767316155754, 0.5457445814398688, 0.47934738443427816, 0.6491209578493395, 0.760518120935842, 0.6768536696019744, 0.7227018040714602, 0.7217406686286407, 0.4647930373430915, -0.38783249161311983, 0.9058821263215254, 0.9183993506390051, 0.9054982597918002, 0.945048795737921, 0.8609328689345583, 0.9130658452168814, 0.9115395450347215, 0.8284643316653122, 0.9184332191229255, 0.8378313580322219, 0.4235310978984437, 0.8921699281245421, 0.892678550991786, -0.27285928813948346, 0.6200925221616078, 0.7248573210941295, 0.6218685664730504, 0.9668945791588567, 0.6433494904873319, -0.11433692118018289, -0.15519079978696487, 0.6150091132079273, 0.6206218551412321, 0.6628856285523214, 0.9685364566167617, 0.96859170815115, -0.05529113333558765, 0.1607528337157433, 0.016455318875408766, -0.00525240499145489, 0.02052510302181495, 0.0393042525524718, 0.007403171360753886, -0.03642316365516768, 0.32521127433710006, 0.0720359929905074, 0.022984754475688686, -0.5271767580781782, -0.5536247151811974, 0.586583582188017, 0.7304316515729987, 0.7523717360929609, 0.8182782586148825, 0.8156775798454969, 0.4919831798718524, 0.712277937432017, 0.7515405570579637, 0.750174656227393, 0.4020529435775747], [0.9950065611501114, 0.9870708008820939, 0.9906717254081681, 0.9955600146735878, 0.9981850524179083, 0.9888812465291626, 0.9979955023426972, 0.9999968484493804, 0.9999810342630993, 0.9652137180921352, 0.9996248920361668, 1.0, 0.9996275598175933, 0.9999976054275204, 0.9999836146312617, 0.9968692278510739, 0.9991304716075435, 0.999889755976644, 0.9998896958414984, 0.9999609115468819, 0.99999469234505, 0.99048277481701, 0.9736130601236087, 0.9918226740734849, 0.9923913366057375, 0.9799688276089984, 0.9717177510159386, 0.9369985750354886, 0.9898509822922844, 0.9945058398980707, 0.9918361189653885, 0.9677953234843508, 0.9994631489855104, 0.9995106003702143, 0.9996419980242355, 0.9996603180026095, 0.9987091294384532, 0.9994105478691575, 0.9991174333477126, 0.998345155500606, 0.9995355624823618, 0.9993928271573974, 0.9841418208841266, 0.9398831882934968, 0.7412337321512479, 0.9429192930752467, 0.9309640172325664, 0.7914281872799818, 0.9612930964652628, 0.9354772243797786, 0.961830777984919, 0.9548125449353413, 0.951121430491522, 0.980634088214904, 0.9769769153861928, 0.9294532305657354, 0.9435946765633424, 0.9572693347017619, 0.9615487121011245, 0.959829739721817, 0.9342733519422526, 0.8668057847767551, 0.9315409380102524, 0.9442705131243151, 0.9230755678564386, 0.8501708110291107, 0.9530478362579545, 0.9151048133271997, 0.9516639910453865, 0.9298800045523186, 0.6872594486613595, 0.8021140940045113, 0.7416205253931667, 0.818744915446975, 0.8508298266600138, 0.856970234717189, 0.8400899986486668, 0.8491950540063433, 0.2052061069373667, -0.5565731096656467, 0.9473379422084781, 0.9145423660731408, 0.9178351217845783, 0.9360779420552876, 0.9145254847712032, 0.956764898823745, 0.9568767663403236, 0.9072031335872575, 0.9497011324488052, 0.7857600730984433, 0.5625351060299603, 0.8960237180396767, 0.9267579052513568, 0.14364023966670328, 0.9103590079945187, 0.9341928164115371, 0.7925539868841632, 0.9664199657531107, 0.8352862464515445, 0.6499970752409973, 0.3568533307379113, 0.8442332713600661, 0.8314335070464548, 0.8317058196705142, 0.974707235467751, 0.9750697760583453, 0.7111155746964619, 0.6602256755852677, 0.7876530102755446, 0.27684055662806945, 0.7603639717456974, 0.7905421887980423, 0.7878133772475052, 0.7858962615515983, 0.6981120118955993, 0.7131653965577984, 0.6897845364351146, -0.25333931687072697, -0.39601492283651796, 0.5869406658507996, 0.8825986587909537, 0.9298410418644356, 0.9390148112029313, 0.9099365916969105, 0.8100491522503732, 0.9096372468634356, 0.9322016962133349, 0.9317989315219283, 0.7534821902610891], [0.9941666662102384, 0.9868466240618622, 0.9926492387857135, 0.9949343309720495, 0.9979037738978058, 0.9898877958593686, 0.9990403370256515, 0.999640436598348, 0.999821527491765, 0.9640743270332366, 0.9995985689301143, 0.9996275598175933, 1.0, 0.9996642165423079, 0.9996470496719062, 0.9990299330239975, 0.9985976064287257, 0.9994324215835115, 0.9994260184191815, 0.9996419991192687, 0.9996169996076268, 0.9924917165736161, 0.9752949536321854, 0.99532940408154, 0.9952170216572863, 0.9797586974421693, 0.9746335822184338, 0.9397180134066336, 0.989076434398301, 0.9925204855929521, 0.9909607867823841, 0.9654295686851745, 0.9987404056326247, 0.9990414469149282, 0.9992359822378767, 0.9999241785023986, 0.9986474769600319, 0.9989866450690407, 0.9985438890988184, 0.9976036288074147, 0.9987296309335176, 0.9986526735139907, 0.9880956556913448, 0.9398884191687875, 0.7376084726907209, 0.9431261691486819, 0.9309266897695151, 0.7906993264246218, 0.9578357744281081, 0.9283390956263005, 0.9586279169493522, 0.9515325111053954, 0.947323363919674, 0.9771175301398923, 0.9749348326165395, 0.9541516766515582, 0.9431754457177218, 0.9574662510724159, 0.9604504316214074, 0.9595348644374418, 0.9588357735397245, 0.8709047731328509, 0.928075935187902, 0.9424791333952157, 0.9422669975448412, 0.8479857587690138, 0.953130565364427, 0.9278981269380422, 0.953548160361054, 0.9520413870497919, 0.691212910216446, 0.7987098951415479, 0.7631852607705758, 0.8160070468306752, 0.8523156325484145, 0.8558271725548074, 0.8479053812303188, 0.8481572403915241, 0.1885876413530432, -0.5511627120973109, 0.9460893884627728, 0.9141376472933952, 0.9164765185016164, 0.9573441231811193, 0.9134949826099384, 0.9552227383304779, 0.9552914790572866, 0.9064275562340861, 0.9499763999573151, 0.7927372511312164, 0.5630457314041633, 0.896677140653223, 0.9269154824801977, 0.1378684768744451, 0.9078459376136517, 0.9320980807756926, 0.7936781362630952, 0.9692360050826401, 0.8284462043950527, 0.6422669094948308, 0.35055039399740207, 0.8352699679114606, 0.8260783075263292, 0.823220372563861, 0.9767477269320184, 0.9770596566034674, 0.7016615748132669, 0.6544423901675761, 0.7658988767315473, 0.27651557790990894, 0.7501769913497911, 0.7790326363284352, 0.7555798116569503, 0.7746777492676052, 0.6955305058141196, 0.7023514934074129, 0.6792415727658332, -0.2603551007332152, -0.4013843415032335, 0.5864507150533123, 0.8803821906001388, 0.9314728572825943, 0.9345709600250476, 0.909148194988296, 0.8020032188101395, 0.903030460643267, 0.92522978710591, 0.925432373536824, 0.748098904409653], [0.9949096289625993, 0.9869040659670869, 0.9908300251148762, 0.9954784806137567, 0.998162785401642, 0.9889664005745081, 0.9989439490505477, 0.9999976726654968, 0.9999894477255232, 0.964937071024668, 0.9996072336229384, 0.9999976054275204, 0.9996642165423079, 1.0, 0.999987856108405, 0.9985228456910461, 0.9990901361811496, 0.9998813990560725, 0.99988089249822, 0.999955131611225, 0.9999918517979408, 0.9906050944704616, 0.9737876672374979, 0.9937539935785337, 0.993620586558886, 0.9798624684396859, 0.9719193321054502, 0.9371614733539794, 0.9923554398816282, 0.9948468530299422, 0.991718068607311, 0.96756629199235, 0.9994395696526052, 0.9994725316808228, 0.9996193205028748, 0.9996778088541768, 0.9986563474219399, 0.9993762542759532, 0.9991507373547007, 0.9982820489743375, 0.9995079082044517, 0.9993693853229086, 0.9842965440477451, 0.939746508721599, 0.7406968850114083, 0.9430745432553881, 0.9309405337961789, 0.7908160023524697, 0.9611224541064973, 0.9352640899025308, 0.9616938360814768, 0.9544447819072578, 0.950716879841437, 0.9804668015539278, 0.9767761911907252, 0.9294692906297174, 0.9434257784325285, 0.9571032758427144, 0.9613851664054069, 0.9596560406061923, 0.9336371291786247, 0.8667378992174849, 0.9309886057925396, 0.9438863749109118, 0.9228877102645799, 0.8497811388128963, 0.9530346954540769, 0.9152498673210959, 0.9516189450174746, 0.9299317346674503, 0.6874092548560875, 0.8014663206756126, 0.7413526826003589, 0.8181470492459214, 0.850591876455036, 0.8565767000007007, 0.8397998358152076, 0.8488919789171286, 0.20512946787516526, -0.5564597310033708, 0.9470865628827568, 0.9141997884947084, 0.9175710291648207, 0.9335225434151198, 0.9143913738914957, 0.9565367169159107, 0.9566458318107793, 0.9070291028742723, 0.9495103611589513, 0.7856812839803493, 0.5622605756475111, 0.8966115469917602, 0.9271269704061872, 0.14282461877147698, 0.9100968622263926, 0.9339762764790706, 0.7922467528050399, 0.966600493873278, 0.8349471982385375, 0.6489540885608572, 0.35579463313538906, 0.8438498314077639, 0.8310905499897152, 0.8313714986706666, 0.9748360256792844, 0.9751935712597883, 0.7099860039328255, 0.6591358652825371, 0.7871277842254363, 0.2762167354134589, 0.7596922527447173, 0.7898367487072533, 0.7874837586879894, 0.7851347115681004, 0.6975318003369204, 0.7118223429716775, 0.6884454713924952, -0.2542061708779755, -0.39678084107931766, 0.5866348791489795, 0.8820230398603995, 0.9296313001965912, 0.9386243163679601, 0.9095629233610266, 0.8093227883130628, 0.9093822904762124, 0.9317791476753154, 0.9315108265726747, 0.7529719118341375], [0.995062256345568, 0.9870144722355427, 0.9907284705689576, 0.9956060492347698, 0.998228969278291, 0.9890496210459842, 0.9986985001979991, 0.9999803937285212, 0.9999964516779679, 0.964485677316372, 0.9996160573386469, 0.9999836146312617, 0.9996470496719062, 0.999987856108405, 1.0, 0.998520665945782, 0.9991321320781069, 0.9998778489563046, 0.9998778639791506, 0.9999551660055559, 0.999976046181557, 0.9905126026753682, 0.9738384058500021, 0.9921128012373094, 0.992171841557194, 0.9800262926448858, 0.9716337996259822, 0.9372475489053094, 0.9923998081987321, 0.9944262847215629, 0.991582472943461, 0.967553199535607, 0.9994844397017584, 0.9994623339697501, 0.9996109369200026, 0.9996677176073094, 0.9986821726622733, 0.9993865650545465, 0.9991857890289475, 0.9983490422309766, 0.999543657058813, 0.9994197628737329, 0.9840418947198194, 0.9396937100177816, 0.7415426131437229, 0.9432283933691776, 0.9316553120669563, 0.7911736280956666, 0.961755343584827, 0.9364445023038503, 0.9623941222745198, 0.9547286639625057, 0.9510125804741696, 0.9809906998367205, 0.9770034782656846, 0.9303506942232769, 0.9439545258073364, 0.9575493927615222, 0.9615537451113, 0.9601105657330579, 0.9350898955078731, 0.8669528558481336, 0.9305533524237773, 0.9442429275778461, 0.9236859754488518, 0.8497674340679916, 0.953459509307052, 0.9159712304252612, 0.952208858631051, 0.9309198415879274, 0.6872958865590494, 0.8010650182605157, 0.742522222600279, 0.817745073064682, 0.8506516194131752, 0.8561045484817088, 0.8404031055889496, 0.8493235746125102, 0.20491560155242136, -0.5558683001954151, 0.9471293455934571, 0.9144222006709197, 0.9177933201993402, 0.9369560044783816, 0.9151341074343563, 0.956703136570798, 0.9568488438227047, 0.907413873963407, 0.9499141333530833, 0.7857122304782427, 0.5607950242358838, 0.8967247721102927, 0.9268715740475739, 0.1415260471790268, 0.9095588303110368, 0.9335022183769416, 0.7913056641160409, 0.9662431071348472, 0.8359306105543447, 0.6485871705628098, 0.3550339429193266, 0.8444153453317249, 0.8315113923376475, 0.8321622388432941, 0.9746465657108693, 0.9749392349953929, 0.7086657487779308, 0.6569132580844438, 0.7882253186715347, 0.27450572470294127, 0.759942953693117, 0.7902167000026139, 0.7887816417118373, 0.7853400191969464, 0.6957218438875907, 0.7094642180508691, 0.6860592545140749, -0.2534037516009618, -0.39604782924451093, 0.5866509360558303, 0.8811721589490857, 0.9302242965923876, 0.9391381422897893, 0.9087896158770871, 0.8095267566049454, 0.9104270964458481, 0.9323729362470266, 0.9322642493050908, 0.7528880128464326], [0.9962976437994832, 0.9925649581618348, 0.9912863688515754, 0.9968365028348175, 0.9984823205162557, 0.9919136403676059, 0.998012903286917, 0.9961946569500554, 0.9989165341962275, 0.9663686650506228, 0.9993268762373198, 0.9968692278510739, 0.9990299330239975, 0.9985228456910461, 0.998520665945782, 1.0, 0.9988617766493301, 0.9989091344572054, 0.9989069330143848, 0.9987324336796682, 0.9984079427844836, 0.9919435681272815, 0.9766403892144706, 0.9824999603383412, 0.9892215047540099, 0.9868488338894043, 0.9736558748057893, 0.9451684019246908, 0.9935288761724173, 0.9932082259212892, 0.9907074713101478, 0.9680430708575622, 0.9987704842942109, 0.9987390830528344, 0.9989512287337554, 0.9985394040336025, 0.9993450728569195, 0.998869435599614, 0.9988988568986583, 0.9982026977618932, 0.9986408428074393, 0.9987209684968053, 0.9827664190683028, 0.932512404059128, 0.7483210237947554, 0.9352360359327563, 0.9342089328504773, 0.8098571719576548, 0.9654064409108588, 0.9409076417719721, 0.96665280069183, 0.9552810850439974, 0.9502385693066218, 0.9817851870788225, 0.97679143426971, 0.943630103904876, 0.9538981771198873, 0.9647714681950961, 0.9661231112353006, 0.9664252152243082, 0.9472445387894652, 0.8793368803508507, 0.9346306562185553, 0.9494863665694454, 0.9351728074790236, 0.8611776630188445, 0.9599252108100075, 0.9302136658302095, 0.9601093114180509, 0.944210112637877, 0.705716639513311, 0.8092012287939406, 0.7609055650045834, 0.82719348357425, 0.8637392334306422, 0.8635522453269885, 0.851904