var config = { responsive: true }

var correlationClose = {"data": [{"type": "heatmap", "z": [[1.0, 0.9999840178010082, 0.9769189809840726, 0.9996920600090917, 0.9972238510319763, 1.0, 0.9899706496869114, 0.9851379928803079, 0.9905472121343303, 0.9728470229174871, 0.978835576211586, 0.9900192620271289, 0.9901821813899614, 0.9900904230043425, 0.9901465323604571, 0.9930863639280231, 0.9932870894992347, 0.9912005901009862, 0.9911880857919229, 0.9911460535262054, 0.9900092233208106, 0.9768515728699995, 0.9634359895315567, 0.9758488165880355, 0.9758215865219598, 0.9487803094272347, 0.9517929313837727, 0.9424214033473725, 0.9898711119240317, 0.9898253930949613, 0.9856607504290161, 0.9741894922901105, 0.9931856378160657, 0.9941315501301556, 0.9932045671766707, 0.9914030781503674, 0.9854948702901193, 0.9937975516070157, 0.993757625491872, 0.9947026910750737, 0.9933978346813926, 0.9933847348142494, 0.9933978346813926, 0.8985527330337535, 0.6974095222505852, 0.8638036768861793, 0.9006890346925247, 0.8164733622952611, 0.9652100074044432, 0.9294648394789876, 0.9558043330307264, 0.9506678316587198, 0.9541405733924887, 0.9783230743106036, 0.9722172922027561, 0.9064406569351949, 0.894632949309392, 0.9266127314719262, 0.8966935186973649, 0.9229798374027949, 0.9238913699904916, 0.9229798374027949, 0.8276806748500328, 0.9019442712211974, 0.9032242091288696, 0.9019442712211974, 0.8808670417367551, 0.7049013687343945, 0.8575717665943129, 0.8594352168963689, 0.8575717665943129, 0.5978238369263614, 0.48534771624232426, 0.5721792186675594, 0.7256119454473059, 0.4590108188991073, 0.5251363473429407, 0.5271651593925752, 0.5251363473429407, -0.596918277806488, 0.8680114076518466, 0.8984599961040541, 0.8801597677507379, 0.9080282838405915, 0.9332408470310194, 0.8664247939895156, 0.8679294876861811, 0.8664247939895156, 0.8795636414184942, 0.8795636414184942, -0.17408570340601756, 0.4988654389103535, 0.21429203373666356, -0.5102925964260135, -0.5401403022109572, -0.5440140095958402, 0.011156800192606247, 0.02926430713492584, 0.29175840090058885, 0.2040589107026623, 0.1215288940315978, 0.09643533780979918, 0.12356521680920783, -0.1694889999185927, 0.09924461335142952, 0.09952958962746676, -0.5115751075933171, -0.4062595937263966, -0.16820903781342258, -0.45191761385448476, -0.33468220139742016, -0.30999934335034346, -0.3003489761149112, -0.30999934335034346, -0.1618750317674081, -0.21450901343257509, -0.21450901343257509, -0.5199480904338865, -0.5199480904338865, 0.39866435629399294, 0.6711873333995254, 0.8794130952596574, 0.8569763330313039, 0.7967767421148806, 0.6778758544490714, 0.7778381186482237, 0.8190662486259046, 0.8193055654254626, 0.8190662486259046], [0.9999840178010082, 1.0, 0.9632902993111128, 0.9991094049101127, 0.9925714357682657, 0.9999840178010081, 0.9739261495691337, 0.9631242130380175, 0.973646818762178, 0.9547321673664654, 0.9761643016879361, 0.973978512268304, 0.9739292736602593, 0.9737153923667773, 0.9728130461384441, 0.9828384164836593, 0.9812892188858374, 0.9803259916575214, 0.9802902826793944, 0.9740602871709323, 0.9740479608486711, 0.9792880171405823, 0.9635431991823249, 0.9657011233323536, 0.9657885708815622, 0.9491427635992864, 0.9710528582280379, 0.9241334188415317, 0.9733251729835375, 0.9733785623099953, 0.9702900295164623, 0.9166948066606437, 0.9854067299389534, 0.9855219162265116, 0.986418630788447, 0.9767547833883489, 0.9834553222192851, 0.9853961939413197, 0.9861597891586109, 0.985923130519278, 0.9865611659098819, 0.9865338534338045, 0.9865611659098819, 0.8986683203597888, 0.6174945481988173, 0.8645337255988712, 0.9012518882782549, 0.8156889081109986, 0.8686549539318299, 0.8836184593856489, 0.8591864784937481, 0.8752062050383225, 0.8651341758038885, 0.9383778863405454, 0.9384236787371784, 0.9084063511360366, 0.9202460481932271, 0.8938010161119987, 0.8933892051635396, 0.9016186650365963, 0.9024815435131177, 0.9016186650365963, 0.7443759428481611, 0.7076014851324717, 0.7097928602282183, 0.7076014851324717, 0.913566706797567, 0.9196702901266892, 0.9131988940058533, 0.9146679255170032, 0.9131988940058533, 0.40714529517899434, 0.3517336429537876, 0.47429062672352146, 0.5717775904045107, 0.4481957383854902, 0.4953932820112396, 0.4966729852842826, 0.4953932820112396, -0.18908995208555862, 0.8439493737068923, 0.8852062249706979, 0.8696720338647113, 0.916627645010613, 0.9182834038297724, 0.8369431633249123, 0.8374173693459237, 0.8369431633249123, 0.8495152610482262, 0.8495152610482262, -0.2826176824641011, 0.49933351833289963, -0.37607506167913635, -0.45259465540748156, -0.45368895847302504, -0.457163581523641, -0.2565648784642337, 0.20223926536712009, -0.17523287615760977, -0.3304145885376927, -0.18619369740260822, -0.24026549716937892, -0.2649054242040258, -0.29302632024418646, 0.0734400908926266, 0.06794319303833823, -0.4647313491389586, -0.41564654119626787, -0.44345736590120294, -0.4734370941757823, -0.46588812054340306, -0.4467464307497974, -0.4498884816163069, -0.4467464307497974, -0.34837461877433556, -0.4738635070779637, -0.4738635070779637, -0.4540086240384587, -0.4540086240384587, 0.3987318844595187, 0.4428501726475853, 0.5318255031754713, 0.613393779832385, 0.5915147901268866, 0.2686935468046229, 0.40987993474265905, 0.4080628338672737, 0.4081598611312969, 0.4080628338672737], [0.9769189809840726, 0.9632902993111128, 1.0, 0.9809807810547793, 0.9907459362849572, 0.9769189809840727, 0.9851841748647236, 0.9832023908891172, 0.992186949345017, 0.9338613560261922, 0.9962489754508929, 0.9851323659234805, 0.9825951881068082, 0.9848947596009283, 0.9847851538970439, 0.9879576165670424, 0.9890359709727817, 0.9825827994188882, 0.9825634880922063, 0.9907023022154062, 0.9850383965749682, 0.990388934127609, 0.9786784808648836, 0.9824832162621567, 0.9825001787737472, 0.9790152148614265, 0.976825231847872, 0.9454982510203934, 0.9670220739040684, 0.9670898574457769, 0.971992014811436, 0.9476307229931239, 0.981095857407466, 0.9876528094897009, 0.9794010796392456, 0.9824864399406604, 0.9933049416633288, 0.9896088153122378, 0.9791905997911642, 0.9866884783513057, 0.9807874757718932, 0.9800632420814974, 0.9807874757718932, 0.9076513369778649, 0.6132736496822777, 0.9095887162073963, 0.8805209251607341, 0.6604382399438744, 0.9083092069724577, 0.8573658560656895, 0.8959389767851389, 0.8927393168634957, 0.900478223230253, 0.9293196391403488, 0.9388112302446296, 0.7374986058067183, 0.7961055608592655, 0.8133359784965561, 0.833413754624511, 0.8055425000470774, 0.7750386778151581, 0.8055425000470774, 0.7179392397244378, 0.7621526443474249, 0.7627587400803867, 0.7621526443474249, 0.8252834582291032, 0.38978103985622026, 0.5820478321874635, 0.6537426320476137, 0.5820478321874635, 0.4906542213258365, 0.46214899127700254, 0.45454488800445114, 0.6151203896264966, 0.3916944274909622, 0.4239950131982524, 0.39012842132897163, 0.4239950131982524, -0.5883961845668996, 0.7917517845043923, 0.7698651047370585, 0.7724980406089013, 0.7523237674990019, 0.8800088176258695, 0.7980648173446784, 0.8006980056881946, 0.7980648173446784, 0.7425880343626422, 0.7425880343626422, -0.2839726426699309, 0.6982124457169663, 0.16471354393604512, -0.6069186216565162, -0.6327412458981239, -0.6356630995349556, -0.10190907795045073, -0.012034600867042935, 0.28726192171731585, 0.06954956060386606, 0.014353889387350759, 0.04684779014581008, 0.01320854215074953, -0.1665674119807135, 0.0013736613538210584, 0.001366583453179779, -0.6027756110408526, -0.521521110685055, -0.12509916185956596, -0.5774407061808426, -0.43266086404756193, -0.3967135904341862, -0.22734804585159066, -0.3967135904341862, -0.2882052011678648, -0.352038015397424, -0.352038015397424, -0.6235778270789877, -0.6235778270789877, 0.3113800236999316, 0.575260217777418, 0.785276667901737, 0.7636068660104184, 0.7326531875464699, 0.5701810293993171, 0.7112825602423422, 0.7187689139152659, 0.7507971599574627, 0.7187689139152659], [0.9996920600090917, 0.9991094049101127, 0.9809807810547793, 1.0, 0.9984770713850861, 0.9996920600090916, 0.9917007705613193, 0.9873453547783558, 0.9927156778250459, 0.9707316198183376, 0.9848054876950304, 0.991735772339601, 0.9918256868961397, 0.9917769571027699, 0.9918190364684322, 0.9947268402747643, 0.9948886187159368, 0.9926832289765709, 0.9926720834634851, 0.9930779129348924, 0.9917165161364611, 0.9802596011032592, 0.9665968946361052, 0.9789545500396767, 0.9789283419559598, 0.9623162846422494, 0.9563881319645794, 0.9437843091125641, 0.9898432357881902, 0.9898083224410912, 0.9866653353951754, 0.9737009658298148, 0.9940930502349828, 0.9953982717530209, 0.9940653861612069, 0.9926827932140327, 0.9899530358696274, 0.9953183996421494, 0.9944683126133033, 0.9958882273407794, 0.994200983115036, 0.994191138180763, 0.994200983115036, 0.8983254353450926, 0.6849755324283827, 0.8743415375754993, 0.895849170656298, 0.7932205369398952, 0.9594800478173958, 0.921574688600913, 0.9490856743093549, 0.945088402466778, 0.9493093919748499, 0.9741531655724331, 0.969552624759541, 0.8796235634533107, 0.8834465833245486, 0.9100578893717115, 0.8905140760096498, 0.9013033894553197, 0.9025658007083031, 0.9013033894553197, 0.8165323859779688, 0.8876120726187414, 0.8890260877729631, 0.8876120726187414, 0.8751268294479799, 0.6309184333128875, 0.8085325270378158, 0.8104646367322104, 0.8085325270378158, 0.5869166885561792, 0.45697105637629726, 0.5590414618431137, 0.7063540073003896, 0.4515329531044653, 0.4914083399507256, 0.49416809270384743, 0.4914083399507256, -0.5987911426802891, 0.8600382492768587, 0.8851681813226737, 0.8681679390764323, 0.8785279494474864, 0.9288461486523542, 0.8596586433609242, 0.8613609698338459, 0.8596586433609242, 0.8551819391018189, 0.8551819391018189, -0.18133973988393376, 0.5310003397432224, 0.2191300108214531, -0.5190620241885394, -0.5485140864680204, -0.5522976176432918, -0.0016903431544486012, 0.022889347627309934, 0.2844826443112064, 0.19157698860246763, 0.11074383946963559, 0.08964778808079656, 0.11730476105677011, -0.17766563580218656, 0.08697995387802593, 0.08731321860918874, -0.5195571035275589, -0.41796634175117486, -0.1701805379159377, -0.4655950506379418, -0.33726750592815147, -0.3119672718544819, -0.30287299882588786, -0.3119672718544819, -0.17203553573498337, -0.2252688478605313, -0.2252688478605313, -0.5315862724535138, -0.5315862724535138, 0.3820570143943432, 0.6590359063449817, 0.8721171685290391, 0.849684322515033, 0.7896080095929888, 0.6692245304457202, 0.7692138178594048, 0.810794525556257, 0.8110508562500123, 0.810794525556257], [0.9972238510319763, 0.9925714357682657, 0.9907459362849572, 0.9984770713850861, 1.0, 0.9972238510319763, 0.9964821330428972, 0.9942053356115866, 0.9966622923211615, 0.9592744330207416, 0.9945850400781707, 0.9965004068304228, 0.996603197487489, 0.9965344813085806, 0.9965309590162077, 0.9976151744974711, 0.9972413418306446, 0.9971380040575577, 0.9971332115554181, 0.9964961061051041, 0.9964909293218822, 0.9928972834440182, 0.9794388511518728, 0.989420009524526, 0.9893713035473373, 0.9802337731485237, 0.9783074739241828, 0.9477579720370385, 0.988474650319396, 0.9884092315810572, 0.9878850889312563, 0.964515696049124, 0.9976716812542489, 0.9976195351982385, 0.9975257189915144, 0.9970332094179583, 0.9969222201608435, 0.9978296597672187, 0.9979439720298007, 0.9976883720697357, 0.9976556936064171, 0.9976567667303446, 0.9976556936064171, 0.9154219957169442, 0.6473489050925224, 0.9006261997481558, 0.8978908045912548, 0.7554532778892609, 0.9391787541140725, 0.8940536122398013, 0.92793356869017, 0.9304259042762506, 0.9381691885635886, 0.9675181823147635, 0.9675949536558178, 0.8692512347638913, 0.8564804466194037, 0.890760670791324, 0.8728520876222486, 0.8885657832075754, 0.8891361409650409, 0.8885657832075754, 0.7824430593201647, 0.8227920922318979, 0.8245439382145566, 0.8227920922318979, 0.8591213496626263, 0.7369457030764496, 0.8384463506609282, 0.8396862314231788, 0.8384463506609282, 0.5336147927956674, 0.39395113612324983, 0.5143012785639612, 0.6910639313242088, 0.5067196035344071, 0.48271070374133107, 0.48289503613806667, 0.48271070374133107, -0.5858840643055082, 0.8355494934140595, 0.8478532671179567, 0.8353604476636894, 0.8805566692626445, 0.900607104335198, 0.8381874466634188, 0.8398431961834081, 0.8381874466634188, 0.846946307901431, 0.846946307901431, -0.22837558971303817, 0.60150683449917, 0.07456696394090076, -0.5773454560310064, -0.6116835989776693, -0.6121492357406321, -0.040062814529965664, 0.042831114659031694, -0.1147345947431157, -0.06051399097135597, -0.043443319445856686, -0.288020701758609, -0.34092572941504856, -0.4873072436568642, 0.049978550292028655, 0.050138750204508385, -0.5530402272454258, -0.4596212776062376, -0.48061768202730015, -0.5137408918867105, -0.5710746758606701, -0.5411926656227926, -0.5435252424916758, -0.5411926656227926, -0.21974313341214902, -0.26715395520025265, -0.26715395520025265, -0.6384690795793523, -0.6384690795793523, 0.35699222737666536, 0.6363403837317203, 0.81977566167887, 0.790990368078531, 0.7759844737529725, 0.5966723437611717, 0.6175582248579001, 0.7025041556680964, 0.7029536027284072, 0.7025041556680964], [1.0, 0.9999840178010081, 0.9769189809840727, 0.9996920600090916, 0.9972238510319763, 1.0, 0.9899706496869114, 0.9851379928803079, 0.9905472121343303, 0.9728470229174871, 0.978835576211586, 0.9900192620271289, 0.9901821813899614, 0.9900904230043425, 0.9901465323604571, 0.9930863639280231, 0.9932870894992347, 0.9912005901009862, 0.9911880857919229, 0.9911460535262054, 0.9900092233208106, 0.9768515728699995, 0.9634359895315567, 0.9758488165880355, 0.9758215865219598, 0.9487803094272347, 0.9517929313837727, 0.9424214033473725, 0.9898711119240317, 0.9898253930949613, 0.9856607504290161, 0.9741894922901105, 0.9931856378160657, 0.9941315501301556, 0.9932045671766707, 0.9914030781503674, 0.9854948702901193, 0.9937975516070157, 0.993757625491872, 0.9947026910750737, 0.9933978346813926, 0.9933847348142494, 0.9933978346813926, 0.8985527330337535, 0.6974095222505852, 0.8638036768861793, 0.9006890346925247, 0.8164733622952611, 0.9652100074044432, 0.9294648394789876, 0.9558043330307264, 0.9506678316587198, 0.9541405733924887, 0.9783230743106036, 0.9722172922027561, 0.9064406569351949, 0.894632949309392, 0.9266127314719262, 0.8966935186973649, 0.9229798374027949, 0.9238913699904916, 0.9229798374027949, 0.8276806748500328, 0.9019442712211974, 0.9032242091288696, 0.9019442712211974, 0.8808670417367551, 0.7049013687343945, 0.8575717665943129, 0.8594352168963689, 0.8575717665943129, 0.5978238369263614, 0.48534771624232426, 0.5721792186675594, 0.7256119454473059, 0.4590108188991073, 0.5251363473429407, 0.5271651593925752, 0.5251363473429407, -0.596918277806488, 0.8680114076518466, 0.8984599961040541, 0.8801597677507379, 0.9080282838405915, 0.9332408470310194, 0.8664247939895156, 0.8679294876861811, 0.8664247939895156, 0.8795636414184942, 0.8795636414184942, -0.17408570340601756, 0.4988654389103535, 0.21429203373666356, -0.5102925964260135, -0.5401403022109572, -0.5440140095958402, 0.011156800192606247, 0.02926430713492584, 0.29175840090058885, 0.2040589107026623, 0.1215288940315978, 0.09643533780979918, 0.12356521680920783, -0.1694889999185927, 0.09924461335142952, 0.09952958962746676, -0.5115751075933171, -0.4062595937263966, -0.16820903781342258, -0.45191761385448476, -0.33468220139742016, -0.30999934335034346, -0.3003489761149112, -0.30999934335034346, -0.1618750317674081, -0.21450901343257509, -0.21450901343257509, -0.5199480904338865, -0.5199480904338865, 0.39866435629399294, 0.6711873333995254, 0.8794130952596574, 0.8569763330313039, 0.7967767421148806, 0.6778758544490714, 0.7778381186482237, 0.8190662486259046, 0.8193055654254626, 0.8190662486259046], [0.9899706496869114, 0.9739261495691337, 0.9851841748647236, 0.9917007705613193, 0.9964821330428972, 0.9899706496869114, 1.0, 0.9970135074853393, 0.9999667561844542, 0.9483371786637969, 0.9995247324994937, 0.9999959146400049, 0.9999566944252165, 0.9999918907090171, 0.9999159929538173, 0.993712288937511, 0.9998060171363962, 0.999821919136506, 0.9998222822092634, 0.999994255524209, 0.9999962917660116, 0.9908242820227564, 0.9743889212277722, 0.9834049072894469, 0.9921775380514258, 0.9820474614684533, 0.970477374318242, 0.9377540590701003, 0.9925735794241304, 0.9922271100712932, 0.9920851842145861, 0.9678773615050829, 0.9992748069519053, 0.9993588297276934, 0.9993316754258446, 0.9997295479059092, 0.9984807705891738, 0.9992346190826268, 0.9981565794165376, 0.999342181873456, 0.9990836171496917, 0.9989972691531704, 0.9990836171496917, 0.9218803478422073, 0.6459015417429116, 0.923078894617583, 0.9013573127338852, 0.700271207282567, 0.9484317394001903, 0.9123329855639568, 0.9360277922336337, 0.9267173525275184, 0.9376351091644823, 0.9691841337144521, 0.961277115726728, 0.693153612862085, 0.7993535209617793, 0.7841047708698127, 0.8298963282244672, 0.7766797403213832, 0.7480387914695766, 0.7766797403213832, 0.7337034364278616, 0.7495512827993978, 0.7527819894634749, 0.7495512827993978, 0.8128547977639955, 0.26557179481026766, 0.4877753391851181, 0.5825337903488996, 0.4877753391851181, 0.49861139852116937, 0.4593338212618934, 0.4560038393231011, 0.5915238161478825, 0.36751634185062015, 0.3974608307514224, 0.34474940470408133, 0.3974608307514224, -0.6523154138198588, 0.7884126012846572, 0.7879111827748886, 0.781335839136983, 0.718388854629916, 0.8842974267907633, 0.7940516109958067, 0.7964670996498882, 0.7940516109958067, 0.6990768431557822, 0.6990768431557822, -0.26671515784809907, 0.6597242118091898, 0.2645776945096768, -0.5672839065740223, -0.5948464593204937, -0.598118809729241, -0.05869124905419707, -0.03189338591639558, 0.37997198315263747, 0.14842407970832372, 0.06625895508761033, 0.1343520406910199, 0.10214959690030656, -0.08530059358367091, 0.011204473056095926, 0.011624233995548752, -0.5694667159811562, -0.4932617470664851, -0.013504102693708966, -0.5546597116886315, -0.3444557517743815, -0.3112884200170284, -0.1342474982876978, -0.3112884200170284, -0.258231243417818, -0.28035133907155335, -0.28035133907155335, -0.6008063866437534, -0.6008063866437534, 0.3517371936071991, 0.6098126388827778, 0.8042742213318642, 0.8099678972601276, 0.7627100744487292, 0.6494905201664606, 0.7483596283414932, 0.7711885114962678, 0.7895231066803069, 0.7711885114962678], [0.9851379928803079, 0.9631242130380175, 0.9832023908891172, 0.9873453547783558, 0.9942053356115866, 0.9851379928803079, 0.9970135074853393, 1.0, 0.999416422768675, 0.9392159843085094, 0.9979844242412335, 0.9978427155320322, 0.9992043020381807, 0.9989266258136417, 0.9986003776531858, 0.9858340575165795, 0.9988267999504923, 0.998985941535727, 0.9989888612194061, 0.9994630769888888, 0.9991037674783001, 0.9906774238941575, 0.9746889845688174, 0.9913179048658356, 0.9919986763226989, 0.976390371073062, 0.972523017323088, 0.9357449820496021, 0.988920722665143, 0.9923422138563899, 0.9902744413065411, 0.9639701403638584, 0.9980649219580341, 0.997935857646524, 0.9979468435116521, 0.998947085725984, 0.9954965896784042, 0.9976923175885306, 0.9974898720324314, 0.9977995288070339, 0.9978820482112748, 0.9979131342543629, 0.9978820482112748, 0.9201103167963371, 0.6299596565983191, 0.9250113446289536, 0.8977355385519084, 0.6707020670468103, 0.946108922482135, 0.9049218696397447, 0.9322598286541988, 0.9172749022862564, 0.9296768158081736, 0.9643453610621093, 0.9554774258640502, 0.6758113595064377, 0.7810247594969693, 0.7633132986668294, 0.8176850711436845, 0.7571927772132001, 0.733314189984335, 0.7571927772132001, 0.7167609220927892, 0.7266894577254991, 0.7371256880720922, 0.7266894577254991, 0.8006303309736894, 0.24139164492745419, 0.4619594319690015, 0.5625951693469434, 0.4619594319690015, 0.4817117809224055, 0.451028567570725, 0.4370314862066656, 0.5729784241126066, 0.35620917828240595, 0.3837155986593354, 0.32489058016677735, 0.3837155986593354, -0.6526031951693525, 0.7743031114395256, 0.7640471747630532, 0.7624326730342218, 0.7007740829737867, 0.8736266653166311, 0.7807390389164365, 0.7834258675394796, 0.7807390389164365, 0.6764102049088756, 0.6764102049088756, -0.2857356131469779, 0.6950004350989005, 0.2735717458627681, -0.5831778125170209, -0.6101367837442615, -0.6132040926538654, -0.0750867039549366, -0.04190417861290179, 0.37337725242679354, 0.12859839430439177, 0.049604118642540364, 0.12515171645440532, 0.0861538366251995, -0.09173406829772869, -0.007188956216537654, -0.0067509855081917865, -0.5833694942554063, -0.5108732060750691, -0.02026611347701776, -0.5756493361454476, -0.35891513953128956, -0.32390104106159573, -0.14043663496343017, -0.32390104106159573, -0.27902960278084404, -0.2962852087154986, -0.2962852087154986, -0.6158196726917771, -0.6158196726917771, 0.3248279403854461, 0.5906147834082478, 0.7938626388655182, 0.7909417767685113, 0.7484739253850408, 0.6323961303964503, 0.7314892833860089, 0.750901766492198, 0.7730792921212398, 0.750901766492198], [0.9905472121343303, 0.973646818762178, 0.992186949345017, 0.9927156778250459, 0.9966622923211615, 0.9905472121343303, 0.9999667561844542, 0.999416422768675, 1.0, 0.9470624671477007, 0.9994594463102369, 0.9999678469283253, 0.9999634084876665, 0.9999729754376255, 0.9999290058037711, 0.9980004438275168, 0.9997100280075687, 0.9997560577269459, 0.9997571126619054, 0.9999648401893139, 0.9999652037006725, 0.9940392124100635, 0.9770718735578927, 0.9935281258876617, 0.9934659488248031, 0.981787876706792, 0.9764031902875097, 0.9396364888887733, 0.9910659252930704, 0.9910303020822938, 0.9887952611770143, 0.9631043626217823, 0.9992892750086574, 0.9992510948222952, 0.9991092469398466, 0.999855371872849, 0.9983844259409164, 0.9992238582561003, 0.999122243687493, 0.9992221575230716, 0.9991286813897908, 0.999134698019601, 0.9991286813897908, 0.9219739734038288, 0.6473062452637491, 0.9230065452592268, 0.901127600132322, 0.6996795807408447, 0.9349381781799806, 0.8862344639223957, 0.919322740624067, 0.9221156371374316, 0.9338538087288377, 0.9627616989064844, 0.961683810528716, 0.8386465765979213, 0.8000988951571947, 0.861033236155675, 0.8306489258484844, 0.8589063569931764, 0.8597516313975975, 0.8589063569931764, 0.7327093455848189, 0.8027075431057852, 0.8045335347699303, 0.8027075431057852, 0.8141655481017125, 0.6942217714492706, 0.8049787346996726, 0.8066736700818699, 0.8049787346996726, 0.4975636062730506, 0.3144249641641568, 0.4551041470317332, 0.6355644188071059, 0.42844756477919915, 0.390751434530516, 0.3911020040263188, 0.390751434530516, -0.6331527014893352, 0.7887536073248267, 0.7874547438064295, 0.7813162400081888, 0.850463468508472, 0.8715501899113622, 0.8006242040309302, 0.8033541513067188, 0.8006242040309302, 0.8093126323344743, 0.8093126323344743, -0.26936362626629334, 0.6603988878337722, 0.09874425661534134, -0.5964176971648, -0.6395182144701953, -0.6403209940927335, -0.06233774108744342, -0.02994657079353233, -0.12395479503906781, -0.034234071381439767, -0.031293815878040254, -0.32210157254672867, -0.3509412911669234, -0.5295854991229816, 0.009805716771890616, 0.01045342154809271, -0.5715091228923768, -0.4955317810738106, -0.49147711248835346, -0.557069830905885, -0.5876313600606607, -0.5667663397859709, -0.5686828581051191, -0.5667663397859709, -0.26070463747290074, -0.28402910097536216, -0.28402910097536216, -0.6978833476210613, -0.6978833476210613, 0.35255191921011125, 0.6088656476353352, 0.8262688078453938, 0.8022852819437926, 0.7612748940144846, 0.6344694740241847, 0.6495742772452724, 0.7212925780927759, 0.7214518979936831, 0.7212925780927759], [0.9728470229174871, 0.9547321673664654, 0.9338613560261922, 0.9707316198183376, 0.9592744330207416, 0.9728470229174871, 0.9483371786637969, 0.9392159843085094, 0.9470624671477007, 1.0, 0.914978577621848, 0.9483877231765123, 0.9485044925543963, 0.948011269766035, 0.9473050041515899, 0.9497510895738408, 0.955661293232563, 0.9546822253056509, 0.9546491708410572, 0.9485438224023002, 0.9485306705753559, 0.9479914489240308, 0.939990452206932, 0.950517360435538, 0.9507431135857494, 0.7923247539020999, 0.955619940328521, 0.9498019893458559, 0.9564505671047903, 0.9565992897850282, 0.9547681837562484, 0.9285220069771896, 0.959101187445152, 0.959376446557126, 0.960239150100854, 0.950679243609973, 0.9281732014694376, 0.9583088449219423, 0.9598884096099346, 0.9596898327357896, 0.9605628532388257, 0.9605241307268669, 0.9605628532388257, 0.7724139074346692, 0.4455286685640829, 0.7141382523591953, 0.8602473230024861, 0.8448524586042315, 0.873850781325075, 0.7527739609131213, 0.8514827861231221, 0.865311377753291, 0.874988588142535, 0.8944507848580991, 0.8944966440620341, 0.8476709208587432, 0.8385629254327976, 0.8754047713239286, 0.8504061223420705, 0.866403299017807, 0.8673658592965625, 0.866403299017807, 0.7842596181013799, 0.7631539956215247, 0.7653855083583703, 0.7631539956215247, 0.8429311501303546, 0.8662650419645628, 0.8408663501792533, 0.8417688133842866, 0.8408663501792533, 0.605953588389767, 0.5257035314785514, 0.6062057922394101, 0.7339880883322789, 0.6248764649438381, 0.6473231861296265, 0.6508811600450598, 0.6473231861296265, -0.2684799328211298, 0.8459947470383702, 0.9119938640742523, 0.8658452971829398, 0.8659271104859214, 0.8774784608680851, 0.8370928083373288, 0.8385980103473317, 0.8370928083373288, 0.850298127688509, 0.850298127688509, 0.013344776531736328, 0.21298810009611197, -0.06836993605596017, -0.3411227082876961, -0.37429406212914323, -0.3762095414389058, 0.11401631237091313, 0.3725570834948501, 0.13983705703924904, 0.03909364113414415, 0.14607082000393118, 0.05404610607182939, -0.05393956047112594, -0.1080485870831934, 0.26331373738577096, 0.2621450078234457, -0.32449060457852813, -0.2716878426526415, -0.2751723057678758, -0.2772751707247748, -0.34953700698306006, -0.2979229797063234, -0.2997152302759701, -0.2979229797063234, -0.03896750589547846, -0.3165060163483174, -0.3165060163483174, -0.38416208331744606, -0.38416208331744606, 0.5808000132256923, 0.6813338308416602, 0.7609811273155382, 0.6644695628217315, 0.8408153798967954, 0.3025302518249737, 0.39247642949813577, 0.5744129357153659, 0.5746942808968941, 0.5744129357153659], [0.978835576211586, 0.9761643016879361, 0.9962489754508929, 0.9848054876950304, 0.9945850400781707, 0.978835576211586, 0.9995247324994937, 0.9979844242412335, 0.9994594463102369, 0.914978577621848, 1.0, 0.9995217682099714, 0.9995173262833751, 0.9994641087474136, 0.9995037073494313, 0.998316582968528, 0.9995618843603085, 0.9996902146578142, 0.9996958362452197, 0.9995305735379172, 0.9995318164829227, 0.9912275841592709, 0.956147943859011, 0.9911127504596828, 0.9910825349246243, 0.9857792084289568, 0.9718289788242951, 0.8907611537664698, 0.9886565883500839, 0.9887119354060944, 0.9700634568124828, 0.8863754949466546, 0.9985559796143471, 0.9985013321625918, 0.9982622781436273, 0.9991888485070457, 0.9991035985569348, 0.9985290847027329, 0.9982796946343687, 0.9984583731603788, 0.9982118507588785, 0.9982258974709108, 0.9982118507588785, 0.9157802738236945, 0.5325365258614306, 0.9185867996959519, 0.899720100464372, 0.7020458577883641, 0.8262637539792064, 0.8349480832918048, 0.8141375451357069, 0.8149308196794424, 0.8223059493662513, 0.9216350319468475, 0.9218233023669783, 0.8261844415811204, 0.8378312855012393, 0.7987345886894335, 0.8017620805299907, 0.8093660727289588, 0.8104624271567908, 0.8093660727289588, 0.6161789964459631, 0.5734251519732898, 0.5760709970798761, 0.5734251519732898, 0.8389590902702005, 0.849836968096647, 0.8369422200543556, 0.8387362867960279, 0.8369422200543556, 0.2588158983959596, 0.19182963371879078, 0.32097716058354403, 0.43925198607155114, 0.3059600913148018, 0.36170527259697255, 0.36499794381928513, 0.36170527259697255, -0.40159213637252544, 0.7348693436708421, 0.7923593165979503, 0.769235675469493, 0.8363591947010994, 0.8327144240209505, 0.7264713539573697, 0.7271319636705007, 0.7264713539573697, 0.7426605371801815, 0.7426605371801815, -0.33404506113676175, 0.6505147739733188, -0.3962442795307974, -0.5389307178751722, -0.5403151713422882, -0.5425514931900326, -0.32754872763686305, 0.12520162213786976, -0.24285590600402363, -0.3906944701271014, -0.25246794002832884, -0.3132868511884828, -0.3480857011751359, -0.37844144213589964, -0.0067784928648647255, -0.011177664315995586, -0.5476997714702483, -0.5094962685317731, -0.527210149700446, -0.5618373411029413, -0.5562600061493675, -0.5315117649154666, -0.5343298916553881, -0.5315117649154666, -0.43674549260461265, -0.5901805340798443, -0.5901805340798443, -0.6003216645301906, -0.6003216645301906, 0.34739405984943206, 0.3720528663521467, 0.47246124663602046, 0.555126171221081, 0.5573440660820347, 0.16733577686465595, 0.3115585002791916, 0.3375176746226678, 0.3376959656645875, 0.3375176746226678], [0.9900192620271289, 0.973978512268304, 0.9851323659234805, 0.991735772339601, 0.9965004068304228, 0.9900192620271289, 0.9999959146400049, 0.9978427155320322, 0.9999678469283253, 0.9483877231765123, 0.9995217682099714, 1.0, 0.9999620163571381, 0.9999939057024556, 0.9999215472118358, 0.9945687961283477, 0.9998083821673984, 0.9998234998193768, 0.9998237908836665, 0.999996026830458, 0.9999969511015921, 0.9907771510287586, 0.9743562505374503, 0.9890415542699724, 0.9921504468098785, 0.9820201659437587, 0.9703780178916873, 0.937696495011236, 0.9925642794007089, 0.9922425241577594, 0.9920790157880074, 0.9679073038150016, 0.9992777680069228, 0.9993646308314507, 0.9993415890901657, 0.9997355765921297, 0.9984858810344684, 0.9992453779727875, 0.9981614410833434, 0.9993506537675847, 0.9990890674292462, 0.9990009996089554, 0.9990890674292462, 0.9219431324266323, 0.6460975715610647, 0.9234166028971438, 0.9017022043091133, 0.70049651395379, 0.9484844353082554, 0.9125445360704952, 0.9361220516940774, 0.926823629110419, 0.9377266061016534, 0.9692928364327413, 0.9613662034762019, 0.6930765377178958, 0.7995064918794904, 0.7842202360630715, 0.8300119283052181, 0.7767937379748279, 0.7479709528168904, 0.7767937379748279, 0.7337735759844853, 0.7496184450357849, 0.7527114355828433, 0.7496184450357849, 0.8130103528264335, 0.26542141114804096, 0.48778051436064723, 0.5824296099898639, 0.48778051436064723, 0.498546928816077, 0.45924352455487194, 0.4559490909598942, 0.5915578948646893, 0.36738334628945785, 0.39755788937725545, 0.34479266474405523, 0.39755788937725545, -0.6524700424176038, 0.7884787748994107, 0.7880569432578467, 0.7814349544048337, 0.7183781238109864, 0.8844057220327614, 0.7941384549662627, 0.7965488542223663, 0.7941384549662627, 0.6991601832258888, 0.6991601832258888, -0.2667111718480731, 0.6597353320392185, 0.26470888544047927, -0.5672368011919964, -0.5947501433016702, -0.5980282525486428, -0.05875537515168637, -0.03206355578955458, 0.38016450784383776, 0.14847567296092157, 0.06622099449645308, 0.13464111891904781, 0.10241880000382213, -0.08497640791663748, 0.011231803862593146, 0.01166826658816422, -0.5694462150500407, -0.4932810127792647, -0.013221880832365177, -0.554628991429214, -0.3441663458857943, -0.3110278157658508, -0.13401069115852474, -0.3110278157658508, -0.2580696671671726, -0.2802913701297371, -0.2802913701297371, -0.6006633564232319, -0.6006633564232319, 0.3523135226400626, 0.6100035370283132, 0.8043188105299572, 0.8102547596418817, 0.7628300959105223, 0.6497701230600788, 0.7485149253263677, 0.7714654393367864, 0.7896564433444077, 0.7714654393367864], [0.9901821813899614, 0.9739292736602593, 0.9825951881068082, 0.9918256868961397, 0.996603197487489, 0.9901821813899614, 0.9999566944252165, 0.9992043020381807, 0.9999634084876665, 0.9485044925543963, 0.9995173262833751, 0.9999620163571381, 1.0, 0.9999664437566501, 0.9999093512165714, 0.9974632369002793, 0.9998039647399689, 0.9998657434394344, 0.9998663267415262, 0.9999826214079763, 0.9999610930764191, 0.9903112297156621, 0.9741633013870542, 0.9928888315058526, 0.9928485920502749, 0.981988236128097, 0.9699937054836975, 0.9376205443995395, 0.9933406693659502, 0.9933575912758668, 0.9918340382422945, 0.9677050326278862, 0.9995033695332466, 0.9993685894445775, 0.9993978542450788, 0.9998842594886648, 0.9984835504204916, 0.9992527730365276, 0.9992094784049808, 0.9993609189825805, 0.999374895250731, 0.9993785776224305, 0.999374895250731, 0.9220472683481854, 0.6462589275621996, 0.9234332072213584, 0.9016957971505813, 0.7005041806912335, 0.9525404861692454, 0.9100020022109262, 0.9378466619491693, 0.9269088164516472, 0.9377238192546063, 0.9690135285235616, 0.9614375872011931, 0.6460519068844116, 0.7992180348071648, 0.7829682636290486, 0.8304831400482372, 0.7757303745451393, 0.7201041614941184, 0.7757303745451393, 0.7336932562447792, 0.7397591369636268, 0.7442460636951574, 0.7397591369636268, 0.8134749571173281, 0.19457691532986635, 0.4750544325793603, 0.48095499108153084, 0.4750544325793603, 0.49869959170668837, 0.35180464065997635, 0.4562014370784816, 0.5910591953054559, 0.3676062761775538, 0.3643427606324873, 0.3444297450833525, 0.3643427606324873, -0.6526599760130979, 0.7889641307522228, 0.7880332667305029, 0.7811941946901277, 0.6574424443433153, 0.8848983288749334, 0.794664745300791, 0.797069704202295, 0.794664745300791, 0.697629493815384, 0.697629493815384, -0.2663704552356681, 0.6596163499466442, 0.26833188359820426, -0.5670792925974499, -0.5944126830658628, -0.5976909821202572, -0.059137858422201796, -0.03196030241877613, 0.3323811117005863, 0.14864796814535586, 0.06596828709977867, 0.13807232766023667, 0.10480868368373815, -0.09520358204153542, 0.011353292093583192, 0.011793312866789349, -0.5696128736755547, -0.49335947390536, -0.07892382520193976, -0.5543442402896613, -0.34212995844276956, -0.3087657299913595, -0.22144166653018135, -0.3087657299913595, -0.25760408318502065, -0.28140411073414673, -0.28140411073414673, -0.5999176757864508, -0.5999176757864508, 0.3524444515587283, 0.6101818506636888, 0.7891066347549692, 0.8103050073730518, 0.7632219107231205, 0.6495086411485601, 0.7065293275035408, 0.7592813191162053, 0.7594958972379394, 0.7592813191162053], [0.9900904230043425, 0.9737153923667773, 0.9848947596009283, 0.9917769571027699, 0.9965344813085806, 0.9900904230043425, 0.9999918907090171, 0.9989266258136417, 0.9999729754376255, 0.948011269766035, 0.9994641087474136, 0.9999939057024556, 0.9999664437566501, 1.0, 0.9999343913534052, 0.9973128305628607, 0.9997985498905234, 0.9998268121022754, 0.9998269872564488, 0.9999938858708712, 0.9999940895079414, 0.9906271116282223, 0.9742521072809662, 0.9927208612817331, 0.9925972652144281, 0.9818809535635548, 0.9700328899815573, 0.9373027222888607, 0.9932937217209896, 0.9933383988667109, 0.9921181245446438, 0.9680930812029127, 0.9993302835571397, 0.9993632956726973, 0.9993739681335664, 0.9997745871766266, 0.9984129126460393, 0.9992488282713005, 0.9984861207138438, 0.9993596343623842, 0.9991398954427482, 0.9990594758377029, 0.9991398954427482, 0.922198480367678, 0.64687844196884, 0.9237508657619565, 0.9020032147942861, 0.7000969892335847, 0.9490757054491353, 0.9133110202241578, 0.9367561271958075, 0.9272488206105137, 0.9381158601316186, 0.9697316369136706, 0.9617665412099844, 0.6933837009442718, 0.7997947009900033, 0.7841399582872215, 0.8302979962089184, 0.7767581994928462, 0.7476016918405187, 0.7767581994928462, 0.73397963663208, 0.7495666038830264, 0.7531494999225417, 0.7495666038830264, 0.8133909987983258, 0.2647094607674709, 0.4872359682093354, 0.5824777936710225, 0.4872359682093354, 0.4983585635166255, 0.45981185826891147, 0.4558310041779059, 0.5912965547249013, 0.3669574953063138, 0.3975897609505413, 0.3444230164258791, 0.3975897609505413, -0.6528632502257673, 0.7886212165920563, 0.7875608850116521, 0.7815191633899174, 0.7074701224163253, 0.8846950784816164, 0.7942795257795551, 0.796678370589215, 0.7942795257795551, 0.698955629712028, 0.698955629712028, -0.26854370512528924, 0.6607952749249891, 0.2652385286115179, -0.5677960425550588, -0.5951700767644431, -0.5984534351267017, -0.060032324009290504, -0.03341876917442594, 0.3804553010252608, 0.14796301620226554, 0.0653087126407577, 0.13469937841852553, 0.10247706270213758, -0.0848301229926061, 0.010088817200127657, 0.010520588272749955, -0.5701530946830413, -0.49438941190643587, -0.01262689932471109, -0.5561656286923129, -0.3440378228566205, -0.3109737643424575, -0.13343940158792372, -0.3109737643424575, -0.25917329881436246, -0.2808087979616832, -0.2808087979616832, -0.6007646922893969, -0.6007646922893969, 0.35248418981310947, 0.6096803490157343, 0.804856083292292, 0.8107181251627618, 0.7622469358455846, 0.6505695714914705, 0.7493069071137699, 0.7718649876140861, 0.7902658210087384, 0.7718649876140861], [0.9901465323604571, 0.9728130461384441, 0.9847851538970439, 0.9918190364684322, 0.9965309590162077, 0.9901465323604571, 0.9999159929538173, 0.9986003776531858, 0.9999290058037711, 0.9473050041515899, 0.9995037073494313, 0.9999215472118358, 0.9999093512165714, 0.9999343913534052, 1.0, 0.9974300151612859, 0.999692048712713, 0.9997742235627488, 0.999775370733446, 0.99989824691018, 0.9999173162939946, 0.9903832259465685, 0.973994809630388, 0.9919850948198393, 0.9916147537949394, 0.9818992611661128, 0.9697351479434303, 0.9372025542726228, 0.9924016560114388, 0.992407472852553, 0.9915079378381939, 0.9671541681300936, 0.9993396869549749, 0.9992126482988128, 0.9993118081005181, 0.99976142550563, 0.9983175378859164, 0.9992262050642885, 0.9984713847323284, 0.9992351423676598, 0.9991562623583996, 0.9990900310395948, 0.9991562623583996, 0.9208040002565177, 0.6472355744757223, 0.9222922636965557, 0.9004374784911898, 0.6971456089208201, 0.9496383746429375, 0.9141758818361699, 0.9377321079929276, 0.9267078184481448, 0.9374043079781522, 0.9701007936774947, 0.9613458351205989, 0.694773786315622, 0.7983071136880158, 0.7844251783757308, 0.8299456298874552, 0.7770482282011982, 0.7499138609957938, 0.7770482282011982, 0.7320876369458057, 0.749092834002139, 0.7543365539936734, 0.749092834002139, 0.8133386562500814, 0.264703686745576, 0.4868564091381358, 0.5839292708071947, 0.4868564091381358, 0.49695922536345216, 0.4615212788557791, 0.4541306826958464, 0.5907855650269044, 0.36538123922158755, 0.3980706600054157, 0.34467700795891243, 0.3980706600054157, -0.6534176729856259, 0.7879708107736163, 0.786185712278453, 0.7804859321051023, 0.7204283446786021, 0.885029877512565, 0.7938098951974707, 0.7964354401561502, 0.7938098951974707, 0.699082524895666, 0.699082524895666, -0.2692050823270079, 0.663092218257351, 0.26551887645001926, -0.5680146244951825, -0.595195258966017, -0.5981386398066677, -0.062032087352314164, -0.034981026799974946, 0.3818596646912379, 0.14756479598323533, 0.0642043232999461, 0.13575258723530514, 0.10365443380202173, -0.08330784480257178, 0.009219318749048728, 0.009856785183008532, -0.5715051533443815, -0.49590834301727227, -0.010690216640971572, -0.5572196869059837, -0.3430500312898379, -0.3099951806739853, -0.13195748778331678, -0.3099951806739853, -0.25926969383577664, -0.28361881337769523, -0.28361881337769523, -0.6005365179210332, -0.6005365179210332, 0.3499680672926338, 0.6075890114644735, 0.8060003418584656, 0.811543338944098, 0.7606862751357104, 0.6496421929617622, 0.7511253970560225, 0.7726878129908823, 0.7917238684864143, 0.7726878129908823], [0.9930863639280231, 0.9828384164836593, 0.9879576165670424, 0.9947268402747643, 0.9976151744974711, 0.9930863639280231, 0.993712288937511, 0.9858340575165795, 0.9980004438275168, 0.9497510895738408, 0.998316582968528, 0.9945687961283477, 0.9974632369002793, 0.9973128305628607, 0.9974300151612859, 1.0, 0.9980888324706303, 0.9976890735613789, 0.9976863799424622, 0.9977702844424088, 0.9972421797668801, 0.9912151953735738, 0.9768421648499772, 0.9694720262395612, 0.9869903183850234, 0.9864116359361391, 0.9712936820007964, 0.9464821984773754, 0.9915720818838113, 0.9893932881562657, 0.988323072157514, 0.9659529674571314, 0.9974701229627956, 0.9974938006230986, 0.997298451522428, 0.9972720070477645, 0.998443464977787, 0.9980193899021913, 0.9972896820998323, 0.9977312581776006, 0.9974002948930025, 0.9973769921194762, 0.9974002948930025, 0.9123466605662638, 0.6573805545669944, 0.9151192855125925, 0.9040697185476926, 0.7239268727386844, 0.9514505596663684, 0.91688