var element=document.getElementById("correlationClose");if(element.style.display!='none'){var correlationClose={"data":[{"type":"heatmap","z":[[1.0,0.9999910562562466,0.7196732763895641,0.9997636115848425,0.998277439822566,1.0,0.9932751886799948,0.9903449682233614,0.9903449682233614,0.9937411101426358,0.9794678321451984,0.9883941725549021,0.9933091416748729,0.9936330847763756,0.993348220940575,0.6768628289787643,0.5754106950599804,0.21072134316273236,0.9940105960828023,0.9940053345470278,0.9861005599001033,0.993298157638524,0.3527383572129772,0.7815802021564981,0.9844151160549093,0.9844151160549093,0.9843968020131056,0.9809627369836907,0.2954853842641721,-0.14709238654934634,0.9888216872936805,0.9887946009693218,0.23012219548312368,-0.2395386302438607,0.9950900880765924,0.9953603117749109,0.8698819656379084,-0.3351010569689616,0.9914687644216555,0.9954647285810444,0.6521833269669155,0.19101383600701016,0.9952064618285807,0.9952036665183119,0.9952064618285807,0.9145820763088612,0.6634246779838642,0.9384992199333894,0.9413668961588766,0.8682536427695734,0.3868455927219259,-0.19222593473441044,0.23848278128068043,0.954771070100068,0.3574386069183031,0.9754376024424618,0.9727207094690402,0.9819572671274389,0.9890326676056835,0.9409697074058052,0.951716862830068,0.9518272958602312,0.9425345406402478,0.9492157552942777,0.9497834692524707,0.9492157552942777,0.9068199400786426,0.9300132537847432,0.9308640791975469,0.9300132537847432,0.9377254085884923,0.8217499906308446,0.911344720407997,0.9124022869148879,0.911344720407997,0.7553075281248693,0.45591817501826926,0.7478287596431282,-0.510548531899391,0.6543262406933659,0.6622483262374198,0.6623913224887278,0.6622483262374198,-0.060223498550786285,0.925608586305404,0.9541923902235336,0.9410312363015959,0.9422040632014815,0.22004626955022633,0.9200541784305997,0.9204961600037681,0.9200541784305997,0.9232607919927974,0.9232607919927974,-0.0977529044475908,0.6071391295444367,0.12587742337796917,-0.7275726725551659,-0.6102271228966655,-0.6143427607064095,-0.17429179748469398,0.1640780202962002,0.17971709133377392,-0.05398122932387684,-0.61208835171953,-0.054177495898145134,-0.7969977489923561,-0.32320502904124215,0.18839170339952807,0.19021672958281252,-0.5889530780468997,-0.5650437743804664,-0.3117202746583659,-0.5318545416216527,-0.8078515132449061,-0.43557940314638627,-0.42840577595553236,-0.43557940314638627,-0.2628269235612345,-0.38768256925995226,-0.38768256925995226,-0.7961964145922513,-0.7961964145922513,0.5047899197706703,0.6360918369137017,0.8477238076303518,0.8433987725419597,0.7571581561995804,-0.35789370590942743,0.7478613763892498,0.769719990149645,0.769913018179731,0.769719990149645,-0.1477462114986223],[0.9999910562562466,1.0,0.9847985629700846,0.999590053110457,0.9964153763265537,0.9999910562562466,0.9868094231839561,0.9824707153875246,0.9824707153875246,0.9867442039941999,0.9773394368568817,0.9874571115858355,0.9868553656508606,0.986817647750413,0.9867210719449104,-0.04731804385410462,-0.14083950954322633,-0.4854834942257074,0.9895201189053583,0.9895195510858732,0.9868872017258766,0.9868909148041182,-0.21365755668693673,0.9827025925935228,0.9834856654474274,0.9834856654474274,0.9835069257903568,0.9810414504219706,0.06783035177995621,0.08863009634429037,0.983532114839869,0.983593317925362,0.6665898054490021,0.007114860860783741,0.9915693944593303,0.991574573770967,0.9921110578063014,0.9876701030783105,0.9907771928174403,0.9916488105920169,-0.09676773842316433,-0.4894795337147062,0.9921335300949172,0.9921329656641743,0.9921335300949172,0.9143140176180247,0.518923944759354,0.9384479140475238,0.9411865755983546,0.867852012063245,-0.1799995763038103,-0.45273797774049557,0.8661435841511284,0.9076304725017383,-0.2569706219059395,0.9467823756251446,0.9469063262084799,0.9675836538471767,0.9789130494011192,0.9619736313197162,0.9665404186059326,0.9538715768857752,0.9559148615058842,0.9564030618311632,0.956695499387435,0.9564030618311632,0.8914154724559573,0.8666945627176414,0.867687794381884,0.8666945627176414,0.9631933180474196,0.9655222703528441,0.9631961629682219,0.9638378268162799,0.9631961629682219,0.7224194559618834,0.6845052745551413,0.7507569748696298,0.7999372812964515,0.7248904034483754,0.7442869592624859,0.7454399458480707,0.7442869592624859,-0.04038147127142577,0.9354609192875311,0.951483637664516,0.9463255265848042,0.9658279314227985,-0.3360890881989859,0.9327276326757631,0.9328424388005201,0.9327276326757631,0.9375931803625914,0.9375931803625914,-0.1790978095271288,0.6072243765857612,-0.3783734248302773,-0.8102796791782446,-0.4738054156821481,-0.4779955329518848,-0.4075612289376997,0.29621317114334655,-0.2779019439437882,-0.529067191312711,-0.7667722974008677,-0.37837949428841344,-0.4670324642633319,-0.4447556001006435,0.1578539392660044,0.15588839446145936,-0.49341082182426743,-0.46451984354225423,-0.4926441107088744,-0.5244217167354551,-0.5159816641955663,-0.49485419366654093,-0.49828695990619704,-0.49485419366654093,-0.391862008241651,-0.5599217937622021,-0.5599217937622021,-0.5238724746585057,-0.5238724746585057,0.5029899826818727,0.38235197959977646,0.5192513667602285,0.6481170003426873,0.5391032044912002,-0.4437556624867331,0.42148331425239477,0.3255377547266317,0.32574486361666694,0.3255377547266317,0.22057948058049093],[0.7196732763895641,0.9847985629700846,1.0,0.7175672476444847,0.6670935111103344,0.7196732763895641,0.6969501544598349,0.6908560759937638,0.6908560759937638,0.6575863515766913,0.6326621659851991,0.9945580015877001,0.6969917426170466,0.6953985087171453,0.69708008003292,0.3507983248652769,0.2949065636694158,-0.24612111767829672,0.665808627228995,0.6651594986073495,0.6377586200266765,0.6961268181123008,0.13942478518167756,0.8305559235622157,0.6835373423750768,0.6835373423750768,0.6833412290305021,0.9903917195102601,0.26856861363101536,0.07527876904699539,0.6517426524314097,0.6514428950452765,0.577008970935353,-0.08360799839727906,0.6920861283699664,0.6501633672065847,0.654284808024107,0.27449129504228775,0.9933448670672578,0.6484793591151137,0.3321849138646967,-0.256094528516036,0.7092918405471406,0.6901866519395266,0.7092918405471406,0.9118242319537342,0.43847245087971587,0.9495415044132038,0.9336147144931743,0.7899630818448201,0.24551155767255373,-0.08605797891726052,0.05987736495259321,0.602821968530178,-0.07394857906060612,0.6362651479065122,0.6200447992763741,0.6350491919826897,0.5993708057422125,0.05122775193618329,0.8398919014382078,0.7778976529808256,0.7140039649284149,0.7831626739625652,0.7938120875717429,0.7831626739625652,0.6277348089059583,0.7115471296975604,0.7444019594726559,0.7115471296975604,0.758491843277824,0.7101700405052742,0.7629927515159087,0.7951100642407006,0.7629927515159087,0.5411205381734734,-0.07779691345727914,0.5552816503811938,0.08454205857637775,0.5112636108017173,0.2738201318913985,0.5534887243004536,0.2738201318913985,-0.10205351466536516,0.6982426527490739,0.9094146091204246,0.7551385203788642,0.7978934006068156,-0.0993144009087055,0.7266179231326018,0.7261972843185382,0.7266179231326018,0.7686759931330235,0.7686759931330235,-0.19068169033843474,0.7012465959099695,-0.1731976960102214,-0.7471431591752086,-0.47447319762899776,-0.47877828390882154,-0.44179680093367696,0.14392288536796208,0.016931144365573077,-0.3741910292759474,-0.7268864729370355,-0.19005024324775363,-0.36096627363671197,-0.3045779196361944,0.0828523775691527,0.08194064470827829,-0.5126746003973064,-0.10004928765043676,-0.2868864718540353,-0.5302510410800936,-0.24736076588884706,-0.43426394097956106,-0.32001186315223473,-0.43426394097956106,-0.4401851052944745,-0.5682503773279426,-0.5682503773279426,-0.3372791023144151,-0.3372791023144151,0.46079270273645523,0.24822592471503652,0.31379788170066575,0.5522986441389116,0.3394503610498466,-0.40601684118528386,0.01030951659343603,0.4700317657004649,0.5620305980862552,0.4700317657004649,0.023020806483626206],[0.9997636115848425,0.999590053110457,0.7175672476444847,1.0,0.9990129039395472,0.9997636115848423,0.9942846309218373,0.9917609104338045,0.9917609104338045,0.994943147473455,0.9779484819484277,0.9909866729981455,0.9943100911757325,0.9948881619567356,0.9943284407933747,0.6758733630988935,0.5739220224747081,0.19676280204915791,0.9948544104473772,0.9948518685238393,0.9860972819427528,0.9942929010739108,0.34431087524416476,0.7856839612930275,0.9866102595334573,0.9866102595334573,0.98659123281264,0.985428016073507,0.2912348098852673,-0.15273183980091232,0.9880061558025646,0.9879865442621367,0.2222724543189998,-0.23990755079923282,0.9954510201775468,0.9959170685370689,0.8409830268776235,-0.33894782202851625,0.9933366532245718,0.9962176227467164,0.6506472340213473,0.17680967723538368,0.9937485626433068,0.9954873290141015,0.9937485626433068,0.9128026639037786,0.6523869686301028,0.9407162223706729,0.9387537605152041,0.8553163892634641,0.38260713223462617,-0.19628607105154672,0.23403937623976637,0.9501615636325165,0.3427594828204154,0.9712787814558024,0.9701553417988084,0.9799479189587899,0.9887179218125327,0.9251381191159962,0.9473992008599779,0.9425694665140124,0.939890177622335,0.9370970878350283,0.9378298425849132,0.9370970878350283,0.9012874491158018,0.9215823322246578,0.9224872748269232,0.9215823322246578,0.9354303941812926,0.7758288057601199,0.8818096370605245,0.8828972272142049,0.8818096370605245,0.7500373747864512,0.2031636778806765,0.7412488051760868,-0.5152837823707783,0.6510891665675845,0.40103099314969104,0.6368506210843954,0.40103099314969104,-0.06547399946293106,0.92222008432559,0.9496367856766345,0.9359721325268303,0.9246398946539719,0.2067297459588104,0.9172555199547608,0.9178043221685754,0.9172555199547608,0.9093538399075299,0.9093538399075299,-0.10174690162972795,0.6232755947272065,0.1309620155891135,-0.7356875462054124,-0.6160200054066014,-0.6200587231786929,-0.18485428150652214,0.16032590951379314,0.17389422745815922,-0.06592784278534272,-0.6220349383473676,-0.059337496789493516,-0.8015754078068228,-0.32986930361684397,0.17985682926129878,0.18173319815528508,-0.5945116554498926,-0.5618465615246493,-0.3118078645802484,-0.5404383802444997,-0.8086584802434201,-0.4360324130553377,-0.4293982581565283,-0.4360324130553377,-0.26990247752083957,-0.3956826758549545,-0.3956826758549545,-0.7952902173410239,-0.7952902173410239,0.4968955665944148,0.6261808136590162,0.840197184254266,0.8362769425553828,0.7508363468171292,-0.36907014919396736,0.7394634872789824,0.7612973629424129,0.7614870858867302,0.7612973629424129,-0.13349217220371465],[0.998277439822566,0.9964153763265537,0.6670935111103344,0.9990129039395472,1.0,0.998277439822566,0.9974300880646675,0.9962717938967456,0.9962717938967456,0.9976434164879622,0.9725581407712902,0.9967595528269446,0.9974487179415007,0.9975129562459331,0.9974689618285699,0.5532156933479031,0.42496495181508953,-0.008830375568145869,0.9977799661646625,0.99777893318259,0.9886420364156572,0.9974331617876767,-0.013778301928952203,0.7745751291615078,0.9934201551479456,0.9934201551479456,0.9933841355804617,0.9917336537775566,0.07037807297799999,-0.1362387886475883,0.9871473552156393,0.9870877814699827,-0.06858316980191824,-0.14947685560831325,0.9978145761120968,0.9977341793924033,0.8382119626239626,-0.44779644980593714,0.9978184294996393,0.9980839196430733,0.5140650574407418,-0.03272888107493021,0.9977675371044719,0.9977706569646521,0.9977675371044719,0.9240284688564846,0.6218168910620812,0.9472239048158916,0.9364486167684651,0.8354120272757923,-0.04334191121234186,-0.5825023496862662,-0.1256898481775747,0.9423094244947136,0.20029332789496299,0.969948365381621,0.9699719296916539,0.9835769277687934,0.9894742798156491,0.925036283944984,0.9321622933102238,0.9332625691806498,0.929114059267221,0.931766950540746,0.9321014931092801,0.931766950540746,0.8811850204697071,0.8864023269171379,0.8874396480956326,0.8864023269171379,0.9258751450505489,0.8557307386392928,0.9089123419587127,0.9095063244258323,0.9089123419587127,0.717923004822071,0.6289700422979537,0.7121454460179328,-0.5123960540202201,0.6961264201060267,0.6803651591877927,0.6797397601201238,0.6803651591877927,-0.0688080350082985,0.907306946847094,0.9302251521138973,0.9175502737349792,0.9317366445400161,0.05340588698487699,0.9058674599845878,0.9066577305099945,0.9058674599845878,0.9101958144767652,0.9101958144767652,-0.13640499693337174,0.6655648676085437,-0.014015642210088462,-0.7595227829759118,-0.6565698135573048,-0.6580185482650934,-0.21150848260594032,0.18350780799450112,-0.2063080847764486,-0.30274225315327435,-0.6800940778572362,-0.404070656480769,-0.8368073247392219,-0.5867183200995665,0.15233649401395627,0.15407058471983634,-0.6168932468859888,-0.5589245523238752,-0.567420973832458,-0.5746804996217846,-0.7620051516333971,-0.6147393402619538,-0.6177515274214171,-0.6147393402619538,-0.3025427517397811,-0.4237046414509655,-0.4237046414509655,-0.7332874132770328,-0.7332874132770328,0.4839453810908815,0.612541988812109,0.8046549833929519,0.8098146533452298,0.7449644508415953,-0.48605284586119085,0.6274625588934964,0.6658710815160119,0.6659792781695834,0.6658710815160119,0.09243615528666589],[1.0,0.9999910562562466,0.7196732763895641,0.9997636115848423,0.998277439822566,1.0,0.9932751886799948,0.9903449682233614,0.9903449682233614,0.9937411101426358,0.9794678321451984,0.9883941725549021,0.9933091416748729,0.9936330847763756,0.993348220940575,0.6768628289787643,0.5754106950599804,0.21072134316273236,0.9940105960828023,0.9940053345470278,0.9861005599001033,0.993298157638524,0.3527383572129772,0.7815802021564981,0.9844151160549093,0.9844151160549093,0.9843968020131056,0.9809627369836907,0.2954853842641721,-0.14709238654934634,0.9888216872936805,0.9887946009693218,0.23012219548312368,-0.2395386302438607,0.9950900880765924,0.9953603117749109,0.8698819656379084,-0.3351010569689616,0.9914687644216555,0.9954647285810444,0.6521833269669155,0.19101383600701016,0.9952064618285807,0.9952036665183119,0.9952064618285807,0.9145820763088612,0.6634246779838642,0.9384992199333894,0.9413668961588766,0.8682536427695734,0.3868455927219259,-0.19222593473441044,0.23848278128068043,0.954771070100068,0.3574386069183031,0.9754376024424618,0.9727207094690402,0.9819572671274389,0.9890326676056835,0.9409697074058052,0.951716862830068,0.9518272958602312,0.9425345406402478,0.9492157552942777,0.9497834692524707,0.9492157552942777,0.9068199400786426,0.9300132537847432,0.9308640791975469,0.9300132537847432,0.9377254085884923,0.8217499906308446,0.911344720407997,0.9124022869148879,0.911344720407997,0.7553075281248693,0.45591817501826926,0.7478287596431282,-0.510548531899391,0.6543262406933659,0.6622483262374198,0.6623913224887278,0.6622483262374198,-0.060223498550786285,0.925608586305404,0.9541923902235336,0.9410312363015959,0.9422040632014815,0.22004626955022633,0.9200541784305997,0.9204961600037681,0.9200541784305997,0.9232607919927974,0.9232607919927974,-0.0977529044475908,0.6071391295444367,0.12587742337796917,-0.7275726725551659,-0.6102271228966655,-0.6143427607064095,-0.17429179748469398,0.1640780202962002,0.17971709133377392,-0.05398122932387684,-0.61208835171953,-0.054177495898145134,-0.7969977489923561,-0.32320502904124215,0.18839170339952807,0.19021672958281252,-0.5889530780468997,-0.5650437743804664,-0.3117202746583659,-0.5318545416216527,-0.8078515132449061,-0.43557940314638627,-0.42840577595553236,-0.43557940314638627,-0.2628269235612345,-0.38768256925995226,-0.38768256925995226,-0.7961964145922513,-0.7961964145922513,0.5047899197706703,0.6360918369137017,0.8477238076303518,0.8433987725419597,0.7571581561995804,-0.35789370590942743,0.7478613763892498,0.769719990149645,0.769913018179731,0.769719990149645,-0.1477462114986223],[0.9932751886799948,0.9868094231839561,0.6969501544598349,0.9942846309218373,0.9974300880646675,0.9932751886799948,1.0,0.9977844602492989,0.9977844602492989,0.9999733617328217,0.9679958000960053,0.9997340195857627,0.9999969612093804,0.9999887008872062,0.9999941915301546,0.7827987433165473,0.764796676788628,0.17205277096333327,0.9998781054080937,0.9998784237541414,0.9910706203662505,0.9999971268501469,0.27288929132037654,0.7783102685513816,0.9868782462668798,0.9868782462668798,0.9884002421396618,0.9924969910982294,0.22930968747616573,-0.20035261635154392,0.9913978528267579,0.9915119831494561,0.13949245805722335,-0.2793656269404072,0.9994057057527255,0.9995284081503096,0.4991221890961722,-0.2882958434341485,0.9992504194468724,0.9995121263641881,0.7562092977325233,0.15083742051645863,0.9506935716638301,0.9991837639026143,0.9506935716638301,0.9311716057626054,0.629600229345529,0.9534710465709848,0.9354164318131581,0.8068407394951763,0.42450936845776804,-0.1331067195840199,-0.16858557180891232,0.9400005858405217,0.3179309784381235,0.9702256613056832,0.967930380710405,0.9814720407249213,0.995215462819987,0.02132880464468897,0.8994063339434173,0.861049122125306,0.9003607405974094,0.8565466638434889,0.8234805768967342,0.8565466638434889,0.8492946312069937,0.8290154417566573,0.8193953394829876,0.8290154417566573,0.8965876285168732,0.46649799749197496,0.6532318292910659,0.6996391934981376,0.6532318292910659,0.6873880601192656,-0.31830308314524003,0.669202575091184,-0.5839466832305824,0.5880080345940029,-0.04821078627064583,0.5138917522870041,-0.04821078627064583,-0.10630629627227564,0.8754828754642673,0.8990305145016538,0.8854675921695941,0.7986830789199394,0.17959427908699813,0.8732534448737442,0.8741003599053229,0.8732534448737442,0.8071008326473381,0.8071008326473381,-0.1697213707410152,0.7033260287676192,0.21457473014924158,-0.7359665185307956,-0.6525349669523083,-0.6561198173861709,-0.21967531898192139,0.11292327388294376,0.30099644289977745,-0.0871939085040085,-0.6269885871139133,0.011300750426003052,-0.8287466565628476,-0.22423264841845214,0.1199662490670569,0.12182885812857672,-0.6335206059845557,-0.5774849152607002,-0.14503624088974906,-0.6066897230541097,-0.8262957160580058,-0.42489106826430384,-0.2643731175971888,-0.42489106826430384,-0.3294937607663642,-0.4294336621934578,-0.4294336621934578,-0.8181778519702804,-0.8181778519702804,0.4818584429595349,0.6003893900062084,0.5218911738160206,0.8112341973538754,0.7437119894900664,-0.41277196420675555,0.08381019222495772,0.7437276807604797,0.7617268824718915,0.7437276807604797,-0.07686428980199336],[0.9903449682233614,0.9824707153875246,0.6908560759937638,0.9917609104338045,0.9962717938967456,0.9903449682233614,0.9977844602492989,1.0,1.0,0.999631939994596,0.962575161416546,0.998977808718955,0.9984747566869797,0.9994783466778385,0.9992650075663505,0.7791801387682912,0.7514439984017532,0.15100343574322855,0.9992860009058366,0.999287796233374,0.9887473167353618,0.9993810579947475,0.24860559795577988,0.7806841381269778,0.9933502892005164,0.9933502892005164,0.9868896843146967,0.9905075768386773,0.21260490237185026,-0.21259389356304867,0.9877959314282198,0.9912240091051245,0.12171393659885708,-0.2850274917011037,0.9984844388561007,0.9985138142202546,0.4844431433169154,-0.29380810110477457,0.9977857938246532,0.9985066856040858,0.7526447994150509,0.12946745132613452,0.944552156578568,0.9983215200379,0.944552156578568,0.9294283297783583,0.6159662105419065,0.9540964099517586,0.9345179700290845,0.7913195497549235,0.4126107710136603,-0.14680792833120865,-0.1795530790220139,0.9330028430050658,0.29869586622615274,0.9660086143324373,0.963523699798453,0.9770947005798676,0.9941348965352332,0.013325739152455305,0.8922816264753912,0.8497346571138649,0.8948448098031542,0.8462210381878525,0.8138150696142482,0.8462210381878525,0.8409105834755414,0.8157140050214275,0.8089686908893674,0.8157140050214275,0.8911688647510357,0.4512648135068432,0.6376016108575611,0.6864775496167884,0.6376016108575611,0.6794109416343561,-0.3308041539153395,0.6597091352472567,-0.5892322248654531,0.583252719946709,-0.06721555476640034,0.501298001704642,-0.06721555476640034,-0.1114234042801019,0.8692761845947294,0.8906540986039299,0.8776616043637546,0.7866698567323105,0.16238225838555093,0.8676441379725031,0.8686381327557613,0.8676441379725031,0.7947633863775397,0.7947633863775397,-0.18235386379252239,0.7219552305825215,0.22031362225080822,-0.7443892046076723,-0.663308153439419,-0.6667326435193455,-0.2329636903394558,0.10683473011243377,0.29394514027363444,-0.10529361528483143,-0.6381997105594825,0.002213587975884275,-0.8331315318639773,-0.23058700363864454,0.10674947085686884,0.1086386993694147,-0.6432967894136943,-0.5779663948356915,-0.1516892088645564,-0.6204701065446475,-0.8248975719405658,-0.43523322798611247,-0.2703503355642471,-0.43523322798611247,-0.3444771348442308,-0.44125808784816734,-0.44125808784816734,-0.8153298260824257,-0.8153298260824257,0.46771179074916164,0.5856036943473888,0.5049574825904768,0.7951090262525432,0.7325583208929463,-0.43175811138866727,0.07127540737050095,0.7259237286174743,0.746851120914278,0.7259237286174743,-0.060469285994827066],[0.9903449682233614,0.9824707153875246,0.6908560759937638,0.9917609104338045,0.9962717938967456,0.9903449682233614,0.9977844602492989,1.0,1.0,0.999631939994596,0.962575161416546,0.998977808718955,0.9984747566869797,0.9994783466778385,0.9992650075663505,0.7791801387682912,0.7514439984017532,0.15100343574322855,0.9992860009058366,0.999287796233374,0.9887473167353618,0.9993810579947475,0.24860559795577988,0.7806841381269778,0.9933502892005164,0.9933502892005164,0.9868896843146967,0.9905075768386773,0.21260490237185026,-0.21259389356304867,0.9877959314282198,0.9912240091051245,0.12171393659885708,-0.2850274917011037,0.9984844388561007,0.9985138142202546,0.4844431433169154,-0.29380810110477457,0.9977857938246532,0.9985066856040858,0.7526447994150509,0.12946745132613452,0.944552156578568,0.9983215200379,0.944552156578568,0.9294283297783583,0.6159662105419065,0.9540964099517586,0.9345179700290845,0.7913195497549235,0.4126107710136603,-0.14680792833120865,-0.1795530790220139,0.9330028430050658,0.29869586622615274,0.9660086143324373,0.963523699798453,0.9770947005798676,0.9941348965352332,0.013325739152455305,0.8922816264753912,0.8497346571138649,0.8948448098031542,0.8462210381878525,0.8138150696142482,0.8462210381878525,0.8409105834755414,0.8157140050214275,0.8089686908893674,0.8157140050214275,0.8911688647510357,0.4512648135068432,0.6376016108575611,0.6864775496167884,0.6376016108575611,0.6794109416343561,-0.3308041539153395,0.6597091352472567,-0.5892322248654531,0.583252719946709,-0.06721555476640034,0.501298001704642,-0.06721555476640034,-0.1114234042801019,0.8692761845947294,0.8906540986039299,0.8776616043637546,0.7866698567323105,0.16238225838555093,0.8676441379725031,0.8686381327557613,0.8676441379725031,0.7947633863775397,0.7947633863775397,-0.18235386379252239,0.7219552305825215,0.22031362225080822,-0.7443892046076723,-0.663308153439419,-0.6667326435193455,-0.2329636903394558,0.10683473011243377,0.29394514027363444,-0.10529361528483143,-0.6381997105594825,0.002213587975884275,-0.8331315318639773,-0.23058700363864454,0.10674947085686884,0.1086386993694147,-0.6432967894136943,-0.5779663948356915,-0.1516892088645564,-0.6204701065446475,-0.8248975719405658,-0.43523322798611247,-0.2703503355642471,-0.43523322798611247,-0.3444771348442308,-0.44125808784816734,-0.44125808784816734,-0.8153298260824257,-0.8153298260824257,0.46771179074916164,0.5856036943473888,0.5049574825904768,0.7951090262525432,0.7325583208929463,-0.43175811138866727,0.07127540737050095,0.7259237286174743,0.746851120914278,0.7259237286174743,-0.060469285994827066],[0.9937411101426358,0.9867442039941999,0.6575863515766913,0.994943147473455,0.9976434164879622,0.9937411101426358,0.9999733617328217,0.999631939994596,0.999631939994596,1.0,0.9671521697237055,0.9997023224935094,0.9999746424226091,0.9999738809547678,0.9999773276544597,0.6068296380175883,0.48237120338823675,0.05068778964993779,0.9998387324709714,0.9998396232422204,0.9910088919861131,0.9999720316945337,0.04389870426009419,0.762552996241462,0.9957063030752041,0.9957063030752041,0.995668636304075,0.9924676345202168,0.058763687561939094,-0.1447369719121206,0.9909271298706018,0.9908928455026973,-0.04614516557559949,-0.24275807694984974,0.9994677228783968,0.9994269921428682,0.8400844318730836,-0.4501614895215418,0.9991990594329746,0.9994850284196314,0.5697380592117384,0.026873021035460732,0.9993524227008941,0.9993574398397438,0.9993524227008941,0.930880440838605,0.6299513206783937,0.9532586311754949,0.9350547932285689,0.8065044588467993,0.048849835669346094,-0.5402662435920685,-0.08803181289692064,0.9369473326875412,0.26318855266055036,0.9681738035050319,0.967900720334448,0.983831929381694,0.9945017384362209,0.9022127099752113,0.9001868607787845,0.9115432263270548,0.9014281742539163,0.9099840444325186,0.9104889380419691,0.9099840444325186,0.8492727192034691,0.8689403400870468,0.870034482409164,0.8689403400870468,0.8979267509443701,0.8230435520521481,0.8836737623737354,0.8846028998643807,0.8836737623737354,0.6877499908311249,0.565946076664923,0.669143086925952,-0.5737738562764347,0.6364249132938643,0.6101213910191009,0.610129206115198,0.6101213910191009,-0.0560739758078262,0.8764756044963334,0.8991808640840623,0.8861193265069299,0.9096036305345101,0.09307725431989075,0.8781857320238543,0.8796573791456392,0.8781857320238543,0.8826819085673079,0.8826819085673079,-0.1711525406521431,0.7036599652651334,0.01419663054872151,-0.7469544544751384,-0.683123870696213,-0.6846832625241872,-0.2230387904775743,0.1170348761272218,-0.20990940739269973,-0.2678686855605292,-0.6620783858619247,-0.42934433748425016,-0.8582466067976587,-0.618831088739871,0.11928702730141535,0.12147280119353097,-0.6348218971877554,-0.5736572653673075,-0.5775214136668909,-0.6080113408515152,-0.7897273018917451,-0.6373545464681935,-0.6398437689422524,-0.6373545464681935,-0.331268998334479,-0.4324186480966234,-0.4324186480966234,-0.7709786865589593,-0.7709786865589593,0.4806431731265129,0.5985718994320389,0.8153821350820584,0.8186122586015292,0.7417072486975246,-0.438555239645716,0.6549542818218466,0.6904686448235824,0.6906532563862727,0.6904686448235824,0.15908451200481996],[0.9794678321451984,0.9773394368568817,0.6326621659851991,0.9779484819484277,0.9725581407712902,0.9794678321451984,0.9679958000960053,0.962575161416546,0.962575161416546,0.9671521697237055,1.0,0.9571154864649033,0.9680162588519211,0.9680485839834666,0.9677894216739927,0.3494481396464702,0.2252448597554892,-0.18471867828068425,0.9715763828202669,0.9715590675484836,0.9681056885163716,0.9680983646320802,-0.052886624985040376,0.79981883690522,0.9691941377796587,0.9691941377796587,0.9693357564710078,0.924986238518535,0.14658875450538414,-0.1323529447295144,0.9729973277812192,0.9730912335313435,0.09199682836007111,-0.030167028764452923,0.9744881812555235,0.9746878759111274,0.9053220194285296,-0.3171694501230779,0.9636558785265096,0.9738455058978852,0.3057994219935852,-0.2039650080810635,0.9753905341686636,0.9753639079052392,0.9753905341686636,0.8569631434118051,0.44569880139639223,0.8810509332004582,0.9275088497289578,0.8908476907030775,-0.44353792339924863,-0.6613462036476009,-0.15149727447098996,0.9100630656339123,-0.04832943482924139,0.9331098740264072,0.9331642717076646,0.948200988637519,0.9711239329100759,0.9048167906698186,0.9083521171363671,0.9140994557810943,0.9074847214392592,0.9082542470456735,0.908700541387637,0.9082542470456735,0.8713481795691762,0.8448911757510977,0.8459377490366615,0.8448911757510977,0.9041178154801565,0.9157405509077439,0.9024016971116576,0.9028051518267273,0.9024016971116576,0.7586380691496135,0.7062133069480023,0.7595276529128469,-0.214601457625215,0.7692345723390561,0.7825387475287879,0.7844761792324405,0.7825387475287879,-0.1998783738579835,0.9025052221186732,0.9470934524172154,0.914605797586228,0.9152935204553684,-0.06858779879068257,0.8973964451413207,0.8980649423950172,0.8973964451413207,0.9033533509886408,0.9033533509886408,0.025822601824733594,0.4546779874597888,-0.1581078527663086,-0.6957338393512564,-0.4629238267770532,-0.4657132387518427,-0.10540391693329047,0.44308141332905376,-0.012179986909928883,-0.2419662215142474,-0.5960785216235194,-0.14169147535697335,-0.7826364098089569,-0.3064334372986707,0.3106214419231803,0.3110458752128342,-0.4325147603052281,-0.4295506541537174,-0.40242599713554933,-0.41479043655980785,-0.6482066212670439,-0.4209901752458683,-0.4235584574340208,-0.4209901752458683,-0.16868736506393345,-0.4751350044775069,-0.4751350044775069,-0.5420783705927001,-0.5420783705927001,0.6010425304896867,0.6535014901669631,0.7596170381880849,0.7268299974236322,0.8118191526648628,-0.5213271973961672,0.4472136107844552,0.5418521293413612,0.5421917053156866,0.5418521293413612,-0.09409250639838704],[0.9883941725549021,0.9874571115858355,0.9945580015877001,0.9909866729981455,0.9967595528269446,0.9883941725549021,0.9997340195857627,0.998977808718955,0.998977808718955,0.9997023224935094,0.9571154864649033,1.0,0.9997326587240137,0.999730367540389,0.9997080196645545,0.0718761477726197,-0.03337441542118612,-0.5533451574147283,0.9998356949175827,0.9998371993767543,0.9997366247364947,0.9997357062384129,-0.2975158221296194,0.9747614523580208,0.995112339109445,0.995112339109445,0.9950906088159809,0.9937852705254159,0.06324671159383795,0.05626592765650631,0.9930025862409952,0.9930486500040473,0.7322297018469569,-0.06473238175231777,0.9992273551908472,0.9991941786949469,0.9990840663148294,0.999500496520933,0.9995315696576168,0.9992548401175061,0.015395327943216483,-0.5604057803769146,0.9990471397869093,0.9990527390582274,0.9990471397869093,0.9263144316783917,0.48189097648333895,0.9494559644702472,0.9314606825838311,0.8062531547857855,-0.31380884629635597,-0.5696350038165405,0.8481452158374232,0.8761568327903214,-0.3411598472564793,0.9440810465703924,0.9442580845410238,0.9746765607140732,0.994086278912496,0.9176440036809136,0.9222080730050666,0.9015719386512872,0.9069611626377727,0.9054236912148114,0.9058378679530654,0.9054236912148114,0.8199585447014563,0.7895661229433587,0.7908555632996898,0.7895661229433587,0.9236740926613773,0.9284096097230273,0.9226854454482363,0.9234535433329515,0.9226854454482363,0.6277336376569855,0.5816255519229278,0.6559228231439159,0.7201047904045,0.6364539098198153,0.6606830486528885,0.6627249370497794,0.6606830486528885,-0.21421288303599317,0.8757271018170315,0.9004342863003798,0.8916496391817642,0.9233542534678837,-0.35764467145481643,0.8720997241524507,0.8722674285076756,0.8720997241524507,0.8789316575722107,0.8789316575722107,-0.22131524827420535,0.6982389155893933,-0.4004810576436883,-0.8256366877005452,-0.5441923683715559,-0.5474725176828725,-0.4464586877470234,0.25528017057844316,-0.31321751273513543,-0.5585885550410274,-0.7871262159555691,-0.41876650543263044,-0.581675662452975,-0.49509522051810334,0.11236321785117673,0.11074695477556017,-0.5609243849900616,-0.5361411166564509,-0.5576351509899768,-0.5937528924559805,-0.5866078899297893,-0.560934317875934,-0.5642016032623894,-0.560934317875934,-0.4555728597949262,-0.6440308457208104,-0.6440308457208104,-0.6311547728533334,-0.6311547728533334,0.4763483782460239,0.35923514241410737,0.5007942805289387,0.6229268330162937,0.5430879379608191,-0.5717648964030217,0.36557788328978463,0.3039920046797404,0.3042394140461866,0.3039920046797404,0.28778286137723874],[0.9933091416748729,0.9868553656508606,0.6969917426170466,0.9943100911757325,0.9974487179415007,0.9933091416748729,0.9999969612093804,0.9984747566869797,0.9984747566869797,0.9999746424226091,0.9680162588519211,0.9997326587240137,1.0,0.9999917694774928,0.999995647578875,0.7827461698931415,0.7492831729679551,0.17206528460489298,0.9998791053079039,0.9998793654431869,0.9910956031422343,0.9999976459878505,0.2731516997946208,0.7783976269168145,0.9916650054216555,0.9916650054216555,0.9883986480426263,0.9925184866676325,0.2295406875044127,-0.20029387441844665,0.9914514154893869,0.9915147395355587,0.13968825610595947,-0.27933680744116185,0.9994061706049204,0.9995300015147712,0.49911722022303273,-0.28809084552501824,0.9992518306390146,0.9995180358958351,0.7561402901758794,0.15085599228781965,0.9506848066789158,0.9991846311802102,0.9506848066789158,0.931169399682491,0.6297122803382906,0.9535716847191861,0.935524178696333,0.8069518896140488,0.4248481667368033,-0.13271294883841137,-0.16824569199730707,0.9400577496947653,0.3179686765045147,0.9702931538314246,0.9679672940440435,0.9815393008889665,0.9952214066719125,0.021512611324540847,0.899539214151927,0.861139739816345,0.9004755150468001,0.8566365862303899,0.8234451079855891,0.8566365862303899,0.8494049946296645,0.8290826072044776,0.8193634607308945,0.8290826072044776,0.8967242711703766,0.4664125843986147,0.6532482758498015,0.6995761607995918,0.6532482758498015,0.687428259324522,-0.31830506827014016,0.6692613761338865,-0.5838260205635167,0.587968440694846,-0.048312101152128945,0.5139398991600909,-0.048312101152128945,-0.10641375473527297,0.8755834781308875,0.8991714948452845,0.8855828541702994,0.7986820672328458,0.1796201626607643,0.8733516464778893,0.8741961696725545,0.8733516464778893,0.8071732293388751,0.8071732293388751,-0.16965820114612307,0.7032784664594869,0.21466288744028264,-0.7360202105040223,-0.6524559495340515,-0.6560455987923104,-0.21976098684538092,0.11282859001371945,0.30113280103923407,-0.08720908456216422,-0.62706447131564,0.011519604455333907,-0.8285063700537452,-0.2239851373506877,0.12004981308707366,0.12192592447251042,-0.6334939766652433,-0.5772683015452678,-0.1448306016148328,-0.6066320073893644,-0.8261832013223687,-0.42470090037171027,-0.2642037280132241,-0.42470090037171027,-0.32934990217658955,-0.42941378063178515,-0.42941378063178515,-0.8181110854774911,-0.8181110854774911,0.4823155919930484,0.6004860765805358,0.5221033583247399,0.8114453736018294,0.7437405992187948,-0.41258915858424694,0.08406687281344026,0.7439355195646716,0.7618126706749971,0.7439355195646716,-0.07687991955751751],[0.9936330847763756,0.986817647750413,0.6953985087171453,0.9948881619567356,0.9975129562459331,0.9936330847763756,0.9999887008872062,0.9994783466778385,0.9994783466778385,0.9999738809547678,0.9680485839834666,0.999730367540389,0.9999917694774928,1.0,0.9999895838615364,0.6866210656803058,0.5802560984892096,0.17361799068211184,0.9999010049067735,0.9999016525761563,0.9910850073647275,0.9999893889299196,0.27177172834177954,0.7754691978836847,0.9944413882293975,0.9944413882293975,0.9944107219720124,0.9925207774503619,0.22229638344365044,-0.20117496591264847,0.9919301216298193,0.9919391849157323,0.16054830090142533,-0.27897468375614054,0.9995747055321494,0.9995292554601551,0.8699169245676697,-0.3717088027581044,0.9992491651788645,0.999521578692162,0.6578574109911501,0.1524323424988534,0.9994817141663638,0.9994861417183545,0.9994817141663638,0.9310400608030401,0.6298089916042737,0.9534114888363948,0.9353099252260835,0.8067590419208555,0.3080634182221439,-0.29913807394805003,0.14339065857257943,0.9399468427772574,0.31830557880879673,0.9680491593765058,0.9679855444914234,0.9803502817306187,0.9954352755614649,0.9073938674296905,0.8989151700324011,0.9163710065962063,0.9004436675805371,0.9151333271044476,0.9158416198798929,0.9151333271044476,0.8488173493764863,0.8858093391646331,0.8869314764868445,0.8858093391646331,0.8965970696310606,0.8063575853293068,0.8866248591143909,0.8879134393726732,0.8866248591143909,0.6871836943562926,0.5558979849681763,0.668266272951199,-0.5813196984894892,0.5867534349055176,0.5827345550197626,0.5836007363219335,0.5827345550197626,-0.10887038900875454,0.8755169759951884,0.8989339559229157,0.8852229582006783,0.9132759824385167,0.18124193076963854,0.873346649177864,0.8743794314302817,0.873346649177864,0.8814022841943532,0.8814022841943532,-0.1699441025770418,0.7024149087186063,0.11348933407774514,-0.7352303956047473,-0.6521356648027965,-0.6554038973953796,-0.21979140977460523,0.11239410641957572,0.07225970408416134,-0.08579223849477814,-0.6260097052478737,-0.1775733496181298,-0.8377189979336329,-0.4384508486898249,0.11952702598382732,0.12174727581080276,-0.6335330578789949,-0.5765904770629987,-0.43062886383256266,-0.6064240036428309,-0.8183613027599005,-0.5380272490033275,-0.5343403758532661,-0.5380272490033275,-0.3288423540714193,-0.4295439800764031,-0.4295439800764031,-0.8092052695974559,-0.8092052695974559,0.4804013872170124,0.6003134367232794,0.8192937575503922,0.8147848950087816,0.7439400939583614,-0.41229670998713686,0.7060872710183977,0.7306277205650041,0.7307271974082203,0.7306277205650041,-0.0443188870363024],[0.993348220940575,0.9867210719449104,0.69708008003292,0.9943284407933747,0.9974689618285699,0.993348220940575,0.9999941915301546,0.9992650075663505,0.9992650075663505,0.9999773276544597,0.9677894216739927,0.9997080196645545,0.999995647578875,0.9999895838615364,1.0,0.7700039038217814,0.6854104300956334,0.17222522073645788,0.9998820720730738,0.9998822295740579,0.9912129677845632,0.9999955475665948,0.27381010673940365,0.7782344440214971,0.9946054068998982,0.9946054068998982,0.99452404354492,0.9924424512187443,0.2298223325737336,-0.20031481799629408,0.9923878045627004,0.9924330210933624,0.1404025131614542,-0.2791743916828695,0.9994486603942931,0.9995298982596909,0.49822627857500207,-0.2874262645181553,0.9992178634291974,0.9995202653740459,0.7527540096533952,0.15103543346320772,0.9502925506984403,0.9992317790654669,0.9502925506984403,0.9313648800783609,0.630310720353346,0.9536425333114104,0.9355596430090265,0.8067122659476679,0.426086948947889,-0.13132299385264165,-0.16848207093793896,0.9403449272123523,0.31823242784454636,0.9706452516120897,0.968227563699266,0.9817678573636893,0.995266064413303,0.0205576763796659,0.8997459179235584,0.8610348840280393,0.9006477807558081,0.8565585081262507,0.823030032839044,0.8565585081262507,0.8495625410723998,0.8289817757805554,0.819631661112214,0.8289817757805554,0.896967370001737,0.4657852732881624,0.6527977029672205,0.6995505660288374,0.6527977029672205,0.6873002328982589,-0.3193874941711664,0.6692182749574547,-0.5840443598375835,0.5876521729649785,-0.04923067605121616,0.5136121866010067,-0.04923067605121616,-0.10639557541518231,0.8756790815524227,0.8989717360943923,0.8856939852169393,0.7924102458678967,0.17999494489510934,0.8734017395868516,0.8742377375059579,0.8734017395868516,0.8069817769951773,0.8069817769951773,-0.17085728149800894,0.7040074924059115,0.21513461002504472,-0.7359744681461651,-0.6527768390661632,-0.656370012106561,-0.22071496402799953,0.11177836701414187,0.30146629226896404,-0.08753253281134468,-0.6271984258282354,0.011636681912128312,-0.8278363830242176,-0.2238070586799401,0.11920767868269753,0.12108271532520397,-0.6340155856765053,-0.5774506332412647,-0.14428634489676803,-0.6076090130059594,-0.8262324633237694,-0.42463559629293335,-0.26368521743454976,-0.42463559629293335,-0.33012789422805033,-0.42979552451953273,-0.42979552451953273,-0.8184561798327729,-0.8184561798327729,0.4824169140294474,0.6001893141742136,0.5216758664721306,0.8118493954707041,0.7432593818266603,-0.4121979782559403,0.08347044062520552,0.7443467282457342,0.7624159980309584,0.7443467282457342,-0.07664981411647907],[0.6768628289787643,-0.04731804385410462,0.3507983248652769,0.6758733630988935,0.5532156933479031,0.6768628289787643,0.7827987433165473,0.7791801387682912,0.7791801387682912,0.6068296380175883,0.3494481396464702,0.0718761477726197,0.7827461698931415,0.6866210656803058,0.7700039038217814,1.0,0.9910379387314712,0.43154138254369745,0.7438899827319901,0.7438512743407475,0.6532001556648137,0.7684149391248588,0.3369478486226527,0.3145183105876706,0.7585733120122272,0.7585733120122272,0.7424673935928833,-0.3287142924417049,0.1944288982710908,-0.1553695343503048,0.8160835674617983,0.8123649280610089,0.1626997418230383,-0.20553515955113674,0.7770786171044894,0.6373454931103474,0.23583930176609935,-0.3169435584604826,0.08606707101947209,0.5972770643154403,0.9982890368253178,0.41486303829582444,0.7015236370700041,0.7765825166814186,0.7015236370700041,0.025508233418918294,0.49686951304806165,-0.38664902248212324,-0.4098813186121719,-0.09061391789977352,0.3877935582058916,-0.0526649522210451,-0.2119639284439082,0.6246007586889835,0.39570848520168284,0.7802257569835527,0.6267017203438694,0.7332629213022652,0.7580657285515572,-0.11010880951561523,0.0006901438710757497,0.500958325823