var element=document.getElementById("correlationClose");if(element.style.display!='none'){var correlationClose={"data":[{"type":"heatmap","z":[[1.0,0.9999843512317997,0.5884497610735403,0.9997096169792932,0.9975838656570871,1.0,0.9911718810842851,0.9869038543545657,0.9869038543545657,0.9918358406273932,0.9736607634742266,0.9832583504600659,0.9912157893811083,-0.11924625195696352,0.9912780947932304,0.9534600861592923,0.9419136929400455,0.4228145876819823,0.9922535622014595,0.9922386291952731,0.9842751370655037,0.99120217998827,0.44862594706422665,0.6799368500877144,0.9786767049051291,0.9786767049051291,0.9786545575511055,0.9640911337943422,0.3217387450830373,-0.11636183595615827,0.9897430771487372,0.9897129845468233,0.28665888346157004,-0.19278560085937366,0.9939753355102973,0.9948010468694358,0.8183732820976196,-0.38561088026733964,0.9883113626889541,0.9946048635990827,0.9531821390190386,0.4047904552317412,0.9941522678780619,0.9941391470846703,0.9941522678780619,0.8885319168567053,0.6665318162184204,0.8763307406901509,0.8885124429881989,0.7943625540129534,0.38442775345645613,-0.14097515882693937,0.19273619974874026,0.9453035960231494,0.4467485794145771,0.9766588945870749,0.9711374514683038,0.9795997895867872,0.9897196504613329,0.917889791371517,0.9168893703462887,0.9354028801480644,0.9131452796421994,0.9323239619982373,0.9330663025220703,0.9323239619982373,0.8520431005675445,0.9090766415237896,0.910126475024326,0.9090766415237896,0.9013157104912726,0.7443569912526719,0.8755589452772671,0.8771042615115818,0.8755589452772671,0.6304537645593157,0.3172555658334553,0.608694962107378,-0.5887489161860712,0.5074658672059871,0.5554177607358216,0.5564250187099621,0.5554177607358216,-0.10449273899502654,0.8887413554495244,0.9209888655525975,0.9028997289902887,0.919355579620078,0.41426355071296356,0.8854437792584464,0.8865381529547002,0.8854437792584464,0.8937386700493943,0.8937386700493943,-0.14829269484294427,0.5633041673714452,0.18967859273147009,-0.5839888026713398,-0.5676773889620272,-0.5712626115384131,-0.053350271267383065,0.07266842220447933,0.25157445257876976,0.11433535131852758,-0.41687302141508087,0.04511672878917193,-0.7937557268050504,-0.22159387620276833,0.13721950780943398,0.13748109304809777,-0.5474748517052475,-0.6011367295729468,-0.22383033023534427,-0.4932168504197129,-0.8274664294697197,-0.35931985582003795,-0.35066060032060253,-0.35931985582003795,-0.1893458972023444,-0.27033700156853835,-0.27033700156853835,-0.8156084243913709,-0.8156084243913709,0.40207296343265325,0.6545894289859859,0.8704491394408128,0.8499417052340005,0.785395437913607,-0.26264223615647886,0.763788190441242,0.803795937982731,0.804043139872434,0.803795937982731,-0.2342889170094098],[0.9999843512317997,1.0,0.971742858876327,0.9992759999209764,0.9942226671584784,0.9999843512317995,0.9795258934491762,0.9712561750343178,0.9712561750343178,0.9793375596626767,0.9610329321885062,0.9813871130768683,0.9795869187790225,0.9795509543820532,0.9793801741970464,0.7814918741177258,0.7475142216554528,-0.30000732486595527,0.9845938350210025,0.9845682766832679,0.9796440068832851,0.9796360168163526,-0.12534076340437503,0.9705562653383004,0.9731248731584777,0.9731248731584777,0.9731952461441489,0.9642836587212609,0.08032416297509581,0.1595537047387694,0.976825708596605,0.9769178075015165,0.9723991381004992,0.16208733973158768,0.9883087438147465,0.9883772350228779,0.9891076413861957,0.9814858754197879,0.9868688347188235,0.9883769569988182,0.7691057814971176,-0.3062671633990249,0.989172060431504,0.9891550864050637,0.989172060431504,0.8884837309506439,0.5384655712345006,0.8763529696589999,0.8883083138090374,0.7936693768490254,-0.42237026531448013,-0.5399438501460425,0.8269530800515694,0.8578176019455998,-0.19790331709897363,0.9344903168860265,0.9345822158763456,0.9434437930976589,0.972889879013638,0.9292377488621131,0.9385435439939467,0.9178943754991724,0.9174916894267561,0.924242082345594,0.9249237911544691,0.924242082345594,0.7927060444809209,0.7544002113423276,0.7566364655289264,0.7544002113423276,0.9327108300925987,0.9375581128637837,0.9327289364952569,0.9338555908007665,0.9327289364952569,0.47001010873292903,0.4104937438824749,0.5294763196521971,0.6335534426079319,0.5180763769694531,0.5555384875945033,0.5562945832539278,0.5555384875945033,-0.21940810875805125,0.8777251402275557,0.911931003037175,0.899429583038294,0.9359829280354933,-0.1329247116897209,0.8723413263079598,0.8727163383027634,0.8723413263079598,0.8828316839024221,0.8828316839024221,-0.24771196099839293,0.563437978448094,-0.37688109540168924,-0.6829002887813744,-0.4674915900692864,-0.47092119925106435,-0.3180186847744275,0.23625750523670216,-0.22461181828173374,-0.41587926514938617,-0.6215515960707244,-0.2984441159273452,-0.49590943825627326,-0.35318096574175234,0.11442956581345518,0.11015499821218427,-0.4914464590242671,-0.44864010670776155,-0.4769002803005951,-0.5067156869308153,-0.49916885526633253,-0.47895323701383213,-0.4822228092304314,-0.47895323701383213,-0.35849641096670115,-0.50434024312949,-0.50434024312949,-0.4760410375831995,-0.4760410375831995,0.4017401722946339,0.40778041188962727,0.5171547600339609,0.599617193746926,0.5701464390611266,-0.4013035667568756,0.37706935552619275,0.36457928668574113,0.36466114793552984,0.36457928668574113,0.11046361370251936],[0.5884497610735403,0.971742858876327,1.0,0.5825189416361515,0.4806723590922881,0.5884497610735403,0.5757127336476211,0.5647596618416374,0.5647596618416374,0.4841352685626874,0.4276389869026722,0.9966924821807805,0.5757563382815741,0.5114376964358136,0.5760566717253347,0.5381580589647299,0.5632576969840138,-0.12341074563065069,0.5244783663661912,0.5235448999889606,0.4794993772857001,0.5746304453369442,0.21690886890977,0.7148280564917827,0.5449023910887281,0.5449023910887281,0.5446383652407772,0.9850297821584618,0.30798488637586663,0.17710138164506561,0.5391698289344194,0.5387245764650845,0.7638076576259343,0.01677490275203049,0.5735252185087262,0.4821318689475542,0.5559750295477548,0.349616190903744,0.9941412938963482,0.4709844379458349,0.5345032187021006,-0.13022724684811782,0.5896962771221718,0.5714977961897337,0.5896962771221718,0.8928487314654427,0.39128866942518753,0.9107777065503413,0.878300925049952,0.6589741168072327,0.20201000317293288,-0.02230161525536824,0.05500529789563648,0.44166395223172245,-0.07713922489088401,0.5292824266843149,0.46948703791573654,0.5007719819161195,0.4548852597360289,-0.06160005265163031,0.709857425856123,0.6579391520376503,0.5127592194859624,0.6642617449840565,0.7208016559657037,0.6642617449840565,0.36867088696010947,0.5593806965337857,0.6513498582353975,0.5593806965337857,0.5857979679675609,0.6299930066997806,0.672504124350778,0.7398270307151665,0.672504124350778,0.23387159720861153,-0.08600225862412082,0.2532189289335571,0.13656329854503585,0.2535790916985152,0.261255092302803,0.409823555152335,0.261255092302803,-0.17465772743377142,0.4702951267383901,0.8230098126506433,0.554306633077263,0.7370287788887641,0.04901379550657487,0.5319782753956497,0.531837611761497,0.5319782753956497,0.6450903156031411,0.6450903156031411,-0.27158469195386875,0.7209235855444229,-0.21905731299430853,-0.5748857141799754,-0.39832800218490877,-0.4018873327739931,-0.39604200385891036,0.0317689667786557,0.024251203768474405,-0.2740531742105224,-0.5568214934547244,-0.14016830655969328,-0.24283226584507608,-0.21852864193958135,-0.004740768848212277,-0.008330610521715189,-0.45761334942041754,-0.002939191310298521,-0.2276949035861633,-0.48985875531566836,-0.12914465836647568,-0.3670988038337457,-0.2435687916736902,-0.3670988038337457,-0.42627006220515384,-0.5116862798959572,-0.5116862798959572,-0.25141547634208083,-0.25141547634208083,0.3332739793459243,0.14800255309522187,0.25215336789281007,0.49471118733994307,0.23145496169729213,-0.32043559924884724,-0.03349776266158033,0.45007519333195745,0.5622963191006835,0.45007519333195745,-0.045085324740356876],[0.9997096169792932,0.9992759999209764,0.5825189416361515,1.0,0.9986941538161997,0.9997096169792931,0.9927133182049842,0.9889185230358437,0.9889185230358437,0.9936982493979509,0.9715211109785936,0.9879154619527823,0.9927461607529238,-0.12339755062641937,0.9927813101764992,0.9547664408659724,0.9432016329884335,0.4085975083049781,0.9935779506753714,0.9935656424669423,0.9846649697472629,0.9927248937001364,0.440007776973421,0.6834202934604323,0.9815519582584489,0.9815519582584489,0.9815302187868931,0.9734465835537949,0.3170659098906391,-0.12345953412680069,0.9894178549642991,0.9893984842657586,0.2784537398155819,-0.19347864945753654,0.9947340309557599,0.9958287866349571,0.7791421389859094,-0.39118510021910574,0.9917191642775879,0.9958674545769267,0.9536102171256093,0.3902183556311229,0.9923942787936737,0.9948002590502925,0.9923942787936737,0.886952655590112,0.6539160601807268,0.8838178912638801,0.8855546310905991,0.7727604034710537,0.379039714797254,-0.1467877197896814,0.18639353002373774,0.939605581165536,0.43074791672885004,0.9723614018207731,0.9683410545136086,0.9776194943180537,0.9900391268661999,0.8945272270348967,0.9085854440767963,0.9209362665049681,0.9083419250184559,0.9133850303821144,0.9144151950576145,0.9133850303821144,0.8426306597920395,0.8958385262062022,0.896992342407347,0.8958385262062022,0.8971305457981077,0.6790094470546957,0.832846581068567,0.8344248530844773,0.832846581068567,0.6206950122290431,0.10677966654534782,0.5970378913115407,-0.5938618620356275,0.5011303348192245,0.29555576034494985,0.5247377594340084,0.29555576034494985,-0.11134104234615852,0.8823043085339205,0.911076888359702,0.8934151335064344,0.8936799525751334,0.4008617926826606,0.8799495636297814,0.8812032757066216,0.8799495636297814,0.8722239337783273,0.8722239337783273,-0.15435567426131747,0.5889544874314605,0.19445231364339718,-0.5943774349256323,-0.5753603032168877,-0.5788509944920847,-0.0658563399448377,0.06728868800495783,0.24447686907274774,0.10151183457134469,-0.42942417445856607,0.03856109617991399,-0.8003759920176112,-0.22956370831480508,0.12631513023611485,0.1266227758660406,-0.5548798873516972,-0.5980343983631963,-0.22547317706366551,-0.505249370059475,-0.8297910869207125,-0.3610849176800656,-0.3529930570351924,-0.3610849176800656,-0.19868866754772715,-0.2804505282861126,-0.2804505282861126,-0.8158151199596758,-0.8158151199596758,0.38955863151086373,0.642830507923938,0.8629087779194368,0.8424746735656622,0.7782549067570828,-0.2761053750522702,0.7549527220056772,0.7952538455369003,0.7955036891102748,0.7952538455369003,-0.2192690718786549],[0.9975838656570871,0.9942226671584784,0.4806723590922881,0.9986941538161997,1.0,0.9975838656570871,0.996873088695452,0.9950023076090277,0.9950023076090277,0.9970644706659724,0.9616342368156667,0.9956195092042494,0.9968952341431235,-0.32916987880258897,0.996924742574488,0.9390302321843204,0.9191394294557027,0.21019988046088114,0.9974479147127228,0.997441976870551,0.9864066101128823,0.9968805193190254,0.07861884225072413,0.6483818931942797,0.9909456393253786,0.9909456393253786,0.990903536796275,0.9859651382054356,0.07367235423794781,-0.10756029912780725,0.9875071287593478,0.9874585039347092,-0.030300768117120087,-0.08988483200347755,0.997741190393806,0.9976766540959144,0.758928254173074,-0.5294560208017148,0.9972706871744705,0.9979476889787978,0.9341106565874859,0.1862840496269598,0.9976918376890199,0.9976924039480601,0.9976918376890199,0.9017649794806177,0.6151500151663023,0.9037639438093352,0.8893413259848436,0.7409883166943755,-0.09923206846254982,-0.5821910919905656,-0.22997883919752918,0.9254524435945882,0.2850322251682875,0.9662465249085042,0.9663016421498138,0.9787074783217962,0.9909577899586446,0.8899278888355939,0.8873191122907949,0.9077616095435577,0.8939312526803521,0.905946181531585,0.9063442955769601,0.905946181531585,0.8138011670842537,0.8412016987612138,0.8425164433658769,0.8412016987612138,0.8844927457824696,0.7807922924358969,0.8644269023233013,0.8653731198213032,0.8644269023233013,0.5730734960500697,0.4392552012064249,0.5573838241798261,-0.6337401786873087,0.555517497141586,0.5330557640102913,0.5322194621061495,0.5330557640102913,-0.1317701839857939,0.8619629325084368,0.8819831675347781,0.866911440522245,0.8994108232874922,0.2540022107982778,0.8628488629645062,0.8640899107010238,0.8628488629645062,0.8705973675239977,0.8705973675239977,-0.19660535327781697,0.6453434905233931,0.048185318914450694,-0.6288351968237234,-0.631176760677188,-0.6315530031336224,-0.10136085425635279,0.08958971034369342,-0.15335123804130635,-0.1511020424204925,-0.513374193214687,-0.33231349380250824,-0.8608143896299579,-0.5244504426287272,0.09287357910654802,0.09302513414120224,-0.5846788899791403,-0.5897473712372843,-0.5199020525016319,-0.547288024755759,-0.7951675743888988,-0.5750705596214223,-0.5778606175129127,-0.5750705596214223,-0.24176884467234072,-0.3183669651001261,-0.3183669651001261,-0.7614089105993743,-0.7614089105993743,0.3707329855750188,0.6217609800151395,0.813521562889607,0.7895997633426891,0.765616580015867,-0.4128368101796856,0.6059252671964619,0.6865245979599155,0.6868187607657913,0.6865245979599155,0.01163125384776479],[1.0,0.9999843512317995,0.5884497610735403,0.9997096169792931,0.9975838656570871,1.0,0.9911718810842851,0.9869038543545657,0.9869038543545657,0.9918358406273932,0.9736607634742266,0.9832583504600659,0.9912157893811083,-0.11924625195696352,0.9912780947932304,0.9534600861592923,0.9419136929400455,0.4228145876819823,0.9922535622014595,0.9922386291952731,0.9842751370655037,0.99120217998827,0.44862594706422665,0.6799368500877144,0.9786767049051291,0.9786767049051291,0.9786545575511055,0.9640911337943422,0.3217387450830373,-0.11636183595615827,0.9897430771487372,0.9897129845468233,0.28665888346157004,-0.19278560085937366,0.9939753355102973,0.9948010468694358,0.8183732820976196,-0.38561088026733964,0.9883113626889541,0.9946048635990827,0.9531821390190386,0.4047904552317412,0.9941522678780619,0.9941391470846703,0.9941522678780619,0.8885319168567053,0.6665318162184204,0.8763307406901509,0.8885124429881989,0.7943625540129534,0.38442775345645613,-0.14097515882693937,0.19273619974874026,0.9453035960231494,0.4467485794145771,0.9766588945870749,0.9711374514683038,0.9795997895867872,0.9897196504613329,0.917889791371517,0.9168893703462887,0.9354028801480644,0.9131452796421994,0.9323239619982373,0.9330663025220703,0.9323239619982373,0.8520431005675445,0.9090766415237896,0.910126475024326,0.9090766415237896,0.9013157104912726,0.7443569912526719,0.8755589452772671,0.8771042615115818,0.8755589452772671,0.6304537645593157,0.3172555658334553,0.608694962107378,-0.5887489161860712,0.5074658672059871,0.5554177607358216,0.5564250187099621,0.5554177607358216,-0.10449273899502654,0.8887413554495244,0.9209888655525975,0.9028997289902887,0.919355579620078,0.41426355071296356,0.8854437792584464,0.8865381529547002,0.8854437792584464,0.8937386700493943,0.8937386700493943,-0.14829269484294427,0.5633041673714452,0.18967859273147009,-0.5839888026713398,-0.5676773889620272,-0.5712626115384131,-0.053350271267383065,0.07266842220447933,0.25157445257876976,0.11433535131852758,-0.41687302141508087,0.04511672878917193,-0.7937557268050504,-0.22159387620276833,0.13721950780943398,0.13748109304809777,-0.5474748517052475,-0.6011367295729468,-0.22383033023534427,-0.4932168504197129,-0.8274664294697197,-0.35931985582003795,-0.35066060032060253,-0.35931985582003795,-0.1893458972023444,-0.27033700156853835,-0.27033700156853835,-0.8156084243913709,-0.8156084243913709,0.40207296343265325,0.6545894289859859,0.8704491394408128,0.8499417052340005,0.785395437913607,-0.26264223615647886,0.763788190441242,0.803795937982731,0.804043139872434,0.803795937982731,-0.2342889170094098],[0.9911718810842851,0.9795258934491762,0.5757127336476211,0.9927133182049842,0.996873088695452,0.9911718810842851,1.0,0.9972638218094073,0.9972638218094073,0.9999684981202691,0.9533821624563219,0.9996153807772566,0.9999962639057292,-0.13710950744189507,0.9999926861646901,0.9738249093275515,0.9671134151266612,0.3616308698803408,0.9998427643131994,0.9998428724284938,0.9888275322898674,0.999996475185831,0.34802996046970036,0.6840581291531803,0.984635964681937,0.984635964681937,0.9850416548878843,0.9872567746287171,0.23989996032328148,-0.18151252985676933,0.9919835168947605,0.9917527284027301,0.17927462363815727,-0.24319926823519675,0.9993069112038269,0.9994033050045292,0.368597515736661,-0.32508673004801364,0.9987709481362613,0.9993265670316402,0.969126241676746,0.34177093688834104,0.9341036060258874,0.9990385604231058,0.9341036060258874,0.9106876459503608,0.6195565755677678,0.9245643644954188,0.8980748456714256,0.6970774595780166,0.41212897408325444,-0.08862394391558798,-0.20876894882962077,0.9241708777651799,0.39088948961902614,0.9683079738378579,0.9617562344545353,0.9778473758918207,0.996163402977446,-0.07347074564787642,0.8398521904017545,0.8091198115761972,0.8564524972294779,0.802781288020897,0.769130106698909,0.802781288020897,0.7714588450264237,0.7700720092414581,0.7663182599043812,0.7700720092414581,0.8447598323145146,0.3251065400806948,0.5396134579207237,0.6178983334490274,0.5396134579207237,0.5411375906264226,-0.35865408788085185,0.5046144590639773,-0.6568141704935063,0.4246953729584257,-0.12237687274946599,0.382814237217382,-0.12237687274946599,-0.15483691306494232,0.8207615783412612,0.8335505793656339,0.8214236853731813,0.7425731994146797,0.3530444893667946,0.8229842944395693,0.8247756078001829,0.8229842944395693,0.7324682526871337,0.7324682526871337,-0.2335240121144321,0.6932751996142831,0.2504306339005414,-0.6104181677024557,-0.6176953350586804,-0.620721954846705,-0.11614999418920856,0.015586943568353669,0.35061850359690994,0.06413277510313334,-0.45382315598084405,0.0915450842378106,-0.8273100041726149,-0.13238429673490154,0.05566621434499632,0.056052449238776114,-0.5998146319415681,-0.6046029838324104,-0.06436622174146168,-0.5836546919615826,-0.8422842555712389,-0.3566810927490503,-0.1845475933357262,-0.3566810927490503,-0.2766026836224291,-0.32885461512828307,-0.32885461512828307,-0.8352616374702845,-0.8352616374702845,0.36879247842005736,0.6002440688994376,0.5002021432468912,0.8063956341477687,0.7562401067737956,-0.33262030952200944,0.061099833525389224,0.7612453477275393,0.7799157168921823,0.7612453477275393,-0.14536588505290782],[0.9869038543545657,0.9712561750343178,0.5647596618416374,0.9889185230358437,0.9950023076090277,0.9869038543545657,0.9972638218094073,1.0,1.0,0.9994904084124306,0.9453699617458771,0.9984001165835875,0.998054214953251,-0.14613827956899444,0.9990413863084289,0.9722792746825913,0.9589352872106552,0.3395367484380705,0.9990913311356001,0.9990928361809824,0.9859677925592504,0.9991962501770388,0.32127071962445186,0.6837795533768444,0.9920970404782283,0.9920970404782283,0.9828272573816416,0.9833411233764924,0.22076798503485073,-0.196098374318123,0.9882575741570441,0.9916789807231432,0.15932634636699078,-0.24983267420591315,0.9981802676659184,0.9980983874450122,0.3484324384610996,-0.3323982783138474,0.9963530744525573,0.9979566730729864,0.9680605485299597,0.3192064508960082,0.9255927486739571,0.9980090484700588,0.9255927486739571,0.9080379215168279,0.6037494364082153,0.9249379802955865,0.8941787328550569,0.6706381972964898,0.3986879210415885,-0.10429379124464438,-0.22225421567841352,0.9149559265590087,0.36981554513379883,0.9635163388857341,0.9561976377885547,0.9724595837051172,0.9952778960382894,-0.0841591917460447,0.8259786760962947,0.7911525250789829,0.8466795251360253,0.786022661479324,0.7558474653831045,0.786022661479324,0.7572366775784127,0.7494541433715759,0.75179403987671,0.7494541433715759,0.8352517340369755,0.3038659447998085,0.5171757444606824,0.6001317270088942,0.5171757444606824,0.5262501037395751,-0.3743149017181745,0.4879432348662474,-0.66564596585164,0.4152635893997089,-0.14579709791788853,0.3649143827662779,-0.14579709791788853,-0.16210739179716419,0.8092531233591721,0.8155759578354957,0.8064840212912334,0.7267227723398013,0.33542589320132116,0.8121074795529007,0.8141123557995197,0.8121074795529007,0.7128474337934669,0.7128474337934669,-0.25009813481312637,0.7215517770810471,0.25826842343239426,-0.6204035125099833,-0.6315351792134325,-0.6343639346280241,-0.1317438158069259,0.007082500821322894,0.3436563292127004,0.0444140733300362,-0.4673524778098552,0.08213585021694816,-0.8341327833210829,-0.13899780138440798,0.03925208724591094,0.03965572420677565,-0.6124419728155199,-0.6058780423053312,-0.07135750752488695,-0.6020253866596729,-0.8425505325127743,-0.36879547976558597,-0.19092256322768994,-0.36879547976558597,-0.2954124139260353,-0.34350752136858326,-0.34350752136858326,-0.8339194508127524,-0.8339194508127524,0.34616691823642143,0.5822624708150903,0.48069225216062605,0.7880201217130947,0.74284255049024,-0.3555981677523552,0.046388662537362936,0.7415970448669829,0.7638292200036109,0.7415970448669829,-0.12766733667916882],[0.9869038543545657,0.9712561750343178,0.5647596618416374,0.9889185230358437,0.9950023076090277,0.9869038543545657,0.9972638218094073,1.0,1.0,0.9994904084124306,0.9453699617458771,0.9984001165835875,0.998054214953251,-0.14613827956899444,0.9990413863084289,0.9722792746825913,0.9589352872106552,0.3395367484380705,0.9990913311356001,0.9990928361809824,0.9859677925592504,0.9991962501770388,0.32127071962445186,0.6837795533768444,0.9920970404782283,0.9920970404782283,0.9828272573816416,0.9833411233764924,0.22076798503485073,-0.196098374318123,0.9882575741570441,0.9916789807231432,0.15932634636699078,-0.24983267420591315,0.9981802676659184,0.9980983874450122,0.3484324384610996,-0.3323982783138474,0.9963530744525573,0.9979566730729864,0.9680605485299597,0.3192064508960082,0.9255927486739571,0.9980090484700588,0.9255927486739571,0.9080379215168279,0.6037494364082153,0.9249379802955865,0.8941787328550569,0.6706381972964898,0.3986879210415885,-0.10429379124464438,-0.22225421567841352,0.9149559265590087,0.36981554513379883,0.9635163388857341,0.9561976377885547,0.9724595837051172,0.9952778960382894,-0.0841591917460447,0.8259786760962947,0.7911525250789829,0.8466795251360253,0.786022661479324,0.7558474653831045,0.786022661479324,0.7572366775784127,0.7494541433715759,0.75179403987671,0.7494541433715759,0.8352517340369755,0.3038659447998085,0.5171757444606824,0.6001317270088942,0.5171757444606824,0.5262501037395751,-0.3743149017181745,0.4879432348662474,-0.66564596585164,0.4152635893997089,-0.14579709791788853,0.3649143827662779,-0.14579709791788853,-0.16210739179716419,0.8092531233591721,0.8155759578354957,0.8064840212912334,0.7267227723398013,0.33542589320132116,0.8121074795529007,0.8141123557995197,0.8121074795529007,0.7128474337934669,0.7128474337934669,-0.25009813481312637,0.7215517770810471,0.25826842343239426,-0.6204035125099833,-0.6315351792134325,-0.6343639346280241,-0.1317438158069259,0.007082500821322894,0.3436563292127004,0.0444140733300362,-0.4673524778098552,0.08213585021694816,-0.8341327833210829,-0.13899780138440798,0.03925208724591094,0.03965572420677565,-0.6124419728155199,-0.6058780423053312,-0.07135750752488695,-0.6020253866596729,-0.8425505325127743,-0.36879547976558597,-0.19092256322768994,-0.36879547976558597,-0.2954124139260353,-0.34350752136858326,-0.34350752136858326,-0.8339194508127524,-0.8339194508127524,0.34616691823642143,0.5822624708150903,0.48069225216062605,0.7880201217130947,0.74284255049024,-0.3555981677523552,0.046388662537362936,0.7415970448669829,0.7638292200036109,0.7415970448669829,-0.12766733667916882],[0.9918358406273932,0.9793375596626767,0.4841352685626874,0.9936982493979509,0.9970644706659724,0.9918358406273932,0.9999684981202691,0.9994904084124306,0.9994904084124306,1.0,0.9521740470706321,0.9995673817286107,0.999969873806836,-0.3060830680535039,0.9999741709103913,0.94927644403317,0.9284936947728482,0.252369603961452,0.9997879042174871,0.9997884895118507,0.9886388137661113,0.9999667360020872,0.12582691453839556,0.6451524245489816,0.9943949713725508,0.9943949713725508,0.994342291175317,0.987057668097422,0.05520390125055451,-0.12122467016277787,0.9905586392299403,0.9905317606623678,-0.013495171012758135,-0.20316346955637726,0.999332746380459,0.9992903528187133,0.7695429274030362,-0.5202920725584103,0.998687205343441,0.9993047615571528,0.9432687800102535,0.2290965737257771,0.9991776585778657,0.9991830531929958,0.9991776585778657,0.9104453821146817,0.6204222590519909,0.9239796631724765,0.897130843810669,0.6964283996497809,0.007352611311440048,-0.5293329673709747,-0.18044813913924565,0.9193861110307051,0.3387869900429378,0.9627937446237311,0.9619423910784164,0.9791185600270189,0.9954089296435281,0.8620361438212732,0.8405705564534574,0.8808724359782751,0.8572724197674472,0.8791099567890739,0.8798211601052218,0.8791099567890739,0.7704716012439835,0.8225902050167572,0.8242784039308416,0.8225902050167572,0.8460962720917615,0.7415721483737003,0.8338655531167283,0.8352820829496108,0.8338655531167283,0.5403308016688089,0.36417203496540324,0.5033255913551914,-0.6818858269421776,0.4826768774051496,0.4470351945823033,0.44695547043464556,0.4470351945823033,-0.1122007730648064,0.8211688668121182,0.8333731829980215,0.8216656631857312,0.8722058401304146,0.27672269879775796,0.8288310530235682,0.8311188556526693,0.8288310530235682,0.8366170219603548,0.8366170219603548,-0.23565550415276312,0.6936824430436521,0.07314907210013281,-0.6227567066517402,-0.6578626978806078,-0.6587662296811031,-0.11980762634143445,0.0179475261877885,-0.16024432241291192,-0.12077525096660233,-0.5001948617066502,-0.36274205062174725,-0.8758817337451624,-0.5626613101849293,0.054084803337393135,0.05526931977806088,-0.6016772592043185,-0.6007120794943946,-0.5295467828057417,-0.5857031807009192,-0.8160134046374594,-0.5986023993077858,-0.6007208008298419,-0.5986023993077858,-0.2791557714132942,-0.3324651634484999,-0.3324651634484999,-0.7954985560437965,-0.7954985560437965,0.3689484023096899,0.5987800826136331,0.8215716692766248,0.801314511707668,0.7545785620421696,-0.3611730858760308,0.6393793744656442,0.7079689651691622,0.7081232512525534,0.7079689651691622,0.09402699375351643],[0.9736607634742266,0.9610329321885062,0.4276389869026722,0.9715211109785936,0.9616342368156667,0.9736607634742266,0.9533821624563219,0.9453699617458771,0.9453699617458771,0.9521740470706321,1.0,0.9285943091916142,0.9534060347222364,-0.23957794458847573,0.9530721531885413,0.8668533022981642,0.8411608810543647,0.053376458513961056,0.9587340161300059,0.9587108902969548,0.9535466506117812,0.9535379094829807,0.055264910157080384,0.6911666280117852,0.9553077752886123,0.9553077752886123,0.9555134584030177,0.8411391257036239,0.15958726765758266,-0.10344574815623905,0.9617272627907454,0.9618578909487526,0.13779727950548748,0.0705878161803097,0.9629487913441901,0.963231942983913,0.8594527974767022,-0.4389769017028559,0.9395983995863414,0.9620936811378453,0.8675318729745671,0.031009659923948624,0.9642790357672357,0.9642430494499874,0.9642790357672357,0.7900852754591298,0.41646480315474677,0.7655602879988439,0.8701345982521375,0.8337819833435046,-0.5497842810502892,-0.6861453632073933,-0.29487617191167054,0.8720279127389288,0.05153426016774744,0.9061482396729361,0.9061993642311412,0.9258044022946267,0.9600144002973583,0.8655375640355295,0.8612851109285894,0.8898303239265853,0.8685993005485978,0.8820112293814792,0.8827935420892458,0.8820112293814792,0.8116307359653292,0.7909229543590411,0.7929675431067913,0.7909229543590411,0.8612455766607564,0.8801857559997811,0.8594242331937323,0.86017361759777,0.8594242331937323,0.6361890661545241,0.5566426128605507,0.6376116852278226,-0.39668216282881474,0.6593955399118528,0.6793708734054462,0.6822754657875869,0.6793708734054462,-0.27154838979243806,0.8658854556467879,0.9248493237394296,0.883057214244371,0.8806966426402371,0.14592882726442946,0.8582917188388687,0.8595770756103899,0.8582917188388687,0.8693846136778157,0.8693846136778157,0.01793568419675401,0.31936447227024334,-0.09491069377720897,-0.5363735957288207,-0.4073408743337869,-0.40933784294223324,0.04149496426064232,0.39698248547228276,0.08471827001407851,-0.05989058376853554,-0.3933932931474637,-0.012617424117930863,-0.8094901862744052,-0.1745690436855533,0.2868819038355764,0.28620289688640727,-0.36997494779966905,-0.43855547852861543,-0.32641363130238416,-0.3332003320243826,-0.6821942611388291,-0.3472368201045973,-0.3493026956650097,-0.3472368201045973,-0.07400783901434121,-0.3670719901778568,-0.3670719901778568,-0.539016487250534,-0.539016487250534,0.5621446077679356,0.6698120957266779,0.7604365781867135,0.6741747064023017,0.8354107321913357,-0.4560487383175427,0.38697221223301714,0.5595064533376962,0.5597799981619606,0.5595064533376962,-0.2261877729506305],[0.9832583504600659,0.9813871130768683,0.9966924821807805,0.9879154619527823,0.9956195092042494,0.9832583504600659,0.9996153807772566,0.9984001165835875,0.9984001165835875,0.9995673817286107,0.9285943091916142,1.0,0.9996143110435141,0.9996106795996706,0.9995686805195315,0.8279782834433549,0.7878623928640746,-0.4083105778798076,0.999753432689175,0.9997571765889244,0.9996208362547023,0.9996207610611518,-0.2451567585176234,0.9644417114581348,0.9929273620503376,0.9929273620503376,0.9929035129089552,0.9899568146502228,0.05736966266630422,0.09132739639357892,0.9897183418328707,0.9897890322356847,0.9732310537960951,0.03733376930806847,0.9987868749877784,0.9987317062424862,0.998556147990387,0.999277918496575,0.9992484311293666,0.9987938458472982,0.8070706674629595,-0.41823533468400736,0.9984953083365029,0.9985059818134723,0.9984953083365029,0.9041128888737344,0.4710553683787678,0.9199390269820598,0.8951183642746359,0.6976674186674712,-0.5212632525065416,-0.6501191798474124,0.7949067013390814,0.811265484805989,-0.3045531492216188,0.9235422962832163,0.9237429854036373,0.9611780703075036,0.9929046165991345,0.8638053932935855,0.8730279550267998,0.8419009445683273,0.844292526971998,0.8506477705982761,0.8515307038105848,0.8506477705982761,0.6876512557468635,0.643255029049559,0.6459145917423577,0.643255029049559,0.8733837012639706,0.8819640729859909,0.8721389142151325,0.8735296154401476,0.8721389142151325,0.3431528039507946,0.2727405874582668,0.39898982876375527,0.5219909815724593,0.39701027027004737,0.44198739423624706,0.4444344743389109,0.44198739423624706,-0.4094066224211402,0.7895794950515523,0.8376840968085689,0.818852979542866,0.8722369498126423,-0.18180377511342014,0.783019196929052,0.7835254891585193,0.783019196929052,0.7966730863957843,0.7966730863957843,-0.29460369368484846,0.6851284027801261,-0.3962960496588517,-0.7167167936215331,-0.5458001525330293,-0.5481305667838844,-0.37584969775407,0.1716051679569531,-0.278666178137455,-0.4623549090391299,-0.6635414347193659,-0.3579338622314135,-0.6177546652946356,-0.4244186950325731,0.045591343494888484,0.042204443476448375,-0.5650940910094695,-0.531110909151066,-0.5503498125214346,-0.5846212958178963,-0.5787832438956446,-0.5535189355237871,-0.5565112548012983,-0.5535189355237871,-0.43777150029987505,-0.6078730869274991,-0.6078730869274991,-0.60724841133758,-0.60724841133758,0.3641928583750918,0.3539482865598534,0.4722004593756805,0.5550553533343786,0.5484098093432116,-0.5562647071480069,0.295461142576743,0.3116133480456692,0.3117670730059138,0.3116133480456692,0.21314793856243144],[0.9912157893811083,0.9795869187790225,0.5757563382815741,0.9927461607529238,0.9968952341431235,0.9912157893811083,0.9999962639057292,0.998054214953251,0.998054214953251,0.999969873806836,0.9534060347222364,0.9996143110435141,1.0,-0.13676174135369393,0.9999944901286064,0.973767868527885,0.9657602828547351,0.36166310275592733,0.999844151198773,0.999844231345975,0.9888649830402368,0.9999971045282315,0.3483563075430098,0.6841634340147544,0.9900142292575842,0.9900142292575842,0.9850333419751931,0.9872417103443883,0.24019444087920797,-0.1814391773118087,0.9919832789712716,0.991758705892854,0.17952971806222995,-0.24313986061470597,0.9993080457912792,0.9994065420563942,0.36858879816071816,-0.32485699305389604,0.9987731573859573,0.999334762589942,0.969061799605516,0.34181017097194144,0.9340905971564633,0.9990402212879709,0.9340905971564633,0.9106654770053642,0.6196913404175843,0.9247833936902453,0.8982941148918635,0.6972060645329509,0.412520329863299,-0.08817017059670473,-0.20838358467594492,0.9242423988271402,0.3909438612195644,0.9683946204955064,0.9618158309393506,0.9779332975707253,0.9961727635504781,-0.07326036150801882,0.8400527145461996,0.8092364298762851,0.8565935881977964,0.8028966572414254,0.7690725165413791,0.8028966572414254,0.7715682362293114,0.7701394134527848,0.7662519026239828,0.7701394134527848,0.8449422366162673,0.32499465365393004,0.5396385244934627,0.6178143166614883,0.5396385244934627,0.5411001432879414,-0.3586620485283586,0.5045969699487554,-0.6566795032353214,0.42461211868365123,-0.12249543941603576,0.3828679556560529,-0.12249543941603576,-0.15498486781479046,0.8208602568379083,0.8337382053702707,0.8215570591069075,0.7425686073992208,0.3530782907576801,0.823091580434037,0.8248762064496241,0.823091580434037,0.7325592303234513,0.7325592303234513,-0.23345517839840307,0.6932216749925163,0.2505386204002953,-0.6104864864540518,-0.6176013235399263,-0.6206330126043619,-0.11624589162003063,0.015467547026000728,0.35077690159172703,0.06412688754245835,-0.4539188884654707,0.09179679121395899,-0.8270231489462296,-0.132097675091231,0.055738157858397676,0.05613868662522619,-0.5997949366543364,-0.604382270467541,-0.06412412998785899,-0.5836072926979976,-0.8421535397492724,-0.3564539290939274,-0.18434522106590107,-0.3564539290939274,-0.27644975109169423,-0.3288259929700289,-0.3288259929700289,-0.835185576002829,-0.835185576002829,0.36925061182889274,0.6003666561313963,0.5004488465232992,0.8066412821506532,0.7562880786182432,-0.33240544177337256,0.06138958360516282,0.7614815687543959,0.7800180181281904,0.7614815687543959,-0.14538744787507532],[-0.11924625195696352,0.9795509543820532,0.5114376964358136,-0.12339755062641937,-0.32916987880258897,-0.11924625195696352,-0.13710950744189507,-0.14613827956899444,-0.14613827956899444,-0.3060830680535039,-0.23957794458847573,0.9996106795996706,-0.13676174135369393,1.0,-0.1361568991172096,-0.1460258888788597,-0.12328467032863537,-0.2954722599426365,-0.13756909440059095,-0.1381195886084474,-0.2589715129756727,-0.13772977496125138,0.028238027518204662,0.3100196792762055,-0.169886043396409,-0.169886043396409,-0.1702132780082183,0.9872227262162895,0.2513662695752065,0.1869664399352119,-0.17477261477574296,-0.1753596409214925,0.5385544982324215,0.12191088396760857,-0.1351991695610621,-0.2919444895812059,0.17176312428683085,0.95794989248205,0.9987715612586026,-0.3226282685701819,-0.14397037110947827,-0.28546022517717573,-0.1354794323807506,-0.13651484012474138,-0.1354794323807506,0.910743697987102,-0.11585682324858207,0.9247591421173527,0.898243789161548,0.6971929411909008,0.08518235359356863,0.25138680182750234,0.6449531549457701,-0.25759953491520504,-0.2977165138376815,-0.057742603129859536,-0.2904670338371184,-0.09486193827067561,-0.16554847291494826,0.037144266491947193,0.29921523507566666,-0.010328887993565513,-0.2848923048791083,-0.008014689250774278,0.0013525077378306633,-0.008014689250774278,-0.3871419903030069,-0.09545051998954825,-0.09762504701412804,-0.09545051998954825,-0.18420266428175944,0.07720280256685218,0.054916510966570686,0.0548331127783034,0.054916510966570686,-0.3969940184717341,0.0068681837307004385,-0.36116338623243016,0.6190960074110841,-0.3292013698603473,0.009715721077886461,-0.053164191696774665,0.009715721077886461,-0.30752896911199584,-0.31870719731161984,0.8337074616280261,-0.08953409581069792,0.02418037279508392,-0.22319055183525152,-0.24409193116618658,-0.24377808254846658,-0.24409193116618658,-0.016462660619579496,-0.016462660619579496,-0.2152367607036694,0.6931565639403328,-0.1613963023235585,-0.030240815629328833,0.19242398282913978,0.190946233195852,-0.25359379388655534,-0.005727874560498546,0.019602611933970587,-0.1772672464918142,-0.11801768222015012,0.03995629181855317,0.3774583350561377,0.11057151397395514,-0.036743168074921215,-0.040666434602073295,0.08116855446678856,0.5663470290378797,0.08860241156360327,-0.20330344930613534,0.6060942005998099,0.09164355274948263,0.09995332131832431,0.09164355274948263,-0.2409046789268958,-0.1994065219144503,-0.1994065219144503,0.3181854418562462,0.3181854418562462,0.3693537724614151,-0.24692035366482473,0.021493500371766037,0.09511792291343897,-0.2402705552145316,0.06791789931193233,0.1564565391047456,0.10788228547372587,0.10777740766996728,0.10788228547372587,0.12480225513934476],[0.9912780947932304,0.9793801741970464,0.5760566717253347,0.9927813101764992,0.996924742574488,0.9912780947932304,0.9999926861646901,0.9990413863084289,0.9990413863084289,0.9999741709103913,0.9530721531885413,0.9995686805195315,0.9999944901286064,-0.1361568991172096,1.0,0.9721392451293881,0.9593779561623524,0.3617888037919218,0.9998470801773307,0.9998470751798995,0.9890204294679517,0.9999945252654675,0.3490342326093749,0.6840001975385622,0.9934551408517162,0.9934551408517162,0.993346536804989,0.9871295439173784,0.24046823729173672,-0.1814884478857641,0.9927403888325967,0.9927927963864824,0.1803057609804223,-0.24297710516885151,0.9993577139816743,0.9994057395474231,0.367539569021318,-0.32401467738731793,0.9987144897408107,0.9993377325455096,0.9688899866880027,0.3419605314717367,0.9335873694763042,0.9990954803058494,0.9335873694763042,0.9109541478229922,0.620414198823787,0.9251148111839432,0.8986328114257018,0.696908809004604,0.41392894638569877,-0.08656738846994703,-0.20859068639731534,0.9246337966464019,0.39123451888503596,0.9688115182824988,0.9621712818866682,0.9782229872872191,0.9962107423589768,-0.07428842870942136,0.8403257578359413,0.8091548170326957,0.856844244595209,0.8028544076708892,0.7686633063702216,0.8028544076708892,0.7717589248149702,0.7700915211823877,0.7666634927708026,0.7700915211823877,0.8452814088583832,0.32430691645814363,0.5391237923166114,0.6178421678846993,0.5391237923166114,0.5409320192994497,-0.35984132741052083,0.5044966109936994,-0.6568428999636424,0.4242167432515012,-0.12350785732357678,0.38251735071775655,-0.12350785732357678,-0.15493038630603867,0.8209902161828084,0.8333673638012504,0.8216608232802441,0.7331340189534536,0.35347269212104604,0.8232075724826842,0.8249847904320736,0.8232075724826842,0.7323642343328071,0.7323642343328071,-0.23505437336617174,0.6941030755648239,0.25104733461327366,-0.6104614650919465,-0.6179846757847569,-0.6210222430631005,-0.11742002769041775,0.014211640151995957,0.35108699866123255,0.06368206047856191,-0.45416708519079235,0.09187635756926919,-0.8261618458239335,-0.1319382889935877,0.05469960525187389,0.055099111050727775,-0.6004323987496483,-0.6046661013979339,-0.06353743801232306,-0.5849430068437463,-0.8421499745256191,-0.35638942885493236,-0.18378264798394267,-0.35638942885493236,-0.2774486441405887,-0.32930469515168376,-0.32930469515168376,-0.8355384327539828,-0.8355384327539828,0.36942482025437134,0.6000415554078734,0.4999068380500746,0.8070910044078562,0.7557306410169281,-0.3319286357153112,0.0607130428523206,0.761887890810992,0.7806263759948544,0.761887890810992,-0.14506395573163353],[0.9534600861592923,0.7814918741177258,0.5381580589647299,0.9547664408659724,0.9390302321843204,0.9534600861592923,0.9738249093275515,0.9722792746825913,0.9722792746825913,0.94927644403317,0.8668533022981642,0.8279782834433549,0.973767868527885,-0.1460258888788597,0.9721392451293881,1.0,0.996896422480045,0.39436036121083795,0.9684732605928975,0.968473843311739,0.9466647918815045,0.9719489419529335,0.33916949611556024,0.6270070653678806,0.9648209353167978,0.9648209353167978,0.9551695189875659,0.628498031947612,0.21458797320665837,-0.1882525634544863,0.97176673063665,0.9712773851566803,0.16425301579968665,-0.2572017928145965,0.9726473098231014,0.9533337733938628,0.3380221231448648,-0.3219320271129893,0.8333534790748083,0.947201159821388,0.998511384194564,0.3752345095436555,0.9026297075443525,0.9724531000450066,0.9026297075443525,0.7464397165047109,0.6102160044416982,0.5449886538677253,0.5188355241247878,0.5666871390093222,0.4143793904269671,-0.0736274031477739,-0.21111369138851005,0.8926872374578467,0.403839224742333