var element=document.getElementById("correlationAdjClose");if(element.style.display!='none'){var correlationAdjClose={"data":[{"type":"heatmap","z":[[1.0,0.9999922624686758,0.9851764356133019,0.9999254598553441,0.9989928437852743,0.987090777904901,0.9976980190492759,0.9956564660643493,0.9691210625006244,0.9959701356126733,0.9804911555877535,0.9931234192968696,0.9957891432332587,0.9950610283696718,0.9957065565890109,0.9974133684549007,0.9974018739697507,0.9982288701673305,0.9963638804292203,0.996374891614574,0.9964302651195709,0.9957399581981902,0.9861873820848024,0.970589808793937,0.9888324597664606,0.9557649949156043,0.9877488077977223,0.9844873094964701,0.9657896535114784,0.9480534659946768,0.9934922241483922,0.9943261527516827,0.9920699743872057,0.9762391626126553,0.9976092790498495,0.9978763192094645,0.9973255388042873,0.9958491515345648,0.995510332440057,0.9977664695423509,0.998709005059617,0.9987372223228825,0.9975571675875111,0.9975668005185093,0.9767364893708077,0.9164732549717385,0.744611819599278,0.9123170780813034,0.9140693301952179,0.8473132529226619,0.9650238747808904,0.9461629352741661,0.9665169476111277,0.965053928543773,0.9568657719834408,0.9853764477663046,0.9821957958974222,0.9902754620830918,0.9945699872361585,0.9853724430488345,0.9798071140057905,0.987086337778545,0.9847799400512477,0.987679872224948,0.9874622596903961,0.9649439576722767,0.9707976768937787,0.9733306329229451,0.9729949920965415,0.9488451479274106,0.9778569168547718,0.9756578145319488,0.983441906888799,0.9826395070192698,0.9391171219172081,0.8713043735305231,0.8388932508979482,0.8899201379969875,0.9126058035546403,0.9086711927050013,0.9105226292335833,0.9090950036914749,0.6553277879576196,-0.569115084291763,0.9788466774122074,0.9722360412825373,0.9686008245769017,0.9861652138166708,0.9726401667472866,0.9831225022923634,0.9830775760535947,0.9480334177532271,0.983253150265576,0.9516627414630048,0.678737690952475,0.884718485445341,0.920611147675058,0.7715255471555479,0.9271745346968846,0.9456639288491109,0.8260919740653294,0.9610802560922869,0.8960237520423272,0.6267945778936774,0.713283738926522,0.8922076737787455,0.8669761367018181,0.8894412428759354,0.9711895213400145,0.9713848388915309,0.7417285804595241,0.7165769082008356,0.8248626492021435,0.36511690895315113,0.7970287728040616,0.8292064846957251,0.8160288364533346,0.8144385515136496,0.7615380614817957,0.7450473580045014,0.7261090011525692,-0.2533891398071293,-0.3911933200903723,0.6506856335577179,0.8977175946374895,0.9413811189779635,0.9465361240248059,0.9161956037502861,0.8280824606448836,0.9135452815164714,0.9346804727452857,0.9344667647757082,0.8691712891187997,-0.18929614590549398],[0.9999922624686758,1.0,0.9853364810641443,0.9998003726664622,0.9978842014508602,0.9903140874062839,0.9937528190678628,0.9900999624129951,0.9817823139931537,0.9901277448380645,0.9715269632579667,0.9922460463858118,0.9903014908756691,0.9901530749088548,0.9901980634852161,0.9928585547122454,0.9960001306227428,0.9955789547818807,0.993111171801143,0.9931075480741263,0.9901932648252827,0.9902421545675287,0.9896802762295067,0.9673473247162713,0.9861691215487297,0.9787803829404338,0.9859690506730266,0.9843537199683917,0.9763674555456667,0.9208512083514249,0.9878735427732567,0.9848133597542699,0.9776415776651075,0.9216391732977608,0.9951450890765043,0.9950000519197884,0.9952657272774547,0.991030129694644,0.9947830922674054,0.9952659011302509,0.9967812082596135,0.9968575665689607,0.995244946476233,0.9952482034529551,0.9878669889762486,0.916241734043551,0.5879329345625681,0.9119758718164757,0.9140726444900373,0.8474470579169777,0.8723249442049105,0.9161623080731919,0.8757271651408296,0.8997767413233151,0.8715279445294659,0.9548279238235443,0.9547148003984799,0.9626998159259486,0.9829626314223467,0.9777802752624878,0.9810256612324663,0.9758681255137837,0.9755838715885738,0.978201141487603,0.978118015094842,0.9433144376101411,0.9521041025607903,0.9232874714862301,0.9231926266864466,0.8354471451860003,0.9735685489419587,0.9755645047497857,0.9757898556638449,0.9752802851987136,0.940733038923573,0.6966778426991789,0.6427306616282407,0.7804760191878037,0.8640188189869515,0.8022570917444984,0.8341826259965784,0.8325752908286805,0.6428514260593662,-0.26510160541832395,0.9628123941258725,0.9685966425056951,0.9625678812002533,0.9785442734302429,0.960174183419912,0.9667839361063926,0.9659910205290937,0.9160933838477461,0.9693347490855692,0.9208865974350738,0.5347942532497089,0.8839363832436737,0.8808999960104966,0.3559895621457912,0.7032702582854055,0.7828340624993777,0.6686627717009949,0.9613618546495107,0.6764724840266613,-0.2624971772913001,0.16693091447939973,0.6456243905259349,0.6511512844198772,0.6969554061647175,0.9629413402029094,0.9628315770273,-0.035210502011098876,0.2083223581852374,0.04650956545485946,0.012601804009949596,0.04108268713079977,0.05735387259866558,0.024623136510672335,-0.021301328330285575,0.4142582074851512,0.14673349845509398,0.09622419265497113,-0.445580184453828,-0.4846742896356128,0.6506545726759244,0.7499969800871389,0.774274416056646,0.8319890505894112,0.8256992216115249,0.5515177034009364,0.7387832557040954,0.7692348708186006,0.7674501855974137,0.41785694434078846,0.18687164700971753],[0.9851764356133019,0.9853364810641443,1.0,0.9865813481014806,0.9931664566187998,0.9905921274819874,0.9905912843040132,0.991107682052951,0.9899448130748074,0.9943095207888626,0.9574734668175289,0.9971005630837209,0.9909944504055814,0.9929182221281151,0.9911663867914934,0.990540287532997,0.9912537686618007,0.9905786237059117,0.9897608703774836,0.9897287611018134,0.9928376079397275,0.9910372076162235,0.9941240046838274,0.9811859104882681,0.9911087451945645,0.978907447331894,0.9915747933807844,0.9836466891849694,0.983867341921471,0.9528150301395152,0.9717856792621955,0.9756457797825299,0.9780509822460883,0.9522397415114787,0.9879005453454224,0.9910275978732138,0.989346281102285,0.9929474434994398,0.9950936057436479,0.9921424666168285,0.9856078979875722,0.9882355851603982,0.9881942210141512,0.9875712397604272,0.9911408930799918,0.9155262426411581,0.6853772809764267,0.9337699076480273,0.9085226238474391,0.7674917572497693,0.9249763677055394,0.9015065099797714,0.9273329994914333,0.9253865822737755,0.9137815767942365,0.9521229251177852,0.9598966267793753,0.9672984310354659,0.9798425107750075,0.9345877221622926,0.9552965304500804,0.9577319426988176,0.9641457586864551,0.9581667539737652,0.9324453004929161,0.9076323783969384,0.9347090383501125,0.9283241651231393,0.9107156400809094,0.8748028664864732,0.9641764887779198,0.9422018236889323,0.958226070297033,0.936885469688396,0.7939209889139689,0.8170996132529247,0.7435302545788589,0.8383363532440726,0.8764292534396215,0.8756534773856057,0.845085896822648,0.8591145973300084,0.3374287395946833,-0.5659916423361311,0.9520270478195425,0.9313726705186718,0.9332349152845533,0.9348786362043471,0.9463327567847004,0.9559685191848424,0.9555434764659884,0.9211746266850538,0.9517723074348262,0.8539959232278388,0.6542568292566743,0.9423840207864405,0.9419305294163648,0.737070956649037,0.9106393945806609,0.9309568166669118,0.8121890592127672,0.979474871202121,0.7781137552959825,0.5332269654998438,0.6541602658593845,0.786894703830236,0.7932469483516715,0.7757178446399862,0.9827421893367372,0.9827922063623932,0.6634626644392625,0.655497711466472,0.712640784846895,0.30134242641515624,0.6939893553081509,0.7120184187450941,0.7227880721353923,0.7088719891441126,0.7184704628770995,0.6745317070933387,0.6539084586488569,-0.32280113725306203,-0.4603045903103229,0.6120921101889522,0.8587867828154101,0.890820754621378,0.8935427851904204,0.8896047826764688,0.7592895783330161,0.8654121271803411,0.8795782168017784,0.8879955106876224,0.7385108533717551,-0.11046047586186176],[0.9999254598553441,0.9998003726664622,0.9865813481014806,1.0,0.9992781802789321,0.9881005080553943,0.9980052516058001,0.9961490943710058,0.971383410015454,0.9965364807639516,0.9801399467598406,0.9943500259281643,0.9962638221399001,0.9957399621953469,0.9961978649929318,0.9977372862365216,0.9977900021168049,0.9985470941246168,0.9967946879045914,0.9968031328134579,0.9969112064965145,0.9962185681924921,0.9874422066700628,0.9719331611980744,0.9898827350928968,0.9584109190108393,0.9889085515638736,0.9865020487252881,0.9678515115561666,0.9492482326163421,0.9929157353410069,0.993938077563724,0.9921360983715826,0.9758777182803413,0.9977469745094086,0.9981452673552054,0.9976125184751778,0.9963841446447878,0.9961793719545597,0.9980745552061264,0.9986378001619488,0.9988640464908491,0.9976872517544068,0.9976938783979787,0.9785595865996268,0.9123573226817021,0.738322243700944,0.9130882104440017,0.9121978013670929,0.8377987211262712,0.962102898187885,0.9427766943701212,0.9634913174156328,0.9624381198285482,0.9540169185857593,0.983308964692031,0.980685705938769,0.9894576694448752,0.9944953366200938,0.9837448904189693,0.9783558184588734,0.9856382698430811,0.9840281388520937,0.9861521434012129,0.9859282825539153,0.9527684326530439,0.9693082686988086,0.9716800379436303,0.971343599787549,0.9427064045364791,0.97727246829967,0.9723532237364871,0.9818052379842204,0.9809626414457735,0.914347837244517,0.8693731924279998,0.8343947366535395,0.8877470948412233,0.9093048025850702,0.9079073750182871,0.9076995988220763,0.9063263233853056,0.5546500158429669,-0.5690091701377612,0.9777734263091513,0.9704381601572398,0.9667113403172015,0.9845410972603599,0.9716319012887864,0.9821507718488679,0.9821011672766837,0.9471586958498093,0.9815966446880098,0.9332564402331922,0.683835109390412,0.8918831803160756,0.9249617201824181,0.7731011072021777,0.9288511573480299,0.947086820033117,0.8263996959680845,0.9625016692761046,0.8898855030895456,0.6233628359506953,0.711508834345357,0.8871227600362682,0.8633898950756732,0.8840311441216226,0.9722030137053844,0.9724068193983048,0.740727761958896,0.7168265276230196,0.8169371077029695,0.36711353463896085,0.7913517206618015,0.8209976641340232,0.807887121576215,0.8091176394307789,0.7642036853944233,0.7450483884548001,0.7261801237203488,-0.24876223168340453,-0.39044521149809264,0.6495248935440622,0.8958440595972738,0.9395698800082771,0.9447715544180794,0.915063473836459,0.825285570262694,0.911559681279692,0.9324572542962375,0.9323988984843481,0.8616565702268554,-0.18206670897130572],[0.9989928437852743,0.9978842014508602,0.9931664566187998,0.9992781802789321,1.0,0.9910389498955556,0.9990671577909169,0.9983945985237501,0.9844558481351728,0.9984547126047361,0.9743713670230928,0.9978834798197289,0.9984335846644431,0.9982647969680347,0.9984280545324908,0.9989882519337921,0.9982426751733761,0.9992436731675287,0.9987902976981092,0.9987890474511264,0.9985019933138872,0.9984202070163681,0.9939683744150688,0.9796250869075153,0.9942743810684098,0.9767716024752877,0.9942251260932679,0.9897717526528778,0.9815528479736448,0.9527965735537111,0.9894739565264461,0.9920852526346344,0.9897117700513403,0.9673205984726129,0.9989426774657688,0.9989833885095714,0.9989881656272036,0.9985263175414418,0.9986014128159688,0.9990898204683725,0.9989471587741309,0.9991601892429741,0.9989323920837955,0.9989307880689509,0.9887665075869598,0.9219518914038877,0.7141657899625095,0.9263044093960335,0.916118831982896,0.8216755466974712,0.9465452475394525,0.9330234340092558,0.9506060831574635,0.9543441732226658,0.9453498473210654,0.9797243134912911,0.9796470301932116,0.9889243547760244,0.9944891259653361,0.9800057271709697,0.9725673442822061,0.9808922614555824,0.979894241747509,0.9812244589908294,0.9809537808074928,0.954281996107719,0.95974251439587,0.9545485206787281,0.9541065555893087,0.9123442568371164,0.9744040947647361,0.9709114959878277,0.97733082324744,0.976417523931807,0.9352619100259245,0.8461797565919728,0.8037376408870834,0.8708970073752982,0.912787305919314,0.8948706430348374,0.9030902448397436,0.9018080562767775,0.7102337878939435,-0.5891208807712981,0.9709603177086295,0.9592804924188338,0.9566166042297543,0.9810507936494872,0.9611844991324541,0.9749946038598879,0.9745481598397405,0.9373916853841061,0.976861364415972,0.9410572709201193,0.6709164641735186,0.9104291375554366,0.9460684268363981,0.7277615592543646,0.9089036117680811,0.9326244505618326,0.8204005569532327,0.968143396059208,0.8828581343069123,0.4670054714954641,0.6463973136666102,0.8708979130780828,0.8304659935935448,0.8735254149777004,0.9761575939120192,0.9763137443667979,0.6957286496482639,0.6982132063228081,0.7389452871399922,0.3428946904848799,0.6810013305868436,0.7445701586424961,0.721302184768813,0.7008584610901282,0.7488830358930251,0.7281919635505593,0.7083913190923772,-0.4653828345400268,-0.5443356766498603,0.6403241248741696,0.8888801745869731,0.9242941464001683,0.9370307369985903,0.9116039255118331,0.8030549317181739,0.8956418632003151,0.9175547829351858,0.9169811086505318,0.7964356120116607,0.02973908921302209],[0.987090777904901,0.9903140874062839,0.9905921274819874,0.9881005080553943,0.9910389498955556,1.0,0.9870113763499292,0.9874100670305762,0.9910224419503373,0.9870754965419699,0.9622626933065327,0.9796273739364177,0.987325394772178,0.9886524780063256,0.9874736533567086,0.9872265716886971,0.990410797008125,0.9884816911658147,0.9882415815563945,0.9882448483703522,0.9862739406487905,0.9874088234774785,0.9959612635983888,0.9921743296120574,0.9877598328339402,0.9841011911645661,0.9877590559886882,0.9729178781038396,0.986229594303672,0.9696881812734605,0.9685511357436246,0.9733526069143364,0.98182501399856,0.9692613914418056,0.9868737176814483,0.9871156591651302,0.9879406411142702,0.9882172845427502,0.9814368403380473,0.9880040767920308,0.9860688432450053,0.9875563042440682,0.9869921190187518,0.9870076324716629,0.9952404446549039,0.8729853409411449,0.7109075671446239,0.8915301293469076,0.9080489958220602,0.8354244360648229,0.926826250447759,0.9107619170905051,0.9289685085308776,0.9388267062505563,0.9245996281180335,0.9580399517535384,0.9628470927997503,0.9659503339996932,0.9766204361380376,0.9689929211183128,0.982873175503508,0.9701590743720637,0.9822574000525587,0.969884503966447,0.9693321244963903,0.9713109883758652,0.9633714981595815,0.9443092376565871,0.9438304977805327,0.9359108488595808,0.9800855414505688,0.9724778038269263,0.9703158413259895,0.9687950015961473,0.9550866600658873,0.8682631074954845,0.8208352472251035,0.8884371505013663,0.9040034140609807,0.912223369223724,0.894271814463945,0.892037806559809,0.678599041758408,-0.5279062764700095,0.9769521313374575,0.9754965200734196,0.9716340732772475,0.9700489728037727,0.9681231030323793,0.9765139966011205,0.9761284469467817,0.9605297600376199,0.965873487773325,0.9596258546575125,0.6883464326952539,0.8610089839183759,0.9441916875051528,0.7747734134474535,0.9200200087751937,0.9359713097514989,0.819936508924665,0.9581525535901713,0.8429392180185187,0.5630720386912009,0.6825855953384116,0.8408034960574957,0.8214649790869402,0.8391672453673765,0.9598018255007983,0.9599067445110147,0.7007621356719934,0.6949234895216683,0.7578738196992476,0.36764170468720103,0.7411829064885599,0.7635829251206977,0.7500112879795691,0.7521848769013464,0.7493843322432128,0.7124645080864087,0.6958520302605576,-0.27802226221081355,-0.40722954692115054,0.6697541957980151,0.8755696267573365,0.8931038975639994,0.9027285763933606,0.8892561154175405,0.7945720408820837,0.8628727657816087,0.8846562210351748,0.8846741332234598,0.8281004333841426,-0.15230145681878562],[0.9976980190492759,0.9937528190678628,0.9905912843040132,0.9980052516058001,0.9990671577909169,0.9870113763499292,1.0,0.9972954542391094,0.958524351806383,0.9995579774345705,0.9742826833865526,0.9994868703976179,0.9982444132419304,0.9991036696788087,0.9990850887008109,0.9998771678318569,0.9952239863490782,0.9999016363012638,0.9993029757837514,0.9993082135749352,0.9996750911041287,0.999273323487306,0.9906210564347965,0.9751199225435978,0.984782342717601,0.9257998299706028,0.9929226239168486,0.9892285736733165,0.9728923640823991,0.9473735446464273,0.9919007495646708,0.9917511489254657,0.9933245192617264,0.9731875530604039,0.9988997389605583,0.9998320209098799,0.9996775582690972,0.9994276617225011,0.9997009009389797,0.9998615762046954,0.9983303011392178,0.999698979587141,0.9993191376911315,0.9989489700692601,0.9822722165325363,0.9290581350993757,0.7303443470554938,0.9380548149786474,0.9258556507941833,0.8151266413805804,0.9577237522098977,0.9422399250421147,0.9598793354496042,0.95872742304302,0.9512029355872695,0.9817305229368871,0.9803766865846218,0.9912606567313763,0.9964773061884149,0.944204421106976,0.9594566291987033,0.9710969336018234,0.9715289788747877,0.9727997959310674,0.9442697045903173,0.8979153165277756,0.9503292792228245,0.9579381433482661,0.9352091829498198,0.8856863273835808,0.9640215947287798,0.9350490672663299,0.9651164063076868,0.9445605348302337,0.7568100321548534,0.8405991348223271,0.7657753570279856,0.8579320057906695,0.8812454029632333,0.8855562754469578,0.8642325865243224,0.8765859365310856,0.29089481981616655,-0.6030621943818066,0.961712276771674,0.9438279856712747,0.9428960272658113,0.9461968784773565,0.9579581182734597,0.9688502147221917,0.9688934659142481,0.9274677205617653,0.9651754170006871,0.8356470727566031,0.66525511997585,0.9108779255622772,0.9248088387705112,0.7618647717026822,0.9260025069718366,0.9454414288682538,0.8209421454759029,0.9675110468384381,0.8316059692086898,0.6129423065518822,0.7023184485460832,0.8448251480979967,0.8425915176455688,0.8309106673811372,0.9762395638224005,0.9764533941402133,0.7278914840653432,0.6951088124511476,0.7823025204630039,0.33786025284504384,0.7688237311043264,0.7923006322843177,0.7815177143425329,0.7889861515090447,0.7450984104021372,0.7333935395642996,0.7127429932384639,-0.26600126649086975,-0.4149576890005951,0.6582875990497821,0.891312839399338,0.9277741542556505,0.943396564936221,0.9158100357540908,0.8242124237491609,0.9118422909677355,0.933291345782512,0.9326815866755513,0.7757990865951157,-0.14573734731963361],[0.9956564660643493,0.9900999624129951,0.991107682052951,0.9961490943710058,0.9983945985237501,0.9874100670305762,0.9972954542391094,1.0,0.9697655702412297,0.9999850714070667,0.9688226827994919,0.9996901146913151,0.9999969596964822,0.9996773223074947,0.9999980001463681,0.9992058879843321,0.9888673160572441,0.9993664044857795,0.9998960987509702,0.9998956164496298,0.9999597521431455,0.999994765441107,0.9909621186753873,0.9763423830983472,0.9921854994915544,0.9400279001527004,0.9934263557934545,0.9868085761715055,0.975094605449389,0.9463348112941871,0.9881735606869696,0.994008779607039,0.991988327504912,0.9699548230050357,0.9994422703455561,0.9995188337440254,0.9996359738257063,0.9997078507013466,0.9989351737556975,0.9994523188897056,0.9980003931863275,0.9986527711758133,0.9995117479660605,0.9993771636754097,0.9838125623193388,0.9290428519973497,0.7174264506732915,0.9431772105102055,0.9236309941912554,0.7956096265246672,0.9560815332020145,0.9374206918165473,0.9578383439068833,0.9524828632105985,0.9448048835105795,0.979717587012922,0.977224072073686,0.9902307098876887,0.9971982052022949,0.9387718976790655,0.9543147275873892,0.9638213473805297,0.9679128137369096,0.9659714656784812,0.9423816589190549,0.8883997160944165,0.9447946964057584,0.9504365049375643,0.9293533804907855,0.8715899729344225,0.9607992756407464,0.9281176671012239,0.9589972275360046,0.9395034741126852,0.7418095481710961,0.8312585670508749,0.7609212245696721,0.8486217253360645,0.8729969645518783,0.8800565385149668,0.8593033998063753,0.8689200952326184,0.2712757189987138,-0.608347413251618,0.9567727484624028,0.93544181073607,0.9355359849481933,0.9440661709362713,0.9524358271597883,0.9640103748602491,0.9640449353205899,0.9212478781096036,0.9574184818932271,0.8221936233907042,0.6610670293651869,0.9285645929653259,0.9366744788597517,0.7570557821152732,0.9254822568742153,0.9451567042640523,0.8183367576422811,0.9719668315778752,0.8350870356645987,0.5985690965226772,0.6930622361787423,0.8458886932983842,0.8394978970155144,0.8340435577536628,0.9790527430474502,0.9792717863923242,0.7179813691623297,0.6865483169740932,0.7840331533670113,0.3237772791693072,0.7635887223465948,0.7878493338112939,0.782559728756086,0.7833807570876106,0.738117275373847,0.7271529627905363,0.7058535934855589,-0.28264469988015617,-0.43061664098831337,0.6416735089433055,0.8831191654248379,0.9254153910203959,0.9357061305661953,0.9096281213708063,0.8129562037949393,0.9053225891675011,0.9269708282951815,0.9266008738638919,0.7559823250460312,-0.12817343447523105],[0.9691210625006244,0.9817823139931537,0.9899448130748074,0.971383410015454,0.9844558481351728,0.9910224419503373,0.958524351806383,0.9697655702412297,1.0,0.985223726304237,0.943616883612098,0.990061510587798,0.973500167052124,0.983560956917842,0.9784299059530833,0.9760593308465788,0.9466016607678777,0.9806712519735966,0.9790876196481787,0.9790580320981538,0.9831731675316638,0.9784494710839933,0.9946404007906011,0.9912384979953813,0.9822945757496572,0.9865937277540393,0.9851618478680783,0.9872001626747604,0.9892561466800146,0.9627471381115349,0.9311777637350257,0.9526466591989122,0.9689556526358267,0.950183641652897,0.973005772198128,0.9811560660642921,0.9780708388711439,0.9804570844019734,0.9881518288599942,0.9828488438090318,0.9685206115138691,0.9777115807656797,0.9738207498852721,0.9728029277518906,0.9988386666271132,0.8897135077582937,0.6647025132609751,0.9346422783676849,0.921653706010081,0.7768244553862239,0.889790140225149,0.8801938309104212,0.893326573147639,0.9097739077629219,0.8949591988814772,0.9326910273011952,0.9474556860960689,0.9513987116085848,0.9653047536226562,0.8911480033136119,0.9557489754660636,0.9347600924533856,0.9569027067898733,0.9350563422181464,0.88911779619757,0.8916565247529796,0.9265429743274167,0.9015473013473462,0.8646462796336172,0.852032109044924,0.9579207535702664,0.9057963697197221,0.9341861465723551,0.8943314648004438,0.7748630295537801,0.8070140409313263,0.694615001397731,0.8303256322878183,0.8539896812753807,0.8666568161330378,0.8163416408401974,0.8346121707784772,0.30753053205537023,-0.5558952089609503,0.9447129037745426,0.9330778058576545,0.9311888098713215,0.8911034006634332,0.9337600448223472,0.943991099925694,0.9434161482284779,0.9209074146054285,0.9280253937971633,0.8340637786271998,0.6656115747898877,0.920167957425005,0.9523188773039034,0.7438417908224888,0.9065887675544972,0.9240887757785581,0.8012943784056804,0.9675474860994763,0.7462559443378154,0.49920097087245446,0.6362525691914118,0.7663635186229656,0.771805911134075,0.7530253540140226,0.967212940071338,0.9672477438289596,0.6474107089934121,0.6445923254677789,0.6795623317902608,0.30872144688861736,0.6774892793638025,0.6925356829488567,0.6733042530957141,0.6892367157862309,0.7123477091807341,0.6716068764783716,0.6521281470400022,-0.33133016878685,-0.4654935040557132,0.6625848946800493,0.8476836670007172,0.8461026891404254,0.8712712120138765,0.8725008035957544,0.756196958465685,0.8228219060247282,0.85228328493429,0.8471310182614689,0.7132848858751623,-0.06892275695090729],[0.9959701356126733,0.9901277448380645,0.9943095207888626,0.9965364807639516,0.9984547126047361,0.9870754965419699,0.9995579774345705,0.9999850714070667,0.985223726304237,1.0,0.9681709430399731,0.9996892332035342,0.9999818255790804,0.9998470090939828,0.9999904392598401,0.999648837222271,0.9974703611993913,0.9993584477113093,0.9998390322704678,0.9998380123307704,0.9999679347015005,0.9999828223528592,0.9938588118395931,0.9778929789658317,0.9954555944304958,0.9749333601705652,0.9955873230248594,0.9867734641184587,0.9795269198192318,0.9476461483237171,0.9888223699554879,0.9931400883510265,0.9891000749450473,0.9657001823600494,0.9993796918412547,0.9994592302840573,0.9994659648002279,0.9998505190549816,0.9989442501326712,0.9994385367748687,0.9981673852812732,0.9986675576525448,0.9993762121107876,0.9993699673753088,0.9883716343414319,0.9291191029302628,0.7180488644001226,0.9430097381313536,0.9234637022592462,0.7958195994012012,0.9437452724601435,0.9280745406921175,0.9473293815027378,0.9500052525210333,0.9421198844853059,0.9776840832586273,0.9772726252016443,0.9903255941851319,0.9966653596536161,0.9694982534083486,0.9546907895270629,0.9703136918944333,0.968016442917163,0.9707407598738923,0.9704286539949141,0.941704927752008,0.9441483550249653,0.9439155852103418,0.9435311930899201,0.9001697788171918,0.9611514655378689,0.961324242840015,0.9672609668943893,0.9661498728325458,0.9221425527863321,0.8306415617168157,0.7822282104807781,0.8477995185803415,0.8941504472310503,0.8788489674495314,0.8859667263152977,0.8849623678838813,0.65795364218026,-0.6226811611061022,0.9567508758533709,0.9354786444840101,0.9356922392527286,0.9707751610720998,0.9475418447406946,0.9636201095647612,0.9631460729263897,0.922256800622736,0.9657423398930586,0.9262518334345248,0.6595568187970899,0.9281429145751184,0.9500180121286305,0.7347487548574531,0.9133874877700999,0.9366189692918768,0.8174931338209415,0.9708185192646118,0.8894614360452033,0.49911445132121024,0.6629248745709003,0.8781298482457839,0.8381711756683934,0.8811909078854556,0.9789851188605532,0.9792323148201505,0.7159296698923403,0.683574437623663,0.7545143940942413,0.32169250429557106,0.6982958201956109,0.759894708238865,0.7385494742967424,0.7190630367769252,0.7356399242409408,0.7240067966310516,0.7026591282051778,-0.5139629125298324,-0.5938336231876075,0.6413379461583535,0.881973091180021,0.924385372500737,0.9377713866040722,0.9086646770286684,0.8082939508492345,0.8960284128674862,0.9176077621355104,0.9169558309459481,0.8063371694677554,0.10143879325883015],[0.9804911555877535,0.9715269632579667,0.9574734668175289,0.9801399467598406,0.9743713670230928,0.9622626933065327,0.9742826833865526,0.9688226827994919,0.943616883612098,0.9681709430399731,1.0,0.9576066662500973,0.9691907698702995,0.968188635678935,0.9689339599266122,0.9725345562872065,0.9721355612077012,0.9761631848291216,0.9728829081503635,0.9728984440361879,0.9689844201014017,0.9690525695497785,0.967398471180036,0.9550428134798873,0.9752371185914985,0.9557140085774047,0.9732548833198359,0.9148800495339124,0.9707494157434882,0.9552624404201008,0.9781992212033583,0.9727853897251497,0.9728478969529512,0.9417805284103744,0.976491702978507,0.9760930898442748,0.9764965299499657,0.9694405173601772,0.9643542155635514,0.9755373045125075,0.9802212411962413,0.9786558663422619,0.9766551208847479,0.9766732340239825,0.9568084001152266,0.8543517393728909,0.5408948127362206,0.8285653515557813,0.9059753170508528,0.8804386586943705,0.9067885869395821,0.8448958619111915,0.9110203418518326,0.9222600748489684,0.9083050349314143,0.9391644659408566,0.9390264157716859,0.9473682723623595,0.9716883347859736,0.947453097182027,0.9403532395849563,0.9564004953434536,0.9509764162675833,0.955012827606115,0.9550287003398252,0.9137094267244974,0.9550885015240971,0.942697576243988,0.9423801238976465,0.8712030699336188,0.9404068098196222,0.9474207078981821,0.9415499339818684,0.9405055321588182,0.8930068303436197,0.8389928433865201,0.7993523665745328,0.8781300141652945,0.9238475420670854,0.8988645802690324,0.9114447276180707,0.9108398379106765,0.7435701929064692,-0.3195512504178233,0.9554283438677631,0.9576646026335591,0.9490348599904027,0.9490431769829756,0.9350086896163536,0.9565999470117446,0.9565683075662328,0.905446659043411,0.9584064829909543,0.9096874321259224,0.748274182396451,0.7443078728691497,0.8789882316652923,0.6656517047527055,0.8687401408721002,0.9012323631544372,0.8839584225204566,0.9546815164309292,0.909334817379042,0.3776351315580115,0.664065345614825,0.9017848582950012,0.8817045059190953,0.9088031889564315,0.9548913667244059,0.9551974548089481,0.5557283182596662,0.7203393237094199,0.6304408906957831,0.5044775580523013,0.5913252607975613,0.6439473988009046,0.6058680233514695,0.5793223335590223,0.8205072920378261,0.6984838499542122,0.6637080755896456,-0.2962282616904949,-0.34969246260227826,0.7561021241611258,0.9180752844834495,0.9249518590987933,0.9155855211187359,0.9420128133480562,0.6779391669338288,0.8510895571923983,0.9121300861109565,0.9111748041201814,0.6961951033204954,-0.1626844509619219],[0.9931234192968696,0.9922460463858118,0.9971005630837209,0.9943500259281643,0.9978834798197289,0.9796273739364177,0.9994868703976179,0.9996901146913151,0.990061510587798,0.9996892332035342,0.9576066662500973,1.0,0.999713558825489,0.9996947009926822,0.9997024373092382,0.9995771539426724,0.9975267443311455,0.9992236854675648,0.9999609586280249,0.9999604931347301,0.9997013344584398,0.9997080845578644,0.991237888773139,0.9629227969092419,0.9922817004431341,0.9808089522907595,0.993295029212974,0.9904415833932396,0.9741059375281731,0.9086046949798718,0.9892812185073815,0.9928673486516008,0.975448851755875,0.9087350774423772,0.9992446897284563,0.9993053312591337,0.9992501026786256,0.9994934836513045,0.999470440789873,0.999272662847301,0.9970636763481097,0.9980767937007636,0.9992218829980277,0.9992168763178485,0.9899567463020005,0.9233595412001121,0.55785353613639,0.9391648958730555,0.9227104517764457,0.7994789679360574,0.8608903213477451,0.900447508760129,0.8657817147161907,0.8824823351524527,0.8583253425583387,0.9529738201236397,0.9528907525368692,0.9770829112423127,0.9938612659951052,0.9566258759253123,0.9584629022659792,0.9493914965347349,0.9512277483381923,0.9532627678511025,0.9530822989340507,0.908125851229795,0.9195109257149121,0.8841407639832539,0.8839746745038048,0.7818204671395258,0.9534209282860295,0.9563944355742495,0.9565381888644432,0.9559044156240308,0.9105100031941359,0.6474670239423541,0.5898528426982733,0.7321607885355068,0.8232336795599199,0.7590694453720395,0.792463405412351,0.7913313489880627,0.5872635734432501,-0.3842352958617007,0.9306336210675648,0.9391685921481563,0.9303618045100159,0.9578648986713587,0.9275669749821994,0.9358016302810678,0.9347336316988608,0.874328241762833,0.9395451332489306,0.8806018741304571,0.5700656225479683,0.9251350334775201,0.9191224371473561,0.3836982683812341,0.7299080096863375,0.8029699786836947,0.6763282121759681,0.9741347464591321,0.6835350849857875,-0.20504829819113682,0.21154261255313064,0.6571449742424765,0.6608939051136796,0.7016535750425803,0.9753461189273297,0.9754052280840324,0.01986876920434768,0.2528464124968489,0.10291232830790298,0.06829105518471643,0.09547595693826953,0.11415265365856168,0.0806122060837605,0.02944723002733766,0.45533120851894565,0.18401908141473042,0.1309334001833522,-0.513285168893489,-0.5516428139965224,0.641364751132508,0.7459296454296681,0.770377413849767,0.8311199173778238,0.8267864971250081,0.5355825086599596,0.7329426389225908,0.7654999112581079,0.7638845249130182,0.41310374711133707,0.23543516173584364],[0.9957891432332587,0.9903014908756691,0.9909944504055814,0.9962638221399001,0.9984335846644431,0.987325394772178,0.9982444132419304,0.9999969596964822,0.973500167052124,0.9999818255790804,0.9691907698702995,0.999713558825489,1.0,0.9996610772881567,0.9999976670714473,0.9992621359278079,0.9909571132046552,0.9994130615938385,0.9999064362346909,0.9999061946135112,0.999967278805553,0.999995198205109,0.9908631565067625,0.9762023873333063,0.9928438601009285,0.9449388863123105,0.9933858219583892,0.9869723414330258,0.9749205537560947,0.9463331673044503,0.9890689118780541,0.9940742659414987,0.9920652416064331,0.9700991772013311,0.9994847821985056,0.9995613660651621,0.9996683730102621,0.9997090034898866,0.9990140716662377,0.9994953365506364,0.9980931844183325,0.9987289902616162,0.9995552174346961,0.9994206819749167,0.9836082037750533,0.9293405410587762,0.7181511348331947,0.9431254132703524,0.9238617454732518,0.7966861176095713,0.95642281859279,0.9378335412450842,0.9581864918372017,0.9528570133773105,0.945212919761834,0.979963948174001,0.9774147114734075,0.9903704789613402,0.9972636927565404,0.9390891096149326,0.9544782971409593,0.9641178163778907,0.9680516700064021,0.9662628382796288,0.9426454502080015,0.8885671173863733,0.9450662354963821,0.9508576892021441,0.9297921191299685,0.8720104666525597,0.9608855988409821,0.9283415747202586,0.9592259228001907,0.9397997312569193,0.7419069628744067,0.8317310550060902,0.7614761668047284,0.849078232914353,0.8733416967733659,0.8803164476162365,0.8597192838570467,0.8693502003805996,0.2715950292505532,-0.6082692004108619,0.956984371563337,0.935798165177778,0.9358352813564796,0.9443148032909697,0.9526646461326501,0.9642307957356687,0.9642666444452225,0.9214384834964406,0.9577385394817777,0.82241992169446,0.6612291754057678,0.9277655452216167,0.9361421703597341,0.757266702330391,0.9255179918004763,0.9451952381758321,0.8186131265151918,0.9718013211640247,0.8355434559085437,0.5996092113784919,0.6937483959186527,0.8463638730872202,0.8400305462276777,0.8344813627760423,0.9789717607584677,0.9791906704927653,0.7186390985109382,0.6871479489640326,0.7846169027435658,0.3245922707079651,0.7642760765456611,0.7885324468779643,0.7831501130610652,0.7840906617591971,0.7385115189058915,0.727612816301661,0.7063391139286782,-0.2816391884959843,-0.4297103250489155,0.6422261461210786,0.8836362583882135,0.9258445004962175,0.9362205251603185,0.910086508574655,0.8135150814619765,0.9058829698022656,0.9275188670827343,0.9271364922139256,0.7566557632345711,-0.12921788303459125],[0.9950610283696718,0.9901530749088548,0.9929182221281151,0.9957399621953469,0.9982647969680347,0.9886524780063256,0.9991036696788087,0.9996773223074947,0.983560956917842,0.9998470090939828,0.968188635678935,0.9996947009926822,0.9996610772881567,1.0,0.9996978948176283,0.999215845740821,0.9970819987721465,0.998991279472322,0.9995022544685072,0.9994948651032357,0.9996805904610113,0.9996535617670032,0.9928668705564748,0.9779182546770844,0.9960760352687138,0.9715537151971224,0.9959665075780046,0.9868399142106822,0.9777430198838966,0.9488407777193846,0.9881575034962569,0.9920451252816574,0.9910933307336012,0.9677700759478565,0.998792381865745,0.9991083745213061,0.9992873685955811,0.9999185573310817,0.9989668522095256,0.9991006629359644,0.9973953048156375,0.9980701179720233,0.9987879604960151,0.9987158600343267,0.987684721126536,0.9292875991155551,0.7137888109376993,0.9432108995693964,0.9237674818884328,0.7960388021964191,0.9518749945904914,0.9311547495866864,0.9530369456663347,0.9493731862209982,0.9410786639372611,0.976425410727361,0.9752877431946058,0.9879181306483734,0.9957420021698964,0.9616373162231707,0.9542041147977868,0.9644631548845314,0.9675184751111819,0.9661651787231753,0.9654728622340065,0.8927024637864553,0.9424767799233478,0.949404168290502,0.9491012387558394,0.8706684252210962,0.9612782071034163,0.939644412480692,0.9611014732938342,0.959820980784244,0.7467217640583377,0.8290502597860582,0.7900702964848579,0.8470388300168452,0.8748637553377681,0.8796827152935648,0.8681271834471717,0.8685383632708589,0.2576430643162248,-0.6026462581532326,0.9563172595073297,0.9355314598544665,0.9349196872246489,0.9642649847830812,0.9522776524860723,0.9632293104608126,0.9632164934609931,0.9216204563047359,0.9581344435074177,0.8290200351173791,0.6616268914210738,0.9282263093921586,0.9370631969226073,0.7550772710137906,0.9238801904475068,0.9437951390535161,0.8194951139679956,0.9743140054643367,0.8302643520602028,0.5910184788657613,0.6891972259001491,0.8375915465237594,0.8347105760848854,0.8266184523607277,0.9807416663111369,0.9809230707889458,0.7096576498179095,0.6819822770669066,0.7647306453323167,0.32431933367706944,0.754429077854556,0.7773124038489914,0.75366087881777,0.7731376930133471,0.7363509394196412,0.7177687863193785,0.6967575899742067,-0.2881030142904474,-0.43459864771503226,0.6418367171231332,0.8813787666752501,0.9269975785562653,0.9315089170764271,0.9091943660353566,0.8057220850172422,0.8996745939331083,0.9202726308275462,0.9205985627999104,0.7499887982126677,-0.12753514991779247],[0.9957065565890109,0.9901980634852161,0.9911663867914934,0.9961978649929318,0.9984280545324908,0.9874736533567086,0.9990850887008109,0.9999980001463681,0.9784299059530833,0.9999904392598401,0.9689339599266122,0.9997024373092382,0.9999976670714473,0.9996978948176283,1.0,0.9993654135918462,0.9961244758252175,0.9993848570724289,0.9998994410998824,0.9998986417873434,0.9999613393039772,0.9999927715035176,0.9910032930481831,0.976399544370019,0.9946256735349011,0.959570289516328,0.9944534711489849,0.9869061085773221,0.9751422875460459,0.9465111189099693,0.9915243429893817,0.9943658782586199,0.9919328890770015,0.9698572479334705,0.9994564902112408,0.9995221753433763,0.9996449170652003,0.9997252680121054,0.9989718630359501,0.9994615661994266,0.9980312155306809,0.9986725530180404,0.9995239006940954,0.9993922298063102,0.9838014528667073,0.9291410689788758,0.7174824044012775,0.9431917828988071,0.9237958146590443,0.7961138847064796,0.9561783671259776,0.9375787318325806,0.9579697917057226,0.9524399150995821,0.9447340231330225,0.9797568686591147,0.9771793358807971,0.9902039189432265,0.9971648459327092,0.9391029546205926,0.9544206831200345,0.9640060142904999,0.9679864796831297,0.9661404680948352,0.9421374797309601,0.8886288285193847,0.9446676609383126,0.9505067722011867,0.9295921151186157,0.8717240090138809,0.9609561181057424,0.928505209869219,0.9592237840759097,0.9398509448776741,0.7421854033690166,0.8312178517802775,0.7612089710239687,0.848626614484766,0.8731786726028652,0.880039429204596,0.8594691606357516,0.8691023617430914,0.27163891188300265,-0.6080520188890024,0.9568466515326387,0.9356246652796925,0.9356917814617696,0.9424231758886007,0.9526218872437552,0.9640876993322715,0.9641187778036495,0.9214305023651411,0.9576033996379274,0.8224792442430049,0.6611065002578227,0.9281839713257743,0.9365454167255789,0.7570121162692364,0.9253695684679258,0.9450683049805256,0.8183412593589019,0.9719862319403951,0.8351386859022233,0.5984247848538042,0.6929544422301075,0.8459251840164762,0.8396472285007368,0.8340889609878422,0.9791021205118917,0.979317780927277,0.7175397146195328,0.6861655886326921,0.7840294445231634,0.3240710209105516,0.7635772069774923,0.7877809452314709,0.7827425730104539,0.7832896286378455,0.7380253233940486,0.7263585418702135,0.705094053808518,-0.2824419427237913,-0.4304100778817645,0.6419832149087747,0.8830418147425237,0.9255620188472448,0.9357710338706504,0.9096856774947144,0.8127641160980973,0.9055545241182684,0.9270313239126533,0.9267780651043841,0.7561020690813772,-0.12847597736127314],[0.9974133684549007,0.9928585547122454,0.990540287532997,0.9977372862365216,0.9989882519337921,0.9872265716886971,0.9998771678318569,0.9992058879843321,0.9760593308465788,0.999648837222271,0.9725345562872065,0.9995771539426724,0.9992621359278079,0.999215845740821,0.9993654135918462,1.0,0.9978037373434069,0.9998213090438587,0.9994668926920598,0.9994723453876481,0.9997199518880134,0.9994634892733272,0.9905245710516608,0.975312496858373,0.9930403227664758,0.9507119245433849,0.9926696591271444,0.9890484843689669,0.9729417300990615,0.9470702817160155,0.9920462344878617,0.9926165862135835,0.992672406815123,0.9720455510958173,0.9992076253821953,0.9997008653217758,0.9996674834302246,0.9994989557609425,0.9994937945229407,0.9997446105440412,0.9987435160458712,0.9995225156748356,0.99945905071252,0.9992080394171359,0.9821652780712221,0.9280684957369101,0.7284083765774368,0.9383824570659521,0.9244192473907928,0.809600701061052,0.9585598996306973,0.9428700856150468,0.9606818141764197,0.9572587564691627,0.9496260490943715,0.9820518697254833,0.9796510808910485,0.9912798795513994,0.9965484077352099,0.9445962430794815,0.9585422544967479,0.9700991442099509,0.9708889575458193,0.9719141149277466,0.9456324373459626,0.8960590535366139,0.9483574268500037,0.956794980228427,0.9354665149833714,0.8822684550115079,0.96374146073134,0.9346185258565646,0.9645740290624336,0.9451661873236228,0.7529865320067269,0.8376952822747105,0.7665359075308785,0.8547942014913489,0.879349507890058,0.8833351744940092,0.8639732880454081,0.8754688051843699,0.28504935939261083,-0.604240934498078,0.9605947265896303,0.9416984589750438,0.9412770712630217,0.9476279123643435,0.9574751944967324,0.9679066205414635,0.9679913409370843,0.926645261969032,0.9640070535094445,0.8325143253817312,0.6629056519332099,0.9153004924611199,0.9270059072857788,0.7597800926222995,0.9254333501189184,0.9448254903254617,0.8190295257453606,0.967826839346173,0.8343876444987167,0.60893045229631