var element=document.getElementById("correlationClose");if(element.style.display!='none'){var correlationClose={"data":[{"type":"heatmap","z":[[1.0,0.9999893444937368,0.6786513943570521,0.9997402120111573,0.9980919948965,1.0,0.9926544991925318,0.98927475242675,0.98927475242675,0.9932253733729226,0.9773114717386687,0.9871359812177725,0.9926905652656409,0.9930702445785415,0.9927383586929966,0.7671138585640673,0.6925507395499604,0.2777483265450767,0.993510505387362,0.9935036145531133,0.9856508339814984,0.9926818479927805,0.39651223814736797,0.7508151673480754,0.9825489838414024,0.9825489838414024,0.9825301365233552,0.9756460389367911,0.31372876777786174,-0.13289509994885113,0.989586865087746,0.9895512494858205,0.26521155194031165,-0.20731097375675592,0.9948025459327504,0.9952856863662454,0.8534103976157973,-0.35511378909375096,0.990646760906504,0.9952728448956766,0.7500274469879709,0.25835073581280027,0.9949317354922521,0.9949268271289422,0.9949317354922521,0.8979115062917671,0.6536752661300065,0.9178674979124308,0.9226407984288396,0.8366598095280122,0.37783513357648923,-0.1785090524134846,0.214030261961904,0.9494827192267499,0.37906222185194555,0.975238949794895,0.9713761524380072,0.9809176917929134,0.9897164433069607,0.933455550713432,0.9415518312409226,0.9468950342980446,0.9333680531233367,0.9441518749252205,0.9447760145088719,0.9441518749252205,0.8897556094373478,0.9247272655874444,0.9256017810618536,0.9247272655874444,0.926686480649326,0.7973467580356252,0.8997990625767707,0.9010386566463737,0.8997990625767707,0.7134702520237093,0.39641035080448944,0.7005392474753247,-0.5423799148248987,0.6060068029000966,0.6244114380271758,0.6248642549956602,0.6244114380271758,-0.09109034620228769,0.9148442836552256,0.945338409415636,0.9303163521364206,0.9348432393607564,0.2700866857997009,0.9097830348136713,0.9104297092090743,0.9097830348136713,0.9140121426094886,0.9140121426094886,-0.09325133512170536,0.5921122855166131,0.15399417857160683,-0.6868247497615958,-0.5900705650667418,-0.5939059247365444,-0.13415417645577918,0.13059752418919715,0.20492482846048868,0.004981386378227802,-0.5569367352140594,-0.02017678859725421,-0.7969943606996288,-0.28901182925990043,0.16311850236154576,0.16464912959959171,-0.5721162996548871,-0.5765185633498707,-0.27796997392501727,-0.514173255620578,-0.8151295616077764,-0.4066544752336921,-0.3989069341818155,-0.4066544752336921,-0.22453431810643887,-0.34289339285246756,-0.34289339285246756,-0.8031218012486288,-0.8031218012486288,0.4122471065802996,0.6309208238108137,0.8527865516476223,0.8403028331004313,0.7565641751151413,-0.3323877499638084,0.747446291248666,0.7780583147454837,0.7782425972299294,0.7780583147454837,-0.18589403392898662],[0.9999893444937368,1.0,0.9811594480421908,0.9994942289320696,0.9959336787369961,0.9999893444937367,0.9849341800666458,0.9795226028262823,0.9795226028262823,0.9848200139830557,0.9725495030254582,0.9859621290270928,0.984976921934814,0.9849262998901828,0.984827597021741,0.14643854547492058,0.05436467295739075,-0.43823971497474984,0.9883324323987354,0.988327247096937,0.9850234241799728,0.9850252810255145,-0.1621132343119176,0.9801404771308975,0.9800628145992266,0.9800628145992266,0.9800979604949926,0.9758146588693711,0.09355492279430737,0.11693309041747268,0.9826708599440649,0.9827164010878503,0.795017295873984,0.0947207829874264,0.9907610389542961,0.9907975199806609,0.9913137499857195,0.9860173334313164,0.9897499516222199,0.99080244255907,0.09871230611129574,-0.44297015718571514,0.9913782416028073,0.9913746306181042,0.9913782416028073,0.8977463517733119,0.5007627901612522,0.917989791418117,0.9225775220488254,0.8361583390178257,-0.28392758906023413,-0.4860669114035604,0.8438656482203243,0.8863544402145909,-0.2539289983037724,0.9400347824042475,0.940171381914957,0.960362644952175,0.9782487932723875,0.9529296392174362,0.9586999114399012,0.9443348584660907,0.9453116408359133,0.9477724720546713,0.9481405888940223,0.9477724720546713,0.8636084670296443,0.8381920560061115,0.8396816964169755,0.8381920560061115,0.9550652460457595,0.9580682856212462,0.9549843973299543,0.9557174060990475,0.9549843973299543,0.6425290465476181,0.5940441808908048,0.6805273236236269,0.7519549812075255,0.6646022712196212,0.6873553443139254,0.6881932822089514,0.6873553443139254,-0.13941496970122225,0.9199721697808745,0.9410843476278393,0.933842865976315,0.9577735748960942,-0.29714819930594194,0.916496653121679,0.9166458793514982,0.916496653121679,0.9229414688742605,0.9229414688742605,-0.1788679602966858,0.5924564427910214,-0.36851641356916653,-0.780780913062172,-0.4587546108233723,-0.46258652291657154,-0.3807517015594467,0.2730314916678279,-0.26127615740166615,-0.49336869433650465,-0.7324952316785811,-0.35409044653834254,-0.4753541113064599,-0.41683880388535527,0.13301477515699076,0.1303524063671055,-0.4863521812296749,-0.45240302197203447,-0.4809974858407938,-0.5124979763829911,-0.5046482202393758,-0.4834821389579034,-0.48671728548712584,-0.4834821389579034,-0.3652001107848958,-0.5348215431698837,-0.5348215431698837,-0.5029349036686388,-0.5029349036686388,0.411289533623817,0.3688208603414074,0.49783540665406467,0.6042947650436673,0.5258311337825727,-0.4393108575244513,0.3754305919921859,0.315159534115821,0.3153358794860082,0.315159534115821,0.1732293857761563],[0.6786513943570521,0.9811594480421908,1.0,0.6756108540395308,0.6116891559705652,0.6786513943570521,0.6590650824501938,0.6514629438764709,0.6514629438764709,0.6057063379782623,0.5701300029164017,0.9951232677191585,0.6590941491343791,0.653788796329171,0.6592537501094529,0.4117947022799929,0.3815728709435491,-0.210542186366433,0.6222797520901753,0.6216844512585344,0.5894325879936322,0.6582677715692067,0.17866434857908775,0.7963948363110592,0.6387690933827876,0.6387690933827876,0.6385450130672877,0.9882436985127868,0.29262490430041277,0.11201865300997958,0.6170102265907796,0.6166403678129705,0.6566597176401271,-0.03140164468973778,0.6548568971204147,0.5993877512807675,0.6208562302724309,0.29671827247351995,0.9933893950638695,0.5952891371478096,0.39808232293567514,-0.21972078052965027,0.6717755407036875,0.6529582542454255,0.6717755407036875,0.8948464430916547,0.4084948868321165,0.933221945168914,0.9123605431315099,0.7386289593300589,0.22231412213760524,-0.06916518457678929,0.05182155444369712,0.5444875281530729,-0.08494270471394999,0.6003112745235176,0.5706494721625686,0.5910944864495842,0.5552359510655746,0.009590477712324137,0.803560533062047,0.737956863090537,0.6550505030403345,0.7436678303446759,0.7673428176287128,0.7436678303446759,0.5484256843569438,0.6545796711263755,0.70612610867885,0.6545796711263755,0.7094471944451904,0.6830483354009537,0.7339692406641205,0.776772051052771,0.7339692406641205,0.4333206260306565,-0.08570500611236086,0.4492132552279931,0.09574769575521172,0.42859866251302803,0.2649471242188703,0.5018403846208352,0.2649471242188703,-0.14565543536780814,0.6294031022174631,0.886757772114174,0.6974307495051192,0.7779712184868164,-0.06790400163593066,0.6667632279969516,0.6665917496085277,0.6667632279969516,0.7274740837384333,0.7274740837384333,-0.19565980159899757,0.7021568749562379,-0.18361586797099574,-0.702385921806663,-0.4415503920260803,-0.44543000324597015,-0.4268541141850629,0.10395482498096242,0.02031551620485349,-0.33900249242506136,-0.6823457421586071,-0.17295805686023072,-0.3242640511561292,-0.2758516634528752,0.04468608617346316,0.04317205318736946,-0.49097503705915263,-0.06862621618962711,-0.2621167923685706,-0.5122240103157917,-0.20966469445206243,-0.40806732123199946,-0.2900229803205803,-0.40806732123199946,-0.42082587855511794,-0.5435433912534837,-0.5435433912534837,-0.3097679824124949,-0.3097679824124949,0.35817190862408255,0.20163218671513508,0.28887726033717037,0.5245655406633607,0.2919460972404918,-0.38586126655534636,-0.010152296641351331,0.4591409216017329,0.5592038895996794,0.4591409216017329,-0.008895143042663823],[0.9997402120111573,0.9994942289320696,0.6756108540395308,1.0,0.9989526834787753,0.9997402120111571,0.993849947454655,0.9909061859115421,0.9909061859115421,0.9946342957644665,0.975547167577051,0.990293274803721,0.9938764009483483,0.9945349207150048,0.9939015451360189,0.7663655709737214,0.691407443129528,0.2632977920445817,0.9945276290357861,0.9945232829766801,0.9857404148339579,0.9938606549628928,0.3880368897299114,0.7550165396436538,0.9849779449702702,0.9849779449702702,0.9849585474428405,0.9815514417540506,0.30956463665327416,-0.13889137552935032,0.98890352152183,0.9888759418340094,0.25742385929265105,-0.20755893008378673,0.9952950710873493,0.9959792393475185,0.8211945236293875,-0.35942194659974025,0.9929221594753596,0.9961806453224102,0.748616259229543,0.24361984289677588,0.9933787160392571,0.9953337786516177,0.9933787160392571,0.8957291307392286,0.6418018330913007,0.9212246366861843,0.9197465944000186,0.8205936485036244,0.3731031242635717,-0.18323952895937826,0.20888908881622847,0.9443108701189793,0.36363672755709403,0.9709043158457061,0.9685960022941873,0.9788305949527429,0.9895828236727262,0.9152588958529622,0.9362156798482086,0.935873926432419,0.930143683589049,0.9297332341023127,0.9305668895920189,0.9297332341023127,0.8830703045098274,0.9143225085797331,0.915274914555226,0.9143225085797331,0.9239160766897815,0.7453999881804464,0.8662308957500191,0.8674948392971353,0.8662308957500191,0.7066549994464655,0.15887442661352116,0.6922329029733769,-0.5469556551454133,0.601959153692908,0.3609171844753235,0.5970247962453233,0.3609171844753235,-0.09700079316043353,0.9105942982171152,0.9394492131812334,0.9240756565130401,0.9147982428156016,0.2562866798398017,0.9062004754181706,0.906968989806664,0.9062004754181706,0.8975521483535659,0.8975521483535659,-0.09766207453272183,0.6107255193026099,0.15886564543874895,-0.6958902958739659,-0.5964124535170227,-0.6001666558220596,-0.14548483579019555,0.12639393088843995,0.19852671269075425,-0.007513886683471274,-0.5679719391786352,-0.025930324986905947,-0.8021595321269798,-0.29619736909915656,0.15382613314991503,0.15541280337905022,-0.5782255962841951,-0.5731390125090139,-0.27859930556907486,-0.5237279155440853,-0.8162923814420857,-0.40753194121615965,-0.40033534252173725,-0.40753194121615965,-0.23228301894607342,-0.3516475823806154,-0.3516475823806154,-0.8024366522619905,-0.8024366522619905,0.40331414994426096,0.6200909036111811,0.8450195133241383,0.8327917964856325,0.7496324722919099,-0.34443497621867425,0.738634992304373,0.7693472851812403,0.7695326219949482,0.7693472851812403,-0.1712763273465671],[0.9980919948965,0.9959336787369961,0.6116891559705652,0.9989526834787753,1.0,0.9980919948965,0.9972544855896803,0.9958794942083004,0.9958794942083004,0.9974613929775927,0.9688067503495291,0.996432394920369,0.9972733652754605,0.997346470208795,0.997297506701943,0.6714018781389877,0.5712448470332421,0.05708067044094266,0.9976874762336011,0.9976874900198469,0.9878885663280009,0.9972611401628473,0.032306994888278616,0.7385440289151485,0.9926337218794766,0.9926337218794766,0.9925956802201173,0.9904221023527529,0.08521318022327218,-0.12221114842643073,0.9874950270752887,0.9874292880134075,-0.035228877297914546,-0.11031825191061863,0.9977696147626407,0.9976976944353083,0.8142668514131894,-0.4771785168977299,0.997604495915716,0.9980236665417166,0.6416387582471091,0.03291782054498858,0.9977131130227489,0.9977182804098852,0.9977131130227489,0.9090598457062831,0.6074778901231505,0.9322103768083573,0.9205175367956392,0.7981092345424029,-0.0761312978775555,-0.5859214970565106,-0.17311313286123067,0.9344937905767872,0.2181955769745881,0.9675859388186832,0.9676345084451385,0.9815958938499455,0.9901668708245791,0.9143590301228677,0.9194626292220716,0.9264802172989924,0.9185254068876866,0.924827548839364,0.9251777440115568,0.924827548839364,0.8606728866367128,0.8751002902000595,0.8761690375463342,0.8751002902000595,0.913592882543383,0.8333669792551435,0.895340168759718,0.896082583561306,0.895340168759718,0.6698730126731226,0.5624016636891535,0.6603062480547262,-0.5582814505891369,0.6514534973721484,0.6325729500886323,0.6319439877673537,0.6325729500886323,-0.10934856755606855,0.8945472915466081,0.9179474439069879,0.9038476894440349,0.9219501259995115,0.10202272640273821,0.8936550455780549,0.894576601845535,0.8936550455780549,0.8990924606201708,0.8990924606201708,-0.13535623444159414,0.6563492610081105,0.013529973777867882,-0.7235306191694593,-0.641523778473778,-0.6425106051399435,-0.17519689070471273,0.14970771770312144,-0.18825404324312198,-0.2515532005923023,-0.6342794964424349,-0.38040679087402113,-0.8449084238136071,-0.5664021902007973,0.12471002997074601,0.12615286766664402,-0.6027930029671671,-0.5679200445738617,-0.5478024597962686,-0.5603348126235336,-0.7725891239147371,-0.5982128908035741,-0.6010787271409636,-0.5982128908035741,-0.26870797626023957,-0.3831958178982128,-0.3831958178982128,-0.7418359957662489,-0.7418359957662489,0.3917096099546674,0.6039159597805983,0.8017227175878514,0.7936327874376068,0.7413629997939587,-0.46783020134854386,0.6068576696326224,0.6644396642858472,0.66465143322319,0.6644396642858472,0.05567436834461421],[1.0,0.9999893444937367,0.6786513943570521,0.9997402120111571,0.9980919948965,1.0,0.9926544991925318,0.98927475242675,0.98927475242675,0.9932253733729226,0.9773114717386687,0.9871359812177725,0.9926905652656409,0.9930702445785415,0.9927383586929966,0.7671138585640673,0.6925507395499604,0.2777483265450767,0.993510505387362,0.9935036145531133,0.9856508339814984,0.9926818479927805,0.39651223814736797,0.7508151673480754,0.9825489838414024,0.9825489838414024,0.9825301365233552,0.9756460389367911,0.31372876777786174,-0.13289509994885113,0.989586865087746,0.9895512494858205,0.26521155194031165,-0.20731097375675592,0.9948025459327504,0.9952856863662454,0.8534103976157973,-0.35511378909375096,0.990646760906504,0.9952728448956766,0.7500274469879709,0.25835073581280027,0.9949317354922521,0.9949268271289422,0.9949317354922521,0.8979115062917671,0.6536752661300065,0.9178674979124308,0.9226407984288396,0.8366598095280122,0.37783513357648923,-0.1785090524134846,0.214030261961904,0.9494827192267499,0.37906222185194555,0.975238949794895,0.9713761524380072,0.9809176917929134,0.9897164433069607,0.933455550713432,0.9415518312409226,0.9468950342980446,0.9333680531233367,0.9441518749252205,0.9447760145088719,0.9441518749252205,0.8897556094373478,0.9247272655874444,0.9256017810618536,0.9247272655874444,0.926686480649326,0.7973467580356252,0.8997990625767707,0.9010386566463737,0.8997990625767707,0.7134702520237093,0.39641035080448944,0.7005392474753247,-0.5423799148248987,0.6060068029000966,0.6244114380271758,0.6248642549956602,0.6244114380271758,-0.09109034620228769,0.9148442836552256,0.945338409415636,0.9303163521364206,0.9348432393607564,0.2700866857997009,0.9097830348136713,0.9104297092090743,0.9097830348136713,0.9140121426094886,0.9140121426094886,-0.09325133512170536,0.5921122855166131,0.15399417857160683,-0.6868247497615958,-0.5900705650667418,-0.5939059247365444,-0.13415417645577918,0.13059752418919715,0.20492482846048868,0.004981386378227802,-0.5569367352140594,-0.02017678859725421,-0.7969943606996288,-0.28901182925990043,0.16311850236154576,0.16464912959959171,-0.5721162996548871,-0.5765185633498707,-0.27796997392501727,-0.514173255620578,-0.8151295616077764,-0.4066544752336921,-0.3989069341818155,-0.4066544752336921,-0.22453431810643887,-0.34289339285246756,-0.34289339285246756,-0.8031218012486288,-0.8031218012486288,0.4122471065802996,0.6309208238108137,0.8527865516476223,0.8403028331004313,0.7565641751151413,-0.3323877499638084,0.747446291248666,0.7780583147454837,0.7782425972299294,0.7780583147454837,-0.18589403392898662],[0.9926544991925318,0.9849341800666458,0.6590650824501938,0.993849947454655,0.9972544855896803,0.9926544991925318,1.0,0.9976143996587395,0.9976143996587395,0.99997205497653,0.9633276444629363,0.9996973511563281,0.9999967432569687,0.9999875448743437,0.99999369727866,0.8450389452597539,0.8316363061132023,0.23102072649484723,0.9998678806013571,0.9998682083815478,0.9903275480923007,0.9999969297023519,0.30898781065247716,0.7508877633300164,0.9863741033344104,0.9863741033344104,0.9875128622244361,0.9919658981010209,0.24253093970643214,-0.18977012488305922,0.991690578436584,0.9916956315204447,0.16825823080370714,-0.2512399257169984,0.9993689178364529,0.9994858637552015,0.4549595153350366,-0.3030039835081519,0.999113620783669,0.9994535512372263,0.825516249181703,0.21004200045269936,0.9454347383289634,0.9991291598111846,0.9454347383289634,0.9178890899237223,0.6156721953010167,0.9425405053612804,0.9222423209851338,0.7651470428048743,0.4135485375830841,-0.12131109312331126,-0.18725693987348405,0.9329393242258376,0.3340025437854878,0.9688310394297318,0.9649908737438747,0.9798842670232303,0.9956446257234224,-0.013685821317078637,0.8822546388832647,0.8445551001474421,0.8870133651338473,0.8394652938244895,0.8043811911331756,0.8394652938244895,0.8254787046053569,0.8096989367293238,0.7988657807665124,0.8096989367293238,0.8810165203187457,0.4189435009067872,0.6162410234857097,0.672351571169498,0.6162410234857097,0.6388452051577288,-0.33564327481046563,0.6138097921087218,-0.6125114788709254,0.5349226716387077,-0.07699505953952357,0.46725296952498185,-0.07699505953952357,-0.13779177253795763,0.8598115756041946,0.8817544175424606,0.8677321291524946,0.7800072549289061,0.222827668044915,0.8586497093014572,0.8597928021680274,0.8586497093014572,0.7829808293588252,0.7829808293588252,-0.17092071872699727,0.6975608911656124,0.2302160030814381,-0.7003203852526053,-0.6353586718858735,-0.6386745713412596,-0.18531577708696667,0.07780455066277325,0.31824979699040307,-0.034591659404532904,-0.578269774131512,0.03877208549212003,-0.8287264844033075,-0.19294439809137648,0.09110263690994926,0.09270328275187106,-0.6192926064869815,-0.5854705228096363,-0.11361904367988838,-0.5942050774924295,-0.8316499283238991,-0.3986978815127259,-0.23373446359185482,-0.3986978815127259,-0.2987761076558304,-0.39067198812353593,-0.39067198812353593,-0.8236423759803267,-0.8236423759803267,0.3913220033476161,0.5893631283604095,0.5111624232063767,0.804079108561312,0.7381931307206046,-0.39165386416241743,0.07156554330829083,0.746248713322614,0.7651581194434054,0.746248713322614,-0.10789043048369402],[0.98927475242675,0.9795226028262823,0.6514629438764709,0.9909061859115421,0.9958794942083004,0.98927475242675,0.9976143996587395,1.0,1.0,0.9995890430498338,0.957117777261169,0.998821828132113,0.9983398198354964,0.9994357508937898,0.9991949803436274,0.842107812403859,0.8198269301854942,0.20953798837843607,0.9992289822252624,0.9992312430484557,0.9878304995519113,0.9993234428078203,0.2840522892396239,0.7525571276966727,0.9931290242429704,0.9931290242429704,0.9857595608675639,0.9895270167652849,0.2253029947544969,-0.20269348513611138,0.988057079969877,0.991484980226323,0.14999734198224124,-0.25701950937747475,0.9983810343765865,0.9983795237381272,0.43848206311103566,-0.30912588116617873,0.997385480585855,0.998336001051112,0.8227643820200915,0.1881904135090031,0.9385449342270455,0.9982116931986511,0.9385449342270455,0.9156999982985454,0.601135555733587,0.9430266434135421,0.9203459100331306,0.7459258993525725,0.40104921686718364,-0.13569512727795618,-0.1991034222719152,0.9250436841614849,0.31406696933256933,0.9643802080849887,0.9601590511069676,0.9751264692998278,0.9946352399582333,-0.022593878149002964,0.8732890901188518,0.8309821568367916,0.880236828794402,0.8269603782184681,0.7934405080877736,0.8269603782184681,0.8152842528582841,0.7935364492273467,0.7867783357120238,0.7935364492273467,0.8744363131155497,0.4017627295714821,0.5984519446133147,0.6576924562064991,0.5984519446133147,0.628317862597893,-0.3492186239453369,0.6017030521470601,-0.6189772188675258,0.5287103816741346,-0.09749112319265972,0.45284389718745705,-0.09749112319265972,-0.14380650204615972,0.8519582719475653,0.8707545873332168,0.8578488502400149,0.7667370007779599,0.2053392795796976,0.8513664067001244,0.8526774300947322,0.8513664067001244,0.7681948413575844,0.7681948413575844,-0.1847262497178738,0.718833593249961,0.23667180545992433,-0.7092455503840872,-0.6470640131187135,-0.6502084795664783,-0.19934311353387144,0.07090523400688775,0.31122411249407667,-0.05327019729324844,-0.5902088486237684,0.029566348232834286,-0.833900948814666,-0.19939431920849635,0.07679483531828354,0.07842194834503144,-0.6299598908512526,-0.5862118968479931,-0.1203593321644085,-0.609412812399282,-0.8307772899263898,-0.4096003365241335,-0.23981677300861393,-0.4096003365241335,-0.3149419369598669,-0.40339672573670654,-0.40339672573670654,-0.8212582830279227,-0.8212582830279227,0.3741282790330627,0.5734827352682474,0.4933212318493563,0.786990747641976,0.7262444424267817,-0.4119490777893759,0.0582599166527027,0.7277601913498536,0.7498272728894598,0.7277601913498536,-0.09111657185103417],[0.98927475242675,0.9795226028262823,0.6514629438764709,0.9909061859115421,0.9958794942083004,0.98927475242675,0.9976143996587395,1.0,1.0,0.9995890430498338,0.957117777261169,0.998821828132113,0.9983398198354964,0.9994357508937898,0.9991949803436274,0.842107812403859,0.8198269301854942,0.20953798837843607,0.9992289822252624,0.9992312430484557,0.9878304995519113,0.9993234428078203,0.2840522892396239,0.7525571276966727,0.9931290242429704,0.9931290242429704,0.9857595608675639,0.9895270167652849,0.2253029947544969,-0.20269348513611138,0.988057079969877,0.991484980226323,0.14999734198224124,-0.25701950937747475,0.9983810343765865,0.9983795237381272,0.43848206311103566,-0.30912588116617873,0.997385480585855,0.998336001051112,0.8227643820200915,0.1881904135090031,0.9385449342270455,0.9982116931986511,0.9385449342270455,0.9156999982985454,0.601135555733587,0.9430266434135421,0.9203459100331306,0.7459258993525725,0.40104921686718364,-0.13569512727795618,-0.1991034222719152,0.9250436841614849,0.31406696933256933,0.9643802080849887,0.9601590511069676,0.9751264692998278,0.9946352399582333,-0.022593878149002964,0.8732890901188518,0.8309821568367916,0.880236828794402,0.8269603782184681,0.7934405080877736,0.8269603782184681,0.8152842528582841,0.7935364492273467,0.7867783357120238,0.7935364492273467,0.8744363131155497,0.4017627295714821,0.5984519446133147,0.6576924562064991,0.5984519446133147,0.628317862597893,-0.3492186239453369,0.6017030521470601,-0.6189772188675258,0.5287103816741346,-0.09749112319265972,0.45284389718745705,-0.09749112319265972,-0.14380650204615972,0.8519582719475653,0.8707545873332168,0.8578488502400149,0.7667370007779599,0.2053392795796976,0.8513664067001244,0.8526774300947322,0.8513664067001244,0.7681948413575844,0.7681948413575844,-0.1847262497178738,0.718833593249961,0.23667180545992433,-0.7092455503840872,-0.6470640131187135,-0.6502084795664783,-0.19934311353387144,0.07090523400688775,0.31122411249407667,-0.05327019729324844,-0.5902088486237684,0.029566348232834286,-0.833900948814666,-0.19939431920849635,0.07679483531828354,0.07842194834503144,-0.6299598908512526,-0.5862118968479931,-0.1203593321644085,-0.609412812399282,-0.8307772899263898,-0.4096003365241335,-0.23981677300861393,-0.4096003365241335,-0.3149419369598669,-0.40339672573670654,-0.40339672573670654,-0.8212582830279227,-0.8212582830279227,0.3741282790330627,0.5734827352682474,0.4933212318493563,0.786990747641976,0.7262444424267817,-0.4119490777893759,0.0582599166527027,0.7277601913498536,0.7498272728894598,0.7277601913498536,-0.09111657185103417],[0.9932253733729226,0.9848200139830557,0.6057063379782623,0.9946342957644665,0.9974613929775927,0.9932253733729226,0.99997205497653,0.9995890430498338,0.9995890430498338,1.0,0.9623586240531816,0.9996638271308835,0.9999732647212798,0.999972401794875,0.9999765665304611,0.7133228475824585,0.6169381168251157,0.11226881296377401,0.9998255729592674,0.9998264102692053,0.990234433240113,0.9999706093918046,0.08603383483939699,0.7289231182278546,0.995475899604889,0.995475899604889,0.9954344693283919,0.9918539900808001,0.0720915901779695,-0.13160195395936358,0.990964890921428,0.9909259763823457,-0.015171061846032006,-0.21158583419289148,0.9994215154302523,0.9993809480993284,0.8186279753169955,-0.47571097154601055,0.9990534856617094,0.9994276961198594,0.6850863952595968,0.088396828882168,0.9992912515776641,0.999296526464928,0.9992912515776641,0.9176413544105985,0.6161304760928311,0.9422621065402795,0.9217585480003229,0.7646728140998087,0.02286094825471065,-0.5399491616988045,-0.13043948757900778,0.9292622919115665,0.2795713689953508,0.965468861863015,0.9650056954111508,0.9819700379662782,0.9949395008485656,0.8898582375835701,0.8831138742347101,0.9030703843134302,0.8880646271028959,0.9013909784097022,0.9019340316560431,0.9013909784097022,0.8252346630324936,0.8569519018486931,0.8582763098086782,0.8569519018486931,0.8824333582012323,0.7984142178288955,0.868289347903049,0.8693643820204292,0.868289347903049,0.6387247580675927,0.4942570661140567,0.6134006562571758,-0.6147698921022435,0.5873256835834637,0.5568336856916254,0.5566313723402551,0.5568336856916254,-0.09258617882355959,0.8606548481928215,0.881769372362226,0.8682383198538655,0.8981090273511169,0.1381935737499858,0.8638767590146776,0.8655630204766602,0.8638767590146776,0.8694527924559536,0.8694527924559536,-0.17251774486173066,0.6981478742259581,0.040605289406343066,-0.7120409888879106,-0.6689124392192171,-0.6702132132771419,-0.18877875610161218,0.08111085580226242,-0.19296633957560053,-0.21778032864486785,-0.6169126588569541,-0.4072216398699581,-0.8643122897425118,-0.6003919823361914,0.09032278430493619,0.09218356013183386,-0.6207626175593267,-0.5815339304070443,-0.5580616494268813,-0.5957447109202122,-0.7981798355988873,-0.6214832239364493,-0.6237866524869475,-0.6214832239364493,-0.30051055243944214,-0.39378399986622176,-0.39378399986622176,-0.7785127921898943,-0.7785127921898943,0.390975342777527,0.5876468892164651,0.812611965929751,0.8049498983732656,0.7362345520570306,-0.41840813613040945,0.6388750771111353,0.6896472210355284,0.6898282227927569,0.6896472210355284,0.12859023914385861],[0.9773114717386687,0.9725495030254582,0.5701300029164017,0.975547167577051,0.9688067503495291,0.9773114717386687,0.9633276444629363,0.957117777261169,0.957117777261169,0.9623586240531816,1.0,0.9491971615675492,0.9633458165505672,0.9633721265867907,0.9630835494272127,0.5011431453074486,0.39576549343482487,-0.11431591356993002,0.9674401620911733,0.9674199959475285,0.9634522624503093,0.96344422953021,0.00147064968545782,0.767030473155622,0.9648304113168527,0.9648304113168527,0.9649938936875552,0.9025945796828487,0.16723860339849697,-0.11793911177245242,0.9698214828557764,0.9699200800748151,0.1343756236962833,0.03250289140722427,0.9707942632554302,0.9710238807889238,0.891060649370787,-0.3617758814331163,0.9568866341047474,0.9700449592113861,0.46689150096910365,-0.1347406030022147,0.971825510181892,0.9717953527985003,0.971825510181892,0.828465955564437,0.41898562560544894,0.8454227972766915,0.9069055238350003,0.8656212975707466,-0.49683307435049995,-0.674427194368773,-0.2142484284187017,0.8964288674299278,-0.027223613842842657,0.923815772092062,0.9238756325208408,0.9410513888372039,0.9681892905919187,0.8915834525041261,0.8931178936663642,0.9064804179201135,0.894520883372742,0.8998289512314185,0.9003390387784473,0.8998289512314185,0.8520804984065856,0.8321048415263472,0.8335301453157641,0.8321048415263472,0.8899858187657029,0.9035399164224798,0.8879968818871817,0.8884989513718282,0.8879968818871817,0.7176884988946646,0.6535131355059534,0.7185605645087512,-0.28503879971373797,0.7336876591610981,0.7485544971023332,0.7506931283744881,0.7485544971023332,-0.24999540295900294,0.8911002662435454,0.9398881219843643,0.9045570113985599,0.9034355060913911,-0.016532116567761698,0.8852201977622234,0.8860245320250579,0.8852201977622234,0.8926759862011964,0.8926759862011964,0.04193888019827272,0.4146334183542819,-0.12985631978082474,-0.651333913484782,-0.43654961006618603,-0.4389971597300957,-0.05682087341750503,0.4254583269403136,0.02052399918266011,-0.1807948903422294,-0.5395736245903151,-0.09896153429133332,-0.7931194393244694,-0.2632894732358256,0.2950076777349756,0.2950753847480117,-0.40812231610504884,-0.4317426472573517,-0.37307235452246384,-0.3838146134010275,-0.6600685856958957,-0.39276235310932806,-0.3950605885155657,-0.39276235310932806,-0.12368991946623534,-0.43464124352076294,-0.43464124352076294,-0.5401940992245736,-0.5401940992245736,0.5314069016869369,0.6483790078212203,0.7515230400568665,0.695371199999487,0.811869451549069,-0.5063899829562136,0.40507413761357053,0.5349419400855353,0.5352698736800324,0.5349419400855353,-0.1498946175158403],[0.9871359812177725,0.9859621290270928,0.9951232677191585,0.990293274803721,0.996432394920369,0.9871359812177725,0.9996973511563281,0.998821828132113,0.998821828132113,0.9996638271308835,0.9491971615675492,1.0,0.9996967891865742,0.9996934291740424,0.9996670226504765,0.25398253348279753,0.15248043778534875,-0.5159763783720863,0.9998102656771279,0.9998121079541272,0.9997008831924445,0.999699907363183,-0.25775014413026415,0.973344420858508,0.9949403328398626,0.9949403328398626,0.9949218204520498,0.9937656111391965,0.08334883470984215,0.07444604987025873,0.9920622092508615,0.9921097325720494,0.8351583410780146,0.00451758586699111,0.9990929562731798,0.9990513664207834,0.9989338304670401,0.9994161396994994,0.9994562902242607,0.9991314267960877,0.1998572974699731,-0.5239255835577054,0.998884614326658,0.9988915589602799,0.998884614326658,0.9122467846475603,0.4565858842989197,0.9381794324469962,0.9184440156644502,0.7649271607226453,-0.40297444232734636,-0.5991348978310082,0.8234063759738474,0.8520402037660968,-0.3426963546772696,0.9352869725267717,0.935487923476162,0.9705575274537126,0.9938527702337807,0.902477751798984,0.9083524295787796,0.8858975702662207,0.8893943142181777,0.8909492724062714,0.8914549685923506,0.8909492724062714,0.7827568776213301,0.7515505770331748,0.7533839007016652,0.7515505770331748,0.9094252237830373,0.9150733468136419,0.9082152152846474,0.9091385187689945,0.9082152152846474,0.538216186320992,0.48038907259801206,0.5751575444667061,0.6630542046728639,0.5667844130099313,0.59508932442179,0.597058465029932,0.59508932442179,-0.31566017309009814,0.8526855106710519,0.8841313025228013,0.8724164530390739,0.9091105801612439,-0.32354191088514495,0.8482080582286444,0.8484200441734822,0.8482080582286444,0.8569955189195656,0.8569955189195656,-0.22435703298524487,0.6915650020478168,-0.39024356334129745,-0.7991827553480623,-0.5327847992574744,-0.5356653423462503,-0.4243433884047579,0.22533944659432426,-0.30171044336603775,-0.5273452719111027,-0.756785649414004,-0.3994145826551356,-0.5917193165830159,-0.47251473340192335,0.08210505336290928,0.07994164590611338,-0.5559325125072845,-0.527654188443938,-0.5488174896130565,-0.5846846314095846,-0.5782020576248964,-0.5523531250430156,-0.5554093972678072,-0.5523531250430156,-0.43472931441631063,-0.6254664308364917,-0.6254664308364917,-0.6180274935109488,-0.6180274935109488,0.3870803209778073,0.33884047263307726,0.47405138166435057,0.5772007482504299,0.5256992286947462,-0.5733056209194766,0.31444739362256124,0.28669545895415804,0.2869192464422228,0.28669545895415804,0.2522018023332332],[0.9926905652656409,0.984976921934814,0.6590941491343791,0.9938764009483483,0.9972733652754605,0.9926905652656409,0.9999967432569687,0.9983398198354964,0.9983398198354964,0.9999732647212798,0.9633458165505672,0.9996967891865742,1.0,0.9999909690857831,0.9999953103964462,0.8450072057012443,0.8205172559799356,0.23105160280731352,0.9998689988726385,0.9998693056823469,0.9903582165597086,0.9999975018931758,0.309268167168858,0.7509530997094792,0.9913363929179677,0.9913363929179677,0.987505304761658,0.9919538719262109,0.24276345318885711,-0.1897275100888495,0.9917306197401058,0.9917026300244458,0.16846657106825236,-0.2512157187910169,0.9993701112863635,0.9994883347218679,0.4549436272795567,-0.30279859686537547,0.9991152375601294,0.9994603453614247,0.8254721300839082,0.21007898128518934,0.9454228008871175,0.9991308240569111,0.9454228008871175,0.9179037374927191,0.6157979720917105,0.9426916912044374,0.9223991343195309,0.7652524451204018,0.41390679028227606,-0.1208977801437494,-0.18690820143401027,0.9330014882406126,0.3340514494102899,0.9689097065705615,0.9650395102022759,0.9799621509265881,0.9956559322268923,-0.013499813295204059,0.8823987785633273,0.8446475242381675,0.8871302890408689,0.8395565620259196,0.8043341449064373,0.8395565620259196,0.8255827380453044,0.8097574730922277,0.7988146890954698,0.8097574730922277,0.8811611873216586,0.41884086785278246,0.6162529770523593,0.6722775886286663,0.6162529770523593,0.6388268979378621,-0.3356556378801192,0.6138141706982229,-0.6124023950653841,0.5348527639145978,-0.07711013434512051,0.46729120745809277,-0.07711013434512051,-0.13792769363116972,0.8598988450124447,0.8818851566127095,0.8678334518089569,0.7800039781905046,0.22286310481571717,0.8587391989464253,0.8598760255988415,0.8587391989464253,0.7830506234858226,0.7830506234858226,-0.17085529977850167,0.6975756389423129,0.23031996244381175,-0.7003731870465371,-0.6352771883781703,-0.6385977453319127,-0.18540125790000195,0.07770160225625664,0.3184017649299088,-0.03459442280653749,-0.5783445043613458,0.03900809927230342,-0.828480639021971,-0.1926797734750024,0.09117613787514563,0.09278984915175399,-0.6192737389147511,-0.5852667743221673,-0.11339638891318328,-0.5941644644123767,-0.831542831803947,-0.3984945539378986,-0.23355003672435376,-0.3984945539378986,-0.2986255018892205,-0.39064778306408815,-0.39064778306408815,-0.8235842804972026,-0.8235842804972026,0.3917789734917837,0.5894677677657049,0.5113887138934544,0.8043086171200705,0.7382343830211835,-0.39146531279469465,0.07183149320823856,0.7464741718098308,0.7652580300149515,0.7464741718098308,-0.10791098863943019],[0.9930702445785415,0.9849262998901828,0.653788796329171,0.9945349207150048,0.997346470208795,0.9930702445785415,0.9999875448743437,0.9994357508937898,0.9994357508937898,0.999972401794875,0.9633721265867907,0.9996934291740424,0.9999909690857831,1.0,0.9999884529043556,0.7744964561516509,0.6947385721259166,0.23278573170853084,0.9998915299211495,0.9998921910643308,0.9903499872084974,0.999988435810748,0.3100270034253731,0.7474343552712124,0.9942378949795719,0.9942378949795719,0.9942041963857442,0.9918999973935982,0.23692743467133281,-0.19005092769120116,0.9921114424869681,0.9921173386018498,0.19112957053541502,-0.25050796548949433,0.9995414626010926,0.9994882434334484,0.8543447727198827,-0.39148707619457435,0.9991118428385825,0.9994643578579235,0.7532354394939998,0.21184597944698547,0.9994382029361728,0.9994428271265839,0.9994382029361728,0.917832412929981,0.6159046619933396,0.9424807636671991,0.9221087011841103,0.7649068134558427,0.2947824054966181,-0.2900377486770417,0.11452614900512352,0.9329135248732146,0.33466961624652036,0.9661445028374016,0.9650598959382407,0.9785903462046107,0.9958857604897874,0.8966107127289378,0.8817243151253321,0.9081809719515526,0.8871124209978143,0.9070348421883349,0.9078061461801341,0.9070348421883349,0.8249186512776661,0.8761126528821486,0.8774282002120751,0.8761126528821486,0.8810419404671666,0.78174107385756,0.8730606473077452,0.8745199319592553,0.8730606473077452,0.6384197228817703,0.49231689403866635,0.6127328590345616,-0.6138375582164386,0.5337061522926849,0.5357179145244989,0.5366197604483711,0.5357179145244989,-0.13974596406944706,0.8598077726957356,0.8815674366743209,0.8673831363197799,0.9031499271767279,0.22500609519461567,0.8587156212303687,0.8600569446189181,0.8587156212303687,0.8681517008299263,0.8681517008299263,-0.17119035103542166,0.6967198299963682,0.13993506719351284,-0.6994525418668786,-0.6349248997272696,-0.6380359702713728,-0.18539104523337457,0.07670306953473245,0.09245798608848425,-0.03315425259051706,-0.5770925035176513,-0.1490541062235593,-0.8391079362738516,-0.41088242512904277,0.09065618634685471,0.09255433403530539,-0.6193149362892001,-0.5844965484158814,-0.40353011195306665,-0.5939328146100369,-0.8244770373879808,-0.515527944877539,-0.5113949499835778,-0.515527944877539,-0.2979223655805216,-0.39072973996876015,-0.39072973996876015,-0.8151764883222954,-0.8151764883222954,0.3904118332960312,0.5894181476703179,0.8202361884457195,0.8078307549187255,0.738513044272126,-0.3910428856070587,0.7011143491551151,0.7344334734657727,0.734528870888912,0.7344334734657727,-0.0753345766518913],[0.9927383586929966,0.984827597021741,0.6592537501094529,0.9939015451360189,0.997297506701943,0.9927383586929966,0.99999369727866,0.9991949803436274,0.9991949803436274,0.9999765665304611,0.9630835494272127,0.9996670226504765,0.9999953103964462,0.9999884529043556,1.0,0.8357149699205757,0.7739530307862843,0.23118825313826274,0.9998717981143004,0.9998719818552393,0.9904863627477181,0.9999952523432208,0.3099256109764291,0.7507984583481523,0.9944293444623217,0.9944293444623217,0.9943406316839378,0.9918873681120705,0.2430407149777196,-0.18975261575639762,0.9926140574859503,0.9926569890146363,0.1691938144630469,-0.25105116578727377,0.9994147572127239,0.9994877170942839,0.4540036289177545,-0.30207039029332766,0.9990749396491226,0.9994627232174921,0.823080055695455,0.21023694255295505,0.944996068961908,0.9991805382456671,0.944996068961908,0.9181405349560653,0.6164360575422845,0.9428349162865378,0.9225224446604359,0.7650044098104557,0.41520809888842475,-0.11943745188146768,-0.18712920413159867,0.9333239403094921,0.3343158448975498,0.9692831308302178,0.9653275659279584,0.9802109889872176,0.9956961782361924,-0.014475633054706026,0.8826396345850523,0.8445566958844294,0.8873333726046441,0.8394967104273613,0.8039135235430964,0.8394967104273613,0.8257631037267421,0.8096893784809294,0.7991493802107987,0.8096893784809294,0.8814398106065575,0.41819575335160125,0.615784026390082,0.6722702092550676,0.615784026390082,0.6386996655891695,-0.3367638739860445,0.6137670263373247,-0.6125926314925175,0.5345218762761591,-0.07805521523164222,0.46696122710345506,-0.07805521523164222,-0.1378885720550157,0.8600157626449564,0.8816589844608553,0.8679595697968727,0.772743804348683,0.2232339491227572,0.8588188777777918,0.8599469119007361,0.8588188777777918,0.7828646850543176,0.7828646850543176,-0.17215713192218704,0.698347657453029,0.2307985364537047,-0.7003443670551756,-0.635620632088003,-0.6389455234475679,-0.18643059685749805,0.07658877028258373,0.31872339774628755,-0.034966495927713094,-0.5785220112712373,0.03911052058948263,-0.8277436141192173,-0.19250896186866673,0.09027519287043478,0.09188800885788546,-0.619831805223126,-0.5854683488471859,-0.11284215547900801,-0.5952427375323953,-0.8315687797703873,-0.39843195052900654,-0.23302005343254437,-0.39843195052900654,-0.29946914168306105,-0.3910639233594794,-0.3910639233594794,-0.8239260478162198,-0.8239260478162198,0.39196519109123235,0.589146221286001,0.5109241717684193,0.8047308692697198,0.7377089707600778,-0.39104865206977324,0.07121209573161143,0.7468824387503393,0.7658630040172317,0.7468824387503393,-0.1076421955032287],[0.7671138585640673,0.14643854547492058,0.4117947022799929,0.7663655709737214,0.6714018781389877,0.7671138585640673,0.8450389452597539,0.842107812403859,0.842107812403859,0.7133228475824585,0.5011431453074486,0.25398253348279753,0.8450072057012443,0.7744964561516509,0.8357149699205757,1.0,0.9930626243806107,0.4199127952292292,0.8161915817087391,0.8161596229823256,0.7464391160247713,0.8345605917514758,0.33246568602176657,0.41068860210224345,0.8279866980384347,0.8279866980384347,0.813981406669772,-0.14636640369948012,0.19472601641003576,-0.16915103830493453,0.8665883570632985,0.8639013823078797,0.1567381346679633,-0.23133437109673188,0.8410118754915835,0.7367264305626817,0.2708199999857308,-0.3180673458869695,0.2694138076410406,0.7058877667000805,0.9983702468779208,0.40249643189676604,0.7670245248178301,0.840722724684504,0.7670245248178301,0.22555396537988226,0.5437951691959584,-0.1973807722864989,-0.21835908060259268,0.09915354436684808,0.3992987774931416,-0.058793126326124205,-0.21051075201488978,0.722624356353871,0.4015676637805615,0.8385209187381949,0.7250925804778131,0.8070971984529969,0.8251010490657381,-0.10234548930722227,0.17646995754370867,0.5947486995860596,0.46935863832669183,0.5848969547661