var element = document.getElementById("correlationAdjClose");

if (element.style.display != 'none') {
    var correlationAdjClose = {"data": [{"type": "heatmap", "z": [[1.0, 0.9999914275733789, 0.9847846299294425, 0.9999227834544823, 0.9989282548468432, 0.9880300317614897, 0.9975851879326365, 0.9954212478897294, 0.9957293345510683, 0.9799083919428382, 0.9925174851314996, 0.9955617330792774, 0.9947942737902362, 0.9954739181127441, 0.9920463086651118, 0.9922206511176829, 0.9981313258510608, 0.9961666226187108, 0.9961789726585801, 0.9962309977351056, 0.9955104301780289, 0.9858159978847617, 0.9699018522391345, 0.9882277244785111, 0.9870921501240759, 0.9826284816975774, 0.9644244373838371, 0.945213467497301, 0.9939052797579858, 0.9945093725868343, 0.9918443181387909, 0.9752426987536372, 0.9974959574057396, 0.9977832413053482, 0.9971878150361639, 0.9956245020638272, 0.9952073907813829, 0.9976525048309083, 0.9939092233401703, 0.9986837311021786, 0.9974392092992121, 0.9974504376714577, 0.9766970556760747, 0.9166034624319586, 0.7462335641210168, 0.9013032448524023, 0.9040687305538223, 0.8399978472643373, 0.9660317360069745, 0.944978091837051, 0.9674044664392818, 0.9648596738225055, 0.9576758661317536, 0.9856038096700759, 0.9821803345429103, 0.9845830292701969, 0.9782446586256179, 0.9863992027497142, 0.9838719429831043, 0.9870153545506293, 0.986786457767368, 0.9646023659451101, 0.9686078104796884, 0.9720571935664878, 0.9717067135478443, 0.9461110520562719, 0.9762539511292515, 0.9744475424471819, 0.9825520099066916, 0.9817071748566375, 0.9369032467709356, 0.8633951645744757, 0.8310029068793571, 0.882324329034057, 0.9077524584502583, 0.9030861978512797, 0.9057353773276365, 0.9043193605218772, 0.6352779842317151, -0.5711237893927382, 0.9775583603555139, 0.9695848864701926, 0.9660630977840938, 0.9854247865335882, 0.9711910725986787, 0.9821712776766119, 0.9821216976169068, 0.9465385400191285, 0.9823454264675483, 0.9504479777234753, 0.6500721027761042, 0.870813115057563, 0.9165592748525205, 0.7561876766538509, 0.9227749573758295, 0.9424125083725342, 0.81780692448998, 0.9586859607529458, 0.8957913235075483, 0.6404707610821601, 0.709041331400813, 0.8917822796325315, 0.8648265893509098, 0.8886127534656304, 0.9693079227333108, 0.969516813739949, 0.7386010002670791, 0.7075315970640771, 0.8254156986142557, 0.3449512310816461, 0.7949686943602913, 0.8297605716818278, 0.816397706274247, 0.8144727266278444, 0.7526761724397723, 0.7427459985006062, 0.7231224198004454, -0.2451956795783933, -0.38152399197944903, 0.6370129642729369, 0.8985981286590294, 0.9436856521186382, 0.9480632604442095, 0.9182544647325147, 0.8281474011240352, 0.9151774472866977, 0.936915893362592, 0.9367499143096492, 0.8711279199489772, -0.19020267843168406], [0.9999914275733789, 1.0, 0.9836035500818565, 0.9997778634794049, 0.9976619950730192, 0.9904964353135625, 0.9932841699117206, 0.9891856535231985, 0.9892195685176288, 0.9688957861557099, 0.9915254868485566, 0.9894182954180133, 0.989248156517636, 0.9892957662882226, 0.9698541144695911, 0.9711239718719591, 0.9951761619626766, 0.9924766068452473, 0.992476246915288, 0.9892922723151579, 0.9893499093903111, 0.9884780105257658, 0.9635122845572976, 0.9849328588966108, 0.9846516780758883, 0.9824895013435996, 0.9736860768876019, 0.9124491847478429, 0.9877067851831894, 0.9841653284026426, 0.9760966784323791, 0.914662673016328, 0.9948281527632463, 0.9946623610511419, 0.9949445336345559, 0.9903303757524158, 0.9943985582565952, 0.9949372484080896, 0.9736570502967951, 0.9966276534846062, 0.9949290347954415, 0.9949373594774201, 0.9867045004012462, 0.9164167394742934, 0.5965023012742381, 0.9009711478482811, 0.9041642258824167, 0.8401500379598345, 0.8710041164960053, 0.9123475697144692, 0.8747637912534753, 0.8957847631091347, 0.869962722702393, 0.9541614491999589, 0.9540696438667166, 0.975251460169143, 0.9790284593168672, 0.9732395117094962, 0.9728334542887366, 0.975821510154702, 0.9757336071021898, 0.9382787348734922, 0.9470457384172045, 0.9139279258004043, 0.9138305435492797, 0.814066087544656, 0.9705078724171456, 0.9727409621218246, 0.9729896644425092, 0.9724051665330278, 0.9339938582815429, 0.6625007044997917, 0.6042423002797481, 0.7546262037176414, 0.8471121982678128, 0.7777375734843794, 0.8138645781482691, 0.8121405319345634, 0.5997247169147948, -0.276308789084063, 0.958612329005114, 0.9652449123759487, 0.9583205938866063, 0.976121034884622, 0.9555486841777914, 0.9630659594716169, 0.9621646855955435, 0.9071009914392939, 0.9659431048366879, 0.9126538758205425, 0.4825171350517951, 0.8698831555666799, 0.8670000293480228, 0.28333231599811143, 0.6652519312334613, 0.7549297633375135, 0.6445110982708506, 0.9575433317645756, 0.6570725052722178, -0.24279922585440808, 0.14466605544663846, 0.6251650481111453, 0.6315324641414236, 0.6787013832765815, 0.9591861697264878, 0.9590411759514046, -0.07394000481675221, 0.16503968211807515, 0.006973090660782334, -0.025901777210719606, 0.0021418780006235852, 0.018764720819278356, -0.013120755035771339, -0.05724029007900017, 0.37206668657524633, 0.10937379915234773, 0.059852081704485714, -0.4517191142947073, -0.4871297815955131, 0.6372788236266254, 0.7452588090582039, 0.7698809604164045, 0.829057362699255, 0.8250167347278567, 0.5399646690999698, 0.7324948615490179, 0.7652363097197921, 0.763869782025471, 0.4113638239262792, 0.19641187611340616], [0.9847846299294425, 0.9836035500818565, 1.0, 0.9862237161172949, 0.9929431248269296, 0.9902440370476391, 0.990678313031965, 0.9911330954901262, 0.9943749167901935, 0.9556286600628356, 0.9970413170281794, 0.9910277373178873, 0.99295902621088, 0.9911931531161332, 0.9879025334410534, 0.9878713406509437, 0.9904946368755231, 0.9897358957240855, 0.9897030318651892, 0.9929025856929947, 0.9910625092390717, 0.9937160969773373, 0.9799378747767257, 0.9909127504960178, 0.9913404617677277, 0.9813475608306632, 0.982735071733527, 0.9493157895246082, 0.9726169421096132, 0.9762961859784848, 0.9780839778131685, 0.9506901946947929, 0.9879551345452331, 0.9910730954821916, 0.9893902205514545, 0.9930429743946555, 0.9948826570937122, 0.9921390505898842, 0.9840422201737747, 0.9881135723043328, 0.9882372772689801, 0.9876089982179574, 0.9908017295084479, 0.9161542312048777, 0.6868488882455868, 0.9260535619723117, 0.8975998010823794, 0.7531552196159189, 0.926534468566436, 0.9000932320581667, 0.9287634211359547, 0.9246201509579239, 0.9144770295164372, 0.9525837150172446, 0.9598519515052976, 0.9321647102042833, 0.9507000697621025, 0.9552535079071347, 0.9612392802254215, 0.9558030803719783, 0.9300518428234328, 0.9007123002389974, 0.9290610358475101, 0.9253016901664807, 0.9082293659440034, 0.8663279907877269, 0.9610881272868931, 0.9390768346138008, 0.9559992749146843, 0.934522207695353, 0.7791854917419068, 0.8049708975894101, 0.7358906252397067, 0.8263254101040052, 0.8687965297617296, 0.8668921805873566, 0.8377551031021926, 0.8516292619895174, 0.3115172175247053, -0.5704087272434959, 0.9480633358372431, 0.9232567932864802, 0.9266421016768613, 0.9325468185796499, 0.9424340655379039, 0.9527360174945745, 0.9523305295094856, 0.9151301125764661, 0.9489430107655168, 0.8429801285448749, 0.6229576593474119, 0.936293398517917, 0.9377387952567333, 0.7167870076456306, 0.9045506962794125, 0.9264607045567698, 0.8033667813920112, 0.9784022896648262, 0.7783009183650461, 0.5477587671213404, 0.6487655821515714, 0.7860554131304057, 0.7905790218765956, 0.7747826475067897, 0.9819499398328426, 0.9819910781981102, 0.6583920984941347, 0.6435455926185496, 0.7135717558224948, 0.2772987959413473, 0.6907150099560592, 0.711524726615701, 0.7244756359888088, 0.7078696625510474, 0.707424984837194, 0.6701710841087882, 0.6486981850134078, -0.31783283973884835, -0.45374990666868525, 0.5939663653188796, 0.8588437858768456, 0.8936874941773129, 0.8954259791402116, 0.8914927029141864, 0.7584808235550803, 0.8677715044079957, 0.8821941924968706, 0.890901049504704, 0.7387118533590535, -0.10940736642099988], [0.9999227834544823, 0.9997778634794049, 0.9862237161172949, 1.0, 0.9992311496501398, 0.9890077557630661, 0.9979172871488493, 0.9959416337858276, 0.9963348538394512, 0.9795557868484549, 0.9938931962049693, 0.9960640030341528, 0.9955056790754899, 0.9959927484636341, 0.9925425007466517, 0.9927381047963834, 0.9984729201363121, 0.9966211814972687, 0.9966308992774617, 0.996747625753555, 0.9960163660457904, 0.9870929787289927, 0.9712460268400959, 0.989324915839109, 0.9883009443924268, 0.9848712885301459, 0.9665393432371224, 0.9464170906758488, 0.9933625326064209, 0.9941565512102335, 0.9919424214254511, 0.9748877474255594, 0.9976518312519086, 0.9980795222744877, 0.9974970490373041, 0.9961895776151433, 0.9959684448103117, 0.9979885876493955, 0.9940214827045282, 0.9988275689933758, 0.99758655190189, 0.9975946425335744, 0.9785393975613758, 0.9122174859432532, 0.7398201335123539, 0.902083310077766, 0.9017743379286125, 0.8296938843092202, 0.9630989256029564, 0.941536722591538, 0.9643628196505382, 0.9621802366761952, 0.9547870299156399, 0.9835220536483718, 0.9806398850383714, 0.9828509100000988, 0.9766022692962206, 0.9848529764739266, 0.9830376873854526, 0.9853891669264163, 0.9851547630957311, 0.951371447383385, 0.9669733390531667, 0.9703315432852369, 0.9699799865517937, 0.9395369970303658, 0.9755988012423602, 0.9709069562205678, 0.9808076019429197, 0.9799208320317792, 0.9100661107184915, 0.8613041867646688, 0.8262379449164772, 0.8799619062414034, 0.9042195901076232, 0.9022114088013903, 0.9027246141685142, 0.9013721133057039, 0.531278965715501, -0.5711263595781728, 0.976369147293413, 0.9674992029519394, 0.9639571298209563, 0.9836962612774042, 0.9700696224015287, 0.9811037623059322, 0.9810514747658206, 0.945469143827278, 0.9805787792871585, 0.9304647211389764, 0.6555821667605887, 0.8789574819627132, 0.9210809713095999, 0.7577478069661159, 0.9245109990767663, 0.9438916185406225, 0.8181376893184531, 0.9601829496925464, 0.8896462615626031, 0.637139126946027, 0.70726196131793, 0.8867068341728634, 0.861278501301564, 0.8832083331559121, 0.9703924385025047, 0.9706095005125918, 0.737631009246563, 0.7078198516107358, 0.8174911149201227, 0.34704717744200614, 0.7893575574896922, 0.8215508402740629, 0.8082603507743653, 0.8091887460072583, 0.7555229895456061, 0.7428119116505455, 0.7232573660476715, -0.2405811097557852, -0.38078050067376573, 0.6354099262748829, 0.8966939136707802, 0.9419092114288683, 0.946330869891517, 0.9171337884486864, 0.8253406358277702, 0.9132149026060984, 0.9347202430501116, 0.9347092741568149, 0.863489000965933, -0.1828668990479259], [0.9989282548468432, 0.9976619950730192, 0.9929431248269296, 0.9992311496501398, 1.0, 0.9918858931163996, 0.9990533413568456, 0.9983174658041881, 0.9983748598557711, 0.9732841575297619, 0.997715151188472, 0.9983619292782919, 0.9981614337981332, 0.9983515549953139, 0.9931102554549975, 0.9920645057950218, 0.9992105367031648, 0.9987332014241378, 0.9987333216840871, 0.9984345974055716, 0.9983470928694738, 0.9937630119817533, 0.9788680487464594, 0.9939305152163767, 0.9938634653203139, 0.9883632484769266, 0.980543998214608, 0.9497669288659626, 0.9898630527849525, 0.9923658788888607, 0.9895367465373334, 0.9658523434484688, 0.9989396220045574, 0.9989754195833888, 0.9989730011664977, 0.9984586577146429, 0.9985400425565264, 0.9990743839510587, 0.993400536777193, 0.9991400340522073, 0.9989255797960472, 0.9989260899911084, 0.9889176512395953, 0.921869398701187, 0.7149986036012708, 0.9169932617056507, 0.905890616588341, 0.8117540903859023, 0.946851569337144, 0.9298495831135911, 0.950771516970567, 0.9535020344556565, 0.9456258517893694, 0.9795994786757722, 0.9795294470916545, 0.9787441414886614, 0.9704467553332262, 0.9797211849547196, 0.9785891333186104, 0.9800369013494344, 0.9797487168835325, 0.9529732678846268, 0.9566512126990958, 0.9516063633333555, 0.9511379240767285, 0.9063302142327897, 0.9725180616743441, 0.9691217684409671, 0.97587209785139, 0.9749075395953608, 0.9320869238442019, 0.8364644667263402, 0.7912251559818595, 0.8619475629186097, 0.9068101179551271, 0.8877518345039099, 0.896493721292405, 0.895186815154081, 0.688700130821881, -0.5934987244432235, 0.9690365038727662, 0.9553264022224647, 0.9530293018791556, 0.9798681000751074, 0.9587481417846829, 0.9733909639749233, 0.9729074989402224, 0.9346753015588314, 0.9753955284753227, 0.9387196218260726, 0.6419619199723752, 0.8997975471590212, 0.94254529448395, 0.7077596672446587, 0.9026557102553158, 0.9280506305473907, 0.8118106471902136, 0.9660970401819242, 0.8800042204901967, 0.4833333111176501, 0.6391473088586226, 0.8676454490293611, 0.824093912024026, 0.869774931915184, 0.9746065350530814, 0.9747729325631939, 0.6908395720408598, 0.6882162081918531, 0.7347921946032956, 0.32163706637681855, 0.6728373043244266, 0.7406664216260389, 0.7167901464298201, 0.6962109260372095, 0.7392525889311423, 0.725183833981301, 0.7046592335066157, -0.4621295515003071, -0.5392630154818843, 0.6244503820728119, 0.8892532843429077, 0.9259860754954713, 0.9377760998071213, 0.9133149401880448, 0.8016183316672086, 0.8956198588188324, 0.918973257441067, 0.9184908749600817, 0.7969560193012845, 0.03271407990151286], [0.9880300317614897, 0.9904964353135625, 0.9902440370476391, 0.9890077557630661, 0.9918858931163996, 1.0, 0.9882336130077692, 0.9883832463073071, 0.9879573723837141, 0.9636796451036331, 0.9796331151479433, 0.9883215245769442, 0.9895183324405982, 0.9884446775129625, 0.9838137599022836, 0.9857122863113883, 0.9895451964016665, 0.9892421022591191, 0.9892334889362785, 0.9872500683987905, 0.9883791242541261, 0.9960841169832354, 0.9915613418113994, 0.9884111579562166, 0.9882767598207342, 0.9708170132013393, 0.9853143054147976, 0.9674270434771374, 0.9714540530811613, 0.9757877603160585, 0.9837602514290376, 0.9704717757802926, 0.9881414059629064, 0.9883480543156675, 0.9891501240560377, 0.9892515425964581, 0.9819188540772784, 0.9891527627121374, 0.9835425816851066, 0.9887574766002268, 0.9882449406496772, 0.9882481296566342, 0.9948433704940525, 0.8743842414740344, 0.716808064327368, 0.8787245841976501, 0.8992706988841456, 0.8309935537972819, 0.9311865564678699, 0.9113697293399861, 0.9331040752488824, 0.9412456828691596, 0.9287606306429027, 0.9607628982853926, 0.9653390574081636, 0.9682445771182714, 0.9808915043707783, 0.9693356755091956, 0.9812997558546682, 0.9691834412409011, 0.9686081765880223, 0.9687749649395109, 0.9604808835755732, 0.9432840010212158, 0.9427523718601264, 0.9315124828927438, 0.9788656784330386, 0.9711869563217129, 0.9696044351878057, 0.9679787755099982, 0.9511377493778227, 0.8598470163982906, 0.8119383040559323, 0.8802989784417526, 0.8984288345544393, 0.9060372329641919, 0.8887890909335683, 0.8866718826799386, 0.6552192914171777, -0.5333288301253163, 0.9752950755607576, 0.9720941930065998, 0.9685147216536482, 0.9693392184758854, 0.9660900190581537, 0.9753306713574283, 0.9749636285590638, 0.956685600720583, 0.9647952707655562, 0.9560373391674938, 0.65785435814041, 0.844810586231312, 0.9395386168830289, 0.7556479632887468, 0.9147913481365818, 0.9323267564252165, 0.8127483616335547, 0.9565006679059369, 0.8452399437293152, 0.5827936010829915, 0.6805044001088623, 0.8428675730947466, 0.8212292727198803, 0.840639414373781, 0.9585761214920645, 0.9586535070355648, 0.6996743879800371, 0.6870859538532593, 0.761030312377376, 0.34691319058197845, 0.7409619287738226, 0.7668037757168483, 0.752911543665344, 0.7548016611926578, 0.7426598542700952, 0.7131305442582805, 0.6957045783940841, -0.27084599659880965, -0.39874182496983207, 0.6618275592160947, 0.8812172504875075, 0.8995180156998462, 0.9080055641159055, 0.8962304375006089, 0.7984770589650644, 0.8682480047540562, 0.8909144211013187, 0.8909814471222439, 0.8346336064866493, -0.15348373163013032], [0.9975851879326365, 0.9932841699117206, 0.990678313031965, 0.9979172871488493, 0.9990533413568456, 0.9882336130077692, 1.0, 0.9972001108625638, 0.9995386456625244, 0.9728970291116064, 0.9994435426603069, 0.9981708189010766, 0.9990796837867485, 0.9990427565510664, 0.9964454136454736, 0.9958888559789972, 0.9999029046163815, 0.9992714357268022, 0.9992767265384616, 0.9996588363911493, 0.999240281195297, 0.990701728813816, 0.975017290940101, 0.9843101181527499, 0.9926323802173416, 0.9876167874008855, 0.9722072518896984, 0.9448378291950449, 0.9921245290505828, 0.9917801937752433, 0.9930876491453985, 0.9719390773631157, 0.9988523909044007, 0.9998227296108662, 0.9996614275556311, 0.9994057199700164, 0.9996727868069691, 0.9998535122127109, 0.9953365130873515, 0.9996825756158643, 0.9992890910472048, 0.9989040164441597, 0.9829470787566195, 0.9283239782645584, 0.7308823052708978, 0.9301248890791466, 0.91671916995333, 0.8040996132340267, 0.9582592084678277, 0.9409628813708112, 0.9603327095060984, 0.9579258611700523, 0.9513315412051246, 0.9817289817933379, 0.9800099060081887, 0.9417142614773574, 0.9567599442479376, 0.9696061135064603, 0.9699419297019112, 0.9713856102661478, 0.9418844471468332, 0.8929624119878159, 0.9468645423735181, 0.9559465841015854, 0.9328789269505863, 0.8794939236095158, 0.9616461889898514, 0.931751843638922, 0.963315429734907, 0.942068213563458, 0.7426802956107116, 0.8310726274268674, 0.7585051412403279, 0.8485295666568874, 0.8748346723688081, 0.8788371780915709, 0.8579574637388194, 0.8704235894570865, 0.26621740149727435, -0.605682745030622, 0.9594981719661001, 0.9389496758895334, 0.9386678010093547, 0.9439439216267528, 0.9558124355507686, 0.9671697175596758, 0.9672177835589979, 0.9249660294038502, 0.9633529774952839, 0.8263177497126215, 0.6369729535918992, 0.900265725399128, 0.9210300505544406, 0.7465556497652219, 0.9217596432291274, 0.9423414498957561, 0.8123894371350079, 0.9656147548134616, 0.831135096161379, 0.6254066551680726, 0.6973721828552131, 0.8437603460700103, 0.8399681881664328, 0.8296574652929662, 0.9747269006852775, 0.9749565779732831, 0.7238781882365485, 0.6847729795327344, 0.782825398552682, 0.316796531680747, 0.7663428315759854, 0.7920742086533711, 0.7823785439392419, 0.7883745336133525, 0.7350327858935327, 0.7299900405792743, 0.7086258284043223, -0.2589035918458667, -0.4063218464120917, 0.6431621754977761, 0.8910332032944611, 0.9291678767745969, 0.9444186541350844, 0.9168643190189797, 0.8236124103698085, 0.9130316827473043, 0.9348596929322602, 0.9342866383173916, 0.7747502397621996, -0.14530319630563085], [0.9954212478897294, 0.9891856535231985, 0.9911330954901262, 0.9959416337858276, 0.9983174658041881, 0.9883832463073071, 0.9972001108625638, 1.0, 0.9999845670838505, 0.9670891430777478, 0.9996610276630369, 0.9999969150226509, 0.9996671724977484, 0.999997904796861, 0.9975733089869752, 0.9941641749325955, 0.9993304303671855, 0.9998907601540794, 0.9998902877083021, 0.9999577568938631, 0.9999945679477112, 0.9909458849923899, 0.9760728246753717, 0.9918960015255702, 0.9931382037422049, 0.9848375863495761, 0.974390757803232, 0.9435514614921554, 0.9884046147884418, 0.9941808105440099, 0.9917286226333528, 0.9685761590556806, 0.9994311006560339, 0.9994978679806169, 0.9996202395425109, 0.9996938314035299, 0.9988320772885146, 0.9994217098232345, 0.996468562726741, 0.9985816385389451, 0.9995006997485303, 0.9993637294014497, 0.9844187191183479, 0.9284581538918765, 0.7177114561134773, 0.935997728195872, 0.9141892972919287, 0.7830211258041375, 0.9566902232414173, 0.9360398985724793, 0.9583489392399398, 0.9515026392604677, 0.9448256882983237, 0.9797286199985009, 0.9767754866820164, 0.9360308790646363, 0.9510081910042353, 0.961849557585263, 0.9659942633788812, 0.9641139322790445, 0.939919675431777, 0.8824503850436373, 0.9408385211671683, 0.9480796163649784, 0.9268140900154827, 0.8643998416042862, 0.9581194430328094, 0.9243929194849747, 0.9568166878475971, 0.9367741440851856, 0.7264475170990201, 0.8210534272225432, 0.7534798172755455, 0.8385082250686737, 0.8659891505585058, 0.8728194956255295, 0.8527522634733518, 0.8622948878724268, 0.24556378239788348, -0.6114368568103047, 0.9541132328528326, 0.9294435071534637, 0.9305161565674287, 0.9417269881259808, 0.9497928938183858, 0.9619180829903244, 0.9619617600951174, 0.9179407921090694, 0.9550905082127582, 0.8116090473801484, 0.6323329668028642, 0.9201462392411487, 0.9334451059296935, 0.7411066847817254, 0.9210788506378739, 0.9419460924271512, 0.8096375044834603, 0.9702941460162147, 0.8349032860798072, 0.6110822062484186, 0.6878917058571024, 0.845047547697312, 0.8369216890606703, 0.8330684519932401, 0.9777085355732652, 0.9779430195345866, 0.7137206960025815, 0.6758079209533486, 0.7848032442642856, 0.3019599145530466, 0.7611147929589985, 0.7877181985377505, 0.7836560999406365, 0.7828150339115688, 0.727692917983287, 0.7235613529603899, 0.7015159346927731, -0.2760076319314535, -0.4224676303043714, 0.6250249863782019, 0.8825279110249645, 0.9268982973469442, 0.9366832214838965, 0.9104887951352126, 0.8121238810170819, 0.906492592708116, 0.928526065959649, 0.9282077465266992, 0.7544634249824764, -0.1273198101033721], [0.9957293345510683, 0.9892195685176288, 0.9943749167901935, 0.9963348538394512, 0.9983748598557711, 0.9879573723837141, 0.9995386456625244, 0.9999845670838505, 1.0, 0.966407455492063, 0.9996600354618245, 0.999981563084982, 0.9998399188089302, 0.999990119767403, 0.9952741579661665, 0.9930935541065181, 0.999319651628419, 0.9998293469699733, 0.9998283427013138, 0.9999671412897032, 0.9999825340569787, 0.9938270169020489, 0.9773670063022091, 0.9951817115383014, 0.9953230102354295, 0.9848064409258871, 0.9786651316482163, 0.9446447348720792, 0.9889585570575274, 0.9932702615897608, 0.9887513018113637, 0.9640844447683442, 0.999356613756412, 0.9994374746371499, 0.9994410734930503, 0.9998419667116748, 0.9988420688567284, 0.9994093971363968, 0.9942604102664326, 0.9985915149323404, 0.9993514351295506, 0.9993455646611699, 0.988863903358039, 0.928589136041928, 0.7184235404432078, 0.9358483134681205, 0.914073583760552, 0.7832447984062683, 0.9437140421962756, 0.9249334984987441, 0.9471575669762854, 0.9489119015558859, 0.9420502650754119, 0.9773237306692489, 0.9768571612213122, 0.9676961436577678, 0.9514188773734901, 0.968594241858978, 0.9660800301656977, 0.9690060456492993, 0.9686698526064242, 0.9397590799596942, 0.940114577578551, 0.9405524291030488, 0.9401407815842853, 0.8938456319793923, 0.9584734513046687, 0.9591315152819242, 0.9653092362639148, 0.9641277693666165, 0.9184677628020816, 0.820359238363206, 0.7691240105516309, 0.8376480105463098, 0.8874002906650769, 0.8711858606995767, 0.8787303894846541, 0.8776837383578001, 0.6341687390492725, -0.6271758179487604, 0.9540477342897107, 0.9294780202698255, 0.9306413417431466, 0.9690550135460078, 0.9444362821845571, 0.9614506996772691, 0.9609349664606661, 0.9188288396952607, 0.9637181631394337, 0.9232046984967761, 0.6306600197365547, 0.9196540248449905, 0.9473262408690007, 0.716582344572916, 0.9078893674112303, 0.9326501372183061, 0.8087456220841113, 0.9690399495153575, 0.886725483254505, 0.5137682679029818, 0.6561238324413747, 0.874966251376933, 0.8321470891894097, 0.8776075586013492, 0.9776314115238653, 0.9778956688810025, 0.7116299150755888, 0.6728270301672321, 0.7509301317993603, 0.2997477647556519, 0.6908554076907893, 0.7564541766451358, 0.7345125871758663, 0.7148997623344813, 0.7251145257730996, 0.7203616052111235, 0.698271238784039, -0.5113693282621004, -0.5896888276664661, 0.624937593626473, 0.8813870857771555, 0.9256439241079946, 0.938286876100695, 0.9095213141180489, 0.8072338359883957, 0.8959477903001886, 0.9186706993600978, 0.918106244452951, 0.8066368653782193, 0.10554389601148145], [0.9799083919428382, 0.9688957861557099, 0.9556286600628356, 0.9795557868484549, 0.9732841575297619, 0.9636796451036331, 0.9728970291116064, 0.9670891430777478, 0.966407455492063, 1.0, 0.9537191085869107, 0.9674749410961764, 0.9664195993636664, 0.9672076656254693, 0.9587044750242779, 0.9581149948482692, 0.9750248407074844, 0.9714553933203028, 0.9714689394334681, 0.9672593320167482, 0.9673308082252056, 0.9664193710619962, 0.9539709808845765, 0.9738373477696616, 0.9717564158113415, 0.902138562388255, 0.9698358243503121, 0.9530736088438223, 0.976891904044268, 0.9711094744973282, 0.9711506229312616, 0.9380923225238482, 0.9752250799263632, 0.9748044463340829, 0.9752438479463599, 0.967693977489846, 0.961147065595031, 0.9742475836911648, 0.9661611431348539, 0.9776475755854986, 0.9754035519125906, 0.9754210808237659, 0.9562805505405938, 0.8473436503278132, 0.5380667692124166, 0.8054252603689082, 0.8942597884818011, 0.874561545276915, 0.9030851668741219, 0.8351639226358779, 0.9075136476358101, 0.9180107236573377, 0.9046476401113429, 0.9355438468426494, 0.9354057699279452, 0.9453764768430181, 0.9375109984374789, 0.9552671191651677, 0.9492076056372533, 0.9537046393085237, 0.9537255540740025, 0.9130032837745743, 0.954155454633716, 0.9401352884400344, 0.939832739182643, 0.8644707077041129, 0.9373767506624417, 0.9449309010788849, 0.9386460912843057, 0.9375863936444985, 0.8887662425565672, 0.8283953291218799, 0.7862439468927892, 0.8701330143608463, 0.9193651546098546, 0.8924631351590157, 0.9059789094822963, 0.9052861358917463, 0.7252619352660148, -0.319333673655692, 0.9542014201875524, 0.9554036770457127, 0.947421743034043, 0.9470855957080863, 0.9325210663935658, 0.9554352698750342, 0.9553738071491961, 0.9037472795741097, 0.9573379924176743, 0.9084055899324438, 0.7282611960214966, 0.7128059090642674, 0.8711538820642755, 0.6412937969003667, 0.8600790977988138, 0.8949849308340866, 0.8783628468610625, 0.9518576171790684, 0.9069918781062516, 0.40147159851680086, 0.6591326188853568, 0.8993960057003492, 0.8776006821449317, 0.9061824951203803, 0.9520926688966853, 0.952418756141867, 0.545150913966556, 0.7106530183908731, 0.6209502927992437, 0.4916957176600417, 0.5803273456429245, 0.6351726955056056, 0.5963500980352241, 0.5704262845741148, 0.8135685607272868, 0.690922808081133, 0.6557705363498829, -0.28871375760877543, -0.33927173004546024, 0.7513673717796466, 0.9174778056563665, 0.9243476494921568, 0.9130007589395884, 0.9424576580318305, 0.6677993217252376, 0.8460064231803026, 0.910810738787294, 0.9099713143082602, 0.6927587911362474, -0.16548002445319124], [0.9925174851314996, 0.9915254868485566, 0.9970413170281794, 0.9938931962049693, 0.997715151188472, 0.9796331151479433, 0.9994435426603069, 0.9996610276630369, 0.9996600354618245, 0.9537191085869107, 1.0, 0.9996876877946562, 0.9996667467940019, 0.9996747020725171, 0.9829447689016176, 0.9797951264572512, 0.9991498092610905, 0.9999572285137499, 0.9999567395547319, 0.9996736647253766, 0.9996815486876501, 0.990524016297717, 0.9594089457485162, 0.9915593659030647, 0.9926528058828743, 0.989013051515347, 0.9715666912684029, 0.8996272499806509, 0.9886765454600401, 0.9925039138563102, 0.973326692754421, 0.900493067929372, 0.9991786120155207, 0.9992444442929898, 0.9991813417652176, 0.9994640235815526, 0.9994217018702839, 0.9992045544522621, 0.9806150357934316, 0.9978848736097007, 0.9991518277208729, 0.9991472741477541, 0.9898424196289846, 0.922583782310234, 0.5613629321841525, 0.9314574518905904, 0.9132149519006411, 0.7872760218198401, 0.8567445243291595, 0.894152703565018, 0.8620900749565987, 0.875919403020302, 0.8538487540651852, 0.9508980875029166, 0.9508313307827526, 0.952441340649953, 0.9546506296657333, 0.9445766166636728, 0.9465069560972253, 0.9488342742253759, 0.9486412596428507, 0.9005103537160647, 0.9118918574480158, 0.8717981997285016, 0.8716245394369496, 0.7566892270639365, 0.9487011668190973, 0.9519925229395839, 0.9521569368083178, 0.951466729544192, 0.9017982554715668, 0.6113772393851363, 0.5493095309565508, 0.7037937441964249, 0.8038987166299576, 0.7325877159485028, 0.7699973825704025, 0.7688271562662075, 0.5419917203922232, -0.39826441901726495, 0.9237542904579886, 0.9333801136298955, 0.9234337836967632, 0.953837078845597, 0.9202732931998981, 0.9294865494593066, 0.9282865815627944, 0.8621666708867954, 0.9336602805094458, 0.8693421292637938, 0.5276513443157889, 0.9162807933635897, 0.9107138396410691, 0.3209617882703318, 0.6997630597977218, 0.7811928853772864, 0.6557910415552868, 0.9718047077199018, 0.667435774703009, -0.1865483716555447, 0.1914728691510806, 0.6402513990253981, 0.6443594124341981, 0.6864049738667483, 0.9730718005527368, 0.9731272261864964, -0.014043434839998196, 0.21554560638741369, 0.06865564378715625, 0.03472537112818779, 0.06156041391384891, 0.08075161064249743, 0.047737258111820995, -0.002290986580287521, 0.4200603383305905, 0.15048099053943131, 0.097968314562344, -0.5202387932830229, -0.5551118054286796, 0.6249867940767492, 0.7394780255954803, 0.7643748657650263, 0.826453932527834, 0.8246710835465328, 0.521550118162637, 0.7244467237151203, 0.7598058021126246, 0.7585290796144317, 0.40410955048139846, 0.24664646680794625], [0.9955617330792774, 0.9894182954180133, 0.9910277373178873, 0.9960640030341528, 0.9983619292782919, 0.9883215245769442, 0.9981708189010766, 0.9999969150226509, 0.999981563084982, 0.9674749410961764, 0.9996876877946562, 1.0, 0.9996517873766353, 0.9999976592968601, 0.9975823297026947, 0.9946530261689894, 0.9993799551452817, 0.9999017640783964, 0.9999014814777207, 0.9999654643101258, 0.9999950096663565, 0.9908558558548514, 0.9759490059953139, 0.992552900847245, 0.9931002185475544, 0.9850264623597477, 0.9742259982993843, 0.9435714261358614, 0.9892930094373034, 0.9942385306364302, 0.9918032039360366, 0.9687230129257137, 0.9994735276538911, 0.9995415019200917, 0.9996534176557768, 0.9996956048258868, 0.9989185840960846, 0.999466599065361, 0.9965144591403206, 0.9986611122635531, 0.9995443164552299, 0.9994071268743643, 0.984226683001057, 0.9287524003896963, 0.7184329214888312, 0.9359359204532481, 0.9144501945867312, 0.7841785591816605, 0.9570210379822995, 0.9364552682707485, 0.9586876184853179, 0.951878983130545, 0.9452288673998186, 0.9799699975871511, 0.97696342218201, 0.9363624180159156, 0.951215042532814, 0.9621713682215817, 0.9661571036557244, 0.9644288590317762, 0.940193505862189, 0.8826684388169631, 0.9411473282286127, 0.9485210480185483, 0.9272652027666904, 0.8648697987717219, 0.958227006825566, 0.9246383208836474, 0.9570648449996438, 0.9370842016428366, 0.7265942202712288, 0.8215718785284155, 0.7540539643288408, 0.8390139304181938, 0.8663703320377302, 0.8731171241276192, 0.853194054651151, 0.8627568162062407, 0.24593762268049527, -0.6113213229660885, 0.9543571331499943, 0.9298735227971869, 0.9308700755965607, 0.9419845757446623, 0.9500533895433237, 0.9621659316071668, 0.9622104242548217, 0.9181873549178265, 0.9554373817450039, 0.8118933139709306, 0.6325421240067398, 0.9192473284634304, 0.9329028940861671, 0.7413721524596486, 0.9211314848568393, 0.9419974786728855, 0.8099298561010349, 0.9701239042156206, 0.835347530379184, 0.6120990497133721, 0.6885881975435145, 0.8455137669865579, 0.8374543738584547, 0.8334962647789916, 0.9776243429566854, 0.9778587074527119, 0.7143858619062156, 0.67643247636759, 0.7853744563263381, 0.302831647414856, 0.761803294464798, 0.788394188108703, 0.7842328878731821, 0.7835202150249416, 0.728102569288377, 0.7240210266893143, 0.7020039529067764, -0.27497332262234175, -0.42153113780079726, 0.6256226483382358, 0.8830446045481114, 0.9273124624560224, 0.9371875047362477, 0.9109400385894565, 0.812677603245357, 0.9070416591797325, 0.9290622018945186, 0.928730469464841, 0.7551346277908929, -0.1283877760708703], [0.9947942737902362, 0.989248156517636, 0.99295902621088, 0.9955056790754899, 0.9981614337981332, 0.9895183324405982, 0.9990796837867485, 0.9996671724977484, 0.9998399188089302, 0.9664195993636664, 0.9996667467940019, 0.9996517873766353, 1.0, 0.9996884427889566, 0.9964279854362068, 0.9950824035605789, 0.9989377139282657, 0.9994816957487308, 0.9994745879421281, 0.9996696184968238, 0.9996434876957436, 0.992848515065524, 0.9775865550300114, 0.9958630913211695, 0.9957512460303264, 0.9848735492772025, 0.9770434924350198, 0.9460679737145447, 0.9883987031932738, 0.9922277625163041, 0.9908483905569241, 0.9663191358344843, 0.9987682967866373, 0.9990794544435513, 0.9992697781728441, 0.9999192012832809, 0.9988667674030959, 0.9990588086783248, 0.9951630565706551, 0.9979792591899227, 0.9987612219162102, 0.9986879526215856, 0.9882277620221109, 0.9287065797816795, 0.7141606101239516, 0.9360356759190047, 0.9143433434946999, 0.7834815666492602, 0.9524302653388519, 0.9295422480940807, 0.9534850682192099, 0.9483689130198515, 0.9411148299780885, 0.9764012717882186, 0.9748355137410728, 0.9595156994412009, 0.9509037029685243, 0.962465364335167, 0.9654741855730434, 0.9642680108007406, 0.9635703253581906, 0.8867639756140632, 0.938258285354322, 0.9469216859467583, 0.9466123393714112, 0.8631380771742491, 0.9585670593746615, 0.9362606019956546, 0.9589505802669845, 0.9576062812315046, 0.7311734406103891, 0.8185864759380803, 0.7804010624489008, 0.8366877450309349, 0.8678294020185868, 0.8722635945442054, 0.8614605080052418, 0.861816501274867, 0.23080689409238625, -0.605812242919355, 0.9535072083459951, 0.9295703091830412, 0.929826587189677, 0.9622959921739966, 0.9495005154830061, 0.9609897792660864, 0.9609863907124796, 0.9180386759889879, 0.9557817960741188, 0.818568966376393, 0.6329759269909888, 0.919765179860565, 0.9336688773435393, 0.738683541564182, 0.919270368717336, 0.9404265426537024, 0.8108510775423524, 0.9727495787123331, 0.82952441090013, 0.6037119005468399, 0.6840000228001363, 0.836679469695474, 0.8321123628497656, 0.8254266219837355, 0.9794973031139607, 0.9796909857687468, 0.705209586114409, 0.6710374232637187, 0.7648121611472714, 0.3025384225020725, 0.7518137061459526, 0.7770666856334071, 0.7536169924637319, 0.7724539020433034, 0.7258381140144204, 0.71391243297389, 0.6921570360000463, -0.2816300155706383, -0.4265961866841085, 0.6252052831612214, 0.8807918716745302, 0.9286132358446341, 0.9325638419569569, 0.9100856873355923, 0.804817888001799, 0.9006505298381661, 0.9218985675832729, 0.922237779205733, 0.7487891387437154, -0.12670025073860997], [0.9954739181127441, 0.9892957662882226, 0.9911931531161332, 0.9959927484636341, 0.9983515549953139, 0.9884446775129625, 0.9990427565510664, 0.999997904796861, 0.999990119767403, 0.9672076656254693, 0.9996747020725171, 0.9999976592968601, 0.9996884427889566, 1.0, 0.9974039721951142, 0.9954801971015991, 0.9993498866272162, 0.9998942630722156, 0.999893474475243, 0.9999595883869424, 0.9999924884416493, 0.990985818833972, 0.9761277347362668, 0.9943762925442198, 0.9942128647719725, 0.9849491253915929, 0.9744363052273572, 0.9437316062568631, 0.9917539905844232, 0.9945444158480695, 0.9916720095677447, 0.9684753317965721, 0.9994463416793337, 0.9995020138434544, 0.9996298601534327, 0.9997120546670755, 0.9988723104539043, 0.9994319145658359, 0.9964752556679213, 0.9986029142566625, 0.9995137333698868, 0.9993798414963416, 0.9844032419319911, 0.9285608750746435, 0.7177829753934988, 0.9360147883973117, 0.9143769684703968, 0.7835661358629415, 0.9567939985281055, 0.936207989756345, 0.9584884933727547, 0.9514641535522371, 0.9447611460214551, 0.9797732157350894, 0.9767345169905929, 0.9363774761288044, 0.9511279710271531, 0.962042479885771, 0.9660652527315242, 0.9642905796946825, 0.9396463089628704, 0.8826862423159453, 0.940693420237996, 0.9481534154554419, 0.927064012234121, 0.8645356385770175, 0.9582816315781183, 0.9247990028648579, 0.9570537492086487, 0.9371379102328871, 0.7268363722163079, 0.8210022681832346, 0.7537792132758533, 0.8385026581904114, 0.8661767426371306, 0.8727935183488209, 0.8529244980994946, 0.8624840939559038, 0.24593060193532904, -0.6111417913673849, 0.9541829384153915, 0.9296521292788178, 0.9306899703911652, 0.9399003037879492, 0.9499849622823018, 0.9619947001285084, 0.9620350017726388, 0.9181206540387288, 0.9552835671353151, 0.8119035992985442, 0.632379286935406, 0.9197184016755415, 0.9333019084289758, 0.7410435721206607, 0.9209540983836827, 0.9418486607735259, 0.8096413565602225, 0.9703124253931378, 0.8349629322571248, 0.6109512149654156, 0.6877858793960241, 0.8450915505242445, 0.8370813472996418, 0.8331214539653482, 0.9777599629152907, 0.9779907626765106, 0.7132699424053971, 0.6754082256005729, 0.7848061774143722, 0.30226996817356055, 0.7611081446916593, 0.7876546934531763, 0.7838487968877088, 0.782727662805745, 0.7275960670163925, 0.7227453077672713, 0.7007352955622318, -0.2757993180743484, -0.4222553917396483, 0.625365006580811, 0.8824553132905452, 0.9270542231279431, 0.9367576598141476, 0.9105521457649195, 0.811936143652525, 0.906736503239864, 0.9285961804319499, 0.9283952887419756, 0.7545927740435279, -0.12763158050314358], [0.9920463086651118, 0.9698541144695911, 0.9879025334410534, 0.9925425007466517, 0.9931102554549975, 0.9838137599022836, 0.9964454136454736, 0.9975733089869752, 0.9952741579661665, 0.9587044750242779, 0.9829447689016176, 0.9975823297026947, 0.9964279854362068, 0.9974039721951142, 1.0, 0.9986402045635686, 0.9953564986729182, 0.9969613780667735, 0.996961727552728, 0.9955835668326158, 0.9973724302626361, 0.9870465847497685, 0.9715052228932416, 0.9903011269168192, 0.990166786942804, 0.944816720387282, 0.9700447624965933, 0.9386232585269383, 0.9900000526203062, 0.9922229895699286, 0.9887000535824821, 0.9648621721340752, 0.9970132082947466, 0.9951872123582123, 0.9967470952790808, 0.9970853566809413, 0.9829452957981261, 0.994624532833526, 0.999214691618743, 0.9947074874301661, 0.9970036279750666, 0.9969319747409645, 0.980594126978271, 0.9124765903680411, 0.7172533959647927, 0.8945419238506965, 0.8718373502017573, 0.7703478418666172, 0.9560369613488615, 0.9352865342606236, 0.957740125449927, 0.9487123830382289, 0.9423380203668217, 0.9781651626230028, 0.9730591760675529, 0.934604213745384, 0.937564780544183, 0.9587385858804366, 0.9596017414306486, 0.9610196237319566, 0.938610261627984, 0.8780248126506164, 0.9321483036780162, 0.9455262867128565, 0.925602461720071, 0.8606155909932004, 0.9504684435696308, 0.9223146063869035, 0.9541984919612673, 0.9354817286114162, 0.7222128418612683, 0.8159257494715679, 0.752844192199205, 0.8322554231784319, 0.862583579881275, 0.8678054430443274, 0.8506384148418762, 0.8597953664891594, 0.24276267171372798, -0.6101055047644919, 0.9476901441410587, 0.9114400201895799, 0.9194818345019078, 0.9405573401007092, 0.9456798923890802, 0.9570113161907623, 0.9572155380002821, 0.9120636863448416, 0.9520196547181599, 0.8071861664865082, 0.6196551133162277, 0.8887989101567046, 0.9286751187370716, 0.7347903953005513, 0.9160771665816755, 0.9370401173268864, 0.8048192338367155, 0.965301347568378, 0.8347986817935963, 0.6113132813101009, 0.6850335546245041, 0.8441681259746255, 0.8357175306537514, 0.8324986882745519, 0.9719150454836838, 0.9721829313902587, 0.7100024894194864, 0.6692359664219153, 0.7850578526177239, 0.296621105536411, 0.759970296759326, 0.7868655059837121, 0.7843775270370444, 0.7817532387089822, 0.720165857442849, 0.7177203027104783, 0.6957095182087907, -0.2739325567080121, -0.42005837388198836, 0.6007706626379734, 0.8774606024651274, 0.9266139448581218, 0.9356718735818005, 0.9049925392169739, 0.8102556406101943, 0.9067932828661187, 0.9279174061251634, 0.928027779233967, 0.7535218015702455, -0.12705626082231908], [0.9922206511176829, 0.9711239718719591, 0.9878713406509437, 0.9927381047963834, 0.9920645057950218, 0.9857122863113883, 0.9958888559789972, 0.9941641749325955, 0.9930935541065181, 0.9581149948482692, 0.9797951264572512, 0.9946530261689894, 0.9950824035605789, 0.9954801971015991, 0.9986402045635686, 1.0, 0.994014912505513, 0.995350742096806, 0.9953480362858353, 0.993323997589316, 0.9953502293062813, 0.9876942417041398, 0.9731991854011168, 0.9814506207637397, 0.9869991725636865, 0.9434266428608751, 0.9712451177628746, 0.9446538602642915, 0.990976893861183, 0.9904860412501917, 0.9868896695753125, 0.963822565307726, 0.9957323077072064, 0.9933090088293376, 0.9953719114238239, 0.9954613623538924, 0.9805834567654717, 0.9928407996294213, 0.9988939748767875, 0.9934551028038359, 0.9955375682204959, 0.9956587281456419, 0.9790245883544934, 0.9029213817418067, 0.7211824033436932, 0.8832064453840405, 0.8695106097327039, 0.7837746478340023, 0.9584964088290103, 0.9382736849482914, 0.9605681486736452, 0.9472877094986845, 0.9395438272953863, 0.9778545402054242, 0.971139861569711, 0.945928182383694, 0.943548268012