var element=document.getElementById("correlationClose");if(element.style.display!='none'){var correlationClose={"data":[{"type":"heatmap","z":[[1.0,0.9999904896650024,0.7072504515206733,0.9997562988468749,0.9982338711116584,1.0,0.993095192692157,0.9900301400463107,0.9900301400463107,0.993589104595682,0.978620109498144,0.9879616583207214,0.9931270910431398,0.9934666394925089,0.9931695166674135,0.7033225965412644,0.6094262020756196,0.22959618962998948,0.9938602507710266,0.9938522999190885,0.9859777843513358,0.9931141799440085,0.3637604180736906,0.7722214787583176,0.9838611454780151,0.9838611454780151,0.9838428119138387,0.9790654124056404,0.2952970614876988,-0.14872426052726018,0.9890701978584249,0.9890299316959716,0.23862735197292995,-0.233197783541791,0.9950086403049602,0.9953418562529912,0.8648081381441345,-0.34244946427771955,0.9911714651887054,0.9954006505780113,0.6808287455618703,0.2099473711990732,0.995123904526914,0.9951190192969702,0.995123904526914,0.9097005588591454,0.6591435294913828,0.9323315625014541,0.9355510075364344,0.8581345095610526,0.38263865485402865,-0.18920784958016482,0.22930563579137964,0.9530670567060487,0.3623125738841052,0.9754239016131424,0.9723565084335559,0.9817182204372213,0.9893030081939763,0.9386531226550907,0.948494195914005,0.9503662600575493,0.9396668705219825,0.9477073878743834,0.9482801650694462,0.9477073878743834,0.9016407445440661,0.9290889808522715,0.9298618717274336,0.9290889808522715,0.9343677013827419,0.8143894423509016,0.907834866530229,0.908930734653494,0.907834866530229,0.7426786248205847,0.4353592091508619,0.7334239590685006,-0.522002281389021,0.6392598147164921,0.6502365314647507,0.6504545624265092,0.6502365314647507,-0.07448785518202163,0.9223221467431878,0.9514007218380083,0.9377366680048216,0.9399408363405731,0.23172516980120522,0.9169681614827971,0.9174459025041511,0.9169681614827971,0.920505767337242,0.920505767337242,-0.09412186637199002,0.6062253679382795,0.13671527697233748,-0.7160074771349944,-0.6037513014191255,-0.6078054189664175,-0.16310964699895458,0.15878968247618166,0.18876119228290905,-0.036489386946633735,-0.5965608991953946,-0.04442973920604646,-0.7975652870686097,-0.31371173148129566,0.17993906700408696,0.18157471239095882,-0.5842921792039941,-0.5692256644859951,-0.3017031372803473,-0.5270954867463624,-0.8106829990724347,-0.4271369677629729,-0.4197737702408641,-0.4271369677629729,-0.2539836899544617,-0.37573375861791475,-0.37573375861791475,-0.7988877427682453,-0.7988877427682453,0.4707424059085398,0.6327192904377343,0.8492873460123614,0.8421574335680645,0.7560505893564335,-0.3516386789941484,0.7471834365602289,0.7719512872354121,0.7721366901619611,0.7719512872354121,-0.15815636051785814],[0.9999904896650024,1.0,0.9836931520414964,0.9995616728467127,0.9962985798488732,0.9999904896650024,0.9862152419378949,0.9815784348528866,0.9815784348528866,0.9861277028802898,0.9756845249910966,0.9869436540113652,0.986246672776361,0.9862097568274497,0.9861102801726292,0.005130926837507664,-0.08817410068428055,-0.4739606498941415,0.9891003506623687,0.9890988294981478,0.9862827094769661,0.9862867557672089,-0.20338442741117735,0.9818849511903034,0.9822545545031448,0.9822545545031448,0.9822780098484756,0.9791472020602838,0.0634863893319562,0.08666194485615587,0.9831523361712861,0.9831801562975138,0.6989847283075585,0.025235499569031566,0.9912831634123321,0.9912912631963929,0.9918127230833499,0.9871262564140021,0.9904082444427728,0.9913322589103771,-0.044036321420838166,-0.4781694707825299,0.9918475275850236,0.9918467718133623,0.9918475275850236,0.9094324257713948,0.5103984434543777,0.9322830819844253,0.9353482426752623,0.857702116991643,-0.21803595239356344,-0.46549688948758355,0.8584313883506091,0.9008978025847202,-0.2600280147668676,0.9447031885725327,0.9448327098355965,0.9654292719330091,0.9786957697972788,0.9591902113495443,0.9640519670316497,0.9508492243457334,0.9526877122772021,0.9536073610403021,0.9539293365937284,0.9536073610403021,0.8830106014037191,0.8588864846561979,0.8600090884447068,0.8588864846561979,0.9608471622538625,0.9633409094056552,0.9607688025132229,0.9614368115556613,0.9607688025132229,0.6977148569431801,0.6561133574691494,0.7291093479092454,0.7850274321087264,0.7061380919928647,0.7265304105456998,0.7275912666980149,0.7265304105456998,-0.08303809946772278,0.9306513649512932,0.9482200927363276,0.9424546862310348,0.9633730961304842,-0.32970076780148405,0.9277227775199604,0.9278496958234789,0.9277227775199604,0.9330808616222632,0.9330808616222632,-0.17687444473080224,0.606168853446833,-0.37363608649249,-0.8029698108043011,-0.46833448016024853,-0.4724601235289846,-0.4011360686309815,0.2960149486895768,-0.2713955776636654,-0.5195100868026948,-0.7581166078126139,-0.37251961686773,-0.4701543108885416,-0.43805782054653253,0.14917451801607856,0.14700597607296703,-0.491964958425156,-0.4615501489157544,-0.4897550684961871,-0.5215237708957075,-0.5132375379891889,-0.4920837661174301,-0.49551690999311976,-0.4920837661174301,-0.38703186572284126,-0.5545711325040424,-0.5545711325040424,-0.5182724648685986,-0.5182724648685986,0.46868009573678787,0.3741474851186435,0.5104107332030627,0.6323777750471293,0.5319051877943934,-0.44481559612448124,0.4031303974910043,0.31817079323820063,0.31836676747118914,0.31817079323820063,0.20892677412575655],[0.7072504515206733,0.9836931520414964,1.0,0.7048903324225058,0.6505104785137641,0.7072504515206733,0.6855651052107363,0.679060178086571,0.679060178086571,0.6417874814254195,0.6127967221452546,0.9945714602216499,0.685582572059448,0.6827555715889911,0.6856957075739781,0.3688216490585249,0.3204222878378058,-0.2370620189326545,0.6526645980429526,0.6519378351126016,0.6231341993062863,0.6846501698875016,0.1487056915969973,0.8197865406761117,0.6694668978299378,0.6694668978299378,0.6692522389402884,0.9897331456785006,0.2692475561830649,0.0792492990350684,0.6412748387156022,0.6409220328255204,0.5987745996349323,-0.07211846835371463,0.6808626915217004,0.6347872475838272,0.6435125264564988,0.28018038057013844,0.9932095537548923,0.6321767513150559,0.3516793233235728,-0.24682233061281647,0.6979032281370456,0.6788635816964513,0.6979032281370456,0.9067894777414276,0.4275224915404623,0.9448405160238822,0.9273722735253372,0.7738430991306208,0.2369764231554245,-0.08217804916570044,0.05606945908257775,0.5846965121622363,-0.07952781848618984,0.6255135228702484,0.6050638039454302,0.622064465811045,0.5861809026472938,0.03805329456455414,0.8292405882098794,0.7657520486671798,0.6968029957694482,0.7711855501850373,0.7856029236743268,0.7711855501850373,0.6043170296882079,0.6936864971566089,0.7319315784087561,0.6936864971566089,0.7442078344471271,0.7018757097994861,0.7543148683953994,0.7896625456512101,0.7543148683953994,0.5067127788023174,-0.08153185860175878,0.5220242306939411,0.08626986302284095,0.4857062108517961,0.27019864898443213,0.5369324685415329,0.27019864898443213,-0.12107544382951047,0.6777972386590132,0.9028195517264095,0.7378446479227638,0.7919583417801084,-0.09380343571034884,0.7087546450065672,0.7082469155353608,0.7087546450065672,0.7560788219161089,0.7560788219161089,-0.190070153014865,0.7045650208853044,-0.17482786172700368,-0.7349564293927727,-0.464014013973381,-0.46822932017917723,-0.4385469043735249,0.13766517617449855,0.019359820822076646,-0.3641596023672167,-0.7147874307229771,-0.18550317329051796,-0.3506277405262978,-0.29684626220076643,0.07039141675427914,0.06912955031536094,-0.5067249379147803,-0.09099737528494668,-0.2795453967845554,-0.5253254031963388,-0.23668477771158875,-0.4267730929519677,-0.31116484291244406,-0.4267730929519677,-0.43716702540072716,-0.5625210033252199,-0.5625210033252199,-0.329663171969385,-0.329663171969385,0.4240190487161829,0.23160441529997072,0.3059780342449311,0.5433453233519064,0.32350552527779525,-0.4016986850999814,0.0031908211353849766,0.46632236722003545,0.5610533956284269,0.46632236722003545,0.01482947941522116],[0.9997562988468749,0.9995616728467127,0.7048903324225058,1.0,0.9990059126076377,0.9997562988468748,0.9941603065252482,0.991512690649548,0.991512690649548,0.994851487837224,0.9770159016281592,0.990719320659734,0.9941830221344371,0.9947840390748639,0.9942040184369203,0.7023647664689586,0.6079939307816987,0.21544300666552388,0.9947546757970855,0.9947499289329382,0.9859959290239455,0.9941641903283358,0.3552694331956193,0.7763727393526809,0.9861198832345466,0.9861198832345466,0.9861007290798292,0.9840475917477128,0.29100544735940415,-0.1545063914277656,0.9882886924389868,0.9882556185872158,0.23075212190913486,-0.23356210984687037,0.9954070816868267,0.9959353932259413,0.8348675078407829,-0.3464290443622839,0.993156662008125,0.9961967776186904,0.6792900314162089,0.19553875846383711,0.993633346684812,0.9954379037724532,0.993633346684812,0.9077950230357091,0.6478202567913823,0.9348859238195121,0.9328443544928887,0.844226736470571,0.37825220207090465,-0.19347899220959713,0.22465332931463172,0.9482786765069062,0.34737004531380516,0.9712071243662451,0.9697203331828057,0.9796874065868907,0.9890395233351406,0.9221433644149376,0.9438949590485359,0.9405871609802969,0.9368679560480321,0.9349080929475836,0.9356551704978086,0.9349080929475836,0.895787428707532,0.9200331122141454,0.9208663812975992,0.9200331122141454,0.9319432850282346,0.7666908681514789,0.8771230898664107,0.878242327577783,0.8771230898664107,0.7369295746841555,0.18712778245036837,0.7263259670593034,-0.5266447410497205,0.6357950096875635,0.3878824073604779,0.6241665071508099,0.3878824073604779,-0.07996521365388538,0.9186999724946265,0.9464780019593817,0.9323464095221237,0.9216484603891512,0.21821831658624247,0.9139569860252776,0.9145418080933947,0.9139569860252776,0.9058320751058383,0.9058320751058383,-0.0982500889910422,0.623057348945675,0.14172663814180325,-0.724419466836482,-0.6097134533142655,-0.6136882562590872,-0.17392621737038325,0.1549368377437349,0.1827491353262626,-0.048637005791464454,-0.6068492151678486,-0.04978590060204726,-0.8023140898230413,-0.32055290795554797,0.17117063662942633,0.17285743408705015,-0.5900196168376355,-0.5659443690970138,-0.3019624714816272,-0.5359672102633508,-0.8115848524618295,-0.42772545178349614,-0.4209061539028611,-0.42772545178349614,-0.26126984220316457,-0.3839733805389383,-0.3839733805389383,-0.798035838169885,-0.798035838169885,0.46256098945953866,0.6224912172187274,0.84166616971434,0.834897565995136,0.749506500414265,-0.3630887878046225,0.7386365546313769,0.7634152712378556,0.7636012189377382,0.7634152712378556,-0.14374868472629057],[0.9982338711116584,0.9962985798488732,0.6505104785137641,0.9990059126076377,1.0,0.9982338711116584,0.997366516135929,0.9961503952091326,0.9961503952091326,0.9975770355766084,0.9712388393809325,0.996613630489966,0.9973825035875751,0.997449542763666,0.9974042006874649,0.586975034978808,0.466311590353585,0.009199866053922283,0.9977325441055854,0.9977318360188696,0.9883866931577788,0.997367509998126,-0.003223010393246018,0.7636185207653281,0.9931977845254709,0.9931977845254709,0.9931610374850339,0.9915248954220435,0.0675386458859136,-0.1383530501027834,0.9871982071131481,0.9871242294556514,-0.06135598895328615,-0.14159664190394278,0.9977828238663268,0.9977031401079799,0.8309277234079295,-0.4580162753865156,0.9977142300399654,0.998044928672464,0.5504148803765595,-0.01480023231828208,0.9977285200690142,0.9977328664534135,0.9977285200690142,0.919577863684316,0.6159508487981286,0.9426809028703044,0.9313799494861478,0.823637139180182,-0.05626443905944558,-0.5849033277267686,-0.14286900493540602,0.9398684725876061,0.20355994560324878,0.9692165141044088,0.9692598813225178,0.9830033002542624,0.9896862784172921,0.9217721800625438,0.9281891914650298,0.9313593982476763,0.9258740130654557,0.9298005108304533,0.9301057909365378,0.9298005108304533,0.875071605352051,0.8841108763782285,0.8850026722185051,0.8841108763782285,0.9221615926491796,0.8490724562580626,0.9048349004438266,0.905443816885384,0.9048349004438266,0.7035008343666673,0.6084497729937909,0.6965513605150178,-0.5283068675508276,0.6823704137077388,0.6656306611743652,0.6649507930262057,0.6656306611743652,-0.08701765455568342,0.9035602659822505,0.9265321793818808,0.9134800688261154,0.9287586617460902,0.06416061916504476,0.9023336526057801,0.9031158042513548,0.9023336526057801,0.9070368016417643,0.9070368016417643,-0.13396589923865235,0.6659235307333354,-0.003340387735521867,-0.7493970662060189,-0.6516328468457877,-0.6529524410635728,-0.20151483433216466,0.1781859638666715,-0.19949668633092818,-0.287939040205621,-0.6673036160403885,-0.39780405969102844,-0.8397999843175922,-0.58157648485913,0.14319295263656037,0.14473432158287888,-0.613017406456913,-0.562171710395658,-0.5618503521554674,-0.5708221051977777,-0.7657798228350796,-0.6101435935347099,-0.613121416860354,-0.6101435935347099,-0.2949213798112731,-0.41299232141129855,-0.41299232141129855,-0.7364018025624881,-0.7364018025624881,0.45027303914813505,0.6080387443031532,0.8033929935805688,0.8042655587393639,0.7428188102724843,-0.48198412251649925,0.619627255628063,0.664187612873599,0.664290313945151,0.664187612873599,0.08304231858275343],[1.0,0.9999904896650024,0.7072504515206733,0.9997562988468748,0.9982338711116584,1.0,0.993095192692157,0.9900301400463107,0.9900301400463107,0.993589104595682,0.978620109498144,0.9879616583207214,0.9931270910431398,0.9934666394925089,0.9931695166674135,0.7033225965412644,0.6094262020756196,0.22959618962998948,0.9938602507710266,0.9938522999190885,0.9859777843513358,0.9931141799440085,0.3637604180736906,0.7722214787583176,0.9838611454780151,0.9838611454780151,0.9838428119138387,0.9790654124056404,0.2952970614876988,-0.14872426052726018,0.9890701978584249,0.9890299316959716,0.23862735197292995,-0.233197783541791,0.9950086403049602,0.9953418562529912,0.8648081381441345,-0.34244946427771955,0.9911714651887054,0.9954006505780113,0.6808287455618703,0.2099473711990732,0.995123904526914,0.9951190192969702,0.995123904526914,0.9097005588591454,0.6591435294913828,0.9323315625014541,0.9355510075364344,0.8581345095610526,0.38263865485402865,-0.18920784958016482,0.22930563579137964,0.9530670567060487,0.3623125738841052,0.9754239016131424,0.9723565084335559,0.9817182204372213,0.9893030081939763,0.9386531226550907,0.948494195914005,0.9503662600575493,0.9396668705219825,0.9477073878743834,0.9482801650694462,0.9477073878743834,0.9016407445440661,0.9290889808522715,0.9298618717274336,0.9290889808522715,0.9343677013827419,0.8143894423509016,0.907834866530229,0.908930734653494,0.907834866530229,0.7426786248205847,0.4353592091508619,0.7334239590685006,-0.522002281389021,0.6392598147164921,0.6502365314647507,0.6504545624265092,0.6502365314647507,-0.07448785518202163,0.9223221467431878,0.9514007218380083,0.9377366680048216,0.9399408363405731,0.23172516980120522,0.9169681614827971,0.9174459025041511,0.9169681614827971,0.920505767337242,0.920505767337242,-0.09412186637199002,0.6062253679382795,0.13671527697233748,-0.7160074771349944,-0.6037513014191255,-0.6078054189664175,-0.16310964699895458,0.15878968247618166,0.18876119228290905,-0.036489386946633735,-0.5965608991953946,-0.04442973920604646,-0.7975652870686097,-0.31371173148129566,0.17993906700408696,0.18157471239095882,-0.5842921792039941,-0.5692256644859951,-0.3017031372803473,-0.5270954867463624,-0.8106829990724347,-0.4271369677629729,-0.4197737702408641,-0.4271369677629729,-0.2539836899544617,-0.37573375861791475,-0.37573375861791475,-0.7988877427682453,-0.7988877427682453,0.4707424059085398,0.6327192904377343,0.8492873460123614,0.8421574335680645,0.7560505893564335,-0.3516386789941484,0.7471834365602289,0.7719512872354121,0.7721366901619611,0.7719512872354121,-0.15815636051785814],[0.993095192692157,0.9862152419378949,0.6855651052107363,0.9941603065252482,0.997366516135929,0.993095192692157,1.0,0.9977316288260419,0.9977316288260419,0.9999731152543552,0.9664653858652776,0.9997199723574648,0.9999969087502388,0.9999883825175993,0.9999940382283432,0.8010752171512623,0.7844807517486029,0.18852521767070884,0.9998744082152202,0.9998747456741058,0.9908407629898982,0.9999970521788166,0.28162127940186316,0.7702374254828463,0.9868483307050531,0.9868483307050531,0.9882260688420578,0.9927118794086934,0.22791066057714054,-0.20260393216233857,0.9914887707524523,0.9915605267737932,0.14614213546186652,-0.2739581570943732,0.999393434614592,0.999513918930737,0.4851278382371503,-0.2938097746056494,0.9992078116014175,0.999493566895205,0.7765623917715122,0.1673531566157031,0.9491046808236556,0.9991650848076026,0.9491046808236556,0.9271582538745403,0.6240812426349744,0.949810971966832,0.9306397371668663,0.7935383725987969,0.42006905154960084,-0.1305085730509895,-0.17542649869533186,0.9377938306481802,0.32117351961848994,0.9698194024758121,0.9670420698396166,0.9810221675638948,0.9953680323542268,0.010286705037519406,0.8939235006759175,0.8561342412737306,0.8961946036312143,0.8514521623476379,0.8176308831986826,0.8514521623476379,0.8420688833323808,0.823690097771497,0.8130672329390173,0.823690097771497,0.8917796593835906,0.4519386353232791,0.6420598482595208,0.6913593766399548,0.6420598482595208,0.6726985389067098,-0.3246554235951642,0.6523310794384652,-0.594135627256957,0.5715227006360561,-0.05789270038805308,0.4990261728826605,-0.05789270038805308,-0.1205149566617789,0.870760525898837,0.8936055155109065,0.8800235789675248,0.7930330642285941,0.18940140276693054,0.8689233208787536,0.869811495789211,0.8689233208787536,0.7998484248013119,0.7998484248013119,-0.16814157458126583,0.7046737628346155,0.22070788153804866,-0.7256870191278877,-0.6469973544512923,-0.6505199015625628,-0.21015225421774203,0.10680630424077878,0.3073717109957339,-0.07163829104144173,-0.613163363138906,0.019199133881584833,-0.8291864044321755,-0.21546494733084715,0.11041817889150699,0.11209583253640086,-0.629572988371877,-0.5804844119576912,-0.13557552143608256,-0.6034143185354044,-0.8284105622549479,-0.41721556255911213,-0.25524332321724236,-0.41721556255911213,-0.3226192556600706,-0.4190714707862047,-0.4190714707862047,-0.8203026196148531,-0.8203026196148531,0.4485857303582375,0.5952857952460542,0.5184032836453376,0.8087219414133252,0.7411136908752741,-0.4076806991617931,0.07937702960268449,0.7441594562806594,0.762561430475174,0.7441594562806594,-0.08510824676869491],[0.9900301400463107,0.9815784348528866,0.679060178086571,0.991512690649548,0.9961503952091326,0.9900301400463107,0.9977316288260419,1.0,1.0,0.9996179139710953,0.9607833038280426,0.9989201638867679,0.9984324166605699,0.9994628804878125,0.9992426092873465,0.7975665567181557,0.7714894602938348,0.1672554856391257,0.9992653557972312,0.9992671785581836,0.9884563956502853,0.9993622440674932,0.25706404176916503,0.7724027487827132,0.9933844132293236,0.9933844132293236,0.9866364329976852,0.9905934447691457,0.2109424330832262,-0.21512571967056454,0.9878676716331504,0.9912856917127929,0.12815477304317466,-0.27972199594084224,0.9984490324018879,0.9984671323410806,0.46991635859132747,-0.2994940803802142,0.9976572682147844,0.9984499332594976,0.7731378808779571,0.14574934523732655,0.9427403203469137,0.9982821890772262,0.9427403203469137,0.9253022932258852,0.6101203122171666,0.9505049747183747,0.9296060447737664,0.7769106755568794,0.4079625723189418,-0.14443602954123388,-0.18665106189053923,0.9305133724848034,0.30166088579562295,0.9655226980942229,0.9624994250503073,0.9765341525551133,0.9943011486495703,0.002036073174798154,0.8863529906826263,0.8441662509948344,0.8903625546747297,0.8405002444465943,0.8075916196877995,0.8405002444465943,0.8332115775048149,0.8094962466366498,0.8021160322954937,0.8094962466366498,0.8860725889636126,0.43615186759278635,0.6258166551511614,0.6777661102158397,0.6258166551511614,0.6639596211224453,-0.3374662631898721,0.6420746090733739,-0.5997461280159972,0.5663685732406323,-0.07733703035637872,0.4858953235113469,-0.07733703035637872,-0.12594750588611126,0.8641264737123179,0.8845600996197863,0.8716795296284634,0.7806532557299457,0.1720103941697728,0.862865211818201,0.8639085979282358,0.862865211818201,0.7867979019055091,0.7867979019055091,-0.18111722862605517,0.724043727896946,0.2266580702828349,-0.7343294346964597,-0.6580531887309032,-0.6614111038471759,-0.223709340514323,0.10056523060338521,0.30030769274196023,-0.08997779866607263,-0.6246618231635321,0.010035768429644543,-0.8337951107620907,-0.22188589733246455,0.09688159089258595,0.09858471705581896,-0.6396185570117242,-0.5809986568626232,-0.14228367167289913,-0.6176104073944563,-0.8271476402380717,-0.42774773843816977,-0.26127892200613545,-0.42774773843816977,-0.3379900457540078,-0.4312003196376879,-0.4312003196376879,-0.8175711791726283,-0.8175711791726283,0.4334135515561106,0.5800937765737774,0.501178420213867,0.7922665852764411,0.7296431243008867,-0.4270837923428626,0.06660427845654084,0.7261034331698183,0.7475065973501773,0.7261034331698183,-0.06853524157996937],[0.9900301400463107,0.9815784348528866,0.679060178086571,0.991512690649548,0.9961503952091326,0.9900301400463107,0.9977316288260419,1.0,1.0,0.9996179139710953,0.9607833038280426,0.9989201638867679,0.9984324166605699,0.9994628804878125,0.9992426092873465,0.7975665567181557,0.7714894602938348,0.1672554856391257,0.9992653557972312,0.9992671785581836,0.9884563956502853,0.9993622440674932,0.25706404176916503,0.7724027487827132,0.9933844132293236,0.9933844132293236,0.9866364329976852,0.9905934447691457,0.2109424330832262,-0.21512571967056454,0.9878676716331504,0.9912856917127929,0.12815477304317466,-0.27972199594084224,0.9984490324018879,0.9984671323410806,0.46991635859132747,-0.2994940803802142,0.9976572682147844,0.9984499332594976,0.7731378808779571,0.14574934523732655,0.9427403203469137,0.9982821890772262,0.9427403203469137,0.9253022932258852,0.6101203122171666,0.9505049747183747,0.9296060447737664,0.7769106755568794,0.4079625723189418,-0.14443602954123388,-0.18665106189053923,0.9305133724848034,0.30166088579562295,0.9655226980942229,0.9624994250503073,0.9765341525551133,0.9943011486495703,0.002036073174798154,0.8863529906826263,0.8441662509948344,0.8903625546747297,0.8405002444465943,0.8075916196877995,0.8405002444465943,0.8332115775048149,0.8094962466366498,0.8021160322954937,0.8094962466366498,0.8860725889636126,0.43615186759278635,0.6258166551511614,0.6777661102158397,0.6258166551511614,0.6639596211224453,-0.3374662631898721,0.6420746090733739,-0.5997461280159972,0.5663685732406323,-0.07733703035637872,0.4858953235113469,-0.07733703035637872,-0.12594750588611126,0.8641264737123179,0.8845600996197863,0.8716795296284634,0.7806532557299457,0.1720103941697728,0.862865211818201,0.8639085979282358,0.862865211818201,0.7867979019055091,0.7867979019055091,-0.18111722862605517,0.724043727896946,0.2266580702828349,-0.7343294346964597,-0.6580531887309032,-0.6614111038471759,-0.223709340514323,0.10056523060338521,0.30030769274196023,-0.08997779866607263,-0.6246618231635321,0.010035768429644543,-0.8337951107620907,-0.22188589733246455,0.09688159089258595,0.09858471705581896,-0.6396185570117242,-0.5809986568626232,-0.14228367167289913,-0.6176104073944563,-0.8271476402380717,-0.42774773843816977,-0.26127892200613545,-0.42774773843816977,-0.3379900457540078,-0.4312003196376879,-0.4312003196376879,-0.8175711791726283,-0.8175711791726283,0.4334135515561106,0.5800937765737774,0.501178420213867,0.7922665852764411,0.7296431243008867,-0.4270837923428626,0.06660427845654084,0.7261034331698183,0.7475065973501773,0.7261034331698183,-0.06853524157996937],[0.993589104595682,0.9861277028802898,0.6417874814254195,0.994851487837224,0.9975770355766084,0.993589104595682,0.9999731152543552,0.9996179139710953,0.9996179139710953,1.0,0.9655744141136381,0.9996876860357734,0.9999740800521517,0.9999733916741251,0.9999769915384918,0.6376164498890342,0.5208479367604001,0.06778180403897262,0.9998336835211631,0.9998345832716028,0.9907695984955084,0.9999714705429749,0.053655045712983525,0.7523119223758332,0.9957282078940718,0.9957282078940718,0.9956909650815448,0.9926186924337096,0.05581525280556824,-0.14681487436331306,0.9909332080021734,0.9908886684530882,-0.03934372793704889,-0.23669223814142581,0.9994524943450627,0.9994113949868972,0.8334808020376695,-0.45933426593713883,0.9991525398561591,0.999465948893039,0.6030030981665145,0.04392590598221405,0.9993315543467133,0.9993367169586552,0.9993315543467133,0.9268536166184008,0.6244579742334329,0.9494981604633108,0.930123627072964,0.7931332921288042,0.0383642560740818,-0.5415140459493601,-0.10360353855241979,0.9345306742830972,0.2663768469081061,0.9673619726335231,0.9670293378653437,0.9832763519417644,0.9946683525261594,0.8983430751023497,0.8946697461507219,0.9090137114044512,0.8972234749535738,0.9073904903438567,0.9079138718087758,0.9073904903438567,0.8419149360574065,0.8661449631965371,0.8672956282499956,0.8661449631965371,0.8931045812205661,0.815549785987451,0.8789392529002115,0.8799088569926157,0.8789392529002115,0.6728657102429553,0.5433384592223881,0.6519851590722956,-0.5882550743476118,0.6211433237646287,0.5934868063007,0.5934301835225317,0.5934868063007,-0.07256740252029723,0.8716426367543996,0.8936942554896116,0.8806139269250851,0.9060373338849005,0.10326383152607571,0.8738714085884358,0.8754097859112004,0.8738714085884358,0.8787297734203576,0.8787297734203576,-0.16962371175265892,0.7049747479906148,0.02424959068990123,-0.7368574071616609,-0.6785085391072475,-0.680008441151892,-0.21355154065653004,0.1104246648544043,-0.20357494868615547,-0.25318363832969254,-0.6492088037839163,-0.4234536568052858,-0.8606898396625392,-0.6141420888899148,0.10958161008247654,0.1116794061108325,-0.6309363761941202,-0.576680908123368,-0.5719291339358431,-0.6048195746654805,-0.7929339171184122,-0.6329065263005137,-0.6353688503023627,-0.6329065263005137,-0.3242733092634218,-0.4220526691923613,-0.4220526691923613,-0.7738721964336117,-0.7738721964336117,0.447024261502778,0.593360925832537,0.8142735040651404,0.8139050960507876,0.7390441187442676,-0.43380969604924624,0.6487672906204262,0.6892793684393469,0.6894632010258795,0.6892793684393469,0.15126828863503713],[0.978620109498144,0.9756845249910966,0.6127967221452546,0.9770159016281592,0.9712388393809325,0.978620109498144,0.9664653858652776,0.9607833038280426,0.9607833038280426,0.9655744141136381,1.0,0.954610528762797,0.9664838066625316,0.9665159174441449,0.9662463731527384,0.3936221683654144,0.27432448949359506,-0.16483328904335076,0.9702185226281115,0.9702002784372338,0.9665780434002268,0.9665704286653255,-0.03982094684380685,0.7891140137092026,0.9678096596446144,0.9678096596446144,0.9679602848814175,0.917465144565047,0.14403930053198624,-0.13483257488573017,0.9720028931273764,0.97208810573928,0.10180479152751812,-0.01643600061788541,0.9732721632644125,0.9734832960036313,0.9007116508615685,-0.3330485745119492,0.9615066775425932,0.9725895829925638,0.3524683608438363,-0.1844431760660471,0.9742133999031055,0.974185531976727,0.9742133999031055,0.8481907002302331,0.4350435708866726,0.8693320058313588,0.9201995165421896,0.8824997863063597,-0.46484141490599684,-0.6674750117053793,-0.17459734429174098,0.905604961796445,-0.04458331531818101,0.9301360523533994,0.9301925390961024,0.9456766208682023,0.9702706256893686,0.9001038451765879,0.9028984981564138,0.9111127203652755,0.902900781530896,0.9049519512125042,0.9054277789556615,0.9049519512125042,0.8648189833707607,0.8412074184153633,0.8423390799049258,0.8412074184153633,0.8993180970196627,0.9115522778761193,0.8975096113783253,0.8979314876538234,0.8975096113783253,0.7457203926494238,0.6892127628558279,0.7464757177222675,-0.2395362682955589,0.7577465617381168,0.7715309935729399,0.7735309591842963,0.7715309935729399,-0.22358977246228473,0.8983664457327152,0.9441066785967049,0.9109226700795796,0.911130614816269,-0.056443051969281656,0.8930530650518633,0.8937652259145696,0.8930530650518633,0.899504019169781,0.899504019169781,0.03319643677036162,0.44570620714923337,-0.14739793654709438,-0.6826586909959791,-0.45415273156153146,-0.45686354823843633,-0.09120082933326777,0.44255049278757935,-0.00026856396931709164,-0.2235391245063138,-0.5795587920657791,-0.1292166738444387,-0.7870720931650824,-0.29417117711928104,0.3051615261097644,0.30548464211122817,-0.4254146027275471,-0.43094206792655065,-0.39368246787117633,-0.4056790571650767,-0.6529972777121069,-0.41265118678724116,-0.4151791284062398,-0.41265118678724116,-0.15701063831515424,-0.4640855632006871,-0.4640855632006871,-0.5423107492652952,-0.5423107492652952,0.5742532547708279,0.6502896108441686,0.7566026971846411,0.7159752840559412,0.811329067679649,-0.5184681411298601,0.4310708534917316,0.5376040333278942,0.5379401659152908,0.5376040333278942,-0.11008890564365863],[0.9879616583207214,0.9869436540113652,0.9945714602216499,0.990719320659734,0.996613630489966,0.9879616583207214,0.9997199723574648,0.9989201638867679,0.9989201638867679,0.9996876860357734,0.954610528762797,1.0,0.9997197570628557,0.9997171062142837,0.9996935414073904,0.12212448563989249,0.017698311265643377,-0.5441405355404619,0.9998277384400119,0.9998293493415344,0.9997236426958567,0.9997226146591149,-0.2898693892290034,0.9747939550110791,0.9952511269344796,0.9952511269344796,0.9952350949984456,0.9941364400466551,0.05872239424863331,0.05262054915150963,0.9926871344710914,0.9927274277070313,0.758455097478036,-0.05072952551669214,0.9991842017455452,0.9991487709830551,0.9990374241550902,0.9994729545060749,0.9995082160910543,0.9992167869231431,0.06610761722350342,-0.5514628817190553,0.9989965518684499,0.999002542585502,0.9989965518684499,0.9220078348177305,0.4714245530731309,0.9454819984143544,0.9264304795765246,0.7929802976635546,-0.34710001517563777,-0.5810969677032873,0.8398664966873438,0.8685354888404383,-0.34520073630531545,0.9413369999842066,0.9415225221828716,0.9732272283156832,0.9940261653257868,0.9126760330239571,0.9175557790374341,0.896480666528591,0.9013020344967145,0.900639134694202,0.9010915175837679,0.900639134694202,0.8083936388968833,0.7785947283034862,0.7800307611316133,0.7785947283034862,0.9191458602453919,0.9241776965761346,0.9180751225961257,0.9188821042069701,0.9180751225961257,0.5996372079044867,0.5494347603327021,0.6306654984827528,0.7021686971009008,0.6145322525879355,0.6399999006750987,0.6420235118072712,0.6399999006750987,-0.2575747556408861,0.8683810962403421,0.8951737010622856,0.885515323684095,0.918753730594482,-0.35183219201350757,0.8645367939522659,0.8647201467482534,0.8645367939522659,0.8719903321889038,0.8719903321889038,-0.22041439990789904,0.6992374088451023,-0.39579644636627404,-0.8184973196696548,-0.540023765326885,-0.5432168783445726,-0.44113415916248233,0.2519054805194346,-0.30844271330073625,-0.5500346088774981,-0.7789527947709858,-0.4141288460035902,-0.58552195801795,-0.4896778387008776,0.10202322380177987,0.10024669310860085,-0.5600636361702148,-0.5342159232853291,-0.5555441279081703,-0.5916511905335072,-0.5846913128957525,-0.5589472570390499,-0.5622002899229701,-0.5589472570390499,-0.4519827941604852,-0.640212501579134,-0.640212501579134,-0.6278599158284012,-0.6278599158284012,0.4427959826753825,0.34947687891761137,0.4906315000090102,0.6068506767301441,0.5352843865131021,-0.5743965632605276,0.3458955374731013,0.29507482970947835,0.2953133059007271,0.29507482970947835,0.27924609010610585],[0.9931270910431398,0.986246672776361,0.685582572059448,0.9941830221344371,0.9973825035875751,0.9931270910431398,0.9999969087502388,0.9984324166605699,0.9984324166605699,0.9999740800521517,0.9664838066625316,0.9997197570628557,1.0,0.9999915521393684,0.9999955615903737,0.801065774552659,0.7702523513113796,0.18857024160029062,0.9998756577346039,0.9998759581468387,0.9908702185189893,0.999997599429188,0.281907483361876,0.7702906929978902,0.9916695030339058,0.9916695030339058,0.9882187880384898,0.9927051278566537,0.22814922342981248,-0.2025536940626211,0.9915417274681287,0.9915687311791386,0.146354451009972,-0.27392702085387377,0.9993948076424867,0.9995163582717472,0.4851054908666241,-0.2936156706228633,0.999208777272767,0.9994997531959998,0.7765402142391704,0.1674038694082926,0.9490922340168637,0.9991669685883414,0.9490922340168637,0.9271562998142223,0.6242013650046387,0.9498858415752586,0.9306987876299622,0.793609305275714,0.42041568541733626,-0.13010748832409,-0.1750944396862884,0.9378493809035484,0.32122773183452524,0.9698947832887694,0.9670856664707312,0.981094535212286,0.9953803276923521,0.010458596681394726,0.8940326757317514,0.8562093246197336,0.8962926042924306,0.8515258530449862,0.8175830784117775,0.8515258530449862,0.8421549215559572,0.8237328882648549,0.8130157016148436,0.8237328882648549,0.8919017629864049,0.4518326581156028,0.6420612241354381,0.6912852150051456,0.6420612241354381,0.6726759085436195,-0.3246735042888612,0.6523297001028392,-0.594042450673132,0.5714494409503292,-0.058010435489019255,0.4990540944305752,-0.058010435489019255,-0.12064825052767329,0.8708307940200372,0.8936996624301611,0.8800999469748265,0.7930267993766991,0.18944997511454595,0.8689951307073082,0.8698782969128183,0.8689951307073082,0.7999021479986942,0.7999021479986942,-0.168084000526031,0.7046910412805265,0.2208134269024857,-0.7257213718180322,-0.6469195818942229,-0.6504467046796202,-0.21022773810730358,0.10670160324763127,0.3075261148968456,-0.07162954381519633,-0.6132172872713864,0.01943472769515691,-0.8289570362473199,-0.21520378728616488,0.11048813302977646,0.11217851961788868,-0.6295551425137721,-0.5802937266969382,-0.13535523891532655,-0.6033777307549564,-0.8283158589987446,-0.4170177024437967,-0.2550616170518025,-0.4170177024437967,-0.32247055759657783,-0.41904271172910806,-0.41904271172910806,-0.8202547757248089,-0.8202547757248089,0.44899038446180906,0.5953943835553765,0.518623653596415,0.8089457609017917,0.7411625013097402,-0.40749660505684204,0.07963328714452249,0.7443856403585772,0.7626650172387514,0.7443856403585772,-0.08513808505304786],[0.9934666394925089,0.9862097568274497,0.6827555715889911,0.9947840390748639,0.997449542763666,0.9934666394925089,0.9999883825175993,0.9994628804878125,0.9994628804878125,0.9999733916741251,0.9665159174441449,0.9997171062142837,0.9999915521393684,1.0,0.9999892459289356,0.712243934877764,0.6133314268772966,0.19019989878796154,0.9998978056187376,0.9998984846918756,0.9908588306316739,0.9999891027011241,0.28105565274627464,0.7671441450449853,0.9944902745901152,0.9944902745901152,0.9944606091876536,0.9926795421949167,0.22093126973689808,-0.20337351991752212,0.9919867909663153,0.9919873708761341,0.16771043064920818,-0.2734657823730906,0.9995639422622248,0.999515811110324,0.8651322078872572,-0.3789797180639556,0.9992065022592557,0.9995035517239538,0.6856288268167271,0.16906165725383762,0.9994670490465648,0.9994715958015848,0.9994670490465648,0.927022892454272,0.624300701484097,0.9496672263548024,0.9303972711695657,0.793389276119083,0.3024407446998386,-0.2975093507411772,0.1327394769003654,0.9377339183339908,0.3216617340123299,0.9674917131362453,0.9671047254827363,0.9798473701969974,0.995604308401354,0.9040555754619723,0.8933491261550437,0.9139431890772719,0.8962401024575538,0.9127174870448106,0.9134493315493706,0.9127174870448106,0.8414940642463782,0.8835608471588136,0.8847322900538657,0.8835608471588136,0.8917466929965568,0.798887321508413,0.8824678003116923,0.8838058219531983,0.8824678003116923,0.6723973580837371,0.5354814175324796,0.6511859770772348,-0.5929343456254235,0.5702198452912779,0.5679007950622713,0.5687727440189203,0.5679007950622713,-0.12280861703552329,0.8707141417636668,0.8934532720932522,0.8797252571397194,0.9101603663714936,0.191277580484013,0.8689392220191444,0.8700694798963724,0.8689392220191444,0.8774464859082676,0.8774464859082676,-0.16838170808545896,0.7036767862562588,0.12352804543847505,-0.7248539776385494,-0.6465888359240928,-0.6498301859285118,-0.21025072134147446,0.10578918504618123,0.07962056195216881,-0.07015687873127163,-0.6120684628527367,-0.16954240951432104,-0.838651801198126,-0.4309218053956763,0.10985216679315601,0.11198523846316123,-0.6295939031882132,-0.5796228986582028,-0.4226124132565353,-0.6031580998621257,-0.8207780535188761,-0.5314908397980245,-0.5276968288152494,-0.5314908397980245,-0.3217807083749945,-0.41911001461034325,-0.41911001461034325,-0.8115541221493219,-0.8115541221493219,0.44671815115314195,0.5951312955979954,0.8195028837476463,0.8122962312582096,0.7413076580284003,-0.40719132877025366,0.7039150482001939,0.7313791987026327,0.7314774757956557,0.7313791987026327,-0.052651346970873786],[0.9931695166674135,0.9861102801726292,0.6856957075739781,0.9942040184369203,0.9974042006874649,0.9931695166674135,0.9999940382283432,0.9992426092873465,0.9992426092873465,0.9999769915384918,0.9662463731527384,0.9996935414073904,0.9999955615903737,0.9999892459289356,1.0,0.78931367914159,0.7112610118530313,0.1887206169641033,0.9998786044439419,0.9998787966502259,0.9909904343701744,0.9999954527192227,0.2825651434715095,0.7701369885410604,0.9946490106969346,0.9946490106969346,0.9945670601898247,0.9926425646212295,0.2284339117082701,-0.2025710655759082,0.9924576216902692,0.9924961242802207,0.14707312256024294,-0.2737613043299666,0.9994378604095593,0.999516070260611,0.4842017444290069,-0.2929286932532988,0.9991732207391617,0.9995021534640907,0.7734342891487705,0.16757438488556517,0.948690131810641,0.9992148778504684,0.948690131810641,0.9273647054722841,0.6248141050523249,0.9499855019880397,0.9307685593790141,0.7933769331470102,0.4216755237384715,-0.12869492827568185,-0.17532313910329764,0.9381490674818022,0.3214913547992666,0.9702526137147954,0.9673543407247114,0.9813283820596954,0.9954226345513424,0.00949920122300011,0.8942535599563898,0.8561120904788124,0.8964764316378069,0.8514567228996857,0.8171647055968817,0.8514567228996857,0.8423236479870891,0.8236484700956836,0.8133095059194253,0.8236484700956836,0.8921576155141785,0.45120239025252445,0.6416073336661492,0.6912661907728131,0.6416073336661492,0.6725567563729176,-0.32576079553794396,0.6522946261207253,-0.5942469928781662,0.5711338465875566,-0.05893456388693652,0.4987290295014463,-0.05893456388693652,-0.12061724064383529,0.870937545806538,0.8934999495409616,0.8802221773217116,0.7864474128478547,0.18982366687246285,0.8690589627208252,0.8699330936282313,0.8690589627208252,0.7997161650562004,0.7997161650562004,-0.1693154046541655,0.7054172385772347,0.2212848379354328,-0.7256811089497168,-0.6472471880517523,-0.6507779684219469,-0.21120515826107256,0.10563150718891448,0.3078529775718773,-0.071969905528666,-0.6133647148152496,0.019546527559775623,-0.8282639555592539,-0.21502779411755224,0.10962911396262581,0.1113182774732061,-0.6300862734540317,-0.5804783018527961,-0.13480877124752882,-0.6043834760511106,-0.8283546906722575,-0.4169529413680724,-0.2545398378985172,-0.4169529413680724,-0.3232675673301234,-0.4194349067643934,-0.4194349067643934,-0.8205955073094198,-0.8205955073094198,0.44913892745322903,0.5950893082533019,0.5181844592467076,0.8093551342976454,0.7406655527131225,-0.4070962602642751,0.0790310343732358,0.7447946412087253,0.7632675617262978,0.7447946412087253,-0.0848957253933578],[0.7033225965412644,0.005130926837507664,0.3688216490585249,0.7023647664689586,0.586975034978808,0.7033225965412644,0.8010752171512623,0.7975665567181557,0.7975665567181557,0.6376164498890342,0.3936221683654144,0.12212448563989249,0.801065774552659,0.712243934877764,0.78931367914159,1.0,0.9916300167465726,0.4286538549802655,0.7651458598347007,0.7651084983105566,0.6802400182955872,0.7878497899219142,0.33628956020191636,0.3456293871154499,0.7801899417696273,0.7801899417696273,0.7647471670871442,-0.27733992370043203,0.19638305620822494,-0.1564130484250987,0.8308458116449325,0.8274661004470009,0.16166649337576153,-0.2108500771469327,0.7958824167830941,0.666221014924357,0.2463606699791937,-0.31696603197726586,0.1367525978086303,0.6287996806463161,0.9983146834699429,0.4117855596888636,0.7209088249171295,0.7954922469150031,0.7209088249171295,0.07838328616643932,0.5116204020304148,-0.3392209216320511,-0.3630111003342334,-0.03746795807272503,0.39152423108526324,-0.054047779995083686,-0.2112915447691272,0.6537912263772337,0.3980886656870468,0.7970888908720036,0.6548728678750686,0.7542846651061109,0.7773449262941065,-0.1078706330640308,0.046351669597910934,0.5286087526598217,0.3726774886743501,0.5180304282