var correlationAdjClose = {"data": [{"type": "heatmap", "z": [[1.0, 0.99999110342247, 0.9846517873942925, 0.9999221534032203, 0.9989051850826298, 0.9882914676886253, 0.9975396309231943, 0.9953322148842235, 0.9956352766339305, 0.979727343049843, 0.9922607860915705, 0.9954753156519598, 0.9946959348403215, 0.9953859759202441, 0.9955194411764985, 0.9965939410956788, 0.9980928167925711, 0.9960925713399521, 0.9961059814868375, 0.9961511168715325, 0.9954239629261569, 0.9856742691516737, 0.9695267525749156, 0.9880092014015618, 0.9868581632803516, 0.9816954574989629, 0.9639350027139456, 0.9440917713050284, 0.9940941569975419, 0.9945985111159593, 0.9918313949393002, 0.9749925423825223, 0.9974509525979929, 0.9977448229736741, 0.997134315451585, 0.9955392204386151, 0.9950796842322994, 0.9976059013276177, 0.9976601529798842, 0.9986618578766769, 0.9973927413545128, 0.9974042486905285, 0.9766189486800286, 0.9185211462140574, 0.7490695837287118, 0.9004670477164445, 0.9046682818537182, 0.8411662479176784, 0.9668469511440623, 0.9448622365746627, 0.968169423632378, 0.9653467555977394, 0.958560772357198, 0.985784686347371, 0.9823166492222624, 0.9842857175899684, 0.977669847402703, 0.9861378312132978, 0.9835424915644932, 0.9867634269204254, 0.9865313040907262, 0.9643809337357537, 0.9677691982124244, 0.9716025587266102, 0.9712622033491664, 0.9450451562268691, 0.9756702105407431, 0.9740131714530831, 0.9822184971155623, 0.9813563869781041, 0.9360814236630254, 0.8606749146295308, 0.828384697157942, 0.8796457475794878, 0.9059892547048903, 0.9010272503470927, 0.9040616378016282, 0.9026650415073081, 0.6285888133281388, -0.5709314937659854, 0.9770420255965946, 0.9685271093823362, 0.9650522365653236, 0.9851456325520885, 0.9706371026429826, 0.9817932829018634, 0.9817437354751996, 0.9457470638879969, 0.9819993607264532, 0.9498067403962801, 0.6390442858075168, 0.864696059161389, 0.9151405346795025, 0.7503905149284885, 0.9211060424733594, 0.941174071695193, 0.8149601518104299, 0.9577634314067075, 0.895811060843236, 0.6463264248496494, 0.7081114842917269, 0.891703922909274, 0.8628444452014802, 0.8883665220078466, 0.9685648290328973, 0.9687843526166596, 0.7378188041996546, 0.7047449914944584, 0.8258450190331804, 0.3390043949497172, 0.7945491585835606, 0.8301729167025167, 0.8166898750736996, 0.8147810968693023, 0.7489597630187983, 0.7416854724231863, 0.7218232260097763, -0.24174933841563181, -0.3775188931217369, 0.6374832396836211, 0.8994860731856825, 0.9446236993869163, 0.9489094162835575, 0.9192058058796168, 0.8286758650604618, 0.9161647364476736, 0.9379016543863076, 0.937727092935733, 0.872323016744612, -0.1882749045449799], [0.99999110342247, 1.0, 0.9829372895648767, 0.9997702117296562, 0.9975698043439799, 0.9904594062251101, 0.9930753981084025, 0.9888024388517864, 0.9888386567090357, 0.9679581106059693, 0.9912200620660387, 0.9890465566981359, 0.9888681403336222, 0.9889172260444857, 0.989012798082803, 0.993676184461159, 0.9950046170922573, 0.9922064098392286, 0.9922060533228586, 0.9889139218737604, 0.9889733730936998, 0.9880205317288112, 0.9620501458190713, 0.9843688256122219, 0.9840639092444255, 0.9815414473938915, 0.9726178089155896, 0.9092343084408768, 0.9878647483421357, 0.9840794708065173, 0.9760183207514587, 0.9129412303265088, 0.9946943850453056, 0.9945214841815957, 0.9948084656886516, 0.9900357930304737, 0.9942382784318164, 0.9947986534334672, 0.9951030956063207, 0.996533238094137, 0.9947971263338744, 0.9948056982843251, 0.9862149416874236, 0.9184202336869797, 0.6053536732186481, 0.9005262221979062, 0.905291892523891, 0.8413278118027602, 0.8736491370941696, 0.9125732187386514, 0.8774720203333032, 0.8970663834296051, 0.8725336265664119, 0.9546183015362282, 0.9545175278371788, 0.9742808720061576, 0.9782621620540942, 0.9722215956534256, 0.9717838039015022, 0.974905098486023, 0.9748169066040545, 0.9362225541931423, 0.9450480820247715, 0.9103105071174625, 0.910213629580383, 0.805883718680823, 0.9692996131909082, 0.9716278679112158, 0.971885885625748, 0.9712789595692706, 0.9313979156299914, 0.6508963956878965, 0.591603545568826, 0.7456113515195784, 0.8408709163069017, 0.7689582224357205, 0.8066373825369971, 0.8048579256294665, 0.5857122128677971, -0.27661450969433937, 0.9569471725062809, 0.9639121351110416, 0.9566388752253808, 0.9751949128731954, 0.9537607094983005, 0.9615874905561009, 0.960647631147634, 0.9033598193710272, 0.9645939928804094, 0.9092111999734612, 0.46220903070614033, 0.8637600267831038, 0.8613986385825824, 0.2560855742387557, 0.6501147300650933, 0.7438629724771831, 0.6366952860040153, 0.955971071914723, 0.6510671449573213, -0.2329075539384389, 0.13945375856736125, 0.6187871428147145, 0.6256435380697201, 0.6728479024372938, 0.9576454599624669, 0.9574893374723299, -0.08564089933790459, 0.15134144716484704, -0.004752615065859363, -0.03742907280644438, -0.00931713747761739, 0.0072408630439275415, -0.024674167000917655, -0.06752226639775472, 0.3549934576012529, 0.09507442944306779, 0.046046330626731496, -0.45330033568796624, -0.4873171874189069, 0.6379494617937463, 0.7454911124048355, 0.7695831009083733, 0.8302818236367369, 0.8255143255837465, 0.5384595234840204, 0.733323893355649, 0.7656090587972799, 0.764244777452462, 0.41263822095145863, 0.20543558331594175], [0.9846517873942925, 0.9829372895648767, 1.0, 0.9860956485606118, 0.9928541500968114, 0.9900554639147112, 0.990700107075595, 0.9911293301181467, 0.9943871675592967, 0.9550266497608011, 0.9970061892152663, 0.9910265561188477, 0.9929620349687881, 0.9911898146967849, 0.9911076465875683, 0.9917328751893734, 0.9904577479544082, 0.9897134413843336, 0.9896773803816677, 0.9929148296454395, 0.9910562697241407, 0.9935512449498736, 0.9794194108242049, 0.99080213062879, 0.9912180348844346, 0.9802989345571509, 0.982291894878041, 0.9479461427144208, 0.9730024801341324, 0.9765961986768684, 0.9781571749575217, 0.9503287772831938, 0.9879748061942415, 0.991096443920418, 0.9894070726872448, 0.9930719144785563, 0.9948127518414998, 0.9921409628368182, 0.9873950256163619, 0.9880764865629469, 0.9882539219044179, 0.9876206589246833, 0.9906346911132609, 0.9185120889101914, 0.6900897783805895, 0.9263928221002821, 0.8978810861715819, 0.752330358072967, 0.9276251864836624, 0.9000520000887979, 0.9298063184188938, 0.9252165935994352, 0.9156049247866057, 0.9529379438502363, 0.9601121035913727, 0.9312446785079267, 0.9488815487023685, 0.9543229270751211, 0.9601022239916689, 0.9549129547324045, 0.9291875933679129, 0.8980353738270839, 0.9268924641638984, 0.9242404653940657, 0.9074184406226675, 0.8632506144972484, 0.9598647556702812, 0.9378388678771795, 0.9551118092238992, 0.9336052873855175, 0.7735202784848951, 0.8008899278669662, 0.7335972171916864, 0.822176567834244, 0.8661428314300824, 0.8638235624745909, 0.8353699422114876, 0.8491597611502559, 0.3036033414547719, -0.5710097859699405, 0.9465507128779215, 0.9200483231602707, 0.9240786781192564, 0.9316861252075599, 0.9409397363859076, 0.9515300911423936, 0.9511478835438508, 0.9126914925133683, 0.9479138150472155, 0.8388383598845157, 0.6108136719666055, 0.9334545665063434, 0.9360896129982332, 0.7090739705326558, 0.9021688136400581, 0.9246906728441948, 0.8004019358470852, 0.9779465756485403, 0.778481449322404, 0.5541511408853109, 0.6475815148649067, 0.7858603042736245, 0.7881083806439848, 0.7745171952114664, 0.9815982466377986, 0.9816356064447579, 0.6570126364014613, 0.6397821688136538, 0.7140961725844575, 0.2699571750734391, 0.6899291248894744, 0.7116041600238648, 0.725189565078889, 0.7078680481485864, 0.7028283481854805, 0.6683375405218471, 0.6465633442727997, -0.3155493534028833, -0.45085931687373837, 0.5928612094582796, 0.8595904494649474, 0.894856263042576, 0.8965583799284743, 0.8924898627365521, 0.7588643338643519, 0.8690403524526266, 0.8833869788079709, 0.8921374299179339, 0.739462864927171, -0.10643035918367097], [0.9999221534032203, 0.9997702117296562, 0.9860956485606118, 1.0, 0.9992132913326671, 0.9892480017121291, 0.9978806421327905, 0.9958613100678897, 0.9962546700602763, 0.9793895439327595, 0.9936971527117159, 0.9959863105689789, 0.9954171710466329, 0.9959133924384463, 0.9960259706869449, 0.9971163132158535, 0.99844281857814, 0.9965542797909793, 0.9965647297919136, 0.996680832874786, 0.9959381893451821, 0.9869531371702184, 0.970864887033483, 0.9891185387993198, 0.9880793336181564, 0.9840623675052987, 0.9660584740315176, 0.9452900518669765, 0.9935735138263516, 0.9942665225054931, 0.991945686357626, 0.9746521711460575, 0.9976140175103204, 0.9980527895459761, 0.9974518625493017, 0.9961143746752924, 0.995883620547449, 0.9979535516933189, 0.9977763937132087, 0.9988132299815818, 0.997546940998219, 0.9975550636816969, 0.9784591219036879, 0.9141314559036992, 0.7426631610717923, 0.9012090709244573, 0.9021635902432954, 0.8307097118758927, 0.963931419093029, 0.9414188035904267, 0.9651435798167206, 0.9626743334980425, 0.9556884829977277, 0.9837102282527151, 0.9807817814220219, 0.9825109290377769, 0.9759325538939875, 0.9845524706604407, 0.9826676765347885, 0.9850981864240584, 0.9848616778728821, 0.9507406520695445, 0.9660717774255071, 0.969852674549473, 0.9695123637087718, 0.9383109357604914, 0.9749754109137287, 0.9703720731326164, 0.9804279085219703, 0.9795240414062296, 0.9084240833975432, 0.8585323972786324, 0.823533720608195, 0.8772189223653762, 0.9023743831790303, 0.9001147892539522, 0.9009885143531576, 0.8996587313233536, 0.5237361199755289, -0.5709787843436124, 0.9758033693301329, 0.9663100760836382, 0.9628508573118514, 0.9833754408460998, 0.969465854626773, 0.9806872126598932, 0.9806363252959764, 0.944591820420498, 0.9801912392188299, 0.9292391064438141, 0.6446727534070206, 0.8732454571299179, 0.9197052420555363, 0.7519236166557258, 0.9228537813539007, 0.9426666275125748, 0.815304759663679, 0.9592826244911494, 0.8896759018950291, 0.6430713267701678, 0.7063498789609782, 0.8866444860488341, 0.8592935365828702, 0.882975781356126, 0.9696727236649237, 0.9698998722209065, 0.7368794604036376, 0.7050618995571911, 0.8179319788556376, 0.34113454173702173, 0.7889704094743284, 0.821974231578877, 0.8085657154751992, 0.8095215051482312, 0.7518806644500362, 0.7417921735713011, 0.7219975218101307, -0.23713485968276554, -0.3767715214112753, 0.6357067155314086, 0.8976052915573696, 0.9428774743174689, 0.9472075227956918, 0.9181231282734997, 0.8258917298276199, 0.9142299806498777, 0.9357341044115457, 0.9357152953048545, 0.8646669677517016, -0.18088483426133936], [0.9989051850826298, 0.9975698043439799, 0.9928541500968114, 0.9992132913326671, 1.0, 0.992078016630676, 0.9990462726116334, 0.9982856598637943, 0.998341850261596, 0.9729439185457109, 0.9976441249086433, 0.9983320577544789, 0.9981202252484548, 0.9983200131465375, 0.9983860296917011, 0.9986484561084741, 0.9991975658520023, 0.9987095849032143, 0.998709294572631, 0.998406395172747, 0.9983158784839825, 0.9936595432498022, 0.9784556610250085, 0.9937882452514861, 0.9937173355303276, 0.9877127980091049, 0.9801526831326406, 0.9485472648680244, 0.9901014551223948, 0.9925385660086308, 0.9895657803788623, 0.9654684865470572, 0.9989411220405505, 0.9989753281291842, 0.9989694015138318, 0.9984320544382307, 0.9985218126254038, 0.9990695440847989, 0.9991224309275748, 0.9991357288886631, 0.9989261075130983, 0.9989256304346646, 0.9888870896716199, 0.923766547097128, 0.7178594540212851, 0.9164914407080735, 0.9060277412860278, 0.8120536931202388, 0.9477399025297283, 0.9291343805935025, 0.951587681421794, 0.9539127555525215, 0.9465061740250001, 0.9797342428596977, 0.9796744205971913, 0.9782569597607961, 0.969608181155642, 0.9792570928916549, 0.9780858780832336, 0.9795705575712413, 0.979275987570177, 0.9523243785661728, 0.9554475019700369, 0.9505153052404892, 0.9500611959264886, 0.9039929954456524, 0.9717987202632347, 0.9684518984629076, 0.9753152609054184, 0.9743290377388023, 0.9308549983478625, 0.8331144449076542, 0.7869552479313443, 0.85877583535212, 0.9045805071393233, 0.8851737974413073, 0.8940928850051514, 0.8928004453933711, 0.6812045997127544, -0.5936779094077023, 0.9682607589475106, 0.953705644513784, 0.9515778951509583, 0.9794077168419478, 0.9577893626179419, 0.9727517801343685, 0.972259633015935, 0.9333708069370479, 0.9748087159554971, 0.9375638057231704, 0.6307523992981681, 0.8951374752742033, 0.9412482392672381, 0.7001209945442536, 0.9002394067190436, 0.9262759589728474, 0.8088627697401382, 0.9652922787799324, 0.8791669427275343, 0.4906906621365657, 0.6373450261956424, 0.8666255968406957, 0.8205537722036532, 0.8685273364047896, 0.9739892693934291, 0.974163251091763, 0.6895144869432352, 0.6851073922280746, 0.7337817780506354, 0.31525567232923396, 0.670505910515743, 0.7397092833280935, 0.7155290307353926, 0.6951336981876021, 0.7352593349470793, 0.7238996780420373, 0.703118673777137, -0.46046928046455204, -0.5369334657270639, 0.6239369897338048, 0.8900348905706041, 0.9268516627646394, 0.9385807012142171, 0.9142201522288008, 0.8017795566996629, 0.8963540026005721, 0.9198612316811582, 0.9193761931019849, 0.798070102122268, 0.03685030195703377], [0.9882914676886253, 0.9904594062251101, 0.9900554639147112, 0.9892480017121291, 0.992078016630676, 1.0, 0.9885491010644059, 0.9886078606897517, 0.98812667476072, 0.9641340037261292, 0.9793882770101779, 0.9885533302361864, 0.9897084988680945, 0.9886684850043033, 0.988783064617908, 0.9916744857712801, 0.9898122943653214, 0.9894799365734673, 0.9894537741067408, 0.9874637754913411, 0.9885897858233347, 0.9961114734907562, 0.9913439068137918, 0.988475383570563, 0.9882972708238473, 0.9694569729800732, 0.9849177736129957, 0.9665415042424439, 0.9724844086776293, 0.9766266297903092, 0.9845686905677137, 0.9712273842471337, 0.9884925994154717, 0.9886843620521676, 0.9894821604625211, 0.9895092856239103, 0.9819181194909622, 0.9894430452889468, 0.9888831467344659, 0.9890934555862517, 0.9885934303645761, 0.9885775304769956, 0.9946927522914739, 0.877152006256018, 0.7216659941442561, 0.8777669768750404, 0.9010727544789854, 0.8340645989971716, 0.9334023753514845, 0.9120907397361413, 0.9352388565152756, 0.9429970579268094, 0.9310849605939985, 0.9618528559014642, 0.9664054647426567, 0.9678538737956055, 0.980051625342273, 0.9689590773432524, 0.9808327632044296, 0.9688417808127163, 0.9682728913388534, 0.9678269929493101, 0.9593421112750941, 0.9428952471191684, 0.9423808472600342, 0.9299956919547019, 0.9782383869445852, 0.9705658134284453, 0.9691818913636653, 0.9675334338390161, 0.949637596263436, 0.8572198491525778, 0.8092603845339335, 0.8777025410373502, 0.8965867064319848, 0.9040167560613352, 0.8870859101397975, 0.8850055198413249, 0.647889384494794, -0.5339761888117478, 0.9746635664763128, 0.9707833619008827, 0.9673448023573522, 0.9689844023227839, 0.965274485532884, 0.974878379340808, 0.9745275477572715, 0.9552412070697052, 0.964375463808064, 0.9547130203550741, 0.6460324169491566, 0.8373447706321977, 0.9376967084428752, 0.7485089935794055, 0.9126740345299943, 0.9307935766592846, 0.8103570315252517, 0.9556757575807844, 0.8461089002752602, 0.5908932163163214, 0.6804812760048948, 0.843593732397327, 0.8198304300286686, 0.8411224637873113, 0.9578798793856508, 0.9579379356790076, 0.6996397336482753, 0.6848348044994993, 0.7623709176022682, 0.34100805032222364, 0.7412562253203442, 0.7681429749329601, 0.7540436240076406, 0.7560504246650283, 0.7394421721540826, 0.7129374783788761, 0.695238869900633, -0.2676242389043652, -0.39499030546855357, 0.6647702883517191, 0.8839014714834893, 0.9018446515592335, 0.910247900915011, 0.898870390919572, 0.8004539845734447, 0.8706551531261465, 0.8932987687057423, 0.8933241324105335, 0.8375556589640953, -0.15106081479396338], [0.9975396309231943, 0.9930753981084025, 0.990700107075595, 0.9978806421327905, 0.9990462726116334, 0.9885491010644059, 1.0, 0.9971639038383364, 0.9995316275822256, 0.9724347687651498, 0.9994279107645848, 0.9981427318862587, 0.9990711191623464, 0.999026591095091, 0.9988038663111596, 0.9981653296364136, 0.999902903747645, 0.999259435398531, 0.999264880632558, 0.9996528126612433, 0.9992277862285949, 0.9906934758063757, 0.9748095500933102, 0.9841447715792104, 0.9925322400619047, 0.9869647335107311, 0.971942773617864, 0.9437869937878139, 0.9922435656631939, 0.9918213179911781, 0.9930276688555124, 0.971538585638646, 0.998835210115572, 0.9998196362461865, 0.9996552252275039, 0.9993969442400435, 0.9996618259655643, 0.9998504294339436, 0.9979249287663415, 0.9996763671409429, 0.9992784209314136, 0.998887769479186, 0.9830954592170051, 0.9297633750425536, 0.7333524099974993, 0.9295560352234579, 0.9165665653346038, 0.8037113961561226, 0.9588075933056116, 0.9407853800227869, 0.9608478634846495, 0.9581881106749977, 0.9519824437262299, 0.9818323863728833, 0.9800338993684127, 0.9407688736550779, 0.9556875410942476, 0.9690249576063711, 0.969325264314954, 0.9708367182994596, 0.9410016786021083, 0.8909483241685722, 0.9455003778221426, 0.9552208627722212, 0.9320753301963323, 0.8771258665416173, 0.9607397939779083, 0.9304748159086315, 0.9626191098516013, 0.9411141763874635, 0.7372315133752494, 0.8277254292850244, 0.7561926252569295, 0.845136093111615, 0.8724712467120854, 0.8763177112209608, 0.8557938761995294, 0.8682618231973792, 0.25852269911471365, -0.6058010589766805, 0.9585877981664527, 0.9369317636705984, 0.9369321098679764, 0.9431024605735105, 0.9549622325958818, 0.9664865780750166, 0.9665383626273318, 0.9237141690590108, 0.9626452884738733, 0.8226746627115267, 0.6260193217314862, 0.8957220515235466, 0.9196280091974608, 0.7406889003680986, 0.9201222821760099, 0.9411450507282227, 0.8094256167643704, 0.9648806208229467, 0.8310560376729124, 0.6308906059077888, 0.6961942754057066, 0.8434653810317685, 0.8376435516976424, 0.8292677092654758, 0.974133129401435, 0.9743734184154393, 0.7228003993622475, 0.6815021863685649, 0.7831741521980902, 0.310415761076534, 0.7657584275537561, 0.7922064421489611, 0.7827857954553283, 0.7884437865814277, 0.7308993357095748, 0.728574595906856, 0.7069560255979418, -0.25588433017218015, -0.4027214767710024, 0.6424855091245969, 0.8915300946160384, 0.9297714762039407, 0.9451038788835942, 0.9175105144348144, 0.8239318240231771, 0.91377228293615, 0.9356111622628416, 0.9350129057538883, 0.7748936007487194, -0.14292963635454922], [0.9953322148842235, 0.9888024388517864, 0.9911293301181467, 0.9958613100678897, 0.9982856598637943, 0.9886078606897517, 0.9971639038383364, 1.0, 0.9999843688868364, 0.9665023623432474, 0.9996497411584956, 0.9999968943103946, 0.9996632970460286, 0.9999978681412718, 0.9999818488897922, 0.9965003714392786, 0.99931657130645, 0.9998886935306751, 0.9998882175443259, 0.9999569798399053, 0.9999944727511966, 0.9908973006068011, 0.9758097582749937, 0.9917937602421111, 0.9930358561946807, 0.9840297773905181, 0.9741135942050383, 0.9424041259829631, 0.9885344387820573, 0.9942804482623208, 0.9916541267824902, 0.9681336703161321, 0.9994289586549983, 0.9994920697860806, 0.9996152551406868, 0.999688274992859, 0.9987938393341432, 0.999411429313678, 0.9991166068680244, 0.9985566826384387, 0.9994986306197835, 0.9993608025326373, 0.9845410573767203, 0.9300133535734981, 0.7201470942805758, 0.9357585062963377, 0.9140130923026232, 0.7822022788760419, 0.957283723772531, 0.9358445088212838, 0.9589038767503615, 0.951738659688975, 0.9454728648420507, 0.9798477679594116, 0.9767858958110588, 0.9349908251502599, 0.9496848638010807, 0.9610866533986294, 0.9652446970785087, 0.9633973144673883, 0.9390107177139891, 0.8800600189936086, 0.9392837711399017, 0.9472218644659299, 0.9259395706358041, 0.8616714599535542, 0.95708642075233, 0.9229465188836411, 0.9559705815486044, 0.9357297078856408, 0.7205188623034121, 0.8174770391386741, 0.7511181964600396, 0.8348654737795939, 0.8634195653647786, 0.8701265576774418, 0.8505007048916936, 0.859979817895881, 0.23751840195556043, -0.6117233299021514, 0.9530328183502849, 0.9269835241798379, 0.9284747968077415, 0.9408548936617268, 0.94875144480277, 0.9610819114030154, 0.9611334021544458, 0.9163904235724105, 0.9541963981114667, 0.8075063326550708, 0.6211834245213441, 0.9165095728287697, 0.9322499486038571, 0.7349892322256806, 0.9193720913934702, 0.9407011962104672, 0.8066267049590997, 0.9696428285288919, 0.8349409559569209, 0.6166136343866043, 0.6866523819704107, 0.8448462271895012, 0.8345882537930258, 0.8327916824079135, 0.97717832286634, 0.9774224012649801, 0.7125661651211551, 0.672395461174417, 0.7852548503675244, 0.2953031191921759, 0.7605492207369029, 0.7878996056306737, 0.784160563128468, 0.7829171962627207, 0.7234155882388562, 0.7220779626201548, 0.6997653882285625, -0.2731569932840866, -0.4190465077864539, 0.6238552675762016, 0.8829299204107448, 0.9275436714658101, 0.9373738244279841, 0.9110784173592662, 0.8123801946520843, 0.9072417402279825, 0.9292849857877727, 0.9289454926380522, 0.7544525258202982, -0.12474656998329664], [0.9956352766339305, 0.9888386567090357, 0.9943871675592967, 0.9962546700602763, 0.998341850261596, 0.98812667476072, 0.9995316275822256, 0.9999843688868364, 1.0, 0.9658109007903846, 0.9996487173712585, 0.9999814544243882, 0.9998372217283826, 0.999989996274971, 0.999996432364557, 0.9989935799798269, 0.9993047375144612, 0.9998256026006218, 0.9998245765351401, 0.9999668306203513, 0.9999823504975203, 0.9937686671110324, 0.9770142441187588, 0.9950774339559357, 0.9952252792260294, 0.984005632864596, 0.9783312838280552, 0.9434330460392184, 0.989100300589252, 0.9933843271309982, 0.9886675995474764, 0.9635947635708967, 0.9993507287341135, 0.9994318725495156, 0.9994336259245192, 0.9998389589859319, 0.9988042525714775, 0.9994001424567536, 0.999340061372624, 0.9985648053999308, 0.9993449674578451, 0.999339030427605, 0.988937037010527, 0.9302545321492489, 0.7209035961540864, 0.9359480740751488, 0.9143664445580368, 0.7824257366839444, 0.9444492216010307, 0.9242302964905623, 0.947825149391697, 0.9491879024628699, 0.9427756521998917, 0.977369152889411, 0.9768835547206196, 0.966989487483248, 0.9500807422836982, 0.9679100197415634, 0.9653122671085156, 0.9683226563474604, 0.9679781200582855, 0.9388086094248637, 0.9385352910433854, 0.9393212390551889, 0.9389009292587542, 0.891412644816793, 0.9574309507236614, 0.9582844238737479, 0.9645503045798075, 0.9633421215854373, 0.9169705853928564, 0.8167607368840064, 0.7646013454198962, 0.8340217226587932, 0.8848596851285968, 0.8683821109093305, 0.8760701146243641, 0.8750109761056715, 0.6259597315302161, -0.6277172960541345, 0.9529527558933059, 0.9270176200871055, 0.9285898582391894, 0.9683804941924626, 0.9432077264617015, 0.9605896888178992, 0.9600610386430829, 0.9172220201155167, 0.9629114381892437, 0.9217439017628051, 0.6194467693187089, 0.9160185759799279, 0.9463718863150974, 0.7096331362864302, 0.9057535102468465, 0.93111320647469, 0.8057203137648803, 0.9683492427119584, 0.8858856577938115, 0.5202662786026242, 0.654351195987635, 0.8739632074563543, 0.8287001403786389, 0.876409055334088, 0.9770998196306734, 0.9773708698874862, 0.7104636708974246, 0.6693855930522475, 0.7500275138860076, 0.2930468682999273, 0.6886644733285987, 0.7555741796499381, 0.7333798306813951, 0.7138823810119326, 0.7207450856307199, 0.7188194955941776, 0.6964590498296632, -0.5100147217548386, -0.5877676733826559, 0.6239830908326073, 0.8818161050921953, 0.9263343423779767, 0.9389573994440705, 0.9101092839127201, 0.8074530435448637, 0.8965874165194542, 0.9193990520661494, 0.9188361600692638, 0.8075781992376844, 0.11027232953926096], [0.979727343049843, 0.9679581106059693, 0.9550266497608011, 0.9793895439327595, 0.9729439185457109, 0.9641340037261292, 0.9724347687651498, 0.9665023623432474, 0.9658109007903846, 1.0, 0.9523052233340061, 0.9668940553786312, 0.965820569513303, 0.9666234453361393, 0.9661756584386304, 0.9675030954275905, 0.9746612382194616, 0.9709871543605131, 0.971000693472512, 0.9666755265862189, 0.9667491540131649, 0.9661058948871266, 0.9534314850744429, 0.9734076770589534, 0.9712970884662507, 0.8971319481098032, 0.9696192810909628, 0.9522542964275956, 0.976427497835673, 0.9704992448962663, 0.9706833262741301, 0.9368256394138137, 0.9747905314858782, 0.9743614502109653, 0.9748162506512325, 0.9670874614513872, 0.9599747072546515, 0.973808107964958, 0.9745968048956962, 0.9773117356267097, 0.9749739324437839, 0.9749920623802819, 0.9560620434396396, 0.8463380961345907, 0.5406183870845155, 0.7997220840974918, 0.8936538810962456, 0.8753454693152156, 0.9027002686543161, 0.8321057253864871, 0.9071618160934657, 0.9171806587012017, 0.9042794268600028, 0.9343140554389395, 0.9341719705963754, 0.9446702177898597, 0.9365430223118869, 0.9548817292049686, 0.9486304829093203, 0.9532656492889492, 0.9532901103248109, 0.9126537619703287, 0.9537659715618223, 0.9391144148848471, 0.9388190352435173, 0.8617112845472974, 0.9363611053088391, 0.9441307108801287, 0.9376733703710959, 0.9366165017630537, 0.887303552013673, 0.8246840714803768, 0.7818011857343188, 0.867210333322379, 0.9175933740836877, 0.8900290626574437, 0.9038679442582067, 0.9031577010392665, 0.7189534887428645, -0.3171496921161873, 0.9536965820310651, 0.9545875650722732, 0.9467770390982808, 0.9464308382636499, 0.9316339686522143, 0.9549521222295316, 0.9548855101797167, 0.9027733566140844, 0.956901924578485, 0.9076126257420625, 0.7207379881014213, 0.700016982531097, 0.8683825740671428, 0.6323039220856149, 0.8569165573404436, 0.8927484182663856, 0.8765097124732643, 0.950835343610057, 0.9063116744738164, 0.4116422546485097, 0.6583293388385375, 0.8986935185902705, 0.8754168015074912, 0.9053437997705744, 0.9510870676638925, 0.951421073582195, 0.5421531614451761, 0.707634758271621, 0.6183098671904388, 0.48817083670923217, 0.5772505088267553, 0.6327214885137311, 0.5935799870415616, 0.5681690424413548, 0.8106915683447578, 0.6878845537798244, 0.6526158289439491, -0.28544469504081516, -0.3349232598558145, 0.7541818159469401, 0.9176893635115498, 0.924369849200941, 0.9126439893291928, 0.9426951457715219, 0.6653083553014706, 0.8451475310010385, 0.9107435060927007, 0.9098991403816409, 0.6930185390359607, -0.16305113104432853], [0.9922607860915705, 0.9912200620660387, 0.9970061892152663, 0.9936971527117159, 0.9976441249086433, 0.9793882770101779, 0.9994279107645848, 0.9996497411584956, 0.9996487173712585, 0.9523052233340061, 1.0, 0.9996777022476804, 0.9996559084833874, 0.9996639678978458, 0.9996703279836328, 0.9994274038428215, 0.9991198222007917, 0.9999557317206955, 0.9999552110362816, 0.9996629391519397, 0.9996710433517993, 0.9901767895458685, 0.9579449310062367, 0.9912597690592434, 0.9923902446450474, 0.9884212195376397, 0.9705534157039016, 0.8961499906902489, 0.9886426691321093, 0.9925082208831593, 0.9727284551817502, 0.8978711064755415, 0.9991589380970276, 0.9992268380127094, 0.9991594328437069, 0.9994569199353014, 0.9994069812710076, 0.9991824285884859, 0.9990468169461403, 0.9978112330788371, 0.9991305556541109, 0.9991257814652132, 0.9896595981315888, 0.9242282411025605, 0.5680627963730484, 0.9314227719656334, 0.9135243733536611, 0.7866572075915719, 0.8580035626020536, 0.8932429704832269, 0.8634487303738708, 0.8758966129276189, 0.8550017586145277, 0.950748854283987, 0.9506750895666329, 0.9507692891038708, 0.9531021654711213, 0.9426248264129734, 0.9446233273809829, 0.9470429386570676, 0.946845980303879, 0.8972522241359613, 0.908769533154347, 0.8669172345714833, 0.8667394992072133, 0.7468793932340803, 0.9468290570895469, 0.9502479389518438, 0.9504191569773992, 0.9497090858976385, 0.8982999819925719, 0.5988061472581729, 0.5356091743167142, 0.6936438284021967, 0.7966070025539898, 0.7228991199658689, 0.7618192825854667, 0.7606255969448695, 0.5268590782820808, -0.40007568876313443, 0.9209537125508498, 0.9310003429383417, 0.9206170597361413, 0.9522283326771581, 0.9173533910306586, 0.9269092669567291, 0.9256614919976426, 0.857008163893682, 0.9312531284673944, 0.8645335582499, 0.5110592068285439, 0.9124648102770829, 0.9073700178228964, 0.2971670504128938, 0.6876665435063302, 0.772479810130868, 0.6490730873069493, 0.9708575757529064, 0.6624155985465642, -0.1773580987356643, 0.18650097531863716, 0.6349409562083637, 0.6392384924751267, 0.6814937665695885, 0.9721489283489928, 0.9722041755600781, -0.024504529017239877, 0.203498735878344, 0.05826742177026867, 0.02445125606036885, 0.05134884446558271, 0.07055421376458318, 0.03745397716889353, -0.011591558271263345, 0.40569563879729886, 0.13748266287587366, 0.0852841449557188, -0.5223404354588903, -0.5558920826617113, 0.6240705017760433, 0.738817961955175, 0.7633260310280793, 0.8267452345609119, 0.824594066466607, 0.5188898016809401, 0.7241055939997508, 0.7593145919858562, 0.7580377507735487, 0.40409153118937713, 0.25615183332951147], [0.9954753156519598, 0.9890465566981359, 0.9910265561188477, 0.9959863105689789, 0.9983320577544789, 0.9885533302361864, 0.9981427318862587, 0.9999968943103946, 0.9999814544243882, 0.9668940553786312, 0.9996777022476804, 1.0, 0.9996482122624067, 0.9999976539398908, 0.999984531155269, 0.9971322624709247, 0.9993671057885909, 0.9998999409650599, 0.9998996546120746, 0.9999647636966437, 0.9999949311373603, 0.9908100990355454, 0.9756902638119893, 0.9924489259430254, 0.9929990949684837, 0.984229140071116, 0.9739520918421444, 0.9424314234019961, 0.9894205422600426, 0.9943350397730734, 0.9917276422624707, 0.9682799919741348, 0.9994712650312625, 0.9995359710489813, 0.9996486063767278, 0.9996902159387601, 0.9988829473152837, 0.9994568472345926, 0.9991555068704929, 0.9986371919317155, 0.9995421932663775, 0.9994040267977782, 0.9843525297617863, 0.9303029709364476, 0.720861911583441, 0.9356932978906847, 0.9142835257692543, 0.7833769323333816, 0.9576091253820744, 0.9362589476493428, 0.9592374459568672, 0.9521125538751976, 0.9458716961354922, 0.9800865712859065, 0.9769713437748854, 0.9353277139471982, 0.9499079102182724, 0.9614175826113592, 0.9654164911218235, 0.9637207626400633, 0.9392879467966406, 0.8802957096028486, 0.9396059535293992, 0.9476702454245094, 0.9263945066053741, 0.8621578319958185, 0.9572023039120878, 0.9232002849128923, 0.956226302009637, 0.9360450196820768, 0.7206835956437943, 0.8180094361307431, 0.7516976110609563, 0.835386468519563, 0.8638120659152161, 0.8704353639850453, 0.8509500343992917, 0.8604512063460183, 0.23790850769961241, -0.6115961749899976, 0.9532878505701187, 0.9274410429901206, 0.9288483566320505, 0.9411156213287131, 0.9490233729267374, 0.9613390969590049, 0.9613911829421814, 0.9166556238466684, 0.9545525226107413, 0.8078100415501566, 0.6214117755769285, 0.9155696656814699, 0.9317040961556835, 0.7352742782023673, 0.91943155143903, 0.9407576347572906, 0.806923756622828, 0.9694709597270845, 0.8353807578589213, 0.6176211426606387, 0.6873511527514792, 0.845308737680169, 0.8351230947757813, 0.8332155170154141, 0.9770930868255584, 0.9773372572035359, 0.7132329461445321, 0.6730280751933095, 0.7858214438791679, 0.29619394820126416, 0.7612373572171706, 0.788572742046813, 0.7847320989218077, 0.7836201169335728, 0.7238324528237522, 0.7225385493227315, 0.7002552662571877, -0.27211239307691304, -0.4180992741619632, 0.6244690935335081, 0.8834452553895772, 0.9279523901464081, 0.9378732550940223, 0.9115269327704343, 0.8129308561770202, 0.9077858133891085, 0.929816464540974, 0.9294629038027975, 0.7551215995518007, -0.12582774056501508], [0.9946959348403215, 0.9888681403336222, 0.9929620349687881, 0.9954171710466329, 0.9981202252484548, 0.9897084988680945, 0.9990711191623464, 0.9996632970460286, 0.9998372217283826, 0.965820569513303, 0.9996559084833874, 0.9996482122624067, 1.0, 0.9996848201532474, 0.99967068239353, 0.9991210524372137, 0.9989179061011669, 0.9994738791301813, 0.9994667069247617, 0.9996654358441597, 0.9996394810462244, 0.9928015460525395, 0.9773087305298129, 0.9957821963805343, 0.9956718743293268, 0.9840670284871611, 0.9767669235687636, 0.9449276496518307, 0.9885558706087599, 0.9923455560052938, 0.9907822705297299, 0.9658623174536491, 0.9987629480132133, 0.9990724496666364, 0.9992658379238852, 0.9999201130955467, 0.9988294261263807, 0.9990458461118521, 0.9985972294329827, 0.9979488903143348, 0.9987550952371, 0.998681125678348, 0.98833018011875, 0.9302628552418606, 0.7166717802367433, 0.9358043160186289, 0.9141803604127405, 0.7826693172686888, 0.9531138696140135, 0.9293014945319628, 0.9541236822880271, 0.9486288602182316, 0.9417964542932743, 0.9765263031454632, 0.9748579310153463, 0.9586978949032736, 0.9495816932978088, 0.9616956139570685, 0.9646745479729669, 0.9635388544075392, 0.9628451911410679, 0.8843822391442867, 0.936604323378487, 0.9460199612387231, 0.9457308395789431, 0.8602927869244645, 0.9575183920059268, 0.9349472046768998, 0.9581144500123371, 0.9567494593808353, 0.7251720340309509, 0.814934211395966, 0.7771777807872489, 0.8329737330148671, 0.8652636322747926, 0.8695202679213506, 0.8591470277516596, 0.859483110110656, 0.22243643658485926, -0.6061134086556159, 0.9523738848585742, 0.9271233224848704, 0.927757162477032, 0.9615419098691197, 0.9484096186299332, 0.9601033897994626, 0.9601094817083276, 0.9163943352545852, 0.9548842453637364, 0.8145230623891719, 0.6218590805348182, 0.916110572976891, 0.9323991783848817, 0.7323975535453607, 0.9174805811874113, 0.9391174512475117, 0.8078700427143749, 0.9721373592748771, 0.8293806147262356, 0.609328550639256, 0.6827679088355463, 0.8364564371570093, 0.8297588145723332, 0.8250767075393683, 0.9790036691391718, 0.9792053460608378, 0.7039964956941864, 0.6675577636246083, 0.765056148421015, 0.2958938046509102, 0.7512071946825427, 0.7772131049700172, 0.7537582977805202, 0.7725225016971242, 0.7215246793994001, 0.7123260172796299, 0.6903044321614573, -0.27883571471756635, -0.42322428677953716, 0.6240461911655203, 0.8812053755183681, 0.9293499691003849, 0.9332990413566808, 0.9106905124539257, 0.805064721684555, 0.9014298689760776, 0.9227069699888318, 0.9230346350022537, 0.7489401233345421, -0.12410049049774705], [0.9953859759202441, 0.9889172260444857, 0.9911898146967849, 0.9959133924384463, 0.9983200131465375, 0.9886684850043033, 0.999026591095091, 0.9999978681412718, 0.999989996274971, 0.9666234453361393, 0.9996639678978458, 0.9999976539398908, 0.9996848201532474, 1.0, 0.9999886296689735, 0.9986500182182685, 0.9993364574280151, 0.9998922618990005, 0.9998914656626958, 0.9999589108463746, 0.999992359594344, 0.9909367973694295, 0.9758639921772336, 0.9942863364243378, 0.9941287432551755, 0.9841467328555655, 0.9741581369222496, 0.9425857761108221, 0.9918893736506578, 0.9946479543807989, 0.9915975204353159, 0.9680326641656157, 0.9994446421655202, 0.9994966554449135, 0.9996251931152457, 0.9997068190309825, 0.9988354020908462, 0.9994220941936293, 0.999182446870161, 0.9985786582190287, 0.9995120538280514, 0.9993773212938896, 0.9845238522721305, 0.9301187276527803, 0.7202265053888401, 0.935780496031213, 0.9142130324710954, 0.7827587731306258, 0.9573906635792013, 0.9360170638308183, 0.959047015152607, 0.9517038675588563, 0.9454125723094547, 0.979894828197313, 0.9767470535917255, 0.9353434179433167, 0.9498095351250444, 0.9612827689349929, 0.9653143714961832, 0.963576918990083, 0.9387264232405889, 0.8802982673103659, 0.9391317307057999, 0.9472972406039252, 0.9261937153595464, 0.8618081145003501, 0.9572501365947235, 0.9233596716897893, 0.9562116039486993, 0.936099714591088, 0.7209122738675383, 0.8174231953994717, 0.7514223021346489, 0.8348571829402563, 0.863609627521329, 0.8700979840254397, 0.8506757690660453, 0.8601719951681803, 0.23788665124791172, -0.6114280777601752, 0.953101102107589, 0.9272022661866065, 0.9286555234969125, 0.9389577564687928, 0.9489457597372516, 0.961158471288389, 0.9612068260046704, 0.9165693641321028, 0.9543926649812579, 0.8078040960637007, 0.6212333363188047, 0.9160614396027577, 0.9321005651291632, 0.7349184101580168, 0.9192427291743293, 0.9406000243869098, 0.8066310094154864, 0.9696603850151427, 0.8350040202896176, 0.616489100801979, 0.6865484476357498, 0.8448930241566117, 0.8347549423843302, 0.8328474916166001, 0.9772302475860802, 0.9774706630713603, 0.7121125741062178, 0.6719905633793799, 0.785260758436675, 0.2956192728868514, 0.7605450272459771, 0.7878385136309195, 0.7843568307248889, 0.7828318863218, 0.723316795918878, 0.7212537959085128, 0.6989768328998498, -0.2729462372695249, -0.4188317687719224, 0.6242085494549713, 0.8828604757331022, 0.927703448333843, 0.9374525792471466, 0.911144650960074, 0.8121953718038956, 0.9074906098019547, 0.9293592561313616, 0.9291368062255172, 0.75458615418639, -0.12506072131028306], [0.9955194411764985, 0.989012798082803, 0.9911076465875683, 0.9960259706869449, 0.9983860296917011, 0.988783064617908, 0.9988038663111596, 0.9999818488897922, 0.999996432364557, 0.9661756584386304, 0.9996703279836328, 0.999984531155269, 0.99967068239353, 0.9999886296689735, 1.0, 0.9986508660490108, 0.9993740707942783, 0.9998884253348684, 0.9998885646831697, 0.999957066808709, 0.9999779834198045, 0.9908563309085117, 0.9758699540138766, 0.9927818942829729, 0.9928103419229161, 0.9842141932662648, 0.9738956312442161, 0.9425177011746606, 0.9919349176165908, 0.994245117607317, 0.9914452039075726, 0.9679133826708762, 0.9994832634168738, 0.9994802665868933, 0.9996104094678403, 0.9996973767649707, 0.9988535004229073, 0.9994251054226204, 0.9992113864265302, 0.9986311391428383, 0.999542395275407, 0.9994215263773083, 0.9843211597359304, 0.9301708506129159, 0.7208637745085631, 0.9357978343112047, 0.9144653102976065, 0.783070104816502, 0.9579821334756031, 0.9370786447012505, 0.9596918299759664, 0.9518894172315179, 0.9456012902365073, 0.980368488148068, 0.9769016313313692, 0.9361298942259738, 0.9502225294645499, 0.9616710390671881, 0.9654831276163626, 0.9639736046603524, 0.940029397311906, 0.8804458759799948, 0.9387075576489756, 0.9475855975059362, 0.9269244887116663, 0.8616715552644736, 0.9576441030745956, 0.9239805725591743, 0.95672764035033, 0.9370023921538195, 0.7206808191521564, 0.8170614792688845, 0.7523798039483405, 0.8343053156756897, 0.8635692824271609, 0.8695717553415491, 0.851134658528608, 0.8605686992750733, 0.2372557755845146, -0.6111092386561007, 0.9531461842914374, 0.9274161810969881, 0.9289065171424415, 0.9419175500077535, 0.9494327929690353, 0.9613021282268367, 0.9614121067018163, 0.916916957808657, 0.9547384855321, 0.8077232553576258, 0.620046734469282, 0.9155938052546406, 0.9317744557901908, 0.7339153474042981, 0.9188038830742338, 0.9401189791489465, 0.8057518370305999, 0.9692902416442659, 0.8359379890917376, 0.6161073526320354, 0.6855190876868255, 0.8453869734371977, 0.8351172254999469, 0.8335569758141332, 0.9770078302270091, 0.9772790050020834, 0.7107990552291724, 0.6697425716867138, 0.7863024962219862, 0.29403917348272707, 0.7607243300944814, 0.7881742481501296, 0.7855611921210658, 0.7829895048303743, 0.7215822583662446, 0.7190138919700141, 0.6967019105672684, -0.2721414189422434, -0.41810147547052817, 0.6241547186850008, 0.8820122656459612, 0.9282859294952378, 0.937951332187943, 0.9104186941575041, 0.8123540788208838, 0.9085114273138791, 0.9299332268095236, 0.9298220470755406, 0.7544721747098113, -0.125011902109941], [0.9965939410956788, 0.993676184461159, 0.9917328751893734, 0.9971163132158535, 0.9986484561084741, 0.9916744857712801, 0.9981653296364136, 0.9965003714392786, 0.9989935799798269, 0.9675030954275905, 0.9994274038428215, 0.9971322624709247, 0.9991210524372137, 0.9986500182182685, 0.9986508660490108, 1.0, 0.9990579708646852, 0.9989897186135923, 0.9989868739818282, 0.9988036851610855, 0.9985445940577276, 0.9923795361964279, 0.9785555076333818, 0.9838424000805728, 0.990194694498526, 0.9896318860833083, 0.975978161910551, 0.9497558421224905, 0.992929648785399, 0.9930236219159023, 0.990438839600265, 0.967912337803639, 0.9987930981779434, 0.9987192888861682, 0.9989492158277988, 0.9986687048809771, 0.9993944832565017, 0.9988661000559492, 0.9989126884096734, 0.9984043335079806, 0.9986808611919001, 0.9987441334937065, 0.9834026326408072, 0.9236089523884545, 0.7257093209485034, 0.9295718467394034, 0.9168927440091585, 0.7996468096954676, 0.9610050340520636, 0.9407953283688453, 0.9630927151019536, 0.9515281735285073, 0.9438348552493018, 0.9807512230260805, 0.9761676176295474, 0.9482432278184776, 0.9590482584595279, 0.9682831275291442, 0.9698990141923378, 0.9697507204295837, 0.9511190744743804, 0.8920074464696296, 0.942381390