var element = document.getElementById("correlationClose");

if (element.style.display != 'none') {
    var correlationClose = {"data": [{"type": "heatmap", "z": [[1.0, 0.9999828398938172, 0.5663862080861413, 0.999699466386165, 0.9974475766265783, 1.0, 0.990764636231988, 0.9862930400400313, 0.9914101743185608, 0.9729982285391346, 0.981806793505695, 0.9908095449575728, -0.13251376046639707, 0.9908752365060443, 0.9909182291244143, 0.9935341527190594, 0.45996235518460826, 0.9918948722727869, 0.9918806781685846, 0.983807287582816, 0.9907972253096448, 0.4453833125233089, 0.6617932023253715, 0.9776863131581095, 0.9776630592054334, 0.9594991091653775, 0.3035109486245285, -0.1236471199727213, 0.9898672250103546, 0.9898259623265694, 0.27435031114772224, -0.20552732456523523, 0.9937152100843203, 0.9945922271576019, 0.8096011436972451, -0.39111906145737085, 0.987385469878259, 0.9943414597202417, 0.9942442184286236, 0.4423841068982091, 0.9939045619658596, 0.9938910825012512, 0.9939045508967453, 0.8890474730547003, 0.6720214075568633, 0.8634400607803503, 0.879225801189826, 0.7940623107761107, 0.38963391187285124, -0.13006069590991362, 0.1918017806839925, 0.9457180724979035, 0.4666530594516494, 0.9770431435368081, 0.9712117906315912, 0.9139601793053663, 0.9093215002846721, 0.9323535182835404, 0.9075435255905651, 0.9290875593421183, 0.9298846320307833, 0.929087567663484, 0.8417843337085197, 0.905471117218161, 0.906573580755901, 0.905471117218161, 0.8943512756638599, 0.7312618954517175, 0.8695186480758568, 0.8711724236535021, 0.8695186480758568, 0.6158815673785524, 0.3067415256955655, 0.5923625732507443, -0.5958481770526909, 0.4868831435350187, 0.5421392474306205, 0.5436009361042599, 0.5421393992641396, -0.10000397040303445, 0.8815397582386022, 0.9132491248907832, 0.8949905913228269, 0.915474705691403, 0.4578664645652867, 0.8788250852709935, 0.8800639018630946, 0.8788250852709935, 0.8887047545475183, 0.8887047545475183, -0.1632648081250445, 0.5454051025026762, 0.19443270144006303, -0.5542469290606606, -0.5609451560075734, -0.5646165812410139, -0.03582201692420036, 0.0538296513999317, 0.2623256037872708, 0.1424299302398512, -0.37560512814871405, 0.05931376472864534, -0.7921335009569519, -0.2069778279927345, 0.11867659600144669, 0.11894788396067217, -0.538618758792207, -0.606178414095772, -0.20848187853301633, -0.48412285090316076, -0.8294889559510101, -0.34576709590206856, -0.3367644957944981, -0.34576709590206856, -0.18232624891572174, -0.25278690889540517, -0.2527880187155401, -0.8180286734409222, -0.8180286734409222, 0.4025668597918934, 0.6590251689005474, 0.8737863164973684, 0.8525573418630297, 0.7905663822416531, -0.24413720063620983, 0.7685124345920036, 0.8090364364173827, 0.8093065378418605, 0.8090361862167712, -0.23504070562785798], [0.9999828398938172, 1.0, 0.9688693070348802, 0.9992046216260995, 0.9936589522968031, 0.999982839893817, 0.9777045700343874, 0.9685987798116287, 0.9774815267642777, 0.9580821839581836, 0.9796722041800252, 0.9777527792717069, 0.9777119433242203, 0.9775268149419307, 0.9767951140705354, 0.9853634672786592, -0.25635325569916007, 0.9832006717277172, 0.9831716686202067, 0.9778196047371829, 0.9778102063962979, -0.1516318972244561, 0.96758973891734, 0.9707584088611626, 0.9708302724687767, 0.9597172128965564, 0.028606508562544593, 0.14779039684851342, 0.9757155827295706, 0.9757763299252389, 0.9711328260399515, 0.13516117086301274, 0.9873620164905527, 0.9874454361210657, 0.9882286785502731, 0.9799441442941371, 0.9857407434597285, 0.9873900450640999, 0.9880460946164344, -0.26305127947397683, 0.9883175682936125, 0.9882977338855454, 0.9883175682936125, 0.8892901125827124, 0.5544829891444122, 0.8641847303827582, 0.879890092377631, 0.7933360618090883, -0.44284282178651085, -0.5494043883977906, 0.8304663892761097, 0.8571293171078759, -0.17477526231304544, 0.9342191899202481, 0.9342980210712778, 0.9220566914684343, 0.9322170560936769, 0.9095455130980308, 0.9091771291671122, 0.9164174013647909, 0.9171633601890106, 0.9164174013647909, 0.7714449604841261, 0.7316075202265317, 0.7338129823519179, 0.7316075202265317, 0.9264322903916924, 0.9316318684594199, 0.9262535973684155, 0.9274853383658077, 0.9262535973684155, 0.4395768192572889, 0.3813510197246176, 0.5028548130583027, 0.6070189539184917, 0.4856945070936103, 0.5271937160473685, 0.5280976906563846, 0.5271937160473685, -0.21634862221367887, 0.8656100436937514, 0.9026913273904642, 0.8889699192703977, 0.9293655004603628, -0.07282140636986473, 0.8595219290065904, 0.8599349179513238, 0.8595219290065904, 0.8709453750832348, 0.8709453750832348, -0.2664919585326071, 0.5461151733523708, -0.3825629977459898, -0.6492702287032939, -0.46785341107024025, -0.47122500200805906, -0.30344262787480053, 0.21917670256814178, -0.21431634592876528, -0.39130410566897256, -0.5840979111132288, -0.2852326670394325, -0.5004326862571725, -0.33899458146174105, 0.09292190262462954, 0.0880683455448437, -0.4882490281076786, -0.4434698029373203, -0.4715127989858339, -0.5010476498413272, -0.4935669016923195, -0.4737513091773737, -0.47698984725283544, -0.4737513091773737, -0.35834916731976224, -0.4964190221100255, -0.4964190221100255, -0.4704051887210947, -0.4704051887210947, 0.40283822368686556, 0.4168184314271478, 0.5207044266059031, 0.6034245553686027, 0.5789450755378489, -0.3888390546968963, 0.3855559228009139, 0.3764326201789114, 0.37654336410961237, 0.3764326201789114, 0.1173437207334099], [0.5663862080861413, 0.9688693070348802, 1.0, 0.5598459190657897, 0.44737942643213335, 0.5663862080861412, 0.5553329202157145, 0.5435556655189362, 0.4532823039229398, 0.3928988569627459, 0.9966400756219753, 0.5553449227381602, 0.5155613956124692, 0.5556811955544042, 0.5578578629323537, 0.5941206049174926, -0.1003829667657869, 0.5001929677733513, 0.49930762915507254, 0.45181297479077953, 0.5542642349418833, 0.2075853296597677, 0.6947559437899316, 0.5219456425324466, 0.5216590749763752, 0.9833224154074924, 0.28809151540331157, 0.17817228402818183, 0.5209791825857782, 0.5204744883397662, 0.7678197928273874, 0.008451162182201745, 0.5536541474500248, 0.45236094211057637, 0.5412254547626563, 0.3624399567180253, 0.993931322829275, 0.4394561480511866, 0.556252645249451, -0.10655009138008856, 0.5696858370417893, 0.551743985938811, 0.569685625004564, 0.8949361041805157, 0.3896840512176155, 0.902682880759405, 0.8674608857807231, 0.6504678673883819, 0.2006791014439785, -0.009427053773534281, 0.058293536844306285, 0.4205343036217019, -0.07089698809861683, 0.5123100832015235, 0.4453149493570222, -0.0746372432431259, 0.6847702718556753, 0.6405059962229458, 0.47749085107313377, 0.6467409308849861, 0.7113160564736493, 0.6467410184456722, 0.3235468858171393, 0.5402220239988851, 0.6410669630879026, 0.5402220239988851, 0.5551721065890767, 0.6196824668637175, 0.6595397229917535, 0.7323107377474651, 0.6595397229917535, 0.19854434587192551, -0.08362207531786985, 0.21797078961564206, 0.1496727285517535, 0.21743512587302957, 0.2630097164287289, 0.3933077601339796, 0.26300980188933226, -0.1721640874910249, 0.43272803644642527, 0.8044542771258003, 0.5182800568525527, 0.7278838264518963, 0.08541611866206882, 0.5002583004825342, 0.5004345372509837, 0.5002583004825342, 0.6273764928845978, 0.6273764928845978, -0.29043055505474474, 0.7167691240530519, -0.22909812627427542, -0.5375610659788036, -0.3858467671137119, -0.38949552119207276, -0.3899703102260479, 0.00904078066611481, 0.024805888713232402, -0.25643323678515373, -0.5204361083606762, -0.13372390204180676, -0.22238693415355673, -0.20681859745239525, -0.0299351830230332, -0.03363790497109219, -0.44550994542969347, 0.013489104079359122, -0.2171154307068262, -0.4801922785092648, -0.10918504977638593, -0.3545733947670868, -0.23033231822708147, -0.3545733947670868, -0.4282004395231968, -0.5034979333688989, -0.5034989538242857, -0.23694678417526202, -0.23694678417526202, 0.32767835223622593, 0.133452518351335, 0.24274768386582038, 0.4877117871408783, 0.21418595852667793, -0.3026653065208164, -0.03761073234185955, 0.4462821780214941, 0.5612913926664941, 0.4462818668170663, -0.04066193527519312], [0.999699466386165, 0.9992046216260995, 0.5598459190657897, 1.0, 0.9986186399156616, 0.9996994663861648, 0.9923791220201726, 0.988390738560787, 0.9933787448263497, 0.9707525183260934, 0.9868993223491509, 0.9924116893882083, -0.136953147934354, 0.9924492101996487, 0.992489124329818, 0.9951212470658127, 0.44573279957235606, 0.9932814777351053, 0.9932691563769902, 0.9842539297001344, 0.9923910126965175, 0.43657433278649105, 0.6651591534312988, 0.9806685535457724, 0.9806456539313255, 0.9701150566605948, 0.2985201698933145, -0.13102403252267666, 0.9896181338040237, 0.989587325220463, 0.26585904711596486, -0.20639585875830305, 0.9945242551446838, 0.995691500362999, 0.7687030558522919, -0.39693925339444, 0.9911158434317181, 0.9956844334470717, 0.9948765370635058, 0.4277818596646531, 0.992081747414516, 0.9945999468099819, 0.9920817283727968, 0.8874842488836363, 0.6592085941354127, 0.87183898264857, 0.8755810392329589, 0.7711907671566722, 0.38405977856696943, -0.13612559665021728, 0.1851898706520826, 0.9399044386066632, 0.4504671488658107, 0.9727225415601282, 0.9683729330388406, 0.8894447385478678, 0.9001995507217638, 0.9171665665567721, 0.9023497291473545, 0.9091887180148163, 0.9102947703132096, 0.9091887344312004, 0.8316657484466478, 0.8916954352257278, 0.8929078546955334, 0.8916954352257278, 0.8898150927964186, 0.6632009658592976, 0.8248245794978303, 0.8265233330278299, 0.8248245794978303, 0.6056363112293405, 0.10042605392363015, 0.5801075555896248, -0.6010799642493931, 0.4801167381442541, 0.2841269606547092, 0.5113109374650596, 0.2841270953030034, -0.10699474211370837, 0.8746111853282597, 0.9022495466735189, 0.884689325710207, 0.8884842023651756, 0.44448807574737625, 0.872911506527374, 0.8743217259203606, 0.872911506527374, 0.8661476452198847, 0.8661476452198847, -0.16964727935076235, 0.5731885685497307, 0.199162554605726, -0.5651507566540133, -0.568907537335901, -0.5724838079084146, -0.04862389074179062, 0.048147105454328265, 0.2550349386823573, 0.12949735644842691, -0.3887121334680358, 0.052544089523617464, -0.79905322377346, -0.21514635863055456, 0.10730880340871726, 0.10762628316573915, -0.5462901522365619, -0.6030605054156194, -0.2103650910791993, -0.4967443420598535, -0.8320318746400631, -0.34772470293021324, -0.33928883973162194, -0.34772470293021324, -0.19201001010465243, -0.26323388831938976, -0.26323500426813845, -0.8183938214988018, -0.8183938214988018, 0.3884555990304608, 0.6469248351558031, 0.8662338252992641, 0.8450628131108248, 0.7832391699074537, -0.25795544429064365, 0.7596370909816041, 0.8004692846849882, 0.800747249947798, 0.8004690292616526, -0.21977180592871065], [0.9974475766265783, 0.9936589522968031, 0.44737942643213335, 0.9986186399156616, 1.0, 0.9974475766265783, 0.9967459267441136, 0.9947462682030257, 0.9969321371332786, 0.9602204883210576, 0.9952642028686361, 0.9967644453294338, -0.3488375337470568, 0.9967955354097701, 0.9968173916975435, 0.9978415525216214, 0.2516312993077363, 0.9973444204391495, 0.9973378181084905, 0.9859989722155504, 0.9967511531007766, 0.06771750981236452, 0.624237669045314, 0.9904579811310722, 0.9904130597891506, 0.9842305849762716, 0.04350936796496197, -0.11665051157597796, 0.987831833006692, 0.9877683773243134, -0.052302394872845236, -0.1046137189534154, 0.9977051136050299, 0.9976437014569914, 0.7442255748077591, -0.540522015812057, 0.997105144741413, 0.9978918385726296, 0.9979890643849297, 0.22791159622189816, 0.9976633609196033, 0.9976641226433218, 0.9976633238923389, 0.9028761081428949, 0.620038421638331, 0.8942076906846778, 0.8794407561924971, 0.7369724760290671, -0.09817859973501251, -0.5790165358278725, -0.23766993643884085, 0.9250534923412864, 0.3060635504685358, 0.9661500257033583, 0.9662447325561485, 0.8830602949640761, 0.877183647256568, 0.902065670428275, 0.8869196823090724, 0.9001179504110016, 0.9005658231690521, 0.9001179616802701, 0.8008157253706475, 0.8327076538053986, 0.8341164847679903, 0.8327076538053986, 0.8762487047315638, 0.7666442817340537, 0.8559538632791636, 0.8569958157633657, 0.8559538632791636, 0.5557244243348328, 0.4188760087908657, 0.538546861396988, -0.6474016577502424, 0.5347729292387535, 0.5117245065552548, 0.5113401493968551, 0.5117247362309533, -0.12735137649455736, 0.8528803778066489, 0.8704558453260759, 0.8560816747235814, 0.8931693785122308, 0.3022335949423381, 0.8543031516158497, 0.8556762723658587, 0.8543031516158497, 0.8625019753523576, 0.8625019753523576, -0.2133465205278195, 0.6338620870225881, 0.05259009440613647, -0.6006603349242687, -0.6273910271675376, -0.6277896646611852, -0.08521266430889142, 0.06963745197002644, -0.14474428826346855, -0.12373562297448892, -0.47691176081730396, -0.32154930703190515, -0.8641006135304188, -0.5153500355878061, 0.07264160861864949, 0.07279259896907889, -0.5774425589184593, -0.594490752205734, -0.5104155964964218, -0.5406404712762855, -0.800002947757782, -0.5670402340213255, -0.5696459439033762, -0.5670402340213255, -0.23667653428979155, -0.3025665058814236, -0.30256760930111826, -0.7660249293536403, -0.7660249293536403, 0.3674425133452279, 0.6250954865805729, 0.8155296155180969, 0.7898610731557243, 0.770081831274113, -0.3976391593285378, 0.608687830463194, 0.6910412831684616, 0.6914609522492464, 0.6910407021957956, 0.015321449089601967], [1.0, 0.999982839893817, 0.5663862080861412, 0.9996994663861648, 0.9974475766265783, 1.0, 0.990764636231988, 0.9862930400400313, 0.9914101743185608, 0.9729982285391346, 0.981806793505695, 0.9908095449575728, -0.13251376046639707, 0.9908752365060443, 0.9909182291244143, 0.9935341527190594, 0.45996235518460826, 0.9918948722727869, 0.9918806781685846, 0.983807287582816, 0.9907972253096448, 0.4453833125233089, 0.6617932023253715, 0.9776863131581095, 0.9776630592054334, 0.9594991091653775, 0.3035109486245285, -0.1236471199727213, 0.9898672250103546, 0.9898259623265694, 0.27435031114772224, -0.20552732456523523, 0.9937152100843203, 0.9945922271576019, 0.8096011436972451, -0.39111906145737085, 0.987385469878259, 0.9943414597202417, 0.9942442184286236, 0.4423841068982091, 0.9939045619658596, 0.9938910825012512, 0.9939045508967453, 0.8890474730547003, 0.6720214075568633, 0.8634400607803503, 0.879225801189826, 0.7940623107761107, 0.38963391187285124, -0.13006069590991362, 0.1918017806839925, 0.9457180724979035, 0.4666530594516494, 0.9770431435368081, 0.9712117906315912, 0.9139601793053663, 0.9093215002846721, 0.9323535182835404, 0.9075435255905651, 0.9290875593421183, 0.9298846320307833, 0.929087567663484, 0.8417843337085197, 0.905471117218161, 0.906573580755901, 0.905471117218161, 0.8943512756638599, 0.7312618954517175, 0.8695186480758568, 0.8711724236535021, 0.8695186480758568, 0.6158815673785524, 0.3067415256955655, 0.5923625732507443, -0.5958481770526909, 0.4868831435350187, 0.5421392474306205, 0.5436009361042599, 0.5421393992641396, -0.10000397040303445, 0.8815397582386022, 0.9132491248907832, 0.8949905913228269, 0.915474705691403, 0.4578664645652867, 0.8788250852709935, 0.8800639018630946, 0.8788250852709935, 0.8887047545475183, 0.8887047545475183, -0.1632648081250445, 0.5454051025026762, 0.19443270144006303, -0.5542469290606606, -0.5609451560075734, -0.5646165812410139, -0.03582201692420036, 0.0538296513999317, 0.2623256037872708, 0.1424299302398512, -0.37560512814871405, 0.05931376472864534, -0.7921335009569519, -0.2069778279927345, 0.11867659600144669, 0.11894788396067217, -0.538618758792207, -0.606178414095772, -0.20848187853301633, -0.48412285090316076, -0.8294889559510101, -0.34576709590206856, -0.3367644957944981, -0.34576709590206856, -0.18232624891572174, -0.25278690889540517, -0.2527880187155401, -0.8180286734409222, -0.8180286734409222, 0.4025668597918934, 0.6590251689005474, 0.8737863164973684, 0.8525573418630297, 0.7905663822416531, -0.24413720063620983, 0.7685124345920036, 0.8090364364173827, 0.8093065378418605, 0.8090361862167712, -0.23504070562785798], [0.990764636231988, 0.9777045700343874, 0.5553329202157145, 0.9923791220201726, 0.9967459267441136, 0.990764636231988, 1.0, 0.9971786414594613, 0.9999679387552576, 0.951167287495936, 0.99958615974118, 0.9999961472827815, -0.15046950660972483, 0.9999924115350354, 0.9999218555609304, 0.99413655350645, 0.39594269033025187, 0.9998358059675224, 0.9998359328590667, 0.988461733230458, 0.9999963437801257, 0.34252873539876166, 0.6662969359273743, 0.9842121808910597, 0.9844058260451762, 0.9855955899748567, 0.21978624348674544, -0.19015006135251197, 0.9921946614659352, 0.9919179649232166, 0.16513959256974842, -0.25677700446987534, 0.999292033872552, 0.9993830682053186, 0.3484372663503307, -0.32900356816152804, 0.9986684299597377, 0.9992925023327638, 0.9982472923002261, 0.37644921737008913, 0.9312192986452759, 0.9990193579587124, 0.9312192719751056, 0.9113354297681848, 0.6231992464969394, 0.9172462554225465, 0.8887728240676399, 0.689607038296168, 0.4149075234272163, -0.0789992371427709, -0.21157625244473607, 0.9234431719928319, 0.4085095605180806, 0.9683451445948834, 0.9611749924388396, -0.08522845373820281, 0.8264860605353436, 0.8004808409299343, 0.8476299774603093, 0.7937160013488924, 0.7616080063885466, 0.7937160413725162, 0.7563530137361959, 0.7612781146238494, 0.7601047703083917, 0.7612781146238494, 0.8343541219857828, 0.3050885591684333, 0.5223972992374405, 0.6061506375594161, 0.5223972992374405, 0.5230059738210567, -0.36231381416664094, 0.4839915538826436, -0.6643646684235041, 0.401031082383152, -0.13040847069044273, 0.3667096474580463, -0.13040839265772977, -0.1515450767006816, 0.8097190630913763, 0.8181379226304906, 0.8077401451232342, 0.7340767986243265, 0.393520423486908, 0.8130536972291356, 0.8150568516527952, 0.8130536972291356, 0.7205740663059306, 0.7205740663059306, -0.250498440853686, 0.6847125356225235, 0.2532066438055455, -0.5842850888259096, -0.6123749497255102, -0.6154681289301558, -0.10103560073908979, -0.004441726151208014, 0.3582250475148657, 0.09007454872896346, -0.41672044687895626, 0.10306814139423723, -0.82648952993898, -0.11937448642440196, 0.03509479652237774, 0.035485330665937224, -0.592614897242861, -0.6088328668872631, -0.050465301753877825, -0.5780534367284481, -0.844369122380284, -0.3444943593384781, -0.17067827235850497, -0.3444943593384781, -0.27259575730716606, -0.31383131413999027, -0.313832357373278, -0.8379315057969824, -0.8379315057969824, 0.36439288681925, 0.6019371421918404, 0.49716675520932696, 0.8076108922426997, 0.7593149131320388, -0.3167577514442177, 0.059556445270561705, 0.7644212272450157, 0.7830989506256034, 0.7644209908472719, -0.14385550529952992], [0.9862930400400313, 0.9685987798116287, 0.5435556655189362, 0.988390738560787, 0.9947462682030257, 0.9862930400400313, 0.9971786414594613, 1.0, 0.9994644770082023, 0.9427103154749091, 0.9982611540715243, 0.9979820942683179, -0.15995182909661132, 0.9990018210295105, 0.9987056622953083, 0.9867699496117452, 0.37382462974562175, 0.9990541383129322, 0.9990558593485752, 0.985516828105277, 0.9991639744195413, 0.31511085548300916, 0.6654514566997481, 0.9918357201548229, 0.9820693426964489, 0.9811640936632441, 0.1997927101311818, -0.20530309975895147, 0.9884803061569489, 0.9918926618499186, 0.14448252813812845, -0.2638770443850519, 0.9981318436849608, 0.9980293459332003, 0.32735471786039355, -0.3366044482372893, 0.9960466990082062, 0.9978564875693406, 0.9975902548556808, 0.35383503162007923, 0.9222900049243085, 0.9979647946515614, 0.9222899692472804, 0.9086966884260523, 0.6071618221119064, 0.9177046023205969, 0.8844540132728447, 0.6616597432514948, 0.4012969548936751, -0.0949461047866533, -0.22544313687556886, 0.9140198089325672, 0.3872566675907053, 0.963495360865703, 0.955472358747507, -0.0963401683057552, 0.811244175344963, 0.7815525750106573, 0.83708767185202, 0.7760188457584974, 0.7478249597987532, 0.7760188918552475, 0.7410733804002517, 0.739762384657117, 0.7451104276161221, 0.739762384657117, 0.8240920501846078, 0.28292030783453753, 0.4988917828317696, 0.5876892536738191, 0.4988917828317696, 0.5073278138984465, -0.37847745475329936, 0.46644773029505704, -0.6737735957175881, 0.39087165242477984, -0.15452015738117292, 0.34806966360080877, -0.15452007810241333, -0.15899737703136904, 0.7973388781822822, 0.7982294871969453, 0.7914797372080665, 0.7176260988017606, 0.3760431666869615, 0.8013339048316639, 0.8035704489966683, 0.8013339048316639, 0.6998861583547232, 0.6998861583547232, -0.2678472657862173, 0.7151905268721557, 0.2613666451827149, -0.5944742856563918, -0.6267346079472975, -0.629626885120906, -0.11699172863735194, -0.013462962188549041, 0.3513033346515822, 0.0701907330409064, -0.4306019202311731, 0.09363416459795959, -0.8337280416048432, -0.12601257612787345, 0.01798612272532305, 0.01839383391768994, -0.6057124470673793, -0.610263674754227, -0.0574691004945389, -0.5972804415193914, -0.8449334152865147, -0.35685857015682804, -0.1770752298459633, -0.35685857015682804, -0.29208774321158265, -0.32895773732714345, -0.32895878026339076, -0.8368752117904291, -0.8368752117904291, 0.34026562688230955, 0.5834417256006218, 0.47724846087455913, 0.7889757629638456, 0.7455668605546205, -0.34036877304869784, 0.04451695218644566, 0.7445062907948914, 0.766847386681516, 0.7445060479660134, -0.12574577830975583], [0.9914101743185608, 0.9774815267642777, 0.4532823039229398, 0.9933787448263497, 0.9969321371332786, 0.9914101743185608, 0.9999679387552576, 0.9994644770082023, 1.0, 0.9499189626518824, 0.9995318350305613, 0.9999688520571549, -0.3237122120140732, 0.9999733940724195, 0.9999343017685136, 0.998109519705087, 0.2899429178367922, 0.9997770409713707, 0.9997776391901245, 0.9882532271056723, 0.9999658132564825, 0.11614661016632412, 0.6227227970881619, 0.9941044296161665, 0.9940488879840346, 0.9853799755312498, 0.026151688335347544, -0.1300440212509564, 0.9907309191730376, 0.9906948481183503, -0.033956839261593395, -0.2174682767408092, 0.9993121174161835, 0.9992705373223815, 0.7566017732242579, -0.5295764477935747, 0.998577503878777, 0.9992722049382184, 0.9991752789697124, 0.266934601330928, 0.9991535605089604, 0.9991589406897863, 0.9991535605089604, 0.9114143799185912, 0.6242096875331369, 0.9171220465046994, 0.8884417581773462, 0.6889376560042322, 0.00958925561113014, -0.5246371827908386, -0.1867413909987894, 0.918637231939873, 0.3575043303941093, 0.962374228873401, 0.9614253819396065, 0.8542481802924037, 0.8272031375768535, 0.8742174576246141, 0.8484181567727187, 0.872328633465009, 0.8730825326309075, 0.872328633465009, 0.7552534027281383, 0.8138491396165688, 0.8155760704619756, 0.8138491396165688, 0.8357012860657838, 0.7262612961220877, 0.8244244104742114, 0.8259280083516151, 0.8244244104742114, 0.5220755292820803, 0.3425363513207383, 0.4828906501562538, -0.6939596472013526, 0.4602145465692271, 0.4237555887821724, 0.4238124557972341, 0.4237555887821724, -0.10775940649027167, 0.8100825846144902, 0.8178580486085486, 0.8078784685767395, 0.8649893187690119, 0.32047130688329695, 0.8191127767475567, 0.8215471289514502, 0.8191127767475567, 0.8273085836060423, 0.8273085836060423, -0.25283023832937235, 0.685644295738502, 0.07803897794418987, -0.5966823061871391, -0.6541398456485222, -0.654967807653593, -0.1047194845903476, -0.0022617479158807334, -0.15207869082341263, -0.09445505007129824, -0.46531828610044085, -0.35283186556492396, -0.8782457760473571, -0.5545020623991116, 0.03362906262592309, 0.034530450210668855, -0.5945664161920527, -0.604907359227268, -0.5200818616727312, -0.5802536856484443, -0.8198278511164724, -0.5908397869389467, -0.5928923316920487, -0.5908397869389467, -0.27519463386755527, -0.31750494750835384, -0.31750494750835384, -0.799558376960185, -0.799558376960185, 0.36521677470617714, 0.6007352121510258, 0.8230927461140983, 0.8015602625131413, 0.7577591377693653, -0.34568099616617864, 0.642054725564486, 0.7118548928633269, 0.7120191918515278, 0.7118548928633269, 0.09893227993281845], [0.9729982285391346, 0.9580821839581836, 0.3928988569627459, 0.9707525183260934, 0.9602204883210576, 0.9729982285391346, 0.951167287495936, 0.9427103154749091, 0.9499189626518824, 1.0, 0.9231253021337235, 0.9512044225449099, -0.2647381519607496, 0.9508558939167489, 0.9501150955258858, 0.9518686002133643, 0.09880020505352793, 0.9568648765316353, 0.9568406830335697, 0.9513491641627021, 0.9513403609291347, 0.044094518037523456, 0.6720742696156383, 0.9531428687607011, 0.9533598604883409, 0.8221993241239407, 0.12667344535733363, -0.1120969787792014, 0.959767190546252, 0.9599012484980034, 0.11067436857806019, 0.052151848494404754, 0.9612399582044183, 0.9615262866368114, 0.8516409883604478, -0.4546183112323016, 0.9350414307639596, 0.9603969409109337, 0.9618588721572239, 0.07601778292128906, 0.9626308966296384, 0.9625940756432948, 0.9626308966296384, 0.7820339694627996, 0.419565516865988, 0.7412547641948215, 0.8583495259476939, 0.8331017280073538, -0.5542699028901442, -0.6860442177577483, -0.3066959639204369, 0.8676109851093844, 0.07594617196692222, 0.901704461163713, 0.9017540473945482, 0.8584964547059108, 0.8523913112179936, 0.8843102114818345, 0.8616289238366119, 0.8761691305048551, 0.8770089292215886, 0.8761691305048551, 0.8008343126037434, 0.7790787790764834, 0.7812085609022352, 0.7790787790764834, 0.8536521145863167, 0.873943232942002, 0.8517872884433124, 0.8525851247593308, 0.8517872884433124, 0.6220366798360729, 0.5416650759346396, 0.623272319302055, -0.4151145000467951, 0.6439861702238983, 0.6651051120622159, 0.6682502533802003, 0.6651051120622159, -0.26470748162536145, 0.8585769171273634, 0.9197671737212424, 0.8767712072721717, 0.8749628310319888, 0.1965225975128454, 0.8505567093365016, 0.851919731390017, 0.8505567093365016, 0.8624165698699382, 0.8624165698699382, 0.011373472346527667, 0.2844680469869976, -0.0894505050267384, -0.5036933115022073, -0.3988204499454345, -0.4007377511240107, 0.06281242680174745, 0.3853195857168573, 0.09995815174201464, -0.028012294565615426, -0.3511439924826878, 0.006454837226058568, -0.8119826835020749, -0.15527822422570997, 0.27396298797477514, 0.2730198820537007, -0.3576357548539922, -0.4387303051142416, -0.31218314919560936, -0.3175033392242373, -0.6859051026595598, -0.3334840994614468, -0.3354622839480213, -0.3334840994614468, -0.0635374778071918, -0.35066713361465834, -0.35066713361465834, -0.5384228100240472, -0.5384228100240472, 0.5722927648831933, 0.673207491411249, 0.7607766049453327, 0.6706655016904074, 0.8387108799556975, -0.4421574184267278, 0.387325267510578, 0.5637512203231341, 0.5640420795478113, 0.5637512203231341, -0.22870529849825638], [0.981806793505695, 0.9796722041800252, 0.9966400756219753, 0.9868993223491509, 0.9952642028686361, 0.981806793505695, 0.99958615974118, 0.9982611540715243, 0.9995318350305613, 0.9231253021337235, 1.0, 0.9995830061455544, 0.9995792818599853, 0.9995333613939598, 0.9995703572148016, 0.998545479537382, -0.3740976254750762, 0.9997321095952937, 0.999736126359175, 0.9995905635761115, 0.9995904008298514, -0.2734438758490001, 0.9613367627488485, 0.9923475016123582, 0.9923203535997065, 0.9886545260143171, 0.007270482661015704, 0.07585240801404115, 0.98930603961178, 0.9893618608151205, 0.9716179162684486, 0.006560032108751606, 0.998696618782036, 0.9986399737420516, 0.9984439688783299, 0.9992398748824615, 0.9991895954126785, 0.9986940113988161, 0.9984759057672369, -0.3846062888220213, 0.998383731161486, 0.9983949086756456, 0.998383731161486, 0.9050450191593031, 0.48107853377298954, 0.9127000444824052, 0.8863063979706928, 0.6904611353786313, -0.5400976140778173, -0.6606378682349087, 0.7942060297791033, 0.8060429569478406, -0.28754774186652116, 0.9212557941218942, 0.9214542387759762, 0.8512415873092065, 0.8612315777869385, 0.8272956342589316, 0.829982376990351, 0.8366882985523159, 0.8376451043729465, 0.8366882985523159, 0.6581778172518947, 0.6123234333765489, 0.614949584198313, 0.6123234333765489, 0.8622953680659048, 0.8715668480094273, 0.8607354564862493, 0.8622450525202869, 0.8607354564862493, 0.305563246837049, 0.23614540667025763, 0.36461826228159017, 0.4884301092688545, 0.35756223190150865, 0.4069994855317466, 0.4097209976470709, 0.4069994855317466, -0.4132356886901275, 0.7704645143479885, 0.8223040735636272, 0.8017942743310724, 0.8602913965361179, -0.1298574216879171, 0.7630975693157832, 0.7636549466625443, 0.7630975693157832, 0.7778742538734951, 0.7778742538734951, -0.31414628597211963, 0.6768144703162429, -0.4014654109659988, -0.6890271123279212, -0.548264777364358, -0.5504920189994584, -0.36513814416062984, 0.15078738521422666, -0.2723904616788844, -0.4420120323656489, -0.6325010057989654, -0.34869296185858356, -0.6246375832714691, -0.41439324393168087, 0.020849682112661437, 0.016975104180143606, -0.5642523214743622, -0.5290205643610333, -0.5476646633638722, -0.5817103997797123, -0.5760237910972599, -0.5510039172339091, -0.5539467062230276, -0.5510039172339091, -0.4402444769824879, -0.603844463911227, -0.603844463911227, -0.6063649162454556, -0.6063649162454556, 0.3603415790416594, 0.35713804325624665, 0.4706979997942377, 0.5539089321066956, 0.55246630732732, -0.550365319107206, 0.2980073547464824, 0.3174183659462461, 0.31760125045327764, 0.3174183659462461, 0.22460002842586058], [0.9908095449575728, 0.9777527792717069, 0.5553449227381602, 0.9924116893882083, 0.9967644453294338, 0.9908095449575728, 0.9999961472827815, 0.9979820942683179, 0.9999688520571549, 0.9512044225449099, 0.9995830061455544, 1.0, -0.15013756966260672, 0.9999943086490077, 0.999926916417377, 0.9949552255014464, 0.3960467927158414, 0.9998372669676187, 0.9998373687526124, 0.9885070762879932, 0.9999969956994157, 0.342864829308579, 0.666362099454722, 0.9896779875602689, 0.9843937955151004, 0.9855753436107206, 0.22006440494824406, -0.19009859545543625, 0.9921956938221445, 0.9919322217718833, 0.16538462131198223, -0.25675166178978676, 0.9992946973325718, 0.9993880605854703, 0.34840426009356446, -0.3287842942828569, 0.9986706690070594, 0.9993015296383844, 0.9982515877620584, 0.37656030945831276, 0.9312008124022773, 0.9990227420882365, 0.9312007857790122, 0.9113836360284514, 0.6233692062718175, 0.9175040447231945, 0.8890239542717644, 0.6897759498629219, 0.4153227917099111, -0.07852397373674228, -0.21119329136123208, 0.9235351475212985, 0.40861376367187713, 0.9684468687770779, 0.9612518337424432, -0.08503226129347312, 0.8266403027305865, 0.8005898181463801, 0.84774635114721, 0.7938222640299033, 0.7615453416923512, 0.7938223040050056, 0.7564250919766441, 0.7613403643577222, 0.760037339770402, 0.7613403643577222, 0.8345119534014086, 0.304949416343352, 0.5224035437632906, 0.6060553578285505, 0.5224035437632906, 0.5229406400154907, -0.3623384328791523, 0.48393857652639205, -0.6642605540302863, 0.4009049487228535, -0.13054566980409793, 0.36674820098928207, -0.1305455917865078, -0.15169780642679007, 0.80978732001461, 0.8182732442400197, 0.8078330545010498, 0.7340675561565834, 0.393634549864004, 0.8131367458270929, 0.8151352870768354, 0.8131367458270929, 0.7206516678464425, 0.7206516678464425, -0.2504948710534408, 0.6847222175244004, 0.2533296817000687, -0.5842746101803886, -0.612288828468848, -0.6153879653261493, -0.10111265984231771, -0.004602341715075091, 0.35840784702040734, 0.0901136668947003, -0.41673704693946073, 0.1033430498031317, -0.8262125087597496, -0.11906766894928698, 0.03512578813811815, 0.0355327858369352, -0.5926035545141171, -0.6086542447422898, -0.05020031552157752, -0.5780360326055219, -0.8442607577540918, -0.3442529871079516, -0.17045770038018634, -0.3442529871079516, -0.27244996014259976, -0.3137857935496483, -0.3137868369663612, -0.8378809232550763, -0.8378809232550763, 0.3649271380997129, 0.6021045514498086, 0.49742780219358124, 0.8078857216882381, 0.759419404683853, -0.31651821302026945, 0.05985150094259174, 0.7646878915612898, 0.7832265716489618, 0.7646876552571876, -0.14388145133881913], [-0.13251376046639707, 0.9777119433242203, 0.5155613956124692, -0.136953147934354, -0.3488375337470568, -0.13251376046639707, -0.15046950660972483, -0.15995182909661132, -0.3237122120140732, -0.2647381519607496, 0.9995792818599853, -0.15013756966260672, 1.0, -0.1495087882582868, -0.1457998653732116, -0.12148057716153453, -0.2927166769511373, -0.15095756856295997, -0.15141589314731324, -0.2734513302916991, -0.15100797156443152, 0.025203781010688778, 0.308994006324552, -0.18468928824619293, -0.1850283921726313, 0.9855541511142121, 0.24764551452882821, 0.18634594720072206, -0.1864258884452, -0.18704558503053653, 0.5370888641302692, 0.12060692908624256, -0.14816317666777895, -0.3085717416055287, 0.16646881981200753, 0.9600773231493354, 0.9986687997065655, -0.34051410020417183, -0.14327789686304598, -0.2825877476501842, -0.14851294459585215, -0.1493395133010832, -0.14851309353618308, 0.9114622544455551, -0.11861519589164003, 0.9174748830644837, 0.8889651998595905, 0.6897604071716558, 0.08407173171088793, 0.2549988727179892, 0.6445377644631436, -0.2678248326080919, -0.2967358593273147, -0.06638973832961, -0.3030064760344271, 0.028426362481011325, 0.2726800452833404, -0.02055379204786559, -0.30658564112868136, -0.01841989896060859, -0.00843415644730253, -0.018419860201750682, -0.4144642866777843, -0.1061570030029808, -0.10830189500734436, -0.1061570030029808, -0.20503349159800982, 0.07101856078939796, 0.04736718001968647, 0.047346865523448904, 0.04736718001968647, -0.41100658186226424, 0.007012226569432489, -0.3748368859939537, 0.6219110411435169, -0.3436120980026868, 0.008510423641633836, -0.059867283137995726, 0.00851043955616785, -0.306536568654444, -0.3409788666594535, 0.8182495475319853, -0.12115276422700372, 0.014993583178799055, -0.21952379836156766, -0.26293847407782245, -0.2623681165267104, -0.26293847407782245, -0.026642133608783647, -0.026642133608783647, -0.22983566910001885, 0.6846477885146874, -0.1623057960087995, -0.017131714259807966, 0.19847901196332546, 0.197049862022021, -0.2514521539649918, -0.009556585216826612, 0.019888659101144495, -0.1736337519862674, -0.11041987757440033, 0.04208473238269883, 0.3862339101580666, 0.11471256259948237, -0.04075850784087305, -0.044674861008602934, 0.08663345507184922, 0.571156630337124, 0.09278639551325958, -0.19172339558113, 0.6144505056497718, 0.09712225272900729, 0.10504643863704323, 0.09712225272900729, -0.23799775973091597, -0.19623396008964908, -0.19623403937073491, 0.32440121758321433, 0.32440121758321433, 0.365037058980554, -0.2524767382957043, 0.01707782701915584, 0.09103078282461555, -0.24930385385753812, 0.07334322651466889, 0.15372524281932365, 0.10481193043351661, 0.10474877308565984, 0.10481187378756637, 0.12612651291532248], [0.9908752365060443, 0.9775268149419307, 0.5556811955544042, 0.9924492101996487, 0.9967955354097701, 0.9908752365060443, 0.9999924115350354, 0.9990018210295105, 0.9999733940724195, 0.9508558939167489, 0.9995333613939598, 0.9999943086490077, -0.1495087882582868, 1.0, 0.9999384173523672, 0.9974959170383451, 0.39616742863353754, 0.9998403454012794, 0.9998403618863709, 0.9886694210154037, 0.9999943219512502, 0.34355961355137987, 0.666200229518911, 0.9932011051613789, 0.993088141488126, 0.9854519149997013, 0.2203570353149059, -0.19014473344040372, 0.9929403402887801, 0.9929856837887344, 0.16618755448632785, -0.25657988164505596, 0.9993454705668346, 0.9993872446646674, 0.34733080243376924, -0.3279140222519167, 0.9986073991931609, 0.9993048163349109, 0.9985569519204588, 0.37670645000810477, 0.9306785308218739, 0.9990793924440117, 0.9306785041543061, 0.9116706782534741, 0.6241170901395203, 0.9178705107277754, 0.889397060046624, 0.6894582403276277, 0.4167524556243545, -0.07688806944311144, -0.21139809159283993, 0.9239410598944986, 0.4089093672118733, 0.9688724111902551, 0.9616244234352376, -0.08607222769530126, 0.8269192865539311, 0.8005089315499315, 0.8480088452615948, 0.7937828294888813, 0.7611448533908939, 0.7937828694740108, 0.7566192414647165, 0.7612948118224112, 0.7604622611800061, 0.7612948118224112, 0.8348649586258855, 0.30425228603252963, 0.5218777400881354, 0.6060885237213139, 0.5218777400881354, 0.5227655853342121, -0.36353482184563585, 0.48383394593175083, -0.6644161570636304, 0.40050106412478625, -0.13157329878228327, 0.3663922350772172, -0.131573220771218, -0.15164026407405987, 0.8099224561567663, 0.8178558887997864, 0.8079265622428486, 0.7241070653667604, 0.3940325293679368, 0.8132623133087528, 0.8152498843653332, 0.8132623133087528, 0.7204544109072704, 0.7204544109072704, -0.2521808530092621, 0.6856467370827333, 0.25384730730784805, -0.5842522182725886, -0.61268256659258, -0.6157865257757608, -0.1023163189682605, -0.005893646137017147, 0.3587146278015843, 0.08965028941763963, -0.41700887827902056, 0.10342017052122165, -0.8253192758281097, -0.11890816602421296, 0.034048594259633885, 0.0344504943830382, -0.5932612156098491, -0.6089592209881827, -0.04960706060792153, -0.5794403264976579, -0.8442487560467473, -0.3441882226873333, -0.16988722681048707, -0.3441882226873333, -0.2734841617737442, -0.31427692283085146, -0.31427796721788753, -0.8382350982707049, -0.8382350982707049, 0.3650996152670101, 0.6017798760115741, 0.49686695368605405, 0.8083405164757839, 0.7588542330807775, -0.3160259572722242, 0.05916078644696426, 0.765092914386225, 0.7838379103377768, 0.7650926781862223, -0.1435506850099429], [0.9909182291244143, 0.9767951140705354, 0.5578578629323537, 0.992489124329818, 0.9968173916975435, 0.9909182291244143, 0.9999218555609304, 0.9987056622953083, 0.9999343017685136, 0.9501150955258858, 0.9995703572148016, 0.999926916417377, -0.1457998653732116, 0.9999384173523672, 1.0, 0.9976192683001095, 0.39502705626735757, 0.9997900552770906, 0.9997912715451351, 0.9885719633073364, 0.9999227752819082, 0.3442451233872998, 0.6677898881609715, 0.9925328817112749, 0.983753241358072, 0.9854919669010807, 0.2213288535967656, -0.18927782914614202, 0.9920519360241908, 0.9920616028263074, 0.16902022301421762, -0.25721081016031755, 0.9993439480611206, 0.9992298964843702, 0.3472200742317167, -0.3236981552903497, 0.9985113684113519, 0.9992710943979058, 0.9985306913714714, 0.3755961941999464, 0.9296165700979446, 0.9990959088697603, 0.9296165700979446, 0.9100948954075416, 0.6240658799983255, 0.9162885401314106, 0.8876028441776419, 0.6864227566943133, 0.417359871439652, -0.07509854903107994, -0.21200566451465516, 0.9231960678049205, 0.4067529362059026, 0.969140651460818, 0.961079409456158, -0.08898088020692374, 0.8257614079868366, 0.8007573692485094, 0.8478318893432664, 0.7940272484458368, 0.7633689977004899, 0.7940272484458368, 0.7547139965011573, 0.7606345386173441, 0.7615403614925964, 0.7606345386173441, 0.8350541542691376, 0.3042526674777578, 0.5215550095473434, 0.6075009267398133, 0.5215550095473434, 0.5215418066215238, -0.36587394286702357, 0.4820215563319749, -0.6620126502030896, 0.3988950310802662, -0.13264478837592572, 0.36669938007188146, -0.13264478837592572, -0.1550730429579222, 0.8094223327096643, 0.8168890413877309, 0.8072176627620048, 0.7360000557358958, 0.3940584664898207, 0.8128883896021608, 0.8151779485774161, 0.8128883896021608, 0.7205335430961023, 0.7205335430961023, -0.2525688175633119, 0.6878416854460715, 0.25406350406156375, -0.5856078700258269, -0.6126998457181904, -0.615577706918359, -0.10449309888450545, -0.007442453267903424, 0.3598168837028396, 0.08889793908111152, -0.41838949620548377, 0.1042394761287145, -0.8237901917949075, -0.11761417954202698, 0.03311356363791316, 0.03400639119505165, -0.5945627709344735, -0.6040816041321857, -0.04805047663195872, -0.5803584702607204, -0.8420180276768576, -0.3435115364000088, -0.16860424732045656, -0.3435115364000088, -0.27383955154740885, -0.31715877752161775, -0.31715877752161775, -0.8360124492984574, -0.8360124492984574, 0.36275277452331817, 0.5994378135597261, 0.4949193878936433, 0.8089968687835518, 0.7571164836275993, -0.31709253473153015, 0.057102632720955566, 0.7657126303942003, 0.7850878350158366, 0.7657126303942003, -0.14293901802130674], [0.9935341527190594, 0.9853634672786592, 0.5941206049174926, 0.9951212470658127, 0.9978415525216214, 0.9935341527190594, 0.99413655350645, 0.9867699496117452, 0.998109519705087, 0.9518686002133643, 0.998545479537382, 