var element=document.getElementById("correlationClose");if(element.style.display!='none'){var correlationClose={"data":[{"type":"heatmap","z":[[1.0,0.9999894512659437,0.6816522860820418,0.9997418702550674,0.9981090396019112,1.0,0.9927066742190107,0.9893606408516171,0.9893606408516171,0.9932722205053308,0.977395473326807,0.9872300129898962,0.9927427368457322,0.993117685743665,0.9927890176968368,0.7596191011882544,0.6826657221288063,0.27192449718423434,0.9935546345860405,0.993547587203898,0.9857059538100185,0.9927347709358848,0.3920968757816683,0.7530153481304559,0.9826922955837286,0.9826922955837286,0.9826735946674309,0.9759361697604471,0.3101523844111359,-0.1361971941909183,0.9895620568484899,0.9895278646817268,0.26161270651753255,-0.21124103361827473,0.9948300212587976,0.9953014232490952,0.8546118420374502,-0.354182640235389,0.9907002054005403,0.9952903593072971,0.7418799226159388,0.25248520584297746,0.9949592743794466,0.994953429667193,0.9949592743794466,0.8989728700060952,0.6532934471731825,0.9192206079162285,0.9238855768123313,0.8383541371845636,0.377738407221299,-0.18019441763804375,0.21500419036047633,0.9497843135356102,0.37656961091391855,0.9752819610334565,0.9714851598508903,0.9810393802356147,0.9897219093380005,0.9340203554991796,0.942274489819266,0.9472955230875006,0.9340519974560597,0.9445660276475227,0.9451865461276581,0.9445660276475227,0.8910038511839311,0.9252924846032314,0.9261696201399247,0.9252924846032314,0.9274974097007721,0.7991526615195064,0.900657195101509,0.9019068716510564,0.900657195101509,0.7165832551961336,0.39984216091664315,0.7038264351699162,-0.5409850774800362,0.6090901321007253,0.6267306535360879,0.6273052714975593,0.6267306535360879,-0.09063261410187518,0.9156974020999961,0.9459819044730803,0.9311401349779924,0.9354065209411835,0.26455268586102054,0.9106086851618114,0.9112502928289206,0.9106086851618114,0.9147389667138668,0.9147389667138668,-0.0930817116933831,0.5952041139859381,0.1526823497877676,-0.690221730328161,-0.5916831827649376,-0.5956067116924363,-0.13778216327173065,0.133694201816638,0.2030016057933981,0.00018796826516664353,-0.5616852671050285,-0.023002119366325405,-0.7973329718615398,-0.29210264091382593,0.16435941967804915,0.16601713067646573,-0.573698378720412,-0.5760709324469433,-0.28078255663226054,-0.5159274008527105,-0.8149130079849704,-0.40914299800076354,-0.40140943102202864,-0.40914299800076354,-0.22807808617175876,-0.3468745832580924,-0.3468745832580924,-0.8029403033917382,-0.8029403033917382,0.414454366069117,0.630079825899715,0.852224828230303,0.8403059223884173,0.755816527665197,-0.3351280366599374,0.7471703016725484,0.7772220382453796,0.7774882985413155,0.7772220382453796,-0.18192705344332996],[0.9999894512659437,1.0,0.9814224691887563,0.999501019942134,0.9959770614410729,0.9999894512659436,0.9850729160274553,0.9797539039147197,0.9797539039147197,0.9849662679721006,0.9728038542665839,0.9860711274475231,0.9851184235554317,0.9850624004968537,0.9849646716090753,0.12880163505124678,0.036548996566111,-0.44311519546228956,0.9884248147193994,0.9884190617124706,0.9851671742196166,0.9851692929647841,-0.16838809255292345,0.9802536244391293,0.9802669036037085,0.9802669036037085,0.980302516918693,0.9761071299038653,0.08728023544340256,0.11113572692179897,0.982739876968823,0.9827915645624469,0.7826876139020562,0.08467137259302085,0.9908150801801777,0.9908571936265691,0.9913600435193184,0.986139171169659,0.989814912957819,0.9908535326243546,0.08084472027039291,-0.44778776557723254,0.9914328541642142,0.9914292787294258,0.9914328541642142,0.8987563455135072,0.49971159578952745,0.9193751035301215,0.9239033304732095,0.8378579563525957,-0.27953144900821464,-0.4849494752567797,0.8448531549304228,0.8875862045951685,-0.25612942833508123,0.9404867539540417,0.9406229028860219,0.9609247584273536,0.9783882084968519,0.9535937863709858,0.9592622762409498,0.9450051407366499,0.9460891328978265,0.9483668759019083,0.9487282748813552,0.9483668759019083,0.8656335538090403,0.8404472602889428,0.8419191575515453,0.8404472602889428,0.9556728931218238,0.9586333754944972,0.9555992880686496,0.956326487330915,0.9555992880686496,0.6479774045592276,0.6000060394471407,0.6852915754639597,0.7550042847771157,0.6682974306956289,0.6908178273423958,0.6917463427437291,0.6908178273423958,-0.1366572176972164,0.9211085912151535,0.941831730367963,0.9347564266744206,0.9583662583394802,-0.3025369973104879,0.9176835861093997,0.9178291101604036,0.9176835861093997,0.9240110194030585,0.9240110194030585,-0.17846250554856194,0.595213356981456,-0.3690269644794782,-0.7837304630897883,-0.4599320735006505,-0.4638056532074577,-0.3836720858205019,0.2757714997977151,-0.2628058715156998,-0.4967361712604388,-0.7359056318406431,-0.356528142290834,-0.4752109016481544,-0.4198329200341912,0.13413266278803784,0.13148712870259358,-0.4873566505898204,-0.4537959423942474,-0.4823141949399908,-0.5138860363323451,-0.505986526475369,-0.4848068129537435,-0.4880657589725306,-0.4848068129537435,-0.36795030893149555,-0.5375030910538378,-0.5375030910538378,-0.505280456097695,-0.505280456097695,0.41446191604185745,0.36789206587831086,0.4976462792314493,0.6062018162817898,0.5251246478168556,-0.44081016382371124,0.3769850378557703,0.3141242834571443,0.314305663057998,0.3141242834571443,0.17898802510499678],[0.6816522860820418,0.9814224691887563,1.0,0.6786815492768014,0.6157226488688751,0.6816522860820418,0.6619238756996169,0.6544550376445835,0.6544550376445835,0.6096075421918372,0.5743518459686056,0.9950803287014729,0.6619545788153304,0.6569526619868516,0.6621016366182725,0.4070040967554365,0.37467535093438,-0.21403546316414065,0.6255552208098947,0.6250210780985053,0.5930287309033505,0.6611897159960632,0.17460948317259947,0.7984708350626455,0.6419518015966337,0.6419518015966337,0.6417303824589815,0.9883468471602126,0.2884463656960343,0.10667075489430959,0.619712397390796,0.6193497151935833,0.6500008254563451,-0.037078312998298606,0.6576644445293319,0.6031274591205011,0.6230926242063574,0.29466994137473373,0.9933734291398871,0.5992332596650773,0.3929051952865685,-0.22328726878784483,0.6745722363274708,0.6558259331763653,0.6745722363274708,0.8959269901263224,0.4092905922287964,0.9343346745250891,0.9137940497530745,0.741516534430516,0.22328457525150114,-0.07110705033996888,0.05174904095686421,0.5483323848572333,-0.08528192976314324,0.6030894922051597,0.5743218373162318,0.5945293724873815,0.5586950067220051,0.01219389097992317,0.8061261411036819,0.7407617978469464,0.6592270408984313,0.7464423170728466,0.76927981421585,0.7464423170728466,0.553971594817992,0.65842891877562,0.7087369758563351,0.65842891877562,0.7128911064460948,0.6848673864850241,0.7360012883942804,0.7781564578749728,0.7360012883942804,0.4403937302307034,-0.08569887858607594,0.45581795626036037,0.09395564303428383,0.43365241545296174,0.2650073085440712,0.5050179286969757,0.2650073085440712,-0.14474934955567692,0.6341546392207615,0.8884503055078306,0.7015672586867029,0.7794818020716138,-0.07213224030570814,0.6709230929160312,0.6708869592600416,0.6709230929160312,0.7303050951081855,0.7303050951081855,-0.19486054246859846,0.7040618759569346,-0.1823987821549613,-0.7062481109026733,-0.4441811004750493,-0.4481721454252567,-0.4287177562968356,0.10755296350688633,0.020103291898128674,-0.34207159707145424,-0.6862791463938133,-0.17448191708024471,-0.3274932782209392,-0.27854037690757166,0.04668257839413515,0.04534605949833998,-0.4930680640256295,-0.07119832217937862,-0.2642115280852196,-0.5140182338876043,-0.21287809776771008,-0.4104284199827282,-0.2925140705914609,-0.4104284199827282,-0.4230573169857351,-0.5461147127588108,-0.5461147127588108,-0.31228675360751523,-0.31228675360751523,0.3608508285731436,0.20333488210796472,0.29034506745052086,0.5262675994078927,0.294153984487882,-0.38839951284163715,-0.009132269447853898,0.4597602988080322,0.5594759899980921,0.4597602988080322,-0.005342176152122225],[0.9997418702550674,0.999501019942134,0.6786815492768014,1.0,0.9989607505616993,0.9997418702550672,0.9938892067468791,0.9909778288405798,0.9909778288405798,0.9946657410287469,0.9756465013614327,0.9903460232075336,0.9939157257026253,0.9945669212717186,0.9939393443913743,0.7588492642846416,0.6814911039625172,0.2574981945172069,0.9945598917218337,0.9945550696421235,0.9857883571265653,0.9939006872650903,0.38360800552953617,0.75720547835553,0.9851020460943379,0.9851020460943379,0.9850827916328017,0.9817604517423637,0.3059543438684181,-0.14218377801967713,0.9888698443884798,0.9888436720233386,0.2538037627748834,-0.2115142204574867,0.995313362699443,0.9959846843932552,0.8226283571558796,-0.3584587732295832,0.9929455633957761,0.9961862916556781,0.7404572780275953,0.2377813908065024,0.9934138735226641,0.9953518156583374,0.9934138735226641,0.896818331285711,0.6414653359276414,0.9225132598684987,0.9210157734041317,0.822480042436535,0.37304547175202,-0.18487892490919103,0.20991408342893736,0.9446478996068518,0.3611868921206843,0.9709615134623003,0.9687206755385416,0.9789620694993805,0.9895774340578415,0.9159986832009707,0.9370161541904999,0.9364040880258192,0.9308721254827798,0.9303159585738027,0.931147717490749,0.9303159585738027,0.8844049870830907,0.9150233783872603,0.9159789566923667,0.9150233783872603,0.9247626451949414,0.7476248802475971,0.8673784329063962,0.8686652991375104,0.8673784329063962,0.7098695833775536,0.16121966140412217,0.695631831246901,-0.5455601548814732,0.605094171734295,0.3631931463537663,0.5995994647405735,0.3631931463537663,-0.09651015118760878,0.9115117991079654,0.9401948538861052,0.9249891797579491,0.9155471142024094,0.2507737330394977,0.9070843499195745,0.9078473527529661,0.9070843499195745,0.8984596259508879,0.8984596259508879,-0.09746389000045204,0.6136233810191176,0.15757141839991737,-0.6992164372155102,-0.5979858851774275,-0.6018301526747781,-0.14906017838917202,0.12953047503823262,0.19664371033366282,-0.0122761564303054,-0.572638773518816,-0.028712604276537226,-0.8024566183399081,-0.29925454505228904,0.15511773318998173,0.15683282679433916,-0.5797685272562324,-0.5726994805471971,-0.28137376325401975,-0.525409962366728,-0.8160501837843209,-0.4099927711907267,-0.4028070600442934,-0.4099927711907267,-0.23578341192911645,-0.3555781420221715,-0.3555781420221715,-0.8022398628551387,-0.8022398628551387,0.40559491323040797,0.6192970790371011,0.8444670258393654,0.8328152970983898,0.7489126365601373,-0.34711595550269164,0.7383812605871506,0.7685248642460836,0.7687957665104707,0.7685248642460836,-0.16732313460153844],[0.9981090396019112,0.9959770614410729,0.6157226488688751,0.9989607505616993,1.0,0.9981090396019112,0.9972682270515316,0.9959124465128063,0.9959124465128063,0.997476047694946,0.9690123856965376,0.9964505324563007,0.9972873218364814,0.997358308372799,0.9973099330658443,0.6612636982615321,0.5584859866105589,0.05112640611715402,0.9976958395613145,0.997695190557509,0.9879496087092554,0.9972757640568373,0.027168765663440203,0.741042852814244,0.992694590695361,0.992694590695361,0.9926568581242025,0.990542302260292,0.08126852107956416,-0.12567681187992147,0.9874818869284628,0.9874177460900263,-0.039026780000715515,-0.11502091947703906,0.9977715194637299,0.9977005668596497,0.8160191180873717,-0.4755988194219036,0.9976104542886195,0.9980245725004843,0.6306481368464454,0.026972249546133524,0.9977172629443172,0.9977213069125062,0.9977172629443172,0.9100135102281052,0.6073202906629181,0.9332329857504162,0.9216035100168832,0.8002466888715328,-0.07523198632506106,-0.5864385314242727,-0.17095791363773796,0.9349847524109655,0.2157481946851161,0.9677656307677515,0.9678030782730245,0.9817650628072122,0.9901617948566591,0.915182555190558,0.9203953870520978,0.9270690523303101,0.9193418053568126,0.92542992756296,0.9257726186110045,0.92542992756296,0.8622093257980133,0.8762312827731906,0.8773060736772271,0.8762312827731906,0.9145166189580494,0.8350502945732505,0.8963688642359549,0.8971248647520347,0.8963688642359549,0.673462756153614,0.5669344757797585,0.6639670375502046,-0.5560246193139633,0.6543460122969124,0.6356530550979648,0.6352018275025479,0.6356530550979648,-0.10858860849871164,0.8955957713451794,0.9188887406810659,0.9049404012323908,0.9227179042671244,0.09637765733402426,0.8946658215787268,0.8955857318729156,0.8946658215787268,0.9000254940035707,0.9000254940035707,-0.13496084006780001,0.6587898678669952,0.012242913219938147,-0.7265556205432563,-0.6427437680864014,-0.643841709679059,-0.17853694899320452,0.15286416104127143,-0.18983093923144842,-0.25588550565379364,-0.6382495954256032,-0.38257884017244187,-0.8446650239343283,-0.5684763279833289,0.12613825443549456,0.12771123058103342,-0.6041501151295496,-0.5675876151253041,-0.5496141553385914,-0.5617876483339027,-0.7721417248497345,-0.5998050098389339,-0.6026352114956367,-0.5998050098389339,-0.27190889741550467,-0.38684487805806306,-0.38684487805806306,-0.7415537425608262,-0.7415537425608262,0.39409341800743436,0.6033045182828544,0.8014289942422709,0.79436033726977,0.7408005160680124,-0.47001412511924767,0.6074998127498841,0.6638062955091503,0.6642403628216934,0.6638062955091503,0.059861293240546336],[1.0,0.9999894512659436,0.6816522860820418,0.9997418702550672,0.9981090396019112,1.0,0.9927066742190107,0.9893606408516171,0.9893606408516171,0.9932722205053308,0.977395473326807,0.9872300129898962,0.9927427368457322,0.993117685743665,0.9927890176968368,0.7596191011882544,0.6826657221288063,0.27192449718423434,0.9935546345860405,0.993547587203898,0.9857059538100185,0.9927347709358848,0.3920968757816683,0.7530153481304559,0.9826922955837286,0.9826922955837286,0.9826735946674309,0.9759361697604471,0.3101523844111359,-0.1361971941909183,0.9895620568484899,0.9895278646817268,0.26161270651753255,-0.21124103361827473,0.9948300212587976,0.9953014232490952,0.8546118420374502,-0.354182640235389,0.9907002054005403,0.9952903593072971,0.7418799226159388,0.25248520584297746,0.9949592743794466,0.994953429667193,0.9949592743794466,0.8989728700060952,0.6532934471731825,0.9192206079162285,0.9238855768123313,0.8383541371845636,0.377738407221299,-0.18019441763804375,0.21500419036047633,0.9497843135356102,0.37656961091391855,0.9752819610334565,0.9714851598508903,0.9810393802356147,0.9897219093380005,0.9340203554991796,0.942274489819266,0.9472955230875006,0.9340519974560597,0.9445660276475227,0.9451865461276581,0.9445660276475227,0.8910038511839311,0.9252924846032314,0.9261696201399247,0.9252924846032314,0.9274974097007721,0.7991526615195064,0.900657195101509,0.9019068716510564,0.900657195101509,0.7165832551961336,0.39984216091664315,0.7038264351699162,-0.5409850774800362,0.6090901321007253,0.6267306535360879,0.6273052714975593,0.6267306535360879,-0.09063261410187518,0.9156974020999961,0.9459819044730803,0.9311401349779924,0.9354065209411835,0.26455268586102054,0.9106086851618114,0.9112502928289206,0.9106086851618114,0.9147389667138668,0.9147389667138668,-0.0930817116933831,0.5952041139859381,0.1526823497877676,-0.690221730328161,-0.5916831827649376,-0.5956067116924363,-0.13778216327173065,0.133694201816638,0.2030016057933981,0.00018796826516664353,-0.5616852671050285,-0.023002119366325405,-0.7973329718615398,-0.29210264091382593,0.16435941967804915,0.16601713067646573,-0.573698378720412,-0.5760709324469433,-0.28078255663226054,-0.5159274008527105,-0.8149130079849704,-0.40914299800076354,-0.40140943102202864,-0.40914299800076354,-0.22807808617175876,-0.3468745832580924,-0.3468745832580924,-0.8029403033917382,-0.8029403033917382,0.414454366069117,0.630079825899715,0.852224828230303,0.8403059223884173,0.755816527665197,-0.3351280366599374,0.7471703016725484,0.7772220382453796,0.7774882985413155,0.7772220382453796,-0.18192705344332996],[0.9927066742190107,0.9850729160274553,0.6619238756996169,0.9938892067468791,0.9972682270515316,0.9927066742190107,1.0,0.9976267220106989,0.9976267220106989,0.9999720823247058,0.9636254715904495,0.9996997589539364,0.9999967552426424,0.9999876297437033,0.9999937205219869,0.8398363051374096,0.8260601617684603,0.2257845690588752,0.9998687575822647,0.9998690886439919,0.9903860731559455,0.9999969336174773,0.30513690779812175,0.7529774187088427,0.9864447193334662,0.9864447193334662,0.98760318821962,0.9920737915051028,0.2394130463335271,-0.19264165065283548,0.9916802686179552,0.9916940232125192,0.16513160801360155,-0.2547499371468847,0.9993714729422781,0.9994889965687406,0.458055619741944,-0.3023603119375382,0.9991228651402043,0.9994575944448693,0.8197227777655606,0.2047732609329037,0.9458409061021896,0.9991334133689832,0.9458409061021896,0.9187498503737052,0.6156534792375191,0.9432777251693615,0.9230757533818585,0.7675951787436329,0.4137824912226085,-0.12277480045310123,-0.18641324482426136,0.9334000975559655,0.3319316467127974,0.9689477270826569,0.9652101537280362,0.9800256482875656,0.9956393298001708,-0.011356190943287181,0.8835006185893574,0.8458444392130692,0.888042237603979,0.8408001360784286,0.8058367356621674,0.8408001360784286,0.8272589520495481,0.8112999541910166,0.8004130092839338,0.8112999541910166,0.8821872623931942,0.4222914561113448,0.6189188432596615,0.6743931434304061,0.6189188432596615,0.6424843860726644,-0.33476386996908314,0.6177147732597859,-0.6111963261889263,0.5383937622294335,-0.07542375724698783,0.47031337631604364,-0.07542375724698783,-0.13719018159604707,0.8610863143785289,0.8830321827969949,0.869114421387012,0.7814189863700747,0.21786202365744123,0.8598533911335347,0.8609823286294921,0.8598533911335347,0.7848107624078683,0.7848107624078683,-0.17039730972217376,0.6996289480709579,0.22952930175952346,-0.70324596982032,-0.6367276390519901,-0.6401229837473907,-0.1884674412226862,0.08100552059990392,0.3169652157879914,-0.038928678890822604,-0.5824488893772717,0.036493357123794645,-0.8289948051294979,-0.19575215798971557,0.0926396805394886,0.09436570691389408,-0.6206273710770734,-0.585195429004761,-0.11619072508898938,-0.5954920960784502,-0.8315028330880675,-0.4009525927301568,-0.23627108839281488,-0.4009525927301568,-0.3016990777236707,-0.39413589806763705,-0.39413589806763705,-0.8234968319988,-0.8234968319988,0.3936840077361429,0.5889845511924493,0.5116630945688312,0.8043672603906643,0.7378207375549714,-0.3939859075762736,0.07212673972709026,0.745832564761185,0.7648119576553546,0.745832564761185,-0.10450294204647276],[0.9893606408516171,0.9797539039147197,0.6544550376445835,0.9909778288405798,0.9959124465128063,0.9893606408516171,0.9976267220106989,1.0,1.0,0.9995919546636706,0.9574637843172473,0.9988292667670773,0.998349657788797,0.9994376879937772,0.9991995777777929,0.836798653468109,0.8140754579916469,0.20428300465270954,0.9992326406500265,0.9992349644136774,0.9878981550512758,0.9993277165277296,0.2802079392833226,0.754699341717666,0.9931724563397484,0.9931724563397484,0.9858684762843398,0.9896702615024707,0.22217499680062636,-0.20554851972422236,0.98804469707108,0.9914714890426113,0.1468724248844527,-0.2605586862520078,0.9983868856075788,0.9983874932614354,0.44172463300787984,-0.3084273316099411,0.9974103232600008,0.9983464084997058,0.8168504324339775,0.18290715143903613,0.9390114973038707,0.9982186375707385,0.9390114973038707,0.9165861531161441,0.6011436669866514,0.9438172417172344,0.9213156546384257,0.7486134139949815,0.4013125072326463,-0.13711859813992522,-0.19818717449021675,0.9255584150326135,0.31201039775126677,0.9645081439921221,0.9604033343607065,0.9752986020121003,0.9946209060781656,-0.02018245587768163,0.8747141191406046,0.832453448285168,0.8813819662633765,0.8284717982758251,0.795000340721573,0.8284717982758251,0.8172287641913243,0.7953562630795179,0.7884518748083206,0.7953562630795179,0.8757134725574087,0.4052694085691812,0.6013026129324359,0.6598551362244822,0.6013026129324359,0.6321649958954142,-0.34824589767020075,0.6058182034825733,-0.6175550555323966,0.5322977050636868,-0.09580073561360336,0.4560414863259729,-0.09580073561360336,-0.14315298179973507,0.8533831506352488,0.8722854038258138,0.8594267786827189,0.7682489587909567,0.20033808134919381,0.8527169991865974,0.854016274447971,0.8527169991865974,0.770218047230823,0.770218047230823,-0.18410158969109167,0.7206898658722481,0.23592513039682542,-0.7121765830704414,-0.64836013002843,-0.6515880981679015,-0.20246052017404964,0.07419962858384985,0.3099196711889747,-0.057600450410033414,-0.5943755713552307,0.0272782213409024,-0.8341003581627283,-0.20221371470788538,0.07841870989600797,0.08017371097033732,-0.6312245537069819,-0.5858896161860514,-0.12294220021708105,-0.6105797047166092,-0.8305761604586563,-0.411824837795775,-0.24235903321270644,-0.411824837795775,-0.31779675994169276,-0.4068144870611289,-0.4068144870611289,-0.8210639917076502,-0.8210639917076502,0.3766286528216643,0.5731385677085318,0.49387784215360236,0.7873268754043271,0.7258804086481276,-0.4141934640935334,0.0588780431285472,0.7273700196439025,0.749497187961917,0.7273700196439025,-0.08772114252724408],[0.9893606408516171,0.9797539039147197,0.6544550376445835,0.9909778288405798,0.9959124465128063,0.9893606408516171,0.9976267220106989,1.0,1.0,0.9995919546636706,0.9574637843172473,0.9988292667670773,0.998349657788797,0.9994376879937772,0.9991995777777929,0.836798653468109,0.8140754579916469,0.20428300465270954,0.9992326406500265,0.9992349644136774,0.9878981550512758,0.9993277165277296,0.2802079392833226,0.754699341717666,0.9931724563397484,0.9931724563397484,0.9858684762843398,0.9896702615024707,0.22217499680062636,-0.20554851972422236,0.98804469707108,0.9914714890426113,0.1468724248844527,-0.2605586862520078,0.9983868856075788,0.9983874932614354,0.44172463300787984,-0.3084273316099411,0.9974103232600008,0.9983464084997058,0.8168504324339775,0.18290715143903613,0.9390114973038707,0.9982186375707385,0.9390114973038707,0.9165861531161441,0.6011436669866514,0.9438172417172344,0.9213156546384257,0.7486134139949815,0.4013125072326463,-0.13711859813992522,-0.19818717449021675,0.9255584150326135,0.31201039775126677,0.9645081439921221,0.9604033343607065,0.9752986020121003,0.9946209060781656,-0.02018245587768163,0.8747141191406046,0.832453448285168,0.8813819662633765,0.8284717982758251,0.795000340721573,0.8284717982758251,0.8172287641913243,0.7953562630795179,0.7884518748083206,0.7953562630795179,0.8757134725574087,0.4052694085691812,0.6013026129324359,0.6598551362244822,0.6013026129324359,0.6321649958954142,-0.34824589767020075,0.6058182034825733,-0.6175550555323966,0.5322977050636868,-0.09580073561360336,0.4560414863259729,-0.09580073561360336,-0.14315298179973507,0.8533831506352488,0.8722854038258138,0.8594267786827189,0.7682489587909567,0.20033808134919381,0.8527169991865974,0.854016274447971,0.8527169991865974,0.770218047230823,0.770218047230823,-0.18410158969109167,0.7206898658722481,0.23592513039682542,-0.7121765830704414,-0.64836013002843,-0.6515880981679015,-0.20246052017404964,0.07419962858384985,0.3099196711889747,-0.057600450410033414,-0.5943755713552307,0.0272782213409024,-0.8341003581627283,-0.20221371470788538,0.07841870989600797,0.08017371097033732,-0.6312245537069819,-0.5858896161860514,-0.12294220021708105,-0.6105797047166092,-0.8305761604586563,-0.411824837795775,-0.24235903321270644,-0.411824837795775,-0.31779675994169276,-0.4068144870611289,-0.4068144870611289,-0.8210639917076502,-0.8210639917076502,0.3766286528216643,0.5731385677085318,0.49387784215360236,0.7873268754043271,0.7258804086481276,-0.4141934640935334,0.0588780431285472,0.7273700196439025,0.749497187961917,0.7273700196439025,-0.08772114252724408],[0.9932722205053308,0.9849662679721006,0.6096075421918372,0.9946657410287469,0.997476047694946,0.9932722205053308,0.9999720823247058,0.9995919546636706,0.9995919546636706,1.0,0.9626617234523245,0.9996657275638092,0.9999733407909702,0.9999723429966337,0.9999764515678613,0.7042114566857661,0.6052384840896344,0.10669758998840521,0.9998266232849519,0.9998274189108546,0.9902952297833992,0.9999707868651267,0.08138558214456264,0.7314247470939524,0.9955142301448454,0.9955142301448454,0.9954731295332327,0.9919681007095239,0.0685250447641424,-0.13476633033344196,0.9909706071659575,0.9909333833777684,-0.018660399694708514,-0.21539146219814276,0.9994242103867955,0.9993843176807059,0.8202497775469602,-0.4743042412687047,0.999062673535765,0.9994310727603872,0.6751807264591114,0.08281671106471604,0.9992955019502849,0.9993007431155709,0.9992955019502849,0.9184834655279827,0.6160926095590501,0.9430823319086594,0.9227440917033456,0.7671330821589061,0.023511701365207475,-0.54065883294465,-0.12848249475058185,0.9297661552069627,0.2773579734881322,0.9656694219418761,0.9652201880753809,0.9821246881593835,0.9949372062614997,0.8908300606726071,0.8843838153611078,0.9037957680914072,0.8891130297765572,0.9021235431512872,0.9026625545434805,0.9021235431512872,0.827077708852771,0.8581315509445286,0.8594483671147974,0.8581315509445286,0.883626661040038,0.8003256557688749,0.8694878167181858,0.8705525360160212,0.8694878167181858,0.642401628994806,0.4992753311322607,0.6174541490971196,-0.6126264603790165,0.5906790644356175,0.560440933948382,0.5602929016213845,0.560440933948382,-0.0917337490690523,0.8619579051552092,0.8830714271850137,0.8696405837444309,0.8990141223246249,0.1330381764848167,0.8650676478955551,0.8667354320008847,0.8650676478955551,0.8705639517979072,0.8705639517979072,-0.17197697876768867,0.699948893093981,0.0391078083916531,-0.714966088382416,-0.6700607962335553,-0.6713873824452118,-0.19193055487524102,0.0844906682842481,-0.19434959825904813,-0.22197887217429157,-0.620829251844232,-0.40924691639302624,-0.864136392005827,-0.602261489860509,0.09199567779055025,0.09385818926718333,-0.6220859206990856,-0.5812211803702408,-0.5597758397841459,-0.597014551106014,-0.7978132630623594,-0.6229431362058748,-0.6252645545528919,-0.6229431362058748,-0.303340847071265,-0.3972104353892752,-0.3972104353892752,-0.77822989302139,-0.77822989302139,0.3942008596876193,0.5875685860729569,0.8125207170302221,0.80568418459766,0.7360744076746109,-0.42062495369372255,0.6395539531913758,0.6893131661252581,0.6894957620706377,0.6893131661252581,0.13220726312260023],[0.977395473326807,0.9728038542665839,0.5743518459686056,0.9756465013614327,0.9690123856965376,0.977395473326807,0.9636254715904495,0.9574637843172473,0.9574637843172473,0.9626617234523245,1.0,0.9497398065899303,0.9636426179496204,0.9636713390703495,0.9633842712381211,0.4884903656536812,0.38130358875360537,-0.12042510123767369,0.9677020892404675,0.9676824579028581,0.9637468393889158,0.9637388277482057,-0.004214893027056726,0.7691312123687561,0.9651167603831773,0.9651167603831773,0.9652786854969514,0.9038961241741059,0.16257529374010193,-0.12138003101500365,0.9700716038428774,0.9701700780377553,0.12993075808291332,0.025608291252708252,0.9710295354055292,0.9712557358459178,0.8920197423791248,-0.35929983800848014,0.9573454772381447,0.9702857304640686,0.45335137067067155,-0.14076185581660683,0.9720492930536508,0.9720193906379614,0.9720492930536508,0.8302647191911016,0.4191386732539805,0.8475417225306058,0.908155735338262,0.866979942024094,-0.49516892496907455,-0.6744379669755187,-0.21133984573123069,0.89733436099272,-0.030156066943026052,0.9244665533333294,0.9245260094264134,0.9414396895806809,0.9684539274956749,0.8923893781964987,0.8940020737480416,0.906840637705037,0.8953271228662225,0.900231763809616,0.9007354130377192,0.900231763809616,0.853322794320895,0.8330021971249877,0.8344241403287498,0.8330021971249877,0.8909086027316854,0.90431683775804,0.8889264297839455,0.8894183475288764,0.8889264297839455,0.720468368357512,0.656946097029479,0.7213176190403928,-0.2814735200996116,0.7358963710265988,0.7506672025965818,0.752816888954479,0.7506672025965818,-0.24922510389318203,0.8918108683984116,0.940139126922034,0.9051414053692791,0.9041774375613804,-0.022175734624123623,0.8859744360930206,0.8867646454949344,0.8859744360930206,0.8933103891476113,0.8933103891476113,0.04133631525958414,0.4189893978626584,-0.13150816810895838,-0.6548604249059773,-0.43852386521903075,-0.44100453957586316,-0.06088976449206695,0.42750359867127935,0.018137228155875235,-0.18562639718773274,-0.544193155701395,-0.10238656303560918,-0.7929204612899431,-0.2670259742908446,0.29571101533233524,0.29578111001881147,-0.41021504415975246,-0.43192467697448256,-0.3754823252733613,-0.38641171455417794,-0.6597007227144673,-0.3951209714191606,-0.3974443890291319,-0.3951209714191606,-0.1274026009603053,-0.43810534305401566,-0.43810534305401566,-0.5408086250205936,-0.5408086250205936,0.5334665224194363,0.6479652099878608,0.7515547939984598,0.6970496315140241,0.8115228996828716,-0.5083017486867458,0.4068447974932085,0.5345624964072329,0.534893671023827,0.5345624964072329,-0.14432143934331743],[0.9872300129898962,0.9860711274475231,0.9950803287014729,0.9903460232075336,0.9964505324563007,0.9872300129898962,0.9996997589539364,0.9988292667670773,0.9988292667670773,0.9996657275638092,0.9497398065899303,1.0,0.9996987716658129,0.9996962362900662,0.9996700000220523,0.23751697896664303,0.13561069381907695,-0.5198140653513029,0.9998117419964222,0.9998136449277198,0.9997024204471995,0.999701423423825,-0.262753445185833,0.973618242800687,0.9949957624420959,0.9949957624420959,0.9949773652180772,0.993847518110838,0.07799998867794113,0.06986271950252036,0.9921337999386213,0.9921824368888297,0.8251617185816388,-0.0036456878028670817,0.9991028565727129,0.9990614761998531,0.9989455078161449,0.9994219864441097,0.9994622480231682,0.999140952197471,0.18310405182100226,-0.5276918223960304,0.9988963939336591,0.9989032601292999,0.9988963939336591,0.9131505784030176,0.45630883673307954,0.9390050010585663,0.9193844995544302,0.7673601185808872,-0.3992652557154695,-0.5980988319734725,0.824744758125377,0.8536064397196981,-0.34429825784188406,0.9359004632668239,0.9360999167964785,0.9707999933387266,0.9939049911028698,0.9035639992099291,0.9093277754740917,0.8870245869161585,0.8906625368760129,0.8919778057906258,0.8924752892499569,0.8919778057906258,0.7854599141298536,0.75453548260223,0.7563466613423814,0.75453548260223,0.9104596987668038,0.9160408900092286,0.9092609018179982,0.9101729573126005,0.9092609018179982,0.544354686414917,0.487107113345748,0.5806822776280779,0.6667986194716519,0.5711975708856315,0.5992290007007377,0.601265688743623,0.5992290007007377,-0.3125168193554366,0.8543872863532204,0.8853212276672443,0.8738354356639428,0.9101400190487445,-0.3281790388142357,0.8499666942349522,0.8501735953684771,0.8499666942349522,0.8586091718558924,0.8586091718558924,-0.22375225315521044,0.693442045791219,-0.3907934018851148,-0.8015655189420251,-0.5336738430184915,-0.5365954597607107,-0.4267431235824579,0.22841435212731542,-0.30279325178641814,-0.5302128805879716,-0.7595745798270445,-0.40136322550055253,-0.5914166917048103,-0.47493688896178454,0.0836942277969815,0.08154092059355887,-0.5566925504406833,-0.5286873045936022,-0.5498339905609573,-0.5857600582414247,-0.5792253892131926,-0.5533763613095655,-0.5564552417005613,-0.5533763613095655,-0.4369153143808591,-0.6274840383167493,-0.6274840383167493,-0.6196373314869756,-0.6196373314869756,0.3903011545489311,0.3386868376156236,0.4745389492757054,0.5794485580196017,0.5256417941985175,-0.5741766897135253,0.31652340271332685,0.28642351168625624,0.2866514492053255,0.28642351168625624,0.2567243481610721],[0.9927427368457322,0.9851184235554317,0.6619545788153304,0.9939157257026253,0.9972873218364814,0.9927427368457322,0.9999967552426424,0.998349657788797,0.998349657788797,0.9999733407909702,0.9636426179496204,0.9996987716658129,1.0,0.9999909864287615,0.9999952979290293,0.8397962757670593,0.8145499776357135,0.22581176880267512,0.9998698321674723,0.9998701138178906,0.990416188362216,0.9999975029432218,0.30541394397743765,0.7530441933989881,0.9913881751276701,0.9913881751276701,0.9875958897521173,0.9920623521324646,0.239643037084604,-0.19260030586565893,0.9917211815040002,0.9917005517656529,0.16533746311087577,-0.25472737917603033,0.9993725537891841,0.9994913657847938,0.45804099138617765,-0.3021547566061911,0.9991241202653649,0.9994641576410271,0.8196695533552764,0.2048065575230901,0.9458292886148315,0.9991348582382962,0.9458292886148315,0.9187625726484205,0.615774916043894,0.9434262526147821,0.9232308896392432,0.767702473953856,0.41413869731324693,-0.12236355244640017,-0.186065060636775,0.9334614463763236,0.3319780621888394,0.9690253773650925,0.965257405400669,0.9801028651050481,0.9956501546013085,-0.011169652640549222,0.883647173428812,0.8459375992583406,0.8881606792181168,0.8408922726014316,0.8057918363911408,0.8408922726014316,0.8273653959809968,0.8113596470356651,0.8003644519940354,0.8113596470356651,0.8823332615412064,0.4221911454946,0.6189322242610616,0.6743214829194766,0.6189322242610616,0.6424744676600919,-0.3347750909929027,0.617723811182668,-0.6110856253473725,0.538327029256155,-0.07553736842888137,0.4703545484746418,-0.07553736842888137,-0.13732448513439455,0.8611760649573771,0.8831719963208944,0.8692227359713436,0.7814167690032962,0.2178942485240505,0.8599448674517173,0.8610704322658628,0.8599448674517173,0.7848816880743393,0.7848816880743393,-0.17032833272094636,0.6996392119252961,0.22963151537874857,-0.7033013633547551,-0.6366457142873728,-0.6400459943847213,-0.188555804947438,0.0809058358119146,0.3171158930914118,-0.038933479624445586,-0.582526167874882,0.036725989564974165,-0.8287491544713216,-0.1954909026264497,0.09271457681839274,0.09445450588294996,-0.6206074278125046,-0.584989993136368,-0.11596968109527042,-0.5954486177106236,-0.8313948477949242,-0.4007504263087565,-0.2360892289096368,-0.4007504263087565,-0.30155004592056944,-0.3941133174176028,-0.3941133174176028,-0.8234376164712774,-0.8234376164712774,0.39414892763657156,0.5890885003326901,0.5118883161000934,0.8045952317995387,0.7378607378391886,-0.39379867552117426,0.07239215795440296,0.7460562995945621,0.7649086878781481,0.7460562995945621,-0.10451942391120313],[0.993117685743665,0.9850624004968537,0.6569526619868516,0.9945669212717186,0.997358308372799,0.993117685743665,0.9999876297437033,0.9994376879937772,0.9994376879937772,0.9999723429966337,0.9636713390703495,0.9996962362900662,0.9999909864287615,1.0,0.9999885307244477,0.767085752061847,0.6849439738469814,0.22751186983919552,0.9998923674812816,0.9998930181661256,0.9904095823419585,0.9999884530985045,0.3060019692081724,0.7496129602286202,0.9942786180148502,0.9942786180148502,0.9942451222552184,0.9920120053312785,0.23368411796785163,-0.19288143119381948,0.992109758577308,0.9921169654559058,0.18787209672710267,-0.253992101785231,0.999543872217738,0.9994917012114701,0.8555275462375426,-0.390472577543392,0.9991213732388542,0.9994684270448575,0.7451724941948656,0.2065374786158883,0.9994416643246228,0.9994462615942287,0.9994416643246228,0.9186754628983861,0.6158861621404319,0.9432807659620064,0.9230581544855528,0.7673598082300305,0.29494697431633715,-0.2913519007497892,0.11580962649824024,0.9333733921801085,0.3325501193087933,0.9662905143051628,0.9652795449800132,0.9787467025455652,0.995880691943132,0.8974547901114782,0.8829831641278786,0.908863984849318,0.8881482029459439,0.9077124701005455,0.9084780227382533,0.9077124701005455,0.8267377621717077,0.8770571365606579,0.878365058483488,0.8770571365606579,0.882229926231691,0.7836509127731108,0.8741150858892838,0.8755620478514656,0.8741150858892838,0.6420644374432317,0.49665564104039167,0.6167560898132513,-0.6122078119801064,0.5373117531481534,0.5388324744694977,0.5397662320587316,0.5388324744694977,-0.1390178568017804,0.8610897239367375,0.8828394217322242,0.8687641125406623,0.9039410820201277,0.22007866240010587,0.8599232338464274,0.8612410930118012,0.8599232338464274,0.8692311605414114,0.8692311605414114,-0.17066617852884858,0.6985486065554917,0.13845399706498418,-0.7024288453707631,-0.6362974412658,-0.6394268177070668,-0.18854314103111847,0.08004651739412427,0.09092296009776824,-0.03747395124313388,-0.5813286380798008,-0.15149252835487775,-0.8392606412684092,-0.41344310802697537,0.09231859294357876,0.09421835407046736,-0.6206508950582866,-0.5841922205207303,-0.405802332236773,-0.5952245826415498,-0.8242616575941198,-0.517478570103574,-0.5133836015963913,-0.517478570103574,-0.3007558134742591,-0.39415934002118497,-0.39415934002118497,-0.8149830839800074,-0.8149830839800074,0.3936379047264681,0.5893516760128722,0.820004933778713,0.8081594103030806,0.7383661391597344,-0.39333586741386173,0.7012249315188798,0.7339744030152732,0.7340708220183441,0.7339744030152732,-0.07188068704377004],[0.9927890176968368,0.9849646716090753,0.6621016366182725,0.9939393443913743,0.9973099330658443,0.9927890176968368,0.9999937205219869,0.9991995777777929,0.9991995777777929,0.9999764515678613,0.9633842712381211,0.9996700000220523,0.9999952979290293,0.9999885307244477,1.0,0.8302245092485697,0.7664733038639958,0.22596415613416268,0.9998727188334164,0.9998728898693464,0.9905445621736942,0.9999952144386356,0.306082329714387,0.7528824007706192,0.9944654615635081,0.9944654615635081,0.9943773629842321,0.9919949515594397,0.23993010148408736,-0.19261932473636378,0.9926097250445896,0.9926532356859099,0.16607203384895433,-0.25455600801146755,0.9994173726934129,0.9994910705564232,0.4570995810827573,-0.30143450525718546,0.9990847351966529,0.9994667805196152,0.817208484525795,0.20498002080404445,0.9454042464039321,0.9991847169169644,0.9454042464039321,0.9189980970678467,0.6164167256745966,0.943553406451845,0.9233273520544071,0.7674495260008454,0.4154385241465001,-0.12090615128322237,-0.18628976947137602,0.9337823027580887,0.3322509469213334,0.9693990595846602,0.9655449736586338,0.9803503115581247,0.9956921794295239,-0.012148686910121003,0.8838718414026234,0.845839874452187,0.8883535698003093,0.8408248899683158,0.8053670691781409,0.8408248899683158,0.8275338969477107,0.8112825083432116,0.8006910579793457,0.8112825083432116,0.8826014585619987,0.42154139120109185,0.6184592387055089,0.6743097655079443,0.6184592387055089,0.6423336853152102,-0.3358854926503531,0.6176627961804911,-0.6112856939854184,0.5379888301431079,-0.07648434544701757,0.47001948027542917,-0.07648434544701757,-0.1372892606338759,0.8612810959259606,0.8829291501397373,0.8693339194316566,0.7742247856001905,0.21827855744168878,0.8600133628025637,0.8611296996049698,0.8600133628025637,0.7846889636082846,0.7846889636082846,-0.17162871855287917,0.7004107409169945,0.23011334147298346,-0.7032583147565065,-0.636988345195377,-0.6403926892512525,-0.18957307643553337,0.07978942984788963,0.3174430311511849,-0.039292280917914715,-0.5826863671849573,0.03683474367736897,-0.8280211661226737,-0.1953146260496663,0.09181380505475899,0.09355280041531747,-0.6211640094876302,-0.5851984536597387,-0.115411892123675,-0.5965241101166382,-0.8314280105747728,-0.40068521127485635,-0.23555632592285192,-0.40068521127485635,-0.30238428727391353,-0.394520785402852,-0.394520785402852,-0.8237850819116919,-0.8237850819116919,0.3943192614362224,0.5887742408772396,0.5114286187253949,0.8050198484918528,0.7373462144275116,-0.3933814504756472,0.07177384107960486,0.7464704592136748,0.7655191131674308,0.7464704592136748,-0.10426248992302117],[0.7596191011882544,0.12880163505124678,0.4070040967554365,0.7588492642846416,0.6612636982615321,0.7596191011882544,0.8398363051374096,0.836798653468109,0.836798653468109,0.7042114566857661,0.4884903656536812,0.23751697896664303,0.8397962757670593,0.767085752061847,0.8302245092485697,1.0,0.9928897139276658,0.4211364830014497,0.81010426888868,0.8100758985958767,0.7384531185156377,0.8290032135704707,0.3331373952556913,0.4041726681580634,0.8225167259811568,0.8225167259811568,0.8083393284382041,-0.16232985308237027,0.19538543035833658,-0.16681804416016027,0.862286164226751,0.8595033230542987,0.1575493910030618,-0.22815941911769647,0.8356771712751173,0.7282582437940608,0.2680053330828021,-0.3178299823468929,0.25296514026959116,0.6966720186851685,0.9983641378651091,0.4037957613726824,0.7615862491416898,0.8353565757534571,0.7615862491416898,0.20824307749396248,0.5408810542440118,-0.21429704909837546,-0.23577719669375286,0.0843724842120711,0.39855478953936496,-0.05804558741867337,-0.21048564378955983,0.7151141477995399,0.40144470428694506,0.8336257029700325,0.7167610068649565,0.8006301081685223,0.8192131901287049,-0.10297526866084572,0.16029799712278764,0.5871735185342858,0.45794851532296,0.577231653169712,0.6413704681410429,0.577231653