var config = { responsive: true }

var correlationClose = {"data": [{"type": "heatmap", "z": [[1.0, 0.9999840021066442, 0.976901262356097, 0.9996922489368929, 0.9972213281991611, 1.0, 0.9899586310723004, 0.9851209619560415, 0.9905336887949743, 0.9728599620252358, 0.9787896661681497, 0.9900072978443273, 0.9901703958120214, 0.9900785321706196, 0.990134743570236, 0.9930799933803858, 0.9932780704516821, 0.9911900896639058, 0.9911774910259175, 0.9911336327973188, 0.9899971452041166, 0.9768251942194611, 0.963389754940777, 0.9758218840805654, 0.975794519168226, 0.9486103222672584, 0.9517367521970924, 0.9423498770704758, 0.9898685932988125, 0.9898229178513355, 0.98565453971409, 0.9742032938545542, 0.9931771957354284, 0.9941236090926023, 0.9931961544840628, 0.9913924539490497, 0.9854647501533399, 0.9937886828499957, 0.9937498803066148, 0.9946957428130057, 0.9933896705395596, 0.9933765425211684, 0.9933896705395596, 0.8986548295482667, 0.6978437734149849, 0.8638120395880283, 0.9010881988574624, 0.8169230121463936, 0.9652973857533924, 0.9294799439849151, 0.9559003839047402, 0.9507634074596563, 0.9542560823079704, 0.9783354620966319, 0.9722172935137634, 0.906323759193005, 0.8944070739277822, 0.9265304406050918, 0.8965250660650584, 0.9228951610798988, 0.9238042629149182, 0.9228951610798988, 0.8275248670479698, 0.9019488600497266, 0.9032143072637026, 0.9019488600497266, 0.8806528890206922, 0.7044946285562776, 0.8573857844083548, 0.8592503326102924, 0.8573857844083548, 0.5976679273620853, 0.4852113428351096, 0.5719890513381817, 0.7254230398259862, 0.4586454748648501, 0.5249328457547686, 0.526978756185327, 0.5249328457547686, -0.5968019575441563, 0.8678154653838999, 0.8982521297526236, 0.8799565389031299, 0.9079144187525565, 0.9331509870612136, 0.8662506398731104, 0.8677538535105884, 0.8662506398731104, 0.8794357577993146, 0.8794357577993146, -0.17406033972297966, 0.4980979009145121, 0.2147154138488265, -0.5098068926040575, -0.5397387181714622, -0.5435945577907981, 0.012033234535982951, 0.028986364202036333, 0.2923049306807692, 0.20509982036606653, 0.12218690638897138, 0.09709593475848383, 0.12425096547839279, -0.16881813577400046, 0.09905425403578152, 0.09932685619176244, -0.5110498607716323, -0.4055888352230545, -0.16743730580846075, -0.4512679845425079, -0.333981156071929, -0.30931308678643854, -0.29967221777255737, -0.30931308678643854, -0.16132915634674083, -0.21377037499010043, -0.21377037499010043, -0.5195029610884481, -0.5195029610884481, 0.3990024108312245, 0.671487784953273, 0.8795188422962515, 0.8570455072420603, 0.7969312155635074, 0.6780555265936434, 0.7779890882083699, 0.819245441868218, 0.8194650009878762, 0.819245441868218], [0.9999840021066442, 1.0, 0.9632054132152379, 0.9991086022588372, 0.992556041323225, 0.9999840021066441, 0.9738669836593966, 0.9630391316435468, 0.9735870298632957, 0.9547202311239654, 0.9761099286274288, 0.9739195268577423, 0.9738701856614835, 0.9736556817158322, 0.9727512962019664, 0.9827993187037909, 0.981246837054885, 0.980281244205493, 0.9802454419708971, 0.9740015538173667, 0.9739891102885595, 0.9792497409001304, 0.9635147583080031, 0.9656227586808459, 0.9657105672874922, 0.9489767870346039, 0.9710012643039312, 0.9241435953798313, 0.9732851424980609, 0.9733387845977175, 0.9702973334481387, 0.9167482270388191, 0.9853751665195845, 0.9854906180165173, 0.9863894878430604, 0.9767036623226159, 0.9834192595704708, 0.985364708043786, 0.9861299234074574, 0.9858927206186553, 0.9865327544533772, 0.9865052253143551, 0.9865327544533772, 0.898753034596798, 0.6185596049744984, 0.8644455066268901, 0.9015665866500061, 0.8161434784800579, 0.8690372826110655, 0.8836870564865957, 0.8596156825960222, 0.8755393890908242, 0.8655333507893559, 0.9384014893198621, 0.9384454784775832, 0.9081888386619889, 0.9200599968449096, 0.8935758923818031, 0.8931453700974578, 0.9014168578515985, 0.9022774323676818, 0.9014168578515985, 0.7440405333188272, 0.7075034849507523, 0.7096812677926678, 0.7075034849507523, 0.9133609790110787, 0.9194797749495219, 0.9129925297511254, 0.9144650147402226, 0.9129925297511254, 0.40696402499037004, 0.3515784990717636, 0.4741619881385468, 0.5713526516438663, 0.4478372813594498, 0.4951536729285734, 0.49639488039207147, 0.4951536729285734, -0.18843498374217343, 0.8436567027800165, 0.8849639841609717, 0.8694205958895245, 0.9164350329892743, 0.9181036047682241, 0.8366601161562636, 0.8371260708804568, 0.8366601161562636, 0.8492293053756326, 0.8492293053756326, -0.28265294639056965, 0.4986105668154796, -0.37573669915766206, -0.4521150501280379, -0.45332706123003064, -0.45679858178927696, -0.2556423413088235, 0.202093587457091, -0.17445297081092473, -0.3293392434615001, -0.1853880865445852, -0.239408754648732, -0.26406390295138227, -0.2921529020590472, 0.07328178739096008, 0.06776530301636291, -0.4641900126706312, -0.4150347405588596, -0.4428385740786266, -0.4728408881344382, -0.4652848472159808, -0.44615398403953055, -0.4492895788724541, -0.44615398403953055, -0.3480009117126015, -0.4733498839452509, -0.4733498839452509, -0.4535312934977549, -0.4535312934977549, 0.3988085173648383, 0.4433707188969224, 0.5321334386928603, 0.6135414741149006, 0.5918009995364111, 0.2690178054172692, 0.4102703403925021, 0.408687391657919, 0.4087797823516508, 0.408687391657919], [0.976901262356097, 0.9632054132152379, 1.0, 0.9809627198126782, 0.990732377490453, 0.9769012623560971, 0.9851722667454558, 0.9831846512118438, 0.9921802377172534, 0.933835400816164, 0.996241325238598, 0.9851204158720697, 0.9825803234029062, 0.984882642173164, 0.9847719541036863, 0.9879459778186774, 0.9890288377665734, 0.9825685735575265, 0.9825485264627853, 0.9906958856571169, 0.9850257921518397, 0.9903772110686674, 0.9786530402074417, 0.9824593914545894, 0.9824764567135305, 0.9789461899228006, 0.9767875578702729, 0.9454418981096593, 0.9670247241257397, 0.9670926897969903, 0.9720046262357459, 0.9476612415678539, 0.9810842277042937, 0.9876464593042821, 0.9793883677289884, 0.9824748769866299, 0.9932933949250093, 0.9896013683049091, 0.9791767239745389, 0.9866822390594256, 0.9807768825505964, 0.9800507431390599, 0.9807768825505964, 0.9078152063206416, 0.6137377005435022, 0.9097007239657164, 0.8807763642340688, 0.6607304687432352, 0.9084018602845783, 0.8573670217948206, 0.8960373719838977, 0.8928489124294525, 0.9006185347435041, 0.9293296183034555, 0.9388021055371615, 0.7372981617348596, 0.7956479849081346, 0.8131351597493872, 0.8331156299875351, 0.8053407489875878, 0.7748921583361476, 0.8053407489875878, 0.7176451155625706, 0.7621058663820625, 0.7627393708089312, 0.7621058663820625, 0.8249234136980503, 0.38928411008760205, 0.5816049518163112, 0.653449053228858, 0.5816049518163112, 0.4904098218222208, 0.4620865763063815, 0.4542425833297308, 0.6148482830909033, 0.3912404222144504, 0.42379125541910606, 0.38989953515038484, 0.42379125541910606, -0.5883081735100029, 0.791423763755637, 0.7693793272396778, 0.7720972398510899, 0.7521321023875008, 0.8798357370024008, 0.7977850234902061, 0.8004155760111781, 0.7977850234902061, 0.7423300641440469, 0.7423300641440469, -0.28407394560376487, 0.6978475600518318, 0.16493094969575878, -0.60651987542944, -0.632427806840404, -0.6353289003884772, -0.10108118957474092, -0.012380835072018785, 0.28768730471838494, 0.0705928395719767, 0.014996853786657391, 0.04741578565466556, 0.013822625083828125, -0.1659602081929831, 0.0010798607669163717, 0.001060956801261294, -0.6023327819951109, -0.5209763296270861, -0.12440076547066033, -0.5769684748504473, -0.43203180207502534, -0.3960944521898829, -0.22668823820408232, -0.3960944521898829, -0.28777646896933134, -0.3514209081912892, -0.3514209081912892, -0.6232147008982676, -0.6232147008982676, 0.31151382519711834, 0.5755247548267081, 0.7853727276827118, 0.763674847514612, 0.7327887264827351, 0.5703431784812284, 0.7114207274677001, 0.7189444870022705, 0.7509411834620274, 0.7189444870022705], [0.9996922489368929, 0.9991086022588372, 0.9809627198126782, 1.0, 0.9984749465117071, 0.9996922489368927, 0.9916898301359864, 0.9873288206809396, 0.9927048747381109, 0.970752559991278, 0.9847721611280476, 0.9917248793844327, 0.9918149185744446, 0.9917661217639074, 0.9918082671571504, 0.9947205326405109, 0.9948816675098954, 0.9926735942134672, 0.9926624549819302, 0.9930680394325959, 0.9917056253600908, 0.980234198922908, 0.9665521577418263, 0.9789277280501129, 0.9789014266927313, 0.9621883023617024, 0.9563318369851933, 0.9437150972711551, 0.9898454747108653, 0.9898106364969997, 0.9866650093827518, 0.9737234274061937, 0.9940858275468428, 0.995393036717206, 0.9940583047781594, 0.9926734776812474, 0.9899345066354118, 0.9953123210077421, 0.994461584120784, 0.9958836853883353, 0.9941941580406359, 0.9941842441512535, 0.9941941580406359, 0.8984680644148925, 0.6854253279018404, 0.874409529188177, 0.896269621136586, 0.7936941630378297, 0.9595775685965682, 0.9215940415547105, 0.9491916923585249, 0.9451949820403859, 0.9494378075538349, 0.9741701642923004, 0.9695569453245291, 0.8794716994834193, 0.8831857479179371, 0.9099576067295505, 0.8903289600513373, 0.9011963608607864, 0.9024552000334392, 0.9011963608607864, 0.816367455361232, 0.8876169932972243, 0.889014424085029, 0.8876169932972243, 0.8748880725468821, 0.6304252504259144, 0.8082812146609616, 0.8102131606738778, 0.8082812146609616, 0.5867557254008937, 0.4568304978803157, 0.5588429698855315, 0.7061538618780082, 0.4511562524407434, 0.4911974166440378, 0.4939750510842559, 0.4911974166440378, -0.5986821751199175, 0.8598267804299299, 0.8849284172611418, 0.867941657781422, 0.8783775153890779, 0.9287479984207276, 0.8594729922788924, 0.8611736458875242, 0.8594729922788924, 0.8550300411891283, 0.8550300411891283, -0.18132781659656394, 0.5302898202147208, 0.2195613839625003, -0.5185771248058664, -0.5481156509924858, -0.5518801241073032, -0.000804392599836102, 0.022599120010848503, 0.2850375806225168, 0.19263841586792163, 0.11141340659617119, 0.09031468545307385, 0.11799647423942523, -0.17698849150284465, 0.08677595603654507, 0.08709683698523261, -0.5190315842671523, -0.41729682376382715, -0.169400838818741, -0.46495551954498215, -0.3365572061499552, -0.3112722086757396, -0.30218931207069405, -0.3112722086757396, -0.17148778452328567, -0.22452515490796793, -0.22452515490796793, -0.5311426276901045, -0.5311426276901045, 0.38238281874653046, 0.6593507153807033, 0.872233508972404, 0.8497620338733927, 0.7897786348981384, 0.6694158100616819, 0.7693752265130261, 0.8109857718688093, 0.8112202960644799, 0.8109857718688093], [0.9972213281991611, 0.992556041323225, 0.990732377490453, 0.9984749465117071, 1.0, 0.9972213281991611, 0.9964776135574908, 0.9941962825871706, 0.9966578977894752, 0.9592867736917093, 0.9945744831622143, 0.9964959170467581, 0.9965988839410157, 0.9965300493477551, 0.9965263382597053, 0.9976112669292743, 0.9972383203155982, 0.9971345849514527, 0.9971299225098318, 0.9964916892320013, 0.9964866090752906, 0.992886292955353, 0.979411158274333, 0.9894028913811015, 0.9893541416588078, 0.9801673989659883, 0.9782718939081079, 0.9477014440535969, 0.9884851855364277, 0.9884199867965544, 0.9879062628471099, 0.9645515928658206, 0.9976708941792465, 0.9976189009417751, 0.9975251855990431, 0.9970308446225614, 0.996920349304803, 0.997828950402579, 0.9979434793062865, 0.9976877862577508, 0.9976555328357842, 0.9976566576251091, 0.9976555328357842, 0.9156010734566341, 0.6478382885789937, 0.900760676567826, 0.8982794841219102, 0.755892739998701, 0.9393246194267458, 0.8940368119085215, 0.9280859370181047, 0.9305477843256513, 0.9383220179285761, 0.9675357267533213, 0.9676034761754849, 0.8690310995996983, 0.8561573162008621, 0.8905935643844852, 0.8726325691817124, 0.8884016304569492, 0.888965973762419, 0.8884016304569492, 0.7822356360942399, 0.8227577544898604, 0.8244822564651753, 0.8227577544898604, 0.8588414995757977, 0.736472476526016, 0.8381659530254332, 0.8394053465090324, 0.8381659530254332, 0.5334148519144564, 0.39369032308737073, 0.5140598716586011, 0.690767249171928, 0.506351480229575, 0.48235187974375304, 0.482559342277379, 0.48235187974375304, -0.5856626166044988, 0.8352975579074817, 0.8475316830473454, 0.8350735389207682, 0.8803582420269728, 0.9004522144453025, 0.8379637027313104, 0.8396161833324398, 0.8379637027313104, 0.8467221525774916, 0.8467221525774916, -0.2284194722849275, 0.6009454818828412, 0.07506757381576429, -0.5769192239464945, -0.6113534983980903, -0.6117960635352508, -0.0391982712835301, 0.042517938606519305, -0.11412515593983273, -0.05940702659816155, -0.04276801280392085, -0.28738372838190585, -0.3402818311505126, -0.48677058300158194, 0.04973924753491663, 0.049886152856665686, -0.5525463776949815, -0.458998971992801, -0.4800027345065762, -0.5131713221141915, -0.5705401865418688, -0.5406540024705649, -0.5430024278696526, -0.5406540024705649, -0.21924075901761925, -0.266447744825223, -0.266447744825223, -0.6381143078248377, -0.6381143078248377, 0.35725190613061814, 0.6366508434745844, 0.8199066288814227, 0.7910351523328898, 0.7761560804450208, 0.5968778867424098, 0.6177519262545493, 0.7027774366106296, 0.7031784494563732, 0.7027774366106296], [1.0, 0.9999840021066441, 0.9769012623560971, 0.9996922489368927, 0.9972213281991611, 1.0, 0.9899586310723004, 0.9851209619560415, 0.9905336887949743, 0.9728599620252358, 0.9787896661681497, 0.9900072978443273, 0.9901703958120214, 0.9900785321706196, 0.990134743570236, 0.9930799933803858, 0.9932780704516821, 0.9911900896639058, 0.9911774910259175, 0.9911336327973188, 0.9899971452041166, 0.9768251942194611, 0.963389754940777, 0.9758218840805654, 0.975794519168226, 0.9486103222672584, 0.9517367521970924, 0.9423498770704758, 0.9898685932988125, 0.9898229178513355, 0.98565453971409, 0.9742032938545542, 0.9931771957354284, 0.9941236090926023, 0.9931961544840628, 0.9913924539490497, 0.9854647501533399, 0.9937886828499957, 0.9937498803066148, 0.9946957428130057, 0.9933896705395596, 0.9933765425211684, 0.9933896705395596, 0.8986548295482667, 0.6978437734149849, 0.8638120395880283, 0.9010881988574624, 0.8169230121463936, 0.9652973857533924, 0.9294799439849151, 0.9559003839047402, 0.9507634074596563, 0.9542560823079704, 0.9783354620966319, 0.9722172935137634, 0.906323759193005, 0.8944070739277822, 0.9265304406050918, 0.8965250660650584, 0.9228951610798988, 0.9238042629149182, 0.9228951610798988, 0.8275248670479698, 0.9019488600497266, 0.9032143072637026, 0.9019488600497266, 0.8806528890206922, 0.7044946285562776, 0.8573857844083548, 0.8592503326102924, 0.8573857844083548, 0.5976679273620853, 0.4852113428351096, 0.5719890513381817, 0.7254230398259862, 0.4586454748648501, 0.5249328457547686, 0.526978756185327, 0.5249328457547686, -0.5968019575441563, 0.8678154653838999, 0.8982521297526236, 0.8799565389031299, 0.9079144187525565, 0.9331509870612136, 0.8662506398731104, 0.8677538535105884, 0.8662506398731104, 0.8794357577993146, 0.8794357577993146, -0.17406033972297966, 0.4980979009145121, 0.2147154138488265, -0.5098068926040575, -0.5397387181714622, -0.5435945577907981, 0.012033234535982951, 0.028986364202036333, 0.2923049306807692, 0.20509982036606653, 0.12218690638897138, 0.09709593475848383, 0.12425096547839279, -0.16881813577400046, 0.09905425403578152, 0.09932685619176244, -0.5110498607716323, -0.4055888352230545, -0.16743730580846075, -0.4512679845425079, -0.333981156071929, -0.30931308678643854, -0.29967221777255737, -0.30931308678643854, -0.16132915634674083, -0.21377037499010043, -0.21377037499010043, -0.5195029610884481, -0.5195029610884481, 0.3990024108312245, 0.671487784953273, 0.8795188422962515, 0.8570455072420603, 0.7969312155635074, 0.6780555265936434, 0.7779890882083699, 0.819245441868218, 0.8194650009878762, 0.819245441868218], [0.9899586310723004, 0.9738669836593966, 0.9851722667454558, 0.9916898301359864, 0.9964776135574908, 0.9899586310723004, 1.0, 0.9970108940400121, 0.9999667204383418, 0.9483168334289201, 0.999523707814161, 0.9999959099410177, 0.99995664064145, 0.9999918812976908, 0.9999158866960344, 0.9937055037759159, 0.9998057702819403, 0.9998216996783639, 0.9998220641734852, 0.9999942486033603, 0.9999962875205972, 0.9908134499121046, 0.9743543875751425, 0.9833919721805353, 0.9921690285058878, 0.9819918904734803, 0.9704410337066185, 0.9376766206397306, 0.9925793753056267, 0.9922320040911926, 0.9920904637184212, 0.9678895880235505, 0.9992745341210736, 0.9993584739668292, 0.9993315290046586, 0.9997295262261897, 0.9984781320434832, 0.9992338289479027, 0.9981552385984385, 0.9993418474252138, 0.999083421630229, 0.9989969341445593, 0.999083421630229, 0.9220284458637359, 0.6463105014017462, 0.9231909751617186, 0.9016243604873679, 0.7005843207569932, 0.9484999214599925, 0.9123383973921338, 0.9360993425856262, 0.9267980148029723, 0.937743544008474, 0.9691942396800342, 0.9612676825546942, 0.6929018403946517, 0.7989274002908028, 0.7838694987961184, 0.8296163723861298, 0.7764432813993625, 0.7478484720394901, 0.7764432813993625, 0.7334272185800217, 0.7494532070762125, 0.7527150392082693, 0.7494532070762125, 0.8125026047751545, 0.2649980504535329, 0.48726061879047555, 0.5821763453607122, 0.48726061879047555, 0.4983681534147341, 0.45924232532957177, 0.455702219094276, 0.5912276182500348, 0.36706384654091245, 0.3972295027779927, 0.3444837861773043, 0.3972295027779927, -0.6522496984813484, 0.788096413573308, 0.7874741548317392, 0.7809608834542918, 0.7181584550103792, 0.8841390403465449, 0.7937788147548485, 0.7961930935745715, 0.7937788147548485, 0.6987739673721907, 0.6987739673721907, -0.26678438937044535, 0.6592750950964474, 0.2648237345066923, -0.5668565123541762, -0.5944976726193167, -0.5977520545464619, -0.05787888674402275, -0.03222098603365925, 0.38038648638863787, 0.14943193744960495, 0.06688135597344677, 0.13491988681561395, 0.10276377059437065, -0.08468176404441838, 0.010942023495433934, 0.011349701521388656, -0.5690040713318615, -0.49269827011943895, -0.01278204250272535, -0.5541599933790062, -0.3437854887627211, -0.3106335479149182, -0.1335625908991659, -0.3106335479149182, -0.2577807353969037, -0.27968448735208484, -0.27968448735208484, -0.6004341500865522, -0.6004341500865522, 0.3519209295373452, 0.6100665950026208, 0.8043249539838151, 0.8100142920045389, 0.7628398491123969, 0.649657234555702, 0.7484601856522655, 0.7713267250029897, 0.78963128344489, 0.7713267250029897], [0.9851209619560415, 0.9630391316435468, 0.9831846512118438, 0.9873288206809396, 0.9941962825871706, 0.9851209619560415, 0.9970108940400121, 1.0, 0.9994157471227201, 0.9391885820824196, 0.997980309118563, 0.9978405046883859, 0.9992035890561831, 0.9989254523319194, 0.9985987145597757, 0.9858192225660745, 0.9988257214954874, 0.9989849618365559, 0.9989878927021818, 0.9994626696552289, 0.9991028387341565, 0.9906648390733507, 0.9746539009064601, 0.9913093812094905, 0.991988804642033, 0.9763132899129688, 0.9724862163793901, 0.9356655458906757, 0.9889279629736387, 0.9923498955732061, 0.9902819622744418, 0.9639856565961046, 0.998063989247445, 0.9979346295752001, 0.9979459667059758, 0.998946776685011, 0.9954889652331265, 0.9976901382798958, 0.9974885817577964, 0.9977983368156653, 0.9978814802818445, 0.997912496914796, 0.9978814802818445, 0.9202795889858281, 0.6303744001490298, 0.9251585879796649, 0.8980259392499038, 0.6710032018621488, 0.946183482433508, 0.9049275902646863, 0.9323369540077857, 0.9173585993779315, 0.9297910215393234, 0.9643562465142, 0.9554666222728552, 0.6755415748938381, 0.7805497934642819, 0.7630513832317392, 0.8173791099667973, 0.7569317950078926, 0.7331102169150401, 0.7569317950078926, 0.7164629123175328, 0.7265757707763033, 0.7370509675335113, 0.7265757707763033, 0.8002449479529665, 0.24078628410186093, 0.46140874050764397, 0.5622145007738913, 0.46140874050764397, 0.4814537976875519, 0.4509344038438402, 0.436710817428295, 0.5726629946043472, 0.3557395869041239, 0.3834732016233875, 0.32460761667231847, 0.3834732016233875, -0.6525455985256371, 0.7739612722815504, 0.7635523321697283, 0.7620198831262446, 0.7005259553170645, 0.87345034117724, 0.7804442736179908, 0.7831296025747073, 0.7804442736179908, 0.6760788875927013, 0.6760788875927013, -0.2858314886093417, 0.6946255930720044, 0.2738338142236285, -0.5827633022486381, -0.6098013046616706, -0.6128501184981644, -0.07427730763243491, -0.04224704319559326, 0.37379999485152593, 0.12961198691338818, 0.05022678305543126, 0.12572652648544883, 0.08677125504283421, -0.09110890471525591, -0.007471089111631549, -0.007045425749101779, -0.5829175789927411, -0.5103273849740546, -0.01953624739623521, -0.5751769374371405, -0.35824700540702903, -0.3232463449420731, -0.13974505938057225, -0.3232463449420731, -0.2785970680872075, -0.29562862248797683, -0.29562862248797683, -0.615458778379446, -0.615458778379446, 0.32498433717893016, 0.5908635914900282, 0.7939134265506691, 0.7909838968269582, 0.7486016989312291, 0.632562335725775, 0.7315877041352042, 0.751036742111084, 0.7731860522816227, 0.751036742111084], [0.9905336887949743, 0.9735870298632957, 0.9921802377172534, 0.9927048747381109, 0.9966578977894752, 0.9905336887949743, 0.9999667204383418, 0.9994157471227201, 1.0, 0.9470415702867829, 0.9994582759809478, 0.9999678165929958, 0.9999633715983208, 0.9999729451747685, 0.9999289009436693, 0.9979983760247829, 0.999709686654664, 0.999755721986522, 0.9997567772867736, 0.9999648149426098, 0.9999651722170416, 0.9940304702902039, 0.9770395974736865, 0.9935187959300543, 0.9934564813474196, 0.9817314399806918, 0.9763679980690234, 0.9395684378497619, 0.9910702965799131, 0.9910347782625029, 0.9888033941400353, 0.9631149876284525, 0.9992888790314424, 0.9992506963406433, 0.9991087895486465, 0.9998554796574789, 0.9983816184291215, 0.999223199840254, 0.9991214754048321, 0.9992217317631532, 0.9991283163362272, 0.9991342922231852, 0.9991283163362272, 0.9220969742531231, 0.6477201961494923, 0.9230238751636638, 0.9013055535506926, 0.699991205958977, 0.9350321273962685, 0.886192486775057, 0.9194160621910181, 0.9221828508548316, 0.9339527380037476, 0.9627567274841307, 0.9616761068350972, 0.838393563394829, 0.7996671812701238, 0.8608310387822197, 0.8303643917578111, 0.8587057562715361, 0.8595506793634217, 0.8587057562715361, 0.7323979755609049, 0.8026141452012326, 0.8044370889583102, 0.8026141452012326, 0.8138125955859793, 0.6937046300176251, 0.8046650548999114, 0.8063622597013517, 0.8046650548999114, 0.4973196181009791, 0.3141472881331503, 0.4548395415143502, 0.6352334848648679, 0.4280555400591838, 0.39037050893869496, 0.39070050977083814, 0.39037050893869496, -0.6330115448489779, 0.7884354881244598, 0.7870165019608185, 0.7809403578552219, 0.8502349496209882, 0.8713604265068415, 0.8003577529824003, 0.803088205334181, 0.8003577529824003, 0.8090449206753701, 0.8090449206753701, -0.2694362930914498, 0.6599883164267756, 0.09921640212557015, -0.5960176259103446, -0.639214184943686, -0.6400142544918204, -0.06152528771156798, -0.030291433595322277, -0.12339686385551783, -0.03319404372720727, -0.03067741136331774, -0.3215185565328096, -0.35033318509539363, -0.5291099595003846, 0.009541012890015035, 0.010176573111035482, -0.5710476391672448, -0.49499405312409556, -0.4909139388114642, -0.5565730509409694, -0.5871484336034049, -0.5662907148826803, -0.5682025996692248, -0.5662907148826803, -0.2603004445092624, -0.28338061952973487, -0.28338061952973487, -0.6976056134118658, -0.6976056134118658, 0.3524897624269605, 0.6090570268053905, 0.8263430818230598, 0.8022887245039194, 0.7613624811928136, 0.6346030674275427, 0.6496920195884818, 0.7214750258601739, 0.7216327352140389, 0.7214750258601739], [0.9728599620252358, 0.9547202311239654, 0.933835400816164, 0.970752559991278, 0.9592867736917093, 0.9728599620252358, 0.9483168334289201, 0.9391885820824196, 0.9470415702867829, 1.0, 0.9148986487898476, 0.9483672197126781, 0.9484838339496711, 0.9479910213004127, 0.9472845487602863, 0.9497427402257619, 0.9556495989156631, 0.9546705374010296, 0.9546375042615717, 0.9485232061382034, 0.9485104024591873, 0.9479635890635563, 0.9399340891624609, 0.9504989529736674, 0.9507242418030685, 0.7920277142472036, 0.9555975526662014, 0.9497486619462325, 0.9564089640939024, 0.9565577683296207, 0.9547198080200365, 0.9284598046591112, 0.9590882258442093, 0.9593634995992587, 0.9602271677866736, 0.9506562787879235, 0.9281048453288334, 0.9582959778523424, 0.9598773495473738, 0.9596775845683444, 0.9605499297830932, 0.9605115536385954, 0.9605499297830932, 0.7722233209156981, 0.4459723965698707, 0.7137432838714837, 0.8602087062755917, 0.8450450203497464, 0.8738462119734245, 0.7525576655943038, 0.8514854361545753, 0.8652846065267236, 0.8749919586818005, 0.8943375789954918, 0.8943832742890424, 0.8475306988458622, 0.8383828517646322, 0.8752763273564319, 0.8502522341176758, 0.8662598782501845, 0.8672252377440445, 0.8662598782501845, 0.7840369751639995, 0.7630068117302881, 0.7652343541259746, 0.7630068117302881, 0.8427934746691877, 0.8661746912953672, 0.8407213428438347, 0.8416273084726253, 0.8407213428438347, 0.6058358832556846, 0.5255973371348555, 0.6060804249593287, 0.733780693939977, 0.624672087287984, 0.6471517982551881, 0.6506969513015413, 0.6471517982551881, -0.2680250978591872, 0.845818802486042, 0.9118932981674439, 0.8656899554930388, 0.865801251832286, 0.8773573723255725, 0.8369062315790938, 0.8384128915874232, 0.8369062315790938, 0.8501279067830385, 0.8501279067830385, 0.013514324529452757, 0.21205860927255774, -0.06791660729623976, -0.3405890192066796, -0.37384786884743576, -0.37576060945062645, 0.11490629152905132, 0.3724257384898882, 0.14053449994224232, 0.04017451470605605, 0.14679699603666063, 0.054852867358176, -0.05315842426452056, -0.10724619752990448, 0.2632350364015776, 0.2620566735834187, -0.323893889675714, -0.2710483464693307, -0.2745105180440506, -0.276570545953546, -0.34891843645708914, -0.29729102564016113, -0.29907737935423484, -0.29729102564016113, -0.03846255511155846, -0.3159013394155476, -0.3159013394155476, -0.3836408943388472, -0.3836408943388472, 0.5809323903289426, 0.6814834332861517, 0.7610112870433255, 0.6643615540760146, 0.8408440972112287, 0.30263887653729354, 0.39255615363285684, 0.5746221586776581, 0.5749008738712728, 0.5746221586776581], [0.9787896661681497, 0.9761099286274288, 0.996241325238598, 0.9847721611280476, 0.9945744831622143, 0.9787896661681497, 0.999523707814161, 0.997980309118563, 0.9994582759809478, 0.9148986487898476, 1.0, 0.9995207459274554, 0.9995163024487574, 0.9994629425423569, 0.99950262514468, 0.9983129030665484, 0.9995609675832918, 0.9996895423199399, 0.9996951749141644, 0.9995295820403106, 0.9995308129298591, 0.9912138236698061, 0.9560994181250437, 0.9910932993713628, 0.9910630725133316, 0.9857340114402491, 0.9717795311877009, 0.8907024507557051, 0.9886467943302657, 0.9887023815721119, 0.9700621688510785, 0.8863599830779062, 0.9985537436502461, 0.9984990086567238, 0.9982595298410971, 0.9991877135978315, 0.9991024583680297, 0.9985268074813444, 0.9982768310920328, 0.9984559251941844, 0.998209317514175, 0.9982232798964311, 0.998209317514175, 0.9159032499160609, 0.5334501353253986, 0.9186017683155602, 0.8999099705059008, 0.7023708216869289, 0.8265398972095531, 0.8349196197492901, 0.8144543780919206, 0.815139699057183, 0.8225970275023631, 0.921614420968068, 0.9218012607595215, 0.8257797686471164, 0.8374636526743537, 0.7983146044773335, 0.801320671427721, 0.8089777744141645, 0.8100706448059352, 0.8089777744141645, 0.6156207054289109, 0.5731147630346961, 0.5757470300570364, 0.5731147630346961, 0.8385802789160942, 0.8494854608520915, 0.8365610512268531, 0.8383581803709925, 0.8365610512268531, 0.258420285330557, 0.19145494007345307, 0.32062618514421903, 0.438613871879496, 0.3053880314535895, 0.36126002046995137, 0.3645161064662629, 0.36126002046995137, -0.4011943512268059, 0.7343662758801663, 0.7919308489483333, 0.7687889296744885, 0.8359914490251035, 0.8323549134740487, 0.7259806422394413, 0.7266316343034172, 0.7259806422394413, 0.7421677684337594, 0.7421677684337594, -0.334155308827143, 0.6500883693014207, -0.39593593414130346, -0.5385722977918628, -0.5400626060951258, -0.5422946849084384, -0.3267782358205761, 0.12491623754691993, -0.24223043450475198, -0.3897710247230325, -0.25181614954257064, -0.3125840720362008, -0.3474043395200839, -0.3777304772682223, -0.007070929112103368, -0.011487919944797526, -0.5472814268788211, -0.5090270323494114, -0.526723821464138, -0.561375973311209, -0.5557946458031291, -0.5310498026464502, -0.5338616119589409, -0.5310498026464502, -0.4364868673673115, -0.5898217612062444, -0.5898217612062444, -0.6000303179197768, -0.6000303179197768, 0.34732915047438123, 0.3724075661287929, 0.47262567750410356, 0.5551520511311769, 0.5575111764925568, 0.16752021487946886, 0.31179887305816006, 0.33796913034308135, 0.3381431991067973, 0.33796913034308135], [0.9900072978443273, 0.9739195268577423, 0.9851204158720697, 0.9917248793844327, 0.9964959170467581, 0.9900072978443273, 0.9999959099410177, 0.9978405046883859, 0.9999678165929958, 0.9483672197126781, 0.9995207459274554, 1.0, 0.999961968882088, 0.9999938985994912, 0.9999214483630962, 0.9945625466676478, 0.9998081376184559, 0.9998232812024358, 0.9998235715427961, 0.9999960222641172, 0.999996947278433, 0.9907662743306285, 0.9743216840480514, 0.9890313873095764, 0.9921419152166043, 0.9819645920322665, 0.9703415754594026, 0.9376189798005442, 0.9925698932557104, 0.9922474014840759, 0.9920842421662188, 0.9679195256978674, 0.9992774917299347, 0.9993642793942815, 0.9993414452456701, 0.9997355572347879, 0.9984832138891789, 0.9992445868177111, 0.9981600797014556, 0.9993503257366807, 0.9990888695681914, 0.999000641954578, 0.9990888695681914, 0.9220910241185181, 0.6465061768194293, 0.9235287509548522, 0.9019690353280334, 0.7008086872884433, 0.9485525756530442, 0.9125500502469538, 0.9361935909040706, 0.9269043362729625, 0.9378350655050517, 0.9693029838921168, 0.961356723070821, 0.6928246989800565, 0.7990807276389952, 0.7839851208966543, 0.8297321561485171, 0.7765574292323788, 0.7477805433465412, 0.7765574292323788, 0.7334974508097313, 0.7495203653935282, 0.7526442641576705, 0.7495203653935282, 0.8126584272393046, 0.26484763044820653, 0.48726590505253914, 0.5820721743043102, 0.48726590505253914, 0.4983035992728791, 0.4591519267989345, 0.4556474174438904, 0.5912617448778111, 0.3669307627144441, 0.3973266394705796, 0.3445271314778911, 0.3973266394705796, -0.6524043906214683, 0.7881626809959456, 0.7876205330464636, 0.7810603648287279, 0.7181477274429249, 0.8842475025071136, 0.793865788971134, 0.796275080498336, 0.793865788971134, 0.6988574325464941, 0.6988574325464941, -0.26678011832424203, 0.6592861889167164, 0.26495490855853693, -0.5668093786010995, -0.5944013395975551, -0.5976614233886363, -0.05794348919961058, -0.032391255417181845, 0.3805789841506613, 0.1494834247436048, 0.06684329981936293, 0.13520872976063825, 0.1030330174960468, -0.08435771215689722, 0.010969371461827353, 0.011393910283331306, -0.5689837132578518, -0.49271753519490635, -0.012499741738791217, -0.5541293649455046, -0.34349591544243213, -0.31037281454106136, -0.13332595748803452, -0.31037281454106136, -0.25761898754337037, -0.27962442044716823, -0.27962442044716823, -0.6002910200821306, -0.6002910200821306, 0.3524976968893785, 0.6102577160247169, 0.804369491653811, 0.8103012686590055, 0.7629600016806433, 0.6499370043449031, 0.7486154920948274, 0.7716036938702847, 0.7897643861610419, 0.7716036938702847], [0.9901703958120214, 0.9738701856614835, 0.9825803234029062, 0.9918149185744446, 0.9965988839410157, 0.9901703958120214, 0.99995664064145, 0.9992035890561831, 0.9999633715983208, 0.9484838339496711, 0.9995163024487574, 0.999961968882088, 1.0, 0.9999664006545105, 0.9999092441963713, 0.9974606442090286, 0.9998037105634346, 0.9998655677454225, 0.9998661520641406, 0.9999825972264609, 0.9999610433835032, 0.9902998584824891, 0.9741285182837383, 0.992880902220312, 0.992840547379434, 0.9819327386158173, 0.9699570174710975, 0.9375429244608487, 0.9933467282622505, 0.9933637679385674, 0.9918386569003927, 0.9677169080552482, 0.9995031759094563, 0.9993682337489554, 0.9993976780104775, 0.999884334114475, 0.9984808454740745, 0.9992519922281543, 0.9992089483602762, 0.9993605854351433, 0.9993747876791071, 0.9993784080155947, 0.9993747876791071, 0.9221943654494179, 0.6466676389036429, 0.9235442463011146, 0.9019611175045167, 0.7008159115804532, 0.9526220137306004, 0.9100057150819288, 0.9379315230590243, 0.9269894621500806, 0.9378321181840114, 0.9690231685627433, 0.9614281876126457, 0.6456635308502355, 0.7987922907333919, 0.7827318491871377, 0.8302041810731603, 0.7754929769630764, 0.7198083212880145, 0.7754929769630764, 0.7334170171113207, 0.7396532193543928, 0.7441214583736625, 0.7396532193543928, 0.8131241708395485, 0.19391845402196867, 0.4745285608791622, 0.4804244208116462, 0.4745285608791622, 0.49845639964457045, 0.3516050077143139, 0.45590000903085703, 0.5907626752935838, 0.3671540161354437, 0.36407431239848315, 0.3441640546288385, 0.36407431239848315, -0.6525942594222204, 0.7886487917376718, 0.7875970828294674, 0.7808193914450194, 0.6570685909149337, 0.8847408563278389, 0.7943928315780633, 0.7967966385626074, 0.7943928315780633, 0.6973252806598937, 0.6973252806598937, -0.2664387519796194, 0.6591668271557819, 0.2685796656155057, -0.5666517647768355, -0.5940635675809509, -0.5973238774046914, -0.05832633755985952, -0.032287840685182694, 0.33282115689540936, 0.14965526625492787, 0.06659019768044784, 0.1386414201462158, 0.10542382686082653, -0.09458397388096504, 0.011090986435904364, 0.011519019169504145, -0.56915056491705, -0.4927962246935436, -0.07820126290455433, -0.5538443654642834, -0.3414581458367313, -0.30810922260317447, -0.2207784218876539, -0.30810922260317447, -0.25715325483542995, -0.2807383962037979, -0.2807383962037979, -0.5995448046566194, -0.5995448046566194, 0.3526280358482966, 0.6104357144429583, 0.7891641032734509, 0.8103509026238779, 0.7633512843678937, 0.649675176564906, 0.7066415432662985, 0.7594249650231167, 0.7596179280779107, 0.7594249650231167], [0.9900785321706196, 0.9736556817158322, 0.984882642173164, 0.9917661217639074, 0.9965300493477551, 0.9900785321706196, 0.9999918812976908, 0.9989254523319194, 0.9999729451747685, 0.9479910213004127, 0.9994629425423569, 0.9999938985994912, 0.9999664006545105, 1.0, 0.9999343085605723, 0.9973096206038775, 0.999798288973034, 0.999826594169147, 0.9998267736617157, 0.9999938777761854, 0.9999940821035638, 0.9906160828025823, 0.9742174275654656, 0.9927132366653225, 0.9925894278124505, 0.9818252226997052, 0.9699960598558796, 0.9372246885490915, 0.9932992324224525, 0.9933440057432155, 0.9921232726046756, 0.9681053869468403, 0.9993300336647806, 0.999362931261388, 0.99937383123786, 0.9997745891988423, 0.9984102013277144, 0.9992480808849973, 0.9984851182974759, 0.9993593032867201, 0.9991397144266315, 0.9990591950433573, 0.9991397144266315, 0.922345747736394, 0.6472887683368053, 0.9238621597955397, 0.9022682638805448, 0.7004105398274019, 0.9491438781532614, 0.913316949413388, 0.9368277119045622, 0.927329763579703, 0.9382244982102494, 0.9697419915550348, 0.961757896039121, 0.6931322049414375, 0.7993692093345944, 0.7839048128880375, 0.8300186537942241, 0.7765219042261798, 0.7474120051684434, 0.7765219042261798, 0.7337037893471868, 0.7494683005989169, 0.753082729760219, 0.7494683005989169, 0.8130395947712448, 0.26413546884074335, 0.4867210838521761, 0.5821203755815683, 0.4867210838521761, 0.49811512284347825, 0.4597205137490479, 0.455529214062649, 0.5910002023163268, 0.3665046247361424, 0.3973585464432516, 0.3441571586812328, 0.3973585464432516, -0.652797770007772, 0.7883053042013449, 0.7871225947023757, 0.7811440732811985, 0.7072261828235172, 0.8845373118084656, 0.7940070947230359, 0.7964045413361278, 0.7940070947230359, 0.6986527444347519, 0.6986527444347519, -0.268615467751617, 0.6603479792134958, 0.26548463348350915, -0.5673693104375622, -0.5948215791356366, -0.598087117841359, -0.05922057560416391, -0.03374740096139676, 0.3808694185253912, 0.14896982963025063, 0.06593006081128139, 0.13526737623440277, 0.10309090959637751, -0.08421104282187393, 0.009825423883442121, 0.010244862914892721, -0.5696910655563664, -0.49382719903805633, -0.011904859808282587, -0.5556676940872142, -0.3433676160317748, -0.31031906033951695, -0.1327540501486538, -0.31031906033951695, -0.258723668023181, -0.28014228390123425, -0.28014228390123425, -0.6003925798508338, -0.6003925798508338, 0.35266739562705585, 0.6099345479010168, 0.8049067058111303, 0.8107647090576431, 0.7623765354477204, 0.6507369108338108, 0.7494075302992392, 0.7720030635094487, 0.7903742950480821, 0.7720030635094487], [0.990134743570236, 0.9727512962019664, 0.9847719541036863, 0.9918082671571504, 0.9965263382597053, 0.990134743570236, 0.9999158866960344, 0.9985987145597757, 0.9999289009436693, 0.9472845487602863, 0.99950262514468, 0.9999214483630962, 0.9999092441963713, 0.9999343085605723, 1.0, 0.9974268551912723, 0.9996916982566318, 0.9997739525493415, 0.9997751004245801, 0.9998981263272367, 0.9999172125944795, 0.9903715643854077, 0.9739597456100768, 0.9919761255491362, 0.9916050855899785, 0.9818429403197242, 0.969696264195144, 0.9371288190679803, 0.9924059173762881, 0.9924117301132375, 0.9915114219086223, 0.9671625681972337, 0.9993395229996521, 0.9992122195577218, 0.9993116799206787, 0.9997614328476123, 0.9983146662813872, 0.999225563841484, 0.9984704516420653, 0.9992348004362989, 0.999156161051723, 0.999089835136298, 0.999156161051723, 0.9209270889236862, 0.647649809475105, 0.9223091308777838, 0.9006157918871108, 0.697456493032644, 0.9496997422118721, 0.9141764893509212, 0.9377961333918039, 0.926773529295956, 0.9374992133777135, 0.970107095405117, 0.9613378275815313, 0.6945158395294058, 0.7978708549446415, 0.7841846879861287, 0.8296597228339739, 0.7768055432704268, 0.749725366701313, 0.7768055432704268, 0.7317753817587294, 0.7489779727115172, 0.7542710565237165, 0.7489779727115172, 0.8129834438883649, 0.2641172726944864, 0.48633422852738106, 0.5835730598432273, 0.48633422852738106, 0.49671470333993184, 0.46144725810817533, 0.45386516590022385, 0.5905089755826469, 0.3649640669457212, 0.3978649667156386, 0.3444111788918874, 0.3978649667156386, -0.6533479932796777, 0.7876513817825842, 0.7857442678512563, 0.7801084232487663, 0.7201999189942806, 0.8848697056114083, 0.7935344514238746, 0.7961605233819965, 0.7935344514238746, 0.6987765769810216, 0.6987765769810216, -0.2692780392524661, 0.66268734872538, 0.26576608631900206, -0.567586884180736, -0.5948463625661509, -0.5977886353058484, -0.06121894307686906, -0.03532369962951004, 0.3822683584567392, 0.14856385720191712, 0.0648110669161865, 0.13632277177752705, 0.10427086327353995, -0.08268630895508837, 0.008954006323282313, 0.00957931269218866, -0.5710435620139196, -0.4953707831787388, -0.009988680875278702, -0.5567229832276155, -0.3423972397177743, -0.30936143792666804, -0.13127010017964189, -0.30936143792666804, -0.2588639577052233, -0.28296951506267526, -0.28296951506267526, -0.600169046446967, -0.600169046446967, 0.34990248582403294, 0.6077798696455756, 0.8060398886105441, 0.8115741305785317, 0.7607736270751925, 0.6497751823790298, 0.7512122834292706, 0.772808294437602, 0.791834005523436, 0.772808294437602], [0.9930799933803858, 0.9827993187037909, 0.9879459778186774, 0.9947205326405109, 0.9976112669292743, 0.9930799933803858, 0.9937055037759159, 0.9858192225660745, 0.9979983760247829, 0.9497427402257619, 0.9983129030665484, 0.9945625466676478, 0.9974606442090286, 0.9973096206038775, 0.9974268551912723, 1.0, 0.9980875734967674, 0.997686763479494, 0.9976840614242664, 0.9977683152707977, 0.9972388941619532, 0.991202826360405, 0.9768102669949175, 0.9694410855490256, 0.9869731300013506, 0.9863692411591384, 0.9712529315769197, 0.9464234457258252, 0.9915734118334697, 0.9893972490410683, 0.9883289654451727, 0.9659720582115789, 0.9974686458092045, 0.9974934884971458, 0.9972974749582331, 0.9972696469504952, 0.998441342072811, 0.9980191902714233, 0.9972884319730116, 0.9977312225066747, 0.997399211013314, 0.997375836365352, 0.997399211013314, 0.9124575574303929, 0.6578355396144854, 0.9151124538746555, 0.9042570344846849, 0.7242740538981445, 0.9515227212320325, 0.9169003044928038, 0.94