var element=document.getElementById("correlationClose");if(element.style.display!='none'){var correlationClose={"data":[{"type":"heatmap","z":[[1.0,0.9999901708806374,0.7004642165467189,0.9997528698451422,0.998201921884018,1.0,0.9929867421457091,0.9898523990983256,0.9898523990983256,0.9934955613378879,0.9781524215299761,0.9877091310182727,0.993018572930669,0.9933673178668956,0.9930619606700142,0.7174078005430057,0.6276343435004366,0.23975284342150407,0.993771299046784,0.9937648539488655,0.9858864120299005,0.9930077461796417,0.3697637457026812,0.7671981172106105,0.9835617540114621,0.9835617540114621,0.9835430952437137,0.9779828006295523,0.296039899599823,-0.1486719375210825,0.9892705198941848,0.9892299807919327,0.24383678608083367,-0.22873439225307068,0.9949580268721091,0.9953238073900427,0.8621002285569545,-0.3461632046801215,0.9910090077918192,0.9953638174689037,0.6961121707926066,0.2201586490441053,0.9950751701162114,0.9950718929852439,0.9950751701162114,0.9072842299552151,0.6575763087512623,0.9290299440231157,0.9322443166733771,0.8528774677683191,0.38131323453422256,-0.1872065409232799,0.22551818538043017,0.9522556565891178,0.36580962483002266,0.9755526356420108,0.9723228550663042,0.9816164656059253,0.9894899915544495,0.9374192570189799,0.9467343018655804,0.9495408289291437,0.938129586547547,0.9468604850323142,0.9474464961179058,0.9468604850323142,0.8988295936558078,0.9283534099304184,0.9291668581971794,0.9283534099304184,0.9325466031935483,0.8104830714455762,0.9059736367553335,0.9070861700815114,0.9059736367553335,0.7357207342139876,0.4252000632147899,0.7255617356740759,-0.5276117063569179,0.6313532668976878,0.6439930661448623,0.6441485563842321,0.6439930661448623,-0.08055208826805509,0.9205341758602335,0.9498137626160417,0.9359097435148998,0.9387338966895274,0.23880194626711798,0.9152658949824447,0.9157854786894356,0.9152658949824447,0.918989918901939,0.918989918901939,-0.09259872033824944,0.6037772824314117,0.14074800146199093,-0.709658117650093,-0.600502289076906,-0.6044774015760601,-0.1570339641282823,0.1528077788604777,0.19270504227807017,-0.026930834701309362,-0.5880787197804573,-0.039186513818072796,-0.7978279694421537,-0.3085561570044071,0.17519130212237313,0.17661197961405228,-0.5814924898816038,-0.5713020357894246,-0.2960121875396808,-0.5241440761814066,-0.8120691666886234,-0.42231823087590453,-0.41489635750410486,-0.42231823087590453,-0.24752895579072418,-0.36851872220519577,-0.36851872220519577,-0.8002419141534624,-0.8002419141534624,0.4525329272226674,0.6311721427778115,0.8500446682718434,0.8415150168718873,0.7555486301203099,-0.34811891208222556,0.7469156192929143,0.7731924247870698,0.7733870485131906,0.7731924247870698,-0.1638067972882522],[0.9999901708806374,1.0,0.9830912740138102,0.9995452700655751,0.9962148352041104,0.9999901708806374,0.9858511107955292,0.9810513723459305,0.9810513723459305,0.9857591177539906,0.9747646298193127,0.9866449496242123,0.9858805430413213,0.9858389808532193,0.9857394451866209,0.03467343073907184,-0.05831948301426106,-0.46734776842316855,0.9888533544261858,0.9888517469106387,0.9859208180979653,0.9859249396866846,-0.19725660924739163,0.9814568665465485,0.981573097381276,0.981573097381276,0.9815975299446402,0.9780648019932978,0.06300901472387294,0.08721736546750676,0.9832030274615238,0.9832318458164033,0.7190215212143867,0.03799966834659936,0.9911200414654059,0.9911341202462247,0.9916455171177693,0.9868112723327739,0.9902061556566829,0.991159121037596,-0.014197567497311554,-0.4716554408164314,0.9916929435466669,0.9916920537015507,0.9916929435466669,0.9070010451446844,0.5073972238319697,0.928954046397262,0.9320153871671711,0.8524290828980206,-0.23518633746140225,-0.47152717625762436,0.855211114397905,0.8974033348695107,-0.2600108047020229,0.9440472459895981,0.9441753864925153,0.9643246241331063,0.978827016066916,0.9576389733756724,0.9626623910368478,0.9491282258246064,0.950878134927902,0.9520353260115116,0.9523693692149409,0.9520353260115116,0.8782844023828873,0.8544050830777076,0.8555666584795988,0.8544050830777076,0.9595576745060022,0.9622028715467427,0.9594850940689386,0.960155642819025,0.9594850940689386,0.6839210617780369,0.640385291803761,0.7170109834623392,0.7768651839108884,0.6958500458314248,0.7167490686089413,0.7177766270183348,0.7167490686089413,-0.10322153427505057,0.9279967876759804,0.9463674691730074,0.940287508091795,0.9620266342459718,-0.3250019582304692,0.9249403904756844,0.9250701927710389,0.9249403904756844,0.9305500817317767,0.9305500817317767,-0.17610819194117683,0.6045735302185893,-0.37218403944885736,-0.7987025855560592,-0.4658322790667688,-0.46987104692758463,-0.3974551029133111,0.29142930866526207,-0.26929267664052176,-0.5139382403819491,-0.7531637981765528,-0.3691474700548628,-0.4720507442574718,-0.4341930298826741,0.14404544691848958,0.14172373376918249,-0.49067856105725416,-0.4593886506226362,-0.48770165000427923,-0.5195201917685841,-0.5113109003919032,-0.49012684121845523,-0.4935124889020136,-0.49012684121845523,-0.38261256397264715,-0.5506661727217386,-0.5506661727217386,-0.5154162675782017,-0.5154162675782017,0.4504333894673248,0.37042510441184734,0.5056239636544501,0.6240114330115764,0.5284884194465098,-0.44507109636137915,0.393931444243203,0.3149404694821791,0.31513620756962635,0.3149404694821791,0.20234333721901238],[0.7004642165467189,0.9830912740138102,1.0,0.6979150256397887,0.6411812314844851,0.7004642165467189,0.679275888922107,0.6725375474648404,0.6725375474648404,0.6329927643873798,0.6016399017776133,0.9947463407571558,0.6792867692486907,0.6757743921815305,0.6794093352386588,0.3789860416916768,0.3347403143074946,-0.23194412545374246,0.6454180972309154,0.6446843601692326,0.6150307712240592,0.6783508481663526,0.15421203743331588,0.8134445394251439,0.6617548242403083,0.6617548242403083,0.6615325928580119,0.9891841680428741,0.27087882713166855,0.08268021927627157,0.6358725288526655,0.6355109280702707,0.6121593403195665,-0.0642865846262775,0.674735134765145,0.626291339933673,0.6378149870711864,0.28362850429096065,0.993302914499213,0.6231833114559471,0.36266459277325225,-0.24156722257547147,0.6916771978951514,0.6727207857509677,0.6916771978951514,0.9045076151868278,0.4227257268769327,0.9421926376531523,0.9235003526773228,0.7651303767990502,0.23339664465709678,-0.07958117768763708,0.054788077330754914,0.5752216970854364,-0.08150050733126858,0.6201768700969392,0.5974669980080296,0.6151466133941946,0.5792170646843731,0.03096625937394915,0.8229595504865933,0.7590737562659997,0.6869378539887276,0.7645734933352865,0.7812925510371036,0.7645734933352865,0.5906893323842398,0.6837124954043121,0.7252478877456616,0.6837124954043121,0.7361223217067137,0.6977134983927376,0.749849300625796,0.7869937422191524,0.749849300625796,0.48743987960848467,-0.08324672446888659,0.5033113866329275,0.08774559917998165,0.4717112039670665,0.2686510310378176,0.5280038511259332,0.2686510310378176,-0.129849682278618,0.6660479366965456,0.8987394234695475,0.7278276699929339,0.7889432604740092,-0.08968979278615545,0.6986039595272138,0.6980602708454398,0.6986039595272138,0.7491806480716152,0.7491806480716152,-0.19027756047697125,0.705268254219497,-0.17704124525786546,-0.7279577532005748,-0.4587133020206764,-0.4628124172328902,-0.4368334483190502,0.13029542883890158,0.019884319099243864,-0.3584249608525739,-0.7079251630008477,-0.18298224249766532,-0.3450364816305,-0.2925674339545735,0.06317079673560135,0.061598192355696815,-0.5032476063432104,-0.08584350393759367,-0.2751718951751961,-0.5224623592231468,-0.23074393034007562,-0.4223765173743245,-0.30605313912852905,-0.4223765173743245,-0.43396735605471654,-0.5587337899742761,-0.5587337899742761,-0.3255489544996257,-0.3255489544996257,0.4033327848307569,0.22282517021287687,0.3017639793201508,0.5386774781236572,0.3149298521929276,-0.39930558405967975,-0.0005796723688686005,0.4646414751647773,0.5608383006361427,0.4646414751647773,0.010061909092379587],[0.9997528698451422,0.9995452700655751,0.6979150256397887,1.0,0.9989963425141362,0.999752869845142,0.9940832828182656,0.9913710894407582,0.9913710894407582,0.994794260876816,0.9765093608923444,0.9905702819349451,0.9941056101953069,0.9947202125986971,0.9941272462807997,0.7165296191257168,0.6263013144189411,0.2255436569333253,0.9946953327970225,0.9946921818663383,0.9859252106818593,0.994089004001362,0.36127594601282353,0.771327240730525,0.9858505018371528,0.9858505018371528,0.9858309872459459,0.9832374291173708,0.2917470018650136,-0.1545306162473468,0.9885227782956649,0.9884895391145202,0.23598036547314918,-0.22908262261379286,0.9953806335638192,0.9959437094336882,0.8315943985330012,-0.3502380167447264,0.9930702824438076,0.9961885063170857,0.6946365424361831,0.20568821282580965,0.9935714506561518,0.9954134892622131,0.9935714506561518,0.905325328905856,0.6461237330790032,0.9317191194516625,0.9294253506948021,0.8384373476535795,0.37685468094013774,-0.19158672459074708,0.22075236414654512,0.9473821341850306,0.3507598568529338,0.9713257878870762,0.9696662300958725,0.9795851658195158,0.9892683684173782,0.9205360748764125,0.9419609707685737,0.9394714463941001,0.9352304771446586,0.933684277833934,0.9344497325680223,0.933684277833934,0.8927732470364563,0.9189444396075704,0.9198201972715947,0.9189444396075704,0.9300422701052752,0.7618455531732743,0.8746379118888196,0.8757708350910325,0.8746379118888196,0.7296726516186436,0.17946590557573994,0.7181350442492346,-0.5322511606357694,0.6277372073002273,0.3811863897660545,0.6174550495165322,0.3811863897660545,-0.08616318959711544,0.9167555832487225,0.944653556238789,0.9303094150551061,0.9200493381961997,0.2252315885593324,0.9121121152500586,0.9127421097251923,0.9121121152500586,0.9038967217850389,0.9038967217850389,-0.09679746466414352,0.6210497600908083,0.1457398195897522,-0.7182066294488949,-0.6065581700310639,-0.610452827964046,-0.16797008366088068,0.1488710810159901,0.18661392412237585,-0.03914922483511056,-0.598521670554164,-0.0446305507213556,-0.8026897236306232,-0.3154810349799619,0.1662883212219869,0.16775972427167027,-0.5873159483008528,-0.5680146345299633,-0.2963488408991396,-0.533190520694636,-0.813049750842598,-0.4229696805310654,-0.4160945823889833,-0.4229696805310654,-0.25492164894063746,-0.3768755349288379,-0.3768755349288379,-0.7994470170781951,-0.7994470170781951,0.44412139893393987,0.620798678098885,0.8423984147278263,0.8341983616853034,0.7489188401684067,-0.35971388168052815,0.7383099298265956,0.76462483001265,0.7648183197319416,0.76462483001265,-0.14934742175763147],[0.998201921884018,0.9962148352041104,0.6411812314844851,0.9989963425141362,1.0,0.998201921884018,0.997329827007422,0.9960827404087106,0.9960827404087106,0.9975402888482499,0.9705236162878255,0.9965371961101417,0.9973452450944633,0.997413255834489,0.9973671842004367,0.6052842322552237,0.4888817778650928,0.019080338111817623,0.9977087612313102,0.9977084151280822,0.9882489420980012,0.9973311660270325,0.0027275151696292024,0.7575429801540777,0.9930584146637235,0.9930584146637235,0.993020808245328,0.9912966622601939,0.06714116542459808,-0.13851591299157726,0.9873478160454431,0.9872740979771992,-0.056596894765428965,-0.13611166975146802,0.9977715222721154,0.9976932717527904,0.8269611102257668,-0.4633498283702841,0.9976650440201746,0.9980296474669301,0.5701838911224402,-0.004952372403427302,0.9977150814989859,0.9977196725848965,0.9977150814989859,0.917344850206413,0.6136026709787086,0.9400061077239676,0.9281769181332178,0.8173791655271225,-0.061550867754570165,-0.5857910673407063,-0.15045762576789265,0.9386244049190399,0.20639298463245387,0.9690068538869299,0.9690415282593692,0.9827284124392615,0.9898963465876839,0.9199785343149275,0.9259790703031716,0.9301815239233581,0.9240955369762444,0.9285994981953188,0.9289311560231281,0.9285994981953188,0.8716877110281183,0.8824195605379153,0.8833932014460618,0.8824195605379153,0.9201164803909913,0.8454445833395733,0.9026030469509149,0.9032266361491744,0.9026030469509149,0.6954713423163802,0.5972676537267125,0.6878941968743949,-0.5363316396204362,0.6750357214807148,0.6577339896262111,0.6569490218560631,0.6577339896262111,-0.09494600555030756,0.9014341702689823,0.9243555855947928,0.9111544521991386,0.9271193900347448,0.07090768714482834,0.9002951212063895,0.9011220989742581,0.9002951212063895,0.9051677952480697,0.9051677952480697,-0.13306219594400376,0.664443230337551,0.0005543982841165331,-0.7437757784465596,-0.6492189625907903,-0.6504289095184654,-0.1960551850664489,0.17216786558267658,-0.19685159984520298,-0.2796941408930364,-0.6602407946610953,-0.3943448454646513,-0.8414453310306126,-0.5787060594907469,0.13806246719193266,0.13939555018741492,-0.6106664436826765,-0.5638468763828044,-0.5585099636878474,-0.5684313204427504,-0.767758046382423,-0.6073686997195619,-0.6103658614045742,-0.6073686997195619,-0.2892191670441791,-0.4064760513298771,-0.4064760513298771,-0.7380797296087477,-0.7380797296087477,0.4321127163804241,0.6059317058269239,0.8027004219227881,0.8013321136956364,0.7418335918040756,-0.479645229126806,0.6156808684765553,0.6635388977312507,0.6636442458971221,0.6635388977312507,0.07779997209777542],[1.0,0.9999901708806374,0.7004642165467189,0.999752869845142,0.998201921884018,1.0,0.9929867421457091,0.9898523990983256,0.9898523990983256,0.9934955613378879,0.9781524215299761,0.9877091310182727,0.993018572930669,0.9933673178668956,0.9930619606700142,0.7174078005430057,0.6276343435004366,0.23975284342150407,0.993771299046784,0.9937648539488655,0.9858864120299005,0.9930077461796417,0.3697637457026812,0.7671981172106105,0.9835617540114621,0.9835617540114621,0.9835430952437137,0.9779828006295523,0.296039899599823,-0.1486719375210825,0.9892705198941848,0.9892299807919327,0.24383678608083367,-0.22873439225307068,0.9949580268721091,0.9953238073900427,0.8621002285569545,-0.3461632046801215,0.9910090077918192,0.9953638174689037,0.6961121707926066,0.2201586490441053,0.9950751701162114,0.9950718929852439,0.9950751701162114,0.9072842299552151,0.6575763087512623,0.9290299440231157,0.9322443166733771,0.8528774677683191,0.38131323453422256,-0.1872065409232799,0.22551818538043017,0.9522556565891178,0.36580962483002266,0.9755526356420108,0.9723228550663042,0.9816164656059253,0.9894899915544495,0.9374192570189799,0.9467343018655804,0.9495408289291437,0.938129586547547,0.9468604850323142,0.9474464961179058,0.9468604850323142,0.8988295936558078,0.9283534099304184,0.9291668581971794,0.9283534099304184,0.9325466031935483,0.8104830714455762,0.9059736367553335,0.9070861700815114,0.9059736367553335,0.7357207342139876,0.4252000632147899,0.7255617356740759,-0.5276117063569179,0.6313532668976878,0.6439930661448623,0.6441485563842321,0.6439930661448623,-0.08055208826805509,0.9205341758602335,0.9498137626160417,0.9359097435148998,0.9387338966895274,0.23880194626711798,0.9152658949824447,0.9157854786894356,0.9152658949824447,0.918989918901939,0.918989918901939,-0.09259872033824944,0.6037772824314117,0.14074800146199093,-0.709658117650093,-0.600502289076906,-0.6044774015760601,-0.1570339641282823,0.1528077788604777,0.19270504227807017,-0.026930834701309362,-0.5880787197804573,-0.039186513818072796,-0.7978279694421537,-0.3085561570044071,0.17519130212237313,0.17661197961405228,-0.5814924898816038,-0.5713020357894246,-0.2960121875396808,-0.5241440761814066,-0.8120691666886234,-0.42231823087590453,-0.41489635750410486,-0.42231823087590453,-0.24752895579072418,-0.36851872220519577,-0.36851872220519577,-0.8002419141534624,-0.8002419141534624,0.4525329272226674,0.6311721427778115,0.8500446682718434,0.8415150168718873,0.7555486301203099,-0.34811891208222556,0.7469156192929143,0.7731924247870698,0.7733870485131906,0.7731924247870698,-0.1638067972882522],[0.9929867421457091,0.9858511107955292,0.679275888922107,0.9940832828182656,0.997329827007422,0.9929867421457091,1.0,0.9977031497609339,0.9977031497609339,0.9999728184680519,0.9656302634610284,0.9997139599755274,0.9999968632533893,0.9999881801046209,0.999993940319576,0.8108834368449243,0.7950130080546555,0.19750673153306403,0.999872736454547,0.9998731164639999,0.9907193835960774,0.9999970055682745,0.28648578269877345,0.7657776567295425,0.9867996723941086,0.9867996723941086,0.9881017324076099,0.9926843865920927,0.2279874058253658,-0.20297161941172287,0.9915929485037762,0.9916526040325212,0.15037533698562913,-0.2700776195348794,0.9993889939987269,0.9995083377434253,0.4777061635049654,-0.296630022207945,0.9991843941430661,0.999484101726987,0.7875000813741582,0.17637715798806042,0.9482474914315343,0.9991578339999315,0.9482474914315343,0.9251213131496046,0.621828466960343,0.9475314151807428,0.9275094864954098,0.7864179472120949,0.4184343616862979,-0.12877148928636684,-0.17845208310137584,0.9366633931388351,0.32380559584411334,0.9697296218096197,0.9666966620885857,0.9808146976809256,0.9955049588216996,0.004546440338504483,0.890859885830515,0.8534087842733381,0.8938993111172265,0.8486289659371518,0.8145235868762704,0.8486289659371518,0.8380618795898771,0.8205535240358278,0.8096446278202591,0.8205535240358278,0.8891225359208405,0.44435624764175713,0.6361760483850156,0.6870399880551155,0.6361760483850156,0.6645033204105357,-0.3277525208123412,0.6429722953281367,-0.5992458407281572,0.5627554852445937,-0.06280667927015816,0.49114917590222607,-0.06280667927015816,-0.1266901916757542,0.8680790806729145,0.8904380756270823,0.8769180119353853,0.7900617803695941,0.19550210683637,0.8664381170052106,0.8673974313973971,0.8664381170052106,0.7958894966578917,0.7958894966578917,-0.1676889419184375,0.7038573921932272,0.22303566952792153,-0.7200037999611673,-0.6442344562752584,-0.6476854356918582,-0.2049495504870506,0.1005470311964444,0.3101470210693754,-0.0630499050830533,-0.605551572171595,0.023474708008711827,-0.8294521417930303,-0.21070379149596943,0.10507611941658297,0.10655523120604204,-0.6272189902176231,-0.5820435844322535,-0.13020303624321106,-0.6013741550166926,-0.829511979853572,-0.41282498566381903,-0.2501263000400904,-0.41282498566381903,-0.31740520072182254,-0.4127931747644538,-0.4127931747644538,-0.8214464379226032,-0.8214464379226032,0.43059815735029494,0.5928483419069082,0.5165527043602295,0.8074448678013116,0.7398855451949623,-0.40481038026715493,0.07714756933822073,0.7445072007130971,0.7630988199249207,0.7445072007130971,-0.0896634089696894],[0.9898523990983256,0.9810513723459305,0.6725375474648404,0.9913710894407582,0.9960827404087106,0.9898523990983256,0.9977031497609339,1.0,1.0,0.9996103290635061,0.959805675932237,0.9988900131380872,0.998409659552026,0.9994544652236843,0.9992304355266067,0.8074299646089945,0.7822178780125951,0.1761176839939786,0.9992549831930461,0.9992569261620232,0.9883018468109899,0.9993522287700456,0.26178195793494174,0.7678277670007316,0.9933751362918045,0.9933751362918045,0.9864719467593243,0.9904950394100487,0.2108877847345504,-0.215636313850922,0.9879684236656286,0.9913866502448954,0.1322805451219988,-0.2758872175266838,0.9984327343341007,0.9984452884234158,0.4622127253313726,-0.3024041723941097,0.9975868065632859,0.9984209392557488,0.7841471144184393,0.1546468431090136,0.9417645814447527,0.9982647442039032,0.9417645814447527,0.9232070800514297,0.6077067621638523,0.9482676920847443,0.9264235534275348,0.7692167690096805,0.4062267365315233,-0.14281747842811343,-0.18980719526042278,0.9292444662699205,0.3041513367679967,0.9653975663721851,0.9620900161263186,0.9762715515201745,0.994449192970904,-0.0038341229418260925,0.8830446719374803,0.8411002868981622,0.8878959640402694,0.8373497155111502,0.804289368321292,0.8373497155111502,0.8289451755017487,0.8059029654425877,0.7984244131098592,0.8059029654425877,0.8832612902648735,0.42828143241279765,0.6196125797759134,0.6732216899913097,0.6196125797759134,0.6553725280249596,-0.3407251426936538,0.6323267610110285,-0.6050250513158418,0.5573946534531967,-0.08248211148863109,0.47773372322867236,-0.08248211148863109,-0.1322720821528288,0.8612175921102152,0.8810310176634666,0.8682851503750707,0.7774891110418646,0.1780195430199413,0.8601442183364215,0.861259733708035,0.8601442183364215,0.7824683441238082,0.7824683441238082,-0.18084954459628222,0.7236419334268465,0.22908641344331582,-0.7287677907650154,-0.6554429739874243,-0.6587273632535999,-0.2186519979985089,0.09419255622628145,0.303069142861211,-0.08151854274807428,-0.6172085807005958,0.014270881759799943,-0.8341803009497808,-0.21715974544769034,0.09136667213889112,0.092870139675135,-0.6374075977895158,-0.5825711114784593,-0.1369392345005103,-0.6157962618355338,-0.8283194235423045,-0.4234565798927494,-0.25619120922876676,-0.4234565798927494,-0.3329930228662527,-0.4250923762207475,-0.4250923762207475,-0.8187762046838891,-0.8187762046838891,0.4148917671170021,0.5774403143001393,0.4991717440515937,0.7908152439829546,0.7282438644916578,-0.4244369784832677,0.06424952387427928,0.7263175829674811,0.7479494855915257,0.7263175829674811,-0.07299574358655704],[0.9898523990983256,0.9810513723459305,0.6725375474648404,0.9913710894407582,0.9960827404087106,0.9898523990983256,0.9977031497609339,1.0,1.0,0.9996103290635061,0.959805675932237,0.9988900131380872,0.998409659552026,0.9994544652236843,0.9992304355266067,0.8074299646089945,0.7822178780125951,0.1761176839939786,0.9992549831930461,0.9992569261620232,0.9883018468109899,0.9993522287700456,0.26178195793494174,0.7678277670007316,0.9933751362918045,0.9933751362918045,0.9864719467593243,0.9904950394100487,0.2108877847345504,-0.215636313850922,0.9879684236656286,0.9913866502448954,0.1322805451219988,-0.2758872175266838,0.9984327343341007,0.9984452884234158,0.4622127253313726,-0.3024041723941097,0.9975868065632859,0.9984209392557488,0.7841471144184393,0.1546468431090136,0.9417645814447527,0.9982647442039032,0.9417645814447527,0.9232070800514297,0.6077067621638523,0.9482676920847443,0.9264235534275348,0.7692167690096805,0.4062267365315233,-0.14281747842811343,-0.18980719526042278,0.9292444662699205,0.3041513367679967,0.9653975663721851,0.9620900161263186,0.9762715515201745,0.994449192970904,-0.0038341229418260925,0.8830446719374803,0.8411002868981622,0.8878959640402694,0.8373497155111502,0.804289368321292,0.8373497155111502,0.8289451755017487,0.8059029654425877,0.7984244131098592,0.8059029654425877,0.8832612902648735,0.42828143241279765,0.6196125797759134,0.6732216899913097,0.6196125797759134,0.6553725280249596,-0.3407251426936538,0.6323267610110285,-0.6050250513158418,0.5573946534531967,-0.08248211148863109,0.47773372322867236,-0.08248211148863109,-0.1322720821528288,0.8612175921102152,0.8810310176634666,0.8682851503750707,0.7774891110418646,0.1780195430199413,0.8601442183364215,0.861259733708035,0.8601442183364215,0.7824683441238082,0.7824683441238082,-0.18084954459628222,0.7236419334268465,0.22908641344331582,-0.7287677907650154,-0.6554429739874243,-0.6587273632535999,-0.2186519979985089,0.09419255622628145,0.303069142861211,-0.08151854274807428,-0.6172085807005958,0.014270881759799943,-0.8341803009497808,-0.21715974544769034,0.09136667213889112,0.092870139675135,-0.6374075977895158,-0.5825711114784593,-0.1369392345005103,-0.6157962618355338,-0.8283194235423045,-0.4234565798927494,-0.25619120922876676,-0.4234565798927494,-0.3329930228662527,-0.4250923762207475,-0.4250923762207475,-0.8187762046838891,-0.8187762046838891,0.4148917671170021,0.5774403143001393,0.4991717440515937,0.7908152439829546,0.7282438644916578,-0.4244369784832677,0.06424952387427928,0.7263175829674811,0.7479494855915257,0.7263175829674811,-0.07299574358655704],[0.9934955613378879,0.9857591177539906,0.6329927643873798,0.994794260876816,0.9975402888482499,0.9934955613378879,0.9999728184680519,0.9996103290635061,0.9996103290635061,1.0,0.9647150106681822,0.9996810417322085,0.9999737315640823,0.9999729800763981,0.9999766934012869,0.654276787886644,0.5417927903037049,0.07711751234561925,0.9998314269836647,0.9998323430849537,0.9906419054166004,0.9999711736856761,0.059166769087030495,0.7466551916407532,0.9957126089653427,0.9957126089653427,0.9956744645677836,0.9925983069451774,0.05527440452741249,-0.14702638379591887,0.9910287094158519,0.9909849331255536,-0.03485411726134904,-0.23232962509265695,0.9994462138723286,0.999405455716183,0.8298999330313308,-0.4640778799152416,0.9991276681254189,0.9994569137675691,0.6210497410855319,0.05325781377817021,0.9993226801986304,0.9993279034057242,0.9993226801986304,0.9248000367582452,0.6222220255875577,0.9472143675982249,0.926993188406636,0.7859982709581931,0.034100329512147524,-0.5418116743066653,-0.11050700979168741,0.9332856219426714,0.26898577393576173,0.9670610134180604,0.966695738786809,0.9830061642655812,0.994833452853688,0.8962327680227897,0.8916203415728399,0.9075308082243474,0.8949290298655268,0.9058930542665327,0.9064224406160356,0.9058930542665327,0.8378677766670616,0.8643636671841497,0.8655255412713396,0.8643636671841497,0.8904589034525338,0.8114842588348801,0.8763599148257144,0.8773497407661306,0.8763599148257144,0.6645939833968281,0.5310646346278632,0.6425186575811119,-0.5956527604066829,0.612901164472324,0.5844935084747416,0.584413494990111,0.5844935084747416,-0.08014361196027062,0.8689665423850813,0.8905176168956862,0.8774941980787005,0.9040804689221704,0.1095177159700061,0.8714618150579537,0.8730316628822924,0.8714618150579537,0.8764872719534874,0.8764872719534874,-0.16919632494165016,0.7048417918002826,0.02858194051951714,-0.7312865732441768,-0.676242300645886,-0.677686052083135,-0.20837141501567263,0.10399912465947604,-0.20116460244864448,-0.24507947917864878,-0.6421369876883464,-0.4202093186837292,-0.8620226667636158,-0.6115314582986503,0.10408994237670566,0.1061098307844126,-0.628610058393491,-0.5782399115637937,-0.5686792537092794,-0.6028144185755108,-0.7946043961169159,-0.6303043971645128,-0.6327286492500184,-0.6303043971645128,-0.31911704068855595,-0.4158107617851314,-0.4158107617851314,-0.7754267320994646,-0.7754267320994646,0.42905656293192035,0.5909156278869305,0.8136771483256957,0.811440763805933,0.7378140918504875,-0.4311081078677487,0.6457019970852822,0.6888555467193901,0.6890405657041708,0.6888555467193901,0.14696456938739666],[0.9781524215299761,0.9747646298193127,0.6016399017776133,0.9765093608923444,0.9705236162878255,0.9781524215299761,0.9656302634610284,0.959805675932237,0.959805675932237,0.9647150106681822,1.0,0.9532276509529637,0.9656486078620098,0.9656797254340594,0.9654049205192626,0.4178341298594516,0.30145131412159154,-0.1538715353203617,0.9694804273249571,0.9694617158262862,0.9657457102198951,0.9657378871991065,-0.032402033022751076,0.7832277148711366,0.9670391957868697,0.9670391957868697,0.9671935800024554,0.9131622934984182,0.14407703518730172,-0.1350690011079185,0.971575609510081,0.9716640858689295,0.10833628594300132,-0.006981934120080994,0.9726128025365701,0.9728308696864488,0.8982125666704895,-0.34131607254,0.9603358681733395,0.9719089373153142,0.37815968179551146,-0.17365990826843952,0.9735762065491206,0.9735475909522208,0.9735762065491206,0.8436805838873909,0.4305638173127366,0.8629321370804757,0.9160353170315444,0.8781551469615384,-0.4741688545802819,-0.6702919973292683,-0.1851417930642289,0.903167862729649,-0.04127459460296507,0.9286877681507061,0.9287436944291428,0.9443052963859849,0.9699178700189597,0.8975396643739219,0.8999043083470069,0.9093918119494198,0.9004134524725125,0.9030895069279968,0.9035758545856767,0.9030895069279968,0.8612915415467935,0.8389837214102012,0.8401269407203822,0.8389837214102012,0.8967049999403172,0.9092734937195076,0.8948476576440543,0.8952771277401224,0.8948476576440543,0.7384361887407211,0.6798149953186962,0.7392076922307967,-0.25232382544740384,0.7515465369491979,0.7655696607536409,0.7676128859502844,0.7655696607536409,-0.23438287658094298,0.8961085772579452,0.9423638377795299,0.908850551866795,0.9088498919236664,-0.04894811601084915,0.8906482086514608,0.8913774127370269,0.8906482086514608,0.8973328606640034,0.8973328606640034,0.036756785969593656,0.4397740707598897,-0.14272076934322747,-0.675392972543245,-0.4497706121063704,-0.4524022513735283,-0.08345564284244973,0.43913934853246034,0.004886106609710922,-0.21333108024922207,-0.5704463214900736,-0.12239496213162035,-0.7894727169410353,-0.2874225200986327,0.30191779442666533,0.30215408382039427,-0.42124321653124264,-0.4315426370302678,-0.3886325252456658,-0.4004117872182006,-0.6554629228964045,-0.40784654978264806,-0.41031654744152807,-0.40784654978264806,-0.1492523825078374,-0.4574100895663674,-0.4574100895663674,-0.5424734800951498,-0.5424734800951498,0.5599911416670581,0.6489196098709514,0.7549548696830223,0.7101880538965563,0.8112244011292822,-0.5167230497410459,0.4229137090303263,0.535763866289073,0.5361015383719239,0.535763866289073,-0.1188450145714287],[0.9877091310182727,0.9866449496242123,0.9947463407571558,0.9905702819349451,0.9965371961101417,0.9877091310182727,0.9997139599755274,0.9988900131380872,0.9988900131380872,0.9996810417322085,0.9532276509529637,1.0,0.9997141472946317,0.9997115073591509,0.9996871953141011,0.15029357562051954,0.046520271172943446,-0.5388878324592639,0.9998234253225088,0.9998250888181028,0.9997177793968983,0.9997167153026545,-0.2852676485234582,0.9748319185687795,0.9952796767084997,0.9952796767084997,0.9952638301583274,0.9942555517731703,0.05793285890579748,0.05207946725514841,0.9926097450340239,0.992651324183859,0.7747903296334385,-0.040621258501049015,0.9991599369280864,0.9991232746390389,0.9990102886012966,0.9994577673092736,0.9994940858581138,0.9991942884486258,0.09466730888739541,-0.5463392005057448,0.9989671262767044,0.9989733213946672,0.9989671262767044,0.9197937498667709,0.4672026003058583,0.9430830220123281,0.9232642869682481,0.7859242451170175,-0.3621126930913092,-0.586603427808785,0.8360291203377741,0.8644260794985913,-0.3459406098170673,0.9401211446060344,0.9403083432062594,0.9724128214060763,0.9941210992127072,0.9099327606278823,0.9149980541820851,0.8935618559047767,0.8981751442003366,0.8979191257018301,0.8983867511681726,0.8979191257018301,0.8019420831541831,0.772239182300323,0.773726996837601,0.772239182300323,0.9166583668689152,0.9218787134310727,0.9155576972391184,0.9163793854803411,0.9155576972391184,0.5839550580177177,0.5316056089019251,0.6165434547053927,0.692339637338167,0.6025203436512498,0.6286309203537201,0.6306598118941135,0.6286309203537201,-0.2781657690814534,0.8643006743813768,0.8921663399101724,0.882056886159819,0.9162075439973899,-0.3476412816158642,0.86030642141569,0.8604931122947163,0.86030642141569,0.8680727442377257,0.8680727442377257,-0.22032025186121662,0.698874494461743,-0.3942540144592362,-0.8144313857873247,-0.5381826958849344,-0.5412849152286581,-0.4381114331223084,0.24625560180616096,-0.307112658822188,-0.5451115949626607,-0.7743542740446948,-0.41147734764370053,-0.5877629657933034,-0.48657659528165637,0.09607134155097526,0.09416929504925979,-0.5592029633600047,-0.5327362167897681,-0.5540318067187724,-0.5901830454278636,-0.5833176103490196,-0.5575187993928562,-0.5607239623258042,-0.5575187993928562,-0.44853320855926077,-0.6373714237847413,-0.6373714237847413,-0.626242603437244,-0.626242603437244,0.4249477787775619,0.34484046543817376,0.4851693531055773,0.5982927432587983,0.5314767773079351,-0.575580876685767,0.3359301041540424,0.2909258940300975,0.2911645136257959,0.2909258940300975,0.2744141128903463],[0.993018572930669,0.9858805430413213,0.6792867692486907,0.9941056101953069,0.9973452450944633,0.993018572930669,0.9999968632533893,0.998409659552026,0.998409659552026,0.9999737315640823,0.9656486078620098,0.9997141472946317,1.0,0.9999914002436707,0.9999954921263935,0.8108822046014675,0.7814688169757346,0.1975611121324737,0.9998740890845706,0.9998744178301326,0.9907503690058046,0.9999975680540858,0.28677951602828733,0.76582262888046,0.9916424296357301,0.9916424296357301,0.9880930325682604,0.9926706580587963,0.22822951196117272,-0.20292277729527833,0.991645405067638,0.9916625317592969,0.15059330439532792,-0.2700446947370977,0.9993906694255869,0.9995111586362513,0.4776793088566852,-0.2964378302297096,0.9991856165550106,0.9994905498744264,0.7874871383213417,0.17643717481299134,0.9482340440294904,0.9991599993313438,0.9482340440294904,0.9251209065317375,0.6219521778767685,0.9476055502315247,0.9275621362204585,0.786484186158258,0.41878514883855056,-0.12836642587542685,-0.17812024539389598,0.936719713624256,0.32386544163311803,0.9698079574585683,0.9667430583004285,0.9808891957856268,0.9955191659094605,0.004716135192054908,0.890963712722897,0.8534810712064267,0.8939934338661893,0.8486996277700607,0.8144730569596667,0.8486996277700607,0.8381411266496733,0.8205911370363861,0.8095889613293054,0.8205911370363861,0.8892419880875797,0.44424445981773586,0.6361739869649645,0.6869632020907327,0.6361739869649645,0.6644670139907556,-0.3277746220411151,0.6429538625219846,-0.5991589729066684,0.5626725168374225,-0.06292893000176929,0.491173822778733,-0.06292893000176929,-0.12683002712483873,0.8681415135213431,0.8905246408488771,0.8769876826484573,0.7900545932339996,0.19555780710955675,0.8665036900971718,0.8674592408776125,0.8665036900971718,0.7959393916730535,0.7959393916730535,-0.16763199834073395,0.7038865931582879,0.22314491153530697,-0.7200326390227297,-0.6441564336610267,-0.6476121516800568,-0.2050228347995963,0.10043633397822133,0.3103063618185186,-0.06303425715525973,-0.6055994639569647,0.023715008128837988,-0.8292242027252374,-0.21043820979541566,0.10514249896970124,0.10663491362732008,-0.6272024105127825,-0.581859394405424,-0.1299775565456693,-0.601341146340617,-0.8294212093969594,-0.41262362269301966,-0.24994068796611174,-0.41262362269301966,-0.31725204298540827,-0.4127604452683703,-0.4127604452683703,-0.8214031012551121,-0.8214031012551121,0.43099819624052044,0.5929621665911136,0.516776366069968,0.8076735119624567,0.739941311459295,-0.404624653241244,0.07740495345718668,0.744739301646402,0.7632066483050265,0.744739301646402,-0.08969716542828711],[0.9933673178668956,0.9858389808532193,0.6757743921815305,0.9947202125986971,0.997413255834489,0.9933673178668956,0.9999881801046209,0.9994544652236843,0.9994544652236843,0.9999729800763981,0.9656797254340594,0.9997115073591509,0.9999914002436707,1.0,0.9999890532606918,0.726060494324652,0.631237357399022,0.1992317534460615,0.9998963166022912,0.9998970074260837,0.990739672911217,0.9999889204850518,0.28624611320061355,0.762548488591818,0.9944855032200267,0.9944855032200267,0.9944551887596091,0.9926499704196701,0.22105158844099035,-0.20372293525730015,0.9920968199026461,0.99209805626979,0.17226994479530178,-0.26949770726470235,0.9995600073740177,0.999510828376939,0.862544889084533,-0.38271376841950444,0.9991832482439925,0.9994945068702417,0.700630862047245,0.17813597188277216,0.9994613440843817,0.9994659280898938,0.9994613440843817,0.92497463943991,0.6220548001133618,0.947376185095016,0.9272522457843756,0.7862351936171733,0.3003516765863771,-0.2962888601423002,0.1281222062733877,0.9365986257494852,0.3243029644881265,0.9673237289479247,0.9667640681783767,0.9796193149159939,0.9957584556963639,0.9022403468950322,0.8902600701311276,0.9125412552510553,0.8939387611598903,0.9113317223723463,0.9120738234089426,0.9113317223723463,0.837455713829452,0.8821064012416978,0.8832903980460511,0.8821064012416978,0.8890780003163076,0.7948455106060163,0.8802138286233928,0.8815766502001708,0.8802138286233928,0.6641533370575177,0.5245620256250489,0.6417369057733389,-0.5988492139883324,0.5613136589115875,0.5599599091032187,0.5608476509214471,0.5599599091032187,-0.12920496674661497,0.868041591559779,0.8902566683832474,0.8765918200024422,0.9084617145358813,0.19739729060611216,0.8664668188859652,0.8676455960327273,0.8664668188859652,0.875229758288519,0.875229758288519,-0.16793871582731795,0.7035333951579916,0.12786724097527685,-0.7191300149069951,-0.6438212066484004,-0.6470239796956616,-0.20503841589709862,0.09940300298246732,0.08270480338100103,-0.061576383054387694,-0.6044093422684126,-0.1651755368161741,-0.8391744238614398,-0.42680205681606337,0.1043735782406451,0.1064292969703603,-0.6272428114848657,-0.5811973012561746,-0.41806955229222936,-0.6011205638984118,-0.8220333335047026,-0.5277779194503709,-0.5239016976761843,-0.5277779194503709,-0.316591229831989,-0.4128302420831494,-0.4128302420831494,-0.8128155292126023,-0.8128155292126023,0.428670755679733,0.592702761929577,0.8196202203147614,0.8110402255243726,0.7400992113012326,-0.40430009498219543,0.7029235378286175,0.7319142811543062,0.7320129098616039,0.7319142811543062,-0.0572013391073382],[0.9930619606700142,0.9857394451866209,0.6794093352386588,0.9941272462807997,0.9973671842004367,0.9930619606700142,0.999993940319576,0.9992304355266067,0.9992304355266067,0.9999766934012869,0.9654049205192626,0.9996871953141011,0.9999954921263935,0.9999890532606918,1.0,0.7996744897444839,0.7251536852640798,0.19771246651250993,0.9998770225875689,0.9998772371871472,0.9908727968951203,0.9999953787729122,0.2874406040695768,0.765666551855097,0.9946420555747475,0.9946420555747475,0.9945590385394821,0.9926078198127632,0.22851603317362162,-0.2029402510669257,0.9925575041388334,0.9925961829253366,0.151316592405589,-0.26987728598325883,0.9994341337174419,0.9995108773648729,0.47676532505942315,-0.2957416957345284,0.9991490219321256,0.9994930190467366,0.78454123534282,0.17660890743171942,0.947825892537503,0.9992083755465203,0.947825892537503,0.9253351182557082,0.6225729272623187,0.9477103640989428,0.9276362015534257,0.7862462034735654,0.4200555388467805,-0.12694177514265945,-0.1783478779995768,0.9370249044882454,0.32413180276117887,0.9701693994193021,0.9670167315392643,0.9811262905643685,0.9955612214177679,0.0037513861543260613,0.891186196532034,0.8533834865512497,0.8941795546276148,0.8486307228418539,0.8140510689144883,0.8486307228418539,0.8383097001299723,0.8205088070297107,0.8098923631411646,0.8205088070297107,0.8895013355230421,0.4436088486319902,0.6357148847244402,0.6869457852632672,0.6357148847244402,0.6643416464618683,-0.3288679358718968,0.6429111838227344,-0.5993623363747796,0.5623507667924295,-0.06385921240834136,0.4908461360582146,-0.06385921240834136,-0.12679767235152278,0.8682476416270719,0.8903140678627853,0.8771074056535242,0.7833093721300123,0.19593467585875993,0.8665684704208236,0.8675151706360561,0.8665684704208236,0.795751437054602,0.795751437054602,-0.1688823895864794,0.7046238654764186,0.22361915104059887,-0.7199913478404819,-0.6444880345089211,-0.6479475383720963,-0.20601089287164126,0.09935396796526592,0.3106333208187599,-0.06337919050390745,-0.6057495885755719,0.023826195364354208,-0.8285219161417053,-0.21026184264764075,0.10427183610875673,0.1057629932834113,-0.6277403881956499,-0.5820508908783817,-0.1294280024893057,-0.6023664750536967,-0.8294585103861097,-0.4125586439707868,-0.24941590456316404,-0.4125586439707868,-0.31805942650538,-0.4131568173930079,-0.4131568173930079,-0.8217455735192882,-0.8217455735192882,0.4311537014863979,0.5926543015342326,0.5163317599458213,0.8080871455836267,0.7394394928731177,-0.4042198979112508,0.07679856115292599,0.7451498552940852,0.7638113117904415,0.7451498552940852,-0.089451231563233],[0.7174078005430057,0.03467343073907184,0.3789860416916768,0.7165296191257168,0.6052842322552237,0.7174078005430057,0.8108834368449243,0.8074299646089945,0.8074299646089945,0.654276787886644,0.4178341298594516,0.15029357562051954,0.8108822046014675,0.726060494324652,0.7996744897444839,1.0,0.9919438247369184,0.4270747535063264,0.7765103140980445,0.7764725919744595,0.6948014450955738,0.7982649530209638,0.3358861658381254,0.36266809334297434,0.7915794056956964,0.7915794056956964,0.776483031276787,-0.2475624336511788,0.19715509970423506,-0.157305994245628,0.8383856532964081,0.8351547586479472,0.16092195703369996,-0.2142298037074548,0.8058837235136197,0.6816927803825601,0.25190301550994887,-0.31700819155673565,0.1650051688629879,0.6457237253165579,0.9983285299411878,0.4101000602520427,0.7312047270842509,0.8055262012929281,0.7312047270842509,0.10711779221641393,0.5187553731153579,-0.3129448966446603,-0.33691997906638665,-0.008970581639929419,0.3932228050019216,-0.05488375391648948,-0.2110478696298477,0.6686922714682049,0.39898940996117405,0.8055848398869413,0.6691587038608358,0.7652027601814747,0.7873065829160415,-0.10670021082110741,0.07218167220719938,0.5431401814867405,0.3927478100928595,0.5327206525831519,0.61409648