var config = { responsive: true }

var correlationAdjClose = {"data": [{"type": "heatmap", "z": [[1.0, 0.9999931920319899, 0.9841170678974284, 0.9999207016639414, 0.9988389258422309, 0.988837456282142, 0.9974025534065544, 0.9950636738722225, 0.9953474541709266, 0.9795684612203562, 0.991469514533125, 0.9952143815235182, 0.9944005985799358, 0.9951206237499766, 0.9952629682697315, 0.9964313122159189, 0.998120462103963, 0.9958691400882581, 0.9958831627262842, 0.9959073702035878, 0.9951605546641243, 0.9850675140866425, 0.9681040466275088, 0.9873391921381311, 0.9861412112164387, 0.9788930600686256, 0.9621715090423418, 0.9405512021167395, 0.9945050116876801, 0.9947201070549495, 0.9917370116413631, 0.9745434622290982, 0.9973134314641279, 0.9976255235614305, 0.9969717824288856, 0.9952819863004552, 0.9947017011556978, 0.9974643822337191, 0.9975310709094237, 0.9986757447935822, 0.9972510327635766, 0.9972645508794058, 0.9761691334645071, 0.9241419586532931, 0.7586106564241588, 0.8989213343610855, 0.9093154743998642, 0.8462738855263803, 0.9695236370962753, 0.9444092375062897, 0.970702521690738, 0.9669701903648935, 0.9616043966554806, 0.986246959177248, 0.9826238235455733, 0.9833972942137812, 0.9759920270921824, 0.9853451807282061, 0.9825589444841805, 0.9860023637039528, 0.9857568015130647, 0.9634124389287713, 0.9654022787840206, 0.9707524034370024, 0.9704094067515434, 0.9422091697272531, 0.9744018460521562, 0.9729491073667569, 0.9813265297332128, 0.9804052529689691, 0.9342851336395533, 0.8529998151342774, 0.8211761852149396, 0.8719888744253214, 0.9008554582760344, 0.8950593518971587, 0.8992639809280567, 0.8979240787827305, 0.6103183703534591, -0.5180622241566546, 0.975442036576605, 0.9652774000913862, 0.96193657432956, 0.9843147160107247, 0.9593931527144673, 0.9806261335179286, 0.9805768189874844, 0.9429303546263724, 0.9809530296195158, 0.9475341603267383, 0.606741517743097, 0.8437582312690849, 0.9112538741684489, 0.24964694559419423, 0.9160107376409791, 0.9374170540463482, 0.8076606081087193, 0.954953668733453, 0.8962237714626613, 0.6649145539066953, 0.48218227210471176, 0.8919448551111732, 0.8614587741355545, 0.888137044368227, 0.966275664639658, 0.9665142425933814, 0.7375114618537665, 0.6989125053250891, 0.8279569982645119, 0.32806057381800235, 0.7945281422773646, 0.8321891240677863, 0.8186749741273872, 0.8167846989718195, 0.7369481148340175, 0.7382657948650843, 0.717797772769129, -0.23164439563423736, -0.36544467743217, 0.6196811240842413, 0.900589981536963, 0.9466441832421375, 0.9504126637333097, 0.9198123818160463, 0.8281322335145481, 0.9180677630244183, 0.9400887024992499, 0.9398981852412749, 0.8748966299057938], [0.9999931920319899, 1.0, 0.9808810709970784, 0.9997531988441167, 0.9972799905820136, 0.9901273679163315, 0.992474301179402, 0.9876197824768158, 0.9876627841103645, 0.9657547360665223, 0.9902750327880367, 0.9879017062995278, 0.9876978088036322, 0.9877516068081889, 0.9878581908720423, 0.9930190311582026, 0.9948977881466581, 0.9913803142602595, 0.9913822337613069, 0.9877473941688143, 0.9878150714349534, 0.9868160984691968, 0.9582809455522961, 0.982705831881159, 0.982301624209479, 0.9787145954929748, 0.9696083745159244, 0.9018726260381615, 0.9879160000303856, 0.983312854101036, 0.9755130521258103, 0.9089507233080936, 0.9943062816313938, 0.994107207218894, 0.9944112695487252, 0.9891329313065277, 0.9937593509727425, 0.9943917866110787, 0.9947350843386006, 0.9964940352216809, 0.9944178524942215, 0.9944296039888711, 0.9846180524011755, 0.9239399035047636, 0.6352369485426214, 0.8988374801165273, 0.9099163902917292, 0.8464010230329221, 0.8836990780527956, 0.9128276438535115, 0.8876550018029847, 0.9019870188791826, 0.8824816040536967, 0.9559312570249263, 0.9558234545365517, 0.9715082124163593, 0.9760706339932848, 0.9691601808648181, 0.9686923897178159, 0.9721756320574048, 0.9720699269714622, 0.9297484943937928, 0.9383836551973103, 0.9000944349879704, 0.8999288849199119, 0.7842017015862902, 0.9660790827743277, 0.9686413672228159, 0.9689386056786669, 0.9683105846798952, 0.9249366981121668, 0.6182070230896711, 0.5563381939677466, 0.7193716545464364, 0.8220952677108548, 0.7433802127273145, 0.7851836792979904, 0.7834994238082275, 0.5471279633231281, -0.27160566892364035, 0.9517510466561214, 0.9598173716424737, 0.9514157125584878, 0.9725663677064439, 0.9420455745253058, 0.9569722804973372, 0.9558917978648265, 0.8913011240346167, 0.9604115097950159, 0.8981248735315037, 0.4021439572496827, 0.842664838230079, 0.8433725177188889, -0.10047507458470888, 0.6024237921808068, 0.7086739711231899, 0.6189466338076922, 0.9509785539437962, 0.6384567530426102, -0.19721556474788293, -0.0966825974569475, 0.6053051902858472, 0.6136181285435758, 0.6605658284897283, 0.9527517496485184, 0.9525590037647956, -0.10934776808107333, 0.12057362271617988, -0.02856058023409476, -0.06059951021547755, -0.03268132464073243, -0.01636730496481026, -0.04750645100932218, -0.08703736433895405, 0.30156295261360877, 0.05355840857024655, 0.006515200365333206, -0.4583687307558419, -0.4878037379317115, 0.6196493338282304, 0.7425138307479756, 0.7648344934208968, 0.82849490617558, 0.8219602631522743, 0.525218023477496, 0.7301621755174662, 0.7631346830913601, 0.7617279499155137, 0.4123592672504373], [0.9841170678974284, 0.9808810709970784, 1.0, 0.9855782587441112, 0.9924692831962831, 0.9894990296948254, 0.9906322243972623, 0.9909792454838913, 0.9942845852221681, 0.9533697081679499, 0.9967593039047329, 0.9908836400838598, 0.992835457911379, 0.9910433616183295, 0.9909507552558527, 0.9915146970692809, 0.9896922349676007, 0.989501778228806, 0.9894677076684282, 0.9927959147359842, 0.9909079514611294, 0.9930678728207206, 0.9779445796200548, 0.9904028982057324, 0.9907880735705762, 0.9770027730816709, 0.9809552055564104, 0.9442310566404533, 0.9736427770004795, 0.9769902059250792, 0.9782172927963976, 0.9496025195724793, 0.9878704339677834, 0.9909912375644625, 0.9891744649665195, 0.9930198403960382, 0.994425603789927, 0.9919901138135347, 0.9872409750465427, 0.9868066491854468, 0.9881436047597426, 0.9875023538520598, 0.9901390828520442, 0.9240428067328069, 0.700326487439685, 0.9264486044250934, 0.8987709006656412, 0.7503437523582923, 0.9305338264802202, 0.8994205893130948, 0.9317211829073172, 0.9267967187031605, 0.9190191362261122, 0.95354530700134, 0.9603677349335598, 0.928298851097009, 0.9437526687690507, 0.9514841237522033, 0.9567265884836726, 0.9521812056252286, 0.9264182413310775, 0.8901142948375073, 0.9213613198079094, 0.9220052371238974, 0.9057922580566409, 0.8560122336943045, 0.9564698144129145, 0.9338054702298371, 0.9521220163880915, 0.9302907337998673, 0.7560050093230046, 0.7894099942052236, 0.7271588957671898, 0.8103730671285297, 0.8585171193636241, 0.8551463837745247, 0.8285656939560228, 0.8420827385045684, 0.28330710263175335, -0.5236925717971098, 0.9420399927802775, 0.9105660545859323, 0.9164390325776991, 0.9288306937925797, 0.9294557176180954, 0.9479165098700734, 0.9475478631301408, 0.9054271184632935, 0.944790642218253, 0.8267278561469613, 0.575968446710735, 0.9236777617611613, 0.9312446494018102, 0.1875348581978465, 0.8950218225159966, 0.9193198582883887, 0.7928779256712243, 0.9764262710800289, 0.7788949550433922, 0.5738710309725409, 0.4036985091419792, 0.7854146356925895, 0.7861695995800386, 0.7738627600060022, 0.9803410349750327, 0.9803897124848052, 0.6550027332787828, 0.6311745745213324, 0.7158066042548066, 0.255280956869339, 0.6886535426501735, 0.7123140649859386, 0.7275319500810191, 0.7086906880319935, 0.68794374753349, 0.6622418162477396, 0.6397189474637899, -0.3088328041860179, -0.44195858075061467, 0.5691835026951496, 0.8594612681366363, 0.897094096270379, 0.8981167746150162, 0.8923267548858084, 0.7569460596720987, 0.8713320321548235, 0.88559322444073, 0.8945909342048755, 0.7400863256033922], [0.9999207016639414, 0.9997531988441167, 0.9855782587441112, 1.0, 0.9991602201677047, 0.9897302426217406, 0.997771602254004, 0.9956174258369827, 0.9960093319023923, 0.9793070851673297, 0.9931028443278038, 0.9957503200246605, 0.9951494451121299, 0.995672530305784, 0.9957921537518694, 0.9969632055130783, 0.9984565001442347, 0.9963513340105569, 0.9963629924160908, 0.9964765619242639, 0.9956997218993381, 0.986367227358327, 0.9694412437940225, 0.9884853741812688, 0.9873987665500006, 0.9816669988034942, 0.9643309868715364, 0.9417665485956624, 0.9940496842905087, 0.9944456194029823, 0.9919091044811543, 0.9742687645624285, 0.9974983978046866, 0.9979699927034978, 0.9973127320555949, 0.9958858414753702, 0.9956520279817467, 0.9978491446874121, 0.9976638838112682, 0.9988114693352866, 0.9974261736708993, 0.9974367105851817, 0.9780037773594346, 0.9198457467898893, 0.7522712148668623, 0.8996101977734128, 0.906197721374786, 0.8354851109719097, 0.9666783849952311, 0.9409634349402188, 0.9677425404826888, 0.9643409092226337, 0.9588128816707092, 0.9841984056439345, 0.9811121088395842, 0.9814864784789588, 0.9739274120154532, 0.9836408274992232, 0.9815496161340183, 0.9842181547482591, 0.9839692242094964, 0.9485442847478068, 0.9635803999636277, 0.9689714637416326, 0.9686293029433535, 0.9351144222237276, 0.9735313202131421, 0.9689610478987553, 0.9793672618312883, 0.978402063199482, 0.9038691963299906, 0.8507231828932776, 0.8160922656245554, 0.8693849292031648, 0.8970072694915237, 0.8940506542823397, 0.8960168293291423, 0.8947539533545664, 0.5035086396236056, -0.5183288063665625, 0.9740482686688701, 0.9626068192349312, 0.9594177306880868, 0.9824080619734893, 0.9581512947730314, 0.979402970341229, 0.9793546490148297, 0.9415159366150462, 0.9790209519996608, 0.9252453477903594, 0.6126894918428932, 0.8535927643965635, 0.9159079307703382, 0.25084708869482314, 0.9177881278335741, 0.9389418540061862, 0.8080752966076661, 0.9565287019670624, 0.8901306212290802, 0.6619377324953264, 0.47977260471039673, 0.8869464533892054, 0.8579920039046395, 0.8828009358749193, 0.9674446241695767, 0.9676922210889419, 0.7367063681078329, 0.6993545123963475, 0.8200791169474307, 0.3303361791200761, 0.7890426827977997, 0.82402486386869, 0.810587301989767, 0.8115980875880803, 0.7400842539156897, 0.7385079085618222, 0.7181030963946988, -0.22703178192931375, -0.3646799005948666, 0.6175554268950643, 0.8987866383549807, 0.944991983744808, 0.9487987020113059, 0.9188391956583525, 0.8253969513764634, 0.9162187910534205, 0.9380100534574574, 0.9379767826798602, 0.8671902279069539], [0.9988389258422309, 0.9972799905820136, 0.9924692831962831, 0.9991602201677047, 1.0, 0.9923910588163863, 0.9990378559836155, 0.9981915224546583, 0.9982455490068236, 0.9723749001284192, 0.9974445602679871, 0.9982444688877679, 0.9979964513037644, 0.9982272806301482, 0.9982946843496443, 0.9985555492549902, 0.9991173176161239, 0.9986418484861967, 0.9986445990039783, 0.9983238099782051, 0.99822784341654, 0.9933060305569077, 0.9770193380737252, 0.9933640622625667, 0.9932753089838476, 0.9857471659062057, 0.9788021071270648, 0.9449697313813012, 0.9906415055647012, 0.9928689007296415, 0.9897682645680943, 0.9648865184400208, 0.9989547024874912, 0.998982090729563, 0.9989661949348398, 0.9983533152310923, 0.9985065970874073, 0.9990663655128615, 0.9991271999534755, 0.998978515565768, 0.9989372181758299, 0.9989408623023878, 0.9885887383011953, 0.9295585477212116, 0.7277563301896042, 0.9160632019316054, 0.9090888611894901, 0.8147336043704085, 0.9509974694794232, 0.9269224922022199, 0.9546288438904303, 0.9554553206167845, 0.9497750621080971, 0.9801023041906565, 0.9800464405214071, 0.9767829604151557, 0.9670285551788692, 0.9778165620658402, 0.9765353675306477, 0.9781310407559983, 0.97781455682791, 0.9499568903782084, 0.9521328643931153, 0.947972812495133, 0.9474995168162409, 0.8978749342642817, 0.9699914445991715, 0.9667313853551118, 0.973831698904579, 0.9727903655766227, 0.9279319875885673, 0.8236440511702194, 0.7750273747621136, 0.8496844157482081, 0.8980176234178985, 0.8778060908643337, 0.8870908232453835, 0.8858316103097625, 0.6603249294486938, -0.5912977517020055, 0.9658492150788424, 0.9485835328331099, 0.9470231621509643, 0.9780282317055673, 0.944144560710638, 0.9707776621050357, 0.9702492371067593, 0.9289593903696222, 0.9729933337280159, 0.9336074046495128, 0.5977849562965557, 0.8792048255645921, 0.9375562194011038, 0.15766389600839614, 0.8928058456892976, 0.9208354141773953, 0.8013390320296097, 0.9628038370461783, 0.8774080371468282, 0.5147148203119025, 0.35730607141187715, 0.8644894594932627, 0.815256495293559, 0.865714386747146, 0.9720675457806606, 0.9722581546879734, 0.6880355279533593, 0.6784356958427721, 0.7327342113466987, 0.3030203933797503, 0.6661057314598017, 0.7386990516516756, 0.714204069743682, 0.6942868477072872, 0.7223941741552686, 0.7198612879692786, 0.6984205614007774, -0.45561747597128666, -0.529790895542553, 0.6038225173369915, 0.8908841245587621, 0.9283770266636957, 0.9395431803169014, 0.9147474866348858, 0.7997492734245695, 0.8970215747711033, 0.92149435365681, 0.9209848947103202, 0.8000026344075403], [0.988837456282142, 0.9901273679163315, 0.9894990296948254, 0.9897302426217406, 0.9923910588163863, 1.0, 0.9892496355975005, 0.9890205264359232, 0.9884185875382596, 0.9658631138990773, 0.9783653386947846, 0.9889878676811279, 0.9900355910638857, 0.9890831736880461, 0.9891890061390457, 0.992008164170202, 0.9900754788681323, 0.989944627446112, 0.9899284047601791, 0.9878283744793324, 0.9890204744444374, 0.9961557784637857, 0.9909009574337463, 0.9885153786218299, 0.9882045238520999, 0.9650729736309902, 0.9838138049825995, 0.964508557216087, 0.9747876681651199, 0.9783620282332526, 0.9864861475290402, 0.9733760843893806, 0.9892657522479275, 0.9893999600689171, 0.9902044354499915, 0.9900124829153434, 0.9816518005827154, 0.9900913386414576, 0.9896137593185664, 0.9894197752998132, 0.9893614251931957, 0.989352849712806, 0.9942471121541352, 0.8843068135238444, 0.7369387213143651, 0.8747806610401618, 0.9085044767834158, 0.8443428802428785, 0.9398731626302278, 0.9136011281556963, 0.9414892073981168, 0.9479553131083265, 0.9380594518368197, 0.9645146654253055, 0.9690103690196548, 0.9664392330819992, 0.977465305466175, 0.9676935288962808, 0.9793119383312197, 0.9676612860146191, 0.9670780558458962, 0.9650177057395178, 0.9574512950108457, 0.9429465773619912, 0.9424264214844486, 0.9275067683682853, 0.9759531751699289, 0.9683150593684325, 0.9673380840119357, 0.9655782075170061, 0.9452768709200573, 0.8500872898895006, 0.8021062383908739, 0.8704772247459099, 0.8913638053474331, 0.8984674509676933, 0.8823031726255421, 0.8803606330708732, 0.6285161942903126, -0.4889650814452421, 0.9726821968877764, 0.966645388594451, 0.9636170820451314, 0.9676280422465667, 0.9576105965465954, 0.9734395702665232, 0.9731066575776545, 0.9509370036034187, 0.9630015866005283, 0.9508052549853906, 0.6117402182256643, 0.8113003779847231, 0.932163067748801, 0.2620094463290145, 0.9062302571685428, 0.9260043078695046, 0.8047595732849295, 0.9528285423546397, 0.8487778022956738, 0.6157508146412847, 0.4599996337919647, 0.8461006247654081, 0.8203170805554866, 0.8429716016513499, 0.9553165796187074, 0.9554040088622395, 0.7018346429659855, 0.6809154678199515, 0.7670528858375143, 0.3311696264384576, 0.7434367000609186, 0.7727590618314193, 0.7585761341215606, 0.7608078316830967, 0.7282436582020841, 0.711543899363466, 0.693188094974138, -0.25811589279334146, -0.383475316475215, 0.6522583707003066, 0.8890961439908962, 0.9070078940235589, 0.914761611993552, 0.9029009599743231, 0.8028740725006842, 0.8757099138411731, 0.8986865948820214, 0.8986893259528578, 0.844272450812955], [0.9974025534065544, 0.992474301179402, 0.9906322243972623, 0.997771602254004, 0.9990378559836155, 0.9892496355975005, 1.0, 0.9970575365268077, 0.9995138877485688, 0.9713122378314903, 0.999389946113743, 0.9980594050116535, 0.9990494000936568, 0.9989788726803166, 0.9987435868280358, 0.9980815843918553, 0.9998760338250746, 0.9992243087460054, 0.9992297096204643, 0.9996366900801157, 0.9991910890682018, 0.9907215430075145, 0.9738277874966151, 0.9836288397243872, 0.9922187240868228, 0.9849197107019658, 0.9708552802377567, 0.9403658726019472, 0.9924865910586056, 0.991820260913218, 0.9929515247383138, 0.970755306965024, 0.9987813216800915, 0.9998093500919295, 0.9996075056301269, 0.9993726986847246, 0.9996277326905669, 0.9998408443568186, 0.9978242817968808, 0.9995086323100659, 0.9992447807510131, 0.9988370885880552, 0.9833187684462023, 0.9336870414630855, 0.741671628120506, 0.9279923187928422, 0.9173975690592434, 0.8036367033472356, 0.9603647008185391, 0.9401326150286984, 0.9613037748718384, 0.9591101622895324, 0.9542854448420113, 0.9820574756785084, 0.9799776069100616, 0.9378981408079256, 0.9525814753449662, 0.9672659971548608, 0.9674860455165484, 0.9691792778271677, 0.9383198930048919, 0.8846432273449841, 0.9414973024048866, 0.9535287042885147, 0.9302521474805343, 0.8707940035878198, 0.9585771469740919, 0.9265874337204913, 0.9605738915854349, 0.9380604931346448, 0.7203585450356927, 0.8181796079486214, 0.7496895841227507, 0.8353386091219945, 0.8655497019952456, 0.8689754500602956, 0.8496012569679321, 0.8620135543670087, 0.23836611050549203, -0.554068760637397, 0.9557994167820192, 0.9308703120504016, 0.9316669655626114, 0.940496967456933, 0.9414922406319862, 0.9643988356403124, 0.9644665918832561, 0.9195189478881041, 0.9605061032903649, 0.8116390638216306, 0.5941149472683975, 0.8809246071311964, 0.9156607786403835, 0.23052698723466397, 0.915155864152181, 0.9375330545315225, 0.8017103547053925, 0.9626802565656983, 0.8309980751094309, 0.6483193390264358, 0.4629778393417728, 0.8429318258177311, 0.8357239105604858, 0.828449213418115, 0.972346390528091, 0.972605509569414, 0.7215319946598474, 0.6741605597454196, 0.7846190958906165, 0.29792000644073474, 0.765079358853968, 0.7932455157509646, 0.7844489099546137, 0.7895671455450838, 0.7177056739684656, 0.724099872036619, 0.7018275083839987, -0.24707213314437787, -0.39187561689253403, 0.6232886315737356, 0.8915130705911084, 0.9309566730916053, 0.9461827142986154, 0.9173276760464076, 0.8228252054514283, 0.9151779494799366, 0.9371940960014464, 0.9365641243323282, 0.774350997267466], [0.9950636738722225, 0.9876197824768158, 0.9909792454838913, 0.9956174258369827, 0.9981915224546583, 0.9890205264359232, 0.9970575365268077, 1.0, 0.9999837857277487, 0.9650624890988767, 0.9996152150500852, 0.9999968484375356, 0.9996512203508516, 0.999997758724267, 0.9999811577672887, 0.9963299077785557, 0.9991661338889027, 0.999882413227186, 0.9998821644554916, 0.9999546656275552, 0.9999943826413328, 0.9909375412766533, 0.9746914113827873, 0.9914651876404798, 0.9927088516996756, 0.9814535636035027, 0.973007029827497, 0.9387569702049116, 0.9888109613813951, 0.9944657142880592, 0.9916557622510226, 0.9673116926305804, 0.9994232349588947, 0.9994751299564059, 0.9996146210256707, 0.9996714005869111, 0.998677001148697, 0.9993807404750908, 0.9990936602898383, 0.9981779525110426, 0.9994933149045285, 0.9993533813563874, 0.984670840500905, 0.934511883289493, 0.7284805271344608, 0.9354926392759686, 0.9150725847274925, 0.7810619537088557, 0.9590465767369867, 0.9351610785820774, 0.9596465999328311, 0.9526420939515317, 0.9478463611059306, 0.9801408317282485, 0.9767125297447432, 0.9318288928945311, 0.9456881294461216, 0.9587686617964502, 0.9629585862093972, 0.9612236209571127, 0.9362509195784195, 0.8725976805096928, 0.9347835212590407, 0.9452181928334226, 0.9239652113775062, 0.8544578448612731, 0.9544195197589668, 0.918483723653032, 0.9534079423521921, 0.9323612845736414, 0.7020292466590388, 0.8072712215172411, 0.7445047063399688, 0.8243323544726177, 0.8558958329250177, 0.8622877133984033, 0.8440648458969532, 0.8532925240087434, 0.21634693686147982, -0.5613642527750378, 0.9496960983706358, 0.9193874430412049, 0.9221745549492321, 0.938152327849713, 0.9345468393117967, 0.9585158727514782, 0.9585885875882979, 0.9112639869583301, 0.9514897033212897, 0.7950825971604821, 0.5885753057514324, 0.904531468698804, 0.9288613987381436, 0.21855211822816012, 0.9141679324118073, 0.9369146468718894, 0.7988210372947483, 0.9676676543295325, 0.8352778526502657, 0.6343214286246117, 0.4496009858382581, 0.8446447364585673, 0.8328116195792084, 0.8323596513220596, 0.9755640962304231, 0.97582748710401, 0.7111705381861612, 0.66470747477574, 0.7870628892410926, 0.2820527360432777, 0.7600037801863335, 0.7891566695871116, 0.7861692329570255, 0.7842192264379996, 0.7097576557661128, 0.7174378554166897, 0.6944312874283161, -0.26483939204098556, -0.40872359920119405, 0.6028873744681393, 0.8826692477519649, 0.928875540228671, 0.9384589079077258, 0.9107453288939158, 0.8110636095343471, 0.9086854400648857, 0.9309093634962453, 0.9305466057174381, 0.7534512337096213], [0.9953474541709266, 0.9876627841103645, 0.9942845852221681, 0.9960093319023923, 0.9982455490068236, 0.9884185875382596, 0.9995138877485688, 0.9999837857277487, 1.0, 0.9643491865360765, 0.9996139511637682, 0.9999812015419223, 0.9998288881194604, 0.999989703150985, 0.9999967842988413, 0.9989560709956505, 0.9991142761782795, 0.999814298962833, 0.9998136298892039, 0.9999659636594576, 0.9999823060553892, 0.9935419214581369, 0.9756785138299215, 0.9947531402825018, 0.994917795931583, 0.9814331124143032, 0.9770793352143864, 0.9396941082169891, 0.9893376553772207, 0.9935461058726657, 0.9885755771300901, 0.9626241111795344, 0.9993340801981124, 0.9994154032214793, 0.9994119048232887, 0.9998294974909171, 0.9986889126671362, 0.9993728135074134, 0.9993120696114374, 0.9981571392323627, 0.9993269297490592, 0.999321904341782, 0.9889446799745533, 0.9346813339270987, 0.7293782789071244, 0.9355946838504847, 0.9153899900853211, 0.7812894294896675, 0.9468884158997645, 0.9218930924962189, 0.9500601848828756, 0.9500737283060517, 0.945212115385657, 0.9773958101880273, 0.9768576610331324, 0.9648694883638759, 0.9461381485863093, 0.965819020949355, 0.9630038965807229, 0.9662358768307637, 0.9658646034486668, 0.9357038858001687, 0.93397223542449, 0.9362231805323806, 0.9357817881202326, 0.8848546803116323, 0.9547685850225447, 0.9560701297395456, 0.9624588640982071, 0.9611596761883382, 0.9133678057035384, 0.806496799899654, 0.7517020898671255, 0.8234375177629636, 0.8772663785248149, 0.860200562820149, 0.8681725540587268, 0.8671429015709062, 0.6027340836633288, -0.6253610525097565, 0.9495764715770677, 0.9194165132599313, 0.9222536236844104, 0.966359555264215, 0.9277376848199165, 0.9579446621640693, 0.9573778533264883, 0.9120224859105626, 0.9604346962953656, 0.9170026792892795, 0.5866461845422879, 0.9039770141315885, 0.9438797659312693, 0.16300567359633064, 0.899224957479469, 0.9264082278503641, 0.797885230604187, 0.9662398375192421, 0.8840766507416864, 0.5417227559417327, 0.381030081427784, 0.871703175953222, 0.8235520275083957, 0.8735728725098023, 0.9754689823664912, 0.9757595663979199, 0.7090477547185114, 0.6617387968342254, 0.7490872915942134, 0.27968105214875033, 0.6844761714990701, 0.7546022802085903, 0.7320362486357396, 0.7129791826681785, 0.7069500000008689, 0.7140966338754057, 0.6910413580430662, -0.50607775410314, -0.581871061537484, 0.6025096348256366, 0.8815349880068108, 0.9274090293696438, 0.9395731821837415, 0.9097355248870791, 0.8057990618871803, 0.896995228642687, 0.9205983355911573, 0.9200302930238111, 0.8089880392398926], [0.9795684612203562, 0.9657547360665223, 0.9533697081679499, 0.9793070851673297, 0.9723749001284192, 0.9658631138990773, 0.9713122378314903, 0.9650624890988767, 0.9643491865360765, 1.0, 0.9485052223779521, 0.9654666825712831, 0.9643453844573028, 0.9651877535648666, 0.9647272081224073, 0.9663921307230857, 0.975249108045884, 0.9698933414050207, 0.9698998179936927, 0.965242340518112, 0.9653167042354539, 0.9653492895610958, 0.9515161625026632, 0.9723384616673667, 0.9701675150143969, 0.8828567042480778, 0.9687994039771854, 0.9495146240890442, 0.9750102815831667, 0.9687251867843094, 0.9689353468108477, 0.9333304297288082, 0.9737512541868479, 0.9733028751282408, 0.9738030257368611, 0.9655637846974978, 0.9568074422683278, 0.9727716445824357, 0.9735971516754233, 0.9779593777879599, 0.973946597645497, 0.9739621390000592, 0.9555948294805536, 0.8417208694962811, 0.5494460162126645, 0.7812641072778086, 0.890525177681898, 0.8772944938763207, 0.9016693329255062, 0.8228128010011699, 0.90620091465787, 0.9146279118671924, 0.9033350838348575, 0.9305616124379742, 0.9304122638978677, 0.9436605081034212, 0.9349613014674688, 0.9545183612464638, 0.9478211105796986, 0.9527653769009439, 0.9527721965214492, 0.9125606921127325, 0.9516356968539782, 0.9355445936660628, 0.9352409056657112, 0.8528013908140437, 0.9353229860469001, 0.9435928006791039, 0.936655361538038, 0.9356151392306369, 0.886541263809233, 0.8143536271912521, 0.7695439840245751, 0.858888520509094, 0.9124941038986899, 0.8830699281458837, 0.8978093602444507, 0.8970642128498856, 0.7016722311667702, -0.3074937437362439, 0.9527864162921321, 0.9534209738961701, 0.9456424971650269, 0.9455398235515202, 0.9226253175793864, 0.9540815297650898, 0.9539601369358754, 0.9002816444551704, 0.956214502067558, 0.9057638308373223, 0.6995508434641383, 0.6605001996782117, 0.8612733511603813, 0.19313927038427456, 0.8479705847790218, 0.8865865167838795, 0.871995619424165, 0.9480918062062229, 0.9049542449774495, 0.4439784698027018, 0.39765482296745835, 0.897308376389999, 0.8725140126894709, 0.9035426031844834, 0.9484239786311455, 0.9487781391055978, 0.5373664412882758, 0.7011904364103934, 0.613922792122183, 0.4827771276482042, 0.5718593624856607, 0.6286338496178855, 0.589234864997076, 0.5654004577600841, 0.8017818804128338, 0.6788946870700119, 0.6434527105591716, -0.2759545820679453, -0.3220184132547774, 0.7449896870293149, 0.9166936991273114, 0.9228854305185114, 0.9096333823817023, 0.9416200462373446, 0.6536500714968329, 0.8402018844507092, 0.9089731098844277, 0.9080978967527078, 0.6911839075069194], [0.991469514533125, 0.9902750327880367, 0.9967593039047329, 0.9931028443278038, 0.9974445602679871, 0.9783653386947846, 0.999389946113743, 0.9996152150500852, 0.9996139511637682, 0.9485052223779521, 1.0, 0.999647535086456, 0.9996231754881185, 0.9996315453340091, 0.9996404204055782, 0.9993696480329832, 0.9987403327725562, 0.9999513078232469, 0.9999519725137093, 0.9996303230553818, 0.999640897223102, 0.9892390468150959, 0.9537659888196333, 0.990354952236596, 0.9915857600030868, 0.9865196083584491, 0.9674677517182916, 0.8873898753670876, 0.9882255930444326, 0.9921978708949871, 0.9712085574643078, 0.8915718923525606, 0.9991041319874054, 0.9991768206188663, 0.9990968514935471, 0.9994357421297104, 0.9993641183463315, 0.99911813720983, 0.9989729448720436, 0.9970941881178326, 0.9990716010789031, 0.9990692543961953, 0.988890510671912, 0.9286022907651066, 0.5910115470252209, 0.9306721897964542, 0.9146722996854622, 0.7861544447811444, 0.8634262104071838, 0.8900358771250529, 0.8691110637572476, 0.8765941712851496, 0.8602141874838113, 0.9501638675669258, 0.9500877255291056, 0.9458442197585616, 0.9484772911696118, 0.9366572763245754, 0.9389457663422833, 0.9415941063048039, 0.9413757842877374, 0.8870029404138221, 0.8987257224902664, 0.8528415524433784, 0.8525995192516352, 0.7203325387273465, 0.9416530203922675, 0.9453598573722682, 0.945611056411457, 0.9448876548689696, 0.888989818668201, 0.5630364969416415, 0.4969564299983958, 0.6639013356766889, 0.7746610007626219, 0.6945425372883823, 0.7374861377870353, 0.736478321167932, 0.4847161584224549, -0.4001334472489179, 0.9122371593426618, 0.923640522421831, 0.9118696235204886, 0.9475104293312208, 0.900250686795053, 0.9188889804555912, 0.9174846298430053, 0.8405831989561888, 0.9237860553359253, 0.8492240856095239, 0.4623118609258647, 0.8997077190148067, 0.897153291165024, -0.07725092087458577, 0.6500072658177781, 0.7451680188304073, 0.633475527112344, 0.9678970341356371, 0.6515472568811591, -0.14462482549861944, -0.06773288211677406, 0.6233788753833823, 0.6284662868106557, 0.6708765402249475, 0.9692690628343937, 0.9693224944101103, -0.04585078590229991, 0.1760168430053171, 0.03687294160225575, 0.0035551921840331954, 0.030216919803085274, 0.04935875690170698, 0.016864994432945958, -0.029533818012022463, 0.3609761051570459, 0.09973045235128701, 0.04893796180170603, -0.5288869173722727, -0.5581317804407412, 0.6026629614102583, 0.7336158282795534, 0.7568384996812024, 0.822909753978993, 0.8201185236848089, 0.502935658954246, 0.7180429436495666, 0.7546990446542767, 0.753381199434341, 0.4002449095356816], [0.9952143815235182, 0.9879017062995278, 0.9908836400838598, 0.9957503200246605, 0.9982444688877679, 0.9889878676811279, 0.9980594050116535, 0.9999968484375356, 0.9999812015419223, 0.9654666825712831, 0.999647535086456, 1.0, 0.9996372184161771, 0.9999976252165939, 0.9999841099624356, 0.9969864319731692, 0.9992264039503528, 0.9998943283644275, 0.9998941977909185, 0.9999626331663223, 0.9999948467347607, 0.9908558350664134, 0.974581024447858, 0.9921166212289877, 0.992675961000632, 0.9816890895259776, 0.97285339905569, 0.9387990929709278, 0.9896899888227071, 0.9945110996486284, 0.9917223174405568, 0.9674510591326801, 0.999464864619472, 0.9995194775995069, 0.9996487630196139, 0.9996739296071462, 0.9987737032577426, 0.9994275664188768, 0.9991318896492655, 0.9982701717603473, 0.9995363960215544, 0.9993958469819142, 0.9844928989868102, 0.9347667303048709, 0.7291681072378803, 0.9353881542464881, 0.9153384642755866, 0.782272908178059, 0.9593514201105362, 0.935570966120353, 0.9599603160794349, 0.9530033205749474, 0.9482249191432203, 0.9803703797443146, 0.9768895700635946, 0.9321822389682752, 0.9459707365459472, 0.9591275197407049, 0.9631607046349293, 0.9615731950755864, 0.9365384580241481, 0.8728878802821753, 0.9351345363674516, 0.9456786916435268, 0.9244252654425982, 0.8549776870872513, 0.9545726534394652, 0.9187680381772687, 0.9536920220122576, 0.9326966696829744, 0.7022592211606651, 0.8078417794114644, 0.7450961903432289, 0.8248970087513318, 0.856320326813814, 0.8626270745389581, 0.8445341430975143, 0.8537896914201122, 0.21678317397603844, -0.5611484992268327, 0.9499868713031835, 0.9199407872074571, 0.9226144185408705, 0.9384233504589219, 0.9348421433187076, 0.9588019397193417, 0.9588747549231804, 0.9115867303871372, 0.9518736856233048, 0.7954453132400248, 0.5888671632078606, 0.9034695063774736, 0.9283105243783898, 0.21908359767404711, 0.9142491050952776, 0.9369884390376139, 0.7991263631359471, 0.9674933225076499, 0.8357005057480092, 0.6352899400624139, 0.45048770826181905, 0.8450928434661312, 0.8333402818023466, 0.8327684330304939, 0.9754781943283494, 0.9757414656287314, 0.7118342887402896, 0.6653555675353061, 0.7876107335646697, 0.2829905712336504, 0.7606838378880901, 0.7898151317229859, 0.786721623452677, 0.7849082998696049, 0.7102005616576544, 0.7178986945334646, 0.6949243159386325, -0.2637644999577064, -0.40774521511909256, 0.6035551996921793, 0.8831790026598614, 0.9292676610629776, 0.9389455013511722, 0.9111871130491144, 0.8116078903494525, 0.9092148657024084, 0.9314264522441644, 0.931049304216376, 0.7541141418543934], [0.9944005985799358, 0.9876978088036322, 0.992835457911379, 0.9951494451121299, 0.9979964513037644, 0.9900355910638857, 0.9990494000936568, 0.9996512203508516, 0.9998288881194604, 0.9643453844573028, 0.9996231754881185, 0.9996372184161771, 1.0, 0.9996738180331111, 0.9996582290834983, 0.9990714926225616, 0.998687890130197, 0.9994505956782316, 0.9994440784705323, 0.9996527176965475, 0.9996277387637035, 0.9927958716805887, 0.976184276340743, 0.9955311239707382, 0.995422923811653, 0.9814983553736377, 0.9756813126056311, 0.9413572445416639, 0.9888764138600397, 0.9925498577049698, 0.9907804503987486, 0.9650215364916959, 0.998747588337743, 0.9990517640400445, 0.9992383797767888, 0.9999222349834975, 0.9987148928076128, 0.9990072102117689, 0.9985635772580432, 0.9974445097747474, 0.9987377168865555, 0.9986624099809488, 0.9884205854178697, 0.9347433978535999, 0.7252482191082441, 0.9355358827152019, 0.9152488781510215, 0.7815331854403259, 0.9554080784574083, 0.9284733598462704, 0.9562892793380904, 0.9496088681001297, 0.9442863665632656, 0.976828947995085, 0.9748123053916102, 0.9562049970561292, 0.9455981313076604, 0.9593621273135352, 0.9622356306864696, 0.9613313303250701, 0.9606286598840525, 0.8769641182000113, 0.931881569823446, 0.9439383420298274, 0.9436548059900347, 0.8528745643343248, 0.9547757312116502, 0.9310212261222776, 0.955577025899629, 0.954126507734282, 0.7064306049052042, 0.8045277421169219, 0.7682251653512342, 0.8222495250026551, 0.8577705405040318, 0.8615600929019718, 0.8525064946127515, 0.8527599606697713, 0.20047375295680733, -0.5558006850293248, 0.9488818957443668, 0.9195789377829041, 0.921373184582469, 0.9592269165556049, 0.934752968418624, 0.9573928289721905, 0.9574195219191095, 0.911009969796446, 0.9521740899709864, 0.8022876845299566, 0.589356765153196, 0.9040827316315497, 0.9287542622202452, 0.21602471719914257, 0.9120286869569794, 0.9351358155326365, 0.8001850351781168, 0.9702746076823755, 0.8292521149863661, 0.6273083932521721, 0.4448972183620124, 0.8362020207266264, 0.8279971837611974, 0.8244584150149241, 0.9774932913155552, 0.9777119919125238, 0.7024734413477567, 0.6597027696721719, 0.7664113911876845, 0.2826745473825944, 0.750569877243891, 0.7783831158708719, 0.7550033570745669, 0.7737501994443747, 0.707751031814532, 0.7073677240953111, 0.6846576262830882, -0.27068513836511315, -0.4130420742935094, 0.6030950403349427, 0.8809556566156361, 0.9308179757770936, 0.9344718308817664, 0.9103835888609842, 0.8036548723706008, 0.902777430033995, 0.9244178770804944, 0.9246859282368948, 0.7483662523544657], [0.9951206237499766, 0.9877516068081889, 0.9910433616183295, 0.995672530305784, 0.9982272806301482, 0.9890831736880461, 0.9989788726803166, 0.999997758724267, 0.999989703150985, 0.9651877535648666, 0.9996315453340091, 0.9999976252165939, 0.9996738180331111, 1.0, 0.9999883103725898, 0.9985816318526818, 0.9991835680258794, 0.9998861818446467, 0.9998856058986945, 0.999956820187359, 0.9999921508122264, 0.9909759530267663, 0.9747474180207601, 0.9940003073544972, 0.9938590040987614, 0.9815921952434055, 0.9730520219319123, 0.9389474371957004, 0.99217474715796, 0.9948407497216428, 0.9915963499190419, 0.9672072582997542, 0.9994397744082353, 0.9994805562751842, 0.9996252416891468, 0.9996909630244103, 0.9987222276831867, 0.9993925875799905, 0.9991620967259831, 0.9981977582080612, 0.9995074601662115, 0.999370794711683, 0.984652144044579, 0.9345980785011353, 0.728577016162052, 0.9354937164592297, 0.9152676425032219, 0.7816365181365663, 0.9591584575990474, 0.9353430337927724, 0.9598003735941689, 0.9526124168265749, 0.9477919179565483, 0.9801917828990258, 0.9766768735711704, 0.9321995606717615, 0.9458390746974511, 0.9589758556194976, 0.963027987600794, 0.9614133820750008, 0.9359339426849773, 0.872849428299405, 0.9346186892766383, 0.9452981947143926, 0.9242306719392136, 0.8546007005020092, 0.9545921898444031, 0.9189209600017241, 0.9536626283160688, 0.9327510159841933, 0.7024448288706374, 0.8072115041711443, 0.7448214538753775, 0.8243193064552695, 0.8560951352043935, 0.8622545493089476, 0.8442482757479967, 0.8534939470249572, 0.21672480881412765, -0.5610258183254079, 0.949763912019016, 0.919648472895322, 0.9223830681203737, 0.936041086542769, 0.9347993309558238, 0.9585947509054482, 0.9586641408248114, 0.9114479936924746, 0.9516968867903853, 0.7953963486796888, 0.5886460687425623, 0.9040273362577399, 0.9286977098094149, 0.2186472142924536, 0.9140269741486916, 0.9368047790699016, 0.7988279747487587, 0.9676845258875697, 0.8353461374698358, 0.6342047476832254, 0.4494952125323736, 0.8446968094112666, 0.8329874818224534, 0.8324208708140284, 0.9756184081903491, 0.9758778542422268, 0.7107073530385519, 0.6642868021203112, 0.7870720898377931, 0.28238568029827493, 0.7600025815334283, 0.7890972053695278, 0.7863724561748989, 0.7841347091166305, 0.7096534725362079, 0.7165838402297208, 0.6936141378701364, -0.26462176137930254, -0.40850143125300686, 0.6032687290356784, 0.8825986756084664, 0.9290415872939242, 0.9385441530818507, 0.9108106266634511, 0.8108783698538504, 0.9089436391574014, 0.9309898398935217, 0.9307455965042399, 0.7535921514399795], [0.9952629682697315, 0.9878581908720423, 0.9909507552558527, 0.9957921537518694, 0.9982946843496443, 0.9891890061390457, 0.9987435868280358, 0.9999811577672887, 0.9999967842988413, 0.9647272081224073, 0.9996404204055782, 0.9999841099624356, 0.9996582290834983, 0.9999883103725898, 1.0, 0.9985800922463799, 0.9992104376973293, 0.9998825338299172, 0.9998825637888565, 0.999956119549814, 0.9999769760685396, 0.990880591662114, 0.9747372113435515, 0.9924214362428126, 0.9924693617407941, 0.9816879233655983, 0.9727578865878466, 0.9388684089161189, 0.9922201664747817, 0.9944288398218791, 0.9914422321532591, 0.9670954914985682, 0.9994814124789811, 0.999466776786764, 0.9996157345805191, 0.9996811923772575, 0.9987441816231121, 0.999399059094493, 0.9991939741401356, 0.9982491051432385, 0.9995403924657864, 0.9994180272924726, 0.9844235313810711, 0.9345542436711245, 0.7293119142890577, 0.9353492248672798, 0.9153991869620464, 0.7819455164434007, 0.9597665611085138, 0.9364539159260097, 0.9604728610611449, 0.9528326833314386, 0.9480129123127655, 0.9806908401730606, 0.9768681459215722, 0.9330176291054949, 0.9463184753818642, 0.9593849440294223, 0.9631958042382812, 0.9618312487377003, 0.9373212629831702, 0.8729982010768185, 0.934159834318025, 0.9456108800650409, 0.9249970768082397, 0.8544724187780696, 0.9550142252509489, 0.9195762157021332, 0.9542098660513729, 0.9337010583046247, 0.7021532963683211, 0.8068162147626544, 0.7458468858373402, 0.8237418275071413, 0.8560599536326591, 0.8616986594256456, 0.8447415930921581, 0.8539075807905105, 0.21613788627739364, -0.5605556739266953, 0.9497913727387378, 0.9198812924287172, 0.9226241135974331, 0.9392680546533607, 0.9353810061030037, 0.9587383187004758, 0.9588683775874293, 0.9117944643987802, 0.9520602546355936, 0.7952934586764512, 0.5873282434933143, 0.9035306413824085, 0.9283499087085578, 0.21743682447914933, 0.9135435213424331, 0.936286941547485, 0.7979173054437255, 0.9672833147254158, 0.8363491877766913, 0.63394370249762, 0.44865297884334837, 0.8452285383472983, 0.8334271207595524, 0.8331734413310822, 0.9753758251083198, 0.9756664567740218, 0.7093852146856161, 0.6621098788802328, 0.7881905473040416, 0.2807239471062778, 0.7602802021200582, 0.7895114010184803, 0.7876254060932562, 0.784377854386204, 0.7078450676730811, 0.7142952614131349, 0.6912913404814275, -0.26379706957133564, -0.4077498102152949, 0.6027320201421497, 0.8817326718291838, 0.9296399206943471, 0.9390426220983162, 0.9100478246556606, 0.8110252797639068, 0.909974415305854, 0.9315829603643208, 0.9314661342994291, 0.7534639278981861], [0.9964313122159189, 0.9930190311582026, 0.9915146970692809, 0.9969632055130783, 0.9985555492549902, 0.992008164170202, 0.9980815843918553, 0.9963299077785557, 0.9989560709956505, 0.9663921307230857, 0.9993696480329832, 0.9969864319731692, 0.9990714926225616, 0.9985816318526818, 0.9985800922463799, 1.0, 0.9988264147007314, 0.9989478507268409, 0.9989456198382579, 0.9987707771063591, 0.9984711735431246, 0.9922714076296405, 0.977422339020072, 0.9831092703180228, 0.989658996799173, 0.9879470020968711, 0.9747401072128493, 0.9464061767111476, 0.993311107802259, 0.9932364627143496, 0.9904989075342252, 0.9673493715326709, 0.9987846060104186, 0.9987352620454624, 0.9989660499987991, 0.9985984084474813, 0.9993621813397543, 0.9988695645254165, 0.9989079168028805, 0.9979992542585695, 0.9986621774463892, 0.9987354882839933, 0.9832584425222566, 0.9277755366533509, 0.7352936163300193, 0.928286412682584, 0.9181156537076626, 0.7999882772056502, 0.9632083784909548, 0.9406204890962488, 0.9645060523003591, 0.9530119209929353, 0.9468539010828763, 0.981339645346843, 0.976464807361466, 0.9457780217718028, 0.9557073528684119, 0.9663278893900079, 0.9676867451817256, 0.9679016475838528, 0.9490081691343922, 0.8849573241917412, 0.9380691263976628, 0.9505793947947224, 0.9360528015067728, 0.8654536847159956, 0.961324749491677, 0.9332416282045582, 0.9618296463860775, 0.9464648050680332, 0.7199702087653257, 0.8145849749289455, 0.7636269633305479, 0.8327570269523319, 0.86866124174213