var config = { responsive: true }

var correlationAdjClose = {"data": [{"type": "heatmap", "z": [[1.0, 0.9999930276501373, 0.9839605755302503, 0.9999204721662553, 0.9988253456640598, 0.9888835495067557, 0.9973686528676254, 0.9949951403262547, 0.9952752282650945, 0.9796964501815579, 0.9912813421708018, 0.9951478021694417, 0.9943248153192763, 0.9950528683679594, 0.9951980785798852, 0.9963878177780578, 0.9980848399693364, 0.995811935726465, 0.9958267028183573, 0.9958457244271715, 0.9950939593287675, 0.9848698434224656, 0.9676506482446479, 0.9871678298701301, 0.9859580763288218, 0.9782166303211564, 0.9616583719743609, 0.9397244941826282, 0.9946160743705856, 0.994712582818054, 0.9917617600819455, 0.9746374823731655, 0.9972794472502229, 0.9975968693717626, 0.9969311674706844, 0.9952163040840605, 0.9946266207491675, 0.9974307874398961, 0.9974992171446679, 0.9986856089620684, 0.9972161046352362, 0.99723016595858, 0.9759476508898276, 0.9262443688772359, 0.7623156473939965, 0.901566142956488, 0.9155943009103611, 0.850497060610028, 0.9704215069486445, 0.9444914809795341, 0.9715662479099119, 0.9677230834652671, 0.9626887508492602, 0.9864140612286668, 0.9827794433863054, 0.9831992380005757, 0.975819121657395, 0.9851515470020736, 0.9823971990024846, 0.985814619069694, 0.9855674407070006, 0.9631891607703997, 0.9647537300629228, 0.9705365822434194, 0.9702079800881532, 0.9415372258335838, 0.9742866590427329, 0.9727737970529904, 0.9811556338991589, 0.9802180998056059, 0.9340202886422745, 0.8515820885393102, 0.8198508058159975, 0.87049769022296, 0.8996784328221517, 0.893687999550397, 0.8982054335164692, 0.8968873162061919, 0.606643266214808, -0.516609377493952, 0.9750408262343278, 0.964554467060683, 0.961178107392829, 0.9841352162020632, 0.9549522346800388, 0.9803333201034471, 0.9802862427950176, 0.9421600063434761, 0.9806859406321671, 0.9469220579486864, 0.59873466107454, 0.8378667062716839, 0.9104960809111381, 0.2233606253203586, 0.9147200674080228, 0.9364597684459842, 0.8059639828182338, 0.9542508433415735, 0.8963277031202854, 0.669962305922314, 0.4545972511236091, 0.8919857875505446, 0.8611655910547582, 0.8880576279610181, 0.9656894969579825, 0.965941550768708, 0.7378706701215901, 0.6979305034457678, 0.8285844139634416, 0.32707109536559387, 0.7947507605646158, 0.8327925822857534, 0.8192636380920526, 0.8174550974508827, 0.7336360310899919, 0.7371632220157568, 0.7165635857088546, -0.2283953088123908, -0.36175418715133023, 0.6147028139636298, 0.9008796674355013, 0.9470980893760192, 0.9506085359885721, 0.9197807488644978, 0.8278968372934118, 0.918366903851149, 0.9405682445651345, 0.940386130922199, 0.8756023238920675], [0.9999930276501373, 1.0, 0.980387436421957, 0.9997490510508709, 0.9972088196068567, 0.9899382309062109, 0.9923539526970342, 0.9873391154402724, 0.9873841364290409, 0.9655801304669491, 0.9900514424133541, 0.9876315340286419, 0.9874208645816239, 0.987475864792138, 0.9875832156994394, 0.9928696405627891, 0.9947292924899817, 0.9911854774603623, 0.9911878645474478, 0.987471579661611, 0.9875402766241879, 0.9866662923508698, 0.9579563277761639, 0.9823090689297844, 0.9818750496298306, 0.9780467623579466, 0.9690790576977091, 0.9012952398296711, 0.9880563149464969, 0.9832378563960917, 0.9758600103893241, 0.9093910880772541, 0.9942369348029019, 0.9940283956793975, 0.9943408035574768, 0.9889318076145567, 0.9936656130687358, 0.9943145930002353, 0.9946688738948262, 0.9966860794019328, 0.9943518329241978, 0.9943622105943603, 0.9842307726932541, 0.9260567258290124, 0.6458769283319655, 0.9016521260657276, 0.9164843296643838, 0.8506284919197569, 0.8882089804704871, 0.9140132002275713, 0.8921430010905838, 0.9052174224921062, 0.887030189982515, 0.9567296212324414, 0.9566112394397033, 0.9711396693118421, 0.975809638831964, 0.968549358452785, 0.9681829088363535, 0.9716472901250325, 0.9715552745374373, 0.9283300096738263, 0.9367050841631228, 0.897625626590894, 0.8974839783680917, 0.7793298567960104, 0.9656156073707226, 0.9682047709549119, 0.96854041043364, 0.9679263921743388, 0.9239502726357178, 0.61269148570746, 0.5506308857074097, 0.7147126527167239, 0.8180824669805349, 0.73803415589529, 0.7807626554507928, 0.7791003626138407, 0.5404664553935794, -0.2671730523079558, 0.9504949827076374, 0.9588910742078638, 0.9501576366062178, 0.9722500301160747, 0.9219487710871446, 0.9558662423212335, 0.9547504476700934, 0.8882851896690696, 0.9594362181879963, 0.8953751820518386, 0.38739122102135587, 0.83681261992765, 0.8388405622618471, -0.23278819096765754, 0.5899279995352849, 0.6995571522540305, 0.615506085690713, 0.9496560465602129, 0.6361583820211577, -0.18653413847004824, -0.08956033884751272, 0.6029122825873738, 0.6115824089121185, 0.6583014775371425, 0.9514787099913603, 0.9512804849126578, -0.112174257104599, 0.11531244557922485, -0.03204789610481046, -0.06330082930047123, -0.035931214493222924, -0.019802950749806134, -0.050796364477860685, -0.08936871154980976, 0.28783682818975076, 0.043399380438246635, -0.003006964022034977, -0.4582420596948825, -0.4866193369176096, 0.6151439928941778, 0.7424194285925741, 0.7642084875003593, 0.8275763568443096, 0.8210225222579065, 0.5223625643225183, 0.7290953605169767, 0.7629825619834472, 0.7615692041599507, 0.4138780410626981], [0.9839605755302503, 0.980387436421957, 1.0, 0.9854258959568154, 0.9923499268675573, 0.9893382984965853, 0.9906013648711985, 0.9909231859414659, 0.9942428910782345, 0.9531200852539335, 0.9966905946657569, 0.9908294870702848, 0.9927876282507287, 0.9909886206126354, 0.9908917154995249, 0.9914483474993908, 0.9895177386886989, 0.9894300785761891, 0.9893946409431266, 0.9927491246462975, 0.9908509222097391, 0.9929783793471959, 0.9776327680694339, 0.9902889353079253, 0.9906674575985907, 0.9761979060747229, 0.9806337077668755, 0.9435106771609043, 0.973768243478413, 0.9768701654150985, 0.978337118860109, 0.9497161713882128, 0.9878259741198966, 0.9909493293942233, 0.989131000595597, 0.992991398601073, 0.9943280143152069, 0.9919399283597553, 0.9871841566442836, 0.9868469497403157, 0.9880990174952667, 0.9874529634600587, 0.9899873007680324, 0.9259059684524438, 0.7042588089825037, 0.9286456041628879, 0.9029517837921419, 0.7528548516048413, 0.9314397531775942, 0.8994463223891531, 0.9326004002925341, 0.9275851626203583, 0.9202070567127477, 0.9537157137068284, 0.960497573271203, 0.9274029756871751, 0.9427025970802816, 0.9507057327570777, 0.9558825679533189, 0.9514270661733469, 0.9256204070402795, 0.8880990322581624, 0.919842102403929, 0.9213983593968098, 0.9053504655120097, 0.8542905072009619, 0.9557615091795099, 0.9327110223568218, 0.9512982626064833, 0.9293370411375755, 0.7514320944285584, 0.7872541562697365, 0.726077299438403, 0.8080309571542675, 0.8568144683758118, 0.8532066574650543, 0.82708898038602, 0.8405456286255057, 0.2795448689402231, -0.5225136691843104, 0.9408953749057061, 0.9083289042933061, 0.9145768808940079, 0.9279625567961393, 0.9173548952655117, 0.9469821676201503, 0.9466263588388114, 0.903595421140227, 0.9439564972931838, 0.823696044046646, 0.5674280799593496, 0.9211120251418067, 0.9300894294918292, 0.1467611215682377, 0.893144089400687, 0.9178858159234151, 0.7911144074945313, 0.975995917197425, 0.7788875678596924, 0.5791475968348146, 0.37742132090206804, 0.7851877548304175, 0.785681953397101, 0.7735732904300101, 0.9799669094773364, 0.9800191118078782, 0.6549563541956585, 0.629515497814858, 0.716183357660883, 0.253417760784112, 0.6885110896135626, 0.7125121590524349, 0.728028152123048, 0.7089973215768216, 0.6838644473778578, 0.6603869853532245, 0.6377037852370288, -0.3063665951236066, -0.43898691816957125, 0.5627650139312764, 0.8593725852107726, 0.8975136004384251, 0.8981910970803293, 0.8920112003064834, 0.7562844646867228, 0.8716404620239674, 0.8859824993275902, 0.8950552817043329, 0.7402824330471072], [0.9999204721662553, 0.9997490510508709, 0.9854258959568154, 1.0, 0.999148343117204, 0.9897619598591317, 0.9977458502826063, 0.9955552565907863, 0.9959481415442379, 0.9794683363763452, 0.9929672250464863, 0.9956902426693838, 0.9950806714050107, 0.9956111349007206, 0.9957329145737321, 0.9969224304175445, 0.9984315714372337, 0.9962995613332178, 0.9963119268954527, 0.9964254151963005, 0.9956394175654336, 0.9861787357840405, 0.9689983199425182, 0.9883228820586929, 0.9872240990619021, 0.9811002884539255, 0.9638309420403152, 0.9409567367521418, 0.9941797536837503, 0.9944399626491732, 0.9919556523034369, 0.9743929006402123, 0.9974709101980666, 0.9979517426547506, 0.9972793786856069, 0.9958278026257369, 0.9956204947271905, 0.9978262227096821, 0.9976372183420396, 0.9988126447937923, 0.9973975743155212, 0.9974086583099597, 0.9777846410492297, 0.9220277214624828, 0.7560235379154772, 0.9022626980741416, 0.9123424543753192, 0.8397485000981028, 0.9676021334308982, 0.941053212498642, 0.9686311425376803, 0.9651210060492436, 0.9599326628632319, 0.9843768041105492, 0.981281769762393, 0.981244545493032, 0.97364230421641, 0.9834121683596333, 0.9813415608383496, 0.9839955320076187, 0.9837450221044323, 0.9479943360083678, 0.9628916387749427, 0.9687492054911131, 0.9684229210622219, 0.9343581902128202, 0.9733527271398752, 0.9686831473857208, 0.9791433740460829, 0.9781614873057068, 0.9028240972790644, 0.8492909476833567, 0.8147270727982429, 0.867867614723919, 0.8957805323977301, 0.8926635614634937, 0.8949232194872504, 0.8936845974729954, 0.4995335685898874, -0.5168959454416369, 0.9736039630162031, 0.961746167753484, 0.9585698798464697, 0.9821845602968033, 0.9533117126988068, 0.9790775325950618, 0.9790321793480405, 0.9406775276579316, 0.9787198842971017, 0.9241956304230746, 0.6047413082523793, 0.8480184276199472, 0.9151557814916548, 0.22368352861662047, 0.9164964688609624, 0.9379860374613448, 0.8064003153039518, 0.9558322016763924, 0.8902465833487486, 0.6670711593138632, 0.4522402679122917, 0.8870045070871302, 0.857721351266664, 0.8827366302370718, 0.9668663909734782, 0.9671262881606135, 0.7371123682631127, 0.6984148304326508, 0.820715579821765, 0.3294000957419953, 0.7892873314199786, 0.8246372102029929, 0.8111855834322053, 0.8122869436164919, 0.7368219336330903, 0.7374411583720791, 0.7169036327887879, -0.2237747205286068, -0.3609747316183697, 0.6125110859074604, 0.899105569754919, 0.9454724807358875, 0.9490163506205894, 0.9188401653813284, 0.8251768076888923, 0.9165405962568433, 0.9385146471660539, 0.9384911780994587, 0.8678920034746822], [0.9988253456640598, 0.9972088196068567, 0.9923499268675573, 0.999148343117204, 1.0, 0.9923663910138494, 0.9990475599250083, 0.9981729175111498, 0.9982260490610351, 0.972459886869818, 0.9974150144359409, 0.9982280247888005, 0.997968443691193, 0.9982091246156386, 0.9982758607328558, 0.9985315795170518, 0.9991502869002482, 0.9986300775824092, 0.9986333238673383, 0.998308644314135, 0.9982107804508141, 0.9931959457271069, 0.976667953005162, 0.9932590196852232, 0.9931637531643538, 0.9852991745417818, 0.9784367644913623, 0.9442451677340056, 0.9908250697212977, 0.9928677024242577, 0.9899518012972758, 0.965080310816957, 0.9989710430624551, 0.9989952917980506, 0.9989779236997596, 0.9983402994643381, 0.9985423365939599, 0.9990766251535789, 0.999139795864008, 0.998980959009167, 0.9989534460050478, 0.9989572647189372, 0.9884192916546038, 0.9318805650164421, 0.7318104712027724, 0.9190268638080453, 0.9149611859602325, 0.8186400535327214, 0.9522922030078316, 0.9267229718805073, 0.9558680864187248, 0.9563426373102721, 0.9510807560854344, 0.9803194762219818, 0.9802637663359126, 0.9764587195947623, 0.966543831696246, 0.9774582157957696, 0.9761833013807341, 0.9777696571094877, 0.9774525042521599, 0.9493502069074463, 0.9512179237749881, 0.9473479904201721, 0.9468987244505127, 0.8964271944533567, 0.9696681744495039, 0.9664012935553455, 0.9735355532537324, 0.9724836670459728, 0.9273942008023288, 0.8218885144989528, 0.7727955217584173, 0.8479002961864784, 0.8965178713955666, 0.8761679383828151, 0.8855284599291889, 0.8842919154413561, 0.6560947880764932, -0.5895790112692345, 0.965221755570836, 0.9473116149164467, 0.945858440110453, 0.9777328433717737, 0.9357432505921188, 0.9702654257663987, 0.9697326527427685, 0.9277528559468161, 0.972523574435424, 0.9325291431905796, 0.5895335565950974, 0.8746859254100098, 0.9367684032591003, 0.12243168840867838, 0.8908686761809956, 0.9194091880934624, 0.79960820341455, 0.9621503694447737, 0.8770585094068218, 0.5214997582525823, 0.32463327107763723, 0.8640218547661616, 0.8140989419034736, 0.8650649197539914, 0.9715559638364295, 0.9717562186771406, 0.6882523093625904, 0.6773016020314164, 0.7328294542010206, 0.3017540780071704, 0.6655672107928295, 0.738795221998321, 0.7142362713255972, 0.6945493054714234, 0.7188569860890099, 0.7186301743472028, 0.6970429340605367, -0.45358051459863735, -0.5272610070167763, 0.5983636319755938, 0.8911775673017225, 0.9287651853947719, 0.9395717811876684, 0.9147511064464229, 0.7991803046167011, 0.8969877575246451, 0.9218879751432449, 0.92140219213291, 0.8007220235210214], [0.9888835495067557, 0.9899382309062109, 0.9893382984965853, 0.9897619598591317, 0.9923663910138494, 1.0, 0.9893455764232754, 0.9890415547976216, 0.988398683660944, 0.9663512665879074, 0.9780065354064931, 0.9890142400511797, 0.9900420877277248, 0.9891054910600598, 0.9892005698324389, 0.9920222308114582, 0.9902254643317552, 0.9899806468947463, 0.9899573201439108, 0.9878318444095397, 0.9890370315975344, 0.9962003521499119, 0.9908958234605562, 0.9884549077012623, 0.9881139360294765, 0.9638883741555657, 0.9835702247898274, 0.964253457757618, 0.9752318582866395, 0.9784364474507565, 0.9869823923223083, 0.9741555787185616, 0.9893739695171491, 0.9894892243154617, 0.9903060779377378, 0.9900593752528716, 0.9814877373798718, 0.990159392184215, 0.9897060528630416, 0.9895568002616013, 0.9894702976867817, 0.9894522561104873, 0.9941434815528993, 0.8865053280379946, 0.741988377505165, 0.876795249656396, 0.9151697470838641, 0.8496899456196049, 0.9416069546081115, 0.9141373093895603, 0.9431761278285706, 0.9494917444977612, 0.9400109656214174, 0.9651177502366354, 0.9696089093142054, 0.9658988718510328, 0.9768683423334594, 0.9672404228201764, 0.9788445535577287, 0.9672244283654997, 0.9666315509426008, 0.9643268887404715, 0.9567012939239465, 0.9428247286887572, 0.9423222684215397, 0.9269115728164755, 0.9754078513122836, 0.9676903036660889, 0.9667436981780098, 0.9649597795980784, 0.944312852873892, 0.8489787807431056, 0.8009757571067347, 0.8692690231372507, 0.8902480186731357, 0.8972930715242755, 0.8813160127350355, 0.8793981027923973, 0.6249033837519198, -0.48759376313338393, 0.9721265906296398, 0.9656329315056763, 0.9626612746176137, 0.9671071178820734, 0.9486262885487841, 0.9729986660554594, 0.9726710332795798, 0.9498819720803842, 0.962543478957717, 0.9498342801404563, 0.6032919764786215, 0.8039494015803215, 0.9308862960282923, 0.22130423214888834, 0.9044688788176597, 0.924646688871588, 0.803385394769486, 0.9519422592757261, 0.8492498806766648, 0.622116954210733, 0.43567011975732967, 0.8464863324897753, 0.8203428442484805, 0.843196123449966, 0.9544593099798636, 0.9545424240948309, 0.7026982810815036, 0.6803273776584626, 0.7681427025024898, 0.3305478578903407, 0.74409704145021, 0.7738328874462929, 0.7595999415169689, 0.7620092066913959, 0.7249045180894921, 0.7106798082950334, 0.6921937365858224, -0.254859350176382, -0.3797473674776303, 0.6482429318731306, 0.8901232723214577, 0.9080018991419302, 0.9153967195172723, 0.9033797733179598, 0.8031345955113206, 0.8764942469570254, 0.8997103766350577, 0.899704605122482, 0.8458012454521509], [0.9973686528676254, 0.9923539526970342, 0.9906013648711985, 0.9977458502826063, 0.9990475599250083, 0.9893455764232754, 1.0, 0.997031529020508, 0.9995109919331522, 0.9711556854311897, 0.9993852589757102, 0.9980388775456454, 0.9990454028376966, 0.9989673390063483, 0.9987289398687609, 0.9980602893479795, 0.999882987926927, 0.9992160383363056, 0.9992216121942707, 0.9996335684964621, 0.9991825610043547, 0.9906259356763732, 0.9734729914129758, 0.9834990214988082, 0.9921416181897025, 0.9844470262338811, 0.9705060413381007, 0.9395448330788817, 0.9925411975088424, 0.9917293976940637, 0.9929559548487524, 0.9707341468529974, 0.9987673044118831, 0.9998066471013157, 0.9996023331895922, 0.9993670189277032, 0.9996196436371553, 0.9998385631600458, 0.9977985198620947, 0.9994782252673591, 0.9992360861100233, 0.9988239042541048, 0.9832738224980148, 0.9351082238905346, 0.7449923797256186, 0.9295507810563202, 0.9211731101093276, 0.8062614575135189, 0.9609330134898563, 0.9401093603530253, 0.9618504488083948, 0.9596437062136979, 0.9551383627069902, 0.9821406594454961, 0.9800191589203461, 0.9371139611582991, 0.9521668881482311, 0.9668304845888106, 0.9671382080352634, 0.968767389167191, 0.9376036796383727, 0.8830515162660487, 0.9404531307279322, 0.9530911473877308, 0.9297918996486928, 0.8692596513077726, 0.9582873891980773, 0.9256059829213399, 0.9600947670919178, 0.9372564046165779, 0.7159877133990442, 0.8163085714226396, 0.7485074890100106, 0.8333184097030886, 0.8639358155051644, 0.8672677130627766, 0.8482111490762267, 0.8606069028451719, 0.2344897549596898, -0.5528746193586854, 0.95511443705374, 0.9295516475537607, 0.9304196917511266, 0.9397788424943322, 0.9352621916191927, 0.9638829408707215, 0.9639588411597593, 0.918426051871357, 0.9599640106100764, 0.8088512859875612, 0.5863196012455639, 0.8772137717402128, 0.9148365863476617, 0.2019995099369478, 0.9139261142747453, 0.9366367571079154, 0.7999004962356251, 0.9621673025034042, 0.8309269426745288, 0.6530156075148816, 0.4348185732829489, 0.8427408864098948, 0.8352661988882983, 0.8281786907010541, 0.9719273978967509, 0.9722044316844679, 0.7216171732746851, 0.6727710390214832, 0.7849707015318812, 0.2964670823402169, 0.7650742526645636, 0.7935491701618977, 0.7848278545660379, 0.7899554267547699, 0.7141231645342677, 0.7227233798413584, 0.7003080428943892, -0.24418540843510303, -0.3885267667572478, 0.6180240108698989, 0.8914818732800537, 0.9311783253568535, 0.9462621094112509, 0.9170751263139222, 0.8224284943283734, 0.9153630720121222, 0.9375024874579606, 0.9368752725823474, 0.7742772711358186], [0.9949951403262547, 0.9873391154402724, 0.9909231859414659, 0.9955552565907863, 0.9981729175111498, 0.9890415547976216, 0.997031529020508, 1.0, 0.9999836203644623, 0.9648587238286485, 0.9996067749955571, 0.9999968424765212, 0.9996479855151049, 0.999997731746147, 0.9999809152604247, 0.9962870133021056, 0.9991213832808019, 0.9998808240020077, 0.9998805834809195, 0.999954100793046, 0.9999943125998517, 0.9908232237280095, 0.9743263342803512, 0.9913798669199397, 0.9926248282165369, 0.9808292376320112, 0.9726512628679268, 0.9379055853647493, 0.9888792809680343, 0.9944205169880447, 0.9916794545965668, 0.9673126595958571, 0.9994226046799072, 0.9994716934537071, 0.9996120409722598, 0.9996670273395218, 0.9986516416842178, 0.9993741412000094, 0.9990887526510843, 0.9981095201003336, 0.9994929567593459, 0.9993522907176056, 0.9846007068730147, 0.9361822796935264, 0.7318785725990647, 0.937549672915205, 0.9191553054052977, 0.7836496292048737, 0.9596818410255002, 0.9351507845570756, 0.9602572966710229, 0.9532113492267141, 0.9487567457142928, 0.9802532105807188, 0.9767693027212807, 0.9309575103033145, 0.9449695455269795, 0.9581750827884669, 0.9624644318613961, 0.9606652001201395, 0.9355112599447093, 0.8706860399620258, 0.9335918301786751, 0.9447052031724519, 0.9234737860625032, 0.8527087704616217, 0.9539523454630546, 0.9173323079029385, 0.9527725544856932, 0.9314633914547173, 0.6971948364841087, 0.8052753449085126, 0.7433147572070926, 0.8221609083630275, 0.8541464011043449, 0.86047066435938, 0.8426271394251422, 0.8517918218813276, 0.2122382061069533, -0.5602840286353816, 0.9488559675493147, 0.9176102988621423, 0.9206307531677278, 0.9374024271891612, 0.9270044376013243, 0.9578665570230325, 0.9579498071355208, 0.909918188408207, 0.9507937883701342, 0.7919301743118252, 0.5805472508445093, 0.9014765059796375, 0.9281617884210678, 0.18861745687122902, 0.9128512931676496, 0.9359523426786918, 0.796997134949183, 0.9671933562988235, 0.8353194744089121, 0.6391376406152377, 0.421200907928885, 0.8445501503852315, 0.8324035635811055, 0.8321983767923689, 0.9751729062891724, 0.9754515048135974, 0.7112597889743607, 0.6632586238755401, 0.7875230623817646, 0.2804518688716605, 0.7600546096869609, 0.7895354349941668, 0.7866514836784207, 0.7846754417761227, 0.7060439030480071, 0.7160302170193455, 0.6928699572007391, -0.2620575141248392, -0.4054881785267504, 0.597206167573734, 0.8826077611702443, 0.9291457588984464, 0.9385418705797879, 0.9104754247718513, 0.8106275504255034, 0.9088874215222035, 0.9312403678043031, 0.9308827501098039, 0.7532799381376415], [0.9952752282650945, 0.9873841364290409, 0.9942428910782345, 0.9959481415442379, 0.9982260490610351, 0.988398683660944, 0.9995109919331522, 0.9999836203644623, 1.0, 0.9641418009947551, 0.9996054974745041, 0.9999811372050293, 0.9998267763431713, 0.9999896244442574, 0.9999967346042709, 0.9989448498125559, 0.9991034445521151, 0.9998114798703968, 0.9998108030776666, 0.99996574398594, 0.9999821703712507, 0.9934430841795274, 0.9753140893480671, 0.9946719104517191, 0.9948410712786714, 0.9808230652539252, 0.9767233660988051, 0.9388883534631092, 0.9894088290034454, 0.9934567731509067, 0.9886387130316576, 0.9626525471423241, 0.9993315049694826, 0.999412379871274, 0.9994080898119682, 0.9998272825834383, 0.9986638742053433, 0.9993671621003185, 0.9993061980746815, 0.998076603902706, 0.9993241857799, 0.9993189071040581, 0.9888472835374127, 0.9363647574033422, 0.7328141426056681, 0.9377781089827425, 0.9196990040317633, 0.7838724232776835, 0.9478736221620908, 0.9216045595781946, 0.9509962682667591, 0.9506990364315375, 0.9462083429485566, 0.9774759424918125, 0.9769265673321906, 0.9643994432887086, 0.9454470218967154, 0.9653149999196995, 0.9625078888523688, 0.9657281451216516, 0.9653511217011498, 0.9349485012374651, 0.9327740626143567, 0.935454076188968, 0.935022235169685, 0.8833145136985497, 0.9543060679381563, 0.9556483628087615, 0.9620315570707797, 0.9607074274211121, 0.9126925729314128, 0.8044930672660248, 0.7492031845262752, 0.8212950536669253, 0.875503445168782, 0.8583439954717639, 0.8663768139867161, 0.8653538864905399, 0.5980342977390828, -0.624241503301356, 0.9487345268598729, 0.9176392787803349, 0.9207009376688658, 0.965915388305761, 0.9184512401919526, 0.957281563020557, 0.9567043236790244, 0.9106682137271916, 0.9598171862873511, 0.915775857624513, 0.5785718313394407, 0.9009926337643908, 0.9435398775800481, 0.1315485328118727, 0.8975770055047808, 0.9252336606372303, 0.7960545993490186, 0.965742219326533, 0.8836226675455079, 0.5476132709697935, 0.349088771908702, 0.871154817816151, 0.8223431629294563, 0.8728741818881153, 0.9750816450362692, 0.9753758971391191, 0.7091333329314541, 0.660292830530669, 0.7490703815474447, 0.278056269841405, 0.6838521465877596, 0.7545739845555903, 0.7319514211944093, 0.7130771999836869, 0.7032224005283606, 0.7126755492317967, 0.6894717143087419, -0.504295777462062, -0.5796954523388136, 0.5972505854061633, 0.881523529379051, 0.9276455254956966, 0.9395293535241052, 0.9094919035009137, 0.8053415141102218, 0.8969137891300416, 0.9208513056590238, 0.9202824004534463, 0.8095442758752659], [0.9796964501815579, 0.9655801304669491, 0.9531200852539335, 0.9794683363763452, 0.972459886869818, 0.9663512665879074, 0.9711556854311897, 0.9648587238286485, 0.9641418009947551, 1.0, 0.9478586719807146, 0.9652632558841847, 0.9641337008783937, 0.9649837054966465, 0.9645253776260547, 0.9662730732172584, 0.974550817348803, 0.9697709808801629, 0.9697767449658156, 0.9650385749874976, 0.9651150772988777, 0.9651025296373623, 0.9509426654663558, 0.9722111189858322, 0.9700380562487962, 0.8803050534053426, 0.9685808191690956, 0.9488810717326581, 0.9746987392604165, 0.9685256150527409, 0.9685449724311658, 0.9326949546761147, 0.9736102289173414, 0.9731610327910063, 0.973667361717152, 0.9653227055951357, 0.9562515645932336, 0.972638988096469, 0.9734697902643822, 0.9785680344521097, 0.9738069137787944, 0.973824410032518, 0.9554790071350545, 0.8408673172410053, 0.5534258037986086, 0.7789694973502165, 0.8927548170050684, 0.8792531458443104, 0.9019059190245796, 0.8209863669674584, 0.9064269752340669, 0.9144723376351354, 0.9036092233832752, 0.9297334873392044, 0.929581217912519, 0.944171510608172, 0.9355378078527002, 0.9549289755242951, 0.948275356081797, 0.9531440791611485, 0.9531703072926522, 0.9131681640865861, 0.9514589950066621, 0.9347970292285219, 0.9344791978874274, 0.850811649577757, 0.9358639860921361, 0.9442227502523752, 0.9372035728326631, 0.9361824804803187, 0.8875758354672344, 0.8124205126833535, 0.7673507561703781, 0.8572163419955041, 0.9113600067897877, 0.8815590523021379, 0.8964836805226719, 0.895734491129752, 0.6984299751786539, -0.3035762796303207, 0.9528595538174738, 0.9538826990588731, 0.9457352753719173, 0.9460845707076226, 0.9182594229426938, 0.9541806741393619, 0.9540434119965696, 0.8999413748004735, 0.9563976024124001, 0.9056560211797561, 0.6947180709764161, 0.6517607604434287, 0.8603142426352813, 0.14046397224238655, 0.8462060794598629, 0.8855287180203836, 0.8709566827234985, 0.9477275150076727, 0.9045505760956121, 0.452370524347039, 0.3903267925453974, 0.896911914386182, 0.8718136974719113, 0.9030434977410123, 0.9481000169741414, 0.9484559518704486, 0.5371050721811349, 0.7000067925382057, 0.6133533791185684, 0.48256780983219, 0.5711983464751867, 0.6281109872828017, 0.5887130362009949, 0.5653562530003263, 0.799484545423986, 0.6765071837107258, 0.6410508967611288, -0.2728369519184016, -0.31814921494895615, 0.7422040672818618, 0.9163820585847217, 0.9224569190899145, 0.9086963799652528, 0.9411843457720123, 0.6509398066193562, 0.8387999110541489, 0.9084633179830183, 0.9075819780468691, 0.6911412052133773], [0.9912813421708018, 0.9900514424133541, 0.9966905946657569, 0.9929672250464863, 0.9974150144359409, 0.9780065354064931, 0.9993852589757102, 0.9996067749955571, 0.9996054974745041, 0.9478586719807146, 1.0, 0.9996402502824002, 0.9996152224958855, 0.9996236717887265, 0.9996324714969181, 0.9993549845104699, 0.9987691153182293, 0.9999502388499675, 0.9999508730829861, 0.9996224334556366, 0.9996331500192212, 0.9890489074389035, 0.9531292184942827, 0.9901365384905163, 0.9913907785230316, 0.9860667535196298, 0.9668263330488934, 0.8862228688463711, 0.9881879964554011, 0.9920381499182652, 0.9711524658477392, 0.8911810029571693, 0.9990956946713057, 0.9991683604579797, 0.9990868108227199, 0.9994326190634957, 0.9993574601682661, 0.9991062233126312, 0.9989584251760014, 0.9966146344083081, 0.9990626309018145, 0.9990595895683867, 0.9886351486447278, 0.9302902844677408, 0.5996167684106445, 0.9328164084619615, 0.9190866682366542, 0.7889135700183552, 0.8664623586142931, 0.8901861321775293, 0.8721463736580405, 0.8784611633976441, 0.8632578592326241, 0.9503616442883295, 0.9502772385204432, 0.9449703727009522, 0.9476269363889378, 0.9353459499914581, 0.9378128616873913, 0.9404138379104946, 0.9402046429171841, 0.8846714401232475, 0.8962423359463337, 0.8494468603336042, 0.8492247895851034, 0.7142882986935453, 0.9407352271785212, 0.9444703821454923, 0.9447842332228247, 0.9440751666684716, 0.8873038185977209, 0.5566015985232753, 0.4902452647107728, 0.6582792774168454, 0.7698658783629583, 0.6884800312917084, 0.7323240758440829, 0.7313546148319362, 0.47705828946660606, -0.3972298281844526, 0.9101400551155611, 0.921926698402025, 0.9097688258555977, 0.9467018630823789, 0.875303804922656, 0.916967896775774, 0.9155224849950396, 0.8365438050928624, 0.9220217595798779, 0.8454784232565002, 0.45042805225764904, 0.8964755986345151, 0.8949391578024684, -0.20952714375145473, 0.6403460813690743, 0.7382713201990428, 0.6303203266182661, 0.9671575443716621, 0.649420472679892, -0.13498097195584202, -0.06258730541709723, 0.621172301187216, 0.6264623096869492, 0.6687790605103833, 0.9685741235209243, 0.9686291797492668, -0.04848362352589958, 0.17116015554561936, 0.03361259964572789, 0.0009901083489576182, 0.02714195201652245, 0.04614350404572298, 0.013780611709927408, -0.031807615773571614, 0.34954119889104956, 0.09048921418708245, 0.04017603059962794, -0.5291922545552676, -0.557462077964428, 0.5974161444208212, 0.7328093417846252, 0.7556391722281086, 0.8215215649544566, 0.818907213467856, 0.4993802638793479, 0.7162668720036939, 0.753882643460367, 0.7525578390191879, 0.4006801068453544], [0.9951478021694417, 0.9876315340286419, 0.9908294870702848, 0.9956902426693838, 0.9982280247888005, 0.9890142400511797, 0.9980388775456454, 0.9999968424765212, 0.9999811372050293, 0.9652632558841847, 0.9996402502824002, 1.0, 0.999634299602518, 0.99999761650134, 0.9999839561184217, 0.9969494647822981, 0.9991822026822548, 0.999892893041806, 0.9998927713784451, 0.9999620945260176, 0.9999947917468859, 0.990742213771686, 0.9742159044253822, 0.9920307410144322, 0.9925931013672783, 0.981074934289489, 0.9724989070758081, 0.9379487140348699, 0.98975647600007, 0.9944647097626527, 0.9917430059867033, 0.9674474994513911, 0.9994639284982956, 0.9995159948247389, 0.9996461084844236, 0.9996696811474952, 0.9987496652416248, 0.9994211352450744, 0.9991266747003803, 0.9982050391228047, 0.9995357694195193, 0.9993944302901847, 0.9844249742758223, 0.9364190413785978, 0.732553510962824, 0.9374190085656364, 0.9193979154366989, 0.7848523008275269, 0.9599798016799648, 0.9355577005740883, 0.9605643126615885, 0.9535660755910322, 0.9491270582317884, 0.9804794413696577, 0.9769426649117805, 0.9313163379883898, 0.9452739813732136, 0.9585422303599391, 0.9626770832997111, 0.961022565470176, 0.935801939261448, 0.8709917665235016, 0.9339523222232476, 0.9451685609284158, 0.9239346984118514, 0.8532364158963831, 0.9541192804175929, 0.9176262343569969, 0.9530658407145163, 0.931805152990401, 0.6974446698046791, 0.8058518823933246, 0.7439071134121963, 0.8227332242665077, 0.8545774821700389, 0.8608161901705565, 0.8431000138872654, 0.8522939427998938, 0.2126841959493869, -0.5600613797310938, 0.9491569740993044, 0.9181934351286238, 0.9210900256226674, 0.9376770554592642, 0.9273810185762283, 0.9581608107944233, 0.9582439357578666, 0.9102565077298368, 0.9511855403565626, 0.7923087042918134, 0.5808595437112435, 0.9003895868348152, 0.9276121991462002, 0.1893042009359983, 0.9129400974423187, 0.9360323496769654, 0.797303913634441, 0.9670202208310897, 0.8357370663840947, 0.6400928105130691, 0.4220906373487308, 0.8449939217187165, 0.8329297311225727, 0.8326027386073278, 0.9750886620015046, 0.9753673159911509, 0.7119201190592985, 0.6639083321813769, 0.7880650809146889, 0.2813977041736101, 0.7607309444178958, 0.7901887916258405, 0.7871981003415476, 0.7853593674337306, 0.7064951169375393, 0.7164909080014232, 0.6933635873986868, -0.2609768067395289, -0.4045037117570506, 0.5978878910783724, 0.8831141767750706, 0.9295331755876994, 0.9390254610276123, 0.9109146804826157, 0.8111695686571889, 0.909413071481194, 0.9317532494635223, 0.9313811779161527, 0.7539401943280387], [0.9943248153192763, 0.9874208645816239, 0.9927876282507287, 0.9950806714050107, 0.997968443691193, 0.9900420877277248, 0.9990454028376966, 0.9996479855151049, 0.9998267763431713, 0.9641337008783937, 0.9996152224958855, 0.999634299602518, 1.0, 0.9996709155337786, 0.9996547623011112, 0.9990584724941309, 0.9986288218078939, 0.9994446608560963, 0.9994381606787135, 0.9996494405622921, 0.9996244707851648, 0.9926979434467538, 0.9758337205620768, 0.9954671419445377, 0.9953597672760116, 0.9808768808699541, 0.9753436685173406, 0.9405417757116188, 0.9889594982234765, 0.9924787151940002, 0.9908213352494085, 0.9650331398912041, 0.9987447944715102, 0.9990475723061687, 0.9992367663937107, 0.9999229529812644, 0.9986897097293389, 0.998999113525043, 0.9985563715977632, 0.9974338915459707, 0.998734716382054, 0.9986587343949797, 0.9883514511104545, 0.9364019666798971, 0.7287232140133254, 0.9375802384807087, 0.9193179555860178, 0.7841121730086573, 0.9561865356049082, 0.9284479829744208, 0.9570375147266775, 0.9502087642779807, 0.945234047137756, 0.9769497629649754, 0.9748792823258251, 0.9555627034111592, 0.9448873968188393, 0.958759950867391, 0.961693191385997, 0.9607594932772532, 0.9600565654091607, 0.8750646859832585, 0.9306260706045546, 0.9434049925020378, 0.943142895705252, 0.8510837793843937, 0.9542823735818418, 0.9300607030490193, 0.954949050202152, 0.9534789036811419, 0.7015302074488163, 0.8025038014975493, 0.7664935833456588, 0.8200497243607987, 0.856038377835434, 0.8597242495062789, 0.8510191987860406, 0.8512598150938501, 0.19624436578479007, -0.5547025182649157, 0.948001369114309, 0.9178184451831821, 0.9198092590699727, 0.9586371327250786, 0.9266003414855452, 0.9567050811223832, 0.9567425812798722, 0.9096037300023416, 0.9514750185261304, 0.7991864588968319, 0.5813578804600087, 0.9010203006853594, 0.9279765304641088, 0.1844295045270069, 0.9106405030786296, 0.9341159880106179, 0.7983923041020321, 0.9698218157599269, 0.8291845809330083, 0.6321947092652046, 0.41702485747267104, 0.8360896857348068, 0.8275917462668444, 0.8242486542370454, 0.9771215028600906, 0.977353476199735, 0.7025388915878751, 0.6582174153353221, 0.7667836754192017, 0.2810791986330603, 0.7506003556429257, 0.7787389439968649, 0.7553390894331768, 0.7741885518858621, 0.704006190936459, 0.7058732084506972, 0.6830115233620103, -0.2679350812247348, -0.40983129983534317, 0.5974181537198955, 0.8808950979128979, 0.931120730394202, 0.9345657854464693, 0.9101174469479372, 0.8031901521877663, 0.9029271233452943, 0.9247640551154688, 0.9250322060213664, 0.7483080334983316], [0.9950528683679594, 0.987475864792138, 0.9909886206126354, 0.9956111349007206, 0.9982091246156386, 0.9891054910600598, 0.9989673390063483, 0.999997731746147, 0.9999896244442574, 0.9649837054966465, 0.9996236717887265, 0.99999761650134, 0.9996709155337786, 1.0, 0.9999881657836174, 0.9985635393435224, 0.9991410438286119, 0.9998846375370533, 0.9998840733028954, 0.9999562915004577, 0.9999920520934994, 0.9908622343664027, 0.974383173070982, 0.9939268669860777, 0.9937900316666037, 0.9809741013196651, 0.9726970132207895, 0.9380986651065615, 0.9922472231564656, 0.9947963661225546, 0.9916191905880847, 0.9672071667052586, 0.9994392616335117, 0.999477244363785, 0.999622777279524, 0.9996868574379446, 0.9986974770974777, 0.9993862350438634, 0.9991577793551069, 0.9981357481605899, 0.9995071885918857, 0.9993698417945385, 0.9845822439913906, 0.9362572084375248, 0.7319777391488099, 0.9375330028418191, 0.9193321911311217, 0.7842193251680087, 0.9597936806442368, 0.9353343316591732, 0.9604114159032303, 0.953181957258941, 0.9487024470936097, 0.9803044965150397, 0.9767338507352603, 0.9313330489448665, 0.9451311499915743, 0.9583854314452394, 0.9625343224944448, 0.9608578377033293, 0.9351864389311904, 0.8709424971376485, 0.9334238257334061, 0.9447860448779626, 0.9237416824554675, 0.8528533813765272, 0.9541287614356719, 0.9177765160465273, 0.9530313331678163, 0.9318584559127029, 0.6976181223199199, 0.8052148519067087, 0.7436340607199974, 0.8221475226325907, 0.8543481949239524, 0.8604368849976998, 0.8428125151382841, 0.851995499787568, 0.21261926981398493, -0.5599426593471177, 0.9489243237462069, 0.9178851616070689, 0.9208478697318571, 0.9352388525522554, 0.9272639795372017, 0.9579464247519334, 0.9580262302827536, 0.9101048875417914, 0.9510039985912323, 0.7922491654003146, 0.5806260773268881, 0.9009628578208833, 0.927995394211646, 0.1886186441658732, 0.912707801546842, 0.9358406352778763, 0.7970046399291985, 0.9672103119635955, 0.8353880471157322, 0.6390204836013901, 0.4211415880163565, 0.8446026254911139, 0.8325808716264718, 0.8322600689478873, 0.9752278923045314, 0.9755023333127472, 0.710793435388532, 0.6628334891271872, 0.7875318898474211, 0.28078761806941194, 0.7600530871149612, 0.7894751223393802, 0.7868554130223726, 0.784589866488341, 0.705938809849612, 0.7151674404055575, 0.692044483473582, -0.2618383172512134, -0.40526422124205363, 0.5975954764940994, 0.8825352926289527, 0.9293124608385696, 0.938627726376355, 0.9105392100073068, 0.8104410456407889, 0.9091470615787529, 0.9313213166054449, 0.9310827851136028, 0.75342177660937], [0.9951980785798852, 0.9875832156994394, 0.9908917154995249, 0.9957329145737321, 0.9982758607328558, 0.9892005698324389, 0.9987289398687609, 0.9999809152604247, 0.9999967346042709, 0.9645253776260547, 0.9996324714969181, 0.9999839561184217, 0.9996547623011112, 0.9999881657836174, 1.0, 0.9985616137111489, 0.9991822162964461, 0.9998809900699924, 0.9998810277710503, 0.9999558429701756, 0.9999766897528616, 0.9907632846465584, 0.9743772497634535, 0.9923286034357951, 0.9923817787428504, 0.9810855303033381, 0.9723955130246541, 0.9380437702509796, 0.9922932713206962, 0.9943832994927151, 0.9914714406973282, 0.9671248910215723, 0.9994820390884607, 0.9994646313842812, 0.9996136536774731, 0.9996769628105028, 0.9987206811071205, 0.9993938807136439, 0.9991907477528085, 0.9981913930271095, 0.999541087477747, 0.9994181484440303, 0.9843411363816471, 0.9362421676534252, 0.732749085698813, 0.9375326649691977, 0.9197167948905857, 0.7845462202777251, 0.9604226052738494, 0.9364709851155655, 0.9611060187138761, 0.9534448178511569, 0.9489723018379982, 0.9808127223150083, 0.9769378234814504, 0.9321670606991465, 0.9456304060411718, 0.9588036750877156, 0.9627025286506602, 0.9612849046011621, 0.9365949126401235, 0.8711013829870052, 0.9329644759644762, 0.9451128663338914, 0.924518383835254, 0.8527555617331429, 0.9545552802043106, 0.9184487632538665, 0.9535906788529883, 0.932820184291488, 0.6973560099729519, 0.8048165949883958, 0.7446936285732596, 0.821603604828094, 0.8543267070268866, 0.8598884913820933, 0.8433252607013814, 0.8524147723425549, 0.21209731541635854, -0.5594382688717109, 0.948952608811479, 0.9181124053941678, 0.9210802255955455, 0.9385318897612875, 0.9278597063716407, 0.9580942227613479, 0.9582288644968837, 0.9104535417966464, 0.9513770920448377, 0.7921690557982836, 0.5792640326909392, 0.9005264431801, 0.927657709488664, 0.18727657592938685, 0.912208596173483, 0.9353203771260999, 0.7960874188354897, 0.9668091093542313, 0.8363846341929481, 0.6387557303327467, 0.42035578744424673, 0.8451462283334801, 0.8330116499923457, 0.8330257412744766, 0.9749863154903016, 0.975280629228643, 0.709474511553865, 0.6606691995700903, 0.7886532618107253, 0.2791107697040792, 0.7603387739112327, 0.7898920072175457, 0.7881234714790563, 0.7848368202020995, 0.7041307312553916, 0.7128773946846565, 0.689725380679212, -0.2609937790705242, -0.4044959692316443, 0.5974782635308687, 0.8817255504107664, 0.9299240627637236, 0.9391495706982165, 0.9098084240410146, 0.8106462690855165, 0.9102005095676823, 0.9319336776615454, 0.9318145430933613, 0.7533497431130722], [0.9963878177780578, 0.9928696405627891, 0.9914483474993908, 0.9969224304175445, 0.9985315795170518, 0.9920222308114582, 0.9980602893479795, 0.9962870133021056, 0.9989448498125559, 0.9662730732172584, 0.9993549845104699, 0.9969494647822981, 0.9990584724941309, 0.9985635393435224, 0.9985616137111489, 1.0, 0.99886113158643, 0.9989360975797811, 0.9989339314437283, 0.9987603336119065, 0.9984517101070397, 0.9921613562762341, 0.9770934366189534, 0.9829244362402495, 0.9895244334374629, 0.9875480615777549, 0.974378495344956, 0.9456932392133012, 0.9933996201023503, 0.9931831199489273, 0.9905569377971022, 0.9674630431952874, 0.9987815747195146, 0.9987382187325458, 0.9989622606668627, 0.9985802162221081, 0.9993563124118744, 0.9988701883874801, 0.9989060473014435, 0.9980135024762826, 0.9986568374941652, 0.9987322402046518, 0.9831332330370322, 0.9293783115746997, 0.7390184587335434, 0.9302365745232589, 0.9224559404350661, 0.8028767066621786, 0.9639469601423386, 0.940745541135877, 0.9652266492588092, 0.9537657921068294, 0.9479625450077475, 0.9815196989429552, 0.9766126404228115, 0.9450893895786037, 0.955168783045325, 0.9658275423375778, 0.9672000502882132, 0.9674257948980679, 0.9484297522089491, 0.8831781598887655, 0.9369142111571281, 0.9501695572446628, 0.9357165010608893, 0.863867458303505, 0.9608901557975945, 0.9322874906692037, 0.9612895874973415, 0.9457466028532691, 0.7153440738958234, 0.8127043333832566, 0.7626733712419423, 0.8307556374579103, 0.8670820083876234, 0.8671494923767