var element=document.getElementById("correlationAdjClose");if(element.style.display!='none'){var correlationAdjClose={"data":[{"type":"heatmap","z":[[1.0,0.9999918462357764,0.9854403523472249,0.9999270147147881,0.9991041102823446,0.9854014461183231,0.9978921021864603,0.9960621360356992,0.9692725989079555,0.9963876841703588,0.9945066503035488,0.9940556980566364,0.9961810692945767,0.9962082493562293,0.9961078339084125,0.9976380149681185,0.9978923218478921,0.9983923725738248,0.9967038994272902,0.9967140358539238,0.9967688054818487,0.996137526766811,0.9872606868529281,0.971304482514526,0.9898507320178127,0.9564456000610465,0.9888482815003922,0.9877928705478578,0.9678288047875754,0.9519704638335739,0.9929551850660212,0.9941192674846705,0.9923694049629246,0.9770967094919254,0.9977966138967417,0.9980257870487917,0.9975576346867401,0.9962355611569642,0.9958448832341038,0.9979136825002253,0.9987689591089248,0.9988248026739104,0.9977551972848793,0.9977641549429624,0.9767614617125422,0.914469166597775,0.9490062868914011,0.9223876386075196,0.9235732579513728,0.902729452658951,0.9634021386947262,0.9479936122102676,0.9650978201699996,0.9658203323901531,0.9556995547473107,0.9844454807801152,0.98157961773348,0.9904923356758519,0.9944902702154336,0.9867392477048321,0.9824986366440968,0.9882361663185225,0.9863952260797052,0.9887917179223065,0.9886102042171244,0.9648490572268027,0.9745187984248437,0.9757384591555945,0.9754001261161329,0.9529836037014258,0.9805400772425877,0.9777692287859518,0.9849798463523286,0.9842620527894475,0.9427369627235015,0.8870945543101658,0.8542056724658328,0.9032973654042661,0.9210803256421335,0.9182492419410341,0.9190011696752877,0.9176435123491754,0.6913281296763977,-0.5608231182463241,0.9809190346751879,0.9763327399109509,0.9729882720383431,0.9874560215164617,0.9748840061810643,0.9846569177143509,0.984642593543146,0.9499394448478344,0.9847781231347382,0.952961859770521,0.7671911020443551,0.9046461767079862,0.9278373891399038,0.7977094285875139,0.9504085203058036,0.9512039582786483,0.899629254624695,0.9649129703262044,0.8960665001990505,0.6049337523962243,0.7211804707697694,0.9028267330938766,0.8704909228413938,0.8938438271912624,0.9739662913778497,0.9740615489845039,0.782364835708222,0.7351526622332404,0.8251093162593095,0.4153472174884721,0.802406797578796,0.8293843757965912,0.8246327835545127,0.8159397908238055,0.7783652044360136,0.7509743197097168,0.7336684151606035,-0.2717122769341914,-0.4109247153019503,0.6613458813987003,0.8927938241987906,0.9357660859175119,0.943050058743037,0.9091905574141066,0.8263463793457142,0.9103716718626508,0.9291815836086851,0.9290644489627451,0.8632832537523414,-0.17209621090618388],[0.9999918462357764,1.0,0.9877053919178634,0.9998253815479816,0.9982191962310343,0.990046583096863,0.9945630256770522,0.9915785110391762,0.9844576666552424,0.9915944150707334,0.991601126638593,0.9933569812550596,0.9917351537062487,0.9915727878329205,0.9916603096100757,0.9938832409544179,0.9965313432208144,0.9962173956416359,0.9941333909892727,0.9941335341577193,0.9916538892800668,0.9916987393123087,0.9915368973151655,0.9730069938767884,0.9884180670436276,0.9814663938065286,0.9882996732552719,0.9877238652383776,0.9802311367220463,0.9318292237090856,0.9888663737527716,0.9864038433731281,0.9797809150275035,0.9303399435963445,0.995667287358961,0.9955597092136749,0.9957950802845377,0.9921742984663016,0.9952363694602152,0.9957908909266902,0.9970641893438277,0.9972405438467623,0.995779913882613,0.9957860207139456,0.9895119806074668,0.9141889219386664,0.885733371337517,0.9220274217849689,0.9234287245115794,0.9027187979511647,0.877075276672025,0.921897616393972,0.8798483717990531,0.9088241931292901,0.8766066085484219,0.9542945948142366,0.954252181121322,0.9677232298625924,0.9843642075510953,0.9817369249308185,0.9842385371780983,0.9798328754270825,0.979946699044729,0.9817330598847609,0.9817032252138895,0.9504543311532418,0.9606617614897186,0.9371478567058701,0.9370984268290019,0.8667582884239075,0.9782740943144463,0.9799017289908032,0.9800910408848215,0.9796984900095344,0.9508672179527901,0.7548877251312979,0.7105018272888743,0.822846037522158,0.8898833930465894,0.8402883242139344,0.8656478781276105,0.8642633636915189,0.7120561989061878,-0.2255812795662687,0.9691442357653347,0.9736818555774804,0.9690404624698853,0.9823666877413665,0.9669268630291574,0.9723576286211405,0.9717642447854159,0.9291863226105452,0.9743386746784808,0.9326259302095822,0.6785305661181474,0.9040556255659169,0.9017603912487077,0.4735625734631306,0.81960113048966,0.8245361071345382,0.734131231503001,0.9660668503275486,0.7080371378886777,-0.2868949061756824,0.2087797347146997,0.7345389968403389,0.6837741129936089,0.7264771825735047,0.967602788947466,0.9673037280898945,0.12090958185363408,0.29205888082638537,0.12697488243245483,0.09936921972220758,0.1207717549449751,0.13569922572715565,0.13268513387045894,0.05412518036792606,0.48858952529664135,0.2196101073682938,0.1688265602162586,-0.44162780157266734,-0.4855532320073919,0.6619842908203147,0.7503987600262266,0.7746134633645687,0.834977022406876,0.8199145168000511,0.5664198364892045,0.7502615878443327,0.7691356422001794,0.7678410708680834,0.41897287245250964,0.20268467912477514],[0.9854403523472249,0.9877053919178634,1.0,0.9868629160253962,0.9931039356089124,0.9914349111070396,0.9900145507880886,0.9906483151530406,0.990578047037118,0.9933783408052773,0.9973850298052479,0.9964595132702633,0.9905179864073229,0.9927736442286433,0.9907068300633685,0.9900855723124131,0.990824755330886,0.9902321444348129,0.9893570854751843,0.9893307557161851,0.9922408604475588,0.9905366188623139,0.9946097385922318,0.9834011637451453,0.9912676174034953,0.9803820493696355,0.991809139295352,0.9867068785852336,0.9857574143502642,0.95780838133665,0.9699271894966961,0.9740671220107099,0.9763672338560618,0.9525659194176834,0.9873028027804939,0.9903905442439978,0.9887644700462828,0.9923440376369705,0.9947256014547967,0.9911617590515036,0.985120806317129,0.9879346058523271,0.9876362308735732,0.9870113507272921,0.9919381207874131,0.9095871089387876,0.931682582832763,0.9365646542815743,0.916516790285594,0.856363654411659,0.9214420403238902,0.9028494893457165,0.9240353804198704,0.9265561231229393,0.9118659874473404,0.949605550300128,0.9579622180139918,0.9666588984730281,0.978067183308977,0.9384555192009666,0.9630893050842476,0.9618928902596363,0.9688436364702105,0.9621608802850203,0.9365128149021419,0.9197119355415903,0.9437441452020562,0.9339497711549298,0.9153262631486188,0.8903664103203147,0.9692325691114093,0.9473654096000136,0.9617532821579552,0.9406154786532266,0.819764989371495,0.8413544355191619,0.7601133001838121,0.8605210307748868,0.889913058321997,0.8911081288707847,0.8583016896403799,0.87264925122778,0.3889825747000578,-0.5515106119923561,0.9587665843769,0.9447256558924446,0.9444845818813014,0.938486727746167,0.9531465540266221,0.9614728878327529,0.9610176208077524,0.9317170626547099,0.9566654959776205,0.8734370352828448,0.7491898807697739,0.9496011797642926,0.9490002345406897,0.7727648393469335,0.9366128139311755,0.9383884035265415,0.8719808057290956,0.980094228006102,0.7763835394185159,0.5088908282522355,0.6633687675805938,0.7969655809875738,0.7967164984253942,0.778084971131823,0.982663739983711,0.9825751738054687,0.7095543263817446,0.6791619781096684,0.710991572582727,0.35943951961670834,0.7011499958020209,0.7133314255114621,0.7271264407689126,0.7116173058814917,0.7386541042335232,0.6833812766725165,0.6648349989261025,-0.3355637325983125,-0.47441600168096587,0.6252469143924173,0.8529093897398929,0.8829827755851501,0.8879966382437774,0.8803261363739278,0.7574658217771802,0.859797144760326,0.8719115409775272,0.8794630508291809,0.7340439000656822,-0.09405338755440795],[0.9999270147147881,0.9998253815479816,0.9868629160253962,1.0,0.9993557733156123,0.9865581146737642,0.9981472227085806,0.9965026919726261,0.9715677814945272,0.9968689205835698,0.9952241016172666,0.9950036643823825,0.9966034044129067,0.9967211337747416,0.9965477557457804,0.9979203580118201,0.998232967409162,0.9986613524923353,0.9970897603670841,0.9970975078456451,0.9971781462813677,0.9965646123392031,0.9884844156304523,0.9727467037084072,0.990840161304147,0.9591251977715888,0.9899465169501356,0.9893392817583304,0.9698773614990707,0.9532055117046176,0.9922754830355549,0.9936342826090855,0.9922962452514362,0.9766425228115007,0.9978889885823772,0.9982300755721946,0.9977951922947147,0.9967124013534203,0.9963200926355654,0.998149841729204,0.9986678648871259,0.9989088107351847,0.997842962924478,0.9978490731133455,0.9786360957986696,0.910413557312253,0.9467921221402829,0.9229631895184586,0.9220578959499821,0.8956573445473274,0.9604121776319702,0.9446359115569593,0.9620138483323636,0.9632536086078959,0.9528208376296754,0.9823135063950494,0.9800157764108105,0.9896193182016051,0.9943039702343435,0.9853009773114726,0.981415603955452,0.9869809264343341,0.985807690688367,0.9874567425059406,0.9872654300542523,0.9546114961062527,0.9732850648311554,0.9742393278649815,0.9738949920625575,0.9477409391008894,0.9801082813981941,0.9748967497971934,0.9835388698163839,0.982782756352931,0.9215611081609053,0.885554320332962,0.8503026679217492,0.9015703733660023,0.9182351767674649,0.9177532303918818,0.9165464552800582,0.915230440928249,0.5980430881341617,-0.5603625176905811,0.9800993843977189,0.9750976902694828,0.9715538473046891,0.9860177089200001,0.9741382175374692,0.9838927910409195,0.9838693698031564,0.9495475841019476,0.9833421937857024,0.9374268597573906,0.7713133141181222,0.9103235343819204,0.9319637857398094,0.7994606764193782,0.9517301089728719,0.9525550625127152,0.899113543720704,0.9661820488429443,0.8898397828727085,0.6011534469977949,0.7193387162668841,0.8972438729099345,0.8667589029808662,0.8879869908476609,0.9748198129656126,0.9749195051634169,0.7810907005485498,0.7353061213897945,0.8170655968728482,0.41720986484489714,0.7965306411006694,0.8210618869726218,0.8162365018473609,0.8104420128101084,0.7806638063080682,0.7507529721188736,0.7335315471434902,-0.2671185876706396,-0.41019954293780037,0.6604333615536006,0.8907319382219325,0.9337502296215797,0.9411055167897686,0.9077729696215209,0.8234092910081929,0.9082230955246955,0.9267672068785101,0.9268036528261099,0.855817475609513,-0.16487423779077642],[0.9991041102823446,0.9982191962310343,0.9931039356089124,0.9993557733156123,1.0,0.9894614939595242,0.9991071143089746,0.9985333703846596,0.9840211799053089,0.9985327028305008,0.9981208420162214,0.9981420936030861,0.9985638772407894,0.9985639775176636,0.9985656117352856,0.9990591932710751,0.9986844864135697,0.9993023807852025,0.9988926231604082,0.9988921350144334,0.9986253423951763,0.9985555828218244,0.9944332248929104,0.9803787905437469,0.994891343207704,0.9766490736804857,0.9948553018938374,0.9920355356467935,0.982813585636165,0.9565161310444614,0.9891818634082908,0.9918731940620621,0.9894368210024648,0.9683709034300457,0.9989536826900669,0.9990035235419875,0.999018666120056,0.9986433906183568,0.9986511566120226,0.9989911035560669,0.9989640883099818,0.9992026938098005,0.9989542628737164,0.9989536738474757,0.9883712959049895,0.9204982128492827,0.9459102441504976,0.9348078491373271,0.9264722698890416,0.891012796514651,0.9464655092879645,0.9381523699762143,0.9507289745619317,0.9563856175990433,0.9453136888782696,0.9793195848267744,0.9792528874387303,0.9894321558482018,0.9941420359938623,0.982121456057231,0.9761062733542496,0.982756767004337,0.9821138042728766,0.9831073285204959,0.9828976806535403,0.9556640360899928,0.9648654314034305,0.9596613767923471,0.9592484375230972,0.921744616986775,0.9775010209843635,0.9739187324200812,0.9797677748914496,0.9789631888615339,0.9403201393690094,0.865148344801911,0.8268003099338743,0.8866426917445253,0.9228390142191618,0.9070060385418932,0.9142629394963172,0.9131095708110588,0.7468599466563782,-0.5739261202490974,0.9740428159541827,0.9653043783464998,0.9625843533224505,0.983063206062631,0.9649480358599788,0.9775788148416262,0.977218172936177,0.9411856811455068,0.9791811260597097,0.944043401499191,0.7606406174387136,0.9257292386105576,0.9520542286506696,0.7614971835190937,0.9387353170701902,0.9402557414055001,0.8931483644934982,0.9712730203200045,0.8874069357477793,0.44217265250527094,0.6597916313483252,0.8929618336358354,0.8411252103539164,0.8881094775655983,0.97839592130644,0.9784572163440165,0.7449276504682908,0.7185142375933906,0.7487705051802128,0.39493568558077374,0.6985072828838167,0.7538171129816987,0.749172095376374,0.7121339729724545,0.7670708835189277,0.7354808942605315,0.7173784543158732,-0.47511105008997606,-0.5560060910855976,0.654558725457657,0.8849726161472662,0.9192917799162409,0.9348249886001454,0.9053796647206954,0.8037947126989408,0.8955300817954301,0.9130030684225724,0.9125903800630133,0.7920107049016227,0.04484387124016104],[0.9854014461183231,0.990046583096863,0.9914349111070396,0.9865581146737642,0.9894614939595242,1.0,0.9848188167544982,0.9856108010653961,0.9923329860903951,0.9850169807555171,0.9806431471950491,0.9795894692318448,0.9854883397985702,0.9860116333574019,0.9856807889767466,0.9852645699961339,0.9884940946427672,0.9865255599126174,0.9863867431090283,0.9863896134358375,0.9845201666783837,0.9855927988133927,0.9956226029677974,0.9932683562212922,0.9868289548966683,0.9863149134301861,0.987034296864645,0.9773444895263769,0.9879504439299938,0.9730653617667255,0.9639546246625151,0.9694246679879006,0.9778398958190209,0.9662386818451435,0.9845135623901529,0.9848704655816896,0.9856837268505985,0.9862652326511407,0.980378849539535,0.9852878464831956,0.9836290058462887,0.985384358567357,0.9846836608840925,0.9846966953115589,0.9958977963067053,0.8686437156825212,0.9246167239516038,0.9023193475062374,0.9148200542846866,0.876022069743054,0.9194523316696432,0.9091121697490736,0.9219773445634404,0.935508730951643,0.9178138290175606,0.9519900441854402,0.9570686928730431,0.9631236077308238,0.9728110370994676,0.9701504363933452,0.9856244394079474,0.9717071027315121,0.9835431815524507,0.9713008828410726,0.9707021799058907,0.975501901721495,0.9672896451165086,0.947030315443847,0.9464158469226309,0.9443221727570263,0.9819198215558665,0.9745118127083853,0.9714155546157944,0.9700046621401939,0.9616510455007676,0.8860271447161457,0.839722204366251,0.9040317919088968,0.913893877380684,0.9230746979425436,0.9041859096624486,0.9019359068551908,0.7206852188289304,-0.5121983077240655,0.9797449478783772,0.9804898439504695,0.976202575813118,0.970992112614161,0.9718388714439206,0.9786337585402548,0.9781818151646,0.966731168838801,0.9680207202594364,0.9656023302091595,0.7725800386242645,0.8836693502670707,0.9515731237347096,0.8074607601990954,0.940789299180833,0.941889298712604,0.8685810517161042,0.959441214486906,0.8381558857930367,0.5314854864482196,0.6865935511538406,0.8474142899469855,0.8212310158798329,0.836651388741989,0.9601896367935645,0.9600709425863958,0.7369607467234673,0.7122244131897773,0.754019856485141,0.4190887930182276,0.7440097001853331,0.7595221719213161,0.7533671316272275,0.7497652835681564,0.763043445873806,0.71383240577359,0.6991833468143046,-0.29519330507933905,-0.42521582964370697,0.6708305600955174,0.8611966770364415,0.8792951027635297,0.8920587819589928,0.8726395600137488,0.7853665955520343,0.8528880998878071,0.8711240167916776,0.8712672425650313,0.8129664891945915,-0.1307302867829746],[0.9978921021864603,0.9945630256770522,0.9900145507880886,0.9981472227085806,0.9991071143089746,0.9848188167544982,1.0,0.99746707882102,0.9574670000649489,0.9995962782868216,0.9995448262094538,0.999559024831338,0.9983748314324137,0.9994605415042777,0.9991594486067426,0.9998893484684668,0.996477553923923,0.9999030458486026,0.999359069280901,0.9993639137077035,0.999703890346985,0.9993077006113983,0.9907818278314482,0.9747752396432507,0.9855522388790617,0.9261370711236325,0.9933741947570333,0.9915212913682225,0.9736501042272362,0.950431781853715,0.991609382299572,0.9917836599760214,0.9933405747948284,0.974060218091528,0.9989783797992982,0.9998464811530031,0.9997054130355937,0.9994694448591002,0.9997498808145348,0.9998294672642271,0.9984633817574473,0.9997272480054952,0.9993694668715658,0.9990152578930214,0.9810414273863759,0.92826031307478,0.9495391899830751,0.9450849246505425,0.9349632050907326,0.8912630889907628,0.9568651408644135,0.9442730187551901,0.9591612710624032,0.9604875575328281,0.9511864501092502,0.9812871739354174,0.9804415594512625,0.9915257965762003,0.9963646754119508,0.9485888838891015,0.96420215410492,0.9736191232233239,0.9743296112337434,0.9751894380299752,0.9485822354155338,0.9057509380119796,0.9562638294464154,0.9615958062320488,0.9396847556397427,0.8960705072689832,0.9680227148685174,0.9407611951723706,0.968223606673493,0.9489429671760642,0.7810504058329388,0.8592521307173308,0.7810525370463097,0.8744078531210218,0.8924421764108951,0.8970986529685524,0.8755804056294819,0.8876514578903195,0.33921521719524617,-0.5938304938651252,0.9653400394129324,0.9516494175571075,0.9502123476708242,0.9501539764174662,0.9613638397626745,0.9716117988434757,0.9716789627761002,0.9310531039662849,0.9682650593968515,0.8511913768786736,0.7554986619278637,0.9263141521901224,0.9314743786671651,0.7880113973490404,0.9497568044502535,0.9507435201841595,0.8964052199978794,0.9706743512697381,0.8321515800731225,0.5931448078212714,0.7114638059971752,0.8552174582096362,0.8469909028524594,0.8366917960973146,0.9786070314836642,0.9787449327687765,0.7708835219959689,0.7158343888619937,0.782112664146217,0.38957074854671986,0.7748018998204479,0.79372948621786,0.7886488931875623,0.7914603092515264,0.7639237922104741,0.7411353131152608,0.7221591130852688,-0.2822938116761717,-0.4328048325886,0.6715529697090156,0.888537835606078,0.924170414461017,0.9408724575904885,0.9106882622809801,0.8237122775372799,0.9094792127213034,0.9292313690095283,0.9279933490561435,0.7753380869181402,-0.13131537496906823],[0.9960621360356992,0.9915785110391762,0.9906483151530406,0.9965026919726261,0.9985333703846596,0.9856108010653961,0.99746707882102,1.0,0.9683885533023749,0.9999997651662224,0.9999990530943806,0.9997312466368085,0.9999970454484706,0.9999923048311233,0.9999981618319107,0.99929191018656,0.991113409736025,0.9994279221451381,0.9999053174789531,0.9999049024721606,0.9999632616669383,0.9999987281224352,0.9911724432323737,0.9762812799599266,0.9926410124280775,0.9402657585186365,0.9938758898488023,0.9896146629990237,0.9758533618963168,0.9496931273408348,0.987904640969361,0.993804123092555,0.9918461463866765,0.9708692152978974,0.9994580792901911,0.9995518497761602,0.9996611171622526,0.9997327402953045,0.9991488494299272,0.999479349050681,0.9981597446850468,0.9987743142912885,0.9995293291250488,0.9993930147951033,0.9826772603294615,0.9280737576591865,0.946698857707154,0.9491794548407037,0.9331245972073597,0.8798912578225405,0.9551214529820945,0.9396404561641052,0.9570467613528933,0.9546081143349692,0.9450246902198531,0.9792417927276431,0.9774141867476178,0.990464863184885,0.996915749386839,0.9435968518289269,0.9599565125119746,0.9671797692109368,0.9712301067833126,0.9691407202603972,0.9468400835594745,0.8979406451861494,0.9514786877382722,0.9547799809946994,0.9342356037588315,0.8838081955340774,0.9652750325883415,0.9345574183461891,0.9627491704409487,0.9443004946887689,0.7681404815378955,0.8511367439114358,0.7765811706211289,0.8663796865861224,0.8852316965613329,0.8924865192925286,0.8711505164821137,0.8808174951274058,0.3214890620638802,-0.5982551749375756,0.96112944649197,0.9449170510102707,0.9440810959377851,0.9481749413552296,0.9567050551286237,0.96746838664649,0.9675195666641261,0.926151409238911,0.9614011513404351,0.8399169880953831,0.7523356883668124,0.940748730087495,0.9423662768201863,0.7842626339066185,0.9494796919053279,0.950624593009147,0.8938432881906336,0.9747064068333446,0.8351468305743944,0.5788238130540246,0.7026296654050399,0.8562426284478092,0.8438267856656309,0.8389079622532829,0.9811141454628041,0.981253508969152,0.7618045224082748,0.7080231418970383,0.7834489757927177,0.3768381128453344,0.7696282769469388,0.7891758975096214,0.7891104148649078,0.785850041619118,0.7575892844616822,0.7352712613432809,0.7157056187184945,-0.29813795484373684,-0.4476062345478308,0.6571449702287329,0.8808631975726513,0.921657441368549,0.9332677964399102,0.9048338538207578,0.8128600022111724,0.9030198688481802,0.9229292808406675,0.9219672939753341,0.7563075573395197,-0.11426455967309772],[0.9692725989079555,0.9844576666552424,0.990578047037118,0.9715677814945272,0.9840211799053089,0.9923329860903951,0.9574670000649489,0.9683885533023749,1.0,0.9834004780290456,0.9875633537534599,0.9896772380685847,0.9720776653929653,0.9804254205363214,0.9769955318730948,0.9747859719715244,0.949005162531518,0.9795978067180126,0.9777485256003009,0.9777175507117507,0.9818720669367923,0.976872639389672,0.9939929488225208,0.9924487440830988,0.9813413654048642,0.9883149482133441,0.984367193465867,0.9897586327938286,0.9902910973340198,0.9664327296844095,0.9281847443485574,0.9497833954656667,0.9654392722372706,0.9483706360369868,0.9714010004947249,0.9797305559489837,0.9764988818494333,0.9788638091591702,0.9877617600068062,0.9808378661723879,0.9672504758897215,0.9766613152000939,0.9722417375236289,0.9712073555665982,0.9989271620370782,0.8867123591390453,0.9152790962324964,0.9392517628204874,0.9289462912348995,0.8521000330141271,0.8847761680159016,0.8803944113882812,0.8885664026551857,0.9097934169948269,0.8913840074008891,0.9283878751585019,0.9437433354695867,0.9496465693700816,0.9621740699472939,0.8974199493729597,0.963963040468369,0.9406545087629848,0.9621923006247207,0.9406925639656838,0.8953646007379962,0.907794375369383,0.936546878561585,0.9086359621480615,0.8714843607831116,0.8716262567080459,0.9636159980049397,0.9138556428279335,0.9391670853866723,0.9003807091962271,0.8052665724462488,0.8332697553044391,0.7148470192977523,0.8545754277102385,0.8700515431300325,0.8837367405108572,0.8317717238653327,0.8503571136562137,0.3651787860695947,-0.5373909103836905,0.9525707829736852,0.946903704306443,0.9432385970991921,0.8963731670553047,0.9422138042849264,0.9507052685331341,0.9500487610474633,0.9336567945485206,0.9348501378210066,0.8585161564081033,0.755485574548383,0.9321907082193724,0.9578093201892143,0.7810445141785448,0.9297558667974205,0.9315009464243513,0.8497281955443573,0.9677279044539469,0.7431192103310625,0.4724082323011625,0.6446941139941258,0.7747837092740656,0.7739586373184904,0.7528843288691831,0.9671630945453277,0.9669997646721681,0.6906958370036562,0.6684470234411014,0.6766229290229807,0.36688540402018066,0.6833323072503352,0.6919938114254979,0.67711289573483,0.6903394408656425,0.731694483743567,0.6782233266951563,0.6609444722373383,-0.34250046608153206,-0.4777402037809537,0.6701818046576288,0.8384443201401969,0.8363528689222924,0.8632299120348589,0.8601651118467469,0.7508027472889741,0.8156273299157609,0.8420677721473802,0.8362042768834284,0.7066029380155566,-0.053783642289578666],[0.9963876841703588,0.9915944150707334,0.9933783408052773,0.9968689205835698,0.9985327028305008,0.9850169807555171,0.9995962782868216,0.9999997651662224,0.9834004780290456,1.0,0.9999990832115865,0.9997373007059764,0.9999984808307085,0.9999910187838679,0.999997592187098,0.999661402735072,0.9977800325998006,0.999422114487911,0.9998769349828859,0.9998769074813071,0.9999761003399404,0.9999992534075476,0.993751630405639,0.9777725608339367,0.9959558314575307,0.9735712400246584,0.9960429451388165,0.9895894103545314,0.9801660851517697,0.9508799618925388,0.9893077273252826,0.9935041708206915,0.9892418226203465,0.9672165617120857,0.9994752918920161,0.9995429629444007,0.999554581309792,0.999822899273451,0.9991639238107421,0.999487689532734,0.9983564542196901,0.9988139249359523,0.9994786240478228,0.999473467178461,0.986967214743271,0.928073914931326,0.9467416555751343,0.9489839523063232,0.932898485910343,0.8800404567107601,0.9444182229976916,0.9326357065231009,0.9480824673432231,0.9525880453144656,0.9428661908557767,0.9777279600371956,0.9774512417678406,0.9909667142686743,0.9966915646829202,0.9722077933254529,0.9598699713244991,0.9729143963417877,0.9711785420927335,0.973354955089268,0.9731040533157356,0.943634689947312,0.9513892634896325,0.9500862756694267,0.9497309198590437,0.9103890715103992,0.9651926804154585,0.9643772553270257,0.9700714883208814,0.9690799595939971,0.9271709936399228,0.8511881863397794,0.8069840883837076,0.8661325585937784,0.9058488209719832,0.8924305933020943,0.8986140576011948,0.897709900626193,0.6990411259128613,-0.608785357579291,0.9610701924693477,0.944918850760118,0.9440936902773206,0.9733834156741347,0.9520181964944421,0.9670577415495754,0.9666793124669665,0.9267761754774069,0.9688966191867748,0.9299506006939203,0.7523449175972418,0.9404239519061028,0.9545814864524523,0.7663565073042824,0.9426306145534336,0.9439477463536194,0.8939216828003309,0.9738311048324767,0.8951452422424987,0.4795924135301858,0.6774080395779457,0.9006777231008504,0.8493783417556064,0.896011387461389,0.9810721022804378,0.9812427610688357,0.7618764768381223,0.7077719345739969,0.7650065864280691,0.3769619253607368,0.7161880111412606,0.7700620382642043,0.7654066313309518,0.7312813309205256,0.7573518340991721,0.7352606336919524,0.7156711691061375,-0.5207834597524633,-0.6023698472466321,0.6574262688144052,0.8810644926457656,0.9212603936237654,0.9366870108506833,0.9050764189553396,0.8092262736775956,0.896612137638126,0.9147082852338959,0.9141480119334785,0.803797192965214,0.11174234594408226],[0.9945066503035488,0.991601126638593,0.9973850298052479,0.9952241016172666,0.9981208420162214,0.9806431471950491,0.9995448262094538,0.9999990530943806,0.9875633537534599,0.9999990832115865,1.0,0.9997373131875107,0.9999961253459034,0.9999944478430899,0.9999980395154023,0.9996408560907384,0.9973757888134662,0.9991293473221011,0.9997686415230035,0.9997685313144431,0.9999981870785091,0.9999981299130016,0.9927387002846342,0.9723334988906763,0.9949305241455382,0.9812990435094635,0.9955469122168418,0.9896051659021475,0.9819249065116732,0.9416495423403228,0.9879411228835818,0.9926735139197362,0.9822926418330113,0.9395473903126094,0.9992209086108178,0.9992801355093633,0.9992141724551548,0.9998866634795083,0.9991452425062323,0.9992238837969079,0.9977268947403277,0.9983614426049416,0.9991903100578439,0.9991875446917351,0.9888881637908665,0.9277607264467966,0.9092159359695859,0.9489114961183469,0.9327712031276935,0.8796797638880368,0.9093482360851968,0.8973665464386438,0.9142247933121327,0.922794855871066,0.9075615899069032,0.9687223995026648,0.9686904806131899,0.9900651983512306,0.9950370958617405,0.9644539237560366,0.9599673478513278,0.9609839470088566,0.9610582217420643,0.9627811923414689,0.9625429162500071,0.9189334345483727,0.9407623898945543,0.9170510394453539,0.9165668104019454,0.8378545555065757,0.9624802109609903,0.968742168851785,0.9648201357626548,0.9637317604482428,0.9176997706607948,0.7726926413810491,0.7299228126327632,0.8219366836924127,0.8806551658373225,0.8455849458049423,0.8630431565092673,0.8615075230547025,0.6920674848805426,-0.4327372047137905,0.9471179897623804,0.9450234868259043,0.9441627951210002,0.9657930051707121,0.9380963836846287,0.9503509320654743,0.9496926524091132,0.8954531749286236,0.9535276920081566,0.9012566219188445,0.752491352274016,0.9407859433527717,0.9575189969431444,0.639815176891641,0.8966836588141249,0.8996705597662746,0.8485742691327909,0.9842487287409162,0.8366546890207186,0.1442079089066457,0.5231697799360998,0.8486373103520796,0.8130353882448526,0.8425203011774055,0.9849833996280509,0.9848911361112634,0.5027027122311699,0.6128501280638319,0.5099901955782108,0.37686378410678106,0.474495868670219,0.5224055942490569,0.5118509204718237,0.44837056043424106,0.7444981979431244,0.5887623983257713,0.548476342713223,-0.4855973830130043,-0.5402856966098838,0.6568062435403762,0.8594794156391892,0.872336865103144,0.9022698556120711,0.8985371046197969,0.6587456880627388,0.8374159020241181,0.8643227892414044,0.863516355587945,0.606110224919176,0.05282804773126092],[0.9940556980566364,0.9933569812550596,0.9964595132702633,0.9950036643823825,0.9981420936030861,0.9795894692318448,0.999559024831338,0.9997312466368085,0.9896772380685847,0.9997373007059764,0.9997373131875107,1.0,0.9997512410086152,0.9997350969816047,0.9997419158405045,0.999643760753695,0.998014550612062,0.9993309700228421,0.9999600216412623,0.999959883591987,0.9997410000265329,0.9997473911752687,0.9920188832248314,0.9678184116361027,0.9934982414997429,0.9814334800928257,0.9943473417017092,0.9924741528980867,0.9772355068013752,0.9195816853882938,0.9905666017315112,0.9936600551902859,0.9772972368056807,0.9176689710250391,0.9993461060709183,0.9993988281888236,0.9993550779910226,0.999541705733621,0.9995688939242042,0.999374520293282,0.9975521603181468,0.9983687097748467,0.9993312195790065,0.999328080147724,0.9899162627285661,0.9228484513704168,0.8933035544741118,0.9458085386966527,0.9321641907836807,0.8797572763971199,0.8695972435491991,0.9101036935032178,0.8737014646992487,0.895050456174341,0.8675215084045875,0.9549663189377142,0.9549374937884878,0.9801843625827426,0.9942078436520426,0.9632445239931239,0.9645684543840409,0.9567651789762777,0.9587747985365148,0.9599699401092447,0.9598671504964803,0.9191995189232263,0.9322044742701182,0.9028487679396545,0.9027529243823001,0.8194360694075279,0.9607764464561686,0.9632603986882893,0.9633649662528629,0.9628329157018737,0.9237747593263765,0.7093176025851451,0.66133879704835,0.7790467325036775,0.8534404984510657,0.8009384066748856,0.8279723973382623,0.82695582018666,0.6607844319780878,-0.34113897357720524,0.9411975225113938,0.9481407814937735,0.9411517336530392,0.9643038742181376,0.9384708338684262,0.9454620847354364,0.9446436531239042,0.8923896163476929,0.9484537290110582,0.8970677138796396,0.6949811024418088,0.9379173193782674,0.9321269913835205,0.4867933936252303,0.831294888435306,0.8364985357210414,0.7337035366927602,0.9771272016562339,0.7103720366302871,-0.22851239459707307,0.2494215630456286,0.733925075082704,0.6889473618872743,0.7270105613361101,0.9783096316516289,0.9782352057457331,0.16857766392962434,0.3255090633130389,0.1731600565873495,0.14543258748558502,0.16538197233021282,0.18247027965123622,0.18011938543842576,0.09656798536190715,0.5182903069719799,0.24979609339185235,0.19706721036783612,-0.5071340205340674,-0.5501415654660058,0.6577767016200916,0.7504162896060499,0.7745644692759196,0.837228755087381,0.8246084185458635,0.5551520138993519,0.7478779561171189,0.7693422272517922,0.7681415557713053,0.4195466641953692,0.24587785322517086],[0.9961810692945767,0.9917351537062487,0.9905179864073229,0.9966034044129067,0.9985638772407894,0.9854883397985702,0.9983748314324137,0.9999970454484706,0.9720776653929653,0.9999984808307085,0.9999961253459034,0.9997512410086152,1.0,0.9999907922863839,0.9999976731156297,0.9993427787273398,0.9928447401471346,0.9994699139863648,0.9999145721216018,0.9999143701443137,0.9999704175910304,0.9999989408244582,0.9910659482545162,0.9761121390587852,0.993303151936519,0.9452026563824496,0.9938297286995184,0.989742533956954,0.9756637472630308,0.949661438453594,0.9888104793947614,0.9938811928797144,0.991937084446422,0.9710185424150484,0.9995008444442529,0.9995926355661092,0.9996924112226285,0.9997331470131693,0.999215553780431,0.9995219050563218,0.9982485651594682,0.9988449223117438,0.9995725344726043,0.9994366531735112,0.982452728515061,0.9283712728211703,0.9468914099945289,0.9491371866834186,0.9333096448460885,0.8806307398928539,0.955478641201742,0.940049071415074,0.9574090599317371,0.9549728585454975,0.9454368898630708,0.9794996648194771,0.9776124569979638,0.9906092786329971,0.9969922655013402,0.9438886671740144,0.9600606166732764,0.9674312874379178,0.9713329338129711,0.9693894537316878,0.9470841898120675,0.8980202821967357,0.9516974415882153,0.9551601742112912,0.934647939806363,0.8841341726727726,0.9653294418462101,0.9347449942944014,0.9629448920001825,0.944572503555538,0.7681561294482919,0.8515230283735058,0.7770910479412361,0.8667445672022526,0.885513041436982,0.8926816898014271,0.8715190543015938,0.8811899857684635,0.3217101522765515,-0.5982486183211297,0.9612880688153098,0.9451705572146147,0.944302656552598,0.9484079605576795,0.9568771581168594,0.9676416925858943,0.967695337948617,0.9262495205466883,0.9616725696998458,0.8400424115102912,0.7524535267030859,0.9400974407696877,0.9418556467208824,0.784381397481674,0.9495066812442083,0.9506426749710877,0.8941859480993206,0.9745560711627281,0.8356239542006183,0.5798935772075159,0.7032958815724027,0.856710065209425,0.8443593407639747,0.8393813905008346,0.9810452036904206,0.9811853178349554,0.7624339719529862,0.708572165536268,0.7840501990491612,0.3775523351826484,0.7703060802074955,0.7898654424143763,0.7897228868409681,0.7865609002092598,0.757953184866928,0.7357253203444691,0.7161800760692986,-0.29717950881254274,-0.4467510463302591,0.6576357676667993,0.8813877761714523,0.9221157483282577,0.9338011183603793,0.9053104463340623,0.813430410638841,0.9035990416700831,0.9235016115518813,0.9225281057932634,0.7569912560747143,-0.11529562098047835],[0.9962082493562293,0.9915727878329205,0.9927736442286433,0.9967211337747416,0.9985639775176636,0.9860116333574019,0.9994605415042777,0.9999923048311233,0.9804254205363214,0.9999910187838679,0.9999944478430899,0.9997350969816047,0.9999907922863839,1.0,0.999994764685084,0.9995385916687601,0.9977021499935427,0.9994243631704454,0.9998987928985086,0.9998977455132332,0.9999513976538883,0.9999909461786021,0.9930514902951858,0.976532029675132,0.9956619661501511,0.967572926251937,0.9954344666279351,0.9895152146024683,0.9759775970624437,0.9497387585999334,0.9889679798918525,0.9938490325813343,0.9911512241134558,0.9704378784326214,0.9994718828117707,0.9995435497196624,0.9996075811173987,0.9998817759187464,0.9991733074249817,0.9994684479674496,0.9980831083947573,0.9987605376005873,0.9994891881521942,0.9994818854836227,0.9849599371883775,0.9281251797488611,0.9466255269349515,0.9486500257051289,0.9324771928029785,0.8796645090914975,0.9493792689710572,0.9318585718292086,0.9515850545828811,0.9542536378215832,0.9446726973582756,0.9777120409431322,0.97725170781118,0.9898186933259407,0.9969934884417305,0.9723141707089095,0.9595716362148947,0.9728716739446183,0.9711342225944258,0.9738534810003423,0.9735757228038788,0.9520776663045466,0.9509782536156148,0.9541219076029025,0.9537463558294248,0.9262181679307537,0.9651672676062447,0.9671235600292973,0.9716012267129509,0.9704652525744272,0.9362672030863316,0.8505650001967567,0.8136123957328207,0.8655928215157652,0.8966761692479657,0.8920433605252912,0.8928705746643194,0.8916396877812588,0.6757941855612642,-0.5987813977836604,0.9610243924063333,0.9446604307159044,0.9437051983682213,0.9734868546780041,0.9566998193929559,0.9673872251340777,0.9674813741892507,0.9261428458923866,0.9678969141038813,0.9379291672420733,0.7516158409967783,0.9399344968295366,0.9475790541997017,0.7829028784300883,0.9492353111170883,0.9503065047986524,0.8938111909979359,0.9748757055914211,0.8839653611831042,0.5796141781259936,0.7020512019433162,0.8914605256019342,0.8566762925344109,0.8820567853841185,0.9813049015106243,0.9814887910515834,0.7608220754963791,0.7068399229630393,0.8001281213113908,0.376189769862338,0.774393690280628,0.8047227279139231,0.7992610176355692,0.7849962657027502,0.7571357430152282,0.733809210983552,0.7142371844552509,-0.3889304574713418,-0.5097469523398718,0.6566275997485967,0.8811312655221666,0.9187264845992656,0.929214636319595,0.9055372953096397,0.8120776153274223,0.8903040994509835,0.9116201289617748,0.9112032210111196,0.8416098861301413,-0.082801010791859],[0.9961078339084125,0.9916603096100757,0.9907068300633685,0.9965477557457804,0.9985656117352856,0.9856807889767466,0.9991594486067426,0.9999981618319107,0.9769955318730948,0.999997592187098,0.9999980395154023,0.9997419158405045,0.9999976731156297,0.999994764685084,1.0,0.9994357124794594,0.9969456520508794,0.9994445752956155,0.9999083766305189,0.999907657348399,0.9999644167088422,0.9999975187281646,0.9912169894347734,0.9763458048117347,0.9950192419818586,0.9590018999169447,0.9948224106307169,0.9896945726441413,0.9759079195059785,0.9498664649969012,0.9912695044910652,0.9941517018639503,0.9917927716996168,0.9707745831572996,0.9994702351306625,0.9995534971161111,0.9996686838226259,0.9997487265574766,0.9991789500232441,0.9994769186407985,0.9981856102212061,0.9987913606253928,0.9995397001096281,0.9994061926738378,0.9826760743590752,0.928153500769191,0.9467173694061372,0.9491750406953845,0.9332424790344708,0.8802076025192266,0.9552036209495048,0.9397787006285566,0.9571615285604567,0.9545568017611654,0.9449408986015945,0.9792690174750613,0.9773580915351988,0.9904347945076343,0.996879711944269,0.9439005624301305,0.9600450985540566,0.9673510214426734,0.9713075785868813,0.9692973269116245,0.946645535741806,0.8981616688220111,0.9513791186611187,0.9548453176498746,0.9344542484433528,0.8839432739723148,0.9654231889252073,0.934913379453373,0.9629578687905209,0.9446192339951989,0.7684967148760521,0.851123306624258,0.7768493995533989,0.86640988195245,0.8854053066322966,0.8924879650524442,0.8713061743720732,0.8809898004180169,0.3218499630187085,-0.5979525829549568,0.9612120635331612,0.9450687816972022,0.9442139484725267,0.9468424097589875,0.9568830373263868,0.9675485912699642,0.9675965227503683,0.9263428245818938,0.9615732169251365,0.8401911322540988,0.7523703076623851,0.9404362112970402,0.9422615508812928,0.784255648785416,0.9494024408875356,0.9505517503740393,0.8936598202728212,0.9747243165855242,0.8351814224383887,0.5786536337396275,0.7025167606898518,0.8562546309745499,0.8439555489601113,0.8389392208672958,0.9811556099580497,0.9812915347149347,0.7614084320500301,0.7076723682562726,0.7834310599361428,0.377106318620603,0.7696071049703582,0.7890968674270601,0.789270046300699,0.7857507112340409,0.7575052115457591,0.7345159994148375,0.7149851515826889,-0.2979472184275069,-0.4474110759740163,0.6574003131711472,0.8807700883318798,0.9217840143759929,0.9333122549151045,0.9048752471901172,0.8126552340357938,0.9032274456144905,0.9229685139748088,0.9221240893483355,0.756406060082583,-0.11454293086932878],[0.9976380149681185,0.9938832409544179,0.9900855723124131,0.9979203580118201,0.9990591932710751,0.9852645699961339,0.9998893484684668,0.99929191018656,0.9747859719715244,0.999661402735072,0.9996408560907384,0.999643760753695,0.9993427787273398,0.9995385916687601,0.9994357124794594,1.0,0.9983397744391986,0.9998417393743897,0.9995287460240765,0.9995338153371817,0.9997568256364303,0.9995137162802441,0.9908067741287756,0.9752125353238261,0.9935948513127907,0.9509858697911447,0.9932309603423527,0.9914335754946095,0.9739121745896072,0.9503712990020408,0.9917638136712345,0.9925506994739095,0.9927127715808903,0.9729775355689795,0.9992581694871904,0.9997290901086548,0.9997072004366747,0.9995502995035693,0.9995712554493236,0.999682740459234,0.9988132319385774,0.9995647592809361,0.9994985857627416,0.9992519013516465,0.9811430103290347,0.9268376271915661,0.9490016124548607,0.9448709501682111,0.933281904359326,0.8875759805389697,0.9574198258596676,0.9445616096197598,0.9596724259407892,0.9589717222437413,0.9494779786845889,0.9813995387250163,0.9795873952726947,0.9914645326280248,0.9963941932583004,0.9487627482829544,0.9636074600641462,0.9727098416648745,0.9738733232295755,0.9743771662587012,0.9496817309235381,0.9043894082985623,0.9547821534310036,0.9605238680600464,0.9397687335599971,0.8932093767075934,0.9678487424438934,0.9402459148653589,0.9676550443194849,0.9493076053679648,0.7777920719697603,0.8570564175451627,0.7816115771177361,0.872034080489564,0.8908621755343863,0.8954495094822905,0.875337917462082,0.886676341231582,0.3340630765368553,-0.5946747943785987,0.9645515972795086,0.9502161167388427,0.9490717731701412,0.9512995530922399,0.9610324661084716,0.9708991435768765,0.9709929605821348,0.9307235524718593,0.9672158856265245,0.8487032457057488,0.7539415488711285,0.9299112427306196,0.9336976121784921,0.7867064336454244,0.9494434524188341,0.9503788189670576,0.8940337865862963,0.9710331492591767,0.8345175226592743,0.5891017854843693,0.708027716561152,0.8563523579954817,