var element=document.getElementById("correlationClose");if(element.style.display!='none'){var correlationClose={"data":[{"type":"heatmap","z":[[1.0,0.9999901994169275,0.7011645854846179,0.9997532908485034,0.9982043599980619,1.0,0.992996728659614,0.9898697630718857,0.9898697630718857,0.993503159515737,0.9781957800636012,0.9877288618631466,0.9930285509097428,0.9933760977255158,0.9930718445103883,0.7159635476394489,0.6257705134162489,0.23871037695897593,0.9937790248022783,0.9937723903341205,0.9858919964139509,0.9930173986735705,0.3691420205294796,0.7677245363390599,0.9835931509022634,0.9835931509022634,0.9835745751638454,0.9781002014482882,0.29597245539608547,-0.1486601835259107,0.989244504566983,0.9892038143423634,0.24329333792427718,-0.22920188849297063,0.9949619240489196,0.9953234355493332,0.8623786497380292,-0.3457823413564821,0.9910210977246113,0.9953656897142245,0.6945471441692675,0.21911168498178932,0.9950788307697133,0.9950753798787597,0.9950788307697133,0.9075378644584986,0.6577924307105179,0.9293984008087179,0.9326100823726051,0.853465343829438,0.38146925736408216,-0.18739724857927215,0.22593015851501896,0.9523452721885731,0.365471041048674,0.9755429051672596,0.9723375658566389,0.9816216867696331,0.9894626424915945,0.9375473023368739,0.9469201080767498,0.9496210630033939,0.9382897306232492,0.9469420010243006,0.9475297138908206,0.9469420010243006,0.8991244534140005,0.9283994088632882,0.9292324185226095,0.9283994088632882,0.9327383792162495,0.8108895756529153,0.9061673087327794,0.907278120050363,0.9061673087327794,0.7364433288021737,0.42632862604680594,0.7263891185496296,-0.5269804115204341,0.6322298214823967,0.6446876121686365,0.6448488441142713,0.6446876121686365,-0.07976203361293692,0.9207076576687259,0.9499709868381234,0.9360928778440527,0.9388591188097444,0.23811509870408967,0.9154297611248151,0.9159479896070618,0.9154297611248151,0.9191406779684029,0.9191406779684029,-0.09259544432213487,0.6036642447973293,0.14009155555974875,-0.710312382406555,-0.6007901788773798,-0.60479241836453,-0.15760568984710022,0.1534723440605945,0.19236071341295627,-0.027864751526591295,-0.5889464773827239,-0.03967451540321716,-0.7977898566259753,-0.3090454216286518,0.17572926557120822,0.17710187980516195,-0.5817043489556584,-0.5710663864321904,-0.29653611404069596,-0.5243359394518357,-0.8119151370093668,-0.4227597651277816,-0.4153274755682702,-0.4227597651277816,-0.24814105654100677,-0.3692269282176183,-0.3692269282176183,-0.8000870097806787,-0.8000870097806787,0.4545549302743182,0.6313821460315744,0.8499807922032258,0.8415841805010285,0.7556400958795771,-0.34846651270464635,0.7469448332458339,0.7730795470838083,0.7732738081203008,0.7730795470838083,-0.16329497888808556],[0.9999901994169275,1.0,0.9831570863472475,0.9995470315386643,0.9962209872512449,0.9999901994169275,0.9858838401769052,0.981100953040047,0.981100953040047,0.9857920817967917,0.97485930572087,0.9866698581409744,0.9859130874699774,0.9858720522223762,0.9857724172377528,0.03159392704477344,-0.061435767381240666,-0.4680254590296265,0.9888730031512557,0.988871475967718,0.9859528060386199,0.9859571650502745,-0.19790129908509005,0.9815118444348794,0.9816450234354052,0.9816450234354052,0.981669346499341,0.9781810671343572,0.06306157360596092,0.08716531303962556,0.9831843964178066,0.9832125207168084,0.7169005935514378,0.03664266830653631,0.9911326286594427,0.9911458211505725,0.9916585574045428,0.9868394574746507,0.9902228352167038,0.9911728986396283,-0.01730889039409135,-0.4723213617462088,0.9917043955361069,0.991703841988532,0.9917043955361069,0.90727597568123,0.5078308454119681,0.9293382837649257,0.9323839551593506,0.8530174958276616,-0.233214957589233,-0.4708460722322362,0.8556149836987317,0.8977921747030252,-0.2599180762558329,0.9441494143722441,0.9442784026874325,0.9644308171727779,0.9787904429871797,0.9578055206187375,0.9628098873568915,0.9492986978919262,0.9510721258298538,0.9521882892465982,0.9525278271261428,0.9521882892465982,0.8787874673811801,0.8548252962729455,0.856016453309268,0.8548252962729455,0.9597011289315128,0.9623304843953635,0.9596281940298496,0.9602960390525112,0.9596281940298496,0.6854125653632983,0.6421184734203172,0.7183216568762194,0.7777847592756619,0.6970451305216209,0.7178724845518742,0.7189040395696727,0.7178724845518742,-0.10068168667248975,0.9282655067330771,0.9465519433610399,0.9405077777004096,0.96217241855137,-0.325426710414672,0.925222971689534,0.9253559400255589,0.925222971689534,0.9308044789318233,0.9308044789318233,-0.17601698449637468,0.6044020586642755,-0.37258946063080034,-0.7991348095157801,-0.46600046899836406,-0.47004748636549165,-0.3977668281318662,0.291915552140408,-0.26939703015524175,-0.5144331442445249,-0.7536611136237863,-0.3694095154191958,-0.47181777053325225,-0.43451867937484134,0.14459008071754953,0.1422435038011076,-0.4906807733788234,-0.4594816882985182,-0.4877871466124317,-0.5195997718525811,-0.511392050180829,-0.49020950236884414,-0.49359742343984864,-0.49020950236884414,-0.3829334244683975,-0.5509811415675855,-0.5509811415675855,-0.5155707791430337,-0.5155707791430337,0.452474094526202,0.37091509328046024,0.5062207757996595,0.6249177295653833,0.528902137147308,-0.445020029382922,0.39491658713479044,0.3153783191539764,0.3155801997397506,0.3153783191539764,0.20291680250130106],[0.7011645854846179,0.9831570863472475,1.0,0.698630794012646,0.6421287731263413,0.7011645854846179,0.6799113556315998,0.6731962779956483,0.6731962779956483,0.6338820314790652,0.6027674517208447,0.9947292788601856,0.6799226283012931,0.676479270920878,0.6800443195130504,0.37796549785115274,0.3333020016762759,-0.23246305179893625,0.6461494311531485,0.645415738037612,0.6158503224937498,0.6789860870744802,0.15365492670271663,0.8140853393460856,0.6625406394650788,0.6625406394650788,0.6623186000999689,0.9892402714367098,0.27073259467286626,0.08235553170470561,0.6364152978870521,0.6360540915597376,0.6108108199895173,-0.06509307300325448,0.6753560698623405,0.6271531719219285,0.638391945719761,0.2832834338332067,0.9932958725760207,0.6240963169982977,0.36156252059824345,-0.24209910657296488,0.6923078742170956,0.6733423678045298,0.6923078742170956,0.9047607447850604,0.4233049711479964,0.9424936079318906,0.92392183237711,0.7660921653138764,0.23378560007510651,-0.07982855110711595,0.05493668974139712,0.5762253956539994,-0.08127330722508203,0.6207400564592273,0.5982911741339627,0.6158379795974653,0.5799066317525021,0.03169055899548541,0.8236085728337077,0.7597736246382976,0.6879623743389472,0.7652670475476027,0.7817436172380289,0.7652670475476027,0.5921172772823959,0.6847660567125833,0.7259395853944979,0.6847660567125833,0.7369603464660435,0.6981496856831289,0.7503170649990288,0.7872814455363781,0.7503170649990288,0.48949425748495035,-0.0830442942484958,0.5053554463728285,0.08765867800797694,0.47326978083948934,0.268869762224331,0.5290123303721513,0.268869762224331,-0.12875442589866065,0.6672865674805236,0.8991540738408618,0.7288755785332834,0.7892667044059742,-0.09005853040347606,0.6996753969303565,0.6991299337906272,0.6996753969303565,0.7499110843651943,0.7499110843651943,-0.19010044592684877,0.7048765563978744,-0.1769967448071785,-0.7286705731824704,-0.459193073212812,-0.46333218489237604,-0.436956599959294,0.13110613209120964,0.01989268315651286,-0.35895809752000823,-0.7086183694999828,-0.18318567728088017,-0.3455941943648043,-0.2929578536272812,0.06396358294945964,0.06233969645665334,-0.503508875633925,-0.08634856133471357,-0.27554801908099885,-0.5226523908903427,-0.2313350219146923,-0.42276081981171004,-0.30648868244121924,-0.42276081981171004,-0.434246056445221,-0.5590914847518945,-0.5590914847518945,-0.325951176898549,-0.325951176898549,0.4055794964321525,0.2237976450281152,0.3022220715514779,0.5391691655579228,0.3158755437375883,-0.3995405259292104,-0.00019362516835084656,0.4648452930117596,0.5608863626426775,0.4648452930117596,0.010459748576528611],[0.9997532908485034,0.9995470315386643,0.698630794012646,1.0,0.9989966300848337,0.9997532908485033,0.9940901320938921,0.9913847254132971,0.9913847254132971,0.9947984543108518,0.976557492090708,0.990580549280194,0.9941124744443897,0.9947254726620957,0.9941340518349902,0.7150833146382822,0.6244341569249534,0.22451107037337423,0.9947001210429928,0.9946967635439053,0.9859294384406718,0.9940955219254024,0.3606569197367251,0.7718517096547869,0.9858783246625215,0.9858783246625215,0.9858588851524719,0.9833244152123427,0.2916809445024461,-0.15451141646938563,0.9884942767421152,0.9884608690923866,0.23543737346256852,-0.22955104415256897,0.9953822983958229,0.9959411487058478,0.8319290843058319,-0.3498496528180967,0.9930757100644884,0.9961879036428367,0.6930713811945877,0.20465167745196497,0.9935767112519793,0.9954148732815866,0.9935767112519793,0.9055865121890015,0.6463554326395785,0.9320709772983966,0.9297996177251396,0.839081996248598,0.37701874247117495,-0.19176612496407433,0.22117551791008788,0.9474814205005693,0.35043503114586544,0.9713185944698393,0.9696848226071217,0.9795909457094841,0.9892375573486566,0.9207024352598615,0.942163337209241,0.939581330316919,0.935399732813918,0.9338046824507303,0.9345706596787916,0.9338046824507303,0.8930875309454437,0.9190270118622559,0.9199203217965038,0.9190270118622559,0.930241375671155,0.7623479669705053,0.8748956360419099,0.8760279222237121,0.8748956360419099,0.7304232556568775,0.18032186247916923,0.7189945533620102,-0.5316243814671462,0.6286283161942904,0.38194045457196385,0.6182003895895654,0.38194045457196385,-0.08535999090132804,0.9169433093525331,0.944833148609462,0.9305121770838117,0.9202153810939768,0.22455458068540762,0.9122890703089089,0.9129172847079927,0.9122890703089089,0.9040914142742197,0.9040914142742197,-0.09678707986188409,0.6209016887843977,0.14508779794000085,-0.7188445666353738,-0.6068366244107618,-0.610758572373783,-0.16852798972399385,0.14954303543332917,0.18627965333495272,-0.04007272967995142,-0.5993708536445496,-0.045107904147796724,-0.8026419599606744,-0.3159606260405053,0.16683939255412825,0.16826239167883394,-0.587518478666872,-0.5677833051507762,-0.29686331398875393,-0.533366768983986,-0.8128901372399195,-0.4234036323843195,-0.4165176890625275,-0.4234036323843195,-0.2555214052528995,-0.3775703073561819,-0.3775703073561819,-0.7992887206950169,-0.7992887206950169,0.44615924341768876,0.6210264394349638,0.8423397042454055,0.8342749321492591,0.749022737763371,-0.360046519174339,0.7383469826808289,0.7645178832311429,0.7647110563173198,0.7645178832311429,-0.14884366650863437],[0.9982043599980619,0.9962209872512449,0.6421287731263413,0.9989966300848337,1.0,0.9982043599980619,0.9973334047623016,0.9960894652544167,0.9960894652544167,0.9975437482381863,0.9705955145944029,0.9965443419621471,0.9973488552128336,0.997416607601889,0.9973707784647429,0.603428008743598,0.4865910266318681,0.018078111241472794,0.9977108586848425,0.9977103816927486,0.9882623746968889,0.9973345425960138,0.0021190084189055174,0.7581646495000777,0.9930720340419242,0.9930720340419242,0.9930345762533641,0.9913156048694788,0.06719612859401505,-0.13848296455990947,0.9873303138328169,0.9872563489986309,-0.057089069198370014,-0.1366826540494919,0.9977727164702705,0.9976941796153315,0.8273653380803652,-0.4628116852664948,0.9976699861466763,0.9980311427718165,0.5681804678941299,-0.005950423237228764,0.9977164495236236,0.9977209248711104,0.9977164495236236,0.9175828198374082,0.6139054083132596,0.9402915420440268,0.9285088655396172,0.8180582576435663,-0.06097349007365131,-0.5856886042697073,-0.14964927751884838,0.9387576404560609,0.20613317316156832,0.969036751110383,0.9690773839004019,0.9827544635623128,0.9898691924446147,0.9201590747356129,0.9262016700744977,0.9302839984742399,0.9242741895206262,0.9287034137635644,0.9290386612040313,0.9287034137635644,0.8720325563782164,0.8825331726955238,0.8835358297783134,0.8825331726955238,0.9203262744148027,0.8458168589390566,0.9028313886286697,0.9034529059617744,0.9028313886286697,0.6962927372701522,0.5984488667223096,0.688788512498001,-0.5354506508601944,0.67583760306107,0.6585934939705941,0.6578183169968619,0.6585934939705941,-0.0939314706614995,0.9016310647225855,0.9245577148843456,0.9113760976671536,0.9272841988330541,0.07026642088726333,0.9004830264750661,0.9013094624877156,0.9004830264750661,0.9053380121112973,0.9053380121112973,-0.13300603186754825,0.664290507559975,-0.00010770441367417452,-0.7443486031252119,-0.6494232323729747,-0.6506634139703457,-0.19656185505554327,0.1728307788808655,-0.19704314902380954,-0.28048825215539447,-0.6609561775153172,-0.39464501833246546,-0.8412725980885762,-0.5789631183848627,0.1386341942895786,0.13992064515114228,-0.6108372762230143,-0.5636648330389701,-0.5587961790501627,-0.5685816138763314,-0.7675505279487831,-0.6076031307251685,-0.6105829655299551,-0.6076031307251685,-0.28975310475105265,-0.4071104707158765,-0.4071104707158765,-0.7378965396323832,-0.7378965396323832,0.43409127275900117,0.6062031166779407,0.8028043792775241,0.8016434463278023,0.7419815533560823,-0.4798736342435158,0.6160975146287199,0.663646567885851,0.6637512436664614,0.663646567885851,0.07824896753785589],[1.0,0.9999901994169275,0.7011645854846179,0.9997532908485033,0.9982043599980619,1.0,0.992996728659614,0.9898697630718857,0.9898697630718857,0.993503159515737,0.9781957800636012,0.9877288618631466,0.9930285509097428,0.9933760977255158,0.9930718445103883,0.7159635476394489,0.6257705134162489,0.23871037695897593,0.9937790248022783,0.9937723903341205,0.9858919964139509,0.9930173986735705,0.3691420205294796,0.7677245363390599,0.9835931509022634,0.9835931509022634,0.9835745751638454,0.9781002014482882,0.29597245539608547,-0.1486601835259107,0.989244504566983,0.9892038143423634,0.24329333792427718,-0.22920188849297063,0.9949619240489196,0.9953234355493332,0.8623786497380292,-0.3457823413564821,0.9910210977246113,0.9953656897142245,0.6945471441692675,0.21911168498178932,0.9950788307697133,0.9950753798787597,0.9950788307697133,0.9075378644584986,0.6577924307105179,0.9293984008087179,0.9326100823726051,0.853465343829438,0.38146925736408216,-0.18739724857927215,0.22593015851501896,0.9523452721885731,0.365471041048674,0.9755429051672596,0.9723375658566389,0.9816216867696331,0.9894626424915945,0.9375473023368739,0.9469201080767498,0.9496210630033939,0.9382897306232492,0.9469420010243006,0.9475297138908206,0.9469420010243006,0.8991244534140005,0.9283994088632882,0.9292324185226095,0.9283994088632882,0.9327383792162495,0.8108895756529153,0.9061673087327794,0.907278120050363,0.9061673087327794,0.7364433288021737,0.42632862604680594,0.7263891185496296,-0.5269804115204341,0.6322298214823967,0.6446876121686365,0.6448488441142713,0.6446876121686365,-0.07976203361293692,0.9207076576687259,0.9499709868381234,0.9360928778440527,0.9388591188097444,0.23811509870408967,0.9154297611248151,0.9159479896070618,0.9154297611248151,0.9191406779684029,0.9191406779684029,-0.09259544432213487,0.6036642447973293,0.14009155555974875,-0.710312382406555,-0.6007901788773798,-0.60479241836453,-0.15760568984710022,0.1534723440605945,0.19236071341295627,-0.027864751526591295,-0.5889464773827239,-0.03967451540321716,-0.7977898566259753,-0.3090454216286518,0.17572926557120822,0.17710187980516195,-0.5817043489556584,-0.5710663864321904,-0.29653611404069596,-0.5243359394518357,-0.8119151370093668,-0.4227597651277816,-0.4153274755682702,-0.4227597651277816,-0.24814105654100677,-0.3692269282176183,-0.3692269282176183,-0.8000870097806787,-0.8000870097806787,0.4545549302743182,0.6313821460315744,0.8499807922032258,0.8415841805010285,0.7556400958795771,-0.34846651270464635,0.7469448332458339,0.7730795470838083,0.7732738081203008,0.7730795470838083,-0.16329497888808556],[0.992996728659614,0.9858838401769052,0.6799113556315998,0.9940901320938921,0.9973334047623016,0.992996728659614,1.0,0.9977060241513145,0.9977060241513145,0.9999728528850518,0.9657146623870059,0.9997145328678373,0.9999968680098519,0.9999882012003418,0.999993950249686,0.8098967939415121,0.7939549629481483,0.19659923255135311,0.999872889813487,0.999873267898038,0.9907315241932625,0.9999970098937331,0.28599106036039673,0.7662308867809116,0.9868030392062735,0.9868030392062735,0.9881131578692633,0.9926790398015289,0.227990714187202,-0.20292053355916476,0.9915817724195894,0.9916424419104665,0.1499404733174547,-0.2704817217000947,0.9993895085686315,0.9995089380520281,0.47845544778643284,-0.2963478449117121,0.9991868319493182,0.9994850913049301,0.7864005681041172,0.1754661421461423,0.9483341935070658,0.9991586359057897,0.9483341935070658,0.9253381032010256,0.622113923533399,0.9477701553278508,0.9278287562330292,0.7871827636722778,0.41861842256372545,-0.1289360711557961,-0.17813213701735278,0.9367832967543522,0.32356251305880573,0.9697444857024914,0.9667430844341461,0.9808343591117863,0.9954883254584997,0.0051348395919867534,0.8911680667232532,0.8536814143476794,0.8941288734203994,0.8489111362933776,0.8148416004706361,0.8489111362933776,0.8384682240184642,0.8208501274553047,0.8099923393175178,0.8208501274553047,0.8893934650550218,0.4451333969361227,0.6367797947574687,0.6874859346807867,0.6367797947574687,0.6653358102714801,-0.3274169600169418,0.6439395009909585,-0.5986855373500205,0.5637085735368479,-0.06226290884020654,0.49201221814967505,-0.06226290884020654,-0.12590485334825138,0.8683303349434004,0.8907391474697018,0.8772162180193234,0.7903692916651451,0.19492326480264616,0.8666703062879505,0.8676250672878572,0.8666703062879505,0.7962920331973398,0.7962920331973398,-0.16759423533901563,0.7036584473927983,0.22266681955191167,-0.7205809952759769,-0.6444799782716331,-0.6479545314784577,-0.2054313671099586,0.10122999942478128,0.3099130098688798,-0.0638772786319417,-0.606320710209155,0.02308454658951796,-0.8294218029182637,-0.21115171411480702,0.10566615542869194,0.10709977440079588,-0.6273975847565983,-0.5818755486577283,-0.13069375160113847,-0.6014971635193558,-0.8293969254099263,-0.4132241511104805,-0.25058057754875884,-0.4132241511104805,-0.3178912229398962,-0.41340417573423366,-0.41340417573423366,-0.8213233863894992,-0.8213233863894992,0.4325528300794638,0.593151371886194,0.5167608823938232,0.8075826848036731,0.7400566340089063,-0.4050928554823531,0.07737812372650113,0.7444906702004919,0.7630600870353866,0.7444906702004919,-0.08926625772379633],[0.9898697630718857,0.981100953040047,0.6731962779956483,0.9913847254132971,0.9960894652544167,0.9898697630718857,0.9977060241513145,1.0,1.0,0.9996110931550491,0.9599044737853182,0.9988930493920474,0.9984119528966195,0.9994552974744662,0.999231664866982,0.8064379294954591,0.7811400748564437,0.17522231687501613,0.9992560017640509,0.9992579346301427,0.9883173481873098,0.9993532329701061,0.2613020497870602,0.7682926163840478,0.9933747791832557,0.9933747791832557,0.98648748990032,0.9904965140165602,0.21090450268672703,-0.21557072435058644,0.9879575370978855,0.9913756078191004,0.1318564986643971,-0.2762868076373572,0.9984344768042993,0.9984475615406883,0.46299041970936855,-0.3021130343281675,0.997594051691836,0.9984239388833654,0.7830405650307116,0.1537486838360631,0.9418632918424671,0.9982666028987247,0.9418632918424671,0.9234299140700758,0.6080096584880529,0.948501108992068,0.9267480873660437,0.7700436033529665,0.4064212788408112,-0.14297005595140552,-0.18947402980022446,0.929379288074339,0.3039228192880108,0.9654163725209004,0.9621436581853982,0.9762966445436865,0.9944312834122385,-0.0032325677240267713,0.8833782937001142,0.841409049879561,0.8881433579161373,0.8376667192557219,0.8046275271666781,0.8376667192557219,0.8293788045782401,0.8062496009361603,0.798800040182093,0.8062496009361603,0.8835480755123236,0.4290880220503165,0.6202492051884091,0.6736908630494861,0.6202492051884091,0.6562480983277725,-0.34037315362822895,0.6333384828232022,-0.6044473503102046,0.55837147525754,-0.08191442722613611,0.47862835338141557,-0.08191442722613611,-0.13146937400467934,0.8614933610348868,0.8813707509591924,0.8686141092106076,0.777816513756646,0.177450238847571,0.8604021063418396,0.8615126473587479,0.8604021063418396,0.7829106533355084,0.7829106533355084,-0.1807364997570981,0.7234059465547376,0.22870597577376248,-0.7293325706435282,-0.6556729599203782,-0.6589811786234898,-0.2191191623311142,0.0948874593735588,0.30283699435170774,-0.08233276519922586,-0.6179615825122728,0.01388511772219583,-0.8341379458207334,-0.21760391530129905,0.09197446697354844,0.09343204106541901,-0.6375716333987264,-0.5824019300267205,-0.13742675617886274,-0.6158972838285812,-0.8281972976507214,-0.4238453918661069,-0.25664209234056584,-0.4238453918661069,-0.3334572475561459,-0.4256862326791562,-0.4256862326791562,-0.8186469190433969,-0.8186469190433969,0.41690236197501346,0.5777659128194887,0.49939608457145757,0.7909711063500934,0.72843299010784,-0.4246969327266874,0.06449274837344306,0.726315039884965,0.7479206455627173,0.726315039884965,-0.07260877071820236],[0.9898697630718857,0.981100953040047,0.6731962779956483,0.9913847254132971,0.9960894652544167,0.9898697630718857,0.9977060241513145,1.0,1.0,0.9996110931550491,0.9599044737853182,0.9988930493920474,0.9984119528966195,0.9994552974744662,0.999231664866982,0.8064379294954591,0.7811400748564437,0.17522231687501613,0.9992560017640509,0.9992579346301427,0.9883173481873098,0.9993532329701061,0.2613020497870602,0.7682926163840478,0.9933747791832557,0.9933747791832557,0.98648748990032,0.9904965140165602,0.21090450268672703,-0.21557072435058644,0.9879575370978855,0.9913756078191004,0.1318564986643971,-0.2762868076373572,0.9984344768042993,0.9984475615406883,0.46299041970936855,-0.3021130343281675,0.997594051691836,0.9984239388833654,0.7830405650307116,0.1537486838360631,0.9418632918424671,0.9982666028987247,0.9418632918424671,0.9234299140700758,0.6080096584880529,0.948501108992068,0.9267480873660437,0.7700436033529665,0.4064212788408112,-0.14297005595140552,-0.18947402980022446,0.929379288074339,0.3039228192880108,0.9654163725209004,0.9621436581853982,0.9762966445436865,0.9944312834122385,-0.0032325677240267713,0.8833782937001142,0.841409049879561,0.8881433579161373,0.8376667192557219,0.8046275271666781,0.8376667192557219,0.8293788045782401,0.8062496009361603,0.798800040182093,0.8062496009361603,0.8835480755123236,0.4290880220503165,0.6202492051884091,0.6736908630494861,0.6202492051884091,0.6562480983277725,-0.34037315362822895,0.6333384828232022,-0.6044473503102046,0.55837147525754,-0.08191442722613611,0.47862835338141557,-0.08191442722613611,-0.13146937400467934,0.8614933610348868,0.8813707509591924,0.8686141092106076,0.777816513756646,0.177450238847571,0.8604021063418396,0.8615126473587479,0.8604021063418396,0.7829106533355084,0.7829106533355084,-0.1807364997570981,0.7234059465547376,0.22870597577376248,-0.7293325706435282,-0.6556729599203782,-0.6589811786234898,-0.2191191623311142,0.0948874593735588,0.30283699435170774,-0.08233276519922586,-0.6179615825122728,0.01388511772219583,-0.8341379458207334,-0.21760391530129905,0.09197446697354844,0.09343204106541901,-0.6375716333987264,-0.5824019300267205,-0.13742675617886274,-0.6158972838285812,-0.8281972976507214,-0.4238453918661069,-0.25664209234056584,-0.4238453918661069,-0.3334572475561459,-0.4256862326791562,-0.4256862326791562,-0.8186469190433969,-0.8186469190433969,0.41690236197501346,0.5777659128194887,0.49939608457145757,0.7909711063500934,0.72843299010784,-0.4246969327266874,0.06449274837344306,0.726315039884965,0.7479206455627173,0.726315039884965,-0.07260877071820236],[0.993503159515737,0.9857920817967917,0.6338820314790652,0.9947984543108518,0.9975437482381863,0.993503159515737,0.9999728528850518,0.9996110931550491,0.9996110931550491,1.0,0.9648018216793277,0.999681705264548,0.9999737635101846,0.999973019112066,0.9999767193793011,0.6525965299939368,0.5396773455391416,0.07617390776028589,0.999831638773501,0.9998325560412957,0.9906546590962976,0.9999712031304104,0.05860190347787874,0.7472297191730721,0.9957128265718982,0.9957128265718982,0.9956748762175719,0.9925931330071901,0.05533212196724493,-0.14700077122754865,0.991018415369845,0.9909743994301838,-0.03531653075384288,-0.23278339629478415,0.9994469528524906,0.999406158532915,0.8302620604245118,-0.46360400599775536,0.9991302728008348,0.9994578916995548,0.6192302126659404,0.05231563789442887,0.9993236497712682,0.9993288899426347,0.9993236497712682,0.9250290681142398,0.6225062930172518,0.947444978398513,0.9272930814243036,0.786764002877066,0.03460281758914507,-0.5417628214781385,-0.10973446665525056,0.933417873693901,0.26877223154981916,0.9671030670662782,0.9667414146101525,0.9830325000929098,0.994814268092322,0.8964421540542309,0.8919239662672556,0.907662685089234,0.8951558014303672,0.9060253062233179,0.9065601840660891,0.9060253062233179,0.8382767314474656,0.8645020102005727,0.8656820349937773,0.8645020102005727,0.8907270237273657,0.8118987309906104,0.8766209382411229,0.8776085242891337,0.8766209382411229,0.6654342754765534,0.5323575187527416,0.6434927687328381,-0.5948479953672797,0.6137954062616874,0.5854645628660479,0.5853875365924929,0.5854645628660479,-0.07920515762730672,0.8692155932448713,0.8908189710855954,0.877793574178266,0.9042756259956446,0.10892499649485098,0.8716851464693546,0.8732557336202752,0.8716851464693546,0.876692260940183,0.876692260940183,-0.1690989699153634,0.7045958712343064,0.027949176988484137,-0.7318509913739094,-0.6764370159180311,-0.6778862583580479,-0.20885064922337507,0.10466043341602844,-0.20133823926657674,-0.2458434993870356,-0.6428507294288489,-0.4204919529110857,-0.8618853484324964,-0.611766712256502,0.10465732694174376,0.10665703671861634,-0.6287856493339239,-0.5780707105392424,-0.5689450856120374,-0.602933992043612,-0.7944308821096218,-0.6305141855353157,-0.63294115700509,-0.6305141855353157,-0.31953957095645297,-0.4163882094187081,-0.4163882094187081,-0.7752593583512083,-0.7752593583512083,0.4310224130659494,0.5912216916718188,0.8137653690868529,0.8117028299286065,0.7379706015906676,-0.43137403314418427,0.646025863029173,0.6889322997099137,0.6891189182769214,0.6889322997099137,0.1473404940566492],[0.9781957800636012,0.97485930572087,0.6027674517208447,0.976557492090708,0.9705955145944029,0.9781957800636012,0.9657146623870059,0.9599044737853182,0.9599044737853182,0.9648018216793277,1.0,0.9533683405912289,0.9657329571853893,0.9657641813156388,0.965489894189128,0.41538258204669776,0.29869828500067136,-0.15498259338864562,0.9695549531833185,0.969536297288091,0.9658297641406811,0.9658219915480601,-0.03316331473449153,0.7838243630155612,0.9671154170403213,0.9671154170403213,0.9672695250472564,0.9136083957647758,0.1440780182706554,-0.1350404582860927,0.97161820795846,0.9717061223200355,0.10766300808769749,-0.007961697123664714,0.9726796330956361,0.972896997732415,0.8984656159365976,-0.3404890860777858,0.9604562387092295,0.9719778440381363,0.37555740326671905,-0.17475175319673877,0.9736407231595772,0.9736122202040284,0.9736407231595772,0.8441803684015267,0.4311177306552314,0.8636429235415611,0.91648656922167,0.8786356365635171,-0.4731218817771691,-0.6699881104761815,-0.18397918826723636,0.9034145570080651,-0.041539384166079385,0.9288504687178052,0.9289066294012853,0.9444434762760909,0.9699496660548576,0.8977932931665104,0.9002032617572537,0.909537468951676,0.9006590037707629,0.9032477791061974,0.903741983362095,0.9032477791061974,0.8616405854237382,0.8391246125536902,0.8403019232541301,0.8391246125536902,0.8969700615144293,0.9095044715884582,0.895117823796817,0.8955461257939924,0.895117823796817,0.7391597157876624,0.6807711557606232,0.7399205668811943,-0.25092106186024354,0.752220883382825,0.7662092361315177,0.7682475467624809,0.7662092361315177,-0.23303383472035183,0.8963067924991304,0.9425177211362754,0.9090358990550153,0.9090765974377216,-0.04966052715102672,0.8908607951568368,0.891593825004595,0.8908607951568368,0.8975204755353103,0.8975204755353103,0.036547350690343615,0.4400432947649076,-0.14341276034159411,-0.6761301413706053,-0.4501602131044671,-0.45279940889498665,-0.08418600214315045,0.43949948789798104,0.004453388371221668,-0.2142991252576993,-0.5713661086169751,-0.12301883376895148,-0.7892262554317218,-0.28805492435630814,0.302260349459707,0.3024760655979,-0.42157953420142513,-0.43145672832598353,-0.38905766903826045,-0.4008485649026453,-0.6552033907909882,-0.40825387220180664,-0.4107278006934295,-0.40825387220180664,-0.14992930404330598,-0.4580303193826598,-0.4580303193826598,-0.542421919910522,-0.542421919910522,0.5615805283924512,0.6491221682012024,0.7551754468808052,0.7107983713298652,0.8112676159787411,-0.5168932681343025,0.42376880141318984,0.5360200394820424,0.5363611519483195,0.5360200394820424,-0.11804217498816469],[0.9877288618631466,0.9866698581409744,0.9947292788601856,0.990580549280194,0.9965443419621471,0.9877288618631466,0.9997145328678373,0.9988930493920474,0.9988930493920474,0.999681705264548,0.9533683405912289,1.0,0.9997147282736999,0.999712085516708,0.9996878565788574,0.14741760074129584,0.04357239237888894,-0.5394255322878887,0.9998238821487547,0.9998255368085815,0.9997183914449624,0.9997173056113533,-0.28574886709261843,0.9748303537585095,0.9952728282397532,0.9952728282397532,0.995257227729817,0.9942349988889135,0.05801770397808213,0.05214137514303364,0.9926167099108425,0.9926579181885007,0.773112940655554,-0.0416767627549913,0.9991623369599935,0.9991258326748567,0.9990129274620652,0.9994592356840604,0.9994954334406089,0.9991964574051901,0.09174999127956326,-0.5468626770981663,0.998970045132389,0.9989761932639643,0.998970045132389,0.9200383865857548,0.46774867517532936,0.9433205311242047,0.9235613839494701,0.7866792316510184,-0.3604309963774815,-0.5860121269080408,0.8364736833197303,0.864856710769976,-0.3457920181537656,0.9402710219995595,0.9404583469022749,0.9724955183806692,0.9941062808404838,0.910209254261813,0.9152527249563721,0.8938333792545385,0.8984913824977356,0.8981675346711882,0.8986425299132816,0.8981675346711882,0.802601325763121,0.772816078024452,0.7743305415367343,0.772816078024452,0.9169161576081698,0.9221184390367996,0.9158189057198194,0.9166379436266316,0.9158189057198194,0.5856005082117118,0.533517755593578,0.6180275177862025,0.6934006640143184,0.603859162836316,0.6298847021464509,0.63191296627158,0.6298847021464509,-0.2756483560671643,0.8646925313181562,0.8924477870062462,0.8823886080609553,0.9164661140807524,-0.3480219751499326,0.8607143202771679,0.8609053619897913,0.8607143202771679,0.8684461329811656,0.8684461329811656,-0.22018669553534737,0.6986548199141823,-0.39464020422687957,-0.8148463154942591,-0.5383061169967657,-0.5414170398540392,-0.43836950763388843,0.24684617043468268,-0.3071577650255779,-0.5455545858740054,-0.7748194652923684,-0.4116820038098107,-0.5875211870119259,-0.48683967703744974,0.09669088596490878,0.09476634207860438,-0.5591936265046271,-0.5327891659993433,-0.5540918055485258,-0.5902395640640327,-0.5833721439402706,-0.5575764158246821,-0.5607843571242481,-0.5575764158246821,-0.4487785989447028,-0.6376018001197837,-0.6376018001197837,-0.6263073661198969,-0.6263073661198969,0.42689702500806803,0.345408030773033,0.48581752824843905,0.5992025145382733,0.5319222951770286,-0.5754529324900519,0.3369791155839823,0.29144219463768173,0.29168591825196766,0.29144219463768173,0.27481837560027655],[0.9930285509097428,0.9859130874699774,0.6799226283012931,0.9941124744443897,0.9973488552128336,0.9930285509097428,0.9999968680098519,0.9984119528966195,0.9984119528966195,0.9999737635101846,0.9657329571853893,0.9997147282736999,1.0,0.9999914155571217,0.9999954992364125,0.809895885351055,0.7803428157104687,0.196652980956962,0.9998742346024758,0.9998745701976572,0.9907623880696186,0.9999975716765028,0.2862842389219301,0.7662763300119684,0.9916437181723219,0.9916437181723219,0.9881045582011556,0.9926658129612832,0.22823253008823294,-0.2028716038876305,0.9916343202093527,0.9916522566153653,0.15015802178529064,-0.2704489349962878,0.9993911655475227,0.9995117332975771,0.4784288789943667,-0.29615559696178595,0.9991880518358991,0.9994915273887742,0.7863879249835776,0.17552552831956753,0.9483208180344511,0.9991608050076538,0.9483208180344511,0.9253376357134421,0.6222374846574172,0.9478443223740827,0.9278818489269215,0.787248481684295,0.4189688378191954,-0.12853138398736147,-0.17780038602651313,0.9368395667683831,0.3236219801258138,0.9698226113563491,0.9667894085976029,0.9809086767111876,0.9955024020167929,0.005304613654466726,0.8912722068568086,0.8537538322452287,0.8942232335291183,0.8489819458892891,0.8147910916343165,0.8489819458892891,0.8385479620306446,0.8208880510000004,0.8099366692949562,0.8208880510000004,0.8895130468095657,0.4450220381124131,0.6367779469232474,0.6874092020984727,0.6367779469232474,0.6652995041877292,-0.3274388000075,0.6439225152613465,-0.5985983006249719,0.5636264365539486,-0.062384826869316734,0.4920366287086595,-0.062384826869316734,-0.12604413682094756,0.8683933534672104,0.8908251518403308,0.8772855033745038,0.7903620741812937,0.19497850515207113,0.8667363139000672,0.8676866060657986,0.8667363139000672,0.7963421504546823,0.7963421504546823,-0.16753742513013814,0.7036865408152956,0.22277573646931798,-0.7206101844292476,-0.6444020719385142,-0.6478812659293504,-0.20550455774143966,0.10111978656847663,0.31007202292581376,-0.06386206035549215,-0.6063689692966313,0.023324725289377332,-0.8291938762266007,-0.21088632199142096,0.10573280449090874,0.10717935224035081,-0.6273810478315103,-0.5816909589256406,-0.13046864271118425,-0.6014642771781854,-0.8293059542072162,-0.4130230556968152,-0.25039509244129227,-0.4130230556968152,-0.31773839567948936,-0.4133717124600769,-0.4133717124600769,-0.8212797909842463,-0.8212797909842463,0.43295269185785606,0.5932648507916864,0.516984269449617,0.8078109326601788,0.7401119626671473,-0.40490730104698663,0.07763535720648256,0.7447223401747345,0.7631679130344015,0.7447223401747345,-0.08929979938067141],[0.9933760977255158,0.9858720522223762,0.676479270920878,0.9947254726620957,0.997416607601889,0.9933760977255158,0.9999882012003418,0.9994552974744662,0.9994552974744662,0.999973019112066,0.9657641813156388,0.999712085516708,0.9999914155571217,1.0,0.9999890726002585,0.7246699403284552,0.6294334821042559,0.19832035744504153,0.9998964626005281,0.9998971537928594,0.9907516039026468,0.9999889394964822,0.2857165578046624,0.7630146652258699,0.9944844565251684,0.9944844565251684,0.9944543163249403,0.9926455077674621,0.22104256839783,-0.20368398044503758,0.9920852988851546,0.9920863352421471,0.17180281544844542,-0.2699103395486777,0.9995605007648956,0.9995114307379309,0.8628059436686524,-0.3823416956905198,0.9991856952844945,0.9994954715601805,0.699121730509082,0.1772213009927245,0.9994619915968865,0.9994665906799205,0.9994619915968865,0.9252034360991046,0.622339901128006,0.9476081646764913,0.9275541601901959,0.7870029054585224,0.30061257079061804,-0.29639286486121286,0.12864585639397977,0.9367196145497413,0.3240833070464403,0.9673514950296475,0.966810290338205,0.9796411935621977,0.99574098813076,0.9024217802509009,0.8905673328755737,0.9126714607381381,0.8941657609912205,0.9114587759327344,0.9122040029602655,0.9114587759327344,0.837863143253573,0.8822227774160059,0.8834198109391045,0.8822227774160059,0.889348059199254,0.7952569911791603,0.880442117148063,0.881802156949247,0.880442117148063,0.6649896923465853,0.5257170179307353,0.6427079190186105,-0.5982044522332505,0.5622811530440596,0.5608221282606496,0.5617088615767463,0.5608221282606496,-0.12841576746117286,0.8682894877919836,0.8905594899941167,0.8768918777602497,0.9086322763872815,0.19681681790639718,0.8666958643000523,0.8678734836537565,0.8666958643000523,0.8754410100370332,0.8754410100370332,-0.16784301714417063,0.703287856717825,0.12724660044632574,-0.7197094669231863,-0.6440672200848255,-0.6472737953139582,-0.20552083117268624,0.10005985030687492,0.0824535297988768,-0.062386386758876276,-0.6051818013610192,-0.16557123272423513,-0.8391192757888667,-0.4271869929893298,0.10493940882537985,0.10697498014481095,-0.627421147035789,-0.581026917794765,-0.4184625697695145,-0.6012436124436893,-0.8219029875021671,-0.5280987204735592,-0.5242293281913024,-0.5280987204735592,-0.31701713946525517,-0.41341144160717724,-0.41341144160717724,-0.8126802745568497,-0.8126802745568497,0.4306448392238576,0.593007004720499,0.8196286900412019,0.8111776353530348,0.7402535938135352,-0.4045850187776685,0.7030329031248068,0.7318818372176812,0.7319814922427645,0.7318818372176812,-0.056794052981439885],[0.9930718445103883,0.9857724172377528,0.6800443195130504,0.9941340518349902,0.9973707784647429,0.9930718445103883,0.999993950249686,0.999231664866982,0.999231664866982,0.9999767193793011,0.965489894189128,0.9996878565788574,0.9999954992364125,0.9999890726002585,1.0,0.7986334361411248,0.7237574061068291,0.19680414841733815,0.9998771691337565,0.9998773928470929,0.9908845824383916,0.999995386318414,0.28694492780506453,0.7661205995120701,0.9946413829258033,0.9946413829258033,0.994558577053157,0.9926030556371144,0.22851884734826997,-0.202889048311705,0.992546691578136,0.9925852494498083,0.1508808039097083,-0.27028171446994087,0.9994345833559899,0.9995114480538788,0.4775159722351665,-0.29546034759993345,0.9991515665389638,0.9994939913146694,0.7834260613542549,0.17569705120221327,0.9479132847707286,0.9992091349768384,0.9479132847707286,0.925551203855705,0.6228574273055568,0.9479485972499778,0.9279555294395758,0.7870108836422113,0.42023813016430184,-0.1271079570886411,-0.17802810606759997,0.9371441908880291,0.3238880165167449,0.9701836478016981,0.9670625879020116,0.9811454361557352,0.995544467878496,0.004340437581234461,0.8914946638078548,0.8536563242733319,0.8944091903624904,0.8489130601630404,0.8143694449722021,0.8489130601630404,0.8387166843149294,0.8208055507548117,0.810239008334301,0.8208055507548117,0.8897721035360623,0.4443870063696536,0.6363194071548007,0.6873915716925864,0.6363194071548007,0.6651746349675423,-0.3285314770663575,0.6438809201158288,-0.5988017130663906,0.5633054653817573,-0.06331445597815943,0.49170911677206514,-0.06331445597815943,-0.12601187243209633,0.8684996765751485,0.8906155862961216,0.8774054069129892,0.7836339504017275,0.1953549899304068,0.8668010833076762,0.8677423109432022,0.8668010833076762,0.7961544505581257,0.7961544505581257,-0.16878587971884343,0.704422821510981,0.2232496808950532,-0.7205690584846253,-0.6447333023999702,-0.6482162330783474,-0.20649152019884937,0.10003874022005202,0.31039891535529585,-0.06420660733806673,-0.6065188893967767,0.023436002055374064,-0.8284924721984153,-0.21070997403287609,0.10486340368000323,0.1063085519125327,-0.6279183842931475,-0.5818816662257751,-0.12991944250052825,-0.6024876765481235,-0.8293433560826279,-0.4129581219446289,-0.24987060854434698,-0.4129581219446289,-0.3185447435556377,-0.4137676897540991,-0.4137676897540991,-0.8216220360623829,-0.8216220360623829,0.433107611790576,0.5929572855190243,0.516540180690739,0.8082241014313732,0.7396106365521867,-0.4045029864231505,0.07702938709075093,0.7451326773734996,0.763772391680746,0.7451326773734996,-0.08905417392779505],[0.7159635476394489,0.03159392704477344,0.37796549785115274,0.7150833146382822,0.603428008743598,0.7159635476394489,0.8098967939415121,0.8064379294954591,0.8064379294954591,0.6525965299939368,0.41538258204669776,0.14741760074129584,0.809895885351055,0.7246699403284552,0.7986334361411248,1.0,0.9919124661554771,0.42723445299861257,0.7753683523590927,0.7753304743238331,0.6933359892869743,0.797217786124499,0.3359286937915216,0.36094966938465606,0.790421954061222,0.790421954061222,0.7752911067072122,-0.2506803064470428,0.19707647250585816,-0.1572180546239454,0.8376304332297823,0.8343851290748667,0.1609992148214074,-0.21388251214396978,0.8048748280064022,0.68012874126754,0.25134553551836886,-0.31700342174717705,0.16211018184705056,0.6440106445543361,0.9983271779444489,0.4102702610009548,0.7301665596031554,0.8045142417420658,0.7301665596031554,0.1040592617006641,0.5179724611618978,-0.31586467012852826,-0.3398288788256084,-0.012073728923273698,0.39303582733673886,-0.05480506198731902,-0.21107865682029922,0.6671132230069297,0.3988781686890444,0.804690156196669,0.6676439329692523,0.7641133688899809,0.7863163216022069,-0.10682096249992629,0.0694605862088466,0.5416089455351927,0.390640561199714,0.531170499909625,0.61315219884