var element=document.getElementById("correlationAdjClose");if(element.style.display!='none'){var correlationAdjClose={"data":[{"type":"heatmap","z":[[1.0,0.9999932062104746,0.9853561352125582,0.9999260685642661,0.9990706898542489,0.9858979062358252,0.9978342836085162,0.9959390362718973,0.9691936174170295,0.9962756982317565,0.9943046200536043,0.9938328425083226,0.9960623011199298,0.9961016250631805,0.9959860964434057,0.9975742824576567,0.9978347769853552,0.9983439806400187,0.9966009884533671,0.9966173822033948,0.9966675564709503,0.9960240133771852,0.9870756326260199,0.9710660253483024,0.9895353069462477,0.9560654694726162,0.9885059498613022,0.9869538015693595,0.9671893003907268,0.9506197772801953,0.9930515458867781,0.9941295724133187,0.9921614922226015,0.9763422961337395,0.9977396258487962,0.9979804883840562,0.9974873666777728,0.9961179614434004,0.9957345191763732,0.9978685561053436,0.9987537809693913,0.9987977804317966,0.9976949679837922,0.9977076613201766,0.9767487246627911,0.9129897611890053,0.9482726284535463,0.9165819790017027,0.9174722250293958,0.8986367868713775,0.9635326775360503,0.9471007949415601,0.965172632262156,0.9652486296002011,0.9555827798780047,0.9845635906511607,0.9815486125137909,0.9903575237951969,0.9944910864048184,0.9863285096622589,0.9817939526888799,0.9879053972407145,0.9859306887405885,0.9884721513993492,0.988293633546995,0.9651191943424119,0.9734078799209799,0.9749975504806585,0.9747120622699568,0.9517328241396315,0.979777069218989,0.9771633622371367,0.9845237694667308,0.983804120098034,0.9418717479755492,0.8831794734767352,0.8496489440538625,0.8993459942481972,0.9185463044547012,0.9153664049297064,0.9165077779332913,0.915300024129047,0.6808440686537393,-0.5631835989399786,0.9802971996790398,0.9751241381169221,0.9717985631560542,0.9870914555675633,0.9742794115820802,0.9842009221832269,0.9841946865329301,0.949389138987448,0.9843193240454117,0.9526083094629705,0.7563051041803553,0.8989377851776637,0.9256241726192566,0.789801560185605,0.9488002448816862,0.9495202173452008,0.8991189633657746,0.9637927819342824,0.8962454534959603,0.6125374828098025,0.7191341752929169,0.9030399483841316,0.8696425981141656,0.8940530887366842,0.9731858991550812,0.9734126939131977,0.7805039116673654,0.7295541823765482,0.8250694037915071,0.4030817984122282,0.8007927963063541,0.8293668688209541,0.8246092705536685,0.8155124314611305,0.773676707656319,0.7495796662041239,0.7318322944313709,-0.2656483104998588,-0.4045596910943783,0.6607092985988782,0.8946616313721313,0.9376792315475453,0.9442852504694969,0.911929218281106,0.8271811910414667,0.9113940828856552,0.931043006918457,0.9308143783292798,0.865377351785693,-0.18001675938364137],[0.9999932062104746,1.0,0.9870689328137454,0.9998190460962368,0.9981237774409076,0.9900946724532439,0.9943384393361463,0.9911716508304368,0.9837462443995829,0.9911923106998203,0.9911974873640929,0.9930835938274954,0.991341060457657,0.9911922005430369,0.9912586789200906,0.9936220829736535,0.9964209963736558,0.996044017261828,0.9938577985376728,0.9938581487399242,0.9912524967475783,0.9913000856994676,0.9910457833253664,0.9714863902706556,0.9878369391087756,0.9806361232485161,0.9876941594040436,0.9869057545216322,0.9790947501967507,0.927795087114446,0.9884023458798592,0.9857894083651522,0.9786378162130362,0.9262005980454696,0.9955091961951256,0.9953936802653994,0.995638432113012,0.9918421538618007,0.9950836232888985,0.9956410625544128,0.9969968763036826,0.9971259902554123,0.995619557055211,0.9956267241801218,0.9890910399613021,0.9127381579566597,0.8841824393680846,0.9165426422743281,0.9176933945633448,0.8986115659369508,0.8737904858325334,0.9190116365596654,0.8767631619436422,0.9050186560143021,0.8732223775105535,0.9535670286612122,0.9535301477009434,0.9660714886235611,0.9838365808918702,0.9807051087178404,0.9834488814577117,0.9788586387263141,0.978804407444155,0.9808899383213755,0.9808190046120113,0.9488962108035538,0.9583490413821327,0.9334291214432192,0.9333588458264547,0.8584442017340229,0.9770022597973544,0.9787328977680898,0.978932813783522,0.9785094133515524,0.9483990180655621,0.7403468412858382,0.693078565755548,0.8119026784968651,0.8831487949951367,0.830588440272799,0.8576012083846042,0.8562144533841234,0.6948091896889433,-0.23548918455046497,0.9674460996724782,0.9722254924245817,0.9672492686164442,0.9813607437757802,0.9652568773590832,0.9708751070037948,0.9702023960416125,0.9257014813149359,0.9730089079173179,0.9294929359326566,0.6597452415383299,0.8986126994669368,0.8961191486417355,0.4412476037960995,0.8082125917199536,0.8134119649416276,0.7279341695743209,0.9649104858559427,0.7002459448080175,-0.2781243687274921,0.19819649842609574,0.7280893830215931,0.675750850728518,0.7203302329566407,0.9664546032703141,0.9663903871194408,0.0985864502971982,0.26874464068717985,0.10451468054311969,0.07698200281174462,0.09850083412440262,0.11381924999712537,0.11059059770423832,0.03296751978653747,0.4691232888961198,0.20089355150032367,0.150245690204314,-0.4418713690291766,-0.48459216413693185,0.6611226371386956,0.7510422474717002,0.7753270134306702,0.8347288459187113,0.8227968344885292,0.5632127155815646,0.7470036832810452,0.7698440926955888,0.7686077080205793,0.4198367072734566,0.1926529898347585],[0.9853561352125582,0.9870689328137454,1.0,0.9867813315638605,0.9931114454665011,0.9911708629705849,0.9901989329917987,0.9907953558050413,0.990368411799404,0.9935643080204478,0.9975963682884372,0.996689399894213,0.9906710272389063,0.9929629222560038,0.9908546825438068,0.9902441713727284,0.9909140481944751,0.9903446135646343,0.9894924787335961,0.9894599520819201,0.9924264747529492,0.9906786255037647,0.9944112064560043,0.982715906481511,0.9912523240027136,0.9798414396664556,0.991768365634591,0.9859438129469739,0.9851429658248414,0.9558740982185081,0.9703779882105366,0.9744430556505113,0.9762006997013033,0.9511984840085204,0.9874831771347695,0.9905788080739287,0.9889409488313043,0.992527307531993,0.9948840238450747,0.9913407594669585,0.9852877834626529,0.988017857797136,0.9878048418433524,0.9871708823554569,0.9916893492411969,0.9089129488481407,0.9313260755199587,0.9323295752581735,0.9099446661239966,0.8501093671041986,0.9220654243413922,0.9018984850244667,0.9245855921591634,0.9255873471286845,0.9117083722106865,0.9500884333625483,0.9581565248382621,0.966673155612285,0.9785422384194101,0.9371981131244784,0.960812807693982,0.9605687830766034,0.9674124948395336,0.9608735194207488,0.935248111394693,0.9161198715746427,0.941081650280203,0.9322194848847595,0.9139972400376156,0.885654837839075,0.9676848115424432,0.9457027758716846,0.9605894207424137,0.939440955757306,0.8117722570217113,0.8352593073640118,0.7552546992430537,0.8541749873137643,0.8860773105316453,0.8867429494535157,0.8546108758170339,0.8691335869435666,0.3740696710936297,-0.5557201844841063,0.9567604316900128,0.9411540808221546,0.9414771144568583,0.9374201673157012,0.9510561163713269,0.9598136013418141,0.9594777983901277,0.9285931965214685,0.955166670935302,0.8675989822789176,0.7369924839183625,0.9474917733102325,0.9468846331028475,0.7619867870361433,0.9344704431596094,0.9361463276967501,0.8719467995420003,0.9800145759565142,0.7771155692958945,0.5173584315980571,0.6610377873384701,0.7973342085502886,0.7959721985903373,0.7785606468159603,0.9828048558171262,0.9828488293626133,0.7069115594849616,0.6720649054373464,0.7115345691039467,0.34494421462094566,0.6990074503485381,0.7129729981978838,0.7281440448277244,0.7108188699953014,0.7330778924396688,0.6812131509366213,0.6621044628040269,-0.33118527492228494,-0.46976834208050167,0.6240832860957367,0.855141257475416,0.8855853660246301,0.8899178857324397,0.8838619546154627,0.7584062651012722,0.8615763374760579,0.8744623398771023,0.881920996851802,0.7357661045770343,-0.1020687234020789],[0.9999260685642661,0.9998190460962368,0.9867813315638605,1.0,0.99933166575958,0.9870220359869825,0.9981046397442297,0.9963955798701863,0.9714931347861799,0.9967785368468699,0.9950618177802781,0.9948524432984074,0.9965006736866533,0.9966308796815906,0.996441878856971,0.9978697901138762,0.9981833688321533,0.9986273813535737,0.9970011312289203,0.9970142162455924,0.9970975999692655,0.9964659825450346,0.988302283757479,0.9724905154641645,0.9905477036559646,0.9587560569689808,0.9896277835198363,0.9886174678141922,0.9692508664651902,0.9518384581020023,0.99239297354356,0.9936647449523036,0.9920964927969665,0.9758719925088788,0.9978442395817303,0.9982021096486401,0.9977389719730382,0.9966120157388858,0.9962573353644044,0.9981225835600205,0.998661120548167,0.998892870134555,0.9977941735353857,0.9978032923659904,0.9786189482071055,0.9088122617909773,0.9460315649632058,0.9172030807261813,0.915841116357363,0.8912252096916307,0.9605413648641182,0.9437112209936529,0.9620837351799228,0.9626407718830461,0.9526834801586356,0.9824340799853111,0.9799801595262817,0.9894899022269412,0.9943316997280854,0.9848314593763496,0.9806087498317211,0.9865896766922955,0.9852959579006899,0.9870756908039102,0.9868926016395477,0.9542928866330508,0.972104315106063,0.9734518748212548,0.9731653309278346,0.9462285860807504,0.9793003408285712,0.9741583598716199,0.983019751096573,0.9822656086346685,0.9195811025792664,0.8815501948052283,0.8455833028285453,0.8975103710945503,0.9155810822846632,0.9148137378624549,0.913957976025245,0.9128018474831952,0.5854956459113286,-0.562813452631899,0.9794097941718806,0.9737692918019011,0.9702639939280601,0.9856002887076962,0.9734553124980556,0.9833788130852653,0.9833690919356395,0.9488727785792204,0.9828180243252919,0.9362260989495179,0.7605835243656746,0.9050209962616885,0.929831533637577,0.7915186272533248,0.9501459592073731,0.9508969687464132,0.8986503954155276,0.965111441984891,0.8900362916255494,0.6088465551892107,0.7173095165786164,0.8974775484425502,0.8659492074493136,0.8882159479661612,0.9740878694327072,0.9743191641626087,0.7792554825332365,0.7297329360910737,0.8170491007023565,0.40497761342940886,0.7949686872574053,0.8210663512898511,0.8162332826762229,0.8100572004519758,0.7760826899763753,0.7494161069870219,0.7317508573991239,-0.26104383657551367,-0.4038270926705979,0.6596602018955348,0.8926333307029038,0.9357111302257208,0.9423836452550735,0.9105732867424451,0.8242739402566864,0.9092810684727662,0.9286720100204011,0.9285952425732432,0.8578835071136386,-0.1727999970702701],[0.9990706898542489,0.9981237774409076,0.9931114454665011,0.99933166575958,1.0,0.989902012263372,0.9990990756371697,0.9984942536665109,0.9841106536481639,0.9984966455852251,0.9980630854158083,0.9980979237278719,0.9985276641901822,0.9985293991320258,0.9985269926180027,0.9990452595123401,0.9986441600342024,0.9992876544218664,0.9988657387036091,0.9988666555351569,0.9985911428752556,0.9985199966423683,0.9943440646367668,0.9801226391082832,0.994711288078378,0.9765124799596823,0.9946686326692877,0.991446421074474,0.982368393979365,0.9550420507718788,0.9891783665358289,0.9918612600770792,0.9891327280758441,0.9672350691397362,0.9989520574637235,0.998999548688408,0.9990117616141297,0.9986091236927109,0.9986444299493475,0.9989899298117572,0.9989649113614402,0.9991909120123884,0.9989493320678423,0.9989488754306145,0.9884772937963053,0.9190627099940881,0.9450797728866501,0.9299686788756621,0.9206840700372364,0.8862413463325298,0.9459522265830007,0.9362133942522641,0.9501742703193526,0.9553853605855521,0.9447789627381639,0.9792161596349724,0.9791567037218657,0.9891951078482969,0.994213325984235,0.9814973136833566,0.9751417607092614,0.9822308253797062,0.9814608267093087,0.982578826342307,0.9823726302070902,0.9555005469331376,0.9633314799487492,0.9581127021220007,0.9577918899906142,0.9189081379038885,0.9766070986348605,0.9730549848036699,0.9790613471327164,0.978260866325849,0.9390452326513556,0.8603495191761017,0.8200011532839077,0.8819946727248333,0.9198338800528333,0.9034333212539687,0.9109589670234852,0.9099878023521052,0.7362253693878738,-0.5782467251030549,0.9731107993768078,0.9635367187522477,0.9609321604312746,0.9824982237846458,0.9638945060745887,0.976802058744059,0.9764535221956107,0.9400494267428823,0.9784846465835958,0.9431475663809921,0.7495803437374079,0.9213461504190278,0.9502341791472871,0.7513218748005015,0.9365127842067986,0.9379483445843441,0.8924969989192189,0.9703794210894403,0.8863163099362554,0.4510248329186972,0.6561750090805514,0.8921179930880482,0.8382404252967307,0.8871574752444386,0.9777792721204358,0.9779604060656045,0.7421009015921433,0.712398052862488,0.7458267291283378,0.3821245341388764,0.6932285921792984,0.7510508583788007,0.7463886140911057,0.7087358401924889,0.76198033684322,0.7336923126107218,0.7151277903225194,-0.47169531996152964,-0.5521313750636337,0.6529294391894935,0.8865627155211722,0.9211089453031144,0.9357453005609787,0.9079130710445047,0.8039450532481733,0.895636999979153,0.9146592326407992,0.9141444553943087,0.7938120712615367,0.036822128179937276],[0.9858979062358252,0.9900946724532439,0.9911708629705849,0.9870220359869825,0.989902012263372,1.0,0.9854833950938813,0.9861551117618662,0.9919431546719112,0.9854872254241106,0.9808588080444061,0.9796521998713908,0.986045442529338,0.9864922415597005,0.9862246877610709,0.9858451598954967,0.9890002812337426,0.9871180871412725,0.986959323064042,0.9869232696239187,0.9850442483139842,0.9861057932874219,0.9956999637215497,0.9929414775571693,0.9871708171548321,0.9856365526471652,0.9873116549916195,0.9762828450826112,0.9874671390805414,0.971786461320128,0.9651321880727607,0.9704181472694802,0.978369392440304,0.9659417778370357,0.9852118521628177,0.9855278563543391,0.9863562925990659,0.9868416138355803,0.9805769741092014,0.985904400090741,0.9843315461430725,0.9860181771626914,0.9853667528997643,0.985335115118497,0.9957015263327903,0.8668740713888226,0.9249638290825971,0.8951725761658819,0.908099299474602,0.8715495510668279,0.9209561840865401,0.9088710663773754,0.9233643795259538,0.9357492613352518,0.9189702447643804,0.9534118540496691,0.9582142995055649,0.9637233101083708,0.9738622631937675,0.9697183807761485,0.9847331320996486,0.9711290540802457,0.9830976052630825,0.9707421009120568,0.9702055540942415,0.9742819772974006,0.9661628344342689,0.9461685924944588,0.9456796362577047,0.9417771681937747,0.9812548352120233,0.9737924410791446,0.9709376880411518,0.9695393084672638,0.9596830253488289,0.8818395020243036,0.8343433248392312,0.8997471628437905,0.9112309569819786,0.9202022034443914,0.9015866844434265,0.8995524021402034,0.7089248742779414,-0.5167146469540768,0.978918422183415,0.9793084585188451,0.9750713823459736,0.9706963544793314,0.9706310294863993,0.977981110606126,0.9776118641708487,0.9649165613015976,0.9673373217034634,0.9638330738427173,0.7613609180388655,0.8771630666914703,0.9493826907592968,0.7975949080659477,0.9391045167434628,0.9400935842458692,0.8697026541550218,0.9592129700485422,0.8399104670470557,0.5421995630082294,0.6858896258538733,0.8491699038061038,0.821673227229054,0.8383831178022192,0.9602409918504051,0.9603221157810556,0.7360184291793149,0.7070505694784224,0.7552297083207588,0.40643461129772857,0.7431960939382964,0.7607968145498388,0.7545162771145145,0.7505370968087346,0.7594791721471351,0.7139526158645764,0.6987874043059769,-0.28942030693135107,-0.4193507382585536,0.6731230010023763,0.8659854271378782,0.8837765312527852,0.8955605969946903,0.8784304848289305,0.788570288245034,0.8559809695125026,0.8754939254790757,0.8753743002630267,0.8179767439994903,-0.14058740460144706],[0.9978342836085162,0.9943384393361463,0.9901989329917987,0.9981046397442297,0.9990990756371697,0.9854833950938813,1.0,0.9974143345302985,0.9577655909622973,0.9995847824117652,0.9995266355615168,0.9995407568528438,0.9983349313905965,0.9994494794184291,0.9991368219395982,0.9998872369072799,0.9963961813456668,0.9999024470304091,0.9993417217224632,0.999347641219439,0.9996952145584395,0.9992902437368912,0.9908356644406247,0.9748698440584336,0.9853002871439069,0.9258636916224868,0.9932262260060486,0.9908767544841696,0.9733816142462985,0.9492613845422297,0.9916527436935186,0.9917295961375147,0.9931529419142643,0.9732325027608173,0.9989534853489129,0.9998417947952944,0.9996968590864971,0.9994573085195557,0.9997424285575712,0.9998251670024825,0.9984343513991297,0.9997187084360312,0.9993534956486251,0.9989922325331652,0.9814246688253195,0.9267721998053859,0.9486840535600248,0.9410893557392481,0.9300587731879192,0.8864399869265908,0.9568484759961222,0.9433609773130213,0.9591050713328548,0.9596456367101446,0.9507483932492337,0.9812784902729063,0.9802384549443499,0.9913839531477115,0.9963752113125265,0.9472209411051634,0.9629344314669764,0.9728814673381758,0.9735242057017427,0.9744920781933258,0.947303314589071,0.9035991509863898,0.954495219052652,0.9604744889855377,0.9383851979059664,0.892939864139589,0.9668909147227654,0.939018417414311,0.9672904213335378,0.9476453275348352,0.7736857232930737,0.8545317629715832,0.7764901434845906,0.8695300767667716,0.8890950937300945,0.8936228611148123,0.8722629507160983,0.8846052893949897,0.3250730368561836,-0.5964698570534235,0.9642614692107864,0.9493830836685829,0.9481981485152107,0.9489982105180128,0.9604278244785776,0.9707952045042114,0.9708882331996502,0.9300264275906717,0.9673376202075641,0.8465584512802344,0.7445563125486971,0.9218790169747445,0.929449023207704,0.7801390493963464,0.9482080703778516,0.949137068150926,0.8955481361292142,0.9697356122460166,0.8321118019143094,0.6000661926490535,0.7090068475462293,0.8550035263152252,0.8458395983108498,0.8365391501597351,0.9779233193418387,0.9781622422395171,0.768578589130925,0.7095736521283902,0.7821824415709178,0.3768615507787801,0.7729844639804783,0.7933064173602379,0.7889696869266871,0.7907147288086428,0.7585981824881874,0.7391531074538689,0.7197210881278626,-0.27686732017812604,-0.4270261371138781,0.6699397406470627,0.8897077708720825,0.9253987696733508,0.9417804379731372,0.9127874475341218,0.8241337398437657,0.9102290174923111,0.9306033659777736,0.929240849170308,0.7757321569668016,-0.1382923271291187],[0.9959390362718973,0.9911716508304368,0.9907953558050413,0.9963955798701863,0.9984942536665109,0.9861551117618662,0.9974143345302985,1.0,0.9687860055252882,0.9999998195886456,0.9999992561021271,0.9997238557409878,0.9999970255112428,0.9999920910687919,0.9999981111445179,0.9992742506710042,0.9909107837574599,0.9994092762662953,0.9999025238673228,0.9999022785989543,0.9999622088648015,0.9999987251398113,0.9911767325179118,0.9762888608068755,0.9924910968658286,0.940033703428932,0.9937293234283547,0.988824887576257,0.975574806134845,0.9483817736713244,0.9879336391075556,0.9938215099354425,0.9916186106751926,0.9699213957967147,0.9994520560203207,0.9995410422712825,0.9996530512354842,0.9997252745404032,0.9991144501756858,0.9994673088975681,0.9981295118200882,0.9987365567931359,0.9995229440666388,0.9993852880681565,0.9830289745182129,0.926623155687667,0.9458047137355716,0.9454932944719363,0.9280485744465988,0.8745104639596595,0.9551272162493931,0.9386548494242489,0.9570035034971321,0.953631071855382,0.9444914653811235,0.9792351870348263,0.9771647653734474,0.9903246043166851,0.9969758610840774,0.9420897705906666,0.9584153496562036,0.9661783076526113,0.9702648063035908,0.9681952435788259,0.9455157264001841,0.8952508630773566,0.9494856298855431,0.9534476121629161,0.9328184498276998,0.8801171177907063,0.9639945936353302,0.9325836930010053,0.9616104050399771,0.9428775430174957,0.7601117704245558,0.8460803754163958,0.7719074989530378,0.8611342598859478,0.8815912518987927,0.8887697677932794,0.8676944769839889,0.8775540636111798,0.3067923792699541,-0.601156336425612,0.9598307577640807,0.9422173542132114,0.941741050463243,0.9469744926152263,0.9554947871451175,0.96643942219437,0.9665331283255044,0.9247268518523581,0.9601993549702665,0.8346198443278895,0.7412261220160683,0.9372418655045152,0.9406352522377098,0.7760656110359145,0.947881349934292,0.9489682253275991,0.8929780575040428,0.9738999738457863,0.8352608405839244,0.5857421662085055,0.7000556903343178,0.8561505710431906,0.8427062552159932,0.8388939680733016,0.9805256019213073,0.980763592789854,0.7593615316839599,0.7015383985155176,0.7836425366443164,0.3637439585699888,0.7677947094866459,0.7887865118293788,0.7895398360483794,0.7851082877664158,0.7520791406853782,0.7331833922907575,0.7131444079167925,-0.2929560194895436,-0.44209149048579094,0.6549595940132523,0.8818885393303547,0.9229383502840951,0.9341572012068782,0.9068503377869288,0.8131683902141956,0.9037538603994315,0.9243016786104984,0.9232218019893064,0.7564698609947491,-0.12111861208486055],[0.9691936174170295,0.9837462443995829,0.990368411799404,0.9714931347861799,0.9841106536481639,0.9919431546719112,0.9577655909622973,0.9687860055252882,1.0,0.9837527943900083,0.9877883304662998,0.9898325713386574,0.972490741338118,0.9807808964630668,0.9774124533685754,0.9751712172318757,0.9489225357496778,0.9799068305343754,0.9781454935443115,0.978090131246833,0.9822435158825417,0.9772698634855859,0.9940272357124049,0.9920841964878899,0.9816664278548305,0.9877825445619307,0.9846451624571319,0.9891470417094338,0.9899435441906607,0.9648072003983219,0.9288959321304895,0.9504583808163451,0.9655475069911416,0.9473097759204463,0.971851992711616,0.9801247319492024,0.976945154313901,0.9793149933825179,0.9878627087105755,0.9811992404033582,0.9676285774438858,0.9769383377767659,0.9726852767125439,0.9716168705923153,0.9988964928726157,0.8849929345835525,0.9151836068878432,0.9349888929450534,0.9233454805127196,0.8457121918819571,0.8856662758071188,0.8796114771068516,0.8893741589614358,0.9089790435852341,0.8915191165789309,0.9292810417691331,0.9442886457437261,0.9498895961125018,0.9629922810099788,0.8953710063384941,0.9615445601921884,0.9387456901500986,0.9605596087513951,0.9388367698092105,0.8934005913139781,0.9029236090942622,0.9336304132518777,0.9064390835748796,0.8694889920811937,0.865723941330269,0.9618258880040053,0.9112392713255132,0.9374878753262271,0.8984628804741652,0.7958351195755592,0.8267433056986576,0.7089449536293044,0.8477751875463939,0.8655826195167028,0.8790729438782534,0.8275307560843808,0.8463592249169236,0.34864765113398805,-0.5427150092021394,0.9502494910565759,0.9433379148984462,0.9400545625409603,0.8947875087145967,0.9395675648507268,0.9486786982530905,0.9481938977777069,0.9299271639692285,0.932748690559203,0.8512103190080287,0.7433882326397463,0.92870336088198,0.9561743955001357,0.7698462590609513,0.9276207730424058,0.9292507071294154,0.8499834878972659,0.9678062991152662,0.7442612877984325,0.4816240453384373,0.6426377356912051,0.7757151813658674,0.7736318965034188,0.753873211633804,0.9673176075184912,0.9673326276749475,0.6882421317622609,0.6613083127335193,0.6775142399732376,0.3523233164439513,0.6815699003842379,0.6921613018141767,0.6782631953519527,0.6900066186648343,0.7264253503457938,0.6767509316461171,0.6588854382856355,-0.33855549071913854,-0.473614483613561,0.6705170042687081,0.8416753967762477,0.8395070899318132,0.8658895470488893,0.8646409975585795,0.752822836515046,0.8178326136450773,0.8453644754698322,0.8392223044224837,0.7090019831676948,-0.061663483773680104],[0.9962756982317565,0.9911923106998203,0.9935643080204478,0.9967785368468699,0.9984966455852251,0.9854872254241106,0.9995847824117652,0.9999998195886456,0.9837527943900083,1.0,0.9999990898645749,0.9997290995938817,0.9999984828365911,0.9999907857593058,0.9999975997228329,0.9996520434560775,0.9977213875287326,0.9994035130046661,0.9998730397883295,0.999872977639367,0.9999753943045597,0.9999992536598604,0.9937614089495539,0.9776834920213286,0.9958285334531246,0.9736691459558491,0.9959227972580668,0.988846435642359,0.9798536083871101,0.9495615830723778,0.9892181303761177,0.9934563631641454,0.9889290395232095,0.9661667552950185,0.9994631002159949,0.9995316226300534,0.9995423494406587,0.9998172370787886,0.9991290254270244,0.9994751642966136,0.9983109356714548,0.998776007154268,0.999465409115731,0.9994602142994797,0.9872567150392463,0.9266915355609839,0.9458423247237501,0.9455126304679833,0.9281235835718917,0.874665632116725,0.9438163799662784,0.9307965575661789,0.947436741355823,0.9515529996483154,0.9422416379688098,0.9775047656434533,0.9771986979831978,0.9907572748663424,0.9967330280532225,0.9713539497985726,0.9584131816995025,0.9721584778173215,0.9702670777271934,0.972593383363248,0.9723154520928234,0.9431871041885685,0.9495113819890844,0.9484267177419687,0.948070454446867,0.9075657121164078,0.9639838680830669,0.96335466693337,0.9691574867828422,0.9681248175425168,0.9257079545626812,0.8461392462439614,0.8002811362876923,0.8611899477609504,0.9026345142839891,0.8887813256634968,0.8951716823718873,0.8942572262227435,0.6878643189929075,-0.6126136835766578,0.9598448401414144,0.9422310933929989,0.941762581432392,0.9725554437405464,0.9506896125765975,0.9660602497125442,0.9656467933616761,0.925397892933262,0.9679797605451544,0.9288022874957392,0.7412451888439046,0.9370908030686691,0.9532139956905933,0.757677599417518,0.9407098568145625,0.9420754152380671,0.8930489722705781,0.97303115717367,0.8940953188193089,0.4870217807500155,0.6741269596105015,0.8997932437036379,0.846728243078499,0.8950483410188497,0.9805109468898018,0.9807490548136988,0.7594293870678338,0.7016410343933226,0.7625801097041085,0.3638799226270115,0.711635664035361,0.7677460328615725,0.7629893277916286,0.7283987223275339,0.7521333117168948,0.7332741674947597,0.713238322490196,-0.5179951420409729,-0.5992616822357294,0.6551780541314233,0.8819913559957873,0.9226217727578575,0.9373333770565299,0.9069430245805811,0.809365347635303,0.8966127396118064,0.9159507602169144,0.9154040156494376,0.8051432834005184,0.1049642711300448],[0.9943046200536043,0.9911974873640929,0.9975963682884372,0.9950618177802781,0.9980630854158083,0.9808588080444061,0.9995266355615168,0.9999992561021271,0.9877883304662998,0.9999990898645749,1.0,0.9997291044779141,0.9999962085223765,0.999994396595423,0.9999981806898252,0.9996287134598296,0.9972779465511522,0.9990949794595382,0.999759318887017,0.9997591230690263,0.9999983296652222,0.9999981970719171,0.9926114760682808,0.9716752304587852,0.9947260197515295,0.9812267745143051,0.995365323391743,0.9888636201032788,0.9813496031583098,0.939260924747418,0.9875981550940549,0.9924779346349321,0.9815770586296038,0.9370011212036499,0.9991918672099794,0.9992531869234801,0.9991840218851752,0.9998840748932588,0.99910961002154,0.9991947862515509,0.9976380263634042,0.9982945555243629,0.9991591705346775,0.999156273844664,0.9890408944206177,0.9263687900852312,0.9070023142255282,0.9454373848369766,0.9279909025417213,0.8742871238053944,0.906919880069331,0.8932892314536577,0.9119739605886837,0.9199563829156678,0.905051285296681,0.9679027566312692,0.967872158974185,0.9896655311335367,0.9950148552124656,0.9631115665875004,0.9585107823469282,0.959629885349147,0.9595360377230954,0.9615294493518947,0.9612459473968531,0.9171245279899913,0.9382724864635668,0.9135330659611645,0.9130138930591619,0.830719683615488,0.9609927318254899,0.967541845333649,0.9634548417330583,0.9623163985474087,0.9150693164809477,0.763082508377979,0.7182455951651138,0.8141255116445157,0.8755142713069662,0.8389555329610663,0.8571945236793386,0.8556546318349961,0.6781838713748992,-0.43888412180983305,0.9450287657672485,0.9423350773226641,0.941829610268747,0.9644758439595694,0.9358663585016016,0.9484262652807536,0.9477026813506582,0.8918967558422921,0.9517640637312622,0.8981060051236995,0.7413907292594326,0.9374752130145368,0.9557303166007529,0.622971469685506,0.8922243094164644,0.8953348670537515,0.8470510966685605,0.9839234862980667,0.8345523406534819,0.15403547328976655,0.5179035366449569,0.8470184258981093,0.80987861564357,0.8408293897052169,0.9846472795945077,0.9846610137538802,0.49283958361306074,0.6034411551896423,0.500225924243729,0.36377426478661573,0.46366749509797095,0.513190435088782,0.5021913484446624,0.43848657331826096,0.7386703831838718,0.581790641669638,0.5410129624490103,-0.48380154311731033,-0.5375198067139949,0.6545221259900644,0.8601749014519486,0.8730902727646223,0.9019661595426427,0.9004159647867911,0.6546683746507074,0.8349340534208921,0.8647207449705033,0.8639325703386488,0.6057001173960749,0.043264212885736876],[0.9938328425083226,0.9930835938274954,0.996689399894213,0.9948524432984074,0.9980979237278719,0.9796521998713908,0.9995407568528438,0.9997238557409878,0.9898325713386574,0.9997290995938817,0.9997291044779141,1.0,0.9997441940061288,0.9997272877030586,0.9997348433380434,0.9996268570289698,0.9979176360447407,0.9993093231471841,0.9999654033312583,0.9999650705070157,0.9997337762328408,0.9997403065510246,0.9917734399149187,0.9665389892436705,0.9931713450612608,0.9811520567075643,0.9940644158164036,0.9919509853468838,0.9762275539098152,0.9153901597393084,0.9901362571601158,0.9933791266482563,0.9762103007961792,0.9134174346949453,0.9993178715181651,0.9993741246467013,0.9993275552949005,0.9995244553294292,0.9995481083555636,0.9993468111544928,0.9974292934692708,0.9982979219707552,0.9993026260360659,0.9992990305235343,0.990003973592715,0.9211935744875451,0.8911672670879134,0.9421928997309227,0.9275047291084139,0.8743872289549373,0.8655660355506276,0.9064265455296174,0.8699132356243255,0.8905655916057429,0.8633457962204172,0.9537435006880388,0.9537181978634953,0.9792094333570299,0.9940177809404345,0.96156262300938,0.9630855451150895,0.9549614564023821,0.9568389122732199,0.9583650205683308,0.9582075817172916,0.9167413110280688,0.9288320963211715,0.897905956614149,0.8977720151002115,0.8095586478318428,0.9588681768614898,0.9614890827002881,0.9616121504595637,0.9610474752820808,0.9206030429959174,0.6936854357680426,0.6428705830756553,0.7668729485765483,0.8455285379417027,0.7901588966847672,0.8187982347982709,0.8177970650169271,0.6423032557745249,-0.3520840867689128,0.9384287066084632,0.9456610875481078,0.9382067323004667,0.9626391397783204,0.9357844262092231,0.9429508012295488,0.9420319022203327,0.8877086593870186,0.946146973267259,0.8928087128798808,0.6793713174233689,0.9344450104380456,0.9286283342051124,0.45849588140405917,0.822083682200601,0.8275700586172405,0.7281635662614957,0.9763690179893312,0.7036306541039534,-0.220112233014359,0.2397713846384787,0.7281944358850586,0.6819229740381543,0.7215073305441843,0.9775572313794382,0.977627241922032,0.14914568616340992,0.3052907068710543,0.15358464022666352,0.12582112734851356,0.14587955343055445,0.16342241051354886,0.1609023833869911,0.07778235816423533,0.5017280250652131,0.23284636381204152,0.18008906582197529,-0.5079956885833286,-0.5498379486970281,0.6552404750927113,0.749720948891514,0.7739897634906038,0.8359409170910205,0.826158095944929,0.5504781565278929,0.7436131649870134,0.7687620542612956,0.7676059474395677,0.4187293155835079,0.237847554472555],[0.9960623011199298,0.991341060457657,0.9906710272389063,0.9965006736866533,0.9985276641901822,0.986045442529338,0.9983349313905965,0.9999970255112428,0.972490741338118,0.9999984828365911,0.9999962085223765,0.9997441940061288,1.0,0.9999905972972267,0.999997670402852,0.9993262840446794,0.992671479878223,0.9994526618733997,0.9999120516297818,0.9999119950796632,0.9999694643710051,0.9999989293181669,0.9910755134872733,0.9761298555774637,0.993153598701648,0.9449675244891907,0.9936847969161837,0.9889633219787171,0.9753913718673172,0.9483640632273359,0.9888364398541938,0.9938952817710313,0.9917113414959062,0.9700776168148436,0.9994947308079206,0.9995823561049733,0.9996846957086305,0.9997259995802846,0.9991835560434992,0.999510420556576,0.9982190162633205,0.9988089383534922,0.9995662285731226,0.9994288860361394,0.9828117489722998,0.9269225226038715,0.9459956364856827,0.9454485480745298,0.9282523882064626,0.8752858345338956,0.9554804870308116,0.939066583730827,0.9573625223894506,0.9540009136636527,0.9449042348003703,0.9794902134311132,0.97736174202472,0.9904682899489704,0.9970489848830613,0.942389968489881,0.9585400792216124,0.9664449085752858,0.9703798648964544,0.9684584675200693,0.9457661562753483,0.8953606159251742,0.9497208471935397,0.9538406843978479,0.9332383172131922,0.8804733864645694,0.9640605761226337,0.9327837520894426,0.9618175671446443,0.9431573391401603,0.7601558741947887,0.8464898704340953,0.772430359287509,0.8615257019920032,0.8818903904849715,0.8889825868348964,0.8680758145634736,0.8779410424969496,0.30704288980406363,-0.6011264433756193,0.9600063894060091,0.9424984793360137,0.9419842916532024,0.9472121552176137,0.955686348993339,0.9666279378836521,0.9667225089488756,0.9248551554476092,0.9604863385264678,0.8347780660786491,0.7413617485403666,0.9365473924517604,0.9401186742754282,0.7762144821230605,0.9479144051981968,0.9489928595704606,0.8933177772135891,0.9737441664560148,0.8357298508332184,0.5867991387969869,0.7007257712915136,0.8566112602665964,0.8432368100512241,0.839360213134967,0.980451960014807,0.9806901051769069,0.7599953841034766,0.7021020654599053,0.7842370573357711,0.3644885926008333,0.7684743277711852,0.7894727255175918,0.790145386807374,0.7858175610160223,0.7524501156299097,0.733636722281583,0.7136197268930363,-0.2919835172157017,-0.44122067565545436,0.6554585588664693,0.882407151862122,0.9233857965060771,0.9346825951373408,0.9073166574234358,0.8137326376465608,0.9043258591146276,0.9248644973321655,0.9237735893160232,0.757148238054993,-0.12214869282172275],[0.9961016250631805,0.9911922005430369,0.9929629222560038,0.9966308796815906,0.9985293991320258,0.9864922415597005,0.9994494794184291,0.9999920910687919,0.9807808964630668,0.9999907857593058,0.999994396595423,0.9997272877030586,0.9999905972972267,1.0,0.9999946189405237,0.9995281633893901,0.9976426381326954,0.9994077025228667,0.9998959538287112,0.9998948744340987,0.9999501413412213,0.9999907078866409,0.9930785611092516,0.9765327830755879,0.995550064711533,0.9676792956555801,0.9953236540056596,0.9888067973198404,0.9756955923829093,0.9485847806012386,0.9889413523216926,0.9938404287547359,0.9909332195969104,0.9695861145507714,0.9994637431904035,0.9995339779527964,0.9995994691210653,0.9998784878470833,0.9991407498565491,0.9994563349443685,0.9980439257830207,0.9987267440251071,0.999480153114933,0.9994727223232304,0.9852552221885844,0.9268581892559035,0.9457283637107751,0.9453695222252766,0.9279465719293066,0.8745763340582164,0.9491542597114302,0.9306062058952682,0.951305705226587,0.9533828687007445,0.9442000652591375,0.9776332905349309,0.9770181333815875,0.9896619042791233,0.9970445225485908,0.9715315514750696,0.9581744362603247,0.9721281376009312,0.9702642168058521,0.9731326859905085,0.9728416282165315,0.951829238268584,0.9491895145749888,0.952845090629415,0.9524709438116483,0.9242176841133715,0.9640164883397454,0.966260979762247,0.9708049945693327,0.9696328225154176,0.9352549739044194,0.8457725502287758,0.8082335352954584,0.8609074758400956,0.8936563585757147,0.88872690771031,0.8898271923268896,0.88859069025853,0.6656070119975711,-0.6013349662691286,0.9598566632636845,0.9421202532211682,0.9414978897693299,0.9727384818531237,0.9556108822709999,0.9664622822526183,0.9665520374774748,0.9248340392340693,0.9669958913361449,0.9370710010621531,0.7410486569889856,0.9367610154165105,0.9462817508701525,0.7755698301193468,0.9477203913930027,0.9488249279468243,0.8929220749451482,0.9741604814724346,0.8836638887447054,0.5857325418739707,0.6997219004884062,0.8912210645680588,0.8553804853833684,0.8817620359542698,0.9807831258868775,0.9810181361546008,0.7584981103082076,0.7010384365524589,0.7993798106245183,0.36381469447672,0.772125890064505,0.8040115633655381,0.7985270070491282,0.7838752805512339,0.7521959100289334,0.731902903012384,0.7119073284509569,-0.3848221065902572,-0.5054238136278808,0.6543748344737023,0.8819960834843152,0.920081073342484,0.9299908131703382,0.9072953548510299,0.8123005631260162,0.890767917710858,0.9129148571228096,0.9124984102808884,0.8431313123490675,-0.08928968685279837],[0.9959860964434057,0.9912586789200906,0.9908546825438068,0.996441878856971,0.9985269926180027,0.9862246877610709,0.9991368219395982,0.9999981111445179,0.9774124533685754,0.9999975997228329,0.9999981806898252,0.9997348433380434,0.999997670402852,0.9999946189405237,1.0,0.9994219802268778,0.9968653162261344,0.9994264834621044,0.9999056827789373,0.9999051235179486,0.9999634709798362,0.9999974904211958,0.9912209766970701,0.9763526793745285,0.9948921240008102,0.9590164504981842,0.9947008740324995,0.9889108455313865,0.9756285955660645,0.9485574325872953,0.9912908485875753,0.9941706001531685,0.9915639100179195,0.9698231787666448,0.9994647165856116,0.9995430602844305,0.9996609652118956,0.9997416986674157,0.9991458084304445,0.9994651432287212,0.9981563538927988,0.9987543232288264,0.9995337458931508,0.9993989735861842,0.9830259629645185,0.9267044180035398,0.9458260554567659,0.9454891520224066,0.9281769807154766,0.8748423546524693,0.9552126302505781,0.9387979775529471,0.9571221909693192,0.9535802547116006,0.9444090818545743,0.9792649274838802,0.9771100674068851,0.9902946649159166,0.9969399616463773,0.9424018712855959,0.9585115486466366,0.9663540529911085,0.9703420161567161,0.9683559554122907,0.945307265948643,0.8954764106066702,0.9493793058789123,0.9535146143552399,0.9330427214724029,0.8802535391586124,0.9641463477803337,0.9329497855645552,0.9618248062807557,0.9432045847994535,0.7604762852048785,0.8460620636599061,0.7721820066960686,0.8611600584279595,0.8817686049175071,0.8887680070351917,0.8678539172201482,0.8777301223164607,0.30715668790693224,-0.6008536069162951,0.9599123014609572,0.9423797092545189,0.9418816530833201,0.9455548229964608,0.9556761694863971,0.9665197205030692,0.9666100802932575,0.9249185977307898,0.9603758824751039,0.834899921899175,0.7412637997317245,0.9369091099930319,0.9405242830614625,0.7760500175068106,0.9478000417094741,0.9488911956497332,0.89279513348925,0.9739186596490386,0.8352993962351359,0.5855775541594206,0.6999437892375043,0.8561661843360324,0.8428404144345168,0.8389292380087685,0.9805695783026794,0.9808042365054339,0.7589604702217027,0.7011779218327969,0.783627570426916,0.3640211588701257,0.7677755118000245,0.7887093384478184,0.7897043326713229,0.7850101632965658,0.7519923272753253,0.7324154798964158,0.7124115963602112,-0.2927615170946888,-0.4418926457134809,0.6552228529405453,0.8817974658973146,0.9230696286828451,0.9342064296877046,0.9068933562433847,0.8129658443595001,0.9039675010614541,0.9243458203423903,0.9233838568592199,0.7565736048875432,-0.12140463436237665],[0.9975742824576567,0.9936220829736535,0.9902441713727284,0.9978697901138762,0.9990452595123401,0.9858451598954967,0.9998872369072799,0.9992742506710042,0.9751712172318757,0.9996520434560775,0.9996287134598296,0.9996268570289698,0.9993262840446794,0.9995281633893901,0.9994219802268778,1.0,0.9982981111241171,0.999838676299643,0.9995169874155438,0.9995221331802234,0.9997507311023477,0.9995019497732974,0.9908318240854187,0.9752553073367196,0.9934476138978534,0.9508124743553074,0.9930825767574416,0.9908148551478665,0.9736307222957074,0.9492049712804985,0.9917879200582453,0.99252715527569,0.9925249221220548,0.9721644055620344,0.9992444067240612,0.9997243652232316,0.9997005135924714,0.9995409269677027,0.9995537457377417,0.9996769820310236,0.9987947164612626,0.9995532341414813,0.9994890913398073,0.9992374340235799,0.9814774921714874,0.9254154949036655,0.948147618616365,0.9411816216453308,0.9286333384353023,0.8825963987495026,0.9574348528561213,0.9437275551835008,0.9596498479948546,0.9581612709542361,0.9490639616741651,0.9814169195569225,0.9793945547255789,0.9913402929078514,0.9964173882152475,0.9474834155894742,0.9623496652038722,0.9719699449798617,0.9730692374308115,0.9736792827559089,0.9484332603370104,0.9022168689308528,0.9530347521289846,0.9594367610707719,0.9384761616054081,0.8901166942787011,0.9667465273260725,0.9385804402606476,0.9667507012981926,0.9480218888672373,0.77068090428674,0.8522078635674026,0.777327866329406,0.8673022586635395,0.887636790342555,0.8920797765462283,0.8722010751912607,0.8835897384765358,0.3205972040619708,-0.5972250790229369,0.9634640372521079,0.9478212105785175,0.9469545965664291,0.9501749085039219,0.9600934590010146,0.9700734547356452,0.9701524678735384,0.9296273283275079,0.9662928658547446,0.8441602422985125,0.7428904963694145,0.9259686678956905,0.9318321085954264,0.7791540487751262,0.9478671418576178,0.948836287922097,0.8931582839835509,0.9701591138292647,0.834547655832148,0.595649456321714