var element = document.getElementById("correlationClose");

if (element.style.display != 'none') {
    var correlationClose = {"data": [{"type": "heatmap", "z": [[1.0, 0.999983004465523, 0.5687450778188866, 0.9997003359146418, 0.997461812210216, 1.0, 0.9908084702167691, 0.9863578228140366, 0.9914564811899482, 0.9730680401327524, 0.981967747060751, 0.990853157105852, -0.1311535595348835, 0.9909185383775011, 0.9909602560375793, 0.993558829823773, 0.4559438497734656, 0.9919333049265312, 0.9919183958627562, 0.9838623539801813, 0.9908400699630135, 0.44566814307715985, 0.6637376278568327, 0.9777875758835626, 0.9777645289734801, 0.9600891304236085, 0.30552653618364467, -0.1228175183465201, 0.9898436389292709, 0.9898025797301201, 0.2754535237032858, -0.20457700965273612, 0.9937437589550306, 0.9946158990517081, 0.8105383051408953, -0.3905762827500941, 0.9874877294818722, 0.9943704525412635, 0.9942704891163413, 0.4383120472101758, 0.9939317171922779, 0.993917936874233, 0.9939317171922779, 0.8886073824662077, 0.6708888389065408, 0.8640362985018727, 0.8791552115168365, 0.7929658247083687, 0.38886739362613343, -0.1313546590717224, 0.1916546790900807, 0.9455355245100328, 0.4643059975145418, 0.9769697578052016, 0.9711310023166787, 0.914375449461255, 0.9101426250936768, 0.9326743385987649, 0.9081453403433296, 0.9294302037479933, 0.9302158945516836, 0.9294302037479933, 0.842863559133862, 0.9058421249579204, 0.9069319024875457, 0.9058421249579204, 0.8950999117233657, 0.7326538190493892, 0.8701594430838401, 0.8717907304359177, 0.8701594430838401, 0.6172450250544663, 0.30772599131684075, 0.5939375970847589, -0.5952028453949245, 0.48889528723741565, 0.5434007169419814, 0.5447616325417282, 0.5434007169419814, -0.10058617566278136, 0.8823036721880008, 0.9140672804411286, 0.895817208330896, 0.9158802144233438, 0.45302759762639533, 0.8795279224290723, 0.8807386538908885, 0.8795279224290723, 0.8892305500128923, 0.8892305500128923, -0.1620697371587647, 0.5467614310403791, 0.1932509496343872, -0.5575258434345914, -0.5618389137462371, -0.5654770349980828, -0.037948491931123624, 0.05558057591326731, 0.2610352371897731, 0.13933795424960474, -0.3802131687109605, 0.057598404569116975, -0.7923438943718669, -0.2087082129261101, 0.12022970531994329, 0.12043566662703664, -0.5397448337380812, -0.605698638660275, -0.21029148742243542, -0.4853721331270784, -0.8293106156970758, -0.34736718574744413, -0.3384066708896639, -0.34736718574744413, -0.1831069157068852, -0.25467731925171944, -0.25467731925171944, -0.8177968027110207, -0.8177968027110207, 0.40035274517131203, 0.6580093479763117, 0.8733328774891665, 0.8521158838178395, 0.7897488067007952, -0.2462485606820101, 0.767802468653124, 0.8083317040891155, 0.8086155870243016, 0.8083317040891155, -0.23547122513417923], [0.999983004465523, 1.0, 0.9691718192968741, 0.999211704936321, 0.9937200947134516, 0.9999830044655228, 0.9779087881435296, 0.968892088046869, 0.9776877473318419, 0.9583905800886593, 0.9798624169063376, 0.9779568562446732, 0.9779163946935865, 0.9777331777910514, 0.9770118963052111, 0.9855014451527886, -0.26120687887639116, 0.9833568145030401, 0.9833280070227368, 0.9780225931582752, 0.9780132352169179, -0.1491518508864831, 0.967903745516363, 0.971038628999954, 0.9711097245790936, 0.9602935078502903, 0.034235683633148474, 0.1490954576051167, 0.9757703221990303, 0.9758306706166253, 0.9711188537280059, 0.13687090987011594, 0.9874678289988836, 0.9875486123932141, 0.9883268009303308, 0.9801150977167119, 0.9858650665133454, 0.9874991249054735, 0.9881501326914116, -0.2678627350867425, 0.9884123937258809, 0.9883927516661896, 0.9884123937258809, 0.8886880597959307, 0.5515964547367073, 0.8642749541501725, 0.879175974345848, 0.7922431969254384, -0.4417800908099238, -0.5488082961202653, 0.8292016980314244, 0.8563846442443727, -0.1778102570336797, 0.9339542252506075, 0.9340336782075543, 0.9228050077413105, 0.9328810495075698, 0.9104130141361022, 0.9100425246977567, 0.9172392356936808, 0.9179789015064628, 0.9172392356936808, 0.7736223984614373, 0.7339273949410172, 0.7361510459736231, 0.7339273949410172, 0.9270870049713692, 0.9322559341385885, 0.9269310213560759, 0.9281523618772195, 0.9269310213560759, 0.44232732799327945, 0.383884839400817, 0.5052024288990419, 0.6094303150131694, 0.4886000557982593, 0.5296655214716263, 0.5305651772877671, 0.5296655214716263, -0.21710487162741318, 0.8668421227108438, 0.9036645838455603, 0.8900585040580852, 0.9300655567490913, -0.07965180831561697, 0.8608297708972477, 0.8612407117207059, 0.8608297708972477, 0.8721650523629972, 0.8721650523629972, -0.2649348755322543, 0.5472639279547113, -0.3833163130673021, -0.6530319080776033, -0.4681760214333395, -0.47157161119262897, -0.30537967751474177, 0.2205687910468476, -0.21577801183169693, -0.3941262787441389, -0.5883132203977991, -0.28706574425783854, -0.5000991215819326, -0.3408858253981011, 0.09457513412161149, 0.08976047945317167, -0.4889302959218124, -0.4443821492463623, -0.4724462457684707, -0.5019799881915423, -0.49450616069143066, -0.47465082558787935, -0.47787742029527247, -0.47465082558787935, -0.358448344470335, -0.49735135106032097, -0.49735135106032097, -0.4711270186229514, -0.4711270186229514, 0.4006415325234673, 0.4149036903571162, 0.519603836998853, 0.6020131347617692, 0.5774801925032275, -0.3904037064631003, 0.3834743972800155, 0.37421206401685414, 0.3743041662196683, 0.37421206401685414, 0.1154939575019626], [0.5687450778188866, 0.9691718192968741, 1.0, 0.5622795793954953, 0.45097479542738866, 0.5687450778188866, 0.5575308840955141, 0.5458418977036126, 0.45658342000341817, 0.39656218898832946, 0.9966454628638066, 0.5575436480247158, 0.5150884489855303, 0.557876863265323, 0.5600246928558387, 0.5961657086178102, -0.10290929757440279, 0.5028124678226816, 0.5018943519980335, 0.45480718064732734, 0.5564333936201461, 0.20849868211494188, 0.6969102263179163, 0.5244636572657152, 0.5241781945100055, 0.983559251728538, 0.2902967350269576, 0.1781256387059491, 0.5228820069061553, 0.5223803124210928, 0.7672147400747814, 0.008888346030734934, 0.555786370799013, 0.45556812364667637, 0.5427736224853505, 0.36104756595079723, 0.9939461758683323, 0.4428076745223206, 0.5583383202406401, -0.10915072573859348, 0.5718294405186841, 0.553835454291521, 0.5718294405186841, 0.8942332820628716, 0.38917269936157284, 0.9027255828358017, 0.8675298346565377, 0.6499874539611507, 0.200614663619319, -0.010943651299125562, 0.0577904614466392, 0.42246833531120453, -0.07181487439235822, 0.5140366542966063, 0.44763839774984787, -0.07332251228756026, 0.6874725474710054, 0.6423232265890506, 0.48123481852518263, 0.6485732357932765, 0.7122794744384457, 0.6485732357932765, 0.32828060527678316, 0.5422113632732152, 0.6421083382239444, 0.5422113632732152, 0.5584473279777953, 0.6207346047811089, 0.6608803030837075, 0.7330651838329668, 0.6608803030837075, 0.20196080873423594, -0.08391501553122287, 0.22146046899917854, 0.14816255153873142, 0.22100174328928543, 0.262720711708819, 0.39479849949787693, 0.262720711708819, -0.17255524025306365, 0.4366662461517223, 0.806431242384748, 0.522023273704516, 0.7288076029836719, 0.08133526409890902, 0.5035764778754542, 0.5036576726329451, 0.5035764778754542, 0.6292016778098368, 0.6292016778098368, -0.28879052205438294, 0.7166713272624209, -0.2285013867729798, -0.5417377208619477, -0.3874108805283647, -0.3910233592498416, -0.39089886324046846, 0.011173979690007437, 0.024611910412253763, -0.258423274814155, -0.5245132984296409, -0.13462449083984382, -0.22462503750247786, -0.20825642697383953, -0.027727600807844404, -0.03149460721473773, -0.4470281009865103, 0.01168121481304522, -0.21842145589803721, -0.4814747558068785, -0.11136127222266132, -0.3560900404078402, -0.23191577522138604, -0.3560900404078402, -0.42802887185653216, -0.5043959825397902, -0.5043959825397902, -0.23851951183343123, -0.23851951183343123, 0.32610576362600946, 0.13434643599963478, 0.24359629346258133, 0.48821373865503526, 0.21566738483623277, -0.3047228189381418, -0.037342047790949524, 0.44649772405289867, 0.561271079735233, 0.44649772405289867, -0.041729398368939574], [0.9997003359146418, 0.999211704936321, 0.5622795793954953, 1.0, 0.9986267851750223, 0.9997003359146417, 0.9924158218251979, 0.9884476970373255, 0.9934139998104664, 0.9708278032553141, 0.9870133990081925, 0.992448252366868, -0.1355570381449969, 0.9924855901705057, 0.992525175257959, 0.9951422637486498, 0.4416976422491949, 0.9933138711029899, 0.9933012137726054, 0.9843015440306299, 0.9924270943120261, 0.43687624649653795, 0.6671263073822956, 0.9807611962005457, 0.9807384745031749, 0.9705481374016792, 0.3005767032848323, -0.13016014087098288, 0.9895830575387172, 0.9895524224592774, 0.2669911019455987, -0.20542488738707954, 0.994547408558087, 0.9957068206444903, 0.7698205970714862, -0.39636576328151973, 0.9911817212133821, 0.9957044671670431, 0.9948987750757879, 0.4236950434778592, 0.9921157182200431, 0.9946215755987039, 0.9921157182200431, 0.8870154111251631, 0.6580769307455167, 0.8723559591930196, 0.8756126190916977, 0.7701714673870484, 0.3833070916468809, -0.13739721417999684, 0.18506750296732652, 0.9397235873684189, 0.44812559208980046, 0.9726460303416274, 0.9682877699592578, 0.8899804768738979, 0.901114876802238, 0.91756259352943, 0.9029964965509788, 0.9096321636931121, 0.9107230859725433, 0.9096321636931121, 0.8328231133464319, 0.8921213092761812, 0.8933192742136582, 0.8921213092761812, 0.8906053083415676, 0.6648772501482014, 0.8256735848529432, 0.8273446608763823, 0.8256735848529432, 0.6070489362397037, 0.1010132645500908, 0.5817447938598626, -0.6004142157534472, 0.48217608308391263, 0.28519187665026535, 0.5125257381204555, 0.28519187665026535, -0.1075641998535245, 0.8754298090680576, 0.9031890066187332, 0.8856064913788612, 0.8890251258046707, 0.43962625366964725, 0.8736609596907693, 0.8750414736307579, 0.8736609596907693, 0.8667809516537278, 0.8667809516537278, -0.1684068754029021, 0.5743190690744736, 0.1979806870466573, -0.5683903134273469, -0.569772704465371, -0.5733150044974911, -0.05072919390975498, 0.0499342507146169, 0.25375817540484563, 0.12640467648527792, -0.3932773986234276, 0.050842719293063096, -0.7992285996449814, -0.21686308060531842, 0.10891276876648086, 0.10916465785116868, -0.5473894769541251, -0.6025726192225975, -0.21215492494901347, -0.4979272288382621, -0.8318249436377302, -0.34930935232542126, -0.34091714195643685, -0.34930935232542126, -0.1927548317036093, -0.26509364027002286, -0.26509364027002286, -0.8181393475226156, -0.8181393475226156, 0.3864348224883821, 0.6459278899711596, 0.8657720936721186, 0.8446135963305201, 0.7824248100922045, -0.2600351160746657, 0.7589200482371478, 0.7997566193644249, 0.8000462784406787, 0.7997566193644249, -0.22023509964498858], [0.997461812210216, 0.9937200947134516, 0.45097479542738866, 0.9986267851750223, 1.0, 0.997461812210216, 0.9967611514157683, 0.9947751464362006, 0.9969472852016779, 0.9603605483933042, 0.9953045319564533, 0.9967796973388368, -0.3467902772465977, 0.9968107196006868, 0.9968341931609482, 0.99785372513249, 0.24708657566893316, 0.9973565643237954, 0.9973501927183102, 0.9860451556599578, 0.9967661476311221, 0.06876745820226363, 0.6268531497046603, 0.9905150864481452, 0.9904703828595809, 0.9844572603888083, 0.046859761001288046, -0.11561031733955843, 0.9877714977107576, 0.9877080094575849, -0.05026734995825262, -0.1035076270375446, 0.9977092186999331, 0.9976470146378245, 0.7458160701031394, -0.539379543788351, 0.9971223684949352, 0.9978976431701022, 0.9979944416662877, 0.22333904028269175, 0.997666223312289, 0.9976666593143089, 0.997666223312289, 0.9023532700736931, 0.6188809266027626, 0.894521778124323, 0.8795451507751306, 0.736197579994868, -0.0986587423765713, -0.5794981939958265, -0.23720190457515575, 0.9249111511478346, 0.3035287500616965, 0.9660986717710427, 0.9661590073721716, 0.8838008996828185, 0.878293079512314, 0.902679127346836, 0.8876773680125222, 0.9007478814436569, 0.9011805974527826, 0.9007478814436569, 0.8021897515010554, 0.8335956343728981, 0.834976693895344, 0.8335956343728981, 0.8771410315117032, 0.7681716468263295, 0.856867000295544, 0.8578833388766702, 0.856867000295544, 0.5573618835315401, 0.4208443773701425, 0.5403822461847542, -0.6460730688777152, 0.5368111176325362, 0.5138001845559813, 0.5132812145693453, 0.5138001845559813, -0.1279604419726005, 0.8538479033516664, 0.8716873062257405, 0.8572234158929799, 0.8938368592911556, 0.296815150201689, 0.8552135517228248, 0.8565556580900968, 0.8552135517228248, 0.8633686077243894, 0.8633686077243894, -0.21194060744641313, 0.6345690250852456, 0.05129045299432181, -0.6037971213476119, -0.6279858031460798, -0.6283515991457331, -0.08720667068357894, 0.07150951856897585, -0.14588016948427715, -0.12679471903273942, -0.4810107541660687, -0.3229651264701584, -0.8637840831117979, -0.5165238939813596, 0.0743740621002588, 0.07445867015095053, -0.5784027831440519, -0.594026627867288, -0.511615641594564, -0.5416114674868366, -0.7995199145693414, -0.5680646960712902, -0.5707047346022917, -0.5680646960712902, -0.23725013397465658, -0.30427639547886465, -0.30427639547886465, -0.7655494400071643, -0.7655494400071643, 0.365718185983235, 0.6241677895810515, 0.8150908230640791, 0.7894713803767458, 0.7693122123199109, -0.3994055096756728, 0.6078531873929918, 0.6901811659964147, 0.6906016490021779, 0.6901811659964147, 0.014221202722143328], [1.0, 0.9999830044655228, 0.5687450778188866, 0.9997003359146417, 0.997461812210216, 1.0, 0.9908084702167691, 0.9863578228140366, 0.9914564811899482, 0.9730680401327524, 0.981967747060751, 0.990853157105852, -0.1311535595348835, 0.9909185383775011, 0.9909602560375793, 0.993558829823773, 0.4559438497734656, 0.9919333049265312, 0.9919183958627562, 0.9838623539801813, 0.9908400699630135, 0.44566814307715985, 0.6637376278568327, 0.9777875758835626, 0.9777645289734801, 0.9600891304236085, 0.30552653618364467, -0.1228175183465201, 0.9898436389292709, 0.9898025797301201, 0.2754535237032858, -0.20457700965273612, 0.9937437589550306, 0.9946158990517081, 0.8105383051408953, -0.3905762827500941, 0.9874877294818722, 0.9943704525412635, 0.9942704891163413, 0.4383120472101758, 0.9939317171922779, 0.993917936874233, 0.9939317171922779, 0.8886073824662077, 0.6708888389065408, 0.8640362985018727, 0.8791552115168365, 0.7929658247083687, 0.38886739362613343, -0.1313546590717224, 0.1916546790900807, 0.9455355245100328, 0.4643059975145418, 0.9769697578052016, 0.9711310023166787, 0.914375449461255, 0.9101426250936768, 0.9326743385987649, 0.9081453403433296, 0.9294302037479933, 0.9302158945516836, 0.9294302037479933, 0.842863559133862, 0.9058421249579204, 0.9069319024875457, 0.9058421249579204, 0.8950999117233657, 0.7326538190493892, 0.8701594430838401, 0.8717907304359177, 0.8701594430838401, 0.6172450250544663, 0.30772599131684075, 0.5939375970847589, -0.5952028453949245, 0.48889528723741565, 0.5434007169419814, 0.5447616325417282, 0.5434007169419814, -0.10058617566278136, 0.8823036721880008, 0.9140672804411286, 0.895817208330896, 0.9158802144233438, 0.45302759762639533, 0.8795279224290723, 0.8807386538908885, 0.8795279224290723, 0.8892305500128923, 0.8892305500128923, -0.1620697371587647, 0.5467614310403791, 0.1932509496343872, -0.5575258434345914, -0.5618389137462371, -0.5654770349980828, -0.037948491931123624, 0.05558057591326731, 0.2610352371897731, 0.13933795424960474, -0.3802131687109605, 0.057598404569116975, -0.7923438943718669, -0.2087082129261101, 0.12022970531994329, 0.12043566662703664, -0.5397448337380812, -0.605698638660275, -0.21029148742243542, -0.4853721331270784, -0.8293106156970758, -0.34736718574744413, -0.3384066708896639, -0.34736718574744413, -0.1831069157068852, -0.25467731925171944, -0.25467731925171944, -0.8177968027110207, -0.8177968027110207, 0.40035274517131203, 0.6580093479763117, 0.8733328774891665, 0.8521158838178395, 0.7897488067007952, -0.2462485606820101, 0.767802468653124, 0.8083317040891155, 0.8086155870243016, 0.8083317040891155, -0.23547122513417923], [0.9908084702167691, 0.9779087881435296, 0.5575308840955141, 0.9924158218251979, 0.9967611514157683, 0.9908084702167691, 1.0, 0.9971878757882269, 0.9999680509408003, 0.9513897323946255, 0.9995894592390338, 0.9999961630195573, -0.1490805637897816, 0.9999924451936436, 0.9999221477137809, 0.9941594493585781, 0.39217923923577047, 0.9998365627237206, 0.9998366823302124, 0.9885005245630413, 0.9999963585366776, 0.34304759399096096, 0.6682343131633018, 0.984252469083451, 0.9844726895348755, 0.9857865839549983, 0.22202466817364977, -0.18916201773457322, 0.9921599234641555, 0.9918853833152218, 0.16643819946008706, -0.2557124317749366, 0.9992931284949973, 0.9993845429629756, 0.3505750997727493, -0.32861383065537647, 0.9986790475274437, 0.9992958280129105, 0.9982525036538566, 0.372641203248202, 0.931531597344933, 0.9990204896940986, 0.931531597344933, 0.9108669921895762, 0.6222333809083106, 0.917414586441859, 0.8889298224001235, 0.6891995327757624, 0.41442203432661584, -0.08015775624228028, -0.21141084214946962, 0.9233695879227611, 0.40637732355576894, 0.9683025366711335, 0.9611514665842045, -0.0840271803946883, 0.827964756894596, 0.8013920989712966, 0.8485938388576905, 0.7946761361150552, 0.7623754324192992, 0.7946761361150552, 0.7579676271217197, 0.7621942998468683, 0.7607280028803721, 0.7621942998468683, 0.8354912056989428, 0.307178715035732, 0.5242032414833524, 0.6073537348167446, 0.5242032414833524, 0.5247441141388381, -0.3619491867331592, 0.48602790977058324, -0.6636374079460478, 0.4033795895484262, -0.12964361821753337, 0.3682002757572504, -0.12964361821753337, -0.15199955090045617, 0.8109085674534039, 0.8198032450460038, 0.8092004153892006, 0.7349438625890282, 0.38896788452549713, 0.8141221011330894, 0.8160856850730976, 0.8141221011330894, 0.7218166220261134, 0.7218166220261134, -0.24903477108344707, 0.6851466078060618, 0.2525122347012626, -0.5872044392716417, -0.6131030929716542, -0.6161651877772071, -0.10291489929763581, -0.002542328830495014, 0.357287670174096, 0.08718384946042455, -0.4209104515779206, 0.10164134772199733, -0.8265992813716488, -0.12093577598957911, 0.03688656685364375, 0.03721182516646297, -0.5935494900817517, -0.6084076783917107, -0.052117235358483165, -0.5788829714697606, -0.844163330548864, -0.34595147921855907, -0.17232227239944953, -0.34595147921855907, -0.27304771577211523, -0.3154598605140045, -0.3154598605140045, -0.8376516694786214, -0.8376516694786214, 0.3628700893540315, 0.6011935542491348, 0.4973611986656727, 0.8072948865540647, 0.7586901048841976, -0.318590823598667, 0.059571435347131135, 0.7639241759944352, 0.7826425099189688, 0.7639241759944352, -0.1445280344248064], [0.9863578228140366, 0.968892088046869, 0.5458418977036126, 0.9884476970373255, 0.9947751464362006, 0.9863578228140366, 0.9971878757882269, 1.0, 0.9994672068729924, 0.9429794678259419, 0.9982763923829824, 0.9979898521208148, -0.1585146720598983, 0.9990061008816001, 0.9987114235269836, 0.9868209447164628, 0.3700631193948274, 0.9990581082870237, 0.9990597910416267, 0.9855648066787609, 0.9991673692455603, 0.3156990937469006, 0.6674496440616766, 0.9918604075922038, 0.9821503091665861, 0.981416397227291, 0.20212664463527535, -0.20425282503945216, 0.9884425557512527, 0.9918542219939203, 0.14585234860787327, -0.26276810640172316, 0.9981363930955472, 0.9980356912583072, 0.3295904032939178, -0.3361840286692895, 0.9960787561353904, 0.997866412886445, 0.9975968001866274, 0.3500317425615534, 0.9226472624453204, 0.9979682371123691, 0.9226472624453204, 0.9082204425467765, 0.6062097670869847, 0.9178531857329724, 0.8846393592358629, 0.6613794791411529, 0.4008273857356524, -0.0960758775467993, -0.2252381947740562, 0.9139611029912286, 0.3851416755369998, 0.9634568690760502, 0.955458675701859, -0.09509423140631064, 0.8128685642785879, 0.7825639305266444, 0.8381324557866477, 0.7770769513763175, 0.7486441228889175, 0.7770769513763175, 0.7427985915255199, 0.7407724595093627, 0.7457818988304411, 0.7407724595093627, 0.8253092990329868, 0.28510829435248664, 0.500810134512205, 0.5889644772701671, 0.500810134512205, 0.509143364278192, -0.3780590946358617, 0.4685721567063454, -0.6729855866645706, 0.39329173702398645, -0.15368230927679397, 0.3496324202351006, -0.15368230927679397, -0.15943410564070912, 0.7986188496086941, 0.8000981080744812, 0.7930770542027448, 0.7185553595423808, 0.3714740785950241, 0.8024890340318289, 0.8046826695874155, 0.8024890340318289, 0.7012389991105287, 0.7012389991105287, -0.26630136791522346, 0.7153966515234015, 0.2606315764824109, -0.5973703484893218, -0.6274090615114465, -0.63026980900393, -0.11883394078916437, -0.011511785194574438, 0.35036029262942725, 0.06731700280320077, -0.43475187463896425, 0.09220690191266596, -0.8337935084421935, -0.12757385441417804, 0.019846871151440973, 0.02018870361786525, -0.6065980703595555, -0.6098224342975809, -0.05912127292498397, -0.598016392010722, -0.8446961264607605, -0.3582906680657528, -0.17871923683940882, -0.3582906680657528, -0.2924657659046994, -0.33053479009168346, -0.33053479009168346, -0.8365648940359498, -0.8365648940359498, 0.33889496945546865, 0.5827474768678472, 0.47748431763002536, 0.7886809383820502, 0.744976248849813, -0.34213348755613504, 0.04456528429506007, 0.7440341738829742, 0.7664050994211452, 0.7440341738829742, -0.12647341773012805], [0.9914564811899482, 0.9776877473318419, 0.45658342000341817, 0.9934139998104664, 0.9969472852016779, 0.9914564811899482, 0.9999680509408003, 0.9994672068729924, 1.0, 0.9501464023859578, 0.9995356362772482, 0.9999689700735857, -0.3219098332101658, 0.9999734942317422, 0.9999345660094071, 0.9981140452583297, 0.2858327458548808, 0.9997782271403001, 0.9997788201815239, 0.9882943817646473, 0.9999659131435017, 0.11703042430097167, 0.6251175626896979, 0.9941336410416169, 0.9940784649298811, 0.9855659531817348, 0.029308697596889626, -0.12908751894163717, 0.9906867990643601, 0.9906504849227316, -0.032143124171849044, -0.21646834836226483, 0.999313703181155, 0.9992717865476335, 0.7579860920619573, -0.5286405256471715, 0.9985888219001775, 0.9992752535589969, 0.9991787855252349, 0.26278835896813574, 0.9991552152952827, 0.9991605780574535, 0.9991552152952827, 0.9107867994540304, 0.6232282146877399, 0.9169004228999937, 0.8880660054780454, 0.6885361099686561, 0.008893247089942857, -0.5253111038718895, -0.18652833446871406, 0.9184966174691367, 0.35517299140489933, 0.962336843891941, 0.9613947804902916, 0.8550776104869975, 0.8286487863842255, 0.8749266847948198, 0.8493667466237036, 0.8730545664398905, 0.8738038833657824, 0.8730545664398905, 0.7568364195688458, 0.8147473966261868, 0.8164744058134299, 0.8147473966261868, 0.8368144839638987, 0.7278938772614011, 0.8254305762123312, 0.8269251127639373, 0.8254305762123312, 0.5238226009561406, 0.3445486230033869, 0.4848170276663823, -0.69282592864241, 0.4623512136080139, 0.4259436341630592, 0.42599247329163903, 0.4259436341630592, -0.1084010900489522, 0.8112505824564519, 0.819527732824337, 0.8093443684705035, 0.8657651983236221, 0.315541626844305, 0.8201364914516702, 0.8225557234666016, 0.8201364914516702, 0.8282941117639953, 0.8282941117639953, -0.25135225462301114, 0.6859141453836045, 0.0765802467837776, -0.5995570943907935, -0.6547039187691567, -0.6555485498909874, -0.10659536140223791, -0.000412390835656537, -0.15317879902562193, -0.09739060621532568, -0.46921750593076894, -0.35413589411361296, -0.8780296855584893, -0.5555513752975808, 0.035352521623552846, 0.03626892666756458, -0.5954934019962466, -0.6045108866047214, -0.5212856446596693, -0.5810705888831077, -0.8194577230796081, -0.5918388072800589, -0.593889856855845, -0.5918388072800589, -0.2756531023039499, -0.31913633280230963, -0.31913633280230963, -0.7991491880698398, -0.7991491880698398, 0.36367447069000636, 0.5999847211873893, 0.82275251882527, 0.8012288277277709, 0.7571748928629545, -0.34746626217393906, 0.6413366923512082, 0.7111397746138305, 0.7112981363785026, 0.7111397746138305, 0.09774518434387061], [0.9730680401327524, 0.9583905800886593, 0.39656218898832946, 0.9708278032553141, 0.9603605483933042, 0.9730680401327524, 0.9513897323946255, 0.9429794678259419, 0.9501464023859578, 1.0, 0.9236960960911432, 0.9514262013495126, -0.26217986744868454, 0.9510790759766274, 0.9503365700588161, 0.9520575231472441, 0.09384971853872637, 0.9570503377177686, 0.9570264667308132, 0.95157070213952, 0.9515620548794499, 0.04508212479143156, 0.6740749398590546, 0.9533459013258218, 0.9535620534285791, 0.824263043919286, 0.13022315804846543, -0.11117617900934024, 0.9599646225707816, 0.9600978695229105, 0.11310778912750215, 0.05332194086240902, 0.961414420167392, 0.9617013388318706, 0.8524600336696447, -0.453052434568868, 0.9355179662563382, 0.9605700358265383, 0.9620233154982112, 0.07110540150478326, 0.9628000010596561, 0.9627633561074013, 0.9628000010596561, 0.7823994129264282, 0.41841770772797704, 0.742842643729214, 0.858242647748726, 0.8322513897922824, -0.5543108388777916, -0.6862404743836592, -0.30598069948376194, 0.8677746764605774, 0.07294648568773694, 0.9020925319216192, 0.9021421701359412, 0.8592529316099208, 0.8533429203306088, 0.8849066701204975, 0.8623736452586013, 0.8767991267365884, 0.8776327478620248, 0.8767991267365884, 0.8019674966288417, 0.7803026432041769, 0.7824274463035185, 0.7803026432041769, 0.8544554582154442, 0.8746064577597412, 0.85259718607476, 0.8533895763552543, 0.85259718607476, 0.6233371279740078, 0.5429856734604317, 0.6245761404213608, -0.4134519654773448, 0.6454063896460919, 0.6664007227000219, 0.6695261380313963, 0.6664007227000219, -0.2656453688924523, 0.8593537616039199, 0.9203222692311893, 0.8774535941478672, 0.8755852597270048, 0.19086116790582813, 0.8513809000365393, 0.8527354342168441, 0.8513809000365393, 0.8631641847837311, 0.8631641847837311, 0.011744809484493733, 0.2873994659382009, -0.09099437125994608, -0.5072533223579506, -0.39993778517176476, -0.40187484840194526, 0.06028759404783809, 0.38629785187741533, 0.09810144225821713, -0.031518869520839536, -0.35581015818069245, 0.004138320616199783, -0.8117889674249036, -0.1575747685861817, 0.27492628887929355, 0.27399762353726137, -0.3591491890542875, -0.43880055586537875, -0.3139152515854694, -0.3193992032380297, -0.6855874315268798, -0.3351531205137676, -0.3371299899543063, -0.3351531205137676, -0.0646715632418267, -0.35244105972165257, -0.35244105972165257, -0.5385334680913497, -0.5385334680913497, 0.5693708650968815, 0.6723663766370065, 0.7604422075390586, 0.6705034272086956, 0.8381902916756339, -0.44375828260620054, 0.3864875530726999, 0.5627519467156002, 0.563031842888046, 0.5627519467156002, -0.22917285045066466], [0.981967747060751, 0.9798624169063376, 0.9966454628638066, 0.9870133990081925, 0.9953045319564533, 0.981967747060751, 0.9995894592390338, 0.9982763923829824, 0.9995356362772482, 0.9236960960911432, 1.0, 0.9995863803752114, 0.9995826447520553, 0.999537210395879, 0.9995741220745598, 0.9985578528647908, -0.37795810666378515, 0.9997344535298939, 0.9997384328626027, 0.9995938012770729, 0.9995936286307521, -0.27068409189137727, 0.9616818972118784, 0.992414786530545, 0.9923878894738598, 0.9888068000211508, 0.012806802116450558, 0.07756320706549544, 0.9892919216513943, 0.9893473263053828, 0.9716631299675996, 0.008736205611724295, 0.9987048325559235, 0.9986477310926439, 0.9984544868418059, 0.9992424144591147, 0.9991947634251568, 0.9987037247710534, 0.9984878657979454, -0.3884066014977435, 0.9983935782881912, 0.9984046562681141, 0.9983935782881912, 0.9043951494619613, 0.4788312224640353, 0.912468657567905, 0.8858875965755251, 0.6900028654270074, -0.5389867771765605, -0.6598154414044478, 0.7934226482297371, 0.8058088659347511, -0.2898910541974877, 0.9212155978017584, 0.9214137495068319, 0.852583682978203, 0.8624999848261528, 0.8288508159522162, 0.8315071831939269, 0.8381893046740735, 0.8391390122019087, 0.8381893046740735, 0.6612644892117602, 0.615542205680477, 0.618189494361749, 0.615542205680477, 0.8634742202823131, 0.8726792881753668, 0.8619525881988664, 0.8634503060606987, 0.8619525881988664, 0.3091078108774499, 0.23950041863239177, 0.36781085245401346, 0.4916135561624514, 0.36125248912664665, 0.41021029455992103, 0.4129152599683619, 0.41021029455992103, -0.413198262288689, 0.7724606677882909, 0.8239596027879506, 0.8036105635581733, 0.8615852784085918, -0.13585090377968048, 0.7651822837923706, 0.7657365962700665, 0.7651822837923706, 0.7798514716557293, 0.7798514716557293, -0.31243023100254597, 0.6770843126253704, -0.4021548922168819, -0.6921574514535943, -0.5482931566844501, -0.5505477421173188, -0.366625179366264, 0.15262159391712712, -0.27338774747670347, -0.4443685746936999, -0.6360322463285661, -0.3500605465052343, -0.6239823585808363, -0.4157981004446251, 0.022913799655174153, 0.019070866818829486, -0.5646164070529466, -0.5295421025378029, -0.5482464293253168, -0.5822850126179671, -0.5765951865837085, -0.5515541982011329, -0.5544881451146746, -0.5515541982011329, -0.4400252890305148, -0.6043254819619485, -0.6043254819619485, -0.606536434485328, -0.606536434485328, 0.3587785492032047, 0.35589042157986867, 0.47016884117669233, 0.5530644836458791, 0.5515277324120125, -0.5511838508084445, 0.2965845977709937, 0.31588648929336005, 0.31605200229080993, 0.31588648929336005, 0.22228191727997743], [0.990853157105852, 0.9779568562446732, 0.5575436480247158, 0.992448252366868, 0.9967796973388368, 0.990853157105852, 0.9999961630195573, 0.9979898521208148, 0.9999689700735857, 0.9514262013495126, 0.9995863803752114, 1.0, -0.1487489366956653, 0.9999943335386183, 0.9999271904269913, 0.9949759038168914, 0.39228080500192475, 0.9998380162686776, 0.9998381105302314, 0.9885454544841287, 0.9999970060457104, 0.34338271549098237, 0.6683001332039215, 0.9897099042146879, 0.9844608334125956, 0.9857671368559436, 0.22230247955065016, -0.18910999967090233, 0.9921610738904642, 0.9918993520694895, 0.1666828348694649, -0.2556863632780764, 0.9992957340773548, 0.9993894344521316, 0.3505427385292201, -0.32839468580979675, 0.9986811831237441, 0.9993047693252705, 0.9982567430934751, 0.3727497348378744, 0.931513303685215, 0.9990238163622096, 0.931513303685215, 0.9109118234862361, 0.6224014842319445, 0.9176660660165188, 0.8891743114984281, 0.6893650443669391, 0.41483582560225835, -0.07968402091701231, -0.2110285712101361, 0.9234603148774801, 0.40647949054908095, 0.968403534937643, 0.9612273330478699, -0.08383100230363566, 0.8281194420004298, 0.8015008047288811, 0.84871048335926, 0.7947821739264731, 0.7623130192298717, 0.7947821739264731, 0.7580405315630484, 0.7622563854918832, 0.7606607312970717, 0.7622563854918832, 0.8356491894964035, 0.3070405784955722, 0.5242098472194148, 0.6072589195113439, 0.5242098472194148, 0.5246795478336882, -0.3619733715318187, 0.48597601308348554, -0.6635328302557374, 0.4032548694174111, -0.1297802016052371, 0.3682389038952453, -0.1297802016052371, -0.152151967726, 0.8109774352221517, 0.8199389311499315, 0.8092937695237057, 0.7349346981471221, 0.3890790661189156, 0.8142054497549573, 0.8161642719756095, 0.8142054497549573, 0.7218941879945234, 0.7218941879945234, -0.24902958980494233, 0.6851539148973775, 0.25263449562768187, -0.5871969064279587, -0.6130171256234068, -0.6160851218146219, -0.10299264465435945, -0.0027014139265481903, 0.35746949021242996, 0.08722140663517458, -0.4209298266638557, 0.10191520637931945, -0.8263227436434664, -0.12063006345052459, 0.03691863650916444, 0.03726010926418168, -0.593538131766663, -0.6082278969088505, -0.05185346380044048, -0.5788650619487605, -0.8440547014643281, -0.34571115412138725, -0.17210263947336807, -0.34571115412138725, -0.27290208960975754, -0.31541517863087865, -0.31541517863087865, -0.8376005999053262, -0.8376005999053262, 0.36339743507720906, 0.6013582155293278, 0.4976213248675026, 0.8075682974892491, 0.7587919371616382, -0.31835283821883537, 0.05986577811794299, 0.7641895524551239, 0.7827693062306748, 0.7641895524551239, -0.1445539975925168], [-0.1311535595348835, 0.9779163946935865, 0.5150884489855303, -0.1355570381449969, -0.3467902772465977, -0.1311535595348835, -0.1490805637897816, -0.1585146720598983, -0.3219098332101658, -0.26217986744868454, 0.9995826447520553, -0.1487489366956653, 1.0, -0.1481220974974164, -0.14444989027340208, -0.12013125019293731, -0.29299139381571043, -0.14956828421526444, -0.1500638270074358, -0.2719489872654945, -0.14965891793774014, 0.02549461950218586, 0.3090587871794386, -0.18311135187554758, -0.18345026399534192, 0.9857458988399969, 0.24801995411166466, 0.18641825999711423, -0.18525524540888455, -0.18587371109906206, 0.5372298795348964, 0.12067016086031898, -0.1468241804219148, -0.3068501858890861, 0.16699469119859373, 0.9598546296799547, 0.9986793989163495, -0.33869998106633553, -0.1419831255468764, -0.2828742042457497, -0.1471697145642037, -0.1480465942665987, -0.1471697145642037, 0.9109921941982847, -0.11847294717420283, 0.9176389785974725, 0.8891181107393301, 0.6893507726652977, 0.08414105744770753, 0.2545928672683422, 0.644547099768952, -0.26691520042780237, -0.2968632486431458, -0.06554097130679494, -0.3018691169887494, 0.029292865763595244, 0.2754716680617139, -0.019533426289977538, -0.3043874590557111, -0.017378869642774828, -0.0074848511058248895, -0.017378869642774828, -0.41172903862054255, -0.10508964094284233, -0.10726607015321715, -0.10508964094284233, -0.20290002105431973, 0.0716296518188106, 0.04811730451300969, 0.04806743496318521, 0.04811730451300969, -0.4097562544543914, 0.006986634169335038, -0.37357098546361206, 0.6215938061480621, -0.3422786082708263, 0.008610939506981387, -0.05927226649658263, 0.008610939506981387, -0.30665671348210655, -0.33876145300657146, 0.819913984040132, -0.11800342341543865, 0.015880765367172492, -0.21989627988345012, -0.261066834382161, -0.2605771582760233, -0.261066834382161, -0.025635660286082357, -0.025635660286082357, -0.22861619012396264, 0.6850818716874357, -0.16230664375140494, -0.01852614909524077, 0.1978065658200753, 0.19636982226691818, -0.2516789372127601, -0.009218836355030395, 0.019831762055774704, -0.1740093015688501, -0.11117986677630777, 0.0418299633740003, 0.3853093487893067, 0.11425223534047986, -0.04043373489210029, -0.044367804200120244, 0.08604014182572078, 0.5706502786123425, 0.09231733111890833, -0.19304269580080785, 0.6135702551330673, 0.09651660488582271, 0.10448799884337533, 0.09651660488582271, -0.2383060910843571, -0.19654943606841727, -0.19654943606841727, 0.3237568753097463, 0.3237568753097463, 0.36350862745159285, -0.2520992432136851, 0.01748918435798591, 0.09139595119014175, -0.24851418488046806, 0.07276192575998666, 0.15395396787531376, 0.10508454267621427, 0.10501122879238028, 0.10508454267621427, 0.12587608099768005], [0.9909185383775011, 0.9777331777910514, 0.557876863265323, 0.9924855901705057, 0.9968107196006868, 0.9909185383775011, 0.9999924451936436, 0.9990061008816001, 0.9999734942317422, 0.9510790759766274, 0.999537210395879, 0.9999943335386183, -0.1481220974974164, 1.0, 0.99993861576972, 0.9975051307635244, 0.3924004281350345, 0.9998410824580398, 0.9998410916286583, 0.9887069136124563, 0.9999943461923316, 0.3440757495037576, 0.6681393494078353, 0.9932253030857373, 0.9931129156188183, 0.985645076927821, 0.2225938038153062, -0.18915574888653303, 0.9929049144470303, 0.9929503033794538, 0.16748344137574647, -0.25551469389778664, 0.9993463618477909, 0.9993885892267299, 0.3494724584028273, -0.32752702397400285, 0.9986183716649908, 0.999308012056364, 0.9985610333534581, 0.3728947772971443, 0.9309932153942401, 0.9990803217725934, 0.9309932153942401, 0.9111977666505191, 0.6231463305777576, 0.9180294638769885, 0.8895449070377097, 0.6890492066046909, 0.4162630522382375, -0.07805192259356837, -0.21123325482828675, 0.9238643558551483, 0.40677347599406205, 0.9688279421144936, 0.9615978940642631, -0.08486922216078395, 0.828399124583267, 0.8014202027285179, 0.8489723820211078, 0.7947428372754776, 0.7619114069659796, 0.7947428372754776, 0.7582352273431671, 0.7622109002704982, 0.7610843428807464, 0.7622109002704982, 0.8360013993864576, 0.30634501073848025, 0.5236857098626393, 0.6072916345536297, 0.5236857098626393, 0.5245055960329971, -0.3631674702719173, 0.48587284240337014, -0.6636883342674742, 0.40285300608716645, -0.1308056951326171, 0.36788382180315704, -0.1308056951326171, -0.15209455912738234, 0.811112862537436, 0.8195272068801335, 0.8093887608229299, 0.725028142233523, 0.38947492789435056, 0.814330769376841, 0.8162785403852577, 0.814330769376841, 0.7216976903602585, 0.7216976903602585, -0.250705912711159, 0.6860733021547911, 0.2531510922143496, -0.5871760050619578, -0.6134095581217508, -0.6164822966871777, -0.10419325698785178, -0.003988256607545982, 0.3577762277859094, 0.08675914674731873, -0.42120077688276614, 0.10199254955967839, -0.8254324842968208, -0.12047056667533296, 0.03584618205816429, 0.03618233251110075, -0.594193434889234, -0.6085294859665205, -0.051261175168071084, -0.5802617048341866, -0.8440429378112836, -0.34564646242514707, -0.17153296918674604, -0.34564646242514707, -0.2739320529539527, -0.31590522640992624, -0.31590522640992624, -0.8379539248287217, -0.8379539248287217, 0.3635694503764326, 0.6010319110795505, 0.49706234200292004, 0.8080220688793263, 0.7582258305575075, -0.3178626792529098, 0.059176692589268345, 0.7645942084404619, 0.7833802585475972, 0.7645942084404619, -0.14422406169750418], [0.9909602560375793, 0.9770118963052111, 0.5600246928558387, 0.992525175257959, 0.9968341931609482, 0.9909602560375793, 0.9999221477137809, 0.9987114235269836, 0.9999345660094071, 0.9503365700588161, 0.9995741220745598, 0.9999271904269913, -0.14444989027340208, 0.99993861576972, 1.0, 0.997629113756697, 0.3912429554671743, 0.9997908972486531, 0.99979210111356, 0.9886058718146599, 0.9999230303741594, 0.34471171792117306, 0.669700379875677, 0.9925605468198666, 0.9838238150410185, 0.98568390656341, 0.22350606546982893, -0.1883524142588493, 0.9920132459028335, 0.9920228191115271, 0.1702346886056328, -0.25626872869345846, 0.9993438482072101, 0.999230311893192, 0.34932983126366346, -0.3233369077568901, 0.9985219867750545, 0.9992735090406566, 0.9985338659508006, 0.37176559805552417, 0.9299333286442927, 0.9990957469715049, 0.9299333286442927, 0.9094330432718106, 0.6230691532078997, 0.9160266861448669, 0.8871800277825634, 0.685999497981416, 0.4167721682399637, -0.07631275492105809, -0.21190734220588164, 0.9230408005992157, 0.4045144693445309, 0.9690688445983306, 0.9610428646148554, -0.08779909017857325, 0.8272379045376639, 0.8016531022068991, 0.8487932067351467, 0.7949729207294073, 0.7641306438724749, 0.7949729207294073, 0.7563121407290146, 0.7615288889981174, 0.7621574672051825, 0.7615288889981174, 0.8361825925039256, 0.3063042190400977, 0.5233324830653918, 0.6087026248460955, 0.5233324830653918, 0.523297181589279, -0.36551465705740416, 0.4839589252744097, -0.6613250469714939, 0.4011436394255999, -0.1319163185997025, 0.3681966809148516, -0.1319163185997025, -0.15557111867875928, 0.8106034296825848, 0.8185891898400238, 0.8087027487313424, 0.7368615073453245, 0.3894424320677858, 0.8139489904027408, 0.8162197375596333, 0.8139489904027408, 0.7217519490458653, 0.7217519490458653, -0.2510703255211024, 0.68805930742804, 0.2532449288153736, -0.5885295388397365, -0.6134234301204309, -0.6163131585613275, -0.10637964798578405, -0.005596295515042129, 0.3588479846061126, 0.08598583484185193, -0.42258893996606145, 0.10279752209944883, -0.823910168642896, -0.11918968832314143, 0.03484887548129151, 0.03575683184618985, -0.5954887606147643, -0.6036722124012267, -0.04974702218175718, -0.5811673467633254, -0.8418207303091407, -0.3450073870816007, -0.17026168664491387, -0.3450073870816007, -0.27429984033608606, -0.3187971532811679, -0.3187971532811679, -0.8357396896203935, -0.8357396896203935, 0.36117917552015266, 0.5986725829405973, 0.49511935349519487, 0.8086615884964491, 0.7565142949268605, -0.3189325148815955, 0.05711541240803956, 0.7652054281758536, 0.7846147715454932, 0.7652054281758536, -0.14361644874528007], [0.993558829823773, 0.9855014451527886, 0.5961657086178102, 0.9951422637486498, 0.99785372513249, 0.993558829823773, 0.9941594493585781, 0.9868209447164628, 0.9981140452583297, 0.