var config = { responsive: true }

var correlationAdjClose = {"data": [{"type": "heatmap", "z": [[1.0, 0.9999905558370834, 0.98438850078185, 0.999921142729175, 0.9988675039392014, 0.9886621236504837, 0.9974629905803983, 0.9951846441309611, 0.995475437800996, 0.9795061443066096, 0.991811535374467, 0.9953318614367062, 0.9945343618227069, 0.9952401969386772, 0.9953779781729986, 0.9965083038142334, 0.9982143666279697, 0.9959700223443381, 0.9959831042935963, 0.9960161496233305, 0.995278363388058, 0.9853885704296628, 0.9688126979034123, 0.9876416750018471, 0.9864647111059053, 0.9801187805552077, 0.963028046297296, 0.9421261696775439, 0.9943046296809949, 0.9946618498573623, 0.9917239925726404, 0.9745614925797044, 0.9973737139587168, 0.997676500150356, 0.9970438312170622, 0.995397846688584, 0.9948503904089305, 0.9975246368104547, 0.9975868883371244, 0.9987284906564126, 0.9973132068921272, 0.9973244513132263, 0.976468319368898, 0.9210033292971251, 0.7533014331381707, 0.8976634518919816, 0.9040416568263372, 0.841678594889668, 0.9681740040675045, 0.9444454841204232, 0.9694166963153577, 0.9659907020446762, 0.960024037651148, 0.9859765575549008, 0.9823747477377612, 0.9837868282349863, 0.9766189446254571, 0.985697046705871, 0.9829556137759529, 0.9863416723446233, 0.9861005158508428, 0.963812755279262, 0.9665170280026913, 0.9711598847509084, 0.9708127004179222, 0.9434813662856781, 0.9748588664110506, 0.973378559097206, 0.9817029126960759, 0.980805925837981, 0.9350080701319573, 0.8562310871201269, 0.8242277300952864, 0.8752904919864499, 0.9031080874033739, 0.8976805488221947, 0.9013556704874245, 0.8999485708157621, 0.6180308724924103, -0.5701210494587484, 0.9761490262778035, 0.966634484090565, 0.9632902075695595, 0.9846742144255309, 0.9514055280653424, 0.9811435206194342, 0.9810921948887347, 0.9442021634371333, 0.9814240396023176, 0.9485546048819402, 0.6217039120515193, 0.853641039775729, 0.9128422412096274, 0.20475614237704307, 0.9182958728698873, 0.9391072945213884, 0.8108301943620526, 0.9562133234605736, 0.8960643976332151, 0.6566267666810377, 0.4254772555359067, 0.8917807242875524, 0.8620711763576281, 0.8881831346145247, 0.9673110059054252, 0.9675376026444147, 0.7378435072568995, 0.70164091369336, 0.8253490697785618, 0.3329384172000355, 0.7946428928231004, 0.831403240061067, 0.8178807490457921, 0.8159929953259211, 0.7427883083877883, 0.7401655624446173, 0.7199840387364099, -0.23574607951666074, -0.37060097701333383, 0.6283975919939975, 0.9001273442529648, 0.9457922586120092, 0.949886368512987, 0.919671503860259, 0.8284736350336503, 0.9173458236029882, 0.9391765707567232, 0.9390043486664015, 0.8737345436181876], [0.9999905558370834, 1.0, 0.9817768102910377, 0.9997571737496275, 0.9974073718426414, 0.9903508918295211, 0.9927155741046733, 0.9881311599688489, 0.988171567820133, 0.9664729873820157, 0.9906834322300302, 0.9883954777413323, 0.9882031460796011, 0.9882548407650401, 0.9883528419140162, 0.9932926678872223, 0.9951721782048419, 0.9917364302108778, 0.991731606140661, 0.9882512251532815, 0.9883086280216695, 0.9872304371710553, 0.9595716213224184, 0.9834293679839397, 0.9830739622547214, 0.9799445062141076, 0.9708116134535667, 0.9042633389481138, 0.9877349466219479, 0.9835723309575894, 0.975290533921134, 0.9094442615932138, 0.9944541033577519, 0.9942691296629144, 0.9945618021825795, 0.9895116739551189, 0.9939500212772527, 0.9945486236397897, 0.9948688957553828, 0.9967027191094194, 0.9945612237873362, 0.9945636182683636, 0.9853480237287153, 0.9207853580863682, 0.6193898449234455, 0.8972591721179354, 0.9041545732395087, 0.8418536992310377, 0.8777984691975566, 0.9117321988597598, 0.881739768553356, 0.8982633018292809, 0.8765873716008886, 0.9548188952426988, 0.9546994562985955, 0.9725891739463004, 0.9768985851880303, 0.97041440449422, 0.9699381527669337, 0.9732813562919581, 0.9731889455319929, 0.9324417748214473, 0.9414073010294981, 0.9046851100892781, 0.904542779713847, 0.7937353628346238, 0.9673372520358733, 0.9698253171187787, 0.9700978082782545, 0.9694702416209233, 0.9275060321187697, 0.6316426139856335, 0.570694113381693, 0.7303568018044501, 0.83015606155553, 0.7542693220692432, 0.7943355504326287, 0.7924910750402183, 0.5627069411362463, -0.27574161659473423, 0.954010835101357, 0.9615294538385736, 0.9536755230290633, 0.9735814850585239, 0.9125789811132354, 0.9589723711051484, 0.9579631166335966, 0.896627356773135, 0.9622026415969127, 0.9029899035946481, 0.42984410431776, 0.852551960909553, 0.8514636563862598, -0.1699541874987395, 0.6242993275208171, 0.7246891832172757, 0.6261863578194484, 0.9532698215774299, 0.6435168484672971, -0.21382352461632068, -0.12941768548386196, 0.6100027823030189, 0.6183471907022489, 0.6648917109205011, 0.9549844247595047, 0.9548055444543708, -0.09893491169685067, 0.13389476087543972, -0.031605648345804746, -0.050666767680475004, -0.022699428073582505, -0.006265209628467651, -0.03800474719826018, -0.07885201658836605, 0.3265564395837711, 0.07286605038711598, 0.02487723269632603, -0.45578909471778123, -0.4874418304391654, 0.6283807049435022, 0.7436022951649628, 0.7667214171407069, 0.8298290768491838, 0.8236773835922088, 0.5310220528244329, 0.7318940455996892, 0.7641162498892645, 0.762714880873242, 0.4116486529881492], [0.98438850078185, 0.9817768102910377, 1.0, 0.9858422823208587, 0.9926672599160672, 0.9897486683907333, 0.9906836949995934, 0.9910702307168702, 0.9943522820841014, 0.9540038145506323, 0.996882463474967, 0.9909713638219917, 0.9929143233687787, 0.9911322256840318, 0.9910403190569641, 0.9916234701227836, 0.989652869203213, 0.9896217495129952, 0.9895810901735695, 0.9928742608690357, 0.9909932294302819, 0.9932952033120718, 0.978559723850921, 0.9905977300494264, 0.9909951615374624, 0.9784614130766783, 0.9815541857584503, 0.945747712858552, 0.9733990349291622, 0.9768678486153103, 0.9782356437035428, 0.9497221080185569, 0.9879422660278699, 0.9910626235258891, 0.989367686969883, 0.9930645388744866, 0.9946085740225215, 0.9920752441177804, 0.9873279023623059, 0.9869706593320686, 0.9882172461275281, 0.9875740076534243, 0.990375690219509, 0.9212871068210808, 0.6947237447525143, 0.9252403089357949, 0.8961328742085408, 0.7489230313900138, 0.9292776816274364, 0.8995730932562879, 0.9313854692351853, 0.9258516581781091, 0.9173323163619466, 0.953259391814849, 0.9601628558655144, 0.9297430856508424, 0.9458803985399632, 0.9528154205997194, 0.9582396076094085, 0.9534694647853829, 0.9277474526539649, 0.8936498658711504, 0.9239576066845235, 0.9231102478899538, 0.9066254588984047, 0.8592663433360581, 0.9578922392204661, 0.9356663218179687, 0.9535157912278539, 0.931860256643829, 0.7638854279987192, 0.7942382453866919, 0.7299967518006867, 0.8154533615029993, 0.8618428625311032, 0.8589221245988756, 0.8315374793154573, 0.8451045033596152, 0.291591798230998, -0.5713207982863416, 0.9440624230384027, 0.914637981499001, 0.9197735009602593, 0.9302263083996841, 0.9136204511291597, 0.9495620600850624, 0.9491718038974462, 0.908637972683299, 0.9462444907830544, 0.8321291631569978, 0.591938910258326, 0.9282083720325209, 0.9333501825866648, 0.1314245181492699, 0.8983004778168051, 0.9218087239345256, 0.7961814195980201, 0.9771492015035933, 0.7788632444293379, 0.5652424697473151, 0.34479800638230257, 0.7856594009791239, 0.7871198397261105, 0.7742106502171094, 0.9809559453289659, 0.9810045784043492, 0.6562092697150994, 0.6352142060445404, 0.7138370036352976, 0.26178471809227666, 0.6894441174085663, 0.7122396087844344, 0.7267068435735494, 0.7085523701008184, 0.695144602381477, 0.6654673018121583, 0.6432899821084483, -0.31139387842991734, -0.4456954464507209, 0.5805877763506094, 0.8596765256900183, 0.896260460233223, 0.8977231720989287, 0.8926695189709004, 0.7580172208950983, 0.8705533908839193, 0.8847986168693195, 0.8936876004182267, 0.7398659593883321], [0.999921142729175, 0.9997571737496275, 0.9858422823208587, 1.0, 0.9991837376684479, 0.989584740515367, 0.9978181102951588, 0.9957269391142922, 0.9961177497105139, 0.9791982037916637, 0.9933530661707917, 0.9958561301187526, 0.9952706658227588, 0.9957806751298416, 0.9958963699898743, 0.997035044515187, 0.9985371221228183, 0.9964425877003572, 0.9964526586693999, 0.9965667663968623, 0.9958055715691536, 0.98667370868287, 0.970144502376095, 0.988771784375653, 0.9877068097750463, 0.9827019678978186, 0.9651698745460201, 0.9433254056097247, 0.9938158836409242, 0.9943588374797645, 0.9918678349105905, 0.9742457612429872, 0.9975474550002907, 0.9980028890482773, 0.9973737570414949, 0.9959882055028928, 0.9957283670375555, 0.9978910854638238, 0.997710561543756, 0.9988375893536324, 0.9974775349932491, 0.9974852856516739, 0.9783044245992719, 0.9166059813774543, 0.7469043586527342, 0.8983476042800463, 0.9011684450596277, 0.8309351781491572, 0.9652877415895358, 0.9409914884037105, 0.966417684718479, 0.9633262752981444, 0.9571811749251039, 0.9839094458134786, 0.980842344596439, 0.9819434665233473, 0.9747234036990511, 0.9840502430337489, 0.9820160332176455, 0.9846149270317998, 0.9843693604832711, 0.949512265937569, 0.9647571528751507, 0.9693922463380921, 0.9690454875211701, 0.9365478181084997, 0.9740825536291694, 0.9695567973945582, 0.9798262726643986, 0.9788856929948994, 0.9058773687096668, 0.8540073901583654, 0.8192411604953056, 0.8727611851376695, 0.899361457032341, 0.8967126279244442, 0.8981832929131464, 0.8968466039833375, 0.5119725876812915, -0.5702374021491196, 0.9748306201119418, 0.9641917474457828, 0.9609253536620393, 0.9828347287201666, 0.9497499051854664, 0.9799771613404235, 0.9799245456788591, 0.9429119863369566, 0.9795505899175008, 0.9270495070689515, 0.6275344950381451, 0.8629018396512801, 0.9174720713449203, 0.20537465514372064, 0.9200691616602429, 0.9406255558945987, 0.8112107193177182, 0.9577687228089972, 0.889948591260769, 0.6535097883668679, 0.42291605169075747, 0.8867511268238133, 0.8585636607785773, 0.8828189796003854, 0.9684570103992833, 0.9686927537521136, 0.7369744392479877, 0.7020222266833903, 0.8174596165792049, 0.33514937871754263, 0.7891121914741588, 0.8232186261599074, 0.8097730777685075, 0.8107687068486106, 0.745832884102446, 0.7403443588043295, 0.7202285690028581, -0.23112851917243837, -0.36984260075507425, 0.626402294129952, 0.8982772830730382, 0.9440925429473963, 0.94823010772052, 0.9186396992774404, 0.8257111146538416, 0.9154538399368378, 0.9370527640833626, 0.9370380317520561, 0.8660411720170033], [0.9988675039392014, 0.9974073718426414, 0.9926672599160672, 0.9991837376684479, 1.0, 0.9923245362024374, 0.9990337221653549, 0.9982303671271298, 0.9982855375848108, 0.9724667036930763, 0.9975212867006906, 0.9982799867369229, 0.9980499753465053, 0.9982653747333463, 0.9983310211300144, 0.9985980842386387, 0.9991769388679304, 0.9986690199448726, 0.9986682257036777, 0.9983572208685328, 0.9982615197993967, 0.9934615003605688, 0.9776944471371228, 0.9935524866682419, 0.9934732294434501, 0.9866038582283612, 0.979431759814018, 0.9464798886609085, 0.9903550972280628, 0.9927005138210857, 0.98957413582373, 0.9648751781843637, 0.9989395255525816, 0.9989709234603361, 0.9989588486274756, 0.9983840438484681, 0.9984881465049041, 0.9990595595444812, 0.9991144223449482, 0.9989910662871928, 0.9989230463537383, 0.9989216266216838, 0.9888075156535673, 0.9262839667529265, 0.7221162845674769, 0.9143966745256944, 0.9046830376116424, 0.8110841844749302, 0.9492343653890221, 0.9276352433307776, 0.9529650852764165, 0.9544186617625754, 0.9479989998745115, 0.9798164726405363, 0.9797381098325202, 0.9774199030677606, 0.9680915807478304, 0.9784542038316306, 0.9772086834135641, 0.9787709484115005, 0.9784607122626819, 0.9509890439718625, 0.9536883540329367, 0.949142837724729, 0.9486645477601445, 0.9006156378572479, 0.9707227154342143, 0.9674453710387751, 0.9744582944647886, 0.9734349446046021, 0.929148591096043, 0.8276338099901445, 0.7801014225415441, 0.853610737618047, 0.9009039339418188, 0.8810189166005085, 0.8901602454112443, 0.8888257467814277, 0.6691984283198579, -0.5932249518333097, 0.9669345975129372, 0.9508191945312295, 0.94904680005712, 0.9786169897721065, 0.9314353480010524, 0.9716674884853213, 0.9711492834272201, 0.9309663272757258, 0.9738091747094417, 0.9353967186843087, 0.6130833834586158, 0.886719465722579, 0.9391024037801399, 0.10298102314618292, 0.8961795947101898, 0.9233114812481927, 0.8045989259684899, 0.9639345061918743, 0.8781790388742415, 0.5038836454879022, 0.29078551083181564, 0.8652786095092253, 0.8175631100437872, 0.8668135604198289, 0.9729451583095238, 0.9731270131378202, 0.6888852957166196, 0.6815276197489747, 0.7297344830925132, 0.30846303844308826, 0.6681774271508711, 0.7392678033831561, 0.7148431514903025, 0.6947567912821734, 0.7286323373745627, 0.7220347648335853, 0.700906224543819, -0.4573544528809346, -0.5327346886997417, 0.6135201577031792, 0.8905082141866396, 0.9277231549118035, 0.9392958025731594, 0.9146192809535718, 0.8007432296188443, 0.8968742694219003, 0.9208120131270353, 0.9203215301694506, 0.7990384057810055], [0.9886621236504837, 0.9903508918295211, 0.9897486683907333, 0.989584740515367, 0.9923245362024374, 1.0, 0.9889871321333472, 0.9888912830186097, 0.9883563450103567, 0.9650227734642361, 0.9788872066725295, 0.9888484970880969, 0.9899397030378891, 0.9889519428919166, 0.9890663896096834, 0.9919007725873634, 0.9901319578774032, 0.9897913746261098, 0.9897732855431639, 0.9877236680821502, 0.9888856711480535, 0.9961325602651421, 0.9910070547316623, 0.988544774983896, 0.9882923694125585, 0.9670824416327017, 0.9842833606328621, 0.9652292890691268, 0.9738361056260015, 0.9776812316051872, 0.9856188853701261, 0.9722043553739116, 0.9889744101302828, 0.9891361606802536, 0.9899310627033104, 0.9898395482295804, 0.981824973705153, 0.9898649172047477, 0.989342871465752, 0.9892154412030489, 0.9890715168104695, 0.9890630854948058, 0.9944391777551714, 0.8806291844642781, 0.7291013295535723, 0.8742815670581789, 0.9020702174424412, 0.8374424286645455, 0.9369106990196463, 0.9127624710732362, 0.9386204826887331, 0.945504367685083, 0.934803106468582, 0.9633178792069362, 0.9677920897430612, 0.9672224152806237, 0.9786607178371297, 0.968376310438284, 0.9800849165120578, 0.9683120270673395, 0.9677367583053463, 0.9662736452382011, 0.9585450999224558, 0.9430874116084961, 0.942576682672119, 0.9286912619547502, 0.9770117179945581, 0.9693838843552588, 0.9682684791435495, 0.966557541278503, 0.9471758889389198, 0.8530231406630414, 0.8050861352739161, 0.873549550278509, 0.8936340876058755, 0.9008688155076437, 0.884382842556592, 0.8823199249941529, 0.6365261191541628, -0.5343068927795418, 0.9736364583718718, 0.9685296181774241, 0.9653389210422506, 0.9683844461038005, 0.9463134912106448, 0.9741662705704972, 0.9738168693556362, 0.9528506144391689, 0.9637234839360393, 0.9525559741791341, 0.6277413493900357, 0.8236646963148214, 0.9345835916225127, 0.21218060168499192, 0.9092822969993489, 0.9283162404401194, 0.8072662084959937, 0.9542230424769376, 0.8477705240736396, 0.6048970841424991, 0.40351486048733093, 0.8450662648154325, 0.8202220357974083, 0.8422251297911836, 0.956609553328237, 0.9567066176595586, 0.7012914696513556, 0.6829708758318275, 0.7629735066568673, 0.33565784669898985, 0.7427540536206234, 0.7710164252973783, 0.7568640002508044, 0.7589850849972911, 0.7339889433282897, 0.7127976626864942, 0.6947476233539418, -0.2618731549162669, -0.38835049914168807, 0.6588594845524335, 0.8870208488226423, 0.9049401291044883, 0.9131334050812567, 0.901479815394455, 0.802082047768488, 0.8738054405622325, 0.8965416072934644, 0.8966005860128352, 0.8414249358688535], [0.9974629905803983, 0.9927155741046733, 0.9906836949995934, 0.9978181102951588, 0.9990337221653549, 0.9889871321333472, 1.0, 0.997104223808219, 0.9995203491577566, 0.9717205056281333, 0.999402619287808, 0.998096134565046, 0.9990578221522718, 0.9989997433451552, 0.9987701185200574, 0.9981191396868929, 0.9998654506705342, 0.9992394185811049, 0.9992450356239652, 0.9996430977584824, 0.9992071300089295, 0.9906312224832152, 0.9743474832588455, 0.9838581713369982, 0.9923564211315693, 0.9858063092807449, 0.97138683023818, 0.9418969715224725, 0.9923800817960389, 0.9918284925227718, 0.9929269603088876, 0.9709512544308461, 0.998805626055037, 0.9998140212902057, 0.9996447402361991, 0.9993831530416654, 0.9996424569538883, 0.9998450592264841, 0.9978685723478682, 0.9995004116153211, 0.9992599341214865, 0.998859158542301, 0.9833024705190426, 0.9315602783224599, 0.7369869420583097, 0.9275083354602576, 0.9148916394395801, 0.8016069822268234, 0.9597078704852202, 0.9403078972466018, 0.9616956988194206, 0.9584869626725202, 0.953082852534252, 0.981921126377982, 0.9799206622720286, 0.9392278727294994, 0.9537525554107761, 0.9680465496236585, 0.9682392332585811, 0.9699163123439644, 0.9395490883766706, 0.8874455657602461, 0.943331229399334, 0.9543209839481861, 0.9311070018089773, 0.8736262512632509, 0.9593884706281732, 0.9283287546701354, 0.961471386218884, 0.9394470347321189, 0.7279592890934549, 0.8222274362590908, 0.7525650193501772, 0.8395819622054278, 0.8685900648341263, 0.8721977084942293, 0.8523060655043638, 0.8647013579591373, 0.24668776643120163, -0.6055388336062145, 0.9570183037256432, 0.9333727930212364, 0.9339222159692409, 0.9417053391595894, 0.9310492666605967, 0.9653164772070634, 0.9653729878941107, 0.9213757852519388, 0.9614635188191905, 0.8165757152657005, 0.6087222665896708, 0.8876210506231044, 0.9173040482304493, 0.18309275604819109, 0.9173520704234195, 0.9391314330015413, 0.8050744264234125, 0.9636420704483284, 0.8310941828854325, 0.6406131173194669, 0.4054537816930771, 0.8431615648912434, 0.8366031635748358, 0.8288138039552406, 0.9731318060214946, 0.973377473501803, 0.7223157726123832, 0.6775768640355698, 0.78290790957411, 0.3034659848996047, 0.7655137950050704, 0.7929251295569557, 0.783834885175767, 0.7891988295110323, 0.7240455266334359, 0.7264823208979803, 0.7045156479991751, -0.2505948028830912, -0.39648098145579797, 0.6325831624948125, 0.8915975942292227, 0.9305018076788536, 0.9458643482204071, 0.9175772730534983, 0.8234452029180359, 0.9146828156067262, 0.9365756180345184, 0.9359659426585178, 0.7745894510900111], [0.9951846441309611, 0.9881311599688489, 0.9910702307168702, 0.9957269391142922, 0.9982303671271298, 0.9888912830186097, 0.997104223808219, 1.0, 0.9999840322889607, 0.9655875768496291, 0.9996302813512032, 0.9999968638120009, 0.9996567526205902, 0.9999978072810536, 0.9999813298924886, 0.9964050149077323, 0.9990754627936625, 0.999885226135461, 0.9998846538739075, 0.9999556951415879, 0.9999942560593637, 0.990774351480779, 0.9752601802070521, 0.9916134920751246, 0.9928555582478479, 0.9825913338595901, 0.9735379556979404, 0.9403702060739947, 0.9886841499076235, 0.9943862165214773, 0.9915544271289111, 0.9675005811462846, 0.999424999777564, 0.9994818626596812, 0.9996064648368624, 0.9996790261312615, 0.9987262736129181, 0.9993933181721414, 0.9991019084394469, 0.99814585140824, 0.9994948580922683, 0.9993546383958177, 0.9846989937956653, 0.9320459127246955, 0.7237305459078089, 0.9343194705386191, 0.912305396415549, 0.7793321585604993, 0.9582683115405521, 0.9353332054578801, 0.959827008426601, 0.9519968243413146, 0.9465826911219226, 0.9799629000316605, 0.9766434829776798, 0.9332974166146562, 0.9473099763460718, 0.9598126838246227, 0.9639341975270693, 0.9622047417070644, 0.9375172608691785, 0.8759428251581258, 0.9368547997159046, 0.9461504959139231, 0.924884769893547, 0.8576877032786815, 0.9554905310870793, 0.9204985050313123, 0.9545530153699753, 0.933896856048, 0.7103885356803353, 0.8116004424851133, 0.7474181705262283, 0.8288987653872038, 0.8592016992730245, 0.865729320671895, 0.8468737623221834, 0.8561675060328021, 0.22511392817113812, -0.6117414306744127, 0.9511764886442553, 0.9226404670477426, 0.9249273593395664, 0.9394079430274797, 0.9227807566016596, 0.9596603202677991, 0.9597169782346602, 0.9135592760987831, 0.9527114778630241, 0.8006587850655615, 0.6035621882574168, 0.9099957766923976, 0.9302634097976852, 0.16972345016220725, 0.9164958267766352, 0.938612274349826, 0.8022196643724654, 0.9685408184701915, 0.8351871630309904, 0.6264564474084788, 0.3911981269173972, 0.8447134697590469, 0.8336177217203649, 0.8325400295890573, 0.9762820440992067, 0.97653334206166, 0.711999624836553, 0.6682692749378275, 0.7851539780281188, 0.2879302107523379, 0.7603702926976629, 0.7887284653266569, 0.7853893588774657, 0.783760109889595, 0.7163233206388046, 0.7198884071566792, 0.6972067979952405, -0.26813984583634337, -0.41309692521890806, 0.6129644325352783, 0.8828398698711715, 0.928345775008374, 0.9381351988143197, 0.9110447833467618, 0.811767011584995, 0.908166135391255, 0.9302626076960079, 0.9299163978880652, 0.7538816640284478], [0.995475437800996, 0.988171567820133, 0.9943522820841014, 0.9961177497105139, 0.9982855375848108, 0.9883563450103567, 0.9995203491577566, 0.9999840322889607, 1.0, 0.9648812470925532, 0.9996292166023031, 0.9999812754439814, 0.9998326467741829, 0.9999898036462701, 0.9999963042398528, 0.9989754539333685, 0.9990643281399143, 0.9998192909357612, 0.9998180856929576, 0.9999663126504298, 0.9999818424951123, 0.993649545120424, 0.9763372150570881, 0.9948970582604617, 0.9950538644208526, 0.9825551225516949, 0.9776732091204422, 0.9412995539906042, 0.9892050879644037, 0.9934677606836576, 0.988532191750553, 0.962804105389131, 0.9993399091977556, 0.9994216173662974, 0.9994199970707411, 0.9998335200353086, 0.9987373871666838, 0.9993836350123674, 0.9993219291679092, 0.9981434739271023, 0.9993333349725623, 0.9993263429222923, 0.9890330614356094, 0.9321540031674176, 0.7245602637518814, 0.9341336580120606, 0.9121713953777715, 0.7795561637904276, 0.9455423736646561, 0.9226709059152526, 0.9488052744819082, 0.949369273183603, 0.9438601646457561, 0.9772889705093306, 0.9767655213757839, 0.9657818639347183, 0.9477174627183855, 0.9667335241823075, 0.9639842205540893, 0.9671527075540207, 0.9667943753190131, 0.9370426767105086, 0.9360627742008638, 0.9376367714929726, 0.9372011992827265, 0.8877609977317885, 0.9558280927826689, 0.956979228167158, 0.9633392247362332, 0.9620812353508437, 0.91485666511027, 0.8108492214475104, 0.75715540232544, 0.8279738835905105, 0.8805853971352765, 0.8637543555821479, 0.871614706325142, 0.8705425918315018, 0.6124829257702898, -0.628194651871985, 0.9510666644672156, 0.9226742789364651, 0.9250252659798508, 0.967227811571298, 0.9139917882935613, 0.9591184185817956, 0.9585688762827642, 0.9143451249971297, 0.9615303411994788, 0.9191073483391035, 0.6017249242771532, 0.9094273347079201, 0.9447888927319278, 0.11151123524026976, 0.9021437511028085, 0.9285005250584986, 0.8012965440013076, 0.9671691925821495, 0.8849052533313919, 0.5321377301004626, 0.3162883146107007, 0.8725993540983119, 0.8258096805853107, 0.874730117890549, 0.976193161492536, 0.9764756068892347, 0.7098867921920404, 0.6652540739307758, 0.7464095337818516, 0.2856093801763936, 0.6864497521092179, 0.7551801534300472, 0.7327210079678319, 0.7135000852884444, 0.7135683766600018, 0.7165966532348343, 0.6938633881090485, -0.5076057904281991, -0.5844123575632766, 0.6125828727728576, 0.8817118646334995, 0.9270024397822522, 0.9394996754600712, 0.9100646921136523, 0.8066399294732344, 0.8969898961614235, 0.9201563555015829, 0.9195880348412317, 0.8083165580783586], [0.9795061443066096, 0.9664729873820157, 0.9540038145506323, 0.9791982037916637, 0.9724667036930763, 0.9650227734642361, 0.9717205056281333, 0.9655875768496291, 0.9648812470925532, 1.0, 0.9499789931727428, 0.9659882372911974, 0.9648853777041401, 0.9657120090752137, 0.9652618841708337, 0.966780468912088, 0.9750443874875678, 0.9702678782617457, 0.970287188115738, 0.9657653825923442, 0.9658479703011076, 0.9655618980903914, 0.9524812897795881, 0.9727096905449357, 0.9705543690296322, 0.8885251511937745, 0.9691653681706826, 0.9507184605931369, 0.9756085831827986, 0.9694666501860221, 0.969662245132171, 0.9346456362812323, 0.9741268057523329, 0.9736837484975587, 0.9741682630522317, 0.9661386157322849, 0.9580479507798952, 0.9731425607314238, 0.9739606595526532, 0.9782156742640084, 0.9743174950105192, 0.9743418706935326, 0.9558114646247415, 0.8434288853889556, 0.5440427060517682, 0.7876546374776163, 0.889718481213279, 0.8751990991364659, 0.9017737126737659, 0.8265100157331307, 0.9062965276350134, 0.9153857998387318, 0.9033920639456932, 0.9321154844607545, 0.9319662697904549, 0.9436172471690958, 0.9350379134259149, 0.954298832837532, 0.9477519419003054, 0.9526019751828898, 0.9526228167143372, 0.9120626192194152, 0.9523348071736519, 0.9369938772322437, 0.9366916249709092, 0.8565767193326281, 0.9352550184657911, 0.9433501842516672, 0.9366123245824075, 0.935554693943779, 0.8861346111656664, 0.8186314425666195, 0.7745760474068408, 0.8623802109340941, 0.9146438780009143, 0.8860054404346398, 0.9003661341538032, 0.899627378198364, 0.7087178205316235, -0.31273262668004503, 0.9529161667113167, 0.9533091002531066, 0.9457834084919451, 0.9454522478353923, 0.9155151260593372, 0.9541854522142045, 0.9541060430795274, 0.9010614630671258, 0.9562135662422846, 0.90620529727069, 0.7089248094298806, 0.677514722934045, 0.8638718928667587, 0.1204867472692278, 0.8515756409401655, 0.8889411766218014, 0.8739600582416425, 0.9491327770955322, 0.9056419281954096, 0.42983069085339753, 0.34092295046959636, 0.8978515140149472, 0.8738218391899218, 0.9042761838335273, 0.9494155585921598, 0.9497623961035208, 0.5397252696300258, 0.7041647442375867, 0.6100873629071422, 0.4852962693941537, 0.5743536859955034, 0.630600622582798, 0.5912042236050197, 0.5667417622362907, 0.8059667866648239, 0.6832880796920405, 0.6479421025465388, -0.2798067641428325, -0.32749287967441576, 0.7499498642023547, 0.917252317167946, 0.9236396202021857, 0.9111738138664789, 0.9422606493710879, 0.6587899906360265, 0.8425752994445326, 0.9098747556203511, 0.9090092782080821, 0.6918495372738995], [0.991811535374467, 0.9906834322300302, 0.996882463474967, 0.9933530661707917, 0.9975212867006906, 0.9788872066725295, 0.999402619287808, 0.9996302813512032, 0.9996292166023031, 0.9499789931727428, 1.0, 0.9996605677684315, 0.9996373742677316, 0.9996455863975664, 0.9996516545606124, 0.9993940406502909, 0.9986937973558456, 0.9999531626732595, 0.99995219875375, 0.9996444788929576, 0.9996521540865076, 0.9895963074006918, 0.9553874475289464, 0.9907512017263266, 0.9919389001055604, 0.9873508605462045, 0.9687640279010942, 0.8905634134752619, 0.9883149813282145, 0.9922990614851425, 0.9715657550824086, 0.8933042704383473, 0.9991237704305198, 0.9991953269222159, 0.9991196982854249, 0.9994428249754533, 0.9993800021151061, 0.9991426411675405, 0.9989979213769389, 0.997003616199325, 0.9990929683724992, 0.9990855589695179, 0.9893059082831912, 0.9260792159746641, 0.5784794326486609, 0.9293409115524826, 0.9113472564586059, 0.7841228191805041, 0.8598117139765736, 0.890629148786802, 0.8654378748723315, 0.8749832410473374, 0.8566554883755075, 0.9500284088555121, 0.9499398876224305, 0.9478510093176228, 0.9503674793061575, 0.9391846115782262, 0.9413181318180398, 0.9438883371397556, 0.9436809762360723, 0.8913540266609014, 0.9032144647842635, 0.8591100708845119, 0.8588851462682303, 0.7319767398171484, 0.9437496847394001, 0.9473662975896733, 0.9475653409882155, 0.9468355634237703, 0.8927999942640076, 0.5778612719283888, 0.5128430085356213, 0.6764339791472597, 0.7840935373069055, 0.7066422539932113, 0.747891919118611, 0.7466867170181368, 0.5018882986064651, -0.40190763150122416, 0.9160380881312734, 0.9267916688115229, 0.9156756823290209, 0.9494201903808219, 0.8650897544332348, 0.9223804206160725, 0.9210479388535886, 0.8478067954053696, 0.9270176096246573, 0.8559291656239765, 0.48466812696187234, 0.9055291535006698, 0.901509333282238, -0.16309646565729757, 0.6671088877267327, 0.7574553362840958, 0.639930255329258, 0.9692479612916065, 0.6560153023015723, -0.15973667299543123, -0.1040043732490528, 0.6275727246711313, 0.6328305985071766, 0.6747711643825695, 0.9705696028964845, 0.97062213111383, -0.036447203294819056, 0.187957541851711, 0.03346066955035522, 0.012554067100867847, 0.03929006417173628, 0.05847532845899896, 0.025483946582443195, -0.021962478920819293, 0.3818207734765014, 0.11724903911245765, 0.06578353470627021, -0.5257334092845709, -0.5570532413380959, 0.6127150151599243, 0.7357793486855743, 0.7595798324762171, 0.8251070050691143, 0.8222737813239611, 0.5099488930471391, 0.7210485397732822, 0.7567018865641744, 0.7553900829152986, 0.40123466879232017], [0.9953318614367062, 0.9883954777413323, 0.9909713638219917, 0.9958561301187526, 0.9982799867369229, 0.9888484970880969, 0.998096134565046, 0.9999968638120009, 0.9999812754439814, 0.9659882372911974, 0.9996605677684315, 1.0, 0.9996422109295389, 0.999997638902841, 0.9999842052456053, 0.997051064198575, 0.9991363309771658, 0.9998968435405651, 0.9998964971826823, 0.9999635906022393, 0.9999947834202576, 0.9906911089820779, 0.9751468686104807, 0.9922662527600413, 0.9928207243960258, 0.9828096170843289, 0.9733811016452798, 0.9404073816657332, 0.9895664938235449, 0.9944360506369143, 0.9916251009300711, 0.9676451001329249, 0.999467066860707, 0.9995261698750493, 0.9996401178724424, 0.9996813052784957, 0.9988199874012613, 0.999439683303546, 0.9991406142187679, 0.998239359427666, 0.9995382908363404, 0.9993976317682371, 0.9845163663727542, 0.9323245198658148, 0.7244347591212096, 0.9342429509676049, 0.9125871012085954, 0.7805397825488571, 0.9585839648373854, 0.9357467473478022, 0.9601513323856957, 0.9523663732044593, 0.9469728955971484, 0.9801976634540964, 0.9768258867021339, 0.9336425249442378, 0.9475607941483096, 0.9601579426026704, 0.9641205523252822, 0.9625415496692437, 0.9377997900912496, 0.8762066217650172, 0.9371910834687667, 0.9466053984877416, 0.9253424999781734, 0.8581921283893017, 0.955623640575643, 0.920767793508996, 0.9548230237359278, 0.9342224961545617, 0.7105866416462111, 0.8121550857312909, 0.7480051883861506, 0.8294443166718698, 0.8596121519517242, 0.8660552152651265, 0.8473346136763603, 0.8566539712116698, 0.22552983247743494, -0.6115954578644043, 0.9514497341832999, 0.9231457519236695, 0.9253347387704081, 0.9396737302782148, 0.9231542345174191, 0.9599323306926237, 0.9599896883628668, 0.9138543304075609, 0.9530821298922092, 0.8009934880955873, 0.6038199134772126, 0.9089854515337648, 0.9297126204320968, 0.17033090318448066, 0.9165652612851205, 0.9386764628391203, 0.8025216826382624, 0.9683664477316446, 0.8356182913876821, 0.6274451855820886, 0.39212482337523485, 0.8451688622561047, 0.8341499619390617, 0.8329563037192932, 0.9761954148763252, 0.9764465234472968, 0.7126651204780137, 0.6689109730996494, 0.7857146075198097, 0.2888470517388134, 0.7610546090388774, 0.789394317148877, 0.7859507780985143, 0.7844562499514888, 0.7167525280810727, 0.7203492252640821, 0.6976983861831983, -0.2670789066681755, -0.4121326022172946, 0.613607748802818, 0.8833538166537894, 0.9287459424187797, 0.9386276575611544, 0.9114907456749418, 0.8123148664703818, 0.9087025251676663, 0.9307868218369524, 0.9304259740390486, 0.7545482294885729], [0.9945343618227069, 0.9882031460796011, 0.9929143233687787, 0.9952706658227588, 0.9980499753465053, 0.9899397030378891, 0.9990578221522718, 0.9996567526205902, 0.9998326467741829, 0.9648853777041401, 0.9996373742677316, 0.9996422109295389, 1.0, 0.9996787941433514, 0.9996632380875224, 0.9990940305048397, 0.9986064256708844, 0.9994610921910485, 0.9994534281923628, 0.999658483880895, 0.9996322798722217, 0.9926895158048238, 0.9767431239317982, 0.9956435656251322, 0.9955340888843403, 0.9826320554944153, 0.9762019762844161, 0.9429221807363489, 0.9887248385458183, 0.9924620925834999, 0.9907044808483878, 0.9652108878308363, 0.9987533147830299, 0.9990598846357439, 0.9992582201306949, 0.9999211164133666, 0.9987634085431693, 0.9990227019861045, 0.9985755943930864, 0.9974482552393066, 0.9987442458006431, 0.9986676368931295, 0.9884580473841533, 0.9322910662166888, 0.720376673924489, 0.9343698577739387, 0.9124852700291245, 0.7798086534372327, 0.9542563483041498, 0.9286925182874184, 0.9551942226938017, 0.9489207639871422, 0.94296542907624, 0.9766394292872268, 0.9747256759692986, 0.9573360655808434, 0.9472109079371804, 0.9604176209840803, 0.9632867177391423, 0.9623323976750521, 0.9616287024019707, 0.8802900752274, 0.9340588932294764, 0.9449089344313351, 0.9446141289771794, 0.8561948776085847, 0.955886034954495, 0.9327632518047799, 0.9567110120900326, 0.9552928143501666, 0.7149031029022233, 0.8089371796168329, 0.7720423952679486, 0.8268950688962078, 0.8610588381289187, 0.8650508393932953, 0.8554074798760317, 0.8556454397189066, 0.20954725436729435, -0.6061469432522303, 0.9504348657137027, 0.9228051160882462, 0.9241629157913613, 0.9602697092471868, 0.9224336816638236, 0.9586055325514156, 0.9586151466213109, 0.9134203644259163, 0.9534008720245775, 0.8077784448929444, 0.6042912346691862, 0.9095673679487717, 0.9302813309915737, 0.16578119589164525, 0.914478199895789, 0.9369307552932103, 0.8035305047029904, 0.9711021591319257, 0.8293676926066429, 0.6193248536659383, 0.38649214530674986, 0.8362957853608247, 0.8287990963867637, 0.8247190270606796, 0.9781693627591247, 0.9783780882642868, 0.7033655771388839, 0.6633421180594952, 0.7644127938543728, 0.2885381105459548, 0.7509831457398325, 0.7779999807749517, 0.7545690677504676, 0.7733300921054987, 0.7143719661261501, 0.7099701841730072, 0.6875825842773233, -0.2739065851511469, -0.4173505003440814, 0.6131645438621882, 0.8811235419016455, 0.9302325211261226, 0.9341181764358978, 0.9106737789943282, 0.8044049097413434, 0.9023220404042693, 0.9237393656969627, 0.9240424674887182, 0.748604711930725], [0.9952401969386772, 0.9882548407650401, 0.9911322256840318, 0.9957806751298416, 0.9982653747333463, 0.9889519428919166, 0.9989997433451552, 0.9999978072810536, 0.9999898036462701, 0.9657120090752137, 0.9996455863975664, 0.999997638902841, 0.9996787941433514, 1.0, 0.999988310573605, 0.9986130058834382, 0.9990976410939771, 0.9998889092180785, 0.9998880098755322, 0.9999577693468151, 0.999992083189769, 0.9908138507754749, 0.9753144073190365, 0.9941287376093368, 0.9939796420203375, 0.9827193310105128, 0.9735820861609624, 0.9405558599828299, 0.9920420426734046, 0.9947580644022056, 0.9914969967376415, 0.967398129307052, 0.9994412655914555, 0.9994870080492472, 0.9996168324941156, 0.9996981162148807, 0.9987700618108737, 0.9994046657997324, 0.999169261239374, 0.9981692991685978, 0.9995087831538396, 0.999371737790313, 0.9846800632899165, 0.932147358321811, 0.7238208527354211, 0.9343385904717535, 0.9125139544757719, 0.7799059920721829, 0.9583788325973325, 0.9355117947035763, 0.9599744629637268, 0.9519659620065866, 0.9465271939594034, 0.9800128494236884, 0.9766068959765718, 0.9336598608298439, 0.9474455196384125, 0.9600145538068826, 0.9640030342432306, 0.9623896522785879, 0.937214591031183, 0.8761869288353304, 0.9366955822707036, 0.9462287792814204, 0.9251455256514723, 0.8578273529753626, 0.9556576655944659, 0.9209242019488726, 0.9548010363787813, 0.9342776001582954, 0.7107919578206946, 0.8115427077805719, 0.7477295836010611, 0.828886969955107, 0.8593964606696879, 0.8656975196596797, 0.8470535083669574, 0.8563647812723868, 0.22548623886338934, -0.6114440158213301, 0.9512437150865835, 0.922879208313944, 0.9251215572985912, 0.9373911305664857, 0.9230293453810846, 0.9597376825047585, 0.9597913061672532, 0.9137391853374371, 0.9529134725027267, 0.8009637718823603, 0.603620243675368, 0.9095141123564234, 0.9301050942466803, 0.1697413725296309, 0.916359838665823, 0.9385060604948858, 0.8022256537016321, 0.9685578054081949, 0.8352544126599452, 0.6263392684336013, 0.3911206060075432, 0.8447640528806339, 0.8337905890216584, 0.8325996701937699, 0.9763353194777084, 0.9765828429568596, 0.7115419182799035, 0.6678567729157021, 0.7851629338579235, 0.28825555676339243, 0.7603691085066272, 0.7886698537572305, 0.7855904773106565, 0.7836768181797048, 0.7162213350790337, 0.7190495775003483, 0.696404169959947, -0.2679250975257088, -0.4128779780774401, 0.6133326764544816, 0.882771729581504, 0.9285101746257237, 0.9382188698031269, 0.9111122669046794, 0.8115833832989173, 0.9084213764759171, 0.9303416544980109, 0.9301128022563727, 0.7540203769839376], [0.9953779781729986, 0.9883528419140162, 0.9910403190569641, 0.9958963699898743, 0.9983310211300144, 0.9890663896096834, 0.9987701185200574, 0.9999813298924886, 0.9999963042398528, 0.9652618841708337, 0.9996516545606124, 0.9999842052456053, 0.9996632380875224, 0.999988310573605, 1.0, 0.9986121052554142, 0.999144556614091, 0.9998850297597872, 0.999885079307591, 0.9999564882126065, 0.9999772953010586, 0.9907250752773112, 0.9753113456328635, 0.9925814095125334, 0.9926197060195966, 0.9827793424571112, 0.9732989464451324, 0.9404635675739631, 0.9920871702728133, 0.9943503654545339, 0.9913333489937622, 0.9672492500773423, 0.9994820121688752, 0.9994724337545674, 0.9996022388244102, 0.9996882390383649, 0.9987900707896737, 0.9994098067111554, 0.9992006552764481, 0.9982266718476015, 0.999540971609579, 0.9994183519834965, 0.9844674086663863, 0.9320905133764077, 0.7245270462091966, 0.9339892267000441, 0.9122950742783016, 0.7802461944033479, 0.9589707196901583, 0.9365806752506606, 0.9606200450827598, 0.9521375947650611, 0.9467104940243554, 0.9804964245994139, 0.9767869325001415, 0.9344565151447326, 0.9478608028454236, 0.9604064699257153, 0.9641595768712434, 0.96279074392582, 0.9385656956167099, 0.8763110255969992, 0.936241559537406, 0.9465274805169256, 0.9258999345773925, 0.8576675709588066, 0.956046150669679, 0.9215489382035295, 0.955323882822794, 0.9352059645520525, 0.7104595150207331, 0.8111586426785863, 0.7486951919475455, 0.8282656402195488, 0.8593322992472789, 0.8651271116256403, 0.847510668559221, 0.8567713790298308, 0.22476383921561302, -0.6111714715760435, 0.9512654103758261, 0.9230855980245969, 0.9253567436044072, 0.940500928171007, 0.9235394277684036, 0.9598716344500327, 0.9599942485632507, 0.9140719946753607, 0.9532604696513807, 0.8008262104670688, 0.6023416144272278, 0.9089637171662771, 0.9297404314595886, 0.168345775684998, 0.9158926156490511, 0.9379931318207754, 0.8013303939438017, 0.9681626609345237, 0.8362455155575035, 0.6260496297263375, 0.390254019673731, 0.8452866067994257, 0.8342048609068569, 0.8333404185657993, 0.9760969745607349, 0.9763795756566889, 0.7102334549370507, 0.665625103612293, 0.7862719789758364, 0.2866291229318324, 0.7606086249076043, 0.7890682172956697, 0.786830501469972, 0.7838980809926204, 0.7144343028811091, 0.7168016020915797, 0.694117610595485, -0.26723012940879626, -0.41222961858902696, 0.6127730901605192, 0.8819222268726953, 0.929116944336973, 0.938732889511314, 0.9103878505651755, 0.8117316704532608, 0.9094636706107565, 0.9309442397098112, 0.9308250925345952, 0.7538960306374771], [0.9965083038142334, 0.9932926678872223, 0.9916234701227836, 0.997035044515187, 0.9985980842386387, 0.9919007725873634, 0.9981191396868929, 0.9964050149077323, 0.9989754539333685, 0.966780468912088, 0.9993940406502909, 0.997051064198575, 0.9990940305048397, 0.9986130058834382, 0.9986121052554142, 1.0, 0.9988959868895969, 0.9989681322998302, 0.9989648268274316, 0.9987886490036161, 0.9985043718658997, 0.9922108407220839, 0.9779639592146526, 0.9834322129165307, 0.9898944926686484, 0.988671306431942, 0.975313562692383, 0.947836787140896, 0.9931442312183181, 0.9931520042744747, 0.9903816777944738, 0.9673775899729737, 0.9987902970372234, 0.9987312363103494, 0.9989404517441913, 0.9986301841900669, 0.9993763009002676, 0.9988696640980271, 0.9989106048365748, 0.9980452382957857, 0.998672215845686, 0.9987398061580571, 0.9833942709281852, 0.9254351428212299, 0.7300045654778496, 0.9273125484498272, 0.9149269734067198, 0.7977030045789727, 0.9622210727273683, 0.9405517231409044, 0.9642538529649559, 0.9520735124521469, 0.9452890730886674, 0.98103375209259, 0.9762376340565286, 0.9469323426258116, 0.9569962787407224, 0.9672068628119899, 0.9686287525984879, 0.9687362535123188, 0.9499909464970901, 0.8880799755068215, 0.9400678211659899, 0.9513383010107314, 0.936698309396377, 0.8684284798230575, 0.9623082567352432, 0.9349176000501954, 0.9628028446592285, 0.94768588942168, 0.72799957061408, 0.8187611715721672, 0.7661148149804656, 0.83708570123099, 0.8716736148282569, 0.872176161889936