var element=document.getElementById("correlationAdjClose");if(element.style.display!='none'){var correlationAdjClose={"data":[{"type":"heatmap","z":[[1.0,0.9999945203037166,0.9863720976439483,0.9999334900721273,0.9991754498821717,0.9836555570255409,0.9978684654805806,0.9963060709014945,0.9708752731209753,0.9965125557096319,0.9946459244064813,0.9939470795860132,0.9964036546927858,0.9964355845257757,0.996348354183507,0.9977295129035428,0.9980489367477071,0.9983373011092092,0.9968590364136807,0.996870679135192,0.9968401225456154,0.9963726761308839,0.988316142007012,0.9732736945782998,0.9906766447808532,0.9597478109673793,0.9898105020070701,0.9870457604277331,0.9707795453770034,0.956805998754187,0.9924505611426316,0.9939019472896794,0.9928861946764876,0.9791876369165223,0.9977805077311874,0.9979069114661833,0.9976069698138708,0.9964849687167547,0.9955685394826171,0.9977931458069825,0.9986645027127539,0.9986980926483268,0.9977592877109068,0.9977695834728786,0.9778752355786935,0.9241665314833098,0.9542336569999351,0.9405510979454016,0.9404448801824631,0.9189322264832568,0.9642044294473965,0.9514585902224693,0.9660380330749558,0.9685090308105438,0.9575888706817262,0.9847625489205619,0.982537805954124,0.9910700903659417,0.9942815150066326,0.9875629401562231,0.9826776895511107,0.9882243994696756,0.9867142516069503,0.9887640505932692,0.98863370877691,0.9566580377502245,0.9761570927325701,0.9767750044819346,0.9765425978612469,0.9455763995501235,0.9820645353161805,0.9789801310792815,0.9860425136149843,0.9854051439037131,0.9418974059107588,0.8995012679090604,0.8692576079021433,0.9142384930315778,0.9289900441834166,0.92689083657133,0.9271450274180149,0.92595723677868,0.7262976743292157,-0.5407624390489423,0.9810157202916927,0.9761823843378833,0.9737599829526091,0.9881956065116863,0.9743163375840257,0.9846211612014169,0.9846049635841093,0.9445440668915406,0.9853296103720371,0.947672326969891,0.8013635335976894,0.9192032398292571,0.9348535760340042,0.8215639043406352,0.9555911804021022,0.9562913333482469,0.9025397949680707,0.9680399964066366,0.8954072917188928,0.5816232642496308,0.7288805300177629,0.9026196301044332,0.8731959723158069,0.8939901798571516,0.9759386401005169,0.9760902242330527,0.7891251896659576,0.7532887541615565,0.8255952042241668,0.45837621455537625,0.8080489222146433,0.829720882871254,0.8248612340965045,0.8178100474478104,0.7936955493185784,0.7564634963252902,0.7408853310282877,-0.28717190222546407,-0.42787414590552997,0.6996159637434577,0.8915713209204597,0.9312837923768994,0.9413178325691316,0.9056927427130612,0.8292099094535096,0.9093690096156983,0.924916916646126,0.9247390470433211,0.860471040193474,-0.1427467239010781],[0.9999945203037166,1.0,0.9898473348810382,0.9998548004173189,0.9983092224457889,0.9898193676873622,0.9942115645135835,0.9918576853866816,0.9871676722746449,0.991865938948757,0.9918912978486633,0.9932722487177748,0.9919599861821989,0.9918606476385804,0.9919173006525679,0.9939727098206492,0.9962906652776993,0.9958539537750184,0.9938922954614396,0.9939001801147841,0.991909119425297,0.9919557488806434,0.9925324557701994,0.9774637954160804,0.9883871239559896,0.9843278858989544,0.9884399695059977,0.9869973237882438,0.9822746502501576,0.9403877408482324,0.9898831428813347,0.9878798800127432,0.9828678188925576,0.9422074434072883,0.9952360257482497,0.995174411631292,0.9953731297413182,0.9922983303126893,0.9949697573394239,0.9953918338824167,0.9966185188722565,0.9968109474611122,0.9953880489105249,0.995399144865863,0.9912962524624215,0.9238133853551714,0.9015963187099657,0.9403456244582402,0.9404166659429142,0.9189133130535417,0.8928426805895966,0.932989156652066,0.8949922706513705,0.9234715413545017,0.8927295525572023,0.9594930530911879,0.9594805707389035,0.9730720947370349,0.9853937034779003,0.9833869948167608,0.9848356024195103,0.9793349925535432,0.9817858797614263,0.9806676769256356,0.980550263147077,0.9440763966817975,0.9634025415748972,0.9375954981209229,0.9374158783906166,0.8691992918941924,0.9816239037186296,0.982832702348496,0.9830158884685068,0.9825938704154026,0.9542395188287013,0.8043078538830485,0.7695639450532257,0.85640727770376,0.9104089093227686,0.8709730417040664,0.8911575038124755,0.8901162551776646,0.7700967611715204,-0.1407941181656878,0.971322974946388,0.9741654773415079,0.9710148893845294,0.9838002643010069,0.9675320253048468,0.9737906587387619,0.9731431234998251,0.9308315102403866,0.9751700585144728,0.9328644537658741,0.7357443192879454,0.9187275331488649,0.9180615679290337,0.5710787928369042,0.853283864340195,0.8572552346280295,0.7600759438794517,0.9685463956559649,0.7339358204261952,-0.3109708283986238,0.2497789379596093,0.7600449160564782,0.710841718466261,0.752988049157664,0.9700653388979503,0.9700961132630068,0.19877301671811634,0.3705720981285491,0.20578826218419766,0.17761380736496596,0.1988139942728278,0.21209425493735556,0.20919018978377726,0.1297378978166412,0.5531188020169582,0.28680394173809753,0.23682875669514108,-0.4340961543745284,-0.48275802175806337,0.6992821350588166,0.7608529786888251,0.7843268049977447,0.8473076009678471,0.8227960878665597,0.5993826755290128,0.7728718735710131,0.778850989833192,0.7777909601071497,0.43983488675335114,0.24018894056974088],[0.9863720976439483,0.9898473348810382,1.0,0.9876650786892811,0.9934375382751004,0.991354295157046,0.9895614426921714,0.990318799475437,0.9912517936962423,0.9929400053928483,0.9968841825255933,0.9960579936971832,0.9901706280146158,0.9922717338763386,0.990372709283734,0.9898329477564195,0.9908073333914872,0.9899941429173265,0.9889961139980915,0.9889674181562337,0.991828355125565,0.9901980043289393,0.9951007258480338,0.9852987188676664,0.9910796053151949,0.9823458948305337,0.9917094584390039,0.9876579066564901,0.987271344779173,0.9624950737450912,0.969353736967189,0.9736416541125363,0.9774215006540116,0.9569658788788514,0.9869375522260512,0.990037340267684,0.9884133191668836,0.9919664173529525,0.9946945131928779,0.9908363193595139,0.9849301900949422,0.9878576286556575,0.9873076103785919,0.9866863124567731,0.9926465967162513,0.9198735270614906,0.9383598219258577,0.9496791491967123,0.9331455049023325,0.8803300298523884,0.9224715157522694,0.9080330543905487,0.9252540831508994,0.9322952886575964,0.9162120685596501,0.9506215725106241,0.960153213631573,0.9681096844064473,0.9773680767090006,0.944052134133702,0.9667602448602947,0.9663194899785762,0.9725778149038824,0.9665557659571014,0.9427153935264547,0.9248922352808311,0.9507569015612007,0.9413147278271391,0.9235367591064113,0.8988368129177219,0.973090433726207,0.9531882694410626,0.9660623451850925,0.9460479411448844,0.8427624486941946,0.8631325361492049,0.7815300979120018,0.8798967156123463,0.9028278593292148,0.9048636345892085,0.8722741327585997,0.8865052429878448,0.44580695935236586,-0.5266649199961492,0.9634641522157159,0.9510776233951378,0.9508982854565511,0.9440191061894851,0.9580037142738099,0.9659982888912427,0.965627276700981,0.9339681288273199,0.9617668389706292,0.8873032943971976,0.7860263267605423,0.9563328264710053,0.9549669537061938,0.8030328899974746,0.9434745292601857,0.9450390864904135,0.8755052738065618,0.9807264876951649,0.7757364510121821,0.48606823543555017,0.6734895355355208,0.79813421788402,0.8006634409524984,0.7791718978218303,0.9827724024810286,0.98277585753623,0.7202997401102108,0.7024198820024741,0.7111834125680612,0.4082745035767839,0.7097782959785968,0.7164262491441986,0.7253768612855975,0.7162720599113879,0.7576861684700186,0.6930449368279136,0.6764846425579776,-0.34556677298482263,-0.48606377746398105,0.6684305567976473,0.8539775728484285,0.8782830768458303,0.8869968371908322,0.8781906765902976,0.7633249454541373,0.8582210578109959,0.8679121027147154,0.8747553049757725,0.7355333315017804,-0.06556000575620544],[0.9999334900721273,0.9998548004173189,0.9876650786892811,1.0,0.9994030151222589,0.9847231881117776,0.9980904455881413,0.9966974058036004,0.9729549374572957,0.9969489573662673,0.9953209925864902,0.9948263108198209,0.9967780925479474,0.9968951901638047,0.9967391941311572,0.9979793328384793,0.99835929290263,0.9985782494639136,0.9972003524718673,0.9972095689142939,0.9972105868659512,0.9967513497448897,0.989435166619128,0.9745950251512254,0.991570064037398,0.9621723585669666,0.9908039864889665,0.9887925328992805,0.972645126903324,0.9579363963734313,0.9917982046414341,0.9934267759104211,0.9928123549761444,0.9787840917408138,0.9978506716164923,0.998092445290984,0.9978121475737443,0.9969104728412257,0.9960457666606229,0.9980113609412619,0.9985606422526279,0.9987710400985107,0.9978255272926251,0.9978328248539649,0.9795846756339789,0.9208289431138841,0.9522442346083552,0.9404869460040641,0.9385158492781738,0.9130428359379524,0.9613803658988692,0.9483032797966152,0.9631270535025963,0.9661791032810564,0.9549516364859375,0.9827522385064751,0.981121183314464,0.9902441367788918,0.9940777910344812,0.9862817918546604,0.9816266247135894,0.9871186238760503,0.9861647152953252,0.9875862336586448,0.987449045856863,0.9482248886203509,0.9750133900952587,0.9754573313467537,0.9752208235412427,0.9411820518386838,0.9816365211157013,0.9764471954972511,0.984762412578637,0.9840927052958051,0.9242360687058796,0.8981532561715927,0.8658313017189577,0.9126882292503682,0.9264678048486721,0.926467182621731,0.9249590807091224,0.923809177632247,0.642347536718803,-0.5402583072758645,0.9802598566339586,0.9750218317759417,0.9724135376651231,0.9869175735759929,0.9736869749250988,0.9839456315516797,0.9839264615237371,0.9442023187250435,0.98406068252077,0.9348816385916037,0.8047921149468513,0.9239935039795727,0.9385660464383858,0.8231115628494418,0.9567816692294426,0.9575066820626229,0.9020857280505392,0.9691798617958324,0.8893257276892349,0.5779709143309495,0.7271509751997912,0.89716439683883,0.8695010723164607,0.8882624012101521,0.9767144559222728,0.9768712860563733,0.787937977783745,0.7534440891619901,0.8176740660254993,0.45996771267177244,0.80214751122726,0.8215274558972131,0.8165927322176395,0.8123581857755048,0.7958018025691549,0.756308102510254,0.7408014996692516,-0.2825699479442661,-0.4271499174262213,0.6987884900724696,0.889791322832681,0.9293757158883924,0.9394599148616941,0.9045251150817295,0.8264620254698282,0.9073267134918452,0.9226216329444296,0.922591540243414,0.8534106478778597,-0.13572828521702018],[0.9991754498821717,0.9983092224457889,0.9934375382751004,0.9994030151222589,1.0,0.9872280392947743,0.9990006457899941,0.9985465579854559,0.9845525337912515,0.9985453830721156,0.9981466600430933,0.9980785031061038,0.9985642869380857,0.9985767028731392,0.9985778684708392,0.9990587514506554,0.9988148773674201,0.9992440807799907,0.9988377739038965,0.9988390377652597,0.9986209823146093,0.9985644270129437,0.9949232716831431,0.9818442028409156,0.9951688607324412,0.9784887728271934,0.9951898579811438,0.9923680023804917,0.9845867690435689,0.9611000000064248,0.9892914388405594,0.9919785558366934,0.9903101520762158,0.971536101519713,0.9988436513318987,0.998908245590188,0.998932003582575,0.9986687625516396,0.9985716708553423,0.9988989335870422,0.9989199803076666,0.9991460525215456,0.9988604074693,0.9988611432849487,0.9886423956743412,0.9300259566848864,0.9516113294555771,0.9478393081167522,0.939271886603723,0.9087530516532469,0.9500446634951896,0.9446224140614424,0.9542825268945399,0.9605255300111013,0.948995487240659,0.9807531647748765,0.9806820796851953,0.9903993083410526,0.9939665245406447,0.9826099646411801,0.9757847294684512,0.9818995142100941,0.982473523687671,0.9822886469948111,0.982124539768405,0.9460372645501685,0.967091447899372,0.9607604427308838,0.9604983308042645,0.9146499632487759,0.9788033227185492,0.9751025407749898,0.980820120548019,0.9800558886132027,0.938937103458261,0.8800651253613726,0.846761178469543,0.8990331186642925,0.9311716150850864,0.9174657592871236,0.9237559068483175,0.9228146721532671,0.778149091776277,-0.5406151915607686,0.9744209915557797,0.9651589629148942,0.9636102359356427,0.9834375755001525,0.9643361869124691,0.9778315686164978,0.9775078181637323,0.9359847773180507,0.9790912587097268,0.9378354571156157,0.7947718050299033,0.9372998762828573,0.9572947991499063,0.7908305234280678,0.9456142813953222,0.9469317289053147,0.8971098911449955,0.97380764496632,0.8913223265402169,0.41689230275776146,0.6731527311387712,0.8971584135850214,0.8505256905452804,0.8931480198876848,0.9801113566681215,0.9802327495746113,0.7554295857809797,0.7384000913279951,0.7592694726814324,0.4391992263534603,0.7162121161899234,0.7636480075461419,0.759402873209705,0.7242987948531884,0.7839307392465773,0.7428400757816893,0.726464768972155,-0.4820140964626142,-0.565053668949657,0.693677116119017,0.8854840899910129,0.917062511905964,0.9357081260716354,0.9034899550185674,0.8103805213164742,0.8991124441777918,0.9113548953706557,0.9108653152445347,0.7935979401293615,0.07463297134098988],[0.9836555570255409,0.9898193676873622,0.991354295157046,0.9847231881117776,0.9872280392947743,1.0,0.9811433405537245,0.9824018670374494,0.9931535355661801,0.9817656517996733,0.9777208102042184,0.9767630856159745,0.9822292274583507,0.9826851186951319,0.9824695616672419,0.9820588929616292,0.9857071683223677,0.9830515313423397,0.9829239634031043,0.98290876210191,0.9812432273079545,0.9823416851573779,0.9941071262432076,0.9934449505576103,0.9836099837830268,0.9877167669992671,0.9840749480420634,0.9743409962216935,0.9875742872549574,0.9741409370175653,0.9594402313390825,0.9654558654411967,0.9754924995645595,0.9665676485103449,0.980855065233309,0.9812623411917187,0.9821230108155282,0.9831043162737247,0.9776227891511212,0.9816539511342477,0.9800689421217761,0.9818931223974001,0.9810920780100261,0.9810816009587195,0.995999206405519,0.8819614276061901,0.9296785801386422,0.9272790618930541,0.9371573553266571,0.8960275792186282,0.9171033439906623,0.911271861253334,0.9199912358143498,0.9370099941070525,0.9171126171656374,0.9491544884124231,0.9552487256765484,0.9617723353359696,0.9685587824831388,0.9728351536574679,0.9885883038816137,0.975017510609715,0.9859089203217859,0.9746256266110664,0.9740949925556336,0.9765353387056652,0.97254163313482,0.9535268458454808,0.9529973644899338,0.9499630105168343,0.984724937179585,0.9775269843557133,0.9739138803588204,0.972695948031425,0.966894740890359,0.9050284959545609,0.8621396133544769,0.9205031507923397,0.924208783947546,0.9336528749099402,0.9147884299609018,0.9127151843678386,0.7631778829286694,-0.4815553464160225,0.9830980703384291,0.984670920405284,0.9810757030243124,0.9736411681159391,0.9762004986188557,0.9817460319466472,0.9813583937300346,0.9693687083761088,0.9717109724731473,0.9689548882989889,0.8070331819583975,0.8991967023706143,0.957410745577723,0.8365764137813838,0.9454671593383437,0.9464570535085577,0.8663255135144285,0.9588428099276133,0.8321246310496926,0.49862007712731843,0.6901880936928642,0.8419373956646524,0.8195202300432779,0.8317753431929664,0.9586330318352825,0.9586300455867217,0.7404558815213842,0.728906966221372,0.7504057684958038,0.46323618756626067,0.747048942352483,0.7555851277596173,0.7493222567242648,0.747775277533867,0.7748920377014802,0.7146801299877534,0.7021069171452315,-0.30818350323163685,-0.4390368124790097,0.7052951918064723,0.8528652535391055,0.8674372117260918,0.884576182928139,0.8618713996749271,0.7831456125822264,0.846571668608172,0.8596880792588902,0.8596486387504819,0.8026383366573218,-0.09457441344741355],[0.9978684654805806,0.9942115645135835,0.9895614426921714,0.9980904455881413,0.9990006457899941,0.9811433405537245,1.0,0.9976207790248455,0.9570699791705832,0.9996283176463195,0.9995952469444087,0.9996224853633529,0.9984898964689596,0.9994951699408089,0.9992234873154663,0.9998937626134304,0.9967425313311691,0.9999047893512542,0.9994109745090749,0.9994156580975003,0.9997267193241488,0.9993599860368151,0.9908040524193077,0.9750659564709593,0.986409753519593,0.9284915607485704,0.9938692228129308,0.9929278609986399,0.975203721917081,0.9546041018729176,0.99168375845195,0.9921177323685798,0.9938377431686994,0.9761773600447065,0.9990550750942989,0.9998602323993142,0.9997293240635243,0.9994967047621209,0.9997841862235273,0.9998461895517966,0.9985805848497254,0.9997494087867872,0.9994186949549322,0.9990909665685087,0.9801450873492389,0.9370617753978047,0.9544524623929406,0.9523016786363558,0.9407119062530455,0.9076080362080634,0.9583470292474637,0.9479517335658613,0.9607109706621968,0.9638618723216129,0.9543071415140273,0.9822135303492093,0.9819992290252249,0.9921424048384023,0.9964673088715768,0.9527805749971704,0.9628034679003042,0.9737336651178263,0.9740042145612756,0.9752101758289083,0.9527237869077234,0.9033559189227021,0.9576385723421517,0.9629922933381462,0.944326674411805,0.8935215635669789,0.9689130386776559,0.9452508420475929,0.9701229311067956,0.9531560504525103,0.8004938265880599,0.8719802672354813,0.798627433325914,0.8856844342183281,0.9018484850922923,0.9061338252682212,0.8863849468889163,0.8977026319165899,0.39201865635511524,-0.575397392417231,0.9647932523263927,0.9501869458906881,0.9501858215433305,0.9542164538847542,0.9599229275246883,0.9710796486460251,0.9711543749389662,0.9237975186264191,0.9691867476171353,0.8586195986951659,0.7882639613542067,0.9379582465445286,0.9370220007006941,0.8098522068808085,0.9543203664915442,0.9551778342213009,0.9012355130350868,0.9733379510075474,0.833183539015117,0.5740485679389147,0.7210678308621857,0.8573351594155505,0.8514376016873474,0.838837377583355,0.9805780415886102,0.9807607660795683,0.7798283150489383,0.7360394201452665,0.7830775232161556,0.43268763007362315,0.7817200939540572,0.7963130369386914,0.7885647183394721,0.7951853118196737,0.7814584599720469,0.7494287232708633,0.7320769734276942,-0.29593508363622556,-0.44819529278186804,0.7067855088077812,0.8905364278783787,0.9223505282365011,0.9408460051751951,0.9104082545008633,0.8284105520858983,0.9095340290110204,0.9272891745543349,0.9259027599811446,0.7788240730414905,-0.1062354238934509],[0.9963060709014945,0.9918576853866816,0.990318799475437,0.9966974058036004,0.9985465579854559,0.9824018670374494,0.9976207790248455,1.0,0.9676956640787653,0.9999998343775583,0.999999338462906,0.9997719413661714,0.9999970863054669,0.9999930077579152,0.9999983090905603,0.9993514931948568,0.9917822756682888,0.9994802810396252,0.9999115961006083,0.9999113031839983,0.9999662533329499,0.9999988110665565,0.9913302433211334,0.9767894121417613,0.9931509034535957,0.9423972359153019,0.9943585164843104,0.9913537508207428,0.9773926761650145,0.9541476358039725,0.9880492378582583,0.9939288099452037,0.9924876167879018,0.9733772718155891,0.9994810328830482,0.9995869351977092,0.9996862832852368,0.9997521704862625,0.9992745421209518,0.999524854971762,0.9982875570853141,0.9988839137653316,0.9995530659281325,0.9994236698198089,0.9818910245198559,0.9368982841220951,0.9519629435194396,0.9557787878255167,0.9398423256015892,0.8982006689511306,0.9565863566391942,0.9436105247912624,0.958613791145377,0.9585233413309743,0.9485542249116182,0.980232333016655,0.9792183715239431,0.9911588455657634,0.9968913978434459,0.9483414097646096,0.9595567357870789,0.9683560587665361,0.9715443016549457,0.9701824207026648,0.951246275186821,0.8976953662721725,0.9537550642690528,0.9571841950393666,0.9395358436841001,0.88391622900362,0.9667281241571803,0.9398878149001191,0.9654076975707159,0.9490343770593408,0.7899465167293939,0.8654737685934735,0.7947236768791175,0.8791546095638886,0.8957504547142704,0.9024682918876694,0.8825343441862943,0.8917857127049346,0.37638911832759836,-0.5788277586300317,0.9614486440863951,0.9452321102365399,0.9454156891120532,0.9524653951065355,0.9564013028919783,0.9678109632115532,0.9678734805341771,0.9205025369229218,0.9634061689570914,0.8498982752511781,0.7857127018311815,0.9500664259076462,0.9471108006751852,0.807135598391078,0.9542484476449316,0.9552510408620792,0.8987368952724778,0.9770185583822373,0.8357131744603614,0.5597107456640718,0.7126242867035357,0.8579952140451558,0.848204841961038,0.840632029866553,0.9828343654872287,0.9830170628290195,0.7712096816309411,0.728911835783,0.7840375420579001,0.4212236029816063,0.776626557739276,0.7916723608102575,0.7886740260106044,0.7895861400642074,0.7756892595264704,0.7438611987315629,0.7259803014590194,-0.31102660547626015,-0.4621943880614935,0.6947762362606639,0.8833349802958083,0.9196984788547837,0.9334277866022087,0.9048452113708974,0.8180724179335194,0.9031821695887321,0.9210299044000793,0.919893237812034,0.7606205055903856,-0.08946092823725185],[0.9708752731209753,0.9871676722746449,0.9912517936962423,0.9729549374572957,0.9845525337912515,0.9931535355661801,0.9570699791705832,0.9676956640787653,1.0,0.982725863138566,0.9872783437851017,0.9897140933380686,0.9713250988773044,0.9796381634276506,0.9762143885635267,0.97421886057411,0.9500396621593538,0.9790832028608749,0.9769056183729582,0.9768493671751818,0.9812250655034311,0.976052126987546,0.9938943463813589,0.993324391398949,0.9802958136366232,0.9897891364245611,0.9834358782237819,0.9905357923776605,0.9907425671460329,0.9697247936939162,0.9275080475953834,0.9491080839258865,0.9662696615541839,0.9524864316840392,0.9706316864228299,0.9791260006609188,0.9757152868224723,0.9780810524819613,0.9881926584212523,0.980282984430652,0.9668439271958524,0.9763575066330624,0.9714990492761468,0.9704624396623106,0.9990299226062618,0.9003870775945486,0.9230615699019123,0.9507238492549652,0.9405382536380723,0.8769037655335247,0.8862474176298472,0.8860370284103691,0.8902678142372418,0.9162422848678021,0.8961294520402758,0.9293118025995727,0.9460037039118672,0.9513000516664288,0.9610434063178132,0.9066919675356903,0.9688164350962996,0.9482361877812203,0.9676133675087141,0.948235592716136,0.9054302014892404,0.9185430664980029,0.9458200015660689,0.9196221141477663,0.8842930223028383,0.8870549351108392,0.9691573923257254,0.9236516084185619,0.9460458068388036,0.909389974548078,0.8335696127305493,0.8585855481729833,0.7412725289759264,0.8768952666729809,0.8860105024229821,0.8994470718076305,0.8485748333442803,0.8670183276982059,0.42786354561390744,-0.5088963148640842,0.959372463431615,0.9542893977622996,0.9518185452432412,0.9050013445922653,0.9501229214914935,0.9576058225212998,0.9570589219230284,0.9390084515788314,0.9431177842552093,0.8783702690344488,0.7920772291807395,0.9421646530383866,0.9625955980978917,0.8123210213442021,0.9369284082079563,0.9384703369380318,0.8532480562680207,0.9683240050527432,0.7419083275886507,0.44823507493999404,0.6546347177744014,0.7748991352397594,0.7773146522519384,0.7530948255354615,0.9676591890559989,0.967609244181379,0.7013844895634415,0.6922418506237461,0.6764214561635536,0.415890740718806,0.6914341521206271,0.6941796329880107,0.6755359871923721,0.6942733188869687,0.7504693474105495,0.6865587066435913,0.671331687734606,-0.35106669768126664,-0.4878102441584039,0.7054466977792677,0.8382525298971034,0.8311479410400359,0.8613982556856471,0.8571026827670398,0.7549709283760893,0.8140405243751275,0.8369927812208687,0.8308374613265522,0.707412385498175,-0.02562689674283474],[0.9965125557096319,0.991865938948757,0.9929400053928483,0.9969489573662673,0.9985453830721156,0.9817656517996733,0.9996283176463195,0.9999998343775583,0.982725863138566,1.0,0.9999991518034924,0.9997764539579829,0.9999985295091548,0.9999919168241063,0.9999978455055623,0.9996946069422169,0.9979300252758403,0.999478340852096,0.9998875780592393,0.9998875842693712,0.9999782303940984,0.999999343106705,0.9938702961071182,0.9785021842293573,0.9963334955375472,0.9746020637360906,0.9964192240280914,0.9913500708308334,0.9817391941475123,0.9554759171999084,0.9898579025073706,0.993856035370921,0.9902000554707623,0.9702195704277429,0.9995152537532457,0.9995806043675173,0.999593308640984,0.9998388231683003,0.9992864526148766,0.9995322814112648,0.9985169498412013,0.9989286383448355,0.9995217059552847,0.9995172234419727,0.9862946026987509,0.9368350398603945,0.9519952726421976,0.955677848890588,0.9397621301606156,0.8983175619701161,0.9482181550002117,0.9390299715144889,0.951866875010274,0.9568229544455552,0.9467831725990329,0.979431781361622,0.9792512980049676,0.9917208922670782,0.9967257142990988,0.9730137448671374,0.959505037768187,0.9722495722410778,0.9715117431002931,0.9727770246073992,0.9725597073966948,0.9335916687942305,0.9537208232719719,0.9513045733718062,0.9510177177901946,0.9030485481306547,0.9666630402442776,0.9655457720573583,0.9713824010824509,0.9704494564479557,0.9252954883783184,0.8655036339161706,0.826562426670032,0.8790062907852406,0.9145343803029927,0.9029625287962637,0.9083154400223588,0.9075527943747989,0.7332127038887205,-0.5817768587962413,0.9614226937246992,0.9452157036179062,0.9454122951164489,0.9740362549605597,0.9517303494768868,0.9674983681160163,0.9671470881670554,0.9211855249985973,0.9689680295791104,0.9233098838818197,0.7857131920377287,0.9498359299627837,0.9584809873930173,0.7921029001200878,0.9482970861727065,0.9494706930486277,0.8988092240479145,0.9762587772129449,0.8992996960457474,0.4577354428351291,0.6901281523773262,0.9051145377210182,0.8585497337288835,0.9011002091800397,0.9827982484029146,0.983005742931436,0.7712782508507239,0.7286994283808117,0.7744277871258535,0.4213321307959712,0.7323566018991178,0.7790239088475076,0.7746063301483522,0.7423722151722841,0.7754735443713681,0.7438227112565565,0.725925559803187,-0.52684043166016,-0.6102237697860234,0.6943224886025505,0.8833720952784068,0.920084926505938,0.9379496961821031,0.90489923461158,0.8148553983519655,0.9001458777433644,0.9139778571967898,0.913462286350326,0.8057331753776262,0.13709955140572497],[0.9946459244064813,0.9918912978486633,0.9968841825255933,0.9953209925864902,0.9981466600430933,0.9777208102042184,0.9995952469444087,0.999999338462906,0.9872783437851017,0.9999991518034924,1.0,0.9997758090650297,0.9999963889484438,0.9999949504771356,0.9999983750601216,0.9996801443553804,0.9976401011863494,0.9992325710672433,0.9997932163198455,0.9997932977410571,0.9999984508681119,0.9999984092857526,0.9932553400624239,0.9746510088844279,0.995423573723015,0.9826702199630997,0.9960004658811051,0.9913627702060389,0.9839735623785236,0.9484731727851748,0.989177325523965,0.9934269689381856,0.9842190309557679,0.9464364715796634,0.9993078942645757,0.999361979046238,0.9993040186720358,0.9998983419431503,0.9992705372834697,0.9993140152533689,0.9980028623824885,0.9985549490684766,0.9992834671763151,0.9992812827735913,0.9886372993176471,0.9365571768876758,0.920291338750144,0.9556338378718514,0.9396851285546567,0.8980326067931501,0.9192319898416913,0.9099823231449633,0.9235296125838419,0.9320061713323379,0.9177073266332896,0.972193083761706,0.9721701153608439,0.9907800119763933,0.9953235422894433,0.9651801752886715,0.9596365300591156,0.959842211264871,0.9623193181749313,0.961118628767431,0.9608490440303784,0.9094590142456718,0.943351280804704,0.9172835248490512,0.9168075033803182,0.8353978239633286,0.9646604304674521,0.9699357683746226,0.9665224364346199,0.9654114130870788,0.9178494486415557,0.802364551050817,0.7664160812588418,0.8434449700795961,0.89506831057796,0.8651274162240744,0.8800459309189966,0.8787828311414561,0.7349382421388883,-0.3832175410553918,0.9489457523793277,0.9453641643229047,0.9455211320212076,0.9662741757515269,0.9380613478147862,0.9515659397560843,0.9508859030008082,0.8938064565683971,0.9541549034294271,0.8980110996778746,0.7858754375619919,0.9501376148948952,0.9625452825829185,0.6892249333183911,0.9096017055123016,0.9121880006622626,0.8569032608018169,0.9853902608318523,0.8447825107071989,0.11581085132491266,0.5436167450833373,0.8567908398182288,0.824457515773513,0.8516372336315449,0.9861305711284892,0.986149987634511,0.5365337941077146,0.6442611809764288,0.543710958124108,0.42127150723636203,0.5115767438794446,0.5541828994607901,0.5447886757451016,0.4830485966470079,0.7645217885765154,0.6139524896158057,0.5757630994905402,-0.48776170938568214,-0.5462895924068205,0.693785562662307,0.8635073185744123,0.8759644998565486,0.9086471023974276,0.8987135550056216,0.6843929241077751,0.8508412484007536,0.8691313610899035,0.8684504917836746,0.621000103983628,0.08724348495217163],[0.9939470795860132,0.9932722487177748,0.9960579936971832,0.9948263108198209,0.9980785031061038,0.9767630856159745,0.9996224853633529,0.9997719413661714,0.9897140933380686,0.9997764539579829,0.9997758090650297,1.0,0.9997893985273398,0.999775490463933,0.9997812266523276,0.9996798068855782,0.9982638544171863,0.9994245884289562,0.9999713765554029,0.999971118273244,0.9997804556189624,0.9997855358986772,0.992901545363366,0.9717812395172575,0.9942983828341636,0.9834926321014936,0.99506473082207,0.993750759066616,0.9803660158537831,0.9303866507068621,0.991784018605416,0.99446848772671,0.9799278558106929,0.9287412294479189,0.9994386331421993,0.9994842962053565,0.9994468675229505,0.9996034723060412,0.9996266036642092,0.9994624100916701,0.9978899959421571,0.998588864745966,0.9994260148734753,0.9994229419580322,0.9899720851299112,0.932268015230567,0.907609592926863,0.9526982856878802,0.9383934862898952,0.8979672480780262,0.8860191387668356,0.9224452358710653,0.8894366045301112,0.9097918815896294,0.8843715693968242,0.9606294582384636,0.9606155328936764,0.9822068813075563,0.994865126971938,0.9638181648491582,0.9641391772366362,0.9549413235683001,0.9599098001718217,0.9573170316393628,0.9571072968638509,0.9091084238125036,0.9339312299765842,0.9013241285687105,0.9010722696148565,0.8188178265002605,0.9636068399255073,0.9655839586993341,0.9656181216018503,0.9649530984460868,0.9245567437089055,0.7557856507792454,0.7174637438886539,0.8111402126833865,0.8741059399798932,0.8312210304480081,0.8534668855398975,0.8526677655919435,0.7169955257280549,-0.2615851237921071,0.9428947945131793,0.9475707296900704,0.9425102359280906,0.9645294859549891,0.937787326305111,0.9462964023750571,0.9453977806465088,0.8915931492209556,0.9484919035361882,0.8945710906600517,0.7407012757059958,0.9477253390861939,0.9418753943040612,0.5685512384603094,0.8569802197818442,0.8613236362607706,0.7567678555138218,0.9794689810521016,0.7333293986099387,-0.25217213550091666,0.28524597567746346,0.7566566001387813,0.7130577326040851,0.7505000799217612,0.9805965658910502,0.9806887452944665,0.23354999740192456,0.3911709171974526,0.2390066772910468,0.21106893465742393,0.23086987326764685,0.2462758391388123,0.2439631786377833,0.16068880457115964,0.5715565369921652,0.3081394392749481,0.25644934499285665,-0.5008050843875292,-0.5482854357756212,0.6941876613468343,0.7636774080120001,0.7869738607897248,0.8506403935931491,0.830606801367589,0.5890653798791469,0.7711136538580363,0.7817880660757506,0.7807782617348403,0.4425909015252704,0.27652257452437623],[0.9964036546927858,0.9919599861821989,0.9901706280146158,0.9967780925479474,0.9985642869380857,0.9822292274583507,0.9984898964689596,0.9999970863054669,0.9713250988773044,0.9999985295091548,0.9999963889484438,0.9997893985273398,1.0,0.9999914180254109,0.999997687207801,0.9993973350554503,0.9934068946170171,0.9995186183773006,0.9999209311265946,0.9999208026016643,0.9999731357431016,0.9999989818465734,0.9912103862970182,0.9765953766955534,0.9937986949159634,0.9472933689983236,0.994310675474877,0.9914618229448632,0.9771938639413618,0.9540917750110981,0.9889587078382174,0.9940131499403801,0.9925690471122375,0.973500709925226,0.9995237871933135,0.9996257613635623,0.9997162446264575,0.9997509455826259,0.9993307901679281,0.9995649087119959,0.9983725670906228,0.9989490757843038,0.9995956710355529,0.9994670469100674,0.9816450375783912,0.9371561536908225,0.9521256098426851,0.9557006208271359,0.9399107809046303,0.8987900921518189,0.9569436070125764,0.9439980181619648,0.9589737809048399,0.9588541773268233,0.9489468762208139,0.9804860156950097,0.9794044788791102,0.9912938976520914,0.9969746662185006,0.948589406581402,0.9595687469179777,0.9685331096963727,0.9715853313583682,0.9703579194228527,0.9514475885873358,0.8976387137813643,0.9538863234422954,0.9574800412441276,0.9398848725409455,0.8840686843487263,0.9667265013475176,0.9400199622965849,0.9655510663614685,0.9492643788622805,0.7898495074444628,0.865724689832298,0.7951596242695057,0.8793905979197195,0.895953483510107,0.9025849976500078,0.882841825395268,0.892085131394272,0.37648904590751997,-0.5789167588221467,0.9615261480180158,0.9453384551786159,0.945517209525569,0.9526658538682106,0.956480699111959,0.9679092406975575,0.9679737484256729,0.9204662273476558,0.9636026867133337,0.8498819664603434,0.7857643019218076,0.9495192286608335,0.9466132907211272,0.807158968163588,0.9542506063218116,0.955245103852012,0.8990796824880921,0.9768804177545531,0.8362128846731522,0.560818549993344,0.7132723050908552,0.858479685979999,0.8487395674603148,0.8411236665421723,0.9827752042191835,0.9829582874627584,0.7718208480123004,0.7294111929082209,0.7846568939555241,0.421833791766387,0.7772940893840812,0.7923688350536507,0.7893079399165478,0.7902976415127249,0.7760244646312318,0.7443129643912342,0.7264467477574261,-0.31011528580151165,-0.46139002983304006,0.695166097089661,0.8838575561643435,0.9201820621026562,0.933968045134577,0.905330802737074,0.818637641765073,0.9037717194664008,0.9216213589612479,0.9204754536130699,0.7613035254484745,-0.0905048000345948],[0.9964355845257757,0.9918606476385804,0.9922717338763386,0.9968951901638047,0.9985767028731392,0.9826851186951319,0.9994951699408089,0.9999930077579152,0.9796381634276506,0.9999919168241063,0.9999949504771356,0.999775490463933,0.9999914180254109,1.0,0.9999952465738108,0.9995830572684029,0.9978862866370021,0.999478334122734,0.9999066793544042,0.9999057358351361,0.9999555251581195,0.9999917355721607,0.9931061059474234,0.9769990100581258,0.9960544765752131,0.9686439234875892,0.9958437606322742,0.9913324984453858,0.9776435074727159,0.9542708965561372,0.9893497203575369,0.9940856538421469,0.9918920525356933,0.9730836238319203,0.9995041944130038,0.9995798704506181,0.9996374040105956,0.9998917286532232,0.9992963916297288,0.9995151196172319,0.9982458844191606,0.9988739344715281,0.99952429823996,0.9995176561154644,0.9841737765822516,0.936982792363183,0.9519049113698613,0.955636739653546,0.9397248890937037,0.8983087378874185,0.9519624993194978,0.9372096312786958,0.9542697538380001,0.958254536169651,0.9482424056671321,0.979052873021306,0.9790883692524698,0.9906011547882866,0.9969719442850267,0.9738787783141393,0.9592565357062409,0.9734520537178765,0.9715235632844428,0.9743967483243524,0.9741751088097474,0.9427914951574123,0.9534611823700416,0.9563181287731914,0.9560205848081267,0.9197506183186109,0.96669037091223,0.9684990123444053,0.9733430722386537,0.9723278097879455,0.9337919560880162,0.8652621488530229,0.8319386096524878,0.8788323773412502,0.9063048717601978,0.9023225424460498,0.9030662783788326,0.9019896580650125,0.711284954545847,-0.5791271226288718,0.9614473651849157,0.9450748411299283,0.9451498590370212,0.9749170082176731,0.9564919749109732,0.9678212406659702,0.9678973701316006,0.9205391980817197,0.9692116046656116,0.9318305329831086,0.7856388582324882,0.9496190070107038,0.9516219085804225,0.8064900194487864,0.9541237899414833,0.9550825998382172,0.8986842742308182,0.9772223814994886,0.885851773717364,0.5598990165717448,0.7121195392693617,0.893701174432008,0.8619927068246152,0.8847267242832448,0.9830380291406149,0.9832426973221515,0.770421646616851,0.7282062459982397,0.8041615733077391,0.42135386721145407,0.7837003652675633,0.8085438521272262,0.8030856499297728,0.7904445294562147,0.7755725573177285,0.7425635361678833,0.7247093592809691,-0.400269505265595,-0.522580940763177,0.6937817899670242,0.8833709452870808,0.9166010721714875,0.9294665052736358,0.9052274713032648,0.8171348503778376,0.8917575961973164,0.9097514794669133,0.909349849480592,0.8410099387091104,-0.057052002359350526],[0.996348354183507,0.9919173006525679,0.990372709283734,0.9967391941311572,0.9985778684708392,0.9824695616672419,0.9992234873154663,0.9999983090905603,0.9762143885635267,0.9999978455055623,0.9999983750601216,0.9997812266523276,0.999997687207801,0.9999952465738108,1.0,0.9994843485380698,0.9971857856457947,0.9994953478485336,0.9999143072327727,0.9999137254515135,0.9999671759181591,0.9999976904296867,0.9913733546236903,0.9768517969406734,0.9954237655615512,0.9603485442731029,0.9952295613280473,0.9914204485168487,0.9774453292628936,0.954308820820107,0.9914282703453311,0.9942733055205124,0.9924393528008205,0.9732946044806658,0.9994920467499793,0.9995879645004306,0.9996930559947942,0.9997668553448896,0.999300124737484,0.9995221895385212,0.9983113355768126,0.9988991924378776,0.9995624739373451,0.99943563607838,0.981891718830985,0.9369665253229364,0.951981106750411,0.9557558722759019,0.9399007683586742,0.898455786825492,0.9566616384045016,0.943736827801748,0.9587194243626243,0.9584762511952514,0.9484736980001109,0.9802555405521732,0.9791653654322674,0.9911304999363486,0.9968566421700076,0.9486189480092768,0.959610583265324,0.9685131875799821,0.9716253299928465,0.9703262904420972,0.9510676534588741,0.8978951601627606,0.9536794398706899,0.9572466642292057,0.9397349398483218,0.8840432476395366,0.9668653549211732,0.9402112747654336,0.9655991453431781,0.9493256293779451,0.7902695360824951,0.8654819892899226,0.7949720243683643,0.8792025211377242,0.8959115005495042,0.9024797377868237,0.8826791213221509,0.8919455839441643,0.3767322507195572,-0.578528570239699,0.9615366629284051,0.9453254617690048,0.9455049022213646,0.9513182453600841,0.9565680187937299,0.9678929078419938,0.9679523628543681,0.9206883811258423,0.9635642976490123,0.8501458005001472,0.785729016028093,0.9498038776058793,0.9470209011160239,0.8071458264873483,0.9541825142750379,0.9551889923389767,0.8985597253251446,0.9770345897640601,0.8357404136799752,0.5595337094360415,0.7125129120231205,0.8580009622525677,0.8483212219477791,0.8406559336280235,0.9828700080425722,0.9830497991998292,0.7708346562625465,0.7285913466460607,0.7840155020841099,0.42145747373693915,0.7766031597098441,0.7915926086915537,0.7888229888594429,0.7894878303703711,0.7756133132622677,0.7431504893022244,0.7253033418091361,-0.31084518237288394,-0.46200894460644043,0.6949809317297752,0.8832452107000041,0.9198153371717837,0.9334639557405218,0.9048870627919792,0.8178725317999875,0.9033752382463757,0.9210604585757307,0.9200384203248669,0.7607086658881973,-0.08972163697305936],[0.9977295129035428,0.9939727098206492,0.9898329477564195,0.9979793328384793,0.9990587514506554,0.9820588929616292,0.9998937626134304,0.9993514931948568,0.97421886057411,0.9996946069422169,0.9996801443553804,0.9996798068855782,0.9993973350554503,0.9995830572684029,0.9994843485380698,1.0,0.9984669310470428,0.9998572583295978,0.9995684957822917,0.9995730757075885,0.9997789801538738,0.9995556156907238,0.9910157321052976,0.9758066614460881,0.9941214563586637,0.953106441801192,0.9937839771836728,0.9928017830523529,0.9756706184142178,0.9548320182328519,0.9918350596993549,0.9927444331887855,0.9932935401473854,0.9753468872257709,0.9992941776345506,0.9997418805477849,0.9997280323636031,0.9995875035456289,0.9996247575585653,0.9996985395023408,0.9988790394542069,0.9996009108946542,0.9995239614737684,0.9992919751715361,0.9805273146681607,0.9356335185668185,0.9540211828163244,0.9530136482740303,0.9407480809478205,0.9048603416014253,0.9586667737619132,0.9481325181310813,0.9610028332416566,0.9624615442034891,0.9525511219738284,0.9821824003219808,0.9811380337504062,0.9920534230157017,0.9963948778685024,0.9530621458688142,0.9631952968214302,0.9733067021807966,0.9741404886238387,0.9748636869879763,0.9538477287081252,0.9032058442488159,0.9570363492890909,0.9623708418742543,0.9445477106582152,0.892103927177225,0.9693322234567079,0.9450513257998455,0.969857145352641,0.9536002622116824,0.7985309527148037,0.8708618966353959,0.7993258068212292,0.8845286160759227,0.9008402219673586,0.9052121202760592,0.8863807037121545,0.8970883647988014,0.38813130313645394,-0.575427529067806,0.9647758642805864,0.95010912046358,0.9501080197704812,0.9553328677078646,0.9602957832710555,0.9709917249190101,0.971049426460749,0.9246808425223231,0.9686187665170469,0.8574965006207562,0.7875222893520816,0.9410661358600113,0.9393993509577878,0.8095917424075094,0.9542480822189343,0.9550892179425379,0.8987230448158656,0.9737008296395251,0.8350031341428622,0.5692341907866197,0.7175129900359974,0.85804520355