var element=document.getElementById("correlationAdjClose");if(element.style.display!='none'){var correlationAdjClose={"data":[{"type":"heatmap","z":[[1.0,0.9999924427806111,0.9852391393954107,0.9999257590743708,0.9990055679148757,0.9868725575328684,0.9977195019687735,0.9957020384992362,0.9691234406827397,0.9960224151454499,0.9806619503733266,0.9932547247458583,0.9958331337940295,0.9951132308761285,0.99575165292679,0.997444516892581,0.9974302964534237,0.9982472956282779,0.9964021732050707,0.996419571680772,0.9964679573383389,0.9957922728980236,0.986243790249484,0.9706526371018989,0.9889487748755492,0.9558364345281978,0.9878744897928482,0.9848924139231824,0.9659927109709215,0.9485013467891992,0.9933982977099612,0.9942769799015664,0.9921133566509075,0.9764470796514381,0.9976302196097033,0.997892690318384,0.9973516719789493,0.9958925334011866,0.9955736714997495,0.9977907798046778,0.9987192066086629,0.998746827737711,0.9975792868569999,0.9975930571452065,0.9767226412071802,0.9160468382382477,0.7439222306070825,0.9135256193944492,0.9151226264129567,0.8493054212276501,0.9647774823809987,0.9463343493434214,0.9662933998894978,0.9651121314425343,0.956650455903759,0.9852746781398344,0.9821328864788883,0.990289865254673,0.9945598323941303,0.9855271424868475,0.9801144975929665,0.9872185201969237,0.9849608770179601,0.9878081962270558,0.9876157556745495,0.9649434119909306,0.9712276814027576,0.9735861596621767,0.9732960982775654,0.9493518160089796,0.9781684181285082,0.9758947338324517,0.9836169551123826,0.9828542002089454,0.9395141358922372,0.8732579762254714,0.8405977667267484,0.8914631171892013,0.9135690645713778,0.9097625246468871,0.9114927005682263,0.9102455339156346,0.6594967469055351,-0.5682253527109955,0.9790802563145015,0.9727874147639467,0.9691411481519103,0.9863359368901583,0.972910901375295,0.983296819972834,0.9832815679477026,0.9482114053579337,0.9834262449202565,0.9517913130269822,0.6850678248863608,0.8870832403461182,0.9214327034012489,0.7744800078206229,0.928165971137065,0.9462875637853828,0.8276379394033399,0.9615238049602073,0.8960102555363442,0.6243182560974853,0.7140979425613968,0.8920654638840678,0.8673466289149928,0.8893811188170073,0.9715173590374405,0.9717639823099695,0.7426137776798566,0.7184374753987142,0.8247787716612389,0.3703955045017524,0.7974922933173003,0.8291188138550438,0.8159417165443251,0.8144755377145434,0.7632357244173498,0.7455236910137931,0.7267426858282879,-0.25528364923320906,-0.39327623878629286,0.6519619702001291,0.8971639765685133,0.9407623931056573,0.946137323781337,0.9154880109746181,0.8278605436306207,0.9131138425400512,0.9340706816332851,0.9338395817153909,0.8685275110118557,-0.1889324815099138],[0.9999924427806111,1.0,0.9857171991750302,0.9998049245767222,0.9979310578350499,0.9902306868117153,0.9938562019005217,0.9902980164087444,0.9821763632197755,0.9903134861875242,0.9721649963321797,0.992401407885883,0.9904929840819218,0.9903497518093877,0.9903940022206503,0.993001139979434,0.996077792193844,0.9956650170224318,0.9932484243991543,0.9932490789596649,0.9903889085491926,0.9904417440431871,0.9899460425700845,0.9681708665341848,0.9864763039366757,0.9792005325266548,0.9862899291476594,0.9848315320193385,0.9769779395680558,0.9229667549435882,0.9878888236732161,0.9849232320363436,0.9780102184172901,0.9233269731298825,0.9952096011816253,0.9950694221805847,0.9953326085254586,0.9911761094495338,0.9948632746567077,0.9953344830726929,0.9968218382743327,0.9969061594870057,0.9953115221793382,0.9953198133958808,0.9881044824265018,0.9157594746067335,0.5853108991804935,0.9134441831986702,0.9153379354639698,0.8494323777044201,0.872558386101116,0.9167955901546948,0.8758731351194932,0.9008863128338347,0.8718159404171172,0.9547266069576736,0.9546614782390344,0.9633577147541168,0.9831347305750876,0.9783541034430796,0.981484568313244,0.9764509487261923,0.9762123961353217,0.9787276233897888,0.9786460034050091,0.9443507446945837,0.953322951251043,0.9253426300212426,0.9252458167584235,0.8400960329813429,0.9742584969662859,0.9762021472987917,0.9764209428037569,0.9759274881029427,0.9422057006473697,0.7051694611202729,0.6524375875411937,0.7866147084226489,0.8678121311218501,0.8078889786822576,0.8388329129512905,0.8372859028121915,0.6532486742026273,-0.2598477453411405,0.9637150526692284,0.9693016415606005,0.9634777141970399,0.9790963958657262,0.9611868693686776,0.9675826968405147,0.9668076029955165,0.9179251766008896,0.9700543475216056,0.9225236060085836,0.5462109381334418,0.8867098560539106,0.8838392613693791,0.3720219065274727,0.7113924935719993,0.7888097475546553,0.6729271698210871,0.9620403918734374,0.6806721283181697,-0.26591982807751546,0.1722715339424954,0.6488666467757174,0.6554648303809942,0.699706773145398,0.9636148784439107,0.9635153031931016,-0.025178573634607113,0.2188729730996869,0.05645813623136938,0.022588331114946396,0.05093179145875535,0.06704532605306468,0.03377135097875954,-0.012092038410741345,0.4237927510404418,0.15574498978521706,0.10511111491265783,-0.4445936447859114,-0.4843929923029225,0.6523849743571523,0.750091936499701,0.7743372849678579,0.8322857284939558,0.8251716005720308,0.5534539232941527,0.7398037227738776,0.7692068507733757,0.7679288764130461,0.418130055406206,0.18562818339555068],[0.9852391393954107,0.9857171991750302,1.0,0.9866422351203016,0.9931935277090352,0.9906563564390208,0.9905559796588819,0.9910836325408694,0.9899840330056151,0.9942609647637679,0.9579151164322074,0.9970840933084155,0.9909687184923786,0.9928915019886785,0.9911423246901879,0.9905160483826012,0.9912704724620057,0.990574949697136,0.989746225707617,0.989714804896122,0.992803642699098,0.9910118045295315,0.9942042957075047,0.9814136220132409,0.9911458286818474,0.9790355319753152,0.9916191848709205,0.9840932667994478,0.9840840278961102,0.9535063947128262,0.9715738319872437,0.9754685293772976,0.9780215915746082,0.9525541119150808,0.9878670089331327,0.9909943946244913,0.9893157507009923,0.9929076268985382,0.9951087089126532,0.9921162758264724,0.9855860280705826,0.988238490522816,0.9881645345040464,0.9875406384127399,0.9912080681104772,0.9148694798155635,0.6846088567880567,0.9343197458156967,0.9096131923555139,0.7710780871322702,0.9245727079528001,0.901660196530276,0.9269534720093126,0.9255366219377817,0.913525096858134,0.9519075206719568,0.9597595184800533,0.9672523077594628,0.9796914140446374,0.9350516880531412,0.9562017130059757,0.9582162259132663,0.9647073262885094,0.9586290003340358,0.9329917098180155,0.9089823520398759,0.9357742943235426,0.9289213118830668,0.9112853222946251,0.876498046136491,0.9647799148446329,0.942808784295306,0.9586522549766189,0.9374160508514392,0.7968384823279091,0.8202240487347386,0.7453192647766488,0.8408540356846466,0.8779945087410743,0.8774524384278841,0.846637791041649,0.8609947898838527,0.34324275700444756,-0.5645080205886363,0.9528044994076241,0.9332087091917317,0.9347391208681962,0.9353928738996288,0.9471000180074128,0.9566065887665748,0.9562904082289592,0.9223194273162972,0.95233932381297,0.8561780967781681,0.6612260562556611,0.943295221458353,0.9427279001039575,0.7409923449472151,0.911973278073546,0.9317874447192446,0.8137287745118129,0.9796064371719211,0.7779672545646727,0.5305688283987283,0.655168102092329,0.7867418336907679,0.7936679877855534,0.7755885910938684,0.9828044701804892,0.9828613296621054,0.6648021438168237,0.6579252768104572,0.7124242116139045,0.30758471673698873,0.6946705312449116,0.7121005373531012,0.7223218944076331,0.7090824069118011,0.7205671362514036,0.6753815860559639,0.6549545740481767,-0.32408309646213185,-0.4617807552382672,0.61402542898966,0.858272053112423,0.8900406531791992,0.8929950899302774,0.8888207345148432,0.7591442158123868,0.8647883003524033,0.8788156976582753,0.8871613884532612,0.7381038932278134,-0.11040013940715757],[0.9999257590743708,0.9998049245767222,0.9866422351203016,1.0,0.9992872404849275,0.9878969158866602,0.9980209801629328,0.9961887320712474,0.9713868964734158,0.9965782704207581,0.9803038565189105,0.9944430375862313,0.9963018605768821,0.9957857338198919,0.9962370997646747,0.9977629285326935,0.9978164352206674,0.9985601719703745,0.9968279171811176,0.9968420754815718,0.9969408934181262,0.9962641853735316,0.9874991166900661,0.9720050073634854,0.9899914065594444,0.9584825338697196,0.9890264424255434,0.9868498295146295,0.9680528780860854,0.9497063439708863,0.9928099801427058,0.993877437993867,0.9921708697379569,0.9760828007001442,0.99776315989227,0.9981547606381761,0.9976333940509265,0.9964209684541767,0.9962162289658656,0.9980907514443049,0.9986445280586214,0.9988691593137803,0.9977049138676035,0.9977150996207335,0.978549706992218,0.911945757598073,0.7376420651738317,0.914294543568033,0.9133216372491149,0.8399591740861647,0.9618499636724114,0.9429517754589344,0.9632621802294418,0.9625032055117168,0.9537990896008733,0.9832023155408013,0.9806197475512156,0.9894662748861581,0.9944737971286771,0.9839210063650091,0.9787076775299739,0.9857913916228224,0.9842281478082712,0.9863012074865058,0.9861057869802623,0.9529865299966558,0.9697678742604742,0.9719499712643005,0.9716613918595376,0.9433063595247023,0.9776017263969224,0.9726390202183555,0.982002418671181,0.9812038464117773,0.9151602093249227,0.8713792725101707,0.83616276752383,0.8893376071348373,0.9103199896245877,0.9090296281491477,0.908712208813789,0.9075257977229597,0.559656956586119,-0.5680844890455489,0.9780351810670069,0.9710701563970449,0.9673126754385353,0.984736639207296,0.971929642767466,0.9823478259452738,0.982331746783079,0.9473893096181513,0.9817938194889783,0.9337149562636647,0.6900901994389366,0.8940653988321986,0.925755453813909,0.776069563666703,0.9298318522127972,0.9477007012542942,0.8279324603633134,0.9629291336292343,0.8898645451958932,0.6208525025015079,0.7123174674903524,0.8869657010407389,0.8637459674266882,0.8839570758682055,0.9725143046380452,0.9727662705254738,0.7415986958695425,0.718675461306359,0.8168430215042727,0.37237817322900085,0.7917945701613427,0.8209002131547098,0.807786751873298,0.8091377518005848,0.7658597037064259,0.745501625153945,0.7267917947256529,-0.25065875102346513,-0.3925296711598861,0.65085476964638,0.8952758481501931,0.9389323995657121,0.9443559784115633,0.9143320303601494,0.825051774239058,0.911112827367781,0.9318301392352952,0.9317517626676007,0.8610222922053006,-0.18171699900399915],[0.9990055679148757,0.9979310578350499,0.9931935277090352,0.9992872404849275,1.0,0.990830375661718,0.9990704668010865,0.998409372396306,0.9843970622940784,0.9984708527083688,0.9746642510601088,0.9979216255848895,0.998447326403724,0.998284670020027,0.9984427578588021,0.9989991249731105,0.998266584529247,0.9992501178346752,0.9988014012880662,0.9988027094114355,0.9985149597869853,0.9984377575096024,0.9939909946682495,0.9796998068899352,0.9943449764831109,0.9767616666121872,0.9942977644185548,0.9900641051568317,0.9816963133324078,0.9533016773043007,0.9893893275129311,0.9920188729220665,0.9897507374760446,0.9676303686688652,0.9989429083383923,0.9989846017739826,0.9989909859794446,0.9985385199741492,0.9986160716332442,0.999093328773446,0.9989525673752028,0.9991644255426919,0.9989338337692403,0.9989337204725982,0.9887094274216449,0.9216131868455852,0.7136522093969097,0.9273435628903419,0.9173264319684005,0.8242677355530355,0.9464330576661313,0.9335704351085988,0.9505196708472916,0.9545419430117712,0.9452430865417921,0.9796786407486734,0.9796120057619804,0.9889683448105169,0.9944447197635032,0.980247426276051,0.9729704134717618,0.9811102655194223,0.9801460689602964,0.9814466099223612,0.9812190956487129,0.9544461255387767,0.9603364103403731,0.9551235448476872,0.9547847449877664,0.913470048938416,0.9747639530049025,0.9712546589517168,0.9776120839889184,0.9767575787874978,0.9358275097892373,0.8485839182955973,0.8063708830603833,0.8727126946267559,0.9139474664941171,0.8962794866586606,0.9043854034394508,0.9033446121954027,0.7145525045135295,-0.5874697453445018,0.9713122802598402,0.9601013130707445,0.9573785568101967,0.9813184013667727,0.9616361138424724,0.9752910443254491,0.9749025292355795,0.9377919392673453,0.9771287056656282,0.9413684472663763,0.6773034996070171,0.9122410763678234,0.9467610238758213,0.7315835491732031,0.9102937705946798,0.9334924691776108,0.8220118461299608,0.9685102477700946,0.8833486500312651,0.46416075551603697,0.6478135912734837,0.8713014841782175,0.831646431918712,0.8740317278556274,0.9764235936680251,0.9766211294261282,0.6970636398701052,0.7002673479222606,0.7398495052061119,0.3484169488748372,0.6827376839862218,0.7454174655234163,0.7223926267640902,0.7018915333215371,0.7507374128066606,0.7288195690451748,0.7091834650232461,-0.4663213941285733,-0.5455244112645942,0.6420854686695211,0.8884416175654362,0.9237332587670172,0.9367619344846213,0.9109849719575537,0.8031030135371744,0.8955011199874732,0.9170386405364107,0.9165164991288133,0.7959446586112139,0.02948422837107586],[0.9868725575328684,0.9902306868117153,0.9906563564390208,0.9878969158866602,0.990830375661718,1.0,0.9867282099708089,0.9871735631846401,0.9911764868773256,0.9867943435849816,0.961961803339618,0.9795514380394525,0.9870843066634201,0.9884394441076387,0.9872380957764529,0.9869357595306033,0.9901904407134599,0.9882283451783435,0.9880015324107161,0.9879680347898828,0.9860353451861038,0.9871343374575043,0.9959366370283955,0.9923038744422547,0.9876225743246582,0.9843677624773652,0.9876473331604675,0.9733829846343457,0.9864348568065373,0.9702130322689401,0.967895438671369,0.9727859544941824,0.9814011979801912,0.9690289351620264,0.9865748473681651,0.9868227293299991,0.9876557188903192,0.9879634741315189,0.9812515097568817,0.9876761307633559,0.985719419154239,0.9872755027282589,0.986698915145801,0.9866690685536474,0.9953169386388175,0.8720682112227478,0.7090282668130801,0.8927080144222495,0.9085609321899217,0.8367971653104886,0.9258175515039303,0.9104615857437303,0.9280018569525526,0.9383367420907528,0.9236206421204464,0.9573155680241583,0.9620527725694735,0.965558511527971,0.9761472591472413,0.9691132004081882,0.9832281027627725,0.9703081082819229,0.9824139041875923,0.9700101304663314,0.9694765655729392,0.9718082244140801,0.9638404633007164,0.9445060062580283,0.9440586317139585,0.9368104524061984,0.9803044957341793,0.9727111951853277,0.9704276053499156,0.9689498672325886,0.9558648789823018,0.8705959576038342,0.822927830381411,0.8902354796978381,0.9051787788292909,0.9135431573531678,0.8954629818357562,0.893453938189036,0.6836440867008893,-0.52613579227278,0.9772797959216708,0.9762619408611134,0.9723465640710154,0.970168032769657,0.9685220474605996,0.9767496115874232,0.9764037501011164,0.9612686789896189,0.9660963472012816,0.9603300403737259,0.6949762372917581,0.8636308739848432,0.945040041152392,0.7784324826321704,0.9210965981696202,0.9365873703113329,0.820933014199428,0.9583091376076915,0.8423242283160136,0.5593933166863467,0.6829054887297489,0.8398442655581453,0.8213640618892472,0.8383249396388871,0.9598460628482922,0.9599492306511158,0.7011643750123693,0.6965206627005763,0.7572254086121178,0.37312788243573913,0.7412546321123815,0.7629163175780969,0.7492535749696414,0.7516710554467717,0.7505875686759177,0.7123006691605733,0.6958798725461405,-0.27977422779827715,-0.409104583963506,0.6697080244759556,0.8738335544754345,0.8915012579831393,0.9014552606355015,0.8873680773171331,0.7934345752117503,0.8615697039369021,0.8830789605099234,0.8829627971144022,0.8263574824216584,-0.15180656366823533],[0.9977195019687735,0.9938562019005217,0.9905559796588819,0.9980209801629328,0.9990704668010865,0.9867282099708089,1.0,0.9973143092805491,0.9583799730307011,0.9995633105794451,0.9746284007085533,0.9994971407399954,0.9982588669734335,0.9991086715369589,0.9990933964557758,0.9998782475140507,0.9952711088463316,0.9999015576557482,0.9993091791763089,0.999315252290369,0.9996783620546602,0.9992808126106788,0.9905824729769175,0.9750529879361264,0.9848676025374097,0.9258144362797442,0.9929740128175261,0.989526007240828,0.9729489718199951,0.9477316857977254,0.9918495478312486,0.9917368581582183,0.9933708704061365,0.9734413847705076,0.9989086672568216,0.999833750004858,0.9996807087201063,0.9994323228582176,0.9997073482280152,0.9998634502660833,0.998345383243431,0.9997021885649776,0.9993248654171316,0.9989594523727012,0.9821110641091708,0.9288585036251776,0.7299250497338005,0.9389729930387324,0.92698809176752,0.8179281494172816,0.9575835239268224,0.942440228470141,0.9597545975845964,0.9589057622413407,0.9511304223588158,0.981685784670712,0.9804079245390215,0.9912840738878015,0.9964653507181186,0.9446934852842981,0.9599814347231524,0.971382595718267,0.9718388929551937,0.9730713955379149,0.9448232906215637,0.8988150492463833,0.9510070772052224,0.9583331322280714,0.9357573121847099,0.8868735789332017,0.9644781409498607,0.9356907152832682,0.9654665907278914,0.9451343136610775,0.7595585546584649,0.8429185519659521,0.7674165147300303,0.8598188852507825,0.8825114197105323,0.8868615039911979,0.8655232501172121,0.878065126127706,0.296344613264014,-0.6020769727931078,0.9621170637661045,0.9448633028760361,0.9438036848631005,0.9467130583318173,0.9583582937712075,0.9691601570933367,0.9692537216913042,0.927827130097955,0.9655229837369136,0.8374088927098848,0.6715347542185832,0.9127268419539665,0.9255617733347035,0.7648096777124634,0.9269628369907166,0.94604005515794,0.8225825862078406,0.9678739393392314,0.8316507198193198,0.6107106696189879,0.7032780600162659,0.844862263956036,0.8430622944685795,0.8309890285451609,0.9765172364711515,0.97677445854165,0.7289828665616542,0.6972240565985985,0.7822082183671877,0.34332482671238396,0.7693665398079446,0.7923665592626407,0.7813026623859921,0.7891478833485017,0.7470395560633287,0.7340921696979044,0.7136034021208709,-0.2676724903492688,-0.41683265616768556,0.6599685574141527,0.8910202738677313,0.9273834253491181,0.9431111951076168,0.9153311888181883,0.8241382701258606,0.9115294700760352,0.932847797379936,0.9322397668950088,0.7757588651527356,-0.1456135970536111],[0.9957020384992362,0.9902980164087444,0.9910836325408694,0.9961887320712474,0.998409372396306,0.9871735631846401,0.9973143092805491,1.0,0.9695877318170806,0.9999852510705313,0.9692521974955883,0.9996965941119923,0.9999969692222423,0.9996792590109759,0.9999980185302197,0.9992146948385253,0.988976816512546,0.9993733613493629,0.9998971330044898,0.9998968538124925,0.9999601469425478,0.9999948722004511,0.9909420199740064,0.9763097565594425,0.9922366246431412,0.9400356386282834,0.9934774043331074,0.987171310527391,0.9751563902270314,0.9467498641062163,0.9881216673546476,0.9939677474760841,0.9920401033314356,0.9702369755033834,0.9994443121909907,0.9995228122948067,0.9996390084773372,0.9997106249568899,0.9989581630949834,0.9994592890119,0.9980169189628135,0.998666684252911,0.9995139376497539,0.9993809559210729,0.9836625825631476,0.9288231050743878,0.7170664692550678,0.943965046966816,0.9248062483587713,0.7987809738737273,0.9559287523773123,0.9376401867812596,0.9577039570477953,0.9527002052339455,0.944755030193408,0.9796694792619505,0.9772731846092995,0.990249561860878,0.9971672803721594,0.9393101985872475,0.9549463287084535,0.964200670841799,0.9682828587459701,0.9663297437985112,0.942953696391356,0.889493252570299,0.9455595219425322,0.9509042356279334,0.9299514964269869,0.8729750076898704,0.9613107527792651,0.92884153603129,0.9594202508319718,0.9401317462576838,0.7447960907070301,0.8337510255480769,0.7626034735224766,0.8506539184805019,0.8743841976511488,0.8814684080679906,0.8606524948578382,0.8705143429775234,0.2769407016152962,-0.6072670934926936,0.9572617355360512,0.9367151858062376,0.9366146544205145,0.9446023369204862,0.9529318641091951,0.964400082335803,0.9644981140067288,0.9217621923618033,0.9578665088920153,0.8242052538005139,0.6674333982005906,0.9300163565160842,0.9373177514536855,0.7601155523027605,0.9264722357309093,0.9457724577288128,0.8200019627338502,0.9722828274142888,0.835078468939775,0.5963415315382893,0.6940681346354218,0.8458744285120524,0.8399607233209028,0.8340587445405359,0.9792961312645013,0.9795526011127449,0.7191383245488615,0.6887453658877857,0.7838947298478576,0.3294154033069676,0.764135145192822,0.7879016247801904,0.7822956775773544,0.7835389601654721,0.7401295785513076,0.7278934280091067,0.706762090166282,-0.2842275986248083,-0.43239719871166443,0.6436329770076661,0.8828874342392372,0.9250082144548087,0.935429718840475,0.9091899723788072,0.8129267325448644,0.9050149126109361,0.9265296094813753,0.9261614730160223,0.7560292132676063,-0.12811971979466727],[0.9691234406827397,0.9821763632197755,0.9899840330056151,0.9713868964734158,0.9843970622940784,0.9911764868773256,0.9583799730307011,0.9695877318170806,1.0,0.9850112411285422,0.9439473329845626,0.9900006555389406,0.973317545815707,0.9833887466055999,0.9782464002897194,0.9758670594724311,0.9466635119369946,0.9805322482106775,0.9789167441819552,0.9788625593325643,0.9830017380691662,0.9782357718480486,0.9946269284722012,0.9913816829074766,0.9821666156899496,0.9867957099671579,0.9850519640543709,0.9875182819630698,0.9894039495218718,0.9633937403088301,0.9307409977892754,0.9522291131749319,0.9686824762132262,0.9502201245102321,0.9728049984180361,0.9809736072030838,0.9778759101555091,0.9802563334019467,0.9881005829138423,0.9826569094780346,0.968329593204876,0.9775731115453643,0.9736226006978334,0.9725786585597339,0.9988496215341648,0.8891279352025179,0.6634598305280924,0.9352003536628715,0.9224671190270977,0.7800292955570708,0.8890943389142896,0.8801226026039994,0.8926572659251297,0.9096872091010243,0.8943695951361648,0.932183491446586,0.9469723979937767,0.9511421497225483,0.96492281338916,0.8918411342436934,0.9567770738850873,0.9354159917177901,0.9575428839397,0.9356730998039233,0.8898892806518374,0.8935326624918766,0.9277456860271391,0.9022437017536619,0.8654176127756398,0.8541803883413849,0.9586131382366511,0.9067157216129013,0.9347508122840845,0.8951218798988828,0.7783838840038608,0.8105202867956637,0.6967797166150582,0.8331331713522909,0.8558855742423046,0.8687126290438864,0.8181551328091011,0.8368237815260207,0.3141743217514421,-0.5538273261947085,0.9456457516618599,0.9351184542588745,0.9329617569384856,0.8917838596877316,0.9347087323339383,0.9447702239293484,0.9443254142823811,0.9224178385843735,0.9287931447073504,0.8369096151057042,0.6726456039204384,0.9215547468756636,0.9529405283166658,0.7480056809085185,0.9079049364736113,0.9248843622239494,0.8026593920194718,0.9675894498508766,0.7458465547422691,0.496092380680187,0.6370945590670973,0.7657958580999207,0.7719886761296461,0.7525073920743338,0.9672269415670848,0.9672570040408737,0.6485517008909983,0.6469723437342291,0.6790864682013806,0.31511308215939715,0.6779246844940073,0.6922954112957117,0.6726130618031834,0.6891491692286184,0.7142559088678633,0.6720853566519008,0.6528230206667615,-0.33240848148365115,-0.46672469319981236,0.6635627615143799,0.8466073385518614,0.8449850961263089,0.8703159293565943,0.8711799616264878,0.7555216844302552,0.8218866174931376,0.8511061313032775,0.845895309750721,0.712519729751968,-0.06908957096853544],[0.9960224151454499,0.9903134861875242,0.9942609647637679,0.9965782704207581,0.9984708527083688,0.9867943435849816,0.9995633105794451,0.9999852510705313,0.9850112411285422,1.0,0.968613362998017,0.9996944601283951,0.9999820487460163,0.999847940764257,0.9999905356095158,0.9996534817569157,0.9974910398132015,0.9993669808746007,0.9998410919805569,0.9998401573424114,0.9999683318355019,0.9999832219422677,0.9938286386343042,0.9778898179910349,0.995515268575126,0.9747915742526074,0.9956428508287363,0.9871879286914357,0.9796258735013649,0.9481726307145524,0.9887908278103982,0.99310627422841,0.9891895703370891,0.9660970881256837,0.9993858900591135,0.9994650121859704,0.999472333224623,0.999852514828886,0.9989668260653656,0.99944573764204,0.9981911147706721,0.9986853305635836,0.9993829372177312,0.9993773996861925,0.9882026863227404,0.9289286452758448,0.7176865956419807,0.9440131643618176,0.9249130714915041,0.7989942689470402,0.9437303762378975,0.9287321500257221,0.9473450203095419,0.9503060767901634,0.9421136334033685,0.97770994038741,0.9773225994763362,0.9903845584244422,0.9966340558696388,0.969898208382506,0.955405071033623,0.9706862679866461,0.9684468771467858,0.9711188911723394,0.9708126040605541,0.9420193881672306,0.9450525288217586,0.9446794635104727,0.9443019727598522,0.9015514107872448,0.9617389782703355,0.9618075274862777,0.9676954300314612,0.9665989352334976,0.9228871571987974,0.8331414332597629,0.7854291222038232,0.8501871596092809,0.8956632475117662,0.880600860587222,0.8876085195130353,0.8866214338524793,0.6635648713288068,-0.6208685819668865,0.9573215797147724,0.9367179810522043,0.9367545624897758,0.9711575031189242,0.9482127915542323,0.9640865767943678,0.9636211018308793,0.9228567945353716,0.9661728188426645,0.9267465584064253,0.6659277066790394,0.9298523631942714,0.950654300716154,0.7387981259095185,0.9146120439784905,0.9375034819178856,0.8191687291749867,0.9712080754760594,0.8900326747559478,0.4961880132401093,0.6645049343766025,0.8785719514582951,0.8394959478551381,0.8817200304761376,0.9792702829256708,0.9795136833537578,0.7171062025569148,0.6861829643676834,0.7554566271660083,0.32734356983335583,0.7001717168279319,0.7607950470816213,0.739531344333465,0.7201753282747079,0.7380146010021479,0.7248982901959293,0.7037470747086111,-0.5148001464131718,-0.5949277603072893,0.6439146084532115,0.8817590347080835,0.9238962366144118,0.9375610133678284,0.9082066241532006,0.808351451798718,0.8959402485214109,0.917157638898358,0.9166067291069185,0.8059375028870669,0.10097259981102646],[0.9806619503733266,0.9721649963321797,0.9579151164322074,0.9803038565189105,0.9746642510601088,0.961961803339618,0.9746284007085533,0.9692521974955883,0.9439473329845626,0.968613362998017,1.0,0.9585144291636583,0.9696156476398444,0.9686264555119294,0.9693615156927007,0.9728937694276374,0.9724575076381524,0.9764590396273001,0.9732423880178664,0.9732547675268659,0.9694115529682276,0.9694760406157537,0.9676266782970232,0.95519419982387,0.9755672988309381,0.9557425596165577,0.9736091114768749,0.9177628492493627,0.9708695950623114,0.9555731525807322,0.9784926736432271,0.9731672579793283,0.9732463492874637,0.9426450489206469,0.9768107998927943,0.9764173853151638,0.9768125727658743,0.9698716913281276,0.9651033970753992,0.9758634192947577,0.9804675473857686,0.9789189629650566,0.9769698400865532,0.9769852214758077,0.956958026428398,0.855418476070704,0.5410673973310872,0.8328261069827986,0.9077448399273134,0.8819628128599902,0.9075746078028069,0.8470731897477725,0.9117581053571439,0.9232766844759203,0.9090807301171726,0.9399381219421148,0.9398131463941334,0.9481532504750473,0.9720915495946851,0.9480114253013661,0.9411224091699231,0.9567196444306063,0.9514761396027134,0.9553687550352645,0.9553841490694497,0.9138823698410868,0.9554966350474141,0.9433284857119748,0.9430032814999653,0.8727319406419048,0.9411588405886637,0.9480551903231642,0.9422828063981792,0.941240736560823,0.8940323257557262,0.8415520584555087,0.802597160651681,0.8799809274157244,0.9248458364235941,0.9003030841513444,0.9126680147921317,0.9120771057787944,0.7479129127409515,-0.3181076104475807,0.9557240264966481,0.9582203558307736,0.94941995625245,0.9495781338384682,0.9356223884968324,0.9568846138767451,0.9568493790377435,0.9057425651192637,0.9586584607954955,0.9098570311382297,0.752818463177567,0.7509809403662133,0.8808584968023614,0.6712536451388187,0.8707831762198042,0.9027286329542489,0.88491721061804,0.9553351306972867,0.9097594889082908,0.3726520143745732,0.6652067259057051,0.9019067023958827,0.882557196272039,0.9089832473267815,0.9555471327230858,0.9558490614807644,0.5585719902023687,0.7227176372380949,0.6328782654941434,0.5079416523817991,0.5941624772337406,0.6461947937812696,0.6081898397428553,0.5816879904700057,0.8220563490367703,0.7002966826378675,0.665651194982933,-0.2982628320542031,-0.35230080295205035,0.7559007463332859,0.9178177094040562,0.9247182299970133,0.916002365173373,0.9416087966072574,0.6798955602657073,0.8520534142464796,0.9120520507895725,0.9112612064165361,0.6963203994635951,-0.16187799138191677],[0.9932547247458583,0.992401407885883,0.9970840933084155,0.9944430375862313,0.9979216255848895,0.9795514380394525,0.9994971407399954,0.9996965941119923,0.9900006555389406,0.9996944601283951,0.9585144291636583,1.0,0.9997193608513534,0.9997009984027766,0.9997086622526377,0.9995864901896513,0.997579899712693,0.9992400275003044,0.9999617840760345,0.9999613516905285,0.9997075495722683,0.9997147700813224,0.9913637217540051,0.9636059328479759,0.9924525313528519,0.9809135718491943,0.9934441792612331,0.990754048223687,0.9746142747122755,0.9107192284503279,0.9894077935526838,0.992934203507718,0.9759359138311595,0.9106619987845839,0.9992593238520494,0.9993188722756761,0.9992655096435494,0.9994991444495046,0.9994812688812064,0.9992879029024183,0.9971286596216706,0.9981194593623776,0.9992377626805872,0.9992339146245087,0.9899354671273133,0.9231671038281697,0.5564608509589941,0.9402330309840398,0.924144013193962,0.8025658833094789,0.8617814146193529,0.9016941550594009,0.8665646996906915,0.8841368635354686,0.8592903046034691,0.9532626252768001,0.9532154944079275,0.9775055103806257,0.9939028018714967,0.9575629846826299,0.9593168742873337,0.9504470515544443,0.9522900098229456,0.9542317150268553,0.9540543880839728,0.9096969988303728,0.9212869111306543,0.8868486381353791,0.8866811761029549,0.7872859532899641,0.9544741283930864,0.957379343353886,0.9575185216277268,0.9568951236958532,0.9123947517945348,0.6563215957933638,0.5999426555955878,0.7388317838320737,0.8275601687525371,0.7651269592464722,0.7975853829374131,0.796494382125525,0.5980986915728486,-0.378566969211185,0.9321148801701756,0.940395785810307,0.9318504799391666,0.9587698302763019,0.9291568369837528,0.9371609556534521,0.936115612212248,0.8768309250469849,0.9408009838938958,0.8828770829125566,0.5793926857961543,0.9269035897419017,0.9209515133537028,0.39759035794545666,0.7364168526613304,0.8076908090807869,0.6800502467675494,0.9745634011858606,0.687050373286484,-0.20833387273490486,0.21633000517463138,0.6599062253350892,0.6645548449965412,0.7040453539544582,0.9757710312711845,0.9758328140597827,0.028628239902989256,0.261914083861829,0.11150427523008288,0.07696511363032395,0.10402437906002385,0.12251325130003819,0.08856220694789611,0.03755165598278917,0.4633186675930431,0.19208626429368864,0.13896182648661357,-0.5120825024880925,-0.551113459397609,0.6438851573197323,0.7465931052355281,0.7709807942196988,0.8318847286782038,0.826724233645491,0.5381685039366133,0.7345339337836833,0.7660315504880844,0.764835266280771,0.4140910537870383,0.2338806469486614],[0.9958331337940295,0.9904929840819218,0.9909687184923786,0.9963018605768821,0.998447326403724,0.9870843066634201,0.9982588669734335,0.9999969692222423,0.973317545815707,0.9999820487460163,0.9696156476398444,0.9997193608513534,1.0,0.9996628536494133,0.9999976666166633,0.9992702856489091,0.9910508289255312,0.9994194565402269,0.999907332320834,0.9999072332657984,0.9999676325468049,0.9999952561460932,0.9908411446345032,0.9761661426848975,0.9928956767593197,0.9449514299577313,0.9934362235720532,0.9873303316027555,0.9749799631407251,0.9467427095043206,0.9890184371061891,0.9940347906583648,0.9921174024928124,0.970380556948986,0.9994868407923003,0.9995651329319373,0.9996712563364765,0.9997116902998546,0.9990353786458008,0.9995018693466101,0.9981092229635284,0.9987422509275867,0.9995573670586312,0.9994244273294299,0.9834557523596282,0.9291217451068973,0.7177921397290894,0.9439156641172599,0.9250330543306363,0.7998378467458406,0.9562721860323882,0.9380528763080317,0.9580540732897742,0.9530736362838258,0.9451641206680959,0.9799171787328116,0.9774646904280135,0.9903900485717393,0.9972340470115969,0.939624547818488,0.9551022606797437,0.964492088018824,0.9684172903530575,0.9666163932828198,0.9432150222601693,0.8896505489138011,0.945824606965416,0.9513212637425652,0.9303871551235858,0.87338540228898,0.9613931278257796,0.9290612409868041,0.9596451583029777,0.9404247670959237,0.7448838937966096,0.834211131465948,0.7631535723163096,0.8510997719806135,0.8747212376338117,0.8817201814682271,0.8610626433746549,0.870936155126219,0.27724829000430706,-0.6071969427987877,0.957467000983318,0.937056028722363,0.9369020866104087,0.9448488711388392,0.953154393134156,0.964614993255917,0.96471351732974,0.9219416297039875,0.9581810435818154,0.8244197211213223,0.6675866350799131,0.9292354912369762,0.9367877945561923,0.7603164122696856,0.9265047435301365,0.9458088578394999,0.8202762512869749,0.9721188111125532,0.8355372946644366,0.5973852956744744,0.694752209148253,0.8463521303198781,0.8404934489112543,0.8344992944020448,0.9792163294416105,0.9794728851521104,0.7197935283487559,0.6893398326174219,0.7844807295824894,0.330217020814247,0.7648219245164651,0.7885858617643939,0.7828888556853952,0.7842494528031551,0.7405208327649438,0.7283530155807911,0.707246790656162,-0.2832273515349465,-0.431496557848457,0.6441777804174177,0.8834054586433429,0.9254406205890308,0.9359463670513543,0.909650284530013,0.8134870556029923,0.9055777131517092,0.9270804398927507,0.9266999963312299,0.7567038263540024,-0.12916042706674055],[0.9951132308761285,0.9903497518093877,0.9928915019886785,0.9957857338198919,0.998284670020027,0.9884394441076387,0.9991086715369589,0.9996792590109759,0.9833887466055999,0.999847940764257,0.9686264555119294,0.9997009984027766,0.9996628536494133,1.0,0.9996997210151024,0.9992233613880354,0.9971159669373658,0.9990016928757236,0.9995062919577554,0.9994999771414556,0.9996827288527625,0.9996563366501047,0.9928497363883683,0.9779026084853969,0.9961164208934122,0.9714280449001754,0.9960061791407944,0.9872023050827967,0.9778099764948757,0.949263674198295,0.9881022658879479,0.9920000745150999,0.9911425562604423,0.9680686070135719,0.9987967795663324,0.9991137684489101,0.9992906906365036,0.9999181388539763,0.9989891682346775,0.9991101645757716,0.997416286112707,0.9980879473701127,0.998793179467082,0.9987233574972582,0.987549165390864,0.9290650617696353,0.713402695571038,0.9439952397406126,0.9249371011566252,0.7992019566712139,0.9517265156642918,0.9314133141728201,0.9529082798404125,0.9495965331029037,0.9410233938800976,0.976377396894199,0.97533334573659,0.9879400085395826,0.9957064343901132,0.9620484604863131,0.9548359149323922,0.9648489526421925,0.9679125413394085,0.9665326193202485,0.9659047250058261,0.893797079375882,0.9432892010495841,0.9498969866200733,0.9496782440848142,0.8721233141776846,0.9617962504383107,0.9402969441020913,0.96151877416419,0.9603244236958273,0.7497470242712325,0.8316189564327762,0.7921641408389758,0.8491262770694301,0.8762609128944929,0.8811373397882392,0.8694899314384104,0.8701640097252442,0.26356644045957395,-0.6015423945787572,0.9568376678081536,0.9367987504804527,0.9360166102741677,0.9647115539288915,0.9528018586269671,0.96365006394483,0.9637065965416113,0.9221932411969558,0.9585900021914456,0.8310091802383371,0.6679776283421844,0.9296854855424648,0.937734381718288,0.7582212893359713,0.9249133154352922,0.9444387853745557,0.8211376860110273,0.9746048505238127,0.8303600283722591,0.5887591115753186,0.6902074429234487,0.8375843952476429,0.8351755356212434,0.8266686217003251,0.9809617784769467,0.9811770253359414,0.7108615457920113,0.6842201761833501,0.7647363548256395,0.3299498092185195,0.755004603564618,0.7773874607559963,0.7536695048169211,0.7733200035828441,0.7383799118146789,0.7185612284761074,0.6977181524513371,-0.2896570849575945,-0.43635259345888394,0.6437899336395573,0.8811410499213836,0.9265344114030594,0.9312131862487099,0.9087474908823213,0.8057006869671511,0.8993881692641974,0.9198042715908142,0.9201390968608737,0.7499574284673454,-0.1274750341905858],[0.99575165292679,0.9903940022206503,0.9911423246901879,0.9962370997646747,0.9984427578588021,0.9872380957764529,0.9990933964557758,0.9999980185302197,0.9782464002897194,0.9999905356095158,0.9693615156927007,0.9997086622526377,0.9999976666166633,0.9996997210151024,1.0,0.9993725454686645,0.99616525148881,0.9993916247940356,0.9999004461571052,0.9998998520432091,0.9999616808789513,0.9999928979030204,0.9909837620045879,0.976367979494265,0.9946705411076268,0.9594907265579615,0.9944955592877364,0.9872665973917005,0.9752050452964468,0.9469263577207782,0.9914725798146212,0.99432332645995,0.9919848173626703,0.9701400921696341,0.9994582979061181,0.9995259649769838,0.9996478036741723,0.9997278867386357,0.9989940526665416,0.9994682945938111,0.9980472583523454,0.9986861641077025,0.9995258888099033,0.9993957323585537,0.9836527421460516,0.9289190486912515,0.7171175510613879,0.9439777188274456,0.9249660001322856,0.7992753301774863,0.956023855599963,0.9377959611818044,0.9578334577050502,0.9526561927798463,0.9446824073803735,0.9797073773608063,0.9772268680896573,0.9902223334720733,0.9971335833027003,0.9396382249288642,0.955050439299188,0.964383892239937,0.9683572787444754,0.9664974004452385,0.9427162053824091,0.8897217097874967,0.9454359896273911,0.950973850512777,0.9301875340236208,0.8731091804760306,0.9614669056367056,0.9292256189239494,0.9596448775962584,0.940475508679722,0.7451700601398402,0.8337144699701509,0.7628890502735585,0.8506619423090627,0.8745651713519246,0.8814538008938927,0.8608172375223695,0.8706955595296187,0.2773040115445241,-0.6069706951382056,0.9573369554834289,0.9368940556151973,0.9367675865724391,0.9430010048959592,0.9531171095609388,0.9644779065773645,0.9645726673145484,0.9219463273140608,0.9580500492649701,0.8244898765168804,0.6674729324101762,0.929643826422212,0.9371915449056628,0.7600761508059157,0.9263624016265705,0.9456857841439936,0.8200056428933589,0.9723021678071808,0.8351280860806366,0.5961939281732102,0.6939596035657363,0.8459082706968591,0.8401076510050598,0.8341015097223412,0.9793446962597319,0.9795976624595213,0.7186984614308523,0.6883658720709962,0.7838892560973678,0.3297060719909535,0.7641223499134928,0.7878318247550172,0.7824754984202211,0.7834466774612167,0.7400383219057485,0.7271028131007627,0.7060063284893314,-0.28402615526586333,-0.4321918756742216,0.6439351926427893,0.8828079767487789,0.9251525015551495,0.935492178402628,0.9092454041154064,0.8127329620106806,0.9052440132896276,0.9265875845093674,0.9263354640933423,0.7561464893486168,-0.12842036811375823],[0.997444516892581,0.993001139979434,0.9905160483826012,0.9977629285326935,0.9989991249731105,0.9869357595306033,0.9998782475140507,0.9992146948385253,0.9758670594724311,0.9996534817569157,0.9728937694276374,0.9995864901896513,0.9992702856489091,0.9992233613880354,0.9993725454686645,1.0,0.9978255106800674,0.9998235809687624,0.9994730776810251,0.9994784638138152,0.9997234699841299,0.9994695343376555,0.9905024115535895,0.9752725491965585,0.9931084467798399,0.9507315333014953,0.9927384550598058,0.9894120665525091,0.9730388747218373,0.9475417371395788,0.9919808144793336,0.9925812628772556,0.9927273016996423,0.9723518795893663,0.9992128891178842,0.9997026772494984,0.9996708106726769,0.9995044723600632,0.9995033875764172,0.9997469327907337,0.9987519241352258,0.9995278010505877,0.9994627232175443,0.9992141091696753,0.9820054483024125,0.9277871260624899,0.7279406293640528,0.9394288150579986,0.9257642454612657,0.8124897167083011,0.9583717025502031,0.9430829732375366,0.9605131247523789,0.9574564103002947,0.9495255949127499,0.9819795537082123,0.9796618536167856,0.991293876244339,0.9965212679269191,0.9451625842065342,0.9592301826946796,0.970458948638323,0.971290150684244,0.9722543449522207,0.9461705446410964,0.8971980401069427,0.9492141512836687,0.9572671152145145,0.9360059535205969,0.8837363590563078,0.9643105051090141,0.9353843097300534,0.964998688802867,0.9457339066591115,0.7563074967613609,0.8401060648389169,0.7684509949067988,0.8571000943558816,0.8808813143922972,0.8849361335828794,0.8654972386640237,0.8769802616757901,0.2915446766731556,-0.603011686029739,0.9611240777223437,0.9428563870574505,0.942275156030606,0.9481275972083039,0.9579804210903686,0.9683092993697815,0.9683906360869007,0.9271591756192312,0.9644425484357722,0.8346841447438376,0.669294738572453,0.9173270480435664,0.9278866221398453,0.7633178247025612,0.9264233463432257,0.9455486694787917,0.8206809021422197,0.9682513292560901,0.834385203973459,0.6062666378413942,0.6996723918224379,0.