var config = { responsive: true }

var correlationAdjClose = {"data": [{"type": "heatmap", "z": [[1.0, 0.9999929190257852, 0.9838345156522167, 0.9999205208765742, 0.9988146509995955, 0.9889018125506787, 0.9973411519562156, 0.994941967779014, 0.9952244003437974, 0.9797729754808335, 0.9911413323390538, 0.9950960004567221, 0.9942668931186278, 0.995000293935145, 0.9951537288393311, 0.9963602452308888, 0.9980494159279472, 0.9957675502630212, 0.9957879074703578, 0.9957964174909391, 0.9950481540872003, 0.9847159504398484, 0.9672974495944895, 0.9870334785241126, 0.9858147968373736, 0.9776825859325333, 0.9612485836312513, 0.9391066013393173, 0.9946868225580549, 0.9947566353519622, 0.9917715327155515, 0.9747043821377818, 0.9972515632546015, 0.9975722903094775, 0.9968985890803626, 0.9951653402380306, 0.9945610811752379, 0.9974052024512393, 0.9974759818338846, 0.998666136128835, 0.9971874685679614, 0.9972048405613255, 0.9757755469433992, 0.9275936769309435, 0.7646723137547407, 0.9028567887838734, 0.9196273650595543, 0.8530971376012633, 0.9710541744843015, 0.9444770311380867, 0.972174543410076, 0.9682787602225358, 0.9634548095050295, 0.9864923274819273, 0.9828153861330372, 0.9830310999013135, 0.9755776581697873, 0.9849925470507669, 0.982230904558839, 0.9856624710802994, 0.9854306777190069, 0.9628993420724306, 0.9642937228608505, 0.9704614354613479, 0.9701575977234758, 0.9411729427850509, 0.9741529846255552, 0.9726076528799532, 0.9810057347999755, 0.9800698577194275, 0.9336906762234346, 0.8505420623416019, 0.8187611411014026, 0.8693223127180402, 0.8986937538045418, 0.8925396880015158, 0.8973224797846099, 0.8961158778658588, 0.6036391199419657, -0.5154138896658735, 0.9747137155724427, 0.9639950100476716, 0.960618930079446, 0.9839952098041611, 0.9438922338779347, 0.9800971630163662, 0.9800770601592723, 0.9414957701172701, 0.9804769134189484, 0.9463961991843095, 0.5931845286440109, 0.8331390394191446, 0.9099653687442604, 0.1800801392417201, 0.9138145900403876, 0.9357064238278643, 0.8048199076685814, 0.9537072144982977, 0.8963957594357982, 0.6740182306614324, 0.4491846057448865, 0.8920275840745775, 0.8609308358707173, 0.8880198885483095, 0.9652339751414925, 0.9655412840117445, 0.738231594940834, 0.697406734825423, 0.8276376202129349, 0.3267144173699426, 0.7950507082239439, 0.8333466382596906, 0.8197685388708553, 0.8180896634583438, 0.7312076272993814, 0.7365568783911413, 0.7159071052506762, -0.22515362017619292, -0.3583137566072801, 0.6116329569710084, 0.9011652398651782, 0.947462165029349, 0.9507825374786892, 0.9198199286654496, 0.8277898675904766, 0.9186269781762297, 0.9409598402254106, 0.9407181777582038, 0.8762306489783516], [0.9999929190257852, 1.0, 0.980041669336465, 0.9997468004004095, 0.997158566439003, 0.9897955607631823, 0.99225319795754, 0.9871291999708569, 0.9871755510528701, 0.9654438480685085, 0.9898848913208925, 0.9874288704484206, 0.9872135345331493, 0.9872696336218252, 0.9873774546964263, 0.9927542765982525, 0.9944687688075694, 0.991041067725038, 0.991042853238385, 0.9872649617076403, 0.9873343874444956, 0.9865383495092407, 0.9576962544096339, 0.982026646879176, 0.9815717640642053, 0.9775641294254716, 0.9687177141110769, 0.9009807456282892, 0.9880900129529366, 0.983033945254399, 0.9760067990603687, 0.9095280321216206, 0.9941717941999464, 0.9939585155251321, 0.9942759223514781, 0.9887708744206047, 0.9935848170600243, 0.9942471242920389, 0.9946072783669356, 0.9964820367697307, 0.9942895630464709, 0.994299335270563, 0.98395235959536, 0.9271976330235552, 0.6528230123657901, 0.9025920121830874, 0.919781305733818, 0.8532386025356605, 0.890833005949335, 0.9144416799946167, 0.8947694203951809, 0.9072075009413596, 0.889676845022794, 0.9570012788673504, 0.95687674252073, 0.970768458289725, 0.9754937962435918, 0.9680160139894666, 0.9677148120108267, 0.9711753446113515, 0.9710820351058064, 0.9270882739407497, 0.9355620783579208, 0.8962935584197349, 0.8961780123821391, 0.7769283541651849, 0.9652078031381, 0.9678245783263364, 0.9681822736507605, 0.9675790803717498, 0.923035397144816, 0.6086511254272019, 0.5464324231363988, 0.7114611501641851, 0.8150295687665615, 0.7339566862210976, 0.7774618087805588, 0.7757757134899761, 0.5354751912085199, -0.26410302846100264, 0.9495825490806866, 0.9581834612372163, 0.9492394226930606, 0.9719106670682605, 0.9255608144540834, 0.9550591698852169, 0.9539195960635289, 0.8861324098010254, 0.9587158287038959, 0.8933832014218731, 0.37715250470849737, 0.8326148374995573, 0.8356453606704866, -0.24825961529151058, 0.5810978334749748, 0.6931001320495692, 0.6133148043552838, 0.9487182367961535, 0.6347506290426006, -0.17881909855816835, -0.14545983365569753, 0.6014750389650916, 0.6103629089417866, 0.6569616681476558, 0.9505786172144018, 0.9503774598205869, -0.1135855037162715, 0.11238799088748014, -0.0451326719877492, -0.0646615101235552, -0.03742365373738271, -0.021390245548480163, -0.05222917923462496, -0.09020214140062205, 0.27895366586358156, 0.037651596297129886, -0.008250550994548494, -0.45709632663495753, -0.4849175183666743, 0.6121933481262917, 0.7423613771251493, 0.7638019926982137, 0.8270002408807412, 0.8204540419578297, 0.5204909763487449, 0.728414925646072, 0.7629402166367241, 0.761507155852749, 0.4150784334794188], [0.9838345156522167, 0.980041669336465, 1.0, 0.9853010407028671, 0.9922546538657162, 0.9892078320151501, 0.9905661428671677, 0.9908689236867457, 0.9942051540470116, 0.9529300674982387, 0.9966378837936588, 0.990776664210294, 0.9927400784728332, 0.9909354906349881, 0.9908423986274657, 0.9913947198871338, 0.9896083507401935, 0.9893642173987887, 0.9893360354198009, 0.9927008788478197, 0.9908028521965169, 0.9929068820885247, 0.9773967075711317, 0.990195775956565, 0.9905693206221333, 0.9755716533799395, 0.9803845762855882, 0.9429972053883038, 0.9738350594066005, 0.9770537049726241, 0.9784061366568331, 0.9497860340372426, 0.9877785169987773, 0.9909040537469365, 0.9890847061448594, 0.9929580789489181, 0.9942491711917449, 0.9918952881150932, 0.9871342532467343, 0.9870167088848448, 0.9880516583295662, 0.987408282639629, 0.9898701398297596, 0.9270480739556906, 0.7067531941557648, 0.9296393650683039, 0.9053203215216772, 0.7542515664943368, 0.9320650823594692, 0.8993554951043994, 0.9332067791480134, 0.9281479853021037, 0.921021485087137, 0.9537625941852093, 0.9604828386987161, 0.9267355495911263, 0.9418042891621411, 0.9501354167648334, 0.9552153575604733, 0.950874898614947, 0.9251293443664729, 0.8865604101897083, 0.9187607244647098, 0.9210733665145778, 0.905179937086012, 0.853262858309967, 0.9551835804823662, 0.9318651507526348, 0.9506611987362772, 0.9286989333285315, 0.747922266968297, 0.785678787603019, 0.725165195863512, 0.8061850715267775, 0.8553642967967726, 0.8515576377076566, 0.8258377661290051, 0.8393922108048416, 0.27648338627767965, -0.5215189154726017, 0.9400120937515758, 0.9067358578936703, 0.9132723806920751, 0.9273999071783896, 0.9089289807454403, 0.9462680458871581, 0.9460040272805689, 0.9021648219311327, 0.9433203774549408, 0.8213845206349288, 0.561510819985343, 0.9191600261859142, 0.9292062305641657, 0.09938527178110945, 0.8918292304356357, 0.9167476283710775, 0.7899293890001389, 0.9756530764176878, 0.7788484987527214, 0.5833797792429216, 0.3662277710405956, 0.7850411510198723, 0.7852819922794323, 0.7733861060919768, 0.9796667062308152, 0.9797550387326138, 0.6550523767860938, 0.6284805636498119, 0.7152754444817027, 0.2524569347111555, 0.688524413954972, 0.7127411184380159, 0.7284263671766399, 0.7093426499163442, 0.6808555507330631, 0.6592223973971142, 0.6364733060814015, -0.30368069130175657, -0.43605840658098355, 0.5585220888517768, 0.8593588722137065, 0.8978348088366342, 0.8982667137587541, 0.8918265721515948, 0.7558518407704351, 0.8718901235198367, 0.8862916327938989, 0.8953670476084976, 0.7405268199468902], [0.9999205208765742, 0.9997468004004095, 0.9853010407028671, 1.0, 0.999138530115644, 0.98976666745771, 0.99772435903133, 0.995506018469128, 0.9959041086743552, 0.9795743880325798, 0.9928635080537054, 0.995642553781152, 0.9950269484159402, 0.9955625135772377, 0.9956913509242558, 0.9968952806512237, 0.9984110633188273, 0.9962586268364059, 0.9962759864321432, 0.9963837494453932, 0.9955968974659273, 0.9860307439740772, 0.9686530644644168, 0.9881944469297642, 0.9870861048769882, 0.9806615121467067, 0.9634301569714514, 0.9403550407069837, 0.994267319735392, 0.9945112830691457, 0.991984207793369, 0.9744876323163051, 0.997447740414722, 0.9979353543332234, 0.997252014758612, 0.9957817111376608, 0.9955860919969294, 0.9978078210841461, 0.9976169243348827, 0.9988162451628655, 0.9973735202780583, 0.9973871631147915, 0.9776109946512773, 0.9234673545758229, 0.7584228622425854, 0.9036187445878076, 0.9163501539016081, 0.8424047018178198, 0.968260833850803, 0.9410465290023746, 0.9692645347603953, 0.965705116385148, 0.9607334850366155, 0.9844646243061812, 0.9813274472544274, 0.981043267037885, 0.9733109416100054, 0.9832290535555753, 0.9811390427218881, 0.9838192629636758, 0.983587795680409, 0.947466684090718, 0.9624097493586308, 0.968677508849918, 0.9683768086028378, 0.9339456438012521, 0.9731638504172483, 0.9684348588001821, 0.9789512266329125, 0.9779762893116365, 0.9019018033894718, 0.8482405625298509, 0.8136062380062897, 0.8666734429373161, 0.894751497010904, 0.8914972273361902, 0.8940102679517922, 0.8928883058578739, 0.49628681851577344, -0.5157174712182276, 0.9732437100279656, 0.9610910522099171, 0.9579496570859193, 0.9820158567276375, 0.9422727031289596, 0.9788170052497213, 0.978802629384391, 0.9399604948755325, 0.9784853170269251, 0.9233382581931181, 0.5992201608054395, 0.8435135418995457, 0.914617169357648, 0.18025006425147078, 0.9155872259588507, 0.9372297983086385, 0.8052746609469961, 0.9552881234370398, 0.8903291268571328, 0.6712107844011281, 0.4468457114979629, 0.8870629002954864, 0.8575086162361715, 0.8827139145725639, 0.9664121049101402, 0.9667277469963828, 0.7375147246640179, 0.6979358879348988, 0.8197890542965708, 0.32908985139218006, 0.7896093428411012, 0.8252042020670566, 0.8117020888358151, 0.812942034818754, 0.73443588056249, 0.7368739735641596, 0.7162858583779408, -0.22051402054815178, -0.3575111615629313, 0.6094097847209359, 0.8994269645444702, 0.9458637320553213, 0.9492131249991825, 0.9189171774371097, 0.8250902411928008, 0.9168248232503311, 0.9389324560350266, 0.9388467679388227, 0.8685272346584223], [0.9988146509995955, 0.997158566439003, 0.9922546538657162, 0.999138530115644, 1.0, 0.9923323564290516, 0.9990508750866297, 0.998155033729155, 0.9982092182753314, 0.9725050010336989, 0.9973849515107779, 0.9982117319992895, 0.9979441772935653, 0.9981916644010774, 0.9982595420588978, 0.998514501159944, 0.9991650435418619, 0.9986184655300242, 0.9986226240721858, 0.998293284995934, 0.998195201861602, 0.9931106551984453, 0.9764028448116892, 0.9931757758649777, 0.9930754188666648, 0.9849463591851408, 0.9781531675102936, 0.9437301147676003, 0.9909430160751953, 0.9930349382732299, 0.9900782420045185, 0.9652234527511272, 0.998978729115891, 0.9990010908059989, 0.9989825518328775, 0.9983259248271461, 0.9985526564425573, 0.9990791356590273, 0.9991432613163815, 0.9990544963131488, 0.9989610414179945, 0.9989628062965519, 0.9882881662232452, 0.9334020388059906, 0.7343859564533893, 0.9205864243808118, 0.9186751455289054, 0.8210098500124853, 0.9531972445375166, 0.9264474502563773, 0.9567337655333908, 0.9569975877580451, 0.9520009679537728, 0.9804070628937742, 0.9803296936924057, 0.9761783649281641, 0.9660696266690809, 0.9771595428451664, 0.9758789549614338, 0.9774733718082761, 0.9771860451773166, 0.9487465560415781, 0.9505771036085264, 0.9470141932537595, 0.9466279184193681, 0.8956039169419495, 0.9693768807372978, 0.9661064234977428, 0.9732777210165534, 0.9722385810657361, 0.9268300748613832, 0.8206021550749296, 0.7709685457406829, 0.8464936332678223, 0.8952529599909046, 0.8747702614580514, 0.8842263887401276, 0.8831458239483608, 0.652615458878202, -0.5881511727264103, 0.9647262519729481, 0.9463832671098917, 0.9450296172437769, 0.9774972169281456, 0.9232195805900523, 0.9698640285704011, 0.969373479075169, 0.9267653446395157, 0.9721526396367983, 0.9316357721964982, 0.5838137904017419, 0.8710773991375599, 0.9362083724569723, 0.07190351268919132, 0.8895101408107929, 0.9182829217745847, 0.7984429967536812, 0.9616379439856679, 0.8767745700450167, 0.5269891734924935, 0.31916937407534024, 0.8637244237598489, 0.8131957841689591, 0.8646465861820762, 0.9711540778126815, 0.9714036271361987, 0.6885374146683212, 0.6766713125453105, 0.7299957851623328, 0.301210251714029, 0.6654084421045089, 0.7390591036614997, 0.714463639494201, 0.694991138037015, 0.7162628822971643, 0.7179380801347771, 0.6962915593446839, -0.4512189123090717, -0.5246792535148872, 0.5949052373436954, 0.8914701673550123, 0.9290954783767551, 0.939636318926635, 0.9148227464218609, 0.7988403291023959, 0.8970207434528907, 0.9222368355866952, 0.9216865245487701, 0.8014363283911893], [0.9889018125506787, 0.9897955607631823, 0.9892078320151501, 0.98976666745771, 0.9923323564290516, 1.0, 0.9893878025240164, 0.9890280178814387, 0.9883606906427058, 0.9666488067891552, 0.9777139755698622, 0.9890047570083305, 0.9900192501497281, 0.9890931621969158, 0.9891871036650315, 0.9920129090039327, 0.9903239782055044, 0.9899819404765048, 0.9899584176627377, 0.9878010431566133, 0.9890266220205515, 0.9962218799334068, 0.9908907711092164, 0.9883911270956788, 0.9880273420714447, 0.9629366752109318, 0.9833822044774866, 0.9641004792872198, 0.9755107014613685, 0.9788189838014972, 0.9873154983540839, 0.9747104789601506, 0.9894247930085853, 0.9895242848199282, 0.990353394152681, 0.990063352655013, 0.9813223751712389, 0.9901816481167771, 0.9897459084181104, 0.9897913679504541, 0.9895218094119208, 0.9894968466433868, 0.9940600686480772, 0.8877710752229179, 0.745206705038825, 0.877427372860781, 0.9192771744150442, 0.8529694248775718, 0.9428072253173425, 0.9143898939820287, 0.9443429814347193, 0.9505908907592154, 0.9413642476716244, 0.9654518833002952, 0.969880639289988, 0.9655010364588951, 0.9763898351055833, 0.9669340551615105, 0.9784936671205878, 0.9669283264833801, 0.9663772096095103, 0.9637981381075071, 0.9562536565454267, 0.9428942972188727, 0.9424179285266769, 0.9267528296354665, 0.9749875172928789, 0.9672109024452921, 0.9662916614294966, 0.964546156512786, 0.9435327814690266, 0.8481203286783177, 0.7999935319012806, 0.8682916017822918, 0.8892363024684422, 0.8962247638762963, 0.8804278962581112, 0.878629622177995, 0.6219113243630926, -0.486427482665584, 0.971714758636671, 0.9649295332501027, 0.962022058653013, 0.9667757619618225, 0.942948389924919, 0.9726745421884182, 0.972395080096101, 0.9490779221122263, 0.9621999836232334, 0.9490967405281857, 0.5974494757898385, 0.7980984033284396, 0.9299385496222237, 0.17825760125445406, 0.9032391862059855, 0.9235628531527172, 0.8024633475433981, 0.9512144379352988, 0.8495577680781204, 0.6271455087496236, 0.42823279721906393, 0.846754284012028, 0.820317168602801, 0.8433588767919271, 0.9537436882510439, 0.9539209998599685, 0.7034126773616426, 0.6801134294730737, 0.7670792945959014, 0.33046733115787913, 0.7447345504619045, 0.7747337020995732, 0.7604164284553672, 0.7630443002728907, 0.7224769820820218, 0.7102783800446445, 0.691753800127901, -0.2514872079534266, -0.3761642929881422, 0.6458359390368946, 0.8909323531184631, 0.9087442331793834, 0.915881815756253, 0.9037761167008734, 0.8033895907135085, 0.8770981249962889, 0.9004862729485915, 0.9003770918933116, 0.847042809962299], [0.9973411519562156, 0.99225319795754, 0.9905661428671677, 0.99772435903133, 0.9990508750866297, 0.9893878025240164, 1.0, 0.9970108940400121, 0.999508875101845, 0.9710574992939267, 0.999381149788169, 0.9980225453440777, 0.9990424051591809, 0.9989581796102761, 0.998718497292202, 0.998045144579643, 0.9998969018632756, 0.9992092510047721, 0.9992155950370306, 0.9996312144033626, 0.9991764705447962, 0.9905462311747929, 0.9731894438311766, 0.9833919721805353, 0.9920774989494717, 0.9840662742157431, 0.9702132163705044, 0.9389225352529539, 0.9925793753056267, 0.9917935825916547, 0.99295772069912, 0.9707234118972897, 0.9987560607248657, 0.9998045063683599, 0.9995981958028207, 0.9993627907841215, 0.9996137957888727, 0.9998368645751134, 0.9977802475109835, 0.9995448792814434, 0.9992291172455778, 0.9988145764886788, 0.9832279888970423, 0.9360408899012752, 0.7471416623338906, 0.9302516330455224, 0.9235028347938756, 0.8078816599469709, 0.961342499809104, 0.9400356412392796, 0.962244178267265, 0.9600522485286589, 0.9557534161466485, 0.9821706760065235, 0.9799978564604152, 0.9365121019094932, 0.9516740151684202, 0.9664766731847405, 0.9668044611686986, 0.9684347889528891, 0.9371392082007135, 0.8817398710432114, 0.9396708021573715, 0.9528411978287779, 0.9295735995780655, 0.8682602291330469, 0.957984121078531, 0.9248181414279883, 0.9596971650821556, 0.9366997912230751, 0.7125606062664017, 0.814953549851408, 0.747543021504985, 0.8317289644224959, 0.862597204539189, 0.8658477996442472, 0.8470623821439555, 0.8595745570822279, 0.2313382711058875, -0.5518945661743133, 0.9545493706219962, 0.9285085541258934, 0.9294787135812438, 0.9392972358808646, 0.9231672529490267, 0.9634621938892731, 0.9635868831781603, 0.917488167715964, 0.9595345460985935, 0.8066675932466701, 0.5808573110153411, 0.8742779004543507, 0.9142060037405703, 0.15817510864691708, 0.9130447272792604, 0.9359217808867583, 0.7986832935933778, 0.9617702159480139, 0.830870460669553, 0.6568406426622853, 0.4278300823044428, 0.8426380403351912, 0.8349158931897002, 0.8280219463745273, 0.9716046934749387, 0.9719153687943035, 0.7218144165691112, 0.6719411089501288, 0.7842690103852619, 0.29578290373580973, 0.765197326909134, 0.7938760266606413, 0.7851594338766495, 0.7903747062106724, 0.7114750466311821, 0.7219120273521353, 0.6994353640457456, -0.24124084541062604, -0.3853650801541356, 0.6145984508209169, 0.8915422376737011, 0.931369680601026, 0.946358693953318, 0.9169626927721507, 0.8222114470383439, 0.9155382592797188, 0.9377731181397322, 0.9371048871829682, 0.7743183289959239], [0.994941967779014, 0.9871291999708569, 0.9908689236867457, 0.995506018469128, 0.998155033729155, 0.9890280178814387, 0.9970108940400121, 1.0, 0.9999835027838566, 0.9647276783600478, 0.999600561632753, 0.9999968391526906, 0.9996453993301053, 0.9999977091161012, 0.9999807427116846, 0.9962566194510837, 0.999151277796808, 0.9998795876706902, 0.9998794917438307, 0.9999536453370806, 0.9999942627113967, 0.990729668105413, 0.9740382531054348, 0.9913093812094905, 0.9925555220397949, 0.9803297991621572, 0.9723561544940565, 0.9372673876939137, 0.9889279629736387, 0.9945324843631066, 0.9916968674253115, 0.9673214355912433, 0.999422150332428, 0.9994691806652901, 0.99961006650446, 0.9996635582875082, 0.9986333899662404, 0.9993696203546599, 0.99908526996606, 0.9982317956354095, 0.9994927391732467, 0.999351545099126, 0.9845351808157107, 0.9373158591173901, 0.7340767074687352, 0.9386443128828907, 0.9217250529785157, 0.7852313471143908, 0.9601442998727361, 0.9350846850823294, 0.9607016257215895, 0.9536497416622474, 0.9494167747142513, 0.9803038811273476, 0.9767527605051329, 0.9302917167225241, 0.9442486221830283, 0.9577078675676853, 0.9620221063779976, 0.9602278020030495, 0.9350355731130012, 0.8691461713902006, 0.932710135600519, 0.9444094702182096, 0.9232423285475995, 0.8515697448560856, 0.9535112579299035, 0.9164143581346228, 0.9522556341307382, 0.9308456344679601, 0.6934162318922094, 0.803829293134708, 0.7423434429464705, 0.8204521367522609, 0.8526905206681009, 0.8589530969742604, 0.8414369795900773, 0.850688802648989, 0.2088977104835834, -0.5593940326781109, 0.9481741900751927, 0.9162642425525142, 0.9194958180821405, 0.9369023051499845, 0.9147621618233499, 0.9573466711636107, 0.9574939219319292, 0.9087941675236347, 0.9502478062357034, 0.7894716067556385, 0.5749244586786987, 0.8990546391110443, 0.9276280200660588, 0.14394446893019183, 0.911911271665785, 0.9351831840650158, 0.7957731223388063, 0.9668235792359297, 0.835354097116174, 0.64306564204672, 0.41397312424952604, 0.8445163972571913, 0.8320947453071855, 0.8321197352628181, 0.9748689015075203, 0.9751809441310285, 0.7114642315386926, 0.6623915552476077, 0.7868902372728627, 0.27966971328297047, 0.7602291031852809, 0.7899273896212771, 0.7870573956956728, 0.7851552090271519, 0.7033001988800154, 0.7152042332974825, 0.6919754849349015, -0.25918194211833523, -0.4024051543019928, 0.5934923317781045, 0.8826516534682044, 0.9293779076540687, 0.9386456697519561, 0.9103576550668502, 0.8103862353633103, 0.9090789829009084, 0.9315321506185646, 0.9311301041083976, 0.7532495946990381], [0.9952244003437974, 0.9871755510528701, 0.9942051540470116, 0.9959041086743552, 0.9982092182753314, 0.9883606906427058, 0.999508875101845, 0.9999835027838566, 1.0, 0.964008397236507, 0.999599273915297, 0.999981099407481, 0.9998252686313197, 0.9999895744570563, 0.999996699151267, 0.9989368955727587, 0.9991266835378347, 0.9998095529110488, 0.999808854908994, 0.9999655893870727, 0.9999820733036904, 0.993372684424303, 0.9750546798823064, 0.9946138865413773, 0.9947855846655739, 0.9803787048301851, 0.976467208924469, 0.9383371166310863, 0.9894501051272669, 0.9936018545385762, 0.9886710327951108, 0.9626461438569048, 0.9993295599793871, 0.9994103820612483, 0.9994053696054865, 0.9998255923262485, 0.9986458493846432, 0.9993633595012732, 0.9993020009592606, 0.9982011968621123, 0.9993222341179951, 0.9993168086742289, 0.9887773338099001, 0.9373342922037868, 0.7350384479616895, 0.9386158026984297, 0.9217786334578701, 0.7854508140650708, 0.9484589730460823, 0.9212976341519801, 0.9515487296510365, 0.9510904853444812, 0.9468009269977263, 0.9774769236085711, 0.9769177879451181, 0.9640301356358199, 0.9447857120826315, 0.9649353662963568, 0.9621023866434776, 0.9653520012149883, 0.9649703289771107, 0.9342839104497747, 0.9319927748407859, 0.9350535073641614, 0.9346309287727734, 0.8824888260556131, 0.9538927449325583, 0.95528764336627, 0.9616837828351852, 0.9603435820877821, 0.9120432026665521, 0.8030411197904601, 0.7473895301035288, 0.8197947513514382, 0.8742021867045273, 0.856963377582187, 0.8650654687680861, 0.8640377249116666, 0.5945916133423951, -0.6234703922674969, 0.9481234472279197, 0.9162933092732223, 0.9195610943350897, 0.9655638049891446, 0.9055689186163933, 0.9568094127358021, 0.9562260307256277, 0.9096616375812869, 0.9593728744059783, 0.9148498965067486, 0.5729165582790111, 0.8988146221147343, 0.9432967799440777, 0.08396416005925363, 0.8963989104925675, 0.9243906504050539, 0.7948265012688681, 0.965385035999629, 0.8833450839942899, 0.5518506268107666, 0.34109406388769936, 0.8708173302716056, 0.8215433384400957, 0.872434535460576, 0.9748027985446969, 0.9750998881346736, 0.709336026840727, 0.659522731168845, 0.7463974538403592, 0.2772578512620448, 0.683638412627438, 0.7547288205400001, 0.7320956846252573, 0.7133535241685998, 0.7008017109938705, 0.71196131114635, 0.6886985956710538, -0.502423568784736, -0.5777099323428725, 0.5937630676138225, 0.8815380585606702, 0.9278287573178928, 0.9395244104466657, 0.909372858936817, 0.8050620858430837, 0.8968834940266809, 0.9210530555922195, 0.9204806559634705, 0.8099839443526008], [0.9797729754808335, 0.9654438480685085, 0.9529300674982387, 0.9795743880325798, 0.9725050010336989, 0.9666488067891552, 0.9710574992939267, 0.9647276783600478, 0.964008397236507, 1.0, 0.9474166806433224, 0.96513191545954, 0.9639968829256236, 0.964851725383282, 0.9643958474156138, 0.9662042748872653, 0.9742842728884412, 0.9696914596030656, 0.9696982523522094, 0.9649073756113491, 0.9649855537901141, 0.9649400184552372, 0.9505426487518684, 0.9721190471342327, 0.9699448291667074, 0.878510838845941, 0.9684138649404995, 0.9484394253638587, 0.9744832641798078, 0.9680992440712699, 0.9682695017144417, 0.9322208808098088, 0.9735226436627903, 0.9730709383189806, 0.9735828341009474, 0.965167704361079, 0.955873451855776, 0.9725542691295089, 0.9733917049963393, 0.9775093592639297, 0.9737193613864474, 0.9737380890513521, 0.9554137364959874, 0.840048387686063, 0.5559161222431923, 0.7767475249518363, 0.8934378996061534, 0.8803963349082234, 0.9018999424696852, 0.819575807781383, 0.9064219287211445, 0.914286572096925, 0.9036283262537619, 0.9291184401235587, 0.9289644262289741, 0.944341962810138, 0.9356640221595786, 0.9549971021149877, 0.9484027876169977, 0.95319854988028, 0.953225413043611, 0.9131474916307477, 0.951155327262189, 0.934214888828558, 0.9338935219980344, 0.8495316635515655, 0.9360933023042994, 0.9445222038775573, 0.9374416907428044, 0.9364381567641252, 0.8879618802575802, 0.811024534831628, 0.765758467236916, 0.8560439976878672, 0.9105639069199533, 0.8804699236670361, 0.8955376613516354, 0.8947827047996418, 0.6960556156185049, -0.300847482156204, 0.9527925309067836, 0.9540237216360568, 0.9456554197987397, 0.9462780914618587, 0.8978860299381773, 0.9541361212214126, 0.9539897896530664, 0.8994833879927556, 0.9564235160385761, 0.9053710374344937, 0.6913456280794591, 0.6455372374110541, 0.8596633334038934, 0.09047589379211415, 0.8449378800229225, 0.8847561643909443, 0.8702683815287131, 0.9474769885382462, 0.904302283007317, 0.45836533159967036, 0.35908623296626563, 0.8966763346421438, 0.8713652946964577, 0.9027375996849603, 0.9478789813841284, 0.9482362094201883, 0.5371545707912834, 0.6993930992271403, 0.6080543173407205, 0.4826756232911039, 0.5710419581662912, 0.6280292668054746, 0.588677843995038, 0.5656522891015101, 0.7979663787441934, 0.675175062415392, 0.6397689267869657, -0.2699579895394311, -0.3148788218603828, 0.7404067430363722, 0.916167977437593, 0.9221658539792591, 0.9080545884437772, 0.940895974345748, 0.649101505184242, 0.8378397265552637, 0.9081236231176111, 0.9072345251896682, 0.6911776384836621], [0.9911413323390538, 0.9898848913208925, 0.9966378837936588, 0.9928635080537054, 0.9973849515107779, 0.9777139755698622, 0.999381149788169, 0.999600561632753, 0.999599273915297, 0.9474166806433224, 1.0, 0.999634842374243, 0.9996093352144121, 0.9996178762132796, 0.9996266306670696, 0.9993444730184252, 0.9988134847635193, 0.999949532086379, 0.9999501201274003, 0.9996165863764627, 0.9996274182414762, 0.9889116720912977, 0.9526770972843086, 0.9899837859715038, 0.9912530431612546, 0.9857396917609567, 0.9663904224196673, 0.8855086616166277, 0.988137864758989, 0.9920781043771352, 0.9710706996853286, 0.8908033195441465, 0.9990886971966961, 0.9991620563756405, 0.9990789811741709, 0.9994287181027646, 0.9993521124112809, 0.9990976235569207, 0.9989473791404238, 0.9969948581755296, 0.9990555116605034, 0.9990520764408812, 0.9884517360238639, 0.9312454753669568, 0.605294319634904, 0.9335961335581267, 0.9212097243299792, 0.7906035131641215, 0.8682082027337513, 0.8899904978293575, 0.8739094942809815, 0.8796067121620774, 0.8650045419829808, 0.950309246792584, 0.9502199373101337, 0.9442005870604258, 0.9468633894164991, 0.9342929182996278, 0.9368691647480824, 0.9394545705198506, 0.9392417734776491, 0.882750820137837, 0.894508552354479, 0.8474240481008622, 0.8472247798389662, 0.7109927619242699, 0.9399569727556297, 0.9437269217971662, 0.9440748413421609, 0.9433748220529705, 0.8858191779998301, 0.5519049477564204, 0.48533018828778757, 0.6543325179783941, 0.7662475706853651, 0.6838883915256757, 0.7284934658962919, 0.727515167926023, 0.471349252636639, -0.3952338218855987, 0.9086068968991317, 0.9206327480965946, 0.9082290842168196, 0.9459728221243312, 0.8770122079875391, 0.9155590486902987, 0.9140857194097255, 0.8336245481022259, 0.9207147293941996, 0.8427342567597222, 0.44209846765262945, 0.894124115027094, 0.8933472215600158, -0.23124507450492018, 0.6334300323963408, 0.7333088381662972, 0.6282975855804844, 0.9666218867062044, 0.6481126686999072, -0.12796736513636583, -0.12430980194019439, 0.6198353243435513, 0.6252461159466514, 0.6675278649598885, 0.9680703955889668, 0.96812725619476, -0.04985018030733644, 0.1683783488030344, 0.020962045342812863, -0.0003627253561889759, 0.025650423377227373, 0.04458112210153274, 0.01236032186550041, -0.032710844024968426, 0.3420463546556944, 0.08515371045803923, 0.03524399448870649, -0.5284885712182139, -0.5562460874146465, 0.5939387720258857, 0.7322919100969215, 0.7548621244134754, 0.8206384381339964, 0.8181656269187866, 0.49701808007811665, 0.7151136054909725, 0.7534057693165704, 0.7520632582715824, 0.40114466072970906], [0.9950960004567221, 0.9874288704484206, 0.990776664210294, 0.995642553781152, 0.9982117319992895, 0.9890047570083305, 0.9980225453440777, 0.9999968391526906, 0.999981099407481, 0.96513191545954, 0.999634842374243, 1.0, 0.999631988883432, 0.9999976098095253, 0.9999838484182391, 0.9969232395541342, 0.9992108442709619, 0.9998917497549608, 0.9998917575586919, 0.9999616602039375, 0.9999947538419538, 0.9906491608624702, 0.9739275443062086, 0.9919600554822852, 0.9925246921816389, 0.9805835365902535, 0.9722045892512005, 0.9373106024545548, 0.9898036363069881, 0.9945732046593789, 0.9917579266576866, 0.9674523712449563, 0.9994631999367547, 0.9995133929768378, 0.9996440490723446, 0.9996663425112178, 0.998732311899471, 0.9994166851585532, 0.9991229445380586, 0.998322838429591, 0.9995353061993847, 0.9993934203674564, 0.984361268729461, 0.9375369111200172, 0.73474225975056, 0.9384912999979094, 0.9219467079582634, 0.7864269384337182, 0.9604366753004764, 0.935489398953395, 0.9610031980658706, 0.9539988913330478, 0.949780275358304, 0.9805276671140438, 0.9769238132047631, 0.9306543405533392, 0.94456947088132, 0.9580806251951517, 0.962242467234325, 0.960590416816909, 0.9353277363152386, 0.8694626699319238, 0.9330762631434477, 0.9448736509856385, 0.9237027009921688, 0.8521011815253337, 0.9536890464018094, 0.916715562089179, 0.9525558566192922, 0.9311914376976773, 0.693681279722405, 0.8044103304903213, 0.742936496467303, 0.8210305114551959, 0.8531276968460494, 0.859304555999679, 0.8419130602553688, 0.8511948292773955, 0.20935204020864115, -0.5591657837046397, 0.9484827831025059, 0.9168676387975374, 0.9199679254580505, 0.9371789421210255, 0.915118716302257, 0.957646881405584, 0.9577930569831901, 0.909143922009179, 0.9506452850237456, 0.7898620126601008, 0.5752517146774857, 0.8979498925934503, 0.9270801008791553, 0.14465880649342489, 0.9120054493969006, 0.9352683203493304, 0.7960803006447212, 0.9666518352225426, 0.8357672950737833, 0.6440089317631154, 0.41487627658684745, 0.8449565691980557, 0.8326185013310226, 0.8325204543721854, 0.9747864285652171, 0.9750981727353736, 0.7121211140711471, 0.663041076767984, 0.7874300795913791, 0.280619981915643, 0.7609015110595385, 0.7905758596531116, 0.7875992800212815, 0.7858340998070883, 0.7037570141838726, 0.715663360324886, 0.6924680076002538, -0.25809822118943065, -0.4014172088218638, 0.5941819295635747, 0.8831543020813555, 0.9297611718497304, 0.9391262752025664, 0.9107936786018291, 0.8109256050698261, 0.9096011392156705, 0.9320411599841817, 0.931625113905205, 0.7539070264568665], [0.9942668931186278, 0.9872135345331493, 0.9927400784728332, 0.9950269484159402, 0.9979441772935653, 0.9900192501497281, 0.9990424051591809, 0.9996453993301053, 0.9998252686313197, 0.9639968829256236, 0.9996093352144121, 0.999631988883432, 1.0, 0.9996686136677619, 0.9996523016601674, 0.9990492081631085, 0.9986736953592658, 0.9994402180094278, 0.9994342197225348, 0.9996468201958698, 0.999622146493202, 0.9926183494736679, 0.9755588907820925, 0.9954156741754169, 0.9953083397668467, 0.9803794632300917, 0.9750653114253958, 0.9399358251918433, 0.9890182207901173, 0.9926215308298846, 0.9908522119034961, 0.9650507370577615, 0.998742674733424, 0.9990446071406235, 0.9992356637813503, 0.9999233309348626, 0.9986715413837556, 0.9989936608554525, 0.9985512472804556, 0.9975387053245666, 0.9987324646662716, 0.9986561705604843, 0.9882878873681702, 0.9375271077316741, 0.730973308325, 0.9386667097382116, 0.9218790250158382, 0.7856866777327198, 0.9567524128210216, 0.9283633850503887, 0.9575814143473558, 0.9506712447535236, 0.9459219706837306, 0.977001638064035, 0.9748665672979974, 0.955049924369284, 0.9441712820580191, 0.9582916977565521, 0.9612175218639264, 0.9603169926059475, 0.9596655855207121, 0.8735414053235049, 0.9297017917246473, 0.943102819028073, 0.9428984690720762, 0.8499338443213562, 0.9538225371339795, 0.9292713409834465, 0.9544379464376904, 0.9530090695795714, 0.6977060670633878, 0.801036800988568, 0.7650850265550722, 0.8183192014411194, 0.8545928895187868, 0.8581872167394372, 0.8497876848666603, 0.8501551340433668, 0.19280496294083413, -0.5537975537560779, 0.9472915799527459, 0.916483634034294, 0.9186611123384074, 0.9582168516113743, 0.9149030772674822, 0.9561587710684979, 0.9562642219777716, 0.9084389013854534, 0.9509295551276291, 0.7967715349916973, 0.5757560213840198, 0.8985922229676573, 0.9273780336774521, 0.13928940808773735, 0.9096512788201231, 0.9333006619161032, 0.7971918229651602, 0.9694677280873353, 0.8291349170232336, 0.6361805530953953, 0.4087997477351687, 0.8360446451860093, 0.8272855141033418, 0.8241381927379733, 0.9768315401833039, 0.977095522286598, 0.7027294404981845, 0.6573249619538, 0.7658352746534242, 0.280300068185213, 0.7507624104484103, 0.7791153947737578, 0.7556711694221232, 0.7746575065776635, 0.701238900822514, 0.7049849486456757, 0.6820572691689216, -0.2650759084739678, -0.40676001886203705, 0.5937064237512577, 0.8809409325526055, 0.9313869932359902, 0.9346800569790773, 0.9100033648157346, 0.802929016864766, 0.9030888629904259, 0.9250716582487944, 0.9252896367742818, 0.7483743966748403], [0.995000293935145, 0.9872696336218252, 0.9909354906349881, 0.9955625135772377, 0.9981916644010774, 0.9890931621969158, 0.9989581796102761, 0.9999977091161012, 0.9999895744570563, 0.964851725383282, 0.9996178762132796, 0.9999976098095253, 0.9996686136677619, 1.0, 0.9999880634591517, 0.9985506983616531, 0.9991718779241758, 0.9998834364573248, 0.9998830089186097, 0.9999558613012669, 0.99999197964622, 0.9907692384614133, 0.9740958353192061, 0.9938666414310666, 0.9937328683747924, 0.9804796493507024, 0.9724026418227174, 0.9374625823274529, 0.9922988516349581, 0.9949105838253572, 0.9916358024855674, 0.9672148887144363, 0.9994388753991129, 0.9994748024764607, 0.9996208797044716, 0.9996836100442043, 0.9986795582597647, 0.9993818390328246, 0.9991546610448033, 0.9982542960202144, 0.9995070137581844, 0.9993691366025215, 0.9845170749887353, 0.937380622978334, 0.7341762479638531, 0.9386126882422872, 0.9218859239392131, 0.785794579139374, 0.9602558289386723, 0.9352693123051572, 0.9608557452355366, 0.9536201732411825, 0.9493621063600318, 0.9803552721250177, 0.9767169432248016, 0.9306710038457037, 0.9444184775019674, 0.9579206701637205, 0.9620927079959306, 0.960422667126375, 0.9347052459693775, 0.8694063943579532, 0.9325397973047493, 0.944490771435378, 0.9235114752773697, 0.8517155550854255, 0.9536910866654287, 0.9168641404583231, 0.9525177365396639, 0.9312444511918649, 0.6938458843703151, 0.8037682838032384, 0.7426646891656522, 0.8204385971489933, 0.8528944979973782, 0.8589189709900859, 0.8416239331359687, 0.8508941554287179, 0.20928163174547781, -0.5590501020799642, 0.9482432568911565, 0.9165497061191044, 0.9197193388176267, 0.9347010676101273, 0.9150583279382616, 0.9574274738322899, 0.9575712319363221, 0.908983356523307, 0.9504604356893851, 0.7897949372518392, 0.5750103878269373, 0.8985349018689542, 0.9274598134755531, 0.1439437588104996, 0.9117663984840386, 0.9350701006759095, 0.7957806844615546, 0.9668406743290249, 0.8354225528912296, 0.6429472637812449, 0.41382472772145806, 0.8445685423506357, 0.8322728601746847, 0.8321811751886401, 0.9749244534092284, 0.9752323812358696, 0.7109948119502707, 0.6619624647456468, 0.7868980616546264, 0.2800064697759279, 0.7602268860845398, 0.7898659573387891, 0.7872611133004549, 0.78506832869166, 0.7031940053327744, 0.714334353386424, 0.6911432899789427, -0.2589617091048552, -0.40217993183133366, 0.5938854976435268, 0.8825770583043889, 0.9295448170909328, 0.9387316822139657, 0.9104195094118446, 0.8101983807765244, 0.9093394353665212, 0.9316131293525952, 0.9313302800880148, 0.7533918358896053], [0.9951537288393311, 0.9873774546964263, 0.9908423986274657, 0.9956913509242558, 0.9982595420588978, 0.9891871036650315, 0.998718497292202, 0.9999807427116846, 0.999996699151267, 0.9643958474156138, 0.9996266306670696, 0.9999838484182391, 0.9996523016601674, 0.9999880634591517, 1.0, 0.9985484814697086, 0.999216117595742, 0.9998799552946438, 0.9998799871805822, 0.9999556473143761, 0.9999764855423035, 0.990680049456463, 0.9741211802504975, 0.9922613890227059, 0.9923178109708304, 0.9806468902292806, 0.9721318637140717, 0.9374747991445972, 0.9923395069692086, 0.9944931242681896, 0.9914835621175871, 0.9671223421285466, 0.9994823964601174, 0.999463245653879, 0.9996121586621687, 0.9996739786708064, 0.998703753786856, 0.999390411812267, 0.9991884498661492, 0.9983136860292651, 0.9995415714018405, 0.9994182540825315, 0.9842824429790044, 0.9372143708608495, 0.734974123780712, 0.9383690193516372, 0.9218013016869105, 0.7861368741315933, 0.9608281253880866, 0.9364170064000188, 0.9614958059898567, 0.9538300743760774, 0.9495468673164755, 0.9808607810918307, 0.9769294891971847, 0.9315959242970568, 0.9449714878870207, 0.9583980783486674, 0.962299081260076, 0.9609058228458457, 0.936128650561469, 0.8697441870041331, 0.9321853966683036, 0.9448683463520439, 0.9242959402854592, 0.8517709128608222, 0.9541446589527706, 0.9176503345419732, 0.9531396848192772, 0.9322144403092935, 0.6940323552380823, 0.8033675666681981, 0.7438585278413444, 0.8201063229016275, 0.8530498520446042, 0.8585488155180372, 0.8422921211970986, 0.851317176742539, 0.20916587768808168, -0.5586648158437949, 0.9483438726969923, 0.9167727156484377, 0.919946472824647, 0.9380414695691868, 0.9158977187517668, 0.9576347030751631, 0.9577735225395858, 0.9094547086177666, 0.9509024426490732, 0.7900078113280476, 0.5736160631905266, 0.8983341426433336, 0.9271614829702991, 0.143410843744863, 0.9112560072950725, 0.9346287568826248, 0.7948598539707934, 0.9664688257977564, 0.8364348901726928, 0.6422109761310442, 0.41271552282732743, 0.8451211799396461, 0.8327566475401574, 0.8329567101818581, 0.9747059524776458, 0.9750031147088469, 0.7096797596674256, 0.6599028667994559, 0.7879871829644711, 0.27832055107497794, 0.7605070507875371, 0.7902549048183034, 0.7885404898637055, 0.7852755703841129, 0.7017191453310793, 0.7121655065491544, 0.6889549454734234, -0.25839297448054366, -0.4017329014771463, 0.5939945292489297, 0.8817430759565021, 0.9301324226777267, 0.9392442175907384, 0.9096922585144462, 0.8104202774683688, 0.9103739235795243, 0.9321945422994575, 0.9320704882339794, 0.7533008421854636], [0.9963602452308888, 0.9927542765982525, 0.9913947198871338, 0.9968952806512237, 0.998514501159944, 0.9920129090039327, 0.998045144579643, 0.9962566194510837, 0.9989368955727587, 0.9662042748872653, 0.9993444730184252, 0.9969232395541342, 0.9990492081631085, 0.9985506983616531, 0.9985484814697086, 1.0, 0.9989034629648805, 0.9989281469150086, 0.99892595537128, 0.9987529674468517, 0.9984378700529589, 0.9920831032257738, 0.9768594080330141, 0.9827915613700889, 0.989427651451174, 0.9872581038929389, 0.9741171401854739, 0.9452068449031054, 0.993457257114253, 0.9933000820181173, 0.9905881824877464, 0.9675181491428461, 0.9987793031950248, 0.9987407246620622, 0.9989595584421229, 0.9985671391490186, 0.9993521410708063, 0.9988712545948569, 0.9989047088027317, 0.998140560092663, 0.9986530300002655, 0.9987299568973336, 0.9830440405644452, 0.9302861919988535, 0.7414432194666475, 0.9309047554080195, 0.9245641444167515, 0.8046751312007604, 0.9644096386412174, 0.9407651212370461, 0.965677117006885, 0.9542491400817641, 0.9486375440845936, 0.9816061092526662, 0.9766531657288877, 0.9446331290466701, 0.9546225986603015, 0.9654855803546198, 0.9668131225454981, 0.9671029381541091, 0.9480685221928095, 0.8819095045749358, 0.936182642839813, 0.9499956658644159, 0.935596202935037, 0.8629844650568333, 0.9605051248895202, 0.9316121998417675, 0.9608982614830497, 0.9452562574502369, 0.7121409753590009, 0.811338498664433, 0.7619795616583469, 0.829357401169136, 0.8659125941931302, 0.8658658719072816, 0.8535956547271877, 0.862898527873937