var config = { responsive: true }

var correlationAdjClose = {"data": [{"type": "heatmap", "z": [[1.0, 0.9999928658628184, 0.9835987525817922, 0.9999203259038723, 0.9987983702679072, 0.9888047599189246, 0.9972926150581185, 0.9948459807349886, 0.9951248016814295, 0.9802566012618753, 0.9908947084195354, 0.9950022985233333, 0.9941618678750099, 0.9949053125863677, 0.995062198437667, 0.9962975569540691, 0.9979529506546523, 0.9956870322211238, 0.9957077930658024, 0.995707949503989, 0.9949538652831067, 0.9844362556533374, 0.9668627436778223, 0.9867825862192309, 0.9855427674877627, 0.977197210390608, 0.9605525959800552, 0.938869950227917, 0.9947769185561268, 0.9947334358722959, 0.9918519478721394, 0.9752043563750845, 0.9972016308753235, 0.9975292828132098, 0.9968401831352197, 0.9950726333731936, 0.9944639655801129, 0.9973567461229771, 0.9974296783830521, 0.9986354865093734, 0.9971361081481557, 0.9971540016159238, 0.9753579251791722, 0.9304557125512981, 0.7714843371170145, 0.9088335938977651, 0.9331853840098756, 0.859946253673072, 0.9723375103521621, 0.9446087005003142, 0.9734155609468355, 0.9693473842009264, 0.9650627912206796, 0.9866674480187102, 0.9829740124241819, 0.9827473640112765, 0.9753740820966296, 0.9847072848775511, 0.9820000493288469, 0.98538955958001, 0.9851523033690959, 0.9623029582357672, 0.9634303566508872, 0.9702378707704327, 0.9699504403992719, 0.9405507571257345, 0.974035780740292, 0.97234627891729, 0.980757307409807, 0.9797931837217974, 0.9328726128570499, 0.8489995342480323, 0.8173843358060945, 0.8678412598356454, 0.8970973691815214, 0.8907208803774193, 0.8959625284421555, 0.8947667663066411, 0.5998338805320775, -0.5120671679991664, 0.9741343385143042, 0.9630684240687348, 0.9595660707118427, 0.9837329005124488, 0.9527512094992918, 0.9796749983290801, 0.9796543959756184, 0.9402362269502909, 0.9800966360363934, 0.9453707484871059, 0.5804396957311752, 0.8266740868556515, 0.9099844859616609, 0.2610577747290324, 0.9122517790873177, 0.9346668475461605, 0.8014742266946486, 0.9531656462130137, 0.8959124833748858, 0.6805866003629649, 0.44332650700906095, 0.8914909226394033, 0.8598370553572587, 0.8873136758076663, 0.964878344933796, 0.9651824331789423, 0.7375828740584701, 0.6950404995110211, 0.8280204854440472, 0.3236413246334521, 0.7946822117734016, 0.8335710352515763, 0.819987661283797, 0.8183995755927818, 0.7258158827618117, 0.7342685627599153, 0.7134591732055828, -0.2195042363197086, -0.3519934333720511, 0.6046569147589076, 0.900982311233166, 0.94772934081571, 0.9507953137372902, 0.9191553138864941, 0.8271182732434537, 0.9187462235997008, 0.9412768366880482, 0.9410323420485613, 0.8769859913837021], [0.9999928658628184, 1.0, 0.9794285489380067, 0.9997435482735969, 0.997075685124629, 0.9894957347642244, 0.9921091776251337, 0.9867565601592845, 0.9868131797214789, 0.9660797653889645, 0.9895944680385999, 0.9870708008820939, 0.9868466240618622, 0.9869040659670869, 0.9870146280405385, 0.9925653307446197, 0.9945022160234703, 0.9907881512986502, 0.9907899153886074, 0.9868993616715713, 0.9869711472389584, 0.9868577932586391, 0.959176382612352, 0.9816511091784217, 0.9811297947403821, 0.9770635622432177, 0.9693217228876043, 0.9046480079550655, 0.9881706696440297, 0.982702465055984, 0.9769578520425867, 0.912308325361027, 0.994081279089342, 0.9938549325273849, 0.9941893573578083, 0.9884935710189268, 0.9934654591243621, 0.9941541594643465, 0.9945282542881165, 0.9966518174121138, 0.9942023364843007, 0.9942134408261412, 0.9836564652258187, 0.930035992321847, 0.6705923849015545, 0.9085090870062932, 0.9332792902616274, 0.860072527734463, 0.8977352063428665, 0.9162330436214431, 0.9015700639847558, 0.9119818776124928, 0.8967242546452181, 0.9579873652975672, 0.9578581146403693, 0.9705185009265744, 0.9752589470388479, 0.9672415393804435, 0.9672043015430136, 0.9705328006199958, 0.9704422064562983, 0.9249049272707074, 0.9334775850757804, 0.8936652246467971, 0.8936044188577237, 0.7729408470537381, 0.9648837936629667, 0.9675559156609094, 0.967942615591402, 0.9673781732194286, 0.9214569831672682, 0.6039367141283655, 0.5420220732167219, 0.7077203201518503, 0.8104093330304314, 0.7280085962169942, 0.772775441523602, 0.7710859643654889, 0.5305098770524092, -0.25432297852437435, 0.9479906143770941, 0.9570357748655368, 0.9476470674213711, 0.9717199087539888, 0.922605654436454, 0.9536673816413427, 0.9524825257379376, 0.8823552305285023, 0.9575153171241207, 0.8898394704844164, 0.35421954941746375, 0.8261519433783056, 0.8313985896142636, -0.23832950854479698, 0.5636159666166414, 0.681722483791885, 0.6061845828354886, 0.9483125115643084, 0.6294049645764682, -0.16373170771285717, -0.10521081819065631, 0.5960695291108838, 0.6053461915543199, 0.6517607934761226, 0.9503934188770673, 0.9501849561115363, -0.1191381772963644, 0.1043430432013497, -0.04965738145541481, -0.06962246033985221, -0.04261595270658902, -0.026789311142255447, -0.05726390345629959, -0.0937899325439507, 0.2590711219173655, 0.02358387857870427, -0.021222761052223288, -0.4549994662953955, -0.48139748988677683, 0.6052348463116503, 0.7412608698802121, 0.7618728095923676, 0.8251056273242369, 0.8181279628326691, 0.5163074249141935, 0.7263732951597318, 0.7617691296152395, 0.7603110023967108, 0.41738758362108574], [0.9835987525817922, 0.9794285489380067, 1.0, 0.9850705398435069, 0.9920810243923142, 0.9889602667393321, 0.9904989080370701, 0.9907554401424036, 0.9941208883627652, 0.9529725075261558, 0.996548690730263, 0.9906663558576314, 0.9926448931730781, 0.990824598477508, 0.9907286616397083, 0.9912866518709471, 0.9896374341434777, 0.9892324960149342, 0.9892039880467204, 0.992606873311407, 0.9906906261973827, 0.9928904313664844, 0.9774029603960829, 0.990051888088426, 0.9904109875491754, 0.9748075345190425, 0.9801629099598201, 0.9432640501718151, 0.9738658965229532, 0.9769704165415403, 0.9786171144697243, 0.9504204659569145, 0.9876805428168918, 0.9908229001090438, 0.988995309191469, 0.9928880536341299, 0.99413203818529, 0.9918135291241775, 0.9870250717777871, 0.9870395713440674, 0.987953796338301, 0.9873054806173358, 0.9896485378931488, 0.9296598000863003, 0.714006690194597, 0.9346603493452319, 0.9151602995067005, 0.7591538536282241, 0.9332467835301664, 0.8993174363167682, 0.9343566590726534, 0.9292367088945601, 0.9227568726328461, 0.9538511648094455, 0.9605669717762367, 0.9254246674392849, 0.9404316627163319, 0.9490584100162545, 0.9540501092031921, 0.9498245127992345, 0.9239902893534896, 0.8838267032779692, 0.9167436603572735, 0.9203091069058863, 0.9045994130599785, 0.8514623857913683, 0.9542472067371137, 0.9302907258459894, 0.9494811874920329, 0.9273066191376154, 0.7417519861623059, 0.783237598233516, 0.7239625710872987, 0.8037104040382834, 0.8530559724022176, 0.8489987585432647, 0.8238898322040096, 0.8373621738947076, 0.27289466097739623, -0.5183557035689563, 0.9384614963932588, 0.9038652424591783, 0.9107756290798956, 0.9261251932386398, 0.9163790623122287, 0.9449906681920209, 0.9447309184131737, 0.8996882866247292, 0.9421476144950985, 0.8174337565280662, 0.5479044503468969, 0.9182308472669886, 0.9281159704506087, 0.18163114721925838, 0.8890782514265385, 0.9146879162028815, 0.7862543601656385, 0.9753056483102847, 0.7780027125517928, 0.5901680245827726, 0.3607440507105669, 0.7838781317940778, 0.7836408624954904, 0.7721453009397531, 0.9794403822011183, 0.9795215582835127, 0.6536046759174373, 0.6250754520786486, 0.715164468079043, 0.2482293681151052, 0.6874400041620174, 0.712195550519266, 0.7284704040914098, 0.7089470602465374, 0.6742790793454737, 0.6557667336228985, 0.632826120598305, -0.2990685830787203, -0.43065703354327267, 0.5503536259257059, 0.858602589987039, 0.897928829842902, 0.8979476495111856, 0.8907144225457448, 0.7544832313738727, 0.871898929401378, 0.8863230620410469, 0.895538998402503, 0.7405030901458571], [0.9999203259038723, 0.9997435482735969, 0.9850705398435069, 1.0, 0.9991232371201246, 0.9896601074741433, 0.9976872508809871, 0.9954168958554355, 0.9958173126820322, 0.9801235988212726, 0.9926825136490092, 0.9955560954277317, 0.9949299483005207, 0.9954744958433973, 0.9956060181609028, 0.996836453002817, 0.9983413284213178, 0.9961844707515655, 0.996202219223536, 0.9963082322518666, 0.9955096149898557, 0.9857751070284443, 0.9682580687029034, 0.9879603752789089, 0.9868298123242657, 0.9803279498766713, 0.9627720476100672, 0.9401843631706964, 0.9943810729436783, 0.9945045532029579, 0.9920993086185799, 0.9750470038883252, 0.9974062340267554, 0.9979065636330994, 0.9972034441881821, 0.9956980698816872, 0.9955483544459938, 0.9977743308057653, 0.9975775167667282, 0.9988082686802461, 0.9973302637930839, 0.9973444565228607, 0.9772062915519024, 0.9264969897670697, 0.7653319350033896, 0.9097542811086116, 0.9299281639312126, 0.8494078507551949, 0.9695830453419495, 0.941188666946976, 0.9705429265377218, 0.9668188362340164, 0.9624009453340786, 0.984653555007082, 0.9815058478251444, 0.9806953877398675, 0.9729437955027643, 0.9828968292645137, 0.9808404238022748, 0.9834987295548516, 0.9832622618301077, 0.9464596968418547, 0.9614949835923707, 0.968451027781719, 0.9681680259910449, 0.9332371502047777, 0.9729486225465326, 0.9680224707389843, 0.9786249328932516, 0.9776216155173927, 0.9000742448953399, 0.8466930468389069, 0.8121915995302289, 0.8651785394674117, 0.8930892217659098, 0.8896618600197959, 0.8926080809860414, 0.8914994572268732, 0.49223390075374024, -0.512380584271206, 0.9726085059555977, 0.9599774359495227, 0.9567796110665399, 0.9816897804824278, 0.9511429591969541, 0.9783522326254239, 0.9783384440120217, 0.9386260353643818, 0.9780578472861386, 0.9217615498796657, 0.5864862513779335, 0.8373597714793615, 0.9145978878128437, 0.26133395370031864, 0.9139937385012645, 0.9361612991840236, 0.8019302108472062, 0.9547218929792562, 0.8898452356700763, 0.6779050156945495, 0.44095583875400013, 0.8865337830736459, 0.8564300243893125, 0.8820107087995057, 0.9660298327416398, 0.9663431200470103, 0.7369149748560425, 0.6956161965832992, 0.8201779541112812, 0.3260674663552014, 0.7892649813678391, 0.825434384782382, 0.8119276380763256, 0.813272831886562, 0.729088241647228, 0.734626056084204, 0.7138771923447614, -0.21484127926375568, -0.3511508811821458, 0.6023723408753202, 0.8992804116971268, 0.9461618479145458, 0.9492504332765466, 0.9182867096081437, 0.8244362912742212, 0.9169712536805602, 0.939278699555248, 0.9391909020167032, 0.8692792281247397], [0.9987983702679072, 0.997075685124629, 0.9920810243923142, 0.9991232371201246, 1.0, 0.9921866281278209, 0.9990682441664884, 0.9981237780844513, 0.998177646488526, 0.9730059547504618, 0.9973483035033384, 0.9981838668806269, 0.9979019563165454, 0.998161474891273, 0.9982290457593282, 0.9984824094243548, 0.9991267338642881, 0.9986000600927516, 0.998604409991135, 0.9982669775863305, 0.9981661442297675, 0.9930663013104584, 0.9764122371696355, 0.9930580871392395, 0.9929400663044552, 0.9847526592570747, 0.9779134958776032, 0.9440474946717317, 0.9911151965051554, 0.9930831492059401, 0.9904466117658972, 0.9660517339352239, 0.9990009279684555, 0.9990187733257193, 0.9990005113178503, 0.9983032035373574, 0.9986165676457929, 0.9990954354010114, 0.9991629425229642, 0.999092484046015, 0.9989825760034728, 0.9989848671506222, 0.9880286624984079, 0.9367157090011135, 0.7419809683611266, 0.9271589285312787, 0.9318607189818789, 0.8277468346141625, 0.9551784003516061, 0.926315122535039, 0.958644778717014, 0.9583235703416387, 0.954025153692863, 0.9806642035612615, 0.9805860801445591, 0.9757145289265075, 0.9653975248112199, 0.9766315883064173, 0.9753704082264703, 0.9769496945235948, 0.9766545526187218, 0.947593011129795, 0.9493623482331685, 0.9463162034261653, 0.9459531862336558, 0.894248936386224, 0.968935066914834, 0.965632759891756, 0.9728507706013977, 0.9717875758972583, 0.9255666992022797, 0.818688493814269, 0.7687110109712374, 0.8446967588672345, 0.8932727379071422, 0.8726597888555081, 0.8822735758320813, 0.8811941908491615, 0.6484129680189865, -0.5838373908587687, 0.9638464267819458, 0.9447094732404192, 0.9434319982698198, 0.9770655468715116, 0.9338682392929598, 0.9691467150640815, 0.9686446837193073, 0.9249825619536068, 0.9714885638975408, 0.9299823088457034, 0.5705081869535905, 0.8664766748659136, 0.9361799676156435, 0.15688653006195075, 0.8869389924115099, 0.9165411071257148, 0.7949499009687689, 0.9610676769701917, 0.8754092061177636, 0.5360492790542367, 0.3111386487326048, 0.8622212546254867, 0.8105822063349727, 0.8629067510956084, 0.9708000636189797, 0.971046316230376, 0.6875314622093436, 0.674059025951246, 0.7294601512454287, 0.2977444351475095, 0.6636610467887942, 0.7382863328607474, 0.7136030541640839, 0.694461115239793, 0.7104671309591315, 0.7154374433463291, 0.6936119732896319, -0.44710698616801087, -0.5198871923080272, 0.587458669256877, 0.8912953373237734, 0.929148733967071, 0.9393633115793231, 0.914193065256911, 0.7977070865751292, 0.8966312746817598, 0.9223304199207812, 0.9217739226706166, 0.8022409388452807], [0.9888047599189246, 0.9894957347642244, 0.9889602667393321, 0.9896601074741433, 0.9921866281278209, 1.0, 0.9893358815186629, 0.9888889913945271, 0.9881771147106223, 0.967230484444069, 0.9771066080754426, 0.9888713219329563, 0.989878509010651, 0.9889564788564067, 0.989049710170016, 0.9919137566117396, 0.9902812477803156, 0.9898704493974082, 0.9898469609867458, 0.9876255614641841, 0.9888914690098342, 0.9962917890673401, 0.9911696581176889, 0.9882324017692168, 0.9878333731827634, 0.9617203270465604, 0.9832313277573099, 0.9647707353860138, 0.9756744448428257, 0.9788033603384528, 0.9877606536386722, 0.9758377591457211, 0.9893781243219791, 0.9894482509350521, 0.9903100225065776, 0.9899564213350522, 0.9809064506284931, 0.9901005140755926, 0.9896990987567791, 0.9898655878286868, 0.9894754598222663, 0.9894512644527109, 0.993926699729681, 0.8897495389414295, 0.7531393303019969, 0.881077667821848, 0.9309322326275744, 0.8598131026594865, 0.9446658127256554, 0.9147197879122666, 0.9461499060633269, 0.9521560080100931, 0.9435331305351007, 0.9658058987741521, 0.970229342003169, 0.9647165834883895, 0.9760016136149301, 0.9662675508804046, 0.9779572079163344, 0.9662696431646884, 0.9657111435567787, 0.9629098511512156, 0.9552139863033237, 0.942601086522815, 0.9421527391691722, 0.9262688097679631, 0.9745547466776482, 0.9664406064716146, 0.9654872926087967, 0.9637020955015035, 0.9422645645016281, 0.8468481822936516, 0.7987682169457736, 0.8670741017151572, 0.8876069535387333, 0.8945801436899377, 0.8790340281764506, 0.8772479723164387, 0.6184089393966993, -0.482808080497614, 0.9709844936069433, 0.9639333378747267, 0.9608841427960794, 0.9660207397821621, 0.9497642827388642, 0.9720483794032125, 0.9717700572318418, 0.9477665238883455, 0.9614784099731148, 0.9478652624339278, 0.5844876029446646, 0.7909740671630245, 0.9293755483947058, 0.2573612244880318, 0.9008174876279645, 0.9217067547040452, 0.7991447546979532, 0.950159924860094, 0.8489341152060234, 0.6346072211771223, 0.4254139863074698, 0.8460955999580348, 0.8190598569910511, 0.8424876419842305, 0.9527128500808288, 0.9528884175855991, 0.7028214542263364, 0.6777475093908198, 0.7674767394513666, 0.32753604271996695, 0.7443607489375668, 0.7749570094559506, 0.7606304678049345, 0.7634350443963986, 0.7168316324817967, 0.707846533624889, 0.6891891931947732, -0.24576378611072972, -0.36969149955931935, 0.6397091040989044, 0.8910203361672024, 0.9091347175774381, 0.9159589699753033, 0.9031270646783905, 0.8028738287193146, 0.877317073237591, 0.9009363904686517, 0.9008261124802015, 0.8483184312926247], [0.9972926150581185, 0.9921091776251337, 0.9904989080370701, 0.9976872508809871, 0.9990682441664884, 0.9893358815186629, 1.0, 0.9969752979119157, 0.9995117308348176, 0.9711182026263978, 0.9993861233062195, 0.9979943963331951, 0.9990406620556648, 0.9989435177007439, 0.9986984505476678, 0.9980128837214954, 0.9998731433022969, 0.9991986344476231, 0.9992050696424597, 0.9996304862892634, 0.999166031088795, 0.9903771214758137, 0.972834436782858, 0.9831666446465693, 0.991944599139088, 0.9835473251049567, 0.9696787470188238, 0.9385882912255237, 0.9926082946855843, 0.9917222379017566, 0.9930027719148469, 0.97103863849194, 0.9987346466553308, 0.9998006629388848, 0.9995906932452401, 0.9993565693583638, 0.9996043158688165, 0.999833599012316, 0.9977416302974431, 0.99952446897735, 0.9992157321343708, 0.9987943733622056, 0.9830204242415324, 0.9379749257109444, 0.7533912386551823, 0.9339774672708162, 0.932286617553622, 0.8125895039004154, 0.9621231009672068, 0.9399909151311184, 0.9629991527527445, 0.9608228029858176, 0.9570438340958165, 0.982229498881675, 0.9800089929143191, 0.9353732272650152, 0.9511617013540711, 0.9658408767980365, 0.966310139376627, 0.9678377884477937, 0.9361100940182264, 0.8793618409731111, 0.9382685347308993, 0.9522892995159714, 0.9289695061107861, 0.8664932243024536, 0.9576271082031367, 0.9233792645853358, 0.9589935215308028, 0.935522610105511, 0.7064681689422061, 0.8127768534090972, 0.7461612258707737, 0.8295149574677123, 0.8603766822087738, 0.8635531192322702, 0.8452062931246992, 0.8576835088794008, 0.2273849381309411, -0.5489776123864799, 0.953567433320034, 0.9268427344415878, 0.9277589661188343, 0.9382413684008585, 0.932546488487152, 0.9627213937988633, 0.9628492639445946, 0.9157677511336687, 0.9587567822415475, 0.8028514083159147, 0.5687539358792716, 0.8723452763292202, 0.9138466066444335, 0.24007894668271643, 0.911631628650431, 0.935039531861813, 0.7952425947115783, 0.9616196868341426, 0.8301773943688207, 0.6629448274041126, 0.42181244582361827, 0.8417806293781388, 0.8336044290784804, 0.8270516340223323, 0.9716436032047422, 0.9719484152065729, 0.7208177933561569, 0.6690753959324167, 0.7843098752444424, 0.29222841004672034, 0.7645404687978024, 0.793707600563199, 0.7852121732681221, 0.7903205155688002, 0.7058037005160528, 0.7193009941273069, 0.6966459346443333, -0.236156740454373, -0.37957506496619126, 0.6078077848268664, 0.8909815156894804, 0.9313661749248318, 0.9462276738747564, 0.9160834778554642, 0.8213408694967603, 0.9155333583704193, 0.9378928143006108, 0.9372387871257754, 0.7740168439433692], [0.9948459807349886, 0.9867565601592845, 0.9907554401424036, 0.9954168958554355, 0.9981237780844513, 0.9888889913945271, 0.9969752979119157, 1.0, 0.9999831755981607, 0.9648184725651988, 0.9995893675394366, 0.9999968511520937, 0.999640166827617, 0.9999976712046215, 0.999980396216723, 0.996194737238418, 0.999184827893968, 0.999877421193859, 0.9998773526993168, 0.9999528626072391, 0.9999941925867203, 0.9905632270973977, 0.9737525304189506, 0.9911615281713122, 0.9924143258253345, 0.979699972799377, 0.9718625797414746, 0.9370302813719714, 0.9889797857731298, 0.994542237475459, 0.9917972789707087, 0.967746186996986, 0.9994230885087453, 0.9994671421422181, 0.9996086151268633, 0.9996570793828398, 0.9986106237149882, 0.9993639976072936, 0.9990808396570341, 0.9982211344467579, 0.9994939414495139, 0.9993518856192799, 0.9842999868602692, 0.9398199403956219, 0.7406015281016409, 0.9435605358962957, 0.9316385827479396, 0.7902795145997935, 0.9610629217578661, 0.9350907159689628, 0.9615899080473718, 0.9545315227357177, 0.9508642197963705, 0.9804235425488292, 0.9768140611340955, 0.9290221111371733, 0.9432091552852083, 0.956845820477494, 0.9612814622517771, 0.9594194013787791, 0.9339773368492162, 0.8663451716721243, 0.9310947353076771, 0.9437749349019218, 0.9226162862675638, 0.8495623192950209, 0.9528256590559413, 0.914709029343732, 0.9513067590488027, 0.9295245067346531, 0.6866704621541114, 0.8015293379104661, 0.7409869654361387, 0.8180916490067003, 0.8502862469152829, 0.8565170882902666, 0.839533676934241, 0.8486839537661678, 0.20464600530952665, -0.5566047988844693, 0.946962931397726, 0.9138899016946898, 0.9173332466438874, 0.9357989441149372, 0.9242537320213388, 0.9564121895802195, 0.9565661860669217, 0.906746331898794, 0.9492469952260373, 0.7851687083572314, 0.5621455851173991, 0.8974462576576028, 0.9273604171263108, 0.22614669110488808, 0.9102421431778236, 0.9340804434037856, 0.7922380649194998, 0.9666195038748385, 0.8348336033079663, 0.6494308796432485, 0.4074360921837866, 0.8437988246706866, 0.8308368650392106, 0.8313110092662536, 0.9748303004162927, 0.9751380895838917, 0.7104629859584285, 0.6594338686065774, 0.7871131264587512, 0.2758742944813101, 0.7596571027473098, 0.7898800561328594, 0.7872811949392439, 0.7852129789016609, 0.6973404589305546, 0.7125428054846756, 0.6891195489193325, -0.2542045528089031, -0.3967314218936359, 0.586128358711774, 0.8820833784005585, 0.9294593421483966, 0.9385266892511205, 0.909461239130012, 0.8094817539251666, 0.9091147651697808, 0.9316983700690619, 0.9313109288902657, 0.7528334858132555], [0.9951248016814295, 0.9868131797214789, 0.9941208883627652, 0.9958173126820322, 0.998177646488526, 0.9881771147106223, 0.9995117308348176, 0.9999831755981607, 1.0, 0.9641198058719027, 0.9995875598715886, 0.9999810342630993, 0.999821527491765, 0.9999894477255232, 0.9999964382083212, 0.9989164993559708, 0.999137940063243, 0.999806099292986, 0.999805384723229, 0.9999653766371559, 0.9999818713957662, 0.9932890085676386, 0.9749103773717788, 0.9945062592394708, 0.9946754036362623, 0.9797628171690416, 0.9761201664029935, 0.9383038800358413, 0.9895033495059804, 0.9935944372049492, 0.9888654830493331, 0.96316104317316, 0.9993314507741565, 0.9994110444292377, 0.9994059105794472, 0.9998230495304776, 0.9986284046622057, 0.9993614512482012, 0.99930005381352, 0.9982067443955241, 0.9993235612004031, 0.9993183106098343, 0.988560094410398, 0.9398996393725573, 0.7416638348847896, 0.9437048017479023, 0.9319392059574193, 0.7905958028328962, 0.9499993013243964, 0.9210154094365576, 0.9530249134841176, 0.9520482543069353, 0.9483735692071198, 0.9775773859243121, 0.9770072913352028, 0.9633274210436509, 0.9437515559478503, 0.9641808759529298, 0.9613504438282605, 0.9646022540177696, 0.9642110317585283, 0.9328972105780381, 0.9303701594731388, 0.934129586280509, 0.9337273000707853, 0.8808856254682119, 0.9531890671620828, 0.9546239669039284, 0.9610243992218735, 0.9596502655108171, 0.9105318961594249, 0.8007525063375687, 0.7446316812887666, 0.8174484087835565, 0.8718115933654773, 0.8545020244492776, 0.8627333203182886, 0.8617067077320951, 0.5896029933291878, -0.6204103601030982, 0.9469077110323019, 0.9139276359286719, 0.9173983201070772, 0.9648974031543195, 0.9161887507961588, 0.9558577270477827, 0.955261558728119, 0.9076181991104533, 0.9584783302662382, 0.9129380409376839, 0.5599881401367254, 0.8970327786359652, 0.9439056466664949, 0.16935799646614208, 0.8942861568725496, 0.9230306005514125, 0.7912680692215713, 0.9651148495324635, 0.8820164501024866, 0.5598073664786513, 0.3334405893066142, 0.8693429177536455, 0.819028766333322, 0.8707658869856673, 0.9747174171332742, 0.9750102355191707, 0.7083321965604755, 0.6565316954692112, 0.7458114187165499, 0.2734224511675971, 0.6818785954796788, 0.7539211880923071, 0.7312076107674554, 0.7127188961911772, 0.6947628892169705, 0.7092618306893849, 0.6858036601890213, -0.49880338292660037, -0.5735622313860187, 0.5864877265495272, 0.8809907564352457, 0.9277537009450788, 0.9391977654655619, 0.9084871164533239, 0.8040771848676647, 0.8964598077040913, 0.9210222430655419, 0.9204446426836494, 0.81053144831535], [0.9802566012618753, 0.9660797653889645, 0.9529725075261558, 0.9801235988212726, 0.9730059547504618, 0.967230484444069, 0.9711182026263978, 0.9648184725651988, 0.9641198058719027, 1.0, 0.9473332903849293, 0.9652137180921352, 0.9640743270332366, 0.964937071024668, 0.964484518154382, 0.9663670714417595, 0.974866350529447, 0.9698606635332742, 0.969867954856638, 0.9649926031200303, 0.9650725799428509, 0.9646081153211719, 0.949865789538321, 0.9720939460676935, 0.9699403261845886, 0.8773931997466342, 0.9680044814543252, 0.9482290590330539, 0.9742192207014635, 0.9678732630456086, 0.9678124401247656, 0.9317240411922336, 0.9736102865685425, 0.9731627578453249, 0.9736711777870156, 0.9651759612919569, 0.9557465255627571, 0.9726506747811736, 0.9734908530207577, 0.9780088802366331, 0.9738091347183536, 0.9738272283049427, 0.9552907328320254, 0.8388185505183864, 0.5632721170616999, 0.7751682261660281, 0.8976268383771896, 0.8825568866657386, 0.9022294768236081, 0.8173536924864473, 0.9067118382208289, 0.9140241431641025, 0.90403024774444, 0.9280813365266781, 0.9279248494711256, 0.945713676667223, 0.9373237620488447, 0.9559050419581843, 0.9495832707657584, 0.9541149834165741, 0.9541467271516495, 0.9136625131194809, 0.9512000196954031, 0.933352445017646, 0.9330047561398893, 0.8473168475045777, 0.9375768056232242, 0.946166966196365, 0.9389421099750038, 0.9379831428301958, 0.8893542345954235, 0.8089549730267627, 0.7635691668010501, 0.854253021105776, 0.9092439140864206, 0.878679396718158, 0.8939804197015347, 0.8932153621481378, 0.6930027650243096, -0.2938582789481688, 0.9531438102025798, 0.9556908991830467, 0.9461154574785503, 0.9476763602838193, 0.9142954780198425, 0.9545724960206563, 0.9544053982659215, 0.898856070159172, 0.9570597586585549, 0.9051197893630859, 0.685759443623246, 0.64100857164399, 0.8613971470266946, 0.16164851961057486, 0.8448884521619429, 0.8858228329842653, 0.8685153290221947, 0.9489437270025209, 0.9032066210770049, 0.4688550335975369, 0.3593263762803539, 0.8955482787201002, 0.8698413390471856, 0.9015733852610021, 0.9494923244624195, 0.949835931861016, 0.5353420395655539, 0.6970351358693844, 0.6066615541246982, 0.48100900053555296, 0.5691719532201893, 0.6263723505153579, 0.587043341696201, 0.5646346422957415, 0.7949062006340293, 0.6715720038787276, 0.6361283937938795, -0.2648447133711407, -0.30879266408400735, 0.7365950117838957, 0.9153329072634616, 0.9212471342237637, 0.9067395715257635, 0.9401084039172916, 0.6453211334865782, 0.8357794473580616, 0.9070876277861378, 0.9061869264974489, 0.6907942380079483], [0.9908947084195354, 0.9895944680385999, 0.996548690730263, 0.9926825136490092, 0.9973483035033384, 0.9771066080754426, 0.9993861233062195, 0.9995893675394366, 0.9995875598715886, 0.9473332903849293, 1.0, 0.9996248920361668, 0.9995985689301143, 0.9996072336229384, 0.9996160638375231, 0.9993270598542289, 0.9987780661264043, 0.9999483237459588, 0.9999487622803621, 0.9996059492211095, 0.9996169457214736, 0.989039812346427, 0.9534437455232091, 0.9897731306482838, 0.9910464270549715, 0.9852976720367509, 0.9665620076733231, 0.8878359933775944, 0.9880564777451426, 0.9919246360384497, 0.971468016806053, 0.8923539336995957, 0.9990851099681706, 0.9991572757603209, 0.9990754686341881, 0.9994224773434809, 0.9993499621794687, 0.9990906683454933, 0.9989386476137487, 0.9968314563517702, 0.9990509440282602, 0.9990475401278975, 0.9882035607628129, 0.9336707604390626, 0.6204868073237517, 0.9383596586202761, 0.93117654158971, 0.7957727746740172, 0.8732793895808786, 0.890565710752724, 0.8789021279063147, 0.8827243016140546, 0.8701727677163531, 0.9506196918437045, 0.9505264793521095, 0.9431859148391326, 0.945776919549654, 0.9325486793534684, 0.9354526050393563, 0.9379018191448487, 0.9376869769503408, 0.8793216462766427, 0.8913295493694827, 0.8435472002050651, 0.8433970082500565, 0.7053505006709734, 0.938917783880259, 0.9427468771993465, 0.9431584027568589, 0.9424918047585794, 0.8831767316155754, 0.5457445814398688, 0.47934738443427816, 0.6491209578493395, 0.760518120935842, 0.6768536696019744, 0.7227018040714602, 0.7217406686286407, 0.4647930373430915, -0.38783249161311983, 0.9058821263215254, 0.9183993506390051, 0.9054982597918002, 0.9450360975878236, 0.8743642881800803, 0.9130658452168814, 0.9115395450347215, 0.8284643316653122, 0.9184332191229255, 0.8378313580322219, 0.4235310978984437, 0.8921699281245421, 0.892678550991786, -0.21458440618150318, 0.6200925221616078, 0.7248573210941295, 0.6218685664730504, 0.9668945791588567, 0.6433494904873319, -0.11433692118018289, -0.0843173590904234, 0.6150091132079273, 0.6206218551412321, 0.6628856285523214, 0.9685364566167617, 0.96859170815115, -0.05529113333558765, 0.1607528337157433, 0.016455318875408766, -0.00525240499145489, 0.02052510302181495, 0.0393042525524718, 0.007403171360753886, -0.03642316365516768, 0.32521127433710006, 0.0720359929905074, 0.022984754475688686, -0.5271767580781782, -0.5536247151811974, 0.586583582188017, 0.7304316515729987, 0.7523717360929609, 0.8182782586148825, 0.8156775798454969, 0.4919831798718524, 0.712277937432017, 0.7515405570579637, 0.750174656227393, 0.4020529435775747], [0.9950022985233333, 0.9870708008820939, 0.9906663558576314, 0.9955560954277317, 0.9981838668806269, 0.9888713219329563, 0.9979943963331951, 0.9999968511520937, 0.9999810342630993, 0.9652137180921352, 0.9996248920361668, 1.0, 0.9996273261912412, 0.9999976057648368, 0.9999836117304547, 0.9968692890075005, 0.9992420571939367, 0.999889661260537, 0.9998896958414984, 0.9999608757715265, 0.99999469234505, 0.9904805358661666, 0.9736341629455371, 0.9918155276610375, 0.9923844828714091, 0.9799579428032996, 0.9717073871090012, 0.9370620983077499, 0.9898528341653187, 0.994579085375458, 0.9918512247200042, 0.96786343609884, 0.9994632531701887, 0.9995106546164898, 0.9996420214901821, 0.9996600145926826, 0.9987091294384532, 0.9994105478691575, 0.9991175569397936, 0.998310958329206, 0.9995356935197012, 0.9993928271573974, 0.9841276591907304, 0.9399916293381613, 0.7412337321512479, 0.943311738523139, 0.9317457821248012, 0.7914281872799818, 0.9613418374574492, 0.9354882284988029, 0.961878286195592, 0.9548658518264089, 0.9512091203338618, 0.9806408684858434, 0.9769769153861928, 0.9293927992482435, 0.9435692502685132, 0.9572302085344467, 0.9615196944428858, 0.9597930674267796, 0.9342733519422526, 0.8666818592154342, 0.9314742864210578, 0.9442407113123358, 0.9230755678564386, 0.8500995197025114, 0.9530292639484186, 0.9150255460598787, 0.9516216056413097, 0.9298800045523186, 0.6869646292556443, 0.8021140940045113, 0.7415777642306243, 0.8186747171540555, 0.8507318177444668, 0.8568759293446139, 0.8400127560453928, 0.8491950540063433, 0.20511158218729822, -0.5563698177638619, 0.9472864108569428, 0.9145423660731408, 0.9178351217845783, 0.936080755946496, 0.9246249689024393, 0.9567240844056812, 0.9568767663403236, 0.9071156451289426, 0.9496555840854694, 0.785580014945771, 0.5625351060299603, 0.8963629025440846, 0.9268247300397248, 0.22687829957678624, 0.9103590079945187, 0.9341856731998651, 0.7925539868841632, 0.966460359853996, 0.8352396915899347, 0.6503473991813924, 0.40834422905566303, 0.8442332713600661, 0.8313589874481657, 0.8317058196705142, 0.9747624671576754, 0.9750697760583453, 0.7111155746964619, 0.6600874152227746, 0.7876430199087903, 0.27684055662806945, 0.7603240246267653, 0.790520309566772, 0.7878133772475052, 0.7858834726403765, 0.6978187764206392, 0.713002880940533, 0.6896141374178899, -0.25311625704405505, -0.39573890389097055, 0.5868422363658728, 0.8825786334293728, 0.9298351090829289, 0.9390021864853094, 0.909893443921945, 0.8100158270494945, 0.9096302710211763, 0.932200353431298, 0.9317989315219283, 0.7534847932173554], [0.9941618678750099, 0.9868466240618622, 0.9926448931730781, 0.9949299483005207, 0.9979019563165454, 0.989878509010651, 0.9990406620556648, 0.999640166827617, 0.999821527491765, 0.9640743270332366, 0.9995985689301143, 0.9996273261912412, 1.0, 0.9996639815282554, 0.9996470807658181, 0.9990299728507708, 0.9987168745750038, 0.9994320476756384, 0.9994260184191815, 0.9996417531084004, 0.9996169996076268, 0.9924925692800951, 0.9753204284689438, 0.9953256423679889, 0.995212761551237, 0.9797481747594688, 0.974627344308601, 0.9397882144448262, 0.9890793531751586, 0.9926209831819055, 0.9909781429214433, 0.9655012924746684, 0.998740454621198, 0.9990415519579452, 0.9992361746964181, 0.9999242465352166, 0.9986474769600319, 0.9989866450690407, 0.9985440788544986, 0.9975635960915124, 0.998729664839596, 0.9986526735139907, 0.9880853257791962, 0.9399992882602864, 0.7376084726907209, 0.9435251952414085, 0.9317170596784972, 0.7906993264246218, 0.9578997911753894, 0.9283514418746213, 0.9586901726555725, 0.9515884193879661, 0.947414443432708, 0.9771251697270328, 0.9749348326165395, 0.9541083034284824, 0.9431481301211201, 0.9574263078518448, 0.9604178631339991, 0.9594969377018814, 0.9588357735397245, 0.8707825251805783, 0.9280053100241344, 0.9424484991361621, 0.9422669975448412, 0.8479157631840107, 0.9531091785448017, 0.9278330197570152, 0.9535061939429612, 0.9520413870497919, 0.6909172406385505, 0.7987098951415479, 0.7631290438538135, 0.8159367094150254, 0.8522192014165824, 0.8557324930590403, 0.8478269242737038, 0.8481572403915241, 0.18849715803475528, -0.5509554637528091, 0.9460353335061249, 0.9141376472933952, 0.9164765185016164, 0.9573447621181757, 0.9241027864716768, 0.9551793889796988, 0.9552914790572866, 0.9063379863682695, 0.9499303899945342, 0.7925612185479478, 0.5630457314041633, 0.8970108086143922, 0.9269731961096065, 0.22145389773005725, 0.9078459376136517, 0.9320820183909629, 0.7936781362630952, 0.9692747739040136, 0.8283887233527947, 0.6426223802353939, 0.40266852403499187, 0.8352699679114606, 0.8260018026625704, 0.823220372563861, 0.976800892100594, 0.9770596566034674, 0.7016615748132669, 0.6543009745783913, 0.7658809351023294, 0.27651557790990894, 0.7501340452881449, 0.7790074200064012, 0.7555798116569503, 0.7746621366720375, 0.6952330965615556, 0.702181279604143, 0.6790637354967819, -0.2601339843990445, -0.40110940369582787, 0.5863523001631112, 0.880362373274027, 0.9314677729054279, 0.9345578081121607, 0.9091052576087093, 0.8019677599896307, 0.9030200071319003, 0.925227758127111, 0.925432373536824, 0.7481102948083636], [0.9949053125863677, 0.9869040659670869, 0.990824598477508, 0.9954744958433973, 0.998161474891273, 0.9889564788564067, 0.9989435177007439, 0.9999976712046215, 0.9999894477255232, 0.964937071024668, 0.9996072336229384, 0.9999976057648368, 0.9996639815282554, 1.0, 0.9999878557664214, 0.9985228652436069, 0.9992030746338453, 0.9998813065698567, 0.99988089249822, 0.9999550958185746, 0.9999918517979408, 0.9906032036049923, 0.9738095785162159, 0.9937484502927113, 0.9936148344437618, 0.9798519000474424, 0.9719094464494263, 0.9372261923220548, 0.9923581697068502, 0.9949224927709055, 0.9917336022778698, 0.9676353662998177, 0.9994397299185399, 0.9994726449823557, 0.9996193903992999, 0.9996775225067634, 0.9986563474219399, 0.9993762542759532, 0.9991508657716142, 0.9982457708428099, 0.9995080911057158, 0.9993693853229086, 0.9842824853463071, 0.9398568543570682, 0.7406968850114083, 0.9434720052199371, 0.9317288892284599, 0.7908160023524697, 0.9611718615205278, 0.9352756145375746, 0.961742025466266, 0.954498901975386, 0.95080559130501, 0.9804739222524027, 0.9767761911907252, 0.9294087924139764, 0.9433989768804935, 0.9570637865134276, 0.9613553222678026, 0.9596189999360444, 0.9336371291786247, 0.8666134602734964, 0.9309212016902819, 0.9438565502295939, 0.9228877102645799, 0.8497098617079026, 0.9530150471361182, 0.9151703264184252, 0.9515761096298336, 0.9299317346674503, 0.6871137062971523, 0.8014663206756126, 0.7413102801222168, 0.8180769134200554, 0.8504937606077736, 0.856482193866025, 0.8397226597086862, 0.8488919789171286, 0.2050348901664758, -0.5562562358119608, 0.9470344233330305, 0.9141997884947084, 0.9175710291648207, 0.933525423574741, 0.9245220228376662, 0.9564954299967803, 0.9566458318107793, 0.9069411258521534, 0.9494644888797212, 0.7855007696791965, 0.5622605756475111, 0.8969466026120475, 0.9271926259241703, 0.22612491680511074, 0.9100968622263926, 0.9339675105548385, 0.7922467528050399, 0.9666398377990445, 0.8349008832418225, 0.6493058267743366, 0.40734061976407004, 0.8438498314077639, 0.8310161136310323, 0.8313714986706666, 0.9748900459823353, 0.9751935712597883, 0.7099860039328255, 0.6589971248811977, 0.7871181528865804, 0.2762167354134589, 0.7596524877530685, 0.7898151097285189, 0.7874837586879894, 0.7851221820526637, 0.6972371189193776, 0.7116589031762365, 0.6882741490294148, -0.2539832031289158, -0.3965048381059428, 0.5865364854400557, 0.8820033406359135, 0.9296257186881596, 0.9386119121792428, 0.9095199079125215, 0.8092896755481012, 0.9093756878059747, 0.9317781048602773, 0.9315108265726747, 0.75297495971891], [0.995062198437667, 0.9870146280405385, 0.9907286616397083, 0.9956060181609028, 0.9982290457593282, 0.989049710170016, 0.9986984505476678, 0.999980396216723, 0.9999964382083212, 0.964484518154382, 0.9996160638375231, 0.9999836117304547, 0.9996470807658181, 0.9999878557664214, 1.0, 0.9985206795822976, 0.9992362469090253, 0.999877842137933, 0.9998778525259956, 0.9999551544239914, 0.9999760466835482, 0.9905124371959927, 0.9738378844072559, 0.9921128066716061, 0.992171873147671, 0.9800254455858295, 0.9716335535102242, 0.9372465939907088, 0.992399568861576, 0.9945021048432678, 0.9915820739122, 0.967552306011484, 0.9994843644098211, 0.9994622398287892, 0.9996108750552236, 0.9996677174684424, 0.9986819337435193, 0.9993864601709715, 0.9991858379264008, 0.9983075117297514, 0.9995435848400833, 0.9994196871971242, 0.9840419862359907, 0.9396903410418739, 0.7415403121645628, 0.9432197015793041, 0.9316429005477187, 0.7911687567823514, 0.9617545978379807, 0.9364438982173019, 0.9623933805850221, 0.954727643099652, 0.9510113483411909, 0.9809902653135195, 0.9770028685553392, 0.9303507175583674, 0.9439559820493956, 0.9575495143098258, 0.96155427251096, 0.9601106825275496, 0.9350898228327911, 0.8669532224708203, 0.9305534061088203, 0.9442426014418531, 0.9236855986798699, 0.8497671069421978, 0.9534605592891447, 0.9159715592973894, 0.9522091716821607, 0.9309199449051256, 0.6872966709980819, 0.8010644125945342, 0.7425216975783352, 0.8177444548672661, 0.8506514674433832, 0.8561043632108873, 0.8404027810184136, 0.8493232860184083, 0.20491559064340228, -0.5558683607717588, 0.9471295796125141, 0.9144234614229981, 0.917793943110588, 0.9369587934592428, 0.9252216514217673, 0.9567032748308258, 0.9568489645441565, 0.9074141060241878, 0.9499141956057685, 0.7857125392064347, 0.5607988392599195, 0.89673328509013, 0.9268730956936683, 0.22541028240157426, 0.9095600198861157, 0.9335033211046658, 0.791305821334635, 0.9662442406940391, 0.8359301595981483, 0.6485854530827724, 0.40639006063389127, 0.8444149281920752, 0.8315110789967515, 0.8321618266825618, 0.9746478407164763, 0.974940471309957, 0.7086650757811453, 0.6569130294982073, 0.7882246959504385, 0.2745058858108584, 0.7599424336758764, 0.7902160821681337, 0.7887810414773191, 0.7853393724594635, 0.6957228630435721, 0.7094640786289814, 0.6860591423439686, -0.253404160622014, -0.3960482812499515, 0.5866525348609756, 0.8811714082018184, 0.9302238303228056, 0.9391376959562496, 0.9087891391625609, 0.8095261888988314, 0.9104265944455954, 0.9323724105559378, 0.9322637497995547, 0.7528874281691678], [0.9962975569540691, 0.9925653307446197, 0.9912866518709471, 0.996836453002817, 0.9984824094243548, 0.9919137566117396, 0.9980128837214954, 0.996194737238418, 0.9989164993559708, 0.9663670714417595, 0.9993270598542289, 0.9968692890075005, 0.9990299728507708, 0.9985228652436069, 0.9985206795822976, 1.0, 0.9988858442657733, 0.9989091279381141, 0.9989069199191528, 0.9987324002077212, 0.998407964068156, 0.9919433208270937, 0.9766396383642494, 0.9825000924579804, 0.9892215738522712, 0.9868480618277582, 0.9736555107231133, 0.9451669889133962, 0.9935286064057796, 0.993291352847358, 0.9907068986782164, 0.9680417734274412, 0.9987703962890819, 0.9987389292850366, 0.9989511431493914, 0.9985394231261567, 0.9993448982849773, 0.998869269727628, 0.9988988735272332, 0.9981904038126436, 0.9986407593218457, 0.998720880160618, 0.9827665667911334, 0.932508161532875, 0.7483176969077616, 0.9352251776837726, 0.9341929242278089, 0.8098505904622065, 0.9654053970808703, 0.940906767082807, 0.9666517610061236, 0.9552796010182869, 0.9502367885439436, 0.9817845675905007, 0.9767905467635677, 0.9436301123936517, 0.953900197519576, 0.9647716118503161, 0.9661238240663079, 0.9664253560126765, 0.9472444172073535, 0.8793373565343621, 0.9346307075916882, 0.9494858808838653, 0.9351722580833447, 0.8611771566236037, 0.9599266609167902, 0.9302140968749523, 0.9601097275286447, 0.9442102337789879, 0.7057176945409598, 0.80920031514056, 0.7609047697595267, 0.8271925426634271, 0.863738968132819, 0.8635519367089269, 0