var config = { responsive: true }

var correlationAdjClose = {"data": [{"type": "heatmap", "z": [[1.0, 0.9999928766980534, 0.9836333609273852, 0.9999204117433683, 0.9988005312796836, 0.9888325987509504, 0.9972993559715188, 0.9948601183239565, 0.9951342858940926, 0.9801693106826114, 0.9909132531196468, 0.9950161295519833, 0.9941774432440271, 0.9949193448078916, 0.9950709834252719, 0.9963041236917262, 0.9979804261727815, 0.9956989653444938, 0.9957154760715065, 0.9957208096075392, 0.9949628447935176, 0.9844676389222109, 0.9668597003560164, 0.9868195838774043, 0.9855835096905866, 0.9772080985385487, 0.9606260776403064, 0.9387317103024764, 0.9947652049608989, 0.994716088968226, 0.991821282956532, 0.9750398211193864, 0.9972087953816489, 0.9975352329938552, 0.9968486162541191, 0.9950863773555758, 0.9944689501927874, 0.9973607399239659, 0.9974338506612996, 0.998640185358813, 0.9971434822437923, 0.9971586842671719, 0.9754271197574866, 0.930046357605096, 0.7706185728780846, 0.9074784457734147, 0.9303102875008853, 0.8590996680062811, 0.9721187446917634, 0.9445606202577256, 0.9732030539069604, 0.9691687078635102, 0.9647788540399536, 0.9866376301258556, 0.9829517893215337, 0.9827871954451198, 0.9753667377988616, 0.984748463683273, 0.9820248705314105, 0.9854286531931804, 0.9851775591012849, 0.9624001608590215, 0.9635507611684934, 0.9702724810973318, 0.9699725345187877, 0.940612477110883, 0.974027516366176, 0.9723753735820662, 0.9807875556218844, 0.9798130707764096, 0.9330159365335337, 0.8490778783037304, 0.8175064597178148, 0.8679826912935563, 0.8973122098794177, 0.8909579545573493, 0.8961378680877734, 0.8948766701478396, 0.6001766957796671, -0.512738456829397, 0.9742168599858231, 0.9631299797773252, 0.9596531585762779, 0.9837562777591626, 0.9501853139369925, 0.979735729555861, 0.9796931938783827, 0.9404217231728724, 0.9801528699307384, 0.945527541273669, 0.5816203909813725, 0.8269082974862818, 0.9097680027918752, 0.3025935301236781, 0.9123369858432484, 0.9347414345927437, 0.8017793203984871, 0.9531503581558628, 0.8960277651942365, 0.6795071824463904, 0.4444689836726957, 0.8915728607361346, 0.8600365532407481, 0.887411428999712, 0.9648239641086371, 0.965131819557397, 0.7376101751614456, 0.6953929650553183, 0.8279937759351003, 0.323808467581921, 0.7947514321017934, 0.8335717033192082, 0.8199886611586474, 0.8183767704779782, 0.7266773755123137, 0.7347116582094741, 0.7139244795976729, -0.22037681077284774, -0.3529997063720619, 0.6051929840370763, 0.9010181644201761, 0.9477141735254887, 0.9508127710799856, 0.9192763376699413, 0.8272115966620643, 0.9187494622778832, 0.9412540795518576, 0.9410204075663712, 0.8768528226016079], [0.9999928766980534, 1.0, 0.9794750511651484, 0.999743837684491, 0.9970811906700446, 0.9895097775378143, 0.9921136348782214, 0.98678420040934, 0.9868390967106032, 0.965892600928555, 0.98961561883892, 0.9870972106107251, 0.9868737584692573, 0.9869310284231048, 0.9870414299905528, 0.992576773604131, 0.994568678027087, 0.9908063726617417, 0.9908080866283675, 0.9869263402257628, 0.9869981205883321, 0.9867368849907769, 0.9587482039149037, 0.9816646273492151, 0.9811525934781532, 0.9770661574134827, 0.9690908264608827, 0.9038237699353346, 0.9881455861057497, 0.982831712137779, 0.9767459193466849, 0.9116445090424525, 0.9940838243661874, 0.993859096182604, 0.9941916446444671, 0.9885130099696304, 0.9934710009324059, 0.9941565249756588, 0.9945292565076234, 0.9966011235733155, 0.9942045966830343, 0.9942160168686164, 0.9836342915709411, 0.9297780806841298, 0.6685882399211676, 0.9075890736520018, 0.9313292785354484, 0.8592260876348209, 0.8969048605519447, 0.9159635844445122, 0.9007666985536191, 0.9114335171204085, 0.8958632657494956, 0.9578586089743177, 0.9577284648001232, 0.9704916607973805, 0.9752293427588326, 0.9672735792925938, 0.9672009439258187, 0.9705492686213264, 0.9704558394270411, 0.9250659936441004, 0.933631101733084, 0.8938511281838952, 0.8937839081873348, 0.7730971967956022, 0.9648395627958612, 0.9675041083783976, 0.9678906918598602, 0.9673136826258117, 0.9215551340566902, 0.6039998293517942, 0.5420157942313181, 0.7078016954339114, 0.8106808353499976, 0.7283331573881054, 0.773016199023379, 0.771328451085124, 0.5304856346046043, -0.25553431892933437, 0.9481057155825959, 0.9571094403251021, 0.9477604417489842, 0.9716964028817329, 0.9241117834490572, 0.9537638670738491, 0.9525817257746244, 0.8826270286877093, 0.9575930910004067, 0.8901001445930624, 0.35627244468129865, 0.8261851497127417, 0.831316843857937, -0.2543072819940153, 0.564943832516857, 0.6823450512908863, 0.6066718363105651, 0.9480444495696835, 0.6298631787088358, -0.16538995429984574, -0.10363398539276863, 0.5965211862621893, 0.6057616170974786, 0.6522106211890988, 0.9500895140485941, 0.9498864371253538, -0.11908130225007599, 0.10483360594621557, -0.04953532656681171, -0.0694690374928049, -0.04241772816487201, -0.026561761210998378, -0.057088852925197824, -0.09374470249306363, 0.26088843138525397, 0.02486396008057228, -0.020059406847609894, -0.45521162607843774, -0.4817621868111779, 0.6055542223911476, 0.7412803859103961, 0.7619838442220187, 0.8252431028809522, 0.8183125959555029, 0.5165156119589848, 0.726481565331129, 0.7618129444879587, 0.7603557304976666, 0.41689017693199604], [0.9836333609273852, 0.9794750511651484, 1.0, 0.9851038861784438, 0.9921056434856002, 0.9889928979126258, 0.9905072640976792, 0.9907733120004019, 0.994127042276104, 0.9529080905712372, 0.9965539889151547, 0.9906836044320598, 0.9926590063158872, 0.9908418451567367, 0.9907402551451656, 0.9912958033220164, 0.9895333631071743, 0.9892524158189563, 0.9892170790802612, 0.9926200357595499, 0.9907023364454467, 0.9928645795632074, 0.9772982546623031, 0.9900694388031523, 0.9904316695952124, 0.9748507418761453, 0.9801432001419892, 0.9430077364922185, 0.9738665233560223, 0.9768383481808666, 0.9785563134326931, 0.9502050070060845, 0.9876950334218949, 0.99083228550564, 0.9890075658643305, 0.9928985402169708, 0.9941356007150367, 0.9918185048095733, 0.9870351720783893, 0.9867232073862595, 0.9879681250768378, 0.9873156833748153, 0.9896756392289028, 0.929239699108088, 0.713075854906644, 0.9334196800777198, 0.9128426298149467, 0.7584065026164194, 0.9330531436853488, 0.8992960110122807, 0.9341676534773534, 0.9290440882792561, 0.9224376277882801, 0.9538362157191136, 0.960546557545636, 0.9256290899906684, 0.9406019471388347, 0.9492225581417619, 0.9542164937651487, 0.9499858072150617, 0.9241126927140756, 0.8842191034334075, 0.9170262878289032, 0.9204274147809449, 0.9046660438637434, 0.8516748895164873, 0.9543687999826354, 0.9305312819913799, 0.9496601777967945, 0.9274506200677023, 0.7426368141606962, 0.7833794638978642, 0.724085805800331, 0.8039709228825249, 0.8533630593935801, 0.8493276798092432, 0.8241483645340872, 0.8375310170901825, 0.27317673340208737, -0.5190250205265455, 0.9386828207268826, 0.9040936752145154, 0.9109916720501253, 0.9262530083541348, 0.9122708424922643, 0.9451775604350993, 0.9448518090711496, 0.9000313990691072, 0.9423241987942174, 0.817977854816777, 0.549197992441123, 0.9176540682401353, 0.9281540096351718, 0.21937663708242056, 0.8893133255786793, 0.9149585702427507, 0.786586963395934, 0.9752860491693011, 0.7781964827966688, 0.5890396164332092, 0.3655742557278771, 0.7840381900523274, 0.7839388273429909, 0.7723139988139786, 0.9793912045821734, 0.9794765295775896, 0.653696883114279, 0.6255703015378996, 0.7152326790465915, 0.24848765095351463, 0.6876256934243988, 0.7123242418505166, 0.7285068984396038, 0.709040157819491, 0.6753344755360736, 0.6563935716292526, 0.6334789517717544, -0.29978923772879723, -0.4315341482891949, 0.5510142624637118, 0.8587092504825317, 0.8979510882279059, 0.8980241069641238, 0.8908933944622902, 0.754673464131659, 0.8719309801251066, 0.8863540990904124, 0.8955501201392658, 0.7404699502011522], [0.9999204117433683, 0.999743837684491, 0.9851038861784438, 1.0, 0.9991251871768108, 0.989687228063923, 0.9976922177340447, 0.9954299991887386, 0.995825444166958, 0.9800298766849777, 0.9926961217899656, 0.9955688332834178, 0.9949442002427736, 0.9954874528911825, 0.995614159350103, 0.9968423280543781, 0.9983560115752231, 0.9961954039551648, 0.9962092430442031, 0.9963192890380681, 0.9955179175934881, 0.9858013717157788, 0.9682462959241849, 0.9879943089499668, 0.9868676292050355, 0.9803218504459371, 0.9628379740352441, 0.9400333521372115, 0.9943667689859008, 0.9944728934690165, 0.9920634606058993, 0.974872698400575, 0.9974121812930827, 0.9979105396195878, 0.9972103892681329, 0.995710393537605, 0.9955485210943456, 0.9977768822170626, 0.9975809443351963, 0.9987996414160389, 0.9973364611044712, 0.9973483560339947, 0.9772714451688663, 0.9260682964640223, 0.7644568652555729, 0.9083759734607942, 0.9270500879618667, 0.8485433435476413, 0.9693605500758615, 0.9411402294876535, 0.9703268830341145, 0.9666349413816763, 0.9621095124259058, 0.984622709588468, 0.9814820219195513, 0.9807446814148519, 0.9729585232324953, 0.9829452089118035, 0.9808746327340541, 0.9835452565374526, 0.9832924663451855, 0.9466136485097407, 0.9616225859800089, 0.9684869363379933, 0.9681908598469172, 0.9333099164171703, 0.9729536775261135, 0.9680739847496872, 0.9786667866378916, 0.9776493186056799, 0.9003574381200334, 0.8467705692114073, 0.8123176023987766, 0.8653208161379841, 0.8933125950059764, 0.8899001126511865, 0.8927888986318825, 0.8916125635576283, 0.4925950950220353, -0.5130530463997904, 0.9726984476269723, 0.9600543329170614, 0.9568765682604549, 0.9817191464466855, 0.9485635390409868, 0.9784190181008625, 0.9783811989675619, 0.938819705023491, 0.9781211828047442, 0.9219921287981325, 0.5876676832964574, 0.8375555712122552, 0.9143897507709996, 0.3023376284053612, 0.9140831973802838, 0.9362415515498945, 0.8022349033355101, 0.954711570183376, 0.8899637759221092, 0.6768095394928665, 0.4422281427045718, 0.886617037974685, 0.8566298297055441, 0.8821102537464334, 0.9659811971239425, 0.9662967699483767, 0.7369378650421285, 0.695963425832569, 0.8201536969386884, 0.3262296187439629, 0.7893337461798796, 0.8254374852781021, 0.8119302461836126, 0.8132501586346486, 0.7299457261345486, 0.7350662793259114, 0.7143396484173563, -0.21571624574216194, -0.35216325486135125, 0.6029136266192179, 0.8993130629473417, 0.9461443466642, 0.9492662874623022, 0.918405205393489, 0.8245283363202286, 0.9169727021519554, 0.9392539635494608, 0.9391775723392823, 0.8691471102668036], [0.9988005312796836, 0.9970811906700446, 0.9921056434856002, 0.9991251871768108, 1.0, 0.9922116514147342, 0.9990636236907762, 0.9981283262515348, 0.9981800395049429, 0.9729081553032315, 0.9973495204394371, 0.9981878408455087, 0.9979079354766656, 0.9981657536952249, 0.9982317146252685, 0.998484724048625, 0.9990969733052162, 0.9986025098057861, 0.9986058242697093, 0.9982707282193012, 0.9981687848594536, 0.9930429409801075, 0.9762937868047591, 0.993070710162121, 0.9929565162262503, 0.9847226395633659, 0.9778861261687277, 0.9437770021711733, 0.991090272819205, 0.9929942621931722, 0.9903565701621982, 0.9658013844435525, 0.9989964849479501, 0.9990151483775811, 0.9989965580451565, 0.9983061149531899, 0.9986063099966902, 0.9990925364427101, 0.9991596188608038, 0.9990398759578584, 0.998978209117158, 0.998981787560425, 0.9880584034914084, 0.9362317731375546, 0.7410065206973616, 0.9257055593405594, 0.9290212226706621, 0.8268727858736763, 0.9548224802574945, 0.9262698506444584, 0.9582994110560071, 0.9580946959093858, 0.9536581932361144, 0.980614597547028, 0.9805518590546929, 0.9757775021221988, 0.9654624636317305, 0.9767057865150011, 0.975438129273548, 0.9770228648809184, 0.9767013434989156, 0.9477666225233413, 0.9495321693652273, 0.9464141383170067, 0.9460151769392201, 0.8943833615954598, 0.9689787285334349, 0.9656861400779961, 0.9729011538754194, 0.9718179692594746, 0.9257716199673729, 0.8187877581439026, 0.7688985652891384, 0.8448734646189703, 0.89352729161466, 0.8729219037851446, 0.882514057876187, 0.8813443913127266, 0.6487462843499485, -0.5847156452296015, 0.9639718580897692, 0.9448367642272187, 0.9435680380663849, 0.977102688238817, 0.9303250706246988, 0.9692501775946608, 0.9687122741423791, 0.9252336080171253, 0.9715840504442097, 0.9302209998124623, 0.5717622892952565, 0.8664779403959816, 0.9359500607809835, 0.19419751218294828, 0.8871160088271952, 0.9167086507610334, 0.7952672077294076, 0.9610622735415917, 0.8756583845244374, 0.5345198278042168, 0.3150246282377538, 0.8623967924990636, 0.8110044645015081, 0.8631031544463832, 0.9707577370656248, 0.9710054151131122, 0.6875768321581692, 0.6744449705889908, 0.7295501863748841, 0.2979394686122479, 0.663902405215828, 0.7384214443769241, 0.7136912451011017, 0.6945390098748712, 0.7114005784365182, 0.7159185595890549, 0.6941177357786407, -0.4477641528203397, -0.5206712885784875, 0.5880384459472402, 0.891327633842281, 0.9291655061140593, 0.9394208640774986, 0.9143096931109549, 0.7978530002550408, 0.8967007483696983, 0.9223389897625945, 0.9217818191367946, 0.8020568508778602], [0.9888325987509504, 0.9895097775378143, 0.9889928979126258, 0.989687228063923, 0.9922116514147342, 1.0, 0.9893573465995905, 0.9889200906605968, 0.9881999820642066, 0.9671786853441957, 0.9771507709539404, 0.9889019396321159, 0.9899078200044275, 0.9889871353511795, 0.9890698418711418, 0.9919282955058414, 0.990188507534131, 0.9898978231542352, 0.9898651485991832, 0.9876616704601373, 0.9889118333616703, 0.9962757330309577, 0.9910732849870677, 0.9882621601563005, 0.987867075900513, 0.9618269856343127, 0.9832260085717037, 0.9645331474761712, 0.9756864025783977, 0.9786455541728893, 0.9877057317923549, 0.9756268688855495, 0.9894000509792695, 0.9894734797819934, 0.9903303979753769, 0.9899831325415929, 0.9809430587747239, 0.9901169445414385, 0.9897135592167524, 0.9898487440955556, 0.9894972278567338, 0.9894663693747606, 0.9939430874611254, 0.8895596294932832, 0.752261964266905, 0.8802587812604041, 0.9286867143449108, 0.8591323712676676, 0.9444289028596737, 0.914685204286475, 0.9459196287450224, 0.9519724548770337, 0.94324178871544, 0.9657895507962655, 0.9702200510816253, 0.9648289277944131, 0.9759554350831595, 0.9663720935240424, 0.9780054714343349, 0.9663741686983355, 0.9657795792550475, 0.9630276297867504, 0.9553610135173183, 0.9426790109107018, 0.9422058285239946, 0.9263325974868809, 0.9745454321285243, 0.9665270186170759, 0.965592969889297, 0.9637709634122876, 0.9424238504231721, 0.846921578565672, 0.7988886935388517, 0.8672076532936188, 0.8878334734156108, 0.894798659565538, 0.8792286855585694, 0.8773726773732071, 0.6186970570398634, -0.4835461113093534, 0.9710809935255121, 0.9639544591281776, 0.9609570641325037, 0.9660879920333048, 0.9458659027808191, 0.9721388394114102, 0.9718278618560017, 0.9479373144398356, 0.9615929215426386, 0.9480303682379716, 0.5855663092696087, 0.7909417943329453, 0.929176038509519, 0.291273096716246, 0.9009654314602388, 0.9218869157542922, 0.7994539262893202, 0.9501980923186273, 0.849123561385124, 0.6335062860759266, 0.4268761253923287, 0.8462270587570706, 0.8193273303432701, 0.8426368943343228, 0.9527318091447262, 0.9528783151741366, 0.702879013242105, 0.6781359497496467, 0.7675100683274809, 0.3277058802793317, 0.7444813523068372, 0.7750189458420219, 0.7606761615077446, 0.7634611503794246, 0.717712630118443, 0.7083487825379338, 0.6897079380028553, -0.2466249538303762, -0.37070085892701105, 0.6401974573785605, 0.8910810012687091, 0.909160384303359, 0.9160188793077143, 0.9032932569209207, 0.8029928203076707, 0.8773627386985928, 0.9009542388052583, 0.9008458509860275, 0.8481731598904031], [0.9972993559715188, 0.9921136348782214, 0.9905072640976792, 0.9976922177340447, 0.9990636236907762, 0.9893573465995905, 1.0, 0.9969801101235626, 0.9995113046813002, 0.9710811103222965, 0.9993830693150894, 0.9979981739568511, 0.9990401018264012, 0.9989452203483897, 0.9987000664327783, 0.9980160850226454, 0.9998667842508325, 0.9991997674861288, 0.9992057304126769, 0.9996297495829896, 0.9991665924579002, 0.9903980758535839, 0.9728307628811371, 0.9832032813532811, 0.9919653934405196, 0.9835931148104797, 0.9697387052455534, 0.9384824207028917, 0.9926081160355779, 0.9916670095146286, 0.9929835977898103, 0.970913878575061, 0.9987379778920991, 0.9998011814120061, 0.9995917859800227, 0.9993571453522461, 0.9996047918678491, 0.9998338801372926, 0.9977454471025745, 0.9994923190447454, 0.999217809273437, 0.9987964312651149, 0.9830639263689456, 0.9377231049418016, 0.7526007268247814, 0.9331387596400313, 0.9303968244772162, 0.811973078456356, 0.9619992088410776, 0.9399830552746589, 0.9628787572490627, 0.9606965489502295, 0.9568180085670526, 0.9822225453673029, 0.9800050043244506, 0.9355466982525149, 0.9511702148441584, 0.9659323341941836, 0.9663647191815193, 0.9679231382097067, 0.9362161335575877, 0.8797082375521719, 0.9384601943224391, 0.9523757098117512, 0.9290361720484932, 0.8667193629485149, 0.9576380916524964, 0.923591316953861, 0.9590911404953717, 0.935638200621269, 0.7073444959946521, 0.8129167884113588, 0.7463247960773848, 0.8297644020421229, 0.8606827996170577, 0.863859288334675, 0.8454615686662027, 0.8578476583588065, 0.22774667866590806, -0.5495763169025073, 0.9537030669171404, 0.9269402376860884, 0.927893058415913, 0.9383460987490606, 0.9301030263519204, 0.9628252599931494, 0.9629147258229533, 0.9160155976383636, 0.9588706951236549, 0.8033872609353161, 0.5698213518465415, 0.8716639935729517, 0.9137194142188907, 0.28033969192371877, 0.9116860669197498, 0.9350720060096415, 0.7955543314742469, 0.9615225515628043, 0.8303352233310293, 0.6619514934332498, 0.42350648931187107, 0.8419005441197996, 0.8338414297352801, 0.8271835635308555, 0.971502349728813, 0.9718372559622709, 0.720882440064339, 0.6694986775344556, 0.7843496330813777, 0.29244025177652505, 0.7646626878823698, 0.7937756896824165, 0.7852427045960866, 0.790361898812051, 0.7066834201653299, 0.71978466745718, 0.6971546687315937, -0.23693793095878427, -0.3804951906763221, 0.6083437519620921, 0.8910762455977862, 0.9313962376509695, 0.9462698721805856, 0.9162350458916703, 0.8214685289592674, 0.9155618847084043, 0.9379037081036787, 0.9372477758627685, 0.7740368112792583], [0.9948601183239565, 0.98678420040934, 0.9907733120004019, 0.9954299991887386, 0.9981283262515348, 0.9889200906605968, 0.9969801101235626, 1.0, 0.999983189086248, 0.964763268889897, 0.999590215331756, 0.9999968453927603, 0.9996410290946883, 0.9999976747957552, 0.9999804303054811, 0.9962004626289228, 0.9991624166838179, 0.9998777234719461, 0.9998775433995372, 0.9999529675817632, 0.9999942021977586, 0.9905773507694535, 0.9737222132973454, 0.9911853810082791, 0.9924363795369566, 0.9797440620360127, 0.9719075160108727, 0.9368863712034909, 0.988974872421426, 0.9944689709801844, 0.991763049129025, 0.9675876870474622, 0.9994226111627887, 0.9994669206774274, 0.9996084330950217, 0.9996580581624053, 0.9986108439880104, 0.999363883724308, 0.9990808629744607, 0.9981224136141067, 0.999493407642331, 0.9993516384138167, 0.9843449444749532, 0.9394534309502928, 0.7397588989909518, 0.9424439781538638, 0.9294357798304128, 0.7895685704969527, 0.9609101357795207, 0.9350678853094844, 0.9614413985173406, 0.9543769230378403, 0.9505996066575091, 0.9804033504440937, 0.9767998997238172, 0.9292173057993327, 0.9433173982041249, 0.9569746422289908, 0.9613815927054912, 0.9595402573258741, 0.9340874307933873, 0.8667551127436208, 0.9313203128188109, 0.9438717205153855, 0.9226835285009218, 0.8498171289847497, 0.9529016026951039, 0.9149669790996934, 0.9514470012844893, 0.9296572467747029, 0.6876473868183735, 0.801671557252841, 0.7411400151236937, 0.8183513374177637, 0.8506160199501807, 0.8568394896703319, 0.8397919613808255, 0.8488557073013161, 0.2050449855594312, -0.5571927553300108, 0.9471360639126044, 0.9140660464787826, 0.917515719443833, 0.9359091808140881, 0.9214053512174588, 0.9565480927029939, 0.9566528776595776, 0.9070405562615086, 0.9493965389507625, 0.7857744058525915, 0.563327381652378, 0.8968784218704413, 0.9272399201052989, 0.2663491629636071, 0.910341416602837, 0.9341693511544065, 0.7925587677854928, 0.9665519951927647, 0.8349635059335152, 0.6483767348786483, 0.4099797056224155, 0.8439044147370874, 0.8310659013515784, 0.8314263923762484, 0.9747252129329678, 0.9750537671580548, 0.7105199365947787, 0.6598668422671062, 0.7871207810917245, 0.2761011306092356, 0.7597621717014251, 0.789925817555016, 0.7872917536980587, 0.7852323871921154, 0.6982854869126273, 0.7130381994290056, 0.6896423351578704, -0.25497567279931876, -0.39764164007996716, 0.5867168728890092, 0.8821696524013456, 0.9294735079930528, 0.9385648793787317, 0.9096117469856333, 0.8096072495108695, 0.9091337644599574, 0.9316988512740864, 0.9313130074432248, 0.752862021554128], [0.9951342858940926, 0.9868390967106032, 0.994127042276104, 0.995825444166958, 0.9981800395049429, 0.9881999820642066, 0.9995113046813002, 0.999983189086248, 1.0, 0.9640700999568885, 0.9995883218895889, 0.9999810689707439, 0.9998217087572784, 0.9999894570699527, 0.999996420822444, 0.9989185643915997, 0.9991070769840072, 0.9998064753474074, 0.9998057615952932, 0.9999654435251654, 0.9999818977533869, 0.9932826929741724, 0.9748527578694094, 0.9945153501530181, 0.9946851747775504, 0.9797901744415889, 0.9761186804967497, 0.9381634806546345, 0.9895004755602439, 0.9934876911285521, 0.9888272024695024, 0.9630311308888981, 0.9993314746413569, 0.9994112144224205, 0.9994060245692072, 0.9998233746564794, 0.9986296901438674, 0.9993616406287344, 0.9993002074225822, 0.9981030456002542, 0.9993236173405283, 0.9993184223724465, 0.9885801932221254, 0.9396849910212809, 0.7408271812707399, 0.9429883293237169, 0.9305012290521884, 0.789907994787438, 0.9498221836033166, 0.9210062354525101, 0.9528541054238628, 0.9519431264821709, 0.9481902387786134, 0.9775646202439043, 0.9769946053402495, 0.9633868874146467, 0.9438016746366067, 0.9642477432660804, 0.9614099954884522, 0.9646684666981717, 0.9642779568632718, 0.9330283364548462, 0.9305155863722298, 0.9342192318929442, 0.9338148041553589, 0.881003298934934, 0.953226349252136, 0.954668872935159, 0.9610731537054505, 0.9597008156164505, 0.9106806289506643, 0.8008972672263686, 0.7447947092163468, 0.8176088224852042, 0.8720140216502686, 0.8547043331109487, 0.8629242339543015, 0.8618981585903692, 0.5898644011229031, -0.6208545723641944, 0.9470173090513312, 0.9140954947704338, 0.9175770957877385, 0.9649542212893639, 0.9125448093598064, 0.9559455670626672, 0.9553506443579166, 0.9078037464918309, 0.9585601395577688, 0.9131147615304037, 0.5611592176547211, 0.8964931279497813, 0.9436364643406613, 0.20886703111261007, 0.894402068284801, 0.9230689548811974, 0.7915900805422867, 0.9650503145536453, 0.8821739179139622, 0.5589115025277118, 0.33535499755880427, 0.869513727385574, 0.8192900876848861, 0.8709528387530212, 0.9746265717192418, 0.9749224494908569, 0.7083938393727388, 0.6568164603923821, 0.7458844242413668, 0.27365250143561554, 0.682045810186452, 0.7540216844498343, 0.7313066272234879, 0.7127897939822672, 0.6953799960866816, 0.709600776617853, 0.6861605921491277, -0.49915181259751906, -0.5739869201235976, 0.5868333421376721, 0.8810514697537986, 0.9277829917538046, 0.939244824667807, 0.9085900636185645, 0.8041706461664281, 0.896513602931707, 0.9210464975610535, 0.9204692035421159, 0.8104479811761777], [0.9801693106826114, 0.965892600928555, 0.9529080905712372, 0.9800298766849777, 0.9729081553032315, 0.9671786853441957, 0.9710811103222965, 0.964763268889897, 0.9640700999568885, 1.0, 0.9472289859908928, 0.9651602499777022, 0.9640204433794946, 0.9648830820491678, 0.9644304935214957, 0.9663154991402668, 0.9752393939300097, 0.9698019694672544, 0.9698094424202048, 0.9649386036406902, 0.9650178787545647, 0.9646363046027147, 0.9498896708649991, 0.9720709046550973, 0.9699114648097241, 0.8771877778784737, 0.9680357209103413, 0.9481518789588128, 0.9742221836896867, 0.9680100543229864, 0.9678434185475288, 0.9316933313598074, 0.9735683030392296, 0.9731192439129402, 0.9736290664194079, 0.9651327635204849, 0.9556706442160887, 0.9726085652477653, 0.9734493958545678, 0.9778966735232644, 0.9737670648945889, 0.9737845572465809, 0.9553002461264765, 0.8388928248299772, 0.5623646864080736, 0.7751353419310258, 0.8970709385542184, 0.8823652236193624, 0.9021587364174368, 0.817490352344356, 0.906650916209623, 0.9140292394338373, 0.903948726821773, 0.9281538992439258, 0.92799758249859, 0.9454758386182124, 0.936994495117587, 0.9557254809191101, 0.9493657220317085, 0.9539267914799775, 0.9539545855201158, 0.9135590303536174, 0.9511364509930922, 0.9333957471403177, 0.9330513914244359, 0.8474658900080944, 0.9372997465159023, 0.9458692945291617, 0.9386613568132314, 0.9376890632306323, 0.8891432578106394, 0.8090717684629466, 0.7636742428067337, 0.8543690018748372, 0.9093339174635791, 0.8788042900409223, 0.8940891091496194, 0.8933246810090363, 0.6931240878406483, -0.29460493132306653, 0.9530500736194991, 0.9553634850342841, 0.945995648917682, 0.9474504166756775, 0.9115582729625514, 0.9544616612461754, 0.9542946056912729, 0.8988786169866757, 0.9569261257409825, 0.9051090746860141, 0.6859735012017947, 0.6399107324762269, 0.8607211411984389, 0.1833528265507809, 0.8444914147647353, 0.8853085974934485, 0.8686519002567769, 0.9484965186054161, 0.9033048895047171, 0.4677884650976689, 0.3823974300198877, 0.895653261537956, 0.8699742431939541, 0.901673562351549, 0.9490223383624824, 0.9493724152241076, 0.5354124931970472, 0.6972383234115599, 0.6067689039563465, 0.48110934500527053, 0.569314468774576, 0.6265129055849451, 0.5871686721853984, 0.5647044209078459, 0.7951149361291505, 0.6719104521243803, 0.6364784448691866, -0.2652637238655564, -0.3093116374509813, 0.736694484289937, 0.9154085254996205, 0.9213249669960644, 0.9068338988623122, 0.9401659695471445, 0.6455888818320447, 0.8359383787768127, 0.907176036221891, 0.906276115634783, 0.6907541485678642], [0.9909132531196468, 0.98961561883892, 0.9965539889151547, 0.9926961217899656, 0.9973495204394371, 0.9771507709539404, 0.9993830693150894, 0.999590215331756, 0.9995883218895889, 0.9472289859908928, 1.0, 0.9996256719797524, 0.9995994072116997, 0.9996080546856774, 0.9996168543097581, 0.9993278089961567, 0.9987037772283421, 0.9999484187887441, 0.9999488538906143, 0.9996067731239898, 0.9996177447102018, 0.9889572492737593, 0.9531187302874015, 0.989781007935216, 0.9910570963947949, 0.9853118389602171, 0.9664010632915827, 0.8871884419543478, 0.9880500193862107, 0.9918604452923758, 0.9713243466001609, 0.891832757196786, 0.9990836950143053, 0.9991563063813605, 0.9990740671603324, 0.9994227978220804, 0.999348924158964, 0.9990892787205844, 0.9989371022805312, 0.9966968531732175, 0.9990495777076103, 0.9990463580611241, 0.9881943554797371, 0.9334503606209517, 0.6187104535206955, 0.937615877883819, 0.9296692329447332, 0.7950602850460305, 0.8726218602055584, 0.8904001740225408, 0.8782699324773652, 0.8823228037382871, 0.8694901181650523, 0.9505522221632687, 0.9504582265605556, 0.9432231913436685, 0.9458189515841275, 0.932659766375521, 0.9355249734263665, 0.9379930435768066, 0.9377761066370323, 0.8795813078931647, 0.8915701733993618, 0.8438333706662576, 0.8436772908422441, 0.7056467182712667, 0.9389365836439909, 0.9427591123923418, 0.9431661498651678, 0.9424884582313292, 0.8833628956849809, 0.545953446792903, 0.4794967711946749, 0.6493411292081257, 0.7608882095767108, 0.6772824703155428, 0.7230470792170741, 0.7220863066572322, 0.4649264569651927, -0.38880517353204325, 0.9060866947157936, 0.9185597882599429, 0.905702017812266, 0.9450726425008439, 0.8767371470699553, 0.9132500077193105, 0.9117272226007934, 0.8288450552497455, 0.9185975141806056, 0.8381986272318437, 0.4251957550558834, 0.8916964360393901, 0.8922437511115315, -0.22192722962645395, 0.6210572142325295, 0.7252705880198536, 0.6223319813557872, 0.9666034964596973, 0.6437764077180945, -0.11585412745324747, -0.08075346635177637, 0.61543324803712, 0.621024475323117, 0.6633044738044692, 0.9682137631651209, 0.9682738384263937, -0.05518555373971471, 0.1612605623644972, 0.01663030678877706, -0.0050517707957362865, 0.020769834852903776, 0.039574340171997485, 0.007624184086350364, -0.03632026810105655, 0.32676755532386237, 0.07325324869841618, 0.02410823430794178, -0.5273257563136553, -0.5539140476132256, 0.5869321655072384, 0.7305312428982227, 0.7525431535460038, 0.8184594437492196, 0.8158844753767635, 0.49227109700717553, 0.7124590009831361, 0.7516563505163568, 0.7502913814653518, 0.40170014844573587], [0.9950161295519833, 0.9870972106107251, 0.9906836044320598, 0.9955688332834178, 0.9981878408455087, 0.9889019396321159, 0.9979981739568511, 0.9999968453927603, 0.9999810689707439, 0.9651602499777022, 0.9996256719797524, 1.0, 0.9996280903561097, 0.9999976080881889, 0.9999836398592403, 0.9968743277789303, 0.9992215524094702, 0.999889968325442, 0.9998898896515133, 0.9999609896839096, 0.9999946991992142, 0.9904956176507903, 0.9736064038253124, 0.9918383279384576, 0.9924064612464583, 0.9800034119084149, 0.9717537462809529, 0.9369219215562833, 0.9898483287252028, 0.9945076495565132, 0.9918186783868594, 0.9677084605310518, 0.9994629846394645, 0.9995106505505355, 0.9996420081944335, 0.9996609886178626, 0.9987096365332467, 0.9994105630929498, 0.9991177147100403, 0.9982147022501451, 0.9995353596002228, 0.9993926990056804, 0.9841727376128224, 0.9396355414949383, 0.7403955075022552, 0.9422200599102807, 0.9295749821101343, 0.7907249144020629, 0.9611917336609515, 0.9354671022138658, 0.9617324161703341, 0.9547144374944684, 0.9509485551890652, 0.9806219980636175, 0.9769637798495951, 0.9295866524415869, 0.9436700371469398, 0.9573570638741032, 0.9616165402109557, 0.9599120156954576, 0.9343829536327248, 0.8670887548354194, 0.9316977811840075, 0.9443374499175986, 0.9231429149580589, 0.8503540552050646, 0.9531001826916685, 0.9152807896935243, 0.9517592470525404, 0.9300116240940761, 0.6879369077730373, 0.8022565704331397, 0.7417317368194682, 0.8189346506214558, 0.8510606599859052, 0.8571976541820421, 0.840270969422579, 0.8493665445262215, 0.2055094532516786, -0.5569580872689237, 0.9474571309143414, 0.914713574066629, 0.9180146421273143, 0.936190440799737, 0.9217875531147529, 0.9568580508546313, 0.9569622541024086, 0.9074071920134011, 0.9498033293945058, 0.786182735326507, 0.563708325818793, 0.8957782213770232, 0.9267004122794875, 0.2671311822880633, 0.9104549206212716, 0.9342696868683843, 0.7928739184066945, 0.9663891299736171, 0.8353707489037066, 0.6492990315533997, 0.4108593145442512, 0.8443392714485973, 0.8315882752370449, 0.8318216356629815, 0.9746530852354337, 0.9749828542261547, 0.7111732925958779, 0.6605201162792649, 0.7876525057974135, 0.2770665137856406, 0.7604303043604884, 0.7905676493186807, 0.7878248476147691, 0.7859045764479948, 0.6987587375641389, 0.7134977248035869, 0.6901362202206933, -0.2538875604560989, -0.39664916920518695, 0.5874289908312936, 0.8826667689445754, 0.9298506014737851, 0.9390413377590612, 0.9100448324852672, 0.8101427081128448, 0.9096505127011915, 0.9322021418019752, 0.9318016429108256, 0.7535149094491171], [0.9941774432440271, 0.9868737584692573, 0.9926590063158872, 0.9949442002427736, 0.9979079354766656, 0.9899078200044275, 0.9990401018264012, 0.9996410290946883, 0.9998217087572784, 0.9640204433794946, 0.9995994072116997, 0.9996280903561097, 1.0, 0.9996647208439973, 0.9996476002172802, 0.9990316778739597, 0.9986856957748346, 0.9994332812274997, 0.9994268098059338, 0.9996425421670803, 0.9996175630217572, 0.992498757267953, 0.9752804921975535, 0.9953378773532724, 0.9952265236765154, 0.9797935823681615, 0.9746614228647753, 0.9396284677365426, 0.9890730193738912, 0.9925237590451031, 0.9909397018935869, 0.9653374300977844, 0.9987404764943145, 0.9990415266905919, 0.9992356884785574, 0.9999240671207152, 0.9986479415044921, 0.9989865912455865, 0.9985442588687788, 0.9974281875363391, 0.9987297600410382, 0.9986528081141326, 0.9881203492555468, 0.93963954234796, 0.7367556186025654, 0.9424241744490064, 0.9295354235301058, 0.7899931124893262, 0.9577052945202921, 0.9283286906689402, 0.9585014960395712, 0.9514298749752065, 0.947144270641303, 0.9771044871604638, 0.974920248089258, 0.9542485058656517, 0.9432527838852286, 0.9575556618764567, 0.9605258584101859, 0.959619725662238, 0.9589168567455223, 0.8711843539470375, 0.9282419109824871, 0.9425483839378227, 0.9423310964937698, 0.848168446213102, 0.9531879971226297, 0.9280438497535978, 0.9536425139387465, 0.9521318180505607, 0.6918941896975398, 0.7988532305676267, 0.7633404512606053, 0.8161982672452102, 0.8525434314993285, 0.8560561476437291, 0.8480908484646679, 0.8483278170676615, 0.18888833809107886, -0.5515548068208994, 0.9462141216955824, 0.9143110225736568, 0.9166606111557237, 0.9574275396121545, 0.9210756844985486, 0.9553215045135732, 0.955382343654445, 0.9066371983216396, 0.9500795852493741, 0.7931513117178159, 0.5642197360939251, 0.8964304525179009, 0.9268751440753327, 0.2613725800015656, 0.9079609839196676, 0.9321911018795478, 0.7939968628896097, 0.969206573709607, 0.8285552678442145, 0.6415593879829731, 0.40562167087155687, 0.8353833205058673, 0.8262371126619589, 0.8233482710999513, 0.9766956135974438, 0.9769757315471463, 0.7017247699613196, 0.6547439915874409, 0.7659157496918321, 0.27674180644085855, 0.7502495113060119, 0.7790649998926501, 0.7556201936153761, 0.7746919763371375, 0.6961846367189232, 0.7027002296522438, 0.6796091785963742, -0.26089942394601684, -0.40201619534239014, 0.5869396925227591, 0.8804511489546075, 0.9314831167487051, 0.9345987355591738, 0.9092567023395611, 0.8021026014161942, 0.9030547030151893, 0.9252323751135688, 0.9254394882778736, 0.7481149089076783], [0.9949193448078916, 0.9869310284231048, 0.9908418451567367, 0.9954874528911825, 0.9981657536952249, 0.9889871353511795, 0.9989452203483897, 0.9999976747957552, 0.9999894570699527, 0.9648830820491678, 0.9996080546856774, 0.9999976080881889, 0.9996647208439973, 1.0, 0.9999878781890061, 0.998525553904887, 0.9991804439079809, 0.9998816178760633, 0.9998810878278326, 0.9999552126156241, 0.9999918669754285, 0.9906175119465109, 0.9737800697229752, 0.9937662785644626, 0.9936332726830084, 0.9798972301559815, 0.9719546742730252, 0.9370834022885606, 0.9923516216905548, 0.9948481297589137, 0.9917002687189599, 0.9674785942985333, 0.9994393545851709, 0.9994725497278005, 0.9996192906391624, 0.9996784472628935, 0.9986567922987809, 0.9993761915336559, 0.9991508608314471, 0.9981468540886119, 0.9995076637287482, 0.9993691853260841, 0.9843273067392752, 0.9394980775307373, 0.7398558310139218, 0.9423741119685798, 0.9295510433431162, 0.7901103337511506, 0.961020329077593, 0.9352534478753316, 0.9615946742703187, 0.9543459262487867, 0.9505429854286862, 0.9804543765797511, 0.9767625151607048, 0.9296027779107766, 0.9435023811721193, 0.9571916183319016, 0.9614542031507664, 0.9597389331152959, 0.933747957330312, 0.867021718404462, 0.9311469512593171, 0.9439535966325466, 0.9229548617763053, 0.8499647212655889, 0.9530882065361184, 0.9154260713303177, 0.9517148265121956, 0.9300635336500537, 0.6880876823749732, 0.8016089800726767, 0.7414635906691834, 0.8183372783995991, 0.850823086451597, 0.8568047695801382, 0.8399809343525215, 0.8490635994539134, 0.20543308526249845, -0.5568448381861761, 0.9472067783646481, 0.914373031984901, 0.9177518431024937, 0.9336417694894599, 0.9216892717787454, 0.9566306938179561, 0.9567321741085765, 0.9072341098153456, 0.9496131474412024, 0.7861047556042915, 0.5634373566083445, 0.8963641818326975, 0.9270702922344349, 0.26631397107950816, 0.9101955298203591, 0.934055135622978, 0.7925673663517019, 0.966570508011878, 0.8350314850339495, 0.6482547703253249, 0.40989092361649543, 0.8439557120074055, 0.8312453518255343, 0.8314871460490046, 0.9747828582854811, 0.9751081598812734, 0.7100440395382238, 0.6594316091692466, 0.7871269790476384, 0.2764433168484046, 0.759758603082565, 0.7898621607696114, 0.7874946894837692, 0.7851429876718177, 0.6981803383051425, 0.7121566163196491, 0.688799096613898, -0.25475398011593897, -0.39741469793574274, 0.587123520185903, 0.8820914054282855, 0.9296405018155804, 0.9386507700262265, 0.9096714784825156, 0.8094165621943634, 0.9093951937451349, 0.9317794113566378, 0.9315131447699444, 0.7530043736075097], [0.9950709834252719, 0.9870414299905528, 0.9907402551451656, 0.995614159350103, 0.9982317146252685, 0.9890698418711418, 0.9987000664327783, 0.9999804303054811, 0.999996420822444, 0.9644304935214957, 0.9996168543097581, 0.9999836398592403, 0.9996476002172802, 0.9999878781890061, 1.0, 0.99852332165283, 0.999210340669351, 0.999878042085472, 0.9998780528686411, 0.9999552170999315, 0.9999760901996171, 0.9905196771013232, 0.9738072943243545, 0.9921274394753011, 0.9921865826454369, 0.9800499115820047, 0.9716587617826958, 0.9371323671861935, 0.9923954504524811, 0.9944280322048656, 0.991557456257855, 0.967436125765971, 0.9994839990485852, 0.9994620416651218, 0.999610790500958, 0.999668331789694, 0.9986823154522846, 0.9993862702216393, 0.999185774181126, 0.9982127052051539, 0.9995432018003619, 0.9994194167883022, 0.9840716935211216, 0.9394650432527732, 0.7406960901428238, 0.9424753260681332, 0.9301627178882735, 0.7904639920109559, 0.9616550636149946, 0.9364254222089435, 0.962296604744219, 0.9546246496614602, 0.9508357493174272, 0.9809766560938515, 0.9769882406146461, 0.9304755003830899, 0.9440118699297583, 0.9576312437722937, 0.9616158355769134, 0.9601872813481872, 0.9351980524735122, 0.8672159105648538, 0.9306996636297712, 0.9443065125551234, 0.9237517143247249, 0.8499301311592857, 0.9535014838032423, 0.9161353554090411, 0.9522968424543583, 0.9310498991089402, 0.6879244091364644, 0.8012072528849441, 0.7426140684579629, 0.8179030187117199, 0.8508611464599521, 0.8563088817369038, 0.8405663298773397, 0.8494943077011932, 0.20514771251896696, -0.55626864849693, 0.9472401426080692, 0.9145965243241322, 0.9179749801055187, 0.937067032699385, 0.9223928920686176, 0.9567900451414155, 0.9569352407867503, 0.907601207969846, 0.950009637528745, 0.7860994368321568, 0.5619808658990497, 0.8962263256335588, 0.9267718258893589, 0.26499012665516036, 0.9096611590836486, 0.93354643704627, 0.7916280893144877, 0.9661856556589682, 0.8360181648451044, 0.6478769106460135, 0.40900700155540926, 0.8445199636889361, 0.8316610189926583, 0.8322763779195959, 0.9745618568907795, 0.9748575052557653, 0.7087239667671459, 0.6571961473905577, 0.7882344946733424, 0.27473411691506544, 0.7600151482029825, 0.7902513575843937, 0.7887906182206395, 0.7853568433236903, 0.6963417242260561, 0.7098025225401128, 0.6864155811695195, -0.2538704661967313, -0.39661801931940577, 0.58699892181403, 0.8812289458325251, 0.9302357915498567, 0.9391641806209315, 0.9088898518927497, 0.8096093751737905, 0.9104400700228172, 0.9323754048177905, 0.9322651599366631, 0.7529025965586467], [0.9963041236917262, 0.992576773604131, 0.9912958033220164, 0.9968423280543781, 0.998484724048625, 0.9919282955058414, 0.9980160850226454, 0.9962004626289228, 0.9989185643915997, 0.9663154991402668, 0.9993278089961567, 0.9968743277789303, 0.9990316778739597, 0.998525553904887, 0.99852332165283, 1.0, 0.9988339618725105, 0.9989111471388522, 0.9989089443077606, 0.9987347925297988, 0.9984108577897524, 0.9919481040366773, 0.9766057859526651, 0.9825293000975951, 0.9892415424122976, 0.9868662986405595, 0.9736773919404897, 0.94504063611136, 0.9935252223940318, 0.9932132827937191, 0.9906835793224734, 0.9679229427239391, 0.99877173529638, 0.9987398478913708, 0.9989523487730437, 0.998542087675551, 0.9993455898770596, 0.9988699013907574, 0.9988997996473268, 0.9980944893405526, 0.9986423904574984, 0.9987222907974063, 0.9827982764382202, 0.9323220082466707, 0.7474631829686774, 0.9345647214819558, 0.9327748992543238, 0.809173180153702, 0.965305918238941, 0.9408828094941877, 0.9665542333047455, 0.9551734198926342, 0.9500591465011208, 0.9817703675188506, 0.9767753615453216, 0.9437306249742184, 0.953917594671592, 0.9648391780212164, 0.9661752504952348, 0.9664895340925634, 0.9473317013362839, 0.8795751596017701, 0.9347682984259099, 0.9495415021657678, 0.9352232825561633, 0.8613235292357557, 0.9599485706272286, 0.9303468930952773, 0.9601805832164658, 0.9443142627070447, 0.7063081297351436, 0.8093311617631088, 0.7609767575889737, 0.8273366634261988, 0.86392