var config = { responsive: true }

var correlationAdjClose = {"data": [{"type": "heatmap", "z": [[1.0, 0.9999905925588038, 0.9844196017413742, 0.999921201269826, 0.9988711237926128, 0.9886305278213736, 0.9974705893439456, 0.9951993671677121, 0.9954915998455933, 0.9795224727180313, 0.991857430126332, 0.9953461767448605, 0.9945505086328026, 0.995254736667537, 0.9953922285414203, 0.9965169349099278, 0.9981848963467956, 0.9959822871950633, 0.9959956174803708, 0.9960295965974062, 0.9952931154055277, 0.9854207238049104, 0.9688939158233273, 0.9876785092097365, 0.9865041263797161, 0.9802756847562875, 0.9631243905639523, 0.9423247113468993, 0.9942886025171175, 0.9946595311609905, 0.9917379503369506, 0.9746098212073662, 0.9973814012102694, 0.9976832397027321, 0.9970528352687077, 0.995411932553313, 0.9948735672954625, 0.9975328557973885, 0.9975942840511531, 0.9987223345240889, 0.9973210942131153, 0.9973321848198937, 0.9764900682929627, 0.920800349019969, 0.7528965263634093, 0.8980973544702833, 0.9042415475926988, 0.8416100084710193, 0.9680493216045885, 0.9444914976408382, 0.9693004027636807, 0.9659303825824808, 0.9598841942415723, 0.9859616200232116, 0.9823726755066657, 0.9838363353137793, 0.976716106925168, 0.9857409369852989, 0.9830105803837504, 0.9863837794752194, 0.9861440830034217, 0.9638673157710526, 0.9666391025856107, 0.9711974134831338, 0.9708569639852382, 0.9436273209370831, 0.9749242248837375, 0.9734336894307242, 0.9817507546277668, 0.9808602709822151, 0.9350916191232386, 0.8566596888692596, 0.8246164121359435, 0.8757046801678667, 0.9033879549048828, 0.8980038899012028, 0.9016141809551232, 0.9002133013125508, 0.6190171873509887, -0.5702469387156871, 0.9762376829291971, 0.9668245713014947, 0.9634679117216718, 0.9847216402105714, 0.9413729418043937, 0.981208299998723, 0.9811578423701, 0.9443599244146998, 0.981481489817031, 0.9486822294943148, 0.623490333342484, 0.8548015788912443, 0.9130607688487029, 0.22697379894771785, 0.9185794505160215, 0.9393139187155344, 0.811227191904002, 0.9563682282213383, 0.8960311293085675, 0.655582682327755, 0.49029930401097266, 0.8917033045933281, 0.8621361927739748, 0.8881285348209611, 0.9674371321504706, 0.9676630475846415, 0.7378657447099404, 0.7019301803084335, 0.8270074027676644, 0.3334748047145511, 0.7946254489235047, 0.8312778218219246, 0.8177510287504953, 0.8158660210213169, 0.7434360986571972, 0.7403356943091312, 0.7201858788334233, -0.23624306539642548, -0.3712170874635477, 0.6291193396160586, 0.9000227125100776, 0.945664394684436, 0.9497887264114641, 0.9195904655740916, 0.8284714948227146, 0.9172229400653696, 0.9390373997200783, 0.9388690412003795, 0.8735588414929292], [0.9999905925588038, 1.0, 0.9818943522036028, 0.999758507139411, 0.997424130619164, 0.9903671708230589, 0.9927511319475464, 0.9881992743579997, 0.9882392439820412, 0.9666128981583377, 0.9907379266875368, 0.9884610301580115, 0.9882703244052444, 0.988321622729127, 0.9884198305580378, 0.9933315605201666, 0.9950966632806689, 0.991783798591713, 0.9917768156974139, 0.9883184469121395, 0.9883724787287632, 0.9873095566793875, 0.9598162887916664, 0.9835231143178279, 0.9831734361055333, 0.9801035410421786, 0.9709911677638141, 0.9047235302698942, 0.987769801271705, 0.983642406614065, 0.9753961053619872, 0.9098654804269872, 0.9944778359737987, 0.9942935467116744, 0.9945855456906967, 0.9895641933561548, 0.9939784979973698, 0.9945731283362299, 0.9948918026790047, 0.996643307172671, 0.9945837400873755, 0.9945831157796213, 0.9854407610219312, 0.9205587496581288, 0.6180003643404026, 0.8977074142323636, 0.9043554432145896, 0.8417787830182074, 0.8773715503102335, 0.9118172545374438, 0.8813059668164314, 0.8981308522698429, 0.8761665199452272, 0.9548054809813413, 0.9546869396191467, 0.9727612619140285, 0.9770357588320853, 0.9705988323063783, 0.970125911339414, 0.973446899416173, 0.973353744009348, 0.9328253843410445, 0.9417878497890559, 0.9052565987350918, 0.9051203111525686, 0.7949597842949563, 0.967536152997277, 0.9700086896720432, 0.97028021339216, 0.9696530015547248, 0.9278961997702597, 0.6335078677283034, 0.5727134532080547, 0.7318573477841696, 0.831233154823664, 0.7557179550358414, 0.7955559232020414, 0.7937170952703785, 0.5649169920563559, -0.2759601415125374, 0.9543137318273205, 0.9617725131397014, 0.9539802779644857, 0.9737443310459829, 0.9132421182572217, 0.959242315336466, 0.9582398052067004, 0.8973256448970185, 0.9624492602379833, 0.9036348558497743, 0.4332013553758699, 0.8537322145970312, 0.8524930172195752, -0.24832091387735158, 0.6269715383327428, 0.7266768291035925, 0.6271631444660236, 0.9535433957076379, 0.6441953239887092, -0.2157658659053543, -0.127557640420679, 0.6102962451130832, 0.6189909190028993, 0.6651187681153691, 0.9552528398787176, 0.9550769862418136, -0.09751159839140906, 0.13566444248287476, -0.01691938182842359, -0.0494508790558361, -0.021326487760357657, -0.00489717861111528, -0.036785574012090476, -0.077707200324855, 0.3296028900198827, 0.07525503430314609, 0.02716250025700969, -0.4552675239884532, -0.4872091341560549, 0.629287649907335, 0.7436994326017473, 0.7669178002342067, 0.8298722513886342, 0.8237842260512622, 0.5316915512869539, 0.7320081430530553, 0.7641742470035251, 0.7627796071276174, 0.4115775117932716], [0.9844196017413742, 0.9818943522036028, 1.0, 0.9858726005136916, 0.9926899846598799, 0.9897771299806041, 0.9906894540916611, 0.9910801982065768, 0.9943600089370178, 0.9541094109377348, 0.9968986581813147, 0.990980900022812, 0.9929230878585145, 0.9911420569633997, 0.9910508939281005, 0.9916376612207944, 0.9898660149353583, 0.9896350990786014, 0.9895928748144585, 0.9928829751119082, 0.9910015578945995, 0.9933203749389985, 0.9786439388055798, 0.9906205172027227, 0.9910195156376996, 0.978646164698337, 0.9816262733502507, 0.9459565120280004, 0.9733768615321756, 0.9768568356370955, 0.9782440102902196, 0.9498014930009224, 0.9879506432962517, 0.9910712296655373, 0.9893764587598705, 0.9930694424876627, 0.994634027251771, 0.9920865311285519, 0.9873390877573069, 0.9872555853168817, 0.9882256620926181, 0.9875809933279671, 0.9904003952518311, 0.9211062551577562, 0.6943021744749387, 0.9255450618576974, 0.8965030199899573, 0.749281256479404, 0.9291368416089167, 0.8996387424864127, 0.9312522338133041, 0.9258091430234843, 0.9171865748325746, 0.9532452589070556, 0.9601744149321044, 0.9299062204685354, 0.9461640173043536, 0.9529716186638145, 0.958426293094587, 0.9536198113977197, 0.9279014052654451, 0.8940827340906504, 0.9242454486173894, 0.9232186643745232, 0.9067114282066261, 0.8596377317578969, 0.9580765468649491, 0.9358916439624503, 0.9536838108966825, 0.9320450973825413, 0.7648552992437128, 0.7948778267367261, 0.7303308668974609, 0.8160898909229758, 0.8622568388456767, 0.8593881744070253, 0.8319017378624733, 0.8454990101507734, 0.292675722499414, -0.5713555781468643, 0.9443098712731627, 0.9151758697694986, 0.9202028152491144, 0.9303848392564599, 0.9030591407806606, 0.9497598283621004, 0.9493731924720314, 0.9090348247906912, 0.9464148709665782, 0.8327888217205663, 0.5938614804264993, 0.928759233155294, 0.9336163017170256, 0.14632792319416454, 0.8986911649051679, 0.9220998786090259, 0.796590616956406, 0.9772331722926147, 0.7788336496782318, 0.5641428859467021, 0.40821364961827483, 0.7856122003374064, 0.787216042203465, 0.7741752250033904, 0.9810257144210521, 0.981070923673468, 0.6563317345020676, 0.6356560952601306, 0.7151844110559249, 0.262530021896896, 0.6894965625152987, 0.712188396914396, 0.7265630375114521, 0.7084924217059418, 0.695950891673121, 0.6657867950140868, 0.6436485096223236, -0.3117001953563286, -0.44613374443419457, 0.5816693543562864, 0.8596422155345572, 0.8961251892179264, 0.8976225899061019, 0.8926339009702434, 0.7580884272381817, 0.8704146084313575, 0.884660402092235, 0.8935388927688909, 0.7397919658169555], [0.999921201269826, 0.999758507139411, 0.9858726005136916, 1.0, 0.9991866705052559, 0.9895572546835905, 0.9978241811008219, 0.9957403569215987, 0.9961315767789877, 0.979209982856435, 0.9933877059067021, 0.9958691136054308, 0.9952853789151015, 0.9957939270749889, 0.9959094706586084, 0.9970433728776924, 0.9985134716300968, 0.9964537586903831, 0.996463912751141, 0.9965780433146672, 0.9958188448142227, 0.9867053919849467, 0.9702264213664707, 0.9888066750814032, 0.9877443323309951, 0.9828354694816458, 0.9652647659481358, 0.9435235929332849, 0.9937963657377294, 0.9943535113867885, 0.9918788378368351, 0.9742914472866424, 0.997553979782492, 0.9980076030179101, 0.9973814499847067, 0.9960007976872971, 0.9957432017694187, 0.9978972695208854, 0.9977171393612445, 0.9988447248907093, 0.9974842901501184, 0.9974917203696675, 0.9783272040198507, 0.916398218210776, 0.7464963603166512, 0.8987802232861384, 0.9013981596253338, 0.8308899171459613, 0.9651589215836942, 0.9410379370682432, 0.9662975472051257, 0.9632639022258701, 0.9570368091574244, 0.9838932612941065, 0.9808393468401893, 0.9820004587703318, 0.9748390926336205, 0.9841006323108556, 0.9820786809779208, 0.9846635085459372, 0.9844194677719791, 0.9496345756608864, 0.9648848020074734, 0.9694306342415681, 0.9690909598500806, 0.9367120991108001, 0.9741585949338193, 0.9696317463105443, 0.9798838455339328, 0.9789496571231316, 0.9061174974322698, 0.8544434992261626, 0.8196423169691249, 0.8731848456011639, 0.8996540412276204, 0.8970410389694234, 0.8984510413936591, 0.8971204617979414, 0.513061850125694, -0.5703560571204731, 0.9749280010426266, 0.9644077268106284, 0.9611213100432064, 0.9828897070300087, 0.9396357864506204, 0.9800483627081813, 0.9799966894560329, 0.9430845632596625, 0.9796147133926041, 0.9272713036701014, 0.6293032425721342, 0.8639908693302073, 0.9176862221304614, 0.22685015864084504, 0.9203508321508179, 0.9408302758120464, 0.8116033017106995, 0.9579205390949833, 0.8899121452406108, 0.6524486490253408, 0.4876904141755275, 0.8866688268457382, 0.8586233249030153, 0.8827597694754118, 0.9685796104521367, 0.9688142301789243, 0.7369884609996582, 0.7023035078068843, 0.8191059136942546, 0.3356765671902936, 0.789088929965578, 0.8230904832004952, 0.8096404184062497, 0.8106369182680878, 0.7464682551274444, 0.7405059719473529, 0.7204221619098025, -0.23162493388371524, -0.37045920268956106, 0.6271433659220483, 0.8981664015260897, 0.9439584923953332, 0.9481266237094522, 0.9185504617315554, 0.825704896857331, 0.9153252163766541, 0.9369076523041519, 0.9368966912319621, 0.8658665789078012], [0.9988711237926128, 0.997424130619164, 0.9926899846598799, 0.9991866705052559, 1.0, 0.9923064359121311, 0.9990344291182739, 0.9982356598672518, 0.9982910940687033, 0.9725064229414998, 0.9975333435459006, 0.9982849026080292, 0.9980568806840142, 0.9982706122523682, 0.9983364517323491, 0.9986033405603868, 0.9991796849269851, 0.9986728148831022, 0.9986715503009564, 0.998361874593715, 0.9982660945807451, 0.99348394426182, 0.9777772601289075, 0.993575841775037, 0.9934975906127894, 0.9867142561220693, 0.9795076686974094, 0.9466831464734651, 0.9903359265107006, 0.9926898432714172, 0.9895785966971903, 0.9649409207780463, 0.9989392513010598, 0.9989708502822419, 0.9989594400917898, 0.9983886275907393, 0.9984905097757142, 0.9990602121802333, 0.9991148720724742, 0.9990479657010235, 0.998922778777303, 0.9989203910092459, 0.9888224594678142, 0.9260687782403071, 0.7217058237384347, 0.9147393088748257, 0.9049411183184566, 0.8111584733304926, 0.9490920604550941, 0.9277892903922446, 0.9528353464281725, 0.9543700128807046, 0.9478536118187754, 0.9798124806793954, 0.9797342324899646, 0.9775023648534183, 0.9682383864758026, 0.9785343310635625, 0.9772948778108711, 0.9788509010631193, 0.9785434243150368, 0.9511217349043608, 0.9538595633030188, 0.949268560919137, 0.9488029170985789, 0.9009326306048985, 0.9708186782213655, 0.9675359989225955, 0.9745378163402018, 0.9735237894290215, 0.9292922171156078, 0.8281629960044967, 0.7807474893923785, 0.8541027348495773, 0.9012628949871905, 0.8814165069233783, 0.8905396816367491, 0.8892173169131555, 0.6703302584669695, -0.5933402231698703, 0.9670678066007294, 0.9511153232248037, 0.94930571731231, 0.978696475745353, 0.9185726236314881, 0.9717764048577708, 0.9712622733021924, 0.9312121006645939, 0.9739095694174603, 0.9356184236656669, 0.6149069626523721, 0.8876037722889313, 0.9393108771587001, 0.12190243013561251, 0.8965919973108435, 0.9236098119013568, 0.8050076463052541, 0.9640712633361409, 0.878258829044918, 0.5025305491914016, 0.3639069664437114, 0.8652921003786481, 0.8178365422250212, 0.8668610799640007, 0.9730506861459229, 0.9732312096049277, 0.6889739707047745, 0.681861491821399, 0.7333674004364487, 0.30907160015250146, 0.6683855738614165, 0.7392958235744841, 0.7148844447956834, 0.6947722774713287, 0.7293260029802876, 0.7222375548325742, 0.7011436649176989, -0.45755727703945764, -0.53307612049453, 0.614380135530028, 0.8904153317266236, 0.9276114612930363, 0.9392187908534747, 0.9145403693611976, 0.8008147024205471, 0.8968065208926911, 0.9206904807802496, 0.9202092323941767, 0.7988730748418816], [0.9886305278213736, 0.9903671708230589, 0.9897771299806041, 0.9895572546835905, 0.9923064359121311, 1.0, 0.988947848602666, 0.9888678262449101, 0.9883362672126401, 0.9649257155470468, 0.9789414757416025, 0.9888236892262159, 0.989921055955061, 0.9889285030360994, 0.9890408249298426, 0.9918805242462323, 0.9900679494911814, 0.9897647155741992, 0.9897401067342222, 0.9877027383472232, 0.9888548411561251, 0.9961289847597083, 0.9910359774740407, 0.9885413304072754, 0.9882963691166258, 0.9673262197165443, 0.984344338011139, 0.9653453580141207, 0.9737226833067475, 0.9775961917109642, 0.9855326987061055, 0.9721272990165535, 0.9889319574301478, 0.9890963206568247, 0.9898912971539441, 0.9898117627395727, 0.9818370973816494, 0.989825329869094, 0.9892994954502585, 0.9892973158036779, 0.989028846284947, 0.9890128353077504, 0.9944641627867788, 0.8803595689790706, 0.7283867526832734, 0.8748277745944053, 0.9021453773192927, 0.8370885555945146, 0.936585549433392, 0.9127130185742467, 0.9383086176939489, 0.9452721749228215, 0.9344547207889425, 0.9631901790372698, 0.9676651011661987, 0.9672999050664444, 0.9788085237748222, 0.9684437199763785, 0.9801706044829626, 0.9683745803890248, 0.9677990000158123, 0.9664294358555638, 0.958619068916724, 0.9430596401845388, 0.942558860511768, 0.928796248812745, 0.9771446207479729, 0.969512424800647, 0.9683751027550823, 0.9666650971245477, 0.9474162863852638, 0.8534146724165191, 0.8054640771077803, 0.8739307730731498, 0.8939135099215327, 0.9011598861640617, 0.8846320875322131, 0.882573809271587, 0.6375644996698796, -0.5343412550995967, 0.9737446302320013, 0.9687683431681791, 0.9655497603213449, 0.9684562842505828, 0.9382022166539413, 0.9742424962152216, 0.9738929401867952, 0.953088462696866, 0.9637945869387452, 0.9527705387730618, 0.6296383590115884, 0.8251135609320308, 0.9348934935807126, 0.22079233324622158, 0.9096290341125647, 0.9285730488811483, 0.8075549783160326, 0.9543767301792512, 0.8476038843529834, 0.6034954167841062, 0.46347652898221087, 0.8448177244831651, 0.8201751161732391, 0.8420079005222716, 0.9567464571571779, 0.9568316734635223, 0.7011642579669803, 0.6831425494422945, 0.7650118615237065, 0.33611400282446957, 0.7426044890449371, 0.7707380236419216, 0.7565724518953267, 0.7586959320417086, 0.7345873038954864, 0.7128483241772845, 0.6948327131047239, -0.2623254464537394, -0.38892535045827425, 0.6592656987024073, 0.8866684555096589, 0.9046254685272782, 0.9128571243204723, 0.9011843480282015, 0.8019009174928569, 0.8734958318529873, 0.8962116808037602, 0.8962662780027885, 0.8410023012366948], [0.9974705893439456, 0.9927511319475464, 0.9906894540916611, 0.9978241811008219, 0.9990344291182739, 0.988947848602666, 1.0, 0.9971100669691353, 0.9995214328909388, 0.9717878899707817, 0.9994050664711411, 0.9981007237204944, 0.9990590445564211, 0.9990023704605405, 0.9987734922075884, 0.9981237671811297, 0.9998812076635949, 0.9992413854373943, 0.999247175682454, 0.9996440134354792, 0.9992093330282207, 0.9906409528684763, 0.9744038186539948, 0.9838866668423443, 0.9923738729873022, 0.985922529921108, 0.9714477742400652, 0.9420886624942898, 0.9923704942321155, 0.9918316763812697, 0.9929402057649788, 0.9710155075686261, 0.9988086272208094, 0.9998145967177062, 0.9996457811774782, 0.9993844528595537, 0.9996444295137509, 0.9998456018551799, 0.9978742463188561, 0.9995481953609455, 0.9992617926344973, 0.9988617687144095, 0.9832876765615043, 0.9314312099786347, 0.7366428497167861, 0.9278426973963333, 0.9151888418413346, 0.8018095148917967, 0.9596258005477813, 0.9403606649882585, 0.9616191465684556, 0.958462537894835, 0.9529810267074564, 0.9819169249136961, 0.979935981317347, 0.9393853129388058, 0.9539326939952928, 0.9681438773689706, 0.9683426255587276, 0.9700079981254919, 0.9396972524780912, 0.8877937381827582, 0.943544792198886, 0.9544048111652854, 0.9312032425682883, 0.873959626030168, 0.9595049805071747, 0.9285427901912179, 0.9615837197781446, 0.9396172147943156, 0.7288936779242525, 0.8227609156955084, 0.7529020517948184, 0.8401138722962499, 0.8689678513854407, 0.872596624047802, 0.8526390304001694, 0.8650495786547304, 0.24777070834814285, -0.6056105280380262, 0.9571734986886886, 0.933731037598429, 0.9342258455808585, 0.9418492766953093, 0.9200842029698153, 0.9654326250270375, 0.9654904630724457, 0.9216109766893799, 0.9615812157789314, 0.8171819418546454, 0.6104974609920906, 0.888454857228542, 0.9175270845519428, 0.2036487386512699, 0.9176312280337553, 0.9393315346490081, 0.8054943521096051, 0.9637647200387897, 0.8310873135943493, 0.6396303568344752, 0.4708661612455108, 0.843131818750837, 0.8366968132865684, 0.8287996929969228, 0.9732316432681776, 0.973477762317363, 0.7223890580693726, 0.6779489864756534, 0.7840267261958713, 0.3040939459873629, 0.7655328074829747, 0.7928532938558829, 0.7837263000981795, 0.7891203162274103, 0.7247595679186346, 0.7267102146888994, 0.7047779890937051, -0.251022317156917, -0.3970309302198695, 0.6334260209861025, 0.8915552895183574, 0.9304231192839111, 0.9457900243064904, 0.9175417245399804, 0.8234740526795264, 0.9145911127757496, 0.936471585256955, 0.9358660747424143, 0.7745824634182299], [0.9951993671677121, 0.9881992743579997, 0.9910801982065768, 0.9957403569215987, 0.9982356598672518, 0.9888678262449101, 0.9971100669691353, 1.0, 0.9999840659741875, 0.9656742929693684, 0.9996322652155094, 0.9999968656063147, 0.9996574111592537, 0.9999978136426166, 0.9999813821125555, 0.9964145809514144, 0.9991529695594096, 0.9998855705092986, 0.999884959373618, 0.9999558218434297, 0.9999942354470611, 0.9907900438814748, 0.9753243787192608, 0.9916316141328009, 0.9928736373698928, 0.9827364307199371, 0.9736009262968554, 0.9405749283697025, 0.9886735124018966, 0.9943795166748544, 0.9915679898934296, 0.9675697651750222, 0.9994254198435251, 0.9994828524891665, 0.9996073300196194, 0.9996799430285246, 0.9987331119693036, 0.9993951222596404, 0.9991033564211157, 0.9982498185785655, 0.9994952035156276, 0.9993547624507693, 0.9846894544340121, 0.931889782501849, 0.7233906051662483, 0.9345912624879164, 0.9126056746746088, 0.7796091621257393, 0.958177223435664, 0.9353890352366352, 0.9597423810168801, 0.951975613083943, 0.9464788338222038, 0.9799558668441893, 0.9766615950663196, 0.9334706541157979, 0.9475377856357313, 0.9599402872222522, 0.9640617344119344, 0.9623243494575737, 0.9376696537095044, 0.8763540115972823, 0.9370937741255247, 0.946250292824036, 0.9249893582335068, 0.8580669417120574, 0.9556346593461409, 0.9207444681563024, 0.9546940496310816, 0.934084201711243, 0.711413232843726, 0.8121705711358144, 0.7477613498730286, 0.8294703857421575, 0.859612042513759, 0.8661545191796474, 0.8472196231876545, 0.8565401220679241, 0.22625169298594344, -0.6117855876377178, 0.9513613688401985, 0.9230820481133384, 0.9252873515199443, 0.9395571129669816, 0.9113075009739199, 0.9598021859004506, 0.959860275489002, 0.9138448771924205, 0.9528597601065354, 0.8013402958747632, 0.6053726329067249, 0.9106697765055074, 0.9304540832676688, 0.18989134490747195, 0.9167862900164123, 0.9388208567707318, 0.8026445019039552, 0.9686505131873585, 0.8351586652643596, 0.6254586057903938, 0.456997388326425, 0.8446641807346548, 0.8337032346716755, 0.8325035932610048, 0.9763718154599338, 0.9766229107000531, 0.7120810379336014, 0.6686600108590396, 0.7862774839471651, 0.2885997663518823, 0.7603815802638845, 0.7886444633184256, 0.7852620189980287, 0.7836715217883066, 0.7170619341408982, 0.7201251336825472, 0.6974801251535403, -0.2685392928055619, -0.4136174089770871, 0.6138984788109919, 0.8828101065784287, 0.9282588036394334, 0.938059683082823, 0.9110161963524189, 0.8118063365403054, 0.9080719472234664, 0.9301557621693219, 0.9298138999519356, 0.7538985728402522], [0.9954915998455933, 0.9882392439820412, 0.9943600089370178, 0.9961315767789877, 0.9982910940687033, 0.9883362672126401, 0.9995214328909388, 0.9999840659741875, 1.0, 0.9649693393577704, 0.9996312053999737, 0.9999812775377056, 0.9998331205078076, 0.9999898146482676, 0.9999963171369446, 0.9989772853756058, 0.9991316405782398, 0.9998199222921221, 0.9998186326594927, 0.9999663640423249, 0.99998174098473, 0.9936636316516402, 0.97641123872073, 0.9949153274530806, 0.9950713232029167, 0.9827056000359318, 0.9777436432699524, 0.9415151969078795, 0.9892035029270583, 0.9934662571137117, 0.988554784530502, 0.9628993250265155, 0.9993410190531837, 0.9994225925628187, 0.999421298657489, 0.9998340715450402, 0.9987441525523435, 0.9993852704115173, 0.9993237262456914, 0.9982546226587238, 0.9993344055818549, 0.9993269503307181, 0.9890274734258026, 0.9319818059334692, 0.7242130209983976, 0.9344160426215874, 0.9124834125816885, 0.7798331133972859, 0.9454364814659816, 0.9228302616035138, 0.9487119129709404, 0.949352565920471, 0.9437542793989319, 0.9773010191988348, 0.9767812355287897, 0.965903571878662, 0.9479519871229299, 0.9668523609696646, 0.9641172932556206, 0.9672710785574279, 0.9669140819122403, 0.93721893829494, 0.9363164049311516, 0.9378045115877399, 0.9373709379958368, 0.888124209800091, 0.9559853464679161, 0.9571075395546246, 0.9634602828793365, 0.9622068740521407, 0.915062369100101, 0.8114225623370068, 0.7578785880849993, 0.8285672991884147, 0.8810113114210095, 0.8642090967974545, 0.8720554690678524, 0.8709842767517909, 0.6137898866439769, -0.6281871347450264, 0.9512577358691949, 0.9231159262730146, 0.9253871564570273, 0.9673437833917947, 0.9007651654252466, 0.9592673845979175, 0.9587199522440406, 0.9146380693022541, 0.9616701608085572, 0.9193757024836955, 0.6035458091654383, 0.9101156701031907, 0.9449433595416077, 0.13190229229934292, 0.9025087484975926, 0.9287645841682731, 0.8017228763943492, 0.9672882037893108, 0.88499325886405, 0.5309596910031541, 0.38943463453838373, 0.8726321417167208, 0.8260839339572821, 0.8747921465441394, 0.9762843962283446, 0.9765657722984581, 0.7099693885402131, 0.6656775076477084, 0.7497105084319412, 0.2862852579997622, 0.6866836966765287, 0.7552268729961763, 0.7327659446625836, 0.7135451283100037, 0.7143392802341844, 0.7168549880557605, 0.6941630253607771, -0.5076912734268497, -0.5846351684959719, 0.6136973018008433, 0.8816977199419292, 0.9269228025338, 0.9394494227242631, 0.9100459912273706, 0.8067073627441685, 0.8969481611829789, 0.9200676434552992, 0.919500431293839, 0.8082079644512811], [0.9795224727180313, 0.9666128981583377, 0.9541094109377348, 0.979209982856435, 0.9725064229414998, 0.9649257155470468, 0.9717878899707817, 0.9656742929693684, 0.9649693393577704, 1.0, 0.9502069458919344, 0.9660745915663749, 0.9649743527703512, 0.9657987895459569, 0.9653483654091884, 0.9668468775482031, 0.9748961705519913, 0.970335412823301, 0.9703576513547082, 0.965851654151126, 0.9659371249179968, 0.9656157638200075, 0.9525833912622329, 0.9727771053970271, 0.9706259252424666, 0.8893915025938369, 0.969214853104067, 0.9508781061832997, 0.9756898548239715, 0.9695673227662353, 0.9697603978096824, 0.9348691606764478, 0.9741888864723215, 0.9737477446374064, 0.9742293849119835, 0.9662292201843328, 0.9582369239723575, 0.9732049124040167, 0.9740201027249499, 0.9778636198177046, 0.9743795984875662, 0.9744064314603963, 0.9558341369395047, 0.8437569595401831, 0.5437342675214778, 0.788987406825398, 0.8902209713994347, 0.8752243637791312, 0.9018757343880218, 0.827072735570385, 0.9063942049939626, 0.9155700900139483, 0.903488944064711, 0.9323384443483543, 0.9321897656725485, 0.9437005878118638, 0.9351617979905669, 0.9543400983139151, 0.9478196049815572, 0.952651519685516, 0.9526699527967266, 0.9120908661627348, 0.9524717059849725, 0.9372037280487454, 0.9369017898073964, 0.8570868047322253, 0.9353397724363262, 0.9434044323080008, 0.9366959791735991, 0.9356351036268128, 0.8862072064616487, 0.8192172926720822, 0.7752722424169041, 0.862855005136893, 0.9149386704949242, 0.8864033694910666, 0.9007143065597382, 0.8999777609151433, 0.7097039890590744, -0.3132434458670589, 0.9529832691877334, 0.9534122281251611, 0.9458660343365708, 0.9455257498208209, 0.8953434254604998, 0.9542520052144556, 0.9541725970245262, 0.9012202495158597, 0.956271823002626, 0.906331965074689, 0.7101230096438141, 0.6798181570545755, 0.864309328970884, 0.13135836903347256, 0.8521044736176453, 0.8893149860266041, 0.8742016899390399, 0.9493006358310659, 0.905700080312548, 0.4280366540511584, 0.3836541201448193, 0.8978086344379758, 0.8739672373566034, 0.9042579243061553, 0.949580398274234, 0.9499259349711757, 0.5400111518271421, 0.7045227831775098, 0.6162811279848948, 0.485533265550697, 0.5746610430672167, 0.6308247562086127, 0.5914027992721735, 0.56689534901567, 0.8064708128533099, 0.6837954606050325, 0.6484619496164624, -0.2801862110547685, -0.3280880835921944, 0.7503604614864963, 0.9172831681507501, 0.9236998744917716, 0.9113293059112327, 0.942295054102258, 0.6594123760361904, 0.8428325608302942, 0.9099476584570355, 0.9090850286014541, 0.6919045930924154], [0.991857430126332, 0.9907379266875368, 0.9968986581813147, 0.9933877059067021, 0.9975333435459006, 0.9789414757416025, 0.9994050664711411, 0.9996322652155094, 0.9996312053999737, 0.9502069458919344, 1.0, 0.9996622524192263, 0.9996392298080169, 0.9996474147916024, 0.9996535603444058, 0.9993974343813777, 0.9988264672535458, 0.99995342174695, 0.9999522488706628, 0.99964636021267, 0.9996534719332866, 0.989656453703198, 0.9556451825030775, 0.990802329390956, 0.9919845311701535, 0.9874616648201898, 0.9689448309923152, 0.8910951745347988, 0.9883640160297137, 0.9923322213077888, 0.9717068861259207, 0.8938227003137217, 0.9991273863884946, 0.9991983912788359, 0.9991235667690711, 0.9994442404659039, 0.9993826901497139, 0.9991466215969669, 0.999002829933292, 0.9972118338329455, 0.9990965675530762, 0.9990881155814281, 0.9893463945917021, 0.9259124440916862, 0.5774657577161314, 0.9296532372999686, 0.911658241209573, 0.7843657780787319, 0.8596316018875261, 0.8908991307961635, 0.865244048780613, 0.8750730442110899, 0.856487751116466, 0.9501117139098296, 0.9500238795411206, 0.9481463732171331, 0.9506434666715066, 0.9395345553297881, 0.9416534961828872, 0.9442089144644774, 0.9440015294789846, 0.8919515161102166, 0.9037878481806029, 0.8599018550149221, 0.8596830399531908, 0.7334770782060691, 0.9440604040588997, 0.9476582687639454, 0.9478544358342973, 0.9471248120588688, 0.8933514442610966, 0.5798974669375944, 0.5150501593386256, 0.6781303747237223, 0.7853486046953406, 0.7082465794875774, 0.7492737981001659, 0.748068803379254, 0.5042958621682266, -0.4018441349746369, 0.9165412462018857, 0.9272200164970629, 0.9161808839494616, 0.9497030115838223, 0.864458470477728, 0.922844048624708, 0.9215199695753399, 0.8487524598449154, 0.9274509316252263, 0.8568130103624771, 0.48738794059872564, 0.9062549348331486, 0.902107229685925, -0.2346456503609069, 0.6692199529092188, 0.7589983578556729, 0.6407858615035724, 0.9694106282994887, 0.6565975962024625, -0.16151882991294075, -0.09966069241759694, 0.6278538191643996, 0.6334062571010395, 0.6749995383454332, 0.9707285132926771, 0.9707817180665671, -0.03517479974911384, 0.18952924443850513, 0.04736855537184254, 0.013645849433822087, 0.040522231090835234, 0.059694618398685284, 0.02657802653162724, -0.02091878407854259, 0.3843628162634415, 0.11941258471160196, 0.06787554497814605, -0.5251482742797438, -0.5567405749403447, 0.6138246890177469, 0.7360136326358843, 0.7598862171487765, 0.8252770374616722, 0.8224493397623808, 0.5107800805278079, 0.7213370522286365, 0.7568944045267129, 0.7555885563738922, 0.4013742922327105], [0.9953461767448605, 0.9884610301580115, 0.990980900022812, 0.9958691136054308, 0.9982849026080292, 0.9888236892262159, 0.9981007237204944, 0.9999968656063147, 0.9999812775377056, 0.9660745915663749, 0.9996622524192263, 1.0, 0.9996427990313833, 0.9999976384864059, 0.9999842321202103, 0.9970592190981831, 0.9992114227969741, 0.9998971529463755, 0.999896798272695, 0.9999637085976423, 0.9999947887830164, 0.9907063523613424, 0.9752104179562663, 0.9922845605006645, 0.9928385686066203, 0.982952624746162, 0.973443514164394, 0.9406111438610264, 0.9895562942482655, 0.9944298609191641, 0.9916389392163302, 0.9677144788735714, 0.9994675292626528, 0.9995271419282357, 0.9996409639290141, 0.999682181212865, 0.998826404703901, 0.9994414266035463, 0.99914212972265, 0.9983400025484979, 0.9995386706471512, 0.9993978669735303, 0.9845060983823366, 0.9321705927328628, 0.7240970570082396, 0.9345167838889215, 0.9128872167668166, 0.7808153713251766, 0.9584940529978666, 0.9358027930879986, 0.9600678230985505, 0.9523458460557331, 0.946870226733537, 0.9801911399442246, 0.9768446979923423, 0.9338148787747819, 0.9477850867539817, 0.9602840024831562, 0.9642463200526891, 0.9626597205436485, 0.937951686856235, 0.8766146473756814, 0.9374286740919585, 0.9467047067293266, 0.9254470785199952, 0.8585696938167194, 0.955765451204177, 0.9210119579540506, 0.9549623954536258, 0.9344087018715552, 0.7116073718160822, 0.8127228986325145, 0.7483477842700915, 0.8300135277363344, 0.8600207198689386, 0.8664787414979348, 0.8476794379697168, 0.8570251044946184, 0.22666494572308793, -0.6116416337731956, 0.951632558668488, 0.9235806794049901, 0.9256901712698826, 0.9398223993235781, 0.9116836633541863, 0.9600725816357505, 0.9601311840862148, 0.9141365822805605, 0.9532288919440428, 0.8016716067401125, 0.6056256578892429, 0.9096662252897241, 0.9299034447607044, 0.19061659949273474, 0.9168543689970553, 0.9388841200986375, 0.8029463087457138, 0.9684762811946834, 0.83559093510488, 0.6264499145363215, 0.457917785323306, 0.84512123246582, 0.834236007132264, 0.8329215288831331, 0.9762852545788072, 0.976536204001379, 0.7127473274175744, 0.6693010922136425, 0.786835734739589, 0.2895140958340602, 0.7610665767709767, 0.7893113698924884, 0.7858251761320777, 0.7843686789290526, 0.7174898215010068, 0.7205861747977479, 0.6979717675435054, -0.2674801115944117, -0.4126548849808131, 0.6145395965943018, 0.8833248134308183, 0.9286601038752654, 0.9385531178053058, 0.9114630313809908, 0.8123548514574402, 0.9086093783178155, 0.9306810320665391, 0.9303249266723905, 0.7545657539282442], [0.9945505086328026, 0.9882703244052444, 0.9929230878585145, 0.9952853789151015, 0.9980568806840142, 0.989921055955061, 0.9990590445564211, 0.9996574111592537, 0.9998331205078076, 0.9649743527703512, 0.9996392298080169, 0.9996427990313833, 1.0, 0.999679403648629, 0.9996640032747804, 0.9990967425971691, 0.9986938128568169, 0.9994623410722732, 0.9994544583486618, 0.999659175747584, 0.9996326888712369, 0.9927035952655072, 0.9768079123874842, 0.9956573974777319, 0.9955478522932615, 0.9827767238294247, 0.9762632277747771, 0.94312288756392, 0.9887138975591736, 0.9924555751787404, 0.9907164949281363, 0.9652824780274172, 0.9987543291235398, 0.9990611045956087, 0.9992589670040455, 0.9999210444170974, 0.9987701173098177, 0.9990250280461564, 0.9985777625020918, 0.997574170143228, 0.9987452835213657, 0.9986682327833106, 0.9884509946039409, 0.9321357650814246, 0.7200253864532885, 0.934641547768276, 0.9127846480427406, 0.7800857519351915, 0.9541508364202238, 0.9287585914202182, 0.9550963362764712, 0.9488964674418968, 0.9428560282709846, 0.9766332370270772, 0.9747432306495338, 0.9574736755745936, 0.9474379713830443, 0.960545957155189, 0.9634226907610355, 0.9624537333002312, 0.9617525197927902, 0.8806988606324426, 0.9343090064749446, 0.9450121062930308, 0.9447253624107681, 0.8565836231497245, 0.9560346864394517, 0.9329781834990702, 0.956850840233813, 0.95544051030734, 0.7159428211802364, 0.8095182968915821, 0.7725249763871289, 0.8274766945117601, 0.8614672636514318, 0.8654821280993957, 0.8557648195400904, 0.8560199443214825, 0.21072745075669153, -0.6061905975111488, 0.9506281929529893, 0.9232430639822932, 0.9245271408348277, 0.9603996620751483, 0.9110551566201195, 0.9587551175847999, 0.958766357620373, 0.9137199840272324, 0.9535491218619382, 0.8084495784482042, 0.6060951750104365, 0.9102442371560494, 0.9304858806397497, 0.18530648516868448, 0.9147814603877757, 0.9371495055450358, 0.803948299020942, 0.9712054687242889, 0.8293632014681117, 0.6183115461332989, 0.4517050211674885, 0.83624727766741, 0.8288833033369498, 0.8246889471240595, 0.978253194526596, 0.9784613556991342, 0.7034543899286658, 0.6637415615084121, 0.7658632879897807, 0.28920599088318877, 0.7509988328587617, 0.7779202001693086, 0.7544804564266461, 0.7732449697863361, 0.7151168779389352, 0.7102239498924948, 0.6878726348325342, -0.27429611414744015, -0.4178625895633848, 0.6140978022434016, 0.8810925953210114, 0.9301342733540158, 0.9340370461048977, 0.9106434470400148, 0.8044482800856274, 0.9022291775133258, 0.9236258694682727, 0.9239346642126646, 0.7485957281582774], [0.995254736667537, 0.988321622729127, 0.9911420569633997, 0.9957939270749889, 0.9982706122523682, 0.9889285030360994, 0.9990023704605405, 0.9999978136426166, 0.9999898146482676, 0.9657987895459569, 0.9996474147916024, 0.9999976384864059, 0.999679403648629, 1.0, 0.9999883399667222, 0.9986167121599715, 0.9991731049233225, 0.999889241136649, 0.9998883091581592, 0.9999578803953448, 0.9999920743265467, 0.9908295436369161, 0.9753785940317385, 0.9941445596628518, 0.9939946161958846, 0.9828633593287027, 0.9736451065687479, 0.9407601562361924, 0.9920313491708032, 0.9947509895820247, 0.9915106334969302, 0.9674674383482618, 0.9994416229519221, 0.9994879357124878, 0.9996176514537192, 0.9996989793714959, 0.9987767080185052, 0.9994064293925664, 0.999170596693861, 0.998272954615712, 0.9995090736551437, 0.9993718532259694, 0.9846707179272702, 0.9319913188515019, 0.7234807821635413, 0.9346102578358655, 0.9128128494306085, 0.7801826307056382, 0.9582873383023275, 0.9355669894455418, 0.9598893575865852, 0.9519442988850242, 0.9464227858878985, 0.9800055010695898, 0.9766251272718319, 0.9338321031656144, 0.9476722418963909, 0.9601415869073748, 0.9641307175337103, 0.9625087337984392, 0.9373688858960182, 0.8765975638172507, 0.9369351997616219, 0.9463282430355862, 0.925249646390838, 0.8582062510969939, 0.9558015630206602, 0.9211689180738634, 0.954941390888345, 0.9344638190461989, 0.7118157125700207, 0.812112971207847, 0.748072008128116, 0.8294588678078455, 0.859806329457009, 0.8661229931294421, 0.8473988790762295, 0.8567368190355503, 0.22662361922702084, -0.61148837967577, 0.951428730560867, 0.9233172927291441, 0.9254792580093627, 0.937552464028747, 0.9115859807142853, 0.9598794774393473, 0.9599342761258434, 0.9140247196449512, 0.9530611830282476, 0.8016445963618982, 0.605428542393502, 0.9101916957376747, 0.9302967538440002, 0.18987415006986585, 0.916650727503942, 0.9387151970360783, 0.802650481409379, 0.9686675995387142, 0.8352254483523742, 0.6253405447742325, 0.4568714010711047, 0.8447149342145764, 0.8338754431731672, 0.8325633788874556, 0.9764249999938315, 0.9766722567506027, 0.7116243613367532, 0.6682482022108126, 0.7862863235558097, 0.28892418661375086, 0.7603800451010887, 0.7885855449738575, 0.7854632358656976, 0.7835879665842833, 0.7169602848391056, 0.7192877422893281, 0.6966788806919544, -0.26832490808933956, -0.41339885283357974, 0.6142648250257875, 0.8827416657159555, 0.9284226875186922, 0.9381428017248672, 0.9110834141846977, 0.8116224730797638, 0.9083264985874949, 0.9302342631110287, 0.9300103149175039, 0.7540366980409304], [0.9953922285414203, 0.9884198305580378, 0.9910508939281005, 0.9959094706586084, 0.9983364517323491, 0.9890408249298426, 0.9987734922075884, 0.9999813821125555, 0.9999963171369446, 0.9653483654091884, 0.9996535603444058, 0.9999842321202103, 0.9996640032747804, 0.9999883399667222, 1.0, 0.9986160151918428, 0.9992139670880283, 0.9998853662464126, 0.9998853472085738, 0.999956545003964, 0.9999773021153043, 0.9907405317067163, 0.9753739888922245, 0.9926018469106739, 0.9926392150187694, 0.9829281792266636, 0.9733639315010114, 0.9406727545128073, 0.9920774185807802, 0.9943442997129094, 0.991350437513061, 0.9673295806353108, 0.9994821580915131, 0.9994731653695955, 0.9996030211709022, 0.9996891591147052, 0.9987964804684996, 0.9994113184225618, 0.9992017027429017, 0.9983300379621382, 0.9995410450136548, 0.9994181559039798, 0.9844566344635952, 0.9319161983253194, 0.724179123381682, 0.93427124585079, 0.9126046131284115, 0.7805184375279799, 0.9588746837822953, 0.9366326189900988, 0.9605306621009784, 0.9521142020937692, 0.9466021388368437, 0.9804866337738555, 0.9768023103118636, 0.9346280156526225, 0.9480952475704733, 0.9605346381160441, 0.9642922254214885, 0.9629107279721858, 0.9387151078974093, 0.8767291151444079, 0.9364945466841754, 0.9466324152579251, 0.9260014852195967, 0.8580654385511043, 0.9562029669284516, 0.9217954389757885, 0.9554660506592317, 0.9353896563387182, 0.7114976886487252, 0.8117311016477182, 0.7490447807884648, 0.8288582227998852, 0.8597514778788754, 0.8655649221210113, 0.8478631486610948, 0.8571424221982423, 0.22594561217459022, -0.6111962318099282, 0.9514559615387663, 0.923526063505996, 0.9257171495340624, 0.9406470616047002, 0.9122376734197924, 0.960016448790261, 0.9601377466843317, 0.9143616867290595, 0.9534097791713346, 0.8015218426304402, 0.60416091617812, 0.9096562563608089, 0.929942357005575, 0.18840667694151017, 0.9161866738750601, 0.9382078369956892, 0.8017564676609115, 0.9682763626161288, 0.8362104072570768, 0.6250645083041255, 0.4559278544737859, 0.845233839652995, 0.8342862517669526, 0.8333002721924597, 0.976188628721567, 0.9764701584347898, 0.7103149160777962, 0.6660471239159237, 0.787388384018846, 0.2873022371133883, 0.7606286783438507, 0.7889844821463056, 0.7866990998190366, 0.7838127792252094, 0.7152022813012516, 0.7170588938682617, 0.6944161266053037, -0.26756831089694194, -0.4127026098442218, 0.6138854869618291, 0.8819065901496601, 0.9290281806600743, 0.9386581779118776, 0.91036772876539, 0.8117807570014623, 0.9093689165083064, 0.9308363026580211, 0.9307193605717322, 0.7539289338414554], [0.9965169349099278, 0.9933315605201666, 0.9916376612207944, 0.9970433728776924, 0.9986033405603868, 0.9918805242462323, 0.9981237671811297, 0.9964145809514144, 0.9989772853756058, 0.9668468775482031, 0.9993974343813777, 0.9970592190981831, 0.9990967425971691, 0.9986167121599715, 0.9986160151918428, 1.0, 0.9989304020228584, 0.9989702631105959, 0.9989665891841583, 0.9987901630705288, 0.9985081091295378, 0.9922294648380947, 0.9780286742286342, 0.983473690251441, 0.9899248780997141, 0.988770742691682, 0.9753843814698624, 0.948030283670931, 0.9931278904491729, 0.993144237473212, 0.9903950709309295, 0.9674477740180756, 0.9987906446151656, 0.9987299032500256, 0.9989412569449027, 0.998634075524324, 0.9993780478970552, 0.9988692232872497, 0.9989107993911909, 0.9981479039430743, 0.9986730065739282, 0.9987395057850496, 0.9833985659876439, 0.9252707411833381, 0.7295939313046736, 0.9276426500467857, 0.9152146406746683, 0.7978862524210183, 0.9621025897254698, 0.9405784155710589, 0.9641414925332781, 0.9520204340050422, 0.9451463298120313, 0.9810088774319936, 0.9762350397660415, 0.9470676099230484, 0.957200452732459, 0.9673164286484479, 0.9687573949253714, 0.9688396481226377, 0.9501068084150794, 0.8884773466342949, 0.9403062348375301, 0.9514208558012257, 0.936765434962391, 0.8687986016981721, 0.9624589369684512, 0.9351280186096332, 0.9629272352320046, 0.9478339227570141, 0.7290081467715599, 0.8193138610535853, 0.7664183547134783, 0.8376549556265847, 0.8720608237982052, 0.8725989314947865, 0.85