var element=document.getElementById("correlationClose");if(element.style.display!='none'){var correlationClose={"data":[{"type":"heatmap","z":[[1.0,0.999985364236878,0.6046682555718956,0.9997125555934182,0.9976822767549012,1.0,0.9914655966834524,0.9873458141757595,0.9873458141757595,0.9921401420652122,0.9743652233975069,0.9842861817658041,0.991507385330532,-0.10858591430546967,0.9915676532547192,0.9208408976912699,0.8974643350542659,0.396876618263634,0.9925120317886064,0.9924982974400406,0.9846022595845482,0.9914950762411727,0.4524948105519742,0.6930947233382612,0.9793887854807704,0.9793887854807704,0.9793680396760205,0.967389431412401,0.33788396818065985,-0.10695224457611882,0.9896311784756096,0.9895961309161055,0.29673254081078027,-0.1809487074912911,0.9941599490295753,0.9949459397998006,0.8247241153949714,-0.38093937483752577,0.9889799338518787,0.9947966483107081,0.9175068116848124,0.37856030588821343,0.9943289463798296,0.9943172119665067,0.9943289463798296,0.8875873889989083,0.6630679881610223,0.8826408893900133,0.8925126726933325,0.7989086612938341,0.3811792761554165,-0.14849768912613207,0.1940112110830867,0.9454108895152625,0.43291989656327223,0.9761691306802502,0.9708683252193339,0.9796783306232963,0.9897451750341576,0.9207229205199052,0.9221455949186429,0.9376231388570313,0.9171235440160431,0.9346569660603943,0.9353774112267415,0.9346569660603943,0.8591503966101631,0.9117107676719608,0.9127576926221069,0.9117107676719608,0.9062418235370888,0.7536987188136208,0.8798855404839953,0.8813845765299803,0.8798855404839953,0.64421939472768,0.32807854896963373,0.6237382847916891,-0.5818716587582772,0.5252525645013372,0.5669972168756497,0.5679393464840964,0.5669972168756497,-0.10518487191727033,0.8939101225753379,0.9263833308441155,0.9085366870140807,0.9221694450418705,0.38503843634301815,0.8901931276965788,0.891222420640433,0.8901931276965788,0.8974339666014479,0.8974339666014479,-0.13626407711983696,0.5727888141705455,0.1868316619845789,-0.6041517483169546,-0.5717723616688609,-0.5753152645747655,-0.06515741426452062,0.08541412866288761,0.24436659166975222,0.09575623500930676,-0.44437234765507905,0.034988386120037906,-0.7945227593960895,-0.23190052264893665,0.146938907315514,0.147384908281033,-0.5523022653545462,-0.5968922312325876,-0.23340217198016633,-0.49742933917815596,-0.8255608716785374,-0.3677306506977215,-0.35933638013959046,-0.3677306506977215,-0.19216134450060177,-0.2817299510494245,-0.2817299510494245,-0.8135635342400016,-0.8135635342400016,0.40134342069606677,0.6498299700437479,0.8674479953692255,0.8479320061580302,0.7805811664492684,-0.2755458903866901,0.7601811453348353,0.7993412993504944,0.7996166901436765,0.7993412993504944,-0.23274895045458724],[0.999985364236878,1.0,0.9737487868185509,0.9993186726586517,0.9946179537014664,0.9999853642368779,0.9808044681196783,0.9731077083614844,0.9731077083614844,0.9806360830417372,0.9634339465654153,0.9825954265065782,0.9808531215392249,0.9808266871660359,0.9806603775113083,0.6359541418324193,0.5793181079975781,-0.3284179676611606,0.9855686152886632,0.9855460727017573,0.9809132231227656,0.9809067307551237,-0.10140024159092621,0.972593016708084,0.9748750271036243,0.9748750271036243,0.9749371603099947,0.9675686751023457,0.12470631675159971,0.17513693890381077,0.9776654678096107,0.9777367850753089,0.973624332103738,0.18724562382623056,0.9889671191188685,0.9890313161653843,0.9897183369490289,0.9825385219242886,0.987678128266419,0.9890887786346284,0.6105969279831646,-0.33438663265898955,0.9897794995888501,0.989764529953786,0.9897794995888501,0.8876994665885259,0.5283052957414808,0.8831196712616555,0.8928301826957526,0.7982345883998794,-0.40441785408442915,-0.5318881237747114,0.8257709156245951,0.8607828477456215,-0.2122798733241173,0.9341628589489103,0.9342718320643464,0.9464684855982461,0.9739186162232453,0.9342173128777732,0.9429604943610369,0.9237890859217804,0.9232324839155017,0.9296755714229699,0.9303151085133993,0.9296755714229699,0.80709382121046,0.7705350079210439,0.7727986613547301,0.7705350079210439,0.9370694539681863,0.9415402588103969,0.9371113368337863,0.9381906822534006,0.9371113368337863,0.5003521834867244,0.4409430069056087,0.5556015418584993,0.6566950788393632,0.5475800715765131,0.5809055366751361,0.5817987586271409,0.5809055366751361,-0.21364365155675744,0.8865784077739556,0.9183980295399394,0.9068502014269686,0.940585122103512,-0.1710038572332489,0.8815211904928371,0.8818845428908842,0.8815211904928371,0.891312627227369,0.891312627227369,-0.2327744930009243,0.5731404864019106,-0.3701369182507755,-0.7044759651706551,-0.46579684045707664,-0.46925926051419287,-0.3269109734132262,0.24707311034817916,-0.2302481092424785,-0.4304844482525763,-0.645546361292514,-0.3070981548424177,-0.4917038432699692,-0.36250592421824507,0.12539033852693302,0.1209868297158155,-0.49099860070093637,-0.4497003558571378,-0.4779918904064045,-0.508111320520854,-0.5004726270674779,-0.4800370619854083,-0.48334933359917714,-0.4800370619854083,-0.3559471048555557,-0.5082491484545995,-0.5082491484545995,-0.47993126017282106,-0.47993126017282106,0.4010649258978295,0.399367438466014,0.5125021099841937,0.5975911629206524,0.5621840175030485,-0.4092758348843914,0.3716584184981693,0.3542735928762017,0.35438674741532883,0.3542735928762017,0.10836020703547035],[0.6046682555718956,0.9737487868185509,1.0,0.5993673992825367,0.5051201334668014,0.6046682555718955,0.5907473535062726,0.5803837674136008,0.5803837674136008,0.5068779126138198,0.4541753765797805,0.9966760797795952,0.5907678398815327,0.5088048398977857,0.5910485047344266,0.5167624563882128,0.5321196092700298,-0.13942529685007496,0.542358965600506,0.5414874117017767,0.49978732440020424,0.5897098722794331,0.22573870558386305,0.7302108267773914,0.5620296980964586,0.5620296980964586,0.5617675451245205,0.9862557641778011,0.32626736132562595,0.18076844353750376,0.5525074256668493,0.5520618184701166,0.7612202152962382,0.025862487490739876,0.5881611118399762,0.5039384262061837,0.5672361497486452,0.3402925231427408,0.9942533365027618,0.4943585069588301,0.5113802205511703,-0.14670030681262627,0.6045007243967417,0.5861548753795426,0.6045007243967417,0.8903950630698368,0.3928929991200278,0.913663802178147,0.8828798240518172,0.6701631493280796,0.20339710992471044,-0.03152723961028046,0.052942860087583574,0.45818502404904543,-0.08091966309056886,0.5411661568952312,0.4867190493656752,0.516076058357652,0.4727419621331448,-0.05121198108576789,0.728014360901102,0.6710869023751671,0.5383887848923464,0.6771993518965465,0.7277908246561915,0.6771993518965465,0.400876422908048,0.5736172408495054,0.6589800081276487,0.5736172408495054,0.608162043034531,0.637602953493207,0.681978902001215,0.7452373774798134,0.681978902001215,0.2665710312629317,-0.08684607843075925,0.2850763035434299,0.12850334398724522,0.28539211420238075,0.26121212432346597,0.42509514659166076,0.26121212432346597,-0.17328413446153043,0.49894397885778163,0.8364171019624407,0.5814878013354654,0.7437192024434031,0.02429671234451148,0.5557652802398156,0.5556222372158591,0.5557652802398156,0.6586344035808501,0.6586344035808501,-0.2562080994443206,0.7205633933870986,-0.21082706683526986,-0.6005866315637959,-0.40629490899071363,-0.4097904101986096,-0.39921188977536154,0.0475944174966436,0.02436675599661709,-0.2850888951413889,-0.5817964563697039,-0.14468194500026113,-0.2573263685625283,-0.22685656301849264,0.009794815870934693,0.006511130379328659,-0.46428652928535785,-0.014645783502274886,-0.23384166117910896,-0.4944942697124749,-0.14339200644148187,-0.3745468995557939,-0.25184046007880584,-0.3745468995557939,-0.4221442581717828,-0.5160815171857581,-0.5160815171857581,-0.2617130866094896,-0.2617130866094896,0.33631466352743616,0.15693429060484615,0.25843350479755095,0.4994992542551922,0.24283523012218622,-0.332835051048964,-0.030320057391128443,0.45178637408478733,0.5620851557047104,0.45178637408478733,-0.04660818979012887],[0.9997125555934182,0.9993186726586517,0.5993673992825367,1.0,0.9987485891616709,0.999712555593418,0.9929481413893176,0.9892992543923523,0.9892992543923523,0.9939150363472383,0.9722459010225564,0.9886065116009262,0.9929783026057916,-0.11241522995770538,0.9930122999374108,0.9215404766114852,0.898045859192221,0.38241308601227625,0.9937859001638923,0.9937750697279631,0.9849149442661019,0.9929592818605187,0.4440190197871951,0.6968580469641744,0.9822014291616504,0.9822014291616504,0.9821806079745622,0.9758052190729484,0.33360075637439957,-0.11370678381244863,0.9892039287630815,0.9891786326419343,0.28880561419344014,-0.18136169397190333,0.9948695633174367,0.9959020217611744,0.7867903714775707,-0.3862328356975462,0.9921231751336357,0.9959883652818268,0.9173586973158614,0.3637554205584333,0.9926064756572853,0.9949318784514246,0.9926064756572853,0.8856717336463535,0.6504779820214618,0.8894180368389883,0.8898082260401886,0.7781858112716943,0.37584985954379,-0.15415986728364048,0.18785499711109174,0.9397348817279167,0.4168748210404407,0.9718092104710244,0.9680202873144869,0.9776383343180631,0.9899604868504921,0.8982237316142856,0.9145290704262423,0.9237189263150329,0.9126599929760855,0.9164400248870208,0.9174348905738734,0.9164400248870208,0.8502922059416881,0.8988635218151898,0.9000158469351491,0.8988635218151898,0.9023756570512503,0.6904146693793387,0.838632964682574,0.84016287546536,0.838632964682574,0.6350172209362006,0.1135699460182437,0.6127193801478877,-0.5867745130465027,0.5194492249929185,0.30597501988964976,0.5369012668542624,0.30597501988964976,-0.11188669748145656,0.8879375315682637,0.9174079842348196,0.8997720794327546,0.8974757266415873,0.37134547405858265,0.8850891486334953,0.8862664615107239,0.8850891486334953,0.8767509374487954,0.8767509374487954,-0.14190080711911512,0.5967850695998219,0.19158329820683961,-0.6144578692379333,-0.5791991530369903,-0.582646359421649,-0.07752118354940732,0.08034446103130599,0.23732556041361946,0.08286174016162036,-0.45682408475508,0.02851682437923426,-0.8008391663089781,-0.23976587009321856,0.13640442375478015,0.13689246781459521,-0.5594591670292969,-0.5936161540708335,-0.23490376853275508,-0.5089268492829806,-0.8276071690529394,-0.36936109164109326,-0.3615335563426032,-0.36936109164109326,-0.2012198772102666,-0.2916472541529915,-0.2916472541529915,-0.8135365937559655,-0.8135365937559655,0.38956282600780284,0.6381104881849018,0.8597818900125387,0.8403740467439704,0.773332764670726,-0.2888149989069635,0.7512501782372597,0.7906727838088684,0.7909585030598918,0.7906727838088684,-0.21783131079240395],[0.9976822767549012,0.9946179537014664,0.5051201334668014,0.9987485891616709,1.0,0.9976822767549012,0.9969614354161002,0.9951803059590223,0.9951803059590223,0.9971564697684328,0.9629049897030956,0.9958730405796089,0.9969803047463228,-0.31365247447112743,0.9970097030831618,0.8896163595214528,0.8530264703554079,0.18171168402274546,0.9975192126959873,0.9975145827329713,0.9866915858995975,0.9969681274007646,0.0892609951904169,0.666012026600986,0.9913096169553008,0.9913096169553008,0.9912682412889884,0.9872412079426156,0.10012814257566163,-0.09637153548770584,0.9872601445745783,0.9872009842217033,-0.01251648789179933,-0.07629066526863647,0.9977614159622197,0.997695560463558,0.7694560377628279,-0.5206503977237739,0.9974001394575552,0.9979925258523421,0.8797347853739736,0.15769009753568367,0.9977105544587019,0.9977129244048626,0.9977105544587019,0.9004327976783966,0.6122642899102906,0.9082465761641895,0.8940306791122978,0.748387857708447,-0.09881993192456534,-0.5838777204594908,-0.22337469399298304,0.9262765770584911,0.27065010500169684,0.9660349148734788,0.9661276352224153,0.9790189852168469,0.9907396607522468,0.894804408845175,0.8943609458481778,0.9118229697671525,0.8988875418546959,0.9100873626049449,0.9104772024874631,0.9100873626049449,0.8227831309799869,0.8473339384385188,0.8486554253732336,0.8473339384385188,0.8903074566073594,0.7907364066786308,0.8704088165282261,0.871328074757236,0.8704088165282261,0.58937135500589,0.45888882418145444,0.5745433165969684,-0.6215691363420396,0.5734176823890736,0.5510115894710399,0.5502617065774335,0.5510115894710399,-0.13161529767075886,0.8685309412874117,0.8900895032681653,0.8746716001120896,0.9038714854267081,0.22207626791439486,0.8689962161883339,0.870192671238731,0.8689962161883339,0.8763995167986881,0.8763995167986881,-0.1832900980328466,0.6505663867703038,0.04587346606404322,-0.6478858350329915,-0.6330373456200458,-0.6334292435402713,-0.11212348587652687,0.10303458763317676,-0.15854534912219742,-0.16877831510110053,-0.5376470229032316,-0.3396496677074696,-0.8579322454381109,-0.5305401218762708,0.10373976968089912,0.1040789119543049,-0.5882604292952043,-0.5857272719332567,-0.5250397614093479,-0.5498179924952886,-0.7911263707303468,-0.5793118876245263,-0.5822263413139761,-0.5793118876245263,-0.2431872741162858,-0.3284934980705503,-0.3284934980705503,-0.7577446994332644,-0.7577446994332644,0.3725126143817425,0.6178055471594165,0.8111674955781039,0.789425434728307,0.7613228766306497,-0.4232613568838987,0.6039068739268678,0.6821496215291366,0.68253179276962,0.6821496215291366,0.010729318902709692],[1.0,0.9999853642368779,0.6046682555718955,0.999712555593418,0.9976822767549012,1.0,0.9914655966834524,0.9873458141757595,0.9873458141757595,0.9921401420652122,0.9743652233975069,0.9842861817658041,0.991507385330532,-0.10858591430546967,0.9915676532547192,0.9208408976912699,0.8974643350542659,0.396876618263634,0.9925120317886064,0.9924982974400406,0.9846022595845482,0.9914950762411727,0.4524948105519742,0.6930947233382612,0.9793887854807704,0.9793887854807704,0.9793680396760205,0.967389431412401,0.33788396818065985,-0.10695224457611882,0.9896311784756096,0.9895961309161055,0.29673254081078027,-0.1809487074912911,0.9941599490295753,0.9949459397998006,0.8247241153949714,-0.38093937483752577,0.9889799338518787,0.9947966483107081,0.9175068116848124,0.37856030588821343,0.9943289463798296,0.9943172119665067,0.9943289463798296,0.8875873889989083,0.6630679881610223,0.8826408893900133,0.8925126726933325,0.7989086612938341,0.3811792761554165,-0.14849768912613207,0.1940112110830867,0.9454108895152625,0.43291989656327223,0.9761691306802502,0.9708683252193339,0.9796783306232963,0.9897451750341576,0.9207229205199052,0.9221455949186429,0.9376231388570313,0.9171235440160431,0.9346569660603943,0.9353774112267415,0.9346569660603943,0.8591503966101631,0.9117107676719608,0.9127576926221069,0.9117107676719608,0.9062418235370888,0.7536987188136208,0.8798855404839953,0.8813845765299803,0.8798855404839953,0.64421939472768,0.32807854896963373,0.6237382847916891,-0.5818716587582772,0.5252525645013372,0.5669972168756497,0.5679393464840964,0.5669972168756497,-0.10518487191727033,0.8939101225753379,0.9263833308441155,0.9085366870140807,0.9221694450418705,0.38503843634301815,0.8901931276965788,0.891222420640433,0.8901931276965788,0.8974339666014479,0.8974339666014479,-0.13626407711983696,0.5727888141705455,0.1868316619845789,-0.6041517483169546,-0.5717723616688609,-0.5753152645747655,-0.06515741426452062,0.08541412866288761,0.24436659166975222,0.09575623500930676,-0.44437234765507905,0.034988386120037906,-0.7945227593960895,-0.23190052264893665,0.146938907315514,0.147384908281033,-0.5523022653545462,-0.5968922312325876,-0.23340217198016633,-0.49742933917815596,-0.8255608716785374,-0.3677306506977215,-0.35933638013959046,-0.3677306506977215,-0.19216134450060177,-0.2817299510494245,-0.2817299510494245,-0.8135635342400016,-0.8135635342400016,0.40134342069606677,0.6498299700437479,0.8674479953692255,0.8479320061580302,0.7805811664492684,-0.2755458903866901,0.7601811453348353,0.7993412993504944,0.7996166901436765,0.7993412993504944,-0.23274895045458724],[0.9914655966834524,0.9808044681196783,0.5907473535062726,0.9929481413893176,0.9969614354161002,0.9914655966834524,1.0,0.9973263430905837,0.9973263430905837,0.9999688788687104,0.9551903155958257,0.9996352146247893,0.9999963403971864,-0.12642501926869723,0.9999928640810496,0.9510265409152863,0.9433997353530771,0.3377707443056141,0.9998477397979849,0.9998478564296487,0.9890899269702336,0.9999965321493183,0.3536156946861046,0.6968606265478332,0.9849214633912954,0.9849214633912954,0.985488666133432,0.9883896333406512,0.25754017200523116,-0.17118806496644856,0.991818808576516,0.9916131300447212,0.1907340847814684,-0.23080511147891827,0.9993170050398947,0.9994177468801284,0.3836825107813352,-0.32166179718066884,0.998844451684006,0.9993520203702273,0.9436868253468488,0.3176724405410655,0.9361766161665168,0.9990537050790538,0.9361766161665168,0.9097350494010804,0.6175050216267927,0.927988121098552,0.9027475004366098,0.7068965295064659,0.41055671086256057,-0.09525629198270935,-0.20630894619459497,0.925118362973558,0.3787497364601795,0.9681109381382643,0.9620110236861654,0.9780290382142638,0.9960207248529247,-0.0644731668672113,0.8491698637375027,0.8154595043342114,0.8626965825371994,0.8093302708381189,0.7746835724915078,0.8093302708381189,0.781962528360851,0.7765023938158497,0.7709706440163225,0.7765023938158497,0.8521071693012504,0.3398270063263296,0.5521134897692893,0.6265113007945085,0.5521134897692893,0.5578031270315144,-0.35525388364976673,0.5230498461507423,-0.6498018402708944,0.4449629117726313,-0.11516097288046093,0.39708252114610415,-0.11516097288046093,-0.15468408045679136,0.8287183953291802,0.8444337791850055,0.8312284599541774,0.7488038013402705,0.32604292960131015,0.8301219780597194,0.8318096402910705,0.8301219780597194,0.7413004126127779,0.7413004126127779,-0.22003958626715323,0.6967334896864473,0.2487446439350684,-0.628277063305382,-0.6208175162268049,-0.6238160016223794,-0.12620979680651792,0.029201098684037922,0.34553690857160646,0.04708452554093585,-0.47860506906411104,0.0833386885928955,-0.8275395887430816,-0.14157943787713934,0.0669544519388375,0.06751822197177787,-0.6035531975421315,-0.6009967170605717,-0.07304901145233235,-0.585616596939799,-0.8403854429727872,-0.36414146438041656,-0.19329199928352978,-0.36414146438041656,-0.2773463113885134,-0.3385210601041433,-0.3385210601041433,-0.8330794767379089,-0.8330794767379089,0.37132679793499346,0.5975693148576202,0.5019318170961302,0.8054551246667462,0.7530262763800881,-0.3436318049345351,0.06226481597292898,0.758393249687903,0.777180722693683,0.758393249687903,-0.1452573519884315],[0.9873458141757595,0.9731077083614844,0.5803837674136008,0.9892992543923523,0.9951803059590223,0.9873458141757595,0.9973263430905837,1.0,1.0,0.9995092912780196,0.9475217974809087,0.9984970577307198,0.9981053206340301,-0.13513520384241026,0.9990694086737941,0.949246844102235,0.9345405444501256,0.31576711995237017,0.9991186087143968,0.9991202418523308,0.9862964486410711,0.9992195995460217,0.3273748011862071,0.696981183640775,0.9922690488877107,0.9922690488877107,0.9833619493484141,0.9848192592684647,0.23909640057913958,-0.18532345764826283,0.9880900613102974,0.9915100405442897,0.17130899923292864,-0.23709775448250292,0.9982157188856462,0.998149680514652,0.36417254773839575,-0.32876999797054807,0.9965731997745535,0.9980325366600913,0.9423301360437973,0.29521657175612465,0.9279628922727752,0.9980446826320367,0.9279628922727752,0.9071331753418505,0.6019047639768561,0.9283119551886468,0.8991023575144748,0.6817076060699091,0.39725757377431115,-0.11070958380505744,-0.21952119124600913,0.9160901797532418,0.35785603515775455,0.963361613642559,0.9565594801370778,0.972727402729946,0.9951070353526131,-0.0748662506688409,0.8362000082419883,0.7981904767766316,0.8534376647971423,0.7932359164957474,0.7617642200407446,0.7932359164957474,0.7684374490441014,0.7565300450094509,0.7567939457680303,0.7565300450094509,0.8431037780680251,0.3192394756077739,0.5304271779039004,0.6092411408216487,0.5304271779039004,0.5436089326797433,-0.37055517685138994,0.5071010351493732,-0.658222705567178,0.4361308747835324,-0.13807334586867914,0.3797847184527759,-0.13807334586867914,-0.16177953427347128,0.8178367328440898,0.8278036256208239,0.8172215827246516,0.7333858147245688,0.30840824976503944,0.8198427932021775,0.8217360788872219,0.8198427932021775,0.7224608292739403,0.7224608292739403,-0.23609883621817715,0.7235523784578289,0.25636475404999726,-0.6380600191688562,-0.6342766267250496,-0.6370811192611758,-0.14151362716928914,0.02102388528077795,0.3385707962587631,0.02754192185800952,-0.49183129157344735,0.07397246349853108,-0.8340685743275345,-0.14815354326763722,0.05097159857500288,0.05155510129822217,-0.6158321410659814,-0.6021896959338774,-0.0799991105358805,-0.6034018753303821,-0.840448956818179,-0.3760462828254734,-0.19962030702935155,-0.3760462828254734,-0.2956634826526211,-0.35282032797875457,-0.35282032797875457,-0.8315481588708598,-0.8315481588708598,0.349782117868521,0.5799740535875405,0.48271516945052056,0.7872860706578965,0.7399096078273896,-0.3661322515146618,0.047792321771810094,0.7389474643085101,0.761226854862571,0.7389474643085101,-0.12779798167685988],[0.9873458141757595,0.9731077083614844,0.5803837674136008,0.9892992543923523,0.9951803059590223,0.9873458141757595,0.9973263430905837,1.0,1.0,0.9995092912780196,0.9475217974809087,0.9984970577307198,0.9981053206340301,-0.13513520384241026,0.9990694086737941,0.949246844102235,0.9345405444501256,0.31576711995237017,0.9991186087143968,0.9991202418523308,0.9862964486410711,0.9992195995460217,0.3273748011862071,0.696981183640775,0.9922690488877107,0.9922690488877107,0.9833619493484141,0.9848192592684647,0.23909640057913958,-0.18532345764826283,0.9880900613102974,0.9915100405442897,0.17130899923292864,-0.23709775448250292,0.9982157188856462,0.998149680514652,0.36417254773839575,-0.32876999797054807,0.9965731997745535,0.9980325366600913,0.9423301360437973,0.29521657175612465,0.9279628922727752,0.9980446826320367,0.9279628922727752,0.9071331753418505,0.6019047639768561,0.9283119551886468,0.8991023575144748,0.6817076060699091,0.39725757377431115,-0.11070958380505744,-0.21952119124600913,0.9160901797532418,0.35785603515775455,0.963361613642559,0.9565594801370778,0.972727402729946,0.9951070353526131,-0.0748662506688409,0.8362000082419883,0.7981904767766316,0.8534376647971423,0.7932359164957474,0.7617642200407446,0.7932359164957474,0.7684374490441014,0.7565300450094509,0.7567939457680303,0.7565300450094509,0.8431037780680251,0.3192394756077739,0.5304271779039004,0.6092411408216487,0.5304271779039004,0.5436089326797433,-0.37055517685138994,0.5071010351493732,-0.658222705567178,0.4361308747835324,-0.13807334586867914,0.3797847184527759,-0.13807334586867914,-0.16177953427347128,0.8178367328440898,0.8278036256208239,0.8172215827246516,0.7333858147245688,0.30840824976503944,0.8198427932021775,0.8217360788872219,0.8198427932021775,0.7224608292739403,0.7224608292739403,-0.23609883621817715,0.7235523784578289,0.25636475404999726,-0.6380600191688562,-0.6342766267250496,-0.6370811192611758,-0.14151362716928914,0.02102388528077795,0.3385707962587631,0.02754192185800952,-0.49183129157344735,0.07397246349853108,-0.8340685743275345,-0.14815354326763722,0.05097159857500288,0.05155510129822217,-0.6158321410659814,-0.6021896959338774,-0.0799991105358805,-0.6034018753303821,-0.840448956818179,-0.3760462828254734,-0.19962030702935155,-0.3760462828254734,-0.2956634826526211,-0.35282032797875457,-0.35282032797875457,-0.8315481588708598,-0.8315481588708598,0.349782117868521,0.5799740535875405,0.48271516945052056,0.7872860706578965,0.7399096078273896,-0.3661322515146618,0.047792321771810094,0.7389474643085101,0.761226854862571,0.7389474643085101,-0.12779798167685988],[0.9921401420652122,0.9806360830417372,0.5068779126138198,0.9939150363472383,0.9971564697684328,0.9921401420652122,0.9999688788687104,0.9995092912780196,0.9995092912780196,1.0,0.9540203475881688,0.9995911616394514,0.99996988338773,-0.29199700982681226,0.9999740563286224,0.9058353306233379,0.8697126561450076,0.22640072450992973,0.999795695939889,0.9997962853521671,0.988917905391379,0.9999670849725628,0.13541842600344245,0.6615569296768056,0.9946005594867464,0.9946005594867464,0.994550426820711,0.9882153213159091,0.08086893079271286,-0.11032438723698117,0.990438831573068,0.9904051343033484,0.003300777341839129,-0.18972681039425818,0.9993474206673776,0.9993053474696867,0.7788696779957752,-0.5127572570099337,0.9987659286304387,0.9993299667681625,0.8954861875070281,0.20297152528023543,0.9991969928531328,0.9992023791979875,0.9991969928531328,0.9096422371071025,0.6182720711976574,0.9277594224050847,0.902257472855832,0.7062698698916441,0.0070035991060110915,-0.5320924164273817,-0.17462553299657502,0.9205141536840054,0.32610382055663684,0.9629296743767979,0.9621474493611079,0.9794923037025127,0.9952508906424052,0.8676051488263232,0.8499467603279843,0.8856519183412851,0.8635688688324209,0.8839608952244575,0.8846420290726014,0.8839608952244575,0.7811423093787292,0.8289731500707981,0.8306377976867731,0.8289731500707981,0.8534679064613688,0.7524047372872724,0.8405783082653491,0.8419416413023243,0.8405783082653491,0.557121995909335,0.38497622553781524,0.5218944112011656,-0.6709659863398941,0.5021434319485879,0.46682094140540137,0.466772314533308,0.46682094140540137,-0.11220819045855092,0.829218617177538,0.8443173149102494,0.8315401567960697,0.8773607783171731,0.24766148140604533,0.8358654542086016,0.8380519003295458,0.8358654542086016,0.8433300104508955,0.8433300104508955,-0.22203715706665597,0.6973097327317731,0.07112873206235369,-0.6406233894596192,-0.6597825407561889,-0.6607393248611698,-0.12983683173008712,0.03181425492118404,-0.16513727441115533,-0.13787510608570275,-0.5235784709274601,-0.3695015431853058,-0.873701885596203,-0.5681306797622446,0.06583205562740024,0.06682957514263939,-0.6053411666835635,-0.5970791066721097,-0.5348096302287974,-0.5875517758481069,-0.812740985025045,-0.6028002004038526,-0.6049818506355975,-0.6028002004038526,-0.2800027242706323,-0.342184688416936,-0.342184688416936,-0.7922343741313205,-0.7922343741313205,0.3715464309912721,0.5961610169725253,0.819727890413666,0.8012058173503588,0.7513229240927686,-0.3718798207602478,0.6375465391541725,0.7043713975887878,0.7045351563108591,0.7043713975887878,0.09224904806694828],[0.9743652233975069,0.9634339465654153,0.4541753765797805,0.9722459010225564,0.9629049897030956,0.9743652233975069,0.9551903155958257,0.9475217974809087,0.9475217974809087,0.9540203475881688,1.0,0.9327793827931644,0.9552166451388341,-0.21920015917398838,0.9548954290659522,0.7959656263740232,0.7503137495793082,0.02155436127323402,0.9602914259477308,0.9602685325793041,0.9553474891182823,0.9553386728215288,0.06699196160102197,0.7057888258064355,0.9570355380175346,0.9570355380175346,0.957235201160922,0.8551802158260419,0.18913277694118272,-0.0919784816100428,0.9631931992927519,0.9633145405258591,0.16010113672220094,0.0886871750016107,0.9643675561148531,0.9646407272070904,0.8654017724674987,-0.42604156946875005,0.9430859447153718,0.963502145148717,0.7883859867382284,-0.0004970142872052298,0.9656401238521197,0.965605094284925,0.9656401238521197,0.7952753454932354,0.41497774456899517,0.7815370068222409,0.8768052522280402,0.837221353513715,-0.544360818993305,-0.6851359656524498,-0.28434795107312705,0.876049783583676,0.034719996295650715,0.9092370727200706,0.9092927156699037,0.9288373652420716,0.9615357460291014,0.8710961674406474,0.8682331535999,0.8941417113583051,0.8740761537118389,0.8866899381416548,0.8874288645404428,0.8866899381416548,0.8198304974520434,0.7999041492702801,0.8018920796571404,0.7999041492702801,0.8671195164255694,0.8851572394438126,0.8653795102043094,0.866088874698484,0.8653795102043094,0.6501774230008154,0.5722881070962506,0.6513962551795269,-0.3789991025219755,0.6733554457713024,0.6920162055627594,0.6948160648591795,0.6920162055627594,-0.2723750968861317,0.8714240684677942,0.9287902099973936,0.8878166099263175,0.8853806468292944,0.11163709010445817,0.8642139462780833,0.8654315350550285,0.8642139462780833,0.8747274892439274,0.8747274892439274,0.02388281825187202,0.3425864778867519,-0.09717890432382834,-0.559447742461479,-0.4126171744488716,-0.41466915024884243,0.026477129311091707,0.40463005586804446,0.0743651081804765,-0.08140698253618776,-0.422610602609403,-0.026491421250409472,-0.8066489070238423,-0.18845622061680764,0.29341946221644666,0.29257553848428425,-0.3772265070198453,-0.4374714531447981,-0.3350447266502301,-0.3426991456153029,-0.6783972594580836,-0.355610509442139,-0.357757106565929,-0.355610509442139,-0.07998605918590038,-0.37805279532878044,-0.37805279532878044,-0.538962148587719,-0.538962148587719,0.5537902181902725,0.6657198692533031,0.758710130240688,0.6768693530063188,0.831673340997748,-0.4656525797776984,0.38701835570044985,0.554814756015335,0.5551069107649902,0.554814756015335,-0.2228925323755467],[0.9842861817658041,0.9825954265065782,0.9966760797795952,0.9886065116009262,0.9958730405796089,0.9842861817658041,0.9996352146247893,0.9984970577307198,0.9984970577307198,0.9995911616394514,0.9327793827931644,1.0,0.9996328334484366,0.9996299902533223,0.9995903278506657,0.6971981225140509,0.6348508425994572,-0.43054402827583715,0.9997680344359784,0.9997716180671806,0.9996398994569072,0.9996399656334366,-0.21981543234134918,0.9664214176107806,0.993360927725755,0.993360927725755,0.9933378378842683,0.99088149256109,0.10034370452995395,0.10922614791593363,0.990049573430576,0.99010668500871,0.9746045518966808,0.0653473216725073,0.9988492097239954,0.998796521223172,0.9986340984991231,0.999294542941699,0.9992928517460518,0.9988672989041849,0.6647284759124069,-0.4400746244019131,0.998576586535292,0.9985868354601842,0.998576586535292,0.9032878514297472,0.46516153830194124,0.9238657725246777,0.9002320964851813,0.7073755336258788,-0.5047844747499057,-0.641358179987895,0.7966147099457996,0.8172587975865434,-0.3147882073857717,0.9247627694127144,0.9249715765011565,0.9632350421590732,0.9929461167558563,0.8725924381270771,0.8813148738469976,0.8522575656688117,0.8542731192512202,0.8604128000438157,0.8612460393112066,0.8604128000438157,0.7078076128315032,0.665243299484465,0.6679310634851124,0.665243299484465,0.8811647390616226,0.8891305501292012,0.8800232463833737,0.8813557575114987,0.8800232463833737,0.37893721207050435,0.30887950836513267,0.4309797481433243,0.5503910993635074,0.43188556046221666,0.472259235120139,0.4747393730116564,0.472259235120139,-0.39931520578214125,0.8035205942799354,0.8485873360691875,0.831047129086856,0.880586105307562,-0.21483486270362176,0.7973142551566498,0.7978047722599492,0.7973142551566498,0.8101264755464316,0.8101264755464316,-0.2791261626117644,0.6888284763954262,-0.38998453500433594,-0.7348580320415061,-0.5426882690449731,-0.545086887110482,-0.382147605992281,0.1852910524593579,-0.28158651579347693,-0.47434668599645863,-0.6837245349419164,-0.36384050780322025,-0.6118930889766303,-0.43086666977919547,0.059301052983253555,0.05575564922630111,-0.5632014266432793,-0.5301976535997664,-0.5497616168069802,-0.5843063743413359,-0.578314716407553,-0.5529220709925817,-0.5559715771829769,-0.5529220709925817,-0.4335186522775423,-0.6091872265872927,-0.6091872265872927,-0.6076844173101671,-0.6076844173101671,0.3668399089884272,0.34994924476475,0.4714276846333121,0.5565578945152985,0.5440543888496354,-0.5596069214100157,0.2943460285800277,0.3058422362165584,0.306022062048265,0.3058422362165584,0.208066217012189],[0.991507385330532,0.9808531215392249,0.5907678398815327,0.9929783026057916,0.9969803047463228,0.991507385330532,0.9999963403971864,0.9981053206340301,0.9981053206340301,0.99996988338773,0.9552166451388341,0.9996328334484366,1.0,-0.12610027138965657,0.9999946561123797,0.951009026677624,0.9402848334017431,0.337839771102708,0.9998490432178389,0.9998491303661823,0.9891293114987297,0.9999971306545548,0.35393523260806603,0.6969303256825538,0.9902348242642925,0.9902348242642925,0.9854782066414066,0.9883679125232325,0.2578066128252354,-0.1711333768279513,0.99182807696505,0.9916241919928183,0.19097205343831417,-0.2307682506856488,0.9993190410192714,0.9994217156492131,0.3836580214695851,-0.32144576808797337,0.9988459999799141,0.9993599286845326,0.9436636681843519,0.31774813149795766,0.9361609785751402,0.9990562471530564,0.9361609785751402,0.9097640139692577,0.6176518204075853,0.9282308944235852,0.9029902188119716,0.7070301109515637,0.41095114305539865,-0.09480348374366686,-0.20593642206516075,0.9251966361065076,0.37882803575584284,0.9682043211901415,0.9620767153995023,0.9781187789055411,0.9960351070353587,-0.06427828606177592,0.8493280249772773,0.8155636398090009,0.8628169558866516,0.8094329424210923,0.7746259515584043,0.8094329424210923,0.7820504054242811,0.7765630731039848,0.7709068713764008,0.7765630731039848,0.8522652519269135,0.3397030030501177,0.5521247756032657,0.6264246915753167,0.5521247756032657,0.5577497817593098,-0.3552730773940255,0.5230115372239447,-0.6496932767324334,0.4448565060339443,-0.11528966740081453,0.39712203075160896,-0.11528966740081453,-0.1548331838489051,0.8287946182901927,0.8445751617639715,0.8313299021630605,0.7487967362052012,0.3261168200593525,0.8302090923237873,0.8318926820713557,0.8302090923237873,0.7413766852828034,0.7413766852828034,-0.22000381606024091,0.6967229513803112,0.24885739922580727,-0.6283038964308293,-0.6207316770347655,-0.623736222373811,-0.12629503555284788,0.029066881918025256,0.34570651498593075,0.047102255045548796,-0.47865665568255766,0.08359742543014777,-0.8272716602370368,-0.1412895742792211,0.06701017176394902,0.06759115293223744,-0.6035396309398563,-0.6008035641085285,-0.07280132284878095,-0.5855880043878694,-0.8402749479592816,-0.3639152029945693,-0.1930866158702332,-0.3639152029945693,-0.2772054093197621,-0.3384879381201689,-0.3384879381201689,-0.8330232337928144,-0.8330232337928144,0.371807794990782,0.5977105845957983,0.5021804439830404,0.8057112901461345,0.7531015397171213,-0.34341376686608244,0.06254975635232955,0.7586434370083229,0.7772955904263783,0.7586434370083229,-0.14528163300891098],[-0.10858591430546967,0.9808266871660359,0.5088048398977857,-0.11241522995770538,-0.31365247447112743,-0.10858591430546967,-0.12642501926869723,-0.13513520384241026,-0.13513520384241026,-0.29199700982681226,-0.21920015917398838,0.9996299902533223,-0.12610027138965657,1.0,-0.12550789224403305,-0.14849783846064424,-0.12737154680253737,-0.29784082436267323,-0.12686247606526121,-0.12737938903879803,-0.24738469077839045,-0.12702180434147212,0.031197041385934203,0.3114215047595894,-0.15798875347746466,-0.15798875347746466,-0.15831922974812315,0.9883543776220768,0.25491006415825346,0.18825843337908466,-0.1654372233387402,-0.16602922401606096,0.5399231931889646,0.12348697573810416,-0.12482651254588936,-0.27875009544531076,0.17638957841954753,0.9562834771376201,0.9988446363225774,-0.30826029219764156,-0.14682540428183363,-0.28793148051395306,-0.12501252950244565,-0.12612387642702383,-0.12501252950244565,0.9098120027107701,-0.1133257309487654,0.9281933423979201,0.9029289665143202,0.707008496472753,0.08622845045838037,0.2485297168620824,0.6453458694789749,-0.24881578614678102,-0.29842285909106125,-0.05087499240776733,-0.28057766538140716,-0.08674516973329896,-0.15602875271670977,0.044422887629377225,0.31911545681187703,-0.0017837668633165712,-0.26809672088523867,0.0005417867036246702,0.009543316987015583,0.0005417867036246702,-0.3668041988048692,-0.08669530658910231,-0.08876149871514111,-0.08669530658910231,-0.16792980506839458,0.08244726353670305,0.0612380305987613,0.06118445227355011,0.0612380305987613,-0.3820580788380859,0.007028539715046379,-0.34711944968595476,0.6172770392886737,-0.31494396553677645,0.01105015005734584,-0.04662322179771979,0.01105015005734584,-0.30779379380470046,-0.3002657357995394,0.8445650984589362,-0.06434007680124681,0.0318899129121689,-0.22623231408879363,-0.22873912923286338,-0.2283928913040461,-0.22873912923286338,-0.007873080296881498,-0.007873080296881498,-0.20347560717126803,0.6966675936501427,-0.16051840777206083,-0.04035447248378411,0.18770832779211097,0.1862271059563884,-0.25542777046338144,-0.002697005839455627,0.01948570703378075,-0.18015663524489933,-0.12461947331677747,0.038210490535407156,0.3706792935770388,0.10720192496335043,-0.034137672199238606,-0.03800977805707592,0.07705547090307359,0.5625738767765144,0.08557266811345746,-0.21114876188208123,0.599666211394318,0.08760936371928513,0.09618028657753111,0.08760936371928513,-0.24259475496430677,-0.2020615162909592,-0.2020615162909592,0.31324625231982234,0.31324625231982234,0.3718788490263949,-0.24297723656911424,0.024976607890089573,0.09852496798347965,-0.23358842501713123,0.06350439023464476,0.15871643046289904,0.1102886661759955,0.11020053397748564,0.1102886661759955,0.12413021973746757],[0.9915676532547192,0.9806603775113083,0.5910485047344266,0.9930122999374108,0.9970097030831618,0.9915676532547192,0.9999928640810496,0.9990694086737941,0.9990694086737941,0.9999740563286224,0.9548954290659522,0.9995903278506657,0.9999946561123797,-0.12550789224403305,1.0,0.9479743455966865,0.9263843002061537,0.33795682500190055,0.999851861880762,0.9998518468113115,0.9892787446790076,0.999994602479231,0.35460045404825796,0.6967768307068358,0.9936219834172332,0.9936219834172332,0.9935175607650047,0.9882651101626162,0.2580719544387045,-0.17117842323539967,0.9925954154489816,0.9926432380035664,0.1917316858515054,-0.2306045427616968,0.9993675904700628,0.9994207298449654,0.38263171870248863,-0.32062076493094,0.9987909891187484,0.9993627754486752,0.9430836899169588,0.3178893079118604,0.9356724141982192,0.9991104203667392,0.9356724141982192,0.9100401376868366,0.6183561677334097,0.9285351175719064,0.9033026860956179,0.7067473375683879,0.412341144244338,-0.09322686432841286,-0.20614309915478818,0.9255747718446409,0.37910704482889723,0.9686127551180834,0.9624192290074548,0.9784007128768094,0.996072451560526,-0.06529377887379131,0.8496068873643793,0.8154844522015029,0.8630647209879545,0.8093919189382001,0.7742125044694721,0.8093919189382001,0.7822450289807195,0.7765157915297598,0.7713088009702306,0.7765157915297598,0.8526001533209241,0.33902707881207933,0.5516222763231258,0.6264488352415284,0.5516222763231258,0.557591582187179,-0.3564366135881452,0.5229279053512352,-0.6498549646063231,0.44447981392347247,-0.11628719305887432,0.39677634027473446,-0.11628719305887432,-0.15477929127131343,0.8289291547156976,0.8442400462142648,0.8314432830375007,0.7397484450351756,0.3264958362831924,0.8303248944377648,0.8319977644333699,0.8303248944377648,0.7411876502349992,0.7411876502349992,-0.22153941061298643,0.6975606523328687,0.24935725512277226,-0.6282892524840709,-0.621107066578822,-0.6241159229246085,-0.12744667388239303,0.027842220327144247,0.34601486286020494,0.04666339643144227,-0.4789022786530074,0.08367878265770322,-0.8264292203711359,-0.14113029438780827,0.06600220018710531,0.06657837592918112,-0.6041615920465464,-0.6010634028926788,-0.07222247340920057,-0.5868709200499973,-0.840272036258439,-0.36385180283238433,-0.19253003768536253,-0.36385180283238433,-0.2781733852291819,-0.338958115173593,-0.338958115173593,-0.8333693997402132,-0.8333693997402132,0.3719721347148401,0.5973768291816832,0.5016504321227502,0.8061525526516059,0.7525388076448825,-0.342950418343873,0.061883730114811575,0.7590458030920275,0.7779018802613472,0.7590458030920275,-0.14496295786744073],[0.9208408976912699,0.6359541418324193,0.5167624563882128,0.9215404766114852,0.8896163595214528,0.9208408976912699,0.9510265409152863,0.949246844102235,0.949246844102235,0.9058353306233379,0.7959656263740232,0.6971981225140509,0.951009026677624,-0.14849783846064424,0.9479743455966865,1.0,0.9962501975295431,0.3989453869603147,0.9412022917037547,0.9411971677543741,0.9105428779800752,0.9475843093332376,0.3332396460585872,0.5860320102186688,0.9401484677413846,0.9401484677413846,0.9296993723162966,0.40638109075093803,0.20366693431641164,-0.1906812458835463,0.9542491975100695,0.9533950883215405,0.15781950095851802,-0.2597163254411156,0.9493942947265649,0.9138642870801081,0.32661678018207696,-0.3211400887986866,0.7064847911186105,0.9024227028664095,0.9984887795835113,0.3801310520527914,0.8785511946304705,0.9491857076675496,0.8785511946304705,0.6337995740269364,0.5996928458634398,0.3503412290315001,0.33041629982907256,0.47180462478124846,0.41245430382942194,-0.07079103763923324,-0.2106858152109602,0.865486397996661,0.404262849158401,