var element=document.getElementById("correlationAdjClose");if(element.style.display!='none'){var correlationAdjClose={"data":[{"type":"heatmap","z":[[1.0,0.9999917527266666,0.9849339982125705,0.9999239049338463,0.9989520830115394,0.9877415771455813,0.99762882455442,0.9955104694320484,0.9958219882359441,0.9800926150249165,0.992753832813055,0.995648126658667,0.9948945003783948,0.9955621231282742,0.996405824724714,0.9961065086196973,0.998168947626737,0.9962412804333901,0.9962532761000489,0.9963081924209751,0.995597767118277,0.9859825295328626,0.9702694316737422,0.9884576394481653,0.9873423443200359,0.9832652628975397,0.9650187072313878,0.9463894794261638,0.9937746110116227,0.9944629329637964,0.9919307010922802,0.9755937621591898,0.9975398915029093,0.9978198696290516,0.9972406797775997,0.9957097496851657,0.9953259063722799,0.997697089221439,0.9984992738207445,0.998704821728356,0.997484796863215,0.9974955422224068,0.9767592096259403,0.9166526620481025,0.7454188475821654,0.9059487559075929,0.9083678970520465,0.8421195616237122,0.965654317702493,0.9454610890529719,0.9670725507217479,0.9648896178492667,0.957369641827164,0.9855701157662384,0.9822372102792364,0.9848771255275158,0.9787841447176193,0.9866574531347605,0.9841893038524204,0.987265242768936,0.987041037699386,0.9647617076098328,0.9694370655330118,0.9725189487948638,0.972175882816711,0.9471812589668418,0.9768252575021691,0.9748779053238855,0.982880634710179,0.9820527105033909,0.9376649861890323,0.866163093995012,0.8336751546228949,0.8850263665469834,0.909539871366592,0.9051642851589343,0.9074564867586155,0.9060353237996267,0.642273290035593,-0.5711353169398061,0.9780600989210847,0.9706088612866712,0.9670435615457867,0.9856999857027233,0.9717351960649202,0.9825402157276691,0.9824913290911905,0.9472432667765037,0.9826903160634655,0.9510229584433568,0.6608845134452447,0.8764084644705202,0.9180272871105789,0.7620045332074569,0.9244488413310934,0.9436493596305141,0.8208062611248635,0.9596095022689974,0.8958773424614115,0.6346038358391637,0.7104172456037139,0.8919278192954385,0.8655988161751524,0.8889094537058719,0.9700560905257731,0.9702564562524177,0.7393134980078451,0.7105219715963123,0.8250492496293307,0.3508310094953573,0.7954937992315911,0.8294032601647546,0.8160768290877259,0.814248661275878,0.7560486316292128,0.743573357860885,0.7241689675806906,-0.24876445500302302,-0.3855955528761086,0.6420248373959316,0.898383640500407,0.9429182052662927,0.9475109116484915,0.9176606541563518,0.8281944491736226,0.9145766454985752,0.9361561656912593,0.9359731605668571,0.8704378239387455,-0.18920956530971175],[0.9999917527266666,1.0,0.98426301024826,0.9997865204970855,0.9977510931646862,0.9904964111890497,0.9934673916134887,0.9895428191386891,0.9895744019199882,0.96983687185155,0.9918066264099533,0.9897636240384599,0.9896019270286973,0.9896480988778147,0.9913934986598222,0.9947466860005857,0.9953340746325261,0.9927233455837042,0.9927222812914838,0.9896442436567762,0.9897005098004017,0.9889316492615191,0.9649707470846179,0.985375148054129,0.9851294928834371,0.9831372800930284,0.9746565929555449,0.9152562085482445,0.9878168207313689,0.984463873988054,0.9766595892067014,0.9171402433483132,0.9949507428512825,0.9947914127374665,0.995070335383982,0.9906083585683776,0.9945485364278358,0.9950658805501486,0.9963970243698965,0.9967158192444624,0.9950510514732784,0.9950595305192947,0.9871774523041874,0.9162964724943442,0.5926668903322868,0.9054168063384691,0.9081877696440678,0.8422653624217824,0.8711826814252837,0.9138001220778256,0.8748265372465063,0.8968934222846823,0.8702503376818246,0.9545464146642555,0.9544617314162174,0.976168434935649,0.9797370522140957,0.9742109008880173,0.9738273106864079,0.9766964989175277,0.9766107447191031,0.9401562129540442,0.9489320497075343,0.9175178153181701,0.9174225372198359,0.8222400375095588,0.9716802288514661,0.9738179379596902,0.9740586000912852,0.9734952433172548,0.9364249542842732,0.674205894309629,0.6171576243305154,0.7637381009221622,0.8533907028498688,0.7866390730426465,0.8212521378891638,0.8195549966955418,0.6145904137615872,-0.2752140197140292,0.960225538059419,0.9665355711354354,0.9599521431235479,0.9769967132155827,0.9572867567528796,0.9644936562679486,0.963634497645194,0.910657888620139,0.9672433812112653,0.9159151938799209,0.5022923185063405,0.8755655513750161,0.8724510082062555,0.310774360875464,0.679978006913971,0.7657325108731696,0.6529868938686727,0.9591297981979742,0.6637823616910621,-0.25263577009442323,0.15146758742294678,0.6323823499201547,0.6381926464133443,0.6851650286576724,0.9607384188034049,0.9606043217099393,-0.062150314310235766,0.17934148481227508,0.019412146646645295,-0.014359192089316613,0.01429419109295784,0.030945087949168282,-0.0011497082974362574,-0.046229912198261384,0.3877884274458872,0.12261624339390718,0.0725978835704511,-0.4503691857417803,-0.48708349206903284,0.6418833488920107,0.7470086776088893,0.7716810299741028,0.82985969120606,0.8254832147204155,0.5441597557873791,0.7344024531180064,0.766729715604404,0.7653855433388522,0.4133589171421619,0.1942333047685355],[0.9849339982125705,0.98426301024826,1.0,0.9863579663092891,0.9930371939234961,0.990405171914423,0.9906550174094846,0.9911354302656915,0.9943593545699181,0.9562723602556218,0.9970701484769111,0.9910271685740846,0.9929547728129867,0.9911947315417322,0.9917064755374544,0.9930204440320232,0.9905358439245989,0.989755485528579,0.9897217545245497,0.9928895881517302,0.9910645335272691,0.9938673966918442,0.9804427051940421,0.9909800806070309,0.991423648692802,0.9821732992618911,0.983168840309257,0.9505979851684865,0.9723501389468675,0.976098004863414,0.9780773904319284,0.9512224796957562,0.9879452653400219,0.9910632572761235,0.9893844512796819,0.993019752474455,0.9949655008947187,0.9921461507833371,0.9848625224242903,0.9881663773186082,0.9882312929479175,0.9876037969170184,0.9909496604194475,0.9160197764644378,0.6860513499411471,0.9294001154015397,0.9022790309306479,0.7578263454728494,0.9259672594301976,0.9006950493528858,0.9282442829666722,0.9248454485652596,0.9142154707614251,0.952505314500929,0.9599513686880603,0.9331282267747466,0.9524238685084695,0.9562018640871343,0.9623562604880926,0.9567101756158127,0.9309764189333262,0.9033442500979915,0.9312207161021988,0.9263908633525748,0.9091170821291558,0.869431144182116,0.962270924471155,0.9403121226705428,0.9568936443173386,0.9354880458856111,0.7848372457935653,0.8091159055439581,0.7382806444507013,0.8305025495806789,0.8715108924329108,0.8700103417696881,0.8402630586884674,0.8542266408665022,0.32001003577156933,-0.5696389984354324,0.9495587614292031,0.926360535363525,0.9291554169316032,0.9334795470680081,0.9439176139046466,0.9539472728606683,0.9535383725618676,0.9174815254817572,0.9499947830119092,0.8471131403617161,0.6347774789424669,0.9388393591281224,0.939353971435709,0.7245019147094456,0.9069033728632244,0.9282168142023366,0.8065372593843588,0.9788823175145739,0.7782600939003465,0.5414604632211166,0.6505311777168797,0.7863684048593788,0.7915463321757468,0.7751361579984827,0.9823368394274474,0.9823689705264268,0.6597274273200313,0.6475644611234005,0.7131269940165857,0.2845477145052708,0.6916601589799644,0.7115518252566453,0.7237520936076602,0.7080120549973923,0.7116293572764508,0.6717672430671187,0.6505694015157929,-0.3202480424838723,-0.45671194257370945,0.6006819361867012,0.8589560615433822,0.892729928387299,0.8947531274814143,0.890983612224326,0.7588754684195473,0.8669195372965045,0.8813192891199235,0.8899064653185385,0.7386878693482819,-0.10908737335533619],[0.9999239049338463,0.9997865204970855,0.9863579663092891,1.0,0.9992487480241563,0.9887258941063607,0.9979521701624084,0.9960209323135605,0.996413171528121,0.9797417785194285,0.9940742179993999,0.9961405608447911,0.9955939638287463,0.996071102093079,0.9969123084312721,0.9966481222385088,0.9985022721579214,0.9966872883756761,0.9966966608890373,0.9968120751784441,0.9960939664371655,0.9872476270983225,0.971606462804725,0.9895360842359141,0.9885314852335648,0.9854341796359555,0.9671073260805465,0.9475804199754262,0.9932224415504484,0.9940999036583972,0.9920178820902684,0.9752360947214511,0.9976896436345813,0.9981066208951993,0.9975421480380781,0.9962640869703036,0.9960533382929362,0.9980230857660569,0.9984381242312724,0.998842864884204,0.9976263333701418,0.997633841673674,0.9785891113162385,0.912383020243725,0.7390531500456772,0.9067109067770475,0.9062220906240952,0.8321025276906948,0.9627302323850395,0.942044550701853,0.9640410870561451,0.962235949170965,0.9545001614831304,0.9834986035452326,0.9807117553037005,0.983186001980744,0.9772127550650511,0.9851483718247525,0.9833867355072476,0.9856765415764432,0.9854469197122705,0.9519256306844914,0.9678569734420686,0.9708208493930646,0.9704767027090198,0.9407616241489283,0.9761976657846528,0.9714291630132456,0.981179135031773,0.98031046748452,0.9116323716688841,0.8641212173528618,0.8289965537643522,0.882724096702609,0.9060864635931829,0.9043216648857301,0.9045088136917094,0.9031487906722699,0.5392324745586635,-0.5711077436287264,0.9769117157114899,0.9686292349119651,0.9650168775161467,0.9840128217653892,0.9706552945208323,0.9815065710900167,0.9814550757010451,0.9462381665272651,0.9809639065313169,0.9316148863407655,0.6662359742969461,0.8841730854740711,0.9224831614965788,0.7635651419826613,0.9261624224884056,0.9451075292041106,0.8211274034059157,0.9610797464986947,0.8897400577347212,0.6312381076500398,0.708640792107203,0.8868522369404345,0.8620403575931626,0.883506153479089,0.9711160387012219,0.9713243279899283,0.738330508106536,0.7107965300605215,0.8171324378632102,0.35288725905085133,0.7898649087438165,0.8212018334502842,0.8079445778814155,0.8089588636280689,0.7588311563180394,0.7436204224842962,0.7242849518697606,-0.24414692207872993,-0.3848532480191435,0.6406101385975402,0.8964995925345685,0.9411349064737724,0.9457715704460732,0.9165456755014983,0.8253975028235798,0.9126109254898016,0.9339563156158106,0.9339265091293723,0.8628506367325729,-0.181911641550043],[0.9989520830115394,0.9977510931646862,0.9930371939234961,0.9992487480241563,1.0,0.9916526712234016,0.999057222396647,0.9983466798454198,0.998405039856613,0.9736419203010507,0.9977767755954087,0.9983890195084644,0.998200715134622,0.998380468747546,0.9986887575216857,0.9978776561777906,0.9992225036078253,0.998754201952815,0.9987537717923529,0.9984600359720344,0.9983750040362239,0.9938688664432617,0.9792614240765035,0.9940549024210218,0.9939965469612758,0.9888478431803981,0.9809872050737893,0.9509787800935335,0.9897335195104089,0.9922787285222587,0.9895927487155869,0.9663602127225002,0.9989390049389165,0.9989763415636409,0.9989775260326038,0.9984846890058442,0.998557592727735,0.999078482743189,0.9991029023668779,0.9991458079271209,0.9989263445763096,0.9989258988074368,0.988920026895362,0.9219268371016349,0.7144194512348597,0.9208680282562552,0.9101647889078194,0.8148213471554108,0.9466986297608416,0.9310784180074647,0.9506742921273328,0.9537463801205719,0.9454891647442066,0.979699859979521,0.9796126662841528,0.9792130485357916,0.9712224482347599,0.9801682324587107,0.9790717275532227,0.9804892930803314,0.9802082936275217,0.9535266594376215,0.9578377111995744,0.9527008871622944,0.952246300001769,0.9086556289604799,0.9732121363930657,0.969772919601795,0.9764107460774315,0.9754648468858611,0.9332213551445838,0.8398668379740127,0.7955445210768595,0.8651394223075964,0.9090469902354106,0.8903589320010248,0.8989272817691129,0.8976287706543293,0.6964175104871103,-0.593065923168275,0.9697894445992001,0.9568842714514317,0.9544348103969813,0.9803067820181973,0.9596803692103225,0.974014991590664,0.9735453068866918,0.9358704333023147,0.9759672895978475,0.9397714339575401,0.6529236369914703,0.9040681739500329,0.943854938757568,0.7153918547787917,0.9050550066478033,0.9298064701862473,0.814919176407832,0.966902851634502,0.8810356978624746,0.4760556382930749,0.6415568593948102,0.868810010216714,0.8264087750471244,0.8711327811480905,0.9752291586489592,0.9753881380754608,0.6921108326395631,0.6915447818854095,0.735982168868031,0.32794847938709326,0.6754030717030675,0.7417855691897935,0.7180754461893207,0.697501772157687,0.742900961137168,0.7262494044802567,0.70595965424859,-0.4639036477263985,-0.5416501248090477,0.6302506485212711,0.8891924137223416,0.925448119468031,0.9374798125762615,0.9128079829487012,0.802204859234395,0.8955886724182787,0.9185085551843425,0.9179948125973699,0.7967645687108185,0.032446071661455654],[0.9877415771455813,0.9904964111890497,0.990405171914423,0.9887258941063607,0.9916526712234016,1.0,0.9878568866448258,0.9881014546847784,0.9877110194552462,0.96316913201036,0.9797463294793327,0.9880315394549372,0.9892729387385591,0.9881631397299192,0.9882985890635635,0.9909465370995586,0.9892282048643825,0.988944987200255,0.9889373904624006,0.9869735345355104,0.9880966900485092,0.9960424961910482,0.9917728506814821,0.9882044803351262,0.9881206433877029,0.971589925172045,0.9856230783992055,0.9681364422481576,0.9705286610809566,0.9750342035009613,0.9831204811309887,0.970027264056182,0.9877487601855054,0.9879696344535038,0.9887787292691347,0.9889502463381755,0.9818423864889019,0.9888023473828641,0.9874260210375945,0.9883861612636292,0.9878569743498542,0.9878607252191919,0.994992502580364,0.8741953698478866,0.7144532188433194,0.884374272653174,0.9034454873795282,0.8319717461016238,0.9296757543476,0.911321187088767,0.9316765445589766,0.9403670156681759,0.9273250534869477,0.9599698760393043,0.9646197874960973,0.968639955616252,0.9817143342404671,0.9697137554218781,0.9817573249895898,0.9695215638796535,0.9689561964730317,0.9697227941009471,0.9616483499292097,0.9436574868968223,0.9431476375025949,0.9330605564827035,0.9794591319791324,0.9717833045446829,0.9700113466406544,0.96842880981045,0.9526266408887291,0.8625132084407781,0.8146789959806691,0.8829293878456488,0.9003308963697569,0.9081192928063545,0.8905901914878547,0.8884414735229101,0.6630054436792229,-0.5324009698665234,0.975927214628241,0.9733913394904494,0.9696995975464515,0.9697212488304465,0.9669006712770818,0.9757889111818977,0.9754185156442736,0.9581247517907009,0.9652200132311004,0.9573692770097699,0.6693715520580373,0.8515127113793357,0.9413579584367937,0.7628850116703622,0.9168680669137151,0.9338340359294703,0.8153250287139776,0.9573381107065048,0.8444910504458206,0.5746277541156153,0.68108623108413,0.8421773255158039,0.8213626635185175,0.8401673931986324,0.9592954136502687,0.9593552907532155,0.6995409275951531,0.689567114438453,0.7597288826751668,0.352697712085219,0.7407740524172035,0.7654921983795321,0.7516639806725349,0.7536230893072676,0.7453584333279002,0.7129595186047452,0.6957838123604594,-0.2741918290694637,-0.4025413976398653,0.664851582977366,0.8794296736584614,0.8974086667209472,0.906191396277836,0.8940476627536416,0.7972475330092694,0.8663825330285314,0.8888319847098363,0.8888733512269766,0.8323863115312501,-0.15224326822231637],[0.99762882455442,0.9934673916134887,0.9906550174094846,0.9979521701624084,0.999057222396647,0.9878568866448258,1.0,0.9972359974279079,0.9995456214672801,0.9733870462432913,0.9994594971711966,0.9981986098223602,0.9990882124823247,0.9990587114423991,0.9996344568863352,0.9971933725081782,0.9999023036343517,0.9992833818859709,0.9992886832642267,0.999664782646251,0.9992526709983696,0.9907098011485355,0.9751903014101558,0.9844980156853487,0.9927482593205724,0.9882262575922689,0.9725662156426282,0.9459419300785875,0.9920531547260945,0.9917833538291136,0.9931756404468092,0.9723876393846294,0.9988704416327773,0.9998262313050863,0.999667558062123,0.9994136355972565,0.9996835066863174,0.9998565845837335,0.9974493757441265,0.9996888133436737,0.9993005233887722,0.9989211782435333,0.9827545478206786,0.9286676966428847,0.7304649704783898,0.9333962817386542,0.9204879317833923,0.8076642312417988,0.9580566745435858,0.9414731559140033,0.9601611162177318,0.9581802552293766,0.9512699772621483,0.9817685275414371,0.9801855803006551,0.9426729390276909,0.9577243408852693,0.9701727832586701,0.9705172562015033,0.9719225585732046,0.942794312013817,0.8948846452750274,0.9481846617518289,0.9566816451989435,0.9337289107703003,0.881851733660222,0.9625050636480932,0.9330113621676499,0.9639966942974146,0.9430384087130308,0.7480850818856238,0.8344560406202789,0.7608902149241036,0.8519258339224031,0.8772105673916162,0.8813552339564712,0.8601886868105012,0.8726512827790597,0.2744261302019837,-0.6054224499029914,0.9603635005380894,0.9408409582311685,0.9403095727679189,0.9448168450965926,0.9566285117236999,0.967823932894274,0.9678691255048256,0.9260760577446822,0.9640493069364854,0.8299004187238707,0.6476491557319825,0.9044762085166358,0.9224270974675426,0.7523809415360516,0.9233766767616002,0.9435189354676382,0.8155007995536737,0.9663330207851765,0.8313181307873608,0.619988351132667,0.699011951085357,0.8441466376003568,0.8409168292016701,0.8301179065528137,0.975311131373361,0.9755349826853109,0.7249287934732122,0.6882590786542799,0.782538892190649,0.32310425100056733,0.7670489887140924,0.7920240078687001,0.7819709508346158,0.788413023964767,0.7388471597136755,0.7312186378685065,0.7100868007004495,-0.26203845912294393,-0.4099847842328603,0.6487381877323964,0.891227909180071,0.9287124458851622,0.9440428795159138,0.9166114490344913,0.8238906797542378,0.9125928412724831,0.934328123690828,0.9337382207522819,0.7751691883428957,-0.14484254563397375],[0.9955104694320484,0.9895428191386891,0.9911354302656915,0.9960209323135605,0.9983466798454198,0.9881014546847784,0.9972359974279079,1.0,0.9999847622893597,0.9677050090190864,0.999672236464872,0.9999969317384741,0.9996710584111507,0.9999979414229052,0.9996067104983366,0.9933452039517761,0.9993441214036332,0.9998927967832927,0.9998923278091331,0.9999585107313429,0.9999946623913477,0.9909902942322241,0.9763038070475382,0.9920123729836015,0.9932533490601858,0.9855849476343789,0.9747540176550967,0.9447350128827686,0.9883299400704534,0.9941279572773067,0.9918234773007651,0.9690684059523966,0.9994349301090066,0.9995052656459875,0.9996260742426935,0.999699131979423,0.9988710886746728,0.9994330473599994,0.9978382220765467,0.9986081307788549,0.9995044792171507,0.9993684304018091,0.984254581549383,0.9287243625487502,0.7173762687875079,0.9389731496779826,0.9180826213318749,0.7871411797484632,0.956455161202721,0.9365881710825142,0.9581510541744239,0.9518167698101907,0.9447978437949902,0.9797629702732213,0.9769814602515147,0.9370870786993473,0.9522225065696989,0.9626012636165867,0.9667039992036592,0.9648215972972382,0.9408586034472669,0.8847555926934622,0.9423523654562643,0.9489482402074924,0.9277390895389555,0.8671225491777119,0.9591046202355092,0.9258222652282636,0.9576492291372872,0.9378385632265998,0.7323382781487591,0.8246696907450337,0.7559162129972457,0.8421557556492548,0.8685772642589749,0.875517443019182,0.8550769316735185,0.8646838991638267,0.254137102456258,-0.6110061673653584,0.9551504481094034,0.9317750357180963,0.9324669203017796,0.9426336447890794,0.9508026365616112,0.9627287158048633,0.9627681507385175,0.9193563364112594,0.9559767388890356,0.815660614359875,0.6431953289065289,0.9235061201357543,0.9346386533087715,0.7471872200340088,0.9227633875360369,0.943172433322164,0.8128002958353301,0.9709330660076685,0.8349719549047234,0.6056183724363993,0.6896054048426526,0.8453433325248583,0.83784643218792,0.8334180910092627,0.978232093043311,0.9784603048524979,0.7148467873597489,0.6794372744361479,0.7844151226637895,0.3085384190386458,0.7618058445136152,0.7876212777837689,0.7831518092278345,0.7828238310384752,0.7316407003864677,0.7248528769440741,0.7030521344260089,-0.27897573037588347,-0.42595247872921865,0.6311566553867233,0.8828314183501573,0.9264049773031158,0.9363183841445489,0.9102993576485453,0.812483954751572,0.9060554118038513,0.9279950221940445,0.9276550525954471,0.7550558905467061,-0.12701001665692002],[0.9958219882359441,0.9895744019199882,0.9943593545699181,0.996413171528121,0.998405039856613,0.9877110194552462,0.9995456214672801,0.9999847622893597,1.0,0.9670337277382527,0.9996712830354616,0.9999816658260489,0.9998426096253394,0.9999902391718104,0.9998637103520422,0.9981054081255231,0.9993344358696363,0.9998330167049846,0.9998320215296745,0.9999674420310692,0.9999827165261425,0.9938730732585271,0.9776826265182391,0.9952859192285974,0.9954250077291643,0.9855550483209627,0.9790688077659558,0.9458798543486807,0.9889218971460775,0.9932355030048696,0.9888759019036335,0.9646599386250743,0.9993645694829831,0.9994448727060783,0.9994500869184878,0.9998452689575987,0.9988807145978651,0.9994200662788072,0.9983790903992714,0.998619824021511,0.9993600514614438,0.999354302532571,0.9887439537235134,0.9287066633591338,0.7180535784626143,0.938705171662117,0.9177970621902322,0.7873605910374409,0.9436657351300329,0.9261239296746936,0.9471663639722508,0.9492352884119505,0.9420203451105335,0.9774927714521827,0.977051395784686,0.9683702894074673,0.9526183053114262,0.9692497633748604,0.9667955466092402,0.9696664681020034,0.9693397619217479,0.9405431396763814,0.9416603902798011,0.9418110626128331,0.9414101114812293,0.8962872568809879,0.9594559624078688,0.9599301365927986,0.9660339096557741,0.9648803914865851,0.9197768598947548,0.8239984452617011,0.773727172471949,0.8413169035283993,0.8899504599843976,0.8740274897627905,0.8814305609462508,0.8803922660219856,0.6427043526677415,-0.6263994573668716,0.9550998938934306,0.9318102699897394,0.9326033246502249,0.9696987432004247,0.9456220511504022,0.9622893098513939,0.9617887554742718,0.9202752344673151,0.9645012081555938,0.9245042712615458,0.6415840464917925,0.9230566614288143,0.9482992165040968,0.7235021672369407,0.9099935300932727,0.934168121207144,0.8119249550170546,0.969722652206866,0.887685680347871,0.5071603323988959,0.6583244907457554,0.8761117565748961,0.834304212647457,0.8789158555497262,0.9781600808064105,0.9784179670522395,0.712767403835801,0.6764003986191488,0.7519253396681577,0.30636960237701666,0.6931676090852603,0.7574154309441306,0.7356847201373856,0.7160305858502729,0.7290768871617326,0.7216503840856974,0.6998009436834414,-0.5128940131904538,-0.5917107629989248,0.6307187684250192,0.8816352460235545,0.9252355455991009,0.9380532392259713,0.9093072399464436,0.8076400024405823,0.8959094723915424,0.9183054242423169,0.9177442348620873,0.8064788336065226,0.10478757631797614],[0.9800926150249165,0.96983687185155,0.9562723602556218,0.9797417785194285,0.9736419203010507,0.96316913201036,0.9733870462432913,0.9677050090190864,0.9670337277382527,1.0,0.9551484379461717,0.9680846882283228,0.9670482161388674,0.9678210432092904,0.9712189543628806,0.9696020146225875,0.9754158054690769,0.9719576679508015,0.9719717269845111,0.9678723104953486,0.9679414424314751,0.9667957964676602,0.9544940067224328,0.974351513850448,0.9723056501848232,0.9068816020191712,0.9702642518997722,0.9540465084019443,0.9773896874448176,0.9717398376974693,0.9717773542084369,0.939451903223943,0.9756741030743024,0.9752623170106917,0.9756858930503692,0.9683175803182338,0.9623266123460468,0.9747020469548935,0.9766819570005774,0.9779962945904307,0.9758468499052154,0.9758635419987937,0.9564865220076637,0.8500259253785687,0.5387622298959629,0.8143745695017753,0.8989492634281265,0.8763644116740965,0.9044129045786933,0.8388023668237474,0.9087758750868608,0.9195194431385391,0.9059638258058891,0.9369286063869169,0.9367940158989293,0.9459887557383072,0.9383851736609108,0.9555865350409335,0.9497046272137476,0.9540851958005261,0.9541055747402998,0.9131328234587308,0.9544048027284764,0.9411250783437403,0.9408136773335171,0.8671559538959686,0.9383492032357578,0.9456904996866232,0.939564727983517,0.9385096094847649,0.8900152111432426,0.832167502526928,0.7908038037197898,0.8730935919996964,0.921118036609136,0.8949082903989253,0.9080902225979993,0.90741951061345,0.7318494804806531,-0.3211014973899647,0.9546389292818926,0.9561783650551268,0.9479970588876695,0.9476578282120661,0.9333404679801273,0.955846655489414,0.9557980331916522,0.9044836715561437,0.957708397898175,0.908972676212557,0.735718042675006,0.7250255626790924,0.8739978178421636,0.6503779838401043,0.8632725124108066,0.8972616322110081,0.880360382917757,0.9528932795375923,0.9078070586195814,0.3910720393269615,0.6604975192039129,0.9002613690121077,0.8790248136836999,0.9071411215998096,0.9531107829618897,0.9534293827328837,0.5481307180459734,0.7138125893344213,0.6237879244413096,0.4951758116913098,0.5836231033586012,0.6377942989211481,0.5992203563275613,0.5729117072180155,0.8161883048656092,0.6936162832218795,0.6585467450884241,-0.29219616288459455,-0.34377270241685703,0.7529721157638871,0.9177846150166699,0.9247021416900414,0.9139424501954867,0.9424419907453245,0.6715707391810508,0.8478149056093719,0.9113857372411923,0.9105595636123565,0.6939491815004043,-0.16345268524416431],[0.992753832813055,0.9918066264099533,0.9970701484769111,0.9940742179993999,0.9977767755954087,0.9797463294793327,0.9994594971711966,0.999672236464872,0.9996712830354616,0.9551484379461717,1.0,0.9996976792215528,0.9996775544140927,0.9996853717256281,0.9998587502835454,0.999129457463626,0.9991781343647091,0.9999586763012018,0.999958236796393,0.9996843227805995,0.9996920140565859,0.9908295315023858,0.960830642001932,0.9918218595221336,0.9928887841156292,0.9895505280608399,0.9725573175798825,0.9027977925900079,0.9889241817787421,0.9926616973852044,0.9741127984781734,0.90349738128296,0.9992026334126194,0.9992662789556228,0.9992068661405221,0.9994758673359627,0.9994397357359517,0.9992299224769772,0.9977427206213664,0.997958105345741,0.9991774365465298,0.9991731582543609,0.9899596189330614,0.9227974975178841,0.559452294772664,0.934530731126558,0.9169812621137817,0.7912467118420833,0.8580238424697588,0.8965283265843298,0.8632148547542898,0.878061023641062,0.8552667002104968,0.9517664644227147,0.9517049191049926,0.9539812811568039,0.9560586925909466,0.9463966376851242,0.9482517011379149,0.950502453294681,0.9503149811579292,0.9034248798699315,0.9147891865634186,0.8765513618663371,0.8763821904748362,0.7663287802467377,0.9504753173094855,0.9536433419464396,0.953796841672447,0.9531235410056899,0.9049886508468579,0.623936855545367,0.5631575420311575,0.7139409877125976,0.8111344817501833,0.7422898035992851,0.7782443707754269,0.7770725968059118,0.5577923452569046,-0.3958116316986948,0.9264129578151452,0.935625179224802,0.9261110219862635,0.9553175805908177,0.9230461840445898,0.9319274639499421,0.9307785174117242,0.866981034613682,0.9359338103103363,0.8738079675410071,0.543702680904561,0.9198368682042777,0.9139533984951923,0.3446966902843567,0.7114203610463669,0.7896047754526421,0.6630380459985745,0.9727596651771706,0.6730351882789174,-0.19567696052237765,0.19774777150238548,0.6462393203044288,0.6500216315869175,0.6918254326089396,0.9739966832071233,0.9740518913598513,-0.0036342645721293976,0.22799005831961777,0.0795396386577952,0.044892499038409285,0.07225404915538797,0.09139919765583984,0.05826179213496686,0.007532787055692852,0.433234908815123,0.16244105456269367,0.10959651786085048,-0.5184581452520839,-0.5545605377259081,0.6307609402706793,0.7418702169765329,0.7667440661227607,0.827951009452782,0.8256205542923828,0.5266847664541532,0.7272434193699178,0.761929910842223,0.7606739948207449,0.4070970768073745,0.24367514645695423],[0.995648126658667,0.9897636240384599,0.9910271685740846,0.9961405608447911,0.9983890195084644,0.9880315394549372,0.9981986098223602,0.9999969317384741,0.9999816658260489,0.9680846882283228,0.9996976792215528,1.0,0.9996553394175152,0.9999976646777893,0.999633116869315,0.9946484101552322,0.9993925846093842,0.9999035755946328,0.9999033092704539,0.9999661530751479,0.9999950866671016,0.9908973276118431,0.976174943947134,0.9926691581778856,0.9932145946478907,0.9857644071536692,0.9745867009220441,0.9447489535065194,0.9892207931605448,0.9941885045750866,0.9918990772101467,0.9692148790468509,0.9994774264275063,0.9995485516825924,0.9996589859079608,0.9997006482172723,0.9989547898018682,0.9994772761504254,0.9979148886772639,0.9986864466391113,0.9995480813012572,0.9994119033422926,0.9840582445462953,0.9290207029037567,0.7180996247056237,0.9389151511194537,0.9183310766207781,0.7882706877358269,0.9567900608035707,0.9370024328886769,0.9584934349770317,0.9521928336644543,0.9452031435502574,0.9800059055620486,0.9771700875112161,0.9374129041851454,0.9524116511260454,0.9629133874591314,0.9668570721445694,0.9651274947987842,0.9411285870299368,0.8849545502175228,0.9426466184770173,0.9493825487367539,0.9281859248979929,0.8675751572110788,0.9592031083266007,0.926058920726018,0.9578893901980697,0.9381428968033164,0.7324654940208831,0.8251736398910104,0.7564849716074015,0.8426454405272059,0.8689462335215176,0.8758028405193367,0.8555104939238979,0.865135477483919,0.25449284263429156,-0.6109032521523448,0.9553823443035439,0.9321768367758485,0.9328002121198611,0.9428875864058993,0.9510509645717465,0.9629664718977811,0.9630069001318717,0.9195824962543916,0.9563137903756367,0.8159238274793025,0.6433860470378551,0.9226454494893125,0.9340995516432734,0.7474315542654931,0.9228091941068567,0.9432183968814366,0.8130872041942172,0.97076381323219,0.8354209171875625,0.6066459051499343,0.6902988351730919,0.8458130463207632,0.8383794175112843,0.8338497679751073,0.9781482951305385,0.9783764855100001,0.715510671122304,0.6800536844040691,0.7849915226481944,0.30939151089000744,0.7624949322098803,0.7883006268487219,0.7837340617974218,0.783531678140427,0.7320444613629308,0.7253129636860823,0.7035396248102501,-0.2779513795476833,-0.4250265297444099,0.6317385234178343,0.8833483416335928,0.926824603105669,0.9368266319550812,0.9107532276296256,0.813039680975496,0.9066088606560767,0.9285355296588247,0.9281824151538959,0.7557279830724758,-0.12807013717607796],[0.9948945003783948,0.9896019270286973,0.9929547728129867,0.9955939638287463,0.998200715134622,0.9892729387385591,0.9990882124823247,0.9996710584111507,0.9998426096253394,0.9670482161388674,0.9996775544140927,0.9996553394175152,1.0,0.9996920362158754,0.9996606937346709,0.9985206304898658,0.9989578741549434,0.9994892948470371,0.9994821277475744,0.9996737645034425,0.9996474984819413,0.9928895803948147,0.9778334717662149,0.9959445232964005,0.9958350099874006,0.9856191220911986,0.9773967990311666,0.9472338967313394,0.9883230971033983,0.9921740568132219,0.9909369378987504,0.966834815371184,0.9987767146585571,0.999089407853269,0.9992760723035584,0.999919126707113,0.998904712097081,0.9990740285718882,0.9973059335141283,0.9980127208301863,0.9987706071928557,0.9986978414009094,0.98808423294853,0.9289711177538149,0.713788118459138,0.9390098600798952,0.9182303281446267,0.7875909312134013,0.9522090761164483,0.9301807140517229,0.9533050088308334,0.9486889345692479,0.9410803130182882,0.9764542846859823,0.9750454355454844,0.9603262651707472,0.9521154760951269,0.9632267873624833,0.9662350691505999,0.9649907922188616,0.9642969524225142,0.8890629875463222,0.939872877164123,0.9478351652164594,0.94753111558468,0.8659796140367724,0.9595675410472034,0.9375445407459306,0.959772889906486,0.958455372632687,0.7371375456007079,0.8222809341144596,0.7836843849775654,0.8404081492452623,0.8704175198164356,0.8750158481528302,0.8638402448298957,0.864229821937011,0.23973337647905751,-0.6053655430466895,0.9545989488964793,0.9318882289529774,0.9318053420069252,0.9630495187209611,0.9505612452445242,0.9618532875411893,0.961846018165144,0.9195513263723021,0.9566745243228209,0.8225657938215575,0.6438069582691247,0.923141372735532,0.9349317153192149,0.7449344348234813,0.9210363174494558,0.9417167712750485,0.8139890705675538,0.9733525572592392,0.8297961745926016,0.5981682247393216,0.685718510748911,0.8370013602446845,0.8330438226065152,0.8258556200885949,0.9799878448990729,0.9801756163776719,0.7063938068925639,0.6747373150950168,0.7646501741768468,0.309105057245085,0.7525505293610742,0.7770085813968591,0.7534853281737749,0.772500920015125,0.7298194480044011,0.7153025312708291,0.6937904175409241,-0.2845429854527434,-0.4300324503506932,0.6313307971451032,0.8810944668204509,0.9280803487019007,0.932169890359685,0.9098851111510886,0.805206510751633,0.9002788583623463,0.9213447882583491,0.9216801119104611,0.7492604674498327,-0.12637399618469397],[0.9955621231282742,0.9896480988778147,0.9911947315417322,0.996071102093079,0.998380468747546,0.9881631397299192,0.9990587114423991,0.9999979414229052,0.9999902391718104,0.9678210432092904,0.9996853717256281,0.9999976646777893,0.9996920362158754,1.0,0.999711257554293,0.9975828910864166,0.9993631850108593,0.9998962344525165,0.9998954471390624,0.9999602558146747,0.9999926168955321,0.9910303609879362,0.9763589536645992,0.9944750575342332,0.9943095713842145,0.9856909474922663,0.9747998217805194,0.9449128118981126,0.9916800368580763,0.994489376563972,0.9917674039518063,0.9689687568279045,0.9994498134914223,0.9995091114317591,0.9996354473249754,0.9997170425002211,0.998909983268637,0.99944287552292,0.9979062650702841,0.9986288386775009,0.9995172054329523,0.9993841655952033,0.9842403294030213,0.9288267267268625,0.7174421099463726,0.9389897395026668,0.9182615274743487,0.7876717147438045,0.956556663906282,0.9367527106012478,0.9582878810170488,0.9517767642592581,0.9447313150431939,0.979805859951796,0.976939378013573,0.9374277451380612,0.9523359877728872,0.9627908891313313,0.9667758723504684,0.9649952056899972,0.9405962180087499,0.8849882240346101,0.942213755702943,0.9490205982105017,0.9279848202672141,0.8672570859008396,0.959264610945904,0.9262210898497883,0.9578822034206462,0.9381960962385972,0.7327214892991482,0.8246211540519193,0.7562111394801974,0.8421526177743139,0.8687621728462931,0.8754938016213971,0.8552464322359997,0.8648701562397066,0.2545017106112292,-0.6107119952429432,0.9552211763940723,0.9319730140603605,0.9326333621767469,0.9408766375804398,0.9509920925232449,0.9628051982892445,0.9628413041505895,0.9195361850981861,0.9561665027133854,0.8159510508828177,0.643237988353008,0.9230967174681133,0.9345007072394899,0.7471308138376923,0.9226431047041646,0.943078410651215,0.8128040124773227,0.9709519900741854,0.8350290021977098,0.6054828264917365,0.6894988852513455,0.8453847714533875,0.8380024681849186,0.8334684903924312,0.9782831035105674,0.9785076498559898,0.7143990294533062,0.6790435037553997,0.7844159652257802,0.30884244035974684,0.761797549303883,0.787556296129569,0.7833411255638166,0.7827353412224208,0.7315458612781185,0.7240453825503805,0.7022797510892869,-0.2787697374823009,-0.4257426554237077,0.6314870159299913,0.8827578593761374,0.9265578676766183,0.9363897123477538,0.9103614142742783,0.8122952079445811,0.9062952586869287,0.9280620502429506,0.9278390576975079,0.7551820330029339,-0.12731805968997806],[0.996405824724714,0.9913934986598222,0.9917064755374544,0.9969123084312721,0.9986887575216857,0.9882985890635635,0.9996344568863352,0.9996067104983366,0.9998637103520422,0.9712189543628806,0.9998587502835454,0.999633116869315,0.9996606937346709,0.999711257554293,1.0,0.9976041278494527,0.9996316943938961,0.9997330201461209,0.9997353013268205,0.9999044553591863,0.9997908405692485,0.9913687711215833,0.9759011046366658,0.9941934386686074,0.9940423980197952,0.9879343853338416,0.9747288213070392,0.9456546843707848,0.9913402264237093,0.992669141376854,0.9926846660116133,0.9704117700033259,0.9991344787187257,0.9997138876630842,0.9997796477137268,0.9997845950386958,0.9992994342371078,0.99964114533689,0.9973986701707197,0.9990553931241697,0.9993933644484384,0.9990955356959964,0.9845019699718506,0.925010135798546,0.7188717879909968,0.9349503246069537,0.9166761674679642,0.7913500215702542,0.9551185665746695,0.9361216542728833,0.9570267737636888,0.9531610798520692,0.9462050787632785,0.9792875952127182,0.9771141364179973,0.9384061346132079,0.954065679992117,0.9658481944608047,0.9683858122949688,0.9677247937140294,0.9402079946347811,0.8898432396748698,0.9457189936576803,0.9519798286285985,0.9290680198005051,0.874549903262305,0.9603732279169651,0.9288709590004863,0.9602712803608777,0.9390301594319762,0.7411595751162935,0.8303069938863179,0.7563051356592355,0.8473472721712254,0.8730790035222769,0.8790552576389309,0.8565672321083826,0.8681741008338413,0.26554898668284105,-0.6078622671210395,0.9576446274607241,0.9361713445389255,0.9359412711028158,0.9421781064658259,0.9528604060112023,0.9648251325803071,0.9649307058512462,0.9220101788199891,0.9595581811396586,0.8232254716521359,0.650697933248651,0.9192422517095115,0.9301942960332498,0.7513283183779417,0.9249188419722486,0.9448027616227697,0.8160456190439105,0.9699343445999944,0.8307884510364376,0.6133042743470004,0.6952039961393922,0.842965602597451,0.8381300164073159,0.8296764591840541,0.9776075323340703,0.9778892271835339,0.7211185165750222,0.6872976763337711,0.7806595923247903,0.3203698840095154,0.7631741166942536,0.7881579224187967,0.7793103909961446,0.7843156908655015,0.7396318632465739,0.7304748816593284,0.7091949052762959,-0.27072781777393856,-0.4177747962769848,0.6316041061272739,0.8863741728833043,0.9252602645403722,0.9381960063823106,0.912999479901823,0.8149716789337963,0.9063619809787672,0.929063945476229,0.9283420783919469,0.7642377066032472,-0.1359336175637352],[0.9961065086196973,0.9947466860005857,0.9930204440320232,0.9966481222385088,0.9978776561777906,0.9909465370995586,0.9971933725081782,0.9933452039517761,0.9981054081255231,0.9696020146225875,0.999129457463626,0.9946484101552322,0.9985206304898658,0.9975828910864166,0.9976041278494527,1.0,0.9982224083915722,0.9978894340327058,0.997883906302272,0.9978510812505728,0.9974986998191199,0.9928459859205131,0.9789096784823942,0.980365085498352,0.9904831326375405,0.9904450669442939,0.9774171973506222,0.9539345067801535,0.9918063948095021,0.9900445719463639,0.9888948229594556,0.9658370111465941,0.9975404569924334,0.9977804308624001,0.9980768693051266,0.9981701916662251,0.9996308364783382,0.9979280280921241,0.9973497847694325,0.9975236026551575,0.9975105369837175,0.9975105364412679,0.9833925014252242,0.9281186359882762,0.7238128867950575,0.9335668394951242,0.9234773888715163,0.8125936845819195,0.9574904751624174,0.9391954778541697,0.9602770629545021,0.949596539023173,0.9407243170287345,0.9783683050188751,0.9745199561645566,0.9515311083875931,0.961458934076388,0.9709880133654163,0.9704459815521537,0.9719055935424558,0.9524784567114685,0.9002692203902082,0.94295754121767,0.9528439628382753,0.9385851088917496,0.8808649596332604,0.9657576704532131,0.9440107290204264,0.9673449769080679,0.9525807307263582,0.7594184276061449,0.8304059877039055,0.7729552373827433,0.8495497661334804,0.8834265343482027,0.8815916658613682,0.8657483686503369,0.8770704409504454,0.29173042457497994,-0.5828924905258025,0.9602418985018699,0.9439456878293084,0.9424247684447588,0.9559699084073486,0.9580103125164319,0.9663087048455598,0.9662656585030039,0.9292578758775227,0.9652865124978733,0.8380540084686793,0.6437222487921371,0.9030416778533575,0.9252633769504304,0.7431153964664385,0.916598706929475,0.9373248857349696,0.8163139600774972,0.9709136088642807,0.8297981348337113,0.597418671619079,0.6851593812611685,0.8368600048627568,0.8370682817419507,0.8253531384140881,0.9769486290765668,0.9770565505371831,0.6967986979159786,0.669303446845256,0.7757881966785123,0.31633559034275555,0.7518952676660193,0.7747111248854377,0.7834784803472494,0.7701304863375655,0.7262447932567018,0.6992195090092403,0.6787993964243428,-0.2641811532176861,-0.4097177145594566,0.6388834032007189,0.8807584749031057,0.9292041656283307,0.9345637311939765,0.9087195470974947,0.8004128173559901,0.9118629996801091,0.9256097823404017,0.9311155887841246,0.7648233372480426,-0.15097644304012914],[0.998168947626737,0.9953340746325261,0.9905358439245989,0.9985022721579214,0.9992225036078253,0.9892282048643825,0.9999023036343517,0.9993441214036332,0.9993344358696363,0.9754158054690769,0.9991781343647091,0.9993925846093842,0.9989578741549434,0.9993631850108593,0.9996316943938961,0.9982224083915722,1.0,0.9996719649086843,0.9996755908266534,0.9994584363223484,0.9993777704095216,0.9931945504901171,0.9784084478531204,0.9944946676577621,0.9941042837108578,0.9903175310114899,0.9766874289598161,0.9486245584107801,0.9915435683826193,0.9944438052450372,0.9920383028414232,0.9725075979410973,0.9998701035315991,0.9998607931682565,0.9998400260742613,0.99920518061477