var element=document.getElementById("correlationClose");if(element.style.display!='none'){var correlationClose={"data":[{"type":"heatmap","z":[[1.0,0.9999875775691095,0.6430453877918689,0.9997189545054049,0.9979087814767368,1.0,0.9921485692441343,0.9883768081568198,0.9883768081568198,0.9928308917603025,0.9762903851486318,0.986414887183958,0.9921877096972928,0.9926140486684969,0.9922425040807689,0.8438098881686803,0.7936183789338915,0.3364616719753173,0.9931128301071127,0.9931000106381922,0.9853877647409197,0.9921751011078611,0.437114665241846,0.7230069270022508,0.9810449232899492,0.9810449232899492,0.9810263431547566,0.9738717037138263,0.34415943288975837,-0.10605802540338907,0.9896142901252736,0.9895818490835169,0.2940166493486259,-0.1802382272189295,0.9945824803021402,0.9952698787507486,0.8395033325103213,-0.3686788643850063,0.9903501398684529,0.9952191637917156,0.8333370276879127,0.31747339391811663,0.9947328742223561,0.9947220250174156,0.9947328742223561,0.8864253980168874,0.6562052678283223,0.8953087721764587,0.9024876007514521,0.811487429886637,0.37535885543109665,-0.1655879907532963,0.19932244322271975,0.9460036600438149,0.40191245026659356,0.974887086353287,0.9700097663329562,0.9799586429229897,0.9897804927366597,0.9273535911775379,0.9333308295670266,0.9428162408523448,0.9260700390985858,0.9401047164783961,0.9407615219755578,0.9401047164783961,0.8749019480173151,0.9185301017740575,0.9194820876070754,0.9185301017740575,0.9172115357608153,0.7755398707006702,0.8900384752991928,0.8913966375456139,0.8900384752991928,0.676970694329768,0.3563896130376147,0.6596060662044588,-0.5646998283441678,0.5648575203611746,0.5939755093174333,0.5946605606513802,0.5939755093174333,-0.10522849217448815,0.905509629107596,0.9376094649802055,0.9206771765724913,0.9286951694795301,0.31999781517084286,0.9010081994561326,0.9018608116776095,0.9010081994561326,0.9061260658269193,0.9061260658269193,-0.10766134019774155,0.5846337511200907,0.17326743554481347,-0.6480323848096174,-0.5812159829263006,-0.5848186839874777,-0.0964190991824575,0.10839225911780347,0.22506197867031008,0.05092326682956862,-0.5042604731570068,0.008817894281157179,-0.7962064917281807,-0.258220261073529,0.1605973528778086,0.16164796148802055,-0.5627131910679546,-0.5869129714018269,-0.25583905401552337,-0.5063111493110806,-0.8207697904067677,-0.3873991383688032,-0.37927022849905995,-0.3873991383688032,-0.1965647809616839,-0.30892808404332484,-0.30892808404332484,-0.8088100183818682,-0.8088100183818682,0.3885069820846196,0.6356990187393778,0.8592512686093554,0.8426038427839411,0.7653496503037825,-0.30603999450534486,0.7521106862960042,0.7875787376762472,0.7878983081017102,0.7875787376762472,-0.21318649235844198],[0.9999875775691095,1.0,0.977584105163155,0.9994010869280638,0.9954356870215354,0.9999875775691094,0.9835070825483269,0.9770101411187166,0.9770101411187166,0.9833695353865181,0.9687946438254965,0.9850771949809082,0.9835578363530949,0.983493877537199,0.9833926929746629,0.3587108128805652,0.27508823599436,-0.3880994149516771,0.9876119966745474,0.9875943501231597,0.9836063751405107,0.983600794321397,-0.10292784514116904,0.976709202245887,0.9785924866648869,0.9785924866648869,0.9786467359510248,0.9740316908602575,0.1519016356162073,0.17164929564693795,0.9802619765807612,0.9803251585497683,0.9111278577376023,0.17463759871709553,0.9903547134121171,0.9904081126431722,0.9910062380355749,0.9848180120660822,0.9893266501156993,0.9905546876777945,0.316868193413732,-0.39349777259067603,0.9910547396581796,0.9910427655706149,0.9910547396581796,0.8863451980815262,0.5090395858056544,0.8953967467335747,0.9023638705384858,0.8108978687668218,-0.3583021541299501,-0.5128665255782299,0.8273884889558413,0.8688284252117587,-0.24141164260184422,0.9333163002156696,0.9334525488549117,0.9531132566157415,0.9762052079127572,0.9446663862937882,0.9520783632042956,0.936114047542461,0.9352491252053303,0.9410323292619783,0.9415632767605456,0.9410323292619783,0.836736597365668,0.8071659785287016,0.8090813296703626,0.8071659785287016,0.9464752026145575,0.9501791467735397,0.9466064632684732,0.9475230231283742,0.9466064632684732,0.5683229076478823,0.5117249900590389,0.6148249118680653,0.7049601828571974,0.6072116113314853,0.6338117823677912,0.6345580680836727,0.6338117823677912,-0.1961780657209471,0.9050040619955307,0.9316411731814027,0.9220351273819131,0.9500779673852094,-0.2476720540068701,0.900791404824178,0.901085841026313,0.900791404824178,0.9090960533833597,0.9090960533833597,-0.19808365042425166,0.5860701388781017,-0.36440959004769874,-0.7474348405926962,-0.4622871108109054,-0.46575610140043733,-0.350999408402092,0.26150011768597264,-0.24599587698060169,-0.46307179941379617,-0.6940940073585773,-0.3296654701364713,-0.4834758485109889,-0.38672878068098865,0.13726180988787298,0.133292693183213,-0.4890740233679701,-0.4513627229381275,-0.4798900396630711,-0.5106854916894246,-0.5029546088377664,-0.48207459515952067,-0.4852845227989654,-0.48207459515952067,-0.346713813088656,-0.5173408876825499,-0.5173408876825499,-0.4931441027575777,-0.4931441027575777,0.3890770320209806,0.3753827086122976,0.49758069147180894,0.5919449621694215,0.5365379020796253,-0.4276115574433713,0.3634639630149055,0.325895227889784,0.3260007188285465,0.325895227889784,0.13435521794701794],[0.6430453877918689,0.977584105163155,1.0,0.6392742990615573,0.5621938728591059,0.6430453877918689,0.6268329330936393,0.6179075963410116,0.6179075963410116,0.560054257127877,0.5169761197385746,0.9958993503416532,0.6268720875415779,0.6175291634997192,0.6270931444259528,0.4625241921059467,0.45413713470284134,-0.1769830658626191,0.5849739310038623,0.5841431727431131,0.5477306048751831,0.6258416276339857,0.21637658826212747,0.7666127094077891,0.6032874249009043,0.6032874249009043,0.6030546944250885,0.9879634288545921,0.33068681786835336,0.16172867919698158,0.5854851980265549,0.5850926352809807,0.7210445646160115,0.012915231495596962,0.6232362315092719,0.5551067834390896,0.5947864927221564,0.3171900969333709,0.9937162774068664,0.5488708007925277,0.4528165925949416,-0.18535504240576453,0.6399672106489006,0.6211891885803418,0.6399672106489006,0.8834545649459002,0.39747360174986496,0.9169581961491299,0.8916061995061947,0.6968114648276365,0.20843437458879677,-0.05328016302438142,0.0491505085304865,0.4981940733418987,-0.08772263824013703,0.5690088670422682,0.5264353344124098,0.5530625680975054,0.5154652194663745,-0.023505111875772696,0.7691837312425481,0.7033709976415106,0.5980979043664334,0.7091328623252569,0.74524642157945,0.7091328623252569,0.475373946888308,0.61056707668399,0.6788821632621399,0.61056707668399,0.6603931809558395,0.6570029682029831,0.7055346682649479,0.7585393934648761,0.7055346682649479,0.34682040868710884,-0.08795858349600257,0.3634865687920248,0.10881758720791462,0.3579951040340269,0.2606193398271127,0.4612727871783167,0.2606193398271127,-0.16738609539293361,0.565869424969277,0.8652152941420819,0.6428758826067595,0.7597845025049162,-0.03161430774867967,0.6121257140185324,0.6117763926940006,0.6121257140185324,0.6918828389173112,0.6918828389173112,-0.217302960589944,0.7089139397585347,-0.1945234805859227,-0.6574972799405698,-0.4242936594815716,-0.42786436385894894,-0.40939476324647855,0.07716857728298142,0.022582809791141675,-0.3120445917061227,-0.6375552843636633,-0.1575767751570466,-0.29221003560980724,-0.24903187675061195,0.034313607131130484,0.03200876697014818,-0.477975666367093,-0.04295693634237304,-0.24813200575130953,-0.5032285173172455,-0.1778584445768755,-0.39156438109304403,-0.2711215745476058,-0.39156438109304403,-0.4083480391031697,-0.52580236421604,-0.52580236421604,-0.2867074284314275,-0.2867074284314275,0.32803317277960936,0.17413137249671684,0.272153678192285,0.5092354995032906,0.26388844088014524,-0.3621896775544617,-0.0217054618383251,0.4533335659911399,0.558972770950618,0.4533335659911399,-0.0319012706907493],[0.9997189545054049,0.9994010869280638,0.6392742990615573,1.0,0.9988690172154606,0.9997189545054047,0.9934893511929689,0.9901809831423952,0.9901809831423952,0.994400282330569,0.9742444712131162,0.9900211468327712,0.9935183832636975,0.9942450002505709,0.9935490540123558,0.8431157387177498,0.7925765672000831,0.3215224879711659,0.9942632697167842,0.9942529834208632,0.9855281983297363,0.9934982525848584,0.4285711410904749,0.7273492999711764,0.9837087579931793,0.9837087579931793,0.9836898997642604,0.980512706532028,0.340147183843153,-0.1122983060637029,0.9889821443048877,0.9889587517828551,0.2862433571482296,-0.18040423610779388,0.9951725461015599,0.9960584919204694,0.8046376607405707,-0.373305051071382,0.9929288469143086,0.9962405011964935,0.8318650131153469,0.30222558969366414,0.9930878788656542,0.9952204852486048,0.9930878788656542,0.8838563463677556,0.643724378288252,0.9005190711786858,0.9000433850726861,0.7927532168018336,0.37020120014470403,-0.17085941949213862,0.19363883547475358,0.940398019483833,0.38583480651728724,0.9703738154588164,0.9670148513787687,0.977791433859386,0.9897507560980717,0.9069118506216884,0.9271194590735671,0.9302839026347964,0.9223499458918536,0.9236655194119033,0.9245631710890123,0.9236655194119033,0.8672650230307141,0.9067453550567275,0.9077900404801024,0.9067453550567275,0.9140357083523161,0.7173987642663217,0.8523504935822378,0.8537237780341603,0.8523504935822378,0.6691194709816084,0.131734881402015,0.6501065267637868,-0.5691345011453229,0.5601882994710934,0.33094229046377843,0.5651716188542829,0.33094229046377843,-0.11154414300394203,0.9005665642292466,0.9305485353868441,0.9134446837927187,0.9063203826600527,0.30575948608641096,0.8967930474637665,0.8977764890281872,0.8967930474637665,0.8874601894324754,0.8874601894324754,-0.11234879752858908,0.6052656074262625,0.1779475767540939,-0.6580619056070124,-0.588017865536059,-0.5915318452805712,-0.10844108166987651,0.10389690761804553,0.2181672586730281,0.03792687414301324,-0.5163881622041427,0.0025517311884472355,-0.8018027353094981,-0.2658355346189961,0.15076228951297885,0.15187190645059648,-0.5692567193244238,-0.583263275379265,-0.2569772531092105,-0.5165865937104097,-0.8221652558783327,-0.3886850483531186,-0.3811195184853092,-0.3886850483531186,-0.2049131516310578,-0.318343607231027,-0.318343607231027,-0.8082466996934693,-0.8082466996934693,0.3782507950280847,0.624060638119481,0.8512826214498692,0.834838040855837,0.7578261767025525,-0.3188095492104101,0.7429944663826011,0.7786150393613623,0.7789421525677613,0.7786150393613623,-0.19828906212610953],[0.9979087814767368,0.9954356870215354,0.5621938728591059,0.9988690172154606,1.0,0.9979087814767368,0.9971724099055671,0.9955923953195143,0.9955923953195143,0.9973690319361792,0.9661420559646653,0.9963889961318124,0.9971925057868968,0.9972708777250334,0.997219966071008,0.7764824292750003,0.7047462791562452,0.11681818181162767,0.9976870432543349,0.9976827364949007,0.9874089323364257,0.9971778128200409,0.07819833171026964,0.7050974536972,0.9921404345856047,0.9921404345856047,0.9921028449303999,0.9897398439780672,0.11758709833750187,-0.09413725554159169,0.9871761667264146,0.987116666506335,-0.006648316718087064,-0.07726285854103931,0.9978156697079658,0.997747955841101,0.7932372330211636,-0.49887918455691127,0.9976556736055767,0.9980886960857026,0.7557614944109814,0.09258842316060163,0.997761338486354,0.9977633093226856,0.997761338486354,0.8985372388203755,0.6070950364997517,0.9171850208549145,0.9048708530268248,0.767281594090933,-0.09450417561130892,-0.586916388091749,-0.20459086982473856,0.9286764063035688,0.23905779377061007,0.965485090810154,0.965552765164661,0.9799013226717382,0.9902934778722238,0.9057841556268693,0.9092917282901051,0.9208980925530099,0.9099596452487092,0.9193531558750448,0.9197021076705792,0.9193531558750448,0.8426366299319922,0.8624157348687032,0.8635870370176215,0.8624157348687032,0.903196368350526,0.8132193968756037,0.8839515178999782,0.8847658857644619,0.8839515178999782,0.6279848270641525,0.5067117101353225,0.6152915739025628,-0.5921915823636061,0.6125281494711051,0.5912312092531681,0.5905126690233473,0.5912312092531681,-0.12920654551672936,0.8831828100881575,0.9068801867060186,0.891293251673621,0.9138261947029975,0.15247596736459892,0.8828577743327755,0.8839148197601837,0.8828577743327755,0.8894448525642472,0.8894448525642472,-0.1518551779988981,0.6540582093360406,0.03264020445698494,-0.6888449416665904,-0.6372742841758791,-0.6378656595673906,-0.1408068045963554,0.12709442265509785,-0.17334607205795824,-0.210595635865732,-0.5899423625445882,-0.3589878242470679,-0.8512758935056101,-0.5465481190075264,0.11985166664815376,0.1208150402076706,-0.5957692025443219,-0.576432983285456,-0.536670577971704,-0.5550170599415529,-0.7816125506639222,-0.5889240700362848,-0.5917801434662223,-0.5889240700362848,-0.24439837955192564,-0.35268189719413173,-0.35268189719413173,-0.7496457827736751,-0.7496457827736751,0.36502132927043385,0.6056904629086196,0.8039965351324913,0.7882597204801276,0.7474714803305696,-0.4476793203087626,0.6008346238973684,0.669789025647926,0.6702596568074549,0.669789025647926,0.028590848539488317],[1.0,0.9999875775691094,0.6430453877918689,0.9997189545054047,0.9979087814767368,1.0,0.9921485692441343,0.9883768081568198,0.9883768081568198,0.9928308917603025,0.9762903851486318,0.986414887183958,0.9921877096972928,0.9926140486684969,0.9922425040807689,0.8438098881686803,0.7936183789338915,0.3364616719753173,0.9931128301071127,0.9931000106381922,0.9853877647409197,0.9921751011078611,0.437114665241846,0.7230069270022508,0.9810449232899492,0.9810449232899492,0.9810263431547566,0.9738717037138263,0.34415943288975837,-0.10605802540338907,0.9896142901252736,0.9895818490835169,0.2940166493486259,-0.1802382272189295,0.9945824803021402,0.9952698787507486,0.8395033325103213,-0.3686788643850063,0.9903501398684529,0.9952191637917156,0.8333370276879127,0.31747339391811663,0.9947328742223561,0.9947220250174156,0.9947328742223561,0.8864253980168874,0.6562052678283223,0.8953087721764587,0.9024876007514521,0.811487429886637,0.37535885543109665,-0.1655879907532963,0.19932244322271975,0.9460036600438149,0.40191245026659356,0.974887086353287,0.9700097663329562,0.9799586429229897,0.9897804927366597,0.9273535911775379,0.9333308295670266,0.9428162408523448,0.9260700390985858,0.9401047164783961,0.9407615219755578,0.9401047164783961,0.8749019480173151,0.9185301017740575,0.9194820876070754,0.9185301017740575,0.9172115357608153,0.7755398707006702,0.8900384752991928,0.8913966375456139,0.8900384752991928,0.676970694329768,0.3563896130376147,0.6596060662044588,-0.5646998283441678,0.5648575203611746,0.5939755093174333,0.5946605606513802,0.5939755093174333,-0.10522849217448815,0.905509629107596,0.9376094649802055,0.9206771765724913,0.9286951694795301,0.31999781517084286,0.9010081994561326,0.9018608116776095,0.9010081994561326,0.9061260658269193,0.9061260658269193,-0.10766134019774155,0.5846337511200907,0.17326743554481347,-0.6480323848096174,-0.5812159829263006,-0.5848186839874777,-0.0964190991824575,0.10839225911780347,0.22506197867031008,0.05092326682956862,-0.5042604731570068,0.008817894281157179,-0.7962064917281807,-0.258220261073529,0.1605973528778086,0.16164796148802055,-0.5627131910679546,-0.5869129714018269,-0.25583905401552337,-0.5063111493110806,-0.8207697904067677,-0.3873991383688032,-0.37927022849905995,-0.3873991383688032,-0.1965647809616839,-0.30892808404332484,-0.30892808404332484,-0.8088100183818682,-0.8088100183818682,0.3885069820846196,0.6356990187393778,0.8592512686093554,0.8426038427839411,0.7653496503037825,-0.30603999450534486,0.7521106862960042,0.7875787376762472,0.7878983081017102,0.7875787376762472,-0.21318649235844198],[0.9921485692441343,0.9835070825483269,0.6268329330936393,0.9934893511929689,0.9971724099055671,0.9921485692441343,1.0,0.9974759626995734,0.9974759626995734,0.999970375870669,0.9595225926147508,0.9996760762191844,0.9999965449523783,0.9999865503395227,0.999993293887194,0.8967476065238073,0.8864721387884218,0.28226721986774733,0.9998593646166272,0.9998595012337111,0.9897270744491466,0.9999967346365196,0.3427281985961443,0.7258374777160127,0.9855973930158,0.9855973930158,0.9865224095100726,0.9905698856952087,0.26756083921589946,-0.1673901901874327,0.9916047896458711,0.991496987579303,0.19174600787596355,-0.2278311197020215,0.9993391397485872,0.9994494091747159,0.4202265984218718,-0.31247787265042887,0.9989959176745965,0.9994080573604861,0.883107844203655,0.26161921757124773,0.9410193146618413,0.9990868413305619,0.9410193146618413,0.9082511851135516,0.6139848203943533,0.9343500214862365,0.9128114816776435,0.7309294337299963,0.40844618873431,-0.11032703727688745,-0.19915118382771452,0.927671698246852,0.3516997854609391,0.96756927863135,0.9624044807574199,0.9785665926119789,0.9956860547785292,-0.04151234922126594,0.8692043393319876,0.8305644135654829,0.8767666954438141,0.8249977999510694,0.7885736332881795,0.8249977999510694,0.8053694629754122,0.7928629117062745,0.7832851069263194,0.7928629117062745,0.8685205113947563,0.37657127550521663,0.5827429429785769,0.647864780777454,0.5827429429785769,0.597428359740774,-0.34651059734337625,0.5669747147930876,-0.6324650591639658,0.4902110730662915,-0.09758237073346207,0.43051230795488143,-0.09758237073346207,-0.1527332151718936,0.8466229824328997,0.867257726863461,0.8524591027650427,0.7639690747109781,0.26610845231474056,0.8464117989269552,0.8478152088678799,0.8464117989269552,0.7623890047331544,0.7623890047331544,-0.1879342949915812,0.6967361934004018,0.24080600714946956,-0.6674245166793091,-0.628011497135254,-0.6310875545111264,-0.15321101866251552,0.05435284602283865,0.33176395492921823,0.005935125397033827,-0.5327281121964557,0.06191928893242524,-0.828012839049194,-0.16533729889954357,0.08450521298735578,0.08565453755095252,-0.6115032858060772,-0.5924975323338584,-0.09358017704062918,-0.589470405451934,-0.8357014161597123,-0.3816171120120174,-0.21364106454929646,-0.3816171120120174,-0.27701816468963186,-0.36170617854627274,-0.36170617854627274,-0.8280710834010367,-0.8280710834010367,0.3654209829589037,0.5883719613612496,0.5051659995281701,0.8027662886314798,0.7416438958754552,-0.36968951035277337,0.06555211316902487,0.7506392237373176,0.7698564095609126,0.7506392237373176,-0.1299231445326115],[0.9883768081568198,0.9770101411187166,0.6179075963410116,0.9901809831423952,0.9955923953195143,0.9883768081568198,0.9974759626995734,1.0,1.0,0.9995522700602937,0.9526427248531791,0.9986966643717549,0.9982283518150296,0.9994005596508196,0.9991360892865124,0.8944294318290067,0.8760897251106655,0.260551629918383,0.9991816894307337,0.9991832999374928,0.9870932555918925,0.9992745164449268,0.3173598397898693,0.7268061148204761,0.9926679024592454,0.9926679024592454,0.9846000876782895,0.9876746232679884,0.25010325355281054,-0.1807368937547429,0.9879032439647458,0.991335829435763,0.1731370443729942,-0.23369020513119018,0.9982970005402448,0.9982660297034625,0.4022671659982304,-0.31909673430893876,0.9970317552469151,0.9982006628033532,0.8810857894126141,0.23949396088318625,0.933494169113017,0.9981251403088891,0.933494169113017,0.9057766666874194,0.5989063021938722,0.934597465822531,0.9097350638858811,0.7085597666436798,0.3955144850923117,-0.12524323484723376,-0.21170085125983962,0.9191090411484055,0.3312840527591627,0.9629219597850032,0.9571962254840218,0.9734850371876373,0.9947111493899561,-0.05119760314009353,0.8581667898376506,0.8149740775011808,0.8686588779516763,0.8105125701878348,0.7765482526394368,0.8105125701878348,0.7933908765196066,0.7745214994654372,0.7699927499849551,0.7745214994654372,0.86065453519274,0.35756716402098343,0.5628704493902609,0.6318020819040129,0.5628704493902609,0.5848657565459688,-0.36095394878869974,0.552727322445834,-0.6399268015133996,0.4826493361674247,-0.11929253386156422,0.4145922804762963,-0.11929253386156422,-0.15939194451878638,0.8371462874063027,0.8534189641046679,0.8404509873375015,0.7495905944340862,0.24852659841198185,0.8375022778295691,0.8390899619728381,0.8375022778295691,0.7454137163948777,0.7454137163948777,-0.20281341661960528,0.7205297233138231,0.24785771426171604,-0.6767176982093062,-0.6405699988986655,-0.6434613220681298,-0.16783045958254025,0.0468236533998149,0.3247829996801394,-0.013146401212599653,-0.5452342598400529,0.05265512465893315,-0.8338532542758836,-0.17181920611747806,0.06943335351678859,0.07060548727113326,-0.6229580065162632,-0.5934990236985641,-0.10041506060329375,-0.6059249902315271,-0.8352961390543845,-0.3930058750135611,-0.21983929679668932,-0.3930058750135611,-0.29418612513900594,-0.3751756802037941,-0.3751756802037941,-0.826114053296024,-0.826114053296024,0.34603322817621207,0.5716493100029291,0.4866348967917754,0.7850859553221152,0.729135474716058,-0.3910450892001411,0.05165700881909587,0.7316682879060817,0.7542108701715889,0.7316682879060817,-0.11289422335741028],[0.9883768081568198,0.9770101411187166,0.6179075963410116,0.9901809831423952,0.9955923953195143,0.9883768081568198,0.9974759626995734,1.0,1.0,0.9995522700602937,0.9526427248531791,0.9986966643717549,0.9982283518150296,0.9994005596508196,0.9991360892865124,0.8944294318290067,0.8760897251106655,0.260551629918383,0.9991816894307337,0.9991832999374928,0.9870932555918925,0.9992745164449268,0.3173598397898693,0.7268061148204761,0.9926679024592454,0.9926679024592454,0.9846000876782895,0.9876746232679884,0.25010325355281054,-0.1807368937547429,0.9879032439647458,0.991335829435763,0.1731370443729942,-0.23369020513119018,0.9982970005402448,0.9982660297034625,0.4022671659982304,-0.31909673430893876,0.9970317552469151,0.9982006628033532,0.8810857894126141,0.23949396088318625,0.933494169113017,0.9981251403088891,0.933494169113017,0.9057766666874194,0.5989063021938722,0.934597465822531,0.9097350638858811,0.7085597666436798,0.3955144850923117,-0.12524323484723376,-0.21170085125983962,0.9191090411484055,0.3312840527591627,0.9629219597850032,0.9571962254840218,0.9734850371876373,0.9947111493899561,-0.05119760314009353,0.8581667898376506,0.8149740775011808,0.8686588779516763,0.8105125701878348,0.7765482526394368,0.8105125701878348,0.7933908765196066,0.7745214994654372,0.7699927499849551,0.7745214994654372,0.86065453519274,0.35756716402098343,0.5628704493902609,0.6318020819040129,0.5628704493902609,0.5848657565459688,-0.36095394878869974,0.552727322445834,-0.6399268015133996,0.4826493361674247,-0.11929253386156422,0.4145922804762963,-0.11929253386156422,-0.15939194451878638,0.8371462874063027,0.8534189641046679,0.8404509873375015,0.7495905944340862,0.24852659841198185,0.8375022778295691,0.8390899619728381,0.8375022778295691,0.7454137163948777,0.7454137163948777,-0.20281341661960528,0.7205297233138231,0.24785771426171604,-0.6767176982093062,-0.6405699988986655,-0.6434613220681298,-0.16783045958254025,0.0468236533998149,0.3247829996801394,-0.013146401212599653,-0.5452342598400529,0.05265512465893315,-0.8338532542758836,-0.17181920611747806,0.06943335351678859,0.07060548727113326,-0.6229580065162632,-0.5934990236985641,-0.10041506060329375,-0.6059249902315271,-0.8352961390543845,-0.3930058750135611,-0.21983929679668932,-0.3930058750135611,-0.29418612513900594,-0.3751756802037941,-0.3751756802037941,-0.826114053296024,-0.826114053296024,0.34603322817621207,0.5716493100029291,0.4866348967917754,0.7850859553221152,0.729135474716058,-0.3910450892001411,0.05165700881909587,0.7316682879060817,0.7542108701715889,0.7316682879060817,-0.11289422335741028],[0.9928308917603025,0.9833695353865181,0.560054257127877,0.994400282330569,0.9973690319361792,0.9928308917603025,0.999970375870669,0.9995522700602937,0.9995522700602937,1.0,0.9584578985621847,0.999638786502214,0.9999716898109408,0.999970699359196,0.9999754122457617,0.8053784526597969,0.7362511098640543,0.16671498845925597,0.9998136219708292,0.9998142085171342,0.9895955013113773,0.9999688119646251,0.1267169977962023,0.6980457307957464,0.9950564209656908,0.9950564209656908,0.9950114204159921,0.9904206090778251,0.10070060035425445,-0.10633544216734951,0.9904848557283292,0.9904499310565337,0.010560969553890031,-0.18593217879225482,0.9993807583631125,0.9993392178939451,0.8000479171840618,-0.4939841748895844,0.9989277729301798,0.9993852244943886,0.7853521314125432,0.14294583412843173,0.9992402114326707,0.9992453899681921,0.9992402114326707,0.9080397363082984,0.614565541005103,0.9339738625711993,0.9121506057895225,0.7303835755024005,0.008800408903325362,-0.5378474340691772,-0.15821503159987704,0.9234501800457796,0.29782874169440365,0.9630713612532752,0.9624396419441897,0.9804490709649302,0.9949046944890433,0.8802524713545928,0.8699701911936648,0.896444381474305,0.8776801232176575,0.8949236077304608,0.8955357367764515,0.8949236077304608,0.8048087535328464,0.8445864309448401,0.8460798183855508,0.8445864309448401,0.869861440193217,0.7770534086959451,0.8558887301178848,0.8571103358359898,0.8558887301178848,0.5970042047147146,0.43606600780993926,0.566183504481603,-0.6443970489520596,0.5453301891128279,0.511659166385735,0.5114463140234218,0.511659166385735,-0.11023827856984654,0.8472387020394178,0.8672122607875931,0.8528644154170377,0.8890022848737782,0.18390679700815676,0.8518379373167559,0.8537894542469288,0.8518379373167559,0.8585343038973885,0.8585343038973885,-0.18968515759727933,0.698303725984834,0.0592463696298331,-0.679479290554754,-0.6641465443756718,-0.665190908528357,-0.15675451197005302,0.0576555059687441,-0.17884241123961184,-0.17831031027143157,-0.5743212638550553,-0.38739382427509356,-0.8686063310675518,-0.5825234938103322,0.08397503958384572,0.08508746156584246,-0.6131207661813105,-0.5885966320538201,-0.5465499222712075,-0.5911815322687851,-0.8049477549735508,-0.6121461099006243,-0.6143641384498122,-0.6121461099006243,-0.2787918749834558,-0.364904245926662,-0.364904245926662,-0.7849338542272859,-0.7849338542272859,0.3663946093782391,0.5869928057782042,0.814006478351968,0.8003613907300785,0.7400137672785171,-0.39712506041041734,0.6345348563105262,0.6940344840048861,0.6941961875721795,0.6940344840048861,0.10616893690651445],[0.9762903851486318,0.9687946438254965,0.5169761197385746,0.9742444712131162,0.9661420559646653,0.9762903851486318,0.9595225926147508,0.9526427248531791,0.9526427248531791,0.9584578985621847,1.0,0.9419690442359757,0.9595428141838169,0.9595596757924763,0.9592519943463009,0.6375282634132664,0.5555149819096769,-0.050742088525071616,0.9640722049700976,0.9640510683912303,0.9596614096168746,0.9596535403766875,0.054407175735103695,0.7390690177495788,0.9611463492336264,0.9611463492336264,0.9613273051443113,0.8835742789508201,0.20769239488769947,-0.08884007013787458,0.9666949662715572,0.9668024395375254,0.168849224408802,0.0838271718485449,0.9677963448862893,0.968045739171415,0.8791575541760475,-0.3933802798849636,0.9507519102423432,0.9669585815174228,0.6140839628742,-0.07204583550736904,0.9689403462460051,0.968908376801689,0.9689403462460051,0.806022243019005,0.41323332562070825,0.8124072114563127,0.8898233361965217,0.846348528418214,-0.527677078023222,-0.6813618526319898,-0.2557339777243069,0.8854785254129912,-0.00287408553852679,0.9159328054389729,0.9159972246690948,0.9358562334035823,0.9649749109893567,0.8840272713484437,0.8840820842003624,0.9040215736760535,0.8868450531773221,0.8973533012212361,0.8980052320100915,0.8973533012212361,0.8386586526057566,0.8211785981563013,0.8229349898297791,0.8211785981563013,0.8807168696370404,0.8966322827908568,0.8790997974774503,0.8797254667522827,0.8790997974774503,0.6837270572583143,0.6110380611973222,0.6846804405392526,-0.33508782550551336,0.7042324557610974,0.7206025990103383,0.723009239020408,0.7206025990103383,-0.27152793462171554,0.8843259499123021,0.9379123982831867,0.8991436929446297,0.8963896490800227,0.03661889692860222,0.8779246197198526,0.8790112465159061,0.8779246197198526,0.8870684585532351,0.8870684585532351,0.03907855289238251,0.38391837653915745,-0.10995051892012916,-0.609849304435825,-0.42468390077850615,-0.42681594573296294,-0.012900625114590721,0.41577464442148043,0.04710757651753293,-0.1323377693639299,-0.48654565128210936,-0.06210352464011027,-0.7993764031636372,-0.22379865206432012,0.2996685874542999,0.2989553452004085,-0.3931220337213537,-0.43427914102513737,-0.354537997042481,-0.36385025755866696,-0.6686492774492026,-0.3745923487920767,-0.3767780997016068,-0.3745923487920767,-0.09114198880153394,-0.4036916625040605,-0.4036916625040605,-0.5395581057644021,-0.5395581057644021,0.5249226672794691,0.6521494088059312,0.7514430852174651,0.6816996972532636,0.818515073162755,-0.4880852111643942,0.3893489667699174,0.5394872759888054,0.5397752866166524,0.5394872759888054,-0.19057124252144117],[0.986414887183958,0.9850771949809082,0.9958993503416532,0.9900211468327712,0.9963889961318124,0.986414887183958,0.9996760762191844,0.9986966643717549,0.9986966643717549,0.999638786502214,0.9419690442359757,1.0,0.9996749358961077,0.9996698247790846,0.9996402396271011,0.44149396825708714,0.3504196427989929,-0.4775439320707038,0.9997940237522666,0.9997969173916718,0.9996802288520282,0.9996799961107817,-0.21301143088901964,0.9703894616473863,0.994277486726051,0.994277486726051,0.9942580916673515,0.9926426116937694,0.12998916938181396,0.11417308262116022,0.9911501921851568,0.9911968869903586,0.9222830614298279,0.06483336663546434,0.9989813653351717,0.9989324717111602,0.9987996467820272,0.9993495453921816,0.9993848116501396,0.9990154021598205,0.3933753443575421,-0.48626717600579766,0.9987454855521264,0.9987542535630246,0.9987454855521264,0.9018457927765017,0.45507867507591876,0.930310772196039,0.9100155652049725,0.7311945596985654,-0.4627454983064601,-0.6209602788710592,0.8039707194458524,0.8316358335245918,-0.33530907852119424,0.9272365947942611,0.9274552490307341,0.9676948630861187,0.9931216139539228,0.891094310421064,0.8985677262836095,0.8740411806693351,0.8752884152958688,0.8809520652835552,0.8816544239652181,0.8809520652835552,0.7498457980029541,0.7149022189985026,0.7171947126656902,0.7149022189985026,0.8978032707675554,0.9044908277575381,0.8968954552142002,0.8980410203866916,0.8968954552142002,0.459310405025506,0.39267360503336807,0.5034345576876151,0.6102541110227079,0.5035321267731971,0.5361530200734252,0.5382578050315723,0.5361530200734252,-0.37251986458898184,0.8327847893814341,0.8711805411577143,0.8563100713317525,0.897967862770359,-0.2818443760263552,0.8275111641187317,0.827910884408967,0.8275111641187317,0.8385279892579893,0.8385279892579893,-0.24305316663516333,0.6903486972728354,-0.3845082381326942,-0.7715106419867538,-0.5360453682001481,-0.538537940652967,-0.40025877772606755,0.20707861888214177,-0.29113244753349743,-0.5014402485652182,-0.725017776946943,-0.3801864250689338,-0.5997792142271332,-0.44854194471249886,0.07834735349297431,0.07514626298469783,-0.5582102810370966,-0.5276147401775239,-0.5480551865604858,-0.5832242138810269,-0.5769841484340599,-0.5513379204606266,-0.5543412073821492,-0.5513379204606266,-0.42064116716210703,-0.6125251584673853,-0.6125251584673853,-0.612747919531161,-0.612747919531161,0.3621838100362204,0.3363026483742246,0.4657063451439851,0.5589406296201257,0.5276072195051639,-0.5677508972931676,0.29547562624319545,0.28805398571423707,0.28822163397994627,0.28805398571423707,0.2240441890732238],[0.9921877096972928,0.9835578363530949,0.6268720875415779,0.9935183832636975,0.9971925057868968,0.9921877096972928,0.9999965449523783,0.9982283518150296,0.9982283518150296,0.9999716898109408,0.9595428141838169,0.9996749358961077,1.0,0.9999902112479572,0.9999949774345934,0.8966951070508531,0.8791547356767015,0.2822947072531766,0.9998605760771083,0.9998606699567286,0.9897598292315131,0.999997310370746,0.3430129305546554,0.7259235201765255,0.9907567396901458,0.9907567396901458,0.9865149255771352,0.9905561899139644,0.26779873599806253,-0.16734362231362213,0.9916257142723168,0.9915036185593635,0.19195882993639535,-0.2278034768734093,0.9993401693772325,0.9994519708548282,0.4202156071368028,-0.3122609837492383,0.9989972557945848,0.9994153601588358,0.8830439470199964,0.2616531977928705,0.9410073450418949,0.9990881957051189,0.9410073450418949,0.908248481710361,0.6141097959571999,0.9345452690231829,0.9130172313463666,0.7310487981203357,0.40881789463004015,-0.10989745004112136,-0.19878617421590328,0.927736427147686,0.3517482762697759,0.9676503047755552,0.9624537107183111,0.9786467597518521,0.9956959440903298,-0.0413148386840249,0.8693711552628006,0.8306679289379448,0.8768935293118819,0.825100486783128,0.7885227169093393,0.825100486783128,0.8054715032622246,0.7929251268630809,0.7832263474954548,0.7929251268630809,0.8686824777309035,0.3764670765361848,0.582763012428218,0.6477888136428365,0.582763012428218,0.5974052368095031,-0.34651972845898005,0.5669695539237556,-0.632342568107138,0.4901371488927898,-0.09769746835058067,0.4305599192133583,-0.09769746835058067,-0.15287326798296313,0.8467149053434192,0.8674148639394499,0.8525768414774506,0.7639662677420898,0.26613836050696243,0.8465096855601436,0.8479094574571557,0.8465096855601436,0.7624691220042302,0.7624691220042302,-0.18785812064169782,0.696715406396343,0.24091085035976773,-0.6674855602723971,-0.6279221050669114,-0.6310039085072511,-0.15330586808808977,0.054239823028270996,0.3319153939373824,0.005927464107059442,-0.532814154158548,0.06215706494294146,-0.8277488558087015,-0.16506713624292071,0.08457599956868046,0.08573991395729928,-0.6114816796848279,-0.5922826270976642,-0.09335087731800588,-0.5894207534381554,-0.8355824434477925,-0.3814045376379961,-0.21345136628451156,-0.3814045376379961,-0.2768600451538099,-0.3616794634277397,-0.3616794634277397,-0.8280034009032744,-0.8280034009032744,0.36582097902076854,0.5884703953599183,0.505397887299606,0.8029974544672847,0.7416720501831635,-0.3694929691767251,0.06582664957796326,0.7508650753025449,0.7699512466739306,0.7508650753025449,-0.1299352013220067],[0.9926140486684969,0.983493877537199,0.6175291634997192,0.9942450002505709,0.9972708777250334,0.9926140486684969,0.9999865503395227,0.9994005596508196,0.9994005596508196,0.999970699359196,0.9595596757924763,0.9996698247790846,0.9999902112479572,1.0,0.9999874722638774,0.8489512412116526,0.793376339996058,0.28430586806554115,0.9998833979083519,0.9998839751671684,0.989749328004759,0.9999874625375943,0.345714551775698,0.7216710284474089,0.9937592986477922,0.9937592986477922,0.9937217920595082,0.9904695472030488,0.2634783255633653,-0.16774649423792976,0.9918246770502085,0.9918356432763925,0.21598153793504282,-0.22713243511147413,0.999513065791996,0.999451929758257,0.8410643561128613,-0.4051101058811247,0.9989921441973979,0.9994197063258208,0.8342464767843056,0.2637028570298624,0.9994030766566353,0.9994075966482662,0.9994030766566353,0.9082466268497046,0.614240201885847,0.9341561761670923,0.9124638408992556,0.73054896238711,0.2887904489930932,-0.2810521385938787,0.09620061218475519,0.927652686174474,0.3525281175781741,0.9644490880646331,0.9624734213713454,0.9771373491557722,0.995927478973719,0.8879622689133773,0.8684610579125994,0.901435500811789,0.8767801450248769,0.9005488725463832,0.901398823255003,0.9005488725463832,0.804613387397481,0.8662954550721693,0.867748828551313,0.8662954550721693,0.8684478619934379,0.7603922088441752,0.8619879784745987,0.8636115598595763,0.8619879784745987,0.5968409322548783,0.44314490146747376,0.5656239385487076,-0.6369351393234103,0.4887505120536436,0.49737727262663894,0.49848756374203,0.49737727262663894,-0.154667336778183,0.8464881839179496,0.8670164106851569,0.8520363695692388,0.8949303401846964,0.2687198811858773,0.8463819753050863,0.8480852885866688,0.8463819753050863,0.8569449182359007,0.8569449182359007,-0.18825673634823056,0.6967344121224632,0.15857650757587216,-0.6662311592035624,-0.6275541593297969,-0.6304770356177365,-0.1532500395913516,0.053411821859708025,0.10884340022625913,0.0075649946738999465,-0.531120760257741,-0.12458267175044901,-0.8395737829732636,-0.3857883900081225,0.08432540614302243,0.08547937046073781,-0.6115316130370662,-0.5915956993380028,-0.38621481947057784,-0.5891795943566396,-0.8292441367257933,-0.5009699111583449,-0.49657111497581885,-0.5009699111583449,-0.2760547284846685,-0.36168523883380166,-0.36168523883380166,-0.8201431738707811,-0.8201431738707811,0.3657077950042788,0.5887775187597553,0.8234467858818154,0.8070653011647241,0.7423112497653395,-0.3688969046868348,0.7022834060760614,0.7404254592632377,0.7405083435367035,0.7404254592632377,-0.09776239935776174],[0.9922425040807689,0.9833926929746629,0.6270931444259528,0.9935490540123558,0.997219966071008,0.9922425040807689,0.999993293887194,0.9991360892865124,0.9991360892865124,0.9999754122457617,0.9592519943463009,0.9996402396271011,0.9999949774345934,0.9999874722638774,1.0,0.8903893648472602,0.8480403067670739,0.28241272961510944,0.9998631912854872,0.9998631757552054,0.9898971104319476,0.999994911544771,0.34366761306779137,0.7257764652976051,0.9940096026585474,0.9940096026585474,0.9939131319161553,0.9904720016527614,0.26806398582103164,-0.16737631861837793,0.9924426893972788,0.9924899126956955,0.1926963118235823,-0.2276365637254671,0.9993866613389533,0.9994508756479952,0.41923692694557324,-0.3114833258587996,0.9989509095057432,0.9994177583285684,0.8815115487357553,0.26179395124995275,0.9405517248460825,0.9991399448651911,0.9405517248460825,0.9085104402181832,0.6147770536601049,0.9347811576374937,0.9132529869096041,0.7307883585818555,0.41016487838283594,-0.1083813944705486,-0.19899678021727005,0.9280857246842016,0.35201341858772883,0.9680422945464005,0.9627659053079349,0.9789126854208121,0.9957342346782264,-0.04230606233244335,0.8696380024576079,0.8305877129914435,0.8771241102411802,0.8250552383329889,0.788102146088637,0.8250552383329889,0.8056664290359076,0.7928751717644252,0.7836030433901786,0.7928751717644252,0.8689926358821751,0.3758105647287568,0.5822811536939062,0.6478017970359802,0.5822811536939062,0.5972728272242328,-0.34765103731594477,0.5669142602232162,-0.6325120852583687,0.48979368282339175,-0.09866431095857979,0.4302275670790715,-0.09866431095857979,-0.15282243853210406,0.8468478342308631,0.8671521042542295,0.8527071244184791,0.7558274825427482,0.2665046913919036,0.8466135432916775,0.8480039125382564,0.8466135432916775,0.7622868387381279,0.7622868387381279,-0.18925207136329467,0.6975052645823883,0.24139606993888835,-0.6674718372806132,-0.6282785152366467,-0.631365077783711,-0.1543975356924851,0.05307782284689876,0.33222775760422263,0.005517415445266567,-0.5330318168136556,0.0622465155667372,-0.826957890136854,-0.16490454489085005,0.08362941568128217,0.08479205814171836,-0.6120677353406702,-0.5925032547218663,-0.09278642238763671,-0.5905862578215902,-0.8355902930585339,-0.3813419520563592,-0.21290969371579746,-0.3813419520563592,-0.27775758012100166,-0.36212186339885577,-0.36212186339885577,-0.8283429764966073,-0.8283429764966073,0.36602113681584947,0.5881330334094234,0.5049016556930289,0.8034282386221848,0.7411167978159189,-0.36905572765744604,0.06518585840878442,0.7512682688081755,0.7705548257720517,0.7512682688081755,-0.12963913220937667],[0.8438098881686803,0.3587108128805652,0.4625241921059467,0.8431157387177498,0.7764824292750003,0.8438098881686803,0.8967476065238073,0.8944294318290067,0.8944294318290067,0.8053784526597969,0.6375282634132664,0.44149396825708714,0.8966951070508531,0.8489512412116526,0.8903893648472602,1.0,0.9946577565736199,0.40963826082105653,0.876679697646112,0.8766701902422844,0.8257285757769871,0.8896352801226624,0.3278613501770271,0.4922224126781694,0.8813704234064108,0.8813704234064108,0.8690116536113187,0.05424016408720248,0.19080836010381794,-0.18649173532100174,0.9109059982068576,0.9091086776865102,0.15205407262550868,-0.25215370695704287,0.8941043103556745,0.8221188089477445,0.29868536215040126,-0.31948039861583594,0.4567197820692546,0.7993818819318038,0.9984294626523835,0.39155751809868244,0.8215141291226865,0.8938843807841841,0.8215141291226865,0.4238190192446669,0.5735355670731427,0.0561305691448182,0.041599111669998204,0.2838419064023672,0.4072764780510716,-0.06417221009324257,-0.20993518854206528,0.800133128200175,0.4046725758861032,0.8874687657722358,0.8113553481932234,0.8692768928982262,0.8837726033201623,-0.09596893391664264,0.3755900688784754,0.6755737991483862,0.6024481542001245,0.667516415209147,0.6940653563679529,0.66751641520