var element=document.getElementById("correlationAdjClose");if(element.style.display!='none'){var correlationAdjClose={"data":[{"type":"heatmap","z":[[1.0,0.9999932698695614,0.9853545728507649,0.9999262367827808,0.9990782228278453,0.985786497343289,0.9978482022682712,0.9959670135472793,0.9691931596071898,0.9962966648443873,0.9943437284640296,0.9938836321514617,0.9960893883444026,0.996122124434186,0.9960137597643334,0.9975867659385891,0.997844586229401,0.9983556251260278,0.9966244189770503,0.9966348460319753,0.9966915275197338,0.9960445261465862,0.9871091919373083,0.9710998546167442,0.9896050457603196,0.9561096768911734,0.9885810553572979,0.9871763821483479,0.9673105707229868,0.9509003127141321,0.993021117372202,0.9941206465691727,0.9922028013033191,0.9765031431492607,0.9977532863267908,0.9979917168719257,0.9975037297223524,0.9961446630750829,0.9957636320672251,0.9978779725804529,0.9987585202148747,0.9988046887765799,0.997709231790478,0.9977182701295564,0.9767405555554081,0.9131115798892059,0.9484289960605123,0.9177053127422891,0.9186878284814761,0.8992322556513025,0.963464498813699,0.9472705194182077,0.9651158528666217,0.9653369518823814,0.9555579864765325,0.984516585843322,0.9815320369356808,0.9903875678357023,0.9944950811215256,0.9864231633092735,0.9819811971959524,0.9879858883037332,0.9860450341524853,0.988549464619968,0.9883528962416391,0.9651271344494696,0.9736601030570503,0.975160081366896,0.9748350632687347,0.9520341545186279,0.97996136122786,0.9773104253293967,0.9846304237337483,0.9838881158368163,0.9421271525740046,0.883903599745065,0.850677360937467,0.9002442991514045,0.9191202538561576,0.9160208758669965,0.9170760073747491,0.9157293924583432,0.6832344847914456,-0.5626624162107529,0.98044608685838,0.9753369592989458,0.9720074238813328,0.9871583522344631,0.9744358114531637,0.9843108373362237,0.9842773999429072,0.9495593609439281,0.9844258013426416,0.9527314257205868,0.7583737880752228,0.9002560267146446,0.9261220126373786,0.7915904995271322,0.9490892896726927,0.9499009047919914,0.8993039992731466,0.9640518125663168,0.8962400762063205,0.6109567931735564,0.7196772232645504,0.9030531473454356,0.869875372400468,0.8940813562271155,0.9733712571604153,0.9735497031802163,0.780837384093676,0.7308743942776011,0.8251082843706323,0.40527639276850225,0.80119405764401,0.8294004724304369,0.8246456110523392,0.8156434050968463,0.774825593190191,0.7499804461157209,0.7323450226107489,-0.2670227242461184,-0.40600057317255234,0.6617430251378775,0.8943831070661273,0.9373122553834106,0.9440707963932515,0.9114430694265309,0.8271124419166206,0.9112426084857439,0.9306835227909065,0.9305500118061829,0.8650129461376467,-0.17852614264545522],[0.9999932698695614,1.0,0.9871710448516642,0.9998205820936522,0.9981410955587453,0.9900907987443842,0.9943832474895414,0.9912492236193714,0.9838688060050099,0.9912694480474984,0.991275113739085,0.9931433894096405,0.9914164545901201,0.9912696070108455,0.991335400303497,0.9936796019062198,0.9964520827648318,0.996078190808658,0.9939116909106657,0.9939120460983374,0.991329192833941,0.9913763672394382,0.9911349160123215,0.9717601512813175,0.9879508563389785,0.980772752287535,0.9878117645938583,0.9870723598050373,0.9793037093553584,0.9285556074345062,0.9884659907904112,0.9858820194964631,0.97882887164243,0.9269185340073666,0.9955403094573572,0.9954252874860047,0.9956684243186035,0.9919051072724183,0.9951200484451517,0.9956712397263202,0.9970177004000631,0.9971482580668718,0.9956505728209702,0.9956576039749405,0.9891646298493111,0.9127924226663018,0.8845238892197523,0.9173420236955864,0.9185549412996284,0.8992068687302206,0.8741941708888817,0.9194316866834077,0.877123624715655,0.9055639340997457,0.8736374948458404,0.9536118410941499,0.9535742369463057,0.9663658180966341,0.9839389784976792,0.9809037902617498,0.9836128186119678,0.9790625378230146,0.9790227423263428,0.9810702493818058,0.9809991527121952,0.9492773815215991,0.9587796141702855,0.9341235594634659,0.9340520599877926,0.8599956265732739,0.9772361245133845,0.97894913497394,0.9791474196938803,0.9787290534984813,0.9489099985074069,0.7431217577660849,0.6962842561442223,0.8139239062214872,0.8843951836254832,0.832406850354977,0.8591014659185001,0.8577254177595203,0.69804326552269,-0.23370443732882323,0.9677683507430183,0.9724867810884882,0.9675740863208834,0.9815522183424319,0.9655957652113548,0.971160694732599,0.9704952997871031,0.926386745947181,0.9732687618587704,0.9301201818303065,0.663324948265765,0.8996091526844997,0.8971491716885062,0.4471453051722443,0.810314633856315,0.8154563084055775,0.7294222124130167,0.9651352115111668,0.7017835279747738,-0.27950932316149707,0.2003025200486929,0.7295531131111216,0.6773434731502243,0.7218266563468649,0.9666775600692565,0.9666146237109196,0.10260261049455391,0.2730775789747996,0.10871192114210519,0.08100514843439931,0.10268784628663977,0.11791793799523684,0.11482576612376803,0.03694007615389883,0.4728514305667479,0.2045520803493739,0.15389738264105088,-0.4418607776116317,-0.4847921090680725,0.6619773310428253,0.7512109997230191,0.7754941025703944,0.8350280595908954,0.8225183600589505,0.5641683346847932,0.7479209453875927,0.7699876942073626,0.7687496809853187,0.4201209680335888,0.19463088263263875],[0.9853545728507649,0.9871710448516642,1.0,0.9867810774840149,0.9930909399314157,0.9912434253473499,0.9901446052442133,0.9907496712022165,0.9904229001323592,0.993518825932436,0.997545146783716,0.9966396406255106,0.990624123528058,0.9929157009828827,0.9908090872630616,0.9902115691930905,0.9908959862656908,0.9903044625147319,0.989449615380078,0.9894265467986842,0.9923690149503188,0.9906432733158445,0.9944548465644858,0.9828784491047095,0.9912519142632961,0.9799646603942308,0.9917740612006423,0.9861180674922715,0.9852873157930432,0.9563317774387275,0.9702291897169908,0.97431480615846,0.9761871822582332,0.9514432657046068,0.9874268825354363,0.9905162834631509,0.9888842752337705,0.9924722224097561,0.994843878512457,0.9912941770760836,0.9852506929604244,0.987981199964865,0.9877509424342328,0.9871292731270375,0.991752273087375,0.9086979237681854,0.9313906348604335,0.9329667722265687,0.9111361102734351,0.8510051261731423,0.9218344917154168,0.9020270244872322,0.9243692229071475,0.9256935341412514,0.9116156618972531,0.9499057089465491,0.9580477389065093,0.9666385778091181,0.9784143501666477,0.9374351551209095,0.9613530487317025,0.9608384547307395,0.9677207884606253,0.9611340632337754,0.9354433056566853,0.9169697812186012,0.9416669576006014,0.9325714174894211,0.9142117357397344,0.8867142661024803,0.9680276626884448,0.9460464739420265,0.9608187416534083,0.9396156901166661,0.8135664648163204,0.8364199625913531,0.7563359572800322,0.8556421638364157,0.8869557542846417,0.8877649166187126,0.8554526178406421,0.8697865165833287,0.37750508438804947,-0.5547280418258071,0.9572134267176737,0.9418352141160656,0.9420465097913879,0.9375851563573022,0.9515224909151567,0.960176775589946,0.959747859204289,0.929356256075952,0.9554816168371176,0.8689411381617523,0.7393533999177435,0.9479092030005084,0.9473671223368898,0.7644744129411009,0.9348574897225302,0.9366513604424753,0.8720401622836107,0.980022639391438,0.7769428067455688,0.5155300839880911,0.6616351979628433,0.7972979784551717,0.7961584125421138,0.7785165853288486,0.9827594769942941,0.9828111280358288,0.7073574172909114,0.6737262101573259,0.7113973241655133,0.3475666180860899,0.699507810340435,0.7130485227658531,0.7279543174744603,0.7110031746312351,0.7344235856183059,0.681766360155327,0.6628037722247665,-0.3321793406020742,-0.4708154103583662,0.6251855154958382,0.8547347880053269,0.8850135611789299,0.8895212949374415,0.8831307820861743,0.7582944957289309,0.861211439712015,0.873903623392417,0.8814912589920837,0.7354690411590881,-0.10051286995391057],[0.9999262367827808,0.9998205820936522,0.9867810774840149,1.0,0.9993371276975745,0.9869192375299298,0.9981153866631594,0.9964202997737948,0.9714937620052836,0.996795818722681,0.9950938007395974,0.9948906870452404,0.9965244975231885,0.9966484918631212,0.9964663312313705,0.9978804772198823,0.9981924747245985,0.9986360197261276,0.9970217748960365,0.9970296062893191,0.9971171086037282,0.9964841094967576,0.9883364405293364,0.9725303428832717,0.9906131840288461,0.9588006804511314,0.9896985350463828,0.9888101955133797,0.9693714757312157,0.9521254538685326,0.9923565647574951,0.9936501758137848,0.9921346612084386,0.9760345907415579,0.9978552895128078,0.9982094149591288,0.9977523133192924,0.9966350862588401,0.9962780078896296,0.9981288399297809,0.9986647127377757,0.9988973610936872,0.997805994001887,0.9978120786595446,0.9786134623807339,0.9089524499050499,0.946192344847049,0.9183193608407796,0.9170865144436254,0.8918741155968483,0.9604711143351327,0.9438858263580827,0.9620255851616657,0.9627354214979714,0.9526602425522238,0.9823845830238216,0.9799625908249276,0.9895182119241642,0.9943295211141163,0.9849384393254739,0.9808188750578346,0.9866828497032664,0.9854203911493601,0.9871659158426006,0.9869614155366742,0.9544294366356367,0.9723718011181085,0.9736239947075356,0.9732955078344381,0.9465876093371487,0.9794943980003882,0.9743343598785014,0.9831396922070655,0.9823595066992309,0.9200777045277954,0.8822926752516254,0.84664927218845,0.8984348334080374,0.9161832610285293,0.9154830836863271,0.9145486965063442,0.9132476112905036,0.588360106067359,-0.5622703290173655,0.9795740969490697,0.9740065457412999,0.9704929344124423,0.9856763335411125,0.973628645895947,0.98350153992513,0.9834612825038594,0.9490719130765426,0.9829386868826256,0.9365364757040018,0.7626261917327535,0.9062445012967363,0.9303125170527774,0.7933178030383138,0.9504313510413557,0.9512725641239378,0.8988274849262502,0.9653597057646496,0.8900260142253147,0.6072439532451979,0.7178488532237779,0.8974867200985892,0.8661727660632145,0.8882403016969599,0.9742623697909376,0.9744479578743144,0.7795834691527328,0.731047697964013,0.8170812891487255,0.40716722232274805,0.7953574214318164,0.8210935938602941,0.8162649246268414,0.8101773371330536,0.7772072060439159,0.7498030727834695,0.7322505604595696,-0.26242124193393257,-0.405270089886496,0.6607157928150258,0.8923460713234985,0.9353321730700307,0.9421587999991161,0.9100712584723507,0.8241984055740524,0.9091208643888044,0.9283014433150806,0.9283224924426488,0.8575254637106021,-0.17130622943032592],[0.9990782228278453,0.9981410955587453,0.9930909399314157,0.9993371276975745,1.0,0.9898042195525213,0.9991026037641961,0.9985043304091109,0.9840744573396567,0.9985042286584772,0.9980754233375466,0.9981130163052336,0.9985372115293925,0.9985369030531135,0.9985369845782247,0.9990503340296615,0.9986518518941627,0.9992920754439147,0.9988732705753406,0.998872321746318,0.9986002154072506,0.9985274261815746,0.9943582242792459,0.9801639721832826,0.9947543545327285,0.9765072588638903,0.9947124979938142,0.9915976490331949,0.9824530039617512,0.9553592360725496,0.9891656846031046,0.9918530228104028,0.9891896436924206,0.9674759343205374,0.9989538937244979,0.9990015082557042,0.9990144602137473,0.9986178246282249,0.9986522426081476,0.9989915745288919,0.9989679513070215,0.9991945392629787,0.9989517176934298,0.9989507135965371,0.9884442217712984,0.9191866523728744,0.9452549981877878,0.9309121861144641,0.9218681258639869,0.8869638535870451,0.9460096988753057,0.936617086183059,0.9502409325647632,0.9555639973221589,0.9448383260973501,0.9792102441933836,0.9791499642404177,0.9892478255549826,0.9942027876430347,0.9816466574751224,0.9753917649083659,0.9823637999909495,0.9816172540897097,0.9827111814448817,0.982473647519081,0.9556215925654431,0.9636789321809998,0.9584604482517413,0.9580544205939071,0.9195732218664402,0.976821472591568,0.9732652447152217,0.9792307317925253,0.9783932570134776,0.9394057255333849,0.8612397009586833,0.8215443341196239,0.8830529697521754,0.9205170628342457,0.9042528302777144,0.9117130362149607,0.910558387124372,0.7386604516992588,-0.5772854227314599,0.9733297436592656,0.9638512150417157,0.9612253172986516,0.9826039333819434,0.9641577284244741,0.976984849453078,0.9765933493065101,0.940353698812016,0.9786506054388147,0.9434032942981831,0.7516764401123808,0.9223572938292138,0.9506464438199834,0.7536300389324303,0.9369137686695161,0.9384719290364334,0.8927083047226124,0.9705886928695678,0.8866118989638296,0.4492074760475934,0.6570928026686652,0.8923440464951321,0.8389529049362617,0.8874255887075719,0.9779270216699482,0.9780696088505235,0.7426062300531547,0.7138355146848421,0.7465390050458298,0.3844165889444955,0.6944820123042409,0.7517221214824734,0.7469407020474009,0.7095583025264894,0.7632195259296971,0.7341814011799831,0.7157338078722529,-0.4724800838899403,-0.5530171225321058,0.6541592358286663,0.8863445377840524,0.9207945188118004,0.9356295171831059,0.9074696508438117,0.8040526760876535,0.8957322249008657,0.9143752513364197,0.9139397174245034,0.7935754114188468,0.038359257015574674],[0.985786497343289,0.9900907987443842,0.9912434253473499,0.9869192375299298,0.9898042195525213,1.0,0.9853465225066368,0.9860440494998999,0.9920311148838947,0.9854140400302261,0.9808359593055953,0.9796809808388239,0.9859320220390126,0.9864091531958771,0.986114167758835,0.9857612992575603,0.988930919834011,0.9869968864644617,0.9868441736939096,0.9868382083337343,0.9849391542587301,0.9860235118816872,0.995692271071069,0.9930186860819427,0.9871151882057507,0.9857866079634049,0.9872698220199531,0.9765950322441246,0.9875908104043051,0.9720996104636795,0.9648412685482991,0.9701716036836578,0.9782125863446915,0.9659483170167146,0.9850643173202027,0.9853879331288246,0.9862132643185895,0.9867208888336361,0.9805745056121227,0.9858036282927947,0.9842232392497485,0.985884403488312,0.9852218100480863,0.9852277102754151,0.9957474137414462,0.866962836025638,0.9249402421947922,0.896494459248697,0.9093371776867404,0.8721276136555802,0.9205396991618748,0.9088547862339883,0.9229702455770943,0.9356017734321003,0.9186123362623426,0.9530421258607723,0.9579587378617893,0.9635876445121909,0.9736416637474,0.9697857521846707,0.9849126247089709,0.9712292896474919,0.9831735111811457,0.9708381521122061,0.970277790409056,0.9745670000283408,0.9663923862850853,0.9463348533925289,0.9458074904067961,0.94232885630898,0.9813795144674653,0.9739301253625383,0.9710149477456412,0.9696000367634099,0.9601295057556941,0.8826591974441969,0.8355656473375451,0.9007378770987045,0.9118523039520834,0.920890646622189,0.9022010795088854,0.9000174234155726,0.7116362290889751,-0.5157111037846943,0.9790930055570828,0.9795465891285892,0.9753036025045317,0.9707404391740676,0.9708817566641317,0.9781124476006805,0.9777094126827192,0.9653367141212645,0.9674706186190054,0.9642362968053148,0.7635512801419865,0.878671852903103,0.9498821403357247,0.7998346350766788,0.9394203606176713,0.9405084033623949,0.8696521710784576,0.9592896437312896,0.8395747563624065,0.539948134212598,0.6861677553279429,0.848942932230155,0.8216461512769311,0.838182188996759,0.9602579403377302,0.9603339754676796,0.7361908509525954,0.708304875338249,0.7550049415865842,0.4087068532091289,0.743442334940558,0.760557209977345,0.7543619191660823,0.7504189314107824,0.7604167405387883,0.7140461886793833,0.6990141588950249,-0.29073919518147856,-0.4206896112503463,0.673587332393632,0.8651060664691217,0.8828697118929167,0.8948801700932547,0.877306732461746,0.788020395960396,0.8554131116307165,0.874605036314395,0.8747179924985014,0.8170067617190538,-0.13872548612379587],[0.9978482022682712,0.9943832474895414,0.9901446052442133,0.9981153866631594,0.9991026037641961,0.9853465225066368,1.0,0.9974263091356255,0.9576906876977398,0.9995868713016076,0.9995299926372962,0.9995447197777771,0.9983439891455986,0.9994516305383793,0.9991419758094598,0.9998876069010711,0.9964112851600759,0.9999026092859797,0.999345622807614,0.9993505616169922,0.9996972127874107,0.9992934027727667,0.9908203892290774,0.9748380475427241,0.9853548234611963,0.9258940011248297,0.9932581863574832,0.9910296729932876,0.9734254297430054,0.9495071596193772,0.9916337783898247,0.9917333515673131,0.9931920318449888,0.9734162818987423,0.9989589773906197,0.9998427695948404,0.999698788752985,0.9994601996266331,0.9997446524627127,0.9998259715828473,0.9984401672307387,0.999720681172048,0.999356985760402,0.9989962302346497,0.9813373365835354,0.9269088247061275,0.948855309678516,0.9418858856570359,0.9311001054981508,0.8871860873331833,0.9568154768299204,0.9435345228134875,0.959080223913439,0.9597949582065224,0.9507918051411047,0.9812576479800476,0.9802508368309499,0.9914127656530226,0.9963729674859187,0.9475196530923868,0.9632777523901597,0.9730592663427732,0.9737266323807927,0.9746598963562504,0.9475259414862304,0.9041536898459649,0.9549055947781127,0.9607236062313481,0.9386135243006479,0.8936684897113669,0.9671726323745031,0.9394141252825738,0.9675069791437378,0.9478707498441762,0.775357441664158,0.8554068518974524,0.7775152884068597,0.8706486503358545,0.8898584379002178,0.8944187847507009,0.873020942404805,0.8851638109427193,0.328299834397927,-0.5958708007415,0.9645252133501909,0.9497980441772081,0.9485624931183023,0.9492003146734038,0.9606705244108259,0.9709951387587961,0.9710377933985985,0.9303261037486984,0.9675547200777836,0.8476404951224366,0.7466336240121888,0.922900199317772,0.9299139818000163,0.7819398342898387,0.9484889048377858,0.9495046960626372,0.8957798880648106,0.9699515306334953,0.8321361515210358,0.5986129610169412,0.709630629472804,0.8550784139659673,0.846128677333638,0.8366118257845697,0.9780820629760039,0.9782793363605022,0.7689842818884035,0.7110384321440651,0.78217597195363,0.37914321459520717,0.7734197526827027,0.7934166012438847,0.7889233638467681,0.7909030611385297,0.7598804271996653,0.7396694609732244,0.7203533189792096,-0.27810007340417503,-0.42833543534204205,0.6710749044786101,0.8895554683367483,0.9251549971490662,0.9416216096887556,0.9124101870915323,0.8241373425416046,0.9101054585464683,0.9303296725840369,0.9290434116312204,0.7757357033208856,-0.1369618736982282],[0.9959670135472793,0.9912492236193714,0.9907496712022165,0.9964202997737948,0.9985043304091109,0.9860440494998999,0.9974263091356255,1.0,0.9686884800751704,0.9999998201564549,0.9999992601255765,0.9997263244932958,0.9999970322495366,0.9999921317141034,0.9999981220341507,0.9992776626382471,0.9909485124019406,0.9994135287895504,0.9999031644321619,0.9999027600202873,0.9999624534530078,0.9999987289713219,0.9911726117794452,0.9762769652748419,0.992523358328372,0.9400560490802338,0.9937610640064223,0.9890120690599131,0.9756214063869759,0.948661402266258,0.9879166484531892,0.9938089422246463,0.9916646368272407,0.970128501413975,0.9994532457741746,0.9995432417082407,0.999654757805682,0.9997269965111509,0.9991220696493807,0.9994694999351524,0.9981357737135588,0.9987450157756523,0.999524188561827,0.9993864796921296,0.9829481000275918,0.9267504624635392,0.94598383946084,0.9462187118932363,0.929121177903941,0.8753513043844261,0.9550883148622915,0.9388432289946331,0.9569747053509328,0.9538075864710074,0.9445537939887731,0.9792128146536757,0.9771841568926947,0.9903526976852035,0.9969626189622468,0.9424180451519855,0.958817378835246,0.9664122015859983,0.9705011674714163,0.9684156565595565,0.9457457440685629,0.8959196396538989,0.9499451989254971,0.9537425617840447,0.9330674424552506,0.8809674319196967,0.964307816281427,0.9330287975448508,0.9618707068323644,0.9431239762842989,0.7619255481309504,0.8470188312149287,0.7729576225814946,0.8623362636860342,0.8824214874153172,0.8896219250854834,0.8684842952666432,0.8781529099025198,0.3101448492301052,-0.6004988682176607,0.9601424179645186,0.9427124002050012,0.9421655025906646,0.9471841864040893,0.9557952483524785,0.9666850728409804,0.9667166955650407,0.9251120928054429,0.960475877704599,0.8358460918663614,0.7433340735075255,0.9380469280177217,0.9410324828412142,0.7779383625981282,0.9481710567730601,0.9493465853090122,0.8932138518191992,0.9740858610318425,0.8352514589983477,0.5842928014024269,0.7007084738472491,0.8562050280505722,0.8429899940310398,0.8389432440177349,0.9806627944373291,0.9808644921282351,0.7597923768187624,0.7030550774788267,0.7836090501936156,0.3660944285063829,0.7682349932111541,0.7888902484401071,0.7894748202869772,0.7852970674316413,0.7534052589179663,0.7337256854541575,0.713806638686625,-0.29413353256633257,-0.44334118840553244,0.6562444616540748,0.881773157196298,0.922684415790277,0.9340056376815643,0.9064958885918711,0.8132015988835027,0.9036362032238807,0.924030057302741,0.9230246181264029,0.7565296621796378,-0.11980971429622506],[0.9691931596071898,0.9838688060050099,0.9904229001323592,0.9714937620052836,0.9840744573396567,0.9920311148838947,0.9576906876977398,0.9686884800751704,1.0,0.9836850790796199,0.9877444814282307,0.9898158113980434,0.9723902418757621,0.9807076147621747,0.977311284117772,0.9751066342056625,0.9489445656454937,0.9798300238837634,0.9780507002857438,0.9780192777375687,0.9821524728324064,0.9771935893421714,0.9940196280387841,0.992169651053864,0.9815960682082289,0.9879027757806754,0.9845859180445852,0.9893069486105378,0.990032027519607,0.965199538857768,0.9286904495461288,0.9502625644838971,0.9654639000542801,0.9474673946316547,0.9717397714770827,0.9800230295834145,0.9768331711192682,0.979203403677031,0.9878511755817437,0.9811276862706679,0.9675620367785158,0.9768648655085771,0.9725740396180758,0.9715349533507126,0.9989027277519984,0.885061801499981,0.9152165059043813,0.9357293121671719,0.9244155288128355,0.8466389661124166,0.8853719199109841,0.8796966132346088,0.8890947941692099,0.9090399841749849,0.8913570268406279,0.9290052323980703,0.9441170428421926,0.9498102127107004,0.9627989198122059,0.8957757439808975,0.9620865606153459,0.9391310460911543,0.960896453735929,0.9392097840006283,0.8937157822319761,0.9040190913418691,0.9342584348349322,0.9068894763516727,0.8698255459931362,0.8670243089587046,0.9622021721358176,0.9117808613414702,0.9378195157857099,0.8987628101001089,0.797911292976844,0.8279924561498714,0.7102665860744228,0.8493408700294944,0.8666086087247445,0.8801699787687589,0.8285059968524398,0.8471100450630764,0.3524434284887599,-0.5414923048974267,0.950758734290218,0.9440114755627332,0.9406573386741375,0.8950442461486606,0.9401347247166318,0.9491113063939519,0.9485151107541873,0.9307912040560388,0.9331885946442989,0.8528490635866744,0.7457300070662322,0.9294877217718651,0.9565415411467754,0.7724081401955699,0.9280098196804754,0.9297581477205911,0.8500620841921409,0.967791331670114,0.7440178769588481,0.4796668576741099,0.6431993132727406,0.7756016731561182,0.7737472772459082,0.753762163515585,0.9672854902442981,0.967306696654955,0.6886659911046349,0.6629939330105737,0.6773179204762622,0.3549461954684158,0.6820027687803977,0.6921379421254886,0.6780674238155253,0.6901059057135317,0.727725512400389,0.677173868933357,0.6594597261705282,-0.3394552646289432,-0.47454944106439767,0.6712894128668312,0.8410947317230741,0.8388402169336775,0.8653608153544121,0.86375321181287,0.7525044759306748,0.8174044005844124,0.8446688318563932,0.8387175444264583,0.7085885911401248,-0.06013778419979479],[0.9962966648443873,0.9912694480474984,0.993518825932436,0.996795818722681,0.9985042286584772,0.9854140400302261,0.9995868713016076,0.9999998201564549,0.9836850790796199,1.0,0.9999990925420281,0.9997315126141975,0.9999984871003845,0.9999908357161195,0.9999976083743575,0.9996539791008106,0.9977309643876665,0.9994069074107543,0.9998737488411676,0.9998736898617371,0.999975524433264,0.9999992578158452,0.9937581366278345,0.9776941957578381,0.995851485953013,0.973635566205286,0.9959442834008915,0.9889867694948904,0.9799028093075121,0.9497937071910371,0.9892205172466028,0.9934542093919312,0.9889771272558784,0.9663465012288819,0.9994651110795958,0.9995334121529594,0.9995443590945204,0.9998182710250543,0.9991365390395255,0.9994773518189984,0.9983199129026388,0.9987827884360048,0.9994675787522481,0.9994623917529128,0.9872057811941289,0.9267523294148661,0.9460215637262976,0.946027080843792,0.9288947549124966,0.8755055131771311,0.9438704991735779,0.9310972728782412,0.9474989704050625,0.9516963456659145,0.9422975627993455,0.9775195251943853,0.9772183159846727,0.9907914365767797,0.9967251337042866,0.9715171337125978,0.958716328952025,0.9723094826431582,0.9704446053556017,0.9727438865120294,0.9724678776587583,0.9433425540422092,0.9498555471964604,0.9487254078877924,0.9483713851666099,0.9080989852246527,0.9642198687962746,0.9635559247786647,0.9693332223238238,0.9683067938041738,0.9260393440937382,0.8470767921426873,0.8014978815609438,0.8620908115897056,0.9032191192580347,0.8894491465628562,0.8957996391372843,0.8948893433371345,0.6899181679198428,-0.6119202529004389,0.9600781098564404,0.9427251166010152,0.9421861992679218,0.9727113412352283,0.9509534202851719,0.9662491790485289,0.9658391176393967,0.9256922501527579,0.9681552783274561,0.9290596432073943,0.743352098701848,0.937698368655322,0.95346568655141,0.7592549328418262,0.9410588576758439,0.9424161634994067,0.8932849144227021,0.9731771845937175,0.8943049934299467,0.48578921216728393,0.6747691048580144,0.9000084679133915,0.8472346658497674,0.8952971283811804,0.9806140603629053,0.9808501402437322,0.7598603734253583,0.7027734134187076,0.7630354364125502,0.3662291336551891,0.7124869183137349,0.7681826216352825,0.7634619886415807,0.7289426794925501,0.7531330798293269,0.7336836397399676,0.713737809303305,-0.5185115971783749,-0.5998301980812059,0.656214715092176,0.8819161232274131,0.9224306215493189,0.9372706955861865,0.9066894843914075,0.8094262302572016,0.8966841876293653,0.9157779524214112,0.9152305990992258,0.8050060362067646,0.10627722392647286],[0.9943437284640296,0.991275113739085,0.997545146783716,0.9950938007395974,0.9980754233375466,0.9808359593055953,0.9995299926372962,0.9999992601255765,0.9877444814282307,0.9999990925420281,1.0,0.9997315344778187,0.9999962218729679,0.9999944239687657,0.99999819090298,0.9996311224010809,0.9972951717145896,0.9991013836293916,0.9997610596819596,0.9997608660649229,0.9999983369275935,0.9999982075934986,0.9926336212983771,0.971791324041971,0.9947641037643192,0.9812262828645435,0.9953989874430008,0.9890039558123861,0.9814502085757781,0.9396993181739024,0.987644366395228,0.9925006044749575,0.9817007155310272,0.9374559907188398,0.9991969554047495,0.9992577942518325,0.9991892443137823,0.9998843692336604,0.9991172381558894,0.9991999713333803,0.9976551011900554,0.9983069548136415,0.9991646241479651,0.9991617416045008,0.9890160314121152,0.9264297585455191,0.907435183260306,0.9459523960482162,0.9287635074997276,0.8751294015422667,0.9072675915146243,0.8939872701568354,0.9122875129984122,0.9204091813140513,0.9054104039973621,0.9680140058320275,0.9679832364512941,0.9897364618079647,0.9950180288283171,0.9633759350991475,0.9588145859520674,0.9599059632197294,0.959830040703094,0.9617875084559485,0.961505776378185,0.9175576692366137,0.9387345969705438,0.9141878756927498,0.9136722480946406,0.8320581863281035,0.961279192783001,0.9677778662024877,0.9637215116449004,0.962590976397793,0.9156296312396249,0.7648922632737652,0.7203814203788605,0.8155595372094354,0.8764602621467555,0.8401865347690375,0.8582751608940703,0.8567416865558604,0.680764141975211,-0.4377680926002425,0.9454244905055051,0.9428300736473566,0.9422542363486951,0.9647293016264266,0.9363122330127369,0.9487943931999159,0.9480771530752187,0.8926031444080699,0.9521043261581777,0.8987441157801637,0.7434986118924447,0.9380784634749676,0.9560594122465055,0.626044951300552,0.8930424414005403,0.8961286669972853,0.8474602117940025,0.9839842514550264,0.8349717912524451,0.15241813169150634,0.5189461348872094,0.8474174999546168,0.8104990641167725,0.841277580564272,0.984710092307782,0.9847229396974118,0.4946080728242754,0.6051819970056425,0.5020459419829142,0.36612540647011627,0.46569688084401806,0.5149125822131766,0.5040388190707294,0.4403396406002945,0.7397853100829838,0.583156549696666,0.5424829713633377,-0.4841435131706812,-0.5380308216221261,0.6555632716387363,0.8601607383285745,0.8730697364927085,0.9021272855261468,0.9001653092509785,0.6556262763209123,0.8355331305402808,0.8647586905247846,0.8639713203407218,0.6060213824364818,0.04512019206501957],[0.9938836321514617,0.9931433894096405,0.9966396406255106,0.9948906870452404,0.9981130163052336,0.9796809808388239,0.9995447197777771,0.9997263244932958,0.9898158113980434,0.9997315126141975,0.9997315344778187,1.0,0.9997464558068245,0.9997297158952377,0.9997372112918856,0.9996299608495481,0.9979357727269116,0.9993152386519035,0.9999656543108896,0.9999653235348371,0.9997361504785816,0.999742625848889,0.9918246838096851,0.9667856028605227,0.9932326513926406,0.9812025960459125,0.9941177166102245,0.9920522961999283,0.9764168429953746,0.9161844826909068,0.9902072974025292,0.9934246678609457,0.9764216720585882,0.9142078225402976,0.9993234020884394,0.9993790501009755,0.9993330551914255,0.9995274817987151,0.9995518360349924,0.9993521785930723,0.9974523481608358,0.9983131769300889,0.9993084743152572,0.9993049031641283,0.9900051414117479,0.9212868721921911,0.8915813361523851,0.9427498086609601,0.9282851741654503,0.8752270721509594,0.8661312249498068,0.9070142429741973,0.8704277395333538,0.8912690565787312,0.8639321541901777,0.9538873386857681,0.9538615141641504,0.9793863961860846,0.9940488828150801,0.961910286253526,0.9634084273707086,0.955352312987064,0.9572314250032283,0.9587198691175033,0.9585628626251499,0.9173517569765822,0.929488923029779,0.8988652264641224,0.8987306791422814,0.8114621428085074,0.9592458164292244,0.961842119812388,0.961964002245959,0.9614043514023781,0.9212996059312414,0.6966887191365813,0.6463169310995425,0.7691579730131455,0.847018359660928,0.792204330147346,0.8205299429558978,0.8195338922738036,0.6458092298331485,-0.3500635146618404,0.9389796706715036,0.9461302026132687,0.9387604134371076,0.9629754497490858,0.9363508340174305,0.9434573714293002,0.9425477750848625,0.8886743275803588,0.9466187699834523,0.8937042884611225,0.68237238825373,0.9350785254566352,0.9292839765319572,0.463736841765059,0.8238165978280307,0.8292476784879054,0.7294375824710192,0.9765060843998227,0.7049387990435547,-0.2214532292795864,0.2416865160277384,0.7294486336821423,0.683293665885333,0.7227874965886474,0.9776938697724541,0.9777634905984842,0.15268103349800344,0.3090810593668744,0.15727989489626612,0.12938646770418594,0.1495826059838158,0.1670255844945406,0.16461878931228663,0.08134835251238154,0.504915876524248,0.23617810527541638,0.1834463844839868,-0.5078354413056946,-0.5498830299526064,0.6562876891421144,0.7500466388755286,0.7743008438073008,0.8363516586499458,0.8260282831798725,0.551641718788026,0.744642794058056,0.7690543231055436,0.7678974039432311,0.41924324118851153,0.2394562098432217],[0.9960893883444026,0.9914164545901201,0.990624123528058,0.9965244975231885,0.9985372115293925,0.9859320220390126,0.9983439891455986,0.9999970322495366,0.9723902418757621,0.9999984871003845,0.9999962218729679,0.9997464558068245,1.0,0.9999906347862317,0.9999976710348831,0.9993294287672528,0.9927035591619001,0.9994565972756502,0.9999126184202519,0.9999124231173298,0.9999696812080767,0.9999989324433028,0.9910703886023959,0.9761160130446568,0.9931860657668822,0.9449917205863705,0.9937161837858592,0.9891481209122523,0.9754367438195624,0.9486406738910886,0.9888201273016343,0.9938834511161764,0.9917572075964765,0.9702836361612163,0.9994959223109784,0.9995844352107686,0.9996863278482683,0.9997276703232891,0.9991906145587004,0.9995125027210318,0.9982250992460192,0.9988169995261962,0.9995674446701653,0.9994300869458062,0.9827295937665457,0.927049114011853,0.9461748586130284,0.9461750198141674,0.929322138237838,0.8761209912061376,0.9554424296936174,0.9392543805110412,0.957334454896778,0.9541765370893562,0.944966491343993,0.9794684835695027,0.9773815211754503,0.9904964897325856,0.9970363576013138,0.9427166061045638,0.9589386157948917,0.9666759015249784,0.9706140565504943,0.9686760970604257,0.9459951864051312,0.8960237795664641,0.9501772221335383,0.9541329851662035,0.9334860041792369,0.8813176832282237,0.9643718877560512,0.9332264898265533,0.9620757165318612,0.9434025770769534,0.7619643926013804,0.8474239245190912,0.7734775931618225,0.8627220715421761,0.8827167594751348,0.8898308547145432,0.8688627307143925,0.8785371765606019,0.3103892110247768,-0.6004736370660099,0.9603147975099613,0.9429885383542387,0.9424047791890969,0.9474210991113724,0.9559831647230794,0.966870659356795,0.9669038327393474,0.9252347195939272,0.9607597574125614,0.8359979677604908,0.7434663668494945,0.9373623723686088,0.9405176226386983,0.7780812272961313,0.948203061460415,0.9493699396392272,0.8935535660002984,0.9739312477578916,0.8357218020542624,0.5853515756118745,0.7013771182906656,0.8566665963101142,0.8435205052845989,0.8394104253772302,0.980590102917516,0.980791753477247,0.7604253189161305,0.7036151964545008,0.7842046020318155,0.36683373296984195,0.7689137713193779,0.789576713014066,0.7900814013604589,0.7860062040421653,0.7537741746424376,0.7341784998682536,0.7142810965712454,-0.2931642385260352,-0.44247388744486227,0.6567384055918261,0.88229182955667,0.9231336804392541,0.9345320663562798,0.9069631173593303,0.8137663001309865,0.9042091590812367,0.9245943190217274,0.9235777091776248,0.757208469023514,-0.12083992566315706],[0.996122124434186,0.9912696070108455,0.9929157009828827,0.9966484918631212,0.9985369030531135,0.9864091531958771,0.9994516305383793,0.9999921317141034,0.9807076147621747,0.9999908357161195,0.9999944239687657,0.9997297158952377,0.9999906347862317,1.0,0.9999946468738645,0.9995306131194406,0.9976537559278679,0.9994109029872523,0.9998964972491803,0.9998954241084177,0.9999503824813282,0.9999907528393033,0.993071335503665,0.9765258597136032,0.9955711606508414,0.9676427082973469,0.9953443732747419,0.9889485463054586,0.975741577734162,0.9487989003329579,0.9889341410859813,0.9938327364265828,0.9909682315353935,0.9697409807369654,0.9994651442466762,0.9995355768928241,0.9996008431271494,0.9998791100675134,0.9991482072627225,0.9994585568400162,0.9980522786185406,0.9987330876755379,0.9994816863953293,0.9994742619477689,0.9851987321257539,0.9269159939307547,0.945907705329374,0.9458869185669778,0.9287232566602897,0.875419569979737,0.9491522252570972,0.9308132938159512,0.9513134087547676,0.9535085197180574,0.9442378964980926,0.9776263580476482,0.9770377050246493,0.9896877320987546,0.9970344698829597,0.9716831521317051,0.9584793074896985,0.9722758831098695,0.9704426433359302,0.973275322859255,0.9729859433287025,0.9519347955926378,0.9495370177030222,0.9530843423889094,0.9527120971512355,0.9246172960432002,0.9642529755779988,0.9664359254503373,0.970960714559159,0.9697948234851738,0.9355020133168913,0.8467158151298311,0.809266190294129,0.8618136767785302,0.8942386573973886,0.8893689385790267,0.8904167644576799,0.8891828164304805,0.6675907758534857,-0.6008418580557298,0.9600910092070785,0.9426159251547193,0.9419237858406483,0.9728836043189325,0.9558376739395861,0.9666473622289105,0.9667361860044611,0.9251254909427996,0.9671716587361944,0.9372730670515749,0.7431629120638595,0.9373744951577163,0.9465346340677885,0.7769825728444505,0.9480118951276112,0.9491102870992102,0.8931577319854964,0.9742988559626479,0.8837357224509674,0.5846388095813848,0.7002084307883966,0.8913059888233031,0.8556479989491952,0.8818678930115397,0.9808847361652024,0.9811177214670481,0.758931789857188,0.7021756739438894,0.7995344885653232,0.3661683286859899,0.772580228364821,0.8041600373815444,0.7986915728997912,0.7841059927846568,0.7531973934324286,0.7323167919617333,0.7124113944260055,-0.38562272156341726,-0.5062595473252914,0.655419077701583,0.8819197199247243,0.9198626847980793,0.9298849164059235,0.9070400318174017,0.8123373131949311,0.8907333283047311,0.9127050638342193,0.9122877466654589,0.8429149595277299,-0.08795662299032529],[0.9960137597643334,0.991335400303497,0.9908090872630616,0.9964663312313705,0.9985369845782247,0.986114167758835,0.9991419758094598,0.9999981220341507,0.977311284117772,0.9999976083743575,0.99999819090298,0.9997372112918856,0.9999976710348831,0.9999946468738645,1.0,0.9994247394912006,0.9968796571489051,0.9994306094695911,0.999906302296102,0.9999055885195438,0.9999636852159035,0.9999974976888822,0.9912171757541578,0.9763414235055113,0.9949199286576934,0.9589839267113608,0.9947270540440765,0.9890967678465202,0.9756757623973915,0.9488370668544815,0.9912751020754169,0.9941574097326619,0.9916101156635364,0.9700309532262403,0.9994657567012931,0.9995451331661348,0.99966257122377,0.9997433250712764,0.9991531502125851,0.9994672641341983,0.9981624360387811,0.998762593242926,0.9995348603584301,0.9994000565289968,0.9829458900976108,0.9268304329552771,0.946004512668522,0.9462144043192386,0.9292477376282116,0.8756804948030372,0.9551726611997639,0.9389850117673648,0.9570921851533378,0.9537562843081026,0.9444705785461073,0.9792416925138517,0.9771289781355825,0.9903225748804709,0.9969265403484788,0.9427282453651976,0.9589126414481359,0.9665870439336174,0.9705785945213893,0.9685755407041525,0.9455398409582509,0.8961447976685282,0.9498405884752075,0.9538091722546764,0.9332906595797119,0.8811039507549937,0.9644590269723988,0.9333927534513671,0.9620839042936951,0.9434495266960591,0.7622888980310848,0.8470016765677489,0.7732307278601677,0.8623635762102956,0.8825982423224612,0.889621307030427,0.8686429626418465,0.8783283665710329,0.3105090595879416,-0.6001955194052068,0.9602245043040185,0.9428730656533377,0.9423048690741712,0.9457804850303271,0.9559761392691625,0.9667655421477566,0.9667937116450814,0.925304505488771,0.9606515227968677,0.8361255199381616,0.7433714667254778,0.9377186482145102,0.9409232435856338,0.7779255315529154,0.948090567856581,0.949270679913237,0.893030796286827,0.974104371143282,0.8352886864597405,0.584126092352791,0.7005961020358896,0.8562198253071112,0.8431225999669677,0.8389776313043718,0.9807061274875396,0.980904685264721,0.7593920382118857,0.702696834446328,0.7835929718898673,0.36637021433988015,0.7682150515460745,0.788812222674225,0.7896382527095479,0.7851982755071446,0.7533189004218542,0.7329602908690156,0.7130763449839363,-0.2939399480727868,-0.4431431850559608,0.6565037037592626,0.8816808305057788,0.9228141611704688,0.934053328965686,0.9065374909922241,0.8129980806086218,0.9038480455205938,0.9240725817867427,0.9231855235787112,0.7566318283607487,-0.12009408095052478],[0.9975867659385891,0.9936796019062198,0.9902115691930905,0.9978804772198823,0.9990503340296615,0.9857612992575603,0.9998876069010711,0.9992776626382471,0.9751066342056625,0.9996539791008106,0.9996311224010809,0.9996299608495481,0.9993294287672528,0.9995306131194406,0.9994247394912006,1.0,0.9983056455873318,0.9998395397101363,0.9995193692667634,0.9995244890895433,0.9997520226080984,0.9995043253702421,0.9908306331317112,0.9752508831204756,0.993474922109327,0.9508382184201318,0.9931102575556507,0.9909342789212131,0.9736797946299773,0.9494160293600691,0.9917713481359938,0.9925210545742832,0.9925539790044958,0.9723054074421043,0.999246249976239,0.9997246593531581,0.9997015453634003,0.9995430931829437,0.9995565106170782,0.99967741603423,0.9987977548214735,0.9995551424395094,0.9994902783140908,0.9992393923887161,0.9814262048845538,0.9254604634546325,0.9483117778172993,0.9417328786350041,0.9293927743110764,0.8833630677885821,0.9573922091948746,0.9438448975979608,0.9596133933564704,0.9582627155629047,0.9490785716417026,0.9813897866557002,0.97939821541993,0.9913565944707208,0.9964102634449858,0.9477045826655804,0.9626331930909192,0.9721137739201966,0.9732339846296063,0.9738146299393609,0.9486502454922505,0.902670592370885,0.9533614544846973,0.9596286899597547,0.9387015204481652,0.8906954091276953,0.966971481308596,0.9388833757174615,0.9669193343127044,0.9482452855491389,0.7719739217393927,0.8531145779673214,0.7780943640440696,0.8681742740980286,0.8882272264678788,0.8927009137311778,0.8727750451522492,0.8841585733511542,0.3230686364443692,-0.5967504129639647,0.9636809018984477,0.9482761706558837,0.9473494882138913,0.9503706118202738,0.9602922975552747,0.9702379557278334,0.9703159819466547,0.9298892684511518,0.9664669149859982,0.8450144111862974,0.7450073869175899,0.9266886043126287,0.9321799111053105,0.7805436661232471,0.9481572651874797,0.9491210504281019,0.8933851818774049,0.9703189337469101,0.8345427516245391,0.594532262868573,0.7061229204550631,0.8562538