var element=document.getElementById("correlationAdjClose");if(element.style.display!='none'){var correlationAdjClose={"data":[{"type":"heatmap","z":[[1.0,0.9999945872187861,0.986478724382068,0.999934202166109,0.9991832649036658,0.9836857008341232,0.997868007413784,0.996336417817186,0.9711440885806422,0.996534616081513,0.9946780160964702,0.9939634794921844,0.9964319245093709,0.9964643146084349,0.9963782394834555,0.9977422579830557,0.9980657554642374,0.998336511319131,0.9968800844900976,0.9968914515564041,0.9968564201485982,0.9964018466823233,0.9884392566881262,0.97355316179876,0.9907673256649725,0.9601741292832098,0.9899151264042074,0.9870850612133156,0.9710909025821837,0.9571399243157138,0.9923716374598927,0.993875690854531,0.9928423142288795,0.9791255060815689,0.9977857847849679,0.9979039802962485,0.9976180168226333,0.9965151005377784,0.9955673525297535,0.9977914897857892,0.9986570524388126,0.9986905230714359,0.9977663043304899,0.9977761566748492,0.9780806796814581,0.9254414979340877,0.9547914177828637,0.9417557746056233,0.9413163200638229,0.9203266731176231,0.9643741518310127,0.95183273926834,0.9662174624167353,0.9688323374491886,0.9578726100460003,0.9848429189758495,0.9826729300963362,0.9911646023627917,0.9942826445584458,0.9876764102115728,0.9828010962404419,0.9882538380691708,0.9868172679893871,0.9887944968635736,0.9886725533595144,0.9565399906126583,0.9763613214347039,0.9768824019731717,0.976647711914804,0.9453908947200904,0.9822898485212815,0.9791806736995783,0.986186955974061,0.9855619739120784,0.9424061335058598,0.9007344253581205,0.8707830762182098,0.9153360509340217,0.9297863810118308,0.9277644027910241,0.927948614863649,0.9267789587584688,0.729480258603342,-0.5399852358243374,0.9811076355584147,0.9762839133500555,0.973953945690196,0.9883037508336252,0.9743675575135722,0.9846782789536327,0.9846660596293981,0.944741189907344,0.9854198797814152,0.9477832939127796,0.8045767094356642,0.9208471949523139,0.935359246847009,0.8238752717734155,0.9560993678715942,0.9567855587698285,0.9030900408590568,0.9684212871591709,0.8955818452377178,0.5786945848166184,0.7298794242805831,0.902834029568697,0.8736752972311321,0.8942302402113813,0.9762449522657298,0.9763952465272433,0.7899517915094657,0.7551890757373206,0.8258159939696431,0.46229025835996,0.8087641505477934,0.8299351362372961,0.8250531752510607,0.8181398332400774,0.7953754459835013,0.7570850654239658,0.7415981764687166,-0.2904135143719492,-0.43100567818673635,0.702233322977356,0.8913557316560141,0.930852953776912,0.9413163653024028,0.9054057024359401,0.8295707652854243,0.9094097995571191,0.9245374432378034,0.9243205204363855,0.8599843229241795,-0.1377227216084331],[0.9999945872187861,1.0,0.9900234923781255,0.999856807953846,0.9983209761819906,0.9899580962107674,0.9941892121714716,0.991913369465919,0.9873694381019933,0.991920657786881,0.9919474248447447,0.9932941642593902,0.9920107655178687,0.9919152099920476,0.9919709772216828,0.9939951330464876,0.9962751864046232,0.9958414969951208,0.9939010001421801,0.9939047409204652,0.991962749824537,0.9920052828240572,0.9924500454679999,0.9774154675424436,0.9884422587090359,0.9845037478789008,0.9885166966088342,0.9870597633130723,0.9822509677910846,0.9402534203409575,0.9898204672892924,0.9879347470341887,0.9826931551474549,0.9420683504093192,0.9952277215516298,0.9951680625349505,0.9953662692308421,0.9923422898562928,0.9949729761100508,0.9953856936842742,0.9965903882779696,0.9967908925427671,0.995383240816149,0.995390372928438,0.9914230486383432,0.9250681406700311,0.9032026113788554,0.9415667671675595,0.9413480648230396,0.9203084347284429,0.8942946521863735,0.9339092852753728,0.8964034331504461,0.92475752766436,0.8942071408382564,0.9600258886043077,0.9600056719463227,0.9735261201012221,0.9855063768516591,0.9836162107370724,0.9849845551069887,0.9793879081948873,0.9820388714728001,0.9806954809243416,0.980583724903907,0.9445374301770674,0.9637432764519189,0.9376385467876439,0.9374525448366474,0.8704842719940232,0.981942310175877,0.9831300176487802,0.9833092488482895,0.9828949535229008,0.9550385773577253,0.8081034729902506,0.7741034829376033,0.8590684311134715,0.912028817246425,0.8733109577807557,0.8931237275645586,0.8921149645497254,0.7741331705364507,-0.13700657917062484,0.9716229816265121,0.9743143379959057,0.9713019673883185,0.9840158773336719,0.9677345949831472,0.9740220026503718,0.9733803005886563,0.9317410322223065,0.9753569705868895,0.9337006260397338,0.7406408289844262,0.9203914397089713,0.919506078499162,0.579531172939254,0.8560303616029415,0.8599185713296852,0.7627816937869546,0.9690798208304197,0.7367523122202834,-0.31519149180398043,0.25355586455126466,0.7627334661682399,0.7136672643239121,0.7556942537934641,0.9705743899664605,0.970603521490828,0.2051918898758129,0.37728957652982603,0.21238605118242476,0.18401264361691536,0.20539371142561993,0.21853955722170954,0.21553290027396324,0.13589623641845508,0.5587715237066431,0.2918777194627278,0.24175346845859003,-0.4360034101146671,-0.48485743082731564,0.7021474567917488,0.7612873329338905,0.7846438872850239,0.8488521797362354,0.8229335445810677,0.6021940468498751,0.7750854534289159,0.7793709709713782,0.7779946753776712,0.43993896706933644,0.24699793101871534],[0.986478724382068,0.9900234923781255,1.0,0.9877555212071518,0.9934778488590086,0.9914409735863388,0.9895368596049783,0.9903176487726486,0.9913575577641537,0.9929275604488441,0.9968584645715985,0.996035033270161,0.9901677898312823,0.9922553972058102,0.9903707836477078,0.9898313567140157,0.990815816460668,0.9899922956889334,0.9889917518712695,0.9889623675397908,0.9918182591941456,0.9901958976020273,0.9950877939771139,0.9853903940085399,0.9910868077329112,0.9825688555057532,0.9917262223943817,0.9877504210643379,0.9873558304986245,0.9626421212344052,0.9692916172539691,0.9736263321206482,0.97733914880663,0.95690676089652,0.986938025591957,0.990031984817822,0.9884128334267219,0.9919580393512444,0.9947004972093285,0.9908339872170071,0.9849393845796428,0.9878735316188383,0.9873104927344204,0.9866904025571687,0.9927392089692949,0.9212209143567933,0.9391495986270979,0.9505910280777484,0.9340641359049642,0.8823966193170617,0.9227582200200627,0.9086433179462516,0.9255560704595891,0.9329890130642509,0.9168117380791707,0.9508556641386535,0.9604585610166996,0.9684055155099699,0.9773744778124646,0.944614407376962,0.9671958447341296,0.9667726205477917,0.9729676836097573,0.967005489718021,0.9433644900042637,0.9257674486445024,0.9514663615962413,0.9421104560129056,0.9244768179181975,0.9000118422077804,0.9734876272384563,0.9537332736606062,0.9664603816544377,0.9465348839478985,0.8449089378997675,0.8651924886211102,0.7836905805191366,0.8817304002667948,0.9040310878391185,0.9061408124406396,0.8735945508308214,0.8878152952746357,0.45053866745508103,-0.5255999698989663,0.9639564683925461,0.9517180050470777,0.9515678631274482,0.9445703625073937,0.9585278206755437,0.9664612692474973,0.9660995093839425,0.9346877939549589,0.9622816490076674,0.8888592738295988,0.7894976176846544,0.9571634917041524,0.955544482204095,0.8060149981415059,0.9442442010190985,0.9457867929724996,0.8761981628516801,0.9809689664469754,0.7760509101733153,0.4832036079852158,0.6747911993941962,0.7986389333994233,0.8013869247556724,0.7796554064039258,0.982991754694236,0.9829928494805779,0.7215735152542664,0.7048306523751666,0.7115016380912506,0.4127193531660647,0.7108905392718515,0.717031118974483,0.7254911225825587,0.7169826315493261,0.7597384785877971,0.6940913196328845,0.6776358736994461,-0.3483694648719063,-0.48877927320371695,0.6714961463714908,0.853980193807111,0.8779249156705105,0.8871840430977181,0.8780475777788274,0.7640286488657033,0.8582969047710471,0.8676504074049853,0.8743957016182721,0.7354637983413022,-0.060583318750113885],[0.999934202166109,0.999856807953846,0.9877555212071518,1.0,0.9994086010815867,0.984739292082945,0.9980877289452361,0.9967234466910221,0.9731979762306012,0.9969672246148105,0.9953494872524427,0.9948381898638642,0.996802244708528,0.9969191694060974,0.9967647854400469,0.9979892687456737,0.9983728232740273,0.9985755631463165,0.9972176316448773,0.9972264926683658,0.9972238776342056,0.9967762611259595,0.9895465289371581,0.9748606743450611,0.9916512245602245,0.9625696161167819,0.9908979490873693,0.9888392768023836,0.9729367088087884,0.9582607789999127,0.9917256026581273,0.9934043412045775,0.9927699847101576,0.978728712055653,0.9978549023013666,0.9980888117148544,0.9978208891018452,0.9969360264324164,0.9960459408245909,0.9980088988047154,0.9985538786403146,0.9987634455538736,0.9978315138179957,0.9978382951410185,0.9797695392595748,0.9221539349087097,0.9528243655389825,0.9416225843876098,0.9393189213243954,0.9145301846286148,0.9615730441585655,0.948702215809787,0.9633300978592626,0.9665285573003572,0.9552640350888341,0.982849744257566,0.9812739188822821,0.9903469212574918,0.9940800550780444,0.9864092721073373,0.9817500740161162,0.987160487603038,0.9862694403849047,0.987629931770195,0.9875015934538444,0.9482478615228844,0.9752238838181767,0.975582013348614,0.975343912770725,0.9410677512200293,0.9818619925126444,0.9766769561277412,0.984920762552933,0.9842640215445432,0.9249983629678932,0.899398725242303,0.8673990327817634,0.91379746832352,0.9272927488219119,0.9273439033051231,0.9257872068558078,0.9246553146212717,0.6462080171616986,-0.5394856341939287,0.9803542678171572,0.9751219709287747,0.9726112687902032,0.9870399340345426,0.9737439634239767,0.9840078011461187,0.9839933788997987,0.9443954418552083,0.9841651956406731,0.9352065502513032,0.8079292821643733,0.9255015244778609,0.9390233285027182,0.825390787467635,0.9572729842827936,0.9579834138179677,0.9026458219389564,0.9695451772498341,0.8895253844732685,0.5750693448126644,0.728166525370244,0.8974016152781077,0.8699927477967085,0.8885255058917771,0.977008623810082,0.9771642998316221,0.788778643481443,0.7553459792243962,0.8179189973169109,0.46385684537720556,0.8028706852753886,0.8217664956113032,0.8168094972414229,0.8127036662516707,0.7974645894241147,0.7569430266953394,0.7415265653854918,-0.28580777655322187,-0.4302805149485282,0.7014461324484976,0.8896145609356213,0.9289663938145785,0.9394753040964676,0.9042737698403925,0.8268506013661784,0.9073870001577152,0.922264902750657,0.9221954164110031,0.8529722912955269,-0.13073808074097465],[0.9991832649036658,0.9983209761819906,0.9934778488590086,0.9994086010815867,1.0,0.9872343645651205,0.9989904268080787,0.9985534155107091,0.9846989878980574,0.9985524884384949,0.9981573879476892,0.998082154144952,0.9985699345077309,0.9985836621197658,0.9985844536352934,0.9990603239734617,0.9988269184389265,0.999240672805874,0.9988373271284648,0.998838149459982,0.9986262024172126,0.9985703942644265,0.994971562105422,0.9820262089074538,0.995205052540062,0.9787369295221512,0.9952323453697348,0.9924324155448293,0.9847430050061868,0.961359157923802,0.9892619775506998,0.9919798896375787,0.9902653192595741,0.9715351666462521,0.9988392995541512,0.9989044417280457,0.9989293467897918,0.9986761183061873,0.9985718697631062,0.9988959518547934,0.9989163809435052,0.9991429257024385,0.9988573342025172,0.9988575241263934,0.9887517499702738,0.9311611824338069,0.9521973905020578,0.9486362725838746,0.9397714019085706,0.9102578183610641,0.9504837084424268,0.9452577048202134,0.9547104497187667,0.9609777321115998,0.9494457473328047,0.9809373355082599,0.9808599630598294,0.9905090351250868,0.9939748435299666,0.9827361510884315,0.9759100810703327,0.9818909910241794,0.9825984648122228,0.9822885976342088,0.9821358650356639,0.9460020105248765,0.9673682440463045,0.9608878409801364,0.9606150433366303,0.9147568207349807,0.9790392866778586,0.9753449335661668,0.9810133828750629,0.9802699149154999,0.939527643928498,0.8815417327806934,0.8487363263184663,0.9002852390437773,0.9320187688264973,0.918489158729365,0.9246996515285835,0.9237771140584933,0.781068003409668,-0.5392386080536905,0.9745563855731343,0.965302704742234,0.9638616618234076,0.983558873670786,0.9644321568651595,0.9779356921092629,0.9776210005301461,0.9362602633713887,0.9791653706686174,0.938047259629361,0.7979517191192537,0.9384106367017414,0.9576027983039207,0.793643101827252,0.9462561667963529,0.9475484417582658,0.897748532793023,0.9741173449440119,0.8919610580431948,0.4134544060287678,0.6747072719388948,0.8978168038497052,0.8516591226784531,0.8938645902222699,0.9803524958283633,0.980474083067821,0.756617467371085,0.7404628230813878,0.7604668831553878,0.4432424529397685,0.7180887365410841,0.7647969094411561,0.7605716178393495,0.7256236441489835,0.7857394134738366,0.7436378096522007,0.7273566861918538,-0.484441399106467,-0.5674087442658489,0.6964485078779092,0.8854359385222133,0.9168220406360783,0.9359893395751174,0.9033486033520292,0.8110919082523396,0.8996066136516547,0.9112100105772409,0.9106656309053818,0.7933710647367519,0.08000808051004164],[0.9836857008341232,0.9899580962107674,0.9914409735863388,0.984739292082945,0.9872343645651205,1.0,0.9810447556708579,0.982355396746128,0.9932364376946176,0.9817401288969034,0.9777939791138054,0.9768812567016583,0.9821792255464741,0.9826344116783993,0.9824222224370115,0.9819966694541031,0.9856454621127854,0.9829809596581932,0.9828524900172305,0.9828312701293331,0.9812138433332603,0.9822880429486197,0.9939761751930397,0.9933115402434394,0.9835577650541136,0.9878484178778417,0.984044758440526,0.9745667820292493,0.987539443113378,0.9739579676986194,0.9592419600478472,0.965345851234902,0.9752004640380281,0.9661375301184109,0.9807800255915651,0.9812056929224184,0.9820503233138673,0.9830585925705613,0.9777365994085456,0.9816019223435601,0.9799829469956334,0.9818258953093266,0.9810208825524218,0.9810039953610705,0.9960232475237618,0.88400582068867,0.9305556991036269,0.9288333962609276,0.9381939681874647,0.8978698841367981,0.9173627537005892,0.9117838339709753,0.920275170944311,0.9375393896727283,0.9175281713901147,0.9492869416306657,0.9554479358192709,0.9620603174809511,0.9684973024342586,0.9731473956788039,0.9887838525168544,0.9753775190155148,0.9861319444887288,0.9749873111363937,0.9744625459222072,0.9767356504758771,0.9730217089930754,0.9542366290289156,0.9537221673222325,0.9505250831290251,0.9849495809621116,0.9777993951389851,0.9741688898570626,0.9729460104211078,0.9674009511158894,0.9066321628429489,0.8641468013824873,0.9218710504783065,0.9251322565193948,0.9345661461706891,0.9157644542432636,0.9137241487607595,0.7664164657744952,-0.48050147962449735,0.9833783545542168,0.9848651082619966,0.9814000324575326,0.9739400550917001,0.9765647453178704,0.982036456912201,0.9816559337330297,0.9697191314783568,0.9721046578939534,0.9693339617463148,0.8103612743276126,0.9013319484473609,0.9580511124021908,0.8393061191014737,0.946226314215846,0.9472067559994556,0.8668863333642005,0.9593372689965083,0.8322892508243928,0.4951969777175733,0.6911450092583997,0.8421470643357896,0.8200113419243054,0.8320207417068294,0.9591332749065559,0.9591209211060292,0.7413234618498808,0.7309198500020047,0.7506576767641687,0.46718523595619493,0.747856217238516,0.7558214630506578,0.7495286357704845,0.7481269897810141,0.7766003581193556,0.7152469876993369,0.7027531952791612,-0.3115473377368129,-0.4422612313789812,0.7078004865084225,0.85244731863103,0.8667535801055769,0.8845123955525753,0.8614543790552545,0.7833944240867923,0.8465541562098716,0.859085029951471,0.8589790256920097,0.8017685285372825,-0.08888988752001807],[0.997868007413784,0.9941892121714716,0.9895368596049783,0.9980877289452361,0.9989904268080787,0.9810447556708579,1.0,0.9976360050669222,0.9572213067819729,0.9996298481078242,0.9995976300979477,0.9996256738535617,0.9985011243774894,0.9994968468976247,0.9992291790010451,0.9998938855214998,0.9967707147566635,0.9999045226206204,0.9994158286808735,0.9994206741703208,0.9997275747289938,0.9993646711684568,0.9908791154932445,0.9752995777661786,0.9865035365455878,0.9289474594507875,0.9939195431663765,0.9930373341546368,0.9754326826173393,0.9550014590657647,0.9916834100525049,0.992154080110434,0.993860920972767,0.9762693944826731,0.9990637641163506,0.9998612171341816,0.9997313182323645,0.9994980396443383,0.9997841892999434,0.9998473801663578,0.9985929969686812,0.9997512848300989,0.9994240668186779,0.9990993821654475,0.9801988632120494,0.9379479835719455,0.9549207214769281,0.9525374466426068,0.940477402410141,0.9089510965399075,0.9585777742768046,0.948357537546831,0.9609443049561034,0.9642280690839599,0.9546887234358546,0.9823460231482587,0.982178480567424,0.9922081780948019,0.9964893033345888,0.95322735647115,0.962871369170552,0.9737968174713636,0.974097164666686,0.9752671443771054,0.9531727194640375,0.9037753539948503,0.9578509281565741,0.9631466745114783,0.9448351129859162,0.8938299993516922,0.9691601155765829,0.9457628518987737,0.9703783493790314,0.9535973180167707,0.8026123016670295,0.8732893377781936,0.8004442852765304,0.8868668955800396,0.902833810811454,0.9070967065443475,0.8874710080070259,0.8987291574151923,0.39662467011821134,-0.5746709720497293,0.9648685929071386,0.950246469812613,0.9503830528674201,0.9546487457678722,0.959926914111487,0.9711217361090371,0.9712049073601687,0.923930041249852,0.9693381869645101,0.859825316900094,0.7912543101988363,0.9387333605663534,0.9373607197390861,0.8119302127343382,0.9547044247978868,0.9555406916685228,0.9019163462392658,0.9735638087021505,0.83352859056892,0.5715840532738994,0.7222397725618017,0.8577826643110926,0.8520851937862409,0.8392845598596643,0.9807480529287553,0.9809345326155224,0.780859066981909,0.738120756069701,0.7833648336279252,0.43664459611159306,0.7825755027367312,0.7967583727844352,0.7887392010571347,0.795711228472003,0.7833052952705336,0.750316343883617,0.7330578441264044,-0.2988434048323871,-0.45103419640351716,0.709424736372046,0.8906622049315001,0.9222158948332678,0.9409971605286009,0.9104350038460496,0.8289650803945495,0.9096707319090087,0.9271533909791658,0.9257334740898968,0.7789949056556644,-0.10182244746755438],[0.996336417817186,0.991913369465919,0.9903176487726486,0.9967234466910221,0.9985534155107091,0.982355396746128,0.9976360050669222,1.0,0.9678167315222409,0.9999998352007949,0.9999993441200917,0.999774749225517,0.9999970882282269,0.9999930776505715,0.9999983243131093,0.999357676073647,0.9918520612726344,0.999485262415473,0.9999121429197158,0.9999117230740925,0.9999665557898091,0.9999987797814429,0.9914120401936514,0.9770205032389494,0.9932084097644394,0.9428201194366371,0.9944107201849597,0.9914870926503574,0.9776154341770042,0.9545426062402913,0.9880473339501096,0.9939368108815425,0.9925042729484623,0.9734613464757892,0.9994836522070679,0.9995902810107201,0.9996888826032693,0.9997542963281765,0.9992845707769765,0.9995291514656619,0.998299524963987,0.9988944871572452,0.9995556838256227,0.9994268034278274,0.9819625539188342,0.9378393525209286,0.9524902365692883,0.9561039192659927,0.9398632169553028,0.8997594568975368,0.9568110360741758,0.944044545789239,0.9588457430827413,0.9589542657314579,0.9489784614568788,0.9803706477330246,0.9794233272257815,0.9912450562837825,0.9968981515178308,0.9488479419154336,0.9597631031200433,0.9685411814352216,0.9717193346033375,0.9703560590180721,0.9517300040080496,0.8983299636608196,0.9540896016814042,0.9574661748624319,0.9401303849327258,0.8845089893614791,0.9670461098905543,0.9404864541255106,0.9657407747839777,0.9495253229493791,0.792278943531363,0.8669725632566584,0.7966071536249633,0.8805162236830476,0.8968495574930482,0.9035320148522931,0.883681062267981,0.8929081814647482,0.3812050899203575,-0.5779930054801349,0.9616362203840695,0.9455126531306034,0.9457825767717557,0.9529233989189316,0.9565401128823272,0.9679593877052964,0.9680296435972968,0.9208074574169328,0.9636791628373398,0.8513536649137677,0.7888258742432513,0.9507193049156055,0.9473995693007001,0.8093765280043975,0.9546837286611635,0.9556648069427623,0.8994191630231383,0.9772331888162394,0.8359955182861629,0.55718986730497,0.713829446658255,0.8583945870979508,0.8488399216778726,0.8410231395935285,0.9830010204473467,0.9831861194682028,0.772277071531682,0.7310645177415026,0.7842687307362876,0.4253258363766403,0.7774824357646166,0.7920956600714056,0.788794509717612,0.7901003840833531,0.777593898363498,0.7447558461321819,0.72697438645921,-0.31388752980436624,-0.4649748272604142,0.6975539568221256,0.8834624447622402,0.9195281916685056,0.9335900503761392,0.9048556171603308,0.8186576504886932,0.9033174017971796,0.9208772737396986,0.9197048434553569,0.7608475550980718,-0.08502500296814458],[0.9711440885806422,0.9873694381019933,0.9913575577641537,0.9731979762306012,0.9846989878980574,0.9932364376946176,0.9572213067819729,0.9678167315222409,1.0,0.9828164147882744,0.9873853704098066,0.9898237535363601,0.9714338285500344,0.9797298574878064,0.9763101765007808,0.9743210487838783,0.950308681251193,0.9791843045900323,0.9769925849021469,0.9769304913421252,0.9813229848792506,0.9761421793233583,0.9938673449697659,0.993291066916333,0.9803494299831995,0.9899231484230044,0.9834976255811064,0.9906806376194585,0.990760527126939,0.9697624635035913,0.9276360387941298,0.9492432509047083,0.9662505484190003,0.9524278426971216,0.9707441161612183,0.9792303569059975,0.9758126454498128,0.9781709326224051,0.9883287201564284,0.9803876727371799,0.9669764932494962,0.9764826365264143,0.9716109566487497,0.9705730514001735,0.9990395227626638,0.9019780003476637,0.9240508286323018,0.9511318043101593,0.9405110486886507,0.878925603338823,0.8867917337547547,0.8868321782200916,0.890826326300349,0.917117651812114,0.8969280919175224,0.9297172594332578,0.9464561031548399,0.9517720134639863,0.9611806264931777,0.9076639080727683,0.9691557934613293,0.9489608852255187,0.9680801166966315,0.9489574190097938,0.9065099845979819,0.9196142557814084,0.9466130258611104,0.9207603052129819,0.8857526840885862,0.8885691270332419,0.9696113232746696,0.9245539434006697,0.9466853368994675,0.9102536140347084,0.8359028751454962,0.8607729607679723,0.7438967571602437,0.878793054097125,0.8874388937652382,0.900814022935123,0.8501640545202884,0.8685715712508285,0.4328494491146252,-0.5078559750918513,0.9599364849268431,0.9547370221294984,0.9524547613704112,0.9059282942078731,0.950805562694187,0.9582107825481212,0.9576812197003164,0.9396876351073113,0.943904731113039,0.880156901374498,0.795377239862626,0.9430246132484916,0.9630937731459135,0.8152075740747257,0.9377958322961375,0.9393151958907225,0.8541516256799611,0.9687233787070564,0.7424168518002646,0.44553554713493104,0.6560743685906407,0.7755333643081418,0.7781917378565293,0.7537225401091217,0.9680787632693775,0.9680256079607242,0.7028019995117923,0.6947569311261733,0.6769271985180877,0.42022850499719655,0.692657039062996,0.694905293992663,0.6759069246949152,0.6951078050831399,0.75259998839264,0.6876575162873179,0.6725235858047887,-0.35383720877683994,-0.49051007361457466,0.7080992371829614,0.8384018301633035,0.8310169619778213,0.8617563045129667,0.8571728121638735,0.7557135310037857,0.8143733355734426,0.83689366308131,0.830681829770023,0.7074695039873441,-0.020836890508776358],[0.996534616081513,0.991920657786881,0.9929275604488441,0.9969672246148105,0.9985524884384949,0.9817401288969034,0.9996298481078242,0.9999998352007949,0.9828164147882744,1.0,0.9999991549882048,0.999779249124194,0.9999985287384763,0.9999920010482959,0.9999978650060083,0.9996978907383443,0.9979501211468794,0.9994837852671393,0.9998885205110064,0.9998883602138471,0.9999784464487563,0.9999992997590014,0.9939343591942428,0.9787269647993608,0.9963723223603436,0.9748315715950252,0.9964577617285063,0.9914878793241563,0.9819324625945801,0.9558628539087414,0.9898712411205745,0.9938758034817214,0.9902132048186583,0.9703101764083856,0.9995191671422053,0.9995841859506966,0.9995971207060482,0.9998404540630621,0.9992963267387036,0.9995365547515495,0.9985315728572085,0.9989397413293042,0.9995259904249063,0.9995212988070779,0.9863685837408133,0.9377767996094227,0.9525215892764521,0.9560734880115627,0.9399122961358309,0.8998731148462613,0.9486569871322569,0.9396714414513748,0.9522985567277137,0.9572814720927969,0.9472350083079905,0.979630102197225,0.9794560215019317,0.9917933754416014,0.9967364848870949,0.9732092710244249,0.9597361281033098,0.9722955603988045,0.9716981782048763,0.9728350556496544,0.9726257341614772,0.9335741881104229,0.9540654398476628,0.9514599850010672,0.9511785535722307,0.9030924682646668,0.9669949961971727,0.9658429629235029,0.9716449882918133,0.9707287593273439,0.925946595035473,0.8669999330296928,0.8286003680460938,0.8803731598368838,0.9154886970876,0.9040651056731104,0.9093502899399485,0.9085951362972504,0.7365000476791246,-0.5804755721320827,0.9616222828973289,0.9454937034028356,0.9457771393774667,0.9742172312454941,0.9519004172662995,0.9676605720212977,0.9673147934772094,0.921500182438159,0.9690970156340406,0.9235549428652635,0.788824332386902,0.9505111059158106,0.9586067361433315,0.7946183827287803,0.9487991993655893,0.9499546227946488,0.8994913622847519,0.9764865670656879,0.8999264238007483,0.45477941516141257,0.6916471087907538,0.9057431366888555,0.8596495810166267,0.901774975970609,0.9829677057018159,0.9831744582232774,0.7723456971084887,0.7308704357442418,0.7755144252050021,0.4254322985646771,0.7340937710604143,0.7800750271147652,0.7756595614350001,0.7435954986361433,0.7773883210575712,0.7447212392087513,0.7269261805391645,-0.528947329738248,-0.6122396859681954,0.697302990827845,0.883538030512037,0.919965846257805,0.9382560178627084,0.9049357714509222,0.8155327985141387,0.9006467620464047,0.913939358665864,0.9133584398302625,0.805669940542324,0.1418427124532491],[0.9946780160964702,0.9919474248447447,0.9968584645715985,0.9953494872524427,0.9981573879476892,0.9777939791138054,0.9995976300979477,0.9999993441200917,0.9873853704098066,0.9999991549882048,1.0,0.9997784970148283,0.9999963881445062,0.9999949892205158,0.999998385387283,0.9996841285473368,0.997668838289783,0.9992421090644896,0.9997951945842409,0.9997949692726024,0.999998457147068,0.9999983161218423,0.9933318340791102,0.9749228532165126,0.9954727109355789,0.9828755176543734,0.9960466538564031,0.9915002741167794,0.9841411328587061,0.9488226679220729,0.9892386236201346,0.9934774272802867,0.9842936144357682,0.9467276040178336,0.9993156737917898,0.9993692172926022,0.9993121615713181,0.9998995463794892,0.9992805988920266,0.9993220985444565,0.9980273922198296,0.9985730630349988,0.9992919396545616,0.999289486224836,0.9887396751600835,0.9375048677231534,0.9213172555536752,0.9560336819509448,0.9398420393546807,0.8995955038683822,0.9202057534062336,0.9111505154240306,0.924450865914749,0.9328812494232341,0.9187054368498865,0.972540750466393,0.9725181260561837,0.990784217188976,0.9953574928726562,0.9654474752119006,0.959869792086123,0.9599308567199687,0.9626339800131114,0.9611820876331358,0.9609208397706783,0.9098430279641178,0.9437639048661094,0.9174366006156027,0.9169634282392937,0.8364142274929678,0.9650519416302092,0.9702475769870312,0.966878045744865,0.9657876273056427,0.9187851355947123,0.8051209799121862,0.769784259203206,0.8455239269695707,0.8964607207786411,0.8669415280706597,0.8816508375330403,0.8804074320915465,0.738625578546725,-0.3809203444904369,0.9493190286437575,0.9456455504233376,0.9458889284246121,0.9665214484869287,0.9383523306386382,0.9518765937056934,0.9512026626172424,0.8946781572083066,0.9544131736205762,0.8987758162036109,0.7889887795941386,0.9508101690508195,0.962760486372246,0.6938785278017284,0.9107346684009618,0.9132814623125005,0.8579767630529331,0.9855599071920583,0.8458892806146334,0.11173684732346158,0.5458679027824164,0.8578572448524067,0.8258229655922497,0.8527619542893994,0.9862862543874442,0.9863064825727355,0.5397951813494671,0.6473664731717128,0.5470055341498162,0.4253747045378001,0.5151915572972094,0.5573227693809478,0.5479834675963701,0.48636372482577916,0.766607135707828,0.6162366697107478,0.5781398271187319,-0.48984644548462697,-0.5485064502202205,0.6967723407973978,0.8637934520547911,0.8761866643221728,0.909497661723793,0.8987795508674546,0.6868649982848456,0.8522796149341229,0.8695338839617525,0.8687234802992904,0.6216004751558469,0.09332611239891667],[0.9939634794921844,0.9932941642593902,0.996035033270161,0.9948381898638642,0.998082154144952,0.9768812567016583,0.9996256738535617,0.999774749225517,0.9898237535363601,0.999779249124194,0.9997784970148283,1.0,0.9997921247063687,0.9997783498380275,0.9997839580920895,0.99968379425624,0.9982873945387885,0.9994324159587894,0.9999717031380712,0.999971251559957,0.9997832102356843,0.999788256170191,0.9929746023458231,0.9720456898206268,0.9943702229755972,0.9837124686620532,0.9951301149512792,0.9938499320819884,0.9805605938782858,0.9307673222904316,0.9918630560022635,0.9945366783098891,0.9800657549995249,0.9291690274407005,0.999446321746771,0.999491374682567,0.9994544618104377,0.9996088495215764,0.9996316086636836,0.9994697693473299,0.997919058152722,0.9986079294424209,0.999433865963401,0.9994307295498459,0.9900847166485119,0.9332707027973468,0.9089251504259963,0.9530942892406397,0.9384778062414852,0.8995118003674571,0.8875208291689778,0.9235044688987032,0.8908853240231979,0.9110849824298253,0.8859083574718845,0.9611653996360388,0.9611507548093623,0.9822726275384415,0.9949284248168484,0.9641019080095574,0.9643340449060249,0.9550105417737694,0.9602497247726682,0.9573447936309268,0.9571427064223683,0.9095842522929017,0.9343329964122978,0.9013788188597339,0.9011199222192268,0.8201986814551522,0.9640561550279163,0.9659990246645853,0.966026520326291,0.9653781149738228,0.9255299680467227,0.7596571771102736,0.722108332043068,0.8139391473791369,0.8759581695856526,0.8337757518633451,0.8556584890717174,0.8548733167348683,0.7213296081569532,-0.25767871608763815,0.9432976083212053,0.9477685777358285,0.9428944027611561,0.9647910863763375,0.9380418378882058,0.9466141565213406,0.9457222980287423,0.8926150601589202,0.9487483408860331,0.8954974830602694,0.7447202450298193,0.948417848632534,0.9424046738002994,0.5758268434811723,0.8590239096780793,0.8632862226017896,0.7591832919637783,0.9797022698833144,0.7358300110070531,-0.25604881363073984,0.2887057117121492,0.7590596372247045,0.7155932913714758,0.7529185554565284,0.9808025578610218,0.9808951270867485,0.23916941033968808,0.39702663763847196,0.2447801306321098,0.21670286017529217,0.23664937020775967,0.2519122605822805,0.2495140832768563,0.16617451725508192,0.5763972576694936,0.3127958688782075,0.2610142244394111,-0.5023629582766945,-0.5500288953651428,0.6971626095074965,0.7645340446180933,0.7877178144147042,0.8522105266296729,0.8310950863025813,0.5920983388970698,0.7734085455068423,0.7826868848143761,0.7814407925930564,0.4432824083349806,0.28227607210136035],[0.9964319245093709,0.9920107655178687,0.9901677898312823,0.996802244708528,0.9985699345077309,0.9821792255464741,0.9985011243774894,0.9999970882282269,0.9714338285500344,0.9999985287384763,0.9999963881445062,0.9997921247063687,1.0,0.9999914795133136,0.9999976895416957,0.9994030999177502,0.9934658218621955,0.9995233582142948,0.999921534556124,0.9999213071900768,0.9999734123382661,0.9999989765766287,0.991292484652953,0.976827509260037,0.9938536116970456,0.9476986011206097,0.9943627085294318,0.991593989062964,0.9774173799015795,0.9544882398433459,0.9889570854900898,0.9940221367727842,0.9925869816292153,0.9735868706003082,0.9995264100307664,0.9996289609936942,0.9997187229838539,0.999752897447183,0.9993400410684969,0.9995690046770384,0.9983842590041202,0.9989592169713876,0.9995982328623438,0.9994701861423032,0.9817155262867399,0.938088774397866,0.9526481362142819,0.9560160433107792,0.939913076930453,0.9003337482228789,0.9571677535876358,0.9444297213683964,0.9592049207008491,0.9592808021065861,0.9493685147068981,0.980623430250309,0.9796078974790408,0.9913778899223755,0.9969819646135236,0.9490918338882315,0.9597664633944201,0.9687108286277842,0.9717547674909967,0.9705243426930711,0.9519270214950869,0.8982622159428872,0.9542120171360577,0.9577526182691786,0.9404720358974858,0.8846455560535373,0.9670401125293369,0.9406140652904141,0.9658798739461366,0.9497521055296086,0.7921740838744225,0.8672106690818417,0.7970358620587725,0.8807400484804638,0.8970459626030418,0.9036421391485099,0.883983223471953,0.8932011908058027,0.38129526199340136,-0.5780896449890419,0.9617059686574702,0.9456056338829747,0.9458733954073384,0.9531209012223386,0.9566106238281499,0.9680504561877731,0.9681228323269,0.920760426978526,0.9638684191191369,0.851325832979215,0.7888684378918687,0.9501750642648242,0.9469010337322443,0.8093880542142768,0.9546814496921022,0.9556543747773234,0.8997610966872599,0.9770939048742167,0.8364970273293639,0.5583036944822255,0.714475396005883,0.8588800962652029,0.8493742239523396,0.8415160465911866,0.9829402784924003,0.9831259005109791,0.7728863317762247,0.731558642848405,0.7848897444852522,0.42592607049072195,0.7781486612263846,0.7927925846029218,0.7894303767428864,0.790811821020071,0.7779256925326966,0.7452079931408718,0.7274408528274086,-0.31297800315174823,-0.4641729639254751,0.697939082729938,0.883986746291164,0.9200146971487605,0.9341305227948855,0.9053435623954811,0.819222995327773,0.9039077806100662,0.9214709879807167,0.9202895385178873,0.7615320096669572,-0.08607342949419233],[0.9964643146084349,0.9919152099920476,0.9922553972058102,0.9969191694060974,0.9985836621197658,0.9826344116783993,0.9994968468976247,0.9999930776505715,0.9797298574878064,0.9999920010482959,0.9999949892205158,0.9997783498380275,0.9999914795133136,1.0,0.9999952949357008,0.9995870638499964,0.9979072819804162,0.9994833812191914,0.9999073612231337,0.9999062757239455,0.9999559442145349,0.999991769733337,0.9931727071889906,0.9772294556526161,0.9960946540809972,0.9689006770482833,0.9958853457916363,0.9914713780191907,0.9778684207123466,0.954681129510779,0.989351413203423,0.9940963043999659,0.9918984047401842,0.9731620458659418,0.9995074086066993,0.9995832563671841,0.9996403432500132,0.9998927625729869,0.9993061497459043,0.9995195161267522,0.998260422670831,0.9988846662415608,0.99952783889024,0.9995209918990382,0.9842451607906171,0.9379245011630395,0.9524340189751698,0.9560377762526934,0.9398826559911854,0.8998686362634786,0.9522864551277455,0.9377545614606199,0.954599804663356,0.9586873031023271,0.948658817094215,0.9792203818091135,0.979294864128109,0.9906939406977344,0.9969773222901771,0.9741031985979373,0.959488858386913,0.973577320603632,0.9717111305169484,0.9745214865727039,0.97430742923469,0.9426954953768039,0.953810467843845,0.9565581418112693,0.9562673673663697,0.9196951567129317,0.9670225103565947,0.9687699548553733,0.9735970436955519,0.9725973872220885,0.934299916912878,0.866767324222405,0.8338232168678793,0.8802067132569198,0.9073109426745446,0.9033993174925402,0.9041062688566822,0.9030428153553822,0.7146119345376927,-0.5782322691840868,0.9616480963649543,0.9453527112785687,0.9455163696109876,0.9751279807307893,0.9566370030534705,0.9679779795988156,0.9680537843570829,0.9208526778270719,0.9694159538162623,0.9319887812321146,0.7887568852740164,0.9503014945220976,0.9517591495512426,0.8087650186139387,0.9545616632506708,0.9555060356190637,0.8993676727246424,0.9774384882374311,0.8862636073891407,0.5574158910753171,0.7133592774527099,0.8941299002942018,0.8627195341624964,0.8851916697047979,0.9832054400130299,0.9834093871823402,0.771495526744368,0.7303855094139803,0.8047171519416932,0.42546016938490505,0.784758944662865,0.8090848560020862,0.8036128323980217,0.7911138841673415,0.7774897838570355,0.7434710187097264,0.7257188695276383,-0.4028966161786731,-0.5250903305803571,0.6967788635489003,0.8835366132245726,0.9164175438990243,0.9296724401535144,0.9052621663007168,0.8177608246993663,0.8920587431471997,0.9096243577003087,0.9091704054214523,0.8407992219526451,-0.052520177072357614],[0.9963782394834555,0.9919709772216828,0.9903707836477078,0.9967647854400469,0.9985844536352934,0.9824222224370115,0.9992291790010451,0.9999983243131093,0.9763101765007808,0.9999978650060083,0.999998385387283,0.9997839580920895,0.9999976895416957,0.9999952949357008,1.0,0.9994892522011383,0.9972128230136573,0.9995001668283992,0.9999148284733018,0.9999141205530442,0.9999674647673706,0.9999976741581291,0.9914547535791866,0.977082317113153,0.9954674760427192,0.9606591660585968,0.995273528083003,0.9915529772687441,0.9776676198169449,0.9547023148223815,0.9914239781393257,0.9942804650412241,0.9924564107825607,0.9733792330077276,0.999494578546492,0.9995912709435316,0.9996955854145908,0.9997688296062662,0.9993097983225592,0.9995264797403864,0.9983230583204212,0.9989095943742323,0.9995650184784869,0.9994386723025515,0.9819630747984859,0.9379047985093281,0.9525083822341144,0.9560767905069084,0.939913339924932,0.9000085296732933,0.9568857731583604,0.9441696713613438,0.9589505629507499,0.9589076381546513,0.9488985290649007,0.9803935960356682,0.9793707697209688,0.9912169666160473,0.9968636797919715,0.949122620404278,0.9598133574899047,0.9686963787894037,0.9717997352225842,0.9704981540616323,0.9515528731810071,0.8985267152259014,0.9540152504389752,0.9575279145670123,0.9403271964638372,0.8846340995600588,0.9671814723087481,0.9408063640226552,0.965930133624793,0.9498137046121786,0.7925980844274375,0.866981740655119,0.7968531512262488,0.8805644056466737,0.8970088338215758,0.9035435662399169,0.883824418989439,0.8930664557978445,0.38154554176537386,-0.577695314143134,0.9617236412852938,0.9456006515528714,0.9458677084783863,0.9517956597657519,0.9567048391741798,0.9680406664955259,0.9681080195704432,0.9209911849175757,0.9638353950234553,0.8515976628625755,0.7888394822323773,0.9504590039969637,0.9473108842072545,0.809387373878349,0.9546188470761026,0.9556036844939526,0.8992432775942572,0.9772492089657747,0.8360225346934828,0.5570132244273069,0.713718689552562,0.8584001546351345,0.8489553961156165,0.8410467363862139,0.9830364312578412,0.9832186907981236,0.7719046059035507,0.7307469883275745,0.7842468070806525,0.4255563335243284,0.7774591606571365,0.79201637715535,0.7889427340925367,0.7900026776873776,0.7775186349309274,0.7440501238764485,0.7263021667926667,-0.31370717282908206,-0.4647905870023255,0.6977560812389865,0.8833737472285753,0.919644535188713,0.9336258836325237,0.9048982645933874,0.8184588396491541,0.9035093363128889,0.9209075337535804,0.9198492403017451,0.7609351014286837,-0.085284002560379],[0.9977422579830557,0.9939951330464876,0.9898313567140157,0.9979892687456737,0.9990603239734617,0.9819966694541031,0.9998938855214998,0.999357676073647,0.9743210487838783,0.9996978907383443,0.9996841285473368,0.99968379425624,0.9994030999177502,0.9995870638499964,0.9994892522011383,1.0,0.9984812084922444,0.9998586387036027,0.9995726358629912,0.9995771057488249,0.9997813084753978,0.999559867245012,0.9910980926919991,0.9760447646722397,0.9941765861820718,0.9534762958446641,0.9938407668538435,0.9929159503197906,0.9759070886506638,0.9552369632762585,0.9918247758209581,0.9927616000056669,0.9933032881682192,0.9754111142699342,0.999299240653532,0.9997438667446626,0.9997305231810559,0.9995908329343016,0.9996298374953757,0.9997010277460083,0.9988862061412837,0.9996045928962227,0.9995275845748715,0.9992971809124666,0.9806026025398258,0.936593225170712,0.954522996520736,0.9534642762400151,0.9408779121425414,0.9063134230697742,0.9588689850939828,0.9485219509295413,0.961209863719719,0.9628488151739899,0.9529278998146418,0.98230207204381,0.9813228348687864,0.9921294409088739,0.9964069339953423,0.9535211049255137,0.9633766727363559,0.9734240871000015,0.9742974513430014,0.9749730675636226,0.9543013681015791,0.9037345002397758,0.9573457218177924,0.9625727729590765,0.945079836767142,0.8924996538889441,0.9696363761934464,0.9455939190663668,0.9701427613866956,0.9540450152997846,0.800756676561932,0.8722806095784592,0.8011757779552191,0.8858256964637121,0.9018800053324614,0.9062434874166369,0.8874898983257954,0.8981482637323611,0.39285571913141487,-0.574577788701751,0.9649354658495709,0.9503013645088929,0.9504067862302307,0.9557619354831718,0.9603730430054129,0.9711009629819946,0.9711579466940251,0.9249189662058802,0.9688230356846371,0.8588253598131151,0.7906190680644973,0.941914939791987,0.939781109572617,0.8118022189565867,0.9546748867141513,0.9555029602291361,0.8994037876511536,0.9739548669683722,0.8353042748012084,0.5667316633925895,0.7187160844754832,0.8584539282460931,0.8516172887316