var config = { responsive: true }

var correlationClose = {"data": [{"type": "heatmap", "z": [[1.0, 0.999984232408573, 0.9770582730825415, 0.9996909301938776, 0.9972421055098191, 1.0, 0.9900577595077795, 0.9852627622299607, 0.9906435186892992, 0.9727513836284183, 0.9791612075068848, 0.990105844531729, 0.9902674072835808, 0.9901764005703028, 0.9902313933226717, 0.9931349332677532, 0.9933508272866367, 0.9912768263214047, 0.9912643233882811, 0.9912337122220733, 0.9900959581525143, 0.9770427878454437, 0.9637601131284554, 0.9760501949642767, 0.9760233391398861, 0.9499384435389853, 0.9522064739857129, 0.9428961384430782, 0.9898875395803394, 0.9898421984632062, 0.9857099754197535, 0.974116728846077, 0.9932448083368749, 0.9941843210030481, 0.9932631567180937, 0.9914784342042354, 0.9857024168502898, 0.993858900689602, 0.9938122391563827, 0.9947495405414796, 0.9934545057615861, 0.9934421776957852, 0.9934545057615861, 0.8974390067873887, 0.6940198039259375, 0.8627385212131206, 0.8960783750662832, 0.8125467140668885, 0.9645123089771187, 0.9292792049640506, 0.9550332251606335, 0.9499159714457845, 0.9532235718675388, 0.9782007986692255, 0.9721373179972412, 0.9072957043612341, 0.8962486081230069, 0.9272451102369179, 0.8979041040237211, 0.9236373657831309, 0.9245322832580859, 0.9236373657831309, 0.82906119322825, 0.9020461820106671, 0.9032740275634391, 0.9020461820106671, 0.8823136171048839, 0.7079034010796356, 0.8589147666822395, 0.8607606914003655, 0.8589147666822395, 0.5989761517015445, 0.48625138627401426, 0.5735249611111215, 0.7268892684660517, 0.46150273031573985, 0.5265459736142866, 0.528569117668387, 0.5265459736142866, -0.5977265402154289, 0.8694833233247016, 0.8999958348179188, 0.8816698494221552, 0.9088523704464351, 0.9338951891680011, 0.8677431432520799, 0.8692185420695911, 0.8677431432520799, 0.8805379596881149, 0.8805379596881149, -0.17400408002684783, 0.5061801574272955, 0.2132208761636488, -0.5134576006599042, -0.5428224361466091, -0.5466549505697531, 0.005136467748103791, 0.0317782930886293, 0.2880422958460839, 0.19667034234787678, 0.1170954463519465, 0.09183929276501918, 0.11884004900768531, -0.17415481541515793, 0.10110384652895929, 0.10132712703678916, -0.5152853157473011, -0.4107834223207048, -0.17344192776756412, -0.4565048958011246, -0.3394625229945021, -0.3146611383075875, -0.3051060993357892, -0.3146611383075875, -0.16524716119333835, -0.21943628824035719, -0.21943628824035719, -0.5228610668780975, -0.5228610668780975, 0.3988879170901995, 0.6695898269470119, 0.878796010155956, 0.8566024233322901, 0.7961286488873027, 0.6769633042961047, 0.776907589407592, 0.8179528298438942, 0.8181989139602496, 0.8179528298438942], [0.999984232408573, 1.0, 0.9638962318898068, 0.9991127030393967, 0.9926811416812668, 0.9999842324085729, 0.9743437905162919, 0.9637289453976473, 0.9740698649885452, 0.9548309512312841, 0.9765489081915986, 0.9743961528545858, 0.974347507198838, 0.9741373230330868, 0.9732501327854286, 0.9831141407365657, 0.9815888693977981, 0.980642066185844, 0.9806075222024095, 0.9744760112363958, 0.9744642487846515, 0.979557218398639, 0.9637640093784364, 0.9662553210416586, 0.9663411728468662, 0.9503152162778227, 0.9714237840758637, 0.9241322224164071, 0.9736068772933455, 0.9736592660804246, 0.9702717184246468, 0.9164325669868094, 0.9856246295564813, 0.9857356636058087, 0.9866190009708893, 0.9771116318305334, 0.9837045481615114, 0.9856124134019465, 0.9863645910673552, 0.9861340315466672, 0.9867550303978183, 0.9867290530469387, 0.9867550303978183, 0.8976362141783935, 0.6093158470111153, 0.8637962155343554, 0.8971396418979308, 0.8117482022653493, 0.8652628996828147, 0.8826892188897055, 0.855425694229891, 0.8722588347498951, 0.8616303282455734, 0.9379284612702081, 0.9379820949773298, 0.9099499542501721, 0.9215820583755744, 0.8955001780521895, 0.8951788813289643, 0.9031576008162113, 0.9040142953601231, 0.9031576008162113, 0.7468144471539359, 0.708409662927111, 0.7105337859685733, 0.708409662927111, 0.9149812276457339, 0.9209743152323213, 0.9146321055931402, 0.9160730454703647, 0.9146321055931402, 0.4085627678640032, 0.35321210152668775, 0.47566221452332996, 0.5750564864597796, 0.4510836191562088, 0.4975614285039728, 0.49889261657501094, 0.4975614285039728, -0.19352148504519245, 0.8462136384892617, 0.8870040677704559, 0.871571113982974, 0.9180198923426074, 0.919622992738911, 0.8391735383119181, 0.8396472743160494, 0.8391735383119181, 0.8517143131141778, 0.8517143131141778, -0.2820832381203373, 0.5061670400991589, -0.3764825431490572, -0.4556054860675421, -0.45594510961919094, -0.45947014649904283, -0.26286405851333516, 0.20377306898716635, -0.18060000741635363, -0.33805591390002954, -0.19176259628759987, -0.24618010533571968, -0.2706537755353479, -0.2990611049579353, 0.07510392456354381, 0.06967931385360895, -0.4685497933681712, -0.41994389471969273, -0.44775277291142546, -0.47763735436355337, -0.47010490181461584, -0.4509042253957532, -0.45406647226604735, -0.4509042253957532, -0.350903902423277, -0.47733927492900363, -0.47733927492900363, -0.45708740861939473, -0.45708740861939473, 0.3989718508986763, 0.43942892062397004, 0.5299745467638198, 0.612506756988666, 0.589916761976758, 0.2668554686347602, 0.40726100708390545, 0.40391368268593375, 0.4040352938815946, 0.40391368268593375], [0.9770582730825415, 0.9638962318898068, 1.0, 0.9811186456512991, 0.9908472474633032, 0.9770582730825416, 0.985266333707073, 0.9833256480341674, 0.9922302668159072, 0.9340530723546676, 0.9962990439140914, 0.9852158482410317, 0.9826992144088849, 0.9849797561971301, 0.9848741043072785, 0.9880352498610371, 0.9890849557628079, 0.9826817736148048, 0.9826641085915826, 0.9907474986547575, 0.9851230391883706, 0.9904692676968537, 0.9788511799779621, 0.9826432446574138, 0.9826600392279248, 0.9794808655915423, 0.9770793801810856, 0.9458518177388076, 0.9670214969313701, 0.9670892975089489, 0.9719412055983736, 0.9474933299134626, 0.9811750936022946, 0.9876947267921801, 0.9794885339393894, 0.9825669212207998, 0.9933781027302316, 0.9896537127342869, 0.9792806631293692, 0.9867320073355512, 0.9808601034016442, 0.9801434354066462, 0.9808601034016442, 0.9062311490868205, 0.6096604425383135, 0.9080534179175217, 0.8773675187807779, 0.6576385689627798, 0.9076140493613265, 0.8572915920073965, 0.8951945385503481, 0.8919259728191403, 0.899422780148612, 0.9292279686035979, 0.9387634591383612, 0.7391349788677108, 0.7994679000165341, 0.8149517121111691, 0.8356471187784591, 0.80718171335966, 0.7761586308302937, 0.80718171335966, 0.7204100117851452, 0.762726405946098, 0.7628752977424124, 0.762726405946098, 0.8278418361872464, 0.39372291606378085, 0.5855253002383157, 0.6559979579301219, 0.5855253002383157, 0.49244744792543654, 0.4625603216460853, 0.45668951124022217, 0.6169651113875521, 0.3947752227141447, 0.42541016259232634, 0.39185304752341316, 0.42541016259232634, -0.5890246973840861, 0.7942294276763778, 0.7734429521575218, 0.7754597271466707, 0.7537754424226303, 0.8813520832300189, 0.8002109724748616, 0.8027874355089087, 0.8002109724748616, 0.7446001815871102, 0.7446001815871102, -0.2829928741014513, 0.702268303196217, 0.16447180309120998, -0.6094377799665327, -0.6347793608665869, -0.6376658913346439, -0.10756007610217433, -0.009004324878737108, 0.2844311732948071, 0.062236448835585684, 0.010099968593011988, 0.04291524144652242, 0.009043137709416988, -0.17077056460685708, 0.003990901865323886, 0.003926089771824989, -0.6058930845087395, -0.5251294706116579, -0.129756735867553, -0.5807602019763339, -0.436879180873743, -0.40084670316598686, -0.23197889283447579, -0.40084670316598686, -0.290721173946537, -0.3560678650597297, -0.3560678650597297, -0.6258729651323259, -0.6258729651323259, 0.31297573078764795, 0.5740461311952066, 0.7847684182801328, 0.7633254358828031, 0.732269352958073, 0.5695066067782004, 0.7104692721029839, 0.7177601784203004, 0.7498030031976737, 0.7177601784203004], [0.9996909301938776, 0.9991127030393967, 0.9811186456512991, 1.0, 0.9984920526983055, 0.9996909301938773, 0.9917771469597415, 0.9874633596238379, 0.9927909184388034, 0.9705731543389875, 0.9850343372266482, 0.9918119287223587, 0.9919009103926799, 0.991852706649589, 0.9918952706474158, 0.9947736051599065, 0.9949348203460012, 0.9927503980270357, 0.9927399686087081, 0.9931447906349098, 0.9917933829008339, 0.9804406115794551, 0.9669073607324312, 0.9791495407413654, 0.9791236425837859, 0.9631526540991971, 0.9567955956322104, 0.9442361403678007, 0.9898265684889239, 0.9897919678676722, 0.9866751596429084, 0.9735719953408533, 0.9941405167108281, 0.995428852497377, 0.9941116880115672, 0.9927461040631514, 0.9900694153961112, 0.9953571388017589, 0.9945133928992849, 0.9959154980182733, 0.9942452782348249, 0.9942369877052997, 0.9942452782348249, 0.8969071003735719, 0.6814568960088364, 0.8728223466005904, 0.8910732659760942, 0.7890643108718942, 0.958708816900678, 0.9213552831234182, 0.9482421521426145, 0.9442578653842376, 0.9482993815286526, 0.9739957692612786, 0.9694291820143687, 0.8807666924747818, 0.8853612520258816, 0.9108429174975385, 0.8918706961296552, 0.9021496641523884, 0.9033866494512544, 0.9021496641523884, 0.8180055113494519, 0.8877273836067213, 0.8890833740276983, 0.8877273836067213, 0.8767802298036727, 0.634654104561756, 0.8104120656631136, 0.8123141265914464, 0.8104120656631136, 0.5881047846333974, 0.4579027311710841, 0.5604471427826921, 0.7077058188705184, 0.45409964453199003, 0.4928696630607622, 0.49562380853985877, 0.4928696630607622, -0.5995476269761871, 0.8616388437776664, 0.8869541677878175, 0.8698572346641681, 0.8796315811248998, 0.9295777808731114, 0.8610751109516067, 0.8627427019734714, 0.8610751109516067, 0.856349329549423, 0.856349329549423, -0.18115065336232195, 0.5379420522607468, 0.2180369343435443, -0.5222094726981142, -0.5511690734998757, -0.5549107816053809, -0.007782378151375694, 0.025504215929819964, 0.28071426227657825, 0.18405073323288645, 0.10623894216966787, 0.08500240635048416, 0.11254405730511613, -0.1823786558233516, 0.08895019491440406, 0.08922010441942435, -0.5232716075581758, -0.4224699742708488, -0.17545929023899645, -0.47011133409612244, -0.34210251390804836, -0.3166805121610002, -0.30768330066512156, -0.3166805121610002, -0.17540266065027785, -0.23021878176212218, -0.23021878176212218, -0.5344781044806391, -0.5344781044806391, 0.3824374086203146, 0.6573636635718907, 0.8714353808655033, 0.8492591804539037, 0.7888734060435812, 0.6682470600148259, 0.7682184366091641, 0.8096057329214885, 0.8098680225065339, 0.8096057329214885], [0.9972421055098191, 0.9926811416812668, 0.9908472474633032, 0.9984920526983055, 1.0, 0.9972421055098191, 0.996507979633525, 0.994265675830919, 0.9966907379055467, 0.9591859182722413, 0.9946520674159931, 0.99652666543392, 0.996628302899032, 0.9965605330239062, 0.9965610218325736, 0.997642291406882, 0.9972561674725914, 0.9971564349404983, 0.9971534144546098, 0.996521769750766, 0.9965184672026338, 0.9929692810433826, 0.9796193910284189, 0.9895350976340235, 0.9894868181589609, 0.9806465159712168, 0.9785508932281713, 0.9481002887581821, 0.988399053713104, 0.9883335530368744, 0.9877501672151261, 0.9643041258258547, 0.997667644972566, 0.9976140544078544, 0.9975198688293666, 0.9970422140066845, 0.9969218331838708, 0.9978289922300257, 0.9979417019054091, 0.9976839545431156, 0.9976469030604599, 0.9976510326290947, 0.9976469030604599, 0.9137402487695091, 0.6435318905780056, 0.8986332674175257, 0.8933661549975206, 0.7515694182298055, 0.9380082611251351, 0.8940317342774058, 0.9266921350617279, 0.9294675980314987, 0.9369595417744789, 0.9673349708417917, 0.9674354342992836, 0.8708628300350448, 0.8588826435731076, 0.8920345492517917, 0.8744872317333224, 0.8898384280637133, 0.8903878833022247, 0.8898384280637133, 0.7842504766444222, 0.8232950301083038, 0.8249513750660326, 0.8232950301083038, 0.8611070933209979, 0.7404304597834717, 0.8404801045711907, 0.8417055208474168, 0.8404801045711907, 0.5350880622603491, 0.39570349868044846, 0.5160110313790552, 0.6930706467779301, 0.5092145979263155, 0.48520230824035265, 0.485410867612439, 0.48520230824035265, -0.5874362586396402, 0.8374617632787795, 0.8502408557654018, 0.8374965722929953, 0.8819930699478051, 0.9017783664486103, 0.8399074918110272, 0.8415240042823389, 0.8399074918110272, 0.8486458561841954, 0.8486458561841954, -0.22779105735135072, 0.6072399772506598, 0.07336546100527444, -0.5800685164945166, -0.6138380400041151, -0.6142821028302855, -0.045988135156013014, 0.04563821288132621, -0.11882824285048577, -0.06834475235599072, -0.04796790207818712, -0.29241915371414096, -0.34532101728194436, -0.49101022384015014, 0.05221389704639126, 0.0523111245353064, -0.5565234592567143, -0.4637926323246731, -0.48474678641831553, -0.5177516201108208, -0.5746806799488801, -0.5448088500457919, -0.5471826758830681, -0.5448088500457919, -0.22278654663214012, -0.27183935804756443, -0.27183935804756443, -0.6406990582052062, -0.6406990582052062, 0.3577980356747391, 0.6347143935979943, 0.819145276130597, 0.7909406852016156, 0.7752588035068714, 0.5957191481217912, 0.6165674491458281, 0.7009746982828053, 0.7014471970269255, 0.7009746982828053], [1.0, 0.9999842324085729, 0.9770582730825416, 0.9996909301938773, 0.9972421055098191, 1.0, 0.9900577595077795, 0.9852627622299607, 0.9906435186892992, 0.9727513836284183, 0.9791612075068848, 0.990105844531729, 0.9902674072835808, 0.9901764005703028, 0.9902313933226717, 0.9931349332677532, 0.9933508272866367, 0.9912768263214047, 0.9912643233882811, 0.9912337122220733, 0.9900959581525143, 0.9770427878454437, 0.9637601131284554, 0.9760501949642767, 0.9760233391398861, 0.9499384435389853, 0.9522064739857129, 0.9428961384430782, 0.9898875395803394, 0.9898421984632062, 0.9857099754197535, 0.974116728846077, 0.9932448083368749, 0.9941843210030481, 0.9932631567180937, 0.9914784342042354, 0.9857024168502898, 0.993858900689602, 0.9938122391563827, 0.9947495405414796, 0.9934545057615861, 0.9934421776957852, 0.9934545057615861, 0.8974390067873887, 0.6940198039259375, 0.8627385212131206, 0.8960783750662832, 0.8125467140668885, 0.9645123089771187, 0.9292792049640506, 0.9550332251606335, 0.9499159714457845, 0.9532235718675388, 0.9782007986692255, 0.9721373179972412, 0.9072957043612341, 0.8962486081230069, 0.9272451102369179, 0.8979041040237211, 0.9236373657831309, 0.9245322832580859, 0.9236373657831309, 0.82906119322825, 0.9020461820106671, 0.9032740275634391, 0.9020461820106671, 0.8823136171048839, 0.7079034010796356, 0.8589147666822395, 0.8607606914003655, 0.8589147666822395, 0.5989761517015445, 0.48625138627401426, 0.5735249611111215, 0.7268892684660517, 0.46150273031573985, 0.5265459736142866, 0.528569117668387, 0.5265459736142866, -0.5977265402154289, 0.8694833233247016, 0.8999958348179188, 0.8816698494221552, 0.9088523704464351, 0.9338951891680011, 0.8677431432520799, 0.8692185420695911, 0.8677431432520799, 0.8805379596881149, 0.8805379596881149, -0.17400408002684783, 0.5061801574272955, 0.2132208761636488, -0.5134576006599042, -0.5428224361466091, -0.5466549505697531, 0.005136467748103791, 0.0317782930886293, 0.2880422958460839, 0.19667034234787678, 0.1170954463519465, 0.09183929276501918, 0.11884004900768531, -0.17415481541515793, 0.10110384652895929, 0.10132712703678916, -0.5152853157473011, -0.4107834223207048, -0.17344192776756412, -0.4565048958011246, -0.3394625229945021, -0.3146611383075875, -0.3051060993357892, -0.3146611383075875, -0.16524716119333835, -0.21943628824035719, -0.21943628824035719, -0.5228610668780975, -0.5228610668780975, 0.3988879170901995, 0.6695898269470119, 0.878796010155956, 0.8566024233322901, 0.7961286488873027, 0.6769633042961047, 0.776907589407592, 0.8179528298438942, 0.8181989139602496, 0.8179528298438942], [0.9900577595077795, 0.9743437905162919, 0.985266333707073, 0.9917771469597415, 0.996507979633525, 0.9900577595077795, 1.0, 0.997031529020508, 0.9999669589213266, 0.9485025975815644, 0.9995319134008545, 0.999995946746573, 0.9999570829099204, 0.999991961303261, 0.9999167338013877, 0.9937598232054691, 0.9998077310132333, 0.9998234526812313, 0.9998238334573535, 0.9999943102146077, 0.9999963241831676, 0.9908982475801243, 0.9746251503601415, 0.9834990214988082, 0.9922387179760433, 0.9824281773010333, 0.9707356661191426, 0.9382699157358249, 0.9925411975088424, 0.9922029203384938, 0.9920672122690648, 0.9678438692744373, 0.9992765260559362, 0.9993610204947332, 0.9993326583437832, 0.9997298033821437, 0.998498720509658, 0.9992399096597686, 0.9981656630392337, 0.9993446746190601, 0.9990848995171142, 0.9989992824079493, 0.9990848995171142, 0.9206043574985158, 0.6427377678462207, 0.9216292141232718, 0.8982316364754389, 0.6974224313959547, 0.9479202077611912, 0.912248389227024, 0.9354848595010711, 0.9261169299615066, 0.9368183776678836, 0.9691002536745953, 0.9612748480248514, 0.695108696828666, 0.8024168487229271, 0.7859042462073161, 0.8319185291548549, 0.7785029995843517, 0.7494538296340076, 0.7785029995843517, 0.7359866341135294, 0.7504369018495757, 0.7532466661737561, 0.7504369018495757, 0.8152948588061195, 0.27002533318671845, 0.4917201906555157, 0.5852168367227306, 0.4917201906555157, 0.5003919420844634, 0.4599506727113521, 0.4581394733491633, 0.5935433256357264, 0.37059556940760785, 0.39906837135053586, 0.3467214090536246, 0.39906837135053586, -0.6527866734974053, 0.7907502186352592, 0.791096930446287, 0.7840804188117961, 0.7200936827044746, 0.8854565840332793, 0.7960875875523868, 0.7984624248442407, 0.7960875875523868, 0.7013619404533858, 0.7013619404533858, -0.2659885923025043, 0.6643142052052884, 0.2639912345820336, -0.5700315073699292, -0.5971545845399435, -0.6003889463851638, -0.06422045964860197, -0.029048556564710757, 0.3772036647647091, 0.141359714314833, 0.062131309698447254, 0.13043117202933374, 0.09797483546869913, -0.08957809863787196, 0.013556840489470515, 0.013922853947861245, -0.5727168039853725, -0.4970072334487759, -0.01833952509835705, -0.558166466682719, -0.3489709826726671, -0.315682484010241, -0.13904123558608902, -0.315682484010241, -0.26091522316610666, -0.28473541648107215, -0.28473541648107215, -0.603201477670596, -0.603201477670596, 0.35295533735506157, 0.6086373494553594, 0.8040517185136726, 0.8098013707796533, 0.7623270166473408, 0.648728444300232, 0.7477862098098561, 0.770405405192464, 0.7887948988606716, 0.770405405192464], [0.9852627622299607, 0.9637289453976473, 0.9833256480341674, 0.9874633596238379, 0.994265675830919, 0.9852627622299607, 0.997031529020508, 1.0, 0.9994212941148511, 0.9394324665200428, 0.9980132531950455, 0.9978581338192314, 0.999209347530861, 0.9989348611282688, 0.9986121068084136, 0.9859379380478704, 0.9988341057121435, 0.9989927270490424, 0.9989957651138374, 0.9994659993525015, 0.9991103701794947, 0.9907637764206028, 0.9749290017517983, 0.9913798669199397, 0.9920687842988406, 0.976911241883062, 0.97278280351431, 0.9362705771276127, 0.9888792809680343, 0.9922988749362603, 0.9902430684659372, 0.9639171737599005, 0.9980708612421038, 0.9979435294376567, 0.9979525798707566, 0.99894921151223, 0.995548859540349, 0.9977070295084234, 0.9974984055456307, 0.9978077778558333, 0.9978855805652037, 0.9979170255617118, 0.9978855805652037, 0.9186663783391676, 0.6267483709969341, 0.923265226546519, 0.8943774862249309, 0.6679143560116011, 0.9455494328699802, 0.904830668453489, 0.9316741341432172, 0.9166483397191546, 0.9288136890703611, 0.964253540044736, 0.9554780621231003, 0.6779060577447642, 0.7844852638216461, 0.7653222234575192, 0.8199202818263286, 0.7592109030803735, 0.734829726991347, 0.7592109030803735, 0.7192191205060569, 0.727695320303201, 0.7376443977009124, 0.727695320303201, 0.803340938217826, 0.24608738675688974, 0.46618193771067484, 0.5654519989710809, 0.46618193771067484, 0.4835982697423003, 0.4516627026401903, 0.43930081843863944, 0.5751294343383027, 0.35940568692030983, 0.38540001799172807, 0.3269879848799485, 0.38540001799172807, -0.6530173624516099, 0.7768412053393781, 0.7676639384374153, 0.7654590352252393, 0.702608725216754, 0.8749350827514385, 0.7829493723017011, 0.7855883682935871, 0.7829493723017011, 0.6789120789926162, 0.6789120789926162, -0.28481776410704207, 0.699079105721702, 0.27289930864279627, -0.5858327583057573, -0.6123482920435381, -0.6153796785919927, -0.08059378399829151, -0.03893815184056159, 0.3705511462808301, 0.12148925285934416, 0.04547484066385885, 0.12118286632387104, 0.0819556468802687, -0.09605503824909989, -0.004687436546548119, -0.004304714686231586, -0.5865446072598749, -0.5144977841941663, -0.025155566283562015, -0.5789645074108245, -0.3634153150031472, -0.3282930590679395, -0.1452772757541278, -0.3282930590679395, -0.28158555625164683, -0.3005989787840518, -0.3005989787840518, -0.6181315895590392, -0.6181315895590392, 0.32629568607506304, 0.5894837221348631, 0.7936423613813508, 0.7908110821623519, 0.7481169614549829, 0.6316465712242582, 0.7309328714171265, 0.7501450665987682, 0.7723616269405514, 0.7501450665987682], [0.9906435186892992, 0.9740698649885452, 0.9922302668159072, 0.9927909184388034, 0.9966907379055467, 0.9906435186892992, 0.9999669589213266, 0.9994212941148511, 1.0, 0.9472291881608408, 0.9994677160832834, 0.999968076463858, 0.9999636791409835, 0.9999731551067268, 0.9999297419249547, 0.9980153677478949, 0.9997124819927438, 0.999758374075489, 0.9997594573334974, 0.9999650383903746, 0.9999654210665303, 0.9940995366504902, 0.9773008731882464, 0.9935935506088481, 0.9935321286944085, 0.9821831950809485, 0.9766491043225197, 0.940135149406277, 0.9910384056757892, 0.9910023137580621, 0.9887516978636556, 0.9630633969753414, 0.9992916581944878, 0.9992529089840863, 0.9991119787018748, 0.9998542863823929, 0.9984029821217537, 0.9992279091706088, 0.9991270516491029, 0.9992250093768036, 0.9991305620067383, 0.9991367704151556, 0.9991305620067383, 0.920741972547012, 0.6440996902572543, 0.9217823015552695, 0.898360256935552, 0.6968272278800612, 0.9341174419211008, 0.8863924167659096, 0.9184767809720364, 0.9214943636764178, 0.9330012135841621, 0.9627292001492918, 0.9616661345307292, 0.8404494109646629, 0.8031903824544836, 0.8625026868461471, 0.8326878333205777, 0.8603722154718668, 0.8612097292805276, 0.8603722154718668, 0.7349404035246829, 0.8034052380396096, 0.8052013775124851, 0.8034052380396096, 0.8166472798633637, 0.6979382867587096, 0.807216398987006, 0.80889106792189, 0.807216398987006, 0.4993495086740774, 0.3165986455441814, 0.4572360431367279, 0.6380013890880355, 0.4313918400928931, 0.39370395057143354, 0.3940773662701371, 0.39370395057143354, -0.6340829899705528, 0.7910921833572644, 0.7906546035209465, 0.7840718483863929, 0.8520995896776454, 0.8729241338100538, 0.8025962232289032, 0.8052970682587611, 0.8025962232289032, 0.8112712578446998, 0.8112712578446998, -0.26860862572357896, 0.6646327936425114, 0.09703036208838635, -0.5990350630279371, -0.6415106046221121, -0.6423470106246709, -0.06787219248327438, -0.027141783586047605, -0.12777726078906249, -0.04160631939452875, -0.03554191313620441, -0.32611062066686625, -0.35508804848712217, -0.5328569991377343, 0.01209182531621183, 0.012772606711341476, -0.5747529405322666, -0.49929791234706394, -0.49539275309115893, -0.5605574194539691, -0.5910025399865534, -0.5700962845310036, -0.5720314130382222, -0.5700962845310036, -0.263469691770996, -0.2884790862898085, -0.2884790862898085, -0.6997161597115243, -0.6997161597115243, 0.3537519576726727, 0.6076829982242253, 0.8258301967547459, 0.802313825476078, 0.760862008930197, 0.633681104103722, 0.6488035177194225, 0.7200976775270104, 0.7202654904997108, 0.7200976775270104], [0.9727513836284183, 0.9548309512312841, 0.9340530723546676, 0.9705731543389875, 0.9591859182722413, 0.9727513836284183, 0.9485025975815644, 0.9394324665200428, 0.9472291881608408, 1.0, 0.9155862531235923, 0.9485500271916112, 0.9486682180612863, 0.9481755616855663, 0.9474686231308546, 0.9498355558182201, 0.9557604019925368, 0.9547850701460077, 0.954750562477585, 0.9487068767972469, 0.9486927399593701, 0.9481952515423839, 0.9403855195863496, 0.9506669321552691, 0.9508924226182704, 0.794557772788342, 0.9557790022292211, 0.9501852900823917, 0.9567502274119523, 0.9568981134682166, 0.9551117133808499, 0.928982516350969, 0.9592129753687084, 0.9594927381622516, 0.9603440713764952, 0.9508628014876587, 0.9286958052682875, 0.9584224994914337, 0.9599893177236875, 0.959794142120307, 0.9606753419224243, 0.9606351723614472, 0.9606753419224243, 0.7735203568506608, 0.4420146848946455, 0.7163711995607565, 0.8593182730943363, 0.8429800746798464, 0.8736479700351457, 0.7541399306714611, 0.8511936349792956, 0.8652956278861007, 0.8747311781679933, 0.8952186547787614, 0.895265510558836, 0.8485487391338934, 0.8397262788248436, 0.8762440640209029, 0.851407774673071, 0.8673603316249062, 0.868310910395038, 0.8673603316249062, 0.7858565450386766, 0.7642397361244194, 0.7664414415839691, 0.7642397361244194, 0.843716520472559, 0.8667012343739314, 0.8417136121966403, 0.8425991073714497, 0.8417136121966403, 0.606840631443232, 0.5266330692066101, 0.6072980483493017, 0.7355382949570866, 0.6264614016634721, 0.6487271769501313, 0.6522850693770905, 0.6487271769501313, -0.27160515747845065, 0.847232795870012, 0.9126579958815778, 0.8669298410812796, 0.8667291412473075, 0.8782509917981993, 0.8384220607061441, 0.8399144960903799, 0.8384220607061441, 0.851489438842839, 0.851489438842839, 0.012327969240811771, 0.22108975826216765, -0.07017896678120399, -0.34468250411677853, -0.3772883810794189, -0.37924004438401837, 0.10788273524571121, 0.37377600610812567, 0.13499483379067523, 0.031387347885366575, 0.1410096883505096, 0.048431278845839865, -0.05933121824576842, -0.11363702812071105, 0.26420241901599534, 0.2630594387040195, -0.3287216224081897, -0.27620777824987774, -0.2798173056472674, -0.28227365787952813, -0.3538965630801896, -0.30238902297976783, -0.30420642801459197, -0.30238902297976783, -0.04248374167942084, -0.3207004728301742, -0.3207004728301742, -0.3876962082203101, -0.3876962082203101, 0.5803782731329279, 0.6803903142468052, 0.7608836775984966, 0.6653121688187996, 0.8407271897403756, 0.3020601310989905, 0.3920162376272762, 0.5730751075659911, 0.5733704811827632, 0.5730751075659911], [0.9791612075068848, 0.9765489081915986, 0.9962990439140914, 0.9850343372266482, 0.9946520674159931, 0.9791612075068848, 0.9995319134008545, 0.9980132531950455, 0.9994677160832834, 0.9155862531235923, 1.0, 0.999529050517356, 0.9995246348344262, 0.9994722903970462, 0.9995113246571422, 0.9983423710888362, 0.9995684767076299, 0.999694903073315, 0.9997005032726217, 0.9995376735644196, 0.9995389349315716, 0.9913303354864906, 0.9565288259526182, 0.9912485372049922, 0.9912187366294184, 0.9860945137650338, 0.9721919355891671, 0.8912793094529323, 0.9887359372420349, 0.9887901911547518, 0.9701274330127166, 0.8866374543661094, 0.9985714600624052, 0.9985161317301631, 0.9982812753850105, 0.9991965024367223, 0.9991109334482805, 0.9985443089844082, 0.9982990035711261, 0.9984759425501731, 0.9982289027338027, 0.9982432932346117, 0.9982289027338027, 0.914551292053591, 0.5255773837332266, 0.9173723507241653, 0.8968661860091622, 0.6991071194728833, 0.8237563769382744, 0.8347757997559907, 0.811311104298241, 0.8129771274135759, 0.8197014518104575, 0.9215645064557438, 0.9217582536991232, 0.8290731336083816, 0.8404789014425535, 0.8018454275119792, 0.8049806230159186, 0.8122575180772339, 0.8133476568442142, 0.8122575180772339, 0.6201960633394199, 0.5757641845866474, 0.5783388898412303, 0.5757641845866474, 0.8416370160255869, 0.8523132855929533, 0.8396515759355783, 0.8414153894119961, 0.8396515759355783, 0.26175912615438424, 0.19487039717482568, 0.32394082136504404, 0.44404112957192915, 0.3103609257514148, 0.3653346772613433, 0.3686635705312788, 0.3653346772613433, -0.4042064244299394, 0.7386530589486769, 0.7954887279194441, 0.7725348200023905, 0.8390089154387365, 0.8353583691411235, 0.7302039532967534, 0.7308618459214199, 0.7302039532967534, 0.7463509700174448, 0.7463509700174448, -0.333019012755006, 0.6549149332455304, -0.3965294209724249, -0.5411170400145292, -0.5418309798101074, -0.5441235213628036, -0.3327503967834248, 0.1276976464021205, -0.24710857765022023, -0.3972074503291727, -0.2569240694125304, -0.31808809761931434, -0.3526844559448514, -0.38330491354598295, -0.0041984055952311436, -0.008536954160966328, -0.5506417815970726, -0.5127743965558472, -0.5305626736778352, -0.5650735824127275, -0.5594942014732887, -0.5347381470262956, -0.5375773212253468, -0.5347381470262956, -0.4384706912621792, -0.5925757776482597, -0.5925757776482597, -0.6021254567051344, -0.6021254567051344, 0.3486290539171944, 0.3698488985191759, 0.4716540738399715, 0.5551418273411762, 0.5565946962578818, 0.1665135897439472, 0.31005296955509004, 0.33463912730347495, 0.3348394965902815, 0.33463912730347495], [0.990105844531729, 0.9743961528545858, 0.9852158482410317, 0.9918119287223587, 0.99652666543392, 0.990105844531729, 0.999995946746573, 0.9978581338192314, 0.999968076463858, 0.9485500271916112, 0.999529050517356, 1.0, 0.9999623485668403, 0.999993956966527, 0.9999222409060878, 0.9946125079953034, 0.9998100225613524, 0.9998249961509058, 0.9998253122253296, 0.9999960596152839, 0.9999969751659834, 0.9908519576732898, 0.9745930293242462, 0.9891159573808211, 0.9922122343061925, 0.9824032319786449, 0.9706380479265121, 0.9382126093010824, 0.9925324682725377, 0.9922174767757356, 0.9920602891937349, 0.9678717053606283, 0.9992792744775082, 0.999366497119989, 0.999342292630249, 0.999735651235987, 0.9985032708270428, 0.9992503712695822, 0.998170317913714, 0.9993528322660937, 0.9990900803311993, 0.9990028147204311, 0.9990900803311993, 0.9206546845862874, 0.6429274051454048, 0.9219440060080195, 0.8985483174491068, 0.6976344844971636, 0.9479703523530216, 0.9124568990671793, 0.9355762659230001, 0.9262187944471153, 0.9369052115516239, 0.9692068334506185, 0.9613613795364944, 0.6950326975471594, 0.8025751213719505, 0.7860196589950822, 0.8320367096423544, 0.7786169318423067, 0.7493864432446579, 0.7786169318423067, 0.7360570461652872, 0.7505028641226362, 0.7531755995654704, 0.7505028641226362, 0.8154550789197421, 0.2698785334030852, 0.4917275242360602, 0.5851142419637172, 0.4917275242360602, 0.5003276421684538, 0.4598600038445618, 0.4580853260345098, 0.5935774617739191, 0.37046507606026036, 0.39916497655334454, 0.34676472434662137, 0.39916497655334454, -0.6529389181244034, 0.7908185917431247, 0.7912448159175464, 0.7841809481023096, 0.7200832356688328, 0.8855653125931353, 0.7961755140594325, 0.7985447946910608, 0.7961755140594325, 0.7014456406554568, 0.7014456406554568, -0.2659813145115448, 0.6643298063156147, 0.2641206665901557, -0.5699859622791533, -0.5970593470390855, -0.6002995996634086, -0.06428888532834885, -0.029214856281841672, 0.37739237066423537, 0.1414044632495984, 0.062089391511454796, 0.13071660091641804, 0.09823937457670777, -0.08925763911309637, 0.013586733729201302, 0.013968780167305453, -0.5726980800066103, -0.4970292250607068, -0.01806213676368005, -0.5581374516491281, -0.348686427430517, -0.3154262999202731, -0.1388080600271704, -0.3154262999202731, -0.2607565386076466, -0.2846800183198774, -0.2846800183198774, -0.603060164611489, -0.603060164611489, 0.35351904205999163, 0.6088204724492956, 0.8040940233222524, 0.8100844133376576, 0.7624401801507927, 0.6490026981659254, 0.7479383843327382, 0.7706784098932384, 0.7889257115997967, 0.7706784098932384], [0.9902674072835808, 0.974347507198838, 0.9826992144088849, 0.9919009103926799, 0.996628302899032, 0.9902674072835808, 0.9999570829099204, 0.999209347530861, 0.9999636791409835, 0.9486682180612863, 0.9995246348344262, 0.9999623485668403, 1.0, 0.9999667412610644, 0.9999101099556509, 0.9974817810482024, 0.9998056674944148, 0.9998669490406056, 0.99986754810669, 0.9999827880743298, 0.9999614443196064, 0.9903895631502656, 0.9744016357632038, 0.9929468864962275, 0.9929070965050466, 0.9823714864007985, 0.97025577857314, 0.9381373742410761, 0.993307946407021, 0.9933248000011322, 0.9918191353043616, 0.967671419672784, 0.9995042768822118, 0.9993704409537906, 0.9993987434967829, 0.999883653990003, 0.9985013228883258, 0.9992577248079202, 0.9992126760716281, 0.9993630907195895, 0.9993752415025972, 0.999379150985187, 0.9993752415025972, 0.9207623310018067, 0.64308887332598, 0.921965468858596, 0.8985489078948707, 0.6976475183477725, 0.9519223475409498, 0.909923234127284, 0.9371947170469815, 0.9263037173276225, 0.9369027810911227, 0.9689296904106183, 0.9614325053505297, 0.6490082773946954, 0.8022867756993, 0.7847767946443601, 0.8325023544365041, 0.7775611557554258, 0.722278605312865, 0.7775611557554258, 0.7359774335305272, 0.7407058878206204, 0.7451138050243974, 0.7407058878206204, 0.8159118198263557, 0.19969337971120985, 0.47909028966685885, 0.4849256791530636, 0.47909028966685885, 0.5004793671329748, 0.35315820678053467, 0.45833601084842535, 0.5930814976400657, 0.3706861493502285, 0.3662082681817708, 0.3464026843535452, 0.3662082681817708, -0.6531289504449449, 0.7912988271870771, 0.7912185554404502, 0.783941084688369, 0.6601867694356253, 0.886052350911718, 0.7966964991758667, 0.7990602877675987, 0.7966964991758667, 0.6999252993002174, 0.6999252993002174, -0.2656458916326603, 0.6642114948778919, 0.26772933871181576, -0.5698294963903219, -0.5967240086514537, -0.5999644887655132, -0.06466812141544094, -0.029112318684325494, 0.3294368473588376, 0.14157858646729068, 0.06183854742087311, 0.13413781629134064, 0.10062196614536056, -0.09949052331780182, 0.013707725898864553, 0.014093118000726466, -0.572863111304248, -0.4971067002594371, -0.08376698356083417, -0.5578542521499494, -0.34666031280581844, -0.3131753196003418, -0.22608477384299924, -0.3131753196003418, -0.2602928797813734, -0.28578503996090227, -0.28578503996090227, -0.602318599730439, -0.602318599730439, 0.35364993488860763, 0.6089994558563661, 0.788880243203336, 0.8101380599485042, 0.7628335807175954, 0.6487428381710197, 0.7059170908538331, 0.7584655804848467, 0.7586784101543035, 0.7584655804848467], [0.9901764005703028, 0.9741373230330868, 0.9849797561971301, 0.991852706649589, 0.9965605330239062, 0.9901764005703028, 0.999991961303261, 0.9989348611282688, 0.9999731551067268, 0.9481755616855663, 0.9994722903970462, 0.999993956966527, 0.9999667412610644, 1.0, 0.9999349638025824, 0.9973353377472763, 0.9998002891247985, 0.9998282996794876, 0.9998285003015545, 0.9999939390939827, 0.9999941411955549, 0.990703155156469, 0.974489784638847, 0.9927769183849956, 0.9926544627647316, 0.982266330261221, 0.970295981593132, 0.93782233668893, 0.9932633710216389, 0.9933080160852475, 0.9920994904883922, 0.9680560989977982, 0.9993315414185632, 0.9993651591778322, 0.999374543506418, 0.9997744616715073, 0.9984312141611704, 0.9992537621395283, 0.998492793477403, 0.9993617446422761, 0.9991407054972514, 0.9990610591235017, 0.9991407054972514, 0.9209101660498943, 0.6437035074776755, 0.9222782370736347, 0.8988544558810443, 0.6972416930877484, 0.9485605429315916, 0.9132198425362028, 0.936209149854166, 0.9266410043170602, 0.9372917576664614, 0.9696436317750516, 0.9617581829662609, 0.6953371947666186, 0.8028645318966, 0.7859396995782528, 0.8323209203184798, 0.7785813647947696, 0.7490126481160674, 0.7785813647947696, 0.736261681185891, 0.7504519469918532, 0.7536126353283479, 0.7504519469918532, 0.8158342191981586, 0.2691689676146012, 0.49118574108828306, 0.585160871022114, 0.49118574108828306, 0.5001404599725111, 0.46042624248454456, 0.45796814944648134, 0.593317698655556, 0.3700418860723483, 0.39919664919999726, 0.34639679235701976, 0.39919664919999726, -0.6533302671632084, 0.7909607199876952, 0.7907577286832843, 0.7842661387145492, 0.7092754307615657, 0.8858516378692401, 0.7963154219544041, 0.7986730090322831, 0.7963154219544041, 0.7012422869359373, 0.7012422869359373, -0.26779796959505, 0.6653722247107996, 0.2646484940491868, -0.5705411162923201, -0.5974761955817093, -0.6007217737596989, -0.06555823480944113, -0.03056247190642991, 0.37768422599568224, 0.14089583094172878, 0.06118210891850336, 0.13077666454081627, 0.09829869369787766, -0.08911006795186728, 0.01245150282829466, 0.0128286377948129, -0.5733992247330026, -0.4981298083663633, -0.017468016987750752, -0.5596600450882698, -0.3485576939448734, -0.3153714878145476, -0.13823697268110471, -0.3153714878145476, -0.261853418034763, -0.2851957026144972, -0.2851957026144972, -0.6031604896529571, -0.6031604896529571, 0.35368959887370754, 0.6084954780412186, 0.8046305828504209, 0.8105460783713866, 0.761857704662437, 0.6497973912171244, 0.7487287541016275, 0.7710777995741628, 0.789534888179656, 0.7710777995741628], [0.9902313933226717, 0.9732501327854286, 0.9848741043072785, 0.9918952706474158, 0.9965610218325736, 0.9902313933226717, 0.9999167338013877, 0.9986121068084136, 0.9999297419249547, 0.9474686231308546, 0.9995113246571422, 0.9999222409060878, 0.9999101099556509, 0.9999349638025824, 1.0, 0.9974522473442827, 0.9996945587382506, 0.9997760947640422, 0.9997772588844319, 0.9998991132393654, 0.9999180427186737, 0.9904631580586697, 0.9742401425594035, 0.992048078874881, 0.991682286056875, 0.9822937589578786, 0.9700047113824176, 0.9377373855158442, 0.9923732281834682, 0.9923792582111026, 0.9914919106018971, 0.967123776613719, 0.9993405303566837, 0.9992147074345309, 0.9993123402632486, 0.9997611329834715, 0.9983364777619065, 0.9992301272038975, 0.9984773481187382, 0.9992374110142812, 0.9991564432108349, 0.9990907986507813, 0.9991564432108349, 0.9195696102231674, 0.6440269062505756, 0.9210674663545085, 0.8976639230372023, 0.6942966714807082, 0.9491262429067955, 0.9140898421176007, 0.9371893307129389, 0.9261080386008196, 0.9365925456030927, 0.9700118971680928, 0.9613301318469233, 0.6966902490800506, 0.8014327318456055, 0.7862043742333649, 0.8319948215932378, 0.7788483191029414, 0.7513158655038572, 0.7788483191029414, 0.734325045208515, 0.7499330422697246, 0.7547895321553308, 0.7499330422697246, 0.8158378339800176, 0.26912061049223845, 0.49077742791930634, 0.5866048332094133, 0.49077742791930634, 0.49874894078179577, 0.46212375652005655, 0.4562692981989222, 0.5928220136205207, 0.36850293111127586, 0.3996741745725403, 0.3466512581699657, 0.3996741745725403, -0.6538650479451094, 0.7903191489175899, 0.7894095337187628, 0.7832535934874016, 0.7221193598679971, 0.8861877723192134, 0.7958454864242361, 0.7984402276132422, 0.7958454864242361, 0.7013497684672716, 0.7013497684672716, -0.26844772662813515, 0.6672881839589573, 0.2646088617081901, -0.5708248161181354, -0.5975038887688404, -0.6004699722355913, -0.06757127105430621, -0.03219513778227356, 0.37904112573985854, 0.14046817195140784, 0.06001760705638114, 0.13181171129168542, 0.09942845089794894, -0.08760744029846744, 0.011509961852637017, 0.012180583541581571, -0.5747497240946133, -0.4996732439439311, -0.015591384773732989, -0.5607066986988641, -0.34761954634132547, -0.3144443907437757, -0.136772083391312, -0.3144443907437757, -0.2620455511567952, -0.288074399793996, -0.288074399793996, -0.6030007179315335, -0.6030007179315335, 0.35119450300610666, 0.6064103320461997, 0.8057586701687394, 0.8113575619308798, 0.7602753067869523, 0.6488482958639494, 0.7505313786698028, 0.7718810624806001, 0.7909789141294192, 0.7718810624806001], [0.9931349332677532, 0.9831141407365657, 0.9880352498610371, 0.9947736051599065, 0.997642291406882, 0.9931349332677532, 0.9937598232054691, 0.9859379380478704, 0.9980153677478949, 0.9498355558182201, 0.9983423710888362, 0.9946125079953034, 0.9974817810482024, 0.9973353377472763, 0.9974522473442827, 1.0, 0.9980983810772385, 0.9977053912009984, 0.9977028467472551, 0.9977847317630049, 0.9972653332207706, 0.99130094156821, 0.9770676229299109, 0.9696884875825319, 0.9871102516002771, 0.9867053814263728, 0.971577154031829, 0.9469159699712362, 0.9915644371237371, 0.9893684679231403, 0.9882938893450753, 0.9658549121735177, 0.9974803608239918, 0.9974947154019825, 0.9973051382694804, 0.9972883920092658, 0.9984578588826409, 0.998020250110563, 0.9972980024917534, 0.9977319581914523, 0.9974075163179537, 0.9973845987018713, 0.9974075163179537, 0.9112112813592033, 0.6538844740557678, 0.914102997370125, 0.9012757395913252, 0.7208448770667316, 0.9508624577151855, 0.9167037158146929, 0.942