var config = { responsive: true }

var correlationClose = {"data": [{"type": "heatmap", "z": [[1.0, 0.9999818607998322, 0.5514591033361087, 0.9996942039661527, 0.9973583207058956, 1.0, 0.9904839977753945, 0.985882655682405, 0.9911201650818149, 0.9726267089842725, 0.9807888421067408, 0.9905301632305883, -0.14070959077083067, 0.9905978404264938, 0.9906593892684167, 0.9933915553535129, 0.486612783944414, 0.9916494902876286, 0.9916476489040094, 0.9834260608899725, 0.9905318071416992, 0.4443534230218035, 0.6494528265635899, 0.9770371578730872, 0.9770122617165735, 0.9557029505989098, 0.29221775728154836, -0.1266997492131513, 0.9898943225184009, 0.9898548072907801, 0.2670932618178762, -0.21155499704201758, 0.993527416733426, 0.9944280507038642, 0.8035563676261355, -0.3941766561129119, 0.9867218998978701, 0.9941547053684797, 0.9940790117083732, 0.4693955360926913, 0.993724764763541, 0.9937199412732712, 0.993724764763541, 0.8920459929619058, 0.6791045321378502, 0.8612343052121814, 0.8819257890448049, 0.7980158806052652, 0.39540970146262533, -0.12135635025120904, 0.19370512062030476, 0.9470251094696779, 0.4826460316635953, 0.9774604427069858, 0.9714621576716478, 0.911380690595489, 0.9041604053678883, 0.930374908070482, 0.9037515953734588, 0.9269506414198, 0.9278901310125361, 0.9269506414198, 0.8366698913296525, 0.9038943852852447, 0.9051227898721685, 0.9038943852852447, 0.8895297982504999, 0.722278340779219, 0.865387586197765, 0.8673099860713978, 0.865387586197765, 0.6078271580211109, 0.30123153269323494, 0.5832779340428985, -0.5992597608734119, 0.47511335422494794, 0.5348028380292844, 0.5367191184830847, 0.5348028380292844, -0.09547263136040215, 0.8767751094939017, 0.9082451334158401, 0.8899370672839471, 0.9130108759816356, 0.49141340337527395, 0.8744213494825155, 0.8759543122270409, 0.8744213494825155, 0.8854606867374736, 0.8854606867374736, -0.1685991056688782, 0.5286668285524054, 0.1999199531676295, -0.5324460180906171, -0.5547205308369618, -0.558109947473791, -0.021178665721018158, 0.043598044853355854, 0.27158867814204696, 0.1632623543857969, -0.34429115470725624, 0.0709816545576236, -0.7904302702103514, -0.19527007987035178, 0.11103697970332167, 0.11155083473462589, -0.5306189496502647, -0.6087028196697477, -0.19542097134123781, -0.474905365717231, -0.8302894108492345, -0.3342425338203031, -0.32560360011756884, -0.3342425338203031, -0.17624920076153072, -0.23994258829423554, -0.23994258829423554, -0.8192226908487538, -0.8192226908487538, 0.40267931720484396, 0.662826479611425, 0.8757721125758575, 0.8544866526768996, 0.7929194663275442, -0.23067276062998837, 0.7721466309618241, 0.8126479038948047, 0.8127123822677477, 0.8126479038948047], [0.9999818607998322, 1.0, 0.966968470654099, 0.9991601762576623, 0.9932764069462154, 0.999981860799832, 0.9764082619084677, 0.9667389813999036, 0.9761757287960092, 0.9562814255452728, 0.9784679316781094, 0.9764603387176521, 0.9764175168691649, 0.9762200630140142, 0.975425184740314, 0.9844897071126039, -0.2246365678114777, 0.9822156847065875, 0.982185423643812, 0.9765341572444795, 0.976524481266249, -0.1652306150925538, 0.9656772517965524, 0.9690335490571949, 0.969111217119384, 0.9561486868353346, -0.0027245434388039093, 0.14288461333139724, 0.9748755156486404, 0.9749487742999287, 0.9704727862257039, 0.12230366122023431, 0.9866744855336916, 0.9867706696258831, 0.9875858210933627, 0.9788444643132845, 0.9849362987463895, 0.9866820035948808, 0.9873717502657183, -0.23163649088213634, 0.9876958878986997, 0.987674704267127, 0.9876958878986997, 0.8920679236021113, 0.5726576710360396, 0.8619536917716092, 0.882218240326107, 0.7972734992769681, -0.4487468290746001, -0.5530659574023132, 0.8383101872349825, 0.8608623280974332, -0.1551155160031623, 0.9350753031477108, 0.9351345607182214, 0.9176371828772889, 0.9282606276827091, 0.9044361734754471, 0.9041172800174518, 0.9115087500947144, 0.9123010937359461, 0.9115087500947144, 0.7620201542315564, 0.7214701474933084, 0.7236248639984451, 0.7214701474933084, 0.9222079471148328, 0.9276708250432897, 0.9219487893392366, 0.9232527393633433, 0.9219487893392366, 0.42360225858845213, 0.36690669268940385, 0.48931502772389185, 0.5927772928984713, 0.46896342482318604, 0.5127768697069806, 0.513604993592136, 0.5127768697069806, -0.2104614370758087, 0.8583338826703261, 0.8967654805865153, 0.8823568917760173, 0.9251524426219662, -0.026823504316364922, 0.8518003698495918, 0.8522146305718438, 0.8518003698495918, 0.8637090320539562, 0.8637090320539562, -0.2738875732481439, 0.5297327295750897, -0.383483913405067, -0.6246567166374096, -0.4645577874271513, -0.46795990318832814, -0.28941234423297535, 0.2114132083340517, -0.20364632659581602, -0.37254361314556494, -0.556362009026593, -0.27186092390480826, -0.501872881400228, -0.32531851257590466, 0.08534231894584249, 0.08007901694852049, -0.48224404857545394, -0.43614841585408964, -0.46398708133903854, -0.4935995801345094, -0.4861460739273933, -0.46658632816105194, -0.4697654425595042, -0.46658632816105194, -0.3565758725375846, -0.4899546455233086, -0.4899546455233086, -0.46535163631483983, -0.46535163631483983, 0.40244865826144904, 0.42420706688180176, 0.5228086363668694, 0.6076713416478864, 0.5827485124964836, -0.37947929899326927, 0.39422639212276234, 0.38585534136707894, 0.3859723347536013, 0.38585534136707894], [0.5514591033361087, 0.966968470654099, 1.0, 0.5444416298501513, 0.4246570551133366, 0.5514591033361086, 0.5413123105160966, 0.5289568534549268, 0.4330460446989289, 0.3708197083070051, 0.9965321438066836, 0.5413299508827755, 0.5187432727965818, 0.5416865635466471, 0.5445760759934298, 0.5815782480855034, -0.083679133490284, 0.4834910461946659, 0.4834590800994408, 0.4327325638576107, 0.5409672667466453, 0.20274386697339636, 0.6815434496779775, 0.5060201311108415, 0.5057285679253974, 0.9817947024197592, 0.2760302571246399, 0.18083323508746052, 0.5084899338465076, 0.5079769008137122, 0.7710964559274888, 0.005748300670734869, 0.540048877107226, 0.43191974647340836, 0.5315145923011453, 0.3714226558623925, 0.9937370504987802, 0.41886588692230897, 0.5434316693345308, -0.08936740905581317, 0.5560436250702928, 0.5388865610339024, 0.5560436250702928, 0.8995459420844042, 0.39266773995568743, 0.9037799248770132, 0.868855105547144, 0.6499996226486049, 0.20177543327859665, 0.00047613549255230513, 0.0620678533375368, 0.4085946642406495, -0.06409109879439893, 0.5011958230771351, 0.43044403048018237, -0.0822190126707569, 0.6682476647385256, 0.6295184407483754, 0.4548523042697555, 0.6356458960361472, 0.7056753635021035, 0.6356458960361472, 0.29921548651753754, 0.5297370857678726, 0.6359373252346153, 0.5297370857678726, 0.5342316032120582, 0.6130288205717155, 0.6509834057623689, 0.7275307292763737, 0.6509834057623689, 0.1784763869163837, -0.08144377791488792, 0.19757543471880606, 0.1598857219836199, 0.19669663347276045, 0.2652384529201984, 0.3845644594187117, 0.2652384529201984, -0.16872169678363705, 0.40886596970803707, 0.792622202526917, 0.49600976646350403, 0.7224783460415917, 0.11331717336699847, 0.48015095557484067, 0.4814392960647504, 0.48015095557484067, 0.6163944172446644, 0.6163944172446644, -0.2983166658120594, 0.7103099018549774, -0.23426331277366352, -0.510272965068898, -0.37531303743458955, -0.37845123919413365, -0.3828229141821216, -0.003231449530586625, 0.026814810976440423, -0.24288494614836895, -0.49360473295301177, -0.12727779023970975, -0.20766900853950135, -0.19707390831503105, -0.041214266470142945, -0.04456985852896831, -0.4349117094383046, 0.025322403984239853, -0.20746668938758003, -0.4709278542562576, -0.09495418963871166, -0.3435734204069601, -0.21969163893155802, -0.3435734204069601, -0.4280374693626642, -0.4969885922015241, -0.4969885922015241, -0.22656048726848438, -0.22656048726848438, 0.3236091676324876, 0.12480147549180987, 0.23619325484726633, 0.48312636219088134, 0.2012001959613478, -0.28970836445491077, -0.03980102958263144, 0.44364113024221413, 0.560381623761493, 0.44364113024221413], [0.9996942039661527, 0.9991601762576623, 0.5444416298501513, 1.0, 0.9985668943948574, 0.9996942039661525, 0.9921400057458319, 0.9880248775224645, 0.9931554091854348, 0.970349010354504, 0.986169409671722, 0.9921736730995149, -0.145381306960667, 0.9922123867302177, 0.9922647401581657, 0.9949983607411245, 0.4725272327368283, 0.9930706566981992, 0.9930689341437778, 0.983920255347619, 0.992164977114462, 0.4354541021917363, 0.6526683193656626, 0.9800723412090825, 0.9800480855899444, 0.9673342274275926, 0.2869910633828555, -0.13427289894029354, 0.9897100339809467, 0.9896815218239322, 0.25840825667867845, -0.2125656499510434, 0.9943675750904448, 0.9955789662161338, 0.761495984468967, -0.40019477514047413, 0.9906737386149697, 0.9955501834339062, 0.9947324924616257, 0.4549249677495407, 0.9918542737915881, 0.9944574631456549, 0.9918542737915881, 0.89071297003468, 0.6662854545183988, 0.870101857405219, 0.8775473953942229, 0.7745908255787164, 0.389756680516898, -0.12755548400297761, 0.18694595855521506, 0.9412147733653777, 0.46645576781843917, 0.9731608921720946, 0.9686362000047976, 0.8861439357782208, 0.8944562779340387, 0.9147384217473313, 0.8982865819966507, 0.9064454972343078, 0.9077386003294473, 0.9064454972343078, 0.8261787767295512, 0.8898637613752602, 0.8912203974644725, 0.8898637613752602, 0.8847040298675636, 0.65238510753023, 0.8193316567677749, 0.8213737038795887, 0.8193316567677749, 0.5972886890282099, 0.09720160684923007, 0.5706475806668967, -0.6046327514874001, 0.46806463667825765, 0.2780312477015409, 0.504115879250447, 0.2780312477015409, -0.10253070801067596, 0.8695121201915479, 0.8965281048698929, 0.8790922781937338, 0.8852323268017964, 0.47822918726347996, 0.8682257903528536, 0.869951849439602, 0.8682257903528536, 0.8622600970967723, 0.8622600970967723, -0.17524431361332407, 0.5580792395863842, 0.20464708590447914, -0.543590157837026, -0.5628489102170025, -0.5661515480739088, -0.034101303802350394, 0.03768617402742263, 0.26422833796076306, 0.15036388485849306, -0.3576586789821763, 0.06413374068905267, -0.7975720263327044, -0.20350990902189411, 0.09936696892905303, 0.09994152895806396, -0.5384431093170401, -0.6056484980187032, -0.197408074541708, -0.4879322835505678, -0.8330169685701456, -0.33627337461878265, -0.32819826719555334, -0.33627337461878265, -0.18615064783056756, -0.2505706539457146, -0.2505706539457146, -0.8197354351100476, -0.8197354351100476, 0.38754367760416986, 0.6505936621334104, 0.868257744453825, 0.8470282602703766, 0.7855529465427258, -0.24468171175201664, 0.7633106288878795, 0.8041257120984051, 0.8041952797477546, 0.8041257120984051], [0.9973583207058956, 0.9932764069462154, 0.4246570551133366, 0.9985668943948574, 1.0, 0.9973583207058956, 0.9966398049469399, 0.9945517450035075, 0.9968332189045291, 0.9594293699176073, 0.9950043440624089, 0.9966592564364338, -0.3613274322451667, 0.99669098186544, 0.9967088813366085, 0.997770128133298, 0.28210675805548874, 0.9972591943515947, 0.9972568660696316, 0.9856819341082711, 0.9966522757613664, 0.06245532101704952, 0.6077115482720651, 0.9900905498731452, 0.9900442904146928, 0.982779924030631, 0.02460696468270935, -0.12078901363359514, 0.9880350605712642, 0.9879771354325473, -0.06555109514043163, -0.11172493963242479, 0.9976684498960472, 0.9976106367607582, 0.7339118972607229, -0.5473795843235219, 0.9969786860386857, 0.9978452275827903, 0.9979455128167055, 0.25858290307022713, 0.9976341292570405, 0.9976353751406754, 0.9976341292570405, 0.9065317171650056, 0.6273304783191583, 0.8937199191958662, 0.8808241034812836, 0.7389047533682948, -0.09347911379446149, -0.5754034002542001, -0.23920803353205694, 0.9262037929844696, 0.3235910408650243, 0.9664470204581552, 0.9665062110260245, 0.8783949452963966, 0.8701889847796737, 0.8982101580667075, 0.8821616822263877, 0.8961353256329272, 0.8968178158015696, 0.8961353256329272, 0.7941726370805542, 0.8285082186511675, 0.8302117091407047, 0.8285082186511675, 0.8704363679082041, 0.7567166899937051, 0.850028287727102, 0.851423441683551, 0.850028287727102, 0.5460227953798803, 0.4076158774738083, 0.5278603063094125, -0.6550224236979026, 0.5228558346064707, 0.4994857860105967, 0.499725615316399, 0.4994857860105967, -0.12239244037061738, 0.846846704585903, 0.8629380374350518, 0.849101678213285, 0.8890671553426835, 0.340115233478628, 0.8486240067192554, 0.8503524477683142, 0.8486240067192554, 0.8570672718680197, 0.8570672718680197, -0.22000772258074208, 0.6222061221788879, 0.0583910225907575, -0.5797200760747768, -0.6229601816076951, -0.6231178957503682, -0.07136615154006855, 0.05862589272566283, -0.13596912569103467, -0.10284950620690596, -0.4490327715051726, -0.3114876763033989, -0.8657261193200382, -0.5070072418477022, 0.06389348798124082, 0.06433671190071176, -0.5704279866910167, -0.5969698595188621, -0.5012026795282625, -0.5332052105430419, -0.8026955207185286, -0.5591406052879034, -0.5620573240867288, -0.5591406052879034, -0.2319137063916858, -0.29084932115438766, -0.29084932115438766, -0.7687408292872466, -0.7687408292872466, 0.365024132748001, 0.6283482542761902, 0.8166955338050039, 0.7906995624487922, 0.7721369959853718, -0.3863095237356305, 0.6121357530002342, 0.6947542230400169, 0.6949395523487139, 0.6947542230400169], [1.0, 0.999981860799832, 0.5514591033361086, 0.9996942039661525, 0.9973583207058956, 1.0, 0.9904839977753945, 0.985882655682405, 0.9911201650818149, 0.9726267089842725, 0.9807888421067408, 0.9905301632305883, -0.14070959077083067, 0.9905978404264938, 0.9906593892684167, 0.9933915553535129, 0.486612783944414, 0.9916494902876286, 0.9916476489040094, 0.9834260608899725, 0.9905318071416992, 0.4443534230218035, 0.6494528265635899, 0.9770371578730872, 0.9770122617165735, 0.9557029505989098, 0.29221775728154836, -0.1266997492131513, 0.9898943225184009, 0.9898548072907801, 0.2670932618178762, -0.21155499704201758, 0.993527416733426, 0.9944280507038642, 0.8035563676261355, -0.3941766561129119, 0.9867218998978701, 0.9941547053684797, 0.9940790117083732, 0.4693955360926913, 0.993724764763541, 0.9937199412732712, 0.993724764763541, 0.8920459929619058, 0.6791045321378502, 0.8612343052121814, 0.8819257890448049, 0.7980158806052652, 0.39540970146262533, -0.12135635025120904, 0.19370512062030476, 0.9470251094696779, 0.4826460316635953, 0.9774604427069858, 0.9714621576716478, 0.911380690595489, 0.9041604053678883, 0.930374908070482, 0.9037515953734588, 0.9269506414198, 0.9278901310125361, 0.9269506414198, 0.8366698913296525, 0.9038943852852447, 0.9051227898721685, 0.9038943852852447, 0.8895297982504999, 0.722278340779219, 0.865387586197765, 0.8673099860713978, 0.865387586197765, 0.6078271580211109, 0.30123153269323494, 0.5832779340428985, -0.5992597608734119, 0.47511335422494794, 0.5348028380292844, 0.5367191184830847, 0.5348028380292844, -0.09547263136040215, 0.8767751094939017, 0.9082451334158401, 0.8899370672839471, 0.9130108759816356, 0.49141340337527395, 0.8744213494825155, 0.8759543122270409, 0.8744213494825155, 0.8854606867374736, 0.8854606867374736, -0.1685991056688782, 0.5286668285524054, 0.1999199531676295, -0.5324460180906171, -0.5547205308369618, -0.558109947473791, -0.021178665721018158, 0.043598044853355854, 0.27158867814204696, 0.1632623543857969, -0.34429115470725624, 0.0709816545576236, -0.7904302702103514, -0.19527007987035178, 0.11103697970332167, 0.11155083473462589, -0.5306189496502647, -0.6087028196697477, -0.19542097134123781, -0.474905365717231, -0.8302894108492345, -0.3342425338203031, -0.32560360011756884, -0.3342425338203031, -0.17624920076153072, -0.23994258829423554, -0.23994258829423554, -0.8192226908487538, -0.8192226908487538, 0.40267931720484396, 0.662826479611425, 0.8757721125758575, 0.8544866526768996, 0.7929194663275442, -0.23067276062998837, 0.7721466309618241, 0.8126479038948047, 0.8127123822677477, 0.8126479038948047], [0.9904839977753945, 0.9764082619084677, 0.5413123105160966, 0.9921400057458319, 0.9966398049469399, 0.9904839977753945, 1.0, 0.9971189855391842, 0.9999671210138487, 0.9498805538550616, 0.9995655259675398, 0.9999960494990606, -0.15894733886779933, 0.9999922055958521, 0.9999199396364135, 0.9939922674409473, 0.4212008916745546, 0.9998308943057546, 0.9998312829275336, 0.9882109967435955, 0.9999962702504457, 0.34006124535236365, 0.6538424393546579, 0.9839305936800857, 0.9839575829446962, 0.984319149510977, 0.2070676154558561, -0.1942958429512309, 0.9923545367354847, 0.9920571870063776, 0.15658554490579646, -0.2636343394310327, 0.9992851761313984, 0.9993735359927499, 0.33476644873515465, -0.33117768824487803, 0.9985994316375109, 0.999270813536158, 0.9982133348834111, 0.40200794292183845, 0.9291723837857485, 0.9990110605399647, 0.9291723837857485, 0.91482335894536, 0.6293656463975091, 0.9177058970031847, 0.8897758132633159, 0.6894476183940238, 0.4187983154465403, -0.0711525940109511, -0.21206953736776787, 0.9241467177481003, 0.42330298505627023, 0.9686181125487924, 0.9611201229963761, -0.09242270829422432, 0.8170553568484804, 0.7948438227800836, 0.8414959312876631, 0.7877518525573499, 0.7571031160738536, 0.7877518525573499, 0.7481617179702482, 0.7566324532560884, 0.7572763728455727, 0.7566324532560884, 0.8268907494639337, 0.2916964492959086, 0.5107085085363722, 0.5986067115367745, 0.5107085085363722, 0.512633159838901, -0.36443656450146567, 0.47197289447495344, -0.6684679441692457, 0.38710396690392435, -0.13483646112517433, 0.357808063712915, -0.13483646112517433, -0.1478185402840447, 0.8022103239920899, 0.8078815334883769, 0.7987341056202045, 0.7289514569669344, 0.4254527649284985, 0.8063025882534641, 0.8087594834388252, 0.8063025882534641, 0.712906117113869, 0.712906117113869, -0.2576756228962349, 0.6757026895412122, 0.2564281013089478, -0.5646997714642524, -0.6072191900904372, -0.610077073576465, -0.0879112948679736, -0.01572159869951636, 0.36506648565706745, 0.109769539023665, -0.3879987324983815, 0.11289321035066545, -0.8255078157706797, -0.10872668664028075, 0.025846339125688626, 0.02656013995996093, -0.5858639859099183, -0.6111750068813039, -0.03844474462393225, -0.5716378750394475, -0.8454477769693068, -0.333856362780161, -0.1594755294586547, -0.333856362780161, -0.26867255845772753, -0.3026485584892638, -0.3026485584892638, -0.8395400806577349, -0.8395400806577349, 0.3614098210956002, 0.6042016344288412, 0.49499362238570427, 0.8088151630919345, 0.7606652293322012, -0.30499514285229967, 0.0589743988382371, 0.7668635584637669, 0.7853201301031809, 0.7668635584637669], [0.985882655682405, 0.9667389813999036, 0.5289568534549268, 0.9880248775224645, 0.9945517450035075, 0.985882655682405, 0.9971189855391842, 1.0, 0.9994478661241656, 0.9411446550292647, 0.9981642200134413, 0.9979321939819022, -0.16875395748429703, 0.9989744700498784, 0.998669456892478, 0.9864490933366337, 0.3991313521836649, 0.9990288937370366, 0.9990320884517155, 0.9852113377094812, 0.9991431522081184, 0.3122165595078878, 0.6525982190189074, 0.9916594089819264, 0.9815283578010047, 0.9794754312808904, 0.18648775643021587, -0.20983222111408484, 0.9886560353809276, 0.9920727777657504, 0.13544923235051998, -0.27104335834479626, 0.9981040664371952, 0.9979902636934722, 0.3130350978744776, -0.3389850035142271, 0.9958418454837852, 0.997793381798228, 0.9975486190264921, 0.37942371767768623, 0.9199457762065647, 0.9979428048832247, 0.9199457762065647, 0.9123238359478898, 0.613266277522628, 0.9184028834438802, 0.8853861268840102, 0.6606708057705359, 0.4051075889692452, -0.08727298903858383, -0.2261936791787817, 0.9146555366880837, 0.40198691982571516, 0.9637516158647176, 0.9553530594614588, -0.10383004535244734, 0.8008794206960108, 0.7752957250675759, 0.8304439454022214, 0.7694472644248107, 0.7430096902676987, 0.7694472644248107, 0.7322994275653971, 0.7346036637341342, 0.7420330137471486, 0.7346036637341342, 0.8160699441942346, 0.26887814532045073, 0.48645636680450793, 0.5796866379084225, 0.48645636680450793, 0.4964777324097171, -0.3809594151796172, 0.45387493295851156, -0.678285989656695, 0.37649938086623314, -0.15942675948019336, 0.33872126910305034, -0.15942675948019336, -0.1553692218599978, 0.7892567565362631, 0.7867169477534159, 0.7816209258291126, 0.7121238129914571, 0.4081605437403435, 0.7940412981807133, 0.7967689115406402, 0.7940412981807133, 0.6915315028519653, 0.6915315028519653, -0.2755568051459242, 0.7079108498594792, 0.2648480922677525, -0.5749816302478038, -0.62190947750831, -0.6245809072118487, -0.1040780579412825, -0.025086404204299556, 0.3582100516377531, 0.08982027444993983, -0.4020887472945466, 0.10348776817742802, -0.8330411827891401, -0.1153422578532328, 0.008300196462700778, 0.009051338517542381, -0.5992605296816074, -0.6127370692602677, -0.045415683018472985, -0.59146726197896, -0.8462286858103101, -0.3463569932292227, -0.16585078117755653, -0.3463569932292227, -0.2886465059387449, -0.31809766944786266, -0.31809766944786266, -0.8386964616356677, -0.8386964616356677, 0.33622805681751183, 0.5853853705857912, 0.47479083668363536, 0.7900282174741848, 0.7466853906701816, -0.3290351918956761, 0.04371087530756705, 0.7467843113856772, 0.7689753206772999, 0.7467843113856772], [0.9911201650818149, 0.9761757287960092, 0.4330460446989289, 0.9931554091854348, 0.9968332189045291, 0.9911201650818149, 0.9999671210138487, 0.9994478661241656, 1.0, 0.9485991632930967, 0.9995085896243616, 0.9999681046157068, -0.3344946506207429, 0.999972765353776, 0.9999326674445926, 0.998083613991556, 0.31633528142185774, 0.9997696509535248, 0.9997702715295705, 0.9879959447550419, 0.999965182168775, 0.11156491268661763, 0.6078760953988032, 0.9939119443989858, 0.9938540195422242, 0.9841613398141503, 0.008650729419760571, -0.13401846380614688, 0.9908585916583763, 0.9908271261768934, -0.045988508414752466, -0.22455953422094782, 0.9993007389354424, 0.9992605636728075, 0.7478774794727665, -0.535132594215263, 0.9985034823831332, 0.9992516061255148, 0.9991519222602464, 0.29354736438324824, 0.9991411564406317, 0.9991465366441683, 0.9991411564406317, 0.9146073724242695, 0.6304622153973796, 0.9173412339270245, 0.8890929920946646, 0.6887221440834892, 0.014192656221632231, -0.5203954996084869, -0.18783008751391853, 0.9192686792160961, 0.3723153768729432, 0.9624091905179832, 0.9614062018781979, 0.849166667584628, 0.8182931575790208, 0.8698809627932179, 0.842603165767381, 0.8678700911683068, 0.8686576078617237, 0.8678700911683068, 0.7475365577519661, 0.8095408218066312, 0.8112865514649277, 0.8095408218066312, 0.828636524659667, 0.7159334022343267, 0.8180751772208325, 0.8196394920699233, 0.8180751772208325, 0.5116548744525689, 0.3306979431502515, 0.4714471266615724, -0.7005954953572556, 0.4475484362339645, 0.4106463958321673, 0.41069969313248333, 0.4106463958321673, -0.10328115879539272, 0.802948317524481, 0.8075904561588365, 0.7988512941694456, 0.8601985136087991, 0.3533131976842862, 0.8128688693157896, 0.8153934998356238, 0.8128688693157896, 0.8212727262868409, 0.8212727262868409, -0.2600795961005753, 0.6766871408223178, 0.08305170314825838, -0.5781799427895791, -0.6499903362586918, -0.6508046796153166, -0.09161944198541871, -0.013124609220860383, -0.1442285640450621, -0.075352558878271, -0.4398261149351988, -0.3435500517216991, -0.8793845039219803, -0.5470492701696372, 0.024866306153521582, 0.025546608341201236, -0.5878583935760521, -0.607096199038469, -0.5115941966965911, -0.5739107166524335, -0.8219217699616648, -0.5837931444244254, -0.5857855825336089, -0.5837931444244254, -0.2714805027710461, -0.30692926511740043, -0.30692926511740043, -0.8019589261492749, -0.8019589261492749, 0.36194076200672554, 0.6028389498183878, 0.823959798451941, 0.8022180710565284, 0.7589797461558333, -0.334795026802182, 0.6449122048505407, 0.7148496210414105, 0.7150159739267414, 0.7148496210414105], [0.9726267089842725, 0.9562814255452728, 0.3708197083070051, 0.970349010354504, 0.9594293699176073, 0.9726267089842725, 0.9498805538550616, 0.9411446550292647, 0.9485991632930967, 1.0, 0.9197085673701344, 0.9499176462621224, -0.27992844051584875, 0.9495608292989492, 0.9488378655388424, 0.9508233552390516, 0.1303747011980718, 0.9558007298771664, 0.9557749810635923, 0.950062693190438, 0.9500535843365998, 0.039179632219995306, 0.6599149848980252, 0.9519193685915756, 0.9521395482066181, 0.809734279294216, 0.10720840026912848, -0.11567193240995721, 0.9585050249357385, 0.9586439483912885, 0.09474060496113229, 0.0436150073013829, 0.9602433023393837, 0.9605261971727562, 0.8466400780912411, -0.4638266865658944, 0.9321871000231087, 0.9594208912264577, 0.9609355818903855, 0.10733325138146477, 0.961665855753089, 0.9616286035879325, 0.961665855753089, 0.7787871449406069, 0.42677250180340953, 0.7301159344870529, 0.8569165693436352, 0.835710503195018, -0.5535511162131552, -0.6846649587499332, -0.3107569375358354, 0.8661872914003718, 0.09485460051840505, 0.8990737351574968, 0.899118850616461, 0.8538428808061469, 0.846544320445764, 0.8806039398576889, 0.8570536303857799, 0.872232125299685, 0.873103496981897, 0.872232125299685, 0.794844796216927, 0.7728397212759872, 0.7749912644821954, 0.7728397212759872, 0.8488665191286716, 0.8700475643743334, 0.8469644402918833, 0.8477916797959519, 0.8469644402918833, 0.6144885487990075, 0.5341493234588625, 0.6157163877168735, -0.4245831638678694, 0.6357853576338457, 0.6575181301265741, 0.660738525926835, 0.6575181301265741, -0.2582858268017859, 0.8538587962923605, 0.9163551890723199, 0.8725812048939707, 0.8710679611049635, 0.23388257293560732, 0.8455437365744802, 0.8469561178442849, 0.8455437365744802, 0.8578454131129059, 0.8578454131129059, 0.010833186150830256, 0.2570528438205476, -0.0840996904791207, -0.4811712707653072, -0.39112210533162284, -0.39303505100865344, 0.07978069038579087, 0.37979644215926245, 0.1124300834455813, -0.005575992182663831, -0.32112969790270307, 0.022111954578040136, -0.8127779083244815, -0.13982150132601343, 0.2697507678104866, 0.26860710529052056, -0.34716825019136593, -0.43784226138223115, -0.3003767887392029, -0.3045860641582043, -0.6874423223944943, -0.3221832932516404, -0.32407757128300485, -0.3221832932516404, -0.055806761281903886, -0.3393330798512211, -0.3393330798512211, -0.5374529095286894, -0.5374529095286894, 0.5776952532891247, 0.6758690991206574, 0.7606531441832787, 0.669189479392313, 0.8398380574557855, -0.4324620897439639, 0.38958750566433514, 0.5672151915885361, 0.5675090550446905, 0.5672151915885361], [0.9807888421067408, 0.9784679316781094, 0.9965321438066836, 0.986169409671722, 0.9950043440624089, 0.9807888421067408, 0.9995655259675398, 0.9981642200134413, 0.9995085896243616, 0.9197085673701344, 1.0, 0.9995624645857397, 0.9995589332896814, 0.9995097713836834, 0.999546426627264, 0.9984674447959268, -0.34863942712833845, 0.9997177006993986, 0.999721912469257, 0.9995710843067842, 0.9995708942141555, -0.2889938066837316, 0.9591698944976031, 0.9919252854843418, 0.991897176693278, 0.9876721568801203, -0.02388406180867231, 0.0682435913894592, 0.9890893539561569, 0.9891553076519299, 0.9708142138278796, -0.009214635245989715, 0.998644179912604, 0.9985890417546993, 0.9983749451578587, 0.9992236223387564, 0.9991546718477899, 0.9986305193948316, 0.9983985114503269, -0.3595644597990744, 0.9983201183776441, 0.998331573082724, 0.9983201183776441, 0.9084059173430501, 0.49554227683175006, 0.9130072660467499, 0.8872629489659086, 0.6905878906599227, -0.5465135252873222, -0.6658443133041596, 0.7992834117263815, 0.8068477141000503, -0.2721817691982644, 0.9209395471360374, 0.9211257124591712, 0.8431288955531276, 0.8535291218390223, 0.8179309502410602, 0.8208424137722868, 0.8275712471126877, 0.8285847201252582, 0.8275712471126877, 0.6435835485338994, 0.5969412115083741, 0.5995229573801726, 0.5969412115083741, 0.8547185065262262, 0.8644886240780474, 0.8529755664384812, 0.8545703472475737, 0.8529755664384812, 0.284566360150027, 0.21652980736689953, 0.34577514282460214, 0.46931568152052217, 0.33586921935656544, 0.38790728457180684, 0.39062530676617974, 0.38790728457180684, -0.4124264110203044, 0.7584402341217552, 0.8121268117920768, 0.7906251085983341, 0.852381051572621, -0.0891513960123191, 0.7505530606721532, 0.7511164135020654, 0.7505530606721532, 0.7659317908907509, 0.7659317908907509, -0.32279394234350206, 0.6675415530282752, -0.40258880622100734, -0.6684742335227098, -0.5470044518681157, -0.549230267384518, -0.3540655270297697, 0.14016602165901018, -0.26473654951502357, -0.4262311611546912, -0.6091571903393214, -0.3383764984036247, -0.6283019958361334, -0.4039181237569037, 0.010498520735702429, 0.006263140100767355, -0.5604648839648328, -0.5243489009001926, -0.5425545794730026, -0.576723823776461, -0.571119844061669, -0.5462285263801654, -0.5491052251049496, -0.5462285263801654, -0.4406273207518871, -0.6003377429085365, -0.6003377429085365, -0.6048752414668647, -0.6048752414668647, 0.3570399347730411, 0.3609035537649018, 0.4698116359876534, 0.5551519515391402, 0.5538089038869325, -0.5456108795894344, 0.3029758108309147, 0.3230820380554532, 0.323272560573897, 0.3230820380554532], [0.9905301632305883, 0.9764603387176521, 0.5413299508827755, 0.9921736730995149, 0.9966592564364338, 0.9905301632305883, 0.9999960494990606, 0.9979321939819022, 0.9999681046157068, 0.9499176462621224, 0.9995624645857397, 1.0, -0.1586054712323465, 0.9999941472854394, 0.9999251931928741, 0.9948248484149205, 0.42129730506398655, 0.9998323715138219, 0.9998327366496431, 0.9882570755605162, 0.9999969296293822, 0.3404017302852161, 0.6539169243255855, 0.9894564168874558, 0.9839458465421712, 0.9842999673626605, 0.2073556989699783, -0.19424151605903356, 0.9923507100497494, 0.9920703409201693, 0.15683759286865492, -0.26360528302818437, 0.9992876154124526, 0.9993784468522522, 0.3347372406813131, -0.3309527726064671, 0.9986016232138478, 0.9992800505339177, 0.998217457875603, 0.4021115408146506, 0.9291541139068114, 0.9990141830587351, 0.9291541139068114, 0.914856612645208, 0.6295340921003589, 0.9179552943756504, 0.8900143362418159, 0.6896123279140745, 0.41921621198201386, -0.07067243419030139, -0.21167968889453692, 0.924237819890399, 0.42340262077772817, 0.9687194324469316, 0.9611972553958164, -0.09222054960369992, 0.8172220045457783, 0.7949573373163608, 0.8416183097274674, 0.787862920834276, 0.7570390018108238, 0.787862920834276, 0.748235925360424, 0.756695586768762, 0.7572061148660034, 0.756695586768762, 0.8270577455966832, 0.29155840288946827, 0.5107189061063828, 0.5985107185465391, 0.5107189061063828, 0.5125674922233959, -0.3644587086079169, 0.47191958562126496, -0.6683563180022151, 0.3869778220063107, -0.13497297533877778, 0.3578494913770363, -0.13497297533877778, -0.14797447542639372, 0.8022826326716346, 0.8080288792085828, 0.798834597979281, 0.7289423083632753, 0.425557854370655, 0.806390526539574, 0.80884252246585, 0.806390526539574, 0.712988052203066, 0.712988052203066, -0.25766701039425177, 0.6757063274087294, 0.25654973033539424, -0.564699968413576, -0.6071310292769464, -0.6099949157821963, -0.08799280120314844, -0.015882174004025407, 0.36524697033958176, 0.10980228196436785, -0.3880277844248413, 0.11316732067699617, -0.8252219449179706, -0.10841891544600092, 0.025879498551850174, 0.026610125929031406, -0.5858528250908369, -0.610990168618577, -0.03817979981418803, -0.5716191808036615, -0.8453327256691314, -0.3336132603421073, -0.15925478814365807, -0.3336132603421073, -0.2685231600895811, -0.3026032159367208, -0.3026032159367208, -0.8394835666013465, -0.8394835666013465, 0.36195625714968266, 0.6043701035338052, 0.4952575003562583, 0.8090903955320561, 0.7607685317588455, -0.3047525347191296, 0.05927369077197859, 0.7671291581952464, 0.785445378339116, 0.7671291581952464], [-0.14070959077083067, 0.9764175168691649, 0.5187432727965818, -0.145381306960667, -0.3613274322451667, -0.14070959077083067, -0.15894733886779933, -0.16875395748429703, -0.3344946506207429, -0.27992844051584875, 0.9995589332896814, -0.1586054712323465, 1.0, -0.15796334785649055, -0.15382895079677283, -0.129508024283869, -0.2911823768369404, -0.15943474045319833, -0.15945198500332064, -0.28259589773994964, -0.15903231604828147, 0.02366901593881653, 0.3089029359119122, -0.19428078763972573, -0.19461955714764329, 0.9842782952863439, 0.2456367772228971, 0.1862699751206845, -0.19374040143580204, -0.19436132956361446, 0.5363187809827287, 0.12024182112990489, -0.1563211261573847, -0.3191180730656765, 0.16347738579257504, 0.9614742117045053, 0.9985993692610561, -0.351407935625143, -0.15098769912005572, -0.2809882532062649, -0.1566834817530736, -0.15703925848602115, -0.1566834817530736, 0.9149252369010492, -0.11940217851546633, 0.9179144857034963, 0.8899412784999049, 0.6895895928766632, 0.0838173193796506, 0.25751617300808394, 0.6445936856666464, -0.2730956928820703, -0.29590729327124493, -0.07147840818955457, -0.31000776233600597, 0.023516558153619853, 0.2556476884236197, -0.026386997197495706, -0.3191712684946348, -0.024380157262856125, -0.013759272739828958, -0.024380157262856125, -0.4271057003511188, -0.11163850876057728, -0.11350063172322558, -0.11163850876057728, -0.2183587776394492, 0.0674778775561277, 0.042970696230630406, 0.043175635169066855, 0.042970696230630406, -0.4180672715479598, 0.00723177585359664, -0.38176871153168335, 0.6240145515801826, -0.35088948210142473, 0.008020267588359657, -0.06321838401139653, 0.008020267588359657, -0.3057144322144502, -0.3537285473083373, 0.8080134697252909, -0.13965542352940424, 0.010023552646365643, -0.21739937660744602, -0.2736609224165839, -0.2725149298923424, -0.2736609224165839, -0.032375315564009195, -0.032375315564009195, -0.2355777072867115, 0.6756261643177046, -0.1626115605790642, -0.008505942307776146, 0.20266828551119442, 0.20147294639221566, -0.25015275951793353, -0.01134849155915754, 0.020378143479962908, -0.17141954404209775, -0.10628425360035597, 0.04374089990500528, 0.3920712059237359, 0.1176248867392245, -0.042265152218894736, -0.04613132062120309, 0.09034491493626606, 0.5743300778699656, 0.09590239929705602, -0.18310626794232018, 0.6200252566606111, 0.1010897884971512, 0.1085739504884507, 0.1010897884971512, -0.23588448692717234, -0.1944382108126373, -0.1944382108126373, 0.32840156773528745, 0.32840156773528745, 0.3620664432300926, -0.25553938391789827, 0.014385849829789247, 0.08868166267997533, -0.255468578224818, 0.07671384919004362, 0.15221591184094257, 0.10302555969293989, 0.10305178708894207, 0.10302555969293989], [0.9905978404264938, 0.9762200630140142, 0.5416865635466471, 0.9922123867302177, 0.99669098186544, 0.9905978404264938, 0.9999922055958521, 0.9989744700498784, 0.999972765353776, 0.9495608292989492, 0.9995097713836834, 0.9999941472854394, -0.15796334785649055, 1.0, 0.9999371797293033, 0.9974385445750505, 0.4214220289144138, 0.9998355259648191, 0.9998357974346499, 0.9884249815670888, 0.9999941684901175, 0.3411073443738243, 0.6537498980797991, 0.9930328728923397, 0.9929159926949233, 0.9841673759540046, 0.2076569811234838, -0.1942891165143199, 0.9930915269493408, 0.9931393601333017, 0.15765636781939088, -0.26343159391470333, 0.9993392934164391, 0.9993777550788076, 0.33364419124512845, -0.33006516019419, 0.9985352767354404, 0.9992835676059678, 0.9985296594202492, 0.4022623442799544, 0.9286176443303078, 0.9990717430365543, 0.9286176443303078, 0.9151482621331068, 0.6303002566870018, 0.9183397608100704, 0.8904010088817198, 0.6892816355512635, 0.42066053606101045, -0.06901226221895036, -0.21188523774827173, 0.9246552225783022, 0.4237072544876727, 0.9691519689748631, 0.9615821895807053, -0.09327137323180848, 0.8174998144862878, 0.7948747842284782, 0.8418861196379793, 0.7878230692859449, 0.7566472963461935, 0.7878230692859449, 0.7484328164177658, 0.7566485662017315, 0.7576371459086924, 0.7566485662017315, 0.8274165366499483, 0.29085202733991433, 0.510183027964803, 0.5985468692646294, 0.510183027964803, 0.5123859307373215, -0.36566951943629716, 0.47180748584391025, -0.6685114776757926, 0.38656270839943413, -0.13601401518728934, 0.3574881144962834, -0.13601401518728934, -0.14791611129826251, 0.8024175270547903, 0.8075780783724555, 0.7989200382676456, 0.7186633131407789, 0.42596721265382365, 0.8065186515537297, 0.8089594333188881, 0.8065186515537297, 0.7127863307330389, 0.7127863307330389, -0.25941106715541196, 0.6766788814077387, 0.25707416682225515, -0.564670156943501, -0.6075331497133895, -0.6104023910494333, -0.08921592624760498, -0.017200624191711717, 0.36555275306970847, 0.1093297182631677, -0.38830914973772945, 0.11324231035015654, -0.8243085265061303, -0.10826008948550712, 0.024774667929437187, 0.025501498497787742, -0.5865255008142733, -0.611315275884826, -0.03758142203735617, -0.5730702734881334, -0.8453182876425511, -0.3335487743783792, -0.15868007893803973, -0.3335487743783792, -0.2695835632599762, -0.3031012287112112, -0.3031012287112112, -0.8398423264409489, -0.8398423264409489, 0.36213208430469146, 0.6040512473772819, 0.4946846197026476, 0.8095513228930457, 0.7602030053003226, -0.3042474111341133, 0.058572610939017236, 0.7675360232486633, 0.7860593487977333, 0.7675360232486633], [0.9906593892684167, 0.975425184740314, 0.5445760759934298, 0.9922647401581657, 0.9967088813366085, 0.9906593892684167, 0.9999199396364135, 0.998669456892478, 0.9999326674445926, 0.9488378655388424, 0.999546426627264, 0.9999251931928741, -0.15382895079677283, 0.9999371797293033, 1.0, 0.9975575360757157, 0.41924835845633335, 0.9997849366091021, 0.9997862136440877, 0.9883606072354983, 0.9999211741560581, 0.3419680010393755, 0.6559093259617871, 0.9923471410973822, 0.9832992034687775, 0.9842505966627719, 0.20928442228884084, -0.19318869976050232, 0.9922007483255977, 0.9922118911506055, 0.1608921246427734, -0.26387513486590963, 0.9993432647414254, 0.9992250223466298, 0.33416251214121956, -0.325711937908239, 0.9984404036318025, 0.9992541278071024, 0.9985088707853526, 0.40010227405192555, 0.9276184242734904, 0.999094960137266, 0.9276184242734904, 0.9135027288712244, 0.6304178692774899, 0.9167493469057285, 0.8885306285874618, 0.6863106243539342, 0.4211249790394155, -0.0675575530262635, -0.21250320925025054, 0.9239320442768114, 0.42095587554050995, 0.9694490983748679, 0.961094053258417, -0.09588359337107571, 0.8166723061951803, 0.7954060812290722, 0.8419457592285143, 0.7883620835551977, 0.7589032198622983, 0.7883620835551977, 0.7469548500923503, 0.756274931576187, 0.7587584229251209, 0.756274931576187, 0.8278834199994398, 0.2914735255685337, 0.5103908605991476, 0.5999673902916091, 0.5103908605991476, 0.5110721050628236, -0.3679775613101883, 0.4705126659442912, -0.6659559834997861, 0.3855611995546371, -0.1369126808080661, 0.3577620203577646, -0.1369126808080661, -0.15157144718131274, 0.8022125579001971, 0.8064426429778191, 0.7980763437751982, 0.7309128333006337, 0.42474448156767175, 0.8064178495684899, 0.808815119801761, 0.8064178495684899, 0.7132391049603112, 0.7132391049603112, -0.25993661860820894, 0.6790820496032453, 0.25703309754250137, -0.5667831305925803, -0.6075627104027728, -0.6104570092250187, -0.09131364039082063, -0.01828894280673125, 0.3664245373481818, 0.107756237027324, -0.3908773731199763, 0.11416042368168625, -0.8228497791825883, -0.1068745666663634, 0.024286922086514492, 0.02495709546640905, -0.5878520177020378, -0.6063521689627028, -0.036494745773744876, -0.5740524628623936, -0.8430682756585063, -0.33331253927909926, -0.15731524914262837, -0.33331253927909926, -0.27010735721464635, -0.30653361744972324, -0.30653361744972324, -0.837583160500415, -0.837583160500415, 0.35951112303822036, 0.6016145429006522, 0.492820073020705, 0.8102153999331417, 0.7584283438394898, -0.30587417087785074, 0.05650132041351076, 0.7681068862674285, 0.7874020874156098, 0.7681068862674285], [0.9933915553535129, 0.9844897071126039, 0.5815782480855034, 0.9949983607411245, 0.997770128133298, 0.9933915553535129, 0.9939922674409473, 0.9864490933366337, 0.998083613991556, 0.9508233552390516, 0.9984674447959268, 0.9948248484149205, -0.129508024283869, 0.9974385445750505, 0.9975575360757157, 1.0, 0.41278116883633076, 0.9977809308501454, 0.9977779821074414, 0.9838872805711215, 0.9973725020718438, 0.35984266287577465, 0.6792060077908587, 0.9707402954823485, 0.9787718672523865, 0.9881719757412243, 0.23582749767832714, -0.1686801065660692, 0.9914826802844142, 0.989194202155