var element=document.getElementById("correlationAdjClose");if(element.style.display!='none'){var correlationAdjClose={"data":[{"type":"heatmap","z":[[1.0,0.9999933378501525,0.9853645012497448,0.9999263706419785,0.9990839071458542,0.9856985652584342,0.9978584249758066,0.9959880052609422,0.9691948384111635,0.9963174530257615,0.9943821367439922,0.993933619836639,0.9961096752091547,0.9961426895037897,0.9960345168762165,0.9975992890788211,0.9978545550441887,0.9983642006347067,0.9966420078228457,0.9966524181768129,0.9967091776074443,0.9960651334981148,0.9871352637917215,0.9711233783619204,0.9896575631792853,0.9561365286223181,0.9886375863878099,0.9873432282078454,0.9673971751812112,0.9510996575472052,0.9930001352550518,0.9941152969068274,0.9922363042496493,0.9766294596528358,0.997763321085113,0.9979997571857033,0.9975159428139966,0.9961646773656224,0.995792533689122,0.9978873292683351,0.9987632473151348,0.9988097573209351,0.9977198019199501,0.9977288307662137,0.976733227856792,0.9132879762815619,0.9486141365623108,0.9186044890475703,0.9196712193181711,0.899938786773647,0.9634160854274814,0.9474049703749607,0.9650784196715048,0.9654192875611086,0.9555462075447391,0.9844832535043299,0.9815234524299421,0.9904095878118703,0.9944940058264351,0.986494203579836,0.9821162156328889,0.9880451247022605,0.9861297436073665,0.9886065464200721,0.9884115873769502,0.9651110305456694,0.9738497536758444,0.975285455899341,0.9749609096988795,0.9522461763976862,0.9800999116544091,0.9774207446374232,0.9847105679700892,0.9839723969487194,0.9423116308751921,0.884633605511221,0.8514544815727584,0.9009186226664538,0.9195507140888715,0.9165119113742844,0.9175012948569168,0.9161575233353646,0.6850271187718567,-0.5622377379062572,0.9805573325245932,0.9755451343655278,0.9722145678693724,0.9872254779018852,0.9745478786506891,0.9843919539414336,0.9843595600263685,0.9496722171432115,0.9845050720358951,0.9528067828292625,0.7603951299804896,0.901223217703187,0.9264993887920177,0.7929251617154319,0.9493791743081643,0.9501853698947851,0.8994713359297771,0.9642422271413921,0.8962096096439094,0.6096860882989072,0.7200316519164239,0.9030525102123235,0.8700198634290492,0.8940948749166249,0.9735041408218398,0.9736827595398062,0.7811383111610372,0.7318008501961187,0.8251017839595943,0.4073817901033754,0.8014514613718118,0.8293910813679193,0.8246567155384869,0.8157015287526643,0.7756071380636227,0.7502096120732443,0.7326490677666039,-0.2680632734197458,-0.40708575721937484,0.661915529231831,0.8940694425731238,0.9369964616327353,0.9438595533969008,0.9109946519406475,0.826978693786186,0.9110730306857716,0.9303715561924275,0.9302514514693601,0.8646673644787343,-0.17718832995983505],[0.9999933378501525,1.0,0.987286866331413,0.9998221676223448,0.9981585041198722,0.9900809583296021,0.9944264347955101,0.9913252620674682,0.9839938345842085,0.9913450502084226,0.9913512320488627,0.9932022455110271,0.9914901592970808,0.9913454089397318,0.9914104747376706,0.9937362132563126,0.9964830551596182,0.9961115786028261,0.9939641833322056,0.993964582451703,0.9914041952376064,0.9914511071898539,0.9912247472094688,0.9720324028693411,0.9880662918643285,0.9809021316758788,0.9879307852952832,0.9872410990908435,0.9795108738980508,0.9293256765536081,0.9885438679493868,0.9859869789220361,0.9790385336613059,0.9276813775922773,0.9955702767764402,0.9954561131322748,0.9956983397995348,0.991966351382049,0.9951562483168374,0.995701363780223,0.9970386107908839,0.9971705146808484,0.9956809617420358,0.9956880421328044,0.9892369921073106,0.9129867482486876,0.8849800804507582,0.9182854965679035,0.9195757656228775,0.899913352078533,0.8746909840605793,0.9199040041540614,0.8775902245001683,0.9062111419057114,0.8741606192698602,0.9536890115189329,0.9536518952127208,0.9666651845525673,0.98403246114811,0.9811026045180709,0.9837733857723995,0.9792609432854775,0.9792417158336926,0.981245289079301,0.9811738582951086,0.9496242749321819,0.9592111890452742,0.9348149253033415,0.9347436060099653,0.8615388281199622,0.9774732485492124,0.9791683888320967,0.9793652378296973,0.9789515770598087,0.9494081944993309,0.745915638313814,0.6995020991815358,0.8159455855589224,0.8856389511136218,0.834209545466985,0.86059100366952,0.859228175599298,0.7012475770332114,-0.2318190424974624,0.9680936915776189,0.9727437655312755,0.9678979185186575,0.9817434178887238,0.9659263454873063,0.9714460795046802,0.9707880022961389,0.9270614432257388,0.9735267440874534,0.9307308758624915,0.6668324263114024,0.9005837363112248,0.8981729338214203,0.4529804045189943,0.8124096685569483,0.8174936112628393,0.7308628772215111,0.9653462137317323,0.7032741355636186,-0.2809478288817696,0.2023722347294479,0.7309711210770259,0.678880066334851,0.723272275528212,0.9668869322199306,0.9668260050917051,0.10650717172657888,0.27736132155931625,0.11284685287439657,0.08489907188906827,0.10677551713802197,0.12193740185214981,0.11893982858094115,0.04083397194853733,0.4764406414524082,0.20808083663350346,0.15741322151921566,-0.44176914442460313,-0.4849207397710659,0.6623571934786929,0.7511832604151197,0.7755007522722893,0.8351453058163865,0.8220759432266821,0.5648731552039944,0.7486397553639255,0.7699535562934603,0.7687200125658289,0.42014682649202834,0.19628370355994024],[0.9853645012497448,0.987286866331413,1.0,0.9867912542085906,0.9930854001789335,0.9912905059646591,0.9901118373414864,0.9907229800347775,0.9904570637776249,0.9934832750104321,0.9975055603009962,0.9966075666640158,0.9905963072847506,0.9928775984563489,0.990782227586905,0.9901870766649666,0.9908863467917757,0.9902838994806467,0.9894251418425084,0.9894016316862937,0.992335431780376,0.990615570181382,0.9944896717004434,0.9829934894472347,0.9912589781019097,0.9800429108236389,0.991785225070317,0.9862722174156275,0.9853925086320713,0.9566669991364958,0.970137078162425,0.9742365903284196,0.9762001664365315,0.9516584089995398,0.9873938526593045,0.990480667718531,0.9888521936411823,0.9924385874191615,0.9948239368986511,0.9912609716965659,0.9852245955801855,0.9879653031683985,0.9877201143590961,0.9870977553374828,0.9917940638153457,0.9087050835577931,0.931524702606631,0.9335697897838227,0.9121680347465122,0.8520865573021507,0.9216849083740006,0.9021519073000962,0.9242335210033874,0.9258228083344274,0.9115820080514266,0.9497918046551171,0.9579774275925843,0.9666267829591394,0.9783237135093173,0.9376300376709978,0.9617519624080465,0.9610534111404595,0.9679582981828262,0.9613422743503193,0.9356586727566106,0.9175934328128966,0.9421172065227501,0.932860372771485,0.9144492458825597,0.887519246625552,0.9682863808202674,0.9463116477934375,0.9610001970196019,0.9398097993135842,0.8149069988054671,0.8375821615153384,0.7571659014948939,0.8567342872745985,0.8876110042753171,0.8885189388321258,0.8560838950453326,0.8704336367104937,0.3800694623091677,-0.5539724918316896,0.9575529239831879,0.9425073502731687,0.9426111652666023,0.9377710669108369,0.951876058402505,0.9604545354552786,0.9600247712627518,0.9299054899538555,0.9557286063029137,0.8699383461683771,0.7416288942781698,0.9482432064919026,0.9477249810957047,0.766287113501769,0.9352411664690684,0.9370203195745037,0.8721337632590213,0.9800311545713657,0.7768063108537931,0.5140970541351305,0.6620318769711552,0.797266074299283,0.7962754962706482,0.7784761167621512,0.9827289924780676,0.9827807020882675,0.7077792860042492,0.6748979464039042,0.7112815934128668,0.35007048852118383,0.6998416640601688,0.7130829921213345,0.7277628714583282,0.7111102653661827,0.7353461274820673,0.6821149312369004,0.6632485155050543,-0.3329370691907898,-0.47161001158114013,0.6254128812831383,0.8543414364839255,0.8845679511868468,0.8891789528085715,0.8825291620759697,0.7581311199243026,0.8609013702621081,0.8734611725697923,0.8810510775635905,0.7351759787430328,-0.09915809044608574],[0.9999263706419785,0.9998221676223448,0.9867912542085906,1.0,0.9993411976852729,0.9868376904973183,0.9981231071075164,0.996438701513526,0.9714959044266384,0.9968127829967739,0.9951249593967684,0.9949280021129762,0.9965421745200219,0.9966660169906099,0.9964845192719068,0.9978910826673129,0.9982016760530666,0.998642232520988,0.9970370873086583,0.9970449439688678,0.997131282535452,0.9965021668542385,0.9883627702635327,0.9725581965534493,0.9906624394875664,0.9588276688639521,0.9897517299101986,0.9889547864381015,0.969457564819628,0.9523298765012599,0.9923313215932807,0.9936407894912562,0.992166220876591,0.9761630121490802,0.9978632831474277,0.9982144450348847,0.9977622148326394,0.9966522448758665,0.9962985445350694,0.9981350384922204,0.9986683021241753,0.9989005926186514,0.9978146749572135,0.9978207727930849,0.9786079668568393,0.9091458229807345,0.9463834276389291,0.9192130200201237,0.9180918749289646,0.8926400752905311,0.9604214177656466,0.94402438855639,0.9619874769683384,0.9628235037409151,0.9526501149953024,0.9823496344020753,0.9799536726821193,0.9895389441076823,0.9943234897705688,0.9850189815516996,0.9809713409400256,0.9867519605452416,0.9855128117159039,0.9872330224222133,0.9870300569961631,0.954511714901296,0.9725733390999045,0.973757191413992,0.9734289448119192,0.9468446562671572,0.9796401450987529,0.9744663958245768,0.9832298795737677,0.9824540499176017,0.9204446320483376,0.8830408896920338,0.8474547328916948,0.8991284901721595,0.9166345497099732,0.9159846394555883,0.9149905353645665,0.9136916531954644,0.5905092460307657,-0.5618291054879813,0.979696837268763,0.9742394551610317,0.9707202287411177,0.9857530175016087,0.9737538312375964,0.983592405921905,0.9835530423355386,0.9492066106661792,0.9830288482239165,0.936754570975355,0.7646201251457606,0.9071412681456797,0.9306767126043539,0.7946588832694618,0.9507170545860584,0.9515525527653411,0.8989867710928275,0.9655416584280263,0.8899916646346429,0.605956539295202,0.7181998483147565,0.8974820240679713,0.8663100031956371,0.8882498730237139,0.9743867769757552,0.9745725481961043,0.7798786009658774,0.7319692752918593,0.8170698834561877,0.4092665478092871,0.7956052576985337,0.8210795309032742,0.816271457989254,0.8102273845751693,0.7779697625150224,0.7500213407167602,0.7325441839106976,-0.26346405839738135,-0.4063567921555635,0.6609079776427831,0.8920249449984586,0.9350072224589389,0.941939251279901,0.9096104941718666,0.8240585309023982,0.9089442871033653,0.9279810073770883,0.9280155442306558,0.8571835933929902,-0.1699670594526425],[0.9990839071458542,0.9981585041198722,0.9930854001789335,0.9993411976852729,1.0,0.9897248949483521,0.9991049389615315,0.9985116453438815,0.9840476804936493,0.9985114344694523,0.9980871796667952,0.9981275785815976,0.9985440543008252,0.998544030173677,0.9985441986020827,0.9990552052961852,0.9986596540622686,0.9992952286383796,0.9988785873397397,0.9988776510193189,0.9986067155919759,0.998534472798521,0.9943688664917876,0.9801917003204873,0.9947867533134502,0.9764953493880818,0.9947454360271757,0.9917107500090642,0.9825115448524314,0.9555860587998037,0.9891601398489276,0.9918499575475157,0.989237563013507,0.967665367231941,0.9989550690260717,0.9990027587954234,0.9990165075242766,0.9986241173851549,0.9986598795853712,0.9989931181565732,0.9989709815116558,0.9991972918727332,0.9989534519945839,0.9989523294146286,0.9884168533303042,0.9193633271603768,0.945461323724987,0.9316690670298913,0.9228166697825626,0.8877959764223007,0.9460597032880923,0.9369290084907151,0.9503010252430619,0.9557177245682277,0.9448930081091352,0.9792103323879339,0.9791520464785666,0.9892874206327454,0.994189490223526,0.9817571061054531,0.9755715175929757,0.9824596965628938,0.9817331336960667,0.9828071226015626,0.9825723890992079,0.9556840494376555,0.963940033311159,0.9587233924421111,0.9583200902448635,0.920054567597128,0.976981798968764,0.9734220518544208,0.9793570957518113,0.9785249652764306,0.9396659191236271,0.8621368749380913,0.822705864593953,0.8838459799330478,0.9210283818212648,0.9048642747010961,0.9122768375263282,0.911129033837161,0.7404808100826181,-0.5765133630098336,0.9734927000359113,0.9641613083607733,0.9615171488717967,0.9827085510359366,0.9643476095190637,0.9771200432287818,0.9767330097307139,0.9405649067418713,0.9787722982310488,0.9435727719420997,0.7537280180368426,0.9230998853929542,0.9509566782590294,0.755343141652874,0.9373152909035961,0.9388615549641033,0.8929020203885591,0.9707409278940714,0.8867980687780537,0.4477331765754957,0.657716553300127,0.892553646543951,0.839444854056327,0.8876762476752228,0.978032292125715,0.9781748163828462,0.743076078819921,0.714849661914346,0.7470158654369772,0.3866215278793625,0.6953507663337032,0.7521706484774545,0.7474563241567884,0.7101104298566348,0.7640697534151651,0.7344780556753678,0.7161087618147477,-0.4730755180515853,-0.553683545539627,0.6545064604157432,0.8860796046882092,0.9205004545773134,0.9354714024913857,0.907057895564009,0.8040377541064715,0.8957211196443045,0.9141007511554885,0.9136856731594512,0.7932858057860086,0.039694418451592765],[0.9856985652584342,0.9900809583296021,0.9912905059646591,0.9868376904973183,0.9897248949483521,1.0,0.9852351811421859,0.985952519398075,0.9920976665024146,0.9853295378326945,0.9807994196250106,0.9796967165988246,0.9858381744462039,0.9863153556457076,0.9860226588623789,0.9856676622186479,0.9888547659959974,0.986897776492469,0.986748556960098,0.986742744490298,0.9848510228746159,0.9859306802511402,0.9956835809464598,0.9930767332653124,0.9870696170521238,0.9858995560422436,0.9872348958213268,0.9768247867703915,0.9876848133048721,0.9723390794465445,0.9646218403489685,0.9699849896896126,0.9781029588210693,0.9659746084513842,0.9849458823469863,0.9852747669310018,0.9860996748120291,0.9866222910224639,0.9805623939873208,0.9856944516602597,0.984107186637226,0.9857778395168231,0.985106202226852,0.9851114803522207,0.995781752678749,0.86714175438484,0.9249675268484135,0.8975598070074128,0.9103664503554486,0.8728667948885686,0.9202245714083658,0.9088514605672356,0.9226769887697891,0.9355198941837176,0.9183482941098529,0.9527620893303874,0.9577095760217427,0.9634777422878258,0.9734547558749669,0.9698398843358766,0.9850526984080026,0.9713109323955791,0.9832323765792587,0.970916097467239,0.9703558127868902,0.97478087254678,0.9665744852258357,0.9464763784601469,0.9459428322093882,0.942762123622081,0.9814697490508006,0.9740319381349375,0.9710719545921099,0.9696652916084566,0.9604666474626896,0.883484601282387,0.8364926573870909,0.9014780422156656,0.9123093482673936,0.9213930313589387,0.902651007929181,0.9004644464063375,0.7136659050109118,-0.5149066536103427,0.9792228978648163,0.9797904800032746,0.975539827116832,0.9707901032241264,0.971076462650344,0.9782128142158077,0.9778076766774282,0.9656517670506714,0.9675747117155737,0.9645400512945517,0.7656564225859591,0.8797652576327378,0.9502513626304382,0.8014807693595866,0.9397198661029803,0.9407964253541845,0.869558776243861,0.9593257536835056,0.8392704674925273,0.5381427193311499,0.6862932571652383,0.8486798986234305,0.8215671219853347,0.837944011174623,0.9602451213032227,0.9603227892857786,0.736302957113752,0.7091464987974552,0.7547733967292419,0.41086147135894197,0.7435507863621991,0.7603159761535637,0.7541567749555592,0.7502604971808173,0.7609958621440691,0.7140088489379733,0.699064938587449,-0.2917369376651551,-0.42169434510774917,0.6732484755073793,0.8642849701312721,0.8821143153215711,0.8942749257835951,0.8763323280958044,0.7874797395305926,0.8548867821896678,0.8738607182588973,0.8739920172222255,0.8161618842787652,-0.1370490390869997],[0.9978584249758066,0.9944264347955101,0.9901118373414864,0.9981231071075164,0.9991049389615315,0.9852351811421859,1.0,0.99743528229814,0.9576321546162533,0.9995889756121523,0.9995333633226895,0.999548646681873,0.9983507887434709,0.9994538086203092,0.9991458426523407,0.9998879642112705,0.9964264605022601,0.999902715075388,0.9993485745554725,0.9993534937211922,0.9996987201265147,0.999296575614931,0.990807654730887,0.9748080069236625,0.9853948738010123,0.9259049273512447,0.9932814270549033,0.9911421794495588,0.9734500080999209,0.9496743690049106,0.9916218686178149,0.9917383262022684,0.9932233486427974,0.9735579861957242,0.9989631428785513,0.9998435248739534,0.9997002471565392,0.9994623544211029,0.9997469214474044,0.9998268649190934,0.9984462169939159,0.9997221470798332,0.999359665904128,0.9990003394955399,0.9812668999080066,0.9270924653060784,0.9490539528489477,0.942526435898315,0.9319304285694218,0.8880337537457903,0.9567950251629356,0.9436724694273833,0.9590676796560326,0.9599234769381081,0.9508340306013339,0.9812456358377927,0.9802728965581163,0.9914349337979186,0.9963690039084391,0.947746672188717,0.963522614867578,0.9731901548469317,0.9738749289802898,0.9747836190737951,0.9477532601023809,0.9045488619853843,0.9552112025643038,0.9609138103097814,0.9388482434627875,0.8942041928771756,0.9673818280399155,0.9397107021385952,0.9676689230602215,0.9481003825092905,0.7766101934703148,0.8562855224796764,0.7782933463941866,0.8714847748222566,0.8904290244850761,0.8950133101032388,0.8735871043122349,0.8857198785156104,0.3307236766445901,-0.5953933817720981,0.964719696645861,0.9502017701307132,0.948920586393459,0.9494074044507395,0.9608441761652246,0.9711415160075332,0.9711850383965372,0.9305295597829512,0.9677157129509536,0.8484408489660596,0.7486665015236634,0.923653150502686,0.9302627817597945,0.7832789727969318,0.94877024723288,0.949779614807416,0.8959988463017245,0.9701111163840027,0.8321368172658747,0.5974474443704082,0.7100503932110914,0.8551439825760329,0.8463200353430943,0.8366746658802511,0.9781976639303075,0.9783945607962626,0.7693622826135339,0.7120770997009787,0.7821493577123638,0.38133878511641994,0.7737089198021573,0.7934718069670246,0.7888628218734237,0.79101151647332,0.7607683700075327,0.7399929333899384,0.720754513178257,-0.27903327136481676,-0.42932139066633035,0.6713862789746725,0.8893499864561857,0.9249469358864898,0.9414602292407942,0.9120575303926834,0.824066380712214,0.9099756174381236,0.9300938215647716,0.928824443158778,0.7756718134457005,-0.13578502389193],[0.9959880052609422,0.9913252620674682,0.9907229800347775,0.996438701513526,0.9985116453438815,0.985952519398075,0.99743528229814,1.0,0.9686130893336778,0.9999998207726358,0.9999992641734368,0.9997287747905597,0.9999970349178725,0.9999921725335292,0.9999981308106487,0.9992810783123226,0.9909865678818772,0.9994167124732587,0.9999036431708962,0.9999032424302275,0.9999626315028115,0.9999987328075002,0.9911683253483867,0.9762621597619608,0.9925469530419556,0.940061453190441,0.9937842256729973,0.9891499644548478,0.9756484787732037,0.9488550894110037,0.9879065858643,0.9938017729324482,0.9917018464944494,0.9702891341604479,0.9994542153918579,0.9995449551196991,0.9996561258363864,0.9997282833922781,0.9991298469040101,0.9994719187762654,0.9981423659100352,0.9987514635796222,0.999525243327001,0.9993878553938039,0.9828826874166271,0.9269279630104205,0.9461920957959636,0.9468057495044194,0.9299764920698689,0.8762990629763004,0.9550635760245295,0.9389927590866316,0.9569594199613203,0.9539578308252994,0.9446106982866854,0.9791998642171199,0.9772140450783278,0.9903744112106134,0.9969501194401197,0.9426676791343104,0.9591066961146274,0.966586133147685,0.9706752301894388,0.9685797564898155,0.9459808434949672,0.8964026465297624,0.9502882075042786,0.953968266357444,0.9333234808393209,0.8815976332187936,0.9645406694257276,0.9333626499297925,0.9620657457228204,0.9433752276664883,0.7632859268085205,0.8479610552877221,0.7737547337247409,0.8632348925532922,0.8830418882619065,0.8902578494439567,0.8690741317909304,0.8787487108069929,0.3126628976219541,-0.5999771973476452,0.960372975769072,0.9431967998343248,0.9425840030206921,0.9473992156366173,0.956013356541634,0.966866218574481,0.9668983949892284,0.9253807512661195,0.9606821899059015,0.836756599399194,0.7453962536333645,0.93863982261264,0.9413306099611574,0.7793295554441776,0.948460692800982,0.9496287586570111,0.8934367845006462,0.974222737958503,0.8352265297671609,0.5831291254202595,0.7011486857843865,0.8562501207589887,0.8431764444207328,0.8389826568866717,0.9807621406073825,0.9809634451518362,0.7601950329163009,0.7041316021528112,0.7835618136437755,0.3683577392360837,0.7685267199278201,0.7889398587308912,0.7893955424448289,0.7854048892701873,0.754324674251986,0.7340678119428117,0.714229399410128,-0.29502529078698503,-0.44428239189469965,0.6566593560606694,0.8815937829499148,0.9224681436468215,0.9338477440216664,0.9061592151293709,0.813150772616827,0.9035095761011457,0.9237947937357835,0.92280556711422,0.7565058531845699,-0.11865696924341404],[0.9691948384111635,0.9839938345842085,0.9904570637776249,0.9714959044266384,0.9840476804936493,0.9920976665024146,0.9576321546162533,0.9686130893336778,1.0,0.9836131511885284,0.9876964990826999,0.9897968640783177,0.9723121775487924,0.9806299551322024,0.9772328332800462,0.9750385887603963,0.9489656262320565,0.9797706327469258,0.9779763553427802,0.977944234977697,0.9820815586497942,0.977112979017389,0.9940139858458228,0.9922341708750062,0.9815442793153956,0.9879915053630228,0.9845427858272819,0.9894290856034484,0.9901010363905852,0.9654992810751388,0.9285420005828928,0.9501212415328303,0.965416972222735,0.9476158215168435,0.9716543092002112,0.9799456323704182,0.9767492959392673,0.9791177775703963,0.9878404696160968,0.981055584893828,0.9674945186055958,0.976810331931764,0.9724901513421031,0.9714508923855454,0.9989078777806154,0.8852310856606095,0.9153116322590897,0.9363510993298385,0.9253027941814381,0.8477325139867384,0.8851570649054877,0.8797767220405714,0.8888954525463136,0.9091261267500887,0.8912521589430745,0.9288049228422954,0.9439643733468213,0.9497503193921767,0.9626403370914163,0.896090813955783,0.9624979359473567,0.9394327426931132,0.9611553482115569,0.9395017231681576,0.8940459860592267,0.9048485906328256,0.9347442396040465,0.9072515881476055,0.8701779828990768,0.8680315228247919,0.9624849319963353,0.9121905697019198,0.93807266179013,0.8990764518091332,0.7994802274270093,0.8292510720494597,0.7112732649114664,0.8505126876462635,0.8673708035102142,0.8809779181750814,0.8292294534541074,0.847845874272097,0.3552929258278366,-0.5405341323849929,0.9511423082807051,0.9446932956426846,0.9412680101517757,0.8953151648368962,0.9405711282350137,0.9494419158738729,0.9488429076149564,0.9314377077734768,0.9335283127509926,0.8540902775203892,0.7479940296579121,0.9300576013100209,0.9568114001008925,0.7742858185759667,0.9283858268494213,0.9301179883979145,0.8501104440897298,0.9677658500505244,0.7438026597213335,0.4780971727505185,0.6435443592603556,0.7754651257616354,0.7737854763081019,0.7536276797893083,0.9672451047253737,0.9672669509094632,0.6890398290746794,0.664164996177649,0.6771328588986717,0.3574572291756038,0.6822623812217331,0.692072767403005,0.6778427272719969,0.6901236156300611,0.7285868790361891,0.6773952523735374,0.659782029954706,-0.34013894588765725,-0.4752530336942339,0.6712502118020616,0.8405180348957647,0.838291295988551,0.8648815557682877,0.8629788428184413,0.75214835901928,0.8170123855786408,0.8440892069644802,0.8381666526909803,0.7081728160273931,-0.058809784014241036],[0.9963174530257615,0.9913450502084226,0.9934832750104321,0.9968127829967739,0.9985114344694523,0.9853295378326945,0.9995889756121523,0.9999998207726358,0.9836131511885284,1.0,0.9999990954276075,0.9997339031379161,0.9999984905045024,0.9999908861253822,0.9999976185656021,0.9996559026813835,0.9977400842162931,0.9994102969496105,0.999874456724729,0.9998744025434466,0.999975653111808,0.9999992619549902,0.9937524956075304,0.9776947906395412,0.995874169565232,0.9735856762056188,0.9959653369915407,0.9891260054992219,0.9799419842457688,0.9500070309888197,0.9892307462030786,0.9934579327423921,0.9890324414951335,0.9665374720333876,0.9994672301657891,0.9995353426613768,0.9995465472805676,0.9998193104918639,0.9991441965813953,0.9994797593578666,0.9983291177106016,0.9987896864563326,0.9994699028351615,0.9994647473037471,0.9871475260239252,0.9269430900550005,0.9462298571483853,0.9466413533221184,0.9297768123953633,0.8764520813522382,0.9439494589022678,0.9314147418326985,0.9475888709071549,0.9518682483203414,0.9423823626563237,0.9775441181900938,0.9772483879386012,0.9908274618324768,0.9967154355800106,0.9716782114189321,0.9590075401172201,0.9724560526608952,0.9706192444952154,0.9728907705771702,0.9726167470978015,0.9434647006653066,0.9501999065435424,0.9490265993755507,0.9486745400230072,0.9086189171652479,0.9644525191758233,0.9637538184198596,0.969506944267244,0.9684868535470461,0.926345789306609,0.8480181229279535,0.8027173208642135,0.8629914975247244,0.9038036941298272,0.8901146359518305,0.8964261707123569,0.8955203157815798,0.6919612718900131,-0.6111948100191561,0.960310191846308,0.9432085067169572,0.9426038785814248,0.9728650711915193,0.9512085937446982,0.9664362076193532,0.9660296530464452,0.9259679190070906,0.968328098023066,0.929293878070395,0.7454133785291504,0.9382949108462858,0.9537203846633916,0.7608269831425889,0.9414080697074714,0.9427571900815006,0.8935079890343239,0.9733219221049725,0.8945030381028437,0.484515130350548,0.6753948620480692,0.9002124482611024,0.8477269250100766,0.8955336139937079,0.9807151247872585,0.9809492852723062,0.7602631735738086,0.7038852088159362,0.7634720501717641,0.36849128385303476,0.7133087593173898,0.7685975394038125,0.7639054312898971,0.7294621157108556,0.754082757955529,0.7340570592920287,0.7141971696446591,-0.5189877999568506,-0.6003667962587563,0.6568244809156311,0.8817714710913135,0.9222047996181144,0.9371652954623696,0.9063738476325307,0.8094234983126859,0.8967077095805593,0.9155661041469049,0.9150194052023148,0.8048004048388755,0.1073994643745359],[0.9943821367439922,0.9913512320488627,0.9975055603009962,0.9951249593967684,0.9980871796667952,0.9807994196250106,0.9995333633226895,0.9999992641734368,0.9876964990826999,0.9999990954276075,1.0,0.9997339521578353,0.9999962331598807,0.9999944504228799,0.9999982012978186,0.9996334861527153,0.9973118664598478,0.9991077379704112,0.9997627974567863,0.9997626096290569,0.999998343630767,0.9999982181431459,0.9926531473657083,0.9718965890540668,0.9948025328252375,0.9812092531995337,0.9954327609224093,0.9891431886835959,0.9815416915825208,0.9401252641430033,0.9877009079935228,0.9925311293080754,0.9818326166444082,0.9379262949831713,0.9992021815805808,0.9992625934708118,0.9991947339411473,0.9998847063496915,0.9991250416512523,0.9992054172015328,0.997672293415721,0.9983193012705814,0.9991702652205745,0.9991674216274915,0.9889832206026082,0.9266211915810326,0.9079237560832802,0.9465674686663819,0.9296473108456214,0.8760788859518343,0.9076617959832213,0.8947114455099354,0.9126529268040867,0.9209076446121366,0.905823102689579,0.9681413817180773,0.9681109248289128,0.9898089855864041,0.99501860163824,0.9636349680707906,0.9591065291818173,0.9601728293452934,0.9601206420827115,0.9620364974121048,0.9617564362749675,0.9179474031867391,0.9391952430981497,0.9148378353243517,0.9143264478793036,0.8333778687514402,0.9615632582820607,0.9680112510983446,0.9639848610482361,0.9628620478309463,0.9161626837879452,0.7667098746506416,0.7225215232378408,0.8169914720434167,0.8774022300808918,0.8414069047588059,0.8593484115193587,0.857822599745122,0.6833228186004464,-0.4365943134093633,0.9458188317706239,0.9433144838538005,0.9426729538052129,0.9649773030313693,0.9367442079209167,0.94915862414103,0.9484477718561145,0.8932881384639743,0.9524394602182932,0.8993554879148008,0.7455606379408842,0.938670676652128,0.9563889873095359,0.6290899900903577,0.8938574261646228,0.896919274060822,0.8478490228771534,0.984040799971363,0.8353710152197783,0.15074676332546577,0.5199631670372555,0.8477969444321143,0.8110949247613797,0.8417040181774181,0.9847687369976167,0.984780960008989,0.49631540159638116,0.6068955227939666,0.5038277597844605,0.3683893206177761,0.46766834247638994,0.5165898047214352,0.5058221323660674,0.4421428836091961,0.7408468975749966,0.5844602987963887,0.5438842569943766,-0.48443151308079835,-0.538496523754583,0.6561773555325372,0.8600634996800122,0.8729820243014641,0.9022093016508416,0.8998483138190237,0.6564362390676373,0.8360399834117475,0.8647200618596057,0.8639361171238407,0.6061941326766574,0.0467222407174464],[0.993933619836639,0.9932022455110271,0.9966075666640158,0.9949280021129762,0.9981275785815976,0.9796967165988246,0.999548646681873,0.9997287747905597,0.9897968640783177,0.9997339031379161,0.9997339521578353,1.0,0.9997486815596499,0.9997321145024559,0.999739557785041,0.9996330971484644,0.9979537286011417,0.9993211687293196,0.9999659340996344,0.9999656085008147,0.9997384986498025,0.9997449253702186,0.9918741547305326,0.9670237253289714,0.9932943903837687,0.9812370378743556,0.9941711803306021,0.9921531628288,0.9765976215345589,0.9169770015748292,0.9902868516864808,0.993476797500976,0.976638632840662,0.9150210942433433,0.9993289941937197,0.9993841020429756,0.9993387735827571,0.9995304372610545,0.9995557038405005,0.9993577565154808,0.9974755311877297,0.9983283729623748,0.9993144415694661,0.9993109210331356,0.9899994500701536,0.9215105648349993,0.8920919386707997,0.9434055346905715,0.9291735531363053,0.876174551080528,0.8667789818348491,0.9076470730577866,0.8710353267785187,0.8920574986649815,0.8646135729048172,0.9540606315182832,0.9540352013098444,0.9795665274025547,0.9940765395023411,0.9622537995222851,0.963723622144217,0.9557331501759856,0.9576213614931056,0.9590649063616451,0.9589081230948682,0.9179186471614259,0.9301429423349292,0.8998163171750988,0.8996825017876935,0.8133498171125364,0.9596237337273076,0.9621955395245889,0.9623154694285514,0.9617604903109779,0.921974451418396,0.699703330849,0.6497678635776759,0.7714383178432941,0.8485026246886901,0.794230751670993,0.8222486246480436,0.8212600575836809,0.6492792560918714,-0.3479531945212975,0.9395303991812888,0.9465907282671246,0.9393093034175292,0.9633071543346814,0.9369035532169566,0.9439601523471083,0.9430598539474337,0.8896207679387022,0.9470848648574388,0.8945744895320913,0.6853126499304666,0.9356997458181265,0.9299376923798739,0.468915639738159,0.8255420517132698,0.8309180343281143,0.7306752657097504,0.9766358416629838,0.706211024363778,-0.22284680469708446,0.24356782279071731,0.7306679114172353,0.6846210249388216,0.7240286085670344,0.9778233126908463,0.9778930090897505,0.15611326680555707,0.312823693191375,0.1609137403561867,0.13283268959669625,0.1531924737194821,0.1705533801279607,0.16822413575622064,0.08483710332580303,0.5079866172772621,0.2393913673740413,0.1866781251520631,-0.5076063476776344,-0.549868670610716,0.6569073367094787,0.7502153923700076,0.7744855526550236,0.8366181376393564,0.8257724628802483,0.5525855291837014,0.7455083432790683,0.7692058550892773,0.768053163087359,0.4195325826680704,0.2407640803909239],[0.9961096752091547,0.9914901592970808,0.9905963072847506,0.9965421745200219,0.9985440543008252,0.9858381744462039,0.9983507887434709,0.9999970349178725,0.9723121775487924,0.9999984905045024,0.9999962331598807,0.9997486815596499,1.0,0.9999906712665712,0.9999976709366194,0.9993325707219577,0.992735835473591,0.9994595372900507,0.9999130452775201,0.9999128512028157,0.9999698438716222,0.9999989352049313,0.9910650716625422,0.976099204832591,0.9932097601698968,0.9449979453715487,0.9937389671050433,0.9892839192105441,0.9754624234835015,0.9488314000118174,0.9888107323954948,0.9938769601072914,0.991794256003126,0.970443265036643,0.9994969213080122,0.9995860817379547,0.9996876416702434,0.9997289094026123,0.9991978004674263,0.9995148016243482,0.9982315082775463,0.9988231475733506,0.9995684975883882,0.9994314719088425,0.9826627721021552,0.9272269834554011,0.9463830630231058,0.9467630129482971,0.9301747398138814,0.8770625298346939,0.9554186299217823,0.9394036193641266,0.9573199975006438,0.9543261757397589,0.9450236680053733,0.9794562492807121,0.9774118183413936,0.9905184129943256,0.9970245257520028,0.9429649626924131,0.9592244719769458,0.966847397932948,0.9707861510685338,0.9688378683761231,0.9462292277545213,0.8965017060819787,0.9505174364193479,0.9543565314110323,0.9337406786569845,0.8819426045067237,0.9646029355764061,0.933558392698422,0.9622689910682232,0.9436525645637647,0.7633200379277478,0.8483615048709003,0.7742724616800016,0.8636159615953659,0.8833340308861555,0.8904635680835722,0.8694503340867458,0.8791302562276129,0.3129019651339983,-0.5999562080281908,0.9605424990451826,0.9434674251791983,0.9428189420174076,0.9476353279233598,0.9561980539280585,0.9670492730182532,0.967083118853799,0.9254981603612338,0.9609634975218317,0.8369028268368071,0.7455251882390672,0.9379629069598391,0.940816719054726,0.7794673060403864,0.9484916515232752,0.9496510850100067,0.8937767375063148,0.9740690846497524,0.8356984096364262,0.5841903309039397,0.7018167534633083,0.8567127897419465,0.8437074211167522,0.8394509971532432,0.9806903069813536,0.9808915341658526,0.7608273373451717,0.7046893443432494,0.7841586977667694,0.3690917885938752,0.7692053719137646,0.7896270944005415,0.7900033942795881,0.7861144985035768,0.7546925161118935,0.7345209303701646,0.7147038736427318,-0.2940583289752376,-0.4434177216961004,0.6571522646713591,0.8821137411731551,0.9229193966060291,0.9343757117757774,0.906628483208319,0.8137166908611898,0.9040838968734305,0.924360847489639,0.9233602688865525,0.757185682423015,-0.11968720244177812],[0.9961426895037897,0.9913454089397318,0.9928775984563489,0.9966660169906099,0.998544030173677,0.9863153556457076,0.9994538086203092,0.9999921725335292,0.9806299551322024,0.9999908861253822,0.9999944504228799,0.9997321145024559,0.9999906712665712,1.0,0.9999946750588818,0.9995330783285888,0.997664615765328,0.9994141186156649,0.9998970408677038,0.9998959750117903,0.9999506211632544,0.9999907981436872,0.9930617118192723,0.9765087519467375,0.995591794211598,0.9675894767503364,0.9953644658685273,0.9890891267475704,0.9757769386362912,0.9489930950903612,0.9889340333390952,0.993830237867131,0.9910091635402872,0.9699055905078765,0.999466660288689,0.9995373278339457,0.9996023980159757,0.9998797377779337,0.9991557967098633,0.999461016179555,0.9980609850790766,0.9987396166198701,0.999483384945752,0.9994759931893261,0.9851349166238497,0.927104524412701,0.9461163606682674,0.9465052633847699,0.9296120650243933,0.8763699759561665,0.9491706077906519,0.9310371447685183,0.9513442963970611,0.9536617518199574,0.9443031436843633,0.9776280298386603,0.9770678669738431,0.9897154970080422,0.997022843957621,0.9718352086463218,0.9587719524034664,0.9724224799140914,0.9706181513070141,0.9734171496816386,0.9731295681487584,0.9520117863492308,0.9498846553446232,0.9533280767132176,0.9529571805757718,0.925006814126542,0.9644860460919605,0.9666088676969369,0.9711164979637377,0.9699570940722613,0.9357264542696903,0.8476627456402934,0.8103021350711029,0.8627195322178906,0.8948199117533874,0.8900094729963506,0.8910034422163758,0.8897726369530605,0.6695639616269486,-0.6003243623189365,0.960324090238302,0.9431006013254328,0.9423435094874237,0.9730290990371893,0.9560572698978582,0.9668304401579931,0.9669184306794468,0.9253979137124119,0.9673469335393466,0.9374552701225665,0.745231293796495,0.9379767942116033,0.9467911329864865,0.7783911946602139,0.9483032929301544,0.9493955854769168,0.8933805657414035,0.9744359964281047,0.8837972204170598,0.5835110324635682,0.7006799335082073,0.8913808445046224,0.8559032784916718,0.8819626982031982,0.9809842913594067,0.9812153670892089,0.7593372616060968,0.70329230172772,0.7996744262603825,0.36843474257295067,0.7730121914112901,0.8042916003956637,0.7988339097149064,0.7843177830786274,0.7541488048278139,0.7326946089712176,0.712875291968172,-0.3863857535389053,-0.5070655187353366,0.656034822787778,0.8817740151034928,0.9196164402435038,0.9297435388812832,0.9067228314099847,0.8123129009964041,0.890659992525843,0.9124641616288515,0.9120469654482967,0.842646950255637,-0.08678555175395615],[0.9960345168762165,0.9914104747376706,0.990782227586905,0.9964845192719068,0.9985441986020827,0.9860226588623789,0.9991458426523407,0.9999981308106487,0.9772328332800462,0.9999976185656021,0.9999982012978186,0.999739557785041,0.9999976709366194,0.9999946750588818,1.0,0.9994275053405371,0.996893839077376,0.9994336994303086,0.999906764553391,0.999906056029144,0.9999638452993022,0.9999975059144935,0.991212920618689,0.9763266994541807,0.9949402584778972,0.9589477477367363,0.9947460026372439,0.9892335220178485,0.9757029551943049,0.9490303575086476,0.9912663209869284,0.9941499617154796,0.9916475337739847,0.9701921460759931,0.9994666441128456,0.9995467820923809,0.999663881992773,0.9997445364157358,0.9991606523926501,0.9994696363730792,0.9981688715252549,0.9987689206655597,0.9995358453428682,0.9994013392379113,0.9828807470994566,0.9270079200263245,0.9462123002331496,0.9468015563144233,0.9301013969351464,0.8766255037298634,0.9551473979238592,0.9391337192487887,0.9570762626958886,0.9539064166609896,0.9445272068731686,0.9792283223171339,0.9771585435658877,0.9903442673767088,0.9969140213618958,0.9429764709277859,0.9592006582790853,0.9667601947800375,0.9707526308223018,0.9687389267683557,0.9457775187866229,0.8966269788523914,0.9501846998291822,0.954034589557866,0.9335456719422018,0.8817338779175025,0.9646912027367281,0.9337248958578618,0.9622779631091012,0.943699297249122,0.7636478351717845,0.8479448809572482,0.7740267723170682,0.8632629216080173,0.8832179793679601,0.8902577552694385,0.8692321490683806,0.8789234837013693,0.3130264603493986,-0.5996739292325927,0.960455174375955,0.9433553677854458,0.9427218440546659,0.9460115347291763,0.9561936222077665,0.9669466244247455,0.9669754006858725,0.9255730144652813,0.9608570591429603,0.8370349564183066,0.7454330885250521,0.9383150911510693,0.9412223832150213,0.7793180420286467,0.9483809421499658,0.9495535133053401,0.8932537415726528,0.9742411049590471,0.8352631279559276,0.5829615617452211,0.7010361727194869,0.8562642683532173,0.843308166503034,0.8390163292078593,0.980805038402952,0.9810032095256682,0.7597955331153615,0.7037749824358392,0.7835452780625167,0.3686319779795128,0.7685064661613445,0.7888615564559314,0.7895580898976368,0.7853059261208127,0.7542387988877493,0.7333045943277242,0.7135012245980501,-0.29483234563398447,-0.44408501822226043,0.6569172411656008,0.8815011768981174,0.9225971388462119,0.9338946642351609,0.9062006452371415,0.8129469219154644,0.903720431402602,0.9238365334673881,0.9229655118279816,0.7566071651556378,-0.11893993968818788],[0.9975992890788211,0.9937362132563126,0.9901870766649666,0.9978910826673129,0.9990552052961852,0.9856676622186479,0.9998879642112705,0.9992810783123226,0.9750385887603963,0.9996559026813835,0.9996334861527153,0.9996330971484644,0.9993325707219577,0.9995330783285888,0.9994275053405371,1.0,0.9983130965999785,0.9998404091626796,0.9995217554981137,0.9995268498026699,0.9997532899199919,0.9995067049306773,0.990827501608889,0.9752371590359672,0.9935018672710214,0.9508494894133688,0.9931374639550837,0.9910538834201498,0.9737192223784035,0.9496083128856218,0.9917594054779652,0.992518727564603,0.9925875192991339,0.9724558278553923,0.9992481306214916,0.9997250482627197,0.9997026690579398,0.9995452690934064,0.9995595916644059,0.999678067854244,0.998801047320987,0.9995571805517294,0.999491549538024,0.9992414725054668,0.9813687325273839,0.9256378744990167,0.9485050859508813,0.9423935776889542,0.9302721072931143,0.8842373591496652,0.9573632035190295,0.9439755837713079,0.9595927880774504,0.9583909474897807,0.9491195858466751,0.9813690818981732,0.9794119514860576,0.9913743635973384,0.9964013708213415,0.947930916617238,0.962906679131807,0.9722566129700848,0.9733965852463969,0.973949276236162,0.9488721810406471,0.9031063041847139,0.9536891413796309,0.9598247326341297,0.9389335058163757,0.8912697487444964,0.9671941590073564,0.9391884160194107,0.96708869813523,0.9484732155423252,0.7732769596655954,0.8540257147063884,0.7788660098766309,0.8690467305338577,0.8888166772290974,0.8933213857027384,0.8733442454614411,0.8847247142090164,0.325530125784897,-0.5962502420311471,0.9638972127856741,0.9487223486821049,0.9477397925499366,0.9505714827909895,0.9604841969019017,0.9704008866956633,0.9704779971270643,0.9301335642459682,0.9666407947702138,0.8458639998825979,0.7470779235433093,0.9273952563883052,0.9325303835061758,0.7819307939473547,0.9484475864672783,0.9494060509273575,0.8935981802874787,0.9704773625483732,0.8345282546861938,0.5933791694872965,0.7065705673314607,0.8562989713729984,0.8