var element=document.getElementById("correlationAdjClose");if(element.style.display!='none'){var correlationAdjClose={"data":[{"type":"heatmap","z":[[1.0,0.9999919529018074,0.9850137657606197,0.9999245114786284,0.9989648692055447,0.987552255697833,0.9976500600342387,0.9955562293199611,0.9691204111610682,0.9958758793144523,0.9802134816630574,0.992886837080819,0.9956923067319929,0.9949468869691687,0.9956074053901424,0.9959434997865683,0.9965866928696393,0.9981875919365114,0.996279744285026,0.9962977278336991,0.9963461440014179,0.9956497487626957,0.9860603899953777,0.9704154002931481,0.9885764504502779,0.955545796753813,0.9874717856230231,0.9835987439538973,0.9653009214644586,0.9469704159580806,0.9936865623209752,0.9944220083398123,0.9919702445668767,0.9757813867701567,0.997561560254545,0.997837316773699,0.9972672242744288,0.9957535118346431,0.995391307561344,0.9977222015795567,0.9982249560062004,0.9987144652768709,0.9975073527360215,0.9975216895254689,0.9767711740697346,0.9167122116444673,0.7451911655739009,0.9082834567878477,0.9105351762136916,0.8439573119289642,0.9654694515974893,0.9457126645723561,0.9669107259116524,0.9649320618311643,0.9572286409346423,0.9855366434338679,0.9822686315053875,0.9850316758712769,0.9790786132582862,0.9867900657510178,0.9843622469835233,0.9873943666112528,0.9871943050670686,0.9647971368147814,0.9698481037205107,0.9727817379256168,0.9724791194535176,0.9476948799740121,0.9771463157794992,0.9751176417472915,0.983056520613644,0.9822671428281287,0.9380999991608939,0.867971185123187,0.8352331576423841,0.886531134188966,0.9104937384327741,0.9062651324177534,0.9083998028175868,0.9071247888776439,0.6462319806126565,-0.5707276428290894,0.9783062633982652,0.9712044720488299,0.9676151531921822,0.9858689402695667,0.9720122490347733,0.9827227370045918,0.9827066702252697,0.94750316392836,0.9828671544113673,0.9512368453998137,0.6677955538815185,0.8792460539108656,0.9188241291673345,0.7650273273933,0.9254510371074223,0.9442868229101017,0.8228434494757414,0.9600812824808099,0.8959847409137247,0.6322301661757853,0.7114365240064238,0.892121127107092,0.866100938019578,0.8891943248194472,0.9704295574165236,0.9706882730065368,0.740357280053883,0.7125476837831586,0.8250502257287327,0.3565046377104604,0.7960412776741025,0.8294004793136769,0.8161413581363866,0.8143728595706025,0.7578743671497368,0.7441070925991393,0.724852034695289,-0.2501566227442738,-0.38731954333988305,0.6452306887033032,0.8982916797993122,0.9424922163829654,0.9472529869474746,0.9172694073950145,0.8282296056422691,0.914307310651215,0.9357501488637207,0.9355137007306987,0.8701216493912507,-0.18910038068930887],[0.9999919529018074,1.0,0.9846586571425661,0.999791764184578,0.9978011749538691,0.9904449969215219,0.9935664081388257,0.989744101881992,0.9810835143664303,0.9897742200219466,0.9704251189172509,0.9919656299948868,0.9899580392787047,0.9898013655816505,0.9898470712704609,0.9898419467964014,0.9946300535580294,0.9954227720084519,0.992862937035183,0.9928617691422076,0.9898428775335301,0.9898979419818198,0.9892074147529106,0.9658565319469229,0.9856429927987769,0.9779727220391834,0.9854173299046276,0.9835332225553933,0.9752728881402151,0.9171722139203884,0.987831158676087,0.9845943041042157,0.9769904865532482,0.9186994063943219,0.9950206236374164,0.9948660023470357,0.9951405227536972,0.9907621504046521,0.9946327716576546,0.9951372409214473,0.9960198081947712,0.9967651061264942,0.9951202908388057,0.9951284775975197,0.9874468637629622,0.9164258284343333,0.5910696079612452,0.9081997697565316,0.9107773068616596,0.8441016315478217,0.8716671494027497,0.9148258713222943,0.8752234452008784,0.8979096425497625,0.8708009533250932,0.9547998681244647,0.9547199820602614,0.9767503774639886,0.9801851100015486,0.9747982807946456,0.9744557456115885,0.9772314398577442,0.9771480261804757,0.9412502206058967,0.9499983231210416,0.919632975497119,0.9195400359826045,0.8271185135218737,0.9723888359549363,0.9744744440565539,0.9747099819368492,0.9741629363186851,0.9379869234558866,0.682037288252479,0.6260124295982951,0.7696952514984354,0.8572727250658367,0.7922719473591748,0.8259265605922527,0.8242501068141082,0.6245371412492057,-0.27266541236611413,0.961172238837946,0.9672889233983291,0.960912631375326,0.9775535858990094,0.9583341813070444,0.9653318795042208,0.96449989661704,0.9126683696406174,0.9680083750140874,0.9177545202630584,0.5148827068993567,0.8788443272204032,0.8756179483671825,0.32778316452657924,0.6887454922676296,0.7721491877036043,0.6591070350461752,0.9600282778116708,0.6687950002153805,-0.2562412465685318,0.1575118468999025,0.6377780663632455,0.6433183541247146,0.6899920043260026,0.9616206731645879,0.9614949569023129,-0.05165613717579591,0.190328797370314,0.029660114564999267,-0.003818916326097904,0.024405794414667926,0.040935665604745756,0.008739722550404139,-0.03680274035789547,0.39779672896282,0.13167325386329978,0.08146381671476956,-0.44854862367393344,-0.4861697883436801,0.6456915256175059,0.7484304258173341,0.7729598334791312,0.8308920165382206,0.8257269540452777,0.547151281697522,0.7363094441537288,0.7679702807461456,0.7666377606430829,0.4154225042482821,0.19174556832149856],[0.9850137657606197,0.9846586571425661,1.0,0.9864291011273201,0.9930821106846787,0.9904674803213087,0.9906359682454683,0.9911287107953775,0.9898876990490059,0.994342113748328,0.956682399034778,0.9970814977603227,0.9910190337600304,0.992945156141801,0.9911879436515277,0.9913027018899679,0.9922858957207908,0.9905513407912819,0.9897590014624383,0.989726486592997,0.9928750123557194,0.9910574917578774,0.9939468161564127,0.9806893851063228,0.9910142720115477,0.9786258709139909,0.9914657806310235,0.9826112917836195,0.9833926971130923,0.9512894965336236,0.9721819026153407,0.9759669934811536,0.9780637271093753,0.9515134746067969,0.9879349006600243,0.9910550593303001,0.9893757262645366,0.9930003187882938,0.9950135962697458,0.9921468272312461,0.9868416054392248,0.9881890620564723,0.9882229144039293,0.9875962479780657,0.9910150582319017,0.9160127113430132,0.6858932351087624,0.9310822194171096,0.904640728009134,0.7612995888083429,0.9256834080936047,0.901006084663927,0.9279848774140393,0.9250087513869882,0.9141134021075975,0.952438882858745,0.9600141754777598,0.9336154222195249,0.953313469613416,0.9566974473473998,0.9629306900484923,0.9571825839286846,0.931532073303503,0.9046916603516137,0.9323488427397658,0.9270285364702008,0.9097192116955702,0.8711396177951162,0.9628774821184864,0.9409229071632822,0.9573311135416612,0.9360239457719264,0.7877142831425253,0.811874270140365,0.7397830186117532,0.8328741657252026,0.8730109540435236,0.8717320469431341,0.8417066899324752,0.8559290375497095,0.325098857417116,-0.5687679142008968,0.9503363976989799,0.9282005864177498,0.9306509756475102,0.9340216963360317,0.9446856542679783,0.9545850234948067,0.954272826301776,0.9186446252884383,0.9505562528282391,0.8492723105798675,0.6423113811471264,0.940128625903925,0.9401712977382541,0.7285117494394158,0.908306364194491,0.9291080175784626,0.8087468317357384,0.9791027610348605,0.778293925544735,0.5389745785430698,0.6518259417709008,0.7866855078907503,0.7921846793380601,0.7754682647566838,0.9825045124775804,0.982567977768647,0.6612994384831967,0.650207566411969,0.7130433930577865,0.29116045539724705,0.6924820637588902,0.7117796306493307,0.7234799070456807,0.7083704475188201,0.7139017937722317,0.6727274368767677,0.6517127646970404,-0.3209891667821988,-0.4578103656516079,0.6047939991385054,0.8590529877401462,0.8922023397606474,0.8944501381509751,0.890644236805326,0.7591031739588762,0.8665153458958447,0.8808534788873935,0.8893148487534115,0.7387445426416933,-0.10945533869395904],[0.9999245114786284,0.999791764184578,0.9864291011273201,1.0,0.9992580161508094,0.9885396356459545,0.9979686258113617,0.9960611022401298,0.9713902987760988,0.9964582704954544,0.979866332521519,0.9941749511731555,0.9961792158088051,0.9956396852621815,0.9961108439029401,0.9963852494946566,0.9971363391258318,0.9985164396477045,0.9967209521714591,0.9967355955454673,0.9968432369829323,0.9961396224575182,0.9873191869475539,0.9717489766415193,0.9896449952515943,0.9582048677410091,0.9886504860687916,0.9857310434409039,0.9673760941264502,0.9481560911029326,0.9931295752585808,0.994053484467383,0.9920518479168532,0.9754231185238336,0.9977079740099298,0.998119169122473,0.9975644395102673,0.9963018652102172,0.9960999216880472,0.9980422769821714,0.9982517136451219,0.9988494426449024,0.9976456993154308,0.9976563799128018,0.9785940655612406,0.9125100539776072,0.7388610931702408,0.9090455782449636,0.9084758057716245,0.8341319618476485,0.9625511476231269,0.9423094706527191,0.9638857636246538,0.9622937158875018,0.9543712052862033,0.9834704654604437,0.9807538108825484,0.9833608572836074,0.9775410484870171,0.9853000128164126,0.9835746104425549,0.9858248116048449,0.985622193432077,0.9521668702439645,0.9682961513361712,0.9710998629070695,0.9707983500419098,0.9413624305139078,0.9765305701446536,0.9717134609871049,0.9813754761226808,0.980548995939086,0.912467328767745,0.8659630613124815,0.8306053385304537,0.8842636404242528,0.9070841330792933,0.9054417210320126,0.9054877523476611,0.904277566605066,0.5438346177506849,-0.5706828726801805,0.9771787944405821,0.9692847983772241,0.9656334900580593,0.9842052349432605,0.9709532622036675,0.9817067980873666,0.9816905095195847,0.9465315220192123,0.9811619324491112,0.9321373182432238,0.6730417288248336,0.886815896550796,0.9232429576853127,0.7665862018503677,0.9271496378691172,0.9457331894012971,0.8231612870362816,0.9615364513647879,0.889852562544825,0.6288541257342268,0.7096654331049936,0.8870477419928416,0.8625381339915477,0.8837940223021358,0.9714759861018667,0.9717404631173043,0.7393736132259358,0.712817665833202,0.8171359862574777,0.35853549051317946,0.790401308228231,0.8212020729089593,0.8080108303935318,0.809078325538445,0.7606241104542938,0.7441465897961511,0.7249603833288981,-0.24553501744403955,-0.3865750366613093,0.6439094315529063,0.8964211664760595,0.9407066350153563,0.9455115516440157,0.9161602694476197,0.8254397616425145,0.9123414420293493,0.9335494452559586,0.9334661449617047,0.8625644021381231,-0.18182961391077815],[0.9989648692055447,0.9978011749538691,0.9930821106846787,0.9992580161508094,1.0,0.9914772878325386,0.9990586987018468,0.9983608074623415,0.9845848715174322,0.9984224053914922,0.9738819810027178,0.9978135620795017,0.9984020814067376,0.9982203295532883,0.9983945578687264,0.9984889028879468,0.998148437922644,0.9992285582722497,0.9987647163170844,0.9987659736287335,0.998472298419517,0.9983909363054734,0.9939124856871914,0.9794187524925498,0.9941203494122612,0.9767265361584524,0.994065933431194,0.989114138573997,0.9811960755969866,0.9515931706754609,0.9896493663977801,0.9922182049004281,0.9896205977353141,0.9666390436640286,0.998939238947556,0.9989776445702722,0.9989800003903039,0.9984972386992221,0.9985712034432888,0.9990817402812543,0.9990862061629968,0.9991491629053355,0.9989272147062406,0.9989271172142699,0.9888920528500864,0.9220379495120983,0.7143928667535083,0.9228434129953079,0.9123551613195232,0.8172645889766416,0.9466625689042396,0.931726461468443,0.9506645872768267,0.953920393174006,0.9454610844525447,0.9797422987043032,0.9796722773219384,0.9794560131945541,0.9716180437363355,0.9803900114411683,0.9793207010193824,0.9807165825911903,0.9804780425761778,0.9537372251289342,0.9584265857141551,0.9532907286741277,0.9529319178149298,0.9098115873229096,0.9735852801390653,0.9701251135176805,0.9766975398444069,0.9758107808042693,0.9338402902903504,0.8420842320766652,0.7980187113725055,0.8669092748174662,0.9102224726776496,0.8917616316910578,0.9002279976942978,0.899141839691988,0.7006773879861562,-0.5921943238597072,0.9701587731841892,0.9577682188616705,0.955240058317945,0.9805727168144899,0.9601464710331958,0.9743240788931767,0.9739149368493979,0.9363648851592778,0.9762495144303259,0.9401927213206969,0.6598795221616005,0.9062395039679978,0.9445447983019547,0.7193364355791443,0.906478559250305,0.9307024786926466,0.8170308849802842,0.9673067993621284,0.8816921407657728,0.4733020862905103,0.6432243042050387,0.8697029767728922,0.8277846430013327,0.8721340245451974,0.9755373049256872,0.9757448563698939,0.6936142867097348,0.6937640024508427,0.7370046441710248,0.33386148996417464,0.6772660139877837,0.7427501127984707,0.7193856818041003,0.6986555330171641,0.7448801097216124,0.7269277579189894,0.7067948917198166,-0.4643105683953006,-0.5424626881538015,0.633878554422632,0.8892071337201662,0.9251622903736576,0.9374013494673594,0.9124927879504464,0.8025495821383037,0.8956796494576954,0.9182869201441847,0.9177539858726198,0.796780714482199,0.03160598302819888],[0.987552255697833,0.9904449969215219,0.9904674803213087,0.9885396356459545,0.9914772878325386,1.0,0.9876009557726673,0.9878956889654925,0.9906830762165214,0.9874936339823724,0.9628066581487427,0.9797129120079241,0.9878214637188888,0.9890891944347102,0.9879582098148559,0.9879921038175794,0.9910801557316292,0.9890059589832696,0.9887351933275325,0.9887003687394281,0.9867653912911432,0.9878630531498495,0.9960098797339983,0.9918907317460317,0.9880560898013238,0.983507442041243,0.9879995304505365,0.9719207097080849,0.9857916767248688,0.9685675142548397,0.9699326953024174,0.9745342003817387,0.9827161006681477,0.9697584556791622,0.9874888258221224,0.9877156251976428,0.9885296473435382,0.9887344062605696,0.9817071714028437,0.9885281118395434,0.9876595986339298,0.9881360562344317,0.9875994713707141,0.9875696510787848,0.9950694273519987,0.8740172894055972,0.7132876991901547,0.8871139517122087,0.9054206832979346,0.8331830935298966,0.9288340732413511,0.9112367012727633,0.9308784752856945,0.9398898701272824,0.9265290965498203,0.9594552569691269,0.964109563122521,0.9687983905021863,0.9821217698413962,0.9698886436095522,0.9819621404765375,0.9696699736754333,0.9691302595748086,0.9702231226862085,0.9622877594167416,0.9439173639601138,0.9434360332458069,0.9339905468087787,0.9796932025811417,0.9720336542324013,0.9701475548591872,0.9686085846173218,0.9534081270874284,0.8644206360986668,0.8164335497771739,0.8845450445938394,0.9014276940482517,0.9093374316314178,0.8916712007928664,0.8896567394645946,0.6676338189629278,-0.5313126494881395,0.9762621642444829,0.9741797822892175,0.9704210513659097,0.9698938186224104,0.9673120913245288,0.9760296563267329,0.9756890190680196,0.9588795516395118,0.9654388042853687,0.9580769590940319,0.6768600659524208,0.8548446236628859,0.9422703770332307,0.7667007463636167,0.9180904843328602,0.9345656078656288,0.8172130954549608,0.9576732226237582,0.8441352799327483,0.5711306000979977,0.6817516720258221,0.8418616301247605,0.8215391875416359,0.8399879411920121,0.9595476033689659,0.9596641989773015,0.7002465332287118,0.6914489520673002,0.759265100666655,0.358727707917325,0.7410295425713056,0.7650109792460771,0.7512177880479152,0.7532973266780724,0.7467944839536933,0.7129309537523736,0.6959348758118966,-0.27533001961921744,-0.40398570975921166,0.6669593335515176,0.8784264271731979,0.8961829084006325,0.9052180602138802,0.8926810927761833,0.7965414503109685,0.8654000401887755,0.8876471238428356,0.8875268984260101,0.8311971800900861,-0.15209402753355256],[0.9976500600342387,0.9935664081388257,0.9906359682454683,0.9979686258113617,0.9990586987018468,0.9876009557726673,1.0,0.9972544403094358,0.958832428595308,0.9995499506099624,0.9736995579698365,0.9994690367909934,0.9982128439464631,0.9990927861588609,0.9990668933716358,0.9991852060421784,0.9967927560549692,0.9999018959215485,0.9992894306239611,0.9992956920785431,0.9996679057806821,0.9992600822000912,0.9906944454542194,0.9752134055072271,0.98459078663626,0.9256901105342824,0.992805399983027,0.9885407341237424,0.9727097885445989,0.9464583915929197,0.9920085834810568,0.9917771761238207,0.9932205134959825,0.9726279514570868,0.9988798273281622,0.9998280785187342,0.9996706639804039,0.9994177896635253,0.9996896609708835,0.9998583583398319,0.9984910003722706,0.9996919766296739,0.9993064805156792,0.9989316332077915,0.9826178791057963,0.9289137089712395,0.7304933095070781,0.9350686112867339,0.9224274856460661,0.810344499134477,0.9579678679361849,0.9417437994906532,0.9600878133630829,0.9583476599765895,0.9512705378816796,0.98178254078302,0.9802982682547644,0.9431633806938579,0.9582144347160989,0.970458250942136,0.9708126024572087,0.9721945423847532,0.9433401870052016,0.8958190222250056,0.9488277160245908,0.9570834023401086,0.9342771878628437,0.8830502902072324,0.9629695239430244,0.9336524543902105,0.9643472177003353,0.9436033115741954,0.7508325216463115,0.8366240470177518,0.7623176583387946,0.8537745576361495,0.8784627438729736,0.8826691392990467,0.861419465233936,0.874051171090562,0.27926105092332104,-0.6049082977160459,0.9607801197157122,0.9419148496507189,0.9412460196137953,0.9453330947961947,0.9570333449534331,0.9681419122949941,0.9682414159102646,0.9265142021894355,0.9644010997405011,0.8317056813877548,0.654396637924683,0.9066241977608588,0.923159258508831,0.7553757904164321,0.9243326152366393,0.9441194033876206,0.8175836415145064,0.9667021640119838,0.8314648352167926,0.6178645813942145,0.7001674582669782,0.8444821668198524,0.8415122615477545,0.8304923196146846,0.9756083324641109,0.9758766563826603,0.7261705085107444,0.6905282428647184,0.782515735313635,0.3289085112969492,0.7676706516118821,0.7921704153519152,0.7818660017828889,0.788657332166739,0.7409069890770632,0.7319754128256282,0.7109968981140665,-0.2632238755875393,-0.4115134566219274,0.6521944964857992,0.8913740425990153,0.9284662506240096,0.9438900301311965,0.9164366408081641,0.824065499062435,0.912404452159149,0.934057063307689,0.9334260526032983,0.7754498071148801,-0.14504862936669619],[0.9955562293199611,0.989744101881992,0.9911287107953775,0.9960611022401298,0.9983608074623415,0.9878956889654925,0.9972544403094358,1.0,0.9701444502525259,0.9999848766072964,0.9680958365986388,0.9996787222856515,0.9999969417163309,0.9996730055738366,0.9999979594875849,0.9998296491568592,0.9926842309679278,0.9993511031577493,0.9998938338418152,0.9998935392238418,0.9999589042007562,0.9999947183212167,0.9909940809698685,0.9763599818102534,0.9920694327710204,0.9399322665603558,0.9933100679467208,0.9859701501318427,0.9749012854808778,0.9452991642406451,0.9882835636878878,0.9940938779869817,0.9918724834456374,0.969333594519508,0.9994374162465941,0.9995096424348021,0.9996292469659328,0.9997018244349332,0.9988945443928172,0.999440140238534,0.9988202867419228,0.9986220586596765,0.9995068819740768,0.9993719466906437,0.9841319316492262,0.9289419397054679,0.7174645368228394,0.9404967944869888,0.9200850275703966,0.790183767445,0.956352428311832,0.9368801728058642,0.9580669697691975,0.9520194925737266,0.9448203555598811,0.9797752548037774,0.9771146744021229,0.9376272719858886,0.9528338733370263,0.9629826083773589,0.9670655499378312,0.9651818558057801,0.9414223897045187,0.8858889601703844,0.9430961312426577,0.949424763795121,0.9283365390773236,0.8685256922938392,0.9596283224284051,0.92654668813515,0.9580738858445402,0.9384570607208802,0.7353267302462498,0.8269919950590433,0.7573775600113339,0.8441450435188915,0.8699471990518851,0.8769338372298541,0.8563624188204813,0.8661892316495381,0.259174947803768,-0.6104000787838363,0.9556557340739016,0.9331072115844322,0.9335856203610511,0.9431698232190078,0.9513069331621999,0.9631288717543429,0.9632344221036413,0.9199559394790456,0.956428728548213,0.8177151842498929,0.6500542679481731,0.9252191120388054,0.9352645460767309,0.7503113986624171,0.9237585098669161,0.943796164590843,0.8149218267677325,0.9712594269935231,0.8350636916350994,0.6034895748910055,0.690810130829344,0.8456304026483975,0.8384359994636116,0.8337312204173242,0.9784968327350494,0.9787645146672657,0.7161537648810191,0.6817899623462764,0.7843450860892957,0.3145273129541541,0.7624306264588654,0.7877519336854305,0.7829948117497373,0.7830628828514965,0.7337722587833986,0.7256470722738352,0.7040062252949949,-0.2800692368352114,-0.4273848222820814,0.6349184254345308,0.8830393174745471,0.9261416767460017,0.9361762772484408,0.9101617391653751,0.8127051687217445,0.9058718494444777,0.9277272171016415,0.927343629981908,0.755430114150813,-0.12731588231616353],[0.9691204111610682,0.9810835143664303,0.9898876990490059,0.9713902987760988,0.9845848715174322,0.9906830762165214,0.958832428595308,0.9701444502525259,1.0,0.9855482697006318,0.9430842231082934,0.9901506280738818,0.9738899717068377,0.9839298471077679,0.9788223391010943,0.977809343564414,0.9533397591558194,0.9809673106896716,0.9794516360244312,0.979395249697151,0.9835409762503011,0.9788200661537285,0.9946750072106181,0.9909263072532589,0.9825863109982278,0.9861385017148956,0.98541594903893,0.9864992732395657,0.9889514743569802,0.9613605115293877,0.9321101525861952,0.9535320610617142,0.9695411234130143,0.9501115850017271,0.9734292498959953,0.9815377121399828,0.9784854179260126,0.9808803094476679,0.9882176684384771,0.983162607792349,0.9715082593147922,0.9780020385657004,0.9742428048207808,0.9731899983403639,0.998814410586069,0.8901520004301565,0.6660199932340192,0.9321216015637889,0.9186471161606341,0.7713682313219006,0.891172792055151,0.8802045134508403,0.894645226441789,0.9099838233986328,0.8960673640735055,0.9336711369257864,0.9482151513354719,0.8897452023678115,0.953473042774101,0.933400776397447,0.9555491036373198,0.9337892446862992,0.8878725162254878,0.8875931448107146,0.9238379519471906,0.9000805965412866,0.8633407122040185,0.847396365635561,0.956482592286438,0.9039006570755993,0.9330520647770949,0.8930964511022285,0.7673755382686969,0.8011680563491406,0.6901106095312252,0.8242123183153586,0.849835812836947,0.8621514246319644,0.8124029066736215,0.8308784799342794,0.2933381480274194,-0.5599930527333216,0.9426922787117624,0.9294914689906911,0.9281117047129863,0.8900157711621431,0.9317612913444918,0.9423238790974768,0.9418943279642427,0.9175502000520144,0.9264165486698048,0.8278985625313223,0.6534366833396237,0.9168976980515218,0.9509021783035437,0.7346490461263911,0.9042563843174736,0.9223055379398832,0.7979693201887124,0.967351354581523,0.7470640891518605,0.5060715546300855,0.6343068763750709,0.7668481269645296,0.7712986161134687,0.7534227848790507,0.9670656570382824,0.9671045629759435,0.6456607673312339,0.6394230100070784,0.6806004864292461,0.29823675938167665,0.6765712259314001,0.6930684750043344,0.6744401474065461,0.6894517544576617,0.7082341141990386,0.6706985923399507,0.6507808128684728,-0.330102621415774,-0.46365756793621205,0.6577362542099198,0.8491551411098524,0.8482443979372232,0.873106457968065,0.8747465520736344,0.7571861832131517,0.8246396731385006,0.8544837754934765,0.8492114601637213,0.7142707557056804,-0.06728585651968481],[0.9958758793144523,0.9897742200219466,0.994342113748328,0.9964582704954544,0.9984224053914922,0.9874936339823724,0.9995499506099624,0.9999848766072964,0.9855482697006318,1.0,0.9674312988240782,0.9996777918692888,0.9999817341961371,0.9998441930385908,0.9999903182917006,0.9998801915585033,0.998082818450837,0.9993432025797679,0.9998352140072766,0.999834228985336,0.9999676353985733,0.9999828248449524,0.9938815995651071,0.977808133204297,0.9953480265172856,0.9750554307485445,0.9954851240320051,0.986000957881052,0.9792747531762489,0.9465821278617296,0.9888883377106686,0.9932053193601138,0.9889526640124728,0.9650219816711231,0.999370324889102,0.9994502590264541,0.9994560392595272,0.9998472446047848,0.998903973679835,0.9994268964498862,0.9988687709762261,0.9986372032517895,0.9993661148533155,0.9993603985103414,0.9886262215762245,0.9289964891529936,0.7181223755472994,0.940504841356207,0.9201604976692179,0.7903998056287387,0.943724383220552,0.9268817050789377,0.9472547692511947,0.949514563103328,0.9420903446384687,0.9776036840879302,0.9771778312205132,0.9687742603716023,0.9533283900962839,0.9696303418821902,0.9672243274497806,0.970053274748367,0.9697326376511871,0.9409360155085505,0.9425507302651518,0.9425855945150656,0.9421887564244886,0.8977002860261546,0.9600660478737937,0.9604279854503521,0.9664767780494663,0.9653394579420976,0.9206043319392637,0.8263381762460136,0.7767161669270322,0.843633186004542,0.8914830634867075,0.8757709769708282,0.8830769899328769,0.8820477887350588,0.6481308385542334,-0.6253925146669773,0.9557006857228432,0.9331429461170343,0.9337294019555048,0.9700839905596889,0.9463137298184124,0.9627744867175496,0.9622844310603611,0.9210127156106325,0.9649536006560372,0.9251567569560414,0.6484823333766441,0.9250339195627542,0.9489049021963851,0.7276559322550818,0.9112362025560186,0.9350642920723512,0.8140597000423336,0.9701263609277643,0.888417509067699,0.5042920431193999,0.6601433089028028,0.8769660295434337,0.8358113105168901,0.8798599373602285,0.9784703350347334,0.9787245142285832,0.7140858584123307,0.6791511405355586,0.7529613899608278,0.3123905529702803,0.6951392934753021,0.7584105715900967,0.7368513077579757,0.71723545476501,0.7315875245593885,0.7225953815011888,0.7009322322068112,-0.5132483599714668,-0.5924757111582203,0.6351552637920016,0.8818947486666852,0.9250131028516302,0.9380231573859912,0.9091606710503448,0.8079720226816784,0.8960398868763595,0.9181390490116526,0.9175794239640931,0.8065573369314022,0.10369512732892941],[0.9802134816630574,0.9704251189172509,0.956682399034778,0.979866332521519,0.9738819810027178,0.9628066581487427,0.9736995579698365,0.9680958365986388,0.9430842231082934,0.9674312988240782,1.0,0.9560270584111786,0.9684713332065712,0.9674468233773108,0.9682099433881558,0.9664962417405368,0.9710546891523918,0.9756699923843473,0.972278528591068,0.9722925831471482,0.9682609668840478,0.9683290262271999,0.9670153602835668,0.9547392661719335,0.9746689809218438,0.9556018143616182,0.9726451977698813,0.9097547932152411,0.9704842026372578,0.9545721966947026,0.9776847230878242,0.9721189448372679,0.9721602563671038,0.9402834542159642,0.9759564972500127,0.9755496822772034,0.9759655812988455,0.9687101770147358,0.9630510159130427,0.9749902905736083,0.9760521314258945,0.97822083555492,0.9761261175991761,0.97614259212139,0.9565890755806362,0.8517995755353992,0.539643717050913,0.8198819124313225,0.9018874593217074,0.8778481385585517,0.9053159540705522,0.8410506166915586,0.90963161968983,0.9205105259610222,0.9068589643694533,0.9377681958703535,0.9376358702225789,0.9464342500737309,0.93898438614389,0.9557988266142731,0.9500734713185897,0.9543439555102842,0.9543658354714682,0.9131839598883285,0.9544943899343573,0.94162202532061,0.9413183659885596,0.8685173185406108,0.9390415939832981,0.9462586764792565,0.9402230136170043,0.9391734402626147,0.8909693683813485,0.8345810657191945,0.7937948591379791,0.8749116127464421,0.9221269521720972,0.8963596671505708,0.9093257220823948,0.9086785838280511,0.7360250222203801,-0.3211700969602037,0.9548774130680389,0.9566464325132731,0.9483227022761092,0.9480753042481861,0.9338588048154048,0.9560737460606337,0.9560361669653008,0.9047725796332969,0.9579167180053769,0.9091725027561981,0.7404597882409365,0.7322898230479553,0.8757671667406921,0.6559574912576208,0.8652128034258304,0.8986531340559825,0.8817595729163241,0.9535331831476087,0.908480089190213,0.38630316908946394,0.6619924067460137,0.9009793182142577,0.8801193148618294,0.9078977005010409,0.9537435447607928,0.9540576423132915,0.5511744459668958,0.7163138724487267,0.6263529304196079,0.49891448892241674,0.5865662075907889,0.6401762364150815,0.6018364723159034,0.5753970362037243,0.8178498560593477,0.6954978421317933,0.6605382612047943,-0.2936121389084831,-0.3458996906947376,0.7547269913449116,0.9180301871993652,0.9249311228664164,0.9146412248626699,0.942381903465745,0.6740455680816126,0.8491332075507173,0.911793287236725,0.9109747500176687,0.694999535427894,-0.16295896454000108],[0.992886837080819,0.9919656299948868,0.9970814977603227,0.9941749511731555,0.9978135620795017,0.9797129120079241,0.9994690367909934,0.9996787222856515,0.9901506280738818,0.9996777918692888,0.9560270584111786,1.0,0.999703447040327,0.999683800229821,0.9996915863816143,0.9995312124017371,0.998836382518119,0.9991946984344465,0.999959531798555,0.9999591069194896,0.9996905191718725,0.9996980616059622,0.9909941299605666,0.9616376689209077,0.9919839835952269,0.9805100024185764,0.9930333798204501,0.9898741553209255,0.9731464490756512,0.9048497605771691,0.9890543245285655,0.9927410345629942,0.9745877965231924,0.9053530663782483,0.9992182164512141,0.9992806762082452,0.9992228358066827,0.9994828201181643,0.9994510472264264,0.9992456220422892,0.9983546611859043,0.9980015509807536,0.9991937987474658,0.9991896105542271,0.9899783327454038,0.9231443166066973,0.5589991545724298,0.9364593325542,0.9193703911767965,0.7942026115026181,0.8591356782299481,0.8980915413790421,0.8642180281448351,0.8796517915419632,0.856462253117812,0.9523238761888679,0.9522657560549379,0.9549219777857869,0.9569005698623176,0.9474619340624997,0.9493087509930456,0.951485131238286,0.951302112857556,0.9050708293457899,0.9164107473876361,0.8793194722869365,0.8791542998434192,0.772024704635306,0.9515550764741455,0.9546514273856077,0.9547992650385212,0.9541385955394662,0.9069719818987704,0.6321641090880487,0.5724347442838228,0.7204350666659938,0.8155405941850588,0.7483330116389819,0.7833762163284369,0.7822082032322677,0.5681710323645466,-0.3926542643965861,0.9279500878057796,0.9369141501763497,0.9276627288394801,0.9562213828008187,0.9246789542625087,0.9333383202873736,0.9322222291131826,0.8696779533190628,0.9372482074082562,0.8763013835222169,0.5538409505829902,0.9219030097250009,0.9158606628290695,0.3592979506558638,0.7183192617556771,0.7945695370557081,0.668195178662761,0.9733077144050774,0.6771629106917666,-0.1990835500959288,0.20311478266891198,0.6506551233598681,0.6542984521855616,0.6958208865784432,0.9745297590620121,0.9745857986079145,0.0054990797859606625,0.23738144795898622,0.08835595312053827,0.054015485265676434,0.08099667091768606,0.09998478967378535,0.06681417356220358,0.01579889126073398,0.44155930992558623,0.17052127216563945,0.11758038121719178,-0.5165210776045354,-0.5534792095007744,0.6351901104768778,0.7436345807747801,0.7683529254078159,0.8293247017970428,0.8261933000003117,0.5302047545052773,0.7295903713436074,0.763511169117716,0.7622662871175515,0.4096656473901456,0.240833571430817],[0.9956923067319929,0.9899580392787047,0.9910190337600304,0.9961792158088051,0.9984020814067376,0.9878214637188888,0.9982128439464631,0.9999969417163309,0.9738899717068377,0.9999817341961371,0.9684713332065712,0.999703447040327,1.0,0.9996571351588734,0.9999976654470623,0.9998453096807483,0.9939891590292084,0.9993989953442401,0.9999044772972107,0.9999043699601033,0.9999665064999895,0.99999513308996,0.9908995176834708,0.9762282100173104,0.9927264791786408,0.9448325647943568,0.9932708991394634,0.9861449006034093,0.9747324399138985,0.9453092976535854,0.9891756562635153,0.9941558391458918,0.9919484986569762,0.9694795508705298,0.9994798880288546,0.999552666908799,0.9996619799398841,0.9997032170608882,0.9989764729456021,0.9994839072331886,0.9988830625884774,0.998699718418325,0.9995504180128711,0.999415387575376,0.9839333896931315,0.9292377815286297,0.7181877433223174,0.9404404216561363,0.9203271383725041,0.7912939555330726,0.9566890568790569,0.9372936196223918,0.9584108901551287,0.9523948592742292,0.9452261810156746,0.9800188729552817,0.9773033926865179,0.9379501843884184,0.9530148373625146,0.9632896848877899,0.9672139558344642,0.9654830648893132,0.9416899722528993,0.886078106506631,0.9433826894190405,0.9498547184106569,0.9287802364944316,0.8689681089992027,0.9597229489519106,0.9267792404318445,0.9583102993527556,0.9387582660403408,0.735444714622379,0.8274858401855206,0.7579424881034422,0.8446252230072113,0.8703091222229119,0.8772120169598565,0.8567908940686861,0.8666337008999909,0.25952036842272935,-0.6103040953845787,0.9558813848943732,0.9334929451488672,0.9339069441748937,0.943421613910904,0.9515490613521217,0.9633612658103249,0.963467135180135,0.920171350400714,0.956760489587122,0.8179672306438203,0.6502341573704905,0.9243780747546653,0.9347275887227865,0.7505452029838144,0.9238004520630091,0.9438395714880373,0.815204348127219,0.9710910526568404,0.8355145488773246,0.6045204760553518,0.6915007341427964,0.8461014016272734,0.8389683600038177,0.8341644587471027,0.9784135898601802,0.9786813083782887,0.7168146207521672,0.6824006562961222,0.7849233740558652,0.31536609889253925,0.7631187240604201,0.7884320031785175,0.783579459982655,0.7837709037202629,0.734172581962772,0.7261066379497443,0.7044926658023425,-0.27905079717847175,-0.42646496690872904,0.6354899491290188,0.8835555067293321,0.9265638176359465,0.9366859336378993,0.9106163285730722,0.8132613488067034,0.9064270187362489,0.928269569964032,0.927873273090374,0.7561021197575232,-0.12837018256139332],[0.9949468869691687,0.9898013655816505,0.992945156141801,0.9956396852621815,0.9982203295532883,0.9890891944347102,0.9990927861588609,0.9996730055738366,0.9839298471077679,0.9998441930385908,0.9674468233773108,0.999683800229821,0.9996571351588734,1.0,0.9996938714275658,0.9996202836665963,0.9982653756501975,0.9989683722958608,0.9994933337366737,0.9994868131102731,0.9996758999947286,0.9996498440172977,0.9928939433717321,0.9779019843560817,0.9959860770076211,0.9717518762700236,0.9958771996247029,0.9860036167756107,0.9775428869022698,0.9477954212690883,0.9882737995898352,0.9921374611382116,0.9909826866627163,0.967113496431361,0.9987819068807083,0.9990955506050669,0.9992797842100075,0.9999190713380224,0.9989274463348967,0.99908384833793,0.9981628816743453,0.9980305555915265,0.9987762382348658,0.9987049148245697,0.9879742452119511,0.9291868522096133,0.7138590898842769,0.940532528307041,0.9202292363105375,0.7906258391937762,0.9521204067631502,0.9305205118927083,0.9532365946879074,0.9488967616415909,0.9411007214140178,0.9764753564473896,0.9751816938495799,0.960740088061846,0.9527261212726894,0.9636148151950327,0.9666230565940162,0.9653602001819739,0.9647281875759691,0.8901963959250416,0.9406724156562926,0.9483382982755917,0.948110390520748,0.8674546610798296,0.9600977388619534,0.9382024514823297,0.9601921719420881,0.9589576302709768,0.7401636371696475,0.8246620801298132,0.7855850958797753,0.8424451444950365,0.8717936335083797,0.8764687465085308,0.8651486789930706,0.8657575034765689,0.24499301431366796,-0.6047439012149719,0.9551353594613085,0.9332127720400797,0.9329415880128424,0.9634964417320464,0.951093608007905,0.9622837780737135,0.9623469410854469,0.9202074237029307,0.9571326196564629,0.8245960601721042,0.6506465686542601,0.9248628683819392,0.9355901556185541,0.7481492361900386,0.9220808877084766,0.9423730222724165,0.8161032061744296,0.973658931120766,0.8300057039819071,0.5960080648370848,0.6869331100506618,0.8373080982672385,0.8336409533928082,0.8262240198176131,0.9802341030168547,0.980459240629121,0.7077521963148029,0.6771343260269443,0.7647320601139513,0.31508517079858234,0.7532074046272159,0.7771645814297858,0.7536241467726772,0.7727668430167146,0.7319688242081933,0.7161499672050399,0.6947976946752129,-0.2856020110395148,-0.43143410788761233,0.6350879838107211,0.8813021413065923,0.9277980912211099,0.9320144024852415,0.909741026481424,0.8054429662103011,0.9001445877954594,0.9210663618584585,0.921374066976773,0.7495777601750176,-0.12667695443543528],[0.9956074053901424,0.9898470712704609,0.9911879436515277,0.9961108439029401,0.9983945578687264,0.9879582098148559,0.9990668933716358,0.9999979594875849,0.9788223391010943,0.9999903182917006,0.9682099433881558,0.9996915863816143,0.9999976654470623,0.9996938714275658,1.0,0.9998587738796844,0.9973117608136572,0.9993699767151599,0.9998972415162987,0.9998966236050872,0.9999605964343973,0.9999926909385531,0.9910345814815756,0.9764158895960761,0.9945241486819818,0.9596656676214099,0.994357114264026,0.9860735714327292,0.9749477541139387,0.9454764897969127,0.9916335943828333,0.9944538650894975,0.9918165297167033,0.9692344417324903,0.9994520762228235,0.9995133212978756,0.9996384807786061,0.9997195875691584,0.9989326340994515,0.9994497468358422,0.9988514501057942,0.9986424632181152,0.9995194139506145,0.9993874106273911,0.9841188556600051,0.9290422165158188,0.7175263361743399,0.9405129226499607,0.9202596136784021,0.7907045573278361,0.9564522894575644,0.9370426030703076,0.9582019375452677,0.9519783822693083,0.9447522730090337,0.9798169419140627,0.9770716095716994,0.9379649305863261,0.9529454558665553,0.9631707977409705,0.9671384038664922,0.9653541235928684,0.9411665885024337,0.8861208683334059,0.9429618894534008,0.9494965144012284,0.9285796343397921,0.8686603476533445,0.9597876688731245,0.9269420637388521,0.9583049444389561,0.9388109222964522,0.7357080399021009,0.8269461794134467,0.7576701627694252,0.8441443421294392,0.8701311970342492,0.8769122615461088,0.8565307330835941,0.8663740820124384,0.2595394136639767,-0.6101053612974968,0.955727747660956,0.9333006370365999,0.9337488546206381,0.9414543193193572,0.9514955662676896,0.9632058016763125,0.9633080599067425,0.9201371317275583,0.9566170618072775,0.8180044929378885,0.6500968231443759,0.9248191489535912,0.9351297192050515,0.7502596963398183,0.923641439262641,0.9437041862260783,0.8149262005128625,0.9712787680090424,0.8351188644976099,0.60335078994926,0.6907032373164448,0.8456697689254238,0.8385898417154317,0.8337795308623052,0.9785476156035829,0.9788116822272788,0.7157082244036119,0.681399863674006,0.7843442798137967,0.3148280780330398,0.7624211973135723,0.7876856793693605,0.7831813970149377,0.7829733824033314,0.7336782879947605,0.7248435302621564,0.7032377543641868,-0.2798642190130448,-0.4271759814467375,0.6352414506937071,0.8829642650268735,0.9262923790188216,0.9362453860894288,0.9102218610618827,0.8125151715867113,0.9061089905269759,0.9277919744667924,0.9275247783898657,0.7555540992293076,-0.12762164012030897],[0.9959434997865683,0.9898419467964014,0.9913027018899679,0.9963852494946566,0.9984889028879468,0.9879921038175794,0.9991852060421784,0.9998296491568592,0.977809343564414,0.9998801915585033,0.9664962417405368,0.9995312124017371,0.9998453096807483,0.9996202836665963,0.9998587738796844,1.0,0.997719006688326,0.9993731775553768,0.9997351852034255,0.9997361373399437,0.9998410926347305,0.9998562983048294,0.9909755509802304,0.9762679582808583,0.9930611024110065,0.9503586669926474,0.9929689532960877,0.9860383890803026,0.9741834274555767,0.9451548493188429,0.9914006155536047,0.9933694208600857,0.991346039141113,0.9686210653414419,0.9993633729007889,0.999362085671756,0.9995420933031994,0.999729585834206,0.9989233800372137,0.9993634324976199,0.9989717858117709,0.9987353759261549,0.9994525385494305,0.9993031270679331,0.9836889492619056,0.9319960856650945,0.72272795041268,0.9433433894184347,0.9241992335285784,0.7939124104461462,0.9574712031559843,0.9401443154875953,0.9594690766165614,0.9533592618522935,0.946051770804643,0.9810777782022143,0.9782382775100706,0.940317846831321,0.9543090166546798,0.9649945650789177,0.9677795968571252,0.9671785207333353,0.9430448640763051,0.8884135395648493,0.9415962241933566,0.9506412149271457,0.9302371369562646,0.8703447056604051,0.9612217167759486,0.9297459392022647,0.9605090371668197,0.9412962740311881,0.7391309057575293,0.8252149109069231,0.7590522460546151,0.8427203001032649,0.8702981687099791,0.8751248414182421,0.8570796649997767,0.8669552062667597,0.2616439734326363,-0.6101017545493009,0.9559533223716628,0.9329403687092345,0.9342631418630233,0.9450021447207744,0.9533631389514381,0.9638823980330237,0.9639691987754715,0.9213650402892446,0.9582571174846712,0.82050179528944,0.6424235805142576,0.9222787978910009,0.9326744510067696,0.7464102810489923,0.9206754569711106,0.9411448640160008,0.81115859916519,0.969511378511507,0.8348764841929692,0.6004514768929966,0.6870085058689028,0.8448256893931574,0.8381226153565777,0.8331329936942172,0.9774081695329769,0.9776365255012356,0.7106818536670391,0.6727120007281947,0.7840595767262739,0.3061684298277729,0.7607486439199269,0.7864564433610836,0.783580913206561,0.7812977876262033,0.7256096329170708,0.7159628225629042,0.6941281045287641,-0.28118930077598714,-0.42860347265366033,0.6356896768378731,0.8797687976617523,0.9266197933998802,0.937540467244017,0.9075833601412028,0.8137637589793455,0.9082415204075628,0.9288293643010481,0.9289776932444699,0.7573751343542607,-0.12676267043393596],[0.9965866928696393,0.994630053