var element=document.getElementById("correlationAdjClose");if(element.style.display!='none'){var correlationAdjClose={"data":[{"type":"heatmap","z":[[1.0,0.9999941716601752,0.9858516521373627,0.9999302499139738,0.9991507656311063,0.984336858362982,0.9979239987993194,0.9962262208138902,0.9698710863785023,0.9965090498807524,0.9946906929739978,0.9942082257350606,0.9963348869609059,0.9963708579757538,0.9962700776960234,0.9977248427258677,0.9979962139506846,0.9984083031657641,0.9968275856570032,0.9968406255073606,0.9968559471009791,0.9962988899043375,0.9877496207573556,0.9720677011111215,0.9903546117510096,0.9579039166920791,0.9894175468190954,0.9880038085698923,0.9693205083336925,0.9546116301547256,0.9927585461598684,0.9940532033566737,0.9927320387398588,0.978397054304043,0.9978276743250338,0.9980127388367379,0.9976214709516801,0.9963969226984425,0.9958698793279521,0.9979106687902706,0.9987610563254936,0.998801986146139,0.9977962905148745,0.9978083853163383,0.9771292987613739,0.9186430655514246,0.9517471586346467,0.9328338021438487,0.9337217124750764,0.9113439020782064,0.9636844552488407,0.9498064736276006,0.9654596328882715,0.967142294358545,0.9565419721476798,0.984499975437015,0.981944680890278,0.9907005324279524,0.994371502439404,0.9872968825316667,0.9829976605911908,0.9884857375314872,0.98679800880879,0.9890236315669926,0.9888760222010052,0.9615637011585365,0.9760874680337507,0.9768558956300734,0.9765764670158606,0.9521502108593307,0.9814278270859869,0.978451778708417,0.9855852786791227,0.9849171773069428,0.9422707016114306,0.8942394725381109,0.8624420495440099,0.9096437420130866,0.9253986545429125,0.9230063566793458,0.9234245730005646,0.9221321255064355,0.7104131895260941,-0.5512739305885962,0.9813127650139678,0.9768845233191755,0.9739006646871204,0.9879761092790036,0.9750765180008006,0.984911296444791,0.9849250114634219,0.947869823715987,0.9852643980115107,0.9509239483499013,0.7857074194335953,0.9126116941823267,0.9316998549947758,0.8107429310659795,0.9531984050582964,0.9539627483050699,0.9008417530457747,0.9665616247623581,0.895306734885004,0.5916602586357962,0.724322235828887,0.9024271087612191,0.8714981465472579,0.8936562409524961,0.9749569445288342,0.9751337326151605,0.7852643146341381,0.7442330981873708,0.824914039672464,0.4365126626241741,0.8049030804278046,0.8291218845769327,0.8243143130695592,0.8164268047330105,0.7858664605715976,0.7531708480803971,0.7367080279231368,-0.28040944583546024,-0.4202886892667028,0.6689379855913122,0.8901928767574362,0.9325480892229397,0.9410709933340686,0.9050991186892777,0.8255628808684891,0.90869110458519,0.9260463217776644,0.9259071755240872,0.8602438799630054,-0.1557078325465206],[0.9999941716601752,1.0,0.9889544925356712,0.9998445827974399,0.998307810833634,0.9898189780678147,0.9945855037931967,0.9919251590412301,0.9859765678394975,0.9919383567655697,0.9919554162012466,0.9935419636786366,0.9920553352602827,0.9919374342068572,0.9919962247482957,0.9941349388008117,0.9965984592566851,0.9962093597657186,0.9942263581719215,0.9942303917688318,0.9919891925990011,0.9920341890932769,0.9923237047902751,0.9757459539713575,0.9888279567470926,0.9833079963303006,0.9887832528888965,0.9880210050629062,0.981990926304315,0.9380870154506357,0.9896172850664536,0.9873652472692371,0.9817929528134823,0.9376199153993832,0.9956109062288463,0.9955263957481196,0.9957453872397761,0.9924062967307389,0.9952852614468806,0.995756185187084,0.9970148632962788,0.9971751581659591,0.99574411655586,0.9957526546515342,0.990498199488663,0.9181550312861522,0.8939166107105124,0.9324869936968242,0.9336963559364319,0.9113225356389034,0.8851361539040038,0.9278578675516732,0.8875506934598786,0.9165784501170812,0.8848724576964988,0.9566816902106684,0.9566636593058596,0.9704717438473235,0.9848800813860187,0.9830915595409806,0.985055434494463,0.9804613374243996,0.9814344296168522,0.9820445408328942,0.9819490776141421,0.9488997097881059,0.9639127773551408,0.9410035470950674,0.9408589837298036,0.8751172318666731,0.9802617052722491,0.9816475362070468,0.9818405211459609,0.9814312652871154,0.9529538624414294,0.783419959292322,0.7439289603931314,0.8423535984234296,0.9016263683486917,0.8577330869581706,0.880171780530007,0.8789933870427907,0.7450784144911811,-0.18544332485394738,0.9710499935126715,0.9746364536911454,0.9707954032604584,0.983592185011023,0.9683674577250505,0.9738359002908769,0.9732472881184429,0.9315266464785392,0.9755136455177393,0.9342414918081902,0.7101886408116189,0.9120991485563186,0.9108811672979898,0.5277340839755502,0.838527752491397,0.8429766106502091,0.7471787837017804,0.9671716905924539,0.720267146439514,-0.30162435241278024,0.22758310282702449,0.7471748281744865,0.6965767281626316,0.7398380595846686,0.9687090818586229,0.9687194541356873,0.16017802922318994,0.3330132208630454,0.16724809616038633,0.13867690932295182,0.16056301987333427,0.1747359366631018,0.17167679900809477,0.09240233192691148,0.5223045818710889,0.25368557800580444,0.20305763672659463,-0.43826402682117965,-0.48454875534864816,0.6685154803597816,0.7510213570286767,0.775037927314033,0.8367731059315694,0.8163650842318119,0.575145277095501,0.75704791085208,0.7694537864676775,0.7683100454697878,0.4216050177628855,0.2237550384486486],[0.9858516521373627,0.9889544925356712,1.0,0.9872189265112858,0.9932298962510472,0.9914941363910857,0.9897371955738451,0.9904297769800204,0.9909047867873076,0.9931035345249533,0.9970815770242254,0.9962492554506417,0.9902899964453683,0.9924589106417095,0.990486426564704,0.9899322152270348,0.9908178454060501,0.9900745311389413,0.9891329342130554,0.9891113435696158,0.9919729438550023,0.9903178862500499,0.9949204102464065,0.9844473017242497,0.9911889869001114,0.9813821725655921,0.9917763734354136,0.9874362886445689,0.9866772104301138,0.9607030772249352,0.9695368561360206,0.9737404904307524,0.9770298779867435,0.9552993390700857,0.9870562220124736,0.9901512079628643,0.9885289804780374,0.9920915347623968,0.9947105543614144,0.9909510272532539,0.9849959837468057,0.9878586079802779,0.987412063691426,0.9867921607987227,0.9923025475055206,0.9138714919092409,0.9350053963733344,0.9446297384492625,0.9273192266373523,0.8693710967930949,0.9215691988607109,0.9053801893676866,0.9242727070878525,0.9293016494974181,0.9137506869101719,0.9497458922976354,0.9587084728845289,0.9670154177451468,0.9774703926620596,0.9412857829239124,0.9658882842700133,0.9644084320772947,0.9711724919109923,0.964650200331155,0.9396344692591119,0.9238112959098652,0.9482085823002337,0.9378753493228437,0.9192271437863745,0.8972948477623516,0.9715820684099852,0.9505611829716558,0.9641116709000538,0.9434493124156704,0.8328445024377996,0.8537009892390911,0.771047606440897,0.8716110742891304,0.8970051902733622,0.8987780263773959,0.8657523965848845,0.8800591032774892,0.4194279950926851,-0.5389852278201658,0.9617782834148805,0.9495020241350413,0.9489105795916664,0.9412701532459464,0.9562992301728507,0.9642197971616626,0.9638115370450968,0.9342191618059487,0.9595178793217796,0.8819459888587705,0.76942152847077,0.9528956898702863,0.9522869105217049,0.7895706213135555,0.9402337694450024,0.9419202930809841,0.8731529427703338,0.9801703916814661,0.7752812133367052,0.49529785439613355,0.6674280989393829,0.796912551817442,0.7979939166668285,0.7780325620480961,0.9823957773805366,0.9824383625561786,0.7142374199604797,0.6908839240739357,0.7103720906770203,0.3839611126404372,0.7049272910896097,0.7141914532749842,0.7255227442366045,0.7132457430652376,0.7479778650597222,0.68750838062759,0.6699629527547065,-0.34128421784659174,-0.4808350820499262,0.635855764478981,0.8509608264314298,0.8793204920097535,0.8857250831893583,0.8763473452636835,0.7574955676999208,0.8574876762124697,0.8684377877459806,0.8757524229508571,0.7326017437699985,-0.07794325842351046],[0.9999302499139738,0.9998445827974399,0.9872189265112858,1.0,0.9993864268629492,0.985478912264982,0.9981549704324795,0.9966360285127195,0.9720766664674027,0.9969568021514474,0.9953627281466308,0.9950802969865417,0.9967269620260302,0.9968494462751318,0.9966793656957934,0.9979859356596739,0.9983203446009871,0.9986551582193932,0.9971849160219043,0.9971956016410506,0.99723569595105,0.9966956503073677,0.9889277368884068,0.9734673953554501,0.9912892927311026,0.9604696410937383,0.9904573755736037,0.9895531401506774,0.9712827100691968,0.955800886706865,0.9920778284488471,0.9935607131517297,0.9926559927510268,0.9779744501825238,0.9979017691574804,0.998197144632264,0.997836017360328,0.9968420382983607,0.9963116950208638,0.9981259281245664,0.9986527835408833,0.9988724318191514,0.9978664920792902,0.9978755386714979,0.9789390531924888,0.9149623458889652,0.9496510373227364,0.9331528460589547,0.9321358718063704,0.9049352469738227,0.9607606200752917,0.9465441538583033,0.962446456303772,0.964690661028032,0.9537706860569611,0.9824148686942525,0.9804425684939124,0.9898400155801386,0.9941620548006151,0.9859551456962586,0.981993839325455,0.9873266064438319,0.9862599461447739,0.9877885539578888,0.9876331974975167,0.9523451480533143,0.9749432501877016,0.9754588387863008,0.9751746793862552,0.9473804955423504,0.9810282372762016,0.9757857523356286,0.9842451390288719,0.9835423236252923,0.9231033676136294,0.8928534728812144,0.858822988644166,0.9080612521624191,0.9227478077968208,0.9225765798203109,0.9211302880837383,0.9198766951041314,0.6220376367907755,-0.5507355274217661,0.9805648845027537,0.9757873323944138,0.9725858016506979,0.9866372042819083,0.9744280869133808,0.98422199200209,0.9842308909281984,0.9475816507945135,0.9839341069734655,0.9369168292095058,0.7894907385363823,0.9177676974513848,0.9356235441185478,0.8124332562674932,0.9544566466144944,0.9552470273509859,0.900326012713251,0.9677534520682025,0.8891229598135286,0.5878832415373125,0.7225130690212885,0.8968771003153906,0.8677581796794546,0.8878334443962748,0.9757548550976097,0.9759363673779311,0.7840065647952791,0.7443792813129717,0.8169053856980594,0.43826729134114856,0.7989910031236283,0.8208373913135738,0.8159534568958939,0.8109262635334272,0.7880466565895774,0.7529495915968972,0.7365681898718346,-0.27581262435987675,-0.41956104948918727,0.6684435806319821,0.8882381390162477,0.9305517463496414,0.9391407791774893,0.9037675022954902,0.8226856438385859,0.9065686252069217,0.9236580174695376,0.9236663452958045,0.8529425313924569,-0.14856678891530584],[0.9991507656311063,0.998307810833634,0.9932298962510472,0.9993864268629492,1.0,0.9882131182850963,0.9990772669026665,0.9985607574450118,0.9841123015332315,0.9985616981804677,0.9981704445396625,0.9981856731376679,0.9985851350957167,0.9985935528347011,0.998592581589913,0.9990841018381544,0.9987665090678518,0.9992935280075953,0.9988910551272437,0.9988935645044397,0.9986436460414648,0.9985824219049328,0.9946519123869002,0.9809522042153048,0.9951062048366469,0.9774151270000533,0.9950944642123033,0.9925323545523747,0.9837553404747935,0.9591068194923982,0.9892880074356849,0.991952619188872,0.9900123642072728,0.9702970248693746,0.9989161964004994,0.998973109392759,0.9989936697891627,0.9986716468096823,0.9986679685161334,0.9989664791108691,0.9989707540708863,0.9991932102886197,0.9989254032981546,0.9989271301080509,0.9883435273610177,0.9247548569424651,0.9489502350161649,0.9427300077107527,0.9348944272691847,0.9006236621818172,0.9481890348664089,0.941663291220908,0.9524589835809979,0.9585014086055601,0.9470888819134737,0.9799465424305951,0.9798555155104719,0.9898699114762727,0.9939927935326405,0.9826861520766792,0.9765539726611958,0.9828380118672986,0.9826473894296598,0.9831936962027673,0.9830351505845123,0.9519920311699671,0.9669420645626533,0.9615176170342538,0.9612131706863157,0.9222111219187856,0.9783591006121153,0.9746794196140339,0.9804549909661443,0.9796966239124986,0.9397025145655734,0.8738276122978864,0.8381574987835673,0.8939344261886434,0.9275445089159966,0.912859312124509,0.9196026910147469,0.918562161499291,0.7644713351486544,-0.5578958091251128,0.9747220746214091,0.9661901733605801,0.963878112334254,0.983583166650743,0.9653834686086945,0.9781278031311698,0.9778326967470107,0.9394861275401856,0.9795626048072325,0.9418370869487442,0.7792963268723306,0.9320589093548199,0.9550205405939427,0.7777240470386213,0.9425067210758168,0.9439383523822927,0.8948667280240111,0.9725798383626963,0.8889228714329636,0.42740402836242797,0.6657469487945613,0.8947853749416685,0.8455900625426529,0.8904404044176972,0.9792351143263471,0.9793722194462509,0.7497178868675177,0.7285588181042156,0.7536801419208995,0.41693932243698484,0.707246291481152,0.7583854539274711,0.7539161962460577,0.7178402914884694,0.7754184992975969,0.7386303087537714,0.7213817532563721,-0.4791901267079324,-0.5610918940353514,0.6640944628808249,0.8832982133893308,0.9168031840530296,0.933863410189834,0.9021645544422491,0.8046653668368831,0.895855986839593,0.9107782997586701,0.9103097814767612,0.7903872152016662,0.0614794258774291],[0.984336858362982,0.9898189780678147,0.9914941363910857,0.985478912264982,0.9882131182850963,1.0,0.9829163241772719,0.9839397680038152,0.9928876350926574,0.9833795683597648,0.9792302441439937,0.978392264090446,0.983791785972823,0.9843067210693347,0.9840098894817197,0.9836746712685237,0.987155264104513,0.9847340708390014,0.984611169289833,0.9846520050931566,0.9828161762812339,0.9839446272081046,0.995029683677569,0.9936310225313795,0.9852966013585519,0.9873303670300247,0.9856350778320603,0.9764613228092255,0.9881671721534866,0.9744689753939295,0.9615404180814126,0.9672703634820722,0.9768041056300308,0.9669395853454166,0.9825911842106564,0.9829784056516437,0.983820399133814,0.9845959070801404,0.9791541708969775,0.9834467108557313,0.9818471372380293,0.9835693790300478,0.9828000926486562,0.9828458132194366,0.9960718005788987,0.8738613089376849,0.9267859821729734,0.916208903215877,0.9275089815202225,0.8862538176560409,0.9176611272487571,0.9099851493257968,0.9203882243255764,0.935799627108868,0.9168652041365392,0.9499456553907599,0.9554906537929896,0.9617745657146962,0.9703177283228144,0.9713430511791697,0.9873213489837788,0.9732383445312622,0.9846980904607263,0.972836697059699,0.972263790125037,0.9767813248775065,0.9698366756935275,0.9498763230891811,0.949287218114567,0.9488663029639505,0.9834356061140556,0.9761209915229833,0.9726824420500985,0.9713603018084229,0.9646617061234545,0.896297187385044,0.8514723636516106,0.9129555609714567,0.919401808641394,0.9287898361133365,0.9097764770741827,0.9075353300038339,0.7439995002138237,-0.4969658139358944,0.9815350920099539,0.9831719070583369,0.9790861004754355,0.9721847112324598,0.9742342685333968,0.9802098688133022,0.9797775865267226,0.9688168947054515,0.9697840234990432,0.9679616414606044,0.7910560228206182,0.891894682326011,0.9547504438375849,0.8233454464347097,0.9431114517818401,0.9441661663874574,0.8665610099868547,0.9587689456080782,0.8340077243968966,0.5124661582155325,0.6869378326189717,0.8437917013144529,0.819366494209765,0.8333941472203237,0.9589026249012342,0.9590253188737704,0.7375995284916854,0.7200616009816505,0.7511609520971549,0.4404599941906404,0.7446351205359841,0.7565049649502665,0.750338849775335,0.7476930132304923,0.7680776423279497,0.7129835686440783,0.6993502917740516,-0.30273109665049897,-0.4330033872417652,0.673872464495926,0.8534239602876968,0.8712823743824463,0.8858871397291701,0.8631296272139021,0.7804146464335469,0.8473018207130143,0.8632946879426031,0.8634032869023499,0.8047779955416208,-0.1102371056066935],[0.9979239987993194,0.9945855037931967,0.9897371955738451,0.9981549704324795,0.9990772669026665,0.9829163241772719,1.0,0.9975521426756297,0.9570394027160963,0.9996151165898131,0.9995746302711598,0.9995973607662559,0.9984386969916287,0.999481153760555,0.9991954420233217,0.9998921079541923,0.9966237178174896,0.999904037354957,0.9993876994882441,0.9993923216866639,0.9997175316230213,0.9993370867974666,0.9907014348137727,0.9746216737125916,0.9860039804970481,0.9270380060520339,0.9936399112920641,0.992411394887109,0.9743293592992829,0.9525577208701517,0.9916381213135615,0.9919509116558399,0.993640034012813,0.9753074792386217,0.9990196233732012,0.9998541563700507,0.9997187812405548,0.9994866376318566,0.9997728410542476,0.9998390019298867,0.998528963335069,0.9997398288945901,0.9993960675359056,0.9990560731122193,0.9803889862333868,0.9324716010387409,0.9522746195205534,0.9504627406400394,0.9404379227377689,0.9004551253200811,0.9574754835970025,0.946177129235038,0.9598178589718812,0.9622426543517861,0.952685663353038,0.9816625302704503,0.9811843900013217,0.9918230110584234,0.9963800295509101,0.9509318250743647,0.9644697265712022,0.9741901372952477,0.9747247951482152,0.9756979526815758,0.9509331121482096,0.9060430692933853,0.9582961250945438,0.9631308127066107,0.9423808724668057,0.8981252122653671,0.9688450038828231,0.943344067830219,0.9694065055906134,0.9512860957316908,0.7921299413148837,0.8670587008882777,0.7902657991983123,0.8814304126928048,0.8977554299970032,0.902312042172051,0.8814868032422232,0.8932142451122494,0.3674531551652793,-0.5847579346280966,0.9657886450177495,0.9523674297882632,0.951338544336493,0.952386139634428,0.9614726151992817,0.9719213345602343,0.9720427011588847,0.9285745727832285,0.9691806738435563,0.856401737297739,0.7736963283543944,0.9328897952557103,0.9346787909522821,0.8003137484433407,0.9523459224744597,0.953273383875801,0.8986033734395266,0.972134117287899,0.8322342453966612,0.5818847669823187,0.7156415349056628,0.8559451121670378,0.8488744670752695,0.8374562898386453,0.9796510087197313,0.97983468386967,0.7749370223765474,0.7261602498609504,0.7821550016436595,0.41125314909423855,0.7779540824231576,0.7945866230164237,0.7881641094008651,0.792883640319445,0.7727500750106553,0.744804674071094,0.7266456419700832,-0.28996981522863674,-0.4412773224350121,0.6810748905465436,0.8878280179322573,0.922503790512765,0.939879203099184,0.9085232520824001,0.8241100672848295,0.9086085033959269,0.9273884592595488,0.9261425449533112,0.7756482745535267,-0.11720086845926735],[0.9962262208138902,0.9919251590412301,0.9904297769800204,0.9966360285127195,0.9985607574450118,0.9839397680038152,0.9975521426756297,1.0,0.9677965290565153,0.9999998294990055,0.9999993097307951,0.9997581309757154,0.9999970766414733,0.9999926994148042,0.9999982425289039,0.9993251534587121,0.9914832527942635,0.9994572330004405,0.9999092778644931,0.9999089632819252,0.9999649309855276,0.9999987828530565,0.99116939196902,0.9762621189335748,0.9929096424915663,0.941063781447809,0.9941344142521387,0.9907100770244738,0.9765315433851945,0.9520079886663453,0.9879750946232969,0.9938609149162545,0.9922340228658469,0.9723547848332085,0.9994702519442683,0.9995711663166659,0.999675026003856,0.9997438368631777,0.9992245644932033,0.9995052003538393,0.9982328180838683,0.9988355192869198,0.9995421142663122,0.999409426937549,0.9820767358670924,0.9322671832147156,0.9495985265544307,0.9540997304327514,0.9389942442888611,0.8901285826805054,0.9557217489867736,0.9416979866045333,0.9577106792335841,0.9566386788472134,0.9467374375751016,0.9796436630834817,0.9782753943610221,0.9907785682052681,0.9968578588075024,0.9462144848327406,0.9607061134881361,0.9682719360708707,0.9719322347183397,0.9701486749578009,0.9493080627294489,0.8993082074183496,0.953925650468285,0.9567700494758886,0.9372205531137108,0.8870819808603886,0.9663744966731618,0.9375796988704366,0.9643269155478965,0.9469104386863689,0.7804799979550866,0.8597394516539089,0.7860634335720847,0.874143725729727,0.8911233400780827,0.8981844859632717,0.8773504009215873,0.8868479855941696,0.35081422607143914,-0.5886831544836935,0.9619985617901744,0.9465321995603654,0.9458888922591854,0.9505144756709963,0.9573654509366192,0.968204345888475,0.9683087470543021,0.9244719207733987,0.9628577401912422,0.8464322870890849,0.7708169567176717,0.9459566884511701,0.9451047223182747,0.7970758375453473,0.9521540603943294,0.9532324554253345,0.896073852456909,0.9759547799094663,0.8349820805593836,0.5675755939268723,0.7069995748878019,0.8567729812811788,0.8456623048689672,0.8394474033053186,0.9820071756782681,0.9821945463607137,0.7660950714456254,0.7187076410246587,0.7832941923457418,0.39916533647199287,0.7728129620820876,0.7899845775323199,0.7884417131123216,0.7872742760109871,0.766710745804732,0.7391116075995036,0.7203924346967039,-0.30540192304903646,-0.4556391370659159,0.6676298438561714,0.8803991913948621,0.9199138842630923,0.932329695431731,0.9028156430689872,0.8134713589786583,0.9021866347854878,0.9210988998553037,0.9201157157998345,0.7570226807329873,-0.10034462831857942],[0.9698710863785023,0.9859765678394975,0.9909047867873076,0.9720766664674027,0.9841123015332315,0.9928876350926574,0.9570394027160963,0.9677965290565153,1.0,0.9828485053942461,0.9872412003419407,0.9896058605549468,0.971458884128484,0.979793096436636,0.9763682810775117,0.9743175146625167,0.9494266301866409,0.979141575120049,0.9771090605445314,0.9770753078524924,0.9813225576302478,0.9762319035143033,0.993949800155129,0.9930142217010303,0.9806726445693448,0.9891637929900206,0.9837655723866642,0.9902821666925045,0.9906670409035182,0.9686875676872418,0.9275060360542793,0.9491057688610044,0.9658693827507518,0.9509250627268162,0.9707603112640231,0.9791950950251659,0.9758657323937442,0.9782237360830301,0.9878963058106243,0.9803509179007717,0.9668542410486002,0.9763094329795038,0.971619837409949,0.970590992326408,0.9989845824820954,0.8927078436390833,0.9189237729675712,0.9466667205704867,0.9373251243044798,0.8655389302210637,0.8848283443098465,0.8829446772472113,0.8887531574651716,0.9126707029912903,0.8931992117358505,0.928170848906928,0.9442126586584049,0.9497876605757042,0.9610940556163956,0.902008523218757,0.967435177180639,0.9446750913038344,0.9653286455492933,0.9446811954241785,0.9002747335610447,0.9149185371236285,0.9419756889079298,0.9140861641727444,0.8773459210499885,0.8818791070303197,0.9668707880327416,0.9191351045057169,0.9428218164671514,0.904993203071479,0.8214491107245634,0.8475090952568691,0.7282996617436893,0.8672571744348067,0.8787533909995228,0.892449390207257,0.8406523338122982,0.8591775218410687,0.39901391265117614,-0.522587564925466,0.9566519295150832,0.9523974050706968,0.9489023987059475,0.9005617874845457,0.9469005837681749,0.9546207824362393,0.9540004103745116,0.9379574714148055,0.939249084715109,0.8703459284244036,0.77558307651019,0.9373728106706007,0.9603239167920194,0.7984798401265586,0.933376412971849,0.9350412874198747,0.8505670649722263,0.9675250234108907,0.7413806384396798,0.457679201894355,0.6483417740318725,0.7738418927775371,0.774583423951111,0.752052154541161,0.9668389434916995,0.966848204953379,0.6950500633900001,0.6802614659615789,0.6754889227406448,0.39148705165243447,0.6865414322552801,0.6920530995380247,0.6752951686046361,0.6912698017754293,0.7405931505049558,0.6813106075403322,0.6650782462618511,-0.34738966715849456,-0.4832011548601078,0.677704227866557,0.8351622400837556,0.8319435367203614,0.8599440701338166,0.8549590734031232,0.7493081022758902,0.8127779550117116,0.8375303007660116,0.8316441675384869,0.7042760399463978,-0.03775271490887284],[0.9965090498807524,0.9919383567655697,0.9931035345249533,0.9969568021514474,0.9985616981804677,0.9833795683597648,0.9996151165898131,0.9999998294990055,0.9828485053942461,1.0,0.9999991285912704,0.9997627539280283,0.9999985312728743,0.9999915370063834,0.9999977566511319,0.9996803241321357,0.9978560634012758,0.999453408821759,0.9998834043403543,0.9998833831481448,0.9999772946124701,0.9999993139837053,0.9937380390351666,0.9779012178371672,0.9961733922329522,0.9738205474521029,0.9962559108419912,0.9907043962763303,0.9808993609999133,0.9533066351169883,0.989603396662174,0.9936835039215682,0.989817657665507,0.9689857610226941,0.9994971159037178,0.9995635310316606,0.9995760362251173,0.9998322090923433,0.9992373249643032,0.9995127837127702,0.9984483806198883,0.9988778816534473,0.999502310053281,0.9994975526294199,0.986440853879352,0.9321251142675411,0.9496342801331014,0.9541468085877769,0.9391882076551381,0.8902606613979112,0.9462369728138563,0.9361058113439888,0.9499216211138052,0.9547789712362239,0.9447438723504465,0.9785260699106907,0.9783097774063556,0.9913720122234714,0.9966525276401887,0.973100511095934,0.9607248612451861,0.9732921679492713,0.9719379543087201,0.9737576104001836,0.9735149177847666,0.940243154944501,0.9539196562114076,0.9521901153214196,0.9518635534405032,0.9111782418887737,0.9663487326880803,0.9652874192201445,0.971033297169499,0.9700765816700491,0.926672046613471,0.8597816568075437,0.8183541627385218,0.8739660118506675,0.9108922937530114,0.8984496897184784,0.9042029111459556,0.9033867258451073,0.7184006947158248,-0.5957837515023413,0.9620123606636736,0.9465281624753935,0.9458957881053228,0.9741820402968373,0.9528687492481965,0.9678935805352171,0.9675440697498551,0.9253324220918735,0.9695569080175168,0.9279973614346156,0.7708244895751881,0.9456653958668074,0.9568895816094278,0.7807594117175939,0.9458326935315662,0.9470735324782308,0.8961466080314338,0.9751372204668528,0.896853602144224,0.4666824699634868,0.6831541538908219,0.9026658527182301,0.8538101160551513,0.8983988621182016,0.9819648322189388,0.9821827608074464,0.7661641690628858,0.7184387450542296,0.7693958872998456,0.399284332129421,0.7241926898311217,0.7742196811816506,0.7696667059959525,0.7364863177500028,0.7664683141420983,0.7390580807688796,0.7203111321613785,-0.5243786234331395,-0.6067748303222594,0.6670367130433691,0.8804530122840808,0.9194582774635289,0.9361193035129445,0.9029126305347643,0.8099316631344297,0.8970956791606662,0.9131039094318618,0.912572070342214,0.8026347344478112,0.1258638883784945],[0.9946906929739978,0.9919554162012466,0.9970815770242254,0.9953627281466308,0.9981704445396625,0.9792302441439937,0.9995746302711598,0.9999993097307951,0.9872412003419407,0.9999991285912704,1.0,0.9997625773817354,0.9999963658399028,0.9999947754399442,0.9999983212454686,0.9996630892489068,0.9975191322143436,0.9991874762545665,0.9997838108919465,0.9997837403826391,0.9999984231937982,0.9999983422106348,0.9929555892288778,0.9733962551404826,0.9952387164614526,0.9818166535455464,0.995826987284873,0.990719297632311,0.9830323172284123,0.9456547527783544,0.9886514446980342,0.9930970616317119,0.9834552636019848,0.9436222642303382,0.9992699095885444,0.9993261779784117,0.9992650085613553,0.9998926352594094,0.9992202752284354,0.9992752191592392,0.997885511356535,0.9984709715387959,0.9992429102940602,0.9992404821450146,0.9885994139940074,0.9318236246619466,0.9154264623894066,0.9540909743959622,0.9390907292448085,0.8899395145921282,0.914585823838622,0.9044902517988866,0.9191412363805477,0.9279291925024931,0.9129483170762988,0.970589193361822,0.970565040602129,0.9906879084333523,0.9951194001648541,0.9656519138441199,0.9608422111319351,0.9616144368501736,0.9625588589552947,0.9631352189455723,0.9628651622318011,0.9164257369781716,0.943931298445841,0.9204874518538111,0.9199885768774118,0.8435179967364878,0.9640808964733583,0.9697755903011945,0.9661570561349998,0.9650634635937144,0.9184986945430226,0.7901455212827714,0.7508681537894952,0.8348227013934412,0.8890560931194543,0.8568138705524907,0.8728770607304596,0.8715015229241648,0.7166568395288074,-0.4092211747794991,0.9491447347683064,0.946658300760755,0.9459873842666198,0.966833022272345,0.9396268076423624,0.9520371764739666,0.9513988040015546,0.8966377580398721,0.9549159944604947,0.9016262924468621,0.7709799623898062,0.9459904666210492,0.9604555240603326,0.6674601960803588,0.9039989182640624,0.9067680019930916,0.8524373879228104,0.9847142762962363,0.8401077930836947,0.12734091615420684,0.5324121356956643,0.8523375642427218,0.8182932639062391,0.8468301815605486,0.985465973714207,0.9854856036643557,0.5196392331624846,0.6291071887453945,0.5270877122271407,0.39920622328774397,0.49335061446311396,0.5384787864390977,0.5284988583996117,0.4657844967265003,0.7546401893221417,0.6012893275875252,0.5619969112150799,-0.4871412199880434,-0.5437458055459347,0.6664414573097888,0.8594666414442541,0.8721968898545646,0.903808219453854,0.8964215903126642,0.6679180611761484,0.8425279388237028,0.8647663340496282,0.8640386482955216,0.6094931761080127,0.07227789091720749],[0.9942082257350606,0.9935419636786366,0.9962492554506417,0.9950802969865417,0.9981856731376679,0.978392264090446,0.9995973607662559,0.9997581309757154,0.9896058605549468,0.9997627539280283,0.9997625773817354,1.0,0.9997759952666332,0.9997613299902285,0.9997677800936104,0.9996658592746998,0.9981593154136478,0.9993893022884923,0.9999694754512147,0.9999691637694326,0.9997668688170054,0.999772526535518,0.992484213159605,0.9699634919005471,0.9939947134193406,0.9824306351246805,0.9947901005616797,0.9932888842383121,0.9790661641588154,0.9263060985909478,0.9913245531411149,0.9941671489367893,0.9789446912892535,0.924397601329703,0.9994008543825137,0.9994500677897614,0.9994100502837671,0.9995778096111201,0.9996032084061081,0.9994269653778403,0.9977496693603465,0.9985019819997262,0.9993882435773646,0.999385118741589,0.9898561957192721,0.9272390611463265,0.9011320611043908,0.9512453944490767,0.9383358430505455,0.8899840122451964,0.8783787297278957,0.9170374541289068,0.8820760366984012,0.9033372895467664,0.8765586593107602,0.9579532393564141,0.957937968407772,0.9817255492825347,0.9945267418362064,0.9647681502857699,0.9656080263314729,0.9576341570190021,0.9606522258097687,0.9603773977852762,0.9601947385696683,0.9170622866601771,0.936127445820739,0.9071323312810048,0.9069172969469815,0.8280607496468554,0.9629799148613108,0.965157752191535,0.9652453689103808,0.9646499412708969,0.9252997037976869,0.7373418344717275,0.6943205407915527,0.7988351445894282,0.8659316749770171,0.8188553148253849,0.8431541006580595,0.8422883101414742,0.6937547740589538,-0.3024402572929,0.9437432058393846,0.9494067488181029,0.9434385342374807,0.9656099686328907,0.9402788682156219,0.9475086000757791,0.9466940391487726,0.894727898138519,0.9501006073657767,0.8985374872272733,0.7208045466266247,0.9433982706371206,0.9378456954048678,0.5330742003250762,0.8462448176576207,0.850974820201001,0.7453926964129205,0.9782186555749184,0.7214024721556183,-0.24279391896198035,0.2662849038398423,0.7452995835377338,0.7005702858809837,0.7389390881037555,0.9793942344183685,0.9794867001424031,0.20193023532040877,0.3603086485628768,0.20738238818714416,0.1790106148704967,0.19935372751415292,0.2156260435924954,0.21320992836199834,0.12961705625671346,0.5465736730000841,0.2799309706982771,0.2275396248558986,-0.503824748503193,-0.5490979921946256,0.6673554810380485,0.7536951836887504,0.7775687682200888,0.8411365816447417,0.823905991442754,0.5663397721263391,0.7566127470610212,0.7722750891390605,0.7711982935719586,0.4249235837033932,0.2630347157228935],[0.9963348869609059,0.9920553352602827,0.9902899964453683,0.9967269620260302,0.9985851350957167,0.983791785972823,0.9984386969916287,0.9999970766414733,0.971458884128484,0.9999985312728743,0.9999963658399028,0.9997759952666332,1.0,0.9999911492762598,0.9999976827306659,0.9993730946387049,0.9931552435353901,0.9994970447095397,0.99991838644774,0.9999182375556466,0.9999719235224567,0.9999989711534042,0.9910546249942336,0.9760770786671794,0.993566999249501,0.9459951881792518,0.9940868916997954,0.9908246686228839,0.976334855191664,0.9519583222306893,0.9888834165148411,0.9939418118725344,0.9923185615572531,0.9724871935412478,0.9995129523766054,0.9996108172505277,0.9997055357983791,0.9997434857668975,0.9992849312904525,0.9995462334980384,0.9983192606098478,0.9989029970849788,0.9995849356553671,0.9994528495907379,0.9818402970742379,0.9325490812289462,0.9497786995482899,0.9540474638445859,0.9391286657131155,0.8907923099871363,0.9560800891435842,0.9420962363571517,0.958072932973029,0.9569875350173025,0.9471406886800369,0.9799010570454099,0.9784698336721365,0.9909213214947704,0.9969388394362559,0.9464856284650527,0.9607667469092087,0.9684885266644665,0.972006121747363,0.970363097185111,0.9495332741544599,0.899321418511348,0.9541067341332927,0.9571147291174388,0.9376075365554488,0.8873313592115215,0.9664012038964511,0.9377388986175224,0.9644960480320566,0.9471617190399748,0.7804365219511795,0.8600604678444806,0.7865380144410422,0.874445616069867,0.8913644725818481,0.8983396058743726,0.8776879931113719,0.8871841692694004,0.35097282236734756,-0.5887246608032795,0.962118506501572,0.9467146757120691,0.9460525275291884,0.9507326985213314,0.9574936323034182,0.9683419256555443,0.9684495762457005,0.9245035123839751,0.9630931560462418,0.846487035223918,0.7709050781649467,0.945369145071752,0.9446039481339923,0.7971473227904681,0.9521706172823254,0.9532402779646546,0.8964179010306788,0.9758136360651084,0.8354721709394538,0.5686652086196203,0.7076589529453048,0.8572501273618444,0.8461979528300639,0.8399309272734796,0.9819461208067833,0.9821333762248023,0.766716784051328,0.7192327093039877,0.7839056811147469,0.3998297910894277,0.773487077797789,0.7906788211965784,0.7890657374269677,0.787986853530521,0.7670624584673724,0.7395655680270322,0.7208640518181026,-0.30446899925299126,-0.4548116289580632,0.668096874312919,0.8809287701480091,0.9203881003510146,0.9328727595515474,0.9033038819722801,0.8140475470128214,0.9027755266123477,0.9216845329163781,0.9206903798539744,0.7577114600482977,-0.10137970158377768],[0.9963708579757538,0.9919374342068572,0.9924589106417095,0.9968494462751318,0.9985935528347011,0.9843067210693347,0.999481153760555,0.9999926994148042,0.979793096436636,0.9999915370063834,0.9999947754399442,0.9997613299902285,0.9999911492762598,1.0,0.9999950353577189,0.999564653689058,0.9978025471021471,0.9994549599218521,0.999903726218299,0.9999027394596803,0.9999537116771174,0.9999913868868019,0.9929971901745613,0.9764973897492064,0.9958831326688052,0.9678127498675366,0.9956611997243391,0.990680709844639,0.9767348440595072,0.9521144472608755,0.9891661411509984,0.9939633616958403,0.9916024070882682,0.972016132837418,0.9994895361374376,0.9995636542722355,0.9996242329026975,0.9998876888559121,0.9992479080246387,0.999494973374634,0.9981774100931066,0.9988245399212152,0.9995085568503731,0.9995015999546826,0.9843576681656622,0.9322731205176891,0.949532254119236,0.9540756581772393,0.9391126408621221,0.8902291921782514,0.9505350352217558,0.9346998819784123,0.9528149901298376,0.9563327068005845,0.9463743155160532,0.9782904168901032,0.9781376639332063,0.9901853439698478,0.9969274354424458,0.9734874555500866,0.9604891017640308,0.9737216732677606,0.9719467499294501,0.9746688527772895,0.9744150956095761,0.9488783784451219,0.9536434467722928,0.9562619513483401,0.9559190318428903,0.9267546224648264,0.9663810160343779,0.9681124940262313,0.972746661192758,0.9716786202610589,0.9354086899515476,0.8594995338171979,0.8241273813821147,0.8737588488005134,0.9022102724711326,0.8980001449831174,0.8986718623876658,0.8975201012489895,0.6958869684363357,-0.5892234615968476,0.962035760124221,0.9464104989739338,0.9456428613431102,0.9745847419848939,0.9574996311199454,0.9682380375249567,0.9683336718890886,0.9247102811052335,0.9690650257005259,0.9361116224581159,0.7707184039949414,0.9454140883629533,0.9500002136896749,0.796284022633838,0.9520178935150883,0.9530299520745287,0.8960167698551021,0.9761571226732295,0.8844654105734041,0.5678627909938341,0.7065098320998832,0.8922404022314794,0.8590481996726272,0.8830814133311228,0.9822146564425152,0.9824296562211804,0.7652769050706578,0.7179065161473817,0.8017292268971608,0.39927819319107055,0.7788520292619291,0.8062212202641695,0.8007407015152022,0.7873172015147584,0.766555475035725,0.7377549340521723,0.719049911727956,-0.3955421452831729,-0.5170042992880649,0.666343323253505,0.8804475482615538,0.916566518488073,0.9281876914211207,0.903246744537963,0.8125266688242035,0.88980649506504,0.9095651579650201,0.9091544733033048,0.8395383637360648,-0.06814262980066339],[0.9962700776960234,0.9919962247482957,0.990486426564704,0.9966793656957934,0.998592581589913,0.9840098894817197,0.9991954420233217,0.9999982425289039,0.9763682810775117,0.9999977566511319,0.9999983212454686,0.9997677800936104,0.9999976827306659,0.9999950353577189,1.0,0.9994631473823318,0.9970757484536548,0.9994730167990269,0.9999121442518211,0.999911527697372,0.999965936079756,0.9999976172302893,0.9912138874781247,0.9763267789815231,0.9952386417544905,0.9593986156239115,0.9950401412895123,0.9907816411474726,0.9765861106965605,0.9521759927111213,0.9913526424385235,0.9942071513600512,0.9921834686442543,0.972267373514413,0.9994816885785263,0.9995723938154412,0.9996821127508475,0.9997591289753476,0.9992519633767935,0.9995025600003198,0.9982575039267344,0.9988515489203994,0.9995518787083957,0.9994218403618537,0.9820776697598994,0.93234182025185,0.9496160985051909,0.954088488742677,0.9390843107402573,0.8904139093751986,0.9557994289188237,0.9418291829248885,0.957819788767862,0.9565888201633872,0.9466541498726753,0.9796679454358515,0.9782197524707794,0.9907488172842369,0.9968219957696867,0.9465042945006858,0.9607784762793398,0.9684361821450056,0.9720122114774241,0.9702989890989602,0.9491300766704792,0.8995203174671411,0.9538390441131087,0.9568338719105571,0.9374294399260242,0.8872147996536413,0.9665177817980249,0.9379185144834986,0.9645266278901156,0.9472145942473162,0.7808202800654771,0.8597395066543748,0.7863213241097017,0.8741847563036272,0.8912908346486734,0.8981923258171418,0.8775003685769444,0.8870141840702823,0.3511676854815404,-0.5883805978093563,0.9620850126754581,0.9466565085194922,0.9460014449003308,0.9493066750953266,0.95753848682785,0.9682861165138197,0.9683876779977869,0.9246629817308047,0.9630228477556589,0.8466946059602244,0.7708446447780999,0.9456742541540324,0.9450089840065314,0.7970804981030476,0.9520833192464536,0.9531657891624943,0.8958917058320005,0.9759712309972164,0.8350112450476532,0.5673986423379314,0.7068858666811987,0.8567799521521748,0.845783142216078,0.8394730652019557,0.9820446209327263,0.9822289558112595,0.7657084222786693,0.7183726609625405,0.7832725918320905,0.3994175790660499,0.7727894348854275,0.7899036570997677,0.7885940633449681,0.7871740603661589,0.7666312491142124,0.7383783319955486,0.7196934262101746,-0.30521670431142167,-0.45544949104509813,0.6678701275603658,0.8803053225022737,0.9200338967027248,0.9323678565918699,0.902856188658475,0.8132655272333318,0.9023853069318862,0.921131613297063,0.9202646975929673,0.7571140094809385,-0.10061027710766145],[0.9977248427258677,0.9941349388008117,0.9899322152270348,0.9979859356596739,0.9990841018381544,0.9836746712685237,0.9998921079541923,0.9993251534587121,0.9743175146625167,0.9996803241321357,0.9996630892489068,0.9996658592746998,0.9993730946387049,0.999564653689058,0.9994631473823318,1.0,0.9984087346623247,0.9998512407723559,0.9995517419029267,0.9995565098993674,0.999769408976865,0.9995373673348263,0.9908512402739296,0.9752758475976088,0.9938838159622811,0.9518352328695213,0.993532841749325,0.992333361433051,0.9747264665341316,0.9527024274384545,0.9917784256633523,0.9926295127345461,0.993062582488307,0.9743825084923892,0.999275678157746,0.999734611359723,0.9997182941177657,0.999572466731117,0.9996010499813469,0.9996900383696883,0.9988488843836112,0.9995846372128141,0.9995109313243886,0.9992719059201908,0.9806745354123493,0.9307983168213592,0.9517401189849637,0.9508314271468835,0.939922049030589,0.8972218511414312,0.9578493868190597,0.9463624942701151,0.9601581414006664,0.9607347237920468,0.9508710068193347,0.9816571915011317,0.9802865487552936,0.991710275152789,0.9963356331315011,0.9511397250057039,0.9644793724024481,0.9735372863074705,0.9746102695078327,0.9751332620816635,0.9520241691142627,0.9054664705851861,0.9572611819851425,0.9622511714943313,0.9424889086270083,0.8961032109106417,0.9690373467508113,0.9430029341922467,0.9690097487276305,0.9516839348084831,0.7896105609181918,0.8654000004347834,0.7908031535099236,0.8796903904555048,0.8964699237753613,0.901053733882487,0.8813284262610367,0.8924176980757904,0.36272311661625634,-0.5853736486615978,0.9654441279069115,0.9516430753348634,0.9507464652421791,0.9534998327787958,0.9615530900451933,0.9715601655413322,0.971641330735704,0.9290898747850096,0.9683908899863354,0.8547378600929889,0.7725760102832689,0.9361142027177226,0.9369699132589235,0.7995564971847039,0.9521505082773362,0.9530390166401712,0.8961035994802137,0.9724668255378077,0.8342883421815747,0.5773921461633961,0.7120899863720268,0.