var config = { responsive: true }

var correlationClose = {"data": [{"type": "heatmap", "z": [[1.0, 0.999984209121703, 0.9770385913359079, 0.9996910651370124, 0.9972396134644972, 1.0, 0.9900457822201006, 0.985245495452205, 0.9906303694815561, 0.9727712292933707, 0.9791183451393164, 0.9900939352848733, 0.9902556919033052, 0.9901645792859889, 0.9902196305606257, 0.9931277955446973, 0.9933422925708043, 0.9912663534022915, 0.9912537800010766, 0.991221977161365, 0.9900839639482175, 0.9770152343216101, 0.9637168997434419, 0.9760225384915743, 0.9759956542108952, 0.9497942305680666, 0.9521485886311665, 0.9428400592313534, 0.9898870474694663, 0.9898415620158993, 0.9857080329066704, 0.9741434323073446, 0.9932369213491258, 0.9941775543289669, 0.9932553894696327, 0.9914682501868447, 0.9856759979226257, 0.9938507538639583, 0.9938048112351158, 0.9947435711641188, 0.9934470000823576, 0.9934343980800979, 0.9934470000823576, 0.8976354533337327, 0.6945534339874428, 0.8630945865330962, 0.8969851161165269, 0.8132238450370085, 0.9646252383052558, 0.9293198529918095, 0.9551602936693181, 0.9500418808168207, 0.9533756694817763, 0.978225112215995, 0.9721611310151101, 0.9071787239467233, 0.8960404194850897, 0.9271559714209411, 0.897742626699653, 0.9235444398065938, 0.9244406048940955, 0.9235444398065938, 0.8288481327885728, 0.9020164652084325, 0.9032601851006962, 0.9020164652084325, 0.8821267829717774, 0.7074911585879372, 0.858731509777221, 0.8605778586230338, 0.858731509777221, 0.598828382149387, 0.4861209109552565, 0.5733220303925793, 0.7267080388236266, 0.4611515699826046, 0.5263414185005004, 0.5283810098101857, 0.5263414185005004, -0.5976073116816029, 0.8692782566359374, 0.8997825513286152, 0.8814569922464285, 0.9087368076521652, 0.9338066506893569, 0.8675584469408357, 0.8690371469062754, 0.8675584469408357, 0.8803997179587253, 0.8803997179587253, -0.17400926051379048, 0.5049456473437416, 0.21312292101943986, -0.5130370303200962, -0.5424552561453653, -0.5462978927755264, 0.005994353402322161, 0.03140287137701548, 0.2885613707073514, 0.19772086748440246, 0.11771327231453968, 0.09249638576598561, 0.11950440162427946, -0.1734932837170777, 0.1008184204586992, 0.10105000446634126, -0.5147493690382993, -0.41014116530459566, -0.17270356313077456, -0.4558347804723139, -0.3387884578727799, -0.31400472075408964, -0.30442215013889873, -0.31400472075408964, -0.16479849365649418, -0.2187694827650748, -0.2187694827650748, -0.5224848091347674, -0.5224848091347674, 0.39924221764946893, 0.6699185474752059, 0.8789031301903284, 0.8566783108597339, 0.7962809833437438, 0.6771436300993956, 0.7770679277884264, 0.8181343347888369, 0.8183854084355117, 0.8181343347888369], [0.999984209121703, 1.0, 0.9638157612436533, 0.9991123727797979, 0.9926667600256838, 0.9999842091217029, 0.9742893041165364, 0.9636491968179032, 0.9740145817689358, 0.9548350049672054, 0.9764984915379543, 0.9743414840266748, 0.9742928353570455, 0.9740821299560735, 0.9731930015110396, 0.9830783504266768, 0.9815499979878994, 0.9806010582588878, 0.9805659849397751, 0.9744215921165938, 0.9744098697246412, 0.9795277039560681, 0.96375838989517, 0.9661814183303239, 0.9662674402324293, 0.9501618241551916, 0.9713773330073937, 0.9241543570874657, 0.9735756027517225, 0.9736278312692123, 0.9702968535030456, 0.916530057899017, 0.9855973568232136, 0.9857089681418839, 0.9865940094847144, 0.9770659170217347, 0.9836730764127576, 0.9855853361376725, 0.9863390202127079, 0.9861075550434802, 0.9867310406126892, 0.986704864439199, 0.9867310406126892, 0.8978301547593006, 0.6105600937690959, 0.8641176763929856, 0.8980296132413951, 0.8124295367486029, 0.8658455041486651, 0.8829017723628515, 0.8560614629935729, 0.8727712376053517, 0.8622268852075091, 0.9380405217756628, 0.9380936266042071, 0.909748348955728, 0.9214052713209151, 0.8952635484048882, 0.8949360461808374, 0.9029412555009407, 0.903798581290693, 0.9029412555009407, 0.7464675505346277, 0.708285269593947, 0.7104059050965502, 0.708285269593947, 0.9148051208232123, 0.9208125836569939, 0.9144509135662042, 0.915896700183378, 0.9144509135662042, 0.4083986419698762, 0.35304114716356544, 0.47548220764905197, 0.5746345149606259, 0.4507194847118378, 0.4972790885962439, 0.49860895278161504, 0.4972790885962439, -0.19288515387555996, 0.845894882117772, 0.8867533141121523, 0.8713024826343845, 0.9178332973865941, 0.9194396989634226, 0.8388579021183195, 0.8393303939915909, 0.8388579021183195, 0.8514049233169152, 0.8514049233169152, -0.28214577521806267, 0.5050192223439888, -0.37664355593393223, -0.455204947759466, -0.45564166052946975, -0.459152110322214, -0.261971929128412, 0.20353725365477876, -0.17984039793447407, -0.33696758425734835, -0.19096678525340122, -0.24533942736297018, -0.26983904154733324, -0.29821190278295245, 0.07484967997699836, 0.06940583185618637, -0.46798538494322117, -0.41931377974601297, -0.44712811941463476, -0.4770169791131009, -0.4694932384381587, -0.45030022306620937, -0.4534542414274462, -0.45030022306620937, -0.350526631091104, -0.47683254713671885, -0.47683254713671885, -0.4566643012999346, -0.4566643012999346, 0.39937727924311633, 0.44012072650720413, 0.5304278553110436, 0.6127940287950248, 0.5903025771870757, 0.2673093551533254, 0.40782427299829305, 0.40470123301221916, 0.4048174419154236, 0.40470123301221916], [0.9770385913359079, 0.9638157612436533, 1.0, 0.9810993961933722, 0.9908334191976694, 0.9770385913359081, 0.9852557284071032, 0.9833091214544053, 0.9922256216784221, 0.9340387810322219, 0.9962936098831942, 0.9852049934695272, 0.9826857089810502, 0.9849686353920258, 0.9848628557971927, 0.988025752389834, 0.9890791865876819, 0.9826685306714908, 0.9826512953418661, 0.9907421599140335, 0.985112371018738, 0.9904610215663894, 0.9788357927166456, 0.9826214605987815, 0.9826382467802947, 0.9794228495601387, 0.9770467585790547, 0.9458173925927574, 0.9670231204244859, 0.9670907538081303, 0.9719561942350559, 0.947535232668099, 0.9811650737461499, 0.9876898553208433, 0.9794775538149917, 0.9825566499801358, 0.9933711801101193, 0.9896495693177125, 0.9792697908792068, 0.9867272901796903, 0.9808508525182482, 0.9801339007089459, 0.9808508525182482, 0.9064652151863184, 0.6102359877435904, 0.9084420803389291, 0.8780370156351929, 0.6581888309339287, 0.9077227049198071, 0.8573176136953125, 0.8953132124733131, 0.8920638509226353, 0.8995974880794925, 0.9292491548847486, 0.9387907623466839, 0.7388972211168385, 0.7990166322758595, 0.814716912934751, 0.8353402446625211, 0.806943574198349, 0.7759903411931457, 0.806943574198349, 0.7200393603729424, 0.7626217105485601, 0.7628511856105642, 0.7626217105485601, 0.827500658222753, 0.39317104130541874, 0.585035486556253, 0.6556653483396929, 0.585035486556253, 0.4922148553952824, 0.4624955288248278, 0.4563750538521414, 0.6167033495622481, 0.394342430175349, 0.42520325539991777, 0.3916224331478417, 0.42520325539991777, -0.5889268743666207, 0.7938811051844723, 0.7729405713962891, 0.7750409485636336, 0.7535600163749718, 0.8811622116861657, 0.7999072319738497, 0.8024898387074191, 0.7999072319738497, 0.744310679812868, 0.744310679812868, -0.283121679606805, 0.7015343563576079, 0.16433726467510198, -0.6091056006044226, -0.6345008536173515, -0.637395500029214, -0.1067487464875586, -0.009451829621481025, 0.28482305055638996, 0.06327309154247417, 0.010691764923833216, 0.04348173936816108, 0.009628121478403166, -0.17017033745962362, 0.0036012324730973324, 0.0035401213439505805, -0.6054358812886219, -0.5246121021290897, -0.129098415745989, -0.5802638367661063, -0.43628181710072067, -0.40026245149782713, -0.231305685906858, -0.40026245149782713, -0.29038725558514755, -0.35552316718514676, -0.35552316718514676, -0.6255833410361595, -0.6255833410361595, 0.31312175332102615, 0.5743301564551535, 0.7848570207957929, 0.7633940375406276, 0.7323911389908514, 0.569661289516361, 0.710605751696205, 0.7179287103762153, 0.7499717015938493, 0.7179287103762153], [0.9996910651370124, 0.9991123727797979, 0.9810993961933722, 1.0, 0.9984900338302608, 0.9996910651370122, 0.9917669487968067, 0.9874472810226759, 0.9927808418073599, 0.9706030726069702, 0.9850049367833116, 0.9918017411764892, 0.9918908479188513, 0.9918425656154973, 0.9918848589327406, 0.9947669528924032, 0.9949289560631471, 0.9927413779768824, 0.9927307113065708, 0.9931361493151275, 0.9917829061452883, 0.9804154397815493, 0.9668676507213628, 0.9791229424723815, 0.9790970127100928, 0.963049427791435, 0.9567393973170492, 0.9441845854012653, 0.9898308633285069, 0.9897961072615773, 0.9866794300234079, 0.9736079082133999, 0.9941345452493311, 0.9954253270214519, 0.9941059088882647, 0.992737877465115, 0.990056224226603, 0.9953524120961451, 0.9945075461820209, 0.9959124911242916, 0.9942397454082067, 0.9942310669823843, 0.9942397454082067, 0.8971466479488899, 0.6820113509971732, 0.8732452843239366, 0.8920076966633145, 0.7897842000061892, 0.9588324000182432, 0.9214012942304347, 0.9483798243223178, 0.9443955784945393, 0.9484653145698277, 0.9740255298154235, 0.9694608158979369, 0.8806078628882268, 0.8851088687219656, 0.910730845074995, 0.8916875840031858, 0.902028632569883, 0.9032679427912443, 0.902028632569883, 0.8177769977620996, 0.887694042278901, 0.8890681604915679, 0.887694042278901, 0.8765637670303343, 0.634137465263486, 0.8101519378237475, 0.8120527035157787, 0.8101519378237475, 0.5879528453206317, 0.4577682309813417, 0.5602351149938044, 0.7075138175926906, 0.4537378756892807, 0.492657536735767, 0.4954290879535174, 0.492657536735767, -0.5994350020562508, 0.8614145056721724, 0.8867026767566153, 0.8696175360914941, 0.8794743016778447, 0.9294772643159209, 0.8608756729636828, 0.8625472490064122, 0.8608756729636828, 0.856182737295346, 0.856182737295346, -0.1811705102942038, 0.5367492818142806, 0.21793762167947794, -0.5217917138217131, -0.5508055115456226, -0.5545576559546607, -0.006912954939251118, 0.025114308393315285, 0.2812402111059537, 0.1851201149831932, 0.106866425933021, 0.08566741060537383, 0.11321309302365874, -0.18170953475771487, 0.08864886631629913, 0.08892682404756438, -0.5227336429272338, -0.42182973404727614, -0.17471442596668219, -0.46944848186442156, -0.34142048916291806, -0.31601667145931683, -0.30699039017602286, -0.31601667145931683, -0.17495490022083854, -0.22954915266029124, -0.22954915266029124, -0.5341055172577753, -0.5341055172577753, 0.3827791655395671, 0.6577060506570117, 0.8715522401823657, 0.8493431205779837, 0.789040060689004, 0.6684379040883766, 0.7683886002978528, 0.8097983080532608, 0.8100669881510943, 0.8097983080532608], [0.9972396134644972, 0.9926667600256838, 0.9908334191976694, 0.9984900338302608, 1.0, 0.9972396134644972, 0.9965052605422137, 0.99425791315807, 0.9966872576546644, 0.9592071668751393, 0.9946442273012776, 0.9965238310410356, 0.9966255921900958, 0.9965576829550608, 0.9965573265896402, 0.9976387271297615, 0.9972549675705211, 0.9971544335935111, 0.9971510334336179, 0.9965190075692792, 0.9965151520807655, 0.9929617453453216, 0.979603715964988, 0.9895197496752739, 0.9894713936821569, 0.9805964173869861, 0.9785198216106386, 0.9480682048002532, 0.9884129684914015, 0.9883472847037108, 0.9877788457661946, 0.9643583149291527, 0.9976693748379197, 0.997615707998174, 0.9975218917189719, 0.9970420316752944, 0.9969243009604103, 0.9978299218741187, 0.9979428678261838, 0.9976857275399351, 0.997649241012969, 0.9976527377898565, 0.997649241012969, 0.914014610701278, 0.6441354424607237, 0.8991132016569471, 0.894258689138368, 0.7522564714926496, 0.9382014859538359, 0.894065701610152, 0.9269041730517541, 0.9296299179093777, 0.9371610668561673, 0.9673742316177935, 0.9674738256791491, 0.8706442005182303, 0.8585615176526158, 0.8918572496853475, 0.8742640939381473, 0.8896601574078988, 0.8902100322665165, 0.8896601574078988, 0.7839733021370695, 0.8231980365069463, 0.8248839248439218, 0.8231980365069463, 0.8608435972514692, 0.7399564730810166, 0.8402048125893168, 0.8414276167206073, 0.8402048125893168, 0.5348983031604688, 0.3954551213485002, 0.5157568392874505, 0.6927880670164588, 0.5088616931920087, 0.4848453446322637, 0.48507504321972483, 0.4848453446322637, -0.5872118773223167, 0.8371928421157422, 0.8499052874243525, 0.8371939834246742, 0.8817926448820366, 0.9016164691288716, 0.839664538310084, 0.8412856815825936, 0.839664538310084, 0.8484075924985035, 0.8484075924985035, -0.22786412822031898, 0.6062289642009152, 0.07322827543243098, -0.5797088947693608, -0.613543561027911, -0.6139946365317951, -0.045141619328330884, 0.045220370151997716, -0.11825263558651146, -0.06723415462928169, -0.04733634645970411, -0.2917864316708953, -0.3447001432139634, -0.49048214302825865, 0.051875856107939, 0.05198070702296581, -0.5560165394361897, -0.46319733091774584, -0.4841623345801762, -0.5171585649149817, -0.5741696983787182, -0.5442971141433776, -0.5466522384151131, -0.5442971141433776, -0.22238195178829656, -0.2712053275341806, -0.2712053275341806, -0.6404203990186985, -0.6404203990186985, 0.35808013729366583, 0.6350539975462639, 0.8192830083449675, 0.7910050910260035, 0.7754268417946878, 0.5959271113074694, 0.6167935520773682, 0.7012605068888866, 0.7017432177996203, 0.7012605068888866], [1.0, 0.9999842091217029, 0.9770385913359081, 0.9996910651370122, 0.9972396134644972, 1.0, 0.9900457822201006, 0.985245495452205, 0.9906303694815561, 0.9727712292933707, 0.9791183451393164, 0.9900939352848733, 0.9902556919033052, 0.9901645792859889, 0.9902196305606257, 0.9931277955446973, 0.9933422925708043, 0.9912663534022915, 0.9912537800010766, 0.991221977161365, 0.9900839639482175, 0.9770152343216101, 0.9637168997434419, 0.9760225384915743, 0.9759956542108952, 0.9497942305680666, 0.9521485886311665, 0.9428400592313534, 0.9898870474694663, 0.9898415620158993, 0.9857080329066704, 0.9741434323073446, 0.9932369213491258, 0.9941775543289669, 0.9932553894696327, 0.9914682501868447, 0.9856759979226257, 0.9938507538639583, 0.9938048112351158, 0.9947435711641188, 0.9934470000823576, 0.9934343980800979, 0.9934470000823576, 0.8976354533337327, 0.6945534339874428, 0.8630945865330962, 0.8969851161165269, 0.8132238450370085, 0.9646252383052558, 0.9293198529918095, 0.9551602936693181, 0.9500418808168207, 0.9533756694817763, 0.978225112215995, 0.9721611310151101, 0.9071787239467233, 0.8960404194850897, 0.9271559714209411, 0.897742626699653, 0.9235444398065938, 0.9244406048940955, 0.9235444398065938, 0.8288481327885728, 0.9020164652084325, 0.9032601851006962, 0.9020164652084325, 0.8821267829717774, 0.7074911585879372, 0.858731509777221, 0.8605778586230338, 0.858731509777221, 0.598828382149387, 0.4861209109552565, 0.5733220303925793, 0.7267080388236266, 0.4611515699826046, 0.5263414185005004, 0.5283810098101857, 0.5263414185005004, -0.5976073116816029, 0.8692782566359374, 0.8997825513286152, 0.8814569922464285, 0.9087368076521652, 0.9338066506893569, 0.8675584469408357, 0.8690371469062754, 0.8675584469408357, 0.8803997179587253, 0.8803997179587253, -0.17400926051379048, 0.5049456473437416, 0.21312292101943986, -0.5130370303200962, -0.5424552561453653, -0.5462978927755264, 0.005994353402322161, 0.03140287137701548, 0.2885613707073514, 0.19772086748440246, 0.11771327231453968, 0.09249638576598561, 0.11950440162427946, -0.1734932837170777, 0.1008184204586992, 0.10105000446634126, -0.5147493690382993, -0.41014116530459566, -0.17270356313077456, -0.4558347804723139, -0.3387884578727799, -0.31400472075408964, -0.30442215013889873, -0.31400472075408964, -0.16479849365649418, -0.2187694827650748, -0.2187694827650748, -0.5224848091347674, -0.5224848091347674, 0.39924221764946893, 0.6699185474752059, 0.8789031301903284, 0.8566783108597339, 0.7962809833437438, 0.6771436300993956, 0.7770679277884264, 0.8181343347888369, 0.8183854084355117, 0.8181343347888369], [0.9900457822201006, 0.9742893041165364, 0.9852557284071032, 0.9917669487968067, 0.9965052605422137, 0.9900457822201006, 1.0, 0.9970291437258071, 0.9999669334537624, 0.9484854485798628, 0.9995309913312745, 0.9999959424846174, 0.9999570299705329, 0.9999919519814437, 0.9999166326119534, 0.9937533452100391, 0.9998075014592599, 0.9998232376453715, 0.9998236176018342, 0.9999943028461873, 0.9999963196961053, 0.9908873660110961, 0.974594802333567, 0.9834865143538343, 0.9922307201465831, 0.982382720291825, 0.9707001135039603, 0.9382081160680372, 0.9925457190616723, 0.9922063449605427, 0.9920730798456072, 0.9678629110745566, 0.9992763087503814, 0.9993606752685142, 0.9993325441434142, 0.9997297729222147, 0.9984965492346545, 0.9992392530107594, 0.9981644656884832, 0.9993443709223481, 0.9990847096329698, 0.9989990478076307, 0.9990847096329698, 0.9208013361488063, 0.6432361316756391, 0.9219683434141919, 0.8988527322899588, 0.6979478315661684, 0.9479989483164888, 0.9122701945274039, 0.9355706246436948, 0.9262177002836697, 0.9369515741973325, 0.9691162723453344, 0.9612870302940262, 0.6948305677072136, 0.802019040070734, 0.785649840317645, 0.8316487544595349, 0.7782450172292139, 0.7492470759867602, 0.7782450172292139, 0.735648771915931, 0.7502945581235824, 0.7531739719599642, 0.7502945581235824, 0.8149785843856752, 0.2694064272761702, 0.49117018196375895, 0.5848286344490808, 0.49117018196375895, 0.5001589083626512, 0.45985863926852755, 0.4578292127434077, 0.5932600387372745, 0.37016617918249434, 0.3988373618380325, 0.34645619746707884, 0.3988373618380325, -0.6527109946676457, 0.7904282676092872, 0.7906592989323986, 0.7836986852773274, 0.7198462524994877, 0.8852991785736681, 0.7958052511123138, 0.7981831557025211, 0.7958052511123138, 0.7010395864130047, 0.7010395864130047, -0.26607774073095275, 0.6635242572325488, 0.2639232918001014, -0.5696685745694154, -0.596839141900108, -0.6000829788864555, -0.0634348840033573, -0.02946532855491885, 0.37758435727766876, 0.1423554164577662, 0.06270170136192516, 0.13098996138361105, 0.09855706496973017, -0.08897275239467327, 0.013207946463868006, 0.013578685581868416, -0.5722472336884167, -0.49647616636737496, -0.017660776588412676, -0.557649607743828, -0.3483374193959439, -0.31506674448083427, -0.13835126712113024, -0.31506674448083427, -0.26056028777648205, -0.2841465128407596, -0.2841465128407596, -0.6028955615885497, -0.6028955615885497, 0.3531279162154444, 0.6089022193790697, 0.8040963413080282, 0.8098469032768085, 0.7624371983402287, 0.6488836265219112, 0.7478846334354369, 0.7705362858164293, 0.7889183935051967, 0.7705362858164293], [0.985245495452205, 0.9636491968179032, 0.9833091214544053, 0.9874472810226759, 0.99425791315807, 0.985245495452205, 0.9970291437258071, 1.0, 0.9994206758114094, 0.9394099669845732, 0.9980095471139289, 0.9978560859704748, 0.9992087111635511, 0.9989337776430515, 0.998610524314159, 0.9859238467313481, 0.9988332220012281, 0.9989917950607864, 0.9989948388621166, 0.9994656682597406, 0.999109495684464, 0.9907517104611704, 0.9748996000795747, 0.9913715164172218, 0.9920593791831854, 0.9768470487722225, 0.9727471961346381, 0.9362088424607167, 0.988885377745269, 0.9923052727746973, 0.9902517620143149, 0.9639410730609244, 0.9980702076390413, 0.9979425854333286, 0.9979519785435264, 0.9989490333328974, 0.9955427007867027, 0.9977052823535046, 0.9974974065077933, 0.9978069007036723, 0.99788521995013, 0.9979166619510182, 0.99788521995013, 0.9188922248836728, 0.6272565455612351, 0.9236598317562303, 0.8950476134771453, 0.6684421246847464, 0.9456360668572362, 0.9048548091207596, 0.9317672320556804, 0.9167552107319734, 0.9289559275243866, 0.9642716960228461, 0.9554916068136512, 0.6776077995075341, 0.7840275182445559, 0.7650371292226334, 0.8196183868612051, 0.758924336159662, 0.734608435311114, 0.758924336159662, 0.7188549161482253, 0.7275355762034148, 0.7375642895474618, 0.7275355762034148, 0.8029840051786346, 0.24543386698130643, 0.4655920892537017, 0.5650383283171807, 0.4655920892537017, 0.4833513014722022, 0.451568458243583, 0.43897175485525386, 0.5748276523907354, 0.35895928906715213, 0.3851581489775828, 0.3267056673038106, 0.3851581489775828, -0.652949508340787, 0.7764893309941459, 0.7671634928562228, 0.7650362794323147, 0.7023425440633086, 0.874755000725663, 0.7826410792523291, 0.7852845228486203, 0.7826410792523291, 0.6785584169247129, 0.6785584169247129, -0.28493340695467173, 0.6983511086094468, 0.27283981363026394, -0.5854818927787848, -0.6120458293582951, -0.6150861336623519, -0.07980927606225037, -0.03937315490966291, 0.37094106913683056, 0.12249394051647654, 0.0460472618091033, 0.12174963458503153, 0.08254276897643573, -0.09544248773964083, -0.005057968236702228, -0.004670311302886759, -0.5860840914984355, -0.5139814004158135, -0.024467714705009903, -0.5784722623632491, -0.3627821139158212, -0.32767598959673466, -0.14457937759536885, -0.32767598959673466, -0.2812468136154759, -0.3000179531555388, -0.3000179531555388, -0.6178370378803526, -0.6178370378803526, 0.3264523276262652, 0.5897479352974131, 0.7936881130844414, 0.7908540756094897, 0.7482281967661887, 0.6318032682996576, 0.731030752277465, 0.7502745454821358, 0.7724853782940384, 0.7502745454821358], [0.9906303694815561, 0.9740145817689358, 0.9922256216784221, 0.9927808418073599, 0.9966872576546644, 0.9906303694815561, 0.9999669334537624, 0.9994206758114094, 1.0, 0.9472121171929122, 0.9994666399712417, 0.9999680409355659, 0.9999636404486504, 0.9999731278925257, 0.9999296424432842, 0.9980132108030672, 0.9997121705502077, 0.9997580789919704, 0.9997591335713, 0.9999650049610095, 0.9999653908722111, 0.9940911558208774, 0.9772721217886386, 0.9935849366079577, 0.993523424129834, 0.9821339698459257, 0.9766157881031543, 0.9400712139210364, 0.9910427022096249, 0.9910065741103611, 0.9887614800159598, 0.9630809845783613, 0.9992914355001027, 0.9992527551640612, 0.9991117013615743, 0.999854484324456, 0.9984007834584545, 0.9992274442929799, 0.9991264879880374, 0.9992247062532008, 0.9991304030644462, 0.9991365855209184, 0.9991304030644462, 0.9209501451481449, 0.6446044706767622, 0.9221184743317477, 0.8989976516296065, 0.6973542687359668, 0.9342550111247051, 0.8863982680239358, 0.9186233467340651, 0.9216057698569651, 0.9331424283511163, 0.9627450058641083, 0.9616807060269063, 0.8402023834426722, 0.8027747865292076, 0.862298044987386, 0.8324084532631826, 0.8601670612423169, 0.8610052658936482, 0.8601670612423169, 0.734625801614108, 0.8033017652680695, 0.8050980618424148, 0.8033017652680695, 0.8163164848604653, 0.6974257563761282, 0.8069107292563703, 0.808588381723979, 0.8069107292563703, 0.49911582493051465, 0.31631663377559976, 0.456946760958784, 0.6376745566877261, 0.43100162198231073, 0.39330606711883026, 0.39367953668434424, 0.39330606711883026, -0.6339397471654095, 0.7907666355363044, 0.7902145582214936, 0.7836881765104929, 0.8518735917365877, 0.8727338740914954, 0.8023203528846067, 0.8050246203849323, 0.8023203528846067, 0.8109980773735953, 0.8109980773735953, -0.26870168599623745, 0.6638907280925962, 0.09708104489528895, -0.5986806299951692, -0.6412380744740984, -0.6420660361807778, -0.06708555710465265, -0.027544246992805624, -0.1272318081780281, -0.04054928412519929, -0.03493124312219972, -0.3255361322017205, -0.3544971246182192, -0.5323921613420217, 0.011756576427526642, 0.012425369030824307, -0.5742839399289148, -0.4987509762045375, -0.4948316742233873, -0.5600427906664673, -0.5905209910502718, -0.5696190123285417, -0.5715487782376126, -0.5696190123285417, -0.2630659488804396, -0.287844854848416, -0.287844854848416, -0.6994609603254036, -0.6994609603254036, 0.3539790078626497, 0.6079727127096138, 0.8259370125135536, 0.8023579676666651, 0.7609878277222736, 0.633853332460618, 0.6489848234315134, 0.7203298888829989, 0.7204957719948059, 0.7203298888829989], [0.9727712292933707, 0.9548350049672054, 0.9340387810322219, 0.9706030726069702, 0.9592071668751393, 0.9727712292933707, 0.9484854485798628, 0.9394099669845732, 0.9472121171929122, 1.0, 0.9155189459831045, 0.9485337527571774, 0.9486515556268192, 0.9481589282705924, 0.9474519251231533, 0.9498286062092371, 0.95575142734743, 0.9547754480422687, 0.9547423686684154, 0.9486905349961389, 0.9486762080694379, 0.9481679391203114, 0.940330677674942, 0.950655464209148, 0.9508811542739954, 0.7943238898441306, 0.9557614647616249, 0.9501357414024796, 0.9567121217244536, 0.9568601931913885, 0.9550668025677977, 0.9289297944787382, 0.9592015138831068, 0.9594807485902522, 0.9603336113333258, 0.9508423072521254, 0.9286361357522454, 0.9584109694121346, 0.9599793930463977, 0.9597838350317867, 0.9606638251296487, 0.9606238518101112, 0.9606638251296487, 0.7734050688649824, 0.44257159726385537, 0.7162016554560069, 0.8596402164702573, 0.8433078216417602, 0.8737132790734703, 0.7539945985349336, 0.8512761359983986, 0.8653346254148597, 0.8748031610856027, 0.8951252194110555, 0.8951720065210639, 0.8484636134248943, 0.8396087779413758, 0.8761519487818257, 0.8512989791746038, 0.8672505296423151, 0.8682044253402276, 0.8672505296423151, 0.7856399425182753, 0.7640862325534168, 0.7662876745939547, 0.7640862325534168, 0.8436537993006032, 0.8666895031908775, 0.8416405162196074, 0.8425294306996932, 0.8416405162196074, 0.6067279195290685, 0.5265172217494712, 0.6071497918239988, 0.7353344323695963, 0.6262554692001729, 0.648539552260273, 0.6520995645260079, 0.648539552260273, -0.2711670837367418, 0.8470769061697789, 0.9125989043206947, 0.8667974330052243, 0.8666507177350211, 0.8781695766874462, 0.838251395063001, 0.8397460369222838, 0.838251395063001, 0.8513404886954712, 0.8513404886954712, 0.01246470894961038, 0.21987517016969563, -0.07009276845789489, -0.3442109072740037, -0.3768885773471431, -0.3788310082379391, 0.10873301229160327, 0.3735925511537958, 0.13566442777973936, 0.03246572493871094, 0.14171571536614658, 0.04921146527581604, -0.058584337314207716, -0.1128673460887809, 0.2640617206061841, 0.2629095159703129, -0.328127418362057, -0.27557314693135077, -0.27916912808866695, -0.28157351034030914, -0.35329041913750653, -0.30176675146008586, -0.3035773478891601, -0.30176675146008586, -0.04199112317317528, -0.3201178814545719, -0.3201178814545719, -0.38721983155990203, -0.38721983155990203, 0.5807049121353356, 0.6806189281413182, 0.7609672464806598, 0.665272186590619, 0.8407806951040597, 0.302250845824557, 0.392205466106643, 0.5733708431299472, 0.5736630777143363, 0.5733708431299472], [0.9791183451393164, 0.9764984915379543, 0.9962936098831942, 0.9850049367833116, 0.9946442273012776, 0.9791183451393164, 0.9995309913312745, 0.9980095471139289, 0.9994666399712417, 0.9155189459831045, 1.0, 0.9995280973018904, 0.999523684457107, 0.9994712218790447, 0.9995103309072922, 0.9983389896676267, 0.999567654803206, 0.9996943196465159, 0.9996998926129712, 0.9995367433384273, 0.9995380124580343, 0.9913198001318564, 0.9564962721495917, 0.9912306094523019, 0.9912007479563207, 0.986054731202799, 0.972145162960031, 0.8912272073376031, 0.9887282176515243, 0.9887824000295714, 0.9701349123098788, 0.8866561465611921, 0.9985698045150759, 0.998514569652779, 0.9982791439846065, 0.9991957385545834, 0.9991102910525029, 0.9985426559786172, 0.9982968274852855, 0.9984739542487182, 0.9982270827814678, 0.998241420196983, 0.9982270827814678, 0.9147613922021125, 0.5266410766497679, 0.9177131200042702, 0.897522929551977, 0.6996481689002149, 0.824202376705376, 0.8348784749183662, 0.8118031237084298, 0.8133414717244796, 0.8201592825718207, 0.9216164237488628, 0.9218099073058822, 0.8286883116896655, 0.8401234626964671, 0.801416946112502, 0.8045430973402276, 0.8118573549542564, 0.8129474547236674, 0.8118573549542564, 0.6196379924611444, 0.5754340149392942, 0.5780055990445302, 0.5754340149392942, 0.8412871535021429, 0.8519896408583515, 0.8392950093203444, 0.8410637429437424, 0.8392950093203444, 0.26139175622528693, 0.19449206389639673, 0.32354864660685256, 0.4434198755706268, 0.3097967746938333, 0.3648577061910081, 0.3681873733188297, 0.3648577061910081, -0.40381708556346657, 0.7381294874983202, 0.7950574745238684, 0.7720770013804922, 0.838650651672887, 0.8349980359971002, 0.7296861633093127, 0.7303427303873085, 0.7296861633093127, 0.7458405249068157, 0.7458405249068157, -0.33314508320210745, 0.6541420993721954, -0.3966963670085435, -0.5408251342222318, -0.5416245005758348, -0.5439024343516723, -0.3320119568611557, 0.12733463320477914, -0.24650360358704396, -0.3962804255664136, -0.25628350656820875, -0.3174028126129241, -0.35202947321909844, -0.38261844389672905, -0.004572773191881933, -0.008928542989117657, -0.5501995118124792, -0.5122862440229133, -0.5300692820253963, -0.5645886560197513, -0.5590191066890698, -0.5342634584804985, -0.5370949454666542, -0.5342634584804985, -0.4382022762207029, -0.592217271451964, -0.592217271451964, -0.6018716319764248, -0.6018716319764248, 0.3488574564642697, 0.3703537975369789, 0.4719449510703357, 0.5552933238264433, 0.5568405922203686, 0.16682175442752054, 0.3104549275389964, 0.3352319066873123, 0.3354274400578618, 0.3352319066873123], [0.9900939352848733, 0.9743414840266748, 0.9852049934695272, 0.9918017411764892, 0.9965238310410356, 0.9900939352848733, 0.9999959424846174, 0.9978560859704748, 0.9999680409355659, 0.9485337527571774, 0.9995280973018904, 1.0, 0.999962303282095, 0.9999939497751478, 0.9999221456838016, 0.9946065549324707, 0.9998098062476678, 0.999824784688774, 0.9998251031806438, 0.9999960549029114, 0.9999969722166255, 0.9908409537525744, 0.9745626444733789, 0.9891061146239518, 0.9922041209982007, 0.9823572404656431, 0.9706022177556416, 0.9381508537672043, 0.9925369848288098, 0.9922210818771071, 0.9920663540372491, 0.9678912319340247, 0.9992791019757731, 0.9993662119570026, 0.9993422341050147, 0.9997356563541411, 0.9985012714451564, 0.9992497913931849, 0.9981691865399938, 0.9993525896889425, 0.999089945405266, 0.99900264551972, 0.999089945405266, 0.920854346852906, 0.6434276595814546, 0.9222883771270308, 0.8991760054069857, 0.6981641952137544, 0.9480496447761672, 0.9124792888246863, 0.9356626340896632, 0.9263204740050005, 0.9370393854565583, 0.9692232740608527, 0.9613742825464505, 0.6947543497435285, 0.8021758534184108, 0.7857651361024952, 0.8317662285942435, 0.7783588393177069, 0.7491796109270954, 0.7783588393177069, 0.7357189319709575, 0.7503607150275161, 0.7531031708575806, 0.7503607150275161, 0.8151376358219076, 0.2692589016628843, 0.491176994034308, 0.5847256069924573, 0.491176994034308, 0.5000946344936645, 0.45976808122658885, 0.45777491291711, 0.5932941218723551, 0.3700351957155509, 0.3989340051818908, 0.3464994329719118, 0.3989340051818908, -0.6528636687634183, 0.7904960574292884, 0.7908059941457842, 0.7837984707706608, 0.7198357015781832, 0.8854076699422807, 0.7958928272566035, 0.7982651487351318, 0.7958928272566035, 0.7011231124659957, 0.7011231124659957, -0.26607138726470086, 0.663537567285718, 0.2640529113580984, -0.5696227381216828, -0.5967436571246227, -0.5999934197025879, -0.0635019024831857, -0.02963240080512276, 0.3777738467409814, 0.14240163300480277, 0.06266063628078984, 0.13127644791210144, 0.09882253944820174, -0.0886512871796152, 0.013237272389786224, 0.013623977475397868, -0.5722278932933748, -0.4964975194661882, -0.01738242617367287, -0.5576199231837963, -0.34805192430074194, -0.3148096960429906, -0.13811705507123465, -0.3148096960429906, -0.2604011065620812, -0.2840902378837828, -0.2840902378837828, -0.6027539857377718, -0.6027539857377718, 0.3536945561409089, 0.6090869769688605, 0.8041391440551102, 0.8101306806242009, 0.7625517910646499, 0.6491589373134982, 0.7480374501677773, 0.7708100773762158, 0.7890500092412768, 0.7708100773762158], [0.9902556919033052, 0.9742928353570455, 0.9826857089810502, 0.9918908479188513, 0.9966255921900958, 0.9902556919033052, 0.9999570299705329, 0.9992087111635511, 0.9999636404486504, 0.9486515556268192, 0.999523684457107, 0.999962303282095, 1.0, 0.9999667014193951, 0.9999100046689586, 0.9974791331415425, 0.9998054456145788, 0.99986678495176, 0.9998673808778427, 0.9999827660172086, 0.9999613960763978, 0.9903780368627432, 0.9743710178615692, 0.9929393012191058, 0.9928994664060793, 0.9823253799649131, 0.9702196040040253, 0.9380755411671455, 0.9933128984489801, 0.9933296663758473, 0.991824713539674, 0.9676907867349542, 0.99950420402125, 0.9993701710724402, 0.9993986755910873, 0.9998837610268162, 0.9984992277887512, 0.9992571353519085, 0.9992123090776011, 0.9993628612562709, 0.9993752199646961, 0.9993791421553817, 0.9993752199646961, 0.9209621552761358, 0.6435886976270949, 0.922310267762375, 0.8991770889732039, 0.6981754420233091, 0.9520192181445466, 0.9099455157723676, 0.9372998914547367, 0.9264056215358966, 0.9370371171115053, 0.9689463920425546, 0.9614452908119986, 0.6485946532206148, 0.801887142532961, 0.7845209813787816, 0.8322324461929954, 0.7773019845793936, 0.7219673499830187, 0.7773019845793936, 0.7356391649124843, 0.7405547507541624, 0.7449848865027108, 0.7405547507541624, 0.8155951441785906, 0.19898397366752002, 0.4785274229877817, 0.4843556029825227, 0.4785274229877817, 0.5002464656229755, 0.35296622801513033, 0.4580257986427705, 0.5927977858232314, 0.370256435237783, 0.3659417702960442, 0.3461372918749489, 0.3659417702960442, -0.6530537836714978, 0.7909768507573285, 0.790780503452133, 0.7835587416816503, 0.6597949933330685, 0.8858954077060776, 0.7964144431827632, 0.7987815088536725, 0.7964144431827632, 0.6996013047142937, 0.6996013047142937, -0.2657350634235972, 0.6634189534117819, 0.2676638115633256, -0.5694660763365514, -0.5964080682107833, -0.599657989821362, -0.06388192084650145, -0.02952991654719429, 0.32984279615696893, 0.14257585424317812, 0.06240974872025159, 0.13469881081379428, 0.10120632167150402, -0.09888361417638719, 0.013358199651467107, 0.013748561694888736, -0.5723932955227283, -0.49657499585376996, -0.08308686460107147, -0.5573367212005569, -0.34602422818109313, -0.3125570323705147, -0.22541671869351257, -0.3125570323705147, -0.2599371181158161, -0.2851961096646872, -0.2851961096646872, -0.6020118162229144, -0.6020118162229144, 0.3538257918495697, 0.6092661442214861, 0.7889332807198969, 0.8101839760972118, 0.7629451884097292, 0.6488990629508795, 0.7060315503204861, 0.7586030154318734, 0.7588238084462959, 0.7586030154318734], [0.9901645792859889, 0.9740821299560735, 0.9849686353920258, 0.9918425656154973, 0.9965576829550608, 0.9901645792859889, 0.9999919519814437, 0.9989337776430515, 0.9999731278925257, 0.9481589282705924, 0.9994712218790447, 0.9999939497751478, 0.9999667014193951, 1.0, 0.9999348847047246, 0.9973322017366357, 0.9998000634948859, 0.9998280919747373, 0.9998282918603101, 0.9999939323290924, 0.999994134023168, 0.9906919573262518, 0.9744592750099591, 0.992769546298554, 0.9926469528066065, 0.9822199245622968, 0.9702596878964944, 0.9377601619008883, 0.9932678691313384, 0.9933124369427707, 0.9921056061543668, 0.9680759428877747, 0.9993314163619419, 0.9993648913184491, 0.9993745176984452, 0.9997745033501364, 0.9984290776377436, 0.9992531816567991, 0.9984919539416678, 0.9993615275493093, 0.9991406151850221, 0.999060911150654, 0.9991406151850221, 0.9211106731103527, 0.6442041653587394, 0.9226240420624561, 0.8994833120771126, 0.6977699242531503, 0.9486401381566428, 0.9132428334286595, 0.9362958381668803, 0.9267433248985399, 0.9374265611258649, 0.969660442800089, 0.9617714678590547, 0.6950591860371939, 0.8024644846030843, 0.7856850583068895, 0.8320504192027072, 0.7783232053760349, 0.7488064468468523, 0.7783232053760349, 0.7359236054064802, 0.7503097454451536, 0.7535403155506935, 0.7503097454451536, 0.8155165404017708, 0.26854880684587346, 0.49063464569142895, 0.5847725280982022, 0.49063464569142895, 0.4999072828128924, 0.4603346719938574, 0.45765757091262754, 0.5930341221454803, 0.36961153007138303, 0.39896570264946235, 0.34613128258597514, 0.39896570264946235, -0.6532553790106498, 0.7906380129914917, 0.7903178419623904, 0.7838836104366247, 0.7090137375197304, 0.8856943008174943, 0.796032753133762, 0.7983936173056745, 0.796032753133762, 0.700919511228547, 0.700919511228547, -0.2678899958248596, 0.6645822692135958, 0.2645810865670883, -0.5701783583307786, -0.5971609461318624, -0.6004159562908598, -0.06477250031147833, -0.03098124115954702, 0.37806579610034385, 0.14189289826937052, 0.06175295303431999, 0.13133612359285712, 0.09888197319665265, -0.08850401659105925, 0.01210082350199741, 0.012482891782085564, -0.5729299227928129, -0.497598948709929, -0.016787931543664373, -0.5591444626861775, -0.34792299760634654, -0.3147547774273277, -0.1375460739436798, -0.3147547774273277, -0.26149876359633484, -0.28460592354972886, -0.28460592354972886, -0.6028543873652158, -0.6028543873652158, 0.3538656052899591, 0.6087627404846316, 0.8046759421366504, 0.8105927384862754, 0.7619696960709744, 0.6499545169142389, 0.7488282007320781, 0.7712096890263332, 0.7896590778297476, 0.7712096890263332], [0.9902196305606257, 0.9731930015110396, 0.9848628557971927, 0.9918848589327406, 0.9965573265896402, 0.9902196305606257, 0.9999166326119534, 0.998610524314159, 0.9999296424432842, 0.9474519251231533, 0.9995103309072922, 0.9999221456838016, 0.9999100046689586, 0.9999348847047246, 1.0, 0.9974491765240365, 0.9996942347125908, 0.9997758515480434, 0.9997769952485408, 0.9998989890266714, 0.9999179432204524, 0.9904515498625727, 0.974207482135842, 0.992039778175496, 0.9916733902342394, 0.9822445673877986, 0.9699677082024041, 0.9376678480824364, 0.9923772455594871, 0.9923831944689236, 0.9914965549203885, 0.9671381865033544, 0.999340472229959, 0.9992145107240031, 0.9993123212214403, 0.9997612015566555, 0.9983342311875715, 0.9992296765767165, 0.9984765865530638, 0.9992371715927378, 0.9991564686376229, 0.9990907438493801, 0.9991564686376229, 0.9197781362694835, 0.6445319001859848, 0.9214039880751, 0.8983023826091651, 0.6948234833883662, 0.9492074610898459, 0.9141158189102981, 0.9372767152225276, 0.9262142209734802, 0.9367258435443498, 0.9700307189821852, 0.9613444276238491, 0.6964136957023437, 0.8010124117280443, 0.7859510683088027, 0.8317140222557559, 0.7785915623841309, 0.7511109040460806, 0.7785915623841309, 0.7340095516076863, 0.7498110728737793, 0.754718475064693, 0.7498110728737793, 0.8155045935151651, 0.26848386546777026, 0.4902149389388345, 0.5862176063321008, 0.4902149389388345, 0.4985147440888198, 0.4620438885761074, 0.4559791107378647, 0.5925471134495398, 0.3680884387644054, 0.3994557330491466, 0.3463857402907376, 0.3994557330491466, -0.653791421077087, 0.7899922624070159, 0.7889661496629871, 0.7828682645872447, 0.7218738350747482, 0.8860271658965018, 0.7955609149000584, 0.7981594228697066, 0.7955609149000584, 0.7010286122432068, 0.7010286122432068, -0.26854103267212764, 0.6665507124342365, 0.26463594618698183, -0.570444162796233, -0.5971883446620025, -0.6001474620452514, -0.06678405294161158, -0.03259493066210049, 0.37943846905218337, 0.1414873524291077, 0.06061826529524413, 0.1323734065206686, 0.10002801720005845, -0.08699890677116362, 0.011174120717068702, 0.01183273929424594, -0.5742806350708941, -0.4991264709426796, -0.014888916605804943, -0.5601921230632955, -0.3469677841762814, -0.3138084088952716, -0.1360790443222072, -0.3138084088952716, -0.2616403616276168, -0.28743943300511005, -0.28743943300511005, -0.6026592113476108, -0.6026592113476108, 0.35141889017315814, 0.6066995920060839, 0.8058112093880444, 0.8114102194600117, 0.7604008652658629, 0.649016931308191, 0.7506378318093142, 0.7720232789470405, 0.7911048197613088, 0.7720232789470405], [0.9931277955446973, 0.9830783504266768, 0.988025752389834, 0.9947669528924032, 0.9976387271297615, 0.9931277955446973, 0.9937533452100391, 0.9859238467313481, 0.9980132108030672, 0.9498286062092371, 0.9983389896676267, 0.9946065549324707, 0.9974791331415425, 0.9973322017366357, 0.9974491765240365, 1.0, 0.9980969976370223, 0.9977031284158215, 0.9977004668128711, 0.997782567873322, 0.9972621178235348, 0.9912891598975866, 0.9770386190471206, 0.969659456505085, 0.9870941515358279, 0.9866696678848562, 0.9715387315459219, 0.9468603940075053, 0.9915653228455896, 0.9893715524709065, 0.9883003545674294, 0.9658788932851206, 0.9974789120640838, 0.9974944874576835, 0.9973041332117923, 0.9972860965467176, 0.998456043543646, 0.9980200553647718, 0.9972967853262793, 0.9977317615169199, 0.9974064437566207, 0.9973834751636552, 0.9974064437566207, 0.9114042595570367, 0.6544277975303966, 0.9144064449778492, 0.9019114353281036, 0.7213971465210546, 0.9509533385757276, 0.9167426733791422, 0.94