var element=document.getElementById("correlationClose");if(element.style.display!='none'){var correlationClose={"data":[{"type":"heatmap","z":[[1.0,0.9999849166308312,0.5966408276223816,0.999711212848022,0.9976336275720222,1.0,0.9913210199609324,0.987127420719418,0.987127420719418,0.9920075317018521,0.9740483282163945,0.983839073598376,0.9913638153006804,-0.11389093870596222,0.9914250741938043,0.9353864813275953,0.9172478372014671,0.40971826665034433,0.9923848761507943,0.9923832815671969,0.9844468458361582,0.9913654778868518,0.4505608262672169,0.6866247267508755,0.979036767624409,0.979036767624409,0.9790153807590648,0.9658070234775508,0.32979888070129476,-0.11173406356187282,0.9896935104739651,0.9896602032728642,0.29176324693563344,-0.1867570971339234,0.9940698339823411,0.9948774508217246,0.8215893276193771,-0.38326917024037777,0.9886902814562367,0.9947124707665922,0.9334109816756019,0.3915479785771834,0.9942433730105349,0.9942393898358193,0.9942433730105349,0.8883580947652625,0.6649115238325508,0.8803053376978748,0.8912383553241101,0.7967526328995168,0.3828455457687499,-0.14474482774271272,0.19344458090494263,0.9453445448782464,0.4398449066913985,0.9764521988428582,0.9710417038801582,0.979651892801222,0.9897343310269947,0.9193138075542292,0.9195859956914224,0.9365200479573184,0.9151665929239184,0.9334983973896677,0.9343457276033447,0.9334983973896677,0.8556693316106027,0.9103844978745051,0.9115780342517696,0.9103844978745051,0.9038059850677053,0.7490344253673846,0.8777252235508322,0.8794638837654583,0.8777252235508322,0.6379695235072446,0.32256212235089854,0.616195461464422,-0.5853381431154461,0.5163984512842793,0.561211589256758,0.5627388999210677,0.561211589256758,-0.10493632052929074,0.8913697316544937,0.9240402344327932,0.9060635781352254,0.9209152907949625,0.3992937995429748,0.887853143592232,0.8891474557861982,0.887853143592232,0.8955960289210234,0.8955960289210234,-0.1418798224133767,0.5716476375113115,0.19070150997034338,-0.5942900995046551,-0.5699335580873184,-0.5733125237493659,-0.059508695017664474,0.07916369498415646,0.247878965130378,0.10482618849155825,-0.43092927680293436,0.039736973183044,-0.7941527586265785,-0.22709758626359272,0.1435858566439071,0.14431344845638894,-0.5502658768821757,-0.5990019603625648,-0.22875678320517434,-0.4956947684166361,-0.8265181726999734,-0.3636462491763923,-0.3555652034863383,-0.3636462491763923,-0.1912479410578086,-0.27628285262175234,-0.27628285262175234,-0.8145575743544605,-0.8145575743544605,0.40292932910486645,0.6526517191872441,0.8690465245861804,0.8490040409302081,0.7832691874401586,-0.26909636801222603,0.7620628369102406,0.8017265576853085,0.8017896955110235,0.8017265576853085,-0.2338305243284614],[0.9999849166308312,1.0,0.9728762546607195,0.9993004272272387,0.9944456063797986,0.999984916630831,0.9802502714936762,0.9723033317689896,0.9723033317689896,0.9800813420123473,0.9623795557583606,0.9820707499161435,0.9803038016205166,0.9802772178960567,0.9801037997135487,0.698369935981805,0.6506370439126072,-0.3159904448931873,0.9851499518135838,0.9851262911141805,0.9803672979428818,0.9803604080906775,-0.11208307521645451,0.9717041775268426,0.9741078128277973,0.9741078128277973,0.9741732388468023,0.9661484497349654,0.1049175181246625,0.1679867523373155,0.977311117371854,0.9773912985917786,0.9731145909651941,0.17622080678510313,0.988683075817291,0.9887532339939576,0.9894540493873049,0.9820857562207871,0.9873281146057958,0.9887806403239796,0.6781691639909939,-0.3220822848278217,0.9895218509892555,0.9895060999833016,0.9895218509892555,0.8883544623204119,0.5334170845809365,0.8808856217047002,0.8915096194977815,0.7960707285647625,-0.4121243244851361,-0.535392340456928,0.8265150284921461,0.8594267134080067,-0.20581395985897358,0.9344845163389076,0.9345818423368061,0.9451901624508197,0.973465509918189,0.9320149081362588,0.9410247685991008,0.9211939720312958,0.9206917212702511,0.9272846328520133,0.9279457244573276,0.9272846328520133,0.8008585266983034,0.7634186281911888,0.7656936701118959,0.7634186281911888,0.9350931644561972,0.9397298783336453,0.9351292311516386,0.9362358666230559,0.9351292311516386,0.4866355259996478,0.4272190963167149,0.5439091833249879,0.6465012800892214,0.5345326685432901,0.5697150518396993,0.5704566751667193,0.5697150518396993,-0.21645607002303183,0.8826862761767643,0.915586968684853,0.9036107171909873,0.9385668236804916,-0.1545887122003762,0.8774835462196574,0.8778509578934984,0.8774835462196574,0.8875827049999604,0.8875827049999604,-0.23968023627918725,0.5725440361772809,-0.3688667463996207,-0.6951354649473441,-0.46649823448184036,-0.46990510240109484,-0.32249047638589134,0.24247347058602242,-0.2278144245418334,-0.42418826208248417,-0.6351388489899986,-0.3028807106843425,-0.4935559254538548,-0.3579964555659368,0.12267547610570007,0.11806257102768475,-0.49137280257398414,-0.4492905593630948,-0.4775962958351382,-0.5076367482100207,-0.4999748208197071,-0.4796332809366094,-0.48300831910954534,-0.4796332809366094,-0.35752185158145516,-0.506696455765987,-0.506696455765987,-0.47779285825337187,-0.47779285825337187,0.4027715065652387,0.40403990342642937,0.5153036559098942,0.5989129856626028,0.5664514626856134,-0.4056418506052388,0.37462841890081444,0.3599478283381143,0.36005371653004614,0.3599478283381143,0.10821559972459059],[0.5966408276223816,0.9728762546607195,1.0,0.591024234685073,0.49306120194714764,0.5966408276223816,0.5833084629046411,0.572651504577819,0.572651504577819,0.4968056460348097,0.4423744254295574,0.9966993738757246,0.5833374561119313,0.5101287723441257,0.5836273548617177,0.5263958633066795,0.5461141316786478,-0.13149436603911852,0.5335316110538453,0.533503231716394,0.48979296982688114,0.5829923329016934,0.22133435161040227,0.7226437428584779,0.5535360128336654,0.5535360128336654,0.5532719048933605,0.9856749890647168,0.3170850320100988,0.17882638232417603,0.545912282893506,0.54546430015115,0.7625681498760887,0.021419702057666374,0.5809162717232574,0.4931981720214312,0.5616485369266617,0.34494711579103554,0.9942217423107835,0.4839705092540063,0.5217892963179095,-0.13854042498692537,0.5971839411195766,0.5796241254430906,0.5971839411195766,0.8919764053403025,0.39258219655771176,0.9130300351909204,0.8814199030785719,0.665077356302932,0.20276797095680496,-0.02691188614457426,0.0540154720959533,0.4499727644709057,-0.07897134580963479,0.535377224128688,0.4792042900181122,0.5085371631884081,0.4638961489558842,-0.05650061118952075,0.719040405975541,0.6644808447535968,0.5256135141757967,0.6706918787832075,0.7246157451904941,0.6706918787832075,0.38500785026086864,0.5664632000589557,0.6555451986287651,0.5664632000589557,0.596974908959054,0.6336775440659462,0.6771461495023741,0.742744860702976,0.6771461495023741,0.2516782738455504,-0.08646569781713621,0.2690789657700409,0.1324656282083764,0.26952155543061845,0.2611956188986322,0.4181620130730444,0.2611956188986322,-0.17408999095209465,0.4846820416136037,0.8304991141632218,0.5693626764074975,0.7406783232909959,0.03634037532878116,0.5439048887832982,0.5449497618954527,0.5439048887832982,0.6518242215231265,0.6518242215231265,-0.263373809125957,0.7239278100123658,-0.21315130226748016,-0.5880119200333722,-0.4027363056005022,-0.405890900832804,-0.39742241988871746,0.03981480758868585,0.024245947795121747,-0.2797655172220462,-0.569566125544199,-0.1424351123414752,-0.25014587024814655,-0.2229056022341638,0.004262239517618626,0.001414026918216069,-0.46147419885006,-0.008852470743736964,-0.23090138339391156,-0.4925908545546678,-0.1363284432078212,-0.37096050955185067,-0.2482499774291381,-0.37096050955185067,-0.42469669416767597,-0.5141098880089703,-0.5141098880089703,-0.2565671375222618,-0.2565671375222618,0.33616824556287794,0.15308680535709893,0.2554631364197239,0.49725283290685707,0.23762354526728577,-0.32662622215135245,-0.031837534277792984,0.45117994396998523,0.5624017977141808,0.45117994396998523,-0.04652325024397559],[0.999711212848022,0.9993004272272387,0.591024234685073,1.0,0.9987219909175719,0.9997112128480218,0.992833647744377,0.989111977741185,0.989111977741185,0.9938229514505516,0.9719232187958803,0.9883091869832549,0.9928649772224313,-0.11788153914850993,0.9928995089986967,0.9363735152688505,0.9181640455980465,0.3953800310497952,0.9936850315611555,0.993683588133361,0.9847992030055387,0.9928569339875775,0.4420147394394088,0.6902498778215643,0.9818802895218117,0.9818802895218117,0.9818590281418884,0.9746731974587385,0.3253190661883849,-0.11866215931500955,0.9893185280496787,0.9892953637696567,0.2836988903855724,-0.1873094187189735,0.9948046767556824,0.9958701615180978,0.7830139123234101,-0.38870368141678246,0.9919521598343901,0.9959367454985515,0.9335375573294669,0.3768615896484693,0.9925047267249012,0.9948761883279101,0.9925047267249012,0.8866236863997743,0.6523236458230859,0.887431060636472,0.8884260384555895,0.7756435353702863,0.3774889296976019,-0.15048097768868254,0.18719738761746377,0.9396583921764626,0.4238256328030228,0.972127800370021,0.9682242721890704,0.9776438499118428,0.9900022277162958,0.8963764206222798,0.9116257170343565,0.9223301632789139,0.9105301605104197,0.9149146670799764,0.9160799870346166,0.9149146670799764,0.8465387387954043,0.8973390740200964,0.8986593840922159,0.8973390740200964,0.8997752947546203,0.6846882354118806,0.8357272227049428,0.8375729563907528,0.8357272227049428,0.6285077071921407,0.11009536453066675,0.6048540675546697,-0.5903471385806444,0.510327638902618,0.3007383060787825,0.5314011772688891,0.3007383060787825,-0.11171289442944009,0.8851624710694773,0.9146414028311631,0.8969717388068128,0.8957743032400257,0.38574664388530305,0.8825511513146249,0.8840163992756283,0.8825511513146249,0.8744912831815284,0.8744912831815284,-0.14771792371917006,0.5964340758764157,0.1954824601941073,-0.6046336001275806,-0.5774769770930555,-0.5807725583990947,-0.0719278695859314,0.07394047110819632,0.24081007195155782,0.09196697416516221,-0.44342663513042474,0.03323414633385276,-0.8006217577880683,-0.23500418981188106,0.13289542426370898,0.1336797585670806,-0.557537740697436,-0.5958152404489987,-0.2303297592002571,-0.5074363367976584,-0.8287049271044542,-0.3653453151067538,-0.35782400403088443,-0.3653453151067538,-0.2004538623973715,-0.2862991637956026,-0.2862991637956026,-0.8146481809047545,-0.8146481809047545,0.3908087054543685,0.6409261673061621,0.861448821998826,0.8414959551874206,0.7760855989990334,-0.28246039789843863,0.75318392875172,0.7931276606780618,0.7931957864618497,0.7931276606780618,-0.21888158968724375],[0.9976336275720222,0.9944456063797986,0.49306120194714764,0.9987219909175719,1.0,0.9976336275720222,0.9969193770128698,0.9950938713978151,0.9950938713978151,0.9971185417486398,0.9623368689396824,0.9957633854574619,0.9969395057683379,-0.32134225842573344,0.9969688900438981,0.9115394383174468,0.8822517609583697,0.19576058553488704,0.9974863250350934,0.9974843723807877,0.9865557863305288,0.9969315166843705,0.0839675439353226,0.6574007694563175,0.9911302573273323,0.9911302573273323,0.991088414028333,0.9866278836581094,0.08692614876283365,-0.10203489146981637,0.987388044280617,0.9873328651051938,-0.021270851441060893,-0.0829401564738282,0.9977527440332733,0.9976886891806643,0.7642886041155385,-0.5250115584829578,0.9973450484660051,0.9979733539009563,0.9038395379312115,0.17179200392533256,0.9977040941458326,0.9977064013210377,0.9977040941458326,0.9013652256673458,0.6138790725913337,0.9066963961937443,0.8923580999579342,0.7449718749646508,-0.09893678089018275,-0.5830201478775583,-0.22654725955702032,0.9258484082890135,0.2778413207978114,0.966195371468597,0.9662613800101869,0.9788789383762881,0.9908454445150465,0.8924018386893368,0.8909321856501173,0.9098272766574295,0.8964479017154267,0.9080502735939043,0.9086475745948748,0.9080502735939043,0.8183883666437308,0.8442726989261887,0.8459202977971475,0.8442726989261887,0.8874321897690652,0.7857998897471343,0.8674416935299903,0.8686723588340725,0.8674416935299903,0.5819763486062429,0.44900555279126164,0.5659519890536039,-0.6276529760698509,0.5645353540668329,0.5421088836818332,0.5421794725990761,0.5421088836818332,-0.13181399786410566,0.8653010945771321,0.8865558816092662,0.8712609394866926,0.9019002857430366,0.23758993422155103,0.8659674179920251,0.8674873727378902,0.8659674179920251,0.8735444284011066,0.8735444284011066,-0.1894715730107939,0.651137273654375,0.050005811984188,-0.6385935124167691,-0.6321913937161068,-0.6324998888461107,-0.10694498004651581,0.09645321847803566,-0.1560646828602618,-0.160194095495305,-0.5258088468628724,-0.3361240785205563,-0.8593575225026997,-0.5276192219870978,0.09985796581894046,0.10052752471063844,-0.5867814300357663,-0.5877155188755256,-0.5226021510839151,-0.5488203543854536,-0.7931281066115646,-0.5773010221406584,-0.5803860649865485,-0.5773010221406584,-0.24295804142349084,-0.32367225635588576,-0.32367225635588576,-0.759512967634413,-0.759512967634413,0.37284215616743155,0.620226115577705,0.8125335061804881,0.7896500690071431,0.7637449943119249,-0.4180495170025958,0.6051093525156038,0.684695764467701,0.684875428667691,0.684695764467701,0.01048258483657192],[1.0,0.999984916630831,0.5966408276223816,0.9997112128480218,0.9976336275720222,1.0,0.9913210199609324,0.987127420719418,0.987127420719418,0.9920075317018521,0.9740483282163945,0.983839073598376,0.9913638153006804,-0.11389093870596222,0.9914250741938043,0.9353864813275953,0.9172478372014671,0.40971826665034433,0.9923848761507943,0.9923832815671969,0.9844468458361582,0.9913654778868518,0.4505608262672169,0.6866247267508755,0.979036767624409,0.979036767624409,0.9790153807590648,0.9658070234775508,0.32979888070129476,-0.11173406356187282,0.9896935104739651,0.9896602032728642,0.29176324693563344,-0.1867570971339234,0.9940698339823411,0.9948774508217246,0.8215893276193771,-0.38326917024037777,0.9886902814562367,0.9947124707665922,0.9334109816756019,0.3915479785771834,0.9942433730105349,0.9942393898358193,0.9942433730105349,0.8883580947652625,0.6649115238325508,0.8803053376978748,0.8912383553241101,0.7967526328995168,0.3828455457687499,-0.14474482774271272,0.19344458090494263,0.9453445448782464,0.4398449066913985,0.9764521988428582,0.9710417038801582,0.979651892801222,0.9897343310269947,0.9193138075542292,0.9195859956914224,0.9365200479573184,0.9151665929239184,0.9334983973896677,0.9343457276033447,0.9334983973896677,0.8556693316106027,0.9103844978745051,0.9115780342517696,0.9103844978745051,0.9038059850677053,0.7490344253673846,0.8777252235508322,0.8794638837654583,0.8777252235508322,0.6379695235072446,0.32256212235089854,0.616195461464422,-0.5853381431154461,0.5163984512842793,0.561211589256758,0.5627388999210677,0.561211589256758,-0.10493632052929074,0.8913697316544937,0.9240402344327932,0.9060635781352254,0.9209152907949625,0.3992937995429748,0.887853143592232,0.8891474557861982,0.887853143592232,0.8955960289210234,0.8955960289210234,-0.1418798224133767,0.5716476375113115,0.19070150997034338,-0.5942900995046551,-0.5699335580873184,-0.5733125237493659,-0.059508695017664474,0.07916369498415646,0.247878965130378,0.10482618849155825,-0.43092927680293436,0.039736973183044,-0.7941527586265785,-0.22709758626359272,0.1435858566439071,0.14431344845638894,-0.5502658768821757,-0.5990019603625648,-0.22875678320517434,-0.4956947684166361,-0.8265181726999734,-0.3636462491763923,-0.3555652034863383,-0.3636462491763923,-0.1912479410578086,-0.27628285262175234,-0.27628285262175234,-0.8145575743544605,-0.8145575743544605,0.40292932910486645,0.6526517191872441,0.8690465245861804,0.8490040409302081,0.7832691874401586,-0.26909636801222603,0.7620628369102406,0.8017265576853085,0.8017896955110235,0.8017265576853085,-0.2338305243284614],[0.9913210199609324,0.9802502714936762,0.5833084629046411,0.992833647744377,0.9969193770128698,0.9913210199609324,1.0,0.9972954542391094,0.9972954542391094,0.9999684523109653,0.9543848020189284,0.9996266768674467,0.9999962965177133,-0.13172809663578822,0.9999927658736375,0.9611873312250026,0.9539840164071481,0.3495504328919537,0.9998452756077977,0.999845632161414,0.9889615337522808,0.9999965019627095,0.3508286655845175,0.6905932820733358,0.98478234274349,0.98478234274349,0.985269670842519,0.9878523322331815,0.24872469464180486,-0.17640674843385956,0.9919007495646708,0.9916820965221803,0.18508636499093598,-0.2368712981913377,0.9993118700031682,0.9994107855191346,0.37621152578109796,-0.32336317229777833,0.9988123868950375,0.9993407527595016,0.9550244034249968,0.3295716832982592,0.9351557486276532,0.9990473275780748,0.9351557486276532,0.9104376586634086,0.6187043811413255,0.9268376305175773,0.9009969115347058,0.7024182643185315,0.41137347213880704,-0.0919489877619799,-0.20748954513708165,0.9246290915027415,0.38481339913581536,0.9682354406937679,0.9619421053373399,0.9779449728289885,0.9960880643404814,-0.06902657090980169,0.8446453088166277,0.8122989316373022,0.8596343895362911,0.8060627646105974,0.7721668680592495,0.8060627646105974,0.7768300464598221,0.7732807077487053,0.7688725066223936,0.7732807077487053,0.8484901204641091,0.33237031032292763,0.5458078056543927,0.6225896346828814,0.5458078056543927,0.5502584790763919,-0.356962540002116,0.51383937890311,-0.6533080480509548,0.4348993798561599,-0.11877954084683964,0.3906410739639081,-0.11877954084683964,-0.15484972531018465,0.8248167518241415,0.8396953427649622,0.8269268620822365,0.7459831325522267,0.33917199314216806,0.8266123273647721,0.8286959080487402,0.8266123273647721,0.7368930318398671,0.7368930318398671,-0.2262778435750125,0.6978134573539208,0.250996475255645,-0.619565493301281,-0.6194092001031245,-0.6222807554166968,-0.12136565516523028,0.02253390841485933,0.34799594679232815,0.055381315525720246,-0.466519205723629,0.08720090300775515,-0.8274236216668648,-0.13728232609794158,0.06281400691360708,0.06373540753696677,-0.6019898467709887,-0.6027691065774756,-0.06884097529682884,-0.5848539209160537,-0.8413225649900538,-0.3605275175592461,-0.18948572004406006,-0.3605275175592461,-0.2774228574242708,-0.3339160930189866,-0.3339160930189866,-0.8341257245387187,-0.8341257245387187,0.37122793375503915,0.5993280784585047,0.5011812554020475,0.8059830691867405,0.7548878468153146,-0.3381295301049447,0.06174436726725722,0.7599533411627186,0.778537219054178,0.7599533411627186,-0.14574539560460475],[0.987127420719418,0.9723033317689896,0.572651504577819,0.989111977741185,0.9950938713978151,0.987127420719418,0.9972954542391094,1.0,1.0,0.9995011667620046,0.9465645844219943,0.9984547893737556,0.9980800240938704,-0.14059621648088613,0.9990555485071484,0.9595127051401086,0.9454264513349383,0.3275024455009784,0.9991053612522133,0.9991082761885806,0.9861357919547704,0.9992094232654466,0.32433129888637663,0.6905199995293966,0.9921854995094588,0.9921854995094588,0.9830993077225068,0.9841163511337839,0.229937955675717,-0.19076639714986318,0.9881735606869696,0.9915938244183208,0.16540336626320098,-0.2433314538621437,0.9981980923726597,0.9981248015120013,0.356377239839944,-0.33057243027942756,0.9964771246261264,0.9979989286404314,0.9537979775655385,0.30706249647768263,0.926795843752714,0.9980293844301437,0.926795843752714,0.9078195013511128,0.6030176243775791,0.927192669034064,0.8972451748751321,0.6766766699310944,0.39800510940120254,-0.10750907510386498,-0.2208367509633101,0.915508098948728,0.3638320498827338,0.9634672016361864,0.9564458980469188,0.9726017242973586,0.9951881715556015,-0.07956734980078245,0.8312276709771521,0.794678993469977,0.8501181722482902,0.7896339749309066,0.7590836844018447,0.7896339749309066,0.7629626160237221,0.7529851383102716,0.7545400563979289,0.7529851383102716,0.8392329708776194,0.3114537352171459,0.5237429171603782,0.6050946834763369,0.5237429171603782,0.5357494853584238,-0.3724423398038102,0.497528533132744,-0.6619330291125504,0.4257686750490097,-0.14194394259205717,0.3730728115280252,-0.14194394259205717,-0.16203311323831068,0.8136220411864272,0.822470658744035,0.8125050818792942,0.7303703515797313,0.3215448503446194,0.8160337725705481,0.8183576456604742,0.8160337725705481,0.7176611764083592,0.7176611764083592,-0.24256731579698818,0.7252649828293346,0.25874344252919146,-0.6294459554684955,-0.6330377407134612,-0.6357324040845025,-0.13679750161586487,0.014195528345236257,0.34103148942842804,0.03575103583267168,-0.4798923925987208,0.07781749231597893,-0.8340980853765376,-0.14387221681746484,0.04663415316076945,0.047594682692956795,-0.6144246046069248,-0.6040042759081766,-0.0758122697048465,-0.6028980307264853,-0.8414867461250721,-0.37253709663646645,-0.1958360286198718,-0.37253709663646645,-0.29598385639757385,-0.3483890083322876,-0.3483890083322876,-0.8326875080429329,-0.8326875080429329,0.3491753764681598,0.5815491100242836,0.481821970819616,0.7877149025560165,0.7416389134021625,-0.36086542716881215,0.047154515993058886,0.7404117877202825,0.7625277223402154,0.7404117877202825,-0.12819605212939944],[0.987127420719418,0.9723033317689896,0.572651504577819,0.989111977741185,0.9950938713978151,0.987127420719418,0.9972954542391094,1.0,1.0,0.9995011667620046,0.9465645844219943,0.9984547893737556,0.9980800240938704,-0.14059621648088613,0.9990555485071484,0.9595127051401086,0.9454264513349383,0.3275024455009784,0.9991053612522133,0.9991082761885806,0.9861357919547704,0.9992094232654466,0.32433129888637663,0.6905199995293966,0.9921854995094588,0.9921854995094588,0.9830993077225068,0.9841163511337839,0.229937955675717,-0.19076639714986318,0.9881735606869696,0.9915938244183208,0.16540336626320098,-0.2433314538621437,0.9981980923726597,0.9981248015120013,0.356377239839944,-0.33057243027942756,0.9964771246261264,0.9979989286404314,0.9537979775655385,0.30706249647768263,0.926795843752714,0.9980293844301437,0.926795843752714,0.9078195013511128,0.6030176243775791,0.927192669034064,0.8972451748751321,0.6766766699310944,0.39800510940120254,-0.10750907510386498,-0.2208367509633101,0.915508098948728,0.3638320498827338,0.9634672016361864,0.9564458980469188,0.9726017242973586,0.9951881715556015,-0.07956734980078245,0.8312276709771521,0.794678993469977,0.8501181722482902,0.7896339749309066,0.7590836844018447,0.7896339749309066,0.7629626160237221,0.7529851383102716,0.7545400563979289,0.7529851383102716,0.8392329708776194,0.3114537352171459,0.5237429171603782,0.6050946834763369,0.5237429171603782,0.5357494853584238,-0.3724423398038102,0.497528533132744,-0.6619330291125504,0.4257686750490097,-0.14194394259205717,0.3730728115280252,-0.14194394259205717,-0.16203311323831068,0.8136220411864272,0.822470658744035,0.8125050818792942,0.7303703515797313,0.3215448503446194,0.8160337725705481,0.8183576456604742,0.8160337725705481,0.7176611764083592,0.7176611764083592,-0.24256731579698818,0.7252649828293346,0.25874344252919146,-0.6294459554684955,-0.6330377407134612,-0.6357324040845025,-0.13679750161586487,0.014195528345236257,0.34103148942842804,0.03575103583267168,-0.4798923925987208,0.07781749231597893,-0.8340980853765376,-0.14387221681746484,0.04663415316076945,0.047594682692956795,-0.6144246046069248,-0.6040042759081766,-0.0758122697048465,-0.6028980307264853,-0.8414867461250721,-0.37253709663646645,-0.1958360286198718,-0.37253709663646645,-0.29598385639757385,-0.3483890083322876,-0.3483890083322876,-0.8326875080429329,-0.8326875080429329,0.3491753764681598,0.5815491100242836,0.481821970819616,0.7877149025560165,0.7416389134021625,-0.36086542716881215,0.047154515993058886,0.7404117877202825,0.7625277223402154,0.7404117877202825,-0.12819605212939944],[0.9920075317018521,0.9800813420123473,0.4968056460348097,0.9938229514505516,0.9971185417486398,0.9920075317018521,0.9999684523109653,0.9995011667620046,0.9995011667620046,1.0,0.953193609790308,0.999581876346167,0.9999695376890793,-0.2982713795192268,0.9999737486927122,0.9250429077552258,0.8956377287070736,0.23788507693789748,0.9997921822341774,0.9997927783002271,0.9887922621324603,0.9999667708564447,0.13109774971813987,0.6543721740943236,0.9945118116546608,0.9945118116546608,0.9944605050897763,0.9877265444637371,0.0693220248667224,-0.11532419661809691,0.9904868534583696,0.9904559528160422,-0.004145957756414191,-0.19566540215733846,0.9993398582444365,0.9992980244036889,0.7747616147593931,-0.51610122402012,0.9987318276458824,0.9993184573795821,0.9166043999823597,0.2145272627212213,0.999187841448473,0.999193250175793,0.999187841448473,0.9102093290636845,0.6195016446583844,0.9265872431668032,0.9005017780554769,0.7017727235660093,0.007248241329880864,-0.5308355256220908,-0.1770984196435486,0.9199912025300767,0.3318059119990314,0.9629053237246455,0.9620930432324822,0.9793315590443762,0.9953123678598915,0.8651484482560218,0.8458728559075689,0.8835495691973038,0.8608008269757323,0.8818254758215189,0.8825201767888041,0.8818254758215189,0.7764782934740883,0.8261314358759684,0.8278128835001067,0.8261314358759684,0.8502128378353289,0.7475918639494284,0.8375992876910205,0.8389885295944493,0.8375992876910205,0.5495382198281032,0.3755848013701917,0.5135735175399575,-0.6758477741455774,0.4934808185127387,0.45803343696883564,0.45792001390346804,0.45803343696883564,-0.11230590618207086,0.8256803818739807,0.8395855525372635,0.8272322230714947,0.8750958468272666,0.2603233353288978,0.8327648553559268,0.8349955539735855,0.8327648553559268,0.8403747769083445,0.8403747769083445,-0.2283037014357022,0.6986135142759896,0.07490215042222953,-0.6328196223028516,-0.6588986094691341,-0.6598117351577388,-0.12501387198059902,0.02577659255309159,-0.16299997327014418,-0.13039832586136552,-0.5133599667588673,-0.3662537182667247,-0.8746514338826833,-0.5655046327036436,0.06213641107620178,0.06302649428581167,-0.6038054276281569,-0.5986665492473547,-0.532521054313047,-0.586821275528295,-0.8141765073603838,-0.6009721709221073,-0.6031696134410013,-0.6009721709221073,-0.27998604986538855,-0.33800276749440666,-0.33800276749440666,-0.7936239041092414,-0.7936239041092414,0.3716862204224792,0.5978252237778741,0.8207172789038915,0.8013678024555377,0.7530680661123585,-0.3670587451565504,0.6385527943011876,0.7063012442647065,0.7064625116056144,0.7063012442647065,0.09240197621314179],[0.9740483282163945,0.9623795557583606,0.4423744254295574,0.9719232187958803,0.9623368689396824,0.9740483282163945,0.9543848020189284,0.9465645844219943,0.9465645844219943,0.953193609790308,1.0,0.9309423100222135,0.9544104211670149,-0.22831120190958357,0.9540840206621134,0.8272180249759556,0.7900645884382409,0.03563291879673881,0.9595939182319347,0.9595708044882552,0.9545431643263318,0.9545342429309219,0.06168984812832905,0.6993378517683176,0.9562696444278085,0.9562696444278085,0.9564720930170049,0.8491058373398087,0.17584111805034092,-0.09727072950246649,0.9625471451101126,0.9626725320168804,0.15020716308510396,0.08067124134577022,0.9637349808271624,0.9640107529032322,0.8627675135251525,-0.43183419647773164,0.9415544958494245,0.9628732926254338,0.8231853880661661,0.013443569308344974,0.965030829223801,0.9649952915383577,0.965030829223801,0.7933136661992647,0.4160868984895764,0.7752495538486639,0.8745076677663177,0.8355842620379411,-0.5466836783931431,-0.6855770742257898,-0.2889183074252673,0.8742566686915396,0.04230429286185252,0.9079287755458433,0.9079809357456499,0.9274948899050457,0.9608620398424692,0.8686560977615487,0.8651898249232829,0.8922615603753655,0.8716653695522875,0.8846454127154877,0.8854002483708048,0.8846454127154877,0.816213846210385,0.7959168186513476,0.7979359036103408,0.7959168186513476,0.8645243949007794,0.8829689087728733,0.8627489748060793,0.863476362517827,0.8627489748060793,0.6438241469083986,0.5651911114057429,0.6451906056370451,-0.3869886843558136,0.6671285089532724,0.6863889677601246,0.6892010572336682,0.6863889677601246,-0.2721464388636589,0.8689899464015989,0.9270935668146774,0.8857391291518406,0.8833319132576183,0.12660852567666334,0.8616062217587305,0.8628545399645491,0.8616062217587305,0.872382616951984,0.872382616951984,0.020982174828319978,0.3363356258601094,-0.09302846879221326,-0.5493237616042328,-0.4102493922901317,-0.41224960183124754,0.033570189324234695,0.4013412962922895,0.07893331467867884,-0.07196148076638555,-0.4097903739733263,-0.019999595732902067,-0.8079270361809465,-0.18198391181822687,0.2919317917981335,0.29097940700762637,-0.3741330753438926,-0.4379726998714376,-0.3312752928387366,-0.3386064817822928,-0.6801065175191707,-0.3519469095166486,-0.35411525096056373,-0.3519469095166486,-0.0776732988648244,-0.37329997684337285,-0.37329997684337285,-0.5388854922288774,-0.5388854922288774,0.558734228794643,0.6680755513242754,0.7598386198025027,0.6759187464936095,0.8336463075323138,-0.4613233870785993,0.38740810639730966,0.5575936914261849,0.5578810146351205,0.5575936914261849,-0.2249188983054252],[0.983839073598376,0.9820707499161435,0.9966993738757246,0.9883091869832549,0.9957633854574619,0.983839073598376,0.9996266768674467,0.9984547893737556,0.9984547893737556,0.999581876346167,0.9309423100222135,1.0,0.999624736125565,0.9996221125853306,0.9995807377986733,0.7535199269359578,0.7000464691750293,-0.4208131729530443,0.9997617975145857,0.9997654421496104,0.9996322470648181,0.9996322789942416,-0.23110702896436444,0.9655603661433917,0.9931708095797784,0.9931708095797784,0.9931472264297376,0.9904840513233669,0.08118999839277403,0.1010721544352671,0.9899094470569384,0.9899721260347178,0.9740191423038113,0.053062934867720436,0.9988220320503959,0.9987691027302247,0.9985998554596256,0.999288133013691,0.999273522574153,0.9988352356576948,0.7257050157372738,-0.43051293457497286,0.998542123285356,0.998552574617789,0.998542123285356,0.9039175533612736,0.46834171387890905,0.9226913987807251,0.8985364134316502,0.7029425687697316,-0.5118605747882062,-0.6451671118109542,0.7960528347402016,0.8145726603625646,-0.3101525855897675,0.9243661838839764,0.9245679579357775,0.9623583609004399,0.9929214972337648,0.868726105729315,0.8776876879107178,0.8477077328222319,0.8498766104814706,0.8561246024298641,0.8569839011100189,0.8561246024298641,0.6990614284437736,0.6555609643845699,0.6582616071406553,0.6555609643845699,0.8776936534506459,0.8859285390560703,0.8765107179956988,0.8778754845581057,0.8765107179956988,0.362819275569395,0.29264732033325436,0.4167066186811296,0.5378925458078014,0.41648140144919593,0.4589172186863076,0.4612891006905306,0.4589172186863076,-0.40400261929791464,0.7973987965780254,0.8438355072570133,0.8257187629483764,0.8769319063442488,-0.20059125998033892,0.7910347683089203,0.7915305113409169,0.7910347683089203,0.8042162977176583,0.8042162977176583,-0.2862495934304648,0.6902578853353483,-0.3888045371612247,-0.7269924476555867,-0.5440094626992387,-0.5463407698229205,-0.3789090034961869,0.17940709242588576,-0.2803417375090185,-0.4691773325508189,-0.6749601357142919,-0.3608627342837204,-0.6144631464827668,-0.4276551729540332,0.05522524769309344,0.05150278143245513,-0.5641862214414834,-0.5306429770746467,-0.5500888614105497,-0.5845613527004441,-0.5785803265754345,-0.5532425237817596,-0.556340385804539,-0.5532425237817596,-0.43580225848574294,-0.6087461660566494,-0.6087461660566494,-0.6071149981228351,-0.6071149981228351,0.3670148347398146,0.35257178296563324,0.47242716186390127,0.5562763137434621,0.5466126914198971,-0.5580208528527061,0.29537885089627386,0.30939686454054866,0.3095710282346157,0.30939686454054866,0.20919648519236544],[0.9913638153006804,0.9803038016205166,0.5833374561119313,0.9928649772224313,0.9969395057683379,0.9913638153006804,0.9999962965177133,0.9980800240938704,0.9980800240938704,0.9999695376890793,0.9544104211670149,0.999624736125565,1.0,-0.13139420972187665,0.99999457371944,0.9611551369831424,0.9516538005631598,0.3496068722351762,0.9998465918812405,0.9998469193821997,0.9890004298750167,0.9999970944586808,0.35115149837190196,0.690676016566823,0.9901273630744981,0.9901273630744981,0.9852599659071173,0.9878331959073979,0.2490023585318037,-0.17634526792764216,0.9919059595880421,0.9916913592219933,0.18533113202081525,-0.23682656040095096,0.9993135920032138,0.9994145024074341,0.3761926714636137,-0.32314174110314936,0.9988141731288257,0.999348795031421,0.9549860204671353,0.3296349275043571,0.9351409597929997,0.9990495386981395,0.9351409597929997,0.9104474824872959,0.6188469082500622,0.9270689590678722,0.901228781370269,0.7025512755814024,0.4117676070004739,-0.0914948094665582,-0.20711165132483858,0.9247053898363221,0.38488357249862143,0.9683265425693214,0.9620056824689537,0.9780336024517959,0.9961006892979904,-0.06882556681170236,0.8448200271781003,0.8124083355934568,0.8597629449744821,0.8061707935629211,0.77210928314866,0.8061707935629211,0.7769256626334221,0.7733442726010398,0.7688077758673341,0.7733442726010398,0.84865809153926,0.3322505034149426,0.5458244639380099,0.6225039815708369,0.5458244639380099,0.5502109507153302,-0.3569776758885791,0.5138080596361946,-0.6531897141715801,0.43480062546672604,-0.11890476548080978,0.39068611978621615,-0.11890476548080978,-0.15499863186092142,0.8249013756789884,0.8398545258789393,0.8270405595065967,0.745977105255192,0.339232390055637,0.8267072453281342,0.8287858518110661,0.8267072453281342,0.7369752502473299,0.7369752502473299,-0.22622996669412856,0.6977751867925507,0.25110572424521105,-0.6196065477470146,-0.619320250392477,-0.622197546815101,-0.1214552074577663,0.02240422021264641,0.3481619007070575,0.0553909781924974,-0.4665861233373449,0.08745719560950481,-0.8271480497231892,-0.13699343283222942,0.06287345204958877,0.06381187999535623,-0.6019739088330576,-0.6025661261839125,-0.06859462794798188,-0.584818406119657,-0.841204434038524,-0.3603002161060921,-0.18928105393281977,-0.3603002161060921,-0.27727679088939894,-0.3338841057709723,-0.3338841057709723,-0.8340622039341606,-0.8340622039341606,0.37169951354099073,0.5994629799542577,0.5014296016069667,0.8062359421163877,0.7549536465247598,-0.3379118615261844,0.06203157188408599,0.7601987080785075,0.7786474089419186,0.7601987080785075,-0.1457684513592251],[-0.11389093870596222,0.9802772178960567,0.5101287723441257,-0.11788153914850993,-0.32134225842573344,-0.11389093870596222,-0.13172809663578822,-0.14059621648088613,-0.14059621648088613,-0.2982713795192268,-0.22831120190958357,0.9996221125853306,-0.13139420972187665,1.0,-0.130796038890837,-0.1473845152309092,-0.12553109112523914,-0.2966585812312419,-0.13217046127272936,-0.13218675980928335,-0.25312613043227894,-0.1318145288895513,0.02971330921684531,0.31068818200661746,-0.16390489910333111,-0.16390489910333111,-0.16423461486429008,0.9878200866711503,0.2531311642380844,0.1875913184459842,-0.17007393435529083,-0.17066515187999648,0.5392376851226481,0.12271022824116044,-0.12997831277367566,-0.2852820764486951,0.17407896390838107,0.9571151405919888,0.9988129284651425,-0.31468518450062705,-0.14553899135558143,-0.2866978013132397,-0.13020412024282688,-0.1307772324459423,-0.13020412024282688,0.9104897870974228,-0.11438576438821062,0.9270251708655673,0.9011609257932901,0.7025284327267176,0.08571703673983477,0.24996376281632945,0.6451601361785494,-0.25321049744075425,-0.2980602137053512,-0.054261554434872745,-0.28493701346246597,-0.09077046083895841,-0.1607670305959682,0.040754232618451375,0.3092844391019736,-0.006085776705813607,-0.2765414918453001,-0.0037690367479959962,0.005822366265594738,-0.0037690367479959962,-0.3768698084826145,-0.09110785549353399,-0.09277178062420015,-0.09110785549353399,-0.1761399342447124,0.07978244586510783,0.058037667466523085,0.058282761017566825,0.058037667466523085,-0.3889523306258175,0.0069353848643172395,-0.3542435012799082,0.618171584294918,-0.3221122740345781,0.010371380176124337,-0.049606239149793376,0.010371380176124337,-0.3076846058222279,-0.30952688655878885,0.8398520778702632,-0.07563843403706152,0.02838666185521949,-0.22473343852341784,-0.2364567683741119,-0.23535790351202213,-0.2364567683741119,-0.012200864499332685,-0.012200864499332685,-0.20893684433416787,0.6977086430175942,-0.16055894542652538,-0.03538455551227795,0.18984000001673978,0.188581904997387,-0.2545525588114023,-0.004195983304426532,0.01953049558621004,-0.1787326035446357,-0.12135134919282214,0.03905033976605653,0.37405494964259123,0.10878236149938202,-0.03513258134965595,-0.03892558683959701,0.07887449240792375,0.5644511781726026,0.08705907540147274,-0.20770629410610153,0.6028668514121266,0.08959619565650576,0.09785078699610811,0.08959619565650576,-0.24188592790161312,-0.2007576950461014,-0.2007576950461014,0.31572522204369774,0.31572522204369774,0.371767346841544,-0.2447717770835241,0.023276136306371542,0.09684663178156168,-0.23675358811520716,0.0657235654570784,0.15760968588779828,0.1091337983168443,0.10916037804127467,0.1091337983168443,0.12429258036499619],[0.9914250741938043,0.9801037997135487,0.5836273548617177,0.9928995089986967,0.9969688900438981,0.9914250741938043,0.9999927658736375,0.9990555485071484,0.9990555485071484,0.9999737486927122,0.9540840206621134,0.9995807377986733,0.99999457371944,-0.130796038890837,1.0,0.9587490123719314,0.941088792539951,0.3497290640411793,0.9998494572223686,0.9998496766826849,0.9891529008362658,0.9999945269044604,0.351823001152953,0.6905170862446155,0.9935409574608227,0.9935409574608227,0.9934345365155393,0.9877257342299105,0.24927144726846964,-0.176392825517078,0.9926684812119917,0.9927180121066934,0.18609860262538935,-0.2366637916428206,0.9993627159964962,0.9994136348936556,0.37515464798704956,-0.3223084098067812,0.9987574881671419,0.9993516910812622,0.9545917996433788,0.3297815031637582,0.9346450879137251,0.9991042719581463,0.9346450879137251,0.9107307019261662,0.619561034594495,0.9273868910249107,0.9015545532347322,0.7022627020772203,0.4131670351761461,-0.08990507211341289,-0.20731872017931163,0.9250902869180275,0.3851689491669348,0.9687393053229302,0.9623547518974116,0.9783194908556786,0.9961384719581822,-0.06984756628023236,0.8450951848467384,0.8123277601877957,0.8600116761868482,0.8061289725195004,0.7716973209028947,0.8061289725195004,0.7771179855577546,0.7732966042499841,0.7692140514363704,0.7732966042499841,0.84899450563354,0.3315683589667327,0.5453155855547478,0.6225293409263652,0.5453155855547478,0.5500461287634734,-0.3581492610982965,0.513715511664034,-0.6533527714623144,0.4344140402022644,-0.11990992938169862,0.3903368420065553,-0.11990992938169862,-0.1549445328142003,0.8250331128684631,0.8394996142417565,0.8271466784325066,0.7367549196576805,0.3396198844493862,0.8268227252090845,0.8288907818670196,0.8268227252090845,0.7367829928682081,0.7367829928682081,-0.22779733545494713,0.6986298202241422,0.25160970531294086,-0.6195859888094739,-0.6196999082572519,-0.6225821426069484,-0.12261577436389531,0.021163772937340345,0.34847145376321226,0.05494970645517408,-0.46683207898284185,0.08753876707972892,-0.8262965706407429,-0.13683337600262307,0.06185160120750012,0.06278660695657916,-0.6026034208994346,-0.6028382743541141,-0.06801164546656763,-0.5861266731098581,-0.8412015902042402,-0.3602361855421207,-0.1887210404233491,-0.3602361855421207,-0.2782605931300458,-0.33435853416020483,-0.33435853416020483,-0.8344120888982292,-0.8344120888982292,0.37186980442252193,0.599134611772187,0.5008937632732507,0.8066817177395935,0.7543946506495842,-0.33744163211919326,0.061360313013834274,0.7606033752806612,0.779255941244075,0.7606033752806612,-0.14544780748098793],[0.9353864813275953,0.698369935981805,0.5263958633066795,0.9363735152688505,0.9115394383174468,0.9353864813275953,0.9611873312250026,0.9595127051401086,0.9595127051401086,0.9250429077552258,0.8272180249759556,0.7535199269359578,0.9611551369831424,-0.1473845152309092,0.9587490123719314,1.0,0.9965401133099594,0.3969025983480086,0.9533266125056633,0.9533230722061634,0.9265799954777075,0.9584207295076677,0.335913293159497,0.604132269741756,0.9511712169731221,0.9511712169731221,0.9410786978188905,0.4977591265342621,0.2086195024769183,-0.1895340844432451,0.9620610670340657,0.9613695221858045,0.16069308628429943,-0.25860337016087953,0.9597617904364676,0.9313684410258295,0.3317281513205127,-0.3214908622318521,0.7611907646635709,0.9222903481262706,0.9984989909103902,0.3779488298764485,0.8892590895277165,0.959540951312477,0.8892590895277165,0.6806753089303104,0.6041293001910036,0.42586673357658833,0.40359494446513033,0.5128847783805996,0.41329806675984315,-0.07206752641130042,-0.2108895969754207,0.877645200702848,0.4040387837785937,0.9376640342561857,0.902263222917507,0.93667395532