var element=document.getElementById("correlationClose");if(element.style.display!='none'){var correlationClose={"data":[{"type":"heatmap","z":[[1.0,0.9999839027315621,0.5819191904863092,0.9997063974010457,0.9975427681592898,1.0,0.9910534442806926,0.9867234341024741,0.9917150174877452,0.9734577371849142,0.982848621051607,0.9910972675765,-0.12336576082258191,0.9911609377335019,0.9667090037182952,0.9600479117286362,0.43348690843640103,0.9921486793375022,0.9921341771312643,0.9841519643939269,0.991084448482174,0.44737244261457826,0.6745485536206631,0.9783813043382756,0.9783588969228864,0.9628125939951939,0.31593643857004544,-0.1191763028387059,0.9897995872747777,0.9897621861555156,0.28278087523723505,-0.19717364817902816,0.9939016817792838,0.9947441206766532,0.8157892076349712,-0.3874054008109217,0.9880527577892487,0.9945316215607616,0.9676768888832791,0.41558413628644,0.9940818129833535,0.9940687798638116,0.9940818129833535,0.8884019812114093,0.6676216289216204,0.8721495858799775,0.8852302027016301,0.7931442521576618,0.3856944695052382,-0.1379798146731482,0.19213027509963607,0.9452889186927644,0.45229580047474804,0.9767812922835013,0.9711460320298767,0.9167295077325797,0.9146565615083877,0.9344958145417768,0.9114909010617405,0.9313645565142844,0.932125462623557,0.9313645565142844,0.8489465199635842,0.9079277648223697,0.9090005559425582,0.9079277648223697,0.8992734356155504,0.7405299159016495,0.8737882747265066,0.8753688159966564,0.8737882747265066,0.6254688592493439,0.3133886666938196,0.6029757611825662,-0.5913141713648384,0.5005968607818415,0.5508730453264561,0.5520750154866338,0.5508730453264561,-0.10383619457798787,0.8865960053218036,0.9187103410598112,0.90055778602981,0.9182120908665328,0.4264634904966552,0.8834805270845103,0.8846243416698881,0.8834805270845103,0.8922239827716658,0.8922239827716658,-0.15375683368097848,0.5594549582061635,0.19099548619911208,-0.5754754313578169,-0.5661545235702713,-0.5696903311812017,-0.04919092098678558,0.06697557727087092,0.2542162787284813,0.12178324405714751,-0.40526921186271914,0.04853905480952835,-0.7934341638506125,-0.21796155120241406,0.13105830024671467,0.13119491126889918,-0.5456720256699303,-0.6028906673158277,-0.2200944964950226,-0.4917412157016009,-0.8282252055661582,-0.3560225678248541,-0.3473218615745038,-0.3560225678248541,-0.18797669647015558,-0.26558891957196806,-0.26558891957196806,-0.8164650449896751,-0.8164650449896751,0.39979391904798595,0.6553091310847601,0.8714153309790834,0.8505655749414537,0.7867733445883628,-0.2574767498841366,0.7649491383487105,0.8052159167497639,0.8054485676904737,0.8052159167497639,-0.23436136193979606],[0.9999839027315621,1.0,0.9708969044481357,0.9992546538863764,0.9940621268645257,0.9999839027315619,0.9790174433669878,0.9705047825518587,0.9788146686915297,0.9601390144400447,0.9809024203220404,0.9790703951268558,0.9790327722364012,0.9788609525681665,0.8466830567699901,0.8250550980290066,-0.2878526235565857,0.9842017761950244,0.9841742561490732,0.9791299688225951,0.9791219497273155,-0.134014906894997,0.969675590800824,0.9724612861362391,0.9725302849147789,0.9630319178902012,0.06422258944205786,0.15517804912307168,0.9765279898510241,0.9765941694273741,0.9719675962986661,0.152881235209821,0.9880467906171159,0.9881154106703534,0.9888663371640602,0.9810563844770117,0.9865519211763832,0.988100825413737,0.8412173741040742,-0.2942392203564943,0.988933270456127,0.988915742917426,0.988933270456127,0.8883444907955039,0.542009062409946,0.8721997326356234,0.8850219215896954,0.7924369576380195,-0.4296865339015446,-0.543302526810172,0.8272552117095969,0.8568562328350657,-0.19192007613503384,0.9343024087731373,0.9343913800890564,0.9271282958941595,0.9366788727728351,0.9154129773847921,0.9150454206317997,0.9219288610811134,0.9226310705713697,0.9219288610811134,0.786247843706721,0.7472034654239067,0.7494749751886367,0.7472034654239067,0.930924965328508,0.9358702032135581,0.930872366614489,0.9320299385481994,0.930872366614489,0.4591317813511249,0.3996785264385135,0.5198665172563507,0.6245610816935139,0.5068982286777944,0.5455903049259027,0.546416656593368,0.5455903049259027,-0.22034615071275596,0.8740433385216397,0.9092010997392037,0.8963131129690989,0.934034505280871,-0.11648030405333484,0.8684579365869562,0.8688483396138382,0.8684579365869562,0.8792487198180016,0.8792487198180016,-0.2544121646748662,0.5602262502211262,-0.37830936115413233,-0.6735374372662184,-0.4684777217496443,-0.4718134482729816,-0.3151073133398892,0.23096208683908198,-0.222833275628493,-0.40991274637808095,-0.6112180531880634,-0.2960086942515429,-0.49771255755931393,-0.35033745743895944,0.10697602829205874,0.10249979032906037,-0.4919102455376525,-0.4484902717953712,-0.47672102692380397,-0.5064188443788118,-0.49887194976987986,-0.4787528945882067,-0.48203348619984693,-0.4787528945882067,-0.35936366010560966,-0.5026417727816247,-0.5026417727816247,-0.47511969327986797,-0.47511969327986797,0.3994203770411814,0.40917182521591233,0.517456090804577,0.5993533761278562,0.5721816841075448,-0.39812882199248956,0.37775021177161244,0.36675045896087677,0.36684152732930264,0.36675045896087677,0.1129219422282449],[0.5819191904863092,0.9708969044481357,1.0,0.575817726344968,0.47088479640422093,0.5819191904863091,0.569743042573991,0.5585519122935356,0.4751272745142434,0.41732882335873095,0.9966819838078262,0.5697716223221785,0.5125344724385192,0.5700900168732915,0.5464932233126942,0.5754549618900251,-0.11689135907781298,0.5173526782440987,0.5164575026097472,0.47138286011463554,0.568679109631552,0.21377022562162637,0.7087885056517115,0.5381767241453814,0.5379039995490453,0.9845447791001382,0.3015967126893827,0.17670875113732554,0.5338557106933499,0.533380183264779,0.7648443528768122,0.013626625826588037,0.5676925040773859,0.47337462975604067,0.5515511384492501,0.35330393884305006,0.9940775221047181,0.46174830153658836,0.5435139463872558,-0.12352310778841022,0.5838018058717954,0.5657087074734345,0.5838018058717954,0.8930385350089277,0.3901720737256467,0.9079514442023661,0.8745259060898193,0.6550590086969152,0.20137009602957473,-0.01871765879200504,0.055754678901766636,0.4350678909308117,-0.07568419822868505,0.5242912893610341,0.4622979002565627,-0.06558997397349128,0.7024738216053049,0.652697311156768,0.5023467821729203,0.6590026983333268,0.7179527944822687,0.6590026983333268,0.3549383265690519,0.5533845393028185,0.648120232502099,0.5533845393028185,0.5768896429369019,0.6269697820552647,0.6687125010935756,0.7376496518779915,0.6687125010935756,0.22213380365053745,-0.08551970666740193,0.24127886031384452,0.13995138345428884,0.24155877009448776,0.2613545988744721,0.40417659927999605,0.2613545988744721,-0.17471231413476038,0.45886717764091073,0.8175475632505504,0.5434923595831245,0.7343232998503505,0.059139989691292826,0.5223330241874579,0.5223302732219762,0.5223330241874579,0.6396508248391967,0.6396508248391967,-0.2781353973499125,0.7208008274026343,-0.22207947593674693,-0.564280164658339,-0.3952652205203755,-0.39874967912345843,-0.39527857324351073,0.024884221850040935,0.023942736445729237,-0.2696977944322752,-0.5465489563063903,-0.13901519248295086,-0.23702952418288198,-0.21578109564539924,-0.013000372061103452,-0.016763678894007875,-0.4550471346084211,0.0016898253016524362,-0.22537508854083663,-0.4881113881258997,-0.12346385952003205,-0.3642041063664371,-0.24046307060934288,-0.3642041063664371,-0.42756123500012716,-0.5097086669149715,-0.5097086669149715,-0.24733063435684743,-0.24733063435684743,0.329146385621371,0.14291293255103313,0.2492927423867383,0.4924214641328643,0.22606615890795997,-0.315526475604912,-0.03495671705414342,0.4488030273818723,0.5619023388572364,0.4488030273818723,-0.043600617527899725],[0.9997063974010457,0.9992546538863764,0.575817726344968,1.0,0.9986718511695185,0.9997063974010456,0.9926179319738693,0.9887646633518559,0.993608912786465,0.9712796371330402,0.9876321785891964,0.9926501949181858,-0.127597643394688,0.9926865914591615,0.968088127057906,0.9614197161100232,0.4192450658119471,0.9934926914688261,0.9934805321268937,0.9845574327411576,0.9926294230124647,0.4386908744850224,0.6780062838720722,0.9812908164684805,0.9812687512528572,0.9725217005166348,0.311168889169136,-0.1263580395694184,0.989495587354213,0.9894685712276928,0.27448979572959303,-0.19791656464546656,0.9946759916659342,0.9957924889785817,0.7760683819400648,-0.393048599493924,0.991552489914229,0.9958174813353619,0.9681570661345805,0.4009821394222561,0.992305208846014,0.9947442211878419,0.992305208846014,0.8867995771578038,0.6549269164462632,0.8799011550737518,0.8820705672034204,0.7711077425883417,0.38024610705359985,-0.14387195631651203,0.18570447346703375,0.9395457195792905,0.4362237382713612,0.9724736238034988,0.968330002202996,0.8930301785225097,0.9061213121643741,0.9198137556774708,0.9065785732481082,0.9121392279096586,0.9131951750506524,0.9121392279096586,0.8393248169035646,0.894517931767105,0.8956975118885949,0.894517931767105,0.894993816394611,0.6744021388060689,0.8305066748958629,0.8321243432103915,0.8305066748958629,0.6155515448859695,0.10440148425109916,0.5911229356412219,-0.5964505674715946,0.4941221898323024,0.29155678186183526,0.5201777443480483,0.29155678186183526,-0.11073476108861713,0.8800131968484362,0.9084834032634382,0.8908367135522156,0.8921529525755182,0.4130451262385495,0.8778614734284925,0.87917017331637,0.8778614734284925,0.8703882669485301,0.8703882669485301,-0.15990023577050175,0.5856778911840279,0.19575288070119753,-0.5860266033220303,-0.5739217251289299,-0.5773632848956237,-0.06179689280470623,0.06151238824226182,0.24705258483365383,0.10891117894891757,-0.4179955823858836,0.04190827451672668,-0.8001409613542375,-0.22600186993906674,0.1200164822882858,0.12020056543561322,-0.5531587162390905,-0.5997731190680398,-0.22181837667668136,-0.5039365633579976,-0.8306099890776896,-0.3578555202944432,-0.3497232612033735,-0.3578555202944432,-0.19742243022688144,-0.27580693855446886,-0.27580693855446886,-0.8167136831458829,-0.8167136831458829,0.38683399469948265,0.6434295803236151,0.863862711228344,0.8430794038070607,0.7795596826185656,-0.2710521421157587,0.7560894455579219,0.7966553889918722,0.7968894189261525,0.7966553889918722,-0.2192639117225443],[0.9975427681592898,0.9940621268645257,0.47088479640422093,0.9986718511695185,1.0,0.9975427681592898,0.9968385450774354,0.9949304089744929,0.9970277245430219,0.9611857698191552,0.9955189678522391,0.9968588272212603,-0.33518698096211813,0.9968897792699508,0.9591757344493826,0.9463677481505456,0.2219259912264323,0.9974186698143476,0.9974127658396119,0.9862911105218192,0.9968448927823172,0.07485512633251758,0.6412362346073068,0.9908055404523906,0.9907624237361667,0.985470428194594,0.06414259567533996,-0.11095597705574728,0.9876102885171827,0.9875509860214832,-0.03716940185043673,-0.09490289621553089,0.9977314325441983,0.9976659114186291,0.7546388229023918,-0.532878688810231,0.9972216710967414,0.9979314668946965,0.9563291333385383,0.19805821573417842,0.9976826231842374,0.9976834153304216,0.9976826231842374,0.9017246266469283,0.6159460547558954,0.9005608984283082,0.8858894756443887,0.7385618533629623,-0.09945510154563687,-0.5815204675381958,-0.2327512048494929,0.9251287636026695,0.29076038971181206,0.9661972047056415,0.9662443913724833,0.8879289793902796,0.8843810476036476,0.9060997898234202,0.8918909373144016,0.9042494965309343,0.9046671197003775,0.9042494965309343,0.8099129274639206,0.8385517011390535,0.8399097390053403,0.8385517011390535,0.8821103599720331,0.7767084293404259,0.861972927038489,0.8629525445476525,0.861972927038489,0.5671895802399471,0.43201749055658767,0.550876778304442,-0.6383340907048212,0.5486174338261781,0.5259188856080617,0.5252956263575458,0.5259188856080617,-0.13133694655418846,0.8592750471707239,0.8786310257299687,0.8637371816149398,0.8976025383869408,0.26732367477802,0.8603252554911613,0.8616121291754464,0.8603252554911613,0.8682181183696996,0.8682181183696996,-0.20251598454869474,0.6431479932590562,0.049382004509524284,-0.6208566868762823,-0.630540059801262,-0.6308461697368813,-0.09763410951406472,0.08360993501515591,-0.15160078959261009,-0.14401205840646258,-0.5031932983390457,-0.33008350042649554,-0.8619384346765057,-0.5225020340310399,0.086235680305247,0.08625660654276915,-0.5833659851031386,-0.591356381539125,-0.5179359798896462,-0.5464507365067578,-0.7967569021831968,-0.5734411498663181,-0.5762289802994635,-0.5734411498663181,-0.24096008529652962,-0.31414957141460187,-0.31414957141460187,-0.7629087047564432,-0.7629087047564432,0.36738347294417345,0.6220861405050758,0.8139711499200535,0.7892777780414459,0.7667099040750196,-0.4086731862881271,0.6060335173745081,0.6874217800810106,0.6877156187844345,0.6874217800810106,0.012938709125624214],[1.0,0.9999839027315619,0.5819191904863091,0.9997063974010456,0.9975427681592898,1.0,0.9910534442806926,0.9867234341024741,0.9917150174877452,0.9734577371849142,0.982848621051607,0.9910972675765,-0.12336576082258191,0.9911609377335019,0.9667090037182952,0.9600479117286362,0.43348690843640103,0.9921486793375022,0.9921341771312643,0.9841519643939269,0.991084448482174,0.44737244261457826,0.6745485536206631,0.9783813043382756,0.9783588969228864,0.9628125939951939,0.31593643857004544,-0.1191763028387059,0.9897995872747777,0.9897621861555156,0.28278087523723505,-0.19717364817902816,0.9939016817792838,0.9947441206766532,0.8157892076349712,-0.3874054008109217,0.9880527577892487,0.9945316215607616,0.9676768888832791,0.41558413628644,0.9940818129833535,0.9940687798638116,0.9940818129833535,0.8884019812114093,0.6676216289216204,0.8721495858799775,0.8852302027016301,0.7931442521576618,0.3856944695052382,-0.1379798146731482,0.19213027509963607,0.9452889186927644,0.45229580047474804,0.9767812922835013,0.9711460320298767,0.9167295077325797,0.9146565615083877,0.9344958145417768,0.9114909010617405,0.9313645565142844,0.932125462623557,0.9313645565142844,0.8489465199635842,0.9079277648223697,0.9090005559425582,0.9079277648223697,0.8992734356155504,0.7405299159016495,0.8737882747265066,0.8753688159966564,0.8737882747265066,0.6254688592493439,0.3133886666938196,0.6029757611825662,-0.5913141713648384,0.5005968607818415,0.5508730453264561,0.5520750154866338,0.5508730453264561,-0.10383619457798787,0.8865960053218036,0.9187103410598112,0.90055778602981,0.9182120908665328,0.4264634904966552,0.8834805270845103,0.8846243416698881,0.8834805270845103,0.8922239827716658,0.8922239827716658,-0.15375683368097848,0.5594549582061635,0.19099548619911208,-0.5754754313578169,-0.5661545235702713,-0.5696903311812017,-0.04919092098678558,0.06697557727087092,0.2542162787284813,0.12178324405714751,-0.40526921186271914,0.04853905480952835,-0.7934341638506125,-0.21796155120241406,0.13105830024671467,0.13119491126889918,-0.5456720256699303,-0.6028906673158277,-0.2200944964950226,-0.4917412157016009,-0.8282252055661582,-0.3560225678248541,-0.3473218615745038,-0.3560225678248541,-0.18797669647015558,-0.26558891957196806,-0.26558891957196806,-0.8164650449896751,-0.8164650449896751,0.39979391904798595,0.6553091310847601,0.8714153309790834,0.8505655749414537,0.7867733445883628,-0.2574767498841366,0.7649491383487105,0.8052159167497639,0.8054485676904737,0.8052159167497639,-0.23436136193979606],[0.9910534442806926,0.9790174433669878,0.569743042573991,0.9926179319738693,0.9968385450774354,0.9910534442806926,1.0,0.9972389919694389,0.9999684573092954,0.9527001784528867,0.9996073984621968,0.9999962396388097,-0.14120467687979482,0.9999926208455119,0.982956222650107,0.976588020151342,0.3713556080685556,0.9998407515929019,0.9998408748039228,0.988719839403308,0.9999964457500657,0.3460917085641291,0.6788739807451428,0.984512998258801,0.9848578912146164,0.9867786677552687,0.2335713216032834,-0.1846753548121213,0.9920466525290123,0.9917993193656021,0.17487236496836345,-0.24776714317606113,0.9993019824003021,0.9993962425378068,0.36262432670338185,-0.3263612062001318,0.998741126501231,0.9993163761672267,0.9793156479595803,0.35159507418076075,0.9332668878397526,0.999031649150588,0.9332668878397526,0.9105131862137659,0.6200467169624748,0.9220655912466484,0.894862375197794,0.6936478040180456,0.4127036318776412,-0.08600905798642199,-0.20979008859694528,0.9237898942380744,0.3956875077158204,0.9683046349867533,0.9615428068112754,-0.07700279783519835,0.8359985903255963,0.8065626684904886,0.8539003635756607,0.8001041941310606,0.7668815643322763,0.8001041941310606,0.7669697324906328,0.7673381406391862,0.7643482713084888,0.7673381406391862,0.8417624945545837,0.3192557802716446,0.5346028295226126,0.6144801760614069,0.5346028295226126,0.5350870178534225,-0.35989570202844684,0.497608636190789,-0.6594074433885155,0.4169158685749988,-0.12513190752513206,0.37744696996900784,-0.12513190752513206,-0.15452260824860228,0.817520528223084,0.8290946812929358,0.8174429253520588,0.7400714395976492,0.3642171005055624,0.8200746083213457,0.82194007325288,0.8200746083213457,0.7288857323526299,0.7288857323526299,-0.23943034368174002,0.6917343079447906,0.25120271850437775,-0.60301644933227,-0.6165396063680376,-0.6195170328364215,-0.1126862392495837,0.00959936176426865,0.35242600039359717,0.0709039710652993,-0.4434929291631607,0.09423306978755114,-0.8271812325692505,-0.1292034112178949,0.04896753527894996,0.04923350419558631,-0.598425106468096,-0.6060275012685377,-0.061019698347296536,-0.5830146399187727,-0.8430046905698941,-0.35377931269978075,-0.18121693192190463,-0.35377931269978075,-0.27607295294932255,-0.32484184925858345,-0.32484184925858345,-0.8361340958581791,-0.8361340958581791,0.36522631867336014,0.600094988374691,0.4992300257364255,0.8065553472929663,0.756909692725909,-0.32824351715187305,0.060441414849464026,0.762012684460282,0.780706983107847,0.762012684460282,-0.14476890531031944],[0.9867234341024741,0.9705047825518587,0.5585519122935356,0.9887646633518559,0.9949304089744929,0.9867234341024741,0.9972389919694389,1.0,0.999482774509057,0.9445550813535547,0.9983604192240483,0.9980330800573401,-0.15036403137019982,0.999029926025732,0.9815201206385195,0.9687010367951345,0.3492407861057811,0.9990801820537565,0.9990817665644555,0.9858341672356253,0.9991867457806195,0.3191321744992049,0.6784285387823138,0.9920216456604197,0.9826086906887153,0.982716514891656,0.21417934079762102,-0.19943269309347875,0.9883230954497639,0.9917383257797697,0.15471437489303172,-0.25453963760693,0.9981650765072662,0.9980759292095407,0.3421932717697046,-0.33375598249210486,0.9962635417099632,0.9979265323092168,0.9783838821542324,0.32900252275081376,0.924634677237418,0.997994101869233,0.924634677237418,0.9078478610344486,0.6041584881932905,0.9224559241914956,0.890834020361878,0.6667276732040776,0.3992077680100625,-0.10176324605154664,-0.2233868652606883,0.9145025034135684,0.37455020212591156,0.9634934888057867,0.955937954747613,-0.08781257516296372,0.8217354757096135,0.7883104019120928,0.8439077094019236,0.7830677769920845,0.7534509738508747,0.7830677769920845,0.7524334808549109,0.7464434454002123,0.7496788823391983,0.7464434454002123,0.8320447153412848,0.2977493691726838,0.5118588504683789,0.5965135069682671,0.5118588504683789,0.5199413401767845,-0.37570214953663156,0.480654391289342,-0.6684078478337661,0.4072467093605905,-0.14875698653790098,0.3593116724266409,-0.14875698653790098,-0.16185758664384095,0.8057515161477316,0.8105517058895125,0.8021130993063706,0.7240460530670388,0.3466228010218408,0.8089435550433961,0.8110286590822205,0.8089435550433961,0.7089424139262068,0.7089424139262068,-0.2562264923094609,0.7206057005997724,0.2591313410306342,-0.6130718054694205,-0.6305338351275422,-0.6333119524607494,-0.1283920903029462,0.0009486101078940249,0.34546694923767707,0.05112421872490504,-0.4571331661750806,0.08480549426578722,-0.8341245200364903,-0.13583346384378917,0.032347761670324736,0.03262846367170622,-0.6111937613986868,-0.6073424857358192,-0.06802504836965938,-0.6016255595018059,-0.8433564464697424,-0.3659763677859193,-0.18760831155400795,-0.3659763677859193,-0.2950820016615356,-0.33963466578846957,-0.33963466578846957,-0.8348732453331438,-0.8348732453331438,0.3421356138016927,0.5819497870508771,0.47959856167356685,0.7880931882897635,0.7433988802608998,-0.3514090144252663,0.04563214020718416,0.7422787058831898,0.7645662876193589,0.7422787058831898,-0.1269481998528707],[0.9917150174877452,0.9788146686915297,0.4751272745142434,0.993608912786465,0.9970277245430219,0.9917150174877452,0.9999684573092954,0.999482774509057,1.0,0.9514810002802762,0.9995571512019752,0.9999695830388119,-0.3114364219862182,0.9999740402804689,0.9669121426812631,0.9525767769660778,0.262982176213619,0.9997847332309548,0.9997853091173619,0.9885266733991044,0.9999664708360599,0.12254996951892065,0.6385923419219505,0.9943099859606754,0.994256562908503,0.9865768230328547,0.04618374604588714,-0.12437917765699298,0.9906063995309717,0.9905719359838937,-0.01984978201809689,-0.20797016227505244,0.9993260346378576,0.9992832838839678,0.765791370102531,-0.5231448323888878,0.9986550305750808,0.9992948290244054,0.9627028440443787,0.23977676398131992,0.9991693247516119,0.9991747621326751,0.9991693247516119,0.9102902944219721,0.6209569516189138,0.9214848125586684,0.8939118253852045,0.6929968896591587,0.00750201088598447,-0.5282088130369452,-0.18278739399027674,0.9189640837136978,0.34383977493627127,0.9626311426248924,0.9617497227694203,0.8597821000968043,0.8367241734231669,0.8789424193760532,0.8547141121730791,0.8771482319672037,0.8778718917450467,0.8771482319672037,0.7659346309701671,0.8198960006643358,0.8216074568648579,0.8198960006643358,0.8431084401312381,0.7371723594229042,0.8311444287707161,0.832586307580729,0.8311444287707161,0.5342288718046904,0.3567104867041776,0.4964489851941204,-0.6858836803562282,0.47534321021468023,0.4393809257557592,0.4393566008345983,0.4393809257557592,-0.11162802144081013,0.8179162768338665,0.828871895210142,0.8176417176020105,0.8701230804203736,0.2887642259062559,0.8259832518942166,0.8283144368230381,0.8259832518942166,0.8339013993050407,0.8339013993050407,-0.24163660301226414,0.6926768351040182,0.07475284134710984,-0.6153856908494104,-0.6571883446118588,-0.6580309003362437,-0.11635363799905958,0.011832652177047969,-0.15864100423702665,-0.11398967909394883,-0.4904884503065832,-0.36068592446118175,-0.8766956502422943,-0.5609032993305227,0.0473052742356885,0.04838737368014051,-0.6003212958693933,-0.6021296810419385,-0.5275635163058103,-0.5851190007298491,-0.8172621590455185,-0.5970120563372265,-0.5991205621400437,-0.5970120563372265,-0.2786608861975128,-0.32848854004530786,-0.32848854004530786,-0.7967934191870315,-0.7967934191870315,0.36539278281996707,0.5986622779459438,0.821854238996023,0.8009868510866284,0.7552682223269066,-0.3569177495267163,0.6395237057506988,0.7087219962234169,0.7088795925284845,0.7087219962234169,0.09566957116564181],[0.9734577371849142,0.9601390144400447,0.41732882335873095,0.9712796371330402,0.9611857698191552,0.9734577371849142,0.9527001784528867,0.9445550813535547,0.9514810002802762,1.0,0.92695683111837,0.952729454804928,-0.24725992719154105,0.9523896948676984,0.895851037535153,0.8791216857148406,0.0662941502528626,0.9581558395895636,0.9581330101459333,0.9528717915254992,0.9528627699527146,0.051372816279590644,0.6854711535053581,0.9546400321383375,0.9548498076860853,0.8355600591367739,0.14927402115336544,-0.1066436023569593,0.9611476835862738,0.9612770769015101,0.12937138939619672,0.06423109945169626,0.962424289487384,0.9627111337625661,0.8571325294401972,-0.4438096618573803,0.9382344212618561,0.9615709860810127,0.9001614959832467,0.04380295030208297,0.9637750622205747,0.963738584804425,0.9637750622205747,0.7873556685480818,0.416554238347604,0.757856010209162,0.8659942317052065,0.8327036992940998,-0.5517623311214822,-0.686418135862211,-0.29897933679534566,0.8704608925574632,0.05818675401850282,0.9048023237688222,0.9048532398391492,0.8634280693956421,0.8586378406318993,0.8882122685922658,0.8665187606073822,0.8802947340502368,0.8810923274694971,0.8802947340502368,0.8084346552199276,0.7873212003121255,0.789403130017203,0.7873212003121255,0.8589632406334544,0.878283931360506,0.8571244015804236,0.857888097034864,0.8571244015804236,0.6312553663393213,0.551198586503537,0.6326227561308705,-0.4029875806527801,0.6542304437020847,0.6745560812098808,0.6775446364381533,0.6745560812098808,-0.2704583665639664,0.8637456625598355,0.9233788856106248,0.8812430655546789,0.8789664396256132,0.15999461304507848,0.8560315701017349,0.8573386863911637,0.8560315701017349,0.8673581556997273,0.8673581556997273,0.015118083708863266,0.31089999127652124,-0.09310520756811788,-0.5270052475216994,-0.40537068968576445,-0.4072941994253607,0.04678988996259561,0.3933811284075073,0.08835630449672968,-0.05145759751603852,-0.38147123985122666,-0.008027815854633972,-0.8104546071979378,-0.16979227187568313,0.28235548109900843,0.2815806600189249,-0.36724108997191585,-0.43893579087170537,-0.3231448740990363,-0.3295972783503922,-0.683551918789383,-0.34404463008617747,-0.3460981503354461,-0.34404463008617747,-0.071523952268195,-0.3626203099222508,-0.3626203099222508,-0.5390842957175377,-0.5390842957175377,0.5628699678912048,0.6702212261617657,0.7602720812849385,0.672435399863905,0.8362569399271231,-0.45223353144632045,0.3858596361981696,0.5600454698456844,0.5603246687689557,0.5600454698456844,-0.22670102877155865],[0.982848621051607,0.9809024203220404,0.9966819838078262,0.9876321785891964,0.9955189678522391,0.982848621051607,0.9996073984621968,0.9983604192240483,0.9995571512019752,0.92695683111837,1.0,0.9996053110806655,0.9996016330992562,0.9995588386613713,0.8851115741214479,0.8566117718664891,-0.3988935412399152,0.9997472619584296,0.9997510811510656,0.9996120781226571,0.9996120183496714,-0.2542631302261078,0.9635770869527521,0.9927605329602278,0.9927353614602238,0.9895853081114199,0.04196554148419081,0.0859543293698881,0.9895853312626208,0.9896427519223087,0.9726905639105514,0.027101256777316722,0.998759289662389,0.998702503012146,0.9985225465488176,0.9992661113561738,0.9992303610059695,0.9987640350386452,0.8701489241884092,-0.40898393570736885,0.9984603782746374,0.9984712898495831,0.9984603782746374,0.903928214929903,0.47279283100434344,0.9173081535254909,0.8918355148325715,0.6942954209258254,-0.5277871405732936,-0.6535970440834581,0.7939602595312516,0.8089858237183514,-0.3003059262824837,0.9227198874288333,0.9229208011886484,0.8601743608141578,0.8696174076478586,0.837639253982128,0.8401462495778719,0.8465974055009062,0.8475044306440505,0.8465974055009062,0.6788533303751528,0.633711800723617,0.6364103983231737,0.633711800723617,0.8702132367798792,0.878991597406333,0.8688721149375587,0.8702975394446599,0.8688721149375587,0.33025260366962056,0.2598065463249085,0.3871553358587605,0.5109986313294936,0.3838352573934571,0.4301773651165207,0.4327360428002569,0.4301773651165207,-0.41213178040385806,0.7838900622461796,0.8332150513539659,0.813859105038265,0.8687953493223861,-0.16775153939308365,0.7771020077512629,0.777628185328793,0.7771020077512629,0.7911142140674127,0.7911142140674127,-0.30133797819663827,0.6840990938658252,-0.39750703550614136,-0.70903338686229,-0.5472345200319024,-0.5494651726982239,-0.37391803890305125,0.1652720046524362,-0.27792984926125924,-0.45748951522738457,-0.6550142380006232,-0.35650181233833067,-0.6200745412405031,-0.42263351124184045,0.037335315792910134,0.033778271733194976,-0.5660269723998334,-0.5316571015013148,-0.5507485088074385,-0.5849105903329543,-0.5791012677255946,-0.5538987539213398,-0.5568935485835924,-0.5538987539213398,-0.43925934392106136,-0.6071776804299956,-0.6071776804299956,-0.6075602390080728,-0.6075602390080728,0.3605671493238065,0.3536799707660805,0.47103301498456834,0.5533931344990654,0.5490448946527481,-0.5549161587191508,0.2944486566286818,0.31206984853983727,0.3122325977091296,0.31206984853983727,0.21684394914201474],[0.9910972675765,0.9790703951268558,0.5697716223221785,0.9926501949181858,0.9968588272212603,0.9910972675765,0.9999962396388097,0.9980330800573401,0.9999695830388119,0.952729454804928,0.9996053110806655,1.0,-0.14086598082743512,0.9999944735722659,0.9829312606278843,0.9759971801374208,0.371419350210212,0.9998421417795053,0.9998422314970067,0.988760515055812,0.9999970728487706,0.3464206246098503,0.6789590426795207,0.9899159551113406,0.9848478985815403,0.9867609538151659,0.2338557236015496,-0.18461353867756986,0.9920480774175482,0.9918091314190643,0.1751213443296959,-0.2477241314394497,0.9993038017640882,0.9994001511369219,0.36260427908933757,-0.326137338030121,0.9987430975661258,0.9993248148201355,0.9792864175759023,0.3516657579965999,0.9332514182700542,0.9990341157321996,0.9332514182700542,0.9105218745212252,0.6201968134105028,0.9222988994526031,0.8950936166898402,0.6937909732299771,0.4131043262518612,-0.0855474254456539,-0.20940745542191855,0.9238695920644557,0.39576336563137277,0.9683978410959561,0.9616100947526818,-0.07679988627985479,0.8361761777141291,0.8066744982568599,0.8540292196611489,0.8002141009546816,0.7668215922522655,0.8002141009546816,0.7670606016879963,0.7674018040337804,0.764281199874786,0.7674018040337804,0.8419330123509656,0.31913192477356,0.5346189624530435,0.6143910963962916,0.5346189624530435,0.5350335653369792,-0.3599116527228575,0.49757197030401396,-0.6592882766574832,0.41681114742097275,-0.1252593633448177,0.3774912690701253,-0.1252593633448177,-0.15467344517641385,0.8176037337266262,0.8292524200443612,0.817553626422995,0.740064378067568,0.36428554185236856,0.8201691237395705,0.8220278812477948,0.8201691237395705,0.7289691330681298,0.7289691330681298,-0.23939498820870184,0.6917142146345476,0.25131702972332004,-0.6030513836451887,-0.6164510847068703,-0.619433328173731,-0.11277472460762118,0.009462342889874272,0.3525946027566477,0.07091685802609414,-0.4435547328908464,0.09449436919873881,-0.8269008103416041,-0.12890901425476392,0.0490204559086373,0.049299838659013426,-0.5984115955733873,-0.6058266134272052,-0.06076918885899227,-0.5829853413389784,-0.842885297317398,-0.3535480319209582,-0.1810077190621388,-0.3535480319209582,-0.2759257107880862,-0.3248072962003818,-0.3248072962003818,-0.8360704795164463,-0.8360704795164463,0.3657095305982811,0.6002351721012559,0.4994823402415822,0.8068132014999695,0.7569817369996333,-0.32801945137353805,0.06073237241027238,0.7622619919375193,0.7808213703147872,0.7622619919375193,-0.1447915600645741],[-0.12336576082258191,0.9790327722364012,0.5125344724385192,-0.127597643394688,-0.33518698096211813,-0.12336576082258191,-0.14120467687979482,-0.15036403137019982,-0.3114364219862182,-0.24725992719154105,0.9996016330992562,-0.14086598082743512,1.0,-0.1402484241011876,-0.14509199224145666,-0.12175576784035153,-0.294589899316143,-0.14168138331073915,-0.14217916139717843,-0.26342267008467385,-0.14177926220039758,0.027203023478163266,0.30959002378652,-0.17440490901776384,-0.1747373238211614,0.9867412409660579,0.2501244922811638,0.18665370075173054,-0.1783469619845045,-0.17895205256732025,0.5380649630835104,0.12139067698890339,-0.1391859750520092,-0.29705544335456,0.1700556652430097,0.9585886655377536,0.9987414669801938,-0.32807827696298875,-0.14289720296844113,-0.28454009117924817,-0.13949979434477425,-0.1404425382964133,-0.13949979434477425,0.9106009284192933,-0.11686686682509906,0.9222739451982336,0.8950416689775725,0.6937778226638658,0.08477600705356964,0.25245263674418567,0.6447848477934223,-0.26094336494554543,-0.29745644179401515,-0.06043935335247544,-0.2943766793237908,0.03439029389502322,0.2912412521649712,-0.013573917029971036,-0.29155765401566797,-0.011312066516329196,-0.0017384552378844152,-0.011312066516329196,-0.3958483643131869,-0.09894858309627351,-0.10108790011591563,-0.09894858309627351,-0.19047399519317681,0.07524711297894048,0.0525417020387032,0.05249104404955962,0.0525417020387032,-0.40200523172671815,0.006849504708039528,-0.36616706819818623,0.6198390845154168,-0.33434193734101797,0.009242975212379096,-0.05548517056902978,0.009242975212379096,-0.3073456203170545,-0.3258503092864196,0.8292232052707735,-0.09932758920115708,0.02129726982695706,-0.2220403545377909,-0.2501424043263653,-0.24970523951611748,-0.2501424043263653,-0.019746374604944685,-0.019746374604944685,-0.220420287899714,0.6916469944887526,-0.1616787160597609,-0.02626897721053688,0.19413222435767652,0.19270829139875098,-0.2529951165240364,-0.006970137221414724,0.019591214110834327,-0.17620150518567,-0.11555481592626092,0.040465765839978206,0.38006744338170706,0.11168478288396827,-0.03815542755737414,-0.04209560011001323,0.08264604767563413,0.5677739406180027,0.08970954010727483,-0.20035723449194182,0.6085689131886148,0.0931376271030306,0.10131184823395695,0.0931376271030306,-0.2401882651176865,-0.19841403102941418,-0.19841403102941418,0.32005424474830146,0.32005424474830146,0.36581541081158747,-0.2488882725288852,0.02008787824545154,0.0937752507064132,-0.24316404073042855,0.06956171911064077,0.1555336764640073,0.10687405922227741,0.10678474002471294,0.10687405922227741,0.1252549476240084],[0.9911609377335019,0.9788609525681665,0.5700900168732915,0.9926865914591615,0.9968897792699508,0.9911609377335019,0.9999926208455119,0.999029926025732,0.9999740402804689,0.9523896948676984,0.9995588386613713,0.9999944735722659,-0.1402484241011876,1.0,0.9818643631846055,0.9726856287193326,0.3715290489051961,0.9998451386919611,0.9998451451048715,0.988916727869792,0.9999944850701563,0.3471036082982513,0.6788068787051412,0.9933814839520557,0.9932717776712191,0.9866474750946899,0.23414171683382043,-0.18465611502276427,0.9927993515458488,0.9928468047983695,0.17590937022134834,-0.24755094419146442,0.9993534670646607,0.999399060209259,0.36155339928943525,-0.32528329711884163,0.9986830844893393,0.9993278236403687,0.9792700232538069,0.351800419539447,0.9327438029731289,0.9990895724681059,0.9327438029731289,0.9107949556935742,0.620922741886285,0.9226373322901185,0.8954403323799921,0.6934831999697013,0.41451597856931954,-0.08393735879853251,-0.20961128239860427,0.9242619341409503,0.3960457072084534,0.9688144538852888,0.9619683152946741,-0.07782714754403455,0.83646377174508,0.8065962244129955,0.8542898523236011,0.800176145782355,0.7664148347578533,0.800176145782355,0.7672607845492881,0.7673570572949088,0.7646970620618775,0.7673570572949088,0.8422832230970602,0.31844671732799257,0.534105557550643,0.6144217268532551,0.534105557550643,0.5348678190004251,-0.3610919121396186,0.49747835539808155,-0.6594411667060187,0.41642267097138636,-0.12627199623661683,0.3771424619003782,-0.12627199623661683,-0.15461692923879533,0.8177427986421363,0.8288779374738532,0.817661441546942,0.7304751257573159,0.3646649258360449,0.8202946914564477,0.8221424186759779,0.8202946914564477,0.7287778864715433,0.7287778864715433,-0.24101101135687594,0.692594803441336,0.2518265505845378,-0.6030432425574449,-0.6168355401133462,-0.619822334901131,-0.11395992007233367,0.008203667387466805,0.3528993911914857,0.07045790334887485,-0.44382598035300314,0.0945709670331886,-0.8260259377316692,-0.12875117262882324,0.04797865780656777,0.04825259283540971,-0.5990532405013316,-0.6061071057477191,-0.06018375879887634,-0.5843366875293046,-0.8428732168814065,-0.35348456291637315,-0.18044421123265814,-0.35348456291637315,-0.27693229760048194,-0.32529247787312815,-0.32529247787312815,-0.8364173038094408,-0.8364173038094408,0.3658730232257515,0.5999017216717553,0.49893285909950574,0.8072592215297943,0.7564106675280831,-0.32754163542683207,0.060052024724293884,0.7626623421745825,0.7814273377673889,0.7626623421745825,-0.14446623772115083],[0.9667090037182952,0.8466830567699901,0.5464932233126942,0.968088127057906,0.9591757344493826,0.9667090037182952,0.982956222650107,0.9815201206385195,0.9669121426812631,0.895851037535153,0.8851115741214479,0.9829312606278843,-0.14509199224145666,0.9818643631846055,1.0,0.9971541584527438,0.39244741932082616,0.9794429673944401,0.9794483020571246,0.9612928661428694,0.9817447255801361,0.34136691922350465,0.6429657529815409,0.97455961378661,0.9652433474357951,0.7368170189682407,0.2184851566331504,-0.18776331280922173,0.9788009637139748,0.9785017511263957,0.1667423080657514,-0.25639789649758105,0.982012027969702,0.9693826421116696,0.34254839454948505,-0.32228902279244737,0.8885851519359231,0.9653587909632523,0.9985200572375943,0.3731925338880492,0.9123106096625938,0.9818093648878641,0.9123106096625938,0.7999123853153166,0.6147880448823327,0.6544079341078893,0.6263527850725936,0.6076406603872287,0.41516761343884095,-0.07477068424248536,-0.21128777891457212,0.9035905720767721,0.4036811298756297,0.9551573843063296,0.9348926035100152,-0.08832107003995618,0.7408513668361434,0.7822389248245935,0.8062547695617225,0.7750977408697775,0.7536103706713998,0.7750977408697775,0.710607121902425,0.7474198522188098,0.7527743510367375,0.7474198522188098,0.7847274533861573,0.30083197481718066,0.5124060395699045,0.6001108413727209,0.5124060395699045,0.5061266785521591,-0.36403169788856804,0.46457416405197344,-0.6574774652792035,0.3878633023462853,-0.13203996250833522,0.3616283795664225,-0.13203996250833522,-0.15351269369441012,0.7708832199596265,0.7087569766361955,0.7396495247974018,0.7271243466743171,0.3910131058853987,0.7818641666691312,0.7846143559780475,0.7818641666691312,0.7042963597513844,0.7042963597513844,-0.24723979609479366,0.5630288479059549,0.2514211034927576,-0.5489155309565048,-0.6036488854296641,-0.6065014402009524,-0.10030099760130733,-0.010189788528832865,0.35781357872777786,0.08987876875952747,-0.3935245673013175,0.10359303747855461,-0.813685430039585,-0.11661968597730062,0.02822570579585276,0.02901424632211951,-0.582705785907884,-0.5903216838403013,-0.04788123962491712,-0.5487670636714308,-0.8331834135395518,-0.33927388349230925,-0.16781237121174036,-0.33927388349230925,-0.26349607659091995,-0.30629274912719334,-0.30629274912719334,-0.8274403728279766,-0.8274403728279766,0.2767789892133723,0.5822109373067942,0.4919622078248895,0.8003307603192698,0.731782341852204,-0.30993364348619723,0.056671965340754554,0.7597446832567708,0.779909808318386,0.7597446832567708,-0.14297717294341428],[0.9600479117286362,0.8250550980290066,0.5754549618900251,0.9614197161100232,0.9463677481505456,0.9600479117286362,0.976588020151342,0.9687010367951345,0.9525767769660778,0.8791216857148406,0.8566117718664891,0.9759971801374208,-0.12175576784035153,0.9726856287193326,0.9971541584527438,1.0,0.3863442148714816,0.9695463216224184,0.9695482290532785,0.9456691251063504,0.9724910543080267,0.35581876366082343,0.6554066484689623,0.9523051897460172,0.9541845760059803,0.6922260232393589,0.24050770319902726,-0.16313627128532318,0.9770744576882248,0.9697455299537199,0.19996302336597307,-0.22962262167694794,0.9735740324640128,0.9559226366271114,0.3676166273327263,-0.2917025265734812,0.8612630242131749,0.9512618951494437,0.9970102942060045,0.3676879984240782,0.9078058962702487,0.9735007247103414,0.9078058962702487,0.7650416656792325,0.616612372041042,0.6097831374774124,0.5937129600741324,0.6089180010173221,0.4084573484292885,-0.06912609674251258,-0.2161499951957611,0.8933881565346103,0.39224045715828604,0.9478618130620543,0.9226400255084493,-0.09905131730098526,0.7402598096935344,0.7993883957743096,0.8093896632293405,0.7908698336351523,0.7801284121652007,0.7908698336351523,0.7114318502075663,0.7623818916370776,0.775864361992333,0.7623818916370776,0.7886465815350426,0.3422132475187187,0.5437685968256337,0.6356743671241551,0.5437685968256337,0.5167185305351296,-0.3526862151241211,0.47969048621900573,-0.6163968440677936,0.40582382021469693,-0.09425541154783262,0.3932291274557439,-0.09425541154783262,-0.1518542238017559,0.7763570776468908,0.7044594234124136,0.7395587864150988,0.7577390044021189,0.390563493971882,0.7884860292784669,0.7911459374075297,0.7884860292784669,0.7275925759601628,0.7275925759601628,-0.2224796675628614,0.5037027833649405,0.22421747624406316,-0.5502976564445053,-0.589942373130125,-0.5929250794475341,-0.09610714915714486,0.01050892159993865,0.3567285886519182,0.08642398245281652,-0.3962014886703591,0.10581845913282692,-0.7945902816303281,-0.11089624845442776,0.04647489323055469,0.04695445727150262,-0.5700666894508419,-0.5566494195867192,-0.047888183485058536,-0.516436243227434,-0.8103112291141403,-0.33417628921352177,-0.16106765925763