var correlationAdjClose = {"data": [{"type": "heatmap", "z": [[1.0, 0.99999110342247, 0.9846505072752596, 0.9999221360541415, 0.9989051590426095, 0.988290858718928, 0.9975396566295188, 0.9953321965586518, 0.9956352766339305, 0.979727343049843, 0.9922607860915705, 0.9954752870805395, 0.9946958569756921, 0.9953859439404282, 0.9955194411764985, 0.9965939410956788, 0.9980928160871236, 0.9960925207828178, 0.9961059814868375, 0.9961511556465122, 0.9954239629261569, 0.9856732558239383, 0.9695251765527034, 0.9880088902842434, 0.9868577698248201, 0.9816992065199953, 0.963932663697223, 0.9440917548027231, 0.9940939854950508, 0.9945984793601089, 0.9918312794953428, 0.9749936472291154, 0.9974509988304544, 0.997744445823725, 0.9971343396740601, 0.9955392169537007, 0.9950796842322994, 0.9976059013276177, 0.9976601529798842, 0.9986619191941087, 0.9973927908631749, 0.9974042486905285, 0.9766172191862166, 0.9185086470833981, 0.7490695837287118, 0.9004341184273481, 0.9046324277937635, 0.8411662479176784, 0.9668438905430877, 0.9448612202128348, 0.968166670142541, 0.965342432841639, 0.9585553305544542, 0.9857819857251915, 0.9823166492222624, 0.9842855344329854, 0.977672010363292, 0.9861377558330053, 0.9835432994453699, 0.9867632916478403, 0.9865313040907262, 0.9643836175244626, 0.9677677273227827, 0.9716006564929677, 0.9712622033491664, 0.9450434970607311, 0.9756715377218701, 0.9740138902471809, 0.9822186830529155, 0.9813563869781041, 0.9360843097533098, 0.8606749146295308, 0.8283832085577694, 0.8796455562575957, 0.9059889999246018, 0.9010268548267408, 0.9040618619770004, 0.9026650415073081, 0.6285894631016329, -0.5709310439935928, 0.9770425223753607, 0.9685271093823362, 0.9650522365653236, 0.9851456325520885, 0.970637623245521, 0.9817935101915896, 0.9817437354751996, 0.9457500997427839, 0.9819990633415665, 0.9498094149273982, 0.6390442858075168, 0.8646982572727089, 0.9151421594114086, 0.7503839197180928, 0.9211060424733594, 0.941174750259763, 0.8149601518104299, 0.9577640486221127, 0.8958064340080317, 0.6463156324702755, 0.7080991427132639, 0.891703922909274, 0.8628388046043031, 0.8883665220078466, 0.9685653130764488, 0.9687843526166596, 0.7378188041996546, 0.7047290403367357, 0.8258362654010563, 0.3390043949497172, 0.7945376545011466, 0.8301641769625073, 0.8166898750736996, 0.8147711654747289, 0.7489530800969169, 0.7416818276126245, 0.7218192762945312, -0.24175884316578677, -0.3775260139060425, 0.6373746806284813, 0.8994679916964838, 0.9446169874613314, 0.9489022233053668, 0.9191924994401157, 0.8286612332450122, 0.916153464589664, 0.9378943086040834, 0.937727092935733, 0.872308999746985, -0.18812938830255346], [0.99999110342247, 1.0, 0.9829372895648767, 0.9997702117296562, 0.9975698043439799, 0.9904594062251101, 0.9930753981084025, 0.9888024388517864, 0.9888386567090357, 0.9679581106059693, 0.9912200620660387, 0.9890465566981359, 0.9888681403336222, 0.9889172260444857, 0.989012798082803, 0.993676184461159, 0.9950046170922573, 0.9922064098392286, 0.9922060533228586, 0.9889139218737604, 0.9889733730936998, 0.9880205317288112, 0.9620501458190713, 0.9843688256122219, 0.9840639092444255, 0.9815414473938915, 0.9726178089155896, 0.9092343084408768, 0.9878647483421357, 0.9840794708065173, 0.9760183207514587, 0.9129412303265088, 0.9946943850453056, 0.9945214841815957, 0.9948084656886516, 0.9900357930304737, 0.9942382784318164, 0.9947986534334672, 0.9951030956063207, 0.996533238094137, 0.9947971263338744, 0.9948056982843251, 0.9862149416874236, 0.9184202336869797, 0.6053536732186481, 0.9005262221979062, 0.905291892523891, 0.8413278118027602, 0.8736491370941696, 0.9125732187386514, 0.8774720203333032, 0.8970663834296051, 0.8725336265664119, 0.9546183015362282, 0.9545175278371788, 0.9742808720061576, 0.9782621620540942, 0.9722215956534256, 0.9717838039015022, 0.974905098486023, 0.9748169066040545, 0.9362225541931423, 0.9450480820247715, 0.9103105071174625, 0.910213629580383, 0.805883718680823, 0.9692996131909082, 0.9716278679112158, 0.971885885625748, 0.9712789595692706, 0.9313979156299914, 0.6508963956878965, 0.591603545568826, 0.7456113515195784, 0.8408709163069017, 0.7689582224357205, 0.8066373825369971, 0.8048579256294665, 0.5857122128677971, -0.27661450969433937, 0.9569471725062809, 0.9639121351110416, 0.9566388752253808, 0.9751949128731954, 0.9537607094983005, 0.9615874905561009, 0.960647631147634, 0.9033598193710272, 0.9645939928804094, 0.9092111999734612, 0.46220903070614033, 0.8637600267831038, 0.8613986385825824, 0.2560855742387557, 0.6501147300650933, 0.7438629724771831, 0.6366952860040153, 0.955971071914723, 0.6510671449573213, -0.2329075539384389, 0.13945375856736125, 0.6187871428147145, 0.6256435380697201, 0.6728479024372938, 0.9576454599624669, 0.9574893374723299, -0.08564089933790459, 0.15134144716484704, -0.004752615065859363, -0.03742907280644438, -0.00931713747761739, 0.0072408630439275415, -0.024674167000917655, -0.06752226639775472, 0.3549934576012529, 0.09507442944306779, 0.046046330626731496, -0.45330033568796624, -0.4873171874189069, 0.6379494617937463, 0.7454911124048355, 0.7695831009083733, 0.8302818236367369, 0.8255143255837465, 0.5384595234840204, 0.733323893355649, 0.7656090587972799, 0.764244777452462, 0.41263822095145863, 0.20543558331594175], [0.9846505072752596, 0.9829372895648767, 1.0, 0.9860947273552664, 0.9928533728141342, 0.9900561406691555, 0.9906993935978065, 0.9911286179731728, 0.9943871675592967, 0.9550266497608011, 0.9970061892152663, 0.9910259509805718, 0.9929614002323424, 0.9911891906589579, 0.9911076465875683, 0.9917328751893734, 0.9904569655593135, 0.9897127906353391, 0.9896773803816677, 0.9929141925705529, 0.9910562697241407, 0.9935514967532911, 0.979420301782655, 0.9908022662025283, 0.9912181755111017, 0.9803017653794937, 0.9822926036072485, 0.9479506141414128, 0.9729997600453086, 0.9765938914052055, 0.9781543816107203, 0.950327564011287, 0.987973905948168, 0.9910924333457362, 0.9894064396184923, 0.9930711405913794, 0.9948127518414998, 0.9921409628368182, 0.9873950256163619, 0.9880756397124209, 0.9882531547337653, 0.9876206589246833, 0.9906349586430404, 0.9184843807590615, 0.6900897783805895, 0.9263377777778256, 0.8978200776604875, 0.752330358072967, 0.9276179446396818, 0.9000473946678156, 0.9297994144510734, 0.9252060473319672, 0.9155925025305374, 0.9529307549777832, 0.9601121035913727, 0.9312403014370054, 0.9488840135374496, 0.954319796794411, 0.9601006504741724, 0.9549099137609124, 0.9291875933679129, 0.8980351620312541, 0.9268872185750884, 0.9242346190832814, 0.9074184406226675, 0.8632445377739123, 0.9598645376815453, 0.9378371614951413, 0.9551092640283803, 0.9336052873855175, 0.7735189029913515, 0.8008899278669662, 0.7335929268933155, 0.822176052290841, 0.8661412293690743, 0.8638218803252503, 0.8353686925271335, 0.8491597611502559, 0.3036054230033492, -0.571006024374498, 0.9465499349776465, 0.9200483231602707, 0.9240786781192564, 0.9316861252075599, 0.9409379122796736, 0.9515275925199964, 0.9511478835438508, 0.9126926926301013, 0.9479102163068294, 0.8388358670736404, 0.6108136719666055, 0.9334548395490198, 0.9360918326798754, 0.7090630313832135, 0.9021688136400581, 0.9246884567952038, 0.8004019358470852, 0.9779449173185594, 0.7784730511170934, 0.5541324697321948, 0.647563423458627, 0.7858603042736245, 0.7880978872542579, 0.7745171952114664, 0.9815966380088076, 0.9816356064447579, 0.6570126364014613, 0.6397617784074507, 0.7140850026085047, 0.2699571750734391, 0.6899124147136416, 0.7115904930166208, 0.725189565078889, 0.7078529565175418, 0.7028200065774217, 0.6683307063960955, 0.6465564174166516, -0.31555921336757214, -0.4508662917806043, 0.5927374859405361, 0.859563669122867, 0.8948455215499166, 0.8965443147894117, 0.8924686052280504, 0.7588418432510721, 0.8690252978237164, 0.8833740887746098, 0.8921374299179339, 0.7394410548139121, -0.10619949530599984], [0.9999221360541415, 0.9997702117296562, 0.9860947273552664, 1.0, 0.9992133043540896, 0.9892478079672752, 0.9978806865815117, 0.9958613480033358, 0.9962546700602763, 0.9793895439327595, 0.9936971527117159, 0.9959863442187729, 0.9954171814633831, 0.9959134242905946, 0.9960259706869449, 0.9971163132158535, 0.9984428427671292, 0.9965542980902633, 0.9965647297919136, 0.996680902551294, 0.9959381893451821, 0.9869524307575365, 0.9708637405790187, 0.989118415948346, 0.9880791491795766, 0.984065517313696, 0.9660566414881777, 0.9452905524675251, 0.9935730237499787, 0.9942662462805881, 0.9919453228637288, 0.9746529346922289, 0.9976140633483319, 0.9980522132523768, 0.9974519211819469, 0.9961144149862449, 0.995883620547449, 0.9979535516933189, 0.9977763937132087, 0.9988132792050087, 0.9975470017743254, 0.9975550636816969, 0.9784578837837637, 0.9141157547552796, 0.7426631610717923, 0.9011720944132814, 0.9021228505816129, 0.8307097118758927, 0.9639276232111439, 0.9414173090592152, 0.9651401055506402, 0.9626691800561494, 0.9556820743291761, 0.9837070294675604, 0.9807817814220219, 0.9825106280899264, 0.9759349060136401, 0.9845522897092143, 0.9826684686000899, 0.9850979458650317, 0.9848616778728821, 0.9507432540204527, 0.9660700445391948, 0.9698504599153266, 0.9695123637087718, 0.9383090080818004, 0.9749768190715583, 0.9703728953204498, 0.9804280516223454, 0.9795240414062296, 0.90842660246135, 0.8585323972786324, 0.8235321302917031, 0.8772187423365093, 0.9023741583023976, 0.9001144499347433, 0.9009887304421516, 0.8996587313233536, 0.5237371434436476, -0.5709779269139588, 0.9758039238671954, 0.9663100760836382, 0.9628508573118514, 0.9833754408460998, 0.9694663800181238, 0.9806873679691732, 0.9806363252959764, 0.9445951058068025, 0.9801908103788105, 0.929241319308052, 0.6446727534070206, 0.8732480075209098, 0.9197074640067089, 0.751917414780749, 0.9228537813539007, 0.9426673782648264, 0.815304759663679, 0.9592833204752222, 0.8896706967157018, 0.6430591832612884, 0.7063368270641588, 0.8866444860488341, 0.8592874040580686, 0.882975781356126, 0.9696732563965575, 0.9698998722209065, 0.7368794604036376, 0.7050453260345092, 0.8179226374526551, 0.34113454173702173, 0.7889584311270668, 0.8219649027147325, 0.8085657154751992, 0.809510998125189, 0.7518737622696983, 0.7417878623449214, 0.7219929434001727, -0.23714465921882227, -0.3767788807104338, 0.6355955456520904, 0.8975858254021469, 0.9428700282879678, 0.9471995919065139, 0.918108492827305, 0.8258760972592183, 0.914217903235819, 0.9357260049074388, 0.9357152953048545, 0.8646519262272481, -0.18073504700991283], [0.9989051590426095, 0.9975698043439799, 0.9928533728141342, 0.9992133043540896, 1.0, 0.9920778589686092, 0.9990463552959056, 0.9982857081299485, 0.998341850261596, 0.9729439185457109, 0.9976441249086433, 0.9983321315419798, 0.9981202649401812, 0.9983200768755321, 0.9983860296917011, 0.9986484561084741, 0.999197599886163, 0.9987096363473326, 0.998709294572631, 0.9984064768659878, 0.9983158784839825, 0.9936591241139154, 0.9784552115132997, 0.9937884336958053, 0.9937174418192546, 0.9877146031300171, 0.9801517541187555, 0.9485494041546866, 0.9901008139668929, 0.9925381681816704, 0.9895651438892207, 0.9654695905472817, 0.9989411911476481, 0.9989744661233078, 0.9989695411151273, 0.998432097859599, 0.9985218126254038, 0.9990695440847989, 0.9991224309275748, 0.9991358027959143, 0.9989262173991867, 0.9989256304346646, 0.9888859790168295, 0.9237516073785775, 0.7178594540212851, 0.9164562333494488, 0.9059892065237911, 0.8120536931202388, 0.9477342602915152, 0.9291327335300785, 0.9515825727347585, 0.9539067321734614, 0.9464985898647997, 0.9797296888922221, 0.9796744205971913, 0.9782571887873781, 0.9696107477881112, 0.9792574494674565, 0.9780864321890471, 0.9795707437122635, 0.979275987570177, 0.9523279572961897, 0.9554453892319883, 0.9505125755683455, 0.9500611959264886, 0.9039898161236323, 0.9717999449786761, 0.9684531086900746, 0.9753159263945916, 0.9743290377388023, 0.9308588789328294, 0.8331144449076542, 0.7869534274783473, 0.8587757094282417, 0.904580408809221, 0.8851729286735025, 0.8940934825593043, 0.8928004453933711, 0.6812060871396702, -0.59367683894573, 0.9682611765178493, 0.953705644513784, 0.9515778951509583, 0.9794077168419478, 0.9577900573749041, 0.9727517686687377, 0.972259633015935, 0.9333737399608163, 0.9748087744466299, 0.9375672722361025, 0.6307523992981681, 0.8951397064854093, 0.9412502431934526, 0.7001109370570052, 0.9002394067190436, 0.9262765869615632, 0.8088627697401382, 0.9652925555603468, 0.8791597472907229, 0.49067459814143943, 0.637328800265554, 0.8666255968406957, 0.8205450159989174, 0.8685273364047896, 0.9739896542343631, 0.974163251091763, 0.6895144869432352, 0.6850906012101314, 0.733765546697564, 0.31525567232923396, 0.6704853453244607, 0.73969324457061, 0.7155290307353926, 0.6951157049693752, 0.7352523952513761, 0.7238954510944722, 0.7031141755394676, -0.4604785257976147, -0.5369402135782593, 0.6238295459167509, 0.8900152860789301, 0.9268402774171838, 0.938568645099341, 0.9142055122059098, 0.8017608080256685, 0.8963342606033816, 0.9198486502817373, 0.9193761931019849, 0.7980457200735769, 0.03716796176705258], [0.988290858718928, 0.9904594062251101, 0.9900561406691555, 0.9892478079672752, 0.9920778589686092, 1.0, 0.9885492901146026, 0.9886079265737595, 0.98812667476072, 0.9641340037261292, 0.9793882770101779, 0.9885535982590082, 0.9897087166342736, 0.988668705613104, 0.988783064617908, 0.9916744857712801, 0.9898123804306053, 0.9894801634464854, 0.9894537741067408, 0.9874642211802198, 0.9885897858233347, 0.9961123754141743, 0.9913451257418123, 0.9884765708875783, 0.9882983942052046, 0.969463448729352, 0.9849192263916605, 0.9665469467585873, 0.9724828923113252, 0.9766255154388002, 0.9845672162927843, 0.9712279893607615, 0.9884926095500617, 0.9886801863809349, 0.9894825643509995, 0.9895092642853821, 0.9819181194909622, 0.9894430452889468, 0.9888831467344659, 0.9890935942406366, 0.9885936260663809, 0.9885775304769956, 0.9946928781552624, 0.8771337981871229, 0.7216659941442561, 0.8777280146126206, 0.90102914849795, 0.8340645989971716, 0.9333958800512099, 0.9120876140738481, 0.9352328229141431, 0.9429886597304482, 0.9310751051970241, 0.9618461617642421, 0.9664054647426567, 0.9678501167436925, 0.9800490952350333, 0.9689555357715179, 0.9808295117094166, 0.9688384656314054, 0.9682728913388534, 0.9678259060975938, 0.9593342074374203, 0.9428893749214836, 0.9423808472600342, 0.9299889445500188, 0.9782354308441927, 0.9705642952557153, 0.9691790403099861, 0.9675334338390161, 0.9496371758982409, 0.8572198491525778, 0.8092567701761325, 0.8777007721122668, 0.8965846163068693, 0.9040141372309026, 0.8870851850265236, 0.8850055198413249, 0.6478896676751024, -0.5339745615294043, 0.9746614044047043, 0.9707833619008827, 0.9673448023573522, 0.9689844023227839, 0.9652717294094058, 0.9748749944302807, 0.9745275477572715, 0.9552400191001283, 0.9643714238265222, 0.9547110651604812, 0.6460324169491566, 0.8373473389035152, 0.9376979046405306, 0.7484940152057163, 0.9126740345299943, 0.9307896736306002, 0.8103570315252517, 0.9556730432917373, 0.8461003660306383, 0.5908779813801835, 0.6804638011242204, 0.843593732397327, 0.8198204466835259, 0.8411224637873113, 0.9578769657801239, 0.9579379356790076, 0.6996397336482753, 0.6848128957459351, 0.7623572003198299, 0.34100805032222364, 0.7412386767094692, 0.7681292251737823, 0.7540436240076406, 0.7560351255171766, 0.7394317662988547, 0.7129312427840906, 0.6952323146676295, -0.2676355323220051, -0.39499870112356367, 0.6646520846015967, 0.8838748880031859, 0.9018326707305582, 0.9102350927540007, 0.8988497499528308, 0.800432616279859, 0.870636940365219, 0.8932859753504877, 0.8933241324105335, 0.8375343810545799, -0.15087738438352566], [0.9975396566295188, 0.9930753981084025, 0.9906993935978065, 0.9978806865815117, 0.9990463552959056, 0.9885492901146026, 1.0, 0.997163940590499, 0.9995316275822256, 0.9724347687651498, 0.9994279107645848, 0.9981427465969557, 0.9990711249120012, 0.9990266023159717, 0.9988038663111596, 0.9981653296364136, 0.9999029143674268, 0.9992594428245878, 0.999264880632558, 0.999652808297482, 0.9992277862285949, 0.9906927830217285, 0.974808423940211, 0.9841445050669788, 0.9925320423383723, 0.9869654281312564, 0.9719409232220947, 0.9437872634376243, 0.9922430298036112, 0.9918209079927925, 0.9930271652819324, 0.9715390384753174, 0.9988352091622185, 0.9998193794693949, 0.9996552312658787, 0.9993969641432824, 0.9996618259655643, 0.9998504294339436, 0.9979249287663415, 0.9996763701766428, 0.999278428741587, 0.998887769479186, 0.9830944310435988, 0.9297464823780905, 0.7333524099974993, 0.9295191124929929, 0.9165253281976932, 0.8037113961561226, 0.9588042608502009, 0.9407836948198821, 0.9608447627512924, 0.9581826039748598, 0.9519755725508993, 0.9818293442141389, 0.9800338993684127, 0.9407674699183208, 0.9556918773236762, 0.9690249890562393, 0.9693266932206194, 0.9708366682467633, 0.9410016786021083, 0.8909504354822314, 0.9454992460552684, 0.955218751956253, 0.9320753301963323, 0.8771236212928281, 0.9607420233647271, 0.930475080529517, 0.9626192904965089, 0.9411141763874635, 0.7372313099266598, 0.8277254292850244, 0.7561905801501734, 0.8451364808324066, 0.8724713247713151, 0.8763177821463588, 0.8557940340861895, 0.8682618231973792, 0.2585242446034121, -0.6057996116356353, 0.9585889356741755, 0.9369317636705984, 0.9369321098679764, 0.9431024605735105, 0.9549631552217882, 0.9664871261596198, 0.9665383626273318, 0.9237180977491343, 0.9626450597554896, 0.8226747650411632, 0.6260193217314862, 0.8957259419489048, 0.919630397918613, 0.740683853351035, 0.9201222821760099, 0.9411464474395329, 0.8094256167643704, 0.9648819028992612, 0.8310513100050068, 0.6308776243728876, 0.6961811602303069, 0.8434653810317685, 0.8376373379043626, 0.8292677092654758, 0.9741343316839789, 0.9743734184154393, 0.7228003993622475, 0.68148593571665, 0.7831670450691087, 0.310415761076534, 0.7657469391083126, 0.7921974339923278, 0.7827857954553283, 0.7884336660323171, 0.730893019266783, 0.7285701329731461, 0.70695135161811, -0.2558938666935251, -0.4027285934430359, 0.6423806906247633, 0.8915105567222081, 0.9297654956140601, 0.9450958403438495, 0.9174957582621197, 0.8239160231243584, 0.9137629488257297, 0.9356037810184613, 0.9350129057538883, 0.7748783772742757, -0.14274611187527228], [0.9953321965586518, 0.9888024388517864, 0.9911286179731728, 0.9958613480033358, 0.9982857081299485, 0.9886079265737595, 0.997163940590499, 1.0, 0.9999843688868364, 0.9665023623432474, 0.9996497411584956, 0.9999968960103327, 0.9996632876792352, 0.999997868363674, 0.9999818488897922, 0.9965003714392786, 0.9993165819177808, 0.9998886947019086, 0.9998882175443259, 0.9999569869028226, 0.9999944727511966, 0.9908966789044007, 0.9758088198372595, 0.9917935565710196, 0.9930356727974157, 0.9840308325938524, 0.9741118765301475, 0.9424049493164021, 0.9885339143214257, 0.9942800632100522, 0.9916536355356036, 0.9681343138589286, 0.9994289586967496, 0.9994915014078176, 0.999615285849764, 0.9996882788072926, 0.9987938393341432, 0.999411429313678, 0.9991166068680244, 0.9985567123096036, 0.9994986512192723, 0.9993608025326373, 0.9845399705531144, 0.9299971612574776, 0.7201470942805758, 0.9357222566633365, 0.9139729972336458, 0.7822022788760419, 0.9572804805838429, 0.9358429031588458, 0.958900866553971, 0.9517331715838284, 0.9454660478026735, 0.9798446427176482, 0.9767858958110588, 0.9349892424649833, 0.9496885051681896, 0.9610863322413148, 0.9652457178589078, 0.9633969468263158, 0.9390107177139891, 0.88006145466217, 0.9392821115032057, 0.9472195416795283, 0.9259395706358041, 0.8616686667931268, 0.9570881946270768, 0.9229465856676022, 0.9559705018234538, 0.9357297078856408, 0.720518023008993, 0.8174770391386741, 0.7511161241783361, 0.834865766371881, 0.8634194486378554, 0.870126334376941, 0.8505008429593301, 0.859979817895881, 0.2375198773820821, -0.6117219084037646, 0.9530336675403245, 0.9269835241798379, 0.9284747968077415, 0.9408548936617268, 0.9487519378121922, 0.9610820668323734, 0.9611334021544458, 0.9163935863477429, 0.9541957954566348, 0.8075056009082787, 0.6211834245213441, 0.9165121066932164, 0.9322519393018873, 0.7349827865185832, 0.9193720913934702, 0.9407020201638636, 0.8066267049590997, 0.969643731209973, 0.8349362304205945, 0.6166009333712523, 0.6866390640821562, 0.8448462271895012, 0.834581868495139, 0.8327916824079135, 0.9771792088437288, 0.9774224012649801, 0.7125661651211551, 0.6723790044608631, 0.7852477461096724, 0.2953031191921759, 0.7605374673724503, 0.7878904855691391, 0.784160563128468, 0.7829069246827582, 0.7234090184565445, 0.7220736573841813, 0.6997608542328629, -0.27316647239500946, -0.4190535249684504, 0.6237499974684402, 0.8829103298067448, 0.9275376831560908, 0.9373655964644175, 0.9110636754471403, 0.8123641714601221, 0.9072322900738087, 0.9292775375972702, 0.9289454926380522, 0.7544370430964518, -0.12454621468699421], [0.9956352766339305, 0.9888386567090357, 0.9943871675592967, 0.9962546700602763, 0.998341850261596, 0.98812667476072, 0.9995316275822256, 0.9999843688868364, 1.0, 0.9658109007903846, 0.9996487173712585, 0.9999814544243882, 0.9998372217283826, 0.999989996274971, 0.999996432364557, 0.9989935799798269, 0.9993047375144612, 0.9998256026006218, 0.9998245765351401, 0.9999668306203513, 0.9999823504975203, 0.9937686671110324, 0.9770142441187588, 0.9950774339559357, 0.9952252792260294, 0.984005632864596, 0.9783312838280552, 0.9434330460392184, 0.989100300589252, 0.9933843271309982, 0.9886675995474764, 0.9635947635708967, 0.9993507287341135, 0.9994318725495156, 0.9994336259245192, 0.9998389589859319, 0.9988042525714775, 0.9994001424567536, 0.999340061372624, 0.9985648053999308, 0.9993449674578451, 0.999339030427605, 0.988937037010527, 0.9302545321492489, 0.7209035961540864, 0.9359480740751488, 0.9143664445580368, 0.7824257366839444, 0.9444492216010307, 0.9242302964905623, 0.947825149391697, 0.9491879024628699, 0.9427756521998917, 0.977369152889411, 0.9768835547206196, 0.966989487483248, 0.9500807422836982, 0.9679100197415634, 0.9653122671085156, 0.9683226563474604, 0.9679781200582855, 0.9388086094248637, 0.9385352910433854, 0.9393212390551889, 0.9389009292587542, 0.891412644816793, 0.9574309507236614, 0.9582844238737479, 0.9645503045798075, 0.9633421215854373, 0.9169705853928564, 0.8167607368840064, 0.7646013454198962, 0.8340217226587932, 0.8848596851285968, 0.8683821109093305, 0.8760701146243641, 0.8750109761056715, 0.6259597315302161, -0.6277172960541345, 0.9529527558933059, 0.9270176200871055, 0.9285898582391894, 0.9683804941924626, 0.9432077264617015, 0.9605896888178992, 0.9600610386430829, 0.9172220201155167, 0.9629114381892437, 0.9217439017628051, 0.6194467693187089, 0.9160185759799279, 0.9463718863150974, 0.7096331362864302, 0.9057535102468465, 0.93111320647469, 0.8057203137648803, 0.9683492427119584, 0.8858856577938115, 0.5202662786026242, 0.654351195987635, 0.8739632074563543, 0.8287001403786389, 0.876409055334088, 0.9770998196306734, 0.9773708698874862, 0.7104636708974246, 0.6693855930522475, 0.7500275138860076, 0.2930468682999273, 0.6886644733285987, 0.7555741796499381, 0.7333798306813951, 0.7138823810119326, 0.7207450856307199, 0.7188194955941776, 0.6964590498296632, -0.5100147217548386, -0.5877676733826559, 0.6239830908326073, 0.8818161050921953, 0.9263343423779767, 0.9389573994440705, 0.9101092839127201, 0.8074530435448637, 0.8965874165194542, 0.9193990520661494, 0.9188361600692638, 0.8075781992376844, 0.11027232953926096], [0.979727343049843, 0.9679581106059693, 0.9550266497608011, 0.9793895439327595, 0.9729439185457109, 0.9641340037261292, 0.9724347687651498, 0.9665023623432474, 0.9658109007903846, 1.0, 0.9523052233340061, 0.9668940553786312, 0.965820569513303, 0.9666234453361393, 0.9661756584386304, 0.9675030954275905, 0.9746612382194616, 0.9709871543605131, 0.971000693472512, 0.9666755265862189, 0.9667491540131649, 0.9661058948871266, 0.9534314850744429, 0.9734076770589534, 0.9712970884662507, 0.8971319481098032, 0.9696192810909628, 0.9522542964275956, 0.976427497835673, 0.9704992448962663, 0.9706833262741301, 0.9368256394138137, 0.9747905314858782, 0.9743614502109653, 0.9748162506512325, 0.9670874614513872, 0.9599747072546515, 0.973808107964958, 0.9745968048956962, 0.9773117356267097, 0.9749739324437839, 0.9749920623802819, 0.9560620434396396, 0.8463380961345907, 0.5406183870845155, 0.7997220840974918, 0.8936538810962456, 0.8753454693152156, 0.9027002686543161, 0.8321057253864871, 0.9071618160934657, 0.9171806587012017, 0.9042794268600028, 0.9343140554389395, 0.9341719705963754, 0.9446702177898597, 0.9365430223118869, 0.9548817292049686, 0.9486304829093203, 0.9532656492889492, 0.9532901103248109, 0.9126537619703287, 0.9537659715618223, 0.9391144148848471, 0.9388190352435173, 0.8617112845472974, 0.9363611053088391, 0.9441307108801287, 0.9376733703710959, 0.9366165017630537, 0.887303552013673, 0.8246840714803768, 0.7818011857343188, 0.867210333322379, 0.9175933740836877, 0.8900290626574437, 0.9038679442582067, 0.9031577010392665, 0.7189534887428645, -0.3171496921161873, 0.9536965820310651, 0.9545875650722732, 0.9467770390982808, 0.9464308382636499, 0.9316339686522143, 0.9549521222295316, 0.9548855101797167, 0.9027733566140844, 0.956901924578485, 0.9076126257420625, 0.7207379881014213, 0.700016982531097, 0.8683825740671428, 0.6323039220856149, 0.8569165573404436, 0.8927484182663856, 0.8765097124732643, 0.950835343610057, 0.9063116744738164, 0.4116422546485097, 0.6583293388385375, 0.8986935185902705, 0.8754168015074912, 0.9053437997705744, 0.9510870676638925, 0.951421073582195, 0.5421531614451761, 0.707634758271621, 0.6183098671904388, 0.48817083670923217, 0.5772505088267553, 0.6327214885137311, 0.5935799870415616, 0.5681690424413548, 0.8106915683447578, 0.6878845537798244, 0.6526158289439491, -0.28544469504081516, -0.3349232598558145, 0.7541818159469401, 0.9176893635115498, 0.924369849200941, 0.9126439893291928, 0.9426951457715219, 0.6653083553014706, 0.8451475310010385, 0.9107435060927007, 0.9098991403816409, 0.6930185390359607, -0.16305113104432853], [0.9922607860915705, 0.9912200620660387, 0.9970061892152663, 0.9936971527117159, 0.9976441249086433, 0.9793882770101779, 0.9994279107645848, 0.9996497411584956, 0.9996487173712585, 0.9523052233340061, 1.0, 0.9996777022476804, 0.9996559084833874, 0.9996639678978458, 0.9996703279836328, 0.9994274038428215, 0.9991198222007917, 0.9999557317206955, 0.9999552110362816, 0.9996629391519397, 0.9996710433517993, 0.9901767895458685, 0.9579449310062367, 0.9912597690592434, 0.9923902446450474, 0.9884212195376397, 0.9705534157039016, 0.8961499906902489, 0.9886426691321093, 0.9925082208831593, 0.9727284551817502, 0.8978711064755415, 0.9991589380970276, 0.9992268380127094, 0.9991594328437069, 0.9994569199353014, 0.9994069812710076, 0.9991824285884859, 0.9990468169461403, 0.9978112330788371, 0.9991305556541109, 0.9991257814652132, 0.9896595981315888, 0.9242282411025605, 0.5680627963730484, 0.9314227719656334, 0.9135243733536611, 0.7866572075915719, 0.8580035626020536, 0.8932429704832269, 0.8634487303738708, 0.8758966129276189, 0.8550017586145277, 0.950748854283987, 0.9506750895666329, 0.9507692891038708, 0.9531021654711213, 0.9426248264129734, 0.9446233273809829, 0.9470429386570676, 0.946845980303879, 0.8972522241359613, 0.908769533154347, 0.8669172345714833, 0.8667394992072133, 0.7468793932340803, 0.9468290570895469, 0.9502479389518438, 0.9504191569773992, 0.9497090858976385, 0.8982999819925719, 0.5988061472581729, 0.5356091743167142, 0.6936438284021967, 0.7966070025539898, 0.7228991199658689, 0.7618192825854667, 0.7606255969448695, 0.5268590782820808, -0.40007568876313443, 0.9209537125508498, 0.9310003429383417, 0.9206170597361413, 0.9522283326771581, 0.9173533910306586, 0.9269092669567291, 0.9256614919976426, 0.857008163893682, 0.9312531284673944, 0.8645335582499, 0.5110592068285439, 0.9124648102770829, 0.9073700178228964, 0.2971670504128938, 0.6876665435063302, 0.772479810130868, 0.6490730873069493, 0.9708575757529064, 0.6624155985465642, -0.1773580987356643, 0.18650097531863716, 0.6349409562083637, 0.6392384924751267, 0.6814937665695885, 0.9721489283489928, 0.9722041755600781, -0.024504529017239877, 0.203498735878344, 0.05826742177026867, 0.02445125606036885, 0.05134884446558271, 0.07055421376458318, 0.03745397716889353, -0.011591558271263345, 0.40569563879729886, 0.13748266287587366, 0.0852841449557188, -0.5223404354588903, -0.5558920826617113, 0.6240705017760433, 0.738817961955175, 0.7633260310280793, 0.8267452345609119, 0.824594066466607, 0.5188898016809401, 0.7241055939997508, 0.7593145919858562, 0.7580377507735487, 0.40409153118937713, 0.25615183332951147], [0.9954752870805395, 0.9890465566981359, 0.9910259509805718, 0.9959863442187729, 0.9983321315419798, 0.9885535982590082, 0.9981427465969557, 0.9999968960103327, 0.9999814544243882, 0.9668940553786312, 0.9996777022476804, 1.0, 0.9996482190527242, 0.9999976543055838, 0.999984531155269, 0.9971322624709247, 0.9993671139830099, 0.9998999426691363, 0.9998996546120746, 0.9999647651760337, 0.9999949311373603, 0.9908095641555696, 0.9756894442179312, 0.9924487963787397, 0.9929989525701888, 0.9842303523725685, 0.9739505044134644, 0.9424323180464929, 0.9894198961127197, 0.9943345485183104, 0.9917270364989136, 0.9682804335292178, 0.9994712405970456, 0.9995354108051226, 0.9996486205170613, 0.9996902235907572, 0.9988829473152837, 0.9994568472345926, 0.9991555068704929, 0.9986371972132274, 0.9995421896844187, 0.9994040267977782, 0.9843516196944895, 0.93028528603847, 0.720861911583441, 0.9356547364955807, 0.91424072990277, 0.7833769323333816, 0.95760560346416, 0.9362571306255228, 0.9592341603131446, 0.9521067220653249, 0.9458644658578869, 0.9800832847977018, 0.9769713437748854, 0.9353261175886334, 0.9499120015323497, 0.9614173258347616, 0.9654176835538902, 0.9637204457008101, 0.9392879467966406, 0.8802974398148868, 0.9396044494879551, 0.9476678752622186, 0.9263945066053741, 0.8621551622431441, 0.9572043276405925, 0.9232004404494139, 0.956226293979677, 0.9360450196820768, 0.7206831278557755, 0.8180094361307431, 0.751695455336457, 0.8353868752223784, 0.8638120469649457, 0.8704352779114932, 0.8509501546272314, 0.8604512063460183, 0.23791024886027126, -0.6115945034253029, 0.9532888661736828, 0.9274410429901206, 0.9288483566320505, 0.9411156213287131, 0.9490240072431982, 0.9613393629652641, 0.9613911829421814, 0.9166591433689565, 0.9545519821118835, 0.8078096354882762, 0.6214117755769285, 0.9155726142382153, 0.9317063872926579, 0.7352683711368574, 0.91943155143903, 0.9407586497232948, 0.806923756622828, 0.9694720042388123, 0.8353757872218033, 0.6176078121208383, 0.6873376201679043, 0.845308737680169, 0.8351165289590398, 0.8332155170154141, 0.9770941110236449, 0.9773372572035359, 0.7132329461445321, 0.6730115264455948, 0.7858140625989164, 0.29619394820126416, 0.7612254002046235, 0.7885633466370316, 0.7847320989218077, 0.7836095787245225, 0.723825950083464, 0.7225339821536503, 0.7002504958903905, -0.27212192387969103, -0.418106331163647, 0.624362363973217, 0.8834251963847942, 0.9279461544261146, 0.9378647404041252, 0.9115117025004946, 0.8129145025850417, 0.907776098690407, 0.929808736592209, 0.9294629038027975, 0.7551058887178111, -0.12562855466184752], [0.9946958569756921, 0.9888681403336222, 0.9929614002323424, 0.9954171814633831, 0.9981202649401812, 0.9897087166342736, 0.9990711249120012, 0.9996632876792352, 0.9998372217283826, 0.965820569513303, 0.9996559084833874, 0.9996482190527242, 1.0, 0.9996848226939244, 0.99967068239353, 0.9991210524372137, 0.9989179087886537, 0.9994738862201927, 0.9994667069247617, 0.9996654527115291, 0.9996394810462244, 0.9928010926037106, 0.9773080482786042, 0.9957822087088675, 0.9956718311918922, 0.9840682085213975, 0.9767655339539586, 0.9449288777425102, 0.9885550321655924, 0.9923449505525036, 0.990781599120589, 0.965862828970036, 0.9987629174395757, 0.9990715903160787, 0.9992658740666434, 0.999920094270646, 0.9988294261263807, 0.9990458461118521, 0.9985972294329827, 0.9979489007882638, 0.9987551010700244, 0.998681125678348, 0.988329326300009, 0.9302456570265393, 0.7166717802367433, 0.9357664688155388, 0.914138406890299, 0.7826693172686888, 0.9531095284751845, 0.9292995519042414, 0.9541196558772953, 0.9486228638923081, 0.9417890626928117, 0.9765225741968624, 0.9748579310153463, 0.9586972351490088, 0.9495856286116702, 0.9616950712794539, 0.9646753940171071, 0.9635382788873482, 0.9628451911410679, 0.884383623022932, 0.9366024127702074, 0.9460173500784571, 0.9457308395789431, 0.8602896344221591, 0.9575201155857777, 0.9349479930277167, 0.9581143138996987, 0.9567494593808353, 0.7251711974542999, 0.814934211395966, 0.7771759999622528, 0.8329740183662554, 0.8652634323506698, 0.8695199669450149, 0.8591472343313986, 0.859483110110656, 0.2224382277874206, -0.6061117524408477, 0.952374657692701, 0.9271233224848704, 0.927757162477032, 0.9615419098691197, 0.948409949514533, 0.9601033394426831, 0.9601094817083276, 0.916397387102482, 0.954883399939139, 0.8145222904436734, 0.6218590805348182, 0.9161133638001545, 0.9324012961967708, 0.7323906881651898, 0.9174805811874113, 0.9391180263845288, 0.8078700427143749, 0.9721380927525096, 0.8293750651160054, 0.6093151742456188, 0.6827540803809479, 0.8364564371570093, 0.8297520060449737, 0.8250767075393683, 0.9790044026616883, 0.9792053460608378, 0.7039964956941864, 0.6675409592441376, 0.7650475013668427, 0.2958938046509102, 0.7511948914640598, 0.7772034814015752, 0.7537582977805202, 0.7725116946542349, 0.7215180851940848, 0.7123214671669249, 0.6902996656162378, -0.27884529264631774, -0.4232313634148896, 0.6239398588066853, 0.8811851716761857, 0.9293421074176966, 0.9332902112654775, 0.9106752926620105, 0.8050479874651718, 0.9014175931674614, 0.9226985215869655, 0.9230346350022537, 0.7489233524630186, -0.12389821087160445], [0.9953859439404282, 0.9889172260444857, 0.9911891906589579, 0.9959134242905946, 0.9983200768755321, 0.988668705613104, 0.9990266023159717, 0.999997868363674, 0.999989996274971, 0.9666234453361393, 0.9996639678978458, 0.9999976543055838, 0.9996848226939244, 1.0, 0.9999886296689735, 0.9986500182182685, 0.9993364648590356, 0.9998922633306733, 0.9998914656626958, 0.9999589143898946, 0.999992359594344, 0.990936252520947, 0.9758631628086187, 0.9942862383376495, 0.9941285891510326, 0.9841478992089845, 0.9741565415829778, 0.942586697123055, 0.991888712209051, 0.9946474731070597, 0.9915969335285474, 0.9680331542971232, 0.9994446220025472, 0.9994960603179216, 0.9996252120873598, 0.9997068241297125, 0.9988354020908462, 0.9994220941936293, 0.999182446870161, 0.9985786683861636, 0.9995120553949698, 0.9993773212938896, 0.9845229081264149, 0.930101407350646, 0.7202265053888401, 0.9357425420485007, 0.914170940239601, 0.7827587731306258, 0.9573871926147538, 0.9360152844940067, 0.9590437801375793, 0.9516980882737386, 0.9454054092608691, 0.9798915563070167, 0.9767470535917255, 0.9353418063090952, 0.949813503462384, 0.9612824715880292, 0.9653154838785433, 0.9635765665833139, 0.9387264232405889, 0.8802998991255657, 0.9391301318376987, 0.9472948560679524, 0.9261937153595464, 0.8618053805988978, 0.9572520637298969, 0.9233597917298665, 0.9562115581007499, 0.936099714591088, 0.7209116975585996, 0.8174231953994717, 0.751420154443785, 0.8348575515913467, 0.863609572078597, 0.8700978466886857, 0.8506758870019412, 0.8601719951681803, 0.2378883297835379, -0.6114264565440426, 0.9531020521930212, 0.9272022661866065, 0.9286555234969125, 0.9389577564687928, 0.9489463323031024, 0.9611586785681023, 0.9612068260046704, 0.9165727570530205, 0.9543920827339315, 0.8078035798909196, 0.6212333363188047, 0.9160642789727658, 0.9321027749628283, 0.7349122869252154, 0.9192427291743293, 0.9406009528130456, 0.8066310094154864, 0.969661364702746, 0.8349990887268894, 0.6164758966999151, 0.6865349270100275, 0.8448930241566117, 0.834748391684307, 0.8328474916166001, 0.9772312052720253, 0.9774706630713603, 0.7121125741062178, 0.6719739903435941, 0.7852534207321455, 0.2956192728868514, 0.76053308114815, 0.7878291544145247, 0.7843568307248889, 0.7828213791768647, 0.7233102617960094, 0.7212492806164128, 0.6989721077964971, -0.27295576200770605, -0.41883881869796663, 0.6241022454289801, 0.8828404763643896, 0.9276972481477523, 0.9374440959852918, 0.9111295075342265, 0.8121790437623285, 0.9074809262487995, 0.9293515630420832, 0.9291368062255172, 0.7545704545346825, -0.12486067734589208], [0.9955194411764985, 0.989012798082803, 0.9911076465875683, 0.9960259706869449, 0.9983860296917011, 0.988783064617908, 0.9988038663111596, 0.9999818488897922, 0.999996432364557, 0.9661756584386304, 0.9996703279836328, 0.999984531155269, 0.99967068239353, 0.9999886296689735, 1.0, 0.9986508660490108, 0.9993740707942783, 0.9998884253348684, 0.9998885646831697, 0.999957066808709, 0.9999779834198045, 0.9908563309085117, 0.9758699540138766, 0.9927818942829729, 0.9928103419229161, 0.9842141932662648, 0.9738956312442161, 0.9425177011746606, 0.9919349176165908, 0.994245117607317, 0.9914452039075726, 0.9679133826708762, 0.9994832634168738, 0.9994802665868933, 0.9996104094678403, 0.9996973767649707, 0.9988535004229073, 0.9994251054226204, 0.9992113864265302, 0.9986311391428383, 0.999542395275407, 0.9994215263773083, 0.9843211597359304, 0.9301708506129159, 0.7208637745085631, 0.9357978343112047, 0.9144653102976065, 0.783070104816502, 0.9579821334756031, 0.9370786447012505, 0.9596918299759664, 0.9518894172315179, 0.9456012902365073, 0.980368488148068, 0.9769016313313692, 0.9361298942259738, 0.9502225294645499, 0.9616710390671881, 0.9654831276163626, 0.9639736046603524, 0.940029397311906, 0.8804458759799948, 0.9387075576489756, 0.9475855975059362, 0.9269244887116663, 0.8616715552644736, 0.9576441030745956, 0.9239805725591743, 0.95672764035033, 0.9370023921538195, 0.7206808191521564, 0.8170614792688845, 0.7523798039483405, 0.8343053156756897, 0.8635692824271609, 0.8695717553415491, 0.851134658528608, 0.8605686992750733, 0.2372557755845146, -0.6111092386561007, 0.9531461842914374, 0.9274161810969881, 0.9289065171424415, 0.9419175500077535, 0.9494327929690353, 0.9613021282268367, 0.9614121067018163, 0.916916957808657, 0.9547384855321, 0.8077232553576258, 0.620046734469282, 0.9155938052546406, 0.9317744557901908, 0.7339153474042981, 0.9188038830742338, 0.9401189791489465, 0.8057518370305999, 0.9692902416442659, 0.8359379890917376, 0.6161073526320354, 0.6855190876868255, 0.8453869734371977, 0.8351172254999469, 0.8335569758141332, 0.9770078302270091, 0.9772790050020834, 0.7107990552291724, 0.6697425716867138, 0.7863024962219862, 0.29403917348272707, 0.7607243300944814, 0.7881742481501296, 0.7855611921210658, 0.7829895048303743, 0.7215822583662446, 0.7190138919700141, 0.6967019105672684, -0.2721414189422434, -0.41810147547052817, 0.6241547186850008, 0.8820122656459612, 0.9282859294952378, 0.937951332187943, 0.9104186941575041, 0.8123540788208838, 0.9085114273138791, 0.9299332268095236, 0.9298220470755406, 0.7544721747098113, -0.125011902109941], [0.9965939410956788, 0.993676184461159, 0.9917328751893734, 0.9971163132158535, 0.9986484561084741, 0.9916744857712801, 0.9981653296364136, 0.9965003714392786, 0.9989935799798269, 0.9675030954275905, 0.9994274038428215, 0.9971322624709247, 0.9991210524372137, 0.9986500182182685, 0.9986508660490108, 1.0, 0.9990579708646852, 0.9989897186135923, 0.9989868739818282, 0.9988036851610855, 0.9985445940577276, 0.9923795361964279, 0.9785555076333818, 0.9838424000805728, 0.990194694498526, 0.9896318860833083, 0.975978161910551, 0.9497558421224905, 0.992929648785399, 0.9930236219159023, 0.990438839600265, 0.967912337803639, 0.9987930981779434, 0.9987192888861682, 0.9989492158277988, 0.9986687048809771, 0.9993944832565017, 0.9988661000559492, 0.9989126884096734, 0.9984043335079806, 0.9986808611919001, 0.9987441334937065, 0.9834026326408072, 0.9236089523884545, 0.7257093209485034, 0.9295718467394034, 0.9168927440091585, 0.7996468096954676, 0.9610050340520636, 0.9407953283688453, 0.9630927151019536, 0.9515281735285073, 0.9438348552493018, 0.9807512230260805, 0.9761676176295474, 0.9482432278184776, 0.9590482584595279, 0.9682831275291442, 0.9698990141923378, 0.9697507204295837, 0.9511190744743804, 0.8920074464696296, 0.942381