var element=document.getElementById("correlationAdjClose");if(element.style.display!='none'){var correlationAdjClose={"data":[{"type":"heatmap","z":[[1.0,0.9999951269734724,0.9870847242806645,0.9999390113726445,0.9992176107252011,0.9822392557262463,0.9978841769101123,0.996531160857073,0.9718246046205076,0.9966613652564668,0.9948878006523972,0.9941055146036303,0.9966132388161392,0.9966459205325561,0.9965711989112237,0.997837063779779,0.9982001883210451,0.9983334191644886,0.9970135165205362,0.9970256836797036,0.9969452535049264,0.9965919744740556,0.9889669005522739,0.9738802735265394,0.9914081734622955,0.95921969073432,0.9906168944525083,0.9888058021036452,0.9711363993075802,0.9559246818724481,0.9914653530713919,0.9932622932963401,0.9929043519091354,0.9803030704744149,0.9977955192558363,0.9978563608842776,0.9976852230321231,0.996711926409073,0.9956122398532077,0.9977615542843873,0.9986260669113627,0.998656120521553,0.9977977845561062,0.9978070669806578,0.9784404752483803,0.9343865637748563,0.9587469330905753,0.95237519842809,0.9514584900088358,0.9321650220918698,0.9654912552845156,0.9542458937155676,0.9674122872375914,0.9712736838773919,0.9598951928123062,0.9849479875694567,0.9832441915818336,0.9915058200727869,0.9937509714842887,0.9885294969494985,0.9843578433913411,0.9884624496991213,0.9877307460877438,0.988997220404772,0.9889054711619406,0.9529990023172912,0.9782606501085783,0.9767835741969103,0.9765755654819165,0.9368438710965177,0.9839529567105463,0.9806201681335518,0.9871953531110199,0.9866338588543897,0.9449955247425621,0.9074129992825379,0.8804353136751446,0.9211638989527124,0.9353819626439014,0.9338330768970762,0.9337308708254023,0.9327547411696429,0.7537891775286147,-0.5151387439003859,0.9816191500921224,0.9776829191937979,0.9754295276663875,0.989112232371472,0.9744829834977112,0.9849731497360716,0.9849811069213539,0.9431122285953729,0.9859711798539627,0.9456872664065595,0.823243805040372,0.9281157491678648,0.9404277828486352,0.8396482719963536,0.9592682521841914,0.9598826652730437,0.9043958426630145,0.9703795599963968,0.8946146743115615,0.5590332375741546,0.7358566002890796,0.902110774910149,0.8751241017700712,0.8936641356592778,0.9773303397062183,0.97748319826582,0.7926986154931487,0.7650456667587482,0.8245662337396584,0.4871648379850743,0.8110615657448492,0.8285931469151151,0.823674237726457,0.8177640333249191,0.8031455249945775,0.7580752874594266,0.7435054153992029,-0.3055164579046318,-0.44594087644271585,0.750554764087417,0.8937267629193414,0.9285932978450488,0.9418986280112182,0.9066007909493824,0.8363137330778005,0.9105953151845194,0.9226509041132771,0.9224595572126221,0.8610033523120316,-0.11496266454934795],[0.9999951269734724,1.0,0.9914170674527798,0.9998753490327621,0.9983484754246738,0.9896555282723334,0.9943118605215518,0.9923957537857453,0.9888281999644366,0.9923978442949533,0.9924322804109595,0.9935005653285685,0.9924696772164598,0.9923941221114715,0.9924441566157814,0.9943508118519467,0.9963978162434461,0.9958911706080206,0.9940595503479939,0.994066279706845,0.9924334631958868,0.9924753920415137,0.9932386458243553,0.9795887129151725,0.9896597597885308,0.9834631066749474,0.9897648303200987,0.9887891307960013,0.9824599179590787,0.9432371109244261,0.9893417346325699,0.98781545554488,0.9837895086549284,0.9485499478423358,0.9952354446430013,0.9952008245523849,0.9954305090899234,0.9927383672506185,0.9950807703139765,0.9954508986415206,0.996632621498675,0.9968298992393346,0.9954381609640818,0.9954477775756081,0.9922785142541447,0.9342072452662867,0.9152410816342431,0.9523432766403355,0.9515600650928884,0.9321504755060995,0.9069053921382323,0.9409160981017969,0.9086277480918429,0.93552957288686,0.9070399016463758,0.9633285792320966,0.9633218709205909,0.9768272262913071,0.9852093200576947,0.9856542994632933,0.9866862931073646,0.9806804808588996,0.9842805220070732,0.9817420133170929,0.9816368409612237,0.946673878885703,0.9677939739727001,0.9381200863974806,0.9377846434063548,0.8742196217905059,0.984225923746344,0.9852484878088633,0.9853961026940499,0.9850660052718748,0.9608942363798468,0.8361407776393431,0.8091411257509208,0.8779146385108737,0.9249232200797683,0.8923007569597727,0.9090096851418265,0.9081615983804737,0.8096065374161953,-0.04267670054663823,0.974206720662229,0.9762119307209476,0.9739261510117415,0.9859903981317742,0.9700727360726528,0.9762311302524826,0.9756864155282235,0.9368948024757325,0.977322819752563,0.9383855010024748,0.7714639186462287,0.9279030151640912,0.9287809832767887,0.6350973157540245,0.8744033376235564,0.8779054504991938,0.7789747720462007,0.9703398255838552,0.754294661720177,-0.334870146245241,0.2865773177195204,0.7789690241638272,0.7317543578801444,0.7720427061019571,0.9718163589026511,0.9718382366347419,0.2512062559471099,0.4233752663720495,0.2592306208998617,0.23010963430349002,0.25191388525309555,0.2640178887240025,0.26094716146667135,0.18109366359049048,0.5954654545712402,0.32907999292046536,0.2790705796095692,-0.4373158561162445,-0.4880891655991019,0.7508288812672441,0.7780213195102007,0.7999110944097443,0.8660852545731117,0.834399878153553,0.6436138565866146,0.8001083316482743,0.7955594061056244,0.7946225538768913,0.4749673193958812,0.27183929125326795],[0.9870847242806645,0.9914170674527798,1.0,0.9882655639427982,0.9935435494232635,0.9913638536411687,0.9891754081464594,0.9900242692646817,0.9916585553539421,0.9925837127925768,0.9964889381436375,0.9957100986585345,0.9898652196592165,0.991866865261911,0.9900764911025354,0.989618306701763,0.9907839551462827,0.989798731739657,0.9886758713496259,0.9886455381118657,0.991494224429382,0.9898993142023398,0.9954836753942363,0.9862677154422278,0.9914139847795901,0.9819670604065786,0.9920763516212489,0.9895707367949064,0.9877581534558667,0.9635275553906556,0.9679024876593706,0.9724226534613631,0.9771435869721865,0.9589469854858274,0.986605276819426,0.9897355407836929,0.9881388356761341,0.9916357960106184,0.9946664172086837,0.9905976645019876,0.9848052938344014,0.9878537394181706,0.9870277113483639,0.9864143891983257,0.9930966015053888,0.9305411273140136,0.944460160859385,0.9592392199795259,0.9455161131993035,0.8999939083720779,0.9240760209394328,0.9120961791366884,0.9270120550946918,0.938106934296741,0.9208446934674701,0.9512426374993659,0.9617233055558009,0.9691570658138144,0.9760324448617005,0.9480297184220383,0.9710129622694967,0.9699815882718801,0.9757615372424607,0.9701860596656716,0.9478482577623636,0.9306858938048334,0.9568769664208572,0.9476862400056282,0.9313788966057017,0.9041123879620953,0.9762519856796211,0.9572603612877743,0.9689197751439321,0.9496597506013972,0.8605177713794986,0.8797397004841904,0.801843303656239,0.8945070384199928,0.9131109367205047,0.915670758376899,0.8837036425234188,0.8978241311199887,0.4945026593967119,-0.4958821032920221,0.9675713712637003,0.9574630816333642,0.9568326676407215,0.9479776408711432,0.9623038645156088,0.9698241202829166,0.969554908280514,0.9380841255055101,0.9659300966811925,0.898975264611557,0.809666668348818,0.9592611879541191,0.959252472561789,0.8251675414675163,0.9477695037320288,0.9491654789023534,0.8775171170387779,0.9808598949891063,0.7748125394123137,0.46360496008412044,0.6823897827556966,0.7986422279612461,0.8033965722669709,0.7795142096537641,0.9824657694596411,0.9824620054879748,0.7265240730314234,0.7176277219418329,0.7099261230031935,0.44147620579933494,0.7147786615940276,0.7172385536208443,0.7226943753833782,0.7181175962914447,0.7694995299933405,0.6973819640836488,0.6819979726512636,-0.35961655424563194,-0.4998400753721177,0.7251942972424371,0.8582023867357679,0.8752112550631256,0.8888797409807732,0.8803549856827936,0.774073216174308,0.8588876335212814,0.8659355051129288,0.8720190772140793,0.7406140332481249,-0.03887463584798568],[0.9999390113726445,0.9998753490327621,0.9882655639427982,1.0,0.9994241545065996,0.9832317295721622,0.9980794609882379,0.9968815574178493,0.9737239889690907,0.9970596504117571,0.9955186403718403,0.9949116709311956,0.996947969768971,0.9970617474292739,0.9969212285172171,0.9980589575745982,0.998482490336758,0.9985508240299715,0.9973173613771893,0.9973267267515271,0.9972829359581135,0.9969300480103634,0.9900012903821537,0.9751034677539552,0.9922327133297073,0.9614430804914912,0.991533470058318,0.9903157028403167,0.9728683277508844,0.9569751950803507,0.9908349424050301,0.9927917054081439,0.9928237402161307,0.9799357754971469,0.9978476725129237,0.9980257669119633,0.9978641522424667,0.9970949356042513,0.9960692189485402,0.9979638237732196,0.9985207413870634,0.9987203653215551,0.9978468913595069,0.997853170626381,0.9800116909699114,0.931551181101248,0.956947637897893,0.9520460961148929,0.9494427265073098,0.9271722471610998,0.9628235200713104,0.951261992139987,0.9646647108825974,0.9691559368091938,0.9574732985004204,0.9830438424842782,0.9819552495972614,0.9907227080672315,0.9935319080571454,0.9873647423275406,0.9833775210732321,0.9874753024915806,0.9872183403244142,0.9879439869616984,0.9878479449100317,0.9458159775109173,0.9772129513392775,0.9756536730470443,0.9754450149760189,0.9331793990437125,0.9835444376992638,0.9783267985379023,0.98602826210871,0.9854395655869693,0.9295237339502613,0.9062408906097353,0.8774383914387477,0.9197778526216157,0.9331137342830028,0.9334621061970615,0.9317595313595024,0.9308201783605645,0.6778931059583875,-0.5145845782373224,0.9809205224981828,0.9766083607738283,0.9741723673973085,0.9879523247596308,0.9739431217856053,0.9843684039362763,0.98437643499477,0.9428127058658007,0.9848347383898403,0.9348059414989577,0.8262037639243377,0.9322550645940673,0.9437907267771426,0.8410196004889451,0.9603376208489348,0.9609767983327313,0.903996839111336,0.9714076560215653,0.8886675852557141,0.5555176944035963,0.7342303065612834,0.8967791568823237,0.8714711632533825,0.8880616890862796,0.9780361240339838,0.9781929936062872,0.7915901161738111,0.765214345223075,0.8167792367997361,0.4885864614990213,0.8051681679673528,0.8205388669057965,0.8155511507734248,0.8123813752153433,0.805125775697911,0.7579896645755693,0.7434830970896756,-0.3009159491453851,-0.445218506166832,0.7494801835087235,0.8921829390308971,0.9267899132794233,0.9401305417343938,0.9056346089340461,0.8337679591712069,0.908655386977701,0.9204684831859935,0.9204265250130667,0.8543432382866633,-0.10817624403376558],[0.9992176107252011,0.9983484754246738,0.9935435494232635,0.9994241545065996,1.0,0.98526691038222,0.9989854909835958,0.9986145911561393,0.9843845428851611,0.9986129857717646,0.9982614703700218,0.99816879170161,0.9986254098412395,0.998643395945297,0.9986449651814849,0.9991033987359689,0.998917805282826,0.9992517600680941,0.9988565547991379,0.9988570467789485,0.9986772981695773,0.9986292136707353,0.9949783176470031,0.9816918654189912,0.9955074284388252,0.9762651420891589,0.9955295764293487,0.9930431865017441,0.9837104327885201,0.9594155983139194,0.9888539371179468,0.9916403101898239,0.990567681005567,0.9734789346060713,0.99882805759522,0.9988998755317068,0.998940124468281,0.9987410554293232,0.9986453179602395,0.9989011594230967,0.9989507815333707,0.99916826256807,0.998861499634583,0.9988614729002365,0.9882971379016053,0.9395462815856146,0.956376917465803,0.956828445715233,0.9480685622347523,0.9227046382591343,0.953744553272663,0.949722588354345,0.9578711869304499,0.96432139298714,0.9528026894429518,0.9819300353039272,0.9818831598848686,0.9911948947277098,0.993523062990065,0.9837543220730384,0.9775139037771616,0.9817460865542387,0.9836030802326966,0.9821774422671623,0.98204185379245,0.9424756491219285,0.9696931329281391,0.9601659187319826,0.9598841158395577,0.9066871474559709,0.9807468761679176,0.9770736972889376,0.9823920820601593,0.9816995091591428,0.9424574160056326,0.889594630747273,0.8602905881047651,0.9067738566020446,0.9376865115023033,0.9256190847357718,0.9311296896832051,0.9304125891717816,0.8016323544209628,-0.4985564146176389,0.9751530228292268,0.9667999780980879,0.9654636329104577,0.9845041153196855,0.9646456485178968,0.9783868771426985,0.978127860732721,0.9346794520026431,0.9794395677063689,0.9360520737849785,0.8172116612881152,0.944444090731806,0.96119485228015,0.812589888470119,0.9505548786766597,0.9517027488097569,0.9000351534408524,0.9757269155254462,0.894412789906882,0.39229949469888337,0.6850787965952344,0.9003628359003518,0.8578748710601228,0.8968478162431479,0.9813868886082415,0.9815113209880063,0.7621286202399148,0.7518209361386494,0.7658773462806949,0.4694118346451685,0.7282586921118029,0.7697849448774743,0.7659607827705841,0.7320603910196071,0.7949356838719003,0.7462958275688913,0.7309303727495483,-0.4932674709043534,-0.5765784111307894,0.7433906192459031,0.8890770605463,0.9171202193155996,0.9391660294804731,0.9056802309800704,0.8211783868008172,0.9049278864680584,0.9122212091426944,0.9117761110139143,0.7997312329981159,0.10208589443792641],[0.9822392557262463,0.9896555282723334,0.9913638536411687,0.9832317295721622,0.98526691038222,1.0,0.9783774212788862,0.9799605068720655,0.9939262209360072,0.9794211314986401,0.9760535222175095,0.9754740439671179,0.9797584158569634,0.9802086765881792,0.9800311598593124,0.9796730815391483,0.983640469617137,0.9804756226024789,0.9802704844664601,0.9802348728559112,0.9788544196112344,0.9798694513036376,0.9933142088739946,0.9938050927535245,0.9825935247453926,0.9888609677834702,0.9832099896855153,0.9776919854737193,0.9885744924355226,0.9758329303921046,0.9542175317921207,0.9608170989660133,0.9717203806649306,0.9642953972273305,0.9780427928318651,0.9785856952091416,0.9794649051181052,0.980702877821537,0.9764535931034636,0.9790855562004654,0.9774761214800778,0.9794200066733768,0.978380844713996,0.9783503235860816,0.9962614915502711,0.8966864915204718,0.9350934443410286,0.9423302811820023,0.9507794200777342,0.9135854079850605,0.9165965381592112,0.9127009497795773,0.919764962183615,0.9401209274488552,0.9181997418935242,0.9465506356230703,0.9535057128731346,0.9604249144654979,0.9639910573692005,0.9737555409060014,0.9896678462975613,0.9773632270256746,0.9866371559158454,0.976960661533996,0.9765179661567271,0.9785546598140913,0.9759638280271049,0.9597022881209067,0.9593347324926425,0.9533464644428334,0.9850767737446567,0.978411220321211,0.9742463615275867,0.9732365436672002,0.9712545557440253,0.9198917118898118,0.8812898373801129,0.9332378700062965,0.9320670933755864,0.9414412914557099,0.9230410646376492,0.921239019355672,0.795663385128692,-0.4452280726908308,0.9854175635725284,0.9874435185376177,0.9842879745649051,0.9745434393840141,0.979457025099473,0.9839005499871807,0.9835781055731009,0.9725987435758635,0.9743635956904989,0.9723816801074077,0.825987582794012,0.9076159659698756,0.9608496386049172,0.856082561557883,0.9469766538132821,0.9479007489560467,0.8636285298775657,0.9578355061344143,0.8267379196340428,0.46810200584872835,0.6938296621171389,0.8368658956065261,0.8174793978981345,0.8270161500677139,0.9569556323908037,0.9569433062234165,0.7401476832870069,0.7377165448218144,0.7451582226375085,0.4903169970588922,0.7467030398137999,0.7501102782946825,0.7438435989936778,0.743566814879153,0.7799845062149,0.7113331661368448,0.6998700825511098,-0.3254114071433948,-0.4551203663692873,0.7578312870014163,0.8512536437290223,0.8595654628784413,0.8822192293214495,0.8592307064548255,0.7887130621030911,0.8449872662392998,0.8525563383191103,0.8524698188345123,0.7988325076247301,-0.061634982300967533],[0.9978841769101123,0.9943118605215518,0.9891754081464594,0.9980794609882379,0.9989854909835958,0.9783774212788862,1.0,0.997752207092268,0.9564955206184743,0.9996545388841591,0.9996340773545036,0.9996660429807512,0.998586457831576,0.999523762836459,0.9992765191579369,0.9998957666890396,0.9969648226443283,0.99990678552602,0.9994542595704119,0.9994593011904535,0.9997451794419521,0.9994037397706023,0.9905814335545206,0.9742464230629838,0.9868539383991554,0.927007217764701,0.994044006107047,0.9933938302228169,0.9739162063845368,0.952070616293552,0.9914233971836209,0.9921094403780636,0.9941794440024428,0.9778841420874067,0.9991171392007523,0.9998702668125085,0.9997483562004948,0.9995194967333806,0.9998044059717386,0.9998585429417777,0.9986805441476542,0.9997653425658053,0.9994592784801594,0.9991545098851289,0.9791165095996446,0.9452608469480503,0.9584582377273102,0.9588925379269715,0.9469168000999595,0.9206279573333831,0.9600000502397666,0.9509690796023117,0.9624055655197346,0.9669198725683256,0.957405462421572,0.9829286793967493,0.9832571475722823,0.9926519523040769,0.9963196349747854,0.956275006379415,0.9649611971864465,0.9742886105345623,0.9752209997485454,0.9757016107989929,0.9562897434715614,0.9041397033930386,0.9602889510230558,0.9633791111810489,0.9480792037968375,0.8889918350158891,0.9712676686102264,0.9493145765551132,0.9722076141641288,0.9566400970473508,0.8172086478246438,0.8803543829773133,0.814539651160831,0.893151448216512,0.9096547381974933,0.9137200031246309,0.8953797724758701,0.9061072398710525,0.4377901075191683,-0.5512429378949931,0.9653990098395279,0.952374379089506,0.9523036667419232,0.9575805010669897,0.9597885887524189,0.9713939356751092,0.9714900439354522,0.921729497509269,0.9703279417833786,0.8660239930407991,0.8106325760974302,0.9448896708372988,0.9415680562697594,0.8270795411835306,0.9578656500052001,0.9586202628765823,0.9046626410995422,0.9753302517927508,0.8338089970992978,0.554922813155048,0.7295728873045507,0.8588209726931427,0.8548430127441556,0.8402763295995905,0.9819453221214945,0.9821282118533166,0.7854341431236982,0.7499293493399521,0.7828767371867981,0.4628285116056364,0.786063897005526,0.7972432436135551,0.7876282333335043,0.7969070273158974,0.7931337930058743,0.7535731010604672,0.7372203282955941,-0.31239962910867475,-0.464675074726987,0.7529716700979293,0.8946558075873435,0.9214077477866399,0.9424428545047359,0.9130596431292038,0.8364440288260689,0.9109096625923669,0.9265407226182191,0.9249587608137921,0.7845735951542641,-0.08229886322155056],[0.996531160857073,0.9923957537857453,0.9900242692646817,0.9968815574178493,0.9986145911561393,0.9799605068720655,0.997752207092268,1.0,0.9668450059027311,0.9999998436500983,0.9999993910351085,0.9997970480031236,0.9999971571977774,0.9999935773818163,0.9999984301140804,0.999399529056091,0.9923497279320872,0.9995231251603144,0.9999166428204277,0.999916328668343,0.9999687649761962,0.9999988611349486,0.9912084689830858,0.9761299619313645,0.9933651243676502,0.9407690308617217,0.9945409744872975,0.9920216879413362,0.9761473420370242,0.9519964330861578,0.9878075041664821,0.9937378022096939,0.9928727964930834,0.9752625465880211,0.99949961372525,0.999614902051944,0.9997083228572602,0.9997682886039282,0.9993658433843331,0.9995632344517689,0.998398382770225,0.9989757286554618,0.9995743370529673,0.9994511118454557,0.9809362459735869,0.9452225313925318,0.9563137845627675,0.9619664480450504,0.9466919218871624,0.9128121224479407,0.958254856382516,0.9468697218170357,0.9603540212742759,0.9620978669564039,0.9520473063032456,0.981004394702349,0.9806808606412356,0.9917341937010871,0.99661878232111,0.9522426640520048,0.9623421804536137,0.9697187355774511,0.973185682816054,0.9714472271266245,0.9550246623226232,0.8999589793556737,0.9570348255717158,0.9584630347429958,0.9439141926573787,0.8815396063447488,0.9694414864238814,0.9445358286720555,0.9680121219705397,0.9528890124639986,0.8082089945090614,0.8751912445045713,0.8111771334856055,0.8878150145157927,0.904407134543938,0.9107421181046307,0.8919874299212565,0.9009228147308522,0.4238847390311094,-0.5537908392469671,0.9626692777219262,0.9485401207001776,0.9484506547763051,0.9559962660644206,0.9570879493368126,0.9687601764485412,0.9688579206233346,0.9194851100874516,0.9653755474688617,0.8591129405455061,0.8085310632925456,0.9554475855686305,0.9509950184457395,0.8250475866391828,0.9579052864994778,0.9587903553702706,0.9022214905341913,0.9787331701448522,0.8359564751723201,0.5405825548068051,0.7214732864047432,0.8591768081024334,0.851555382188507,0.8417159148736113,0.9840195743704456,0.9841998911314642,0.777163431500228,0.7433262562642242,0.7835176358571618,0.45233994970587404,0.7810038688517377,0.7925165745913245,0.787432485928903,0.7912948797790825,0.7877895496140871,0.7482344419547788,0.7313931928522158,-0.3268952097656322,-0.47802341776379015,0.7430901543841585,0.887894988169102,0.9186652203361972,0.9352856930505277,0.9078023792016359,0.8266765484048682,0.9047066623515461,0.9203643224207002,0.919002735231395,0.7671733666119066,-0.06580290571916836],[0.9718246046205076,0.9888281999644366,0.9916585553539421,0.9737239889690907,0.9843845428851611,0.9939262209360072,0.9564955206184743,0.9668450059027311,1.0,0.9818838085838988,0.9867143593632798,0.9892419395435098,0.9704234293857866,0.9787425255759964,0.9752776466191522,0.9735202834218866,0.9507393676782376,0.9783563989074833,0.975892574330448,0.9758426566505353,0.9803815217971621,0.9751113878834434,0.9938693735385287,0.993963137421017,0.980142069341549,0.9903074472451543,0.9834041352116443,0.9921985208752936,0.9915601595352757,0.9718553351114113,0.9253435732733286,0.9469860805526071,0.9649682168084324,0.953309520005685,0.9696744796456397,0.9782826551023438,0.9748095589771809,0.9771474523158244,0.9880994117477327,0.9795717045593628,0.9663286723696127,0.9758991780773241,0.9706032937906965,0.9696012400373957,0.9991170711018887,0.9133359786484907,0.9301117736392469,0.9592716211307415,0.9501668656017243,0.8973908834350983,0.888109498282711,0.8900199210019973,0.8923286630348238,0.9227682546030405,0.9009872343945663,0.9293770553198767,0.9471169946802419,0.9520569416108353,0.9586597793882651,0.912883067842675,0.9730540884294713,0.9540830958133788,0.9712784525824878,0.9540269269170143,0.9134537448308028,0.9283535730842978,0.9530883435603753,0.9296182402082637,0.8967168602341035,0.8991665448684018,0.9724531801459207,0.9298533049759682,0.9499856577711899,0.9150039578265952,0.8542087489966143,0.8790223590266314,0.7666682789404383,0.8947345792712771,0.8984938872422387,0.9115176971070623,0.862103620085669,0.8804347687628444,0.4816509818409823,-0.4735328468927045,0.9648219941520008,0.9611872586934423,0.9589410602863597,0.910805733715219,0.956550291396558,0.9629842826813012,0.9625618371857063,0.9454004982992801,0.94949616256528,0.8944865549198848,0.8141626378362862,0.9460545783547281,0.9652678237057237,0.8342749914875915,0.9404398686096028,0.9418290597816782,0.854536393464358,0.967799832226259,0.7400041523389373,0.4241262433784275,0.6630003738647976,0.7740027932383942,0.7789813906229316,0.7521816527997097,0.9669838790317667,0.9669413399601235,0.7066579696061362,0.706790808393973,0.6741962498646469,0.44828618447324553,0.6951956444991662,0.693508697751896,0.6724581420894503,0.6947523756220428,0.7609188084183147,0.6888469009978158,0.6748295259685619,-0.3640295585383304,-0.5002018284322882,0.755605294066665,0.8415472659482126,0.8274740858105747,0.8627831294102619,0.8586554157287724,0.7648491895799954,0.8148185861003473,0.833971844544936,0.8275221327407232,0.7122493820017581,0.0004932369578459257],[0.9966613652564668,0.9923978442949533,0.9925837127925768,0.9970596504117571,0.9986129857717646,0.9794211314986401,0.9996545388841591,0.9999998436500983,0.9818838085838988,1.0,0.9999991960400791,0.9998013264717678,0.9999985911251761,0.9999926077431393,0.9999979924838331,0.9997185466985493,0.9980493423470785,0.9995243407456589,0.999896215630695,0.9998961382781886,0.9999800154833738,0.9999993958552105,0.9937059162433769,0.978007009242044,0.9964856800037581,0.9716717617449069,0.9965361342029806,0.9920336700914687,0.9804554800823883,0.9534611453089915,0.9898025631261068,0.9937572243342937,0.9907411490314125,0.9724267300327231,0.9995477518500522,0.9996110593347869,0.9996270133364142,0.9998519739409721,0.9993761702712818,0.9995702905286676,0.9986467475140768,0.9990229606831579,0.9995586683929827,0.9995544712961297,0.9854371983171578,0.9452728992236671,0.9563397215890872,0.9619601693134867,0.9467044173738409,0.9129024726912334,0.9519770303141073,0.9442700900280179,0.9555471040241836,0.960690792297929,0.950663774644103,0.9808183544208714,0.9807126527881692,0.9923750865379755,0.9964533143091721,0.9747023310979438,0.9623131085228848,0.97253256933143,0.9731697110414573,0.973128219362046,0.9729575590890601,0.930186135892942,0.9570322711399147,0.9511901682230663,0.9509007022853925,0.8953934411985826,0.9694164923626605,0.9679487392450503,0.9734996218724785,0.9726261135506239,0.9291760927698469,0.8751990778398379,0.840717352284522,0.8878209787195459,0.921865638771972,0.9117260153122557,0.9163880654025754,0.9157130399259401,0.760234689889165,-0.5469430413061568,0.9626559208846744,0.9485100485184468,0.948434406312956,0.9756163782240803,0.9526577298765335,0.9685194763148992,0.9682396499370634,0.9202168481659299,0.9697607043021506,0.9218243609573928,0.8085258086698515,0.9553456277629422,0.96163920650488,0.8123023926502817,0.952657187963712,0.9537472075051222,0.902294736456778,0.9780807289787662,0.9025196363976209,0.43550991464736455,0.7016198723803969,0.9083551471727115,0.8658503173286815,0.9047310840893112,0.9840099963850082,0.9841904997494996,0.7772337045223758,0.7434125484404626,0.780485414746567,0.4524358250806354,0.7437379803026433,0.7847437570124787,0.7804609849743509,0.7496463448817648,0.7878389054404848,0.7483286890586937,0.731488406950625,-0.5368900961137273,-0.6203180726661992,0.7432299352950289,0.8879992662108689,0.9204926314925684,0.9412572512540304,0.9079010366612376,0.8242385656826431,0.905555519866349,0.9150629461931373,0.9145734180693159,0.811368020189838,0.16082081686123634],[0.9948878006523972,0.9924322804109595,0.9964889381436375,0.9955186403718403,0.9982614703700218,0.9760535222175095,0.9996340773545036,0.9999993910351085,0.9867143593632798,0.9999991960400791,1.0,0.999799875620758,0.9999965845026562,0.9999953358644489,0.9999985093684365,0.9997060796755359,0.9978437268407794,0.9993142223637839,0.9998125617412343,0.9998126021516592,0.9999985395104145,0.9999985280457284,0.9933234174993316,0.9751202796736578,0.9957367245823072,0.9796032328566022,0.9962378156087178,0.9920470814542551,0.9827981351269316,0.9478730638423045,0.9896061409524398,0.9935897868728234,0.9856063072133201,0.9516933647114909,0.9993766759076194,0.999426543844329,0.9993776945817359,0.9999086564132182,0.9993624391310806,0.9993868249046304,0.9982140170182848,0.9987035969866197,0.9993588320434525,0.9993568909441026,0.9880844318012315,0.9450384833159585,0.9291359575407818,0.961933362036133,0.946657284488627,0.9126823126101014,0.9278690445046763,0.9199790815747109,0.9316851312862281,0.9394260201522607,0.9265583398541183,0.974993560438333,0.9749743109548292,0.991518754143795,0.9951188402550151,0.9678054811986759,0.9624539464474221,0.9609113202917619,0.9652757824199196,0.9619244197086655,0.9616898136801756,0.9098515223795907,0.9475938613003069,0.9170720598672253,0.9165273938545401,0.8357425716626203,0.9679869077259733,0.9726386166857798,0.9695939074559046,0.9685450928198693,0.9246131168933815,0.8236000094133609,0.7935240622188814,0.8587462733846585,0.9066984875954806,0.8806209010023677,0.8935950278315579,0.8925038081120658,0.7677059442802183,-0.31941565700190006,0.9518660093332524,0.9486754430667846,0.9485630921594721,0.9687500904390107,0.940522018879054,0.9540964710196552,0.9535091960452886,0.8979833390398343,0.9563275230433541,0.9013752551403647,0.8086841745946621,0.9556040864828349,0.9661585825695765,0.7254381328805561,0.9189566110095545,0.9212999971659018,0.8629602638057191,0.9860383244892446,0.8512392600227875,0.08747488145353952,0.5622568026927708,0.8628511064217985,0.833393709831967,0.8581966732547621,0.9867801000173617,0.9867858360461079,0.5602813050625937,0.6665308519078763,0.5675563968922979,0.45239122624350053,0.5380380406932805,0.5766273177705689,0.5679926064389859,0.5075529844759061,0.7782525688721131,0.6301576335896104,0.5931671856440653,-0.4959208946719318,-0.5561676768008318,0.7427875767739784,0.8701385803200303,0.881878771833922,0.9174351747882024,0.9022614349673695,0.7150075914531123,0.8656974363071526,0.8765247758404872,0.8759214059396513,0.6427827344374912,0.11848402207863515],[0.9941055146036303,0.9935005653285685,0.9957100986585345,0.9949116709311956,0.99816879170161,0.9754740439671179,0.9996660429807512,0.9997970480031236,0.9892419395435098,0.9998013264717678,0.999799875620758,1.0,0.9998131782877084,0.9998009266144757,0.9998053013217651,0.9996941437376979,0.9984344696333481,0.9994853898759971,0.9999744674032365,0.9999742650978721,0.9998048989428,0.9998092146074041,0.9930828343721174,0.9730769167536333,0.9946352660780695,0.9799488874510137,0.9952848946310634,0.9939135494735176,0.9790739745388614,0.9318674548733668,0.992460172439013,0.9948758321425751,0.9822088267992154,0.9370654749564616,0.999507991980875,0.9995473440763321,0.9995115399519299,0.9996516381022321,0.9996688981062276,0.9995247954365754,0.9981288247637692,0.9987325998299522,0.9994939879014951,0.9994912601361674,0.9895023109067599,0.9412882422206394,0.9193050846742892,0.959117777003166,0.9448403230465481,0.9124228000932639,0.9001060855234133,0.9318458086789376,0.9030131073902475,0.9215046166315546,0.8987796419664559,0.9650738386547965,0.9650638731710073,0.9840436646923127,0.9949728586751779,0.9670570019398277,0.9669135443654807,0.9566851965817468,0.9635900946706916,0.9586296935524047,0.9584413934916829,0.9114606454084448,0.9393475741906103,0.9018448347146716,0.9014282838741314,0.8243618115426162,0.9676622275088153,0.969382473662384,0.9693723575017972,0.9687302235302959,0.9323463286998117,0.7878964178907726,0.7574335858423965,0.8334209690606006,0.8902867596836468,0.8541110513636228,0.8729291377468923,0.8722439073634636,0.7579569406677792,-0.16586370010280405,0.9467353350262164,0.9502251830391321,0.9463723696404672,0.9676178360499059,0.9409354449382181,0.9496019029835656,0.9488292654746651,0.8981736218470274,0.9513912117515073,0.9004416246423561,0.7714157127759346,0.9535601241231156,0.9485364512788287,0.6252454725054792,0.8747507271309247,0.8785994534523991,0.7741625728096159,0.9809138843325923,0.7517826823357547,-0.27566403248262483,0.3178628270535065,0.7740684565705338,0.7321384073576035,0.7680154515658001,0.9819866608231628,0.9820663173481181,0.2791671303412711,0.4373773495657416,0.2855519605060666,0.2569882828999889,0.27730947008133394,0.29147188402393054,0.28898395237003394,0.20607385343802073,0.6083991561388482,0.34679323375280546,0.29532802968181016,-0.5029794760229569,-0.5526080293469092,0.7424017215618722,0.7810369101408801,0.8028330349910483,0.8678660580088576,0.8421834212882436,0.6316895166191383,0.7969492070987771,0.7985252480448001,0.7976218774557491,0.47697065780618764,0.3030740768827224],[0.9966132388161392,0.9924696772164598,0.9898652196592165,0.996947969768971,0.9986254098412395,0.9797584158569634,0.998586457831576,0.9999971571977774,0.9704234293857866,0.9999985911251761,0.9999965845026562,0.9998131782877084,1.0,0.9999919650663635,0.99999771680886,0.999441260816851,0.9938795696242514,0.999558472674339,0.9999260446855474,0.9999259109066971,0.9999753450200319,0.9999990343732611,0.9910801988984879,0.9759203087526915,0.9940084810417968,0.9456062206250796,0.9944874283130901,0.9921173931779631,0.975933164843293,0.9519040780836077,0.9887222273735723,0.9938306097790172,0.9929558078192386,0.9753808492633791,0.9995419480866644,0.9996518844121256,0.9997367726889693,0.9997658979351808,0.9994146513807624,0.9996007530080117,0.9984794470543479,0.9990357715517754,0.9996159377185029,0.9994937268489209,0.9806777944886843,0.945435252824379,0.9564471630579416,0.9618852402984043,0.9467168072011934,0.913288614416099,0.9586054908667339,0.9472393166596311,0.9607054831013553,0.9623931831859392,0.9524161323767617,0.9812533292855398,0.9808566514561278,0.9918616400440765,0.9967098529664301,0.9524626768365192,0.9623182838330552,0.9698452305560693,0.973196580181022,0.9715731855677167,0.955193953141598,0.8998235301691548,0.9571182376687296,0.9586863981934495,0.9442030625274815,0.881564573917502,0.9694183054084418,0.944637528315768,0.9681272242686654,0.9530942006462247,0.8080562043830888,0.8753406727785464,0.8115435966510544,0.8879594263230054,0.9045566204408465,0.9108092958104178,0.8922494277886436,0.9011685810511586,0.42390010048353693,-0.553956903390171,0.9626998141987334,0.9485815936865691,0.9484920531416428,0.9561759800381693,0.9571095315449123,0.9688118771776727,0.9689107633640242,0.9193767453118988,0.9655207294496757,0.859012126526449,0.8085552852391638,0.9549668027338603,0.9505159568868453,0.8250201073758264,0.9578975357388876,0.9587753755954548,0.9025612243314788,0.9786054883846075,0.8364696175235805,0.5417121278474747,0.7221018875535247,0.8596707980013779,0.8520886586405545,0.842218313446533,0.9839673153070927,0.9841481010432243,0.7777614213693774,0.7437938157723503,0.7841488407819558,0.45288714650429973,0.7816644635852079,0.7932166554199637,0.7880807099663515,0.7920062055511365,0.7881082764962135,0.7486847058086755,0.7318553186638732,-0.3260177970267179,-0.4772571090462135,0.7434072350316369,0.888398965062106,0.9191610321424407,0.9358162090652018,0.9082742567748521,0.8272178286193469,0.9052930493510414,0.9209605369492775,0.9195924729005327,0.7678419437029959,-0.06684855383418199],[0.9966459205325561,0.9923941221114715,0.991866865261911,0.9970617474292739,0.998643395945297,0.9802086765881792,0.999523762836459,0.9999935773818163,0.9787425255759964,0.9999926077431393,0.9999953358644489,0.9998009266144757,0.9999919650663635,1.0,0.9999956352988535,0.9996170347403885,0.9980301877316781,0.999522028762527,0.9999129032260085,0.9999119163966997,0.9999589122208947,0.9999923632062125,0.9929147330687026,0.9763670512356302,0.9961871324166746,0.9658231927121177,0.9959557732598497,0.9920285313623789,0.9764404271117921,0.9521643046461268,0.9891793807869576,0.9939207064560943,0.9922851517289455,0.9750041863014878,0.9995298601414461,0.9996084304016258,0.9996635696163885,0.9998999457391866,0.9993849265738949,0.9995542160560463,0.9983809861020655,0.9989680166458353,0.9995544716280296,0.9995481594444059,0.9832571187492647,0.9454147028657198,0.9562709376132718,0.9619673132902253,0.9467395040544507,0.9129329258866453,0.9546891452515955,0.9415708084324285,0.9570428741406758,0.9619096828926736,0.9518031357087631,0.980132433410916,0.980560933145156,0.991261031357359,0.9966875396018597,0.9757124980539879,0.9620831690337539,0.9743416870985708,0.9731925318273887,0.9752659929494574,0.9750953999487589,0.9388497068693895,0.956813722440915,0.9572046152212697,0.9569338844450259,0.911943659859915,0.9694460700373353,0.9706406023311059,0.9753492100116516,0.9744186474465689,0.9364758628288515,0.8750396761826909,0.8455804589365463,0.8877158355412652,0.9141996189170455,0.9107614379593644,0.9113871257148525,0.9104261490131877,0.7391863376390154,-0.5538598471816291,0.9626940223300727,0.948379966058698,0.9481898676268745,0.9766498905392177,0.9571879818268051,0.9687927794029924,0.9688886359480231,0.9195357836910115,0.9706378497867664,0.9297729934718293,0.8085045101854066,0.9551704617311899,0.9549663662654228,0.8247851013404993,0.9577982832862884,0.9586972668635011,0.9021687094243975,0.978949712509225,0.8872398900337505,0.540455565202738,0.7211809756300805,0.8952335386460968,0.8661599087688323,0.8865254135697825,0.9842277086558799,0.9844055066573728,0.7764164290548468,0.742974872013637,0.8061290006488425,0.4524987384307453,0.7898072662992405,0.8103602347228887,0.8048717692533583,0.7934311523836066,0.7879539839693444,0.7471310435036912,0.7303340211034199,-0.4147724133347446,-0.5368192646883239,0.7429207111828793,0.8879988730624678,0.9159586861874767,0.931746467575334,0.9082114745663619,0.8259189793171409,0.8951382979473582,0.9095714380246861,0.9091832958455066,0.843536386430584,-0.03302928291205188],[0.9965711989112237,0.9924441566157814,0.9900764911025354,0.9969212285172171,0.9986449651814849,0.9800311598593124,0.9992765191579369,0.9999984301140804,0.9752776466191522,0.9999979924838331,0.9999985093684365,0.9998053013217651,0.99999771680886,0.9999956352988535,1.0,0.9995231550439599,0.997381777913964,0.9995368780130515,0.999918971102902,0.9999183763331361,0.9999694608951456,0.9999978042834764,0.9912529331310331,0.9761956457774525,0.9955795260322976,0.9579652495598308,0.995353777744841,0.9920807835286091,0.9762051037475694,0.952158620525161,0.9911831659730836,0.9940738956212452,0.9928265512744487,0.97518592827373,0.999509411922478,0.999615215662375,0.9997143840382762,0.9997819893041338,0.9993881119216432,0.9995603226674598,0.9984202788412502,0.9989896659482124,0.9995827482188414,0.9994618441383588,0.9809420937916566,0.945278600856895,0.9563346535140157,0.9619438894540383,0.9467312313405087,0.9130242494142912,0.9583229975396543,0.9469849870289465,0.9604507005537136,0.9620569918126616,0.9519701642912805,0.9810228230823371,0.9806289303120117,0.9917066785693921,0.996582958738168,0.9524995524357696,0.9623826657950836,0.969867298714412,0.9732687648915417,0.9715835468827478,0.9548625070472251,0.9001509817597426,0.9569797899456066,0.958528678561332,0.9440993259395691,0.8816722920661921,0.9695700729762476,0.9448349546006065,0.9681900961304066,0.9531582622694857,0.8085124870648135,0.8752281900251165,0.8114119324837713,0.8878879688085747,0.9045608560963724,0.9107641806542076,0.8921248432324546,0.9010745544542716,0.42421895056103187,-0.5534842661009213,0.9627645964602414,0.9486092009485666,0.948519674513444,0.9550240392076296,0.957250194504705,0.9688463224180854,0.9689410488851317,0.9196746013542918,0.9655251324970896,0.8593483046360353,0.8085403174149564,0.9552169991839417,0.9509174646406184,0.8250712810038829,0.9578458520234779,0.9587345256640282,0.902045598657232,0.9787464658858328,0.8359739303108361,0.5403931601249411,0.7213614053154173,0.8591737906735223,0.8516583163102853,0.8417300365378539,0.984048773990476,0.984226304307257,0.7768003977616709,0.7430249613391348,0.783487955350884,0.45255237371993046,0.7809747701038384,0.7924317879449234,0.7875683741643335,0.7911930585912491,0.7877181670812917,0.7475526295919446,0.7307440335509963,-0.3267232173242794,-0.47784688597256375,0.7432629638722232,0.887806739805534,0.9187708005039448,0.9353142719105719,0.9078398675017533,0.8264852798745929,0.9048851316157484,0.9203850737097654,0.9191349958454188,0.7672524830319447,-0.06604396494105351],[0.997837063779779,0.9943508118519467,0.989618306701763,0.9980589575745982,0.9991033987359689,0.9796730815391483,0.9998957666890396,0.999399529056091,0.9735202834218866,0.9997185466985493,0.9997060796755359,0.9996941437376979,0.999441260816851,0.9996170347403885,0.9995231550439599,1.0,0.9985730346995185,0.9998674707659105,0.9995983561846229,0.9996024078857183,0.999794041962724,0.9995887312506367,0.9909792332218119,0.9753309389051672,0.9944015513179963,0.9515635948286737,0.9940544611488501,0.9934857147687178,0.9747297839669952,0.952889745135109,0.9915050756369822,0.9925860021698786,0.9936090334313298,0.9770841877255365,0.9993207574425513,0.9997475716891183,0.9997448230021756,0.9996174724448474,0.9996615217815682,0.9997114204255053,0.9989395372429513,0.9996321265916589,0.9995443514095333,0.9993247578948901,0.9797690035142048,0.9442521432527029,0.9582283922288144,0.9601543944887581,0.9480047447099428,0.9187681148390083,0.9601875968753095,0.9510980366761452,0.9625788801142948,0.9657589203127955,0.9557343831220972,0.9827989420134613,0.98238252831677,0.9925521098835741,0.9961266753528534,0.9566586101770255,0.9658424551455622,0.9742307858457495,0.9756983525791546,0.975709705568409,0.95744281159472,0.9048827925741832,0.9602636773277003,0.9632195616006246,0.948514944327339,0.8887398633960581,0.9719762100877751,0.949351284041829,0.9721352309420782,0.9571026743648879,0.8162875623045033,0.8802765816315649,0.8157037334084618,0.8931646525038589,0.9091964040085229,0.9134385261408954,0.8956949266727382,0.9058000004974035,0.4354862410057169,-0.5502737924914658,0.9659223653402604,0.9531246495527638,0.9529342567262405,0.9586520984420465,0.9606610641938295,0.9717571567786422,0.9718292788210944,0.9234449969850683,0.9701432903568433,0.8660110348869205,0.8102430863781892,0.9476277337951464,0.9440420006933395,0.8276592520077303,0.9578920210347396,0.9586850470227718,0.9020144009241593,0.9756995579217808,0.8352459668735142,0.5492822547100693,0.726174700970109,0.8591567112709361,0.8542202106564