var element=document.getElementById("correlationAdjClose");if(element.style.display!='none'){var correlationAdjClose={"data":[{"type":"heatmap","z":[[1.0,0.9999946707163055,0.9866221369049232,0.9999351270579584,0.9991907711603353,0.9835973572834408,0.9978540440849109,0.9963628994795122,0.971462039935434,0.9965443030817364,0.9946849399061407,0.9939266588234731,0.9964554492157234,0.9964877124454345,0.9964043737143896,0.9977478042654991,0.9980817101093014,0.9983210106713039,0.9968933197801351,0.9969059057360101,0.996858451226988,0.9964278662419858,0.9886012460844712,0.973919857987177,0.9908744810817257,0.9606925208584627,0.990041526258397,0.987065461543869,0.9715000556739114,0.9577126258292995,0.9922481244779133,0.993812202224142,0.9928273067709364,0.9792205087628901,0.9977778700216257,0.9978816227963557,0.9976196057039577,0.9965435630338702,0.9955225295286536,0.9977712640501551,0.998636760777952,0.9986680235506941,0.9977615499760825,0.9977733492727335,0.9783171612549099,0.9271944713424516,0.9555056950117478,0.9436130003467573,0.9428301940275503,0.9222870918860222,0.9645890454046705,0.9523241889826313,0.9664458863416229,0.9692751533542637,0.9582446651478017,0.98493233699787,0.9828530068395394,0.9912707368969254,0.9942466663512178,0.9877727691708494,0.9828178631616357,0.9882112555667816,0.9868462406710833,0.9887510540806239,0.9886387253531029,0.9557196885649957,0.9765094150443029,0.9769211178375707,0.9767059921575745,0.9444303529425755,0.9825014535502519,0.9793648912077474,0.9863333910939144,0.9857129970760727,0.9426178321762076,0.9022153678097153,0.872708549721675,0.916659494746444,0.930808985824132,0.9288746357908261,0.9289954563907816,0.9278136514229606,0.7338104694267858,-0.5377183220616062,0.9810902980344186,0.9762739148697983,0.9740577039008252,0.9883883216600657,0.9742468435483977,0.9846473379429683,0.984653511462859,0.9443708884939488,0.9854708245092456,0.9473750420790986,0.8085758183729927,0.9228158206291649,0.9362005777912163,0.8268579274919939,0.9567462585639042,0.957437261734339,0.9036495791868532,0.9688851797759918,0.895671928136426,0.5752920704742573,0.7311934131701989,0.9029858789782299,0.8742004714723322,0.8944134081831083,0.9765897136077,0.9767408263550973,0.79099483208035,0.7576056863051661,0.8259946100821288,0.4677068804303295,0.8096180397360325,0.8300941797026025,0.825249853440255,0.818488366290408,0.7973405650308476,0.7577336128201497,0.7424101086756444,-0.2936195264292481,-0.4341988138069187,0.7093893661754159,0.891611697577035,0.9304701049868538,0.9414078101485032,0.9055467593973066,0.8305732407758558,0.9095968927330604,0.9242025639302965,0.924033804859019,0.85991267744646,-0.1322205396290086],[0.9999946707163055,1.0,0.9902527841759048,0.9998595761668314,0.9983291932201344,0.9900691000044981,0.9941153259515926,0.9919322330621607,0.9876432693727081,0.9919382315129159,0.9919672462099404,0.9932618082877268,0.9920231937601314,0.9919319654027875,0.9919875740338475,0.9939823783212287,0.996221596517037,0.9957811663675044,0.9938557514726735,0.9938629441602993,0.9919782801601839,0.992024176423552,0.9924082499970299,0.9775967981896225,0.988445669670203,0.9847624901059867,0.9885475712578032,0.9870339769496161,0.9822983014354713,0.9405118998074081,0.989780146884338,0.9880013104500619,0.9827133866475177,0.942611371251579,0.9951708774695369,0.9951153159478757,0.9953134201115899,0.9923515889403939,0.99493194263506,0.9953338162705024,0.9965217086031825,0.9967314452960876,0.9953317855028632,0.9953429245759545,0.9916028043286126,0.9267904305891873,0.9053801747946097,0.9433234449555703,0.9427171463378163,0.9222678735210468,0.896359237069647,0.9352181652052949,0.8984092848470663,0.9265470355343138,0.896308466680134,0.9607595558905232,0.9607478059264228,0.9741495796335994,0.9856100370333511,0.9837672308592517,0.9850177116043618,0.9792610988712657,0.9822115522920142,0.9805143588767397,0.9803925450034617,0.9444051037338027,0.9639437458901353,0.9375088498946609,0.9373219067142247,0.8714731135659962,0.982310168190038,0.9834666192727941,0.98363569320281,0.9832173604011132,0.9557671922965857,0.8130723368322931,0.7801178864362982,0.8625150024877949,0.9141771972475269,0.8764595284604608,0.895757594676601,0.8947743494304845,0.779837794206873,-0.12906282285950635,0.9718178102589241,0.9743616415642553,0.9715173352087438,0.9841492605073138,0.9677411672798293,0.9741473929565204,0.9735306702248442,0.9323731789160089,0.9754378057683541,0.9342533270429223,0.7468733985066275,0.9223748613646882,0.9214073058337754,0.5901277813617921,0.8595960761730809,0.8633842733163777,0.7661470754417771,0.9696769714436773,0.7403287959386256,-0.31943579465548,0.2590457551622201,0.7661048626746412,0.7173479041811105,0.7590919216508025,0.9711519419318307,0.9711788602379368,0.21438259237705623,0.38633096874293055,0.221536859501809,0.19325705672742924,0.21455396126556228,0.2274382065812516,0.22457811078119583,0.14462798587766312,0.5660012745059027,0.2988433336559633,0.24865247770504925,-0.43733385197076824,-0.4865145124872998,0.7086158296035241,0.7631848075212267,0.7864765660074285,0.8513909682257842,0.824305072560165,0.6078004296021083,0.7787533581349265,0.7813001817306179,0.7802637874813568,0.44312132054914116,0.2534321294327023],[0.9866221369049232,0.9902527841759048,1.0,0.9878773979510347,0.9935303227582153,0.9914757756503142,0.9894837242785685,0.9902884790364891,0.9914766231827187,0.9928863735435705,0.9968035761601612,0.9959756781331806,0.9901365108766571,0.992209024858326,0.99034114046336,0.9898081089480184,0.9908125604449521,0.9899683909859001,0.9889559377297515,0.988931703525852,0.9917780078954977,0.9901711033454598,0.9951099666801195,0.9855983267206232,0.9910773025878948,0.982841482431178,0.9917289332443558,0.9878817909920976,0.9875129970714807,0.9630714457247358,0.9691856327289022,0.973563806300322,0.9773189191213091,0.957117767486515,0.9869099536004453,0.9900016463203436,0.9883866549651141,0.9919247641012194,0.9946907216727825,0.9908090904856549,0.9849302732355958,0.9878770707950536,0.9872870432505433,0.9866740363565523,0.992848254260094,0.9230709269636646,0.9401642297457774,0.9519466649742389,0.9355548757967099,0.8852473845728204,0.9231090849971062,0.9094362622695507,0.92592805885674,0.9339451311527184,0.9176095389472458,0.9511302813490958,0.9608723789870276,0.9687193029548773,0.9773212324656814,0.9454010665938205,0.9675937502006726,0.9673284751116494,0.973411217000605,0.9675591650990724,0.944215057281304,0.9264483450511718,0.9522928674012402,0.9431012400201919,0.9256594494719629,0.9010255344243504,0.973955309158258,0.954480970484661,0.9670166969413524,0.947260308233304,0.8477433621644089,0.8677304927195421,0.7866377752643692,0.8840460068810796,0.9056321371325322,0.9078242080867316,0.8753821337346801,0.8895022120167756,0.4575436460888432,-0.5228650254408069,0.9644899032044845,0.9523589044367858,0.9522623104903579,0.9453245354189378,0.9590774075843869,0.9669978936433715,0.9666396409947988,0.9351033874200011,0.9629296683415255,0.8905982692876098,0.7937835085332359,0.9581922810722057,0.9563069982356753,0.8097252598077721,0.9451428327084915,0.946665810257608,0.8769284707750271,0.9811960609043925,0.7762683632384222,0.4799708338721054,0.6765168437415691,0.7991132363866924,0.8021979789443625,0.7801014340526682,0.9831787224223721,0.9831931241992069,0.7231963811488239,0.7079154138945598,0.7117532568336447,0.41881209027813965,0.7122275777531223,0.717661771361901,0.7255418110441038,0.7177970770348412,0.7621899525266127,0.6953111694822244,0.6790402186206768,-0.35093733020443735,-0.491362290061866,0.6792679239299017,0.8546398739891402,0.8776121337999407,0.8875655133246328,0.8784885009980954,0.7656245401569379,0.858508529864541,0.8674850746909517,0.874165874558513,0.7361164418514909,-0.0552430023926347],[0.9999351270579584,0.9998595761668314,0.9878773979510347,1.0,0.9994137804362552,0.9846302061643144,0.9980713906174636,0.996744747616342,0.9734806657708831,0.9969735027061452,0.9953555365676457,0.9948009174032769,0.9968208329523455,0.9969372905599508,0.9967857446978303,0.9979917643368685,0.9983849912724507,0.9985584068582798,0.9972263996484895,0.9972365568977877,0.9972231690501304,0.9967973281552296,0.9896923913946409,0.975206897952703,0.991746329653505,0.9630475920554716,0.9910107853722466,0.9888410921563603,0.973318332375958,0.9588175792712637,0.9916113173806499,0.993346617805612,0.9927571975948305,0.9788323833636247,0.9978460472621067,0.9980666904370561,0.9978199321324444,0.9969589794968923,0.9960074961234672,0.9979890866972543,0.9985349602209713,0.9987416563155109,0.9978257994618648,0.9978345294746181,0.9799777742699118,0.9239837661420679,0.9535668352955058,0.9433920702506007,0.9407533875223154,0.9166138746405627,0.9618179251769918,0.9492256663438521,0.9635893023130665,0.9670059310752769,0.9556746423311786,0.9829615351089814,0.9814772371801105,0.9904631952765094,0.9940463631087114,0.9865227370284319,0.9817589212376214,0.9871325579641596,0.9862965346916697,0.9876022657693764,0.9874834711300441,0.9476244807441212,0.9753751250382038,0.9756418694623354,0.9754229634882904,0.9402003171980124,0.9820678367906377,0.9768983283430885,0.9850842782637047,0.984432328869017,0.9255924009646532,0.9008904918488977,0.8693772471414758,0.9151309462649448,0.9283510774721657,0.9284561776357696,0.9268644728170559,0.9257193230321882,0.651638558135886,-0.537228750084454,0.980335705653779,0.975101908945276,0.972711972828704,0.9871412529029238,0.9736280436851488,0.9839807791849088,0.9839854579895327,0.9440124239150964,0.9842331376394646,0.9351009826376436,0.8118362559661564,0.927347019044938,0.9398029852770736,0.8283329933508079,0.9579000214242647,0.9586148296943693,0.9032211845098633,0.9699919181552507,0.8896471256666871,0.571705423775532,0.7295035743766116,0.8975822357851377,0.8705330229780707,0.8887376694299663,0.977343366749297,0.9774991781563991,0.7898414760871214,0.7577669664824773,0.8181270978734907,0.4692369053245027,0.8037322257985462,0.821956006666206,0.8170361427159697,0.813070661919293,0.7994133060515496,0.7576130024137295,0.742357939418135,-0.2890101012366101,-0.4334729099600622,0.7085501985392803,0.8899204969475751,0.9286108354908396,0.9395885459981113,0.9044603704684003,0.8278904438075552,0.9075986219297878,0.9219587009023242,0.9219361045710331,0.8529699024931294,-0.1252843761060355],[0.9991907711603353,0.9983291932201344,0.9935303227582153,0.9994137804362552,1.0,0.987081353990527,0.998969787476033,0.9985530618155475,0.9848532482083456,0.9985522948499599,0.998157686791261,0.9980636354836762,0.9985679095779614,0.9985832948960013,0.9985840530337581,0.9990558592092708,0.9988400310240222,0.999229424429474,0.9988265611149179,0.998828654646183,0.9986236018537816,0.9985703636352111,0.9950447862070533,0.9822901828049019,0.9952435647711635,0.9790289539682385,0.9952792996546833,0.9925034621448298,0.9849688027591679,0.9618639863641698,0.9892197655060362,0.9919624774956355,0.9902784420965067,0.9717523126663341,0.9988240523829541,0.9988907915697682,0.998917671654848,0.998678587599926,0.9985573220250415,0.9988836153248388,0.9989062322102735,0.9991339473776601,0.9988445118686176,0.9988461895742285,0.9888587090203197,0.9327381807770968,0.952937673284899,0.9498878485242658,0.9407415720268572,0.9123116676268507,0.9510713822686456,0.9460955724476902,0.9552818880540689,0.9615827166192378,0.9500495123872817,0.9811750601094376,0.9810981390712716,0.990655445536047,0.9939543378284807,0.9827725764048943,0.975851713333482,0.9817119924549275,0.9826173271342333,0.98211581326855,0.9819797132692237,0.9451070036603977,0.9675650237263788,0.9608390444987615,0.960602510002536,0.9139459729010055,0.9792161224402343,0.9755260702513021,0.9811583476846499,0.9804128907997774,0.9397288085382449,0.8832956194521445,0.8511587789785043,0.901762635946664,0.9330713192956772,0.919790874593112,0.9258860568708724,0.9249544480165507,0.784880029948404,-0.5355146127219452,0.9745524613213586,0.965276186244417,0.9639800182099227,0.9835872859261207,0.96428422210762,0.9779216225723742,0.9776361001253042,0.9359028834506171,0.9791171152262003,0.9376166151821778,0.8019161666189573,0.9399067127231149,0.9581886264223497,0.7972334719949511,0.9470810472311616,0.9483753640835656,0.8984422469340737,0.9745017972395124,0.8926842561999668,0.4096867840389616,0.6768044300972366,0.8985455499884087,0.8530681291248529,0.8946688980091769,0.9806445929225022,0.9807631823937122,0.7581451446430083,0.7431052705735909,0.761968981144327,0.4488026033494795,0.7205068646086082,0.7662161228054565,0.7620661975522742,0.7273312336051595,0.7879066217910136,0.7445510521769197,0.7284340701110237,-0.48656827170075034,-0.5695921281842298,0.7034360546752177,0.8859158467630565,0.9168418556902943,0.9365138604675148,0.9036832442947006,0.812652082365538,0.9004858572325745,0.9113297665611484,0.9108306151321732,0.7940444099142867,0.08571968413369249],[0.9835973572834408,0.9900691000044981,0.9914757756503142,0.9846302061643144,0.987081353990527,1.0,0.9806910194527656,0.9820706992598875,0.9933212790743509,0.981515909350693,0.9776587474584238,0.9767648981775767,0.9818890607531571,0.98238971756336,0.9821374779451393,0.9817464558102416,0.9854186874144297,0.9826634542937095,0.9825301459502559,0.9825568353020975,0.9809357592651297,0.9820477027743973,0.993743735399447,0.993199783503199,0.9832839889326727,0.9880122275433355,0.9838044954537201,0.9745647075009356,0.9874676803432327,0.9738930565610712,0.9587153359195055,0.9649237176892566,0.9747289501077252,0.965711920607761,0.9804513175227932,0.980893773408556,0.9817328629353979,0.9827850270950158,0.9776454352762058,0.9813451077982257,0.9797025343395905,0.9815202537430833,0.9807008359178025,0.9807328344977244,0.9960246077878092,0.8867572410793341,0.9316538263458854,0.9313826318874723,0.9402412348466189,0.9005414461226069,0.9174985641355938,0.9123094249146715,0.920450384335587,0.9381809922806071,0.9178975656158741,0.9492384002520562,0.9555990785184248,0.9621810013530288,0.9681173221103418,0.973579376908858,0.9890764668639761,0.9758663189354212,0.9864513718854585,0.9754804608189036,0.9749544846066013,0.9768125596776109,0.9736998323296678,0.9552078762593764,0.9546688351636834,0.9510944029729291,0.985295380888604,0.9781936191127487,0.9745391040524773,0.97335508995432,0.968044832005424,0.9087565697064911,0.8669620905895767,0.9237947501877494,0.9263966833156337,0.9358334445666519,0.9170969079448978,0.9150367649902633,0.7712325250740775,-0.4772997599941235,0.9837753966250551,0.9851620951939066,0.9818445019248522,0.9743559133688278,0.9770672644625527,0.9824413977885021,0.9820525171556584,0.9700145456409204,0.972636105416657,0.9697171221001778,0.814447081260183,0.9037311825653392,0.9588666295987348,0.8428066524397565,0.9470033637890193,0.9479327481767217,0.8672152962705126,0.9596507094214152,0.8320434622120444,0.4908693755600053,0.6922237614359991,0.842042657712659,0.8202831100958691,0.8319631394423387,0.9594037087784181,0.9594571355036352,0.7422649276587575,0.7333116075662479,0.7505901752724669,0.47269496789713417,0.7486023668251627,0.7557151069692031,0.7495435752579374,0.7482399352398418,0.7783228248208656,0.7155189883246288,0.7031954333635972,-0.314708927060443,-0.44533389149016367,0.7150238293438551,0.8523313397020669,0.8658460435764693,0.8843584803165607,0.8613098946675146,0.7842690851221897,0.8465122795764931,0.8582579436160365,0.858279500099844,0.8011570976342999,-0.08246735571346911],[0.9978540440849109,0.9941153259515926,0.9894837242785685,0.9980713906174636,0.998969787476033,0.9806910194527656,1.0,0.9976555182836828,0.9573071421156971,0.9996325885449421,0.9996019082596961,0.9996313040073466,0.9985155420632831,0.9994997932561357,0.999236827908151,0.999894067466849,0.9968043795931888,0.9999043933105553,0.9994222895513962,0.999426786111744,0.9997296289189141,0.9993703932978598,0.9909389632529149,0.9755172801730227,0.9866168819566685,0.9293875769624164,0.9939818254482778,0.9931940408768487,0.9756809327611758,0.9555586889139401,0.991683171364996,0.9921945904375711,0.9939175643791326,0.9765092593788977,0.9990743225687287,0.9998626676721686,0.9997339712171164,0.999500218712258,0.9997850858528128,0.9998489617203956,0.9986080960703296,0.9997534659386181,0.9994306984030732,0.9991094992316115,0.9801804236212208,0.9391942053854577,0.9554842868423713,0.9529836657755086,0.9404174526225008,0.9106790843668902,0.9588769490135909,0.9488852582816952,0.9612468833526843,0.9646968298281249,0.9551959253836847,0.9825148589030303,0.9824088389478332,0.9922979605550301,0.9965101577001286,0.953767610959356,0.9626214083387195,0.9737178402399057,0.9739900415339672,0.9751775238772022,0.95368224044937,0.9035504769322835,0.9578733503047044,0.9631795455876325,0.9454014445539582,0.8933839292883253,0.969258157344635,0.9463344824403016,0.9706104166042205,0.9541307809474002,0.8051117005792645,0.8747463924638144,0.8028253304728316,0.8881576795876706,0.9040316728383697,0.908235047449615,0.8888614551155696,0.8999752956893899,0.40324843725277204,-0.5726489344824536,0.9646995054318942,0.9499833864958139,0.9503200889656322,0.9551685932689911,0.9596211031964806,0.9709674469843224,0.9710830260713471,0.9232585967940355,0.9693929921653961,0.8608276638668787,0.794974674973188,0.9400368233163544,0.9379579496239515,0.8145840191950261,0.9552176713892702,0.9560655981709354,0.9026990792693954,0.9738939672551143,0.8338686663860166,0.5688453378332339,0.7237998354953382,0.8582626394140644,0.8528583691963064,0.8397608766190982,0.9810061658037837,0.9811797216808221,0.7821859904915335,0.7407956593777374,0.7836501771886758,0.44203642921124825,0.7836301911442983,0.797255218421582,0.788920406180549,0.7963440131893239,0.7855605688239397,0.7513830823409842,0.7342808683956065,-0.3016963465571215,-0.45392737448616,0.7155887878036588,0.8913123813541034,0.9221677563336957,0.9412888857715248,0.9109321847666444,0.8301597039581041,0.9099427648909484,0.9271197882165911,0.9256992996124922,0.7797802927083115,-0.09710678515068243],[0.9963628994795122,0.9919322330621607,0.9902884790364891,0.996744747616342,0.9985530618155475,0.9820706992598875,0.9976555182836828,1.0,0.967864984419909,0.999999836370804,0.9999993511949717,0.9997780614818909,0.999997094832001,0.9999931633001764,0.9999983438967232,0.9993650979544961,0.9919366360321539,0.9994917578201119,0.9999128228600057,0.9999124759665872,0.9999669371390646,0.999998822657855,0.9914862888664809,0.9772531341333092,0.9932768712814561,0.943225619819361,0.9944737769030441,0.9916780869646312,0.9778618593689454,0.9551217370177826,0.9880497769048209,0.9939456316603342,0.9925654436297209,0.9737202080250651,0.9994871242106003,0.9995948829587376,0.9996923168521793,0.9997567194958796,0.9992973578242715,0.9995347612498889,0.9983151270857142,0.9989084247227497,0.9995592108613829,0.9994314209182684,0.9819643922985263,0.9391330877113362,0.9531258327388015,0.9565788653528201,0.940034159797448,0.9017710895855011,0.9571087244175644,0.9446130045362946,0.9591522815959533,0.9595118863907226,0.9495464945652284,0.9805503367582866,0.9796914355901247,0.9913540096923096,0.9969007459496873,0.9494711109988798,0.9596755500676446,0.9686207492775737,0.9717164845642112,0.9704195601031698,0.9522866128981368,0.8983988116189486,0.9542596601287391,0.9576608600100709,0.9408046524160033,0.8844419429193192,0.967236627832649,0.9411764601514994,0.9660807970379612,0.9501341748320102,0.7950849839341213,0.8686576684875906,0.7990769787151458,0.8820259515089492,0.8981964170426405,0.9048008098393189,0.8851526557144929,0.8942765001759906,0.3881110366886479,-0.5758281218950507,0.9616041523923922,0.9455092790249721,0.9459227482486212,0.9534804542460237,0.956406809910489,0.9679394050733857,0.9680404067356246,0.9203624727408991,0.9638917832001893,0.8526944839485626,0.7926642350630904,0.9517902931177246,0.9479120034037534,0.8121896618214521,0.9552417382093085,0.9562288571890977,0.9002054629927854,0.9775320908090392,0.836265901959055,0.5544175752758902,0.7154412476320935,0.8588208627993419,0.8496030623912358,0.8414367468718712,0.9832381678248674,0.9834131750062461,0.773657946372188,0.7338285737961495,0.7844941433277324,0.43089661051837747,0.7785442616428261,0.7925736158724562,0.7889185405418467,0.7907278117001055,0.7799173766889319,0.7458435992564898,0.7282263882973607,-0.3166593477355923,-0.4677763561460376,0.7040821533239818,0.88415976060573,0.9194535523908665,0.9339145965442616,0.9053788813504575,0.8199301254301861,0.9036032919114063,0.9208435257906747,0.9196663601494245,0.7617419998395788,-0.08031469097831703],[0.971462039935434,0.9876432693727081,0.9914766231827187,0.9734806657708831,0.9848532482083456,0.9933212790743509,0.9573071421156971,0.967864984419909,1.0,0.9828685700163334,0.9874686286882656,0.9899146775366408,0.9714703631350133,0.9797787539247353,0.9763367387072804,0.9743849173990722,0.9505759964455115,0.9792309346291551,0.9770061909659551,0.9769663947133245,0.9813601660422554,0.976189692433975,0.9938445479157273,0.9933338146405711,0.9803368630697531,0.9900995863257003,0.9834992306433769,0.9908538097045977,0.9908118820146158,0.9700230340196315,0.9276677660175453,0.9492818727830623,0.9662535036273029,0.9525910523932893,0.9707865375015533,0.9792788700072339,0.9758458845137771,0.9781978226380315,0.9884663519522634,0.9804613521357926,0.9670774989533553,0.976566160542453,0.9716557097977706,0.9706457318350958,0.999052935333067,0.9042341264577015,0.92532902888234,0.9520272917278613,0.9410420660507102,0.8817497004415832,0.8873944190182627,0.8878112565218275,0.8914522650646508,0.9182980882285119,0.8979347277575611,0.9301419769909288,0.9470324853154964,0.9522518448812856,0.9612117411480934,0.9089960305721139,0.9695381523935319,0.9499246852178929,0.9686900738079156,0.9499205105001955,0.9079268655289352,0.9207564854557623,0.9476492163496056,0.9222622316715765,0.8876120651675825,0.8902632658108187,0.9702190411634489,0.9258087705664398,0.9475853645248024,0.9114916774828963,0.8391640935119992,0.8635500349606684,0.7475041299334882,0.8813282925831127,0.8893797015717517,0.9026760991446368,0.8523201598496608,0.870586513121914,0.44035489169995706,-0.5049547998576508,0.9606548850224479,0.9552124449393173,0.9531841014700725,0.9071702823830047,0.951665397992771,0.9590057187628912,0.9584577531529069,0.9402333814715659,0.9449558701502702,0.8823959837990714,0.7995089395929905,0.9443473766192375,0.9637517948836279,0.8188934255560759,0.938796716171433,0.9402891334510289,0.8550936818039062,0.9690932072358207,0.7427709954691017,0.4423744781117652,0.6579236579237518,0.7761069815086288,0.7791117291490092,0.7542854549821391,0.9684669831506562,0.9684400913929174,0.7045712205962028,0.6979590884596141,0.6773143938010685,0.42621565211563084,0.6940647893674006,0.6955952603170917,0.6762117004950664,0.6959937998750552,0.7551069857912888,0.6888547995982965,0.6738967462242105,-0.35632820550786604,-0.49302078761946944,0.7146456814870957,0.8391735361226265,0.8308956825893021,0.8622869770047633,0.8578090351438798,0.7573253234458982,0.8148368916003376,0.8368427960396119,0.8306675351050072,0.7082491433985711,-0.01567288914336497],[0.9965443030817364,0.9919382315129159,0.9928863735435705,0.9969735027061452,0.9985522948499599,0.981515909350693,0.9996325885449421,0.999999836370804,0.9828685700163334,1.0,0.9999991594804429,0.9997825490770552,0.9999985316523838,0.9999921053038817,0.9999978889687464,0.9997018521675827,0.997972295505442,0.9994905498045306,0.9998896586084068,0.9998896270990485,0.9999787037771101,0.9999993561737616,0.9940015886598506,0.978984207003728,0.9964194485475965,0.9750698318056539,0.996504705133991,0.9916680077119995,0.9821648186666004,0.9564082332218905,0.989912162742698,0.9939100451804846,0.9902904330668049,0.9705855849960568,0.9995243160647954,0.999588936909068,0.9996020537051569,0.9998423014424357,0.9993088878766262,0.9995421175515647,0.9985502863408949,0.9989536425112704,0.9995314973065006,0.999527108572499,0.986401491958953,0.9390244167609011,0.9531558891486344,0.9564701120123791,0.939953465032175,0.9018802102765576,0.9492435189367434,0.9404827506034791,0.9528702581859331,0.9578588974810753,0.9478391095462094,0.9798873504544658,0.9797236985620111,0.9918866076217766,0.9967512109191374,0.9732756845919157,0.9596573247645125,0.9721335704217015,0.9717057081679602,0.9726852690480179,0.9724786376170963,0.9327029073452914,0.9542343888385166,0.9514216678724049,0.9511502283609282,0.9023268295841124,0.9671926095683782,0.9660236183397428,0.9718178485664666,0.9708974301353226,0.9261437022621377,0.8686818649280055,0.8309480933173116,0.8818884305184359,0.9165819796243667,0.9053627043937068,0.9105534312409969,0.9098069147055641,0.7405646282394935,-0.5778336634304202,0.9616121357341615,0.9454871135294395,0.9459146193054154,0.9742682150438067,0.9517914688310786,0.9676655180739785,0.9673377260754622,0.9211737971133096,0.9690653560841492,0.9231517953120053,0.7926606233833688,0.9515375480377422,0.9589232256430621,0.7976712882869674,0.9494493851366481,0.9505859065915788,0.9002775344312623,0.9767877634241534,0.9006562617660359,0.45153240668423206,0.6935893397724295,0.9064710851707871,0.8609854898904935,0.9025612233581439,0.9831968502647185,0.9834013542464566,0.7737265206797592,0.733587070672274,0.7768709290357741,0.43100039196173023,0.7362855264472001,0.781377277778702,0.777015512073576,0.7451518126275801,0.7797012899217755,0.7458160947868139,0.7281774999247396,-0.5309711438775853,-0.6142470958701157,0.7032714932677079,0.8841560917117853,0.9200672175257502,0.9387518008148765,0.905395490417398,0.8168027774410741,0.9014382470810463,0.9141182509739066,0.9136079228950877,0.806236388524758,0.1462950795531134],[0.9946849399061407,0.9919672462099404,0.9968035761601612,0.9953555365676457,0.998157686791261,0.9776587474584238,0.9996019082596961,0.9999993511949717,0.9874686286882656,0.9999991594804429,1.0,0.999781637281287,0.9999963961084591,0.9999950348871813,0.9999984022621682,0.9996888549871934,0.9977024620536159,0.9992540199536847,0.999797646498279,0.9997976942700205,0.9999984610208372,0.9999984308545088,0.9934311480949665,0.9753010364646291,0.9955327601341244,0.9831083547564587,0.9961028237292614,0.9916799439526753,0.9843750019822124,0.9494400513368123,0.9893505886995784,0.993554393980106,0.9844855003652752,0.9473967061841512,0.9993257944390015,0.9993786904749619,0.9993226656402591,0.9999011141246258,0.999293474088715,0.9993324984943851,0.9980583204197341,0.9985952772817571,0.999302757855007,0.9993006508642428,0.9888154344157507,0.9387607306696829,0.9225789116395964,0.9564357878249359,0.9398918380193999,0.9016135603527021,0.9214762753880616,0.9126152019458798,0.9256528163349776,0.9339310295758596,0.9200054781081275,0.972977950348724,0.9729555889995446,0.9908083946476286,0.995403685507796,0.9654913356315175,0.9597949721723834,0.9596980346523137,0.9627387213269538,0.960894666578836,0.9606282875681422,0.9092870057870998,0.943935917681346,0.9171954417334891,0.9167311440264877,0.8366289088992579,0.9653220990903993,0.9704225755731272,0.9670974516910761,0.9659886960837921,0.9192879379443804,0.8084072347494815,0.7738827195240372,0.8479394336348355,0.8981349173622598,0.8691738239327497,0.8836043631813119,0.8823806708149922,0.7433623503143731,-0.3761432917761364,0.9494646082377151,0.9456440994573455,0.9460310686289221,0.9665441968078317,0.9382700563570519,0.9519593838543007,0.9513090348500487,0.8949401017914914,0.9544432071817106,0.89891794651746,0.7928273845055718,0.9518319713092454,0.9632036789259169,0.6995388361800198,0.9121778943629524,0.9146793910372834,0.8592485600949501,0.9857781958987555,0.8472237782011177,0.1073737028627831,0.548868479374552,0.8591305115618486,0.8275218768111917,0.8541102100055133,0.9864935045478427,0.9865134007518053,0.544136842488633,0.6513041576638395,0.5512712469912718,0.43094718308414276,0.5198940961033104,0.5613687580168559,0.5522211067880682,0.4907331273587231,0.7691350935740418,0.6191519713378143,0.5812255437219557,-0.49171857289798254,-0.5506272674613714,0.7027543978749057,0.8646604907434545,0.8770087462463808,0.9107496658677994,0.8993105819618399,0.6909635906604416,0.8543759188970306,0.8705314952282474,0.869866860243988,0.6239386832505319,0.09909421217175615],[0.9939266588234731,0.9932618082877268,0.9959756781331806,0.9948009174032769,0.9980636354836762,0.9767648981775767,0.9996313040073466,0.9997780614818909,0.9899146775366408,0.9997825490770552,0.999781637281287,1.0,0.9997953693134192,0.9997817838741947,0.9997871640413071,0.9996876227412547,0.9983148535458922,0.9994416180799177,0.999972168972395,0.9999719354770884,0.9997865002335452,0.9997913776821117,0.9930895907650781,0.9724965181355484,0.994461487542607,0.9839788778005406,0.9952125801404704,0.9939803460942264,0.9808626671579661,0.9315856490601314,0.991995347377652,0.9946319642783841,0.9803745685076983,0.9302015769242556,0.9994558477217519,0.9995000040011841,0.9994635387518648,0.9996152069022026,0.9996373081219467,0.9994784933560137,0.9979545986809204,0.9986297836931299,0.9994432266082904,0.9994402188229776,0.990174720370559,0.9345910733900792,0.910612355276258,0.953463312295504,0.9383877434381512,0.9014890640673964,0.8895365772641614,0.9249001019805096,0.8928323849329066,0.9126945651765636,0.8879666562707912,0.9618642071384954,0.9618507344535122,0.9823907731538998,0.9950140455533918,0.964077675504119,0.9641897382033029,0.9546480475692553,0.9602874040663955,0.9569001972035367,0.9566852239326656,0.9090308484930378,0.9343277020056976,0.9009031311991191,0.9006431277662239,0.8207980732873137,0.9643531455456622,0.9662629964202994,0.9662654003207273,0.9655823187676935,0.9260590356755948,0.7643697078830034,0.7278834335789888,0.8172490376988112,0.8781895756006578,0.8369625423947697,0.85836236595664,0.8575846008436857,0.7270461985612363,-0.25008595635604014,0.9433676098630489,0.9476353690568569,0.9429892815128113,0.9647398282443211,0.9378218994171813,0.9466025813251903,0.9457418254444963,0.8929819697173758,0.9486751472788311,0.8957601848324832,0.7497195349891638,0.9494720590363803,0.943303069754874,0.5847418789208785,0.8616700297355016,0.8658393674500192,0.7621948545329262,0.980044053840957,0.7389969293548863,-0.26001464195713847,0.2935430928396788,0.762075252176317,0.7188722232121222,0.755957266605237,0.9811202619541919,0.9812117611217069,0.24694908313601835,0.40470021034666465,0.2525429229332577,0.22456641634689656,0.24444703753662805,0.2594600190290026,0.2571709995393807,0.17369552480445483,0.5824794560254664,0.319012540731576,0.26721456123038057,-0.5035027652370045,-0.5514843756733825,0.7030414357752912,0.7666680927111534,0.7897608954590659,0.8545712605176984,0.8326268630187992,0.5975362722332161,0.7769106670169856,0.7848039625992034,0.7838146328639404,0.4466832527340453,0.2876275584096413],[0.9964554492157234,0.9920231937601314,0.9901365108766571,0.9968208329523455,0.9985679095779614,0.9818890607531571,0.9985155420632831,0.999997094832001,0.9714703631350133,0.9999985316523838,0.9999963961084591,0.9997953693134192,1.0,0.9999915574959862,0.9999976900617454,0.9994099667045481,0.9935369030608306,0.9995294544859217,0.9999222685561217,0.9999220955931105,0.9999737555798001,0.9999989919874823,0.9913661584212412,0.9770593804398912,0.993919490023728,0.9480895155733035,0.9944255267469416,0.9917827794079652,0.9776636513003778,0.9550665624165204,0.9889599254923084,0.994032063637672,0.9926485675117829,0.9738458012383798,0.9995298352281179,0.999633295052945,0.9997219442502698,0.9997550837503022,0.9993517509523928,0.9995742996752404,0.9983994230575443,0.9989724505742633,0.999601631409369,0.9994747080352157,0.9817155185127604,0.9393732317228141,0.9532775672153504,0.9564846765513535,0.9400682602682146,0.9023247956339552,0.9574644259864814,0.9449948326524533,0.959510107143769,0.9598322412892376,0.949932758473195,0.9808017825063187,0.9798735392115182,0.9914846291835401,0.9969853104691374,0.949708737209729,0.9596679289500222,0.968780148636461,0.9717439152089462,0.970577743691687,0.9524773265009534,0.8983148983054751,0.9543703744015909,0.9579346201865075,0.9411364466694175,0.8845562177318813,0.9672239009185678,0.9412970566052183,0.9662131671721768,0.9503552666289856,0.7949675774025702,0.8688791639213328,0.7994953924764888,0.8822338490115611,0.8983835233500547,0.9049017520135467,0.8854471926309365,0.8945607407984427,0.38818722175049114,-0.5759359825288745,0.9616634888056732,0.9455852439988197,0.9459993685340328,0.9536732983099169,0.9564651651708831,0.9680206305064136,0.9681238257663984,0.9203001341996158,0.9640709971174585,0.8526501402074872,0.7926975130734663,0.9512557124338027,0.9474142689562935,0.8121891730319827,0.9552352793703267,0.9562147153831495,0.9005465743496023,0.9773929290003599,0.8367695391417803,0.5555366880057514,0.7160838813274449,0.8593077736835689,0.8501366872449321,0.8419313159286672,0.9831771050288242,0.9833523573741346,0.7742643909105571,0.7343161621163741,0.785116973603728,0.4314838294779935,0.7792085907727453,0.7932708451415865,0.7895566762324666,0.79143879408148,0.7802455619766222,0.7462957585196537,0.7286923284091296,-0.31575410002962107,-0.4669794589033422,0.7044512733251018,0.8846824915798687,0.9199424182772421,0.9344539314535101,0.9058659233231549,0.8204924505486487,0.9041935708627123,0.9214385663403907,0.9202527363096377,0.7624252331591855,-0.08136674610011016],[0.9964877124454345,0.9919319654027875,0.992209024858326,0.9969372905599508,0.9985832948960013,0.98238971756336,0.9994997932561357,0.9999931633001764,0.9797787539247353,0.9999921053038817,0.9999950348871813,0.9997817838741947,0.9999915574959862,1.0,0.9999953521726315,0.9995920826006928,0.9979314371339518,0.999489718711879,0.9999081780354605,0.999907207393806,0.9999564462887646,0.9999919081904979,0.9932380307963169,0.9774762402838125,0.9961433277946705,0.9691627890115414,0.995935953458865,0.9916527488148474,0.9781289103937728,0.9552382468257178,0.9893749369830797,0.9941179454815934,0.9919555627788958,0.9734029759888685,0.9995117102574811,0.9995878009307653,0.9996442185232197,0.9998939092765231,0.9993185328438274,0.9995252648898285,0.9982794096759379,0.99889832162573,0.9995324542250386,0.9995259246515662,0.9842713341346419,0.9391722054195968,0.9530719719984642,0.9564416574891876,0.9399335357560871,0.9018807925883924,0.9527275936324845,0.9384629164360417,0.9550452579391373,0.9592360345979948,0.9492182286503632,0.9794415816266001,0.9795650660277729,0.990808588458585,0.9969849962718252,0.974265793438626,0.9594089972768096,0.9735770827846331,0.9717196596467303,0.9745184767651253,0.9743099996076812,0.941818689878666,0.9539843937423471,0.9566921997712033,0.9564124801996768,0.9189181080631571,0.9672192948973142,0.9689590148100005,0.9738111810429381,0.9728189837418625,0.9343662739897316,0.8684593698680728,0.836032185364218,0.8817303133100289,0.9084958198667733,0.9046558600389701,0.9053517326847754,0.9043025293876181,0.7187799297625155,-0.5763470389982462,0.9616386279642161,0.9453432096937993,0.9456534999280696,0.975274842852957,0.9565313161504261,0.9679766077981997,0.9680643323786335,0.9205220870740387,0.9695349890734283,0.9315537374716801,0.7926007130853928,0.951336622735938,0.9520865953955776,0.8115241749467857,0.9551226855279288,0.9560522067026181,0.9001553591189119,0.9777245901782371,0.8867205191821275,0.5546370038087993,0.7149393492834601,0.8946044614802419,0.8635873399276514,0.8857105855608287,0.9834319792979132,0.9836337053605028,0.7728846551950945,0.733112242525231,0.8053954845752878,0.4310352996638027,0.7860846438657666,0.8097380113068904,0.8042859296490481,0.791955639990765,0.7798057691223246,0.7445771389677474,0.7269814415425251,-0.40554947900260474,-0.5276925498342974,0.7027765851949229,0.8841553977668725,0.9163812591703001,0.9300309123041944,0.9057200771914785,0.8189512178760926,0.892573898838788,0.909639353820082,0.9092401957436206,0.8410055334944992,-0.048208857246401775],[0.9964043737143896,0.9919875740338475,0.99034114046336,0.9967857446978303,0.9985840530337581,0.9821374779451393,0.999236827908151,0.9999983438967232,0.9763367387072804,0.9999978889687464,0.9999984022621682,0.9997871640413071,0.9999976900617454,0.9999953521726315,1.0,0.9994951907853674,0.9972444267397955,0.9995064462008728,0.9999154509008632,0.9999148251751976,0.9999678143178716,0.9999977249279897,0.9915287647696708,0.9773145953546151,0.9955206843878573,0.9609435434142084,0.995326729841907,0.9917425346730465,0.9779137834790415,0.9552797456455805,0.9914254672120921,0.9942883697658041,0.9925179493093269,0.9736387829525291,0.9994978899480361,0.9995957929111094,0.9996989163381407,0.9997710929204829,0.9993221214088704,0.9995320782124367,0.9983383694816464,0.9989233082743519,0.9995684109212558,0.999443141189787,0.981965281571704,0.93919636515532,0.9531444533381147,0.9565512399791233,0.9400803273484601,0.9020127526398732,0.9571825190617306,0.9447366015022588,0.9592558601121561,0.9594663040735174,0.9494673066165092,0.9805728186394558,0.9796395446027726,0.9913263237773184,0.9968664106728196,0.9497424513042032,0.9597229008845811,0.9687744546541166,0.9717977059160382,0.9705603412545567,0.9521096582515013,0.8985936177874321,0.9541889880198343,0.9577227125610513,0.9409989069128448,0.8845668578086,0.9673710098123774,0.9414923545578873,0.9662680947912977,0.950419019837394,0.7954004823555818,0.8686691813876121,0.7993205647138076,0.8820768741159113,0.898354307149658,0.9048137778573135,0.8852947399856184,0.8944331649455464,0.3884495258352724,-0.5755306267094639,0.961692723407699,0.9455915058087735,0.9460033269319158,0.9523703076450333,0.9565705878490798,0.9680213131420174,0.9681189391148783,0.9205461142166482,0.964046518162387,0.8529358237357257,0.7926755423581766,0.9515355151720072,0.9478255825512231,0.8122029754962428,0.9551783158300279,0.9561693365276371,0.9000308399059633,0.9775482780060911,0.8362918837582678,0.5542397220286363,0.7153309075923638,0.8588258718133419,0.8497168997919894,0.8414596219762405,0.9832733603476251,0.9834455356515155,0.7732884297691454,0.7335149529469974,0.784471563777733,0.4311230562954044,0.7785206536263476,0.7924941547283546,0.7890654950816308,0.7906301664832821,0.7798430235580557,0.7451432999783546,0.7275593913555966,-0.3164805507368491,-0.46759370784107696,0.7042791564649519,0.8840715899547631,0.91956847649087,0.9339495178839536,0.9054211952069072,0.8197327012940475,0.9037932035357051,0.9208726486251317,0.919809399640165,0.7618282728650391,-0.08057086835689463],[0.9977478042654991,0.9939823783212287,0.9898081089480184,0.9979917643368685,0.9990558592092708,0.9817464558102416,0.999894067466849,0.9993650979544961,0.9743849173990722,0.9997018521675827,0.9996888549871934,0.9996876227412547,0.9994099667045481,0.9995920826006928,0.9994951907853674,1.0,0.9984979081724803,0.9998602904732077,0.9995774390677793,0.9995818933836871,0.9997840344749682,0.9995649564408403,0.9911807142708808,0.9763001095917323,0.9942432274407168,0.9538706083934889,0.9939100006872759,0.9930623737803878,0.9761799632009877,0.955786594675408,0.9918226363333386,0.9927852549562516,0.9933526348746322,0.9756269580683353,0.9993050645420906,0.999746214692562,0.9997334949022939,0.9995949327988684,0.9996362699107827,0.9997039833319599,0.9988952874161605,0.99960927029675,0.9995317537822596,0.9993036226682207,0.9806368600276749,0.9378788632301208,0.9551332576876268,0.9539837974971607,0.9409468636967331,0.9082045911775037,0.9591440612262953,0.9490322317644561,0.9614900590552858,0.9633416459703988,0.9534356862464471,0.9824602290544078,0.9815656176446386,0.9922242268526682,0.9964201743250756,0.9540701669542231,0.9632609715685685,0.9734264470824495,0.9742824219061139,0.9749629435959364,0.9548232937990799,0.9037466888339581,0.9574907479173919,0.9626941701552204,0.945680665910222,0.8923615776848757,0.9698161405285869,0.9461990926260332,0.9704157075530393,0.9545940242009004,0.8033656079926875,0.8738832628623788,0.8035128767029917,0.8872735508064884,0.9031243638704618,0.9074514026885768,0.8888751596934001,0.8994425610548507,0.3993289715679991,-0.5727380568735256,0.964892067038971,0.9502173408672883,0.9504858565342793,0.9562842578868791,0.9601931967544621,0.9710512062751118,0.9711195316460606,0.9245124786491389,0.9689550702862378,0.8600331058510358,0.7944557414838241,0.943155951892494,0.9403642724967128,0.8145045805984192,0.9552301495894112,0.9560450656514197,0.9001825954555369,0.9742893417148678,0.835600772877098,0.5639089247773093,0.7202466149344878,0.8588851243890603,0.852360076902