var element=document.getElementById("correlationClose");if(element.style.display!='none'){var correlationClose={"data":[{"type":"heatmap","z":[[1.0,0.9999901618578039,0.6997620185881767,0.9997524472112742,0.9981995349054323,1.0,0.9929769213787127,0.9898351627726586,0.9898351627726586,0.9934875633679175,0.9781106916234458,0.9876883680565187,0.9930088375270484,0.9933582965616187,0.9930523443830923,0.7188255711160668,0.6294668593426608,0.24079885980430535,0.9937637769614663,0.9937569863740398,0.9858814535136344,0.992997952214455,0.370391916054707,0.7666690674888389,0.9835301478951399,0.9835301478951399,0.983511412067497,0.9778648238736205,0.2961195724842698,-0.14866975072010036,0.9892973434587906,0.9892569923309106,0.24438658392547372,-0.22825745715621415,0.9949543256722788,0.9953243460935588,0.861822050488733,-0.34654196947292826,0.9909954198319557,0.9953611560570469,0.6976486951364206,0.2212088355699216,0.995071784770562,0.9950678524838638,0.995071784770562,0.9070100901207937,0.6573657504218374,0.928642510330858,0.9318722517945031,0.8523175430237226,0.38113130730801975,-0.18702490929496765,0.22507454787227205,0.9521639630453907,0.36612265045211273,0.9755572165206641,0.972306077979773,0.9816121700259848,0.9895174952657099,0.9372912788197536,0.9465485156019409,0.9494612414767422,0.9379702335290114,0.9467798420949787,0.9473654831303363,0.9467798420949787,0.8985340356310975,0.9283005033808293,0.929103380929179,0.9283005033808293,0.9323534835874396,0.8100737560504485,0.905778797754771,0.9069004812070024,0.905778797754771,0.7350228534472328,0.4240662404011077,0.7247323271774847,-0.5282491082584868,0.6304638295155771,0.6432908355780377,0.6434653505480481,0.6432908355780377,-0.08134495544798122,0.9203626239587583,0.9496646976638021,0.9357347924572416,0.9386126214131583,0.23948926923508437,0.9151036895091208,0.9156290843651578,0.9151036895091208,0.9188403728298278,0.9188403728298278,-0.09255616985457245,0.6039517462155028,0.14140490955916488,-0.7090023182110204,-0.6001986655052648,-0.60418562635425,-0.15644370115952957,0.1521717632132155,0.1930408044686706,-0.026016588396596752,-0.5872086530542875,-0.03867867738887146,-0.7978664732740857,-0.30805473825165974,0.17467966953428446,0.17616683283556028,-0.5812578978356924,-0.5715421477173266,-0.295512984861047,-0.5239119803830355,-0.8122245948860709,-0.4218967459624403,-0.4144491896024495,-0.4218967459624403,-0.24698551421245443,-0.36784418060643836,-0.36784418060643836,-0.8003993246157562,-0.8003993246157562,0.45048724340021945,0.6309610319569654,0.8501094987053115,0.8414457936884199,0.7554766699760352,-0.347769130195407,0.7468878571146839,0.773306690788623,0.7734939039182205,0.773306690788623,-0.1643260967550434],[0.9999901618578039,1.0,0.9830274648922577,0.9995436019401155,0.996208976874407,0.9999901618578039,0.985819827916602,0.9810034299863065,0.9810034299863065,0.9857277609577414,0.9746743081018397,0.9866212197570926,0.9858492894690074,0.9858073051486912,0.9857077059967142,0.037722512626600535,-0.05523755226539011,-0.46665778605451497,0.9888345521683599,0.9888327588150101,0.9858900340651652,0.9858942942582065,-0.1965708373148265,0.9813972316861357,0.9815058310151781,0.9815058310151781,0.9815303988400882,0.9779561527070272,0.06315424500678382,0.08744988055217387,0.9832093044555906,0.9832391615732261,0.7210896525647744,0.039335278204850194,0.9911081064451799,0.9911228369662548,0.9916325898938273,0.986784024316289,0.9901899917625767,0.9911459563623732,-0.011118410440035595,-0.4709769895137179,0.9916815396233409,0.9916806886029133,0.9916815396233409,0.9067310664340116,0.5069823027655649,0.9285827119442029,0.9316616436521087,0.8518655837544425,-0.2370764895542746,-0.4721623557713764,0.8548167300997086,0.897030665791052,-0.26006145686089066,0.9439457392723056,0.9440743807740174,0.964215935038024,0.9788479608219165,0.9574798322102233,0.9625198066284476,0.9489494296249243,0.9506925994706983,0.9518713808929867,0.9522140776025374,0.9518713808929867,0.8777999344341608,0.8539261175390344,0.8551299409075515,0.8539261175390344,0.959423625779838,0.9620854898569035,0.9593514055043665,0.9600228013446156,0.9593514055043665,0.6824730799189965,0.6387334066638765,0.7157476448152753,0.775974342911431,0.6946946665624758,0.7156627387897379,0.7166780665979536,0.7156627387897379,-0.10540203896107718,0.9277282252003929,0.946187281822784,0.9400735000516326,0.9618877041427273,-0.32447840756894947,0.9246576172473132,0.9247933819741594,0.9246576172473132,0.9302950824975728,0.9302950824975728,-0.17614735362343145,0.6048993375174886,-0.3715528294452468,-0.7982602379218677,-0.4656279448413038,-0.4696507169058434,-0.39710483898736115,0.29103052179456207,-0.26911744156165424,-0.513414420880795,-0.7526542090131649,-0.36883268833751026,-0.47224946697880105,-0.43383015446208906,0.14360464819854693,0.14126204134810916,-0.4906319806247931,-0.4592473916442162,-0.48756665897783186,-0.5193944263350126,-0.5111817587764385,-0.4899920409934859,-0.49338308917914525,-0.4899920409934859,-0.3822260135331881,-0.5503231443888531,-0.5503231443888531,-0.5152189402427642,-0.5152189402427642,0.4484872957392354,0.36995887685830936,0.5050474368532479,0.6231544406198001,0.5280679010885803,-0.44509610853264514,0.39300616503834374,0.31453260818920487,0.314723744818833,0.31453260818920487,0.20179074314875925],[0.6997620185881767,0.9830274648922577,1.0,0.6971973982624519,0.6402311180816148,0.6997620185881767,0.6786404281500473,0.6718786632293363,0.6718786632293363,0.6321285517490035,0.6005555441934277,0.9947618449664251,0.6786515169648812,0.6750871415506469,0.6787751519486649,0.37998415912641464,0.3361489249728946,-0.23142086179883514,0.6446868531639492,0.6439700946893948,0.614212000302938,0.6777306994870504,0.1547790552943505,0.812801645182495,0.6609688597256254,0.6609688597256254,0.6607463975536146,0.9891269776182463,0.2710416556293622,0.08302387694888454,0.6353312504011536,0.6349693502389772,0.6135221235291194,-0.06346531885497471,0.6741142456536043,0.6254281305869795,0.6372407954308696,0.28397776988763884,0.9933084161617511,0.6222953725843507,0.36374227888974925,-0.24103135189862837,0.6910469974461668,0.6721127986190192,0.6910469974461668,0.9042330311751448,0.42216325944446087,0.9418728337542004,0.9230638763381075,0.7642117258087018,0.23297821768955512,-0.07934461445797118,0.054617112936068746,0.5742040644844493,-0.08176083811231803,0.6195982209275862,0.5966619806207963,0.6144576368528276,0.5785267645122917,0.030233653125348654,0.8223036881220125,0.7583694111158746,0.6858985247394656,0.7638751694150235,0.7808554691928191,0.7638751694150235,0.5892523999573226,0.6826602948258137,0.7245779298844351,0.6826602948258137,0.7352679941001938,0.6972665520671536,0.749369769944644,0.7867174716007597,0.749369769944644,0.4854456342286949,-0.08345088486515767,0.5012462912788865,0.08782632870200358,0.47011800330154413,0.2684251241545543,0.5270197339455792,0.2684251241545543,-0.13095228855753066,0.6647972625740454,0.8983396627402619,0.726817777783428,0.7886328930569528,-0.08931982003534866,0.6975228905920442,0.6970258648088177,0.6975228905920442,0.7484434644324718,0.7484434644324718,-0.19040249967943962,0.7057265601556918,-0.17708635871764342,-0.7272416607277262,-0.4582118473899467,-0.4623267005870405,-0.4366710512931756,0.12951827161654605,0.019867165920825804,-0.35791332822916305,-0.70722863444558,-0.18274759472464427,-0.34447873372876886,-0.2921571630235178,0.06240770282431123,0.06091717500339288,-0.502953981675695,-0.08534228188205538,-0.27482523634074557,-0.5222319027409006,-0.2301540294899486,-0.4220184212676681,-0.3055964459843575,-0.4220184212676681,-0.43376036163330023,-0.5584130968916656,-0.5584130968916656,-0.3251505057280742,-0.3251505057280742,0.40105409208510556,0.22184842284323436,0.3013071413246457,0.5381855805339509,0.3140107807042632,-0.3990688916354831,-0.000965020703736663,0.46444044812963875,0.560784344029116,0.46444044812963875,0.009653839162796322],[0.9997524472112742,0.9995436019401155,0.6971973982624519,1.0,0.9989961045285722,0.9997524472112741,0.9940766156176288,0.9913575994318249,0.9913575994318249,0.9947896135511369,0.9764631918864417,0.9905588577149642,0.9940990147825953,0.9947146058438556,0.9941207377507326,0.7179502146650474,0.6281380463144353,0.22657970877429182,0.9946907664004098,0.994687160317657,0.9859216042231271,0.9940822387093512,0.36190139620642087,0.7708002728388875,0.985822520545572,0.985822520545572,0.9858029359753632,0.9831497423542908,0.29182537294808636,-0.15453579152449956,0.9885520895066546,0.9885190568197058,0.23652970498355763,-0.22860472199477594,0.9953791773718272,0.9959464286621994,0.8312602055783681,-0.3506242195237639,0.9930633386991798,0.9961883028341921,0.6961740370526286,0.2067278861591142,0.9935664870180807,0.9954114726005769,0.9935664870180807,0.9050435978791987,0.645898272334718,0.9313513072538959,0.9290470632243178,0.8378229018839563,0.37666467340516646,-0.19141645429016194,0.22029735915227552,0.9472806153791987,0.3510589364184589,0.9713275553479369,0.9696458121736269,0.9795803408404025,0.9892993111387757,0.9203691978996782,0.9417585701621662,0.9393620752894096,0.9350619056040288,0.9335645336800013,0.9343319504255717,0.9335645336800013,0.8924582613649339,0.9188554581957422,0.9197227428935912,0.9188554581957422,0.9298417274252128,0.7613381774962383,0.8743775965005999,0.8755224457227861,0.8743775965005999,0.7289465045073846,0.17860669603421817,0.7172733595492798,-0.5328838534069666,0.6268328897449281,0.3804225666350337,0.6167274249981334,0.3804225666350337,-0.08696917585406778,0.9165697330209053,0.9444823640339308,0.9301149910178662,0.9198888352446948,0.2259090081684389,0.911936767744884,0.9125729966498052,0.911936767744884,0.9037028346182137,0.9037028346182137,-0.09676191671738321,0.6212581682932716,0.14639224315547752,-0.7175672350948772,-0.60626365718454,-0.6101704018088484,-0.16739297406665707,0.14822788443688692,0.1869395723457727,-0.03824546128288963,-0.5976702702851461,-0.0441327792984084,-0.8027378343178784,-0.3149887358076835,0.16576373237564154,0.1673022393804276,-0.5870904720755277,-0.5682503322817455,-0.2958592675071515,-0.5329741102804849,-0.8132107115650519,-0.4225559763980594,-0.4156549273260647,-0.4225559763980594,-0.2543903598522918,-0.37621433756987394,-0.37621433756987394,-0.799607766891448,-0.799607766891448,0.442060394553872,0.6205697366471841,0.8424580459666972,0.8341216938857033,0.7488344489882092,-0.35937906342597753,0.7382743087896472,0.7647331268484319,0.7649196644220662,0.7647331268484319,-0.14985866190582064],[0.9981995349054323,0.996208976874407,0.6402311180816148,0.9989961045285722,1.0,0.9981995349054323,0.9973263572934383,0.9960761084958049,0.9960761084958049,0.9975369507838328,0.970454818048947,0.9965303550205531,0.9973418129867219,0.997409982342833,0.9973637892599759,0.6071187144214332,0.49114681803769,0.0200860330851133,0.9977068066573452,0.997706438564665,0.9882358689168694,0.9973279069252152,0.0033444082291228996,0.7569196156772041,0.9930446115252777,0.9930446115252777,0.9930068637765567,0.9912763105664592,0.06710175657949746,-0.1385338753537874,0.9873661024751743,0.9872926769706961,-0.0560972092748779,-0.13552997470655817,0.9977704506719469,0.9976924005045792,0.8265572532806527,-0.46388525873625674,0.9976601998563547,0.9980281513606665,0.5721636844484149,-0.003951200229478799,0.9977139094477222,0.9977183697079106,0.9977139094477222,0.917092212688853,0.613309678535924,0.9397208836441343,0.9278575332765286,0.8167275864812864,-0.06217244733195239,-0.5859023539272857,-0.15131190198947983,0.9384897187076114,0.2066238927717272,0.9689712284000812,0.9690058510911759,0.9827030187276886,0.9899234913374506,0.9197995136082318,0.9257578941298192,0.9300810283325853,0.9239186307401741,0.9284978690244184,0.9288233252077935,0.9284978690244184,0.8713426644695682,0.8822964718232813,0.8832504094139053,0.8822964718232813,0.9199068149971227,0.8450708596551794,0.902374676152202,0.9030059062718132,0.902374676152202,0.694669818859754,0.5960826272595627,0.6869986955850486,-0.5372200283177274,0.6742235077520685,0.6568670047579477,0.6560989428695049,0.6568670047579477,-0.0959637725503416,0.90124002010484,0.9241579484543521,0.9109377453904288,0.9269574631453434,0.07154920156740138,0.9001096285077055,0.9009380644914577,0.9001096285077055,0.9050010277109602,0.9050010277109602,-0.1330744952559618,0.6646487205694094,0.0012168962790288283,-0.7432019433609875,-0.6489974652235123,-0.6502177318315366,-0.19552834586133033,0.17153343524615525,-0.1966706667646353,-0.27891889319089885,-0.6595238285724286,-0.39401423977547917,-0.8416181193227126,-0.5784300659453852,0.13751651972359483,0.13891407450816382,-0.6104740333480221,-0.5640325185043005,-0.5582470550721244,-0.5682464770283018,-0.7679669785310795,-0.6071536802863043,-0.6101272280986746,-0.6071536802863043,-0.28874933916371237,-0.4058730267059286,-0.4058730267059286,-0.7382660006626349,-0.7382660006626349,0.4301150652621101,0.6056589696790732,0.8025977820264671,0.8010204047946918,0.741703330997862,-0.47941464022266184,0.6152669445476975,0.6634338753902723,0.663542462465518,0.6634338753902723,0.077341862317016],[1.0,0.9999901618578039,0.6997620185881767,0.9997524472112741,0.9981995349054323,1.0,0.9929769213787127,0.9898351627726586,0.9898351627726586,0.9934875633679175,0.9781106916234458,0.9876883680565187,0.9930088375270484,0.9933582965616187,0.9930523443830923,0.7188255711160668,0.6294668593426608,0.24079885980430535,0.9937637769614663,0.9937569863740398,0.9858814535136344,0.992997952214455,0.370391916054707,0.7666690674888389,0.9835301478951399,0.9835301478951399,0.983511412067497,0.9778648238736205,0.2961195724842698,-0.14866975072010036,0.9892973434587906,0.9892569923309106,0.24438658392547372,-0.22825745715621415,0.9949543256722788,0.9953243460935588,0.861822050488733,-0.34654196947292826,0.9909954198319557,0.9953611560570469,0.6976486951364206,0.2212088355699216,0.995071784770562,0.9950678524838638,0.995071784770562,0.9070100901207937,0.6573657504218374,0.928642510330858,0.9318722517945031,0.8523175430237226,0.38113130730801975,-0.18702490929496765,0.22507454787227205,0.9521639630453907,0.36612265045211273,0.9755572165206641,0.972306077979773,0.9816121700259848,0.9895174952657099,0.9372912788197536,0.9465485156019409,0.9494612414767422,0.9379702335290114,0.9467798420949787,0.9473654831303363,0.9467798420949787,0.8985340356310975,0.9283005033808293,0.929103380929179,0.9283005033808293,0.9323534835874396,0.8100737560504485,0.905778797754771,0.9069004812070024,0.905778797754771,0.7350228534472328,0.4240662404011077,0.7247323271774847,-0.5282491082584868,0.6304638295155771,0.6432908355780377,0.6434653505480481,0.6432908355780377,-0.08134495544798122,0.9203626239587583,0.9496646976638021,0.9357347924572416,0.9386126214131583,0.23948926923508437,0.9151036895091208,0.9156290843651578,0.9151036895091208,0.9188403728298278,0.9188403728298278,-0.09255616985457245,0.6039517462155028,0.14140490955916488,-0.7090023182110204,-0.6001986655052648,-0.60418562635425,-0.15644370115952957,0.1521717632132155,0.1930408044686706,-0.026016588396596752,-0.5872086530542875,-0.03867867738887146,-0.7978664732740857,-0.30805473825165974,0.17467966953428446,0.17616683283556028,-0.5812578978356924,-0.5715421477173266,-0.295512984861047,-0.5239119803830355,-0.8122245948860709,-0.4218967459624403,-0.4144491896024495,-0.4218967459624403,-0.24698551421245443,-0.36784418060643836,-0.36784418060643836,-0.8003993246157562,-0.8003993246157562,0.45048724340021945,0.6309610319569654,0.8501094987053115,0.8414457936884199,0.7554766699760352,-0.347769130195407,0.7468878571146839,0.773306690788623,0.7734939039182205,0.773306690788623,-0.1643260967550434],[0.9929769213787127,0.985819827916602,0.6786404281500473,0.9940766156176288,0.9973263572934383,0.9929769213787127,1.0,0.9977002826265746,0.9977002826265746,0.9999727822354505,0.9655489026340793,0.999713401405078,0.9999968586213313,0.9999881595107584,0.9999939311478812,0.8118574230227605,0.7960574977423953,0.19841568631874967,0.9998725857177426,0.9998729609323019,0.9907073437824365,0.9999970016722,0.28698535638013095,0.765322880166156,0.9867961383598234,0.9867961383598234,0.9880901903977353,0.9926891183347617,0.22799521104301684,-0.20300949815083064,0.9916042181809444,0.991662909973026,0.1508151588949661,-0.2696653501841247,0.9993884768324904,0.999507711579347,0.47695994270072223,-0.2969095974497645,0.9991820274205282,0.9994831323426285,0.7885851659536908,0.17728934706811503,0.9481609816719742,0.9991570190347275,0.9481609816719742,0.9248925808650184,0.6215517759636964,0.947300268161103,0.92720922233697,0.7856843785144253,0.4182300512713299,-0.12861530089431172,-0.17878871109220612,0.9365425353233932,0.3240241671040586,0.9697108102878559,0.9666508338205376,0.9807953984372744,0.9955213002871465,0.003953876558995449,0.8905543944108407,0.8531371833798715,0.8936725997201217,0.848347944749502,0.8142134247457662,0.848347944749502,0.8376564686911758,0.8202537494497786,0.8093044633396608,0.8202537494497786,0.8888528093164187,0.44357047399186983,0.6355656012155682,0.6866086277030289,0.6355656012155682,0.6636909176139917,-0.3280878945350912,0.6420057629113562,-0.5998097142579464,0.5617912938149517,-0.06335561309004364,0.4903038335844906,-0.06335561309004364,-0.1274768123217406,0.8678318491254393,0.8901454290309574,0.8766272947189259,0.7897643802706422,0.19608012100313169,0.8662093224123482,0.8671738726496979,0.8662093224123482,0.7954877037860745,0.7954877037860745,-0.1677403098437902,0.7041034928733342,0.2234038105952411,-0.7194265988872078,-0.6439759469171072,-0.6474361238833395,-0.20444872580248466,0.099891882659798,0.3103737823905459,-0.06224176405672423,-0.6047819066042731,0.023883496586352793,-0.8294819920823606,-0.21024463200064494,0.1045114817223121,0.1060537067793779,-0.6270216546988271,-0.5822140292134148,-0.1297356715987897,-0.6012184825382001,-0.829627218551695,-0.41244455453819623,-0.24965828751707483,-0.41244455453819623,-0.3169799803686426,-0.41221190009896724,-0.41221190009896724,-0.8215706272982477,-0.8215706272982477,0.42862861105429223,0.5925438258199996,0.5163454697713139,0.8073066057573645,0.7397304716994035,-0.4045259388638046,0.07691856257813882,0.744524148678387,0.763135478500233,0.744524148678387,-0.09006671604047227],[0.9898351627726586,0.9810034299863065,0.6718786632293363,0.9913575994318249,0.9960761084958049,0.9898351627726586,0.9977002826265746,1.0,1.0,0.9996095899356613,0.959710372617017,0.9988871122601409,0.9984073852402322,0.9994536628268397,0.9992292199329423,0.8084101096419591,0.7832825702583271,0.1770146362189205,0.9992539730032819,0.99925593851424,0.9882864720824825,0.9993512562840422,0.26226685237226266,0.7673614310966483,0.9933753372583322,0.9933753372583322,0.9864562929825809,0.9904928796985245,0.2108823678734838,-0.21568855418254448,0.9879794328361827,0.9913978538959148,0.13270966380613491,-0.27547934904591176,0.9984309930794215,0.9984429826578849,0.46143815996541493,-0.30269270251125485,0.9975797905995444,0.9984180175588683,0.7852400272675351,0.15554630390507898,0.9416660921226404,0.9982629108683296,0.9416660921226404,0.9229722386704358,0.6074131907859671,0.9480426522424832,0.9261176908605386,0.768422852920732,0.40601168626963313,-0.14267330942000128,-0.19015719423516392,0.929108446169226,0.3043552050572461,0.9653745949340484,0.9620372111721972,0.9762468796971664,0.9944668091113492,-0.0044399186586455645,0.882713473958249,0.8407923492324199,0.8876511195167855,0.8370336326547091,0.8039594206790843,0.8370336326547091,0.8285123558325562,0.8055536606588625,0.7980567805056398,0.8055536606588625,0.8829754132560439,0.42746584906962876,0.6189687500126175,0.6727676985819566,0.6189687500126175,0.6545167351713658,-0.3410769467163549,0.6313151829661342,-0.605606410102156,0.5564060270568395,-0.08305503479484992,0.4768569373927457,-0.08305503479484992,-0.13307615124681024,0.8609455652976783,0.880699885115913,0.867963711532301,0.7771723451996291,0.17858811275448794,0.8598894400121172,0.8610109788994508,0.8598894400121172,0.78202640554188,0.78202640554188,-0.18091900626806146,0.7239244135560723,0.2294661553654082,-0.7282029303336497,-0.6551995986988316,-0.6584934141590534,-0.21816524738578041,0.09352573501768949,0.3032940204306342,-0.08072348064137866,-0.6164549718703298,0.014675830675508905,-0.8342221663201198,-0.21670392450682796,0.09078447624521005,0.09235163489250191,-0.6372245533053582,-0.5827427594992245,-0.13647516841297633,-0.615662666241709,-0.8284417710789999,-0.42308659841955315,-0.25572618598517277,-0.42308659841955315,-0.3325892288704863,-0.4245279918816117,-0.4245279918816117,-0.8189066897009224,-0.8189066897009224,0.41286593804276617,0.5771132814144757,0.4989483999087736,0.7906589574144323,0.7280710437202415,-0.4241749933969325,0.06400787815249805,0.7263206224340186,0.7479767122749684,0.7263206224340186,-0.0733890116046998],[0.9898351627726586,0.9810034299863065,0.6718786632293363,0.9913575994318249,0.9960761084958049,0.9898351627726586,0.9977002826265746,1.0,1.0,0.9996095899356613,0.959710372617017,0.9988871122601409,0.9984073852402322,0.9994536628268397,0.9992292199329423,0.8084101096419591,0.7832825702583271,0.1770146362189205,0.9992539730032819,0.99925593851424,0.9882864720824825,0.9993512562840422,0.26226685237226266,0.7673614310966483,0.9933753372583322,0.9933753372583322,0.9864562929825809,0.9904928796985245,0.2108823678734838,-0.21568855418254448,0.9879794328361827,0.9913978538959148,0.13270966380613491,-0.27547934904591176,0.9984309930794215,0.9984429826578849,0.46143815996541493,-0.30269270251125485,0.9975797905995444,0.9984180175588683,0.7852400272675351,0.15554630390507898,0.9416660921226404,0.9982629108683296,0.9416660921226404,0.9229722386704358,0.6074131907859671,0.9480426522424832,0.9261176908605386,0.768422852920732,0.40601168626963313,-0.14267330942000128,-0.19015719423516392,0.929108446169226,0.3043552050572461,0.9653745949340484,0.9620372111721972,0.9762468796971664,0.9944668091113492,-0.0044399186586455645,0.882713473958249,0.8407923492324199,0.8876511195167855,0.8370336326547091,0.8039594206790843,0.8370336326547091,0.8285123558325562,0.8055536606588625,0.7980567805056398,0.8055536606588625,0.8829754132560439,0.42746584906962876,0.6189687500126175,0.6727676985819566,0.6189687500126175,0.6545167351713658,-0.3410769467163549,0.6313151829661342,-0.605606410102156,0.5564060270568395,-0.08305503479484992,0.4768569373927457,-0.08305503479484992,-0.13307615124681024,0.8609455652976783,0.880699885115913,0.867963711532301,0.7771723451996291,0.17858811275448794,0.8598894400121172,0.8610109788994508,0.8598894400121172,0.78202640554188,0.78202640554188,-0.18091900626806146,0.7239244135560723,0.2294661553654082,-0.7282029303336497,-0.6551995986988316,-0.6584934141590534,-0.21816524738578041,0.09352573501768949,0.3032940204306342,-0.08072348064137866,-0.6164549718703298,0.014675830675508905,-0.8342221663201198,-0.21670392450682796,0.09078447624521005,0.09235163489250191,-0.6372245533053582,-0.5827427594992245,-0.13647516841297633,-0.615662666241709,-0.8284417710789999,-0.42308659841955315,-0.25572618598517277,-0.42308659841955315,-0.3325892288704863,-0.4245279918816117,-0.4245279918816117,-0.8189066897009224,-0.8189066897009224,0.41286593804276617,0.5771132814144757,0.4989483999087736,0.7906589574144323,0.7280710437202415,-0.4241749933969325,0.06400787815249805,0.7263206224340186,0.7479767122749684,0.7263206224340186,-0.0733890116046998],[0.9934875633679175,0.9857277609577414,0.6321285517490035,0.9947896135511369,0.9975369507838328,0.9934875633679175,0.9999727822354505,0.9996095899356613,0.9996095899356613,1.0,0.96463136585612,0.9996803797165332,0.9999736955196835,0.999972938992462,0.9999766621862006,0.6559364638343562,0.5438836285632417,0.07805608100117907,0.9998312059019893,0.9998321172476663,0.9906293385334044,0.9999711443896532,0.059749780593196467,0.7460905385535691,0.9957091405742119,0.9957091405742119,0.9956708418501529,0.9925879374058483,0.055326252492855485,-0.14695043234617253,0.9910349569291049,0.9909915029347285,-0.034395366353382875,-0.231878419347854,0.9994454697367952,0.9994047267196442,0.8295470494811459,-0.4645288648326859,0.9991251365935296,0.9994559462637729,0.6228468546296017,0.0541952180598157,0.9993216733779345,0.9993269057666252,0.9993216733779345,0.9245765174626634,0.6219464491589192,0.9469960262305576,0.9267163070700101,0.7852642159864534,0.03362003443208806,-0.5418449727535777,-0.11125198003271065,0.9331574324239031,0.26921042655674327,0.9670190281152787,0.9666505652151447,0.9829789388882705,0.9948480474588353,0.8960261814287908,0.8913233923983764,0.9073879504019049,0.8947049338889793,0.9057485929833496,0.9062854408940785,0.9057485929833496,0.8374686930418243,0.8641843839501097,0.8653696904675812,0.8641843839501097,0.8901977024713094,0.8110814448056387,0.8761051399852425,0.8770972232446032,0.8761051399852425,0.6637745132624074,0.5298221344380091,0.6415706971587595,-0.5964233010636983,0.6120312834618219,0.583549012670721,0.5834612196004113,0.583549012670721,-0.0809456842755073,0.8687130984269958,0.8902251960971974,0.877202770340861,0.9038889342771874,0.11016816786110824,0.8712325362806176,0.8728120517711194,0.8712325362806176,0.8762769694184764,0.8762769694184764,-0.16925008538618858,0.7052105940052955,0.029376380240641854,-0.7307292073366931,-0.676032601241026,-0.6774675189110932,-0.20787308537326638,0.10340331978196124,-0.2009488688356813,-0.2443059869645778,-0.641429058618758,-0.41989899946853126,-0.8621460688541412,-0.61127956445906,0.10359761952878448,0.105605995170091,-0.6284154354876172,-0.5783932494168876,-0.568391364444594,-0.6026618049889567,-0.794764218585935,-0.6300717247958362,-0.6324972396032935,-0.6300717247958362,-0.31864935287282925,-0.41522438334763506,-0.41522438334763506,-0.7755799856607015,-0.7755799856607015,0.42718749665621103,0.5906189469251715,0.8135885197507575,0.8111894217415825,0.7376502860001134,-0.4308346229255017,0.6453937835375926,0.6887816635751756,0.688965508614451,0.6887816635751756,0.14660233802397996],[0.9781106916234458,0.9746743081018397,0.6005555441934277,0.9764631918864417,0.970454818048947,0.9781106916234458,0.9655489026340793,0.959710372617017,0.959710372617017,0.96463136585612,1.0,0.953091214916197,0.9655672804607792,0.9655983028673054,0.9653229888615354,0.42024627443580603,0.3041601320301765,-0.15276999744953446,0.9694085026092802,0.9693897281260037,0.9656646495176007,0.9656568188201758,-0.031620259335280364,0.7826521632130641,0.9669633857642818,0.9669633857642818,0.967118074832154,0.912745841822949,0.14422058083423941,-0.13497624145497633,0.971528476761865,0.9716176052424079,0.10899669376942013,-0.006019889043645519,0.9725483096503442,0.972766999020554,0.8979681905693128,-0.3421034943458769,0.9602188197838365,0.9718425204302891,0.3807199794211359,-0.1725770463153972,0.9735139099899652,0.973485227138138,0.9735139099899652,0.843192952202651,0.43003198179269636,0.8622532561024728,0.9156082309290963,0.8776979073324949,-0.47515978633347816,-0.670564981364072,-0.1862570661301545,0.9029304229509707,-0.04098924198599785,0.928529248373201,0.9285853368714616,0.9441715641218543,0.9698794394657644,0.8972933949870652,0.8996161992504075,0.9092347985887009,0.900174769984985,0.9029186600752096,0.9034165343965804,0.9029186600752096,0.8609519476217014,0.8387766094089901,0.8399628370414383,0.8387766094089901,0.8964498546762397,0.9090510568110026,0.8945876247656328,0.8950183070639698,0.8945876247656328,0.7377435114968498,0.6788906725823661,0.7385084023487176,-0.25366548812818257,0.7508969298575184,0.7649536361562274,0.7669996867437777,0.7649536361562274,-0.23551629541930025,0.8959071559507688,0.9422190640995939,0.9086741190343045,0.9086308526751458,-0.04817004743724305,0.8904308926360649,0.8911716185927189,0.8904308926360649,0.8971418424836033,0.8971418424836033,0.0370001973550831,0.4396755554700303,-0.14185408412383196,-0.6746654711216091,-0.44936282911912523,-0.4519816975858679,-0.0827109873748779,0.4388365845477803,0.00536189094345136,-0.2123579776377912,-0.569536185623231,-0.12174303113521298,-0.789692417711691,-0.2867738897855779,0.3016467406174884,0.30187056930899164,-0.4208838257844633,-0.4316087162068605,-0.38818122723125137,-0.39994719648323934,-0.6556978549277934,-0.40741095673460104,-0.40988273400970454,-0.40741095673460104,-0.14853647224275443,-0.4567815479717339,-0.4567815479717339,-0.542503245798219,-0.542503245798219,0.5584832396469088,0.6487226876369335,0.7547373244053585,0.709606222852804,0.8111685880022216,-0.5165383614672504,0.42210582744375896,0.535521067876919,0.5358562028943101,0.535521067876919,-0.11961478698265617],[0.9876883680565187,0.9866212197570926,0.9947618449664251,0.9905588577149642,0.9965303550205531,0.9876883680565187,0.999713401405078,0.9988871122601409,0.9988871122601409,0.9996803797165332,0.953091214916197,1.0,0.9997135965874233,0.9997109500823544,0.9996865746870431,0.1531375401153945,0.049432065874857156,-0.5383404667457182,0.9998229909655912,0.9998246691938601,0.9997172046951791,0.9997161258235865,-0.28475019376434413,0.9748201735417487,0.9952776661097836,0.9952776661097836,0.9952616459899211,0.9942578425636216,0.058021035262926596,0.05217646045634118,0.9925983091427484,0.9926403525794035,0.7764234938267321,-0.03958131463867626,0.9991576236686495,0.9991208165271307,0.999007816946643,0.999456373292512,0.9994928136793676,0.9991922083080037,0.09755087095621551,-0.5458057597493937,0.9989643623646304,0.9989705721146243,0.9989643623646304,0.9195553176190473,0.466678379434259,0.9428580441472885,0.9229904083485497,0.7851998136686437,-0.36372137248503833,-0.5871540612335373,0.8355968335287804,0.8640108894019111,-0.3460503032480013,0.9399747052543944,0.9401624471153315,0.9723326774004679,0.9941281932633207,0.9096635392000046,0.9147493874798457,0.8932807276809652,0.8978677827492657,0.8976578896850521,0.89813736896474,0.8976578896850521,0.8013045272196198,0.7716130147373306,0.7731426952639624,0.7716130147373306,0.9164102195877925,0.9216488149186894,0.9153063294136219,0.9161301256050894,0.9153063294136219,0.5823591950327603,0.5297858510454232,0.615115890426485,0.691312935692084,0.6012266623392615,0.6274191943965136,0.6294415016730925,0.6274191943965136,-0.2803330696503953,0.8639105518256597,0.8918925738461106,0.8817354705047774,0.9159569407537872,-0.34717743017152747,0.8598995977380891,0.8600946324946094,0.8598995977380891,0.8677004011193151,0.8677004011193151,-0.22040705883945763,0.699217661053408,-0.3936787161631963,-0.8140140270327579,-0.538028635489497,-0.5411158829244317,-0.43782108758777516,0.24574440155498672,-0.3070059727957354,-0.5446465062443813,-0.7738844084242837,-0.4112278772900603,-0.5879751891616893,-0.4862824278348518,0.09554587338391164,0.09362683500843444,-0.5591746542471437,-0.5326421072578881,-0.5539301541463771,-0.5900879627991663,-0.583222870237892,-0.5574173597651148,-0.560626154524086,-0.5574173597651148,-0.4482322070242379,-0.6371180944338253,-0.6371180944338253,-0.6261413091600664,-0.6261413091600664,0.4230934895994711,0.34429724320821803,0.484542370587813,0.5974282625911526,0.5310289412053238,-0.5756836828904096,0.33493989724498646,0.29043886056600315,0.2906736666117756,0.29043886056600315,0.2740252983665516],[0.9930088375270484,0.9858492894690074,0.6786515169648812,0.9940990147825953,0.9973418129867219,0.9930088375270484,0.9999968586213313,0.9984073852402322,0.9984073852402322,0.9999736955196835,0.9655672804607792,0.9997135965874233,1.0,0.9999913852532285,0.9999954852493468,0.8118562372804855,0.7825809911085795,0.19846998375892594,0.9998739374579277,0.9998742647148138,0.990738372307362,0.9999975651593153,0.28727917794390145,0.7653682347965166,0.991641101562598,0.991641101562598,0.9880815086220366,0.9926756212993721,0.22823748277863423,-0.20296058290086547,0.991656454396624,0.9916728054159336,0.15103319039646063,-0.2696324139578992,0.9993901483524024,0.9995105342501106,0.47693319071187595,-0.2967171549522053,0.9991832544248723,0.9994895949073953,0.7885723178822739,0.1773492892371128,0.9481475337039691,0.9991591899849509,0.9481475337039691,0.9248921704967952,0.6216756738903695,0.9473751874632824,0.9272627791646891,0.7857507156195938,0.41858114700115784,-0.12820989654351733,-0.17845651226145914,0.9365989756089648,0.3240840136611684,0.9697892052234208,0.9666973441199791,0.9808699766793436,0.9955354647665037,0.0041238376053622195,0.890658700053139,0.8532097947718488,0.8937669905558204,0.848418935232594,0.8141627861620542,0.848418935232594,0.8377359528977184,0.8202917352587477,0.8092486569019226,0.8202917352587477,0.8889725847945661,0.44345866139266626,0.6355636821238212,0.6865317164592208,0.6355636821238212,0.6636541092133895,-0.32810989013552266,0.6419873125287768,-0.5997225254334647,0.5617082875227738,-0.06347782892579325,0.4903285024581701,-0.06347782892579325,-0.1276166192182505,0.8678945048090485,0.8902320490676404,0.8766969531409428,0.7897571771371162,0.1961357759457836,0.8662751748205451,0.8672356734795291,0.8662751748205451,0.7955379000428993,0.7955379000428993,-0.16768334861704293,0.7041321530589635,0.22351302124198788,-0.7194555737687229,-0.6438978496501133,-0.6473627294859431,-0.20452200922686345,0.0997811168323347,0.3105331507832153,-0.06222620756791643,-0.6048299766452543,0.024124018204411,-0.829253675991179,-0.20997879095429045,0.10457795151913517,0.10613337046425893,-0.627005107547315,-0.582029612243222,-0.1295100577230554,-0.6011855410961535,-0.8295361958148555,-0.41224299950388926,-0.24947248138528477,-0.41224299950388926,-0.3168266173973302,-0.41217912542072455,-0.41217912542072455,-0.821527085881867,-0.821527085881867,0.42903099984745885,0.5926578146643307,0.5165693252612824,0.8075354773893937,0.7397862940190594,-0.4043400013673588,0.07717619578985951,0.7447563522483972,0.7632434373292363,0.7447563522483972,-0.09010037843079108],[0.9933582965616187,0.9858073051486912,0.6750871415506469,0.9947146058438556,0.997409982342833,0.9933582965616187,0.9999881595107584,0.9994536628268397,0.9994536628268397,0.999972938992462,0.9655983028673054,0.9997109500823544,0.9999913852532285,1.0,0.9999890342078279,0.7274341769885075,0.6330205614307243,0.20013763321730493,0.9998961709860482,0.9998968595608391,0.9907279476456297,0.9999889025990336,0.28678783286979975,0.7620860724971635,0.9944828899965436,0.9944828899965436,0.9944524367609698,0.9926387677571873,0.22114935111573672,-0.20366806193150444,0.9921049399497066,0.9921064513565496,0.17273129805726317,-0.26908676793616226,0.9995595174810211,0.9995102184917372,0.8622899662151701,-0.38306725103831174,0.9991808728138596,0.9994935624046055,0.7021214826306882,0.1790453259002135,0.9994606718016904,0.9994652622317307,0.9994606718016904,0.92475129265825,0.6217784731283812,0.947155891644997,0.9269723313692826,0.7854986802644196,0.3001018489024932,-0.29617505729641364,0.12761577419832976,0.936481316282626,0.32453224126299063,0.9672956547216864,0.966718447766564,0.9795960976025078,0.9957722166702385,0.9020618621478377,0.8899591252496146,0.912404656578724,0.893714024315223,0.9111967383335994,0.9119444612316799,0.9111967383335994,0.8370575333956707,0.8819591156522366,0.883160791850137,0.8819591156522366,0.888814565409222,0.7944449649251094,0.8799908388461919,0.881356333496585,0.8799908388461919,0.6633369412028484,0.523455592539205,0.6407908400146267,-0.599466441108682,0.5603717475947899,0.5591207611346057,0.5600043733209134,0.5591207611346057,-0.12988059546236966,0.867788616567924,0.8899621205209327,0.8762991399349518,0.9082945430410903,0.1980315997910498,0.8662313317370237,0.8674216810974444,0.8662313317370237,0.8750168190541642,0.8750168190541642,-0.16799103825843828,0.7039034824171729,0.12864124139320243,-0.7185577286376427,-0.6435621882577818,-0.6467578990566789,-0.20453690801309712,0.09881067609009164,0.08298735644038766,-0.060758612526710117,-0.603642872892801,-0.16475713872205894,-0.8392192582069007,-0.426403826885184,0.10388239589242652,0.1059266652582577,-0.6270457039802797,-0.581352203046297,-0.4176573182253751,-0.6009648608738332,-0.8221527305729454,-0.5274372445854909,-0.5235582010544837,-0.5274372445854909,-0.31612027816067134,-0.41224012734601356,-0.41224012734601356,-0.8129393029957089,-0.8129393029957089,0.4267925380086622,0.5924079520246563,0.8196093136314005,0.8109089395609959,0.7399377658189799,-0.4040082526731692,0.7028203402868097,0.7319453019342008,0.7320431690348402,0.7319453019342008,-0.057593793580068525],[0.9930523443830923,0.9857077059967142,0.6787751519486649,0.9941207377507326,0.9973637892599759,0.9930523443830923,0.9999939311478812,0.9992292199329423,0.9992292199329423,0.9999766621862006,0.9653229888615354,0.9996865746870431,0.9999954852493468,0.9999890342078279,1.0,0.8007028502535746,0.7265339615877614,0.19862129936110764,0.9998768677439711,0.9998770825707688,0.9908610082167323,0.9999953715411287,0.2879405152068198,0.765212080719815,0.9946427251154439,0.9946427251154439,0.9945595051212754,0.9926129335726703,0.2285241636378138,-0.20297803710894113,0.9925682514473205,0.9926070711714952,0.1517568690485561,-0.26946485828083977,0.9994336529991954,0.9995102495028909,0.47601825656803226,-0.2960200440955244,0.999146554779497,0.9994920704700705,0.7856424105952406,0.17752100900269863,0.947738788591649,0.9992076164809454,0.947738788591649,0.9251070619400589,0.6222972284664172,0.9474808779898989,0.9273377314595767,0.7855121642227905,0.41985263901947956,-0.12678403591552292,-0.17868395945110427,0.9369047591372148,0.3243505811745352,0.9701510210036447,0.9669715202482904,0.9811073734381803,0.9955774568037352,0.003158628815349275,0.8908814463776439,0.8531122785160239,0.8939534310946987,0.8483501629951258,0.8137404578814945,0.8483501629951258,0.8379046027111869,0.820209784612993,0.8095530209970508,0.820209784612993,0.8892323555713373,0.44282260199096085,0.6351041319707172,0.6865144646875149,0.6351041319707172,0.6635280180502214,-0.3292037223685281,0.6419439932212919,-0.5999256218138277,0.5613860008750486,-0.06440864477908144,0.4900005452981575,-0.06440864477908144,-0.12758399136286586,0.8680006889970502,0.8900202720340448,0.8768163236992318,0.7829955025611874,0.19651286828393338,0.8663401914641135,0.8672916941415362,0.8663401914641135,0.7953498572291161,0.7953498572291161,-0.16893564828163973,0.7048698387679685,0.22398744248371477,-0.7194142705125232,-0.6442298399918212,-0.6476984949209006,-0.20551109728471875,0.09869757780528135,0.31086008568455814,-0.06257168364774861,-0.6049804777185616,0.024235157258094973,-0.8285503961762021,-0.20980237875312352,0.10370615818633515,0.10526031865183524,-0.6275437535139836,-0.5822216987845426,-0.12896021691541765,-0.6022128160222927,-0.8295732541379882,-0.4121779925469227,-0.2489473831256908,-0.4121779925469227,-0.3176350783481306,-0.41257596355739773,-0.41257596355739773,-0.8218696381459146,-0.8218696381459146,0.4291877841421923,0.5923495914468219,0.5161241790322468,0.8079495227672504,0.7392838837529359,-0.40393479490225237,0.07656941395300097,0.7451670187118804,0.7638483454912359,0.7451670187118804,-0.08985403817274246],[0.7188255711160668,0.037722512626600535,0.37998415912641464,0.7179502146650474,0.6071187144214332,0.7188255711160668,0.8118574230227605,0.8084101096419591,0.8084101096419591,0.6559364638343562,0.42024627443580603,0.1531375401153945,0.8118562372804855,0.7274341769885075,0.8007028502535746,1.0,0.991974886816056,0.42691229211205395,0.7776386078385181,0.7776013301262202,0.6962512834217708,0.7992984151917082,0.3358382003571492,0.36432239795592347,0.7926901535031632,0.7926901535031632,0.7776269885592301,-0.24456171563362444,0.1972050897282921,-0.15743502580642157,0.8391454455211413,0.8359286636906034,0.1608437143223876,-0.2145799226829033,0.806880485634976,0.6832398367572258,0.25245415616666395,-0.3170151989634399,0.16787093936142491,0.6474176335005954,0.9983298444053174,0.4099269735119382,0.7322309293874755,0.8065265114707179,0.7322309293874755,0.11016007141260617,0.5195306556375656,-0.31003687997349294,-0.3339991857338438,-0.0059239450654166225,0.39340790410706,-0.0549654449477204,-0.21101816769309234,0.6702411447343798,0.3990943477274141,0.8064738849937126,0.6706610256990853,0.7662936893293814,0.7883040969698519,-0.10658232599661409,0.0748453721024411,0.5445989844664664,0.3947922216516336,0.5341946