var element=document.getElementById("correlationClose");if(element.style.display!='none'){var correlationClose={"data":[{"type":"heatmap","z":[[1.0,0.9999892196761495,0.6747243912101024,0.9997377758044625,0.9980700299904683,1.0,0.9925905107714689,0.98916635516223,0.98916635516223,0.9931686783089797,0.9771866094540963,0.9870193136733778,0.9926259752971255,0.9930100968551848,0.9926745677841281,0.7763706699321493,0.7047415523873225,0.28489545935846383,0.9934572701820762,0.9934495194993465,0.9855949753362712,0.9926162794344818,0.40173481507045766,0.7478346330966736,0.9823667551821169,0.9823667551821169,0.9823476110702665,0.9752977533285395,0.3178098560309201,-0.1291669624550688,0.9896164333141279,0.9895780606637274,0.2693171700916741,-0.20299229093424834,0.994770415828241,0.9952718755909988,0.8518503424659541,-0.35648547045298296,0.9905851837976938,0.995255366503279,0.7600892397800835,0.2655525896925062,0.9949020183850021,0.9948960386236805,0.9949020183850021,0.8967142864949101,0.6540507155495968,0.9159360086195175,0.9207670944286819,0.8342594204986722,0.37790547854050205,-0.17659854748578582,0.21272922988760626,0.9491203946255055,0.3821414095776362,0.9752173127349459,0.971234141959092,0.9807644977793802,0.9897075122765931,0.9327289457141374,0.9406187753295674,0.9463988432209216,0.9324880548253109,0.9436482060431534,0.9442769632703353,0.9436482060431534,0.8880871939004755,0.9239756770900969,0.9248577812913813,0.9239756770900969,0.9256057071704034,0.794947769238036,0.8986715249045655,0.8999143384134267,0.8986715249045655,0.7094831590870373,0.39197693260114413,0.6961982119912836,-0.5444921733934728,0.6017911206786186,0.6212541495891498,0.6216625638506856,0.6212541495891498,-0.09202482527117535,0.9137462673763648,0.9444543481123275,0.9292301617920633,0.9341182358058622,0.2764982175151788,0.9087305772846774,0.9093950304680334,0.9087305772846774,0.9130826391871842,0.9130826391871842,-0.09439865896106639,0.5911234096741883,0.15845290424529265,-0.6824624472342423,-0.5884285495601467,-0.5922483074558306,-0.12986067907511445,0.12673120880147962,0.20706035898932296,0.01066368841261121,-0.550944196234373,-0.016869862987774854,-0.7967233964955994,-0.28537989181132944,0.1615949182665797,0.1631511969956794,-0.5706136214969143,-0.5773560955645823,-0.27490102532862326,-0.5126395538994529,-0.8155715078976282,-0.40394222551572145,-0.3962271591002766,-0.40394222551572145,-0.22075277138644303,-0.33831920577891816,-0.33831920577891816,-0.8035201277727341,-0.8035201277727341,0.405672131379343,0.6307290089524769,0.8532388092117925,0.8400748633813745,0.7567018273675877,-0.32931403981707413,0.7474965642694966,0.7788392183381414,0.7790015426928748,0.7788392183381414,-0.19033906482076707],[0.9999892196761495,1.0,0.9807977437991718,0.9994849207266254,0.9958760037782638,0.9999892196761494,0.9847560660232177,0.9792246530823785,0.9792246530823785,0.9846336032797354,0.9721737406549502,0.9858278699774946,0.984794500007594,0.9847434548128149,0.9846434952114952,0.16910677938516205,0.0774368503560847,-0.43226921088274994,0.9882200376231545,0.9882138318285384,0.9848410109031495,0.9848417619085373,-0.15469028486184014,0.9798636257171793,0.9798255782573863,0.9798255782573863,0.9798600416674214,0.9754742038079846,0.10092620651960918,0.12381065095377097,0.9825227020842827,0.9825624168791054,0.8096994953345878,0.1061567251621465,0.9906903197362988,0.9907272466488062,0.9912549902988831,0.985861287744987,0.9896754668140741,0.9907467408031199,0.12176295354792573,-0.4370709624692427,0.9913171237804463,0.991312384411492,0.9913171237804463,0.896475844089242,0.5018773121210243,0.915974752157807,0.9206531498657087,0.8337493895883035,-0.29059406976887014,-0.488142088228364,0.842424816209094,0.8846439871979872,-0.2516335880146998,0.9394036542043178,0.93954096730395,0.9595909358795043,0.9780139394363141,0.9520194856659934,0.9579589721774923,0.9434281147123154,0.9442406880308933,0.9469830422210189,0.9473754128630674,0.9469830422210189,0.8608083687581026,0.834949103573312,0.8365167968060306,0.834949103573312,0.9541927493291815,0.9572588857202676,0.9541062695369154,0.9548533458147973,0.9541062695369154,0.6352975908086409,0.5861722955549902,0.6741880508993219,0.7477091139673955,0.6594673178511699,0.6825621738908493,0.6832674475074361,0.6825621738908493,-0.14349177536570906,0.9184085306003581,0.9400417209734695,0.9325910284276645,0.9569502437807518,-0.29085010251053867,0.9148614767200235,0.9150286833680344,0.9148614767200235,0.9214696927824645,0.9214696927824645,-0.180417099549853,0.592089683061984,-0.3652810792340813,-0.777029756696761,-0.45797904307531384,-0.4618131160082032,-0.37740597122244635,0.26989845851488026,-0.25976811159044844,-0.4895224788831977,-0.7281958676266513,-0.3514110150425326,-0.4758955245652267,-0.4134328394143797,0.1319163568894837,0.12918616788197304,-0.48590599005523955,-0.4514020051672511,-0.48006268089980275,-0.5115280794128496,-0.503665031839178,-0.4825192211947921,-0.48580838491300976,-0.4825192211947921,-0.36248344303992325,-0.5320041080981083,-0.5320041080981083,-0.5005738030301001,-0.5005738030301001,0.4042911354963869,0.3682089975134358,0.4964233198762573,0.6006976449964185,0.5252810981317507,-0.43794120614207493,0.3719510936953299,0.3149907717152831,0.31513486902729293,0.3149907717152831,0.16677243832913738],[0.6747243912101024,0.9807977437991718,1.0,0.671605072607446,0.6063532356031457,0.6747243912101024,0.6553970800248596,0.6476312241671707,0.6476312241671707,0.6006526815779472,0.5644877469639649,0.9951766663762585,0.6554180947785375,0.6497058342167715,0.6555845067535303,0.41777348950860616,0.3901619765986066,-0.20634368949847243,0.6180626609597761,0.6174175212400943,0.58477485276999,0.6545467493384879,0.18347758025401023,0.7934530639428822,0.6347005702750689,0.6347005702750689,0.6344715041066684,0.9881307236649731,0.2975194232442383,0.11835595499327584,0.6135233378104736,0.6131406663489971,0.6647630556130456,-0.024934856776608696,0.6512516954963723,0.5945086127000636,0.6179267987391376,0.29921321865276346,0.9934074738531835,0.590177638127825,0.40454419229158595,-0.21542511685408597,0.6681825703865547,0.6493126221045535,0.6681825703865547,0.8936450122781888,0.407333497541221,0.9316622946450515,0.9102679875015354,0.734584031117156,0.22104418279829272,-0.06691444213014369,0.05183426258808043,0.5395392942659212,-0.08468145536333146,0.5968246903786532,0.565855620775258,0.5866384496983218,0.5507245592680424,0.00602297677750028,0.8000364166298585,0.7341977937455654,0.6492946581226754,0.7399308520637379,0.7648102469431936,0.7399308520637379,0.5408058170556456,0.6495670984947735,0.702821803258324,0.6495670984947735,0.7046149895513896,0.6804572834181902,0.7310967471025279,0.7748725943208804,0.7310967471025279,0.4242384533221412,-0.0858098100855563,0.4403888204721391,0.09772075426127431,0.421595613647161,0.26470827271581854,0.4976384211408342,0.26470827271581854,-0.14726075758234783,0.6229188162507893,0.8844902175088283,0.6918718364644094,0.7759727924952843,-0.06312115356285025,0.661118766284568,0.660857550378931,0.661118766284568,0.723668249737289,0.723668249737289,-0.19760587820524816,0.7025650235991061,-0.18375267583837535,-0.6974082610352959,-0.4387417686906736,-0.4426057152370618,-0.4248380033498808,0.09940683307004196,0.020326324606413537,-0.3355158384789319,-0.6773390838680803,-0.1712846948905576,-0.32035209486974536,-0.27273652008835503,0.04215846282720509,0.04064030944079082,-0.4889435333080066,-0.06549822868443482,-0.25998183636643973,-0.5106042195452563,-0.2057541909887247,-0.40559126467300943,-0.2874086588228277,-0.40559126467300943,-0.41874468147920263,-0.5407795337515297,-0.5407795337515297,-0.3067628218493057,-0.3067628218493057,0.35082040823409816,0.19778623291069908,0.2865773698439202,0.5220162978624544,0.28787833150939773,-0.3831029496617058,-0.01179650275371074,0.4580086636314578,0.5587178687589813,0.4580086636314578,-0.012800433871469265],[0.9997377758044625,0.9994849207266254,0.671605072607446,1.0,0.9989420629239031,0.9997377758044624,0.9938023571624633,0.9908168931551592,0.9908168931551592,0.9945959001981515,0.9753943441768064,0.9902257686800919,0.9938279657567155,0.9944934751331616,0.9938537424254367,0.7756177426616366,0.7036002744289783,0.2703897384359368,0.9944893819809006,0.9944840336396091,0.9856908626984616,0.9938110534140439,0.3932545305147401,0.7520567549870197,0.9848218567748973,0.9848218567748973,0.9848021261068572,0.9813011448986152,0.3136685787679523,-0.1351880037768475,0.9889406430969835,0.9889102356827517,0.2615371366857562,-0.20322426209411731,0.9952738741099737,0.9959767408296261,0.8193362287178839,-0.3608283538924157,0.9928944606847455,0.9961761722809508,0.758659584818945,0.250763110675743,0.9933386502353272,0.9953128965474907,0.9933386502353272,0.8944915916023617,0.6421059876550773,0.9193956084151513,0.9178562311077499,0.8179283835109912,0.37312060907399475,-0.18139144012500297,0.20752475368971862,0.9439009016784241,0.3666443961232664,0.9708625389400221,0.9684288369829096,0.9786637299926959,0.989584702535113,0.914297977387325,0.9351871893197173,0.9352102544732828,0.9292094966853384,0.9290083934247856,0.9298485994620901,0.9290083934247856,0.8812939278162961,0.9134065663462596,0.9143669758686419,0.9134065663462596,0.9227914319857022,0.7424114027043073,0.8646976319312097,0.8659586105831992,0.8646976319312097,0.7025557367254723,0.15584593283344775,0.6877608138622023,-0.5490552815506133,0.5976802876938423,0.35780343356975636,0.5936510997263502,0.35780343356975636,-0.09797804741748577,0.9094200605409456,0.9384454816962703,0.9228834654019437,0.9138277906077357,0.26264754987271405,0.9050789543081861,0.9058676255750154,0.9050789543081861,0.8963862690124009,0.8963862690124009,-0.09884082781313376,0.6099307262591449,0.1632827769274395,-0.6916369582834716,-0.5948211909957551,-0.5985592621473041,-0.14127135973990898,0.12248560450100611,0.20060177840281834,-0.0018889720388010514,-0.5621032311327343,-0.022687428989761515,-0.8019370559579563,-0.29261751284378934,0.15223751055642876,0.15384989007493552,-0.5767720212904125,-0.5739509654092733,-0.2755883763740186,-0.5222779856520905,-0.8167594625987789,-0.4048640306053938,-0.3977030241338647,-0.4048640306053938,-0.22856889688471588,-0.3471496379276842,-0.3471496379276842,-0.8028471016036798,-0.8028471016036798,0.3966634503498802,0.6198087502718588,0.8454432678506344,0.8325241435726138,0.7497055071586038,-0.3414437462530152,0.7386423321464183,0.7700944323706677,0.7702548593546755,0.7700944323706677,-0.17568491111457843],[0.9980700299904683,0.9958760037782638,0.6063532356031457,0.9989420629239031,1.0,0.9980700299904683,0.997240381396413,0.9958407383534928,0.9958407383534928,0.9974452309095053,0.9685206438311008,0.996413542751681,0.9972580264204225,0.9973320155885849,0.997282603984829,0.6839584081706522,0.5870667617788965,0.0643604254543173,0.9976808111589313,0.9976806406152432,0.9878196509113986,0.9972453780264501,0.03830702600781262,0.7350894943093841,0.9925620466498926,0.9925620466498926,0.992523367004926,0.9902788609925406,0.08965027604095488,-0.11830553675452082,0.9875023618737627,0.9874332720635439,-0.03097814180408679,-0.10512663319928241,0.9977699756281446,0.9976978751179751,0.8119665980424885,-0.4794220768724314,0.9976020374438548,0.9980264137945356,0.6552568512673956,0.04019191755253258,0.9977138317344997,0.9977183712163485,0.9977138317344997,0.9079575783857542,0.6075443548026704,0.9307129463038328,0.9188165209105901,0.7951060016728555,-0.07748905113338224,-0.5855494756097909,-0.17604004219265024,0.9338776580022494,0.22115890312032893,0.9673822835358677,0.9674135876078497,0.9813752538600717,0.9901661038361119,0.9133059291120942,0.9182666029201643,0.9257624216791194,0.9174781373588503,0.9241057233106287,0.9244578730011073,0.9241057233106287,0.8586275880116073,0.8735957050036994,0.8746691291240523,0.8735957050036994,0.9123738082483519,0.8311271003085419,0.893992877275595,0.8947315488266805,0.893992877275595,0.6652801980072826,0.556460571133989,0.6554888047849915,-0.5615849227341375,0.6474856727574763,0.6283574850926883,0.6276307296820145,0.6283574850926883,-0.1107575534916964,0.8931998704895374,0.9166627319764719,0.9024077420338142,0.9209628210806752,0.10853164055435205,0.8923616682832983,0.8932914904903858,0.8923616682832983,0.8979101178108477,0.8979101178108477,-0.13676772958130792,0.6558896041090486,0.018210146750515677,-0.7196391847717618,-0.640395568713526,-0.6413433731880173,-0.1712675609506596,0.14577044744200265,-0.18670447107253424,-0.24645790900546455,-0.6292543760534007,-0.3779699180764002,-0.8454162916264236,-0.5640492796408331,0.12294139399053586,0.1244051621680875,-0.6015744481428703,-0.5685867569258116,-0.5460002146460959,-0.5591446867909442,-0.7733652655780267,-0.5966438091892997,-0.5995949301906935,-0.5966438091892997,-0.265350733939661,-0.37903523434729214,-0.37903523434729214,-0.7424035806107323,-0.7424035806107323,0.38506869949097294,0.6034226742665489,0.8015396121348332,0.7922515352654758,0.7412542435355064,-0.46545591604861886,0.6052550418734144,0.664512501273657,0.6646517501440324,0.664512501273657,0.051066380848596396],[1.0,0.9999892196761494,0.6747243912101024,0.9997377758044624,0.9980700299904683,1.0,0.9925905107714689,0.98916635516223,0.98916635516223,0.9931686783089797,0.9771866094540963,0.9870193136733778,0.9926259752971255,0.9930100968551848,0.9926745677841281,0.7763706699321493,0.7047415523873225,0.28489545935846383,0.9934572701820762,0.9934495194993465,0.9855949753362712,0.9926162794344818,0.40173481507045766,0.7478346330966736,0.9823667551821169,0.9823667551821169,0.9823476110702665,0.9752977533285395,0.3178098560309201,-0.1291669624550688,0.9896164333141279,0.9895780606637274,0.2693171700916741,-0.20299229093424834,0.994770415828241,0.9952718755909988,0.8518503424659541,-0.35648547045298296,0.9905851837976938,0.995255366503279,0.7600892397800835,0.2655525896925062,0.9949020183850021,0.9948960386236805,0.9949020183850021,0.8967142864949101,0.6540507155495968,0.9159360086195175,0.9207670944286819,0.8342594204986722,0.37790547854050205,-0.17659854748578582,0.21272922988760626,0.9491203946255055,0.3821414095776362,0.9752173127349459,0.971234141959092,0.9807644977793802,0.9897075122765931,0.9327289457141374,0.9406187753295674,0.9463988432209216,0.9324880548253109,0.9436482060431534,0.9442769632703353,0.9436482060431534,0.8880871939004755,0.9239756770900969,0.9248577812913813,0.9239756770900969,0.9256057071704034,0.794947769238036,0.8986715249045655,0.8999143384134267,0.8986715249045655,0.7094831590870373,0.39197693260114413,0.6961982119912836,-0.5444921733934728,0.6017911206786186,0.6212541495891498,0.6216625638506856,0.6212541495891498,-0.09202482527117535,0.9137462673763648,0.9444543481123275,0.9292301617920633,0.9341182358058622,0.2764982175151788,0.9087305772846774,0.9093950304680334,0.9087305772846774,0.9130826391871842,0.9130826391871842,-0.09439865896106639,0.5911234096741883,0.15845290424529265,-0.6824624472342423,-0.5884285495601467,-0.5922483074558306,-0.12986067907511445,0.12673120880147962,0.20706035898932296,0.01066368841261121,-0.550944196234373,-0.016869862987774854,-0.7967233964955994,-0.28537989181132944,0.1615949182665797,0.1631511969956794,-0.5706136214969143,-0.5773560955645823,-0.27490102532862326,-0.5126395538994529,-0.8155715078976282,-0.40394222551572145,-0.3962271591002766,-0.40394222551572145,-0.22075277138644303,-0.33831920577891816,-0.33831920577891816,-0.8035201277727341,-0.8035201277727341,0.405672131379343,0.6307290089524769,0.8532388092117925,0.8400748633813745,0.7567018273675877,-0.32931403981707413,0.7474965642694966,0.7788392183381414,0.7790015426928748,0.7788392183381414,-0.19033906482076707],[0.9925905107714689,0.9847560660232177,0.6553970800248596,0.9938023571624633,0.997240381396413,0.9925905107714689,1.0,0.9975985376273614,0.9975985376273614,0.9999719716896347,0.9629211718574259,0.9996943368058344,0.9999967234849686,0.9999874325564895,0.9999936415745109,0.8514065389301677,0.8384416137968306,0.23736588693965685,0.9998667902728081,0.99986711502993,0.9902546755224003,0.999996913021505,0.313451711283239,0.7481138316359377,0.9862839630188939,0.9862839630188939,0.9873979731952284,0.9918159667720462,0.24600613241418753,-0.1865790212902187,0.991698038118443,0.9916903458350297,0.17174359432502348,-0.2474270730052479,0.9993654031797161,0.9994816999136595,0.45096738998623126,-0.303962821452504,0.9991014506101639,0.9994484839303588,0.8326097829407244,0.21643108572727984,0.9449217045735319,0.9991240810895734,0.9449217045735319,0.9168544326491143,0.6155708625492943,0.941424148582053,0.9208658360218028,0.7617357730330246,0.4132156675679725,-0.11966620607127118,-0.18839174334343134,0.9323596530331099,0.33650377020120914,0.9687000726369509,0.9647026737834089,0.9797030048472193,0.9956444168239832,-0.016798881789016836,0.8806825280091661,0.8429138531442629,0.8857212283161112,0.837766530820474,0.8025147334510896,0.837766530820474,0.8231469252818969,0.8076633866868654,0.7969261915576719,0.8076633866868654,0.8795061780121944,0.4144139132870271,0.6126230628476599,0.6696474749104214,0.6126230628476599,0.6342172769296417,-0.33681910955176697,0.6087166327638592,-0.6144519928139464,0.5302368457296284,-0.07915493175319402,0.4632689001635963,-0.07915493175319402,-0.1388855681971686,0.8582039130973474,0.8800408881929636,0.8659346434891413,0.7781749551242987,0.22849000313408346,0.8571413748815374,0.8583041088458813,0.8571413748815374,0.7806192025167441,0.7806192025167441,-0.17244176992694588,0.6972630531215719,0.2326514809808571,-0.6965880896400813,-0.6339773557541922,-0.6372758746985215,-0.18162387732370974,0.07382877090120993,0.3196479529337024,-0.029509930231572546,-0.5730342162166374,0.04141487983713157,-0.8285089142221546,-0.18966563004294543,0.08919736188637899,0.09081496803075804,-0.6180422628992539,-0.5860214175586483,-0.110834573227457,-0.593157820396472,-0.831961360492552,-0.3962679510208662,-0.23100938095514986,-0.3962679510208662,-0.2957407652386494,-0.3867276516264043,-0.3867276516264043,-0.823953473917575,-0.823953473917575,0.3849410742599352,0.588611942670261,0.5101968481355492,0.803476886100964,0.7378615617248082,-0.3890738078320953,0.07058480172061696,0.7464984717956982,0.7654542082430928,0.7464984717956982,-0.1116119495508194],[0.98916635516223,0.9792246530823785,0.6476312241671707,0.9908168931551592,0.9958407383534928,0.98916635516223,0.9975985376273614,1.0,1.0,0.9995850399527282,0.9566424150792269,0.9988100636143628,0.9983268464332267,0.9994320898707789,0.9991883019784469,0.848583270141467,0.8268293883731213,0.21588475783721053,0.9992239130753625,0.9992260751912985,0.9877443596127358,0.9993178451412024,0.2884889956594762,0.7497082817562176,0.9930743378080051,0.9930743378080051,0.9856226873548726,0.9893313085926407,0.2287725216087089,-0.19953749527295384,0.9880635304208353,0.9914910492060738,0.15346346330140606,-0.25319106748700565,0.9983723269312752,0.9983679598078615,0.4343085534832486,-0.31015052090193357,0.9973508851665628,0.9983220208777106,0.8299816574324914,0.19457596382243456,0.937956760568736,0.99820254914647,0.937956760568736,0.9146474715936653,0.6009877599152021,0.9418735756308207,0.9188400341582916,0.742192662444157,0.4006752125749368,-0.13410639351906756,-0.2003256683957398,0.9243956809836263,0.31653554161781794,0.9642337882550899,0.9598348812024707,0.9749045650473217,0.9946423879029588,-0.02580644039163451,0.8714810232723295,0.8291062295564445,0.8787930766323938,0.8250320603466844,0.791442626505329,0.8250320603466844,0.812742148062684,0.7912338238969161,0.7846861681325459,0.7912338238969161,0.8727825341839289,0.39702661343868484,0.5946037734111056,0.6548303952712222,0.5946037734111056,0.6234487167740385,-0.35050618578974085,0.5963554987688823,-0.6210467494520567,0.5238739998138356,-0.0997988142710762,0.44868807497717766,-0.0997988142710762,-0.14496968087321163,0.8501608200625277,0.868728708945994,0.8558083603749868,0.7647763650599377,0.21102099277742625,0.8496708454737744,0.8510015260255959,0.8496708454737744,0.7655837345622816,0.7655837345622816,-0.1863808869642367,0.7188303455612718,0.23921502370560518,-0.7055282990277761,-0.6457802640351974,-0.6489051567872419,-0.19570755276456928,0.06682302931116839,0.312635938674538,-0.04821511718188799,-0.5850108459187059,0.032210126228732185,-0.8337683353782299,-0.19611145558608425,0.07478404397594221,0.07642844722631768,-0.62880344425903,-0.5868126431827235,-0.11757376262359795,-0.6085191080787209,-0.831152720245302,-0.407219312349127,-0.2370965189022249,-0.407219312349127,-0.3120093124075329,-0.399525051095392,-0.399525051095392,-0.8216269876993731,-0.8216269876993731,0.3674478310458264,0.5726445296351462,0.49227283231803726,0.7863081099904271,0.7258617173743038,-0.4094878998510698,0.05720345947931586,0.7279588086485105,0.7500903399089411,0.7279588086485105,-0.09482852082935307],[0.98916635516223,0.9792246530823785,0.6476312241671707,0.9908168931551592,0.9958407383534928,0.98916635516223,0.9975985376273614,1.0,1.0,0.9995850399527282,0.9566424150792269,0.9988100636143628,0.9983268464332267,0.9994320898707789,0.9991883019784469,0.848583270141467,0.8268293883731213,0.21588475783721053,0.9992239130753625,0.9992260751912985,0.9877443596127358,0.9993178451412024,0.2884889956594762,0.7497082817562176,0.9930743378080051,0.9930743378080051,0.9856226873548726,0.9893313085926407,0.2287725216087089,-0.19953749527295384,0.9880635304208353,0.9914910492060738,0.15346346330140606,-0.25319106748700565,0.9983723269312752,0.9983679598078615,0.4343085534832486,-0.31015052090193357,0.9973508851665628,0.9983220208777106,0.8299816574324914,0.19457596382243456,0.937956760568736,0.99820254914647,0.937956760568736,0.9146474715936653,0.6009877599152021,0.9418735756308207,0.9188400341582916,0.742192662444157,0.4006752125749368,-0.13410639351906756,-0.2003256683957398,0.9243956809836263,0.31653554161781794,0.9642337882550899,0.9598348812024707,0.9749045650473217,0.9946423879029588,-0.02580644039163451,0.8714810232723295,0.8291062295564445,0.8787930766323938,0.8250320603466844,0.791442626505329,0.8250320603466844,0.812742148062684,0.7912338238969161,0.7846861681325459,0.7912338238969161,0.8727825341839289,0.39702661343868484,0.5946037734111056,0.6548303952712222,0.5946037734111056,0.6234487167740385,-0.35050618578974085,0.5963554987688823,-0.6210467494520567,0.5238739998138356,-0.0997988142710762,0.44868807497717766,-0.0997988142710762,-0.14496968087321163,0.8501608200625277,0.868728708945994,0.8558083603749868,0.7647763650599377,0.21102099277742625,0.8496708454737744,0.8510015260255959,0.8496708454737744,0.7655837345622816,0.7655837345622816,-0.1863808869642367,0.7188303455612718,0.23921502370560518,-0.7055282990277761,-0.6457802640351974,-0.6489051567872419,-0.19570755276456928,0.06682302931116839,0.312635938674538,-0.04821511718188799,-0.5850108459187059,0.032210126228732185,-0.8337683353782299,-0.19611145558608425,0.07478404397594221,0.07642844722631768,-0.62880344425903,-0.5868126431827235,-0.11757376262359795,-0.6085191080787209,-0.831152720245302,-0.407219312349127,-0.2370965189022249,-0.407219312349127,-0.3120093124075329,-0.399525051095392,-0.399525051095392,-0.8216269876993731,-0.8216269876993731,0.3674478310458264,0.5726445296351462,0.49227283231803726,0.7863081099904271,0.7258617173743038,-0.4094878998510698,0.05720345947931586,0.7279588086485105,0.7500903399089411,0.7279588086485105,-0.09482852082935307],[0.9931686783089797,0.9846336032797354,0.6006526815779472,0.9945959001981515,0.9974452309095053,0.9931686783089797,0.9999719716896347,0.9995850399527282,0.9995850399527282,1.0,0.9619435675243887,0.9996612038229379,0.9999730858458861,0.9999722365548844,0.9999764360699938,0.7245102163405045,0.6313240810786258,0.11901369410671105,0.9998242638450704,0.99982507425881,0.9901583268794409,0.9999703897345811,0.09141222509172614,0.7255703783393066,0.9954265654939767,0.9954265654939767,0.995384698062004,0.9916995841231128,0.07608515515385264,-0.12804478031980523,0.9909414153919126,0.9909007656634435,-0.011314433739196328,-0.20746513441652384,0.9994173110095164,0.9993765629692251,0.8165340187794146,-0.47766926979139296,0.9990411907987292,0.9994234157716699,0.6972558157336248,0.09515488754865185,0.9992859581908795,0.9992911865071473,0.9992859581908795,0.9165553740009174,0.6160505866611703,0.9411317626284236,0.920379982157474,0.7612471170609818,0.021703709418808056,-0.53933394878266,-0.1332230025903687,0.9286051816575533,0.28211415660884975,0.9652044186719084,0.9647226747323265,0.9817717174818182,0.9949309008693049,0.8886348186878442,0.8815045001996332,0.9021864250232262,0.8867433935790778,0.9005068558523291,0.9010644673553845,0.9005068558523291,0.8228313187555193,0.855400621565362,0.856764085232494,0.855400621565362,0.8808971273692208,0.7959369593564126,0.8667595973123068,0.8678505852765582,0.8667595973123068,0.6340540322644097,0.4879095173048901,0.608226582566438,-0.6177437706027811,0.5829203087591229,0.5521022437000446,0.5518252573504324,0.5521022437000446,-0.09385465336634345,0.8589976434719379,0.8800308727101624,0.8664182400314308,0.8969644988856322,0.14415000475925113,0.8623712481834251,0.8640946190275326,0.8623712481834251,0.868056061838891,0.868056061838891,-0.17406332029628693,0.6983868641393588,0.04468166272879235,-0.7083206691807927,-0.6678192815620914,-0.66911287228573,-0.18509058493747585,0.0771171876529698,-0.19151370880171512,-0.21285817588341976,-0.61200234436366,-0.40495075875700887,-0.8646692815805961,-0.5982675387627425,0.08845643711789666,0.09028236022269687,-0.6195301165888818,-0.5821234351957565,-0.5563185549412948,-0.5947220689699599,-0.7987923098432135,-0.6200207330785944,-0.6223452775885565,-0.6200207330785944,-0.29756248987555367,-0.3898891766970481,-0.3898891766970481,-0.7790284556664384,-0.7790284556664384,0.384198215732562,0.5867874924790121,0.8123633655187079,0.8037320531084406,0.7358484010478333,-0.4159323413062568,0.6375425792019582,0.6896489541284376,0.6898206302494906,0.6896489541284376,0.12466600172448704],[0.9771866094540963,0.9721737406549502,0.5644877469639649,0.9753943441768064,0.9685206438311008,0.9771866094540963,0.9629211718574259,0.9566424150792269,0.9566424150792269,0.9619435675243887,1.0,0.9484521921253243,0.9629408261943918,0.9629658110310119,0.962675445351424,0.5170242782852198,0.4140176851610681,-0.10673242222902925,0.9670810563475939,0.967060832175694,0.9630486682816423,0.9630408195784897,0.008224038070432812,0.7641240684564172,0.9644355391690167,0.9644355391690167,0.9646010440216733,0.9007506680093709,0.1726324721178981,-0.11397324769370813,0.9694836609445807,0.9695828332789186,0.13939981331136606,0.04023506490919187,0.9704740581591289,0.9707059581434999,0.8897773893438239,-0.36518743893151073,0.9562564416111163,0.9697147834064768,0.4839209482421932,-0.12726266936659364,0.9715173208003882,0.971487080299878,0.9715173208003882,0.8260678283378887,0.4185510636259591,0.8422886034338646,0.9050334440745851,0.8637000644014872,-0.49954303948631823,-0.6747654404213435,-0.21839316275973658,0.8952142371931,-0.02383269472881212,0.9229452595736678,0.9230056751042438,0.9405293776120256,0.9678332462754705,0.8905360394680876,0.8919791043643791,0.9060228125365875,0.8934804696653629,0.8993322828417593,0.8998699968044265,0.8993322828417593,0.8504295680900731,0.8307041313333702,0.8322175108378914,0.8307041313333702,0.8887925601407805,0.9025430005428347,0.886799587701129,0.8873158376624704,0.886799587701129,0.71399872376451,0.649001437859878,0.7149002657447002,-0.29000047156161785,0.7306989168539676,0.7457029245363442,0.7478246335461081,0.7457029245363442,-0.25130357353293087,0.8901543149976748,0.9394654607209482,0.9037779167043034,0.9024752459572486,-0.009836351141011597,0.8842116523541148,0.8850645847247198,0.8842116523541148,0.8918307709987047,0.8918307709987047,0.04194655903323549,0.41187153520399133,-0.12555848829691146,-0.6467308121367769,-0.4344876413991107,-0.4369285864099008,-0.05188621355293654,0.4231176870714381,0.023291417608037813,-0.174964620638237,-0.5336398417356178,-0.0948834802080689,-0.7935996384334827,-0.25880514451352005,0.29438327183917107,0.2944156759123217,-0.4059877898335721,-0.4317626790907837,-0.3704814578803009,-0.3810672192478963,-0.6607812998749448,-0.39021915251614625,-0.3925444936085822,-0.39021915251614625,-0.11954867731902863,-0.4305967572447446,-0.4305967572447446,-0.5396819520920774,-0.5396819520920774,0.5264353561562023,0.6479963144305019,0.7508077034488392,0.6926738637529863,0.8118440059237854,-0.5042773353092869,0.401788828655576,0.534564485365635,0.5348740543922392,0.534564485365635,-0.15629026776812308],[0.9870193136733778,0.9858278699774946,0.9951766663762585,0.9902257686800919,0.996413542751681,0.9870193136733778,0.9996943368058344,0.9988100636143628,0.9988100636143628,0.9996612038229379,0.9484521921253243,1.0,0.9996943882450409,0.9996907335062588,0.9996640979090743,0.2748050957865631,0.17397987962200304,-0.5113134910214303,0.9998082262027732,0.9998101673629425,0.9996986433228683,0.9996978102792602,-0.2519296326458365,0.9729536119367327,0.994866188761668,0.994866188761668,0.994847416402748,0.9936492339657118,0.08950889105974735,0.07973856115849852,0.9919503532077102,0.9919974587186754,0.8467787467510497,0.013615942031115531,0.9990802040730409,0.9990379853128774,0.9989185722952109,0.9994085019479508,0.9994483321240657,0.9991186878706991,0.2211223905387936,-0.5193502872270163,0.9988688198163171,0.9988759563196112,0.9988688198163171,0.9110741005618598,0.4566594840730331,0.9370474360942833,0.9171317723723704,0.7615429870108923,-0.4085321686247919,-0.6009537307671116,0.8215235896964104,0.8499101940815973,-0.3411141378829034,0.9344461569262664,0.9346491668509253,0.9702609534938765,0.9937684098972158,0.9010486481330566,0.9071157440201246,0.8844322413980237,0.8877151984701287,0.8896338654528375,0.8901691822033421,0.8896338654528375,0.7791088182989159,0.74743614585275,0.7493503365883325,0.74743614585275,0.9080423072660011,0.9137783394408192,0.9068218416316486,0.9077651974969067,0.9068218416316486,0.5301585633003307,0.4716052634567529,0.5678823985744974,0.6579324049934072,0.5607473387404076,0.5894447760524104,0.5913164649323609,0.5894447760524104,-0.32017111888448885,0.8504127461651136,0.8825401812043651,0.8705348422923853,0.9077477444706616,-0.3181685238139012,0.8458552256242315,0.8460928110831352,0.8458552256242315,0.8548441616044671,0.8548441616044671,-0.2260195099140372,0.6916528006423762,-0.3873023039114377,-0.7961086487009378,-0.5322484216038028,-0.5351217081377709,-0.42161859549265784,0.2217220759712181,-0.30071676863799324,-0.5240679522001048,-0.7532382242881165,-0.397306093312313,-0.5923793801676672,-0.4697855476433311,0.08034701650341759,0.07813086484281687,-0.5556448828180065,-0.5269786900058173,-0.548130983810994,-0.5839609360782366,-0.577483280255405,-0.5516421186649074,-0.5547390654516953,-0.5516421186649074,-0.4326225082466415,-0.6233702730458304,-0.6233702730458304,-0.6164785551799128,-0.6164785551799128,0.38037122298066234,0.3374527612024023,0.47200631911628804,0.5733368211027006,0.5245645639796471,-0.5726443418883734,0.3104335036057288,0.2857210645300979,0.285917972910768,0.2857210645300979,0.24725705710104148],[0.9926259752971255,0.984794500007594,0.6554180947785375,0.9938279657567155,0.9972580264204225,0.9926259752971255,0.9999967234849686,0.9983268464332267,0.9983268464332267,0.9999730858458861,0.9629408261943918,0.9996943882450409,1.0,0.999990892343933,0.9999952716242738,0.8513882515170952,0.8278032141591521,0.237411757833503,0.9998680256529698,0.9998683116658439,0.9902868675795268,0.9999974793214249,0.31374398552644656,0.7481716384318726,0.991269063972735,0.991269063972735,0.9873896201800592,0.9918034649267007,0.24624804213556012,-0.1865311454025011,0.9917378819573198,0.9916990633809597,0.17196063516336293,-0.2473966155115694,0.9993669538783457,0.9994845337780353,0.45094590965015463,-0.30376043702049255,0.9991036075337641,0.9994556205817928,0.832580376088208,0.21648299404646348,0.9449085938477728,0.9991260907015942,0.9449085938477728,0.9168720838776296,0.6157029513784773,0.9415670273736357,0.9210057655509191,0.7618365870205978,0.41357818213968545,-0.11924887912899991,-0.18804472486691035,0.932423186428386,0.33656195891702234,0.9687815114885596,0.9647533081369324,0.9797819248687257,0.9956573005435665,-0.0166172820674761,0.8808128360672328,0.8430008810431914,0.8858302380345866,0.8378520312541052,0.8024644724997971,0.8378520312541052,0.8232401621824028,0.8077155519935033,0.7968715148856337,0.8077155519935033,0.8796430074679044,0.4143037336333351,0.6126290726472724,0.6695699851300427,0.6126290726472724,0.6341866579096861,-0.3368362539823579,0.6087052779534223,-0.6143512156334651,0.5301566237542339,-0.0792749443731273,0.46330272888550145,-0.0792749443731273,-0.13902557889364794,0.8582802561921988,0.8801571146267495,0.8660246820031486,0.7781700627275152,0.22853913242427912,0.857221655587588,0.8583795399965165,0.857221655587588,0.7806827482982186,0.7806827482982186,-0.17238267122752846,0.6972943978332078,0.23276172562120662,-0.6966281235821731,-0.6338967547373344,-0.6372001493215115,-0.18170412403438782,0.07371735967502303,0.3198056801742834,-0.029502612201390416,-0.5730954999184815,0.041656357611782616,-0.8282659752211082,-0.18939569643302145,0.08926794494379545,0.09089922331744132,-0.6180253764997444,-0.5858261974117934,-0.11060665951889219,-0.5931222811201928,-0.8318598226999524,-0.396061494606491,-0.2308212051598049,-0.396061494606491,-0.2955848274936219,-0.38669690671425794,-0.38669690671425794,-0.8239012744037234,-0.8239012744037234,0.38538571534555993,0.5887234643412879,0.5104260923436877,0.8037112257420912,0.7379119341716035,-0.3888817929636141,0.07085090827865476,0.7467307045641058,0.7655593475185343,0.7467307045641058,-0.111639144317829],[0.9930100968551848,0.9847434548128149,0.6497058342167715,0.9944934751331616,0.9973320155885849,0.9930100968551848,0.9999874325564895,0.9994320898707789,0.9994320898707789,0.9999722365548844,0.9629658110310119,0.9996907335062588,0.999990892343933,1.0,0.999988348135657,0.7836144955166664,0.7067799289657687,0.23919019910786854,0.9998905803928186,0.9998912328502024,0.9902775889307424,0.99998833355263,0.3147226941619959,0.7445501240144253,0.9941828734408446,0.9941828734408446,0.9941488933988967,0.9917459046700989,0.24059545059864004,-0.18687787822956914,0.9921044059691152,0.9921089521091838,0.19477592444873074,-0.2467337127586564,0.9995384297810103,0.99948429442528,0.8528238014709458,-0.39293516631069053,0.9990999023722502,0.99945961735447,0.7631562125985142,0.21829397701737174,0.9994344541291064,0.9994390386581252,0.9994344541291064,0.9167469934640572,0.6158111281343202,0.9413533629873734,0.9207358261889095,0.7614780632046984,0.29437598084216526,-0.2886407847290038,0.11269241132770708,0.9323162372560914,0.3371310188679202,0.965957066978114,0.9647734033976966,0.9783891922863814,0.995886101914128,0.895536364362542,0.8801048610378942,0.9073261617853069,0.8857951714526202,0.9061944020484299,0.9069791550751563,0.9061944020484299,0.822529014443469,0.8748705766315134,0.8762157961455298,0.8748705766315134,0.8795010610497145,0.7792629126948472,0.871707147424446,0.8731845396138759,0.871707147424446,0.6337657589391741,0.48685478154630457,0.607571409364881,-0.6161355191438881,0.5289674148555005,0.5316470704713867,0.5325038677706853,0.5316470704713867,-0.14083435366733948,0.8581602020541683,0.8798338632035889,0.8655669355638642,0.9021388231428162,0.2307142702410564,0.857174493096331,0.8585614160492367,0.857174493096331,0.8667765873359166,0.8667765873359166,-0.17272299224088883,0.6969395591213974,0.14388759968405787,-0.6956496884712914,-0.633541627560575,-0.6366537022558095,-0.18169039086435523,0.07274125938914892,0.09417759699337103,-0.02806761565622994,-0.5717736242635345,-0.1462422907743167,-0.8390394588632548,-0.4079015609900025,0.08879622991104323,0.09065981375655964,-0.6180667869748951,-0.5850892676229023,-0.4010953009324455,-0.5928881300241867,-0.8248859804103441,-0.513450178476555,-0.5093161189075796,-0.513450178476555,-0.29495959848992903,-0.3868184244811965,-0.3868184244811965,-0.815564111281763,-0.815564111281763,0.38361336438961263,0.5885619623026966,0.8203109393629434,0.8072318864869079,0.7381311105864811,-0.3884669534224645,0.7007308036611432,0.7348014059517266,0.7348910146617615,0.7348014059517266,-0.07913742910643],[0.9926745677841281,0.9846434952114952,0.6555845067535303,0.9938537424254367,0.997282603984829,0.9926745677841281,0.9999936415745109,0.9991883019784469,0.9991883019784469,0.9999764360699938,0.962675445351424,0.9996640979090743,0.9999952716242738,0.999988348135657,1.0,0.842460321347647,0.7831153832717532,0.23754560756209325,0.9998707946034733,0.9998709622128412,0.9904160212542192,0.9999952140313052,0.314400618304567,0.7480177016590257,0.9943810037323406,0.9943810037323406,0.9942915725043747,0.9917357345976432,0.24652335877845585,-0.18655757360164768,0.9926157273487798,0.9926573063126205,0.17268854197001882,-0.24723240295396248,0.9994117928433843,0.999483838831491,0.4500014011328679,-0.30302645885348756,0.9990626550729985,0.9994579896328456,0.8302943707783682,0.21663832701849267,0.9444784577519535,0.9991760394181833,0.9444784577519535,0.9171113369375996,0.6163442999365463,0.9417167210090377,0.9211378411052528,0.7615866681876845,0.4148844321921259,-0.11778214540981352,-0.18826473387688544,0.9327485231879198,0.3368259466546566,0.9691568964090468,0.9650440296206088,0.9800329664351829,0.995697291341073,-0.017595009437955753,0.881057490200104,0.842911414799112,0.8860367035818906,0.8377939861004661,0.8020444608694566,0.8377939861004661,0.8234229477707014,0.8076499361081021,0.7972114157582965,0.8076499361081021,0.879925507873543,0.4136571248700802,0.6121585501311838,0.6695644142736704,0.6121585501311838,0.6340590329072157,-0.33794723548756833,0.6086582033201184,-0.6145390122803722,0.5298246428029589,-0.08022266108465596,0.4629721714772993,-0.08022266108465596,-0.1389852568718511,0.8583995505409312,0.8799276382512787,0.8661517740297056,0.7708152051101154,0.22890886592628443,0.8573043178430932,0.8584529847034925,0.8573043178430932,0.7804973331363017,0.7804973331363017,-0.1736944081802301,0.6980683282138883,0.23324063879610704,-0.696601653540081,-0.6342421643667193,-0.6375498565143506,-0.18274069551893704,0.07259905908524057,0.3201262968282939,-0.029879665746636374,-0.5732782760663321,0.041757422419923126,-0.8275225235558131,-0.18922572919234787,0.08836181278011392,0.08999199847549463,-0.618586950649843,-0.5860293388702517,-0.11005153160473242,-0.5942101881356974,-0.8318836020335394,-0.39599922643438185,-0.23028996252439227,-0.39599922643438185,-0.2964347845312821,-0.38711645887853247,-0.38711645887853247,-0.8242428104803459,-0.8242428104803459,0.3855796703622387,0.5883996781836137,0.5099579968111142,0.8041350625249093,0.7373824595570647,-0.3884628149633726,0.0702292184201281,0.7471385799287099,0.766164706601877,0.7471385799287099,-0.11136638740379273],[0.7763706699321493,0.16910677938516205,0.41777348950860616,0.7756177426616366,0.6839584081706522,0.7763706699321493,0.8514065389301677,0.848583270141467,0.848583270141467,0.7245102163405045,0.5170242782852198,0.2748050957865631,0.8513882515170952,0.7836144955166664,0.842460321347647,1.0,0.9932693417011649,0.41851791683041467,0.8236344282372303,0.8236050804142874,0.756191492465144,0.8413569030362913,0.33175862212772306,0.41938553593575884,0.8346179947976563,0.8346179947976563,0.820821947436484,-0.12576701242524702,0.1940660596476977,-0.17169060126131838,0.8719000670448143,0.8693310156961576,0.1559150598349042,-0.23468236869478534,0.8475556041246038,0.7471157572290884,0.27427989070826647,-0.31830071485521294,0.2901860245205717,0.7171996688660396,0.9983778280172114,0.4010131891603879,0.7736897477632244,0.8472758549907468,0.7736897477632244,0.24717560031084676,0.5474122030952877,-0.17451639115954673,-0.1949261241986844,0.11840320320998879,0.40023795252174754,-0.059596806032492344,-0.21049841133725983,0.7319011471118237,0.40180624402783793,0.8445065612233836,0.7353764991753625,0.8150672826480223,0.8323839476756322,-0.10156066219976827,0.19763595196488995,0.6042917255825047,0.48402246680383193,0.5945947804467603,0.6518749962553695,0.594594