var element=document.getElementById("correlationAdjClose");if(element.style.display!='none'){var correlationAdjClose={"data":[{"type":"heatmap","z":[[1.0,0.9999931480113468,0.9853595807842233,0.9999259585094141,0.9990669660226339,0.9859474506736041,0.997827343568639,0.9959252361534685,0.9691907923336898,0.99625505065049,0.9942658562179203,0.993782640560422,0.996048934162796,0.9960816450413339,0.9959724564233096,0.9975621076681815,0.9978252682146268,0.9983382498814978,0.9965894433757783,0.9966003999834927,0.9966556378543843,0.9960040326329017,0.98705679846527,0.9710391598019951,0.9895002771720863,0.9560208041314034,0.9884680428819993,0.9868525260447905,0.9671154043179285,0.9504593722409853,0.9930668924229455,0.994134180243061,0.9921427286654311,0.9762673022700473,0.9977328586702363,0.997974756321007,0.9974792463327449,0.9961047818963467,0.9957056956088196,0.9978590761588262,0.998749082149339,0.9987943716540256,0.997687837298635,0.9976971378614059,0.9767493544899843,0.9129589316338826,0.9481331024814309,0.9160594931522031,0.9169236649382477,0.8980973565006319,0.9635681133684336,0.9470167712169142,0.9652009431385944,0.9652046745088757,0.9555960780407176,0.9845843543083643,0.981566552663998,0.9903417102310851,0.9944866953745319,0.9862818414873757,0.9816983640680103,0.9878652026147116,0.9858734174392954,0.9884335168887337,0.9882350453139458,0.9650995879251719,0.9732837184367819,0.9749172891616414,0.9745934830177418,0.9515833855052162,0.9796843490845759,0.9770885067071995,0.9844708646129583,0.9837226521040245,0.9417269452353422,0.8824753107357525,0.8491423466680637,0.8989035918930435,0.9182632088640602,0.9150434037597212,0.9162266385033617,0.9148820353859463,0.6796672837915557,-0.5634141761320343,0.9802225032828772,0.9749146052099826,0.9715911271615694,0.9870264339952514,0.9741994372640603,0.9841456210790558,0.9841117421495653,0.9492915633071803,0.9842665763217304,0.9525377974545809,0.7542909514261152,0.8982647581738687,0.9253825330365885,0.7889142059714523,0.9485183082512905,0.94933206963437,0.8988870199556873,0.9636612948160338,0.8962210391912002,0.6132335590798652,0.7188098178689215,0.9029838717228155,0.8694982359154403,0.8939834330749392,0.9730886356020361,0.9732679077012351,0.7801047336958262,0.7288469877623159,0.8250218970142206,0.4007601706517338,0.8005585252943961,0.8293193739497048,0.8245498113545482,0.8154123235308016,0.7730609113472013,0.7493365373384658,0.7315292647363696,-0.26495617270475563,-0.4038337346524283,0.6600134788443666,0.8947540531902995,0.9378416949981518,0.9443761460250419,0.9121232385485438,0.8271837237805134,0.9114542185741943,0.9311992365846866,0.9310484853028232,0.8655255139492527,-0.1814637880415881],[0.9999931480113468,1.0,0.9869815397136182,0.9998176125205751,0.9981073875921341,0.9900876098625145,0.994293707369395,0.9910948707247027,0.9836259313189926,0.9911159023947762,0.9911205322331328,0.9930241955018148,0.9912667769223327,0.991115603504434,0.9911831177739518,0.9935653852255881,0.9963905222442277,0.9960106574264097,0.9938045258547339,0.9938047258771373,0.991176926826582,0.9912245612885086,0.9909587626788813,0.9712127436156569,0.9877299382584204,0.9804830702883873,0.9875834841028184,0.9867516407197423,0.9788881957597875,0.9270886050409777,0.9883471877003377,0.9857038725931224,0.9784748593959568,0.9255684103889871,0.9954789646969511,0.9953613821943439,0.9956081942532019,0.991779370061066,0.9950471523433865,0.995610503177781,0.9969761544110162,0.9971042632437496,0.9955882741475162,0.9955953564844918,0.9890154755396903,0.9127484695606009,0.8839029457609623,0.9158719870517869,0.9170022634012516,0.8980699325447096,0.8734803462971036,0.9186360469177661,0.8764774537937469,0.9045191819114475,0.8728963911247772,0.953536710173711,0.9534986279806131,0.9657872197023232,0.9837297733303989,0.9805148032802171,0.9832883408144246,0.9786589116958208,0.9785949456276589,0.9807124820548251,0.9806394328068637,0.9484943268623728,0.9579378758481184,0.932764670311979,0.9326931478115305,0.8569522919263645,0.9767861491053783,0.9785344507081756,0.9787346684657325,0.9783057642427267,0.9478896152255152,0.7376730081160748,0.6899906057828131,0.8099566464109628,0.8819506867529009,0.82883636854013,0.8561545244657855,0.8547599917846526,0.6917152771127982,-0.23702537511367475,0.9671328526911273,0.9719714100131855,0.9669330467896718,0.9811768060940134,0.964925218969066,0.9705972948698828,0.9699168689276845,0.9250173092383868,0.9727551899209589,0.9288615864162493,0.6562771233896965,0.8975930791161268,0.8951031440538053,0.43540922883243743,0.8061553226732749,0.8114121163668285,0.7263215409965283,0.9646556994199766,0.6985475714795991,-0.2769662108644953,0.19589557170659877,0.7264707666325475,0.6739972756436252,0.7186900192542779,0.9662025002771788,0.9661372861209049,0.09439510836131426,0.2643004557173172,0.10018921987960645,0.07280587130149757,0.0941812081841874,0.1095778759576354,0.10642821431963354,0.028846205573020228,0.4653421897699098,0.19716572844638253,0.14652156119977328,-0.4417843215141685,-0.48430257554225387,0.6602092507663878,0.7508039124819886,0.775109049824749,0.8343759414332257,0.8229838470871845,0.5622414437727657,0.7460882578526182,0.7696273881583859,0.7683873604240496,0.41951317179959474,0.1907201325649868],[0.9853595807842233,0.9869815397136182,1.0,0.9867845485144023,0.9931250258901346,0.9911325033645934,0.9902271762621708,0.9908189616736469,0.9903387302510076,0.9936120466499435,0.9976508154039889,0.9967460094021794,0.9906955727332122,0.9930119989254518,0.9908785424215447,0.990278638134203,0.9909354689552804,0.9903674548105817,0.9895153973400591,0.9894953087051442,0.9924568875022054,0.9907152007370733,0.9943913934353272,0.9826325576390618,0.9912578071538949,0.9797684969814088,0.9917705823447778,0.9858837503686874,0.9850722351776459,0.9556515747593931,0.9704554646871779,0.9745099976628738,0.9762174226477717,0.9510970945001532,0.987513096861811,0.9906117104176334,0.9889708253952599,0.9925555934760545,0.9949336944594135,0.991391370223169,0.9853282720897946,0.9880389711948573,0.9878329233173969,0.9872145339713102,0.9916563451710992,0.9090741425386699,0.931295919147995,0.9320711480080907,0.9094435805378749,0.8493158431610408,0.9221855933454417,0.9018377469076452,0.9246965412750316,0.9255390485823948,0.9117620480983316,0.9501784167798012,0.958278156336134,0.9666908636234002,0.9786017430741886,0.9370875107220463,0.9605479982504849,0.96044086719553,0.9672646796746961,0.960750905607275,0.9350751477027912,0.9156986293516074,0.9407903827742857,0.932046756243676,0.913797252765536,0.8851324392176553,0.9675224993055123,0.9455430246350288,0.9604856870060409,0.9392945052398076,0.8109047452385229,0.8341264892494733,0.7547236086786143,0.8534507961420756,0.8856438520244996,0.8862355196141342,0.8541932910298687,0.8684993134797567,0.3723841659334268,-0.5561841982227126,0.956538989706294,0.9404946255982727,0.9409280190982396,0.937275560160561,0.9508292345538251,0.9596378847853572,0.9592240238089151,0.9282096818142779,0.9550147819687818,0.8669371634692573,0.7346751292588486,0.9472689099883825,0.9466420686346962,0.7607316307265541,0.9340707934048728,0.9358867651077593,0.8717916158039795,0.980002146857912,0.7771734298792239,0.5181695189586455,0.6606716819487355,0.7973173409806382,0.795840952213671,0.7785561506925016,0.9828172214914749,0.9828649238139889,0.7063830057350639,0.6711724953032295,0.711577654700911,0.34216414965691183,0.6987138953851282,0.71289966158677,0.7283114652974777,0.7106849958086414,0.7323530500804301,0.6808875392543678,0.6617002466104446,-0.33067834460845746,-0.4692342581397123,0.6233425293739111,0.8552947861973847,0.885852224510656,0.8900975228387633,0.8841778284199586,0.7584259183490359,0.8617443549190438,0.874717224021574,0.8823235248436386,0.7358759300010185,-0.10359066178136091],[0.9999259585094141,0.9998176125205751,0.9867845485144023,1.0,0.9993289806576177,0.9870682553480448,0.9980991520707632,0.9963833041164313,0.9714907070254601,0.9967612559944184,0.9950295969218398,0.9948137264271635,0.9964888474822764,0.9966135628184613,0.9964297587687617,0.9978592245115389,0.998174589153398,0.9986230780128299,0.9969909095645116,0.996999114883566,0.9970877635885762,0.9964481620628447,0.9882837061403136,0.9724618067386721,0.9905151185444404,0.9587128189906546,0.9895924011888851,0.9885299313191073,0.9691786274225807,0.9516767781730642,0.9924108708114445,0.9936718135546253,0.992079358985823,0.9757965846937862,0.9978386587796731,0.998198135954844,0.9977322430127792,0.9966005430826136,0.996236068042358,0.998115927207137,0.9986573782622439,0.9988905569088895,0.997788118474028,0.9977943399121008,0.9786190995244793,0.9087708159846646,0.945887640066086,0.9166822729517955,0.9152766217966221,0.8906343280049994,0.9605771634682542,0.9436243176064328,0.9621120461422713,0.9625931626388368,0.9526952897891173,0.9824554067468259,0.9799983386866343,0.9894745685651873,0.9943298271439766,0.984778930554023,0.9805028933249197,0.9865435382382358,0.9852341451711449,0.987031016135768,0.9868253787146665,0.9542122907058089,0.971972625734202,0.9733667899323348,0.9730398424069244,0.9460513896634021,0.9792035240459276,0.9740699975378363,0.9829607457202983,0.9821753652403511,0.9193229177491856,0.8808288793376428,0.8450585743551019,0.8970556686737992,0.9152843258395282,0.9144837605643859,0.9136658055603889,0.91236808662965,0.5840893732854708,-0.5630535683173479,0.9793280600725452,0.9735378629845745,0.9700385819489545,0.9855268892215104,0.973367716674401,0.9833176514716832,0.983277720013533,0.9487625896528455,0.9827585209457247,0.9360655572465485,0.7585955742691215,0.9043941419906727,0.9295985901810158,0.7906269523660099,0.9498669780828087,0.9507111588211613,0.8984240631797208,0.9649848427693409,0.8900129884801768,0.6095510665499814,0.7169855002783341,0.8974233952219485,0.8658082150055836,0.888148178101604,0.9739953537246008,0.9741812674299796,0.7788594902216898,0.7290274008687365,0.8170038932178705,0.40266019555489735,0.7947396626531633,0.8210209696788524,0.8161769159705825,0.809961467459497,0.7754778770945517,0.7491783053923693,0.7314528040139389,-0.26035036306493137,-0.4031000351541622,0.6589513333515512,0.8927278138722387,0.9358782023072418,0.9424784966374098,0.9107726411275684,0.8242782265302828,0.9093443827909649,0.9288323856683481,0.9288357876773554,0.8580268633276155,-0.17424899702829325],[0.9990669660226339,0.9981073875921341,0.9931250258901346,0.9993289806576177,1.0,0.9899458153509778,0.9990970438983782,0.9984890245272029,0.9841268194709558,0.9984887447564363,0.9980503211471518,0.9980824284894634,0.9985227365040575,0.9985216162039587,0.998521863459032,0.9990400366970263,0.9986369371796748,0.9992854204305842,0.9988618686922859,0.9988607341639084,0.9985864449054516,0.9985122493684837,0.9943355812792196,0.9800937890446878,0.9946904891736802,0.976494915999591,0.9946472486754343,0.9913749772477374,0.9823160203923034,0.9548688352934658,0.9891848084395091,0.9918653229776996,0.9891075419618924,0.9671228682491634,0.9989509354416938,0.9989981844317262,0.9990101468119087,0.9986045521028518,0.9986358600749897,0.9989875894278395,0.9989615254777381,0.9991890210208701,0.9989477856911,0.9989462925717207,0.9884913685008375,0.9190263062631042,0.9449214096726682,0.9295278924112282,0.9201427045628107,0.8855757783168812,0.9459267641059744,0.9360142210395419,0.9501420103812528,0.9552965336297037,0.9447505995607263,0.9792155250975497,0.9791634206737249,0.9891676622289592,0.9942143818213505,0.9814233611793358,0.9750157065335758,0.982164259364273,0.9813832871154887,0.982512421690748,0.9822719211789015,0.9554240462289799,0.9631605276379052,0.9579415566395527,0.9575384881148209,0.9185806767537321,0.9765000239144828,0.97294874416078,0.9789767013307696,0.9781307633956537,0.9388476489227675,0.8594859874994003,0.8192417139098139,0.8814742188541416,0.9194975103578035,0.9030291154352748,0.9105868776717412,0.9094345007150942,0.73502668738556,-0.5786781192516818,0.973002254012501,0.9632323722379834,0.9606455209066332,0.9823945103071159,0.9637621000374101,0.9767113425129773,0.9763163216532715,0.9398877049626843,0.9784025037351872,0.9430119046385621,0.7475450260736268,0.9208288626636769,0.9500339150452216,0.7501751587669653,0.9361220553328174,0.9376894054060301,0.8922365237811626,0.9702712918980612,0.8861320987042544,0.45180563281806047,0.6556513665303114,0.891838099076555,0.8378466434685565,0.8868391467238033,0.9777004491419773,0.9778425374079167,0.7415233071076072,0.7116320175238835,0.7454287836712867,0.37971345360609954,0.692550643663632,0.7506688947186485,0.7458165970926777,0.7082712282857865,0.761319551483281,0.7334041778754955,0.7147772976314726,-0.471289924937672,-0.5516759107092941,0.6521407936452329,0.8866237200954213,0.9212358161825659,0.935780892008455,0.9080843700242637,0.8038542887019217,0.8955689745841898,0.9147670251369182,0.914308592628717,0.7938786827958757,0.03532804239498976],[0.9859474506736041,0.9900876098625145,0.9911325033645934,0.9870682553480448,0.9899458153509778,1.0,0.9855437881151721,0.9862027164561306,0.9919002793930235,0.9855409805233952,0.9808596854434665,0.9796023443956622,0.9860946857847208,0.9865568997325473,0.9862725180553653,0.9859113670179417,0.9890559249759184,0.9871723850874291,0.9870097704833967,0.9869905317263922,0.9850889113807983,0.9861697263275504,0.9957034643365295,0.9929041604896219,0.9871997101226007,0.985560492990404,0.9873338636937716,0.9761442568431439,0.9874111828618299,0.9716439893253801,0.9652687056673287,0.9705329919307081,0.9784493056507805,0.9659525713088705,0.9852783352117976,0.9855890874080525,0.986420109007175,0.9868939596198835,0.9805593905039788,0.9859854484313512,0.984422193109592,0.986078255971704,0.9854310178146533,0.9854233770864461,0.9956789658906607,0.8668583173799548,0.9249912647767738,0.8945566116271135,0.9075543822786206,0.8710172990608062,0.9211554954618543,0.9088705886321627,0.9235499218520016,0.9358128826561548,0.9191388347956111,0.9535796796917763,0.9584442069651593,0.9637796854154751,0.9739545910915923,0.9696850094483027,0.9846480338762257,0.971080259476739,0.9830608594685071,0.9706961870861952,0.9701391276814685,0.9741425015592531,0.966040178883242,0.9460799472962785,0.9455486175883396,0.9415061920548403,0.9811996060530405,0.9737304000061635,0.9709051066757923,0.9694907380637144,0.9594676100975649,0.8810389326273467,0.8337395790337864,0.8992581756417469,0.910921150138206,0.9198578127599886,0.9012762289943638,0.8990916271163271,0.707594522128555,-0.517165720492063,0.9788324712762823,0.9790801032326837,0.974851156189775,0.970655248184186,0.9705099623116281,0.9779166520114541,0.9775180403991275,0.9647104025833165,0.9672702758895175,0.9636359795664349,0.7592205923087445,0.8763765433824617,0.9491307515064558,0.7964702643133306,0.9387594146215578,0.9398710924587992,0.869642916818048,0.9591532337793313,0.8400209447197752,0.5431917075544824,0.6856640403795861,0.8492948500598742,0.8216279099663993,0.8384856835131748,0.9602060837958816,0.9602554946094979,0.7357211766673011,0.7063444651757186,0.7552876168496986,0.4039928631803325,0.7430093778586934,0.7608578348367288,0.7546078849357978,0.750531601012262,0.7589367559938862,0.7138336068828313,0.6985970439457022,-0.28874971556153123,-0.4186670526815043,0.6726686981323203,0.8663400272027487,0.8841818148519903,0.8958596601923348,0.8789037518474669,0.7887848335245496,0.8562263746501765,0.8758865609371993,0.8759477343444199,0.8183962011147661,-0.14237695590212948],[0.997827343568639,0.994293707369395,0.9902271762621708,0.9980991520707632,0.9990970438983782,0.9855437881151721,1.0,0.9974084327210797,0.95779735375023,0.9995827997071774,0.999523426924372,0.9995369823848748,0.9983304431879217,0.9994474460349627,0.9991342696714217,0.9998868796415613,0.9963813994314814,0.9999023020939792,0.9993397798862488,0.9993448021945079,0.9996942267453102,0.9992871799219915,0.9908397995510388,0.9748729953489118,0.9852713562149084,0.9258225580253521,0.9932089413153588,0.9908004745867298,0.9733435019499034,0.9491134220573169,0.9916626251611371,0.9917282218117464,0.9931348806690485,0.9731450388507411,0.9989508138490816,0.999841307937998,0.9996959059679648,0.9994558942411651,0.9997402956032382,0.9998243940726591,0.9984287676510673,0.9997177328490937,0.9993517657305722,0.9989883082325427,0.9814628806934482,0.926732691918876,0.948530471169874,0.9407188074068905,0.9295806384826911,0.8857555242511438,0.9568665793318571,0.943275457181781,0.9591180184451926,0.959572364476138,0.9507291683878712,0.9812873272098117,0.9802299670556042,0.9913692253095255,0.9963746446232666,0.9470750381463033,0.9627590077313958,0.972792765469454,0.9734224658899301,0.9744083115816511,0.947090681763687,0.9033126950908484,0.9542928567039057,0.9603514102848753,0.9381647360868223,0.8925786125082367,0.9667484284116598,0.9388238846336312,0.9671833044132472,0.9474321613552951,0.7728651938000405,0.8536784782461192,0.7759852809848699,0.8689779109477422,0.8887177762214113,0.8932290685357057,0.871887265988603,0.8840603149731767,0.3234918176873781,-0.5967412238781484,0.9641289757256762,0.9489739745186154,0.9478361636987405,0.9488053393891857,0.9603041528917249,0.9706946366983169,0.970738549383718,0.929862812644277,0.9672298178117787,0.8460189788253022,0.7425320866268481,0.9213608602699312,0.9292212499950613,0.779244489286394,0.9479352985463947,0.948955942413258,0.8952762255789658,0.9696268426366267,0.832078557997928,0.6007038943369305,0.7086453802294175,0.8548915725418086,0.8456696132256913,0.8364317018081887,0.977841354655446,0.9780411142908445,0.7681134497069778,0.7087974747326623,0.7821658033423529,0.37446231180946277,0.7727366327600091,0.793224922643787,0.7889974840431799,0.7905903537946953,0.757919777551751,0.7388563982473256,0.7193625019650577,-0.27624547064489124,-0.42636558105254246,0.6692127334072293,0.8897429996747795,0.9255064322886911,0.9418463601334243,0.9129336026707848,0.824103598435467,0.9102798271543493,0.930722138102465,0.9294172500109228,0.7757009693261954,-0.13958695092539078],[0.9959252361534685,0.9910948707247027,0.9908189616736469,0.9963833041164313,0.9984890245272029,0.9862027164561306,0.9974084327210797,1.0,0.9688288006912694,0.9999998189439506,0.9999992537619358,0.9997214567956807,0.9999970249297403,0.9999920509584742,0.9999981051866786,0.9992708998235122,0.9908740028947727,0.9994071899274012,0.9999022071859215,0.999901807814086,0.9999620941472986,0.9999987214374457,0.9911753870657646,0.9762824955717215,0.9924737367664742,0.9399973193702522,0.9937122545267578,0.9887315858981474,0.9755358488823342,0.9482188461980849,0.9879428099091074,0.9938284000514342,0.9915976258766517,0.9698234926511009,0.9994515759038662,0.999539976185295,0.9996522411111108,0.9997244207608571,0.9991072125687354,0.9994652966245708,0.9981236435180031,0.9987324675137564,0.9995223575503096,0.9993842055881654,0.9830637724368725,0.9265900635652959,0.9456449393436476,0.9451581540228687,0.927556561708082,0.8737376249809123,0.9551486504070175,0.938562241514588,0.9570187661449591,0.9535446906292021,0.9444634637887571,0.9792449726859532,0.977150586438009,0.9903103071012735,0.9969806471214413,0.9419295275659336,0.9582106996143163,0.9660622431367499,0.9701463286599808,0.9680859303807368,0.9452964087372204,0.8949089665724337,0.9492585544883255,0.9533018561381325,0.9325782476309737,0.879695640356954,0.9638366364495147,0.9323653415522211,0.9614822462039667,0.942644935596893,0.7592229230677539,0.8451642259905983,0.7713903223094001,0.8605404884832919,0.8811806704957764,0.8883476764210622,0.8673028882030883,0.8769694510122301,0.3051487229423789,-0.6014567834947189,0.9596744812925921,0.9417291943695218,0.9413199823932566,0.9467746910377943,0.9553429002851603,0.966316390611448,0.9663505979214236,0.9245211919525312,0.9600623568369637,0.8340096612497784,0.7391690974771407,0.9368315837349948,0.9404406158374021,0.7751332789234975,0.9475978226630692,0.9487808947791244,0.8927019528899655,0.9738057213849515,0.835244351012255,0.5863776403161951,0.6996787065793925,0.8560586790417695,0.8425382363706612,0.8388097195374198,0.9804541644532916,0.9806579805496521,0.7588706474220793,0.7007356348178573,0.7836393806017211,0.3612738389969162,0.7675436296100705,0.7887078715741082,0.7895867623100212,0.7849831400970465,0.7513782957713832,0.7328738511567351,0.7127708476854816,-0.2923611574234183,-0.44146013441063336,0.6541580356607133,0.8819057886178774,0.9230512306064045,0.9342194363322287,0.9069857383081305,0.8131234203588391,0.9038018574099402,0.9244194405310852,0.9233986940732957,0.7564103627356876,-0.12239365237728671],[0.9691907923336898,0.9836259313189926,0.9903387302510076,0.9714907070254601,0.9841268194709558,0.9919002793930235,0.95779735375023,0.9688288006912694,1.0,0.9838062082549117,0.9878181447261127,0.9898372611821455,0.9725355604739903,0.9808397042468983,0.9774576997325477,0.9752225597449783,0.9488909541383956,0.9799417611387313,0.978187941587103,0.9781471726761373,0.9822838134975813,0.9773315904035796,0.9940319964996609,0.9920437775632645,0.9817037339923144,0.9877209488527554,0.9846775452033307,0.989078059076409,0.9899066848802799,0.9646291507836732,0.9289928051145887,0.950550846082701,0.9655946315217471,0.9472508872328461,0.9719032731285069,0.9801698670287318,0.9769959418129407,0.9793649830316431,0.9878644104760022,0.9812576323228412,0.9676826345873337,0.9769713194243382,0.9727351332068763,0.9716842749515107,0.9988935430279969,0.8849911689509048,0.9151653619301582,0.9346519607988556,0.9228709663013249,0.8448591962938943,0.8858081472326758,0.8795637246737955,0.8895062961271935,0.9089441531552106,0.8915963905400726,0.9294063253856379,0.9444467905971693,0.9499208886253174,0.9630737573966136,0.8951739537211275,0.9612823963491425,0.9385592055856353,0.9603969342146708,0.9386573928460026,0.8931027237002613,0.9023917163848991,0.9333140278535444,0.9062123768703219,0.8691571904361368,0.8650854721654808,0.9616492368568692,0.910983400361151,0.9373334235863005,0.898189292918554,0.7948428657808627,0.8255275435546335,0.7082917670473482,0.8470042712804304,0.8650745410903103,0.8785273898546954,0.827042636990135,0.8456229543577144,0.34679243465651455,-0.5432774008488809,0.9500007914400161,0.94269441195793,0.9394810442911186,0.8945431196214738,0.9392929965192871,0.9484682350394634,0.9478883565145583,0.9295038176001319,0.9325329233805097,0.8504113722067811,0.741103790783683,0.9282871759756736,0.9559851019949736,0.768556730540093,0.9272031251724031,0.9289822896634239,0.8498066530218901,0.9677941646757405,0.7443389022622304,0.48247674305302446,0.642273546937845,0.7757412395504603,0.7735198830950711,0.7539026825278764,0.9673110019883764,0.9673105850583223,0.6877050503862099,0.6603920205421346,0.6775727712953139,0.3495491285489656,0.6812957940452249,0.6921222474709795,0.6784089725277601,0.6898998475495217,0.7257092343920539,0.6764748926691536,0.6585286779201727,-0.33809104390083666,-0.47312983498784417,0.6699345804332292,0.841891894209832,0.8398049779848039,0.86611850152114,0.8650085492778915,0.7529279482873996,0.8180174267615066,0.8456700156401795,0.8396639329895976,0.7091531507323037,-0.0631373692446109],[0.99625505065049,0.9911159023947762,0.9936120466499435,0.9967612559944184,0.9984887447564363,0.9855409805233952,0.9995827997071774,0.9999998189439506,0.9838062082549117,1.0,0.9999990893018788,0.9997267523368092,0.9999984842713399,0.9999907361639647,0.9999975872189352,0.9996501344842958,0.9977115147709891,0.9994001846597302,0.9998723376649934,0.9998722757462442,0.9999752736746994,0.9999992496734768,0.9937571756981958,0.9776464122209386,0.9958054942104098,0.9736661215197348,0.9959008608161085,0.988709742263685,0.9797847106476645,0.9493015725218145,0.9892199073001573,0.993461129638436,0.9888902757400031,0.9660078482808877,0.9994614772860554,0.9995299551260596,0.9995405149684959,0.9998162383242964,0.9991218850627893,0.9994731565117347,0.9983023904366585,0.9987695504522577,0.9994634258472078,0.9994581920487577,0.9872930694718739,0.9267030738320537,0.9456824399182249,0.9451002966252415,0.9274967712889567,0.8738936921645851,0.943784511533365,0.9305144992743511,0.9473924878826019,0.9514215631703236,0.9422067985558729,0.9774954191603265,0.9771843251147927,0.9907247320041561,0.9967392786134838,0.9711929976691277,0.9581065767790268,0.9720073353159033,0.9700904751496693,0.9724431677687813,0.97216276764541,0.9429979693223184,0.9491756641037953,0.9481352933186276,0.9477780076029559,0.9070396793596194,0.9637488942821533,0.9631514815818347,0.9689835382875309,0.967944868516388,0.9253425695981091,0.8452239283000456,0.7990934371195555,0.8603107819798353,0.90206293641932,0.8881284469756419,0.8945575594411334,0.8936395903937757,0.6858669059713486,-0.6132227252975891,0.9596118445643445,0.9417437860637337,0.9413422090252924,0.9724012738163859,0.9504243811249015,0.9658726361197596,0.965455843739319,0.9250785340078556,0.9678048203687223,0.9285162989028282,0.7391890970100251,0.9364708869043551,0.9529764298405203,0.7561235851476523,0.940369572454606,0.9417434796428327,0.8927728268723464,0.9728837307195878,0.8938420330108052,0.48809717948215675,0.6734104314214311,0.8995358361570702,0.8461796362479911,0.8947600696954419,0.9804032979476022,0.9806433119006968,0.7589384584213887,0.7004539430489761,0.7620741900490821,0.3614110758488326,0.7107312818491277,0.7672566384499769,0.7625019345590159,0.7277954183473903,0.7510933910478302,0.7328183282560143,0.7126902299219786,-0.5174406180478811,-0.5986607309953506,0.6541117911953833,0.8820337833762719,0.9227907746495392,0.9373768466766472,0.9071552174757955,0.8092878817322301,0.896532603055717,0.9160972641005989,0.9155499841550863,0.805254778391923,0.10368068735181274],[0.9942658562179203,0.9911205322331328,0.9976508154039889,0.9950295969218398,0.9980503211471518,0.9808596854434665,0.999523426924372,0.9999992537619358,0.9878181447261127,0.9999990893018788,1.0,0.9997267435120913,0.9999962147757074,0.9999943745070038,0.9999981778182078,0.999626297044772,0.997260586275035,0.9990886133789695,0.9997576137128096,0.9997574174832369,0.9999983311468567,0.9999981891244805,0.9925817004814227,0.9715344289815311,0.9946895658640774,0.9811918779012456,0.9953327734369566,0.9887269071491476,0.9812340541640638,0.9388182051191584,0.9875597174296751,0.9924602465353801,0.9814684605597416,0.9365861395273304,0.9991873912354456,0.9992488511501797,0.9991791720106632,0.9998839004678872,0.9991024016940073,0.9991899347327757,0.9976215812330843,0.9982825010865325,0.9991540670660112,0.9991511162227663,0.9890508473256602,0.9263812697661882,0.906611670741811,0.9450253423346873,0.9273634886114747,0.8735133007317443,0.9066251145730954,0.8926296852755561,0.9117036501493129,0.9195321239745767,0.9047433517651504,0.9678046033020817,0.967773354486235,0.9895971206369877,0.9950099968391606,0.9628500621711699,0.9582033486153101,0.9593535212892642,0.9592462276355219,0.961270030010876,0.9609827155278012,0.9166555105449797,0.9378220839569347,0.912894236216687,0.9123707234367985,0.8294089249543345,0.9607117181339667,0.9673090905845985,0.9631921692282019,0.962045552251985,0.9144824162161357,0.7613223629124877,0.7161695057036617,0.8127302498498432,0.8745943947679998,0.837756802870788,0.8561416417771256,0.8545972917180421,0.6756876268370318,-0.43985063549032793,0.9446375117387019,0.9418464140609698,0.9414080161228463,0.9642241328400691,0.935420673748686,0.9480618254107344,0.9473317236794855,0.8911737933036992,0.9514263212439251,0.8974464269841571,0.7393330858625912,0.9368594566359429,0.955411749592927,0.619922485502961,0.8914190204230921,0.8945536100699004,0.8465780243089038,0.9838494095541124,0.8340547715772649,0.1554379068845434,0.5167395286648397,0.8465431854166269,0.8091809854480135,0.8403100320989976,0.9845717442945909,0.9845862912766248,0.49096128636558783,0.601632545372416,0.49831863158231493,0.3613028365374717,0.46154571022159635,0.5113757020792777,0.5003455681889083,0.43652811281358955,0.7375146055580373,0.5803674519769376,0.5394814381222752,-0.48340346714544463,-0.5369598302283952,0.6534523339191741,0.8601541714873536,0.8730844630426989,0.9017822419001574,0.9006240273825131,0.6537096612582983,0.8343385859580551,0.8646484136743477,0.8638570827218061,0.6053551025503,0.041453370508479664],[0.993782640560422,0.9930241955018148,0.9967460094021794,0.9948137264271635,0.9980824284894634,0.9796023443956622,0.9995369823848748,0.9997214567956807,0.9898372611821455,0.9997267523368092,0.9997267435120913,1.0,0.9997420193144603,0.9997249282375403,0.999732555969538,0.9996238111224446,0.997899815030118,0.9993034096522626,0.9999651397680839,0.9999648153336399,0.9997314821322784,0.9997380526734685,0.99171611085801,0.9662762422073735,0.9931125110619471,0.981065811256385,0.9940128223046644,0.9918520667656883,0.9760270087811064,0.9146291093215875,0.9900739201292204,0.9933393995269386,0.9760186356388748,0.9126951711494351,0.9993130249640457,0.9993694707796904,0.9993224457392186,0.9995216457335613,0.9995446441031393,0.9993417822648918,0.9974071462919497,0.998283114403227,0.9992971312157952,0.999293467396576,0.9899889973716541,0.9211740032348369,0.8908172699554802,0.9417389209495759,0.9268665178863701,0.8736153693225849,0.8650960894215762,0.905889266717456,0.8694776225167664,0.8899136558956683,0.8628515627508839,0.9536229200166635,0.9535966127235149,0.9790391828163101,0.9939855850782023,0.9612231415813954,0.9627653605702062,0.9545746020126386,0.956455921479234,0.9580122679122929,0.9578517706899884,0.9161030889643601,0.9281956886208587,0.8969750731581431,0.8968393420218392,0.8077077079237598,0.9585063696746257,0.96115187385243,0.9612744443568785,0.960704090237479,0.919898820462808,0.6907736100795185,0.639531150564969,0.7646575440647679,0.8440849049096937,0.7881742108918115,0.8171174058402514,0.8161140756055764,0.638926542810797,-0.353871358720056,0.9378873267680349,0.945198778405671,0.9376622429591032,0.9623094728603915,0.9352245716576775,0.942452560620221,0.9415240317350749,0.8867388666365705,0.945681622170376,0.8919034319977184,0.6764483553336813,0.933798224367097,0.9279865314195267,0.45328701778608943,0.8203819706468778,0.8259235599314072,0.7267879553747433,0.9762130298480354,0.702191993988942,-0.21898848318336706,0.23768429213446207,0.7268138350912065,0.6804220286540839,0.7201099665127062,0.9774025775501555,0.97747310759012,0.1454427872086915,0.3013929381760675,0.14976171214002676,0.12210564385999659,0.14204466824258613,0.15968001824723163,0.15722966525482607,0.07406755780174092,0.4984871080190802,0.22944184433461945,0.1766545686046586,-0.5080709202139174,-0.5497159779168376,0.6541638880908297,0.7493516993352406,0.7736508088749366,0.8354988983467373,0.8262272717978598,0.5493157540324193,0.742598251213876,0.7684233110886822,0.7672635786373577,0.41819425901880536,0.23626993876610924],[0.996048934162796,0.9912667769223327,0.9906955727332122,0.9964888474822764,0.9985227365040575,0.9860946857847208,0.9983304431879217,0.9999970249297403,0.9725355604739903,0.9999984842713399,0.9999962147757074,0.9997420193144603,1.0,0.99999056884236,0.9999976703016755,0.9993231982080636,0.9926401228199413,0.9994507194019522,0.9999117694656757,0.9999115763582388,0.9999693568262459,0.9999989287322463,0.9910749013035987,0.9761248856690947,0.9931363325073096,0.9449310221755909,0.9936679471620886,0.9888713476666984,0.97535328416987,0.9482028764816246,0.9888450728281561,0.9939016189525884,0.991690290391999,0.9699800868410207,0.9994942034735254,0.9995813125816616,0.999683898652341,0.9997251798271013,0.999176781690223,0.9995084381661234,0.9982132311203161,0.9988050118444345,0.9995656199550136,0.9994277231399004,0.9828475943401019,0.9268881356647669,0.9458351379521821,0.945112135879843,0.9277614137685025,0.8745173486443037,0.9555011125463517,0.9389740109305169,0.957377052879718,0.9539146850197862,0.9448757946945661,0.9794993893773097,0.9773465113823491,0.9904537905654884,0.9970533385447903,0.9422304720229443,0.9583378196600261,0.9663303761252514,0.9702626923904185,0.9683506050710537,0.9455476380484567,0.8950220714606264,0.949495681097259,0.9536962558320121,0.9329991935639156,0.8800553479870756,0.9639038268783617,0.9325666245852396,0.9616904916847538,0.9429256881751252,0.7592701875849676,0.8455788573991442,0.771914624752342,0.860935266885292,0.8814819995778903,0.8885628533372741,0.8676857643638768,0.8773593408987412,0.30540301360938693,-0.6014238943218616,0.9598520899428469,0.9420167210304237,0.9415680991427708,0.9470128948575542,0.9555365596945842,0.9665065856522059,0.966542464401011,0.9246530796150633,0.960351003055127,0.8341717059766809,0.7393099093847569,0.9361319973306735,0.9399236170688882,0.7752862353756917,0.947632512944309,0.9488064804655546,0.8930412336561914,0.9736494030432676,0.8357122860235101,0.5874328794384137,0.7003493629837367,0.856517909702201,0.8430685704990036,0.839274419639139,0.980380058194505,0.9805838369072463,0.7595050488964512,0.7013012467556295,0.7842329441621243,0.36202538761489955,0.7682234608408463,0.7893935657466951,0.7901905161892623,0.785692148473852,0.7517503171020611,0.7333270271412148,0.7132462600107131,-0.2913871896253216,-0.4405876387897808,0.6546578141103828,0.8824235304902674,0.9234972854765947,0.9347438257464369,0.9074505445738267,0.8136868869577337,0.9043729334940639,0.9249810179560216,0.9239483544859148,0.7570881416230916,-0.12342258766399719],[0.9960816450413339,0.991115603504434,0.9930119989254518,0.9966135628184613,0.9985216162039587,0.9865568997325473,0.9994474460349627,0.9999920509584742,0.9808397042468983,0.9999907361639647,0.9999943745070038,0.9997249282375403,0.99999056884236,1.0,0.9999945924454391,0.9995257790903078,0.9976314969055061,0.9994046125554767,0.9998954198682747,0.9998943347673905,0.9999499171158459,0.9999906634440094,0.9930782593658098,0.9765127664788723,0.9955284522795745,0.9676783922595675,0.995302060732545,0.9886687456305493,0.975628270199091,0.9483396273056234,0.9889518073486766,0.9938501006627127,0.9909055901120261,0.9694493289960915,0.9994627059505494,0.9995324892391199,0.9995982420323974,0.9998778929097433,0.9991336532923176,0.9994542909308877,0.9980360588530214,0.9987207732265728,0.9994787816010211,0.9994713108181457,0.9852971352388146,0.9268726795346582,0.9455684532833569,0.9449553473174771,0.927315952750986,0.8738013162243822,0.9491725616402814,0.930414484123292,0.9513110305228416,0.9532681540710074,0.944181476019489,0.977644014442012,0.9770037792210805,0.9896374102975133,0.9970529659557916,0.971384221199346,0.9578661817099613,0.9719830606820242,0.9700868529124896,0.9729927159320019,0.9727002153797999,0.9516942738223086,0.9488506032688202,0.9526118184526681,0.9522375548439991,0.9238232346498987,0.9637811234790896,0.9660863339517572,0.9706539498548236,0.9694759664118964,0.9349755823705234,0.8448517739463826,0.8072256608347003,0.8600232172044299,0.893087522078789,0.8880987495766073,0.8892506249364245,0.888012561537012,0.6636798802477314,-0.6017635877681279,0.9596227461213033,0.9416314931125899,0.9410753634153265,0.9725974580412325,0.9553830713373642,0.9662784075841152,0.9663689967939041,0.9245173060596014,0.9668235146417475,0.9368441429049368,0.7389854788476794,0.9361348389325785,0.9460443880021684,0.7741787853987028,0.9474350564259967,0.9485458467706798,0.8926458681267423,0.9740207094016782,0.8835510082184894,0.5866973603009743,0.6991664956924817,0.8910960032747087,0.8550726076557269,0.8816176860419702,0.980676839463989,0.9809137465951551,0.758004118933048,0.6998462508670499,0.7991818516010857,0.3613413483720827,0.7716265985601845,0.803818202026456,0.7983447666461608,0.7835953028145534,0.7511541711320446,0.7314423612770057,0.7113543728732918,-0.38399244853368225,-0.5045633398934646,0.6533003845688293,0.8820393225213881,0.9202786329779901,0.9300780767861552,0.9075089816362849,0.8122467166047606,0.8907913502224227,0.9131004284596171,0.9126839605353692,0.8433233196324924,-0.09058879128390873],[0.9959724564233096,0.9911831177739518,0.9908785424215447,0.9964297587687617,0.998521863459032,0.9862725180553653,0.9991342696714217,0.9999981051866786,0.9774576997325477,0.9999975872189352,0.9999981778182078,0.999732555969538,0.9999976703016755,0.9999945924454391,1.0,0.9994192753703137,0.9968511258014046,0.9994244604611949,0.9999053766155014,0.9999046663683736,0.9999633649265547,0.9999974802732141,0.9912197396126373,0.9763465040521598,0.9948774187620386,0.9590078834607235,0.9946866761550247,0.9888183486644679,0.9755897666683684,0.9483950529379547,0.9912993269474729,0.9941776564462599,0.9915427727970186,0.969724959624173,0.9994642727870247,0.9995420209085141,0.9996601850865947,0.9997408973393499,0.9991387768980622,0.9994631350965592,0.9981505902793392,0.9987503072331562,0.9995331897829977,0.9993979310272648,0.9830607839682403,0.9266705538190761,0.9456664839490888,0.9451534741522535,0.9276856674985374,0.8740712597071979,0.9552342415117978,0.9387058037747048,0.957137710802393,0.9534938588871493,0.9443810747396548,0.9792748536921436,0.9770957778526699,0.9902803111748922,0.9969446746966911,0.9422425413488466,0.9583080283347082,0.9662385794444487,0.9702237110008864,0.9682471823249015,0.9450854268707255,0.8951353775890871,0.9491516517432258,0.9533690679597677,0.9328034000206024,0.8798324802575571,0.96398901138218,0.932732617919817,0.9616973447543963,0.9429733694947584,0.759588698061144,0.8451455858540261,0.7716655423243096,0.8605660632311956,0.8813585835470973,0.8883457360570058,0.8674627935962128,0.8771463638220831,0.3055137882088666,-0.6011536548670053,0.9597561522118913,0.9418947070777314,0.941462842290612,0.9453394536406723,0.9555248766534068,0.9663968754809829,0.9664279083853856,0.9247134548072047,0.9602394745694934,0.8342907850975021,0.7392087721930889,0.9364963770948458,0.9403291294183119,0.775117151073688,0.9475160178482449,0.9487034802555615,0.892518401603946,0.9738244681188502,0.8352830833888398,0.5862130942259054,0.6995666773812003,0.8560743210492142,0.8426727890510146,0.8388450805313407,0.9804983498135804,0.9806988981541979,0.7584681900464365,0.7003739588915061,0.7836244707707927,0.36155369527581815,0.7675244517390243,0.7886306313965903,0.7897514854310197,0.7848848911797449,0.7512911155490444,0.7321041313346119,0.7120362802799253,-0.2921662724097309,-0.44126088008029135,0.6544217040027707,0.8818144145156991,0.9231827519900102,0.9342688918351855,0.9070283696384168,0.8129207176131751,0.9040159209075284,0.9244638069773479,0.9235609854201633,0.7565144186178323,-0.12268033893088123],[0.9975621076681815,0.9935653852255881,0.990278638134203,0.9978592245115389,0.9990400366970263,0.9859113670179417,0.9998868796415613,0.9992708998235122,0.9752225597449783,0.9996501344842958,0.999626297044772,0.9996238111224446,0.9993231982080636,0.9995257790903078,0.9994192753703137,1.0,0.9982906205240842,0.9998378551258408,0.9995146550639524,0.9995198257034642,0.9997494641265497,0.9994996203847958,0.990825850010417,0.9752334319642482,0.9934198565354656,0.9507532382412528,0.9930541704635555,0.9907003939876173,0.9735612544609954,0.9489637995867167,0.991805898378421,0.9925342326043757,0.9925015847011911,0.9720406373150953,0.9992428085094804,0.9997240797187544,0.9996995405742342,0.9995388059396537,0.9995512383874372,0.9996766193121247,0.9987919147788143,0.9995515329891793,0.9994879642244374,0.9992355214444474,0.981515438462449,0.9254414011902609,0.9480020141721232,0.9407378008093238,0.9280223410440146,0.8818945795974237,0.9574863238406859,0.9436204783857868,0.9596929461216641,0.9580695135075843,0.9490669904448188,0.9814457111506518,0.9793950603038724,0.991324696486077,0.9964227409844898,0.9472717020990874,0.9620642959899294,0.9718286053042526,0.9729060254039096,0.973546355232514,0.9482265288915507,0.9017525867813567,0.952716519728127,0.9592494359723538,0.9382587982140115,0.8895486485970523,0.9665240978964865,0.9382882469212666,0.9665874940692994,0.947811351298578,0.7694365190300277,0.8513235778351369,0.7765808603135271,0.8664523180548331,0.8870605570132468,0.8914727401767321,0.8716399309336548,0.8830347134597923,0.31822408352595977,-0.5976347260779058,0.9632481197829867,0.9473737558174223,0.9465639049815017,0.9499886122054096,0.9598931580459203,0.9699100644708128,0.9699899176524412,0.929340564387921,0.9661222440822855,0.8433173997813048,0.7408261425858551,0.9252343761579439,0.9314973293631491,0.7777876200740166,0.9475836161514204,0.9485582283646208,0.8928891513398105,0.969997833469534,0.8345167821286856,0.5966357088659429,0.7051265396403563,0.8