var config = { responsive: true }

var correlationClose = {"data": [{"type": "heatmap", "z": [[1.0, 0.9999817558049003, 0.5507268811595578, 0.9996939644386934, 0.9973539660303091, 1.0, 0.9904700168806968, 0.9858623055312355, 0.9910890951871406, 0.9725972703763682, 0.9806789803555601, 0.9905162268466153, -0.14109718637250812, 0.99058399840254, 0.9906317889452851, 0.9933761510065005, 0.4879595749391934, 0.9916372207941888, 0.9916227542932584, 0.9834069456221287, 0.9905035329417525, 0.44432949440645464, 0.6488446517086539, 0.977004497196017, 0.9769794936937917, 0.9555109202769111, 0.29171372321068684, -0.12678119383278152, 0.9898922688081657, 0.9898529704916624, 0.2667240957562027, -0.21186345126464515, 0.9935180156704272, 0.9944198001474738, 0.8032559395170588, -0.3943167876389817, 0.9866500489827703, 0.9941347834710105, 0.9940614228348147, 0.47076043516338806, 0.9937157633808812, 0.993701761874063, 0.9937157633808812, 0.8921168457178231, 0.6797080543116616, 0.8609071138647472, 0.881776101788292, 0.7981613055615256, 0.39566919118135785, -0.1209308898250121, 0.19376862913920037, 0.9470648553418202, 0.48341683096686394, 0.977472582207226, 0.9714621024688607, 0.9112496952236854, 0.9038973914873006, 0.930275512435642, 0.9035592627846524, 0.9268432483852748, 0.9276734137412823, 0.9268432483852748, 0.8364686438183001, 0.9038390636020696, 0.9050009345500921, 0.9038390636020696, 0.8892846777555706, 0.7218162999290697, 0.8651760854573677, 0.8668864207667558, 0.8651760854573677, 0.607088824992066, 0.30100495278852274, 0.5828884328830258, -0.5994001634264918, 0.47460677529592843, 0.5344857700273539, 0.536092787520988, 0.5344857700273539, -0.09521384463253994, 0.8765378529591005, 0.9076977162666818, 0.8893880791694471, 0.9127424990182317, 0.49311963445471557, 0.8742024151000358, 0.8755142485021365, 0.8742024151000358, 0.8853007939932722, 0.8853007939932722, -0.16901207761586218, 0.5280351405995735, 0.20045424869612835, -0.5313297684744631, -0.5540064304680049, -0.5577490690430249, -0.019592528017523113, 0.04316639961077337, 0.2720990440928887, 0.16434479150623396, -0.3426645962241269, 0.07230390946452318, -0.7903355322377429, -0.19395082004078681, 0.11075941775842486, 0.11099119709981127, -0.5297327771021375, -0.6088125286402685, -0.19471800692617344, -0.47386859800016357, -0.8303201864817377, -0.33362253450562723, -0.32438299493446526, -0.33362253450562723, -0.17587760676254907, -0.23924865325518416, -0.23924865325518416, -0.8192780481039219, -0.8192780481039219, 0.4026888519910912, 0.6630479800522834, 0.8758772234448762, 0.8545743566098017, 0.7930745431143751, -0.22999123416025544, 0.7723196797433896, 0.8128347649731223, 0.81309463728235, 0.8128347649731223], [0.9999817558049003, 1.0, 0.9667612538981678, 0.9991553737751218, 0.993234714585368, 0.9999817558049001, 0.9762678617359857, 0.9665368565497469, 0.9760331941875462, 0.9561044952660283, 0.9783376411728906, 0.9763209608802752, 0.9762779282768319, 0.9760792063650514, 0.975276745906708, 0.9843948270181372, -0.22113461118590322, 0.9821100080292641, 0.9820792798539241, 0.9763955524144269, 0.9763854892114439, -0.16655647737055387, 0.9654762066665382, 0.9688496904861741, 0.9689282544782372, 0.9557651409901006, -0.00581594687570141, 0.1425815470322036, 0.9747611711356926, 0.9748363219500435, 0.9703615708320118, 0.12076646766536732, 0.9866006390627338, 0.9866982136262429, 0.9875169894518945, 0.9787251603846406, 0.9848490845946548, 0.9866056274432001, 0.9872989825441787, -0.22816983635260663, 0.9876296892835398, 0.9876080798949891, 0.9876296892835398, 0.892195268450719, 0.5743048036167813, 0.8612228444987772, 0.8818288981786372, 0.7974190917698643, -0.449609843134189, -0.5535175896570151, 0.8388779853053212, 0.8610345921496364, -0.15310024582382972, 0.9350755777933211, 0.9351322347988827, 0.9171278655978701, 0.9278154259626606, 0.9038612787682037, 0.9035364059417588, 0.9109582052274082, 0.9117526653474513, 0.9109582052274082, 0.761211743530789, 0.7205819985396457, 0.7227115656127542, 0.7205819985396457, 0.921709944822805, 0.9272083469134454, 0.9214474593524562, 0.9227596186445248, 0.9214474593524562, 0.4221913533336746, 0.36565853644947677, 0.4881136163203942, 0.5914685892367494, 0.4675174336413612, 0.5115069450187832, 0.5123469603058978, 0.5115069450187832, -0.20966001284121458, 0.8575385744964176, 0.8961144428840291, 0.8816293609092878, 0.9246743444933304, -0.021766690929608905, 0.8509584070614944, 0.8513717786289644, 0.8509584070614944, 0.8629191384336669, 0.8629191384336669, -0.2745134375755643, 0.5287201807004637, -0.3825529196723145, -0.6219031419120351, -0.46410290639127033, -0.4674843124916443, -0.28785852896547864, 0.21083634291012768, -0.2023442423361938, -0.37046170619233376, -0.5532531019454141, -0.2702671432970621, -0.5019879116347157, -0.32369723069755235, 0.08484267713718809, 0.07953136120092748, -0.4815393192101296, -0.43526131336317964, -0.4630864432748857, -0.4927434354157073, -0.4852718524089739, -0.46572894408641835, -0.4689256647023185, -0.46572894408641835, -0.35626584968172986, -0.4891714481833829, -0.4891714481833829, -0.4648977940477653, -0.4648977940477653, 0.40244380421886966, 0.42515587014096773, 0.5232027546838816, 0.6081365198522356, 0.5833745961591037, -0.37844938514251103, 0.39517727568024014, 0.3870350933525013, 0.38714979440701713, 0.3870350933525013], [0.5507268811595578, 0.9667612538981678, 1.0, 0.5436856354383275, 0.4235409294176185, 0.5507268811595578, 0.5406248366006599, 0.5282405453243609, 0.4309301272085691, 0.3685433573797959, 0.9965169561624299, 0.5406436085266786, 0.5189043679193306, 0.5410015019495477, 0.5431956231604678, 0.580275514024502, -0.08284312628317905, 0.48267414955627425, 0.48181325572256467, 0.43179680468381426, 0.5395851248875582, 0.20253734584347, 0.680910311104493, 0.5052436851075562, 0.5049521800849716, 0.9817173342887099, 0.27550259425239076, 0.1810349673603992, 0.5078655613774173, 0.5073526530713292, 0.7712331981310001, 0.005605406373040047, 0.5393824417785374, 0.43091747222552, 0.5310457114197865, 0.37186324962375733, 0.9937105649339434, 0.41671937297435097, 0.5420983366977095, -0.08850799811673933, 0.5553764151437177, 0.5375496547380608, 0.5553764151437177, 0.899676213296281, 0.392794973470572, 0.9036080814079002, 0.8686219986213954, 0.6495983229911515, 0.2018002139990904, 0.0009490771943414509, 0.06223400853886199, 0.4079562582817594, -0.06377943580676922, 0.500628617329801, 0.42881320394579797, -0.08258590885470098, 0.6674277874014345, 0.62897732989539, 0.45372752413455375, 0.6350983480291562, 0.7050623584984679, 0.6350983480291562, 0.29815436472679124, 0.5292736381200684, 0.6354402241638354, 0.5292736381200684, 0.5331545205263304, 0.6126743902516024, 0.6505329606257886, 0.7269655984718866, 0.6505329606257886, 0.17657416035491735, -0.08132454289799873, 0.19666862090465903, 0.1604114279006454, 0.19579582172888213, 0.2653689869149247, 0.38376882624456177, 0.2653689869149247, -0.16851312437786184, 0.407706542041436, 0.7913444988017375, 0.49365697889387167, 0.7218784307766725, 0.1147114079775466, 0.47917406163870113, 0.4794504118595735, 0.47917406163870113, 0.6158630640340503, 0.6158630640340503, -0.29897786041715396, 0.7101405850550804, -0.2343406489196271, -0.5089048539002637, -0.3741365174343393, -0.3778575447386267, -0.3820355074819499, -0.0037447363651810167, 0.026954651966324225, -0.24217693931988987, -0.49225318758142284, -0.12652619078892366, -0.20693261814818875, -0.19597980755444966, -0.041652831101678084, -0.04546036770484808, -0.43375240092898487, 0.02591362556837533, -0.2069424735265483, -0.469898360806413, -0.09424666208319114, -0.3429822864544928, -0.21854715484830264, -0.3429822864544928, -0.42795595065273534, -0.49661497818394085, -0.49661497818394085, -0.22604660914088304, -0.22604660914088304, 0.32339116316804833, 0.12441793781120948, 0.23588310587717537, 0.4828851680475563, 0.20061677420807678, -0.2890591060237126, -0.039908798625400116, 0.4435147853601007, 0.5602885361143047, 0.4435147853601007], [0.9996939644386934, 0.9991553737751218, 0.5436856354383275, 1.0, 0.9985643305692073, 0.9996939644386933, 0.9921280202499982, 0.9880066071383614, 0.9931314138286096, 0.9703175926281358, 0.986091010455401, 0.9921617587003179, -0.14578068941875935, 0.9922005388580784, 0.992240804809264, 0.9949849844197655, 0.473883265050689, 0.9930601167629765, 0.9930476461217475, 0.9839036542199033, 0.9921409142493386, 0.4354265197362361, 0.6520521987416276, 0.9800422927011331, 0.9800179555797389, 0.9671940909386813, 0.28647615807311183, -0.13436335863435594, 0.9897109953476183, 0.9896827473978748, 0.258028985660803, -0.21288188327835525, 0.9943597299606626, 0.995573360260217, 0.7611382317129812, -0.40034499388849654, 0.9906262087713004, 0.995535985128097, 0.994717225917124, 0.456298492518201, 0.9918429131884484, 0.9944424426877573, 0.9918429131884484, 0.890795714243882, 0.6668878827050455, 0.8698046914272841, 0.8773677012275746, 0.7746715003042787, 0.3900126267311386, -0.1271364127031473, 0.1870019427999688, 0.9412542387886909, 0.4672275583389299, 0.973173780537438, 0.9686366860411458, 0.8859757734590555, 0.894162654310001, 0.9146163943757218, 0.8980797828301044, 0.9063074939556188, 0.9074594343227793, 0.9063074939556188, 0.8259621688489395, 0.8897983332531736, 0.8910771609766147, 0.8897983332531736, 0.8844417317604127, 0.6518230015097268, 0.819045736229123, 0.8207952589855304, 0.819045736229123, 0.5965226049750055, 0.09707152090315307, 0.570241040622157, -0.6047808389530157, 0.46754570490883784, 0.2777716048234727, 0.503461608651961, 0.2777716048234727, -0.10227453023049843, 0.8692580253717528, 0.8959002901694153, 0.8784829998618192, 0.8848741911509516, 0.4799475336924984, 0.8679927150861494, 0.8694832214256413, 0.8679927150861494, 0.8620687658390127, 0.8620687658390127, -0.1756853851455661, 0.5575236328974033, 0.20518267525449066, -0.5424845082370008, -0.5621514748655995, -0.5657986981372418, -0.032525943944103866, 0.03724368220313916, 0.26473639923427844, 0.151449732440691, -0.3560436026781339, 0.06544990335661079, -0.7974883634056733, -0.20219598946877834, 0.09907549364293754, 0.09935389275833449, -0.5375722875669363, -0.6057621086102202, -0.1967090243187936, -0.48693858982731214, -0.8330572166522353, -0.3356557053891239, -0.326983605435341, -0.3356557053891239, -0.1857890689056356, -0.24988471196999035, -0.24988471196999035, -0.8197985632365534, -0.8197985632365534, 0.3875014781918771, 0.6508102183320497, 0.8683655848382387, 0.8471181293709071, 0.7857079473074485, -0.24400888938529827, 0.7634861950002136, 0.8043157151556732, 0.8045838481246198, 0.8043157151556732], [0.9973539660303091, 0.993234714585368, 0.4235409294176185, 0.9985643305692073, 1.0, 0.9973539660303091, 0.9966344637211892, 0.9945418970978651, 0.9968226487623988, 0.9593586921358854, 0.9949768044491454, 0.9966540574101356, -0.36192661305380086, 0.9966858462636669, 0.9966975358011538, 0.9977620997325515, 0.2836610995110172, 0.9972551060699183, 0.997248861285288, 0.9856664708314123, 0.9966421474921269, 0.062241828191739054, 0.6068974646826144, 0.9900722383026342, 0.9900259437741068, 0.9827067932294946, 0.023754227370548827, -0.12091594839659889, 0.9880401753256579, 0.9879827712967232, -0.06622251923837724, -0.11209230425355204, 0.9976667937350352, 0.9976092135339866, 0.7333959433777758, -0.5477087372510568, 0.9969657663082654, 0.9978407763241276, 0.9979413907882939, 0.2601472458255788, 0.9976328894754521, 0.9976331306220643, 0.9976328894754521, 0.9066413278561966, 0.6279448297207186, 0.8935013302791597, 0.8806317340171136, 0.7388294809105114, -0.09328270841825408, -0.5752272107591014, -0.23932395054319125, 0.926230858003503, 0.3244407629670192, 0.9664494835440448, 0.9665057473222187, 0.8781564848230431, 0.8698306625932366, 0.8980150471738181, 0.8819186496780583, 0.8959335651538548, 0.8964077727017846, 0.8959335651538548, 0.7939040504435533, 0.828342211794458, 0.8298563640937167, 0.828342211794458, 0.870134778853723, 0.756201143945116, 0.8497219005401849, 0.8508056988806961, 0.8497219005401849, 0.5451249816845778, 0.4071394862849188, 0.5273957731072675, -0.6553649990490914, 0.5223457752896312, 0.49894636904670453, 0.49864413446351324, 0.49894636904670453, -0.12210081294932289, 0.8465456421765369, 0.8621115869621827, 0.8483401867612577, 0.8886173956965453, 0.34205815583186144, 0.8483411392041174, 0.8497795166432235, 0.8483411392041174, 0.8567962380321039, 0.8567962380321039, -0.22056650215249415, 0.6218041225078772, 0.058998453254167055, -0.5786428753746564, -0.6224316927745812, -0.6228449236107988, -0.0698598601384097, 0.05815784125872404, -0.13546100451381293, -0.10175274438378867, -0.4475814072454588, -0.31031329824942555, -0.8657961351490552, -0.5060362699801146, 0.06356313544705608, 0.06366994890002227, -0.5696439891959403, -0.5970794039408505, -0.500688577505058, -0.5323615659875207, -0.8028197165653351, -0.5586980592390449, -0.5612097873902978, -0.5586980592390449, -0.23160683082326017, -0.29021021222893395, -0.29021021222893395, -0.7688736995984727, -0.7688736995984727, 0.36490598282961006, 0.6285465142540703, 0.8167717980078982, 0.790729837666646, 0.7722817800093326, -0.38573158808989627, 0.612297737612984, 0.6949644698072736, 0.6953709646539129, 0.6949644698072736], [1.0, 0.9999817558049001, 0.5507268811595578, 0.9996939644386933, 0.9973539660303091, 1.0, 0.9904700168806968, 0.9858623055312355, 0.9910890951871406, 0.9725972703763682, 0.9806789803555601, 0.9905162268466153, -0.14109718637250812, 0.99058399840254, 0.9906317889452851, 0.9933761510065005, 0.4879595749391934, 0.9916372207941888, 0.9916227542932584, 0.9834069456221287, 0.9905035329417525, 0.44432949440645464, 0.6488446517086539, 0.977004497196017, 0.9769794936937917, 0.9555109202769111, 0.29171372321068684, -0.12678119383278152, 0.9898922688081657, 0.9898529704916624, 0.2667240957562027, -0.21186345126464515, 0.9935180156704272, 0.9944198001474738, 0.8032559395170588, -0.3943167876389817, 0.9866500489827703, 0.9941347834710105, 0.9940614228348147, 0.47076043516338806, 0.9937157633808812, 0.993701761874063, 0.9937157633808812, 0.8921168457178231, 0.6797080543116616, 0.8609071138647472, 0.881776101788292, 0.7981613055615256, 0.39566919118135785, -0.1209308898250121, 0.19376862913920037, 0.9470648553418202, 0.48341683096686394, 0.977472582207226, 0.9714621024688607, 0.9112496952236854, 0.9038973914873006, 0.930275512435642, 0.9035592627846524, 0.9268432483852748, 0.9276734137412823, 0.9268432483852748, 0.8364686438183001, 0.9038390636020696, 0.9050009345500921, 0.9038390636020696, 0.8892846777555706, 0.7218162999290697, 0.8651760854573677, 0.8668864207667558, 0.8651760854573677, 0.607088824992066, 0.30100495278852274, 0.5828884328830258, -0.5994001634264918, 0.47460677529592843, 0.5344857700273539, 0.536092787520988, 0.5344857700273539, -0.09521384463253994, 0.8765378529591005, 0.9076977162666818, 0.8893880791694471, 0.9127424990182317, 0.49311963445471557, 0.8742024151000358, 0.8755142485021365, 0.8742024151000358, 0.8853007939932722, 0.8853007939932722, -0.16901207761586218, 0.5280351405995735, 0.20045424869612835, -0.5313297684744631, -0.5540064304680049, -0.5577490690430249, -0.019592528017523113, 0.04316639961077337, 0.2720990440928887, 0.16434479150623396, -0.3426645962241269, 0.07230390946452318, -0.7903355322377429, -0.19395082004078681, 0.11075941775842486, 0.11099119709981127, -0.5297327771021375, -0.6088125286402685, -0.19471800692617344, -0.47386859800016357, -0.8303201864817377, -0.33362253450562723, -0.32438299493446526, -0.33362253450562723, -0.17587760676254907, -0.23924865325518416, -0.23924865325518416, -0.8192780481039219, -0.8192780481039219, 0.4026888519910912, 0.6630479800522834, 0.8758772234448762, 0.8545743566098017, 0.7930745431143751, -0.22999123416025544, 0.7723196797433896, 0.8128347649731223, 0.81309463728235, 0.8128347649731223], [0.9904700168806968, 0.9762678617359857, 0.5406248366006599, 0.9921280202499982, 0.9966344637211892, 0.9904700168806968, 1.0, 0.9971160361106509, 0.999967090954757, 0.9497529017992759, 0.9995632206691453, 0.9999960461961039, -0.15935011900420123, 0.9999921991535116, 0.9999197314739283, 0.9939770308903956, 0.4224816064329406, 0.99983066264012, 0.9998308096336667, 0.988198728751577, 0.9999962641337089, 0.3399679214484397, 0.6532267175724311, 0.9839159510663706, 0.9839348114890855, 0.9842532679791904, 0.20649531975763316, -0.19443225777239, 0.9923601988460927, 0.992061622531525, 0.1561512316281426, -0.2639853828015841, 0.9992848900876944, 0.9993731485399235, 0.33409637567513295, -0.33127569334334855, 0.998591948319857, 0.9992685135639274, 0.9982097557290965, 0.4033037023378262, 0.9290700583163173, 0.9990102280061146, 0.9290700583163173, 0.9149260504874929, 0.6298701562935697, 0.9175511996404649, 0.889581548068447, 0.6891363028348898, 0.4189687090674931, -0.07076989706975328, -0.21210909146839138, 0.9241569973876306, 0.4240171878888121, 0.9686242004854598, 0.961086739440079, -0.09278065432080661, 0.8165735548377874, 0.7945612151990739, 0.8411834797048923, 0.7874523098334157, 0.7566121409525632, 0.7874523098334157, 0.7478161360199749, 0.7564351822668224, 0.7570160439267452, 0.7564351822668224, 0.8265040581928006, 0.2909997998038784, 0.5100958160335461, 0.5977455055178115, 0.5100958160335461, 0.5116601670720775, -0.3645315434521037, 0.47144195477163325, -0.6686463937328087, 0.38649571869222943, -0.135029667520795, 0.3569800444107823, -0.135029667520795, -0.1475992639063826, 0.8018353367400239, 0.8067624229397028, 0.7977579111581056, 0.728384445466533, 0.4270815629884618, 0.8059661444686878, 0.8080855807693939, 0.8059661444686878, 0.7125289347521848, 0.7125289347521848, -0.2582869449018903, 0.6754100664881937, 0.2567416456130201, -0.5636980638988074, -0.6066209522964389, -0.6097734208516823, -0.08648847625568594, -0.016205446720005973, 0.36544705681388273, 0.11079680830534722, -0.3865055621479835, 0.11401125644092903, -0.8254499860479796, -0.1075243718547131, 0.025488786788442196, 0.025840570133587853, -0.5851122625017392, -0.6112778271218114, -0.03779563365978065, -0.5709058027879702, -0.845493762429031, -0.33327985381865377, -0.15825425432390403, -0.33327985381865377, -0.26841016536184137, -0.30203947527874303, -0.30203947527874303, -0.8396174802022257, -0.8396174802022257, 0.3612577752959329, 0.6043486967339565, 0.4948962884834186, 0.8088679767349695, 0.7607725656629427, -0.3043979038705164, 0.05894342556914898, 0.7669936334374662, 0.7855706730424677, 0.7669936334374662], [0.9858623055312355, 0.9665368565497469, 0.5282405453243609, 0.9880066071383614, 0.9945418970978651, 0.9858623055312355, 0.9971160361106509, 1.0, 0.9994460577221052, 0.9409884844351447, 0.9981538131802422, 0.9979297541598715, -0.16917319192938204, 0.9989731503098888, 0.9986656269084039, 0.9864152805442992, 0.40041660768209875, 0.999027731253794, 0.9990297137382561, 0.9851965369098952, 0.9991409855055194, 0.312102827016159, 0.6519624593572502, 0.9916501349807437, 0.9815009726507498, 0.9793885621521504, 0.18588745694099065, -0.20998697342188155, 0.9886623000773561, 0.9920792833729715, 0.13499036249535937, -0.271410709640449, 0.9981028097292497, 0.9979885261770363, 0.31233241652490934, -0.33909348794083827, 0.9958197665959442, 0.9977867527887821, 0.997544309448091, 0.38072308090202805, 0.9198285209918331, 0.9979406310722032, 0.9198285209918331, 0.9124342218199466, 0.6137632535473588, 0.918258499003018, 0.8851840967697996, 0.6602635622554865, 0.40527410159020966, -0.08689863013798475, -0.22624641020682204, 0.9146617311550719, 0.4026991202807608, 0.9637566928598887, 0.9553115525442889, -0.10420317997540147, 0.8003486389201963, 0.7749818045304816, 0.8301047530734947, 0.7691169107250512, 0.7424850087980315, 0.7691169107250512, 0.731927979979276, 0.7343831992664416, 0.7417483518926915, 0.7343831992664416, 0.8156518349074414, 0.26814728078472533, 0.4858040114994711, 0.578773091719027, 0.4858040114994711, 0.49545803221323437, -0.3810725126888517, 0.4533179296586927, -0.6784850995028004, 0.37587106515634267, -0.15964370424196958, 0.33784904073136013, -0.15964370424196958, -0.1551540265946784, 0.7888528013257318, 0.7854580927094069, 0.7805505053386255, 0.7115154237386871, 0.4098011469599312, 0.7936776702754774, 0.7960401236610478, 0.7936776702754774, 0.6911202518272099, 0.6911202518272099, -0.2762253355628862, 0.7077002291765497, 0.26517764735088256, -0.5739824652661046, -0.6213454570977649, -0.6242939775801287, -0.10267596251877872, -0.02558674329844704, 0.35859508350343977, 0.09084601182222998, -0.40060418225919153, 0.10461113027173839, -0.832998200113521, -0.11413550573320774, 0.007921767926553667, 0.008289933591660505, -0.5985398724085869, -0.6128472207725739, -0.04476367639621211, -0.5907998640105923, -0.8462858230275523, -0.3457861311293735, -0.16462575468351462, -0.3457861311293735, -0.28840788516351634, -0.3175041683272875, -0.3175041683272875, -0.8387850330660294, -0.8387850330660294, 0.3360241023471013, 0.5855179302636874, 0.47467974325050094, 0.7900737609634759, 0.7467831005677603, -0.32845876548182423, 0.04366871054097245, 0.7469070771865556, 0.7692174006078356, 0.7469070771865556], [0.9910890951871406, 0.9760331941875462, 0.4309301272085691, 0.9931314138286096, 0.9968226487623988, 0.9910890951871406, 0.999967090954757, 0.9994460577221052, 1.0, 0.9484698075481626, 0.9995059262568244, 0.9999681130964345, -0.335601021011651, 0.999972784991031, 0.9999324626465135, 0.9980803523599255, 0.31917790545170843, 0.9997689832612051, 0.9997695866133608, 0.9879697691330714, 0.9999651989874989, 0.111147875104622, 0.6063075179272811, 0.9938908033124884, 0.9938326342256185, 0.9840262380004112, 0.006952121255516115, -0.13430785652847751, 0.9908638854771676, 0.9908331188487364, -0.04731509354375115, -0.22537742192721708, 0.9992997875194543, 0.9992597721118255, 0.7469475737185594, -0.5357050617187766, 0.9984956474852666, 0.9992495686723676, 0.999149590361757, 0.29641311543119064, 0.99914022026263, 0.9991455471664391, 0.99914022026263, 0.9147908369138845, 0.6309790007133729, 0.9169662106040097, 0.8886170467159292, 0.6884103310891873, 0.014575106352778963, -0.5199705225243267, -0.18805442995801797, 0.9192722531999608, 0.3738124179968045, 0.9623875687439102, 0.961377656022489, 0.8486088112659005, 0.8173094808799994, 0.8694094563868132, 0.8419648018486615, 0.867385613744382, 0.8681753789388182, 0.867385613744382, 0.7468165049982695, 0.8091419204579472, 0.8108836891400477, 0.8091419204579472, 0.8278511723802489, 0.7147820775409255, 0.8173727915137595, 0.8189433476465243, 0.8173727915137595, 0.5106765688486394, 0.3295974231843562, 0.47036146365461534, -0.7012408775008436, 0.4463701121670771, 0.40939988895860935, 0.40946302811202195, 0.40939988895860935, -0.10273550567544883, 0.8021798551297519, 0.8064649058128218, 0.7978688474491226, 0.8596743975516906, 0.35683106925773544, 0.8121988736794021, 0.8147328243573506, 0.8121988736794021, 0.8206246803581017, 0.8206246803581017, -0.26070295118080944, 0.6763239454933546, 0.084345043110897, -0.5761629778668056, -0.6494974945664518, -0.6502987021462328, -0.09019603265002105, -0.014098643949473535, -0.14328993875082324, -0.07327827479319803, -0.4370162390487662, -0.3424683345198551, -0.8794933844902314, -0.5461834045900612, 0.024166523669193724, 0.02482019258267192, -0.5871108255977292, -0.6073145391972844, -0.5106357157662894, -0.5731875551485099, -0.8221347693210346, -0.5829951073628873, -0.584993814936005, -0.5829951073628873, -0.27098587944171143, -0.3057366551276501, -0.3057366551276501, -0.8022178990441924, -0.8022178990441924, 0.36160359600050956, 0.6031466239666721, 0.8240891589667839, 0.8022864758590431, 0.7592022133074078, -0.3336227494823797, 0.6452194178244427, 0.7152168604841826, 0.7153824639126313, 0.7152168604841826], [0.9725972703763682, 0.9561044952660283, 0.3685433573797959, 0.9703175926281358, 0.9593586921358854, 0.9725972703763682, 0.9497529017992759, 0.9409884844351447, 0.9484698075481626, 1.0, 0.9193571427274551, 0.949789179218493, -0.28147104973692866, 0.9494314286046426, 0.9487114839060279, 0.950722855513239, 0.13375676048268315, 0.9556944594103888, 0.9556690948955687, 0.9499342368840259, 0.9499255526274155, 0.038748471408410784, 0.6586523463982717, 0.9517936320179718, 0.9520139193549836, 0.8084300180238898, 0.10533881300157384, -0.11590840579850852, 0.9583742136363679, 0.9585134352070532, 0.09300486445887561, 0.042622280318134496, 0.9601450982892573, 0.9604275390678717, 0.8461199643408188, -0.46475844402748157, 0.9318941785399798, 0.959325569158586, 0.9608457836447725, 0.1106868157019674, 0.9615703595472159, 0.9615333330401035, 0.9615703595472159, 0.7782694235873976, 0.4273177463592446, 0.7285479964442959, 0.8561946351173204, 0.8357306032254495, -0.5535616157237204, -0.684528812465503, -0.31129160781254256, 0.8659419154387433, 0.09675496683655951, 0.8987714184322902, 0.8988160765203997, 0.8533714906712265, 0.845943805904051, 0.8802268658650337, 0.8565847426877867, 0.8718346778540509, 0.8727117417951307, 0.8718346778540509, 0.7942720583968457, 0.7722464268350668, 0.7743928624815647, 0.7722464268350668, 0.8484034499549149, 0.8696929758689923, 0.8465014631191944, 0.8473338404484627, 0.8465014631191944, 0.6138147172750579, 0.533495215618643, 0.6150270752464231, -0.4254620347583228, 0.6350587871376427, 0.6568269232772634, 0.6600626227137844, 0.6568269232772634, -0.2575261522954816, 0.8533656899358074, 0.9160089201480558, 0.8721496597940513, 0.8706903487871098, 0.2378628453250099, 0.8450198152880933, 0.846437548691514, 0.8450198152880933, 0.857369040786405, 0.857369040786405, 0.010906472868498364, 0.2549395332963743, -0.08278524635419704, -0.4787566167410144, -0.3902453890869954, -0.3921426572107669, 0.0815905230501686, 0.3793648366598927, 0.11384982949042033, -0.0031717937202498992, -0.31786893371820296, 0.023872696818906403, -0.8128318627015456, -0.13808885575093652, 0.2695068381781015, 0.268339132296617, -0.3460258370388332, -0.43771843801688237, -0.299071148904896, -0.30318139314780335, -0.6875767547946561, -0.32093451185209193, -0.32283620347621106, -0.32093451185209193, -0.05490933006512098, -0.3380795227374534, -0.3380795227374534, -0.5373598042679252, -0.5373598042679252, 0.5782411347571483, 0.6762072393386793, 0.7606903144073303, 0.6690234192423664, 0.8400097039499774, -0.4314238206571596, 0.3898270508846864, 0.5676568866285504, 0.5679493612378024, 0.5676568866285504], [0.9806789803555601, 0.9783376411728906, 0.9965169561624299, 0.986091010455401, 0.9949768044491454, 0.9806789803555601, 0.9995632206691453, 0.9981538131802422, 0.9995059262568244, 0.9193571427274551, 1.0, 0.9995602583371956, 0.999556753650301, 0.9995072519164866, 0.9995438568740874, 0.9984591354488078, -0.3458417146499455, 0.9997162382424257, 0.9997204331331562, 0.9995689902522417, 0.9995687339665562, -0.29051873450968935, 0.9589394264298816, 0.9918806389349942, 0.9918525386118812, 0.9875657479752837, -0.026945823693533124, 0.06764483317865161, 0.9890472540834881, 0.9891145642620676, 0.9706927646702684, -0.011051728716080187, 0.998638398692171, 0.9985833920938169, 0.9983674724813959, 0.999221297658007, 0.9991506472333426, 0.9986235543448561, 0.9983900705501098, -0.35681380934310825, 0.998313300793868, 0.9983246691769576, 0.998313300793868, 0.9085880392930091, 0.49679029713750966, 0.9126126806223018, 0.8867882340622956, 0.6902984512376191, -0.5473862246098977, -0.6664404750234743, 0.7995630398088812, 0.8067100659282975, -0.2706262520548721, 0.9208171874799028, 0.9210016312717012, 0.8422130352690849, 0.8526745294721089, 0.8168924268599604, 0.8198136889145116, 0.8265611363012774, 0.8275760345301808, 0.8265611363012774, 0.642239433939773, 0.5955056066900893, 0.5980621413614944, 0.5955056066900893, 0.8538427968769648, 0.8636743584784182, 0.8520841676254712, 0.8536877747322705, 0.8520841676254712, 0.2826301727954199, 0.21473988167067526, 0.3440167775694112, 0.46749554933811244, 0.33390620041283686, 0.3861430899091427, 0.3888803048026111, 0.3861430899091427, -0.41218280164857934, 0.7571345359999335, 0.8110175931007189, 0.7894062372267912, 0.8514929155752218, -0.08470910696750612, 0.7491934355353125, 0.74975616629642, 0.7491934355353125, 0.7646365199724231, 0.7646365199724231, -0.323550891484128, 0.6671620666532208, -0.4017301470038336, -0.6662075523744703, -0.5467710083010204, -0.5489743864673051, -0.3528374048236425, 0.13927287792190354, -0.2637723230300879, -0.4244846089454165, -0.606569251235915, -0.33712746760543005, -0.6286522040548788, -0.4026577332140363, 0.009693103158999785, 0.00541561435370667, -0.5599993982813275, -0.5237524582833117, -0.541918965093003, -0.5761344480664112, -0.5705203168733542, -0.545632654404327, -0.5485240506219704, -0.545632654404327, -0.4405501678907398, -0.5998775931512259, -0.5998775931512259, -0.6047875721138258, -0.6047875721138258, 0.35669160721492194, 0.3614416161937224, 0.4698621047337029, 0.5552839482942868, 0.5541334614769258, -0.5450756000103739, 0.3035197109676998, 0.32383434611342143, 0.32402301805870926, 0.32383434611342143], [0.9905162268466153, 0.9763209608802752, 0.5406436085266786, 0.9921617587003179, 0.9966540574101356, 0.9905162268466153, 0.9999960461961039, 0.9979297541598715, 0.9999681130964345, 0.949789179218493, 0.9995602583371956, 1.0, -0.15900710127546044, 0.9999941396688906, 0.9999250188190401, 0.9948110519587409, 0.42257550903849594, 0.9998321324188358, 0.9998322524931782, 0.9882446742526391, 0.9999969210692754, 0.3403084239365184, 0.6533027735030111, 0.9894449899883877, 0.9839231925332513, 0.9842344066861437, 0.2067844582856566, -0.1943773839005817, 0.992355885903237, 0.992074505597362, 0.1564040666095385, -0.2639553388935183, 0.9992872668878318, 0.9993779923987195, 0.3340680305446022, -0.3310501034618086, 0.9985940738804198, 0.9992777287168509, 0.998213776506409, 0.40340480223975117, 0.9290519250249598, 0.9990132216252313, 0.9290519250249598, 0.914955956341993, 0.6300365246463353, 0.9177984617467138, 0.8898177591956598, 0.6892980075934392, 0.4193861920268969, -0.07028990858622197, -0.21171866858900362, 0.924247427944491, 0.4241150974090071, 0.9687251313747275, 0.9611631784597516, -0.09257769092459463, 0.8167422158802695, 0.794675213620047, 0.8413068561374724, 0.7875639252144182, 0.756547944467515, 0.7875639252144182, 0.7478905109737006, 0.7564982176056221, 0.7569450534079812, 0.7564982176056221, 0.8266726958660924, 0.2908625359202415, 0.5101070856628376, 0.5976499948198156, 0.5101070856628376, 0.5115950032621225, -0.36455312957010977, 0.47138902509887426, -0.6685335431049281, 0.38637016159415544, -0.13516578506378193, 0.35702218412649944, -0.13516578506378193, -0.1477555179620491, 0.8019084899825966, 0.8069137820354386, 0.7978611578324537, 0.7283755018530932, 0.4271836894075455, 0.806054875694125, 0.8081700976577851, 0.806054875694125, 0.7126114230198135, 0.7126114230198135, -0.2582755829516969, 0.6754113828547335, 0.2568624940941604, -0.5637015981993369, -0.6065325430236654, -0.6096911598764573, -0.08657213104703389, -0.01636531247748716, 0.365626613363009, 0.11082772067508667, -0.3865380768250019, 0.11428387967515066, -0.8251632257990099, -0.10721766763361974, 0.025522564696353774, 0.02589168152842803, -0.5851012930240305, -0.6110915436449196, -0.037531470753202206, -0.5708864464282885, -0.8453776875285394, -0.33303721755961124, -0.158034566793234, -0.33303721755961124, -0.26826057700127326, -0.30199477018900056, -0.30199477018900056, -0.83955990354505, -0.83955990354505, 0.36180289654291725, 0.6045159427730545, 0.49516004820495735, 0.8091425272635532, 0.7608743560966605, -0.30415574886458624, 0.05924291568893213, 0.7672583816948358, 0.7856944078902699, 0.7672583816948358], [-0.14109718637250812, 0.9762779282768319, 0.5189043679193306, -0.14578068941875935, -0.36192661305380086, -0.14109718637250812, -0.15935011900420123, -0.16917319192938204, -0.335601021011651, -0.28147104973692866, 0.999556753650301, -0.15900710127546044, 1.0, -0.15836409837352627, -0.1546440048748727, -0.13032209794700994, -0.2911152661158333, -0.15983595178613277, -0.1602660660773841, -0.28302926608448276, -0.159846974097323, 0.023603815541971218, 0.308910008859971, -0.19473507791236983, -0.1950735802224528, 0.9842127712454907, 0.24555041849899875, 0.18627728651116515, -0.19409409590545806, -0.19471473331796518, 0.5362857089114822, 0.12022347523634593, -0.15670759532399825, -0.3196199365579991, 0.16334320545932868, 0.9615410816504923, 0.9985917858435118, -0.352521632245102, -0.15176974703532986, -0.28091828382176487, -0.15707003880194786, -0.15782013754749538, -0.15707003880194786, 0.9150235738549045, -0.119504756860314, 0.917756716983423, 0.8897436434280103, 0.6892745092891743, 0.08380087218610772, 0.25763165492016044, 0.6445908900512832, -0.27336163810800007, -0.2958714342398089, -0.07172357922886598, -0.310756558591286, 0.02328656989262227, 0.2548120793096304, -0.026659644753622598, -0.3197853741759447, -0.024659321713697415, -0.014302678280629606, -0.024659321713697415, -0.42762115633306713, -0.11187430965422636, -0.11399355729343978, -0.11187430965422636, -0.21904773029666916, 0.06730928863811042, 0.0427599707995109, 0.04273846243069908, 0.0427599707995109, -0.4187013443884804, 0.007244992593288938, -0.38205843374779497, 0.6241219336041116, -0.35118622882766776, 0.008002527627894246, -0.06352294138450539, 0.008002527627894246, -0.3056721834631412, -0.3543301265609705, 0.806899376869902, -0.1415961854331039, 0.009512365268548735, -0.21730594502543188, -0.2741636760452116, -0.2735541808123619, -0.2741636760452116, -0.03263939543782706, -0.03263939543782706, -0.23604283841672175, 0.6753302484414052, -0.1625950478226844, -0.008089033060265418, 0.20311113768049843, 0.2016950401466569, -0.2500292423157457, -0.011418633676022895, 0.02040870573979478, -0.17131674531183747, -0.10610707621709396, 0.0439214390698935, 0.3923550550966053, 0.11793613102920215, -0.0423187820758604, -0.046241161103479096, 0.09072500680852834, 0.5744837607429691, 0.09606023034982648, -0.182191812153547, 0.6202960933373439, 0.10128920743380716, 0.10893830943291147, 0.10128920743380716, -0.2357693693223047, -0.1943565180516961, -0.1943565180516961, 0.3285912025532003, 0.3285912025532003, 0.3619126443441688, -0.255671260856592, 0.014263640469773438, 0.08857190564465413, -0.2557399582478596, 0.07687169828846675, 0.15214533202481503, 0.10294505614197033, 0.10288848772774825, 0.10294505614197033], [0.99058399840254, 0.9760792063650514, 0.5410015019495477, 0.9922005388580784, 0.9966858462636669, 0.99058399840254, 0.9999921991535116, 0.9989731503098888, 0.999972784991031, 0.9494314286046426, 0.9995072519164866, 0.9999941396688906, -0.15836409837352627, 1.0, 0.9999370622068499, 0.9974324913902192, 0.42269972358177627, 0.9998352880885572, 0.999835318201267, 0.9884128012793139, 0.9999941520626305, 0.34101449759782243, 0.6531358740541491, 0.9930242056410288, 0.9929071064364331, 0.984101445107686, 0.20708634492378292, -0.19442490920353223, 0.9930961276274812, 0.9931442061429383, 0.15722377885989022, -0.2637812900677489, 0.9993389735155683, 0.9993772866591298, 0.33297424470321363, -0.3301615021723121, 0.9985273754361879, 0.9992812624738376, 0.9985266946736514, 0.4035551263548641, 0.9285147908425887, 0.9990708645288708, 0.9285147908425887, 0.9152470185004598, 0.6308042996534388, 0.9181833333569113, 0.8902046587140027, 0.6889655012364779, 0.4208310712528873, -0.06862867788339858, -0.21192416790483973, 0.924665188077229, 0.4244196696251891, 0.9691579087379106, 0.9615493030217213, -0.09362887673000675, 0.8170203785533615, 0.7945926682752448, 0.8415751538429894, 0.7875241605764081, 0.7561571597882735, 0.7875241605764081, 0.7480877068598326, 0.7564510671547882, 0.7573766126255859, 0.7564510671547882, 0.8270320832054686, 0.290155952080596, 0.5095709245298569, 0.5976866149732606, 0.5095709245298569, 0.5114129218848545, -0.3657645128624472, 0.4712767544965527, -0.6686883961413568, 0.3859547406413688, -0.13620736934382494, 0.35666030090346984, -0.13620736934382494, -0.14769716337760255, 0.8020435954029231, 0.8064596355889303, 0.7979459045077917, 0.7180614168155457, 0.42759278142703555, 0.8061833195987421, 0.8082873915904928, 0.8061833195987421, 0.7124095990996758, 0.7124095990996758, -0.2600253379980538, 0.6763851774889915, 0.2573869924089894, -0.5636723170403901, -0.6069355445659339, -0.6100990802096766, -0.08779754891937354, -0.01768481862528301, 0.36593205833635245, 0.11035418653204461, -0.3868208899422829, 0.1143584249299201, -0.8242486461748442, -0.10705910578942024, 0.02441663219660186, 0.024780606081557167, -0.5857755842902408, -0.6114172616250705, -0.036933111696871405, -0.572342372990696, -0.8453628965806336, -0.33297293758141333, -0.15745959277074606, -0.33297293758141333, -0.2693222119395216, -0.3024932889276428, -0.3024932889276428, -0.8399186325632354, -0.8399186325632354, 0.3619782699580445, 0.6041970075951155, 0.4945864810057664, 0.8096035257017244, 0.7603084148688496, -0.30365017971730585, 0.05854131968512453, 0.7676650643746855, 0.7863084564243362, 0.7676650643746855], [0.9906317889452851, 0.975276745906708, 0.5431956231604678, 0.992240804809264, 0.9966975358011538, 0.9906317889452851, 0.9999197314739283, 0.9986656269084039, 0.9999324626465135, 0.9487114839060279, 0.9995438568740874, 0.9999250188190401, -0.1546440048748727, 0.9999370622068499, 1.0, 0.9975509556581216, 0.4218408510834554, 0.9997844592747387, 0.9997857226307341, 0.9883386272084206, 0.9999210038828036, 0.34177416247677533, 0.6546578505592681, 0.9923267727814981, 0.9832505105798106, 0.9841150321321671, 0.20812342463846167, -0.19347868892608622, 0.9922103972844183, 0.9922217675948578, 0.1599949859888054, -0.26463913562240643, 0.9993431802354841, 0.9992244867239453, 0.33280086521320046, -0.3259088787377553, 0.9984326178427182, 0.9992523081202114, 0.9985065432240144, 0.40272452219205046, 0.9274066435547167, 0.9990948671484765, 0.9274066435547167, 0.9136961069947703, 0.6309398050380285, 0.9163803518665768, 0.8880614834516388, 0.6859992633847257, 0.42145622275832173, -0.06679046350094321, -0.2125999464562397, 0.9239479020228608, 0.4223853545295526, 0.969462973498293, 0.9610666899462825, -0.09662893936346266, 0.8156731805826065, 0.7948266209130319, 0.8413017276517148, 0.7877484331151078, 0.7584162498519035, 0.7877484331151078, 0.7462327004260696, 0.7558654078065881, 0.7585031311608853, 0.7558654078065881, 0.8270886522271421, 0.29002905733118567, 0.5091246118129937, 0.5991069439514957, 0.5091246118129937, 0.5100909804383139, -0.3681808173033767, 0.46942280210484505, -0.6663255720435095, 0.3843190630110645, -0.13731036091434692, 0.35693123982184577, -0.13731036091434692, -0.15114309987536614, 0.8014384556758191, 0.805302688077616, 0.79708536761556, 0.7303497165371485, 0.42801174081711796, 0.8057258595463238, 0.8081343413721266, 0.8057258595463238, 0.7124653625651, 0.7124653625651, -0.26056625041094317, 0.6787418771881302, 0.25773742317761883, -0.5647412059874835, -0.6069656277559976, -0.6098502178171744, -0.08988484197609903, -0.019259131273937875, 0.3671866076154516, 0.10978974885013847, -0.38785291173829356, 0.11528875597538832, -0.8227369953523942, -0.1056622603863744, 0.02358363527057193, 0.024227101607913415, -0.5871039284441959, -0.6065746085721997, -0.03521789141240719, -0.5733310674580793, -0.8431687555192441, -0.33218057416963115, -0.15608491408891867, -0.33218057416963115, -0.26960960950358615, -0.30533714046779414, -0.30533714046779414, -0.8377488410647562, -0.8377488410647562, 0.35917156802717737, 0.6019257962236659, 0.49262407922467977, 0.8103401364068924, 0.758655935331595, -0.30466918898169404, 0.056440190342023314, 0.7683809676678118, 0.7876620616046891, 0.7683809676678118], [0.9933761510065005, 0.9843948270181372, 0.580275514024502, 0.9949849844197655, 0.9977620997325515, 0.9933761510065005, 0.9939770308903956, 0.9864152805442992, 0.9980803523599255, 0.950722855513239, 0.9984591354488078, 0.9948110519587409, -0.13032209794700994, 0.9974324913902192, 0.9975509556581216, 1.0, 0.41549196631607227, 0.9977772496716208, 0.9977742112345502, 0.9838660028041094, 0.9973662209503111, 0.35969271380297924, 0.6779874448503029, 0.970669930556622, 0.9787056568755841, 0.9880699559462852, 0.23468626949511032, -0.1689525953866126