var element=document.getElementById("correlationClose");if(element.style.display!='none'){var correlationClose={"data":[{"type":"heatmap","z":[[1.0,0.9999883834781432,0.6576223686516409,0.9997264959815901,0.997990840409643,1.0,0.9923871683681497,0.9887632850266364,0.9887632850266364,0.9930461375654189,0.9768875370349536,0.986928251122269,0.9924235033573783,0.992836023072492,0.9924756142033935,0.8136253664344276,0.7535867506353285,0.3132483758031495,0.9933140803602207,0.9933044069155884,0.9855762225129269,0.9924130911620416,0.42142565839356155,0.7344378465226362,0.981698184812785,0.981698184812785,0.9816797136276352,0.9753651010359661,0.33320698634577,-0.1156758252566492,0.9896530982937198,0.9896172186910723,0.2828539713047872,-0.19060684148821505,0.9947123198021444,0.9953372202452813,0.8451975110091273,-0.36322170970520024,0.9906551429532056,0.9953094193057972,0.8005032967178147,0.29407470298332067,0.994855114940729,0.9948483639637822,0.994855114940729,0.8896456854107412,0.6529421926783124,0.9048301903434696,0.9115119929868502,0.8206367951078509,0.37563459596067705,-0.17091421497401701,0.20433528927144376,0.9471661385409329,0.3921600948811164,0.97487035335975,0.9703552755391871,0.9801593089712046,0.98974225788812,0.9299414131806188,0.9372120999105026,0.9447387247232562,0.9293541245649184,0.9420643935715849,0.9427066986751691,0.9420643935715849,0.8809988522488286,0.92139709174207,0.9222950604876587,0.92139709174207,0.9212347335262215,0.7843678123146993,0.8940354279317605,0.8953269476013018,0.8940354279317605,0.6909108415830899,0.37082307102461814,0.6754687842391905,-0.5563316291703386,0.5809819281806735,0.6056689628334043,0.6059546018845589,0.6056689628334043,-0.10119271964202506,0.9096993807650303,0.9414456978967869,0.9250509884914695,0.9312368599791229,0.2981285784885178,0.9049254654571476,0.9057196056376889,0.9049254654571476,0.9094842563362588,0.9094842563362588,-0.10266333694531651,0.5884357862333607,0.1675553134970361,-0.6639639789838587,-0.5848209487111964,-0.5884610316201989,-0.1125414370010738,0.11489537016124125,0.21606911603888493,0.03222111404448201,-0.5259661403764513,-0.0035166231574707443,-0.7965909065430575,-0.27111113614376703,0.15922919381584316,0.1605809345278909,-0.5668231156520886,-0.5827375638346611,-0.2649685851925679,-0.5099162942006957,-0.8185537160643416,-0.3953389652862481,-0.38735726547598326,-0.3953389652862481,-0.20899485005667012,-0.3231063169036892,-0.3231063169036892,-0.8066114383979599,-0.8066114383979599,0.38041779304024487,0.6302437213452146,0.8557349917466996,0.8402113009167653,0.7585667010359829,-0.31753366233558133,0.7486298222339752,0.7826698715740461,0.7830173660157961,0.7826698715740461,-0.2014585134304577],[0.9999883834781432,1.0,0.9790903874228953,0.9994408128721826,0.9956847900167449,0.999988383478143,0.9843104548390955,0.9782490240116603,0.9782490240116603,0.9841703215804635,0.9705910161953001,0.9856839574852121,0.9843480009137433,0.9842903586079392,0.9841892012115964,0.2688083924020007,0.1804026360163357,-0.4086285762446543,0.988146398520227,0.9881310858922784,0.9843948649108286,0.9843903091390792,-0.12648296579382176,0.9782621193257585,0.9796068156230473,0.9796068156230473,0.9796508919629574,0.9755362303274737,0.1302022673085217,0.15127918940137655,0.9814019762818716,0.9814532975873723,0.8645490928518332,0.14288922078017668,0.990721906099746,0.9907684705017976,0.9913348227723627,0.985492392665454,0.9897077591278252,0.9908653037064309,0.22383945304514963,-0.41377335465425724,0.9913859845343309,0.9913759123535273,0.9913859845343309,0.8894795832781012,0.5008246184858216,0.9047756175093142,0.9112655350194577,0.820081418010405,-0.3310560687256514,-0.5025501986860165,0.832921548293998,0.8752465743666334,-0.2477433597868763,0.9354547360450836,0.9355908044868303,0.9558728430844557,0.9770175667116904,0.9484665655571763,0.9552756475063657,0.9403306365506399,0.9397358412057558,0.9447493147275446,0.9452225488552399,0.9447493147275446,0.8475554183480464,0.8211161875204116,0.8229277421120608,0.8211161875204116,0.9501669924209705,0.9535953731840574,0.9502542924466206,0.9510993931476233,0.9502542924466206,0.596835805866908,0.5433148724025076,0.6401821486212301,0.7237717231342363,0.6297613657913689,0.6547885157907962,0.6553873879371361,0.6547885157907962,-0.1787209963277818,0.9116668611265211,0.9361938831633735,0.9274146932337131,0.9534949567058277,-0.27085515519893477,0.9077639050841075,0.9080353686484516,0.9077639050841075,0.9154042330918045,0.9154042330918045,-0.19114729132060967,0.5882885219309841,-0.3647517545030022,-0.7615528553123706,-0.46094833534281043,-0.4645667399375445,-0.36443447679063673,0.26280452948724864,-0.2539964782619343,-0.4760161916608023,-0.7104133077919149,-0.34107293428839075,-0.4805017814684369,-0.4002623167497252,0.1324153797012271,0.12907038788598346,-0.48852166985327505,-0.45227129993067705,-0.4809131647352244,-0.5118941005696945,-0.5041982365351674,-0.4831576261548503,-0.4863611628717941,-0.4831576261548503,-0.3556268514882151,-0.5251955578096611,-0.5251955578096611,-0.4982008625404426,-0.4982008625404426,0.38105938121622535,0.3666957271167886,0.49191520813085216,0.5895441674683363,0.5254872423663016,-0.4338236510271174,0.3602284523554718,0.31530685635584527,0.315421946242892,0.31530685635584527,0.1515285340905914],[0.6576223686516409,0.9790903874228953,1.0,0.6542248579581423,0.5829365740253223,0.6576223686516409,0.6402168174058266,0.6318247044388733,0.6318247044388733,0.5792277649550155,0.5395771758959063,0.9955848015658975,0.6402364383047514,0.6326514093231923,0.6404302716870536,0.4419305596770958,0.4246785012714459,-0.1904870508507461,0.600565634608173,0.5997701494000629,0.5652021784814432,0.6392369122989205,0.20134402690365655,0.7796210077670035,0.618224617961783,0.618224617961783,0.6179911023538348,0.9883415522516985,0.31628333442034073,0.14262081720250366,0.5984151411899049,0.5980236833695889,0.6947500050579218,-0.004731917224847262,0.6363409435565214,0.573752983012541,0.6055769816428064,0.30885773104959807,0.9935759661862537,0.568383608504728,0.4306063129407842,-0.19920689166693598,0.6531965405863115,0.6343002348032231,0.6531965405863115,0.8862919268484384,0.3987521118692786,0.924292489365003,0.9015153079539282,0.7126683192958814,0.21320525137156618,-0.0599583242269333,0.04967567334296673,0.5163489927054761,-0.08730680904737073,0.5811680258213289,0.5437174349078333,0.5676549669967641,0.531593022580907,-0.011086918861911224,0.7841276471153977,0.7169180775170164,0.6213119946279407,0.7227003569449824,0.7533320287398209,0.7227003569449824,0.5031852684271649,0.6264921499721724,0.6879842994784297,0.6264921499721724,0.6809938212900412,0.6670075673701419,0.7167244937291443,0.7653840772141913,0.7167244937291443,0.3799992793418306,-0.08742695050522857,0.39709638390493807,0.10292347330886385,0.38632653831145164,0.2617007859082861,0.47649359100413136,0.2617007859082861,-0.1603148908363579,0.5918509991292205,0.8750001623429688,0.6654061380455737,0.7663512019895888,-0.04862483465370143,0.6343402399257835,0.6337710957248395,0.6343402399257835,0.7058875038028669,0.7058875038028669,-0.20900307591796152,0.7058369332330172,-0.1887061492902203,-0.6765842914021554,-0.43120020961854966,-0.4348365063623956,-0.4174150323490058,0.0853286013292533,0.020660181995452935,-0.3233453264733773,-0.6565925774301401,-0.1646547051232559,-0.3052780063497389,-0.26059529150626887,0.035870697177971346,0.03398863042498039,-0.4834617798609965,-0.05350570561286776,-0.25406020685017355,-0.507046794055311,-0.19076719416252566,-0.3984398535015982,-0.2789895827520613,-0.3984398535015982,-0.41435891951750875,-0.5333477986427959,-0.5333477986427959,-0.296048627738327,-0.296048627738327,0.3226637398534268,0.18099717309501517,0.27744377793364733,0.5129004794502017,0.2711179857756259,-0.3728399362923055,-0.01838243837645786,0.45396898922131246,0.5577518184839096,0.45396898922131246,-0.021792077040899176],[0.9997264959815901,0.9994408128721826,0.6542248579581423,1.0,0.9989085303843942,0.99972649598159,0.9936684613074681,0.9904989988663948,0.9904989988663948,0.9945431780753079,0.9749275072651085,0.9903092536251591,0.99369456723471,0.994397873257463,0.9937230815813718,0.8127597783812384,0.7523381180675799,0.29840721013548815,0.9944098601856776,0.9944034497985637,0.9856808447425256,0.9936775247345419,0.41283354375930503,0.7387948377779444,0.9842722778502372,0.9842722778502372,0.9842532694197039,0.9815522008170441,0.32908245333474806,-0.1218446940882228,0.9889882604265339,0.988960797358761,0.27502241226460994,-0.19082872557176644,0.9952600250054513,0.9960778034659935,0.8114505361758103,-0.3676804864846364,0.9930711611858741,0.9962746478070502,0.7989007140089133,0.2789368699604908,0.993244568903378,0.9953071858435917,0.993244568903378,0.8871999967934463,0.6406292881189828,0.9094319154745784,0.9091002038649477,0.8029653621179372,0.3706268330772248,-0.1759795690483889,0.19887005716641076,0.9417099423646784,0.37628161518210007,0.9703993227328015,0.9674185273642832,0.977997220162872,0.9896541628848964,0.9103617696036098,0.9314278056231442,0.9327877868463532,0.9258687726709551,0.9263977775709814,0.9272609653721456,0.9263977775709814,0.8737511556415697,0.9100849576927588,0.9110649549874307,0.9100849576927588,0.9182727218191116,0.7286671448951838,0.8579826793346661,0.859270718393061,0.8579826793346661,0.6835017790545719,0.1413231286129617,0.6664880761857757,-0.5607500052348396,0.576608888531131,0.3422109404844994,0.5770853217065329,0.3422109404844994,-0.10733523257063844,0.9050780418572529,0.9349346030951383,0.918275544512665,0.9097369995904817,0.28397766786594103,0.9009992816790505,0.9019174613862906,0.9009992816790505,0.8916701339334029,0.8916701339334029,-0.10719026714171914,0.6080843176736045,0.17226232012308523,-0.6736664952473872,-0.5914192055736647,-0.5949732986975436,-0.12433318176162944,0.11052529147926105,0.2093299067874148,0.019361274638723575,-0.5377236126224864,-0.009622642946383151,-0.8019816247252948,-0.2785901160922349,0.14959488582039226,0.15100313615738628,-0.5731711384162443,-0.5791302583454937,-0.265919805032,-0.5198451222455587,-0.8198086166453369,-0.3964691831654436,-0.38904830787581285,-0.3964691831654436,-0.21711657475357804,-0.33227794186362986,-0.33227794186362986,-0.8059518590155675,-0.8059518590155675,0.3710129743655845,0.6188580487871842,0.8477814755173879,0.8324797732441482,0.7511957223552445,-0.33003026884174896,0.7395694469205674,0.7737399817156687,0.7740889951926164,0.7737399817156687,-0.1866375882610493],[0.997990840409643,0.9956847900167449,0.5829365740253223,0.9989085303843942,1.0,0.997990840409643,0.9972317357553312,0.995729950218644,0.995729950218644,0.9974294583634282,0.9673273108460914,0.9964809458807803,0.9972489190335542,0.9973262884125714,0.9972749042304585,0.7341647140771959,0.6505305630621734,0.09283522326806022,0.9977198340874819,0.9977181399842885,0.987640925003448,0.9972359501087839,0.06019842698042408,0.7192993319011999,0.9924072812934527,0.9924072812934527,0.9923692983726228,0.9903577174578188,0.10589102182665582,-0.10426121975733192,0.9873245066096238,0.987259288866708,-0.017849399124234604,-0.09006594907911013,0.9978238216198949,0.9977545155083171,0.8020232084022911,-0.489959164220338,0.9976901403380417,0.998090487700198,0.7097057471523196,0.06860724755295114,0.9977692309482803,0.9977731753580334,0.9977692309482803,0.9015500519726195,0.6046945518557962,0.924163761824332,0.9128143965596375,0.7788489063636359,-0.088293174755314,-0.5866186243594443,-0.19308166517231298,0.9307655767975848,0.229877282579788,0.966108843550806,0.9661512513450788,0.9804315055891367,0.9901713914924382,0.9096955326830147,0.9142373758165825,0.9238654617549535,0.91389722939101,0.9223182957190752,0.922689515020729,0.9223182957190752,0.8501284661292348,0.8683565320951063,0.8694534286772989,0.8683565320951063,0.9077481472792248,0.8216957045071406,0.8888491094939611,0.8896330778974212,0.8888491094939611,0.6441352091752969,0.528303434532125,0.632919313139829,-0.5790702969561025,0.628007410697494,0.6076457328144442,0.6065882212911268,0.6076457328144442,-0.12318915368912785,0.8883470536435336,0.9124021080867187,0.8970805539416115,0.9174583654760818,0.12996490810037653,0.8877569217904848,0.8887894542332162,0.8877569217904848,0.8939418112498952,0.8939418112498952,-0.14584961157017243,0.6553285662074538,0.02709210084497699,-0.7032806941276228,-0.6389586372051819,-0.6396486771587446,-0.15565726376516875,0.1337916486150285,-0.18059600063573536,-0.22753257802196772,-0.6084267077491393,-0.3685102718956745,-0.84863984028966,-0.5551586110370342,0.11944716386024522,0.12070154371005105,-0.5988507164443746,-0.5728622621120605,-0.541415851325813,-0.5574198558121383,-0.7778549015653261,-0.5928670341003122,-0.595744122673682,-0.5928670341003122,-0.25531789639541475,-0.36548361287487624,-0.36548361287487624,-0.7464359728849531,-0.7464359728849531,0.35938726428624596,0.6013950735824053,0.8012295052707422,0.7877383310069654,0.7416978977330135,-0.45666161823436147,0.5996044245881991,0.6650947781860489,0.665554233305798,0.6650947781860489,0.040360822887378585],[1.0,0.999988383478143,0.6576223686516409,0.99972649598159,0.997990840409643,1.0,0.9923871683681497,0.9887632850266364,0.9887632850266364,0.9930461375654189,0.9768875370349536,0.986928251122269,0.9924235033573783,0.992836023072492,0.9924756142033935,0.8136253664344276,0.7535867506353285,0.3132483758031495,0.9933140803602207,0.9933044069155884,0.9855762225129269,0.9924130911620416,0.42142565839356155,0.7344378465226362,0.981698184812785,0.981698184812785,0.9816797136276352,0.9753651010359661,0.33320698634577,-0.1156758252566492,0.9896530982937198,0.9896172186910723,0.2828539713047872,-0.19060684148821505,0.9947123198021444,0.9953372202452813,0.8451975110091273,-0.36322170970520024,0.9906551429532056,0.9953094193057972,0.8005032967178147,0.29407470298332067,0.994855114940729,0.9948483639637822,0.994855114940729,0.8896456854107412,0.6529421926783124,0.9048301903434696,0.9115119929868502,0.8206367951078509,0.37563459596067705,-0.17091421497401701,0.20433528927144376,0.9471661385409329,0.3921600948811164,0.97487035335975,0.9703552755391871,0.9801593089712046,0.98974225788812,0.9299414131806188,0.9372120999105026,0.9447387247232562,0.9293541245649184,0.9420643935715849,0.9427066986751691,0.9420643935715849,0.8809988522488286,0.92139709174207,0.9222950604876587,0.92139709174207,0.9212347335262215,0.7843678123146993,0.8940354279317605,0.8953269476013018,0.8940354279317605,0.6909108415830899,0.37082307102461814,0.6754687842391905,-0.5563316291703386,0.5809819281806735,0.6056689628334043,0.6059546018845589,0.6056689628334043,-0.10119271964202506,0.9096993807650303,0.9414456978967869,0.9250509884914695,0.9312368599791229,0.2981285784885178,0.9049254654571476,0.9057196056376889,0.9049254654571476,0.9094842563362588,0.9094842563362588,-0.10266333694531651,0.5884357862333607,0.1675553134970361,-0.6639639789838587,-0.5848209487111964,-0.5884610316201989,-0.1125414370010738,0.11489537016124125,0.21606911603888493,0.03222111404448201,-0.5259661403764513,-0.0035166231574707443,-0.7965909065430575,-0.27111113614376703,0.15922919381584316,0.1605809345278909,-0.5668231156520886,-0.5827375638346611,-0.2649685851925679,-0.5099162942006957,-0.8185537160643416,-0.3953389652862481,-0.38735726547598326,-0.3953389652862481,-0.20899485005667012,-0.3231063169036892,-0.3231063169036892,-0.8066114383979599,-0.8066114383979599,0.38041779304024487,0.6302437213452146,0.8557349917466996,0.8402113009167653,0.7585667010359829,-0.31753366233558133,0.7486298222339752,0.7826698715740461,0.7830173660157961,0.7826698715740461,-0.2014585134304577],[0.9923871683681497,0.9843104548390955,0.6402168174058266,0.9936684613074681,0.9972317357553312,0.9923871683681497,1.0,0.9975329894083569,0.9975329894083569,0.9999712498221782,0.9611308658589237,0.9996862631749384,0.9999966206489298,0.9999869488895593,0.9999934308021401,0.8759567688661227,0.8645231078563785,0.2616168005827041,0.9998632550227222,0.9998634248445931,0.989968766410217,0.9999968057644663,0.3294354449530404,0.7363645741469435,0.9858958294080454,0.9858958294080454,0.9869271439488932,0.9912643205135498,0.25844139122177623,-0.1754271366396758,0.9916224259779065,0.9915598697748668,0.1824808884486638,-0.236860386493832,0.999350730360965,0.9994640497718265,0.4344979430455556,-0.30852322272074534,0.9990457954971913,0.9994266167075422,0.8599506949783431,0.24082037930473926,0.9428390440112802,0.999103219017339,0.9428390440112802,0.9111871629759108,0.6123589357335614,0.9392981604477052,0.9192415014703363,0.7441995839492898,0.40983596805583306,-0.11490027363988392,-0.19477305963467706,0.9295987651400353,0.34381581749155915,0.9678948853564809,0.9632621275872949,0.9789527001918846,0.995611520304859,-0.031160668615453944,0.8757465919622152,0.8364784467692407,0.8816456030539995,0.8311416019283673,0.7946293723698358,0.8311416019283673,0.8140488311185848,0.7996692980435515,0.7888119294508477,0.7996692980435515,0.8741807748368398,0.39320348681068296,0.5961073404780998,0.6574054452335063,0.5961073404780998,0.6137252614278899,-0.3424020214176095,0.5856231370348686,-0.6246561589780185,0.5080889407423912,-0.08973338524610189,0.4444443608602151,-0.08973338524610189,-0.14815680846285262,0.8528072851013967,0.874683475430867,0.859730673191253,0.7700414031985323,0.24668683144844616,0.8520937250774056,0.8534310709539593,0.8520937250774056,0.7708204520147294,0.7708204520147294,-0.18151089324049968,0.6970344512210694,0.23752961538356823,-0.6812368238659817,-0.6308850034653838,-0.6340170718263105,-0.1671604927469418,0.061611951898948046,0.32546723576793435,-0.010831425787555452,-0.5518296146851724,0.05184840920241106,-0.8281948853343603,-0.17702374589151545,0.08494866971874387,0.08636936472866537,-0.6147944443622422,-0.5893833003493875,-0.10190584649734259,-0.5914560079346973,-0.8338939829077776,-0.3886754493665285,-0.22191691640773992,-0.3886754493665285,-0.28683168983183815,-0.37388176164114545,-0.37388176164114545,-0.8261411918827409,-0.8261411918827409,0.36069460553213384,0.5853283706618796,0.5064716810431318,0.8017517896471619,0.7370409127834601,-0.37936546141486405,0.06684247148441597,0.7477119500166435,0.7670500990761442,0.7477119500166435,-0.12030795762446003],[0.9887632850266364,0.9782490240116603,0.6318247044388733,0.9904989988663948,0.995729950218644,0.9887632850266364,0.9975329894083569,1.0,1.0,0.999567643527969,0.9545379678170252,0.9987551773983327,0.9982740367301145,0.999415230276487,0.999160419697798,0.8734270770559263,0.853583028029065,0.24002474960076356,0.9992030226379277,0.9992046903521511,0.9873940912443824,0.9992946113172996,0.30426720470174645,0.737635244161129,0.9928458340000939,0.9928458340000939,0.9850764074581433,0.9885852269303933,0.24110446178118625,-0.18858190925612328,0.9879483491311297,0.9913811962174689,0.1640308446124703,-0.24267183251437432,0.9983318552628327,0.9983137812859085,0.41713654887001955,-0.3149485432469103,0.9971852915083338,0.9982575438179698,0.8576710953449967,0.21883491338506103,0.9355740159317285,0.9981605017959075,0.9355740159317285,0.9087990322407401,0.5974703391354288,0.9395580293813991,0.9165154743026488,0.7230542047683431,0.39707492036891096,-0.12959784266004107,-0.20705030422022058,0.9212832662061702,0.323608297512311,0.9633168358204978,0.9581888469885136,0.9739733966226719,0.9946181342983776,-0.04055525483119736,0.8654831844313444,0.8216217594142381,0.8740216297253333,0.8173745502190106,0.7829952161223139,0.8173745502190106,0.802669370880586,0.7820458338123335,0.7759099590530416,0.7820458338123335,0.8668033362188224,0.37489842916652794,0.5770378430230172,0.6418765148025439,0.5770378430230172,0.6018747002647107,-0.3565067976406487,0.5721426246033142,-0.6317357210519426,0.5010341635221706,-0.11096709078388853,0.42908713364294754,-0.11096709078388853,-0.1545856485451111,0.8439230985704981,0.8619041974308072,0.8485042263393759,0.7560747868873752,0.22915508054205855,0.8437761067356087,0.8452818929182426,0.8437761067356087,0.7546545203173411,0.7546545203173411,-0.1959655131771254,0.7197861913440904,0.24436398373242538,-0.6903491766384481,-0.6430992434838922,-0.6460506466879082,-0.1815255044150245,0.054295494808998514,0.31847027371539705,-0.02973196795396188,-0.5640711414014514,0.04260917211445672,-0.8337715014699196,-0.18349060962039898,0.07016821070013798,0.07161321864292415,-0.6259348516477972,-0.5903029763216772,-0.10869729963996574,-0.607408256455963,-0.8333087128069538,-0.3998658182889716,-0.2280657762910397,-0.3998658182889716,-0.3035750729162447,-0.3870307876820914,-0.3870307876820914,-0.8240210907290679,-0.8240210907290679,0.342001141009006,0.5689276052853214,0.48820280523153664,0.784257403109035,0.7247443944805955,-0.400282789549062,0.05316936014356781,0.7289222556653667,0.7515216965937755,0.7289222556653667,-0.10340680777392558],[0.9887632850266364,0.9782490240116603,0.6318247044388733,0.9904989988663948,0.995729950218644,0.9887632850266364,0.9975329894083569,1.0,1.0,0.999567643527969,0.9545379678170252,0.9987551773983327,0.9982740367301145,0.999415230276487,0.999160419697798,0.8734270770559263,0.853583028029065,0.24002474960076356,0.9992030226379277,0.9992046903521511,0.9873940912443824,0.9992946113172996,0.30426720470174645,0.737635244161129,0.9928458340000939,0.9928458340000939,0.9850764074581433,0.9885852269303933,0.24110446178118625,-0.18858190925612328,0.9879483491311297,0.9913811962174689,0.1640308446124703,-0.24267183251437432,0.9983318552628327,0.9983137812859085,0.41713654887001955,-0.3149485432469103,0.9971852915083338,0.9982575438179698,0.8576710953449967,0.21883491338506103,0.9355740159317285,0.9981605017959075,0.9355740159317285,0.9087990322407401,0.5974703391354288,0.9395580293813991,0.9165154743026488,0.7230542047683431,0.39707492036891096,-0.12959784266004107,-0.20705030422022058,0.9212832662061702,0.323608297512311,0.9633168358204978,0.9581888469885136,0.9739733966226719,0.9946181342983776,-0.04055525483119736,0.8654831844313444,0.8216217594142381,0.8740216297253333,0.8173745502190106,0.7829952161223139,0.8173745502190106,0.802669370880586,0.7820458338123335,0.7759099590530416,0.7820458338123335,0.8668033362188224,0.37489842916652794,0.5770378430230172,0.6418765148025439,0.5770378430230172,0.6018747002647107,-0.3565067976406487,0.5721426246033142,-0.6317357210519426,0.5010341635221706,-0.11096709078388853,0.42908713364294754,-0.11096709078388853,-0.1545856485451111,0.8439230985704981,0.8619041974308072,0.8485042263393759,0.7560747868873752,0.22915508054205855,0.8437761067356087,0.8452818929182426,0.8437761067356087,0.7546545203173411,0.7546545203173411,-0.1959655131771254,0.7197861913440904,0.24436398373242538,-0.6903491766384481,-0.6430992434838922,-0.6460506466879082,-0.1815255044150245,0.054295494808998514,0.31847027371539705,-0.02973196795396188,-0.5640711414014514,0.04260917211445672,-0.8337715014699196,-0.18349060962039898,0.07016821070013798,0.07161321864292415,-0.6259348516477972,-0.5903029763216772,-0.10869729963996574,-0.607408256455963,-0.8333087128069538,-0.3998658182889716,-0.2280657762910397,-0.3998658182889716,-0.3035750729162447,-0.3870307876820914,-0.3870307876820914,-0.8240210907290679,-0.8240210907290679,0.342001141009006,0.5689276052853214,0.48820280523153664,0.784257403109035,0.7247443944805955,-0.400282789549062,0.05316936014356781,0.7289222556653667,0.7515216965937755,0.7289222556653667,-0.10340680777392558],[0.9930461375654189,0.9841703215804635,0.5792277649550155,0.9945431780753079,0.9974294583634282,0.9930461375654189,0.9999712498221782,0.999567643527969,0.999567643527969,1.0,0.960108962794929,0.9996522152785794,0.9999723634435737,0.9999714310075107,0.999975895701431,0.7680164358769723,0.6875372371671723,0.14475699977347964,0.9998196282425634,0.9998202257716888,0.9898554528382898,0.9999695377627824,0.1106386342373815,0.7111330053038154,0.9952352487608235,0.9952352487608235,0.9951920123209326,0.9911279729066229,0.09024714890256141,-0.11554646679525417,0.9906696303056813,0.9906310361335643,0.0003800537078561473,-0.19592586963630446,0.9993977653624946,0.9993565281445579,0.8078111127665358,-0.4863986193701437,0.9989821440131116,0.9994030676313483,0.7446088174909801,0.12092521630438002,0.9992614792648564,0.9992666260982304,0.9992614792648564,0.9109004811364585,0.6128886513694104,0.9388906411628164,0.9185624899484515,0.7436684690543109,0.013326003396740574,-0.5387866044596288,-0.1481652627922715,0.9255583938641727,0.2896363471183443,0.9638440199144149,0.9632846547288147,0.980989515124952,0.9948530065249364,0.8847182324270056,0.8765278063236269,0.90000162281725,0.8825932424416619,0.8984721376372582,0.8990557821133978,0.8984721376372582,0.8135022435995891,0.8505681711100667,0.8520052728180576,0.8505681711100667,0.8755329376722409,0.7861790370958599,0.8613476542511765,0.8625137069545856,0.8613476542511765,0.6133848790907594,0.4584613131833312,0.5846861240848529,-0.6329653388554219,0.5619363314986308,0.5294712678387448,0.5291526417537876,0.5294712678387448,-0.10524485946151697,0.853497521896292,0.8746194378149206,0.8601402836199541,0.8931753253379524,0.16324190382413553,0.8574285377696045,0.859296967805939,0.8574285377696045,0.8637462285779413,0.8637462285779413,-0.18321660035095286,0.6972855563338176,0.05271434589119841,-0.6931144434905739,-0.6659616472436638,-0.6671123951032182,-0.170663106220141,0.06488295360334856,-0.18567701535339054,-0.19467098755106935,-0.5921578115045504,-0.396180041613644,-0.8667303483100726,-0.5902267613322034,0.08432959751151517,0.08580999780091485,-0.6163582258620298,-0.5855188894193045,-0.5514030912966225,-0.5931112443818432,-0.8020202556498176,-0.6160515045639672,-0.618294180267549,-0.6160515045639672,-0.28863107031315327,-0.37706155311411454,-0.37706155311411454,-0.782211026491009,-0.782211026491009,0.3616670483968169,0.5839098991511089,0.8118903713290012,0.8000542405887284,0.7353770653265442,-0.40648281884874765,0.6334262383248593,0.6901989208565196,0.6903635930360196,0.6901989208565196,0.11591824904276193],[0.9768875370349536,0.9705910161953001,0.5395771758959063,0.9749275072651085,0.9673273108460914,0.9768875370349536,0.9611308658589237,0.9545379678170252,0.9545379678170252,0.960108962794929,1.0,0.9451117189879596,0.9611521015498317,0.9611731111883599,0.960873488305444,0.5809780929920643,0.48846396906493855,-0.07680398249887682,0.9654919577554636,0.9654715156521333,0.9612656365050175,0.9612580030434462,0.033190575170310224,0.7510630618051486,0.9627055841716615,0.9627055841716615,0.9628797611108575,0.8923545464466788,0.19258975342946472,-0.09960784326408899,0.9680274364128628,0.968130629706683,0.1550096088285769,0.06337966193324579,0.9690639243212713,0.9693050991346431,0.8841972254447107,-0.3802745575702347,0.9534093521137049,0.968263290963223,0.5527799176626187,-0.09777079878233817,0.9701600610381315,0.9701290803115782,0.9701600610381315,0.8138878716912443,0.4120643868366312,0.8274941279696676,0.8989689211687614,0.8535221323311678,-0.5163966721357867,-0.6785248323304363,-0.24019615940137143,0.8899753130624755,-0.013752277266874013,0.9191604489836208,0.9192237687074778,0.938441013692686,0.9662911826805098,0.8882254629627758,0.8891163442734676,0.9066679517318994,0.8910507030053211,0.9001033381507908,0.9007038851839286,0.9001033381507908,0.8455132195611629,0.8285886837154978,0.8302313081666213,0.8285886837154978,0.8851769779972164,0.9001395916466868,0.8834595670163102,0.8840474811269436,0.8834595670163102,0.69752628881673,0.6279596036906008,0.69849866897647,-0.31589637350431204,0.7160983578024557,0.7318909883811671,0.7341233724274894,0.7318909883811671,-0.2655554678088193,0.8883660675699763,0.9403909504860302,0.9026716916033117,0.9002557700104996,0.012461367016046622,0.8822104597902837,0.8832401908210273,0.8822104597902837,0.8907443578955928,0.8907443578955928,0.039535893419871654,0.39611656068027873,-0.11700574415984125,-0.6273949455300738,-0.4294273230514492,-0.43169039896204914,-0.03194092034171331,0.41738092479246747,0.034850353857489684,-0.15262360681108542,-0.5089766600302095,-0.07830883296109502,-0.7966261449490404,-0.24084559977267003,0.29542220406642705,0.29509764777958897,-0.39947798325689277,-0.43314834615098013,-0.36237842327311415,-0.37225242406237286,-0.6649277490661395,-0.3822299622846077,-0.3844492210269203,-0.3822299622846077,-0.10548437110882343,-0.4167675528847952,-0.4167675528847952,-0.5398652733576558,-0.5398652733576558,0.5123163186901409,0.6472224183617845,0.7487130149691796,0.6834911161774566,0.8129754623279084,-0.49627062467826344,0.39025589989540005,0.5337554731909371,0.5340493627580547,0.5337554731909371,-0.17248420212649107],[0.986928251122269,0.9856839574852121,0.9955848015658975,0.9903092536251591,0.9964809458807803,0.986928251122269,0.9996862631749384,0.9987551773983327,0.9987551773983327,0.9996522152785794,0.9451117189879596,1.0,0.9996866135404368,0.9996822301299795,0.9996541300915839,0.36087313167029367,0.2642393321933813,-0.4933796692040293,0.9997996125928792,0.9998022201789306,0.9996914677646644,0.9996911646582183,-0.23102575492040106,0.9715227583488998,0.9945824331188071,0.9945824331188071,0.9945637155085449,0.9931810708769047,0.11231045420039988,0.0992195336878182,0.9915876433697393,0.9916344922675456,0.8860571369729059,0.040429027772488836,0.9990308158663986,0.9989849841158169,0.9988585520059006,0.9993822857014633,0.9994163671138787,0.9990661390294922,0.3096451579794868,-0.5017920394818057,0.9988067993772634,0.9988149536284102,0.9988067993772634,0.9050992211029198,0.4512332860069271,0.9352838591147307,0.9162304029301283,0.7443363183635718,-0.44009435715326023,-0.6119014560103364,0.8111035193802507,0.8397349562369738,-0.339179805791526,0.930270878821371,0.9304833262987466,0.9694188189822238,0.9933955795507131,0.8970085025237314,0.9038914402152941,0.8807201122829765,0.8822598842231635,0.8870000867197491,0.88763284166646,0.8870000867197491,0.7642362479460513,0.73235534182809,0.7345286430186351,0.73235534182809,0.9033653579740151,0.9096169197482579,0.9024080284872624,0.9034724931147988,0.9024080284872624,0.4908309422055681,0.42754068620852703,0.532281188802509,0.6321855089108996,0.5292383382125238,0.5600716027968226,0.5619609851810936,0.5600716027968226,-0.3537096982132586,0.8423778738037351,0.8780752514235439,0.86433593404631,0.9035870077344067,-0.30151582342428196,0.8374433201653142,0.8378149017079255,0.8374433201653142,0.8476618115605056,0.8476618115605056,-0.23584664321578164,0.6898669472764828,-0.38555887519107224,-0.7833575955088296,-0.5343772989885246,-0.5370323076797109,-0.4110932592715761,0.21163645357638117,-0.29681461970598255,-0.5123988045441521,-0.7386290356693044,-0.38913069058203587,-0.5962323512834222,-0.45925718852158853,0.07717022950155941,0.07448047575588149,-0.5573192903824477,-0.5276498670150068,-0.5484525320376198,-0.5838066568554551,-0.5775389088502889,-0.5517871388722883,-0.5547952367704415,-0.5517871388722883,-0.42734194346391086,-0.6181022578680454,-0.6181022578680454,-0.6153747744279718,-0.6153747744279718,0.3579962784640412,0.33213749821283506,0.4642114435234511,0.5602531730334089,0.5212459415645441,-0.5708088734590242,0.29618164517773543,0.28211601303179573,0.28229025337122077,0.28211601303179573,0.23649266448515632],[0.9924235033573783,0.9843480009137433,0.6402364383047514,0.99369456723471,0.9972489190335542,0.9924235033573783,0.9999966206489298,0.9982740367301145,0.9982740367301145,0.9999723634435737,0.9611521015498317,0.9996866135404368,1.0,0.9999905291588284,0.9999951121140946,0.8759397002420365,0.8556912781947587,0.2616698710708017,0.9998645781250944,0.9998647041449673,0.9900028183717349,0.999997389838407,0.32973579118628576,0.7364231549106567,0.9909815513086377,0.9909815513086377,0.9869184497250634,0.9912522863610369,0.25869009704517243,-0.17537576156950174,0.991653725515518,0.9915692171498677,0.1827037165476269,-0.2368272611792931,0.9993524038924566,0.9994671096770433,0.43447468880489815,-0.3083182459410945,0.9990481269939283,0.9994341453733322,0.8599237934235817,0.24087959518065735,0.942825108070646,0.9991053451062337,0.942825108070646,0.9112032089762326,0.6124956296240301,0.9394534074978586,0.9193911599757795,0.7443025682758507,0.41020626334095,-0.11447451124465861,-0.19442074488660444,0.9296642020499939,0.3438788220991082,0.967979060824437,0.9633143039306445,0.9790342040974331,0.9956249798428561,-0.030977186199586195,0.8758749748804321,0.8365671135102929,0.8817520930959161,0.8312285816969678,0.794575358225081,0.8312285816969678,0.8141341083048677,0.7997208736913648,0.7887525154252757,0.7997208736913648,0.8743166678251565,0.3930868436990668,0.5961120130698832,0.6573239040024266,0.5961120130698832,0.6136828376423301,-0.34242078815217625,0.5855964714427112,-0.6245555247283651,0.5079987486026016,-0.08985670036248906,0.4444784211245564,-0.08985670036248906,-0.1483019547327092,0.8528773213869792,0.8747971996062658,0.859817404359547,0.7700354153162327,0.24674115206208713,0.8521709452185053,0.8535046730100867,0.8521709452185053,0.7708843740353848,0.7708843740353848,-0.18145507639447944,0.6970644477431016,0.23764179532394783,-0.6812728994918031,-0.6308038044215354,-0.633941156474218,-0.16724049106151315,0.06149442019115922,0.3256285200791438,-0.01082087124452876,-0.5518874911989672,0.05209469256881374,-0.8279468274581333,-0.17674783985170026,0.08501940470331909,0.08645420324691813,-0.6147794935437386,-0.589189839790445,-0.10167317502635036,-0.591423875051367,-0.8337914808646412,-0.38846470778456066,-0.22172493442636174,-0.38846470778456066,-0.2866721400758539,-0.37384847136779265,-0.37384847136779265,-0.8260892352030884,-0.8260892352030884,0.36113330830764756,0.5854428512611007,0.5067054214169991,0.801991383198059,0.7370937696795631,-0.37916829313949535,0.06711261298557936,0.7479490908093166,0.7671574249078487,0.7479490908093166,-0.12033386545750169],[0.992836023072492,0.9842903586079392,0.6326514093231923,0.994397873257463,0.9973262884125714,0.992836023072492,0.9999869488895593,0.999415230276487,0.999415230276487,0.9999714310075107,0.9611731111883599,0.9996822301299795,0.9999905291588284,1.0,0.9999878808733795,0.818895885417877,0.7534341211536427,0.2635908025070254,0.9998871400604066,0.9998877076193586,0.9899924711663419,0.9999878717425348,0.3316199850901264,0.7324500072417739,0.993951944671439,0.993951944671439,0.9939164675374256,0.9911765696580385,0.253715311941628,-0.17582474318277558,0.9919281272656626,0.9919353712420305,0.20612615031394285,-0.23621055837625465,0.9995247441799667,0.999466890430681,0.8465689585503335,-0.3994740794708907,0.9990437546454317,0.9994383463621338,0.8015324022953966,0.24283480808545557,0.9994175134073939,0.9994220224473817,0.9994175134073939,0.9110921983905086,0.6126122650019922,0.9390922017651038,0.9188995377225018,0.7438650229370694,0.2903195451210572,-0.2848316628118422,0.10260784225492434,0.9295426612742491,0.34453689991485137,0.964926508799862,0.9633332194511891,0.9775712017536962,0.9958548738853495,0.8918067703844564,0.875082335302144,0.9046973480933653,0.8816856470167254,0.9037794613256181,0.9045963837011116,0.9037794613256181,0.8132874397196835,0.8708577436912724,0.8722655541091245,0.8708577436912724,0.8741374744252495,0.7693880973937831,0.8667686644244417,0.8683277191315304,0.8667686644244417,0.6131815064321723,0.4617340997162371,0.5840991001365964,-0.628086747999334,0.5064413831035595,0.512225275014263,0.5131522712590136,0.512225275014263,-0.15041308919596144,0.8527230424198722,0.8744395313539154,0.8593187705636587,0.8985341689443203,0.24901466430355643,0.8521014539409169,0.8536854273291086,0.8521014539409169,0.8619273631081785,0.8619273631081785,-0.1818275183916041,0.6957611145288759,0.1520022565112279,-0.6801250377353305,-0.6304422052648723,-0.6334434512602122,-0.16720560000530535,0.06059674155546095,0.1012203752629657,-0.009245890889627609,-0.5503432093713391,-0.1352408567350071,-0.8392933166291541,-0.3964546157105647,0.08468079144422846,0.08620082036516463,-0.614826178091355,-0.5885016694530192,-0.3934384141994479,-0.5911869002780831,-0.8271699530559751,-0.5070080551143195,-0.5027080611003073,-0.5070080551143195,-0.28595487116066914,-0.3739105959744066,-0.3739105959744066,-0.8180366655672737,-0.8180366655672737,0.36097416357627876,0.5857014121946909,0.8210620711950438,0.8058085268014284,0.737680236518422,-0.37860901852939144,0.7000713269725578,0.7367304972944083,0.7368154440770248,0.7367304972944083,-0.08798383166203855],[0.9924756142033935,0.9841892012115964,0.6404302716870536,0.9937230815813718,0.9972749042304585,0.9924756142033935,0.9999934308021401,0.999160419697798,0.999160419697798,0.999975895701431,0.960873488305444,0.9996541300915839,0.9999951121140946,0.9999878808733795,1.0,0.8684265201034573,0.8182885403466987,0.26179715022602673,0.9998672150447272,0.9998672319110375,0.9901364676938667,0.9999950549084421,0.33039280986013364,0.7362709718510453,0.9941752648170651,0.9941752648170651,0.9940823323817314,0.9911746438771,0.2589606887947625,-0.17540536042893712,0.9924996186203056,0.9925436489537706,0.18343779924578724,-0.23666111806606474,0.9993981809490047,0.9994662356496358,0.4335108024463201,-0.30756147613344176,0.9990044431813869,0.9994365616881352,0.8580476695976549,0.241029018177628,0.9423811312326664,0.9991563369019562,0.9423811312326664,0.9114618145727549,0.6131530369849844,0.9396554054556182,0.9195855625849523,0.7440483388169135,0.41153593846197317,-0.11298086649082044,-0.1946358036729967,0.9300033654094965,0.3441447095409748,0.9683648564053963,0.9636174364704498,0.9792947246449337,0.9956646544324443,-0.031962616599371795,0.8761293638115996,0.8364829791625946,0.8819709295140649,0.8311777991527708,0.7941542995004602,0.8311777991527708,0.8143221015562455,0.7996659055003204,0.7891164089090643,0.7996659055003204,0.8746127751923206,0.3924338822095107,0.5956345678532269,0.6573287516957173,0.5956345678532269,0.6135505788798103,-0.34354317434506204,0.5855430034747995,-0.6247345720138414,0.5076592264292884,-0.09081515676757901,0.4441463655335809,-0.09081515676757901,-0.14825573804185516,0.8530028881753631,0.8745462935596351,0.8599433784479279,0.7622453622335102,0.2471112727371772,0.8522646749035846,0.8535889101480426,0.8522646749035846,0.7707005051434923,0.7707005051434923,-0.1828116748326313,0.6978503579763398,0.23812430027544235,-0.6812514650703487,-0.6311555550433773,-0.6342973581038166,-0.16830510399312518,0.06035204519558242,0.32594613749094065,-0.011214093154624074,-0.5520867489121541,0.05219092919353994,-0.8271786116969786,-0.17658057006744002,0.08409148078740644,0.08552502536263525,-0.6153545386795976,-0.5894032813567625,-0.10111220758820672,-0.592553845297044,-0.8338077341420777,-0.3884019037064167,-0.22118727972465563,-0.3884019037064167,-0.2875470022377664,-0.3742797376636874,-0.3742797376636874,-0.8264306930643426,-0.8264306930643426,0.3613484208474352,0.5851112416161959,0.5062234434454825,0.8024215042143787,0.7365500878407344,-0.3787392137371131,0.06648136865008326,0.7483566264035983,0.767764214409245,0.7483566264035983,-0.12005076633226175],[0.8136253664344276,0.2688083924020007,0.4419305596770958,0.8127597783812384,0.7341647140771959,0.8136253664344276,0.8759567688661227,0.8734270770559263,0.8734270770559263,0.7680164358769723,0.5809780929920643,0.36087313167029367,0.8759397002420365,0.818895885417877,0.8684265201034573,1.0,0.9940332604802761,0.4136295872071543,0.8522532994911747,0.8522411303571622,0.7937620282714419,0.8675131914977946,0.3295723779161341,0.4574325259511969,0.8595667202011124,0.8595667202011124,0.8465378645428004,-0.038043420639318086,0.19204902844146962,-0.18020884661350303,0.8933258626697487,0.891181930470605,0.1538198398156744,-0.2442110003883065,0.872792887110929,0.7875347421102679,0.2875900913401872,-0.31895291820898225,0.37650933564354233,0.7613954868119109,0.9984062988746017,0.3958134887841979,0.7995706135267556,0.8725509859625203,0.7995706135267556,0.34595869196630685,0.5638630945719456,-0.04977541998333703,-0.0658356619736074,0.21005134777672527,0.40444662281318455,-0.062008359151545296,-0.21004270999373853,0.7708841225883823,0.4037912454109949,0.8690059527567383,0.7784884662708301,0.8462689914209744,0.8608200735665825,-0.09823738056921497,0.2963904161039845,0.6461551863167646,0.5519109893757167,0.6374329912123047,