var element=document.getElementById("correlationAdjClose");if(element.style.display!='none'){var correlationAdjClose={"data":[{"type":"heatmap","z":[[1.0,0.9999930723699126,0.9853740277140892,0.999925913577097,0.9990601051186531,0.9860024133651124,0.9978144074643792,0.9958996298079809,0.9691505377302283,0.9962293769436829,0.9942183698269844,0.993722119137597,0.9960240895828346,0.9960566826690552,0.995947152871589,0.9975469395076032,0.9978126152587166,0.9983275796754963,0.9965680524102712,0.9965791776455333,0.9966331892263773,0.9959790592150028,0.9864823004246603,0.9709254881790104,0.9894358286423462,0.9558985468112765,0.9883985677691268,0.9866693328947282,0.9666982208317697,0.9501153625298058,0.9930994943755377,0.9941431937890295,0.9923687595976072,0.9774685323196084,0.9977204073812671,0.9979641370574371,0.9974642660819388,0.9960803021244209,0.9956741497182809,0.9978481784743819,0.998744225101617,0.9987885017826933,0.9976747158731949,0.9976844617313383,0.97671191149631,0.9132559871972332,0.9480615021247571,0.9158091012512933,0.9167688352344708,0.8978637074980418,0.9637318450351683,0.9469389474487442,0.9653504126769098,0.9652146710668286,0.9557545295431333,0.9846598266202454,0.9816375092864329,0.9903165438938781,0.9944801648505613,0.9861955035279697,0.981520588540702,0.9877897208653359,0.9857662581591349,0.9883612427094812,0.9881617730927568,0.9650143033346089,0.9730579369295792,0.974770245329675,0.9744472313135104,0.9512887901500964,0.9795137303477551,0.9769473146617537,0.9843730509147731,0.9836204166564733,0.9414154057290278,0.8815887755939977,0.8481923733337149,0.898083852354427,0.9177330992418321,0.9144452385650845,0.9156960760786534,0.914346293788762,0.6774781713245719,-0.5637071821847354,0.980085041894804,0.9746723072408346,0.9713429603061493,0.9869452163853175,0.9740441513087834,0.9840437707787484,0.9840111372654606,0.9490749826400132,0.9841686121037928,0.9523691262430342,0.7517423321365049,0.8968970278931871,0.9249748097470756,0.7872652429521796,0.9481697375655715,0.9489878202664005,0.8985697992099952,0.963406242843802,0.8961452286427207,0.6146336823294001,0.7182173430860281,0.9028866511101329,0.8692030895776464,0.8938693110577449,0.9728896459274248,0.9730700563059071,0.7796171666320484,0.7275507034234177,0.8249196653261449,0.3980374776023191,0.8001318585466406,0.8292205810744898,0.8244750994397618,0.8152293599782591,0.7718729611506898,0.7488448525479866,0.7309379820060972,-0.2634221656626524,-0.40226760091913377,0.6595075788119321,0.8950282661630595,0.9381624104011982,0.9445514243399414,0.9125289309281774,0.8272612468298194,0.9115876520693527,0.9315127927276421,0.9313627301295356,0.8659073842560272,-0.18310787406989107],[0.9999930723699126,1.0,0.9868827259575544,0.9998164657971775,0.99808751799412,0.990046684255268,0.994242885283284,0.9910029181901123,0.9834583967457396,0.9910244599713656,0.9910283693002844,0.9929529279933814,0.9911774794128226,0.991023583751595,0.9910921147413133,0.9934992069834577,0.9963574114754526,0.9959722310174152,0.9937404951170532,0.9937406063675506,0.9910860172140569,0.9911341882948317,0.9908188557899181,0.9708758743708336,0.987602915362905,0.9802735345415954,0.9874507152940756,0.986570890483297,0.978866849627196,0.9299472840081945,0.9882965769460373,0.9856062213558517,0.9795988087635505,0.9296622797084698,0.9954465988679365,0.9953259801808426,0.9955762111137799,0.9917072784648985,0.9950072437306184,0.9955783047844637,0.9969576766902681,0.9970825625335409,0.9955549585228601,0.9955622921489383,0.9888993345840024,0.9130874932267316,0.8839480983148953,0.9157584604193264,0.9170178728177935,0.8978333105409961,0.8736328644133174,0.9184947976906822,0.8766534126597878,0.9042912346820957,0.873047950490444,0.9536945583295542,0.9536528603779616,0.9654647654397835,0.9836148241041917,0.9802853594815762,0.983095484048336,0.9784220996007795,0.9783425249062212,0.980500550205864,0.9804249648642784,0.9479803775772213,0.9574387167240982,0.9319610976586025,0.9318861112159254,0.8551428985416342,0.976519678736442,0.9782885762922804,0.9784904461613226,0.9780558017256641,0.9472700138019137,0.7343493027909108,0.6861567788010857,0.8075533420693997,0.8804845132047353,0.8266738532419449,0.8543661835568076,0.8529585278629821,0.6878704414595352,-0.23866776762147962,0.9667657790590054,0.9716766553077762,0.9665594662713217,0.9809558901440238,0.9645264538343912,0.9702735921380647,0.9695818185986848,0.9241944168497123,0.9724642782346702,0.9281100440781066,0.6519473609428688,0.8962158370438138,0.8938237356038875,0.42816292961391494,0.8036324793194063,0.8089642402064954,0.7243405452130994,0.9642874464945398,0.6964740767705078,-0.27509862934663754,0.1932992627609055,0.7244826598834462,0.6718576377271542,0.7166777303461247,0.9658424896460603,0.9657741749275427,0.08958605772671936,0.2591247761018396,0.0952769565063092,0.06801623744090995,0.08931717707033199,0.10477276993326486,0.10169342129473478,0.024260855909087983,0.4606510466310045,0.19263521997676786,0.14203023783443672,-0.44136585637584264,-0.4836494924132193,0.6597215617287217,0.7508768748456972,0.7751523689719705,0.8341356003768944,0.8233898917307644,0.5614439311677191,0.7452541377448456,0.7697033912634416,0.7684585185611068,0.41987964311271303,0.18858820644294874],[0.9853740277140892,0.9868827259575544,1.0,0.9867951234887107,0.993161022661396,0.9910530628864586,0.9902853503752268,0.9908654762537182,0.9902686382075814,0.9936726241909276,0.9977224029804245,0.9968239420931195,0.9907436627213482,0.993073027815669,0.9909252659439195,0.9903232225917692,0.9909671753741005,0.990418258053138,0.9895611269174666,0.9895381578547858,0.9925185112193904,0.9907598039756567,0.9945324620036576,0.9824790337856778,0.9912699173332483,0.9796131324787597,0.9917758176002685,0.9858049231250631,0.9850238116280307,0.956475813490453,0.9706157423308773,0.9746430645639124,0.977953657537529,0.9541547629670193,0.9875760436381257,0.990683543393295,0.9890348311952633,0.9926139771153332,0.9950134002704766,0.9914612147167968,0.9853843815691002,0.988092053246003,0.9878926211749453,0.9872716817590985,0.9915865565258292,0.9098924309865009,0.9314312939982422,0.9325701719440757,0.9097602472870584,0.8489608382092326,0.9225418048080263,0.9018613754311651,0.9250364369019483,0.9256343954211715,0.9120977340026809,0.9504207529271139,0.9585205015457186,0.9667464080203273,0.9787275490632111,0.936896427428255,0.960075572945044,0.9602161884151875,0.9670071789751562,0.9605350705002902,0.9348539046570524,0.9149203143578031,0.940276934143659,0.9317396069633422,0.9135508852684681,0.8841931854287365,0.9672416864880633,0.945261944082972,0.9603100684080957,0.9391001681816133,0.8093542007171212,0.8326633965335909,0.75370456853324,0.852075651500708,0.8848098731802461,0.885264031613021,0.8533784549011914,0.8676521904827765,0.3692486624629805,-0.5568997129175944,0.9561328874532721,0.939681814959275,0.9402460142246518,0.937087884325061,0.9504204769696218,0.9593157265777084,0.9589003756057459,0.9274854208061915,0.9547386205503975,0.8657203238017614,0.7317034007031118,0.946682000558616,0.9461630631925946,0.7583402015604082,0.9335361976969831,0.935364423074557,0.8715568076647695,0.9799356838967799,0.777242285969693,0.5198333231642415,0.6600158847775668,0.7972477607963853,0.7955638826564893,0.7785018890595954,0.9827913996783607,0.9828301196726732,0.705738563236494,0.6695403329130519,0.7116360198989686,0.33888990096101856,0.6981827683272156,0.7127549035565152,0.7284964710367924,0.7104453411086576,0.7309544793062058,0.6802493527251423,0.6609291948445769,-0.32944531236256447,-0.46798281700385225,0.6229712043628919,0.855751430770793,0.8863757975545016,0.8904576216030973,0.8848674996016321,0.7585832890844599,0.8620851376901004,0.8752330379905299,0.8828406213728043,0.736250966393489,-0.10530225184448751],[0.999925913577097,0.9998164657971775,0.9867951234887107,1.0,0.9993241705594454,0.9871149124938251,0.9980892081913355,0.9963603593740511,0.9714482285404993,0.996740143360472,0.9949911883053604,0.9947691660613039,0.9964667146483895,0.9965919879582155,0.9964070859991172,0.9978463962091728,0.9981630086366171,0.9986153280879999,0.996971802828749,0.9969802679459061,0.9970693010710203,0.9964259545563727,0.9877550235495304,0.97234447092566,0.99045453183779,0.9585898519633109,0.9895267209687528,0.9883747095010186,0.9687838941700255,0.9514084388251662,0.9924506431906565,0.9936871404251861,0.9923933679518552,0.9771053989017875,0.9978289137557492,0.9981914449787982,0.9977202452982105,0.9965793045350093,0.9962170254473387,0.9981096536434044,0.9986547607172668,0.9988874418731214,0.9977774692824024,0.9977843693049369,0.9785790846095271,0.9090759186826959,0.9458188698570779,0.916448942823954,0.9151105595269114,0.8903682155957978,0.9607482162805482,0.9435469768347969,0.9622682030853127,0.9626041301716748,0.9528604010958989,0.9825366265269028,0.9800764174606195,0.9894521107047848,0.9943294945691807,0.9846818775726126,0.9803041940000701,0.9864568283111417,0.9851180422122306,0.986947358863849,0.9867407709069977,0.9540148098111741,0.9717329482834156,0.973211388549371,0.9728856791101413,0.9457055610849794,0.9790245680255473,0.9739031217256057,0.9828517623957055,0.982061487568995,0.9188095120227849,0.8799148840731484,0.8440716048043602,0.8962082012898797,0.9147255918322641,0.9138683796362465,0.9131120288008318,0.911809251782944,0.5814692566477585,-0.5633677064626235,0.9791754032101602,0.973260972101258,0.9697629664680406,0.9854348336158116,0.973197104449212,0.9832034244457606,0.9831644418343429,0.948518353525684,0.9826473103292631,0.9357308748350014,0.7560677170562187,0.9031084129916432,0.9291999314481921,0.7889609128237118,0.9495181612900083,0.9503673251991012,0.8981173211607755,0.9647363973118321,0.8899417283710183,0.61097656631523,0.7163967060071944,0.897331661955066,0.8655209671150301,0.8880395018695972,0.9738034206031488,0.9739904398761102,0.7783801101407412,0.7277350401766215,0.8169087506431347,0.39993778145946574,0.7943243576876626,0.8209289216458082,0.8161098734962586,0.8097892719463957,0.7743109235021515,0.7487006655892332,0.7308745798386085,-0.2588096749569875,-0.4015279107907362,0.6584423638626827,0.8930169950031054,0.9362130202415982,0.9426657382390781,0.9111997949671166,0.824366203267443,0.9094884612250915,0.9291591475490982,0.9291646295062751,0.8584086316895708,-0.17590123489148035],[0.9990601051186531,0.99808751799412,0.993161022661396,0.9993241705594454,1.0,0.9899917708034809,0.9990930646675259,0.9984788397373433,0.9841271873364186,0.9984789642138898,0.998034747975144,0.9980638034733685,0.998513016340996,0.9985119144699841,0.998511835945574,0.9990338575680253,0.9986272411136713,0.9992811424773768,0.9988542421050736,0.9988533627173781,0.998577146660724,0.9985026618161039,0.9940671872678079,0.979987264114495,0.9946519004425759,0.9764317735849457,0.9946077716226559,0.9912488265858168,0.9821293540936575,0.9551399244258723,0.9892031978181395,0.9918736335027056,0.9900588171429355,0.9691534062375223,0.9989489377105684,0.9989954897215809,0.9990072695356306,0.9985959567419708,0.9986277103973809,0.9989858465558012,0.9989591592213093,0.9991860443159801,0.9989450464296381,0.9989443114163504,0.9884839718623996,0.9192896799319943,0.9448346224950582,0.9293296021462477,0.9199047568784622,0.8851808825853534,0.9460315161014422,0.9357485532939919,0.9502301973976263,0.9552396255934945,0.9448586091687121,0.9792681108205163,0.9792243545783794,0.9891226490121598,0.9942187362554145,0.9812861802810283,0.974782646007611,0.982039316887837,0.9812395761160265,0.9823885267364002,0.9821466126102235,0.9552296559152,0.9628502849669492,0.9576283637326489,0.9572253272962141,0.9179618290277096,0.9763034467850786,0.9727507885697025,0.9788202170991152,0.9779694188963454,0.9384396890324894,0.8583950333737674,0.8178313851892375,0.8805089582432833,0.9188760534417643,0.9022783849242203,0.9098965088285023,0.9087379969211535,0.7328130613228534,-0.5792737995777208,0.97280318007154,0.9628746332967126,0.9602992228447604,0.9822660486578056,0.9635106589746072,0.9765450084250299,0.9761480420603319,0.9395573423776431,0.9782513461282275,0.942722032429367,0.7449731512393145,0.9197839165356709,0.9496970687773966,0.748044100145059,0.9356376343869656,0.937215429590037,0.8918840904911224,0.9700553384804734,0.8857605711226157,0.45343110713118856,0.6547040818997648,0.8914626848460881,0.837091944369921,0.8864171796399165,0.9775360685258347,0.9776789708415742,0.7408205755760411,0.710228213046829,0.7446949101258246,0.3768800262274299,0.6913337272075847,0.7499695229974285,0.7451292173986397,0.7074419127201949,0.760049401090118,0.7328283432569369,0.7140976080191883,-0.47026106881368707,-0.5505920912523438,0.6514382438610502,0.8868390246195673,0.9215134578740276,0.9358664416784362,0.9084462955794709,0.8037820488371253,0.8954922426338682,0.9150179851200597,0.9145636829604192,0.7941970780068021,0.03365587769899469],[0.9860024133651124,0.990046684255268,0.9910530628864586,0.9871149124938251,0.9899917708034809,1.0,0.9856157632942376,0.9862500064683519,0.9918240637081327,0.98557476609321,0.9808240361551878,0.9795043130064325,0.9861443528889381,0.9866052751116852,0.9863198691270736,0.9859656805935724,0.9891045425769055,0.9872336281354018,0.9870623644639432,0.987042499007681,0.9851272281806245,0.9862179482481014,0.9958615887223337,0.9928458836994419,0.9872164668317563,0.9854254677327777,0.9873388790466711,0.9758476839437011,0.9873540456449925,0.9724389227456801,0.9654764382559614,0.9706948425189633,0.98000694813675,0.968660066421572,0.9853626843770006,0.9856610302346163,0.9865007774255032,0.9869537142382542,0.980509986811463,0.9860565263064612,0.9845098512689632,0.9861542105938506,0.9855118814256717,0.9855046840251696,0.9956393263398202,0.8671964308393776,0.9251609454171388,0.8942340394465264,0.9075214161105194,0.8708882061572703,0.9216306318344211,0.9089706550861686,0.9240016624696314,0.936048120354252,0.9196051074607251,0.9539077438424284,0.9587690579642244,0.963851256850431,0.97408308688498,0.9696024075013571,0.9844885622655727,0.9709712277159817,0.982979248691699,0.9705900414324621,0.9700295942780452,0.9738942404702877,0.9658065659327578,0.9458912929435823,0.945364130410646,0.9410310794158908,0.9810880658436492,0.973604547904636,0.9708273279020965,0.9693944811385394,0.9590905738670102,0.8799899443098099,0.8325850699987339,0.8983178590298797,0.9102989668490918,0.9191828530488946,0.9006422487501773,0.898443887461671,0.705149560070874,-0.5177629767422711,0.9786585403122444,0.9787904112399534,0.9745629599140792,0.9705727830448184,0.9702850951292259,0.9777760744190085,0.977373570406169,0.964345096615927,0.9671212129552095,0.9632849203566184,0.7564792939693193,0.8746866281642053,0.948643987258128,0.7943830429942631,0.9382735199943874,0.9393919275645988,0.8694662324491018,0.9589405494134924,0.8401093767685147,0.545073674340201,0.685206358100296,0.8493484277979089,0.8214418517565524,0.8385125490622388,0.9600208900542367,0.9600633989258696,0.7353163988439173,0.705015355959841,0.7553102101985306,0.401153755829923,0.7426255230983981,0.7608909656812385,0.7546651989520877,0.7504653544113059,0.7578087195284796,0.7134897453865916,0.6981405299827779,-0.28719182113710734,-0.4171068806687832,0.6725391368579404,0.8670334514230795,0.8848783030931948,0.8963469883290134,0.8797290355800865,0.789203991817696,0.8566404515842679,0.8765669215290767,0.8766233839752332,0.819241360310073,-0.14436273287855203],[0.9978144074643792,0.994242885283284,0.9902853503752268,0.9980892081913355,0.9990930646675259,0.9856157632942376,1.0,0.9973975575704627,0.9578136190772903,0.9995805558090619,0.9995197391384459,0.9995328934792728,0.9983221778637054,0.9994452201586936,0.9991296365107634,0.9998864264001343,0.9963629023591992,0.999902040194759,0.9993363122668546,0.9993414232751135,0.9996925945794749,0.9992834627117431,0.9904315176709924,0.9748070246474152,0.9852172281995646,0.9256924709860228,0.9931774190515265,0.990669128018243,0.9730405329026356,0.9489761879499615,0.9916828792740945,0.9917254378872304,0.9936131747012977,0.974625318941088,0.998945912631635,0.9998404340737913,0.9996941544446932,0.9994532200771364,0.9997378032636048,0.9998235089589003,0.9984221866026471,0.9997159860274321,0.9993486156299128,0.9989834677954575,0.9814921921251301,0.9269690590502732,0.9484297256264499,0.9405780526154195,0.9293757246958964,0.8852982037594028,0.9569701426313879,0.9431818165671689,0.9592118733654259,0.9595219664672265,0.950820868705197,0.9813340430063165,0.9802602676821056,0.9913455491905595,0.996375063707348,0.946805743893305,0.9624338817658502,0.972626486988667,0.973232187409054,0.9742516250616682,0.9468219659732975,0.9027463087192567,0.953922909787013,0.9601239291669379,0.9378898193348263,0.8918973357726862,0.9664852890318115,0.9384627067157559,0.966984390296608,0.9471609078167755,0.771362396176632,0.8526094221648356,0.7750238702760057,0.8679549520388574,0.888009625706407,0.8924986482338284,0.871169860313492,0.8833616457444594,0.3205599797859934,-0.5971147358365141,0.963884579246351,0.9485024321439831,0.9474060538648568,0.9485601424846934,0.9600667557657028,0.9705087244618082,0.9705574115022949,0.9295228195591103,0.9670289229527965,0.8450031384538937,0.7399966701962754,0.920342457692206,0.9288270533967007,0.777582604153768,0.9476045808603231,0.9486291967293181,0.8949086983449387,0.9694213155278125,0.8319816916601458,0.6019956670543661,0.7079849524517704,0.8547177695540953,0.845325598219564,0.8362626452347671,0.9776802253701756,0.9778819230272592,0.7675411881623906,0.7073758360649974,0.7821111163517486,0.3716486929841782,0.7722800711076663,0.7930594580120672,0.7890125275335578,0.7903579578240485,0.7566220022406693,0.7382695798684749,0.7186719194093758,-0.27485122437308523,-0.4249288333705062,0.6685847538822564,0.8899089292802167,0.9257145887028616,0.941974955760299,0.9132505577990452,0.8241195043806806,0.9103843343782424,0.9309597183669185,0.9296443036961591,0.7757572019351354,-0.1410405570965489],[0.9958996298079809,0.9910029181901123,0.9908654762537182,0.9963603593740511,0.9984788397373433,0.9862500064683519,0.9973975575704627,1.0,0.9688647560685937,0.9999998183073681,0.9999992505196332,0.9997185764547092,0.9999970219644176,0.9999920010595394,0.9999980945181537,0.9992666886440541,0.9908283927293858,0.9994033854922527,0.9999016137435718,0.9999012159060321,0.9999618741933008,0.9999987170385767,0.99086644543171,0.9762015042765886,0.9924407534476887,0.9398761381785764,0.9936802863773446,0.9885688100211636,0.9752708994182869,0.9482449007898042,0.9879636163593266,0.9938426330655328,0.9923183450927112,0.971566257036368,0.9994512081602873,0.9995384415049805,0.9996510727927371,0.9997227908462823,0.9990991632509831,0.9994633484188822,0.9981172813500939,0.9987255825254776,0.9995217541525355,0.9993833227731329,0.9830852864496987,0.9268595077385536,0.945544557880447,0.9450960322047259,0.9273582808448916,0.873199854599492,0.9552645405684433,0.9384618650234445,0.9571231548102358,0.9534796440548319,0.9445503778275715,0.9792981281681138,0.9771799530272446,0.9902893929810865,0.9969925997536995,0.9416342058818842,0.9578276523468001,0.965844952892393,0.9699237709265299,0.9678815946164521,0.9450194130606451,0.8942401015298347,0.9488418364524599,0.9530326099782649,0.9322794842292206,0.8789038798436082,0.9635430819798494,0.9319596701080841,0.9612443771913561,0.942348922490803,0.7575947729851183,0.8440086915559324,0.7704048567840148,0.8594334092850306,0.880405831622992,0.887558531229697,0.8665532775545197,0.8762164193674574,0.30209463754708743,-0.601887337008745,0.9593829202450218,0.9411509226865994,0.9408102403997695,0.9465210628203635,0.9550522291465795,0.9660866690004044,0.9661254766322802,0.9240995823206278,0.959806122726223,0.8328616100409969,0.7365803595312218,0.9360104352104343,0.9401040150596187,0.7733893543014839,0.9472482936795876,0.9484368162178954,0.8923311632000055,0.9736243619590519,0.8351819792089679,0.5876755607842683,0.6989922577992748,0.8559123485000497,0.8421995220683284,0.8386722820438401,0.9803109172476835,0.9805162997906118,0.7582693927754878,0.6992649320875327,0.7836135135042972,0.3583689474398163,0.7670837718840952,0.7885511691822102,0.7896292335310815,0.7847528337771131,0.7500385684885089,0.7322670187916651,0.7120559115536271,-0.291012869675775,-0.44007438646558317,0.6534303999390667,0.8820498808036491,0.9232738631844977,0.934345996314095,0.9072945762871719,0.8131197714774168,0.9039054989720507,0.9246606801475143,0.9236309334718501,0.7564219366507405,-0.12382519029133755],[0.9691505377302283,0.9834583967457396,0.9902686382075814,0.9714482285404993,0.9841271873364186,0.9918240637081327,0.9578136190772903,0.9688647560685937,1.0,0.9838342603362332,0.9878180791048898,0.9898077474508808,0.9725756701833074,0.9808728948530642,0.9774997267421451,0.9752510619905512,0.9488187929982952,0.9799695723373396,0.9782251896574622,0.9781783911659518,0.9823167377011944,0.9773689818246762,0.9945793680332361,0.9919863535828817,0.9817369852128839,0.9876090443500342,0.9847015075868063,0.9889323423843442,0.9900853640763786,0.9661623993011098,0.929124936386365,0.9506715610707638,0.9678847917896253,0.950977335178372,0.9719594409579874,0.9802159810962061,0.9770534644167981,0.9794208160071699,0.9878388771156167,0.9812961115361571,0.9677163849957139,0.9770006834285961,0.9727893663238297,0.9717310800947647,0.9988900294410465,0.8853375525478694,0.9152776828154813,0.9346635465730079,0.9228110898489369,0.8443315415790156,0.8861505112308279,0.8795700681435212,0.8898337399903546,0.9090199564922898,0.8919182526673213,0.9296553181523454,0.9446806972615248,0.9499485494907203,0.9631836577988572,0.894784719253134,0.9608193435363984,0.9382020996340382,0.9600941908489588,0.9383104349031426,0.8926884454289654,0.901448506956803,0.9327413425551008,0.9057724373057774,0.8687097942634132,0.8639573978590579,0.9613272223288402,0.9105015031035971,0.9370354817362876,0.8977969242722484,0.793109653234342,0.8239604914453578,0.7070166816546207,0.8455494491966529,0.8640828339118575,0.8774776325684351,0.8260641331837776,0.8446192857295755,0.34339533222352614,-0.5440766220948358,0.949536661208713,0.9419222389508789,0.9387742537742442,0.8941896047124309,0.9387928587280975,0.9480643362826848,0.947480160320019,0.9287489585799907,0.9321139137495231,0.8489862603215027,0.7382133975300916,0.927344428437829,0.9555848254739241,0.7661540947934665,0.926619191341282,0.928412280837926,0.849481664531809,0.9676696715478074,0.7443662507940754,0.48412333930175355,0.641572631877331,0.7756596868535522,0.7732109306727062,0.7538259541996647,0.9671864848961658,0.9671731686278198,0.6870060954321806,0.6586953999707681,0.6775876052221758,0.3463250523824808,0.6807498926462527,0.6919729227193148,0.6785040357731994,0.6896480282270339,0.7242827791290251,0.6758611375471615,0.6577850857079753,-0.33690679346893176,-0.47192906193125855,0.6695520657913567,0.842357816666456,0.8402997433029309,0.8664838873920899,0.8656655184389687,0.7531636864163147,0.818311700594598,0.8461921015708405,0.8401566544408783,0.7095406791251418,-0.06473744294649128],[0.9962293769436829,0.9910244599713656,0.9936726241909276,0.996740143360472,0.9984789642138898,0.98557476609321,0.9995805558090619,0.9999998183073681,0.9838342603362332,1.0,0.9999990889940481,0.9997239386351794,0.9999984795005605,0.9999906761531323,0.9999975760620046,0.9996477227514331,0.9976979338884976,0.9993960734050287,0.999871472809117,0.9998714085628803,0.9999751142862516,0.9999992447356273,0.9934962581201786,0.9775403425319814,0.9957768856267117,0.9736160002104899,0.9958736894998906,0.9885496932290029,0.9795929620164344,0.9495123325625838,0.9892247969947754,0.9934660230824828,0.9899051513749391,0.9680067164469326,0.9994599025693789,0.9995282239946475,0.9995386616430642,0.9998150594228443,0.9991139152987649,0.9994711941290613,0.9982927146298711,0.998762035558209,0.9994614572986108,0.999456232757134,0.9872987683665543,0.9270032536258205,0.9455816807552341,0.9451393002746509,0.9274322169651702,0.8733562022584556,0.943869528918762,0.9302570920171509,0.9474607179870675,0.9513539931631454,0.942293086957651,0.9775294243509969,0.9772132781057347,0.9906885851651283,0.9967490269091382,0.9709929797940522,0.9577336162826711,0.9718201041536317,0.9698716233696966,0.9722562530858124,0.9719728078099205,0.942729916499692,0.9487631293326082,0.9477743903396649,0.947416225564116,0.906373623458123,0.9634601207143861,0.9629001399254489,0.9687673721284117,0.9677211662377988,0.924873196023437,0.8440696225934669,0.7975971300793757,0.8592088339728915,0.9013509294140677,0.8873101103536616,0.8937886846668402,0.8928645724188051,0.6833520589595433,-0.6138620049423424,0.9593278001975729,0.9411668366859726,0.940833502878295,0.9722099442749332,0.9500925774073883,0.9656421305867507,0.965220439360874,0.9246716126350883,0.9675913013248847,0.9281561705628184,0.7366019052085728,0.9356471377981779,0.9527202597475353,0.7541794043364317,0.9399532368257623,0.9413383093965636,0.8924019578710213,0.9726946342137184,0.89350217714406,0.4895801824307786,0.6725348242546502,0.8991901988224292,0.8454768132104229,0.8943770534246233,0.9802598157885545,0.9805015770993138,0.758337079520775,0.6990136227573047,0.7614646869008133,0.3585078391801183,0.7096550589540546,0.7666680926533247,0.7619123129192178,0.727086924725027,0.7497507659224664,0.7322044376480904,0.711969384757421,-0.5165688522820129,-0.5977518577068737,0.6533940100347602,0.8821829940180271,0.923032830452001,0.937455217799471,0.9074539565488907,0.8092563585406826,0.8964777430157691,0.9163207887959043,0.9157727219000935,0.8055461776808763,0.1022533466448276],[0.9942183698269844,0.9910283693002844,0.9977224029804245,0.9949911883053604,0.998034747975144,0.9808240361551878,0.9995197391384459,0.9999992505196332,0.9878180791048898,0.9999990889940481,1.0,0.9997239052219249,0.999996206362773,0.9999943390519301,0.9999981646148698,0.9996231620273042,0.9972380762967133,0.9990807607644571,0.9997555321519279,0.9997553337010378,0.9999983231495844,0.9999981798973241,0.992475618553868,0.9713073070369779,0.9946453106957883,0.9811097402083366,0.9952930684488274,0.9885668003597557,0.9812160894942481,0.9402874453873129,0.9875192117152801,0.9924391462124891,0.9829882026195096,0.9401570345447648,0.9991825806713155,0.9992440813310927,0.9991739635634176,0.9998840655440349,0.9990944360285058,0.999184755112895,0.9976023978669705,0.998268061096594,0.9991485364450325,0.9991455909810593,0.989023395428851,0.9266839164451676,0.906323626019114,0.9450665546849676,0.9273005516104499,0.8729754541488696,0.9065170307658741,0.8919842238195157,0.9116192287359015,0.9191864654154536,0.9046288495307632,0.9677659644090687,0.9677330012480152,0.9895174523619276,0.9950085005249425,0.962530579419354,0.9578292632378915,0.9590172777611485,0.9588912175425195,0.9609526145007691,0.9606607608838427,0.916044656792002,0.9372693126233579,0.9121098849468833,0.9115804908787095,0.8277901372589117,0.9603671564292233,0.9670239055372035,0.9628704886638059,0.9617139750331967,0.913751199315613,0.7591132364320653,0.7135694479154567,0.8109881437474932,0.8734485816615085,0.8362587393522755,0.8548250625350748,0.8532721253683135,0.6725655808505863,-0.4408611410873353,0.9441637551782002,0.9412674711593878,0.9408976207291901,0.963917026887146,0.9348730737551048,0.9476215777659067,0.9468821239845218,0.8902818321931543,0.9510209006276651,0.8966383062175556,0.7367433891502745,0.9360400386134876,0.9550430768325184,0.6161155882846272,0.8904265083922909,0.8935919004556208,0.8459594569380283,0.9837298450692454,0.8334091023901111,0.1574454791458445,0.5153608878715448,0.8459221514690132,0.8082935577909772,0.8396361631878033,0.9844533425502009,0.9844677172149084,0.48873201241931347,0.5994609010230212,0.49607845221820707,0.35839651198662564,0.45907601522251806,0.5092482205595961,0.49817294742922336,0.4342745850913151,0.7360287271193952,0.5785703359012181,0.5375646363277085,-0.48267551465509156,-0.5360478640199203,0.6527316768750909,0.860254973214496,0.8731807692046218,0.9016263086836394,0.9009229996123392,0.6527539901998689,0.8337276662157882,0.8646840495201568,0.8638888360081259,0.6053475953847636,0.03944309253455316],[0.993722119137597,0.9929529279933814,0.9968239420931195,0.9947691660613039,0.9980638034733685,0.9795043130064325,0.9995328934792728,0.9997185764547092,0.9898077474508808,0.9997239386351794,0.9997239052219249,1.0,0.9997393943575664,0.9997220855875798,0.9997297920625722,0.9996199318184908,0.9978779226722666,0.9992961614711788,0.9999648318211523,0.9999645099202823,0.9997287149442555,0.9997353501643421,0.9917847492179955,0.9659221302763471,0.9930421793575176,0.9809236614124817,0.9939508605482014,0.991736094637245,0.9761417401542942,0.9177360115091214,0.990007348057832,0.9932936533565553,0.9777255017935674,0.9175917602721693,0.9993082248690008,0.9993646813676357,0.999317347641452,0.999519125497119,0.9995412955422383,0.9993368093024817,0.9973818573557558,0.9982656817862133,0.999291493388708,0.9992878277348045,0.9899310035559725,0.9214442543263668,0.8907102349353121,0.9417312135301238,0.9267831417046528,0.8730827402759956,0.8649749788865198,0.905498886044137,0.8693907165092168,0.8894385413026805,0.8627176709037542,0.9536300642479587,0.9536008560265294,0.9788429017761684,0.9939538097314314,0.9608144994337793,0.9623798660999241,0.9541120915723521,0.9559941162165263,0.9575887750267374,0.9574245710257522,0.9153024003065885,0.9274232048820548,0.8958488253370449,0.8957092698858494,0.8054658161200795,0.9580663250711116,0.9607407192281844,0.9608640941732988,0.9602875390155842,0.9190414391730793,0.6871576583880549,0.6353892998931667,0.7619238634766327,0.8423179819882544,0.7857261181118678,0.8150418911683789,0.8140324607464907,0.6347344487027283,-0.35582377451288594,0.937244045567498,0.9446519973135507,0.9370124265200216,0.9619135280499644,0.9345495710993238,0.9418621918927825,0.9409199779762601,0.8855684038424809,0.9451345783467848,0.890817752510252,0.6728011863700364,0.9329364115089387,0.9272129191399741,0.446822807528562,0.8183064948584939,0.8239192621749502,0.725086341626855,0.9759843362766615,0.7004225604436753,-0.2172134304595702,0.23529692822608764,0.7251064704189261,0.6785774026697883,0.7183837874075235,0.9771802104656268,0.9772502511217867,0.14116517144858612,0.2968269340020053,0.14538931762844493,0.11781583362902828,0.13769443884449595,0.15540916727319468,0.15302160711263016,0.06990250606447095,0.49445703095005605,0.22528790828924933,0.17249483093909335,-0.5078744712779915,-0.5492927998184279,0.6534350349536687,0.7492002153803927,0.7734895941744901,0.8351159513553851,0.8264491298680942,0.5482489552816451,0.7416023414543144,0.7682884723837535,0.767124070261348,0.41821909704075616,0.2345567507871818],[0.9960240895828346,0.9911774794128226,0.9907436627213482,0.9964667146483895,0.998513016340996,0.9861443528889381,0.9983221778637054,0.9999970219644176,0.9725756701833074,0.9999984795005605,0.999996206362773,0.9997393943575664,1.0,0.9999905283331108,0.9999976707007122,0.9993192897954895,0.9926010876540264,0.9994471525291256,0.999911239666694,0.9999110495644616,0.9999691556461604,0.9999989246810883,0.9907590008315993,0.9760454662887418,0.9931036199581512,0.9448111102950383,0.9936363463812856,0.9887109903576867,0.975085693082188,0.9482159396177656,0.9888650720204344,0.9939149024204095,0.992395434897256,0.9717039481977928,0.9994937365680535,0.99957979909514,0.999682723618474,0.9997235780653775,0.9991692572654199,0.9995065446402261,0.9982070030496097,0.9987983663858151,0.9995649587260178,0.9994267751928124,0.982870444146006,0.9271545214645338,0.9457336612628393,0.9450462203729271,0.9275621264248374,0.8739834935163039,0.9556152468495804,0.9388732658662211,0.9574798000974809,0.9538492650016109,0.9449612916628344,0.9795512670897613,0.9773747912826244,0.9904324735734934,0.9970645096202002,0.9419364626888975,0.9579584765440027,0.9661156999182513,0.97004220365003,0.968148764488174,0.9452717383899046,0.894358490667519,0.9490821066056577,0.9534293724782655,0.9327019103888872,0.8792691861088705,0.9636120673513767,0.9321629853284469,0.9614544131766619,0.9426310071472797,0.7576468796167499,0.8444293329113521,0.7709319521862071,0.8598343164701048,0.8807112740290566,0.8877780913195727,0.866939170656296,0.8766100434148041,0.30235548499511583,-0.6018496102698856,0.9595638821648506,0.9414450383970742,0.9410634546108538,0.9467600956015854,0.9552493279415769,0.9662797674328403,0.9663201507663667,0.9242372285269714,0.960097687712556,0.83302984950789,0.7367263442973474,0.935302048516252,0.9395863430293062,0.7735496790615514,0.9472849598254781,0.9484644418906182,0.8926706746897801,0.9734674565304509,0.8356483421627487,0.5887278976572243,0.6996641043324588,0.8563706631946202,0.8427297954573523,0.8391359603303096,0.9802363735543058,0.9804417916244091,0.7589049983062174,0.6998340866084684,0.7842056846588248,0.3591274647828842,0.7677641665779624,0.789236237308731,0.7902316551522676,0.7854616107731475,0.7504127875859785,0.732720271225655,0.7125317894156143,-0.29003657017442747,-0.439199173802244,0.653930909548781,0.8825660610482149,0.9237176082464708,0.9348687953796913,0.9077569282619963,0.8136818557853531,0.9044750982698101,0.9252202078837698,0.9241788218374033,0.7570984645711906,-0.12485400353186274],[0.9960566826690552,0.991023583751595,0.993073027815669,0.9965919879582155,0.9985119144699841,0.9866052751116852,0.9994452201586936,0.9999920010595394,0.9808728948530642,0.9999906761531323,0.9999943390519301,0.9997220855875798,0.9999905283331108,1.0,0.9999945579051955,0.9995228940695741,0.9976168948054649,0.9994008437494463,0.9998947536075522,0.999893660539949,0.9999496288127215,0.9999906101122141,0.9927536926185667,0.9764245810938983,0.9955012927583624,0.9676268032471375,0.9952750311212185,0.9885069026583844,0.9753706905101548,0.9483754332991746,0.988966787989674,0.993861063405212,0.9917224564444495,0.9712072075179368,0.9994618788915691,0.9995310300679682,0.9995971438583207,0.9998772194905979,0.9991257580567363,0.9994523565924587,0.9980274860440601,0.9987139978255292,0.9994775964990817,0.9994701352253142,0.9853087598120722,0.9271795387860281,0.9454686543532156,0.9449982552654723,0.9272538317240836,0.8732624649177598,0.9492944240897051,0.930260071678168,0.9514168831489241,0.9532169751366733,0.9442803472120318,0.9776959311767548,0.9770335398623037,0.9896110752944329,0.997065168682875,0.9711996868280323,0.9574902946880408,0.9718016628150538,0.969866712475853,0.9728177345053676,0.9725233225637692,0.951496061309405,0.948433793128171,0.9523225112707702,0.951948750853675,0.9233213453755174,0.963491415588214,0.9658683817344033,0.9704642349867596,0.9692790032330525,0.9346115396125576,0.84368975673624,0.8059466871984973,0.8589140066746549,0.892368670481237,0.8873110967003129,0.8885169463706417,0.8872752069066997,0.6612401569576235,-0.6022022471799416,0.9593370402547421,0.9410516092787037,0.940563155559367,0.9724211239646168,0.9550968069649697,0.9660521326038269,0.9661429571747946,0.9241120679686761,0.9666084261809695,0.9365548357774901,0.7363878690110583,0.9353021560479001,0.9457908442334498,0.7724363050628215,0.94708290828726,0.9482021953159437,0.8922751776710338,0.9738412425698612,0.8833830371466068,0.5879989128811396,0.6984843406556516,0.8909125175702703,0.8546656750886376,0.8814102694208489,0.9805348764684693,0.9807735164076147,0.7573993451938771,0.6983996203643845,0.7989398363876832,0.35843163611616113,0.771031436023213,0.803582589537669,0.798119863386153,0.7832674973903331,0.7498092329136081,0.7308229379726857,0.7106277538354341,-0.3827845641478866,-0.5033350404518188,0.6525777559426463,0.8821908923605869,0.9205441141678242,0.9302022110291595,0.9078108954779605,0.8122408992958459,0.8908494680543491,0.9133576586893054,0.9129410274014024,0.843666894386605,-0.09204741114080307],[0.995947152871589,0.9910921147413133,0.9909252659439195,0.9964070859991172,0.998511835945574,0.9863198691270736,0.9991296365107634,0.9999980945181537,0.9774997267421451,0.9999975760620046,0.9999981646148698,0.9997297920625722,0.9999976707007122,0.9999945579051955,1.0,0.9994159064980221,0.9968328170432446,0.9994207893608199,0.9999048043172684,0.9999040944259694,0.9999631667333182,0.9999974713391637,0.9909113758611772,0.976265602862116,0.9948497652325275,0.9589427108295364,0.9946600979995243,0.9886569478772181,0.9753253779606352,0.9484245101748797,0.9913200211496767,0.9941925142189366,0.9922641304163285,0.9714737011877544,0.9994640127012618,0.99954058354174,0.9996591016586215,0.9997393651296002,0.9991310587660289,0.999461304714948,0.9981444974840049,0.9987436042668514,0.9995326798899965,0.9993971923887233,0.9830820313161387,0.9269397264743344,0.9455673158800753,0.9450911137599883,0.9274886788673778,0.8735365028783071,0.9553508322487174,0.938606534874548,0.9572429349907315,0.9534292936692986,0.9444686521147261,0.9793285836608132,0.9771259840143255,0.9902594394585948,0.9969566298744297,0.9419489479947997,0.9579263252877471,0.9660222737477733,0.9700012858528735,0.96804375434529,0.9448055023084962,0.894467572622055,0.9487336987102214,0.9531002141752855,0.9325059454052351,0.8790411553084392,0.963696311006406,0.9323290315231922,0.9614606945887337,0.9426791934945121,0.7579622742166321,0.8439884670215209,0.7706813897128452,0.859458012275759,0.8805845288755988,0.887555835325294,0.866713950423159,0.8763940229799012,0.30246048899009165,-0.601583989975897,0.959464493273162,0.9413182732840402,0.9409544645214899,0.9450669420629221,0.955235039529502,0.9661672716184877,0.9662027108755318,0.9242921512347777,0.9599841977432177,0.8331440385071854,0.7366201544508658,0.935670630282263,0.939991067041776,0.7733712923446439,0.9471651993250824,0.9483583341091025,0.8921475348237179,0.9736430371697494,0.8352214231071199,0.5875120172306679,0.6988802415446376,0.8559289247149883,0.8423350834888174,0.8387086691432195,0.9803553246130631,0.9805574033236946,0.7578659113228989,0.6989010179828941,0.7835991179670303,0.35865033626167736,0.7670649068931025,0.7884741988430277,0.7897952767222242,0.7846547217319757,0.7499507663282645,0.7314942785321067,0.711318384251503,-0.29081706124845436,-0.43987420745377975,0.6536958956779463,0.8819588405039812,0.9234062978364843,0.9343963472813555,0.90733747371322,0.8129173985646181,0.9041207734406255,0.9247059776997429,0.9237946703953275,0.7565270419182614,-0.12411386472943603],[0.9975469395076032,0.9934992069834577,0.9903232225917692,0.9978463962091728,0.9990338575680253,0.9859656805935724,0.9998864264001343,0.9992666886440541,0.9752510619905512,0.9996477227514331,0.9996231620273042,0.9996199318184908,0.9993192897954895,0.9995228940695741,0.9994159064980221,1.0,0.9982810097652919,0.9998368257825766,0.999511756765693,0.9995169556899395,0.9997478006121807,0.9994967123185262,0.9904380170033886,0.9751455653852206,0.9933851316379086,0.9506321652255342,0.9930189365971255,0.9905667817591925,0.9732575167619203,0.9488855235275889,0.9918269394591931,0.9925397651733925,0.9930316651914055,0.9736145486129497,0.9992407566366137,0.9997237020125949,0.9996983773607457,0.9995361469888424,0.9995485599440426,0.9996763417134176,0.998788934054614,0.9995496869108136,0.9994866070931215,0.9992332246569263,0.9815265355517182,0.9257505480573256,0.9479164154073796,0.9407515010907471,0.9279848790116162,0.8814357727194325,0.9576126712267432,0.9435505301553587,0.9598097928611077,0.9580419315042911,0.9491861779687447,0.9815086354465068,0.979439366617283,0.9913073403438679,0.9964292982562669,0.9470033360917283,0.9617221491305717,0.971652760081303,0.9727056798701239,0.9733809097232815,0.9479650508736736,0.9011572042416931,0.9523281551237304,0.9590163011768111,0.9379877866398686,0.8888365629092693,0.9662527132550881,0.9379200164949075,0.9663823929450784,0.9475430138420182,0.7678905193724885,0.8502127100398696,0.7756126670213319,0.865391165182198,0.886331114962045,0.8907164533495877,0.8709123829792557,0.8823214848256012,0.3152159713297407,-0.5980440906189834,0.9629881440160682,0.9468522547191448,0.9460966799702055,0.9497514696968268,0.9596441745810647,0.969711884889141,0.9697918679705642,0.9289801690400914,0.9659103168618826,0.8422642620092314,0.7382350015214594,0.9242581533365566,0.9311072019958317,0.7760857963159681,0.9472366115487405,0.9482187320935853,0.8925233050082886,0.9697911735677311,0.8344420434726055,0.5979542479142428,0.7044693628085635,0.8559532988909282,0.8452327