var correlationAdjClose = {"data": [{"type": "heatmap", "z": [[1.0, 0.9999909981777273, 0.9846108795783372, 0.9999219746530187, 0.9988980413576525, 0.9883565932294808, 0.997524422788273, 0.9953041366753601, 0.9956036548108701, 0.9796562165609327, 0.9921683422516446, 0.9954479578794926, 0.9946657961260673, 0.9953582628523465, 0.9954921408887702, 0.9965791381803808, 0.9980803117202739, 0.9960695457211711, 0.9960823564785162, 0.9961245907240514, 0.9953956640420202, 0.9856253330189418, 0.9693997839077302, 0.9879399102950428, 0.986784365613956, 0.9813771339161439, 0.9637704801761048, 0.9437184991194569, 0.9941415530919561, 0.9946152129653507, 0.9918205005696251, 0.9749366102603747, 0.9974354389283844, 0.9977305102986733, 0.9971165847775052, 0.995512166910117, 0.9950283320668032, 0.9975888677324211, 0.9976453677647531, 0.9986535164542082, 0.9973767974024567, 0.9973880274144712, 0.9766000513227571, 0.9191911319067007, 0.7500458724731597, 0.9005278227953073, 0.9052682508630013, 0.8414777396404504, 0.9671567854627707, 0.9448241767460762, 0.9684667866242449, 0.9655396048778777, 0.9589131304967218, 0.9858366342669063, 0.9823402543757133, 0.984189036764479, 0.9774428402996341, 0.986052033238238, 0.9834173770616097, 0.9866821603148331, 0.9864472006573622, 0.9642262867446496, 0.967516025332267, 0.9715052996060928, 0.9711670281646078, 0.944729258938544, 0.9754725577620951, 0.9738636590347454, 0.9821084414102867, 0.98123858645419, 0.9357613900661651, 0.8597920397733384, 0.8275914075078332, 0.8788226250355323, 0.9054360036010888, 0.9003828121019491, 0.9035463761384959, 0.9021286598000873, 0.6265887289650814, -0.5707338399013047, 0.9768635277790669, 0.9681421973322945, 0.964697249532336, 0.9850523167904935, 0.9704425388124688, 0.9816649340889324, 0.9816128872285093, 0.9454082700017222, 0.9818894703309519, 0.9495337140624004, 0.6356861207189379, 0.862627217087603, 0.9146976397311006, 0.7485765531417033, 0.9205541535530385, 0.9407735739297972, 0.8141019452383862, 0.9574636423037154, 0.8958218139788167, 0.6482260809685038, 0.7078964178423197, 0.8917165208815825, 0.8626440539517194, 0.8883233403756471, 0.9683216849710726, 0.9685392668592497, 0.7377817097644152, 0.703977324446176, 0.8260236199870422, 0.3377334456175719, 0.7944751400839482, 0.8303415872051263, 0.8169152655009856, 0.8149332005920147, 0.7477079781615257, 0.741317429940581, 0.721384885422701, -0.2403016622504108, -0.37595409571610516, 0.6364831115914744, 0.8996144453245466, 0.9448491456659819, 0.9491161734543205, 0.9192887729246528, 0.8287049211707992, 0.9164107347534414, 0.9381495066518487, 0.9379819968069473, 0.8726075308213833, -0.18701735113782603], [0.9999909981777273, 1.0, 0.9827125293890048, 0.9997677414288476, 0.9975381657466148, 0.9904385034906749, 0.9929958934795099, 0.9886645049761376, 0.988701447068378, 0.9676276377456626, 0.9911097370487439, 0.9889121814089162, 0.9887311264656946, 0.9887808425650639, 0.9888771855959877, 0.9935964571358217, 0.9949410220318156, 0.9921086465047944, 0.9921083870979992, 0.9887775208324868, 0.9888377182626391, 0.9878621188903529, 0.9615455704631749, 0.9841756062281067, 0.9838629115837519, 0.9812088370214493, 0.9722547595085235, 0.908160039464074, 0.9878552731317087, 0.983994592841604, 0.9759010613634536, 0.9123059984039839, 0.9946390371302057, 0.9944642526174098, 0.9947523127726128, 0.989924621059292, 0.9941742297981673, 0.9947419884720176, 0.9950496944184503, 0.9964936600935994, 0.9947422933753445, 0.9947510478777267, 0.986062707692854, 0.9189889258517668, 0.6084238158631255, 0.9002341156486445, 0.9054432002315764, 0.8416426042686981, 0.8746255130158535, 0.912510315220726, 0.878488202571773, 0.8974659010098579, 0.8734907590996889, 0.9546998220206799, 0.954593618956024, 0.9739400246856161, 0.9779765795765628, 0.9718539699501535, 0.9714086813441666, 0.9745730647686307, 0.9744841612028019, 0.9354078766181885, 0.9443254188358736, 0.9091950957400157, 0.9090913513734182, 0.8034663898752837, 0.9688929716284084, 0.97125199893444, 0.9715134942759792, 0.9708990819215187, 0.9304982002151413, 0.6471237247157874, 0.5875662814566598, 0.7427004794937258, 0.8388231382341642, 0.7661236093265649, 0.8042965172731116, 0.8024694558074764, 0.5813236061295984, -0.27642490894015254, 0.95636926677656, 0.9634339858460609, 0.9560572279229682, 0.9748675694715196, 0.9531392992086537, 0.9610731799253422, 0.960120953873787, 0.9020286418545712, 0.9641211780169956, 0.9079728164491102, 0.45598033678113714, 0.8616209739410009, 0.8594850930983995, 0.24776262063677718, 0.6451974216337135, 0.7401838341235254, 0.6344575480001052, 0.955447933497696, 0.6494304082685212, -0.22937501966332233, 0.13830704498502902, 0.617015396901214, 0.6240098940983806, 0.6712156030241379, 0.9571301372579444, 0.9569696036597304, -0.08845755566888225, 0.14759111282882437, -0.00774692027315533, -0.040146293970130274, -0.012258239598271553, 0.00426496581863133, -0.027410869322708212, -0.07007024307553626, 0.34943398274782944, 0.09053656585391319, 0.041698850809835604, -0.45327512224370115, -0.4869206403210416, 0.636644907898369, 0.7451037870924927, 0.7689974426094546, 0.8302963525985356, 0.8251038924906505, 0.5372386332022165, 0.7331429527724063, 0.7652961957241686, 0.7639247487617481, 0.4124057540517869, 0.20945854521564444], [0.9846108795783372, 0.9827125293890048, 1.0, 0.9860556982182402, 0.9928252897464693, 0.989986016631812, 0.9906998518375503, 0.9911205994793231, 0.9943843783543682, 0.9548132822037049, 0.9969849013881218, 0.9910185927407066, 0.9929555188431699, 0.9911813867151873, 0.9910981201236317, 0.9917140223091263, 0.9904369148933805, 0.9896976781843998, 0.9896623645223571, 0.9929102710096532, 0.991048210143572, 0.9935013365586086, 0.9792501149367366, 0.9907631174690295, 0.9911752974529526, 0.9799491499623622, 0.9821463509076459, 0.9475097931209412, 0.9731077798897153, 0.976673347116601, 0.9782122207832833, 0.9502804816473515, 0.987972929072296, 0.991095177174894, 0.9894036864787747, 0.9930743092464502, 0.9947770365674188, 0.9921328794497668, 0.9873866397792392, 0.9880556168446821, 0.9882508310346723, 0.9876170772236117, 0.9905809382379346, 0.9193603221942536, 0.6912188232351518, 0.9268487115285183, 0.89840270560123, 0.7519782944351362, 0.9280289909595957, 0.9000393369952046, 0.9301992794832804, 0.9254686522187369, 0.9160700466165991, 0.9530447535464264, 0.9601687241868705, 0.9309950763340566, 0.9482808038714842, 0.954056720079727, 0.9597557100542577, 0.9546609542862189, 0.9289424891595454, 0.8971939638330446, 0.9263092060308881, 0.9240151734485934, 0.9072702633873517, 0.8624524293518387, 0.9594726153562116, 0.9374558282286336, 0.9548401502789553, 0.9333141344129703, 0.7717497792810889, 0.7995699091338031, 0.7329243171751259, 0.8209089837187479, 0.8653268959196675, 0.8628855318357967, 0.8346551057640905, 0.8483687669612544, 0.301317359614844, -0.5710489608174103, 0.9460848980283716, 0.9189748739244854, 0.9232288777950883, 0.9314437800628296, 0.9404883807219611, 0.9511708146401073, 0.9507782278646796, 0.9118954394086859, 0.9476161963639649, 0.8375667146436443, 0.6071109091970698, 0.9324678299928347, 0.935548124606188, 0.706687834352237, 0.9014147042291456, 0.9241247220806219, 0.7995321519674087, 0.9777926897558037, 0.7785398694349248, 0.556241321299896, 0.6473089237973553, 0.7858461320182895, 0.7878736113451392, 0.7744765150443736, 0.9814745926570296, 0.9815219681572678, 0.6568333333339927, 0.6387267184095283, 0.7142919275137949, 0.2682627144644932, 0.6897493626215788, 0.7116726921315746, 0.7255160616796618, 0.7079309269149809, 0.7012843926412718, 0.6677219459899331, 0.6458580206073814, -0.31443406613384944, -0.44961513519721164, 0.5913535379098989, 0.8596580508553263, 0.8951544304819281, 0.89683845510028, 0.892563454461615, 0.7588171088803891, 0.8693782873735124, 0.8836910737447129, 0.89247966642949, 0.7395815703670673, -0.10463477062241705], [0.9999219746530187, 0.9997677414288476, 0.9860556982182402, 1.0, 0.9992076303684397, 0.9893063384763354, 0.9978677134722945, 0.9958352901739967, 0.9962271155736179, 0.9793239107335563, 0.9936240165433529, 0.9959610240716281, 0.9953894354520912, 0.9958877094880432, 0.9960004940749515, 0.9971017457299435, 0.9984323539191465, 0.9965327786714585, 0.996542724945395, 0.9966579098951576, 0.9959120051598425, 0.986904602552826, 0.97073561049453, 0.9890526165252306, 0.9880089244933179, 0.9837863973779497, 0.9658963963442281, 0.9449155540815335, 0.9936277780634832, 0.9942894418023204, 0.9919415223411524, 0.97460272232454, 0.9976001995200213, 0.9980417228542856, 0.9974361345120338, 0.9960898736261413, 0.9958457521154797, 0.9979398357736194, 0.9977626311728047, 0.9988067570288407, 0.9975325511575995, 0.997540449214593, 0.9784384655336805, 0.9148073333761901, 0.7436445416078197, 0.9012568847490935, 0.9026953189574523, 0.8309735649347725, 0.9642484177626259, 0.941380407786387, 0.9654477295668159, 0.9628714576741886, 0.956049040645569, 0.9837646524650628, 0.9808070589067676, 0.9824025391430227, 0.9756783036008657, 0.9844559286435308, 0.9825318836949393, 0.9850061959143623, 0.9847667420846125, 0.9504661262488335, 0.9658056258372212, 0.9697515953882435, 0.9694137734271143, 0.9379550454182153, 0.9747655603613016, 0.9701910727984164, 0.9803037181164866, 0.9793913473502799, 0.907853975277168, 0.8576332461297758, 0.822714715930007, 0.87637680757036, 0.9017960845516994, 0.899459855915948, 0.9004546751832921, 0.8991035602737714, 0.5215081755088826, -0.5707946785104806, 0.9756109585448661, 0.9658851655540821, 0.9624658304561113, 0.9832701497208122, 0.969257879497215, 0.9805485308294897, 0.9804947937180185, 0.9442292205759667, 0.9800697084598988, 0.9287943574673349, 0.6413534891516205, 0.8713081618153159, 0.9192742814009169, 0.750101987662532, 0.9223071272757031, 0.9422705606085536, 0.8144531887370882, 0.9589893772375121, 0.8896903335454023, 0.6449979877930189, 0.7061425987774596, 0.8866637556952028, 0.8591013652099789, 0.8829385161244413, 0.9694364349317726, 0.969662648854833, 0.7368567384363854, 0.7043056207936966, 0.8181143128833587, 0.33987948380263583, 0.788906626006608, 0.8221465205469043, 0.808795501060975, 0.809681473337551, 0.7506525802446087, 0.7414381315973019, 0.7215727165520919, -0.2356835688140488, -0.3752019877146322, 0.6346645922458476, 0.8977407497525779, 0.943112503768265, 0.9474239584965555, 0.9182168383043343, 0.8259268591373594, 0.9144850528396239, 0.9359910332097842, 0.9359801309251645, 0.8649450807863266, -0.17959860534696778], [0.9988980413576525, 0.9975381657466148, 0.9928252897464693, 0.9992076303684397, 1.0, 0.9921177058594105, 0.9990419179168385, 0.9982737284987481, 0.9983297079976104, 0.9728227676910333, 0.9976169299852385, 0.9983206595801705, 0.9981060455078904, 0.9983082472609276, 0.9983741709658893, 0.9986393951913172, 0.9991920478032666, 0.9987004932144617, 0.9987001593392593, 0.998395559757242, 0.9983041025810628, 0.9936252549634635, 0.9783161955498921, 0.9937413701256017, 0.9936694580458789, 0.9874953116011527, 0.9800199833175298, 0.9481476827171054, 0.9901622243251234, 0.992578398772321, 0.9895872793201346, 0.9653947080955196, 0.9989388216945229, 0.9989726457062186, 0.9989655933985205, 0.9984216628359686, 0.9985103870529662, 0.9990657900237222, 0.9991190636735716, 0.9991322122610503, 0.9989234108285566, 0.9989229544882401, 0.9888801936298015, 0.9244507425285597, 0.7188591244872599, 0.9166485695187602, 0.9064665976005147, 0.8120889924858978, 0.9481165625217538, 0.9289099075423268, 0.9519460900693877, 0.9540977179126926, 0.9468840674836085, 0.9797742016700837, 0.979702306468903, 0.9780900481849416, 0.9692919845010163, 0.9790979593486426, 0.9779091086155441, 0.9794137753797969, 0.9791130804299187, 0.9520126402412411, 0.9550944245930559, 0.9502342934746646, 0.9497769413452823, 0.9033182444011427, 0.9715563277274191, 0.9682213014928666, 0.9751282645045252, 0.974130959946314, 0.930389498381406, 0.8320258882719658, 0.7856539125428557, 0.85779921162533, 0.9038786315673456, 0.8843774302782024, 0.893347140550732, 0.8920186973165014, 0.6789436318472765, -0.5935291532650363, 0.9680027572314659, 0.9531297984724448, 0.9510753539145769, 0.9792461432744225, 0.9574619847592942, 0.9725429062320115, 0.9720414117348082, 0.9328729643272877, 0.9746152011975818, 0.9371096691135102, 0.6273251699106849, 0.8935587486465135, 0.9408358746606414, 0.6977392097036431, 0.8994450955936404, 0.9257014800050207, 0.8079768971677102, 0.9650282953464406, 0.8789178935936789, 0.4931107707491718, 0.6368871269284507, 0.8663562304710057, 0.8198963935794443, 0.868179190233993, 0.9737857138928524, 0.9739597191450851, 0.6893423731416446, 0.6842444419212625, 0.7335597773277748, 0.3138420674201549, 0.6698885212315028, 0.7394939578967126, 0.7153706082808041, 0.6949093275002529, 0.7339189184493268, 0.7234648039832198, 0.7026076276784022, -0.4595581488524285, -0.535880459496951, 0.6226778478520446, 0.8901346274141875, 0.9270210819215303, 0.938749644225321, 0.9142937579213998, 0.8016675024018798, 0.8964873831193979, 0.9200491139431716, 0.9195666305731309, 0.7982784838374174, 0.039252656093560254], [0.9883565932294808, 0.9904385034906749, 0.989986016631812, 0.9893063384763354, 0.9921177058594105, 1.0, 0.988615115631735, 0.988645921888679, 0.9881603941382774, 0.9642516439109518, 0.9792607272059903, 0.9885934431457187, 0.9897373529560526, 0.9887065796347727, 0.9888294087234312, 0.9917100188989596, 0.9898615168077616, 0.9895220951632409, 0.989507250359966, 0.9874946516903571, 0.9886396286991893, 0.996106171379442, 0.9912728200618415, 0.9884723774545936, 0.9882810161233024, 0.9689589162159498, 0.9847882747480519, 0.9662682412589252, 0.972751694967809, 0.9768339586259297, 0.9847938398250317, 0.9714658221873372, 0.9885689777905925, 0.9887532679968309, 0.9895524584619594, 0.989558131861382, 0.9818700170749429, 0.9895141683331622, 0.9889640674495543, 0.9891639892010669, 0.9886685281548458, 0.9886644941453951, 0.9946434414330938, 0.8780334459586481, 0.7233130715954323, 0.877772193103371, 0.9020350735639426, 0.8349824842648853, 0.9341508822063473, 0.9122882001944759, 0.9359687898489727, 0.9435784169186263, 0.9318917673788116, 0.9621571670130525, 0.9667060037618308, 0.967765445139779, 0.9798179641499986, 0.9688703191066237, 0.9807188035014864, 0.9687642366965465, 0.9682021525806938, 0.967541057900638, 0.9591485741640172, 0.9428973406698713, 0.9424080525025368, 0.9297073046505615, 0.9780458216316029, 0.970374606450237, 0.9690527208378266, 0.9673933196107035, 0.9491657827488426, 0.8563856716549899, 0.8084733979770408, 0.8769328247521296, 0.8960294580833745, 0.9034177447489311, 0.8865829598093125, 0.8844807829901777, 0.6457684539657061, -0.5339796063354924, 0.9744922690754132, 0.9703850156724495, 0.9669905381255489, 0.9689091588659107, 0.9650518621125584, 0.9747651030545345, 0.9744154387659322, 0.9547982331836237, 0.9642710657607104, 0.9543160612283791, 0.6425086416188471, 0.834783555321276, 0.9371009492191914, 0.7463445416463621, 0.9120220028806472, 0.9302990464168479, 0.8096866847699865, 0.9553805356617338, 0.8463579893774429, 0.5934607217256416, 0.680549908793818, 0.8438830109198096, 0.8198174634696037, 0.841331807872872, 0.9576126224396885, 0.9576996490775695, 0.699913321334984, 0.6842460207585691, 0.7628206556422422, 0.339868301617099, 0.7414039913484948, 0.768585983288848, 0.7545893624065908, 0.7564883472549305, 0.7382987810741629, 0.7127997739607785, 0.6950235844352852, -0.2661634481982522, -0.3934254355050784, 0.66437585562796, 0.8844861982598038, 0.9024267783997162, 0.9108191332904692, 0.8993399882871398, 0.8008485590206039, 0.8712749236473082, 0.8939120086567435, 0.893977929627975, 0.8383042500852844, -0.14947663238666406], [0.997524422788273, 0.9929958934795099, 0.9906998518375503, 0.9978677134722945, 0.9990419179168385, 0.988615115631735, 1.0, 0.997152038171174, 0.9995292280074891, 0.9722813479327623, 0.999422592368124, 0.9981335012005692, 0.9990684384441705, 0.9990212762267828, 0.9987970507987214, 0.9981560418519143, 0.9999030094265917, 0.999255543538212, 0.9992608375390134, 0.9996508798447697, 0.9992235395173915, 0.9906816551799337, 0.9747221109742212, 0.9840882869093481, 0.9924977662018709, 0.9867444666042062, 0.9718370433251419, 0.9434202409227053, 0.9922794230711008, 0.9918308898579351, 0.9930204794205675, 0.9714565290691661, 0.998829507113158, 0.9998186049165674, 0.9996531618371702, 0.9993940794245265, 0.9996579650331113, 0.9998493593526135, 0.9979137393162058, 0.9996743096091636, 0.9992748487899481, 0.9988822157845046, 0.9831346839877687, 0.9303505351331836, 0.734238701169632, 0.9297074154743917, 0.9169310770499295, 0.8035570707741194, 0.9590329564960295, 0.9407379927472572, 0.9610652682611709, 0.9583268663436458, 0.9522815577374901, 0.9818700381839643, 0.9800331573972955, 0.9404848635852355, 0.955260970416932, 0.9688328708207544, 0.9690941807497925, 0.9706571672858755, 0.94072953552888, 0.8902396126682192, 0.9450686146514127, 0.9550388591194692, 0.9318826269690564, 0.8764256797135276, 0.9604215921519004, 0.9300582009173044, 0.9623890351553156, 0.9408019517721115, 0.7354797745701475, 0.8266287094724446, 0.7555001351802647, 0.8440761288761713, 0.8717201794918004, 0.8755174014660274, 0.8551281153448861, 0.8675569434760994, 0.25625953249362554, -0.605724150166294, 0.9582700723895362, 0.9361893423830063, 0.9363117769415388, 0.9428441512834816, 0.9546629671884395, 0.9662525923467683, 0.9663008075136715, 0.9232076614419058, 0.9624161381487046, 0.8214906084931026, 0.6226281802849268, 0.8941859756549475, 0.919165285904336, 0.7388248320734075, 0.9195698065218022, 0.9407496383600443, 0.8085291629698188, 0.9646374140429018, 0.8310442115904625, 0.6327120485444141, 0.6959153078249466, 0.8434163450252758, 0.8374033816427857, 0.8291847788894586, 0.9739378397673452, 0.974174705942033, 0.7226805846402168, 0.6805900905931237, 0.7833229099730006, 0.30897233110186373, 0.7656394375335274, 0.7922978203945874, 0.7830051052214754, 0.7885303964505507, 0.7295208775772524, 0.7281137766347942, 0.706418250030083, -0.25457811502157596, -0.4012907191693659, 0.6413126374481767, 0.8915731985981648, 0.9299241240670437, 0.9452821007039692, 0.9175427957910902, 0.8239209892304845, 0.9139741852852717, 0.9358128531166898, 0.935218243095981, 0.7748570617750147, -0.14146816620941854], [0.9953041366753601, 0.9886645049761376, 0.9911205994793231, 0.9958352901739967, 0.9982737284987481, 0.988645921888679, 0.997152038171174, 1.0, 0.9999843017018317, 0.9663064764151514, 0.9996458947024872, 0.9999968876689463, 0.9996620108225773, 0.9999978562048173, 0.9999817453952291, 0.9964812136380441, 0.999311983621793, 0.999888006849382, 0.9998875148820268, 0.9999567253479749, 0.9999944405234766, 0.9908737831464468, 0.9757052470803252, 0.9917584282924192, 0.9930005661580418, 0.9837567143761987, 0.9740041347268413, 0.9420084357273781, 0.9885740604293313, 0.9943097782332435, 0.9916493627896148, 0.9680464952547995, 0.999428352881139, 0.9994902715378052, 0.9996136079012506, 0.9996864297146473, 0.9987804024342369, 0.9994078289812212, 0.9991137004801602, 0.9985485454310147, 0.9994979920409932, 0.9993597337918199, 0.9845711364202799, 0.9306491812631742, 0.7210225341248979, 0.9360312454982616, 0.9143869977702332, 0.7818979817748016, 0.9575269536830804, 0.9357929489412646, 0.9591375827367351, 0.9518736021992962, 0.9457769405204427, 0.9798918302121339, 0.976779796604552, 0.9346796501784835, 0.9491807277129032, 0.9608409128502675, 0.9649743245924067, 0.9631687283442149, 0.9387317157902191, 0.8792411589263978, 0.9388003464559377, 0.9470053461996524, 0.9257288816338289, 0.8608749201039808, 0.9567277597875911, 0.9224768868337014, 0.9556938774365584, 0.9353884998267852, 0.7186177463907628, 0.8163059229936096, 0.7504122301533905, 0.8337278299025583, 0.8626050472510932, 0.8692742558828642, 0.8498092137428708, 0.8592258282492926, 0.2351460382049467, -0.6117006808358668, 0.9526633665381309, 0.9260998914518686, 0.9277562990032355, 0.9405880555802508, 0.9483967469638158, 0.9608029920028829, 0.9608501666768513, 0.9157966611237854, 0.9539116394882531, 0.806185139144417, 0.6177338300961634, 0.9152761512333422, 0.931854292896645, 0.733048621833246, 0.9188014914093197, 0.9402911625438871, 0.8057179088008182, 0.9694266900438656, 0.8349693066909584, 0.6184550233921711, 0.686357735547449, 0.8448302922836509, 0.8343599572006051, 0.8327480775962852, 0.9770035576663877, 0.9772459493637762, 0.7124270633860219, 0.6714406468563912, 0.7854397515987024, 0.2937741848005548, 0.7604401836639927, 0.7880103524226363, 0.7844143041710347, 0.7830183360207406, 0.7219892694582721, 0.7215965232388368, 0.699202761444639, -0.2719013668625545, -0.4176709678777581, 0.6225103630701309, 0.8829420157894043, 0.927710245735392, 0.9375531416842305, 0.9110906576928496, 0.8123468858202983, 0.9074466184916106, 0.9294890847546007, 0.9291531635628822, 0.7543636047267157, -0.12318489111110704], [0.9956036548108701, 0.988701447068378, 0.9943843783543682, 0.9962271155736179, 0.9983297079976104, 0.9881603941382774, 0.9995292280074891, 0.9999843017018317, 1.0, 0.9656117853457626, 0.9996448627734352, 0.9999814092275559, 0.9998363186838104, 0.9999899541670833, 0.9999964068001906, 0.9989900433612702, 0.9992996318174654, 0.999824324655094, 0.9998232944848654, 0.9999667206451329, 0.9999822891437766, 0.9937497372258717, 0.9768928214012074, 0.9950413226645441, 0.9951910054100811, 0.9837196177478227, 0.9782075614211273, 0.9430090329791035, 0.9891363555578768, 0.993413406774236, 0.9886545040086321, 0.9634571440337689, 0.9993486565464124, 0.9994299834856282, 0.9994309336920667, 0.9998379109040426, 0.9987909563712551, 0.999396872094826, 0.9993364612636895, 0.9985555701554533, 0.9993426395024545, 0.9993366960028285, 0.988964486135478, 0.930788040114454, 0.7217944423938627, 0.93593406262854, 0.914335814747216, 0.7821212368517372, 0.9447297051890422, 0.9239619802443294, 0.9480872124817048, 0.9492838816300555, 0.9430542547597056, 0.9773757935658405, 0.9768827665424512, 0.966743547092903, 0.9495647479037347, 0.9676705953495159, 0.9650335297547383, 0.9680870055935735, 0.9677405300426658, 0.9384011209309707, 0.9380376719028592, 0.938982649240984, 0.9385598622325259, 0.8906717073338505, 0.9570652528700695, 0.9579854290289623, 0.9642875737176229, 0.9630701095392876, 0.9164204680880053, 0.8155828240117036, 0.7631335571379964, 0.832838628803306, 0.8840161497706036, 0.8674663445163354, 0.8751955848936802, 0.874125929270522, 0.6233132277936676, -0.6278287885524817, 0.952570387540008, 0.9261340173053352, 0.9278688991135576, 0.9681456733332441, 0.9427779958865236, 0.9602963726573779, 0.9597641544942359, 0.9166124842953113, 0.9626348430359088, 0.9211802449592512, 0.615977609558911, 0.9147432470067485, 0.9460398899378097, 0.7073977552416434, 0.9050377193275073, 0.9305927434762392, 0.8048079378197203, 0.9681135023570402, 0.8856807867533293, 0.5225552866515832, 0.6539443747223128, 0.8737012555249554, 0.8280958368678338, 0.8760780234583708, 0.9769201662284113, 0.9771935239417957, 0.7103223451260021, 0.6684848244511665, 0.749910315878462, 0.2915048660909692, 0.6881594780669366, 0.7554534648735591, 0.7332437823699924, 0.7137506569750207, 0.7193340561828473, 0.7183610188363131, 0.6959191736936133, -0.5092464081193054, -0.5868911963106991, 0.6223253730733737, 0.881819365256463, 0.9264841396118704, 0.9391087965221588, 0.9101103823180704, 0.8073681089674786, 0.8967123381981765, 0.9195683933424521, 0.9190044384441421, 0.8077406847998496, 0.11243852461454758], [0.9796562165609327, 0.9676276377456626, 0.9548132822037049, 0.9793239107335563, 0.9728227676910333, 0.9642516439109518, 0.9722813479327623, 0.9663064764151514, 0.9656117853457626, 1.0, 0.951822202490036, 0.9667003886963708, 0.9656207253164676, 0.9664284365743838, 0.9659797728507578, 0.9673441823855582, 0.9745436795156566, 0.9708318278662753, 0.9708451952633899, 0.9664807793336134, 0.9665549874294485, 0.9659947452086688, 0.9532563684797504, 0.9732582125042738, 0.9711374107905735, 0.8953832735150626, 0.9695317386223887, 0.9519557790200299, 0.9762636969809396, 0.9702883015285676, 0.9704749456004199, 0.9363964578362238, 0.9746463767608837, 0.9742139416181776, 0.9746752412212902, 0.966884765899844, 0.9595745133957884, 0.9736630826563804, 0.9744578022715126, 0.9772027035444906, 0.9748317673973956, 0.9748500125137541, 0.9560031088798275, 0.8459379466447973, 0.5415560868623945, 0.7976822501687156, 0.8933082688555978, 0.8755814992537583, 0.9026094999705352, 0.8310256902914424, 0.9070884697218643, 0.916896267740757, 0.9041961506307745, 0.9338861936577364, 0.9337421594888203, 0.9443595237029332, 0.9361162959072472, 0.9546727819350369, 0.9483550313390425, 0.9530394335559433, 0.953061657025721, 0.9123259223468149, 0.953458205127601, 0.9386727712109194, 0.9383760744093537, 0.8606515358978912, 0.9359945017172737, 0.9438332394533597, 0.9373202458711455, 0.9362588154600648, 0.8867393094617659, 0.8234623689025653, 0.7803620909235675, 0.8662407414893775, 0.9169830171461857, 0.8892109627408631, 0.9031539915166659, 0.9024375537976062, 0.7169171006653229, -0.3162710035847905, 0.9534582500200062, 0.9542171679746566, 0.9464856032609298, 0.9461311154533305, 0.9312451988640487, 0.9547190867957697, 0.9546537313649259, 0.9022702251789653, 0.9566874059533239, 0.9071721449276421, 0.7183912982458549, 0.6955563484737377, 0.8674342199233555, 0.6294322100919999, 0.8558176378326482, 0.8919562408031888, 0.8759795241317472, 0.9504802863941194, 0.906175857581222, 0.4151972395631848, 0.6583082577598268, 0.8985477466942301, 0.8750767777958416, 0.9051443088733953, 0.9507364021908655, 0.9510730639944237, 0.5416069413175418, 0.7068701095086003, 0.6177621867640493, 0.48756626946076254, 0.5765719059553052, 0.6322118239615202, 0.5930871930169969, 0.5677788392829235, 0.8097594818557996, 0.6869365568829744, 0.6516430952593097, -0.28396238178448946, -0.3331523772530736, 0.7539353069470064, 0.917634664145459, 0.9242505209916766, 0.912409732528077, 0.9426275533577076, 0.664136423090135, 0.8447003140882614, 0.9105988997928091, 0.9097503269592516, 0.6928082824848524, -0.16162395851189032], [0.9921683422516446, 0.9911097370487439, 0.9969849013881218, 0.9936240165433529, 0.9976169299852385, 0.9792607272059903, 0.999422592368124, 0.9996458947024872, 0.9996448627734352, 0.951822202490036, 1.0, 0.9996742867297393, 0.9996522178139085, 0.9996603234000841, 0.9996666308651847, 0.9994207453029441, 0.9991094853241392, 0.9999552076612409, 0.9999546753924973, 0.9996592762233983, 0.9996674723478334, 0.9900634103940773, 0.9574301876284147, 0.9911575637134388, 0.992299845862108, 0.9882099238492654, 0.9701952455666664, 0.8949696514675092, 0.9886053208402005, 0.99248949170964, 0.9725335113463417, 0.89702897747754, 0.9991521718199945, 0.999220977203306, 0.9991516431969362, 0.9994545905047214, 0.9994017413257372, 0.9991746350844734, 0.9990371915317418, 0.9977855233847688, 0.9991231061159175, 0.9991182800479407, 0.9895968693537112, 0.9247584737012564, 0.5704813852792249, 0.9313657550333584, 0.9135035496229834, 0.7864249909500693, 0.8585617941698815, 0.8928501059847329, 0.8640572084540352, 0.8759073649223094, 0.8555288873793209, 0.9506741670558758, 0.9505958501506735, 0.9501670044767002, 0.9525293488620574, 0.9419184544426529, 0.9439423586614066, 0.946392496081897, 0.9461939812150775, 0.8959860853584877, 0.9076535325882303, 0.8653558800503087, 0.8651707622477017, 0.7438826526142654, 0.9461787210502378, 0.9496402501834866, 0.949813361563534, 0.9490952993745897, 0.8970439610739104, 0.5946538105036281, 0.5311548731368279, 0.6903067440959159, 0.7941700404640186, 0.7197129414640736, 0.7591228994179778, 0.7578925735041486, 0.5220215854725626, -0.4004542430650676, 0.9199687919973992, 0.930145149770164, 0.9196284606532493, 0.9516459036183532, 0.9163221143994056, 0.9260022489347065, 0.9247386520127179, 0.8551541383796954, 0.9304010314905261, 0.8627882474049324, 0.5058992292795108, 0.9111262082147359, 0.9062026313503235, 0.2897785878076891, 0.683667183675991, 0.7695282362608707, 0.64714125683263, 0.97054793294309, 0.6610542572697559, -0.17405285486064515, 0.1853445788736562, 0.633470287312567, 0.6378373399887861, 0.6801332643635092, 0.971843657116511, 0.9718980609779347, -0.027072417767853046, 0.20013715879044305, 0.055560142829869506, 0.021976379387419392, 0.04867261852716397, 0.06786792820190804, 0.034964531628889566, -0.013950123484282335, 0.4009703096297368, 0.13330187206107513, 0.08123195586924549, -0.5225805404659352, -0.5557779262601812, 0.6224270354092276, 0.7382444290317978, 0.7626033595113192, 0.8265556568024147, 0.8241343210351109, 0.5173649833374087, 0.7236323777869683, 0.7588237090407539, 0.7575399574943579, 0.4035196536112637, 0.26036145805137256], [0.9954479578794926, 0.9889121814089162, 0.9910185927407066, 0.9959610240716281, 0.9983206595801705, 0.9885934431457187, 0.9981335012005692, 0.9999968876689463, 0.9999814092275559, 0.9667003886963708, 0.9996742867297393, 1.0, 0.9996470258810749, 0.9999976503038298, 0.9999844633218752, 0.9971159770445035, 0.9993628510763354, 0.9998993386228978, 0.9998990311895515, 0.9999645328105857, 0.9999949030140488, 0.9907873094180677, 0.9755869050579283, 0.9924131217742714, 0.9929641721406468, 0.9839595816880964, 0.97384349678245, 0.9420376784317369, 0.989459429627712, 0.9943633612648632, 0.9917220797722188, 0.9681920876161216, 0.9994706097901535, 0.9995342450301079, 0.999647011489029, 0.9996884212652021, 0.9988704536464322, 0.9994534549045091, 0.9991525874429167, 0.998629377846326, 0.9995415295974879, 0.9994029331115412, 0.9843836742734091, 0.9309363558161394, 0.7217357049283354, 0.9359632579620821, 0.9146582816743527, 0.7830797917847486, 0.9578502714919461, 0.9362069281598567, 0.9594691439112741, 0.952246256842152, 0.9461738093639244, 0.9801296992532131, 0.9769647279008913, 0.9350178527100104, 0.9494082356831726, 0.9611742821982542, 0.9651484261768435, 0.9634944265366466, 0.9390098267649397, 0.8794815874890635, 0.9391254773668853, 0.9474551298010333, 0.926184544444136, 0.8613649540358139, 0.956846018223688, 0.9227330844536087, 0.9559517727823039, 0.935705417028945, 0.718787765411882, 0.8168426025956054, 0.750993065512678, 0.8342533143907673, 0.8630008441428458, 0.8695862135595819, 0.850260641635257, 0.8597001158131392, 0.23554091281728962, -0.6115699745864465, 0.952921471691879, 0.9265651684205475, 0.9281354228181173, 0.9408495807131663, 0.948671712677101, 0.9610626749435764, 0.9611104584625983, 0.9160668933343886, 0.9542702842802597, 0.8064942368462845, 0.617966755022882, 0.9143227260734537, 0.9313073030501211, 0.7333394648054185, 0.9188625279743153, 0.9403491157657248, 0.8060161439905359, 0.9692543121940257, 0.835407587790829, 0.6194593187347911, 0.6870569370415426, 0.8452916965497931, 0.8348945461284994, 0.8331707174060772, 0.976918098271975, 0.9771602971774083, 0.7130940829690211, 0.6720755496088235, 0.7860047097838628, 0.2946701615917686, 0.7611279541936165, 0.7886823807310934, 0.7849841999372505, 0.7837202917871784, 0.7224087354359146, 0.7220574170712368, 0.6996932474229213, -0.27085390050979735, -0.41672064362974337, 0.6231291052568098, 0.8834571535191753, 0.928117341721041, 0.9380511533418703, 0.9115387842849135, 0.8128968127526637, 0.9079891799831223, 0.9300191966171765, 0.9296693292386605, 0.755032189932556, -0.1242729210261285], [0.9946657961260673, 0.9887311264656946, 0.9929555188431699, 0.9953894354520912, 0.9981060455078904, 0.9897373529560526, 0.9990684384441705, 0.9996620108225773, 0.9998363186838104, 0.9656207253164676, 0.9996522178139085, 0.9996470258810749, 1.0, 0.9996836366674741, 0.9996692059921625, 0.9991156608322576, 0.9989113243406196, 0.9994712600309955, 0.9994640751368364, 0.9996640643881876, 0.9996381516190044, 0.9927800815571493, 0.9772007482344145, 0.9957549380096722, 0.9956448453892579, 0.9837944219054967, 0.976659204170653, 0.9445367675791929, 0.9886036839719428, 0.9923799027033787, 0.9907840487913112, 0.965774713993051, 0.9987613547508023, 0.999070329303607, 0.9992645320755744, 0.9999204410777294, 0.9988163259397808, 0.9990413052988798, 0.9985930045854238, 0.9979390335124046, 0.9987531488643273, 0.998678745462068, 0.9883543672611743, 0.9308984801702009, 0.7175747965505186, 0.9360787635384162, 0.9145572859000272, 0.7823677989801664, 0.9534020612726645, 0.9292368005319256, 0.954400722823077, 0.9487742135037133, 0.9421153431022276, 0.9765731884102021, 0.9748556752435782, 0.9584396092888049, 0.9490775225066174, 0.9614515799352095, 0.9643926141028698, 0.9633100772134373, 0.9626108921953286, 0.8835713845460976, 0.936097838107847, 0.9457953828573988, 0.9455075502587329, 0.8594731615458211, 0.9571562789309555, 0.9345095339005249, 0.9578417807542781, 0.9564621062309088, 0.7232522490569062, 0.8137395600026172, 0.7761952119707689, 0.8318162012405946, 0.864453138626776, 0.8686552485549952, 0.8584343258867118, 0.8587249913252273, 0.2199735636955103, -0.6060933893497433, 0.951991304901729, 0.926243064792063, 0.9270294639961969, 0.9612968157910519, 0.9480438558875948, 0.9598124781916513, 0.9598133937433274, 0.915777310970641, 0.9546020610200702, 0.8132242220568104, 0.6184187409846431, 0.9148713286322039, 0.9319784688535399, 0.7304079079770438, 0.9168864083397225, 0.9386881958719496, 0.806974454062799, 0.9719344379371946, 0.829353827816998, 0.6111986107989288, 0.6824781100739241, 0.8364357141547449, 0.8295314415614343, 0.8250123719728878, 0.9788409782534924, 0.9790419851453088, 0.7038442524308339, 0.6665834471252806, 0.7651839973582969, 0.2943682353933669, 0.7510870656171228, 0.777313934860059, 0.7539269112379705, 0.7726146935027355, 0.7200864113840918, 0.7118108454004631, 0.6897085277329538, -0.2775940217247293, -0.4218608608077305, 0.6227032523937251, 0.8812197007131939, 0.9295345700238036, 0.9334909851107305, 0.9107065024507047, 0.8050248418599415, 0.901634521917649, 0.92292292519053, 0.9232519664870771, 0.7488992691868963, -0.1225205189757882], [0.9953582628523465, 0.9887808425650639, 0.9911813867151873, 0.9958877094880432, 0.9983082472609276, 0.9887065796347727, 0.9990212762267828, 0.9999978562048173, 0.9999899541670833, 0.9664284365743838, 0.9996603234000841, 0.9999976503038298, 0.9996836366674741, 1.0, 0.9999885650177714, 0.9986426482472844, 0.9993320044113769, 0.9998915979669877, 0.9998907858071189, 0.999958683859557, 0.9999923160293671, 0.9909132713447254, 0.9757594507799061, 0.994255486257174, 0.9940995971778028, 0.9838757529614018, 0.974048578905954, 0.9421908158413418, 0.9919305619468717, 0.9946783573673397, 0.9915926070415408, 0.9679452509267421, 0.9994441498890497, 0.9994949701380317, 0.9996236299665536, 0.9997050804191221, 0.9988224271794982, 0.9994186470586905, 0.999179861491524, 0.998570720620498, 0.9995115123009657, 0.9993763907796657, 0.984553591452566, 0.9307532638025714, 0.7211047058893212, 0.9360513098870549, 0.9145866079115575, 0.7824583250150053, 0.9576345666202296, 0.9359666733107298, 0.9592815364858286, 0.9518396342963766, 0.9457176218762985, 0.9799394536489966, 0.9767416336732452, 0.9350341574462283, 0.9493072897434425, 0.9610381888419495, 0.9650440621706912, 0.9633494061950973, 0.9384438673124575, 0.8794805851096072, 0.9386470283797832, 0.9470813257189253, 0.925984471113963, 0.861012227588449, 0.9568923236010011, 0.9228924352311845, 0.9559362820227264, 0.9357606010414332, 0.7190130387512524, 0.8162512915259703, 0.7507177834554758, 0.8337189975100293, 0.8627960720394751, 0.8692451383030689, 0.8499852282315223, 0.8594190422984205, 0.23551513601711294, -0.6114049775981789, 0.9527316386204908, 0.9263217994579418, 0.9279391949414773, 0.9386673486364074, 0.948592082314147, 0.9608798357049765, 0.9609238030626278, 0.9159759633811, 0.9541090626421967, 0.8064843454594816, 0.6177846882069222, 0.9148217095445181, 0.9317032060372443, 0.7329761359964226, 0.9186707245397341, 0.9401890406122067, 0.805722561787572, 0.9694441689687623, 0.835033179864882, 0.6183318294052946, 0.6862542249080706, 0.844878080464441, 0.83452784468907, 0.8328048763132806, 0.9770557925449143, 0.9772944702962413, 0.711972849265841, 0.6710341293595382, 0.7854462926738376, 0.29409208053590197, 0.7604365562401177, 0.7879497189481662, 0.7846118024249749, 0.7829333883559844, 0.7218899347093398, 0.7207693822774112, 0.6984113423035613, -0.2716897085928239, -0.4174552985761933, 0.6228651401829047, 0.8828727333963733, 0.9278709086855573, 0.9376328268891692, 0.9111570231775168, 0.8121623135490212, 0.907696704188664, 0.9295642667545287, 0.9293457286999148, 0.754498192902973, -0.12350013730534398], [0.9954921408887702, 0.9888771855959877, 0.9910981201236317, 0.9960004940749515, 0.9983741709658893, 0.9888294087234312, 0.9987970507987214, 0.9999817453952291, 0.9999964068001906, 0.9659797728507578, 0.9996666308651847, 0.9999844633218752, 0.9996692059921625, 0.9999885650177714, 1.0, 0.9986431374507161, 0.9993698097748852, 0.9998877318830774, 0.999887877416128, 0.9999569457064702, 0.9999778624232625, 0.9908354076190862, 0.9757737168130441, 0.9927419674728654, 0.9927723571355704, 0.9839312362000062, 0.9737857573494916, 0.9421126838176249, 0.9919749332799556, 0.9942743734408925, 0.9914321501837079, 0.9677984624354777, 0.9994831105510532, 0.9994788666035298, 0.9996088054481058, 0.9996955355239999, 0.9988408973327156, 0.999422082431544, 0.9992092864444562, 0.9986235850996641, 0.9995421345512842, 0.9994210735445944, 0.9843586639648856, 0.9307089141155394, 0.7217561477077644, 0.9357862489164803, 0.9144406704051368, 0.7827752751019861, 0.9582159562539061, 0.937011396422632, 0.959916109562808, 0.9519955253458003, 0.9458812089365182, 0.9804110988162026, 0.9769016053078671, 0.9358169070443643, 0.9497070434548702, 0.9614227767814035, 0.9652053955388962, 0.9637429751699377, 0.9397564487281695, 0.8796090418207962, 0.938211268733682, 0.9473734302655861, 0.9267199375115857, 0.8608610666841466, 0.9572795963310559, 0.9235048233347289, 0.9564483287338815, 0.9366685268680838, 0.7187139037567543, 0.8158853082143201, 0.751657149307758, 0.833123891200001, 0.8627346166529495, 0.8686907508255385, 0.8504286982231355, 0.8598178219326951, 0.23478327697756413, -0.6111359087890869, 0.9527649567236677, 0.9265354478542661, 0.9281884312619413, 0.941656871324479, 0.9490728073515945, 0.9610163927488116, 0.9611292770020619, 0.9163128602812438, 0.9544499754458395, 0.8063641926314071, 0.6165809484262842, 0.9143112049004729, 0.931357908024207, 0.7319414544032068, 0.9182267019349165, 0.9396958568199935, 0.8048399229161538, 0.9690648762201234, 0.836000043416942, 0.6180366032275202, 0.68526751976412, 0.8453776959171875, 0.8349203626992465, 0.8335205533563936, 0.976827387430636, 0.9771008752722905, 0.710660057414139, 0.6688446264761758, 0.7865339650264417, 0.29250269194024664, 0.760672242670565, 0.7883368377366871, 0.7858232202625514, 0.7831469284022469, 0.7201769984830482, 0.7185575889118141, 0.6961643632575231, -0.2708686872269379, -0.41671290391293075, 0.6225016831483762, 0.8820185018426583, 0.9284645223585704, 0.9381408992661859, 0.9104226581094327, 0.812304469636762, 0.9087289521739678, 0.9301499584759391, 0.9300363209041638, 0.7543675282511213, -0.12364992591008117], [0.9965791381803808, 0.9935964571358217, 0.9917140223091263, 0.9971017457299435, 0.9986393951913172, 0.9917100188989596, 0.9981560418519143, 0.9964812136380441, 0.9989900433612702, 0.9673441823855582, 0.9994207453029441, 0.9971159770445035, 0.9991156608322576, 0.9986426482472844, 0.9986431374507161, 1.0, 0.9990557595064903, 0.9989853282481939, 0.9989825372207739, 0.9988007491908062, 0.9985366786493822, 0.9923495229658811, 0.9784494153394415, 0.9837602424820554, 0.9901345592348105, 0.9894420830782097, 0.9758524443427153, 0.9493733689867054, 0.992981854679454, 0.993058836846166, 0.9904395959912642, 0.9678272977855776, 0.998792830057249, 0.9987222365699128, 0.9989476626938395, 0.9986611155566453, 0.9993910451313466, 0.9988670654253757, 0.9989124835913504, 0.9984032807415769, 0.9986793053803671, 0.9987436812543764, 0.9834078325917339, 0.9241343742950957, 0.7267359326878465, 0.9294788340536416, 0.9169088840950683, 0.7995304820678469, 0.9612869016829887, 0.9407822155824751, 0.9633662268555654, 0.9517003029350753, 0.9441896915634347, 0.9808273052015294, 0.9762089390976445, 0.9480041335063514, 0.9586011649432544, 0.9680761110831121, 0.9696408946496277, 0.9695575591683153, 0.9509145274840296, 0.8912152722044651, 0.941916506524656