var config = { responsive: true }

var correlationAdjClose = {"data": [{"type": "heatmap", "z": [[1.0, 0.9999928597557969, 0.9835876638160446, 0.9999203066271852, 0.9987978396075184, 0.9887952808467023, 0.9972902088070492, 0.9948414963264147, 0.9951153311279791, 0.980325455837056, 0.9908740062878634, 0.9949978891740378, 0.9941570180999287, 0.9949008484368925, 0.9950540110221212, 0.9962917144374417, 0.9980767128591245, 0.995683275635004, 0.9957004976449063, 0.9957037362765241, 0.994945357798514, 0.9844246798812963, 0.9668595993449909, 0.9867703081951459, 0.9855293448217631, 0.9771888485756073, 0.960527011326372, 0.9389120087488281, 0.9947791472026528, 0.9947070156811381, 0.9918587313894269, 0.975249071646256, 0.9971991233686498, 0.9975270552898069, 0.9968372866111284, 0.9950682198493417, 0.9944542953237188, 0.9973518381959184, 0.997425029809891, 0.9986592094976314, 0.9971335259827823, 0.9971488672389053, 0.975334904233025, 0.9305808533203068, 0.7723706584634112, 0.9092817804552324, 0.9341438162474036, 0.8608255214264532, 0.9724104236482594, 0.9446250145099777, 0.9734870277274108, 0.9694079451261383, 0.9651583833874091, 0.9866769481569462, 0.9829961809129729, 0.9827328977157742, 0.97536673444941, 0.9846931865940697, 0.9819878624763608, 0.9853761359900635, 0.9851250421278283, 0.9622686335426649, 0.9633935600793686, 0.9702315599388435, 0.9699479983327823, 0.9405424563045807, 0.9740326332595719, 0.9723331876414946, 0.9807456288782526, 0.9797651960033122, 0.932820298384464, 0.8489575643330664, 0.8173635749479345, 0.8678152019993042, 0.8970362167468617, 0.8906530465032738, 0.8959165113277352, 0.8946800930405786, 0.5997648263763073, -0.5118347488950743, 0.9741066862366843, 0.9629870999655341, 0.9594733134314726, 0.9837053808977173, 0.9388709367253245, 0.979654564892555, 0.9796143844544973, 0.940176421240227, 0.9800782669220017, 0.9453192811712837, 0.5792270077430705, 0.8266177000709032, 0.9100622875892991, 0.1663806734110013, 0.912157780435631, 0.9346451943111569, 0.8011497718126965, 0.9531743089017132, 0.895870406278225, 0.680927749480808, 0.47156935938046585, 0.8914042664711951, 0.8597669222254707, 0.887212378328098, 0.9649014108282076, 0.9652220254344133, 0.7375119306456386, 0.6949019835996839, 0.8294229446276553, 0.3233136479168109, 0.7946431444648567, 0.8335607662193047, 0.8199614384430879, 0.8183951340492699, 0.7255296769217443, 0.7341184568984964, 0.7133015714298803, -0.21920241832152546, -0.3516500730158801, 0.604393641925519, 0.9009540522131597, 0.9477287745133435, 0.950784409108625, 0.9191050875915727, 0.8270719576091299, 0.9187385559555932, 0.9412779683126115, 0.9410419560358314, 0.8770165466416969], [0.9999928597557969, 1.0, 0.979380892986168, 0.9997435550989378, 0.9970712666929088, 0.9894795339762336, 0.9920967506181759, 0.9867262286705742, 0.9867835203852995, 0.9662188657068052, 0.9895707104726792, 0.987041355150148, 0.9868165587033537, 0.9868741952998673, 0.9869849195953316, 0.9925493805204251, 0.9948097407687172, 0.9907671203865409, 0.9907690060966646, 0.9868694131876278, 0.9869413548407261, 0.9869372295343878, 0.9595087605844235, 0.9816266467149577, 0.9810977414867165, 0.9770385147303682, 0.9694990354882439, 0.9053664007508789, 0.9881624853834755, 0.9827719631250236, 0.9770553441137668, 0.9127064012894993, 0.9940725217677092, 0.9938450579936343, 0.9941806085948546, 0.9884691183297866, 0.9934539502626544, 0.9941454340411444, 0.9945201907077037, 0.9965449766007899, 0.9941935892740635, 0.9942047071064524, 0.9836554821322224, 0.9303021199876645, 0.6726453617272354, 0.9094708746428671, 0.9352911228883335, 0.8609456482885617, 0.8985970866088686, 0.9165128232744657, 0.9024156019484135, 0.9125604773610426, 0.8976230103410404, 0.9581162509195691, 0.9579857739816338, 0.9705022920800613, 0.9752470397757803, 0.9671818239491358, 0.967164742432448, 0.9704860588076034, 0.9703933488484326, 0.9247269496156091, 0.9333345478559872, 0.8935635489912084, 0.893517884450874, 0.772991455698425, 0.9648859891931578, 0.9675613058298609, 0.9679534108183264, 0.9673893929152183, 0.9213136166850442, 0.6039983633051185, 0.5421821891217763, 0.7077690904239531, 0.8102317922038458, 0.7277862970491293, 0.7726484285282231, 0.7709522857680913, 0.530740570636616, -0.2530403898808538, 0.947868493475954, 0.956940803781985, 0.9475238993395442, 0.9717078506371714, 0.8972666095812879, 0.953559204008113, 0.9523712810874805, 0.8821099938202327, 0.9574190839511433, 0.8895941157012818, 0.35211004911053767, 0.8260881416437575, 0.8314576341310471, -0.19488916106018747, 0.5622452992844758, 0.6810658111256008, 0.6056307102313737, 0.9485550252219453, 0.6289003810010665, -0.1621425999359357, -0.09632975955825875, 0.5955728087953627, 0.604878942135136, 0.6512795506615218, 0.9506706876294277, 0.9504525403851503, -0.11936288203484807, 0.10366986784488233, -0.03941171540270193, -0.06999871574490721, -0.043025893727060845, -0.02720735870567068, -0.057626285631019375, -0.09401767057293837, 0.25724298348023317, 0.022312491035260194, -0.022374966252308778, -0.4547116203463135, -0.48097035477699074, 0.6048728984360457, 0.7412036150765273, 0.7617384953489498, 0.8249480194131696, 0.8179279393103407, 0.5160588783301558, 0.7262376263485819, 0.7616950975567575, 0.7602389145798492, 0.41783074979049284], [0.9835876638160446, 0.979380892986168, 1.0, 0.9850597283812573, 0.9920727989770812, 0.9889497305044405, 0.990495475469195, 0.9907490128445323, 0.994113025935013, 0.9530208984950704, 0.9965413837052997, 0.9906600982230529, 0.9926396490118294, 0.9908183762515509, 0.9907154378502034, 0.9912755879674401, 0.989215862429859, 0.9892251164192052, 0.9891891888034349, 0.9926018255731839, 0.9906774707102836, 0.9928972677921375, 0.9774331397007081, 0.9900457813447909, 0.9904038476905527, 0.9747917151336132, 0.9801683083044537, 0.943346346521406, 0.9738636552164334, 0.9768091364661311, 0.9786329759909453, 0.9504811502685787, 0.9876751558208525, 0.9908190191306675, 0.9889905397475736, 0.9928840300150065, 0.9941243922273019, 0.9918063160592832, 0.9870127587116454, 0.986992858885886, 0.9879483873296682, 0.987293617900815, 0.9896388371659179, 0.929794111240119, 0.7149731507057446, 0.9350834645706123, 0.9159514133651152, 0.7599540045500688, 0.9333125238594091, 0.899325995498736, 0.9344214346809893, 0.9293041347119415, 0.9228667037437606, 0.9538564171822813, 0.9605913743774362, 0.9253601262039289, 0.9403664375068631, 0.9490062900434615, 0.9539935714490306, 0.9497732215239915, 0.9238806617152868, 0.8837020694442713, 0.9166575965762164, 0.9202789718599956, 0.904563791409273, 0.8514124752724459, 0.9542016328678451, 0.9302122033601665, 0.949422293431039, 0.9271693401338545, 0.7414670207580059, 0.7831444901539905, 0.7239396335642416, 0.8036513235215802, 0.8529703130850061, 0.8489060694641923, 0.8238213296138679, 0.8372287841974516, 0.27284503263383675, -0.5181222126402186, 0.9383909646520306, 0.9036221431629076, 0.9105597138284646, 0.926003237146342, 0.8998185791683465, 0.9449318090067764, 0.9446187634427724, 0.8995820484571009, 0.9420928541644261, 0.8172665533407066, 0.5465588799175649, 0.9184331430113413, 0.9281047093970315, 0.09328323712839845, 0.8888286078828511, 0.9145981848644512, 0.7858982945120573, 0.9753134860347952, 0.777934443353473, 0.5905267937288716, 0.3923333026478636, 0.7837144954788868, 0.7835370900381061, 0.7719749039197049, 0.9794591562112612, 0.9795514309292331, 0.6534631926455773, 0.6248872748680351, 0.7162830913861157, 0.247800991895203, 0.6873605088671497, 0.7121421498641444, 0.7284209485182334, 0.7089034104905809, 0.6739268846152557, 0.6555554413930814, 0.6326060319648247, -0.2988155034052048, -0.43035490911672475, 0.5500619170295745, 0.8585494282397633, 0.8979160628892734, 0.8979155828269537, 0.8906438211971478, 0.7544018921572224, 0.8718822461026401, 0.8863057456632227, 0.8955291613660568, 0.7404977294349362], [0.9999203066271852, 0.9997435550989378, 0.9850597283812573, 1.0, 0.999122695047888, 0.9896508461999199, 0.9976853600797633, 0.9954126366162761, 0.9958088616431906, 0.9802002327352524, 0.9926659814333562, 0.9955519322080085, 0.9949254048767622, 0.9954702728409575, 0.9955980555574514, 0.9968308660066921, 0.998435872089461, 0.9961809119644376, 0.9961952188360162, 0.9963045062181269, 0.9955014022405754, 0.9857651827389152, 0.9682578590364039, 0.9879490408761632, 0.9868172679849735, 0.9803255803008573, 0.9627489908649638, 0.9402309379718312, 0.9943841515162422, 0.9944658045156797, 0.9921078245872954, 0.9750950691557925, 0.9974040617497015, 0.9979049235475356, 0.997200960120606, 0.9956940138195136, 0.9955431484275062, 0.9977706802306756, 0.9975733366571667, 0.9988297795191116, 0.9973279945044508, 0.9973398878690679, 0.9771844705052664, 0.926629736693245, 0.7662313434928458, 0.9102142029772619, 0.930893702594079, 0.8503143150804403, 0.9696575636849699, 0.9412053586707938, 0.9706159382103888, 0.9668815722129468, 0.9624995433104608, 0.9846635553589586, 0.9815305555680276, 0.9806779407423991, 0.972929339296308, 0.9828805172668382, 0.980825276456338, 0.9834830083034249, 0.9832307313648312, 0.9464076814873111, 0.961456339989038, 0.9684446857042722, 0.9681664109883198, 0.933226109066373, 0.9729409701562076, 0.9680020904787802, 0.9786094519871792, 0.9775860726630485, 0.8999776533530431, 0.8466538891303205, 0.8121702986168949, 0.8651530107754083, 0.8930258564717786, 0.8895941378676827, 0.8925608574460958, 0.8914110470228793, 0.4921600038608371, -0.512147552413576, 0.972578663642447, 0.959882533800626, 0.956678117613118, 0.9816564703927816, 0.9371633385255489, 0.9783300524968495, 0.9782953623899853, 0.938563974452253, 0.9780373748324757, 0.9216876219007967, 0.5852670952267517, 0.8373120338640835, 0.9146720455284305, 0.16686224830298368, 0.9138937343679383, 0.9361372265776516, 0.8016055959323052, 0.954728353026587, 0.8898020878047274, 0.6782520143303993, 0.469264827190945, 0.886446286930421, 0.8563597805984575, 0.8819080545358047, 0.9660503468761857, 0.9663767242650451, 0.736848817294602, 0.6954792259898677, 0.8215730288827414, 0.32574313818195944, 0.7892262855590256, 0.8254235340553134, 0.811900843125598, 0.8132686162660926, 0.7288029324939773, 0.7344769236824351, 0.7137205499046085, -0.21453827870249595, -0.3508050977017127, 0.6021067743261604, 0.899253140278608, 0.9461621282896157, 0.9492400727926561, 0.9182371786484732, 0.8243902999513545, 0.916964269163172, 0.9392805669781807, 0.9392027828633075, 0.8693093988066698], [0.9987978396075184, 0.9970712666929088, 0.9920727989770812, 0.999122695047888, 1.0, 0.9921783188523602, 0.999069321938761, 0.9981220697416924, 0.9981744180284008, 0.9730884847123739, 0.9973442592960771, 0.9981823189681212, 0.9978998048954252, 0.9981598499014551, 0.9982256142850016, 0.9984793525409775, 0.9991477101635073, 0.9985989474311433, 0.9986021755962462, 0.9982654843748574, 0.9981627390754056, 0.9930721501709427, 0.9764464332799119, 0.9930536565573496, 0.9929343756450173, 0.9847604910992898, 0.9779213257688512, 0.944134592811138, 0.9911212867842097, 0.9929962953636835, 0.9904715952346022, 0.966123435894723, 0.9990020402853844, 0.999019578896109, 0.9990014041535328, 0.9983019549413383, 0.9986223532940488, 0.9990969622957375, 0.9991645873088745, 0.9991081208379615, 0.9989836048041102, 0.9989865803749506, 0.9880178646080149, 0.9368716484328277, 0.7429888541553304, 0.9276562220736967, 0.9328314667473155, 0.8286767913598347, 0.9553000015918467, 0.9263327708917743, 0.9587639486496058, 0.958403488922739, 0.9541515151750447, 0.9806813320613694, 0.980623245180645, 0.9756905890454729, 0.9653661091898297, 0.9766057868390897, 0.9753446182081746, 0.9769242630359354, 0.9766031850293124, 0.947533733382565, 0.9493115439500067, 0.9462937307742709, 0.9459269818726951, 0.894227551049576, 0.9689142144767572, 0.9656090983314813, 0.9728303234925295, 0.9717407342101628, 0.9254917392982629, 0.818634371334748, 0.7686818191364224, 0.84466273319516, 0.8932037295927524, 0.8725887796483326, 0.8822131241637371, 0.8810809299838478, 0.6483618647974277, -0.5835309583410745, 0.9638057649069156, 0.944567519765452, 0.9432946728727992, 0.977019328382875, 0.9162145867511736, 0.9691132182979835, 0.9685793991038616, 0.9249036360184062, 0.9714569807334709, 0.9299057393074828, 0.569205637900912, 0.8664821960965415, 0.9362591597007249, 0.060386343491522124, 0.8867443946767707, 0.9164866300221072, 0.7946109938284225, 0.9610708723857098, 0.8753216157171839, 0.536536891936959, 0.34600492986880926, 0.8620376703624021, 0.8104363813183689, 0.8627040300587477, 0.9708165651227723, 0.9710721176010814, 0.6874356974919524, 0.67390850864973, 0.7322914821202926, 0.29738207297326236, 0.66355211745629, 0.738224029849776, 0.7134638131954228, 0.6944145434235184, 0.7101553362471954, 0.715274901887299, 0.693441087663794, -0.44687527950092226, -0.5196164117807192, 0.5871801309936238, 0.8912682591949035, 0.9291353654668036, 0.9393373475392961, 0.9141440761346369, 0.7976401385985803, 0.8965986456472292, 0.9223183969259627, 0.9217642410212035, 0.8022804238485155], [0.9887952808467023, 0.9894795339762336, 0.9889497305044405, 0.9896508461999199, 0.9921783188523602, 1.0, 0.9893277252054665, 0.9888781256258228, 0.9881529090276399, 0.9672663189378126, 0.9770623953951315, 0.9888605614980542, 0.9898683358869874, 0.9889457380152175, 0.9890281974493902, 0.9918979459295852, 0.9902351116242916, 0.9898606859691449, 0.9898274094636901, 0.9876129878181276, 0.9888697588212843, 0.9962950982430752, 0.9911963518007799, 0.9882219305571801, 0.9878217150742427, 0.9616854681340394, 0.9832311688032661, 0.9648443660782146, 0.9756673367301417, 0.9785981354026732, 0.9877738285838044, 0.9758959474285306, 0.9893699074698963, 0.9894389501776326, 0.990302305811619, 0.9899468970835186, 0.980867561335683, 0.990082175615029, 0.9896824099882718, 0.9898134174379954, 0.9894672484451369, 0.9894342432318337, 0.9939207893409228, 0.8898018774383931, 0.7540434366406061, 0.8813475294947282, 0.9316777244697121, 0.8605301787440547, 0.9447433734088267, 0.9147308000483789, 0.9462260137635897, 0.9522169821245595, 0.9436297191744083, 0.9658100177437705, 0.9702397246660622, 0.9646796778146216, 0.97600655801802, 0.966233767613616, 0.9779382527521051, 0.9662357920523856, 0.9656447337237987, 0.9628708872205689, 0.9551686234293062, 0.9425818298239791, 0.9421266436770808, 0.926261988252917, 0.9745528074205875, 0.9664102701874762, 0.9654519044445252, 0.9636278418671702, 0.9422092111293318, 0.846814562784019, 0.7987498264781911, 0.8670504932139076, 0.8875440854395865, 0.8945195484189863, 0.8789838342848275, 0.8771521145486136, 0.6183607506868595, -0.4825523013694006, 0.9709527757783682, 0.9638785793496624, 0.960799957613042, 0.9659510334089052, 0.9376760518104962, 0.9720191256568941, 0.9717132970049136, 0.9477129513874963, 0.9614423216216959, 0.9478135349930389, 0.5833701627116029, 0.7910138669935833, 0.9294489219297608, 0.17154216159635036, 0.9006570431520653, 0.9216498698353127, 0.7988149271011868, 0.9501510907706999, 0.8488656585605369, 0.6349528185457035, 0.45143203104722845, 0.8459584482874779, 0.8189656050594456, 0.8423341197801973, 0.9527118239848543, 0.9528835636370403, 0.7027184753599288, 0.6775960058731254, 0.7692907778718567, 0.3272133334365864, 0.7443012254908514, 0.7749237044501727, 0.7605564744521187, 0.7634114874699276, 0.7165392642732663, 0.7076760115578187, 0.6890131063118954, -0.24546588740384578, -0.3693472202519881, 0.6394867030195021, 0.8909827113700179, 0.9091182183597769, 0.915931631328065, 0.903061100720222, 0.8028167139945618, 0.8772929489051444, 0.9009215214837413, 0.9008044680053833, 0.8483499999756371], [0.9972902088070492, 0.9920967506181759, 0.990495475469195, 0.9976853600797633, 0.999069321938761, 0.9893277252054665, 1.0, 0.9969736716998038, 0.9995120144848934, 0.9711518400704988, 0.999388692680618, 0.9979931232502091, 0.9990408680270677, 0.9989429321803963, 0.9986967354044279, 0.998009573468513, 0.9998452482937569, 0.9991982909303964, 0.9992042826420132, 0.9996307494452638, 0.999165348965583, 0.990369733567177, 0.9728335652372018, 0.9831542177477538, 0.9919375311255633, 0.9835320307451445, 0.969658542192276, 0.9386232676703682, 0.9926080039898222, 0.9916465167851493, 0.9930076176547485, 0.9710740502550298, 0.9987335335066446, 0.9998004847321116, 0.9995903233312643, 0.9993563825683104, 0.9996036747869395, 0.9998332854134229, 0.9977376580415355, 0.99954917663476, 0.9992150342909258, 0.9987922669754341, 0.983005729925276, 0.9380610727754815, 0.7542306964386135, 0.9342839733881909, 0.932961987602888, 0.8132950336763805, 0.9621670006432342, 0.939995862615469, 0.9630423051353313, 0.9608695483612336, 0.9571245527302584, 0.9822328778766221, 0.9800193993922636, 0.9353165764093399, 0.9511403561951548, 0.9658093084438452, 0.9662848470013525, 0.9678082125821968, 0.9360092177389102, 0.8792470217034395, 0.9382065759869747, 0.9522662726297166, 0.9289253939015691, 0.8664334052949915, 0.9576122342330803, 0.9233069645129783, 0.9589584691853644, 0.9354052769200307, 0.7061813427898781, 0.8126786144903652, 0.7461226868194603, 0.8294547127380841, 0.8602860321380792, 0.8634626040085625, 0.8451345756007134, 0.8575447240378014, 0.2273039591217143, -0.5487692168617516, 0.9535202998813809, 0.926696777976554, 0.9276042728112343, 0.9381374363924261, 0.9159528678160352, 0.9626853452346326, 0.9627780918158464, 0.9156857826180425, 0.9587187597983282, 0.8026811673478282, 0.5676045379599022, 0.8725596870760443, 0.9138869337730602, 0.14655710997603177, 0.9115509992609071, 0.935027407675265, 0.7949099687947994, 0.9616509254585174, 0.8301230090625735, 0.6632645685336203, 0.4510756574005268, 0.8416605317048995, 0.833522929913583, 0.8269206293069308, 0.9716905280617725, 0.9720297110935714, 0.7207182552011413, 0.6689154198143298, 0.7852538068758924, 0.2918643659872003, 0.7644873394059986, 0.7936782163192319, 0.7851751369713044, 0.7902984224586225, 0.7055073300179808, 0.7191379859121743, 0.6964744084871487, -0.23588391659019992, -0.37925867547117637, 0.607573942222473, 0.8909380987842727, 0.9313535336594133, 0.9462105177477835, 0.9160262624966191, 0.8212861107375169, 0.9155207407459168, 0.9378857220633748, 0.9372341288426532, 0.7739984602000768], [0.9948414963264147, 0.9867262286705742, 0.9907490128445323, 0.9954126366162761, 0.9981220697416924, 0.9888781256258228, 0.9969736716998038, 1.0, 0.9999831595174126, 0.9648679301881926, 0.9995884389497947, 0.9999968522550803, 0.9996398855478071, 0.9999976699722506, 0.9999803582569622, 0.9961886968305648, 0.9990177637989586, 0.9998773102437434, 0.9998771546348856, 0.9999528226253629, 0.9999941825038552, 0.9905579426249025, 0.9737601757925988, 0.9911534957205054, 0.992406908130574, 0.9796862308288203, 0.9718473843025304, 0.9370778194269405, 0.9889809290797342, 0.9944659910807647, 0.9918067366518812, 0.9677920277478873, 0.9994232756024284, 0.9994672174091396, 0.9996086732453945, 0.9996567486595437, 0.9986101504803342, 0.9993641151950508, 0.9990807053442142, 0.9982603796859957, 0.999494123598764, 0.9993521969615032, 0.9842847090136423, 0.9399446307032896, 0.7414919987304769, 0.9439622271145026, 0.9324203361343183, 0.7910787563031839, 0.9611166123282098, 0.935100854510022, 0.9616426303439456, 0.9545881170210506, 0.95095823100397, 0.9804314991869187, 0.9768353231730015, 0.9289590307577632, 0.9431585849974382, 0.9568030346643971, 0.9612429227006025, 0.9593792034021019, 0.9338746987860672, 0.8662112369529742, 0.931024140703717, 0.9437497151753556, 0.922574533557422, 0.8494950784177053, 0.9527910950648447, 0.9146224655396529, 0.9512584169592, 0.929392651721483, 0.6863519084596315, 0.8014326085063261, 0.7409528828880094, 0.8180303853769725, 0.8501897510198986, 0.8564232434969832, 0.8394624072699756, 0.8485411398125715, 0.20455420757277826, -0.5563997047488723, 0.9469051660913446, 0.9136825012806881, 0.9171403599910352, 0.9356910926442172, 0.9069231834475904, 0.9563671495173771, 0.9564790977669366, 0.9066515250116302, 0.9491985276266852, 0.784977663166881, 0.560886719063287, 0.8976253627901174, 0.9273988530080536, 0.13242551972827382, 0.9101196685690139, 0.9340495703649392, 0.7918957631583462, 0.9666410943433924, 0.8347884890714512, 0.6497702324716045, 0.43768657734299454, 0.8436935205738095, 0.8307578396083642, 0.8311971862740002, 0.9748653467932331, 0.9751967932818549, 0.7103681040329825, 0.6592692837535186, 0.7880854565691572, 0.2754854308207888, 0.759608814121237, 0.7898576576628604, 0.787263753186602, 0.7851976280813648, 0.697022670275599, 0.7123759599987195, 0.6889433879667852, -0.25393471981430965, -0.39641810079299455, 0.5858646826644835, 0.8820411764017593, 0.9294517435292113, 0.9385103339526712, 0.9094031137914745, 0.809426490962075, 0.909104984830866, 0.9316943141271635, 0.9313131822395337, 0.7528112515500964], [0.9951153311279791, 0.9867835203852995, 0.994113025935013, 0.9958088616431906, 0.9981744180284008, 0.9881529090276399, 0.9995120144848934, 0.9999831595174126, 1.0, 0.9641637740635279, 0.999586728641319, 0.9999809962416056, 0.9998213473513671, 0.9999894359020777, 0.9999964692868425, 0.9989143863163381, 0.9989949229912327, 0.9998057045546829, 0.9998049896439114, 0.9999653071044501, 0.9999818428726301, 0.9932909022213158, 0.9749501966113842, 0.9944967113514588, 0.9946651458473733, 0.9797306074467066, 0.9761143490803583, 0.9384226799221727, 0.9894996491872435, 0.9934754344280792, 0.9888850471925806, 0.9632399729368966, 0.9993314923343224, 0.9994109697362028, 0.9994057811274649, 0.9998227057198463, 0.9986268619068047, 0.9993612652235556, 0.9992997361975845, 0.9982205603279848, 0.9993234969842508, 0.9993182449920045, 0.9885377013643958, 0.9401648714162661, 0.7425483673659891, 0.9445704998891191, 0.933589521808504, 0.7913702174286072, 0.950200454266805, 0.9210369192173724, 0.9532224175543057, 0.9521744606370162, 0.9485826670646308, 0.9775975094852465, 0.9770269858702543, 0.9632547413441077, 0.9436502088088133, 0.9641066638709687, 0.9612723540320289, 0.9645289066951742, 0.9641368302454558, 0.9327559480172863, 0.9302394329342079, 0.9340706337851323, 0.9336729574384677, 0.880833698402491, 0.9531185780957678, 0.9545538338632784, 0.9609575660126967, 0.9595793091079807, 0.9103540425941321, 0.800652800699601, 0.7445281805456346, 0.8173403076443041, 0.8716376789726815, 0.8543301282593607, 0.8625773251658488, 0.8615488284487748, 0.5894484966082192, -0.6199454278748219, 0.9467945935066572, 0.9137257793429849, 0.9172077117473856, 0.9648281117344517, 0.8970635775084412, 0.9557685327044884, 0.9551718427420897, 0.9074376774721972, 0.9583929413846355, 0.9127616561037155, 0.558739640781439, 0.897436411076236, 0.944141680757345, 0.07029819777560391, 0.8941413497287254, 0.9229677301294358, 0.7909244227095824, 0.9651562468142999, 0.8818534668178207, 0.5606667091353806, 0.3675076923530812, 0.869166609252162, 0.8187542891305502, 0.8705741811593485, 0.9747832236537324, 0.9750720065819551, 0.7082326715696052, 0.6561881085615681, 0.7483362111348589, 0.27303146053957983, 0.6816501106039734, 0.7537861755709903, 0.7310694540285828, 0.7126049857418263, 0.6941289262231338, 0.7089278826089708, 0.6854521891097289, -0.49839721845737234, -0.5730939633453448, 0.5861049944249214, 0.8809280513111106, 0.9277285768204716, 0.9391527068931333, 0.9083859837844082, 0.803981655704452, 0.8964077758401838, 0.9210009126790931, 0.920423609452484, 0.8106125071817507], [0.980325455837056, 0.9662188657068052, 0.9530208984950704, 0.9802002327352524, 0.9730884847123739, 0.9672663189378126, 0.9711518400704988, 0.9648679301881926, 0.9641637740635279, 1.0, 0.9474215865729114, 0.9652613135658663, 0.9641226491245265, 0.9649852012318961, 0.9645339821520117, 0.9664156409139311, 0.9755595763414519, 0.9699151607970555, 0.9699213152925895, 0.9650413799953231, 0.9651216239210169, 0.9645784844005839, 0.9498292606847037, 0.9721115205354209, 0.9699633961871172, 0.8775484103316072, 0.9679697649591925, 0.9482922980236497, 0.9742251199595032, 0.9680519752865584, 0.9677801200470479, 0.9317040066246847, 0.9736469047279308, 0.9732003815210247, 0.9737086247933493, 0.9652135045221291, 0.9558090380141004, 0.972687788598159, 0.9735291068185189, 0.9776412531310764, 0.9738465600648382, 0.9738646919124995, 0.9552802272321785, 0.8387421616775463, 0.56424953202452, 0.7752514387731195, 0.8983477973473895, 0.8828112704327923, 0.9023263298706451, 0.8172173929307583, 0.906801382740558, 0.91403689680511, 0.9041408171559304, 0.9280021027915346, 0.9278454456260898, 0.9458628526151539, 0.9375300928432279, 0.9560085669434047, 0.9497108522147099, 0.9542253026512826, 0.9542527623334661, 0.913676809695856, 0.9511929091681384, 0.9332810338688043, 0.9329321165260086, 0.8472056646513854, 0.9377672363746549, 0.9463724634289367, 0.9391370931035503, 0.9381778399144707, 0.8894570053510955, 0.8088729677073015, 0.7635166933219641, 0.854164743290536, 0.9091446036711149, 0.8785561675009536, 0.8938745572439986, 0.8931087660651329, 0.6929659349679457, -0.2930460136076289, 0.9531777007306914, 0.9558814703753304, 0.9461620732910716, 0.9478276955601682, 0.9005309438830632, 0.9546179980381801, 0.9544466782883204, 0.8987736698226293, 0.9571236725496317, 0.905061386836549, 0.6854632934371553, 0.6418181520547607, 0.8619931848494049, 0.10585221109903421, 0.8452050024939175, 0.8862666853864276, 0.8683643468688249, 0.9493286974163156, 0.9030982143855227, 0.4699028501616925, 0.39704852418770953, 0.8954334382528715, 0.869695619466356, 0.9014625382841194, 0.9498985332396539, 0.9502331397354541, 0.5352110959809809, 0.6967889942945571, 0.6113715326630363, 0.4808196823512213, 0.568957786954908, 0.6261773730367788, 0.5868578137595136, 0.5645023913941001, 0.7946642555689344, 0.6712172713289201, 0.6357652325243169, -0.26435717639999423, -0.30821003557227905, 0.7364603972661338, 0.915253071290801, 0.9211644616951423, 0.9066356279581979, 0.940043664522011, 0.645031426197651, 0.8356094383400138, 0.9069937901010119, 0.906092567500472, 0.6908252713594253], [0.9908740062878634, 0.9895707104726792, 0.9965413837052997, 0.9926659814333562, 0.9973442592960771, 0.9770623953951315, 0.999388692680618, 0.9995884389497947, 0.999586728641319, 0.9474215865729114, 1.0, 0.9996240439195453, 0.9995976528610826, 0.9996063393998793, 0.9996151920965827, 0.9993259766332615, 0.9984986449604647, 0.9999482118529416, 0.9999486632635698, 0.9996050505759733, 0.9996160729179391, 0.9891084391158403, 0.9537224231279896, 0.9897641536486226, 0.9910346196806524, 0.9852804094700846, 0.9667058944467405, 0.8884414963000329, 0.9880447931198961, 0.9918317034358006, 0.9715364551197277, 0.8926735969711874, 0.9990866752395887, 0.9991585258368835, 0.9990767910500606, 0.9994220992047262, 0.9993509167804663, 0.9990920792273718, 0.9989396069217036, 0.997027380790387, 0.9990522227669277, 0.9990488093710505, 0.9882055016369402, 0.9339431723021657, 0.6223879760449441, 0.9392550834271921, 0.9328999805538375, 0.7965747717092113, 0.8740202862004859, 0.8907724397461156, 0.8796266132361226, 0.8831973771939247, 0.8709453870947891, 0.9507111061575136, 0.950616863120616, 0.9430863360819379, 0.9456765951276707, 0.9323960285868456, 0.9353208524529117, 0.9377658045926538, 0.9375493110549734, 0.8790304446382349, 0.8910938994194003, 0.8433438968787194, 0.8432086178908422, 0.7052628689867944, 0.9388322823947888, 0.9426663437917556, 0.9430851953549364, 0.9424183566186835, 0.8829181261519979, 0.545662509801261, 0.4793544292553009, 0.6490335807019187, 0.7602372858056986, 0.6765204275861938, 0.7224661093686038, 0.7214997880555163, 0.4648678123198033, -0.386771647979567, 0.9056608085403812, 0.9182058292320266, 0.9052744911502404, 0.9449421838771798, 0.8436888854183562, 0.9128602767237308, 0.9113308875782171, 0.8281005089633381, 0.9182397146350332, 0.8374682858267674, 0.4217462014366086, 0.8925054577626172, 0.8930191575596362, -0.1719477614551486, 0.6189975152097601, 0.7243264506917845, 0.6213453773773234, 0.9671177286490142, 0.6428826676084354, -0.11284183109548368, -0.06975222213539942, 0.6145470222022752, 0.620176062103842, 0.6624392006694845, 0.9687889406173017, 0.9688359817639709, -0.05556245534613885, 0.1600684261818304, 0.026351568875095446, -0.005669045073489841, 0.02007561253108885, 0.038849987474894807, 0.006999657372939441, -0.03670449975429213, 0.32358930056284246, 0.07078617207229299, 0.021833369452446863, -0.5269685202748496, -0.5532838408651509, 0.5861982905358752, 0.730315430006973, 0.7521924041442117, 0.8180891057531546, 0.8154657844018977, 0.49166079018128833, 0.7120835575821218, 0.7514140053898056, 0.7500496891224074, 0.40238101148987976], [0.9949978891740378, 0.987041355150148, 0.9906600982230529, 0.9955519322080085, 0.9981823189681212, 0.9888605614980542, 0.9979931232502091, 0.9999968522550803, 0.9999809962416056, 0.9652613135658663, 0.9996240439195453, 1.0, 0.9996270761676269, 0.9999976044252286, 0.9999835863844109, 0.9968639759259725, 0.9990815499743982, 0.9998895546419692, 0.9998894929177714, 0.9999608363874931, 0.9999946855372319, 0.9904749588801025, 0.9736410291059917, 0.9918078565821444, 0.9923770783776624, 0.9799437200249226, 0.9716917329707216, 0.9371084819267452, 0.9898538740016236, 0.9945038343611352, 0.9918601975242648, 0.9679082581731735, 0.9994633753918993, 0.9995106657410292, 0.999642029372445, 0.9996596869692121, 0.9987083491684343, 0.9994105170348494, 0.9991172784069077, 0.9983490966057568, 0.9995358154317489, 0.9993929984716757, 0.9841123363081706, 0.9401131826533604, 0.7421192458148956, 0.9437058098725046, 0.9325179210573317, 0.7922185665289134, 0.9613946915427192, 0.9354978390577898, 0.9619301822133228, 0.954921451547439, 0.9513018712065013, 0.980648412611903, 0.9769969350016302, 0.9293300927351736, 0.9435206934370788, 0.9571879700334396, 0.9614820356664224, 0.9597533998439054, 0.9341709769711609, 0.8665487554535629, 0.9314041521537558, 0.944215431380032, 0.9230333500478154, 0.8500322359583763, 0.9529961088009374, 0.9149397682206964, 0.9515740256595958, 0.9297490720817656, 0.6866474287841733, 0.8020166532502067, 0.7415433293697147, 0.818613211075802, 0.8506354763185333, 0.8567821490825294, 0.8399414037025491, 0.8490521409365217, 0.20502000753592042, -0.5561646490639871, 0.9472292660155766, 0.9143389497497018, 0.9176445640116967, 0.9359733100152913, 0.9073221366607221, 0.956679537597586, 0.9567905052851272, 0.9070214968864804, 0.949607595571601, 0.7853897560024209, 0.5612853933462046, 0.8965466602113092, 0.9268642771421639, 0.13311521835445092, 0.91023996219229, 0.9341563301157989, 0.7922125532137846, 0.9664830749201421, 0.8351942487399872, 0.6506850453729238, 0.4385671123855233, 0.8441274186505457, 0.8312799292309918, 0.8315914210750652, 0.9747988270062747, 0.9751310616574647, 0.7110199607435306, 0.6599230722385143, 0.7886120714827324, 0.27645338247400825, 0.7602754672146296, 0.7904974924666612, 0.7877949080827125, 0.7858676770933569, 0.6975025648725711, 0.7128362421483122, 0.6894382338614857, -0.25284634156375463, -0.3954255347301104, 0.5865802932474262, 0.8825360449458173, 0.9298271462694278, 0.9389856049545675, 0.9098352084322981, 0.8099602687409124, 0.9096201605047811, 0.9321959590933133, 0.9318004015360563, 0.7534621695174765], [0.9941570180999287, 0.9868165587033537, 0.9926396490118294, 0.9949254048767622, 0.9978998048954252, 0.9898683358869874, 0.9990408680270677, 0.9996398855478071, 0.9998213473513671, 0.9641226491245265, 0.9995976528610826, 0.9996270761676269, 1.0, 0.9996637432713392, 0.9996465195507971, 0.9990281354476996, 0.9985313969234055, 0.999431612910435, 0.9994252159689541, 0.999641484853912, 0.9996164275337549, 0.9924899861348813, 0.9753314272854694, 0.9953216429008955, 0.9952081913168848, 0.9797341827598935, 0.9746159017543803, 0.9398413880623211, 0.9890808418539175, 0.9925172783865925, 0.9909890430135199, 0.9655490467036868, 0.9987405225154108, 0.9990415993190798, 0.9992363654938103, 0.9999243085004488, 0.9986468047784403, 0.998986753481216, 0.9985437716235228, 0.9975680776367518, 0.9987296725240002, 0.9986526585793228, 0.9880733095617129, 0.9401226923056623, 0.7385107175287587, 0.9439239749041315, 0.9324950231637426, 0.7914944397971497, 0.9579684687436164, 0.9283620224811657, 0.9587574851156467, 0.9516467878747367, 0.9475108297502395, 0.9771336002904059, 0.9749570589564109, 0.9540609460483601, 0.9430981415287298, 0.9573835886186117, 0.9603768852589396, 0.9594563366738819, 0.9587551535806935, 0.8706514558884406, 0.9279313936545487, 0.9424228635452531, 0.9422298029597408, 0.8478504830901206, 0.9530734883487566, 0.9277594457954857, 0.9534589493221761, 0.9519427915355485, 0.6905988373033131, 0.7986132967870972, 0.7630810147079559, 0.8158754887070292, 0.8521250484640969, 0.8556387723881035, 0.847754522838715, 0.84801694569408, 0.1884097685897292, -0.5507463890807511, 0.9459759457818488, 0.9139320713724882, 0.9162817542149977, 0.9572574963352057, 0.9068282510840521, 0.9551326110480516, 0.9552013155759617, 0.9062419701664335, 0.9498823485521809, 0.7923755178795837, 0.5617941777578827, 0.8971917834519882, 0.9270036093224334, 0.1288175776507946, 0.9077072524388422, 0.9320439906886416, 0.7933377628428285, 0.9692962538350804, 0.8283310937968931, 0.6429651266944298, 0.43322192197901105, 0.8351569811570657, 0.8259207046599437, 0.8230938861842076, 0.976835610623983, 0.9771178708173737, 0.7015597295088665, 0.6541328688860463, 0.7670893953028758, 0.27612774175101273, 0.7500820914082692, 0.7789810521666158, 0.755525867127317, 0.7746432543181834, 0.6949128413250605, 0.7020065519220513, 0.6788799837654098, -0.25986583783953926, -0.40079701662228795, 0.5860892649282867, 0.8803194520412299, 0.9314591272976649, 0.9345405259394002, 0.909046958067064, 0.8019091972230981, 0.9030041460248731, 0.9252220825518104, 0.9254299347990044, 0.7480956451103713], [0.9949008484368925, 0.9868741952998673, 0.9908183762515509, 0.9954702728409575, 0.9981598499014551, 0.9889457380152175, 0.9989429321803963, 0.9999976699722506, 0.9999894359020777, 0.9649852012318961, 0.9996063393998793, 0.9999976044252286, 0.9996637432713392, 1.0, 0.9999878331885428, 0.9985200386212885, 0.9990403783763416, 0.9998811947658862, 0.9998806887380717, 0.9999550533142832, 0.9999918361293112, 0.9905978525961346, 0.9738169397125803, 0.9937424848710066, 0.9936086293892279, 0.9798376476906774, 0.9718941381794833, 0.9372733197098136, 0.9923598067069327, 0.9948454552446285, 0.99174275967267, 0.9676806212873748, 0.9994398797459734, 0.9994726753482495, 0.9996194194504864, 0.9996772106696035, 0.9986556296026599, 0.9993763109877314, 0.9991507560466399, 0.9982814010866053, 0.9995082354280566, 0.99936963962674, 0.9842672526330059, 0.9399788663836457, 0.7415855224385568, 0.9438669545215159, 0.9325016270535901, 0.7916090781871097, 0.9612251063273369, 0.9352855059902738, 0.9617943322382807, 0.9545549126641347, 0.950898885874225, 0.9804816454829163, 0.9767968755324908, 0.9293460818855508, 0.9433498441935056, 0.9570212940150357, 0.9613171496254375, 0.9595790742836597, 0.9335336604119564, 0.8664800262587379, 0.9308504590697355, 0.9438311933384299, 0.9228459027101646, 0.8496425253159141, 0.9529813627470148, 0.9150844650031394, 0.951528253255856, 0.9298007510347506, 0.6867960931957552, 0.8013689841366988, 0.7412760532305122, 0.8180153197492079, 0.8503973351661583, 0.8563882151914234, 0.8396513263588186, 0.8487491666612519, 0.20494328410114937, -0.5560509494690737, 0.9469768607708778, 0.9139947286711035, 0.917379446398608, 0.9334109393924753, 0.9072009146118808, 0.9564505533752495, 0.9565589833376672, 0.9068466459132786, 0.9494162699554566, 0.7853102185267746, 0.5610071885917955, 0.8971309320014254, 0.9272317236626816, 0.13252356860488593, 0.9099750547769628, 0.9339371117734264, 0.7919045774333907, 0.9666620792984915, 0.834855531711329, 0.649644117052307, 0.4375911558399128, 0.8437441772604172, 0.8309370235923649, 0.8312573492772132, 0.9749258496880497, 0.9752534178900487, 0.7098899671092543, 0.6588320782576723, 0.7880904652235167, 0.2758285837628656, 0.7596038704798503, 0.7897922846050534, 0.7874658875411169, 0.7851063707642499, 0.6969199727348739, 0.7114912871062095, 0.6880972713587773, -0.25371349929466375, -0.39619165245445487, 0.5862742494089125, 0.8819605924731725, 0.9296179176617221, 0.938595343596871, 0.9094614898212277, 0.8092339699669948, 0.9093657420438829, 0.9317737788513273, 0.9315127751956683, 0.7529524456434145], [0.9950540110221212, 0.9869849195953316, 0.9907154378502034, 0.9955980555574514, 0.9982256142850016, 0.9890281974493902, 0.9986967354044279, 0.9999803582569622, 0.9999964692868425, 0.9645339821520117, 0.9996151920965827, 0.9999835863844109, 0.9996465195507971, 0.9999878331885428, 1.0, 0.9985179070051013, 0.9990857423598444, 0.9998776327117047, 0.9998776572545395, 0.9999550955115869, 0.9999760009984405, 0.9905019223542704, 0.9738538665760536, 0.9920976198356388, 0.9921565815699416, 0.97999714723796, 0.9716023116392175, 0.9373408848792689, 0.9924002903761148, 0.9944222892029088, 0.9915940539448134, 0.9676241201609973, 0.9994848891877404, 0.9994626575741148, 0.999611022421429, 0.9996670780373775, 0.9986815538047196, 0.9993867772004146, 0.9991858851377943, 0.9983405781591432, 0.9995440677631744, 0.9994201051544116, 0.9840109366482691, 0.9399711129893974, 0.7424350825980618, 0.9441258116017048, 0.933351992794126, 0.7919665828891713, 0.9618685878115517, 0.9364726380539936, 0.9625059766591232, 0.9548518430975491, 0.9512125986911605, 0.9810099852852725, 0.9770253607534538, 0.9302298399413391, 0.943849239374018, 0.9574666440773045, 0.9614745590139177, 0.96003284161686, 0.9349891015844879, 0.8666924783147606, 0.9304233599340916, 0.9442023699598432, 0.9236453278441143, 0.8496568151064106, 0.9533863050123732, 0.9158019060217842, 0.9521138078569915, 0.9307907373677786, 0.686673785260254, 0.8009679457806531, 0.7424641885222298, 0.8176397578204021, 0.8504686585009166, 0.8559275596120888, 0.8402693406711003, 0.8491815502856923, 0.20475354355286138, -0.5554520890208137, 0.9470161102559318, 0.9142176918874283, 0.917601938005953, 0.9368529962027917, 0.9078060475592498, 0.9566154894942798, 0.9567623482166385, 0.9072321360737324, 0.9498207815462758, 0.7853438095605784, 0.5595356140931813, 0.8970969796658568, 0.9269474719605322, 0.13144090143316636, 0.9094343854198865, 0.9334394330264437, 0.7909616485526371, 0.966279761761965, 0.8358439631865642, 0.6492704255554373, 0.43671363666050783, 0.8443106599925589, 0.8313568292116179, 0.832049318095079, 0.9747078549117865, 0.9749965545508419, 0.708568774211079, 0.6565708899643902, 0.7891829645012163, 0.274115242826109, 0.7598399947265103, 0.7901667577675379, 0.7887652835404715, 0.785302789679949, 0.6950865718118874, 0.7091311121531335, 0.6857086175295087, -0.2528695296489819, -0.3954249814506527, 0.5862679356343676, 0.881112808600045, 0.9302168275569778, 0.9391148300219181, 0.9086910364837438, 0.8094422730497494, 0.9104176753439832, 0.932373974275976, 0.9322672337333401, 0.7528684025600629], [0.9962917144374417, 0.9925493805204251, 0.9912755879674401, 0.9968308660066921, 0.9984793525409775, 0.9918979459295852, 0.998009573468513, 0.9961886968305648, 0.9989143863163381, 0.9664156409139311, 0.9993259766332615, 0.9968639759259725, 0.9990281354476996, 0.9985200386212885, 0.9985179070051013, 1.0, 0.9988130766268857, 0.9989070311802991, 0.9989048360522023, 0.9987299365775021, 0.9984049223290848, 0.9919357035013521, 0.9766600714723522, 0.9824697269385432, 0.9892007419849301, 0.9868276005370208, 0.9736281906819965, 0.9452756064418905, 0.9935296379201312, 0.9932010449576808, 0.9907180469042152, 0.9681174170906757, 0.9987692115455694, 0.998738368831427, 0.998950033112048, 0.998536628182649, 0.9993443171102225, 0.9988689093748445, 0.9988979806078631, 0.9981661197272009, 0.9986392152637277, 0.9987196144225334, 0.982733454793493, 0.9327474269732832, 0.7492268793180955, 0.9360399766161496, 0.9358361657356413, 0.8106231329721191, 0.9655201214121194, 0.9409420634914425, 0.9667658851422286, 0.9554089015400179, 0.9504422388521916, 0.9818055060515517, 0.9768146801350278, 0.9435330822241416, 0.9538276593694845, 0.9647027713616887, 0.9660537849265283, 0.9663597853309216, 0.9471642147787513, 0.8791006102173413, 0.9345089116578785, 0.9494544052877486, 0.9351468628360068, 0.8610836925697871, 0.9598698665628851, 0.9300746166246036, 0.9600308035406994, 0.9441063428010887, 0.705130632995004, 0.8091172645450376, 0.7608685409973305, 0.8271036866684675, 0.8