var element=document.getElementById("correlationAdjClose");if(element.style.display!='none'){var correlationAdjClose={"data":[{"type":"heatmap","z":[[1.0,0.9999935065546142,0.9854082052562642,0.9999268176241966,0.9990985390804763,0.9854897690359519,0.9978831629833902,0.9960419152444115,0.9692513017663791,0.9963696767962835,0.994476451590291,0.9940316397403725,0.9961616401361875,0.9961955233789147,0.9960878484079321,0.9976252721966746,0.9978783415059427,0.998384909536653,0.9966870597988637,0.9966976331690687,0.9967529486789574,0.9961182259812156,0.9872263798465185,0.9712590557970475,0.9897971366866185,0.9563553720703429,0.988789662398761,0.9876756737311991,0.9677064860747362,0.9517261010855139,0.9929713772689245,0.9941215712163348,0.9923333198916584,0.9769675715998997,0.9977848279643494,0.9980192583008467,0.9975465153417946,0.9962162396527695,0.9958388844972423,0.9979095710998559,0.9987693245186046,0.9988210976200486,0.9977458860875608,0.9977551530564553,0.976753598139107,0.9142078304671973,0.9490403886371751,0.9213929345146449,0.9225459860974609,0.9020382352470179,0.9634183667386372,0.9478364568209703,0.9651010261140031,0.9657232346340859,0.9556771332096945,0.9844600622910451,0.9815618538707821,0.9904774183115318,0.9944963723043144,0.9866725659435919,0.9824009796538976,0.9881850321197583,0.9863255341828332,0.9887425882204138,0.9885550175478313,0.9649495280624406,0.9743345101229557,0.9756144785093739,0.9752942446671009,0.9527801355032812,0.980423859344181,0.9776455690947704,0.9849076453626423,0.9841845287134959,0.9426541123790007,0.8864484766343455,0.8534418951115934,0.9026395794763591,0.9206572581323871,0.9177698667163853,0.9185837737124806,0.9172570373767308,0.6895654906034666,-0.5612608016216928,0.9808246764562786,0.9761068944334376,0.9727703397501384,0.9873953016779995,0.9747976164557706,0.9845874028116613,0.9845617148355902,0.9498947982427236,0.9847047659778102,0.952946470296387,0.7655068723630178,0.9037402165201209,0.9274640856921917,0.7963965891008467,0.9501323527921524,0.9509239589651082,0.8997459550884962,0.964735019409871,0.8961250439784767,0.6062761373020239,0.7208940056667714,0.9029396245726771,0.8703708578641031,0.8940263890970009,0.973828193427032,0.9740037653903932,0.7820459530495913,0.7342385753977116,0.8251134606097299,0.4132389726598187,0.8021334418814412,0.8293839685082537,0.8246320193797069,0.815868365220873,0.7776401788502554,0.7506587539313382,0.7332621235758479,-0.2707115734588957,-0.40987684939408203,0.6617836012844024,0.8932014326623389,0.9362333498170277,0.9432916803976542,0.9097363537744119,0.8265689962503052,0.9106480499678651,0.9295357544461053,0.9294093827368028,0.8637025300672547,-0.17369708568645592],[0.9999935065546142,1.0,0.987557549690338,0.9998263605486699,0.9982023751944973,0.9900745177870709,0.9945240841194506,0.991508971770544,0.9843416894967696,0.9915275748368477,0.9915354097558783,0.993318234103799,0.9916678893959802,0.9915282592506303,0.9915918590597497,0.9938363008515703,0.9965211023629675,0.9961877315200137,0.9940865701736675,0.9940873633644371,0.9915855120128083,0.9916314796553178,0.9914563404470934,0.9727533584639658,0.9883241029027373,0.9813121117420311,0.9882015816619869,0.9875955199283875,0.9800385701497765,0.9311742037712925,0.9887752441862929,0.9862882316950686,0.9795828053389533,0.9296393756605619,0.9956303496205872,0.9955291135805,0.9957665295732987,0.9921158912676364,0.9952165773188256,0.9957704229168536,0.9970595078911253,0.9972200654334827,0.9957508513085186,0.9957578770427029,0.9894451992470555,0.9138509722829389,0.8859967865787759,0.9210232806642885,0.9224173082587304,0.9020129268536861,0.876186122166946,0.9213416181968435,0.8790014033343484,0.9081294267941323,0.8759399137845354,0.9540978949034159,0.9540631057832124,0.9674557405931634,0.9842785293329058,0.9815846121912072,0.9841394114699828,0.9797062648782546,0.9797764588205611,0.9816326081661347,0.9815618818806118,0.950316391110776,0.9602862170107184,0.9365407062506478,0.9364719568832015,0.8653978301726022,0.9780725634792422,0.9796511171045288,0.9799111215141155,0.9795072805023435,0.9505570499826264,0.7526177617042615,0.7076024020915551,0.8210312000924668,0.8887664875760105,0.8386884779630878,0.8643134005384796,0.8629877459725319,0.7091963011807979,-0.22722791437446413,0.9688911412913334,0.9734254250683271,0.9687338355908495,0.9822050838424959,0.9666978147301876,0.9721404484897267,0.971503917350919,0.92868646683476,0.9741490540874292,0.9321892626437495,0.6756410374465469,0.9031187012618497,0.9008091131150916,0.46804484705045796,0.8177314414789679,0.8226788800415851,0.7338755294758589,0.9658631660612499,0.7067388999204802,-0.28528061888011885,0.2070543019819768,0.7338797277210256,0.6824526739361658,0.7263039985834859,0.9674008919885019,0.9672918278998186,0.11714225700212232,0.2880326503974378,0.12307964800297841,0.09558023829088777,0.11691658982325093,0.13191966306269953,0.12896214058901875,0.05046379477199202,0.485344335463613,0.2165462572060067,0.16579486928081294,-0.441587431657194,-0.4853149917712704,0.6622271222301367,0.7506607990014615,0.774961113276077,0.835009529662515,0.8205367759726286,0.5661076638354006,0.7496878612258154,0.7694085655314442,0.7681860744902024,0.41940741929939906,0.2005466100099948],[0.9854082052562642,0.987557549690338,1.0,0.9868329141902595,0.993093345512812,0.9913877392206104,0.9900475672863109,0.9906735685831891,0.9905372406380172,0.9934122921745322,0.997426014056217,0.9965182411069986,0.9905446173161884,0.9928002988658352,0.9907325003402091,0.9901244229943178,0.990851927632698,0.9902480491848931,0.9893798913434854,0.9893521742118803,0.9922727572256236,0.9905609974950348,0.9945649577831269,0.9832561666116202,0.9912652189033093,0.9802576048261201,0.9918013492710293,0.9865528298578085,0.9856241938004778,0.9573907555172914,0.9699992802351018,0.9741259307716867,0.9762999928059285,0.9522257977587948,0.9873335186645448,0.9904200178808431,0.9887939105796146,0.992376482965294,0.9947655279245512,0.9911981440126816,0.985160627177828,0.9879428654053393,0.9876644622931765,0.9870374541775954,0.9918881390465087,0.9092906482669766,0.9317600138748511,0.9354931802372356,0.914980339048676,0.8548691236564618,0.9215378347032966,0.9025907468299382,0.9241142398724989,0.9262975609186697,0.9117724117059174,0.949668507278809,0.9579404563487821,0.9666565995011216,0.9781625811573063,0.9381446248195441,0.9626099766523527,0.9615826189041433,0.9685181994329636,0.9618566890111612,0.9362059823816105,0.918954358536434,0.9431526063503599,0.9335531233801111,0.9150436685998408,0.8893350351724735,0.9688859851201904,0.946972645473986,0.9614704033200033,0.9403117961927271,0.817990630960564,0.8400685354858709,0.7590220745115072,0.8591370958103967,0.8890656913541847,0.8901614413256312,0.8574768651743376,0.8718784314946494,0.3856611393703877,-0.5524449535818593,0.9583246006787522,0.9439596534006502,0.9438365844045546,0.938250089680677,0.9526841822022271,0.9610994141446357,0.9606679376100461,0.9310785336376176,0.9563181316370188,0.872170305308076,0.7466284615194552,0.9491186836732425,0.9485404285943501,0.7704263180597652,0.9361243422042964,0.9378879572211491,0.8721851792153664,0.9800779259626451,0.7765481290923294,0.5108217927796298,0.6629104053453213,0.7971013909763021,0.7965590456275495,0.7783136512649934,0.9826599458422195,0.9826957562771993,0.708939310300716,0.6776287179047816,0.7111013065184293,0.3562022629922381,0.7006613061887579,0.7132365201069535,0.7273367736471016,0.7114263746144713,0.7374831308341658,0.6827881888520202,0.6641032426903236,-0.3346044866277663,-0.47339606159144404,0.6254955199135234,0.8534622830611198,0.8835686954582964,0.888436662945737,0.8811474266066024,0.7577446110923499,0.8602111271520569,0.8724887124184917,0.8800330765664548,0.7344801307384924,-0.09604502328252362],[0.9999268176241966,0.9998263605486699,0.9868329141902595,1.0,0.9993517574823569,0.9866419918141107,0.9981409675339782,0.9964853748431342,0.9715487473705088,0.9968548109996288,0.9952006881223783,0.9949921293361564,0.9965868876022344,0.9967105134354085,0.9965306701096459,0.9979114847152636,0.9982220428088074,0.9986564354739051,0.9970755911610876,0.9970837101745238,0.9971658598874311,0.9965481385789888,0.9884514304762614,0.9726996769355923,0.9907910987541574,0.9590390465923118,0.9898925947613366,0.9892390751304302,0.9697589318938566,0.9529604746585024,0.9922946251536156,0.9936395332896111,0.9922611944197942,0.976510239234543,0.9978800112830992,0.9982264232215999,0.997786557402851,0.996696143358337,0.9963223666501237,0.9981490806033754,0.9986701933043217,0.9989070277316401,0.9978356857632835,0.9978420327692981,0.9786288263517815,0.9101282176430989,0.9468259456557453,0.9219755317220708,0.921011775702317,0.8949073073744626,0.960426577632988,0.944472507435045,0.9620144281882521,0.9631489242906328,0.9527938121538337,0.982327509889268,0.9799955871546838,0.9896055998384384,0.9943146076351584,0.9852239481005473,0.9813011843871903,0.9869192734938325,0.9857298123090457,0.9873968298604885,0.9872009403409681,0.9546113243070671,0.9730893924955716,0.9741075099018197,0.9737833783369182,0.9474944920314611,0.979984219095681,0.9747430146570637,0.9834553985264665,0.9826946058450914,0.9212831117361285,0.8848963545910525,0.849512199409258,0.9008953218983184,0.9177924763727642,0.9172653704258296,0.9161134016732841,0.914830969395352,0.5959235093241331,-0.5608141801557169,0.9799937866208817,0.9748561633156073,0.9713219230807475,0.9859491618329157,0.9740385440006551,0.9838134571923821,0.9837806113190988,0.9494828954021994,0.9832575629963348,0.9372670141172147,0.7696582662321022,0.9094821667822275,0.9316053454412874,0.7981441322750312,0.9514589153906339,0.9522796051393843,0.8992399409409839,0.9660127598288155,0.8899004283762622,0.6025087775505013,0.7190548469011172,0.8973595644666824,0.8666446455964397,0.8881724997757308,0.9746891441845229,0.9748713845850822,0.780775014653413,0.7343959377740452,0.8170725451421614,0.41510864041091616,0.7962652368459716,0.821064053117375,0.8162376197537548,0.8103766944810552,0.7799560977887207,0.7504448435169424,0.7331323116965776,-0.266116493986749,-0.4091508311203065,0.6608396304524604,0.8911434417556917,0.9342264856957548,0.9413533062689011,0.9083267175282476,0.8236363053844264,0.9085061332319205,0.9271273335342894,0.9271540473275296,0.8562314672168598,-0.16647548011876512],[0.9990985390804763,0.9982023751944973,0.993093345512812,0.9993517574823569,1.0,0.9895410889807711,0.9991069988726022,0.9985278936009048,0.9840287908416456,0.998528111236854,0.9981142987640225,0.9981442111392351,0.9985589782462344,0.9985605088584649,0.9985602672038701,0.9990602253105074,0.9986759047923275,0.999300742489948,0.9988893259756716,0.9988890895701957,0.9986207926644268,0.9985507286294719,0.9944157209498653,0.9803314006869376,0.9948629425521717,0.9766016725079297,0.9948253610494349,0.9919483653779148,0.9827270445471094,0.9562549038387438,0.9891805382667275,0.9918713505909691,0.9893834402792693,0.9681766903341985,0.9989546525075934,0.9990039404501752,0.9990187263401143,0.9986386111854557,0.9986592627354872,0.9989950242859663,0.9989688886142417,0.9992016554697095,0.9989547359523473,0.9989543835631316,0.9883839252055435,0.920243875078171,0.9459380544776479,0.9339771392091918,0.9254979157335754,0.8902056237875668,0.946331624993369,0.9378204712014232,0.9505856326743485,0.9562163202720233,0.9452198234629263,0.9792941479165763,0.9792229048106226,0.989401726260669,0.9941623346906577,0.9820238563909889,0.9759684306219215,0.9826783794641287,0.9820125819682101,0.9830289853711924,0.9828056842166145,0.9557037732406566,0.9646111667791298,0.9594039576028461,0.9590102359956669,0.9212799489291138,0.9773636256523299,0.9737429504629133,0.9796593714586027,0.9788470249112241,0.9401806654247672,0.8643598301395988,0.8256670813011995,0.8858694239774457,0.9223395041358816,0.9064140588001369,0.913712862801491,0.9125909817284055,0.7450859039008687,-0.5747137320316296,0.973896690590896,0.96498181968389,0.9622872691226754,0.9829644250478504,0.9647907890837656,0.9774563346297481,0.97708328611024,0.9410446022344808,0.9790730428875675,0.9439468347368248,0.7589195081727592,0.925033935879864,0.9517499716407732,0.7598120460293909,0.9383553761208784,0.9398728628494674,0.8932436522143419,0.9711345430373116,0.887264621702412,0.44374355039374663,0.6592556114710049,0.8929297303031399,0.8406745125554322,0.8881689020093837,0.9782847631047336,0.9784246999232288,0.7444418149649555,0.7175138750201271,0.7482924764579081,0.39273284485946636,0.6976160989930278,0.753354015662828,0.7486951159095452,0.7115609179746754,0.7662785192032748,0.7350974895039667,0.7169007485466204,-0.4745579323354647,-0.555378312267433,0.6548155725380576,0.8853322629777549,0.9197566416601575,0.9350276166430976,0.9058887641018663,0.8039176443573347,0.8956275078751748,0.913342846886973,0.9129238328843946,0.7924184339797566,0.043170234213984526],[0.9854897690359519,0.9900745177870709,0.9913877392206104,0.9866419918141107,0.9895410889807711,1.0,0.9849444666829839,0.9857159555499484,0.9922680698126868,0.9851089289299949,0.9807001610706676,0.9796475834990018,0.9855960209213571,0.9860709148960222,0.9857863648631013,0.9854255795382479,0.9886438669206755,0.9866389774228292,0.9864980514125343,0.9864902461501606,0.9846236003008293,0.9856888718426834,0.99564240909961,0.993214848062033,0.9869073659876351,0.9861983321506463,0.987101799826211,0.9772283568850677,0.98787941702938,0.9728619606885375,0.9641597608986444,0.9696004391389795,0.977928352746081,0.9661784448203948,0.9846807298953487,0.984993914686892,0.9858099079148804,0.9863747497812513,0.9804550397438254,0.9854149427101128,0.9837724140883776,0.9855042193842737,0.9848118114922879,0.9848133626170743,0.9958665637197898,0.868341466780568,0.9249879487728719,0.9010954184605676,0.9136893810679394,0.8752711808857395,0.9197663457527125,0.9090614618403485,0.9222635020518392,0.9355543696505276,0.918011632867838,0.9522235816399899,0.9572343166512362,0.9632592161596589,0.9730154392804061,0.9700620481782418,0.9854625579100237,0.9715964805742527,0.9834530971479648,0.9711913442485332,0.9706209620185868,0.9753061131276073,0.9671019057246747,0.9468895851534821,0.9463512316683225,0.9438952240977574,0.9817877079083717,0.9743306257392468,0.9713129623352683,0.9699055788923621,0.9613252122822086,0.8854035448452545,0.8388193092911957,0.9033178902039602,0.9134510514165837,0.9226075211502784,0.903752293780519,0.901586249394611,0.7186977624404011,-0.513017795906344,0.979597072785705,0.9803315216089719,0.9760534543961418,0.9709817814635519,0.9716252068800193,0.9785146268869374,0.9780984140271548,0.9664375156737272,0.9678937085435511,0.9653111354747442,0.7709350142952827,0.8826583369062381,0.9512191042420192,0.8058245324740418,0.9405156882860501,0.9415928846935905,0.8690913620017122,0.9594404398711147,0.838506620747448,0.5333754901468767,0.6865638787059275,0.847839905448833,0.8213509597603129,0.8371836346329271,0.9601875112720522,0.9602490133127501,0.7368007090096703,0.711398975379656,0.7542485049443843,0.4169233081094921,0.7438775913266317,0.759749108696548,0.753567926193244,0.7499042114183951,0.7625401913408575,0.7137540992994867,0.6989970698208418,-0.2942501896693583,-0.42426339356569126,0.67183219565164,0.8621440090858226,0.8803643180222646,0.8927140119816385,0.8737436210100604,0.786031747847966,0.8536608073418124,0.8719340444549317,0.8720385590730177,0.8139171149019601,-0.13271332008932568],[0.9978831629833902,0.9945240841194506,0.9900475672863109,0.9981409675339782,0.9991069988726022,0.9849444666829839,1.0,0.9974583366158359,0.9575169180242347,0.9995942306588755,0.9995417893493063,0.9995568769649593,0.9983682231067417,0.999459242115214,0.9991556997855224,0.9998888224417886,0.9964597047574633,0.9999029535964914,0.9993561641517504,0.999361074823817,0.999702442601982,0.9993046855004125,0.9907913312166617,0.974793214857811,0.9855085236242268,0.9260738038479737,0.9933482257182785,0.991416933513181,0.973594359073408,0.9502228100149631,0.991614298695153,0.9917728246583188,0.9933079871378097,0.9739212145350598,0.9989728474832118,0.9998456750800626,0.9997039994335228,0.9994674723692702,0.9997498451940569,0.9998293026287531,0.9984595229518476,0.9997258496207794,0.9993668056214058,0.9990112844455347,0.9811068685499933,0.9279830635308722,0.9495266358805304,0.9443965863806417,0.9341390824675533,0.8904422353873228,0.9568463426508796,0.9441107887419801,0.9591333616239652,0.9603420286626989,0.9511044179677622,0.9812775547246216,0.9803914764033762,0.9915058960683532,0.9963686949988344,0.9483554055765855,0.9640310608966384,0.9735044912135404,0.9742116597043248,0.9750815989980637,0.9483611465529529,0.9054493977065093,0.9559757778964972,0.9614092342645999,0.9394786855155317,0.8955615131700329,0.9678563591161793,0.9403794245671648,0.9680740229549508,0.9487134522028968,0.7798372791575026,0.8584722099919614,0.780282769833794,0.8736043807361401,0.8918880470772147,0.8965264169471132,0.8750255484788424,0.8871465279739221,0.33681240200165913,-0.594302459578731,0.9651789179178576,0.9512465938671771,0.9498551800380147,0.9499646609267346,0.9612308435675045,0.9714889704771044,0.9715417456839763,0.9309456607102533,0.9681177392073349,0.8504554804887199,0.7537881269359303,0.9256016169430109,0.9311395972291698,0.7867175215945312,0.9494921008892969,0.9504800240835266,0.8964373249360065,0.9705229878390954,0.8321602481749505,0.594355383053904,0.7111001517512667,0.8552378897618294,0.8468126707048195,0.8367747380212256,0.9784861123789017,0.9786805577950166,0.7704813002715875,0.7148067385586918,0.782125981685649,0.3873928643368732,0.7744897973039143,0.7936539233085449,0.7886983550781879,0.7913291077553375,0.763084363073525,0.7407178024817253,0.7216500080765423,-0.28140006201423584,-0.43185434775144177,0.671747544507583,0.8888064598409767,0.9244639477825017,0.9410472725043366,0.9111021458988177,0.8238505799283911,0.9096724999321666,0.929486503129866,0.9282302096784608,0.7754621669685872,-0.1327350377804068],[0.9960419152444115,0.991508971770544,0.9906735685831891,0.9964853748431342,0.9985278936009048,0.9857159555499484,0.9974583366158359,1.0,0.9684550048635772,0.9999998223133066,0.9999992727889051,0.9997316050792627,0.9999970436706337,0.9999922788770232,0.9999981531148863,0.9992882600360693,0.9910694197146662,0.9994248486282067,0.9999048622027832,0.9999044761737239,0.9999630940018681,0.9999987426852371,0.9911737999460897,0.9762849411099194,0.9926148931824327,0.9402105644119632,0.9938503597668649,0.989486902679275,0.9757966012700381,0.9494621839414692,0.9879067624193886,0.9938050022626441,0.9918063929199122,0.9707092274134571,0.9994566418233622,0.9995499494884306,0.9996597552633697,0.9997315191006861,0.9991449404726697,0.9994783554330344,0.9981560755359751,0.9987680477182452,0.9995282176995183,0.9993917111407312,0.9827375237389474,0.9278021815592452,0.946686966768349,0.9485418336975338,0.9322725262689999,0.8789768341917399,0.9551070111071622,0.939465296489536,0.9570210512406879,0.9544397843621725,0.9449263799605505,0.9792319423571613,0.9773554864716537,0.9904457845407257,0.9969282127267198,0.9433390778902403,0.959739411251395,0.9670195488693355,0.9710846204075904,0.9689896877246903,0.9466110651045322,0.8975455910029344,0.951153421514001,0.9545580421696703,0.9340110738244537,0.8832054501496274,0.9650831393012812,0.9341226332772034,0.9625635574809049,0.944048166277123,0.7668112139917226,0.8503034732512654,0.7757924878260658,0.8655151201631082,0.8846285276303235,0.8918746772309835,0.8705722544203566,0.8802774795680218,0.3189929234795598,-0.5987707974803762,0.9609309054028832,0.9444438604880337,0.9436705141324252,0.9479786346052056,0.9565244426702335,0.9673090454625102,0.967349165329199,0.9259755783791789,0.9612066175513687,0.839066869840781,0.750598206023273,0.9401857928977103,0.9420801393241213,0.7829154432794491,0.9492066998115936,0.9503523794851672,0.8938789450240483,0.9745772392736425,0.835181088645066,0.5800342833563424,0.7022477272916432,0.8562861038091161,0.8436539281563621,0.8390176750655881,0.9810083105970056,0.9812065174489126,0.761379000654181,0.7069587529199884,0.7834826916802478,0.3745935970146893,0.769313035193572,0.7891055697546798,0.7891792042498813,0.7857190702846457,0.7567202900706561,0.7348348980374796,0.7151745425497738,-0.29728499009417386,-0.44669972441173833,0.6572531461576852,0.8811090575607519,0.9219630127673051,0.9334404516350908,0.905234915558057,0.8129812777358209,0.9032105239144186,0.9231851616125809,0.9222068164930549,0.7563948978279776,-0.11566634965502591],[0.9692513017663791,0.9843416894967696,0.9905372406380172,0.9715487473705088,0.9840287908416456,0.9922680698126868,0.9575169180242347,0.9684550048635772,1.0,0.9834574435325462,0.9876029414107872,0.9897213610050166,0.9721469934784882,0.9804598474395103,0.9770656679146966,0.9748837351407846,0.9490031224052256,0.9796492730617532,0.9778163127233359,0.9777765164275124,0.9819345737273054,0.9769347650422314,0.9939983530892967,0.9923884953689518,0.9814029094905656,0.9882252249339516,0.9844216821958571,0.9896761136173632,0.9902393611547489,0.9661721006420437,0.9282946815899679,0.9498886031765366,0.9654421899161443,0.9481695481175425,0.9714964030242595,0.9797941493939277,0.9765725351972352,0.9789382101454615,0.9877936863849168,0.9809052594393182,0.9673218025095236,0.9767066544833428,0.9723149781917605,0.9712698076930409,0.9989218957463646,0.8863833953183236,0.9155487204748023,0.9384949416085504,0.927991794362426,0.8510094210068628,0.8849349663807944,0.8802372486389872,0.8887054045363576,0.9096438518940809,0.891387638438511,0.9285136386380443,0.9437847973142246,0.9497051399273766,0.9623206207601138,0.8970446288234747,0.9635575138060561,0.9403122276532778,0.9618991432262489,0.9403562962142851,0.8950170699038525,0.9069821570025534,0.9360555932873731,0.9082620378140999,0.8711911582984424,0.8706416967120238,0.9632946065863095,0.9132355505333517,0.9388523686540118,0.9000121972404445,0.8036454984704721,0.8322565276570484,0.7138454942304255,0.8534442733748515,0.8693027680559366,0.882970029078967,0.8310545969892182,0.8497271440868952,0.36236697660828787,-0.5383180584718262,0.9521712599735389,0.9463388584934096,0.9427366833938086,0.8961299149143689,0.9417556917280225,0.9503506677064028,0.949740219062962,0.9330522326461187,0.9344772320326147,0.8572883722031228,0.753668261805424,0.9316368247785763,0.957544512487683,0.7792003312698017,0.9293971554686934,0.9311204602483518,0.8500604542355229,0.9677599620932849,0.7433342994444647,0.47401445170188805,0.6444206466308307,0.775028190794478,0.7739277613011907,0.7532204450939693,0.9671616889569075,0.9671620233044619,0.6902582478961564,0.6672817962700328,0.6767743385421489,0.3644008410698847,0.6830247153296793,0.692014172769404,0.6772907404466968,0.690273584397846,0.7308865493875341,0.6778584675440166,0.6604616820746886,-0.34185725374458653,-0.4770694317396874,0.6707570883403368,0.8390890444302052,0.8370824010181749,0.8637153006896919,0.8610017736860792,0.7512414914358473,0.816158548020646,0.8426621937301532,0.8367474618883946,0.7070897319341235,-0.055407042234751826],[0.9963696767962835,0.9915275748368477,0.9934122921745322,0.9968548109996288,0.998528111236854,0.9851089289299949,0.9995942306588755,0.9999998223133066,0.9834574435325462,1.0,0.9999991002060787,0.9997367334001239,0.9999985009244537,0.9999910174433954,0.9999976439411078,0.9996595590107193,0.9977640605127407,0.9994190260181767,0.9998763099650821,0.9998762589448184,0.9999759885639184,0.9999992725789855,0.9937515878779308,0.9777476351130502,0.9959337143725175,0.9735629449582677,0.9960218463016337,0.9894672568290154,0.9800986918597588,0.9506329323258659,0.9892842696585226,0.9934894890053032,0.9891844270908121,0.9670332733002601,0.9994722039903808,0.9995407466145729,0.9995523144623667,0.9998219859327192,0.999159117252126,0.9994861619701024,0.9983496276096644,0.9988074208908969,0.9994761222914619,0.9994710281485836,0.9870158142887613,0.9277632383871255,0.9467248695884871,0.9483538086948312,0.9320741748574529,0.8791261582177599,0.9442385893187706,0.9323020137600261,0.9478940174522242,0.9523939178371004,0.9427315774947577,0.9776704061233256,0.9773901430324564,0.9909324136990482,0.9966988967709053,0.9720727220198575,0.9596665476431027,0.972799980196395,0.9710389704971397,0.9732396534392521,0.9729720082465545,0.9436313294214275,0.9510731829167429,0.9498035590652838,0.9494567156983295,0.9099136745243502,0.9650118503773403,0.9641676049832729,0.9699306235307832,0.9689261659573073,0.9270056385400506,0.8503585071514509,0.8058420332291005,0.8652935227898403,0.9053026102697701,0.8918110246940455,0.8980287126874313,0.897134591383493,0.6971453808144643,-0.6094251152822348,0.9608780742012509,0.9444532690784623,0.9436885195062141,0.9732408641781347,0.9518164537907428,0.966898632932011,0.9665030231193306,0.9265917202089631,0.9687522180255569,0.9298078484580943,0.7506130619064372,0.9398509191073783,0.9543551532331577,0.7648758181783166,0.9423045452564632,0.9436307587254418,0.8939506984317408,0.973693797733388,0.8949643773450614,0.480920407862164,0.6768569734915578,0.9006111898300706,0.8489303070048927,0.8960246564238245,0.9809749073365168,0.9811929013582754,0.761447421599635,0.7066899452853044,0.7645621295920383,0.3747239026819428,0.7153788586386954,0.7696398939006783,0.7649838393088209,0.7307590674241962,0.756463780656386,0.734929765918797,0.7152682206151396,-0.5202631082142154,-0.6018016967445845,0.6574197179481021,0.8812733992812395,0.92160353042386,0.9368130218253751,0.9054436462819212,0.8093019876659422,0.8966459282096183,0.914949183275808,0.914404097672777,0.8040950268833812,0.11031471115401874],[0.994476451590291,0.9915354097558783,0.997426014056217,0.9952006881223783,0.9981142987640225,0.9807001610706676,0.9995417893493063,0.9999992727889051,0.9876029414107872,0.9999991002060787,1.0,0.9997365168136829,0.9999962618172338,0.9999945147470958,0.99999822796029,0.999638159318269,0.9973516145496435,0.9991240609449117,0.9997672491255203,0.9997670684074829,0.9999983623340197,0.9999982425585472,0.9927174887165946,0.9722167473189632,0.994896219441793,0.9812664427206034,0.9955163502640549,0.9894843243045205,0.9818179754998617,0.9412375978421322,0.9878733401188794,0.9926323499527043,0.9821690004184728,0.9391157944641655,0.9992140239265211,0.9992752982934859,0.9992088723981147,0.9998859924120889,0.9991400401887599,0.9992194682457384,0.9977125984279781,0.9983506932050717,0.9991848453669021,0.999182075135538,0.9889174867050542,0.9274437594520266,0.909093634109766,0.9482829458624258,0.9319507230305697,0.8787619956125547,0.9087280891982842,0.8966533349516481,0.9136446835429971,0.9222920665431888,0.9070906853918627,0.9685553072087529,0.9685259746973587,0.9899983994472091,0.9950325638248911,0.9642525217445667,0.9597684217636497,0.9607873866379838,0.9608245623829743,0.9626057078831111,0.9623316618287842,0.9187368823057903,0.9403499476441388,0.9164671623558868,0.9159680942743296,0.836671637877175,0.9622546234237663,0.9684988057412484,0.9646174858854467,0.9635111635266533,0.9173651046878664,0.7711514655019336,0.7279540843729089,0.8206235815911122,0.8797904945175822,0.8444747736073662,0.8620600606107646,0.8605555989944539,0.6897390260738625,-0.4337568106340664,0.9467897004098211,0.9445618942335693,0.9437601578316351,0.9655670972830516,0.9377654331546902,0.9500507449777673,0.9493589175622366,0.894925374519942,0.9532556752746632,0.900800593880868,0.7507625366577244,0.9402159275184638,0.9572216911727829,0.6369374731900529,0.8959385484968793,0.8989392660883957,0.8486152173719891,0.9841876356292946,0.8362929962972884,0.145969168934311,0.5222939344486317,0.8485208567524714,0.8125045034977126,0.8425662198889308,0.9849208442051576,0.9849100070481891,0.5010146513402407,0.6112035493497503,0.5082724560034122,0.3746273726230341,0.4725989475450271,0.52078925055477,0.5101999991699626,0.446634466446854,0.7435071289812566,0.5876038463762868,0.5472408417062201,-0.48523155253893135,-0.5397609410832062,0.6567809499920487,0.859655655721435,0.8725770838173532,0.90224828081802,0.8989042086937483,0.658191865446662,0.8369259735557287,0.8644518612393706,0.8636762794365004,0.606202310880971,0.05085390959655278],[0.9940316397403725,0.993318234103799,0.9965182411069986,0.9949921293361564,0.9981442111392351,0.9796475834990018,0.9995568769649593,0.9997316050792627,0.9897213610050166,0.9997367334001239,0.9997365168136829,1.0,0.9997514184635672,0.9997351772733826,0.9997422206966645,0.9996400006467446,0.9979929170960453,0.9993301924089516,0.9999627386780194,0.999962283764759,0.999741239397039,0.9997474339583681,0.9919864279495734,0.9676164814962287,0.9934452503686837,0.9813801377405085,0.9943018416754785,0.9923932801199298,0.9770667778520397,0.9189003790022185,0.9904896273248034,0.9936090338106234,0.9771240473612256,0.9169743091420403,0.9993407370456207,0.9993955259059759,0.9993514822780402,0.9995387115145885,0.9995654286267632,0.9993699434891562,0.9975322251596299,0.9983600900708502,0.9993275302373545,0.9993240549664303,0.989950277391006,0.9224722888285423,0.8933341895240083,0.9451677702878046,0.9313840006840919,0.8788424237038661,0.8685597831896371,0.9094349091319334,0.8727154926084654,0.8942574610846266,0.8667349078874879,0.9546990119157667,0.9546751335940081,0.9800232626159409,0.9941713846385704,0.9630106664117511,0.9643814722934007,0.9565282244658682,0.9584986318915619,0.9597714590597624,0.9596171070683075,0.9189584181843052,0.9316741867528132,0.9020647344931544,0.9019349668627323,0.8178588666940686,0.9604984588458083,0.9629103802188687,0.9631157931178537,0.9625667811813491,0.9233950683477181,0.706878940209519,0.6583005610816849,0.7770559675311273,0.8521503181479841,0.7991821037379953,0.8264707985057617,0.8255036165268141,0.6577537135642789,-0.34292617906958406,0.940793102178854,0.947727311012557,0.9406647386444843,0.9640330391710916,0.9381049797182202,0.9451001427181659,0.9442271058185273,0.891734650297277,0.9481280479627375,0.8964879622216299,0.6925779258987286,0.9373194779665527,0.9315540979456375,0.4820158889672145,0.8297996705471341,0.835037902017629,0.7333659004436912,0.976986198917361,0.7092359936017624,-0.22697769708887258,0.24784601559843017,0.7332783567054909,0.6877768481661848,0.7267355447763918,0.9781707460904446,0.9782132526732474,0.16532050670222256,0.32204283648668713,0.1697914446578954,0.1421370553572726,0.16203213539213882,0.17920433345509193,0.17690259739089848,0.09334382244721029,0.5155396915654278,0.24703298427297485,0.19430980054700298,-0.5071831070041598,-0.550000226979286,0.6576639132821319,0.7503982886567098,0.7745423085109793,0.837049417113428,0.8249452749792211,0.5545534097297226,0.7470252200397174,0.7693426712719844,0.768199954034408,0.41964462503876176,0.2441210912792812],[0.9961616401361875,0.9916678893959802,0.9905446173161884,0.9965868876022344,0.9985589782462344,0.9855960209213571,0.9983682231067417,0.9999970436706337,0.9721469934784882,0.9999985009244537,0.9999962618172338,0.9997514184635672,1.0,0.9999907682850935,0.9999976715307699,0.999339285753928,0.9928066574817884,0.9994670750628358,0.9999141540157264,0.9999139685432215,0.9999702616651668,0.9999989433061899,0.9910683437887956,0.9761177933790535,0.9932772642673936,0.9451474509851234,0.9938044653181317,0.9896164676825882,0.9756081324691027,0.9494329499646186,0.9888120255399996,0.9938814665293099,0.9918976996261637,0.970859892658468,0.999499380552751,0.9995908206751722,0.9996911043928302,0.9997319896521952,0.9992118252346511,0.9995208993905643,0.9982449010918614,0.9988389483637105,0.9995714245271935,0.9994353173280714,0.9825144670204761,0.9280995012993644,0.9468779447959201,0.9484993504413813,0.9324611324991169,0.8797223661676054,0.9554632922564719,0.9398744256206819,0.9573825980458892,0.9548053173505434,0.9453385239758834,0.9794892841246704,0.9775535196591666,0.9905899091583006,0.9970040234336938,0.9436324751231351,0.9598477471095324,0.9672739093106275,0.9711899201949261,0.9692411781381935,0.9468562809694657,0.8976310932988856,0.9513751725847336,0.9549404603426,0.934424404732043,0.8835368658150844,0.9651400262691134,0.934313327784077,0.9627615358764324,0.9443217039992615,0.7668325177001725,0.8506934504281158,0.7763046146495769,0.8658847858323658,0.884913044733035,0.8920729753306417,0.8709430366153335,0.8806522567987443,0.3192194318168785,-0.5987598874976703,0.9610928242363058,0.9447020816869635,0.9438957301357361,0.9482122779681043,0.9567002962843518,0.9674852662187753,0.9675273711103304,0.926079579765213,0.961480943433411,0.8391985599300924,0.7507188258326947,0.9395273300369693,0.9415686986600055,0.7830396763409453,0.9492347804230463,0.9503717331928402,0.8942198705012675,0.974425884846963,0.8356565195226587,0.5811012491363483,0.7029142015993849,0.8567517864022611,0.8441858594072565,0.839489062452355,0.9809387030796114,0.9811367903544423,0.7620089681254044,0.7075100902936526,0.7840825070496338,0.3753134110582647,0.7699909797889388,0.7897943015636795,0.7897901688738582,0.7864294337807721,0.7570850388131378,0.7352888188828113,0.7156491999169765,-0.29632421646932816,-0.44584190860990763,0.6577431180441266,0.8816318034538219,0.9224185755766633,0.9339719955569561,0.9057088974290255,0.8135500329183275,0.9037877473577467,0.9237554380401123,0.9227655895885752,0.7570772115509297,-0.1166964908432201],[0.9961955233789147,0.9915282592506303,0.9928002988658352,0.9967105134354085,0.9985605088584649,0.9860709148960222,0.999459242115214,0.9999922788770232,0.9804598474395103,0.9999910174433954,0.9999945147470958,0.9997351772733826,0.9999907682850935,1.0,0.9999947471476888,0.9995374416193453,0.9976904511214487,0.9994223729619688,0.999898450959139,0.9998974000240499,0.9999512467949567,0.999990916578788,0.9930506520656628,0.9765170537308354,0.9956478631469593,0.9675617932323632,0.9954202669851904,0.9894336207357589,0.975929629907275,0.9495784390298739,0.9889598498520858,0.9938440851534399,0.9911228969749989,0.9703330604138364,0.9994703319521184,0.9995423125890609,0.9996065700545262,0.9998813763421293,0.9991707522327368,0.9994675784890292,0.998079653847718,0.9987564750088129,0.9994880538288796,0.9994807273867433,0.9849890454530024,0.9279206101840726,0.9466124822090529,0.9482303101963702,0.9319282588585062,0.8790546387112426,0.9493081407673889,0.9316936565569214,0.9515044690862389,0.9541379256577608,0.9445970808830322,0.9776908294644311,0.9772104703951042,0.9898013975349684,0.9970003248472359,0.9722220355840602,0.9594334495556848,0.9727862842304157,0.9710400105146797,0.9737708006995701,0.9734888025116153,0.9520851596925864,0.9507662455490007,0.953967262875915,0.9535996261780064,0.9259790016980226,0.9650460112872925,0.9669778423694128,0.9715093786923897,0.9703675171284564,0.9361918182217371,0.8500167502299907,0.8129664460576962,0.8650345036781154,0.8963135168437215,0.8916469524343109,0.8925059772913367,0.8912841999134133,0.6745821567638085,-0.5990677918625142,0.9608943663930455,0.94434912710895,0.9434338410234008,0.9733987861948445,0.9565823335433373,0.967282575524454,0.9673704670642751,0.9260130600704825,0.9677913299908472,0.9378501967340616,0.7504481443519546,0.9395474438611363,0.9474292967388491,0.7820206413930273,0.9490537014638055,0.9501290638678828,0.8938222396182942,0.9747884636713292,0.8839207661237173,0.5803678546519422,0.7017662749763826,0.8914739131888603,0.8565149020346503,0.8821151344510327,0.9812401792283002,0.9814550759952336,0.7605290943129236,0.7061090794618132,0.8000166054510417,0.3746783181828529,0.7740981578107587,0.8046176821274841,0.7991615828304043,0.7848398213618291,0.7565341135045969,0.7335783809076949,0.713957647367509,-0.3884010325602539,-0.509196427443105,0.6566412791939709,0.8812732734457583,0.9189918657770906,0.9293167065157292,0.9057888891524539,0.8121413921546768,0.8904083892153535,0.9117914075681511,0.9113745108161753,0.8418302426870552,-0.08374768376310832],[0.9960878484079321,0.9915918590597497,0.9907325003402091,0.9965306701096459,0.9985602672038701,0.9857863648631013,0.9991556997855224,0.9999981531148863,0.9770656679146966,0.9999976439411078,0.99999822796029,0.9997422206966645,0.9999976715307699,0.9999947471476888,1.0,0.9994330656948309,0.996926621774081,0.999441591781981,0.9999079368678594,0.9999072451235242,0.9999642601626739,0.9999975265256611,0.9912185489871275,0.9763498324247935,0.9949973440080644,0.9589876331203394,0.994801108115396,0.9895678873589477,0.9758514101540952,0.9496364088095347,0.9912700407030616,0.9941526397831615,0.9917527571897627,0.970614027097866,0.9994688773200522,0.9995516241210738,0.999667361745889,0.9997475839260573,0.9991751414180078,0.9994759560559959,0.9981820922674398,0.9987851933920188,0.9995386289888406,0.9994049443604732,0.9827364436198918,0.9278811903634275,0.9467059715161475,0.9485376151529561,0.9323928126078281,0.8792957344970643,0.9551896090648558,0.9396041498201169,0.9571364087486043,0.9543883428628998,0.94484244346417,0.9792593232687901,0.9772993296379818,0.9904156102175484,0.9968920482678189,0.9436441996009357,0.9598301834509207,0.9671917215740613,0.9711623101851441,0.9691471370238434,0.9464141723442285,0.8977681163984907,0.9510530329549616,0.9546236881722079,0.9342305997492649,0.8833412420088164,0.9652322729050091,0.9344809944460086,0.962773337119264,0.944368364363912,0.7671696360991913,0.8502897015327361,0.7760617836656517,0.8655450843233755,0.8848030067971913,0.891875948190996,0.8707286121355884,0.8804505506370345,0.31935508096440773,-0.5984675116422951,0.9610137185874634,0.9445979389829079,0.9438050720942189,0.9466313772632847,0.9567033636849536,0.9673895276243877,0.9674263712307987,0.9261679077876203,0.9613795979005865,0.8393427881060173,0.7506337676237193,0.9398697581598962,0.9419747273898598,0.7829078669039228,0.9491289169126883,0.9502790100547868,0.893695366751542,0.974595269397732,0.8352158716946932,0.5798640935238237,0.702134664238343,0.8562983305124875,0.8437832072910844,0.8390492277479847,0.9810500490638829,0.9812449910840675,0.7609817233559634,0.7066063115877796,0.7834647871747525,0.3748638479408125,0.7692918459075628,0.7890263726121318,0.7893392474714145,0.7856194963324076,0.7566355192257576,0.734076908572759,0.7144514352282342,-0.2970937004594558,-0.44650396515507257,0.657507060591771,0.8810153409418933,0.9220901747267884,0.9334851669901939,0.9052754135787725,0.8127762873105356,0.9034190201636395,0.9232246453459628,0.9223640391985022,0.7564937987865795,-0.11594562156877561],[0.9976252721966746,0.9938363008515703,0.9901244229943178,0.9979114847152636,0.9990602253105074,0.9854255795382479,0.9998888224417886,0.9992882600360693,0.9748837351407846,0.9996595590107193,0.999638159318269,0.9996400006467446,0.999339285753928,0.9995374416193453,0.9994330656948309,1.0,0.9983301022313482,0.9998416347001633,0.9995265236439178,0.9995315453642647,0.9997557205446695,0.9995114342895884,0.9908185802034485,0.9752254662778173,0.9935623238363512,0.950927972329608,0.9931983497906579,0.9913042929233069,0.9738379094064429,0.9500863988976486,0.9917551050137555,0.9925333004935565,0.9926663579224355,0.972790806295603,0.9992539405779417,0.9997272052506715,0.9997055061540092,0.9995489930022059,0.9995670097917381,0.9996808808554392,0.9988088763355051,0.9995620173815587,0.9994956038998147,0.9992476142513019,0.9812315688906618,0.9263650199216813,0.9489002598746445,0.9439796281900578,0.9322303781860702,0.8864073109376067,0.9573855967415273,0.9443370519519134,0.9596300386419871,0.9587547964027066,0.949330988553458,0.9813749981537924,0.9795092716111196,0.9914313236000144,0.9963937381968304,0.9484597512389162,0.9633993684861919,0.9725552956144159,0.9737187425583368,0.9742319278865105,0.9493920927257716,0.9039712853945885,0.9543996238290428,0.9602744660599873,0.939483472532985,0.8925237917997144,0.967638387552349,0.9398708392205273,0.9674579758504795,0.9490052676976315,0.7761908494673898,0.8560037425000463,0.7806216789439503,0.8709784373852281,0.8901333120579441,0.8946959557176561,0.8746206293536041,0.88599023561245,0.33099341608891186,-0.5952169983986151,0.9643367515710545,0.9496822518283684,0.9485951642246543,0.9510462217247998,0.9608567215784749,0.9707342024320965,0.970811905343797,0.9305598170243066,0.967017023511909,0.847715380061294,0.7516027408459697,0.9290059974845151,0.9332894205171965,0.7850142037713981,0.9490907356402489,0.9500349862915876,0.8939795645685146,0.9708327797862337,0.8345043157704563,0.5906307441357548,0.707490