var config = { responsive: true }

var correlationAdjClose = {"data": [{"type": "heatmap", "z": [[1.0, 0.9999907078490246, 0.984479024603012, 0.9999214054741252, 0.998878589574136, 0.9885583898083642, 0.9974859534041907, 0.9952292596080993, 0.9955235802649134, 0.9795515294165545, 0.9919463523635151, 0.9953752259021653, 0.9945834031279412, 0.9952842838834642, 0.9954207517874446, 0.9965347019836629, 0.9981659754031732, 0.996007233901293, 0.9960206017659926, 0.9960567422656229, 0.995322508074816, 0.9854828640344947, 0.9690492028055596, 0.9877536512551057, 0.9865847622774131, 0.9805848677540716, 0.9633177669086578, 0.94272654464437, 0.9942530754171636, 0.9945977271943038, 0.9917659443596675, 0.9747108095037047, 0.9973968699420891, 0.9976968291444552, 0.9970710539386222, 0.995440492096579, 0.9949181227022024, 0.9975488944002638, 0.9976088907252496, 0.9986848549546204, 0.9973370165101219, 0.9973473406854785, 0.9765274243568797, 0.9204657320359144, 0.75214648127244, 0.8991388227944253, 0.9049511680786865, 0.8416920433862422, 0.9678297190096739, 0.9446111190271816, 0.969097032420034, 0.9658540252574346, 0.9596522920660677, 0.9859390373317476, 0.9823777469647702, 0.9839363009939215, 0.9769119629921074, 0.98582943502409, 0.9831206891601255, 0.9864688432980525, 0.9862305069937056, 0.9639608506496512, 0.9668816355794243, 0.9712754848446544, 0.9709392807671516, 0.9439302293919565, 0.9750507517885284, 0.9735391372613436, 0.9818443857721488, 0.9809595222053381, 0.9352261669955662, 0.8574983727708033, 0.8253987931207291, 0.8765440010678227, 0.9039500358785827, 0.8986508470117389, 0.9021325708207217, 0.90072909402856, 0.6210159871628452, -0.5704748623994293, 0.9764172431771181, 0.9672008141652683, 0.9638199218884183, 0.9848147235627168, 0.9580547128923376, 0.9813393450204131, 0.9812880171247667, 0.9446698368134272, 0.9815979800800402, 0.9489334059417027, 0.6270291214914436, 0.8570967503226726, 0.9135181087941906, 0.21134278047275445, 0.9191446572675035, 0.9397316908629127, 0.8119805680248607, 0.9566815537099644, 0.8959702600778203, 0.6535066694273215, 0.4564435337728493, 0.8915516765786495, 0.8622758445229087, 0.8880276549168493, 0.9676906531993782, 0.9679140392223334, 0.7378954063103677, 0.70253658028622, 0.8267464401483647, 0.33449726980314887, 0.7946054992771417, 0.8310283675874046, 0.8174826616900427, 0.8156183050199897, 0.7446764722698154, 0.740614707146191, 0.7205234398113853, -0.23734437136087191, -0.3725296009253224, 0.630825438139483, 0.8998513067890901, 0.9454135966914593, 0.9495932223996764, 0.9194305696476348, 0.8284942398389525, 0.9169845102307808, 0.9387666531567568, 0.9385871053038776, 0.8732412521550132], [0.9999907078490246, 1.0, 0.9821275984310859, 0.999761147010439, 0.9974571303266654, 0.9903959693684603, 0.9928197422099538, 0.9883322035737389, 0.9883698837516004, 0.9668861466262604, 0.9908439565877706, 0.9885893737349957, 0.9884015398564133, 0.9884523316391142, 0.9885504788692828, 0.9934072202311529, 0.9951169561992134, 0.9918756269990897, 0.9918639809927121, 0.9884492088593184, 0.9884969090358158, 0.9874642657499771, 0.9602965157241242, 0.983706793774607, 0.9833684391270278, 0.9804130541672056, 0.9713433107742461, 0.9056304025829081, 0.9878103719016028, 0.9837488102193558, 0.9755589445440037, 0.9105898398784886, 0.9945228289896726, 0.9943411290607114, 0.994632129160222, 0.989667318692305, 0.9940342550400632, 0.9946206583088237, 0.99493619208026, 0.9965346124030262, 0.994627890704946, 0.9946206102587036, 0.985623300271797, 0.9202204350803903, 0.6153949788749994, 0.8987606318750347, 0.9050623873984801, 0.8418560126680757, 0.8767364594715793, 0.9121048006466754, 0.8806458084287372, 0.8980384675591062, 0.8755610585901495, 0.9548230721392318, 0.9547093147231099, 0.9730879581837477, 0.9772952822350226, 0.9709516080938455, 0.9704816457199054, 0.9737621095397362, 0.9736680212160488, 0.9335443327952069, 0.9425169310802485, 0.9063639492308723, 0.9062430333274973, 0.7973246834834485, 0.9678908823038502, 0.9703324096960448, 0.9706014573459345, 0.969973429101874, 0.9285327866292907, 0.6371266844010228, 0.5766315100568301, 0.7347748572068976, 0.8333246360848825, 0.7585063565413243, 0.797915484948793, 0.7960782438114824, 0.5691732586862591, -0.2764562745859891, 0.9549061294861203, 0.9622496634107435, 0.9545786676296374, 0.9740517801086013, 0.9357593489087568, 0.9597708616215781, 0.9587819947748956, 0.898691937958036, 0.9629316501992689, 0.9048953181141814, 0.4398248667622043, 0.8560481530824651, 0.8545187997364959, -0.2021849107006878, 0.6322578664730502, 0.7305928262504641, 0.6289713209664836, 0.9540918616815143, 0.6455987034161987, -0.21965462093179072, -0.1030295227436194, 0.6109207987335206, 0.6203423649300713, 0.665649121916859, 0.9557921230913898, 0.9556217281565759, -0.09474762952394238, 0.13913388826537515, -0.014206086154524952, -0.04710692279599598, -0.018631843326719504, -0.0022091647496908233, -0.03442974188458957, -0.07546204942195511, 0.3353707567401559, 0.07962772708966229, 0.03131495411718088, -0.454559055749924, -0.48701905614159785, 0.6307774844050394, 0.743826704282116, 0.7672444905259274, 0.8298387346700504, 0.8239011378442683, 0.5329282280477958, 0.7321174261971457, 0.7642203419124476, 0.7628355224363389, 0.4113279333510716], [0.984479024603012, 0.9821275984310859, 1.0, 0.9859296278795417, 0.9927332798336845, 0.9898348926482831, 0.9906970480285813, 0.9910963079506387, 0.994370762985942, 0.9543099445368384, 0.9969274435903241, 0.9909960620691961, 0.9929367292067962, 0.9911576036214051, 0.991068727467179, 0.9916631090722955, 0.9900490075907802, 0.9896572385648488, 0.9896121423535518, 0.9928958934080969, 0.9910148185090842, 0.9933717107275112, 0.978815953099426, 0.9906629045310597, 0.9910654699700553, 0.9790192770442155, 0.9817733502359373, 0.9463860145956935, 0.9733197098374549, 0.976622073948996, 0.9782539912351362, 0.9499613386648578, 0.9879625154247489, 0.9910841237456253, 0.9893897224424512, 0.993075886268791, 0.9946808531973133, 0.9921051669976265, 0.9873578808415855, 0.9878111161173783, 0.988238175121556, 0.9875912063154945, 0.9904505463773231, 0.9207831081839698, 0.693517434105894, 0.9262649622901663, 0.8974879426244928, 0.7502133367161741, 0.9288736596817125, 0.8997992722686178, 0.93100426118044, 0.9257769075309751, 0.9169462108522276, 0.9532202067478571, 0.960207130471089, 0.9302346801474924, 0.9467505244585227, 0.9532900452300256, 0.9588076596465435, 0.953926486617484, 0.9282141324524076, 0.8949683921915971, 0.924818208904183, 0.9234350352442392, 0.9068680399826329, 0.8604048504143903, 0.9584544729102064, 0.9363521718646403, 0.9540273411825281, 0.9324315657756368, 0.7668491121103133, 0.7961279352057736, 0.7309933320478464, 0.817380274824997, 0.8630835680267542, 0.8603156594615361, 0.8326247556901148, 0.8462618292810233, 0.29488617432095987, -0.5713849177966159, 0.9448143797762705, 0.916248227492419, 0.9210589304482597, 0.9307083880913933, 0.9278034039436752, 0.9501620293147898, 0.9497752334899473, 0.9098454844900203, 0.9467591144425325, 0.8341390098312015, 0.5976811647487691, 0.9298514189085786, 0.934161909856456, 0.13362099271283318, 0.8994732744497927, 0.9226845940144295, 0.7973564955628099, 0.9773979307325322, 0.7787651786962669, 0.561938854021111, 0.3782058769493077, 0.7855150683622277, 0.7874100569401906, 0.7741070569039569, 0.9811594274358565, 0.9812042021560567, 0.6565525410756694, 0.6365675437707338, 0.714963968610574, 0.26396712755549917, 0.6896088255578815, 0.7120766908926582, 0.726263350895907, 0.7083686251231524, 0.6975012946442712, 0.6663498180437799, 0.6442849175090261, -0.3124221632812279, -0.4470894653848382, 0.584081366899207, 0.859604372687677, 0.8958459797924355, 0.8974097988147128, 0.8925515608748502, 0.7582556750508022, 0.8701295759557875, 0.8843799170788901, 0.8932239945969237, 0.7396827399576695], [0.9999214054741252, 0.999761147010439, 0.9859296278795417, 1.0, 0.9991925683482131, 0.9894919336964878, 0.9978365524043307, 0.995767468663426, 0.9961587311688236, 0.979231816342311, 0.993454639035162, 0.9958953477422262, 0.9953151071425407, 0.995820698476353, 0.9959354881517889, 0.9970601649758426, 0.9984947458685345, 0.9964763207353524, 0.996486182140616, 0.9966008324486619, 0.995845136496251, 0.9867659262010242, 0.9703824233670904, 0.9888773232361787, 0.9878204541409666, 0.9831008217715311, 0.9654538099963972, 0.9439241118176902, 0.9937547688030449, 0.9942710873312328, 0.9919014455713734, 0.9743882664047023, 0.9975671844820888, 0.9980173732888332, 0.9973970716630465, 0.9960262501156321, 0.9957720650752546, 0.9979093347605726, 0.9977300866897364, 0.9988315625387781, 0.9974980499656102, 0.9975043190751162, 0.9783651258718743, 0.9160684888362307, 0.7457445458298321, 0.8998274417980735, 0.9021786763887457, 0.831032142590652, 0.9649342880947545, 0.9411609773280968, 0.9660897001683403, 0.9631876450741504, 0.9568005499362608, 0.9838700285150714, 0.9808443688572692, 0.9821153023204022, 0.9750693540202464, 0.9842022547054857, 0.9822032136445311, 0.9847617239447403, 0.9845191593142262, 0.9498656422324132, 0.9651388417398794, 0.9695116677281274, 0.9691760972483892, 0.9370532421825213, 0.9743043686695179, 0.9697763374694575, 0.9799967270329069, 0.979068784515207, 0.9065732436057516, 0.8552964888537563, 0.8204499239207079, 0.8740431144655356, 0.9002410678648943, 0.8976971489753282, 0.8989878591265835, 0.8976538276122077, 0.5152699647357012, -0.5705707880320364, 0.9751241693251267, 0.9648323919768457, 0.9615077439207761, 0.9829980752278573, 0.9567801607176293, 0.9801919299600856, 0.9801395226906098, 0.9434223411494294, 0.9797446104191726, 0.9277130585213454, 0.6328031824606445, 0.8661388402813641, 0.9181308348465788, 0.21154575186556293, 0.9209115724311887, 0.9412430150434333, 0.8123480207889745, 0.9582265639257028, 0.8898472387150956, 0.6503445323722973, 0.45401234479427516, 0.8865094958740558, 0.8587541027000066, 0.8826516872449497, 0.9688253106907269, 0.9690573619326865, 0.7370037809394069, 0.7028967313439373, 0.8188420755502764, 0.33668132069026174, 0.7890593563599028, 0.8228382090492152, 0.8093684968647731, 0.8103821411405078, 0.7476836124181925, 0.7407700893166569, 0.7207451626257976, -0.23272571345689833, -0.37177305031469066, 0.6288979651641023, 0.8979881199115037, 0.9436980979817279, 0.9479219314392849, 0.9183791764935644, 0.8257229822017909, 0.9150781499645029, 0.936627909273758, 0.9366047270237741, 0.8655555598578393], [0.998878589574136, 0.9974571303266654, 0.9927332798336845, 0.9991925683482131, 1.0, 0.992261062402581, 0.999035942051301, 0.9982462641914707, 0.9983016580987397, 0.9725841461023235, 0.9975563105561676, 0.9982947392648723, 0.9980707681757726, 0.9982810146754146, 0.9983469975354278, 0.998613830036516, 0.9991911387657154, 0.9986802766898604, 0.9986777163046174, 0.9983711444744491, 0.9982748904898836, 0.9935275487471844, 0.9779398820652118, 0.9936225893540539, 0.993546486858815, 0.9869335576134779, 0.9796602259213147, 0.947098123672004, 0.9902936218965224, 0.9925280822142587, 0.9895879002767894, 0.9650797207913868, 0.9989385360121297, 0.9989708494778491, 0.9989606985729158, 0.9983979605408179, 0.9984950616534025, 0.9990613327744577, 0.9991155906077979, 0.9991254995434401, 0.9989223133835308, 0.9989177002597331, 0.9888464148953925, 0.9257148177380657, 0.720956669225206, 0.9155838879870281, 0.9057492297132974, 0.8115366584969939, 0.9488626999507781, 0.9281415057475351, 0.952629577806263, 0.9543314922757324, 0.9476272673751586, 0.9798181251555298, 0.979738954096306, 0.9776681990250274, 0.9685330680750441, 0.978694961517051, 0.9774679581256195, 0.9790115499387638, 0.9787055311355803, 0.9513693963113794, 0.9542010741594567, 0.949528120184076, 0.9490706630196478, 0.9015896318992909, 0.9710063615056927, 0.9677103412277448, 0.97469236181989, 0.973681191549323, 0.929539732823573, 0.8291983128065149, 0.7820496523109067, 0.8550995371989936, 0.9019835171657067, 0.8822090285741954, 0.8913015243657183, 0.8899803506496875, 0.6726205456578839, -0.5935358585191709, 0.967337192927275, 0.9516972221028404, 0.9498161562556071, 0.9788498836965289, 0.9426449484054976, 0.9719968750634929, 0.9714861996618728, 0.9317004903869264, 0.9741127132238722, 0.9360582217314984, 0.6185146175970503, 0.8893517940604807, 0.9397431457430222, 0.1087525295422309, 0.8974123820640734, 0.92421145057699, 0.8057836791496097, 0.9643462581027714, 0.8784376750699333, 0.499857893575523, 0.32743574627929, 0.8653275245173205, 0.8184098332328101, 0.8669727211676586, 0.9732617166312654, 0.9734400754848321, 0.6891366734355381, 0.6825608200898153, 0.7334469918631802, 0.31023813597930905, 0.6688459700428745, 0.7393729923744106, 0.7149524104750223, 0.6948327257791949, 0.7306571793116019, 0.7225822444059451, 0.7015525659822752, -0.4580696699582635, -0.5338366278858613, 0.616364340681056, 0.8902724620971416, 0.9274049102133711, 0.9390717002284181, 0.9143881793550073, 0.8009977843176572, 0.8966946344709927, 0.9204696716857851, 0.9199697407147692, 0.7986129703947367], [0.9885583898083642, 0.9903959693684603, 0.9898348926482831, 0.9894919336964878, 0.992261062402581, 1.0, 0.9888589345510258, 0.9888109281191035, 0.9882902736155118, 0.9647260492323133, 0.9790396749669007, 0.9887639544564245, 0.9898743140011018, 0.9888710571751449, 0.9889862513910161, 0.9918368702823692, 0.9899725940258814, 0.9897005885299633, 0.9896695098307372, 0.9876498190325128, 0.9887898168231655, 0.9961213051692319, 0.9910991736632374, 0.9885239431088793, 0.988294320276797, 0.9677924989583195, 0.984466894203659, 0.9655873564907694, 0.9734718899814085, 0.9771408019580478, 0.9853458441643613, 0.9719659638603034, 0.988835375171362, 0.9890058393734135, 0.9898014221238204, 0.9897470365204342, 0.9818558970609907, 0.989743027335111, 0.9892099851399322, 0.9893877232083186, 0.9889327658285254, 0.9889094578022984, 0.9945151629009178, 0.8798807360809476, 0.7270341895637749, 0.8761036348096881, 0.9026196636789484, 0.8366542122866494, 0.9359627664433385, 0.9126492387493765, 0.9377124173142826, 0.944861721040191, 0.9338085798355819, 0.9629351717846166, 0.9674312232344052, 0.9674530530188473, 0.9791087382083508, 0.9685798610007389, 0.9803426375633469, 0.9685010417243499, 0.9679313816197304, 0.9667486685527796, 0.9587439789475821, 0.9429957008704208, 0.9425063789545833, 0.9290185176543, 0.9774159269487054, 0.9697754424840003, 0.9685937880939556, 0.9668994655679997, 0.9479005908662004, 0.8541667174995915, 0.806212494094087, 0.8746943430049747, 0.8944599421109265, 0.9017230220254807, 0.8851167657918682, 0.8830525293240611, 0.6396688986802015, -0.5343636497152711, 0.9739606938874756, 0.9692381282772806, 0.9659666343653944, 0.9686094055037078, 0.9555731797066985, 0.9743937479843023, 0.974046479912317, 0.9535752500204749, 0.9639334195089783, 0.9532095330521013, 0.6333916211586887, 0.8279648310827898, 0.9355247073364561, 0.21269374884840275, 0.9103249630940472, 0.9290803213342478, 0.8080761022961602, 0.9546732601045884, 0.8472592565593597, 0.6006764974594497, 0.4344927014888413, 0.8443258431077983, 0.8200768330361691, 0.8415863976290268, 0.9570034448940232, 0.957086880631, 0.7008906891955868, 0.6834993379993333, 0.764427713295308, 0.33696821419541834, 0.7423067669734784, 0.7701622693640817, 0.7559770709847999, 0.7581051335100792, 0.7356878151975531, 0.7128470751195616, 0.6948950250239416, -0.2633551697300159, -0.3901663957383202, 0.6603110465486038, 0.8859844254201931, 0.9039818769496581, 0.9122827543481788, 0.9005661878794913, 0.8015522880935875, 0.8728653870415277, 0.8955412738381245, 0.8955802739577177, 0.8401796643850323], [0.9974859534041907, 0.9928197422099538, 0.9906970480285813, 0.9978365524043307, 0.999035942051301, 0.9888589345510258, 1.0, 0.9971219444294198, 0.9995237200086651, 0.9719218429944085, 0.9994099665061567, 0.9981100427261259, 0.9990616606967392, 0.9990077457733174, 0.9987801852587637, 0.9981329518674917, 0.9998888867955413, 0.9992454440059779, 0.9992514461293771, 0.9996459395767925, 0.9992137001305071, 0.9906566793951302, 0.9745066604714585, 0.983945021793813, 0.9924098765133785, 0.9861597426726173, 0.9715684855963661, 0.9424749258905369, 0.9923490786809975, 0.9917435273466206, 0.9929668782583965, 0.9711485819649351, 0.9988146244644519, 0.9998157613787538, 0.9996478843993053, 0.9993870703696354, 0.9996482875782765, 0.9998466737910782, 0.9978855492271809, 0.9996320857196006, 0.999265539717185, 0.9988669948156987, 0.9832499036046836, 0.9312377428871184, 0.7360205898808577, 0.9286329797406921, 0.9160141085721487, 0.8024263615032291, 0.9594835406220545, 0.9404903628842973, 0.9614876706090937, 0.9584578109605847, 0.9528254728774262, 0.9819153333198775, 0.9799772549277646, 0.939704784169576, 0.9542957032102944, 0.9683403963706395, 0.9685501239604312, 0.9701933205183852, 0.9399968735681877, 0.888489446308384, 0.9439734980837148, 0.9545768017681229, 0.931390100890004, 0.8746446727431135, 0.9597337181126718, 0.9289745514085922, 0.9618084676455613, 0.9399623930745024, 0.7307922601406347, 0.8238069031441954, 0.7535786693313582, 0.8411921062101525, 0.869727317035028, 0.8733962439559767, 0.8533066535820704, 0.8657304037168398, 0.2499728593770938, -0.6057300793741108, 0.9574874074378238, 0.9344311208955937, 0.934821610261094, 0.9421409120510937, 0.939668705384542, 0.9656674248952293, 0.9657219322444207, 0.9220770046869584, 0.9618195332760809, 0.8184107515602058, 0.6140062540206354, 0.8901218198256421, 0.9179876367219357, 0.18802156985858867, 0.9181848101857947, 0.9397363605372673, 0.806295967732577, 0.9640136192446107, 0.8310762777881934, 0.6376801219399076, 0.43739344715823497, 0.8430790139642882, 0.836893995160973, 0.8287819894368881, 0.9734335827432227, 0.9736769759345715, 0.7225252814707956, 0.6787240932911118, 0.7838418089414576, 0.30530134388710906, 0.7655847896932891, 0.7927115729370983, 0.7835084339893913, 0.7889695326043246, 0.7261377539267571, 0.7271096475585525, 0.7052415019171445, -0.25198111407414553, -0.3982080181732617, 0.6353484388387983, 0.8915102934353282, 0.9302691680030395, 0.9456425267890274, 0.9174755904134818, 0.8235601446581352, 0.9144122582525402, 0.9362704359041842, 0.9356619276284213, 0.774611056413478], [0.9952292596080993, 0.9883322035737389, 0.9910963079506387, 0.995767468663426, 0.9982462641914707, 0.9888109281191035, 0.9971219444294198, 1.0, 0.9999841417949173, 0.965846413262622, 0.9996361981244012, 0.9999968690313149, 0.9996587503000579, 0.9999978261143829, 0.9999814861472114, 0.9964335728913296, 0.9991975675530202, 0.9998862602659769, 0.9998855440691146, 0.9999560733414656, 0.9999941950653644, 0.9908179675541263, 0.9754442507644648, 0.9916685339405414, 0.9929105579508781, 0.9830306579655927, 0.9737253195484808, 0.9409882271884482, 0.98865004592145, 0.9942642268298006, 0.9915955618678116, 0.9677136964860464, 0.9994262482895464, 0.9994849689688048, 0.9996091194021949, 0.9996817757617007, 0.9987466933445349, 0.9993987397920095, 0.9991062975591709, 0.9984402048227096, 0.9994959726836581, 0.9993550811571532, 0.9846620022516442, 0.9316486674287672, 0.722777973937398, 0.93525988158299, 0.9134490641003937, 0.7803821943922231, 0.9580186955042794, 0.9355271557228592, 0.9595965727688585, 0.9519816816864816, 0.9463234352282017, 0.9799497659820743, 0.9767094309928069, 0.9338222801596415, 0.9479951821603673, 0.9601985467570939, 0.9643174871848074, 0.9625667275203549, 0.937978189965915, 0.8771787345450641, 0.9375732645271727, 0.9464552461801294, 0.9251924300429691, 0.8588460843698846, 0.9559181330426093, 0.9212411724076577, 0.9549772858928695, 0.9344655135695734, 0.713496803926654, 0.8132882047988107, 0.7484505346192936, 0.830628517125233, 0.860436127278009, 0.867005533596745, 0.8479129453425812, 0.8572682690630876, 0.22856388760900342, -0.6118497388641931, 0.9517346685328298, 0.9239466739257598, 0.9259949055437607, 0.9398596914774227, 0.9328084561677413, 0.9600888680319519, 0.9601435964063992, 0.9144128439992982, 0.9531599754440975, 0.8027219146378217, 0.6089512166690246, 0.9120129624260251, 0.9308478771536621, 0.1745104151516823, 0.9173629979731747, 0.9392417290109898, 0.8034548016259923, 0.9688723974420723, 0.8351050476112933, 0.6234815848818436, 0.4237463254444386, 0.8445727098696637, 0.8338852149030739, 0.83244175894788, 0.9765527456623748, 0.9768012216565314, 0.7122330401380523, 0.6694743590122825, 0.7860536186458428, 0.2898888390008242, 0.7604195475994233, 0.7884796058750032, 0.7850067979764973, 0.7835019968641301, 0.7184878247185991, 0.7205426029634857, 0.6979658369050473, -0.2694425556411983, -0.4147356525043342, 0.6160167288125479, 0.882794172087032, 0.9280893854182334, 0.9379112278770959, 0.910966815112717, 0.8119162038715596, 0.9078895099943367, 0.9299506173547011, 0.9296042421401308, 0.7539783699305773], [0.9955235802649134, 0.9883698837516004, 0.994370762985942, 0.9961587311688236, 0.9983016580987397, 0.9882902736155118, 0.9995237200086651, 0.9999841417949173, 1.0, 0.9651458505580054, 0.9996349128399052, 0.9999813300334824, 0.9998339548166381, 0.9999898594259475, 0.9999963147383799, 0.998980612406775, 0.9991832613195119, 0.9998211679779925, 0.9998197298295566, 0.9999664906246456, 0.9999816082800456, 0.9936908138977063, 0.976556564173695, 0.9949513075898898, 0.9951056006259911, 0.9829968965818234, 0.9778819308206818, 0.94194100972861, 0.9891926592433203, 0.993311512325371, 0.988589890024007, 0.963066942441849, 0.9993433785423727, 0.9994248410151496, 0.9994241670490112, 0.9998352027587483, 0.9987576988655712, 0.9993887137620516, 0.9993274907663112, 0.9984512495085838, 0.9993369202021444, 0.9993285170743522, 0.9890138692206213, 0.9317537959865316, 0.7235902769275492, 0.9351039899035591, 0.913341733610038, 0.7806111700962289, 0.9452797533758386, 0.9231813005271373, 0.9485774442519663, 0.9493634391446162, 0.9436017299904799, 0.9773374260993198, 0.9768259592076607, 0.9661396127859533, 0.9483945314325586, 0.9670840039530763, 0.9643716290390209, 0.9675026020225216, 0.9671484431843058, 0.9375443354226165, 0.9368042678553005, 0.9381316300842141, 0.9377029482217988, 0.8888350978067155, 0.9562611582569986, 0.9573331950195137, 0.9636804939059799, 0.962436734170341, 0.9153797078461292, 0.8125458440508373, 0.7592961675017016, 0.8297317312509244, 0.8818478536155125, 0.8650962570540651, 0.8729188852899621, 0.8718472605291674, 0.6163393514073263, -0.6281937722640969, 0.9516322586996994, 0.9239758526841841, 0.9260953536860815, 0.9675683278445418, 0.9260632160043185, 0.9595611941886436, 0.959018045814924, 0.9152079185797629, 0.9619456086727173, 0.9198964497781144, 0.6071398162475468, 0.9114614057726094, 0.9452445469409261, 0.11746627066512652, 0.9032311784119023, 0.9292865328299553, 0.8025371859259947, 0.9675235183939424, 0.8851823007171976, 0.5286009750286799, 0.3514818229646119, 0.872709141294649, 0.8266475512167664, 0.874934404760446, 0.9764658767762523, 0.9767450946294234, 0.7101262592082461, 0.6665113803504266, 0.749801465226175, 0.2875869614938565, 0.6871460627182068, 0.7553208192270517, 0.7328477191230827, 0.7136348728768943, 0.715797542446107, 0.7172996242279349, 0.6946778218617347, -0.5080542409425808, -0.5852237241846157, 0.6156378976686692, 0.8816545862797988, 0.9267580065069879, 0.9393288888007874, 0.9099812337164291, 0.806825650909858, 0.896844748496931, 0.9198831825731947, 0.9193175050439892, 0.8079713064386704], [0.9795515294165545, 0.9668861466262604, 0.9543099445368384, 0.979231816342311, 0.9725841461023235, 0.9647260492323133, 0.9719218429944085, 0.965846413262622, 0.9651458505580054, 1.0, 0.950656370141364, 0.9662455003060609, 0.9651508674509091, 0.9659707062391969, 0.9655201466001829, 0.966979259561869, 0.9749258130710495, 0.9704703179529642, 0.9704985092820022, 0.9660233396769988, 0.9661139896149514, 0.9657234379897295, 0.9527860129428525, 0.9729104375447901, 0.9707675549773381, 0.891081226142941, 0.969313407744672, 0.9511935731382521, 0.975851869143233, 0.9699417604909739, 0.969960052712149, 0.9353050900211662, 0.9743127008068965, 0.9738741400101886, 0.9743498234348404, 0.9664080205654315, 0.958608656749303, 0.9733282816961013, 0.9741377192473206, 0.9772613165546143, 0.9745019446708504, 0.9745341980442034, 0.9558783911934146, 0.844497234224079, 0.5432137502394611, 0.7917228399471538, 0.8914314730526091, 0.8754460206931638, 0.9021468335885429, 0.8282221511866975, 0.9066517748447752, 0.9159810958133799, 0.9037554116810155, 0.932785351805408, 0.9326381189851335, 0.9438381034959029, 0.935380081200631, 0.9543987205818186, 0.9479245432149107, 0.9527255069030962, 0.9527407626148643, 0.9120916865492401, 0.9527612644532341, 0.9376256276576156, 0.937324636640972, 0.858102315227166, 0.93544168304225, 0.9434441086502117, 0.9367921021835663, 0.9357255099928642, 0.8861777097633261, 0.8203658374279444, 0.7766360221102676, 0.8637902196511031, 0.9155232652649875, 0.8871853804937991, 0.9014015184385029, 0.9006680542710037, 0.7116286241554729, -0.3142890592163543, 0.9531040025157325, 0.9536094298666429, 0.9460237080354466, 0.9456434644308296, 0.923584572236292, 0.9543728276669006, 0.954295027661879, 0.9015128249816309, 0.9563767376453473, 0.9065616136220885, 0.7124933870872436, 0.6843329686748566, 0.8651721084846704, 0.11042719476688619, 0.8531463643252543, 0.8900506984658576, 0.8746499674584959, 0.9496309390613363, 0.9058302404685844, 0.4244401120505994, 0.37368985817668476, 0.8977353725824773, 0.8742759505871521, 0.9042424769383083, 0.9499040404253197, 0.9502468628733615, 0.5405580763569354, 0.7052245802321991, 0.6167558388268115, 0.485973718267111, 0.575263527402852, 0.6312641773042652, 0.5917760334992777, 0.5671934867835015, 0.8074279555414158, 0.6847037025219584, 0.6493800040244117, -0.2811613425249393, -0.32945162651407023, 0.7509561639416895, 0.9173281305651672, 0.9238046463852625, 0.9116058254401763, 0.9423413448631777, 0.6606079016150684, 0.8433041063221254, 0.910074214411055, 0.9092162923719844, 0.6919666158444084], [0.9919463523635151, 0.9908439565877706, 0.9969274435903241, 0.993454639035162, 0.9975563105561676, 0.9790396749669007, 0.9994099665061567, 0.9996361981244012, 0.9996349128399052, 0.950656370141364, 1.0, 0.9996656746314618, 0.9996429322471014, 0.9996510916760091, 0.9996573254628414, 0.9994040661261313, 0.9988861402897962, 0.9999539228983971, 0.999952291502163, 0.9996500497200256, 0.9996561574292331, 0.989774417516301, 0.9561516838737321, 0.9909029604636331, 0.9920742192062921, 0.9876770978475652, 0.9692998253753253, 0.8921443647662949, 0.9884453535412135, 0.9922567192330844, 0.9719580012577589, 0.8947633168019867, 0.9991344486077717, 0.999204767396032, 0.9991315609237938, 0.9994475052827945, 0.9993883013788052, 0.9991546789851743, 0.9990126948957815, 0.9975748633111643, 0.9991041219101731, 0.9990935291569149, 0.9894239645733819, 0.9256925147056131, 0.575603032222823, 0.9303986394148666, 0.9125136949484733, 0.78507612979823, 0.8594641858287287, 0.8915370007119299, 0.8650387995537469, 0.8754018556123443, 0.8563604963080184, 0.9503148564942772, 0.9502307147540203, 0.9487103965415905, 0.9511718904145549, 0.9402093421577072, 0.9422952565903544, 0.9448253728369198, 0.9446184504029864, 0.8930856651154052, 0.9048981474998137, 0.8614445347930331, 0.8612407804021353, 0.736385255852561, 0.9446277907188254, 0.9481902578920987, 0.948377902636466, 0.9476470240209619, 0.8943001019929184, 0.5838552053372132, 0.519340275972745, 0.6814347758816421, 0.7877901936383727, 0.7113447354967427, 0.7519535315204646, 0.750740197100546, 0.5089436366775452, -0.40178037727776167, 0.9175242331874434, 0.9280573291076555, 0.9171696299467843, 0.9502412970940517, 0.8938656308675231, 0.9237505433789676, 0.9224431963718396, 0.8505991676235548, 0.9282974167830536, 0.8585368626624874, 0.4927499230524841, 0.9076766477517162, 0.9032788351439143, -0.18979054668783282, 0.6733885171117439, 0.7620331697587253, 0.6423814118553968, 0.9697373760996625, 0.657802115471276, -0.16508475136331816, -0.07600495486404339, 0.6284500006403212, 0.6346109280122723, 0.6755207798411853, 0.9710479725599201, 0.9711020993577978, -0.032706688030312514, 0.19260977549206587, 0.04978719129063578, 0.015749638738968678, 0.042938863528698225, 0.06208872173869159, 0.02869143470551224, -0.018873865230038867, 0.38917958632127714, 0.12337952924163322, 0.0716837080962852, -0.5242940943065709, -0.5563737055038093, 0.6157505298145033, 0.7364295478646563, 0.7604469299339197, 0.8255205789924314, 0.8227261791942838, 0.5123480877978511, 0.7218129637778907, 0.7572248652409561, 0.7559278818575276, 0.40155863575414624], [0.9953752259021653, 0.9885893737349957, 0.9909960620691961, 0.9958953477422262, 0.9982947392648723, 0.9887639544564245, 0.9981100427261259, 0.9999968690313149, 0.9999813300334824, 0.9662455003060609, 0.9996656746314618, 1.0, 0.9996439974191431, 0.9999976421287441, 0.9999842930573634, 0.9970754072260174, 0.9992545659190712, 0.9998977790078952, 0.999897375628065, 0.9999639451136363, 0.9999947946029549, 0.9907332897911636, 0.9753287891938195, 0.9923218308268563, 0.9928750357498805, 0.9832427329593492, 0.973566739012699, 0.941022364015627, 0.9895337547994011, 0.994317223104399, 0.9916670708817988, 0.9678587598308438, 0.9994684460326954, 0.999529212507577, 0.9996427092680286, 0.9996839232836457, 0.9988390958221595, 0.999444886951379, 0.9991451544605106, 0.998524581008826, 0.9995395044957507, 0.9993983428456534, 0.9844770944349928, 0.9319334454315624, 0.7234874964173816, 0.935188866242024, 0.913728947541838, 0.7815828377538108, 0.9583377468199691, 0.9359411421403887, 0.959924115168479, 0.9523529437519856, 0.9467169055177169, 0.9801859805681314, 0.9768933722092477, 0.9341646845892224, 0.9482353195598421, 0.9605390548257392, 0.9644984331462247, 0.9628991039252198, 0.9382590935464126, 0.8774327421710849, 0.9379054437945118, 0.9469086348852243, 0.925649922221449, 0.8593453136160311, 0.9560441325806928, 0.9215049143926544, 0.9552421549338915, 0.9347875593352605, 0.7136826273710951, 0.8138362724901953, 0.7490358166171251, 0.8311667803340208, 0.8608412893772462, 0.8673265011342921, 0.8483707158649862, 0.8577504848704604, 0.22897176309873202, -0.6117099466000463, 0.952001664706036, 0.9244338192442979, 0.9263897337978362, 0.9401238413712595, 0.9331047400670175, 0.9603559475312139, 0.9604111513007846, 0.9146976117083846, 0.9535259966442702, 0.8030462212613584, 0.6091965945515757, 0.9110232614513529, 0.9302976372634513, 0.17516618068795806, 0.9174286314842903, 0.9393031847170048, 0.8037561597155571, 0.9686985124728457, 0.8355396159168736, 0.6244779881802018, 0.4246413617829171, 0.8450323200910403, 0.8344190261331618, 0.8328622704717861, 0.9764664064019721, 0.9767147176833537, 0.7129002241148154, 0.6701141191188852, 0.7866144074195457, 0.2907983516369445, 0.7611058639644238, 0.7891486293596227, 0.7855727071154953, 0.7842011773974645, 0.7189133649741825, 0.7210042934857585, 0.6984578030075298, -0.268386753374143, -0.41377664483315546, 0.6166530427677711, 0.8833102194224418, 0.9284929513407888, 0.9384066166076367, 0.9114153706053201, 0.8124659401751203, 0.9084290156018237, 0.9304779710190174, 0.9301175364089554, 0.7546466396257654], [0.9945834031279412, 0.9884015398564133, 0.9929367292067962, 0.9953151071425407, 0.9980707681757726, 0.9898743140011018, 0.9990616606967392, 0.9996587503000579, 0.9998339548166381, 0.9651508674509091, 0.9996429322471014, 0.9996439974191431, 1.0, 0.999680602488042, 0.999665513598136, 0.9991021276893459, 0.9987666355952367, 0.9994648185128053, 0.9994564181469179, 0.9996605717097614, 0.9996335026686874, 0.9927287453770338, 0.9769299277417212, 0.995685365978617, 0.9955758219566356, 0.9830699589667453, 0.9763843458050955, 0.9435287255459665, 0.9886894344881058, 0.9923066156679835, 0.9907410308092846, 0.965431772623498, 0.9987563811799868, 0.999063799576858, 0.9992605985677478, 0.9999209682319248, 0.9987834216827668, 0.9990297193842063, 0.9985821671504832, 0.9978125525957773, 0.9987475410966716, 0.9986695289134683, 0.9884290067149799, 0.9318973228601506, 0.7193912898794604, 0.9353108522798979, 0.9136269392488509, 0.7808581747073993, 0.9539716202364904, 0.928920926723476, 0.954931854636673, 0.9488989166628746, 0.9426918790248225, 0.9766303355145797, 0.9747908142793212, 0.9577518505592891, 0.9478932864030044, 0.9608061366566844, 0.9636956212242646, 0.9627000679467014, 0.9619998331769533, 0.8815194045042128, 0.9348106789767465, 0.9452243085277763, 0.9449416496333829, 0.8573833160008437, 0.9563272747133462, 0.9334079152242168, 0.9571316279926417, 0.9557301453458329, 0.7180582809689345, 0.8106571064461715, 0.7734963355031097, 0.8286549641212524, 0.8622870074933632, 0.8663446155749822, 0.8564813107290992, 0.8567511172952424, 0.21312647109830737, -0.6062534375028187, 0.9510185800321509, 0.9241009667210808, 0.9252433306022604, 0.9606584072475234, 0.9330192501381694, 0.9590576013670118, 0.959065831556271, 0.9143168743169309, 0.9538494390119506, 0.8098103936668158, 0.6096612763298921, 0.9115928876312406, 0.9309064624685802, 0.17000834644603746, 0.9153841035408439, 0.9375903801274974, 0.804743966453502, 0.9714140105525187, 0.8293603948302171, 0.6163044899893251, 0.41905076955046644, 0.836157594464877, 0.8290631156821948, 0.8246404437925954, 0.9784216519232581, 0.9786275476831303, 0.7036208372761477, 0.6645741059652955, 0.76568712691839, 0.29049189622850247, 0.7510463656597245, 0.7777642958583234, 0.7543006706741293, 0.7730830074363606, 0.7165550880733649, 0.7106747932557638, 0.6883909846192431, -0.2751805357277289, -0.41896475511522213, 0.616215236608985, 0.8810753418068074, 0.9299456727557192, 0.9338776565889556, 0.9105911425108034, 0.8045675366787708, 0.9020534738222686, 0.9234089946202813, 0.9237127998194968, 0.7486264460362579], [0.9952842838834642, 0.9884523316391142, 0.9911576036214051, 0.995820698476353, 0.9982810146754146, 0.9888710571751449, 0.9990077457733174, 0.9999978261143829, 0.9999898594259475, 0.9659707062391969, 0.9996510916760091, 0.9999976421287441, 0.999680602488042, 1.0, 0.9999884020485497, 0.9986240976324635, 0.999218794556583, 0.9998899092350823, 0.999888874951507, 0.9999581131227443, 0.9999920519614567, 0.9908571864589597, 0.9754980281140073, 0.9941766630922708, 0.9940251561961067, 0.9831550111865294, 0.9737691733661248, 0.9411722395158191, 0.9920080779258916, 0.994633935318399, 0.9915385502402259, 0.9676119175617952, 0.9994423885589371, 0.9994899959019301, 0.9996193826955352, 0.9997006931033535, 0.9987898860620713, 0.9994099473584072, 0.9991732818258536, 0.998463503683061, 0.9995097927679485, 0.9993721131611967, 0.9846431485309936, 0.931753381111187, 0.7228671452962193, 0.935280938249866, 0.913655657901352, 0.7809534473567079, 0.9581286581412728, 0.9357042758794673, 0.9597432337490694, 0.9519502624787176, 0.9462672971820874, 0.9799991830927188, 0.9766729565949357, 0.9341817435300067, 0.9481259843728067, 0.9603985294991253, 0.9643862423754507, 0.9627499119967009, 0.9376811785137638, 0.8774203276534394, 0.937415956589013, 0.9465328014392974, 0.9254516663471181, 0.8589846129187482, 0.9560835670037544, 0.9216627478973493, 0.9552229587393537, 0.9348428870493352, 0.7138961041502302, 0.8132310659510634, 0.7487599204113612, 0.8306172679252809, 0.8606292463990528, 0.8669742827276001, 0.8480912736882674, 0.8574638951607758, 0.2289343266615508, -0.6115536446800373, 0.9518018045778195, 0.9241763475099283, 0.9261831141435422, 0.9378791038986865, 0.9330522222214015, 0.9601657344955674, 0.9602171978939076, 0.9145915799597042, 0.9533601125107702, 0.8030239684056554, 0.6090040431312441, 0.911541053935108, 0.9306917445523237, 0.17448421666636332, 0.9172284830807493, 0.9391368739016761, 0.8034606669991577, 0.9688894487331157, 0.8351716363467911, 0.623363556179434, 0.42365108343529645, 0.844623303220649, 0.8340567361313744, 0.8325013544225415, 0.9766055872237952, 0.976850255339736, 0.7117779351222759, 0.6690646296932862, 0.7860625334654322, 0.2902115833069487, 0.7604180783525866, 0.7884209687435174, 0.7852077241963944, 0.7834188165906295, 0.7183869965909234, 0.7197088653579271, 0.6971680745890652, -0.26922889979874554, -0.41451790759325824, 0.6163811796948002, 0.8827265032430531, 0.9282529438691295, 0.9379940289108712, 0.9110349003867372, 0.8117327817967577, 0.908143424313156, 0.9300288342089429, 0.9298002373858266, 0.7541160131098261], [0.9954207517874446, 0.9885504788692828, 0.991068727467179, 0.9959354881517889, 0.9983469975354278, 0.9889862513910161, 0.9987801852587637, 0.9999814861472114, 0.9999963147383799, 0.9655201466001829, 0.9996573254628414, 0.9999842930573634, 0.999665513598136, 0.9999884020485497, 1.0, 0.9986237687367024, 0.9992584691111875, 0.9998860255369585, 0.9998858540034028, 0.9999566441824744, 0.999977318600263, 0.9907712925662115, 0.9754981599090329, 0.992642319753261, 0.9926778434585192, 0.9832175881543763, 0.9734928655406306, 0.9410868195933507, 0.9920527324564002, 0.9942283113376162, 0.9913775983813645, 0.9674699503214357, 0.9994824098391311, 0.9994747334411624, 0.9996046516452997, 0.9996909710819163, 0.9988092491474473, 0.9994143827818824, 0.9992038628436835, 0.9985200349280597, 0.9995413302003043, 0.999417855124997, 0.9844346319521473, 0.9316762304932591, 0.7235512603644624, 0.9349528306432987, 0.9134526892513839, 0.7812824705284966, 0.958711147537824, 0.9367609925846317, 0.9603794074704729, 0.952107248134399, 0.9464381781305612, 0.9804753857059684, 0.9768450904720408, 0.9349749548398018, 0.9485414643916134, 0.9607893926077018, 0.9645471568756043, 0.9631496640225887, 0.9390177586860401, 0.8775517338286004, 0.936981002475623, 0.9468359061706497, 0.9261985723741133, 0.8588457416408702, 0.9564806749355097, 0.922285359399236, 0.95574396179293, 0.9357637133441001, 0.7135852395181406, 0.8128531050404866, 0.7497306170372714, 0.830021786824991, 0.8605761723268983, 0.866421257032323, 0.8485535073221054, 0.8578673622329662, 0.2282581693319279, -0.6112599110599471, 0.9518308026371554, 0.9243882134171757, 0.9264253633418199, 0.9409436365216429, 0.9335609037795702, 0.9603027396773406, 0.9604215208369342, 0.9149276829207313, 0.953706980348864, 0.8029043022670108, 0.6077566391304468, 0.9110132251592132, 0.9303408748922688, 0.17302387328192165, 0.9167705838847727, 0.9386337697358489, 0.8025689061062923, 0.9685017772734736, 0.8361485683077415, 0.6230890308889433, 0.4227239241963756, 0.8451356333960294, 0.83446114848744, 0.833231242832528, 0.9763713265050288, 0.9766506747317453, 0.7104671129827874, 0.6668763703778718, 0.7871618772931691, 0.2885982180478898, 0.7606671933174466, 0.7888182717156234, 0.7864359476631175, 0.783642824371025, 0.7166543682102646, 0.7174990302172202, 0.6949264031770056, -0.26842440561280784, -0.4137859161459749, 0.615816566867351, 0.8818569253314307, 0.9288472445287792, 0.9384933588514568, 0.910296397683585, 0.8118612283649419, 0.9091695265095002, 0.930615494634118, 0.9305033976284609, 0.7539768123507077], [0.9965347019836629, 0.9934072202311529, 0.9916631090722955, 0.9970601649758426, 0.998613830036516, 0.9918368702823692, 0.9981329518674917, 0.9964335728913296, 0.998980612406775, 0.966979259561869, 0.9994040661261313, 0.9970754072260174, 0.9991021276893459, 0.9986240976324635, 0.9986237687367024, 1.0, 0.9989680462576244, 0.9989744337934788, 0.9989699897392859, 0.9987931132329394, 0.9985155315773167, 0.9922664222673595, 0.9781568593564659, 0.9835559898648604, 0.9899850814347425, 0.9889641777767784, 0.9755247369993032, 0.9484132401437444, 0.9930906011534629, 0.9930155934455225, 0.9904127679740677, 0.9675639713457822, 0.9987912812654598, 0.9987275964981894, 0.9989430638783031, 0.9986418502391551, 0.9993818674145366, 0.9988685947730503, 0.998911315325172, 0.9983364730386118, 0.9986748030368816, 0.9987390434707195, 0.9834064600767216, 0.925053707521706, 0.7288445692581567, 0.9284210030055358, 0.9160204433855962, 0.7984754249859143, 0.9618955442095687, 0.9406585752158978, 0.963945648401376, 0.9519589102932662, 0.9449187854892589, 0.9809686640372497, 0.9762444876785469, 0.9473429431619849, 0.9575884330416294, 0.9675353783352549, 0.9690070714047053, 0.9690468499100605, 0.9503431129091409, 0.8892599494978479, 0.9407599900599144, 0.9515793535594974, 0.9368940247194227, 0.8695228853329775, 0.9627297058396529, 0.9355470572348028, 0.9631722663871862, 0.9481377718916469, 0.7310378371135956, 0.8203954673535286, 0.7670125599940961, 0.8387711278132555, 0.8728215058319477, 0.8734237063131558, 0.859267