var element=document.getElementById("correlationAdjClose");if(element.style.display!='none'){var correlationAdjClose={"data":[{"type":"heatmap","z":[[1.0,0.9999948864923401,0.9869175232294467,0.9999374559315667,0.9992054194356235,0.9829287825542737,0.9978603405990947,0.9964510601046087,0.9718210273084007,0.9965950157328672,0.9947663856907514,0.9939627638849469,0.9965372264909987,0.9965653178323416,0.996491652482926,0.9977873368448367,0.9981430157851964,0.9983183179646652,0.9969525787893115,0.9969616709341184,0.996896281896446,0.9965094720650799,0.988887614986187,0.974247394834654,0.9911946087670482,0.9606927097834066,0.9903914977310647,0.9879770628675962,0.9718825921547293,0.958188083502499,0.9918333512079506,0.993529610248929,0.992858530072032,0.9797850538368303,0.997781834216019,0.9978593784227724,0.9976502945020546,0.996633981819005,0.9955299690612199,0.9977534920438647,0.9986207080091474,0.9986517939071947,0.9977754517232245,0.997784249235028,0.9785148742325658,0.931577909457812,0.9573463096561163,0.9487676272791729,0.9475760060864875,0.9278132924344322,0.9651975537865555,0.9535125743445853,0.9670859350109766,0.9704316457262703,0.9592840579559738,0.9850439777851898,0.9831933913787348,0.9914341680973111,0.9939952468455989,0.9881838505681295,0.9836030035435981,0.9883384605917439,0.9873010086196766,0.9888724291594789,0.9887674980116662,0.9541784453210186,0.9774608804100821,0.9770318195149993,0.9768361597407232,0.9411713585315973,0.9833005306830124,0.9800411197206519,0.9868130935958846,0.9862065460556545,0.9437891792446647,0.9052942800588686,0.8772042995405216,0.9193098584508574,0.933370600818284,0.9316285427267326,0.9316646763872893,0.9305200892808592,0.7451418495052642,-0.5265080063090222,0.9813199179330651,0.9769047739928161,0.9746917372598088,0.9887634081020532,0.9743644587464677,0.984774740707428,0.9847724265031966,0.943509261978844,0.9857275713132224,0.9463604908353556,0.8174865882182336,0.926267674813952,0.9385810966002556,0.834229977568145,0.9582225661559014,0.9589277057215878,0.9043985197239568,0.9698381030605786,0.8953287298453904,0.5664263242014596,0.7341869506971561,0.9027663318707381,0.874978985470734,0.8942673730322869,0.9771494001353683,0.9772934016405361,0.7924942764149432,0.7624263952820625,0.8255428234023976,0.4797517137790324,0.8108305279322162,0.8295965587665269,0.8246863101859947,0.8184625917894202,0.8009104626099894,0.7581664126593043,0.7432664533272082,-0.2999066738505545,-0.4405805420822619,0.7335242262832612,0.893162886066799,0.9296688487569559,0.9417957871069957,0.9065321607470008,0.8339541742699708,0.9102817077794585,0.9235498164639551,0.9233907799418124,0.8607881456414548,-0.12253758641587782],[0.9999948864923401,1.0,0.9909013767827622,0.9998676805300033,0.9983337580480173,0.9899345408727748,0.9941524239038166,0.9921288474443728,0.9884008876641275,0.9921323913353621,0.9921651878675128,0.993325144583769,0.9922082525998487,0.9921260957278354,0.9921795658655899,0.9941278626645492,0.9962701624242493,0.9957886245538666,0.9939014126223882,0.9939092025444242,0.9921687552571623,0.9922136009424923,0.9928756291569595,0.9789958047870022,0.9890285998316126,0.9850983558705865,0.9891427428649643,0.987897716504809,0.9831531388403678,0.9438387628623918,0.9895643241801826,0.9879407586894524,0.9832353582434077,0.9456913423005681,0.9951611055963577,0.9951189043805637,0.9953302265180498,0.9925163078309335,0.9949673928816966,0.9953517808783409,0.9965357051387181,0.9967412222548914,0.995343904356757,0.9953552503350089,0.9920766874949298,0.9312033875318155,0.9111680613623719,0.9484842927642603,0.9474205125299688,0.927796011714804,0.9024716289820961,0.938670789588268,0.9043437473874524,0.9315564814622348,0.9025117615519173,0.9625012661509267,0.9624918514448835,0.9757007846063442,0.9854432043244707,0.9847668482667498,0.9858567596009833,0.9799220820555893,0.9832986186810139,0.9810566436231003,0.980964846418403,0.9454203047734404,0.9659522796246949,0.938249227452046,0.9379921724906015,0.8741122709534097,0.9834283786237471,0.9845085735875404,0.9846667937136432,0.9842820789826378,0.9584368082227118,0.8260560911568985,0.7963458161479169,0.8710802371988166,0.920048660152542,0.8852511128179437,0.9030602148396837,0.9021518058654968,0.7964192359415894,-0.0866994622169244,0.9729674476228573,0.9752249752439611,0.9726864983188032,0.9851191840531133,0.9689001215101541,0.9751199818487662,0.9745517283501827,0.9345261072977923,0.9763191906958057,0.9362479599329303,0.7615388382249655,0.9259064400217105,0.9257571926967584,0.6160321788630008,0.8681534164725306,0.8719017501356197,0.7740626674616058,0.9704014038905916,0.7488979639145155,-0.3278278192171607,0.27503617400544905,0.7740338441222746,0.7261711816012203,0.7670833527121841,0.9718670957687697,0.9718878989655787,0.23649700277628963,0.4083036474730846,0.24394834595675519,0.21544802124676038,0.2367804374161384,0.24918698272877987,0.24559628472186282,0.16634247431094337,0.5827741456271097,0.3158889474983783,0.265768790949756,-0.4367014756564551,-0.4869856747048082,0.7325412070779733,0.7719625564476554,0.7947148543215566,0.8597279712007345,0.8304877631433288,0.6277971533125296,0.790793492662853,0.7898091423810463,0.7888349602590037,0.46136589632209707,0.26401664829628885],[0.9869175232294467,0.9909013767827622,1.0,0.9881226616015887,0.9935746236456594,0.9914200607524138,0.9893285743223339,0.9901635078022014,0.9916246129842716,0.9927428360000743,0.9966487683477797,0.9958376253032044,0.9900069412453096,0.9920447515404236,0.9902154964582539,0.9897212843082586,0.990809831131435,0.9898920933220461,0.9888191423378732,0.9887981016586387,0.9916393758524936,0.9900474858304399,0.9953120380399699,0.9861175615994557,0.9912120332512898,0.9828476676575374,0.9918755068974981,0.988811319256781,0.9879166252838938,0.9642851489107442,0.968583542772297,0.9730416841304852,0.97725625085341,0.9580924402224597,0.9867737270564,0.9898854548483789,0.9882767456782836,0.9917909939616818,0.9946996325797876,0.9907225455161218,0.9848866327277471,0.987883343680032,0.9871726365589382,0.9865671580622596,0.9930184974830921,0.9277048331582648,0.9427209772446645,0.9561987115403321,0.9410041376236297,0.8934507200930698,0.9238848408524457,0.9111852975857612,0.9267656563426535,0.9364061560148711,0.9196821344581692,0.9514492740293061,0.9616296267721407,0.9691021431503891,0.9767250386068724,0.946990523560823,0.9694333349704275,0.9688147172280128,0.9747414025929586,0.969032560388524,0.9462289737690152,0.9287437704797548,0.9548378981551996,0.9456808607574282,0.9287145840881941,0.9033228509846749,0.9752880159708731,0.956140835467409,0.968190998301887,0.948727897648533,0.8549513733318598,0.8743135588134083,0.795010155918776,0.889912788802471,0.909905172192099,0.9122955318598714,0.8802184282638144,0.8941683676565101,0.47852219194026985,-0.5095106894962907,0.9661547676229837,0.9549280801630927,0.9545915025694363,0.9468990088151894,0.9608415640719794,0.9685509492110679,0.9681903853200879,0.93655345361841,0.9646189540921745,0.8952248669747294,0.8034443845459649,0.9593757770394395,0.958074075585354,0.8187110539548614,0.9468208529433687,0.9483447450457465,0.877796496003301,0.9812519624296575,0.775838824917776,0.4712112992603204,0.6803498422051496,0.7992981787530513,0.8033068684814259,0.780213666108974,0.9830555194233018,0.9830855140251866,0.7258108833556801,0.7141828718637334,0.7111723929316551,0.43267398878036234,0.7142396231060041,0.7179368865040716,0.7243827476630147,0.7185324332057662,0.7667379499714356,0.6968630483963139,0.6810847292011968,-0.3554020207010453,-0.49593266287772525,0.7059162842732766,0.8571702149320966,0.8766472199736779,0.8885535161536832,0.8801072532543162,0.7706341625941922,0.8589637739418506,0.8669913307839234,0.8733563592490939,0.7390557830047901,-0.04608480421538333],[0.9999374559315667,0.9998676805300033,0.9881226616015887,1.0,0.9994213164816934,0.9839202609494061,0.9980682181238684,0.9968173299233021,0.9737558469554224,0.9970114986780035,0.9954244250246653,0.9948155229385375,0.9968875615759022,0.9969989651159273,0.996857478772483,0.998021266243747,0.9984351807788936,0.9985476594204006,0.9972715747860604,0.9972786588620413,0.9972496189351124,0.9968640608806338,0.9899381801028115,0.9754808897239203,0.9920352386204202,0.9629459768521711,0.9913260784055208,0.9896399500383752,0.9736300766657495,0.9592349083413867,0.9912113424391268,0.9930710983830596,0.9927880183362308,0.9794118328183044,0.997844363916274,0.9980402090853308,0.997841295100343,0.9970331709927057,0.9960134755724169,0.9979678085822979,0.9985198997780879,0.9987233789794231,0.9978342341039,0.9978404070415342,0.9801099678209357,0.9285875528318166,0.9554846215483805,0.9484216078113706,0.9454439823015403,0.9225009246899887,0.9624953465773981,0.9504881108975947,0.96430106775544,0.9682503058463406,0.9568071654990795,0.9831217010170473,0.9818754079759134,0.9906466077026683,0.9937938621406918,0.9869800960043117,0.9825723298269671,0.987303016781915,0.9867650522279738,0.9877695051716501,0.9876574148834093,0.9465731478581615,0.9763629772490904,0.9758171365662042,0.9756161552427177,0.9372075805429464,0.982875107372075,0.9776694817180631,0.9856096973857521,0.9849723561524403,0.9276506718166789,0.9040159477854592,0.8740329822083909,0.917826977656303,0.9310118669464523,0.9312255138951777,0.9296176506154901,0.9285068171768963,0.6665783527341216,-0.5260207059186178,0.9805806709382561,0.9757514650375037,0.973366841468098,0.9875619746294793,0.9737730735158818,0.9841309195047181,0.9841265444185149,0.9431484303913273,0.9845391391546493,0.93485435305809,0.8205730421899976,0.9305962181765973,0.9420414873515802,0.8356306662230335,0.9593338440189395,0.9600614814634004,0.9040064220592017,0.9709065864577148,0.8893665043366749,0.5629126322523071,0.7325475987971856,0.8974212477352841,0.8713354340798444,0.8886507189428265,0.9778850718204417,0.9780344558915884,0.7913859864891406,0.7626047880606013,0.8177375572973719,0.4812164570389403,0.8049536534911425,0.8215227587266726,0.8165409118681957,0.8130804810007651,0.8029497334306944,0.7580906821230661,0.7432550080168442,-0.29529666230360413,-0.43985574909175823,0.7324606803606708,0.8915760573987466,0.927859950656922,0.9400188708661363,0.9055377788394242,0.831359295790119,0.9083305129337534,0.9213591957667286,0.9213477126833679,0.8540210672034996,-0.11570062745241849],[0.9992054194356235,0.9983337580480173,0.9935746236456594,0.9994213164816934,1.0,0.9861578895419907,0.9989691893113952,0.9985814445304765,0.9847528525939268,0.9985779916612114,0.9982027959410908,0.9980982708809424,0.9985935628479218,0.9986085851845365,0.9986120904969221,0.9990753648238614,0.9988844720428595,0.9992360492458201,0.9988352900667097,0.9988349014700492,0.9986471940808915,0.998594974648207,0.9950994178946966,0.9823366336508301,0.995414708292737,0.9783707574136483,0.9954490668345283,0.992967845547602,0.9848985640311149,0.9620863662488751,0.989039953490002,0.9918102795220661,0.9904269266310497,0.9726821206816694,0.9988206063280113,0.9988908232496388,0.9989244761042962,0.9987097310337033,0.9985924334305519,0.998886196308475,0.9989234298587634,0.9991479197391365,0.9988480566295181,0.9988476993921831,0.9886802259701675,0.9367964973929223,0.9548534249208548,0.9537108449898869,0.9444097082814276,0.9180384188213535,0.9526772739205893,0.9482106935710464,0.9568298137291604,0.9631409173252218,0.951698511431608,0.9817003206700299,0.9816340833091903,0.9909817570295031,0.9937422298150695,0.9832681359693972,0.9766411156814553,0.9816894920962695,0.9831080366412548,0.9821036293159535,0.9819648555650179,0.9435588440748466,0.9687113899831434,0.9607535844495949,0.9605237762853608,0.9109663564724367,0.9800251062124333,0.9763356034678915,0.9818098380413667,0.9810572624061067,0.9410452977322299,0.8869754142443982,0.8565112679712635,0.9046948000039243,0.9356102777313658,0.923033285410797,0.9287776935062487,0.9278781081110334,0.7942584989233143,-0.5172038610706501,0.97480741494073,0.9659052601753462,0.9646336697955031,0.9840178312343937,0.964451288956138,0.9781082615986932,0.9778221218779856,0.9350308859144698,0.979234935946714,0.9366037469715358,0.811041440698844,0.9428254616661448,0.9598948327447149,0.8060741839796143,0.949077255579129,0.9503611047258191,0.8996352456381523,0.9752953042973146,0.8939633267038639,0.4002089649687257,0.6818746805882406,0.8998491104756257,0.856093365303373,0.8961742143613027,0.9811771794718318,0.9812905172059954,0.7609201867944553,0.7486103837030699,0.764670162399052,0.4613823701186653,0.7254391359753153,0.768714958027533,0.7646012961317268,0.7305368960725687,0.7921459828535439,0.7457666729767113,0.7300718271943549,-0.489959097408904,-0.5733178782776222,0.7266267155249682,0.8880270271454309,0.917312566567153,0.9381197524244884,0.9051655163270214,0.8175990083227437,0.9031144625277516,0.9120970049503062,0.9116061605504825,0.7975875991023058,0.09501344129879763],[0.9829287825542737,0.9899345408727748,0.9914200607524138,0.9839202609494061,0.9861578895419907,1.0,0.9794347168841409,0.9809416747651714,0.9936385739222854,0.9804218235349088,0.976796643797055,0.9760074160563146,0.9807467404782985,0.981254456314132,0.9810096129660482,0.9806560435626365,0.9844831752819384,0.9814823415773863,0.9813092735674979,0.9813417310264517,0.9798158311451355,0.9809169449217948,0.9934162698168508,0.9934813082119796,0.9827278994475677,0.9886444074681,0.983310375837285,0.9758694590850672,0.9880079386957633,0.9752722895531407,0.9563991500744957,0.9628318001128674,0.9731107989649026,0.9648386570546492,0.9791749476371227,0.9796702964814736,0.9805254639560109,0.9816854499057233,0.9769904496193557,0.9801747741993463,0.9785416275303508,0.9803894142442198,0.9794674520013688,0.9795083532686563,0.9961333555645393,0.8931462804950125,0.9340048469134269,0.9383025453769726,0.9465951326520031,0.9081107377139842,0.9173861178208055,0.9129466173380584,0.920456122221334,0.939520268366369,0.9184776390776105,0.9481596806833176,0.9549601983790503,0.9614475061972171,0.9660176910627217,0.9738920332501271,0.9896250129316966,0.9767777044656224,0.986745364373912,0.9763891778783403,0.9758872887233029,0.9777261523857529,0.9750952622444069,0.9576682208324847,0.95714797179493,0.9527699096661751,0.9854537484832228,0.978543717667242,0.9746371650326777,0.9735826868213219,0.9698978014533739,0.9148318758292959,0.874947249183183,0.9291095693151818,0.9297938702088742,0.9392299216490015,0.9207093500693267,0.9186934395667185,0.7852497856578182,-0.4613272512722523,0.9847656808113419,0.9864384283518228,0.9832341198380941,0.9746936404150706,0.978428854517662,0.9833457044498912,0.9829745657946959,0.9713399390073508,0.9737019227004864,0.9711386351844158,0.8222656744418706,0.9067904027392399,0.9602538404493606,0.8508382716509193,0.9474464730146765,0.9484185647849083,0.866018713690697,0.9590842913043264,0.8296574549131149,0.4785751464873675,0.6938241138433349,0.8398474449370208,0.8193120775483457,0.8298955825685195,0.9585322504537018,0.9586130105746332,0.7421403034329893,0.7368695414961296,0.748248373134367,0.4842287880909283,0.7483261902759414,0.7532707248554152,0.7470734621267074,0.7463698961119763,0.7798737322571964,0.7136771977263797,0.701831362051938,-0.32026581273764443,-0.4506339862978578,0.7403795141339955,0.8524895805505571,0.8629390547517949,0.8835370461441064,0.8609619413578101,0.7871678849311585,0.8460403297148551,0.8556128622838692,0.8556784536905184,0.800453111700852,-0.07080395473958605],[0.9978603405990947,0.9941524239038166,0.9893285743223339,0.9980682181238684,0.9989691893113952,0.9794347168841409,1.0,0.9977088738305898,0.9569935188658543,0.9996439533507209,0.9996188877601597,0.9996501627277098,0.9985548185255083,0.9995121004261608,0.9992587211017858,0.9998949951628022,0.9968913132011407,0.9999053953179012,0.9994400516355985,0.9994442714011488,0.9997379903956848,0.999388137520053,0.9908306586637394,0.9751806518035799,0.9868082742838552,0.9288728200215663,0.9940691539272953,0.9934957885939457,0.9753337582006631,0.9552523959332644,0.9915715668998719,0.9921811872365325,0.994066511178326,0.9772672922726622,0.9990993355829705,0.999867212188844,0.9997418313985091,0.9995098628961049,0.9997947817739428,0.99985421074286,0.9986476682333237,0.9997597668734813,0.9994471467847286,0.9991346958495726,0.9796912335335414,0.9427575334103097,0.9570854436953975,0.9559779069523582,0.9432693574649395,0.9160005629206776,0.9596023107824504,0.9501482784079657,0.9619867469892533,0.9659448715975747,0.9565251571773413,0.9828340849349112,0.9829595469847807,0.9925163739378102,0.9964378096121155,0.9551806341087228,0.9636689426857424,0.9739807397581598,0.9745521754994823,0.9754105681826389,0.955086583341839,0.9037906607327646,0.9591036208545788,0.9634355542641133,0.9469161320232662,0.8917699585837323,0.9702670404025252,0.947980272291768,0.9714675972776015,0.9555136121744314,0.811829226193079,0.8779230168200525,0.8093239955526044,0.8909596454363274,0.9071250978956854,0.9111908843819213,0.8925360702148329,0.9032866066662012,0.4227874749406851,-0.5621398202649203,0.9649249883454065,0.9508835175520166,0.9510936013196132,0.9564971719365647,0.9596252266582668,0.9710734372343769,0.9711565488829452,0.9220949416001106,0.9698469547491352,0.8636416639980415,0.8041726502273739,0.9431378453176257,0.9399434954890369,0.8216476797702579,0.9567032230742857,0.9575503069533173,0.9041082452515413,0.9747644442722364,0.8340800567136155,0.5613764442138949,0.7274065421926674,0.8588399143008278,0.8542366740552179,0.8403134463411256,0.9816286120745152,0.9817951582951921,0.7845164975611022,0.7465137901033918,0.7835153342935158,0.4546082082128037,0.7853806919178294,0.7975937443607325,0.7884761990220701,0.797033278418353,0.7901191893206823,0.7528927301926097,0.7362072861096097,-0.3073229521814335,-0.4597592577679745,0.736988665007943,0.8935404313483314,0.9219633901455178,0.9420560284829664,0.9125100199076511,0.8338370266873365,0.9106132304448898,0.927009553478996,0.9255019375392453,0.7827289614882057,-0.08884084534944779],[0.9964510601046087,0.9921288474443728,0.9901635078022014,0.9968173299233021,0.9985814445304765,0.9809416747651714,0.9977088738305898,1.0,0.9674400746004295,0.9999998401631757,0.9999993720990344,0.9997878452940707,0.999997122894993,0.9999933885548087,0.9999983923555485,0.9993839759776095,0.992159976823285,0.999509252542378,0.9999148405665845,0.9999144637608693,0.9999679414639543,0.9999988426457972,0.9914236964017465,0.9769969939290226,0.9933760229422754,0.9426620960527732,0.9945636869066599,0.9920800877339255,0.9775388878116821,0.9549942473543149,0.9879476857212851,0.9938609119909683,0.9927388427291325,0.9745681484828671,0.9994950653567224,0.9996067975098025,0.9997014507429123,0.9997629310597769,0.9993342068883476,0.9995505293588738,0.9983601254928124,0.998945996457785,0.9995681904412694,0.9994428569362528,0.9815027946881785,0.9427151502004015,0.9548603327463829,0.9592916653492914,0.9430324446264226,0.9077259735550054,0.9578476532873936,0.9459779627475475,0.9599176818570154,0.9609727323627609,0.951045772870565,0.9808953363375225,0.9803250157930071,0.9915913036203969,0.9967764399465551,0.9510400171167853,0.9609315912246312,0.9691926916541984,0.9724278562572828,0.9709486126394451,0.9537681348697064,0.8992142216328434,0.9557095607295812,0.9582564369497851,0.9425539812403222,0.8836635111278593,0.9683691659963972,0.9430485392042248,0.9671384238775167,0.9516604952911969,0.8024151123677155,0.8723638508777537,0.8057961153349275,0.8853040016654206,0.9016420297018888,0.9080405744469968,0.889019484704021,0.8978886566808253,0.4083745775328295,-0.5649596160710652,0.9620564602325082,0.9468073669117871,0.9470300868066602,0.9548705451111089,0.9567188574021029,0.9682861616448942,0.9683592574875602,0.9196039608914133,0.9646686656446997,0.8562287734689619,0.8019885444345196,0.9541943015011178,0.9496106936503895,0.8194893005998684,0.9567483486635243,0.9577308298899506,0.9016384286763366,0.9782755843816321,0.8363314213422861,0.5469769762997868,0.7191949245445405,0.8592835897769745,0.850963541993512,0.8418553868219314,0.98377207629347,0.9839406518826879,0.7761291482490392,0.73975130299775,0.7842392834133568,0.4438348591670796,0.7803114381363916,0.7928838523646379,0.7883611575489716,0.7914180897421104,0.7846376139075761,0.7474526857187972,0.7302680369981706,-0.32202690515174054,-0.4733304530584894,0.7264599902311285,0.8866005108032646,0.9192286231512774,0.9348034014787351,0.9071135500830184,0.8238673663674971,0.9043470395985456,0.9207855661284214,0.9195061462978346,0.7650513297253805,-0.07219306734815528],[0.9718210273084007,0.9884008876641275,0.9916246129842716,0.9737558469554224,0.9847528525939268,0.9936385739222854,0.9569935188658543,0.9674400746004295,1.0,0.9824876357327929,0.9872098424417257,0.9896911050946756,0.9710274680401934,0.9793709084446137,0.9758851102811071,0.9740551602064891,0.950801173749616,0.9788769909271063,0.9765202024967178,0.9765094342270298,0.9809522210301929,0.9757606943954639,0.993841775041772,0.993681891216225,0.9801862525347188,0.990411627561806,0.9833991746145165,0.9915338355983168,0.9912449798088817,0.9714870257480217,0.9266693403339328,0.9482994223238752,0.965702068780206,0.9530170410297645,0.9703286124952055,0.9788834836891936,0.9754172841896755,0.9777598106314169,0.9884279836987361,0.9801458586809135,0.9668280649155587,0.9763282633192761,0.9712243777799576,0.970255009387758,0.9990901561623023,0.9100110865721992,0.9283900258072159,0.9563028314491963,0.9459173767934205,0.890508891398552,0.8882441273419754,0.8895170648876934,0.8923877840340952,0.9210856130459861,0.9001139054260493,0.930201546580049,0.9476434100008844,0.9524651797561919,0.9600991595218143,0.9114572341924356,0.971569392580848,0.9523226393234346,0.970292408738025,0.9522974367317943,0.9110770470438867,0.9248544167351533,0.9507603253322389,0.9262924524361967,0.8924263071170966,0.8954329317293566,0.9716995439289052,0.9283496385415442,0.9492134774461388,0.9137733500178501,0.8477133541998961,0.8718130816207008,0.758002828216939,0.8887162975124018,0.8946853011273038,0.9078389376698969,0.858118979721622,0.8762230908237121,0.4637203289970116,-0.48955149248707475,0.962988708481118,0.9582534266006112,0.9561983414619454,0.9094688571053673,0.9543745271254753,0.9612835942552186,0.9607380100643663,0.9428477581163488,0.9475913308997226,0.8890365158797308,0.8088127779246231,0.9461782769739481,0.9648967454103755,0.8280028128711677,0.940188250066123,0.941678989685077,0.8556562766413787,0.9688661458437537,0.7418420832772029,0.43277500240752487,0.6615270620497978,0.7756745324008616,0.7797210668596419,0.7538361005036202,0.968179845471744,0.968204233577791,0.7068135413002782,0.7039995199244043,0.6762403209655244,0.4399565050855354,0.6955244327666832,0.695183017578588,0.6748031553002355,0.6961019037676245,0.7590592269763786,0.6894728159257667,0.6750283710025754,-0.36027158271124265,-0.4969432022328965,0.7383475348355759,0.8413381197812466,0.8296199149934846,0.863033879727834,0.8591842169769144,0.7619987114136924,0.8152809126187247,0.8358639162717608,0.8295915284234348,0.7111202158989698,-0.006646520901612782],[0.9965950157328672,0.9921323913353621,0.9927428360000743,0.9970114986780035,0.9985779916612114,0.9804218235349088,0.9996439533507209,0.9999998401631757,0.9824876357327929,1.0,0.999999177581437,0.9997922494235338,0.9999985567295265,0.9999923803564518,0.9999979472652328,0.9997113489638331,0.9980162047190184,0.9995088444341598,0.9998930856510346,0.9998930415629563,0.9999794015832586,0.9999993772506329,0.9939440281303872,0.9788650895678552,0.9965096037537415,0.9741964111312291,0.9965811760166119,0.9920889261543012,0.9819525740423091,0.9565508252542642,0.9899008709088237,0.9938731271042657,0.9905382156603677,0.9715660434763452,0.9995379223456912,0.9996016959340343,0.9996158006384523,0.999847282273222,0.9993450572831095,0.9995577125212687,0.9986024251264513,0.9989911677280723,0.9995466579772165,0.9995424222170075,0.9860018123822759,0.9425992066023101,0.9548876421754903,0.9591044498695207,0.9428008360664661,0.9078239033329116,0.9508377640482644,0.9426110377853804,0.9544199690709884,0.9594045732179982,0.9494817759972519,0.9804901339258437,0.9803566695747421,0.9921676482706115,0.9966368446801743,0.9739478390192673,0.9608151533090785,0.9722458925227085,0.9723646729845286,0.9728187908779261,0.9726463044538557,0.9311151676596547,0.9556323401500657,0.9515179350214948,0.9512429702438577,0.8995415213916599,0.9682723745038383,0.9669498020827674,0.9726445984526456,0.9717463046471779,0.9274406989359096,0.872379045816818,0.8363873352878397,0.885133027117997,0.9193343320232485,0.9087242591133641,0.9136050944972577,0.912905253729928,0.7511617348420452,-0.5631839826006341,0.9620060934519971,0.9467800028302058,0.9470168991465533,0.9748979544133142,0.9521440550259639,0.967993790241277,0.9676996591359356,0.9203279156567906,0.9693184067063024,0.9221532652516407,0.8019830772455669,0.9539882724662299,0.9603549883782937,0.8057393227378629,0.951252140108857,0.9523736917989708,0.9017108378104303,0.9775659046772697,0.9019846644630471,0.44321036419175064,0.6983748704334862,0.9077999978633733,0.8639521191325719,0.9040485561454735,0.9837377961624442,0.9839298171551006,0.7761983259440424,0.7395854673013837,0.7793597803880562,0.44393356415064167,0.7409155901701392,0.7837219120652655,0.7792905026342206,0.7481615296375238,0.7844881454733942,0.7475135958770861,0.7303117095925129,-0.5338885194379569,-0.6174178306773012,0.7253929747707157,0.8865813015452216,0.9206091950637972,0.9402290332886081,0.9071265729600645,0.8209860913233618,0.9038064768525513,0.9148996448979876,0.9144022666635304,0.8093360964280242,0.15436293009936017],[0.9947663856907514,0.9921651878675128,0.9966487683477797,0.9954244250246653,0.9982027959410908,0.976796643797055,0.9996188877601597,0.9999993720990344,0.9872098424417257,0.999999177581437,1.0,0.9997909732858287,0.9999964769116216,0.9999951809052503,0.999998454536854,0.9996991106895234,0.9977806055824614,0.9992865742208562,0.9998054079546241,0.999805484325942,0.9999984919566862,0.9999984801463903,0.9934897675202844,0.975658037074176,0.995701771903595,0.9822769266556928,0.996240481457209,0.9921015794014338,0.9843316297157537,0.9505019269771159,0.9895406455178886,0.9936268225737006,0.9850925340732672,0.9496944105630062,0.9993540865334897,0.9994052689087335,0.9993525671483146,0.9999054250312734,0.9993306282330215,0.9993620208834104,0.9981424674221266,0.9986537982732356,0.9993333349913839,0.9993313463706763,0.9885427041815952,0.9423534658624672,0.9261411935593723,0.9590756603058884,0.9427495889784197,0.907584967829587,0.9250374195213167,0.9166620046537539,0.9290175333352464,0.9368451380764203,0.9236469575047281,0.9741599212583641,0.9741388945998054,0.9911672556524567,0.9953151007317226,0.9665658294559994,0.960956419285377,0.9601485547462234,0.9639378740558152,0.9612295020862791,0.9610038459243149,0.9091993285815694,0.945746716051522,0.917378584470092,0.9168797312163347,0.8370376603619879,0.9666483798142766,0.9715032607448325,0.9683274989899597,0.9672405365563147,0.9217748559970552,0.8167784127669424,0.7846367870843458,0.853786588280466,0.9026597308331449,0.8753115582127872,0.8889125207662967,0.8877699038592233,0.7565288600939729,-0.3491233732896077,0.9505272935181052,0.9469436637084703,0.9471415412700923,0.9675596788850686,0.9392649440472618,0.9528672558218882,0.9522610552985501,0.8961076138584492,0.9552344053100901,0.8998236532000238,0.8021476637629334,0.9542633622848823,0.964849461168417,0.71405864547273,0.9160074630799064,0.9184579116262015,0.8617678695548783,0.9861053762745547,0.849921306945624,0.09689856376619885,0.556765371007789,0.8616519239273001,0.8312357951251025,0.8568367566925392,0.9868260425827795,0.9868382223223091,0.5539583769463684,0.6604102503322882,0.5610760212531047,0.4438870837089619,0.5307489889214143,0.5705867743671741,0.5614600139275373,0.5008831957159197,0.7744648346987699,0.6255329736716151,0.5881143660857189,-0.49360668415635944,-0.5534317666404156,0.7249193309980738,0.8680121912294976,0.8801208611019621,0.9144978577505473,0.9013007053510823,0.7042159974440141,0.8606594867107792,0.8741693977674628,0.8735406992555068,0.6346829442519791,0.1098372239886175],[0.9939627638849469,0.993325144583769,0.9958376253032044,0.9948155229385375,0.9980982708809424,0.9760074160563146,0.9996501627277098,0.9997878452940707,0.9896911050946756,0.9997922494235338,0.9997909732858287,1.0,0.9998046661600131,0.9997917606854125,0.9997965472967874,0.9996917187521122,0.9983788471604252,0.9994644008302344,0.9999734139654183,0.9999731809096719,0.9997960638728622,0.99980058331385,0.9932161281828532,0.9732883624165051,0.9946721551315509,0.9830632147184452,0.9953730200888231,0.9941829892953958,0.980946665175591,0.9339730427456591,0.9922921348590352,0.994812708434376,0.9813611703221033,0.9338634548584881,0.9994833590085512,0.9995246264266823,0.9994880972667709,0.9996341433559746,0.9996530253916524,0.999502013427409,0.9980468722418981,0.998683196171534,0.9994692611931604,0.9994663264263345,0.9899264962284563,0.9383982224691647,0.9154570494766884,0.9561128393032361,0.9409572034868725,0.9073590308108175,0.895435132046427,0.9288304846436365,0.8985256448240672,0.9173857401689427,0.893984871083839,0.9637806115776132,0.9637685313243378,0.9832399280380887,0.9950649173820468,0.9654506840210408,0.9653692124334883,0.9554153759908578,0.961826787438271,0.9574809551475778,0.9573106108948316,0.9097660231013291,0.9367300183192241,0.9015002748397994,0.9011637666998668,0.8233623527562874,0.9660174853402369,0.9678280114151635,0.9678164935436208,0.9671385669419568,0.9290286086201411,0.7771578755704609,0.7439278711004621,0.8258450471139562,0.8844946161677153,0.8461161123838312,0.8660572760278273,0.8653355844877441,0.7437741137640198,-0.20937088432088233,0.9447973831709104,0.9486539231494071,0.9444386684728797,0.9660529296477128,0.9391487487484792,0.9478205000546539,0.947019638703887,0.8951143148524573,0.9497639546385501,0.8976766893507448,0.7623206411509311,0.9520705189572322,0.9462582424974174,0.6075984028983142,0.8689939468306904,0.8730464919573084,0.769450768755708,0.9807733925057246,0.7467211075885393,-0.2684288414667664,0.3075218177223906,0.7693399595079603,0.7268714045529348,0.7632706254989714,0.981834615398125,0.9819182917553387,0.26602175976773196,0.42378597841839033,0.27189758740468384,0.24380560612565325,0.26372428169014356,0.2782327170826746,0.2753429405901421,0.19270628023289926,0.5970707785487601,0.33452167562822904,0.2828758614718827,-0.5028257886199856,-0.5519070015323081,0.7247595014457001,0.7750212549446235,0.797573094648144,0.8619615340013991,0.8383711252805942,0.6163432108040771,0.7880121677687175,0.7928315651954589,0.7918940719520602,0.46380545733234313,0.2964835518991452],[0.9965372264909987,0.9922082525998487,0.9900069412453096,0.9968875615759022,0.9985935628479218,0.9807467404782985,0.9985548185255083,0.999997122894993,0.9710274680401934,0.9999985567295265,0.9999964769116216,0.9998046661600131,1.0,0.999991775142146,0.9999977012078193,0.9994271638823834,0.9937225944174335,0.9995456482240295,0.9999243129016459,0.9999241125505596,0.9999746437307919,0.9999990123562424,0.9912989229347364,0.9767942757621964,0.9940179387827401,0.9475122727258247,0.9945129319030789,0.992176917911213,0.9773326844245677,0.9549206301670717,0.9888604514860224,0.9939510575253836,0.9928220690068447,0.9746900848460431,0.9995375873501283,0.9996443953489962,0.9997303998165811,0.9997607749561587,0.9993854665796358,0.9995889723709805,0.9984427536451894,0.9990078025239714,0.999610170116195,0.9994858050292093,0.981247723280933,0.9429383596227648,0.9549997569048944,0.9592018550985407,0.9430544165514343,0.9082322704318225,0.9582001766483267,0.9463521667464239,0.9602715259058491,0.9612778765310839,0.9514214493395539,0.9811447638027965,0.9805027633772531,0.9917196102437466,0.9968647466547516,0.9512667073817467,0.9609107536966519,0.9693319573126518,0.9724436461994063,0.9710870308480073,0.9539462959804386,0.899097566116929,0.9558021548336875,0.9585014385670197,0.9428623951174389,0.8837255931621398,0.9683481028483705,0.9431568717626302,0.9672594855587394,0.9518716086697613,0.8022741563588596,0.8725421082432253,0.8061848507652946,0.885471937635406,0.9018053615897135,0.9081191544802425,0.8892937065106606,0.89814934903571,0.4084124879192622,-0.5651016562290013,0.9620965221294325,0.946857510032739,0.9470821051375001,0.9550552846676834,0.9567540081816255,0.9683482434660935,0.9684231924458444,0.919510752746951,0.9648269309549863,0.8561486236643998,0.8020137981488594,0.9536925814997309,0.9491217987601678,0.8194696772361045,0.9567397278915671,0.9577145466163003,0.9019790638516851,0.9781419799508891,0.8368409907789994,0.5481045460593521,0.7198294574163151,0.8597748876406235,0.8514970064574454,0.8423548207610861,0.9837153656900225,0.9838841576552364,0.776730859191516,0.7402267569147349,0.7848674497362425,0.44439735419829046,0.7809734700887799,0.7935831348665138,0.7890057135806039,0.7921294880574448,0.7849607710808579,0.7479051093740308,0.7307330279627025,-0.32113728833720934,-0.4725507261273035,0.726793041041589,0.8871131583611571,0.9197217266721535,0.9353379409770723,0.9075927995858525,0.8244178038825519,0.9049354928181998,0.9213816612036136,0.9200948680600166,0.7657260268597423,-0.07324362834869332],[0.9965653178323416,0.9921260957278354,0.9920447515404236,0.9969989651159273,0.9986085851845365,0.981254456314132,0.9995121004261608,0.9999933885548087,0.9793709084446137,0.9999923803564518,0.9999951809052503,0.9997917606854125,0.999991775142146,1.0,0.9999955057682133,0.9996056549216518,0.9979862819537968,0.9995071770712368,0.9999106406164764,0.9999096729948977,0.9999577774483019,0.9999921581559147,0.99316261912971,0.9772774698385999,0.9962225115956879,0.968305383541903,0.9960076566484664,0.9920766759069303,0.977917730272365,0.9552967158441048,0.9893162711799013,0.99405420103043,0.9921381149953722,0.9742563396005378,0.9995226626246395,0.9995998761323414,0.9996550206430134,0.9998969881459783,0.9993541393877852,0.999541345956778,0.9983342115392454,0.9989360180796557,0.9995449910943756,0.9995386403350477,0.9838443112852235,0.9427457814201086,0.954813024010831,0.9590985992177244,0.9428133117083027,0.907840030566293,0.9539085251085972,0.940258911751693,0.9562372318113112,0.9607006150276307,0.9507333011616557,0.979920473029258,0.9802032732241345,0.9910814171176973,0.9968665482219021,0.9749930119157385,0.9605733449083931,0.9739266079904505,0.9723827237385796,0.9748561319320629,0.9746787524922024,0.9400413516063312,0.9553979741736066,0.9571415191651451,0.9568712469839327,0.9160672530703566,0.9682995925801815,0.9697839776741508,0.974598728303005,0.9736392854627615,0.9351959655177969,0.8721873529707359,0.841330582438041,0.8850003507600898,0.9115271996907971,0.9078730255700609,0.9085802370536513,0.9075854016560356,0.7298565503477304,-0.5656982501516682,0.9620370326659194,0.9466383699120661,0.9467607872140587,0.9759626554857213,0.9567901645701167,0.9682842921023173,0.9683852977808314,0.9196583199062263,0.9700559101883884,0.930370955074944,0.8019446768722919,0.9538056877403368,0.9535842308461852,0.8188281680001709,0.9566365153541692,0.9575597133762656,0.901589077580086,0.9784636349730474,0.8872956963332171,0.5472911836140065,0.7187263367400721,0.8952314275802784,0.8652822496169791,0.8864441274106802,0.9839646971054707,0.9841539889325144,0.7753729297661757,0.7391333430106228,0.8062202492588109,0.44398475550790684,0.7885761351345839,0.8104963211284852,0.8049416623890292,0.7932151212850127,0.784599550480387,0.7462993733461655,0.7291405030783814,-0.4102190729895502,-0.5324925465275686,0.7250043727712254,0.886582750110128,0.9164312127153746,0.9310879833628569,0.9074450412475832,0.8228816787905966,0.8941062633525535,0.9098483287785096,0.9094564934852719,0.8426501131403605,-0.03990440013889912],[0.996491652482926,0.9921795658655899,0.9902154964582539,0.996857478772483,0.9986120904969221,0.9810096129660482,0.9992587211017858,0.9999983923555485,0.9758851102811071,0.9999979472652328,0.999998454536854,0.9997965472967874,0.9999977012078193,0.9999955057682133,1.0,0.9995104919451371,0.9973201014423788,0.9995234132350397,0.9999173070508186,0.9999166605539581,0.999968725532006,0.9999977697424579,0.9914666304671883,0.9770595109588129,0.995599865830867,0.9601045609939404,0.9953934408485688,0.9921404463026682,0.9775924555550225,0.9551518232874017,0.9913237857977762,0.9942005542946044,0.9926921474002962,0.9744891684424527,0.9995053459096044,0.9996074407084028,0.9997077713924544,0.9997769186177824,0.9993575983593059,0.9995477767152999,0.9983826611893993,0.9989603472817051,0.9995769914883832,0.9994541002806206,0.9815056808117031,0.9427740975230435,0.9548807147338084,0.959265922065149,0.9430721460637531,0.9079495658224856,0.957918666636026,0.9460972703475377,0.9600177480542348,0.9609299891444674,0.950968355112191,0.9809160419391465,0.9802740300330415,0.9915640145399403,0.996741667927254,0.9513031460263233,0.9609736767042009,0.9693429799876783,0.9725100090109906,0.9710863837411111,0.9535980971898447,0.8994058152037028,0.955647197112457,0.9583194009188039,0.9427426506076034,0.883790411215735,0.9685001549961515,0.9433547265310842,0.96732038012728,0.9519367770355512,0.8027226992675673,0.872386819671313,0.8060340872109149,0.8853654940830664,0.9017971059361313,0.9080584006836707,0.8891587655362039,0.8980422648300408,0.40870936416163656,-0.5646592329127443,0.9621481906104544,0.9468797214458594,0.9471023126059595,0.953830571093274,0.9568808560719817,0.9683699313079311,0.9684396722632921,0.9197892291118205,0.9648200170605699,0.8564651133572758,0.8019981713430204,0.953954382545696,0.9495293405332547,0.81950848409784,0.9566876677016664,0.9576739934149822,0.9014646929144605,0.9782908682482767,0.8363535233894229,0.546794044619239,0.7190846473439789,0.8592853303518247,0.8510720964727103,0.8418745839444174,0.9838048673819593,0.9839708480657354,0.7757647496577252,0.7394457732921278,0.7842136577288087,0.4440530053112464,0.7802856355073418,0.7928024107592445,0.7885031146373753,0.7913190951555256,0.784565398776874,0.7467638379243564,0.7296120616159075,-0.3218517031579632,-0.4731512138562971,0.7266405554621653,0.8865133688877784,0.9193390727918413,0.9348354061274007,0.9071540569304158,0.8236740162953938,0.9045311144047077,0.9208108809387449,0.9196442134277131,0.7651341770336174,-0.07244151591435007],[0.9977873368448367,0.9941278626645492,0.9897212843082586,0.998021266243747,0.9990753648238614,0.9806560435626365,0.9998949951628022,0.9993839759776095,0.9740551602064891,0.9997113489638331,0.9996991106895234,0.9996917187521122,0.9994271638823834,0.9996056549216518,0.9995104919451371,1.0,0.9985387781643521,0.999864417805938,0.9995889737137347,0.9995932463687053,0.9997899138760905,0.9995780236487969,0.9911620400265044,0.976157895697697,0.9943719905582256,0.9534695927223436,0.9940366815918333,0.993459910414365,0.9760471972066973,0.9558923032060151,0.9916951644392434,0.9927203091785956,0.9934973531708511,0.976401709078791,0.999315939970598,0.999749305352497,0.9997404159402784,0.9996068619225047,0.9996523302471051,0.9997097481398564,0.9989199908686445,0.9996219573279119,0.9995401134630223,0.9993169028589471,0.9802753460131669,0.9415613127284678,0.9568243247629554,0.9570685527129795,0.9440218803955692,0.9139050107367316,0.9598258420027203,0.95026802937712,0.9621906356555877,0.9646683271219819,0.9548023906012099,0.982749449693591,0.9821187921091641,0.9924336890371399,0.9963072331563626,0.9554919677253635,0.9643851567915672,0.9737957651919552,0.9749170828956055,0.9752981350074154,0.9562370247632433,0.9042325387226935,0.9588715176986193,0.9631157175432293,0.9472731657723585,0.891252314175564,0.9708719977494266,0.9478917909899446,0.9713149794218352,0.9559854732055174,0.8103254127618034,0.8774822998811284,0.8100616899460545,0.8904668220495447,0.9063726074333481,0.910596051697787,0.8926135460485238,0.9028894199732075,0.41916525837150037,-0.5621287046350494,0.9652703219512756,0.9514355694314606,0.9515387805142411,0.9575948950117441,0.9603352309021224,0.971290982533096,0.9713699708011727,0.9235798479621463,0.9695235304073954,0.8631579338656458,0.8037766231193192,0.9460317138926161,0.942331815477974,0.8217445171908339,0.9567414567544146,0.9575559256983004,0.9015401425618178,0.9751408965908437,0.8356788521385458,0.5563465837319834,0.7238752897609692,0.85931705084665