var config = { responsive: true }

var correlationAdjClose = {"data": [{"type": "heatmap", "z": [[1.0, 0.9850293404715448, 0.9920489207692148, 0.9835583100564659, 0.9793283516453616, 0.988918263163057, 0.9904834474720301, 0.9907284555538058, 0.994104490423171, 0.9530512464854132, 0.9965324718890999, 0.9906399478981442, 0.9926225879229791, 0.9907981949515455, 0.9907016064229581, 0.991263971062726, 0.9895890162049917, 0.9892020300359406, 0.9891738080939869, 0.9925850120506345, 0.9906637560911126, 0.992907630099085, 0.9774895509589786, 0.9900242700285342, 0.9903794390798578, 0.9747129803900135, 0.9801627335397357, 0.9435233857929437, 0.9738395788510797, 0.9767711425932168, 0.9786369673017606, 0.9505476775814258, 0.9876587836106698, 0.9908072803142954, 0.9889756621552462, 0.992871170367335, 0.9941150206097031, 0.9917990506055524, 0.9870007679365813, 0.9871742167551708, 0.9879318311385058, 0.9872822594783436, 0.9896059646242535, 0.9304064468702024, 0.7160638608950259, 0.9368384891043388, 0.9189967479267818, 0.7609557280519694, 0.9335489703797264, 0.8993892785675056, 0.9346568135303652, 0.929573969880641, 0.9232550513129127, 0.9538949902237132, 0.9606367143302199, 0.9251883047534614, 0.9401255673905721, 0.9488682986232214, 0.953819685398194, 0.9496370903726284, 0.9237881899996214, 0.8833569680151118, 0.9164552880562786, 0.9202429413939985, 0.9045575604823667, 0.8513601131162155, 0.9540309222841766, 0.9299796303272215, 0.9492497416326193, 0.9270412857233288, 0.7406429501832829, 0.7830524385655029, 0.7238899957085461, 0.8035037358954685, 0.852732318230022, 0.8486473477385736, 0.8236286225087093, 0.8370976287402916, 0.2726967651221765, -0.5174202391299354, 0.9381929130962563, 0.9033554483662185, 0.9103393173930544, 0.925894936552285, 0.9040219535193984, 0.9447708958821953, 0.9445151327366332, 0.899291366681421, 0.9419462899641605, 0.8168007782212483, 0.5451138699876272, 0.9188298203131423, 0.9280250262794871, 0.23712808615611938, 0.8885354538134747, 0.9142946818773646, 0.7855791502723626, 0.9752951622765175, 0.777767174214281, 0.5916995859342918, 0.4589986687009932, 0.7834004058852839, 0.7832686742713919, 0.7717860701295974, 0.9794641834862178, 0.9795419450929219, 0.6533730582646622, 0.6243518615979664, 0.715062087359019, 0.24745277833546467, 0.6871501334089856, 0.7120061505633596, 0.7283492189864154, 0.7087986909478031, 0.6728750209915064, 0.6549734233614398, 0.6320046080105295, -0.29795768099430453, -0.4293718420831518, 0.5497147383213818, 0.8585206870312204, 0.8979291332838819, 0.8978821970644618, 0.8905262108178689, 0.7542893208200083, 0.8718942093385347, 0.8863146132057074, 0.8955564725836249, 0.7406017761801197], [0.9850293404715448, 1.0, 0.9991209269050313, 0.9999203909524986, 0.9997440556324685, 0.9896224605341887, 0.9976787903254033, 0.9954002277211828, 0.9958000252724691, 0.9802554664833213, 0.9926462111238102, 0.9955397434016463, 0.9949125537155535, 0.995458009758721, 0.9955901801462341, 0.9968256370304437, 0.9983474209075851, 0.9961704381635264, 0.9961881810818983, 0.996293202356086, 0.9954931893578581, 0.9857280793525233, 0.9682255956408584, 0.9879136410792883, 0.9867789566816032, 0.9802763117335874, 0.9626601048181873, 0.9402992644971513, 0.9943803293751949, 0.9944519698643348, 0.9921039752958942, 0.9751436147708599, 0.9973968059126405, 0.9978991294061722, 0.9971928753143633, 0.9956819449865315, 0.9955341585104566, 0.9977661666450565, 0.9975685894206862, 0.9988124470759165, 0.9973204574932056, 0.9973347173809342, 0.977118215301224, 0.9271955843705025, 0.7672193929057153, 0.9119997643634915, 0.9343821443423539, 0.8513937045882481, 0.9699084310881497, 0.9412786853042523, 0.9708642523470219, 0.9671121695271341, 0.9628297387218427, 0.9847040816105092, 0.981564030207067, 0.9806213571108799, 0.9728435770896868, 0.9828327731616587, 0.9807643786173074, 0.98343674540763, 0.9831998457430069, 0.9462506148874031, 0.9613746439807936, 0.9684585137494501, 0.9681816886868614, 0.9332568918714262, 0.9728826242785339, 0.967924462794892, 0.9785516498765539, 0.9775423555201339, 0.8996699602663554, 0.8466111132565323, 0.8121142953039096, 0.8650958424313394, 0.8928447610898292, 0.889401029885942, 0.8924231546442323, 0.8913194996383269, 0.4919367929595386, -0.511444649538296, 0.972491340678055, 0.9597742386842721, 0.9565740037224938, 0.9816196978772909, 0.9405723247640555, 0.9782657275122452, 0.9782533527630338, 0.938388199775461, 0.9779795650672748, 0.9214739615128047, 0.5839791721268317, 0.837010720227394, 0.9148597390193853, 0.31077560376788615, 0.913757829578618, 0.9360371072549785, 0.8013067887990037, 0.9547084240426814, 0.889698536710187, 0.6793614462898626, 0.5320956035886306, 0.8862437927110962, 0.8561767981108678, 0.8817875388384246, 0.9660641265113064, 0.9663748504837859, 0.7368228884972019, 0.6950941937515341, 0.8201808861896526, 0.3255067074666089, 0.789129295732097, 0.8254061584682539, 0.8118254531179538, 0.8132725421117628, 0.7279574936336697, 0.7340740268519941, 0.7133016903628797, -0.2135352693307034, -0.3496948035744741, 0.6019228422748941, 0.8992765224953889, 0.946202593473746, 0.949247478778119, 0.9181622137255852, 0.8243534195586179, 0.9169950424235995, 0.9393289874195306, 0.9392409213294092, 0.8694885195511697], [0.9920489207692148, 0.9991209269050313, 1.0, 0.9987966534721947, 0.9970665148866372, 0.9921523953390633, 0.9990695706933916, 0.9981158883302523, 0.9981702882234109, 0.9731451910413834, 0.9973373283061026, 0.9981764692249708, 0.9978926959694958, 0.9981538189813421, 0.998221496079468, 0.9984758111006846, 0.9991589780884994, 0.9985946221763149, 0.9985990968760815, 0.9982598777814248, 0.9981585274856182, 0.9930739001795522, 0.9765004580587594, 0.9930350948129517, 0.9929130000170101, 0.9847380039537977, 0.9779124078877112, 0.944308394573476, 0.9911158891811911, 0.992981052552848, 0.9904917486309295, 0.9662068601314373, 0.9990032503091644, 0.999020280336807, 0.9990018994743071, 0.9982968482539221, 0.9986239546606395, 0.9990970851283634, 0.9991648298343089, 0.9991624823280757, 0.9989845442703313, 0.998986883284368, 0.9879798119857671, 0.9375100885715715, 0.7440914800009856, 0.9295569513867835, 0.9363223616530928, 0.8297713288589352, 0.9557084319229102, 0.9264211113779651, 0.959168542825793, 0.9586955348811574, 0.9545725975377801, 0.9807488102273961, 0.9806700966489256, 0.9756080303013066, 0.9652364367316345, 0.9765273996121243, 0.9752573928077267, 0.9768468168086906, 0.9765506471079614, 0.9473572466215808, 0.9492021032249988, 0.9462784876230109, 0.9459249801419749, 0.8942676531237564, 0.9688218251649395, 0.9655140905623751, 0.9727482856243427, 0.9716785267601146, 0.9252348961384703, 0.8185740366788996, 0.7686036757536387, 0.8445801356500617, 0.8930098935327718, 0.8723905213862833, 0.8820364170564172, 0.8809610948885157, 0.648211131082732, -0.5826031396559093, 0.9636903588293217, 0.9444150578597995, 0.943157224807723, 0.9769652098613646, 0.9201036810424148, 0.9690188980982091, 0.9685170114834023, 0.9246851694701714, 0.9713653974018077, 0.9296878384047929, 0.5678415173599639, 0.8663600380917413, 0.9364582698127387, 0.21099359479902308, 0.8865058752814563, 0.9162890777926974, 0.7943014485353986, 0.9610425321933924, 0.8750928368356673, 0.5380910302411774, 0.4178141466381689, 0.8616674297552659, 0.8100372649015352, 0.8624689692513982, 0.9708225178925538, 0.9710661257734954, 0.6873839180240564, 0.6734831910067068, 0.7292772695589836, 0.29710688610305025, 0.663251011923977, 0.7380553657625081, 0.7132094661870921, 0.6942955911552439, 0.7092339789098796, 0.7148343918410557, 0.6929823962795156, -0.44609223884719995, -0.5187368709149475, 0.5869603320896506, 0.891299252273899, 0.9291570107872641, 0.939316669243874, 0.9140774937991716, 0.7975651213271312, 0.8965834782916914, 0.922349838218619, 0.9217923036059413, 0.802547155093465], [0.9835583100564659, 0.9999203909524986, 0.9987966534721947, 1.0, 0.9999928561272742, 0.9887670949568959, 0.9972826142457575, 0.9948293905377567, 0.9951060245916721, 0.9803703437047143, 0.9908510656351157, 0.9949859211255137, 0.9941443455615215, 0.9948888712512777, 0.9950465828731451, 0.9962869197253789, 0.9979671426277704, 0.9956730497612243, 0.9956937563697082, 0.9956917836077327, 0.994937492967807, 0.9843832588619615, 0.9668182973570222, 0.9867330804834966, 0.9854896022182339, 0.9771187768930102, 0.9604309821537198, 0.9389646675519232, 0.9947731817136362, 0.9946928707972021, 0.9918505297233948, 0.9752877573034134, 0.997191202887803, 0.9975196717511919, 0.996828399872857, 0.9950559109910263, 0.9944408288524911, 0.9973462432910563, 0.9974200974538108, 0.9986323762675974, 0.9971254206230528, 0.9971433777767201, 0.9752666304907499, 0.9310989499638439, 0.7733373950951757, 0.9109783690960268, 0.9375387097071963, 0.8618567693038102, 0.9726513314285836, 0.944693346142644, 0.9737255598318721, 0.9696256663632761, 0.9654727132854793, 0.9867132114396171, 0.9830247710091109, 0.982684370094583, 0.975302722038935, 0.9846507006697183, 0.9819353058986515, 0.9853354278643951, 0.9850974839355049, 0.9621602189770211, 0.9633125136584286, 0.9702418204775735, 0.9699602252537166, 0.9405756521854214, 0.9739896190059844, 0.9722781578449496, 0.9806990772138906, 0.9797288119015675, 0.9326373811137695, 0.8489097072178251, 0.8173061786681376, 0.867752050397039, 0.8968601050233106, 0.8904576854935944, 0.8957805750382904, 0.8945892551144775, 0.59955571813005, -0.51113429998585, 0.974024429568619, 0.9628906376393226, 0.9593765479746653, 0.9836737934371876, 0.9423567232222231, 0.9795940472836432, 0.9795744364419031, 0.940005597369365, 0.9800254874104426, 0.9451684981993607, 0.5779535296358995, 0.8263285061442575, 0.9102687928640448, 0.3101323061206442, 0.9120304175585557, 0.9345566783245279, 0.8008494338627385, 0.9531652289421396, 0.895767036098926, 0.6820101937464892, 0.5340934159332569, 0.8912061671190421, 0.8595817139822476, 0.8870929620293181, 0.9649272384783109, 0.9652285719452702, 0.737477768493805, 0.6945092603902494, 0.8280220510430425, 0.3230708050839383, 0.794542070519829, 0.833541730267196, 0.8198848047237254, 0.8183948040656897, 0.7246837066789197, 0.7337097721831971, 0.7128769393250085, -0.2182070664215539, -0.3505510067438365, 0.6041982781709611, 0.9009661568921091, 0.9477626739350075, 0.9507863767678815, 0.9190211752909999, 0.8270280414807905, 0.9187630401377916, 0.9413200231156963, 0.9410750720519285, 0.8771901195635482], [0.9793283516453616, 0.9997440556324685, 0.9970665148866372, 0.9999928561272742, 1.0, 0.9894569828814357, 0.9920772915621129, 0.9866923249206633, 0.9867492623440358, 0.9662945272803278, 0.9895442347853476, 0.9870081624683968, 0.9867828110575486, 0.9868406403531339, 0.9869516640659513, 0.9925300957891794, 0.9944134796583435, 0.9907437511043758, 0.9907455232110408, 0.9868358667572444, 0.9869079456979544, 0.9869668686105434, 0.9597103251265761, 0.981586227844594, 0.981052132592255, 0.9769819324244429, 0.9695894533391575, 0.9058896928529043, 0.9881332255489125, 0.9827285885003815, 0.9770546652492217, 0.9128360651855673, 0.9940588199472618, 0.9938304674663966, 0.994167011093596, 0.9884393422185442, 0.9934378827789719, 0.9941317633240913, 0.9945073476291697, 0.9964708240226235, 0.9941800069810856, 0.9941911658229781, 0.9836307464398785, 0.9306685382140321, 0.6749248664322294, 0.9106245973779334, 0.9375951354650385, 0.861969402988546, 0.8995298452140642, 0.9168452640951316, 0.9033393878874185, 0.9132517897363776, 0.8985846601501846, 0.9582719855068932, 0.958140507409758, 0.9704405942358962, 0.9751945356018279, 0.9670961335106085, 0.9670865411521384, 0.970410340423545, 0.9703169943795843, 0.9245370546240457, 0.9332074210688502, 0.8935210010202475, 0.8934884693720337, 0.7731610418821159, 0.9648299934479121, 0.9675185540237494, 0.9679059678403588, 0.967340613360444, 0.9211111735651609, 0.6040274414182694, 0.542272339488041, 0.7077790502364235, 0.8100242498613016, 0.7275173561478013, 0.7724676432959604, 0.7707905748717558, 0.5308791553073657, -0.25172682460834894, 0.9477389453369031, 0.9568275601284971, 0.9473929237044761, 0.9716497826434748, 0.9194076805196502, 0.9534409831274475, 0.952251822391949, 0.8818723893360582, 0.9573074275954209, 0.8893471022064917, 0.34989420181422926, 0.8258247234116214, 0.8313686220417456, -0.17688871657952548, 0.560671031593547, 0.6801912003313575, 0.605165257897969, 0.948677861509409, 0.6284774164353171, -0.16041314683291086, -0.05318733541841001, 0.5941909162273779, 0.6045082882139753, 0.6506385792534943, 0.9508195262616663, 0.950607895500454, -0.11953001604837168, 0.10307020421841027, -0.050249491494415016, -0.07028642708842708, -0.043347155654238544, -0.02755307558334579, -0.05846767162970047, -0.0941693573423807, 0.2553840348697729, 0.021101111573440825, -0.023457098690535298, -0.4543135621143932, -0.4804478640296171, 0.6047734890430883, 0.7412837895618285, 0.7617111249568156, 0.8248900803773919, 0.8178072621313556, 0.5159795349492161, 0.7262389270393558, 0.761743822784279, 0.7602821683793682, 0.41847147530585005], [0.988918263163057, 0.9896224605341887, 0.9921523953390633, 0.9887670949568959, 0.9894569828814357, 1.0, 0.9892996703350038, 0.9888433459717357, 0.9881261695082464, 0.9672858555681013, 0.977011025816559, 0.9888259671491013, 0.9898360539809556, 0.9889112115008899, 0.9890046457192687, 0.9918805649017384, 0.9902620848707963, 0.9898294650080641, 0.9898060290722571, 0.9875728134668934, 0.9888460011399973, 0.9962956414785763, 0.9912446029273648, 0.988186663509639, 0.9877835590736266, 0.9615707329332851, 0.9832098147343463, 0.9649958153687876, 0.9756251849850112, 0.978544305306751, 0.9877746850771141, 0.9759687570088909, 0.9893427665868091, 0.9894086994049914, 0.9902766991649801, 0.9899161763980941, 0.980821865999397, 0.9900619398898395, 0.9896643094131278, 0.9898706909861117, 0.9894401049213676, 0.9894158814457897, 0.9939014004479417, 0.8900891456049668, 0.7550580372635242, 0.8824509775333755, 0.9343964734746589, 0.8614203207902589, 0.9450093358749201, 0.9147923380762757, 0.9464899024419063, 0.9524472368762817, 0.9439580303436486, 0.9658364857301072, 0.9702641852704094, 0.9645715025046392, 0.9759661248279925, 0.9661408762410274, 0.9778666070422593, 0.9661422423214956, 0.9655831524245087, 0.9627583356620613, 0.9550651334707551, 0.9425665397754077, 0.9421256542910525, 0.9263168086982719, 0.9745090945946031, 0.9663067076076791, 0.9653403382212384, 0.9635471603096655, 0.9420226668772018, 0.8467846136097745, 0.7987054688980763, 0.8670007533916978, 0.8873679278501846, 0.8943507110070934, 0.878839399288715, 0.8770574814536164, 0.618219439791059, -0.4817802909905039, 0.970860644296496, 0.9637931814341052, 0.960706794405777, 0.9658809385530692, 0.9394014397874388, 0.9719368037949124, 0.9716596624855711, 0.9475659080277915, 0.9613433334374499, 0.947669915632008, 0.5821554786334181, 0.7909725415799447, 0.9296312181505224, 0.3106211961616112, 0.9004518986300539, 0.9214511820163125, 0.798512115740687, 0.9500857580125989, 0.8486916028710072, 0.6360632489866306, 0.5132515820542247, 0.8456760053116976, 0.818716383904634, 0.8421585758351234, 0.9526605180387093, 0.952832944171557, 0.7026613808150435, 0.6771668181270253, 0.7673928332168924, 0.3269730583714586, 0.7441447828021313, 0.7748411794426164, 0.7604273274057748, 0.7633599597119465, 0.7156697627991581, 0.707209025587819, 0.6885361295586323, -0.24447461661027176, -0.36823801564473246, 0.639267003802861, 0.8909730409952711, 0.9091173098377937, 0.9158978225041022, 0.9029334309241462, 0.8027537524681544, 0.8772825618029668, 0.9009289195318039, 0.9008185642654138, 0.8485445144228736], [0.9904834474720301, 0.9976787903254033, 0.9990695706933916, 0.9972826142457575, 0.9920772915621129, 0.9892996703350038, 1.0, 0.9969683776465013, 0.9995120089836096, 0.9711761954274899, 0.9993901187762804, 0.9979889802064467, 0.9990412337264428, 0.9989409784632086, 0.9986947199863989, 0.9980059775372353, 0.9998859664588201, 0.9991968614840755, 0.9992032198048804, 0.999631295694206, 0.9991644178717609, 0.9903438594540379, 0.9728085432329698, 0.9831159891788104, 0.9919155589331033, 0.9834737385122547, 0.9695844252397511, 0.9386738294168894, 0.9926015739138704, 0.991626622035945, 0.9930021613112556, 0.9711018268924456, 0.9987301869850485, 0.9997999018946269, 0.9995891437300636, 0.9993555720200372, 0.9996026953004649, 0.999832951936743, 0.9977335295319906, 0.9995784872137198, 0.9992129381073874, 0.9987901289166011, 0.9829607696050077, 0.9385226392228674, 0.7551851313351816, 0.9356991636167761, 0.9357157801205267, 0.8142144468296798, 0.9623309861218589, 0.9400402032772773, 0.9632054157379204, 0.9610672101611486, 0.9574200691299388, 0.9822587913067617, 0.9800446724651561, 0.9351533926690864, 0.9509969391948742, 0.9657124697511148, 0.9661804827847278, 0.9677170870817277, 0.9359149481723773, 0.878905168050167, 0.9380493473033444, 0.9522317994734626, 0.9289005168222177, 0.8663254079765098, 0.9575096515307892, 0.9230782303549157, 0.9588385651141039, 0.9352864666970506, 0.7053296733077554, 0.8125804057804856, 0.7460225581071595, 0.829299985645878, 0.86002339888, 0.8632014584224482, 0.8449272950395853, 0.8574039529253374, 0.22705635415739484, -0.5481398438653382, 0.9533734087699015, 0.9265100989733381, 0.9274326135428855, 0.9380374462451219, 0.920747494153701, 0.9625743125763679, 0.9627042282368261, 0.9154441116114249, 0.9586057322354955, 0.8021858014465048, 0.5663334369732856, 0.8728877818428179, 0.9139491108159559, 0.29083239812598216, 0.9114180246975196, 0.9349420198253758, 0.7945986381277904, 0.9616822739484319, 0.829989857520281, 0.664320224342375, 0.515660912376795, 0.8414291040725221, 0.8333100184314297, 0.8267755620351339, 0.9717566786037368, 0.9720581699823782, 0.720664594678627, 0.6684625072635592, 0.7842574998240727, 0.29157736217932867, 0.7643540061914037, 0.79361392003268, 0.7851200533450602, 0.7902579233137926, 0.7046069804927351, 0.71869277935317, 0.6960097001186197, -0.23496689479722344, -0.3782309134039778, 0.6073051480654578, 0.8909196652501604, 0.9313537661584799, 0.9462025088937385, 0.9159290006959331, 0.8212291038171967, 0.9155305457900904, 0.9379096141869155, 0.9372563548042272, 0.7740428665221717], [0.9907284555538058, 0.9954002277211828, 0.9981158883302523, 0.9948293905377567, 0.9866923249206633, 0.9888433459717357, 0.9969683776465013, 1.0, 0.9999831380494005, 0.9649030381874104, 0.9995873365462941, 0.999996853632827, 0.9996390109605826, 0.9999976638029083, 0.9999803173833034, 0.99618221356918, 0.9991410430817417, 0.9998769924568015, 0.9998769467975096, 0.9999526947839674, 0.9999941714944199, 0.9905363260107246, 0.9737563876629756, 0.9911285334711427, 0.9923836053991579, 0.9796239580205253, 0.9717855365366356, 0.9371596036076139, 0.9889761890207346, 0.994458078140727, 0.991808767033634, 0.96783931885891, 0.999424184760204, 0.9994679716658526, 0.9996090254907046, 0.9996557098132912, 0.9986098111808596, 0.9993643943728594, 0.9990807382483184, 0.9982983026506951, 0.9994949779006053, 0.9993527487362537, 0.9842373515443295, 0.9405405382921557, 0.7424949011611286, 0.9457021684907897, 0.9355153599763092, 0.7920881612905497, 0.961310943269643, 0.9351624531548133, 0.9618355656874447, 0.9548182733275764, 0.9512950218207091, 0.9804728071009724, 0.9768724371647931, 0.928780597484875, 0.9429467700884586, 0.9566788821084186, 0.9611084047237185, 0.9592625436465659, 0.9337808313653693, 0.8658212398863321, 0.9308537714238866, 0.9437135711261425, 0.9225533507327779, 0.8493715883361549, 0.952640628237107, 0.9143552073895109, 0.9511042057699942, 0.929262003663457, 0.6854135846662754, 0.8013345460645104, 0.7408664082729401, 0.8178736635649706, 0.8499117791374817, 0.8561549121736335, 0.8392574041940499, 0.8483960742616216, 0.20427263813753135, -0.5557828305869337, 0.9467338308580453, 0.9134477108402743, 0.9169384588021693, 0.9355892406541123, 0.9117568302259228, 0.9562357807661687, 0.9563931268944921, 0.9063799565317291, 0.949059129702698, 0.7844264333093051, 0.5595240754419832, 0.8978968621611004, 0.9274619364920218, 0.2775415810534866, 0.9099512473806934, 0.9339141832236205, 0.7915806242622324, 0.9666515420673489, 0.8346855863335636, 0.6508841327880905, 0.5031686934327924, 0.8434691937025418, 0.8305560777814569, 0.8310691457173067, 0.9749055184920739, 0.9752105224432613, 0.7103207176865707, 0.6588047466985182, 0.7871034980754439, 0.2751775366037746, 0.7594915170357085, 0.7898154649950219, 0.7872271223929024, 0.7851783672344302, 0.6960666555539375, 0.7119237292993214, 0.6884695036254329, -0.2530269626363838, -0.3954008454514658, 0.585592108251613, 0.8820369492936481, 0.9294698960635157, 0.9385102081196492, 0.9093151577624349, 0.8093759536783539, 0.9091266058144127, 0.9317309698852404, 0.9313437544902349, 0.7528484301891739], [0.994104490423171, 0.9958000252724691, 0.9981702882234109, 0.9951060245916721, 0.9867492623440358, 0.9881261695082464, 0.9995120089836096, 0.9999831380494005, 1.0, 0.9641934134684906, 0.9995857093520087, 0.9999809574548878, 0.999821156215875, 0.9999894294151798, 0.99999650341847, 0.9989120857024505, 0.9991185030247071, 0.9998052718592986, 0.9998045575680864, 0.9999652317931608, 0.9999818095021165, 0.9932848525268938, 0.9749575158498457, 0.9944855239750762, 0.9946534852090972, 0.9796804214130854, 0.9760894020650978, 0.938481955632998, 0.989490197505816, 0.9934650068880397, 0.9888858690115828, 0.9632629622526575, 0.999331771365615, 0.9994110938735354, 0.999405827260288, 0.9998223329145144, 0.998625274478457, 0.9993612248194639, 0.9992995392168492, 0.9982976175961391, 0.9993236448838182, 0.9993184076621425, 0.9885118996901446, 0.9405805708237576, 0.7435454011075545, 0.9457460999095155, 0.9356786482954126, 0.7923509403096788, 0.9504368187300254, 0.9210808441493138, 0.9534564348917552, 0.9523443946889014, 0.9488252248236073, 0.9776328815623834, 0.9770623711230739, 0.9631709209011872, 0.9435018206989276, 0.9640285616182366, 0.9611797123379922, 0.9644517996772236, 0.9640593612755757, 0.9326084616451198, 0.9301249714524154, 0.9340385848470023, 0.9336449341810605, 0.8808261886935639, 0.9530112384550683, 0.9544592083100562, 0.9608708338476789, 0.9594886886481664, 0.9101443594392302, 0.8005516057808333, 0.7444050422566083, 0.8172247100607426, 0.8714552605577944, 0.8541492816495273, 0.8624077427135863, 0.8613853082725821, 0.5892363608111607, -0.6194876833368139, 0.9466789016147763, 0.9134938550935153, 0.9170066920316127, 0.9647478501408664, 0.9019156033914292, 0.9556792122736308, 0.9550830846288028, 0.9072570477962065, 0.9583053355694133, 0.9125814065535723, 0.5573854645351328, 0.8975605347170309, 0.9443083148210764, 0.22336318292201088, 0.8939387565984731, 0.9228489422325573, 0.7906072315069197, 0.9651510086095991, 0.8817162092293575, 0.5616272374647853, 0.4399819955268189, 0.8688174959109429, 0.8185063237579681, 0.8703525883577153, 0.9747981866549267, 0.9750880652150545, 0.7081801336827367, 0.6558917239938062, 0.7456306418262922, 0.27271987194002556, 0.6814732270346923, 0.75369539095848, 0.7308329386960438, 0.7125421798032456, 0.6934843686691418, 0.7086308395743178, 0.6851418717995656, -0.49790023558963925, -0.5725570603163218, 0.5859440145051298, 0.8809340701021767, 0.9277425402315534, 0.9391442140323224, 0.9083320840777257, 0.8039512705170483, 0.8964051874704403, 0.9210226017193962, 0.9204440728193235, 0.8107730197673351], [0.9530512464854132, 0.9802554664833213, 0.9731451910413834, 0.9803703437047143, 0.9662945272803278, 0.9672858555681013, 0.9711761954274899, 0.9649030381874104, 0.9641934134684906, 1.0, 0.9474703286450133, 0.9652954901574402, 0.9641565239154541, 0.9650199409952972, 0.9645692754130173, 0.9664510673242358, 0.9748186630719484, 0.9699557156094001, 0.9699613062263508, 0.9650761665443708, 0.965156474059332, 0.9645457617324846, 0.9497696976757237, 0.9721210222378258, 0.9699775173644679, 0.8776006291802183, 0.9679275225768255, 0.9483142986337785, 0.9742314587382024, 0.968073343059329, 0.9677465713726506, 0.9316311945711938, 0.9736698087465475, 0.973224098987215, 0.9737324211023665, 0.9652361209219597, 0.9558357759796735, 0.9727112682392578, 0.9735540314466956, 0.9773798135346875, 0.9738703648995685, 0.973888411400789, 0.955263697103922, 0.8386969959456745, 0.5653934923107659, 0.7754587196115443, 0.8994446023688369, 0.883234336080192, 0.902460939533488, 0.8170792438149884, 0.9069305225243958, 0.914091716744111, 0.904287745465184, 0.9279113059952432, 0.9277543581544225, 0.945912943186233, 0.9376012402778209, 0.9560282468368559, 0.949747444837657, 0.9542493460996202, 0.9542745655963879, 0.9136024144381971, 0.9511376158251426, 0.9331957184271692, 0.9328478783419658, 0.8471241445927329, 0.937847730978099, 0.9464824168980578, 0.9392210288655847, 0.938259784629855, 0.8894317660808135, 0.8087894824199369, 0.7634518364669686, 0.8540693107580544, 0.9090293219100726, 0.8784162656906414, 0.8937523779804, 0.8929902506210733, 0.692897780252071, -0.29216483383690073, 0.9531554618332463, 0.9559426799984395, 0.946138396087038, 0.9478804374268676, 0.8948755194464839, 0.9546048725634455, 0.9544294122497495, 0.898640171394702, 0.9571262214511704, 0.904946136877373, 0.6849776221237923, 0.642011639115237, 0.8624170613846115, 0.21904812599975726, 0.8453467160722437, 0.8865330834736322, 0.8681999716955189, 0.9495825555371116, 0.9029845735182762, 0.4711160144994025, 0.46095964596344924, 0.8952500324911367, 0.8695462730436381, 0.9013399188288641, 0.9501673514566058, 0.9505046728642387, 0.5351283604997975, 0.6965620421091391, 0.6063619985282143, 0.4806888155892046, 0.5687901873285616, 0.6260207392480402, 0.5865215923452348, 0.5644243235560311, 0.7943613864049585, 0.6708544315740034, 0.6354048301110635, -0.2637429327248117, -0.30750738670118033, 0.7363413655850766, 0.9151937433174306, 0.9210889946585784, 0.9065198697611923, 0.9399698247464733, 0.6447908181189521, 0.8354526306061617, 0.9069128060486302, 0.9060099828238118, 0.6909601103598157], [0.9965324718890999, 0.9926462111238102, 0.9973373283061026, 0.9908510656351157, 0.9895442347853476, 0.977011025816559, 0.9993901187762804, 0.9995873365462941, 0.9995857093520087, 0.9474703286450133, 1.0, 0.9996230318833715, 0.9995965668153831, 0.999605280158424, 0.9996141592056376, 0.9993246183984903, 0.9987248176643178, 0.9999480873857466, 0.9999485436260416, 0.9996039914634438, 0.9996150363100927, 0.9891485812896371, 0.9539093706577493, 0.9897485296671802, 0.9910173093877734, 0.9852483075936609, 0.9667941108917283, 0.8889083130516016, 0.9880166910878557, 0.9918096547596218, 0.9715278302900462, 0.8927614353434604, 0.9990886497585427, 0.999160151764886, 0.9990784651989685, 0.9994216400521116, 0.9993522124253562, 0.9990937987822932, 0.9989407468084457, 0.9971030468144615, 0.9990538370843733, 0.9990504603585931, 0.9881950797473268, 0.9343680414363166, 0.6245740609456585, 0.9404588037421279, 0.9350609038769184, 0.7975868722551779, 0.8748759538058358, 0.891056489610614, 0.8804727889288697, 0.883816022514896, 0.8718258261442287, 0.9508507734417131, 0.9507555920289313, 0.942930738974502, 0.9455268427245817, 0.932210658472602, 0.9351404828684142, 0.9375938235593818, 0.9373769892922014, 0.8787178028175898, 0.8908711967946198, 0.843200886777079, 0.8430790712545757, 0.7052978868716698, 0.938674328434884, 0.942521462916402, 0.9429401614920765, 0.9422713560360995, 0.8825817741696629, 0.5455504337250225, 0.47929437836177874, 0.6489119167870181, 0.7599230305055783, 0.6761358386360244, 0.7221772108556154, 0.7212315333624281, 0.46485448433446813, -0.38567078111806696, 0.9054237680120343, 0.9179850980797375, 0.9050354583996983, 0.9447918936606337, 0.8692191344024718, 0.9126362207892902, 0.911106343048997, 0.8277334299065947, 0.9180210744427912, 0.8370908855657317, 0.4198044112212073, 0.8925636463809281, 0.8931675202158806, -0.14829667860804213, 0.6176482858519402, 0.7235392454127182, 0.6209005803395835, 0.9672083056698008, 0.6424908434524719, -0.11117202797429017, -0.01909349845247552, 0.6132785398020116, 0.6198186359389133, 0.6618389210267039, 0.9689002580838141, 0.9689524449872015, -0.05578567691788247, 0.15943789544349293, 0.01576319628683257, -0.0060113491988172335, 0.01969969358201848, 0.03845413137376992, 0.006115593557599124, -0.03692050837118527, 0.32189326083794506, 0.06955901036954065, 0.02071672378020428, -0.5266719750428446, -0.5528656313503771, 0.5860479220901155, 0.7303404682887835, 0.7521237957842546, 0.8180045108771606, 0.8153381980357242, 0.491506748030373, 0.7120307226882023, 0.7514150014313971, 0.7500454173963743, 0.40291732651314094], [0.9906399478981442, 0.9955397434016463, 0.9981764692249708, 0.9949859211255137, 0.9870081624683968, 0.9888259671491013, 0.9979889802064467, 0.999996853632827, 0.9999809574548878, 0.9652954901574402, 0.9996230318833715, 1.0, 0.9996262805849253, 0.9999976030287832, 0.9999835576212122, 0.996858286577437, 0.9992002081395911, 0.999889235949193, 0.9998892849526185, 0.9999607119525822, 0.999994676863321, 0.9904526611676628, 0.9736353760602863, 0.991783818371962, 0.992353844730024, 0.9798811122978885, 0.9716288144895372, 0.937187603555934, 0.9898490545225705, 0.9944955619262111, 0.9918613898620362, 0.9679536267765633, 0.9994641053806705, 0.9995112317065638, 0.9996422456294624, 0.9996586529801067, 0.9987078641181504, 0.9994107033586751, 0.9991172038961063, 0.9983857888951835, 0.9995365047994983, 0.9993934442752174, 0.9840648552494913, 0.9406999739960648, 0.743118497231054, 0.9454247269003734, 0.9355882767381339, 0.7932221169078862, 0.9615866827846635, 0.9355579270311541, 0.9621207959027447, 0.95514880087632, 0.9516352250228594, 0.9806885069625115, 0.9770330527889889, 0.9291524697206158, 0.9433131229122084, 0.9570649804002719, 0.9613493137051443, 0.959637858835837, 0.9340772609195858, 0.8661605166733086, 0.9312342153900842, 0.9441788459708109, 0.9230117968396762, 0.8499082235549706, 0.9528487407621521, 0.9146744278576981, 0.9514215942773343, 0.9296191144513861, 0.6857123372813354, 0.8019182881657011, 0.7414559632203247, 0.8184558623055735, 0.850357838693657, 0.8565138712510876, 0.8397361964088709, 0.8489071535252126, 0.2047391118202843, -0.5555473928576615, 0.9470591893184321, 0.9141068340882936, 0.9174442473212036, 0.9358717294570261, 0.9121517083877557, 0.9565491488600003, 0.9567050899875656, 0.9067512376898198, 0.9494692636373668, 0.7848403190084988, 0.5599288083814398, 0.8968257993204333, 0.926929728519335, 0.2782248071082085, 0.9100739515008083, 0.9340247170764582, 0.791897813407986, 0.9664959256221659, 0.8350903731981424, 0.6517945048169284, 0.5039972340630761, 0.8439033230614111, 0.8310779382372387, 0.8314630524740362, 0.9748417920794262, 0.9751462599996771, 0.7109720683088906, 0.6594592367456442, 0.7876315377513998, 0.2761468294350637, 0.7601575019935781, 0.7904542430036693, 0.7877576466133652, 0.7858472991061587, 0.6965503085064362, 0.7123843546576102, 0.688964813838166, -0.2519382139182354, -0.39440793012616504, 0.586306735865625, 0.8825301547737895, 0.9298441383343883, 0.9389845755930859, 0.9097462260094389, 0.8099084903366498, 0.9096406992474162, 0.9322315004739244, 0.9318303306849571, 0.7534980189851187], [0.9926225879229791, 0.9949125537155535, 0.9978926959694958, 0.9941443455615215, 0.9867828110575486, 0.9898360539809556, 0.9990412337264428, 0.9996390109605826, 0.999821156215875, 0.9641565239154541, 0.9995965668153831, 0.9996262805849253, 1.0, 0.9996629598840202, 0.9996459229837406, 0.9990261246002083, 0.9986918209256981, 0.9994303694548065, 0.9994243957603596, 0.9996406348102747, 0.9996158287958277, 0.9924763136694097, 0.9753373698538811, 0.9953083090357008, 0.9951933368598924, 0.9796713295409729, 0.9745650796645858, 0.9399400013842087, 0.9890735027393613, 0.9925047840921714, 0.9909935336012445, 0.9655992459867629, 0.9987412470230336, 0.9990424518813468, 0.9992372787247793, 0.9999245578552916, 0.9986462343508344, 0.9989871267830795, 0.9985437330572359, 0.9976417622542211, 0.9987301639403698, 0.9986530141174105, 0.9880351519413577, 0.9407130533450011, 0.739527945970344, 0.9456518545047886, 0.9355747474319491, 0.7924992047086443, 0.9582167809669466, 0.9284281942738817, 0.9590035364470507, 0.9518842653527699, 0.9478564468040541, 0.9771786739057329, 0.9749961164740699, 0.9539182121918423, 0.9428877084603454, 0.9572615937699079, 0.9602368899467574, 0.9593403641285881, 0.9586774940181484, 0.8702720841782021, 0.9277530061170474, 0.9423886034816901, 0.9422147198129759, 0.8477385407433958, 0.9529206925398427, 0.9275205425753505, 0.9533078019330435, 0.9518365656434814, 0.6896630816783836, 0.7985158892153773, 0.7629520551771115, 0.8157198060207571, 0.8518554191312852, 0.8553719126178391, 0.8475462642953636, 0.8478752002070752, 0.1881411184213016, -0.5501175350013833, 0.9458013641615931, 0.9136986672591266, 0.9160778252730671, 0.9571682330780036, 0.9115420513605712, 0.9549977707097338, 0.9551133513667989, 0.9059689087378532, 0.9497459382437401, 0.7918420724099782, 0.5604386959015525, 0.8974694535258879, 0.9270422707447211, 0.2736521537069312, 0.9075226383925158, 0.9318875754233051, 0.7930260556619332, 0.9693073806065328, 0.8281934009515943, 0.644090818905059, 0.4987489679418898, 0.834920129640963, 0.8257141877039212, 0.8229515131025836, 0.9768758873713214, 0.977131646589397, 0.7015062052083715, 0.6536578578048653, 0.7658309100606719, 0.2758207416644693, 0.7499544220328065, 0.7789274280523936, 0.7554358967104364, 0.7746139436401718, 0.6939494524948998, 0.7015311686618191, 0.6783839248384084, -0.25896274149043785, -0.3997822593834842, 0.5858154913732314, 0.8803142629107191, 0.9314833930688201, 0.9345400299090258, 0.9089588549060827, 0.8018516881849429, 0.9030186810653649, 0.9252585559221433, 0.9254610324190441, 0.7481625754684526], [0.9907981949515455, 0.995458009758721, 0.9981538189813421, 0.9948888712512777, 0.9868406403531339, 0.9889112115008899, 0.9989409784632086, 0.9999976638029083, 0.9999894294151798, 0.9650199409952972, 0.999605280158424, 0.9999976030287832, 0.9996629598840202, 1.0, 0.9999878082793292, 0.9985169857178676, 0.9991643060179777, 0.9998808809049354, 0.9998804863145287, 0.9999549281362953, 0.9999918200475866, 0.9905762706259659, 0.9738130154723016, 0.9937234687597988, 0.993589098982721, 0.9797752784500945, 0.9718323120196454, 0.9373551972792001, 0.9923562841878948, 0.9948379573855369, 0.9917444484310732, 0.9677273497233679, 0.9994407744125576, 0.9994734119632419, 0.9996197660599377, 0.999676231756628, 0.9986552408814529, 0.9993766197780147, 0.9991508812954779, 0.9983228955674228, 0.9995090698458213, 0.9993701983073858, 0.9842199193794522, 0.9405703203743006, 0.7425885540647434, 0.9455962065365299, 0.9355839712299218, 0.792616036000613, 0.9614190451104562, 0.9353471387215129, 0.9619869609402265, 0.9547846555004232, 0.9512351290801817, 0.9805228049252663, 0.9768339321598338, 0.9291686883989988, 0.9431400882697385, 0.9568978200766127, 0.961183035908557, 0.9594630370822371, 0.9334389941407127, 0.8660909788678159, 0.930679488046169, 0.943795020958782, 0.9228249862994262, 0.8495191123396307, 0.9528321210847489, 0.9148188515353133, 0.9513750594677439, 0.9296709016395249, 0.6858595008292631, 0.8012708448370701, 0.741189837585399, 0.8178584014425434, 0.8501197532588972, 0.8561196955123388, 0.8394465535864288, 0.8486043832418697, 0.20466232041270374, -0.5554333868427477, 0.9468058248816915, 0.9137611884254817, 0.9171782889026218, 0.933301853266165, 0.9120424539983935, 0.9563194797973632, 0.9564731997052435, 0.9065757250861074, 0.9492775063815154, 0.7847600180083291, 0.5596468417549079, 0.897406586161288, 0.9272947605210334, 0.2775735330648417, 0.9098062866473728, 0.9338016779243044, 0.7915894524043008, 0.9666729585474476, 0.8347524920583154, 0.6507570711799046, 0.503063936951048, 0.8435200841405178, 0.8307354558903357, 0.8311293723276805, 0.9749665871474985, 0.9752672758558538, 0.7098419439918663, 0.6583664360574146, 0.7871077727498664, 0.2755211831110009, 0.7594862738101124, 0.7897496201854709, 0.7874293780305761, 0.7850865756062575, 0.6959644292638166, 0.7110368685513524, 0.6876213299540146, -0.25280559885166176, -0.3951742059694631, 0.5860013307332739, 0.8819555372366689, 0.9296360280493997, 0.9385951159719177, 0.9093729819565174, 0.8091828231159323, 0.9093874715565939, 0.9318102793527935, 0.9315434499644979, 0.7529895052665753], [0.9907016064229581, 0.9955901801462341, 0.998221496079468, 0.9950465828731451, 0.9869516640659513, 0.9890046457192687, 0.9986947199863989, 0.9999803173833034, 0.99999650341847, 0.9645692754130173, 0.9996141592056376, 0.9999835576212122, 0.9996459229837406, 0.9999878082793292, 1.0, 0.9985149124031254, 0.9992111270369841, 0.9998774221469493, 0.9998774568606509, 0.9999550333642043, 0.9999759521151566, 0.9904854805370132, 0.9738426695182524, 0.9920811517743175, 0.9921401634608767, 0.9799503235537956, 0.9715558759648342, 0.9373786583298755, 0.9923982901799865, 0.9944170329334583, 0.9915931246618243, 0.9676465861786914, 0.999485681464496, 0.9994633523444714, 0.9996113314317887, 0.999666389841921, 0.9986813726759076, 0.9993873217518638, 0.9991861346195601, 0.9983896950465961, 0.999544794563971, 0.9994207924942153, 0.9839782950315402, 0.9404069036658586, 0.7434435278072469, 0.9453506365250723, 0.9355099362394667, 0.7929750615288609, 0.9620043123462082, 0.9365199776231257, 0.9626410223813497, 0.9550181078860119, 0.9514462010829895, 0.9810416244397886, 0.9770641564687536, 0.9301140771822309, 0.9436974555740123, 0.9573853638291535, 0.9613812744532031, 0.9599565683780783, 0.9348972438723774, 0.8664314326752486, 0.9303110014976458, 0.9441831136808124, 0.9236257983149255, 0.8495773644252363, 0.9532763373930877, 0.9156230350829552, 0.9520103329387559, 0.9306627945914921, 0.6860417661512492, 0.8008704219483859, 0.7424051384651296, 0.8175279865842134, 0.8502784408780046, 0.855741409887976, 0.8401294181264977, 0.8490377566152019, 0.2045428041259444, -0.5550443510383312, 0.9469009375241935, 0.9139844162293889, 0.9174010784162517, 0.9367532724047013, 0.9128573888319712, 0.95652805121232, 0.956677097923351, 0.9070502126162664, 0.9497289544816181, 0.7849719919679802, 0.5581678187495601, 0.8971836162434003, 0.9269694766371411, 0.2769820634989309, 0.9092625435673042, 0.9333313837809244, 0.7906450008486385, 0.966271081944813, 0.8357854626022782, 0.6500408414253641, 0.5020794953758221, 0.8440875050561962, 0.8312327864880317, 0.8319228267506296, 0.9747177695677376, 0.9750075635507628, 0.7085202941497157, 0.6562771626005865, 0.7882181667808583, 0.27380542150884757, 0.7597783021550019, 0.7901531814316455, 0.788730653621529, 0.7853059385215356, 0.6944408718146858, 0.7088361042648492, 0.6854003231910513, -0.2522240505116973, -0.3947152205131107, 0.5861171574424936, 0.8811247369210137, 0.9302365180303157, 0.9391237923989392, 0.9086419234791913, 0.8094227378962393, 0.9104420143890106, 0.932407446439621, 0.9322992271344386, 0.7529030159340576], [0.991263971062726, 0.9968256370304437, 0.9984758111006846, 0.9962869197253789, 0.9925300957891794, 0.9918805649017384, 0.9980059775372353, 0.99618221356918, 0.9989120857024505, 0.9664510673242358, 0.9993246183984903, 0.996858286577437, 0.9990261246002083, 0.9985169857178676, 0.9985149124031254, 1.0, 0.9989223958956936, 0.9989047928821647, 0.9989026056497609, 0.9987272618050094, 0.9984016310602138, 0.9919224760730695, 0.9766543496809129, 0.9824375755292994, 0.9891783474228621, 0.986794933460245, 0.9735861536098475, 0.9453299258211858, 0.9935287548597589, 0.9931925599969463, 0.9907162040669185, 0.9681439405539968, 0.9987681913256641, 0.9987381607233641, 0.9989490501005903, 0.9985336054166711, 0.9993438372624812, 0.9988688619268379, 0.9988972478156304, 0.9982580847884944, 0.9986377861711896, 0.9987185151696373, 0.9826986552091125, 0.9331295488391228, 0.7502537891456958, 0.937141978566458, 0.9378959150997793, 0.8116012267007616, 0.9656570348264158, 0.9409970862932945, 0.9669029469780834, 0.95558233636625, 0.9506819944106949, 0.9818389200767177, 0.9768562697951088, 0.9434415210035887, 0.9537088175115741, 0.9646361938776796, 0.9659709488109477, 0.9662963728495428, 0.947093185979589, 0.878864074973058, 0.9344056568300063, 0.9494449197446202, 0.9351428454562198, 0.8610224770152461, 0.9597774777198624, 0.9299265478932066, 0.9599442225438662, 0.9440039967029386, 0.7045346867534414, 0.8090352637800708, 0.7608329758112271, 0.8270102389600275, 0.8634095139427598, 0.863