var element=document.getElementById("correlationClose");if(element.style.display!='none'){var correlationClose={"data":[{"type":"heatmap","z":[[1.0,0.9999857771686154,0.6111891073788864,0.9997135289020823,0.9977220464112934,1.0,0.9915823138430294,0.9875228552598714,0.9875228552598714,0.9922555603476714,0.9746516304248697,0.9846697637557844,0.9916233963598374,-0.10408618985931253,0.9916828525873228,0.9079540616252315,0.8800053578960065,0.3866473836360508,0.9926147201647401,0.9925997703586984,0.9847247415510755,0.9916093242855425,0.45433173707067814,0.6983256299097004,0.9796729319333278,0.9796729319333278,0.9796527461199039,0.9686814590453096,0.3449982215514072,-0.1021971357070626,0.9895896991901126,0.9895530313448954,0.30112046588071634,-0.1754221183736024,0.9942314384127221,0.9949994819824012,0.8272662882334769,-0.3789072617757593,0.9892258414095163,0.9948683848224914,0.9034243898310587,0.3682160572264649,0.9943968018123315,0.9943842873411088,0.9943968018123315,0.8867426268275252,0.6615437817571891,0.8843484810039206,0.8934822407075967,0.800969279673366,0.38005324028579196,-0.15141651936349904,0.1947349755372825,0.9454771924199674,0.42754956718879583,0.975915248683182,0.9706887074726425,0.9796804536565559,0.9897343873830571,0.9218692769658835,0.924202667139641,0.9385200648062911,0.918704590983371,0.9355987667565424,0.9362967404434754,0.9355987667565424,0.8620449728727944,0.9128918636262214,0.9138992856002501,0.9128918636262214,0.9082055195016452,0.7574796723233254,0.8816391793536078,0.8830976985461773,0.8816391793536078,0.65005477020994,0.3330123918472279,0.6302699271217248,-0.5787939743727375,0.5326340676298889,0.5718943231235613,0.5726863345092511,0.5718943231235613,-0.10497711419067068,0.8959586377885773,0.9284071772818474,0.9106997692359474,0.9232849685321389,0.3740167328118829,0.8920831281045999,0.8930552418742572,0.8920831281045999,0.8989343483697163,0.8989343483697163,-0.13038671700990978,0.5801974003715802,0.18861427292455157,-0.6119390746685391,-0.5728269583631204,-0.5763757213664853,-0.06965318922475514,0.09085115684473578,0.24191991777357819,0.08902340586419012,-0.4548910095268084,0.03118704986490744,-0.7947110986741275,-0.23580267473982638,0.1500779412370847,0.1506458408156022,-0.5535900789215881,-0.5949858922080369,-0.2365199713496657,-0.49823850580683066,-0.8246664936383727,-0.3704678264830087,-0.36221613579554957,-0.3704678264830087,-0.19184593727769628,-0.2854668916841691,-0.2854668916841691,-0.8126544385220759,-0.8126544385220759,0.40462425941759034,0.6488152427161858,0.8664612969711185,0.8473594094172661,0.7793752490617355,-0.280414396592107,0.7590788277556698,0.7977650360049587,0.7980776998896315,0.7977650360049587,-0.23128199979581124],[0.9999857771686154,1.0,0.9745104632666629,0.999334242480906,0.9947651591789689,0.9999857771686151,0.9812797298697311,0.9737990807642855,0.9737990807642855,0.981113188758584,0.9643628613631712,0.983045556744109,0.9813254505301172,0.9812988120684548,0.9811391584086411,0.5836603076677718,0.5204375093357249,-0.33906305450108193,0.9859263238795754,0.9859053907714604,0.9813822532638878,0.9813764359571747,-0.0915655265269352,0.9733597715644766,0.9755553845620252,0.9755553845620252,0.9756147136653369,0.9688130156823961,0.14287168103121312,0.18225230235779027,0.9780084553957361,0.97807152999324,0.9741279773198929,0.1978415388822862,0.9892063265653467,0.9892682037554476,0.9899409253635311,0.9829267632736649,0.9879764013954264,0.9893496832576217,0.5544292985117827,-0.34492578908774185,0.9899961446313005,0.9899822841222025,0.9899961446313005,0.8868695290518728,0.5240905308779502,0.8847417208966215,0.8936629494310949,0.8003091473177876,-0.3969290624063556,-0.5286638616682985,0.8255649185656156,0.8620685597703684,-0.21758751058507525,0.9338357871780343,0.933959226520169,0.9475511569064935,0.9742693888919217,0.9361508020499183,0.9446415698423154,0.9260587515904527,0.9254645871295158,0.9317675326264927,0.9323885806081667,0.9317675326264927,0.812717485617908,0.7772761535804494,0.779468990063444,0.7772761535804494,0.9388119803852278,0.9431413138653807,0.9388644037821,0.939917847768746,0.9388644037821,0.5131973678402667,0.4540440753454549,0.5667160199737263,0.6659309810169208,0.5593866680771153,0.5911254301531415,0.591964278864701,0.5911254301531415,-0.2101679695173985,0.8899943499763548,0.9208237049032829,0.9096636220691671,0.9423453232585987,-0.1847080292123186,0.8850777690217747,0.8854296735303083,0.8850777690217747,0.8945912911950185,0.8945912911950185,-0.22570459539877996,0.5798717260934508,-0.3639515153285968,-0.7123744606800618,-0.46409299752279065,-0.46759625220105455,-0.33010952527683424,0.2518331460793234,-0.2315275312259384,-0.43521167494355145,-0.6543296802675006,-0.31002314161644734,-0.48982244272441827,-0.36575359904574506,0.12852253026497243,0.12430028451835064,-0.4897998912721762,-0.4490169290199974,-0.47727570627194527,-0.5077199461402536,-0.49993120511080685,-0.47939673363679597,-0.4828249901142474,-0.47939673363679597,-0.3532092378425246,-0.5087359972593861,-0.5087359972593861,-0.4812403923684441,-0.4812403923684441,0.4045513831647823,0.39770869512838136,0.5125525583583518,0.598450587605528,0.5608575409869965,-0.41197244654100745,0.37167496403906053,0.3518020233852557,0.35192360561800773,0.3518020233852557,0.10934452731541786],[0.6111891073788864,0.9745104632666629,1.0,0.6061492605884312,0.514863568351119,0.6111891073788864,0.5967798349627661,0.5866473862927921,0.5866473862927921,0.5157372377967195,0.46460923448908154,0.996655654575077,0.5967969832614913,0.5078458327334888,0.5970697892518232,0.5082061929416488,0.51971358893591,-0.14566321199226076,0.5495117579930129,0.5485320740269083,0.50788627272969,0.5956473968016212,0.2296875015186925,0.7364319365415288,0.5689720634164772,0.5689720634164772,0.5687113681070932,0.9867562891151826,0.3344531092045143,0.18331657179994085,0.5579016283452011,0.557457211103882,0.7603844846213719,0.030407217114190543,0.5940309398956862,0.5126362621220724,0.5718457001040672,0.336582492767945,0.9942815191196408,0.5034863736504958,0.5021337245502512,-0.15312246491228218,0.6104382012892439,0.5919259791954009,0.6104382012892439,0.8889119686148417,0.3933264116934239,0.91404856089918,0.8839960656423912,0.6748558364416176,0.20412712316386578,-0.03515432883617685,0.052249386135811336,0.464895510030858,-0.0821865754160169,0.5458024184707437,0.49330638025171003,0.522138908270121,0.4798439045933237,-0.04673428534918172,0.7352047872749043,0.6765218865591949,0.5487725368109613,0.682563862872062,0.7306977733016277,0.682563862872062,0.414133242922395,0.5799042013866019,0.6623161883590706,0.5799042013866019,0.6172063150762728,0.6408564486394502,0.6859500728637611,0.7475193235853645,0.6859500728637611,0.28044272056620806,-0.0870017312161886,0.2989450736131101,0.12553316090505934,0.298685553632193,0.26139759237029875,0.43144275192847137,0.26139759237029875,-0.17210712963337882,0.5106135843874156,0.8415664191641422,0.5921943511624977,0.7464931947443821,0.015059732063502047,0.5655034570779622,0.5651583559306691,0.5655034570779622,0.6642914740102505,0.6642914740102505,-0.24898029726355142,0.7239971566571998,-0.20532863734657683,-0.6104526490281865,-0.408660233790343,-0.41216300021821484,-0.4002402852296341,0.054366839935243605,0.024852000067148914,-0.2887170310229189,-0.5913577612792714,-0.14623291906609565,-0.26298881234940025,-0.2299503885183975,0.014798284199620091,0.011651353202185953,-0.46611478265948647,-0.019171454472832476,-0.23551581081842615,-0.49547969000734104,-0.1489779580729796,-0.3767449057258286,-0.254499293799459,-0.3767449057258286,-0.41892787802289827,-0.5169412232009735,-0.5169412232009735,-0.2657509536801174,-0.2657509536801174,0.34113144628564446,0.16167488456780726,0.2613281888424041,0.5017771071454101,0.24842241473409732,-0.3374323542005075,-0.0286956519537762,0.45272872912255113,0.5621808586005985,0.45272872912255113,-0.04622443131943755],[0.9997135289020823,0.999334242480906,0.6061492605884312,1.0,0.9987692355931257,0.9997135289020821,0.9930393260050726,0.9894496524465239,0.9894496524465239,0.9939935304338761,0.9725384958745623,0.9888570161757971,0.9930687960519015,-0.10777957618860508,0.9931023374686991,0.9084012615719648,0.8802933873388229,0.37208250923077996,0.9938661033142551,0.9938543242822244,0.9850038699895816,0.9930481288165508,0.44591976590632004,0.7022084167692682,0.9824617411829154,0.9824617411829154,0.9824413058186182,0.9767396962565595,0.34089275553884796,-0.10879234428807158,0.9891200957289665,0.98909282305798,0.2933155023941098,-0.17570603351892602,0.9949191442280777,0.9959247432526853,0.7898575724598563,-0.3840814246715886,0.992263588433518,0.9960300115447609,0.9030351516429312,0.3533153999675024,0.9926861181644989,0.9949780214183457,0.9926861181644989,0.884671580552958,0.648956493978329,0.8908461965257544,0.8908554711174829,0.7805973803739795,0.37474675140513164,-0.1570162226555304,0.18865662983899614,0.9398086858438365,0.4114859555037788,0.971522942423546,0.9678123565012143,0.9776111509457069,0.9899031465764198,0.8997316536020465,0.9168562617921527,0.9248524826323311,0.9143824325090721,0.9176863841377785,0.9186504051538841,0.9176863841377785,0.8534207193894856,0.9002303247379033,0.9013359234079298,0.9002303247379033,0.9044716843483845,0.6950710026380496,0.8409966143675353,0.842482406394121,0.8409966143675353,0.6411009003396035,0.11671821804099672,0.6195381866237111,-0.5836074086092051,0.5270586538248232,0.31047545221620176,0.5419269175880094,0.31047545221620176,-0.11160895198461611,0.8901808778645406,0.9198083884670497,0.9022263585834096,0.8989980329787925,0.3602093011392225,0.8871454317401104,0.8882587982426218,0.8871454317401104,0.8786050703404562,0.8786050703404562,-0.13583636408086433,0.6035544438525802,0.19337935597244704,-0.6222142994678238,-0.5801376617433109,-0.5835883777096974,-0.08195902836394155,0.08591341213181627,0.23490593654815362,0.07610796935482937,-0.467305885769263,0.024750814983619755,-0.8008980602313204,-0.24362276755155782,0.13967774470560035,0.1402877121256836,-0.5606346544390488,-0.5916312510857518,-0.2379522097651603,-0.5095120893561916,-0.8265929157142962,-0.37202922516149894,-0.3643471823757517,-0.37202922516149894,-0.20076868715467872,-0.2952939185412073,-0.2952939185412073,-0.8125266887104922,-0.8125266887104922,0.3931265081790888,0.6371261971467111,0.8587487420109996,0.8397700189161669,0.7720952628566777,-0.2936006726962381,0.750115485989101,0.7890474031556964,0.7893740143632042,0.7890474031556964,-0.21638773345796902],[0.9977220464112934,0.9947651591789689,0.514863568351119,0.9987692355931257,1.0,0.9977220464112934,0.996996295964561,0.995249843182837,0.995249843182837,0.9971901090721123,0.9634239157813949,0.995968155458706,0.9970146235001592,-0.3072050779044825,0.9970439706299997,0.8704298965026235,0.8275958649133336,0.17063999635381602,0.9975465756747294,0.9975412023981778,0.9868049280906913,0.997000661691108,0.09403842465299611,0.6729549680735822,0.9914573503667201,0.9914573503667201,0.9914164439369347,0.9877437755434384,0.11169122025151532,-0.09083010424498028,0.9871866643919176,0.9871240846968293,-0.004872072083887392,-0.07000487005360327,0.9977691245878977,0.9977030383376465,0.7736127071417893,-0.5169767982759925,0.9974483288271597,0.9980090751712248,0.8586650624403109,0.14657837372944107,0.997716886771669,0.9977187509323151,0.997716886771669,0.8995295464186224,0.6109904699898421,0.9094050453188118,0.8953670783951279,0.7515855154407826,-0.09829163371797357,-0.5844168520225856,-0.22040297741798678,0.9266576212805326,0.265164565066517,0.9658939262979847,0.9659997588239329,0.9791197934307623,0.9906358730613353,0.8967318237051568,0.8970857182516662,0.9134195027161668,0.9008435379017926,0.9117184637943443,0.9120782067739458,0.9117184637943443,0.8264192184493978,0.8499896155230916,0.851232931147657,0.8499896155230916,0.8926072095550543,0.7946963590610373,0.872791243505599,0.8736658811727683,0.872791243505599,0.5962525422355256,0.4674692801450483,0.581944886141494,-0.6163310387751154,0.5807763730786826,0.5584326298515774,0.5575302662848393,0.5584326298515774,-0.13092761388719162,0.8711207989372086,0.8931241790995182,0.8776349128287607,0.9055933625574056,0.21019466219562613,0.8714312099227824,0.8725710450973978,0.8714312099227824,0.8786886866003212,0.8786886866003212,-0.17696421296754825,0.6560506887615705,0.04844687969471829,-0.6551712372212759,-0.6331807752294867,-0.633586906354452,-0.11618829809525161,0.10872644256359808,-0.15996174295937884,-0.17501804721943218,-0.5468617314350015,-0.34226248221483946,-0.856665816556549,-0.532733452814323,0.1073047005033236,0.10776341283614091,-0.5890507606335944,-0.583954196157814,-0.5263228899370589,-0.5500319426855919,-0.7893840915169561,-0.5803276918474107,-0.5833639948874514,-0.5803276918474107,-0.24233596474626967,-0.331727204870471,-0.331727204870471,-0.75620919321935,-0.75620919321935,0.37664970990026087,0.617167731836913,0.8107338059538541,0.7898884408258142,0.7603847290981901,-0.4271158230377497,0.6040260950020316,0.6809978497243215,0.6814156225988459,0.6809978497243215,0.01149490196062455],[1.0,0.9999857771686151,0.6111891073788864,0.9997135289020821,0.9977220464112934,1.0,0.9915823138430294,0.9875228552598714,0.9875228552598714,0.9922555603476714,0.9746516304248697,0.9846697637557844,0.9916233963598374,-0.10408618985931253,0.9916828525873228,0.9079540616252315,0.8800053578960065,0.3866473836360508,0.9926147201647401,0.9925997703586984,0.9847247415510755,0.9916093242855425,0.45433173707067814,0.6983256299097004,0.9796729319333278,0.9796729319333278,0.9796527461199039,0.9686814590453096,0.3449982215514072,-0.1021971357070626,0.9895896991901126,0.9895530313448954,0.30112046588071634,-0.1754221183736024,0.9942314384127221,0.9949994819824012,0.8272662882334769,-0.3789072617757593,0.9892258414095163,0.9948683848224914,0.9034243898310587,0.3682160572264649,0.9943968018123315,0.9943842873411088,0.9943968018123315,0.8867426268275252,0.6615437817571891,0.8843484810039206,0.8934822407075967,0.800969279673366,0.38005324028579196,-0.15141651936349904,0.1947349755372825,0.9454771924199674,0.42754956718879583,0.975915248683182,0.9706887074726425,0.9796804536565559,0.9897343873830571,0.9218692769658835,0.924202667139641,0.9385200648062911,0.918704590983371,0.9355987667565424,0.9362967404434754,0.9355987667565424,0.8620449728727944,0.9128918636262214,0.9138992856002501,0.9128918636262214,0.9082055195016452,0.7574796723233254,0.8816391793536078,0.8830976985461773,0.8816391793536078,0.65005477020994,0.3330123918472279,0.6302699271217248,-0.5787939743727375,0.5326340676298889,0.5718943231235613,0.5726863345092511,0.5718943231235613,-0.10497711419067068,0.8959586377885773,0.9284071772818474,0.9106997692359474,0.9232849685321389,0.3740167328118829,0.8920831281045999,0.8930552418742572,0.8920831281045999,0.8989343483697163,0.8989343483697163,-0.13038671700990978,0.5801974003715802,0.18861427292455157,-0.6119390746685391,-0.5728269583631204,-0.5763757213664853,-0.06965318922475514,0.09085115684473578,0.24191991777357819,0.08902340586419012,-0.4548910095268084,0.03118704986490744,-0.7947110986741275,-0.23580267473982638,0.1500779412370847,0.1506458408156022,-0.5535900789215881,-0.5949858922080369,-0.2365199713496657,-0.49823850580683066,-0.8246664936383727,-0.3704678264830087,-0.36221613579554957,-0.3704678264830087,-0.19184593727769628,-0.2854668916841691,-0.2854668916841691,-0.8126544385220759,-0.8126544385220759,0.40462425941759034,0.6488152427161858,0.8664612969711185,0.8473594094172661,0.7793752490617355,-0.280414396592107,0.7590788277556698,0.7977650360049587,0.7980776998896315,0.7977650360049587,-0.23128199979581124],[0.9915823138430294,0.9812797298697311,0.5967798349627661,0.9930393260050726,0.996996295964561,0.9915823138430294,1.0,0.9973515465454924,0.9973515465454924,0.9999692283523971,0.9559126253320066,0.9996427597023952,0.9999963803194997,-0.12194519325032567,0.9999929491068187,0.9420544819757801,0.9340376046689072,0.3284273401358777,0.9998497240582304,0.9998498186883904,0.9891945467268942,0.9999965654037642,0.3561575758934889,0.7018954658847746,0.9850268486180735,0.9850268486180735,0.9856612056181366,0.9888059766481487,0.265261784011741,-0.16610200904100486,0.9917610123797709,0.9915674656634071,0.19568148492136828,-0.2250973330602031,0.9993209480133818,0.9994235172502418,0.38980593876953956,-0.3201653983199883,0.9988723135369623,0.9993619198809472,0.933675530558462,0.3082347914571262,0.9369993077640713,0.9990593650357857,0.9369993077640713,0.9090016029802857,0.6165801181409423,0.9288228111450612,0.9041244715979946,0.7110196956106137,0.41008505221254365,-0.09782208921938867,-0.20519085501366102,0.9255369102291788,0.3740937517579902,0.9679969557381958,0.9620644560350335,0.9780856321278835,0.9959540053522391,-0.06066021122270762,0.8527885283716323,0.8180358787948814,0.8651597998842149,0.8119980315376195,0.7769758574486592,0.8119980315376195,0.7862011722800547,0.7793085310127379,0.7730156531028644,0.7793085310127379,0.8550114912412324,0.3459562492136159,0.5572699512038566,0.6300586524699864,0.5572699512038566,0.5648004052327734,-0.3537498396226859,0.5309669520889148,-0.6467343906781142,0.4533266069395025,-0.11204733159040942,0.40295019981016783,-0.11204733159040942,-0.15414738110278964,0.8318570759706976,0.8485229935780579,0.8349734667294618,0.7513601501341157,0.31594408065873975,0.8329519751969585,0.8345487433978417,0.8329519751969585,0.7449191483019715,0.7449191483019715,-0.21369182205590248,0.7012317316236102,0.24973322198993472,-0.6351577096267906,-0.6215385797803897,-0.6245410895847313,-0.13000856428358828,0.034959756116007136,0.3438548240994356,0.040969474273753054,-0.4880508889284176,0.08029113425486019,-0.8275399128385982,-0.14504930416421893,0.07071877788890166,0.07138766555081633,-0.6044687207575651,-0.5993941674722787,-0.07586799258624344,-0.5856713691170474,-0.8395291548529358,-0.3665164358133491,-0.1962197024829593,-0.3665164358133491,-0.2762879121746801,-0.34162566672607214,-0.34162566672607214,-0.8321485332281127,-0.8321485332281127,0.37558846839673465,0.5973986355306877,0.5029121835451118,0.8053419555162507,0.7524756638019537,-0.3477520659509916,0.0630048247925585,0.7574759081063899,0.776279684602062,0.7574759081063899,-0.1443962543996182],[0.9875228552598714,0.9737990807642855,0.5866473862927921,0.9894496524465239,0.995249843182837,0.9875228552598714,0.9973515465454924,1.0,1.0,0.9995165250038326,0.9483787193538203,0.9985335924693888,0.9981260006246939,-0.13053161763591722,0.9990807528719561,0.940189106659596,0.9249214998778814,0.3064761337344898,0.9991294144077063,0.9991308614294022,0.9864286702379635,0.9992286859028482,0.3301308481722001,0.7021656856232172,0.9923306027638559,0.9923306027638559,0.9835694862364716,0.9853619695356568,0.24710553828243914,-0.1800510877112146,0.9880341648607398,0.9914547141503798,0.17646878704062177,-0.23125349143272664,0.9982300944148722,0.9981705218070002,0.370554497847677,-0.3271944514324326,0.9966564974517547,0.9980620747202976,0.9322117251714148,0.28583843975350337,0.9289023209215348,0.9980584466599839,0.9289023209215348,0.9064313124068599,0.6010619216774051,0.9291437574940762,0.9005811655707331,0.686319993183468,0.39684764842257564,-0.1131854447756817,-0.21829483723123308,0.9165883575824658,0.353283677538667,0.9632656865565774,0.956653763496815,0.9728190189099027,0.9950300320342959,-0.07093689727805502,0.8401615036197808,0.8010511596372247,0.8561027213024073,0.7961751863146778,0.7642043872860286,0.7961751863146778,0.7729540219061296,0.7596154364323627,0.7589866234421279,0.7596154364323627,0.846204766460808,0.32563169717567353,0.5358872991657179,0.6129896231541615,0.5358872991657179,0.5508973384444935,-0.36890959598892137,0.5153194009308217,-0.6549958073362455,0.4447331266403716,-0.13475753842076332,0.3858942576610614,-0.13475753842076332,-0.16116683628092957,0.8212228599887511,0.8324115293138022,0.8213295408302022,0.7361170090861043,0.29832225621268216,0.8229122247363818,0.8247109711509886,0.8229122247363818,0.7263993089551007,0.7263993089551007,-0.22955206134809691,0.7274345236768881,0.25728896533690937,-0.6448489800563751,-0.6348441381794045,-0.6376535129047319,-0.14519621805319974,0.026909973718581937,0.33689533354515844,0.02151029997951121,-0.5011463840727459,0.07094655420642833,-0.8339541342898692,-0.15160417914464636,0.05489475990431504,0.055584297400268226,-0.6166085730492435,-0.6005621413925442,-0.08279259382041029,-0.6032366905085865,-0.8395155703355185,-0.37832952530684805,-0.20252283247252484,-0.37832952530684805,-0.29441150395321314,-0.35578493354433827,-0.35578493354433827,-0.8305466066324585,-0.8305466066324585,0.35449685661120917,0.5799737683799251,0.4838201568133062,0.7872702896931741,0.7394895272735376,-0.37005868993678787,0.04863102131995109,0.7381222990545162,0.760384915916608,0.7381222990545162,-0.1270205523167057],[0.9875228552598714,0.9737990807642855,0.5866473862927921,0.9894496524465239,0.995249843182837,0.9875228552598714,0.9973515465454924,1.0,1.0,0.9995165250038326,0.9483787193538203,0.9985335924693888,0.9981260006246939,-0.13053161763591722,0.9990807528719561,0.940189106659596,0.9249214998778814,0.3064761337344898,0.9991294144077063,0.9991308614294022,0.9864286702379635,0.9992286859028482,0.3301308481722001,0.7021656856232172,0.9923306027638559,0.9923306027638559,0.9835694862364716,0.9853619695356568,0.24710553828243914,-0.1800510877112146,0.9880341648607398,0.9914547141503798,0.17646878704062177,-0.23125349143272664,0.9982300944148722,0.9981705218070002,0.370554497847677,-0.3271944514324326,0.9966564974517547,0.9980620747202976,0.9322117251714148,0.28583843975350337,0.9289023209215348,0.9980584466599839,0.9289023209215348,0.9064313124068599,0.6010619216774051,0.9291437574940762,0.9005811655707331,0.686319993183468,0.39684764842257564,-0.1131854447756817,-0.21829483723123308,0.9165883575824658,0.353283677538667,0.9632656865565774,0.956653763496815,0.9728190189099027,0.9950300320342959,-0.07093689727805502,0.8401615036197808,0.8010511596372247,0.8561027213024073,0.7961751863146778,0.7642043872860286,0.7961751863146778,0.7729540219061296,0.7596154364323627,0.7589866234421279,0.7596154364323627,0.846204766460808,0.32563169717567353,0.5358872991657179,0.6129896231541615,0.5358872991657179,0.5508973384444935,-0.36890959598892137,0.5153194009308217,-0.6549958073362455,0.4447331266403716,-0.13475753842076332,0.3858942576610614,-0.13475753842076332,-0.16116683628092957,0.8212228599887511,0.8324115293138022,0.8213295408302022,0.7361170090861043,0.29832225621268216,0.8229122247363818,0.8247109711509886,0.8229122247363818,0.7263993089551007,0.7263993089551007,-0.22955206134809691,0.7274345236768881,0.25728896533690937,-0.6448489800563751,-0.6348441381794045,-0.6376535129047319,-0.14519621805319974,0.026909973718581937,0.33689533354515844,0.02151029997951121,-0.5011463840727459,0.07094655420642833,-0.8339541342898692,-0.15160417914464636,0.05489475990431504,0.055584297400268226,-0.6166085730492435,-0.6005621413925442,-0.08279259382041029,-0.6032366905085865,-0.8395155703355185,-0.37832952530684805,-0.20252283247252484,-0.37832952530684805,-0.29441150395321314,-0.35578493354433827,-0.35578493354433827,-0.8305466066324585,-0.8305466066324585,0.35449685661120917,0.5799737683799251,0.4838201568133062,0.7872702896931741,0.7394895272735376,-0.37005868993678787,0.04863102131995109,0.7381222990545162,0.760384915916608,0.7381222990545162,-0.1270205523167057],[0.9922555603476714,0.981113188758584,0.5157372377967195,0.9939935304338761,0.9971901090721123,0.9922555603476714,0.9999692283523971,0.9995165250038326,0.9995165250038326,1.0,0.9547611541512819,0.9995995783341209,0.9999701879242524,-0.28631364654265534,0.9999743293395313,0.8889823351100625,0.8470835380503734,0.2163604191301105,0.999798771248293,0.9997993633621174,0.9890292615384005,0.9999673610723248,0.13946629395070606,0.6678473975174218,0.9946761518815596,0.9946761518815596,0.9946271269607259,0.9886249884287446,0.09160282601391723,-0.1053664606580505,0.9904109210374994,0.9903745533125781,0.010201609534789569,-0.18399660603361212,0.9993538805037209,0.9993119095064963,0.7824788685166523,-0.5097206125021266,0.9987956464683465,0.9993400221378462,0.8769754338627843,0.19287148462999185,0.9992048792021205,0.999210296041177,0.9992048792021205,0.9089606706211089,0.6173187234099545,0.9285978947078277,0.9035755539908179,0.7104078623594112,0.007071318706542454,-0.5331379272455471,-0.17215041332556075,0.9210024011170982,0.32125201848959345,0.9629412691137597,0.9621866039597887,0.9796289138790636,0.99518723374577,0.8697672918835356,0.8534856560838768,0.8874960015952782,0.865998674698213,0.8858350734700527,0.8865045241861976,0.8858350734700527,0.7853424915362218,0.8316422245560652,0.8332755355927113,0.8316422245560652,0.8563217952715838,0.7566499584904368,0.8432057220351156,0.8445457368975728,0.8432057220351156,0.5641601815309498,0.39386247044106143,0.5297071581765781,-0.6664143242441729,0.5100026463373611,0.4748364954304774,0.4747433310548815,0.4748364954304774,-0.11172037876734421,0.8323255381422608,0.8484064444663214,0.8352951655730443,0.8793464422009963,0.23691004735868565,0.8385978197406782,0.8407441547523117,0.8385978197406782,0.8459273026023909,0.8459273026023909,-0.21565875956315794,0.7013094388459492,0.0728255538162668,-0.6473780667801153,-0.6600211279978339,-0.661013566818619,-0.13361640147087972,0.03765214472601324,-0.16647223325505006,-0.143901460563115,-0.5323678866521617,-0.3719153488960338,-0.8727950892823609,-0.5701108539586921,0.06963016273881355,0.07072046441435674,-0.6062291140629202,-0.5955491519003211,-0.5362134684580878,-0.58757465877778,-0.8113902223817955,-0.6038823834604334,-0.6061433739796691,-0.6038823834604334,-0.2789432706097857,-0.34525928979072434,-0.34525928979072434,-0.7909345390934829,-0.7909345390934829,0.37597590151921384,0.5960268628800075,0.8194616315384525,0.8016420846243651,0.7508415755660793,-0.37585494751076043,0.6375783463464982,0.7034356092854898,0.7036015981998622,0.7034356092854898,0.09257659669290937],[0.9746516304248697,0.9643628613631712,0.46460923448908154,0.9725384958745623,0.9634239157813949,0.9746516304248697,0.9559126253320066,0.9483787193538203,0.9483787193538203,0.9547611541512819,1.0,0.9343926542561682,0.9559389683643968,-0.21094865690752942,0.9556224027320547,0.7687628416184822,0.7161001513117149,0.009259778063555473,0.9609193179238172,0.9608963648676976,0.9560681961423104,0.9560593651870993,0.07200333309482637,0.7114891061225005,0.957714930203518,0.957714930203518,0.9579121378809944,0.8604577883409018,0.2014654328914869,-0.08667786919198225,0.9637718316961322,0.9638894865119871,0.16922536668639396,0.09648436248020192,0.9649363641672534,0.9652059816614247,0.8677354366318702,-0.42077180927586144,0.9444311953038383,0.964070214739385,0.7582181294523946,-0.012668184996511307,0.9661880176683347,0.9661533208024723,0.9661880176683347,0.7967210479743481,0.4141907930331787,0.7866944479154074,0.8784996154089147,0.8387931386971272,-0.5419134797900271,-0.6846398497723266,-0.2799253973652276,0.8776668859927002,0.02825592233190711,0.9103745515510901,0.9104347649876927,0.930025911501147,0.9621203773712016,0.8732420028434026,0.8709269375528769,0.8957832039546143,0.8762058123902393,0.8884713847984274,0.8891939385931366,0.8884713847984274,0.8230677756073572,0.8035386860038658,0.8054856342909329,0.8035386860038658,0.8694158084822385,0.887090925145479,0.8677045590238488,0.86839879833721,0.8677045590238488,0.6561251592188978,0.5790707069650861,0.6572622927883301,-0.37147377998789693,0.6790252781585744,0.6971683496681625,0.6998893420643882,0.6971683496681625,-0.2720430071198287,0.8735563111346419,0.9302415004344112,0.8896277411307673,0.8871726614764555,0.09889323573373472,0.8664990460134794,0.8676941215801058,0.8664990460134794,0.8767708223765701,0.8767708223765701,0.02725796273388702,0.35459181150658753,-0.09534877085837777,-0.5682253986202543,-0.41398479096780116,-0.4160775393303876,0.02070966799620172,0.4079901472167903,0.07094591339391228,-0.08912686139175163,-0.43367049982641415,-0.03165710967026635,-0.8053857109564195,-0.19367312229465672,0.2952408191349215,0.2944903199167938,-0.3793632958728192,-0.43678122950517617,-0.33762823505034106,-0.3456682564393452,-0.6767125075030024,-0.35815898712447064,-0.36040756271274893,-0.35815898712447064,-0.08102400165264456,-0.38165002835834944,-0.38165002835834944,-0.5388494918397794,-0.5388494918397794,0.5540454564761428,0.6649215044973769,0.7588176126565265,0.6787775034648732,0.830816465558158,-0.46918409180558146,0.3884782724971439,0.553843030371179,0.5541398986525542,0.553843030371179,-0.22029487553290789],[0.9846697637557844,0.983045556744109,0.996655654575077,0.9888570161757971,0.995968155458706,0.9846697637557844,0.9996427597023952,0.9985335924693888,0.9985335924693888,0.9995995783341209,0.9343926542561682,1.0,0.9996402163457697,0.9996371548762825,0.9995989938199903,0.6498744106693364,0.5808340100552016,-0.4388563495285633,0.999773443371224,0.999777018564863,0.9996468627806243,0.9996470036626499,-0.20948701668439587,0.9671520514636334,0.9935268490200716,0.9935268490200716,0.9935043812858213,0.991218790272138,0.11786521076676501,0.11716521351622441,0.9902003495673831,0.9902525215090973,0.9751573384017475,0.0770275340183159,0.9988729009038202,0.9988211667333032,0.9986639892855854,0.9993014245120196,0.999309720942502,0.9988950700093859,0.6138553067679982,-0.4482414491893421,0.9986067039766503,0.9986168749475303,0.9986067039766503,0.902556812675275,0.4626693202444078,0.9247076789117135,0.9015003988278163,0.7114649108145056,-0.4979852017334244,-0.6379190052966451,0.7975349926246248,0.819718972160392,-0.3185261577862532,0.9251034245647196,0.925321747092919,0.9639898454007098,0.9929519517392622,0.8759631420178884,0.884452443040452,0.8562180739572164,0.8581117913604628,0.864146796632144,0.8649581862470824,0.864146796632144,0.7156263711249969,0.6742720249159242,0.676880546527446,0.6742720249159242,0.8842010089039546,0.8919372887343399,0.8831004475591706,0.8844028706817001,0.8831004475591706,0.39388954482046973,0.3241924092740801,0.44437046047772755,0.5616338089271522,0.44574101317893544,0.4843477477038409,0.4867308072092619,0.4843477477038409,-0.39429168748605276,0.8088702640888153,0.8526880638932925,0.8356628341903107,0.8837565312788905,-0.22669040786209432,0.8028185363786848,0.8032938888899095,0.8028185363786848,0.8152992044930946,0.8152992044930946,-0.27196246987599904,0.6929390708128074,-0.3843066255332387,-0.7415204713486596,-0.5405742040812227,-0.543025108759918,-0.3843880598549207,0.19111260728651033,-0.28191179222462504,-0.47818429409075613,-0.6911282299599251,-0.3657646606801964,-0.6094650219554532,-0.43306276171163155,0.063565471554814,0.060172904432581976,-0.5615815016778123,-0.5288918317403752,-0.5485432391540028,-0.5833882226364145,-0.5772336526386462,-0.551772581944556,-0.5549340348992884,-0.551772581944556,-0.4302947556601874,-0.6088349706896334,-0.6088349706896334,-0.607716165394262,-0.607716165394262,0.371337743947989,0.34986596868849285,0.4727971791111173,0.5586488403980665,0.5439015555228411,-0.560595167412638,0.2959108724576252,0.3049999456985775,0.30518653539526336,0.3049999456985775,0.20774055298904331],[0.9916233963598374,0.9813254505301172,0.5967969832614913,0.9930687960519015,0.9970146235001592,0.9916233963598374,0.9999963803194997,0.9981260006246939,0.9981260006246939,0.9999701879242524,0.9559389683643968,0.9996402163457697,1.0,-0.12162532370255848,0.9999947222721203,0.9420446351841543,0.93023013183412,0.32850011284781405,0.9998510157372562,0.9998510792680421,0.989233752085835,0.9999971624587397,0.35647439999783,0.701959489829182,0.9903163205194533,0.9903163205194533,0.9856505184136147,0.9887832904817304,0.26552200262681847,-0.16605001932956087,0.9917730500664493,0.9915791159568156,0.195915593912787,-0.22506342649004915,0.9993230885215602,0.9994275268100872,0.38977936294201293,-0.3199521671691677,0.9988737394029302,0.9993697100881802,0.933660102366341,0.3083141408174606,0.9369834631169455,0.9990620609294477,0.9369834631169455,0.9090376075350204,0.6167281484043621,0.9290667818494492,0.9043681503273219,0.7111520114306371,0.4104781098716286,-0.09737150372461396,-0.2048216735402769,0.925615198734232,0.3741741598812817,0.9680907541125818,0.9621306781500708,0.9781752908252195,0.9959690266285202,-0.06046837937601864,0.8529392883067962,0.8181371475566748,0.8652764773140876,0.8120978053233983,0.7769184049180716,0.8120978053233983,0.7862858329885497,0.7793673064716085,0.7729524301243891,0.7793673064716085,0.8551649592564682,0.34583128783835604,0.557278988985063,0.6299718803695643,0.557278988985063,0.5647446708034657,-0.35377057021834696,0.5309271141064827,-0.6466301080795477,0.4532185600416081,-0.11217703762137468,0.4029865399561348,-0.11217703762137468,-0.1542961531718375,0.8319300726156175,0.848654168490061,0.8350681175450333,0.7513524982735983,0.3160218744438874,0.8330356714777983,0.8346278169705408,0.8330356714777983,0.7449924513268915,0.7449924513268915,-0.21366228961824313,0.7012244136784337,0.2498455512524145,-0.6351800248774455,-0.6214549246871331,-0.6244631313469109,-0.13009188780665162,0.034824753809712755,0.34402511790569873,0.04098958851926073,-0.4880973539724526,0.08055020266272943,-0.827276229091634,-0.14476000146694185,0.07077307267594606,0.07145857497613986,-0.6044565774510585,-0.5992046778303246,-0.07562096986575621,-0.5856464879115322,-0.8394221532258196,-0.36629180952450935,-0.19601482998847858,-0.36629180952450935,-0.2761497528007048,-0.34159273222717623,-0.34159273222717623,-0.8320953950075333,-0.8320953950075333,0.3760614452861865,0.5975398584526865,0.5031597249292259,0.8055979620894517,0.7525523209111915,-0.3475353448267112,0.06328778198072864,0.757726815713506,0.7763963760211477,0.757726815713506,-0.1444216556673752],[-0.10408618985931253,0.9812988120684548,0.5078458327334888,-0.10777957618860508,-0.3072050779044825,-0.10408618985931253,-0.12194519325032567,-0.13053161763591722,-0.13053161763591722,-0.28631364654265534,-0.21094865690752942,0.9996371548762825,-0.12162532370255848,1.0,-0.12103793097785505,-0.14951239956700987,-0.12905519932529877,-0.29885684211149743,-0.12237904720755148,-0.12301002999196722,-0.2425253312531767,-0.12266392797117724,0.032553790329119585,0.31216110260552354,-0.15296439592580827,-0.15296439592580827,-0.153295652807806,0.9887685784716211,0.25652548348393134,0.18899559235131996,-0.16148046718057796,-0.16207366971775206,0.5405415024037901,0.1243146867818197,-0.12047498097532201,-0.2732412745359717,0.1784116211717217,0.9555906324956968,0.9988722718012987,-0.3024499752575674,-0.14800040488588578,-0.2889926892351522,-0.12062254432595232,-0.12189228604682835,-0.12062254432595232,0.9090933216228044,-0.11230627276357347,0.9290374330486263,0.9043152905475941,0.7111317668333431,0.08672266583867634,0.24734284155526393,0.6455377466494002,-0.24505388981261694,-0.29868326819648017,-0.04800450700524325,-0.2766250136164431,-0.08334457933042813,-0.1520577062430378,0.04760037743480467,0.3271949066162075,0.0019264555880425943,-0.2609680097240622,0.004264837065816844,0.013010812651851127,0.004264837065816844,-0.3580499407131554,-0.08269860840873723,-0.0848820890456588,-0.08269860840873723,-0.16104234979661666,0.0847681487645768,0.06401057965099186,0.06389013540177273,0.06401057965099186,-0.3753337995674586,0.007155269808916473,-0.34058645954087174,0.6165769777311374,-0.3086708926202281,0.011678160043723532,-0.04382201972455381,0.011678160043723532,-0.3077825970983879,-0.29238690133440914,0.8486359868506974,-0.054105068512748974,0.035150007945016125,-0.227483519235096,-0.2221259150242441,-0.2219533380912917,-0.2221259150242441,-0.00411487754514917,-0.00411487754514917,-0.19784388580934367,0.7011731332875231,-0.15966676241110006,-0.04450089908671444,0.18598687088899374,0.18444637610262,-0.25617598796479624,-0.001318389450375978,0.01953858639921207,-0.181286720801896,-0.12744932299664663,0.03753851034961479,0.3678929635026702,0.1058599999761486,-0.033183434068174034,-0.037046845940989,0.07554235726671023,0.5610298377379407,0.08448675887003497,-0.213904170700376,0.5970299808841747,0.08610673396112645,0.09479857595770147,0.08610673396112645,-0.24287439575132685,-0.20310582972437724,-0.20310582972437724,0.3111846095854346,0.3111846095854346,0.37613317840152405,-0.24093748020960162,0.026565853405892,0.10007780770522635,-0.23036009913662026,0.06169704656701161,0.15978827898447528,0.1113922330733506,0.11127885968153503,0.1113922330733506,0.12406656366133258],[0.9916828525873228,0.9811391584086411,0.5970697892518232,0.9931023374686991,0.9970439706299997,0.9916828525873228,0.9999929491068187,0.9990807528719561,0.9990807528719561,0.9999743293395313,0.9556224027320547,0.9995989938199903,0.9999947222721203,-0.12103793097785505,1.0,0.9384574877997338,0.9134143579919778,0.32861364921158914,0.9998537991589279,0.999853760795747,0.9893807852501999,0.9999946687739378,0.3571343821168212,0.7018099911511188,0.9936830174118292,0.9936830174118292,0.9935802524796552,0.9886838548828281,0.2657837603498268,-0.16609316803509613,0.9925460619504078,0.9925923422984531,0.1966685070580812,-0.22489919344576126,0.9993711952582975,0.999426459314515,0.3887623993411758,-0.31913411943954056,0.9988201685613618,0.9993725057688171,0.9329163625400745,0.30845158884474877,0.936500752496433,0.9991157277464748,0.936500752496433,0.9093091343139079,0.6174236461758023,0.9293611598072096,0.9046708349990563,0.7108743438485414,0.41186044098767616,-0.09580544110505924,-0.20502820442072991,0.9259880140995231,0.374448515065774,0.9684958513724916,0.9624672697606461,0.9784541489250302,0.9960061127087492,-0.06147876254859249,0.8532200948350067,0.8180589596962597,0.8655231806484682,0.812057298243552,0.776504109272122,0.812057298243552,0.7864823243270854,0.7793201460391237,0.7733501954326713,0.7793201460391237,0.8554982384435273,0.345160230681186,0.556781503394567,0.629994994885255,0.556781503394567,0.5645930809184587,-0.3549277751768153,0.5308509420994044,-0.6467910420117978,0.4528496576827884,-0.11316852846045769,0.40264425514913754,-0.11316852846045769,-0.15424245672076772,0.8320665903489862,0.8483370779398398,0.8351883767919367,0.742460896727328,0.316394852138459,0.8331515038720865,0.8347333240133139,0.8331515038720865,0.7448058808564152,0.7448058808564152,-0.2151684861617776,0.7020435436828586,0.2503418926395896,-0.635169254627445,-0.6218263433233311,-0.624838929338586,-0.1312355195495277,0.03361290278291653,0.34433257143400736,0.04055306395391724,-0.48834203452131214,0.08063119178660377,-0.8264412404840644,-0.14460156918075892,0.06977657220447517,0.07045751206880684,-0.6050716073221376,-0.5994548380141227,-0.0750454497737654,-0.5869061768939628,-0.8394194451634299,-0.3662288998307481,-0.1954614883899426,-0.3662288998307481,-0.277104083426095,-0.3420587769773349,-0.3420587769773349,-0.8324388203542197,-0.8324388203542197,0.37622244795537335,0.5972040553039806,0.5026344194706692,0.8060356849712492,0.7519889913138773,-0.34707715649477416,0.06262589437131068,0.758127411908316,0.7770002174032855,0.758127411908316,-0.14410481631279634],[0.9079540616252315,0.5836603076677718,0.5082061929416488,0.9084012615719648,0.8704298965026235,0.9079540616252315,0.9420544819757801,0.940189106659596,0.940189106659596,0.8889823351100625,0.7687628416184822,0.6498744106693364,0.9420446351841543,-0.14951239956700987,0.9384574877997338,1.0,0.9959928502029394,0.40072156031244854,0.9305120828478455,0.9305023915554211,0.8964345163320284,0.9380139285909501,0.33079831746625854,0.5700663292329557,0.9303354577137384,0.9303354577137384,0.9195704008874576,0.33335544817851953,0.19906897004040297,-0.1918974284110939,0.9472858769833031,0.9462888761254588,0.15517939152047944,-0.2608690224430149,0.9402432244917923,0.8984800486160883,0.3220675162282956,-0.32084892338734927,0.6604111194533955,0.8850201070582677,0.9984795385847506,0.3820286948859436,0.8691001723270171,0.9400417916644089,0.8691001723270171,0.5957413169841209,0.5956865446098827,0.2923380795861577,0.27452659389278616,0.4370664695790457,0.4116574140482084,-0.0696825947249164,-0.21053842241235926,0.854706625980418,0.404388665574298,0.9228888879285413,0.8751141942248701,0.9