var element=document.getElementById("correlationAdjClose");if(element.style.display!='none'){var correlationAdjClose={"data":[{"type":"heatmap","z":[[1.0,0.9999931099614763,0.9853666261958499,0.9999258989655136,0.9990634848069735,0.9859782331967851,0.9978207876792569,0.9959122721659366,0.9691738255825031,0.9962424065975154,0.9942424391717565,0.9937530114234688,0.996036355603799,0.9960694222054784,0.9959596426917435,0.9975546628606936,0.9978190799696178,0.9983328397520561,0.9965786057607156,0.9965900226013665,0.9966442796263045,0.9959918072115016,0.9861755487587954,0.9709866029725935,0.9894675648032117,0.9559606511939169,0.9884326849482792,0.9867611389989218,0.9664969243189293,0.9499268741085707,0.9930830732783223,0.994138693458421,0.9919050743668149,0.9769815726369351,0.9977264858592522,0.9979693156981463,0.9974716323679146,0.9960923860895406,0.9956898058360726,0.9978535566099801,0.9987466173365148,0.998791303584298,0.9976811346451682,0.9976908148858606,0.9767343905015367,0.9130434309126493,0.9480882310114056,0.915775633045111,0.9166555310532035,0.89795945224998,0.9636339006480332,0.9469608790858719,0.9652594114115094,0.9651906578501289,0.9556543290493794,0.984614373677845,0.9815962533936415,0.9903281915010398,0.9944832472453322,0.986238166071141,0.9816088790408088,0.9878271202497468,0.9858194843195773,0.9883971019418349,0.9881992052974313,0.9650627930469419,0.9731683931435894,0.9748415278494601,0.9745221233872672,0.9514376220069719,0.9795979732375899,0.9770168872827544,0.9844215080353136,0.9836726233849793,0.9415710121394182,0.8820452954544843,0.8486664414800407,0.8984901197784658,0.9179965669641642,0.9147403632856159,0.9159614507955456,0.9146222962654413,0.6785758696075476,-0.5635627078711943,0.9801521848287917,0.9747958880431878,0.9714691766891778,0.9869867566239138,0.974121769191679,0.9840936460009532,0.9840619974467162,0.9491821742810145,0.9842168023365934,0.9524505854925265,0.753028790159044,0.8975803085461921,0.9251720038202308,0.7880789851919509,0.9483493202970277,0.9491572336825851,0.8987176807659623,0.9635325372680769,0.8961827803347066,0.6139311437606271,0.7185012078017255,0.9029276920767545,0.8693474874882217,0.8939179325233738,0.9729887639091805,0.9731693113567668,0.7798462928057632,0.7281766270533672,0.8249651326883541,0.39938584752014217,0.8003336386343607,0.8292643038401367,0.8244984359597469,0.8153120789704338,0.7724611213130395,0.7490880237412683,0.7312287791358653,-0.2641977484934675,-0.4030573752428717,0.6595664241388433,0.8948586281247903,0.937993883135687,0.9444539459176349,0.9123076938708984,0.8271997799148604,0.9115085229873016,0.9313465233526602,0.9311945197547811,0.8656910728848005,-0.18233190877508923],[0.9999931099614763,1.0,0.9869368416949409,0.9998170449314618,0.9980977294589701,0.9900635314527222,0.9942687619780874,0.9910498369574388,0.9835441554676978,0.9910711063212231,0.9910754118435826,0.9929894395565532,0.9912229283561337,0.9910705102408807,0.9911384973844904,0.9935330288461184,0.99637446572806,0.9959917917846892,0.9937732463028212,0.9937733920265125,0.9911323269679374,0.991180296637353,0.9908736483413754,0.9710519929685439,0.9876707451545037,0.9803759138041279,0.9875210972485734,0.9866689737407317,0.9789942092572327,0.930350867509324,0.9883167083564515,0.9856503352996537,0.9796678977453775,0.9299656677678931,0.9954623507296633,0.9953437520094174,0.9955921588502368,0.991743536949763,0.9950272826489828,0.995594389315966,0.9969669658138814,0.997093349566085,0.9955714906394938,0.9955787292614672,0.9889586852708232,0.9128889454103444,0.8838916124801077,0.9157525905608096,0.9169502262696974,0.8979311917299994,0.8735639741556681,0.9185539042232069,0.8765711977763684,0.9043900343881358,0.8729817285822882,0.9535976676728035,0.9535584645169634,0.9656250575749732,0.9836680637493854,0.9804042848026427,0.9831954993748454,0.9785443400443343,0.9784733428574208,0.9806104508298922,0.9805361291240522,0.948242750856428,0.9576982631467648,0.9323777249091745,0.932304055997606,0.8560810825262853,0.976657620416708,0.9784157279895855,0.9786168238542005,0.9781850791524976,0.9475903951267715,0.7360922221643706,0.6881740917145953,0.8088089710487643,0.8812468389576601,0.8278018815777077,0.8553003869094326,0.853899235843185,0.6899075745975117,-0.23767479950400774,0.9669541436309341,0.9718272946095601,0.9667511458096381,0.9810705000109164,0.9647324456922013,0.9704398405161203,0.9697538217951895,0.924612997109579,0.9726133476117512,0.9284905690819109,0.654146837455355,0.896913096319612,0.8944816884865054,0.4318368763015262,0.8049331950901382,0.8102263645231248,0.7253153992079482,0.9644692925063084,0.6975018278542057,-0.27603810541394047,0.19459530086131163,0.7254754283648981,0.6729101331482243,0.7176775829271472,0.9660210366784844,0.965955082802125,0.09198437424059874,0.2617008890327467,0.09771435453233732,0.0704106949836914,0.09173211506377847,0.10715359002625802,0.10404988937590891,0.02652790594266907,0.46303358734889977,0.19491778822952055,0.1442924617742897,-0.4415221862797561,-0.483931813031147,0.6599456278541613,0.750806207868276,0.7750998717970824,0.8342338998555212,0.8231596015354946,0.5618304726964659,0.7456379980573046,0.7696374973634524,0.7683943841217652,0.419675021575112,0.1895549889533914],[0.9853666261958499,0.9869368416949409,1.0,0.9867903206775906,0.9931433488747136,0.9910925315696664,0.9902563448331113,0.9908424833432989,0.9903042595365323,0.993642279350346,0.997686781888966,0.996786372331518,0.9907199757203851,0.9930423250217804,0.990902274592032,0.9903010028105089,0.990952070719814,0.990392651091926,0.989538849588397,0.9895168422087405,0.9924879016617321,0.9907373401465038,0.9940100439159254,0.9825534502706099,0.9912646373153454,0.9796906165172431,0.9917740750086277,0.9858454287317366,0.984619101242557,0.9561038232073035,0.9705359152384311,0.9745772110868495,0.9772478839120889,0.9534220047457207,0.987544277467647,0.9906472111282352,0.98900263234127,0.992584683326036,0.9949748029694648,0.9914265305040114,0.9853565873987681,0.9880646087544183,0.987862453793519,0.9872429044035655,0.9916214043164288,0.9094007719767611,0.931349672746628,0.9321183414290962,0.9093444873249962,0.8491203284025,0.9223448015280818,0.9018233840496087,0.9248470231801015,0.9255526579969625,0.9118965080336612,0.9502869134665809,0.9583916134949999,0.9667164300981308,0.978664765210515,0.9369895009597335,0.9603069295806851,0.960326292691315,0.9671324361639205,0.9606394966954639,0.9349676321326862,0.915302650010715,0.9405195837055054,0.9318851275844985,0.9136781572132741,0.8846472536869534,0.9673810636037631,0.9454026531446268,0.9603972619185782,0.9392000519857319,0.8101172902886888,0.833424588687393,0.754221674816552,0.8527669735882683,0.8852334634423431,0.8857541721901847,0.8537967239699208,0.8680946929227099,0.37083749953559286,-0.5565461384778545,0.9563343986557711,0.9401016375504825,0.9405977439904564,0.9371853011072235,0.950620690427544,0.9594758108974992,0.9590680023407752,0.9278433874325094,0.954877586802187,0.8663231569019192,0.7331907266362454,0.9469874604186829,0.9464017320283509,0.7595211118582823,0.9338018640947142,0.9356238035154388,0.8716584530068584,0.9799717330608014,0.7772097083460401,0.5189969337039109,0.6603277564673369,0.7972725536874241,0.7956988953044024,0.778517999823458,0.9828079875511949,0.9828416449343347,0.7060425006212117,0.6703274519030048,0.711604079375136,0.34050997560826546,0.698433256867792,0.7128201471882192,0.7283898743111875,0.7105539256296015,0.7316474548538966,0.6805643248578611,0.6613078493805461,-0.3300757965303054,-0.4686208794546275,0.6229226371587445,0.8554794799812613,0.8861066840751266,0.8902627222563441,0.8844978630371311,0.7584731209264647,0.86190283964063,0.8749637482550616,0.8825705655455792,0.7360261729058136,-0.10450481558005538],[0.9999258989655136,0.9998170449314618,0.9867903206775906,1.0,0.999326538668817,0.987095450469939,0.9980940330834067,0.9963716912513603,0.9714733746588853,0.9967507701958972,0.995010505940979,0.9947917112835105,0.9964776430263304,0.996602931217393,0.9964182879845758,0.9978528746017411,0.9981689193728341,0.9986190723882902,0.9969812555183353,0.9969898452494663,0.9970783647874644,0.9964372212978263,0.9874381175530724,0.9724077528567501,0.9904845408087978,0.958653277588766,0.9895591948057036,0.9884522601715784,0.9685726731473823,0.951208752415224,0.9924301598739681,0.9936791227438295,0.9919177936154393,0.9766018868352904,0.9978335194534882,0.9981945199468805,0.9977260423280548,0.9965897473796662,0.996226127303956,0.9981126170636907,0.9986559798225967,0.998888721967884,0.9977825414116812,0.9977892805139751,0.9786033444864015,0.9088534294088787,0.9458437712502822,0.9164020507963728,0.9149968448153779,0.8904800049095555,0.9606452424437734,0.9435673530924834,0.9621724797006271,0.9625779187959644,0.9527550150803914,0.9824872399047557,0.9800313223653281,0.9894620116366284,0.9943291900140124,0.9847297870192059,0.9804031990281183,0.9864998260244624,0.985175762913871,0.9869888122005652,0.9867839945246271,0.954118766032014,0.9718498403983603,0.9732864685259246,0.9729646471556251,0.945879400247142,0.9791132073534218,0.973985725052144,0.9829057894015217,0.9821196304716877,0.9190651214652428,0.88038602694942,0.8445649557783601,0.8966295370810573,0.9150041886531095,0.9141732053183171,0.9133897605380397,0.9120974118792996,0.5827899224092714,-0.5632117333808384,0.9792505988383859,0.973402638743955,0.9699035002965203,0.9854819502557772,0.9732825623448138,0.9832597936820862,0.983221898357747,0.9486403901335719,0.9827023232198342,0.9358957587770556,0.7573426019035137,0.903751968120204,0.9293939003468658,0.7897847252943883,0.9496973741010589,0.9505370727086903,0.8982594200904677,0.964859715099728,0.8899762722097613,0.6102594971768553,0.7166779533669959,0.8973696033187055,0.8656608717539997,0.8880850301817867,0.9738991923371197,0.9740856776248005,0.7786046501656493,0.7283586088102493,0.8169499153669625,0.40128535295341144,0.7945199471650709,0.8209685066417828,0.8161290903179003,0.8098659128070511,0.7748884318378063,0.7489358861682404,0.7311579874199803,-0.2595891905285264,-0.40232119332823296,0.6584975102711821,0.8928372601944954,0.9360361727088835,0.942561117228486,0.9109652381201484,0.8242978086121966,0.909402840055804,0.9289850004785124,0.9289888544081499,0.8581903299810411,-0.1751218311150179],[0.9990634848069735,0.9980977294589701,0.9931433488747136,0.999326538668817,1.0,0.9899725987627724,0.9990949361155046,0.9984838409703027,0.9841307387589937,0.9984838655697978,0.9980425974472646,0.9980733261005738,0.9985177920715552,0.9985167774971226,0.9985167701816601,0.999036962537177,0.9986321804158841,0.9992832016353588,0.9988580208300468,0.9988570748407147,0.9985817104068003,0.9985074654661781,0.9935881022739598,0.9800443554232549,0.994671095615891,0.976465011319701,0.994627369687542,0.9913114974253185,0.9817708305909143,0.9548728210150988,0.9891930710591612,0.9918689919178624,0.9893684784784972,0.9685539935834644,0.9989496571303049,0.9989966420363962,0.9990085083204425,0.9986000921512622,0.9986316806935271,0.9989865967863601,0.9989603195469974,0.9991873072362218,0.9989461557935534,0.9989451504427859,0.9884917489350491,0.919094838977355,0.9448689985377311,0.9292861332437085,0.9198487625589767,0.8853623091527757,0.9459524465107858,0.9358572666924436,0.9501595385563323,0.9552446608845377,0.9447779628865164,0.9792296627890953,0.9791884631615807,0.9891435532810025,0.994216000121132,0.9813542633481946,0.9748988089637473,0.9821015044072651,0.9813109310573593,0.982450465087944,0.9822105935205564,0.9553337401369593,0.9630021642256451,0.9577818539868111,0.9573858512804084,0.9182708092775237,0.9764006622593625,0.9728484644609982,0.9788977183451972,0.9780519036278074,0.9386434558873672,0.8589574956132688,0.8185339271260618,0.8809886379283469,0.9191837846964659,0.9026512686879374,0.910239499466038,0.9090957487265545,0.7339192005233224,-0.5789765024863451,0.9729011490451465,0.9630569451227222,0.9604753501493885,0.982331672236354,0.9636362600789211,0.9766269723311146,0.9762334162150752,0.9397214846906982,0.9783253737907277,0.9428634332229566,0.7462716238697655,0.9203048058756067,0.9498602956950668,0.7490965485099587,0.9358865572818156,0.9374491214141301,0.8920500626297521,0.9701625979260838,0.88594232044855,0.4526088840310931,0.6551592606940302,0.8916442992807665,0.8374609889333483,0.8866213779212274,0.977618009481052,0.9777608068769219,0.7411575705769937,0.7109068171641568,0.7450451937391057,0.37828504252002065,0.691916660070092,0.7503028742352992,0.7454576785666384,0.7078349950220238,0.7606778224329694,0.7331122959333275,0.7144313342449706,-0.4707890259968302,-0.5511449242177943,0.6515989516857832,0.8866969997073262,0.9213578722779012,0.9358059885351282,0.9082451740977325,0.8037878558986649,0.8955071154469706,0.9148732812274726,0.9144233333845838,0.7939908835301738,0.034427853951826924],[0.9859782331967851,0.9900635314527222,0.9910925315696664,0.987095450469939,0.9899725987627724,1.0,0.9855831440492576,0.9862296335751285,0.9918614747200198,0.985551631252378,0.9808353168097396,0.9795482130704619,0.9861229524031278,0.986575034660991,0.9862996087679373,0.9859326775513301,0.9890756988537596,0.9872062159330163,0.9870398180458538,0.9870108414723344,0.9851115418243331,0.986187880446477,0.9952866313130944,0.9928734393442861,0.9872119021654674,0.985491675691959,0.9873401943053194,0.9759997253149875,0.9869025287737083,0.9719956492343019,0.9653776909490521,0.970619057036887,0.9792207135342942,0.9678507066497217,0.9853235028255931,0.9856283004567351,0.9864635781335871,0.986926683219065,0.980527563446582,0.9860139860376747,0.9844595559536262,0.9861189599679462,0.985474385238327,0.9854572103331756,0.9956586129375294,0.8669536072304967,0.9250481516322927,0.894215047673739,0.90732476782391,0.8709089297867659,0.9213727801806588,0.9088947458926434,0.9237546893012312,0.9359022534168763,0.9193458198371647,0.9537341629037523,0.9585846540216345,0.9638172258200531,0.9740231240691645,0.9696445539224992,0.9845673453994235,0.9710266149017206,0.9830200109731573,0.9706426028794958,0.9700822393693782,0.9740158951507044,0.9659130888998452,0.9459805122043163,0.9454550072737521,0.9412578619509955,0.9811467425941871,0.9736705697923598,0.9708690551198145,0.9694398512251375,0.9592761991136833,0.8805402516196453,0.8331689243591216,0.8987935897299043,0.9106191604386108,0.9195263129096102,0.9009713296844721,0.8987828792176603,0.7063838690328501,-0.5174736419490673,0.9787469962381016,0.9789412707277103,0.97471244308169,0.9706119721452643,0.9703956722501491,0.9778483984752921,0.9774468576235366,0.9645240233460405,0.9671999806987976,0.9634576776428465,0.7578545268486823,0.8755362264421623,0.9488844537781423,0.7954085175262052,0.9385120722607819,0.9396306627382274,0.8695261986361389,0.9590520297452563,0.8400712860770474,0.5441385107746877,0.6854247357692845,0.8492992906149469,0.8215361077170275,0.8384755948624555,0.9601202564446423,0.9601472968425377,0.7354884174915911,0.7056552323655075,0.7552967484486616,0.4025545917596984,0.7428055448205658,0.7608722439607029,0.7546063662597616,0.7504916065755657,0.7583723176604285,0.7136655668704914,0.698369610527047,-0.28798337088304893,-0.41789879663607854,0.6724101785480816,0.86665314604031,0.8845257224982274,0.8960948184605594,0.8793024258699803,0.7889718254779853,0.8564214743394942,0.8762203938937779,0.8762559177146633,0.8187921469459555,-0.14341854779975996],[0.9978207876792569,0.9942687619780874,0.9902563448331113,0.9980940330834067,0.9990949361155046,0.9855831440492576,1.0,0.9974029165847764,0.9578093920199059,0.9995817325229576,0.9995216663461616,0.9995350148958624,0.9983262462991579,0.9994463954158302,0.9991319088574263,0.9998866606917104,0.9963723097091619,0.9999021694165429,0.9993379894914547,0.9993431511795736,0.9996933789805574,0.9992853706553348,0.990145843719163,0.9748449576221353,0.9852437086129472,0.9257591415127168,0.9931926845134359,0.9907330006683284,0.9728468804581167,0.9488013884845922,0.9916728569992255,0.9917269399308182,0.9931978597111919,0.9741730875271942,0.9989483059898115,0.9998408575295545,0.9996950154876407,0.9994545550004892,0.999739075314926,0.9998239510097038,0.9984255411264344,0.9997168347067478,0.9993501492178983,0.9989859025754485,0.9814817486464167,0.9267954937216697,0.948473060410564,0.9405236687509693,0.9293224655386586,0.8855145369351383,0.9569069243087477,0.9432143416167297,0.959153277530737,0.9595291877315133,0.950754957150358,0.9813043855932645,0.9802411501296807,0.9913566587008399,0.9963748236244069,0.9469384590345249,0.9625947409585323,0.9727087350182531,0.9733264964805595,0.9743291919074543,0.9469587618881027,0.9030298107327516,0.954104766675815,0.9602349876488533,0.938030158827358,0.8922345514539674,0.9666149593464247,0.9386416517003546,0.9670828403648326,0.9472989686166952,0.7721034425705514,0.8531585364908381,0.7755072948736734,0.8684613848633495,0.8883616452460731,0.8928590328263477,0.8715309602797716,0.8837209385783952,0.3220395590959903,-0.5969308343845379,0.9640042149562942,0.9487422772572042,0.9476241847829159,0.9486852067762864,0.9601848696749912,0.9705999354647334,0.9706487930101232,0.9296906231218968,0.9671279341271317,0.845504534355432,0.741277981147031,0.9208476787770193,0.9290185222279429,0.7784024311333299,0.9477753910529761,0.948789723441822,0.8950839836389292,0.9695226552604056,0.8320308798295574,0.6013471918960034,0.7083026854845096,0.8547984824186278,0.8454946120845259,0.8363401487048415,0.9777600300064425,0.9779626972849232,0.7678149065258757,0.7080638189582695,0.7821362908854944,0.3730446765212921,0.7724978337259313,0.7931372774199813,0.7889949654379848,0.790466419953749,0.7572640545746581,0.738559803267402,0.7190118493330647,-0.27555702349961003,-0.4256540736154504,0.6687217046795041,0.8897948438919021,0.9256054166799643,0.9419016242667088,0.9130748862277496,0.82408953698239,0.9103239836606069,0.9308335535787827,0.9295232151455036,0.7757010338215813,-0.1403611579077869],[0.9959122721659366,0.9910498369574388,0.9908424833432989,0.9963716912513603,0.9984838409703027,0.9862296335751285,0.9974029165847764,1.0,0.9688508439731346,0.9999998186234047,0.9999992521522792,0.99972005272098,0.9999970243534825,0.9999920265222727,0.9999980998602154,0.999268828965223,0.9908516443101075,0.999405254595866,0.999901908564364,0.9999015175872898,0.9999619840804033,0.9999987193062614,0.99056713209572,0.9762465307402253,0.9924569327549957,0.9399385285267455,0.9936958963858235,0.988648431694228,0.9750624153828112,0.9480624387779035,0.9879531717969292,0.9938355925621303,0.9918852923024464,0.9710982309417941,0.9994513062393774,0.9995391395829833,0.9996516101191699,0.9997235976836083,0.9991033528806829,0.9994643749972232,0.9981205891841775,0.9987288847034187,0.9995219760477917,0.9993837765358099,0.9830787444362806,0.9266667645506452,0.9455877080371702,0.9449994240174037,0.9272950523648185,0.8734580360399389,0.955194436967163,0.9384966336667557,0.9570585256367186,0.9534924593680614,0.9444852665109775,0.9792645969549879,0.9771615429735291,0.9902989126804524,0.9969865373407846,0.941779675868804,0.9580172636646498,0.9659523776590949,0.9700340096184875,0.9679825304530891,0.9451604900497967,0.8945737671751817,0.9490462364977788,0.9531638886108278,0.9324321196437431,0.879294581866049,0.9636879782175491,0.9321608126603536,0.9613621406326671,0.9424996374180286,0.7583978130000125,0.8446025296464044,0.7709005824448498,0.8599827284081429,0.8807920426075893,0.887949260425294,0.8669310888280126,0.8766039034054334,0.30363631154102094,-0.6016748338035498,0.9595262269715561,0.9414451432508532,0.9410688877840656,0.9466505296073934,0.9551965908037304,0.9661998158409006,0.9662393181037197,0.9243081917196638,0.9599328558831995,0.8334290377215147,0.7378866059940781,0.9364189311220077,0.9402674505687885,0.7742503938142516,0.9474276834180773,0.948606292314349,0.8925080237957296,0.9737140477149134,0.8352138320992437,0.587023097604507,0.6993223537179581,0.8559792916888458,0.8423656515788879,0.8387339397832964,0.9803820974300578,0.9805878092613614,0.7585576113259034,0.6999768217224268,0.7836240719653346,0.3598100536039894,0.7673026607619279,0.7886242075451143,0.7895980253780629,0.7848597437115885,0.7507013603130598,0.7325667570809286,0.712407512487538,-0.29169637886138505,-0.44077478168582973,0.6536102115133539,0.8819449221792178,0.9231569575739372,0.9342727217662066,0.9071214650877106,0.8130981821980505,0.9038448840604436,0.9245319303593628,0.9235075700547253,0.7563864267378856,-0.12315850977238588],[0.9691738255825031,0.9835441554676978,0.9903042595365323,0.9714733746588853,0.9841307387589937,0.9918614747200198,0.9578093920199059,0.9688508439731346,1.0,0.9838159145993443,0.9878143261340983,0.9898201717229601,0.9725597553984495,0.980851755378374,0.9774827732537564,0.9752326503441147,0.948852094651636,0.9799590729332868,0.9782109094510287,0.978158620803774,0.9823041430022852,0.9773457214398433,0.9939989155584671,0.9920128612903139,0.9817246679698832,0.9876639656666253,0.9846939765507631,0.9890071480523553,0.9896150274249984,0.9657174952894575,0.9290645312666184,0.9506169032495101,0.9671297346941706,0.9501871245960253,0.9719348330873413,0.980196329300403,0.9770282367142791,0.9793963040667242,0.9878485867396181,0.9812724526314566,0.9676951622760745,0.9769887327604377,0.9727656564696826,0.971702680814771,0.998891474959573,0.8850979812675619,0.915197670744744,0.9345143182842849,0.9226605384258073,0.8445692003544101,0.885963851896537,0.879542608089943,0.8896536589350793,0.9089504168186414,0.8917283551511055,0.9295221716378043,0.9445466072910823,0.9499366756759006,0.9631335692018794,0.8949788225108,0.9610463741790799,0.9383798089002712,0.9602434772229099,0.9384814328216403,0.8928965000164192,0.9019087364274314,0.933012983281305,0.905985043882943,0.8689352774229245,0.8645006571136579,0.9614892704740785,0.9107447186404023,0.9371862342016885,0.8979936667961859,0.7939606206853855,0.824779667264141,0.707664403297646,0.8462806673482083,0.8645882254576297,0.8780087879599909,0.8265682199915118,0.8451427604973504,0.34511213915750216,-0.5436888843616036,0.9497680649903454,0.9423236160152522,0.9391407875215427,0.8943672004653468,0.9390385951326374,0.948266773225247,0.9476901353464384,0.9291196114548498,0.9323266582853573,0.8496905116408318,0.7396665088692236,0.9278209278893658,0.955785566473522,0.7673348246427765,0.926907011608314,0.9286964908414651,0.8496206822430094,0.9677383828481503,0.7443603046538303,0.4833035267003351,0.6419101497506058,0.7756823652071388,0.773366652027347,0.7538452635989071,0.9672561504309353,0.9672314658927031,0.6873307709941743,0.6595148492353962,0.6775825683618616,0.34792457733505106,0.6810109789825611,0.6920454327966612,0.6784343309607888,0.689767015646436,0.7249925190790332,0.6761693679888368,0.658154946352235,-0.3375148874908231,-0.472544783154381,0.6695610519203063,0.8420890708692648,0.8400510058871297,0.8662919256793437,0.8653218581456746,0.7530207095494967,0.8181571143808402,0.8459259372610486,0.8398884393297251,0.7093135316537029,-0.0639944615240432],[0.9962424065975154,0.9910711063212231,0.993642279350346,0.9967507701958972,0.9984838655697978,0.985551631252378,0.9995817325229576,0.9999998186234047,0.9838159145993443,1.0,0.9999990890733134,0.9997253778454986,0.9999984810936857,0.9999907068990612,0.99999758221287,0.999648950731553,0.9977046944287592,0.9993981757099315,0.9998719107530047,0.9998718476793463,0.9999751943961659,0.9999992472734391,0.9935048455782367,0.9775892202809039,0.9957912845225875,0.9736285037092068,0.9958871858111426,0.9886328433997874,0.9796417272244655,0.949681707907326,0.9892200599436857,0.9934613836021498,0.9899215399251461,0.9680883052138539,0.999460677349338,0.9995291407418276,0.99953963270302,0.9998156585778302,0.9991180627604908,0.9994722277204575,0.998297732591666,0.998765897579875,0.9994624711290131,0.9994572467371959,0.9872926297383685,0.9268325629358037,0.945625042033384,0.9450724273405195,0.927421741675047,0.8736142781631688,0.9438285859782866,0.9303852985627039,0.9474282026446565,0.9513836970933284,0.9422520111394426,0.9775085666004378,0.9771950905285758,0.9907055013413671,0.99674244969318,0.9710948203230618,0.9579240549183308,0.9719149611695143,0.9699830695079713,0.9723512413134526,0.9720693694250907,0.9428609618622172,0.9489742193002867,0.9479586693924922,0.9476012255967093,0.9067125333891344,0.9636073621214172,0.963027822093671,0.9688774314771267,0.9678350827525545,0.9251085970866858,0.8446627994301747,0.7983676309635046,0.8597742198276052,0.9017137342198048,0.8877283681846236,0.8941815769475896,0.8932608742635652,0.6846536433400467,-0.6134885692428101,0.9594710586465311,0.9414603496615173,0.9410915972364273,0.9723073288639252,0.9502606221269104,0.9657587341460022,0.9653395810253884,0.9248704287978378,0.9676990931940628,0.9283302899114013,0.737907395182641,0.9360662259748057,0.9528558701855004,0.7551674335857208,0.94016749341519,0.9415472504728213,0.8925788803341025,0.9727907277698972,0.8936656518363134,0.4888246038705022,0.6729655093059752,0.8993584156178904,0.8458225342205832,0.8945632432551345,0.9803321846171177,0.9805731291746211,0.7586253795826038,0.6997208942959912,0.7617549003162631,0.3599481229533283,0.7101800454616882,0.7669474458300014,0.7621940117152213,0.7274243844975059,0.7504233558463661,0.7325023040646802,0.7123209123833618,-0.5169803475848207,-0.5981882356366282,0.6537443239044894,0.8820935057875761,0.9229013001596724,0.9374084405201194,0.907291884682708,0.8092643891885793,0.8964936516216183,0.9161993131103872,0.9156514870713315,0.805390004784589,0.1029044912707241],[0.9942424391717565,0.9910754118435826,0.997686781888966,0.995010505940979,0.9980425974472646,0.9808353168097396,0.9995216663461616,0.9999992521522792,0.9878143261340983,0.9999990890733134,1.0,0.9997253647880623,0.9999962081592734,0.999994356512881,0.9999981708808903,0.9996247553120853,0.9972494583130529,0.9990847780396012,0.999756596501467,0.9997563984529005,0.9999983260791082,0.999998184712133,0.9925001142643175,0.9714196526546508,0.9946685447786519,0.9811400944027451,0.9953136904273121,0.9886500592508858,0.9812911969052361,0.9405567854443243,0.9875371461633697,0.9924471769930775,0.9830404142210019,0.9403761442217156,0.9991850138165735,0.9992465792916725,0.9991766776028861,0.9998839637800458,0.9990985846774799,0.9991874590300417,0.9976123247215802,0.9982754868137828,0.9991513895815574,0.9991484477821208,0.9890344018910511,0.9265118626421895,0.9064566608273643,0.9449983583439803,0.927289049367842,0.8732336032310837,0.906579195366022,0.8923103138762264,0.9116685867043459,0.9193561427721993,0.9046953839616391,0.9677805641900398,0.9677487715758524,0.9895569790903614,0.9950067880375955,0.9626938433633808,0.9580203060662844,0.9591882475613583,0.9590728078280891,0.9611143805932011,0.960824843491654,0.916350838612387,0.937552792386712,0.9125115747680821,0.9119851497955455,0.8286194594474978,0.960543450453092,0.9671697219434604,0.9630350499615183,0.9618835920259922,0.9141224512556889,0.7602586072425928,0.7149215898221716,0.8118881861826583,0.8740387573943854,0.8370317185814284,0.8555050055684098,0.8539564863071452,0.6741970138781328,-0.44025300787526456,0.9444044728957741,0.9415620757190268,0.9411566370775037,0.9640738140409227,0.9351518768338348,0.9478452732823978,0.9471106046874572,0.8907295345042694,0.9512265746828711,0.8970419396726557,0.7380500717716254,0.9364568206598304,0.9552355910309022,0.6180422210321767,0.8909348441966645,0.8940846083788725,0.8462556689400013,0.9837876919721262,0.8337214915077421,0.15642631382229133,0.5160408867006897,0.8462253693152169,0.8087255412352317,0.8399642797348366,0.9845110555231936,0.9845257714811184,0.4898322946342357,0.600532822656894,0.49717870292945715,0.35983830919275817,0.4602918447856383,0.5102908613651083,0.49924294551002807,0.43537621558400935,0.7367740726936255,0.5794648007425212,0.5385187764497874,-0.48300480784408134,-0.5364766608839945,0.6530834274053681,0.8601880611822528,0.8731176406845652,0.9016949760853756,0.9007602432671338,0.6532289960361335,0.8340186616183684,0.8646533279430455,0.8638597627143182,0.6053401264980547,0.04037034932592695],[0.9937530114234688,0.9929894395565532,0.996786372331518,0.9947917112835105,0.9980733261005738,0.9795482130704619,0.9995350148958624,0.99972005272098,0.9898201717229601,0.9997253778454986,0.9997253647880623,1.0,0.9997407275191279,0.9997235384263266,0.9997312072644046,0.9996219373721814,0.9978892096298597,0.9992999004728755,0.9999649952756028,0.9999646726284257,0.9997301290113811,0.9997367338956834,0.9918251625229385,0.9661036026380616,0.9930791150785503,0.9809859543344018,0.9939831090619871,0.9917964873320972,0.976267347981872,0.9181794604975072,0.9900385543629077,0.9933142252966045,0.9778217163191053,0.9179675300611438,0.9993105769233872,0.9993671491329459,0.9993199588194162,0.9995202930531829,0.9995430011056347,0.9993393643801656,0.9973949741610216,0.9982746791492014,0.9992943563498993,0.9992906967473303,0.989958631437592,0.9212867812927724,0.8907402352901453,0.9416868329695421,0.9267813333200209,0.8733371293554315,0.8650485308439044,0.9056908187816851,0.8694455256513012,0.8896695351166862,0.8627996843167783,0.9536161647519119,0.9535889663999686,0.9789412373431639,0.9939670247062433,0.9610251557967232,0.962578438180078,0.9543495251820074,0.9562322325259065,0.9578066927303909,0.9576443748066487,0.9157100151779535,0.9278225054038948,0.8964297024592445,0.8962917754151779,0.8066235590219443,0.9582933051636381,0.9609526987513233,0.9610757402285142,0.9605023271722816,0.9194821804134276,0.6890455065976651,0.6375589735998771,0.7633457437713623,0.8432325856312647,0.7869974863564736,0.8161209520195501,0.8151143123180367,0.6369442480160713,-0.35468313941339424,0.9375733558066232,0.944931104674077,0.937345106323531,0.9621175602175074,0.9348964657447174,0.942164514448603,0.9412292845328323,0.8861635974224602,0.9454142700294874,0.8913679201816009,0.6746499140994368,0.9333747870691356,0.9276142136676132,0.45009491086834225,0.819374934982967,0.8249514758509308,0.7259230482115399,0.9760973195929061,0.7012987137349529,-0.21810788246302446,0.23648726599285505,0.7259578633700018,0.6794847547617109,0.7192405060913912,0.9772907479034567,0.977361499814702,0.1432942967981818,0.2990969159414163,0.14755518536206935,0.11995595757902779,0.13985065222971532,0.15752182556927502,0.15511208393989276,0.07195814648926593,0.49649961204620857,0.22737719984793653,0.1745863272869109,-0.5079232105830793,-0.549463291375874,0.6537896146572205,0.7492518338796866,0.7735487853034619,0.8352932556357165,0.8263192778801979,0.5487772536987229,0.74207653908088,0.7683369890304182,0.7671743634156947,0.4181931028676196,0.23531676925476872],[0.996036355603799,0.9912229283561337,0.9907199757203851,0.9964776430263304,0.9985177920715552,0.9861229524031278,0.9983262462991579,0.9999970243534825,0.9725597553984495,0.9999984810936857,0.9999962081592734,0.9997407275191279,1.0,0.9999905478384457,0.9999976702837833,0.9993212739447089,0.9926209751374254,0.999448906443283,0.9999115005199121,0.999911315359289,0.9999692546933141,0.9999989262959431,0.990461256462174,0.9760898938844316,0.993119694609643,0.9448728789915002,0.993651790938946,0.9887894834399514,0.9748785599236853,0.94803440023548,0.9888549628407709,0.9939082823144478,0.9919644919451605,0.9712379331235994,0.9994938771384053,0.9995804818297492,0.9996832627832578,0.9997243763257146,0.9991731885525452,0.9995075546768464,0.9982102555712682,0.9988015513090855,0.9995652050413162,0.9994272750090227,0.9828633805117835,0.9269630448300465,0.9457775472801119,0.9449513448349779,0.9274994970985985,0.8742400382057994,0.9555459809274459,0.9389082515803996,0.9574159596208366,0.9538623216074531,0.9448968674933109,0.9795183450455723,0.9773570929774887,0.9904421628012922,0.9970587922381046,0.9420812766084911,0.9581464173227854,0.9662218672879898,0.9701514870013783,0.9682485143219567,0.9454122623082167,0.8946897655902187,0.9492851165030584,0.9535595289892622,0.932853812190678,0.87965734439746,0.9637561127823144,0.9323631279346017,0.961571296584268,0.9427810458168593,0.7584476943091011,0.8450198177574689,0.7714262505085974,0.8603806466291577,0.8810954277548206,0.8881666612570805,0.8673154283494953,0.8769954887460276,0.303894014534944,-0.6016393180351182,0.9597055995304856,0.9417354905881472,0.9413192122561046,0.9468891491969624,0.9553920883669889,0.9663915220649407,0.9664324462993834,0.9244431858281991,0.9602229789454203,0.8335943618416402,0.7380297095689432,0.9357148291598305,0.9397501840055931,0.77440732534839,0.9474633244099396,0.9486329594247866,0.8928475900692823,0.9735574141404335,0.8356808457413248,0.5880766495835382,0.699993566888027,0.856438239075716,0.8428958698080228,0.8391983073645712,0.9803077302515135,0.9805135252668483,0.7591927753286286,0.7005442837297218,0.7842168133660494,0.36056487921800756,0.7679827308444035,0.7893094813917273,0.7902013115189188,0.7855685523110155,0.7510744568203783,0.7330198446245971,0.7128830520207983,-0.290721231874446,-0.439900894608769,0.6541101558438255,0.8824617558348231,0.9236017370054905,0.9347962305336717,0.9075848184234895,0.8136608655366212,0.904415133569951,0.9250923649570735,0.9240565551763058,0.7570635459359113,-0.12418744857757189],[0.9960694222054784,0.9910705102408807,0.9930423250217804,0.996602931217393,0.9985167774971226,0.986575034660991,0.9994463954158302,0.9999920265222727,0.980851755378374,0.9999907068990612,0.999994356512881,0.9997235384263266,0.9999905478384457,1.0,0.9999945754792596,0.9995243726034594,0.9976242540575292,0.9994027784048499,0.9998950921801419,0.9998940031476227,0.9999497739267799,0.9999906375339411,0.9927600540211988,0.9764638194843088,0.995514712306808,0.9676393168470384,0.9952882231447254,0.9885910252320571,0.975419715359456,0.9485375866170082,0.9889570882099789,0.9938535715101044,0.9917340248847245,0.9712777578273121,0.9994622727826866,0.9995318119606996,0.999597729393027,0.999877560993397,0.9991298724285795,0.9994533814631603,0.998031952185343,0.9987174862824859,0.999478210938945,0.9994707498328037,0.9852994598010778,0.9270054833076897,0.9455115013201882,0.9449290643502207,0.9272418214267821,0.8735212259538604,0.949233948177195,0.9303355283471668,0.9513644735171479,0.9532384871226995,0.9442326191267238,0.9776662978509089,0.9770149450342855,0.9896228882486062,0.9970575513878724,0.971293735269204,0.9576821678613374,0.9718939031890911,0.9699788055566947,0.9729067860045617,0.972613385449976,0.9515921552802897,0.9486470495449383,0.9524701431636087,0.9520964940963048,0.9235764112098547,0.9636391136323067,0.965979076632219,0.970560879753695,0.9693793417038378,0.9347932096963343,0.8442869089289458,0.8066059943101398,0.8594831265939157,0.8927362083288329,0.8877128256340988,0.8888935673499804,0.8876537270546525,0.6625045952107464,-0.6019426660486941,0.9594811291500763,0.9413465126899718,0.9408229570036661,0.9725110932109002,0.9552416969559274,0.9661665277205808,0.9662572538813303,0.9243098044450911,0.9667176638456978,0.9366941445426825,0.7376985387762511,0.9357256636508969,0.9459251849576019,0.7733218472371297,0.947263580105997,0.9483788156260075,0.8924519644108433,0.9739324211151414,0.8834595328756778,0.587334766394665,0.69881774477868,0.8909983878294754,0.8548616702572354,0.8815072246837843,0.9806064355448485,0.9808442686716164,0.7576893070228536,0.6991099898141445,0.7990475165394708,0.35987507718536654,0.7713166649004666,0.8036868239650449,0.7982200136686924,0.7834166344957376,0.7504829845156592,0.7311235825710731,0.7109821755286142,-0.3833673558798917,-0.5039340234251661,0.6529306086145261,0.8821002447726427,0.920402015790121,0.930132928829343,0.9076472902231718,0.8122360293924683,0.8908096927783608,0.913220224821954,0.9128035544161627,0.8434855370871692,-0.09136923572071634],[0.9959596426917435,0.9911384973844904,0.990902274592032,0.9964182879845758,0.9985167701816601,0.9862996087679373,0.9991319088574263,0.9999980998602154,0.9774827732537564,0.99999758221287,0.9999981708808903,0.9997312072644046,0.9999976702837833,0.9999945754792596,1.0,0.9994176225262899,0.9968420736666681,0.9994225889781899,0.9999050891108419,0.9999043868798255,0.999963263211557,0.9999974763067052,0.9906114274673363,0.9763107109568208,0.9948633592545183,0.9589772018890758,0.9946730715804444,0.9887359950422091,0.9751163584564067,0.9482410105053539,0.9913094788290536,0.9941850893746763,0.99183040571956,0.9710047938815004,0.9994640410258013,0.9995412172780234,0.9996595871642227,0.9997401235358149,0.9991350898252097,0.9994622813246458,0.998147681091977,0.9987468021342629,0.9995328414194089,0.9993975810448006,0.9830757437640748,0.9267465069271169,0.9456098938691404,0.9449939318673447,0.9274242234208726,0.8737933242537715,0.9552802368415989,0.9386406399630183,0.957177751929183,0.9534416985037064,0.9444029877338489,0.9792946455932952,0.9771072067370893,0.9902688772306381,0.9969505085378944,0.9420935429325431,0.9581154583537435,0.9661292420626526,0.9701115120217519,0.9681442682458061,0.944948095159908,0.89480090184861,0.9489387467228654,0.9532312894222272,0.9326579342555954,0.8794317635260149,0.963840853345131,0.9325291679358578,0.9615778669440285,0.9428289808475253,0.7587646461831045,0.8445830684676573,0.7711764779682195,0.860008033938633,0.8809704547298713,0.8879471044348614,0.8670914268017169,0.8767811360964987,0.3040020213429887,-0.6013713694221323,0.9596079642193911,0.9416113546614171,0.9412122791285595,0.9452060982801251,0.9553790762594756,0.9662804368887924,0.9663165601856797,0.9245008512424129,0.9601104973389015,0.8337110323334891,0.7379261118235148,0.9360814421115914,0.9401553756835623,0.7742335962991765,0.947345162694716,0.9485284285669568,0.8923244585958783,0.9737327866823863,0.8352527718916071,0.5868587363434531,0.6992102234540426,0.8559954596872379,0.8425005991413884,0.8387698732039078,0.9804264047020611,0.9806287803182959,0.7581546751804704,0.6996139984274217,0.7836092620228761,0.36009052537659664,0.7672835301776201,0.7885469467216877,0.7897634800360465,0.7847614171336205,0.750613837322229,0.7317953469447773,0.7116713013732701,-0.2915010841410071,-0.4405750957188142,0.6538741336858962,0.8818533629684417,0.9232887621458021,0.9343224434012147,0.9071638433859057,0.812895400301522,0.9040593973917039,0.9245765661029414,0.9236706658551502,0.7564908315304814,-0.1234463039694773],[0.9975546628606936,0.9935330288461184,0.9903010028105089,0.9978528746017411,0.999036962537177,0.9859326775513301,0.9998866606917104,0.999268828965223,0.9752326503441147,0.999648950731553,0.9996247553120853,0.9996219373721814,0.9993212739447089,0.9995243726034594,0.9994176225262899,1.0,0.9982858634091729,0.9998373518982178,0.9995132318826195,0.9995184162299349,0.9997486427646767,0.9994981925856093,0.9904474559302004,0.9751847141205932,0.9934022822206748,0.9506808315940025,0.9930362359296774,0.9906368624221871,0.9733068584238177,0.9490439093181564,0.9918145328438165,0.9925352481698005,0.993042625921149,0.9736782136587558,0.9992417360635546,0.9997238918770336,0.9996989642211928,0.999537503622744,0.9995499275239172,0.9996764752718366,0.9987904787864565,0.9995506280869497,0.9994872714595333,0.9992343657136479,0.9815177584684819,0.9255734003791881,0.9479516790500757,0.9406942058618946,0.9279576247093552,0.8816523558083986,0.9575486673673946,0.9435829793047769,0.959750596359634,0.9580511411653447,0.9491275420693476,0.981473592892779,0.9794129738244106,0.9913145966178502,0.9964245685965696,0.9471400230059113,0.9618972768437115,0.9717421599156325,0.9728078677647756,0.9734651046353,0.9480981946537232,0.9014577751956667,0.9525270387606113,0.9591351305209922,0.9381262035142481,0.8891991870082473,0.966391333293024,0.9381074522999417,0.966486823628616,0.9476796142065597,0.7686805540698245,0.8507839127258118,0.7761156184419947,0.8659361472703473,0.8867047053019241,0.8911022923615722,0.8712882336506045,0.88268854370092,0.3167935402545089,-0.5977991723312996,0.9631194476128109,0.9471179366933541,0.9463340696990793,0.9498724867133937,0.9597702064005397,0.969812105410208,0.9698920219165982,0.9291554536946157,0.9660179699853874,0.842799165725083,0.7395429680241857,0.9247545725555824,0.9313093974831408,0.7769517979292985,0.9474150471507284,0.9483936290611726,0.8926972288056606,0.9698961907213591,0.8344716619714845,0.5972806513973918,0.7047899288364216,0.8560227648875325,0.845389968273593,0.838