var element=document.getElementById("correlationClose");if(element.style.display!='none'){var correlationClose={"data":[{"type":"heatmap","z":[[1.0,0.9999894852846941,0.6825983415170859,0.9997423805344937,0.9981146035935176,1.0,0.992723495391808,0.9893881424664122,0.9893881424664122,0.9932879753163408,0.9774220149068881,0.9872619019225141,0.992759270965587,0.9931334719842069,0.9928053780404676,0.7571902003167578,0.6794608278571646,0.2700255994079304,0.9935687929925542,0.9935620723811874,0.9857245714797243,0.9927521771327121,0.39062778057575637,0.7536889934424681,0.9827374861626654,0.9827374861626654,0.9827187784437131,0.9760141651714225,0.308907085578072,-0.13734503510180535,0.9895610160973324,0.9895262775531843,0.2604404344143557,-0.21252943250383055,0.9948396053805159,0.9953068319000535,0.8549931904886742,-0.35390998691723996,0.9907213426801105,0.9952976809611992,0.7392408595744226,0.2505753070071935,0.9949687263750211,0.9949630073430702,0.9949687263750211,0.8993906734706851,0.6533508836026115,0.9196190373304153,0.9241609418332367,0.8390021517454216,0.3777982097288855,-0.1807187977927307,0.21540566903619568,0.9499060426926587,0.37583765379472844,0.9753134037927302,0.971542513440546,0.9810827136037392,0.9897290040952335,0.9341995192767046,0.9424944376742561,0.9474237879644645,0.9342661322009701,0.9447001512531283,0.9453190767903783,0.9447001512531283,0.8913948874987444,0.9254794805831975,0.9263490676477217,0.9254794805831975,0.9277523097823548,0.7997231697975512,0.9009298158833723,0.9021823143419346,0.9009298158833723,0.7175584081802372,0.40088661121343966,0.7048320120723889,-0.5405624745169502,0.6100666728471131,0.6274635634246787,0.6280741049416944,0.6274635634246787,-0.09059345581065294,0.915966005703987,0.9461797062353571,0.9313977900314488,0.9355861304333166,0.2627168892801813,0.910871223229079,0.9115124805453629,0.910871223229079,0.9149700785385462,0.9149700785385462,-0.09323560507320379,0.5965246117325328,0.15257342965972567,-0.6913006482145551,-0.5922833538341887,-0.5962304903755093,-0.13910425197694257,0.1344954333640038,0.2022676216007913,-0.0014124766120773855,-0.5632111752059649,-0.02404529846745476,-0.7974643379516386,-0.2932029226992109,0.16456006881172816,0.16623187913359636,-0.574280892055838,-0.5759606892364598,-0.28175712172289574,-0.5165940486978593,-0.814864079352148,-0.4099986610635975,-0.4022822260739237,-0.4099986610635975,-0.2292707825720262,-0.34820648233883095,-0.34820648233883095,-0.8029046415872666,-0.8029046415872666,0.4142899264787876,0.6294954866874932,0.8519831375597279,0.8402616220495854,0.7553463096029872,-0.3360879640670527,0.7470074713633701,0.7768429965389856,0.7770962549995892,0.7768429965389856,-0.18060377469263844],[0.9999894852846941,1.0,0.98150406759451,0.999503157131426,0.9959913706322466,0.999989485284694,0.9851178127878895,0.97982807697518,0.97982807697518,0.9850135873925234,0.9728801332260536,0.9861070706711088,0.9851621236714023,0.9851068107804768,0.9850088983661042,0.12319575692273439,0.030909054390492026,-0.4447014723370848,0.9884545260852996,0.9884488383799428,0.9852139524134922,0.9852159080401167,-0.1704598922685743,0.9802700733926174,0.980328196340641,0.980328196340641,0.9803632133802007,0.9761906481891658,0.08514274087734788,0.109173649277266,0.9827741393386025,0.9828242671977349,0.7787353761540398,0.08141981828479851,0.9908360147927582,0.9908750922290349,0.9913778721346624,0.9861779291238377,0.9898392895804456,0.9908733937911358,0.07517959017633426,-0.4493532100044036,0.9914533043899925,0.9914497504774483,0.9914533043899925,0.8991795572682052,0.49972767923357464,0.9198125628862963,0.9242440347728079,0.8385088041254826,-0.27787832581425226,-0.48457789846592225,0.8452958124833785,0.8880417211062182,-0.2567579553181205,0.9406872329859203,0.9408225316681833,0.9610965042817744,0.9784432691321603,0.9537998689640603,0.9594366158402504,0.945215590517672,0.9463301025676092,0.9485594303918184,0.9489129250268671,0.9485594303918184,0.8662609952508628,0.8411531366350283,0.8426036226303516,0.8411531366350283,0.9558599121291304,0.9588030044048674,0.9557866206643295,0.9565122663879269,0.9557866206643295,0.6496399700478299,0.6018119095911859,0.6867363728063419,0.7559332598575339,0.6694287889236746,0.6918747108088922,0.6928340816070911,0.6918747108088922,-0.13603245968902508,0.9214611847732772,0.9420626897890798,0.9350392971426048,0.9585503832868304,-0.30432864798002235,0.9180529227059547,0.9181957209974932,0.9180529227059547,0.9243443254261957,0.9243443254261957,-0.17855380482503178,0.5965252865049888,-0.3687278926732551,-0.7846741368538875,-0.46045844618087717,-0.464352600843709,-0.3847833116851331,0.2763631812371094,-0.2635416452197179,-0.49791576775685586,-0.7370096349884676,-0.3575100543590828,-0.4752448728906173,-0.42096081721759737,0.13421470608214248,0.13156368415771463,-0.48779971214048956,-0.4543559367359167,-0.48285471787243,-0.5144476013847259,-0.5065225719867984,-0.48533337046434294,-0.4886087837407062,-0.48533337046434294,-0.36894526127361965,-0.5384419237161698,-0.5384419237161698,-0.506091425362018,-0.506091425362018,0.41429046565772254,0.36686075966361176,0.49699039261997074,0.6064275561874444,0.5241853544438683,-0.4414290702890749,0.3768898775542014,0.3129505003298096,0.31312252453146766,0.3129505003298096,0.18090076276763697],[0.6825983415170859,0.98150406759451,1.0,0.679650490314256,0.6169913914603861,0.6825983415170859,0.6628317193200309,0.6554060537964712,0.6554060537964712,0.6108424451095537,0.5756697901799415,0.9950695428240472,0.6628604705519889,0.6579592026835176,0.6630060936140375,0.4054658309914812,0.37245708287947965,-0.2151851012020972,0.6265917661354958,0.6260831821608785,0.5941643233757246,0.6621226083172038,0.17326287612083482,0.7990896596853688,0.6429525264735141,0.6429525264735141,0.6427309710873811,0.9883659771215852,0.28701127411468785,0.10486142956087441,0.6205924901553795,0.6202289641498367,0.6478716829651854,-0.03891852142457385,0.6585604842557597,0.6043048480776957,0.6238016366299254,0.29399871058499405,0.993373390748761,0.6004864383421914,0.3912436876817926,-0.22445788831507296,0.6754615990935563,0.656745151501499,0.6754615990935563,0.8963662844796207,0.40977060761221445,0.934661531286167,0.9141426174566571,0.7425821432193421,0.22368866275822688,-0.07170514003502718,0.05177848483590111,0.5496438465663471,-0.0853272539951785,0.6040268246172074,0.5755633928219811,0.5956466977214907,0.5598132853349922,0.01301885376264013,0.8069241107508838,0.7416403130508635,0.660539218270709,0.7473080307324007,0.7698938066153623,0.7473080307324007,0.5557184405167545,0.6596147917338449,0.7095698661744175,0.6596147917338449,0.7139694502808847,0.6854365724448221,0.7366413724228288,0.7785858961670655,0.7366413724228288,0.44257890716992127,-0.08572050443799567,0.4578157526608771,0.09336562844127731,0.43524314827901067,0.26502028460373533,0.5060128593446601,0.26502028460373533,-0.14458752579200318,0.6356320936501941,0.8889743140646248,0.7028497537332857,0.7799652663546808,-0.07354385336711854,0.6722161805642787,0.6722260669075253,0.6722161805642787,0.7311916781055998,0.7311916781055998,-0.19481158151966352,0.7049826089648262,-0.1818042455005081,-0.7074706149726074,-0.4451328726551471,-0.44915412434301216,-0.429473382119325,0.10848083745393385,0.019930120991889042,-0.3431183049527134,-0.6875359068177098,-0.17510486727683258,-0.32855563394454035,-0.27951985607733293,0.04709895738389098,0.04578922221738939,-0.49383128036391527,-0.07203880475173159,-0.2649594279116585,-0.5146926014426849,-0.2139271579029985,-0.4112516706115259,-0.2933899389529265,-0.4112516706115259,-0.42383388109975995,-0.5469952438510952,-0.5469952438510952,-0.3131193700435366,-0.3131193700435366,0.36081892007193017,0.20349322412827195,0.29072258284261604,0.5267389595878813,0.2945473573005395,-0.38930397611458784,-0.008878718734572414,0.45982294335504403,0.5594302167864734,0.45982294335504403,-0.004156591101619957],[0.9997423805344937,0.999503157131426,0.679650490314256,1.0,0.9989634441357849,0.9997423805344936,0.993901821006855,0.9910007841535676,0.9910007841535676,0.9946761525318655,0.9756759347780379,0.9903633503433527,0.9939280262180608,0.9945774967825546,0.9939515106994496,0.7564052859998661,0.6782667290571713,0.25560519368384266,0.9945701310108526,0.994565381749892,0.98580436645748,0.9939137747963294,0.3821327652072777,0.757875761396853,0.9851409336702256,0.9851409336702256,0.9851216512193532,0.9818135500138995,0.30469616950253453,-0.14332962857535067,0.9888660811847416,0.9888392973310117,0.25262332371037544,-0.21281163745415027,0.9953199880278828,0.995986577666318,0.8230838838441349,-0.35817549611904387,0.9929557338368266,0.9961892845061783,0.7378060744490047,0.23587832525192437,0.9934256842153919,0.9953584032644259,0.9934256842153919,0.8972460549426581,0.6415371315062842,0.9228855802013617,0.9212938376209256,0.8231958510520369,0.3731178462984727,-0.18538854446980138,0.21033289329882007,0.9447823806477392,0.360467664161154,0.9709985405555857,0.9687832000161914,0.979009119833982,0.9895811826775588,0.9162344651651081,0.9372622184777636,0.9365737885542263,0.9311014423424943,0.9305034110073239,0.9313357364580295,0.9305034110073239,0.8848249311520069,0.9152524878740861,0.9162041838162018,0.9152524878740861,0.9250297687323219,0.7483270719423073,0.8677428037129901,0.8690352002377155,0.8677428037129901,0.710880289401155,0.16193029567179745,0.6966728462408212,-0.5451363180277927,0.6060882541381635,0.3639128723990352,0.6004116190835413,0.3639128723990352,-0.09646105455731921,0.9118018100140005,0.9404290733714734,0.9252784405278106,0.915786675135402,0.24894306323799997,0.9073661490888202,0.9081304180891643,0.9073661490888202,0.8987482616579602,0.8987482616579602,-0.09760830446832475,0.6148748292362396,0.1574673029272665,-0.7002739529054554,-0.598573895222438,-0.6024423361951671,-0.15036857823693786,0.13034358102101828,0.19592173637976468,-0.01386786374566142,-0.574139746339993,-0.029744924752434544,-0.8025744054772805,-0.3003468259271969,0.1553333326765578,0.1570628379765197,-0.5803384908193296,-0.5725904884048933,-0.28233700214958946,-0.5260522383227354,-0.8159924994357871,-0.410840424021669,-0.40367187284899286,-0.410840424021669,-0.23696284360668332,-0.3568944831891003,-0.3568944831891003,-0.8021987963007335,-0.8021987963007335,0.4054615627961682,0.6187243906374214,0.8442262598585943,0.8327758756569974,0.7484479765505468,-0.3480574002032589,0.7382236931349834,0.7681479160419111,0.7684040940750394,0.7681479160419111,-0.16600005641029802],[0.9981146035935176,0.9959913706322466,0.6169913914603861,0.9989634441357849,1.0,0.9981146035935176,0.9972723404095848,0.9959229129753411,0.9959229129753411,0.9974808215719662,0.9690749875758345,0.9964562520336822,0.9972910974555105,0.9973622417907131,0.9973136227975058,0.6579688197129702,0.5543461128445362,0.04917725421767224,0.9976980280399417,0.9976975841103314,0.9879687636447545,0.9972805483542289,0.025446665561155005,0.7418006671633846,0.9927125551052994,0.9927125551052994,0.992674777146413,0.9905719198998124,0.07988175031389183,-0.12688623572063065,0.9874850417968998,0.9874200828382983,-0.04027257316727543,-0.11656260027659664,0.997772531316851,0.9977010811286008,0.8165737952155638,-0.47512108269013076,0.9976135262513267,0.9980255382655064,0.6270799833524833,0.02502886431759084,0.9977187980090331,0.9977229163525849,0.9977187980090331,0.910376536505088,0.6074587762572699,0.933491445246704,0.9217922362645258,0.8010318741091728,-0.07480817234809975,-0.586595069833825,-0.17015011241663433,0.935165342041958,0.2150307135875604,0.9678409828378286,0.9678767287216241,0.981819975995812,0.9901658804988707,0.9154442944173227,0.9206855828697139,0.9272609763118325,0.9196008035005416,0.9256286309747621,0.9259687045570769,0.9256286309747621,0.8626954099285801,0.8766037209004086,0.8776694239481357,0.8766037209004086,0.9148097587951036,0.835583181730244,0.896696685006897,0.8974580738943342,0.896696685006897,0.6745922826963158,0.5683230894331028,0.6650928623332323,-0.5553280283215476,0.6552633307046509,0.6366237024096386,0.6362267907454391,0.6366237024096386,-0.10847826603200407,0.8959299380734512,0.9191866659976965,0.9052881832421069,0.9229640634161465,0.0944974538580156,0.8949898589453638,0.8959113155887319,0.8949898589453638,0.9003251036891348,0.9003251036891348,-0.13503389479620495,0.6598589364686301,0.01217759608118418,-0.7275195732248316,-0.6432193844185372,-0.6443491353235871,-0.17976556954075915,0.1536854129354477,-0.19049059945326988,-0.25733945749533366,-0.6395272216044257,-0.3834216809807996,-0.8446125783874023,-0.5692427696966945,0.12640045894870508,0.12798936951419332,-0.6046590853524455,-0.5675084198435637,-0.5502648178426941,-0.5623492806163656,-0.7720208843143932,-0.600372413071896,-0.6032022529371611,-0.600372413071896,-0.272993754359599,-0.38807171914289534,-0.38807171914289534,-0.7414889904854135,-0.7414889904854135,0.3940327567746548,0.6027926118650914,0.8012092541772124,0.7945057105833653,0.7403877368590084,-0.47079253067591553,0.6075264411201875,0.6633447878534161,0.6637676112122002,0.6633447878534161,0.06126909905011856],[1.0,0.999989485284694,0.6825983415170859,0.9997423805344936,0.9981146035935176,1.0,0.992723495391808,0.9893881424664122,0.9893881424664122,0.9932879753163408,0.9774220149068881,0.9872619019225141,0.992759270965587,0.9931334719842069,0.9928053780404676,0.7571902003167578,0.6794608278571646,0.2700255994079304,0.9935687929925542,0.9935620723811874,0.9857245714797243,0.9927521771327121,0.39062778057575637,0.7536889934424681,0.9827374861626654,0.9827374861626654,0.9827187784437131,0.9760141651714225,0.308907085578072,-0.13734503510180535,0.9895610160973324,0.9895262775531843,0.2604404344143557,-0.21252943250383055,0.9948396053805159,0.9953068319000535,0.8549931904886742,-0.35390998691723996,0.9907213426801105,0.9952976809611992,0.7392408595744226,0.2505753070071935,0.9949687263750211,0.9949630073430702,0.9949687263750211,0.8993906734706851,0.6533508836026115,0.9196190373304153,0.9241609418332367,0.8390021517454216,0.3777982097288855,-0.1807187977927307,0.21540566903619568,0.9499060426926587,0.37583765379472844,0.9753134037927302,0.971542513440546,0.9810827136037392,0.9897290040952335,0.9341995192767046,0.9424944376742561,0.9474237879644645,0.9342661322009701,0.9447001512531283,0.9453190767903783,0.9447001512531283,0.8913948874987444,0.9254794805831975,0.9263490676477217,0.9254794805831975,0.9277523097823548,0.7997231697975512,0.9009298158833723,0.9021823143419346,0.9009298158833723,0.7175584081802372,0.40088661121343966,0.7048320120723889,-0.5405624745169502,0.6100666728471131,0.6274635634246787,0.6280741049416944,0.6274635634246787,-0.09059345581065294,0.915966005703987,0.9461797062353571,0.9313977900314488,0.9355861304333166,0.2627168892801813,0.910871223229079,0.9115124805453629,0.910871223229079,0.9149700785385462,0.9149700785385462,-0.09323560507320379,0.5965246117325328,0.15257342965972567,-0.6913006482145551,-0.5922833538341887,-0.5962304903755093,-0.13910425197694257,0.1344954333640038,0.2022676216007913,-0.0014124766120773855,-0.5632111752059649,-0.02404529846745476,-0.7974643379516386,-0.2932029226992109,0.16456006881172816,0.16623187913359636,-0.574280892055838,-0.5759606892364598,-0.28175712172289574,-0.5165940486978593,-0.814864079352148,-0.4099986610635975,-0.4022822260739237,-0.4099986610635975,-0.2292707825720262,-0.34820648233883095,-0.34820648233883095,-0.8029046415872666,-0.8029046415872666,0.4142899264787876,0.6294954866874932,0.8519831375597279,0.8402616220495854,0.7553463096029872,-0.3360879640670527,0.7470074713633701,0.7768429965389856,0.7770962549995892,0.7768429965389856,-0.18060377469263844],[0.992723495391808,0.9851178127878895,0.6628317193200309,0.993901821006855,0.9972723404095848,0.992723495391808,1.0,0.9976306277842054,0.9976306277842054,0.9999720881328149,0.9637180141156203,0.9997005190081499,0.9999967591185952,0.999987658720377,0.9999937280227668,0.838138788087787,0.8242386682065198,0.22407120287320895,0.999869023558743,0.9998693611208158,0.990404846077754,0.9999969338339924,0.303846898621275,0.7536222913864719,0.9864685614161129,0.9864685614161129,0.9876325243507584,0.9921056974016991,0.23831689268889122,-0.19364601604544446,0.9916806826146933,0.9916969126998673,0.16410748884235352,-0.25590326487632964,0.9993724654606262,0.9994899813952581,0.4590414299945111,-0.30217492863386713,0.9991259261313963,0.9994589798579543,0.8178340621157627,0.20305174716079008,0.9459709103283863,0.9991349282171842,0.9459709103283863,0.9190570781008534,0.6158126678142978,0.943395376557837,0.9231232659716542,0.7684688515914526,0.4139325532072732,-0.12322822287280492,-0.18609774223183023,0.9335652982506072,0.3313274736655781,0.9689981832817526,0.9652942723585094,0.9800731254029709,0.9956408019439785,-0.010610517578685337,0.883885504364457,0.8462553260676696,0.8883670731668352,0.841225580719936,0.806303206498797,0.841225580719936,0.8278197235420713,0.8118096624868752,0.8009115916280386,0.8118096624868752,0.8825571577150366,0.42334949204946043,0.6197688373229413,0.6750362862465557,0.6197688373229413,0.6436329153456494,-0.33450077427269165,0.6189160107692865,-0.6107952005092868,0.5394959450902627,-0.0749302001734151,0.4712826420080657,-0.0749302001734151,-0.1370999838866504,0.8614905919220947,0.883435623953374,0.8695544994258756,0.7818727048392964,0.2162080681669908,0.8602379307510748,0.8613671741140182,0.8602379307510748,0.7853920957184412,0.7853920957184412,-0.17041793307298056,0.7005343509260729,0.22948639684595615,-0.7041743520642254,-0.6372389124720496,-0.6406558783153523,-0.18962646428505886,0.0818493038175971,0.31646437187379817,-0.04038119029151094,-0.5837918151286883,0.035639221802544536,-0.8290999297085254,-0.19675943532139228,0.09294548132153312,0.09468818716901957,-0.6211206297415677,-0.5851344757805581,-0.11708482570135034,-0.5959909926497748,-0.8314725907411225,-0.4017308769714757,-0.23715643189300684,-0.4017308769714757,-0.3026891728235207,-0.39529693468292365,-0.39529693468292365,-0.823469074948068,-0.823469074948068,0.3936773658277373,0.5885675240776469,0.5117528216004834,0.8044152376710527,0.73748704173387,-0.39480743895344367,0.07224716777381564,0.7455994039434105,0.7645936562934575,0.7455994039434105,-0.10336312172756353],[0.9893881424664122,0.97982807697518,0.6554060537964712,0.9910007841535676,0.9959229129753411,0.9893881424664122,0.9976306277842054,1.0,1.0,0.9995928546547385,0.9575709538512078,0.9988313766561592,0.998352654221288,0.9994382702686588,0.9992009953812059,0.835064268347029,0.8121952541502669,0.20256086252270142,0.9992336716912235,0.9992360618391282,0.9879196292225002,0.9993290696663264,0.2789175679690291,0.7553591968248421,0.9931870532865856,0.9931870532865856,0.9859034792659714,0.9897106406363514,0.22107262356452842,-0.20655011515946853,0.988044990297862,0.9914706707911941,0.1458471791977901,-0.2617231855863461,0.9983889760339933,0.9983898664288072,0.44275790525471725,-0.3082240931732936,0.9974184980467053,0.998349923766291,0.8149202125537646,0.18117829501562244,0.9391610357918906,0.9982210527823095,0.9391610357918906,0.9169128306731331,0.6013160286186744,0.9439733533887185,0.9214347723770349,0.7495788936169346,0.4014733928054183,-0.13755918177168588,-0.1978469735263507,0.925744839139483,0.3114104426018264,0.9645637662278436,0.9604980198008131,0.9753571925768736,0.99461994804259,-0.01940976658670762,0.8751585713601303,0.8329225394545993,0.8817453846304746,0.8289533573886202,0.7955004375670416,0.8289533573886202,0.8178441484354377,0.7959340213662945,0.7889916276735569,0.7959340213662945,0.8761185196144329,0.4063785043238819,0.602208157347282,0.6605365623255507,0.602208157347282,0.6333797570303424,-0.3479524573153414,0.6070847918370653,-0.6171187663402151,0.5334380458794012,-0.09526857141687939,0.4570548105521642,-0.09526857141687939,-0.14304835018460796,0.8538362033419753,0.872770282580042,0.859929919783977,0.7687350767458729,0.1986696753781583,0.8531487452429635,0.8544491693970062,0.8531487452429635,0.7708612260268143,0.7708612260268143,-0.18409228742577044,0.7215343356953835,0.23586641666311642,-0.7131095318937488,-0.6488494907744038,-0.6521008409642671,-0.20361120220728127,0.07507007015690813,0.30940984904018914,-0.05905327628962474,-0.5957173936155341,0.026418277536768148,-0.8341835030347045,-0.20322718345580199,0.07874881206557045,0.08052105299740056,-0.6316964125725727,-0.5858126341769572,-0.12384186421244901,-0.6110408868861122,-0.830528314885549,-0.41259509787778853,-0.24324780102215293,-0.41259509787778853,-0.3187672856831219,-0.40796287225954103,-0.40796287225954103,-0.8210204530210276,-0.8210204530210276,0.3766354578419724,0.5727232443648989,0.4939830461927942,0.7873868365105112,0.7255406242908496,-0.41498850597089826,0.059015613122536226,0.7271405266598397,0.7492796151974366,0.7271405266598397,-0.08657692924097787],[0.9893881424664122,0.97982807697518,0.6554060537964712,0.9910007841535676,0.9959229129753411,0.9893881424664122,0.9976306277842054,1.0,1.0,0.9995928546547385,0.9575709538512078,0.9988313766561592,0.998352654221288,0.9994382702686588,0.9992009953812059,0.835064268347029,0.8121952541502669,0.20256086252270142,0.9992336716912235,0.9992360618391282,0.9879196292225002,0.9993290696663264,0.2789175679690291,0.7553591968248421,0.9931870532865856,0.9931870532865856,0.9859034792659714,0.9897106406363514,0.22107262356452842,-0.20655011515946853,0.988044990297862,0.9914706707911941,0.1458471791977901,-0.2617231855863461,0.9983889760339933,0.9983898664288072,0.44275790525471725,-0.3082240931732936,0.9974184980467053,0.998349923766291,0.8149202125537646,0.18117829501562244,0.9391610357918906,0.9982210527823095,0.9391610357918906,0.9169128306731331,0.6013160286186744,0.9439733533887185,0.9214347723770349,0.7495788936169346,0.4014733928054183,-0.13755918177168588,-0.1978469735263507,0.925744839139483,0.3114104426018264,0.9645637662278436,0.9604980198008131,0.9753571925768736,0.99461994804259,-0.01940976658670762,0.8751585713601303,0.8329225394545993,0.8817453846304746,0.8289533573886202,0.7955004375670416,0.8289533573886202,0.8178441484354377,0.7959340213662945,0.7889916276735569,0.7959340213662945,0.8761185196144329,0.4063785043238819,0.602208157347282,0.6605365623255507,0.602208157347282,0.6333797570303424,-0.3479524573153414,0.6070847918370653,-0.6171187663402151,0.5334380458794012,-0.09526857141687939,0.4570548105521642,-0.09526857141687939,-0.14304835018460796,0.8538362033419753,0.872770282580042,0.859929919783977,0.7687350767458729,0.1986696753781583,0.8531487452429635,0.8544491693970062,0.8531487452429635,0.7708612260268143,0.7708612260268143,-0.18409228742577044,0.7215343356953835,0.23586641666311642,-0.7131095318937488,-0.6488494907744038,-0.6521008409642671,-0.20361120220728127,0.07507007015690813,0.30940984904018914,-0.05905327628962474,-0.5957173936155341,0.026418277536768148,-0.8341835030347045,-0.20322718345580199,0.07874881206557045,0.08052105299740056,-0.6316964125725727,-0.5858126341769572,-0.12384186421244901,-0.6110408868861122,-0.830528314885549,-0.41259509787778853,-0.24324780102215293,-0.41259509787778853,-0.3187672856831219,-0.40796287225954103,-0.40796287225954103,-0.8210204530210276,-0.8210204530210276,0.3766354578419724,0.5727232443648989,0.4939830461927942,0.7873868365105112,0.7255406242908496,-0.41498850597089826,0.059015613122536226,0.7271405266598397,0.7492796151974366,0.7271405266598397,-0.08657692924097787],[0.9932879753163408,0.9850135873925234,0.6108424451095537,0.9946761525318655,0.9974808215719662,0.9932879753163408,0.9999720881328149,0.9995928546547385,0.9995928546547385,1.0,0.9627557700903462,0.9996663053204848,0.9999733093405696,0.9999723298240863,0.9999764094620104,0.7012453479388351,0.6014351281776965,0.10487204510369307,0.9998269139763586,0.9998277092034238,0.9903149082864413,0.9999708445779762,0.07983377992499698,0.7322036275067632,0.9955265908569209,0.9955265908569209,0.9954856081493165,0.9920025104681554,0.06728416453193256,-0.1358603647582039,0.9909760541004222,0.9909383695628332,-0.01981298376699089,-0.21665036544277727,0.9994252841166851,0.9993851462975901,0.8207679868723878,-0.47387244854192967,0.9990658045396045,0.9994323042768185,0.6719592855556991,0.08099073213468194,0.999297007824862,0.9993022397600916,0.999297007824862,0.9188032159477354,0.6162470909248543,0.9432558985584516,0.9228856469676301,0.7680129849549068,0.023837735088893412,-0.5408783310200302,-0.12774924109049235,0.9299473723047342,0.27670484997065387,0.965748673863093,0.9653036186292081,0.9821742692252121,0.9949392009892372,0.8911432502656407,0.8847878395853637,0.9040344489429643,0.8894502778654233,0.902368217278562,0.9029021277882003,0.902368217278562,0.8276643071697216,0.8585178373251076,0.8598242963566717,0.8585178373251076,0.8840081052612826,0.8009330393401862,0.8698726697590827,0.8709341455588032,0.8698726697590827,0.6435619132970718,0.5008436204907891,0.6187222804063801,-0.6119705085059323,0.5917377280108442,0.5615772727489385,0.5614482020971926,0.5615772727489385,-0.09156345528561548,0.8623778924228663,0.8834828893532302,0.8700870934100876,0.8993052241758952,0.1313145048807764,0.8654540170180796,0.8671144618656041,0.8654540170180796,0.8709253150900043,0.8709253150900043,-0.17199310194511577,0.700847313786664,0.03900379040461539,-0.7159026442302249,-0.6705027563976234,-0.6718408422329007,-0.19309069670915274,0.08537230287054084,-0.1949716004487846,-0.2234202833783739,-0.6220958826762132,-0.4100295490170763,-0.8641020394392719,-0.6029486850283542,0.092327457679345,0.09418291827569261,-0.622576114437771,-0.5811456837985697,-0.5603960453394766,-0.5975086241448276,-0.7977138081992936,-0.6234668040631568,-0.6257985538942825,-0.6234668040631568,-0.30434467703328955,-0.3983726190739783,-0.3983726190739783,-0.7781557535077193,-0.7781557535077193,0.39418962713881256,0.5871369335359538,0.8123445721794439,0.8058135928757602,0.7357127749124353,-0.42142313695226413,0.639564288004971,0.6889347228674596,0.6891142667676907,0.6889347228674596,0.13342754762537345],[0.9774220149068881,0.9728801332260536,0.5756697901799415,0.9756759347780379,0.9690749875758345,0.9774220149068881,0.9637180141156203,0.9575709538512078,0.9575709538512078,0.9627557700903462,1.0,0.9499077841766888,0.9637354507683977,0.9637642804292337,0.9634777911141341,0.48441390813824875,0.376660245845325,-0.12240454952152423,0.9677837119504029,0.9677641256145209,0.9638381603156786,0.9638302333397404,-0.006091984671975608,0.7697764252896236,0.9652069503039352,0.9652069503039352,0.9653685789300521,0.9042869003924674,0.16097371149924208,-0.12255734275897139,0.9701513586547836,0.9702494750088064,0.12847906876671902,0.023359252057223997,0.9711017220022466,0.971328432116975,0.8923208052448296,-0.3585346289091124,0.9574876068349368,0.9703597220590859,0.44899700217620375,-0.1427103418778347,0.9721179491618542,0.9720881146624526,0.9721179491618542,0.8309015170106442,0.41943103173609847,0.8481361671531297,0.9083843405401953,0.8674622492175135,-0.4945132275617091,-0.6744404691990604,-0.21029597716032591,0.8976169156672827,-0.031028669341145048,0.9246729483619303,0.9247322600737872,0.9415475549450316,0.9685381170820268,0.8926435412426291,0.894277044405012,0.9069598892645611,0.8955819388822555,0.9003724192755942,0.9008655895937557,0.9003724192755942,0.8537087992657906,0.8333009797100582,0.8346993375712405,0.8333009797100582,0.8912013073210333,0.9045677400739062,0.8892249648496166,0.8897136037869121,0.8892249648496166,0.7213354595963973,0.6580090856107652,0.7221753523185424,-0.2803838373705631,0.7365842353965715,0.751324436118113,0.7534785624890303,0.751324436118113,-0.24911811368787073,0.8920378159783126,0.9402127106824665,0.9053261145219439,0.9044105629687982,-0.024042297752805634,0.8862186946949132,0.8870006532928768,0.8862186946949132,0.8935161068687429,0.8935161068687429,0.040968611258524204,0.4207753362163356,-0.13165876655506917,-0.6559768411016573,-0.4392518513420139,-0.44174783690055675,-0.06234271614404867,0.427981561161457,0.017179647217412504,-0.18726025999841545,-0.5456730997608903,-0.1036465598423284,-0.7928920154209274,-0.2683507154477035,0.29574382881747885,0.29580726032439353,-0.4109645583113136,-0.432017085305998,-0.3763339684498593,-0.38732851290956527,-0.6596126491053972,-0.39594323598945175,-0.398280928651663,-0.39594323598945175,-0.12868198893180238,-0.4392655435968464,-0.4392655435968464,-0.5410328227151482,-0.5410328227151482,0.5331590615355013,0.6474336946884527,0.751298861943345,0.6974013432753324,0.8111425823609257,-0.5089951134693212,0.40700559461224356,0.5339205680642223,0.5342458781972228,0.5339205680642223,-0.14247736220092613],[0.9872619019225141,0.9861070706711088,0.9950695428240472,0.9903633503433527,0.9964562520336822,0.9872619019225141,0.9997005190081499,0.9988313766561592,0.9988313766561592,0.9996663053204848,0.9499077841766888,1.0,0.9996996381452729,0.9996970988935762,0.9996709681444698,0.23224318866278373,0.13022976797109154,-0.5210663906123206,0.9998122846650084,0.9998141782465791,0.9997028482146304,0.9997018810461092,-0.26441596299859116,0.9736978371375269,0.9950132494993612,0.9950132494993612,0.9949949098503359,0.9938733921660454,0.07616200660170358,0.06829134491846703,0.9921590390579055,0.9922072012541917,0.8219291138398652,-0.006305908617703245,0.9991058490840689,0.9990647312862659,0.9989491129103906,0.9994239093582583,0.9994640270022681,0.9991438579597943,0.1777514882676298,-0.5289193364110466,0.9988999090382169,0.99890674922066,0.9988999090382169,0.9134842940776292,0.45652020145270433,0.9391656008767153,0.9194941456340623,0.7682246365421731,-0.397867139912619,-0.5977532699796521,0.8252588208198349,0.8541389820368652,-0.3447489847671997,0.9361197830759139,0.9363184321520026,0.9708635456926789,0.9939239450451851,0.9039073312995382,0.9096365141757481,0.8873856977951109,0.891062375079729,0.8923151315543812,0.8928031491785661,0.8923151315543812,0.7863067821953524,0.7554811546726757,0.7572711808440585,0.7554811546726757,0.9107859321292918,0.9163450305676005,0.9095916961221477,0.9105003257294214,0.9095916961221477,0.5462472233113433,0.4891636216002737,0.5823774261923642,0.6679539381683379,0.5725627451641814,0.6005071636323692,0.6025675101372752,0.6005071636323692,-0.31173977338402575,0.8549240956853282,0.8856974501256858,0.8742830923658749,0.910464659417314,-0.329724987607713,0.8505229605951188,0.8507262289535139,0.8505229605951188,0.8591206590958919,0.8591206590958919,-0.2237508974622976,0.6943562680509061,-0.3905611105766402,-0.8023222945614579,-0.5340811138596793,-0.5370218323439039,-0.4276613658389418,0.22915163484655313,-0.30335262396351015,-0.5312149356872122,-0.7604709920115694,-0.4021591768043887,-0.5913775929342827,-0.4758540202328317,0.0839603638848717,0.08180104977807172,-0.557034695474783,-0.5291117207515998,-0.550256369590749,-0.5861985221595658,-0.5796395461362259,-0.553787074110023,-0.5568804011798759,-0.553787074110023,-0.43771239658177313,-0.628192108590998,-0.628192108590998,-0.6202003564077937,-0.6202003564077937,0.39031769669092536,0.33801170235734446,0.4741978819222544,0.579849053840826,0.5250494419725983,-0.5745660192573534,0.3166619739622584,0.285615320632232,0.28583518103305766,0.285615320632232,0.2582394700708922],[0.992759270965587,0.9851621236714023,0.6628604705519889,0.9939280262180608,0.9972910974555105,0.992759270965587,0.9999967591185952,0.998352654221288,0.998352654221288,0.9999733093405696,0.9637354507683977,0.9996996381452729,1.0,0.9999910091346691,0.9999953081128475,0.83810232996715,0.8126070403917144,0.224101862216811,0.999870117522607,0.9998704030357737,0.990435126875619,0.9999974915799993,0.3041264384295029,0.7536874982075428,0.991405309536316,0.991405309536316,0.9876250856838464,0.9920943340452614,0.23854901400197084,-0.1936032033418669,0.9917224106898462,0.9917038035906804,0.16431521582942682,-0.25587897531801307,0.9993736131126811,0.9994924129679786,0.45902553304560245,-0.30197047317918013,0.9991272048834396,0.9994655545763627,0.8177845962681592,0.20308846533693814,0.9459590565957782,0.9991364336037911,0.9459590565957782,0.9190679884789067,0.6159347485309993,0.9435359791657767,0.9232670490599647,0.7685733171839122,0.4142887795730796,-0.12281695427756657,-0.1857508219432713,0.9336263431144824,0.3313757427978983,0.9690760092318548,0.9653415262598557,0.9801501366951975,0.9956519305317494,-0.01042543138071288,0.8840283543270911,0.8463467857494863,0.8884834441081803,0.8413159760054707,0.8062578218109289,0.8413159760054707,0.8279235968423081,0.8118675165186674,0.8008623828019884,0.8118675165186674,0.8827010974250962,0.42324796494128564,0.6197809070024898,0.674964223655934,0.6197809070024898,0.6436205875507985,-0.3345130762160693,0.6189222580118562,-0.6106866450627532,0.5394275594261172,-0.07504467493422573,0.47132265650156785,-0.07504467493422573,-0.13723455305492913,0.8615778530647229,0.8835712229937692,0.8696598037379041,0.7818701642986305,0.21624365677603588,0.8603271410529543,0.8614532233674422,0.8603271410529543,0.7854612762434274,0.7854612762434274,-0.17034968949113355,0.7005427476963637,0.2295890568018615,-0.7042262586382028,-0.6371570839317369,-0.6405788254889843,-0.1897131366745139,0.08174837776603754,0.31661637267245113,-0.040383379629072944,-0.5838653278631935,0.035872883796897945,-0.8288556254812455,-0.1964973479506425,0.09301993367710847,0.09477654991911492,-0.6211007760543527,-0.5849311027121622,-0.11686275910221768,-0.59594807309997,-0.8313661608988732,-0.40152819235872167,-0.2369739226461504,-0.40152819235872167,-0.30253886184949624,-0.3952726282520841,-0.3952726282520841,-0.8234113398003293,-0.8234113398003293,0.39414489759832105,0.5886740470469842,0.5119784689937013,0.8046440082068593,0.7375300596148331,-0.394619638396001,0.072512211641476,0.7458246635560328,0.7646916791843182,0.7458246635560328,-0.10338157077410158],[0.9931334719842069,0.9851068107804768,0.6579592026835176,0.9945774967825546,0.9973622417907131,0.9931334719842069,0.999987658720377,0.9994382702686588,0.9994382702686588,0.9999723298240863,0.9637642804292337,0.9996970988935762,0.9999910091346691,1.0,0.9999885592652208,0.7646693734438759,0.6817520515028642,0.2257822737665581,0.9998926270926621,0.9998932766188856,0.9904288596070259,0.9999884605206881,0.3046591828120555,0.7502973433285843,0.9942922026995855,0.9942922026995855,0.994258847525827,0.99204633626161,0.23255804345830627,-0.1938621623396308,0.9921122138647893,0.9921190144712254,0.18679774533032978,-0.2551462355695197,0.9995447751505512,0.9994926406572219,0.8559069213134182,-0.3901639211344546,0.9991244748898307,0.9994698040361152,0.7425455758255504,0.20479883833256682,0.9994428631497153,0.9994474528284817,0.9994428631497153,0.9189925217726311,0.6160451672762343,0.9434422911320884,0.9231815661936519,0.768235109620516,0.2950870277384141,-0.2917632231122525,0.11630829897610787,0.9335392432821217,0.33192400613336004,0.9663520321155,0.9653636564929022,0.9787986118066748,0.9958812330717439,0.8977271574690217,0.8833842908183378,0.9090873159550563,0.8884819665866368,0.90793678522678,0.9086980374338878,0.90793678522678,0.827317100702604,0.877366780215217,0.8786667051679089,0.877366780215217,0.8826103314711372,0.7842593415703715,0.8744541323764085,0.875897201248339,0.8744541323764085,0.6432154178301885,0.4980155798697357,0.6180157546424649,-0.6117112136509765,0.5384519084168872,0.5398165972340133,0.5407621549767649,0.5398165972340133,-0.13886992557808217,0.8615036811981713,0.883242112550005,0.8692045797758333,0.9041960165248426,0.2184297201405759,0.8603157603580459,0.8616247757994269,0.8603157603580459,0.8695806898348526,0.8695806898348526,-0.17068614319945535,0.6994520920267477,0.13833032942612683,-0.7033827072730212,-0.6368098072728763,-0.6399480626822441,-0.18970262832007623,0.08091991062853887,0.09027852387980385,-0.03895727257952076,-0.5827011940181804,-0.15240928658495959,-0.8393289466299539,-0.4143633411201491,0.09264868511110569,0.09454141698501255,-0.6211444555514054,-0.5841189220548236,-0.4066061674859566,-0.5957246825797164,-0.8242076091071244,-0.5181616241787574,-0.5140840265461618,-0.5181616241787574,-0.30175995797746724,-0.39532220312329913,-0.39532220312329913,-0.8149347105505779,-0.8149347105505779,0.39363538067644605,0.5889275267735796,0.8198345088386094,0.8081907981287652,0.7380121567439314,-0.39415883057580164,0.7011415852951498,0.7336707805443907,0.7337654539332764,0.7336707805443907,-0.0707180359047666],[0.9928053780404676,0.9850088983661042,0.6630060936140375,0.9939515106994496,0.9973136227975058,0.9928053780404676,0.9999937280227668,0.9992009953812059,0.9992009953812059,0.9999764094620104,0.9634777911141341,0.9996709681444698,0.9999953081128475,0.9999885592652208,1.0,0.8284337251342146,0.7640320423449452,0.22425473491399978,0.9998730046657468,0.9998731789238772,0.9905632258149013,0.9999952008762482,0.3047948762820135,0.7535257573284285,0.9944776008011409,0.9944776008011409,0.9943897599370795,0.9920271935302368,0.23883650689818392,-0.19362189978911837,0.9926122508707498,0.992655346415321,0.16504951890255212,-0.255707568408436,0.9994183643028774,0.9994921289841242,0.4580853745872637,-0.3012515516465005,0.9990879574116447,0.9994681705640641,0.8152947994697763,0.20326237045160284,0.9455348908250988,0.9991862084970755,0.9455348908250988,0.9193022102672495,0.6165755478587811,0.943661095973553,0.9233608868220408,0.7683208823784552,0.4155872076594537,-0.12136119832683863,-0.1859757341176162,0.9339463728581823,0.33164858316562035,0.9694490376870804,0.9656283541022372,0.980396986454172,0.9956939750640855,-0.011403842031629722,0.8842523827091144,0.8462488840579612,0.88867567282655,0.8412483262328475,0.8058327449430331,0.8412483262328475,0.8280916795658572,0.8117899409213019,0.801187743932397,0.8117899409213019,0.882968515844423,0.42259876840135846,0.6193084738718994,0.6749522222693761,0.6193084738718994,0.6434802014845243,-0.33562265880661885,0.6188614286881119,-0.6108871103201036,0.5390897863138382,-0.07599087563265247,0.47098788601357505,-0.07599087563265247,-0.13719949644344528,0.8616824954916004,0.883329604102872,0.8697710372329317,0.7747002708271984,0.21662805580022004,0.8603951129083087,0.8615121103467129,0.8603951129083087,0.7852685889847881,0.7852685889847881,-0.17164771667252138,0.7013113312092661,0.2300704752359341,-0.7041828252192169,-0.6374990817468115,-0.6409248488250974,-0.19072865053323557,0.08063341681567705,0.3169437661763047,-0.04074100652895982,-0.5840243810116141,0.0359819248888579,-0.828129152947289,-0.1963209020383901,0.09212044430736953,0.09387619693061929,-0.6216563401681338,-0.585139083536003,-0.11630518834909269,-0.5970211618410065,-0.8313997078457971,-0.40146282847797077,-0.23644134681358622,-0.40146282847797077,-0.3033716006927406,-0.3956793168480409,-0.3956793168480409,-0.8237586930295792,-0.8237586930295792,0.3943156229345406,0.5883600634736388,0.5115197723372403,0.8050683228281261,0.7370161941692225,-0.3942030142288978,0.07189460041076129,0.7462390054956335,0.765302041275015,0.7462390054956335,-0.10312551518179043],[0.7571902003167578,0.12319575692273439,0.4054658309914812,0.7564052859998661,0.6579688197129702,0.7571902003167578,0.838138788087787,0.835064268347029,0.835064268347029,0.7012453479388351,0.48441390813824875,0.23224318866278373,0.83810232996715,0.7646693734438759,0.8284337251342146,1.0,0.9928327790948309,0.42154769449704393,0.8081219874762909,0.8080935531959418,0.7358459557151357,0.8271896978409569,0.33337021720331006,0.40213666632280043,0.8207478529154324,0.8207478529154324,0.8065174237068632,-0.1672669545503872,0.1956276967832606,-0.16600432234511883,0.8608596573312906,0.8580505230407327,0.15782455680697416,-0.22709145392325406,0.833927768374728,0.7255126992638924,0.26708316670074617,-0.31774567015807,0.24766669709275482,0.6936606765916343,0.9983621952256518,0.404231552673743,0.7598074380361028,0.8335985725228672,0.7598074380361028,0.2020410412012375,0.5397442407737773,-0.22040401235295656,-0.24212847589651976,0.07911135430588817,0.3982767214436292,-0.05780470844112786,-0.21048912445036286,0.7124973509348111,0.4013723520000926,0.8319396405454661,0.7138934134471806,0.7984807321965157,0.8172652888629632,-0.10318103684118209,0.1551285405711585,0.5847365291363377,0.45428130161095903,0.5747832985816