var element=document.getElementById("correlationClose");if(element.style.display!='none'){var correlationClose={"data":[{"type":"heatmap","z":[[1.0,0.9999892743715676,0.6764642004009537,0.9997389071315579,0.9980797523303875,1.0,0.9926183673218446,0.9892139292527392,0.9892139292527392,0.993201194282387,0.9772626155475668,0.9870866707944668,0.9926540535005669,0.9930365672645535,0.992702299954867,0.7709891657887126,0.6976598636357338,0.2817829851000169,0.9934802978099766,0.9934807389567986,0.9856176780526295,0.9926542776783533,0.39948882982890366,0.7491718879746763,0.9824467072868212,0.9824467072868212,0.9824276912735942,0.9754428706261379,0.31606672237648825,-0.1307509261877431,0.9896058172139061,0.989568179196692,0.2675849281907587,-0.2047827850148192,0.9947841935050045,0.9952772335253532,0.8525422406739981,-0.3558539702214771,0.9906208000882551,0.9952649833270902,0.7542413398147042,0.26241692294113333,0.9949146562886151,0.9949136610251524,0.9949146562886151,0.8972717935149945,0.6539221817577762,0.9168440576127086,0.9216349976530321,0.8357494091865353,0.37791929927630086,-0.17739489550655418,0.21335405913422067,0.9492875316954745,0.38083680824117455,0.9752311347912109,0.9713269073238541,0.98083224382113,0.9897121078601515,0.9330501056296382,0.941031242568795,0.9466146094003692,0.9328763599306538,0.9438661682343268,0.9445637724383482,0.9438661682343268,0.8888333865617664,0.9243061792862969,0.9252895821704196,0.9243061792862969,0.9260873667438481,0.7960160665681529,0.8991714727121344,0.9005756340726115,0.8991714727121344,0.7118349964908727,0.39394094752004166,0.6981371328516267,-0.5435315149615871,0.6036658887931943,0.6226515752480614,0.6235378004269106,0.6226515752480614,-0.09156531666162886,0.9142322607205642,0.9449804124342214,0.9298724943958436,0.9345443995661544,0.273761663422175,0.9091954216333443,0.9100001587552784,0.9091954216333443,0.9134933150751463,0.9134933150751463,-0.09354018748555666,0.5911228721138438,0.15579007126355326,-0.6843879688000594,-0.5892982924973718,-0.5928852886596556,-0.1322849430126963,0.12843910128876337,0.2061924856777093,0.008272000241896229,-0.5535739723047512,-0.018732113103801004,-0.7968180546717796,-0.28743357155679566,0.16227150234520255,0.1640265014957328,-0.571355341984666,-0.5769372629332076,-0.2761164642255571,-0.5133481705518622,-0.8153485365478221,-0.40501487926385493,-0.3976613415194803,-0.40501487926385493,-0.22222548854436022,-0.3402024605568071,-0.3402024605568071,-0.8033126969828691,-0.8033126969828691,0.40896038969356324,0.6309390195464595,0.8530638831097822,0.8401880701118402,0.7567224706069089,-0.3306185289862804,0.7474973565578034,0.7785243783224535,0.7785998278116749,0.7785243783224535,-0.18845867966231655],[0.9999892743715676,1.0,0.9810140913717422,0.9994903820986446,0.995910102318166,0.9999892743715675,0.984860221470977,0.979399312945569,0.979399312945569,0.9847424411223472,0.9724029977079347,0.9859055061199147,0.9849008090100667,0.9848253714537406,0.9847508867007587,0.15580017983085043,0.06386775005249787,-0.43572221695776164,0.988284445754615,0.9882790737342619,0.9849474490822429,0.9849488861676852,-0.15893726986715564,0.9800465513090508,0.9799582289161752,0.9799582289161752,0.9799929891944809,0.9756633718723089,0.09670338156783795,0.11985858114323009,0.9826223704549811,0.9826639644572185,0.8012878139781698,0.09971844766846975,0.9907314113251868,0.9907683376958166,0.9912886825186761,0.985953205600943,0.9897187065330671,0.9907787393561847,0.10822123385256097,-0.4404817956629933,0.9913522730434059,0.9913483774671755,0.9913522730434059,0.8972633271221907,0.5014102714038561,0.9172193634524459,0.9218211169009929,0.8352450642433156,-0.28639243340311665,-0.48679107312325326,0.8433565223553395,0.885699502258547,-0.25283720377073104,0.9398094822993187,0.9399466731354645,0.9600536046730703,0.9781600362288332,0.9525637976478635,0.9583977103030443,0.9439647505473435,0.9448816229590953,0.9474473892409663,0.9478219435821083,0.9474473892409663,0.8624908700738074,0.836886372539697,0.8384030979408201,0.836886372539697,0.954717462492957,0.957746261303313,0.9546336939460408,0.9553719839722975,0.9546336939460408,0.6396123189441779,0.5908701678115265,0.6779784149573319,0.750237963412874,0.6625273012574853,0.6854123787342424,0.6861872295130763,0.6854123787342424,-0.14093355062089352,0.9193443041337029,0.9406647215934034,0.9333389145303391,0.9574440425867469,-0.2944235438594664,0.9158406291935297,0.9159959849135949,0.9158406291935297,0.9223506047355158,0.9223506047355158,-0.17930291992005384,0.5917979727624072,-0.36748110800625117,-0.779220589285376,-0.45826573160449907,-0.46208526124358984,-0.37925689219849806,0.2717196546218231,-0.26051009078704057,-0.4916357007106954,-0.7306991849088245,-0.35286175022086796,-0.475500355044706,-0.4153143323781854,0.13255406453225385,0.12987172472481073,-0.48593840085123613,-0.4517586492139659,-0.480381582286642,-0.5118806365562825,-0.5040280197314154,-0.4828607560326191,-0.4861168909832846,-0.4828607560326191,-0.3638246458972688,-0.5334659948680185,-0.5334659948680185,-0.5017646386756982,-0.5017646386756982,0.4089052638853357,0.3688943170487094,0.49754435440369477,0.6029727001958479,0.5258810334248543,-0.43864417651025184,0.3742349455779338,0.3154069452544624,0.3155740958866146,0.3154069452544624,0.1694996141200668],[0.6764642004009537,0.9810140913717422,1.0,0.6733763579107211,0.6087234051339812,0.6764642004009537,0.6570126573373957,0.6493173408075944,0.6493173408075944,0.6036198350337127,0.5678301128735085,0.9951520296479184,0.6570366653233055,0.6515022930199384,0.6572001814691316,0.414309635677949,0.3851860543480084,-0.20815134768548416,0.6199218723059344,0.6199144584416618,0.5868328577206869,0.6567220218858835,0.181420358722165,0.7947855479673421,0.6364861243887121,0.6364861243887121,0.6362590870568202,0.9881808792927086,0.2954272732329299,0.11563704604931338,0.615069876978073,0.6146913744902357,0.6612870355180134,-0.027640954736525686,0.6528403779833047,0.596669193999754,0.6192287942035524,0.29814034476715784,0.9934047829118434,0.593182703394027,0.40080031709840114,-0.21727493835231934,0.6697678025700168,0.6514451645984289,0.6697678025700168,0.8942147860563132,0.40813806433766026,0.9323886444258054,0.9112205745062038,0.7370690852507474,0.2216473312193814,-0.06785614313181067,0.05186812740809604,0.5417571412332334,-0.08472961548843673,0.5983770864532505,0.5687115104506579,0.5886099925815294,0.5527235245351894,0.007617537741086985,0.8016078921521527,0.7358743576480236,0.6518764995174496,0.7415985506982932,0.7663078580317594,0.7415985506982932,0.5442310858612069,0.6517988051920188,0.7047737406352379,0.6517988051920188,0.7067840396712288,0.681629001412693,0.7323896331765523,0.7760029419390367,0.7323896331765523,0.42958128573754933,-0.08575142592800371,0.4443226091498915,0.09688102329181433,0.42470866724527506,0.26482167894603037,0.5000964546569044,0.26482167894603037,-0.14649723455118038,0.6258169034542347,0.8858225656662404,0.695161948086406,0.7771593332532845,-0.06513198025534,0.6636363426967298,0.6642462443996349,0.6636363426967298,0.7253622640100261,0.7253622640100261,-0.19629091488764464,0.7019854567530153,-0.18392473411012722,-0.6995926155887341,-0.4402648432181753,-0.44372633767773234,-0.4259227166364761,0.10141399399192634,0.02038690550616863,-0.3369348440124979,-0.679527893658229,-0.172189915213816,-0.32203936469141675,-0.27447851221696623,0.04327950113426213,0.04212110875412119,-0.48996445584142695,-0.06683502779978075,-0.26077468769407286,-0.5113774574283101,-0.20743801659455718,-0.4065373377961088,-0.2887847934084861,-0.4065373377961088,-0.4194684146829708,-0.5418649103024513,-0.5418649103024513,-0.3080430226792406,-0.3080430226792406,0.3544512201764584,0.19965799462868178,0.2876344137757167,0.5231654758164251,0.2898057540398026,-0.38425963286948517,-0.011042515040438568,0.4585485665162137,0.5590441944670591,0.4585485665162137,-0.01117114118120843],[0.9997389071315579,0.9994903820986446,0.6733763579107211,1.0,0.9989468902682668,0.9997389071315578,0.9938231730542125,0.9908560370974621,0.9908560370974621,0.994618071364936,0.9754886319195192,0.9902654498823855,0.9938490890552915,0.9945119778035924,0.9938745994965409,0.770246564013538,0.6965262497353425,0.2673071255787021,0.9945060154327258,0.9945067582024989,0.9857116380340931,0.9938398549428309,0.3910155128893342,0.7533825555702488,0.9848900872589049,0.9848900872589049,0.9848704954266272,0.9814059432563875,0.31191941107884297,-0.13675875646897678,0.988927762909646,0.9888980884224932,0.25980551819615383,-0.2050188714661811,0.9952831642609156,0.9959776831917945,0.820159523934407,-0.3601833324400098,0.9929115028121931,0.9961787537030367,0.7528303562560368,0.2476587557367908,0.9933562217180165,0.9953250489217771,0.9933562217180165,0.8950694993959809,0.642023076979287,0.9202501178163355,0.918723880147927,0.8195787360781824,0.37315865194404874,-0.18215952916733288,0.20817738633345426,0.9440903230245768,0.36537522795658944,0.9708865729922117,0.968537856709555,0.978737922238818,0.9895853433383754,0.9147229252489503,0.9356391578288088,0.9354995672183225,0.929620156254198,0.9293239617671083,0.9302642029422228,0.9293239617671083,0.8820862063574108,0.9138086674196996,0.9148944216608198,0.9138086674196996,0.9232907967121033,0.743744514122775,0.8653792348215676,0.8668639613349364,0.8653792348215676,0.7049700089214311,0.15718670255090558,0.6897543033354517,-0.5481032419419216,0.5995807702841143,0.359180020281924,0.595625740676241,0.359180020281924,-0.09750016002347987,0.9099373609285014,0.9390388191970118,0.9235854939738638,0.9143992190337805,0.2599384605269675,0.9055721343760237,0.9065097458405897,0.9055721343760237,0.8969007921163058,0.8969007921163058,-0.09796603802570052,0.6098569115028176,0.16064601894141858,-0.6935103634092818,-0.5956614085587827,-0.5991743107368455,-0.14364612657876677,0.12420982214575366,0.1997624880482112,-0.004251665805942417,-0.5646740547866044,-0.02451010059274626,-0.8020118252622184,-0.29463870795317687,0.15294253822678364,0.1547630867848569,-0.577485586568379,-0.5735472195965069,-0.2767764336340769,-0.5229405685204281,-0.8165275885049995,-0.4059154153184515,-0.39910763249291265,-0.4059154153184515,-0.2300104296182881,-0.3489975112495796,-0.3489975112495796,-0.8026364378136291,-0.8026364378136291,0.39997702664850276,0.6200625735495792,0.8452837815946483,0.832656807135442,0.7497591095997518,-0.3427108216559773,0.7386643766167023,0.7697974703977916,0.7698778033667983,0.7697974703977916,-0.17382389950341437],[0.9980797523303875,0.995910102318166,0.6087234051339812,0.9989468902682668,1.0,0.9980797523303875,0.9972460958821776,0.9958572984994437,0.9958572984994437,0.9974542293365953,0.9686927418628232,0.9964238712221046,0.9972642202083055,0.9973382861216721,0.9972886225081868,0.6766574447265237,0.5778672298161953,0.061193606140339314,0.9976831408487535,0.9976840585365986,0.9878487923526584,0.9972540744013805,0.03573860594391061,0.7366494946343088,0.992592183913107,0.992592183913107,0.9925537672566332,0.9903374736107673,0.0877641096027675,-0.11996449797295836,0.987503101849523,0.9874348445972936,-0.032756992712706774,-0.10728381803920548,0.9977694076923349,0.9976973338728591,0.8129905463788479,-0.47839906286900197,0.9976032842771909,0.9980244758945505,0.6473396551013267,0.037028057929071684,0.997713019090722,0.997717956221363,0.997713019090722,0.9084699275232795,0.6076075482584025,0.9314059938081853,0.9195912400675289,0.7969554424102805,-0.07679875716783226,-0.5856600465155186,-0.17466323421618374,0.9341586604340674,0.21991803508912044,0.9674790612624394,0.9675530212266147,0.981473479599456,0.9901678277137813,0.9137712179516548,0.9187946049216804,0.9260726218310017,0.9179400698378685,0.9244165473279672,0.9248693935653493,0.9244165473279672,0.8595417628227837,0.874260533706685,0.8755442641172275,0.874260533706685,0.9129158858804713,0.8321254670839431,0.8945902560459732,0.8955262641794886,0.8945902560459732,0.6679881433227797,0.559105277453348,0.6576387465382862,-0.5600904906045587,0.6492517652309524,0.6302302951570022,0.6301658266592055,0.6302302951570022,-0.11007638475191266,0.8937961564956508,0.9174258787031679,0.9032583379548488,0.9215421034220335,0.10575812300600143,0.8929336382213179,0.8940443280685015,0.8929336382213179,0.8984320790639351,0.8984320790639351,-0.13576010590092452,0.6556949459571383,0.015398095120122027,-0.7213583971121427,-0.6409609204624512,-0.6417603897001299,-0.17347957265367803,0.1475092012072138,-0.18728490147141413,-0.24859237592354705,-0.6314622456361773,-0.37931184171628435,-0.8451614432313941,-0.5653554416175045,0.12372675000200715,0.12542754414364912,-0.6021505750625744,-0.568246554579487,-0.5466599759328239,-0.5596643727073539,-0.7729872409133616,-0.5972125054817177,-0.6003292036289183,-0.5972125054817177,-0.26664313483827945,-0.38074144632853507,-0.38074144632853507,-0.7421118415055593,-0.7421118415055593,0.38836891636433235,0.603766006603844,0.8016734759506603,0.7928910834542259,0.7413840163369702,-0.466452616886267,0.6060278388875523,0.6645582462198547,0.6647598154395679,0.6645582462198547,0.05300331815559389],[1.0,0.9999892743715675,0.6764642004009537,0.9997389071315578,0.9980797523303875,1.0,0.9926183673218446,0.9892139292527392,0.9892139292527392,0.993201194282387,0.9772626155475668,0.9870866707944668,0.9926540535005669,0.9930365672645535,0.992702299954867,0.7709891657887126,0.6976598636357338,0.2817829851000169,0.9934802978099766,0.9934807389567986,0.9856176780526295,0.9926542776783533,0.39948882982890366,0.7491718879746763,0.9824467072868212,0.9824467072868212,0.9824276912735942,0.9754428706261379,0.31606672237648825,-0.1307509261877431,0.9896058172139061,0.989568179196692,0.2675849281907587,-0.2047827850148192,0.9947841935050045,0.9952772335253532,0.8525422406739981,-0.3558539702214771,0.9906208000882551,0.9952649833270902,0.7542413398147042,0.26241692294113333,0.9949146562886151,0.9949136610251524,0.9949146562886151,0.8972717935149945,0.6539221817577762,0.9168440576127086,0.9216349976530321,0.8357494091865353,0.37791929927630086,-0.17739489550655418,0.21335405913422067,0.9492875316954745,0.38083680824117455,0.9752311347912109,0.9713269073238541,0.98083224382113,0.9897121078601515,0.9330501056296382,0.941031242568795,0.9466146094003692,0.9328763599306538,0.9438661682343268,0.9445637724383482,0.9438661682343268,0.8888333865617664,0.9243061792862969,0.9252895821704196,0.9243061792862969,0.9260873667438481,0.7960160665681529,0.8991714727121344,0.9005756340726115,0.8991714727121344,0.7118349964908727,0.39394094752004166,0.6981371328516267,-0.5435315149615871,0.6036658887931943,0.6226515752480614,0.6235378004269106,0.6226515752480614,-0.09156531666162886,0.9142322607205642,0.9449804124342214,0.9298724943958436,0.9345443995661544,0.273761663422175,0.9091954216333443,0.9100001587552784,0.9091954216333443,0.9134933150751463,0.9134933150751463,-0.09354018748555666,0.5911228721138438,0.15579007126355326,-0.6843879688000594,-0.5892982924973718,-0.5928852886596556,-0.1322849430126963,0.12843910128876337,0.2061924856777093,0.008272000241896229,-0.5535739723047512,-0.018732113103801004,-0.7968180546717796,-0.28743357155679566,0.16227150234520255,0.1640265014957328,-0.571355341984666,-0.5769372629332076,-0.2761164642255571,-0.5133481705518622,-0.8153485365478221,-0.40501487926385493,-0.3976613415194803,-0.40501487926385493,-0.22222548854436022,-0.3402024605568071,-0.3402024605568071,-0.8033126969828691,-0.8033126969828691,0.40896038969356324,0.6309390195464595,0.8530638831097822,0.8401880701118402,0.7567224706069089,-0.3306185289862804,0.7474973565578034,0.7785243783224535,0.7785998278116749,0.7785243783224535,-0.18845867966231655],[0.9926183673218446,0.984860221470977,0.6570126573373957,0.9938231730542125,0.9972460958821776,0.9926183673218446,1.0,0.9976055585120022,0.9976055585120022,0.9999720270471341,0.9631642604396223,0.9996961239501495,0.9999967331514619,0.9999874852364027,0.9999936663989013,0.8477162588004833,0.8345012132411337,0.23461319191942698,0.9998672661197641,0.9998677491523115,0.9902865965606159,0.9999969242917228,0.3115445742150553,0.7493502013386496,0.9863240797517453,0.9863240797517453,0.9874487356861985,0.9918831357158431,0.2445327669651937,-0.18792805139335758,0.9916965874532262,0.9916944695471257,0.17028555982068216,-0.24900132785879972,0.9993669869055957,0.9994835801322611,0.45273433841414185,-0.30351992455509347,0.9991088107062776,0.9994515167302738,0.828499122937486,0.21365976508593934,0.9451475424168408,0.9991270950522035,0.9451475424168408,0.9173335265719438,0.6157207024267801,0.9419247513984,0.9214739376995491,0.7638235360956352,0.41339716480473154,-0.12034913589461638,-0.18785975555264584,0.932622064368,0.3354564120297735,0.9687618840199693,0.9648795702167978,0.9797832874868603,0.9956456066012717,-0.01541092270556473,0.881372678547974,0.8436369398299344,0.8862872145129976,0.8385147748011061,0.8036129252315404,0.8385147748011061,0.8241834627385376,0.808561282380931,0.7980675163578771,0.808561282380931,0.8801734820053468,0.4164387687648566,0.6142373565514464,0.671243979016191,0.6142373565514464,0.636939646109576,-0.3362927531002644,0.610983055666227,-0.6135742545717119,0.5323151427515752,-0.0781967535106911,0.4655986796127626,-0.0781967535106911,-0.13835929541329645,0.8589108561632813,0.8810544404698978,0.8669920687511068,0.7792558672122681,0.22608568233910475,0.8578036510083388,0.8591713661880981,0.8578036510083388,0.781663570962937,0.781663570962937,-0.17138141150960942,0.6970409789659381,0.23119141883106226,-0.6982334380469517,-0.6347059614763131,-0.6378106590752223,-0.18369961142381155,0.07558129771223158,0.3190867139946576,-0.031639741281716656,-0.5753279217414007,0.03993338453667778,-0.8285853839231659,-0.19151516079460562,0.09004206496146161,0.09191921045882158,-0.6186535770974145,-0.5857393628927774,-0.11193394625495998,-0.5936121874630897,-0.8318022002400285,-0.3972229393867159,-0.23247278958013734,-0.3972229393867159,-0.2969026267866078,-0.3883467108533054,-0.3883467108533054,-0.8237910331777696,-0.8237910331777696,0.38809813548586697,0.5890644215510633,0.5106546576811223,0.8037566612149621,0.7380873688666266,-0.39016427558847666,0.07104059189719775,0.746417345869472,0.7653118893659652,0.746417345869472,-0.11004621350683542],[0.9892139292527392,0.979399312945569,0.6493173408075944,0.9908560370974621,0.9958572984994437,0.9892139292527392,0.9976055585120022,1.0,1.0,0.9995874353363468,0.9569271331326192,0.9988174129027764,0.9983325707192028,0.9994337838258363,0.9991912697832547,0.8448344357004367,0.8227778561569112,0.21313456896530414,0.9992262050585078,0.9992291672992621,0.9877823883028605,0.9993211529606411,0.28659651210843673,0.7509784690221394,0.9930985352789528,0.9930985352789528,0.9856828066516056,0.9894184243797227,0.2273040874151648,-0.20086927386125963,0.988063254972273,0.991490766752089,0.1520163955067073,-0.2547691055208412,0.9983763382947473,0.9983732989653836,0.43615464401959303,-0.3096792535064149,0.9973720366597385,0.9983305194585559,0.8258034700343712,0.19180937811650675,0.9382155703927255,0.9982081172076233,0.9382155703927255,0.9151365466237946,0.6011688082476736,0.9423917652501594,0.9195073276735006,0.7444759624055741,0.40087601094409386,-0.13476374546612518,-0.19975550026820577,0.9246894561626381,0.31550524749128867,0.964303353764761,0.9600345207168529,0.9750030412193161,0.9946409376652794,-0.02437547474478959,0.8722753653313863,0.8299332206876269,0.879425954847025,0.8258820128636496,0.7926178353282715,0.8258820128636496,0.8138716251787477,0.7922494370231249,0.7859170594139937,0.7922494370231249,0.8735130290835682,0.3991425090357801,0.5963199981382976,0.6565196070611478,0.5963199981382976,0.6263099392888345,-0.34993162246760506,0.5987322896490271,-0.6201136418499373,0.5260174647476648,-0.09877643147730378,0.4511170072298083,-0.09877643147730378,-0.1444125378879411,0.8509507198298031,0.8699244970516526,0.8570074325998666,0.7659326640426651,0.20861174476533126,0.8504150888913038,0.8519779128941263,0.8504150888913038,0.7667379747840479,0.7667379747840479,-0.1852416804789034,0.7184774021945538,0.2376973374141865,-0.7071639207749475,-0.6464506660726679,-0.6493967252154315,-0.19774790607033482,0.06862089721219025,0.31207062432591887,-0.05033020123739786,-0.5872849216876621,0.030730239526743686,-0.8338078053376516,-0.19796128415030642,0.07567469994643168,0.07759357196160628,-0.6293584178227024,-0.5865101168054229,-0.11867102750886399,-0.6088833785885311,-0.8309660061428499,-0.40815046903623314,-0.23855443372654397,-0.40815046903623314,-0.3131234152081884,-0.4011100372470648,-0.4011100372470648,-0.8214396313104514,-0.8214396313104514,0.3707465731707623,0.5731398087053525,0.4927682934669214,0.7866248777281573,0.7261144219803453,-0.41052516060734795,0.057692712424670944,0.7279023593359338,0.7499696563496885,0.7279023593359338,-0.09326960740602062],[0.9892139292527392,0.979399312945569,0.6493173408075944,0.9908560370974621,0.9958572984994437,0.9892139292527392,0.9976055585120022,1.0,1.0,0.9995874353363468,0.9569271331326192,0.9988174129027764,0.9983325707192028,0.9994337838258363,0.9991912697832547,0.8448344357004367,0.8227778561569112,0.21313456896530414,0.9992262050585078,0.9992291672992621,0.9877823883028605,0.9993211529606411,0.28659651210843673,0.7509784690221394,0.9930985352789528,0.9930985352789528,0.9856828066516056,0.9894184243797227,0.2273040874151648,-0.20086927386125963,0.988063254972273,0.991490766752089,0.1520163955067073,-0.2547691055208412,0.9983763382947473,0.9983732989653836,0.43615464401959303,-0.3096792535064149,0.9973720366597385,0.9983305194585559,0.8258034700343712,0.19180937811650675,0.9382155703927255,0.9982081172076233,0.9382155703927255,0.9151365466237946,0.6011688082476736,0.9423917652501594,0.9195073276735006,0.7444759624055741,0.40087601094409386,-0.13476374546612518,-0.19975550026820577,0.9246894561626381,0.31550524749128867,0.964303353764761,0.9600345207168529,0.9750030412193161,0.9946409376652794,-0.02437547474478959,0.8722753653313863,0.8299332206876269,0.879425954847025,0.8258820128636496,0.7926178353282715,0.8258820128636496,0.8138716251787477,0.7922494370231249,0.7859170594139937,0.7922494370231249,0.8735130290835682,0.3991425090357801,0.5963199981382976,0.6565196070611478,0.5963199981382976,0.6263099392888345,-0.34993162246760506,0.5987322896490271,-0.6201136418499373,0.5260174647476648,-0.09877643147730378,0.4511170072298083,-0.09877643147730378,-0.1444125378879411,0.8509507198298031,0.8699244970516526,0.8570074325998666,0.7659326640426651,0.20861174476533126,0.8504150888913038,0.8519779128941263,0.8504150888913038,0.7667379747840479,0.7667379747840479,-0.1852416804789034,0.7184774021945538,0.2376973374141865,-0.7071639207749475,-0.6464506660726679,-0.6493967252154315,-0.19774790607033482,0.06862089721219025,0.31207062432591887,-0.05033020123739786,-0.5872849216876621,0.030730239526743686,-0.8338078053376516,-0.19796128415030642,0.07567469994643168,0.07759357196160628,-0.6293584178227024,-0.5865101168054229,-0.11867102750886399,-0.6088833785885311,-0.8309660061428499,-0.40815046903623314,-0.23855443372654397,-0.40815046903623314,-0.3131234152081884,-0.4011100372470648,-0.4011100372470648,-0.8214396313104514,-0.8214396313104514,0.3707465731707623,0.5731398087053525,0.4927682934669214,0.7866248777281573,0.7261144219803453,-0.41052516060734795,0.057692712424670944,0.7279023593359338,0.7499696563496885,0.7279023593359338,-0.09326960740602062],[0.993201194282387,0.9847424411223472,0.6036198350337127,0.994618071364936,0.9974542293365953,0.993201194282387,0.9999720270471341,0.9995874353363468,0.9995874353363468,1.0,0.9621919915934545,0.999662808865248,0.9999731862552821,0.9999723184711808,0.9999765100269403,0.7180221349859087,0.6229803162602929,0.11512014339045448,0.9998250245810055,0.9998258593876571,0.9902027543577389,0.9999705171890215,0.08835237883915764,0.7275620905736165,0.9954555232828854,0.9954555232828854,0.9954139135040462,0.9917908840998483,0.07383093431312512,-0.13005418318550868,0.9909587521711202,0.9909186640569314,-0.013468570271676516,-0.2097473302751127,0.9994198778169783,0.9993792628554189,0.8177661768629931,-0.47649077833615805,0.9990487070095163,0.9994260339748781,0.6901987471338974,0.09125417539618152,0.9992891517224018,0.99929441920738,0.9992891517224018,0.9172234473530205,0.6161888550023837,0.9417940294482027,0.9211734186475603,0.7633436460320443,0.022481946926493336,-0.5396364544418046,-0.13149230765358533,0.9290006811234777,0.28070344577920137,0.9653675931388429,0.964896986708034,0.981888177576219,0.9949375867174518,0.8893486810564848,0.882445314784244,0.9026939756660626,0.8875135866905352,0.9010130932276872,0.9015599876188539,0.9010130932276872,0.8242493646670221,0.8563029058757283,0.8576408294607616,0.8563029058757283,0.8817990156324905,0.7973938557446344,0.8676552481163033,0.8687366496705442,0.8676552481163033,0.6368010722269424,0.49164658680890455,0.6112786814532504,-0.615970180874729,0.585512750090718,0.5548838683578851,0.5546446785476612,0.5548838683578851,-0.09305063489912925,0.8599666935998537,0.881058344663304,0.8674886143095332,0.8976325774538755,0.14077432899073294,0.863250317259758,0.8649503138389849,0.863250317259758,0.8688700862715701,0.8688700862715701,-0.1729881175588157,0.6978315098251981,0.04203467655644431,-0.7104986583400623,-0.668377010896996,-0.6696686040973171,-0.1871633391419638,0.07943904018988457,-0.1922684035885533,-0.21562022485569254,-0.6148636140036072,-0.40620225265386595,-0.8644343270328165,-0.5994488974925175,0.08954223231132773,0.0913940165742768,-0.6201300716774036,-0.5817345208463368,-0.5572071756931258,-0.5951612333128568,-0.7984027728637467,-0.6207590438690896,-0.6230707995257606,-0.6207590438690896,-0.2990856912865467,-0.3920291869083636,-0.3920291869083636,-0.7786912531007729,-0.7786912531007729,0.38862220817948223,0.5874553822819485,0.8125700604157552,0.8044812417565849,0.7361829070185639,-0.41732265030021254,0.6383938700346976,0.689734878213647,0.6899131298561847,0.689734878213647,0.1263084035160101],[0.9772626155475668,0.9724029977079347,0.5678301128735085,0.9754886319195192,0.9686927418628232,0.9772626155475668,0.9631642604396223,0.9569271331326192,0.9569271331326192,0.9621919915934545,1.0,0.948898115818951,0.9631832330477962,0.9631487483655179,0.9629196723624448,0.5077566167680191,0.4033539231563033,-0.11114207757843371,0.9672960237870127,0.9672758017334484,0.9632902233048958,0.9632822700010589,0.004351045667630688,0.765867272039571,0.9646721827523295,0.9646721827523295,0.9648365237552406,0.9018607083105125,0.16955571467900765,-0.11623106517673357,0.9696853642621011,0.9697840188460463,0.13657335686171385,0.035900867493186495,0.9706655165096191,0.9708959769263893,0.8905405604144174,-0.3631392694511199,0.956633934562261,0.9699121111963563,0.47398041538608354,-0.13161070955736948,0.9717016889502155,0.9716714684568011,0.9717016889502155,0.8275305091323676,0.41895251394212163,0.8442073530332576,0.9061553795775537,0.8648848546844429,-0.4977961266094618,-0.6744960101300637,-0.21582840332779507,0.895939543305265,-0.02572015527779815,0.923466091483019,0.9235261955648656,0.9408405193086992,0.9680452523067397,0.8911543747069464,0.8926507883659277,0.9062845168004235,0.8940915348842277,0.8996149663197806,0.9001318880037836,0.8996149663197806,0.8514030295038152,0.8315232162963853,0.832978133491662,0.8315232162963853,0.8894980208582651,0.903130963512439,0.8875068352687763,0.8880144098714277,0.8875068352687763,0.7161925429610095,0.6516825711348847,0.717078446678752,-0.2870392255857997,0.7324719780099611,0.7473929799123251,0.7495217517083215,0.7473929799123251,-0.25044288007685656,0.8907135594021472,0.9397231174694842,0.9042373348574851,0.9030393534887581,-0.013662882198111124,0.8848094614887567,0.8856304121363934,0.8848094614887567,0.8923311309078262,0.8923311309078262,0.0420946025095187,0.4130470017828217,-0.12834239305963732,-0.6494450989816152,-0.4355909962784603,-0.43802721312641946,-0.05469988861010229,0.4244730229697418,0.021766222085081943,-0.1782718531889745,-0.5371214961771211,-0.09718973070534132,-0.7932736139803678,-0.26135449436529545,0.29473738312513276,0.29479597826238757,-0.407089412623812,-0.4316867176352817,-0.3718466925674855,-0.3825197322628805,-0.6603099650495289,-0.3915628382992971,-0.39387154000117247,-0.3915628382992971,-0.12178314361990622,-0.43284546903970006,-0.43284546903970006,-0.5399118687412034,-0.5399118687412034,0.5297461472809051,0.6483761970116324,0.7513398321359306,0.6943306260171125,0.8119447102564145,-0.5054567562196178,0.40387764485577776,0.5349629958638591,0.5352855131259101,0.5349629958638591,-0.153558996666278],[0.9870866707944668,0.9859055061199147,0.9951520296479184,0.9902654498823855,0.9964238712221046,0.9870866707944668,0.9996961239501495,0.9988174129027764,0.9988174129027764,0.999662808865248,0.948898115818951,1.0,0.999695876858721,0.9996919718224275,0.9996658835249026,0.26263732261141326,0.16139241524243855,-0.5140044471042466,0.999809467039562,0.9998113338717943,0.9997000206085623,0.9996991023990274,-0.25524218245209324,0.9731864852757874,0.9949100429119538,0.9949100429119538,0.9948914340973468,0.9937192023802273,0.08600125379671587,0.07672236897629611,0.9920192352777424,0.9920661296769085,0.8401723359168458,0.008530337192683955,0.9990877022821864,0.9990458446998107,0.9989275855136217,0.9994129506467988,0.9994530507698116,0.9991262454240416,0.20868632950938762,-0.521989875251982,0.9988781397572584,0.9988851438346658,0.9988781397572584,0.9117926730568563,0.45679337428361755,0.9377055328651932,0.9178797747819785,0.7636123761189351,-0.40504054005196855,-0.599784483707328,0.822698060372059,0.8511999412945348,-0.34191705209578993,0.9349625775224387,0.935164471264816,0.9704323847614185,0.9938200906249942,0.901893449998886,0.9078394970962298,0.8852906572115526,0.8887084634067124,0.8904001940495806,0.8909137583436635,0.8904001940495806,0.7812832796813199,0.7498767027356127,0.7517380576331814,0.7498767027356127,0.9088625625328878,0.9145467753510778,0.9076474368872656,0.9085784606537981,0.9076474368872656,0.534948395374963,0.47682900320789406,0.5722153865672353,0.6609755497328852,0.5643359126780442,0.5927947729556758,0.5947157091025561,0.5927947729556758,-0.3173763562848697,0.8517612712799915,0.8834805532743458,0.8716482609790263,0.908553510895635,-0.3212104385412476,0.847252293684703,0.8474726941559179,0.847252293684703,0.8561201684180395,0.8561201684180395,-0.22486829495279742,0.6911938181156042,-0.38928568046779705,-0.7979136041179613,-0.5324254206656621,-0.5352921147543541,-0.4231215372956981,0.22383089267790224,-0.3011773758038791,-0.5258726045402717,-0.755311493254922,-0.39843969972702725,-0.5919343591238199,-0.4712883153217451,0.08137520846523386,0.07919680718922634,-0.5556260389714086,-0.5271847562312412,-0.5483456768414912,-0.5842104843746769,-0.5777317322522907,-0.5518765472573036,-0.5549487152072059,-0.5518765472573036,-0.43364549427952576,-0.624451616892928,-0.624451616892928,-0.6172348368074333,-0.6172348368074333,0.3847450329586389,0.3385476205146188,0.47345174364793596,0.5757408020251213,0.5254540038115986,-0.5729501845302976,0.31300539020789436,0.2865664849571685,0.28678260686484586,0.2865664849571685,0.24933034654199177],[0.9926540535005669,0.9849008090100667,0.6570366653233055,0.9938490890552915,0.9972642202083055,0.9926540535005669,0.9999967331514619,0.9983325707192028,0.9983325707192028,0.9999731862552821,0.9631832330477962,0.999695876858721,1.0,0.9999909319396277,0.9999952888844971,0.8476915861982487,0.8235860047384261,0.23465353965178765,0.9998684569254189,0.9998688970247531,0.9903181919653892,0.9999974921898073,0.3118324584349466,0.7494109824226071,0.9912990283018441,0.9912990283018441,0.9874406673006173,0.9918706511947579,0.244771248100704,-0.18788200658883145,0.9917366916505371,0.9917025706118149,0.17049945497983124,-0.24897295268739889,0.9993684078323449,0.9994862813620878,0.4527149636064604,-0.3033164579288649,0.9991107284859032,0.9994584873555393,0.8284627003293168,0.21370617464144087,0.9451348832622636,0.9991289399346734,0.9451348832622636,0.9173501771788555,0.6158498104635592,0.9420711643641764,0.9216206611468268,0.7639268532299123,0.41375803901899266,-0.11993336296455652,-0.18751216290380482,0.9326851234305138,0.3355112210942179,0.9688422845239907,0.964929254582895,0.9798617764907809,0.9956579152540306,-0.01522771896255521,0.8815083540543963,0.8437259860715336,0.8863993002424809,0.8386024357334798,0.8035643380857722,0.8386024357334798,0.8242809806171992,0.8086158470466434,0.7980147175137127,0.8086158470466434,0.8803133449992885,0.4163315341495341,0.6142456462468922,0.6711683127765417,0.6142456462468922,0.6369152329370562,-0.33630810714903947,0.6109778134592581,-0.6134703880634776,0.5322389419990564,-0.07831487790291486,0.46563463743059563,-0.07831487790291486,-0.13849762115063052,0.8589914167405128,0.8811778269943334,0.8670877305951812,0.7792518206479214,0.22612987924685596,0.8578874446736078,0.8592506495758526,0.8578874446736078,0.781729457382265,0.781729457382265,-0.1713188230901849,0.6970641865174511,0.23129884998611044,-0.6982780622263755,-0.6346247525649334,-0.6377343058923179,-0.18378217970506366,0.07547306641695686,0.31924235154990727,-0.03163596454323054,-0.5753940315712773,0.04017222800059107,-0.8283414139464323,-0.1912478020201534,0.09011369513804803,0.09200455476446112,-0.6186353807920358,-0.5855408797041257,-0.11170783284714057,-0.5935736041283336,-0.8316985895514002,-0.39701746265406196,-0.23228629768712322,-0.39701746265406196,-0.2967482165931037,-0.38831804757381067,-0.38831804757381067,-0.823736604350073,-0.823736604350073,0.38854815866044795,0.5891736652303368,0.5108827874753946,0.803989154887525,0.7381345649299368,-0.38997350909606404,0.07130659481718273,0.746647060228701,0.7654145180278774,0.746647060228701,-0.11007176994428516],[0.9930365672645535,0.9848253714537406,0.6515022930199384,0.9945119778035924,0.9973382861216721,0.9930365672645535,0.9999874852364027,0.9994337838258363,0.9994337838258363,0.9999723184711808,0.9631487483655179,0.9996919718224275,0.9999909319396277,1.0,0.9999883986035247,0.7796430867331259,0.7015365919010054,0.2364129102717311,0.9998909950925876,0.999891654330036,0.990309203084573,0.9999883832368374,0.3127132550908533,0.7458327220348034,0.994207586020891,0.994207586020891,0.9941737632777705,0.9918140091872139,0.23902887845085283,-0.18822758383861934,0.9921095034651185,0.9921142159810631,0.1932407117152892,-0.24830196271773425,0.9995398232683768,0.999486120096288,0.8534954562092631,-0.39227571261907,0.9991053780968797,0.9994617702520469,0.7588359999417542,0.21549827486470835,0.9994361485980635,0.9994407641670857,0.9994361485980635,0.9172609931375919,0.6159416028955478,0.9418406075092678,0.9213095384895116,0.7630692921792683,0.29462333929561324,-0.28920370642994286,0.11357655232975446,0.9325886129413166,0.3361183679883213,0.9660483397598629,0.9649092654988158,0.9784786307162914,0.99588741087021,0.8960094867208162,0.8808231866668255,0.9077014802157589,0.8863748359975665,0.906562024167043,0.9073402235455199,0.906562024167043,0.8235916023169529,0.875419812854551,0.876752424206701,0.875419812854551,0.8801819657336315,0.7803577869798006,0.8723031170074451,0.873772345074095,0.8723031170074451,0.6358092649580886,0.48923776234609256,0.6098400938220615,-0.6151215344309843,0.5310325638871773,0.5334149257865548,0.5342895216554447,0.5334149257865548,-0.14035086615916723,0.8588905413056622,0.8806143458393175,0.8663767553962313,0.9025842101243591,0.22827189373579487,0.857856393591012,0.8592220340124226,0.857856393591012,0.8673836955095481,0.8673836955095481,-0.17191148084727056,0.696458627069273,0.14188792420886456,-0.6973240949527296,-0.6340864265993129,-0.6371944860676236,-0.1832406894736406,0.07448249020776969,0.0934907194943518,-0.030200290319436045,-0.5741022899273196,-0.1474163380638331,-0.8390507161671495,-0.4091562879130997,0.08961888897788965,0.09150324034020946,-0.618517221136362,-0.5847930965258402,-0.4020530381067369,-0.5932163404941433,-0.8246847738982616,-0.5142646630329536,-0.5101319618852463,-0.5142646630329536,-0.2960945057922684,-0.3884286253505665,-0.3884286253505665,-0.8153704227552946,-0.8153704227552946,0.38698426167947486,0.5890797620260925,0.8203115422974814,0.8075143447145194,0.7383901353610026,-0.38955297586489984,0.700928438345629,0.7346806353238272,0.7347740210947147,0.7346806353238272,-0.07753793866611755],[0.992702299954867,0.9847508867007587,0.6572001814691316,0.9938745994965409,0.9972886225081868,0.992702299954867,0.9999936663989013,0.9991912697832547,0.9991912697832547,0.9999765100269403,0.9629196723624448,0.9996658835249026,0.9999952888844971,0.9999883986035247,1.0,0.8385522276004767,0.7778113799300063,0.2347883820037471,0.9998712373867873,0.9998715602674806,0.9904468831795358,0.9999952361152042,0.31248926055161885,0.7492568098391348,0.9944025730021783,0.9944025730021783,0.9943134697679388,0.991803550316211,0.24504725727449184,-0.18790796237746574,0.99261724507898,0.992659116921864,0.17122691514523872,-0.24880873331979303,0.9994131543450789,0.9994856138878352,0.45177251337489316,-0.30258498108083454,0.9990701508033566,0.9994608543303449,0.8261150133135222,0.21386242606133213,0.9447062547233738,0.999178742220772,0.9447062547233738,0.9175882028365441,0.6164890811341651,0.9422178047903431,0.9217487735315312,0.7636780819772339,0.415062030844899,-0.11846949290403884,-0.18773259613920362,0.9330091452185454,0.33577522909824997,0.9692167487276884,0.9652183571391747,0.9801118363841888,0.995697987354569,-0.016204550795066983,0.8817515465692073,0.8436359860986994,0.8866043803572372,0.8385436640088126,0.8031441263251871,0.8385436640088126,0.8244628510958648,0.8085492077276323,0.7983515696901714,0.8085492077276323,0.880594252783532,0.4156856538875573,0.6137758840727287,0.6711616996270185,0.6137758840727287,0.6367880592579831,-0.33741782551899857,0.6109309267736778,-0.6136591454931922,0.5319075696550322,-0.07926138045431441,0.46530450213859176,-0.07926138045431441,-0.13845780948956965,0.85910981992964,0.8809506452898878,0.8672145141140454,0.7719533833260128,0.2264998656549123,0.8579689149336315,0.8593227405044365,0.8579689149336315,0.7815438958631359,0.7815438958631359,-0.17262453914338874,0.6978378959765142,0.23177754217676944,-0.6982507869796695,-0.6349690632667214,-0.6380832243827766,-0.18481468698264825,0.07435730352878935,0.3195632974429975,-0.03201105085617541,-0.5755747453581082,0.040273953040703206,-0.8276007314214563,-0.191077469559616,0.0892099147800695,0.09110054818957551,-0.6191949577981677,-0.585743174008545,-0.11115324114753565,-0.5946557532509915,-0.8317232531206555,-0.3969551662115754,-0.23175594013678358,-0.3969551662115754,-0.297595499861022,-0.38873623241230304,-0.38873623241230304,-0.8240781802012965,-0.8240781802012965,0.3887384574642421,0.588850812042408,0.5104161925937893,0.8044122161735775,0.7376067973650956,-0.38955559838767256,0.07068590365029448,0.7470549841781372,0.7660195071404061,0.7470549841781372,-0.10980044050794457],[0.7709891657887126,0.15580017983085043,0.414309635677949,0.770246564013538,0.6766574447265237,0.7709891657887126,0.8477162588004833,0.8448344357004367,0.8448344357004367,0.7180221349859087,0.5077566167680191,0.26263732261141326,0.8476915861982487,0.7796430867331259,0.8385522276004767,1.0,0.9931504475879444,0.41930823589532235,0.8193223641270073,0.8192908158952704,0.7505438347811635,0.8374190578652335,0.3321483854140562,0.41421565706384916,0.8307902968267292,0.8307902968267292,0.8168738531808764,-0.13783814482783524,0.19442497618504304,-0.17027051642314037,0.8688083983004686,0.8661728893148415,0.15636107411422265,-0.2328401636446863,0.8437613542434259,0.7410852039947199,0.27227220186676493,-0.31817558628125486,0.2780380571818624,0.7106327411097944,0.9983734406949026,0.40185376360194525,0.7698209423659376,0.8434765354758533,0.7698209423659376,0.23436697110506477,0.5452384130860385,-0.18839343931967384,-0.2091543643641275,0.10690622998693275,0.3996781788915721,-0.059153141323111044,-0.21051836265587023,0.7264560310127905,0.4016372715518892,0.8410065083074904,0.7293427862520587,0.8104376504425133,0.8281518373828313,-0.10201761673069851,0.18516089797090868,0.5986988220550209,0.475400