var correlationAdjClose = {"data": [{"type": "heatmap", "z": [[1.0, 0.9999907904747751, 0.984515760866801, 0.9999215317681113, 0.9988842447323519, 0.9885087804912942, 0.9974974170805921, 0.9952511637738694, 0.9955470586495208, 0.9795802861118296, 0.9920131446197479, 0.9953965286993864, 0.9946073304127167, 0.9953059223434509, 0.9954415676864095, 0.996547267099875, 0.9982506726800132, 0.9960254336916665, 0.9960384007551113, 0.996076904552491, 0.995343778715165, 0.9855275391947853, 0.9691624693251251, 0.9878073260198221, 0.9866419848659912, 0.9808332679128356, 0.9634501235330859, 0.9430192116636058, 0.9942226852344394, 0.9945876246563721, 0.9917807585579809, 0.974768942676531, 0.9974084588829942, 0.9977072610319916, 0.9970845478142012, 0.9954614809015949, 0.9949524862107559, 0.997561029414149, 0.9976197772033659, 0.9987605528793024, 0.9973489097253213, 0.9973605167180016, 0.9765542446782771, 0.9200597911583567, 0.7514728506749562, 0.8993851584304281, 0.9048226459093305, 0.8415481809507376, 0.9676239715169747, 0.9446603753771728, 0.9689046197856906, 0.9657509868084837, 0.9594222329218172, 0.985903612749083, 0.9823627710072398, 0.9840112533563116, 0.9770779005777611, 0.9858955030194906, 0.9832130732012667, 0.9865318246634298, 0.9862943509283919, 0.9640625841271573, 0.9670476416494599, 0.9713275786562173, 0.9709927281807839, 0.9441450707134649, 0.9751758615653554, 0.9736370861839321, 0.9819232242089792, 0.9810419518356647, 0.9354054634979456, 0.858145074111356, 0.8260317293623081, 0.8772086434372408, 0.9043839147443716, 0.8991548234577288, 0.9025449846793617, 0.9011269691045647, 0.6226169311895271, -0.5706007000402674, 0.9765509272775504, 0.9674841345352345, 0.9640823280506229, 0.9848852232232309, 0.9566521251142148, 0.9814365274962252, 0.9813850697555542, 0.944908145872411, 0.9816835079558554, 0.9491279773156296, 0.6295859419873617, 0.8587726350412386, 0.913849508620311, 0.2387311931035329, 0.9195606234363461, 0.9400391202410193, 0.8124270308745016, 0.9569123894835001, 0.8959274851796672, 0.6518938736611112, 0.4371946763447014, 0.8917733367089524, 0.8623807256368816, 0.8882895814728844, 0.9678791290330839, 0.968100413128546, 0.7378493375440887, 0.7029012069513852, 0.8246602606946141, 0.3357303537672607, 0.7945414133330309, 0.8308130686575199, 0.8173823490978052, 0.8153960255072383, 0.7455856403953369, 0.7408341543683524, 0.7207864466639873, -0.2383138200693004, -0.37362139514917675, 0.6319805581090224, 0.8997134679119502, 0.9452258205521658, 0.9494465111705073, 0.9193230295818609, 0.8285081206017544, 0.9168068318410837, 0.9385643138057831, 0.9383955124232491, 0.872995980617838], [0.9999907904747751, 1.0, 0.9822975807660889, 0.9997628505917525, 0.9974809082879613, 0.9904194131224987, 0.9928734670132493, 0.988431949291353, 0.9884650185178381, 0.967096158895786, 0.9909238681298187, 0.9886860111767294, 0.9885001858509893, 0.9885505751249248, 0.9886485158556368, 0.9934642195598002, 0.9953277397139513, 0.9919455964668717, 0.9919461003912196, 0.9885475024497407, 0.9886093729047042, 0.9875780765334627, 0.9606476634656943, 0.9838483841661473, 0.9835169770557488, 0.9806578354648122, 0.9716076694004884, 0.906336327810526, 0.9878294883380664, 0.9838195192380695, 0.9756503976543721, 0.9110456422803028, 0.9945590273435768, 0.99437980266595, 0.994669208269038, 0.9897456665562128, 0.9940776911931974, 0.9946583470317322, 0.9949715896638094, 0.9967919148693253, 0.9946633102452269, 0.994672611950496, 0.985752941808152, 0.9198509401061977, 0.6132103243325289, 0.8991107336116905, 0.9050514251511805, 0.8417132730574536, 0.8760637168850658, 0.9121786556917802, 0.8799652249862683, 0.8978333508519666, 0.8748974635897429, 0.9547637709799384, 0.9546518838253992, 0.9733412576952726, 0.9775000057666442, 0.9712207242215087, 0.9707578816066696, 0.9740033685630246, 0.9739111585660529, 0.9341201154383205, 0.9430205533179002, 0.907140970417508, 0.9070252284083334, 0.7989732227354835, 0.9681796613541749, 0.9705984294981068, 0.9708653472351473, 0.9702423637896973, 0.9291156976213009, 0.6398982338181699, 0.5796449222819566, 0.7370062637984864, 0.8348853866484335, 0.7606367549053541, 0.7997109846962694, 0.7978734378624807, 0.5724845012529207, -0.2767175315228363, 0.9553374577242247, 0.962603377155993, 0.9550150355145975, 0.9742955377403576, 0.9285188986644856, 0.9601551105810407, 0.9591771008449367, 0.8996869730704361, 0.96328360246, 0.9058179365603218, 0.44457634665720847, 0.8577363308717694, 0.8559852643442244, -0.17859653213080054, 0.6360820097060537, 0.7334197596958082, 0.6298805663734489, 0.9545010632238565, 0.6466240256495226, -0.2227191417370219, -0.1129121108170699, 0.614003267121237, 0.6213054595625013, 0.6685117140115161, 0.9561951917273158, 0.9560279287785716, -0.0930649016154974, 0.14139949339855584, -0.026323574333660633, -0.04466924215737496, -0.016997812831558552, -0.0005327018705971058, -0.03199473274127578, -0.0741119991625628, 0.33949333638369056, 0.0827461327200196, 0.03426687197608427, -0.4543544374232209, -0.48714494021569876, 0.632085719915901, 0.744022231563972, 0.7675706856672796, 0.8299161646185647, 0.8240832597885385, 0.5339657876421066, 0.7323457590315879, 0.7643615919100345, 0.7629844121989212, 0.41128653951962885], [0.984515760866801, 0.9822975807660889, 1.0, 0.9859654101625688, 0.9927588844931297, 0.9898847611121723, 0.9906976927377962, 0.9911038474183516, 0.9943726367040869, 0.9544509174061867, 0.9969451750270876, 0.9910029943546688, 0.9929423349436036, 0.9911648562923833, 0.9910787824306326, 0.991678910271666, 0.9896584795672367, 0.9896694076237734, 0.9896342603521453, 0.9929001047693004, 0.9910313733383678, 0.9934088675200655, 0.9789449491472879, 0.9906944451585818, 0.9910996979165917, 0.9792985400478393, 0.9818838859521448, 0.9467140783832287, 0.9732583119563365, 0.9765772650309681, 0.9782356804815822, 0.9500358802116455, 0.9879657549322595, 0.9910875113022484, 0.9893935632341218, 0.9930756022173441, 0.9947095255522476, 0.9921140624012602, 0.9873675391643838, 0.9870006312353227, 0.9882417138098396, 0.9876063508254951, 0.9904925058317686, 0.9203075606758067, 0.6927705596082308, 0.9262703679683301, 0.8975230848031998, 0.7506223888280802, 0.9286133183389348, 0.8998484239402805, 0.9307563852250405, 0.9256641897315209, 0.9166630437157213, 0.9531567190683005, 0.9601864344256266, 0.9304467843350976, 0.9472100125667305, 0.9535071325119744, 0.9590839295279472, 0.9541346759201915, 0.9284213475677612, 0.8956205081619993, 0.925210635550108, 0.9235729663549344, 0.9069610579431754, 0.8609454737475254, 0.9587579048293288, 0.9366747583610064, 0.9542643669897378, 0.9326894187747876, 0.7682793383583233, 0.7970958071514036, 0.7315467254015214, 0.8184110712927591, 0.8637369013729999, 0.8610604055065413, 0.8332149319940806, 0.8468549024770954, 0.2967152336462373, -0.5713392762395192, 0.9451856499304507, 0.9170483696535565, 0.9216949168225003, 0.9309162665325764, 0.9211036190235317, 0.9504539553925859, 0.950063930262541, 0.9104562724928857, 0.9470039425659436, 0.8351324641263883, 0.6004721000597362, 0.9306553066055827, 0.9345725787353241, 0.1653540791819691, 0.9000538510616444, 0.9231161072973424, 0.7977770776938159, 0.9775200210764156, 0.7786990595994366, 0.5601825120005157, 0.3595838935598248, 0.7858108804778215, 0.7875384726212715, 0.7744051722840732, 0.9812594508049778, 0.9813042184733752, 0.6566157134117625, 0.6371288027890034, 0.7132503018914962, 0.2655129003205212, 0.6896168303215466, 0.7119384682016553, 0.7260925864932951, 0.7082116923964541, 0.6986315968932527, 0.6667612009710819, 0.6447521252034236, -0.3131251684182646, -0.44792788224542035, 0.5856993716274322, 0.8595300320078793, 0.8956172127914221, 0.8972269767871324, 0.8924683099029088, 0.7583534372841945, 0.869897123260599, 0.8841477710058494, 0.8929906423391367, 0.7395669477640453], [0.9999215317681113, 0.9997628505917525, 0.9859654101625688, 1.0, 0.9991970043671698, 0.9894476775544798, 0.9978459085020362, 0.9957874873999315, 0.9961786537175701, 0.9792551109558602, 0.9935059054116873, 0.9959147469147868, 0.9953368916993643, 0.995840465408584, 0.9959546552529804, 0.9970722052922183, 0.9985634916511571, 0.9964929774205483, 0.9965031928437018, 0.9966179034439396, 0.995865306226029, 0.986809751841, 0.9704966128949408, 0.9889283108331729, 0.9878749972310513, 0.9833154368482486, 0.9655840658094901, 0.9442170358767236, 0.9937193137114949, 0.9942563677957091, 0.9919115092851385, 0.9744419954462267, 0.9975771831026226, 0.9980250513230257, 0.9974087209639525, 0.9960450339126663, 0.9957951772884599, 0.9979186444809358, 0.9977398751756001, 0.9988626592730498, 0.9975084144460691, 0.9975167184384595, 0.9783928699978574, 0.9156585886008445, 0.745067037327417, 0.9000806239810404, 0.9021022520857829, 0.8309239990712196, 0.9647232335848195, 0.9412108831698538, 0.9658923796545964, 0.9630823337176956, 0.9565647462937215, 0.9838327060184731, 0.9808280244176885, 0.9822000504284363, 0.975258758208404, 0.984277114079697, 0.9823049347079268, 0.9848335532170506, 0.9845918727527547, 0.9500633294728502, 0.9653121202990358, 0.969565350011832, 0.9692310302594994, 0.9372951932980068, 0.974442199979989, 0.9699012873392093, 0.9800884014747839, 0.9791643804971948, 0.9069682282893705, 0.8559550903101768, 0.8211037063924573, 0.8747241476164902, 0.9006953114246429, 0.8982102237548077, 0.8994158049778757, 0.8980657785441235, 0.5170556474185393, -0.5706858873432257, 0.9752699194055036, 0.9651489998999624, 0.961794493287036, 0.9830784791635098, 0.9551186037773755, 0.9802981557451806, 0.9802453792268342, 0.9436810924823055, 0.9798397626752954, 0.9280452891971249, 0.6353323658923322, 0.8677094483475492, 0.918453933925064, 0.23921812639094947, 0.9213245892279045, 0.9415470373363969, 0.812785846843399, 0.9584525478819025, 0.8898009345038632, 0.6487086766097446, 0.4347418537083699, 0.886728465379051, 0.8588519748946783, 0.8829117464391194, 0.9690085897606059, 0.9692384715695197, 0.736945663640493, 0.7032499904846805, 0.8167633505176902, 0.3379048232370609, 0.7889879511092235, 0.822620386797362, 0.8092644922244627, 0.8101542415161034, 0.7485741043622837, 0.74097785073439, 0.7209967689859679, -0.23369655071693163, -0.37286740068027385, 0.6300850194978198, 0.8978436782805093, 0.943502469560328, 0.9477677193554588, 0.9182620658107165, 0.8257325537010969, 0.9148933437249807, 0.9364181502822873, 0.9364054715743442, 0.8653139949887919], [0.9988842447323519, 0.9974809082879613, 0.9927588844931297, 0.9991970043671698, 1.0, 0.9922287665972321, 0.9990381561898507, 0.9982548134071877, 0.9983095359028474, 0.9726499914082822, 0.997575060401974, 0.9983028275006162, 0.99808137921811, 0.9982894406503983, 0.9983553455633518, 0.9986212572975459, 0.9991527220382406, 0.9986866360030039, 0.9986866650869259, 0.998378788075284, 0.9982860651856773, 0.9935581061286505, 0.9780571458669021, 0.9936584014529233, 0.9935831809444416, 0.9871062338291001, 0.979765589889613, 0.9474057503654412, 0.9902576522377831, 0.9925036700958964, 0.9895846949287168, 0.9651594229588042, 0.9989393109597758, 0.9989721650718478, 0.9989626234479653, 0.9984053880266898, 0.9985006088232159, 0.9990630418574279, 0.9991170183930475, 0.9989831966119688, 0.9989231712089023, 0.998923109212433, 0.988861198548225, 0.9253095477787656, 0.720272567864235, 0.9157512841456763, 0.9057555293731563, 0.8116074410040675, 0.9486262524078605, 0.9283455197134153, 0.9524130771424841, 0.9542477251713741, 0.9473902667091898, 0.9797955722937192, 0.9797222728766547, 0.9777952106417073, 0.9687666370922949, 0.9788160793054431, 0.977601665189469, 0.9791315442703679, 0.9788269424929478, 0.9515871253975826, 0.9544379817612508, 0.9497114103774197, 0.9492565820607908, 0.9020563337725787, 0.9711698140210508, 0.96786421674639, 0.9748230455842545, 0.9738151003786765, 0.9298159851699901, 0.8299958227600193, 0.7830903705754022, 0.8558873839069813, 0.9025368688580123, 0.8828374811721073, 0.8918985998294826, 0.8905625689227299, 0.6744413681299148, -0.5936096622530761, 0.9675345023014791, 0.952125252313707, 0.9501907388542953, 0.9789692678279439, 0.9386773626131689, 0.9721581388778404, 0.9716502505959244, 0.9320642748178584, 0.9742615024245497, 0.9363888145882658, 0.6211194571431644, 0.8906263661506049, 0.940052865718855, 0.13910374328477607, 0.8980146369624517, 0.9246521710264566, 0.806242522618225, 0.9645496264298866, 0.8785738869250252, 0.4977770145850578, 0.30376564501839354, 0.8659145379970841, 0.8188348439525002, 0.8676102677535849, 0.9734194857657841, 0.9735960961341504, 0.6891777894082017, 0.6829938050795225, 0.7297093461724076, 0.311579306011355, 0.6690938288580327, 0.7393706444314653, 0.7151910930746933, 0.6948044970386293, 0.7316338104424334, 0.7228536023507356, 0.701871472817617, -0.4586228728413983, -0.534534071416286, 0.6177276112403258, 0.8901600040982937, 0.9272512376033243, 0.9389621816508203, 0.9142914330275786, 0.8011312462225859, 0.8966115293855108, 0.920305658750509, 0.9198213423269154, 0.7984056096174718], [0.9885087804912942, 0.9904194131224987, 0.9898847611121723, 0.9894476775544798, 0.9922287665972321, 1.0, 0.9888003775687162, 0.9887754508942534, 0.988260286262683, 0.9646034057507828, 0.9791278647291727, 0.9887267874820037, 0.9898459847172151, 0.9888354548693813, 0.9889533254335096, 0.9918105195156198, 0.9898479925160384, 0.989660938739732, 0.9896460117353898, 0.9876183488384798, 0.9887703544284695, 0.9961186510660877, 0.9911471092365235, 0.9885237534453849, 0.9883046769843262, 0.9681787774488405, 0.9845641433682855, 0.9657858919167959, 0.9732820556939323, 0.9769908137379838, 0.9851931754907297, 0.9718150921180503, 0.9887710636297863, 0.9889471788813237, 0.9897411983867228, 0.9897043812196127, 0.9818837634078945, 0.989690523386271, 0.9891512594402248, 0.9891634588208439, 0.9888684005344913, 0.9888634005386269, 0.9945527517351462, 0.8793365905559088, 0.725898804717918, 0.8764382189337503, 0.9022371766264294, 0.8361082083145328, 0.9354398271048886, 0.9125348726256018, 0.9372103707747318, 0.9444883140316194, 0.9332499663308754, 0.962711546641516, 0.9672281647617182, 0.9675406366294652, 0.9793107596041397, 0.9686613057853605, 0.9804478630521557, 0.9685760435277238, 0.9680110986877347, 0.9669764286740655, 0.9588098638204732, 0.9429409198643746, 0.9424563732860665, 0.9291632163414154, 0.977601695406993, 0.9699518246233492, 0.9687307779351616, 0.9670484309671451, 0.9482697704965378, 0.8547766316415373, 0.8068646671196683, 0.8753512056279387, 0.894919615261111, 0.9022126888961892, 0.8855483493982175, 0.8834488823570092, 0.6414035624187167, -0.5343303228490176, 0.9741144480353937, 0.9695637287059203, 0.9662575704283283, 0.9686956324316655, 0.9521193689670966, 0.9745013411176683, 0.9741512274149944, 0.953928242646793, 0.964031318849469, 0.9535266852207561, 0.6360919963738795, 0.8300503336193071, 0.9359858722271932, 0.242000274815049, 0.9108414270509505, 0.9294563022274047, 0.8083103960919449, 0.9549027675924071, 0.8470158843886989, 0.5985135808454949, 0.4153137518154158, 0.8444795171236371, 0.8200136448609905, 0.8417992229778188, 0.9572106967773236, 0.957292184187902, 0.7006082196936341, 0.6836639966229487, 0.7615446721716609, 0.3381631978981626, 0.7420249409926721, 0.7697017948273046, 0.7556838972077985, 0.7576225760087735, 0.7364983401370914, 0.7128722039373876, 0.694967070700017, -0.2643073141895019, -0.39123663728358765, 0.6610008415435695, 0.8854776573946123, 0.9035116082580362, 0.9118634361049612, 0.900138652156711, 0.8012996725790849, 0.8724063301834238, 0.8950516493386551, 0.8951096050338385, 0.8395668382142373], [0.9974974170805921, 0.9928734670132493, 0.9906976927377962, 0.9978459085020362, 0.9990381561898507, 0.9888003775687162, 1.0, 0.9971307669506672, 0.9995257271695943, 0.9720224317848125, 0.9994134375688908, 0.9981169383312326, 0.999063580561196, 0.9990117147478375, 0.9987851484487966, 0.9981397975771926, 0.9998583823455202, 0.999248388056559, 0.9992537306273696, 0.9996473483629357, 0.9992161550163647, 0.9906687847396424, 0.9745837442991733, 0.9839861449371466, 0.9924348136465427, 0.9863294018038496, 0.9716489999588331, 0.9427565631000454, 0.9923293249514858, 0.9917419077163222, 0.9929809102912297, 0.9712304256000945, 0.9988190613102507, 0.9998166252786314, 0.9996494426769947, 0.9993891002178342, 0.9996511282282962, 0.9998474660754145, 0.99789389957642, 0.9994834266540853, 0.9992682909169076, 0.9988722671181666, 0.9832243777822345, 0.9309383370433624, 0.7354339967479387, 0.9288226677557909, 0.91610405738539, 0.8026665731182502, 0.9593436017645272, 0.9405504841316786, 0.961356565122225, 0.9584058973124938, 0.9526490025654782, 0.981896014377312, 0.9799874657876761, 0.9399298424016912, 0.9545976096878876, 0.9684866531754686, 0.9687184433407144, 0.9703307127522012, 0.9402091852208855, 0.8890191617653747, 0.9442764685204414, 0.9546973145357794, 0.9315187757861437, 0.8751390109258832, 0.9599411942244709, 0.9292951801427105, 0.9619814434376589, 0.9402093764077187, 0.7321683397520589, 0.8246088193601736, 0.7541332821347094, 0.8420359158782564, 0.8703112396710191, 0.8740160320230768, 0.8538386425116159, 0.8662528480446872, 0.2517660240891846, -0.6057737387303042, 0.9577226234242185, 0.9349621650606592, 0.9352697510876428, 0.9423441819887556, 0.9374996200106629, 0.9658426342705397, 0.9658955656885503, 0.9224346253898741, 0.9619955056621317, 0.819316431288872, 0.6165561252211519, 0.891340755571013, 0.9183269594034633, 0.21680623753556424, 0.9185947445967735, 0.9400358536186882, 0.8067803334339203, 0.9641973155650703, 0.8310676672716015, 0.6361522032105559, 0.4182372351191819, 0.8433268866611163, 0.837038689355654, 0.8290436516938628, 0.9735829921178569, 0.9738244594905453, 0.7225533399996578, 0.6792109149462872, 0.7824255586320101, 0.30664494236171497, 0.7655757809347462, 0.792575769506852, 0.7833976850234032, 0.7888194019510721, 0.7271472749872899, 0.727412761884024, 0.7055925499622123, -0.2528420217813664, -0.3991971163814262, 0.6366535337607848, 0.8914583838386667, 0.9301505653559329, 0.9455274958772412, 0.9174286281326838, 0.8236161431716077, 0.9142757600553496, 0.9361160836157163, 0.9355191605452678, 0.7746169540680047], [0.9952511637738694, 0.988431949291353, 0.9911038474183516, 0.9957874873999315, 0.9982548134071877, 0.9887754508942534, 0.9971307669506672, 1.0, 0.999984216644467, 0.9659751732468913, 0.9996390505213201, 0.9999968733258932, 0.9996597414746837, 0.999997835085377, 0.999981563425259, 0.996447659810051, 0.9990823728024495, 0.9998867762723065, 0.9998862857253333, 0.9999562619900275, 0.9999943840030154, 0.9908390801035941, 0.9755338057454424, 0.9916945181033858, 0.9929365331417335, 0.9832435738809587, 0.9738095617964885, 0.9412918710343684, 0.9886280507903713, 0.994247598747365, 0.991608906463143, 0.9678011284571808, 0.9994268267044799, 0.9994865334258364, 0.9996103879580217, 0.9996831563366145, 0.9987565072237822, 0.9994013436098984, 0.9991084059026579, 0.9981233626403482, 0.9994964709631323, 0.9993576520318098, 0.9846440774143413, 0.9313092266626934, 0.7221953533402196, 0.9353532816793766, 0.9135343529037566, 0.7807271785210204, 0.9578651813441117, 0.9355910349984914, 0.9594532711191813, 0.9519343040043927, 0.9461436519012485, 0.9799255171290848, 0.9767225120970268, 0.934069221492187, 0.9483623796534275, 0.9603877361797003, 0.964518581274248, 0.9627437052657563, 0.9381961392261682, 0.877797848343652, 0.9379119661395475, 0.9465992956684929, 0.925332326199024, 0.8594080916612121, 0.9561627053394866, 0.9216065918576525, 0.9551902312845506, 0.9347369355254977, 0.7149995251211206, 0.8141456516138225, 0.7490162872837266, 0.8315359413030885, 0.861071670937246, 0.8676682908396074, 0.8484666274905094, 0.857827682533034, 0.23044375738170453, -0.611851054890928, 0.9520127890109564, 0.9245932884756698, 0.9265225866890898, 0.9400698544527661, 0.9299273475393836, 0.9603014744600674, 0.9603539854842909, 0.9148437275400195, 0.9533807032725597, 0.8037380156841704, 0.6115518362096483, 0.9129958695123633, 0.9311379483580063, 0.20386859986659644, 0.9177900762094751, 0.9395529921834429, 0.8039418620127843, 0.969036436756014, 0.835064632398878, 0.6219320883473377, 0.4045453846429344, 0.8448003672484755, 0.8340184181850852, 0.8326774693417855, 0.9766870157998572, 0.976933576989753, 0.7122705030845846, 0.6699882670069345, 0.7845824924529538, 0.2912991845314025, 0.7603983850503299, 0.7883254860218761, 0.7848692554409553, 0.7833365522059934, 0.719532211335598, 0.7208589546418057, 0.698333224439021, -0.2702644967088286, -0.4156827334787683, 0.6174606642106248, 0.8827627773485197, 0.9279589844487169, 0.9377949938994934, 0.9109318907128242, 0.8119893053472746, 0.907750043678246, 0.9297929055950722, 0.9294576288098119, 0.7540215179139735], [0.9955470586495208, 0.9884650185178381, 0.9943726367040869, 0.9961786537175701, 0.9983095359028474, 0.988260286262683, 0.9995257271695943, 0.999984216644467, 1.0, 0.9652815328038507, 0.999637002982961, 0.999981427487739, 0.9998343247641902, 0.9999899012966357, 0.9999962489545814, 0.9989824641567838, 0.9990542570247086, 0.9998220814147736, 0.9998210372517723, 0.9999666624563212, 0.9999822401689783, 0.9937097676315622, 0.9766623610291598, 0.9949772630494399, 0.9951298339296968, 0.9832032618641394, 0.9779775817229691, 0.9422541615651584, 0.9891809572099219, 0.9933009318051426, 0.9886087470196997, 0.9631744516967637, 0.9993455090988688, 0.9994269171026898, 0.9994265488992928, 0.9998360593034565, 0.9987677484422278, 0.9993914909396913, 0.9993305117781769, 0.9981138966464822, 0.9993391365443473, 0.9993331998819598, 0.9890025056823992, 0.9314724784774636, 0.7230094594879063, 0.9352999717882305, 0.9135515661231947, 0.7809752806283657, 0.9451138846107872, 0.9233997510092989, 0.9484297487992338, 0.9493372009199512, 0.9434361397985758, 0.9773463614850629, 0.9768400009048674, 0.9663182362627663, 0.9487424686148597, 0.9672574446425252, 0.9645685945854405, 0.9676747716837697, 0.9673227920979138, 0.9378146295240496, 0.9371481340774768, 0.9383641624187358, 0.9379368614011031, 0.8893426157070352, 0.9564928628017157, 0.9575230714133582, 0.9638576255776243, 0.962622215038109, 0.9156960117346639, 0.8134061219153322, 0.7603811418374948, 0.8306205365775812, 0.8824738873389595, 0.8657728639476922, 0.8735728181828626, 0.8725009075961352, 0.618296448878599, -0.6281756491125339, 0.9519089185946998, 0.9246090603163499, 0.9266165693783686, 0.9677393734032314, 0.9220894207178344, 0.9597772445026308, 0.9592371051240315, 0.9156369243587674, 0.9621484774498412, 0.9202914397098196, 0.6097400964790081, 0.9124397303978723, 0.9454592420591974, 0.14770075429869028, 0.903762112879963, 0.929670012570241, 0.8030290840206483, 0.9676961812546104, 0.885324120129882, 0.5267453551981134, 0.3284557573951092, 0.8732510648137904, 0.8270585961260326, 0.8755182681704706, 0.9765998089333336, 0.9768774258086292, 0.7101729071349179, 0.6670495827425441, 0.7464494478866501, 0.289007749440895, 0.6874054739496559, 0.7553407078165633, 0.7330695857842944, 0.7136401451822943, 0.7168517896467803, 0.7176198723960293, 0.6950468630894735, -0.5085010433868145, -0.5857939623889893, 0.6172339594824466, 0.8816580369486346, 0.9266548989022257, 0.9392620169033887, 0.9099696491749755, 0.8069465559994501, 0.8968019019723327, 0.9197696875881215, 0.91920525298378, 0.8078348202173741], [0.9795802861118296, 0.967096158895786, 0.9544509174061867, 0.9792551109558602, 0.9726499914082822, 0.9646034057507828, 0.9720224317848125, 0.9659751732468913, 0.9652815328038507, 1.0, 0.9509882331048669, 0.9663732434327014, 0.9652828220712589, 0.9660992591831226, 0.9656487056811038, 0.9670798929436213, 0.9758368554898202, 0.9705707835957215, 0.9705831302839772, 0.9661517100207184, 0.9662266498142605, 0.9658070129975694, 0.9529403619092197, 0.9730055462433408, 0.9708686568442579, 0.892316468398688, 0.9693772316270727, 0.9514212577310452, 0.9759718227142485, 0.9700916608358565, 0.9701094870231702, 0.9356174603077252, 0.9744062662024018, 0.9739689917759685, 0.9744410034079554, 0.9665424976753327, 0.958884191112313, 0.973421758547048, 0.9742268708449827, 0.9784525739047928, 0.9745945619921125, 0.9746128410117725, 0.955919221655855, 0.8449097427974367, 0.5426291494215559, 0.7933780642649796, 0.8918857875288858, 0.8754335267177371, 0.9022655338174034, 0.829022539158284, 0.9067652327139557, 0.9162384952473994, 0.9038670704208723, 0.9331019158693155, 0.9329555624111315, 0.9440004648159925, 0.9356054048970889, 0.9544904696110751, 0.9480616811715146, 0.9528262225755151, 0.9528448614846501, 0.9122074539010021, 0.952988235024257, 0.9379414487064803, 0.9376419338390074, 0.8588478714199608, 0.9355948366455467, 0.9435516963534037, 0.9369408590075591, 0.9358788312784082, 0.8863566604039304, 0.8212416251900125, 0.7776821919197454, 0.8644950847841695, 0.9159526465995689, 0.8877712251435333, 0.90191159639091, 0.901181708323508, 0.7131095696971466, -0.31500902129614977, 0.9532199983989802, 0.9538021918415509, 0.9461755694442525, 0.9457989408474081, 0.9101772758515292, 0.9544863845262969, 0.9544137174498195, 0.9017831402832069, 0.9564796495307208, 0.9067899032151094, 0.7142236273615112, 0.6876446381143315, 0.8658095682610618, 0.14412493945943133, 0.8539183676902801, 0.8905968818058191, 0.874874948034776, 0.9498740489783757, 0.9059212199411033, 0.42160723570357017, 0.36396490248662244, 0.8982841870938755, 0.8744923985139483, 0.90480218234907, 0.950140823975317, 0.9504817855817735, 0.5408210846028979, 0.7056607736805043, 0.6108326361557056, 0.4866611338929095, 0.5755741001744612, 0.6314846949976926, 0.5923263698675659, 0.5672926976389593, 0.808121075324526, 0.6853540052201706, 0.6500340365006838, -0.2820891785806516, -0.3306301278927008, 0.7515331129141278, 0.9173802201720457, 0.9238966441916049, 0.9118299143470647, 0.9423917678504335, 0.6615442689243644, 0.8436932443838396, 0.9101886720762925, 0.909334423994348, 0.6920668564782645], [0.9920131446197479, 0.9909238681298187, 0.9969451750270876, 0.9935059054116873, 0.997575060401974, 0.9791278647291727, 0.9994134375688908, 0.9996390505213201, 0.999637002982961, 0.9509882331048669, 1.0, 0.9996681541420789, 0.9996456164532337, 0.9996537575581387, 0.9996600594700513, 0.9994090182121208, 0.9986688409814655, 0.9999542996423906, 0.9999537383674859, 0.9996527240323095, 0.9996611147014832, 0.9898612682844592, 0.9565230600364137, 0.9909784259709833, 0.9921409952423118, 0.9878342491843629, 0.9695626744861356, 0.8929443035524004, 0.9884914647152864, 0.9922845212242327, 0.972115954998919, 0.8953846454181208, 0.9991392632398042, 0.9992093138034578, 0.9991370867243181, 0.9994494395528187, 0.9993920843231603, 0.9991602791164033, 0.9990196545768103, 0.996921776061428, 0.9991092482846208, 0.9991044003832028, 0.9894839725918244, 0.9253890560553406, 0.5739425155900407, 0.9306010086751473, 0.9126849780711991, 0.7853711066854854, 0.8591325616550539, 0.8918721236954507, 0.8646893569916693, 0.8755024500964051, 0.8560473140974172, 0.9503911313614939, 0.950308459122753, 0.9491494957637511, 0.9515831263939035, 0.9407233083355295, 0.9427912589283864, 0.9452965406939142, 0.9450923408790924, 0.8939821967665526, 0.9056868421919758, 0.8625460288652788, 0.8623478608498409, 0.7384461211480524, 0.9450868648306253, 0.9486208138629252, 0.9488043372573525, 0.948078687023759, 0.8951329707651339, 0.5868864765064785, 0.5226383170645305, 0.6839608395406532, 0.7896219649437789, 0.7137139706110056, 0.7539944981038632, 0.752773137344626, 0.5125574256437265, -0.40163075979265866, 0.9182517009573895, 0.9286840194528012, 0.917901373940604, 0.9506664259632204, 0.8839456467418306, 0.9244209337998256, 0.9231262687172399, 0.8519666115730674, 0.9289251415412483, 0.8598190779879297, 0.49663795939806926, 0.9087185913932881, 0.9041379518118924, -0.16446586832176255, 0.6764428903877377, 0.7642561564892651, 0.6432119811704098, 0.9699815340311488, 0.6586757434763026, -0.16791841961787782, -0.08663616809469889, 0.6309305511459579, 0.6354650602343673, 0.6778318849384296, 0.9712872729120448, 0.9713416729451133, -0.031180529967904463, 0.1946504359803336, 0.03820246800204842, 0.01793566069559342, 0.04443090521174101, 0.06360638267210303, 0.030872854529712408, -0.0176195450704087, 0.39265486483996137, 0.12623791340585924, 0.0744207266578174, -0.523934291863026, -0.5563261628193792, 0.6173247265498983, 0.7368016788805508, 0.7609135650891795, 0.8257642930871861, 0.8229898035861127, 0.5136097874351264, 0.722271896566848, 0.7575376209752855, 0.7562476574395421, 0.4018065015616964], [0.9953965286993864, 0.9886860111767294, 0.9910029943546688, 0.9959147469147868, 0.9983028275006162, 0.9887267874820037, 0.9981169383312326, 0.9999968733258932, 0.999981427487739, 0.9663732434327014, 0.9996681541420789, 1.0, 0.9996449100529101, 0.9999976451910108, 0.9999843396843411, 0.9970874238891767, 0.9991437532176881, 0.999898241192689, 0.9998979284142733, 0.9999641183630801, 0.9999948529008822, 0.9907538609002027, 0.9754175288375442, 0.9923482427448957, 0.9929006924546171, 0.9834527746828211, 0.973650266682137, 0.9413245349637354, 0.9895123098596149, 0.9943013179185325, 0.9916808848246391, 0.9679465630066941, 0.9994690624700682, 0.9995307164230539, 0.9996439396102488, 0.999685257410336, 0.9988482787097063, 0.9994473781058146, 0.9991473204894362, 0.9982163879539709, 0.9995400273252941, 0.9994008628839705, 0.9844583394208948, 0.9315959097476582, 0.7229072625885995, 0.9352845191861967, 0.9138133135035122, 0.7819244737721117, 0.9581857318894298, 0.9360052551751452, 0.959782233519708, 0.9523062957674961, 0.9465385031548542, 0.9801624109106852, 0.9769072404909099, 0.9344104780375707, 0.9485985357293292, 0.9607262069540005, 0.9646974765225819, 0.9630741737554247, 0.9384763517200821, 0.8780478576640617, 0.9382423873379848, 0.9470518725790609, 0.9257896797010744, 0.859904958895989, 0.9562861636224177, 0.9218680616197961, 0.9554530113754108, 0.93505746605443, 0.7151804986680613, 0.8146903298935697, 0.7496003616509843, 0.8320703589197921, 0.8614740568419975, 0.8679865954643273, 0.8489225698122583, 0.8583076437943036, 0.23084769495252555, -0.6117140541497483, 0.952277100068807, 0.9250729048664154, 0.9269120972152326, 0.9403333622388016, 0.9302601127684338, 0.9605663717097758, 0.9606192884928427, 0.9151241347435124, 0.9537445971125825, 0.8040578137759679, 0.6117920972459366, 0.9120166474662538, 0.930588388742319, 0.20448750920517733, 0.9178539839201074, 0.9396132751305457, 0.80424333501394, 0.9688628797952655, 0.8355005074961296, 0.6229314603984435, 0.4054417602910946, 0.8452604036652902, 0.8345526718974223, 0.8330985371736978, 0.9766008330467583, 0.976847176899022, 0.7129384333419164, 0.6706269429307467, 0.7851485339945178, 0.2922040406057663, 0.7610854400376601, 0.7889956999532346, 0.7854368604266396, 0.7840368790451387, 0.7199559647139326, 0.7213206452475618, 0.6988249806262495, -0.26921097205907824, -0.41472613436194977, 0.6180925068114497, 0.8832791648498594, 0.9283638650144515, 0.9382914286058824, 0.9113809617034404, 0.812539503002367, 0.9082906898456344, 0.9303213901635835, 0.929972423320562, 0.7546902840454393], [0.9946073304127167, 0.9885001858509893, 0.9929423349436036, 0.9953368916993643, 0.99808137921811, 0.9898459847172151, 0.999063580561196, 0.9996597414746837, 0.9998343247641902, 0.9652828220712589, 0.9996456164532337, 0.9996449100529101, 1.0, 0.9996815088256306, 0.9996666334381871, 0.9991061586731864, 0.9986115922286207, 0.9994667367342528, 0.9994596037824843, 0.9996616149346339, 0.999635838253761, 0.9927477514393585, 0.9770210007418206, 0.9957057927320807, 0.9955958741118626, 0.9832821311233738, 0.9764669855688467, 0.9438279566217855, 0.9886646408394935, 0.9922882274918059, 0.9907509311634749, 0.9655213842632381, 0.9987578378273605, 0.9990657898573228, 0.9992616769486159, 0.9999208185146801, 0.9987930535391492, 0.9990330575064115, 0.9985853102591887, 0.9974293748285392, 0.9987490846506927, 0.9986742707497732, 0.9884149875695155, 0.9315597929361747, 0.7187907288146154, 0.935405167076312, 0.9137121579269104, 0.781203194270782, 0.9537923660246691, 0.928997884883696, 0.9547647636025429, 0.9488463650526815, 0.9425031027942544, 0.9766054178950891, 0.9748022177132225, 0.9579534696486763, 0.9482595662675974, 0.9609952236665026, 0.9639071627596242, 0.9628785032279737, 0.9621790146607472, 0.8821336260143308, 0.9351646037077558, 0.9453729453495205, 0.9450909161788742, 0.857958848632995, 0.9565768908764501, 0.9337362664496662, 0.9573424395574942, 0.9559471513043803, 0.7195802717316203, 0.811531631133604, 0.7742775001235783, 0.8295800469740926, 0.8629211336218885, 0.8670187623920497, 0.8570518415020228, 0.8573139476426369, 0.21507974776482844, -0.6062528345943207, 0.9513086025117179, 0.9247433392873928, 0.9257773015336757, 0.9608459898623625, 0.9294138960715863, 0.9592812157106076, 0.959287072177631, 0.9147679959467457, 0.9540696248731076, 0.8108105001690518, 0.612253193822971, 0.9125798657110962, 0.9312164940064745, 0.1998599495533698, 0.9158303515913278, 0.937916309570367, 0.805217477810974, 0.9715684597785325, 0.8293572878291372, 0.6147316149389163, 0.3999709346881087, 0.8363976749163404, 0.829194609911721, 0.8249064791620566, 0.9785471232648493, 0.9787512921708154, 0.7036672463808286, 0.6651001145210441, 0.7639302585564318, 0.291899137273507, 0.7510308157464255, 0.7776158376734134, 0.7542421510497485, 0.7729219804530365, 0.71760846629078, 0.7110159169529505, 0.6887826056218964, -0.27599047845591435, -0.4199015865325486, 0.6176582658289722, 0.8810425509256092, 0.9297994135437739, 0.933753015334374, 0.9105538478219516, 0.8046472903094278, 0.9019176436312839, 0.9232419611042061, 0.9235595140879634, 0.7486320731044959], [0.9953059223434509, 0.9885505751249248, 0.9911648562923833, 0.995840465408584, 0.9982894406503983, 0.9888354548693813, 0.9990117147478375, 0.999997835085377, 0.9999899012966357, 0.9660992591831226, 0.9996537575581387, 0.9999976451910108, 0.9996815088256306, 1.0, 0.9999884485817347, 0.998629626834226, 0.9991031155204256, 0.9998904096983249, 0.9998896019486236, 0.9999582827802703, 0.9999922424194758, 0.9908782373684769, 0.9755874857111326, 0.994199480183875, 0.9940464698879857, 0.9833661371055042, 0.9738533921156216, 0.941475199035752, 0.9919856422167219, 0.9946166861502516, 0.9915520580544906, 0.9676996079029849, 0.9994428935629771, 0.999491493742079, 0.9996205946316835, 0.9997019924274775, 0.9987994161392656, 0.9994124733950801, 0.9991751960408746, 0.9981463940079951, 0.9995102283962145, 0.9993746228243711, 0.9846253841358571, 0.9314152205304105, 0.722283652047779, 0.9353757772589409, 0.9137408474023196, 0.7812972864667483, 0.9579747480693981, 0.9357673486521452, 0.9595994243520392, 0.9519024400914553, 0.9460869787497195, 0.9799745862610689, 0.9766859792640424, 0.9344272274007347, 0.9484913587942274, 0.9605868217071061, 0.9645873073428314, 0.9629260633524982, 0.9379018543567273, 0.8780384020266127, 0.937755552796912, 0.9466764340905962, 0.925590762476659, 0.8595460997152913, 0.9563274489993041, 0.9220262383732808, 0.9554348056885454, 0.9351127118073805, 0.7153971172195266, 0.8140888718871792, 0.7493246178558999, 0.8315251820751524, 0.8612640405883095, 0.8676374695091785, 0.8486442609726897, 0.8580224844131569, 0.23081344257216288, -0.6115554270363442, 0.9520799621321488, 0.9248193039411149, 0.9267083245823732, 0.9381068965656186, 0.9301389586087759, 0.9603781455033107, 0.9604272966065998, 0.9150220957562413, 0.9535799498996637, 0.8040388187015771, 0.6116026491498708, 0.912528790277331, 0.930983030700307, 0.20386837174663902, 0.9176563787017071, 0.939448853340262, 0.803947481282285, 0.9690535654871782, 0.8351307413924687, 0.621813267425377, 0.4044628839617273, 0.844850776010484, 0.834189146459778, 0.8327368561450793, 0.9767396810974199, 0.9769824035829462, 0.7118164384390787, 0.669579698157555, 0.7845907950748651, 0.2916202657204028, 0.7603966052365665, 0.7882666389316098, 0.7850698708419034, 0.7832532279865424, 0.7194319148615836, 0.72002754445266, 0.6975376885309265, -0.2700514371083671, -0.4154656268862034, 0.6178230546942077, 0.8826950848485395, 0.9281219797356822, 0.9378771989562656, 0.9110000026216575, 0.8118058199802518, 0.9080031404741392, 0.929870546199268, 0.9296532502142075, 0.7541585019006373], [0.9954415676864095, 0.9886485158556368, 0.9910787824306326, 0.9959546552529804, 0.9983553455633518, 0.9889533254335096, 0.9987851484487966, 0.999981563425259, 0.9999962489545814, 0.9656487056811038, 0.9996600594700513, 0.9999843396843411, 0.9996666334381871, 0.9999884485817347, 1.0, 0.9986295503737915, 0.9991409425554073, 0.999886525719604, 0.9998866887970077, 0.9999567217835176, 0.9999776496293995, 0.9907948246347626, 0.9755913677982294, 0.9926716967095646, 0.9927056377415426, 0.9834275381612532, 0.9735838611451978, 0.9413928042543215, 0.9920304528339092, 0.9942117934072237, 0.9913916133116054, 0.9675574387766321, 0.9994825159282643, 0.9994758899388723, 0.999605803357951, 0.9996923248300129, 0.9988184516248894, 0.9994165599587076, 0.9992053894619334, 0.9982034318969731, 0.9995414467168638, 0.9994200546319842, 0.9844208973776062, 0.9313643183294068, 0.7229567961058926, 0.9351183393743104, 0.9136258403175764, 0.7816208880751326, 0.9585596461715759, 0.9368248934132014, 0.9602376171257075, 0.9520649655011797, 0.9462613376873812, 0.9804518066924637, 0.9768539984257252, 0.935219269707309, 0.9488999929838554, 0.960976307097828, 0.9647472771968602, 0.963324498246692, 0.9392313103254522, 0.8781688104499935, 0.9373233832191398, 0.9469783133238299, 0.9263340087990922, 0.8594078280122405, 0.9567192233739247, 0.9226466046542061, 0.9559531476144332, 0.9360297435497918, 0.7150958610628237, 0.8137142263798144, 0.7502681507307106, 0.8309126690789156, 0.8611998738669161, 0.8670744461375477, 0.8490874574892125, 0.8584245176027716, 0.2300658276497801, -0.6112857396265675, 0.9521107357387282, 0.9250327898262787, 0.9269531345168786, 0.941149314867638, 0.9306511559227614, 0.9605151701254303, 0.9606319569524602, 0.9153604099892785, 0.9539251018410597, 0.8039197959686779, 0.6103695514509283, 0.9120068416110794, 0.9306346421385168, 0.2024225822273797, 0.9172029708362704, 0.938949164703617, 0.8030562386753601, 0.9686686413449646, 0.8361020243782453, 0.6215317246883204, 0.4035401547027436, 0.8453593385096364, 0.8345851834674938, 0.833462455918197, 0.9765071385788404, 0.9767848492016776, 0.7105042425321868, 0.6674064722066573, 0.7856941127478938, 0.2900150029037901, 0.76064630968456, 0.788664823404879, 0.7862925786444303, 0.7834791766578291, 0.7177031412137564, 0.7178105130719619, 0.6952870174122774, -0.2692309509398479, -0.4147221718547049, 0.6173950371945343, 0.8818471501140671, 0.9287198040697882, 0.9383832173898924, 0.9102713091222333, 0.8119473878384506, 0.9090357273143468, 0.9304618172518211, 0.9303521300332181, 0.7540356935824363], [0.996547267099875, 0.9934642195598002, 0.991678910271666, 0.9970722052922183, 0.9986212572975459, 0.9918105195156198, 0.9981397975771926, 0.996447659810051, 0.9989824641567838, 0.9670798929436213, 0.9994090182121208, 0.9970874238891767, 0.9991061586731864, 0.998629626834226, 0.9986295503737915, 1.0, 0.9988432841070135, 0.9989776993548568, 0.9989750778495813, 0.9987954918895123, 0.998522747829071, 0.9922940595613174, 0.9782523098955854, 0.9836160946862232, 0.9900291127944718, 0.989104916659782, 0.9756245966798961, 0.948697278154613, 0.9930596710831798, 0.992996075480081, 0.9904184966228984, 0.9676310477695308, 0.9987917533843512, 0.9987261245213106, 0.9989443876878918, 0.9986475902718461, 0.9993845418645794, 0.9988681164633021, 0.9989116980189053, 0.9980482204487646, 0.9986761066100461, 0.9987424397421087, 0.9834140642852136, 0.9247583060150677, 0.7281574130851718, 0.9286540395672034, 0.916167176603777, 0.7986883059900132, 0.9617115179948544, 0.9406851870857034, 0.9637705264566968, 0.9518737019069726, 0.9446917775014404, 0.9809226400694276, 0.9762259697405656, 0.9475337105613554, 0.9578991884772002, 0.9676937536842299, 0.9691973766641527, 0.9691962583106504, 0.9505071834131447, 0.8898442775508949, 0.9410748188429264, 0.9516879278714458, 0.936978765200615, 0.8700421215830471, 0.9629559458247255, 0.9358546943925384, 0.9633543807332603, 0.9483511222043367, 0.732502762807324, 0.8212289781697618, 0.7674828727099108, 0.839629570340106, 0.8733984197915097, 0.8740559006822132, 0.8597553868166571, 0.8693633057516487, 0.255