var config = { responsive: true }

var correlationAdjClose = {"data": [{"type": "heatmap", "z": [[1.0, 0.9999904953881449, 0.9843382912726514, 0.9999210212160992, 0.9988618289836884, 0.9887157625252779, 0.9974515854250791, 0.9951619731083251, 0.995459506052512, 0.9795000025643427, 0.9917684177910016, 0.9953098535744743, 0.9945092373589309, 0.9952177857977411, 0.9953636220596298, 0.9964989492280255, 0.9982349936815312, 0.9959511233025501, 0.995970594052452, 0.995995639947152, 0.9952636640972622, 0.9853385286746233, 0.968689099736976, 0.9875843138379856, 0.9864029791852561, 0.9798965724192586, 0.9628761267661078, 0.9418227116010364, 0.9943254328407809, 0.9946139897010491, 0.9916975478538608, 0.9744719788932614, 0.9973623663667207, 0.9976669289062534, 0.997030264411636, 0.9953761701244996, 0.9948306656382817, 0.9975170810966886, 0.9975797818141604, 0.9986962538138786, 0.9973013246280433, 0.9973172095362645, 0.976434931875427, 0.921358185297085, 0.7537604437825595, 0.8969924964000343, 0.903776938862578, 0.8418260740737584, 0.9683621147015848, 0.9443775012989708, 0.969592064288025, 0.9660861952369665, 0.9602291100411549, 0.9859979326187768, 0.9823758295718856, 0.9837120037792524, 0.9764797012614875, 0.9856307099743835, 0.9828763846877573, 0.9862777792654753, 0.9860579139195065, 0.9637522365582687, 0.9663055794528864, 0.9710787679892953, 0.9707483369433093, 0.9432278032980831, 0.9747540646877848, 0.9732932284689961, 0.9816288273934224, 0.9807714322999472, 0.9348820182790745, 0.8558009312275935, 0.8236119145980143, 0.8746336034514306, 0.9026732020346172, 0.8971772947328822, 0.9009506441764321, 0.899666983648395, 0.6164719561749118, -0.5699691881390885, 0.9760164234986143, 0.96645387396431, 0.9631178964112268, 0.984628507496349, 0.9416252383904274, 0.9810462331413092, 0.981028162970696, 0.9439820475573514, 0.9813358079291298, 0.9483769051233718, 0.6197929401942387, 0.8518659716553361, 0.9124979752563565, 0.2783504980973888, 0.9180104104903712, 0.9387905486876588, 0.8103997741571406, 0.9559764689177646, 0.8961022628093968, 0.6580778624374841, 0.524225014423358, 0.891840834761733, 0.8619550775340555, 0.8882173178055276, 0.9671199034219442, 0.9674062480160011, 0.7377347954582368, 0.7010794161412084, 0.8255259664377103, 0.3322131919006992, 0.79459795545659, 0.8315494310887741, 0.8179695907639398, 0.8161293602208618, 0.7417659999946576, 0.7398737947176212, 0.7196361908909629, -0.2352042478381566, -0.3698343765370778, 0.6268213287227193, 0.9002433583738667, 0.9459728611590259, 0.9500209180665365, 0.9197561444063783, 0.8284334117412044, 0.9175153041165687, 0.9393718899159836, 0.939099606416073, 0.87396040362567], [0.9999904953881449, 1.0, 0.9816622802955814, 0.9997559057913656, 0.9973907294434204, 0.9903346552629124, 0.9926839416479437, 0.9880664549826661, 0.9881073248880063, 0.966350041475238, 0.9906319396942256, 0.988332851285429, 0.9881391992710666, 0.9881908655485282, 0.9882892757639952, 0.9932565590103986, 0.9952855915810177, 0.9916900832415427, 0.991689910892311, 0.988185573417764, 0.9882485980980275, 0.9871565514303289, 0.9593436536286291, 0.9833421601702264, 0.9829801215393879, 0.9798011691346548, 0.9706456984672402, 0.903864316232818, 0.9877008355293762, 0.9835060638902624, 0.9751877146252065, 0.9090363517375283, 0.9944349988098106, 0.9942487507262646, 0.9945416070011489, 0.9894628853658486, 0.9939251075201827, 0.9945280783924025, 0.9948499259622967, 0.9965361592961665, 0.9945403810876682, 0.9945487797030117, 0.9852536100468154, 0.9210347087075871, 0.6209038240962188, 0.896858169524553, 0.9040498005292914, 0.8420026391618433, 0.8782340739926969, 0.9116689031136166, 0.882182170432389, 0.8984464948342468, 0.8770118707384794, 0.9548276117826892, 0.9547067495438298, 0.9724309449903615, 0.976774560144994, 0.9702431608726465, 0.969765639665493, 0.9731296185787982, 0.9730842467087174, 0.9320990767973828, 0.9410154230760702, 0.9040761522631271, 0.9038992935302625, 0.7924213787451703, 0.9671517297596254, 0.9696559973119396, 0.9699291069315046, 0.9693859028835304, 0.9271575707789657, 0.6297734228487376, 0.5686583745634667, 0.7288433792820261, 0.8290743839567587, 0.7528125636326936, 0.7931067730857966, 0.7911819062474047, 0.5604846822260826, -0.2755271684919223, 0.9537175944233106, 0.9612984602440736, 0.9533795253253219, 0.9734357109679521, 0.9190376993622187, 0.9587109461099835, 0.9576947633068188, 0.8959479379661319, 0.9619658678870485, 0.9023679022853351, 0.4262619526647491, 0.8513671164813149, 0.8504371956892501, -0.1285249395592424, 0.6215142158721837, 0.7226723404525078, 0.6250838694369876, 0.9529898798003086, 0.6427227395912014, -0.21206612177211273, -0.08354808682752433, 0.609589523871109, 0.6175728518272312, 0.6645258734718438, 0.9547094442404283, 0.9545047522164507, -0.10072435072345233, 0.13187896971875127, -0.033128798594383405, -0.052160789612989436, -0.02434564705543349, -0.007890866418281028, -0.03950493823912381, -0.08025171476832164, 0.3234819909350688, 0.07044202674646086, 0.02255627992087161, -0.456454115921627, -0.4877924450533846, 0.6273421711972399, 0.7434788641875659, 0.766479751488849, 0.8297647756666666, 0.8235210344907393, 0.5302826143620488, 0.7317563932821385, 0.7640076275362886, 0.762358468563723, 0.4116556026228863], [0.9843382912726514, 0.9816622802955814, 1.0, 0.9857938802049696, 0.9926310761354554, 0.9897101523815303, 0.9906744631337691, 0.9910548186131037, 0.9943441651491408, 0.9539042793529398, 0.996866543988823, 0.9909566032237942, 0.9929008034616387, 0.9911171926473099, 0.9910293125467301, 0.9916092316270143, 0.9895808604336831, 0.989600244973347, 0.989568998586283, 0.992859434807633, 0.990984371232605, 0.9932566929858029, 0.978432004472808, 0.9905642644259725, 0.9909592286257919, 0.9781788281093825, 0.9814448365166264, 0.945433473489482, 0.9734226109130502, 0.9766844389212629, 0.9782059195306653, 0.949566882908474, 0.9879298178254431, 0.9910494723742781, 0.9893544597620556, 0.9930567857025441, 0.9945835541221698, 0.992063937506471, 0.9873164606319272, 0.987359778303719, 0.9882034253505322, 0.987566632561514, 0.9903401943771695, 0.9215710080908739, 0.6951917597652463, 0.9247393072181418, 0.8955549314105159, 0.7486313084338267, 0.9294829372944291, 0.8994703727130595, 0.9315792790852792, 0.9259112805339614, 0.9175322509288473, 0.9532734613442956, 0.9601433931840939, 0.929484347372611, 0.9454615366813586, 0.9525690352569426, 0.9579546835611058, 0.953231353397887, 0.9275458101310471, 0.8929874744000591, 0.9234666979315546, 0.9228971295257437, 0.9064990835079366, 0.8586169977924613, 0.9576130672989983, 0.9353229009677512, 0.9532595313989417, 0.9316105254928364, 0.7624061881731018, 0.7935963807256265, 0.7294589295124198, 0.8144443820176499, 0.861194800376655, 0.85819255202881, 0.8309607030336555, 0.844678957292321, 0.28987122155818223, -0.5713069439381613, 0.9436812679818121, 0.9141193648094159, 0.9193547102716039, 0.9300562833446963, 0.901312254550624, 0.9492532275224891, 0.9489678684555911, 0.9080393773132363, 0.9459745979730401, 0.8311052261461482, 0.5899055448550636, 0.9273723349782513, 0.932945716352968, 0.2096505506153623, 0.8978950770485189, 0.9213611282236254, 0.7957277765783392, 0.9770236128492867, 0.778890730856151, 0.5667467749880444, 0.4479609127247075, 0.7856780199932788, 0.7869456503881371, 0.7742155209090598, 0.9808532063508335, 0.9809248377254207, 0.6559770198705303, 0.6343985550250468, 0.7139695162480888, 0.26085054969753635, 0.6892760971712307, 0.7122597397499499, 0.7268131955094889, 0.7085717743723727, 0.6938743924528992, 0.6649342631582862, 0.6426892990885268, -0.3111613616971449, -0.4452156899849209, 0.5784566482995599, 0.8596647511003482, 0.8964454279258935, 0.8978485524560799, 0.8926656398621878, 0.757845699188412, 0.8707409249840851, 0.8849815718899999, 0.8937877403021706, 0.7399153123247262], [0.9999210212160992, 0.9997559057913656, 0.9857938802049696, 1.0, 0.9991792163026907, 0.9896325174761884, 0.9978091775486768, 0.9957064960818943, 0.9961043139821533, 0.9791962644234159, 0.9933214664254315, 0.9958363830071953, 0.9952480121890717, 0.9957604841032892, 0.9958833775479901, 0.9970263014204911, 0.998550810355085, 0.9964254959449291, 0.9964416188530644, 0.9965496339754986, 0.9957925372639601, 0.986624815928617, 0.9700202777136699, 0.9887179203508651, 0.9876485440493692, 0.9825142660644838, 0.9650210985936675, 0.943023290304947, 0.993841351493785, 0.9943002093842299, 0.991845070230629, 0.9741588155066105, 0.9975380858597889, 0.9979965452033854, 0.997362403068827, 0.9959690326772258, 0.9957171367212286, 0.9978857057076063, 0.9977044627961817, 0.998830471285373, 0.9974674622376158, 0.9974794971051271, 0.9782701018866026, 0.9169648473106303, 0.7473658883797433, 0.8976739071975459, 0.9008500102118538, 0.8310590223020341, 0.9654811762751689, 0.9409223927941537, 0.9665979524668968, 0.9634240314617761, 0.9573916820981606, 0.9839321507378315, 0.9808438189164099, 0.9818568578645626, 0.9745555540765056, 0.983973536175569, 0.9819248325403218, 0.9845406626186061, 0.9843176011198482, 0.9493447780461336, 0.9645340923151805, 0.969307989044752, 0.9689783419072765, 0.9362618114705803, 0.9739624924460741, 0.9694417428845206, 0.9797377019946991, 0.9788371007539226, 0.9055116904289247, 0.853569623051428, 0.8186053048865267, 0.8720887685674626, 0.8989066112617182, 0.8962011626803321, 0.897763492288391, 0.8965548477028275, 0.510247613180498, -0.5700964450711203, 0.9746843138756593, 0.9639847957634811, 0.960734775221408, 0.9827810246318905, 0.9397701746774779, 0.9798695505221344, 0.9798537592673063, 0.9426686044187432, 0.9794516496292286, 0.9267226937024117, 0.6256412174501484, 0.8612395597898639, 0.9171360996823014, 0.2790439305814158, 0.9197848494313057, 0.9403118964820905, 0.8107836672854074, 0.9575372240113822, 0.8899903707349681, 0.6549833916183189, 0.5219151299073633, 0.886815147209113, 0.8584549264129422, 0.8828567865923774, 0.9682718924238971, 0.9685644083650474, 0.7368717558775923, 0.7014705504339197, 0.8176399524776067, 0.33443147534126944, 0.7890757904318839, 0.8233683487890694, 0.8098642318022888, 0.8109118440555204, 0.7448290353369982, 0.7400641175842502, 0.7198918131297861, -0.2305898925373991, -0.3690774178310701, 0.624793785288409, 0.8984002130634782, 0.9442813769606646, 0.9483724068011609, 0.9187342982848637, 0.8256751669124134, 0.9156308607462624, 0.9372559056470962, 0.9371378762303756, 0.8662630662702586], [0.9988618289836884, 0.9973907294434204, 0.9926310761354554, 0.9991792163026907, 1.0, 0.9923583043264528, 0.9990333890305683, 0.9982228500824065, 0.9982804961293572, 0.9724366155677145, 0.9975110320154543, 0.998273076437595, 0.998039783868327, 0.9982579851047297, 0.9983261060647597, 0.9985927207858403, 0.9991605440648001, 0.9986634044460725, 0.9986656151872585, 0.9983502653405284, 0.9982576299152666, 0.9934269417434034, 0.9775683207045246, 0.9935179739107701, 0.9934368021327532, 0.9864440835812718, 0.9793139496478611, 0.9461722503922667, 0.9903773943715425, 0.9925833768261266, 0.9895558835076127, 0.9647500224230415, 0.9989412569756535, 0.998972183526622, 0.9989590400616979, 0.9983776299196453, 0.9984882005779264, 0.9990598398426768, 0.9991149195812864, 0.9990991530351025, 0.9989239913964706, 0.9989240618614286, 0.9887849690834406, 0.926649134092816, 0.7225848737705044, 0.9138608858635883, 0.904312601284969, 0.8110861693821773, 0.9494450983286418, 0.9274004711071704, 0.9531568301502856, 0.9544950285621379, 0.9482077157963226, 0.9798187510465189, 0.9797398743412438, 0.9772968236122611, 0.9678768739778346, 0.9783343846825191, 0.9770805964531836, 0.9786507709521657, 0.9783858374388948, 0.9508146920940467, 0.9533938862426369, 0.9489126749633359, 0.9484953147594208, 0.9000682607623997, 0.9705725906504572, 0.96730608859121, 0.9743355879410535, 0.9733884266858686, 0.9289325330900758, 0.8271028415016758, 0.7790771133244827, 0.8528309831348229, 0.9003443946048876, 0.8803962331106525, 0.8895652595666567, 0.8884115427097723, 0.6674055202261144, -0.5931116424142356, 0.9667322249360633, 0.9505332789412747, 0.9487935319351504, 0.9785425221646716, 0.9185788527520669, 0.9715011437826537, 0.971037464282784, 0.9306084246522539, 0.9736564401189212, 0.9350783412985634, 0.6111374781809172, 0.8853689625038476, 0.9387759357163741, 0.18121782132923595, 0.8957601785723044, 0.922853277822712, 0.8041544179501519, 0.9637269800126285, 0.8780312500460014, 0.5057381265863086, 0.40645721046152516, 0.8652356764759922, 0.8171122231925873, 0.8667318145535845, 0.9727864434851591, 0.9730154096531666, 0.6886937848377038, 0.6808919482945123, 0.7296337792386145, 0.3076649823954427, 0.6677200765974606, 0.739130885695216, 0.7147238279980302, 0.6946186949619545, 0.7275379402423711, 0.7216899906440473, 0.7005006984836382, -0.4572900037683867, -0.5324070085268405, 0.6117358713237735, 0.8906016533371487, 0.9278658923535431, 0.9393867958521759, 0.914696502133922, 0.800576189067292, 0.89694199896313, 0.9209648733641096, 0.9203654428868746, 0.7992129401322279], [0.9887157625252779, 0.9903346552629124, 0.9897101523815303, 0.9896325174761884, 0.9923583043264528, 1.0, 0.9890570980779195, 0.9889364653134084, 0.988379300638812, 0.9651354706127837, 0.9788424989060421, 0.9888958425033144, 0.989977168650259, 0.98899746287004, 0.9890942919889116, 0.9919236871464712, 0.990038925970353, 0.9898396813307474, 0.9898091423466395, 0.9877638634061142, 0.9889188115615082, 0.9961419361470616, 0.9909641613604843, 0.9885616428242159, 0.9882973369849101, 0.9667469422533068, 0.9841953382335387, 0.9650638684930128, 0.974008166796274, 0.9775633775301827, 0.9857382287879337, 0.9722913135643054, 0.9890509243130517, 0.9892093629143959, 0.9900028068488872, 0.9898913780929889, 0.9818226600020543, 0.9899083331845914, 0.9893893187222235, 0.989562488811471, 0.9891458065023845, 0.9891163769812799, 0.9944008994166056, 0.88112194483098, 0.7298780624614805, 0.873447360742922, 0.9020295021682668, 0.8378841654720737, 0.9374164693436932, 0.9128513175516981, 0.9391058258885494, 0.945876799038948, 0.935336312370989, 0.9635195676636156, 0.9679142437421862, 0.9670982878500681, 0.9784264994549579, 0.9682661002079869, 0.9799479312115615, 0.9682088336327889, 0.9676221683214525, 0.966030806681781, 0.9583597091930802, 0.9430788358295311, 0.942543002624391, 0.9284444559776278, 0.976806971776171, 0.9691880247683337, 0.9681089265373913, 0.9663831026858822, 0.9468020830936331, 0.8526257505760791, 0.8044751413123362, 0.8729289944922448, 0.8931919946234521, 0.9004063650113184, 0.8839839763800638, 0.882029502790973, 0.6348615405729872, -0.5343142143269345, 0.9734627482290847, 0.9682848896895333, 0.9651213078352929, 0.9683005647936437, 0.9359347659246343, 0.9740411803929412, 0.9737327051219364, 0.9524787537350395, 0.9636062972974838, 0.9522182514021929, 0.6256792281132177, 0.8214562306302033, 0.934104873881288, 0.28358429712975347, 0.9089060741453517, 0.9279205652712935, 0.8069244144733577, 0.9540006951561658, 0.848016382102145, 0.6068844237111936, 0.4995709558462779, 0.8452844063575041, 0.8202778567729635, 0.8424071861241386, 0.9564188882115293, 0.9565510587614269, 0.7012999215607777, 0.6825658483235315, 0.7633824275272537, 0.33497782926157116, 0.742892017367487, 0.7713896993231029, 0.7570940194902825, 0.759358447456952, 0.7330398587317288, 0.7126906298543745, 0.6945778841979244, -0.2614506835791334, -0.38769258436453646, 0.6577717496233023, 0.887518149167273, 0.9054105127662616, 0.9135441252855179, 0.9018945582355805, 0.8023113657407639, 0.8742636555177848, 0.8970319353585918, 0.8968693691794726, 0.8420244069012014], [0.9974515854250791, 0.9926839416479437, 0.9906744631337691, 0.9978091775486768, 0.9990333890305683, 0.9890570980779195, 1.0, 0.9970953518899639, 0.9995193234251809, 0.971657571206554, 0.9994002866435514, 0.9980891630761684, 0.9990559012820476, 0.9989957287037815, 0.9987668031668132, 0.9981145600806118, 0.9998610346856078, 0.9992365002664967, 0.9992429262908422, 0.9996417869793158, 0.9992049694779219, 0.9906175902439188, 0.9742651856708338, 0.9838139687167837, 0.9923290595089991, 0.9856254328231223, 0.9712916442611947, 0.9416055634800626, 0.9923908849303251, 0.9917320565870489, 0.9929019751195091, 0.9708379279209324, 0.9988011618501531, 0.9998131727321112, 0.9996431603774955, 0.999381164449267, 0.9996405379278529, 0.9998445273530159, 0.9978629945317933, 0.999569409789006, 0.999257043982914, 0.9988565993405809, 0.9833289181083307, 0.9317717047392862, 0.7373734825626007, 0.9269718877890987, 0.9144357709763502, 0.8014609518290542, 0.9598275765899139, 0.9402266895501501, 0.9618070976839058, 0.9585221435951733, 0.953223491784465, 0.981923915200814, 0.9799010804159203, 0.9389841540637431, 0.953498656009149, 0.9678997409723917, 0.9680904341478038, 0.9697777072146998, 0.9393779369172722, 0.8869281877070944, 0.9429824229451347, 0.9541692199843227, 0.9309863286637224, 0.8730741854313329, 0.9592116476664626, 0.9280037747961896, 0.9613010682269455, 0.9392526045966175, 0.7265355913027023, 0.821694414827122, 0.7520306374131649, 0.8387459831047006, 0.8680062296842109, 0.8715805139000136, 0.8517857316472737, 0.8643357386648227, 0.2449775522662465, -0.6054642433993509, 0.9567877736497992, 0.9330406690774748, 0.9336342955068185, 0.9415571538408358, 0.9205493961139661, 0.9651430407579336, 0.9652600983863947, 0.9210429521667984, 0.9612841097087427, 0.8156476348536833, 0.606851941324178, 0.886345915251983, 0.9169613050945185, 0.2583666978081667, 0.9170769531965807, 0.9388276950387342, 0.8046216320802813, 0.9634553991640052, 0.8310923210153108, 0.6419613328194609, 0.5059816140218723, 0.8431707101172957, 0.8364410607548318, 0.8288057074403545, 0.9729803767974569, 0.9732767348727607, 0.7221524288417414, 0.6768874246678946, 0.7830299070814093, 0.30266015511586014, 0.7654168012220851, 0.792990197488143, 0.7839145723202996, 0.7892629185651832, 0.7229222793369374, 0.7260977577821985, 0.704071417533072, -0.2501528824355489, -0.3958103799338743, 0.6308652855137719, 0.8916108399565069, 0.9306076258867143, 0.9459593335579902, 0.917585588218714, 0.8233531798317872, 0.9148058971389554, 0.9367154251653487, 0.9360313652608875, 0.7745508049599905], [0.9951619731083251, 0.9880664549826661, 0.9910548186131037, 0.9957064960818943, 0.9982228500824065, 0.9889364653134084, 0.9970953518899639, 1.0, 0.999983998632078, 0.9655064550003872, 0.9996283242341892, 0.9999968614667728, 0.9996557415354914, 0.9999977987034471, 0.9999812779202917, 0.9963955976874596, 0.9990686678655296, 0.9998846826979748, 0.999884362553352, 0.9999554343358886, 0.9999942768747695, 0.9907516449894295, 0.975165624533448, 0.9915854224612801, 0.9928274924074453, 0.982367080980967, 0.9734402501531788, 0.9400597498005417, 0.9886957030091645, 0.9942972327551619, 0.9915274495468606, 0.967376952040628, 0.9994244833690445, 0.9994804331957994, 0.9996051996865171, 0.9996776362388835, 0.9987196431570937, 0.999391601239502, 0.9991005457512528, 0.9982724335543338, 0.9994941830475245, 0.9993545875201951, 0.9847174808535146, 0.932297566964707, 0.7241152094288378, 0.9338786683238381, 0.9118436547155756, 0.7791178693708342, 0.9584011498598599, 0.9352470405605257, 0.9599501080366672, 0.9520266065133478, 0.9467251784666494, 0.9799694898602351, 0.9766211271944624, 0.9330288213848754, 0.94698138562103, 0.959618126438139, 0.9637474231552844, 0.962021914543026, 0.9373392841562989, 0.8753254812244693, 0.9364625243368299, 0.9459710986434043, 0.9247539638273212, 0.8570579996788804, 0.9552719759794882, 0.9201249382587783, 0.9543390122790051, 0.9336787150328316, 0.7088270940320304, 0.8110304163528578, 0.7468734586745862, 0.8280000428072255, 0.858566740166744, 0.8650704446830971, 0.8463327084591576, 0.8557753649023582, 0.223318720605893, -0.6117090989955382, 0.9508993081530637, 0.9222213621084562, 0.9245810024499531, 0.93925400371552, 0.9115602289205442, 0.9594460046025454, 0.9595770251086334, 0.9131460420607005, 0.9524837877197097, 0.7996118196095927, 0.6016516409971824, 0.908966646971709, 0.9299702955322318, 0.24588498097373968, 0.9162064761068597, 0.9382950115399927, 0.8017606992895705, 0.9683741955265965, 0.8352174002629725, 0.6278239387822308, 0.49333331606588643, 0.8447417721357865, 0.8334667451515266, 0.8325538527727716, 0.9761462647731992, 0.9764419233097987, 0.7118260045009231, 0.6675483717260763, 0.7853052241070556, 0.2870808558708543, 0.7602822200793301, 0.7888100691829754, 0.7854874334861472, 0.7838371589790867, 0.7151612989839647, 0.7194890992006645, 0.6967444318175904, -0.267743961170333, -0.41247362272853144, 0.6110916004187219, 0.8828315654892458, 0.9284632941791875, 0.938230476280034, 0.9110399958318369, 0.8116566409143945, 0.9082919383311736, 0.930405439316946, 0.9299834334396067, 0.7538044128049022], [0.995459506052512, 0.9881073248880063, 0.9943441651491408, 0.9961043139821533, 0.9982804961293572, 0.988379300638812, 0.9995193234251809, 0.999983998632078, 1.0, 0.9647988324818824, 0.999627255292694, 0.9999812550870708, 0.9998321904263594, 0.9999897802980096, 0.999996291421029, 0.9989735352652109, 0.9990398566498048, 0.9998186201265027, 0.9998175654414381, 0.9999661660130332, 0.9999819429058188, 0.9936342616050681, 0.9762608639680448, 0.994879081116004, 0.9950365939708694, 0.9824092305547225, 0.9776007555888672, 0.9410897453795001, 0.9892042490702762, 0.9933251667702495, 0.9885086252104627, 0.9627098241868248, 0.9993389742142663, 0.9994207193328917, 0.9994187379938054, 0.9998329702193615, 0.9987308276845938, 0.999382095165027, 0.99932023600885, 0.9982982093454401, 0.9993320024180129, 0.9993258562071566, 0.9890369858885064, 0.9323285277483895, 0.7249522580656523, 0.9338680726250514, 0.9119134341264605, 0.7793418249148065, 0.9456431245876321, 0.9225160274801102, 0.9488939279448767, 0.9493925965721565, 0.9439596576007461, 0.9772727212160067, 0.9767454258887004, 0.9656661952959356, 0.9475072396760384, 0.9666197063503912, 0.9638609540439125, 0.9670386569915999, 0.9666831696665608, 0.9368899517405304, 0.9357990732382456, 0.9374533756555361, 0.9370032629428805, 0.8873778920688132, 0.9556867714080041, 0.9568638384041199, 0.9632270509475236, 0.961995873949565, 0.9146822531797202, 0.8102758972036944, 0.7564299978353436, 0.827378913858953, 0.8801613787146946, 0.8632997122558361, 0.8711744453057142, 0.8700831525143439, 0.6111792045121202, -0.6281946905526866, 0.9508822595190317, 0.9222551025915504, 0.924676801521337, 0.9671185171934333, 0.901089854960282, 0.958972686269715, 0.958420866126065, 0.9140685018249342, 0.961394156788721, 0.9188572484414838, 0.5998032736047567, 0.9087453218861719, 0.9446436344896638, 0.1917537931278745, 0.9017804285792996, 0.9282395412550483, 0.8008356147896175, 0.9670519048665438, 0.8847898654316814, 0.5331962198451564, 0.42965191426613664, 0.8725366419703994, 0.8255024421190222, 0.874634436889505, 0.9761022459454436, 0.9763830081653836, 0.7097113264608162, 0.6647475493578443, 0.7463266211615576, 0.28475331450155505, 0.6861360437027201, 0.7550720645395257, 0.7326040216056082, 0.7133837554575874, 0.7127860003718522, 0.716320347346153, 0.6935451109184834, -0.5076055485700282, -0.5842523787499501, 0.6113465631073253, 0.881706859454443, 0.9270649865090754, 0.9395383553620796, 0.9100552949992211, 0.8065483464890296, 0.8970184997434961, 0.9202265937506843, 0.9196115409299356, 0.8083989579852792], [0.9795000025643427, 0.966350041475238, 0.9539042793529398, 0.9791962644234159, 0.9724366155677145, 0.9651354706127837, 0.971657571206554, 0.9655064550003872, 0.9647988324818824, 1.0, 0.9497628389760984, 0.9659079779550052, 0.9648022929918205, 0.9656314333879072, 0.9651809771445551, 0.9667190639645247, 0.975575059367367, 0.9702077654703001, 0.9702213517804186, 0.965686536790658, 0.9657642569757483, 0.9655090820624657, 0.9523762308064367, 0.9726452755458534, 0.9704862619197323, 0.8877024233239674, 0.9691118314633131, 0.9505596050172849, 0.975531058852545, 0.969544419404305, 0.9695691347295213, 0.9344286122568571, 0.9740682099682306, 0.9736238628113247, 0.9741114783039685, 0.9660536490818432, 0.957868619336666, 0.9730842547066607, 0.9739051134095511, 0.9771213708822689, 0.9742612139560897, 0.9742811247704023, 0.9557937075568401, 0.8431072940941785, 0.5444209125539222, 0.7863820112688307, 0.8892663370059612, 0.8752025255840303, 0.9016685065266234, 0.8259646605145301, 0.9061956077817894, 0.9152133988231465, 0.9032900819927168, 0.9318951041474739, 0.9317453187868994, 0.9435753550709536, 0.9349640700930284, 0.954295117389829, 0.9477254816135131, 0.9525915505080541, 0.9527099352677488, 0.912112033980996, 0.9522303865598484, 0.9368025582215017, 0.9365106770706281, 0.8560811769059566, 0.9352095373342119, 0.9433364435420221, 0.9365692937534236, 0.9356923225929594, 0.8861419920822112, 0.818052922326099, 0.7738840220085951, 0.8619136467019483, 0.9143610827281589, 0.8856171222896488, 0.9000282058700271, 0.8992807161839229, 0.7077437343583453, -0.31222637457555424, 0.9528815139120352, 0.9532573524401495, 0.9457359602687658, 0.9454238046071357, 0.8878821326720497, 0.9541504488072472, 0.9540700977104436, 0.9009600528761216, 0.9561880775949755, 0.9061400762580751, 0.7076882383143822, 0.6752712242189779, 0.8634607364296958, 0.19011676916922357, 0.851083497060257, 0.8885967807747717, 0.8736860188084453, 0.9489749431961583, 0.9055477687762951, 0.4314503837652156, 0.43990401678812535, 0.8978513406384573, 0.8736360637398043, 0.9042482323041755, 0.9492615369426266, 0.949616071743176, 0.5392802235610608, 0.7037274963673388, 0.6097858775908136, 0.4849069495821566, 0.5739300035358895, 0.6302742092084506, 0.5908850635827166, 0.5664708407755035, 0.8054589420124643, 0.6827653838665992, 0.6474053392212917, -0.2795317575322914, -0.3269857118886843, 0.7494045134040346, 0.9172041585099171, 0.9235594861380837, 0.9110083556387681, 0.9422061628782404, 0.6581392178084599, 0.8423064499609705, 0.9097798139654723, 0.9088454214870909, 0.6917543292485245], [0.9917684177910016, 0.9906319396942256, 0.996866543988823, 0.9933214664254315, 0.9975110320154543, 0.9788424989060421, 0.9994002866435514, 0.9996283242341892, 0.999627255292694, 0.9497628389760984, 1.0, 0.9996588314199046, 0.9996355143113158, 0.9996437137898173, 0.9996497825836582, 0.9993907102600804, 0.9986310840776645, 0.9999527647396689, 0.9999521771089743, 0.9996422827597867, 0.9996508344720264, 0.9895374445232825, 0.9551401545165085, 0.9907020582129564, 0.9918947917451353, 0.987243833228366, 0.9685910250096201, 0.8900800265110805, 0.98826397415567, 0.992137848792294, 0.9714249762517025, 0.892797048423235, 0.9991205475949761, 0.9991924461035112, 0.999115942489659, 0.999441292953919, 0.999377396668311, 0.9991388823603193, 0.9989932668347364, 0.9973242994653813, 0.9990886906910279, 0.999083299931453, 0.9892652101350742, 0.9262474234483447, 0.5795875344163646, 0.9290455503941409, 0.9110899578085946, 0.7839412095422967, 0.85998406797082, 0.8903713670574924, 0.8656235810322326, 0.8749259494349633, 0.8568113034630679, 0.9499334610900237, 0.949843874392577, 0.9475808217499792, 0.9501149083944062, 0.9388582197926884, 0.9410089965079602, 0.9435918314850541, 0.9434244598403632, 0.8908141011453822, 0.9026402718219769, 0.8582922062328364, 0.8580328462237145, 0.7304048939917224, 0.9434647011959776, 0.9470995195696582, 0.947302021851514, 0.9466568577463252, 0.8923106939193507, 0.5758369285333015, 0.5106370105929119, 0.6747394867064178, 0.782846915104049, 0.7050443772881533, 0.7465142793506458, 0.7452382618076437, 0.49948815937523183, -0.4019624552467042, 0.9155551738307983, 0.9263859198971485, 0.9151900766603139, 0.9491659842252442, 0.8710715298849014, 0.9219353033767581, 0.9205943670716314, 0.8468974285148799, 0.9266039617445838, 0.855085404315611, 0.48180017281739884, 0.9048089058337934, 0.9009280580112139, -0.10906025844774227, 0.6649463741555112, 0.7559155524553786, 0.638972243551775, 0.9690816564454534, 0.6553362619336415, -0.1581385899811522, -0.04917322238212776, 0.6271883085262043, 0.6321458387717888, 0.6744238586547412, 0.9704075726949888, 0.970446348342048, -0.03803022983723935, 0.18618876730842512, 0.032115297465207616, 0.011228721190173723, 0.03783074147040562, 0.0570430772903621, 0.024154080340304057, -0.023221745980371567, 0.37927398023038705, 0.1150705562531647, 0.06367588666159908, -0.5264317830030848, -0.5574566826070716, 0.6114818205576694, 0.7355127245013626, 0.7592266726308637, 0.8249087712654735, 0.8220470657878145, 0.5090538002200419, 0.7207307082491669, 0.7564565001538404, 0.7549385781529605, 0.40103116091423124], [0.9953098535744743, 0.988332851285429, 0.9909566032237942, 0.9958363830071953, 0.998273076437595, 0.9888958425033144, 0.9980891630761684, 0.9999968614667728, 0.9999812550870708, 0.9659079779550052, 0.9996588314199046, 1.0, 0.9996413047206646, 0.9999976367814885, 0.999984170964725, 0.9970430204688523, 0.9991315178263904, 0.9998963717749451, 0.9998962149104421, 0.9999633711616617, 0.9999947846749737, 0.9906691183710306, 0.9750533837912156, 0.9922379409855451, 0.9927929880503842, 0.982588516898295, 0.9732842251776926, 0.940098377396269, 0.9895774160016193, 0.994347872082964, 0.9915978759743506, 0.9675214683642012, 0.9994664798258724, 0.9995247635578227, 0.9996388765302975, 0.9996799784671215, 0.998813810772251, 0.9994380571232762, 0.9991392336234197, 0.9983610954900057, 0.99953757855341, 0.9993975350351578, 0.984536017398156, 0.9325728881843698, 0.7248184641848204, 0.9337995389178867, 0.9121262747607742, 0.7803287324950696, 0.9587150682400759, 0.9356602883622723, 0.9602727850736238, 0.9523951818033992, 0.9471136984307604, 0.9802035384174896, 0.9768033648736727, 0.9333753697259134, 0.9472378728734665, 0.9599658930038905, 0.9639366422902228, 0.9623610705490101, 0.9376227533586367, 0.8755944201314408, 0.9368015568051956, 0.9464271034971562, 0.9252122346517395, 0.8575656545773627, 0.9554086052813219, 0.9203969751066772, 0.9546115585144229, 0.9340061296270692, 0.709031290623184, 0.8115871900486737, 0.7474614909475634, 0.8285495543074959, 0.8589800605519197, 0.8653990698520969, 0.8467952754591489, 0.8562634697486581, 0.2237388502288613, -0.6115599584684367, 0.9511758816716388, 0.9227317540191783, 0.9249919417112167, 0.9395204334976379, 0.9119501879843861, 0.959720663478787, 0.9598513311807222, 0.9134465783931035, 0.9528569180402912, 0.7999520153684733, 0.6019127825816902, 0.9079456436103244, 0.9294192140060006, 0.24647839134761584, 0.9162771840041922, 0.9383606481439741, 0.8020633454733462, 0.9681995378340552, 0.8356468448110813, 0.6288090741198308, 0.4941907353183008, 0.8451963894901234, 0.8339982658989514, 0.832969322089619, 0.9760594246014401, 0.9763552016859557, 0.7124918105696845, 0.6681913669071956, 0.7858640166336582, 0.2880004477164459, 0.7609657636766008, 0.7894744836844007, 0.7860480146497312, 0.7845319591754233, 0.7155926366039563, 0.7199496834374045, 0.6972360614680118, -0.266679952530429, -0.41150623697723965, 0.6117391852623392, 0.8833446066303532, 0.928861819874638, 0.9387215758324112, 0.9114848621830627, 0.8122037018324942, 0.9088268378625641, 0.9309281566966279, 0.9304924765598667, 0.7544702429455037], [0.9945092373589309, 0.9881391992710666, 0.9929008034616387, 0.9952480121890717, 0.998039783868327, 0.989977168650259, 0.9990559012820476, 0.9996557415354914, 0.9998321904263594, 0.9648022929918205, 0.9996355143113158, 0.9996413047206646, 1.0, 0.9996778829233836, 0.9996624983750203, 0.9990913136601173, 0.9985937180457575, 0.999459045013571, 0.9994524656592995, 0.9996572132257784, 0.9996318929800737, 0.9926691788344543, 0.9766475009235134, 0.9956224972458346, 0.9955129342180945, 0.9824086318141586, 0.9761072595005701, 0.9426182363508564, 0.9887347056618796, 0.9923390235853309, 0.9906785064290763, 0.9650815171022692, 0.9987519467901508, 0.9990581188581302, 0.9992571734018566, 0.9999212115682294, 0.9987569175358528, 0.9990205436640989, 0.9985735940593876, 0.997608521180824, 0.9987423907891758, 0.9986672006986093, 0.9884726377613362, 0.9325400350279793, 0.7207737713326241, 0.9339283536699771, 0.9120239254455912, 0.7795949128790598, 0.954409155467726, 0.9285904046278045, 0.9553356009186601, 0.9489548744099967, 0.943115449517178, 0.9766439669716255, 0.9747037667963399, 0.9571258337597638, 0.9468843030405982, 0.9602210065259197, 0.9630861517876025, 0.9621459656504263, 0.9614968797514322, 0.8796753060577759, 0.9336466102558041, 0.9447217324486262, 0.9444780989881023, 0.8555448562352994, 0.9556608326434921, 0.932437779635125, 0.9564988400991865, 0.955147652426081, 0.7133184428733852, 0.808355789013148, 0.7712809255331529, 0.8259796952160832, 0.8604259541287991, 0.8643816748507851, 0.8548485595050278, 0.8552499409251814, 0.20768352315438302, -0.6061157982871148, 0.9501438181785029, 0.9223891577222477, 0.9238117979656691, 0.9601404727579733, 0.9109136218377305, 0.9583783071928492, 0.9584664020359738, 0.9129839374859323, 0.9531722472971609, 0.8067465121877749, 0.6023871795096252, 0.9085341380550185, 0.9299676857478685, 0.24244742200239433, 0.9141738952416217, 0.936597470749201, 0.8030774787306795, 0.9709455065812398, 0.829358360738453, 0.62071329949946, 0.4885304346698626, 0.8363227832184114, 0.8286491341882494, 0.8247253550625203, 0.9780429349448471, 0.9782916666620226, 0.7031826223508576, 0.6626058264648977, 0.7645246291690838, 0.28769061827647363, 0.7508860038105527, 0.778073498089643, 0.7546188398468395, 0.7733998762313465, 0.7132000368426169, 0.7095437187876137, 0.6870934297142691, -0.27352858180085887, -0.416742357923005, 0.6112925172961563, 0.8811158596232248, 0.93036214166442, 0.93422089537943, 0.9106707810957951, 0.8042865953563738, 0.9024402286003786, 0.9238899218424408, 0.9241064188317282, 0.7485631677287289], [0.9952177857977411, 0.9881908655485282, 0.9911171926473099, 0.9957604841032892, 0.9982579851047297, 0.98899746287004, 0.9989957287037815, 0.9999977987034471, 0.9999897802980096, 0.9656314333879072, 0.9996437137898173, 0.9999976367814885, 0.9996778829233836, 1.0, 0.9999882774151275, 0.9986092604756026, 0.9990901621961636, 0.9998883844061032, 0.9998877394524943, 0.9999575267544522, 0.9999921036847604, 0.990791333450767, 0.9752201650489901, 0.9941043664580737, 0.9939563686060368, 0.9824970217445792, 0.9734845991008089, 0.9402463430850269, 0.9920531017433598, 0.9946682213630847, 0.9914697891094159, 0.9672741259398654, 0.9994408090712107, 0.9994856389299372, 0.9996156192561627, 0.9996968148508834, 0.9987636771526446, 0.9994030398793509, 0.9991680717553206, 0.9982969387789917, 0.9995081593962746, 0.9993717746577436, 0.984698587629161, 0.9323969952672707, 0.7242071949562534, 0.9338968636889734, 0.9120531436599969, 0.779694246532113, 0.9585118899709991, 0.9354263357889187, 0.9600978993789467, 0.9519960169562897, 0.9466699410232334, 0.9800196770211043, 0.9765849411444968, 0.9333927625046348, 0.9471195554241663, 0.9598209544980405, 0.9638162858907253, 0.9622076965738745, 0.9370347454050301, 0.8755709398244653, 0.9363021886007256, 0.9460497150012744, 0.9250155163074746, 0.8571982410146581, 0.955440006907604, 0.9205527149581646, 0.9545882161400526, 0.9340606949806604, 0.7092326706838754, 0.810972262512931, 0.7471858810768207, 0.8279879610615821, 0.8587623607205541, 0.865038371427783, 0.8465131662793307, 0.8559731673794782, 0.2236920632390933, -0.6114109337867846, 0.9509665745960771, 0.922461584419564, 0.9247761913538787, 0.937225268803246, 0.9118256589824141, 0.9595236102790871, 0.9596512856980071, 0.9133266216371173, 0.9526867253181507, 0.7999183900477123, 0.601709908826414, 0.9084798804133538, 0.9298109208083305, 0.24592310365734357, 0.916069582672868, 0.9381880604158664, 0.8017668795337031, 0.9683911219491895, 0.8352848890159388, 0.6277069673359079, 0.4932054056218858, 0.844793042047849, 0.8336401934280575, 0.8326141694166735, 0.976199708311054, 0.9764914617990783, 0.7113680363734725, 0.6671342486004045, 0.7853142328529708, 0.28740705384652016, 0.7602810622528867, 0.7887513499904459, 0.7856893188310098, 0.783753685272431, 0.7150587333396853, 0.7186475112689859, 0.6959391568351921, -0.2675287111235242, -0.412254112105294, 0.6114619779980146, 0.8827630520550133, 0.928628042806905, 0.9383145013046144, 0.9111070502099393, 0.811472789916515, 0.9085477725444041, 0.9304848136054978, 0.9301806425899636, 0.7539435917967456], [0.9953636220596298, 0.9882892757639952, 0.9910293125467301, 0.9958833775479901, 0.9983261060647597, 0.9890942919889116, 0.9987668031668132, 0.9999812779202917, 0.999996291421029, 0.9651809771445551, 0.9996497825836582, 0.999984170964725, 0.9996624983750203, 0.9999882774151275, 1.0, 0.9986082229209681, 0.9991305770020231, 0.9998846586671734, 0.999884825237518, 0.9999563281721889, 0.999977286939084, 0.9907081946296813, 0.9752454324226021, 0.9925610154521205, 0.9926001825917126, 0.9826351179534615, 0.9732306404606521, 0.9402584022404876, 0.9920950997577548, 0.9942582776810535, 0.9913156152910501, 0.9671695948156646, 0.9994819699948939, 0.99947176375489, 0.9996014737394958, 0.9996873347851226, 0.9987838539301177, 0.9994083830572814, 0.9991996805269174, 0.9983649410333784, 0.9995406894036095, 0.999418606898785, 0.9844763061790002, 0.9322667702292331, 0.724919570810937, 0.9337237475992672, 0.9120393096643222, 0.7800362621984279, 0.9590623672061882, 0.9365299916607187, 0.9607052783181753, 0.952166846011838, 0.9468124551069669, 0.9805026630185262, 0.9767671010198313, 0.9342810094843818, 0.9476507611884, 0.9602795473105346, 0.9640367571592783, 0.9626715160636911, 0.9383911586132303, 0.8759039117959042, 0.9359784338354895, 0.9464094582016647, 0.9257721918997914, 0.857251292792248, 0.9559053316721748, 0.9213050268177889, 0.9551850159876044, 0.9349925941673581, 0.709424920995116, 0.8105862038901251, 0.7483400664138857, 0.8276715138769474, 0.858913521188719, 0.8646899491064941, 0.8471554325801244, 0.8563809723763255, 0.22358581109002795, -0.6111404523097618, 0.9510815513413156, 0.9226676759717939, 0.9250098828138188, 0.9403499641637646, 0.9126632848878853, 0.959730165492579, 0.9598539209078848, 0.9137988782090414, 0.9531113641791045, 0.8001338191822518, 0.6004216427254601, 0.9082775306413594, 0.9295457535776908, 0.24551285500242467, 0.9155992215792779, 0.9377800458307742, 0.8008696436642975, 0.9680506544318829, 0.8362619275409364, 0.6269395084079612, 0.4921611948718183, 0.8453181333241142, 0.8340978744182304, 0.8333577055137008, 0.9760056230292051, 0.9762864879154897, 0.7100589866805006, 0.6651198398828349, 0.7863671928265449, 0.28577572363014614, 0.760538815290128, 0.7891138470773505, 0.7869324192764453, 0.7839389150773851, 0.7136548167427338, 0.7165262158346728, 0.693800337507429, -0.2669799243746676, -0.4118243774849348, 0.6115383733000008, 0.8819185162128003, 0.9291945731982149, 0.9387976896071818, 0.9103796937900073, 0.8116589427159504, 0.9095488649945908, 0.9310388845050243, 0.9308951390823101, 0.7538453311818772], [0.9964989492280255, 0.9932565590103986, 0.9916092316270143, 0.9970263014204911, 0.9985927207858403, 0.9919236871464712, 0.9981145600806118, 0.9963955976874596, 0.9989735352652109, 0.9667190639645247, 0.9993907102600804, 0.9970430204688523, 0.9990913136601173, 0.9986092604756026, 0.9986082229209681, 1.0, 0.9988368683912647, 0.9989657211592816, 0.998963052900642, 0.9987866034255672, 0.9985006293974904, 0.9921915154097574, 0.9778972914280911, 0.9833910747730388, 0.9898644564624385, 0.9885753528825114, 0.9752408479648071, 0.9476491361153382, 0.9931585002525729, 0.9930527265104608, 0.9903670613895199, 0.9673075174376533, 0.9987900002797233, 0.9987324767059117, 0.9989395684722138, 0.9986263003047802, 0.9993745382238225, 0.9988700962211077, 0.9989103977166002, 0.9982352445078766, 0.9986710199767045, 0.9987400705175338, 0.9833889653630491, 0.9255997241530108, 0.7304590478636966, 0.9269991146425185, 0.9146908799856084, 0.797577828621501, 0.9623339539999288, 0.9405253540865021, 0.9643608631155596, 0.9521316418393162, 0.945423358857689, 0.9810540081269643, 0.976234183528455, 0.9467922447557292, 0.956815130614999, 0.9670972573900708, 0.9685075238388631, 0.9686322423474649, 0.9498488382163771, 0.8876930557398026, 0.939814600829728, 0.9512404305178191, 0.9366034198581025, 0.8680379084410292, 0.9621719585663056, 0.9347093130132395, 0.9626807975678928, 0.9475071147232234, 0.7269950468454925, 0.8182073712904517, 0.7658044987831658, 0.8365134549104016, 0.8712859963784326, 0.8717530542656624, 0.8579959085477887, 0.867490630763