var element=document.getElementById("correlationAdjClose");if(element.style.display!='none'){var correlationAdjClose={"data":[{"type":"heatmap","z":[[1.0,0.9999939437427694,0.9856523926402977,0.9999287652204893,0.9991353399333199,0.9847811955109467,0.9979258907351621,0.9961716122688489,0.9695446944527841,0.9964796523293115,0.9946583370355027,0.994237846670922,0.9962850464117755,0.9963206459939868,0.9962162778814257,0.9977028491899919,0.9979583606716986,0.9984189670679159,0.9967915456912698,0.9968031939767601,0.996839586696677,0.9962456140900873,0.9875217431692093,0.9716730110311992,0.9901665194370358,0.9572285670581597,0.9892007953951663,0.9881245059306336,0.9686874480255668,0.9535440278260455,0.9928589441170617,0.9941000133757933,0.9925963838956937,0.9778841178322362,0.9978303554120328,0.998038288315772,0.9976096010842326,0.996341913309122,0.99593565214923,0.9979346906726791,0.9987822897753066,0.9988278276571622,0.9977942473271305,0.9978046639249796,0.9769078652885124,0.9164080728295654,0.9506587127946959,0.9285809324953052,0.9298631866779543,0.9075229121931544,0.963449361616548,0.9490199671715734,0.9651959619032553,0.9665031673039433,0.9560494644931627,0.9844260649988426,0.9817276849638921,0.990595328300579,0.9944342963257214,0.9871122302748051,0.9829504785851623,0.988463978224731,0.9867302717969274,0.9890097634385097,0.9888445671657377,0.9634486182217137,0.97557296272988,0.9764948937264195,0.9761869697144827,0.9533209776427972,0.981158166945877,0.9782447701049799,0.9853822398951453,0.9846930948074343,0.9427903052116601,0.8915625345473048,0.8591402181799064,0.9072642409851753,0.9236882179873672,0.9211461473109213,0.9216448978060943,0.9203268440204371,0.7026776027080474,-0.5560548707768556,0.981304962401854,0.9769150987806074,0.9737349609568212,0.9878061807973659,0.9751753614016366,0.9849276400007013,0.9849259319824551,0.9492853532084575,0.9851398364562362,0.9522413712183456,0.7788049105769768,0.9096361639444908,0.9301485558451595,0.8055959067460923,0.9521104111772472,0.9528776222296731,0.9005124426087232,0.9659256785615413,0.8956306056115382,0.5969948601302677,0.7230116848435651,0.9026733638901119,0.8711147637602097,0.893850071098614,0.9745897373103004,0.9747679259599364,0.7842191355656856,0.7406818241731299,0.825035657991097,0.4283986617820131,0.8039513737918881,0.8292741334378814,0.8244960116806053,0.8162763306172586,0.7829708883474515,0.75229839276889,0.7354866402207114,-0.2776510793080474,-0.4171098514723906,0.6647768447087772,0.8911298293655766,0.9338183676620758,0.9418216655534504,0.9066077722577397,0.825745384989288,0.909326931348816,0.9272826739607712,0.9271424704477188,0.8613765150970867,-0.16219639735909244],[0.9999939437427694,1.0,0.9884676574819004,0.9998382440427909,0.9982932689777015,0.9899292252218926,0.9946519272305225,0.9918621220343937,0.9853543472740499,0.9918775109213006,0.9918903282872247,0.9935671513047232,0.9920040029254195,0.9918782540277801,0.9919381679100071,0.9941167848518564,0.996654613349202,0.9962865231761187,0.994274516467611,0.9942761194258201,0.9919317109935413,0.991976064276768,0.9920523083200434,0.9746748552670613,0.9887710162922126,0.9826028714601789,0.9886939878209632,0.9880867629452303,0.9813980041117062,0.9358517347544416,0.9893713111882342,0.9870417102747512,0.9810334197833226,0.9348041519806273,0.9957018599440042,0.9956079848875607,0.9958341685822315,0.9923824155969457,0.9953493454732429,0.9958410845060928,0.9971129507803446,0.9972626837433238,0.9958248245269117,0.9958322949746998,0.9900840528483424,0.9159775340115075,0.8905423656088141,0.9281792475210711,0.9297182342825374,0.9074999861293603,0.8813470307590201,0.9252853452078621,0.8839034924937366,0.9131268326149624,0.8809914411115146,0.9554814247273856,0.9554563986393609,0.9693336536971764,0.9847254902520755,0.9826934312646459,0.9848859670336384,0.98050034154151,0.9810042828262766,0.9822274298695493,0.982155015337307,0.9504547164620384,0.9629140698539247,0.9403348258767595,0.9402248468151637,0.8737265109221749,0.9795689838114464,0.9810607263216161,0.9812471942442005,0.9808537278723025,0.9525829673238675,0.7724192918977464,0.7305652681386037,0.8348569760244392,0.8971022135148434,0.8508712205012525,0.8744817439333884,0.8732421448692435,0.7318929027977283,-0.20552111775420495,0.9705832239958,0.9745291782209408,0.9703723017864861,0.9832498570740066,0.9681603867179265,0.9735432668661007,0.9729518203603154,0.931445386682106,0.9753325276428095,0.9344194527651382,0.6983972193891832,0.9090870361117851,0.9073953049486282,0.5068778105528581,0.8313496431822242,0.8359167103649969,0.7425217568216367,0.9667871517230603,0.7153941158147927,-0.2959328554629889,0.21980281904121915,0.7425466286172282,0.6914913262211205,0.7351199575302569,0.9683272619272163,0.9683135293075361,0.14504084562260916,0.3169974161465239,0.1514330112348562,0.12355205813759818,0.14497387458283262,0.15943405822867146,0.1564240576412495,0.0773520345539992,0.509188109723816,0.24009853834615213,0.18936256268358734,-0.4406719171251936,-0.4858463179241697,0.6646673605151426,0.7502994470206723,0.7744181643031538,0.8356642206448296,0.8172925341700802,0.5709545455266741,0.7539887949560272,0.7688796032096022,0.7677013110964638,0.41973007912012256,0.21565470221427593],[0.9856523926402977,0.9884676574819004,1.0,0.9870488381432548,0.9931680606157863,0.9915300897136543,0.9898485314617371,0.9905174569632041,0.9907669943599741,0.9932104325394729,0.9972012907177304,0.9963645833063473,0.9903819890091474,0.992577139263071,0.9905753352243295,0.990003239034389,0.9908379221234804,0.9901458482182046,0.9892301266830328,0.9892023660977366,0.9920808631129978,0.9904024220784488,0.994805578128077,0.9840330388051235,0.9912336477212437,0.9809807743869028,0.991802982457219,0.9872283275432163,0.9863378637494025,0.9596295102432317,0.9696667170320536,0.9738499086987927,0.9767607483895785,0.9542293555557482,0.9871538072883254,0.9902466458954525,0.9886232737886564,0.9921888596025541,0.994740090266655,0.991033896972761,0.9850552776277434,0.9878918213178548,0.987500742670326,0.9868733425582644,0.9921549592121403,0.9114127341554127,0.9335968057279945,0.9414165633094267,0.9233079445844767,0.8637176027730652,0.9212817637599487,0.9042057331604085,0.9239428499655623,0.9279427932376423,0.9126745825783172,0.9495267359602505,0.9582064657924914,0.9667520362101338,0.9776694468995721,0.9400555939826081,0.9650093775950317,0.9633962868505351,0.9703070175913171,0.9636451850462046,0.938283171474241,0.922631874406054,0.9464825695817457,0.9361682708592763,0.9174447440761996,0.8949660216110437,0.9707399036057264,0.9492583816064338,0.963139862702335,0.9422365634279526,0.8277879456664053,0.848888413645055,0.7662724254761417,0.8672494319883558,0.8941102475423641,0.8957064002236317,0.8626183525754761,0.876987189031999,0.4065310751541625,-0.5449219343005899,0.9606996598352965,0.9480486441250037,0.9474689076576738,0.940076912526314,0.9551649980262011,0.9631838094111961,0.962760829425589,0.9338063033277713,0.9583650265567878,0.8788816502761184,0.7619637912815445,0.9515847237931266,0.9510111716678746,0.7830757785607645,0.9388587006216232,0.9405473291347438,0.8727632861619903,0.9801153144871588,0.7756478554690456,0.5005902325246754,0.6656638519914236,0.7969303275078281,0.7974194088503193,0.7780805554924305,0.982468970398085,0.982506974836578,0.7124240872406429,0.6862654174183583,0.7105738085823173,0.37461228759631776,0.703406906155637,0.7138130364186599,0.7261090546650361,0.7125634390802975,0.7443118911618267,0.685772772062976,0.6678227190092971,-0.33977499523466725,-0.478870492143497,0.6302438926910394,0.8514585708793188,0.8806601324972243,0.8864572010736753,0.8776052997998993,0.7572031642968655,0.8582752712062771,0.8696844572738432,0.8770846985680075,0.7329559983473529,-0.08419321331296173],[0.9999287652204893,0.9998382440427909,0.9870488381432548,1.0,0.9993769153909676,0.9859414900253344,0.998165271117561,0.9965933048351175,0.971798425497334,0.9969385255048635,0.995341594722244,0.9951287664978126,0.9966887321295104,0.9968117004776229,0.9966374263294869,0.9979725469493886,0.9982907648159728,0.9986732686451322,0.9971599266344761,0.9971692019448885,0.9972290975313606,0.9966540661447001,0.9887239325255494,0.9731008518145502,0.991123505201968,0.9598521284616934,0.9902648181157623,0.9896347915639603,0.9706916531163459,0.9547598490291488,0.9921732384148023,0.9936063533651454,0.9925211564383785,0.977451160261157,0.9979104598415794,0.9982280248991776,0.9978323441966043,0.9967992240481546,0.9963802659739289,0.9981552749163863,0.9986761617286459,0.9989019093408937,0.9978703025648223,0.9978776559744998,0.9787545789697517,0.9125562041517556,0.9485126336786037,0.9290614933170499,0.9283826912480068,0.9008417371792043,0.9604883357850301,0.9457125897090882,0.9621438576558579,0.963997150662773,0.9532233960551751,0.9823139446739743,0.9801917225597102,0.9897245589230297,0.9942294334170892,0.9857342280041138,0.9819353576429822,0.9872696176659298,0.9861806570355225,0.9877377243015504,0.9875645414344464,0.953824139532874,0.9744009544872076,0.9750546578566682,0.9747422174813373,0.9483587118439234,0.9807568999699477,0.9755021369170405,0.9840051342946956,0.9832803034887324,0.9228126946545008,0.8901292635328923,0.8554107669982063,0.9056364570309978,0.9209635657556101,0.9206972901756254,0.9192891424885332,0.9180113959577817,0.6121217675207447,-0.5555312913396848,0.9805391874413479,0.9757980334743429,0.9723980675818942,0.9864309497460544,0.9744973854679894,0.9842153603352206,0.9842078279175152,0.9489795273568535,0.9837704854580849,0.9376151275377187,0.7827292633199355,0.9149729354174335,0.9341623652141036,0.8073291923055355,0.9533974547287674,0.9541914754103201,0.8999832195497962,0.9671455293780418,0.8894166232497087,0.5931908144961362,0.721178267077881,0.8970970327544149,0.8673674316119414,0.8880005277493257,0.975403810248807,0.9755871101850586,0.7829424767775071,0.7408246649043128,0.8169998883099446,0.43020263844000867,0.7980442367552829,0.820961248661191,0.8161062630263901,0.8107647251972855,0.7851869125907901,0.7520607703379799,0.7353328875406202,-0.2730589661805587,-0.4163850530205764,0.6640954457729968,0.8891058248719356,0.9317972516722648,0.939871042898757,0.9052114577106439,0.8228260957811097,0.9071793165016764,0.9248670742579974,0.9248751600632764,0.8539904119426106,-0.15500412724246923],[0.9991353399333199,0.9982932689777015,0.9931680606157863,0.9993769153909676,1.0,0.9887870416831007,0.9990963787595228,0.9985562403736455,0.9840300918306475,0.9985566963959428,0.9981613558100585,0.9981990515478657,0.9985834695171162,0.9985887924818243,0.9985883657799732,0.9990833015574244,0.998737258838942,0.999304745868669,0.9989008427856284,0.9989017321185703,0.9986430918708854,0.9985781235378007,0.9945509877904396,0.9806748099451179,0.9950362970384986,0.9770661543430788,0.9950137569380755,0.9924167664136765,0.983377421228726,0.9581011081965379,0.9892463186538781,0.9919237103006452,0.9897903817631145,0.9695462092639503,0.998938424437034,0.9989922946427103,0.9990108359114663,0.998665154714303,0.9986850680671254,0.9989839672869282,0.998979509632413,0.9992033118566889,0.9989438551090013,0.9989438163904739,0.9883159157361535,0.9225157273230548,0.9477524745216379,0.939763295912719,0.9320810849730217,0.8964925325653406,0.9473154208878596,0.9402213719846778,0.95159666529269,0.9575373744970881,0.9461870814372223,0.9796129177087854,0.9795230424631692,0.9896638053387218,0.9940456345347044,0.982580661039982,0.9766370853182345,0.9829981683161912,0.9825757790145367,0.9833536669825179,0.9831707388840856,0.9542713954963907,0.9662819931969272,0.9610466189527279,0.9606887792284746,0.9232462934071012,0.9781613732827396,0.9745192953545092,0.9802940592621873,0.9795200531888084,0.9404547835271261,0.8706118259068772,0.8337951562832303,0.8912473509929919,0.9257732401449436,0.9105939696002652,0.9175575038886338,0.9164777485832394,0.757661029959432,-0.5658074002645548,0.9746608849365384,0.9662503941787973,0.9636778327385975,0.9834906625629095,0.9655011467582463,0.9780890370035246,0.9777670936047288,0.9408983670830973,0.9795914507149796,0.9434451063320053,0.7723548326372947,0.9296412419897737,0.9538626447105885,0.7714170001761594,0.9410508587841734,0.9425055060926348,0.8942846814229903,0.9720660981532796,0.888287667955093,0.43321652896159807,0.6632593330834745,0.8941280029346197,0.8437978178449489,0.8896345477500611,0.9789041823486896,0.9790432022363325,0.7478871320882813,0.7246045890427083,0.7517355196913102,0.4085141807060973,0.7038039940860047,0.7565810910898627,0.7520558849570106,0.7155811904632469,0.7721502577118664,0.7373218803936165,0.7197249479214406,-0.4783158137277249,-0.559640963676665,0.6591124033333153,0.8837774601239065,0.9176759201461968,0.934114905094663,0.9032235869881825,0.804096625162913,0.8955999667049845,0.9115448692599548,0.9110799943588711,0.7908020483364866,0.0549960080284471],[0.9847811955109467,0.9899292252218926,0.9915300897136543,0.9859414900253344,0.9887870416831007,1.0,0.9837930152861535,0.9847194580938117,0.9926979283691708,0.9841595309400266,0.9799641607089616,0.9791546565690216,0.9845835359457222,0.9850870159969125,0.9847906110183133,0.9844448351973146,0.9878303751413526,0.9855801327777858,0.9854475600824633,0.9854717101051413,0.9836205185772315,0.9847154929455252,0.9953578613677652,0.9935408762722285,0.986041082989106,0.9869800775700694,0.9863247863139312,0.9771873297770115,0.9881961049093234,0.974076684015213,0.9625980419476919,0.9682269718695321,0.977307784070632,0.9667496313568457,0.9834738569595365,0.9838574065621638,0.984679835525252,0.9853663763335169,0.9798921214359131,0.9843128447092387,0.9826963515289335,0.9844146480158588,0.9836662551989155,0.9836949915006417,0.9960439159173009,0.8708799664063074,0.9258181664825413,0.9102005595209872,0.9221694094653012,0.8814179240423984,0.9181306743769968,0.9095007427037914,0.9207753737789459,0.9353973615905303,0.9169350353240278,0.9506433638556537,0.9559483169707217,0.9622374878993671,0.9713895843885242,0.9707757279564737,0.9866312559643723,0.9725254737764737,0.9841683575248643,0.9721170282907308,0.9715414389179342,0.9764954205187765,0.9686618431918851,0.9484522643711826,0.9478799684930422,0.9471969254579133,0.9827809035971992,0.9754257058676278,0.9721031009213319,0.9707492070568017,0.9635639074560653,0.8920616102271914,0.8463989214557256,0.9091802809851222,0.9170409679578797,0.9263772977599583,0.9073636715107357,0.9051230080079196,0.7342807822134817,-0.5043259203364162,0.9807659369554763,0.9822172247682346,0.9780043226589222,0.9716478389080785,0.9732421683816437,0.979505604565465,0.9790727255021787,0.9682434872017789,0.9689757984926508,0.9672008823051341,0.7844230394701677,0.8889235381148933,0.9535563905528115,0.8171517427222463,0.9423480335905882,0.9433637625865552,0.8676379536871935,0.9591251228864432,0.8357344882072616,0.5201221889902381,0.686757396875005,0.8454131761436504,0.8201794578784011,0.8349191123929611,0.9595114468803325,0.9596207725150152,0.7375456025906654,0.7170747316213464,0.7524065575683987,0.43238680944424157,0.7444947017832068,0.7578199687015721,0.7516647152584987,0.7486257017916331,0.7662422991017561,0.7133639381433345,0.6993083507541488,-0.3006835142742947,-0.43067981001227174,0.6713849016434947,0.8564116082624736,0.8744955191096768,0.8883190200273868,0.866774109272126,0.7822393268334743,0.8495108288853267,0.8664333273151243,0.8665348260746762,0.8079656310515213,-0.1183268524202577],[0.9979258907351621,0.9946519272305225,0.9898485314617371,0.998165271117561,0.9990963787595228,0.9837930152861535,1.0,0.9975188577884836,0.9571775803908146,0.9996078525392185,0.9995633257544738,0.9995839429134251,0.998413747071812,0.9994734685530169,0.9991814314335682,0.9998910387622317,0.9965677783089737,0.9999032628493768,0.9993763539405478,0.9993810896868865,0.999712250271312,0.9993256864586233,0.990719980021074,0.9746371961911395,0.9858240926193028,0.9266308690378976,0.9935351639218655,0.992096258549779,0.9740413143161838,0.9517153628994331,0.9916185162007876,0.9918791414404338,0.9935258734881451,0.974829450491736,0.999003400196841,0.999851131051847,0.9997135572005095,0.9994803111999087,0.999766086886549,0.9998355495577825,0.9985050019192163,0.9997349207131222,0.9993855874075228,0.9990399652976888,0.9806248450696983,0.9303787474560842,0.951230712711868,0.9488600043901972,0.9392373731314793,0.8966640715421097,0.9571112544442004,0.9453523052447406,0.9594394297391506,0.9614633428096839,0.951936372414889,0.9814510383486312,0.9808229400414704,0.9916847795556537,0.9963649946148387,0.9500100934355781,0.9647539068746819,0.9741226622264234,0.9747870324045705,0.9756563556808272,0.9500170776951382,0.9066238193267467,0.9577567237508213,0.962664069632765,0.9412954261611566,0.8982111011618048,0.9687432329795896,0.9423983130267641,0.9690249622369168,0.9503741750308171,0.7880149568196461,0.86429518765033,0.7863838793378023,0.8789764073331127,0.8957286347322896,0.900380006947977,0.8791116151800299,0.8910286421308038,0.3555817402931795,-0.5891666258467352,0.96591162965362,0.952649658623778,0.9513205443853965,0.9515026859023524,0.9617403586208852,0.9720357071288511,0.9721295296955619,0.9303997287461834,0.9689649248763322,0.8548663474864324,0.7669279616784035,0.9303727327754026,0.9334417115353567,0.795568748253069,0.9513440675136903,0.9522955222581104,0.8977990639066862,0.9715614167526854,0.832152266610222,0.5862725327349095,0.7138689481581069,0.855661534474174,0.848083309320496,0.8371800706385811,0.9792361021337453,0.9794240508779468,0.7733617279815275,0.722090817622257,0.7821044406732666,0.40296189841031066,0.7766850249556959,0.7942163988874383,0.7883252476932974,0.792289536398484,0.7692800809140324,0.743267352589061,0.7247782323825532,-0.2875671251972793,-0.4384022944640672,0.6761535121185853,0.8878961951987411,0.9230896831052426,0.9401676778574803,0.909131993473946,0.8237458736753541,0.9088683992428713,0.9280321807463043,0.9267889827090783,0.7753671850327623,-0.12269785406781462],[0.9961716122688489,0.9918621220343937,0.9905174569632041,0.9965933048351175,0.9985562403736455,0.9847194580938117,0.9975188577884836,1.0,0.968000152586289,0.9999998270133925,0.9999992977035772,0.9997505595437151,0.9999970710093429,0.9999925524695886,0.9999982116568797,0.9993127181700177,0.9913421321799332,0.9994459645736941,0.9999079089185473,0.9999075455568424,0.9999642976138905,0.9999987688107042,0.9911586104635509,0.9762279262687713,0.9928032629433202,0.9407020119116491,0.9940328566623472,0.9903203226158094,0.9762458518809664,0.9510971730524426,0.9879375669653723,0.9938320990396154,0.9920841911598827,0.9717824360581776,0.9994653494563454,0.9995635880643082,0.9996695992874974,0.9997396350673875,0.9991988385544136,0.9994955584819688,0.9982065084191516,0.9988117660727701,0.9995369694838367,0.9994027184697227,0.9822922038501243,0.9301695101211831,0.9484824778790237,0.9526641370615017,0.9375997692425705,0.8858984098742935,0.9553558997766763,0.9408062488692301,0.9573232910492814,0.9557365950972715,0.9458911476272077,0.9794161414693228,0.9778593823651504,0.9906269857555204,0.996869912549946,0.9451756817980321,0.9607914750972177,0.9679820594374311,0.9718640034043782,0.9698926552243867,0.9483390317028738,0.8994296099236113,0.953209715323623,0.9560995344703013,0.9360045798616132,0.886619696776439,0.9661565289260555,0.93645061192453,0.9637797888340489,0.9458855252997189,0.7758408306723003,0.8566356006645587,0.7820600583280527,0.8713711072777536,0.8888514913121813,0.8960458859959533,0.8748485207266108,0.8844638460750316,0.3384841606903078,-0.5933019553472741,0.9619436078950094,0.9464519507835526,0.9455938553294855,0.9495844377558358,0.9573970813100104,0.9681357279735007,0.9682131757363186,0.925955217566953,0.9624121712646106,0.8443448929917294,0.7639411621671626,0.9439559654717622,0.9440478038241523,0.7921308643238058,0.9511205002360658,0.9522233453149971,0.8952597469625126,0.9754630807849509,0.834996940718936,0.5719591339758096,0.7051490893849534,0.8565676366985346,0.8448885846427718,0.8392607941381914,0.9816502061557356,0.9818420169349892,0.7644290297566174,0.7144983980681942,0.7833211336004032,0.3906250408497835,0.7715306890185671,0.7896330365199287,0.7886755415911132,0.7866794028194013,0.7631264542895079,0.7375080071236425,0.71844701191083,-0.3031681046551247,-0.4529417342370969,0.6623275541721519,0.880371162208884,0.9205293379967295,0.9325922853022709,0.9033668747320968,0.8130188982699881,0.9024299162388937,0.9217362068509739,0.9207613426248819,0.7565789722396313,-0.10576558055661107],[0.9695446944527841,0.9853543472740499,0.9907669943599741,0.971798425497334,0.9840300918306475,0.9926979283691708,0.9571775803908146,0.968000152586289,1.0,0.9830357344707212,0.9873413937618188,0.9896544967343651,0.9716744806923343,0.9800004903331334,0.9765877653993307,0.9744916318849677,0.9492645086951951,0.9793043213600359,0.9773436145826767,0.9773066912265655,0.9815115002163034,0.9764525472175954,0.9939672247566427,0.9928025124879586,0.9809264700474815,0.9888428212587005,0.9839948497558405,0.990111012064949,0.9905452666089326,0.9678806420958331,0.9277011287723383,0.949308565484232,0.9656600078937887,0.9499048115486293,0.9709804837742568,0.9793753003582512,0.9760859186938803,0.9784418629793998,0.987850710361263,0.9805128467820938,0.9669966101428008,0.976421362962022,0.9718326333326176,0.9707949711108499,0.9989619013991482,0.8894939574616888,0.9172975452578361,0.943886855382225,0.9345484225181327,0.8596465853440204,0.884457768815972,0.8816789373402202,0.8883288539064366,0.9111384995791254,0.8920288406091995,0.9280003941153737,0.9437136344108095,0.9495258656208795,0.9614323853046258,0.8999887171223565,0.9662501604532855,0.9429696988322335,0.9640674559105298,0.9429815506609436,0.8981071751551611,0.912432315172546,0.9397583759618093,0.9116116889394617,0.8746217200590499,0.877988754024833,0.9656041119773776,0.9169269161725854,0.9412602146417461,0.9029912991096856,0.8151021148244634,0.8418430059829987,0.7223896472978398,0.8621514962255135,0.875131566558568,0.8888856625639543,0.8368636525188906,0.8554586599634413,0.38471177777870147,-0.5294323087519465,0.9550693188562819,0.9506520921503792,0.9469367113987096,0.8987270143082547,0.9450715907115181,0.9530317685275417,0.9524011451174126,0.9367557047532062,0.9373890325766258,0.8658690348568483,0.7682257460389277,0.9353270891464988,0.9593356939909861,0.7917774194799091,0.931999883802257,0.9336487511217556,0.8502745628607127,0.9675347295864071,0.7419380813684244,0.4633409415690277,0.6466837444401471,0.7741626343152292,0.7742091361865296,0.7523660269328625,0.9668867245248286,0.966896839028619,0.6933360793943592,0.6755861329978583,0.675842063084378,0.3821416286384574,0.6852043916158375,0.6919393733863389,0.6759165396795564,0.6908143491741409,0.737057041609878,0.679925726038535,0.6632738122962186,-0.3462605287284245,-0.48164827619395145,0.6733290975085893,0.8360708993644125,0.8334987112590497,0.8609890805958135,0.8565703333011907,0.7495253974265752,0.8137002065681559,0.8391149897063692,0.833229608791214,0.704899565923482,-0.04392678260844828],[0.9964796523293115,0.9918775109213006,0.9932104325394729,0.9969385255048635,0.9985566963959428,0.9841595309400266,0.9996078525392185,0.9999998270133925,0.9830357344707212,1.0,0.9999991200878745,0.9997552721037786,0.9999985243097121,0.9999913552895952,0.9999977168393098,0.9996735388533179,0.9978233507555325,0.9994413432882789,0.9998810602506696,0.9998810140913317,0.9999768411851541,0.999999299533271,0.9937313818357517,0.977807089005282,0.9960909002592319,0.9736906766533637,0.99617481629739,0.9903036876683758,0.9806028981158558,0.9523618706489259,0.9894768537449846,0.9936056947700175,0.9895938990180977,0.9683012105256472,0.9994883199409798,0.9995553132619742,0.9995675816743882,0.9998287220812876,0.9992120476795057,0.9995032262559095,0.9984147393695053,0.9988531399279743,0.9994928148664585,0.9994879264688553,0.9866295809253772,0.9300539517679061,0.9485194502821005,0.952569920869453,0.9375486272516435,0.8860378930029644,0.9453351908198571,0.9346899020026999,0.9490274958061392,0.9538048929165192,0.943812818853907,0.9781325421728767,0.977894189225957,0.9911936381081508,0.9966546641606627,0.9728959775721834,0.9607631990534937,0.9733751549937906,0.9718413766454553,0.9738296141047119,0.9735819399976667,0.9424704859026752,0.953152071693446,0.9516443786419986,0.9513094450471772,0.9120731140494708,0.9661071640748553,0.965113996640099,0.9707996416523496,0.969833508492133,0.9274403544285216,0.856683231227946,0.814083807062368,0.8711681848780466,0.9090596228918303,0.8961857332412207,0.9021270932424416,0.901276265939405,0.7109618352850685,-0.6020831088096409,0.9619287418008674,0.9464533347982553,0.945605230894214,0.9740140530061575,0.9528666388385686,0.9677871664468468,0.9674234734846225,0.9267233839787492,0.9695196029719718,0.9295791842784933,0.763951048101133,0.9436496927987927,0.9560104063673535,0.7752213305776928,0.9445977042372029,0.9458703621258503,0.8953321690388121,0.9746231840504113,0.8961252605584143,0.4716970598050652,0.6807630485855736,0.901911089303365,0.8520249006308053,0.8975310103340076,0.9816076265794728,0.9818296120700546,0.7644978616936362,0.7142480561487727,0.7676399724906867,0.39074790779441215,0.7210419183403213,0.7725594992058626,0.7679719021340343,0.7344138725571788,0.7628788028618743,0.7374761807256139,0.7183916101450357,-0.5235019404466348,-0.6054315585269394,0.6619740742084231,0.8804435562998078,0.9200173021702921,0.9361963156968223,0.9034847113693482,0.8094165325106968,0.8967595427226651,0.9135829498321495,0.9130450994037226,0.8028293220720831,0.1203781848261202],[0.9946583370355027,0.9918903282872247,0.9972012907177304,0.995341594722244,0.9981613558100585,0.9799641607089616,0.9995633257544738,0.9999992977035772,0.9873413937618188,0.9999991200878745,1.0,0.9997552915995666,0.9999963395977652,0.9999946932797572,0.9999982939521471,0.9996549961743928,0.9974617032632996,0.9991652085471203,0.9997784374082451,0.9997782817728976,0.999998408346217,0.9999983093643013,0.9928608319025269,0.9729470206359057,0.9951247448016715,0.9815973557644736,0.9957233770697361,0.9903194380686082,0.9826087245975468,0.944149214609877,0.9883700447245047,0.99292825263419,0.9830128462749258,0.9420665136917464,0.9992508692031201,0.9993083421023198,0.999245400198313,0.9998899453950788,0.9991943761745555,0.9992557201881147,0.9978268447262406,0.9984293590327696,0.9992225271994891,0.9992199778287741,0.9886971829665722,0.9297434602716689,0.9130517866210122,0.952506416497403,0.937438692040844,0.8856978439019999,0.9123004481889152,0.9017038009296487,0.9169856010626511,0.9258537412775235,0.9106018387612059,0.9697859351162785,0.9697603274324398,0.9904694505499712,0.9950683336810376,0.965454329737683,0.9608733128408863,0.9617832638080732,0.9622539008462783,0.9634343419780744,0.9631748388677696,0.9186232817756674,0.9430276404430121,0.9199353129246706,0.919440143551495,0.8432192027631311,0.9636850785939327,0.9696108573580333,0.9658720074586536,0.9647919162543107,0.9189165602129743,0.7836372775816229,0.7427608715666834,0.8300898844652432,0.8859384129076948,0.8525329799899772,0.8691640246707577,0.8677294671587642,0.7071591491870928,-0.4208742848481822,0.9487413385535393,0.9465735517220905,0.945687899506421,0.9666938297891817,0.9395571705232324,0.9517756455213096,0.9511282830212496,0.8972561395126911,0.954762615217159,0.9025447725736874,0.7641046960939575,0.9439882377835817,0.959339389460246,0.6568989144635264,0.9012182640020414,0.9040605640381351,0.8510257901723755,0.9845042886844882,0.8386482202871753,0.1338739657742664,0.5285679969948069,0.8509381659523598,0.8161427579750695,0.8452732269056122,0.9852525688645114,0.9852692788505252,0.5131300984072347,0.6227551157875573,0.5203952036055104,0.39066343906688117,0.48599600966267403,0.5321937415222519,0.5220053722313552,0.4589672704757053,0.7506551735230093,0.5962785236631352,0.5565811591677368,-0.4872240522890973,-0.5429241885407861,0.6613631417876684,0.8591734637594934,0.8719644253015212,0.9029519475928426,0.8969524187990942,0.6638254541514034,0.8402837343206613,0.8643034288190007,0.8635561139706108,0.6076140220581161,0.06478112782041105],[0.994237846670922,0.9935671513047232,0.9963645833063473,0.9951287664978126,0.9981990515478657,0.9791546565690216,0.9995839429134251,0.9997505595437151,0.9896544967343651,0.9997552721037786,0.9997552915995666,1.0,0.9997688092104074,0.9997536699725814,0.9997604648033421,0.9996586409974001,0.9981061104993444,0.9993712241960424,0.9999684850940265,0.9999681680245742,0.999759486682791,0.9997654090433606,0.9923173425997773,0.9691565275026878,0.9938114268890876,0.9820764981198807,0.9946278286148325,0.9930013758278619,0.9784025175039512,0.9238540839410259,0.9910483758533323,0.9939852276492196,0.9783562720127141,0.9219149730198352,0.9993811063872029,0.9994321092256935,0.9993907676328155,0.9995638499626985,0.9995906291167741,0.999408376638019,0.9976771522104317,0.9984571583836909,0.9993684717845328,0.9993652954926211,0.9899078039660532,0.9249993189503598,0.8980262256390911,0.9496527949404631,0.9368866353690225,0.8857793237492108,0.874525974403778,0.9142381190118896,0.8783757201088803,0.8999606604606463,0.8726054969998644,0.9566144453471748,0.9565966612660715,0.9811806456032,0.9943802709455846,0.9646051237537223,0.9656628323980342,0.9579583832114342,0.960382614859544,0.9609081932496999,0.9607545384221041,0.9195013764036682,0.9352552038952182,0.9068406755638302,0.9066653707591293,0.8273434673105589,0.9624744001240407,0.9647823429735012,0.9648749472131952,0.9643218242597824,0.9256728757797532,0.7271117287997683,0.6817682485552639,0.7917715031339756,0.8614947906422877,0.8122091844762761,0.8375764530113334,0.8366662619552627,0.6811867566475925,-0.32114845602295006,0.9434074923345349,0.9495405548731362,0.943162418118812,0.9655317017164067,0.9403623074540594,0.9473737997478755,0.9465569131462208,0.8952809988911798,0.9501126551272513,0.8994067727363622,0.7113353399800536,0.9412911796797412,0.935713400858462,0.5156812238578207,0.8407129406039169,0.8456021280733437,0.7410710933360897,0.977740487268871,0.7169310161224203,-0.23728531969376487,0.25940523000524485,0.7409990375917157,0.6958802873463651,0.7345713504715443,0.9789253158934326,0.979011097709294,0.189297391276302,0.34691830284525627,0.194190819572751,0.1663222064126263,0.18628938781396814,0.20286296634554166,0.20049678473373128,0.11688214255183801,0.5357009979531242,0.26811335985695456,0.21556460148525466,-0.5058122952670978,-0.5500394444085968,0.6622285920111534,0.7518187680422644,0.7758183287577949,0.8391125361940481,0.823556335067649,0.5611994841900897,0.7527484879507002,0.7705544354882031,0.7694500396624746,0.42196494960512443,0.2564797031537766],[0.9962850464117755,0.9920040029254195,0.9903819890091474,0.9966887321295104,0.9985834695171162,0.9845835359457222,0.998413747071812,0.9999970710093429,0.9716744806923343,0.9999985243097121,0.9999963395977652,0.9997688092104074,1.0,0.9999910152871588,0.9999976801089084,0.9993616826591685,0.9930363865786453,0.9994865560180499,0.9999169920785917,0.9999168208098997,0.9999713396582014,0.9999989630968281,0.991047437484146,0.9760497278876422,0.9934631980992698,0.9456392263347247,0.9939858755534029,0.9904394495421884,0.9760522013102175,0.9510546592020119,0.988844944310802,0.9939113826067858,0.9921714667423173,0.9719219945956051,0.999508024188749,0.9996036483417755,0.9997003932136298,0.9997396493154166,0.9992613458098636,0.9995371371803263,0.998293731585762,0.998880438612686,0.999579903356302,0.9994462199543163,0.9820611966998559,0.9304601964687531,0.9486685998221437,0.9526233604376371,0.9377653885777231,0.8865966486090703,0.9557144705040707,0.9412094191434253,0.9576863222495958,0.9560936204100647,0.9462993214498471,0.9796743860181865,0.9780564819125362,0.9907712469197637,0.9969491321761581,0.9454565199735696,0.9608738676289761,0.9682151356459376,0.9719522521675449,0.970123356376622,0.9485731976250062,0.899474397899311,0.9534096645434597,0.9564619522056379,0.9364040719170744,0.8869071209876551,0.9661971859484031,0.9366229459015433,0.963961321985726,0.9461462538976473,0.7758247990775269,0.8569862673850581,0.7825515153289337,0.8717033839088894,0.8891113233844559,0.8962199190175593,0.8752004519256722,0.8848163978670033,0.3386716534103132,-0.593320944186535,0.9620823894062478,0.9466658032094767,0.9457830486751896,0.9498094967820817,0.9575461536276773,0.9682905672974094,0.9683702152219235,0.9260188618815413,0.9626644577797947,0.8444327658378218,0.7640405069185473,0.9433442021741902,0.9435440101676519,0.7922225957429764,0.9511410614051237,0.9522356605425217,0.89560249911094,0.9753185255047916,0.8354811366287868,0.5730391071306404,0.7058108665757817,0.8570404464090374,0.8454224803047733,0.8397397513381907,0.9815861005512396,0.9817778892920138,0.7650532793837471,0.7150328447270999,0.7839276988253411,0.39130900972308524,0.7722056744335055,0.7903245724118578,0.7892945973882586,0.7873905269758523,0.7634826144295399,0.7379612176355139,0.7189190953676319,-0.3022239357773542,-0.4521022687200312,0.6628035795488271,0.8808978025714617,0.9209965905691004,0.9331311212883766,0.9038493275500942,0.8135924481693472,0.9030144716012817,0.9223158763233085,0.9213303924830836,0.7572654381046797,-0.10679870658712379],[0.9963206459939868,0.9918782540277801,0.992577139263071,0.9968117004776229,0.9985887924818243,0.9850870159969125,0.9994734685530169,0.9999925524695886,0.9800004903331334,0.9999913552895952,0.9999946932797572,0.9997536699725814,0.9999910152871588,1.0,0.9999949341398806,0.9995557644999208,0.9977638787692511,0.9994436128038472,0.9999020195084314,0.9999009989083554,0.9999528451512892,0.9999912212888834,0.9930045146806967,0.9764630594570034,0.9958009252654968,0.9676805566407968,0.995576404001854,0.9902768664347111,0.9764313530377376,0.9512115152004721,0.989078651268686,0.9939118608612099,0.991432180410215,0.9714253520997289,0.9994825689324784,0.9995558928220271,0.9996178464296882,0.9998855318007501,0.9992229619951112,0.9994851132292213,0.9981440035619337,0.9988004975602065,0.9995009519986353,0.9994938487307267,0.9845664443912211,0.9302029453419827,0.9484124609201962,0.9524799011263223,0.9374491418996171,0.8859925519821351,0.9499141544847954,0.9335256203161266,0.9521749557417786,0.9554237206573373,0.9455306582364877,0.9779843754100284,0.9777183551072507,0.9900153850846118,0.996940449175549,0.9731324820153843,0.9605319711501477,0.9735535553654484,0.9718481437842807,0.9745136838227335,0.9742508422278072,0.9509067485252682,0.9528662041429992,0.9555983789848691,0.9552441902300204,0.9275618664476026,0.9661415886365546,0.9678820148455997,0.9724075503217415,0.9713156376293749,0.9362655847938343,0.8563805236930303,0.8201910670325199,0.8709436633239193,0.900188619929821,0.8958435822644591,0.8965059312220179,0.8953193853785996,0.6882592725888246,-0.5937778948335916,0.9619508281842764,0.9463457364122682,0.9453555809344268,0.9742621964115898,0.9574958423176144,0.968144800823328,0.9682377931672062,0.926117857148394,0.968767260167287,0.9375416704698539,0.7638263350092266,0.9433808841457447,0.949105760712378,0.791305146284486,0.9509787565687778,0.9520136442068483,0.8952022220436854,0.97566944433887,0.8842150573742903,0.5722689332103668,0.7046832284690573,0.8919373748311791,0.8580917094198045,0.8827058131874999,0.9818627380672911,0.9820817492429775,0.763599327250017,0.7136988058451055,0.8010815479217208,0.3907289919411825,0.7771348250899874,0.8056167009632055,0.8001458812424044,0.7863996314598657,0.7629601312260754,0.736155122250182,0.7171121215479082,-0.3935811247052835,-0.5146475558042678,0.6612434392580072,0.8804386844052999,0.917260171227625,0.9284458387689494,0.9038217874255912,0.8121082672220546,0.8898637362948614,0.9102168469022401,0.9098029779176923,0.8401111275233515,-0.07366055131048212],[0.9962162778814257,0.9919381679100071,0.9905753352243295,0.9966374263294869,0.9985883657799732,0.9847906110183133,0.9991814314335682,0.9999982116568797,0.9765877653993307,0.9999977168393098,0.9999982939521471,0.9997604648033421,0.9999976801089084,0.9999949341398806,1.0,0.9994530945876434,0.9970245309504583,0.9994620964128498,0.9999108452523074,0.9999101854078681,0.9999653478864962,0.9999975846614718,0.9912036031111885,0.9762934319940566,0.9951532069767824,0.9591985061753732,0.9949546772031223,0.9903946971367034,0.976301019009308,0.9512680087800436,0.9913107339176831,0.9941787174880224,0.9920325925337566,0.9716925325417476,0.9994770072731941,0.9995649332142592,0.9996768494043301,0.999755219025285,0.9992271986422577,0.9994929718462323,0.9982316545716793,0.9988281682577154,0.9995469207914826,0.9994153928280228,0.9822930927531734,0.9302467580358085,0.9484999920717669,0.952660595335294,0.937708227730687,0.8861980117849163,0.9554348961506449,0.9409399509258359,0.9574342178196271,0.9556856796880683,0.9458068846025941,0.9794411742210277,0.9778029756437073,0.9905968444033879,0.9968336999486004,0.9454712577417068,0.9608730418350342,0.968149685136411,0.9719436766527965,0.9700460424356429,0.9481567563666712,0.8996473865169121,0.9531187177142934,0.9561642329352384,0.9362174780398401,0.8867550715502724,0.9663028470161172,0.9367968296666903,0.9639835044046795,0.946195611988753,0.7761895239559428,0.8566307463304828,0.7823224759676348,0.8714088949155767,0.8890221588584925,0.8960520007661649,0.8750010792003766,0.8846327072547908,0.33884241486849226,-0.5929980044781112,0.9620294676312714,0.9465893758849183,0.9457161058851176,0.9483344713729902,0.9575731404638627,0.9682175677281796,0.9682915790603196,0.9261486845106728,0.9625806389339727,0.8446141381388352,0.7639721410459225,0.9436620435508685,0.9439492194263247,0.7921326967752695,0.9510475444693676,0.9521546574825602,0.895076636727042,0.975480002003718,0.8350273343719307,0.5717830372788482,0.7050349641237736,0.856576026636548,0.8450118081850683,0.8392881172386879,0.9816889433050825,0.9818777343525343,0.7640383214650522,0.7141572175265761,0.7833000855352293,0.3908840370149416,0.7715074736063942,0.7895519816443858,0.7888301856627262,0.7865787280956025,0.7630448960734512,0.7367651274583608,0.7177387014648577,-0.30298097491995396,-0.4527500525231533,0.6625732583484762,0.8802760468518828,0.9206510160166974,0.9326319588240461,0.9034060991610328,0.8128122807659898,0.9026312705042645,0.921770436196992,0.9209127871540669,0.7566722938727085,-0.10603551163892665],[0.9977028491899919,0.9941167848518564,0.990003239034389,0.9979725469493886,0.9990833015574244,0.9844448351973146,0.9998910387622317,0.9993127181700177,0.9744916318849677,0.9996735388533179,0.9996549961743928,0.9996586409974001,0.9993616826591685,0.9995557644999208,0.9994530945876434,1.0,0.9983816591290392,0.9998483636428206,0.99954357434847,0.9995484178281095,0.9997649672047975,0.9995287219040799,0.990831864138257,0.9752243794915136,0.9937742055940779,0.9514879730576586,0.9934185484262464,0.9920160791199196,0.9744062005501894,0.9518051018130851,0.9917570861833305,0.9925863441772851,0.9929270429862826,0.973842911498464,0.9992675349491318,0.9997316372266662,0.9997138178295488,0.999564939707372,0.9995894606478232,0.9996863495665242,0.9988347774773987,0.9995768133858356,0.9995051176316051,0.9992628645877557,0.9808582228657989,0.9286992008620288,0.9506667954882877,0.9489108568006446,0.9381467504456977,0.89320900891059,0.9575273088460449,0.9455577697884672,0.959818880654604,0.9599198241513882,0.9501204741137703,0.9814702801567737,0.9799196534489676,0.991579737331364,0.996342134612702,0.9501989848011143,0.964538513049619,0.9733622891700358,0.9745309558797509,0.9749863830473416,0.9511055069140366,0.9057336330630339,0.9565155461954202,0.9616813806923247,0.9413786698278364,0.8957948705120188,0.9687942933014485,0.9419897077013768,0.9685582238405043,0.9507548397320713,0.7852224267400275,0.8624103246831364,0.7869060237335171,0.8769746326891757,0.8943252042282609,0.8989690882853264,0.8789100673244249,0.8901550039231676,0.35067728923614894,-0.5898666757333302,0.9653911704123089,0.9516586441052766,0.9505174539807225,0.952623297800883,0.961655961354135,0.971532452556342,0.9716126326414344,0.9305923598827166,0.9680670069762219,0.8528820121516681,0.7656839275416862,0.9337322460749108,0.9357268606848751,0.7946470340797748,0.9511135568984355,0.9520218508823688,0.8953265830981,0.9719034176008042,0.8343065710035914,0.5819007837398363,0.7103535987159235,0.856616