var element=document.getElementById("correlationClose");if(element.style.display!='none'){var correlationClose={"data":[{"type":"heatmap","z":[[1.0,0.9999872156242889,0.635828235462997,0.9997159743454492,0.9978704996872726,1.0,0.992031539837556,0.9881995768267393,0.9881995768267393,0.992714856676376,0.9759585772280626,0.9861086583124451,0.9920713633370107,0.9925026380979985,0.9921148150244081,0.8587489750113311,0.8136107591394293,0.3468775542384543,0.9930103524967572,0.9929975205671533,0.9852526419936466,0.9920588240901174,0.444185224720231,0.717948832277529,0.980755160311978,0.980755160311978,0.9807032589005403,0.9729659272376419,0.3491582352425574,-0.1015837889734256,0.9895784592637205,0.9895404482093334,0.29925069619844646,-0.17508984853858758,0.9945027434031721,0.9952139657063416,0.8369723927192325,-0.3709170126833546,0.9901588431227348,0.995152353410291,0.8479762248460259,0.3279919162941176,0.9946556613180703,0.9946525525940495,0.9946556613180703,0.8854595716176372,0.6580539917477349,0.8914585092351,0.8988305740208243,0.8081068479551252,0.37588844136760174,-0.1628660826051832,0.19758379310633412,0.9456430327312173,0.4067883179149211,0.9749663470399945,0.9699434971956316,0.979873920049183,0.9897642172259021,0.9260830945910298,0.9315109001175159,0.9419283389566298,0.9245645481561308,0.9391762825456522,0.9398446603180415,0.9391762825456522,0.8725377251246502,0.9174094682389036,0.9183632274475234,0.9174094682389036,0.9153715201222314,0.7712582633648312,0.8882638989506536,0.889646076416665,0.8882638989506536,0.6720830107144006,0.35184750712668705,0.6541181850289808,-0.5675234734847686,0.5591281017426254,0.589786642253641,0.5905031089667018,0.589786642253641,-0.10509132947085464,0.9035648090839782,0.9357813117389574,0.9186978590750667,0.9275859606027812,0.33112781470804475,0.899178539012503,0.9000614976431045,0.899178539012503,0.9046314283100757,0.9046314283100757,-0.11084347575560918,0.5892744338972982,0.1799248009555273,-0.6407702015359308,-0.5793126202469672,-0.582925065225358,-0.08937141069028062,0.10568445911633381,0.22907298046259827,0.059281884260518454,-0.49428547753726393,0.014400985721432565,-0.7958774123345815,-0.25255597372822847,0.16078070882711074,0.16175369458039726,-0.5607200103510024,-0.5885621168249364,-0.2516535487331491,-0.5044960400286622,-0.8215901083856962,-0.3837100957033127,-0.3756076714205478,-0.3837100957033127,-0.1922892210964067,-0.3025775932770459,-0.3025775932770459,-0.8096301068942879,-0.8096301068942879,0.3960946139013214,0.6389514929088398,0.8611640148749167,0.84386864750337,0.768796159315401,-0.30058849504840957,0.7539119122874127,0.7898904448727706,0.790187483141321,0.7898904448727706,-0.21812582982474088],[0.9999872156242889,1.0,0.9768539101220253,0.9993853294851136,0.9953069668673967,0.9999872156242887,0.9830739655914651,0.9763807686641565,0.9763807686641565,0.9829322992866265,0.9679261392797595,0.9847208436639686,0.9831261182061953,0.9830532723385343,0.9829136010368198,0.406509759567835,0.326138505485312,-0.3783770739889419,0.9872901938962577,0.9872709721642087,0.9831749375219705,0.9831683662438141,-0.09177217213418667,0.9760429264102687,0.9780385855546094,0.9780385855546094,0.9780329656585649,0.9731439650509032,0.1621066408515626,0.1811038326612735,0.9797300262894386,0.9797301137163811,0.9328237579469719,0.19023895349764058,0.9901075719920648,0.9901814078260067,0.9908033243342768,0.9844426867913401,0.9890955973502342,0.9903330210634305,0.3615462570842832,-0.3838797572517057,0.9908219820196046,0.9908324255453541,0.9908219820196046,0.8853021811009555,0.5136192342280627,0.8914800262626271,0.8986244213506414,0.807502893194888,-0.3691853466753911,-0.5166021767235072,0.8254534490987319,0.8664227938023,-0.23743787448403095,0.932695030694762,0.9328283917760284,0.9518958908308516,0.9757689587543475,0.9427814558837947,0.9506081938693716,0.9341446481650965,0.9333071183091544,0.939226885098242,0.939775305476966,0.939226885098242,0.832520647968042,0.8015295963472299,0.8034760887712327,0.8015295963472299,0.9448509678577306,0.9484732152948986,0.9449555343320848,0.9459008826210766,0.9449555343320848,0.559078785334973,0.5014035481348289,0.6064302092770224,0.6978609179052396,0.599821307954057,0.6263907433174732,0.6271384074266986,0.6263907433174732,-0.1985277673543382,0.902098245172498,0.9295301012117273,0.9196775309826777,0.9485987401732978,-0.23520088731240563,0.8976931706252049,0.8980000534215998,0.8976931706252049,0.9062404044377937,0.9062404044377937,-0.20213856727190804,0.5896930719029236,-0.3603360694689951,-0.7406615801674689,-0.4623093525203272,-0.46582866581872356,-0.3449731948517594,0.2609276000697134,-0.24215176827229515,-0.4569008407533178,-0.6862972268577633,-0.3241937412260882,-0.4844964619221226,-0.38067150782658205,0.13823045176872897,0.13468106964609708,-0.4890140672173841,-0.4505595590417188,-0.47903090944295446,-0.5098867107075489,-0.5019706277503933,-0.4811657180739129,-0.48457575441058354,-0.4811657180739129,-0.344759010694731,-0.513887026557675,-0.513887026557675,-0.4906509352419188,-0.4906509352419188,0.39619469944214275,0.3807864472898113,0.5022477004854398,0.5944942908450089,0.5425828797935122,-0.4242155956312306,0.36599329660370233,0.33201312697186325,0.332100533143687,0.33201312697186325,0.1269808702702936],[0.635828235462997,0.9768539101220253,1.0,0.6318610206587747,0.5516640524184268,0.635828235462997,0.6200118843903313,0.6108140978512933,0.6108140978512933,0.5502094242358969,0.5054053484225467,0.996051844721624,0.620055517283108,0.6097642090092432,0.6203021300873414,0.4728703114181966,0.46898780791145755,-0.16995241545629414,0.5769784583939684,0.5761459738162773,0.5387661564109282,0.6190189918018086,0.22416264551684614,0.7599582839336949,0.5956377282523422,0.5956377282523422,0.5954021583916065,0.9877015027541883,0.3381762751343563,0.17165346176820587,0.579019435734668,0.5786171277932469,0.7346420977707776,0.02256706733152798,0.616593513615709,0.5455599426933233,0.5894390070307571,0.3214721498483829,0.9938054456245582,0.5388252248480909,0.4639827965159704,-0.17813108385750828,0.6332511143260302,0.6145420442848575,0.6332511143260302,0.8828689697606318,0.3970996141275354,0.913657079953785,0.8869801950237012,0.6898394081792654,0.20680409316115228,-0.04949613484747566,0.0494070639459235,0.4897801808527765,-0.08711411959372707,0.5632607122334716,0.5182211692575478,0.5458649983925102,0.5073123993678508,-0.028993593070454807,0.7617146806072679,0.6970328636899588,0.5871036301067291,0.7028490167049272,0.7416317309139804,0.7028490167049272,0.46278417537111566,0.6038134539061434,0.675140595490587,0.6038134539061434,0.6504629676658055,0.6526439838073481,0.7004889045118613,0.7555261065639695,0.7004889045118613,0.33373633353554466,-0.08764206784721648,0.35020479975436986,0.11278617015655767,0.34665073601111995,0.2610287477690543,0.4551016672392206,0.2610287477690543,-0.1682856256303468,0.5537982640108469,0.8604350145317698,0.6323850840483803,0.75664845365171,-0.021215987391982317,0.6016940662138814,0.6013637171496996,0.6016940662138814,0.6855264493468721,0.6855264493468721,-0.22283307903304606,0.717203683870623,-0.19467392887965856,-0.6473872300482323,-0.4204551389592406,-0.42403878880656554,-0.40565958943157193,0.07323426310692749,0.02359794845523105,-0.3062215716108178,-0.6274893473613709,-0.15399797948850702,-0.285488719173869,-0.24348278754821776,0.03261373286604392,0.03015348335362282,-0.4750224446122938,-0.03755384269888039,-0.24500005298917255,-0.5011571891645877,-0.17125837656136053,-0.3878998881783373,-0.26712017778090963,-0.3878998881783373,-0.4071655223112937,-0.5221068495349505,-0.5221068495349505,-0.2819097404978717,-0.2819097404978717,0.33524672695613134,0.17194946139143524,0.2699374694098685,0.5078696004678204,0.2610834197968394,-0.35638010264567926,-0.023172729824733874,0.45333334116537727,0.5597632224487697,0.45333334116537727,-0.03651263366605939],[0.9997159743454492,0.9993853294851136,0.6318610206587747,1.0,0.9988480497892351,0.999715974345449,0.9933944314960644,0.9900298367476968,0.9900298367476968,0.9943146558421143,0.9738736551293375,0.9898164801731851,0.9934243598954862,0.9941608974031151,0.993446281363493,0.8581468824038083,0.8126788280660895,0.33189340339766976,0.9941804474842956,0.9941704624254335,0.9854061315613142,0.9934043984880621,0.4356621249549499,0.7222808464538812,0.9834537958354863,0.9834537958354863,0.9834055688270169,0.9798422683373263,0.34519412818207307,-0.10785646932349266,0.9889590805691515,0.9889331816939726,0.2915051696976092,-0.17522885344233569,0.9951101075852992,0.9960214303117229,0.8016035916235044,-0.37561416620918076,0.9928102573202773,0.996197034807741,0.8465537479557599,0.3126938894543069,0.9929902225826784,0.9951652713719096,0.9929902225826784,0.8828385727510948,0.6454975808798643,0.8968894498451485,0.8963236072268729,0.7889318908941311,0.3706585523792479,-0.1682260682050017,0.19179716144514222,0.9399788715945733,0.39062571025430387,0.9704382181449862,0.9669256804702318,0.9777048560514597,0.9897575104133113,0.9052584941721786,0.9251170208600725,0.9291634534977551,0.920750092739119,0.9224327282718986,0.9233453877672605,0.9224327282718986,0.864746616016739,0.9054605807185622,0.9065049919686948,0.9054605807185622,0.9121075109073228,0.7120427199497643,0.8499166723076635,0.8513153166227598,0.8499166723076635,0.6640827511976587,0.1288243504579654,0.6444368399950119,-0.5719740337184072,0.5543567832780396,0.3270703674047674,0.5608020744363525,0.3270703674047674,-0.11146624943706888,0.8984951343596781,0.9284980893624605,0.9112783959668322,0.904836308895276,0.3168490504340649,0.894853919708472,0.8958679455396195,0.894853919708472,0.8856378358679845,0.8856378358679845,-0.1155949922291716,0.6103290797566965,0.18460957880979853,-0.6509549080541286,-0.5862002309455209,-0.5897212122732423,-0.10149528920626415,0.10113970484390745,0.22210993723152012,0.04622497713092664,-0.5065875280562461,0.008062911988470381,-0.8015607196316025,-0.2602314798038505,0.1508666615216198,0.15188961115919505,-0.5673475313509742,-0.5848920842887111,-0.2528735140794248,-0.5149238097418727,-0.8230440555673665,-0.38506290138968785,-0.3775262598717965,-0.38506290138968785,-0.2007114131384475,-0.31209605734907403,-0.31209605734907403,-0.8091060155996457,-0.8091060155996457,0.38536565908065534,0.6272071912960261,0.8531963494781556,0.8360910187893067,0.7612073571807774,-0.3134779352292093,0.7447755424207121,0.780913330439739,0.7812200545600816,0.780913330439739,-0.20319405968694382],[0.9978704996872726,0.9953069668673967,0.5516640524184268,0.9988480497892351,1.0,0.9978704996872726,0.9971348870149577,0.9955208407027417,0.9955208407027417,0.9973331589766127,0.9655851711132027,0.996326791913343,0.9971559160819209,0.9972348940267587,0.997181849138974,0.7980206417876962,0.7326187797853987,0.12784999370796285,0.9976587683082965,0.9976551684810757,0.987281040600238,0.9971417977814762,0.08660340242448249,0.6986130705118873,0.9920060420804008,0.9920060420804008,0.991953781576739,0.9893854366831896,0.12311659589619697,-0.08936225682784331,0.9871196792347124,0.9870533708616844,-0.0011644414272866553,-0.07086395615440168,0.9978035424733238,0.99773481550733,0.7892438187749163,-0.502721681008614,0.9976317193522627,0.9980763018431917,0.7768707359248058,0.1036392248318571,0.9977478393250705,0.9977512679449011,0.9977478393250705,0.8977278983889457,0.608694664067503,0.9141942349935962,0.9013697815716886,0.7628249535250823,-0.09632664383996882,-0.5866422800905514,-0.20919866262304745,0.9279488803070395,0.24391070803838116,0.9653536036482683,0.9654119607309638,0.979699632721816,0.9903413301485361,0.9037300103060849,0.906871825100252,0.9194047864927177,0.9081085142899272,0.9178271100008225,0.918183821737541,0.9178271100008225,0.8396455478184753,0.8599663419222398,0.8611361658919208,0.8599663419222398,0.9010374210968736,0.8089182795121566,0.8816547706521464,0.8824849191074174,0.8816547706521464,0.6222471605586648,0.4992221572617995,0.6090526547179729,-0.5969994658602026,0.6069738844053195,0.5850781016395725,0.5843399115571023,0.5850781016395725,-0.12945251988224804,0.8807508406191583,0.9042006977662639,0.8886173795165324,0.9121766083457955,0.16422905591553252,0.8805377713929177,0.8816159350882837,0.8805377713929177,0.8872649364014866,0.8872649364014866,-0.15552316676826905,0.6596714056036863,0.03985348099286288,-0.6821290428277874,-0.6362419375358076,-0.6368169104795524,-0.1342420199563535,0.1242739946891356,-0.16995685790825887,-0.2028437141324725,-0.5813045214160373,-0.35452677711907626,-0.852340702370328,-0.5427095716240412,0.11964184838633017,0.12051975399554216,-0.5942643989889407,-0.5779392472022363,-0.5343781694835541,-0.5538219045828647,-0.7831939254819515,-0.5869804896119812,-0.5899242595806348,-0.5869804896119812,-0.24070403062069903,-0.34688988605212606,-0.34688988605212606,-0.7509920392579317,-0.7509920392579317,0.37155002942874593,0.6085723626173851,0.8059574727450196,0.7890855751358551,0.7506480286871334,-0.44330902875828676,0.6019339916228755,0.6724649178825504,0.6728897463635332,0.6724649178825504,0.02356079314793951],[1.0,0.9999872156242887,0.635828235462997,0.999715974345449,0.9978704996872726,1.0,0.992031539837556,0.9881995768267393,0.9881995768267393,0.992714856676376,0.9759585772280626,0.9861086583124451,0.9920713633370107,0.9925026380979985,0.9921148150244081,0.8587489750113311,0.8136107591394293,0.3468775542384543,0.9930103524967572,0.9929975205671533,0.9852526419936466,0.9920588240901174,0.444185224720231,0.717948832277529,0.980755160311978,0.980755160311978,0.9807032589005403,0.9729659272376419,0.3491582352425574,-0.1015837889734256,0.9895784592637205,0.9895404482093334,0.29925069619844646,-0.17508984853858758,0.9945027434031721,0.9952139657063416,0.8369723927192325,-0.3709170126833546,0.9901588431227348,0.995152353410291,0.8479762248460259,0.3279919162941176,0.9946556613180703,0.9946525525940495,0.9946556613180703,0.8854595716176372,0.6580539917477349,0.8914585092351,0.8988305740208243,0.8081068479551252,0.37588844136760174,-0.1628660826051832,0.19758379310633412,0.9456430327312173,0.4067883179149211,0.9749663470399945,0.9699434971956316,0.979873920049183,0.9897642172259021,0.9260830945910298,0.9315109001175159,0.9419283389566298,0.9245645481561308,0.9391762825456522,0.9398446603180415,0.9391762825456522,0.8725377251246502,0.9174094682389036,0.9183632274475234,0.9174094682389036,0.9153715201222314,0.7712582633648312,0.8882638989506536,0.889646076416665,0.8882638989506536,0.6720830107144006,0.35184750712668705,0.6541181850289808,-0.5675234734847686,0.5591281017426254,0.589786642253641,0.5905031089667018,0.589786642253641,-0.10509132947085464,0.9035648090839782,0.9357813117389574,0.9186978590750667,0.9275859606027812,0.33112781470804475,0.899178539012503,0.9000614976431045,0.899178539012503,0.9046314283100757,0.9046314283100757,-0.11084347575560918,0.5892744338972982,0.1799248009555273,-0.6407702015359308,-0.5793126202469672,-0.582925065225358,-0.08937141069028062,0.10568445911633381,0.22907298046259827,0.059281884260518454,-0.49428547753726393,0.014400985721432565,-0.7958774123345815,-0.25255597372822847,0.16078070882711074,0.16175369458039726,-0.5607200103510024,-0.5885621168249364,-0.2516535487331491,-0.5044960400286622,-0.8215901083856962,-0.3837100957033127,-0.3756076714205478,-0.3837100957033127,-0.1922892210964067,-0.3025775932770459,-0.3025775932770459,-0.8096301068942879,-0.8096301068942879,0.3960946139013214,0.6389514929088398,0.8611640148749167,0.84386864750337,0.768796159315401,-0.30058849504840957,0.7539119122874127,0.7898904448727706,0.790187483141321,0.7898904448727706,-0.21812582982474088],[0.992031539837556,0.9830739655914651,0.6200118843903313,0.9933944314960644,0.9971348870149577,0.992031539837556,1.0,0.9974500171383835,0.9974500171383835,0.9999701058479495,0.9587873835170753,0.9996713191466085,0.9999965257720942,0.9999863771488999,0.9999932664251273,0.9072948854611026,0.8975752812367954,0.29182682018265454,0.999857438745565,0.9998575577737818,0.9896163901335064,0.9999967168646922,0.3489542055917592,0.7209481637888815,0.9854650733046623,0.9854650733046623,0.9863170948136535,0.9902274940285725,0.27190251378068675,-0.1635617803849565,0.991613657106464,0.9914825356701774,0.19628027859460317,-0.2232401898890637,0.9993346599423097,0.9994434150436903,0.4138287723392524,-0.3141717311502936,0.998975186949975,0.9993995319660985,0.8936812933910439,0.2712612470304631,0.9400919433737086,0.9990801184807853,0.9400919433737086,0.9074881006565553,0.6152270510405689,0.9320099099371206,0.9096654344992037,0.7256414395070974,0.40834895452100106,-0.10794288480920199,-0.20092541977762016,0.9269846231230923,0.35590157047758375,0.9675366824145342,0.9621372049915161,0.9784376344715885,0.9957323127784997,-0.046125707772352996,0.8659198490862346,0.8279146113905144,0.8743965914791393,0.8222473058160038,0.7860382033899687,0.8222473058160038,0.8017602550206476,0.790138531768584,0.7812008844796929,0.790138531768584,0.8657566349432158,0.36886287725855926,0.5770556276556758,0.6438414700086302,0.5770556276556758,0.5914539717348535,-0.3479663150314611,0.5601697277456573,-0.6353251340859456,0.48360188520153696,-0.10038964416210135,0.42524579183129874,-0.10038964416210135,-0.15294595736224234,0.8436260248803344,0.8636088288036488,0.8490172579432853,0.7613276120807476,0.27635155224795116,0.8436568890178853,0.845114013687441,0.8436568890178853,0.7587396989348325,0.7587396989348325,-0.1918022530890264,0.7026078006813696,0.24464687255400144,-0.6609274693009056,-0.6265089303251282,-0.6295925718156211,-0.14700016063110127,0.05124636681623225,0.33466982200102247,0.013624338429564434,-0.5237082646578067,0.06657036557309672,-0.8278897080336524,-0.1601467257842986,0.0839352048132671,0.08501064070803302,-0.6099427068264036,-0.5938952337034316,-0.08972578237188264,-0.5885309221150135,-0.8364945614680244,-0.3783107782913637,-0.20988840885396148,-0.3783107782913637,-0.2737515349560626,-0.3561687731361538,-0.3561687731361538,-0.8289267537669583,-0.8289267537669583,0.371589953313206,0.5907494064262591,0.5048589900324754,0.803560111415502,0.7443963512433087,-0.3650165425118773,0.06506137702777437,0.7522189588178666,0.7712990417975384,0.7522189588178666,-0.13405934267858516],[0.9881995768267393,0.9763807686641565,0.6108140978512933,0.9900298367476968,0.9955208407027417,0.9881995768267393,0.9974500171383835,1.0,1.0,0.9995451061971053,0.9517755776525464,0.9986694922351709,0.9982073981117618,0.9993931602219941,0.9991238558830942,0.9050896716970035,0.8874867984753039,0.2700617977818782,0.9991713297614265,0.9991728611965014,0.9869556610738718,0.9992651461922131,0.32350004759694667,0.7217742321065529,0.9925886352516629,0.9925886352516629,0.9843573458135112,0.9872268341061052,0.2543949920532415,-0.17699238398557585,0.9879031596997082,0.9913315922021286,0.17760477344214665,-0.2291130956544271,0.9982813739120948,0.9982454363007269,0.3955979243010543,-0.32087855641830565,0.9969638460687281,0.9981740103085719,0.8917827847923023,0.2490791108535157,0.9324343731222419,0.9981101884191229,0.9324343731222419,0.9049866547859046,0.6000724179344261,0.9322618090327726,0.9064619196366396,0.7027551901669783,0.3953403942349332,-0.122954952127093,-0.2136091018585997,0.9183276680646203,0.33540016348835305,0.9628661848097199,0.9568781141134344,0.9733155266222661,0.9947677047874038,-0.05595136717382776,0.8545555431152465,0.8120217137850523,0.8660927937864956,0.8074711400526223,0.7738501174777748,0.8074711400526223,0.789545481724418,0.7715261001017439,0.7677584765175534,0.7715261001017439,0.8576864997390422,0.3495300747620511,0.556844783515077,0.6275529186971137,0.556844783515077,0.578650152358663,-0.3625603218390155,0.5456565024889009,-0.6429538601298224,0.4758644203207076,-0.12230653776737557,0.40910562767730063,-0.12230653776737557,-0.15967928469042134,0.8339165004450242,0.8493440071424833,0.8366966358781438,0.7467675187501012,0.2587605743536504,0.8345123117666806,0.8361560779847088,0.8345123117666806,0.7414395416017555,0.7414395416017555,-0.20688345115525622,0.7268477353012608,0.2518316260989534,-0.670299957472221,-0.6392225875863929,-0.6421204163373726,-0.16173318497805544,0.04362050837102626,0.32769831633511776,-0.005534816610609325,-0.5363328840032207,0.05729883144836535,-0.8338507859225823,-0.16663390984491583,0.06872478899990564,0.0698240350718086,-0.6215407408395894,-0.594935339286531,-0.09657824273825517,-0.6052181618475372,-0.8361724614182717,-0.38978763733919713,-0.21610734042402271,-0.38978763733919713,-0.29111890616552993,-0.36978488021781425,-0.36978488021781425,-0.8270454319348983,-0.8270454319348983,0.3519050065266948,0.573890276327346,0.4862024239340313,0.785808297779838,0.731800122195778,-0.3865705820756308,0.051055996308910674,0.733172963677287,0.7556064253439518,0.733172963677287,-0.11697339694534009],[0.9881995768267393,0.9763807686641565,0.6108140978512933,0.9900298367476968,0.9955208407027417,0.9881995768267393,0.9974500171383835,1.0,1.0,0.9995451061971053,0.9517755776525464,0.9986694922351709,0.9982073981117618,0.9993931602219941,0.9991238558830942,0.9050896716970035,0.8874867984753039,0.2700617977818782,0.9991713297614265,0.9991728611965014,0.9869556610738718,0.9992651461922131,0.32350004759694667,0.7217742321065529,0.9925886352516629,0.9925886352516629,0.9843573458135112,0.9872268341061052,0.2543949920532415,-0.17699238398557585,0.9879031596997082,0.9913315922021286,0.17760477344214665,-0.2291130956544271,0.9982813739120948,0.9982454363007269,0.3955979243010543,-0.32087855641830565,0.9969638460687281,0.9981740103085719,0.8917827847923023,0.2490791108535157,0.9324343731222419,0.9981101884191229,0.9324343731222419,0.9049866547859046,0.6000724179344261,0.9322618090327726,0.9064619196366396,0.7027551901669783,0.3953403942349332,-0.122954952127093,-0.2136091018585997,0.9183276680646203,0.33540016348835305,0.9628661848097199,0.9568781141134344,0.9733155266222661,0.9947677047874038,-0.05595136717382776,0.8545555431152465,0.8120217137850523,0.8660927937864956,0.8074711400526223,0.7738501174777748,0.8074711400526223,0.789545481724418,0.7715261001017439,0.7677584765175534,0.7715261001017439,0.8576864997390422,0.3495300747620511,0.556844783515077,0.6275529186971137,0.556844783515077,0.578650152358663,-0.3625603218390155,0.5456565024889009,-0.6429538601298224,0.4758644203207076,-0.12230653776737557,0.40910562767730063,-0.12230653776737557,-0.15967928469042134,0.8339165004450242,0.8493440071424833,0.8366966358781438,0.7467675187501012,0.2587605743536504,0.8345123117666806,0.8361560779847088,0.8345123117666806,0.7414395416017555,0.7414395416017555,-0.20688345115525622,0.7268477353012608,0.2518316260989534,-0.670299957472221,-0.6392225875863929,-0.6421204163373726,-0.16173318497805544,0.04362050837102626,0.32769831633511776,-0.005534816610609325,-0.5363328840032207,0.05729883144836535,-0.8338507859225823,-0.16663390984491583,0.06872478899990564,0.0698240350718086,-0.6215407408395894,-0.594935339286531,-0.09657824273825517,-0.6052181618475372,-0.8361724614182717,-0.38978763733919713,-0.21610734042402271,-0.38978763733919713,-0.29111890616552993,-0.36978488021781425,-0.36978488021781425,-0.8270454319348983,-0.8270454319348983,0.3519050065266948,0.573890276327346,0.4862024239340313,0.785808297779838,0.731800122195778,-0.3865705820756308,0.051055996308910674,0.733172963677287,0.7556064253439518,0.733172963677287,-0.11697339694534009],[0.992714856676376,0.9829322992866265,0.5502094242358969,0.9943146558421143,0.9973331589766127,0.992714856676376,0.9999701058479495,0.9995451061971053,0.9995451061971053,1.0,0.9577042241113435,0.9996333123965185,0.9999713964107165,0.9999703131681486,0.9999754023306416,0.8245838614853772,0.7614808395306396,0.1769238311731591,0.9998106735472656,0.999811243015854,0.9894771200747001,0.9999684751862531,0.13432398037364437,0.6919673136721471,0.9949743193345508,0.9949743193345508,0.9949190382819809,0.9900756936089758,0.1057499493978632,-0.10192621771309705,0.9904228343743033,0.9903788885743976,0.015583649454359414,-0.18087446343834204,0.9993738718404502,0.9993321197302062,0.796475459931044,-0.49731805545963675,0.9989057641380238,0.9993768535643281,0.8042144136222757,0.15319723676185035,0.9992305954141557,0.9992367514004533,0.9992305954141557,0.9071892221635408,0.6158394318423736,0.9315855155621976,0.9089506860187113,0.7250801297863945,0.007505138009477581,-0.5371174033532342,-0.1623797861718227,0.9226496684331771,0.30214175584026975,0.9628473236479249,0.9621835254901094,0.9802369743955809,0.9949423742979325,0.8778768062393206,0.866713263765111,0.8946499622046618,0.8753158610191889,0.8931004557970421,0.8937227113291344,0.8931004557970421,0.8011337591481523,0.8420050370378345,0.843519927359921,0.8420050370378345,0.8671115873224212,0.772326509171309,0.8532776209962174,0.8545233741066934,0.8532776209962174,0.5910014971600291,0.42803621009761206,0.5593682347995129,-0.6487690286750271,0.5391522319094182,0.5047123642863178,0.5045128166071546,0.5047123642863178,-0.11034853661937218,0.8442367835982079,0.8635602574591443,0.84941720777981,0.8870547572303539,0.19476917044639244,0.8491474772444765,0.8511380014290285,0.8491474772444765,0.8559778696500454,0.8559778696500454,-0.19358702915108866,0.7032013955491978,0.06523138489763337,-0.6730619875579331,-0.6631231793850074,-0.6641793117313892,-0.15055645592487865,0.05445208839528833,-0.17564934385122877,-0.17073987015494094,-0.5659000170986365,-0.38326759983725517,-0.8694194182536316,-0.5790878646500554,0.08298550141663354,0.08443610402657285,-0.6115869359311596,-0.5899694194376941,-0.5442210102862334,-0.590274739119793,-0.8062465386099088,-0.6102429240224578,-0.6125558547585652,-0.6102429240224578,-0.27610965364479434,-0.3595658492696652,-0.3595658492696652,-0.7861556737520521,-0.7861556737520521,0.3720879758437,0.589326967901564,0.8155883978499884,0.8010003410290578,0.7427236127875667,-0.3925972639616108,0.6354711827267052,0.6962488282784913,0.6964043562121727,0.6962488282784913,0.10198501962247003],[0.9759585772280626,0.9679261392797595,0.5054053484225467,0.9738736551293375,0.9655851711132027,0.9759585772280626,0.9587873835170753,0.9517755776525464,0.9517755776525464,0.9577042241113435,1.0,0.9404995133972147,0.9588078989018632,0.9588247446930532,0.9584256501359902,0.6670540156198842,0.5910010509039765,-0.038552638677378646,0.9634270084710425,0.9634058753495331,0.9589292473742336,0.9589214923135823,0.06445382876833344,0.7335322029356393,0.9604344835867438,0.9604344835867438,0.9605377189604841,0.8793240192306544,0.21493341766819235,-0.0836976382258261,0.9660839547977218,0.9661243745345961,0.1756767099487113,0.09406736127801345,0.967148013898178,0.9674695741275064,0.8768442528479805,-0.3991614904516749,0.949520341674379,0.9663659303680334,0.6429825977245316,-0.059999680277625755,0.9683179865813546,0.9683493139123035,0.9683179865813546,0.8029663272065667,0.41454587628529915,0.8056296492972761,0.8856449230648141,0.8437089246836922,-0.5320359298014088,-0.6822998129839764,-0.2624494928903352,0.8835212616483044,0.0028599943842722666,0.91456027515556,0.9146240250560442,0.9346596065774794,0.9643780941421228,0.8816217636004985,0.8814888229251476,0.9024656374412675,0.8847016003753162,0.8956693120512353,0.8963332523793293,0.8956693120512353,0.8356263919784467,0.8176598853207504,0.8194496357934246,0.8176598853207504,0.8784611430418255,0.8945843073450016,0.8768702059230004,0.8775099467646272,0.8768702059230004,0.6787891668621743,0.6050561419657492,0.6796029145234017,-0.34226478354200673,0.6999764248426678,0.716269264575728,0.718730727835706,0.716269264575728,-0.2713766262108489,0.8821353992445415,0.9363073604272348,0.8971390109014662,0.8945456194623044,0.049265173344207755,0.8756333953374611,0.876739974065627,0.8756333953374611,0.8850109206022916,0.8850109206022916,0.037978812730734834,0.3831389663978711,-0.10361805916436613,-0.6015793050550211,-0.4222502641523564,-0.4244036684500327,-0.004387254000582472,0.41511561971234046,0.05277698804934035,-0.1229485073999365,-0.4759615626338358,-0.054564593401894734,-0.8005429534120512,-0.21616460168923474,0.300762137725147,0.3003802645737671,-0.39014711432316423,-0.4347234581431556,-0.3508169833892969,-0.35996732008041366,-0.6702669452062758,-0.37094748088811297,-0.3732607565029681,-0.37094748088811297,-0.08639359253585001,-0.39791330438322514,-0.39791330438322514,-0.5393850503215153,-0.5393850503215153,0.5344655143279865,0.6553013378940445,0.753782878137921,0.6818187110318086,0.821534991955174,-0.484068727713115,0.3896376962614135,0.5430115734361151,0.5432875645172461,0.5430115734361151,-0.19845670720019526],[0.9861086583124451,0.9847208436639686,0.996051844721624,0.9898164801731851,0.996326791913343,0.9861086583124451,0.9996713191466085,0.9986694922351709,0.9986694922351709,0.9996333123965185,0.9404995133972147,1.0,0.9996701451714717,0.9996660281838397,0.9996330600695096,0.4852119381138325,0.39779225631306253,-0.469946469832586,0.9997936203337463,0.9997969000434228,0.9996758716383845,0.9996758187736391,-0.2042569583066569,0.9698226896914174,0.9941339307655854,0.9941339307655854,0.994097627875805,0.9923838767960655,0.13860436090021064,0.12139822509838669,0.9909302340608726,0.9909558005688152,0.9399903402058942,0.07730188515942135,0.9989537450489816,0.9989068763347028,0.9987700742278909,0.9993337315536125,0.9993695226459194,0.9989936751473145,0.43441713897830336,-0.4788078312844499,0.9987120038323252,0.9987243433892988,0.9987120038323252,0.9007902670159174,0.4578498097395244,0.9278332947596779,0.9068321836962154,0.7259300725731176,-0.4722053060025516,-0.6245989990420157,0.8011021527488381,0.8283043427952186,-0.33264072598994815,0.9261406413698944,0.9263595187879843,0.9668961594982459,0.9930103058197015,0.8878754395060812,0.8958883169838444,0.8706743616717908,0.87198169834754,0.8777969783811347,0.8785204278481565,0.8777969783811347,0.7437640374065472,0.707358919500881,0.7096883037951901,0.707358919500881,0.8950984468989189,0.9016829939371998,0.8941609865706499,0.8953388662534234,0.8941609865706499,0.44825835917061757,0.38044924614690884,0.49307391428398445,0.6014173484365126,0.49432670418959973,0.5270500594089574,0.5291891453021147,0.5270500594089574,-0.3763028569349889,0.8282667837372159,0.8677178011626331,0.8524706037187824,0.8953226516953509,-0.2710806603139728,0.8227917614274339,0.8232064183935491,0.8227917614274339,0.8341052504851787,0.8341052504851787,-0.24730450173287477,0.694939183602925,-0.38073521535913296,-0.7658076245294664,-0.5364908425514594,-0.5390121334932457,-0.395404289595209,0.2051003657441726,-0.2883960513453587,-0.49624120717874315,-0.7184738579209915,-0.3758884609542124,-0.6013376073967119,-0.44375979524616876,0.07787420832765617,0.075059557311586,-0.5585455441855351,-0.5274330227503966,-0.5477121869562764,-0.5829296394805411,-0.5765542795366737,-0.5509518530757438,-0.554124644909116,-0.5509518530757438,-0.4194898894621199,-0.6101862735455732,-0.6101862735455732,-0.6115270600421725,-0.6115270600421725,0.3675093025359652,0.33967533055082816,0.46823724673122946,0.5598241959184752,0.5316287752560278,-0.5659970291330397,0.29609697993827916,0.292102507508889,0.2922550653340654,0.292102507508889,0.2186637516536165],[0.9920713633370107,0.9831261182061953,0.620055517283108,0.9934243598954862,0.9971559160819209,0.9920713633370107,0.9999965257720942,0.9982073981117618,0.9982073981117618,0.9999713964107165,0.9588078989018632,0.9996701451714717,1.0,0.999990134168562,0.9999949750716965,0.9072420702267892,0.8910542051441153,0.2918472293700551,0.9998586298001235,0.9998587203127535,0.9896489189600575,0.99999728573471,0.3492352146260756,0.7210442298783971,0.9906562842559374,0.9906562842559374,0.9863098338558929,0.9902140378615366,0.2721382400129689,-0.163515787033053,0.9916303624987405,0.9914884682784355,0.19649063778962395,-0.22321384080842152,0.9993355698552531,0.9994458072816095,0.41382158677511854,-0.31395070749661697,0.9989766236034475,0.9994066339349413,0.8936138474379529,0.27128826396852934,0.9400802198161186,0.9990813973092737,0.9400802198161186,0.9074752452142919,0.615350900223967,0.9322096862165958,0.9098796391688494,0.725760317797167,0.408722491200227,-0.10751109725429579,-0.20055646744823294,0.9270485090571169,0.3559457477071695,0.9676165340111658,0.9621864616902884,0.9785172304045615,0.9957409390033826,-0.04592461512237428,0.8660986532812506,0.8280220523075923,0.8745294175751187,0.8223540144699621,0.7859865903123502,0.8223540144699621,0.8018667594855423,0.7902022625186064,0.7811407525671288,0.7902022625186064,0.8659264743681858,0.36875999657002695,0.5770797659874137,0.6437650940775107,0.5770797659874137,0.5914322294477702,-0.34797268508681584,0.5601695649246071,-0.6351960163685657,0.48353170307940874,-0.10050296838135703,0.42529462324060485,-0.10050296838135703,-0.15308543525971877,0.843724121663453,0.8637733423967912,0.8491399042526694,0.7613241021084162,0.2763744722080736,0.8437595933288273,0.8452100786424815,0.8437595933288273,0.758823805076171,0.758823805076171,-0.19172603543789854,0.7025301321343239,0.24474299575669728,-0.6609960213080723,-0.6264184367030142,-0.6295069351401521,-0.14709736338907842,0.051133018164102345,0.3348184061888345,0.013611468454707938,-0.5238029779308564,0.0668084635507571,-0.8276199184755989,-0.15987598490445423,0.08400337511839637,0.08509424355970006,-0.6099202308449904,-0.593673488322764,-0.08949703278950748,-0.5884788733637644,-0.8363701217769461,-0.3780970677048812,-0.2096975585829354,-0.3780970677048812,-0.2735995289759971,-0.35614504211231457,-0.35614504211231457,-0.8288539798149744,-0.8288539798149744,0.3719700712400479,0.5908423960352657,0.505091524094954,0.8037889190224847,0.7444163643572399,-0.36481931454271455,0.0653378548534839,0.7524414735106628,0.7713929461582304,0.7524414735106628,-0.13406981790451397],[0.9925026380979985,0.9830532723385343,0.6097642090092432,0.9941608974031151,0.9972348940267587,0.9925026380979985,0.9999863771488999,0.9993931602219941,0.9993931602219941,0.9999703131681486,0.9588247446930532,0.9996660281838397,0.999990134168562,1.0,0.9999874163339101,0.8643487108343856,0.8139329841086144,0.29392085820460573,0.9998816879016104,0.9998822664440291,0.9896408808481757,0.9999873282551077,0.35234985983269457,0.7166509759151528,0.9936710638877528,0.9936710638877528,0.9936227766967917,0.9901233392537929,0.2681668012551835,-0.16387189487050738,0.9918001283240598,0.9918065170755375,0.22079682482512858,-0.2225342949545082,0.9995091106433602,0.9994463167227664,0.8385354147481537,-0.4075675799393676,0.9989724610770451,0.9994116946904581,0.849332711161817,0.27340017453081994,0.9993973364605698,0.9994024765989525,0.9993973364605698,0.9074269674564839,0.6155035305454671,0.9317624970399898,0.9092481023472868,0.7252333543666362,0.28871884524150565,-0.27904172528836585,0.0936749919576323,0.9269474637788924,0.3567220412749229,0.9643539645840539,0.9622127746358604,0.9769833611231495,0.9959751067242549,0.8859764097771228,0.8651513470011523,0.8998670439332341,0.8744028524354489,0.8989664872395805,0.8998305889194343,0.8989664872395805,0.8009317198726387,0.864373896697897,0.8658455951494627,0.864373896697897,0.8656708405161999,0.7557695966070902,0.8597348381006178,0.8613870086651478,0.8597348381006178,0.5908315875842162,0.4365667619971618,0.558795481294495,-0.640272545482258,0.48215382076655433,0.49168348227338193,0.4928416015691129,0.49168348227338193,-0.15482882283397864,0.8434760774015495,0.8633314122168505,0.8485620411943205,0.8932727571432698,0.2790689290258039,0.8436164757908136,0.84537126636111,0.8436164757908136,0.854621624506572,0.854621624506572,-0.19215492584386826,0.70172276883683,0.1644468369501847,-0.659679293428283,-0.6260518451698637,-0.628997734935704,-0.14701866930936835,0.05022373387719413,0.11237355517075374,0.015315190741749866,-0.5220280732018456,-0.11962402122475094,-0.8396685599513494,-0.3810206594005617,0.08334150972797269,0.084832408693285,-0.6099771533806729,-0.5929917823192559,-0.38281283794480975,-0.5882507315151371,-0.8301651224784401,-0.4981010734830451,-0.49376432543641674,-0.4981010734830451,-0.27333235152298974,-0.35630732337160287,-0.35630732337160287,-0.8210925056245242,-0.8210925056245242,0.3714807105586997,0.5911255411375733,0.8249926438530599,0.807969377102405,0.7450411384033465,-0.36420444095120474,0.7036193967158125,0.7423831977821339,0.7424623919788794,0.7423831977821339,-0.10198440583776286],[0.9921148150244081,0.9829136010368198,0.6203021300873414,0.993446281363493,0.997181849138974,0.9921148150244081,0.9999932664251273,0.9991238558830942,0.9991238558830942,0.9999754023306416,0.9584256501359902,0.9996330600695096,0.9999949750716965,0.9999874163339101,1.0,0.9015351470420306,0.8631709427799089,0.29301550665916287,0.9998610555413794,0.999861052785189,0.9897740821959065,0.9999949196779444,0.35057832577247894,0.720363279566122,0.9939276386061004,0.9939276386061004,0.9938295121749173,0.9900886146610132,0.2728904221456453,-0.16311465623449667,0.9924311310046453,0.9924786123156117,0.19771636712331428,-0.22255335153971179,0.9993818437974546,0.9994434412125838,0.4121244538535658,-0.3133437988111446,0.9989255971980909,0.9994079502703436,0.8934222663303076,0.27248868145101984,0.9396202165986011,0.9991322529173988,0.9396202165986011,0.9075918648664447,0.6158482303476887,0.9321725401607648,0.9097583467954913,0.7248188637876826,0.4100734944176689,-0.10573260226192041,-0.20076088666549988,0.927309648845478,0.35664345895662114,0.9679997752320901,0.9624651675999202,0.978763114559944,0.9957790693257813,-0.04691275282292921,0.8660193747021461,0.8276504984902655,0.8745071384928863,0.8220067826154638,0.7852826405640815,0.8220067826154638,0.8016120793754415,0.7898330643437811,0.7812736679458839,0.7898330643437811,0.8659425958620058,0.3681105435467006,0.5759796498040334,0.6433428460331441,0.5759796498040334,0.5906389689142689,-0.3492702505724336,0.559315926214835,-0.6356761962790912,0.4824717554926188,-0.10179781277110726,0.42433717157106216,-0.10179781277110726,-0.15303913150894996,0.8435303205782901,0.8631045180634465,0.8488956745917594,0.7527036570940854,0.27790464575131535,0.8435675494940734,0.8450121976933279,0.8435675494940734,0.7582346831596478,0.7582346831596478,-0.19377637911228585,0.7031465306368649,0.24533014698723726,-0.6602702041632301,-0.6266269696178693,-0.6297183630076545,-0.1476756989550882,0.04955144651982928,0.3354345468764084,0.014052054563401797,-0.5230319667772748,0.06731938614498989,-0.8267975392007961,-0.15925077326360088,0.08263975243294451,0.0837196772019682,-0.610315291832811,-0.5940380451970463,-0.0884862151077515,-0.5895156979273517,-0.8364521463287405,-0.3776522812354739,-0.20871534359087918,-0.3776522812354739,-0.2745077724931581,-0.3561049657312283,-0.3561049657312283,-0.8292782497606072,-0.8292782497606072,0.3723368998590908,0.5906965836134638,0.5045834598822225,0.804275422710269,0.7440993910455523,-0.36385953816734984,0.06469222885583233,0.7529923818619205,0.772137499490087,0.7529923818619205,-0.13409234323154337],[0.8587489750113311,0.406509759567835,0.4728703114181966,0.8581468824038083,0.7980206417876962,0.8587489750113311,0.9072948854611026,0.9050896716970035,0.9050896716970035,0.8245838614853772,0.6670540156198842,0.4852119381138325,0.9072420702267892,0.8643487108343856,0.9015351470420306,1.0,0.9949715406884024,0.40756395984894533,0.8891541533320089,0.8891494818566477,0.8420830451319454,0.9008909156140462,0.3269373817473296,0.509885881187944,0.8925128847531367,0.8925128847531367,0.8805098098105764,0.10752841281712315,0.19009944804221363,-0.1898175541248921,0.9196705137232121,0.918066565075644,0.1510552741284326,-0.2565091764592815,0.9048657175876447,0.8397966158891117,0.30421371419980253,-0.31978294610520247,0.49983669896081595,0.818980134259314,0.9984410329152935,0.38934383657913907,0.8326216430853702,0.9046779055839972,0.8326216430853702,0.4642432677336748,0.5783259375253386,0.11207531048467029,0.09779322251368527,0.32069823521563834,0.4084992025183067,-0.06537068051759384,-0.20997565604579083,0.8140367841138081,0.4048662013727951,0.8963172471473674,0.8271992716855155,0.8806959849121552,0.8953643725041961,-0.09494501247718545,0.4150308892529206,0.6893468690029121,0.6263428829559518,0.681423561621762,0.7019496990358551,0.68142356162176