var element=document.getElementById("correlationAdjClose");if(element.style.display!='none'){var correlationAdjClose={"data":[{"type":"heatmap","z":[[1.0,0.9999953231041262,0.9875124929719618,0.9999412185960033,0.999229198826701,0.9815398596616108,0.9978954015922374,0.9966261372195471,0.9721336711035446,0.9967210679170123,0.994995051151617,0.9942355360980123,0.9967009993304553,0.9966636939609268,0.9978844549116329,0.998267555387067,0.9983410205260185,0.9970836392378715,0.9970916349976994,0.9969899107239834,0.9966783540838079,0.9892250507069695,0.9740326421647421,0.9917139952501078,0.9581267022988975,0.9909409092234847,0.9898238080865329,0.9707398750858082,0.9548128676505317,0.9912964921611663,0.9931742834402192,0.9931533521029369,0.9811158688963086,0.9978132440840332,0.9978537062170048,0.9977305331270518,0.9968114614325965,0.995711511800376,0.997770522808632,0.9986310606840443,0.9986590962610734,0.9978268797228343,0.9978341785970664,0.9785005067723967,0.9388930410125164,0.9605826426046938,0.9568761820300382,0.95559165425524,0.9372329221495449,0.9664057201446882,0.9557093490394013,0.9683384543310678,0.9725481132404098,0.9612847364404418,0.9851810942554071,0.9836954713635948,0.9916749714632562,0.993583537863359,0.988984379798561,0.9853013217565861,0.9885898384431994,0.9882744995116036,0.9891379928267151,0.9890541327868803,0.9517037965974143,0.9792777424473397,0.976454921363001,0.976293298848051,0.9324666308611308,0.9848079953252402,0.9813823471570331,0.987718248998707,0.9871563038782599,0.9464491401579941,0.9099994934746727,0.8847882048848429,0.9237964690802971,0.9380974473892917,0.9367976554636204,0.936515798710024,0.9354562120026506,0.7653063574478813,-0.5004077301072134,0.982007359898943,0.9785320411384588,0.9762921903729754,0.9895252009846329,0.974563502951669,0.9852341046573538,0.9852366509553455,0.9429753243946031,0.9862665102344296,0.9449984851560167,0.8307820852980515,0.9306097229341594,0.9429157903472295,0.8467284005597895,0.9605916306402964,0.9611001708874738,0.9044559911528856,0.9706246924209279,0.8929015780525661,0.5484220531827301,0.7368911713501204,0.9011807055544808,0.8744417303246877,0.8928539592694585,0.977540607517498,0.9775719079907976,0.7938702956901803,0.7691357543310909,0.8235267685733376,0.498572158805918,0.8116993898307837,0.8275082098973114,0.8225580023045416,0.8171204713287773,0.8076354294565176,0.7589114455572511,0.7448842013236016,-0.31480836031266013,-0.45451891988671445,0.7740394531018725,0.8958184295560382,0.9277064417020939,0.9426407912621902,0.9078170388866758,0.8405748036191165,0.9118456465424712,0.9220747053299532,0.9219016139861383,0.8623633556026593,-0.10213047728487284],[0.9999953231041262,1.0,0.9919409437273485,0.9998839556790092,0.9983530280875929,0.9895611159108246,0.9944196423306361,0.9926447932513072,0.989474547292737,0.9926449869497352,0.992681316171929,0.9936658857151522,0.9927055449043277,0.9926811575825276,0.9945521935929964,0.996527511305715,0.9959712031646002,0.9941948903377867,0.9942035491111989,0.9926738105712716,0.9927182141010983,0.9937037040777689,0.9807820500363038,0.9903771410561125,0.9825887446730505,0.9904720383257983,0.9897659501699411,0.9824409617014837,0.9448891641176884,0.9897835123328683,0.988343871392147,0.9848625811069072,0.9520646659482566,0.995325680708661,0.9953031895776691,0.995545782994837,0.9929725873204603,0.9952170928152365,0.9955683009448227,0.9967423569305182,0.9969252176838892,0.9955490691757836,0.9955610496524853,0.992597477003128,0.9385326412285477,0.9208345206683627,0.9566600608411566,0.9555090567928174,0.9372251880670084,0.9132624085266999,0.9446048713395935,0.9148271228449177,0.9401325985027731,0.9134424918838953,0.9653293871016801,0.9653250213417314,0.9782672345901342,0.9854687228218921,0.986659563975848,0.9876142532688463,0.9814520523119202,0.9853841384798353,0.9824597781248677,0.982370588152009,0.9483053788614095,0.9698253536252828,0.9385161551650826,0.9383204004804433,0.876733040767537,0.9852630449387823,0.9862026593805534,0.9863500243862495,0.9860556703047412,0.9635831578761992,0.8474185539332071,0.8232608890101968,0.8857074226072712,0.9303828922286709,0.9001775779675419,0.9156567310658387,0.9148805401721887,0.8241458376175498,0.006197747801356475,0.9755705852583872,0.9772810114297226,0.975313418112647,0.9869729046166941,0.9712512749626347,0.9774646489872792,0.9769718226797842,0.9398090308173195,0.97838031579262,0.9409103465535903,0.7838930073220164,0.9302862828994595,0.9322217052182085,0.6559916434494185,0.8817766352438142,0.8844477407859814,0.7847845910525802,0.9687602318934573,0.7564887993959186,-0.344564835536181,0.29555127348918897,0.7838362356227357,0.7341242035302905,0.7772323803536346,0.9716874878379782,0.9714635296022996,0.27228257421146146,0.44233445456317894,0.27857445195715774,0.2512567218979699,0.2710066595052297,0.28277828176058656,0.27929961285684146,0.19979452046788632,0.6135348363672946,0.3477611845693668,0.29809168233753175,-0.4406649039092078,-0.49163115087449144,0.7732382438686365,0.7877082379839017,0.808130817630723,0.8747435753471681,0.8408599240160822,0.6647822161843272,0.8129680390228979,0.804641387498446,0.8037779213911016,0.4957059415774434,0.2850041324313161],[0.9875124929719618,0.9919409437273485,1.0,0.9886514970980914,0.9937192405449908,0.9910063690899433,0.9892018942466299,0.9900688002183072,0.9915751416779547,0.9926369197734586,0.9965300617110365,0.9958524827644206,0.9899054142530768,0.9901168673761795,0.9897014195251953,0.9909435272885124,0.9899394573245237,0.9887469576007348,0.9887137738339912,0.9915605366051756,0.9899409964980026,0.9956857686980128,0.9864756296689253,0.9917547421183198,0.9807549999981188,0.9924022004012191,0.9900498123190378,0.987454811246261,0.9630809089338693,0.967926604823104,0.9724590141811674,0.9778305606625193,0.9608286376220403,0.986683982420218,0.9898630621060116,0.9882484429836377,0.9916679400033674,0.9949079597721695,0.9907430263967852,0.9849831359790769,0.9880993411696469,0.9871274891392819,0.9865158452868021,0.993020070640181,0.9352539830530835,0.9470153292895752,0.962161280721404,0.9492327004217784,0.9070314294290898,0.9255518622596333,0.9145082268796881,0.9285298502210867,0.9409411820159549,0.9236768530007851,0.9520434565900892,0.9628564050783057,0.9697742165703149,0.9758907303757373,0.9497708513868126,0.9726952254342035,0.971399458025186,0.9770351500398258,0.971600891179315,0.9498986210407177,0.9324926936604446,0.9592126773555862,0.9499339990014134,0.9343971889181623,0.904599708709537,0.9775440148332165,0.9589800994202599,0.9701632982448848,0.9511544550932545,0.8675286734631998,0.885094221491265,0.8108007784619623,0.8995640892200523,0.9172434423438911,0.9199076311254517,0.8883879237900535,0.9021378837776498,0.5149576557508052,-0.47964091062703074,0.9690387954488384,0.9594520703923685,0.9587764198448365,0.9495891461929807,0.9637533952317336,0.9712453665800863,0.970931177725909,0.9393529321438165,0.9675582944584402,0.903092010864088,0.8179567910591526,0.9603288441895915,0.9609170126859523,0.833216976557765,0.9493100720426965,0.9504924005750577,0.8780034834435186,0.9802012864107094,0.7735423005925358,0.4537736478738817,0.6842882743835523,0.7984518184234191,0.8031879314821819,0.7793348136699766,0.982197206803634,0.9820934190446032,0.7291136646112778,0.7233507039763702,0.7092527605504481,0.4545746811807774,0.7165228073409863,0.717364258853019,0.7214701737219227,0.7186310528903525,0.7753537357144885,0.6998795092731007,0.6850860259038248,-0.3671637858767742,-0.506723087268386,0.7497076380408636,0.8617172568147934,0.8745609259736216,0.8907215032999343,0.8826783821877706,0.7803939141296425,0.8602643025500317,0.8659803882822634,0.8716573516313771,0.7446209410632221,-0.026985520419533907],[0.9999412185960033,0.9998839556790092,0.9886514970980914,1.0,0.9994242499873474,0.9825211914274505,0.9980742481060336,0.996955351777422,0.9739726907413351,0.9970987458493462,0.9955974510505555,0.9949935327691644,0.9970148236811956,0.9969924384405391,0.9980917279376976,0.9985376145840495,0.9985435655839575,0.9973675879150425,0.997373820464404,0.9973079148849362,0.9969965512402243,0.990228703016064,0.9752265589488184,0.992512802004517,0.9602866472804925,0.991828896822771,0.9911573497035941,0.9724305154616913,0.955843067477106,0.9906669898743478,0.992699554604313,0.993072866285306,0.9807724065903949,0.9978534835233247,0.9980103637787439,0.9978947395724843,0.9971733233349293,0.99614249328096,0.997960451148203,0.9985217938641615,0.9987151768635582,0.9978648252797859,0.9978698141165104,0.9800288126774055,0.9362647342596325,0.95886841123024,0.9564904281515998,0.9536571880051163,0.9326226811534898,0.9638063800499928,0.9528052228061883,0.9656643819207488,0.970529137557466,0.9589559076426323,0.9833195415884733,0.9824537028060664,0.9909046284906253,0.9933493847699046,0.9878736494607944,0.984381340282199,0.9876641908241558,0.9877913438736208,0.9881479680387419,0.9880567469912804,0.9450512094091136,0.978291086819136,0.9754277051011483,0.9752602431356484,0.9291498190571645,0.9844213115706643,0.9791958673730312,0.9866026457082587,0.9860122185660426,0.9318854099499145,0.9089340296208409,0.8820069647543789,0.9225161637366102,0.9359454695835114,0.9364616628756377,0.9346412253061017,0.9336122908059168,0.692859431228598,-0.4997885661640664,0.9813545429357741,0.9775348649632121,0.9751045359197068,0.9884163712583964,0.9740838663883287,0.9846748748236449,0.9846755359004362,0.942734741043931,0.9851966369098644,0.9349113401065521,0.8335929334621662,0.9345221534243776,0.9461436608855992,0.8480519143471081,0.9616141976064179,0.9621422465396002,0.9040582085410532,0.9715989547970203,0.8869920258497459,0.5449223481452183,0.7352845959404362,0.8958779047712054,0.8707908142075653,0.8872812410934339,0.9782120188387662,0.9782488900421423,0.7927750101001838,0.7692998921377479,0.8157766390682307,0.499940331174169,0.8057938460241115,0.8194927783546332,0.8144748498386885,0.8117480997833838,0.8095422244536482,0.7588262121579064,0.7448603822077936,-0.31022533406685304,-0.45380439442547793,0.7728885615780591,0.8943455526399837,0.925923052080471,0.9408981921846364,0.9069013451521986,0.838111333512307,0.9099340085218633,0.9199160142430618,0.9198916580783234,0.855874215325606,-0.09542067387715757],[0.999229198826701,0.9983530280875929,0.9937192405449908,0.9994242499873474,1.0,0.98430192150518,0.9989959343963168,0.9986521479609131,0.9841850839981268,0.9986486181965893,0.9983212701045276,0.9982433661219074,0.9986601065707874,0.9986810258220602,0.9991324706058469,0.9989581337700157,0.9992694471917988,0.9988796753351151,0.9988793876452052,0.9987098039951934,0.9986638872411521,0.9949765438584491,0.9815142235413831,0.9956405538670599,0.9743619847789224,0.9956471343080889,0.9932282625766709,0.9827441227546674,0.957872296101786,0.9889860264091098,0.9917372687865933,0.9909587997385733,0.9745831477546275,0.9988439718362523,0.998918061588276,0.9989647078449858,0.9987820593099704,0.9987114565129998,0.9989238883344119,0.998986095869394,0.9991968820206816,0.9988842983618131,0.9988837570419309,0.987925925888859,0.9436405928061724,0.9582515667863616,0.9600286977138995,0.9513563815578301,0.9278196477069448,0.9556558497109723,0.9519809738429235,0.9596701964465243,0.9659032185385317,0.9547589850038155,0.9825821032612639,0.9825055321031274,0.9915373788368094,0.9934408810847805,0.9843280640526683,0.9785636139365065,0.9817353067806479,0.9842010977118476,0.9822114181344129,0.9820828667233337,0.9413396953071567,0.9709108135301295,0.9594374802963813,0.9592109949453932,0.9028723823551369,0.9816373005114667,0.977996281039125,0.9831214566763508,0.982421170243462,0.9440814217991484,0.8926887226171603,0.8653117436315712,0.909647115856608,0.9404323337624009,0.9290451640357873,0.9342540506202117,0.9334296471839815,0.8113954131857721,-0.4747019642830756,0.9755681375635862,0.9677220161774361,0.966391079471822,0.9850253089021522,0.9647698148837972,0.9787238615404238,0.9784677573651631,0.9345612114781622,0.9796349829530714,0.9355323075080728,0.8251469370900025,0.9466232099369893,0.9629160145721162,0.8210520979390116,0.9523967293394936,0.9534337687404596,0.9006170352061877,0.975865329236106,0.8940065244924118,0.38086126459656616,0.687969600623745,0.9008189118009352,0.8590693758986316,0.8975661874619364,0.9816577172996834,0.9816776935046773,0.7646170646606888,0.7566997245372494,0.7679865282097951,0.48143219624011463,0.7325696766897808,0.7716936635383764,0.7678204372267212,0.7346258418641786,0.8000818740033262,0.7479639762991327,0.7331355847290922,-0.49943724654242416,-0.5823139098994261,0.7660042099065189,0.8917213659484714,0.9176508359190279,0.9411769908605007,0.9074035468877515,0.8270754646835519,0.9082258274443847,0.913254414366619,0.9127626055665522,0.8041708003915825,0.11462143063327669],[0.9815398596616108,0.9895611159108246,0.9910063690899433,0.9825211914274505,0.98430192150518,1.0,0.9770874556422013,0.9787927595851809,0.9942648912114276,0.9783646830391872,0.9753400482984765,0.9750799087327878,0.9785727870423043,0.9788542568267852,0.9786104274808438,0.9827862940295627,0.979311636873068,0.9790443003201363,0.9790566699230133,0.9777227290869144,0.9787389639753906,0.9930666414743371,0.9941622072622573,0.9824914560856556,0.9893038438038791,0.9831515080425796,0.9797885599138418,0.9893192563081831,0.9770976242526683,0.952554244340485,0.9592875100396985,0.9712204235950985,0.965192947428945,0.9767883353287488,0.9774254483047758,0.9782896579089817,0.9795860462675631,0.9761733066598147,0.9780425954495311,0.9764255137152875,0.9783675059386727,0.9771810373391764,0.9771990700598032,0.9964243790428036,0.9034009783305454,0.9375504337106773,0.9486881072654546,0.9563172955157608,0.9210527942574445,0.9172477362109268,0.9139923214906724,0.920521738847378,0.9420920291990142,0.9196567330607429,0.9457954693705214,0.95323031459769,0.9596305462040823,0.9620967599897107,0.9739599203329665,0.9899865969082746,0.9782981041101121,0.9867776864006765,0.977866434398961,0.9773938825529045,0.9795667298859722,0.9772642070515972,0.9623339413484203,0.9618723015934789,0.954377487998344,0.9851045720870093,0.9785947862770475,0.974189428794107,0.9732228002903349,0.9731235635238998,0.9255792286661404,0.8894438455725683,0.9383707834609107,0.9351578030230708,0.9443666470691104,0.9261704651554765,0.924302941234809,0.8088572011233746,-0.4250640715422097,0.9863246476315665,0.9885670641118468,0.9855030957685446,0.9746780824142001,0.9808336177499923,0.9847101371425276,0.9843564863923308,0.9741840510518471,0.9754032530241622,0.9739114074870838,0.83183184638741,0.9093612859528226,0.9617251542437834,0.8626152584666351,0.9468170165573526,0.9472814896631205,0.8612700627812712,0.9553176873190705,0.8219970899148539,0.4537639487189019,0.6923684164118328,0.833421344790033,0.8139249363480514,0.8237844111638761,0.9551559682557715,0.9549911018511494,0.739466545643363,0.7400217987167304,0.7418273148297239,0.5008885723199338,0.7453591253640935,0.7466751819943339,0.7404815331016331,0.7406376016234139,0.7827453659299772,0.7099645544485745,0.6991240001366497,-0.33451997030014224,-0.46296845693444866,0.7826105237161188,0.8522520227684491,0.8564505416292704,0.8820488962318284,0.8592524512374926,0.7928864677812785,0.8454822207141268,0.8499832063375581,0.8499862659942219,0.7987942156075859,-0.046370458007856365],[0.9978954015922374,0.9944196423306361,0.9892018942466299,0.9980742481060336,0.9989959343963168,0.9770874556422013,1.0,0.9978103549562121,0.9560965393076717,0.9996664273859942,0.9996512301681545,0.9996850386990033,0.998628918150732,0.9993001380633141,0.9998961806684588,0.9970528547544113,0.9999068962615201,0.9994729009351886,0.9994769434622572,0.9997542934567318,0.9994221192543775,0.9904035940614352,0.9736605952646775,0.9869180945158786,0.9252467945295947,0.9940047612307713,0.9932562718214311,0.9725565612909668,0.949770048582163,0.9914303421708213,0.9922064867133541,0.9943548229807445,0.9785435832975101,0.999145370797468,0.9998748958220717,0.9997556996578153,0.9995293285059669,0.9998098752955317,0.999863027584487,0.998722954471108,0.999768550618287,0.9994775294844223,0.999181387893352,0.978432167207952,0.9488645061831763,0.9600396641796359,0.9614857985328873,0.9497900790339131,0.9254246844693106,0.9609598336426907,0.9524565368302117,0.9633656138736146,0.9681826703136659,0.9589761066326268,0.9833369697853622,0.9838545321966442,0.9928852078540953,0.9962966640411696,0.9577817843911427,0.9664439089260963,0.9745722084659691,0.9759802854806648,0.9759805288811785,0.9577199025343895,0.904625624229659,0.9616835106207555,0.9631767865626357,0.9493973342036957,0.8862432986657457,0.9724475780087327,0.9510932930705476,0.9731628750934254,0.9580471180288832,0.8242806840631541,0.8830760827646753,0.8215527762095144,0.8960198593143976,0.912999135124729,0.9170441055292239,0.8991927379787539,0.9094754044963081,0.4577488569236745,-0.5373259524492555,0.9658903810830246,0.953793503304295,0.9535401204384608,0.9589297651491829,0.9597778244777504,0.9717137561097495,0.971796895482361,0.9214287065735142,0.9708562506075975,0.8691122472497107,0.8188495779650119,0.9473225786573171,0.943727804085649,0.8341592471663752,0.9593185180384027,0.9600288484521257,0.9054857799781234,0.9758127997198205,0.8330715534316874,0.5458001092002777,0.7314849031294008,0.8588160302697103,0.8550241936613349,0.8403038648359276,0.9823903173396399,0.982477239396835,0.7874804329385642,0.7550982906030618,0.7823294662332171,0.4749786869627799,0.7873757324882983,0.7971276902837426,0.786793715279151,0.7971137411702106,0.7985462191504339,0.75547070265611,0.7396498903771896,-0.32083113814913206,-0.4725498994631261,0.7740874736052227,0.897335423932261,0.9211350511038033,0.943505080710037,0.9148142090639505,0.8409132657156376,0.9119691084894166,0.9264863445372329,0.9247808112640853,0.7881747035453475,-0.07113429492308439],[0.9966261372195471,0.9926447932513072,0.9900688002183072,0.996955351777422,0.9986521479609131,0.9787927595851809,0.9978103549562121,1.0,0.9663209436131306,0.9999998476383066,0.9999994144431246,0.9998084734472252,0.9999971325658925,0.9999983816409271,0.9994184969673261,0.9925829283069185,0.999541615735612,0.9999192752694819,0.9999188636458831,0.9999697394938211,0.999998883166571,0.9910799596098366,0.9756326951417438,0.9933556294990672,0.9389790326024934,0.9945131564611723,0.9919875949415308,0.9748402559962733,0.9499437445392809,0.9878479719497303,0.9937649456863137,0.993111799257609,0.9760903405882801,0.9995109716000213,0.9996292249066293,0.9997186349656025,0.999774468770021,0.9993986968104457,0.9995802607861604,0.99844845226847,0.9990151389845157,0.9995863820983335,0.9994655700381788,0.9802810336688499,0.9488424484700769,0.9580288708558978,0.964285316657219,0.9496883851933414,0.918227070579357,0.9592423044314896,0.9484812741496694,0.9613551834656112,0.9636073828383829,0.9538240357359392,0.9814488875987296,0.9813705922915896,0.9919858202070774,0.996548286779031,0.9539088770426769,0.9640109088863174,0.970318625120451,0.9740839429912316,0.9720262366763384,0.9565298833705438,0.9010016848553704,0.9586414605366648,0.9586390347217034,0.9454888032485063,0.8796634425909822,0.9707362651701535,0.9465397686347713,0.9691663103470769,0.9544311945171082,0.8158864084774154,0.8784273522053274,0.8184377057689726,0.8911485554563676,0.9080840297637549,0.9143131569869368,0.8959766516485963,0.9045582695496869,0.4445502422152466,-0.539476549775621,0.9633749656828458,0.950292360864459,0.9499749648606074,0.9574026501812516,0.9573857592337505,0.9693084976565417,0.9693838681037957,0.9195493627335449,0.9662296975232325,0.8629014242590956,0.8168492704407386,0.9572220149589348,0.9528417484731709,0.8323043365852542,0.9593563449109894,0.9601820931001305,0.9030600378964234,0.9790534357623496,0.8350515821805616,0.5315007257500104,0.7234969576842676,0.8590468678285594,0.8516810027809336,0.8416013344154901,0.984363655897443,0.9844511960178617,0.7793506403042075,0.7486982224352497,0.7828402755031258,0.46484609256848847,0.7823213494263124,0.7923656257388375,0.7864824327858324,0.7914949344617258,0.7933832723326887,0.7502469738504676,0.7339551928991656,-0.3350586413243972,-0.48560470209365997,0.7652053056623968,0.8908126754906451,0.9183745099154554,0.9365018565483055,0.9097300081990225,0.8314512194065075,0.9058642292582203,0.9203753973146886,0.9188723638409796,0.7711855217466048,-0.054805835540611095],[0.9721336711035446,0.989474547292737,0.9915751416779547,0.9739726907413351,0.9841850839981268,0.9942648912114276,0.9560965393076717,0.9663209436131306,1.0,0.9814189283141369,0.9863883153394309,0.9890294133570391,0.9698779781163427,0.9747215921682351,0.9731137111344978,0.9509598665138738,0.9779547347805909,0.9753398357312024,0.9753175118695296,0.9798884311119858,0.9745839340297912,0.9938908727421577,0.9943317554605297,0.9802504031945123,0.990269075514033,0.9835662356653906,0.992922851577572,0.9919790555373513,0.9728646742988244,0.9247082378188478,0.9463342812637514,0.9653061177463464,0.9552033226505667,0.9691676910800003,0.9778650323309317,0.9743460265684801,0.9766305012420089,0.9880856959838481,0.979237985883426,0.9660657347245855,0.9756683776558,0.9701343811282697,0.9691661614091942,0.9991640285004066,0.9192509423702288,0.9332016252277636,0.9632551573058136,0.9548572392755522,0.9058482667124751,0.8895252891010019,0.8922769861831163,0.8938289793798705,0.9261031687156119,0.9039355036298844,0.929656266981291,0.947912945646316,0.9521782736889347,0.9576465698997222,0.9153253291299723,0.9750308853551158,0.9565414267752507,0.9727921104406089,0.9564410871312767,0.916574373480282,0.9325981326462099,0.9561578252187473,0.9338887358044035,0.9018707900031885,0.9037862754822779,0.9738481526786831,0.9323083440521975,0.9515082543689238,0.9170240893083127,0.8629030210677899,0.8869352692734965,0.778290602653782,0.9020589669825189,0.9035939303234389,0.9163375488097433,0.8675306270540987,0.8855084712167989,0.5048812510651203,-0.4538288261717991,0.96716275419301,0.9642194737256234,0.9619083467576016,0.9128870333358419,0.9593245501722906,0.9652365489330208,0.9647252474908881,0.9484337817028858,0.9521527228158925,0.9012378755455638,0.8217256015174471,0.9467262847944902,0.965968675797286,0.8421693518848267,0.9412423530884979,0.9422335795013626,0.8538640112835661,0.9658447351845589,0.7373198027273723,0.41248097852541826,0.6637159878792452,0.7723965441367413,0.7772571689296033,0.7506766493614917,0.9658327623622036,0.9656589280783363,0.7082670167342876,0.7116817271711379,0.672323925348636,0.4612263673721341,0.695715510889985,0.6922116113075845,0.6702975433205143,0.6939131946623165,0.7658708723472403,0.6898114939019679,0.6764594174149607,-0.3712297760793486,-0.5064192756011295,0.7791909371630958,0.8443340108754215,0.8259133302032631,0.8640985964587613,0.8601838599794451,0.7707447448695348,0.8159136772543478,0.8329635354369918,0.8263443295322824,0.7159427752159333,0.012830582822577867],[0.9967210679170123,0.9926449869497352,0.9926369197734586,0.9970987458493462,0.9986486181965893,0.9783646830391872,0.9996664273859942,0.9999998476383066,0.9814189283141369,1.0,0.999999219440634,0.9998125466356864,0.9999985234699111,0.9999979016638945,0.9997274406645523,0.9980823495930271,0.9995425129293684,0.9999001111282955,0.9999000636079654,0.9999806443568706,0.999999417737471,0.9935750695018022,0.9776174744559752,0.9964482530743917,0.9693693615449936,0.9964720715868874,0.9919724363896529,0.9791531812758424,0.9514747110343751,0.989984539399768,0.9938616674914461,0.9910788686340316,0.9733755274039082,0.9995635314232287,0.9996253721367709,0.9996414263097814,0.9998566311785164,0.9994082237646714,0.9995870536307239,0.9986982531247678,0.9990590846503613,0.9995754097874382,0.9995714052304252,0.9848564588312126,0.9487295761215312,0.958051968280967,0.9641689968109506,0.9495487234049269,0.9183063518657067,0.9537512634367338,0.946464025794153,0.9572364052316251,0.9622057439484741,0.9524892074181329,0.9814798318251609,0.9814014682900689,0.9926602584035976,0.9964008931272229,0.9755041893503884,0.9639053483330982,0.9727287610655516,0.9740262617696676,0.9733749354737856,0.9732284298202961,0.9291855374262767,0.9585597025524073,0.9506733993323235,0.9504663673437591,0.8916873587674755,0.9706554291286384,0.9690485288647557,0.9744486455276986,0.9736055875492964,0.9309341778232963,0.8784263869144687,0.8456880882853046,0.8909468811323674,0.9248251692249152,0.915262357304109,0.9196703591729463,0.9190278099395963,0.770876477827159,-0.5280301362738431,0.963313366674139,0.9502587992795043,0.9499549143677263,0.9763872031569878,0.9530518798243945,0.9690560779095722,0.9688120363439202,0.9202501820378453,0.9701532467694083,0.9214622796458778,0.8168436356622499,0.9570472352061313,0.963155066966502,0.8199462530456582,0.9544011649854559,0.9553522030249693,0.9031342484026238,0.9784005949439332,0.9023661882149311,0.4256740320616784,0.704357077622519,0.908928481769567,0.8671728634625279,0.9055175270151309,0.9843417449433812,0.9844436721505172,0.7794217570005015,0.7485601355610815,0.7822953325753582,0.46493763414801464,0.747607996991919,0.7864154359165577,0.7821168354561913,0.751914870858229,0.7931969074547739,0.7502719374790983,0.7339588390814135,-0.5420205142628766,-0.6249886671529433,0.7643247009035827,0.8907545300376221,0.9210003034861769,0.9429884028561306,0.9097262173873802,0.8290636497230439,0.9083781120382656,0.9159770725310931,0.915504705141676,0.8150482227532654,0.17103139439036558],[0.994995051151617,0.992681316171929,0.9965300617110365,0.9955974510505555,0.9983212701045276,0.9753400482984765,0.9996512301681545,0.9999994144431246,0.9863883153394309,0.999999219440634,1.0,0.9998110801673501,0.9999965154246928,0.9999982308319315,0.9997150178944941,0.997908263648265,0.9993454399892374,0.9998212180128395,0.9998213332080135,0.9999984624870927,0.9999985840152484,0.9933079975532403,0.9752105734248271,0.9957629459479184,0.9772749176815065,0.9962181228254021,0.9919861623441867,0.9815773492915333,0.9467621341204218,0.9900127092185335,0.9938287062823487,0.9862075805368893,0.9537036943515727,0.9994062032047175,0.9994537962872027,0.9994070957605753,0.9999129688867733,0.9993957535483049,0.9994156291010122,0.9982901730376553,0.9987548520640163,0.9993893107701968,0.9993873571259985,0.9876350800235686,0.9485121739237321,0.9325935004820919,0.9641443366474295,0.9495061427175859,0.9181119002627283,0.9314297822345412,0.9239282824429468,0.9350487434178245,0.9420240284136986,0.9301876437797885,0.976184374409441,0.9761658564460007,0.9919070430233377,0.9951411819805731,0.9690944212522157,0.9640456810359495,0.9615921154566724,0.9667120158920836,0.9625598088848147,0.9623501784716232,0.9106966734921332,0.9495938704894384,0.916783896276226,0.9163710815144996,0.8360503912466314,0.9694554638135021,0.9738850636660702,0.9709807745351805,0.9699715970012966,0.9275680322490502,0.831275412077522,0.8034829522265305,0.8643891526710694,0.9113085315492714,0.886712940352572,0.89896409280233,0.8979363283453752,0.7804106985342937,-0.2854751507434364,0.9532769946786321,0.9504253897358174,0.9500875084489282,0.9699999339080967,0.9416925989766894,0.9553969500147576,0.9548597969691857,0.9002792567857606,0.9574059714848744,0.9031457634495901,0.8169961523797099,0.9572879309022337,0.9676865347966472,0.7383189619185331,0.9225409190110054,0.9245459361823144,0.8645813289213169,0.9853967701904279,0.8513196767358023,0.07530107121707022,0.5667117814692509,0.864083807560462,0.8343328695898781,0.8597311066185472,0.9867546775681679,0.9866492320109597,0.5697311656958762,0.6745187005991916,0.5760843234225858,0.4648973923607038,0.5475164804405578,0.5846035418990783,0.5761090199908472,0.5163467327062399,0.7841903124374218,0.6372025253963713,0.6008754512200333,-0.500664871366363,-0.5610762713017016,0.7639201472799928,0.8738884645342669,0.8850076481434749,0.9213445122951325,0.9043587656755767,0.7289625862050857,0.8722794019854978,0.8804281047375367,0.8798663835339944,0.6548723685056304,0.13187459433690857],[0.9942355360980123,0.9936658857151522,0.9958524827644206,0.9949935327691644,0.9982433661219074,0.9750799087327878,0.9996850386990033,0.9998084734472252,0.9890294133570391,0.9998125466356864,0.9998110801673501,1.0,0.9998236012342537,0.9998159032633877,0.9997029767224992,0.9984935652930155,0.9995100661313309,0.9999758095642229,0.9999756481713463,0.9998158299400011,0.9998199701426768,0.9931680425556001,0.9736677215378292,0.9946024523649132,0.9774937887839502,0.9951911384387463,0.9936732304351988,0.9778193014842701,0.9320290926789834,0.992859892246357,0.995143782620179,0.9829475421746852,0.9401303613136724,0.999534921816893,0.9995712376000171,0.9995345682508038,0.9996712008773779,0.9996828447172387,0.9995464864762605,0.9982126073864719,0.9987812729048241,0.9995186041889358,0.9995155513984473,0.9891436889988343,0.9449957836562258,0.9240283200922822,0.9614814939756811,0.9476699439078192,0.9178431948081949,0.9060301604692251,0.9357789545702251,0.9087476710463338,0.9258026016359343,0.9047981728145577,0.967022912730883,0.9670136468308292,0.9849392703394071,0.9951321212751066,0.9687368425943991,0.9685673333876714,0.9579173556796753,0.9654778297995881,0.9597648978374844,0.9595996014046393,0.9134747583152109,0.9421669386543295,0.9025662050137815,0.9022996864757866,0.8275444133523384,0.9694912873104319,0.9711228154092076,0.9711023230630189,0.9704893900762818,0.9358285318148138,0.7998000895165444,0.7722686355474252,0.8419432433913852,0.8967638839364577,0.8630779376845206,0.8806400252329734,0.8800015162871493,0.7736887217563935,-0.11736003819938955,0.9487983582273513,0.9518521129198249,0.948462132569644,0.9692660544553703,0.9426672284302132,0.9515079019689526,0.950802954547484,0.9017749588540847,0.9530431527907445,0.9035535940940836,0.7827127849851816,0.9553706726743143,0.9511491079636688,0.6447987550322503,0.8815365325906477,0.8847868356451632,0.7798441437284553,0.9801683763764337,0.7547068933088509,-0.28544574925132365,0.32642671756084174,0.7790307442552571,0.7352591484424108,0.7732203638816879,0.9821670458929459,0.9820798501049554,0.29781837161737756,0.4544507494179583,0.3028309744573743,0.2758058067937422,0.29444630293744406,0.3082175904433357,0.3053826329064767,0.22301563771593721,0.6242498615146207,0.3639370203414284,0.31288819871838314,-0.5054939348196122,-0.5554207055524228,0.7633338231946069,0.7900957129196371,0.81065400299806,0.8754604621147054,0.8481010332642029,0.6517500209881883,0.8086795225100933,0.8070049818158697,0.8061636638136014,0.49645080048127194,0.3143720267231819],[0.9967009993304553,0.9927055449043277,0.9899054142530768,0.9970148236811956,0.9986601065707874,0.9785727870423043,0.998628918150732,0.9999971325658925,0.9698779781163427,0.9999985234699111,0.9999965154246928,0.9998236012342537,1.0,0.9999977338785985,0.999458283662539,0.9940704919467812,0.9995753701884628,0.9999285695679634,0.9999282969526287,0.9999762753463513,0.9999990010897796,0.9909443671293585,0.975409047148787,0.9939976479642871,0.9437919846583102,0.9944534699774283,0.9920674365525988,0.9746083632970425,0.9498172355802231,0.9887643577910107,0.9938607156677908,0.9931891776254992,0.9761940085289341,0.9995529735353682,0.9996650023210574,0.9997460045024817,0.9997712981448489,0.9994433180537213,0.9996161803895518,0.9985273788613969,0.9990722351304129,0.9996272622493071,0.9995075729765264,0.9800119474308027,0.9490329565753645,0.9581464723352638,0.9641913878916468,0.9496806440518857,0.9186439780805414,0.9595876975561788,0.9488403417457929,0.9617003690881616,0.9638814844545536,0.9541777118474413,0.9816948625873866,0.9815402958612712,0.9921113542991803,0.9966432119269577,0.9541174228420458,0.9639722342135532,0.9704215276482373,0.9740819486572657,0.9721293825834703,0.9566853226509496,0.9008271219446518,0.9587036425389164,0.9588248331163248,0.9457482910117972,0.8796227993413875,0.9707036242475786,0.9466286325437012,0.9692696862820523,0.9546271427302224,0.8157062066317339,0.8785255622476912,0.8187667486041502,0.8912452896966573,0.9082093130499427,0.9143588291400276,0.8962192956404949,0.9047823663212969,0.4445243235468708,-0.5396895027241079,0.9633830627798017,0.9503044161265836,0.9499894795315194,0.9575747374361065,0.9573787985450851,0.9693386286391965,0.9694160559706535,0.9194050915496287,0.9663510971398585,0.8627587136034893,0.8168686512930334,0.9567768696098726,0.9523729450270032,0.8322606876812509,0.9593489995562616,0.9601693880615324,0.9034049480636412,0.9789387904991524,0.8355778845860572,0.5326460080959994,0.7241257662600846,0.8595507449995037,0.8522227876794466,0.8421137352091124,0.9843199992157606,0.9844083890383695,0.7799476080820859,0.7491574140311577,0.7834817252895481,0.4653689916760066,0.7829842432677736,0.7930727829340973,0.78714150501945,0.7922116605698261,0.7936965604710223,0.750700178311867,0.7344184582885718,-0.33419407346838015,-0.48485449675843995,0.7654558810627025,0.8913051978246052,0.9188774646480031,0.937025818529755,0.9101950137209132,0.8319766047182069,0.9064478059078639,0.9209745318711323,0.9194663405903778,0.7718436030512238,-0.05585545425165116],[0.9966636939609268,0.9926811575825276,0.9901168673761795,0.9969924384405391,0.9986810258220602,0.9788542568267852,0.9993001380633141,0.9999983816409271,0.9747215921682351,0.9999979016638945,0.9999982308319315,0.9998159032633877,0.9999977338785985,1.0,0.9995382926812297,0.9974519094309999,0.9995547783980413,0.9999215334037914,0.9999208037351841,0.9999704548106997,0.9999977739198426,0.991120644590257,0.9756914640349897,0.9955512236123851,0.9558523381434944,0.9952992152272339,0.9920262382473612,0.9748903731730404,0.9500908680343488,0.991232130959183,0.994101755183461,0.9930662439118082,0.976014687636086,0.9995205887891023,0.9996293283522649,0.9997243534250204,0.9997874109503841,0.999417909917438,0.9995771514913723,0.998469776342439,0.9990283058426724,0.9995945526793147,0.9994759804493398,0.9802814689851607,0.9488830502485626,0.9580449123529197,0.9642262559351605,0.9496728975338656,0.9183933109078213,0.9593086243065074,0.9485918144866724,0.9614489207636224,0.9635650336374655,0.9537479151179951,0.9814667316858626,0.9813190973654942,0.9919594493253489,0.996514477763398,0.9541556686670167,0.9640350870747264,0.9704567920002264,0.9741606513092551,0.9721528310345116,0.9563713931193617,0.9011727639311575,0.9585841635305549,0.9586961510687867,0.9456618077997786,0.8797745557688065,0.9708544450276222,0.9468255188751348,0.9693358717839664,0.9546907318307908,0.8161691774458784,0.878455146342431,0.8186583011675685,0.8912105450723065,0.9082280219136404,0.9143315893436303,0.8961074026807027,0.9047023088218057,0.4448658829979858,-0.5391850659021851,0.9634615067708092,0.9503312842892269,0.9500202807634451,0.9565028877655047,0.9575344361947304,0.969387219235054,0.9694599123058666,0.9197201105417292,0.9663691208860345,0.8631138588290422,0.8168537946073872,0.9570139473487527,0.9527650872656529,0.8323232517316626,0.9592983387511358,0.9601277501384284,0.9028911601171157,0.9790668600399354,0.8350726648584953,0.5313205797810069,0.7233894293901875,0.8590476179085712,0.8517848673151227,0.8416186765300997,0.9843921585263131,0.9844770816576722,0.7789985874804268,0.7484073476398513,0.7828151697494129,0.46504516760520054,0.7822955710023136,0.7922864671670219,0.7866208773289359,0.7913988342093444,0.79331705467131,0.749586082656963,0.7333256927214289,-0.3348887682485807,-0.4854315290810672,0.7653010108649241,0.8907289406275923,0.9184813423441662,0.9365301310701464,0.9097711615190466,0.8312648436068438,0.9060400209408943,0.9203980898305798,0.9190051242264493,0.7712626035650332,-0.055048171644812946],[0.9978844549116329,0.9945521935929964,0.9897014195251953,0.9980917279376976,0.9991324706058469,0.9786104274808438,0.9998961806684588,0.9994184969673261,0.9731137111344978,0.9997274406645523,0.9997150178944941,0.9997029767224992,0.999458283662539,0.9995382926812297,1.0,0.9986117586677125,0.9998718268651278,0.9996103585307612,0.9996142888909157,0.999799007080131,0.9996017835516169,0.9908998948588879,0.974940057388056,0.994430745687468,0.9498782271999855,0.9940681384425083,0.9934897318595213,0.9735838157286827,0.9509303379887122,0.991501640882005,0.9926206162555958,0.9938184297386464,0.9778474380564205,0.9993334631350052,0.9997524276628504,0.9997526917009525,0.9996298808164615,0.9996800008896043,0.9997195458851802,0.9989688429174342,0.9996458329823599,0.9995545763642905,0.9993405063039176,0.9792470202357753,0.9478259427849436,0.9599111326401382,0.9627968000746964,0.9510449159355845,0.9239784873015221,0.961057502532247,0.9524892342220701,0.9634551254280891,0.9670836568353247,0.9572946926048059,0.9831490047770469,0.982994286905436,0.9927562906870983,0.9960532567427279,0.9581088256708694,0.9673872122615926,0.9746420298755328,0.9765303772217059,0.9761086138933152,0.9588863893170663,0.9056608060302294,0.9617790205553114,0.9632047065239135,0.9499423759791182,0.8864734306317866,0.9731848683981256,0.9511110854082533,0.9731042347524577,0.9585105571062689,0.8233495648187197,0.8834520336955359,0.8225322610836768,0.8962748784368452,0.9125523934415535,0.9167955525188382,0.8994038901497399,0.9092832345734653,0.4549796277218907,-0.536438684791871,0.9665750696600183,0.9548105225400023,0.9544137321324005,0.95997795007073,0.9608435954053492,0.972219874556574,0.9723030031703425,0.9234337534242169,0.9707879802072632,0.8693242778514416,0.8185070874848591,0.9496348354804686,0.9460839405205667,0.8345566783536741,0.9593405094622607,0.9600087363216698,0.9027375103284541,0.9760596225858561,0.8343318010630483,0.5403673431920628,0.727923194603305,0.8589681009878433,0.8542330651974984,0.8410551849477962,0.9823835993469412,0.9824633242109886,0.7837073389873683,0.7511837345563366,0.7834477390293556,0.47200450866433524,0.7861903432177282,0.7960111550544597,0.788145720311947,0.7956505948212207,0.7956454266725697,0.7508621009425457,0.7350285719650949,-0.32284368845813305,-0.47439740045641765,0.7714618350699088,0.8933093599183237,0.920974073690594,0.941809310532286,0.9112335188561892,0.8380613939729699,0.911431691890284,0.9250619026742446,0.9238580665765581,0.7833250163282202,-0.0673204250561445],[0.998267555387067,0.996527511305715,0.9909435272885124,0.9985376145840495,0.9989581337700157,0.9827862940295627,0.9970528547544113,0.9925829283069185,0.9509598665138738,0.9980823495930271,0.997908263648265,0.9984935652930155,0.9940704919467812,0.9974519094309999,0.9986117586677125,1.0,0.9989911726646044,0.9978096829836556,0.9978095411998682,0.9981814506699759,0.9975065355019432,0.9928090709613461,0.9786421991119583,0.9812510956233422,0.9245476283842119,0.991832130900312,0.9946362567771699,0.9767586143600763,0.9587184387221951,0.9916545602736251,0.989535784915073,0.9917873060624138,0.9773381602923331,0.997514749766293,0.99833445911543,0.9981789495086554,0.9980110241072071,0.998857227751334,0.998233618154629,0.9982307262168449,0.9987736257041518,0.9976755835637364,0.9975834088749287,0.9800009760576369,0.9425800195672519,0.9595573690135532,0.9588805761465141,0.9519123668535524,0.9282343665816137,0.9605947078543304,0.9527145009728398,0.9634406937183904,0.9657694298449737,0.9537246916308603,0.9807246434385418,0.9806967835480948,0.9886685870575677,0.9914283030296168,0.9672376313070393,0.9735680827758347,0.9807256731142133,0.9809247248097542,0.9814547860969824,0.9668994461015525,0.9183110765084511,0.9656932565214059,0.9674686702188922,0.9576549701557063,0.8989329452913739,0.9782752321723611,0.9621538772797429,0.9792330571902185,0.9676144046880646,0.8423768071695481,0.8923268261082987,0.8357049587258647,0.9057226865802211,0.9234371524427075,0.9243322452805972,0.9073602510987019,0.9182528940653817,0.48484564302389616,-0.5103382627572081,0.9724957274544104,0.9612457597009001,0.9618319189402946,0.9689542307238663,0.9678662014218178,0.9771143893199776,0.9771226724484767,0.9344702438345726,0.9775088103176082,0.8859760057919113,0.8209611272455218,0.9406468009632643,0.9422809822039866,0.8387185255641222,0.9575764628594702,0.9582546788444294,0.8957835435489092,0.9740636713767781,0.8277050726163492,0.529012798262029,0.7228925114567032,0.8491018275473367,0.8493821216707772,0.8315944907236539,0.9792487271073966,0.9792244210030219,0.7739960386259835,0.7476030890797938,0.7758309704417214,0.4789230898283607,0.7778963268251228,0.7849240438664128,0.7867980400245456,0.785293855136598,0.794197266076982,0.7376607715512639,0.72304449