var config = { responsive: true }

var correlationClose = {"data": [{"type": "heatmap", "z": [[1.0, 0.999984374984668, 0.977137554263435, 0.9996905265690832, 0.9972524044334572, 1.0, 0.9901079838746153, 0.9853351251884578, 0.9906974931738922, 0.9726741176327628, 0.9793384330700708, 0.9901557754329754, 0.9903165546728846, 0.9902259890709282, 0.9902800206639646, 0.9931649677804371, 0.9933870469951752, 0.9913207818468938, 0.9913078869942498, 0.9912835674000233, 0.990145462997, 0.9771545968819502, 0.963947889776422, 0.9761657014273207, 0.9761391643261836, 0.9505959498084429, 0.9524428588626582, 0.9431728966040408, 0.9898915598748921, 0.989846867122026, 0.9857316288636053, 0.9740583280267635, 0.9932783500376475, 0.9942134752878798, 0.9932963004155064, 0.9915214529731773, 0.9858101984674008, 0.9938921700977944, 0.9938424688538195, 0.9947754072317515, 0.9934864865041512, 0.9934737621654702, 0.9934864865041512, 0.8967021743796106, 0.6919607475978937, 0.8617791836703317, 0.8929944823774678, 0.8100300586190442, 0.964075889564159, 0.9291407550521179, 0.9545534414792152, 0.9494559408649121, 0.9526489448949422, 0.9781085372708188, 0.9720507941645641, 0.9077874611879739, 0.8971539643658745, 0.9276208276449107, 0.8985897867172138, 0.9240297260027367, 0.9249164950813734, 0.9240297260027367, 0.8300266645568595, 0.9022144957879888, 0.903412560333675, 0.9022144957879888, 0.8831265075647209, 0.7096373392562043, 0.8596854268210197, 0.8615114921252497, 0.8596854268210197, 0.5995836459664058, 0.48665702936765276, 0.5742102220805178, 0.7275164998040644, 0.46272926075355175, 0.5272351404388529, 0.5293000912656638, 0.5272351404388529, -0.5982019767583002, 0.8703437890705634, 0.9008926093205607, 0.8825666272354289, 0.909327806957949, 0.9342681830520304, 0.8685169504440386, 0.869972583507431, 0.8685169504440386, 0.8811097175032859, 0.8811097175032859, -0.1737971139009508, 0.5118930864300815, 0.21394864626077026, -0.5151419195468656, -0.5442558607804431, -0.5480514256443494, 0.0017795689724747477, 0.03336034363601863, 0.2860164241787795, 0.19252039290296877, 0.11468977696299013, 0.08928506207773831, 0.11623043908914978, -0.17675451695820193, 0.10231468520423734, 0.10251474576477192, -0.5173411198907686, -0.4132043540614793, -0.17627985618463696, -0.45903424463359926, -0.3420793522074485, -0.3171966040571108, -0.30776221124730435, -0.3171966040571108, -0.1668455470113658, -0.2219708849517267, -0.2219708849517267, -0.524401190949286, -0.524401190949286, 0.3992743210994526, 0.6687065658444755, 0.8784461563907843, 0.8564099055785208, 0.7958078627681419, 0.6764829019577738, 0.7764020897239534, 0.8173257828613208, 0.8175366900839781, 0.8173257828613208], [0.999984374984668, 1.0, 0.9642313412760144, 0.9991146320312972, 0.992741345994053, 0.9999843749846679, 0.974569006059763, 0.9640597612695929, 0.974298652171069, 0.9548414098075436, 0.9767574866673886, 0.9746222620602432, 0.9745738377610583, 0.9743658428833367, 0.9734867300242677, 0.9832623556000729, 0.9817501239764423, 0.980813866177535, 0.9807793494900946, 0.9747009141877883, 0.9746892551833325, 0.9796845054819472, 0.9638215412294533, 0.9665604803506596, 0.9666454451047849, 0.9509490362729429, 0.971616134096607, 0.9240748181473484, 0.9737318411279274, 0.9737867338301721, 0.9701849855383718, 0.9160992755740164, 0.9857371132864834, 0.9858467476565695, 0.9867221599733326, 0.9773004541632745, 0.9838343357722411, 0.9857263175641047, 0.9864699148535457, 0.9862427239425329, 0.9868541176305297, 0.9868285952291823, 0.9868541176305297, 0.8969066742727385, 0.604455158723009, 0.8628101850526416, 0.8940339803859872, 0.8092354364837104, 0.8630133768143997, 0.8819478704437204, 0.8529623842773995, 0.8703655804247329, 0.8593015385787386, 0.9375231237142748, 0.9375842468380754, 0.9107833716114366, 0.9223073974531794, 0.8965039885423512, 0.8961915638374417, 0.9040792000487438, 0.9049316253520006, 0.9040792000487438, 0.7486173087279036, 0.7094755784334406, 0.7115299056508388, 0.7094755784334406, 0.9157348154880424, 0.9216688091451889, 0.9154019412824899, 0.9168274998020334, 0.9154019412824899, 0.4092613058547787, 0.3539060442423613, 0.47644428939357114, 0.5766859803939957, 0.4524957209825464, 0.498642915699896, 0.4999564274111193, 0.498642915699896, -0.19607795525947455, 0.847572343420481, 0.8880587065798655, 0.8727142162243064, 0.9187954492461624, 0.9203888152523273, 0.8405319339975961, 0.840996084124625, 0.8405319339975961, 0.8530237257278142, 0.8530237257278142, -0.28162348598525533, 0.5115863181051731, -0.3745290048521689, -0.45709369127731003, -0.45706179816317744, -0.46058711439328004, -0.26634151156970165, 0.20485655404315992, -0.1835266698185825, -0.34233936876417476, -0.19478527801972392, -0.24941732413394993, -0.2738148976074409, -0.3023707501127736, 0.07625740451670733, 0.0708766449619983, -0.47063053662009396, -0.42225677122163274, -0.4500548149612792, -0.47994051505549723, -0.4723824211452874, -0.4531273119976731, -0.45636234751713856, -0.4531273119976731, -0.35202137471929373, -0.4790382956844331, -0.4790382956844331, -0.45848066920742114, -0.45848066920742114, 0.3987842180434505, 0.43727459312432054, 0.5287290335924187, 0.611884074980263, 0.5889015604549149, 0.26567391780863575, 0.40563458954854936, 0.401385710019386, 0.40150518098978033, 0.401385710019386], [0.977137554263435, 0.9642313412760144, 1.0, 0.9811959520180538, 0.9909051491464328, 0.9771375542634351, 0.9853096248893907, 0.9833928116360009, 0.9922506234887506, 0.9341373143455166, 0.9963230646320381, 0.9852600677324203, 0.9827544118020501, 0.9850247126854427, 0.9849206864504401, 0.9880752516183998, 0.9891081645454494, 0.9827348189652977, 0.9827172147094926, 0.9907692913960136, 0.9851671784450424, 0.9905127723111616, 0.9789475604904988, 0.9827339397823677, 0.9827504615530849, 0.9797453663254393, 0.9772251212530577, 0.946061839621703, 0.9670100783648521, 0.9670786817630485, 0.9718966901472325, 0.9473870258581031, 0.9812154755497643, 0.9877137714425451, 0.9795333925485075, 0.9826080375108429, 0.9934110383490515, 0.9896756156402355, 0.9793265807277766, 0.9867511574596444, 0.9808968304091116, 0.9801839034260196, 0.9808968304091116, 0.9053104479648754, 0.6074779725950302, 0.9068416657567516, 0.8751245461491519, 0.6557570260150425, 0.9071764419807874, 0.8572065136041539, 0.8947282083671869, 0.8914209188252856, 0.8987544524235294, 0.9291409287963349, 0.9386828592497015, 0.7401315462319569, 0.8014270951635091, 0.8159471279768667, 0.8369555865661488, 0.8081946854100499, 0.7768942563994095, 0.8081946854100499, 0.7220781044412569, 0.7632350474449892, 0.7630814815307049, 0.7632350474449892, 0.8293080717844892, 0.3960693340544871, 0.5875858549992066, 0.6573450796311323, 0.5875858549992066, 0.4934078374383384, 0.4627172979072091, 0.4578166277816657, 0.6178725606929779, 0.39629667242453553, 0.42609866931637197, 0.39275267742286596, 0.42609866931637197, -0.5893982563612084, 0.7956870383195557, 0.7755324901328461, 0.7772101613541429, 0.7546738325013843, 0.882156425299165, 0.8014812317261683, 0.8040241513766362, 0.8014812317261683, 0.7457915998363622, 0.7457915998363622, -0.28228832121162817, 0.7056823993747211, 0.1652454767802799, -0.6107414663518568, -0.6358416831124037, -0.6386838929963576, -0.1106946553073375, -0.0071097170819226846, 0.2829009448120287, 0.058134551974945756, 0.007807885344699712, 0.04074623925887623, 0.006757779841075701, -0.1730990816703731, 0.00565156446992815, 0.005554532611967674, -0.6076086440798805, -0.527029243045699, -0.132256508498539, -0.5825802497064162, -0.4391622098939957, -0.40306530328814993, -0.23455464335703935, -0.40306530328814993, -0.29182461336120136, -0.3580891396977871, -0.3580891396977871, -0.6270418059865572, -0.6270418059865572, 0.31412856381259807, 0.5733844968925993, 0.7844788026092447, 0.7631920907746051, 0.7321054519510998, 0.5691691208787945, 0.7100255141246659, 0.7171942077142911, 0.7492176435843504, 0.7171942077142911], [0.9996905265690832, 0.9991146320312972, 0.9811959520180538, 1.0, 0.9985002506207579, 0.9996905265690831, 0.9918204323603477, 0.9875307524408055, 0.9928317122756595, 0.9704609594165922, 0.9851540994687318, 0.9918551319555916, 0.9919435466292305, 0.9918956577222544, 0.9919376505270822, 0.9948008671826575, 0.994960395039949, 0.9927885199834873, 0.9927775848576461, 0.9931822104986296, 0.9918359721260064, 0.9805451317145452, 0.9670860886467818, 0.9792606105433942, 0.9792349398970274, 0.9636280482475541, 0.957027515636002, 0.9445010462719711, 0.9898116474933735, 0.9897777507932735, 0.9866739474438935, 0.9734818848140199, 0.9941667582063589, 0.9954451000720788, 0.9941372893137549, 0.9927814808265496, 0.9901229590007408, 0.9953768618679167, 0.9945369574937004, 0.9959297475824704, 0.9942696781514397, 0.994260810382576, 0.9942696781514397, 0.8960068601999019, 0.6793266852007122, 0.8716216173918043, 0.8879282093720449, 0.7864189687791432, 0.9582320538407915, 0.921198065627018, 0.9477229024572205, 0.9437557781693552, 0.9476738995702656, 0.9738831037306147, 0.9693156462108917, 0.8814334709974686, 0.8864483313266387, 0.9113154789448521, 0.8926450425761354, 0.902661403511465, 0.9038887484464573, 0.902661403511465, 0.8190435776194697, 0.8879174368240209, 0.8892393308413379, 0.8879174368240209, 0.8777100588075395, 0.6368273790336896, 0.8115012611641478, 0.8133791266495444, 0.8115012611641478, 0.5887313605145171, 0.45832085806128176, 0.5611645138087177, 0.7083676375914597, 0.4553598680382888, 0.493582968359024, 0.4963808826367456, 0.493582968359024, -0.5999951320225974, 0.8625759648469901, 0.8880094184026979, 0.8708667990739676, 0.880279884395554, 0.9300003909913284, 0.8619081769129684, 0.8635548923922056, 0.8619081769129684, 0.8570361704992088, 0.8570361704992088, -0.18088019155289348, 0.5434439691570473, 0.21877432357602122, -0.5238777802721072, -0.5525835328561982, -0.5562862847320816, -0.01117384257897089, 0.027144945914348486, 0.2786653032439702, 0.1798321956734032, 0.10380082177932475, 0.08242466354334511, 0.10992086404571244, -0.18500106759270116, 0.0902267636828711, 0.09047316907196089, -0.5253264864844198, -0.4248706807815229, -0.17831458266417116, -0.4725967487432373, -0.34474206244841865, -0.31923671040329143, -0.31036555796504356, -0.31923671040329143, -0.176986112654783, -0.23275465572390902, -0.23275465572390902, -0.5360001289262961, -0.5360001289262961, 0.3829286131027093, 0.6564461867664637, 0.8710523234859195, 0.8490416725187735, 0.7885122252660539, 0.6677354339938223, 0.767680835650994, 0.8089402683581381, 0.8091642994078716, 0.8089402683581381], [0.9972524044334572, 0.992741345994053, 0.9909051491464328, 0.9985002506207579, 1.0, 0.9972524044334572, 0.996520709531742, 0.9942987207494698, 0.9967038752812796, 0.9591086056735163, 0.9946816234800391, 0.9965397714023014, 0.9966406640491512, 0.9965734603907639, 0.9965750852654081, 0.9976566433954052, 0.9972621855638302, 0.9971652997540026, 0.9971619458844193, 0.9965344254258096, 0.9965307856013923, 0.993009466261121, 0.9797210206081565, 0.9896006064874101, 0.989552447668558, 0.9808793275580929, 0.9786908100116443, 0.9483043170164784, 0.9883441972282373, 0.9882795559752847, 0.9876574636715599, 0.9641562363744229, 0.9976621450575381, 0.9976080162446372, 0.9975134076749543, 0.9970442817582742, 0.9969093575613447, 0.9978253552859001, 0.9979357668887207, 0.9976780833105126, 0.997638659842921, 0.9976427451421704, 0.997638659842921, 0.9126692812303041, 0.6412138511884077, 0.8971290242973744, 0.8903138429403535, 0.7490593291511948, 0.9372714487724544, 0.8939605617802683, 0.9259113677931071, 0.9288790451350601, 0.9362000404196822, 0.9671899713180561, 0.9672946505758953, 0.8717898066004984, 0.8602711556972885, 0.8927877326025846, 0.875434998442508, 0.8905971912523633, 0.8911349915371415, 0.8905971912523633, 0.7855057819956004, 0.8237929725378358, 0.8253901152945482, 0.8237929725378358, 0.8622389997667794, 0.7424383343932197, 0.8416474444637262, 0.8428459829318374, 0.8416474444637262, 0.5358701016163148, 0.39652956726378774, 0.5168956356492926, 0.6940533487686738, 0.5104144739094835, 0.4864373233059084, 0.4867265102207193, 0.4864373233059084, -0.5883546539377256, 0.8385856699306276, 0.8516509427995287, 0.8387720345752315, 0.8828180041411011, 0.9024651140617623, 0.8409242569824656, 0.8425180189951704, 0.8409242569824656, 0.8496394671427177, 0.8496394671427177, -0.22729772236476545, 0.6119248359467258, 0.07435759170611206, -0.5814898307267548, -0.6149641797141483, -0.615373059472174, -0.04928823216435993, 0.047399549337517125, -0.12103007477750036, -0.07273171766520901, -0.05041015197498309, -0.29484795835790345, -0.34772249560680013, -0.4930596641693956, 0.05364925991615297, 0.05371934023931569, -0.5584471818919584, -0.4660079577951571, -0.4869580721113545, -0.5199571033553005, -0.5766289492493272, -0.546745726438517, -0.5492135690237657, -0.546745726438517, -0.2241850380150436, -0.27422834175709443, -0.27422834175709443, -0.6418228655241967, -0.6418228655241967, 0.35851412867849086, 0.6338155244027152, 0.8187979296859286, 0.7909652184123842, 0.7748967932019084, 0.5952326839074924, 0.6160801101577907, 0.7001346044072824, 0.7005089291594545, 0.7001346044072824], [1.0, 0.9999843749846679, 0.9771375542634351, 0.9996905265690831, 0.9972524044334572, 1.0, 0.9901079838746153, 0.9853351251884578, 0.9906974931738922, 0.9726741176327628, 0.9793384330700708, 0.9901557754329754, 0.9903165546728846, 0.9902259890709282, 0.9902800206639646, 0.9931649677804371, 0.9933870469951752, 0.9913207818468938, 0.9913078869942498, 0.9912835674000233, 0.990145462997, 0.9771545968819502, 0.963947889776422, 0.9761657014273207, 0.9761391643261836, 0.9505959498084429, 0.9524428588626582, 0.9431728966040408, 0.9898915598748921, 0.989846867122026, 0.9857316288636053, 0.9740583280267635, 0.9932783500376475, 0.9942134752878798, 0.9932963004155064, 0.9915214529731773, 0.9858101984674008, 0.9938921700977944, 0.9938424688538195, 0.9947754072317515, 0.9934864865041512, 0.9934737621654702, 0.9934864865041512, 0.8967021743796106, 0.6919607475978937, 0.8617791836703317, 0.8929944823774678, 0.8100300586190442, 0.964075889564159, 0.9291407550521179, 0.9545534414792152, 0.9494559408649121, 0.9526489448949422, 0.9781085372708188, 0.9720507941645641, 0.9077874611879739, 0.8971539643658745, 0.9276208276449107, 0.8985897867172138, 0.9240297260027367, 0.9249164950813734, 0.9240297260027367, 0.8300266645568595, 0.9022144957879888, 0.903412560333675, 0.9022144957879888, 0.8831265075647209, 0.7096373392562043, 0.8596854268210197, 0.8615114921252497, 0.8596854268210197, 0.5995836459664058, 0.48665702936765276, 0.5742102220805178, 0.7275164998040644, 0.46272926075355175, 0.5272351404388529, 0.5293000912656638, 0.5272351404388529, -0.5982019767583002, 0.8703437890705634, 0.9008926093205607, 0.8825666272354289, 0.909327806957949, 0.9342681830520304, 0.8685169504440386, 0.869972583507431, 0.8685169504440386, 0.8811097175032859, 0.8811097175032859, -0.1737971139009508, 0.5118930864300815, 0.21394864626077026, -0.5151419195468656, -0.5442558607804431, -0.5480514256443494, 0.0017795689724747477, 0.03336034363601863, 0.2860164241787795, 0.19252039290296877, 0.11468977696299013, 0.08928506207773831, 0.11623043908914978, -0.17675451695820193, 0.10231468520423734, 0.10251474576477192, -0.5173411198907686, -0.4132043540614793, -0.17627985618463696, -0.45903424463359926, -0.3420793522074485, -0.3171966040571108, -0.30776221124730435, -0.3171966040571108, -0.1668455470113658, -0.2219708849517267, -0.2219708849517267, -0.524401190949286, -0.524401190949286, 0.3992743210994526, 0.6687065658444755, 0.8784461563907843, 0.8564099055785208, 0.7958078627681419, 0.6764829019577738, 0.7764020897239534, 0.8173257828613208, 0.8175366900839781, 0.8173257828613208], [0.9901079838746153, 0.974569006059763, 0.9853096248893907, 0.9918204323603477, 0.996520709531742, 0.9901079838746153, 1.0, 0.9970417610193366, 0.9999670531652426, 0.9485887766704862, 0.9995357263102217, 0.999995963786623, 0.9999573024419897, 0.9999920002387789, 0.9999171424779209, 0.9937862299461491, 0.9998086706284683, 0.9998243398692948, 0.9998247133930199, 0.999994339854345, 0.999996342145767, 0.9909407391513787, 0.9747604320276031, 0.9835510632764647, 0.9922725947301884, 0.9826400647013656, 0.9708796645937106, 0.938570441411644, 0.9925209688592518, 0.9921874616518408, 0.9920532006349699, 0.967813262923057, 0.9992774136005081, 0.9993622827531558, 0.9993331803477945, 0.9997298555553996, 0.9985082156842346, 0.9992430827623908, 0.9981707052002476, 0.9993459443941598, 0.9990855839287031, 0.9990004121709096, 0.9990855839287031, 0.9198181073071927, 0.64084514254477, 0.920552202959448, 0.8961128126655628, 0.695592940877058, 0.9476073651909902, 0.9121772802437951, 0.9351533753277465, 0.9257548879714456, 0.9363137638854441, 0.9690365329830568, 0.9612439564334226, 0.6962767656581135, 0.8041578943209027, 0.7869822919618237, 0.8330726266996401, 0.7795988373405669, 0.7503344146355944, 0.7795988373405669, 0.7375008930047339, 0.7510934972097664, 0.7536297135713161, 0.7510934972097664, 0.8166663268984877, 0.2726514782895683, 0.49403439121135606, 0.5867910429111619, 0.49403439121135606, 0.5013522010166772, 0.4602402179868927, 0.4592729818580092, 0.594574100351784, 0.3721399419388517, 0.3998837728132764, 0.34776664172039184, 0.3998837728132764, -0.6530748350431812, 0.7921073531835692, 0.7929207096222977, 0.7856747281611027, 0.7211163607337986, 0.8861248030195031, 0.7972753902471846, 0.7996169429699643, 0.7972753902471846, 0.7026992432516098, 0.7026992432516098, -0.26544967059339425, 0.6679998746050217, 0.2644539768847026, -0.5714809022568892, -0.5983773422778483, -0.6015770482846462, -0.06727022500676282, -0.027284031742622752, 0.3757111510325732, 0.13741553851146768, 0.059911430200375114, 0.12827706073533718, 0.09568740523051637, -0.09194111754453206, 0.015044111259042748, 0.015379942682546674, -0.5745042487993095, -0.49899222532293014, -0.020941663495354628, -0.5600875252544515, -0.3514254647530536, -0.3180542809934844, -0.14169979251031886, -0.3180542809934844, -0.26212908725058387, -0.28696493968842773, -0.28696493968842773, -0.6044495315118792, -0.6044495315118792, 0.35387660736391097, 0.6080119146547592, 0.8039340678172836, 0.809737646073509, 0.7621745465687692, 0.6483459847149793, 0.7474862235180002, 0.7699779838208438, 0.7883737186920811, 0.7699779838208438], [0.9853351251884578, 0.9640597612695929, 0.9833928116360009, 0.9875307524408055, 0.9942987207494698, 0.9853351251884578, 0.9970417610193366, 1.0, 0.9994239258455074, 0.9395438937593096, 0.9980287680917148, 0.9978669019919565, 0.9992122094196861, 0.9989395301706882, 0.9986185938726523, 0.9859955070538781, 0.9988381226978218, 0.9989966791090409, 0.9989996372949352, 0.9994676651299159, 0.9991139980764522, 0.9908132341502859, 0.975066391406573, 0.991414176318808, 0.9921079851277355, 0.9772038357923251, 0.972928416976484, 0.9365781440973477, 0.9888535449642946, 0.9922723590941664, 0.9902208132749529, 0.9638743880168962, 0.9980740887447694, 0.9979479082127334, 0.9979557735156498, 0.998950243701429, 0.9955759661151596, 0.9977154785792207, 0.9975029053722586, 0.9978121876946028, 0.9978875145385963, 0.9979189598090462, 0.9978875145385963, 0.9177834285896517, 0.6248224323149943, 0.9220126109538587, 0.8921177687324136, 0.6660975792065134, 0.9452084540332347, 0.9047545244756915, 0.9313174472571066, 0.9162704479495312, 0.9282808682812047, 0.9641840092831653, 0.9554445986346383, 0.6791573832266004, 0.7864675498586382, 0.7665281382470958, 0.8212035066747894, 0.7604262239118985, 0.7357719971851854, 0.7604262239118985, 0.7208489102039027, 0.7284304313919656, 0.7380626713695912, 0.7284304313919656, 0.8048704393408409, 0.2488550406158106, 0.4686587867692096, 0.5671286470158949, 0.4686587867692096, 0.4846159263121792, 0.45196036824044106, 0.4405072584656022, 0.5762281624924525, 0.36100876445702584, 0.38625585570107596, 0.3281012846255534, 0.38625585570107596, -0.6532737677258111, 0.7783169663285238, 0.7697487931342103, 0.7672246927879712, 0.7037084905049564, 0.8756960630349677, 0.7842412431132502, 0.7868450598749896, 0.7842412431132502, 0.6803763796859936, 0.6803763796859936, -0.2841691562786518, 0.7024561102383466, 0.27333131250887477, -0.587227255988626, -0.6135164380084946, -0.6165115877372728, -0.08363439832029743, -0.037101529794140414, 0.3690274888404998, 0.11752124997141612, 0.04325653238135465, 0.11900055770288676, 0.0796568819407039, -0.09844366520004601, -0.0031125059094681594, -0.0027605608009972824, -0.5882914290362403, -0.5164128790289695, -0.02778558642537904, -0.5807818560526706, -0.36585868189956766, -0.33066073258188683, -0.1479635653153145, -0.33066073258188683, -0.2827226330890823, -0.3027860647906746, -0.3027860647906746, -0.6193293856595263, -0.6193293856595263, 0.32736778497133284, 0.5888848264144251, 0.7935263290523976, 0.7907694842994952, 0.7479819787315709, 0.6312730698245321, 0.7306435324278279, 0.7497333916115522, 0.77194388282418, 0.7497333916115522], [0.9906974931738922, 0.974298652171069, 0.9922506234887506, 0.9928317122756595, 0.9967038752812796, 0.9906974931738922, 0.9999670531652426, 0.9994239258455074, 1.0, 0.9473149581634268, 0.9994721685334009, 0.9999682148552024, 0.9999638375484374, 0.9999732663050529, 0.9999301474193418, 0.9980239084497953, 0.9997138211888427, 0.9997597103721639, 0.9997607782607355, 0.9999651607226602, 0.9999655423517626, 0.994133337326145, 0.9774226108388446, 0.9936290899887404, 0.993568077849139, 0.9823909774962254, 0.9767843759060838, 0.9404043982738646, 0.9910197578216454, 0.9909843821639679, 0.9887165539859287, 0.9630076385866986, 0.9992927795370818, 0.9992539518014721, 0.9991133859436288, 0.9998535572787992, 0.9984125681539995, 0.9992304099297478, 0.9991295520272141, 0.9992263573375487, 0.9991315244996641, 0.9991377618707672, 0.9991315244996641, 0.9199708777000294, 0.6421805898421878, 0.9207097555706979, 0.8962397342504981, 0.6949897852110095, 0.9335913956053459, 0.8864181274063231, 0.9179227161398242, 0.9210985228766322, 0.932454451547789, 0.9626810494179218, 0.9616254390935646, 0.8414570621000677, 0.8049003227412921, 0.8633488676708515, 0.8338310162096542, 0.8612237249286339, 0.8620593022799032, 0.8612237249286339, 0.7364264361049532, 0.8039970133233553, 0.8057658395656909, 0.8039970133233553, 0.8180000511911155, 0.7000235407082566, 0.8084613821153069, 0.8101235563752291, 0.8084613821153069, 0.5003124104562885, 0.31774644225941495, 0.45844288693141794, 0.6392898877530457, 0.43294026467252655, 0.3952874855938259, 0.3956482169085977, 0.3952874855938259, -0.634638360236065, 0.7924426200863496, 0.7924895103906245, 0.7856753451801898, 0.8530230940433402, 0.8737071044277864, 0.8037445975355012, 0.8064250622426972, 0.8037445975355012, 0.8123982555057074, 0.8123982555057074, -0.2680523558265198, 0.6681264592645212, 0.09773996222139913, -0.600398019660038, -0.6425576783273624, -0.6433989148525903, -0.07092640273010907, -0.025411027185298196, -0.1298614747312752, -0.04574429165178672, -0.03784587584514853, -0.32831136571821357, -0.3573754828357884, -0.5346600523325411, 0.013541566342429642, 0.014242988375014188, -0.576537427533437, -0.5013376946691597, -0.4975194430919444, -0.5624685467837183, -0.5928452667003762, -0.5719037168326446, -0.5738821538428791, -0.5719037168326446, -0.2647498069038911, -0.2907537283248389, -0.2907537283248389, -0.7006117602027965, -0.7006117602027965, 0.35415281565726753, 0.6069091037022069, 0.8255503333471745, 0.8023069991388604, 0.7606051287125314, 0.6332079614557233, 0.6483291461058207, 0.7193826814191357, 0.7195499638190275, 0.7193826814191357], [0.9726741176327628, 0.9548414098075436, 0.9341373143455166, 0.9704609594165922, 0.9591086056735163, 0.9726741176327628, 0.9485887766704862, 0.9395438937593096, 0.9473149581634268, 1.0, 0.9158996183078042, 0.9486327655631853, 0.9487518765552795, 0.948259241464225, 0.9475526467668262, 0.9498785720249839, 0.9558099681093095, 0.954832790759175, 0.9547992600345332, 0.9487901405126375, 0.9487760451435334, 0.9483127097353157, 0.9406101947182798, 0.9507349655491076, 0.9509601383617733, 0.7956758851920235, 0.9558608580732071, 0.9503930227337211, 0.9569146844096188, 0.9570613836894637, 0.9553000833206445, 0.9292113320594636, 0.9592713722201275, 0.9595515890858567, 0.9603979165257731, 0.9509599660413683, 0.9289686633229931, 0.958476361983386, 0.9600414762109312, 0.959848704318813, 0.9607330976028645, 0.9606927234606304, 0.9607330976028645, 0.7740488419831797, 0.43989372908461566, 0.7172930307253127, 0.8583328705218468, 0.8417901828034094, 0.8734275987273451, 0.7548069541160888, 0.850911002625935, 0.8652130280570473, 0.8744749155781539, 0.8956177416924581, 0.8956658571619242, 0.8488914005626006, 0.8401856017768539, 0.8765935243582601, 0.8518420517411267, 0.8677877422950729, 0.868715645202958, 0.8677877422950729, 0.7868242797253611, 0.7650516393398891, 0.7672270900847599, 0.7650516393398891, 0.8440231309846467, 0.8668031824684568, 0.8420560317513738, 0.8429373691322135, 0.8420560317513738, 0.6073066225868133, 0.5270993177234857, 0.6079223422289546, 0.7363426534639642, 0.6272704695597946, 0.6494637239616078, 0.6530041809080345, 0.6494637239616078, -0.2733782905594282, 0.8478788725192653, 0.9129131523788221, 0.8674773687463933, 0.8670508822326043, 0.8785550895597328, 0.8391311902380466, 0.8406165259519218, 0.8391311902380466, 0.8521089727245257, 0.8521089727245257, 0.01189036886865574, 0.2268564667521424, -0.06969281763419088, -0.34654015962371654, -0.3788675035792746, -0.3808234004621947, 0.10451951417320002, 0.37459073389327735, 0.13236941914526895, 0.027101777611538647, 0.13827627883275564, 0.045373466357491475, -0.062281442946033896, -0.11668881228903397, 0.26484051068611536, 0.26371403541107025, -0.33103236256450325, -0.2786548087009398, -0.28232535633305356, -0.2850004668476852, -0.35626354653396636, -0.3047989008465489, -0.30666913610944985, -0.3047989008465489, -0.04421259971897213, -0.32286942982478073, -0.32286942982478073, -0.38947555406951223, -0.38947555406951223, 0.5800035623861999, 0.6797750347677886, 0.7607712044563557, 0.6657360279549471, 0.8406639338614045, 0.30171169847926327, 0.39167140565889863, 0.5722403131292595, 0.5725348901222531, 0.5722403131292595], [0.9793384330700708, 0.9767574866673886, 0.9963230646320381, 0.9851540994687318, 0.9946816234800391, 0.9793384330700708, 0.9995357263102217, 0.9980287680917148, 0.9994721685334009, 0.9158996183078042, 1.0, 0.9995329859289408, 0.9995285800027216, 0.9994767133320862, 0.9995154334846182, 0.9983563295693274, 0.9995720003751113, 0.9996974682635084, 0.9997030226493231, 0.9995415078227476, 0.999542758564128, 0.9913795484641201, 0.95669959128506, 0.9913225151991336, 0.9912929579883477, 0.9862614838914748, 0.9723879942475401, 0.8915381809639404, 0.9887686896570902, 0.9888244749342191, 0.9701203061913549, 0.8866405979460247, 0.9985791213153774, 0.9985239478119656, 0.9982910380115524, 0.9992001031418933, 0.9991142815281009, 0.9985529091951986, 0.9983088084109027, 0.9984846953316805, 0.998237606015824, 0.9982520015763596, 0.998237606015824, 0.9137770140233333, 0.5214901596015089, 0.916292545583785, 0.8946828645111402, 0.6972178165924691, 0.822090361435558, 0.8345032352819366, 0.8094617865701109, 0.8117099521222289, 0.8179670646840528, 0.9214175417725006, 0.9216170194472861, 0.8306572344309023, 0.8419473671382826, 0.8036532480824737, 0.8067982888127228, 0.8139494982765316, 0.8150421929374637, 0.8139494982765316, 0.622906914472927, 0.5776981640549128, 0.5801992954187959, 0.5776981640549128, 0.8430817838369207, 0.8536509262972564, 0.8411221063126455, 0.8428668776615645, 0.8411221063126455, 0.26330144766531627, 0.19642471149594665, 0.3256046133520965, 0.44648962189777475, 0.312597962958445, 0.36722293464642514, 0.3705260667034313, 0.36722293464642514, -0.4057401999301537, 0.7408603091446078, 0.7972873513689278, 0.7744619015262538, 0.8404876566509576, 0.8368646872352499, 0.7324021397147812, 0.7330472729849159, 0.7324021397147812, 0.7484904672406496, 0.7484904672406496, -0.33231746925622957, 0.658559894071443, -0.3946227231626402, -0.5421731914819949, -0.5425622758343872, -0.5448606615568417, -0.3355981693585077, 0.12929602862466497, -0.24940263638369592, -0.4008283975146402, -0.25931569130730475, -0.3206917568909995, -0.35519320095192963, -0.3859498933214863, -0.0025611333286172304, -0.006863122081058878, -0.5522416273601349, -0.5145272587838017, -0.5323476142445333, -0.5668434951714327, -0.5612324172623939, -0.5364520113122456, -0.5393575800793358, -0.5364520113122456, -0.43917246642653457, -0.5937129088132141, -0.5937129088132141, -0.6028686597104871, -0.6028686597104871, 0.34904402141419655, 0.36843004519132655, 0.47104137018757664, 0.5550594993240697, 0.5561036389056795, 0.165919717168734, 0.30908230402795356, 0.332876862639019, 0.33307486862439273, 0.332876862639019], [0.9901557754329754, 0.9746222620602432, 0.9852600677324203, 0.9918551319555916, 0.9965397714023014, 0.9901557754329754, 0.999995963786623, 0.9978669019919565, 0.9999682148552024, 0.9486327655631853, 0.9995329859289408, 1.0, 0.9999625348585148, 0.9999939855550003, 0.9999226271815157, 0.9946367494615277, 0.9998109156985963, 0.9998258628666976, 0.9998261657961036, 0.9999960769506726, 0.9999969879428371, 0.9908950224844988, 0.974728708331821, 0.9891571351473123, 0.9922465387731686, 0.9826169808969614, 0.9707832423078017, 0.9385133462427484, 0.9925123763956588, 0.9922013707799161, 0.9920456682274719, 0.9678395573298774, 0.9992800050285098, 0.9993675321346733, 0.9993426179565243, 0.9997355736379754, 0.9985121200041609, 0.9992532789620672, 0.9981750964409627, 0.9993538790155304, 0.9990905687147262, 0.9990036832245, 0.9990905687147262, 0.9198593122600213, 0.6410273296600719, 0.9208508349087753, 0.896409123132661, 0.6957885955197322, 0.9476556021440223, 0.9123836974200613, 0.935242690328251, 0.9258536175149905, 0.9363972177631354, 0.9691416072874732, 0.961327663067506, 0.696201578721641, 0.8043210275142999, 0.7870980150129563, 0.833193203717566, 0.7797130636471653, 0.750267477229268, 0.7797130636471653, 0.7375724562399073, 0.7511588394859758, 0.753557768801207, 0.7511588394859758, 0.8168303794641463, 0.27250732826124485, 0.49404350073220926, 0.5866902053623886, 0.49404350073220926, 0.5012877954537267, 0.4601491376324395, 0.4592191694067118, 0.5946082223673721, 0.37201096829154273, 0.3999800851607578, 0.34781021983523686, 0.3999800851607578, -0.6532254174554022, 0.7921776487141776, 0.7930737790644234, 0.7857786134384559, 0.7211063914468581, 0.8862342636202666, 0.7973644344632108, 0.7997010010025459, 0.7973644344632108, 0.7027834384581861, 0.7027834384581861, -0.2654381348200188, 0.6680231426672871, 0.2645827160095452, -0.5714362960932294, -0.5982829238996102, -0.6014883683936149, -0.06734406172437449, -0.02744758297260308, 0.3758971068664843, 0.13745531837421926, 0.059866674127348064, 0.12855834898956747, 0.09594868584144872, -0.0916245931718993, 0.015075971197253292, 0.01542856717680236, -0.5744875943456484, -0.49901586753934196, -0.020667553754525312, -0.5600603570638221, -0.35114407831563843, -0.31780098550351643, -0.14147059970240408, -0.31780098550351643, -0.26197174525073785, -0.2869122666611457, -0.2869122666611457, -0.6043091517454685, -0.6043091517454685, 0.3544330117134115, 0.6081898112523094, 0.8039746822867463, 0.8100181038516591, 0.7622830631437468, 0.6486166476197406, 0.747636188470322, 0.7702482362473476, 0.7885013905184094, 0.7702482362473476], [0.9903165546728846, 0.9745738377610583, 0.9827544118020501, 0.9919435466292305, 0.9966406640491512, 0.9903165546728846, 0.9999573024419897, 0.9992122094196861, 0.9999638375484374, 0.9487518765552795, 0.9995285800027216, 0.9999625348585148, 1.0, 0.9999669094644036, 0.9999105362967154, 0.9974923458242816, 0.9998066040653786, 0.9998676413694443, 0.9998682277005803, 0.9999828827085568, 0.9999616406726488, 0.9904345705353484, 0.9745381631195822, 0.9929789134653806, 0.992939469958226, 0.9825849720552907, 0.9704019607084203, 0.9384385342945912, 0.9932868882727748, 0.9933041521985726, 0.9918068645590709, 0.9676406755419189, 0.9995046998562221, 0.9993715037148079, 0.9993992073243666, 0.9998832170136532, 0.9985104204694387, 0.9992606134534644, 0.9992143035791954, 0.9993641702401199, 0.9993753868568472, 0.9993793282219913, 0.9993753868568472, 0.9199707474364442, 0.6411891938360558, 0.9208782924366744, 0.8964178889411696, 0.6958054055213513, 0.9515433851097298, 0.9098539097912055, 0.936795382533282, 0.9259389136094338, 0.936395573818751, 0.9688649239166578, 0.9613987791149604, 0.6507549801323498, 0.8040313384252632, 0.7858601089596753, 0.8336550081282852, 0.7786613745695974, 0.7235938773958573, 0.7786613745695974, 0.7374929144162621, 0.7414034262450532, 0.7457586967365345, 0.7414034262450532, 0.8172816750763506, 0.20271015856072364, 0.4814584743674776, 0.487241613571419, 0.4814584743674776, 0.501439046608895, 0.3538256219042092, 0.4594688841547809, 0.5941139705224877, 0.3722308776946387, 0.3671577617293102, 0.34744877107575034, 0.3671577617293102, -0.6534157242969668, 0.7926545061141798, 0.7930453901370269, 0.7855387966901198, 0.6618052242525423, 0.8867176711451368, 0.7978820204464833, 0.8002132721490335, 0.7978820204464833, 0.7012687836323133, 0.7012687836323133, -0.26510594803361887, 0.6679019525607794, 0.26818175859202886, -0.5712802754941835, -0.5979487750632487, -0.6011544366273524, -0.0677212527795183, -0.027345876036118304, 0.3278489698734314, 0.13763137945285292, 0.05961741755039162, 0.13197409924074402, 0.098327617459987, -0.10186043131826351, 0.015196337716953239, 0.015552363884687878, -0.5746516722967914, -0.4990925251422697, -0.08637324186454627, -0.5597780223802656, -0.3491233264761249, -0.31555586502239624, -0.22865914973546475, -0.31555586502239624, -0.2615093710587567, -0.28801261723499827, -0.28801261723499827, -0.6035699470154408, -0.6035699470154408, 0.35456452628686796, 0.6083699260500468, 0.7887637755819571, 0.8100739725027756, 0.7626779726822717, 0.6483582130104543, 0.7056049218020445, 0.7580204722245885, 0.7581975001929424, 0.7580204722245885], [0.9902259890709282, 0.9743658428833367, 0.9850247126854427, 0.9918956577222544, 0.9965734603907639, 0.9902259890709282, 0.9999920002387789, 0.9989395301706882, 0.9999732663050529, 0.948259241464225, 0.9994767133320862, 0.9999939855550003, 0.9999669094644036, 1.0, 0.9999352842970136, 0.9973479767170241, 0.9998012446844571, 0.999829160305616, 0.9998293465018718, 0.9999939693627813, 0.9999941700281632, 0.9907468711450048, 0.9746259459578474, 0.9928078260349812, 0.9926861054097226, 0.9824810394858028, 0.9704428053422595, 0.9381251004539628, 0.993243945734913, 0.99328896392145, 0.9920850506804065, 0.9680234034752111, 0.9993321579741646, 0.9993662225922608, 0.9993748240117566, 0.9997742916909114, 0.9984405159037844, 0.9992566247573121, 0.9984963377304442, 0.9993627822673015, 0.9991411091697292, 0.9990617900619166, 0.9991411091697292, 0.920116453181928, 0.6418005133778625, 0.9211881889718329, 0.8967221716967991, 0.6953987953663521, 0.9482455285276968, 0.9131449362020394, 0.9358752565263154, 0.9262745814901865, 0.9367827268401479, 0.9695775170629001, 0.961722443451732, 0.6965043649357008, 0.8046104960950775, 0.7870180258732038, 0.8334759516242796, 0.7796772697990639, 0.7498913127912508, 0.7796772697990639, 0.7377764300927114, 0.7511083823109669, 0.753993960676916, 0.7511083823109669, 0.8172080059280669, 0.271798758819304, 0.49350296245959496, 0.5867359222248877, 0.49350296245959496, 0.5011012690194327, 0.46071435813392037, 0.4591024344120729, 0.5943493731197628, 0.37158908878066504, 0.40001170768528116, 0.3474432982740659, 0.40001170768528116, -0.6536158938548053, 0.7923193264822851, 0.7925923431339948, 0.7858648282767949, 0.7103577678086208, 0.8865185617165855, 0.7975034343909505, 0.7998285461610771, 0.7975034343909505, 0.7025805977384845, 0.7025805977384845, -0.267245928318444, 0.6690495392815684, 0.2651091776597021, -0.571989090858722, -0.5986981548969278, -0.6019088517166377, -0.06860942688400953, -0.028791168955770205, 0.37618990785049505, 0.13694969901974993, 0.058962639457761756, 0.12861922868084466, 0.09600900254129191, -0.09147647842399112, 0.01394494481557598, 0.014292784304586062, -0.5751856989468186, -0.5001117587463946, -0.020073560550783513, -0.5615754322042301, -0.3510149132455138, -0.31774546091238437, -0.14089981616865987, -0.31774546091238437, -0.2630645502881787, -0.28742650801225245, -0.28742650801225245, -0.6044089170137724, -0.6044089170137724, 0.3546037949739815, 0.607864443944673, 0.8045110787057765, 0.810479060493993, 0.7617016424546345, 0.6494090377507953, 0.7484259016265582, 0.770647869197217, 0.7891103267361702, 0.770647869197217], [0.9902800206639646, 0.9734867300242677, 0.9849206864504401, 0.9919376505270822, 0.9965750852654081, 0.9902800206639646, 0.9999171424779209, 0.9986185938726523, 0.9999301474193418, 0.9475526467668262, 0.9995154334846182, 0.9999226271815157, 0.9999105362967154, 0.9999352842970136, 1.0, 0.9974646577811528, 0.9996959320894777, 0.9997771776143629, 0.9997783277616371, 0.9998996028916788, 0.9999184457377039, 0.9905091303269978, 0.9743745631366557, 0.9920822839739754, 0.9917189815358879, 0.98250138035743, 0.9701540176763132, 0.9380277150522423, 0.9923557359999281, 0.9923624351006123, 0.9914758259081065, 0.9670784226846596, 0.9993408773460951, 0.9992158823791851, 0.9993125759978245, 0.9997608849798134, 0.9983462393587457, 0.9992325590746504, 0.9984805637602113, 0.9992384601888711, 0.9991565152674056, 0.9990911408342878, 0.9991565152674056, 0.9187965921674303, 0.6421064904727468, 0.9199928071084681, 0.8955379665473945, 0.6924600640909205, 0.9488092806142863, 0.9140091089283369, 0.936850277761455, 0.9257282413120635, 0.9360748029764077, 0.9699442038946179, 0.9612904205265936, 0.6978381576369962, 0.8031634032836273, 0.7872685404147892, 0.833144246578068, 0.7799286365009576, 0.7521892096792431, 0.7799286365009576, 0.7358155365865421, 0.7505676438470821, 0.7551657474769239, 0.7505676438470821, 0.8172009665839146, 0.27171670520204516, 0.4930712292100023, 0.588175403116457, 0.4930712292100023, 0.49971392491711314, 0.46244271846590157, 0.4574798841596281, 0.5939054638566967, 0.37015143643237247, 0.40053936017402125, 0.34769770179320547, 0.40053936017402125, -0.6541428252088833, 0.791675394806389, 0.7912589607535626, 0.784864346863088, 0.723134385399561, 0.8868474086292224, 0.7970295220802487, 0.7996019531454278, 0.7970295220802487, 0.7026815045332564, 0.7026815045332564, -0.26788995419660044, 0.6707636367080729, 0.2649612344566771, -0.5722940533188443, -0.5987266822434681, -0.6016917490170592, -0.07062815012539518, -0.03047598964137614, 0.3775061971422986, 0.13647644657701644, 0.05774611080242382, 0.1296453078788698, 0.09709381074552982, -0.08998378718266237, 0.012962350800056447, 0.01365365784388388, -0.576534652541629, -0.5017123350221099, -0.01826283474666798, -0.562617546760297, -0.3501253571970193, -0.31686866164765676, -0.13944342300126691, -0.31686866164765676, -0.26333139175749165, -0.29035194871228615, -0.29035194871228615, -0.60424792102265, -0.60424792102265, 0.35160843244885903, 0.6056383601377334, 0.8056110868155846, 0.8112436704530103, 0.7600193561207828, 0.6483749731775578, 0.750189480760972, 0.7714110946647691, 0.7905473216669201, 0.7714110946647691], [0.9931649677804371, 0.9832623556000729, 0.9880752516183998, 0.9948008671826575, 0.9976566433954052, 0.9931649677804371, 0.9937862299461491, 0.9859955070538781, 0.9980239084497953, 0.9498785720249839, 0.9983563295693274, 0.9946367494615277, 0.9974923458242816, 0.9973479767170241, 0.9974646577811528, 1.0, 0.9981039621246354, 0.9977149194556667, 0.9977123320580483, 0.9977931539390799, 0.9972782884366456, 0.991348665032036, 0.9771888966961191, 0.9698074614824177, 0.9871761820136937, 0.9868584250094914, 0.9717332678053839, 0.9471502613285159, 0.9915593668280681, 0.9893542512821415, 0.9882700227547571, 0.9657704987656885, 0.9974861539585802, 0.9974959271050675, 0.9973091587057061, 0.9972975624758469, 0.9984655377927046, 0.9980220104626425, 0.9973028267873273, 0.9977324807612744, 0.9974118308690111, 0.9973890410774757, 0.9974118308690111, 0.9104975134487463, 0.6518072893223257, 0.9131533714413749, 0.8991523096670457, 0.718892823950