var element=document.getElementById("correlationAdjClose");if(element.style.display!='none'){var correlationAdjClose={"data":[{"type":"heatmap","z":[[1.0,0.9999929609845837,0.985373715406052,0.9999259981413552,0.9990506630511359,0.9861266392429477,0.9977980284522723,0.9958650940086514,0.9691137171394449,0.9961949380176649,0.9941551634892698,0.9936404723051956,0.9959907124616098,0.9960221259650822,0.9959129677938064,0.9975261034269973,0.9977945389061705,0.9983140484005546,0.9965390588492437,0.9965495840468561,0.9966044327629028,0.9959444331442779,0.9864247781536464,0.9708248504641532,0.9893476736035245,0.9557868816239053,0.9883033057857007,0.986407227887807,0.9665142532712174,0.9497291181149999,0.9931364932737318,0.9941536968467827,0.9923196147254776,0.9772884037399728,0.9977055852130258,0.9979531584975705,0.9974453773751739,0.9960476000483431,0.9956368241124772,0.9978356211869108,0.9987386726687054,0.9987824634030082,0.9976588636442443,0.9976684148787273,0.9766768173945146,0.9137695309507606,0.9479629526462479,0.9156122854742167,0.9166990400373887,0.897458253625713,0.9639319211502944,0.9468528847382668,0.9655330288824154,0.9652614589939784,0.9559349658163498,0.9847799468259572,0.9817464232864649,0.9903008989227514,0.9944867043747765,0.986079975785894,0.981295727333176,0.9876932629966603,0.9856329389931816,0.9882672430243173,0.988063101774922,0.9650241790724924,0.9727452336009512,0.9745596660516059,0.9742279411230519,0.9509545615397843,0.9792894466170257,0.9767686071034101,0.9842415367160552,0.9834786955444214,0.9411057032379107,0.880316567036544,0.846859842415545,0.8969433846796534,0.9170061422966947,0.9136314060909251,0.9149615311344296,0.9135857902030926,0.6743631153866932,-0.5644432596776358,0.9799202033131731,0.9743571061551504,0.9710144189226103,0.9868337264965825,0.9738612118841418,0.9839202277367279,0.9838831251211356,0.9489326266287672,0.9840422282771237,0.9522832686009061,0.7481090459814352,0.8951569737599431,0.924372660762093,0.7850416912938356,0.9476797214400727,0.9485161829833871,0.8982498037565395,0.9630762967726574,0.8961258478389285,0.6164878785353427,0.7175342874056287,0.9028605608610978,0.8688904569063217,0.8938160449344071,0.9726479116528227,0.9728343046396118,0.7789788707068543,0.7259978149075408,0.824905876754888,0.39400308407981105,0.7996869536874025,0.8292112378049432,0.8244169660119671,0.815114901655079,0.7703479207672226,0.7482813927111639,0.7302338634553138,-0.2617907377473412,-0.40051856968083,0.6587473993793889,0.8954657104676086,0.9386507106592544,0.9448407300629008,0.913159295174543,0.827415258577724,0.9118495252517693,0.9319828099908098,0.931844698919171,0.8664382595893825,-0.18486761019031897],[0.9999929609845837,1.0,0.9866965665005618,0.9998148534980976,0.9980588765318099,0.9900610669731892,0.994174686929953,0.9908773023909484,0.9832203123286907,0.9908996604355574,0.9909022633633447,0.9928562459119471,0.9910552314114299,0.9908977995224619,0.9909674810139298,0.9934075432069382,0.9963126604163124,0.9959202118757989,0.9936533715172764,0.9936540095376837,0.990961407515324,0.9910108214416631,0.9906604026337718,0.9703816972507582,0.9874123573248159,0.9800056760382139,0.9872525196081063,0.9862916691307748,0.9784986956589095,0.9286938312638954,0.9881692802250902,0.9854335167255927,0.9792705706555467,0.9284565092750617,0.9954099552146268,0.9952866620816627,0.9955387647211429,0.99161373714195,0.9949589936941304,0.9955407702971499,0.9969361580133669,0.997056114678822,0.9955167060826196,0.9955243426095681,0.9887415218882971,0.9135950909778294,0.8840064045693987,0.91545456762922,0.9168138314707389,0.8974276474136013,0.8734353292695113,0.9182290642953207,0.8765098773599571,0.9039057500697733,0.8728347605631939,0.9539230698051723,0.9538821923777372,0.9650540664088995,0.9835058063077693,0.9799511448471052,0.982817098625231,0.9780919435292058,0.9779699896502335,0.9802059516353643,0.9801295996495171,0.9474091632808525,0.9567134755388303,0.9308057222191435,0.930725759114077,0.8525122353565576,0.9761046082240279,0.9779054606862609,0.9781105611501373,0.9776677924125705,0.9464084027502899,0.729170672423061,0.6801443355122052,0.8038438052329588,0.8782438230649763,0.8233555059883848,0.8516199573470762,0.8501903374625478,0.6817657777687013,-0.24263055206060224,0.9662419227400135,0.9712773836780505,0.9660293682834591,0.9806349759659435,0.9639668904326121,0.969813900258774,0.9691062957385218,0.9231289393692622,0.972060416637859,0.9271810269766108,0.6455881756586969,0.8944741720505845,0.8920250565644747,0.41814833021623193,0.7999655281944239,0.8053979040759429,0.7217538438533194,0.963893394358843,0.6937538591821899,-0.27304255703601377,0.18968796759010145,0.7219335391159853,0.6690465923580478,0.7140615266800405,0.9654541317335988,0.9653818767035531,0.08229303099678385,0.2520254240461128,0.088510638870556,0.060640123607319865,0.08260558565223783,0.09818469539769062,0.09445167285686912,0.01793752390204151,0.4540110006310456,0.1861423293140222,0.13554553147328385,-0.4417005790439237,-0.4835622349259872,0.6587027527121322,0.7508653554285776,0.7752185550625857,0.8338665192277706,0.8239900930526692,0.5601444371235249,0.7442542932455212,0.7697344442596585,0.7684861741969327,0.41984576230350984,0.18670719132213534],[0.985373715406052,0.9866965665005618,1.0,0.9867884423541305,0.9931893336801936,0.9909605349498201,0.9903579569393198,0.9909259425634129,0.9901892562474122,0.9937557675476929,0.997817404666098,0.9969199285951905,0.9908055715566852,0.9931576089341573,0.9909853574790682,0.9903832688847606,0.9910044280650603,0.9904779173236054,0.9896185407725862,0.9895982323139602,0.9925964926227353,0.9908233027521928,0.9944854998595807,0.9822719020397302,0.9912759590447077,0.979437007142693,0.9917736795895509,0.9856269613361875,0.9848469361268224,0.9559311084662904,0.970793335765648,0.9747958721139182,0.9779763801475034,0.9538868826573008,0.9876572223023575,0.9907754295852037,0.9891161190108045,0.9926894425009637,0.9951068296486297,0.9915522649133868,0.9854576253439875,0.9881544902006578,0.9879698850353946,0.9873511545970186,0.9914995347796609,0.9109779678424206,0.931587676889937,0.9332768997436486,0.9102025858139245,0.8482367640339503,0.9229668720311249,0.9018973804903109,0.925441770581893,0.9257778957241497,0.9124470405324135,0.9507469335474712,0.9588370727613797,0.9668453729018873,0.9789148621984349,0.9365669382980555,0.9593914270485336,0.9598613462102736,0.9666026925254207,0.9601968738580993,0.9345002867074542,0.9138590991916866,0.9395036355553468,0.9312465255287576,0.9131237488221614,0.882829931300247,0.9668022130047019,0.9448225002606132,0.9600132393119821,0.9387774378760934,0.8071153845999193,0.8305175344293128,0.7522145583282169,0.8501146126783928,0.883621309850317,0.883895716828164,0.8522024660263218,0.8664225517697136,0.36465254320818846,-0.5582332203078181,0.9555453822828383,0.9384695310525366,0.939241020992249,0.9367635745177493,0.9498270998492019,0.9588388223845681,0.9584102246358251,0.9265496093060013,0.9543145850953204,0.864022466672507,0.7275566420231065,0.9460632536583856,0.9455470334262339,0.7552577459786647,0.9328916080501909,0.9347303840757842,0.8713762184050979,0.9798953174608084,0.7774145739935107,0.5219749773135592,0.6592553450618289,0.7972931853108947,0.7952903224264931,0.7785593136108954,0.9828155410424796,0.9828807498268575,0.7048716569908638,0.6675813522075589,0.7118225034678686,0.3340827898911327,0.6976236868699243,0.7126937904043188,0.7288092276335891,0.7102700013677332,0.7291486040869528,0.6794725865250897,0.6599688847997185,-0.3282901446262954,-0.4667198781692271,0.6222018274352819,0.8563680209217953,0.8871084256432216,0.8909783820850975,0.8858047804204874,0.7588092458996946,0.862605293621109,0.8759477840153256,0.8835908566375884,0.7367279866700264,-0.10704555317658265],[0.9999259981413552,0.9998148534980976,0.9867884423541305,1.0,0.9993178007700971,0.9872223710791425,0.9980779948656261,0.9963305755439028,0.9714040828465635,0.9967135371640102,0.9949433688728069,0.9947151975730748,0.9964381355236509,0.9965632375695409,0.9963775596235046,0.9978297458616433,0.9981466605843136,0.9986068463916316,0.9969469268670139,0.9969550384885331,0.9970473614275215,0.9963963250972924,0.9876946569570673,0.9722326194998365,0.9903715294270936,0.9584708189725839,0.9894364374496118,0.9881565547337724,0.9685971240967799,0.9510105928595199,0.9924987070818689,0.9937075933360441,0.9923496292568272,0.9769246675431623,0.9978191688875789,0.9981875039371338,0.9977066346961533,0.9965521115082359,0.9962020981324735,0.9981050755805745,0.998653340646251,0.9988864346377886,0.997766382398207,0.997773368063219,0.9785367069251671,0.9096156875989926,0.9457270114236891,0.9162883675116741,0.9150352171924117,0.8899170727314458,0.9609613112029024,0.9434651992549983,0.9624629025182952,0.9626568163366223,0.9530524865625717,0.982668298898282,0.9801985825943732,0.9894436703478715,0.9943476616575734,0.9845484915902133,0.980042399364192,0.9863420693494581,0.9849676790681947,0.9868353236553782,0.9866235697920515,0.9538526149724744,0.9713959319650011,0.972986507685574,0.9726516977893843,0.945288084728627,0.9787834662642722,0.9736848132647649,0.9827020764089572,0.9819006385801717,0.9181871073657291,0.8785968307203024,0.8426821060382275,0.8950220675919182,0.9139553040616666,0.9130255506650622,0.9123421441053021,0.9110136797324021,0.5776780702271359,-0.5641414889611511,0.9789843143127882,0.9728829037662934,0.9693866695153092,0.9853047612795276,0.9729874116699526,0.9830587845089783,0.9830146573258013,0.94832530157362,0.9824997333003639,0.9353898322050618,0.7524652213953696,0.9014942752328854,0.9286108499334251,0.7867137210898956,0.949033032562076,0.9498996613156993,0.8978188757338789,0.964419052590836,0.8899347751371287,0.6128715637787783,0.7157236161743704,0.8973202817980586,0.8652245472695957,0.8880006834032752,0.9735761095413876,0.9737710981495399,0.7777569866804882,0.7261931880282182,0.8169103937332876,0.3959007881526408,0.7939002114953808,0.8209346356747615,0.8160683554643962,0.8096949589143205,0.7728190251891951,0.748162201051247,0.7301936494104857,-0.25717351366207014,-0.39977543183555875,0.6576890966771316,0.8934831310852549,0.9367263495551329,0.9429766675597726,0.9118691400182364,0.8245401757656714,0.9097706371887687,0.9296528573623396,0.9296723853964933,0.858944072070615,-0.17766913085738414],[0.9990506630511359,0.9980588765318099,0.9931893336801936,0.9993178007700971,1.0,0.9901065474460732,0.9990897966365918,0.9984670065774649,0.9841430907478895,0.9984671021563967,0.998015264332242,0.9980396136057976,0.9985018446471023,0.9985000605708712,0.9985000288071529,0.9990261492069596,0.9986134110873283,0.9992765969359269,0.998845411886199,0.9988444957403968,0.9985665300418354,0.9984910697917605,0.9940399981913935,0.9798882684600622,0.9945991493444354,0.9763927571659364,0.994553677494662,0.9910628366013909,0.9820024479320865,0.9547281475451103,0.9892151964227872,0.9918804800835349,0.9899967166672352,0.9688852128841273,0.9989499685912469,0.9989956372197303,0.9990064883348102,0.9985866330182338,0.9986201949773924,0.998985902286535,0.9989570243990488,0.9991840892024239,0.998944995637787,0.9989443547449878,0.98848759242958,0.9197364539378525,0.9447101248262703,0.9291767356565289,0.9196827222347949,0.8845204867781725,0.9461299580843167,0.9354005099519485,0.9503096294337015,0.9551954663201851,0.9449569634142739,0.9793590374468433,0.9793153052902397,0.9890826559215584,0.9942471445551084,0.9811119985759607,0.9744883417240162,0.9818864193498298,0.9810554014769202,0.9822325096438249,0.9819836841844072,0.9551177624975036,0.9624193374644117,0.9571929424196144,0.9567723321632426,0.917188219834804,0.9760451501060534,0.972498412906645,0.9786147779781617,0.9777508274242832,0.9380122335516281,0.8568237490867304,0.815846002912923,0.8791636770967389,0.9180230015647246,0.901240908889166,0.908943262900686,0.9077453317162368,0.7296813807555943,-0.5806241809930837,0.9725527351792074,0.9623972935702985,0.9598332264900071,0.98209846129492,0.9632027460851592,0.9763332823402481,0.9759247110957446,0.9392575422845582,0.9780645149442763,0.9425018392643526,0.7413087421419033,0.9184477302256029,0.9491997034549488,0.7451873559177081,0.9349585993990953,0.9365679626604743,0.8915129792533233,0.9697839850415784,0.8853556811060412,0.45554106506413616,0.6535551554539133,0.8910656186633207,0.8361724350925385,0.885945845707562,0.9773398539526508,0.977488930363788,0.7398739802038766,0.7085294585996931,0.7438823948138916,0.3726910734312834,0.6898779197274855,0.7492029200291115,0.7441916280576264,0.7065158826581818,0.758409173423588,0.7321476952159599,0.7132707676106663,-0.4693517967564705,-0.5495227799121132,0.6503750634407969,0.8871885071654205,0.9219566646062077,0.936044137608331,0.9090078635667553,0.8037283073689923,0.8954919034696324,0.9154101761358217,0.9149588055370971,0.7946260511570239,0.032027763705582565],[0.9861266392429477,0.9900610669731892,0.9909605349498201,0.9872223710791425,0.9901065474460732,1.0,0.9857841145109824,0.9863847824666956,0.9917143135158605,0.9857224925238443,0.9808976420648892,0.9794955767797747,0.986281834376443,0.9867657593665684,0.9864535496189522,0.9861299083629497,0.9892454458393942,0.9873859773153613,0.9872015084123344,0.9872050835698891,0.9852554736147902,0.986377366409253,0.9958773503215005,0.9927581569634586,0.9872872761918401,0.9852329631254367,0.9873921435434775,0.9754884593451906,0.987210057370877,0.9720818072516376,0.9658130226762867,0.9709784761518923,0.9801863413727976,0.9686644557974733,0.9855533318604829,0.9858416830896717,0.9866834591845988,0.987105827476697,0.9805791554189015,0.9862606352288505,0.9847247732287557,0.9863307345864514,0.9856978861925455,0.9857159072285941,0.9955869553202965,0.8679671374713309,0.9255382107307341,0.894115509878651,0.9078288959558751,0.8708156858030023,0.9223385238506757,0.9092273483602971,0.9246792458450837,0.9365256816163642,0.9202881525835783,0.9544812309256974,0.959384320238042,0.9640767329985661,0.9743799668107995,0.9694680831953854,0.9842417159203234,0.970811491841387,0.9828446116047691,0.9704424587832743,0.9698879124132033,0.9735428245750389,0.9654496543962411,0.9456033025522868,0.9450774356327496,0.9402945841867693,0.980903123895947,0.9734109889648929,0.9707059703076637,0.9692677457218183,0.9585350477823661,0.8784079193063073,0.8308922691345452,0.8969327892453186,0.9094077201638006,0.9182113495500835,0.8997327891996337,0.897521174636587,0.7014956417780285,-0.5191016144019284,0.9783992973644284,0.9783304569507754,0.9741177787625551,0.9704539847657783,0.9699497029512044,0.9775708200316374,0.9771720572623518,0.9638368477637591,0.9669035736036884,0.9627884974084862,0.752603729321659,0.8726475462339474,0.9480051527513539,0.7916251195411255,0.9377644032128372,0.9388649945668752,0.869552509828795,0.958793082311297,0.840456245092788,0.5477037899788911,0.6848235131705293,0.8497354221457412,0.8214107696202738,0.8388522777377044,0.9599427466507444,0.9600435319300004,0.7349227808104004,0.7035583160441574,0.7556158016289785,0.3969024637250985,0.7423790456872659,0.7612117420374712,0.7549402382097816,0.7506597872265305,0.7564792452357706,0.7132552241153434,0.6977393777915101,-0.28563820523832234,-0.41548091499809175,0.6725054767067954,0.868221475222741,0.8860261389904223,0.8972023172973107,0.8811273595120916,0.7899544222368406,0.8574369234467355,0.8776778231490822,0.8778037639987679,0.8205289471501349,-0.14658004103419814],[0.9977980284522723,0.994174686929953,0.9903579569393198,0.9980779948656261,0.9990897966365918,0.9857841145109824,1.0,0.9973829458864495,0.9578791826437545,0.999577041961747,0.999514070190672,0.999526269696305,0.9983111021941029,0.9994416570261205,0.9991233586195604,0.9998857593520253,0.9963376720736278,0.9999017401400448,0.9993316044477103,0.999336553150713,0.9996902304898653,0.999278150436574,0.9904414950441135,0.9747945155494367,0.9851491871754635,0.9256085203324013,0.993137472343339,0.9904793211738282,0.9729611585800781,0.9486435513527206,0.9917010439233341,0.991716132264178,0.9935686852950792,0.9744205553103725,0.9989396296649952,0.999839436066385,0.9996918547822768,0.9994495300700492,0.9997343661925178,0.999822402928424,0.9984131045249276,0.9997136330593431,0.9993446240191262,0.9989771471974145,0.9815647239206471,0.9273187627252889,0.9482791655984182,0.9404413913724643,0.9291380877341568,0.8845320479538911,0.9570853839293851,0.9430644191688468,0.9593153609588793,0.9594700898594236,0.9508938460369993,0.9814026803760204,0.9802996627678179,0.991323973210929,0.9963833850413574,0.9464248664721472,0.9620404220999539,0.9724141437206101,0.9730011223798549,0.9740496699699469,0.9464386339284719,0.9020838918904139,0.9534261538099229,0.9598070231314361,0.9374780283864356,0.8910255980451778,0.9661527513554712,0.9379740073759828,0.966718960254756,0.9467721946459321,0.7692980754855444,0.8510930818589055,0.7736656872345126,0.8665568834364255,0.8870512658980717,0.8915216826672786,0.8701780904190209,0.8823793776617699,0.316314758826142,-0.597926039402842,0.9635921158683756,0.9478818010114725,0.946839629743015,0.948203331403846,0.9597876199511054,0.9702837480131324,0.9703265421877482,0.929242796414506,0.9667706406451431,0.8436945310855043,0.7363866710998973,0.9190097778628432,0.9282713174996339,0.7753659838024779,0.9471322831267973,0.9481798717356315,0.89449732662284,0.9691502933132125,0.8319155598922462,0.6036697548192287,0.7071943818503185,0.8545760358753324,0.8449350903913969,0.836123635638872,0.9774752603688065,0.9776792432462262,0.7667710754057446,0.7056396531139437,0.7821232748217117,0.3675006242593893,0.7717787103879147,0.7929377914189971,0.7890794283471315,0.7901544964338989,0.7549342724068452,0.7375530805736085,0.7178114911652437,-0.2733970502638244,-0.42334369142494177,0.6675778051665454,0.8901577365602608,0.9260234989459128,0.9421795870470571,0.9137120917816813,0.8241644169859239,0.9105747059479927,0.9313024215034844,0.9299870029569386,0.7758244924687144,-0.14253601030157173],[0.9958650940086514,0.9908773023909484,0.9909259425634129,0.9963305755439028,0.9984670065774649,0.9863847824666956,0.9973829458864495,1.0,0.9689577833314638,0.9999998172753373,0.9999992456421091,0.9997144056031083,0.9999970126042591,0.9999919329915435,0.9999980812796807,0.9992609490858207,0.9907656333441796,0.9993982038589722,0.9999008236248804,0.9999004046992249,0.9999615677987056,0.9999987106086348,0.9908632799061593,0.9761665752918346,0.9924000164624566,0.9398022609273308,0.9936403045234294,0.9883353895764508,0.9751883712701269,0.9478738346590351,0.9879793808155946,0.9938539128726256,0.9922667139933035,0.9713349528360569,0.9994506124156401,0.9995363791053046,0.9996493724263458,0.9997206394038668,0.9990868432488965,0.9994601689385822,0.998107657091182,0.9987159527238622,0.9995209049263315,0.9993819256697749,0.9831497609547021,0.9272343811058708,0.9453875787287294,0.9450501706711018,0.927110984670276,0.8722928086669632,0.9553911977539056,0.9383328360925939,0.9572357869190171,0.9534052307201403,0.9446088817769945,0.9793724310173061,0.9772110417816527,0.9902713446544863,0.9970158206468898,0.9412148221911727,0.9573567885532224,0.9655598651565075,0.9696475092039966,0.967611957255154,0.9446227617472333,0.893430735542766,0.9482802338852534,0.9526550706681813,0.9318299575041966,0.8778708729098466,0.9631689607004893,0.9314080074808925,0.9609231244009193,0.9419232288835573,0.7553507300225459,0.84237294784308,0.769011581839028,0.8579204340727452,0.8793549101031606,0.8865008475195088,0.8655160889853447,0.8751586791686001,0.2976816140915991,-0.6027741596924411,0.9590261769949848,0.9403833668721323,0.9401358506715861,0.9461501896722643,0.9546972274247512,0.9658003461447836,0.9658329672677926,0.9237040964517921,0.959469390699914,0.8313631081056334,0.7329175868715498,0.9349498168744689,0.939629780980914,0.7710801849233127,0.9467611966711585,0.9479720760585734,0.8919121959327854,0.9733886105557308,0.8351582563607782,0.5893477095435076,0.698166502207318,0.8558042778737676,0.8418154510631471,0.8385719445944796,0.9801316085833784,0.9803403878896343,0.7574546256452042,0.6974661461856981,0.7836606503077206,0.3541023936407824,0.7665784519594394,0.7884395794892411,0.7897271411497229,0.7845513058966048,0.7482948224428718,0.7315196063663311,0.711159317005377,-0.2896257915608257,-0.43856150921877984,0.6522541751112321,0.8822587571070585,0.923597516610722,0.934544383540044,0.9077330533438979,0.8131325637963056,0.9040917584405282,0.9250034130097594,0.923973574813959,0.7564247022780377,-0.1252757454662839],[0.9691137171394449,0.9832203123286907,0.9901892562474122,0.9714040828465635,0.9841430907478895,0.9917143135158605,0.9578791826437545,0.9689577833314638,1.0,0.9839420936961294,0.9878857012301204,0.9898260233255493,0.9726725030977954,0.9809890932994003,0.9775977748554703,0.9753548282011474,0.9487813238758769,0.980042960344384,0.9783151930204805,0.9782896616293506,0.9824025494218573,0.9774907058915497,0.9945883814809137,0.9918909938280616,0.981805187974215,0.9874595035875119,0.9847564284948124,0.9887246545989263,0.989983454811784,0.9657215775867962,0.9293240772406746,0.9508617212981261,0.9679558390115884,0.9507850592883486,0.9720799113138247,0.9803231527462284,0.9771726790389093,0.9795373771346356,0.9878639784663373,0.9814173904065251,0.9678302100555185,0.9770782223703411,0.9729075354361858,0.9718692174052813,0.9988850673865427,0.8859404568786666,0.9155158117778792,0.934842154924668,0.9228791381932768,0.8435183530997332,0.8866298593043377,0.8796521842902846,0.8902942315437533,0.9092176865136331,0.8923274019310774,0.9300664252271627,0.9451050643710129,0.9500760626105546,0.9634157564449879,0.8942006423305756,0.9601288809451938,0.9376702975063516,0.9596235484024724,0.9378014710773275,0.8921088097249115,0.9000880641925422,0.9318781084610169,0.9051079611078886,0.8680377153114951,0.8622645244358057,0.9608214979776908,0.9097873053621001,0.9365804291668892,0.8972365199391402,0.7905355332045533,0.8216114885617424,0.7051766249998097,0.8434336767671337,0.8626624594159025,0.8759734188680953,0.8246663746573323,0.8431762084870085,0.3383463616110891,-0.54563930507746,0.9488528373919219,0.9407168559905589,0.937688288972101,0.8936786979767355,0.9380539221935391,0.9474691365160358,0.9468748777899939,0.9276915089500745,0.9314952895874493,0.8469127556199746,0.7341004368113209,0.9262270225663639,0.9550937909211309,0.7630196535181794,0.9259693328562006,0.9277554609436217,0.8492982006056589,0.9676109316936916,0.7445661335663658,0.4863421052994912,0.6408126772102716,0.7758109628874655,0.7729697184593366,0.753972049066369,0.9671432192242488,0.9671819173176683,0.6861414238752802,0.6566914122343459,0.6777978769582121,0.34150378313814583,0.680239352191252,0.6919862789570207,0.678805167379978,0.6895347737188066,0.7224833848972744,0.6751856480313282,0.6569235838685221,-0.33585856810150966,-0.4707842057603246,0.6689683365572883,0.8431108527238096,0.841091146170252,0.8671075141426714,0.8666977904630976,0.7535863351884752,0.8188651925565897,0.8470125478183914,0.8410136663629756,0.7101151153934169,-0.06635698640552073],[0.9961949380176649,0.9908996604355574,0.9937557675476929,0.9967135371640102,0.9984671021563967,0.9857224925238443,0.999577041961747,0.9999998172753373,0.9839420936961294,1.0,0.9999990873121893,0.9997198731287276,0.9999984680302495,0.9999905939335191,0.9999975641557713,0.999644429134338,0.9976810729425567,0.9993903596171263,0.9998703072485555,0.9998702219730002,0.9999748885628462,0.9999992377687262,0.9935046701698461,0.9775096917134706,0.9957380881858506,0.9736657038013765,0.9958374518463049,0.9883050417603522,0.979508763230253,0.949138257178007,0.9892056281795817,0.9934589809296351,0.9898210562392766,0.9677112021652325,0.9994573349595007,0.9995257338087875,0.9995356643702644,0.9998133740493453,0.9991017458522632,0.9994680123767469,0.9982782769122688,0.9987510017170391,0.9994584215614559,0.9994531929553838,0.9873673599624959,0.927364440165127,0.9454242730793173,0.9450119363503602,0.9270597198939713,0.8724499579684083,0.94388388770213,0.9298665560885667,0.9474548338966946,0.9512425860485095,0.942305993401272,0.977566325361093,0.9772438823507292,0.990651838385876,0.99677511631766,0.9707318125738805,0.9572496886425639,0.9715813081138838,0.9695904592361309,0.9720137397059977,0.9717262910498092,0.942548442929701,0.948185282253255,0.9472640010910958,0.9469021534146548,0.9055418292238344,0.963076621763445,0.962574915407925,0.9684784039585512,0.9674223099107843,0.924373044218538,0.842435703065649,0.7954679280175765,0.8576521395166669,0.9003652241024801,0.886169346396743,0.8927182216052159,0.8917836251555048,0.6797331626262209,-0.6152588439255052,0.9589643475428754,0.9404013482810519,0.9401607130577438,0.9719604507433329,0.9496736150753443,0.9653420689424409,0.9649127116496345,0.924289456374445,0.9673183437383761,0.9278582107645752,0.7329409516887577,0.9345821943481111,0.9523042756547975,0.751525972171135,0.9393650939226894,0.9407641061651364,0.8919828134627378,0.9724443984690427,0.8931188093062307,0.4914674928355535,0.6714339138142413,0.8988069678964113,0.8445911881920312,0.8939349531237095,0.9800806025283157,0.9803253998194345,0.7575221792308426,0.6971844225418792,0.7607598880863325,0.35424356994299083,0.7083107056744801,0.7659956975099994,0.7611028500135295,0.7262542730757238,0.747983548388939,0.7314529661691461,0.7110609612568649,-0.5158602544085352,-0.5969041074097405,0.6519500772071121,0.8823724003478399,0.9233992287562022,0.9375947788788505,0.9078906042014737,0.8092128645019646,0.8964699702026598,0.9166431204827943,0.9160947927468556,0.8058631889530237,0.10093877324933434],[0.9941551634892698,0.9909022633633447,0.997817404666098,0.9949433688728069,0.998015264332242,0.9808976420648892,0.999514070190672,0.9999992456421091,0.9878857012301204,0.9999990873121893,1.0,0.9997197777033264,0.9999961774241555,0.9999942858592528,0.9999981437932607,0.9996189655005476,0.9972080224099807,0.9990698759039717,0.9997526103999648,0.999752388410893,0.9999983063704957,0.9999981646723899,0.9924416934614378,0.971097363122628,0.9945804707063111,0.9811027072913234,0.9952357265520277,0.988321933997251,0.981045763353314,0.9395781789900215,0.9874227150533307,0.9923876375440192,0.9827888349274615,0.9394257148211336,0.9991750713578933,0.9992370690918339,0.999165778415123,0.9998840436464785,0.9990821912116145,0.9991766652947077,0.9975740028347627,0.9982471278913078,0.9991401412226057,0.9991371779468141,0.9890461920670349,0.9270477106610502,0.9058701797774957,0.9449411089788012,0.926928980151881,0.872067889353513,0.9061338650945377,0.8909973394935476,0.9112814980272066,0.9186467253075711,0.9042292702293115,0.9676822943536851,0.9676495134667039,0.9894157105120499,0.9950249018184893,0.9621151973651315,0.9573432591042519,0.9585830527562272,0.9584149937057072,0.9605445383139056,0.9602484702149029,0.9154255478389163,0.9365024334874852,0.9110326955914514,0.910493021935624,0.8256034958215827,0.9598930953285144,0.966635628830515,0.9624299994767388,0.9612623165697287,0.912866787315247,0.7558701128004685,0.7097233781414928,0.8084578667537338,0.8718008709350661,0.8340952541156733,0.8529236455671801,0.8513551148177324,0.6679079238919172,-0.44324405686597745,0.9435285985668074,0.9404985370785043,0.940221944538572,0.9635187745874074,0.9341604814281996,0.9470342950940862,0.9462813050478673,0.8892214531695247,0.9504879805567088,0.8957233281728266,0.7330796285386663,0.9349825311907963,0.9544877290901007,0.6109632591541652,0.8890403026585014,0.8922471993363918,0.8452378039188333,0.9836150993436487,0.8326499996204254,0.15991576280248046,0.5135775563741722,0.8452155875978375,0.8071922942956188,0.8388417864347267,0.9843369311436247,0.9843521072507857,0.4855442384351063,0.596639260385208,0.49317826452512764,0.3541278688134049,0.4558543164120387,0.5065137711363612,0.4950398362060528,0.43136467115804794,0.734060786733642,0.5761591650378032,0.5349706032575685,-0.48231051516988144,-0.5353431189993766,0.6512818589345781,0.8603596072422502,0.8733275284387941,0.901430333381553,0.9013578900946202,0.6513060362329914,0.8329545907060714,0.8647039656104855,0.8639047974993118,0.6050339326197228,0.0374937725364611],[0.9936404723051956,0.9928562459119471,0.9969199285951905,0.9947151975730748,0.9980396136057976,0.9794955767797747,0.999526269696305,0.9997144056031083,0.9898260233255493,0.9997198731287276,0.9997197777033264,1.0,0.9997355663011506,0.9997179733696178,0.9997257707239915,0.9996143723359499,0.9978462612884521,0.9992858474983074,0.999964410567401,0.9999640507235859,0.999724682025402,0.9997314371324959,0.991701196154714,0.9654861878348541,0.9929368500791672,0.9808248993469552,0.9938591446634272,0.9915581980079858,0.9758193651150793,0.9164465413452942,0.9898723044861256,0.9932055045550507,0.9773947472746853,0.9163198085373543,0.9993005190756519,0.999357627906731,0.9993090676364955,0.9995153176238005,0.9995359961914277,0.9993287860930978,0.9973433152219529,0.9982396203196161,0.9992827702352814,0.9992790758686103,0.9899048300031306,0.9217677257912977,0.89048912104289,0.941536631183657,0.9263863044799425,0.8721861379764262,0.8643873144512345,0.9048337466984179,0.868870803840069,0.8886584667451225,0.8620985333751631,0.9535884415645453,0.9535598365263994,0.9785799515024672,0.993929482146928,0.9602548171537729,0.9618492403290644,0.9534871969689468,0.9553479691014733,0.957019623304187,0.9568534537981342,0.9143871511198743,0.9263413237591999,0.894274943287955,0.8941293280688839,0.8022816210911236,0.9574245198517122,0.9601399789528573,0.9602670951397058,0.9596844292718005,0.917906656396126,0.6816782773181335,0.6290628600873895,0.7578284866551415,0.8397066389870572,0.7820816130413344,0.8119515797920678,0.8109300444146854,0.628261468614075,-0.3600616737283571,0.9363553969366939,0.9439245513274441,0.9361171225861861,0.9613735101565132,0.9336308461232804,0.9410501786262029,0.9400884245065713,0.8840702144111777,0.9443947114657898,0.889477095746152,0.6675505278521037,0.9318268550526566,0.9260876241378861,0.4380245490877994,0.8153344224992413,0.8210423760578185,0.7228763993864293,0.9757346331393545,0.6981151818412932,-0.21521893377061263,0.23203544638300574,0.7229266201158624,0.6761654072411319,0.7161509788087195,0.9769339346095696,0.9770036256374557,0.13481754390171488,0.2906635655279645,0.13948120379060286,0.11135481345771733,0.13180607138585584,0.14966366164108758,0.1467248354111928,0.06427490281684901,0.4888442199801706,0.21944006470770866,0.16660075803175037,-0.5083987451469281,-0.5494103800976591,0.6519790520196004,0.7488337880023238,0.7732084465634101,0.8345789545115996,0.82672146069859,0.5465429688433759,0.7403028643859575,0.7679772660000275,0.7668091853581472,0.4177176643901532,0.23319946600470298],[0.9959907124616098,0.9910552314114299,0.9908055715566852,0.9964381355236509,0.9985018446471023,0.986281834376443,0.9983111021941029,0.9999970126042591,0.9726725030977954,0.9999984680302495,0.9999961774241555,0.9997355663011506,1.0,0.9999904652513988,0.9999976716430398,0.9993139823807603,0.992547542928562,0.9994423313800166,0.9999105433290568,0.9999103298458641,0.9999688874609735,0.9999989171943986,0.9907568166558861,0.9760123349517249,0.993062664377543,0.9447354010735338,0.993596748086414,0.9884804621173043,0.9750042925351811,0.9478478460150856,0.9888801605514782,0.9939253706330101,0.9923439514659315,0.9714737531187663,0.999493100387012,0.9995778466658135,0.9996810751696926,0.9997214587829466,0.9991578716953645,0.999503570315014,0.9981977102580272,0.9987891534161256,0.9995641092636331,0.9994253903238556,0.9829361240897961,0.9275293533635081,0.9455762071092813,0.9449993094957682,0.9273172916302953,0.8730851866474221,0.9557405250167476,0.9387443095891074,0.9575911789270464,0.953775022059463,0.9450192701804859,0.9796244978697656,0.9774054260785472,0.990414088996084,0.9970869093712627,0.9415193422389669,0.9574919893053869,0.9658343923693139,0.9697688040347815,0.9678827036518272,0.9448769283304027,0.8935560166624971,0.9485247480703685,0.9530555015381488,0.9322550636534549,0.8782440912790354,0.9632403958812372,0.9316143314127051,0.9611359169898672,0.9422075221472256,0.7554091751658469,0.842801283338942,0.7695428018193691,0.8583291717387428,0.8796658310027865,0.886725988706797,0.8659062402991091,0.875557332847698,0.2979505748455146,-0.602730810600005,0.9592114536010534,0.9406850936551702,0.9403951807896233,0.9463907953173498,0.9548989718258101,0.9659973493707128,0.9660313695504963,0.9238490017767789,0.9597651208979961,0.8315394736553129,0.7330678161281164,0.9342293771658079,0.9391101408642608,0.7712477548286305,0.9467993108751471,0.9480014014901721,0.8922525319306299,0.9732305200792357,0.8356232707891553,0.5903982183565993,0.6988403138906633,0.856261974268813,0.8423460675856749,0.8390349078124792,0.9800562059998679,0.980264900470545,0.7580926541167199,0.6980395606050956,0.7842517020425213,0.3548692313213439,0.767259873076347,0.7891244475179491,0.7903287054118174,0.7852602964515306,0.7486720303066369,0.7319738385818454,0.7116365858654881,-0.28864555789635127,-0.4376820605892153,0.652760754583126,0.8827748572703117,0.9240391455011238,0.9350660087607194,0.9081944980737354,0.8136940920964725,0.9046601616885314,0.9255612977434187,0.9245201284233643,0.7571005986431394,-0.1263062028259453],[0.9960221259650822,0.9908977995224619,0.9931576089341573,0.9965632375695409,0.9985000605708712,0.9867657593665684,0.9994416570261205,0.9999919329915435,0.9809890932994003,0.9999905939335191,0.9999942858592528,0.9997179733696178,0.9999904652513988,1.0,0.9999945105098166,0.9995188082128399,0.9975977021792074,0.9993954834685822,0.9998938478277983,0.9998927352522524,0.9999492240104234,0.9999905372980409,0.9927682796964625,0.9764227417268624,0.9954656472994758,0.9676806809179973,0.9952401054598458,0.9882591431465995,0.9752911529922476,0.9480297418906356,0.9889652172992386,0.9938646565369798,0.9916597003410567,0.970952296258455,0.999460424653667,0.9995289454743967,0.9995952577626571,0.9998762457777175,0.9991137174839438,0.9994492085556238,0.9980144892016545,0.9987039119829854,0.9994757135262068,0.9994682498223902,0.9853861860396759,0.9275509888034156,0.9453126508290786,0.944876356331554,0.9268838190867477,0.8723540908298426,0.9493839712069855,0.9300223002796937,0.9514857680679676,0.9531304340784461,0.9443184585835348,0.9777615007405456,0.9770653840536834,0.9895892507760213,0.9970932562893925,0.9709454183582473,0.9570025358654943,0.971557432728582,0.9695833217011499,0.9725803932374395,0.972282702912688,0.9513825498767303,0.9478494150684521,0.9519022528665049,0.9515265680007933,0.922698520013793,0.9631064379266664,0.965582009035357,0.9702029489197312,0.9690068085861223,0.9342460079001598,0.8420441997775169,0.8041276709920051,0.8573463560781959,0.8913699812577703,0.8862204725932005,0.8874906152048421,0.8862417676495326,0.6577260193000459,-0.6031982709733845,0.9589709115634905,0.9402822813685247,0.9398856784088011,0.9721779659111954,0.9547352092376803,0.9657583110516408,0.9658488738560177,0.9237344981409888,0.9663191016363979,0.9363237035431243,0.7327117813801405,0.9342266868977,0.9453744599358215,0.7700593557461782,0.9465924472720962,0.9477220778651688,0.8918570363049994,0.9736041279330258,0.8832370180336752,0.5896899186169425,0.6976471006626865,0.890752258172352,0.8541895217833245,0.8812129108861952,0.9803582328787673,0.9805999014946349,0.7565800168079789,0.6965624441294598,0.7987212295632135,0.354157844797617,0.7703299104822656,0.8033753316264962,0.7978315185357383,0.7829361629124508,0.7480390535289594,0.730064509071992,0.7097119647153823,-0.3816028484457827,-0.5020418614964898,0.6511256896934338,0.8823839055817259,0.9209443117381962,0.930407283383168,0.9082523648923775,0.8122360281289679,0.8909949004741009,0.9137329281329515,0.9133167351568697,0.8440905811350415,-0.09351454882562871],[0.9959129677938064,0.9909674810139298,0.9909853574790682,0.9963775596235046,0.9985000288071529,0.9864535496189522,0.9991233586195604,0.9999980812796807,0.9775977748554703,0.9999975641557713,0.9999981437932607,0.9997257707239915,0.9999976716430398,0.9999945105098166,1.0,0.9994112748812282,0.996808404070155,0.9994157810886557,0.9999040394345015,0.999903308575307,0.9999629041064497,0.9999974614860087,0.9909076179233117,0.9762296128289735,0.9948147167912241,0.9589376726129587,0.9946269492504832,0.9884248101075305,0.9752418808601515,0.9480531076515916,0.991334581037468,0.9942046853399322,0.9922122559138965,0.9712415264966523,0.9994636538595805,0.9995387445232278,0.9996575643518582,0.9997373372239581,0.9991192817855831,0.9994583291624259,0.9981352690165489,0.9987342725885122,0.9995320375939063,0.9993960451470822,0.9831452486509965,0.9273180634901269,0.9454124889581634,0.945048958751817,0.9272468908668343,0.8726350974452812,0.9554792277206788,0.9384796091281968,0.9573574610025269,0.9533563612014201,0.9445290054053965,0.979404349369188,0.9771587472806602,0.9902418768492569,0.9969802682485156,0.941531866018525,0.957455870708014,0.965738072202876,0.9697242097242424,0.9677749385554003,0.9444045311962234,0.893658001181264,0.9481692691175198,0.9527229614859263,0.9320582119492201,0.8780073616383648,0.9633223227247151,0.9317798385906483,0.9611407687446043,0.9422559696843295,0.755718979921867,0.8423492794006204,0.7692896727774071,0.8579419344752023,0.8795338641588318,0.8864958920023139,0.8656774064744928,0.8753368289565367,0.29804671552084105,-0.6024722877834636,0.959106357523226,0.9405519650695878,0.9402810476366426,0.9446691961306708,0.9548801845043854,0.9658802432255,0.9659094365205947,0.9238947793949454,0.9596482755832346,0.8316455305764296,0.7329562861353153,0.9346042648103045,0.9395142502158728,0.7710580083561461,0.9466764869754306,0.9478919963017313,0.8917293023569832,0.9734073451622651,0.8351996932852085,0.5891874759878956,0.6980552943419677,0.8558228293356165,0.8419531802387447,0.8386104202417843,0.9801766948047292,0.9803822701818647,0.7570502144138556,0.6970996498828228,0.7836480452238632,0.35438509258441575,0.766560831083038,0.7883640898452157,0.7898956244243924,0.7844544372267986,0.7482064504311735,0.7307440030560333,0.7104188704990998,-0.2894288502400274,-0.438360310163474,0.6525265965616966,0.882170209192821,0.9237322922908098,0.9345971047912148,0.9077786971435888,0.8129320336278121,0.9043096879601954,0.9250512056460446,0.9241399941853917,0.7565322228121704,-0.1255673864531911],[0.9975261034269973,0.9934075432069382,0.9903832688847606,0.9978297458616433,0.9990261492069596,0.9861299083629497,0.9998857593520253,0.9992609490858207,0.9753548282011474,0.999644429134338,0.9996189655005476,0.9996143723359499,0.9993139823807603,0.9995188082128399,0.9994112748812282,1.0,0.9982682113744815,0.9998353756343428,0.9995077586563615,0.9995129962379788,0.9997455700648324,0.99949272036088,0.9904433483145136,0.975141966974462,0.9933395037649113,0.9505832210835402,0.9929728352696326,0.9903583859608914,0.9731745178126916,0.9485462378744676,0.9918434675253907,0.9925413866949822,0.992978864551122,0.9733818948969082,0.9992382206934761,0.9997236123953399,0.9996967985778867,0.9995324901515225,0.9995448399767302,0.9996760492292085,0.9987845375427717,0.9995468641573453,0.9994849847723668,0.9992303640631122,0.9815981425390463,0.9261461624054174,0.9477848591493908,0.9406031682580228,0.9276698126330412,0.8806573788525406,0.9577419161242116,0.9434421001526664,0.9599261863303022,0.957992796280717,0.9492597228455952,0.9815961226859347,0.9794963715350454,0.9912986847080377,0.9964504657404197,0.9466129178721541,0.9612714904538225,0.9714164037197173,0.9724453333786883,0.9731571028667377,0.9475904262029641,0.9004337141652152,0.951777551929441,0.9586775435832037,0.9375789292673716,0.8878917592401114,0.965886648531422,0.9374070525585982,0.9660987643905603,0.9471566989696,0.7656951656195744,0.8486337837955341,0.7742176746462598,0.8638837350451013,0.8853137548519864,0.8896654580683713,0.8698863611594022,0.8813177331933604,0.3107457583113987,-0.5990045355629627,0.9626522072320124,0.9461542931640144,0.9454727117008235,0.9494042283030784,0.9593330815269986,0.9694546919862395,0.9695345475996091,0.9286584358599523,0.9656245435180033,0.8408551756540997,0.7345568526160969,0.9229948737553407,0.9305276765133099,0.7737524341506227,0.946749632910132,0.9477407967024141,0.8921173749717037,0.9695174742156358,0.834427447761441,0.5996794522240618,0.7036692272686825,0.85584220