var element=document.getElementById("correlationAdjClose");if(element.style.display!='none'){var correlationAdjClose={"data":[{"type":"heatmap","z":[[1.0,0.9999938623546879,0.9855890032034118,0.9999282805454971,0.9991294566455989,0.9849165403583166,0.9979227639889492,0.9961504470266663,0.9694497125777518,0.9964647919317567,0.9946373578611871,0.9942277829113606,0.9962651618740418,0.9963003703227454,0.9961952541672486,0.9976925395128585,0.9979440643179609,0.998416850639808,0.9967757459599045,0.9967839544436243,0.9968290339664426,0.9962216464814647,0.9874508175567563,0.9715516620211203,0.9901000148602186,0.957012730443252,0.9891252054973901,0.9881153317844074,0.9684782118887211,0.9531796375950551,0.9928810782298311,0.9941052937112331,0.9925467315077731,0.9777111508626436,0.9978257909263567,0.9980392592620763,0.9976005612397378,0.9963204765712357,0.995937114203381,0.997935218239449,0.9987843124958931,0.9988303635930853,0.9977882208568235,0.99779374325671,0.97685545906698,0.9157277233809971,0.9503169170309956,0.9270886154358384,0.9284444295559422,0.9057332709094331,0.9633607536595197,0.9487461946135745,0.9650991675060879,0.9662826135533449,0.9558751010519333,0.9843898833811636,0.981600949421403,0.9905629268776899,0.9944458391377288,0.9870358137603429,0.9828793760398548,0.9884287254946625,0.9866717925323153,0.9889764668842589,0.9888061136364303,0.9638636924829947,0.9753617002514035,0.9763390907384071,0.9760251880831593,0.953414393918226,0.9810322046642814,0.9781466261342819,0.9852971002800093,0.9846010784424905,0.9428045720734889,0.8906151232396631,0.8580382566028723,0.906417388218243,0.9231147085211601,0.9205171521994862,0.9210553262222212,0.9197255691428784,0.7001307848328195,-0.5573217683330985,0.9812515404536372,0.9768319549418447,0.9736063556919028,0.9877357641171998,0.975148835657458,0.9848940505116074,0.984887362030871,0.9495549780147857,0.9850748841878036,0.9525064274010347,0.7761923316462164,0.9085681622110072,0.9296402203479796,0.8038811458745727,0.95174024004822,0.9525143220716161,0.9004021778214822,0.9657110826015646,0.8957422511201356,0.5987460689779558,0.7226342593367753,0.9027552619164129,0.8709912102877523,0.8939135412204772,0.9744628553167257,0.9746417917823162,0.7836770481433369,0.7395027533410093,0.8250679078372375,0.42502392552756796,0.8036288985431668,0.8293149961496721,0.8244339433583573,0.8162212303660155,0.7819654755307517,0.7520029492709878,0.7350809095257498,-0.2762008588650282,-0.4156448458723428,0.6624785341689835,0.8912350204804398,0.9341489782523659,0.9420049548755148,0.906916285657791,0.8256562585074689,0.9094604002137738,0.9276020916373464,0.9272918259885123,0.861603751887211,-0.16451456535215447],[0.9999938623546879,1.0,0.9883007747992253,0.999835991688116,0.9982835149982887,0.9899623837012087,0.9946553373292469,0.9918218142172521,0.9851476603361691,0.9918378844516984,0.9918495325755945,0.9935527692141182,0.9919665031202218,0.9918380736984289,0.9918984608312533,0.9940938829576523,0.9966528623719642,0.9962882730213586,0.9942672272327435,0.9942435771802518,0.9918920142106021,0.9919097595259355,0.9919503540200425,0.9743109759730052,0.9887319494838481,0.9823514578937005,0.9886431188889179,0.9880748582142542,0.9811748397702424,0.9350590301890536,0.9892626169640363,0.9869052243044238,0.980761630703493,0.9338376423765703,0.995708310380935,0.995610521805629,0.9958385496180874,0.9923528219546551,0.9953469121569959,0.9958452963510533,0.9971237078644108,0.997269459625295,0.9958274514210627,0.995807630863953,0.9899521030367183,0.9153554974611257,0.8895199621909204,0.9266710776565412,0.9282561747200597,0.9057098425751493,0.8800826345417351,0.9243952801706323,0.8826917064310471,0.9119596667555482,0.8796994385869887,0.955061765880924,0.9548705796762558,0.9689493646018732,0.984637664699443,0.9825131196999003,0.9847789277932184,0.9804190341380072,0.9808037669638563,0.9821858149679179,0.982115695057515,0.9506613679547664,0.9624908716790078,0.939823088806694,0.9397333539465177,0.8726106385594274,0.9793006086477309,0.9808218848124937,0.9810077977177839,0.9806123041984499,0.9522702450282188,0.7686616943488566,0.7260725760807731,0.8322405612259542,0.8955398853965916,0.848537507504602,0.8725411180314403,0.8712811533163964,0.7274439174225719,-0.21096153882881571,0.9703357477247265,0.9743955549844423,0.97013683970492,0.9830842159972545,0.9679789457033025,0.9733557932016823,0.9727580394786548,0.9311603277117998,0.9751886097512086,0.9342397901082883,0.6939839880398643,0.9080162012170591,0.9061886685287117,0.49978652618970026,0.8288634793661355,0.8334956486369184,0.7409938403497813,0.9666569483588898,0.7138241082182026,-0.29403550287362573,0.21738963847950482,0.741045319094262,0.6898168000134276,0.7335815953532879,0.9681961549258271,0.968172377485476,0.13901802557385132,0.31157443908907057,0.1460927177644781,0.11741318121896888,0.13965783407115867,0.15424570652941838,0.1504120191035755,0.07226268961515012,0.5046556858425271,0.2354730893459138,0.18470764158919384,-0.44065812467201493,-0.48560557749969385,0.662429511657194,0.7495897833136678,0.7737504496901563,0.834999772553315,0.8172087691809086,0.5689746404714693,0.7525904284614989,0.7682446798124358,0.76586184252026,0.4183925664858938,0.21259487616675327],[0.9855890032034118,0.9883007747992253,1.0,0.986994641501039,0.993146589701056,0.9915300905037536,0.989879055433251,0.9905400181410879,0.9907246316271805,0.9932443531032132,0.9972392870341786,0.9963967525189105,0.9904053630181282,0.9926144782063573,0.9905978648149111,0.9900256976545377,0.9908404012090455,0.9901570860564327,0.9892533329659985,0.9892104676301198,0.9921083047995651,0.9904115632523668,0.9947650560715158,0.9838955486962805,0.9912400909790072,0.9808457872018684,0.9918031462310052,0.9871233753900401,0.9862169211615278,0.9592537588950985,0.9696964330607579,0.973872224245002,0.9766569103550669,0.9538576315729025,0.9871749966585884,0.9902647570119124,0.9886423491885534,0.9922135452889774,0.994740326486202,0.9910553473129617,0.985070160144391,0.9878898711496191,0.9875186990476489,0.9868760448300253,0.9921117321639196,0.9106687948612883,0.9331766379657227,0.9402652239458384,0.921825311549814,0.8611599588523939,0.9211771074804226,0.9037970394756694,0.9238255068912431,0.9274779811547981,0.912307097314045,0.9494387614254612,0.9579584158045455,0.9666795734236542,0.9777229478996354,0.9396751611077059,0.9646588085982901,0.9630611231458424,0.9700014439029458,0.9633131872184705,0.9378633914652346,0.9221005725398043,0.945889339560511,0.9356294431698872,0.9169094386507812,0.8940372770859599,0.970434169838949,0.948838425090802,0.9628290747079498,0.9418617367006592,0.8260832014310393,0.8472636027257391,0.7647980468983779,0.8657846225536666,0.8931656524429026,0.8946883321492309,0.8616112485105831,0.8759836730336563,0.4024684461061162,-0.5465494175287764,0.9603088849396545,0.9474415590198374,0.9469015401563714,0.939706564343774,0.9547554995096137,0.9628231405893355,0.9623889845784218,0.9335011933518986,0.9579845588289914,0.8777753159823755,0.7591197247915243,0.9511025123772486,0.9505778762379476,0.7808991080015347,0.9383823611718008,0.9400830901840543,0.8726549285163947,0.9800964988963087,0.7757773912224304,0.5023429271432884,0.6651533821026552,0.7969558882825377,0.7972398813284951,0.7781141260874778,0.9824929992168469,0.9825399374486159,0.7115906802029223,0.6847341079242896,0.7106353337877581,0.37076367457585657,0.7028986663030008,0.7136830210969075,0.726227769553919,0.7123370787155036,0.7430503098819419,0.6851984898774256,0.6671195366048192,-0.338683146795264,-0.4777608588844494,0.62747032725472,0.8514050683634958,0.8810224414452549,0.8866233435431521,0.8778263728120841,0.7569328127070041,0.8584656549950557,0.8700039185182781,0.8772898731378694,0.7328971876654543,-0.08647264075395754],[0.9999282805454971,0.999835991688116,0.986994641501039,1.0,0.9993730795157465,0.9860819704083378,0.9981649907778782,0.9965760544832744,0.9717185272718132,0.99692788329816,0.9953258292090583,0.9951275945293521,0.9966726703066934,0.9967957843376868,0.996620302078473,0.9979652705083791,0.9982791319796988,0.9986736892757685,0.9971477522933515,0.9971529886506267,0.997221975829266,0.9966333328983279,0.9886605572474743,0.9729880788384989,0.991064414176699,0.9596548289643653,0.990197227758239,0.9896179678032486,0.9704960193820676,0.9544040133343329,0.9921939176423942,0.9936113131936649,0.9924714460747196,0.977274151176941,0.9979078408439638,0.9982309548563383,0.9978259574841493,0.9967817753273643,0.9963850497061758,0.998158177091527,0.9986790928134702,0.9989057205022454,0.9978661444468934,0.9978680019367484,0.9787134964067228,0.9118187008968696,0.9481548289679729,0.9276184016576424,0.926989063884333,0.8989429338102675,0.9603876726092787,0.9454236173522824,0.9620344057832515,0.9637585051420242,0.9530311285381223,0.9822688305528122,0.9800527749158471,0.9896891613884777,0.9942426369747744,0.9856458709936631,0.9818581410191489,0.987222794498596,0.9861174846460768,0.9876923233933219,0.9875133109176492,0.9541100077962064,0.9741791712821957,0.9748855715469342,0.9745667174892433,0.9483923996291732,0.9806291198369753,0.9753787703901294,0.9839078633752442,0.9831752994855071,0.9225723681413998,0.8891639863470221,0.85427319495886,0.904773737153435,0.9203656386045245,0.9200614323377364,0.9186791597723132,0.917389487536025,0.6089164427897642,-0.5568039806396488,0.9804788220669225,0.9757025256655714,0.9722577411291864,0.9863480585947676,0.9744606164692508,0.9841737056885232,0.9841599775798534,0.9492415393124448,0.9836926235398622,0.9376829167611869,0.7801659026417773,0.9139706311008917,0.9336832721736699,0.805627429154737,0.953036571922076,0.9538378293921062,0.8998708589851411,0.9669405153237738,0.8895190714990288,0.5949349532633406,0.7207937920341577,0.8971722971050723,0.8672420430884829,0.8880572081674384,0.9752828577616534,0.97546766554646,0.7823946389023685,0.7396449212679915,0.8170239153686323,0.42684409097551645,0.7977238649559467,0.8209934915084227,0.8160377133033733,0.8107066061908775,0.7841945639438537,0.7517610234880017,0.734923550483395,-0.27160904064079655,-0.4149200091067592,0.6617542732969725,0.8891900716576518,0.9321210218842565,0.9400485429524865,0.9055010156681478,0.822723431203889,0.9073055389566641,0.925178844315724,0.9250179918005389,0.8541895448887554,-0.15730855453344192],[0.9991294566455989,0.9982835149982887,0.993146589701056,0.9993730795157465,1.0,0.9889549639316276,0.9991004728739734,0.9985525736132717,0.9840098898046067,0.9985531701893937,0.9981554762314149,0.9981972957088884,0.9985804555146259,0.998585176739296,0.9985846396813369,0.9990815916359799,0.9987267737458828,0.9993050773220838,0.9989010691181408,0.9988960866309883,0.9986404584464912,0.9985688228449642,0.9945194651438669,0.9805862699520635,0.9950083117952969,0.9769505786898606,0.9949822199502465,0.9923534501538521,0.9832471177627513,0.9577512468741227,0.9892238102192914,0.9919055585722834,0.9897111330710087,0.9692922100071621,0.9989414412385368,0.998994298743665,0.9990121933345406,0.9986604920380717,0.9986840366599474,0.9989863690674539,0.9989793729268267,0.999203139312471,0.9989456376120959,0.9989382491713819,0.9883228477002237,0.9218249933871108,0.9473710497847557,0.9386754340586675,0.9309584956710606,0.8946211683284226,0.9470163316200123,0.9397308717375795,0.9513024351345805,0.9572102147766498,0.9458798354926267,0.9794925716554186,0.9793609923339693,0.989597370698307,0.9940558779729757,0.9825051426418346,0.9765836662131295,0.9829897583379242,0.9825040894260411,0.9833436925997732,0.983151464118995,0.9547494257149702,0.9660078614844048,0.9607961327700313,0.9604243237495101,0.9231770685560572,0.978044104164431,0.9744130115007573,0.9801977259613062,0.9794162469992753,0.9404926381795131,0.8694683548434768,0.8322908664967862,0.8902830839799462,0.9251562702189821,0.9098232555079978,0.9168563929093113,0.9157567852745739,0.7553381696693566,-0.567919392063551,0.9745758881614571,0.9661368357752322,0.9635085947965957,0.9834218065410198,0.9654513322811381,0.9780217869888368,0.97768838634073,0.9411345021161368,0.9795467030169468,0.9437486122997115,0.7697478055868919,0.9287886776943922,0.9534775622252373,0.7693002455843315,0.9405542074565578,0.9420241635625267,0.8941006136096636,0.9718947830545739,0.888097632802602,0.4351499153316762,0.6625148697667012,0.89392194942573,0.8432188947796223,0.8893769775277443,0.9787937956398114,0.9789344734471316,0.7470691328779206,0.7232957132288179,0.7510955183316969,0.4050486475440501,0.7026627048942687,0.7559851535641948,0.7512383907394979,0.7148408370826884,0.7710294682351919,0.7368916762043332,0.7191837361307312,-0.4774518304909296,-0.5587229180149168,0.6566329061135481,0.8837546788683717,0.9178507522422892,0.9341215165222885,0.9034098202412323,0.8037478557365639,0.8954173013316742,0.9116836289701031,0.9109488337331967,0.7907280767776365,0.05262050891370565],[0.9849165403583166,0.9899623837012087,0.9915300905037536,0.9860819704083378,0.9889549639316276,1.0,0.9840474492191228,0.9849420168447645,0.9926263689885915,0.9843865121522135,0.9801669128928177,0.9793485398403478,0.9848086251869737,0.985315534702965,0.9850124952551988,0.9846722878904723,0.9880213415129632,0.9858138901453113,0.9856848249322563,0.9856767857605668,0.9838469604906102,0.9849069345799026,0.9954441692007058,0.993500298954478,0.9862488389545979,0.9868479817428976,0.9865134841467825,0.9773315337569537,0.9881776445988771,0.973912546663119,0.9628979540073945,0.9684927704403946,0.9774275810479668,0.9666409269188402,0.9837207255620596,0.9840987363461964,0.9849180986767277,0.9855829502527252,0.9800725360710474,0.9845596193702859,0.9829420309320362,0.984647506603096,0.9839070787982532,0.9839034034596533,0.9960191350319433,0.8699833076506729,0.9255640479872883,0.9081336576938354,0.920308838867158,0.8789566067629713,0.9182441612350417,0.9092887438889992,0.9208644123458661,0.9352219814308208,0.9169172118464829,0.9508241494632546,0.9559594560919771,0.9623939214524115,0.9716977921268791,0.9706171163631353,0.9864062005943659,0.9723181361799246,0.9840143518378393,0.9719094133090082,0.971334505655928,0.9763182956409986,0.9683056980206493,0.9480513487669344,0.9474845601213453,0.9465651646548828,0.9825848961357014,0.9752185187879095,0.9719431263262263,0.970579266690787,0.963154604092966,0.8907066439068586,0.8448164844343,0.9079800518915374,0.9162965412911529,0.9256009586633425,0.9065995706377027,0.9043556428133699,0.7311592054508915,-0.5063346361938327,0.9805246720535122,0.9818793960916092,0.9776416310811903,0.9714965623189601,0.972921848763564,0.9792907543607461,0.978858202640033,0.9679670680728952,0.9687348890700956,0.9668870467890331,0.7817246412990135,0.887800681215367,0.9531300142423393,0.8150796128926917,0.9420487900872055,0.943067183598503,0.8679841592099663,0.9592166688132647,0.8362913366727456,0.5226179782096906,0.6867575194003062,0.8459406823689354,0.8204329192811403,0.8354128222932203,0.9596837859844032,0.9598011665238828,0.7372257009278659,0.7160614793965088,0.7527851424989385,0.42884848714580637,0.7444161717632112,0.7582189831837294,0.7519042008693025,0.7489050432560791,0.7655461126005703,0.7134583604590551,0.6992706202799084,-0.29929601371321557,-0.4293454703504859,0.6694785368038928,0.8570711428177363,0.8753858632342248,0.8889872005140802,0.8676731707548084,0.7825975979565611,0.850090931436031,0.8673002384859578,0.8671428093979351,0.8087698583157752,-0.12122454297216569],[0.9979227639889492,0.9946553373292469,0.989879055433251,0.9981649907778782,0.9991004728739734,0.9840474492191228,1.0,0.9975077438410682,0.9572233211028393,0.9996053903886712,0.9995594509707201,0.999579337842938,0.9984054284590015,0.9994709290008589,0.9991767601364457,0.9998906607424787,0.9965488398147273,0.9999033665875472,0.999372598232674,0.9993778957227206,0.9997105330190024,0.9993224265577366,0.9907258728786662,0.9746395846402119,0.9857639944627696,0.9264926540059808,0.9934999286002286,0.991980943336667,0.9739413841190208,0.9514183034022776,0.9916103615544125,0.9918530879469184,0.9934868668667037,0.974668171656196,0.9989976872443864,0.9998501566911758,0.999711908501583,0.9994783679253519,0.9997640826820589,0.9998343660685516,0.9984966372854879,0.9997334957046454,0.999381916642647,0.9990328836197835,0.9807146342137638,0.9297148005730365,0.9508862615416895,0.948177027545313,0.938567192877696,0.8949803188183961,0.9569893363781375,0.9450719648488956,0.9593132368579016,0.9611995713698009,0.951683966634535,0.9813774293911469,0.9806646318207706,0.9916398119750389,0.9963583978838798,0.9496995596502839,0.964727788808295,0.9740484129971122,0.9747342833395857,0.9755897120192613,0.9497035630658872,0.9065799745702258,0.9574919875466896,0.9624549740325462,0.9409300406190126,0.8979286671134622,0.9686305023951284,0.9420560255367144,0.968865550672052,0.9500630175919689,0.7865473632620981,0.8632685794762068,0.7851485363609761,0.8780515584920113,0.8950289774290857,0.8996999203623871,0.8783243682041059,0.8902873016820076,0.35180733051377405,-0.5903596474292099,0.9658594619514552,0.9525612413534079,0.9511744647049153,0.9512071393688623,0.9617328026338774,0.9720014617905012,0.9720859368106287,0.9307396631860402,0.9688472608743166,0.8541850512441457,0.7644127622246601,0.9295007717258892,0.9330277115914557,0.7939628628937896,0.951003618187688,0.9519651300957405,0.8975451853786178,0.9713703105833079,0.8321402471403856,0.5877415085214622,0.7133448527709476,0.8555816627686084,0.8478360505681948,0.8371014992538959,0.979099068411775,0.9792879881279376,0.7726736404746694,0.7207445621183576,0.7820936070626833,0.3995783956311382,0.7762689254109089,0.7941001198063096,0.7883236976721374,0.7921016430960862,0.7680995536501951,0.7427691013977978,0.7241737634014216,-0.2862766116162961,-0.4370749630487104,0.6737962441181481,0.8877705585785313,0.9232390683741387,0.9402243050360826,0.9092032000759694,0.8235107870905872,0.9089159932663546,0.9281941547623994,0.9268423141383605,0.7751531384830167,-0.12469458686321669],[0.9961504470266663,0.9918218142172521,0.9905400181410879,0.9965760544832744,0.9985525736132717,0.9849420168447645,0.9975077438410682,1.0,0.9680671404131075,0.9999998261444646,0.9999992932211015,0.9997478049287597,0.9999970632930636,0.9999925027617966,0.9999982012679864,0.9993084989304044,0.9912940954689557,0.9994421071351914,0.999907390540214,0.9999065928490369,0.9999640702269907,0.9999984992104537,0.9911542824703292,0.9762130050452201,0.9927673242980016,0.9405775876241514,0.9939984309799826,0.9901785798967642,0.9761459823006684,0.9507762612795473,0.9879234532364125,0.9938205826936989,0.9920327436614379,0.9715885955657659,0.9994632852784934,0.9995606989472655,0.9996675773933632,0.9997382830835401,0.9991899817175915,0.9994920237824229,0.9981972377602203,0.9988035574254353,0.9995348611922688,0.999397798905143,0.9823741166939585,0.9295071224453211,0.9481170986753736,0.9520375287831557,0.9368670416395634,0.8840419205769472,0.9552339045131978,0.940503373725,0.9571945772928316,0.9554314230855234,0.9456067692381469,0.9793372649336155,0.9776802475853251,0.990579230543848,0.9968725334907055,0.9448286480570044,0.9606993327521115,0.96783797410585,0.9717696354824571,0.9697590895575097,0.9480097257774207,0.8992420295925228,0.9528885319159155,0.9558288533771732,0.9356002187913453,0.8861728367735264,0.9660060953034219,0.936050309760768,0.9635683269238231,0.9455392002436452,0.7742081657065544,0.8555026840642195,0.7807879482884027,0.8703454023420113,0.8880734242185024,0.895298939943811,0.8740209737428338,0.8836586471349636,0.33456283560782296,-0.5945622722798606,0.9618341663014037,0.9462447025771202,0.9453574873148565,0.9492746162221305,0.9573148838092227,0.9680434941460456,0.9681120591099995,0.926186482059666,0.9622217513851298,0.843488737455847,0.7613849088762307,0.9432617971255718,0.9436938779560742,0.7904566651883582,0.9507685677327521,0.951882203924603,0.8950032476430777,0.9752995564942213,0.8350183784393007,0.5734285665536324,0.7046013122669381,0.8565148661682893,0.8446484401097666,0.8392130517490625,0.9815330209574062,0.9817260076179447,0.7637058711801166,0.7131056137170207,0.7833371040942083,0.3871498473332527,0.7711109749704165,0.7895240124645794,0.7886977849003528,0.7864923074670597,0.7619072884620224,0.7369884433338519,0.7178172917280512,-0.3019281187001426,-0.4516695007163135,0.6598277606928694,0.8802111366456988,0.9206881650800288,0.9326390326237736,0.9034174867889504,0.8127514954840583,0.9024712937133971,0.9218949993340657,0.9208094990825505,0.756306825614479,-0.10773911596113435],[0.9694497125777518,0.9851476603361691,0.9907246316271805,0.9717185272718132,0.9840098898046067,0.9926263689885915,0.9572233211028393,0.9680671404131075,1.0,0.9831031347500416,0.987379355945879,0.9896699773177944,0.9717445369462397,0.980073935496994,0.9766593023870547,0.9745549960748179,0.9492093122699338,0.9793501300427478,0.9774181010630831,0.9773556760490698,0.9815725288132144,0.9765009707521243,0.9939729949191745,0.9927314255277572,0.9810079583040899,0.9887312176521386,0.9840668380856455,0.9900404905463065,0.9904988306543677,0.9675972676251766,0.9277596559305985,0.9493675104708575,0.9655769054123883,0.9495459305450089,0.9710465278681406,0.9794260697531992,0.9761506436727064,0.9785112574044157,0.9878298435704677,0.980565501841249,0.9670441575526473,0.9764497125361128,0.9718955251428617,0.9708309732844612,0.9989529264714336,0.8885114310820835,0.9168324844633854,0.9428347555903994,0.9334013058179277,0.8569450705555026,0.8843340971904197,0.881242712490203,0.8881888439047736,0.9106183725821775,0.8916371978034456,0.9279346095766332,0.9434490632452911,0.9494708773085685,0.9615398408714535,0.8993719272165975,0.9658001718237629,0.9424285701828525,0.9636485714420786,0.9424445451579067,0.8974456980785592,0.9114957551312062,0.939022104943387,0.9108583477565422,0.8738167686038337,0.8766032691562949,0.9651749576613123,0.9162323969373412,0.9407779137601935,0.9023809140955212,0.8129954432454158,0.8399658437099606,0.72057274272494,0.8604617193778669,0.8739630906081318,0.887714484314723,0.8356557485962715,0.8542564150021352,0.38019200254422864,-0.5313592256797643,0.9545274796603664,0.9499524591429315,0.9462102962685982,0.8981673418558723,0.9444500558385407,0.9525065895484087,0.9518695001529714,0.9362012525671694,0.9367954869134376,0.8643155295792486,0.7653713366426074,0.9346068991434914,0.9589944203459203,0.7895166921443816,0.9315221497687345,0.9331796667293099,0.850214369859838,0.9675488774326292,0.7421489862544371,0.4652415794391673,0.6462295132317658,0.7743045688323684,0.7741129812424803,0.7525028059252415,0.966915011842246,0.9669351304109631,0.6925129850162112,0.6740412060172485,0.6759685222756009,0.37824064155088644,0.6847681667411528,0.6919118661884467,0.6760441646990312,0.6906775090023075,0.7358437366610731,0.6794832408033783,0.6626964522185786,-0.3452450773198874,-0.48063545471554797,0.6710450934377474,0.8361461579689962,0.833934853264683,0.8612626292144102,0.8569077224308684,0.7494192751913437,0.813936620509162,0.8395494837082292,0.8334813341702958,0.7049203258402379,-0.046205740911319064],[0.9964647919317567,0.9918378844516984,0.9932443531032132,0.99692788329816,0.9985531701893937,0.9843865121522135,0.9996053903886712,0.9999998261444646,0.9831031347500416,1.0,0.999999116438969,0.9997525594750193,0.9999985170566477,0.9999912952388292,0.9999977063261174,0.9996712138075318,0.9978130522204012,0.9994372686388726,0.9998802009430493,0.9998798347086422,0.9999766787858035,0.9999989545216984,0.9937313252899692,0.9777821988405015,0.9960621583933428,0.9736378204870954,0.9961464780100676,0.990160036570417,0.9804960419110651,0.952026616733168,0.9894316077861787,0.9935771477241969,0.9895170255634738,0.9680702944149924,0.9994850434083272,0.9995522600248422,0.9995644873903262,0.9998275649397407,0.9992033643708544,0.9994997296175222,0.9984031064082266,0.9988446560134868,0.9994893234852027,0.9994822090908605,0.9867064374039476,0.9294270200363682,0.9481543718637151,0.9518619360539479,0.9366962796923639,0.8841846449960296,0.9450418457054671,0.9342078653013861,0.9487356048562626,0.9534785411205611,0.9435108061174885,0.978001029437442,0.977715281763514,0.9911334725250878,0.9966531777562734,0.9727802019340673,0.9606640815122357,0.9733288785871413,0.9717427136751302,0.9737785150351284,0.9735272805489813,0.9429281330935461,0.9528221038911316,0.9513583469446225,0.9510232541985967,0.9119626698048217,0.9659537468732967,0.9649905672476532,0.9706691480346249,0.9696954022193494,0.927486380816032,0.855551916379012,0.8125651980268482,0.8701229198595575,0.9083964377253746,0.8953906471818979,0.9013908838674262,0.9005297516099945,0.7083858566256752,-0.6038249655080297,0.9618116059146733,0.9462477067225508,0.9453702028294743,0.9739086571305159,0.9527640152885705,0.967682639804164,0.9673127031396278,0.9269396201704103,0.969440142218343,0.9298695257661955,0.7613958478797275,0.9429521491828678,0.9557111592696592,0.7733292895463384,0.9441768385573779,0.9454594732811035,0.8950755482546336,0.974451592060413,0.8959010736098071,0.47336669793042113,0.6800159183762594,0.9016757229710461,0.8514373977485361,0.8972560524119253,0.9814904391064935,0.9817133774055016,0.7637747328194509,0.7128303798632611,0.7670492810187047,0.38727431932648315,0.7199663406860657,0.7719973800291386,0.7672475570009121,0.7337127882889081,0.7616432334284841,0.7369389211892822,0.7177395695765771,-0.5227665327130131,-0.6046569272167366,0.6595178186960756,0.8803054512758877,0.9201283113815493,0.9361704062439145,0.9035572947848529,0.8091226596054124,0.8965761653372645,0.9136680237702834,0.9128866771406435,0.8027391160981692,0.11835263859547535],[0.9946373578611871,0.9918495325755945,0.9972392870341786,0.9953258292090583,0.9981554762314149,0.9801669128928177,0.9995594509707201,0.9999992932211015,0.987379355945879,0.999999116438969,1.0,0.9997526129924835,0.9999963181270202,0.9999946530740667,0.9999982790731199,0.999652196452705,0.997443038215475,0.9991578263131209,0.9997764501388526,0.9997755140646787,0.9999983954950242,0.9999975618240585,0.9928308520977323,0.9728005418189444,0.9950852302285064,0.9815110106652076,0.99568712473314,0.9901760940051304,0.982455643100923,0.9436171163958792,0.9882707145103055,0.9928677885873516,0.9828631045401138,0.9415408189451165,0.9992440522110939,0.9993019642897051,0.9992384185611489,0.9998889692196714,0.9991854308402124,0.9992488279220046,0.9978068030518153,0.998415475905695,0.9992153249923167,0.9992102737543206,0.9887450796889957,0.9291139762903954,0.9122651373494194,0.9517965154889876,0.9365831187467208,0.8838364029145783,0.9115292555783028,0.9007416195140371,0.9162597700861792,0.9251377657923074,0.9098104909143375,0.9695091198093398,0.9694300174800147,0.9903826112747015,0.9950472565961416,0.9653033974417092,0.9607723361987737,0.9617109240758351,0.9620597252231694,0.9633967289042328,0.9631360693123443,0.9189764090766108,0.9426204770764043,0.9194861604044273,0.9189981607047334,0.8424789091413893,0.9634735774732673,0.9694710288025138,0.9656917429450248,0.9646071119565701,0.9187908621250249,0.7813462460419914,0.7399617042461274,0.828372618591792,0.8848291614329519,0.8510440465987174,0.8678628165679234,0.8664103564306459,0.7038797367420144,-0.42403908250093914,0.9484857353272552,0.9463653980960833,0.9454505104629671,0.9665589619442103,0.9393757902236723,0.9515680953875431,0.9509136502345589,0.8971407305371584,0.9545971773315921,0.9025457237060692,0.7615484308167736,0.9432954193543631,0.9589566468004176,0.6532851369545533,0.9002610457043252,0.9031313474570472,0.8505803152419239,0.9844429843894684,0.8381970620198569,0.13605272462059903,0.5273729750250968,0.8505029916032322,0.8154448536592017,0.8447819144109298,0.9851890339236585,0.9852039734325505,0.5105280032026502,0.6206009233878858,0.5181266815355613,0.38718701447922954,0.4834784905418521,0.5300551708203762,0.5194318350147756,0.45665086655538867,0.74928294457635,0.5945693534331095,0.5547348958243447,-0.48667751471904547,-0.5421956815626967,0.6589006661602648,0.8589105770645098,0.871726254425873,0.9025630381721446,0.8970019179794303,0.6621441040645326,0.8393818114152726,0.863988620561093,0.8627207280511074,0.6066165647525819,0.06200788697564208],[0.9942277829113606,0.9935527692141182,0.9963967525189105,0.9951275945293521,0.9981972957088884,0.9793485398403478,0.999579337842938,0.9997478049287597,0.9896699773177944,0.9997525594750193,0.9997526129924835,1.0,0.9997662377168484,0.9997509283764718,0.9997578307835397,0.9996556850596721,0.9980880518333778,0.9993654024534393,0.999968148003915,0.9999675658638653,0.9997568379393847,0.9997619577245682,0.9922601501063668,0.9688802547584087,0.9937477650831769,0.9819358483725759,0.9945709156167979,0.9928980052820805,0.9781607849626696,0.9229864199659898,0.9909504941044942,0.9939203111123898,0.9781594458743235,0.9210667239132503,0.9993742399536004,0.9994259335465127,0.9993841978271959,0.9995589631689309,0.999586368396209,0.9994020242773848,0.9976522172251276,0.9984422403597255,0.9993617455918015,0.9993567376566517,0.9899376151429596,0.9243156515691405,0.8970283018718418,0.9489201216728237,0.9360700825342934,0.8839244840495045,0.8732204250519529,0.9132658952422071,0.8771263202098432,0.8987891000613447,0.871266243576049,0.956152645799268,0.9560314223740569,0.9809700874412571,0.9943256970007236,0.9644250544024956,0.9655519203181413,0.957875172246639,0.9601522194288161,0.960882979938646,0.960731874674019,0.9198427537884682,0.934777437299811,0.9063131629841535,0.9061609008483671,0.8262583564650066,0.9621926815866527,0.9645369635263426,0.964631388876346,0.9640800709797922,0.9254723920574338,0.7234663243395058,0.6773953263963911,0.7891639414062418,0.8598713829019623,0.8098594728903473,0.8355890299249572,0.8346646763736032,0.6768121398589553,-0.3263388496573331,0.9431068785871463,0.9493891735716028,0.9428782967275964,0.9653737888837332,0.9401707271937452,0.9471432553517443,0.9463186571747233,0.8950558128014579,0.9499394765685488,0.8993076043363041,0.7078068797656969,0.9405621655873226,0.9349737058786757,0.5096918988759727,0.8387832729199607,0.8437333249911809,0.7396627531474792,0.977593895074555,0.7154941160376417,-0.2354504280113557,0.2572398167746668,0.7396101398257217,0.6943449330520756,0.7331546235067793,0.9787800020180951,0.9788619991301175,0.18425058595243804,0.34234763324883966,0.18969275512775327,0.1611511629210166,0.18179290107656737,0.19849497719079465,0.19546266309414853,0.11252954634843754,0.5319305069426437,0.2640592648027439,0.21145924118989748,-0.505829345560285,-0.5498344472227767,0.6597674554755262,0.7508726547579726,0.7749239599398471,0.838250174864123,0.8231956415812088,0.5590150539954567,0.7511874997814972,0.7696826586127529,0.7676192544977759,0.42040445965515194,0.253983036652829],[0.9962651618740418,0.9919665031202218,0.9904053630181282,0.9966726703066934,0.9985804555146259,0.9848086251869737,0.9984054284590015,0.9999970632930636,0.9717445369462397,0.9999985170566477,0.9999963181270202,0.9997662377168484,1.0,0.9999909701066594,0.9999976779785528,0.9993577959910998,0.9929959859069758,0.9994830029129466,0.9999164942665912,0.9999160761471617,0.9999711422035069,0.9999988686959683,0.991043798522589,0.9760361209807582,0.9934278871349168,0.9455153351640695,0.9939515356892782,0.9902994986564586,0.9759527442707937,0.9507353773104965,0.988830801404247,0.9938995809400845,0.9921208888400297,0.9717302125106393,0.9995060419301133,0.9996009791629619,0.999698528268923,0.9997384007228676,0.9992532485294915,0.9995338492769278,0.9982847975357624,0.9988726910884512,0.9995779171586131,0.9994415718553231,0.982144121891698,0.92980060389235,0.9483046810033413,0.9519955564661589,0.9370358855099018,0.8847534819777927,0.9555929404281482,0.9409083702996484,0.9575582172644044,0.9557911000604065,0.9460168192063726,0.9795960870790424,0.977878793891431,0.9907239042291212,0.9969514330774836,0.9451120481982689,0.9607857340256934,0.9680751710851171,0.9718608904069435,0.9699938380125478,0.9482462424889845,0.8992940478989425,0.9530926169459659,0.9561956677138628,0.9360029970134217,0.8864691709383093,0.9660493828064877,0.9362259030531316,0.9637529156716889,0.9458024663172626,0.7741983442409469,0.8558607772709516,0.7812838236065839,0.8706847354762143,0.8883380341130206,0.8954775845155537,0.8743767706047659,0.8840157427805702,0.3347573821489126,-0.5945761548834207,0.9619770781255046,0.9464654030315175,0.9455525205764634,0.9495015284063061,0.9574688786244074,0.9682023336956253,0.9682730908583246,0.9262571067729573,0.9624783239274716,0.8435844217455756,0.7614879212688316,0.9426419907397888,0.9431883955215458,0.7905533985254809,0.9507902623180929,0.9518956110105734,0.8953461800382371,0.9751538411156647,0.8355015004266381,0.5745071946937542,0.7052643524445265,0.8569868781974412,0.8451824247970618,0.8396911451315587,0.9814680305139841,0.9816609722185825,0.7643321695167081,0.713643232845171,0.7839429674913861,0.38784082234855605,0.7717868863406462,0.7902155599969091,0.7893161429420131,0.7872037770992094,0.7622653570862835,0.7374423407753408,0.7182903463919923,-0.30098103178461766,-0.4508268280635538,0.6603090256012729,0.8807388707419961,0.9211542825630914,0.9331776287261911,0.903900355188712,0.8133255979503805,0.9030554748657414,0.9224739998661055,0.9213782440841121,0.7569937648666684,-0.10877222587886075],[0.9963003703227454,0.9918380736984289,0.9926144782063573,0.9967957843376868,0.998585176739296,0.985315534702965,0.9994709290008589,0.9999925027617966,0.980073935496994,0.9999912952388292,0.9999946530740667,0.9997509283764718,0.9999909701066594,1.0,0.9999948996398723,0.999552753080006,0.9977510949226511,0.9994396935178338,0.9999013888755358,0.9999000051031166,0.999952548770211,0.9999908093043443,0.9930088188587207,0.9764579199578206,0.9957722337013333,0.9676268659736056,0.9955467883048483,0.990132155797623,0.9763222850211407,0.9508904982448401,0.9890472984376252,0.9938927537535508,0.9913736899563814,0.9712262125648135,0.999479947580412,0.9995530112659193,0.9996154652780451,0.9998848059102191,0.9992143791630866,0.999481529803211,0.9981323551182211,0.9987921451392356,0.999498110276526,0.9994886706402882,0.9846489787846726,0.9295773646307349,0.9480459107024668,0.9517622818351857,0.936584080722501,0.8841316115730556,0.9497174512891049,0.9331309395613957,0.95197141714185,0.9551202849344935,0.9452589691363217,0.9778842309877817,0.9775380782502581,0.9899612896798511,0.9969432055958052,0.9729831727515599,0.9604316195155432,0.9734470745846243,0.9717477398269514,0.9744106791500925,0.974143935733857,0.95133265520827,0.9525316602232453,0.9553153603178087,0.9549592983456399,0.9274967197539334,0.9659874400570873,0.9677539407189797,0.9722589097393606,0.9711568928914489,0.9363629816125345,0.8552406764788028,0.8188256835042941,0.8698907436778951,0.8994792043289543,0.8950837625870717,0.8957584592642476,0.8945618822139538,0.6856569827179582,-0.5950374025603414,0.9618318434758196,0.9461394907590555,0.9451187559169256,0.9741224135232898,0.957404563863292,0.9680442161528552,0.968135492008866,0.9263376205434961,0.9686223706132476,0.9378095982401958,0.761263079408717,0.942677346842234,0.948801499293962,0.7896036717890877,0.9506245488288486,0.9516669123176583,0.8949463937442037,0.9755067594450114,0.8841510319476071,0.5737394416871163,0.7041210027953709,0.8918539010218182,0.8577846732011,0.8825971010464996,0.9817475519629622,0.9819674958759625,0.7628723388045181,0.7122753490865082,0.8008669495782003,0.38724934729059685,0.776549381433373,0.8054138616188066,0.7998387369075992,0.7860910415345239,0.7617227764862405,0.7356125960491083,0.7164545867821762,-0.3924869343161468,-0.5135360953939023,0.6587719556255845,0.8803018678378995,0.9174339603069611,0.9284910838873476,0.903896974777443,0.8118527214823854,0.8898288787940604,0.9103777749906831,0.9097779707227435,0.8401899252380731,-0.07567318750130966],[0.9961952541672486,0.9918984608312533,0.9905978648149111,0.996620302078473,0.9985846396813369,0.9850124952551988,0.9991767601364457,0.9999982012679864,0.9766593023870547,0.9999977063261174,0.9999982790731199,0.9997578307835397,0.9999976779785528,0.9999948996398723,1.0,0.9994496818349412,0.9970073664234649,0.9994583455421371,0.9999103626146362,0.9999092422680622,0.9999651461611389,0.9999972990090327,0.9911990437191713,0.9762780431220134,0.9951239142988308,0.9591270401492773,0.9949255662993358,0.9902541154190525,0.9762008617160169,0.9509474624648646,0.9912951857660147,0.9941674766847344,0.9919806981367875,0.9714974952818607,0.9994750636719643,0.9995620996375185,0.9996748914825109,0.9997539407753515,0.9992186450363595,0.9994894745924136,0.9982225892986677,0.9988200875103768,0.9995449119068665,0.9994105971592321,0.9823742860359368,0.9295853759413584,0.9481346478279437,0.9520326026819802,0.9369760768970863,0.8843459182992717,0.9553136728767109,0.9406380319961758,0.9573064184179062,0.9553800724091629,0.9455223980024116,0.9793627677606657,0.9776236159493715,0.9905490906155002,0.9968364092847168,0.9451259105941944,0.9607816348432489,0.9680060943916211,0.971848325062013,0.9699128873915926,0.947825062991436,0.8994597790575996,0.95279501292702,0.9558933940814475,0.9358142334115612,0.8863074098724263,0.9661522800252028,0.9363984390911579,0.9637729164540135,0.945851026519778,0.7745578481784633,0.8554947365042563,0.7810514350298249,0.8703805934527268,0.8882443645742268,0.8953034805753428,0.874173971820336,0.8838278159345262,0.334921019789028,-0.5942592714450967,0.9619186781149918,0.9463831162670253,0.9454805674807073,0.9480081089555213,0.9574908427147384,0.9681244754066133,0.9681894104615547,0.9263785159686408,0.9623906987670076,0.8437583080406498,0.7614158608422771,0.9429640613200125,0.9435937230570788,0.7904560949333135,0.9506944985023525,0.9518125001311754,0.894820624686714,0.975316691366826,0.8350499759644789,0.5732543340626841,0.7044876718796727,0.856524553898929,0.8447730951762542,0.8392417539654754,0.981572381331639,0.9817623894881712,0.7633141846042594,0.7127624217092878,0.7833170313046834,0.3874104110012895,0.7710884081222331,0.7894436878101232,0.7888540427449907,0.7863921966063783,0.7618253014834452,0.7362431541454034,0.7171065852503277,-0.3017400705879472,-0.4514769795747517,0.6600765057603093,0.8801167216317515,0.9208111822153968,0.9326799474399919,0.9034577870611132,0.8125452969508589,0.9026742533989034,0.921930564137333,0.9209626257652672,0.75640140521118,-0.10801161177340418],[0.9976925395128585,0.9940938829576523,0.9900256976545377,0.9979652705083791,0.9990815916359799,0.9846722878904723,0.9998906607424787,0.9993084989304044,0.9745549960748179,0.9996712138075318,0.999652196452705,0.9996556850596721,0.9993577959910998,0.999552753080006,0.9994496818349412,1.0,0.9983727414039386,0.9998472985048372,0.9995407148357106,0.9995450789543167,0.9997634110969559,0.9995254565005703,0.9908279175972583,0.9752149131559027,0.9937365397741524,0.9513642747644484,0.9933793150550053,0.9919024954624643,0.9742929819507286,0.9514874045853771,0.9917481880632739,0.9925700334138149,0.9928807443511578,0.9736616558486226,0.9992644206820911,0.9997302434407405,0.9997121052056241,0.9995624414453859,0.9995849708483081,0.9996846740038604,0.9988295746884137,0.9995739354944532,0.9995028202881799,0.9992570697304828,0.9809325585827697,0.9280682711985793,0.950316841433198,0.9480950018822734,0.9372584067352556,0.8914216715626903,0.9574296101057199,0.945289224712507,0.9597154639429799,0.9596482287447328,0.9498796165867588,0.9814102345851513,0.9797560703779064,0.9915389356122769,0.9963423570028447,0.9498821256944752,0.9644509234384442,0.9732573370073633,0.9744409765754902,0.9748897995414872,0.9507932650104607,0.905607094982661,0.9561968614309095,0.96144493602869,0.9410085534426913,0.8954084982696726,0.9686441884687055,0.9416266817681549,0.9683796361059694,0.9504401830899841,0.783666753473985,0.8613168276502076,0.7856652257804934,0.8759599475581338,0.8935840408412332,0.8982355139539862,0.8781049683386742,0.8893904799194029,0.3468111990439321,-0.5911030718449506,0.9652873965253836,0.9514887142817835,0.9503074928667837,0.9523315829816734,0.9616022112921279,0.9714562826712201,0.9715351733258031,0.9308483852951764,0.9679178974269964,0.8521079579391903,0.7631146630549507,0.932907434910799,0.93530481259864,0.7929719651300781,0.9507606911157658,0.9516754951378561,0.8950825386080263,0.9717152815736055,0.8343276049706047,0.583402774921245,0.709820701773083,0.856