var element=document.getElementById("correlationAdjClose");if(element.style.display!='none'){var correlationAdjClose={"data":[{"type":"heatmap","z":[[1.0,0.9999928442203935,0.9853708627516281,0.9999261053347643,0.999040790171559,0.9862772709015971,0.9977802734524528,0.9958290416128227,0.9691121065872244,0.9961589812279241,0.9940877243071832,0.9935503826398266,0.9959558196012468,0.9959869179638675,0.9958773104381364,0.9975047567901293,0.9977774400024014,0.9982991162375039,0.9965088335608183,0.9965195908378126,0.9965737530309463,0.9959092276348026,0.9863838215440006,0.9707775946127234,0.9892593759020896,0.9557691292769012,0.9882085095815986,0.9860896143415395,0.9663826937873344,0.9494220500379146,0.9931805049549051,0.9941703792609505,0.9922662236833959,0.9770894972161817,0.9976888171843,0.9979397594986645,0.9974246733124279,0.9960132869287849,0.9955898287848453,0.9978200679675704,0.9987312096549105,0.9987744962478168,0.9976411853480076,0.9976507577502428,0.9766776637770206,0.9143049979975113,0.9478692960803737,0.9153258821895951,0.9165133691064438,0.8969309272324231,0.9641242097284243,0.9467527282686256,0.9657059617249409,0.965272372574634,0.9561000930251312,0.9849001003329125,0.9818515859922544,0.9903008545268867,0.9945057625019641,0.98595805580189,0.9810325718087337,0.9875880872290407,0.9854838313938757,0.9881658280109347,0.9879594796346385,0.9649879728142488,0.9724162693410192,0.9743393115499586,0.9740073895292293,0.9506200219558676,0.9790414819827895,0.976570767187986,0.9841036050829735,0.9833349639050881,0.9407204812770571,0.8790289708743675,0.8454721410374605,0.8957469470099348,0.9162501675844642,0.9127821827134396,0.9141989182362604,0.9128198554412377,0.6711113793613098,-0.5652846390039792,0.9797333754152651,0.9739972437257632,0.9706516824029793,0.9867188351889343,0.9736530409517791,0.9837820411825761,0.9837416344554564,0.9487498403287,0.9839067648945623,0.9521641338527219,0.7447290670740316,0.8933832115392331,0.9237304274309156,0.7827273127098358,0.9471838422259362,0.9480253377401308,0.8979335872099558,0.9627373038694098,0.8961194566603478,0.6183664741349297,0.7168417257281207,0.9028371168180194,0.8685752419359657,0.8937688726760096,0.972402955237032,0.9725917640879074,0.7785192162965404,0.7243817981566443,0.8249061981640556,0.39058108148174037,0.7992350171484015,0.829215041168507,0.8244788882559871,0.8150057533309707,0.7687731730402246,0.7476804664219129,0.7294759232731126,-0.26016966457384527,-0.3987726469453028,0.6576533943425458,0.8959098530404834,0.939152343410951,0.9451337099880535,0.9137889006296545,0.8275585362954347,0.9121321174359063,0.9324699872761034,0.9323498022689433,0.8669609301598924,-0.18632339396118658],[0.9999928442203935,1.0,0.9865034086288322,0.9998131075636928,0.9980296981318968,0.9900768148241865,0.9940970590310753,0.9907416130164257,0.9829931076056715,0.990764718892261,0.99076631090561,0.9927495702276457,0.9909231094873924,0.9907619258248652,0.9908327765103258,0.993307817470912,0.9962594113828231,0.9958601273936821,0.993558205589842,0.9935587157580122,0.9908270238099811,0.990877424721421,0.9905007964862816,0.9698834218638407,0.987198582064907,0.9798236250483218,0.9870335791179964,0.985963223532051,0.9781550046042433,0.9274017119950475,0.9880687276649566,0.9852848703043453,0.9789560802300413,0.9272588191838625,0.9953617119301768,0.9952350940458875,0.9954895700834069,0.9915085841057619,0.9948992760840981,0.9954911127712882,0.9969039727290837,0.9970204011837663,0.9954672940222513,0.9954753388423926,0.9885970758070669,0.9141452357787445,0.8841016186934538,0.9152047857876626,0.9166919161652092,0.896899523793556,0.8732776616779473,0.9179868738163608,0.8763995069845425,0.9034008957057436,0.8726443686544013,0.9541523489463927,0.9541079242138951,0.9646959792008246,0.9834381203447236,0.9795953138404454,0.9825141406027179,0.9777195911236133,0.977577968647165,0.9798707430363781,0.9797934069950448,0.9466732244273689,0.9559711724126849,0.9296234279548632,0.9295336411430214,0.8498085151438395,0.975709600092559,0.9775426542579887,0.977749389221066,0.9772923643376092,0.9454451161363703,0.7238548701067923,0.6739866721370774,0.8000361504080745,0.8759461720237017,0.8199586108742872,0.8488090475178751,0.8473544182471012,0.6755407238547726,-0.24651994215364323,0.9656712833720729,0.9708296431075435,0.9654526167608974,0.9802918617013474,0.9633473148704282,0.969309658683654,0.9685869476007289,0.9219248719466225,0.9716089956750196,0.9261052659763019,0.6395746659928877,0.8926740405551753,0.8901742882718657,0.4079041509504367,0.7961977464141761,0.8017309612250404,0.719163208867666,0.9634880556564286,0.6910575051691432,-0.270867140418074,0.18620340089042203,0.7193735888794074,0.6662589264919602,0.7114550939155214,0.965049662277134,0.964970563290855,0.07591640043974925,0.24486713356723783,0.08174555336624284,0.054257938545025204,0.07588956129718392,0.09158294951154,0.08816830031235244,0.011616964902710478,0.4472329417712807,0.17940033913878678,0.12880674881270035,-0.44192800322172227,-0.48338104355287487,0.6580093447487512,0.7510520520824645,0.7754010783091005,0.833635597105598,0.8246735196077528,0.5590338576254672,0.7433872138843564,0.769936125453348,0.7686816278197105,0.42008665574080284,0.1854408043301393],[0.9853708627516281,0.9865034086288322,1.0,0.9867788866203346,0.993216006323245,0.9908697299714718,0.9904246976050474,0.990982460007998,0.9901207417127526,0.9938282166046031,0.9979001980781997,0.996995520830639,0.9908632304396982,0.99323245025568,0.99104132082534,0.9904347659838743,0.9910309316410426,0.9905260413622929,0.989670204710146,0.9896482285004393,0.9926686721403979,0.9908782213950584,0.9944268722877017,0.9820619440388486,0.9912655883937374,0.9792998661674682,0.9917562264446765,0.9853543364963727,0.9846628623601913,0.9553569277735724,0.970985721839472,0.974964759741516,0.9779944048474732,0.9535831793610827,0.9877307731129474,0.990857045365094,0.9891885701709454,0.9927599450487266,0.9951760020458484,0.9916273476790555,0.9855178528100885,0.988204104972085,0.9880398031742896,0.9874190961659933,0.9914173189359297,0.9120838171472069,0.931750371961854,0.9339097534772023,0.9105000355602056,0.8473384272934762,0.9233869257395264,0.9019161243324987,0.9258395054875289,0.9258563931266875,0.9127678605571188,0.9510752394728009,0.9591444071727155,0.9669857379460659,0.9791383954208862,0.9362562275353125,0.9586806141040131,0.9595163742492678,0.9661962271059196,0.9598693444063541,0.9341845330276641,0.912755681912227,0.9386761280700172,0.9307257233041071,0.912697707244605,0.8813918293208609,0.9663743692485552,0.944409504268,0.9597461480165546,0.9385145912439958,0.8048597972244763,0.8283456323913119,0.7506710099556804,0.8480563440533412,0.882384839173986,0.8824704093346613,0.8509887323256556,0.865187198345282,0.35987414974165316,-0.5597057302001337,0.9549409541932915,0.93723881897245,0.9382308470648993,0.9364807863608974,0.9492241279807965,0.9583537162383913,0.9579343430033224,0.9255629048028936,0.9538902750415551,0.862262275919112,0.7237430255786543,0.9455076101051184,0.9449171990533435,0.7520720649796081,0.9322365970801691,0.9340890349818121,0.8711990103220595,0.9798687687617605,0.7776130872067291,0.5241371888575115,0.6584817585881091,0.7973393208628545,0.7950179834681768,0.7786216515385357,0.9828575910053248,0.9829216922657702,0.7042407738037662,0.6655374060215873,0.71203529292449,0.32996517029072064,0.6970558991343636,0.7126472205407153,0.7292129868740105,0.7100996574854344,0.7272799518365377,0.6786366510445508,0.6589289023082285,-0.32717019351246013,-0.46548623291142227,0.6210200120910131,0.856979743722189,0.8878616597756177,0.8915038931681369,0.8867300453220132,0.7590137693012731,0.8631558792547269,0.8766860687008883,0.8843621854812501,0.7371775728258695,-0.10843094481871937],[0.9999261053347643,0.9998131075636928,0.9867788866203346,1.0,0.9993111964350804,0.98735415822311,0.9980651482278955,0.9962991070708934,0.9713926328273907,0.9966847646757527,0.994890487819933,0.9946511458226197,0.996407852033573,0.9965332698057953,0.9963463716549555,0.997811975362738,0.9981305064944359,0.9985965020084432,0.996920532397899,0.9969287430713628,0.9970234601509819,0.9963655106201389,0.9876486172045995,0.9721699595273332,0.9902869725634299,0.9584407498553661,0.9893452234568862,0.9878851953128757,0.9684581632527186,0.9506841020993718,0.9925549199491676,0.9937354341817892,0.9923019687660712,0.9767246104847963,0.9978070963246741,0.9981808963715878,0.9976907889835137,0.9965230699246812,0.9961755050342036,0.9980965186276166,0.9986490822978801,0.9988830374164968,0.9977530952400995,0.9977599296624281,0.9785273566216629,0.9101801256209756,0.9456395684153532,0.9160406723397515,0.9148419750271677,0.8893357237770012,0.9611671470712141,0.9433694336706658,0.9626483302177263,0.9626722456955319,0.9532293054880889,0.9828006159808133,0.9803160172989254,0.9894529930750949,0.9943803256299237,0.9844097712647693,0.9797444145383164,0.9862197822084989,0.9848028703363346,0.9867170178281042,0.9865037770183502,0.9536422471306458,0.9710403959205978,0.9727509841660439,0.9724165672530004,0.9448643209961648,0.978522040227662,0.9734492878362306,0.982548100623331,0.9817412989017941,0.9174938381282619,0.8772636733755226,0.8412345858650834,0.8937771554204913,0.913154151946466,0.9121459189008033,0.9115429241103236,0.9102129619155201,0.5737228283865807,-0.5650236480041465,0.9787717697705142,0.9724652452194193,0.9689800981464096,0.9851737961299781,0.9727535198400449,0.9829001004484282,0.9828538222479876,0.9480905952279238,0.9823436103762322,0.9350089293164102,0.7491243046393463,0.8998593059431864,0.9279832805219146,0.7843751162802468,0.9485421777173835,0.949413987061379,0.8975236348450639,0.9640941563372045,0.8899423607707315,0.6147927530868368,0.7150419075360205,0.8973107970851798,0.8649269820208663,0.8879672869087957,0.9733473365600884,0.9735445319526052,0.7773157257788614,0.724588888287966,0.8169278178373118,0.3924841802719294,0.7934707723279497,0.8209551605095607,0.8161464153592881,0.8096076746116455,0.7712796285018941,0.7475874012923207,0.7294597197827697,-0.2555480317066177,-0.3980267068739252,0.6566010740637915,0.8939576443572541,0.9372545169319924,0.9432924982678969,0.9125396403783772,0.8247043174817419,0.9100751287813401,0.9301653024618736,0.9302025619938196,0.859471127407156,-0.1791286501850545],[0.999040790171559,0.9980296981318968,0.993216006323245,0.9993111964350804,1.0,0.9902491315342888,0.9990847571444869,0.9984537478591271,0.984194827898248,0.9984537221345087,0.9979933351615992,0.998011440445032,0.9984891824407468,0.9984867577452254,0.9984868187286104,0.9990173363943201,0.998600414990909,0.9992704898250783,0.9988352494434791,0.9988342343108988,0.9985544979821837,0.9984779633114363,0.9940278409478931,0.9798372270532322,0.9945429955059908,0.976445021416405,0.9944971814292957,0.9908527610586049,0.9819195720056795,0.9543790345638511,0.9892345468412982,0.9918955951258432,0.9899283571395417,0.9685901850188604,0.9989482230709312,0.9989932697902497,0.9990030423013633,0.9985755274652263,0.9986068003769967,0.9989827771759051,0.9989519599993233,0.9991797590470763,0.9989423664063801,0.998941444445029,0.9885268320283737,0.9201942587343179,0.9445906295252466,0.9289366313211792,0.9193322338820855,0.883735589247794,0.9462060454911128,0.9350194984596386,0.9503644534177136,0.9551037156318672,0.9450303942939277,0.9794454928848725,0.9794021236470188,0.9890613705215255,0.99429527441921,0.9809216439789215,0.9741485036580156,0.9817137324946137,0.9808541717983765,0.9820586774204112,0.9818052469780332,0.9549440313240865,0.9619661101411119,0.9567365458052492,0.9563138309064857,0.9163943412981974,0.9757613316287408,0.972217855558067,0.9783918598452519,0.9775187232771068,0.937491178050095,0.8552330739710032,0.8137655558506212,0.8777533290824217,0.917130861863039,0.9001563116583874,0.9079465476208315,0.9067407169226293,0.7263943120544165,-0.5821478119643233,0.9722780046784906,0.9618703874013961,0.9593305025221693,0.9819171773957122,0.962859559754177,0.9761031409664673,0.9756867296300632,0.9389107883445449,0.9778590196187356,0.9422354735232217,0.737884155949633,0.9170839844144388,0.9486683733834402,0.7422127274238884,0.9342703846646943,0.9358929788362431,0.8911451983370622,0.9695072246776202,0.8849462698563977,0.457656981458171,0.6523763582993493,0.890669500186663,0.8352202335983806,0.8854797721480332,0.9771418628068178,0.9772928392316764,0.7391310872713627,0.706760495150722,0.7430501109911519,0.36910623442445795,0.6883683376329699,0.7484167849276254,0.7434659345976206,0.7055579007354318,0.75671291080721,0.7314230682036759,0.7123833357497082,-0.4684858682180639,-0.5484855037569839,0.6489577644260168,0.8875381047302574,0.9224038494612555,0.9362130887348857,0.909562699118638,0.8036473140869346,0.8955010636132404,0.9158108936959996,0.915391357497242,0.7950179962805283,0.03079410204868951],[0.9862772709015971,0.9900768148241865,0.9908697299714718,0.98735415822311,0.9902491315342888,1.0,0.9859712966618803,0.9865389830565903,0.9915982011238739,0.9858577737763977,0.9809530877906163,0.9794555913421119,0.9864384679864376,0.9869153316009641,0.9866062807009648,0.9862835134717671,0.9893719239398294,0.9875521468168088,0.9873585480694983,0.9873558770132814,0.9854038423111394,0.9865259241156952,0.9958848024067444,0.9926579593988428,0.9873516566223539,0.9850420600196242,0.987439027904044,0.9750337919943068,0.987041318024422,0.9716717016630244,0.9662127632985531,0.9713236844663402,0.9803983990523432,0.9686745378444108,0.9857615930916088,0.9860404313052287,0.9868822041509064,0.9872760434583197,0.9806152735139453,0.986446559171511,0.9849237166546098,0.9865222300075214,0.9859018022663412,0.9859130418966793,0.9955282500745414,0.8688522077071904,0.9259321358811438,0.8939709684485444,0.9081123631446765,0.8705878329128799,0.923089426084947,0.9095079063618647,0.9253952651392464,0.9369904958105543,0.921006272284403,0.9551066080939951,0.9599982966463649,0.9643918256180931,0.9747600491072361,0.9693803921352474,0.9840310832041905,0.9706962978128879,0.9827488065486167,0.9703405686976331,0.9697911152888202,0.973167840428817,0.9650711809889393,0.9453130373091196,0.9447936899401767,0.9395065252170551,0.9807874450519837,0.9732719167911,0.9706549791388402,0.9692139502834499,0.9579650890879183,0.8768040673978489,0.8291207405631441,0.8954719588848694,0.9084856362084569,0.9171994366250144,0.8987994645464863,0.8965951836082577,0.6976383784312793,-0.5206333579994631,0.978156248838958,0.9778793961091011,0.973694290850862,0.9703854722809394,0.9696320378785559,0.9773882981808144,0.9769984736519177,0.9632837274633678,0.9667162369837424,0.9622575396620415,0.7491279075025892,0.8706236739545637,0.9473493746757558,0.7887523697932861,0.9372439609721359,0.9383529124518641,0.8696508982805831,0.9586853871493107,0.8408774021536761,0.550435814490764,0.6844783284858514,0.8501303070727799,0.8214260256393104,0.8392056158567688,0.9599157125772084,0.960010568137704,0.7347942270440416,0.702065966038219,0.7559926183004442,0.3934000843828868,0.7421671551229053,0.7616029241198431,0.7554013480510193,0.7509118005889026,0.7551464768380101,0.7130297013404371,0.6973232559142619,-0.2841134096788807,-0.4138843475665042,0.6722373190486723,0.8695099708721741,0.8872602413765892,0.8981235811624053,0.8826190871461695,0.7907572560962438,0.8583260260445313,0.8788803039053796,0.8790271427064011,0.821875420967433,-0.1484232499848403],[0.9977802734524528,0.9940970590310753,0.9904246976050474,0.9980651482278955,0.9990847571444869,0.9859712966618803,1.0,0.9973676124215686,0.9579782213424513,0.9995734046587915,0.9995081839124866,0.9995194694200896,0.9982994873828691,0.9994379600568084,0.9991167218588938,0.9998850549293412,0.9963119838574336,0.9999015996713999,0.9993266217597215,0.9993315920779849,0.9996876285403451,0.9992727139315403,0.9904679323084663,0.974835347980721,0.9850841563477325,0.9256156330003666,0.9930997040185632,0.9902748903578138,0.9729354984491582,0.9483953097516099,0.9917273417986282,0.9917145335403111,0.9935208810401048,0.9741960664223083,0.9989329570670835,0.9998383143588465,0.9996894058540119,0.9994456628549286,0.9997306479531728,0.999821110816709,0.998403588502389,0.9997111052538137,0.9993403882787508,0.998970608954063,0.9816704595322807,0.9277192921429422,0.9481425018485357,0.9402789495647941,0.9288336748247538,0.8836733395154823,0.9572035182623038,0.9429412246085941,0.959420003226027,0.9593892483286045,0.9509591550522819,0.9814774545441808,0.9803456485529404,0.9913190150034349,0.9964055623826944,0.9460413107419544,0.9615716649420164,0.97218406801099,0.9727396673023618,0.9738319081702901,0.9460675813312938,0.9013475461445039,0.952897268085006,0.9594753368689292,0.9370671550528158,0.8901149226861506,0.9657761206842317,0.9374706117882743,0.9664414282714204,0.946402538299851,0.7671622865261724,0.8495426225019707,0.7722598162303197,0.8650770562840866,0.8860482182774947,0.8904922583614759,0.8691499624254767,0.8813848911246288,0.31189114622980657,-0.598857393878248,0.9632600453215919,0.9471742190242824,0.9462096144867588,0.9478613264806734,0.9594697153549409,0.9700316118401451,0.9700710747245147,0.9288970181438861,0.9664937059897337,0.842304068482181,0.7329729494220186,0.9176359684932911,0.927673173028916,0.7730405144780922,0.9466497358325833,0.9477055122584133,0.8940990589128335,0.9688689504754037,0.831873336172488,0.6053814912415114,0.7063962541418588,0.8544474431714391,0.8445477419801741,0.8360007783984166,0.9772660197522605,0.9774729966462924,0.7661832050422589,0.7038336667761004,0.782162969673921,0.36392247485953894,0.7712773390028538,0.7928365821039655,0.7892278712789959,0.789964063927888,0.7531898239851593,0.7368028412831796,0.7169001025133991,-0.27195475687068693,-0.4217643679920834,0.6662928276929823,0.8904255928269666,0.9263538552861227,0.9423968939820856,0.9141902842697205,0.8242085775256015,0.9107928957015671,0.9316709930263072,0.9303595601268982,0.7758758269717413,-0.14374470007621648],[0.9958290416128227,0.9907416130164257,0.990982460007998,0.9962991070708934,0.9984537478591271,0.9865389830565903,0.9973676124215686,1.0,0.9690863382565963,0.9999998161085228,0.9999992399094173,0.9997101634253323,0.999997000505605,0.9999918637435474,0.9999980681399717,0.9992551120670635,0.9907015753639686,0.9993927088119117,0.999900003197668,0.99989957927194,0.9999612445691346,0.999998704036787,0.9908762111155434,0.9761827653565303,0.9923620624454842,0.9398176368755906,0.9936027153507425,0.9880853175130901,0.9751589717359176,0.9475806457499906,0.9880031758628032,0.9938728756625423,0.9922112676846812,0.9710819611734881,0.9994495278159528,0.9995337759814529,0.9996472731316948,0.9997184061184454,0.9990736551322188,0.9994565006576823,0.9980973978941062,0.9987053365076323,0.9995196454098388,0.9993802521012171,0.9832484784432683,0.9276475734765978,0.9452440854627389,0.9449697329251984,0.9267782166496645,0.8712829334574698,0.9555184315473784,0.9381953464058841,0.9573471967795307,0.9532963951193587,0.9446548381446895,0.9794510462293881,0.9772478273697295,0.9902709847295221,0.997053964705609,0.9407930964113543,0.9568132669654232,0.9652583476391496,0.969342398389875,0.9673278345495646,0.9442396820968406,0.8925498229885495,0.9476846660771975,0.9522604376151432,0.931381436422498,0.8767922206464772,0.9627533645515974,0.9308437825694643,0.9605918443906785,0.9415195804988483,0.7530403693121366,0.8407027524946563,0.7675698960194602,0.8563243944572144,0.8782578407667054,0.8853907254342829,0.8644422474604565,0.8740889409558751,0.29308783958599877,-0.6037815837902938,0.9586314147126094,0.9395316351933574,0.9394005104104095,0.9457952147689117,0.9543058520429394,0.9654881648311279,0.9655185785798925,0.9232453766208393,0.9591143889110025,0.8297824848283198,0.7294555973841979,0.9338668269192426,0.9391197254973134,0.7686656211982152,0.9462645142753301,0.9474849129247311,0.8915057601673169,0.9731455628081119,0.835157661424383,0.5910508790117466,0.6973302036461859,0.8557093929771374,0.8414333306027963,0.838487834757389,0.9799497984783697,0.9801616066398312,0.7568254747655104,0.6955939750660778,0.7837340090681472,0.35041006038169575,0.7660714033381907,0.7883465298909987,0.789907376978538,0.7843606462659546,0.7464911540930385,0.7307334036983228,0.7102067192587189,-0.28825473067950197,-0.437058443011066,0.650764190329253,0.8824773143148973,0.9239399709407197,0.9347519671240322,0.9081784537712256,0.8131386349513371,0.9043031802515562,0.9253686197081071,0.924345722815067,0.756404926813803,-0.12643376379963445],[0.9691121065872244,0.9829931076056715,0.9901207417127526,0.9713926328273907,0.984194827898248,0.9915982011238739,0.9579782213424513,0.9690863382565963,1.0,0.9840605903454507,0.9879638233723319,0.9898489219310963,0.9728040972889288,0.9811163410376535,0.9777300856628209,0.9754690167769575,0.9487480830304669,0.9801421024859117,0.978437729605008,0.9784103853847534,0.9825226656347127,0.9776231817828748,0.9945958550543782,0.991780153217122,0.9818827980209174,0.9873092482145486,0.9848194062870003,0.9884785645068078,0.989859336369045,0.9652132403671126,0.9295987144962464,0.951127764272824,0.9680718820940972,0.9506013321079136,0.9722331338426355,0.9804616743025177,0.9773223313928595,0.9796869791321897,0.9878921247482557,0.9815444875527486,0.9679506687618936,0.9771822224219759,0.9730586569403302,0.9720161477033742,0.9988783556185868,0.8866915865386528,0.9158077164692143,0.9350886612966544,0.9229670343968474,0.8425922801985536,0.8871737910095666,0.8797767475351592,0.8908153264781794,0.9094102308410003,0.8927846857015937,0.9305486031657455,0.945565694189234,0.9503127434672567,0.9637514685695536,0.8936748379621334,0.9594213362020633,0.9371797059182663,0.9591776151520982,0.9373361143029976,0.8916036865571493,0.8986679765518816,0.930961138493374,0.9044338084494954,0.8673866953692472,0.8604532967113168,0.9603656328209899,0.9091389905595568,0.9361993311805318,0.8967845666582481,0.7879356628005137,0.8192198214564544,0.7032834264427014,0.8411891024628877,0.8611872293279013,0.8743989844321735,0.8232393464980459,0.8417330153240655,0.3330363218597026,-0.5474418460019684,0.9481625293801687,0.9394827031523363,0.9366037623973111,0.8932474544740228,0.9373215321106496,0.9468840508438093,0.9463062586390917,0.9265500039776194,0.930899559908276,0.8447382034915172,0.7303387251763214,0.9251670432955922,0.9546107022827166,0.7597395169915149,0.92531979067321,0.9271183941518953,0.8491596045595929,0.9676130139073148,0.7448615865774193,0.48867331976507317,0.6400884274520667,0.7760031021001663,0.7727903692271815,0.7541630237948957,0.9671675488672836,0.967205784307573,0.6855750741710849,0.6546265320276614,0.6781009393161578,0.3373906976062776,0.6797729932944149,0.6920811210001484,0.6792506212140978,0.6894894063370695,0.7206602105341905,0.674512006885501,0.6560368508015311,-0.3348705822108489,-0.469703785157579,0.6681776204823657,0.843973304647268,0.8419848275864888,0.8678177116072614,0.8678411186383082,0.7540732424240294,0.819526955851256,0.8479433770288053,0.8419449355206003,0.7107332800265956,-0.06761130893613836],[0.9961589812279241,0.990764718892261,0.9938282166046031,0.9966847646757527,0.9984537221345087,0.9858577737763977,0.9995734046587915,0.9999998161085228,0.9840605903454507,1.0,0.9999990837171963,0.9997157474129467,0.9999984575176215,0.9999905097406789,0.9999975530704862,0.9996410606273731,0.9976645499472516,0.9993845329496496,0.999869113366651,0.9998690233088371,0.999974661582705,0.999999230699,0.9935163344350539,0.9774884932217518,0.9957016050394633,0.9737981818076248,0.9958044170584922,0.9880602513987179,0.9794694930148053,0.9488304061924616,0.9892052140708603,0.9934669692965866,0.9897447756356156,0.9674171444100772,0.9994543836299499,0.9995228173559368,0.9995322971731448,0.9998116343285796,0.9990887362024132,0.9994643559713907,0.9982631151195968,0.9987394839877679,0.9994550241920548,0.9994498089788305,0.987448798771263,0.9278034211074074,0.9452803740670243,0.9449728112466853,0.9267885826727813,0.8714411485892896,0.9439182689288321,0.9294839980655385,0.9474660751262071,0.9511082662472398,0.942334842219197,0.9776100579509359,0.977280222311461,0.990634386899507,0.99681799602887,0.9704509190056133,0.9566977581694113,0.9713178935408362,0.9692822051866531,0.9717496957322781,0.9714586988853409,0.9422437528932366,0.9475902589864921,0.9467421489455732,0.9463769827772994,0.9046784319275625,0.9626573762723735,0.9622160487858245,0.96817103225005,0.967104682253836,0.9237321284847323,0.8407672622143915,0.7932970026674276,0.8560586913398422,0.899355539255623,0.8850033078179143,0.8916232394212826,0.8906784227946124,0.6760449316113771,-0.6166484475562755,0.958565648863016,0.9395513909086819,0.9394267490085323,0.9716919436599779,0.9492114641282097,0.9650188630160103,0.9645828608048139,0.9238011303116843,0.9670204897225729,0.9274484752424811,0.7294803173475621,0.9334864773899568,0.9518746654087604,0.7488167668429703,0.9387640627198833,0.9401770647810865,0.8915762288664609,0.97219043979305,0.8927522289878924,0.49342947563870176,0.6703763127115446,0.8984332567261416,0.8437148067576411,0.8935055919453168,0.9798989888936891,0.9801463474313779,0.7568928097298907,0.6953512151140672,0.760073348196142,0.3505531397358095,0.7069761814729406,0.7653387518933243,0.76048618566292,0.725438671145951,0.7461932997317684,0.7306721015774342,0.7101157964620837,-0.515087019773465,-0.5960062371253884,0.6508388948180447,0.8826505427424067,0.9238047752233662,0.9377561479538985,0.9083818034343425,0.8092301986538553,0.8965070401485797,0.9170158383857132,0.9164666955159972,0.8062641781564497,0.09999035688313099],[0.9940877243071832,0.99076631090561,0.9979001980781997,0.994890487819933,0.9979933351615992,0.9809530877906163,0.9995081839124866,0.9999992399094173,0.9879638233723319,0.9999990837171963,1.0,0.999715566528629,0.9999961478668274,0.9999942299475013,0.9999981214741518,0.9996146638318528,0.9971779394429331,0.9990588256037629,0.999749606281513,0.9997493832788522,0.9999982897784764,0.9999981477973595,0.992410088539211,0.970890899207141,0.9945139516590303,0.9811816687475813,0.9951781902817454,0.9880768420006694,0.9809149782482511,0.9389021393702567,0.9873472982935226,0.9923542369345947,0.9825920944578186,0.9386790234988613,0.9991668543072162,0.9992292821973279,0.9991568412418774,0.9998839264663575,0.9990690292071447,0.9991677758112802,0.9975444043141165,0.9982254757873518,0.999131064028766,0.99912811125439,0.9890819733378492,0.9274885022973729,0.9054373447798084,0.9449027433490951,0.9266576395737991,0.8710568824354441,0.9057767033771518,0.8900106137497287,0.910966831926374,0.9180540848373806,0.9038473770900644,0.9676059236403695,0.967571428585193,0.9893342460369218,0.9950690352260342,0.9616552747306614,0.9567902279053434,0.9580958661208677,0.9579003613940522,0.9600836665238587,0.9597835379817816,0.914625861959689,0.9357086159451526,0.9099162651672206,0.9093641792979317,0.8233312076571508,0.9593887593609667,0.9662177910805134,0.9619583284388005,0.9607764512342336,0.9118150224392686,0.7525448920272276,0.7057885337324671,0.8058595016903176,0.8701082627795408,0.831878886662224,0.8509747082444221,0.8493897127898851,0.663148042323042,-0.445603112673238,0.942842961106904,0.9396462243023339,0.9394859076927133,0.9630774899026199,0.933371587978081,0.9463975226846733,0.9456319365558429,0.8880105377205563,0.9499041576176565,0.8946515076888665,0.7296176251134794,0.9338945396824642,0.9539136102513721,0.6056871851932121,0.8876180586997539,0.8908668005364924,0.8445354213594233,0.9835039771813298,0.8319205996781537,0.16249443854589146,0.5118659719872874,0.8445256366889231,0.8061139237445298,0.8380704297978158,0.9842216719443134,0.984236489033789,0.4827767251764944,0.5937998302829978,0.49028325574762366,0.3504342454452475,0.4526313983334229,0.503779476555896,0.4923428458408664,0.42846048339786125,0.7320648166461419,0.5736574179460763,0.5322755360184942,-0.4818689020058795,-0.534573639643441,0.6501635018367339,0.8605687881794164,0.8735439981410301,0.9012654470709357,0.9018502676004907,0.6499720576715367,0.8322534596835247,0.8648164943192955,0.8640121542822438,0.6048899565225914,0.03601639697896967],[0.9935503826398266,0.9927495702276457,0.996995520830639,0.9946511458226197,0.998011440445032,0.9794555913421119,0.9995194694200896,0.9997101634253323,0.9898489219310963,0.9997157474129467,0.999715566528629,1.0,0.9997317105690171,0.9997138052855213,0.9997216660271662,0.9996085051335426,0.9978134696141574,0.9992751770566284,0.9999639078871551,0.999963544407697,0.9997205954549473,0.9997274638328543,0.991615239258545,0.9650360468361835,0.9928286283166844,0.9808173516351363,0.9937666335364633,0.9913808559809335,0.9755316078840097,0.915127749549972,0.9897526081349064,0.9931325400178825,0.9770499440808375,0.9150052257903402,0.999292246614639,0.999349873780128,0.9993000960651374,0.9995117387017514,0.9995302599149761,0.9993200010377936,0.9973028796226004,0.9982123901581261,0.9992734697863319,0.9992697898677566,0.9898867066027108,0.922178300621494,0.8903259929589984,0.9414374149271911,0.9260984420670778,0.8711907040869751,0.8638531617869699,0.9042001200708785,0.8684000340359851,0.8877908646004956,0.8615178086770473,0.9535712214337009,0.9535397532714819,0.9783554275386765,0.9939441529723129,0.9596363956776272,0.9612589557444624,0.9527823172123534,0.9546468049673109,0.9563724807889502,0.956204076627081,0.9132440498131598,0.9252039054247504,0.8926205255119625,0.892464596784589,0.7989354901057977,0.9567613195420551,0.9595217532629939,0.9596481368735014,0.9590533997951839,0.9166038211059074,0.6759960673237037,0.6225227588784683,0.7535749902312155,0.836990282450986,0.7783051712470928,0.8087496459433661,0.8077138169508032,0.621593124903952,-0.3642933351201233,0.9353801529805822,0.9431085788608662,0.9351353920649225,0.9607748552598016,0.9326075626470023,0.9401548935838682,0.9391743798752709,0.8823676318849822,0.9435683052077303,0.8879230018088579,0.6625354975046741,0.9306866574250023,0.9249184245341292,0.42896120102798874,0.8122517718333806,0.8180564423515073,0.7206738600248,0.9754891334853504,0.6958369733514111,-0.21311378486382052,0.22886576361649988,0.7207489182678681,0.6737803274575201,0.7139364039406262,0.9766877441043127,0.9767550282718379,0.12921078884125373,0.2844135040806135,0.1335339004114544,0.10570559582228053,0.12587335603607436,0.14386816092630933,0.1412043752614989,0.0586082510309682,0.4830896554402856,0.2133383875011633,0.1604435840590335,-0.5088645315417111,-0.5494805595943918,0.650863017899984,0.7486627718262178,0.7730551456090102,0.834100106528853,0.8271018617792463,0.5450157586373168,0.739133692549132,0.7678388929146657,0.7666647624729936,0.417476603869623,0.2324245691153591],[0.9959558196012468,0.9909231094873924,0.9908632304396982,0.996407852033573,0.9984891824407468,0.9864384679864376,0.9982994873828691,0.999997000505605,0.9728040972889288,0.9999984575176215,0.9999961478668274,0.9997317105690171,1.0,0.999990402469448,0.9999976716132106,0.9993085872213807,0.9924929333465378,0.999437257196347,0.9999098248248962,0.9999096047263674,0.9999686083871137,0.9999989100531845,0.9907706940343551,0.9760303448970966,0.9930239832077262,0.9447468204275533,0.9935595628017755,0.9882330653839815,0.9749760778854576,0.9475580549079414,0.9889033130885986,0.9939435801901891,0.9922887263345103,0.9712220501711637,0.9994920406365669,0.9995754291374125,0.9996790867826805,0.999719268312687,0.9991456766951038,0.9995001245043026,0.9981877896482545,0.9987790505680532,0.9995629102824458,0.999423725479966,0.9830358877132155,0.9279448661928497,0.9454319976297926,0.9449209905504697,0.9269904961077841,0.8720843348676327,0.9558667738550358,0.9386072515499551,0.9577017314378917,0.9536669793728021,0.9450653439910837,0.9797023417434324,0.9774415493894134,0.9904133380307039,0.9971241878621909,0.941099768775805,0.9569520076444248,0.9655363710650289,0.9694661672957894,0.9676018918964636,0.9444954364335374,0.892681319591954,0.9479333948361346,0.9526646652341207,0.9318091441043475,0.8771734196638706,0.9628266251742305,0.9310527333284767,0.9608070368646966,0.9418056874740915,0.7531042693673146,0.8411391751085161,0.7681053099605226,0.8567406371973934,0.8785740902245229,0.8856211354617537,0.8648366107100318,0.8744927165712708,0.293364492415278,-0.6037329463805691,0.9588205431732995,0.939841340559668,0.9396660868068618,0.9460371334844594,0.9545117885938776,0.9656887337412586,0.9657206009899213,0.9233967897640598,0.9594140586328346,0.8299663670013199,0.7296097657983297,0.9331334910815697,0.9385974575523751,0.768839630211996,0.94630410306246,0.947515572527556,0.891846639480872,0.9729860266171683,0.8356216592001479,0.5921005159783082,0.6980063168348122,0.8561661709414496,0.8419645836918556,0.838949777120869,0.9798733619404697,0.98008501858017,0.7574652201907369,0.6961718664247973,0.7843243217777653,0.3511848137159114,0.7667541771727248,0.7890316052726584,0.7905075850432023,0.7850702528926942,0.7468714816931625,0.7311891646302502,0.7106859053366851,-0.287270221362826,-0.4361744557666286,0.6512800021454002,0.8829944214178417,0.9243799073044278,0.9352729146332627,0.9086402254224104,0.8137002888914666,0.9048707599666098,0.925925352726323,0.9248905657205535,0.7570807445584318,-0.12746614963191305],[0.9959869179638675,0.9907619258248652,0.99323245025568,0.9965332698057953,0.9984867577452254,0.9869153316009641,0.9994379600568084,0.9999918637435474,0.9811163410376535,0.9999905097406789,0.9999942299475013,0.9997138052855213,0.999990402469448,1.0,0.999994462427248,0.9995146444383991,0.9975784711959454,0.9993899674629011,0.9998929219872135,0.9998917971387565,0.9999488164354436,0.999990463035994,0.9927863948404914,0.9764316852340145,0.99543342031231,0.9678181507230078,0.9952094410425435,0.9880107186236897,0.9752590118902386,0.9477548232403928,0.9889811747936665,0.9938817630113118,0.9916034019209218,0.9706985004896612,0.9994586098075409,0.9995264228546489,0.9995930349068818,0.9998752337217229,0.9991008326996283,0.999445554225795,0.9980006982386707,0.9986933010779204,0.9994734928292828,0.9994660438812261,0.9854766875776746,0.9280007671458548,0.9451702571152869,0.9448439647759007,0.9266165292477891,0.8713425137278101,0.9494915153329794,0.92979565134359,0.9515704478885464,0.9530224685562878,0.9443721850039325,0.9778336617324187,0.9771029810961899,0.9895864931811128,0.997135677243169,0.9706853149881305,0.9564463181955161,0.9713027333386971,0.9692730833205306,0.9723345578231706,0.9720340751967195,0.9511670970304392,0.947247790943132,0.9514758685262709,0.9510992331279089,0.9220530446365712,0.9626858195476596,0.9652746020066977,0.9699379213980873,0.9687311736535934,0.9337578398409178,0.8403639624456792,0.802281198663625,0.855741791288247,0.8903523844719421,0.8851057406388569,0.8864484426092766,0.8851921997761093,0.6541618701298951,-0.6041884947175375,0.9585696897659752,0.9394280846549622,0.9391467196261695,0.9719289929253503,0.954338370215332,0.9654415006062298,0.965532991570661,0.9232506089440243,0.9660178923588636,0.9360004811387692,0.7292363808672742,0.9331200756086078,0.944945270814439,0.7676342664227226,0.9460923485989234,0.9472322616846857,0.8914514920261754,0.9733635661363285,0.8831099111573462,0.5914428929326346,0.6968512989916139,0.8906047373914991,0.8537282554488926,0.8810317441300021,0.9801792537608404,0.9804234645768388,0.755947052641458,0.6947211358698369,0.7985223159083746,0.35045896297326484,0.7696426347628728,0.8031855989271129,0.7976860641734747,0.782623220405824,0.7462457061294406,0.7292763613829387,0.7087590813324902,-0.38034995385725895,-0.5006923762162725,0.6500086663192337,0.8826658512137908,0.9213768289024854,0.9306319641079871,0.9087483616532785,0.8122903073244763,0.8911785495531704,0.9141492680121883,0.9137330798662874,0.844579237056998,-0.09467760098702203],[0.9958773104381364,0.9908327765103258,0.99104132082534,0.9963463716549555,0.9984868187286104,0.9866062807009648,0.9991167218588938,0.9999980681399717,0.9777300856628209,0.9999975530704862,0.9999981214741518,0.9997216660271662,0.9999976716132106,0.999994462427248,1.0,0.9994065638977057,0.9967837426078981,0.9994104435345954,0.9999032414156218,0.9999025060268786,0.9999626315766241,0.9999974524258156,0.9909196730941149,0.9762442063262398,0.9947813627554534,0.9590229089978561,0.9945962689610253,0.9881754835311103,0.9752109501339906,0.9477587011223781,0.9913571904033582,0.9942247830385214,0.9921566533979933,0.9709876801830651,0.9994628345916641,0.9995363815542049,0.9996556353570163,0.9997352281434955,0.9991066585022406,0.9994548619173402,0.9981254142156235,0.9987239614425322,0.9995310102494349,0.9993946366829943,0.9832423244953249,0.9277363214639105,0.9452714626188542,0.944974409343944,0.9269220532367481,0.8716314151108265,0.955608539013319,0.9383445285672437,0.9574711025061428,0.9532492216830903,0.9445772394294796,0.9794847237714747,0.9771974604265109,0.9902422876141762,0.9970190825859391,0.9411126185509827,0.9569126463921644,0.9654375331820791,0.969418378981514,0.9674917399303382,0.9440170979746276,0.8927766344185132,0.9475704833159926,0.9523286090956353,0.9316115572188948,0.8769275170413376,0.9629071523763612,0.9312182155860012,0.9608109948103747,0.9418549376827539,0.753409176739575,0.8406753910253248,0.7678495837895161,0.8563422318496614,0.8784368867938547,0.8853831579050059,0.8646041913825766,0.8742676139215195,0.29345166540974693,-0.6034817850400577,0.9587101313083013,0.9397013103379852,0.9395465716476894,0.9442866437361878,0.9544889538838284,0.9655673432017265,0.9655944191304362,0.9234337387983648,0.9592941281551771,0.8300645447727641,0.7294932421525223,0.933515621134193,0.9390013805811425,0.7686386945248209,0.9461781285042083,0.9474031599114384,0.8913238270559148,0.9731644621355372,0.8352014976670241,0.5908946679617374,0.6972200800746635,0.8557301402968063,0.8415735662120005,0.8385286228106078,0.9799957740249495,0.9802043396001012,0.7564207348168129,0.6952248228400763,0.7837236069252205,0.35069406185623153,0.7660553182312194,0.788272920874583,0.7900785883209157,0.7842653845902451,0.7464022566935808,0.7299550618308978,0.7094634061960751,-0.28805659886262297,-0.43685621940988406,0.6510456281362486,0.8823920534813416,0.9240775234798336,0.93480751676889,0.908227685464803,0.812940465075249,0.9045242062279302,0.9254194085491599,0.9245150959865067,0.7565152704858847,-0.1267282765590804],[0.9975047567901293,0.993307817470912,0.9904347659838743,0.997811975362738,0.9990173363943201,0.9862835134717671,0.9998850549293412,0.9992551120670635,0.9754690167769575,0.9996410606273731,0.9996146638318528,0.9996085051335426,0.9993085872213807,0.9995146444383991,0.9994065638977057,1.0,0.9982553758052528,0.9998338816425508,0.9995036908550443,0.9995089696894036,0.9997432991147087,0.9994886591389885,0.990452320069135,0.9751495709024016,0.993297262092091,0.9506080134359434,0.9929308270593366,0.99014549834708,0.9731379200305736,0.9482780580073611,0.99187284780024,0.9925537633494429,0.9929304762492687,0.9731502324756789,0.9992353663022288,0.9997231144629529,0.9996949955271175,0.9995287810064893,0.9995402989275298,0.9996752559736364,0.9987795941138833,0.9995437027008305,0.9994830960822656,0.9992272059082257,0.9816822340867297,0.9266227305671302,0.9476674461865543,0.9405483121098452,0.9274640949450603,0.8797805461050104,0.9578851441609737,0.9433447434057296,0.9600551315004574,0.9579231836120798,0.9493493533761312,0.9816895587153333,0.9795596934341686,0.991307388753299,0.9964843521097061,0.9462373178402593,0.9607575400901529,0.971169321984292,0.9721602101289423,0.9729244346412809,0.9472292912944195,0.8996298127640433,0.9512110297568668,0.9583347021703034,0.9371713498719069,0.8869218047601822,0.965489678550609,0.9368974325288071,0.9658137916086907,0.9467914358155126,0.7635087374181986,0.8470215296183083,0.7728202452695069,0.8623407633552754,0.8842794223477908,0.8885909560559049,0.8688543276531043,0.8803025734042791,0.30628896273738804,-0.5999583464880888,0.9622829114300874,0.9453756890628197,0.9447906387379817,0.9490728591629953,0.958986177662614,0.9691749770632816,0.96925581286175,0.9282307842288633,0.9653274766853766,0.8393879224222535,0.7310878774351113,0.9216946841089013,0.9299338280541133,0.7713719912188105,0.9462530768067065,0.9472532072546864,0.8917246197971676,0.9692397359428155,0.8344303426390183,0.6014668043429826,0.7029108762534229,0.8557440428427271,0.8445149634846976,0.83799067032