var element=document.getElementById("correlationAdjClose");if(element.style.display!='none'){var correlationAdjClose={"data":[{"type":"heatmap","z":[[1.0,0.9999943392412894,0.9864398193330725,0.9999339464561032,0.9991805138950148,0.983667108033678,0.9978694709522357,0.9963261056409433,0.9710402754756016,0.9965269588166706,0.9946673026849413,0.9939586474295564,0.9964224619959137,0.9964543130703447,0.9963681485962831,0.9977381200565049,0.9980602525548691,0.9983370981340113,0.9968733492848116,0.9968846877774546,0.9968516550324995,0.9963920174393239,0.9883972606654018,0.9734608877738661,0.9907366735347068,0.9600142540423272,0.9898786727121703,0.9870908732464609,0.970984677004928,0.9570608392832163,0.9923978856192869,0.9938829524748356,0.9928596909349607,0.979160745263745,0.9977847561094183,0.9979045071087619,0.9976148246184176,0.9965037059154348,0.9955684645827433,0.9977921089555961,0.998660084137275,0.9986936407181113,0.9977646491385647,0.9977743586993149,0.9780008124586832,0.9249720600521609,0.9545912081510636,0.9413650623860267,0.9411016153368785,0.9198337668726999,0.9643039232530762,0.9516898678194967,0.9661355501941836,0.9687086495447204,0.9577537792938163,0.9848091103577761,0.9826175748453185,0.9911297615547476,0.9942792373618783,0.9876394663774153,0.9827765546066598,0.9882484679532774,0.9867889351440606,0.9887890800222353,0.9886593485125167,0.9565894152080827,0.9762950149033938,0.9768400626629016,0.9766002811808575,0.9454198251789669,0.9822163700037317,0.9791176354527503,0.9861379179437401,0.9855074699273523,0.9422367828037232,0.9002895527647302,0.8702347688128497,0.9149399910775663,0.9294991858644758,0.9274506975720596,0.9276582957379996,0.9264897347900642,0.7283402213872799,-0.5401985783915186,0.9810837288256621,0.9762531952907744,0.9738875684157668,0.988267314841392,0.9743568885545171,0.9846647026707323,0.9846470903230304,0.944676585187009,0.9853910501815331,0.9477444457177912,0.8034469298349348,0.9202789986106756,0.9351968821379749,0.8230530822623915,0.9559276998364262,0.9566151044542935,0.9028775070090912,0.968286143479018,0.8954970091031996,0.5797603437131644,0.7294871023942048,0.902741156458239,0.8734767107634633,0.8941286303334843,0.9761352972245794,0.9762880954805835,0.789644024411059,0.7544669096390484,0.8257086802051515,0.4609284443585993,0.8084751124465793,0.8298297423323379,0.8249685518759208,0.8179911536545499,0.7947415591334073,0.7568424183338257,0.7413249107683443,-0.2891415792029589,-0.42979419468214225,0.7012178775336626,0.8914134633695657,0.9309922846437624,0.9413043882698453,0.9054098332097331,0.82939684930891,0.9093525717966865,0.9246268686645345,0.9244749981154269,0.8600835433568005,-0.1394817111470892],[0.9999943392412894,1.0,0.9899629675639431,0.9998563542947961,0.9983189361612609,0.9898982278649634,0.9942075676997064,0.9919006711531327,0.9873092255704187,0.9919083413824776,0.9919346187280109,0.9932930918493349,0.9920004232470636,0.9919033125703611,0.9919593274463608,0.9939953319870934,0.9962890793331026,0.9958516232716754,0.9939060733589579,0.9939130513418496,0.991951163964482,0.9919971696412857,0.992516955822695,0.9775217421069632,0.9884425312183363,0.984478984370303,0.9885047883364213,0.9870650138642475,0.9823324454449454,0.9405105209683431,0.9898411470864024,0.9879121232194612,0.9827730237698329,0.9421934992409373,0.995237343608487,0.9951728426130223,0.99537537724897,0.992327909865268,0.9949780695434319,0.9953944243240191,0.9966084118554073,0.9968031393778726,0.9953916398619321,0.9954024281336863,0.9913895041937664,0.9246010029418057,0.9026135703619165,0.9411860649574516,0.9411482831540106,0.9198121594610071,0.8937475510996652,0.9335640999654627,0.895845395263619,0.9242946263029516,0.8936405095941432,0.9598247513354122,0.9598120740151671,0.9733790923508251,0.9854600039375854,0.9835396320941177,0.9849392545767568,0.9793646832747913,0.9819542357299784,0.9806814881197244,0.9805665152620509,0.9443407576156697,0.9636180435459714,0.9375390806435425,0.9373600093448603,0.8698768089575815,0.9818340137048774,0.983029098814237,0.9832100827507867,0.9827925546184756,0.9547624166710922,0.8067953053989766,0.772562550088498,0.8581384236608074,0.9114733704785942,0.8725143536391436,0.8924524844554299,0.8914304390225003,0.7727942122488819,-0.13787021623529885,0.9715137132875112,0.9742536935375355,0.9711948457071835,0.9839444870581102,0.967654064343898,0.9739354488359445,0.9732980161481591,0.9313941991145158,0.9752852862093669,0.9333770947398048,0.7389287609250179,0.9198245712469301,0.9190288109013188,0.5765669651750709,0.8550963088183262,0.8590144275188192,0.7618300902372007,0.9688968519669516,0.735771113284709,-0.31356014904636276,0.2523151899090428,0.7617927744821231,0.712663228422923,0.7547505659398432,0.9704017586643572,0.9704313305926591,0.202996248630773,0.37495998059003055,0.21012112389614182,0.1818251919525344,0.20312078172311898,0.21631749598846967,0.21336720742700263,0.133792798828061,0.5568141467471734,0.2902366184398507,0.24018733376555498,-0.43507865237729926,-0.4839030308675491,0.7012691591616047,0.7612149362822056,0.7846058707948598,0.8483288436256609,0.8228096823996315,0.6012589045684209,0.7742391097707266,0.7791262132584111,0.7780680647532534,0.4398812818473397,0.24462841990631226],[0.9864398193330725,0.9899629675639431,1.0,0.9877229637303728,0.9934633321951937,0.9914070784552904,0.989547550677118,0.990318957030677,0.991317739982962,0.9929322506066772,0.9968688166506905,0.9960453529074529,0.9901699392575962,0.9922613526577465,0.9903725428250661,0.9898322055565026,0.9908138962492109,0.9899931421279642,0.9889948760442319,0.9889650864181682,0.991823908325143,0.9901972426290359,0.9951009020881488,0.9853773792426154,0.9910887368489297,0.9824898139502526,0.9917231925385294,0.9877357743751535,0.987341911027386,0.9626476420380795,0.9693088765339595,0.9736264211698175,0.9773697165919887,0.9569448065526917,0.9869388559222909,0.9900321613547782,0.9884142156806212,0.991958523894104,0.9947008453374231,0.99083506828297,0.9849360660575288,0.987868161060134,0.9873105682069262,0.9866892859613688,0.9927057034967628,0.9207244412549231,0.9388527504025678,0.9503110896878889,0.9338394515603546,0.8816661197908464,0.9226392940271335,0.9084076897295198,0.925419518082676,0.932723032176999,0.916568835375641,0.9507602088824152,0.9603370443908422,0.9682908307779824,0.9773645042234784,0.944402606930052,0.9670571964831103,0.9666103380077065,0.9728312607778734,0.9668442680531885,0.9431332435963133,0.9254582745681945,0.9512170659892012,0.9418244275207261,0.9241490957050998,0.8995716485150926,0.973347341665008,0.9535237809756792,0.966310209518581,0.9463560216859711,0.8441285515538437,0.8644765207795521,0.7829209013322959,0.8810765902344015,0.9035946243921141,0.905680583653588,0.8731130226121394,0.8873544633598881,0.44884820668389036,-0.5259072185345475,0.963785603668049,0.9514994394316295,0.9513352225997491,0.944369958772909,0.9583443375214112,0.9662981543350521,0.9659345599127608,0.9344356276089614,0.962096260872841,0.8883019882759906,0.7882734358987581,0.9568903859358854,0.9553456849074398,0.8049391930853106,0.9439689371737066,0.9455145543280423,0.8759311276331384,0.980876663117879,0.775907658093569,0.4842443063132554,0.6742831542762645,0.798433819095479,0.8010896828122699,0.7794579388208852,0.9829073006317904,0.9829097441514277,0.7211050922256284,0.7039194537776086,0.711354714605917,0.4111726635773301,0.7104484505027578,0.7167763037060284,0.7254257375062517,0.71668784162808,0.7589676720578634,0.6936935674543796,0.6772029959069978,-0.34724877691473305,-0.48771072587004605,0.6703292665983669,0.8539579446184813,0.878033707597512,0.8870973458963936,0.8779918671336533,0.7637210546944565,0.858221868378142,0.8676882302957173,0.8745239821345177,0.7353940350335239,-0.062322778986537306],[0.9999339464561032,0.9998563542947961,0.9877229637303728,1.0,0.999406545896812,0.9847266015634686,0.9980896912357969,0.9967145041272314,0.9731039583218433,0.9969604613521894,0.9953391547459168,0.994833298824186,0.9967940722516616,0.9969105556974134,0.9967560589820437,0.9979857936503291,0.9983682799038271,0.998576539746405,0.9972120364371533,0.9972207459608352,0.9972198671603916,0.9967676442588087,0.9895085889420654,0.9747730956185161,0.9916238271019182,0.9624203874155383,0.9908652209562095,0.9888383341058337,0.9728373082341459,0.9581840837982859,0.9917488073340289,0.9934096391644884,0.9927861090313893,0.9787603925350753,0.997853977424251,0.9980892545572795,0.9978182848306292,0.996926114195843,0.9960450958194913,0.9980092429285071,0.9985562067021369,0.9987662558925878,0.9978299707875854,0.9978364819428914,0.9796974989076825,0.9216687789685257,0.9526170911756897,0.9412664770034127,0.9391417852730151,0.9140083806041623,0.9614937770760127,0.948549806452092,0.9632388359864147,0.9663952694640291,0.9551342422541194,0.9828091894899209,0.9812118472530372,0.9903089734781675,0.9940757755910932,0.9863676844959673,0.9817280480413034,0.9871513802597841,0.9862415801822517,0.9876204494234897,0.9874846395008018,0.948248256085831,0.9751568565825951,0.9755345227820863,0.9752918295814372,0.9410739686865335,0.9817896217853002,0.9766036934189997,0.9848670135846959,0.9842048055025545,0.9247365720278989,0.8989521908155497,0.8668368892337722,0.9133989706962852,0.926995756328248,0.9270298651486023,0.9254884458919693,0.9243581332202963,0.6448278685400086,-0.5396958022434167,0.9803308982830492,0.9750963134570642,0.9725467097680061,0.986999119133139,0.9737326182452473,0.9839934979414756,0.9839739144393783,0.9443345696273535,0.9841319013275226,0.9350925982994329,0.8068305432357786,0.9249876422293027,0.9388800858508886,0.8245831175974153,0.9571087258894961,0.957820342447648,0.9024285767541455,0.9694165769009467,0.8894302397815262,0.5761225151612493,0.727767426792743,0.8972987458884331,0.8697887535564278,0.8884137981325657,0.9769041816366916,0.9770623973897442,0.7884644254786264,0.7546234003269001,0.8178017945236775,0.46250497667201385,0.80257792682322,0.8216509711984769,0.8167137969426876,0.812548283793069,0.7968368584321075,0.7566942845635052,0.7412476611421888,-0.28453803519907045,-0.4290700242567664,0.7004190450466985,0.8896563454637775,0.9290964085136693,0.9394561430208468,0.9042637198923813,0.8266654676190036,0.9073217390301981,0.9223448878056136,0.922339230362294,0.8530520770110971,-0.132481809433815],[0.9991805138950148,0.9983189361612609,0.9934633321951937,0.999406545896812,1.0,0.9872245688593948,0.9989954662063794,0.9985515920206565,0.9846405691268281,0.9985503041822413,0.998154270411495,0.9980818996960189,0.998568663628388,0.9985815966035364,0.9985827916322746,0.9990604132086128,0.9988231824082281,0.9992420695185393,0.9988384006325749,0.9988394456436935,0.9986250954694668,0.9985691082825884,0.9949584516046508,0.9819742396721918,0.9951950291079065,0.978644696176917,0.9952189744616106,0.9924208598747573,0.9846977545906315,0.9613130010857062,0.989269965726607,0.991976666113061,0.9902833382244859,0.9715503832072845,0.9988417562031634,0.9989052508034775,0.9989311187527433,0.9986727252793518,0.9985727387123271,0.998897339018236,0.9989184408780266,0.9991443113696338,0.9988593324464186,0.9988597417722374,0.9887076995698793,0.9307520133373147,0.9519904410412326,0.9484164254438627,0.9397207858130491,0.9097348090692836,0.950316491095029,0.9450248225077786,0.9545390304031623,0.9608099400927406,0.9492680078802096,0.9808668469827432,0.9807912183044516,0.9904717045420592,0.9939680832164953,0.9827004206864114,0.975889868286328,0.9819042257192946,0.9825640116240886,0.9822994184508861,0.9821315185173732,0.9460258596824204,0.9672774208868472,0.9608357318129418,0.9605521190287991,0.9146733965797912,0.9789649333054633,0.9752737340681934,0.9809521326074464,0.9801970746127259,0.939334156170901,0.8810108781874704,0.8480284420437251,0.8998345455209308,0.931716354698743,0.9181227940773474,0.9243621759614651,0.9234394250529008,0.7800269741018239,-0.5396316754218891,0.9745182743004126,0.9652550023740405,0.9637730125567431,0.9835194417126013,0.9644088475412589,0.9779071564357626,0.9775832296658926,0.9361696223940174,0.97914644887237,0.9379752637623243,0.7968372013009726,0.9380476387395722,0.9575151390751991,0.7926424752948205,0.9460412993438222,0.9473386893452576,0.8975069019213706,0.9740098009597601,0.8917070276528343,0.4147130213404903,0.6741114601350526,0.8975700865834154,0.8512219958837356,0.8935985605144994,0.980269324508095,0.9803924230290348,0.7561843719715711,0.7396840412026954,0.7599986076564323,0.44183558798303346,0.7173709398094973,0.7643453845692999,0.7601461308217998,0.7251054453491351,0.7850615424624833,0.7433321759550079,0.7270193483117454,-0.48346433350840107,-0.5664786715147515,0.6953922150255704,0.8854342629804165,0.9168884657724785,0.9358748433303268,0.9033060021549844,0.8107881824952918,0.899375280659395,0.9111957361822105,0.910754077565822,0.7933380512524522,0.07812549186293939],[0.983667108033678,0.9898982278649634,0.9914070784552904,0.9847266015634686,0.9872245688593948,1.0,0.9810745776523938,0.982365915123315,0.9932092332572509,0.981734034007139,0.9777534119258401,0.9768253830404686,0.9821913377930773,0.9826378103505613,0.9824333586789712,0.9820048515712222,0.9856557857524956,0.9829973152724379,0.9828724172843083,0.9828454452488279,0.9812187485694285,0.9822940543988908,0.9940291385541302,0.9933795367723913,0.9835771197245343,0.9878118421247538,0.9840538035628648,0.9745002583709507,0.9875713719995439,0.9740838757304109,0.9592940197757781,0.9653669991252424,0.9752940126605949,0.9662958240002131,0.9808003771614093,0.9812136113581533,0.982070003702711,0.9830622048395266,0.9776824185309628,0.9816039587848597,0.9799981600775411,0.9818411464645479,0.9810400834845577,0.9810172435356918,0.9960175069612394,0.883251718564269,0.9302094673014805,0.9283299080764896,0.9379397430356393,0.8972100610119821,0.9172386707132612,0.9115717667079042,0.9201239132039069,0.9373194674463848,0.9173341535645093,0.9492154454556921,0.9553415853259761,0.961938461640708,0.9684989111741096,0.973024053984619,0.9887275881402606,0.9752458587061205,0.9860495962485485,0.9748543655285463,0.9743322156153159,0.976678693274526,0.9728553834232524,0.9539857031060601,0.9534751142542012,0.9503189510970717,0.9848602487334392,0.9776833757524478,0.9740612714538212,0.9728445853786784,0.9672243637942397,0.9060949044180651,0.863440197294884,0.9213926167388099,0.9247931345158629,0.9342349628059504,0.9154055977286031,0.9133665156380933,0.7652683103209508,-0.4807833660764226,0.9832829546815348,0.9848198978018109,0.9813005186553024,0.9738258473073405,0.9764409832175748,0.9819337094725357,0.9815536510440537,0.9696091537679611,0.9719598042084705,0.9692086107119193,0.8091909368566736,0.9005953557320932,0.9578351363525816,0.8383295906665289,0.9459457171813976,0.9469256667101807,0.8666393335980229,0.9591408861767656,0.8321805694379996,0.49641416192709004,0.6907457487088946,0.842022473246721,0.8197811168909456,0.8318845559631431,0.9589323383546055,0.9589207797239699,0.7409756338806681,0.7301379037700958,0.7505121941785665,0.4658140439155161,0.7475081031150224,0.7556807738577415,0.7494076361183527,0.7479432493930908,0.7759367050617613,0.7150029602935022,0.7024839245851964,-0.31021802349313243,-0.4410013346968087,0.7068095612683164,0.8525481513500693,0.8669547475815284,0.8844981339246056,0.8614503911541399,0.7832280594836855,0.8464775989392475,0.8592111814238756,0.8591926236235391,0.8019550136320819,-0.09084124452662255],[0.9978694709522357,0.9942075676997064,0.989547550677118,0.9980896912357969,0.9989954662063794,0.9810745776523938,1.0,0.9976306277842054,0.9571563027943598,0.9996295162377051,0.9995971182083427,0.9996250289171664,0.9984971495657292,0.9994964174772478,0.9992272110491882,0.9998938610227738,0.9967607034290035,0.9999048237142312,0.9994141226527745,0.9994188947141392,0.999727365410919,0.9993630086656081,0.9908502632523705,0.9752156028831439,0.9864685614161129,0.9287660000907103,0.9939011204711545,0.993001046937001,0.9753477616623114,0.9548827318891193,0.9916806826146933,0.9921385348000407,0.9938521419600065,0.9762429412227446,0.9990606313201237,0.999861064291799,0.9997306534669268,0.9994982109245826,0.999784687825507,0.999847062411512,0.9985885580355446,0.9997507613699211,0.9994221493015912,0.9990964065932723,0.9801715498081905,0.937652091515014,0.9547664834085149,0.9525787381312132,0.9407690436503797,0.9085084708306371,0.9584860030016285,0.9482045658582738,0.9608464586355576,0.9640954276020139,0.9545400289527669,0.9822943903933943,0.982112905901138,0.9921876004534725,0.9964794851514196,0.9530673712486224,0.9628912319294126,0.9737856214668323,0.9740840235975508,0.9752586440578418,0.9530143424409466,0.9036406178561902,0.9577938483594715,0.9630917115193095,0.9446530462881881,0.8936931442804329,0.9690933323287377,0.9455852553558247,0.9702940376333173,0.9534403056201326,0.8018563178936564,0.8728157529452337,0.7997960894680725,0.8864482628106317,0.902482895129949,0.9067568033963304,0.8870794236751492,0.8983680063724528,0.39498158824763685,-0.5748653712867103,0.9648621267872343,0.9502437383388729,0.9503227601486979,0.9544948539980405,0.9599426016904417,0.9711225481444885,0.971193476264421,0.9239010054337299,0.9692929750633633,0.8594016894448132,0.7902272283590396,0.9385288607010744,0.937266026158764,0.8112120750881125,0.9545872024759603,0.9554302080806514,0.9016621924225877,0.9734967364592632,0.8333809194684214,0.5724715945401316,0.721787163717272,0.8576059748315004,0.8518265559172604,0.8391075363796286,0.980701114620445,0.9808873725689808,0.7804808903498542,0.7373420663075048,0.7832351141016114,0.43527393836774125,0.7822371541250377,0.7965692010812461,0.788658106911751,0.7954920900066145,0.782619753671338,0.7499769350508935,0.73268705179086,-0.297704108488166,-0.4499392483071717,0.7084358547101989,0.890594369333992,0.9222479199103447,0.9409294583783706,0.9103385698145655,0.828724069760045,0.9095881259393801,0.9271618364328394,0.9257929743886144,0.7788586392250747,-0.10336312172756353],[0.9963261056409433,0.9919006711531327,0.990318957030677,0.9967145041272314,0.9985515920206565,0.982365915123315,0.9976306277842054,1.0,0.9677628779401799,0.9999998349377955,0.9999993416648759,0.9997737836473032,0.9999970902599953,0.9999930529296054,0.9999983190340027,0.9993554976332588,0.99182743855948,0.9994833941805196,0.999911967297391,0.9999116602915367,0.9999664550126035,0.9999988148122815,0.9913817593037807,0.9769401325211694,0.9931870532865856,0.942652660378658,0.9943916635765667,0.9914441281920212,0.9775346910508824,0.9544298964420935,0.988044990297862,0.9939314336078562,0.9924981885598559,0.9734395959790438,0.9994827086962584,0.9995887523055049,0.9996879556734334,0.9997536524078133,0.9992811769324799,0.9995276348869053,0.9982953607878127,0.998890605603578,0.9995547531030239,0.9994258121370923,0.9819289740586223,0.9375148323095017,0.9523098888551526,0.9560921097558729,0.9400375993823326,0.8992312498475131,0.9567210017587852,0.9438803920350415,0.9587471788172274,0.9587957722196172,0.9488122139802989,0.9803161733057015,0.979347102195793,0.9912153369775595,0.9968931215117135,0.9486646496760535,0.9597264883176245,0.9684834749210326,0.9716730474339136,0.9703028777617045,0.9515583076786809,0.898114339711674,0.9539848730875665,0.9573642018499633,0.9399177116792091,0.884270073123745,0.9669496499934889,0.9402739225460117,0.9656258592287956,0.9493495816491917,0.7914414293570123,0.8664330131015788,0.795934625640324,0.8800314544202269,0.8964557966348511,0.9031537473892297,0.8832664034158036,0.8925122048946056,0.3794850913482984,-0.5782260000066513,0.9615857226400031,0.9454257340379815,0.9456580562859379,0.9527594978800885,0.9565040150022852,0.9679188293827372,0.967978212119036,0.9207125834043268,0.963587859078481,0.8508373845159839,0.7877464561027925,0.9505449091919449,0.9473195582930668,0.8085925934216611,0.954543862031228,0.955531722647362,0.8991639882190364,0.9771667969037424,0.8358705457019756,0.5581009172883876,0.7133639270874093,0.8582352768407667,0.8485846777393671,0.8408664973888237,0.9829518827595772,0.9831369234161119,0.7718861428839773,0.7302577765294638,0.7841594708597889,0.4239016377714954,0.7771428569865265,0.7919140509591975,0.7887335843271001,0.789884889199629,0.776885402661758,0.7444144836183428,0.7265994317099674,-0.31276204070219626,-0.4638980713284173,0.6965098873558332,0.8833953714351214,0.9195736513982511,0.9335180323780234,0.9047630347060226,0.8184044952944508,0.9032343233948879,0.9208909235485008,0.9197730520926228,0.7606890276699456,-0.08657692924097787],[0.9710402754756016,0.9873092255704187,0.991317739982962,0.9731039583218433,0.9846405691268281,0.9932092332572509,0.9571563027943598,0.9677628779401799,1.0,0.9827744976810946,0.9873408314469029,0.9897803637064505,0.9713851585722197,0.9796866555163822,0.9762669161288823,0.9742734974920944,0.9502015660446922,0.9791379219243038,0.9769527226003311,0.9768910879246803,0.9812805320574963,0.9760994741058899,0.993877578278787,0.9933139494858546,0.9803257202462062,0.9898777924746127,0.9834701428352864,0.9906320381171133,0.9907637136006059,0.9697926691626608,0.9275667317419274,0.9491735998809088,0.9662423308979006,0.9524460721918685,0.9706937733741625,0.9791804001670845,0.9757686113394424,0.9781250204954354,0.9882768516584685,0.9803400908848435,0.9669166672286871,0.9764277110772135,0.9715611336012208,0.9705217766519095,0.9990361955677688,0.9014238338409944,0.9236822466111035,0.9511237860914454,0.9407507849191229,0.8782447554724176,0.8865635371537548,0.8865179131936365,0.8905786489507146,0.9167796079695371,0.8966009393453508,0.9295465260008916,0.9462712074314213,0.9515863173379906,0.961109689031396,0.9072974783571544,0.9690785766545676,0.9487056307328019,0.9679242695626309,0.948702464445008,0.9061242964205298,0.9192579707625227,0.9463513057946371,0.9203612519454739,0.8852488541761219,0.8880412330938844,0.9694574570937801,0.9242072937100555,0.9464437109716386,0.9099333848337453,0.8350675738078213,0.8600402107065137,0.7429659647588909,0.8781392791624804,0.8869242149385493,0.9003279080805043,0.8495842003252803,0.8680270588637706,0.4310868876519993,-0.5081272755646113,0.9597540420184965,0.9546263077462912,0.9522624294848502,0.9055868016828105,0.9505789613690087,0.9580060695316952,0.9574739568918256,0.9394761182712841,0.9436254790814079,0.8795400881027718,0.7942481186616134,0.9427963750463286,0.9629340208613028,0.8141958545588861,0.9374898072519762,0.9390116555107915,0.8537951659037541,0.9685723370704776,0.7421836545740563,0.44648251336433614,0.6555044587392426,0.7752621081397806,0.7778223789961598,0.7534535727268897,0.967921186197013,0.9678703911148523,0.7022697955728076,0.6938073066396027,0.6766931724257084,0.4187368207842308,0.6921610741033906,0.6945888120725522,0.6757280063397657,0.6947510688074121,0.7517971899777937,0.6872245133403884,0.6720606050630602,-0.35273115853905546,-0.4894468912700034,0.7070971516144762,0.8382993130676937,0.8310182477158742,0.8615882048306416,0.8570087108610109,0.7553719854198773,0.8141804602377725,0.8368445331118987,0.830711629107815,0.7073259233361506,-0.02247857108509145],[0.9965269588166706,0.9919083413824776,0.9929322506066772,0.9969604613521894,0.9985503041822413,0.981734034007139,0.9996295162377051,0.9999998349377955,0.9827744976810946,1.0,0.9999991531672279,0.9997782880950058,0.9999985329718994,0.9999919705777821,0.9999978574341194,0.9996967530701607,0.997942807442169,0.9994818646527235,0.9998882229142817,0.9998881980853082,0.9999783736692948,0.9999993471559703,0.9939121116602971,0.9786543305360548,0.9963591885878154,0.974738977212256,0.996444343782633,0.9914452022388297,0.981867762417516,0.9557658235964045,0.9898616441033715,0.9938647881405114,0.9902087097710615,0.9702902215772943,0.9995177730889583,0.999582658968311,0.9995957811833966,0.9998399392030461,0.9992929858434553,0.9995350459843814,0.9985265555080877,0.9989358295300218,0.9995244857613732,0.999520012193204,0.9863340982839072,0.9374584284209806,0.9523416716945848,0.9560736886579946,0.940108039731572,0.8993461824332486,0.9484861326194104,0.9394387926490195,0.9521264439097696,0.9571147467192733,0.9470563067612953,0.979555114930922,0.9793799098255266,0.9917739341505171,0.9967289869494876,0.9731449003704007,0.9596751170916052,0.9722811535827988,0.9716387962081559,0.9728167407263817,0.9726039428517519,0.9335526003822139,0.9539478965083048,0.9513847601744064,0.9511032242091892,0.9029771176778114,0.9668865707580152,0.9657499447974723,0.971557617220404,0.9706343588429173,0.9257171087710458,0.8664612045583759,0.8278789893870218,0.8798831767718919,0.9151535448643896,0.903678317870335,0.9089869482310751,0.9082296785058707,0.7353649846800852,-0.580763777695695,0.9615534804087943,0.945407723099275,0.9456533624142212,0.974158317448202,0.9518381881945119,0.9676039848982929,0.967259557888202,0.9213627049633512,0.9690520460721116,0.9234405898906473,0.7877457414073697,0.9503477848395392,0.9586031979622753,0.7937486468943233,0.9486396333448417,0.9498019103272233,0.8992362575977181,0.9764168979533847,0.899692609317919,0.4558753438913851,0.6911109116432129,0.9055087938580717,0.8592465307549318,0.9015252728585134,0.9829184963452839,0.9831254491540996,0.7719547572626565,0.7300938438459923,0.7751156277280852,0.42400884235883907,0.733466705762361,0.7796868005714805,0.7752743514809697,0.7431499225529903,0.7767053927945466,0.7444067502768876,0.7265832710787875,-0.5280468635861273,-0.611407008997999,0.6963655036711225,0.8834858342050865,0.9200042677026438,0.9381411509613679,0.90487431639043,0.8152880334877655,0.9004391285296223,0.913922226292509,0.9134071627280259,0.8056611410553354,0.14018067940941253],[0.9946673026849413,0.9919346187280109,0.9968688166506905,0.9953391547459168,0.998154270411495,0.9777534119258401,0.9995971182083427,0.9999993416648759,0.9873408314469029,0.9999991531672279,1.0,0.9997775635535665,0.9999963960783174,0.9999949784586256,0.9999983837695062,0.9996827515869295,0.9976587752703978,0.9992388155641845,0.9997945773697633,0.9997946056756795,0.9999984574441954,0.9999984154171996,0.9933101451399794,0.9748511142000392,0.9954576812545731,0.9828007734548644,0.9960316793741185,0.9914577253647332,0.9840990665974957,0.9487810324751553,0.9892122927782635,0.9934557898757745,0.9842693561478149,0.9466519197658344,0.9993129807393962,0.9993663834466946,0.999309357059398,0.9998989095446992,0.9992771900955781,0.9993193086000123,0.9980190547146334,0.9985668510847925,0.999289027518151,0.9992868478664386,0.9886978868044762,0.9371841424840972,0.9209719493612035,0.9560323427348631,0.94003546927512,0.8990659509646638,0.9198522415000657,0.910742730969909,0.924108661250596,0.932583236835465,0.9183405770879199,0.9724191953508168,0.9723963831066924,0.9908045422978495,0.9953410273216929,0.9653643324402338,0.9598081553923701,0.9599062837461525,0.9625344448420369,0.9611666732825338,0.9609012928455747,0.9096845908660101,0.9436252144668482,0.9173406540431626,0.916870114486972,0.8359377506469512,0.9649244287191757,0.9701543215683153,0.9667638243141334,0.9656645208931258,0.9184645044873312,0.8041656136233138,0.7686302876722534,0.8447976747365309,0.8959813439045156,0.8663180128524539,0.8810987623605634,0.879848534069004,0.7373793552065069,-0.3814168007539358,0.9491937995777171,0.9455586720153311,0.9457643392694606,0.9664458566415567,0.9382529112162028,0.9517725008894145,0.9511019991797662,0.8943530570559091,0.9543272399540248,0.8984864119172723,0.7879094856676351,0.9506477286983053,0.962734275003032,0.6922660618210041,0.910365749716343,0.912926671326576,0.8575820088088176,0.9855099431588875,0.845485313857588,0.11326390287541752,0.5450935151935321,0.857466817600543,0.8253227874715398,0.8523527031972932,0.9862426614808066,0.9862624714316948,0.5386519825893906,0.6462687672885943,0.5458476589005193,0.4239502815613362,0.5139177431258068,0.556213748761483,0.5468647563555926,0.48520245846717686,0.7658658377956498,0.6154661985944193,0.5773497313908895,-0.48891745624602523,-0.5475657716773145,0.6958327879229527,0.8637041549697084,0.8761173647793418,0.9091974137624683,0.8987051340696074,0.6860149864299396,0.8517360938312045,0.8693466838674628,0.8686683339788314,0.6213518253262249,0.09121742551050736],[0.9939586474295564,0.9932930918493349,0.9960453529074529,0.994833298824186,0.9980818996960189,0.9768253830404686,0.9996250289171664,0.9997737836473032,0.9897803637064505,0.9997782880950058,0.9997775635535665,1.0,0.9997911679045671,0.9997773500134657,0.999783000542742,0.9996823369938366,0.9982793147747753,0.9994297878000469,0.999971623814361,0.9999713719280738,0.9997822434482283,0.9997872898567715,0.9929601376307908,0.9719980798087959,0.9943484375630539,0.9836402052770545,0.9951091846419958,0.9938191471326167,0.980524430165101,0.9307726228719815,0.991832368017149,0.9945113545034622,0.9800228840801755,0.9290661460070252,0.9994437204156111,0.9994889158794532,0.9994518895088633,0.9996070382521537,0.999629913021372,0.9994672747686837,0.9979092687305204,0.9986015726186781,0.9994312020397758,0.9994281585637386,0.9900411115410341,0.9329321456148633,0.9084762695814084,0.9530985478954964,0.9387001449783008,0.8989892903529776,0.8869805647062681,0.9231313582927398,0.8903491326041314,0.9106479164580327,0.8853510375421553,0.9609780107503898,0.9609641228295086,0.982286734478581,0.9949045654748231,0.9640206411672604,0.9642902084584644,0.9550004377742841,0.9601496620868034,0.9573494635212032,0.9571429696494315,0.9094034289961423,0.9342065003523379,0.9013053959882625,0.9010541742766396,0.8195958991910169,0.9639143467695812,0.9658762062388353,0.9658998413463138,0.9652434194352452,0.9252050428982745,0.7583415321993057,0.7205489720104593,0.8129789164804202,0.875332155155081,0.8329134906622137,0.8549182764151257,0.8541286492921035,0.7198923382602923,-0.25860674072995077,0.9431700000969048,0.9477094543111731,0.9427707909175039,0.9647183775375641,0.9379636227296325,0.9465148976125465,0.9456288984684521,0.8922483025375846,0.9486700658574968,0.8951620040108341,0.7433429089968685,0.9482495577967658,0.9422915092145394,0.573317751890757,0.8583692934169718,0.8626606829761563,0.7583327601356294,0.9796458961989614,0.7349555037299528,-0.25457015123070503,0.2875586467765354,0.7582169333974764,0.7146912049155121,0.7520723836345364,0.9807577332134609,0.9808504872195236,0.23725296762600478,0.395005096679476,0.24280497453065003,0.21478289217344182,0.23466087780164105,0.24997590803259784,0.24762367071793534,0.16430706270391118,0.5747285940482398,0.3112823430742933,0.2595533343962975,-0.5015959785448866,-0.5492317269423167,0.6962259652503346,0.7642808124903405,0.7874981012910158,0.8516706890005825,0.8308520162837858,0.5910773236717048,0.7725514726488414,0.7823111364636246,0.7813034754623317,0.4430100998339542,0.28028965536056266],[0.9964224619959137,0.9920004232470636,0.9901699392575962,0.9967940722516616,0.998568663628388,0.9821913377930773,0.9984971495657292,0.9999970902599953,0.9713851585722197,0.9999985329718994,0.9999963960783174,0.9997911679045671,1.0,0.9999914592427449,0.9999976893329077,0.9994010580118262,0.993444995587337,0.9995215831234482,0.9999213246701277,0.9999211820959901,0.9999733144761017,0.9999989856643671,0.9912620318640748,0.9767465583365889,0.9938333950486902,0.9475389515268802,0.9943437274962931,0.9915512300529826,0.9773362203113416,0.954374464191644,0.9889545677913164,0.994016335808037,0.9925802821903909,0.9735639884079683,0.9995254379533801,0.9996275056658568,0.9997178266857667,0.9997523765319773,0.9993369155278305,0.999567535986133,0.9983801435314658,0.998955487522048,0.9995972985228662,0.9994691484978026,0.9816824591117842,0.937768395408276,0.9524701606453537,0.9560106573791216,0.9400983442002373,0.899812376947653,0.9570778523419351,0.9442664399659455,0.9591066882188984,0.9591241078834176,0.9492033093494214,0.9805692830798896,0.9795323219837081,0.991349172298349,0.9969767356053898,0.948910253315581,0.9597342352268641,0.968656261538173,0.9717111349279821,0.9704742304030224,0.9517570403020787,0.8980514601269597,0.9541112748097075,0.9576543929206077,0.940262144165096,0.884413040602734,0.9669459046328382,0.9404036343068951,0.9657668497017066,0.9495776427746945,0.7913401500496922,0.8666762217304692,0.7963661015698129,0.8802603935975951,0.8966549597688301,0.903266694879921,0.8835706941153868,0.8928077444978696,0.3795793333583386,-0.5783195086772454,0.9616590166552299,0.9455252004332538,0.9457538609409761,0.9529581786325633,0.9565784194213806,0.9680131016711787,0.9680745105526906,0.9206703968659633,0.9637801638704652,0.8508145216676899,0.7877938755057243,0.9500017183691486,0.9468221239195344,0.8086096814694365,0.9545438493296463,0.9555235560796006,0.8995060944659723,0.9770284288334905,0.8363711770923831,0.559211620477363,0.7140105588757552,0.858720138131339,0.8491190554862815,0.8413586535361478,0.9828922262895511,0.9830777703177007,0.772495845667555,0.7307540538665687,0.7847796191591856,0.42450600509727404,0.7778094800287341,0.7926105944747358,0.7893683659804518,0.7905961637391006,0.7772186249034453,0.7448661753778666,0.7270655876621439,-0.3118523907512186,-0.46309575239827444,0.6968970268330194,0.8839184721603528,0.9200587811104639,0.9340582282628953,0.9052498566162221,0.8189696247289147,0.9038242933468011,0.9214836160257429,0.920356336270545,0.7613728512474661,-0.0876228671677214],[0.9964543130703447,0.9919033125703611,0.9922613526577465,0.9969105556974134,0.9985815966035364,0.9826378103505613,0.9994964174772478,0.9999930529296054,0.9796866555163822,0.9999919705777821,0.9999949784586256,0.9997773500134657,0.9999914592427449,1.0,0.9999952778947004,0.9995856870062155,0.9978997938904807,0.9994815706497941,0.999907139952294,0.9999061673686453,0.9999557966805945,0.9999917843776138,0.9931482500274044,0.977150328586344,0.9960805574397109,0.968795578069171,0.9958705184282174,0.9914282755819305,0.9777887252851024,0.9545700565722113,0.9893457811961557,0.9940885421261074,0.9918959687410671,0.9731445927947976,0.999506218579828,0.9995817608980718,0.9996392842936213,0.9998924380342593,0.9993028467999602,0.9995179432821393,0.9982553903398187,0.9988808285425813,0.9995265598125856,0.9995199294908883,0.9842108909530151,0.9376065067038043,0.9522531950083469,0.956037583482563,0.9400781833907828,0.8993408664199367,0.9521549906462898,0.9375503110132858,0.9544615676592726,0.9585287723192353,0.9484921460595599,0.979154466370463,0.9792180292170001,0.9906634848870732,0.9969718647926475,0.9740268475531038,0.9594282584315734,0.9735346798478665,0.9716517200566873,0.9744792346392859,0.9742620552923417,0.942704093792665,0.9536918484541371,0.9564606780010506,0.956168805956049,0.919629954877064,0.9669143728220022,0.968682890874138,0.9735104591467172,0.9725044650021475,0.9341195985299339,0.8662262243826043,0.8331590274084282,0.8797148264592948,0.9069568298504391,0.9030205468044651,0.9037407018372179,0.9026724669973593,0.713462602065611,-0.5784168656444709,0.9615793920272615,0.9452679385450022,0.9453927987627806,0.9750566061691,0.9565838514774081,0.9679235830500029,0.9680026799302963,0.9207159549325837,0.9693444522695349,0.9319073850079169,0.7876768239774086,0.9501369030231357,0.9517504368062109,0.8079791119908869,0.9544212037423546,0.9553710778897012,0.8991118638599406,0.97737276871362,0.8861021996203282,0.5583261551087778,0.712918422521415,0.8939627184788856,0.8624447364453947,0.8850119735546915,0.9831571317793097,0.9833612646317378,0.7711020377393645,0.7296059973745731,0.8045034403391165,0.42403493592064795,0.7843689823538357,0.8088749545391365,0.8034104353344662,0.7908615006573604,0.7768059732751389,0.7431530511677545,0.7253725486629897,-0.40180797465721,-0.5240802206570943,0.6958359119887735,0.8834839548679834,0.9164761351946816,0.9295909219677261,0.9052007440538115,0.8175332221218607,0.8919222306543643,0.9096414584023021,0.9092398044262838,0.8408459751741731,-0.05410515244910592],[0.9963681485962831,0.9919593274463608,0.9903725428250661,0.9967560589820437,0.9985827916322746,0.9824333586789712,0.9992272110491882,0.9999983190340027,0.9762669161288823,0.9999978574341194,0.9999983837695062,0.999783000542742,0.9999976893329077,0.9999952778947004,1.0,0.9994875314050351,0.9972031781608084,0.9994983438992415,0.9999146531573491,0.9999140542181562,0.9999673643336536,0.999997700000439,0.991424660872076,0.9770021854624449,0.9954516151895966,0.9605348279863631,0.9952574864575563,0.9915101853178278,0.9775871106171953,0.9545900615715943,0.9914225210704954,0.9942753120940675,0.9924500580395073,0.9733570721554503,0.9994936439175672,0.9995897287839781,0.9996946729228843,0.999768250330332,0.9993065249693512,0.9995249462236584,0.9983189533912862,0.9989057561579365,0.9995640947978073,0.9994376904172748,0.9819297458786804,0.937581895082125,0.952328239934285,0.9560682693598184,0.9400933235008659,0.8994832925478213,0.9567958125531817,0.944005878837405,0.9588521861135564,0.958749001431793,0.9487319581222884,0.9803391362839893,0.9792943440513943,0.9911871974268912,0.9968584705846896,0.9489404559789061,0.9597788435230146,0.9686396572431615,0.9717540196575138,0.9704458916846844,0.9513808537362152,0.8983128381744043,0.9539105973486453,0.9574265120174237,0.9401155073593559,0.8843965759379391,0.9670860204683027,0.9405953083370825,0.9658161206878043,0.9496390332460423,0.7917624668338001,0.8664425368839357,0.7961816309129507,0.8800801956053816,0.8966159510350414,0.903165571599348,0.8834103937749488,0.892671238327095,0.37982698244513313,-0.5779273122402627,0.9616738353370852,0.9455166945772591,0.9457453767725775,0.9516254248744258,0.956669922784257,0.9680007246505266,0.9680571519592652,0.9208978057235343,0.9637450432584438,0.8510832898717055,0.7877619168986195,0.9502850060101126,0.9472308544371956,0.8086039433522078,0.9544788839091568,0.9554705318837968,0.8989874362760493,0.9771829914388628,0.8358973639996787,0.5579234021292065,0.7132527625895094,0.858240633151169,0.8487002748377698,0.8408899196311539,0.9829875300106928,0.9831697086307171,0.7715125442861659,0.7299392018012086,0.7841372050287856,0.4241336709375675,0.7771193435833742,0.7918343115867935,0.7888817479000578,0.7897866960192458,0.7768099240883553,0.7437066578926123,0.7259252189503339,-0.3125815121610007,-0.46371355868680186,0.6967129915454419,0.8833057826534064,0.9196898617066264,0.9335537377204337,0.9048049218042215,0.8182049788381772,0.9034264239420747,0.9209209299508795,0.919917360285798,0.760776463381168,-0.08683591451431585],[0.9977381200565049,0.9939953319870934,0.9898322055565026,0.9979857936503291,0.9990604132086128,0.9820048515712222,0.9998938610227738,0.9993554976332588,0.9742734974920944,0.9996967530701607,0.9996827515869295,0.9996823369938366,0.9994010580118262,0.9995856870062155,0.9994875314050351,1.0,0.9984761072290651,0.9998581020679359,0.9995711652668656,0.9995757016744647,0.999780491370404,0.9995583625190393,0.9910671729038095,0.975961928028381,0.9941567221448933,0.9533290334321074,0.9938202871263002,0.9928805335605796,0.9758215428253048,0.9551264250855289,0.9918239650061694,0.9927516115224618,0.9932992732655924,0.9753975916873225,0.9992973203938047,0.9997428450115098,0.9997296124841083,0.9995898662847558,0.9996280762336918,0.999700063256551,0.9988836085817561,0.9996032055181759,0.9995262217651693,0.99929534486088,0.9805666114084359,0.9362705893691095,0.9543530942588713,0.9534518384087797,0.9410899244970093,0.9058252158609285,0.9587814659630679,0.9483721199048054,0.9611165874168046,0.9627072178598549,0.9527757066545899,0.9822527633707121,0.9812536935354612,0.9921046886914902,0.996399219131601,0.9533581816990446,0.9633365780335829,0.9733848549787234,0.9742502288901458,0.9749368983628774,0.9541409839477021,0.9035293945512308,0.9572431830164071,0.9624915647934909,0.9448896957994594,0.8922879609930858,0.9695392930164983,0.9454039496290016,0.970044473133326,0.9538861950342297,0.7999724086392695,0.8717709697043768,0.8005375288527146,0.8853627314723809,0.9015142776154185,0.9058816418517149,0.887099760859441,0.8977751517461153,0.3912508668932058,-0.574746061125883,0.9648830565016917,0.9502499277379686,0.9503096379898786,0.955608740168586,0.96034532631458,0.9710646879236046,0.9711251535172504,0.924810869873141,0.968752121430928,0.8583441047803085,0.7895493656119175,0.9416949618812378,0.9396776632660649,0.8110424328382002,0.9545398640192426,0.9553729491848563,0.8991483262439107,0.9738764123401913,0.8351778178265348,0.5676460596950157,0.7182876183052799,0.85829041829