var element=document.getElementById("correlationAdjClose");if(element.style.display!='none'){var correlationAdjClose={"data":[{"type":"heatmap","z":[[1.0,0.9999952845983943,0.9873233142134529,0.9999403606196947,0.9992241288368923,0.9817929702288185,0.9978904792067954,0.9965876306050551,0.9719972914225714,0.9966958076351567,0.9949494605342498,0.9941789534634801,0.9966656631852859,0.9966911532246746,0.9966270665486127,0.9978645079251753,0.9982390909640247,0.9983367120904008,0.9970552158417195,0.9970640817913732,0.9969715618296535,0.9966421280935079,0.9891148543138688,0.9739334494310115,0.9915875343610551,0.95840689650138,0.9908061625675294,0.9894293031777022,0.9707868894229437,0.9549510117517923,0.9913108035361549,0.9931693335015052,0.9930383223310453,0.9808150135182713,0.9978028252023886,0.9978501158209467,0.9977100630577538,0.9967705019844386,0.9956607184587438,0.9977631561596848,0.9986266682200023,0.9986555024189191,0.9978123703741233,0.9978202490367675,0.9784816186642078,0.9370282172104661,0.9598053269340298,0.955217550262748,0.9541296063858721,0.9351911908452502,0.9659806338573368,0.9550487635561716,0.9679134860232483,0.9720271444883136,0.9606690978406807,0.9850401556185299,0.9834574432045552,0.9916019550008635,0.9936273307794605,0.9888057031322142,0.9849358390985061,0.9885332282848894,0.9880645470792637,0.9890760952299322,0.9889884631831924,0.9521263145962615,0.9788746503685172,0.9765201530352691,0.976365361242804,0.9337198521713858,0.98447494417497,0.9810843797421884,0.987510410752932,0.9869389798984807,0.9459094717593338,0.9088385784418868,0.8829766384838843,0.9226340496318859,0.9370094894508924,0.9356098805516878,0.9354062392356239,0.9343316539347736,0.7607354914118514,-0.5058968554421037,0.9818357117360315,0.9781684224452167,0.9759214315168618,0.9893547330430181,0.974518289363206,0.9851151251653878,0.9851182794552713,0.9429111132619407,0.9861413718101434,0.9451752907652399,0.8275827638959681,0.9299079097686129,0.9419303584059789,0.8440554392219585,0.9600408585432072,0.9606879859544474,0.9043982119681351,0.9708016410392795,0.8940419168288983,0.5533720459370874,0.737191874893766,0.9016523192485404,0.8752674653409518,0.8932423637984332,0.9774587790866338,0.9775897077108189,0.7933076396090459,0.767680531394676,0.8240225094238031,0.4936577895243159,0.8115542892832579,0.8280246219535238,0.8231256997133517,0.8174825415320107,0.8056363716311998,0.758621359563355,0.7443902468577148,-0.31063995173228187,-0.45075541980025063,0.7645952375081417,0.8947760024402545,0.9279708764872988,0.9422250843729939,0.9072290545677989,0.8387049785194693,0.9111768606507417,0.9222052302089958,0.9220348706914581,0.8616488933009223,-0.10812579684106013],[0.9999952845983943,1.0,0.9917509786872118,0.9998804184908057,0.9983509890268676,0.9895654898464451,0.9943764623719359,0.9925419034837095,0.9892013046278597,0.9925428991661742,0.9925783729023255,0.9935961499440525,0.9926097949132614,0.9925324599645526,0.99258764783908,0.9944693352769143,0.9964706174830745,0.9959367014864555,0.9941397315063174,0.9941472041484346,0.9925760597046339,0.9926179642587533,0.9935130217421224,0.9802576073213425,0.9900832226726576,0.9827689395409055,0.990181802614882,0.989368739384471,0.9823042419351826,0.9438359365790816,0.9895146123080326,0.988045077812066,0.9844233168806471,0.9507218741176672,0.9952779756552884,0.9952502161542578,0.9954899815439391,0.992871072701698,0.9951514615558995,0.9955112489653314,0.9966903174503711,0.9968812200088962,0.9954945244382625,0.9955048291401987,0.9924695058784986,0.9366531665987754,0.9184076106674366,0.9549874915054157,0.9540358133865631,0.9351762856395462,0.910543580158148,0.942937090490425,0.9121688626119071,0.9382849265322918,0.9107141515080255,0.964384225630103,0.9643794757363687,0.9776670830157671,0.9852979605662047,0.9862506721001366,0.987237336346331,0.9811174803968937,0.9849355837888124,0.9821470264199179,0.9820549243713758,0.9475225001235511,0.9689934254851555,0.9380833651747948,0.93785876100729,0.8749666595558041,0.9848229740787414,0.9857992834562199,0.985947281591674,0.9856393840779419,0.9625061576600835,0.8427224113269437,0.8174233311399128,0.8823952750290315,0.928150969140381,0.8969784670052484,0.912951634457572,0.9121520954010439,0.8182590690126942,-0.012558939493170343,0.9749926722075565,0.9768251903822419,0.9747289617382096,0.9865730225999336,0.9707489072024368,0.9769381702297654,0.9764233823541086,0.9385089212775449,0.9779286071494144,0.939772587228127,0.7786846557874745,0.9295491776342918,0.930974181695505,0.6481703146232336,0.8787655143014703,0.8820512206912859,0.782306859230747,0.970264978483937,0.7579142144378321,-0.33911171696690956,0.294339163372027,0.782311795965001,0.7356133022014836,0.7753986438133932,0.9717428717284396,0.9717594729518122,0.2633033382121869,0.43491920228673325,0.27107215017867314,0.24225044323209746,0.26363553857172983,0.27553015832839767,0.27251187468710913,0.19263020820328997,0.6055467067448761,0.34007987026092606,0.29028179873966864,-0.4385360439288971,-0.48955697557186195,0.7638263048039949,0.7832703324408691,0.8043706522252746,0.870921308562455,0.8379892011546088,0.6555847482485523,0.807252908993679,0.8005037587353931,0.7996098156808092,0.4863019437889352,0.27831087125593107],[0.9873233142134529,0.9917509786872118,1.0,0.9884788760548078,0.9936273035481445,0.991184834115292,0.9891601533143499,0.9900213244437068,0.9916392617477257,0.9925817567849887,0.9964848993246785,0.9957640206491583,0.9898599955424962,0.9918447885145649,0.9900729752561913,0.9896370737007689,0.9908515905063909,0.9898507875674626,0.988686404832047,0.9886516225095234,0.9915020281776745,0.9898924457209999,0.995611136773385,0.9864124697157437,0.991617296962008,0.9811971994262729,0.9922719646608039,0.9899134167525427,0.9875548545522003,0.9631084834365863,0.9677935381975333,0.9723371598664169,0.9774639581392326,0.9600302938056973,0.9866131908964463,0.9897717999793284,0.9881679488159505,0.9916256164032593,0.9947825005042991,0.9906442014907902,0.9848702368962747,0.9879673334022372,0.9870502017627425,0.9864336955946683,0.9930903213650455,0.9333569162069496,0.945915959604784,0.961377952572482,0.9482178285428418,0.9043254373807649,0.9248264042150777,0.913376588619525,0.9277922361979906,0.9397499990825908,0.9224255420665552,0.9515972319809289,0.9622726937450117,0.9694796856941834,0.9758573134752521,0.9490369264513766,0.9720886487918441,0.9708555182904969,0.9765479631043835,0.971056403993518,0.9490387170923856,0.9318246302721295,0.9583279672204779,0.9490648322681158,0.9331648141553989,0.9042124522818553,0.9770472920129052,0.9582719230712266,0.9696421993518352,0.9504842922502542,0.8648020607219218,0.8829624873884915,0.8073111024428677,0.8976021282697574,0.9156298253506865,0.9182616386274917,0.8865447522703911,0.9003696489379484,0.5070250019080405,-0.4855397703143197,0.9684961689113208,0.9587456670741865,0.9580551564918453,0.9488797254143723,0.9632287300571573,0.9707091502749795,0.9703912156726525,0.9388741013824546,0.9669285112891851,0.9015192965040992,0.8144525747251172,0.9600368554400676,0.9603007105517021,0.8302818604349846,0.9486386434550704,0.950048126186939,0.8776720141650359,0.9807620356207637,0.7743735250297691,0.4583420839600603,0.6842865943830976,0.7985223833280334,0.8038417917798647,0.7793619377984331,0.9822491994978209,0.9822430814974031,0.7278761435512093,0.721222219354426,0.709498459694509,0.4489873702663444,0.715882108058148,0.717320115623757,0.721953930895618,0.7184621561140446,0.7727578160269091,0.6988589344708459,0.6838503991195546,-0.3636693642120438,-0.503601193956637,0.7402039516235631,0.8600393442482769,0.8746532886436789,0.8897668490422281,0.8815768048134243,0.7776396587588524,0.8594700928858889,0.8657713916487054,0.8716246085623479,0.7427498337259192,-0.03256864916564837],[0.9999403606196947,0.9998804184908057,0.9884788760548078,1.0,0.9994241051964897,0.9827767485568037,0.9980763258761556,0.9969256133272024,0.9738586152062813,0.997082689847989,0.9955648215826858,0.9949585599955512,0.9969882168264199,0.9970961852928496,0.9969647284019701,0.9980782621361062,0.9985143136821651,0.9985456040433318,0.9973474755363179,0.9973545777209789,0.9972979738000111,0.9969690256175568,0.9901302181786509,0.9751375388967536,0.9923967355114166,0.9605900736695868,0.9917056436300908,0.9908256003112623,0.9724931456554586,0.9559867336511344,0.9906808815724313,0.9926960031693968,0.9929558622489824,0.9804590379933414,0.9978480563158142,0.9980122968543764,0.9978803512402039,0.9971410225986691,0.9961039900277591,0.9979588025430584,0.9985192924867412,0.998715147983506,0.9978549777720248,0.9978605251695595,0.9800252145072728,0.9343174395852085,0.9580527218697437,0.9548569117195846,0.9521588183761314,0.9304138928648309,0.9633518833870872,0.9521086251653526,0.9652076201640238,0.9699657831863855,0.9583014622551359,0.9831601058812947,0.9821954195479834,0.9908267483797398,0.9933995802835596,0.9876725637521433,0.9839904636683497,0.9875819740404009,0.9875686748653061,0.9880598560238587,0.9879648162030402,0.9452629487518671,0.9778622726308048,0.97545147440734,0.9752903737865544,0.9302668213997565,0.9840786140890037,0.9788538743815356,0.9863734394196417,0.9857731469834997,0.9309767221800695,0.9077249467417163,0.8801087714085201,0.9213088864284353,0.9348107728618357,0.9352593201610044,0.9334929411780007,0.9324496293012303,0.6869587648308018,-0.5053068070412441,0.981162822217741,0.9771352739555687,0.9747016385792533,0.9882238224364346,0.9740125686278639,0.9845364881988509,0.9845375598891635,0.942643510517602,0.9850440190876107,0.9347754763991214,0.830456804359919,0.9339064632464914,0.94521178292118,0.845397144348814,0.961083522397199,0.9617521733408182,0.9040028029709596,0.9718001648046757,0.8881175345104347,0.5498719596317503,0.7355826861357522,0.8963393330175102,0.8716155381050501,0.8876591211815521,0.9781453788135667,0.9782821834985002,0.7922091855510797,0.7678483178850583,0.8162584171752572,0.4950486757559636,0.8056538265380505,0.8199944262541763,0.8150265069398058,0.8121065962832017,0.8075754917707753,0.7585390611824987,0.7443699142680222,-0.3060475182626522,-0.45003646163702477,0.7634674161471898,0.8932763891801146,0.926181348146375,0.9404720819715396,0.9062958218969546,0.8362074146908289,0.9092538600850638,0.920038739643717,0.9200172069358244,0.8550898816550533,-0.10138888258595669],[0.9992241288368923,0.9983509890268676,0.9936273035481445,0.9994241051964897,1.0,0.9846498742383869,0.9989921209618121,0.9986373456703517,0.9842474212887253,0.9986339747773857,0.9982967896428708,0.9982127841780554,0.9986466064015826,0.9986626150958073,0.9986673941936685,0.9991205455580616,0.9989417877269837,0.9992621773329772,0.9988707174031042,0.9988703631884096,0.9986971912062966,0.998649651377606,0.9949668569166358,0.9815371406992398,0.9955814908822727,0.9749408584892929,0.9955931227993329,0.9931165151332456,0.9830000142826648,0.958144372923152,0.9888804322226125,0.9916581137407743,0.9907938469153456,0.9741889352623797,0.9988355159343129,0.9989088127633411,0.9989536168224898,0.9987653544653319,0.9986825770908845,0.9989129469411594,0.9989704911189983,0.9991848723276087,0.9988735583787107,0.9988727746786499,0.9880768246878001,0.9419860119605103,0.9574793288661394,0.9589676297698926,0.9502729222667946,0.9258220665585125,0.9548521861319814,0.9510653369774944,0.9589222438038341,0.9652917915227314,0.953938052447405,0.9822870120788778,0.982211682040193,0.9913989747615083,0.9934494398179301,0.984108463083344,0.9781539080763013,0.9817218816324063,0.9839697002802013,0.9821806187470693,0.9820548287967392,0.9416633899440277,0.9704238059527811,0.9595942396680476,0.9593969252343033,0.9037507603395852,0.9812967942872692,0.9776397488607248,0.9828384610748592,0.9821289898639899,0.9434778609007659,0.8913096412661747,0.8631713552663156,0.9083722873705915,0.939320585093838,0.9276721010397475,0.9329960834105049,0.9321635976600974,0.8074774200219922,-0.4835425759047885,0.9753780040152938,0.9673168409698143,0.9659848913828145,0.9848148280989203,0.9646952159752499,0.9785667220416189,0.9783092017232587,0.9344696299260135,0.9795366851877931,0.935606159183213,0.821797218502281,0.9459891458352219,0.9622481691621673,0.8178474810350169,0.9516339217717602,0.9528210042881191,0.9003465313696323,0.9760730453388305,0.8948040324927595,0.3863869468289016,0.6876645796729413,0.9007504700267079,0.8593579503710924,0.8973444759153718,0.9815551422293094,0.9816578395809111,0.7635027127838563,0.7549244325190566,0.7672809589649312,0.47627244955514764,0.7310249349112015,0.7710705387050881,0.767215893129649,0.7337733931850015,0.7978424097403449,0.747345423668172,0.7323143833481479,-0.4965177462027312,-0.5796870221572963,0.756960993124023,0.8904857078841294,0.9173266064182353,0.9402678870046811,0.9066335157817585,0.8245601057808977,0.9067497020398839,0.9127197969575672,0.9122275678305336,0.8021612938442048,0.10859597374840532],[0.9817929702288185,0.9895654898464451,0.991184834115292,0.9827767485568037,0.9846498742383869,1.0,0.9775684249454706,0.9792249853743282,0.9941297699910456,0.9787650348499003,0.9755868495676913,0.9751852566157243,0.9790141174879321,0.9795862213419348,0.9792961859227403,0.9790182141762412,0.9831040540703586,0.9797369921792317,0.9795007209648016,0.9795126649885385,0.9781389788446312,0.9791745368009803,0.9931624970232242,0.9940265909438242,0.9825420305532997,0.9890957168951511,0.9831856770081159,0.9790282737047906,0.9890271051718511,0.9765163686488123,0.9530187266565388,0.9597250248440063,0.9712074184093467,0.964588983676517,0.9772371393415894,0.9778310729412162,0.9787113466711702,0.9799927872814452,0.9762085755226463,0.9784194924358315,0.9768116784149442,0.978740621412936,0.9776100580941215,0.9776260060637467,0.9963527047526751,0.9005162263283678,0.9363384477374554,0.9461275342642722,0.9541985778989555,0.9177783771282766,0.9167717043986217,0.9131999084609352,0.9200070484856534,0.9411014179370831,0.9188524704529587,0.9459018684745526,0.9531316556244237,0.9598925646524614,0.962741117791867,0.9738270647445766,0.9898317754169436,0.9779235314646271,0.9866843772160979,0.9775035400475525,0.9770219125586244,0.9791522974531356,0.9767353624518363,0.9613119182298604,0.960836002671066,0.953752113892975,0.9850142265348587,0.9784676067339327,0.9741490270231711,0.9731648197607531,0.9723754882927443,0.9232566590433987,0.8862729249030133,0.9363675562153759,0.9339634486932139,0.9432467497506319,0.9249666595442178,0.9230621136645432,0.8037599469747648,-0.4325239452657864,0.9859710676756653,0.9881158208097358,0.9850101358941242,0.9745774271563652,0.9802924149227644,0.9843946312851406,0.9840349404239386,0.9735357285773238,0.9749895369879079,0.9732921741655902,0.8292480474370588,0.909033100822556,0.9614889901533883,0.860393958548435,0.9468478591186231,0.9477087912774539,0.8621384924237349,0.956946039451811,0.8245869070852114,0.4603315409974169,0.6939466701756578,0.834938758813212,0.8162130612383587,0.8251580575114259,0.9558337812541503,0.955868933692892,0.7395932196215054,0.739318710397256,0.7432354917383194,0.496271436450862,0.7460309074585256,0.7481285816470743,0.741986725779069,0.7419253199430463,0.7812923852147494,0.7105240212170866,0.6994555528630778,-0.3302963906053756,-0.45938274939677676,0.7725348061224788,0.8514567664966249,0.8574863424747317,0.88182167846715,0.8590207118404665,0.7909019161468195,0.8449156016440966,0.8507864065048594,0.850790506559484,0.7984801895439304,-0.05350946428723072],[0.9978904792067954,0.9943764623719359,0.9891601533143499,0.9980763258761556,0.9989921209618121,0.9775684249454706,1.0,0.9977869956265905,0.9562355500006834,0.9996615338236194,0.9996441855957422,0.9996772706998374,0.9986118577035371,0.9995308722383894,0.9992906324391932,0.9998960705668624,0.9970161500696642,0.9999070312649044,0.9994654392335951,0.9994695813487466,0.9997506509404357,0.9994144627731238,0.9904620357553295,0.9738423260398718,0.9868807768462386,0.9257835729018383,0.9940094261110439,0.993254545717704,0.9729658908966876,0.9503253308209493,0.9914003662044285,0.9921454406472834,0.9943007275762078,0.9783575593188173,0.9991336509980978,0.9998732576313191,0.9997530834486177,0.9995257045480072,0.9998092651268247,0.9998615440284605,0.9987049844140271,0.9997679085117682,0.9994701340932067,0.9991699067763409,0.9787093705858747,0.9474239368006192,0.9594069737431914,0.9606983272652428,0.9488921267180391,0.9236009162364158,0.9605316118706528,0.9518081025589802,0.9629410312063064,0.9677027116116204,0.958317845597923,0.9831438549150775,0.9835858449473528,0.9927901047392882,0.9962929892696679,0.9571744103220783,0.9658653593197777,0.9744493171323596,0.9756878224235666,0.9758595210538838,0.9571208499434355,0.9043427268372,0.96112675155575,0.963189890187669,0.9488288837952463,0.8868732211846991,0.9719992690317326,0.9503839444789136,0.9727858410308163,0.9574531508426178,0.8214710270363933,0.8818488678223682,0.8187547677537146,0.8947367515006761,0.9116512882639294,0.9156993468530115,0.8976729254541302,0.9080683148365376,0.44987998001394675,-0.5425203276144769,0.9656670338533165,0.9531875581022337,0.9530075414075921,0.9583605881415471,0.959762708072974,0.9715626419228811,0.971652809291199,0.9214102027141491,0.9706334419351803,0.867806572736554,0.8153905831309032,0.9465581645077854,0.9428585257580228,0.8314329088215878,0.9587149393470223,0.9595094769189801,0.9051148205483055,0.975793935159081,0.8336748905314033,0.5501134697381906,0.7313650107526342,0.8588787541406513,0.8554202517084182,0.8403232876369415,0.9822157660716803,0.9823692570734962,0.7865592558315072,0.753194064607927,0.7825945416472597,0.4697711581762255,0.7869414588549287,0.7972403583624474,0.7871893479885316,0.7971166117610436,0.7962114724073013,0.7547548037368582,0.7387326676142268,-0.31703946496390356,-0.46909463973934024,0.7656773682212823,0.8961042713794904,0.9211841509439372,0.9429891807525596,0.914038333669739,0.8389894255229104,0.9114261117164408,0.926434218060312,0.9247852918561469,0.7865695770605043,-0.07640684230919007],[0.9965876306050551,0.9925419034837095,0.9900213244437068,0.9969256133272024,0.9986373456703517,0.9792249853743282,0.9977869956265905,1.0,0.9665104411400381,0.9999998460135626,0.999999404976678,0.999803748938282,0.9999971720723695,0.9999936980436915,0.999998458583107,0.9994105456308421,0.9924848140969402,0.9995342587879814,0.999918238078991,0.9999178124827299,0.9999693998874206,0.9999988741255259,0.9911188888411873,0.9757802653135302,0.9933497797303598,0.9395304285909265,0.9945134042017665,0.9919420555615444,0.9752302382660079,0.9504067599663599,0.9878001310107907,0.9937311250075612,0.9930256300993576,0.9758247679201253,0.9995057358653286,0.9996231645012271,0.9997144694173168,0.9997721291149565,0.9993862604364804,0.9995730758717288,0.9984270026176392,0.9989995462152625,0.9995811251536908,0.9994589591770924,0.9805454519702285,0.947392909267023,0.9573340135580527,0.9636024605301552,0.94873207176471,0.9161296429259063,0.9588002642879586,0.9477770605433445,0.9609111052921532,0.9630201439155174,0.9530770601071243,0.9812380970357165,0.9810591544301777,0.9918829006986518,0.9965624163962152,0.9532361780572748,0.9633568804669126,0.9700694858267512,0.9737346520065178,0.9717855192349584,0.9558987453810835,0.9004995532987417,0.9579988621795371,0.9585034547777586,0.9448131244155575,0.8799613665778321,0.9702403121264551,0.9457381654946705,0.968707720646895,0.9537790721518594,0.8128301813480898,0.8769871456257997,0.8155425729671403,0.8896839092711951,0.906605655277846,0.9128722179876929,0.89438773741358,0.9030408588751943,0.4364030957872154,-0.5448265395641847,0.9630657553447354,0.949545621422616,0.9493204843570328,0.9568088543138085,0.9572473252172586,0.9690665719765085,0.9691478339236498,0.9193873454856732,0.9658771023242745,0.8613204182202528,0.8133469273866417,0.9567079456132404,0.9520982220977334,0.8295173199082939,0.9587534117083286,0.9596748603700906,0.9026838655690363,0.9791082288856038,0.8357278155759524,0.5358069673415203,0.723348035297812,0.8591647353163173,0.852114095134454,0.8416824140258533,0.9842300865382443,0.9843855717153016,0.7783701901823649,0.7467154403240086,0.7831592722825736,0.4594877802812717,0.7818879150584904,0.7924949171034257,0.7869288190026924,0.7915033995817139,0.7909740914593757,0.7494867324630455,0.7329865855143614,-0.33137150188481096,-0.482265214266817,0.7563792430570927,0.8894834095362757,0.9184301922350808,0.9359176740596467,0.9088848104024617,0.829398805681163,0.9052772796474741,0.9202950610982167,0.9188555971915627,0.7694085672168371,-0.0600189598107891],[0.9719972914225714,0.9892013046278597,0.9916392617477257,0.9738586152062813,0.9842474212887253,0.9941297699910456,0.9562355500006834,0.9665104411400381,1.0,0.9815863392675515,0.9864974329786211,0.9890891843655004,0.9700779684827039,0.9784514217704924,0.9749292181013764,0.9732581946330534,0.9508349915627442,0.9780931556142792,0.9755420175381027,0.9755107176193972,0.9800674757257628,0.9747778545268977,0.9938845255574118,0.9941864385751019,0.9802168196225989,0.990234282937262,0.9835134109157958,0.9926518827021302,0.9917971871006038,0.9723361267124984,0.9248201447293539,0.9464678495934303,0.9650006353967168,0.9542528579014725,0.9693365842755897,0.9779960016984833,0.974501114539185,0.9768140579847857,0.9880498803072177,0.9793371362638102,0.9661360721812772,0.9757320150106903,0.9702895512239121,0.969307274405452,0.9991442099627473,0.91677515837719,0.9317714247947615,0.9617723452738441,0.9531572896276058,0.9022904460956237,0.888787060761794,0.8911411282955598,0.8930585686741519,0.924608021823364,0.902574127806447,0.9293884114839914,0.9474094414283932,0.9520926554816782,0.9579657956687719,0.9142996641905715,0.9742500504480676,0.9555677096318477,0.9721739107768396,0.955485104181085,0.9152603580432978,0.9309093943422866,0.9549412878360299,0.9322142778147895,0.8997462354370738,0.9017672390112444,0.9732521417490239,0.9312811102847395,0.9508548459292124,0.9161177571545012,0.8594218895442134,0.8836926104738502,0.7737543157079431,0.8991727721873343,0.9016030979142017,0.9144658347288874,0.8654119574490344,0.8834337025677761,0.4958270963109192,-0.4611530274089127,0.9662439053904762,0.962996674116903,0.9607026055722591,0.9119698610938936,0.9582314212192315,0.964352725189438,0.9638353065825356,0.9472005005024485,0.95110224291215,0.8985701791418403,0.8184843285302651,0.9467460346824291,0.9657898955614949,0.839379962682124,0.9408863536989066,0.9422455281894381,0.8540557621950444,0.9671703074713629,0.7388699960632505,0.41796133759454374,0.6643974089272031,0.7731304344080505,0.7787317355977529,0.7513179157533879,0.9662771864186157,0.9662591944673703,0.7074617468930976,0.7099581074100914,0.6731176962745877,0.45566232931325856,0.6956353635794855,0.6928093167526314,0.6712359953856057,0.6943611760959201,0.763606808873581,0.6894652657057324,0.6758659271700901,-0.3678029318032433,-0.503515315299847,0.7696856155988603,0.8429003076846101,0.8263917667248379,0.8633170647950449,0.8594105051191739,0.7681091215040042,0.8151962882999423,0.8331913358438343,0.8266589391413954,0.7141662520610678,0.006898681098440153],[0.9966958076351567,0.9925428991661742,0.9925817567849887,0.997082689847989,0.9986339747773857,0.9787650348499003,0.9996615338236194,0.9999998460135626,0.9815863392675515,1.0,0.9999992102286416,0.9998079098616625,0.9999986021823675,0.9999927551423885,0.9999980233324518,0.9997237220653389,0.9980695787921255,0.9995349904470145,0.9998985081344955,0.9998984365852186,0.9999804237472284,0.9999994086896877,0.9936128767488402,0.9777104154876074,0.9964560814620183,0.9701616477942115,0.9964900523853508,0.9919552649127475,0.9795714119539024,0.9519642963050291,0.989869894436036,0.9937902572844822,0.9909462844297335,0.9730403398137579,0.9995564913376992,0.999619107627169,0.9996354367349006,0.9998548570932109,0.9993961527983684,0.9995799963532431,0.9986771987422719,0.9990443897312336,0.9995682545815078,0.9995641697199537,0.9850953730222828,0.9472823916857314,0.957358509808041,0.9634927165688739,0.9486081335964407,0.91621405288917,0.9529763907953468,0.9455351600882598,0.9565070424084544,0.9615972940854562,0.9516928150977472,0.9811786353707701,0.9810905719159285,0.9925403098347962,0.9964065149916271,0.9751801392006967,0.963255221208225,0.9726336109622192,0.9736786207034872,0.9732593383870569,0.9731053237934482,0.9294814685987822,0.9579255327971946,0.9507899505013393,0.950560680052573,0.8926802270948894,0.970158259523199,0.9686021207746305,0.9740618216749195,0.9732073623918759,0.9302359629392278,0.876989776710602,0.8435073540137243,0.8895403053876138,0.9235779237332042,0.9137793606720757,0.9182900799080966,0.9176325458398639,0.7664286183104728,-0.535442953740358,0.9630202980738962,0.949513525168605,0.9493020228668804,0.9760730992292445,0.9528701555605023,0.9688162489498763,0.9685566719079349,0.9201156072068458,0.9699765570411659,0.9214988350133027,0.8133415162609233,0.9565036583175536,0.9625202591018499,0.8168772946415324,0.9536776592847074,0.9547303045595804,0.9027576723491272,0.9784435570976927,0.9029354619992471,0.4305614211867423,0.7039169541607353,0.9087917188604977,0.8672327494271864,0.9052542459808826,0.9842058153562355,0.9843771692783735,0.7784409721616579,0.7465316454423239,0.781622760338055,0.45958119607481707,0.746106478022346,0.7858028482239455,0.7815701232155658,0.7510775058792503,0.7907589704988786,0.7494518851100821,0.7329236595937377,-0.5394676718396401,-0.6227369019791072,0.7555588731618798,0.8894442612055875,0.9206899024367841,0.9421748159151511,0.9088777849277414,0.8269042784857907,0.9070627932846909,0.9154876312997027,0.9150079073340692,0.8133136979436433,0.16600610487670395],[0.9949494605342498,0.9925783729023255,0.9964848993246785,0.9955648215826858,0.9982967896428708,0.9755868495676913,0.9996441855957422,0.999999404976678,0.9864974329786211,0.9999992102286416,1.0,0.9998064428016461,0.9999966343881798,0.9999954166283916,0.9999985351892897,0.9997112610866161,0.9978828450918482,0.999332626734657,0.9998176795082258,0.9998177409197874,0.9999985549313848,0.9999985616543817,0.9932950487299609,0.9750959466888266,0.9957420833988653,0.9780475199692088,0.996215216727395,0.9919686893869698,0.9819336502751637,0.9468338460062335,0.9898116476489487,0.9937051711782093,0.9860046625399984,0.9530144088008682,0.9993938107272077,0.9994424973498304,0.9993952094458646,0.9999112100182956,0.9993830816612774,0.9994040500238174,0.998260139624825,0.9987347033939368,0.9993769126962222,0.9993750218301184,0.98781961907712,0.9470574332379069,0.931195640480134,0.9634668092725549,0.9485631001739974,0.9160077272906044,0.929964595574414,0.9223251057762983,0.9336649988936885,0.941070341848895,0.9286964772313508,0.9756868710846469,0.9756683475706819,0.9917494420482788,0.9951085387000573,0.968576348143527,0.9633955829112248,0.9612862839680305,0.9661279999887633,0.9622718758743726,0.9620559138883769,0.910204906880481,0.9487647818299161,0.9166848203636289,0.9162397583983072,0.8352099626522541,0.9688629209956303,0.9733800513266141,0.9704179564178939,0.9693946467932648,0.9263843481617849,0.8280083811218382,0.7992719415272164,0.8619379227306941,0.9093901762734152,0.8841902129303855,0.8967355394664344,0.8956828746849431,0.7751615815652217,-0.29865474573618145,0.9526690625321881,0.949679444665811,0.9494328942850595,0.9694934718257111,0.9411810182377205,0.9548319805046702,0.9542730033461931,0.8991969229717859,0.9569374668104881,0.9022866158417978,0.8134963240195913,0.956751790202144,0.9670877043725995,0.7333001474656817,0.92106249711665,0.9233067543768139,0.8638657345507557,0.9860150284324811,0.8522150182457783,0.0814981718074879,0.5660731380661551,0.8637592853850635,0.8349817978006583,0.8592119827789302,0.9867676766033708,0.9867669363712258,0.565665751198238,0.6713597493984824,0.5727444951985192,0.4595390052144666,0.5438106027992432,0.5814953262326124,0.5730790286986525,0.5129464501981253,0.7815017870792037,0.6342740169924196,0.5976774742505214,-0.4981511054026292,-0.5586087255312651,0.7551377348450986,0.8721410527078326,0.8835467561401266,0.9196528184042806,0.9033926150221835,0.7229760132014256,0.8694436443928797,0.8786398835385874,0.8780609819692354,0.6494383906895181,0.1253181942409869],[0.9941789534634801,0.9935961499440525,0.9957640206491583,0.9949585599955512,0.9982127841780554,0.9751852566157243,0.9996772706998374,0.999803748938282,0.9890891843655004,0.9998079098616625,0.9998064428016461,1.0,0.9998193959296425,0.9998070161431063,0.9998117249801411,0.9996990577143156,0.9984704893938245,0.9994999528612732,0.9999752465144146,0.9999750562057041,0.9998113652982602,0.9998155215735766,0.9931100098080143,0.9733416852460796,0.9945957333329152,0.978260884940392,0.995208084386129,0.9937248039664318,0.9781292229568209,0.9314871935431017,0.9926985069557126,0.9950346433951063,0.9827593210031995,0.9391104903940676,0.9995244263606194,0.9995622135787907,0.9995261597149492,0.9996632725894116,0.9996783262536407,0.9995387520573997,0.9981806896868106,0.9987628583269459,0.9995095433356173,0.9995067900616955,0.9892893459024255,0.9434428431931392,0.922067585897683,0.960741900129709,0.9467333604913559,0.9157417556139317,0.9035794662056572,0.9341330149952732,0.906370450707884,0.9241724390723363,0.9023140944183017,0.9661917535927043,0.9661826565150076,0.9845750802289901,0.995043744056947,0.9680621375601332,0.9678936195324689,0.9573792328119594,0.9647129277313182,0.9592659675865658,0.9590962065930734,0.9125012206872292,0.9410029742131497,0.9019694250328507,0.9016709818606293,0.8254694301063539,0.9687506790267096,0.9704144197052188,0.970398944533735,0.969776575866547,0.9344346338198233,0.7948046796756545,0.7660880787118268,0.838291877807287,0.8940862938923064,0.859396178113572,0.877466145238994,0.8768103338782802,0.7672564440793724,-0.13607913396689922,0.9479172734559739,0.9511531246147937,0.9475742257814603,0.968599930778826,0.9419229561075061,0.9506883985635578,0.9499544365175795,0.9001579944935213,0.9523327808405128,0.902142358020628,0.7779841804188896,0.9547848149657191,0.9501507417918856,0.6373382078115001,0.8787586032606701,0.8824238589700342,0.7774329478259747,0.981021673170512,0.755260446955659,-0.2801156444837632,0.32488407326027124,0.7773464238732698,0.7358399333737622,0.7713028143516337,0.982097764153618,0.9821712204669432,0.2898667073011265,0.4477100140457702,0.29606824037920165,0.2677858764925929,0.2877663977336286,0.30168581463342653,0.29923310978933726,0.21646018552065074,0.6172774606923391,0.3568625552443023,0.3056507288414282,-0.5038171739569527,-0.5537417812170028,0.754633103007035,0.786025786652629,0.8071511011457974,0.8721995474956183,0.8455089601292881,0.64310036176409,0.8035834639663024,0.8032150187035989,0.8023479985213516,0.48769722520355757,0.30859200435966766],[0.9966656631852859,0.9926097949132614,0.9898599955424962,0.9969882168264199,0.9986466064015826,0.9790141174879321,0.9986118577035371,0.9999971720723695,0.9700779684827039,0.9999986021823675,0.9999966343881798,0.9998193959296425,1.0,0.999992085427814,0.9999977225454698,0.9994512144955445,0.9939904980749507,0.9995686898618346,0.9999275618297241,0.9999273152798267,0.9999759091088379,0.9999990436164646,0.99098701376477,0.9755636090008263,0.9939928501208999,0.9443539132653781,0.9944565564965725,0.9920307555455916,0.975006846324073,0.9502957229794781,0.9887161233076145,0.9938257601285138,0.9931065459464895,0.9759368524114574,0.9995478817840739,0.9996595419518027,0.9997423602148235,0.999769372118822,0.9994330941889573,0.9996098109945857,0.9985068868958302,0.9990579515300461,0.9996223359241817,0.99950126870826,0.980282257260249,0.9475949919150058,0.9574605177486527,0.9635220005546538,0.9487480279519327,0.9165792049917247,0.9591481501031134,0.9481414348706196,0.9612592794341214,0.9633048950874906,0.9534379891293535,0.9814856369874552,0.9812323048263001,0.9920091235099905,0.9966556216186928,0.9534497719502801,0.963326538364207,0.9701830791930061,0.9737392442751556,0.9718989796824055,0.9560606020485604,0.9003437541613701,0.9580715673799954,0.9587057575662353,0.9450860125815642,0.8799501050596538,0.9702130460887707,0.9458330210486566,0.9688165379938168,0.9539793081816855,0.812663689327209,0.8771103074396236,0.8158876598848829,0.8898028437805197,0.9067415527625879,0.9129275651796154,0.894638491410315,0.9032746080640386,0.4363960272364021,-0.5450176754187702,0.9630848554218325,0.9495743577556898,0.9493495373555109,0.9569844015976372,0.9572539705075371,0.9691068771963826,0.9691902898559454,0.9192608554057263,0.9660091801040666,0.8611975640126823,0.8133695342229601,0.9562470776186134,0.9516255347742829,0.8294805907802664,0.9587460373949603,0.9596604943109568,0.9030250457427123,0.9789857964305414,0.836246035933457,0.5369418444098429,0.7239735553792386,0.8596625276748426,0.8526489772113308,0.842188813399264,0.9841823023578457,0.9843379084666797,0.7789664369715157,0.7471769168481536,0.783794799342607,0.4600223195561067,0.782548306045261,0.7931973528424641,0.7875814231232525,0.7922161177576222,0.7912895122845458,0.7499370214352075,0.7334478224421422,-0.33050284722210116,-0.48150916115887943,0.756671466529168,0.8899809570976445,0.9189293756267575,0.9364446706851599,0.9093520276705646,0.8299315835997298,0.9058620712971214,0.9208922895556055,0.9194469688034997,0.7700714461658981,-0.0610637177474639],[0.9966911532246746,0.9925324599645526,0.9918447885145649,0.9970961852928496,0.9986626150958073,0.9795862213419348,0.9995308722383894,0.9999936980436915,0.9784514217704924,0.9999927551423885,0.9999954166283916,0.9998070161431063,0.999992085427814,1.0,0.9999957185038391,0.9996243146526212,0.9980562500837943,0.9995315460192973,0.9999145013610846,0.9999135276860835,0.9999596397685621,0.9999924995554,0.9928192319625498,0.9760491036827571,0.9961578267936728,0.9644961753651078,0.9959144642307863,0.9919789705285772,0.9756670088519787,0.9508139237710584,0.9892061624670617,0.9939281617480313,0.9924292552942101,0.9754949545570984,0.9995365057356509,0.9996154692149039,0.9996698461112816,0.9999015691717771,0.9994029351200828,0.9995634102101979,0.9984119247899603,0.9989884995223901,0.9995620226523448,0.9995558410198302,0.982928556239231,0.9472554998337624,0.957209158769164,0.9633774909071828,0.9484838711684107,0.9159854911951204,0.9553894835285603,0.9425667362139387,0.9577419113127978,0.9627017167490568,0.9526797902082756,0.9803961472543228,0.9809098163108709,0.9914046072952459,0.9966383843599081,0.976151790387222,0.9629602391539194,0.9745495969424123,0.9736674962289668,0.9754797701114755,0.9753235184091397,0.9380826213898438,0.9576656623170825,0.9571684824478119,0.9569393244458307,0.909616572071211,0.970127670813637,0.9711616351522029,0.9758163464432685,0.9749054516083115,0.9371763559323638,0.8767733869199353,0.8482033811626206,0.8893923038373155,0.9158919817399749,0.9125898218360066,0.9131716061329411,0.9122332162330828,0.745074746392821,-0.546382950088309,0.9630546409150952,0.9493372709232502,0.9490169916924396,0.9770703441699193,0.9573444727591399,0.9690717420184489,0.9691730997246608,0.9195017656612521,0.9709610427750445,0.9293686437607981,0.8129606482295942,0.9562409430080665,0.9558304040882568,0.8286031537664548,0.9585830195422861,0.95945256832751,0.9026077716058339,0.979269781331939,0.8872650419318654,0.5364018063053816,0.7228179980282871,0.8952991176304921,0.8667979429903258,0.8866428244774675,0.9844083746075325,0.984577836566366,0.7775447408724018,0.7458486121625589,0.8063209780064635,0.459100881912045,0.7908834727776567,0.8105206152175062,0.8050408958771281,0.7938494568615628,0.7906190976503037,0.7481638169179513,0.7316510159497847,-0.4181011290330668,-0.5399312425403497,0.7543090056251359,0.8893380736815488,0.9158854252689463,0.9323669551997089,0.9091169853872586,0.8282316553518068,0.8960720696624807,0.9096494921978873,0.9092670386295195,0.8445023544463115,-0.028104256106464557],[0.9966270665486127,0.99258764783908,0.9900729752561913,0.9969647284019701,0.9986673941936685,0.9792961859227403,0.9992906324391932,0.999998458583107,0.9749292181013764,0.9999980233324518,0.9999985351892897,0.9998117249801411,0.9999977225454698,0.9999957185038391,1.0,0.9995320870851864,0.9974236105886027,0.999547710564547,0.9999204888844181,0.9999197903181535,0.9999700421257157,0.9999978299165355,0.9911637019532326,0.9758467330000306,0.9955546653635682,0.9565334408561701,0.9953118946065553,0.9919977298504365,0.9752894920517104,0.9505693577277038,0.9911802274387219,0.994066526649585,0.9929805191117417,0.9757512109894614,0.9995152425752283,0.9996233567238018,0.9997203797608404,0.9997855789188539,0.9994076685477039,0.9995701652271155,0.9984485221259597,0.9990132030904101,0.9995893012211522,0.9994694168568744,0.9805525426732975,0.9474455987206742,0.9573553459761847,0.9635792626604434,0.9487656748632458,0.9163306799619311,0.9588666321278922,0.9478895927206554,0.9610055269019704,0.9629810780522567,0.9530012759837143,0.981255421746403,0.981007687691644,0.9918556050973886,0.9965264501831997,0.9534878269321809,0.9633943867742202,0.9702157368032195,0.9738176727327494,0.9719197721060793,0.9557404995236604,0.9006891524094288,0.9579483293526824,0.9585698307054448,0.9449948160740947,0.8800947840253016,0.9703663345570066,0.9460311114544803,0.9688821869501815,0.9540432423585284,0.813128468020056,0.8770303912136489,0.8157735639496374,0.8897624312852134,0.9067572914630609,0.9128964865360015,0.8945231054559671,0.9031905405537529,0.43673444270281336,-0.5445180410636876,0.9631623013555152,0.9496091306374528,0.9493848141734118,0.955880264954546,0.9574081561444172,0.9691533722474275,0.9692315826430441,0.919576960354681,0.9660243726256066,0.8615522511138484,0.8133556237634189,0.956485976001111,0.9520233981654002,0.8295434590835524,0.9586950560498761,0.959620066665813,0.9025078241312195,0.979120275002075,0.8357427266322742,0.5356148227490337,0.7232357219569189,0.8591595920299943,0.852213524256083,0.8416941841464687,0.9842570013713348,0.9844099058221856,0.7780099553360139,0.7464188211495155,0.7831276586531817,0.45969561097952777,0.7818573398825462,0.7924088628432121,0.7870616920941969,0.7914006934652883,0.7909042151724129,0.748812945071935,0.732345232911088,-0.3312020831718525,-0.4820910669238539,0.7565400856046394,0.8893959488413292,0.9185329312367534,0.9359444590415072,0.908921297412985,0.8292104377823786,0.9054520082775835,0.9203134369570612,0.9189848683283695,0.7694855282173142,-0.060255083385908216],[0.9978645079251753,0.9944693352769143,0.9896370737007689,0.9980782621361062,0.9991205455580616,0.9790182141762412,0.9998960705668624,0.9994105456308421,0.9732581946330534,0.9997237220653389,0.9997112610866161,0.9996990577143156,0.9994512144955445,0.9996243146526212,0.9995320870851864,1.0,0.9985959206848914,0.9998699878838578,0.9996053768044963,0.99960933608585,0.9997970213005203,0.9995963167248927,0.9909172098932181,0.9750362847890566,0.9944126924258909,0.9504387147125885,0.9940555566814646,0.9934535328854732,0.9739491622132727,0.9514202204336476,0.9914714146752734,0.9925809806532655,0.9937362645057917,0.977580585310792,0.9993272250032951,0.9997495625764479,0.999749161771667,0.9996247599994778,0.9996718688092062,0.9997155116703106,0.9989558561420753,0.9996400595768606,0.9995496925276295,0.9993331467657351,0.9794610954140203,0.9463183651015191,0.9592250629753635,0.9619191754872156,0.9500127762396312,0.9219537733091575,0.9606448661403039,0.9518501189813561,0.9630435381948023,0.966544469366773,0.9566030533850091,0.9829687477624682,0.9827112190437676,0.9926680116482803,0.9960696833043909,0.9574968015031317,0.9667568731595878,0.9744631893470094,0.9761923117273504,0.9759350906790631,0.9582811904659978,0.9052512211456994,0.9611502904517715,0.963160084556534,0.9493283864545486,0.8870074508978432,0.9726976171477436,0.950375628677944,0.9727018658805409,0.9579146114479508,0.8204113939570253,0.8820394286546667,0.8196800795349007,0.8948790122973846,0.9111449467453724,0.915385465296146,0.8978566952036674,0.9078296575281573,0.44691779293673145,-0.5418750067243785,0.9662855639312231,0.9540939921218192,0.9537803487900198,0.9594176757831367,0.9607531385408103,0.9720115633767353,0.9720895291217884,0.9233192742474212,0.9705119362432937,0.8678808327061731,0.8150244713441035,0.9489844638793984,0.9452319782361703,0.8317878142456409,0.958738707416323,0.9595026585690506,0.9024081903497629,0.976094761421943,0.8350061129831842,0.5447010851490521,0.7278209569693184,0.8591112233