var config = { responsive: true }

var correlationClose = {"data": [{"type": "heatmap", "z": [[1.0, 0.9999815807696784, 0.5478033906466578, 0.9996930477171625, 0.9973364923131636, 1.0, 0.990413443364956, 0.9857797083603957, 0.9910268840389898, 0.9725456416631881, 0.9804585769228717, 0.9904598715596259, -0.14264759727252158, 0.9905280567306918, 0.9905766078629665, 0.9933453524857866, 0.4933901428863741, 0.9915876076491019, 0.9915730345888617, 0.9833317820733913, 0.9904470205555208, 0.44424736070052406, 0.6463938503105094, 0.9768724713585012, 0.9768470862374845, 0.9547257004921994, 0.2896855364759063, -0.127113643017169, 0.9898824830466181, 0.9898437222584852, 0.2652057062702493, -0.213166654129267, 0.9934801942803568, 0.9943868269044808, 0.8020446038742245, -0.3948773790939742, 0.9865068847670659, 0.994095016958463, 0.994026297827335, 0.4762626717519618, 0.9936796647037333, 0.9936654717803498, 0.9936796647037333, 0.892440027233043, 0.6810068767124648, 0.859547695852455, 0.8812600431975779, 0.7987337649913762, 0.3967301291207652, -0.1192122979128136, 0.19404427845219027, 0.9472417682833801, 0.48654295853086305, 0.9775254634248598, 0.9714817828468448, 0.9107139972443279, 0.9028201640062071, 0.9298697126062164, 0.9027760085174562, 0.9264064124428112, 0.9272414312975705, 0.9264064124428112, 0.8355986259009979, 0.9036028545813777, 0.9047461857077558, 0.9036028545813777, 0.888296661450574, 0.7199305023472472, 0.8643190514249214, 0.866042299388838, 0.8643190514249214, 0.6055984747801203, 0.30008797040030655, 0.5813314717210764, -0.5999699472078374, 0.47256034489442494, 0.5332138867674375, 0.5348136171394027, 0.5332138867674375, -0.09418011021562028, 0.8755678322703496, 0.9065957740474317, 0.8882862239570428, 0.9122057781041514, 0.49994558475745954, 0.8733113553815851, 0.8746334290548428, 0.8733113553815851, 0.8846482886285623, 0.8846482886285623, -0.16987539859431164, 0.5268045075744714, 0.2033181946783409, -0.5267959570884173, -0.5525061793561075, -0.5562623118728643, -0.016567263750589308, 0.04154500749674656, 0.2741456574520915, 0.16860318761855292, -0.33605838256252774, 0.07498347542722736, -0.7899586386240607, -0.19128007933145724, 0.10977936016191743, 0.11001891269570863, -0.5279574539427982, -0.6092754042543689, -0.19197372992427664, -0.47178811780637553, -0.8304523511701281, -0.33119202142450255, -0.3219421590545338, -0.33119202142450255, -0.1745512953924238, -0.23657694354158548, -0.23657694354158548, -0.8195172561257691, -0.8195172561257691, 0.4030137987358021, 0.6640865519590875, 0.8763329438045897, 0.8549776801089551, 0.7937572677845278, -0.22722128806867223, 0.77308248165331, 0.8136329419880063, 0.8138859884798458, 0.8136329419880063], [0.9999815807696784, 1.0, 0.966346443088623, 0.9991457802996316, 0.993150946774777, 0.9999815807696781, 0.9759866852076902, 0.9661313486238152, 0.9757455833833393, 0.9557645696854983, 0.9780760298787293, 0.9760421481982002, 0.97599863143974, 0.9757972742688931, 0.9749794087534368, 0.9842045543186575, -0.21404623577293966, 0.9818979197361676, 0.9818662882169577, 0.97611795439126, 0.9761075146041553, -0.1691106523128561, 0.965081484716899, 0.9684764181239721, 0.9685567874364847, 0.9549778471056455, -0.012007262785299828, 0.14199014096954204, 0.9745253973551649, 0.9746043641977884, 0.9701312113160578, 0.11768456622825896, 0.9864532655171905, 0.9865547006160702, 0.9873800947897677, 0.9784884821180094, 0.9846754443133044, 0.986453284074942, 0.9871538656525375, -0.22115324665028474, 0.9874982174925021, 0.9874756690764093, 0.9874982174925021, 0.8925680352525213, 0.5778096935156906, 0.8599149416143408, 0.8814272504481547, 0.797998089065463, -0.45105885227096604, -0.554327895271591, 0.8402908757954161, 0.8616076277353466, -0.14890104299993842, 0.9351595325760076, 0.9352126729125231, 0.9161011555943761, 0.9269194254241212, 0.9027088359097609, 0.9023686302261662, 0.9098540774603683, 0.9106541679912517, 0.9098540774603683, 0.759428216899024, 0.7187349242528714, 0.7208251586103163, 0.7187349242528714, 0.9207134540712771, 0.926282607103046, 0.9204445542203243, 0.9217731116623753, 0.9204445542203243, 0.41933130741902885, 0.36310762849168143, 0.48569771034879616, 0.5887904353014188, 0.46454256605479444, 0.50889783091162, 0.5097408866406425, 0.50889783091162, -0.20807209369044352, 0.8559376786381754, 0.8948002057585764, 0.8801637813851123, 0.9237123127834084, -0.011501756575715774, 0.8492672272357028, 0.849675937889164, 0.8492672272357028, 0.861329935271506, 0.861329935271506, -0.27580556917801674, 0.5278258524765311, -0.37973332277064425, -0.6163142481469353, -0.4630492404330923, -0.46641746344662843, -0.2849101383684424, 0.20988233514299848, -0.19965536618188567, -0.36627221621392614, -0.5469389927107617, -0.26699940399799754, -0.5021916401664377, -0.3203784496689681, 0.08404205042003715, 0.07863468910668037, -0.480122791889099, -0.4334791102761482, -0.46128258500091224, -0.4910227859653525, -0.4835068136748968, -0.4639950441031894, -0.46723848182969235, -0.4639950441031894, -0.35584478900845884, -0.4877092765204183, -0.4877092765204183, -0.464169778234795, -0.464169778234795, 0.402653830573873, 0.4272466191025118, 0.5241522905817082, 0.6091847355208047, 0.5846941707152112, -0.37634105583966665, 0.39727768763297217, 0.38960580169375125, 0.3897086662533362, 0.38960580169375125], [0.5478033906466578, 0.966346443088623, 1.0, 0.5406669711041847, 0.4190847923838737, 0.5478033906466578, 0.5378926820354513, 0.5253940081543303, 0.4267376146028766, 0.3640645032309926, 0.9964826333731798, 0.5379152612131348, 0.5195326567108302, 0.5382766934962262, 0.5404676382861966, 0.5777012833648546, -0.07951417197275834, 0.4794252194831085, 0.4785580904899284, 0.4280735392048908, 0.536853853351064, 0.20172328559281918, 0.6783990443372638, 0.5021528741274132, 0.501861132966065, 0.9813993562955913, 0.27339802369047456, 0.1818234183226189, 0.5053678595824589, 0.5048542177743777, 0.7717203077166519, 0.0049730058480162926, 0.536728497382307, 0.426922970596717, 0.5291746112422296, 0.3736052609174377, 0.9936535481833477, 0.41247878656500286, 0.5394625340760226, -0.08508689897097489, 0.5527219964128725, 0.5349064670570831, 0.5527219964128725, 0.9001665810989782, 0.3931320004592521, 0.9028264617190799, 0.8676866810926113, 0.6490875349447027, 0.20190516732036526, 0.0028341467413815773, 0.06290178453933974, 0.40543204202397554, -0.0625206109387949, 0.49836932518966837, 0.4256437897365123, -0.08407315661804055, 0.6641259430810659, 0.6267893697635722, 0.4491700082421555, 0.632886440033215, 0.7038473952931457, 0.632886440033215, 0.2938040553145184, 0.5273892370853155, 0.6344281048098975, 0.5273892370853155, 0.5287972013967108, 0.6112013062104911, 0.6486909330289998, 0.7258604839488135, 0.6486909330289998, 0.17279218813820105, -0.08084996116224703, 0.19307346944277526, 0.16248971063125714, 0.1921991182702228, 0.265878184208946, 0.3821554584419153, 0.265878184208946, -0.16768558157771493, 0.40303087897047024, 0.7887908571217378, 0.4889969454391162, 0.7206823573335116, 0.12020719858843464, 0.47524172725214064, 0.4755136549839774, 0.47524172725214064, 0.6137148020896551, 0.6137148020896551, -0.3003041524539672, 0.7105761169560383, -0.2342281074276157, -0.5034630303341621, -0.3717063642727982, -0.3754401053576616, -0.3805895615099569, -0.005657723573567113, 0.027501963001209686, -0.2394448584233135, -0.486870572822572, -0.1250046773088182, -0.204005231630769, -0.19378094714694086, -0.04324995980194707, -0.047062945346549714, -0.43144574698975774, 0.02824364454649215, -0.20493816380315275, -0.46784327649405183, -0.09144261733601007, -0.3406947752162401, -0.21628282213228583, -0.3406947752162401, -0.4277652407333677, -0.4952175017955794, -0.4952175017955794, -0.22401827363210627, -0.22401827363210627, 0.32272663983263494, 0.1230418469417027, 0.23468310117949592, 0.4819760698721804, 0.19835066556796457, -0.28644323021168205, -0.0402919322433974, 0.44304744267098184, 0.5601109973783244, 0.44304744267098184], [0.9996930477171625, 0.9991457802996316, 0.5406669711041847, 1.0, 0.9985539747756769, 0.9996930477171623, 0.9920797786907453, 0.9879326081721433, 0.993083169318274, 0.9702640549192978, 0.9859337613732204, 0.992113820666242, -0.14737940039326064, 0.9921528395633931, 0.992192902829597, 0.9949580153102472, 0.47935462494742026, 0.993017714146483, 0.9930050477593338, 0.9838391721924017, 0.9920928233285917, 0.435330536707082, 0.6495680321412093, 0.9799206732746394, 0.9798960434433318, 0.9666219873098622, 0.28440350700449735, -0.13473258164331883, 0.9897135098879007, 0.9896859512075458, 0.2564686506975868, -0.2142183227282827, 0.9943283572660364, 0.9955513139376782, 0.7596960822310227, -0.4009470374370295, 0.9905324712607696, 0.9955078373479208, 0.9946868367438569, 0.46183903504417534, 0.9917975711238998, 0.9944126026319108, 0.9917975711238998, 0.8911723861392961, 0.66818942024274, 0.8685725451050353, 0.8767299486496919, 0.7751321703560634, 0.39106061486682714, -0.12544274677103773, 0.18724804366824582, 0.9414318500793821, 0.4703603623264456, 0.9732306311414919, 0.9686599829656435, 0.8852844964560531, 0.8929562912314785, 0.9141170303436811, 0.8972349449246502, 0.9057444376252689, 0.9069031230516563, 0.9057444376252689, 0.8250274813750116, 0.8895206778673594, 0.8907793602374106, 0.8895206778673594, 0.8833798362585086, 0.6495142438242623, 0.8178783383277358, 0.8196469239766123, 0.8178783383277358, 0.5949759903403092, 0.09654448987654778, 0.5686155681288986, -0.6053827771223252, 0.46544865795839824, 0.2767309222015785, 0.5021253102776227, 0.2767309222015785, -0.10125102942218848, 0.8682177015007503, 0.894633171486041, 0.8772583033852015, 0.8841570219187718, 0.4868263294119159, 0.8670428142804638, 0.8685441921705295, 0.8670428142804638, 0.8612868218579426, 0.8612868218579426, -0.17660752327117665, 0.5565943787783759, 0.20805659495572687, -0.5379896831208144, -0.5606830239019323, -0.564343598642125, -0.029520231370734878, 0.035579518779415543, 0.26677514018657933, 0.15572366423217526, -0.34947964908660195, 0.06811999531647366, -0.7971567702215857, -0.19953350826267574, 0.09804084972891007, 0.09832711687162929, -0.5358268849242265, -0.6062426088065103, -0.19398056228972932, -0.48494392508802436, -0.8332287143623283, -0.3332349716914031, -0.3245531075810272, -0.3332349716914031, -0.18450432729598767, -0.24724499526761304, -0.24724499526761304, -0.8200704654233629, -0.8200704654233629, 0.38761307253399685, 0.6518332242735226, 0.8688345507991546, 0.8475328706397407, 0.7863935971301304, -0.241272721719773, 0.764262005272604, 0.8051290357184272, 0.8053908129546693, 0.8051290357184272], [0.9973364923131636, 0.993150946774777, 0.4190847923838737, 0.9985539747756769, 1.0, 0.9973364923131636, 0.9966139634132979, 0.9945027995589397, 0.9968011608091212, 0.9592270952247516, 0.9949216199680002, 0.9966341004609168, -0.3643349211303165, 0.9966659570454238, 0.9966750424942162, 0.9977458816924094, 0.28994291295295826, 0.997239544107502, 0.9972329211361851, 0.9856070668234315, 0.9966222393125682, 0.06140103656591327, 0.6036118033435985, 0.9899984340958717, 0.9899519792720133, 0.9824090442500865, 0.020313991940768113, -0.12143334686743494, 0.9880590150190363, 0.9880031005593196, -0.06898263754217558, -0.11364689676195736, 0.9976609892801959, 0.99760442240571, 0.7313096769062988, -0.5490361931807151, 0.9969411555892821, 0.9978322743729757, 0.9979335624310939, 0.2664681414026587, 0.9976292233118886, 0.9976291850476481, 0.9976292233118886, 0.907128408753142, 0.6292814408544813, 0.8925962214990727, 0.8799373674015707, 0.7389816072827726, -0.09246874505106756, -0.5745145654414153, -0.23976831745997232, 0.9263633637972534, 0.3278934210276495, 0.9664672039085697, 0.966529317015162, 0.8771801699169437, 0.868356921226089, 0.8972181612329396, 0.8809227662865958, 0.8951111218953497, 0.8955878545091038, 0.8951111218953497, 0.7927539230890497, 0.8276482657754561, 0.8291267844421818, 0.8276482657754561, 0.8689078777249921, 0.7540913206190416, 0.8484760642180483, 0.8495705154679453, 0.8484760642180483, 0.5433132418805259, 0.40520736149980074, 0.5255364825485386, -0.6567560833750554, 0.520282627988036, 0.49677593789292107, 0.4964364775441364, 0.49677593789292107, -0.120935531131859, 0.8453118517634038, 0.8604437231263883, 0.84680954651135, 0.8877154588579128, 0.34985140091442174, 0.8471859354772334, 0.8486310163811788, 0.8471859354772334, 0.8556885249207823, 0.8556885249207823, -0.2217237276643245, 0.6214283816913573, 0.06227594398751631, -0.5742584309404724, -0.6212957401832386, -0.621710133755744, -0.06699118185503318, 0.056395192699958505, -0.13342384669329663, -0.09743150924831534, -0.4416763957246296, -0.30791687644393245, -0.8660885300852326, -0.504056196903646, 0.06237339185582955, 0.06248736540770266, -0.5680719120209273, -0.5975447280712098, -0.49869857171684184, -0.5306676952035573, -0.803335853534239, -0.5569804485480992, -0.559510600903369, -0.5569804485480992, -0.230542995766798, -0.2877580428206237, -0.2877580428206237, -0.7694373376491578, -0.7694373376491578, 0.36469938263954843, 0.6294991941503585, 0.8171457353113023, 0.7909567116632833, 0.7729284512682977, -0.3833780549809936, 0.6131113623685583, 0.6959190869667576, 0.6963082858032003, 0.6959190869667576], [1.0, 0.9999815807696781, 0.5478033906466578, 0.9996930477171623, 0.9973364923131636, 1.0, 0.990413443364956, 0.9857797083603957, 0.9910268840389898, 0.9725456416631881, 0.9804585769228717, 0.9904598715596259, -0.14264759727252158, 0.9905280567306918, 0.9905766078629665, 0.9933453524857866, 0.4933901428863741, 0.9915876076491019, 0.9915730345888617, 0.9833317820733913, 0.9904470205555208, 0.44424736070052406, 0.6463938503105094, 0.9768724713585012, 0.9768470862374845, 0.9547257004921994, 0.2896855364759063, -0.127113643017169, 0.9898824830466181, 0.9898437222584852, 0.2652057062702493, -0.213166654129267, 0.9934801942803568, 0.9943868269044808, 0.8020446038742245, -0.3948773790939742, 0.9865068847670659, 0.994095016958463, 0.994026297827335, 0.4762626717519618, 0.9936796647037333, 0.9936654717803498, 0.9936796647037333, 0.892440027233043, 0.6810068767124648, 0.859547695852455, 0.8812600431975779, 0.7987337649913762, 0.3967301291207652, -0.1192122979128136, 0.19404427845219027, 0.9472417682833801, 0.48654295853086305, 0.9775254634248598, 0.9714817828468448, 0.9107139972443279, 0.9028201640062071, 0.9298697126062164, 0.9027760085174562, 0.9264064124428112, 0.9272414312975705, 0.9264064124428112, 0.8355986259009979, 0.9036028545813777, 0.9047461857077558, 0.9036028545813777, 0.888296661450574, 0.7199305023472472, 0.8643190514249214, 0.866042299388838, 0.8643190514249214, 0.6055984747801203, 0.30008797040030655, 0.5813314717210764, -0.5999699472078374, 0.47256034489442494, 0.5332138867674375, 0.5348136171394027, 0.5332138867674375, -0.09418011021562028, 0.8755678322703496, 0.9065957740474317, 0.8882862239570428, 0.9122057781041514, 0.49994558475745954, 0.8733113553815851, 0.8746334290548428, 0.8733113553815851, 0.8846482886285623, 0.8846482886285623, -0.16987539859431164, 0.5268045075744714, 0.2033181946783409, -0.5267959570884173, -0.5525061793561075, -0.5562623118728643, -0.016567263750589308, 0.04154500749674656, 0.2741456574520915, 0.16860318761855292, -0.33605838256252774, 0.07498347542722736, -0.7899586386240607, -0.19128007933145724, 0.10977936016191743, 0.11001891269570863, -0.5279574539427982, -0.6092754042543689, -0.19197372992427664, -0.47178811780637553, -0.8304523511701281, -0.33119202142450255, -0.3219421590545338, -0.33119202142450255, -0.1745512953924238, -0.23657694354158548, -0.23657694354158548, -0.8195172561257691, -0.8195172561257691, 0.4030137987358021, 0.6640865519590875, 0.8763329438045897, 0.8549776801089551, 0.7937572677845278, -0.22722128806867223, 0.77308248165331, 0.8136329419880063, 0.8138859884798458, 0.8136329419880063], [0.990413443364956, 0.9759866852076902, 0.5378926820354513, 0.9920797786907453, 0.9966139634132979, 0.990413443364956, 1.0, 0.997104223808219, 0.9999671370422561, 0.949504598118329, 0.9995586930338087, 0.9999960311622524, -0.16095531904739474, 0.9999921636095954, 0.9999193113277872, 0.9939465933703836, 0.42762591091410457, 0.9998297181736457, 0.9998298496962159, 0.9881493837511125, 0.9999962547364223, 0.3396049828229809, 0.6507558780665975, 0.9838581713369982, 0.9838438307203466, 0.9839860542870414, 0.20419790192924941, -0.19498236117192483, 0.9923800817960389, 0.9920758920930521, 0.15437270046759774, -0.26545295687278436, 0.9992834546337578, 0.9993712496163882, 0.3314103370545946, -0.33166257230269247, 0.9985770879643555, 0.9992639297742929, 0.998202631429496, 0.4085073899187043, 0.9286590929548995, 0.9990085848350768, 0.9286590929548995, 0.9153516266552651, 0.6309712830961601, 0.9168873226307513, 0.8888429326599605, 0.6888067184165028, 0.419663897035381, -0.06922746948842373, -0.21225698483942, 0.9242094775414771, 0.42690069542410264, 0.9686490776266348, 0.9610397967694325, -0.09424787477692821, 0.8146109391235673, 0.7934089912104652, 0.8399141121840463, 0.7862332447841001, 0.7556371619954941, 0.7862332447841001, 0.746355096336123, 0.7556210287142473, 0.756483056127646, 0.7556210287142473, 0.8249430327322799, 0.2881348510520815, 0.5075882009131663, 0.5960511639967553, 0.5075882009131663, 0.5096999935057929, -0.3649127660166416, 0.4693187227989656, -0.6693616205185163, 0.384044425294904, -0.13580249037555098, 0.35529668668925807, -0.13580249037555098, -0.14672603653631985, 0.8003093501411904, 0.8045100199532139, 0.7957997799389841, 0.727251248485705, 0.43357392785763, 0.8046016236024455, 0.8067369116430548, 0.8046016236024455, 0.7109930110918448, 0.7109930110918448, -0.25954298347414456, 0.6753527026840983, 0.2584113803471541, -0.559657853969267, -0.6053557037048032, -0.6085189257124828, -0.08378442976792295, -0.018029590517994288, 0.36696594268447674, 0.11482193705809828, -0.38046848301616354, 0.11627822516280832, -0.8252176171870519, -0.10509009712496466, 0.02419054237144719, 0.0245494800758815, -0.5836059012138212, -0.6117014820440243, -0.03527591867788152, -0.5694354714529243, -0.8456808035373704, -0.3310302739065967, -0.15581549329061734, -0.3310302739065967, -0.2675189171164288, -0.2997092915578273, -0.2997092915578273, -0.8399383385859043, -0.8399383385859043, 0.3608750050102983, 0.6050739837046686, 0.4945384687072917, 0.8091264076339915, 0.7612482302585468, -0.30197495030692006, 0.05886095293199019, 0.7675536550936332, 0.7860913950382855, 0.7675536550936332], [0.9857797083603957, 0.9661313486238152, 0.5253940081543303, 0.9879326081721433, 0.9945027995589397, 0.9857797083603957, 0.997104223808219, 1.0, 0.9994422819042683, 0.9406840520462204, 0.9981329176784915, 0.9979199472015555, -0.1708444021727655, 0.9989677871599203, 0.998657983041027, 0.9863477599602642, 0.40558004774926276, 0.9990230079966974, 0.999024922605591, 0.9851370452393059, 0.9991366945511663, 0.3116584279490605, 0.649410863261801, 0.9916134920751246, 0.9813912739383435, 0.9790352602868898, 0.18347740405355342, -0.21061073862598043, 0.9886841499076235, 0.9921016457894888, 0.13311218638997097, -0.27294499167204783, 0.9980973623979263, 0.9979810077646727, 0.3095153696869213, -0.3395223574926704, 0.995775910605044, 0.9977735758185756, 0.997535778576432, 0.3859421407517071, 0.9193574688418139, 0.9979363665787051, 0.9193574688418139, 0.9128919162172879, 0.6148520487564695, 0.9176356854521326, 0.8844157810841428, 0.6597542179423443, 0.40595408195964144, -0.08538933195880902, -0.2264469926547039, 0.9146985842344949, 0.4055753752083843, 0.9637776293287905, 0.9552501874313953, -0.10573198992208903, 0.7981824874810641, 0.7737011825265941, 0.8287240124799371, 0.7677715454838928, 0.7414429394523064, 0.7677715454838928, 0.7303594304963038, 0.733474485789676, 0.7411662972130447, 0.733474485789676, 0.8139594543269171, 0.26514197569293774, 0.4831337311437736, 0.5769752890397638, 0.4831337311437736, 0.49340357935759915, -0.3815264372793817, 0.45109014672963194, -0.6792833589195708, 0.3733385593520255, -0.16051173257088977, 0.3360761273056063, -0.16051173257088977, -0.1542971454470748, 0.7872075702654816, 0.7829218645330499, 0.7784021527575711, 0.7102994146615291, 0.4163417426875963, 0.7922014612385871, 0.7945809638239957, 0.7922014612385871, 0.6894451052078128, 0.6894451052078128, -0.2775967832309489, 0.7079637469663088, 0.2669195835825839, -0.5699516953775142, -0.6201473899212221, -0.6231058838150133, -0.10001313734637593, -0.027475166822463846, 0.3601320164713445, 0.09486501660476343, -0.39460104225803866, 0.10688991321596755, -0.8328254186722795, -0.11169128674319229, 0.00654157895338711, 0.0069169603306123905, -0.5970952790689725, -0.6133005932406248, -0.04223301502296328, -0.5894588114356809, -0.8465178195683574, -0.3435597497537502, -0.16217892707519582, -0.3435597497537502, -0.2876128312493487, -0.3152364332128708, -0.3152364332128708, -0.8391512273691658, -0.8391512273691658, 0.3354357092780477, 0.5861874876008482, 0.47426760333852347, 0.7903052392504122, 0.747221410985364, -0.3261189085377277, 0.043542065514174874, 0.74743916529185, 0.7697223421264539, 0.74743916529185], [0.9910268840389898, 0.9757455833833393, 0.4267376146028766, 0.993083169318274, 0.9968011608091212, 0.9910268840389898, 0.9999671370422561, 0.9994422819042683, 1.0, 0.9482219446343128, 0.9995003546445611, 0.9999682838791731, -0.3377906798858869, 0.9999729677683872, 0.9999319895467083, 0.9980730184762157, 0.3249025649389189, 0.9997677315214172, 0.999768296138607, 0.9879187601824913, 0.9999654002647255, 0.11036754708183932, 0.6031815996962139, 0.9938484469536849, 0.9937897730279301, 0.9837505821081823, 0.0035585515114358907, -0.13487546315611681, 0.9908730975678316, 0.9908437722499731, -0.04996926169643633, -0.227012298627484, 0.9992983432759387, 0.9992589155328881, 0.7450847718709898, -0.5368358844825394, 0.998480654097752, 0.9992458505984713, 0.9991452835207729, 0.30218466043622066, 0.9991389994457023, 0.9991441941079318, 0.9991389994457023, 0.9152803950179635, 0.6321140773376661, 0.9163482283323098, 0.8879692693715869, 0.6880950796952264, 0.015465431755057381, -0.5190753430836038, -0.18837761921698437, 0.9193407255944402, 0.37690687685452734, 0.9623668786483277, 0.9613444842111766, 0.8474878466971235, 0.815326923147502, 0.8684646885518792, 0.8406825070968986, 0.8664146822500844, 0.8672096088176268, 0.8664146822500844, 0.7452923794885367, 0.8083244553950367, 0.8100617317472157, 0.8083244553950367, 0.8262734838248983, 0.7124779961413318, 0.8159662212415025, 0.8175496727848621, 0.8159662212415025, 0.508703241050147, 0.3273691463922832, 0.4681835597047217, -0.7025386756435166, 0.44397412076617565, 0.4068712621389614, 0.40694317314243444, 0.4068712621389614, -0.10165155874725137, 0.8006361663501733, 0.8041887859058962, 0.7958905860326707, 0.8586213521291127, 0.3639388989470463, 0.8108553650500685, 0.8134069292735545, 0.8108553650500685, 0.8193239848283435, 0.8193239848283435, -0.2619924856543251, 0.6765919773249179, 0.08773919695760064, -0.5720877060564967, -0.6484416635992041, -0.6492304135222237, -0.08748426399106568, -0.015908714011464403, -0.14135874990376265, -0.06911892992578521, -0.4313204532209118, -0.34025941069046933, -0.879705155639004, -0.544417243021471, 0.02291260990453211, 0.023513061476731316, -0.5856117392789428, -0.6077513287983363, -0.5087173929632055, -0.5717367179314597, -0.822559045191296, -0.5813887295206865, -0.5834061026319769, -0.5813887295206865, -0.2701682264055637, -0.30343589515855124, -0.30343589515855124, -0.8027516952813368, -0.8027516952813368, 0.3611302618590551, 0.603873212702945, 0.8243885087627046, 0.8024593862239332, 0.7596789413026983, -0.3312480427517648, 0.6459079655311843, 0.7160188280932444, 0.7161805779759395, 0.7160188280932444], [0.9725456416631881, 0.9557645696854983, 0.3640645032309926, 0.9702640549192978, 0.9592270952247516, 0.9725456416631881, 0.949504598118329, 0.9406840520462204, 0.9482219446343128, 1.0, 0.9186670004144255, 0.9495389021229956, -0.28450484957563044, 0.9491796162269576, 0.9484657814551364, 0.9505303328002198, 0.1405357588863765, 0.9554896829215923, 0.9554650191266345, 0.9496844034289279, 0.9496759966133984, 0.037955244369783, 0.6561559543391032, 0.9515544961197137, 0.9517748516639747, 0.8058488360091145, 0.10162512274179816, -0.11636417686128948, 0.9581171893421943, 0.958256820861948, 0.08954923869484553, 0.04064947833975697, 0.9599550701475649, 0.9602353404902523, 0.8450898471522205, -0.4665818101958404, 0.9313179057153238, 0.9591411460575787, 0.9606722773878207, 0.11740896661498133, 0.9613849377840473, 0.9613484371264321, 0.9613849377840473, 0.7773218102030608, 0.42852944624816997, 0.725536057332186, 0.8550134128872503, 0.8359628325725298, -0.5534505391329331, -0.6842081168648173, -0.31221267567458894, 0.8655257282289189, 0.10065194780828443, 0.89818538015482, 0.8982294923754928, 0.8524445994570331, 0.8447607309337524, 0.8794829905928803, 0.8556595074527666, 0.8710508470837787, 0.8719376226496101, 0.8710508470837787, 0.7930816848393285, 0.7710421447971938, 0.7731829606383535, 0.7710421447971938, 0.8474847553119871, 0.8689869130283485, 0.8455790897118906, 0.8464192018762434, 0.8455790897118906, 0.612455681263096, 0.53216565252456, 0.6136476694145716, -0.4272116589087986, 0.6335781875949061, 0.6554216037755473, 0.6586793573078179, 0.6554216037755473, -0.2560188450172956, 0.8523894462787996, 0.9153384240247251, 0.8713001928694959, 0.8699530094319237, 0.24586559528491758, 0.8439825905670983, 0.8454110749583733, 0.8439825905670983, 0.8564271411729101, 0.8564271411729101, 0.011019148247304251, 0.2517885772727599, -0.07942357880079194, -0.4739272004297627, -0.3884092384634245, -0.39029296353414356, 0.08504504507521769, 0.3786234600339089, 0.11672814213601732, 0.001618141109705438, -0.31131346979519164, 0.027428045772947197, -0.8129179212689566, -0.13459284951812062, 0.26914790088999957, 0.26793222267716926, -0.34374838236776073, -0.43746317470277074, -0.2964736158920584, -0.3003820203758715, -0.6878284698850399, -0.3184382981389269, -0.3203624209344683, -0.3184382981389269, -0.053276806672925496, -0.3356562485883868, -0.3356562485883868, -0.537207244685473, -0.537207244685473, 0.5794712000785687, 0.6769630894300394, 0.7608177420271823, 0.6687425808248479, 0.8403588753551148, -0.42932923773306286, 0.3904247448823418, 0.5686418249785788, 0.5689273660890786, 0.5686418249785788], [0.9804585769228717, 0.9780760298787293, 0.9964826333731798, 0.9859337613732204, 0.9949216199680002, 0.9804585769228717, 0.9995586930338087, 0.9981329176784915, 0.9995003546445611, 0.9186670004144255, 1.0, 0.9995559994885229, 0.9995525350241928, 0.9995023166960199, 0.9995386965275653, 0.9984423576953187, -0.3401816657517275, 0.9997133005677774, 0.9997174695155261, 0.9995649016149866, 0.9995645882995227, -0.2934707702356636, 0.9584825347148586, 0.9917898588199477, 0.9917617056119238, 0.9873485861787584, -0.03307196299565278, 0.06646161790319875, 0.9889582709776744, 0.9890282074677509, 0.9704428576856029, -0.014730370561670484, 0.998626991763847, 0.9985727380398259, 0.9983528844807653, 0.9992176186138355, 0.9991429899359947, 0.9986098378193016, 0.9983733751192222, -0.35124905945866214, 0.9983001547969375, 0.998311308328431, 0.9983001547969375, 0.9090640711453483, 0.4994813400479897, 0.9119464721843954, 0.8861364444186658, 0.6900216036108561, -0.5488900712564742, -0.667549420441492, 0.8003724318944884, 0.8066452227967017, -0.26736647698434685, 0.9206428913994544, 0.9208254233359565, 0.8403695134431937, 0.8509567720326747, 0.8148113683500526, 0.817747601382696, 0.8245367334633912, 0.8255569546176698, 0.8245367334633912, 0.6393727891617155, 0.5925587225214958, 0.5950762133023955, 0.5925587225214958, 0.8520920355375664, 0.8620471684985888, 0.8503041564743362, 0.8519263310387873, 0.8503041564743362, 0.2787197615404129, 0.2111059353175688, 0.3404870453902181, 0.46379289696168474, 0.3298963916065306, 0.38254541884358767, 0.385300174187717, 0.38254541884358767, -0.41170826621195733, 0.7545098806606748, 0.8087813797009294, 0.7869542325981476, 0.8497069709320098, -0.07570115357602294, 0.7464648071016475, 0.7470227295300352, 0.7464648071016475, 0.7620337629879863, 0.7620337629879863, -0.3251015154311005, 0.6674135401939768, -0.3991137808287718, -0.661622407532149, -0.5461719209306788, -0.548356307663901, -0.3505316359602638, 0.13767416698221635, -0.26176830443766885, -0.42097300502254864, -0.6013255090564048, -0.33455904732421105, -0.6293284613145488, -0.40007079842687865, 0.008270803277182109, 0.0039092045131533006, -0.5590623640438691, -0.522553136868325, -0.5406462696944374, -0.5749488170488142, -0.5693069711301298, -0.544424310796995, -0.5473555242474331, -0.544424310796995, -0.44058115029392286, -0.5990493225319813, -0.5990493225319813, -0.6047701902445205, -0.6047701902445205, 0.35618808075354313, 0.3626919815885008, 0.4701071953084926, 0.5556545385484817, 0.5548379286817208, -0.5439634123785113, 0.30479401665832, 0.32552897650808016, 0.32570730385828894, 0.32552897650808016], [0.9904598715596259, 0.9760421481982002, 0.5379152612131348, 0.992113820666242, 0.9966341004609168, 0.9904598715596259, 0.9999960311622524, 0.9979199472015555, 0.9999682838791731, 0.9495389021229956, 0.9995559994885229, 1.0, -0.1606082092195342, 0.9999941067440277, 0.9999246703665238, 0.9947834853659747, 0.4277113455984718, 0.9998311674123532, 0.9998312736269835, 0.9881949259089904, 0.9999969044125909, 0.33994568513265483, 0.6508373798704902, 0.9893997797683128, 0.9838326181280279, 0.9839685468467149, 0.20449083185683817, -0.19492560969622955, 0.9923739399195814, 0.9920878914299135, 0.15462843039191426, -0.26541947488380707, 0.9992856315638271, 0.9993758893166046, 0.3313849413429651, -0.33143459467421116, 0.9985790371141835, 0.9992730864639411, 0.9982064184681219, 0.4086000713215472, 0.9286414179674712, 0.9990112857111833, 0.9286414179674712, 0.9153699281004685, 0.6311326338144628, 0.9171279951568302, 0.8890708872395635, 0.6889601526973611, 0.4200801268627179, -0.06874786838791143, -0.21186445353654856, 0.9242976610796394, 0.4269927954189842, 0.9687487374354571, 0.9611144498122903, -0.09404203012287521, 0.8147871706212829, 0.7935248490907, 0.8400412332889312, 0.7863469316640818, 0.7555728152513704, 0.7863469316640818, 0.7464303838719953, 0.7556838366784823, 0.7564105196399746, 0.7556838366784823, 0.8251177721934614, 0.28800029038916897, 0.5076026088457005, 0.5959567374771864, 0.5076026088457005, 0.509636133416701, -0.3649324538200535, 0.4692669974548913, -0.6692445249088269, 0.38392079394012807, -0.13593730397282155, 0.35534050962227076, -0.13593730397282155, -0.14688345290640836, 0.8003855759224024, 0.8046707315316037, 0.7959093764625071, 0.7272427887452078, 0.43366610897125857, 0.8046932426512564, 0.8068247860599176, 0.8046932426512564, 0.7110775561929332, 0.7110775561929332, -0.25952515696579964, 0.6753410435593113, 0.2585290032999383, -0.5596728404763699, -0.6052669810558677, -0.6084363533920292, -0.08387269249244104, -0.018187316169406866, 0.36714239988453, 0.11484677093294733, -0.38051289945792477, 0.1165473255654268, -0.824927643378844, -0.1047859963099076, 0.02422620925073087, 0.024602871906985218, -0.5835953594500278, -0.6115102498028577, -0.03501420264242228, -0.5694145841171331, -0.845561154849573, -0.3307890009189961, -0.1555982745052948, -0.3307890009189961, -0.26736828819147085, -0.2996664812782787, -0.2996664812782787, -0.8398770692131748, -0.8398770692131748, 0.3614152019520827, 0.6052370334620696, 0.4948019006217262, 0.8093986543397755, 0.7613449429179742, -0.3017342053913026, 0.05916119227536462, 0.7678155218936961, 0.7862116259210712, 0.7678155218936961], [-0.14264759727252158, 0.97599863143974, 0.5195326567108302, -0.14737940039326064, -0.3643349211303165, -0.14264759727252158, -0.16095531904739474, -0.1708444021727655, -0.3377906798858869, -0.28450484957563044, 0.9995525350241928, -0.1606082092195342, 1.0, -0.15996288268301553, -0.15624741309019544, -0.13192357712815217, -0.29085095532218447, -0.16143600588857127, -0.16186922306440946, -0.28475716176459487, -0.1614495147177813, 0.02334694314459069, 0.30894593195040065, -0.19655179320842447, -0.1968896068332379, 0.9839467467407341, 0.24520837174971696, 0.18630546332024747, -0.1955123075525344, -0.19613260156902432, 0.5361565601380103, 0.12014171526050561, -0.15825105888415722, -0.32162755540218296, 0.16281177800608454, 0.9618079287441179, 0.9985766886566853, -0.35471676214404163, -0.1533077510521925, -0.28064269688603033, -0.15861226582673674, -0.159356054962753, -0.15861226582673674, 0.9154363999801103, -0.11968692284808913, 0.9170850129496415, 0.8889950558411313, 0.6889356171083822, 0.0837378565731355, 0.2580930724331961, 0.6445820252891864, -0.27441206711611976, -0.29572819333897066, -0.07269846761187916, -0.31219751310143184, 0.02235586937667757, 0.2514191729923708, -0.027758896533105537, -0.32231758823945206, -0.025784110443292593, -0.01536287989480961, -0.025784110443292593, -0.42976358254062375, -0.11282576898623485, -0.1149703440814595, -0.11282576898623485, -0.22189628919991725, 0.06662633522518338, 0.041909434493274174, 0.04189420904573427, 0.041909434493274174, -0.41995866941690635, 0.0072970679612271, -0.38320872475136614, 0.6245483752042746, -0.3523741402225718, 0.007932282335175444, -0.06412682303583458, 0.007932282335175444, -0.3055052766170151, -0.3567878106686385, 0.8046580646820752, -0.1454532441205044, 0.008512042366935724, -0.2169384634765083, -0.2762047900520746, -0.2756058857762651, -0.2762047900520746, -0.03370301062580875, -0.03370301062580875, -0.23700204727018376, 0.6752573036530779, -0.1624647756268592, -0.006416025152184039, 0.20401058901308694, 0.2025949599970257, -0.24979603175523507, -0.011679770244668385, 0.020528808723746572, -0.17091640011414921, -0.10540999851299647, 0.04428102671237202, 0.39348580035146213, 0.11855438393468472, -0.04251226693024964, -0.046433972393350884, 0.09146844098800608, 0.5750906130979608, 0.09666765001736918, -0.18037807567460712, 0.6213722600814698, 0.1020633700878465, 0.10965258962874283, 0.1020633700878465, -0.23534562103777928, -0.19403942617797412, -0.19403942617797412, 0.3293397598600803, 0.3293397598600803, 0.361525072286939, -0.25615507850054203, 0.013786325322904967, 0.08814681097505311, -0.25679940565416803, 0.0775045457753801, 0.15187617990199306, 0.10263372397574534, 0.10257562149804116, 0.10263372397574534], [0.9905280567306918, 0.9757972742688931, 0.5382766934962262, 0.9921528395633931, 0.9966659570454238, 0.9905280567306918, 0.9999921636095954, 0.9989677871599203, 0.9999729677683872, 0.9491796162269576, 0.9995023166960199, 0.9999941067440277, -0.15996288268301553, 1.0, 0.9999368211057565, 0.9974203906265693, 0.4278374120140357, 0.9998343367956803, 0.9998343533554801, 0.988364248156822, 0.9999941193611097, 0.3406539532836543, 0.6506689665480142, 0.9929897308211714, 0.9928717839136572, 0.9838334776497397, 0.20479407956351597, -0.19497358138190068, 0.9931119325956125, 0.9931607005894879, 0.1554511378375476, -0.2652454459617537, 0.9993375459287415, 0.9993752348160222, 0.3302869722385472, -0.3305427462724843, 0.9985116725932102, 0.9992766711311973, 0.9985207975046128, 0.40875236192134595, 0.9281013815916479, 0.9990691288166391, 0.9281013815916479, 0.9156635475696383, 0.6319043580127951, 0.9175188064503669, 0.8894631410504387, 0.6886252685696133, 0.4215282454845692, -0.06708161932347989, -0.21207016419424635, 0.9247180633027947, 0.4272999037752034, 0.9691831784170508, 0.9615032377494042, -0.09509557146519826, 0.8150640591329105, 0.7934418968580913, 0.8403102035994137, 0.786306991055629, 0.7551839256394992, 0.786306991055629, 0.7466285658831525, 0.7556364119333937, 0.7568433361137202, 0.7556364119333937, 0.8254773541171367, 0.28729157997354615, 0.507064147810613, 0.5959941145130538, 0.507064147810613, 0.5094528470962154, -0.36614692940243304, 0.4691533224507531, -0.6693997094480187, 0.38350303230008304, -0.13698174622637022, 0.3549774895069523, -0.13698174622637022, -0.1468248584619064, 0.8005203162860601, 0.8042090118442574, 0.7959921368214905, 0.7168586214907461, 0.4340787381270839, 0.8048219731608832, 0.8069425737047982, 0.8048219731608832, 0.7108747131303316, 0.7108747131303316, -0.2612870311073548, 0.6763219828785729, 0.25905496965646, -0.5596405562775761, -0.6056717600464951, -0.6088460678474042, -0.08510202247098829, -0.019512290432460187, 0.36744795770649846, 0.11437211342181942, -0.38079637847139575, 0.11662145030684021, -0.8240092181093523, -0.10462757171468205, 0.023115030611266938, 0.023486705244621632, -0.5842727593829714, -0.6118405179386942, -0.03441449722342124, -0.5708802225140924, -0.8455462067116807, -0.3307245397067416, -0.15502238256539924, -0.3307245397067416, -0.2684350609351396, -0.3001659672198127, -0.3001659672198127, -0.8402370681556391, -0.8402370681556391, 0.36159214660368166, 0.6049203351730985, 0.4942260329153017, 0.8098612052506445, 0.7607800767730473, -0.30122570363024664, 0.05845753248841475, 0.7682228992893598, 0.7868262346298809, 0.7682228992893598], [0.9905766078629665, 0.9749794087534368, 0.5404676382861966, 0.992192902829597, 0.9966750424942162, 0.9905766078629665, 0.9999193113277872, 0.998657983041027, 0.9999319895467083, 0.9484657814551364, 0.9995386965275653, 0.9999246703665238, -0.15624741309019544, 0.9999368211057565, 1.0, 0.9975378192607971, 0.427040720159117, 0.9997834565254164, 0.9997846984239758, 0.9882946022294821, 0.9999206662745065, 0.3414233568721862, 0.6521701347390567, 0.9922869701670464, 0.9831537690371182, 0.9838402206315511, 0.20580982443202644, -0.1940449951872186, 0.9922270963181709, 0.9922389124546311, 0.15820418731821967, -0.26615968015020935, 0.9993429258076438, 0.9992235129339221, 0.3300963591969961, -0.3262856152480821, 0.9984172134862461, 0.9992486666498561, 0.9985018878654809, 0.40798440960808946, 0.9269835706817031, 0.9990946618335627, 0.9269835706817031, 0.9141858852851465, 0.6320760761823362, 0.9157580998117466, 0.887411273186614, 0.6856730558300775, 0.42218770850838916, -0.06521481339539284, -0.21273922206102341, 0.9240314377853813, 0.42532647606358376, 0.9695028370041104, 0.961032277427502, -0.09811158033779192, 0.8136694693793484, 0.7936714031581107, 0.8400130192355318, 0.7865254807874449, 0.757449305961671, 0.7865254807874449, 0.7447042527531841, 0.7550288578632228, 0.7579799315128687, 0.7550288578632228, 0.8255006181749345, 0.2871828055437616, 0.5066265454609953, 0.5974144400382407, 0.5066265454609953, 0.5081143616093017, -0.3685854053245275, 0.467239449437614, -0.6670622236049403, 0.38180075196287167, -0.1381109349266595, 0.35524224343277416, -0.1381109349266595, -0.15029376448730206, 0.7998881068731705, 0.8030082741059602, 0.7950977672481461, 0.7292243347556887, 0.4345884012161021, 0.804342229781009, 0.8067720925048124, 0.804342229781009, 0.7109193938811169, 0.7109193938811169, -0.26185860726488447, 0.6790447685735724, 0.2595627394986521, -0.5606370133566867, -0.6057017185748818, -0.608580734538677, -0.08717045826850697, -0.021057269136332362, 0.36873768118099726, 0.11385083512661706, -0.3817425234988966, 0.11757604427435621, -0.822501403634429, -0.1032081455930914, 0.022326818499745427, 0.022916995101271546, -0.5856047137485919, -0.6070109366442447, -0.03267396220101162, -0.571881674742057, -0.8433622198409005, -0.3299110396251732, -0.15362840498370087, -0.3299110396251732, -0.2687856009089652, -0.3030333808352597, -0.3030333808352597, -0.8380855097963577, -0.8380855097963577, 0.3586795449197162, 0.6026498900361766, 0.4922569887353683, 0.8106054761574922, 0.7591318515195612, -0.30223363408473136, 0.056342356863089034, 0.7689559164385863, 0.7882012526743917, 0.7689559164385863], [0.9933453524857866, 0.9842045543186575, 0.5777012833648546, 0.9949580153102472, 0.9977458816924094, 0.9933453524857866, 0.9939465933703836, 0.9863477599602642, 0.9980730184762157, 0.9505303328002198, 0.9984423576953187, 0.9947834853659747, -0.13192357712815217, 0.9974203906265693, 0.9975378192607971, 1.0, 0.4209317839774272, 0.9977697193134282, 0.9977665192900508, 0.9838235809926136, 0.9973537122028938, 0.3594308798256495, 0.675564855811041, 0.9705306137526934, 0.9785731046925161, 0.9878615425601641, 0.23241134922120565, -0.16948399109989776, 0.9914976601546432,