var element=document.getElementById("correlationAdjClose");if(element.style.display!='none'){var correlationAdjClose={"data":[{"type":"heatmap","z":[[1.0,0.9999937355307421,0.985510858904697,0.9999276243658697,0.9991188849969707,0.9851439364082775,0.9979125215459324,0.9961142416692603,0.9693551445958779,0.9964356716931861,0.9945911932417317,0.9941852547928962,0.9962309391588008,0.9962655383986803,0.9961594200453001,0.9976728806161562,0.9979213660601571,0.9984089700477756,0.9967469742790658,0.9967562046256925,0.9968069463667886,0.9961875173271864,0.9873614549121221,0.9714348614372549,0.9899932518676655,0.9567503903269711,0.9890058208011266,0.9880153714813419,0.9681886453480197,0.9526520297458114,0.9929115497635497,0.994111411471451,0.9924673191558753,0.9774429408053581,0.9978155901759087,0.9980366466407412,0.9975839472673856,0.9962852274390864,0.9959237133567151,0.9979309572743928,0.9987835622577351,0.9988302635552033,0.997776108483971,0.9977834035536309,0.9768084739437382,0.9149774717699809,0.9498737533910884,0.9248554282972588,0.9261748835003829,0.9041738236681225,0.9633158524753479,0.9483811874580399,0.9650381397930826,0.9660230928133957,0.9557190506660646,0.9843865859042717,0.9815549501238428,0.9905316952869557,0.9944676308215217,0.986912019808306,0.9827343823443903,0.9883566338250113,0.9865653992724978,0.9889066472400446,0.9887290392108119,0.9643999692167344,0.9750073776375994,0.9760811401233094,0.9757612018206787,0.9533686339849933,0.980828312408455,0.9779901078425399,0.985163599094024,0.984456337332934,0.942835990814184,0.8891347705856406,0.8563464111738325,0.9050730874576741,0.9222288826050821,0.9195370137815342,0.9201512652448844,0.9188103738515384,0.6962300146088467,-0.5591323275466524,0.9811321929123914,0.976613740155558,0.9733429116047624,0.9876192274969341,0.9750637143140464,0.984811312546081,0.9847981204655258,0.9498536352856226,0.9849578712539168,0.9528231465121827,0.7725409779575092,0.9069628635975794,0.9288504762783354,0.80122324305958,0.9511692828636197,0.9519524285573258,0.9002371456443021,0.9653791019669835,0.8959030333407775,0.6014036829239546,0.7220040822454961,0.9028783016165223,0.8707897904448353,0.8940109425745528,0.9742666702313855,0.9744450387531786,0.7831539693081014,0.7376517492473184,0.8251063630521505,0.4209338182954492,0.8031176859451287,0.8293665589624021,0.8245695322827885,0.8161180925440822,0.7803942974795942,0.7515259692459557,0.7344248000955421,-0.27415462399380025,-0.41353826244173775,0.6615257988529669,0.8918683058771847,0.9348527495125141,0.9424384357394819,0.9079244616212708,0.825906977351077,0.9098359892502833,0.9282817167201974,0.9280656711433022,0.8622934216354115,-0.16798729236867754],[0.9999937355307421,1.0,0.9880391604230743,0.9998323421527942,0.9982599306076773,0.9900301414433343,0.9946304369108933,0.9917320461033116,0.984841430402053,0.9917491059878638,0.9917592708443688,0.9935003777164694,0.9918823993453293,0.9917498265572801,0.9918112814962117,0.9940322704080992,0.9966308614421284,0.9962689276614316,0.9942264571716487,0.9942137848686056,0.991804860044823,0.991834885974272,0.9917726942341174,0.973744125041546,0.9886143923668945,0.9819641363635834,0.9885128673122217,0.9879576330006876,0.9807699545395944,0.9336578204470762,0.9890742501287229,0.9866755933635439,0.980330843778807,0.9323210060380921,0.9957006850190778,0.9955979963680954,0.9958293268128279,0.9922879516082357,0.995325408498521,0.9958346640662898,0.9971225202515646,0.9972642518186224,0.9958161572637912,0.9958080004000611,0.9897604705887119,0.9146336949015881,0.8882826144817977,0.9244577758976877,0.9259903930151147,0.9041504405506987,0.8784597166470268,0.9231718616050713,0.8811486154288001,0.9104022692052646,0.878035179652077,0.9545911121760449,0.9544566368241274,0.9684097104704816,0.9845166908212077,0.9821972074935033,0.9845672222127118,0.9802142013293355,0.9804554660399193,0.9820379055893309,0.9819708488492896,0.9507685570550911,0.9617369334791599,0.9388033866806084,0.9387235800285085,0.8704126105883679,0.9788657076085449,0.9804338038545103,0.9806213002505209,0.9802233023147486,0.9517506653641783,0.7627812782847699,0.7190843763635476,0.8281133009135037,0.893073878138977,0.844889349251653,0.8695018278931971,0.868212479347441,0.7205346161237678,-0.2187479404722979,0.9698702862858588,0.9740913437807813,0.9696818139081786,0.9827884718842342,0.9675892015628121,0.9729782568259372,0.9723725974873778,0.930505141453576,0.974880307854415,0.9337561766731627,0.6876692331771985,0.9063961985293846,0.9043208345509491,0.4886204133810946,0.82494064835085,0.8296792789649097,0.7386201244908616,0.9664500792770191,0.7113562908789561,-0.29107337267915473,0.2135770538667402,0.7386719090557571,0.6872144709279626,0.7311663357833817,0.9679863394783699,0.9679476161201452,0.13126192056200572,0.30318430930045537,0.1378268581731089,0.10973058110679514,0.1314956819757242,0.14623377005019417,0.1429166063070993,0.06440384710864855,0.4976193941337811,0.22837110930278035,0.17756271457039077,-0.4409286613957896,-0.485482836667526,0.6618490553042515,0.7498001117932712,0.774042780656239,0.8348217091806192,0.8184082628250099,0.5676494494855464,0.7514079337695144,0.7685014168900237,0.7665818803531096,0.4183465338339631,0.20800145833577913],[0.985510858904697,0.9880391604230743,1.0,0.9869269478571469,0.9931223417078598,0.9915118632532145,0.989934928003263,0.9905845946013503,0.9906652907524514,0.9932989406107993,0.9972993223685652,0.99644344522766,0.9904519198422114,0.9926755362420931,0.9906428468832027,0.9900619083078919,0.9908465735233083,0.9901852649303785,0.9892972690641755,0.9892597809871615,0.9921624819380914,0.9904620583045257,0.9946974699146276,0.9836891580352916,0.9912508805916236,0.9806514844016038,0.9918050111993177,0.9869408775741652,0.9860205985561479,0.9586361852018002,0.9697719129932617,0.9739364433573757,0.9765017663374781,0.9532621190248657,0.9872240092094416,0.9903106751837439,0.988688333826282,0.9922652322101638,0.9947469996133267,0.9910962499737509,0.9850995356772133,0.9879009970147877,0.9875629447201946,0.9869264746502436,0.9920433098203161,0.9099012149120069,0.9326901210603862,0.9384507980619528,0.9193362331584874,0.8587260248967377,0.921183906761407,0.9032999958288975,0.9238102614509174,0.9269465140692456,0.9119590679618101,0.9494377259908379,0.9578629555372173,0.9666463708301366,0.977853287375153,0.9391202382510906,0.964024273061131,0.9625450586697065,0.9695055444718272,0.9628039674156614,0.9372564971421351,0.9211527331393304,0.9449509038156014,0.934845589416681,0.9161681260606016,0.8924834109785021,0.9699282972536338,0.9481934296120581,0.9623537777253091,0.9413054623999373,0.8233798368827806,0.8447474654524614,0.7626309706721649,0.8634739496288099,0.8917163626213214,0.893104948413648,0.8601053306596393,0.8744825923679735,0.39632117690565355,-0.5489866021670312,0.9596577078714954,0.9463641126057173,0.945934580400977,0.9391732929127579,0.9540771603715199,0.9622413373606857,0.9618014881843727,0.9328570275727553,0.9574000440855748,0.8759608620036907,0.7551358929575039,0.9504797922619529,0.9499099017434994,0.7774595666673991,0.9376487574938789,0.9393710229042705,0.8725380133207877,0.9800999512740994,0.7760311832066209,0.5050925861384754,0.6643518699449851,0.7970377427845792,0.7970030642099315,0.7782115664393112,0.982570514298372,0.9826160228664146,0.7107332676255638,0.6823496537121235,0.7107826544088547,0.3659941295916434,0.7021416505683666,0.7135263503419309,0.7266274614775037,0.7120199023624001,0.7411101558999634,0.6843383761748729,0.6660451042303475,-0.33721257323422993,-0.47623238553058783,0.62590974240773,0.8519434135441557,0.8818379130051271,0.887149248759889,0.8788602324364256,0.7570586768518991,0.8589900984732253,0.8707826352485031,0.8781938469176866,0.7333017861354704,-0.08992425844288143],[0.9999276243658697,0.9998323421527942,0.9869269478571469,1.0,0.9993660523677634,0.9863100489449983,0.9981600681526487,0.9965463903065255,0.971640437180156,0.9969062263549802,0.9952905338149495,0.9951039118298367,0.9966449086842843,0.9967680497512059,0.9965909881894369,0.9979505671271994,0.9982603060377525,0.9986707420297546,0.9971250882922666,0.9971315563257452,0.9972065225821286,0.9966058966292939,0.9885796491440443,0.972878262190604,0.9909689267844751,0.9594139797767673,0.9900898091290884,0.989526095829315,0.9702230051657733,0.9538846158077294,0.9922252978374684,0.9936195005794105,0.9923920584494135,0.9769980694416824,0.9979016861852625,0.9982329732526654,0.9978142988593448,0.9967532186126864,0.9963812952600726,0.9981588875746529,0.998680435376022,0.9989087851129395,0.9978579008577955,0.9978618194165348,0.978677906423644,0.9109904728165064,0.9476907796501374,0.9254182374144823,0.9247107205184931,0.8972476931339829,0.9603304416273261,0.9450397715605442,0.9619600869898413,0.9634757696393481,0.9528540205594277,0.9822569673185905,0.9799952043475989,0.9896564959796729,0.9942699499552944,0.985501863600227,0.9816928428393004,0.987130365042436,0.9859991301428143,0.9876015023858815,0.9874151080981202,0.9544389471041178,0.9738041175526646,0.9746066713202328,0.9742819053059458,0.948249999131587,0.980416423118676,0.9751793185148904,0.9837532105597588,0.9830088679642693,0.9221959284095317,0.8876500464599942,0.8525218328238685,0.9033962773467591,0.919438818804617,0.9190654714363864,0.9177411660445405,0.9164411479562886,0.6040385270393657,-0.5586340891268156,0.9803423749525726,0.9754529837428919,0.9719672522089337,0.9862112472431847,0.9743537047252988,0.9840740435057023,0.9840533241554972,0.949513972821535,0.9835532340043234,0.9376890318514471,0.7765832681776439,0.9124746399385577,0.9329337517138776,0.8029795224554871,0.9524787515933026,0.953289530088793,0.8997089609936142,0.9666250377028808,0.8896735563661938,0.5975958166612346,0.7201587648003854,0.897291184850789,0.8670442286803399,0.8881502105956394,0.9750992356023883,0.9752838921478917,0.781870576802233,0.7377966116288053,0.8170577603430806,0.4227754436355341,0.7972219184445333,0.8210398735600515,0.8161678373306914,0.8106063898253727,0.7826494935477942,0.7512864265095538,0.7342702183060111,-0.269562092151614,-0.4128131808562293,0.6607034814954298,0.8898049671054268,0.9328234948132991,0.9404813632531027,0.9064957655121616,0.8229648683945298,0.9076780787543105,0.9258557987660554,0.9257902461423843,0.8548491684123174,-0.16076767953878227],[0.9991188849969707,0.9982599306076773,0.9931223417078598,0.9993660523677634,1.0,0.9892093554305152,0.9991048199176367,0.9985456935487249,0.9840106512225512,0.998546173188244,0.9981438234404065,0.9981887762127795,0.9985747960532182,0.9985783333087462,0.9985778514260272,0.9990773357008961,0.9987103162962174,0.9993047581432307,0.9988993088889634,0.9988964100900898,0.9986354019889072,0.9985647283741764,0.9944814622046377,0.9804998982678522,0.9949598502525843,0.9768180554635725,0.9949293150927242,0.9922264660013014,0.9830601180894855,0.9572233174267216,0.9891949025537818,0.9918841380299591,0.9895854287300686,0.9688917999756267,0.9989470105279102,0.998998384501788,0.9990151695517412,0.998653668812732,0.9986822307480188,0.9989902598939612,0.9989787012464568,0.9992028942797789,0.9989494737540494,0.9989451573693567,0.9883495673349618,0.9210361458396888,0.9468674817871395,0.9368803243150635,0.9289466274150533,0.8928048672503833,0.9466785599676459,0.9390085508553233,0.9509616218242746,0.9567833065193682,0.9455333287629903,0.9793733157735866,0.9792667844420453,0.9895195295326541,0.9940882825883953,0.9823590590075835,0.9764226737185392,0.9829223217996198,0.9823587288478536,0.9832724348865441,0.9830675958407762,0.9553088318583215,0.9655336160841722,0.9603349403518966,0.9599484101814996,0.9227654444757845,0.9778317490027567,0.9742208308713552,0.9800287710840418,0.9792342962905192,0.9405180270334178,0.8676590176714063,0.8299103367809568,0.8887257481071978,0.9241685257750865,0.908605139294863,0.9157416574987725,0.9146201175967267,0.7516708825791958,-0.570979599607945,0.9743828870837861,0.965808535886727,0.9631388993237366,0.9832820924539757,0.9652877035870628,0.9778626521613035,0.9775144330673476,0.9413235445776694,0.9794234235366623,0.9440522460245859,0.7660519050200144,0.9275203184877236,0.9528653926627749,0.7659734098626167,0.9397799012095557,0.941270560528519,0.8938433753244746,0.97163610131849,0.8878059211967243,0.4381148662331962,0.6613188007024002,0.8936195097324778,0.8423183928981834,0.888997501098307,0.978632256802685,0.9787736114707339,0.7461762474927477,0.7212521171118361,0.7500989286085755,0.4007758473009578,0.7008781204942569,0.7550578043754452,0.7503983226631263,0.7136772723902357,0.7692929608626223,0.7362313012679025,0.7183411143604638,-0.47632767263249765,-0.5574758228143128,0.6552429486333922,0.8842107403290552,0.9184466506768622,0.9343708669950033,0.9042503551128054,0.8036862758851195,0.895408810224841,0.9122144166346348,0.9116302638793056,0.7911858075467284,0.049047436349211986],[0.9851439364082775,0.9900301414433343,0.9915118632532145,0.9863100489449983,0.9892093554305152,1.0,0.9844264588481014,0.9852752839924848,0.9925033412926053,0.9847157269439056,0.9804491605547748,0.9795947205645934,0.985147144933579,0.9856510601122169,0.9853457535288945,0.9850027229212287,0.9882997383307112,0.9861652349283809,0.9860356132304735,0.9860371072146927,0.9841864141630287,0.9852530571392162,0.9955432445919599,0.9934049488343856,0.9865426629775618,0.9866209186736421,0.9867809457210356,0.9774431012375007,0.988097241953017,0.9735574437858513,0.9633752390377485,0.9689200274335772,0.9775999442139142,0.966432084873681,0.9841028236189319,0.9844730476693372,0.9852871726676816,0.9859168409597052,0.9803282131720842,0.9849304005773724,0.9833091515287189,0.9850038334561101,0.9842810250919656,0.9842903302739032,0.9959717062039963,0.869125693035325,0.9254110305340335,0.9052730558349511,0.9176014996071244,0.8772975871548915,0.9186604839164049,0.9091381562977613,0.9212407855261634,0.9352203965789941,0.9171700725974518,0.9512829398322675,0.9563832525419386,0.9627300966175145,0.9722128289333736,0.9704051959337423,0.9860628018607437,0.9720370615017394,0.983799485852272,0.9716311125821857,0.9710581488506012,0.975988347403501,0.9678241774490767,0.9475358356394247,0.9469787289762974,0.945560291009874,0.9822928818628132,0.9749104629689045,0.971712359954339,0.9703358298690848,0.9625081395684822,0.8886706964790977,0.8424657183323695,0.9061723465538922,0.9151935903224869,0.9244403588165366,0.9054807402223927,0.9032437123404289,0.7263984285759613,-0.5092894594314203,0.9801720108106017,0.9813432433396714,0.9770882629574859,0.9713022765921557,0.9724403446590261,0.9789889048280921,0.9785585342844213,0.9674656362295986,0.9684039702033208,0.966352289275371,0.7781688480881287,0.8861809216883697,0.9524879710511707,0.8118378268918254,0.9415852372008882,0.9426172343749948,0.8685500173945572,0.9593799057495233,0.8371652852263953,0.5264653525425207,0.686714814174868,0.846770028262693,0.8208343009774796,0.8361943876942546,0.9599792182004914,0.9600925482608041,0.7372146208580439,0.7144737368686148,0.7533821824461017,0.4247679909297402,0.74429594277458,0.7588475645100968,0.7526514183240446,0.7493364981055814,0.7644762086934995,0.713609738835148,0.6992034794633232,-0.297396448172939,-0.4274887907443038,0.6695925809684339,0.8588410947965218,0.877121808545596,0.8903198042912597,0.8699032473836128,0.7837627387224392,0.851305626460081,0.86898621377978,0.8689848850758838,0.810568553055343,-0.12559938954592131],[0.9979125215459324,0.9946304369108933,0.989934928003263,0.9981600681526487,0.9991048199176367,0.9844264588481014,1.0,0.9974903151542046,0.9573315357685169,0.9996014106295613,0.9995531924699352,0.9995719258305188,0.998392321730608,0.999466733913316,0.9991693474684409,0.9998900506197144,0.9965194610481891,0.9999033146352614,0.999366744624579,0.9993718812676877,0.9997076782906881,0.9993161167642471,0.9907525552179467,0.9747090310716954,0.9856731237987576,0.9263449843958168,0.9934460148725934,0.9917872776934138,0.9738198420377131,0.9510054565770883,0.9916034933217591,0.9918181726729152,0.9934255055964986,0.9744176855122733,0.998989185697256,0.9998485208276414,0.9997091470445065,0.9994747383757021,0.9997601308476048,0.9998324841956518,0.9984840427023179,0.9997309542596154,0.999376412969474,0.9990250128687742,0.9808687009747419,0.9289001881923329,0.9504087305587262,0.9468173317640801,0.9370560532748383,0.8931667392151028,0.9568799982366873,0.9446891631571125,0.9591939340886014,0.9608409018146074,0.9513898102463354,0.9813094177003151,0.9805300425275867,0.9915854188260516,0.9963573145510711,0.9492183884036628,0.9645705078883671,0.973889897428671,0.9745978505742643,0.9754420758989586,0.9492195908949707,0.9063574919894206,0.9570005603193841,0.9620953289811746,0.940380264888124,0.8972743112312177,0.9684050151894754,0.9415096663966789,0.9686020086813721,0.9495805465952739,0.7842261368653756,0.8616087322738629,0.78329750817199,0.8765208497918985,0.8939215282353098,0.8986019586882821,0.8771150575689244,0.8891406581930947,0.34609974576083286,-0.5921107864652602,0.9656908236026412,0.9522103476150532,0.9507963531793329,0.950756444254415,0.9616312512438946,0.971877228829366,0.9719495893449335,0.9310640453823439,0.9686228675607229,0.8530067318220541,0.7607766127340796,0.9281648421620414,0.932361521855508,0.7914279958215362,0.9504685923432642,0.9514429067259729,0.8971842781701006,0.9710750840305711,0.8321446668107437,0.5900205006200224,0.7125137741646717,0.8554850581408667,0.8474685328441293,0.8370096753436883,0.97889204692924,0.9790824743626579,0.77192155089515,0.7186430662151239,0.7821013611435871,0.395350184301555,0.7756368257948786,0.7939402382901276,0.7884794970688669,0.7918235149566439,0.7662695365194432,0.7420098611673492,0.7232397222868167,-0.28445713630141384,-0.435166903603134,0.6723562723795582,0.8880268541254996,0.9236260120652618,0.9404666767956517,0.9098216284635817,0.8235274180065087,0.9091299515225566,0.9286176413208942,0.9273236052751674,0.7751724279840212,-0.12771436785362217],[0.9961142416692603,0.9917320461033116,0.9905845946013503,0.9965463903065255,0.9985456935487249,0.9852752839924848,0.9974903151542046,1.0,0.9682088399011369,0.9999998247869373,0.9999992854788775,0.99974332099958,0.9999970570625065,0.9999924235931847,0.9999981843495576,0.9993019512712324,0.9912198007682554,0.999436042489451,0.9999065261801279,0.9999059104018135,0.9999637273048293,0.9999985955778375,0.9911648037108473,0.9762534390797613,0.9927132177251833,0.9404490356099456,0.9939459626675275,0.9899408384203277,0.9760239551069534,0.9503217783983501,0.987907650325793,0.9938079624787434,0.9919521515503562,0.9712865959661591,0.9994606429481458,0.9995565426332191,0.9996646155026068,0.9997359871833772,0.9991756305725163,0.9994868115732789,0.9981832716013173,0.9987907975107396,0.9995320948224145,0.9993952175956446,0.9825178864935757,0.9286978763852619,0.9476140393858445,0.950780054747043,0.9352870928873052,0.8820294503872409,0.9551270495471733,0.940089976255267,0.9570743513258815,0.9550188219542867,0.94527057652656,0.9792646292760574,0.977523857040896,0.9905235804007697,0.9968865880314732,0.9442936887791038,0.9604482993030664,0.9675776642885855,0.9715738450168323,0.9695144341894606,0.9475040420769862,0.8988093068500126,0.9523167348939245,0.955382264501577,0.934996024750805,0.8852852848711564,0.9657271432287483,0.9354173452141087,0.9632270582337444,0.9450046212732577,0.7716365224471262,0.8536892402268542,0.7788851533768381,0.8686698177031789,0.8868509958509821,0.8941046971770061,0.8727537052775766,0.8824192461945569,0.32863837446322275,-0.5964121737150782,0.9615838530976185,0.9457226304016724,0.9448494178751199,0.9488036804329556,0.9571062186572296,0.9678365449408655,0.9678935972537653,0.9263551393593463,0.9618911180750906,0.842052367837501,0.7576957925429009,0.9422100270645882,0.9431244303320307,0.787820601717439,0.9502176367135875,0.9513456166727157,0.8946366493529735,0.975048466251698,0.8350725867327351,0.5757025013691498,0.703730544737756,0.8564588242981601,0.8442904871363689,0.8391674764396384,0.9813572984264243,0.9815519461318835,0.7629061985280946,0.710930449340917,0.7833842452280956,0.3827925905774476,0.7704718114804705,0.789373358909586,0.788890930946619,0.7862133308075129,0.7600155544579799,0.7361924667469965,0.716840553542591,-0.3001901875154572,-0.4498494112760759,0.658192508441149,0.8804162757021533,0.921090663677841,0.9328709728198806,0.9040054197036672,0.8127258267152339,0.902677718810021,0.9223160907441899,0.9212927676100289,0.7562449096214334,-0.11071916952949355],[0.9693551445958779,0.984841430402053,0.9906652907524514,0.971640437180156,0.9840106512225512,0.9925033412926053,0.9573315357685169,0.9682088399011369,1.0,0.9832388861118918,0.9874689128124761,0.9897183074986637,0.9718914841603911,0.9802212048902115,0.9768074603675888,0.9746824316293256,0.949156683482764,0.9794577189675199,0.9775662308027767,0.977519088260889,0.9817048768222091,0.976666428840358,0.9939808103835942,0.9926096774412734,0.9811551811717739,0.9885536805744405,0.9842001880680824,0.9899279558238508,0.9904098338220321,0.9670948712690625,0.9279193650138506,0.9495266192311805,0.9654761390149558,0.9489776925691321,0.9711965123296773,0.9795525607883315,0.9762972906394158,0.9786619218369361,0.9878351939202882,0.9806881839744548,0.9671565234682147,0.9765356944013036,0.9720411899442527,0.9709920010367339,0.9989404321951978,0.8874308468273142,0.9163668266148708,0.9411132372951263,0.9313436149654848,0.8544664463755364,0.8843943938729544,0.880769218856502,0.8882221210950968,0.9100941377976568,0.8913402140839765,0.9280422421009786,0.9434634489368477,0.9495209140371639,0.9617973316765727,0.8984870663537361,0.9650233469338246,0.941628914071616,0.9630018180697157,0.9416554291894477,0.8965125893911869,0.9099324752090857,0.9379066414084221,0.9098017704628345,0.872726387834792,0.8744009487479362,0.9644945097660359,0.9151842432132516,0.9400593841797052,0.901492801125796,0.8096478306056688,0.8370718468315761,0.7179152423891049,0.8578287575849229,0.8721944439299801,0.8859195268851848,0.8338723634561053,0.8524813080067151,0.37332828230754717,-0.5343008109961771,0.953669229437692,0.9487206562514913,0.9450057606014947,0.897387045302214,0.9434722484745813,0.9517031559719877,0.9510648673988802,0.935177134511463,0.9359163212132885,0.861815585756592,0.7614336218921532,0.9336136605212638,0.9584991652110738,0.7859340152446582,0.9308086164761519,0.9324842606597721,0.8502282755741181,0.9676406615701781,0.7425696895847542,0.46826636531689947,0.6455398437738099,0.7746186396126501,0.7740431205249798,0.7528115014397708,0.9670378065286419,0.9670635070862181,0.6917675437707911,0.6716534061244854,0.6762538723207454,0.37345855403484773,0.6841531198223404,0.6919510323810861,0.6765372059725766,0.6905331067020045,0.734009107648004,0.6788640696513273,0.661850203105937,-0.34392508026485863,-0.4792940789247344,0.6701367817524394,0.8370276063880135,0.8349548497426285,0.8620448698543071,0.8582818308143438,0.7499100544016661,0.8146173725984592,0.8405970851464435,0.8346371006833563,0.7055545104559315,-0.04968472306729129],[0.9964356716931861,0.9917491059878638,0.9932989406107993,0.9969062263549802,0.998546173188244,0.9847157269439056,0.9996014106295613,0.9999998247869373,0.9832388861118918,1.0,0.9999991098080971,0.9997481542025188,0.9999985128146333,0.9999911968096654,0.9999976831642028,0.9996676088836002,0.9977968120512606,0.999430865662897,0.9998788338578192,0.9998786328729022,0.9999764368561602,0.9999990787060636,0.9937448092838234,0.9777955037681563,0.9960168048190344,0.9736188291257285,0.9961023588804877,0.9899189285838264,0.9803601288066947,0.951547522541741,0.9893634366211063,0.9935354331825883,0.9893969495463532,0.9677141451467894,0.9994803499905539,0.9995478339185064,0.999559901093347,0.9998256202912253,0.9991892657891658,0.9994945640524863,0.9983850131591854,0.9988313712235701,0.9994842647060397,0.99947782270964,0.986837144988484,0.9286438796935035,0.9476515428642834,0.95057705921566,0.9350691200116977,0.8821749345864941,0.94468481767925,0.9334934425217809,0.9483722638246646,0.9530387918182558,0.9431426475132985,0.9778437622296969,0.9775588648139001,0.9910551767711645,0.9966629592487851,0.9725598963947125,0.9603909098832754,0.9731924870432963,0.971536294011645,0.9736354222980127,0.9733790640591775,0.9434247875993266,0.9522364527977523,0.9508439543513508,0.9505043655469964,0.9115031135908327,0.9656635482504932,0.96475905700665,0.9704366020382827,0.9694519869902478,0.9274785370051734,0.8537408030158887,0.8101610398961161,0.8684336238907884,0.907325728350346,0.8941261818408778,0.9002123841435505,0.899336565146751,0.7043376594459598,-0.6063766248882293,0.9615474303971545,0.9457279481343032,0.9448640579668023,0.9737033681184731,0.9525084574972368,0.9674557876282718,0.967078080876188,0.9270661947836325,0.9692514793560436,0.9301133823478233,0.7577079226803388,0.9418944221807353,0.9552249498187907,0.7703601536765623,0.9435158019535705,0.9448139171679141,0.8947087180983506,0.9741885716336022,0.8955772382981676,0.4760055344403577,0.6788729503486579,0.9013310385261414,0.8505498244571986,0.8968521725273946,0.98131432188447,0.9815389237635473,0.7629748854597349,0.7106694147230925,0.7661738032595626,0.3829190498013278,0.7183476936950464,0.7711693179038726,0.7664894245262934,0.7326692571380846,0.7597623047578004,0.7361665200455074,0.7167891426543845,-0.5218097340086775,-0.6036042308418964,0.6582031751686387,0.8805687970343845,0.9205917609973009,0.9363454390069462,0.9042010109319742,0.809108051380279,0.8965427819676338,0.9140816126969402,0.9133938914500729,0.803117691564607,0.11531099369926187],[0.9945911932417317,0.9917592708443688,0.9972993223685652,0.9952905338149495,0.9981438234404065,0.9804491605547748,0.9995531924699352,0.9999992854788775,0.9874689128124761,0.9999991098080971,1.0,0.9997482313392885,0.9999962990789664,0.9999946035886745,0.9999982611553819,0.9996478972340654,0.9974132440563637,0.9991460936454614,0.9997732395139589,0.999772666304724,0.9999983834437025,0.9999978207743379,0.9927979767342111,0.9726223388154995,0.9950190200584902,0.9814317404452344,0.9956273342595439,0.9899353658173023,0.9822342971534591,0.9427840533143745,0.9881149808213842,0.9927741347195125,0.9826303355825288,0.9407261836510012,0.9992336089837861,0.9992921500073586,0.9992276168688996,0.9998876701074579,0.9991709796720112,0.999238107045485,0.9977748913297062,0.9983930309509694,0.9992041777988548,0.9991997830346202,0.9888295740388517,0.9283275489364068,0.9111493338967822,0.9505095820349135,0.9349521839420257,0.8818199255368625,0.9104508134721412,0.8992505880675226,0.9152496578201504,0.9240610802207746,0.9087009943902388,0.9691190702853224,0.9690547749227434,0.990243523417556,0.9950315558334281,0.9649893171713413,0.9604969003587274,0.961477621392448,0.961680483236522,0.9632117843155767,0.9629490493275624,0.919224285051262,0.9418739357496326,0.9185711488189001,0.9180801788737951,0.8408449744452412,0.9630866712591699,0.9691981030206862,0.9653584972232608,0.9642674685901524,0.9184830968342925,0.7777080088164177,0.7355530338766316,0.8256120447282881,0.8830464283335199,0.8486808993366901,0.8657872692072928,0.8643100544705129,0.6987097132496107,-0.42862358761559566,0.9479722911630103,0.9458426324596699,0.9449413821239432,0.966267800855515,0.9389325194417698,0.9511237455033075,0.9504603037039334,0.8966727787011828,0.9542199696179557,0.9022638797223927,0.7578601193938429,0.9422452851953012,0.9583448663449011,0.6475778145028105,0.8987473556030818,0.9016626254374412,0.8499324026423172,0.9843637301355206,0.8375305862884068,0.13948761257020556,0.5255218540294848,0.8498560258946404,0.8143982963849322,0.8440519370874894,0.9851046814650899,0.9851170640144957,0.5072048830279441,0.6172898495281658,0.5146376511052227,0.3828288328174326,0.47962875806592087,0.5267774043048449,0.5162545176752723,0.4530951958782234,0.7471876561731371,0.5919783051828542,0.5519315684979329,-0.48607084083388535,-0.541270886359029,0.6575773766408534,0.8590745797566487,0.8719321260623353,0.9023414199216385,0.8976479074686241,0.6605344580565781,0.8384362018692488,0.8640540332633898,0.8629796181158564,0.606214250747664,0.057806780326590215],[0.9941852547928962,0.9935003777164694,0.99644344522766,0.9951039118298367,0.9981887762127795,0.9795947205645934,0.9995719258305188,0.99974332099958,0.9897183074986637,0.9997481542025188,0.9997482313392885,1.0,0.9997620712644739,0.9997464699879995,0.9997535164302986,0.9996508012989476,0.9980579299470305,0.9993555472014555,0.9999676022861163,0.9999671725796876,0.99975250602894,0.9997579806465835,0.9921807810767294,0.9684813023494201,0.993641390455693,0.9817644176974926,0.9944769378577369,0.9927243279962222,0.9777876507174948,0.9215563505411672,0.9907924787501275,0.9938145354162643,0.9778548660318602,0.9197347920216586,0.9993631132583877,0.9994157079291107,0.9993732219817755,0.999551521592468,0.9995790430136041,0.9993913861668325,0.9976112123090246,0.9984166384606484,0.9993503865606269,0.999345502243812,0.9899867491040021,0.9234482496051396,0.895698120574465,0.9475748751236738,0.9344689794671439,0.881910475917215,0.8714007277654219,0.9118109044729424,0.8753960598589646,0.8970535714454717,0.8693929794505095,0.9555238864331883,0.9554332797724273,0.9806325139520867,0.994255417696656,0.9640217553956385,0.9652412814729464,0.9575559687888662,0.9596687173538574,0.9606476999715904,0.9604996993937949,0.9199727329865423,0.9338141661701942,0.9051084388651239,0.9049672036967645,0.8238802779105968,0.9616649411399828,0.9640690536472847,0.9641700751429645,0.9636221031314057,0.9249966635546901,0.7175891914472762,0.6704175304614759,0.7848977605013744,0.8571964074186749,0.8060645489488654,0.8323631867028645,0.8314185156360846,0.6698432480022612,-0.3339298084867322,0.9424449885395049,0.948938922313978,0.9422308467600968,0.9650007242044084,0.9396353599702858,0.9465841855886556,0.9457497585483406,0.8943086692523784,0.9494714482863211,0.8987634442053682,0.7026352304892529,0.9394558367565807,0.9337937286318758,0.5001407950649646,0.8356844936094693,0.8407331781659536,0.737507239158263,0.9773880157311009,0.7132737175984403,-0.2325746727661637,0.2538177131507447,0.7374551025496284,0.6919894878105262,0.7309673331676898,0.9785735113696457,0.9786495260147631,0.17765018989890385,0.33521609200368696,0.18266555514379662,0.1545729236465353,0.1748210491295027,0.19168759616701397,0.18907913683979707,0.10573939993257733,0.5260372928346304,0.25777946074939023,0.20509827368212644,-0.5061679157747426,-0.5497892427026916,0.6584094536911111,0.7504653291327326,0.7746028953085499,0.8375890701409499,0.8237044171829832,0.5571033062260541,0.7495544737568826,0.7693328810431895,0.7676300891107054,0.4197137114405145,0.2502276868707068],[0.9962309391588008,0.9918823993453293,0.9904519198422114,0.9966449086842843,0.9985747960532182,0.985147144933579,0.998392321730608,0.9999970570625065,0.9718914841603911,0.9999985128146333,0.9999962990789664,0.9997620712644739,1.0,0.9999908998807742,0.9999976762030893,0.999351792371074,0.992933398202209,0.9994774236155083,0.9999156787564745,0.9999153690806393,0.9999708323066694,0.9999988949521488,0.9910562047597404,0.9760802241514668,0.9933745306568209,0.9453867719444797,0.9938994131278718,0.9900647188747098,0.9758324903688043,0.9502851829276692,0.9888144094391167,0.9938861587829164,0.9920417795897568,0.9714320720436513,0.9995034170241007,0.9995970715398048,0.9996957429198842,0.999736258416723,0.9992400979883616,0.9995289277914031,0.9982712416955187,0.9988606075280939,0.9995752363481648,0.99943894024501,0.9822905491495447,0.9289934564586634,0.9478028355323875,0.9507387982602061,0.9354646905949594,0.8827546921276689,0.9554855831523505,0.940496885196763,0.9574377237113862,0.9553813388512755,0.9456820794381289,0.9795232873810688,0.977722589850846,0.9906682116590024,0.9969644716008061,0.9445809975372772,0.9605431753047537,0.9678215582875089,0.9716706452434234,0.9697557152878311,0.9477441089133435,0.898874345344276,0.9525279037664958,0.9557555972744778,0.9354033951919882,0.885596091766961,0.9657757687336647,0.9355984430023082,0.9634167821216181,0.9452719046414163,0.7716385438553491,0.8540604892443042,0.7793877745578149,0.869021405647548,0.8871235708560324,0.8942913409136429,0.8731155872813166,0.8827837207022664,0.32884555442045743,-0.5964163539215046,0.9617342328826303,0.9459578456771544,0.9450561177990083,0.9490333166062269,0.9572687236240421,0.9680022535813606,0.968061682618801,0.9264388874490261,0.9621546495103371,0.842162085772769,0.7578047667691371,0.9415766927462069,0.942616864518472,0.7879269966174616,0.9502414906512272,0.9513610006544287,0.8949784726378758,0.97490069893962,0.835552883404228,0.5767769270446983,0.7043948287074104,0.8569282058036816,0.8448236740235237,0.8396428316303691,0.9812904969401205,0.9814850169207081,0.7635334712768429,0.7114728915021368,0.7839878637915982,0.3834937782516305,0.7711483606494979,0.7900637980217811,0.7895063023679312,0.7869243146938302,0.7603761437272166,0.736646311616071,0.7173141436236503,-0.2992384346567484,-0.44900149462884476,0.6586771976178756,0.8809424013307335,0.9215532102117955,0.9334072201139073,0.9044850677263119,0.8132982437923273,0.9032596273493679,0.9228920270828929,0.9218577201561868,0.7569304079265397,-0.11175065229666499],[0.9962655383986803,0.9917498265572801,0.9926755362420931,0.9967680497512059,0.9985783333087462,0.9856510601122169,0.999466733913316,0.9999924235931847,0.9802212048902115,0.9999911968096654,0.9999946035886745,0.9997464699879995,0.9999908998807742,1.0,0.9999948457546962,0.999548026713003,0.9977311838647616,0.9994335652010898,0.9999003635784891,0.9998991411885937,0.9999520898743708,0.9999908562880748,0.9930299743231167,0.9765044306183095,0.9957281556435198,0.9676118203507386,0.9955018088841935,0.989889064328345,0.9761885100855662,0.9504414484894548,0.9890008837665452,0.9938655711469507,0.9912826847918595,0.9709206195717798,0.9994762857681377,0.9995488449031837,0.999612016947333,0.9998836054765,0.9992004714547408,0.9994762025722614,0.9981144637654105,0.9987792323727483,0.9994941147444407,0.999485407490509,0.9847904097857704,0.9287958318848136,0.9475415231519468,0.9504682016985968,0.9349444429307606,0.8821148875119361,0.949503827660527,0.9325737303211024,0.951742317271806,0.9547176854253723,0.9449358421583077,0.977777684515377,0.9773803852453192,0.9898966820723386,0.9969578956146753,0.9727290120816424,0.9601592293472418,0.9732424890988334,0.9715401011387211,0.9742118251924297,0.9739396405075105,0.9518126375097429,0.9519404530365249,0.9548436900085311,0.954482925690557,0.9271692575357525,0.9656978246821348,0.9675266971366906,0.9720103164080787,0.9708936258165912,0.9364476161936661,0.8534187570188577,0.8166954435889451,0.8681920252351961,0.8983593970133366,0.8938761627408038,0.8945896041162079,0.8933798821483526,0.6816162989646508,-0.5968825963765335,0.9615665949087122,0.9456224083214588,0.9446123807114475,0.9738822102463391,0.9571822346734552,0.9678254285286779,0.967916520760382,0.9264736851850983,0.9683585402909458,0.9380515065873151,0.7575643552525083,0.9416098096590083,0.9483075213229629,0.7869387159557664,0.9500705615042523,0.9511245460717982,0.8945797479997165,0.9752574621404816,0.8840769262109355,0.5760632609403581,0.7032667594365863,0.8917467024650794,0.8573353562654501,0.8824535177411149,0.981574301785572,0.9817958822263546,0.7620668178729518,0.7101053387320494,0.8005716114527317,0.38288718943193817,0.7756866522290801,0.805138800781273,0.7996321300621005,0.785651787772825,0.7598385658744614,0.7348309084743883,0.7154946639237325,-0.390967524648556,-0.5119562606191466,0.6574428445881927,0.8805659772212333,0.9179342188081449,0.9287423507368735,0.9045422626001021,0.8118803588115817,0.8899803320710483,0.9108498158099729,0.91032274596292,0.8406992889460552,-0.07870949403903678],[0.9961594200453001,0.9918112814962117,0.9906428468832027,0.9965909881894369,0.9985778514260272,0.9853457535288945,0.9991693474684409,0.9999981843495576,0.9768074603675888,0.9999976831642028,0.9999982611553819,0.9997535164302986,0.9999976762030893,0.9999948457546962,1.0,0.9994443799786566,0.996980740709248,0.9994524541676084,0.9999095367880342,0.9999085986201595,0.9999648339377176,0.9999973858234267,0.9912095865377738,0.9763184775763856,0.9950791730996551,0.9590783938566116,0.9948814116706833,0.9900182510946169,0.976078854848152,0.9504940995499966,0.9912762877697566,0.9941550245730324,0.9918994849077928,0.971193902374513,0.9994725631844585,0.9995580194498959,0.9996720225838841,0.9997517861008783,0.9992048269245668,0.9994842843018402,0.9982088501271568,0.9988075264510812,0.9995422645226809,0.999408146364579,0.982517652515413,0.9287765457727772,0.9476319819984252,0.950775619598886,0.9354007699669747,0.8823393121598169,0.9552076796572121,0.9402260356245026,0.957187290800276,0.9549671605667361,0.9451860789830375,0.9792907012793807,0.9774671067439406,0.9904933741710219,0.9968504092303857,0.944593739436264,0.9605338041024464,0.9677471963195625,0.9716520635018415,0.9696695015522778,0.9473154397444824,0.8990288287613835,0.9522205930132643,0.9554470978474238,0.9352120447551957,0.8854202431125632,0.9658743389253255,0.9357689382637517,0.9634334719331848,0.9453194872808653,0.7719894296573181,0.8536793195465552,0.779150687432209,0.868702821790537,0.8870231554090809,0.8941079054375941,0.8729078349253824,0.8825898836685417,0.32899804114317105,-0.5961091307692324,0.9616676217608341,0.945867622337679,0.9449773088667034,0.9475097306893697,0.9572831893435895,0.967917233345177,0.967970997396286,0.926547230633228,0.9620614651717623,0.8423242946923705,0.7577286406280684,0.941905886902416,0.9430224871448897,0.7878177298972968,0.9501424098439049,0.9512746846482425,0.8944535190198357,0.9750659242108,0.8351052496642256,0.5755295472519699,0.7036170296214059,0.8564691692002802,0.8444167192254785,0.83919695952191,0.9813975135126315,0.9815890738216326,0.7625123574672571,0.7105839824459257,0.7833648795618883,0.38305679622847666,0.7704496846187013,0.7892933729486707,0.7890482673708484,0.7861133521565515,0.7599325742218955,0.735442564092515,0.7161253318168699,-0.30000095325712933,-0.44965570763068885,0.6584431181795276,0.8803219081748046,0.9212149611643154,0.9329131231039302,0.9040456461037153,0.8125198453260039,0.9028824299810843,0.9223529442380659,0.9214470493462248,0.7563409120958958,-0.1109937961536013],[0.9976728806161562,0.9940322704080992,0.9900619083078919,0.9979505671271994,0.9990773357008961,0.9850027229212287,0.9998900506197144,0.9993019512712324,0.9746824316293256,0.9996676088836002,0.9996478972340654,0.9996508012989476,0.999351792371074,0.999548026713003,0.9994443799786566,1.0,0.9983587278662206,0.9998456394696569,0.9995362417833935,0.9995409020854088,0.9997610699669496,0.9995210423950267,0.990834939278701,0.9752518138483327,0.9936790668151181,0.9512349924005737,0.9933196500244482,0.9917077537147679,0.9741508161025045,0.9510401479270799,0.9917375754325947,0.9925481866236193,0.9928089825762,0.9733830720030969,0.999260249513812,0.9997286757561397,0.9997097025055682,0.9995583583132254,0.9995784210753347,0.9996826981427893,0.9988220867135557,0.9995696551901962,0.9994998480639394,0.999253323931688,0.9810585651036251,0.9272928485234118,0.9498404261799953,0.946668880975281,0.9355911946327983,0.8895385402270637,0.9573541860011385,0.9449266320070111,0.9596283697053339,0.9592949925629636,0.9496055269889383,0.9813630346101794,0.9796288274147003,0.9914948993299512,0.9963533856988519,0.9493961746270044,0.9641950933886165,0.973055387230338,0.9742480825623275,0.9747009431463205,0.9503134508682122,0.9052540849259596,0.955631515592466,0.9610543564629814,0.9404553752033343,0.8946205942497295,0.968358944470741,0.9410513375459435,0.9680874659647334,0.9499538053635177,0.781214865087474,0.8595612745204115,0.7838085705612472,0.8743161507588962,0.8924215760856369,0.897064866609435,0.876878014372529,0.888211865245362,0.34101310174437244,-0.5929176275461183,0.9650436690218107,0.9510229636984239,0.9498394285654093,0.9518884054362107,0.9614335157586322,0.9712726442799569,0.9713519638477044,0.9310326378303421,0.967648880519934,0.8507865369288549,0.7594160677245709,0.9316563441959111,0.9346337709209575,0.7903427916963257,0.9502076567267508,0.9511325847695126,0.8947381114634325,0.9714269759013004,0.8343900803312775,0.5857816367380279,0.7090145090737265,0.8565105471943738,0.8472577