var config = { responsive: true }

var correlationAdjClose = {"data": [{"type": "heatmap", "z": [[1.0, 0.9999929157257961, 0.9838028986454221, 0.9999204759163878, 0.9988119297914116, 0.9889033373732555, 0.9973341892622823, 0.9949289706732887, 0.9952038671603962, 0.9798285215039751, 0.9910873857569591, 0.9950833169331438, 0.9942528697290456, 0.9949874698131652, 0.9951356114071616, 0.9963487120635505, 0.998046641227728, 0.9957567108271566, 0.9957720719434816, 0.9957841317948378, 0.9950294684749148, 0.9846774884049284, 0.9672092910953629, 0.9870001594440758, 0.9857791774884639, 0.9775563234946988, 0.9611458991319874, 0.9389643425723343, 0.9946993033066893, 0.9947262726680014, 0.9917691608744189, 0.9747100792098453, 0.9972444226633812, 0.9975657256169363, 0.9968903960257289, 0.9951529067027192, 0.9945369429638194, 0.9973951040411974, 0.9974666692775734, 0.9986596483590044, 0.9971801391439001, 0.9971946484735893, 0.9757338549732276, 0.9278163571858057, 0.765634462140861, 0.9028266642436433, 0.9201380930830172, 0.85401762420985, 0.971175382109618, 0.9444477708551282, 0.9722894499746257, 0.9683789927672019, 0.9635986661557963, 0.9864978487138099, 0.9828158187269483, 0.9829870376310775, 0.9754982951383394, 0.9849527861873717, 0.9821819458870588, 0.9856245937048558, 0.9853752254000006, 0.9628138090928036, 0.9641779122274389, 0.9704404332785779, 0.9701214822466411, 0.9410821561465158, 0.9740943736287843, 0.9725527991856693, 0.9809609596165287, 0.9800062435819428, 0.9335652795026056, 0.8501302508028068, 0.818505077468561, 0.8690516446523144, 0.8984539121434757, 0.8922600361977587, 0.8971125422009301, 0.8958097810081561, 0.6029439153712636, -0.5150974157013504, 0.9746306132122498, 0.963781887679246, 0.9603973681401694, 0.9839386507196279, 0.9468190314155693, 0.9800376600120998, 0.9799921943205914, 0.9413218129135683, 0.9804255634866436, 0.9462574813501187, 0.5908499732759163, 0.8319619685303001, 0.9098468651032049, 0.13554602462485105, 0.9134533027330917, 0.9355205587239857, 0.80432575410453, 0.9535730822525657, 0.8964134257278665, 0.6749933560276948, 0.44379818719222375, 0.892013329987836, 0.8608784233160688, 0.8879733162735349, 0.9651212972011147, 0.9653933963821579, 0.7381936642947717, 0.6972480941788082, 0.827783021238978, 0.32640542489244717, 0.7951058772329964, 0.8334690687996688, 0.8198579749411694, 0.8182306690246227, 0.7305980944471484, 0.7364045252326475, 0.7157440377231852, -0.22423114394788587, -0.35737031249490814, 0.6107024564476491, 0.9011940768974884, 0.9475376623213159, 0.9508090047848763, 0.9198051872960906, 0.827741494357881, 0.9186682699643619, 0.941038968864156, 0.9408162216354665, 0.8763560809547459], [0.9999929157257961, 1.0, 0.9799087403435276, 0.9997458755690909, 0.9971392238535245, 0.9897326657837455, 0.9922146601457813, 0.9870464744776543, 0.9870948986241065, 0.9654503300812397, 0.9898205498275114, 0.9873489370227908, 0.9871317633767586, 0.9871881377193706, 0.9872979280394224, 0.9927102791281405, 0.9945887403656545, 0.9909839575901773, 0.9909871085677167, 0.987183489886553, 0.9872548227599938, 0.9865157981574706, 0.957702253953833, 0.981924326019545, 0.9814597319171958, 0.9773997703322791, 0.9686514385181033, 0.9011393056848701, 0.9880851728795119, 0.9830439320069385, 0.976066688764634, 0.9096504887186314, 0.9941448723700372, 0.9939295156820717, 0.9942499129312009, 0.9887062530431697, 0.9935544474805192, 0.9942220123351482, 0.9945845559753305, 0.9964612444721352, 0.9942638026488384, 0.9942757892774265, 0.9838493768478824, 0.9275560803505807, 0.6556097982388901, 0.9027432662627535, 0.9208426355901149, 0.8541557952070432, 0.8917643820965662, 0.9145257024109864, 0.895694792720756, 0.907874105200413, 0.89061910467736, 0.9570475731154647, 0.9569284840442639, 0.9706317920807601, 0.9753757265505374, 0.9678096950701457, 0.9675378214748166, 0.9709950516064765, 0.9709052676933984, 0.9265890758486232, 0.9351055203157849, 0.8957278966694352, 0.8956092751203723, 0.7759456194918918, 0.9650391685789682, 0.9676687340328258, 0.9680336166562826, 0.9674411398379362, 0.9226101614911968, 0.6071326185960738, 0.5449701604306366, 0.7103323349867096, 0.8138771594227378, 0.7324326650250155, 0.7762556741824732, 0.7745202469737998, 0.5338145865770343, -0.26261545376021056, 0.9492264153392691, 0.9579170416092345, 0.9488857350059845, 0.971794141441377, 0.9129876353392873, 0.9547435246350747, 0.9535977278198303, 0.8852930556315233, 0.9584346672438185, 0.8925981037883745, 0.37289694332784346, 0.8309687357666826, 0.8344452444931232, -0.23834476889384765, 0.5775172598791534, 0.6905337782179366, 0.6123892372227926, 0.9483870121639979, 0.6340877265618754, -0.17572241579794604, -0.10517875899527863, 0.6008015157956571, 0.6097874127487051, 0.65632490548962, 0.9502689335161878, 0.9500656495608917, -0.11472133543654622, 0.11106472584863085, -0.0457422576429209, -0.06536999694140418, -0.03817038526882612, -0.02217180737399907, -0.053410205990418326, -0.0906580171344226, 0.2752242905178741, 0.03522647689218597, -0.01046313279580258, -0.45645098270994405, -0.48406307746740185, 0.6106916618435608, 0.7421601270323624, 0.7634791533199846, 0.8266261513082248, 0.8200901435820187, 0.519593236326785, 0.7279611913314107, 0.7627420779667591, 0.7613117987074308, 0.4153815017761278], [0.9838028986454221, 0.9799087403435276, 1.0, 0.9852702972598846, 0.9922310896493085, 0.9891748977112819, 0.990555637242852, 0.9908539723212255, 0.9941884477158301, 0.9528757445203389, 0.9966170515420149, 0.9907620168182348, 0.9927268484985026, 0.9909206913164775, 0.9908204167900928, 0.9913716095295286, 0.9895711499768198, 0.9893462279765125, 0.9893101392294451, 0.9926872205496804, 0.9907813011975961, 0.9928886626667913, 0.9773388704821535, 0.990172732325995, 0.9905451029183335, 0.9754202580643403, 0.9803247896900883, 0.9428862482590915, 0.973842895758325, 0.9768868527757595, 0.9784134364704714, 0.949786787982969, 0.9877643999596742, 0.9908901398092471, 0.9890709012643379, 0.9929480277264687, 0.9942176832473352, 0.9918753167621032, 0.9871111462991841, 0.9869224035728835, 0.98803742925009, 0.9873869981410588, 0.9898414508031927, 0.9272210752143972, 0.707754218210654, 0.9295949779547499, 0.905484119792552, 0.7546804000030752, 0.9321828110829875, 0.8992988545152689, 0.9333193685417853, 0.9282378091306457, 0.921164188654449, 0.953751941573091, 0.960449544493553, 0.9265781916063737, 0.9415681182416392, 0.9500013156517879, 0.9550495482534056, 0.9507446240505805, 0.9249236990717769, 0.8861901629145879, 0.9184899847707632, 0.9209880623527401, 0.9050784104411789, 0.8530073308888454, 0.9550242764418758, 0.9316635734625417, 0.9505089549382538, 0.9284420816510325, 0.7470935530557382, 0.7850515664842769, 0.7249510396712967, 0.8057552897752875, 0.8550121224706522, 0.8511573846128061, 0.8255413436076579, 0.8389317284526667, 0.2757867158138968, -0.521248065036442, 0.9397982922780594, 0.9061256525205045, 0.9127595658022457, 0.9271661123138826, 0.9076841172909526, 0.9460971479199635, 0.9457527315770767, 0.9018167530762686, 0.9431689936577139, 0.8208333855823949, 0.5590448900038815, 0.9186960673992008, 0.9289937390500215, 0.056637587865188695, 0.8912891531766726, 0.9164646841651554, 0.7894097684061263, 0.9755683104008007, 0.7788362024522952, 0.5843936940021942, 0.36449527753217165, 0.7849319625163415, 0.7851880619626235, 0.7732609989871413, 0.9795924270008436, 0.9796584632048199, 0.6548684916970089, 0.6281923799297817, 0.715356493015015, 0.2519078351373794, 0.6885046253708272, 0.712779472032632, 0.7284902854403781, 0.7094083433478808, 0.6801019243331555, 0.6589312013759465, 0.6361677900495375, -0.30288651296756697, -0.4352334761775327, 0.5573300330092993, 0.8593082471607614, 0.8978974178548264, 0.8982613043713445, 0.8917531149298144, 0.7557173126812599, 0.8719270752726539, 0.8863455788816742, 0.8954443114730958, 0.7405491515667515], [0.9999204759163878, 0.9997458755690909, 0.9852702972598846, 1.0, 0.9991361612417093, 0.9897658316193565, 0.9977186567367106, 0.9954938921007984, 0.9958864004917394, 0.979640460846937, 0.9928234984268859, 0.9956307708407394, 0.9950139306604998, 0.9955505464700193, 0.9956745313897092, 0.9968842723807781, 0.9984130204281361, 0.9962485307893509, 0.9962614542002993, 0.9963731498131625, 0.9955796859333776, 0.9859940180235696, 0.9685672412347691, 0.9881628289221934, 0.98705210488364, 0.980556761193569, 0.9633305311912224, 0.9402173006422533, 0.9942828710518752, 0.9944699266629348, 0.9919855150294659, 0.9744986331907507, 0.9974414731243217, 0.9979304294313475, 0.997244861392125, 0.9957703286599475, 0.9955734982690829, 0.9978004886004255, 0.9976087562648767, 0.9988219523273912, 0.9973670138639422, 0.9973784226778671, 0.9775695784804521, 0.9237016516763501, 0.7593977684874648, 0.903593223015872, 0.9168388339986213, 0.8433350040901924, 0.968386012531293, 0.9410171729223897, 0.9693831747778222, 0.9658092712094232, 0.9608824960794172, 0.9844707653663338, 0.9813295376000353, 0.9809919598222198, 0.9732132578409113, 0.983184110637648, 0.9810828213264251, 0.983776107178761, 0.9835240281640495, 0.9473270208804065, 0.9622880897476953, 0.9686564622683287, 0.9683404656838384, 0.9338423637257914, 0.9730949411953578, 0.9683621142198324, 0.9788976475915273, 0.9778988230277981, 0.9016452249101874, 0.8478242244214509, 0.8133424912043845, 0.8663983685930466, 0.8945010889368806, 0.8912136106931163, 0.8937932414444317, 0.8925722782822576, 0.49553951199687274, -0.5154043272000548, 0.9731537252125012, 0.9608414721970301, 0.9577048823547967, 0.9819479314635802, 0.9450985244411539, 0.9787524643270741, 0.9787098830326596, 0.9397761009933804, 0.9784282488363502, 0.9231231166251558, 0.5968982056764663, 0.8423965404566396, 0.9144984002288947, 0.13575486131695638, 0.9152242782196589, 0.9370438060893194, 0.8047860763170124, 0.9551546090951106, 0.8903488809364875, 0.6722027319347103, 0.44148020141191585, 0.8870525303283711, 0.8574603931482624, 0.8826706098769925, 0.9663003517274056, 0.9665797401903033, 0.737487589286525, 0.6977859132333788, 0.8199356152521035, 0.3287953131068145, 0.789668286817727, 0.8253279370107688, 0.8117934980930478, 0.813086186114488, 0.7338361932866122, 0.7367294917500934, 0.7161306162098185, -0.21958621105759138, -0.35656148741713606, 0.6084674976654033, 0.8994610995949345, 0.9459440982168349, 0.9492434728414328, 0.9189087440823788, 0.825044802781833, 0.9168701508235879, 0.9390161293722885, 0.9389513558499372, 0.8686518309256966], [0.9988119297914116, 0.9971392238535245, 0.9922310896493085, 0.9991361612417093, 1.0, 0.9923220112141452, 0.9990507393023316, 0.9981500251474581, 0.9982026788838341, 0.9725506424202567, 0.9973744891771616, 0.9982070674891579, 0.9979377985637546, 0.9981867172324121, 0.9982532183665019, 0.9985078674812856, 0.9991284373245014, 0.9986150084239032, 0.9986186182202202, 0.9982888534877223, 0.9981891751849828, 0.9930890992299634, 0.9763378286642466, 0.9931553366429761, 0.9930537181621791, 0.9848626627496938, 0.9780849485306878, 0.9436190057419902, 0.9909632432213975, 0.9929463847676068, 0.9900998163068031, 0.9652429755109396, 0.9989793083768661, 0.9990011882189402, 0.9989824896979104, 0.9983215616188978, 0.9985587779246559, 0.9990805476979854, 0.9991450898325249, 0.9990483400081824, 0.9989615070695818, 0.9989653052089928, 0.988256380731615, 0.9336622214105506, 0.7354387630850556, 0.920629010669994, 0.9191131195791732, 0.82184029340452, 0.9533616191907066, 0.926339183363026, 0.9568881145230973, 0.9571112878189231, 0.952169269075178, 0.9804060653350178, 0.9803393914546662, 0.9761041572860281, 0.9659366161252685, 0.9770842521730655, 0.9757987456380395, 0.9773991936700656, 0.9770786730772592, 0.948583607113615, 0.950415876581276, 0.9469278374519448, 0.9464941639279317, 0.8953995876928014, 0.9692842529555706, 0.966015656348959, 0.9732011593500581, 0.9721339599060994, 0.9266385779486407, 0.8200928934560122, 0.7705386316519198, 0.8461683395188743, 0.8949453736481017, 0.874431668798703, 0.8839164791488691, 0.882693564410969, 0.6518129938432419, -0.5877648575702005, 0.964604286560493, 0.9460224430039984, 0.9446998551267746, 0.977403006119271, 0.9259977119515566, 0.9697658949694462, 0.9692282969553717, 0.926517337452837, 0.9720608502403882, 0.9314076062686105, 0.5814053027729692, 0.8701853878940405, 0.9360830340191418, 0.026703681380428845, 0.8889605625537282, 0.9180048032867824, 0.7979372228312417, 0.961511624937521, 0.8767074944699704, 0.5283086672674144, 0.3147927234061564, 0.8635589762129137, 0.8129844404906407, 0.8644330645826638, 0.9710548259679153, 0.9712714464829373, 0.6884351525797529, 0.6764842145123023, 0.7300723870089879, 0.3008243298903765, 0.6653372182046609, 0.7390996574557043, 0.7143418676671707, 0.6950739681648809, 0.7156116191152149, 0.7177636180792001, 0.6961042500749498, -0.4505039388335195, -0.5239404877850092, 0.5938833613965763, 0.8914972344088885, 0.9291534630971557, 0.9396262353401805, 0.9148135062137256, 0.7987286949047671, 0.8969907284730342, 0.9222939283640601, 0.9217452551370863, 0.8015623239393772], [0.9889033373732555, 0.9897326657837455, 0.9891748977112819, 0.9897658316193565, 0.9923220112141452, 1.0, 0.9893929346375848, 0.9890201188751891, 0.9883367518613465, 0.9667724436585217, 0.9775901382291947, 0.9889977505308011, 0.990009436016464, 0.9890853342602761, 0.9891733034695891, 0.992002468445326, 0.9902538627704635, 0.9899777254055597, 0.9899503157769083, 0.9877883230797865, 0.9890138010142729, 0.99622513513942, 0.9908890624011906, 0.988373725646604, 0.9880045918144748, 0.9627052985346443, 0.9833383335713406, 0.9640783274319589, 0.9755631488304398, 0.9786431802259606, 0.9873820637729089, 0.9748242707867183, 0.9894313183766108, 0.989526210203811, 0.9903593214167711, 0.9900590968175533, 0.9812450069580839, 0.9901800410928792, 0.9897516875089137, 0.9898045833935822, 0.9895282457865625, 0.989503899481119, 0.9940389362567189, 0.8879406435372662, 0.7464645480540711, 0.8772229322164945, 0.9197780993363813, 0.8540611881314769, 0.9430439956356591, 0.9144050716215915, 0.9445708801180431, 0.9508014051553275, 0.9416271062143049, 0.9655018820375635, 0.9699429849754554, 0.9654077369672658, 0.9762670345240928, 0.9668654519953285, 0.9784089181330742, 0.9668612977901722, 0.9662663095731545, 0.9636710504950561, 0.9561345481838277, 0.9429013939753151, 0.9424080705653977, 0.9267073384175627, 0.9748775575238848, 0.9670953133716124, 0.9661867122089756, 0.9643817196448704, 0.943327034329958, 0.8477702204458726, 0.7997652201093369, 0.8680727646662025, 0.8889907553216841, 0.895966078559798, 0.8802198549510132, 0.8783186711717934, 0.6212311417765864, -0.4861099203129497, 0.9716184323704238, 0.9646703751695639, 0.9617725665434064, 0.9666371236052842, 0.9424908900899202, 0.9726001355479847, 0.9722790759804191, 0.9488860554207814, 0.9621204549284524, 0.9489209039136511, 0.5950070742774788, 0.7966518669492624, 0.9297158010079991, 0.13780958893067494, 0.9027304236727071, 0.9232921220680288, 0.8020344489545086, 0.9510335088392609, 0.8496277118592303, 0.628343654068626, 0.4258401918442092, 0.8467936448009957, 0.820312027154516, 0.8433563530868908, 0.9535656716151747, 0.9536634480848831, 0.7034522868390434, 0.6800177507735269, 0.7673006453915773, 0.3302349724955418, 0.7448598247426016, 0.774928984813414, 0.7605703600727034, 0.7632711447202589, 0.7218610289600275, 0.7101684576714495, 0.691636557009045, -0.25051320995721527, -0.37516818005909786, 0.6450655913650546, 0.8910699150206637, 0.908898800553077, 0.9159693636706223, 0.903833057605416, 0.8034174777448823, 0.8772070795141028, 0.9006446845714879, 0.9005685118238103, 0.8473020165274995], [0.9973341892622823, 0.9922146601457813, 0.990555637242852, 0.9977186567367106, 0.9990507393023316, 0.9893929346375848, 1.0, 0.997005746840145, 0.9995079660452063, 0.9710385725347475, 0.999379589911175, 0.998018474251517, 0.9990416530804052, 0.9989559117071505, 0.998714189406518, 0.998038883596408, 0.999875365538397, 0.9992075484445251, 0.9992130992375049, 0.9996306352353006, 0.9991739480036979, 0.9905254212490604, 0.9731179601822643, 0.9833642532464147, 0.9920606688392731, 0.9839704034832439, 0.9701375891336038, 0.9387784898204908, 0.9925865557174384, 0.991713731616814, 0.9929553733900849, 0.970713272011681, 0.9987532116359116, 0.999803955055316, 0.9995971627800392, 0.9993618066375167, 0.9996116956698041, 0.9998362289526309, 0.997772776917068, 0.9995336895822649, 0.9992273305528621, 0.9988107446826413, 0.9832157827177904, 0.9361905123989264, 0.7480166696412769, 0.9301834816142625, 0.9237196646419553, 0.80841759039693, 0.9614212468959616, 0.939997675401019, 0.962318661350266, 0.9601219308733091, 0.9558666190123529, 0.9821678343777537, 0.9799756524528697, 0.936366556042234, 0.9515209045342905, 0.9663880375779906, 0.9667101434776876, 0.9683516125460166, 0.9369479749991365, 0.8814102570692333, 0.9394743897430342, 0.9527782699077006, 0.9294664816950263, 0.8680129169900419, 0.9578765652768686, 0.9246203565389409, 0.9595920938339758, 0.9364740264931228, 0.7117327055544644, 0.8144145257434977, 0.7473162257234385, 0.8313566974756236, 0.8622694813321182, 0.8655001089115623, 0.846788234653634, 0.8591618305424659, 0.23061125809367178, -0.5516333351251034, 0.9544047552148076, 0.9281112899234576, 0.9291073108091067, 0.9390989726225529, 0.9255520525941949, 0.9633553966107101, 0.9634364498119872, 0.9172437222414603, 0.9594280730935508, 0.8061348719892418, 0.5785808820838096, 0.873547163112731, 0.9140535455942236, 0.11451943678669599, 0.91269737354156, 0.9357430828747337, 0.7981621262729162, 0.9616698619189821, 0.8308587091116766, 0.6577679602291032, 0.42281284365745553, 0.842564055783411, 0.8348369091251796, 0.8279260282555675, 0.9715224106010294, 0.9718203226224326, 0.7217138206917828, 0.6717117615869883, 0.784356188312399, 0.2953542517301639, 0.7652139010710609, 0.7939473608486677, 0.7852210539616542, 0.7904678479230564, 0.710811363150876, 0.7217126933810899, 0.6992224073103934, -0.2403931699341357, -0.38449155158376824, 0.6136249800424656, 0.8915239558368413, 0.9314087615381932, 0.9463699883086066, 0.9169179876253034, 0.8221406286795924, 0.9155672538000359, 0.9378283471941611, 0.9371679729715652, 0.7743020808921021], [0.9949289706732887, 0.9870464744776543, 0.9908539723212255, 0.9954938921007984, 0.9981500251474581, 0.9890201188751891, 0.997005746840145, 1.0, 0.9999834675968833, 0.964700992983185, 0.9995982387704792, 0.9999968378436427, 0.999644752218758, 0.9999977031730382, 0.9999806920367359, 0.9962443441999418, 0.9991391698488291, 0.9998792783640017, 0.9998791058375349, 0.9999535301571247, 0.9999942741284381, 0.9907056593425043, 0.9739663473826066, 0.9912912205614739, 0.9925376459671165, 0.9802071033517644, 0.9722809060146884, 0.9371214167889652, 0.9889372367461313, 0.9944569264828715, 0.9916977823490128, 0.9673152494924763, 0.9994219429433737, 0.9994684111827986, 0.9996095145865702, 0.9996627016469827, 0.998627192945749, 0.9993681128742639, 0.9990840652494225, 0.9982230135328096, 0.9994925573264634, 0.9993514054647037, 0.9845180956669289, 0.9375112047117969, 0.7349774132301456, 0.9386586232205792, 0.9219837563628535, 0.785762833211044, 0.9602350659109665, 0.9350470738009724, 0.9607874654164439, 0.9537245723132892, 0.9495387045498951, 0.9803050152985613, 0.9767322400664071, 0.9301314515714911, 0.944043023612218, 0.9575931845187922, 0.9619029424833664, 0.9601205273383216, 0.9348397479870196, 0.8687641848723103, 0.9324889931015329, 0.9443351342772852, 0.923129256747277, 0.8512879441154998, 0.9533730296025275, 0.9161867980551821, 0.9521234566338241, 0.9305951288415936, 0.6925083446393666, 0.8032544316466403, 0.7421154867154297, 0.8200521628181086, 0.8523345766352006, 0.8585821500838985, 0.8411534959211517, 0.8502482881707543, 0.20812550477806593, -0.559154637138888, 0.9480026549551511, 0.9157385945056714, 0.9190429028768045, 0.9366962739310624, 0.9168417879571054, 0.9572172597022208, 0.9573087044329734, 0.9085075486841604, 0.9501140659229305, 0.7888746516848322, 0.5725675526960993, 0.8984521641521126, 0.9274996584523832, 0.09997918358592638, 0.9115341127861197, 0.9349908676754225, 0.7952476485418861, 0.9667302102247662, 0.8353651098971694, 0.6440181597896704, 0.4090084436864133, 0.8444708344379567, 0.8320265214773523, 0.8320560482463226, 0.9747915595515911, 0.975088776387215, 0.7113610258869565, 0.6621522788404102, 0.7869997942748908, 0.27919925387786976, 0.7602578996444529, 0.7900145443274627, 0.7871489348258405, 0.7852629781671456, 0.7026124512189083, 0.7150013898660544, 0.6917572782853355, -0.25834896019536674, -0.40154925300241645, 0.5924390667700771, 0.8826275007913, 0.9294267066534452, 0.9386576067201522, 0.9103104843158748, 0.8103084144304187, 0.9091112064186829, 0.9315918805140921, 0.9312002399106655, 0.7532142446421806], [0.9952038671603962, 0.9870948986241065, 0.9941884477158301, 0.9958864004917394, 0.9982026788838341, 0.9883367518613465, 0.9995079660452063, 0.9999834675968833, 1.0, 0.9639774108648639, 0.9995968469101455, 0.9999810588624203, 0.9998247876592795, 0.9999895509116933, 0.9999966848182426, 0.9989335347839217, 0.9990976328292293, 0.9998087505130872, 0.9998080716527403, 0.9999654986339733, 0.9999820324986702, 0.9933445260850983, 0.9749631076386853, 0.9945905081633317, 0.9947628567803324, 0.9802123202462342, 0.9763678560102832, 0.9381728989857997, 0.9894575647618638, 0.9934841235677988, 0.988681204490328, 0.962652278885018, 0.9993283006737698, 0.999409098413404, 0.9994039856749035, 0.9998248404954978, 0.9986388738324007, 0.9993617953687005, 0.9993002843453342, 0.9981894184220907, 0.9993209697060549, 0.9993158418516169, 0.9887436088747226, 0.9376286053647023, 0.7359419616934405, 0.9387479387479186, 0.9223640056314761, 0.7859649749117463, 0.9486575663805794, 0.921146054024926, 0.9517328317335116, 0.9512093583224764, 0.9470026842987355, 0.9774594905533273, 0.9768978774723941, 0.9638812946434201, 0.9445270167357096, 0.9647822545967873, 0.9619395289518087, 0.9652004891334082, 0.9648174103550651, 0.9340056590001117, 0.9316676950482998, 0.9348735479778878, 0.9344504902946632, 0.882139535307471, 0.9537173319654877, 0.9551338098547705, 0.9615377740066424, 0.9601929194672356, 0.9117341412790376, 0.8024635577098941, 0.7467011288279807, 0.8192296269158628, 0.8736860914184935, 0.8564196216759584, 0.864554274117646, 0.8635149604123366, 0.5933291557593292, -0.6230613143766858, 0.9478774492899916, 0.9157756480865702, 0.9191106542329981, 0.9654236164972386, 0.9077320735512594, 0.9566190943863635, 0.9560331283456434, 0.9092498827882332, 0.9591933773962371, 0.9144677577552242, 0.5705574335608773, 0.8980576941333378, 0.9432634342403883, 0.03829165263426277, 0.8959311218918917, 0.9240621835046994, 0.7942993255945704, 0.9652606634030716, 0.8831947533724491, 0.553512275402943, 0.33600724553745753, 0.8706416058055059, 0.8211815031825997, 0.8722187063823352, 0.9747103651573734, 0.9750079037377748, 0.7092283372377058, 0.6591168461341069, 0.7464324902740271, 0.2767812626117341, 0.6834637431763005, 0.7547172741290928, 0.7319677641265777, 0.7133867544668563, 0.6997482109236541, 0.7116035167274363, 0.6883145725345918, -0.5015576047970938, -0.576812439054061, 0.5921337577416248, 0.881464897667254, 0.9278557848458769, 0.9394802842436789, 0.9092599598103553, 0.8048918609307546, 0.8968156638299035, 0.9210824778660538, 0.9205106830936496, 0.8100886842526431], [0.9798285215039751, 0.9654503300812397, 0.9528757445203389, 0.979640460846937, 0.9725506424202567, 0.9667724436585217, 0.9710385725347475, 0.964700992983185, 0.9639774108648639, 1.0, 0.9472901998953001, 0.9651048010283747, 0.9639680928277524, 0.9648249129427966, 0.9643662917096263, 0.9661988337359566, 0.9750610578121779, 0.9696846108539652, 0.9696879973126835, 0.9648805264878495, 0.9649557652037675, 0.964876571291505, 0.9503833617001565, 0.9720935810820093, 0.9699199840748034, 0.877956973996353, 0.9683371309753938, 0.9482963033986052, 0.9744118040310448, 0.9681875335761492, 0.9681660614168559, 0.9320399457812586, 0.9735102102733988, 0.973058162108736, 0.9735706797507002, 0.9651308945507503, 0.9557637718592751, 0.9725399118556274, 0.9733796951431819, 0.9775996157426315, 0.9737069315153755, 0.9737228866976068, 0.955397811474656, 0.8396546730632569, 0.5569021072014319, 0.7758150763624413, 0.8934493062753525, 0.8806832562207707, 0.9018412152480435, 0.8190006899773287, 0.9063621388024667, 0.9141622754713897, 0.9035795363019956, 0.9288779720225683, 0.9287238513994589, 0.9444573637163696, 0.935780273190327, 0.9550574044215061, 0.9484960486316109, 0.9532584680705998, 0.9532923158125081, 0.9131489003495896, 0.9510859125927742, 0.9340027290258268, 0.9336800393131919, 0.8490292894902873, 0.9362083546602715, 0.9446669654525129, 0.9375612391344653, 0.9365731432702007, 0.8880711982456925, 0.8104866237362908, 0.7651739051119439, 0.8556083430017102, 0.91026192900424, 0.8800557011584926, 0.8951786078875952, 0.8944206835107728, 0.6952162625840386, -0.2996400318400073, 0.9527908974248765, 0.9541820046315547, 0.9456699672570527, 0.9464117727899524, 0.9036516437155523, 0.9541420621161045, 0.9540025520865439, 0.8992997020161118, 0.9564632074518178, 0.9052605884756446, 0.6900423596970908, 0.6434394132694302, 0.8595743777127881, 0.06049507001673858, 0.8445448601116093, 0.8845694012056843, 0.8699764281668867, 0.947470960543643, 0.9041660058842176, 0.46067040008588084, 0.3755446419286377, 0.8965416591384938, 0.871152952065026, 0.9025803725821101, 0.9478878582862322, 0.9482448327330487, 0.5368899416641663, 0.6990640503629503, 0.6079814354484464, 0.4825797339323303, 0.5708696271116624, 0.6278923330533095, 0.5883911580064126, 0.5656614635828822, 0.7973421787335352, 0.6745844056176811, 0.6391932713322634, -0.26870938308673087, -0.3134867122740878, 0.7395409039864895, 0.9160291049792694, 0.9220078766630986, 0.9077781155452432, 0.9407544928302024, 0.6483091196833525, 0.8374085515823868, 0.9079381354917281, 0.9070476709413684, 0.6910842383728204], [0.9910873857569591, 0.9898205498275114, 0.9966170515420149, 0.9928234984268859, 0.9973744891771616, 0.9775901382291947, 0.999379589911175, 0.9995982387704792, 0.9995968469101455, 0.9472901998953001, 1.0, 0.9996327332988223, 0.9996070797276468, 0.9996156214950017, 0.9996243551415098, 0.9993403973319877, 0.9987326642735053, 0.9999493206801734, 0.999949835340144, 0.9996143609207929, 0.9996251854696835, 0.9888735519068824, 0.9525815504578342, 0.9899270454025803, 0.9912009466857746, 0.9856182552245579, 0.9662721969221085, 0.8854628173761832, 0.9881052218463073, 0.9919594508516022, 0.9710387938669466, 0.8907123650550636, 0.9990850879270708, 0.9991586297758968, 0.9990753873978908, 0.9994264804520899, 0.9993501064032266, 0.9990943673438253, 0.9989432073291362, 0.9970745500642465, 0.9990518673517267, 0.9990491416157434, 0.9883796068692956, 0.9315326147057501, 0.6075777604889193, 0.9337072095059151, 0.9218168681712435, 0.7911600481752437, 0.8688027374738736, 0.889839315011249, 0.8745047857947684, 0.8799530066126012, 0.8656010242173694, 0.9502378809372419, 0.9501528992140239, 0.9439091294692986, 0.9465714991583513, 0.9338847367193409, 0.9365071863075999, 0.9390847606046845, 0.93887421671778, 0.8819893911975756, 0.8938202664349919, 0.8465902994818758, 0.846387683115074, 0.7096603724941379, 0.9396460886563581, 0.9434317598059431, 0.9437912380251955, 0.9431009140173195, 0.8851786821903312, 0.550120475829237, 0.483570058634568, 0.6529162620884892, 0.7648693025597313, 0.6821543528923152, 0.7270702330479155, 0.7260516016234132, 0.4693858190036132, -0.3941969046606499, 0.9080094312000999, 0.9201365533828884, 0.9076324909419031, 0.945704485690761, 0.8636005337035016, 0.9150096306584377, 0.9135274648345795, 0.8324890288157145, 0.9202053335116511, 0.8416585319906343, 0.4386459346718109, 0.8932890363414091, 0.8928303984749123, -0.22496071047463312, 0.6306490869346215, 0.731357401094112, 0.6274431604493652, 0.9664560358662101, 0.6475025863752932, -0.12516346597487796, -0.08223409127850984, 0.6192139371177523, 0.6246822251125811, 0.6669397627727566, 0.9679230701427365, 0.967979674434065, -0.05092081404662068, 0.1671242412601208, 0.020349615234831312, -0.0010608514064440865, 0.024910760920679904, 0.043816235648299444, 0.011243431679837488, -0.03319243921029231, 0.3389018034525545, 0.08290146560411005, 0.03316159443881628, -0.5280325122045749, -0.5555993014519576, 0.5923091911509898, 0.7319335333155889, 0.7544160832774929, 0.8201654371604489, 0.8177555095983374, 0.4959413272787825, 0.714495435111249, 0.7530615526757586, 0.7517208327247998, 0.4011710611495316], [0.9950833169331438, 0.9873489370227908, 0.9907620168182348, 0.9956307708407394, 0.9982070674891579, 0.9889977505308011, 0.998018474251517, 0.9999968378436427, 0.9999810588624203, 0.9651048010283747, 0.9996327332988223, 1.0, 0.9996314056513865, 0.9999976103245635, 0.9999838020299574, 0.9969126029833567, 0.9991996346614073, 0.9998914632201914, 0.9998913769507403, 0.9999615516170329, 0.9999947467708121, 0.9906252395831942, 0.9738555036362628, 0.9919419071478699, 0.9925070028652804, 0.9804627278093905, 0.9721294331684807, 0.9371645118511535, 0.9898125837494296, 0.9944984819834296, 0.9917582894157994, 0.9674453128345166, 0.9994629373195039, 0.9995126218061207, 0.9996434873017059, 0.9996655246427749, 0.9987263437766979, 0.9994151730491194, 0.9991216248640284, 0.9983133516526225, 0.9995350789711939, 0.9993931623124133, 0.9843445946568248, 0.9377291570262438, 0.7356391903839351, 0.9385018659433081, 0.922202401960937, 0.7869557324647345, 0.9605262704118844, 0.9354514544851673, 0.9610879079571469, 0.954072639750385, 0.9499008508879911, 0.9805283632068832, 0.9769025159046868, 0.930494900253786, 0.9443673973489932, 0.9579671491045675, 0.9621249450427753, 0.9604842753298872, 0.9351325464295046, 0.8690829925915352, 0.9328565037959748, 0.9447995498843887, 0.9235895851894026, 0.8518203057594939, 0.9535530398989202, 0.9164895546321268, 0.9524251450988306, 0.9309425215759106, 0.6927766276790023, 0.8038372486410982, 0.7427086905557949, 0.820631867522839, 0.8527731734256411, 0.8589349697895791, 0.8416302855691863, 0.850755822508762, 0.20858171072245685, -0.5589250898434277, 0.948312888030772, 0.9163503292607177, 0.9195202362469111, 0.9369737576533849, 0.9172292221034021, 0.957518746698396, 0.9576098599377626, 0.908859740235378, 0.9505128154633739, 0.789267672856991, 0.5729017385253, 0.897342682657706, 0.9269520809554379, 0.10068143439203796, 0.9116308296687797, 0.9350772435136724, 0.7955552148838049, 0.9665587483048946, 0.8357772814678982, 0.6449587404759333, 0.4099030530521292, 0.8449097420806765, 0.832549706242525, 0.8324554792459028, 0.9747094535160884, 0.975006943830846, 0.7120173050433822, 0.6628019182731173, 0.7875384033997548, 0.2801517183999503, 0.7609294710727758, 0.7906619324692651, 0.7876892411897857, 0.7859407573374969, 0.7030706819310254, 0.7154601929920494, 0.6922495827847454, -0.25726466983130863, -0.4005605884107054, 0.5931306161504626, 0.8831294404600741, 0.9298090437542247, 0.9391376158713356, 0.9107458536936853, 0.8108472460104392, 0.9096326344566158, 0.9321000625683178, 0.9316940728454853, 0.7538711248077432], [0.9942528697290456, 0.9871317633767586, 0.9927268484985026, 0.9950139306604998, 0.9979377985637546, 0.990009436016464, 0.9990416530804052, 0.999644752218758, 0.9998247876592795, 0.9639680928277524, 0.9996070797276468, 0.9996314056513865, 1.0, 0.9996680156938358, 0.9996514322071047, 0.9990454404605572, 0.9986626820466249, 0.9994391128011967, 0.9994327853161276, 0.9996461582306663, 0.9996213421545846, 0.9925980149422262, 0.9754906428409139, 0.9954028478138314, 0.9952953097839627, 0.9802572564009046, 0.9749948581247796, 0.9397987858725013, 0.9890288543998091, 0.9925176669166892, 0.9908560666604666, 0.9650462779347263, 0.9987419908900694, 0.9990436475892054, 0.9992352732920979, 0.9999233674818526, 0.9986653219088014, 0.9989918587730418, 0.998549462992584, 0.9975126035741732, 0.9987316847739159, 0.9986553348744923, 0.9882713934634677, 0.9377206130440077, 0.7318947860032433, 0.9386795722727388, 0.9221362196186949, 0.7862157810610928, 0.9568619329610067, 0.9283186477708398, 0.9576851073771987, 0.9507508112447011, 0.9460494554985047, 0.9770013455019163, 0.9748465502016702, 0.9549222140547542, 0.9439666977248673, 0.9581776494803671, 0.9610910793437382, 0.9602092680510927, 0.9595058370085916, 0.8731646001179457, 0.9294699905935601, 0.943026821079332, 0.9427809234508812, 0.8496495094256628, 0.9536806660439896, 0.9290670895045519, 0.9543071714760373, 0.9528158427167747, 0.69678945752328, 0.8004537829831231, 0.7647517786402379, 0.8179146681744823, 0.8542399002311738, 0.8578118854753995, 0.8494941003209044, 0.8497143763933089, 0.1920114469392562, -0.553554049815735, 0.9471140188047273, 0.9159624151640551, 0.9182028650868773, 0.9580450540410678, 0.9163668541713458, 0.9560237500230676, 0.956070051748552, 0.9081437942045122, 0.9507966554182027, 0.7961861187046243, 0.5734081102995632, 0.8979883209427262, 0.9272331233040504, 0.09561824788344997, 0.9092520283670149, 0.9330967282858192, 0.7966750746105349, 0.9693783358345687, 0.8291258082239511, 0.637147210699582, 0.40462062066715165, 0.8359928944457843, 0.8272181891521282, 0.8240595821360253, 0.9767578077079492, 0.977007203655487, 0.7026162840660166, 0.6570790650755812, 0.765933420459985, 0.27983110114446136, 0.7507876880795649, 0.7791983695076277, 0.755706579336987, 0.7747622430551495, 0.700545250790933, 0.7047666676388132, 0.6818242791461918, -0.2642454550036356, -0.4059056716259594, 0.5926535194463485, 0.8809168165137582, 0.931441983710149, 0.9346939272510644, 0.9099569549945568, 0.8028457395507872, 0.9031096668861426, 0.9251340192142131, 0.9253577248154095, 0.7483614989559465], [0.9949874698131652, 0.9871881377193706, 0.9909206913164775, 0.9955505464700193, 0.9981867172324121, 0.9890853342602761, 0.9989559117071505, 0.9999977031730382, 0.9999895509116933, 0.9648249129427966, 0.9996156214950017, 0.9999976103245635, 0.9996680156938358, 1.0, 0.9999880332422325, 0.9985453566164082, 0.9991588736592825, 0.9998831399843098, 0.9998826292979599, 0.9999557595682141, 0.999991973796034, 0.990745293865177, 0.974024067428382, 0.9938512250142415, 0.9937179739159552, 0.9803579115134404, 0.972327447991227, 0.9373171908880341, 0.9923088408432369, 0.9948345481759245, 0.9916366795558892, 0.9672087399436846, 0.9994387227820533, 0.9994740889960003, 0.9996203719004472, 0.9996828041535752, 0.9986734602329042, 0.9993803979868993, 0.9991536325791799, 0.9982442878643438, 0.9995068792148659, 0.9993690387623622, 0.9844998705147765, 0.9375755361913063, 0.7350779213624588, 0.9386265088197967, 0.9221450195903367, 0.7863253563656407, 0.9603469258469562, 0.9352322589048125, 0.9609419905494725, 0.9536954627350311, 0.9494845188414067, 0.9803566597773656, 0.976696477978353, 0.930511658411053, 0.9442139770386877, 0.9578065352143724, 0.9619734589422327, 0.9603158967513714, 0.934507350469324, 0.8690249855032409, 0.9323180291871971, 0.9444167413902484, 0.923399149520715, 0.8514341188210234, 0.9535531452252165, 0.9166377478079512, 0.9523862130776871, 0.9309954622469075, 0.6929389110024852, 0.8031932701953891, 0.7424374126815572, 0.8200386599382685, 0.8525390127231499, 0.8585478300597443, 0.8413409092730195, 0.8504543264822648, 0.20850984838137973, -0.5588102932806598, 0.9480717194271008, 0.9160277024191835, 0.9192686376696578, 0.9344799964863185, 0.917089194579244, 0.9572981979954786, 0.957386309868528, 0.9086969893559232, 0.9503272376549114, 0.7891986672064345, 0.572655909007461, 0.8979291098261278, 0.9273304345987949, 0.10001705597482267, 0.9113884566366374, 0.9348771949586431, 0.7952554574857127, 0.9667471084727909, 0.8354339375062511, 0.643900526420564, 0.4089248831376456, 0.8445232233674506, 0.8322051979668051, 0.8321177501069743, 0.9748470495808097, 0.9751403492336397, 0.7108908315947293, 0.6617226601355436, 0.7870079209335471, 0.27953688571203783, 0.7602559735743788, 0.7899533430629481, 0.787353023669569, 0.7851762991244005, 0.7025059633793679, 0.7141301972301722, 0.6909238513939229, -0.25812817507597247, -0.40132345240569456, 0.5928337658558769, 0.8825530644147088, 0.9295940402681767, 0.938744029601929, 0.9103725166849514, 0.8101206614348958, 0.9093722435614628, 0.9316732818432512, 0.9314008529129901, 0.7533569670134505], [0.9951356114071616, 0.9872979280394224, 0.9908204167900928, 0.9956745313897092, 0.9982532183665019, 0.9891733034695891, 0.998714189406518, 0.9999806920367359, 0.9999966848182426, 0.9643662917096263, 0.9996243551415098, 0.9999838020299574, 0.9996514322071047, 0.9999880332422325, 1.0, 0.9985430880323206, 0.9991933605008729, 0.9998795132011926, 0.9998795637619137, 0.9999555312716585, 0.9999764013583418, 0.9906443386429142, 0.9740241517108817, 0.9922331895243496, 0.9922906529932245, 0.9804827119741296, 0.9720219920749076, 0.937294634575742, 0.9923520466511532, 0.9944171595369248, 0.9914862716028598, 0.9671284497728747, 0.9994821605515695, 0.9994622204592554, 0.9996113628948261, 0.9996727882945987, 0.9986971945073014, 0.9993889758900131, 0.9991874297953568, 0.9983010667582675, 0.9995413987370179, 0.9994181537063022, 0.984251448293621, 0.9375093787237752, 0.7358777855136889, 0.938500213346523, 0.9223882024413346, 0.7866554125070973, 0.9609687727240243, 0.9363732142969424, 0.9616293208404679, 0.9539485023370069, 0.9497433637433502, 0.9808664085405804, 0.9769097034758841, 0.9313625663640893, 0.9447138634766536, 0.9582337343961681, 0.9621371015363075, 0.9607520239524479, 0.9359365554557677, 0.8691934701880065, 0.9318611977848382, 0.9447541132433328, 0.9241853330754703, 0.8513569663857904, 0.953970422516562, 0.9173250313924955, 0.9529545938995668, 0.9319694374451917, 0.6927095756466973, 0.8027911733596835, 0.7435379700649208, 0.8195423995227611, 0.8525414866517108, 0.8580187240186942, 0.8418882809271009, 0.8508786893314296, 0.2080999954269294, -0.5582733247025015, 0.9480988533684664, 0.916257663370171, 0.919498541247998, 0.9378395488049641, 0.9176744005475077, 0.9574493243252965, 0.9575897336985848, 0.9090454304778705, 0.9507099459468646, 0.7891438091552893, 0.5712600896049917, 0.8975713044529756, 0.9270009089131154, 0.09887916258631464, 0.9108766032067942, 0.934357221770564, 0.7943328723761469, 0.9663505988994339, 0.8364230074769698, 0.6435609584917494, 0.40803434809030803, 0.8450769748420055, 0.8326195250175658, 0.8328948721627701, 0.9746128935579067, 0.9749105073761141, 0.7095730805320022, 0.659498422203556, 0.7881214121382714, 0.2778471954635407, 0.7605154956673266, 0.7903512013499411, 0.7886339177461911, 0.7853993351761492, 0.7006694579835567, 0.7118085886196387, 0.6885719387565657, -0.25723480444531693, -0.40051832045504004, 0.5923664851656855, 0.8816710066298774, 0.9301861826917723, 0.9392477604755676, 0.9095805053331641, 0.8102732286291833, 0.9104086092224125, 0.9322636281211354, 0.9321418832885879, 0.7532251561928982], [0.9963487120635505, 0.9927102791281405, 0.9913716095295286, 0.9968842723807781, 0.9985078674812856, 0.992002468445326, 0.998038883596408, 0.9962443441999418, 0.9989335347839217, 0.9661988337359566, 0.9993403973319877, 0.9969126029833567, 0.9990454404605572, 0.9985453566164082, 0.9985430880323206, 1.0, 0.9988525910514809, 0.9989246851457008, 0.998922610344917, 0.9987495329930792, 0.9984321660475721, 0.9920508560438999, 0.9767736768734956, 0.9827360885805545, 0.9893875769031593, 0.9871498143462015, 0.9740110322835415, 0.9450640898342764, 0.9934746894632196, 0.9932158167162397, 0.9905976309979722, 0.967546907879851, 0.9987777319670609, 0.9987405879492826, 0.998957980316099, 0.9985617278616218, 0.9993503914857408, 0.9988713067594037, 0.99890387327811, 0.9981122479082585, 0.9986508290889431, 0.9987286459211477, 0.9830018764897122, 0.9305536523254341, 0.7424236651588962, 0.9309739343513128, 0.9251659627282877, 0.8052712498756952, 0.9645715579356969, 0.94074906381045, 0.9658333681593653, 0.9544027231514385, 0.9488701017772799, 0.9816253291239136, 0.9766498312616576, 0.9444467395382874, 0.9544117465142706, 0.9653475158296211, 0.966658979397963, 0.9669722543420549, 0.9479192098796015, 0.8813965593500027, 0.9358752178734917, 0.9499085072791419, 0.9355263210701928, 0.8626111495865143, 0.9603441712224667, 0.9313378798993599, 0.9607386509763882, 0.9450586116791004, 0.7108692875265537, 0.810795626186334, 0.7617157053547727, 0.8288346741064455, 0