var element=document.getElementById("correlationAdjClose");if(element.style.display!='none'){var correlationAdjClose={"data":[{"type":"heatmap","z":[[1.0,0.9999925670230768,0.9853077793790318,0.9999260699109523,0.9990177796764216,0.9866907296893925,0.9977396598280917,0.9957458539135318,0.969161509770477,0.9960601472917499,0.9807702313659962,0.9933407016838973,0.9958753936917717,0.9951636471470536,0.995795018584665,0.9974656205008693,0.9974500607954927,0.9982647676762649,0.996439040364258,0.9964499811426585,0.9965037282588803,0.9958277798735808,0.9863163143122577,0.9707762999389381,0.9890605113884671,0.9559280697504249,0.9879950758317598,0.9852792726165996,0.9662027657152286,0.9489686963146597,0.9933085761360473,0.9942314385790145,0.9921496210451549,0.9766309063834218,0.9976502254892062,0.9979082736025464,0.9973766942585429,0.9959341313882316,0.9956157890731013,0.9978072325082379,0.9987259728803355,0.998755627181594,0.9976004459539021,0.9976105688664253,0.9767359964023615,0.915544821931636,0.743330825985497,0.9142354580562344,0.9156049578520596,0.8507604430788254,0.9645446290264381,0.9464932660327788,0.9660842686015563,0.9652033239258585,0.9564474269791224,0.9851645127296715,0.9820665679078758,0.9903097440133578,0.9945533912573482,0.985675842421162,0.9804070998221436,0.9873446611877454,0.9851349716640457,0.9879307533216332,0.987719985168174,0.9649510835208072,0.9716376376760109,0.9738370266406653,0.9735005668762529,0.949830366775598,0.9784622082226813,0.9761205531634719,0.9837849113589944,0.9830002627434674,0.9398982939907925,0.8745843339258687,0.842256345420009,0.8929436678876946,0.9144981230425387,0.9108115836558134,0.9124284867839408,0.9110273416372003,0.6634844581796696,-0.5674224148623891,0.9792993654603254,0.9731478630077756,0.9695001818890064,0.9864522785067714,0.9731650398995291,0.9834606976886311,0.9834204850675057,0.9483961997740039,0.9835915958193217,0.9519268443865408,0.6895601142176452,0.8894215850301199,0.9222123899560422,0.7773789074666846,0.9288494636671282,0.9468976280292922,0.8292974715069643,0.9619640607487794,0.8961032713358065,0.6222419103068954,0.7151273068557179,0.892451531238925,0.8678241962540161,0.8898273119309588,0.9718535266203393,0.9720427540890627,0.7434208640927793,0.7205819945289863,0.8248761235297377,0.37451350460286303,0.7981486212578753,0.8292049804106157,0.8161613861347581,0.8147133536683561,0.7652107976293956,0.7463245991568742,0.7277403000443209,-0.25690012326085077,-0.39514297638685913,0.6543984689808405,0.8968139763427322,0.9402522513675772,0.9458261213472919,0.9150104075305742,0.8278220349925183,0.912805459980879,0.933558579443495,0.9334029099257939,0.8680267606571241,-0.18812459149245594],[0.9999925670230768,1.0,0.9859667702237499,0.9998078546444688,0.997961692803442,0.9902126027215514,0.9939218764017412,0.9904281206362915,0.9824505838116346,0.9904536547383229,0.972573130926503,0.9925034560259471,0.9906186326353185,0.9904788236279012,0.990522577301132,0.9930935912881645,0.9961280494847808,0.9957212806687143,0.9933390762769384,0.9933396784752253,0.9905170696637368,0.9905693877551455,0.9901219226118083,0.9687330152546931,0.9866843245612766,0.9794897790414195,0.9865064717268768,0.9851520712652334,0.9773822644723907,0.9243353403139138,0.9878948217439691,0.9849989853465835,0.9782190060811992,0.9243395636179423,0.9952534708440182,0.9951165374898383,0.9953776998290977,0.9912714468184969,0.9949171517361002,0.9953805271527267,0.996848302937297,0.9969375315811344,0.9953565915937418,0.9953647963162691,0.9882739802763946,0.9153629956057925,0.5832587904713737,0.9140180638818141,0.9157078304747887,0.8508857012951921,0.8726728275519894,0.9171766227570292,0.8759361613355209,0.9017248089884268,0.8719567525586172,0.9545998202146782,0.9545414918450432,0.9638143104357239,0.9832680405239209,0.978727445390442,0.9817843841658207,0.9768261150867182,0.9766231428922586,0.979065076769901,0.9789860960598499,0.9450455223859717,0.9541347232201196,0.9266755915774296,0.9265834627878303,0.8431192798845987,0.9747112296613677,0.9766207956287916,0.9768351648841263,0.9763513209000922,0.9431657267256804,0.7107388679464166,0.6588013797168922,0.7906412672017402,0.8702852736152101,0.8115548813339101,0.8418592203631242,0.8403458382539817,0.6599243043787716,-0.2566982727078602,0.9642990021692643,0.9697578314407626,0.9640676947820671,0.9794556111421043,0.9618390400484138,0.9680980959496498,0.9673400602464763,0.9191453729508535,0.970519260070323,0.923624700234687,0.554172100343886,0.8886795952774226,0.8858361177958815,0.3833148225120574,0.7169216131328674,0.7928434955837219,0.6779779475530763,0.9625757352620261,0.6840195558304026,-0.2676987086771962,0.17659966674180702,0.6542922682420305,0.6588948495298979,0.7045745847114099,0.9641393415089738,0.9640449154588855,-0.017602387247961974,0.22685163118602994,0.06420215890859363,0.030131610228121806,0.0585557699482101,0.07456729224308717,0.041982488829225534,-0.0048584166348690115,0.43101730933339516,0.1629658444764727,0.11231805440809507,-0.44380533866128763,-0.48413537277933866,0.6541067282413326,0.7503501656219915,0.7746393862294998,0.8326856933608385,0.8250544150667647,0.5550722149194385,0.7408084713206013,0.7693838431282342,0.7681158868898588,0.4184852565868527,0.18553676262121785],[0.9853077793790318,0.9859667702237499,1.0,0.9867082904128165,0.9932240131299717,0.9907223271833716,0.9905272636748127,0.9910665847240938,0.9900312349832504,0.9942475049487295,0.9582093471324095,0.9970779469138449,0.9909500770178042,0.992871570331612,0.991125161110483,0.9905042819659328,0.9912853060767243,0.9905779855219305,0.9897392536364381,0.9897093434638151,0.9927776195609307,0.9909978012805855,0.994279767399031,0.9816487852563189,0.9911902726386103,0.9791609152571074,0.9916696672108247,0.9845194907711752,0.9842916464118225,0.9541709100348665,0.9713870287553006,0.9753160630129095,0.9779913530981487,0.9528279740053113,0.9878433692426611,0.9909718048323116,0.989294743820976,0.9928749283139018,0.9951249227139535,0.9921053208155718,0.9855781910576833,0.9882482898937914,0.9881444140103007,0.9875251243994362,0.9912771623747058,0.9141937293871346,0.6839628288966227,0.9344938202628756,0.910160412211113,0.7736167271393483,0.9242116718171198,0.9018179059035021,0.9266173190704654,0.9257556297420833,0.9133073241104356,0.9517010078024094,0.9596429689100563,0.9672368325541406,0.9795692852422702,0.9355118798104404,0.957041371179692,0.9586893901452997,0.9652396601863239,0.9590828802026862,0.9333779944473324,0.9102631297166328,0.9367714649776925,0.9295254277515251,0.9116848445468829,0.8781262900548071,0.9653520636886755,0.9434041540275547,0.9590745463726393,0.937793143618141,0.7996276381822363,0.8223403775654097,0.7471003517454009,0.8432777696822588,0.8795011478415009,0.8791714603406494,0.8481409192522575,0.8622639979945532,0.34878445768206967,-0.5631685468211375,0.9535414478463364,0.934400335888822,0.9357303902524099,0.935753528116068,0.9478358617800098,0.9572188961393414,0.9567946400784574,0.9233981766083936,0.9528923443382029,0.858253150606864,0.6661598604610203,0.9442889482791776,0.9435010138010734,0.7448855119307938,0.912933323598309,0.9326409030573654,0.8155784394170407,0.9797750917929763,0.7779669200355299,0.5284008115425316,0.656455397736101,0.7872547759803621,0.7942563995664911,0.7760905585724237,0.9829143561527167,0.9829565589550417,0.6659807920681646,0.6606861667705684,0.712401871312653,0.3123775820135023,0.6956075629615408,0.7124096407039436,0.7222365032797449,0.7095540553547982,0.722987775375583,0.6766204080571958,0.6564337046279729,-0.325080766616148,-0.4630439773883137,0.6171501015765232,0.8580177321343054,0.8894031148250141,0.8925956280111502,0.8883307330822937,0.7592491369890589,0.8643215888310355,0.8781996083307364,0.8866063966885273,0.7378923518609138,-0.1098194477486123],[0.9999260699109523,0.9998078546444688,0.9867082904128165,1.0,0.9992957981380587,0.9877277594086763,0.998035411143304,0.9962266643539484,0.9714241836971456,0.9966096316745462,0.9804079218396948,0.9945041293381153,0.996338224105801,0.9958297291072747,0.9962746448187708,0.9977801938202041,0.9978345963063415,0.9985723846285766,0.9968597599720718,0.9968683940655807,0.9969688613907133,0.9962949334898564,0.9875705472370174,0.972134564615347,0.990095906822391,0.9585729167826684,0.9891396070665124,0.9871830888673914,0.968260115631861,0.9501813307261178,0.9927093130958198,0.993821306682503,0.9921985462217712,0.9762628509197278,0.997778573100546,0.998163770478751,0.9976533041944605,0.9964560804988788,0.996241429434892,0.9981018253426958,0.9986490018186442,0.9988735600590624,0.9977217640956341,0.9977291511359839,0.9785652361986247,0.9114579258122855,0.7370571463326793,0.9150097297554891,0.9138748803696677,0.8415317297747568,0.9616117293530313,0.9431146108678933,0.9630486261321279,0.9626031025745229,0.9535945710016243,0.9830874972068859,0.9805512957006042,0.9894813543914546,0.9944569147703969,0.9840903954990282,0.9790413605947844,0.9859379708827204,0.9844201370217736,0.9864440976023693,0.9862264386917798,0.9532026722054142,0.970205148656131,0.9722158531354442,0.9718773746047659,0.9438756683845714,0.9779125663991824,0.9729121382321555,0.9821920630596537,0.9813681133795534,0.9159417591388209,0.8727407890688528,0.8378836571937804,0.8908648467855215,0.9112990467403186,0.9101080421615764,0.9096888639789711,0.9083401114083607,0.5644411090855863,-0.567249005448691,0.9782812904931586,0.9714822453799282,0.967711427831177,0.9848697965454423,0.9722100685229458,0.9825337430331244,0.9824882614716014,0.9476232741095063,0.9819826956758168,0.9341645953850756,0.6945316932898329,0.8962335555052853,0.9265086124424462,0.7789844226957199,0.9305096477692177,0.948303287543576,0.8295951760256436,0.9633551301652326,0.8899528851245927,0.6187477673993627,0.7133453004332555,0.8873488056265907,0.8642120950669488,0.8844017115509971,0.9728359077183973,0.9730331863354353,0.7423996454390162,0.7208129869100718,0.8169315527554097,0.3764888011566856,0.7924325150771628,0.8209780663863392,0.8079982963301273,0.8093602996896572,0.7677980575103472,0.7462844575532697,0.7277727032617799,-0.25227438760545234,-0.3943959016117916,0.6533367820006848,0.8949159848689809,0.9384062438658929,0.9440306743267154,0.9138360134728546,0.8250058456126259,0.9107918075521424,0.9313032504746348,0.9313030361177084,0.860534394838111,-0.1809186548556026],[0.9990177796764216,0.997961692803442,0.9932240131299717,0.9992957981380587,1.0,0.9906558770087944,0.9990732428388879,0.998423540139099,0.9843694584641512,0.9984847998474748,0.9748558097368436,0.9979468453961247,0.998460497875771,0.9983036246434386,0.9984568404757802,0.9990063495687317,0.9982829019700216,0.9992562994401474,0.9988121500639955,0.9988115865488658,0.9985273434967897,0.9984490874182484,0.9940261280995049,0.9798256294636368,0.994413605692974,0.9767657878893924,0.9943678902856374,0.9903375464696619,0.9818415138157447,0.9538124830816053,0.9893123939139614,0.9919609377728054,0.9897809108693073,0.9679066079226738,0.9989436805658292,0.9989863563493099,0.9989940990030293,0.9985501102921962,0.9986264567994232,0.9990960468981158,0.9989563255978084,0.999168474420223,0.9989357446100224,0.9989353407210505,0.9886755326780039,0.9212127023173697,0.7131726120960094,0.9279739935232254,0.9180283923013242,0.8261181211941752,0.9463366073207494,0.9340868744713866,0.9504501623646248,0.9547751018478868,0.9451500311460364,0.9796211802506506,0.9795654988439669,0.9890199642471945,0.9944099395595828,0.9804765175718508,0.9733496023047888,0.9813141511736014,0.9803858379562929,0.9816545578106547,0.9813966977642098,0.9546076121334122,0.9608998441199262,0.9556753959885919,0.9552420059081322,0.9145303083173266,0.9751012775267631,0.9715771533239363,0.9778772095745604,0.9769853353936344,0.9363640077116641,0.8502132640432912,0.8089038397364735,0.8744532706010247,0.9150549053580701,0.8976257863840263,0.9056224094333938,0.9043814552273469,0.7186537652899786,-0.5859727019216983,0.9716418961740132,0.9606359822293964,0.9578829723020567,0.9814989515233254,0.9620575353517212,0.9755692861985789,0.975141610822919,0.9381810352391303,0.9773789682424169,0.9416748967108454,0.6818193057394498,0.9140384926282579,0.9474150805377785,0.7353375663047877,0.9112513515800168,0.9343377909335311,0.8237260731418993,0.9688800107887559,0.8839734947579448,0.4618629186048334,0.649486979050604,0.8723111910988232,0.8329548595910112,0.8750992981849445,0.9766996215362881,0.9768501964898081,0.6982064326769226,0.7026018764711327,0.7410338475528976,0.35268991545584827,0.6847657026373514,0.7465309359792629,0.7236322961146501,0.7032386037165582,0.7528624495791226,0.7297730204401097,0.7103407651599487,-0.4669969630055432,-0.5465150106775252,0.6449077987755979,0.8882082362439713,0.9233341855239308,0.9366160471537146,0.910597216321722,0.8033630487048984,0.8955373197743428,0.9166664113854729,0.916185398392367,0.7956741842979065,0.02987152247177546],[0.9866907296893925,0.9902126027215514,0.9907223271833716,0.9877277594086763,0.9906558770087944,1.0,0.9864795248561461,0.986970627416653,0.9913215723523001,0.9866616786298745,0.9617986470347314,0.9795481260224911,0.9868770398072572,0.9882570632202218,0.9870358343878193,0.9867648854684394,0.9900631036491307,0.9880111245156987,0.9877958745244165,0.9878039386842979,0.9858331095682312,0.986971127824365,0.995906808698483,0.9924187608111749,0.9875225770143925,0.9846185443333398,0.9875702261267669,0.973891259335963,0.9866307680560503,0.9707011087796534,0.9673106362453132,0.972287642677743,0.9810055567502939,0.9687825043266242,0.9863167338531719,0.9865737235836699,0.9874097687406013,0.9877434544645205,0.9811823442925905,0.9874885934892381,0.9855128787523546,0.9870330177394062,0.9864460789835151,0.9864665779547209,0.9953883645949372,0.8711673169356955,0.7076521978451216,0.8933279360025455,0.9084778390641509,0.8379673813979066,0.9249061469665641,0.9101987271734272,0.927133443341229,0.9379863450870991,0.9227408432655025,0.9566358509684764,0.9615145732101943,0.9652392462193023,0.9757424842832506,0.9692522417528757,0.9835683418344013,0.9704793464493607,0.9825760363479215,0.9701617953306074,0.9696009623312529,0.9722756248397831,0.9642763475546856,0.9447519305461539,0.9442381162832164,0.9376843571184991,0.9805405443666309,0.9729586407374848,0.970568867543207,0.9690850436257795,0.9566008651840562,0.8721841194419926,0.8249848742586126,0.8919947128616535,0.9063201369625772,0.9148097411695909,0.8966181546439415,0.8944106636422388,0.6883912304259427,-0.5245551184762512,0.9776080188682343,0.9767644880504339,0.9728248126111174,0.9702710211741565,0.9689240247578849,0.9769967704470225,0.9766038276569736,0.9619563764017471,0.9663384074539321,0.9609916665033293,0.6997728687370417,0.8663226506835453,0.9458775431712236,0.7821239139875279,0.9219331015883412,0.9372899149297376,0.8226538870253937,0.9585532074158775,0.8419598840507048,0.556322718385252,0.6835998431179711,0.8400467626479788,0.8215129878027244,0.8386177809841595,0.9600016971538479,0.9600937682864936,0.701774812276186,0.6985978041436909,0.7569230285365944,0.3775004219168297,0.7416901467413216,0.7625859673449567,0.7492124875218317,0.7515328562975936,0.7522899759275314,0.712673198865567,0.6964933354058598,-0.2811915044459124,-0.41072931035173316,0.6711869269307513,0.8725214073422843,0.8901626175581422,0.9004133087332093,0.8859499860533104,0.7926545849951726,0.8605474429124714,0.8817457754432968,0.8818475763477807,0.8249207954946594,-0.15077491512152297],[0.9977396598280917,0.9939218764017412,0.9905272636748127,0.998035411143304,0.9990732428388879,0.9864795248561461,1.0,0.997332474079386,0.9582752079490359,0.9995657497789584,0.9748574451027604,0.9995036083111486,0.9982727679335258,0.9991133690528291,0.9991013469852653,0.9998789649933929,0.9953034837332073,0.9999013377764332,0.9993150343469774,0.9993200635512544,0.999681434695928,0.9992859531469934,0.9905637676411236,0.9750545996475742,0.9849476075440653,0.9258513276535268,0.9930211915765599,0.9897905156926372,0.9730144417718906,0.9481124596290209,0.9918034417810636,0.9917272615318234,0.9934134830870794,0.9736757818950503,0.9989175304834449,0.999835485213045,0.9996837272428652,0.9994367551202074,0.9997114881322072,0.9998646858212703,0.9983559570494166,0.9997052386480317,0.9993305577841006,0.9989666106886957,0.981978689389786,0.9286068507421084,0.7295300246925999,0.9395634922100201,0.9277032897488123,0.8199056567632397,0.9574584267251415,0.9426336350403731,0.9596454647469395,0.9591125485123154,0.9510714542234499,0.9816375893952549,0.9804123485720184,0.9913138014138826,0.9964584699760789,0.9451679991452709,0.9604716895579107,0.9716541704609579,0.9721327153781693,0.9733296811262233,0.9452054452707315,0.8996760150014732,0.9516511131022461,0.9587184388635169,0.9361343555088492,0.8880068379870323,0.9649033769414531,0.9363093835766947,0.965802300172244,0.9455303338842405,0.7621974944583907,0.8444882145246145,0.7690366129229201,0.8616202798911821,0.8837286381656325,0.888109959285392,0.8667705633506598,0.8790696071970069,0.3015649186260474,-0.6011877321571112,0.9624933045925503,0.9455319979724508,0.9444008024057654,0.9470686661789068,0.9587313137411972,0.9694493707663508,0.969496145581775,0.9281743000767011,0.9658538617795862,0.83909675899316,0.675948548230343,0.9145331476881166,0.9262730420640846,0.7676755606308959,0.9276129059134969,0.9466132948616671,0.8242532221266862,0.968227116462515,0.8317867784212224,0.608871526031725,0.7044402872393025,0.845318265043063,0.8436344627467731,0.8314591658191586,0.976794487880777,0.9770028293767935,0.7299242162281495,0.6995943825087003,0.7822475096858681,0.34753033068468403,0.770085765173068,0.7925897342838608,0.7813254297070601,0.7894913464253175,0.7492238224939992,0.7350922712489092,0.7148020807914549,-0.2690803064915182,-0.4185046203753015,0.6626406107010103,0.8909165232391508,0.927075458615722,0.9429095761781797,0.9150654307587884,0.8242399907082368,0.9113119806295167,0.9324897255293952,0.931938345287892,0.7758470741599615,-0.14504860993446375],[0.9957458539135318,0.9904281206362915,0.9910665847240938,0.9962266643539484,0.998423540139099,0.986970627416653,0.997332474079386,1.0,0.9694506725460359,0.9999852656838469,0.9695358650085126,0.9997008591833679,0.9999969778134734,0.9996811826180255,0.9999980361814411,0.9992207304563618,0.9890520341110646,0.999380037126554,0.9998981261788613,0.9998976823558159,0.999960519670031,0.9999949106873354,0.9909409299174972,0.9763423089013089,0.9922845522825684,0.9400660426579922,0.9935250064619617,0.9874970857563646,0.9752282926536757,0.9471852308240877,0.9880745816871742,0.9939315374435597,0.992086955433063,0.9704961756540922,0.9994465060227269,0.9995268141439674,0.9996420058132006,0.9997133117837771,0.9989733508957723,0.9994640686216808,0.9980283528365895,0.9986800452947789,0.9995162424843543,0.9993833905281285,0.983542197804264,0.928543416847316,0.7167056623211605,0.9444345355030089,0.9255504027622702,0.8010070370560874,0.9557901225600359,0.9378508782590468,0.9575842276882524,0.9529458865881754,0.9447160733734092,0.9796164085682693,0.9772868121740527,0.9902750799093496,0.9971419997407938,0.9398326743785608,0.9555415711893016,0.964564035693352,0.968635806024194,0.9666731516363937,0.9433486912927347,0.8905428004617764,0.9462875984113294,0.9513615763057053,0.930362536769785,0.8743027078257458,0.9617909329974266,0.9295411029248086,0.9598276462216616,0.9405656767762512,0.7476674079799241,0.8354420431041141,0.7642648477507231,0.8526002862558822,0.8757202364180728,0.88282199128921,0.8619572902065377,0.8715977750600437,0.28237061749157055,-0.6062841693445568,0.9577213839228313,0.937548158508522,0.9373311126559822,0.9449716310186836,0.9533998695507037,0.9647681570088259,0.9648052258037613,0.9222612054192266,0.9582959615858591,0.8261355959787209,0.671915786219297,0.9314477899261924,0.9379253515805848,0.7631051453455018,0.9271482321995083,0.9463672383814009,0.8217045546238977,0.9725927115713238,0.835162403042929,0.5945075560876318,0.6952798707384842,0.8463030748435916,0.8405279734502196,0.8344912205338405,0.9795412022622939,0.9797543949249997,0.7201278589576409,0.6911989657383194,0.7838911874484426,0.33374706052793585,0.764862415254874,0.7881139521216411,0.7822852367461548,0.7838825484865773,0.7423867091188726,0.728934650362035,0.7080088363630759,-0.2855476103111042,-0.4339761648846366,0.6465684659862904,0.8828399048698528,0.9246836537941139,0.9352381424392912,0.9089607782599596,0.8130736860143093,0.9048029489021393,0.9261735832682408,0.9258591142178415,0.7562037710055778,-0.12761233547182396],[0.969161509770477,0.9824505838116346,0.9900312349832504,0.9714241836971456,0.9843694584641512,0.9913215723523001,0.9582752079490359,0.9694506725460359,1.0,0.9849273103352566,0.9441970506676018,0.9899947932682849,0.9731754900585213,0.9832543721009603,0.9781029426794977,0.9757677293140861,0.9467385564257175,0.9804324055568879,0.9787866150658285,0.9787593794284012,0.9828712822486096,0.9781194550599098,0.9946125388054238,0.9915092790315733,0.9820794756998626,0.9869837999964282,0.9849820572310447,0.9878393688728226,0.9895474165993726,0.9639949488320451,0.9303764332899207,0.9518838835105998,0.9684425518536753,0.9502390894778975,0.9726503173684382,0.980837783165545,0.9777251918779803,0.9800956447449085,0.9881049264973936,0.9825636563453747,0.9682363135262904,0.9774749393436737,0.9734702499236074,0.9724598017464492,0.9988607031026409,0.888561449933031,0.6625193448226211,0.9354201064738903,0.9228205077728638,0.7823607332280214,0.8884960732896094,0.8800955910710683,0.8920864916065858,0.9097347170934592,0.8938763745731662,0.931728252715232,0.9466494474904419,0.9509654204929779,0.9646181895003234,0.8925466444168298,0.9577279920604698,0.9360752887508073,0.9581598448699818,0.93629871657746,0.8904560736692624,0.8953039287907143,0.9288673621931796,0.9029758627753539,0.8659794818658156,0.8562480710414598,0.9592885251716142,0.9076338480793804,0.9353314889767761,0.8957037270026016,0.7817362684213212,0.8128898079391927,0.6989446744128684,0.8358438613217067,0.8577146761273592,0.8706756572545112,0.8199201578552584,0.8383180018847006,0.32046536039365775,-0.5519835206245549,0.9465414962011474,0.9364282041726155,0.93412362553954,0.8922844841181198,0.9356352568810552,0.9455341178710153,0.944948948740487,0.9238232317871705,0.9295592430048345,0.8395981964932812,0.6776529147796977,0.9230300069742762,0.953574490031812,0.7521784960398039,0.9089056147500996,0.925762796264006,0.8046156678761097,0.9677268099038812,0.7456548333848075,0.4935834679873112,0.6382981703944445,0.7661837248698105,0.772417451556133,0.7528946867997434,0.9673490795397259,0.9673706184798927,0.6496646872624203,0.6497800001241113,0.6788802039858658,0.3200421791837524,0.6787015806445472,0.6923659968513115,0.6724563644802515,0.6894116132586919,0.7166021650281135,0.6730621436055007,0.6540630882609583,-0.33319308137380244,-0.4677470003818687,0.6657985344663566,0.8459178208572713,0.8440919112108225,0.8695951047172542,0.8702911700588944,0.7551977749659221,0.8211930430255365,0.8501586768926501,0.845112862415613,0.712029865528632,-0.06866954006847259],[0.9960601472917499,0.9904536547383229,0.9942475049487295,0.9966096316745462,0.9984847998474748,0.9866616786298745,0.9995657497789584,0.9999852656838469,0.9849273103352566,1.0,0.9688969540260978,0.9997000168226743,0.9999819405300888,0.9998496883243195,0.9999905745741939,0.9996568918341937,0.9975101899769605,0.9993731748491861,0.9998427282153689,0.9998417986743867,0.9999682671148836,0.9999832004398079,0.993839366237437,0.9779749628788946,0.995557558194081,0.974752414958594,0.9956827855139652,0.9874674365097135,0.9797283578807742,0.948598620034488,0.988756997946574,0.9930744124167985,0.9892360163834968,0.9663436939689105,0.9993885371911093,0.999467618010595,0.999475622623088,0.9998535489287123,0.9989820898562103,0.9994497816808113,0.9982061698925029,0.9986967972017166,0.999386109738818,0.9993806018704612,0.9881363795998879,0.9286607384301668,0.7172908833572499,0.9443489125436544,0.9254697243848404,0.8012109531057315,0.9436923582813325,0.9291591608226512,0.9473296314802292,0.9505257419372443,0.9420792872744894,0.9776986923397339,0.9773207138226288,0.9904230952178068,0.9966094716864704,0.9701798552787432,0.9559220003932657,0.970949226905456,0.9687542103799062,0.9713841123342764,0.9710822944071887,0.942287519283369,0.9456798993409168,0.9452046641730306,0.9448295997554838,0.9025159991581628,0.9621493348588186,0.9621470164766323,0.9679983058907805,0.9669123875541467,0.9234371440163109,0.83486301623459,0.7876303325187469,0.8518296695973083,0.8967121044669121,0.8818113645011304,0.8887443865132193,0.8877682670107526,0.6673844521475852,-0.6197203960864113,0.9577249520640039,0.9375858310078402,0.9374994912035768,0.9714268677700069,0.948682431448468,0.9644144246764771,0.9639564296373496,0.9233277555316862,0.9664767928688117,0.9271514828015284,0.6704660038983264,0.9310468389243671,0.9510875846881734,0.7416481911359143,0.9154606037609425,0.9381159571984223,0.8208794681882077,0.9714821732914855,0.8905223594003618,0.4944628960131788,0.6658086493129205,0.8794873756883888,0.8405204395992154,0.8826831769323665,0.9794743906533543,0.9797150465651809,0.7180949751459451,0.688231426623554,0.7563015027151023,0.3317148566453594,0.7016984607936372,0.7616015448496555,0.7406129867645981,0.7211658465794569,0.7399067888931053,0.7257645797686558,0.7047853060064179,-0.515271897590646,-0.5956154514516959,0.6460266648359655,0.8816533380770972,0.9235957569328387,0.9374440508594879,0.9079505561714022,0.8084557213630914,0.8959366554371165,0.9168721137366502,0.9163227588289339,0.8056965901273405,0.10111635411033584],[0.9807702313659962,0.972573130926503,0.9582093471324095,0.9804079218396948,0.9748558097368436,0.9617986470347314,0.9748574451027604,0.9695358650085126,0.9441970506676018,0.9688969540260978,1.0,0.959106421124382,0.96989634322234,0.9689157168554697,0.969643954294308,0.9731310536068069,0.9726694053970244,0.9766531917721295,0.9734787663737354,0.9734910803625914,0.9696938561757256,0.96975745498651,0.9678055082296486,0.9553851610451066,0.975780785837544,0.9557787265364334,0.9738380851705647,0.9195968466684395,0.9709644259691643,0.955837447326804,0.978690061577501,0.9734244229882455,0.9735120398612382,0.9432186125525187,0.9770203579914758,0.9766303369157702,0.9770200863959736,0.9701571281781214,0.965592799055161,0.9760775480072591,0.980628864487355,0.9790916865222057,0.9771764344815999,0.9771915954299127,0.9570816975037354,0.8560657938100754,0.540979045161852,0.83521309170723,0.9085202531813789,0.8830964483568491,0.9080937622698371,0.8485132140574863,0.9122472348109238,0.9239808242316164,0.9095902085219237,0.9404423681307875,0.9403200853643869,0.9486766588149725,0.9723645423033616,0.9483769564259229,0.9416221926368407,0.956916816900244,0.9518064571433272,0.9555887484061094,0.9556071881354072,0.9140158408153602,0.9557892090766361,0.9437292952147511,0.9434148869340908,0.8737528119828452,0.9416469855047537,0.9484621078030304,0.9427558725461807,0.9417161449223055,0.8947111700817426,0.8432487244913149,0.8047561967606403,0.8811986841751793,0.9255063844655718,0.9012585291422509,0.9134835979803966,0.9129041594858258,0.7507981173598113,-0.31734579185901995,0.955906091417536,0.9585588484745715,0.9496618493779233,0.949927481814537,0.9360094569548193,0.9570581173923371,0.9570288329255537,0.9059673635216867,0.9588121240665949,0.9100054389801555,0.755993158210047,0.755485301125471,0.8820953097870812,0.6751112117658351,0.8721246993045128,0.9036978149113137,0.8861305464406594,0.9557834362971616,0.910204077141974,0.3697069104660386,0.6663056791512536,0.9028512882478453,0.883294744653882,0.9099242397965422,0.9559939467931625,0.9562927606158409,0.5608561464969536,0.7246020408004774,0.6349167894068408,0.5107172864147964,0.5964822125318616,0.6480839495416291,0.6105395046348822,0.5837217769063764,0.8233187294817746,0.7019098400624864,0.6674034649604158,-0.29953127843343247,-0.35400056938795493,0.7563492374654027,0.9177236906032185,0.9246584130155282,0.91635496825126,0.9414257131591515,0.6813782449028608,0.8528256266861449,0.9120782770394376,0.9112931792579824,0.6965105004640411,-0.16043461656226904],[0.9933407016838973,0.9925034560259471,0.9970779469138449,0.9945041293381153,0.9979468453961247,0.9795481260224911,0.9995036083111486,0.9997008591833679,0.9899947932682849,0.9997000168226743,0.959106421124382,1.0,0.9997231632963283,0.9997051285235056,0.9997127434189714,0.9995926745523067,0.9976151014839902,0.9992508335911809,0.9999623095822585,0.999961887494148,0.9997116070912004,0.9997187533625701,0.9914673119531254,0.9641157094870262,0.99256558789328,0.9810056792846754,0.9935423061684103,0.990951786311691,0.9749622878123829,0.9121175151833284,0.9894893997428519,0.9929804664310238,0.9762417590123662,0.9118737161836549,0.9992691847177305,0.9993280242499202,0.9992757991738256,0.9995027450668224,0.9994885301568912,0.9992980409968957,0.9971714272529725,0.9981475677343091,0.9992483808436292,0.9992446042153093,0.9899493398286856,0.922972555244861,0.5552504325343439,0.9406655660842156,0.9247437870870499,0.804738220671506,0.8623400300030925,0.9024899388509667,0.8670571390445211,0.8853153671108255,0.8598900805280786,0.9534094203977727,0.9533674096371322,0.9777963643402268,0.9939413037168473,0.9581771033591711,0.9598781821091648,0.9511335988657016,0.9529889962904221,0.9548600006297822,0.9546870833674334,0.9107484706076892,0.9224731097594381,0.8886167463249881,0.8884554373012257,0.7908598126625862,0.9551636948718245,0.9580236799903317,0.9581591748210813,0.9575425940246253,0.9136314272848971,0.662154219528769,0.6065855957678495,0.7432262906183303,0.8303975019343082,0.7690932947795321,0.8009393992852161,0.7998700467190643,0.6050988796964294,-0.3751056191147573,0.933081534097847,0.9411971555758091,0.9328235181655704,0.9593629007181823,0.9301898690097562,0.9380467505191539,0.9370223220342058,0.8784979257807393,0.9416202046955602,0.8844030644279638,0.5859020317702422,0.928155758719984,0.9221767129868251,0.4073731846678924,0.7408356867847335,0.8108653205186223,0.6842972342045834,0.9748990869803813,0.6898387453544134,-0.21006308288252776,0.2201797498380922,0.6643105782899366,0.6674448853073432,0.7080340490553209,0.9760981646937064,0.9761605364093663,0.03525818647687073,0.26876143984086337,0.11819271552341043,0.08352625633427525,0.11064201966917428,0.1290027915328195,0.09567779673472757,0.04392075623209235,0.469357065309033,0.19852322545007162,0.14544552848957223,-0.5111594678760528,-0.5506955525246994,0.6460460305523217,0.7471960721957248,0.7715956838999095,0.8325570181407327,0.8268704566317563,0.5401832725316043,0.7358667576132945,0.766546389621581,0.7653592120293145,0.4149052824213611,0.23340995972018622],[0.9958753936917717,0.9906186326353185,0.9909500770178042,0.996338224105801,0.998460497875771,0.9868770398072572,0.9982727679335258,0.9999969778134734,0.9731754900585213,0.9999819405300888,0.96989634322234,0.9997231632963283,1.0,0.9996646252880497,0.9999976667677309,0.9992758779224847,0.9911151569000141,0.9994255896002369,0.999908186852906,0.9999079480600102,0.999967969528534,0.9999952872388181,0.9908383765033899,0.9761956085816587,0.992944222741972,0.9449850937479409,0.9934831305863325,0.9876515521834734,0.9750495991204033,0.9471729980963378,0.9889726774046496,0.994000072844842,0.9921647259188975,0.9706392776419793,0.9994890399921922,0.9995689159940626,0.9996740975544459,0.9997142959202234,0.9990494408704007,0.9995063469501908,0.998120329356751,0.9987549880747454,0.9995596220159368,0.9994268514923909,0.9833330720760335,0.9288436378547353,0.717432564773474,0.9443881053756685,0.925774786150934,0.8020506472566183,0.9561356412048244,0.9382634795232095,0.9579362455778963,0.9533183953451726,0.9451262343264715,0.9798655109677203,0.9774792150638039,0.9904161762860442,0.9972099485725229,0.9401442186774346,0.955690196129442,0.9648504886913833,0.9687659758288485,0.9669551413948826,0.9436082963033438,0.8906903463095416,0.9465466793564529,0.9517744119475675,0.9307961202249911,0.8747032038620157,0.961869378304498,0.9297566411832222,0.9600487848929291,0.9408564141426626,0.7477458763062149,0.8358934666903355,0.7648100682605353,0.853035494406668,0.8760497605083647,0.8830658215005195,0.8623618395617269,0.8720139397638862,0.28266693271941434,-0.6062217926441863,0.9579204105441611,0.9378782892722828,0.9376102972520614,0.945216722597956,0.9536161831106684,0.9649776356328066,0.9650162602366457,0.922429870475151,0.958605056874224,0.8263386561587898,0.6720618122630464,0.9306839813282287,0.9373974505567914,0.7632951749905859,0.9271779194150461,0.9464010228059816,0.8219746748390002,0.9724298158392268,0.8356232757475117,0.5955543341367825,0.695961214846137,0.8467808917212057,0.8410602656602603,0.8349321682622824,0.9794622265827178,0.9796753275630965,0.7207808185207719,0.6917874461713467,0.7844790079453673,0.3345384519668421,0.7655479250936698,0.7887987659886332,0.7828799233840831,0.7845929731826764,0.7427740932511236,0.7293932647041504,0.7084919176898673,-0.28455282080348865,-0.4330812871922053,0.6471062402392467,0.8833585185228342,0.9251190300931761,0.9357566685419851,0.9094225682270065,0.8136349868121645,0.9053677875797305,0.9267268872166275,0.9263998178831949,0.7568791930919156,-0.1286504647676545],[0.9951636471470536,0.9904788236279012,0.992871570331612,0.9958297291072747,0.9983036246434386,0.9882570632202218,0.9991133690528291,0.9996811826180255,0.9832543721009603,0.9998496883243195,0.9689157168554697,0.9997051285235056,0.9996646252880497,1.0,0.9997015263921167,0.9992284505073116,0.9971392637191003,0.9990117332717021,0.9995102715568768,0.9995033017633385,0.9996848100666371,0.9996579916804519,0.9928492667338359,0.9779474178529843,0.9961545608233671,0.971324449795205,0.9960432381416372,0.9875275759522987,0.9778852166457128,0.9497034696389475,0.9880531527577444,0.9919613991822261,0.9911864513562322,0.9683415394200358,0.9988015178045945,0.9991193882830836,0.9992941943928867,0.9999177607806731,0.999003907181689,0.9991168042539217,0.9974308527747592,0.998105158056854,0.9987986856605596,0.9987283134159353,0.9874408953955048,0.9287839738876523,0.7130231188844849,0.9444624635069586,0.925677078279026,0.8014227448977904,0.9515940711964439,0.9316615335403113,0.9527964778961404,0.9498510460857876,0.9409804947112446,0.9763238977390686,0.9753437979685516,0.9879699164896233,0.9956778603053014,0.9624436503425666,0.955430951369149,0.965218843826487,0.9682877593239027,0.9668852865335159,0.9661989884436903,0.8948460770169412,0.9440610657367783,0.95037893520176,0.9500714546088461,0.8735171399657641,0.962282592987035,0.9409223292527118,0.9619203503795282,0.9606679089337412,0.7526524702253543,0.8333612300165316,0.7942059942466372,0.8511263750515329,0.8776059892753928,0.8825310952279761,0.8708050394271433,0.8712676141929184,0.26923755346260114,-0.6005391990215421,0.9573271119898508,0.9376273526849621,0.9367448213156362,0.9650158381571794,0.9532971758040961,0.9640480449455797,0.9640382144403831,0.9227459578878746,0.9590270177144353,0.8329160101221152,0.6724481988232206,0.9311240781058326,0.9383700348178797,0.7612987556781133,0.9256229266603238,0.9450646566109069,0.8228417975796544,0.9748928513562889,0.8305593073654293,0.5869012931441447,0.6914296737329578,0.8380363657662603,0.8357501874659392,0.8271554140512742,0.9811868270467837,0.9813628460618805,0.7118892042183733,0.6867191262268832,0.7648995956966833,0.33427560849379817,0.7557676265099403,0.7776282493069145,0.7539118467425044,0.7736943513786483,0.7406553929258887,0.7196606910391633,0.6990239483270528,-0.2909460988577826,-0.4379035210594484,0.646722199258377,0.8810909714773787,0.9261756211867457,0.9310074197746407,0.9085120807047271,0.8058616217048982,0.8992190669063327,0.9194302607778175,0.9198217540375987,0.750065515511691,-0.12695546132511606],[0.995795018584665,0.990522577301132,0.991125161110483,0.9962746448187708,0.9984568404757802,0.9870358343878193,0.9991013469852653,0.9999980361814411,0.9781029426794977,0.9999905745741939,0.969643954294308,0.9997127434189714,0.9999976667677309,0.9997015263921167,1.0,0.9993774206204048,0.9961933433394713,0.9993981162145931,0.9999014119985971,0.9999006588764139,0.9999620050032787,0.9999929491923607,0.9909830353512952,0.9764011939509909,0.9947124387011211,0.9594341015288045,0.9945344798823507,0.9875902087911347,0.9752776662670205,0.9473615115520116,0.9914255788336502,0.9942857458378003,0.9920318274694022,0.9703998629603638,0.999460282065645,0.9995298074434603,0.9996506681808948,0.999730420898477,0.9990087163526714,0.9994729251262071,0.9980583797411985,0.9986992438776755,0.9995280142229932,0.9993979882703783,0.9835333803685115,0.9286378132986544,0.7167536771977683,0.9444457791100199,0.9257058646372968,0.8014949791780893,0.955883709810957,0.9380045723684154,0.9577120011060777,0.9529011192174525,0.9446419887127304,0.979653074264181,0.9772395304061774,0.9902475437874738,0.9971080746122173,0.9401577983487022,0.9556437730870003,0.964745849232998,0.9687108461238294,0.96683950913664,0.9431156696796671,0.8907704029429776,0.9461672273451642,0.9514306408780241,0.9305968035683679,0.8744369212594613,0.961946369717118,0.92992180984252,0.9600504102784987,0.9409069126492269,0.748039308485445,0.835408038547323,0.7645483285788188,0.852611199465041,0.8759003644488408,0.8828095750038656,0.8621209873302369,0.8717781233526254,0.28273366798488764,-0.6059871360090878,0.9577977498714694,0.9377239491138994,0.9374818035292513,0.9433982449198263,0.9535842756072486,0.9648464035076054,0.9648801253094739,0.9224464269901785,0.9584781456127814,0.8264189762841423,0.6719549227790376,0.9310832592045145,0.9378018676400076,0.7630700324544872,0.9270404933311858,0.9462824376574135,0.8217092519659064,0.972612165070634,0.8352103169561356,0.5943574008521438,0.6951710809970801,0.8463358025171461,0.840672843783171,0.8345328361676434,0.979589239463623,0.9797990757736037,0.7196897830505921,0.6908233034012533,0.7838843114171801,0.33403534953877967,0.7648487363946095,0.7880431516913579,0.7824633100620765,0.7837895397471991,0.7422964217167436,0.7281486559213279,0.7072577229356349,-0.2853472273392804,-0.4337718887404337,0.6468656669275109,0.8827591393392031,0.9248259363123209,0.9352985897572549,0.9090147713278715,0.8128789140939987,0.9050295642728229,0.9262294542424704,0.9260312164116312,0.7563189911496974,-0.12791107799554396],[0.9974656205008693,0.9930935912881645,0.9905042819659328,0.9977801938202041,0.9990063495687317,0.9867648854684394,0.9998789649933929,0.9992207304563618,0.9757677293140861,0.9996568918341937,0.9731310536068069,0.9995926745523067,0.9992758779224847,0.9992284505073116,0.9993774206204048,1.0,0.9978404784990992,0.9998251121881027,0.999477285401027,0.9994826335012047,0.9997258878544094,0.9994736554244057,0.9905052047946914,0.9753090104732931,0.9931540248152175,0.9507726465525278,0.9927842082550171,0.9896424512227404,0.973122101566203,0.9479064729183537,0.9919383744341229,0.9925603217204878,0.9927606968149514,0.9725451359833448,0.9992168033741877,0.9997041927590018,0.999673178762588,0.9995082419749696,0.9995100515035293,0.9997486842352585,0.9987579302441136,0.999531446330972,0.9994654769060878,0.9992182190343851,0.9819199439701949,0.9275406448300535,0.7275091694279711,0.9398429259020081,0.9263020999846745,0.8145303079908051,0.9582444738084822,0.943224267130151,0.9603994670386508,0.9576193967952481,0.9494529507130832,0.9819230957104873,0.9796505206733853,0.9913103769985546,0.9965081718682193,0.9455512503461843,0.9596862640525309,0.9707027468891477,0.971561075841151,0.9724848697561287,0.9465422621235319,0.8979789607343197,0.9497902490367387,0.9575921978512781,0.9363769718961641,0.8847365588780909,0.9646882918554828,0.9359082736100337,0.9652879596804321,0.9461261069109368,0.7585654628064457,0.8417393247134709,0.7697760420287879,0.8586573335996642,0.8819241292502912,0.8860222870248933,0.8665358682537918,0.8780067191269628,0.2959012616504593,-0.6022725531819532,0.9614772759088701,0.9436087298969457,0.9429344551774819,0.9484719371949588,0.9583188439981046,0.9685790214355946,0.9686601310433475,0.9275282715400336,0.9647380883486134,0.8361632742470144,0.67379332896903,0.9187535714395426,0.9284750619209879,0.7657666392152336,0.9270983965165654,0.9460429361916628,0.8223845316038483,0.9685474617217401,0.8344688372315998,0.6046994654005671,0.