var element=document.getElementById("correlationClose");if(element.style.display!='none'){var correlationClose={"data":[{"type":"heatmap","z":[[1.0,0.9999852192743782,0.6015655238671903,0.9997119964442951,0.9976634141412293,1.0,0.991409314543897,0.9872608003181808,0.9872608003181808,0.9920969290714412,0.9742638526625398,0.9841428474732383,0.9914514723282186,-0.11063189326542777,0.9915121280846144,0.9255959358706285,0.9039331325132456,0.40193260909269957,0.9924624719530231,0.9924609116368089,0.9845409044801003,0.9914529601790396,0.45179528155063037,0.6905966586785662,0.9792521617155546,0.9792521617155546,0.9792311387950733,0.9667873480824755,0.33479130170338817,-0.10869154409031966,0.9896538714158988,0.9896192691460429,0.29483683985414083,-0.18308404280870397,0.9941245695132683,0.9949186817810041,0.823506228255979,-0.38182335690388675,0.9888856235622722,0.9947687805704309,0.9227050013442862,0.3836738403820054,0.9942953402521384,0.9942914656067232,0.9942953402521384,0.8878919533606701,0.6636835829896538,0.88195239753645,0.8922610811714182,0.7980818802448767,0.3818461891426656,-0.14699824411398024,0.1938055657674673,0.945358901265797,0.4356513561380145,0.9762831317880383,0.9709247440756994,0.9796623111824851,0.9897368885635283,0.9201764922602775,0.921167415993247,0.9371946002542908,0.916367539238453,0.9342068286195762,0.9350446443789062,0.9342068286195762,0.8578368787824268,0.9112013788690883,0.9123917320397277,0.9112013788690883,0.9053039092848788,0.7518866459040765,0.8790457906835998,0.8807652840534215,0.8790457906835998,0.6422263496190375,0.3259376460738625,0.6208165731898474,-0.5831893951063041,0.5218354720450448,0.5647651110510209,0.5662887455314333,0.5647651110510209,-0.10502576153385232,0.8929290930586473,0.9256395257303526,0.907748312282715,0.9217646857559633,0.3906798283579667,0.8892866191646827,0.890553513905699,0.8892866191646827,0.8967203041847145,0.8967203041847145,-0.138285029929773,0.5711680752695679,0.1876742160427148,-0.6003271449877848,-0.5712639538171894,-0.5746505480714369,-0.06342498120159824,0.08278713864821059,0.24561453005081849,0.09919439864154107,-0.439148887718913,0.03646663628417797,-0.7943659854422103,-0.2303838899247999,0.14546048792229277,0.14626522432122993,-0.5516962894812246,-0.5977070073520646,-0.23172036472583712,-0.4969408318083696,-0.8259247097525101,-0.36624333091541966,-0.3581617510277817,-0.36624333091541966,-0.19209052435454696,-0.27976713077309406,-0.27976713077309406,-0.8139377213302533,-0.8139377213302533,0.4017084203771918,0.6508877695281913,0.8680437967374315,0.8483273815615817,0.7815601865122523,-0.2730090598400018,0.7608804405853957,0.8002528571168583,0.8003177282819809,0.8002528571168583,-0.23335238791330873],[0.9999852192743782,1.0,0.9734737450984631,0.9993129410062874,0.9945634883121218,0.999985219274378,0.9806274781819226,0.9728507768993369,0.9728507768993369,0.9804585958526264,0.9631030117784267,0.9824276774092721,0.9806773605794309,0.9806509674525953,0.9804824796698381,0.6559086992216847,0.601989889484343,-0.3243755868931843,0.9854339772509685,0.9854112346484954,0.980738669110118,0.9807319264628128,-0.1046756512181342,0.9723054741695513,0.9746289259845731,0.9746289259845731,0.9746921524524325,0.9671182177133665,0.11853098632630181,0.1730066216279048,0.9775472161256682,0.977620541297986,0.9734679330075714,0.18389486871000804,0.9888738304274107,0.9889399239820422,0.9896316118324092,0.9823926023516518,0.9875646970848123,0.9889886950678058,0.632134176826255,-0.33038392121923427,0.9896946280926574,0.9896794279105724,0.9896946280926574,0.8878791863595691,0.5299833620028391,0.8825132587467444,0.8925214643994936,0.7974044932681774,-0.4067931436947741,-0.5329459941112714,0.8259948061088784,0.8602431783615336,-0.21013539632978512,0.93426878347924,0.934374767810709,0.9460442131753617,0.9737588525504883,0.9335311553042527,0.9423529633564481,0.9229754617482705,0.9224433062542413,0.9289257932766108,0.9295725597687702,0.9289257932766108,0.8052111156169973,0.7683584027780912,0.7706431786452212,0.7683584027780912,0.93644988418118,0.9409707929633214,0.9364895214319353,0.9375770072473333,0.9364895214319353,0.4960653144333928,0.43668198867905283,0.5519468724977076,0.6535225997470404,0.5435240117957936,0.5774451198788797,0.5782902104934929,0.5774451198788797,-0.21432136003768856,0.8853597223292222,0.9175110547009138,0.9058315497096969,0.9399518658156935,-0.16562360465312798,0.8802578627316852,0.8806246862612224,0.8802578627316852,0.8901450630113888,0.8901450630113888,-0.2352085421550944,0.5720455589601604,-0.3704613211284708,-0.7014823541994016,-0.46618515783123426,-0.4696087401091652,-0.32559573442637335,0.24537318748170417,-0.22961949014021496,-0.42853370985915906,-0.6422083789746188,-0.3058399893013547,-0.4922868915550905,-0.3611332803358308,0.12434427611508204,0.11987670583162356,-0.4912005217227782,-0.4496821017542328,-0.4779897022692597,-0.5080310815820237,-0.5004100738072808,-0.4800180386615519,-0.4833099641155497,-0.4800180386615519,-0.3566620942712517,-0.5078694343643048,-0.5078694343643048,-0.47922187707237124,-0.47922187707237124,0.4015491641364056,0.40089442858999846,0.5133759208243874,0.5979967802586749,0.5635274014718021,-0.40805883711033664,0.37256974445664576,0.3561271446203804,0.3562421004392184,0.3561271446203804,0.10793951865400318],[0.6015655238671903,0.9734737450984631,1.0,0.5961447713243528,0.500486947845542,0.6015655238671903,0.5878631497629552,0.577384337261746,0.577384337261746,0.5036481613464642,0.45042281122649636,0.9966784902314155,0.5878864155851172,0.5093242047177858,0.5881707503651636,0.5198805994211871,0.536656083529806,-0.13630293360389337,0.5389398205170831,0.5389127793412724,0.4959273237070444,0.5875409347772237,0.22410087520390828,0.7273484916088522,0.5587329473215582,0.5587329473215582,0.5584702645463496,0.9860273745047361,0.3227826443200953,0.18014979183314334,0.5499393933881049,0.5494921088285232,0.7617602931170281,0.024289749420755687,0.5853468919303745,0.49979176170062783,0.565068917517165,0.3421155796258283,0.99423707643589,0.49102417313210406,0.5147494067971167,-0.1434888280377435,0.6016633685043318,0.5840418787686418,0.6016633685043318,0.8909933352072743,0.39281013133144493,0.913594420643064,0.8825504534071085,0.6683731666050202,0.20316132675575846,-0.029700721992342877,0.053375256456700486,0.4549403667779294,-0.0801218543812983,0.5389240124724646,0.4843113935562251,0.513133191724685,0.4692959044944042,-0.05324093918435724,0.7246127868363821,0.6685405081016399,0.5335283350431238,0.6746908254811147,0.7267740700683095,0.6746908254811147,0.3949367832042862,0.5708726824494441,0.6579061748167552,0.5708726824494441,0.603883044103347,0.6360713868402486,0.6801010235083028,0.744433170652663,0.6801010235083028,0.2618595688825521,-0.08668130780348593,0.27892352941252513,0.13007419381767105,0.2793190848912302,0.26121901204027487,0.4229102227820517,0.26121901204027487,-0.17351451544842011,0.49349496379320856,0.8345660059111102,0.5776755331513906,0.7427498042512872,0.029039928728715875,0.5512229433352096,0.5522539970308847,0.5512229433352096,0.6560112932780302,0.6560112932780302,-0.2587124304297484,0.7206784162294432,-0.2121790489219307,-0.5957500877786285,-0.405261439744687,-0.408429143205542,-0.398719921126124,0.04435749995503362,0.024195244230024632,-0.2831201766003708,-0.5770830200704377,-0.14402198154814175,-0.2545211321121857,-0.22562883686341206,0.007460137379907404,0.004731947532919087,-0.4634397783032277,-0.012417613940498768,-0.23284274305868133,-0.4939457187549991,-0.14064016047138517,-0.3732756413851168,-0.25073750234958286,-0.3732756413851168,-0.42339993395130154,-0.5154535207439328,-0.5154535207439328,-0.25969376029332836,-0.25969376029332836,0.3360141426656314,0.15541409307640755,0.25724189862040436,0.49858239407925714,0.24075384214778017,-0.3303956279175351,-0.030925690768567268,0.4515126811400249,0.562168761925652,0.4515126811400249,-0.04675790762779795],[0.9997119964442951,0.9993129410062874,0.5961447713243528,1.0,0.9987383053733374,0.9997119964442949,0.9929035147891269,0.9892262541388023,0.9892262541388023,0.9938847100312621,0.9721426999810516,0.988510124253081,0.9929340857653416,-0.11452287051038483,0.9929682997659154,0.9263875610968814,0.9046219641013806,0.38751636136516776,0.9937464462218214,0.9937450733791283,0.9848686874500369,0.9929257941241526,0.44329342321712706,0.6943105809404395,0.9820766249366297,0.9820766249366297,0.9820556137129539,0.9753717805143848,0.33043413648467734,-0.11551066640132385,0.989246448301793,0.9892217219798297,0.2868579191106267,-0.18354834397863548,0.99484373870273,0.9958886899386091,0.7853235382979159,-0.38717065439078885,0.9920657995300304,0.9959706832920961,0.9226446830832449,0.36891358011191666,0.9925663421501959,0.9949129505756451,0.9925663421501959,0.8860435261682874,0.651094408486567,0.8888574192093236,0.8895145593507587,0.7772279788706783,0.37650536688957686,-0.15268925978699677,0.18761369165247577,0.9396766611506666,0.41961548906558555,0.9719367617508037,0.9680864477165805,0.9776337472381957,0.9899717985447454,0.8975092770028487,0.9134216605916943,0.9231800844076692,0.9118389693414387,0.9158481858642604,0.916999690428098,0.9158481858642604,0.8488787219253697,0.8982783498513434,0.8995959325058739,0.8982783498513434,0.9013748897483583,0.6881896038184945,0.8375035668573828,0.8393294015808006,0.8375035668573828,0.6329420616756171,0.11222296489645618,0.6096733663290544,-0.5881323567830019,0.5159303339122056,0.30395505867914646,0.5351566118039311,0.30395505867914646,-0.11175553160689623,0.8868669709451735,0.9165333194800285,0.8988812067455649,0.8969297291485303,0.3770422013194431,0.8841069696090416,0.8855428645835022,0.8841069696090416,0.8758745433617002,0.8758745433617002,-0.14398896878699308,0.5954598016143366,0.19243163888180465,-0.6106494044053187,-0.578730181025811,-0.5820338985266426,-0.07580794988037672,0.0776548217374303,0.23856007558795952,0.08631125842626142,-0.4516202640843199,0.029983596978683347,-0.800741042217271,-0.23826365679537187,0.1348627068550826,0.13572508322696272,-0.5588912547144639,-0.5944646560924206,-0.2332527068143188,-0.50851699322522,-0.8280247343890365,-0.367903284957373,-0.36038023838232536,-0.367903284957373,-0.20120945041167135,-0.2897248969913707,-0.2897248969913707,-0.8139554579437301,-0.8139554579437301,0.38979788953384453,0.6391639862658214,0.8604024985348611,0.8407872285712771,0.7743341380261195,-0.2863153940952399,0.7519678608796468,0.7916099068631964,0.7916798018580524,0.7916099068631964,-0.21842511306276613],[0.9976634141412293,0.9945634883121218,0.500486947845542,0.9987383053733374,1.0,0.9976634141412293,0.9969448874189735,0.9951463532116641,0.9951463532116641,0.997143721282602,0.9627236710579201,0.9958373579783188,0.9969641725289194,-0.316608770967388,0.9969935851239368,0.8967650994871817,0.8625482281108341,0.18723585683490093,0.9975060128732554,0.9975041910639759,0.9866377763684249,0.9969557188296005,0.08730639930836558,0.6627236079891637,0.991239384334376,0.991239384334376,0.9911978220248959,0.9870071768512034,0.09509986508695754,-0.09843635036416401,0.987306839254344,0.9872488409758784,-0.015847139255664774,-0.07873252561665725,0.9977571021902921,0.997691909066942,0.7674593436906648,-0.5223134504864205,0.9973811280475697,0.9979854551279613,0.8875917396725517,0.1632349328223844,0.9977071304555193,0.9977095421950597,0.9977071304555193,0.9007961160204566,0.6128090958557151,0.9078229078904846,0.8935994252959563,0.7471577405829916,-0.09882055167129805,-0.5834982279311641,-0.22457411188319792,0.9260785767863079,0.2734913641079077,0.966103224276341,0.9661714544195762,0.9789574221890551,0.9907734420643854,0.8938768432671145,0.893051871564159,0.9110515347868109,0.8979473955027192,0.9093000833894729,0.9098887500125075,0.9093000833894729,0.8211256703842873,0.8461612404283864,0.8478035089348809,0.8461612404283864,0.8892009372971573,0.7888285824820945,0.8692620094603036,0.8704758061487892,0.8692620094603036,0.5870143872583459,0.4550756849819175,0.5712163489273545,-0.6238890349393584,0.5699978077453998,0.5475932313174905,0.5477054197767887,0.5475932313174905,-0.13161173996270456,0.8672853057900254,0.8889713143847894,0.8735859798117624,0.9032365428022384,0.22820457602628622,0.8678262466238343,0.8693250287285808,0.8678262466238343,0.875296413422196,0.875296413422196,-0.18549056456539587,0.6496798141311525,0.0467024577461197,-0.6442890601736496,-0.6328563639145633,-0.6331899490105944,-0.1105418703801181,0.10027219539905372,-0.15773425533130872,-0.16553662795857518,-0.5330562583647214,-0.3385746620375505,-0.8584669683189323,-0.5296340928146728,0.10205400801262213,0.10280231963549599,-0.5878363059922417,-0.5864942429411676,-0.5242189902948273,-0.5495630594875945,-0.7918905225839126,-0.5786352171369828,-0.5816777903230486,-0.5786352171369828,-0.2433780443992701,-0.3267709923591895,-0.3267709923591895,-0.7584132810718915,-0.7584132810718915,0.3724143453806022,0.6187066690344833,0.8116521010760803,0.7894760581586235,0.7621974671376172,-0.4212067990502723,0.6043081501728645,0.6831107326537531,0.6832941008722822,0.6831107326537531,0.010410852232018241],[1.0,0.999985219274378,0.6015655238671903,0.9997119964442949,0.9976634141412293,1.0,0.991409314543897,0.9872608003181808,0.9872608003181808,0.9920969290714412,0.9742638526625398,0.9841428474732383,0.9914514723282186,-0.11063189326542777,0.9915121280846144,0.9255959358706285,0.9039331325132456,0.40193260909269957,0.9924624719530231,0.9924609116368089,0.9845409044801003,0.9914529601790396,0.45179528155063037,0.6905966586785662,0.9792521617155546,0.9792521617155546,0.9792311387950733,0.9667873480824755,0.33479130170338817,-0.10869154409031966,0.9896538714158988,0.9896192691460429,0.29483683985414083,-0.18308404280870397,0.9941245695132683,0.9949186817810041,0.823506228255979,-0.38182335690388675,0.9888856235622722,0.9947687805704309,0.9227050013442862,0.3836738403820054,0.9942953402521384,0.9942914656067232,0.9942953402521384,0.8878919533606701,0.6636835829896538,0.88195239753645,0.8922610811714182,0.7980818802448767,0.3818461891426656,-0.14699824411398024,0.1938055657674673,0.945358901265797,0.4356513561380145,0.9762831317880383,0.9709247440756994,0.9796623111824851,0.9897368885635283,0.9201764922602775,0.921167415993247,0.9371946002542908,0.916367539238453,0.9342068286195762,0.9350446443789062,0.9342068286195762,0.8578368787824268,0.9112013788690883,0.9123917320397277,0.9112013788690883,0.9053039092848788,0.7518866459040765,0.8790457906835998,0.8807652840534215,0.8790457906835998,0.6422263496190375,0.3259376460738625,0.6208165731898474,-0.5831893951063041,0.5218354720450448,0.5647651110510209,0.5662887455314333,0.5647651110510209,-0.10502576153385232,0.8929290930586473,0.9256395257303526,0.907748312282715,0.9217646857559633,0.3906798283579667,0.8892866191646827,0.890553513905699,0.8892866191646827,0.8967203041847145,0.8967203041847145,-0.138285029929773,0.5711680752695679,0.1876742160427148,-0.6003271449877848,-0.5712639538171894,-0.5746505480714369,-0.06342498120159824,0.08278713864821059,0.24561453005081849,0.09919439864154107,-0.439148887718913,0.03646663628417797,-0.7943659854422103,-0.2303838899247999,0.14546048792229277,0.14626522432122993,-0.5516962894812246,-0.5977070073520646,-0.23172036472583712,-0.4969408318083696,-0.8259247097525101,-0.36624333091541966,-0.3581617510277817,-0.36624333091541966,-0.19209052435454696,-0.27976713077309406,-0.27976713077309406,-0.8139377213302533,-0.8139377213302533,0.4017084203771918,0.6508877695281913,0.8680437967374315,0.8483273815615817,0.7815601865122523,-0.2730090598400018,0.7608804405853957,0.8002528571168583,0.8003177282819809,0.8002528571168583,-0.23335238791330873],[0.991409314543897,0.9806274781819226,0.5878631497629552,0.9929035147891269,0.9969448874189735,0.991409314543897,1.0,0.9973143092805491,0.9973143092805491,0.9999687441893298,0.9549337648690512,0.9996325803681195,0.9999963227064906,-0.12847253170409814,0.9999928251140687,0.9543592492304643,0.9468756261677316,0.3424130837300432,0.9998467756110966,0.9998471306780333,0.9890395928917968,0.999996521000439,0.3525845299793521,0.6944365703747449,0.9848676025374097,0.9848676025374097,0.9854036153960288,0.9881893216991555,0.25416318898376067,-0.1731008899906185,0.9918495478312486,0.9916385144868617,0.1885741825976738,-0.2330452662020468,0.9993148161995947,0.9994148643902613,0.38077265657734316,-0.3223049290023096,0.9988343109911197,0.9993483673230548,0.9474041432490338,0.32236189809151455,0.9357782614146475,0.9990514334769907,0.9357782614146475,0.9100117925964137,0.6179156693887033,0.9276850942210629,0.9022550210321194,0.7053348926594244,0.4108866560351139,-0.09393382531267531,-0.2067560397264268,0.9249036036428644,0.38114615240094774,0.9681621539178257,0.9619911425856348,0.9779911013720898,0.996043550325162,-0.0662356228746443,0.8474385127322515,0.8142321833776315,0.861513236898235,0.808061515195758,0.7738744302567881,0.808061515195758,0.7800173019186267,0.7752586629819612,0.7703148758532556,0.7752586629819612,0.8507128056951355,0.3369163654257651,0.5496562571115663,0.6252438754936366,0.5496562571115663,0.5553900536468043,-0.3559099953083512,0.5194796600783181,-0.6511382011246812,0.44107620705254397,-0.1165549951152806,0.3950310812080604,-0.1165549951152806,-0.15468788331718253,0.8272106029342794,0.8429282579378589,0.8298529447676113,0.7478983372482252,0.33124386438581094,0.8287620115160049,0.830804646501454,0.8287620115160049,0.7395897920079002,0.7395897920079002,-0.22225593505058644,0.6961379568935105,0.24923900527670909,-0.6248984116996772,-0.620444262020634,-0.6233256309666645,-0.12472863561723559,0.02641348418410626,0.346396248172549,0.05022769343440243,-0.47390755183000244,0.08453630023200484,-0.827483101294202,-0.1402243586993381,0.06517472337703364,0.06617004319318123,-0.6030979242274009,-0.6016830724443188,-0.07153180637364859,-0.5854358372294937,-0.840742358230012,-0.3628352012619266,-0.1921052607027815,-0.3628352012619266,-0.2776422703462969,-0.336871890655751,-0.336871890655751,-0.8334750982654419,-0.8334750982654419,0.37108024920747734,0.5982188435465632,0.5016130949949374,0.8056388852415026,0.7536906803836517,-0.34146475440754825,0.06204583835955135,0.758984930231495,0.7776194980613172,0.758984930231495,-0.1456135970536111],[0.9872608003181808,0.9728507768993369,0.577384337261746,0.9892262541388023,0.9951463532116641,0.9872608003181808,0.9973143092805491,1.0,1.0,0.9995066797486073,0.9472170134132004,0.9984835689229944,0.9980954641785901,-0.13724552403412327,0.9990640283260319,0.9526170062170851,0.9381172937115296,0.32039563004407684,0.9991134441960609,0.9991163512837802,0.9862339068264033,0.9992163073412568,0.3262449212382831,0.6944826029018425,0.9922366246431412,0.9922366246431412,0.9832595267507707,0.9845556132517753,0.2355858698642037,-0.18732361241243686,0.9881216673546476,0.9915417047121667,0.16904848221650828,-0.23940361335602592,0.9982087006441552,0.9981398707655846,0.36113494022537784,-0.3294534377788478,0.9965425265958987,0.9980216009757834,0.9460933162251554,0.2998886645227208,0.9275072111468116,0.9980395366362149,0.9275072111468116,0.907409152463769,0.6022890455646789,0.9280253824100867,0.8985761178737504,0.6799651352834244,0.39756139525994477,-0.10942815004076537,-0.2200216569586868,0.9158386840224296,0.3602209639106952,0.9634064475686658,0.956526037002682,0.9726733309573726,0.9951353838780068,-0.07668733431477544,0.8342945418748444,0.7968263050500543,0.8521540191135871,0.791836704744085,0.7609021251386243,0.791836704744085,0.7663612208253654,0.7551609563336703,0.7560889430712525,0.7551609563336703,0.8416093829406078,0.31619901970194564,0.5278212076246618,0.6079006156818516,0.5278212076246618,0.5410936772074504,-0.3712820686310761,0.5033875061300617,-0.6596404614881973,0.43212646028193663,-0.13956667594819708,0.37764595301781895,-0.13956667594819708,-0.1618171323482396,0.8162060403806396,0.8261085253251417,0.8157123750185259,0.732417363586123,0.31361592891587187,0.8183655697712655,0.8206460591733445,0.8183655697712655,0.7205971099454213,0.7205971099454213,-0.2383931570733838,0.7232193054111244,0.2569042396440824,-0.6347156343089567,-0.6339599295520214,-0.6366654260397823,-0.1400733162666687,0.018169096251457104,0.33943081676852344,0.0306523761146606,-0.4871872510442896,0.07516462246999753,-0.834069844988118,-0.14680349054072375,0.04911251534575497,0.0501473314336699,-0.615428441989325,-0.6028953416065383,-0.078490637254538,-0.6033059096417759,-0.8408465672685526,-0.3747819804583349,-0.1984408814608641,-0.3747819804583349,-0.29605572551693404,-0.35123786006272156,-0.35123786006272156,-0.8319814337042626,-0.8319814337042626,0.3493466628203693,0.5805548652253059,0.482340751679567,0.7874316878439784,0.7405256340618799,-0.3640562171264892,0.04752717676181146,0.7395029170696004,0.7616485295808508,0.7395029170696004,-0.12811971979466727],[0.9872608003181808,0.9728507768993369,0.577384337261746,0.9892262541388023,0.9951463532116641,0.9872608003181808,0.9973143092805491,1.0,1.0,0.9995066797486073,0.9472170134132004,0.9984835689229944,0.9980954641785901,-0.13724552403412327,0.9990640283260319,0.9526170062170851,0.9381172937115296,0.32039563004407684,0.9991134441960609,0.9991163512837802,0.9862339068264033,0.9992163073412568,0.3262449212382831,0.6944826029018425,0.9922366246431412,0.9922366246431412,0.9832595267507707,0.9845556132517753,0.2355858698642037,-0.18732361241243686,0.9881216673546476,0.9915417047121667,0.16904848221650828,-0.23940361335602592,0.9982087006441552,0.9981398707655846,0.36113494022537784,-0.3294534377788478,0.9965425265958987,0.9980216009757834,0.9460933162251554,0.2998886645227208,0.9275072111468116,0.9980395366362149,0.9275072111468116,0.907409152463769,0.6022890455646789,0.9280253824100867,0.8985761178737504,0.6799651352834244,0.39756139525994477,-0.10942815004076537,-0.2200216569586868,0.9158386840224296,0.3602209639106952,0.9634064475686658,0.956526037002682,0.9726733309573726,0.9951353838780068,-0.07668733431477544,0.8342945418748444,0.7968263050500543,0.8521540191135871,0.791836704744085,0.7609021251386243,0.791836704744085,0.7663612208253654,0.7551609563336703,0.7560889430712525,0.7551609563336703,0.8416093829406078,0.31619901970194564,0.5278212076246618,0.6079006156818516,0.5278212076246618,0.5410936772074504,-0.3712820686310761,0.5033875061300617,-0.6596404614881973,0.43212646028193663,-0.13956667594819708,0.37764595301781895,-0.13956667594819708,-0.1618171323482396,0.8162060403806396,0.8261085253251417,0.8157123750185259,0.732417363586123,0.31361592891587187,0.8183655697712655,0.8206460591733445,0.8183655697712655,0.7205971099454213,0.7205971099454213,-0.2383931570733838,0.7232193054111244,0.2569042396440824,-0.6347156343089567,-0.6339599295520214,-0.6366654260397823,-0.1400733162666687,0.018169096251457104,0.33943081676852344,0.0306523761146606,-0.4871872510442896,0.07516462246999753,-0.834069844988118,-0.14680349054072375,0.04911251534575497,0.0501473314336699,-0.615428441989325,-0.6028953416065383,-0.078490637254538,-0.6033059096417759,-0.8408465672685526,-0.3747819804583349,-0.1984408814608641,-0.3747819804583349,-0.29605572551693404,-0.35123786006272156,-0.35123786006272156,-0.8319814337042626,-0.8319814337042626,0.3493466628203693,0.5805548652253059,0.482340751679567,0.7874316878439784,0.7405256340618799,-0.3640562171264892,0.04752717676181146,0.7395029170696004,0.7616485295808508,0.7395029170696004,-0.12811971979466727],[0.9920969290714412,0.9804585958526264,0.5036481613464642,0.9938847100312621,0.997143721282602,0.9920969290714412,0.9999687441893298,0.9995066797486073,0.9995066797486073,1.0,0.9537571253940992,0.9995882603188538,0.9999697705215475,-0.2940134066376415,0.9999739587672416,0.9121214668924567,0.8781892443952359,0.23017121424735404,0.9997945555193064,0.9997951478162798,0.988876971541868,0.9999669817530343,0.13408028051290863,0.6592553063895799,0.9945720452874856,0.9945720452874856,0.9945215095328931,0.9880628841782508,0.07720106008307093,-0.11184439678868008,0.9904528258435623,0.9904197916452966,0.0009246963435128865,-0.19156741937177843,0.9993448153397833,0.999302803844771,0.7775421574451415,-0.5138231988292981,0.9987551367261119,0.9993262088861886,0.9023944347963949,0.20676546869084364,0.9991938609741413,0.9991992529120002,0.9991938609741413,0.9098077519512924,0.6186929287450804,0.9274612496454385,0.9017905604491105,0.7047028887036054,0.007110870564824799,-0.5316589655805597,-0.17540651234321603,0.9203174642243164,0.32798374271649533,0.9629240777757732,0.9621324833763576,0.9794351940914263,0.9952669961574209,0.8668125157305433,0.8486455646059103,0.8849716401656905,0.8626774437704885,0.8832701370711206,0.8839556874386962,0.8832701370711206,0.779684960919601,0.8280746772681109,0.8297497309145618,0.8280746772681109,0.8524228515520532,0.7508543687956853,0.8396175616759916,0.8409889257583243,0.8396175616759916,0.5546961876407662,0.3819907338478984,0.519238174911615,-0.6725081370822695,0.4993821363904844,0.46403064322582044,0.46396109370464295,0.46403064322582044,-0.11215524042329506,0.8280792494136007,0.8428127856998839,0.8301621426599197,0.876627271005712,0.2518642568828941,0.8348649158238841,0.8370660558263796,0.8348649158238841,0.8423752338988288,0.8423752338988288,-0.22426352838019412,0.6969646158045724,0.07179448596965829,-0.638100504088669,-0.6595817586965009,-0.6605136573845504,-0.12836262628561393,0.029706804923831924,-0.16455356735089866,-0.1355157998713645,-0.5202692720803648,-0.36850922755923654,-0.8739999230669339,-0.5673149632396134,0.06450963548565358,0.0654741373402432,-0.6048951957423379,-0.5975917779883941,-0.5341499666193126,-0.5873818450501719,-0.8131993275458256,-0.6022738718788949,-0.6044387822595433,-0.6022738718788949,-0.28018213222468286,-0.3409320203875582,-0.3409320203875582,-0.7926716514986668,-0.7926716514986668,0.37155630838226206,0.5967117928306439,0.8200372612170114,0.8012513088428805,0.7518714815259275,-0.3702905454555855,0.6378544641153623,0.70500130532211,0.7051655604022781,0.70500130532211,0.09211275809740994],[0.9742638526625398,0.9631030117784267,0.45042281122649636,0.9721426999810516,0.9627236710579201,0.9742638526625398,0.9549337648690512,0.9472170134132004,0.9472170134132004,0.9537571253940992,1.0,0.9321986074827866,0.9549599473017892,-0.2221178375858995,0.9546370312269177,0.8061189520454423,0.7631846572459016,0.026143740055508274,0.9600699300901121,0.9600468787743189,0.9550913095480246,0.955082531780367,0.06537035959823567,0.7037400257908285,0.9567926866055587,0.9567926866055587,0.9569931402941217,0.8532897278604096,0.18494476039280158,-0.09356940191588277,0.9629849278003163,0.9631073774106559,0.15695983952082837,0.08622773982615449,0.9641669346639334,0.9644408320713131,0.8645592690466011,-0.4278880659380266,0.9426012113128184,0.9633031095150829,0.7996759179367694,0.004047132101085964,0.9654468809047922,0.9654117075469513,0.9654468809047922,0.7946279197919025,0.41537602954572517,0.7796672984272313,0.8761838025302416,0.8365791037149303,-0.5450573407106533,-0.685242766076559,-0.2857931170915311,0.8754405987923177,0.03721515580199123,0.9088201030413349,0.9088748365227315,0.9284070539635662,0.9613166141818924,0.8703081430114327,0.8672596953654427,0.8935335853059414,0.8732991887462928,0.8860287572447118,0.8867717487263711,0.8860287572447118,0.8186842497363349,0.798644906084842,0.8006459251477923,0.798644906084842,0.8662887613190023,0.884456395259947,0.8645375174813487,0.865252627261392,0.8645375174813487,0.6481633925260211,0.5700534567627442,0.6494289061858936,-0.3815121266226283,0.6713867891796678,0.6902439888680019,0.6930476096082093,0.6902439888680019,-0.2721819465080214,0.8706405935026785,0.9282446372003619,0.8871449738264192,0.8847144581530981,0.11656905489467044,0.8633754941939967,0.8646017043514043,0.8633754941939967,0.8739711935260777,0.8739711935260777,0.022753983186255697,0.3397102007789015,-0.0964230083157815,-0.5561964796506964,-0.41196851678478696,-0.4139898007271942,0.028666545697031316,0.40342429761400017,0.07570888074094625,-0.07843364780416555,-0.41848545119528957,-0.02448390983674714,-0.8070430004616779,-0.18643173447474387,0.29281513674869386,0.29193830884983335,-0.3762950540507242,-0.43764740800699115,-0.333928579560863,-0.34145217061946465,-0.6789406973359305,-0.3545161149308556,-0.3566412479712725,-0.3545161149308556,-0.07941509120057087,-0.37661277000446935,-0.37661277000446935,-0.5389206234740819,-0.5389206234740819,0.5552796827356689,0.666489307762307,0.7590567872362619,0.6765550370265395,0.8322908353435582,-0.4642257076718297,0.3871206022028323,0.5557284257940477,0.5560215226247456,0.5557284257940477,-0.22396111223271004],[0.9841428474732383,0.9824276774092721,0.9966784902314155,0.988510124253081,0.9958373579783188,0.9841428474732383,0.9996325803681195,0.9984835689229944,0.9984835689229944,0.9995882603188538,0.9321986074827866,1.0,0.9996303118886845,0.999627559849727,0.9995873491738452,0.7153334375471843,0.6557262872550162,-0.42736091318641944,0.9997660355115199,0.999769648914734,0.9996375506897224,0.9996375776793306,-0.22331114472732244,0.9661278465115397,0.9933001575736397,0.9933001575736397,0.9932769085971389,0.9907567953891648,0.0943301553021549,0.10675455318776438,0.9900039724434871,0.9900624361415737,0.9744227981037336,0.06157379923867803,0.9988403072180015,0.9987875263575724,0.9986230109432258,0.9992925548749333,0.9992866096336221,0.9988570245776338,0.684305999910796,-0.43694636474353743,0.998565377520422,0.9985756811213816,0.998565377520422,0.9034738384951825,0.4662357720967564,0.9235737025420591,0.899790862328104,0.7058246870318784,-0.5069873104052302,-0.6425355330943793,0.7964337026093106,0.8163126066093667,-0.31323185096041434,0.9246471485391857,0.9248542471172067,0.962946797548312,0.9929312426386255,0.8713726916404618,0.8801653342063405,0.8508175935907437,0.8528900911631196,0.8590552550312962,0.8598973632247293,0.8590552550312962,0.7051268164839423,0.6622456617850142,0.6649573360095706,0.6622456617850142,0.8800664373664169,0.8881155248489986,0.8789113597859748,0.8802533487389552,0.8789113597859748,0.3738648130031885,0.30380026579333674,0.42648648999515254,0.5464697774735702,0.42705993753750626,0.4680964707187229,0.47054187597765834,0.4680964707187229,-0.40061991931482405,0.8015867831429183,0.847077448495678,0.8293578989285207,0.8794277273308827,-0.2101405215528601,0.7953318799223935,0.7958270019664859,0.7953318799223935,0.8082598726604188,0.8082598726604188,-0.28163349456070846,0.6884966766712294,-0.3902848274030099,-0.7323301402080183,-0.5432702932816135,-0.5456279885176718,-0.3812019906924689,0.183193821767948,-0.28132858894894625,-0.4727482099787221,-0.6809045074771216,-0.3629713406708492,-0.6127126199795977,-0.42990292797978263,0.05782883091924272,0.0542289544709543,-0.5636015288239429,-0.5304509681580102,-0.5499880907650252,-0.5844613602079196,-0.5784955568739206,-0.5531333081702022,-0.556161849185002,-0.5531333081702022,-0.43445414312153824,-0.6091545125873445,-0.6091545125873445,-0.6074851363022253,-0.6074851363022253,0.36686158833872745,0.3508281637307615,0.4717376348001894,0.5564625329489401,0.5448661185792198,-0.5590538004917535,0.29465058638042657,0.3070252302525917,0.30720696536680014,0.3070252302525917,0.20819792998729011],[0.9914514723282186,0.9806773605794309,0.5878864155851172,0.9929340857653416,0.9969641725289194,0.9914514723282186,0.9999963227064906,0.9980954641785901,0.9980954641785901,0.9999697705215475,0.9549599473017892,0.9996303118886845,1.0,-0.1281446088631951,0.9999946241094364,0.9543379113721666,0.944018891048026,0.34247805130963466,0.9998480868103092,0.9998484114893474,0.9890788694411462,0.999997119123441,0.35290525765859887,0.694510428076746,0.9901933578748294,0.9901933578748294,0.9853934051377794,0.9881685803568789,0.25443345737095846,-0.17304408039316987,0.991857320844695,0.9916489952167287,0.18881447927815503,-0.23300596846153757,0.9993167544731232,0.999418762866328,0.38075000007543935,-0.32208703384459986,0.9988359320172152,0.9993563226935598,0.9473770610557302,0.32243358016205353,0.9357628865828205,0.9990538962044461,0.9357628865828205,0.9100344661669634,0.6180614678048958,0.927923161374826,0.902492916577054,0.7054686534509527,0.4112811538375507,-0.09348036724845507,-0.20638159077825033,0.9249813420099172,0.38122184180689955,0.9682548204854537,0.9620563550891847,0.9780805639236875,0.9960573797996668,-0.06603864525532775,0.8476020750802075,0.8143381275478296,0.8616362792024632,0.8081660236776721,0.7738167336907884,0.8081660236776721,0.780107446471487,0.7753202771007124,0.7702507330477437,0.7753202771007124,0.8508742265818746,0.336793649200491,0.5496693262674447,0.6251574203732713,0.5496693262674447,0.5553379711146526,-0.3559278660432015,0.5194434512448574,-0.6510263802550625,0.44097208430687207,-0.11668261855113674,0.39507198256244497,-0.11668261855113674,-0.15483706197131936,0.8272895263215423,0.8430740431263036,0.8299574135464242,0.7478914927391221,0.3313133752984187,0.8288516943695359,0.8308894076536859,0.8288516943695359,0.7396680655257696,0.7396680655257696,-0.2222169803088051,0.6961209222213859,0.24935100673126,-0.6249298852447641,-0.6203574898667737,-0.6232445558195966,-0.12481489349102239,0.02628078941690571,0.3465648219932083,0.050242903609195214,-0.473964157899526,0.08479459057461808,-0.8272124851331127,-0.13993454896901952,0.06523180914223144,0.06624397373112044,-0.6030837163331141,-0.6014867017488869,-0.07128432540086883,-0.5854054614461016,-0.8406292795905901,-0.36260835508450734,-0.19189990700995277,-0.36260835508450734,-0.27749937263721847,-0.33683896380635703,-0.33683896380635703,-0.8334164315286683,-0.8334164315286683,0.37155872468460505,0.598358178867142,0.5018617611335113,0.8058941118810564,0.753763018132691,-0.34124669564051413,0.062331660569528206,0.7592336311802494,0.7777332009026907,0.7592336311802494,-0.14563730122069996],[-0.11063189326542777,0.9806509674525953,0.5093242047177858,-0.11452287051038483,-0.316608770967388,-0.11063189326542777,-0.12847253170409814,-0.13724552403412327,-0.13724552403412327,-0.2940134066376415,-0.2221178375858995,0.999627559849727,-0.1281446088631951,1.0,-0.12754987793589917,-0.14813474249289296,-0.12677464125402146,-0.29738346151349115,-0.12891322941786493,-0.12892886069514273,-0.2495987954247442,-0.12856590499689335,0.030640783301709364,0.31113099146469814,-0.16027936797470757,-0.16027936797470757,-0.16060937865641275,0.9881552824689664,0.25423489533108024,0.18802421684274745,-0.16723231193454835,-0.16782451456912936,0.5396625084962342,0.12321218286207937,-0.12681851897870358,-0.28127146562789496,0.17550401109832436,0.9566100433534258,0.9988346259484606,-0.31032826967560795,-0.14640686090432717,-0.2874544270359797,-0.12701874697306448,-0.12762536233705496,-0.12701874697306448,0.9100800279872848,-0.11365768394078823,0.927882653230365,0.9024285096196251,0.7054466736285091,0.08603463233282453,0.24909453721911548,0.64527506266827,-0.2505410208446653,-0.29827599152189255,-0.052178056741913344,-0.2819724530324794,-0.08830734179632177,-0.15786968217492536,0.043020015898764516,0.31535149349022684,-0.003434772721051404,-0.271303930030449,-0.0011127190002941268,0.008360475371676352,-0.0011127190002941268,-0.37054898254021956,-0.08838334034078785,-0.09001803453699722,-0.08838334034078785,-0.17107544440498482,0.08142201952464823,0.06000712901452407,0.06025851419715868,0.06000712901452407,-0.384237467751339,0.006995625039816539,-0.34986132658460484,0.6176321525660651,-0.3176830893059189,0.010793249301798842,-0.047565299853494496,0.010793249301798842,-0.30773574070955756,-0.303805940634929,0.8430666618257692,-0.06791729623288659,0.030778562681316547,-0.2256488500857393,-0.23169332639984103,-0.23058862283826864,-0.23169332639984103,-0.00953297001346863,-0.00953297001346863,-0.2054311482486669,0.6960621335453451,-0.16062977408471318,-0.0384513678236535,0.18835634773106774,0.18708664882428105,-0.25515923961276105,-0.003315034652814237,0.01947606341150594,-0.17962327249448654,-0.12337772824093338,0.03846568943602982,0.3719941253676929,0.10769762163109235,-0.034555350275091816,-0.0383289517649891,0.07762085899888377,0.5632950624811042,0.08610953848357743,-0.21007453755352865,0.6009116108023314,0.08834107487730848,0.09670144721388813,0.08834107487730848,-0.24240062845546234,-0.2015820290566211,-0.2015820290566211,0.3142118709060356,0.3142118709060356,0.37162840852298495,-0.24367833036953965,0.024310966579328665,0.0978713418275313,-0.2348374273541678,0.06436528796827094,0.1582811201030843,0.10983824907487678,0.10986534794402396,0.10983824907487678,0.12415679516629086],[0.9915121280846144,0.9804824796698381,0.5881707503651636,0.9929682997659154,0.9969935851239368,0.9915121280846144,0.9999928251140687,0.9990640283260319,0.9990640283260319,0.9999739587672416,0.9546370312269177,0.9995873491738452,0.9999946241094364,-0.12754987793589917,1.0,0.9515084878647126,0.931210101084173,0.3425968679798877,0.9998509245103688,0.9998511418599236,0.9892294584320541,0.9999945779102799,0.3535729203653259,0.6943550978050348,0.9935908907006461,0.9935908907006461,0.9934856630641543,0.9880640824008186,0.2547003698797621,-0.17308993188713062,0.9926226978416566,0.9926710230704002,0.18957721898205293,-0.23284244150216413,0.9993655267350676,0.9994178135036965,0.37971921337558556,-0.32125872786913595,0.9987803837257053,0.9993591823324937,0.9468574113131002,0.32257662296954986,0.9352714868302837,0.9991082414760041,0.9352714868302837,0.910313027573268,0.6187687169684002,0.9282322381430154,0.9028101125011575,0.7051838633001982,0.41267478475106995,-0.0918986499661154,-0.20658839284271024,0.9253620469989361,0.3815031647348851,0.9686648873376766,0.9624008441795743,0.9783640095847171,0.9960948675334987,-0.06705662712668764,0.8478798361853104,0.814258444348263,0.8618845640428375,0.8081247346962609,0.7734039093925942,0.8081247346962609,0.7803015051449453,0.7752728565981689,0.770654022155808,0.7752728565981689,0.8512098420768311,0.33611536276278264,0.5491643990680075,0.6251820172334948,0.5491643990680075,0.5551780159457868,-0.35709449212890393,0.5193565552929785,-0.6511884634387186,0.44059176263958166,-0.11768306333148877,0.39472532843423036,-0.11768306333148877,-0.15478305537934356,0.8274231458255915,0.8427334002487796,0.8300690440238324,0.7387879559202127,0.3316954483904067,0.8289674870233331,0.8309947052028955,0.8289674870233331,0.7394778416060409,0.7394778416060409,-0.22376247759713572,0.696965452630033,0.2498524046472724,-0.624913198670181,-0.6207341660890937,-0.6236261360753351,-0.12596962627862754,0.025049932952978245,0.3468735927200606,0.04980294259770689,-0.4742101879262729,0.08487586168587784,-0.8263664331708855,-0.1397751300200678,0.06421833922533347,0.06522718345019557,-0.6037080278241378,-0.60175110613653,-0.07070390394048635,-0.5866962618278058,-0.8406262895230754,-0.362544735928962,-0.19134228103194537,-0.362544735928962,-0.2784736752301897,-0.3373109633449856,-0.3373109633449856,-0.8337639430517183,-0.8337639430517183,0.37172488896912387,0.5980262401717884,0.5013294389116398,0.8063370443440202,0.7532013615789622,-0.3407807125594242,0.06166359111659231,0.7596367975531405,0.7783400175863715,0.7596367975531405,-0.14531774070855338],[0.9255959358706285,0.6559086992216847,0.5198805994211871,0.9263875610968814,0.8967650994871817,0.9255959358706285,0.9543592492304643,0.9526170062170851,0.9526170062170851,0.9121214668924567,0.8061189520454423,0.7153334375471843,0.9543379113721666,-0.14813474249289296,0.9515084878647126,1.0,0.9963460891679168,0.3982623567991036,0.9451814270471564,0.9451760192780045,0.915802630957396,0.9511392255469394,0.3341002682003945,0.5917705650109957,0.9437690368158822,0.9437690368158822,0.933436184645352,0.43508866127017526,0.20526828685986606,-0.19034328579500695,0.9568238382838417,0.956024106067787,0.1587557623402089,-0.25938154725151663,0.9528028399798112,0.9196067824120763,0.3282991136857076,-0.32126126589884274,0.7241356894940214,0.9089338523050632,0.9984920997279184,0.3794015920981589,0.8820669297906587,0.9525902343607836,0.8820669297906587,0.6488958166602143,0.6011399470756189,0.3734583755898176,0.352701239300212,0.48542148769656324,0.41273145745372014,-0.07121948601119517,-0.21075645352434458,0.869578277372094,0.4041814962748442,0.9323844036