var element=document.getElementById("correlationClose");if(element.style.display!='none'){var correlationClose={"data":[{"type":"heatmap","z":[[1.0,0.9999863871783288,0.6217041331598924,0.9997134963051527,0.9977839589301994,1.0,0.9917674968287632,0.9878017548453554,0.9878017548453554,0.9924459154733021,0.9751945043315018,0.9852909839274594,0.9918077811580236,0.9922497085681092,0.9918659644898347,0.8872891983784725,0.8520842255441602,0.37049385868669904,0.9927778292224329,0.9927644370478725,0.9849363028315754,0.9917950864625924,0.4574651565915511,0.7064944079140426,0.9801124478543098,0.9801124478543098,0.9800929831588622,0.970632374924712,0.35664488102278763,-0.09411570585760615,0.9895746613025205,0.9895370848946491,0.3085889042085883,-0.1656895819381521,0.9943449594612943,0.9950849803918531,0.8312665831955542,-0.3756220692431435,0.9896227259471463,0.9949853226815581,0.8808280028611837,0.3518652197226219,0.9945048236213592,0.9944936562738981,0.9945048236213592,0.8849693060165165,0.6591678874276731,0.8853761773204502,0.8933927280343054,0.8029088346600899,0.3780163404925449,-0.15623812253026897,0.19560455275571517,0.9452788178294247,0.41878993374787843,0.9753932501144665,0.9702126540449425,0.9796514195513426,0.9896964448272175,0.9236598899698312,0.9273208101208884,0.9399253505559568,0.9211526626675725,0.9370749174745753,0.9377674698913001,0.9370749174745753,0.8665047383538641,0.9147931844706955,0.9157844516666402,0.9147931844706955,0.9111961877480074,0.7633027783133022,0.8843503953655979,0.8857932308199047,0.8843503953655979,0.6596259670755361,0.34112131715776434,0.6406511733891388,-0.5739053779247889,0.5441770608075529,0.5796134267771665,0.5803855508913526,0.5796134267771665,-0.10448088046242304,0.8991350478251429,0.9315862169286334,0.914112148035064,0.9250675708897524,0.356627276149819,0.8950302036291784,0.8959806749340369,0.8950302036291784,0.9012870878113937,0.9012870878113937,-0.12261357630050491,0.5834983270397203,0.18488637095266708,-0.6239814593717503,-0.5754895793723056,-0.5791126979314585,-0.0775794207991514,0.09721227595717097,0.23695315511652204,0.07737095407335276,-0.47126351587608206,0.024439780027831093,-0.79510609237832,-0.2425198476513596,0.154002306320967,0.15482099376627412,-0.5563331381287774,-0.5922232052578781,-0.24258001868818851,-0.5004892742261396,-0.8233450647408963,-0.3757710306533131,-0.367526467433554,-0.3757710306533131,-0.1915697382400199,-0.2919286518375417,-0.2919286518375417,-0.811323683625795,-0.811323683625795,0.4006537516545632,0.6445546004034913,0.8641367815574136,0.8458715567047543,0.774995032377839,-0.2885895404849462,0.7566828760736941,0.7944671274656978,0.7947656188891177,0.7944671274656978,-0.22743241147775614],[0.9999863871783288,1.0,0.9755828923761507,0.9993538820518297,0.9949976471812718,0.9999863871783286,0.9820539000048126,0.9749079109043486,0.9749079109043486,0.9818932252849678,0.9659047454366466,0.9837720393819667,0.9820989214011202,0.9820174859709161,0.9819223549965629,0.5050563109728883,0.4332098214526771,-0.3554549716311934,0.986515188795043,0.9864941427787522,0.9821518554830305,0.9821447870781086,-0.07454699307604655,0.974477128859534,0.97665321655148,0.97665321655148,0.9767097650207084,0.9708017819721417,0.17369260200294412,0.1957669619622926,0.9787320966328493,0.9787883754677239,0.9751694693924391,0.21784264581682067,0.9895972336040731,0.9896541884597339,0.9903068330506626,0.9835681452455796,0.988455660617333,0.9897692431039248,0.4706292467092857,-0.3611783746757939,0.990353105427246,0.9903391290362518,0.990353105427246,0.8850656242800017,0.5176191746481129,0.8858148520546715,0.8936299805450935,0.8022709140200959,-0.38551056671131845,-0.5237284566456684,0.8247561381039386,0.8630778677837857,-0.22612746888923088,0.9327602772661582,0.9328943200851211,0.9490808551092526,0.9747106892158366,0.939103329286945,0.9472076539830998,0.9295590568350693,0.9288440766342243,0.9349973299562737,0.9355893139194583,0.9349973299562737,0.821446556349426,0.7880184440536113,0.7900891261500741,0.7880184440536113,0.9413381814678201,0.9454302004778231,0.9414111402859556,0.9424260549569274,0.9414111402859556,0.5340117168607527,0.475453424939075,0.5846995428099003,0.6803564880153418,0.5778614289833977,0.6071549044571681,0.607948290691942,0.6071549044571681,-0.20360633684100582,0.8952613256897488,0.9246046385957967,0.9140260041816215,0.9450547976410424,-0.20582156366851045,0.8905621659063075,0.8908953403489228,0.8905621659063075,0.8996583507540639,0.8996583507540639,-0.21617383414684818,0.5839124332265851,-0.3615886643103801,-0.7244734341724919,-0.46327985199525773,-0.4667307736104575,-0.33601596106521947,0.25612630047699525,-0.23527253906496368,-0.44353332674626317,-0.6678976347839213,-0.31567339044628867,-0.48719604628151053,-0.37169282363957007,0.13200505135381185,0.12810563181381543,-0.4890723658594199,-0.4492271275882491,-0.4775751014526467,-0.5081891324034737,-0.5003645511258162,-0.47972059993131855,-0.4831514708041399,-0.47972059993131855,-0.3489904577264345,-0.5099834141371019,-0.5099834141371019,-0.48441944767701567,-0.48441944767701567,0.4007388531276705,0.39042301350121855,0.5077885321016462,0.5965822017683304,0.5533801158565445,-0.4168675035489342,0.3682833662408893,0.34333851686004013,0.34344165282007727,0.34333851686004013,0.11348012573371703],[0.6217041331598924,0.9755828923761507,1.0,0.617154044169978,0.5306666036527344,0.6217041331598924,0.6066347043193159,0.5968878104455192,0.5968878104455192,0.5305662966361187,0.4823144388826633,0.9964111688986259,0.6066546651484475,0.59441835603084,0.60691534188593,0.49337992077396653,0.49842222080428006,-0.15582724814513468,0.5611965378465578,0.5603185929748178,0.5210624282453583,0.6055843449703461,0.2363656729452208,0.7467171860316224,0.5803908734131666,0.5803908734131666,0.5801372314167004,0.9872937228984093,0.34834820814469575,0.18800190452925544,0.5668088748290966,0.5663720743601791,0.7589921115514003,0.03905512629968844,0.6035746952744003,0.5267066791844529,0.5792647299273139,0.33024395424501446,0.9940840881531744,0.5186981239859756,0.48612693669830365,-0.16360260103337954,0.6201032695137676,0.601526453609535,0.6201032695137676,0.8849200049601257,0.3937631069169049,0.9116082424754778,0.8825493000541341,0.6801803955199102,0.2049318078998894,-0.04138131506550173,0.05085887596212725,0.47480060191534723,-0.08452238979748494,0.5528728825154863,0.5035551752400634,0.531782386748727,0.4912489511795847,-0.03928451445045801,0.7466973171263469,0.6852123273196213,0.5653290698115344,0.691135436599865,0.7352657296056396,0.691135436599865,0.43552705088523946,0.5903182467853189,0.6678951002064538,0.5903182467853189,0.6314536940189319,0.645674520152466,0.6919613812590337,0.7508083303440506,0.6919613812590337,0.3043376333968141,-0.0871302780032449,0.3219744041457942,0.12049511840113716,0.32028957371461003,0.261518935413238,0.4420557664272067,0.261518935413238,-0.16980553113429056,0.5294145935238652,0.8500110804273711,0.6098754455762303,0.7507873881082949,-0.00016741770612449568,0.5811849099437547,0.5809047079212896,0.5811849099437547,0.6734003845794468,0.6734003845794468,-0.23819807826017936,0.7203212095773611,-0.20092289948229747,-0.6264482856664433,-0.41368428408573044,-0.41727852417014527,-0.402318727788973,0.06270063225035227,0.024552770003303477,-0.29558739378134086,-0.6069083522588522,-0.1494002073323709,-0.2723678350631571,-0.2355200689930862,0.021813059904902298,0.01905767295069795,-0.4696726389561647,-0.026904828321211535,-0.23940743223558997,-0.4976166158353223,-0.15829914344320525,-0.3813405833806847,-0.259645672791463,-0.3813405833806847,-0.41343360844663896,-0.5185225346594264,-0.5185225346594264,-0.27242922472896985,-0.27242922472896985,0.3381803961706965,0.1658532681627132,0.2648348689071801,0.504239965893405,0.25386412330050323,-0.34535808685026304,-0.02652222029288746,0.45285491905644387,0.5610671572475717,0.45285491905644387,-0.04401757618770568],[0.9997134963051527,0.9993538820518297,0.617154044169978,1.0,0.9988008828655873,0.9997134963051525,0.9931846236740711,0.9896881013557732,0.9896881013557732,0.9941236949747573,0.9730839680624291,0.98926565682206,0.9932136709703384,0.9939741573002383,0.9932465537589447,0.8872353950549096,0.8517908501576941,0.3557108260625062,0.9939946921891655,0.9939840839878781,0.9851563041558636,0.9931937103159845,0.4491559602498421,0.7106088146925884,0.9828705786153341,0.9828705786153341,0.9828507581485084,0.9781605184372171,0.3528613619814454,-0.10042043029019762,0.9890347025476016,0.9890061139869295,0.3010054518452456,-0.1657174180777054,0.9949953923986474,0.9959567148703976,0.7947047285321907,-0.38058291925396454,0.9924854008671725,0.996094989656688,0.8799512798536976,0.3367553387569633,0.9928100967601547,0.9950507187546249,0.9928100967601547,0.8825550657358446,0.6465484398732273,0.8913469576725264,0.8907462635561709,0.782956192516569,0.3727251902489715,-0.16174977890907677,0.18964108878596347,0.9395795259459389,0.40264964843844614,0.9709214004867259,0.9672521484800128,0.9775192940188309,0.9897780630363946,0.9020859717584985,0.9203873124674715,0.9266300772672359,0.9170537351139558,0.9196419672904057,0.920593999495191,0.9196419672904057,0.8582552303019216,0.9024406994398713,0.9035268861718718,0.9024406994398713,0.9076644177807521,0.7022261640547683,0.8446351751874457,0.8461083048885312,0.8446351751874457,0.6511198795403872,0.12194153471058104,0.6304111323970879,-0.578543816046838,0.5389903113260824,0.3176458309700509,0.5501020042259892,0.3176458309700509,-0.1109926195530703,0.8936746808328239,0.9235928898196073,0.9061136841090833,0.9014223268373517,0.3425785141017907,0.8903654646566782,0.8914523672525895,0.8903654646566782,0.8815211648151599,0.8815211648151599,-0.12774369476062625,0.6057998155992457,0.18960156301566602,-0.6342598184824515,-0.5826194808528513,-0.5861487117361547,-0.08982232509822431,0.09245432971477466,0.2299454546043568,0.06437400224808693,-0.48367650213909946,0.018030822018011667,-0.801070325933728,-0.2502867872622018,0.14379996812268667,0.14466602873938722,-0.5631943717822994,-0.588705156082297,-0.2439320901048216,-0.5113823837333978,-0.8250559091815715,-0.37724913342121225,-0.369570179623902,-0.37724913342121225,-0.200267837832528,-0.3016276604749062,-0.3016276604749062,-0.8110109068333837,-0.8110109068333837,0.38943287662430176,0.6328020428448514,0.856291232812382,0.8381823915769538,0.76754213634575,-0.3016651249804997,0.7476190944950303,0.7856153161692851,0.785928218644853,0.7856153161692851,-0.21253940925590128],[0.9977839589301994,0.9949976471812718,0.5306666036527344,0.9988008828655873,1.0,0.9977839589301994,0.9970552018216391,0.9953623115436311,0.9953623115436311,0.9972496624038053,0.9643333378560066,0.9961258524560037,0.9970736271939862,0.9971546636442444,0.9971029085640243,0.8398575102131429,0.7873184350726263,0.15321674554810705,0.9975944567979198,0.9975895023394371,0.9869992445260305,0.9970592617126844,0.10195283761100098,0.6837575819485828,0.9916894082585347,0.9916894082585347,0.9916495967623242,0.9884845575033457,0.13053487522029475,-0.0814514375811867,0.9871472083794304,0.9870819945793464,0.007992364897922898,-0.058939313541465366,0.9977819918412585,0.9977145302823657,0.780106098597157,-0.5111012782445534,0.9975278313913991,0.9980369245390165,0.8251104478005906,0.12907760322946,0.99772794748482,0.997730432000896,0.99772794748482,0.8976380920759325,0.6090213875302792,0.909731575736899,0.8958968349371663,0.755270744719671,-0.0978873385453532,-0.5854640831851503,-0.2161109241600594,0.9268822929511759,0.25617703478004816,0.9654824778760537,0.9655863355829344,0.9792279464156914,0.9904362252855295,0.8997279240098347,0.901232322369317,0.9159105681868986,0.903869986067711,0.914261676934409,0.9146337705681635,0.914261676934409,0.8320320306417581,0.8542097992310909,0.8554400553276581,0.8542097992310909,0.8961128307423982,0.8007506832519349,0.8764509788857694,0.8773304378196506,0.8764509788857694,0.6075566707662471,0.4812419417435328,0.593723372042744,-0.6080331911424588,0.5922447409165371,0.5699945245104381,0.5691908899053055,0.5699945245104381,-0.129621810520566,0.8751391887189495,0.8978893813809506,0.8823091488939568,0.9083444410463316,0.19150763955314296,0.8752199609240947,0.8763562137732782,0.8752199609240947,0.8822540746823381,0.8822540746823381,-0.1684194569011397,0.6570654621460387,0.04475005787712503,-0.6664365433616805,-0.634435199217034,-0.6349719218787628,-0.1234189637476861,0.11539360230462835,-0.163661553875917,-0.1858993940200397,-0.5611923262759493,-0.34713726516948873,-0.854786269211589,-0.5366719191952217,0.11189117017288232,0.11261101220141065,-0.5910029151607535,-0.581380287181819,-0.529493830663192,-0.551274916617189,-0.7867624188684438,-0.5829379246181471,-0.585863899201128,-0.5829379246181471,-0.24120978649387118,-0.3373906578205635,-0.3373906578205635,-0.7539414845061198,-0.7539414845061198,0.37425156361507234,0.6134555748627255,0.8085703207947088,0.7894785067660106,0.7563845085526788,-0.4336645055651758,0.6026892178228006,0.6773715957153295,0.6778050648537405,0.6773715957153295,0.014399876763802522],[1.0,0.9999863871783286,0.6217041331598924,0.9997134963051525,0.9977839589301994,1.0,0.9917674968287632,0.9878017548453554,0.9878017548453554,0.9924459154733021,0.9751945043315018,0.9852909839274594,0.9918077811580236,0.9922497085681092,0.9918659644898347,0.8872891983784725,0.8520842255441602,0.37049385868669904,0.9927778292224329,0.9927644370478725,0.9849363028315754,0.9917950864625924,0.4574651565915511,0.7064944079140426,0.9801124478543098,0.9801124478543098,0.9800929831588622,0.970632374924712,0.35664488102278763,-0.09411570585760615,0.9895746613025205,0.9895370848946491,0.3085889042085883,-0.1656895819381521,0.9943449594612943,0.9950849803918531,0.8312665831955542,-0.3756220692431435,0.9896227259471463,0.9949853226815581,0.8808280028611837,0.3518652197226219,0.9945048236213592,0.9944936562738981,0.9945048236213592,0.8849693060165165,0.6591678874276731,0.8853761773204502,0.8933927280343054,0.8029088346600899,0.3780163404925449,-0.15623812253026897,0.19560455275571517,0.9452788178294247,0.41878993374787843,0.9753932501144665,0.9702126540449425,0.9796514195513426,0.9896964448272175,0.9236598899698312,0.9273208101208884,0.9399253505559568,0.9211526626675725,0.9370749174745753,0.9377674698913001,0.9370749174745753,0.8665047383538641,0.9147931844706955,0.9157844516666402,0.9147931844706955,0.9111961877480074,0.7633027783133022,0.8843503953655979,0.8857932308199047,0.8843503953655979,0.6596259670755361,0.34112131715776434,0.6406511733891388,-0.5739053779247889,0.5441770608075529,0.5796134267771665,0.5803855508913526,0.5796134267771665,-0.10448088046242304,0.8991350478251429,0.9315862169286334,0.914112148035064,0.9250675708897524,0.356627276149819,0.8950302036291784,0.8959806749340369,0.8950302036291784,0.9012870878113937,0.9012870878113937,-0.12261357630050491,0.5834983270397203,0.18488637095266708,-0.6239814593717503,-0.5754895793723056,-0.5791126979314585,-0.0775794207991514,0.09721227595717097,0.23695315511652204,0.07737095407335276,-0.47126351587608206,0.024439780027831093,-0.79510609237832,-0.2425198476513596,0.154002306320967,0.15482099376627412,-0.5563331381287774,-0.5922232052578781,-0.24258001868818851,-0.5004892742261396,-0.8233450647408963,-0.3757710306533131,-0.367526467433554,-0.3757710306533131,-0.1915697382400199,-0.2919286518375417,-0.2919286518375417,-0.811323683625795,-0.811323683625795,0.4006537516545632,0.6445546004034913,0.8641367815574136,0.8458715567047543,0.774995032377839,-0.2885895404849462,0.7566828760736941,0.7944671274656978,0.7947656188891177,0.7944671274656978,-0.22743241147775614],[0.9917674968287632,0.9820539000048126,0.6066347043193159,0.9931846236740711,0.9970552018216391,0.9917674968287632,1.0,0.9973919936475518,0.9973919936475518,0.999969740647742,0.9571212023704929,0.9996551453901643,0.9999964467066995,0.9999859464526603,0.9999930908147753,0.9275087883789906,0.9188264514677726,0.3135788413282655,0.9998528904180182,0.9998530091601137,0.989364389062112,0.9999966279700787,0.3604213535796102,0.7098241456500975,0.9851909985805958,0.9851909985805958,0.985931761613342,0.9894136345366851,0.27795572831295307,-0.1574477484608732,0.9916927423188816,0.9915232767649547,0.2040894856369726,-0.21503092650938213,0.9993257847246275,0.9994307580187408,0.39960517196514295,-0.3177054433352423,0.9989168989609678,0.9993775820666688,0.9174324446299769,0.29322274332415477,0.9383049207866767,0.9990667077189364,0.9383049207866767,0.9073079773366073,0.61511437996564,0.928720287924128,0.9047471267456179,0.7161667524172439,0.4091137931878875,-0.10209336786685602,-0.2035561383706239,0.9258869289917107,0.3664073040971482,0.9676946032381699,0.9619468216273437,0.9781309499707677,0.9958187666804197,-0.05458427809093864,0.8583615118835589,0.8220860999542448,0.8690122533112682,0.8161937455437913,0.7806480030400251,0.8161937455437913,0.7927924768788729,0.7838429201247616,0.7764465114187423,0.7838429201247616,0.8594917641192094,0.3554469763489287,0.5652461120061708,0.6356158713239575,0.5652461120061708,0.5763471570573356,-0.35128322030593584,0.5436171785291574,-0.6418132554066145,0.46647835190783954,-0.10705224304497357,0.41253237501755147,-0.10705224304497357,-0.15312000237541837,0.8367718249447339,0.8550347123859796,0.8409565955016489,0.7554307757686227,0.29991092057220126,0.8374006853183182,0.8389605579041703,0.8374006853183182,0.750627444728017,0.750627444728017,-0.20493955446900913,0.7012642765143783,0.2475356874556324,-0.6459035437130203,-0.6235781556413125,-0.6266603935747078,-0.13680988423053236,0.0419047567780762,0.34031030544332563,0.03028269985716621,-0.502855482580323,0.07478310009452549,-0.8276040705625517,-0.1510895203627311,0.07568384266516814,0.07660747667044596,-0.6065410730868346,-0.5970271578992133,-0.08141043088261089,-0.5865376589126284,-0.8382260019362121,-0.3712281122697675,-0.2016376352552107,-0.3712281122697675,-0.274800062132691,-0.34706338306724055,-0.34706338306724055,-0.8307393700839408,-0.8307393700839408,0.3736298360826289,0.5944831675190259,0.5036415841372925,0.80455106032647,0.7491416985252107,-0.3547334453847312,0.06374410415579633,0.7552526915957966,0.7741758075452849,0.7552526915957966,-0.14167638109424874],[0.9878017548453554,0.9749079109043486,0.5968878104455192,0.9896881013557732,0.9953623115436311,0.9878017548453554,0.9973919936475518,1.0,1.0,0.999528444536948,0.9498093576667439,0.9985916911143101,0.9981592780125352,0.9993766782872444,0.9990989844559067,0.9255257389305241,0.9093183823758395,0.2917201544882679,0.9991468474378259,0.9991483783413291,0.9866432917585582,0.9992437096463445,0.334741197821237,0.710322976239124,0.9924248737832645,0.9924248737832645,0.9838959109398773,0.9861585139081196,0.26026499046212137,-0.17109600199967312,0.9879734988228254,0.9913968392247795,0.18522492007136412,-0.22096199916053483,0.9982511752057239,0.9982007966414141,0.38076359448800356,-0.3246085195331578,0.9967888240480709,0.9981089011362654,0.9158181966815674,0.2709301729861607,0.9303919731168502,0.9980790779835917,0.9303919731168502,0.9047866732482543,0.5997412467070236,0.9290435002212636,0.9013482401981194,0.6922118643843452,0.39597401053246667,-0.11731222836308403,-0.21648888622251627,0.9170495421746497,0.3457338419197764,0.9629876923874621,0.9565995752600462,0.9729171691213147,0.9948766569763161,-0.0646773803537721,0.8462462784467486,0.8055433752991076,0.8602606127169992,0.8007929101073624,0.7681123489582815,0.8007929101073624,0.77997429276041,0.7646005359237015,0.7626625528980289,0.7646005359237015,0.8509795275062197,0.33552873280823486,0.5443309234456593,0.6188602149000128,0.5443309234456593,0.5629120585726769,-0.3662173773547714,0.5284482862259061,-0.6498236976253082,0.4582522120794176,-0.1294409420625366,0.39586125840574554,-0.1294409420625366,-0.16001627849964703,0.8265160944638676,0.8397040092768007,0.8278621795553582,0.7404653118082012,0.2823192885899652,0.8277275949939188,0.8294837827706716,0.8277275949939188,0.7326074891573404,0.7326074891573404,-0.22049999773381582,0.7266526421515068,0.2549410935846483,-0.6554449627103924,-0.6366455644103227,-0.6395386542786096,-0.15180269912869138,0.034025585942076476,0.3333546232011403,0.0109580180614638,-0.5157381322747506,0.06547565897401646,-0.8338379970709575,-0.1576110753969696,0.06010235519114328,0.0610487592607615,-0.6184619935897229,-0.5981575527872733,-0.08830094390245324,-0.6037522678080223,-0.8380934290480834,-0.38290253536228486,-0.2079016772717508,-0.38290253536228486,-0.29261827542199825,-0.36099824966515287,-0.36099824966515287,-0.8290294767015094,-0.8290294767015094,0.35317964084147746,0.5773080246637001,0.48473442719594306,0.7866156590151357,0.7363387396721022,-0.3767282515018832,0.04952312276642368,0.7360319822182424,0.7583719805267187,0.7360319822182424,-0.12444550626335486],[0.9878017548453554,0.9749079109043486,0.5968878104455192,0.9896881013557732,0.9953623115436311,0.9878017548453554,0.9973919936475518,1.0,1.0,0.999528444536948,0.9498093576667439,0.9985916911143101,0.9981592780125352,0.9993766782872444,0.9990989844559067,0.9255257389305241,0.9093183823758395,0.2917201544882679,0.9991468474378259,0.9991483783413291,0.9866432917585582,0.9992437096463445,0.334741197821237,0.710322976239124,0.9924248737832645,0.9924248737832645,0.9838959109398773,0.9861585139081196,0.26026499046212137,-0.17109600199967312,0.9879734988228254,0.9913968392247795,0.18522492007136412,-0.22096199916053483,0.9982511752057239,0.9982007966414141,0.38076359448800356,-0.3246085195331578,0.9967888240480709,0.9981089011362654,0.9158181966815674,0.2709301729861607,0.9303919731168502,0.9980790779835917,0.9303919731168502,0.9047866732482543,0.5997412467070236,0.9290435002212636,0.9013482401981194,0.6922118643843452,0.39597401053246667,-0.11731222836308403,-0.21648888622251627,0.9170495421746497,0.3457338419197764,0.9629876923874621,0.9565995752600462,0.9729171691213147,0.9948766569763161,-0.0646773803537721,0.8462462784467486,0.8055433752991076,0.8602606127169992,0.8007929101073624,0.7681123489582815,0.8007929101073624,0.77997429276041,0.7646005359237015,0.7626625528980289,0.7646005359237015,0.8509795275062197,0.33552873280823486,0.5443309234456593,0.6188602149000128,0.5443309234456593,0.5629120585726769,-0.3662173773547714,0.5284482862259061,-0.6498236976253082,0.4582522120794176,-0.1294409420625366,0.39586125840574554,-0.1294409420625366,-0.16001627849964703,0.8265160944638676,0.8397040092768007,0.8278621795553582,0.7404653118082012,0.2823192885899652,0.8277275949939188,0.8294837827706716,0.8277275949939188,0.7326074891573404,0.7326074891573404,-0.22049999773381582,0.7266526421515068,0.2549410935846483,-0.6554449627103924,-0.6366455644103227,-0.6395386542786096,-0.15180269912869138,0.034025585942076476,0.3333546232011403,0.0109580180614638,-0.5157381322747506,0.06547565897401646,-0.8338379970709575,-0.1576110753969696,0.06010235519114328,0.0610487592607615,-0.6184619935897229,-0.5981575527872733,-0.08830094390245324,-0.6037522678080223,-0.8380934290480834,-0.38290253536228486,-0.2079016772717508,-0.38290253536228486,-0.29261827542199825,-0.36099824966515287,-0.36099824966515287,-0.8290294767015094,-0.8290294767015094,0.35317964084147746,0.5773080246637001,0.48473442719594306,0.7866156590151357,0.7363387396721022,-0.3767282515018832,0.04952312276642368,0.7360319822182424,0.7583719805267187,0.7360319822182424,-0.12444550626335486],[0.9924459154733021,0.9818932252849678,0.5305662966361187,0.9941236949747573,0.9972496624038053,0.9924459154733021,0.999969740647742,0.999528444536948,0.999528444536948,1.0,0.9560000051620601,0.9996137090394599,0.9999707136649412,0.9999695684261025,0.9999748000133186,0.8618744236615401,0.8109129862841059,0.20031268109599976,0.9998037720553133,0.9998043472258391,0.9892124886440575,0.9999678094610884,0.14674605465658908,0.6780247277420196,0.9947926124861016,0.9947926124861016,0.9947452150795094,0.9892428608385623,0.11034533680677013,-0.09587792233745121,0.9904077754441999,0.9903689230979528,0.022472016534480034,-0.17303123841816026,0.9993621770757702,0.9993200436144348,0.7883135393884564,-0.5045619597363091,0.9988432563644374,0.9993554290744502,0.8472177679439814,0.17671405035229007,0.9992154848147419,0.9992207129531976,0.9992154848147419,0.9072582195939585,0.6158023324685459,0.9285555416787646,0.9042975259836759,0.7155787455058464,0.006989426683507728,-0.5348474548486583,-0.16830680421486977,0.9214660540901735,0.3132302544634709,0.9627599610585815,0.9620398103655309,0.9797756714884645,0.9950281337048406,0.8732464786131017,0.8591182396723755,0.8904790841625674,0.8698975110441681,0.8888650334605006,0.8895155415563407,0.8888650334605006,0.7920663378955201,0.8360237759301341,0.8376036161097353,0.8360237759301341,0.860836114972264,0.7633479350458254,0.8473793410354398,0.8486829108396418,0.8473793410354398,0.5757809104113919,0.4086655805030179,0.5425863892574377,-0.6588051226990849,0.52267085099782,0.4877685935964043,0.4876271987137175,0.4877685935964043,-0.11049339176281199,0.8373187624831786,0.8549282084086636,0.8412989750646293,0.8825583560587489,0.21977367175754156,0.8429991037072321,0.8450808487008425,0.8429991037072321,0.8501183400790457,0.8501183400790457,-0.20684985232991632,0.7019121338505688,0.0700633513678624,-0.6581274184894026,-0.6612940674909451,-0.6622835651652189,-0.14039044845032558,0.0448964069469907,-0.16979814785246214,-0.1543575629716902,-0.546335371723952,-0.37642060855883336,-0.8712911007720868,-0.5736508261298958,0.07470542448375438,0.07597163918211924,-0.6082568103648681,-0.5931158989432513,-0.5392978583379109,-0.5883846472292815,-0.8091755528526792,-0.6063112781557759,-0.6085993920810259,-0.6063112781557759,-0.27729694578092967,-0.35055931739073193,-0.35055931739073193,-0.788830737825729,-0.788830737825729,0.374188851687681,0.5931347190367218,0.81771445260561,0.8013115605623897,0.7475374355656466,-0.38262571982339394,0.6363318039069947,0.7003943304871062,0.7005546948943883,0.7003943304871062,0.0945430198028823],[0.9751945043315018,0.9659047454366466,0.4823144388826633,0.9730839680624291,0.9643333378560066,0.9751945043315018,0.9571212023704929,0.9498093576667439,0.9498093576667439,0.9560000051620601,1.0,0.9370218197093962,0.9571462181053797,0.9571580883048358,0.9568376240867665,0.7253117915118183,0.6621530361760796,-0.010428487132331911,0.9619731001327416,0.961951333291945,0.9572722454000746,0.9572641772491084,0.08115534714478204,0.7208616635181396,0.9588421805577497,0.9588421805577497,0.9590345859048103,0.8689510151530103,0.22298281439136108,-0.07638329766319141,0.9647388210398629,0.9648516388731978,0.18534036138561322,0.11158024703506833,0.9658951014098117,0.9661585266334848,0.8715686707627789,-0.4117914349703646,0.9466146480689844,0.9650357296325826,0.7102294707624488,-0.0321745124846994,0.9671115452043434,0.9670779800564749,0.9671115452043434,0.7982184634818097,0.41294302086308715,0.7931447650217089,0.8794326003430325,0.8398853567936027,-0.5379756422691775,-0.6837271295209512,-0.27284517958492605,0.8798355938125797,0.01755894602265136,0.91193753027991,0.9120017365238624,0.9319345136782723,0.9630115402626241,0.8768715245681709,0.8754453088737147,0.898616329966984,0.8797859240411924,0.8915307433498747,0.8922284210764131,0.8915307433498747,0.8283874087910313,0.8095300434093509,0.8114074590888272,0.8095300434093509,0.8732228022752113,0.8903432570162694,0.871566505745194,0.8722380373567845,0.871566505745194,0.6660564487738183,0.5904740742698734,0.6670344563369691,-0.3588130640844879,0.6882506401189149,0.705544551045013,0.7081515190943378,0.705544551045013,-0.27086444987595965,0.8771574371798729,0.9328176359791722,0.8927706072532612,0.8902758172144055,0.07849081441721588,0.8703391107503446,0.8714972367069848,0.8703391107503446,0.8802273388993171,0.8802273388993171,0.03132724271108958,0.3668646014660311,-0.09825657968623562,-0.582295508666797,-0.4174135030158391,-0.4194913266469285,0.010537742189282296,0.41125275289778557,0.06394440163282462,-0.1024927835289458,-0.4514044423280656,-0.04094921898978933,-0.8032086431660712,-0.20278037636083404,0.2970893546399425,0.2965193605191984,-0.3836072965740545,-0.4357987857073448,-0.34283341086732155,-0.35132311387873844,-0.6739103943801982,-0.36321400708417695,-0.36549720683114545,-0.36321400708417695,-0.08280800501878646,-0.3877866123723152,-0.3877866123723152,-0.5388134639233065,-0.5388134639233065,0.5452658270231808,0.6608237383357752,0.7565105814117681,0.6799552173807536,0.8270297176008151,-0.47521933948624895,0.3883482011016677,0.5492635509083486,0.5495491506970381,0.5492635509083486,-0.21363529122263505],[0.9852909839274594,0.9837720393819667,0.9964111688986259,0.98926565682206,0.9961258524560037,0.9852909839274594,0.9996551453901643,0.9985916911143101,0.9985916911143101,0.9996137090394599,0.9370218197093962,1.0,0.9996528697621848,0.9996486687374115,0.9996136249451485,0.5774668555116771,0.4993985582781673,-0.4517433046652587,0.9997824417807192,0.9997858466988838,0.9996590463744669,0.9996589649693126,-0.1914804999318345,0.9682272223218923,0.9937859095422729,0.9937859095422729,0.9937646134428207,0.9917281097696184,0.1478974615969497,0.13200988388922125,0.9905092041735492,0.9905569355277376,0.9761409674702484,0.09895348733589747,0.9989072202521337,0.9988565383184194,0.9987089910383434,0.9993119805223921,0.9993348850904127,0.9989377992363686,0.5365674187013352,-0.46091936281378126,0.9986516533043496,0.9986611924484141,0.9986516533043496,0.9007792008150631,0.4587725724424855,0.9246384370930474,0.9021206210314283,0.7165185758541456,-0.48735268163324635,-0.6324184446046293,0.798461496528974,0.8226499748985704,-0.3245855235310827,0.9250815980643503,0.925305579243,0.9650424605466075,0.9928442443859783,0.8812399616314629,0.8893627168525752,0.8624489549150952,0.8640768393669971,0.8700288945989951,0.8708056456734584,0.8700288945989951,0.727946284502523,0.6888371105935206,0.6913072594450668,0.6888371105935206,0.8888155372007738,0.8961721181977507,0.8877832058140726,0.8890405694566471,0.8877832058140726,0.41833610593472365,0.3494062607111894,0.4662119296618704,0.579416215498079,0.4676847857609353,0.5035260551898112,0.50579649744809,0.5035260551898112,-0.38516168440790693,0.8172703180794275,0.859194185851356,0.8429462500836622,0.8887497209744591,-0.24516244184132857,0.8114610512454942,0.8119112942200746,0.8114610512454942,0.823441688248282,0.823441688248282,-0.26199452446681865,0.693542006341976,-0.38204728223329576,-0.7518854708347666,-0.5388043218557838,-0.5412306122543652,-0.3886863731283669,0.19741535168942478,-0.2839655074886158,-0.4850271522639446,-0.7027079080522824,-0.36972083385322396,-0.6057114384123524,-0.43723546860872153,0.0690167770233517,0.06590297731740756,-0.5599464155951035,-0.527877212228132,-0.5477949750920542,-0.5827939265710023,-0.5765624529791047,-0.5510456242891844,-0.5542207172341745,-0.5510456242891844,-0.42514596597469,-0.6085791760169186,-0.6085791760169186,-0.6086155982564387,-0.6086155982564387,0.36953049333831944,0.34545489185063316,0.47058738019129787,0.558976532548825,0.5389341820945487,-0.5626090281503991,0.2951525686022792,0.2994782906308445,0.2996469427795871,0.2994782906308445,0.20925979734396413],[0.9918077811580236,0.9820989214011202,0.6066546651484475,0.9932136709703384,0.9970736271939862,0.9918077811580236,0.9999964467066995,0.9981592780125352,0.9981592780125352,0.9999707136649412,0.9571462181053797,0.9996528697621848,1.0,0.9999898061113472,0.9999948280179043,0.9274959324979583,0.9138927896833806,0.3136440563095593,0.9998541565618578,0.9998542404241972,0.9894020775189141,0.9999972086286969,0.36073437791942137,0.709890328423273,0.9904431948813018,0.9904431948813018,0.9859216702308369,0.9893929376736813,0.2782137094035914,-0.1573926066471021,0.991708139372532,0.9915341209661392,0.2043219275934935,-0.214992632387876,0.9993277368039236,0.9994344433933946,0.3995807776775424,-0.3174929883319764,0.9989182435972228,0.9993851266993368,0.9174129063543964,0.29329445820304645,0.9382897785757849,0.9990692368322736,0.9382897785757849,0.9073361166440831,0.6152572447689325,0.9289485303681287,0.9049756407675497,0.716292937792952,0.40950146672147825,-0.1016485403850971,-0.20318981005478787,0.9259616589734779,0.36648182238603433,0.9677857931136568,0.962009646870754,0.9782182404595235,0.9958328876573553,-0.054392891384049305,0.8585122998232029,0.8221862887651321,0.8691294705817487,0.816292533272382,0.7805918341000057,0.816292533272382,0.7928797083113605,0.7839012927458957,0.7763844527150098,0.7839012927458957,0.8596449297446735,0.3553259140706067,0.5652563566823365,0.6355310799177738,0.5652563566823365,0.5762974753186705,-0.35130230044206395,0.5435854435778608,-0.641707337253978,0.46637805569730706,-0.10717929861554021,0.4125691377359937,-0.10717929861554021,-0.1532663109283546,0.8368477338434432,0.8551661423063822,0.8410524796481711,0.7554235539713597,0.29998080995984666,0.8374857429730985,0.8390401437912375,0.8374857429730985,0.7507006645755531,0.7507006645755531,-0.20490491638588113,0.7012482523572353,0.24764523925536394,-0.6459320181731453,-0.6234946945832766,-0.6265822708637547,-0.13689418790855984,0.04177427247188181,0.34047722493057087,0.03029864278138851,-0.5029078749253241,0.07503841145195136,-0.8273425842032269,-0.150804270011068,0.07573965870813094,0.07667931236840769,-0.6065276836543975,-0.5968340094551235,-0.0811673460353063,-0.58650951943738,-0.8381183455302073,-0.3710067521020382,-0.20143576864911944,-0.3710067521020382,-0.2746606949694912,-0.3470318642051324,-0.3470318642051324,-0.8306847866106778,-0.8306847866106778,0.37408436045154475,0.594615177207167,0.503885374873994,0.8048018861813552,0.7492088931729334,-0.35452164240943995,0.0640241770995571,0.7554988695908472,0.77428968308955,0.7554988695908472,-0.1417008761720727],[0.9922497085681092,0.9820174859709161,0.59441835603084,0.9939741573002383,0.9971546636442444,0.9922497085681092,0.9999859464526603,0.9993766782872444,0.9993766782872444,0.9999695684261025,0.9571580883048358,0.9996486687374115,0.9999898061113472,1.0,0.9999870241032911,0.8940018085738969,0.8537868019388807,0.31581001608779,0.9998777429500353,0.9998783459902927,0.9893940397051224,0.9999869052130221,0.3635476185478478,0.7052004229875507,0.993487679016929,0.993487679016929,0.9934485276054181,0.989287454944446,0.27323205704419296,-0.1587224659855164,0.9918428185486844,0.9918508571946226,0.2280244969833523,-0.21549564597560747,0.999501607167892,0.9994354484557525,0.8328010605924178,-0.4128127545773391,0.9989136516372633,0.9993903593785407,0.8834127225889534,0.2955037057251936,0.9993878279984582,0.9993923494760555,0.9993878279984582,0.9075317952856445,0.6154228764976266,0.9287497167893856,0.9046068347528595,0.7157148431584887,0.28998968203637926,-0.27390566232335634,0.0904868608991402,0.9259276689084486,0.36741435263701694,0.9644775677759284,0.9620397647027826,0.9766487918011216,0.9960744002758531,0.8821650912158635,0.8574765158887874,0.8963335385176089,0.8689765613555878,0.8953885630911249,0.8962878382327312,0.8953885630911249,0.7918780128020351,0.859943100606237,0.8614696665404689,0.859943100606237,0.8593565398098078,0.7470821534698477,0.8547391334698983,0.856458348706057,0.8547391334698983,0.5756340992784256,0.42082008129140097,0.5420225891900062,-0.6478867290078849,0.4646927409619621,0.4778869020058503,0.4791817217823283,0.4778869020058503,-0.15509705192349094,0.8365647908584977,0.8546681485778468,0.8404229018618969,0.8894855631136959,0.3027607515072654,0.8373188476824748,0.8391918966634857,0.8373188476824748,0.8493914865837717,0.8493914865837717,-0.20537249514806816,0.7003836405080496,0.1694192440149643,-0.6444952229156726,-0.6231217518291392,-0.6260278846278744,-0.13679808982693667,0.04074864574983654,0.11912960831201203,0.0319937598637973,-0.5009707483768171,-0.11091978104163214,-0.8398856831362794,-0.37279329175060716,0.07508919878436754,0.0763970804189642,-0.6065880092966783,-0.5961530695432533,-0.37550881017149174,-0.5862783978481586,-0.8322009327451089,-0.4920082241256652,-0.48757209969109444,-0.4920082241256652,-0.2744313639178198,-0.3472244684628908,-0.3472244684628908,-0.8231266826513839,-0.8231266826513839,0.37359263988047875,0.5949222498372294,0.827325534988864,0.809234157966167,0.7498465394127403,-0.3538816813641903,0.7056121598958277,0.7462490761865479,0.7463308166569869,0.7462490761865479,-0.10974011685109851],[0.9918659644898347,0.9819223549965629,0.60691534188593,0.9932465537589447,0.9971029085640243,0.9918659644898347,0.9999930908147753,0.9990989844559067,0.9990989844559067,0.9999748000133186,0.9568376240867665,0.9996136249451485,0.9999948280179043,0.9999870241032911,1.0,0.9230192704006994,0.892413873182434,0.31375044929719126,0.9998568792546406,0.9998568665275641,0.9895451629638228,0.9999947734642144,0.36138595470091245,0.7097483976048067,0.9937771953548918,0.9937771953548918,0.9936766851497337,0.9892990719945778,0.27847059849901035,-0.15743174606906868,0.992493068225381,0.9925380026207072,0.20506440650560287,-0.21482636625887017,0.9993751196259735,0.9994331573610449,0.39857948201171234,-0.3166856416705428,0.9988667326912645,0.9993877740903342,0.9164053525100564,0.2934244302934578,0.9378165249677607,0.9991221117055336,0.9378165249677607,0.9075984477235932,0.6159383774785094,0.9292259270067442,0.9052614701782827,0.716022504405121,0.41087119580190873,-0.10009975140841668,-0.2033957064141645,0.926325447442638,0.36674759389364014,0.9681853487838635,0.962336404973843,0.9784919501459367,0.9958693350337069,-0.05539447097471891,0.85879544295724,0.8221100372410304,0.8693746208857501,0.8162532105709308,0.7801762295874541,0.8162532105709308,0.7930793138719424,0.783854620706164,0.776775269427681,0.783854620706164,0.8599752775024917,0.3546632710907546,0.5647672983458213,0.6355526850291486,0.5647672983458213,0.576156721297261,-0.3524488259757976,0.543522167520932,-0.6418660349800563,0.4660224601870819,-0.10816057127264878,0.41223238404256896,-0.10816057127264878,-0.15321270678330962,0.8369877111881658,0.8548754485109848,0.8411820168246924,0.746782120877684,0.3003425246598015,0.8376021506165178,0.8391460347910322,0.8376021506165178,0.7505184940191917,0.7505184940191917,-0.2063664463256355,0.7020418280464957,0.24813559339555807,-0.6459286509142116,-0.6238597958149001,-0.6269516502812946,-0.13802482388355275,0.040581516853183626,0.34078283068938925,0.029864857366834013,-0.5031526079041168,0.07511880131228793,-0.8265190182708072,-0.15064723085773585,0.0747606365283923,0.07569603081057073,-0.6071316042535273,-0.5970681222376465,-0.08059749930933331,-0.5877326266374076,-0.8381152095328686,-0.3709447839265614,-0.20088767690885576,-0.3709447839265614,-0.2755931215639132,-0.34749181804379986,-0.34749181804379986,-0.8310230381887818,-0.8310230381887818,0.37423678015616657,0.5942713931226545,0.5033675906028438,0.8052334642166256,0.7486390155380548,-0.3540723105542433,0.06336910893780177,0.7558961415164908,0.7748899968848124,0.7558961415164908,-0.1413874160727171],[0.8872891983784725,0.5050563109728883,0.49337992077396653,0.8872353950549096,0.8398575102131429,0.8872891983784725,0.9275087883789906,0.9255257389305241,0.9255257389305241,0.8618744236615401,0.7253117915118183,0.5774668555116771,0.9274959324979583,0.8940018085738969,0.9230192704006994,1.0,0.9955731684260386,0.40351478931140095,0.9131846032400697,0.9131828396393882,0.8736607405828981,0.9224956133720027,0.32660976751048854,0.5437455044685242,0.9142997411745276,0.9142997411745276,0.9030135945136729,0.22741485033640255,0.19109233106165438,-0.19438026571857278,0.9358038362102981,0.9345656712034537,0.1505763331214932,-0.26329652175341317,0.9254745632466659,0.8738279500725663,0.3146496625244441,-0.320427521556983,0.5900602502396382,0.8571990886549236,0.998463666960725,0.38501843583535295,0.8538422655515929,0.9252858495516401,0.8538422655515929,0.5404734145641522,0.5892261153042854,0.21561039658882084,0.20062526016081852,0.38840965691836105,0.41042319962185564,-0.06788097534695632,-0.2102858089374924,0.8383928645913401,0.4046478855544916,0.9121425471963434,0.8556227712693547,0.9023888906465684,0.917602470961284,-0.09309978573967315,0.49261671266978935,0.7142937087975731,0.6720721147140422,0.7066330204884197,0.7161358569595948,0.706633020488419