var config = { responsive: true }

var correlationAdjClose = {"data": [{"type": "heatmap", "z": [[1.0, 0.999992870602765, 0.9836213972247657, 0.9999203767914555, 0.9987997003513037, 0.9888235986268031, 0.9972968588381254, 0.9948551204838356, 0.9951293004034573, 0.9802109029694905, 0.9909031019349863, 0.9950112267608189, 0.994171943428757, 0.9949143728677164, 0.9950664141017014, 0.9963007608763368, 0.9980520706809586, 0.9956947459624002, 0.9957114560763891, 0.9957162126144102, 0.9949581425447394, 0.9844543968119553, 0.9668499512773933, 0.986806384156456, 0.9855690545549818, 0.9771989492544335, 0.9605953619318752, 0.9387596790489937, 0.9947690343422467, 0.9947140604804765, 0.9918288262482077, 0.9750841219613574, 0.9972061871141922, 0.9975330233024433, 0.9968455853408656, 0.9950815099800318, 0.9944659804217925, 0.9973586134105729, 0.9974316286750926, 0.998650466913266, 0.9971408013920204, 0.9971562283164481, 0.9754025384113676, 0.9301967917906343, 0.7710435883032631, 0.9079110481594465, 0.9312340402409338, 0.8595038207883856, 0.9721934798118245, 0.9445739817704323, 0.9732757985399243, 0.9692289390687174, 0.9648746569389766, 0.9866475818040323, 0.9829614307333544, 0.982772355491285, 0.97536083778918, 0.9847334899348505, 0.9820134737130545, 0.9854143665008757, 0.9851641230770021, 0.9623655629732925, 0.963507837585597, 0.9702616483775003, 0.9699603370733834, 0.940589525979735, 0.974024151256999, 0.9723627080553132, 0.9807752109227866, 0.9798011797462952, 0.9329652012890992, 0.8490322519552707, 0.8174532833569561, 0.8679241615457864, 0.8972337523088336, 0.8908701853569615, 0.8960728785270157, 0.894818236699093, 0.6000301003417061, -0.5125204650995319, 0.9741868581113758, 0.9630942222611018, 0.9596058950381128, 0.9837443233110389, 0.9535785780730882, 0.9797137666986769, 0.9796726688601644, 0.9403551449301846, 0.9801328934700233, 0.9454718698006266, 0.5809980188951517, 0.8267059098271403, 0.9098145504684723, 0.22368595810566164, 0.9122815842644183, 0.9346991093528888, 0.8016208422669837, 0.9531404078136203, 0.8959901731833518, 0.6798601645954255, 0.48090565516093936, 0.8915332457814524, 0.8599678023054714, 0.8873628135071451, 0.9648249656879625, 0.9651460732274149, 0.7375993472513991, 0.6952688471059959, 0.8294292517657503, 0.3237151442490986, 0.7947307747533194, 0.833576149839804, 0.8199931262526069, 0.818388476561658, 0.7263783571883672, 0.7345686168685212, 0.7137739677478582, -0.22003588861333606, -0.3526247691951603, 0.6049776247182936, 0.9010062307276762, 0.947722158292868, 0.950808541857465, 0.9192358479931015, 0.8271806615664682, 0.9187495574876029, 0.9412647677844672, 0.9410253433223641, 0.8768973007410845], [0.999992870602765, 1.0, 0.9794495501166756, 0.9997437314350829, 0.9970781950751408, 0.9894997562009541, 0.9921102942522144, 0.9867689722011617, 0.986824782445091, 0.9659762777961403, 0.9896039098007063, 0.987082537826076, 0.9868588172404263, 0.9869161580839955, 0.9870265645614842, 0.9925699554067786, 0.9948144010273495, 0.990796222577912, 0.9907980108673768, 0.9869114554130219, 0.9869832498033905, 0.9867893831426267, 0.9589417803133992, 0.9816571765500784, 0.9811403343148394, 0.9770649937218082, 0.969201321360559, 0.904224501312092, 0.9881520402531401, 0.9828163858608511, 0.9768297255122991, 0.9119219114358043, 0.9940819215949664, 0.9938562494177727, 0.994189875824301, 0.9885020949900754, 0.9934674317030242, 0.9941546523772233, 0.9945276722026128, 0.9965173471042148, 0.994202801438819, 0.9942140617995875, 0.9836400492201087, 0.9299105410459957, 0.6695963421697577, 0.9080223664228908, 0.9322526423518176, 0.8596280504254789, 0.897313875074068, 0.9160859534802811, 0.9011626275764064, 0.911695621379116, 0.8962870012638111, 0.9579174220985786, 0.9577872255739364, 0.9705066508843533, 0.9752446447093879, 0.9672564692781538, 0.9672036434291226, 0.9705402212286254, 0.9704434757619659, 0.9249802276378699, 0.9335471109120994, 0.8937420366186154, 0.8936793126701071, 0.7729786398383645, 0.9648608673936475, 0.9675296589002825, 0.9679163268611451, 0.9673337820965934, 0.921506228881893, 0.6039391239289774, 0.5419857314650548, 0.7077368997307593, 0.8105218548381231, 0.7281410224219531, 0.7728714908189028, 0.7711859782767925, 0.5304548387063472, -0.2549183513433759, 0.9480426558302429, 0.9570668634964746, 0.9476969796456399, 0.9717112533485984, 0.9313840232887503, 0.9537112290961883, 0.9525257531237465, 0.882474352012517, 0.9575508419266463, 0.8899553347346132, 0.35518992134423205, 0.8260812223237062, 0.8312931870221989, -0.24089323211470032, 0.564198334918197, 0.6819499834837266, 0.6064068575471484, 0.9481433025096033, 0.6296142136200626, -0.1645427648749576, -0.09261006484117575, 0.5962788295974053, 0.6055336122416789, 0.651965863519649, 0.9502062455427536, 0.9499986705980435, -0.11912964721185673, 0.10456580862240801, -0.038916094778197755, -0.06956988797869135, -0.04253278456130754, -0.02669667475465302, -0.05719077534356315, -0.09378516649139737, 0.25991855727574914, 0.024167149357872796, -0.02069679713275391, -0.4551028302943607, -0.48157455588162384, 0.605308130147392, 0.7412393899346642, 0.7618954554387167, 0.8251539927501508, 0.8181960899180739, 0.5163621903419034, 0.7263986217927388, 0.7617616622083956, 0.7603025744721001, 0.41708924746010734], [0.9836213972247657, 0.9794495501166756, 1.0, 0.9850923999869526, 0.9920969713213578, 0.9889803206819493, 0.9905042742710579, 0.9907672281745923, 0.9941236005590891, 0.9529342738875572, 0.9965506520928513, 0.9906778143038707, 0.9926542051760878, 0.9908360442000659, 0.9907340544604639, 0.9912906395183158, 0.9893480587382224, 0.9892456016732657, 0.989210152179131, 0.9926155190671511, 0.9906961846516316, 0.9928700882406001, 0.9773213829898373, 0.9900630861519303, 0.990424291242469, 0.9748285835848923, 0.9801439997137905, 0.9430748511277873, 0.9738668037083806, 0.976832180257607, 0.9785738148791194, 0.9502647944978168, 0.9876900805560432, 0.9908289032076327, 0.9890034469739386, 0.9928950460427719, 0.9941324387487026, 0.9918154120435924, 0.9870294785876136, 0.9867531649709341, 0.9879632170079167, 0.9873102053720832, 0.9896646111588584, 0.929392959708488, 0.7135297131604152, 0.9338125143040439, 0.9135789069485509, 0.7587445723705156, 0.9331216328750156, 0.899301326675395, 0.9342346992254631, 0.9291095358374319, 0.9225462306621058, 0.9538420591216069, 0.9605534115452911, 0.9255587900443409, 0.9405323682727181, 0.9491654737554562, 0.9541554414719415, 0.9499298667832734, 0.9240500541033899, 0.8840792217985306, 0.9169259869071325, 0.9203888657466243, 0.9046305645167908, 0.8515982370027257, 0.9543198624998421, 0.930446884440567, 0.9495970678557621, 0.9273770903663916, 0.742321256433606, 0.7832984463691256, 0.724036799872757, 0.803867854193379, 0.8532509631071077, 0.8492057560548637, 0.8240543683662788, 0.8374412927860929, 0.2730496229714793, -0.5188107871968515, 0.9386036433413035, 0.903970596470419, 0.9108770937470939, 0.9261847746422146, 0.9206555650391575, 0.9451114581974749, 0.9447887780110048, 0.8999071785871889, 0.9422625247563894, 0.8177812821735795, 0.5485258388014622, 0.9177382637434703, 0.9281196882473034, 0.14359563269354625, 0.8891853140087552, 0.914852349778817, 0.786414519627105, 0.9752794971585893, 0.7781350220693755, 0.5894092432508028, 0.4034236064125971, 0.7839593989639163, 0.7838372916560997, 0.7722299958258855, 0.9793923856800484, 0.9794910405118483, 0.6536516446226436, 0.6253951676315411, 0.7163801415859639, 0.248344857229429, 0.6875663665074522, 0.7122862578353928, 0.7284933385317747, 0.7090134856613507, 0.6749687718524383, 0.6561878019388034, 0.633264272501488, -0.2994991209673658, -0.4312031026906318, 0.5507440494983437, 0.8586718267652355, 0.8979482516295791, 0.8980009947924887, 0.8908324434645861, 0.7546091168175072, 0.8719233965396667, 0.8863481685505296, 0.8955432034720292, 0.7404783652402173], [0.9999203767914555, 0.9997437314350829, 0.9850923999869526, 1.0, 0.9991244645981203, 0.9896783556014894, 0.9976902978391539, 0.9954253618673073, 0.9958211804068547, 0.9800750215728651, 0.992688736576121, 0.9955643181731382, 0.9949391705918827, 0.9954828620958522, 0.9956099102987118, 0.9968392848693935, 0.9984074660286913, 0.9961915286579192, 0.9962055682120523, 0.9963153289559481, 0.9955135696467659, 0.9857897498238047, 0.9682392001501253, 0.9879821521849212, 0.9868541830156473, 0.9803184944209943, 0.9628097291842542, 0.9400652774368813, 0.9943714463192732, 0.994471405899771, 0.9920726472505076, 0.9749199592884404, 0.99740996467006, 0.9979089904544517, 0.997207857703016, 0.9957060197929261, 0.9955482418847029, 0.9977755347859516, 0.997579099313038, 0.9988173250981547, 0.9973341580074793, 0.9973463238144366, 0.9772481386831566, 0.9262245983511551, 0.7648870481501402, 0.9088124700333671, 0.9279688169233862, 0.8489570730497517, 0.9694364424393082, 0.9411535880178707, 0.9704007227125843, 0.9666967267814208, 0.962207609255524, 0.984632935056358, 0.9814925553242897, 0.9807266490701432, 0.9729453692509221, 0.9829278282114605, 0.9808601695509619, 0.9835284949933358, 0.9832764723755671, 0.9465590119995709, 0.9615772608650857, 0.968475663389084, 0.9681783265465407, 0.9332828830839882, 0.9729460366507642, 0.9680537120805526, 0.9786505651637412, 0.9776333933907831, 0.9002571966553917, 0.8467254143246853, 0.8122626655740108, 0.8652616400105688, 0.8932309610546755, 0.8898117648546925, 0.8927218011135218, 0.8915524817737086, 0.4924405180389866, -0.5128349346694354, 0.9726659323188809, 0.960010205252919, 0.9568239860633929, 0.9817038696482088, 0.9522224582995799, 0.9783950220369447, 0.978358601805457, 0.9387501950348829, 0.9780987776472132, 0.9219098910113908, 0.5870446130268818, 0.8373709757767044, 0.9144343886497988, 0.22378629957251497, 0.9140255351209418, 0.9361978385489408, 0.8020766923200142, 0.9547004265942187, 0.8899251584864639, 0.6771675826597827, 0.4787046268045957, 0.8865769997176757, 0.8565610716857733, 0.8820609469089158, 0.9659808360527219, 0.9663087580965549, 0.7369295927135859, 0.6958411194103076, 0.8215814511514257, 0.3261390378724608, 0.7893133331606065, 0.8254411344023764, 0.811934175159931, 0.8132618582080168, 0.7296487108131517, 0.7349244708800518, 0.7141903621313386, -0.2153741037221095, -0.3517860286089446, 0.602695771363788, 0.8993020547371327, 0.9461531394974311, 0.949262621145186, 0.9183655733542078, 0.8244977638245862, 0.9169733871583359, 0.939265332094998, 0.9391833911975325, 0.8691908968650645], [0.9987997003513037, 0.9970781950751408, 0.9920969713213578, 0.9991244645981203, 1.0, 0.9922023671526408, 0.9990647734054644, 0.9981266020967704, 0.9981788241915445, 0.9729547535177526, 0.9973488561486814, 0.9981863443094894, 0.9979057306916188, 0.9981641492927881, 0.998230305339706, 0.998483414164724, 0.9991394051292594, 0.9986015141782046, 0.9986051195957941, 0.9982693075406357, 0.9981674416215234, 0.9930463713880834, 0.9763184041873827, 0.9930655926261855, 0.9929502179358933, 0.9847271570067953, 0.9778874220931533, 0.9438462968791731, 0.9910980846256001, 0.9929952475403143, 0.9903821857213121, 0.9658703339109915, 0.9989976968837351, 0.9990161389674173, 0.9989976892192188, 0.998304941164583, 0.9986115144813565, 0.9990940393115988, 0.9991611722254868, 0.9990534309356812, 0.9989793979561327, 0.9989834077783635, 0.9880456029823086, 0.9364065199862566, 0.7414850001332871, 0.9261662615676587, 0.9299235316838742, 0.8272882525771325, 0.9549417596778065, 0.9262771575979267, 0.9584153582387238, 0.9581706613422177, 0.9537805453583366, 0.980630290522884, 0.9805674581431674, 0.9757538132983667, 0.9654323707795388, 0.9766786419075304, 0.9754122854485187, 0.9769960191557352, 0.9766762256879211, 0.9477043878560837, 0.9494721246735561, 0.9463807784969487, 0.9459810989748486, 0.8943323431638821, 0.9689582313997842, 0.9656638066013638, 0.9728805975641593, 0.9717991630136015, 0.9256983152814301, 0.818730352004375, 0.7688141706978625, 0.8448009633361481, 0.8934326833640202, 0.8728232200048148, 0.8824231688020131, 0.8812635665226873, 0.6485948628521999, -0.5844299786136589, 0.9639269315214702, 0.9447659210977595, 0.9434948711396572, 0.9770835078517144, 0.9363424739647254, 0.9692132456822894, 0.9686766761070132, 0.9251430123007407, 0.9715498050826997, 0.9301351246190235, 0.5711037055545177, 0.8663683629819476, 0.9359981649340587, 0.11947399386641708, 0.8870108077476025, 0.9166311771122733, 0.7951025779414199, 0.9610495332764548, 0.8755723199448161, 0.5350146606138757, 0.358412810212708, 0.8623084065373529, 0.8108545982994904, 0.8630025151122449, 0.9707565200149773, 0.9710153503061901, 0.687556661132079, 0.6743086225285082, 0.7324350766739675, 0.29783091297941117, 0.6638187741785895, 0.7383771629115887, 0.7136514980344106, 0.6945128849593079, 0.7110782101388698, 0.7157630703481658, 0.693953901511865, -0.4474993928708565, -0.5203744730705147, 0.5878044657817281, 0.8913163455858171, 0.9291617979263359, 0.9394017760819662, 0.9142706847484103, 0.7978021510975333, 0.8966751692915159, 0.9223379723393135, 0.9217742022020975, 0.8021137054700065], [0.9888235986268031, 0.9894997562009541, 0.9889803206819493, 0.9896783556014894, 0.9922023671526408, 1.0, 0.9893505849304418, 0.9889094773666832, 0.9881880895861017, 0.9672062387833111, 0.9771251894963615, 0.9888916111601729, 0.9898977126493181, 0.9889767471426535, 0.9890594963823979, 0.9919208292717514, 0.9902706990028289, 0.9898886367417443, 0.9898559485574963, 0.9876491943039827, 0.9889014426053819, 0.9962805465706135, 0.9911000059612713, 0.9882520119693599, 0.9878553705324645, 0.9617810983418421, 0.9832250532507697, 0.9646031827998998, 0.9756846988027651, 0.9786358673130626, 0.9877250821845879, 0.9756938135999164, 0.989393213333462, 0.9894653178337901, 0.9903241378468975, 0.9899742274245065, 0.9809227077146478, 0.9901087889289699, 0.9897064787362904, 0.9896887614145023, 0.9894904458356015, 0.9894591351294432, 0.9939367691184079, 0.8896393806271307, 0.7527035158871179, 0.880524910172581, 0.929428020771205, 0.8594681437634022, 0.944517549179323, 0.9146985588855209, 0.9460061031760802, 0.9520416752790768, 0.9433487358156238, 0.9657987028610142, 0.9702254595989169, 0.9647878416703126, 0.9759535638819392, 0.9663350626758882, 0.977982507259016, 0.9663371941887131, 0.9657433947504149, 0.9629839971215994, 0.9553080703695539, 0.942656463012928, 0.9421789809107253, 0.9263125645222453, 0.9745357885032019, 0.966491516086581, 0.9655526502962744, 0.9637324585131252, 0.9423626880204377, 0.846881384568061, 0.7988391416520325, 0.8671560716725468, 0.8877519506847802, 0.8947187340508518, 0.8791586880949627, 0.8773079573553254, 0.6185709013253061, -0.48330532282565813, 0.9710447501276426, 0.9639337604438744, 0.9609140453834986, 0.9660511575298474, 0.9517876755345457, 0.9721058562624708, 0.9717967466827739, 0.9478745175422902, 0.9615527668092315, 0.9479701866154812, 0.5849795704276003, 0.7907818353423044, 0.9292050439714068, 0.2210794013914831, 0.9008729051810092, 0.9218029862147735, 0.79929312699445, 0.9501632325056862, 0.8490637208492542, 0.6338784410084995, 0.4612310536349561, 0.8461642196157454, 0.8192374378888486, 0.8425636376914523, 0.952699888352511, 0.952865798699702, 0.7028558241945904, 0.6780015470873506, 0.7693665061636678, 0.32761259353395605, 0.74444759175576, 0.7750075383320214, 0.76066122518877, 0.7634614982781747, 0.7174008083545792, 0.7081865784563048, 0.6895401939520015, -0.24628288251247998, -0.37031980951954757, 0.6400021110061376, 0.891066053145882, 0.9091593695889112, 0.9160042876001129, 0.9032399546236964, 0.8029579203646212, 0.8773529529620564, 0.9009561888647041, 0.9008370466943614, 0.8482288590278404], [0.9972968588381254, 0.9921102942522144, 0.9905042742710579, 0.9976902978391539, 0.9990647734054644, 0.9893505849304418, 1.0, 0.996978336417625, 0.9995114392502703, 0.9710973082316966, 0.9993843539461982, 0.9979967523792406, 0.9990401535396121, 0.9989445231489903, 0.9986992076673035, 0.998014435572397, 0.9998521530654992, 0.9991992887271409, 0.999205339555654, 0.9996298560601216, 0.9991662470250189, 0.9903895006966463, 0.9728231696139253, 0.9831905308904905, 0.9919580370211245, 0.9835736181512827, 0.9697142735363702, 0.9385018355910345, 0.9926084850465037, 0.9916620975897678, 0.992988313764742, 0.9709465423572295, 0.998736809963585, 0.9998009837644246, 0.9995913903591258, 0.9993568717351773, 0.9996044931895205, 0.9998337269990771, 0.9977434469577763, 0.9995063579118857, 0.9992170801080369, 0.9987953674219147, 0.9830492806468408, 0.9378213144947461, 0.7529885547605529, 0.9334128119864339, 0.9310111717487773, 0.8122613231978303, 0.9620431425250833, 0.9399843892331423, 0.9629215717996665, 0.9607399519264267, 0.9568954248028825, 0.9822253895113221, 0.9800056296729946, 0.9354859193099321, 0.9511527941872377, 0.9658990935496211, 0.9663407857959441, 0.9678919860229529, 0.9361615255261346, 0.8795843337121444, 0.9383903554654487, 0.9523468995869065, 0.929001334984779, 0.8666381965343412, 0.9576245099223702, 0.9235153599201548, 0.9590547329517628, 0.9355781768756254, 0.7070319054020212, 0.8128391076103668, 0.7462625272596773, 0.8296679305722283, 0.860571931489564, 0.8637469447656902, 0.8453693451012564, 0.8577611953572496, 0.2275942399401659, -0.5493826341948239, 0.9536528921647713, 0.9268823115770265, 0.9278195724594842, 0.9382908308674409, 0.9339828756851994, 0.9627871284517118, 0.9628799129588818, 0.915925921424516, 0.9588299438673555, 0.8031943634251397, 0.5692519932515634, 0.8717493967032003, 0.913737319086102, 0.2022410154196558, 0.9116448429876179, 0.9350407828769349, 0.7953919656701811, 0.9615373659390312, 0.8302846477077246, 0.662277866326726, 0.46118836872002733, 0.8418417671122987, 0.8337602924530173, 0.8271180540438641, 0.9715290590062052, 0.9718806558694835, 0.7208521817042189, 0.6693491553137362, 0.7853154136443997, 0.29232305555201293, 0.7646246013042245, 0.7937576654182503, 0.7852318097398324, 0.7903524087995366, 0.7063737515425869, 0.7196260254496913, 0.6969875350824098, -0.23662943181208934, -0.3801506076947802, 0.6081230251234873, 0.8910442613291383, 0.931389178015129, 0.9462575530000132, 0.9161836660912037, 0.8214262568597611, 0.9155545148739762, 0.9379033574219073, 0.9372428948298666, 0.7740271253607646], [0.9948551204838356, 0.9867689722011617, 0.9907672281745923, 0.9954253618673073, 0.9981266020967704, 0.9889094773666832, 0.996978336417625, 1.0, 0.9999831810345541, 0.9647871711504747, 0.9995897467792213, 0.9999968491732335, 0.9996407227976303, 0.9999976744178702, 0.9999804113087086, 0.9961974189901939, 0.9990319054929707, 0.9998776158062186, 0.9998774427474042, 0.9999529338817178, 0.9999941971740259, 0.9905702763513548, 0.9737218148558209, 0.9911770680218289, 0.9924286157143437, 0.9797237813630744, 0.9718872574811076, 0.9369163140387671, 0.9889767106638855, 0.9944686297269223, 0.9917720688473278, 0.9676297663100237, 0.9994227369245847, 0.9994669468837908, 0.9996084768173051, 0.9996577119852458, 0.9986104798659844, 0.9993638803845605, 0.999080748180027, 0.9981662904757177, 0.9994935532174557, 0.9993517439451723, 0.9843293113131044, 0.9395895141674026, 0.7401708119638425, 0.9428029218481294, 0.9301417862677462, 0.7898977550691871, 0.9609633135327167, 0.9350735828785524, 0.9614932040221578, 0.9544288622997316, 0.95068889167658, 0.9804103890876081, 0.976805001884374, 0.9291493383597623, 0.9432684887957037, 0.9569289786683484, 0.9613431666157656, 0.9594974003899555, 0.9340308941993128, 0.866609263709043, 0.9312395300965941, 0.9438393169597633, 0.9226481135662173, 0.849725357158856, 0.9528677656645534, 0.9148758339893496, 0.9513965850242992, 0.929588831983087, 0.6873000705486438, 0.8015917886302693, 0.7410806118638068, 0.8182497938333203, 0.8504963719497751, 0.8567208196569543, 0.8396982084201926, 0.8487650069953002, 0.20487836633006862, -0.5570041834509102, 0.947073514035349, 0.9139684964922974, 0.9174178115604102, 0.9358509302864287, 0.9262687722635811, 0.9564993914122706, 0.9566074026285579, 0.9069345737087395, 0.9493437172550698, 0.7855567405047716, 0.5627056239513305, 0.8969485379049563, 0.9272584479087632, 0.1878967854959762, 0.9102794930275996, 0.9341220279718498, 0.7923921495962725, 0.9665595955888713, 0.8349226244956105, 0.6487212703793198, 0.44811693854845736, 0.8438531336387214, 0.8309875582542036, 0.8313694667735848, 0.9747430128249402, 0.9750857075587259, 0.7104933475632162, 0.659713691207569, 0.7881160079636267, 0.2759755119758657, 0.7597298550776461, 0.7899153586402962, 0.787291046704732, 0.7852302078882891, 0.6979564618511565, 0.712876580667891, 0.6894714016711772, -0.25467027090260325, -0.39730061610339634, 0.5864770390559052, 0.882139655819307, 0.9294717684221693, 0.9385537957135108, 0.9095606631885577, 0.8095651599999966, 0.9091293488635346, 0.9317018569452015, 0.931311272609893, 0.752848222525227], [0.9951293004034573, 0.986824782445091, 0.9941236005590891, 0.9958211804068547, 0.9981788241915445, 0.9881880895861017, 0.9995114392502703, 0.9999831810345541, 1.0, 0.9640912702882977, 0.9995879090653157, 0.999981051703193, 0.9998216132127045, 0.9999894518354024, 0.9999964371390073, 0.9989175199772921, 0.9990142630168626, 0.9998062772049524, 0.9998055634294964, 0.999965408318387, 0.9999818834197995, 0.9932836580209364, 0.9748736239059936, 0.9945106355622759, 0.9946800956584181, 0.9797746199088916, 0.9761166221716077, 0.9382255244232267, 0.9895006923987835, 0.9934848859803169, 0.9888417826906684, 0.9630832509213675, 0.9993314293887726, 0.9994110806902577, 0.9994059307054823, 0.999823200164815, 0.9986288212210506, 0.9993614926374755, 0.9992999920205123, 0.9981361983603556, 0.9993235477015083, 0.9993183244891028, 0.988568932866147, 0.9397949324557244, 0.7412362645946958, 0.9433230208642137, 0.9311739228850585, 0.7902258833799438, 0.9499089136826925, 0.9210037537786799, 0.9529372866863333, 0.9519921202938693, 0.9482800075341972, 0.9775693426948157, 0.9769990215720064, 0.9633563244778444, 0.9437753043387966, 0.9642129422586398, 0.9613795761855698, 0.9646339313910721, 0.9642424357068398, 0.9329606734251303, 0.9304378199020299, 0.9341704474364985, 0.9337675469758447, 0.8809334926971829, 0.9532071200881074, 0.9546461421202711, 0.9610480580294939, 0.9596719606353618, 0.9106064764873454, 0.8008162405325547, 0.7447009357906162, 0.8175195030449438, 0.8719053319095296, 0.8545953315025462, 0.8628213294315074, 0.8617958848624477, 0.5897066158021421, -0.6206359728091531, 0.9469595844446695, 0.9140021763993027, 0.9174810505025685, 0.9649248645270957, 0.9187913092171618, 0.9558994575654268, 0.9553038438463546, 0.9077051584315962, 0.9585172993199732, 0.9130215335573426, 0.5605423863375143, 0.8966801737391832, 0.9437515666473953, 0.13036106352409924, 0.8943287452268562, 0.9230350632785459, 0.7914227401420831, 0.9650731789300289, 0.882093663392949, 0.559360275580433, 0.3793003763303201, 0.8694272248160873, 0.8191545865484863, 0.8708567957881586, 0.974662084171167, 0.9749559556101276, 0.7083648227410928, 0.6566723387211013, 0.7485171288776125, 0.27352519010555015, 0.6819631742557996, 0.7539734852955611, 0.7312604356362575, 0.7127562480743551, 0.695058449775471, 0.7094270339468688, 0.6859767493506329, -0.4989714156026764, -0.5737690840408981, 0.5865865982022053, 0.8810122108291095, 0.927764967628578, 0.9392185598114154, 0.9085316239811125, 0.8041142401427026, 0.8964821341671864, 0.921031091370024, 0.9204533659106008, 0.8104773155460294], [0.9802109029694905, 0.9659762777961403, 0.9529342738875572, 0.9800750215728651, 0.9729547535177526, 0.9672062387833111, 0.9710973082316966, 0.9647871711504747, 0.9640912702882977, 1.0, 0.947271386304878, 0.9651837263642578, 0.9640436061306439, 0.9649064217779787, 0.964454444800739, 0.9663394527825155, 0.9754268238232456, 0.9698282756158907, 0.9698354698503474, 0.9649619715274772, 0.9650415704464805, 0.9646210607783576, 0.9498720184488273, 0.9720786211652285, 0.9699216720355073, 0.8772573724628757, 0.9680182819090479, 0.948186438338634, 0.974220152125477, 0.9680167294501056, 0.9678257057585615, 0.9316946107979429, 0.9735865830562985, 0.973138440959665, 0.9736474296770239, 0.9651509824944648, 0.9557010017783883, 0.9726270228790118, 0.9734684652966218, 0.9782076078564853, 0.973785475092354, 0.9738032703782077, 0.9552946995801036, 0.8388473259765808, 0.5628135678523044, 0.7751436881164377, 0.8973384638327733, 0.8824579661146944, 0.9021896961492769, 0.8174094713764624, 0.906677169423299, 0.9140209183544182, 0.9039850378350979, 0.9281134742742035, 0.9279570647867492, 0.9455964466203659, 0.9371577983608578, 0.9558157756147536, 0.9494763830930792, 0.9540208374749327, 0.9540436075618951, 0.9136163119072471, 0.9511685666929619, 0.9333712684469307, 0.9330246227536335, 0.8473802810995886, 0.9374373911296177, 0.9460178414504847, 0.9388010803552379, 0.937821815007215, 0.8892571611970572, 0.8090052931663969, 0.7636115982853803, 0.8543040536039839, 0.9092835296492494, 0.8787348036806478, 0.8940286262965742, 0.89326395024119, 0.693045871972167, -0.294216284971728, 0.9530953712249867, 0.9555145553041184, 0.9460490195803882, 0.947568742138491, 0.9182930349786702, 0.9545161252736872, 0.9543441078363516, 0.8988671000394587, 0.9569924472704983, 0.9051158978882994, 0.6858143051352735, 0.6402851213724268, 0.8610105327845624, 0.1353838400703589, 0.8446432219092311, 0.8855191058974271, 0.8685761255951011, 0.948692253140857, 0.9032503671402864, 0.4683359263386364, 0.4104985806614234, 0.8955958040538975, 0.86990124318175, 0.901617600432951, 0.9492295376382232, 0.9495751870719132, 0.535375625638045, 0.6971322795019814, 0.6116347556574422, 0.48105470569516595, 0.5692416597675327, 0.6264402769974207, 0.5871057677923054, 0.5646688202224329, 0.7949933334555407, 0.6717271546713001, 0.6362892863750715, -0.2650389440107737, -0.30903464796678043, 0.7366168939877912, 0.9153658399460389, 0.9212813843268629, 0.9067812767192773, 0.9401336607958876, 0.6454310895617463, 0.8358489048506174, 0.9071263513510586, 0.9062258821029131, 0.6907535443162383], [0.9909031019349863, 0.9896039098007063, 0.9965506520928513, 0.992688736576121, 0.9973488561486814, 0.9771251894963615, 0.9993843539461982, 0.9995897467792213, 0.9995879090653157, 0.947271386304878, 1.0, 0.99962524186002, 0.9995989473413005, 0.9996076042622547, 0.999616415159111, 0.999327229326379, 0.998471414571569, 0.9999483632965405, 0.9999488033716152, 0.9996063211230896, 0.999617305169292, 0.9889918204465435, 0.9532617409018617, 0.9897768569805093, 0.9910515482263147, 0.9853040228271649, 0.9664764835961579, 0.8874995355076966, 0.9880484101381283, 0.9918527351618891, 0.971376414280992, 0.8920410538362248, 0.9990842849172252, 0.9991566293175841, 0.9990746450020029, 0.9994225855430255, 0.9993493071622114, 0.9990898184642135, 0.998937405814339, 0.9968825804991474, 0.9990501146333727, 0.9990468021219385, 0.9881949358396277, 0.9335635319139646, 0.619598571023323, 0.937963964629047, 0.9303756702407959, 0.795391526254478, 0.8729414986217509, 0.8904679942907403, 0.8785775296501714, 0.8825090233583921, 0.8698216482639509, 0.9505796156683938, 0.950485591918992, 0.9432028784007173, 0.9457949435232185, 0.9325991882450562, 0.9354859365212654, 0.9379429320223842, 0.9377230049078954, 0.8794410961800759, 0.8914383810054805, 0.8436703192981708, 0.8435184204000932, 0.7054542408546272, 0.9389235506397028, 0.9427497320696772, 0.9431592439184291, 0.9424765700692679, 0.8832653733053161, 0.5458165331121099, 0.47938530704390697, 0.6492033317392782, 0.7606770903184706, 0.6770358223580981, 0.722847606004876, 0.721889550643109, 0.4648135685790572, -0.3883131380603602, 0.9059746423048217, 0.9184701406303791, 0.9055894972679055, 0.9450532680053053, 0.8857219702992674, 0.9131492793359604, 0.91162324991474, 0.8286328747758623, 0.9185077531620166, 0.8379953935803413, 0.424316205036007, 0.8918490706407104, 0.892404427390781, -0.2148075099356013, 0.6205060656570984, 0.7249947763370217, 0.622082334244114, 0.9667199216026108, 0.643546937517031, -0.11508195767311101, -0.0647777505299487, 0.6152078263805433, 0.6208063759242964, 0.6630790031563881, 0.968345933961859, 0.9684020475920622, -0.055256159950615294, 0.1609868975579795, 0.02690926589211566, -0.00517362543544956, 0.020633328032618945, 0.03942068007910815, 0.007500995539675701, -0.03638799282863146, 0.32593902232610555, 0.07259420203938541, 0.023496397109333943, -0.5272511565799538, -0.5537669112513567, 0.5866816175775038, 0.7304525480575805, 0.7524274891626784, 0.8183494538775098, 0.8157598860313692, 0.4920774136216169, 0.7123397171413818, 0.7515714088242696, 0.7502047610862167, 0.4018273956085304], [0.9950112267608189, 0.987082537826076, 0.9906778143038707, 0.9955643181731382, 0.9981863443094894, 0.9888916111601729, 0.9979967523792406, 0.9999968491732335, 0.999981051703193, 0.9651837263642578, 0.99962524186002, 1.0, 0.9996278297408355, 0.9999976072390477, 0.9999836255315143, 0.9968716672192359, 0.9990956634618343, 0.9998898577369948, 0.9998897905817229, 0.999960948575198, 0.9999946945188369, 0.9904882402670427, 0.9736051100805154, 0.9918303471561486, 0.992398746453412, 0.9799825409730321, 0.9717330150655956, 0.9369504428051684, 0.9898499282667005, 0.9945070161314533, 0.9918270399922307, 0.9677491612571738, 0.9994630186205902, 0.999510580609404, 0.9996419771462767, 0.9996606461796707, 0.9987092328672592, 0.9994105312217598, 0.9991175623102923, 0.9982580896487727, 0.9995354174262531, 0.9993927692309204, 0.9841571692780099, 0.9397668371912579, 0.7408060160937473, 0.9425683304480965, 0.9302669897155027, 0.7910521317045914, 0.96124374357516, 0.9354720440588679, 0.9617830700527921, 0.9547649813079976, 0.9510360815505794, 0.980628442348468, 0.9769685820995528, 0.9295191505490745, 0.9436241756726539, 0.9573121142881197, 0.961579424270971, 0.9598698435097616, 0.934326662814182, 0.8669441470975, 0.931617753401729, 0.9443049534645107, 0.9231075554498822, 0.8502623401415071, 0.9530683953274407, 0.915190681838868, 0.9517098188433092, 0.9299437049262123, 0.6875915368993152, 0.8021768743919161, 0.7416718988480049, 0.8188329748679348, 0.8509413705841891, 0.8570792652140494, 0.8401771950892508, 0.8492760610376926, 0.2053433640567578, -0.5567692854389164, 0.9473955200203548, 0.9146179943503708, 0.9179179554659095, 0.9361324826715998, 0.9266049999063156, 0.9568100802813831, 0.9569173075415572, 0.9073023330317768, 0.9497511642001993, 0.7859663129373098, 0.5630893805971106, 0.8958553823693609, 0.9267205985626872, 0.1886419170604765, 0.9103941848521045, 0.9342241824938876, 0.7927076438405104, 0.9663981981068767, 0.835329272587421, 0.6496411017872834, 0.4489805296996888, 0.8442878890583804, 0.8315097100949588, 0.8317645968437567, 0.9746725459746994, 0.9750155750581607, 0.7111465331538407, 0.6603669239881828, 0.7886440248018798, 0.2769414273766416, 0.7603973422088885, 0.7905563858494078, 0.7878238476223646, 0.7859015489612375, 0.6984315655273754, 0.713336106469788, 0.6899653534335008, -0.25358232726515484, -0.3963083302632425, 0.5871899983713794, 0.8826358442799366, 0.9298482104490258, 0.9390297357961742, 0.9099932071730902, 0.8100999181846332, 0.9096454749725266, 0.9322044813658142, 0.9317997580299369, 0.7535003858586441], [0.994171943428757, 0.9868588172404263, 0.9926542051760878, 0.9949391705918827, 0.9979057306916188, 0.9898977126493181, 0.9990401535396121, 0.9996407227976303, 0.9998216132127045, 0.9640436061306439, 0.9995989473413005, 0.9996278297408355, 1.0, 0.9996644668081771, 0.9996473146939819, 0.9990307460597158, 0.998575416090881, 0.9994328407678524, 0.9994263980149635, 0.999642266892448, 0.9996172729254617, 0.9924942857635591, 0.9752831447815414, 0.9953334042706481, 0.995221581923827, 0.9797726889973741, 0.9746447659452694, 0.9396636234542864, 0.989075124206465, 0.9925225157499549, 0.9909500224643232, 0.9653809653719905, 0.9987403917780657, 0.9990414569398293, 0.9992358266541926, 0.999924125727791, 0.9986474506213313, 0.9989865496794658, 0.9985440210715516, 0.9974622980106022, 0.998729651429309, 0.9986527112370205, 0.9881076502360194, 0.9397722014532444, 0.7371728074253046, 0.9427756016271671, 0.9302310815040667, 0.7903197734385168, 0.9577722876645074, 0.928333868453364, 0.9585666569650686, 0.9514830446788627, 0.9472353124185461, 0.9771115721014547, 0.974925517599539, 0.9541986436308814, 0.9432055536033478, 0.9575099308178364, 0.9604848341063928, 0.9595763217845954, 0.9588746661111457, 0.8710414148803585, 0.928157290226144, 0.9425149129593885, 0.942296876123982, 0.8480771971438619, 0.9531534312698963, 0.9279679573396961, 0.953593388360354, 0.9520840302639292, 0.69154655123437, 0.7987728038172602, 0.7632563692767056, 0.8160958397881024, 0.8524256770241909, 0.8559369060227187, 0.8479946534261021, 0.8482377178830031, 0.18872282845569593, -0.5513625549245502, 0.9461496653108357, 0.9142150078243482, 0.9165618628261797, 0.957383971001662, 0.9263764103520374, 0.9552707034144575, 0.9553346988609884, 0.9065294104372666, 0.9500269641794037, 0.7929391778531645, 0.5636020491155395, 0.8965065727308427, 0.9268863595372786, 0.18342571020512197, 0.9078911653039863, 0.9321373831486763, 0.793831323491814, 0.96921480104047, 0.8285012970592852, 0.641906641786502, 0.4436489539945468, 0.8353281922967833, 0.8261566227285057, 0.8232849453247947, 0.976713910482547, 0.97700755810913, 0.7016950131733419, 0.654587168748119, 0.7671504710295126, 0.2766165200354539, 0.7502135968404261, 0.7790504679523979, 0.755604494154544, 0.774686179137255, 0.6958535486077878, 0.7025304969880456, 0.6794304422212184, -0.2605958026688151, -0.40167624750354414, 0.5867002325606618, 0.8804200647272235, 0.9314808510772753, 0.9345867645177144, 0.9092051346694819, 0.8020571708949034, 0.903044307481959, 0.925234015703183, 0.9254345829835178, 0.7481092433307038], [0.9949143728677164, 0.9869161580839955, 0.9908360442000659, 0.9954828620958522, 0.9981641492927881, 0.9889767471426535, 0.9989445231489903, 0.9999976744178702, 0.9999894518354024, 0.9649064217779787, 0.9996076042622547, 0.9999976072390477, 0.9996644668081771, 1.0, 0.9999878667868726, 0.998524135980654, 0.9990570933733443, 0.999881504520588, 0.9998809854577198, 0.9999551708613946, 0.9999918591004021, 0.9906103631851819, 0.9737793149589262, 0.9937599485720514, 0.9936267898838447, 0.9798763787796054, 0.9719342934704334, 0.9371127719073535, 0.9923538389798446, 0.9948478002994076, 0.9917088794188682, 0.9675198601584603, 0.99943942553049, 0.9994725090748193, 0.9996192893136466, 0.9996781204138178, 0.998656332997828, 0.9993761675185947, 0.9991507656003789, 0.9981892264642657, 0.9995077535237549, 0.9993692698917013, 0.9843117837388089, 0.9396303451856768, 0.7402670471279668, 0.9427243270590655, 0.9302452014888973, 0.7904371068582012, 0.9610728604998869, 0.9352587579308472, 0.9616458683859253, 0.9543970269273505, 0.9506312404160266, 0.9804610693090842, 0.9767673975656901, 0.9295352399935953, 0.9434556048575893, 0.9571463378657025, 0.9614163761484988, 0.9596964310161036, 0.9336910114833411, 0.8668766009349173, 0.9310661383761129, 0.9439210155632978, 0.9229195079648493, 0.8498728793286927, 0.9530556410863295, 0.9153357901012502, 0.951665028974012, 0.9299955882453589, 0.6877416640359731, 0.8015290115668555, 0.7414039814924762, 0.8182354028610052, 0.8507036027563416, 0.8566860425728229, 0.8398871301272476, 0.8489729806137497, 0.20526681680936004, -0.5566559940316037, 0.9471445905771897, 0.9142769456184008, 0.9176547726120734, 0.9335802370916355, 0.9265349751119, 0.9565822719738569, 0.9566868676302459, 0.907128695652415, 0.9495606662205851, 0.785887839064421, 0.5628179256660168, 0.8964410087690323, 0.927089820586833, 0.18790387006846393, 0.9101338384490689, 0.9340084769440822, 0.7924007835298051, 0.9665789809571086, 0.8349902102660012, 0.6485977740458055, 0.4480051071116433, 0.8439042865413454, 0.8311668329225183, 0.8314300909527031, 0.9748016437153556, 0.9751405752593708, 0.7100169069491382, 0.6592778015193347, 0.788121946689603, 0.27631785014199617, 0.7597257401843265, 0.7898510464251852, 0.7874938025781756, 0.7851401083575144, 0.6978521031033749, 0.7119940730452552, 0.6886273024510365, -0.25444886381808374, -0.3970739567274854, 0.5868842383065094, 0.8820605109069447, 0.9296383920098782, 0.9386393031115399, 0.9096198067064167, 0.8093737919780403, 0.9093904421779273, 0.9317819565574063, 0.93151130711499, 0.7529900979103218], [0.9950664141017014, 0.9870265645614842, 0.9907340544604639, 0.9956099102987118, 0.998230305339706, 0.9890594963823979, 0.9986992076673035, 0.9999804113087086, 0.9999964371390073, 0.964454444800739, 0.999616415159111, 0.9999836255315143, 0.9996473146939819, 0.9999878667868726, 1.0, 0.998521928049259, 0.9991051356637841, 0.9998779390466389, 0.9998779541766978, 0.9999551911400049, 0.999976067448956, 0.9905144376303868, 0.9738160668435197, 0.9921198624327098, 0.9921789375635705, 0.9800364899281157, 0.9716437308952462, 0.9371819797374081, 0.9923971223710165, 0.9944269331852131, 0.9915667863865255, 0.9674833384202068, 0.9994842162106732, 0.9994621465861635, 0.9996108467425661, 0.999668011300378, 0.9986820104484505, 0.9993863680292709, 0.9991857538938856, 0.9982493324434443, 0.9995434196771938, 0.9994195794212355, 0.9840561783672033, 0.939582334421459, 0.7411101856692066, 0.9428281555544237, 0.9308623475536698, 0.790792770944498, 0.961705344009283, 0.9364319470123957, 0.962345301320878, 0.9546735345687115, 0.9509227103522102, 0.9809830196917998, 0.9769939417874485, 0.930410400936255, 0.9439816235437941, 0.957588535275592, 0.9615840281208853, 0.9601472535745981, 0.9351425161067527, 0.8670772139701752, 0.9306213470443814, 0.9442723341328763, 0.9237171041276646, 0.8498385421068062, 0.9534797546462462, 0.9160501145662034, 0.9522512302160041, 0.9309828505646028, 0.6875916524086869, 0.8011274952390403, 0.7425637490165881, 0.8178149322149831, 0.8507495755687025, 0.8561992652740983, 0.8404796897393029, 0.8494041552413796, 0.20501024286334496, -0.5560721134473884, 0.9471817495265782, 0.9144998698566577, 0.917877452818239, 0.9370098535742242, 0.9271414405385964, 0.9567444326534398, 0.9568899044564407, 0.9075016761369517, 0.9499596739569872, 0.785892769296422, 0.5613568266948632, 0.8963933894406833, 0.9268073917635694, 0.186646813911207, 0.9095976097181259, 0.9335125937735964, 0.7914605749533936, 0.9662054288243056, 0.835976093567713, 0.6482344203326965, 0.4470618882561383, 0.8444692203990675, 0.831585324824519, 0.832220128299423, 0.9745943633084193, 0.9748880582604937, 0.708696784204739, 0.6570531036261985, 0.789223594586413, 0.2746076642215702, 0.7599822448318153, 0.7902377609942758, 0.7887907680122552, 0.7853520559970008, 0.696018895970076, 0.7096291940940039, 0.6862321216817283, -0.2536272116433177, -0.3963243392404482, 0.5867491688298748, 0.8811916364308113, 0.9302293267580913, 0.9391499140846911, 0.9088327564690556, 0.8095591492897101, 0.9104328601954362, 0.9323733332100151, 0.9322640699348509, 0.752884701878641], [0.9963007608763368, 0.9925699554067786, 0.9912906395183158, 0.9968392848693935, 0.998483414164724, 0.9919208292717514, 0.998014435572397, 0.9961974189901939, 0.9989175199772921, 0.9663394527825155, 0.999327229326379, 0.9968716672192359, 0.9990307460597158, 0.998524135980654, 0.998521928049259, 1.0, 0.9988589102889647, 0.9989101051207067, 0.9989079057254902, 0.9987335787921799, 0.9984093317299966, 0.9919443843669806, 0.9766169913618802, 0.9825140583236047, 0.9892311043033157, 0.9868567711222557, 0.9736644265530486, 0.9450978131184328, 0.9935268430885476, 0.9932106059560053, 0.9906926964650817, 0.9679725555603126, 0.9987711282276033, 0.9987394903182724, 0.9989518003641226, 0.9985406868418695, 0.9993452870803043, 0.9988696995899446, 0.9988993407499861, 0.9980701713782524, 0.9986416216522677, 0.9987216424449579, 0.9827816966301569, 0.9324205902715338, 0.747885238733919, 0.9348791535019247, 0.9334482064015067, 0.8094931682591365, 0.9653569717992422, 0.9408928989543404, 0.966604122658999, 0.9552250916019716, 0.9501485299242899, 0.9817775168466347, 0.9767820200402708, 0.9436781393514033, 0.9539064635346353, 0.9648037141490059, 0.9661481248328976, 0.9664558358508594, 0.9472870016691564, 0.8794492467236211, 0.9346944129084158, 0.9495119746638713, 0.9351968940700048, 0.861241085358808, 0.9599357051130964, 0.9302774616227921, 0.9601433745583421, 0.9442603744563771, 0.7059943305813402, 0.8092583654198079, 0.7609376702919084, 0.827256862719383, 0.8638273860252778, 0.8636412261657223, 0.8519738278201543,