var element=document.getElementById("correlationAdjClose");if(element.style.display!='none'){var correlationAdjClose={"data":[{"type":"heatmap","z":[[1.0,0.999994306106722,0.9864525231689266,0.9999340275398975,0.9991814346978072,0.9836750596320691,0.9978691978579125,0.9963296370916684,0.9710744138853148,0.9965298154987355,0.9946714870771614,0.9939614017934393,0.9964256909089365,0.9964579104275815,0.9963715785872205,0.9977397616954921,0.998062368294731,0.9983376915326633,0.9968753981504808,0.9968874041038488,0.99685301694537,0.9963957577322691,0.9884102991297297,0.973489036907486,0.9907469787707779,0.9600662415981167,0.9898906087726996,0.9870891545099392,0.9710190678745182,0.957083614122567,0.9923887131198924,0.9938803456332732,0.9928526855948461,0.9791394786871079,0.9977853455004553,0.9979036546220738,0.9976160840065871,0.9965069604666243,0.9955693222049776,0.9977922612883096,0.9986593724648656,0.9986934996810264,0.9977650671570546,0.9977754845919545,0.9780276975412476,0.92512497890178,0.9546609779727104,0.9414893143146486,0.9411355619768454,0.92001212617495,0.9643281811272277,0.9517367356470756,0.9661691823021411,0.9687517337365416,0.9577891880285706,0.9848192930104757,0.9826385010375266,0.9911411566795529,0.9942799050817901,0.9876528037811974,0.9827886246255076,0.9882513582455433,0.9868008357744396,0.9887923228506852,0.9886652251241521,0.9565842369154368,0.9763197065496969,0.9768537606808703,0.9766176388118494,0.9454152051871932,0.9822423134232267,0.9791420931063284,0.9861548711294138,0.9855267446277368,0.9423003910489828,0.9004449690895527,0.8704127040529164,0.9150681757230292,0.9295920978112957,0.9275524035929462,0.9277517671325958,0.9265900342051667,0.7287021416836043,-0.5401531031062607,0.9810944870740381,0.9762698585652038,0.9739146754466401,0.9882805827716621,0.9743634764236492,0.9846712698337321,0.9846564080502505,0.9447082427699337,0.9854016091029797,0.9477660637238586,0.8038284512338053,0.9204591237011066,0.9352444179115109,0.8233197860721094,0.9559905309617045,0.9566698200988174,0.9029412187451997,0.9683299420345058,0.8955221322247963,0.5793902468195075,0.7295997668947282,0.9027645608945885,0.8735374743751798,0.8941547760382565,0.9761710424479177,0.9763259581330551,0.7897352914739925,0.7546892650974792,0.8257387354894525,0.46137439484299075,0.808561094922166,0.8298594122604779,0.8249876437016673,0.8180326370751799,0.7949378364362629,0.7569106491025177,0.741400138144932,-0.2895788319711977,-0.4302071862968896,0.7014393560665436,0.8913858133922443,0.9309437289923874,0.9413072190367799,0.9054429196689631,0.8294275242420265,0.9093555060368812,0.9246183196901201,0.9244189215825139,0.8599986373688508,-0.13889092992183702],[0.999994306106722,1.0,0.989983997853056,0.999856637991068,0.9983211669675858,0.9899150474538841,0.9942066687770714,0.9919089973153875,0.987333736569782,0.9919165627606906,0.9919429390641848,0.9932977730251574,0.9920080687369266,0.991911393286264,0.9919673153100249,0.9939995269575105,0.9962888401696754,0.9958538072445453,0.9939087005663447,0.9939157426538436,0.99195917730652,0.9920051907207362,0.9925058257091254,0.9775114448242368,0.9884488841237813,0.9844981241575632,0.9885132184375416,0.9870707294454053,0.9823245677027267,0.9404729273629935,0.989842699435009,0.9879255163858731,0.9827692429693912,0.9421935292976817,0.9952387010150455,0.9951731066594172,0.9953767046402402,0.9923335174970025,0.9949806959207986,0.9953958538822021,0.9966069622887361,0.9968044924003127,0.995393151694241,0.995403932186538,0.9914054598632354,0.9247663868689913,0.902820560013737,0.9413193964630525,0.941187388727991,0.919988898565414,0.8939495355883431,0.9336912183458254,0.8960666339522694,0.9244616168912887,0.8938391921328307,0.9598997740528419,0.9598877221949164,0.9734295184272285,0.9854792941623486,0.9835658684969848,0.9849544796771837,0.9793720445716864,0.9819827826434675,0.9806861277408122,0.9805710589979008,0.9444044614908363,0.9636556866486511,0.9375667286722523,0.937383634960737,0.8700730892658968,0.9818721702539027,0.9830647848121092,0.9832451121738582,0.9828286163363985,0.9548577690901296,0.8072455997081599,0.7730948093399794,0.8584577482392838,0.9116654147534218,0.8727906881448291,0.89268467463145,0.8916679940974291,0.7732622208366978,-0.1375650417186269,0.9715503574399295,0.974272903386206,0.9712306678210312,0.9839686221761044,0.967680507033419,0.9739645913592604,0.9733274043198905,0.9315099123017565,0.9753084302750606,0.9334832619771669,0.7395040867811775,0.920024558288756,0.9191989892316913,0.577557852710305,0.8554238241111851,0.8593321421614627,0.7621403383417756,0.968962401082258,0.7360856500507544,-0.31409565805903344,0.2527111737685017,0.7620974496205707,0.7129855236645933,0.7550556658764344,0.9704643162716978,0.9704937925479121,0.20370855312415606,0.3757256596808431,0.21085652911532474,0.1825438391173488,0.20386256179969925,0.21703738778763504,0.214080262985388,0.13447024791214462,0.5574790827888485,0.2907940921105592,0.24072003437088607,-0.43537178545980343,-0.4842095461396105,0.7015702841781186,0.7612560144008876,0.7846318287248927,0.8485180613581675,0.8229325315205197,0.6015383754758837,0.7744817488256724,0.7793156055925341,0.7780586817893396,0.43974626994062965,0.24541584893279378],[0.9864525231689266,0.989983997853056,1.0,0.9877334833647133,0.9934681918271455,0.9914188077589752,0.989544723941601,0.990319260722445,0.9913307750998546,0.9929307949815422,0.9968656101773358,0.9960427218813553,0.9901698774390563,0.9922593613310102,0.9903726096206913,0.9898320663225768,0.9908149965938924,0.9899949505934393,0.9889936792231239,0.9889647835832867,0.9918217400849807,0.9901973243393423,0.9950948618561605,0.9853776071102678,0.9910891586568857,0.9825155651326922,0.9917245542670591,0.9877402257216739,0.9873463178518974,0.9626419976522937,0.9693027733168277,0.9736263560556373,0.9773578672162307,0.9569186966508031,0.9869394431244782,0.9900306855985851,0.9884145847292153,0.9919571835866169,0.9947020363952226,0.9908352075063642,0.9849375185715178,0.9878721706339698,0.9873104744780142,0.9866904678824183,0.9927164157992192,0.9208861848404762,0.9389562301274957,0.9504021458402953,0.9338735185863131,0.8819307967454642,0.9226806938224883,0.9084855480485116,0.9254747346844284,0.9328163264054175,0.9166426215406588,0.9507900057806093,0.9603824055050234,0.9683293144000987,0.97736703502288,0.9444692952598222,0.9671053336549407,0.9666630699383325,0.9728763579688113,0.9668966477187476,0.9432119249326195,0.9255640452614878,0.9512991455722445,0.9419172531072796,0.9242617751296432,0.8997170065256911,0.9733932930406894,0.9535866885708533,0.9663573404811474,0.9464158656297833,0.8443760697332962,0.8647263882927739,0.7831699944853384,0.8812878080444783,0.90373443852731,0.9058278517822191,0.873266392989048,0.8875139919230374,0.44937412499594404,-0.5258342861539081,0.9638423981594524,0.9515819291891725,0.9514200742833829,0.9444376873686054,0.9584052098812432,0.9663516886285002,0.9659930338952744,0.9345244752476494,0.9621562962169874,0.8884849852231776,0.7886864112838128,0.9569732545631944,0.9554080974893685,0.8052876019317576,0.9440631301843563,0.9456032623391741,0.8760107065143029,0.9809073059567266,0.7759531709705988,0.4838803800614538,0.6744306293204462,0.7984920666127374,0.8011818245871288,0.7795135837861932,0.9829354781862126,0.9829365818229352,0.7212483055454754,0.7042009803754552,0.7114001721384482,0.41168220617944945,0.7105830270220217,0.716854496515299,0.7254373580688988,0.7167762672012357,0.7592069303869632,0.693810446094265,0.6773279682834984,-0.34763874249038695,-0.48807915885268266,0.670598531103244,0.8539548726412746,0.8779963341506052,0.8871244131096566,0.878046871828207,0.763789518453462,0.8582315833332066,0.8676993659299307,0.8744751254877079,0.7353514950802547,-0.06173884097328119],[0.9999340275398975,0.999856637991068,0.9877334833647133,1.0,0.9994072566238208,0.9847324546141523,0.9980893264057998,0.996717629755063,0.9731347860136808,0.9969630087919296,0.995343193072217,0.9948360195262598,0.9967969257379995,0.9969136738660334,0.9967590866879101,0.9979872070805879,0.9983700540104995,0.9985770543817517,0.9972137787664352,0.9972231054994753,0.9972210736781213,0.9967709580812695,0.9895203837811625,0.9747998348568824,0.9916331046748345,0.9624688153163906,0.9908759696974372,0.9888393179947242,0.9728695092696226,0.9582063117618937,0.9917408106582886,0.9934078076250143,0.9927797045217492,0.9787406368578184,0.9978545940115131,0.9980885433171022,0.9978194056133355,0.9969289370755545,0.996046568565222,0.9980094888052107,0.9985557452671537,0.998766266854671,0.9978304239559912,0.9978376113320997,0.9797217837070361,0.9218259799326629,0.952689287147206,0.9413792223147197,0.9391591970574772,0.9141968660121471,0.9615211187331189,0.9485998658347966,0.9632757126645229,0.9664414714433137,0.9551733321315122,0.9828216668000525,0.9812350797157261,0.990321373035923,0.994076841736324,0.9863824330322268,0.981739022042269,0.9871552980250472,0.9862532044923101,0.9876248343863051,0.9874917765539176,0.9482581285138487,0.9751815503053146,0.9755496542353256,0.9753107367019237,0.9410761464796509,0.981815197841818,0.9766312754489624,0.9848854301622694,0.9842257045874604,0.9248283153820367,0.8991081022308517,0.8670190233663693,0.9135275201909923,0.9270917092945219,0.9271315185441849,0.9255845582494272,0.9244611571779761,0.6452625096479917,-0.5396516726939613,0.9803412337732966,0.9751112630698427,0.972573208774737,0.9870138832814623,0.9737391077430911,0.9840000785265065,0.983983384208236,0.9443645734428134,0.9841437458967788,0.9351374953218395,0.807202210742584,0.9251483131213434,0.9389209557738439,0.824844527697199,0.9571691341801867,0.9578724151180118,0.9024941339574145,0.9694580816670397,0.8894590370639981,0.5757572372051283,0.7278825409258766,0.8973256462008941,0.8698515531960244,0.8884434785764292,0.9769380758315788,0.9770987258077215,0.7885580962947835,0.7548460989370158,0.8178355181333478,0.46294780941341224,0.8026655013006987,0.8216843804258268,0.8167368439375856,0.8125924092345724,0.7970314322579871,0.7567649279840569,0.7413251645931096,-0.2849743000182688,-0.42948247270999973,0.7006479012094659,0.8896344857499223,0.9290513185314385,0.9394615930381366,0.9043016750114528,0.8267001740140434,0.907327731085504,0.9223396142998935,0.9222869421744985,0.8529736763668545,-0.1318964796893443],[0.9991814346978072,0.9983211669675858,0.9934681918271455,0.9994072566238208,1.0,0.9872300131122173,0.9989939661237678,0.9985523413656825,0.9846599702363626,0.9985511566481861,0.9981555264502486,0.9980824179028543,0.9985691971888989,0.9985824038461542,0.9985834511990256,0.9990605579034405,0.9988246482784252,0.9992422419095616,0.9988378021356606,0.9988393933328268,0.9986252306085346,0.9985699105134017,0.9949616433815428,0.9819882193754558,0.9951987508860753,0.9786747012218918,0.9952234008955048,0.9924244106951066,0.984712218246823,0.9613245138373393,0.9892662536337032,0.9919771814604178,0.9902754042047215,0.9715336740172348,0.9988411693043343,0.9989043241380751,0.9989307323800009,0.9986732291799144,0.9985729834461026,0.9988970755013681,0.9989180307877612,0.9991445391448448,0.9988584533806628,0.9988595039111984,0.9887228183746637,0.9308832586521802,0.9520628058649832,0.9484895611800976,0.939693846852685,0.9099235473447699,0.9503718922606208,0.9451003859907007,0.9546016810680735,0.9608663420895771,0.9493223368142552,0.9808887991667851,0.9808164920688277,0.9904834711595405,0.993969570572518,0.9827152474850521,0.9759019873750064,0.9819023011258229,0.9825785672486141,0.9822989074421079,0.9821358186291483,0.9460316050760649,0.9673107968315285,0.9608528521378841,0.9605762880629236,0.9147066954867586,0.9789921459625839,0.9753035107563855,0.9809746210083081,0.9802236792756168,0.9394074299907138,0.8811968032226118,0.8482582595588082,0.8999808879330132,0.9318147085679981,0.9182413190581538,0.9244716493754207,0.923557443832105,0.7803596659371625,-0.5395405662057763,0.9745342603153231,0.9652793472867612,0.9638089631001969,0.9835348145017164,0.96442078706601,0.9779192468798321,0.977599960215975,0.9362108721652778,0.9791551371496294,0.9380098013706598,0.7972171457056864,0.9381575553322947,0.9575380833460382,0.7929671096178025,0.9461211240760087,0.9474058831458575,0.8975810135012521,0.974044543537603,0.8917851096867835,0.41426895695544813,0.6742858220026261,0.8976458372869726,0.8513578033655965,0.8936809382904475,0.9802962496809051,0.9804226966903863,0.7563179940267358,0.7399248878321957,0.7601402736161783,0.44229888969269887,0.7175893291362667,0.7644821590339287,0.7602796666041174,0.7252601479486671,0.7852722389818522,0.7434206496243445,0.727115249823551,-0.48380589335282875,-0.5668001663238322,0.6956361696998596,0.8854256613276277,0.9168605165151482,0.9359097224470937,0.9033515621784094,0.8108565235191898,0.8994278186108711,0.9112291873580733,0.9107207112325245,0.7932639553008356,0.07875658957931844],[0.9836750596320691,0.9899150474538841,0.9914188077589752,0.9847324546141523,0.9872300131122173,1.0,0.9810683666491787,0.9823658800386734,0.9932183320315823,0.9817337945901337,0.9777654909980777,0.9768437791689296,0.9821906472889236,0.9826342198839741,0.9824329751764389,0.9819998607645567,0.9856506712492449,0.9829977313737029,0.9828679424142501,0.9828390212997095,0.9812191148845119,0.982290557575254,0.9940111988176233,0.9933540367239394,0.9835748837313812,0.9878246443568105,0.984053558916511,0.9745242841843008,0.9875628322365877,0.9740416698144956,0.959279279079293,0.9653626795710412,0.975264455762905,0.9662321854559678,0.9807974244778446,0.9812113370687936,0.9820671536683536,0.9830608646029787,0.9777007550850276,0.981601195661377,0.9799908222183356,0.9818421674884954,0.981036020752687,0.9810114692234214,0.9960188684098162,0.8834983957645893,0.9303299005774648,0.9284835266649804,0.9379821290359894,0.8974521964062744,0.9172849800255457,0.9116440907437344,0.920191457502297,0.9374023990462956,0.9173934062108212,0.9492393050968643,0.9553802088436183,0.9619814522705192,0.9685000531763842,0.9730626985134034,0.9887459910475861,0.9752880938644984,0.9860756740038014,0.9748969080079648,0.974376802781164,0.976700252111403,0.9729082877840652,0.9540663001034653,0.9535615810182028,0.9503844839636388,0.9848878813299812,0.9777157079592106,0.974094359548083,0.9728767128968905,0.9672817908245448,0.9062844322823759,0.8636669767699992,0.9215450479538178,0.9249011550176082,0.9343397529900291,0.9155194207358778,0.9134895413685166,0.7656255914253907,-0.4807249179486583,0.98331340952759,0.9848439641954291,0.9813399204338049,0.9738635166093687,0.9764805263018608,0.9819664521903051,0.9815896228294876,0.9696479222769019,0.9720061936398938,0.9692510696357661,0.8095831118853796,0.9008290759388892,0.9579019920510864,0.8386426122896344,0.9460389776076418,0.9470181766029693,0.8667057566956076,0.9592072716453354,0.8322161314095445,0.49599788265195144,0.6908596284064298,0.8420471712033211,0.8198536508984615,0.831913029723447,0.9590005555714348,0.9589828342191274,0.7410715260602448,0.7303785410064128,0.7505565980940361,0.46626046419478745,0.7476129490195593,0.7557239609894183,0.7494302287936555,0.7479971390073811,0.776142783442911,0.7150732134850689,0.7025587222517256,-0.31067739064061584,-0.44143399814312045,0.7070249374767411,0.8525097564467201,0.8668897805319759,0.8845051163493035,0.8615029336344283,0.7832517580166324,0.84648266715004,0.8592057365233112,0.8591079465892097,0.8018293586740488,-0.09017852779844275],[0.9978691978579125,0.9942066687770714,0.989544723941601,0.9980893264057998,0.9989939661237678,0.9810683666491787,1.0,0.9976323689037901,0.9571792692200873,0.9996296869110401,0.9995973910507531,0.9996253462185374,0.9984984469952107,0.9994966206242057,0.9992278494503506,0.9998938746708605,0.9967641713349549,0.999904605016716,0.9994147300457593,0.9994194926454819,0.9997275410990132,0.999363552463446,0.99086029452077,0.9752431014486018,0.9864798919416212,0.928826355418527,0.9939072038247626,0.9930125522348274,0.9753756255286824,0.9549193364265856,0.991681131946322,0.99214336502756,0.9938541011030139,0.9762443208490551,0.9990616577506988,0.9998612043320719,0.9997308588807864,0.9994984350509919,0.9997845355078786,0.9998471796680674,0.9985901023873086,0.9997508324413422,0.9994227791181388,0.9990974485258844,0.980183060414349,0.9377432917977189,0.9548213047970376,0.9525728067429289,0.94062016849437,0.9086694016551945,0.9585167379429388,0.94825460141317,0.9608828616915611,0.9641389669266764,0.9545862025546338,0.982310683089211,0.9821361478455211,0.9921940637376491,0.9964824526536329,0.9531198224903803,0.9628930614454195,0.9737915878661814,0.9740936351662286,0.9752641997207138,0.953069726984246,0.903696312085447,0.9578184018235396,0.9631103112160083,0.9447168819481494,0.8937442163897577,0.9691204512719737,0.9456456492655245,0.9703236620879652,0.95349461117529,0.8021033985605006,0.8729835688154012,0.8000066537690271,0.8865851766275065,0.9025976314336521,0.9068686833555355,0.887205959153099,0.8984937704038741,0.39549729965956415,-0.5748230604184519,0.9648696191215121,0.9502582088121502,0.9503526905695431,0.954548062731909,0.9599426170238433,0.9711262754590557,0.9712027472281793,0.923924770577391,0.9693100842182165,0.8595472948856194,0.7905860856283268,0.9385827233229527,0.9372923453399244,0.8114467952126689,0.9546356893047208,0.9554653505335989,0.9017425659467411,0.9735180199700953,0.8334273963631714,0.5721596107588095,0.7219208360832602,0.8576584977297493,0.8519072536354911,0.8391599334059571,0.9807159246548488,0.9809096973011494,0.7805982129241454,0.7375844837589404,0.7832747515782552,0.43572909202716503,0.7823404317292786,0.7966267147572351,0.7886777217539718,0.7955575070790774,0.7828342131811223,0.7500772316354578,0.7327949827282346,-0.2980964924325682,-0.4503126793237708,0.7086759879522933,0.8906079919607336,0.9222352408557016,0.940950204337586,0.9103967725422453,0.8287797207276085,0.9096046619852365,0.927173712102833,0.9257690155515397,0.7788526343521437,-0.10284451170214948],[0.9963296370916684,0.9919089973153875,0.990319260722445,0.996717629755063,0.9985523413656825,0.9823658800386734,0.9976323689037901,1.0,0.9677821772814866,0.9999998350441157,0.999999342580364,0.9997741408701102,0.9999970880621678,0.9999930615914614,0.9999983204812811,0.9993562572474955,0.9918360253165683,0.9994840822848001,0.9999119609691758,0.9999117238202433,0.9999664405459897,0.999998815469685,0.9913919072366533,0.9769657663200801,0.9931940218733023,0.9427084250401995,0.9943979601799758,0.9914575005449026,0.9775611389872179,0.9544640540882291,0.9880451044736445,0.9939328101575509,0.9924989163743253,0.9734381675985802,0.9994830225406137,0.9995890353207668,0.9996882594649559,0.9997539288487175,0.9992824047242327,0.9995281900818301,0.9982968601255037,0.9988919901569953,0.9995549559104684,0.9994262613063406,0.9819423457253935,0.9376170347005841,0.9523732956041572,0.9561042621396889,0.939932953052478,0.899422185751582,0.9567511716813238,0.9439340649913005,0.9587842735637455,0.9588486571694997,0.9488635232877132,0.9803331481197428,0.9793743765139175,0.9912249450878777,0.9968943051055246,0.9487243846699082,0.9597465673427724,0.9685045166019571,0.971693175039067,0.9703228193345247,0.9516178927700889,0.89819580559185,0.9540247542755902,0.957398329369717,0.9399916871262781,0.8843544987400299,0.9669859840346997,0.9403445681979673,0.9656650039263861,0.9494099959941065,0.7917137746178924,0.8666226945723117,0.796153163097005,0.880190305428221,0.8965842704862241,0.9032778513299788,0.8834002392477466,0.8926496894169759,0.38002527119956975,-0.5781713796981026,0.961607470176067,0.945466940445494,0.9457085083636616,0.9528158845434732,0.9565207925807374,0.9679359126532165,0.9680002465191094,0.9207573601802935,0.9636198298859892,0.8510125507175077,0.7881197399930999,0.9505913826146409,0.9473416518850898,0.8088492095367568,0.9545985122473898,0.9555746312648765,0.8992441200807828,0.9771881512245875,0.8359093063709068,0.557780033133976,0.713500902950581,0.8582815974830543,0.8486638228533618,0.8409117281552722,0.9829676931458993,0.9831586035119377,0.772007287685311,0.7305086970273414,0.784192082279133,0.4243737137569165,0.7772459590586692,0.7919686420636289,0.7887463141312965,0.7899485625419149,0.7771067662280275,0.7445147216666732,0.7267079417289797,-0.3131505836055742,-0.46426613319555154,0.6967610893098439,0.8834077494061147,0.9195561989739667,0.9335398356153194,0.904820744432221,0.8184624114318015,0.903250115031702,0.9209016357207944,0.919746368301717,0.7606875083364454,-0.08605564604961803],[0.9710744138853148,0.987333736569782,0.9913307750998546,0.9731347860136808,0.9846599702363626,0.9932183320315823,0.9571792692200873,0.9677821772814866,1.0,0.9827869051135306,0.9873549388745301,0.9897948441754777,0.9714025681648102,0.9796992000399518,0.9762824395399151,0.9742874243973076,0.9502361614764342,0.9791560325934708,0.9769661481947504,0.9769027364517913,0.9812945624684144,0.9761122656936158,0.9938728406835144,0.9933029799233386,0.9803353477345509,0.9898925995126879,0.9834800632195263,0.9906473816398207,0.9907630700556801,0.9697799631650261,0.9275900722184995,0.9491971944527327,0.9662440636708061,0.9524273014235283,0.9707118993132016,0.9791955495340888,0.9757845053121673,0.9781389151564983,0.9882946711264218,0.9803546839820803,0.9669347706954874,0.9764487819417065,0.9715779690802043,0.9705376141148481,0.9990369673502325,0.9015996922553016,0.9238122379272563,0.95112825160989,0.9406162938853307,0.8784975710733309,0.8866417206036692,0.886621998619078,0.890673049753402,0.9168974641171966,0.8967020414138083,0.9296013894771586,0.9463368649143361,0.9516484159561419,0.9611327705776329,0.9074137467203008,0.9691065049034868,0.9487878329666819,0.967975181611295,0.9487845113331295,0.9062555957765963,0.9193768051611765,0.9464364870504203,0.9204901416173406,0.8854230797367424,0.8882126374779162,0.9695076319721798,0.9243119589144938,0.9465199588106114,0.9100403164462422,0.835330800304145,0.8603017255475631,0.743266865654225,0.8783489261793204,0.8870887663051861,0.9004828952208023,0.8497690875478802,0.8682161138648766,0.4316341465618988,-0.508068151576995,0.9598137034834339,0.9546829137785783,0.9523410062086565,0.9057014973500709,0.950652641875745,0.9580722539531676,0.9575496553416766,0.9395503503632251,0.9437152825031179,0.8797401620256367,0.7946401830128187,0.9428572066977775,0.962983172955975,0.8145219416099635,0.937596142099546,0.939110380313174,0.8539022835535836,0.9686222678835357,0.7422595216605627,0.44615108548696597,0.6556725886863248,0.7753382847207092,0.777938773922908,0.7535289327030953,0.967973196117402,0.9679226359570141,0.7024318641523998,0.6941016624185959,0.6767679644912288,0.41923300246329454,0.6923137119085668,0.6946879734182966,0.6757732572228836,0.694860422920211,0.7520473402347325,0.6873539915786093,0.6721965217441891,-0.35311637710156957,-0.48981381449005096,0.707338291011386,0.8383238848633069,0.831017204683462,0.8616427605410155,0.8571024562632787,0.7554522450967742,0.8142279482183019,0.8368875803011359,0.8306900297875947,0.7073058949657385,-0.021920808872520337],[0.9965298154987355,0.9919165627606906,0.9929307949815422,0.9969630087919296,0.9985511566481861,0.9817337945901337,0.9996296869110401,0.9999998350441157,0.9827869051135306,1.0,0.9999991539602366,0.9997786423377404,0.9999985320522078,0.9999919813133311,0.9999978602587786,0.9996971558757041,0.9979452898080259,0.9994825845115552,0.9998883318249371,0.9998883080004387,0.9999783994909296,0.9999993478799533,0.9939202474779197,0.9786822463223093,0.9963638621389505,0.9747698662627485,0.9964490560268711,0.9914607830334691,0.9818917077515134,0.9558091779317659,0.9898654258326562,0.9938686155590679,0.9902135309309569,0.970304525353374,0.9995182963009462,0.9995830547577266,0.9995962693794032,0.9998401527361616,0.9992941921288145,0.9995355971662485,0.9985283652535571,0.9989372711314047,0.9995250351719414,0.9995205667831218,0.9863439250507314,0.9375747677359849,0.9524049354631562,0.956093052137352,0.9400223171754126,0.8995366690461273,0.9485470164900833,0.9395206174756687,0.9521912494842903,0.957173905967928,0.9471172292264433,0.9795813992822512,0.9794071377312797,0.9917816339082416,0.996731207138687,0.9731696281843281,0.9597037214636813,0.9722900970938622,0.9716621893692973,0.9728271250099518,0.9726148920362517,0.9335643109932883,0.9539912159286652,0.9514142712397097,0.9511322983007907,0.9030180430775262,0.9669277186620515,0.9657886262356931,0.9715902125373299,0.9706689939874842,0.9257997288137507,0.8666506154726491,0.8281317606197056,0.880056529001168,0.9152712045682023,0.9038136794755219,0.9091143146484646,0.908357726352701,0.7357623059134126,-0.580653206397365,0.9615814459803774,0.9454486436439019,0.9457035838649112,0.9741809892347714,0.9518641832723542,0.9676270290335564,0.9672830330719538,0.9214136686128426,0.9690707658353989,0.9234824757721658,0.788118803016769,0.950426858372743,0.9586159958869933,0.7940586074091002,0.9487027011547964,0.9498628678976375,0.8993163788099758,0.9764457192422809,0.8997646620784674,0.4555038427279478,0.6912815005672457,0.9055820465688398,0.8593771723743155,0.9016037796768384,0.982940228658971,0.9831470913975233,0.7720759165584005,0.7303482180679856,0.7752396003359295,0.4244806903425704,0.7336695488236618,0.7798070129814091,0.7753956510463508,0.7432883090620497,0.7769349972838161,0.7445066410976097,0.7266931676375206,-0.5283395511533778,-0.6116795881549427,0.6966874970374183,0.8835017377207165,0.9199872914564444,0.9381792690966886,0.9049171619950973,0.8153562580237845,0.9004944329637856,0.9139439207247014,0.9133872614348878,0.805616503264295,0.1407373487212702],[0.9946714870771614,0.9919429390641848,0.9968656101773358,0.995343193072217,0.9981555264502486,0.9777654909980777,0.9995973910507531,0.999999342580364,0.9873549388745301,0.9999991539602366,1.0,0.9997779109577087,0.9999963950506838,0.9999949824534734,0.9999983848432469,0.9996832406424436,0.9976622884634214,0.9992400320887944,0.9997948082407762,0.9997948410863052,0.9999984581549823,0.9999984170246418,0.9933191955464445,0.97488297616831,0.9954632578460697,0.9828274138716401,0.996036927030715,0.9914732614363168,0.984117990096268,0.9488137902141011,0.9892224316418763,0.9934635509589652,0.9842835701134038,0.9466930894415415,0.9993139786637049,0.9993672157748493,0.9993103797305309,0.999899008363199,0.9992784253608882,0.9993203239061935,0.9980220630115401,0.9985690644789531,0.9992900863484472,0.999287910969419,0.9887109976147174,0.9373012560119561,0.921094798966805,0.956052040079795,0.9399503797816299,0.8992573391895784,0.9199786182847919,0.9108872034188377,0.9242355355430233,0.9326873972822053,0.9184683725213669,0.9724621925291139,0.9724393506738894,0.9908002730667432,0.9953464141290688,0.9653980849419166,0.9598368982026666,0.9599223915824185,0.962573392987437,0.9611800115012498,0.9609149459137534,0.9097478170493866,0.9436770452023981,0.9173824575186103,0.916909969653321,0.8361092245777807,0.9649726972109143,0.9701948124608355,0.9668077197368257,0.9657109340410696,0.9185812266609956,0.8045043832933724,0.7690384095586922,0.8450562773745609,0.8961511264894529,0.866538279540418,0.8812939032542518,0.8800464415193061,0.7378199221645667,-0.38123046909172187,0.9492435649040526,0.9455997930448641,0.9458147672136568,0.9664766828047144,0.9382956958513106,0.951815395824492,0.9511452798926473,0.8944729706519828,0.9543632269674441,0.8985926560489265,0.7882826546041699,0.9507263366785842,0.9627576021391735,0.6928278496649536,0.9105056525999874,0.9130618884651621,0.8577069647189051,0.9855317529871389,0.8456110016426904,0.11275010737740952,0.5453405329963272,0.8575895155147186,0.8254821202659042,0.8524817949278416,0.9862628568563554,0.9862827820265192,0.5390246386813117,0.6466317251440473,0.5462255377606423,0.42442239686213756,0.5143366437769926,0.5565744363252765,0.5472339173240334,0.485578348333013,0.7661158033730291,0.6157243696020104,0.5776150061598327,-0.4892165389198793,-0.5478719963189007,0.6961555034362896,0.863733598364168,0.8761385234139483,0.9093017314546845,0.8987544173093174,0.6862816190167631,0.8519006483259619,0.8694482728763054,0.8686861131538335,0.6213393342343247,0.09192891048448362],[0.9939614017934393,0.9932977730251574,0.9960427218813553,0.9948360195262598,0.9980824179028543,0.9768437791689296,0.9996253462185374,0.9997741408701102,0.9897948441754777,0.9997786423377404,0.9997779109577087,1.0,0.999791515258834,0.9997777169042499,0.9997833526719777,0.9996828529984592,0.9982822086037789,0.999430696879997,0.9999716525594634,0.99997140417383,0.9997825966537386,0.9997876302520591,0.9929678869875965,0.9720264565423542,0.9943565834027398,0.9836677994985581,0.995116650415222,0.993830400660424,0.9805445478973459,0.9308006594845053,0.9918441638686586,0.9945205291672621,0.9800464066427187,0.9291262885805452,0.999444662282494,0.999489755384298,0.9994528134755404,0.9996076804762889,0.9996305111850353,0.9994681687639313,0.9979128126719828,0.99860372926795,0.9994321556652397,0.9994291168297794,0.9900555997499377,0.9330561557006075,0.9086383518050153,0.9531179842015867,0.938604875604785,0.8991785104913816,0.887176918811257,0.923265931480635,0.8905524214647507,0.9108043315756283,0.8855485777073464,0.9610454294192726,0.9610315818627182,0.9822873826323952,0.9949130599917867,0.964057145084214,0.9643148286932562,0.9550168760016537,0.9601922430784328,0.9573612352852273,0.9571547046048255,0.9094805481725861,0.9342585525838789,0.9013476938372194,0.9010922829818281,0.8198209689215394,0.9639699464320609,0.9659298149439307,0.9659504841511335,0.9652960768138173,0.9253263255441765,0.7588158002821941,0.7211086772210721,0.8133273821661754,0.8755581187924111,0.8332229711339658,0.8551842618182015,0.8543967834131238,0.720406734151556,-0.258266599417374,0.9432257661194229,0.9477419250341919,0.9428253894602193,0.964751553941948,0.9380046761028383,0.9465614098269034,0.9456757328287125,0.8923886931331122,0.9487084294861884,0.8952900793887398,0.743825114563279,0.9483314148826304,0.9423527936546306,0.5741864571634766,0.8586209719421241,0.8629028029124858,0.7586131828639232,0.9796766855713428,0.7352394748279576,-0.25506322917829016,0.2879317804482618,0.7584932078742894,0.7149842674967763,0.7523492474617092,0.9807854148147793,0.9808782439354763,0.2378877446894831,0.39568307479717685,0.24345981214724347,0.21542634688729145,0.23532324784239522,0.25061642893731945,0.2482582065904486,0.16492194410680208,0.5753049663562861,0.31180399328857483,0.2600578092354035,-0.501835975529564,-0.5494852080745518,0.696548355019617,0.7643719917119919,0.7875748284873461,0.8518616196953813,0.8309857697219817,0.5913937676834174,0.772810061657208,0.7825122011957505,0.7813534802918055,0.4429655708829429,0.2809604450755782],[0.9964256909089365,0.9920080687369266,0.9901698774390563,0.9967969257379995,0.9985691971888989,0.9821906472889236,0.9984984469952107,0.9999970880621678,0.9714025681648102,0.9999985320522078,0.9999963950506838,0.999791515258834,1.0,0.9999914668668292,0.9999976893091255,0.9994017672176347,0.9934522481766211,0.9995222300285688,0.9999213514306239,0.9999212559329184,0.9999733233552054,0.999998985790583,0.9912722655156735,0.9767724559418447,0.9938399779658119,0.9475919361441664,0.9943499866447844,0.991564631083252,0.9773627972876187,0.9544090945859347,0.9889548150300254,0.9940179115507787,0.9925813158576439,0.9735631827438479,0.9995257722020319,0.9996278094906174,0.9997181248940967,0.9997526374095094,0.9993380358816398,0.999568067574885,0.9983816178495301,0.9989568122595097,0.9995975276939649,0.9994695990726725,0.98169560577881,0.9378687542943182,0.9525327901270105,0.9560197150220671,0.9399882011027447,0.9000009486536356,0.95710803312161,0.9443198539326432,0.959143668107109,0.959176287542465,0.9492543692270489,0.980586216700728,0.9795593316156761,0.9913584028499148,0.9969780445556066,0.9489694209214504,0.9597524908263323,0.9686761370238711,0.9717302386286517,0.9704930418653461,0.9518160742461603,0.8981310478704871,0.9541496032465756,0.9576871254943868,0.9403352019222644,0.8844950129842724,0.9669813726424551,0.9404736253499171,0.9658053460915114,0.9496376492831373,0.791611166832021,0.8668642395655252,0.7965836562772631,0.8804172228613985,0.8967824329751618,0.9033897471069829,0.8837038007438103,0.8929443881797263,0.3801179923896455,-0.5782660891230931,0.9616793702617691,0.9455644137081113,0.9458027626458987,0.9530141873315957,0.9565936959200629,0.968028954788409,0.9680955710723962,0.9207132636875446,0.9638110162150773,0.8509877812392715,0.7881658567492124,0.9500469319140983,0.9468435481935654,0.8088640355394618,0.9545978812080693,0.95556551831507,0.8995862291353655,0.9770493349715413,0.8364103899316079,0.558892247515778,0.7141474813953848,0.8587667073282315,0.8491983128332609,0.8414041629983785,0.9829075337259351,0.9830992335374859,0.7726168934604521,0.7310043048692483,0.7848126954094966,0.42497680872598637,0.7779126009629768,0.7926654926572242,0.7893814695443381,0.7906600737990904,0.7774395663507933,0.7449667876130144,0.7271744259103137,-0.3122407614739569,-0.4634637861041723,0.6971481421516071,0.8839315994292898,0.9200419792726998,0.93408027466995,0.905308124478509,0.8190279258214747,0.9038404459913159,0.9214947787924089,0.9203301141669827,0.7613719655474218,-0.08710232976650631],[0.9964579104275815,0.991911393286264,0.9922593613310102,0.9969136738660334,0.9985824038461542,0.9826342198839741,0.9994966206242057,0.9999930615914614,0.9796992000399518,0.9999919813133311,0.9999949824534734,0.9997777169042499,0.9999914668668292,1.0,0.999995283849285,0.9995861789959637,0.9979023715540076,0.9994822662165967,0.999907221506244,0.9999062504622732,0.9999558487952825,0.9999917945076322,0.9931568512947463,0.9771794018348352,0.9960855008001684,0.9688301410442015,0.995875724271066,0.9914440215904384,0.9778170742631139,0.9546171214185827,0.989348063732499,0.9940911944101064,0.9918994364625356,0.9731571598120116,0.9995066700588033,0.9995821418850389,0.9996396732577122,0.9998925737360856,0.9993040346189033,0.9995185182793499,0.9982572124589979,0.9988822710470198,0.9995270300874428,0.99952040615173,0.9842203662489557,0.9377226896260926,0.9523167619322531,0.9560570069980001,0.9399924799459891,0.8995316126376918,0.952201836002058,0.937622198396461,0.9545144045588384,0.958585142907363,0.9485487636139138,0.979177476438726,0.9792455179391463,0.9906745181180255,0.9969733805391666,0.9740547807156952,0.9594567103889654,0.9735521115374026,0.9716751071290614,0.9744965946507708,0.97428005260742,0.9427043845040217,0.9537355160104327,0.9564966802771231,0.9562048784405034,0.9196528161562842,0.9669554141299073,0.9687177447054363,0.9735418407845295,0.9725377555157356,0.934184452008733,0.8664164378307605,0.8333905631857602,0.8798888195062842,0.9070802730758994,0.903152871529778,0.9038678499727731,0.9028015111388872,0.7138637010374853,-0.5783438951530061,0.9616073078295694,0.9453084271759301,0.9454429370348604,0.9750827318769533,0.9566059901391046,0.9679458012554694,0.9680246012173344,0.9207665382092696,0.9693712745245402,0.9319370758501359,0.7880504209689666,0.9502164462353179,0.9517644973617748,0.8082597034981059,0.9544760668199187,0.9554242670436673,0.8991922059709391,0.9774000710916992,0.8861487806202543,0.5580155370604306,0.7130569048603657,0.8940121372042633,0.8625305341042668,0.8850654214335538,0.983178550621326,0.9833825985933559,0.7712240414598449,0.729861346450131,0.8045654152876848,0.4245073522208911,0.7844918296460158,0.8089355312730167,0.8034700044863439,0.7909357248406909,0.777035889644725,0.7432541421318786,0.7254836215070597,-0.40216532369905245,-0.5244138286867325,0.6961597706363241,0.8835000453319052,0.9164521478021845,0.9296169751566139,0.9052436177203089,0.8175958657582514,0.8919543065889063,0.9096470928564199,0.909212539889452,0.8407933840888651,-0.05357287673587411],[0.9963715785872205,0.9919673153100249,0.9903726096206913,0.9967590866879101,0.9985834511990256,0.9824329751764389,0.9992278494503506,0.9999983204812811,0.9762824395399151,0.9999978602587786,0.9999983848432469,0.9997833526719777,0.9999976893091255,0.999995283849285,1.0,0.9994881342586036,0.9972065043478383,0.9994990255466905,0.9999146565193848,0.9999141177845651,0.9999673581416982,0.9999977024366616,0.9914347448288366,0.9770277616391408,0.9954567969874584,0.9605761223004706,0.9952627795524766,0.9915235799147072,0.9776134703544908,0.9546241597017081,0.9914223473855207,0.9942766536712045,0.9924509488349398,0.973355919379892,0.9994939668009757,0.9995900291964618,0.9996949777408293,0.9997685061635114,0.9993077054912091,0.9995255074040592,0.9983204332015434,0.9989071373473252,0.999564310206558,0.9994381345477511,0.9819429558905458,0.9376831778426797,0.9523915804646544,0.956078430051278,0.9399852890880829,0.8996731536276961,0.956826017114562,0.9440594596220285,0.9588892686473639,0.9588019033790143,0.9487834062961636,0.9803561482667508,0.9793216873949459,0.9911967840777768,0.9968597514752907,0.9489997863788422,0.9597978559311139,0.9686602266234604,0.9717737661775009,0.9704653886423382,0.9514406002991752,0.8983934156173723,0.9539501683687907,0.9574602920041009,0.9401891484392448,0.8844801894399655,0.9671218506188011,0.9406654172816986,0.9658548997800358,0.9496990810375058,0.7920339742554326,0.8666321125373426,0.7963997594850051,0.8802385345766843,0.8967440189336211,0.9032894278098151,0.8835439645695252,0.8928084659463461,0.3803664675977659,-0.5778732283963837,0.9616951008572089,0.9455568956265975,0.9457950856393939,0.9516841616214682,0.9566860719354081,0.9680174043122421,0.9680789959376832,0.920941732811145,0.9637765648801799,0.8512575231031264,0.7881346421482187,0.9503305655794659,0.9472526960327853,0.8088599680193783,0.9545335739880734,0.9555132823675309,0.8990677898339658,0.9772041597988746,0.8359363294434037,0.5576031962037714,0.7133899558410876,0.8582870261631217,0.8487794769670922,0.8409352096378206,0.9830031338536858,0.9831913194558043,0.7716340725312508,0.7301904210569357,0.7841700816078268,0.42460523194350125,0.7772226193856269,0.7918891954209917,0.7888945002934716,0.7898506628573323,0.7770313545089025,0.7438077329726102,0.7260345215213974,-0.31296995712059883,-0.4640815847133176,0.6969641868887017,0.8833187273829989,0.9196726245841447,0.933575708696724,0.9048631520681277,0.8182632863173573,0.9034423085158423,0.9209319144037801,0.9198907062426334,0.7607751784271758,-0.08631463545736474],[0.9977397616954921,0.9939995269575105,0.9898320663225768,0.9979872070805879,0.9990605579034405,0.9819998607645567,0.9998938746708605,0.9993562572474955,0.9742874243973076,0.9996971558757041,0.9996832406424436,0.9996828529984592,0.9994017672176347,0.9995861789959637,0.9994881342586036,1.0,0.9984778623846118,0.9998583212660986,0.9995716735738455,0.9995762046091858,0.9997807780598492,0.9995588809923325,0.9910778234010469,0.9759920240536185,0.9941635950207132,0.9533777054310617,0.9938274558525808,0.9928932507277382,0.9758515198081277,0.9551729153333538,0.9918242361607397,0.9927548558627777,0.9933026580238555,0.9754083104995738,0.9992979910400082,0.9997430623211967,0.9997299301117001,0.9995903162741893,0.9996287117794643,0.9997004033326716,0.9988845257370095,0.9996037465738759,0.9995266941921478,0.9992960415636338,0.9805766126906746,0.9363892222088135,0.9544131675506555,0.953477789969923,0.9410009342795135,0.9060024294781265,0.9588123136741988,0.9484246310394383,0.9611525421727347,0.9627576100799715,0.9528272602433149,0.9822697940524843,0.9812784296701034,0.9921137530620946,0.9964014827932561,0.953414604995622,0.9633587869540238,0.9734012831617961,0.974269842715222,0.9749523503404897,0.9541968631098042,0.9036038735223844,0.9572819086330151,0.9625217366249303,0.9449561421745825,0.8923618507551416,0.9695768923528354,0.9454709568884402,0.9700797366536591,0.9539409233590308,0.8002452890199391,0.8719509607871244,0.8007577236452104,0.885527421808541,0.9016416932711532,0.9060084802088646,0.8872343727662991,0.8979049305257443,0.391811512724257,-0.5746783992785625,0.9649059159738068,0.9502800579475392,0.9503514996192742,0.955661551314376,0.9603592844841394,0.9710811433711364,0.9711412671954867,0.9248523861512129,0.9687788693729806,0.8585128185402073,0.7899203868400624,0.9417951672072773,0.939722507362982,0.8113153763482174,0.9545934434738401,0.9554250244055033,0.8992283840039735,0.9739083939118548,0.8352123260744239,0.5673331012520425,0.7184217962134574,0.858338