var config = { responsive: true }

var correlationClose = {"data": [{"type": "heatmap", "z": [[1.0, 0.9999843385749154, 0.9771183978800754, 0.9996905616263503, 0.9972499823826511, 1.0, 0.9900955592783975, 0.9853172884361456, 0.9906838012596773, 0.9726902524702368, 0.9792930539261295, 0.9901434036416932, 0.990304379582045, 0.9902137025208878, 0.9902677370543171, 0.9931574613384602, 0.9933780704021519, 0.9913098951395406, 0.9912968798009688, 0.9912711858685705, 0.9901329514343181, 0.9771268642923442, 0.9639013140051015, 0.9761370625019561, 0.9761103987618687, 0.9504350216524218, 0.952383998395888, 0.9431050817506599, 0.9898899974406878, 0.9898452749096415, 0.9857259571273478, 0.974072028806792, 0.9932700107668696, 0.9942061498657039, 0.9932880669748736, 0.9915107705411071, 0.9857823250715013, 0.9938837826749258, 0.9938347921240369, 0.9947689230476153, 0.9934785311949875, 0.9934657420209941, 0.9934785311949875, 0.8969051859843515, 0.6924675436045025, 0.8621059903914011, 0.8938624843484136, 0.8106459287515969, 0.9641884421960669, 0.9291800311155181, 0.9546775395375445, 0.9495740988299578, 0.9527975558838224, 0.9781339254421473, 0.9720729234863554, 0.907665476849829, 0.896931247334454, 0.9275274726463704, 0.8984202057046207, 0.9239321036566472, 0.9248200044033218, 0.9239321036566472, 0.8297872604385582, 0.9021715379127149, 0.9033755042563087, 0.9021715379127149, 0.8829261864374375, 0.7092071957159441, 0.8594943470540926, 0.8613215363903896, 0.8594943470540926, 0.5994345396268882, 0.4865859285742814, 0.5740794685028767, 0.7273803132604183, 0.4624700299503365, 0.527090900939981, 0.5291225263037066, 0.527090900939981, -0.5980768112576988, 0.8701322063868338, 0.9006654996863808, 0.8823403463747054, 0.9092076611114164, 0.9341757293078661, 0.8683264760232758, 0.8697821166649945, 0.8683264760232758, 0.880968970130189, 0.880968970130189, -0.17387674689908889, 0.5103829349822318, 0.21366714749420915, -0.5147433983283759, -0.5439069701305655, -0.5477288267852912, 0.002610073460492545, 0.03292676998214902, 0.28649077915932053, 0.19352969486347596, 0.11525740947218781, 0.08991582991168533, 0.11685465006369562, -0.17611318844167534, 0.10198516593575066, 0.1022110944467275, -0.5168401639398676, -0.4126292341312405, -0.17559980580107318, -0.4584279925741694, -0.34144728291162507, -0.3165840456774834, -0.30711134574423626, -0.3165840456774834, -0.16647156776408756, -0.22136036900113318, -0.22136036900113318, -0.5240211900930913, -0.5240211900930913, 0.3990471401558795, 0.6688973869202072, 0.8785239651539979, 0.8564479656357051, 0.7958610760856308, 0.6765828313754324, 0.7765173381112388, 0.8174723082982959, 0.8176858942141723, 0.8174723082982959], [0.9999843385749154, 1.0, 0.9641456248685094, 0.9991140086158244, 0.9927259351230114, 0.9999843385749153, 0.9745111639445113, 0.9639752144513646, 0.9742399082634104, 0.95482997785947, 0.9767040369631507, 0.9745642443819792, 0.9745157622228586, 0.9743072524064315, 0.9734260040222523, 0.9832242198256641, 0.9817088109021277, 0.9807698227896577, 0.9807351985021445, 0.9746432303146776, 0.9746314677738306, 0.9796492906595816, 0.9637955262991826, 0.9664826239243506, 0.9665678609845038, 0.9507866346150139, 0.9715648085912785, 0.9240764581543648, 0.973699127885504, 0.9737536112482215, 0.9702016850307917, 0.9161678244854171, 0.9857081610791112, 0.9858181111581726, 0.9866953791625684, 0.9772518908203939, 0.9838006784510892, 0.9856973562795369, 0.9864425010448677, 0.9862146821628665, 0.9868285384827079, 0.9868026775119946, 0.9868285384827079, 0.8970934951436905, 0.6056595474447976, 0.8630343817141545, 0.8947933982369883, 0.809849090730033, 0.8635666757492133, 0.8821352972413673, 0.8535627091293527, 0.8708249834781276, 0.8598659478390281, 0.937625669964831, 0.9376843513957449, 0.910568808853265, 0.9221209188940798, 0.8962484649827623, 0.8959330001209261, 0.9038446536446132, 0.9046992477636159, 0.9038446536446132, 0.7481608897709173, 0.7091949531750916, 0.7112628854610271, 0.7091949531750916, 0.9155392291745218, 0.9214891252792901, 0.9152039215135332, 0.9166327533304778, 0.9152039215135332, 0.40909226066466936, 0.35373647850730083, 0.47624005367115846, 0.5762898260193311, 0.4521591158678673, 0.49838175676692986, 0.4997062183451072, 0.49838175676692986, -0.19543528894708354, 0.8472299773833222, 0.8877920105387113, 0.8724256483215657, 0.9185965660056621, 0.9201932967485599, 0.8401879229342162, 0.8406544869731939, 0.8401879229342162, 0.8526932990987546, 0.8526932990987546, -0.2817694695771551, 0.5101612686360004, -0.3751707081001411, -0.45674188847627367, -0.45680396815829544, -0.4603263563389534, -0.2654825975912256, 0.2045870671702509, -0.1828151112646635, -0.3412845849280312, -0.19404348419111905, -0.24862124307755776, -0.27303786433091704, -0.3015586873981405, 0.07596198596778478, 0.070568481242094, -0.4701352953307121, -0.42170597390578707, -0.44951053003953645, -0.47939444717422197, -0.47184310421156794, -0.45259978372648696, -0.45581193148691584, -0.45259978372648696, -0.3517760643959593, -0.4786401273539297, -0.4786401273539297, -0.45815372917254976, -0.45815372917254976, 0.39858947302946407, 0.43770508654383344, 0.528939302650993, 0.6119377399880787, 0.5890530161801781, 0.26585494959569667, 0.40591380216482453, 0.4019089301941648, 0.40203002513611286, 0.4019089301941648], [0.9771183978800754, 0.9641456248685094, 1.0, 0.9811775206893903, 0.9908908479554378, 0.9771183978800755, 0.9852988698053577, 0.9833760950262204, 0.9922460267929608, 0.9341140453622553, 0.9963174560129942, 0.9852493278057555, 0.9827409417959025, 0.9850137840332307, 0.9849094714814228, 0.988065562286396, 0.9891030019387338, 0.9827218857995691, 0.9827044177677259, 0.9907641880612108, 0.985156586902016, 0.9905022688749285, 0.9789241930748953, 0.9827116063042152, 0.9827282716142535, 0.9796803343595988, 0.9771892591181712, 0.9460119291513507, 0.967012686126668, 0.9670813270008525, 0.9719080880124514, 0.9474136495558036, 0.981205788472883, 0.9877092996706334, 0.9795227279379835, 0.9825981277714508, 0.9934032698559989, 0.9896713811086058, 0.9793157386885463, 0.9867466925218425, 0.9808880786591229, 0.9801744958716856, 0.9808880786591229, 0.905566732312962, 0.6080201692790782, 0.9072365557146509, 0.8757910014929713, 0.6562187849055384, 0.9072908019745677, 0.8572350081704219, 0.8948503643835694, 0.8915536781305954, 0.8989303677399176, 0.929167327208822, 0.9387061571211979, 0.7398826245626954, 0.8009394870200336, 0.8156989478183735, 0.8366296601478528, 0.8079414673140871, 0.7767136038720417, 0.8079414673140871, 0.7216639891987091, 0.7631076221833274, 0.7630289825551123, 0.7631076221833274, 0.8289428316151772, 0.3954840444169094, 0.5870707665802458, 0.6570056974095195, 0.5870707665802458, 0.49317100059587876, 0.46269866667009624, 0.45758357409121536, 0.6176752111457398, 0.3959730395845029, 0.4259553556350305, 0.3925341069937162, 0.4259553556350305, -0.5892979165623754, 0.7953287058943956, 0.7750013035618513, 0.7767665879104964, 0.7544493065990293, 0.8819563694601404, 0.8011689583407452, 0.8037112527108629, 0.8011689583407452, 0.7454991761561124, 0.7454991761561124, -0.28249848538707145, 0.7047718040715139, 0.16498268827068385, -0.6104388973614095, -0.6355886930250292, -0.6384579745086026, -0.10991746957719649, -0.007627287531628829, 0.28325608925350937, 0.05913412736100989, 0.008346907628047054, 0.04128261950694066, 0.007302039271552825, -0.17252513782249754, 0.005206037480568423, 0.005136650673955621, -0.6071943961211765, -0.5265821664159284, -0.13166107433915925, -0.5821513524333812, -0.4386138015910513, -0.4025323229763249, -0.23392490809359728, -0.4025323229763249, -0.2915733730374788, -0.35760493544590205, -0.35760493544590205, -0.6267544117744973, -0.6267544117744973, 0.3137239267291933, 0.5735207801531542, 0.7845430710186256, 0.7632137909608253, 0.7321194587064023, 0.5692321174492424, 0.7101279622398898, 0.7173258399449204, 0.7493525651631442, 0.7173258399449204], [0.9996905616263503, 0.9991140086158244, 0.9811775206893903, 1.0, 0.9984983686640082, 0.9996905616263501, 0.9918096377709563, 0.9875141291652169, 0.9928212780929191, 0.9704848445308379, 0.9851230906987531, 0.9918443934024097, 0.9919329392426306, 0.9918849794975306, 0.9919269028589314, 0.9947940326462941, 0.9949539950242936, 0.9927790320626214, 0.9927680302221298, 0.9931728047325162, 0.9918251606515903, 0.9805193570882745, 0.9670418855316445, 0.9792332302750636, 0.9792074779978672, 0.9635113243455407, 0.9569701682619033, 0.9444361904109392, 0.989814327047054, 0.9897804142381962, 0.986673554881664, 0.973502694950272, 0.9941601232804896, 0.995440759597012, 0.9941308262195795, 0.9927726086685786, 0.9901083962709494, 0.9953718892647371, 0.9945308767295581, 0.9959259577507584, 0.9942634856738424, 0.9942546671960422, 0.9942634856738424, 0.8962472491264994, 0.6798498170077122, 0.8720032141962799, 0.8888023792718591, 0.7870623952555872, 0.9583537443932317, 0.9212414895698664, 0.947855893688923, 0.9438832960319036, 0.9478340234440108, 0.973913165092565, 0.9693441549301349, 0.8812682403933417, 0.8861822912040593, 0.9111981440520053, 0.892454326352615, 0.9025340696764769, 0.9037633454883485, 0.9025340696764769, 0.818786305975454, 0.887868484960358, 0.8891973450572503, 0.887868484960358, 0.8774822359415082, 0.6362889731203378, 0.8112312355386562, 0.8131106774016733, 0.8112312355386562, 0.5885773941226, 0.4582475369752552, 0.5610269044753092, 0.7082241431450496, 0.4550941009180537, 0.49343388504403707, 0.49619696033404936, 0.49343388504403707, -0.599876249665757, 0.8623463538796218, 0.887743702936231, 0.8706127653899558, 0.880116722036168, 0.9298960251080299, 0.8617037245591234, 0.8633500738059454, 0.8617037245591234, 0.8568674386250592, 0.8568674386250592, -0.18097628186253673, 0.5419906545123105, 0.2184889869622339, -0.5234841661161939, -0.5522400535357308, -0.5559698158796138, -0.010336079035350589, 0.026696536137711297, 0.27914359769166225, 0.1808559752520478, 0.10437456724689174, 0.08306035675669049, 0.11054673106816539, -0.1843550493254953, 0.08988070215439056, 0.09015318233755408, -0.5248268440921448, -0.4243019910233712, -0.1776320331936369, -0.47200330211406993, -0.3441060014375297, -0.3186205558256638, -0.30970940565827676, -0.3186205558256638, -0.17661696132928137, -0.23214528294887285, -0.23214528294887285, -0.535625038857008, -0.535625038857008, 0.3826714216475132, 0.6566426252430921, 0.8711369013636011, 0.8490845396627208, 0.7885725373565584, 0.6678412576543343, 0.7678025748614272, 0.8090947934598955, 0.8093226240835264, 0.8090947934598955], [0.9972499823826511, 0.9927259351230114, 0.9908908479554378, 0.9984983686640082, 1.0, 0.9972499823826511, 0.9965174263413079, 0.9942904201159105, 0.9967003838450198, 0.9591236151685258, 0.9946736639095891, 0.996536553586429, 0.9966376053788152, 0.9965702830314522, 0.9965713634157584, 0.9976529346126298, 0.9972608836504999, 0.9971631154946757, 0.9971596063902818, 0.9965313132641513, 0.9965274860521224, 0.9929995958232238, 0.9796961557319759, 0.989584404415654, 0.9895362658991436, 0.9808231080667388, 0.9786563273660774, 0.9482555392689582, 0.9883570958028371, 0.9882925191172087, 0.9876803270667869, 0.9641924739169859, 0.9976635977270273, 0.9976094874346182, 0.9975151643431066, 0.997043831383196, 0.9969117295849391, 0.9978263970358947, 0.9979370286399087, 0.9976795384694905, 0.9976408090887879, 0.9976446157952406, 0.9976408090887879, 0.9129600699720786, 0.6417832654832907, 0.8975995133079734, 0.8911835530626199, 0.7496692502312875, 0.9374635876451135, 0.8939887123252053, 0.9261161943635592, 0.9290317857731586, 0.9363980513267821, 0.9672313318109118, 0.9673302905959656, 0.8715594395930419, 0.8599270559593953, 0.8926004771855902, 0.8751995111648995, 0.8904082793505136, 0.8909474203238495, 0.8904082793505136, 0.7851944724301518, 0.8236677997816327, 0.8252746243500831, 0.8236677997816327, 0.861958163293669, 0.741939738801276, 0.8413574639746276, 0.8425574774656106, 0.8413574639746276, 0.5356773132274075, 0.3963719119610616, 0.516719673524024, 0.693840905173815, 0.5101679078902727, 0.48617451683082374, 0.4864051252745202, 0.48617451683082374, -0.5881129907928832, 0.8383095341475678, 0.8512957820549856, 0.8384509770441033, 0.8826095152059125, 0.9022945132834127, 0.840674371911876, 0.8422672318643152, 0.840674371911876, 0.8493948374885008, 0.8493948374885008, -0.22745084266276902, 0.6106759545799624, 0.07398179868505488, -0.5811579360062953, -0.6146945595152532, -0.6151292521022771, -0.04847312581852935, 0.04691730964381274, -0.12052012974317365, -0.07166377994180986, -0.04983531756664316, -0.29425176247803086, -0.3471517508159389, -0.4925577448146562, 0.05326171654787398, 0.05335980591860931, -0.5579812136979785, -0.46548378993226325, -0.4864319155728082, -0.5194334678610663, -0.5761618047729229, -0.5462813226248814, -0.5487201489185479, -0.5462813226248814, -0.22386101852181675, -0.27365366082083736, -0.27365366082083736, -0.6415469036935761, -0.6415469036935761, 0.35820634709002713, 0.6340099023286593, 0.8188664680993062, 0.7909395577065583, 0.7749593679689525, 0.5953282395543967, 0.6161770324844236, 0.7003228792034001, 0.700699144065842, 0.7003228792034001], [1.0, 0.9999843385749153, 0.9771183978800755, 0.9996905616263501, 0.9972499823826511, 1.0, 0.9900955592783975, 0.9853172884361456, 0.9906838012596773, 0.9726902524702368, 0.9792930539261295, 0.9901434036416932, 0.990304379582045, 0.9902137025208878, 0.9902677370543171, 0.9931574613384602, 0.9933780704021519, 0.9913098951395406, 0.9912968798009688, 0.9912711858685705, 0.9901329514343181, 0.9771268642923442, 0.9639013140051015, 0.9761370625019561, 0.9761103987618687, 0.9504350216524218, 0.952383998395888, 0.9431050817506599, 0.9898899974406878, 0.9898452749096415, 0.9857259571273478, 0.974072028806792, 0.9932700107668696, 0.9942061498657039, 0.9932880669748736, 0.9915107705411071, 0.9857823250715013, 0.9938837826749258, 0.9938347921240369, 0.9947689230476153, 0.9934785311949875, 0.9934657420209941, 0.9934785311949875, 0.8969051859843515, 0.6924675436045025, 0.8621059903914011, 0.8938624843484136, 0.8106459287515969, 0.9641884421960669, 0.9291800311155181, 0.9546775395375445, 0.9495740988299578, 0.9527975558838224, 0.9781339254421473, 0.9720729234863554, 0.907665476849829, 0.896931247334454, 0.9275274726463704, 0.8984202057046207, 0.9239321036566472, 0.9248200044033218, 0.9239321036566472, 0.8297872604385582, 0.9021715379127149, 0.9033755042563087, 0.9021715379127149, 0.8829261864374375, 0.7092071957159441, 0.8594943470540926, 0.8613215363903896, 0.8594943470540926, 0.5994345396268882, 0.4865859285742814, 0.5740794685028767, 0.7273803132604183, 0.4624700299503365, 0.527090900939981, 0.5291225263037066, 0.527090900939981, -0.5980768112576988, 0.8701322063868338, 0.9006654996863808, 0.8823403463747054, 0.9092076611114164, 0.9341757293078661, 0.8683264760232758, 0.8697821166649945, 0.8683264760232758, 0.880968970130189, 0.880968970130189, -0.17387674689908889, 0.5103829349822318, 0.21366714749420915, -0.5147433983283759, -0.5439069701305655, -0.5477288267852912, 0.002610073460492545, 0.03292676998214902, 0.28649077915932053, 0.19352969486347596, 0.11525740947218781, 0.08991582991168533, 0.11685465006369562, -0.17611318844167534, 0.10198516593575066, 0.1022110944467275, -0.5168401639398676, -0.4126292341312405, -0.17559980580107318, -0.4584279925741694, -0.34144728291162507, -0.3165840456774834, -0.30711134574423626, -0.3165840456774834, -0.16647156776408756, -0.22136036900113318, -0.22136036900113318, -0.5240211900930913, -0.5240211900930913, 0.3990471401558795, 0.6688973869202072, 0.8785239651539979, 0.8564479656357051, 0.7958610760856308, 0.6765828313754324, 0.7765173381112388, 0.8174723082982959, 0.8176858942141723, 0.8174723082982959], [0.9900955592783975, 0.9745111639445113, 0.9852988698053577, 0.9918096377709563, 0.9965174263413079, 0.9900955592783975, 1.0, 0.9970392081743858, 0.9999670299760575, 0.9485639423850392, 0.9995347406359149, 0.9999959593611122, 0.9999572501492093, 0.9999919912151592, 0.9999170391394323, 0.993779542118302, 0.9998084664855711, 0.9998241239650246, 0.9998244903370023, 0.9999943339082458, 0.9999963376242963, 0.9909299844139031, 0.9747267417721345, 0.983537863681993, 0.9922639813356728, 0.982587167258634, 0.9708433016951846, 0.9384968280424814, 0.9925258844345664, 0.9921912783448782, 0.9920567968126478, 0.9678208844449211, 0.9992772548018246, 0.9993620099128974, 0.9993331354621181, 0.9997298835898069, 0.998505764205654, 0.9992423562011318, 0.9981694353006508, 0.9993456741807301, 0.9990854903096872, 0.9990001409563269, 0.9990854903096872, 0.9200378007896451, 0.6413110961657016, 0.9209052149126674, 0.8967408673966437, 0.6960366250761924, 0.9476891933861111, 0.9122001899960434, 0.9352404104403035, 0.9258504359684941, 0.9364468725080832, 0.9690553611934368, 0.961252434728447, 0.6959850610830288, 0.8037247152658447, 0.7867134624626544, 0.8327850670418042, 0.7793250920834814, 0.7501154469930502, 0.7793250920834814, 0.7371247738638488, 0.7509291778200059, 0.7535312338112948, 0.7509291778200059, 0.816324774251195, 0.2719963612709784, 0.4934560940063473, 0.5863941173487719, 0.4934560940063473, 0.5011140065868136, 0.4601856927836059, 0.45903310508634904, 0.594341454752376, 0.37180405563302527, 0.39970504729607315, 0.34750972625057375, 0.39970504729607315, -0.6529969725423556, 0.7917724251027364, 0.7924579094234045, 0.785271291393738, 0.7208595560503769, 0.8859582758738933, 0.7969821143651731, 0.7993249112942356, 0.7969821143651731, 0.7023694702564002, 0.7023694702564002, -0.265613663503374, 0.6670237916214011, 0.26427860266695447, -0.5711391148063107, -0.5980809226965251, -0.6013048622052465, -0.0665155798898673, -0.027764865878871708, 0.37605973859599534, 0.1383772220984246, 0.0604352394915881, 0.12880902384573312, 0.09623440197914648, -0.09135845347843422, 0.014644641699157862, 0.01500736981184844, -0.5740693104274619, -0.4985219653379788, -0.02031862059554168, -0.5596304317056472, -0.35083254400589187, -0.31748131252921913, -0.14104912033318814, -0.31748131252921913, -0.2618490660299321, -0.28642772531447896, -0.28642772531447896, -0.6041416458490529, -0.6041416458490529, 0.35353505593418216, 0.6081411153146612, 0.8039569037050186, 0.809744194799475, 0.7621880499883732, 0.6484230300329338, 0.7475540073710978, 0.7700765884633287, 0.7884671809431733, 0.7700765884633287], [0.9853172884361456, 0.9639752144513646, 0.9833760950262204, 0.9875141291652169, 0.9942904201159105, 0.9853172884361456, 0.9970392081743858, 1.0, 0.9994232363675908, 0.9395119464342483, 0.9980247706285051, 0.9978647572164769, 0.9992115350518055, 0.9989383988221965, 0.9986169421872405, 0.9859809019756789, 0.9988372565699819, 0.9989957329661037, 0.9989986368120014, 0.999467304319322, 0.9991130645977981, 0.9908008227267081, 0.9750323069377134, 0.9914054904088516, 0.9920981021877591, 0.9771315556771295, 0.9728918007291147, 0.9365030255305337, 0.9888598071023356, 0.9922789334042639, 0.9902264848101189, 0.9638850495734154, 0.9980733832340095, 0.9979468934691852, 0.9979551166288368, 0.9989500623306835, 0.9955688426452861, 0.9977134677869076, 0.9975017340606976, 0.9978111759111342, 0.9978871506190807, 0.9979184499919054, 0.9978871506190807, 0.9180283052705179, 0.625295716189119, 0.9224133800392613, 0.8927843290245727, 0.6665348513902271, 0.9452974649265635, 0.9047789871092805, 0.9314109541268463, 0.9163702313824983, 0.9284213667554625, 0.9642045267341732, 0.9554534843230932, 0.6788448951659998, 0.7859744784736825, 0.7662274361483441, 0.8208838459572072, 0.7601226194253159, 0.7355377061188263, 0.7601226194253159, 0.7204441364841754, 0.7282464983753086, 0.7379550641937513, 0.7282464983753086, 0.8044896196657162, 0.24816463926678364, 0.468039854698793, 0.5667060765952289, 0.468039854698793, 0.48436337284937314, 0.4519042853198844, 0.4402505950782047, 0.575979895290488, 0.3606600265867174, 0.3860678077818937, 0.32782748559698494, 0.3860678077818937, -0.6532036101565207, 0.7779530669941954, 0.7692214351168823, 0.7667787467327534, 0.703432382330414, 0.8755065352396065, 0.7839225410714471, 0.7865275662316946, 0.7839225410714471, 0.6800153683689434, 0.6800153683689434, -0.28436110625584826, 0.7015590203186783, 0.2731622395450323, -0.586899567042068, -0.6132342672844919, -0.6162540023115469, -0.08288296424571859, -0.037601337397441564, 0.36938339795541886, 0.11848858977899004, 0.04377943278962132, 0.1195389676840853, 0.08020625801552465, -0.09785521066889394, -0.0035344669975413785, -0.0031549794772796425, -0.5878674409325153, -0.5159602333511376, -0.02715603710821874, -0.5803517551937356, -0.36526892367526553, -0.33008919132924425, -0.1473066811624581, -0.33008919132924425, -0.28246207032174336, -0.3022596159449972, -0.3022596159449972, -0.619034145101094, -0.619034145101094, 0.3269848796111395, 0.5890067462186667, 0.7935485293041893, 0.7907699933298801, 0.7479902377155585, 0.6313472836772627, 0.7307084116836254, 0.7498277671376038, 0.7720356538163826, 0.7498277671376038], [0.9906838012596773, 0.9742399082634104, 0.9922460267929608, 0.9928212780929191, 0.9967003838450198, 0.9906838012596773, 0.9999670299760575, 0.9994232363675908, 1.0, 0.947290190321031, 0.9994710240190972, 0.9999681811204238, 0.9999637987915019, 0.9999732406456625, 0.9999300444068517, 0.9980217575876011, 0.9997134978558132, 0.9997593745676119, 0.9997604427590207, 0.9999651329808005, 0.9999655116738428, 0.9941247605699534, 0.9773904793221856, 0.9936199925615353, 0.9935588684870469, 0.9823369551608575, 0.9767500348738485, 0.9403337721303586, 0.9910248360706208, 0.9909893479239927, 0.9887249491238396, 0.9630192252751951, 0.9992925526179491, 0.999253738630867, 0.9991130503987274, 0.9998537657154998, 0.9984100948762566, 0.9992298866854264, 0.9991289184568761, 0.9992260602263933, 0.9991313426264278, 0.9991375265021385, 0.9991313426264278, 0.9201721474703966, 0.6426532682934101, 0.920968367806685, 0.8967658635525383, 0.6954355068858336, 0.9337224504254102, 0.8864121921747437, 0.9180580566807051, 0.9211948900086463, 0.9325886916693481, 0.9626941023805717, 0.9616364544704562, 0.8412012165345777, 0.8044635727119075, 0.8631342830388625, 0.8335405882959364, 0.8610078414942267, 0.8618450182054419, 0.8610078414942267, 0.7360506365806618, 0.8038450536673021, 0.805619577428434, 0.8038450536673021, 0.8176547308812848, 0.6994952794431938, 0.8081453088393002, 0.8098106121016403, 0.8081453088393002, 0.5000736005158076, 0.3174596957202407, 0.458134516179625, 0.6389713588132461, 0.43255971855854436, 0.3948938894774128, 0.3952613090390238, 0.3948938894774128, -0.6345018189271753, 0.7921016845079192, 0.7920239405393557, 0.785269631598385, 0.8527888412220496, 0.8735085303363693, 0.8034541017333809, 0.8061397395555588, 0.8034541017333809, 0.8121136559428527, 0.8121136559428527, -0.26822092796819624, 0.6672044242926842, 0.09746131160201889, -0.6000670001929009, -0.6423060184723249, -0.643144578860981, -0.07017066709874317, -0.02584637206839115, -0.12935537904297573, -0.044724066207934746, -0.03728026525972283, -0.32777018132631347, -0.35681222050774164, -0.5342174632576026, 0.01317206587894777, 0.013866993226560364, -0.5761033645209268, -0.50084610876361, -0.49700524755079195, -0.5620141576422791, -0.5923985392434897, -0.5714658525552414, -0.5734307804950811, -0.5714658525552414, -0.26445759254915185, -0.29020355217559635, -0.29020355217559635, -0.7003971466982916, -0.7003971466982916, 0.3538387613826537, 0.6070395460285315, 0.825596199015683, 0.802278065022295, 0.7606251732856691, 0.6332894424677035, 0.6483998107260704, 0.7195270567060641, 0.7196948559269328, 0.7195270567060641], [0.9726902524702368, 0.95482997785947, 0.9341140453622553, 0.9704848445308379, 0.9591236151685258, 0.9726902524702368, 0.9485639423850392, 0.9395119464342483, 0.947290190321031, 1.0, 0.9158126192029082, 0.9486087206943138, 0.9487276022048037, 0.9482348499574802, 0.9475283032466184, 0.9498646675827908, 0.9557941505904078, 0.9548175573252398, 0.9547840582885252, 0.9487658942927104, 0.9487519639711754, 0.9482818498178638, 0.9405531640783076, 0.9507138092538286, 0.9509389523411559, 0.7953622607469211, 0.9558384850850237, 0.9503389528902876, 0.9568711624470241, 0.9570181058986302, 0.9552512567360208, 0.9291509015136875, 0.9592535505253511, 0.9595337336619341, 0.9603816095695734, 0.9509323340460306, 0.928893492410377, 0.9584587556934799, 0.9600257045507585, 0.9598319714179497, 0.960715561611889, 0.9606755612834899, 0.960715561611889, 0.7739170329588165, 0.4404186795263408, 0.7170423912328469, 0.8585836031736956, 0.8420907309477851, 0.8734809270148888, 0.7546365260774291, 0.8509767310493148, 0.865229141290725, 0.8745342472266473, 0.8955157675561588, 0.895563449083591, 0.8487922123080448, 0.8400532733284632, 0.8764974004551557, 0.8517215641652311, 0.867672216937051, 0.8686011431935688, 0.867672216937051, 0.7865750202960231, 0.7648414571115015, 0.7670223991018753, 0.7648414571115015, 0.8439310126004863, 0.8667640149368558, 0.8419580419991656, 0.8428392703536588, 0.8419580419991656, 0.6071932917035543, 0.526985175375137, 0.6077620019935565, 0.7361430010338352, 0.6270735966585517, 0.6492821136607414, 0.6528296680548608, 0.6492821136607414, -0.27292892594910767, 0.8477085112249891, 0.9128339389593659, 0.8673311758888553, 0.8669582023053195, 0.8784690516196775, 0.8389459152855558, 0.840433038176071, 0.8389459152855558, 0.85194537158854, 0.85194537158854, 0.01198325972587895, 0.2253058683992462, -0.06991076281994009, -0.3460804239563347, -0.3784785300319362, -0.3804317371576899, 0.10536263534373785, 0.3743871072406254, 0.1330195653033513, 0.028170892519971808, 0.13895830468302647, 0.046137623360649534, -0.061544064736288984, -0.11592700696121318, 0.26467721508169445, 0.2635456152002917, -0.3304608931410248, -0.27805133892809075, -0.2817090617447123, -0.2843281618816544, -0.3556803259359101, -0.3042049572379136, -0.3060588454145737, -0.3042049572379136, -0.04379649751559769, -0.3223348493715749, -0.3223348493715749, -0.38903549952319505, -0.38903549952319505, 0.5799495923885857, 0.679880628019155, 0.760763225611132, 0.665582479770607, 0.8406531202493899, 0.30172712205029595, 0.39167844944584695, 0.5723930115905906, 0.5726883940624632, 0.5723930115905906], [0.9792930539261295, 0.9767040369631507, 0.9963174560129942, 0.9851230906987531, 0.9946736639095891, 0.9792930539261295, 0.9995347406359149, 0.9980247706285051, 0.9994710240190972, 0.9158126192029082, 1.0, 0.9995319750428205, 0.999527565614804, 0.9994755797697521, 0.9995143798952009, 0.9983527544672499, 0.9995711051366225, 0.9996968108143045, 0.999702377792376, 0.9995405238455679, 0.9995417726036301, 0.9913656361076415, 0.9566474699273575, 0.9913035802777179, 0.9912739656718269, 0.986218295023732, 0.9723366552558396, 0.8914617308865566, 0.9887602885844666, 0.9888158354076539, 0.9701187013589917, 0.8866263098435625, 0.9985772117936713, 0.9985219795850212, 0.9982884935751214, 0.9991991776824916, 0.9991133485983428, 0.9985508961847114, 0.9983062174919017, 0.998482472636415, 0.9982354232582339, 0.9982497047377409, 0.9982354232582339, 0.9139781122158989, 0.5225026719027346, 0.9165506315059957, 0.8952218555779244, 0.6976754023169783, 0.8224994939079259, 0.8345727629177575, 0.8099109225295336, 0.812013978454914, 0.8183854235893795, 0.9214557425257325, 0.9216532911192884, 0.8302514526606141, 0.8415716078729941, 0.8031922900699031, 0.8063346615469125, 0.8135180664106376, 0.8146134709598483, 0.8135180664106376, 0.6222186650752948, 0.5771958893733831, 0.5797115067135018, 0.5771958893733831, 0.842710384133045, 0.8533072830658683, 0.8407449534738675, 0.8424942365368027, 0.8407449534738675, 0.26291693621409434, 0.19603522897691553, 0.3251753457783316, 0.4458844862834063, 0.31205049622095615, 0.36675569047777173, 0.3700717159369442, 0.36675569047777173, -0.40535751218381166, 0.7403019209037157, 0.7968314562058666, 0.7739736542808097, 0.8401096409642625, 0.8364803129240062, 0.7318437217564621, 0.732492085008186, 0.7318437217564621, 0.7479485695802252, 0.7479485695802252, -0.33252461296066443, 0.6575985461228271, -0.39524828798005734, -0.5419293709775057, -0.5424009488090162, -0.544695287951507, -0.334896016954969, 0.1288947697451183, -0.24884848060124137, -0.39993674999498047, -0.25873132317854536, -0.32005348213448825, -0.3545787982575389, -0.38530305383086294, -0.0029803417104973732, -0.00729315472989539, -0.5518651082897577, -0.5141147648703245, -0.5319303110556792, -0.5664282077809737, -0.5608254998413197, -0.536049897471809, -0.538934548717989, -0.536049897471809, -0.43903065566487215, -0.593453916961131, -0.593453916961131, -0.6027046451522112, -0.6027046451522112, 0.3487230595389858, 0.3686851175703893, 0.47110202873234225, 0.5549843495422442, 0.5561369006084973, 0.1659568961461812, 0.3092020003577912, 0.3332175246463538, 0.33341711347742553, 0.3332175246463538], [0.9901434036416932, 0.9745642443819792, 0.9852493278057555, 0.9918443934024097, 0.996536553586429, 0.9901434036416932, 0.9999959593611122, 0.9978647572164769, 0.9999681811204238, 0.9486087206943138, 0.9995319750428205, 1.0, 0.999962487917084, 0.9999939784021695, 0.9999225294797216, 0.9946306101036544, 0.999810708871773, 0.9998256464538728, 0.9998259487486523, 0.9999960725024966, 0.9999969844969089, 0.9908842503140622, 0.9746950018246897, 0.9891468277213248, 0.9922379257437645, 0.9825641910077206, 0.9707468312406746, 0.9384396452845568, 0.9925170481036466, 0.9922051233385308, 0.992049158173681, 0.9678470667764751, 0.9992798297209152, 0.9993672479304729, 0.9993425609945326, 0.9997355946289237, 0.9985098182127298, 0.9992526232885388, 0.9981738879033688, 0.9993536003684123, 0.9990904573663653, 0.9990034729404624, 0.9990904573663653, 0.9200779540248958, 0.6414950092977328, 0.9212020168515797, 0.8970346034050809, 0.6962360465037932, 0.9477372346107013, 0.9124065664038593, 0.9353295538711313, 0.9259489899436523, 0.9365301041972224, 0.9691603667071713, 0.96133681380563, 0.6959098626584747, 0.8038887650778166, 0.7868294629142708, 0.8329060801538506, 0.7794395879331819, 0.750048412691193, 0.7794395879331819, 0.7371965269918366, 0.7509945212752446, 0.7534594843407909, 0.7509945212752446, 0.8164894867185679, 0.2718523622691474, 0.4934655086052239, 0.5862928712983747, 0.4934655086052239, 0.5010496318099461, 0.4600944381738428, 0.4589792222164512, 0.5943755892847999, 0.37167503731803797, 0.39980140339360304, 0.3475532579649661, 0.39980140339360304, -0.6531475293546576, 0.7918429756920965, 0.792609880873873, 0.7853744516913465, 0.7208494828565083, 0.8860680453692895, 0.7970714180094243, 0.7994085986922567, 0.7970714180094243, 0.7024538838218766, 0.7024538838218766, -0.26560318382348436, 0.6670484199723701, 0.264407441271058, -0.5710945128601197, -0.5979863405406534, -0.6012161040940817, -0.06658819578404042, -0.027928322560532178, 0.376245497764822, 0.1384165360049113, 0.060390191348506636, 0.1290912647781557, 0.0964955346565023, -0.09104102439804396, 0.014676676456822557, 0.015055366814289687, -0.5740522263516453, -0.49854571422421884, -0.02004461613751377, -0.5596029507556542, -0.35055115111263396, -0.3172280361364088, -0.14081902410700842, -0.3172280361364088, -0.26169160366673283, -0.2863751288054133, -0.2863751288054133, -0.6040011842073117, -0.6040011842073117, 0.35409214544900064, 0.6083189328759777, 0.8039973520957419, 0.8100246539842275, 0.7622964277846741, 0.6486936826805111, 0.7477038495341914, 0.7703467309827147, 0.7885955633555813, 0.7703467309827147], [0.990304379582045, 0.9745157622228586, 0.9827409417959025, 0.9919329392426306, 0.9966376053788152, 0.990304379582045, 0.9999572501492093, 0.9992115350518055, 0.9999637987915019, 0.9487276022048037, 0.999527565614804, 0.999962487917084, 1.0, 0.9999668672582007, 0.9999104291766855, 0.9974896952513025, 0.9998063881061516, 0.9998674692191153, 0.9998680553055799, 0.999982859492305, 0.9999615911420386, 0.9904232923048779, 0.9745042307276995, 0.9929708863800074, 0.9929313209063249, 0.9825321457506593, 0.9703652554117903, 0.9383647325488456, 0.9932917443550902, 0.9933090406344873, 0.991809813947874, 0.9676479177940209, 0.9995046102887927, 0.9993712240356835, 0.9993991255338035, 0.9998833338645718, 0.9985080550925305, 0.9992599601001992, 0.9992138873385046, 0.9993638942361147, 0.999375371875038, 0.999379288982947, 0.999375371875038, 0.9201889674756004, 0.6416567639933054, 0.9212288482847013, 0.8970425028576416, 0.6962518813172599, 0.9516420227667141, 0.9098762286092265, 0.9368998195157994, 0.9260343493871483, 0.9365284385956401, 0.9688838181731111, 0.9614079276506629, 0.6503196126802857, 0.8035990570042563, 0.7855902641661565, 0.8333686686643982, 0.7783868253747102, 0.7232649979722601, 0.7783868253747102, 0.7371168883024602, 0.7412287625712026, 0.7455926863536916, 0.7412287625712026, 0.8169418681797813, 0.2019585502140024, 0.4808673286216109, 0.4866568813969001, 0.4808673286216109, 0.5012010066034728, 0.35368853494212305, 0.4592291759970602, 0.5938808717510952, 0.3718951588728528, 0.36694873833501346, 0.34719164842711636, 0.36694873833501346, -0.653337847123562, 0.7923205450350667, 0.792582019453041, 0.7851346190338248, 0.6613975702132359, 0.8865522729645623, 0.7975897527172372, 0.7999216865852813, 0.7975897527172372, 0.7009377565692793, 0.7009377565692793, -0.26527013857783327, 0.6669275373802872, 0.26800903966535705, -0.570938341074974, -0.5976518896763734, -0.600881859610525, -0.06696590729450846, -0.02782653324744267, 0.3282192579800825, 0.1385924038203931, 0.06014071102077905, 0.13250839906938056, 0.09887554567661103, -0.10127611577506476, 0.014797088154527186, 0.015179301047301539, -0.5742165454821566, -0.49862248181744906, -0.0857498593309092, -0.5593203638219313, -0.3485289397624097, -0.314981338709979, -0.22802921432592874, -0.314981338709979, -0.26122885131185714, -0.2874765084030662, -0.2874765084030662, -0.6032613635017036, -0.6032613635017036, 0.3542238102355484, 0.6084990109295324, 0.7887834217536517, 0.8100800987676762, 0.7626912263991996, 0.648435044064537, 0.7056724918681347, 0.7581223727912184, 0.7583010435983892, 0.7581223727912184], [0.9902137025208878, 0.9743072524064315, 0.9850137840332307, 0.9918849794975306, 0.9965702830314522, 0.9902137025208878, 0.9999919912151592, 0.9989383988221965, 0.9999732406456625, 0.9482348499574802, 0.9994755797697521, 0.9999939784021695, 0.9999668672582007, 1.0, 0.9999352037230957, 0.9973447948346335, 0.9998010223850915, 0.9998289457022357, 0.9998291307812575, 0.9999939617782498, 0.9999941626626624, 0.9907359334861849, 0.9745921172850697, 0.9928000891404036, 0.9926781492794606, 0.9824279848132941, 0.9704059821033896, 0.938050898422136, 0.9932484131720996, 0.9932934553610061, 0.9920885032352114, 0.9680310631321909, 0.9993320123499191, 0.9993659332257666, 0.9993747793631631, 0.9997743366672438, 0.998438077202895, 0.9992559725764091, 0.9984954326793598, 0.9993625077662845, 0.9991410204834961, 0.9990616061483, 0.9991410204834961, 0.9203347448575772, 0.6422687245882697, 0.9215386120759065, 0.8973459970958563, 0.6958449760997879, 0.9483272371700493, 0.9131682332338676, 0.9359622093467318, 0.9263702865542284, 0.9369158959270473, 0.9695965014119983, 0.9617320340885768, 0.6962130717570092, 0.804178170198155, 0.7867494729958244, 0.833189167486406, 0.7794038434640213, 0.7496728443530619, 0.7794038434640213, 0.7374006581579011, 0.7509439558495996, 0.7538958545769071, 0.7509439558495996, 0.8168674507361399, 0.2711435230839819, 0.49292464129502733, 0.5863388623936673, 0.49292464129502733, 0.5008629348984347, 0.4606599019434822, 0.45886239849850924, 0.59411650155322, 0.37125282529553566, 0.3998330218732619, 0.3471860941205116, 0.3998330218732619, -0.653538238611019, 0.791984751511711, 0.792127233521896, 0.7854605467724235, 0.7100859019696408, 0.8863528349355444, 0.7972106285743343, 0.7995363803957851, 0.7972106285743343, 0.7022509047708161, 0.7022509047708161, -0.2674131361213606, 0.668079088633937, 0.26493428124228846, -0.5716478727271188, -0.5984019889126468, -0.6016369874712669, -0.067854729627011, -0.02927294430300034, 0.37653810258854786, 0.13791022325111377, 0.05948538879504021, 0.1291518281006906, 0.09655563881047219, -0.0908931418580153, 0.013544571009399079, 0.013918554423934032, -0.5747511497371232, -0.4996427551349945, -0.019450555979364886, -0.5611200071509367, -0.35042206352955585, -0.3171726589845108, -0.14024826213440106, -0.3171726589845108, -0.26278542267590005, -0.28688971488486836, -0.28688971488486836, -0.6041010818522419, -0.6041010818522419, 0.35426305345517023, 0.6079936686247276, 0.8045338172349784, 0.8104858146506946, 0.7617147423098869, 0.6494866748708582, 0.7484937554526666, 0.770746333491969, 0.7892044845803039, 0.770746333491969], [0.9902677370543171, 0.9734260040222523, 0.9849094714814228, 0.9919269028589314, 0.9965713634157584, 0.9902677370543171, 0.9999170391394323, 0.9986169421872405, 0.9999300444068517, 0.9475283032466184, 0.9995143798952009, 0.9999225294797216, 0.9999104291766855, 0.9999352037230957, 1.0, 0.9974615225703032, 0.9996955978983157, 0.9997769061721036, 0.9997780569204308, 0.9998994814811055, 0.9999183436824358, 0.9904976728479721, 0.9743399437715936, 0.9920735456601565, 0.9917095976356891, 0.9824474481130313, 0.9701163757753565, 0.9379521186573849, 0.9923604467659958, 0.9923670180924352, 0.9914795816528307, 0.9670877373014913, 0.9993408343699097, 0.9992156325436863, 0.9993125347592663, 0.9997609652509236, 0.9983437160096458, 0.9992320537019933, 0.9984797580663811, 0.9992382348679503, 0.999156547469878, 0.9990910714303797, 0.999156547469878, 0.9189982804759206, 0.6425794557583555, 0.9202517266310399, 0.8960652154561071, 0.6929053864995597, 0.94888899600101, 0.9140304913788165, 0.9369344126846398, 0.9258209146527889, 0.9362021305387921, 0.9699621312797436, 0.9613011721254348, 0.6975495185923348, 0.8027214859848779, 0.7869995780071185, 0.8328522728648585, 0.7796555110546246, 0.7519720781955491, 0.7796555110546246, 0.7354386225645494, 0.7504054198695659, 0.7550690037502734, 0.7504054198695659, 0.8168530912070749, 0.2710609333007833, 0.49249114668643745, 0.5877793922346779, 0.49249114668643745, 0.49947458995834815, 0.4623647124005132, 0.45717056187580213, 0.5936378635911244, 0.3697453656607953, 0.40032529840561204, 0.34744051013276167, 0.40032529840561204, -0.6540759145426325, 0.7913330176538973, 0.7907897971204797, 0.7844568334863496, 0.7228795133598872, 0.8866802102298579, 0.7967300231153861, 0.7993081149300859, 0.7967300231153861, 0.7023463448377243, 0.7023463448377243, -0.2680589193961898, 0.6698463896111039, 0.2648228873149014, -0.571936179667661, -0.5984303642057036, -0.6013942086556852, -0.06987178344634414, -0.030908377246579896, 0.3778819797201862, 0.13746072271454998, 0.05830444731477013, 0.1301803588129399, 0.09767095156148953, -0.08939779603056668, 0.012592192026473908, 0.01327699200952546, -0.5761005032861897, -0.5012209728394819, -0.01761516115938873, -0.5621632800894284, -0.34951563673642544, -0.31627867842671903, -0.13878957755706262, -0.31627867842671903, -0.2630377540296733, -0.289801085573208, -0.289801085573208, -0.6039439966771705, -0.6039439966771705, 0.3512904588153098, 0.6057681843874069, 0.8056377000089144, 0.8112545216398274, 0.7600390750652134, 0.6484589423586057, 0.750258796881528, 0.7715127704278699, 0.7906434195659524, 0.7715127704278699], [0.9931574613384602, 0.9832242198256641, 0.988065562286396, 0.9947940326462941, 0.9976529346126298, 0.9931574613384602, 0.993779542118302, 0.9859809019756789, 0.9980217575876011, 0.9498646675827908, 0.9983527544672499, 0.9946306101036544, 0.9974896952513025, 0.9973447948346335, 0.9974615225703032, 1.0, 0.9981026328674107, 0.9977125420031097, 0.9977099454243362, 0.9977910623087118, 0.9972750167959857, 0.9913365863775547, 0.9771572560934877, 0.9697772193587341, 0.9871594225824833, 0.9868184611893416, 0.9716937406875157, 0.9470886783243875, 0.9915609291351564, 0.9893582887440094, 0.9882757994858771, 0.965789668049071, 0.9974847841755784, 0.9974957615025526, 0.9973082085600985, 0.9972952937749784, 0.998463563482964, 0.9980218790454258, 0.9973016471780471, 0.9977324714161712, 0.9974108429413079, 0.9973879713962982, 0.9974108429413079, 0.9106841815104019, 0.6523200818459785, 0.913380277785977, 0.8996782347952963, 0.7193683768648221, 0.9505948195274022, 0.9