var config = { responsive: true }

var correlationClose = {"data": [{"type": "heatmap", "z": [[1.0, 0.9999844259229091, 0.9771780835785654, 0.9996903949899496, 0.9972576009167624, 1.0, 0.990133751565142, 0.9853724495521563, 0.9907249634702043, 0.9726435271199758, 0.9794298223621747, 0.990181373008947, 0.9903417407269354, 0.9902514037318294, 0.9903046971223227, 0.9931800862141861, 0.9934055461322933, 0.9913432709404647, 0.9913299698513692, 0.991309069579918, 0.9901705923940564, 0.977210905021912, 0.9640437310972998, 0.9762249722321422, 0.9761985276374535, 0.9509414814269144, 0.9525616291527761, 0.9433222768005053, 0.9898914686531812, 0.9898477478989883, 0.9857425525680471, 0.9740328450598702, 0.993295447823803, 0.9942281665142504, 0.9933131870177, 0.9915434053710446, 0.985865930747604, 0.9939088785549558, 0.9938578185298177, 0.9947885491822869, 0.9935027734262112, 0.9934898104342283, 0.9935027734262112, 0.8962677886273206, 0.6908863309322502, 0.8611370492531547, 0.8912570428683185, 0.8086876269669219, 0.9638391335061347, 0.9290506429345791, 0.9542907929837963, 0.9492131555928163, 0.9523359991214548, 0.9780503924217753, 0.9719892314585223, 0.9080385734080294, 0.8976157252632596, 0.9278144326259111, 0.8989391356608218, 0.924232130257467, 0.9251132894253226, 0.924232130257467, 0.8305564866689422, 0.9023219598632484, 0.9035145880539216, 0.9023219598632484, 0.8835413222618138, 0.7105252253792146, 0.8600791475727639, 0.8618923430872576, 0.8600791475727639, 0.5998064411460036, 0.486853672097895, 0.574554045706078, 0.7278232899453626, 0.46332649981471863, 0.5275761263841092, 0.529605155897344, 0.5275761263841092, -0.5984349616112847, 0.8707890739618785, 0.9013543286279111, 0.8830283393375493, 0.9095702458388647, 0.9344574374140577, 0.8689168952888052, 0.8703592497183505, 0.8689168952888052, 0.8814050875132236, 0.8814050875132236, -0.1736016878185837, 0.5119795090775399, 0.21198989809446497, -0.5161171441920883, -0.5450388502546708, -0.5488635939538676, 0.0001713888270966212, 0.0340011412059028, 0.28493322012193684, 0.19038142782932527, 0.11337527843426067, 0.08805220397672389, 0.11485331286363457, -0.17801379888763472, 0.1029305980889357, 0.10317934959240695, -0.5183363701430914, -0.41448650262580694, -0.17776022993717447, -0.460244575072872, -0.3434396271903651, -0.3185191698764209, -0.30905725639054926, -0.3185191698764209, -0.1676209670626098, -0.22326946034154507, -0.22326946034154507, -0.525158127848651, -0.525158127848651, 0.3996408706492164, 0.6682935875007303, 0.8782714361580689, 0.8563202193872752, 0.795667381855382, 0.6762521018963734, 0.7761537202551678, 0.8170136218281344, 0.8172394707987892, 0.8170136218281344], [0.9999844259229091, 1.0, 0.9644047840733405, 0.999116710607107, 0.9927725632928192, 0.999984425922909, 0.9746851448526622, 0.9642302548547278, 0.9744167817196112, 0.9548662629852566, 0.9768652866643974, 0.9747386493389726, 0.974690352123002, 0.9744835012172245, 0.9736089002218058, 0.9833388787084814, 0.9818324579658836, 0.9809027384851177, 0.9808684402918832, 0.9748167419458277, 0.9748054424204351, 0.9797543188657903, 0.9638716818001108, 0.9667174002304448, 0.9668017628744914, 0.951275635537281, 0.9717192677277395, 0.9240774075101371, 0.9737958881446556, 0.973852436559387, 0.9701496103968686, 0.9159687084474265, 0.9857942817887456, 0.9859033470040467, 0.9867744411699795, 0.9773967629657924, 0.9839011976319388, 0.9857834536496354, 0.9865238971101767, 0.986298319161332, 0.9869043337241673, 0.9868797353108625, 0.9869043337241673, 0.8964554862689524, 0.6019073231069868, 0.8620495221571516, 0.892137730606613, 0.8078858879446631, 0.8617685516154242, 0.8814699350150011, 0.8515973718639018, 0.8693532937912074, 0.8580111049036718, 0.9372526765810685, 0.9373132565266424, 0.9112076031491902, 0.9226749972248529, 0.8970249620998817, 0.8967129979270235, 0.9045591422719423, 0.9054076722015862, 0.9045591422719423, 0.7496232682043672, 0.710155721081483, 0.7122164396804628, 0.710155721081483, 0.9161198634960848, 0.9220234870301417, 0.9157951655358697, 0.9172131705637466, 0.9157951655358697, 0.40942693520950063, 0.35406849052318307, 0.47667835352328136, 0.5773197977866981, 0.4529713967395882, 0.49899586564102766, 0.5003082676471393, 0.49899586564102766, -0.19745079952525074, 0.8482730668584525, 0.8886043773915088, 0.8733080509955057, 0.9191911666355369, 0.9207823029025047, 0.8412348928947163, 0.8417013351179445, 0.8412348928947163, 0.8536989349753544, 0.8536989349753544, -0.281288407425064, 0.5131146448335417, -0.3747977788649645, -0.45789458489084145, -0.4577368864185855, -0.46115831596427964, -0.26800162857207677, 0.2053915584668995, -0.1849441081705768, -0.34446197172368725, -0.19627953744302656, -0.2509655046371303, -0.2753682058056817, -0.30395609182290306, 0.07691703959311214, 0.07156981791589467, -0.47160770593975276, -0.42336988913691337, -0.451152732363493, -0.4810300288129126, -0.47347882466486857, -0.45419772026368216, -0.45745008252154856, -0.45419772026368216, -0.3524912938030227, -0.47983233175969053, -0.47983233175969053, -0.4591284120412132, -0.4591284120412132, 0.399219619480172, 0.4364066701791326, 0.528323523574318, 0.6118016540844401, 0.588618506178111, 0.2653249128485699, 0.40506793708000277, 0.4003391162432273, 0.40046896629703405, 0.4003391162432273], [0.9771780835785654, 0.9644047840733405, 1.0, 0.981235102181828, 0.990935028603522, 0.9771780835785655, 0.9853306223510873, 0.9834258859871275, 0.9922604668888648, 0.9341895709003738, 0.996335317938756, 0.9852819085070293, 0.9827819282714153, 0.9850470140580377, 0.9849436678536094, 0.9880951421866415, 0.9891195827200583, 0.982761881544901, 0.9827438267931632, 0.9907800155615903, 0.9851889004337111, 0.990536427463291, 0.9790024353555766, 0.982779878406814, 0.9827963744763478, 0.9798844923560012, 0.9773011899957539, 0.9461844975299949, 0.9669997384646429, 0.9670698926428666, 0.971873354949144, 0.9473395670078336, 0.9812352686108401, 0.9877226485268379, 0.9795554928374486, 0.9826279554484144, 0.9934276158044042, 0.9896846727690539, 0.9793487062501038, 0.9867605342311949, 0.9809147626124985, 0.9802033330288435, 0.9809147626124985, 0.9047832844261147, 0.6063331859333366, 0.9060804240147375, 0.8738332821826238, 0.6547327201363045, 0.9069376982408475, 0.8571381378453962, 0.8944714708697904, 0.8911538974510143, 0.8983896983071155, 0.9290800362616203, 0.9386148131580923, 0.740649859096265, 0.8024402543312354, 0.8164695914444234, 0.837629586216708, 0.8087260030416853, 0.777278971705811, 0.8087260030416853, 0.7229874563038812, 0.7635328289272918, 0.7632249904039998, 0.7635328289272918, 0.8300595147099019, 0.3972844650355067, 0.5886491037284491, 0.6580453958288364, 0.5886491037284491, 0.4937920378931437, 0.4627865643069387, 0.4583862539288758, 0.6183171604549568, 0.39703850647218286, 0.42643796630622555, 0.39313064897459915, 0.42643796630622555, -0.5895766610054395, 0.7964435925698248, 0.7766117231340068, 0.77811365052497, 0.755148480535327, 0.882573342148258, 0.8021400645856529, 0.8046618658623637, 0.8021400645856529, 0.7464104299899129, 0.7464104299899129, -0.28183348368850225, 0.7051059550013936, 0.16410609001475, -0.6115285749858125, -0.6364401140006237, -0.6393107701722496, -0.11218935304146335, -0.0063294322596651855, 0.28207239567643205, 0.0560210772975418, 0.0065471257576777105, 0.03970595990180492, 0.005544536623425559, -0.17421855675628767, 0.0064974317684703626, 0.006452097167582857, -0.6084279955584486, -0.5280413204323764, -0.1335694894966928, -0.5834340277639942, -0.4403539967028951, -0.40422874310637985, -0.23580363083783573, -0.40422874310637985, -0.29234328377804625, -0.3591226919069376, -0.3591226919069376, -0.6276042512241902, -0.6276042512241902, 0.31488676968103996, 0.5730909407704685, 0.7843333637497311, 0.7631354473041638, 0.7320500781830978, 0.5690146263438554, 0.7098054881626539, 0.7169143595265605, 0.7489515719358764, 0.7169143595265605], [0.9996903949899496, 0.999116710607107, 0.981235102181828, 1.0, 0.998504317479392, 0.9996903949899494, 0.9918424555639614, 0.9875651955219449, 0.9928526257825874, 0.9704161979412861, 0.9852168250800457, 0.9918771654643045, 0.9919653007046433, 0.9919175752446977, 0.9919591841909802, 0.994814528149713, 0.9949734304454657, 0.9928080569315385, 0.9927967720293888, 0.993201319243108, 0.9918576334966146, 0.9805979529265679, 0.9671782326631364, 0.9793173297013092, 0.9792917416977239, 0.9638780725163462, 0.9571442972366548, 0.944645993834732, 0.9898018207306305, 0.9897690416999145, 0.9866735033622257, 0.9734413769230743, 0.9941801041278087, 0.9954532111825062, 0.9941503146271143, 0.9927994218332161, 0.9901522451657638, 0.9953867559746935, 0.9945490846985003, 0.9959370227717939, 0.9942820891155885, 0.994273113094753, 0.9942820891155885, 0.8954905607412048, 0.6782203145701082, 0.8708595217368432, 0.8861718437114213, 0.7850231364840409, 0.9579751323934858, 0.9210979927809613, 0.9474404704785523, 0.9434925994192048, 0.9473356456299153, 0.9738141138489794, 0.9692405872412455, 0.8817754335730366, 0.887004107837732, 0.9115603959916991, 0.8930399192305293, 0.9029268925614223, 0.9041470953296173, 0.9029268925614223, 0.8196146566778449, 0.8880391715681979, 0.8893550317225105, 0.8880391715681979, 0.8781835027262582, 0.6379421467781023, 0.8120586601939422, 0.8139225520518506, 0.8120586601939422, 0.588961306400973, 0.45852400209647, 0.5615249364049705, 0.7086913177568243, 0.4559728611882473, 0.49393615777488614, 0.4966964511653573, 0.49393615777488614, -0.6002138619645531, 0.8630609655062026, 0.8885509319882535, 0.8713857660570977, 0.8806135084207736, 0.9302157535068993, 0.8623388545546891, 0.863971150978568, 0.8623388545546891, 0.8573914296321592, 0.8573914296321592, -0.18065165046558865, 0.5433681429968082, 0.21678888740243007, -0.5248473443878551, -0.5533579122053721, -0.5570903114746288, -0.012793691580655651, 0.027810412019763937, 0.27757091246323806, 0.17766069040419025, 0.10246990602177834, 0.08118379105735993, 0.10853758944141495, -0.1862679864087951, 0.09087561462859756, 0.09117150520654059, -0.5263180729914448, -0.4261417864358873, -0.1798032209371515, -0.4737801938442012, -0.3461134810335324, -0.32056957315089174, -0.3116698133025959, -0.32056957315089174, -0.17775162012777143, -0.2340521508085286, -0.2340521508085286, -0.5367463024856436, -0.5367463024856436, 0.3833571349074614, 0.6560197048343949, 0.8708620282225165, 0.8489406988123394, 0.788354506841568, 0.6674906617425644, 0.7674176885309401, 0.8086101412413224, 0.8088500050407249, 0.8086101412413224], [0.9972576009167624, 0.9927725632928192, 0.990935028603522, 0.998504317479392, 1.0, 0.9972576009167624, 0.9965265206048235, 0.994315033268576, 0.9967103844182962, 0.9590778944514332, 0.9946967445708932, 0.996546028817644, 0.9966465917180392, 0.9965796869131887, 0.9965820689113798, 0.9976639269966885, 0.9972648490074788, 0.9971698195972271, 0.9971663016832379, 0.9965405196871677, 0.9965368519740807, 0.9930309146566334, 0.9797783748024924, 0.9896339722536314, 0.9895859486323058, 0.9810010103263525, 0.9787637505471796, 0.9484233342125933, 0.9883114083849855, 0.988248552291835, 0.9876093068143936, 0.964086951473247, 0.9976587503616666, 0.9976041288966101, 0.9975095260869831, 0.9970445884928661, 0.9969025474346188, 0.9978223380530868, 0.9979322798906793, 0.9976746002701966, 0.9976338520368053, 0.9976380749356287, 0.9976338520368053, 0.9120562384845275, 0.6400006016624495, 0.8961928191137327, 0.8885834600420753, 0.7477102564571254, 0.9368706301872558, 0.8938897262016127, 0.9254809775007946, 0.9285680299096694, 0.9357859381225043, 0.9670962675179151, 0.9671997751960454, 0.8722652371666482, 0.8609885897264252, 0.8931769833518692, 0.8759222244204659, 0.8909902278380739, 0.8915193797834171, 0.8909902278380739, 0.7861953789470303, 0.8240908851566573, 0.825674679085579, 0.8240908851566573, 0.8628197804634694, 0.7434688027642854, 0.8422460135295636, 0.843427916604989, 0.8422460135295636, 0.5361689034329906, 0.3969367800106548, 0.5173409231748056, 0.6945350429154026, 0.5109929470163671, 0.48705214502920186, 0.48728845752910266, 0.48705214502920186, -0.5888103202211266, 0.8391691748471282, 0.8523787791876692, 0.8394304099202609, 0.8832408332867495, 0.9028189727854852, 0.8414519623520034, 0.8430304579106245, 0.8414519623520034, 0.850153718065579, 0.850153718065579, -0.226950124207648, 0.6115771708960718, 0.07206222541929895, -0.5823378534681539, -0.6155964029842875, -0.616039603604655, -0.050867641231738286, 0.0481171513855889, -0.1222119484170752, -0.07498973667935568, -0.05174926783040401, -0.29600757518538623, -0.34899143984868436, -0.49403937308557927, 0.05438049749841745, 0.054501263958341185, -0.5593722053605971, -0.4671847072827483, -0.4881141709645203, -0.5210016586334308, -0.5776452959608557, -0.5477606581914664, -0.5501933308854687, -0.5477606581914664, -0.2248552083355985, -0.2754518915732522, -0.2754518915732522, -0.6423606203880518, -0.6423606203880518, 0.35905439228494707, 0.6333966750138529, 0.8186342256736786, 0.7910022815942559, 0.7747365248889557, 0.5950066600302043, 0.615866949196098, 0.6997344271454579, 0.7001318626344544, 0.6997344271454579], [1.0, 0.999984425922909, 0.9771780835785655, 0.9996903949899494, 0.9972576009167624, 1.0, 0.990133751565142, 0.9853724495521563, 0.9907249634702043, 0.9726435271199758, 0.9794298223621747, 0.990181373008947, 0.9903417407269354, 0.9902514037318294, 0.9903046971223227, 0.9931800862141861, 0.9934055461322933, 0.9913432709404647, 0.9913299698513692, 0.991309069579918, 0.9901705923940564, 0.977210905021912, 0.9640437310972998, 0.9762249722321422, 0.9761985276374535, 0.9509414814269144, 0.9525616291527761, 0.9433222768005053, 0.9898914686531812, 0.9898477478989883, 0.9857425525680471, 0.9740328450598702, 0.993295447823803, 0.9942281665142504, 0.9933131870177, 0.9915434053710446, 0.985865930747604, 0.9939088785549558, 0.9938578185298177, 0.9947885491822869, 0.9935027734262112, 0.9934898104342283, 0.9935027734262112, 0.8962677886273206, 0.6908863309322502, 0.8611370492531547, 0.8912570428683185, 0.8086876269669219, 0.9638391335061347, 0.9290506429345791, 0.9542907929837963, 0.9492131555928163, 0.9523359991214548, 0.9780503924217753, 0.9719892314585223, 0.9080385734080294, 0.8976157252632596, 0.9278144326259111, 0.8989391356608218, 0.924232130257467, 0.9251132894253226, 0.924232130257467, 0.8305564866689422, 0.9023219598632484, 0.9035145880539216, 0.9023219598632484, 0.8835413222618138, 0.7105252253792146, 0.8600791475727639, 0.8618923430872576, 0.8600791475727639, 0.5998064411460036, 0.486853672097895, 0.574554045706078, 0.7278232899453626, 0.46332649981471863, 0.5275761263841092, 0.529605155897344, 0.5275761263841092, -0.5984349616112847, 0.8707890739618785, 0.9013543286279111, 0.8830283393375493, 0.9095702458388647, 0.9344574374140577, 0.8689168952888052, 0.8703592497183505, 0.8689168952888052, 0.8814050875132236, 0.8814050875132236, -0.1736016878185837, 0.5119795090775399, 0.21198989809446497, -0.5161171441920883, -0.5450388502546708, -0.5488635939538676, 0.0001713888270966212, 0.0340011412059028, 0.28493322012193684, 0.19038142782932527, 0.11337527843426067, 0.08805220397672389, 0.11485331286363457, -0.17801379888763472, 0.1029305980889357, 0.10317934959240695, -0.5183363701430914, -0.41448650262580694, -0.17776022993717447, -0.460244575072872, -0.3434396271903651, -0.3185191698764209, -0.30905725639054926, -0.3185191698764209, -0.1676209670626098, -0.22326946034154507, -0.22326946034154507, -0.525158127848651, -0.525158127848651, 0.3996408706492164, 0.6682935875007303, 0.8782714361580689, 0.8563202193872752, 0.795667381855382, 0.6762521018963734, 0.7761537202551678, 0.8170136218281344, 0.8172394707987892, 0.8170136218281344], [0.990133751565142, 0.9746851448526622, 0.9853306223510873, 0.9918424555639614, 0.9965265206048235, 0.990133751565142, 1.0, 0.9970469893191926, 0.9999670943687838, 0.9486414903557747, 0.9995376688660674, 0.9999959709865799, 0.999957416285795, 0.9999920188664685, 0.9999173485428322, 0.9937996537019486, 0.9998091773975862, 0.9998248010457533, 0.9998251659980334, 0.9999943531246552, 0.99999635089561, 0.9909610994297856, 0.9748293791502795, 0.98357706184616, 0.9922895334229003, 0.9827503119526414, 0.9709501494390633, 0.9387322856936279, 0.9925095579045423, 0.9921789015998098, 0.9920467979006591, 0.9678039437831442, 0.9992779542761766, 0.9993629905255909, 0.9993335543357482, 0.9997299070418704, 0.9985131663189734, 0.9992445232582627, 0.9981732206399679, 0.9993467339793832, 0.9990860445053867, 0.9990009634440591, 0.9990860445053867, 0.919371928225016, 0.6398550895545634, 0.9198813230986614, 0.8949075949930185, 0.6946029840491487, 0.9474390237672112, 0.9121253064592187, 0.934972856987752, 0.9255660465084504, 0.9360408510578088, 0.9689953445396359, 0.9612104750972645, 0.6968805123091618, 0.8050490916238512, 0.7875417093365308, 0.8336608439095895, 0.7801675666792617, 0.7507908150966311, 0.7801675666792617, 0.7383193623730444, 0.751459854840345, 0.7538575292757304, 0.751459854840345, 0.8173635946119716, 0.2740060201639487, 0.495224006827729, 0.5876046015149052, 0.495224006827729, 0.5017499884462875, 0.4603800983986648, 0.45984730399777385, 0.5950852782771835, 0.3728973771899484, 0.4002901244094473, 0.34822867943424585, 0.4002901244094473, -0.6532134782594584, 0.7928071898645561, 0.7938607090421171, 0.7864954299957596, 0.7216500574749009, 0.8864653907175569, 0.7978874348741312, 0.8002092638267303, 0.7978874348741312, 0.703389847417909, 0.703389847417909, -0.2650866463274875, 0.6676662956779547, 0.26333441172088773, -0.5723267212809886, -0.5990501036121307, -0.6022763188729915, -0.06872712379782166, -0.026553890409979353, 0.3749102703634534, 0.13538868096481213, 0.05869803544624824, 0.12724055124759107, 0.09447998012580659, -0.09308247076014656, 0.01579985967656254, 0.0161828455063903, -0.5753671181972293, -0.500044453136643, -0.02230119574994866, -0.56099862424347, -0.35270061056069296, -0.3192914098828048, -0.1429932728381994, -0.3192914098828048, -0.26270714495426717, -0.28810416875380923, -0.28810416875380923, -0.6050581999351214, -0.6050581999351214, 0.3545068729003393, 0.6077367903108615, 0.8038784159483799, 0.8097168385581429, 0.7621254328834652, 0.6481687310880214, 0.7473414893949927, 0.7697705911392227, 0.7881884950073756, 0.7697705911392227], [0.9853724495521563, 0.9642302548547278, 0.9834258859871275, 0.9875651955219449, 0.994315033268576, 0.9853724495521563, 0.9970469893191926, 1.0, 0.9994253253623078, 0.9396112327222347, 0.9980369661598963, 0.9978714396475553, 0.9992137827555769, 0.9989419841303505, 0.9986219145634572, 0.9860248289528853, 0.9988403701362107, 0.9989988907595474, 0.9990017141019663, 0.9994686665669295, 0.9991158813795679, 0.9908376008276718, 0.9751377793404159, 0.9914312534339949, 0.9921276255318959, 0.9773561739381685, 0.97300024144281, 0.9367454129536092, 0.9888393344969884, 0.9922583663272987, 0.9902106288789938, 0.9638600130372812, 0.9980759488192478, 0.9979503747137889, 0.9979576642943998, 0.9989508796554707, 0.9955903595176222, 0.9977194880263734, 0.9975052175032482, 0.9978148159252203, 0.9978887610120845, 0.9979199993451364, 0.9978887610120845, 0.9172899725030499, 0.6238167389224568, 0.9212534353356894, 0.8908443497901757, 0.6651180596372961, 0.9450261264629128, 0.9046997035864378, 0.9311243475199474, 0.9160743434957995, 0.9279939981139042, 0.9641396502087459, 0.9554090373821532, 0.6798039967574083, 0.7874832668724405, 0.7671542825607764, 0.8218580128721374, 0.7610572839384814, 0.7362602690242257, 0.7610572839384814, 0.7217297702671678, 0.7288392405198378, 0.738310395459385, 0.7288392405198378, 0.8056476104199762, 0.25028152229852674, 0.4699312606588435, 0.5679947472234704, 0.4699312606588435, 0.48503961278037616, 0.45210444984644316, 0.44111861103702055, 0.576773128150815, 0.3617946464884699, 0.38668250771780655, 0.32859531124994246, 0.38668250771780655, -0.6533963699300871, 0.7790778727290636, 0.7708212895681174, 0.7681326329652823, 0.7042821505201355, 0.8760850800774834, 0.784906981722503, 0.7874897073666236, 0.784906981722503, 0.6811323430652514, 0.6811323430652514, -0.28374950759512374, 0.7019638976038483, 0.2721650567239519, -0.5880467369206238, -0.6141623598808157, -0.6171841799118366, -0.08508406814528523, -0.0363394766640169, 0.36821095231869855, 0.11548396357751955, 0.04204382848901599, 0.11795179397258776, 0.07844400481510107, -0.09959601664087986, -0.002312855914733909, -0.0019126896129118983, -0.5891320655997199, -0.5174289368039734, -0.029158873884093713, -0.5816386071495817, -0.36712777285190884, -0.33189550908913246, -0.1492691975911129, -0.33189550908913246, -0.2832605364337273, -0.303902730571482, -0.303902730571482, -0.6199116228657027, -0.6199116228657027, 0.3280831079851305, 0.5886259553215668, 0.793472233500691, 0.7907612304801481, 0.7479443410306441, 0.6311019132743795, 0.7305051463810174, 0.7495351840070033, 0.7717621884504483, 0.7495351840070033], [0.9907249634702043, 0.9744167817196112, 0.9922604668888648, 0.9928526257825874, 0.9967103844182962, 0.9907249634702043, 0.9999670943687838, 0.9994253253623078, 1.0, 0.9473673617215526, 0.9994744614814527, 0.9999682682313866, 0.9999639020593737, 0.9999733067564789, 0.999930354072096, 0.9980282114930467, 0.9997144063653259, 0.999760383955856, 0.999761465749254, 0.9999652043677135, 0.9999656036783061, 0.9941505001618618, 0.9774870740325582, 0.9936473542026033, 0.9935865703905613, 0.9824997635097361, 0.9768531055394816, 0.9405480382375999, 0.9910096067032694, 0.9909746855224912, 0.9887000958030218, 0.9629871004659366, 0.9992931820514547, 0.9992543420197517, 0.9991138969696669, 0.9998530325884776, 0.9984175141740215, 0.9992314128892639, 0.9991307688358826, 0.9992269443352106, 0.9991318219858899, 0.9991382184473764, 0.9991318219858899, 0.9195047658641746, 0.6411761216849802, 0.9199359380788624, 0.8948857669291308, 0.6939941798440409, 0.9332986057951388, 0.8863997005999618, 0.9176105428431548, 0.9208840469748707, 0.9321499875014996, 0.962640007204385, 0.961586319065188, 0.8419698900554351, 0.8057753579247842, 0.8637822380228583, 0.8344139081670604, 0.8616614114438125, 0.8624944918064693, 0.8616614114438125, 0.7372278032657524, 0.8043375613154728, 0.8061051932752753, 0.8043375613154728, 0.8186874945393358, 0.7010880398868886, 0.8090949139885375, 0.8107509160722384, 0.8090949139885375, 0.5007106879394294, 0.3182261376097997, 0.45896624338449354, 0.6398660830203576, 0.43360377860023414, 0.3959863315747322, 0.3963452916309822, 0.3959863315747322, -0.6349302584515529, 0.7931319620831585, 0.7934358525311911, 0.7865012678953057, 0.8534948317726793, 0.87410678400711, 0.8043314339986868, 0.8070044661938126, 0.8043314339986868, 0.8129729451708965, 0.8129729451708965, -0.2676796056428592, 0.6689158005849452, 0.09698748109117206, -0.6011108285393845, -0.6431414214937797, -0.6439322555707995, -0.07238561942286491, -0.024539759575477472, -0.13086623030974312, -0.04779204678306216, -0.03898231486814336, -0.32936212060211045, -0.3584982128134563, -0.5355235177226222, 0.014333071523085073, 0.015053387896665445, -0.5773985980120858, -0.5023279066842032, -0.49855336508712267, -0.563374245905632, -0.5937474147273905, -0.5727873504868937, -0.5747776333548359, -0.5727873504868937, -0.2653191266330605, -0.291855375291723, -0.291855375291723, -0.7010387683626516, -0.7010387683626516, 0.35482892874576155, 0.6066489828368059, 0.8254629519702757, 0.8023737775192447, 0.7605759615175676, 0.6330493329474735, 0.6481865449671761, 0.7190956211579096, 0.7192663700146219, 0.7190956211579096], [0.9726435271199758, 0.9548662629852566, 0.9341895709003738, 0.9704161979412861, 0.9590778944514332, 0.9726435271199758, 0.9486414903557747, 0.9396112327222347, 0.9473673617215526, 1.0, 0.9160792278638552, 0.9486843867565075, 0.9488038860081457, 0.9483113235235584, 0.9476041634796383, 0.9499092471047758, 0.9558456026394563, 0.9548651066457641, 0.9548313467940587, 0.9488418491811039, 0.9488270225254215, 0.9483767874086813, 0.9407262767554011, 0.9507802661297257, 0.9510055981378622, 0.7963281172899851, 0.9559070249541709, 0.9505024356496603, 0.957003243688004, 0.9571493376253045, 0.955398911327727, 0.929334909434499, 0.959309813417026, 0.9595899507678097, 0.9604340483498331, 0.9510189468864787, 0.9291245479990056, 0.9585144277176493, 0.9600758991102969, 0.959884617243949, 0.9607709230742542, 0.9607294741620909, 0.9607709230742542, 0.7742697298109946, 0.4387658939536349, 0.7176376312465231, 0.8575743011754517, 0.8411031273576524, 0.873273604269157, 0.7551094830170579, 0.8507179682799828, 0.8651497293828009, 0.8743002015451442, 0.8958112708287908, 0.8958591936699692, 0.849065078466284, 0.8404215166950695, 0.876767072457278, 0.8520633284750413, 0.8680010495874305, 0.8689235545087208, 0.8680010495874305, 0.7873381672519941, 0.7655093367001214, 0.7676836298027523, 0.7655093367001214, 0.8441856711722348, 0.8668600185955787, 0.8422356000962312, 0.8431151076796554, 0.8422356000962312, 0.6074594074014014, 0.5272442434823257, 0.608167760201481, 0.7366928406714228, 0.6275847994970396, 0.6497591210618607, 0.6532942191263317, 0.6497591210618607, -0.2743166901620573, 0.8482206423887215, 0.9130658861905945, 0.8677681589727594, 0.8672071779382918, 0.878708052117875, 0.8395043466085989, 0.8409848731603722, 0.8395043466085989, 0.8524373508476628, 0.8524373508476628, 0.01172881985307918, 0.228921464287577, -0.07039215824578272, -0.34752359264689003, -0.37974346050231783, -0.38164059262555855, 0.10287611614202002, 0.37499575037605937, 0.1310694932170029, 0.02494806460209678, 0.13689991868428808, 0.04387504412909385, -0.06375958972426907, -0.11818894065658697, 0.26520767132187906, 0.26409614275714555, -0.33217304604725784, -0.2798746155720551, -0.28357001740109244, -0.28635085551614803, -0.3574461627970835, -0.3060023782858782, -0.30788726963448365, -0.3060023782858782, -0.045037158153212055, -0.3239437656978966, -0.3239437656978966, -0.3903578082244676, -0.3903578082244676, 0.580137966908334, 0.6795616528520523, 0.7607935155853096, 0.6660581396716176, 0.8406908260903653, 0.30169182952970636, 0.3916570028474198, 0.5719371684359437, 0.5722374567852047, 0.5719371684359437], [0.9794298223621747, 0.9768652866643974, 0.996335317938756, 0.9852168250800457, 0.9946967445708932, 0.9794298223621747, 0.9995376688660674, 0.9980369661598963, 0.9994744614814527, 0.9160792278638552, 1.0, 0.9995349714100955, 0.9995305650749224, 0.9994789529230663, 0.9995175520077972, 0.9983635403661449, 0.9995736522868192, 0.9996987399203193, 0.9997043199314378, 0.9995434342500527, 0.9995447256458636, 0.9914073469347, 0.9568043984002421, 0.9913606460974315, 0.9913311772826705, 0.9863487325502108, 0.9724916927843865, 0.8917005394360786, 0.9887854392023756, 0.9888422240600718, 0.9701246504788914, 0.8866805731596838, 0.9985826611063103, 0.9985276441713262, 0.9982956121749619, 0.9992015087673667, 0.9991159521698413, 0.9985566641660409, 0.9983137143148154, 0.998488984839604, 0.9982416309875852, 0.9982564002571583, 0.9982416309875852, 0.9133064655258643, 0.5193482548835924, 0.9155100031152056, 0.893291465591349, 0.6961934745741719, 0.8211568990342752, 0.8342762590778183, 0.8084247994861194, 0.8110261765635176, 0.8169941293993076, 0.9212893602787056, 0.9214879441728657, 0.8314720353290085, 0.8427029426119714, 0.8045946738660618, 0.8077391710501076, 0.8148329409513076, 0.8159221114479703, 0.8148329409513076, 0.6243905454811312, 0.5788304667259626, 0.5813373537012165, 0.5788304667259626, 0.8438240740649041, 0.854338108572055, 0.8418780393386206, 0.8436134370074931, 0.8418780393386206, 0.26390722443368914, 0.19703523641640994, 0.3262962038897299, 0.4475450770722574, 0.31350165772266975, 0.3679970029666906, 0.3712950497791145, 0.3679970029666906, -0.4065744246525978, 0.7419972886834619, 0.7982159695944595, 0.7754602681941382, 0.8412517262204285, 0.8376441106250289, 0.7335376413250299, 0.7341851675746205, 0.7335376413250299, 0.7495924002079467, 0.7495924002079467, -0.3318638230653932, 0.6593935822294688, -0.39483071439404244, -0.5427465510486016, -0.5430294616525472, -0.5452352272645891, -0.33694547121221113, 0.1300978087351262, -0.25050112584353135, -0.4026182757034335, -0.26048954028799715, -0.3219237643017085, -0.3564167851142206, -0.3872044596929489, -0.0016561096022379399, -0.00592895049737441, -0.5529812331769657, -0.5153598550993014, -0.5331883138214644, -0.5676699020568752, -0.5620597092335703, -0.5372678428935478, -0.5401899980463234, -0.5372678428935478, -0.4394362402098655, -0.5942273111902888, -0.5942273111902888, -0.6031898463530507, -0.6031898463530507, 0.349733990508288, 0.3679208292040903, 0.47094008234111423, 0.5552388548183805, 0.5560598622243714, 0.16586335443296402, 0.30884206371924794, 0.3322028850449851, 0.3324102283257388, 0.3322028850449851], [0.990181373008947, 0.9747386493389726, 0.9852819085070293, 0.9918771654643045, 0.996546028817644, 0.990181373008947, 0.9999959709865799, 0.9978714396475553, 0.9999682682313866, 0.9486843867565075, 0.9995349714100955, 1.0, 0.9999626309252333, 0.999994000562178, 0.9999228204745583, 0.9946490726685163, 0.9998113803956395, 0.999826317161519, 0.9998266111688222, 0.9999960870923263, 0.9999969939892019, 0.9909158984246839, 0.9747980811507899, 0.9891779376073485, 0.9922638540305477, 0.9827290388898279, 0.9708547612670491, 0.93867539926463, 0.9925007058850093, 0.9921921460784772, 0.992038587840876, 0.9678287827202955, 0.999280387107934, 0.9993680265272872, 0.9993428056866902, 0.9997355008342546, 0.9985168539760182, 0.9992546102666012, 0.9981775274307064, 0.9993544691923925, 0.9990908352135677, 0.9990041526005043, 0.9990908352135677, 0.9194032309905773, 0.6400347744834808, 0.9201616617097016, 0.8951811314582147, 0.694793244072679, 0.9474852743439135, 0.9123297678577725, 0.9350600532559094, 0.9256617550948509, 0.9361209531697365, 0.9690989434839398, 0.9612931146271088, 0.696806051861809, 0.8052180056169708, 0.7876581846901947, 0.8337842385383528, 0.7802825165541526, 0.7507241155114383, 0.7802825165541526, 0.7383925416763348, 0.7515247780731825, 0.7537854683980953, 0.7515247780731825, 0.8175319929243451, 0.27386442383834225, 0.4952351317261376, 0.5875044127436871, 0.4952351317261376, 0.5016855045178604, 0.46028836975710813, 0.4597935610046168, 0.595119318721915, 0.37276947381576214, 0.4003861948495388, 0.3482722731939827, 0.4003861948495388, -0.6533625610431657, 0.7928795934003059, 0.7940153479988501, 0.7866003800690966, 0.7216402872983957, 0.8865760248550026, 0.7979778784204485, 0.800293849596393, 0.7979778784204485, 0.7034748202448989, 0.7034748202448989, -0.26507370809602904, 0.6676792611092137, 0.2634600247216718, -0.57228332123944, -0.598956105871945, -0.602188418032732, -0.06880255535651338, -0.02671529427346455, 0.3750935026221614, 0.13542347983375275, 0.05865024600136757, 0.127520495690743, 0.09473816156820247, -0.09276725290654207, 0.01583370250661681, 0.01623234942318713, -0.5753510623192504, -0.5000697624748759, -0.022030119038202445, -0.5609719070048138, -0.35242199886375997, -0.31904069495020765, -0.142765382297011, -0.31904069495020765, -0.26255057348667504, -0.2880539105930569, -0.2880539105930569, -0.6049184003630014, -0.6049184003630014, 0.3550591355809116, 0.6079102645066025, 0.8039173471715906, 0.8099951057903896, 0.7622299261949211, 0.648436344882654, 0.7474893908374084, 0.7700383319794155, 0.7883151989407051, 0.7700383319794155], [0.9903417407269354, 0.974690352123002, 0.9827819282714153, 0.9919653007046433, 0.9966465917180392, 0.9903417407269354, 0.999957416285795, 0.9992137827555769, 0.9999639020593737, 0.9488038860081457, 0.9995305650749224, 0.9999626309252333, 1.0, 0.9999669950091791, 0.99991074155552, 0.9974975835888663, 0.9998070867410357, 0.9998679910469727, 0.9998685705401363, 0.9999829312437155, 0.9999617360428953, 0.9904564571190613, 0.974607983333247, 0.9929952101889716, 0.9929558882151149, 0.9826971092454209, 0.970474031529969, 0.938600794582622, 0.9932743545862531, 0.9932924760725772, 0.9918008971860032, 0.9676304516988656, 0.9995049143279628, 0.9993719888025733, 0.9993994487256765, 0.9998829527324349, 0.9985152684932485, 0.999261936093174, 0.9992151433277745, 0.9993647553926606, 0.9993754649842453, 0.9993794491993326, 0.9993754649842453, 0.9195155501924055, 0.6401967433231893, 0.9201905040960668, 0.8951917909286955, 0.6948117917092506, 0.9513382483012105, 0.9098009196785202, 0.9365764063851001, 0.9257469230265059, 0.9361193579699296, 0.9688218542246877, 0.9613642054957195, 0.6516570675749614, 0.8049282790560333, 0.786422918482853, 0.8342443905482969, 0.7792330148923601, 0.7242732135384179, 0.7792330148923601, 0.7383131696791461, 0.741791980931486, 0.7461317028507733, 0.741791980931486, 0.8179810040637737, 0.204269549876741, 0.48267760244801544, 0.4884384949670213, 0.48267760244801544, 0.5018365212599057, 0.35415669064417155, 0.4600427874072366, 0.5946259765599378, 0.3729889240762143, 0.36763217892325806, 0.3479112488955304, 0.36763217892325806, -0.6535528609026905, 0.7933549471907362, 0.7939859315604434, 0.7863606140016349, 0.6626470754304992, 0.8870576963697566, 0.7984938829446323, 0.8008044893116762, 0.7984938829446323, 0.7019631795400674, 0.7019631795400674, -0.26474318645535244, 0.6675597130740463, 0.2670557678526764, -0.5721276212392881, -0.5986225444680852, -0.6018551208960179, -0.0691788183280093, -0.026613751392026836, 0.32699621966105247, 0.1355999412756181, 0.058401456824894324, 0.13093338382563105, 0.09711490081918384, -0.10300466445982089, 0.015953967100606453, 0.016355920845373618, -0.5755146915904464, -0.5001461761073728, -0.08773566430933458, -0.560690109284655, -0.3504042680030753, -0.31679883551967697, -0.2299106944887482, -0.31679883551967697, -0.26208898076805215, -0.28915212691883085, -0.28915212691883085, -0.6041804820567679, -0.6041804820567679, 0.3551903184494997, 0.6080904431101791, 0.788710873777876, 0.8100518619245455, 0.762625094740379, 0.6481783150837572, 0.705457644450968, 0.757803475141998, 0.7579935964910697, 0.757803475141998], [0.9902514037318294, 0.9744835012172245, 0.9850470140580377, 0.9919175752446977, 0.9965796869131887, 0.9902514037318294, 0.9999920188664685, 0.9989419841303505, 0.9999733067564789, 0.9483113235235584, 0.9994789529230663, 0.999994000562178, 0.9999669950091791, 1.0, 0.999935441745858, 0.9973543226784899, 0.9998017353586461, 0.9998296076251678, 0.9998297850403126, 0.9999939851427702, 0.9999941823966033, 0.9907681205053881, 0.9746955933052576, 0.9928235120657546, 0.9927021097804997, 0.9825938022071512, 0.9705152469048477, 0.938288203232972, 0.993232405696695, 0.9932781763302101, 0.9920779675824354, 0.9680121635567749, 0.9993324620053393, 0.9993667057098575, 0.9993749665664547, 0.999774158716118, 0.9984454722254087, 0.9992579279129571, 0.998498138884891, 0.9993633436819808, 0.9991413084965, 0.9990621830207415, 0.9991413084965, 0.9196600693257201, 0.6408063187358862, 0.9204985389175916, 0.8954949429455101, 0.6944047056484128, 0.9480748455846056, 0.9130899654024548, 0.9356922328408381, 0.9260817270598213, 0.9365055379466616, 0.9695342632478091, 0.9616868074837079, 0.6971080188168411, 0.8055083442173164, 0.7875783045066487, 0.8340666280844654, 0.780246726006989, 0.750346827939696, 0.780246726006989, 0.7385964390397445, 0.7514744799777715, 0.7542211560958562, 0.7514744799777715, 0.8179094461420215, 0.273156655629132, 0.49469550189149386, 0.5875496805134156, 0.49469550189149386, 0.5014992586458361, 0.4608529787784772, 0.459677043977212, 0.5948609420365127, 0.3723483707434616, 0.4004177871544951, 0.3479058850161152, 0.4004177871544951, -0.6537524353025963, 0.7930213252001355, 0.7935369461164676, 0.7866872242649047, 0.7109228013039266, 0.8868594559434886, 0.7981166131734765, 0.8004211047875114, 0.7981166131734765, 0.70327236544012, 0.70327236544012, -0.2668767645331705, 0.6687036737050714, 0.26398604319909386, -0.572834957523166, -0.5993704892852277, -0.6026080352319427, -0.07006603231065944, -0.02805662660827921, 0.37538648425490795, 0.13491878365847418, 0.05774752231906181, 0.12758168990294855, 0.09479864552820445, -0.09261895226123595, 0.014705071757212107, 0.015098899523057503, -0.5760476774738569, -0.5011634383166251, -0.021436517795884007, -0.5624830951445253, -0.3522928936585546, -0.3189850687398652, -0.14219484116733536, -0.3189850687398652, -0.26364131815711844, -0.288567679311518, -0.288567679311518, -0.6050179460079023, -0.6050179460079023, 0.3552295520945209, 0.6075842629972938, 0.804453448380766, 0.8104554620631468, 0.761648635269847, 0.6492272278642988, 0.7482785222462709, 0.7704377972374443, 0.7889239172733, 0.7704377972374443], [0.9903046971223227, 0.9736089002218058, 0.9849436678536094, 0.9919591841909802, 0.9965820689113798, 0.9903046971223227, 0.9999173485428322, 0.9986219145634572, 0.999930354072096, 0.9476041634796383, 0.9995175520077972, 0.9999228204745583, 0.99991074155552, 0.999935441745858, 1.0, 0.9974709400360503, 0.9996965457840752, 0.9997777239529683, 0.9997788820282677, 0.999899834556485, 0.9999186501708778, 0.9905320388395892, 0.9744439507973749, 0.992099818481393, 0.9917378217471254, 0.9826099957633924, 0.9702292045251172, 0.9381809460539334, 0.9923462371666328, 0.9923533292551737, 0.9914684978035161, 0.9670620087211914, 0.9993409197336123, 0.9992163431343712, 0.9993125355217537, 0.9997606469615964, 0.998351276781204, 0.9992335219446228, 0.9984821204649672, 0.9992388992243639, 0.999156393976836, 0.9990912603291221, 0.999156393976836, 0.9183292015609529, 0.6411013431612628, 0.9192174046633019, 0.8941807829627298, 0.691464811987772, 0.9486345615221758, 0.9139485892549692, 0.9366620838139046, 0.9255226845601764, 0.9357870379520232, 0.9698986750059273, 0.9612517645223081, 0.6984335624285006, 0.8040493455136979, 0.7878203237501521, 0.8337304047841332, 0.7804905830530523, 0.7526419684302037, 0.7804905830530523, 0.7366193779904604, 0.7509231884699101, 0.7553900385145302, 0.7509231884699101, 0.8178937894227752, 0.2730630462878719, 0.4942572343199462, 0.5889873083365778, 0.4942572343199462, 0.500113183701409, 0.4625612514516019, 0.45800504176632256, 0.5943914858266734, 0.3708673782807725, 0.4009164052932057, 0.34816009539458737, 0.4009164052932057, -0.6542879673271103, 0.7923677094952974, 0.7922127886524785, 0.7856940170339207, 0.7236642580023697, 0.8871835795445407, 0.7976344742446261, 0.8001983441582788, 0.7976344742446261, 0.703361182548232, 0.703361182548232, -0.2675163185877444, 0.6715409505569048, 0.2645546364758533, -0.5730613383053148, -0.5993999338186838, -0.6023118126037805, -0.0720886561991736, -0.029610576848104746, 0.3767576375022128, 0.1344994119492712, 0.056623801158355004, 0.12860236469771444, 0.09594090245455397, -0.09113200000373321, 0.013755241728161985, 0.014465472947040977, -0.5773960097724754, -0.5027021244205003, -0.019567340886237794, -0.5635230016509072, -0.35135692675449576, -0.3180595972237312, -0.140743551245392, -0.3180595972237312, -0.2639035658715204, -0.29145500558206827, -0.29145500558206827, -0.6048543643582603, -0.6048543643582603, 0.3522925337976533, 0.6053794233206443, 0.805559282628093, 0.8112268047599729, 0.75999079959144, 0.6482108939937409, 0.7500492262662454, 0.7712077078922269, 0.7903565236646585, 0.7712077078922269], [0.9931800862141861, 0.9833388787084814, 0.9880951421866415, 0.994814528149713, 0.9976639269966885, 0.9931800862141861, 0.9937996537019486, 0.9860248289528853, 0.9980282114930467, 0.9499092471047758, 0.9983635403661449, 0.9946490726685163, 0.9974975835888663, 0.9973543226784899, 0.9974709400360503, 1.0, 0.9981064085985779, 0.9977197372575817, 0.9977171884815942, 0.9977972742643988, 0.9972848406100437, 0.9913728604208482, 0.9772523483369892, 0.9698681437629664, 0.9872098029570047, 0.9869389491896088, 0.9718123687690643, 0.947275665195641, 0.9915561468748879, 0.9893462095560376, 0.9882586389716698, 0.9657345298771333, 0.9974888184413775, 0.9974961597591001, 0.9973108287871532, 0.9973019605025932, 0.9984694653935511, 0.9980221485391525, 0.9973050911291483, 0.9977324573073106, 0.9974137127295163, 0.9973911413467198, 0.9974137127295163, 0.9100602586159313, 0.650720223514684, 0.9124476839980624, 0.8978011007610666, 0.7178372679949889, 0.9503079294294944, 0.9164803501963277, 0.9415859527265842, 0.9260026448226333, 0.9322573610630722, 0