var correlationClose = {"data": [{"type": "heatmap", "z": [[1.0, 0.9999820713905672, 0.5543958915211346, 0.9996951670982419, 0.9973758939356193, 1.0, 0.9905397422928324, 0.9859638315884164, 0.9911811504522894, 0.9726913847807402, 0.9810040577305841, 0.9905856834266709, -0.13914775648297115, 0.9906529721879669, 0.9907134909432662, 0.9934211805387878, 0.4812514462827399, 0.9916983062740912, 0.9916964607373979, 0.9835027583924214, 0.9905873701046225, 0.44446911682264056, 0.6518825520309816, 0.9771651563213878, 0.9771406390418592, 0.9564828823425248, 0.2943379728651723, -0.12625394656967956, 0.9898989482390557, 0.9898590735350361, 0.2685444744469108, -0.21036647194121116, 0.9935649990940443, 0.9944615081150117, 0.8047558031634681, -0.39361161231251696, 0.9868627882106892, 0.994194189064996, 0.994113726828636, 0.4639625346354105, 0.9937607293941517, 0.9937559724520648, 0.9937607293941517, 0.8915880150435643, 0.6777057345031325, 0.8619842949012421, 0.8817336572687446, 0.7973392540913778, 0.39428606463605165, -0.12309735919900901, 0.19335323520426959, 0.9468146352918566, 0.4794785191716055, 0.9773883955667456, 0.9714201425250107, 0.9118913426173995, 0.9051893775929964, 0.9307629657493568, 0.9045051938050981, 0.9273721264588759, 0.9283048921792663, 0.9273721264588759, 0.8374506517701051, 0.904114915422677, 0.9053437777068253, 0.904114915422677, 0.8905039217954857, 0.7240911296457853, 0.8662205826385677, 0.868128884089605, 0.8662205826385677, 0.6094292060060452, 0.30226622962159283, 0.5850297716182706, -0.5986399553511516, 0.4773446547978102, 0.5362116047204949, 0.5380930803336631, 0.5362116047204949, -0.09642204806381259, 0.8777182505607951, 0.9092932421520342, 0.8909933464351506, 0.9135259344747436, 0.48456001265129844, 0.8752923966606613, 0.8768095386648767, 0.8752923966606613, 0.8860970113961154, 0.8860970113961154, -0.167869831774345, 0.5317132176217457, 0.1983371413318335, -0.5368677556136295, -0.5561482885594304, -0.559555915454294, -0.02450295044314315, 0.0454288683940116, 0.26957332435883763, 0.15892472598518415, -0.3507218498658891, 0.06835467568265335, -0.7908037630759298, -0.19789209945324862, 0.11227308107163476, 0.11283376624871856, -0.5324971813449647, -0.6082722335050982, -0.1982736551528438, -0.4771335456833215, -0.8301687347853615, -0.3367521466301285, -0.32814486658833875, -0.3367521466301285, -0.17769583695451835, -0.24265212880656287, -0.24265212880656287, -0.8190112188846497, -0.8190112188846497, 0.4027501148753891, 0.6619292520515114, 0.8753494796697937, 0.854124111567061, 0.7923443423940653, -0.23338684132201792, 0.7714422281306783, 0.8118980892583485, 0.8119623586443226, 0.8118980892583485, -0.23121937503392317], [0.9999820713905672, 1.0, 0.9673687770652211, 0.9991692039706215, 0.993356921160741, 0.9999820713905669, 0.976682607905313, 0.967132626275255, 0.9764517737284241, 0.9566362358235391, 0.9787226508764595, 0.9767335177249521, 0.9766909475482555, 0.9764960890266877, 0.9757147004759128, 0.9846744390301309, -0.23147608656882765, 0.9824237995004302, 0.9823939728812173, 0.9768057854452192, 0.9767963445690032, -0.1626491501873063, 0.9660688334306464, 0.9694001718884783, 0.969476569431195, 0.9569204491174877, 0.003569784361386826, 0.14366939485306573, 0.9750815192439077, 0.9751521275554113, 0.9706498606620324, 0.12499248000163402, 0.9868208396719595, 0.986914978155762, 0.9877223113137844, 0.9790781145542693, 0.9851071509428971, 0.9868323267096722, 0.9875149465170501, -0.23840820946969118, 0.9878275310520485, 0.987806913248492, 0.9878275310520485, 0.8916109692960966, 0.5690082606191762, 0.8626996002719997, 0.8820328401522123, 0.7966028087077969, -0.4475078254926883, -0.5523482427784603, 0.8367939516057171, 0.8602319055638677, -0.159288798600643, 0.9349209642192705, 0.9349835334983028, 0.9185675893580807, 0.9290877584348018, 0.9054955999409844, 0.9051704906989277, 0.9125352292293128, 0.9133177435234825, 0.9125352292293128, 0.7634877741195374, 0.7231200186082686, 0.7252981784028755, 0.7231200186082686, 0.9231408990902936, 0.9285395122396801, 0.9228915067866822, 0.9241766870704518, 0.9228915067866822, 0.4267302921468897, 0.3697549815130461, 0.4920475720003594, 0.5956427586751356, 0.4722502922624955, 0.5156786191256617, 0.516466438397057, 0.5156786191256617, -0.21184416453473595, 0.8598463536939608, 0.8980041415709651, 0.8837383686857, 0.9260422260993153, -0.03684623844669917, 0.8534037549043576, 0.8538095948672431, 0.8534037549043576, 0.865210690648388, 0.865210690648388, -0.2727568973957738, 0.532767791792952, -0.3842624473220593, -0.6299776955965489, -0.4654950806573898, -0.4689377506033393, -0.2926964130997284, 0.21276463611945975, -0.20622587853143703, -0.3767581316243652, -0.5623852697708368, -0.2750091949526476, -0.501685372141605, -0.3285237566062791, 0.08657235580203461, 0.08139485932272911, -0.48386390356803216, -0.43808417483285794, -0.4659574516613627, -0.4954968905745601, -0.48806371033969925, -0.4684586711033985, -0.47163850516183237, -0.4684586711033985, -0.3572234716557798, -0.491513754084203, -0.491513754084203, -0.46650924576876246, -0.46650924576876246, 0.40252788152643154, 0.42235235718983044, 0.5220507905803462, 0.6067957151130787, 0.5816362563359739, -0.3815146968605516, 0.39239075022083963, 0.38355639435736466, 0.3836714330903016, 0.38355639435736466, 0.13049772516893285], [0.5543958915211346, 0.9673687770652211, 1.0, 0.5474740556423195, 0.4291283969824058, 0.5543958915211346, 0.5440719671602287, 0.5318322643159445, 0.43724480853088915, 0.3753471597678296, 0.9965578680655965, 0.5440874270525278, 0.5180942014746459, 0.5444396002272014, 0.5473295589760021, 0.5841763231647438, -0.08702664506618771, 0.4867756596318616, 0.48674429910271105, 0.43648951951148873, 0.5437240398707802, 0.20359323997149464, 0.6840967766297305, 0.5091580567586804, 0.5088671506576885, 0.9821109454755971, 0.27826694455862483, 0.18015003836490037, 0.5109815646071624, 0.5104700110921973, 0.770507040204249, 0.006275269173245601, 0.542727696020744, 0.43595150118421794, 0.5334026464534666, 0.36964638079686957, 0.9937817014157986, 0.42313711576277746, 0.5460902719936712, -0.09280849306634043, 0.5587247769605904, 0.5415522736571236, 0.5587247769605904, 0.898799898606592, 0.3921566555961202, 0.9038979000508922, 0.8689797118045532, 0.650277809875779, 0.2015900729740321, -0.0014737472055397038, 0.06134141027420958, 0.4110426571886089, -0.06543183925470891, 0.5034113090139783, 0.4335525138913676, -0.08077967845586811, 0.6714830145171043, 0.6316477689286383, 0.45925717024455426, 0.6378016780249571, 0.7068354936051566, 0.6378016780249571, 0.3034312573157058, 0.5315919948849562, 0.6368901479611129, 0.5315919948849562, 0.5384547048752355, 0.6143816064734885, 0.6527160086104414, 0.7285587376716557, 0.6527160086104414, 0.18249514682049114, -0.08189514305988675, 0.20150103895099647, 0.15783689211890814, 0.2006178454941572, 0.2647827633021989, 0.38630396158249286, 0.2647827633021989, -0.16946244399244792, 0.4135131697115232, 0.7950859371030575, 0.5005985337508968, 0.723593779928621, 0.10767013318909435, 0.48406507607514476, 0.48533305671990823, 0.48406507607514476, 0.6185209285720054, 0.6185209285720054, -0.2970591828150777, 0.7114352794373737, -0.2336081115200179, -0.515748319598198, -0.3776715957058202, -0.38083770660692823, -0.38455647226002654, -0.0010474119598807986, 0.02627044972592706, -0.24574172102261527, -0.49900905320395855, -0.1287883350109465, -0.21061815432548409, -0.1992696931589011, -0.03931128982873339, -0.042600824267531326, -0.4373682467941344, 0.02293553801344852, -0.20961979218127788, -0.4731293726668376, -0.09780214669719528, -0.34598386405967835, -0.22211297731655677, -0.34598386405967835, -0.42831929974047106, -0.4984285792599601, -0.4984285792599601, -0.22863729224242638, -0.22863729224242638, 0.32455026361226497, 0.12632305042949246, 0.2374329421785809, 0.4840678477132124, 0.2035951089770326, -0.2923066227124647, -0.03937517284076699, 0.4441338223362176, 0.5605558757389264, 0.4441338223362176, -0.033484060381154056], [0.9996951670982419, 0.9991692039706215, 0.5474740556423195, 1.0, 0.9985771834758326, 0.9996951670982417, 0.9921877628463398, 0.9880976986643787, 0.9932024948880797, 0.9704178744501261, 0.9863241192721909, 0.9922211900689787, -0.14377252059308462, 0.9922596554307107, 0.9923118720743764, 0.9950241962033883, 0.46713022289338596, 0.9931127359295464, 0.993111028994677, 0.9839870786297932, 0.9922124928395227, 0.43558491897319757, 0.6551294911749785, 0.9801905932838073, 0.9801666427145307, 0.9679065288902681, 0.2891569462579357, -0.13378957570987865, 0.9897022649229208, 0.9896732691263957, 0.2598990284678199, -0.2113471426130017, 0.9943990976241838, 0.9956021142633197, 0.7629251547840102, -0.3995896434215243, 0.9907676768263262, 0.9955786209090934, 0.9947628663708173, 0.4494587519057722, 0.9918997417402892, 0.994487505920511, 0.9918997417402892, 0.8902036846214005, 0.6648851942911036, 0.870744419628343, 0.8774904006909708, 0.7740251683958186, 0.38864688598947966, -0.12927138182987166, 0.18662285999600833, 0.9410033910554428, 0.4632842064447887, 0.9730842366181425, 0.968590502365632, 0.886796027308138, 0.895601792205807, 0.9152135867948381, 0.8990941183952031, 0.906985177040024, 0.9082689917967394, 0.906985177040024, 0.8270196475012154, 0.8901247194643601, 0.8914817523299792, 0.8901247194643601, 0.8857419282709592, 0.6545753900657177, 0.8204457230423238, 0.8224707741243058, 0.8204457230423238, 0.5989501958296808, 0.09780177941179354, 0.5724732683727182, -0.603982962143935, 0.4703508892325426, 0.279193055469373, 0.5055517589077436, 0.279193055469373, -0.10346829812354354, 0.8705218635282308, 0.8977267280340264, 0.8802629901335528, 0.8859105286168744, 0.4713286117520581, 0.869152774626356, 0.8708613069033404, 0.869152774626356, 0.8630213744424451, 0.8630213744424451, -0.17446097816756645, 0.5608168659368089, 0.20306158799449434, -0.5479691280045849, -0.5642441250191148, -0.5675655233189586, -0.037405599126824014, 0.0395615063971704, 0.26222277977867303, 0.1460133153605173, -0.3640429202926118, 0.06151879978870118, -0.7979013768785286, -0.2061215582984541, 0.1006601675027193, 0.10128194099033037, -0.5402926945555733, -0.6052029546874027, -0.2002455612773523, -0.4900769359749078, -0.8328588157018457, -0.3387742035616685, -0.3307302708532494, -0.3387742035616685, -0.18755694393632003, -0.253247591554417, -0.253247591554417, -0.8194934165082763, -0.8194934165082763, 0.3878169574022435, 0.6497164419304359, 0.8678244558128245, 0.8466570115271834, 0.7849794892095547, -0.2473606587673844, 0.7625962701890567, 0.8033636702716425, 0.8034330242610407, 0.8033636702716425, -0.2157533696152497], [0.9973758939356193, 0.993356921160741, 0.4291283969824058, 0.9985771834758326, 1.0, 0.9973758939356193, 0.9966613074908036, 0.9945910083928483, 0.9968541535524293, 0.9595779100096586, 0.995059604922246, 0.9966804611381522, -0.35892554883777233, 0.996712008964577, 0.9967318411678918, 0.9977852783351526, 0.2759387204181134, 0.9972762319698762, 0.997273950699905, 0.9857451763487869, 0.9966732246101432, 0.06334023490439593, 0.6109586822356874, 0.9901644106240907, 0.9901184183898026, 0.9830785423562416, 0.028171297126445, -0.12014675453089046, 0.9880101331355241, 0.9879510787722972, -0.06291038656588055, -0.11031392436852686, 0.9976762008411264, 0.9976179440284815, 0.7359659893670392, -0.5460654513521264, 0.9970057476386633, 0.9978551884849202, 0.9979548259815039, 0.25237576535984474, 0.9976400684348677, 0.9976414730825361, 0.9976400684348677, 0.9059327216321232, 0.6258898855692054, 0.8940997125500869, 0.880879004656268, 0.7386467300304219, -0.09439954514570204, -0.5761482635655638, -0.23888119854233597, 0.9260329513437462, 0.32010295216972695, 0.9664011543422998, 0.9664609917107034, 0.8793246812717049, 0.87158425348847, 0.8989733231500353, 0.8831066078798828, 0.8969264840623249, 0.8976024538635632, 0.8969264840623249, 0.7952197539616693, 0.8291713231671277, 0.8308760590534889, 0.8291713231671277, 0.871621152347115, 0.7587325214693313, 0.8512303492428435, 0.8526117088754197, 0.8512303492428435, 0.5479585051414663, 0.40975491141055626, 0.5299272160841468, -0.6535808239255279, 0.5251156700501574, 0.5018529762170539, 0.5020638182997993, 0.5018529762170539, -0.12344484422953599, 0.8480413854425395, 0.8645128338181653, 0.8505616305745235, 0.889930515820914, 0.33233721963869167, 0.8497469290788601, 0.8514593983836223, 0.8497469290788601, 0.8581424180078605, 0.8581424180078605, -0.21899803784706012, 0.6243007201637033, 0.056618178498039774, -0.5839742031549006, -0.6240245995232551, -0.6242141591991911, -0.07452890566282451, 0.060605057003324934, -0.13796258419399374, -0.10723163692114111, -0.45475836670895986, -0.31381953986803135, -0.865445879826389, -0.5089380823394402, 0.0653421188971383, 0.06583394621085015, -0.5721096823039414, -0.5965451781009152, -0.5032940909588265, -0.5350494990502074, -0.8022089161541821, -0.5609383817071083, -0.5638576338037321, -0.5609383817071083, -0.23310183847363514, -0.29333772029067934, -0.29333772029067934, -0.7682311314555498, -0.7682311314555498, 0.3656020674816814, 0.6275496626035393, 0.8163908743646471, 0.7905582029947784, 0.7716112249467031, -0.3886068988630778, 0.6114633241891487, 0.6939138891071066, 0.6940985603519756, 0.6939138891071066, 0.023214295651942017], [1.0, 0.9999820713905669, 0.5543958915211346, 0.9996951670982417, 0.9973758939356193, 1.0, 0.9905397422928324, 0.9859638315884164, 0.9911811504522894, 0.9726913847807402, 0.9810040577305841, 0.9905856834266709, -0.13914775648297115, 0.9906529721879669, 0.9907134909432662, 0.9934211805387878, 0.4812514462827399, 0.9916983062740912, 0.9916964607373979, 0.9835027583924214, 0.9905873701046225, 0.44446911682264056, 0.6518825520309816, 0.9771651563213878, 0.9771406390418592, 0.9564828823425248, 0.2943379728651723, -0.12625394656967956, 0.9898989482390557, 0.9898590735350361, 0.2685444744469108, -0.21036647194121116, 0.9935649990940443, 0.9944615081150117, 0.8047558031634681, -0.39361161231251696, 0.9868627882106892, 0.994194189064996, 0.994113726828636, 0.4639625346354105, 0.9937607293941517, 0.9937559724520648, 0.9937607293941517, 0.8915880150435643, 0.6777057345031325, 0.8619842949012421, 0.8817336572687446, 0.7973392540913778, 0.39428606463605165, -0.12309735919900901, 0.19335323520426959, 0.9468146352918566, 0.4794785191716055, 0.9773883955667456, 0.9714201425250107, 0.9118913426173995, 0.9051893775929964, 0.9307629657493568, 0.9045051938050981, 0.9273721264588759, 0.9283048921792663, 0.9273721264588759, 0.8374506517701051, 0.904114915422677, 0.9053437777068253, 0.904114915422677, 0.8905039217954857, 0.7240911296457853, 0.8662205826385677, 0.868128884089605, 0.8662205826385677, 0.6094292060060452, 0.30226622962159283, 0.5850297716182706, -0.5986399553511516, 0.4773446547978102, 0.5362116047204949, 0.5380930803336631, 0.5362116047204949, -0.09642204806381259, 0.8777182505607951, 0.9092932421520342, 0.8909933464351506, 0.9135259344747436, 0.48456001265129844, 0.8752923966606613, 0.8768095386648767, 0.8752923966606613, 0.8860970113961154, 0.8860970113961154, -0.167869831774345, 0.5317132176217457, 0.1983371413318335, -0.5368677556136295, -0.5561482885594304, -0.559555915454294, -0.02450295044314315, 0.0454288683940116, 0.26957332435883763, 0.15892472598518415, -0.3507218498658891, 0.06835467568265335, -0.7908037630759298, -0.19789209945324862, 0.11227308107163476, 0.11283376624871856, -0.5324971813449647, -0.6082722335050982, -0.1982736551528438, -0.4771335456833215, -0.8301687347853615, -0.3367521466301285, -0.32814486658833875, -0.3367521466301285, -0.17769583695451835, -0.24265212880656287, -0.24265212880656287, -0.8190112188846497, -0.8190112188846497, 0.4027501148753891, 0.6619292520515114, 0.8753494796697937, 0.854124111567061, 0.7923443423940653, -0.23338684132201792, 0.7714422281306783, 0.8118980892583485, 0.8119623586443226, 0.8118980892583485, -0.23121937503392317], [0.9905397422928324, 0.976682607905313, 0.5440719671602287, 0.9921877628463398, 0.9966613074908036, 0.9905397422928324, 1.0, 0.9971307669506672, 0.9999673037386942, 0.9501338441453565, 0.9995698958785266, 0.999996067380604, -0.15732529340820006, 0.9999922430490421, 0.999920349564605, 0.9940224637781284, 0.4161043569114749, 0.999831858856798, 0.9998322494707899, 0.9882604862583125, 0.9999962832943712, 0.3404551825330408, 0.656301446739485, 0.983986144910727, 0.9840469672043236, 0.9845786280180057, 0.20946658404868607, -0.19363097877820243, 0.9923293249514858, 0.9920369394648308, 0.1582954734593706, -0.2622766554727071, 0.9992865573038766, 0.9993755440655798, 0.3374518974916016, -0.33078151651248516, 0.9986139503813505, 0.9992753360038995, 0.9982204156193489, 0.3968519194576865, 0.9295805593585938, 0.9990127052657128, 0.9295805593585938, 0.9142491765089007, 0.6281521321814116, 0.9178745460283575, 0.8898925447383518, 0.6896274707308079, 0.41804332441528885, -0.07272273989149694, -0.21196401466962383, 0.9240527606849444, 0.4203636537923448, 0.9685718603624963, 0.961139547257832, -0.09103062322949972, 0.8189396414873765, 0.7959484187473358, 0.8427173251968852, 0.788924523975935, 0.7580302936488106, 0.788924523975935, 0.7495143841375029, 0.7574198457013213, 0.7577685114000575, 0.7574198457013213, 0.828412521480951, 0.29439681010876184, 0.5130764986476488, 0.6002120215003567, 0.5130764986476488, 0.5147140760921409, -0.3640339960475296, 0.4743056198374146, -0.6677019571723348, 0.38975906023787976, -0.13399219265915516, 0.3595962641264414, -0.13399219265915516, -0.14860965617659014, 0.8037007706717066, 0.8100327643296316, 0.8006208822770862, 0.7300114431231596, 0.41891155591220613, 0.8076407166742574, 0.8100722357394059, 0.8076407166742574, 0.7144077038884719, 0.7144077038884719, -0.25654597852809713, 0.6773174121767462, 0.25549746654322153, -0.568670277091478, -0.6084176640239042, -0.6112945354903565, -0.09091338702272803, -0.013681610283976938, 0.36356511397194397, 0.10565354349127754, -0.39390258322166394, 0.11066536206089617, -0.8257345194996255, -0.1111231644674134, 0.027401705788146193, 0.02816180691772269, -0.5874705676797186, -0.6107724223922925, -0.04108437259709068, -0.5732468275133619, -0.8452670001673417, -0.3361930950982129, -0.1620323481599755, -0.3361930950982129, -0.269685244504079, -0.3050228777058559, -0.3050228777058559, -0.8392411910063792, -0.8392411910063792, 0.36210774405701524, 0.6036016472396826, 0.49538008375217396, 0.8085919461099768, 0.7602812051125861, -0.30737293177124086, 0.059089952817176536, 0.7663413460346431, 0.7848246573238112, 0.7663413460346431, -0.13878064877833937], [0.9859638315884164, 0.967132626275255, 0.5318322643159445, 0.9880976986643787, 0.9945910083928483, 0.9859638315884164, 0.9971307669506672, 1.0, 0.9994512590636264, 0.9414540484012592, 0.9981846734748843, 0.9979420308556778, -0.16706631813430986, 0.998979832170946, 0.9986770394449348, 0.9865160968465714, 0.3940178609561902, 0.9990337376536282, 0.9990369298587956, 0.9852711035579614, 0.9991474422650518, 0.3126925217685608, 0.655137225206064, 0.991694518085934, 0.9816366518927043, 0.9798203978301885, 0.1890016825770453, -0.20909229724491854, 0.9886280507903713, 0.992044167269481, 0.13725624994187252, -0.26962178659828695, 0.9981094452509613, 0.9979979829594329, 0.31585072736234043, -0.33854708363599056, 0.9958847381572222, 0.9978064106236467, 0.9975571223981542, 0.3742544725440221, 0.9204135266016311, 0.9979470807159203, 0.9204135266016311, 0.9117155557860317, 0.6120634096729444, 0.9185187192979425, 0.8855149253687974, 0.6610230674924724, 0.40436715615298685, -0.0888101089595431, -0.22603630981139294, 0.9145752439989254, 0.39905530712647985, 0.9637080298896413, 0.9553850558634844, -0.10237819808184612, 0.8029518883280847, 0.7765220798256263, 0.8317672009958214, 0.770739690656288, 0.7440011703492669, 0.770739690656288, 0.7337539034210995, 0.7354835775591746, 0.7425722148430748, 0.7354835775591746, 0.8177110043477022, 0.27171154504047756, 0.48897745325929637, 0.5813901829752802, 0.48897745325929637, 0.4986568270662189, -0.3804843796916702, 0.45631801982057113, -0.6774368895303358, 0.37924184407260125, -0.15848667531727184, 0.34060185546167243, -0.15848667531727184, -0.15614224741512095, 0.7908619923953929, 0.7891336020020139, 0.7836880719623927, 0.7132623461843313, 0.4015733818124511, 0.795487173520704, 0.79818701611341, 0.795487173520704, 0.6931684610681412, 0.6931684610681412, -0.2743147110553213, 0.7091941360795406, 0.26385970197090286, -0.5789409971774746, -0.6230403546640069, -0.6257317349573083, -0.10704019783185986, -0.02297905620152985, 0.3566914418995039, 0.0857110645122324, -0.4079574759212595, 0.10124920236005058, -0.8332087203804996, -0.11774771373294524, 0.009940392032045864, 0.010738332990582834, -0.6008068106691944, -0.6123056886714467, -0.048067075850672956, -0.5929481072798463, -0.846003781616629, -0.34867139144109605, -0.16841676105549114, -0.34867139144109605, -0.2895643119346161, -0.32040959056071816, -0.32040959056071816, -0.8383536422199904, -0.8383536422199904, 0.33713339824464017, 0.5848433546715351, 0.47523221529408743, 0.7898337409441021, 0.7463411017798048, -0.3313296682641581, 0.043870965876681337, 0.7462914541906114, 0.7684965176792675, 0.7462914541906114, -0.12035089387363117], [0.9911811504522894, 0.9764517737284241, 0.43724480853088915, 0.9932024948880797, 0.9968541535524293, 0.9911811504522894, 0.9999673037386942, 0.9994512590636264, 1.0, 0.9488595859212551, 0.9995134387173016, 0.999968260335273, -0.33231087373938256, 0.9999728917249596, 0.9999330062160923, 0.998089199325601, 0.31072336651531796, 0.9997711872481233, 0.9997718106742556, 0.9880496319776981, 0.9999653171267507, 0.1123873548543946, 0.6109528995447272, 0.9939520095143703, 0.9938946178726012, 0.9844204305687034, 0.012145312958964689, -0.13334235600149055, 0.9908424621951942, 0.9908100232895256, -0.04347174464242111, -0.2230923276893832, 0.9993031889428877, 0.9992628558989632, 0.7497060487317807, -0.5340132823620793, 0.9985191137092098, 0.9992559328051708, 0.9991568259333204, 0.28788921761084024, 0.9991436469223434, 0.9991490783797955, 0.9991436469223434, 0.914048717246215, 0.6292324231247978, 0.917532560669581, 0.889238806232109, 0.6889158451451908, 0.013242860581611523, -0.5213070449924939, -0.187582951739317, 0.919182159934703, 0.36921593958997323, 0.9624105404173682, 0.9614188676704292, 0.8502338544502975, 0.820166942621758, 0.8707865998708489, 0.8438222846964771, 0.8688039439891864, 0.8695842334624451, 0.8688039439891864, 0.7488933250862422, 0.810301331751762, 0.8120472488556008, 0.810301331751762, 0.8301518211766934, 0.7181393028981546, 0.8194303496007866, 0.8209797705775956, 0.8194303496007866, 0.5137447956351674, 0.333080931571333, 0.4737882139418245, -0.6992696549499638, 0.45009319497391836, 0.41332425716520993, 0.4133484342880991, 0.41332425716520993, -0.10427672583509925, 0.8044398746884772, 0.8097425186725776, 0.8007413008837015, 0.8612063242052069, 0.3462397235524095, 0.8141722840169616, 0.8166749003212105, 0.8141722840169616, 0.8225330287756504, 0.8225330287756504, -0.25893674216872725, 0.678299784519028, 0.08135914013701544, -0.5821197471418331, -0.6509817928389507, -0.6518219002008216, -0.094616293292372, -0.011053407471367311, -0.14609949050561558, -0.07956299775982976, -0.4453217093667386, -0.3457008938530026, -0.879182015666097, -0.5487727521076281, 0.02643170818401208, 0.027158638195364872, -0.5894567864143919, -0.6067008050540161, -0.5136020442080774, -0.5755050486737324, -0.8215247599908815, -0.5854656462529991, -0.5874642027742202, -0.5854656462529991, -0.2724799398441921, -0.30928942242007984, -0.30928942242007984, -0.8014816471552582, -0.8014816471552582, 0.3626445614346792, 0.6022352182454697, 0.8237112482810686, 0.8020939854571607, 0.758595847285503, -0.3371148185216132, 0.6443173913215604, 0.714132324982907, 0.714298115422842, 0.714132324982907, 0.10714603534308739], [0.9726913847807402, 0.9566362358235391, 0.3753471597678296, 0.9704178744501261, 0.9595779100096586, 0.9726913847807402, 0.9501338441453565, 0.9414540484012592, 0.9488595859212551, 1.0, 0.9203986077921045, 0.9501715234765417, -0.27686911330681785, 0.9498165551139893, 0.9490886205194959, 0.9510239485322467, 0.1236917252842135, 0.9560091017454029, 0.9559832903188668, 0.9503167416165518, 0.9503074565421311, 0.04002985426086591, 0.6624016865938085, 0.9521571518629433, 0.9523769352628013, 0.8122839104365704, 0.11106322601944087, -0.11509560102996638, 0.9587648790239496, 0.9589029989339869, 0.09805407053499954, 0.04537002336603868, 0.960438031671786, 0.9607211742141044, 0.8476665525024343, -0.4619848691746372, 0.9327638432627589, 0.9596106814409417, 0.9611144542191339, 0.10070641543433762, 0.9618554365113555, 0.9618179918257381, 0.9618554365113555, 0.7795975318842039, 0.42539090864643214, 0.7326569478154535, 0.8575396690336993, 0.8353463762142321, -0.5537203294319326, -0.6849936767111033, -0.3099076874206336, 0.8665552278523009, 0.09091771573047121, 0.8996298210429686, 0.8996755673880927, 0.8548034018372728, 0.847750060327685, 0.8813709420005892, 0.8579994342515785, 0.8730454691692335, 0.8739109101405331, 0.8730454691692335, 0.7959335140584449, 0.7739758910600089, 0.7761289793343122, 0.7739758910600089, 0.8498339651907766, 0.8708219948511461, 0.8479394685754968, 0.8487627730952528, 0.8479394685754968, 0.6159699878765789, 0.5356309092428313, 0.6172426623021116, -0.422729037671604, 0.6374029187168175, 0.659048788268579, 0.6622313220225752, 0.659048788268579, -0.2596971563278638, 0.8548322217092122, 0.9170578800295651, 0.8734462918248265, 0.8718717850326175, 0.2258798920559996, 0.8465781336710623, 0.8479801042003545, 0.8465781336710623, 0.8587891903537379, 0.8587891903537379, 0.010624122352071516, 0.2622037864716925, -0.08588171957130443, -0.48591012812483825, -0.39287445932076465, -0.3948183661928171, 0.07600433792483076, 0.38078212952617896, 0.10960188662936941, -0.010451841303896175, -0.3275301221434124, 0.018611419088065392, -0.8126768416107943, -0.14326573243111174, 0.27039783191485456, 0.2692962863502088, -0.34957726271875034, -0.4381268118272734, -0.30309291551947637, -0.30752380186261724, -0.6872002514436486, -0.32477443214614293, -0.32667803839654463, -0.32477443214614293, -0.057601525722051176, -0.3418176882491567, -0.3418176882491567, -0.5376998045369008, -0.5376998045369008, 0.5766590742059461, 0.6751911681437487, 0.7605754471275877, 0.6695214953903436, 0.8395292689758812, -0.43451919039876047, 0.3891173461508946, 0.5663365111864982, 0.5666294501695983, 0.5663365111864982, -0.223995279193535], [0.9810040577305841, 0.9787226508764595, 0.9965578680655965, 0.9863241192721909, 0.995059604922246, 0.9810040577305841, 0.9995698958785266, 0.9981846734748843, 0.9995134387173016, 0.9203986077921045, 1.0, 0.9995667406292541, 0.999563124593042, 0.9995146694994105, 0.9995514755330173, 0.998483985930488, -0.35414472676057146, 0.9997206617722338, 0.9997248575669773, 0.999575106510704, 0.9995749588659354, -0.28599144925063863, 0.9596205617552719, 0.9920149458239957, 0.9919870567492903, 0.9878830356805364, -0.017605884400051567, 0.06960337958633019, 0.9891548876400466, 0.98921871091175, 0.9710130568283248, -0.0059135944080767255, 0.9986551800264871, 0.9986000348886696, 0.9983892450167748, 0.9992272164949447, 0.999162020898786, 0.9986438075281455, 0.9984147422070272, -0.36497788613759435, 0.9983329737462212, 0.9983445009305302, 0.9983329737462212, 0.9078130034137618, 0.49264852953199295, 0.9131857811538152, 0.8873486764951961, 0.6907111999708658, -0.5451634338589973, -0.66479195259591, 0.7983266178085742, 0.8068139225321593, -0.2754544016836072, 0.9210231114248892, 0.9212111264708834, 0.8448407776356442, 0.8551458453499207, 0.8198848710340529, 0.8227550573204994, 0.8294849242884474, 0.8304861388824395, 0.8294849242884474, 0.6460921942436348, 0.5996587619769631, 0.6022629913894452, 0.5996587619769631, 0.8563770952894867, 0.8660311625493153, 0.8546653884588118, 0.8562369747440823, 0.8546653884588118, 0.28874727124307764, 0.22046201760681292, 0.3496203538155187, 0.4732047294109558, 0.3401965659422501, 0.3917936362540183, 0.39445538084976783, 0.3917936362540183, -0.4127327361848598, 0.7609522267372282, 0.8142599261984166, 0.7929665402941762, 0.854054157990306, -0.09803317835791646, 0.753171268175447, 0.7537230805591071, 0.753171268175447, 0.7684231375146849, 0.7684231375146849, -0.32137851875824447, 0.6691972263090232, -0.4032772259592261, -0.6729049708542972, -0.5474915807556185, -0.5497616272428019, -0.35670421084790493, 0.14213032960375957, -0.2666608280512408, -0.4297963311578666, -0.6142202414244596, -0.34085917869275123, -0.6276253212335172, -0.40642456285865225, 0.012325120681986133, 0.00816538728535029, -0.5615871051537604, -0.5256932239266926, -0.543983061408951, -0.5780716152441435, -0.5724741810310208, -0.5475661613892757, -0.5504458564598501, -0.5475661613892757, -0.4408036037551476, -0.6012529331934465, -0.6012529331934465, -0.6052713073238707, -0.6052713073238707, 0.35774745626647125, 0.35982603919097667, 0.4697032696418027, 0.5548988109345966, 0.5532462181541516, -0.5466724964120556, 0.30190894667682355, 0.32159054982500995, 0.32177887332778426, 0.32159054982500995, 0.2400696469587001], [0.9905856834266709, 0.9767335177249521, 0.5440874270525278, 0.9922211900689787, 0.9966804611381522, 0.9905856834266709, 0.999996067380604, 0.9979420308556778, 0.999968260335273, 0.9501715234765417, 0.9995667406292541, 1.0, -0.15698619532361563, 0.9999941789360891, 0.9999255535070274, 0.9948521931713533, 0.4162049338606593, 0.9998333414433856, 0.9998337054110209, 0.9883066268807484, 0.9999969435849585, 0.3407950719480709, 0.6563727517473819, 0.9895000269850436, 0.9840350255011286, 0.9845585438604398, 0.20975198836124168, -0.19357774517951426, 0.9923268433122433, 0.9920505839745408, 0.1585456160396173, -0.2622492671943245, 0.9992891042685316, 0.9993805452140998, 0.3374211082960497, -0.330558199257295, 0.9986162158110823, 0.9992845651259252, 0.9982246360355361, 0.39695963853020544, 0.9295620933258326, 0.9990159562070102, 0.9295620933258326, 0.9142890043722336, 0.6283223972729933, 0.9181295805108212, 0.8901380616183284, 0.6897955447697802, 0.4184614192591209, -0.07224300500459728, -0.2115757864217582, 0.9241448954623389, 0.4204661070361517, 0.9686737663488367, 0.9612172522149516, -0.09083025467103235, 0.8191022656026519, 0.79606076772149, 0.842837744964008, 0.7890343060726485, 0.757966482092417, 0.7890343060726485, 0.7495881525899786, 0.7574830461266187, 0.757699191048773, 0.7574830461266187, 0.828576331733761, 0.29425767491388055, 0.5130852878254379, 0.6001158580888357, 0.5130852878254379, 0.5146479974930017, -0.36405717365632495, 0.47425175907801365, -0.6675928847630794, 0.38963208106452585, -0.13412931337563688, 0.35963673611767977, -0.13412931337563688, -0.14876478301947982, 0.8037714903236399, 0.8101759106822676, 0.8007185605321506, 0.730002207434538, 0.41902157656830585, 0.8077270167662582, 0.8101536843576349, 0.8077270167662582, 0.714488377074717, 0.714488377074717, -0.25653985118921696, 0.6773244458740456, 0.25562019204068814, -0.5686648617539405, -0.6083299028917312, -0.6112127298934162, -0.0909926422207109, -0.013843053513402806, 0.36374709965158364, 0.10568947620853918, -0.39392560983286984, 0.11094067826493634, -0.8254509514007163, -0.11081472429352797, 0.027433803269913203, 0.02821063980429764, -0.5874591186166124, -0.6105902064377144, -0.040818391827245455, -0.5732285433764521, -0.8451541127283584, -0.3359495846339865, -0.16181079706436532, -0.3359495846339865, -0.26953656377488566, -0.3049767419823822, -0.3049767419823822, -0.8391867847969816, -0.8391867847969816, 0.36265407296689556, 0.6037715102845339, 0.49564373638459014, 0.8088679711537637, 0.7603865359051629, -0.30713017967125744, 0.059388421528380995, 0.7666081644755465, 0.7849512986876904, 0.7666081644755465, -0.13880832221660336], [-0.13914775648297115, 0.9766909475482555, 0.5180942014746459, -0.14377252059308462, -0.35892554883777233, -0.13914775648297115, -0.15732529340820006, -0.16706631813430986, -0.33231087373938256, -0.27686911330681785, 0.999563124593042, -0.15698619532361563, 1.0, -0.15634704352634318, -0.15220989102906313, -0.1278917548262085, -0.29145744455835776, -0.15781521760737152, -0.1578321853173924, -0.28084876109841556, -0.15741398854844094, 0.023937377332854757, 0.30888376719758487, -0.19243580885479078, -0.1927749055937351, 0.984536576904217, 0.24599597065634726, 0.18625978144435826, -0.19232380234535038, -0.19294456838224117, 0.5364552280871762, 0.12030984316509273, -0.15476138298430006, -0.31709151488975157, 0.16402445099469365, 0.9612042894216896, 0.9986140649946296, -0.34920105557775755, -0.14943429543913592, -0.2812750121808299, -0.15512418707149742, -0.15548806233571882, -0.15512418707149742, 0.9143613276972837, -0.11923687893892428, 0.918093148169362, 0.890070182784214, 0.6897755251952123, 0.08386871591723431, 0.25703727165124257, 0.6445904377695345, -0.2720642272903383, -0.2960602580380389, -0.07050865327023943, -0.3085910161529392, 0.024428903321886564, 0.25894851561910476, -0.0253016964179431, -0.31679558289385223, -0.02326864716520923, -0.012711461309499853, -0.02326864716520923, -0.4250589312463209, -0.1106858871733697, -0.11253797288099894, -0.1106858871733697, -0.2156983655291406, 0.06814595393892488, 0.04380409302713478, 0.044008574992416796, 0.04380409302713478, -0.41670762344910883, 0.007185825107878683, -0.38048298095414257, 0.6236010854904315, -0.3495673928761969, 0.008105745513054556, -0.06257250923225233, 0.008105745513054556, -0.3058752042934064, -0.3513157647513252, 0.8101580037664208, -0.13590638541865158, 0.011001066629438042, -0.21778267059452253, -0.2716415563442779, -0.270501438382909, -0.2716415563442779, -0.03130930677957575, -0.03130930677957575, -0.2347267746383207, 0.6772469009682568, -0.16262175578475346, -0.010177568609213723, 0.20178109825977983, 0.20057298617487726, -0.25040464954997366, -0.011046762316159387, 0.020258019224658416, -0.17183934967951361, -0.10701316174415594, 0.04337905939796874, 0.3909307846876268, 0.1170016630620926, -0.0420281033481197, -0.04588602842117978, 0.08954997560053757, 0.5737067225881731, 0.09525231250298206, -0.18500308634198423, 0.6189318358290347, 0.10027268843542012, 0.10781018695493472, 0.10027268843542012, -0.23634092879191468, -0.19476969633628066, -0.19476969633628066, 0.3276308279225329, 0.3276308279225329, 0.36276555317699893, -0.2550103740046754, 0.01487999880193768, 0.08912373823297946, -0.2543530355357849, 0.076075380233037, 0.1524996327989437, 0.10335116730614792, 0.10337736842565708, 0.10335116730614792, 0.12772167598210932], [0.9906529721879669, 0.9764960890266877, 0.5444396002272014, 0.9922596554307107, 0.996712008964577, 0.9906529721879669, 0.9999922430490421, 0.998979832170946, 0.9999728917249596, 0.9498165551139893, 0.9995146694994105, 0.9999941789360891, -0.15634704352634318, 1.0, 0.9999374326711565, 0.9974506833201723, 0.4163299176774098, 0.9998364841746094, 0.999836754810706, 0.9884735110787439, 0.9999942010190814, 0.34149867405022405, 0.6562061452697061, 0.9930659324766057, 0.9929498724308558, 0.9844274834534901, 0.2100512698724859, -0.1936253173220467, 0.9930693707532695, 0.9931166765971978, 0.15936102319639395, -0.26207635053559486, 0.9993406246861978, 0.9993798595429674, 0.33633157422614524, -0.3296742156932893, 0.9985505437568755, 0.9992880473209875, 0.998535422429127, 0.39711058495038515, 0.9290283854025302, 0.9990733541371484, 0.9290283854025302, 0.9145810462034828, 0.6290853488087919, 0.9185117737952772, 0.8905235703098293, 0.6894684722847821, 0.41990312641002997, -0.07058741928834864, -0.2117813019012946, 0.9245603666986706, 0.4207697256034294, 0.9691051001674625, 0.9615998463925072, -0.09187918267513986, 0.8193796009412383, 0.7959784208187072, 0.8431041415379583, 0.7889943871015118, 0.757572783678446, 0.7889943871015118, 0.7497838294835165, 0.757436445904728, 0.7581292138900021, 0.757436445904728, 0.8289336033301646, 0.2935527561635127, 0.5125510938807039, 0.6001512169781343, 0.5125510938807039, 0.5144675155440981, -0.3652653474296102, 0.4741408211361037, -0.6677485813956977, 0.38921875198477024, -0.13516789748653438, 0.35927631646813846, -0.13516789748653438, -0.14870652606161613, 0.80390606169367, 0.8097313289178001, 0.8008051267053503, 0.719788850795708, 0.41942989517678414, 0.807854324301298, 0.8102698224636591, 0.807854324301298, 0.7142873516093144, 0.7142873516093144, -0.2582727714393582, 0.6782895563822149, 0.2561437178352822, -0.5686352426441902, -0.608730263580671, -0.6116184060404325, -0.09221123376777705, -0.015156638036086993, 0.3640535520137312, 0.1052195398876696, -0.3942035815379988, 0.11101654647461548, -0.8245417996780283, -0.11065538123479193, 0.02633390586045188, 0.0271069870394066, -0.5881285532320333, -0.6109119416700524, -0.040220574000796455, -0.5746701984043173, -0.845140507953876, -0.3358847171539149, -0.16123657903958524, -0.3358847171539149, -0.2705919978923961, -0.3054732190365072, -0.3054732190365072, -0.8395450205062523, -0.8395450205062523, 0.36283021428332074, 0.6034519256553929, 0.4950733962529621, 0.8093280421013574, 0.7598215555072937, -0.30662733762696115, 0.05868940413846603, 0.767015103452704, 0.7855651136345743, 0.767015103452704, -0.13847351294984747], [0.9907134909432662, 0.9757147004759128, 0.5473295589760021, 0.9923118720743764, 0.9967318411678918, 0.9907134909432662, 0.999920349564605, 0.9986770394449348, 0.9999330062160923, 0.9490886205194959, 0.9995514755330173, 0.9999255535070274, -0.15220989102906313, 0.9999374326711565, 1.0, 0.9975705875686576, 0.4141091064471178, 0.9997859769565245, 0.9997872545185962, 0.9884046120506552, 0.9999215112048481, 0.34235193693945787, 0.658376928283794, 0.9923856714764471, 0.9833943230475468, 0.9845161037429221, 0.21168744515943763, -0.19251630002587106, 0.9921765750396954, 0.992187463749975, 0.162595552302037, -0.26249759991241317, 0.9993434739765371, 0.9992262565212501, 0.3368629875294582, -0.32532551283016947, 0.9984553749193414, 0.9992576772457953, 0.9985134547093572, 0.3949035408962957, 0.9280375567255642, 0.9990951188124628, 0.9280375567255642, 0.9128993522333717, 0.6291673214920838, 0.9168937564099121, 0.8886220960496302, 0.6864837407879362, 0.42035407121558027, -0.06914752643045471, -0.21239308405970678, 0.9238211742776041, 0.41798586154150397, 0.9693914192673758, 0.9610996643652976, -0.09447311819923838, 0.818583710711895, 0.7965119755582126, 0.8431796046880972, 0.7895367703469477, 0.7598221065717568, 0.7895367703469477, 0.7483153628646781, 0.7570614007719891, 0.759240312057006, 0.7570614007719891, 0.8294234692383664, 0.2941863591222506, 0.5127718062020002, 0.6015705535187323, 0.5127718062020002, 0.5131716797101534, -0.36755648144408753, 0.47286725862121753, -0.6651797425078654, 0.3882408410798604, -0.13605451012452258, 0.35955691483355184, -0.13605451012452258, -0.15235287705099576, 0.8037198496260874, 0.8086321760381877, 0.7999902741237996, 0.7319647248759809, 0.4181462228831324, 0.8077686692208096, 0.8101405300665739, 0.8077686692208096, 0.7147456281703173, 0.7147456281703173, -0.25877140852831554, 0.6806449525930975, 0.25608912941332407, -0.570794944700097, -0.6087590306828177, -0.6116724078443673, -0.09432939534065123, -0.016220226464705206, 0.36490460068498115, 0.10361303033338311, -0.3968181267575844, 0.11191193680747212, -0.8230779312136692, -0.10929108096913993, 0.025864276865939225, 0.026581415914561386, -0.5894529619133576, -0.6059397809230641, -0.03915563666218468, -0.5756422058407272, -0.8428820244406099, -0.33566309404406436, -0.15989106710992376, -0.33566309404406436, -0.27111241749365306, -0.30890577186510954, -0.30890577186510954, -0.8372754407209434, -0.8372754407209434, 0.3602062516799011, 0.6009934590987593, 0.4932095107799383, 0.8099719836420206, 0.7580233128486306, -0.30826336171443014, 0.056623816460498945, 0.767565369703326, 0.786887694911685, 0.767565369703326, -0.13782696272506967], [0.9934211805387878, 0.9846744390301309, 0.5841763231647438, 0.9950241962033883, 0.9977852783351526, 0.9934211805387878, 0.9940224637781284, 0.9865160968465714, 0.998089199325601, 0.9510239485322467, 0.998483985930488, 0.9948521931713533, -0.12789175482