var config = { responsive: true }

var correlationAdjClose = {"data": [{"type": "heatmap", "z": [[1.0, 0.9999930441178784, 0.9839605755302503, 0.9999204721662553, 0.9988253456640598, 0.9888835495067557, 0.9973686528676254, 0.9949951403262547, 0.9952820151071262, 0.9796747944631964, 0.9912977095002515, 0.9951478021694417, 0.9943248153192763, 0.9950528683679594, 0.9952042919072314, 0.9963921827473359, 0.9981802576586865, 0.995811935726465, 0.9958321086747624, 0.9958457244271715, 0.9951003181959129, 0.9848698434224656, 0.9676506482446479, 0.9871678298578529, 0.9859580763288218, 0.9782166303211564, 0.9616583719743609, 0.9397244941826282, 0.9946160743705856, 0.994747238318737, 0.9917617600819455, 0.9746374823731655, 0.9972794472502229, 0.9975968693717626, 0.9969311674706844, 0.9952163040840605, 0.9946318317383784, 0.9974336613106958, 0.9975021147430921, 0.9986362694883536, 0.9972161046352362, 0.9972332881319073, 0.9759476508898276, 0.9262443688772359, 0.7619266855215969, 0.901566142956488, 0.9155943009103611, 0.8500159675410727, 0.9704215069486445, 0.9444914809795341, 0.9715662479099119, 0.9677230834652671, 0.9626887508492602, 0.9864140612286668, 0.9827646357389872, 0.9831992380005757, 0.975819121657395, 0.9851515470020736, 0.9823971990024846, 0.985814619069694, 0.9855855418187786, 0.9631891607703997, 0.9647537300629228, 0.9705365822434194, 0.9702242026045603, 0.9415372258335838, 0.9742866590427329, 0.9727737970529904, 0.9811556338991589, 0.9802339849295868, 0.9340202886422745, 0.8517307616192056, 0.8198508058159975, 0.87049769022296, 0.8996784328221517, 0.893687999550397, 0.8982054335164692, 0.8969964492885387, 0.606643266214808, -0.516609377493952, 0.9750408262343278, 0.964612237480432, 0.9612455387707571, 0.9841514566780881, 0.9483566977898281, 0.9803333201034471, 0.9803130896132438, 0.9421600063434761, 0.9806859406321671, 0.9469220579486864, 0.5995080996148259, 0.8378667062716839, 0.9104960809111381, 0.1479704249684943, 0.914842063217078, 0.9364597684459842, 0.806124341887789, 0.9542508433415735, 0.8963277031202854, 0.669962305922314, 0.4523938316976618, 0.8919849765627063, 0.8611655910547582, 0.8880676175912976, 0.9656894969579825, 0.9659935130615563, 0.7378195607756253, 0.6979305034457678, 0.8285844139634416, 0.3270714589153825, 0.7947507605646158, 0.8327925822857534, 0.8191962102140221, 0.8174550974508827, 0.7336360310899919, 0.7371632220157568, 0.7165635857088546, -0.2283953088123908, -0.36175418715133023, 0.6147028139636298, 0.9008796674355013, 0.9470980893760192, 0.9506085359885721, 0.9197807488644978, 0.8278968372934118, 0.918366903851149, 0.9405682445651345, 0.9403287095203049, 0.8756023238920675], [0.9999930441178784, 1.0, 0.9804316398582138, 0.9997493697784444, 0.997215366507334, 0.9899586752658939, 0.9923624882662203, 0.9873636885267066, 0.9874085157353807, 0.9655731638348536, 0.9900708008134403, 0.9876550987122846, 0.9874452022715493, 0.9875000949077812, 0.9876072745755797, 0.9928819565787654, 0.995108119532981, 0.9912024823790623, 0.9912044204743956, 0.9874958016048596, 0.9875642814391473, 0.986666223137084, 0.9579403402500473, 0.98234323638353, 0.9819126342960158, 0.9781018579475469, 0.969108561522579, 0.9012689001972362, 0.988035859792908, 0.983185505890796, 0.9757985850486492, 0.9092653628314176, 0.9942411696415987, 0.9940341629169518, 0.9943451974358496, 0.98894882484046, 0.993672121675584, 0.9943193649802737, 0.9946728436469658, 0.9964852227923731, 0.9943560629640538, 0.9943662503809735, 0.9842618102761382, 0.9258487861133035, 0.6447937463962962, 0.9013088298582148, 0.9157440435771185, 0.8501473068148886, 0.8877273425789449, 0.9138859314445792, 0.8916625435171298, 0.9048544233682805, 0.8865340647196017, 0.956651256392715, 0.9565335365491916, 0.9711649116857552, 0.9758266496676331, 0.9686030895240902, 0.9682221248059074, 0.9716932342238584, 0.971600746517857, 0.9284653501299549, 0.9368596718374714, 0.897837621984769, 0.8976941747969869, 0.7797220643849879, 0.9656441181744021, 0.9682348170987957, 0.9685637857330849, 0.9679449133339547, 0.9240290842670493, 0.6132516522916289, 0.5512111605069575, 0.7151781404062808, 0.8184945237418686, 0.7385898997873326, 0.7812198218548048, 0.7795541895973952, 0.5411648189456303, -0.2676054097201906, 0.9506057868342698, 0.9589660182353826, 0.9502673080596967, 0.9722673011514597, 0.9278396998247312, 0.9559633440899965, 0.9548505244602515, 0.8885604186317692, 0.959518885861522, 0.8956233722708478, 0.38879944808026884, 0.8373596899110778, 0.8392469372996143, -0.2644267698706172, 0.5911059405632215, 0.7004095766927613, 0.6158057845799692, 0.9497749037389928, 0.6363661197854679, -0.18764817723303762, -0.11827535119398316, 0.6031117246553513, 0.6117544731650008, 0.6584894500217605, 0.9515909112824573, 0.9513938736713035, -0.11203335660765366, 0.11567988404323316, -0.03185531665745276, -0.06320397132010155, -0.03575837457039577, -0.019606796196751704, -0.050646902263789075, -0.08927837414231962, 0.2890893346108207, 0.044251846801481934, -0.002223140658053607, -0.4582908136889193, -0.4867685347655125, 0.6152514422119844, 0.7423028511848886, 0.7641512005114567, 0.8275683610557402, 0.8210230831925106, 0.5224549209036469, 0.7290631671626993, 0.7628742199763551, 0.7614614616292213, 0.41350878625795096], [0.9839605755302503, 0.9804316398582138, 1.0, 0.9854258959568154, 0.9923499268675573, 0.9893382984965853, 0.9906013648711985, 0.9909231859414659, 0.9942472379157201, 0.9531350746370435, 0.9966968770339887, 0.9908294870702848, 0.9927876282507287, 0.9909886206126354, 0.990897903566163, 0.991454883002199, 0.989232649778333, 0.9894300785761891, 0.9894020555960327, 0.9927491246462975, 0.9908569361472146, 0.9929783793471959, 0.9776327680694339, 0.9902889353464741, 0.9906674575985907, 0.9761979060747229, 0.9806337077668755, 0.9435106771609043, 0.973768243478413, 0.9770411441483177, 0.978337118860109, 0.9497161713882128, 0.9878259741198966, 0.9909493293942233, 0.989131000595597, 0.992991398601073, 0.9943366183156263, 0.991944722157434, 0.9871901144350949, 0.9873226981539659, 0.9880990174952667, 0.9874582794846436, 0.9899873007680324, 0.9259059684524438, 0.7038520664047015, 0.9286456041628879, 0.9029517837921419, 0.7525395822915825, 0.9314397531775942, 0.8994463223891531, 0.9326004002925341, 0.9275851626203583, 0.9202070567127477, 0.9537157137068284, 0.9604881702169807, 0.9274029756871751, 0.9427025970802816, 0.9507057327570777, 0.9558825679533189, 0.9514270661733469, 0.9256978347219031, 0.8880990322581624, 0.919842102403929, 0.9213983593968098, 0.905390862254139, 0.8542905072009619, 0.9557615091795099, 0.9327110223568218, 0.9512982626064833, 0.9294307989458387, 0.7514320944285584, 0.7874787127163749, 0.726077299438403, 0.8080309571542675, 0.8568144683758118, 0.8532066574650543, 0.82708898038602, 0.840710638940654, 0.2795448689402231, -0.5225136691843104, 0.9408953749057061, 0.9085239382310919, 0.9147463602771376, 0.9280482539251586, 0.9118947069613123, 0.9469821676201503, 0.9467146192818401, 0.903595421140227, 0.9439564972931838, 0.823696044046646, 0.5682454083279173, 0.9211120251418067, 0.9300894294918292, 0.06478275647934417, 0.8933241286102694, 0.9178858159234151, 0.7912828059984022, 0.975995917197425, 0.7788875678596924, 0.5791475968348146, 0.3711554229443136, 0.7852178815977771, 0.785681953397101, 0.7736088746252827, 0.9799669094773364, 0.9800538240031749, 0.654944517224161, 0.629515497814858, 0.716183357660883, 0.2534994594973601, 0.6885110896135626, 0.7125121590524349, 0.7279812943613528, 0.7089973215768216, 0.6838644473778578, 0.6603869853532245, 0.6377037852370288, -0.3063665951236066, -0.43898691816957125, 0.5627650139312764, 0.8593725852107726, 0.8975136004384251, 0.8981910970803293, 0.8920112003064834, 0.7562844646867228, 0.8716404620239674, 0.8859824993275902, 0.8950053587963883, 0.7402824330471072], [0.9999204721662553, 0.9997493697784444, 0.9854258959568154, 1.0, 0.999148343117204, 0.9897619598591317, 0.9977458502826063, 0.9955552565907863, 0.9959538094168032, 0.979442686170495, 0.9929783616788814, 0.9956902426693838, 0.9950806714050107, 0.9956111349007206, 0.9957385328085183, 0.9969264526742965, 0.9985058023252059, 0.9962995613332178, 0.9963167435003035, 0.9964254151963005, 0.995645119421114, 0.9861787357840405, 0.9689983199425182, 0.9883228820533824, 0.9872240990619021, 0.9811002884539255, 0.9638309420403152, 0.9409567367521418, 0.9941797536837503, 0.9944885076185378, 0.9919556523034369, 0.9743929006402123, 0.9974709101980666, 0.9979517426547506, 0.9972793786856069, 0.9958278026257369, 0.9956211262912609, 0.9978279342540602, 0.9976395153768272, 0.9987999018725063, 0.9973975743155212, 0.9974110750789899, 0.9777846410492297, 0.9220277214624828, 0.7556287891948112, 0.9022626980741416, 0.9123424543753192, 0.8392585965570792, 0.9676021334308982, 0.941053212498642, 0.9686311425376803, 0.9651210060492436, 0.9599326628632319, 0.9843768041105492, 0.9812653548239418, 0.981244545493032, 0.97364230421641, 0.9834121683596333, 0.9813415608383496, 0.9839955320076187, 0.9837664808692231, 0.9479943360083678, 0.9628916387749427, 0.9687492054911131, 0.9684393175896211, 0.9343581902128202, 0.9733527271398752, 0.9686831473857208, 0.9791433740460829, 0.9781828388201251, 0.9028240972790644, 0.8494414419221943, 0.8147270727982429, 0.867867614723919, 0.8957805323977301, 0.8926635614634937, 0.8949232194872504, 0.8937974180053538, 0.4995335685898874, -0.5168959454416369, 0.9736039630162031, 0.9618185533583814, 0.9586465779522906, 0.9822052441941788, 0.9466836937013948, 0.9790775325950618, 0.979062350857268, 0.9406775276579316, 0.9787198842971017, 0.9241956304230746, 0.60551074321675, 0.8480184276199472, 0.9151557814916548, 0.14794614913411855, 0.9166190710770543, 0.9379860374613448, 0.8065585054999161, 0.9558322016763924, 0.8902465833487486, 0.6670711593138632, 0.44993582076603666, 0.8870019873526093, 0.857721351266664, 0.8827451150469176, 0.9668663909734782, 0.9671782716665378, 0.7370561531992712, 0.6984148304326508, 0.820715579821765, 0.32939416272943156, 0.7892873314199786, 0.8246372102029929, 0.8111172427596987, 0.8122869436164919, 0.7368219336330903, 0.7374411583720791, 0.7169036327887879, -0.2237747205286068, -0.3609747316183697, 0.6125110859074604, 0.899105569754919, 0.9454724807358875, 0.9490163506205894, 0.9188401653813284, 0.8251768076888923, 0.9165405962568433, 0.9385146471660539, 0.9384307900557268, 0.8678920034746822], [0.9988253456640598, 0.997215366507334, 0.9923499268675573, 0.999148343117204, 1.0, 0.9923663910138494, 0.9990475599250083, 0.9981729175111498, 0.9982277442416339, 0.9724419027206533, 0.9974169021576229, 0.9982280247888005, 0.997968443691193, 0.9982091246156386, 0.9982774929395402, 0.9985337434179115, 0.9991113707502549, 0.9986300775824092, 0.9986341640792339, 0.998308644314135, 0.9982122330708827, 0.9931959457271069, 0.976667953005162, 0.9932590197148422, 0.9931637531643538, 0.9852991745417818, 0.9784367644913623, 0.9442451677340056, 0.9908250697212977, 0.9929736107882199, 0.9899518012972758, 0.965080310816957, 0.9989710430624551, 0.9989952917980506, 0.9989779236997596, 0.9983402994643381, 0.998537468996695, 0.9990751909172934, 0.9991382089666724, 0.9990705505745007, 0.9989534460050478, 0.9989553163492562, 0.9884192916546038, 0.9318805650164421, 0.7313847615435698, 0.9190268638080453, 0.9149611859602325, 0.8181873820440404, 0.9522922030078316, 0.9267229718805073, 0.9558680864187248, 0.9563426373102721, 0.9510807560854344, 0.9803194762219818, 0.9802436153667006, 0.9764587195947623, 0.966543831696246, 0.9774582157957696, 0.9761833013807341, 0.9777696571094877, 0.9774866321760601, 0.9493502069074463, 0.9512179237749881, 0.9473479904201721, 0.9469506021761632, 0.8964271944533567, 0.9696681744495039, 0.9664012935553455, 0.9735355532537324, 0.9725084137335691, 0.9273942008023288, 0.8220721004881396, 0.7727955217584173, 0.8479002961864784, 0.8965178713955666, 0.8761679383828151, 0.8855284599291889, 0.8844522873231203, 0.6560947880764932, -0.5895790112692345, 0.965221755570836, 0.9474214790624245, 0.9459646351763835, 0.9777586247983655, 0.9283288963178995, 0.9702654257663987, 0.9697812034697433, 0.9277528559468161, 0.972523574435424, 0.9325291431905796, 0.5903297890752616, 0.8746859254100098, 0.9367684032591003, 0.03999144375936132, 0.8910524663161119, 0.9194091880934624, 0.7997720789218592, 0.9621503694447737, 0.8770585094068218, 0.5214997582525823, 0.32193284991478294, 0.8640691287443902, 0.8140989419034736, 0.8651283352108741, 0.9715559638364295, 0.9718023784044515, 0.6882112589940199, 0.6773016020314164, 0.7328294542010206, 0.3017789576223321, 0.6655672107928295, 0.738795221998321, 0.71420498928239, 0.6945493054714234, 0.7188569860890099, 0.7186301743472028, 0.6970429340605367, -0.45358051459863735, -0.5272610070167763, 0.5983636319755938, 0.8911775673017225, 0.9287651853947719, 0.9395717811876684, 0.9147511064464229, 0.7991803046167011, 0.8969877575246451, 0.9218879751432449, 0.9213419659518076, 0.8007220235210214], [0.9888835495067557, 0.9899586752658939, 0.9893382984965853, 0.9897619598591317, 0.9923663910138494, 1.0, 0.9893455764232754, 0.9890415547976216, 0.9884032590014451, 0.9663016493228178, 0.97804155708223, 0.9890142400511797, 0.9900420877277248, 0.9891054910600598, 0.9892021152318744, 0.9920227585727464, 0.9900457297990926, 0.9899806468947463, 0.9899570549357362, 0.9878318444095397, 0.9890381715444561, 0.9962003521499119, 0.9908958234605562, 0.9884549077811647, 0.9881139360294765, 0.9638883741555657, 0.9835702247898274, 0.964253457757618, 0.9752318582866395, 0.9786519876855735, 0.9869823923223083, 0.9741555787185616, 0.9893739695171491, 0.9894892243154617, 0.9903060779377378, 0.9900593752528716, 0.9815049201323124, 0.9901554759868618, 0.9897000984893495, 0.9898658152612401, 0.9894702976867817, 0.9894457783700988, 0.9941434815528993, 0.8865053280379946, 0.7414846475934588, 0.876795249656396, 0.9151697470838641, 0.8491290773812579, 0.9416069546081115, 0.9141373093895603, 0.9431761278285706, 0.9494917444977612, 0.9400109656214174, 0.9651177502366354, 0.9695608976655189, 0.9658988718510328, 0.9768683423334594, 0.9672404228201764, 0.9788445535577287, 0.9672244283654997, 0.9666759989304097, 0.9643268887404715, 0.9567012939239465, 0.9428247286887572, 0.9423320310056802, 0.9269115728164755, 0.9754078513122836, 0.9676903036660889, 0.9667436981780098, 0.965019876827795, 0.944312852873892, 0.8491095616222285, 0.8009757571067347, 0.8692690231372507, 0.8902480186731357, 0.8972930715242755, 0.8813160127350355, 0.8795127765216888, 0.6249033837519198, -0.48759376313338393, 0.9721265906296398, 0.965718304414725, 0.9627494584524371, 0.9671590508889943, 0.9447621717854066, 0.9729986660554594, 0.9727157135667929, 0.9498819720803842, 0.962543478957717, 0.9498342801404563, 0.6041044706289459, 0.8039494015803215, 0.9308862960282923, 0.14674091609293263, 0.9046394790662247, 0.924646688871588, 0.8035213111458325, 0.9519422592757261, 0.8492498806766648, 0.622116954210733, 0.4318571795766507, 0.8464631222657044, 0.8203428442484805, 0.8431869514516311, 0.9544593099798636, 0.9546304189891145, 0.702606333665956, 0.6803273776584626, 0.7681427025024898, 0.3305116175546719, 0.74409704145021, 0.7738328874462929, 0.7594980271240951, 0.7620092066913959, 0.7249045180894921, 0.7106798082950334, 0.6921937365858224, -0.254859350176382, -0.3797473674776303, 0.6482429318731306, 0.8901232723214577, 0.9080018991419302, 0.9153967195172723, 0.9033797733179598, 0.8031345955113206, 0.8764942469570254, 0.8997103766350577, 0.8996027431860475, 0.8458012454521509], [0.9973686528676254, 0.9923624882662203, 0.9906013648711985, 0.9977458502826063, 0.9990475599250083, 0.9893455764232754, 1.0, 0.997031529020508, 0.999511161190285, 0.9711647301091085, 0.99938540003484, 0.9980388775456454, 0.9990454028376966, 0.9989673390063483, 0.9987302904549213, 0.9980623178113915, 0.9998404529117698, 0.9992160383363056, 0.9992223472826938, 0.9996335684964621, 0.9991833219271453, 0.9906259356763732, 0.9734729914129758, 0.9834990214630249, 0.9921416181897025, 0.9844470262338811, 0.9705060413381007, 0.9395448330788817, 0.9925411975088424, 0.9918077666476004, 0.9929559548487524, 0.9707341468529974, 0.9987673044118831, 0.9998066471013157, 0.9996023331895922, 0.9993670189277032, 0.9996203626476701, 0.999838784684305, 0.9978009882668635, 0.9995780648184501, 0.9992360861100233, 0.9988251796787814, 0.9832738224980148, 0.9351082238905346, 0.7446468927801474, 0.9295507810563202, 0.9211731101093276, 0.8059496181734128, 0.9609330134898563, 0.9401093603530253, 0.9618504488083948, 0.9596437062136979, 0.9551383627069902, 0.9821406594454961, 0.9800168778911272, 0.9371139611582991, 0.9521668881482311, 0.9668304845888106, 0.9671382080352634, 0.968767389167191, 0.9376723035253882, 0.8830515162660487, 0.9404531307279322, 0.9530911473877308, 0.9298341214314905, 0.8692596513077726, 0.9582873891980773, 0.9256059829213399, 0.9600947670919178, 0.9373333131554139, 0.7159877133990442, 0.8165000961418628, 0.7485074890100106, 0.8333184097030886, 0.8639358155051644, 0.8672677130627766, 0.8482111490762267, 0.8607519713980495, 0.2344897549596898, -0.5528746193586854, 0.95511443705374, 0.9296541752481596, 0.930527461032818, 0.9398483365320834, 0.9282450990720161, 0.9638829408707215, 0.9640048383612805, 0.918426051871357, 0.9599640106100764, 0.8088512859875612, 0.5870609810253158, 0.8772137717402128, 0.9148365863476617, 0.12460092121075653, 0.9140393791464635, 0.9366367571079154, 0.800072144946472, 0.9621673025034042, 0.8309269426745288, 0.6530156075148816, 0.4314515358299446, 0.8427648266496831, 0.8352661988882983, 0.8282098454013135, 0.9719273978967509, 0.9722359208262781, 0.7215955093323831, 0.6727710390214832, 0.7849707015318812, 0.29651788875369395, 0.7650742526645636, 0.7935491701618977, 0.7847912151100892, 0.7899554267547699, 0.7141231645342677, 0.7227233798413584, 0.7003080428943892, -0.24418540843510303, -0.3885267667572478, 0.6180240108698989, 0.8914818732800537, 0.9311783253568535, 0.9462621094112509, 0.9170751263139222, 0.8224284943283734, 0.9153630720121222, 0.9375024874579606, 0.9368406792314687, 0.7742772711358186], [0.9949951403262547, 0.9873636885267066, 0.9909231859414659, 0.9955552565907863, 0.9981729175111498, 0.9890415547976216, 0.997031529020508, 1.0, 0.9999836365403147, 0.9648702488504757, 0.99960755058814, 0.9999968424765212, 0.9996479855151049, 0.999997731746147, 0.9999809384902628, 0.9962910714462817, 0.9990220184170208, 0.9998808240020077, 0.9998807311726369, 0.999954100793046, 0.9999943192134696, 0.9908232237280095, 0.9743263342803512, 0.9913798668991815, 0.9926248282165369, 0.9808292376320112, 0.9726512628679268, 0.9379055853647493, 0.9888792809680343, 0.9945051502858473, 0.9916794545965668, 0.9673126595958571, 0.9994226046799072, 0.9994716934537071, 0.9996120409722598, 0.9996670273395218, 0.9986537625502305, 0.999374679382429, 0.9990891785732671, 0.9983206422728178, 0.9994929567593459, 0.9993523619686908, 0.9846007068730147, 0.9361822796935264, 0.7315222665550281, 0.937549672915205, 0.9191553054052977, 0.7833303948311596, 0.9596818410255002, 0.9351507845570756, 0.9602572966710229, 0.9532113492267141, 0.9487567457142928, 0.9802532105807188, 0.9767649439294096, 0.9309575103033145, 0.9449695455269795, 0.9581750827884669, 0.9624644318613961, 0.9606652001201395, 0.935582191739608, 0.8706860399620258, 0.9335918301786751, 0.9447052031724519, 0.9235184262697109, 0.8527087704616217, 0.9539523454630546, 0.9173323079029385, 0.9527725544856932, 0.9315499005478217, 0.6971948364841087, 0.8054799689471382, 0.7433147572070926, 0.8221609083630275, 0.8541464011043449, 0.86047066435938, 0.8426271394251422, 0.8519472427729383, 0.2122382061069533, -0.5602840286353816, 0.9488559675493147, 0.9177611870241765, 0.9207694195712711, 0.9374752408179565, 0.9198123786848907, 0.9578665570230325, 0.9580093289855581, 0.909918188408207, 0.9507937883701342, 0.7919301743118252, 0.5813153112901962, 0.9014765059796375, 0.9281617884210678, 0.10984606252238516, 0.9129745859653956, 0.9359523426786918, 0.7971699108329484, 0.9671933562988235, 0.8353194744089121, 0.6391376406152377, 0.41746645331999566, 0.8445643995721649, 0.8324035635811055, 0.8322186108369126, 0.9751729062891724, 0.9754823036887741, 0.7112358965851532, 0.6632586238755401, 0.7875230623817646, 0.2805134356613541, 0.7600546096869609, 0.7895354349941668, 0.7866040554157221, 0.7846754417761227, 0.7060439030480071, 0.7160302170193455, 0.6928699572007391, -0.2620575141248392, -0.4054881785267504, 0.597206167573734, 0.8826077611702443, 0.9291457588984464, 0.9385418705797879, 0.9104754247718513, 0.8106275504255034, 0.9088874215222035, 0.9312403678043031, 0.930844593371444, 0.7532799381376415], [0.9952820151071262, 0.9874085157353807, 0.9942472379157201, 0.9959538094168032, 0.9982277442416339, 0.9884032590014451, 0.999511161190285, 0.9999836365403147, 1.0, 0.9641535867417751, 0.9996062742879394, 0.9999811446091084, 0.9998269709761126, 0.999989634807973, 0.9999967392742012, 0.9989460023780055, 0.9989772722953532, 0.9998117482041597, 0.9998110638232195, 0.9999657702245671, 0.999982183488847, 0.9934523607423458, 0.9753438081601675, 0.9946795648456995, 0.9948483214935416, 0.980876291150924, 0.9767569851738293, 0.9389506542688881, 0.9894019454608113, 0.993578668383917, 0.9886282737895392, 0.9626344634687792, 0.9993316879617025, 0.9994126829399513, 0.9994083956169701, 0.9998274950283749, 0.998665965849044, 0.9993676015451863, 0.9993066840637979, 0.9982981224839925, 0.9993244254061723, 0.9993191256056164, 0.9888593453318735, 0.9362059359271625, 0.7324542717363328, 0.9375290240871762, 0.9192175508579875, 0.7835537013386447, 0.9477719039120901, 0.9216285376338805, 0.9508982553442888, 0.9506299025948489, 0.946103252032149, 0.9774695548244318, 0.9769211226049744, 0.9644418989117474, 0.945502629221348, 0.9653619636817447, 0.9625518405251594, 0.9657754836353624, 0.9653991322865569, 0.9350229477015712, 0.9328853475458857, 0.9355227678126078, 0.9350902360350224, 0.883447467039869, 0.9543412465557999, 0.9556843315905191, 0.9620680786021143, 0.9607454697854185, 0.9127543295173821, 0.8046986226595834, 0.7494576244534059, 0.8215101812611132, 0.8756809272372773, 0.858534869954497, 0.8665591219045443, 0.8655354486710976, 0.5985128707566674, -0.6243611664385043, 0.9488120388169137, 0.9177901690193829, 0.9208405016097088, 0.9659547412747009, 0.9109328148534585, 0.957343380919529, 0.9567671721421602, 0.9107951989380855, 0.9598741973735915, 0.9158897154645552, 0.5793443169961957, 0.9012388699722145, 0.9435511784535842, 0.0502629241016929, 0.8977309049318415, 0.9253415067502467, 0.7962280460996596, 0.9657838973313678, 0.8836719836102055, 0.5470100733284057, 0.34540707986832075, 0.8712102453115567, 0.8224600501670101, 0.8729428137690438, 0.9751131248167855, 0.975407644598271, 0.7091097549386359, 0.6604038478527762, 0.7490581375273382, 0.2781198432597002, 0.6838879002415434, 0.7545648472314367, 0.7319372995218972, 0.7130505381628405, 0.7035740781326216, 0.7128039208970712, 0.6896101184433334, -0.5044850889460636, -0.5799220210905288, 0.5974739158340457, 0.8814915531037034, 0.9276093869595411, 0.9395190798984855, 0.9094909717644115, 0.8053514110547378, 0.8968993053181652, 0.9208114386283273, 0.9202426130181136, 0.8094433168376505], [0.9796747944631964, 0.9655731638348536, 0.9531350746370435, 0.979442686170495, 0.9724419027206533, 0.9663016493228178, 0.9711647301091085, 0.9648702488504757, 0.9641535867417751, 1.0, 0.9479024443957216, 0.965274837112365, 0.9641457196120926, 0.9649950911969116, 0.9645366634789307, 0.9662771795817231, 0.9759539682845887, 0.9697748448552567, 0.9697814025736339, 0.9650499698217626, 0.9651264661598986, 0.9651260039220678, 0.9509963828014266, 0.97221712155328, 0.9700433852696257, 0.8804801632195851, 0.9686028917062091, 0.9489329772723525, 0.974725514707591, 0.9683844568489351, 0.9685790074261235, 0.9327399515998068, 0.9736176567833431, 0.9731678091088227, 0.973674246996224, 0.965338086768962, 0.9562905143075012, 0.972645872502599, 0.9734759212441126, 0.9773493521719668, 0.9738139302206358, 0.9738315677033811, 0.9554894163836041, 0.840950087610395, 0.5530095495661855, 0.7791310243559213, 0.8925163121974788, 0.8790499560461393, 0.9018733663374069, 0.8211478566078503, 0.9063953478964907, 0.9144754593368388, 0.9035697865613209, 0.9298086824506604, 0.9296566248787379, 0.9440971043120484, 0.9354475542070081, 0.954872887161001, 0.9482079564230393, 0.9530905558770476, 0.9531161088154456, 0.9131004959631335, 0.9514678918783827, 0.9348632392034408, 0.9345465291858805, 0.8509856991266135, 0.9357790162596181, 0.9441342453198353, 0.9371188543170511, 0.936091877542929, 0.8874434080144081, 0.8126103487298677, 0.767568383001944, 0.8573745113798057, 0.911454315467962, 0.8816955023626644, 0.896600976684075, 0.8958533249496567, 0.6987505047075997, -0.30394940762821937, 0.9528300676755072, 0.953783634953456, 0.9456971855222353, 0.9460035386059408, 0.9053490055645742, 0.9541491183190476, 0.9540126589140817, 0.8999511219972673, 0.9563551551610486, 0.9056389515438101, 0.6951538574352226, 0.6524551308173288, 0.8603490339011758, 0.0595918915415035, 0.8463406113792824, 0.8855925399688827, 0.8710555176008151, 0.9477334847878478, 0.904597252431831, 0.45153759587188147, 0.3712305241517442, 0.8969555173233753, 0.8718843121938341, 0.9030951598511191, 0.9481006886332236, 0.9484583565443582, 0.537096216901802, 0.7000960695941654, 0.6133765613167546, 0.48253104462638263, 0.571225632665647, 0.6281343117732162, 0.5887192759115703, 0.5653274846214376, 0.7996952318647309, 0.676715645041951, 0.6412562386078777, -0.27314433615093553, -0.3185264568958017, 0.7422990065635426, 0.9163929966394962, 0.9224813215078749, 0.9087687186276082, 0.9412161133132901, 0.6511217641835618, 0.8388981108093678, 0.9084912650857073, 0.9076104038171623, 0.6910599397459227], [0.9912977095002515, 0.9900708008134403, 0.9966968770339887, 0.9929783616788814, 0.9974169021576229, 0.97804155708223, 0.99938540003484, 0.99960755058814, 0.9996062742879394, 0.9479024443957216, 1.0, 0.9996409260423598, 0.999615969955449, 0.9996244099296927, 0.9996332010997697, 0.9993563017556844, 0.9984953478087091, 0.9999503397064629, 0.9999509692835888, 0.999623172397233, 0.9996338623662885, 0.9890599706354766, 0.9531564264990184, 0.9901560552880027, 0.9914083484816971, 0.9861061536382006, 0.9668741406346663, 0.886268816239279, 0.988188566360371, 0.9921403879755283, 0.9711387926721143, 0.8911495471393424, 0.9990962808453132, 0.9991691577734536, 0.999087555668141, 0.9994329783413366, 0.999357893035178, 0.9991070653944424, 0.9989595534383359, 0.9971409869351255, 0.9990633666155628, 0.9990602758569779, 0.9886584888487993, 0.9301319074830828, 0.5987394135506835, 0.9325706098875253, 0.9185947728659049, 0.7885795423381008, 0.866133864527752, 0.8901609980045866, 0.8718176909550268, 0.8782400039758205, 0.8629191512866957, 0.9503437321210036, 0.9502598281898579, 0.9450372947424367, 0.9476937426363152, 0.9354598401751238, 0.9379049019582038, 0.9405155573977928, 0.9403061685455865, 0.8848835355138369, 0.8964671827721651, 0.849743743697102, 0.8495202855408823, 0.714789393904172, 0.9408005331384505, 0.944537537167159, 0.9448420496711135, 0.9441280686201103, 0.8874394513279804, 0.5572402257027773, 0.4909119139133512, 0.6588287348145005, 0.7703435262085138, 0.6890930853722612, 0.732842511540518, 0.7318683384640928, 0.4778396331352795, -0.39752094750196304, 0.9103247135005081, 0.9220708018351371, 0.9099526028426075, 0.946759664849427, 0.8807191222446641, 0.9171365208520194, 0.9156946707568192, 0.836907446266415, 0.9221736249539287, 0.8458125755745137, 0.4515541962245128, 0.8967470673379268, 0.8951079290196987, -0.2527674722517244, 0.6412431259496364, 0.738902572500025, 0.6306020748999694, 0.9672162912930441, 0.6496194757497193, -0.1359795940246261, -0.09641738025238486, 0.621365676676673, 0.6266411283376206, 0.6689625074901663, 0.9686266389889373, 0.9686826331295564, -0.04834446349151431, 0.17151156254346928, 0.03380441747615231, 0.001096309755155377, 0.027318124000037698, 0.046338771972057415, 0.013933645088976215, -0.03170550303503824, 0.3505819665530675, 0.09126656662056705, 0.04089943520486978, -0.529201717725089, -0.5575630221250214, 0.5976362195757068, 0.7327859045354899, 0.7556605129261756, 0.8215774091631046, 0.8189552277361478, 0.49955504960720254, 0.7163219555216894, 0.7538629870023686, 0.7525387669738933, 0.40044090039273295], [0.9951478021694417, 0.9876550987122846, 0.9908294870702848, 0.9956902426693838, 0.9982280247888005, 0.9890142400511797, 0.9980388775456454, 0.9999968424765212, 0.9999811446091084, 0.965274837112365, 0.9996409260423598, 1.0, 0.999634299602518, 0.99999761650134, 0.9999839713823458, 0.9969529718125761, 0.9990880065867372, 0.999892893041806, 0.9998929073394738, 0.9999620945260176, 0.9999947972965184, 0.990742213771686, 0.9742159044253822, 0.9920307409957279, 0.9925931013672783, 0.981074934289489, 0.9724989070758081, 0.9379487140348699, 0.98975647600007, 0.9945479675474654, 0.9917430059867033, 0.9674474994513911, 0.9994639284982956, 0.9995159948247389, 0.9996461084844236, 0.9996696811474952, 0.9987516885757013, 0.999421666398749, 0.9991271318396009, 0.9984084873747161, 0.9995357694195193, 0.9993945339708042, 0.9844249742758223, 0.9364190413785978, 0.7321984865687814, 0.9374190085656364, 0.9193979154366989, 0.7845342387736978, 0.9599798016799648, 0.9355577005740883, 0.9605643126615885, 0.9535660755910322, 0.9491270582317884, 0.9804794413696577, 0.9769386433343805, 0.9313163379883898, 0.9452739813732136, 0.9585422303599391, 0.9626770832997111, 0.961022565470176, 0.9358725618433282, 0.8709917665235016, 0.9339523222232476, 0.9451685609284158, 0.9239792707631779, 0.8532364158963831, 0.9541192804175929, 0.9176262343569969, 0.9530658407145163, 0.9318910145849156, 0.6974446698046791, 0.8060558177553978, 0.7439071134121963, 0.8227332242665077, 0.8545774821700389, 0.8608161901705565, 0.8431000138872654, 0.8524487654298252, 0.2126841959493869, -0.5600613797310938, 0.9491569740993044, 0.9183412956371467, 0.9212267384561671, 0.9377494978414205, 0.9201791568882277, 0.9581608107944233, 0.9583026492141642, 0.9102565077298368, 0.9511855403565626, 0.7923087042918134, 0.5816255107971703, 0.9003895868348152, 0.9276121991462002, 0.1105815308622041, 0.9130625899132117, 0.9360323496769654, 0.7974765568652428, 0.9670202208310897, 0.8357370663840947, 0.6400928105130691, 0.4183780598641457, 0.8450085563513634, 0.8329297311225727, 0.8326233679732735, 0.9750886620015046, 0.975397827759636, 0.7118966070482304, 0.6639083321813769, 0.7880650809146889, 0.28145876558675165, 0.7607309444178958, 0.7901887916258405, 0.7871512211515242, 0.7853593674337306, 0.7064951169375393, 0.7164909080014232, 0.6933635873986868, -0.2609768067395289, -0.4045037117570506, 0.5978878910783724, 0.8831141767750706, 0.9295331755876994, 0.9390254610276123, 0.9109146804826157, 0.8111695686571889, 0.909413071481194, 0.9317532494635223, 0.9313434570142841, 0.7539401943280387], [0.9943248153192763, 0.9874452022715493, 0.9927876282507287, 0.9950806714050107, 0.997968443691193, 0.9900420877277248, 0.9990454028376966, 0.9996479855151049, 0.9998269709761126, 0.9641457196120926, 0.999615969955449, 0.999634299602518, 1.0, 0.9996709155337786, 0.9996550891212113, 0.9990597232663894, 0.9985161830080942, 0.9994446608560963, 0.9994386985010602, 0.9996494405622921, 0.9996247798324265, 0.9926979434467538, 0.9758337205620768, 0.9954671419416646, 0.9953597672760116, 0.9808768808699541, 0.9753436685173406, 0.9405417757116188, 0.9889594982234765, 0.9925926282720049, 0.9908213352494085, 0.9650331398912041, 0.9987447944715102, 0.9990475723061687, 0.9992367663937107, 0.9999229529812644, 0.9986917967308165, 0.9989997320201948, 0.9985569765292943, 0.9976608598874036, 0.998734716382054, 0.9986590199558745, 0.9883514511104545, 0.9364019666798971, 0.728358979664325, 0.9375802384807087, 0.9193179555860178, 0.7837929192293146, 0.9561865356049082, 0.9284479829744208, 0.9570375147266775, 0.9502087642779807, 0.945234047137756, 0.9769497629649754, 0.9748739548129127, 0.9555627034111592, 0.9448873968188393, 0.958759950867391, 0.961693191385997, 0.9607594932772532, 0.9601108862864867, 0.8750646859832585, 0.9306260706045546, 0.9434049925020378, 0.9431888856428746, 0.8510837793843937, 0.9542823735818418, 0.9300607030490193, 0.954949050202152, 0.9535390866237671, 0.7015302074488163, 0.8027117022907793, 0.7664935833456588, 0.8200497243607987, 0.856038377835434, 0.8597242495062789, 0.8510191987860406, 0.8514159218935891, 0.19624436578479007, -0.5547025182649157, 0.948001369114309, 0.9179681600249869, 0.9199501365085353, 0.9586926670518184, 0.9196764267043084, 0.9567050811223832, 0.956806039517169, 0.9096037300023416, 0.9514750185261304, 0.7991864588968319, 0.5821235995798806, 0.9010203006853594, 0.9279765304641088, 0.10489748699955183, 0.9107711888405337, 0.9341159880106179, 0.7985622062711589, 0.9698218157599269, 0.8291845809330083, 0.6321947092652046, 0.41277691169135494, 0.836105819988983, 0.8275917462668444, 0.8242735847397218, 0.9771215028600906, 0.9773832284242642, 0.7025168083690897, 0.6582174153353221, 0.7667836754192017, 0.2811402701683309, 0.7506003556429257, 0.7787389439968649, 0.7553017968112339, 0.7741885518858621, 0.704006190936459, 0.7058732084506972, 0.6830115233620103, -0.2679350812247348, -0.40983129983534317, 0.5974181537198955, 0.8808950979128979, 0.931120730394202, 0.9345657854464693, 0.9101174469479372, 0.8031901521877663, 0.9029271233452943, 0.9247640551154688, 0.9249905246623004, 0.7483080334983316], [0.9950528683679594, 0.9875000949077812, 0.9909886206126354, 0.9956111349007206, 0.9982091246156386, 0.9891054910600598, 0.9989673390063483, 0.999997731746147, 0.999989634807973, 0.9649950911969116, 0.9996244099296927, 0.99999761650134, 0.9996709155337786, 1.0, 0.9999881803212592, 0.998565295445196, 0.9990424500256022, 0.9998846375370533, 0.9998842153676165, 0.9999562915004577, 0.9999920613017231, 0.9908622343664027, 0.974383173070982, 0.9939268669722032, 0.9937900316666037, 0.9809741013196651, 0.9726970132207895, 0.9380986651065615, 0.9922472231564656, 0.9948819738877352, 0.9916191905880847, 0.9672071667052586, 0.9994392616335117, 0.999477244363785, 0.999622777279524, 0.9996868574379446, 0.9986995182658499, 0.9993867340960708, 0.9991581330823862, 0.9983436112257161, 0.9995071885918857, 0.9993698842360933, 0.9845822439913906, 0.9362572084375248, 0.7316207432869453, 0.9375330028418191, 0.9193321911311217, 0.7838996882820097, 0.9597936806442368, 0.9353343316591732, 0.9604114159032303, 0.953181957258941, 0.9487024470936097, 0.9803044965150397, 0.9767293406900287, 0.9313330489448665, 0.9451311499915743, 0.9583854314452394, 0.9625343224944448, 0.9608578377033293, 0.9352580715642362, 0.8709424971376485, 0.9334238257334061, 0.9447860448779626, 0.9237860196858619, 0.8528533813765272, 0.9541287614356719, 0.9177765160465273, 0.9530313331678163, 0.9319444849295256, 0.6976181223199199, 0.8054195483098834, 0.7436340607199974, 0.8221475226325907, 0.8543481949239524, 0.8604368849976998, 0.8428125151382841, 0.8521506950902271, 0.21261926981398493, -0.5599426593471177, 0.9489243237462069, 0.918035178792459, 0.9209859801408561, 0.9353164880036222, 0.9201024264887125, 0.9579464247519334, 0.9580857491572402, 0.9101048875417914, 0.9510039985912323, 0.7922491654003146, 0.5813938537800024, 0.9009628578208833, 0.927995394211646, 0.10981619455449723, 0.9128314893895974, 0.9358406352778763, 0.7971773225170888, 0.9672103119635955, 0.8353880471157322, 0.6390204836013901, 0.4173762268834431, 0.8446166910089317, 0.8325808716264718, 0.8322801182624197, 0.9752278923045314, 0.975533221740693, 0.7107696196012175, 0.6628334891271872, 0.7875318898474211, 0.28084889874784813, 0.7600530871149612, 0.7894751223393802, 0.78680774475555, 0.784589866488341, 0.705938809849612, 0.7151674404055575, 0.692044483473582, -0.2618383172512134, -0.40526422124205363, 0.5975954764940994, 0.8825352926289527, 0.9293124608385696, 0.938627726376355, 0.9105392100073068, 0.8104410456407889, 0.9091470615787529, 0.9313213166054449, 0.931044376720711, 0.75342177660937], [0.9952042919072314, 0.9876072745755797, 0.990897903566163, 0.9957385328085183, 0.9982774929395402, 0.9892021152318744, 0.9987302904549213, 0.9999809384902628, 0.9999967392742012, 0.9645366634789307, 0.9996332010997697, 0.9999839713823458, 0.9996550891212113, 0.9999881803212592, 1.0, 0.9985633878259808, 0.9990757652726332, 0.9998811393911311, 0.9998811699218353, 0.999955875251174, 0.9999767171124112, 0.9907752510197997, 0.9744091412110659, 0.9923375819515354, 0.992390247664808, 0.9811380907303194, 0.9724315824087794, 0.9381102273232783, 0.9922865672942793, 0.9944650714116925, 0.9914657953289887, 0.9671088477446005, 0.9994819540128066, 0.9994648530768753, 0.9996138235012783, 0.9996773655838094, 0.9987226285796612, 0.9993942751665323, 0.9991910166667838, 0.9984011227927007, 0.9995410228125566, 0.9994181078740085, 0.9843525419615077, 0.9360829255292249, 0.7323890875293616, 0.9372834418577923, 0.9192343405424594, 0.7842258538666214, 0.9603576882507704, 0.9364688300465521, 0.9610427440463187, 0.9533778437024433, 0.9488718301414418, 0.9808025711911995, 0.9769323088899435, 0.9322489030863756, 0.945685734242933, 0.9588586829459558, 0.9627462244702487, 0.9613366087409848, 0.9366645791902185, 0.8712818992662031, 0.9330754973736987, 0.9451576371172399, 0.9245618330334774, 0.8529074214292972, 0.9545901262753642, 0.9185558708202571, 0.9536483910569825, 0.9329050569407704, 0.697811042389729, 0.8050217632265342, 0.7448170553446218, 0.8218183390545072, 0.8545033743144744, 0.8600733609090767, 0.8434739333781247, 0.8525695073183036, 0.21250835857142342, -0.5595557971858469, 0.9490298236540922, 0.9182625484865105, 0.9212189552725768, 0.9386033895696557, 0.9209249767712567, 0.9581542436369034, 0.9582885026617901, 0.910579356837837, 0.9514422149441015, 0.7924657615751751, 0.5800355849748281, 0.9007747076742687, 0.9277100509173623, 0.10925066180986047, 0.9123337106964232, 0.9354098045558614, 0.7962607992070665, 0.9668487623386027, 0.8363885343813936, 0.6382678244448257, 0.41636862566734584, 0.8451593754585381, 0.8330554876654491, 0.8330447436349154, 0.9750180270364109, 0.9753126048088527, 0.7094505878620627, 0.660779722787777, 0.7886092429631613, 0.27917328534986413, 0.7603240521673247, 0.789853476643951, 0.788074588727092, 0.7847874682106039, 0.7044811735860604, 0.7130054672983828, 0.68986344120543, -0.2612768077378971, -0.4048235269030587, 0.5977009806528001, 0.8816931579167401, 0.9298920422281466, 0.9391301311521243, 0.9098071138024165, 0.8106507395743529, 0.9101703512342167, 0.9318927944767653, 0.9317752590230268, 0.7533261996723724], [0.9963921827473359, 0.9928819565787654, 0.991454883002199, 0.9969264526742965, 0.9985337434179115, 0.9920227585727464, 0.9980623178113915, 0.9962910714462817, 0.9989460023780055, 0.9662771795817231, 0.9993563017556844, 0.9969529718125761, 0.9990597232663894, 0.998565295445196, 0.9985633878259808, 1.0, 0.9987222599941711, 0.9989372857220823, 0.9989350770652314, 0.9987614671396495, 0.9984535918108518, 0.9921719832462406, 0.9771213871351963, 0.9829421346450362, 0.9895371998110859, 0.9875825703051476, 0.9744135175973534, 0.9457479975472406, 0.9933918212073382, 0.9932728627893218, 0.9905486923374437, 0.967438830970754, 0.9987819473651461, 0.9987381797385124, 0.9989626860022606, 0.9985819714257407, 0.9993567820324688, 0.9988701320138853, 0.9989062911941146, 0.9982251944174633, 0.9986574619585146, 0.9987326316468379, 0.98314795559785, 0.9292293936010729, 0.7386330087303203, 0.930011339085554, 0.9219745945652552, 0.8025345907776381, 0.9638751883840608, 0.9407339865812901, 0.965156038057031, 0.9536863645745618, 0.9478491252256966, 0.9815048095273087, 0.976600790870328, 0.9451557835682369, 0.9552087250172115, 0.9658747231344895, 0.9672427495459405, 0.9674707067118674, 0.9484854371990513, 0.8833464653637703, 0.937021072608187, 0.9502061857503298, 0.9357468943254534, 0.8640065706811317, 0.9609219603452411, 0.9323776197961618, 0.9613395085238381, 0.9458158211206046, 0.7157813008867819, 0.8128994358580541, 0.7627785058931873, 0.8309585078372415, 0.8672444755431887, 0.8673273995760176,