var element=document.getElementById("correlationAdjClose");if(element.style.display!='none'){var correlationAdjClose={"data":[{"type":"heatmap","z":[[1.0,0.9999945171826378,0.9863575744019227,0.9999333930052293,0.9991744562234196,0.983657058225285,0.9978685367521484,0.9963021117464292,0.9708416954242124,0.9965097894270908,0.9946418570277006,0.9939455097249872,0.9963999768211872,0.9964318320817397,0.9963444599886818,0.9977278084276153,0.9980466342074186,0.9983375183412981,0.9968562978655116,0.996867896806258,0.9968381436869062,0.9963687848238647,0.9882989276268932,0.9732336956722419,0.9906637838774776,0.9596946914098139,0.9897959390273002,0.9870311486886734,0.9707361222712838,0.9567438688911413,0.9924665640700303,0.9939099288316109,0.9928959075750088,0.9791992258663906,0.9977801356032813,0.9979076335078891,0.9976056978411231,0.996481089903283,0.9955697634218236,0.9977938562607418,0.9986657193671439,0.9986994067159246,0.9977585492032665,0.9977689039287151,0.9778496322293289,0.9240207604239514,0.9541653509061013,0.9403728557139177,0.9402658560331848,0.9187602539980579,0.9641945165048139,0.9514172163089699,0.9660262609779138,0.9684720186753628,0.9575650700737652,0.9847569790155983,0.9825252687095253,0.9910586865424057,0.9942846367877061,0.9875476465815421,0.982658389849931,0.9882217926263169,0.9867005336422465,0.9887613337622704,0.9886306645044362,0.956694398414392,0.9761311097447967,0.976769613949519,0.9765335176463851,0.9456594034818013,0.9820330591684014,0.9789531563567062,0.9860227543010827,0.9853843096401292,0.9418333971474132,0.8993381274423288,0.8690521860676995,0.9140957549633777,0.9288822822352265,0.9267725235864659,0.9270360510115097,0.9258442493979755,0.7258564102003515,-0.5409391756175886,0.9810044365048429,0.9761704104134231,0.9737363711276852,0.9881810070841571,0.9743145442522874,0.9846157172882581,0.9846003340302854,0.9445375086760514,0.985318526967069,0.9476742676385462,0.8009157828798633,0.9189733165630433,0.9347742136102137,0.8212492045680855,0.9555205494342531,0.9562225914097946,0.9024529164820662,0.9679877530335995,0.8953765207900762,0.5819457454368594,0.7287102377309979,0.9025835023904932,0.8731194096223182,0.8939503120123744,0.9758967482451978,0.9760480696330202,0.7890101872064554,0.7530183589401008,0.8255618619657036,0.4577944595710268,0.8079470880865645,0.8296901984816761,0.8248356315198272,0.8177603425032942,0.7934602668017133,0.7563701143718115,0.7407746466912638,-0.28682483393437597,-0.4275232446400035,0.6989380753454164,0.891541896459722,0.931320767916218,0.9413040983976313,0.905681359972432,0.829110803639376,0.9093452935339635,0.9249473749974634,0.9247672488500697,0.8604836829244668,-0.1433416266057132],[0.9999945171826378,1.0,0.9898222478267021,0.9998545038841993,0.9983081055020719,0.9898026595554938,0.9942148488740572,0.9918509034475501,0.9871369236702159,0.9918592961396836,0.9918843453124946,0.9932705612616152,0.9919540355634849,0.9918539623301355,0.9919107176643639,0.9939698696617348,0.9962933121998436,0.9958561385415701,0.9938921028709472,0.9938999230803047,0.9919026848270887,0.9919493012770633,0.9925342767393106,0.977442925531757,0.9883758724966739,0.9842929202470756,0.9884261985779593,0.9869824830064149,0.9822556816599376,0.940333809653125,0.9899003691246228,0.9878807441085458,0.9828947536940725,0.9422107659999991,0.9952388792900817,0.9951767618665134,0.9953757953984891,0.9922940496582434,0.9949710596549729,0.9953944188253725,0.9966235141774422,0.9968151527411445,0.9953904530736782,0.9954015054042497,0.9912763881030848,0.9236814222349415,0.901412282263408,0.9401680829554818,0.940233167795705,0.9187415052261191,0.8926866504782792,0.9328854531618065,0.894841447783369,0.9233130850150639,0.8925674349956735,0.9594357843860969,0.959423057361815,0.9730045096786285,0.9853888319502064,0.9833540459906569,0.9848138326307201,0.9793302909451994,0.9817498503361858,0.9806665377346065,0.980549878902553,0.9440346612805353,0.9633549278575676,0.937604450364023,0.9374341121177366,0.8690674869642433,0.9815777293227517,0.9827896756289185,0.982973325023863,0.9825503606701548,0.9541271331610122,0.8037635662795289,0.7689064772709636,0.8560280846862892,0.9101754371929471,0.8706352660640624,0.8908727959236111,0.8898262341807872,0.7694921735061492,-0.1415501642230305,0.9712820616212976,0.9741447933384902,0.970975470054704,0.9837678585644607,0.9675079546030285,0.9737601797594214,0.9731144638577842,0.9307196340006932,0.975145473833089,0.9327629630969043,0.7350481145730754,0.9184933692343059,0.9178486287985462,0.5698888120687814,0.8528879477684673,0.8568709516945043,0.7596352788103451,0.9684692343028305,0.7334736339249628,-0.3105410220900373,0.24907894127976388,0.7596060456629721,0.7103666161879396,0.7525455236304035,0.969991186568673,0.9700220256041298,0.19781261856479443,0.3695895690702019,0.2048066395458488,0.17663510761963522,0.1978371697306494,0.21114560494637355,0.20823814483083258,0.12881566764656183,0.552309712738999,0.28602871833136406,0.23606185183941394,-0.4338760517375188,-0.4825127421458709,0.6985676746053447,0.7606311241939583,0.7841195730882956,0.8470173884756502,0.8226508153419232,0.5987756165762876,0.7724550118751072,0.7786239185041177,0.7775636748232101,0.43948383827272125,0.2393895782540837],[0.9863575744019227,0.9898222478267021,1.0,0.9876525881365571,0.9934320466239305,0.9913452551013145,0.9895647624211387,0.9903193725415558,0.9912385583052652,0.9929422010501197,0.9968877651899575,0.9960611857598233,0.9901714258401049,0.9922745197702825,0.9903734003813461,0.9898335450191404,0.990806396085765,0.9899943856615133,0.9889970094137225,0.9889685412092336,0.9918299144737096,0.99019880208154,0.9950989887592674,0.9852781413068138,0.9910768178006271,0.9823167130496837,0.9917056350701813,0.9876355219427884,0.9872530914698189,0.9624483688011471,0.9693696290559195,0.9736508196813967,0.9774387037060625,0.9569778909943115,0.9869383844502432,0.9900383903904408,0.9884139682349354,0.9919680946515861,0.9946939689835237,0.9908375552048914,0.9849299053754315,0.9878559028021288,0.9873077990336663,0.9866867352406956,0.9926344389258105,0.9197170816454644,0.9382707389395606,0.9495324373953474,0.9329557235857353,0.8800692567562548,0.9224512064089624,0.9079661573000161,0.9252314985751071,0.9322147813197177,0.9161528006489051,0.9505999916868414,0.9601216284103649,0.9680767385392535,0.9773736048957532,0.9439766133658781,0.966699604122467,0.9662585506835003,0.9725248660905695,0.9664952141611045,0.942626688537156,0.9247852226318799,0.9506614853323482,0.9412083237969018,0.9234079371208115,0.8987111121954939,0.9730357507957484,0.9531147178140973,0.9660087910272013,0.9459802696603052,0.842469374882763,0.8628501544592463,0.7812257143731937,0.8796478852201227,0.9026633805998605,0.9046886490646201,0.8720944450919635,0.8863204836282327,0.44513846156845305,-0.5268878131831617,0.9633981873422204,0.9509908558918728,0.9508086210799579,0.943945198341346,0.9579356366958633,0.9659365050749285,0.965564106582292,0.9338852344081466,0.9616973407187527,0.8870981954450646,0.7855445402506065,0.9562119646999543,0.9548857386977663,0.8026312985842742,0.9433714604781216,0.944939756102554,0.8753956918994438,0.9806946940387191,0.7756897115032226,0.48637414556493375,0.6732709833213393,0.7980594768537884,0.8005509912924504,0.7791010793896923,0.9827437913704965,0.9827468315644203,0.7201231976191084,0.7020778408973647,0.711141268938454,0.4076180797233955,0.70962290404032,0.7163439466919452,0.7253670537489691,0.7161712634915945,0.7573986182106972,0.6928913437592081,0.6763113324345095,-0.3452852956535298,-0.48577490174871785,0.6676893254229456,0.8539091803686087,0.8783123526598497,0.8869522709472987,0.8781521928384072,0.7631667220330232,0.8581937060066956,0.867924773295673,0.8747782837913923,0.7354747166593899,-0.06614356215658157],[0.9999333930052293,0.9998545038841993,0.9876525881365571,1.0,0.9994023404520254,0.9847263474596475,0.9980909119570679,0.9966940827733165,0.9729246951433549,0.9969468376063861,0.9953176576408882,0.9948258290805879,0.9967750295012772,0.9968921717908859,0.9967359352896367,0.9979781123929977,0.9983574976405758,0.9985788057737034,0.9971981893780413,0.9972074166737314,0.9972090928456481,0.9967481293861418,0.9894195927166769,0.9745569906837501,0.9915585382747136,0.9621231604787287,0.9907908959750328,0.9887784335772145,0.972604494488086,0.9578759404069404,0.9918135693899177,0.9934344237504753,0.9928220456614832,0.9787950677560148,0.9978505250771202,0.9980933538539388,0.9978112585683931,0.9969072602921721,0.9960472019730999,0.9980123460622776,0.9985619163293491,0.998772445949755,0.9978250079504474,0.9978324294315244,0.979561726002543,0.9206747114738466,0.9521728028013335,0.9403109510331609,0.9383376463832532,0.9128570579896496,0.9613676698702089,0.9482588793056502,0.9631124243747804,0.9661386341189592,0.9549241769783725,0.982744596731634,0.9811064489043895,0.9902317306831065,0.9940809049918023,0.9862644817177283,0.9816067173673327,0.9871141161037897,0.9861505141765786,0.9875815108032159,0.9874437813064928,0.9482408049412819,0.9749861913428854,0.9754491884945462,0.9752087392104956,0.9412539312977394,0.981604791527753,0.9764161158559762,0.9847406830944215,0.9840697541671637,0.9241364890232517,0.8979875734827134,0.8656196565018667,0.9125434996704329,0.9263560171503551,0.9263482206220508,0.9248466805403128,0.923692601350698,0.6418077705806917,-0.5404348765038209,0.9802478880296543,0.9750086999989556,0.9723885156208841,0.9869008495767871,0.973683992588125,0.9839392153925095,0.9839205516571599,0.9441957232269302,0.9840474783337586,0.9348528350575758,0.8043538443561643,0.9237794351017163,0.9384927139497213,0.8228004519142962,0.956712929169222,0.9574400037652553,0.9019979571698372,0.9691295757775444,0.8892920576612374,0.5782905281561548,0.726978658144235,0.8971258119278539,0.8694232578239471,0.8882200696339829,0.9766739990839645,0.9768305670458096,0.7878215260093164,0.753173641786028,0.8176381198245122,0.4593893213704912,0.8020451357588587,0.8214940570407082,0.8165646385509497,0.8123069871724896,0.7955690671596692,0.7562133512258066,0.7406896108418063,-0.28222321725773103,-0.4267989993051193,0.6981144070965609,0.8897575840935708,0.9294104414476996,0.9394443017548909,0.9045098975277629,0.8263594618386687,0.9073008531540294,0.9226496817216024,0.92261770175406,0.8534168169741957,-0.1363196906558482],[0.9991744562234196,0.9983081055020719,0.9934320466239305,0.9994023404520254,1.0,0.9872336536745581,0.9990018378166272,0.9985456616099792,0.9845353138324401,0.9985444789302025,0.998145206982556,0.9980781118570372,0.9985635491241771,0.9985758034545619,0.9985770121044442,0.9990584444557702,0.9988131604688093,0.9992444854029819,0.9988378086567962,0.9988390658639188,0.99862030805981,0.9985635709701988,0.9949153297196281,0.9818150595300051,0.99516282451955,0.9784584738055169,0.9951832234905099,0.9923531851607758,0.9845619394665556,0.9610448406471945,0.9893012745492155,0.9919833219722725,0.9903207472921203,0.9715390847918259,0.9988444487800321,0.9989088520544893,0.9989324602267879,0.9986678698360332,0.9985719375563237,0.9988995655977166,0.9989205166742722,0.9991465565864369,0.9988608906584887,0.9988617253607669,0.9886296163635139,0.9298876525413102,0.9515367492913225,0.9476948919568741,0.9391198118053369,0.9085582323140711,0.9499992834934621,0.9445425335796599,0.9542373285837347,0.9604694394132415,0.9489482415793351,0.9807328068112285,0.9806626339224209,0.9903837961473309,0.9939690217828003,0.9825934697585518,0.9757660579736159,0.981904029744156,0.9824574726620839,0.9822920643998374,0.98212788600865,0.9460677387857888,0.9670567087188371,0.9607618063749105,0.9604934821888185,0.9147109869946322,0.978770808325417,0.9750700873654242,0.9807936482521358,0.9800284371917931,0.9388626734630211,0.8798693011703512,0.8464979716642194,0.8988707655804336,0.9310570854685165,0.9173266290877439,0.9236279198901283,0.9226845429493513,0.7777459261056568,-0.5409138214133974,0.974404715290226,0.9651429598938521,0.9635803243022986,0.9834216042777635,0.9643307486773779,0.9778208107297993,0.97749733661933,0.9359698797270369,0.9790840637523299,0.937828007076346,0.7943293040133771,0.9371348284955173,0.9572413981492706,0.790448405939859,0.9455245664488894,0.9468454678718278,0.8970111949081795,0.9737648261381323,0.8912236558225455,0.417251552241476,0.6728973371622762,0.8970573331788748,0.8503539821651328,0.8930385906260736,0.980077770039726,0.9801989801661165,0.7552638316712357,0.7381078228463257,0.7590964630847954,0.43860168997529886,0.7159454314417262,0.7634846737102241,0.7592391661893468,0.7241062469244476,0.7836777868711137,0.7427221606023907,0.7263293216173003,-0.48177668196454454,-0.5648068351985686,0.6930113187638806,0.885433769910861,0.9170614563424491,0.9356511678361663,0.9034606363485227,0.8102260300342299,0.8990190175012555,0.9113413686878123,0.9108478097841336,0.7935420227231013,0.07400542378559904],[0.983657058225285,0.9898026595554938,0.9913452551013145,0.9847263474596475,0.9872336536745581,1.0,0.9811642952561143,0.9824157464370298,0.9931421279143327,0.9817774522927877,0.9777196376715589,0.9767564004534068,0.982243642174309,0.9826999620536944,0.9824835911416014,0.9820748030265919,0.9857222765156608,0.9830688045759787,0.9829412414708952,0.9829269118125725,0.9812552357990891,0.9823565437115761,0.9941248973387571,0.9934558855129471,0.9836200224799044,0.9876948257877479,0.9840820560563027,0.9743048749073397,0.9875717697787675,0.974138388028349,0.9594892181852526,0.9654912780575597,0.9755511512850186,0.9666442233005406,0.9808740974416813,0.9812786354210697,0.9821410914131042,0.9831183785797221,0.9776173825129018,0.9816705788101343,0.9800894041862234,0.981910768182204,0.9811099533713717,0.981100827776176,0.99599623647268,0.8817322783360966,0.9295939304608071,0.9270566470851822,0.936954962754097,0.8958125494841825,0.9171043033922905,0.9112304575485408,0.9199883380795849,0.9369636307790606,0.9170936849101767,0.9491588629356796,0.9552446162012556,0.9617498885806787,0.968585016867673,0.9727950841933698,0.9885569027965292,0.974968377035246,0.9858782671923619,0.974576304451052,0.974044294147366,0.9765109385495184,0.9724728167197041,0.9534265167901357,0.9528954472028809,0.9499069869080031,0.984695501805993,0.977491704652932,0.9738831691103113,0.972662660896318,0.9668230330478058,0.9047996288823346,0.8618522085798771,0.9203077223002003,0.924082444422267,0.9335263270788455,0.9146561092923363,0.9125704383550548,0.7627139853939543,-0.4817977147384552,0.9830577329062231,0.9846368847320925,0.9810265906602659,0.9736031369448033,0.9761486260218549,0.9817052105329902,0.9813162612070395,0.9693235879391326,0.971657624590235,0.9689041871444019,0.8065652757238668,0.8988996201427947,0.9573183312201172,0.8361991658762754,0.9453684937485033,0.9463606406190981,0.8662394060532491,0.9587822600009364,0.8321014218420141,0.4990139544359038,0.6900188122598925,0.8419080833349958,0.8194437359514277,0.8317408596286621,0.9585727794068158,0.9585690502461304,0.7403433237066885,0.7286220950548677,0.750377088301047,0.46264171006925575,0.7469400809629686,0.7555612142718134,0.7493060990077907,0.7477302757542671,0.7746575218390962,0.7146025416835893,0.7020119776210265,-0.3078350015068711,-0.43868870524509485,0.704620635454195,0.852857367535101,0.8675111509324396,0.8845715411099359,0.8618744617285735,0.7830514536047513,0.84655583496273,0.8597514905025225,0.8597105261793216,0.8026954019907511,-0.09526118869101062],[0.9978685367521484,0.9942148488740572,0.9895647624211387,0.9980909119570679,0.9990018378166272,0.9811642952561143,1.0,0.9976187133844645,0.957055455406936,0.9996280314566585,0.9995948055422184,0.9996218757642568,0.9984883658569436,0.9994948716402661,0.9992226850900952,0.9998937419205269,0.9967387815296225,0.9999048014045532,0.9994103031128971,0.9994149766572729,0.999726540301501,0.9993593400289731,0.9907954858833757,0.9750366370921227,0.986398137729457,0.9284419882790227,0.9938630045469594,0.9929119885094527,0.9751760862547942,0.9545420429981265,0.9916865263862259,0.9921152501894915,0.993836604974223,0.9761669573942501,0.9990539411191129,0.9998600650693243,0.9997290246543161,0.999496438958879,0.9997839467543485,0.9998459824752872,0.9985789664454999,0.9997491167649668,0.9994179767205008,0.9990898545747877,0.9801418719301457,0.9369390106546209,0.9543867669067547,0.9521985134881472,0.9406168415871853,0.9074205984929814,0.9583250256572443,0.9479035250767933,0.9606881577786339,0.9638144851278023,0.954264918421378,0.9821988220816247,0.9819770197088609,0.9921323680168598,0.996465758600508,0.9527207238050555,0.9627903098899456,0.9737271780711244,0.9739921652294079,0.9752045548446823,0.9526639642191419,0.9033187088441167,0.9576123664580997,0.9629814574521686,0.9442600087161572,0.8935352603149425,0.9688781757725234,0.9451823003802792,0.9700882939019174,0.9530964582663691,0.8002087524763141,0.8718091829443052,0.798376440794897,0.8855336860660646,0.9017160752571679,0.9060044775841479,0.8862384305020906,0.8975630806652467,0.3913733310741301,-0.5755611754602833,0.9647847643445101,0.9501804260797714,0.9501627586221192,0.9541585754283787,0.9599289323498134,0.9710772109331637,0.9711526432038805,0.9238031077777058,0.9691680577344236,0.8584692204594708,0.7878446939694598,0.9378240471822652,0.936964699869325,0.8095676785595124,0.9542644831108179,0.9551243804827474,0.9011335815168892,0.9733046715655337,0.8331341299633468,0.5743133829652554,0.7208784600200938,0.857270104215856,0.8513408802228798,0.8387729357619079,0.980552002933658,0.9807347136249276,0.7796858844988547,0.7357458782736146,0.7830393976058949,0.4321043222976953,0.7816012036074574,0.7962525893456596,0.7885448747135706,0.7951110365662658,0.7812008992037405,0.7493002038761026,0.7319314935195648,-0.29562528100284585,-0.44787697521605685,0.7061903709345646,0.8904715554094694,0.9223562537543413,0.9408149595668187,0.9103645081468404,0.8282928960039835,0.9095047108434966,0.9272929107036897,0.9259081360628032,0.7787509655689627,-0.10675372359767549],[0.9963021117464292,0.9918509034475501,0.9903193725415558,0.9966940827733165,0.9985456616099792,0.9824157464370298,0.9976187133844645,1.0,0.9676850482478233,0.9999998342651636,0.9999993380729875,0.9997715588672714,0.9999970858456638,0.9999929981520022,0.9999983069426422,0.9993506636078694,0.9917729491457129,0.999479598802122,0.999911517036444,0.99991122608854,0.9999662127466602,0.9999988102598274,0.9913202936113096,0.9767590857005627,0.993143745564709,0.9423509199161157,0.9943519453218669,0.991333225665629,0.9773648956058522,0.9540832355925536,0.9880525518335614,0.9939302110508345,0.9924875725257856,0.9733677746748584,0.9994807353115202,0.9995864940811856,0.9996859443213159,0.9997518802951932,0.9992731478472145,0.9995243061583133,0.9982859717454201,0.9988825057032426,0.9995527295006474,0.9994232641595746,0.9818854683968548,0.9367738860709103,0.9518922718904089,0.9556752608545304,0.9397282155378841,0.8979900710125628,0.9565657274170057,0.9435593435788744,0.9585918036134795,0.9584688171865137,0.9485077186155221,0.9802173554436928,0.9791935406074286,0.991147068749949,0.9968922578388114,0.9482737342214574,0.9595266658894781,0.9683334929217028,0.9715218862726097,0.9701613933534668,0.9511818969906507,0.8976287613544413,0.9537132141889393,0.9571556942170009,0.9394575736303749,0.8838886398344877,0.9666845023280752,0.9398079629655841,0.9653630104772882,0.9489679886306169,0.7896327631175306,0.8652769694303935,0.794463270315443,0.8789793458866201,0.8956028323591998,0.9023255218118886,0.8823797600420092,0.8916327101019408,0.3757153148379236,-0.5790069281418285,0.9614258913588464,0.9451974573705572,0.9453708774928348,0.952404217530053,0.9563895130822925,0.9677946457513087,0.9678577848283807,0.920484803764812,0.9633714284689349,0.8497137853337082,0.7852792271504101,0.9499545950386266,0.9470616436876278,0.8068314153558501,0.9541869575846148,0.9551921107180186,0.8986337182231462,0.9769876703867764,0.8356714258243447,0.5599799818851241,0.7124285774951484,0.8579358151807187,0.8481087714030746,0.8405743342503392,0.9828096980799108,0.9829924600006347,0.7710616797614851,0.7286082710214773,0.784006265169531,0.42062031033235125,0.776506989603808,0.7916142280384252,0.7886607935878129,0.7895126860753356,0.7754236027200238,0.7437306994617269,0.7258319079303104,-0.3107251378101141,-0.4618855476722922,0.6941430098466138,0.8832660756531298,0.9197076801121987,0.9333936521219105,0.9048001091512787,0.8179473731742061,0.9031518072613105,0.9210342926016933,0.9198994207414245,0.7605366756538157,-0.08997969046432396],[0.9708416954242124,0.9871369236702159,0.9912385583052652,0.9729246951433549,0.9845353138324401,0.9931421279143327,0.957055455406936,0.9676850482478233,1.0,0.9827181268342032,0.9872671097855266,0.9897018548445679,0.9713158957638122,0.9796306769681024,0.9762065369351164,0.9742100167934021,0.950009023081376,0.979073917087596,0.9768988109284923,0.9768433982382208,0.9812162626843013,0.9760450576685139,0.9938972859622968,0.9933230282685543,0.9802904655999165,0.9897701256230644,0.9834291822761433,0.9905134498303996,0.9907348712172568,0.969696477229713,0.9275074008311067,0.9491050585130246,0.9662861732614103,0.952507297780187,0.9706226233698763,0.9791167082043433,0.9757074578274962,0.9780740396528925,0.9881768598712456,0.9802740711406193,0.9668321441443573,0.9763455702661874,0.9714895335385122,0.970453556365648,0.9990286327687037,0.9001858702416925,0.9229503792672162,0.9505999012827258,0.9404140876868446,0.876637020072278,0.8862024308144183,0.8859522576119871,0.8902205737687042,0.9161420316385457,0.8960507389909041,0.9292744057679969,0.9459579325806085,0.9512482279664448,0.9610381355105768,0.9065629500444015,0.9687596421826928,0.9481356597373836,0.9675464258619093,0.9481354792214922,0.9052832667709618,0.9183971492703893,0.9457058989873768,0.9194629534388238,0.8840910607653316,0.8868633888377321,0.9690922149714135,0.9235301830866401,0.9459605830805207,0.9092728231037576,0.8332437247399284,0.8582755281496008,0.7409011322751327,0.8766272477702802,0.885813524129952,0.8992566485523815,0.8483589618031909,0.8667980035228204,0.42715107556475646,-0.5091295736029353,0.9592909197264877,0.9542161388121408,0.9517236685641963,0.9048794899960237,0.9500265956967183,0.9575202315293485,0.9569707626232237,0.9389191434317545,0.9430090448394273,0.8781218890427677,0.7916084006672582,0.942018576776604,0.9625222447546846,0.8119210111962974,0.9368112205895197,0.9383569719354059,0.8531131659343087,0.9682720753239556,0.7418424051909651,0.4485298617992422,0.6543992081708987,0.7748129006782917,0.7771858696623731,0.7530107047692485,0.9676043134388777,0.967553697470066,0.7011927313305804,0.6918852525166229,0.6763614018479278,0.4152431896598456,0.6912682973242271,0.6940877080832447,0.675499634053048,0.6941617636128699,0.7501724868586426,0.6864042570319043,0.671158590760449,-0.3507911169677235,-0.4875261847444076,0.7048263960503127,0.8381710756867312,0.8311539920493352,0.8613356247463309,0.8570427276970706,0.7548108270855218,0.8139837706640456,0.8369906750223156,0.8308386562794026,0.7073401660579058,-0.026193790015933104],[0.9965097894270908,0.9918592961396836,0.9929422010501197,0.9969468376063861,0.9985444789302025,0.9817774522927877,0.9996280314566585,0.9999998342651636,0.9827181268342032,1.0,0.9999991520167251,0.9997760725174542,0.9999985302408516,0.999991905329728,0.9999978429371774,0.9996941605837844,0.9979274003978288,0.9994775878979676,0.9998874465537112,0.9998874523221899,0.9999782015527188,0.9999993422375756,0.9938620527886771,0.9784710797635833,0.9963281157768946,0.9745774829415735,0.996414049205657,0.991329075568974,0.9817132063914182,0.9554112017411527,0.9898585154392132,0.9938554646814576,0.9901986321346583,0.9702035304141665,0.9995147596056314,0.9995801361500296,0.9995928172643188,0.9998385917543732,0.999285077620908,0.99953173455299,0.9985149597694208,0.9989271443461608,0.9995211612997539,0.999516670515272,0.9862877940882427,0.9367165508637684,0.9519246768052414,0.9555685571912861,0.9396337522568355,0.8981073007155669,0.9481711839591698,0.938948230114152,0.9518194835932406,0.9567660018866866,0.9467341386333321,0.9794081969286168,0.9792264782786906,0.9917090365570989,0.9967263667711604,0.9729890855885721,0.95947641811789,0.9722482060529636,0.9714890274723914,0.9727737379822445,0.9725560482446597,0.9336236943755294,0.9536769491154757,0.9512920501200229,0.9510070327100659,0.9030875424644512,0.9666193422674211,0.9655074539817529,0.9713479451766406,0.9704137626518617,0.9252183655157679,0.865307201903081,0.8262902850607123,0.8788259436294119,0.9144062426862954,0.9028132987694861,0.9081761880821403,0.9074139568189153,0.7327565967492213,-0.5820330064806377,0.9614003775890652,0.9451814084748481,0.9453677739446374,0.9740125095845584,0.9517154012551399,0.9674805434581137,0.9671298331252776,0.9211677675513823,0.9689545925033728,0.9233016973595745,0.7852799870321211,0.9497200143750915,0.9584492008589952,0.7917601533607576,0.9482256544787385,0.9494010922698619,0.8987060837460489,0.9762262956157286,0.8992049342508966,0.45806139478903385,0.6898831593644096,0.9050199949335612,0.858386031297584,0.9009990588258825,0.9827734680876922,0.9829811793770455,0.7711302450008266,0.7283980501317833,0.7742779199053803,0.42072914781455417,0.7321158917946172,0.7788809727739847,0.7744597818020758,0.7422026037806053,0.7752112451516825,0.7436954833118413,0.7257805981089884,-0.5265803003246534,-0.6099743625491767,0.6936589665071498,0.8832998697347703,0.9200724447657731,0.937892537434756,0.9048518443676983,0.814715705457247,0.9000549873771433,0.9139548659255218,0.913439237367698,0.8056671329595456,0.13654964823679555],[0.9946418570277006,0.9918843453124946,0.9968877651899575,0.9953176576408882,0.998145206982556,0.9777196376715589,0.9995948055422184,0.9999993380729875,0.9872671097855266,0.9999991520167251,1.0,0.9997754513105971,0.9999963924028337,0.9999949451826347,0.9999983733610021,0.9996796023066097,0.9976361901881132,0.9992312406805112,0.9997929401676643,0.9997930179259579,0.9999984511925394,0.9999984083832313,0.9932435941842711,0.9746069207646478,0.9954161072011695,0.982645317794392,0.9959936641117801,0.9913417710278657,0.9839457798373844,0.9483968113748099,0.9891716029406348,0.9934223785870114,0.9842088738549133,0.9463883226373482,0.9993068602577848,0.99936100026033,0.9993029317260779,0.999898196657414,0.9992691448260472,0.9993129355867785,0.9979994613389439,0.9985524469599175,0.9992823368372071,0.9992801436685085,0.9886256238364483,0.9364381818384762,0.9201512149943659,0.9555240432607779,0.9395558157716458,0.897821471450928,0.9191129536638406,0.9098257998081545,0.9234170670108558,0.9318864651858784,0.9175841169392094,0.9721468548513287,0.9721238015943533,0.9907707500654673,0.9953217965275725,0.965145862219402,0.9596073773621044,0.9598371073042778,0.9622787266716968,0.9611170932676831,0.960847741630922,0.9094399451511109,0.9432986615326356,0.9172809836917869,0.916810447225761,0.8353159511711801,0.9646077214565861,0.9698941371945569,0.9664745266207392,0.9653623573884652,0.91773021400683,0.8019871466487322,0.765949056820841,0.8431624324246373,0.8948759069552905,0.8648754467389628,0.8798235595824616,0.87855858018111,0.7344121860377977,-0.3836785160363076,0.9488994946975159,0.9453290628141839,0.9454759516236071,0.9662407519819716,0.9380315852723706,0.951529054441841,0.9508505113334484,0.8937124115340799,0.9541248788296087,0.8979318888252794,0.7854417308562208,0.9500220032536141,0.9624985297741492,0.688583481758515,0.9094407046967481,0.912031804808051,0.8567364007505596,0.9853650463466335,0.8446096107221434,0.1162518439643354,0.5432346299398583,0.8566247544321307,0.8242429021858515,0.851462559310052,0.9861070473701502,0.9861264415820876,0.536067917916684,0.6438252168873705,0.5432425099075257,0.42066791117962166,0.5110630838273073,0.5537410517285948,0.5443311186825894,0.4825748285683377,0.7642353138422034,0.613621293628259,0.575412612404807,-0.4875077362736197,-0.5460173824981874,0.6931201369501179,0.863407280226725,0.8758725367167525,0.9085049307004761,0.8986587677622713,0.6839402807643636,0.8506034194493092,0.869016209925919,0.8683347983290957,0.6207378489812279,0.08652886388110567],[0.9939455097249872,0.9932705612616152,0.9960611857598233,0.9948258290805879,0.9980781118570372,0.9767564004534068,0.9996218757642568,0.9997715588672714,0.9897018548445679,0.9997760725174542,0.9997754513105971,1.0,0.9997890169292823,0.9997751011483534,0.9997808579709183,0.999679318720456,0.9982605984757236,0.9994235257212424,0.9999713212072319,0.9999710621891416,0.9997800753096031,0.9997851725434572,0.9928880948794543,0.9717299288962851,0.9942874475267427,0.983463333607682,0.9950551211417685,0.9937359123608818,0.9803290713215191,0.9302835322602517,0.9917749874362188,0.9944603343669794,0.9799078049918872,0.9286670978133538,0.9994375451908353,0.9994832938210039,0.999445792388943,0.999602702666756,0.9996258843801024,0.9994613658037091,0.9978858923137052,0.9985861710435344,0.9994249009601771,0.9994218229491402,0.989958474249385,0.9321404358808741,0.9074374609469601,0.9525860194890322,0.9382706349369813,0.8977576672958542,0.8858348734968521,0.9223068668379205,0.8892593015238673,0.9096149929384811,0.8841808539745409,0.9605586389799101,0.9605445987010702,0.9821832423884362,0.9948582994002402,0.9637810426944053,0.9641145523275363,0.9549402085837275,0.9598653495389784,0.957321764703509,0.9571129485070881,0.9090773720149551,0.9338810343115047,0.9013419468760766,0.9011000225947192,0.8186887937282348,0.9635448429082281,0.9655268268974871,0.9655616461860442,0.9648963873427494,0.9244286901009683,0.755244887123869,0.7168062888718262,0.8107529354205169,0.8738461304978647,0.8308598161381289,0.8531579256073011,0.8523588112137601,0.7163638510972031,-0.26232998764248006,0.9428449082883663,0.9475484350211456,0.9424625767111856,0.9644929188927847,0.9377630865207189,0.9462594139874851,0.9453633189171825,0.8914775113824999,0.9484630433178638,0.8944688596665925,0.7401362847563466,0.9476066766938346,0.9417781764701706,0.5675365399487,0.8566849793223762,0.8610385253177674,0.7563882568747643,0.9794320569655728,0.7329336381161872,-0.25177053517328013,0.28463353640284733,0.7562782904479106,0.7126483374876963,0.7501187263901465,0.9805631331295239,0.9806554922593711,0.23272310930672652,0.39032672497532783,0.23816139496993627,0.2102227849764644,0.23002538896738006,0.2454588457175411,0.24314402813417538,0.15988086301491253,0.5708716751561029,0.30744147494049673,0.25575327590077296,-0.5006252528265731,-0.5480805243411041,0.6935331687623699,0.7634367078138036,0.7867486072402327,0.8503734992963311,0.8304467576592232,0.5884699109350977,0.7707174023674904,0.7815479075027346,0.7805376931433253,0.4422152048748923,0.27585341093109667],[0.9963999768211872,0.9919540355634849,0.9901714258401049,0.9967750295012772,0.9985635491241771,0.982243642174309,0.9984883658569436,0.9999970858456638,0.9713158957638122,0.9999985302408516,0.9999963924028337,0.9997890169292823,1.0,0.9999914115484676,0.9999976866240878,0.9993965666750189,0.9933990191958705,0.9995179724254181,0.999920846673855,0.9999207170689267,0.9999730986364932,0.9999989817555941,0.9912004656352019,0.9765650582351677,0.9937917879433614,0.9472488103001798,0.9943041572384155,0.99144159826684,0.9771661161040561,0.9540274407735688,0.9889619240358334,0.9940143729051427,0.9925687906772335,0.9734909199715654,0.9995234843410187,0.9996253380392605,0.9997159197998697,0.9997506757263147,0.9993294908872491,0.9995643746106176,0.998371007056799,0.998947723928069,0.9995953407021989,0.9994666311810882,0.9816396683869713,0.9370323537814891,0.9520553299418271,0.9555975207270593,0.9397980410049142,0.8985811920257966,0.9569229395078583,0.9439470410647678,0.9589517878934305,0.9588000806254199,0.9489005582718801,0.9804710796018704,0.9793797265396501,0.991282320753694,0.9969753985016383,0.9485222778696498,0.9595397741876863,0.9685115514818422,0.9715636588191504,0.9703378763530116,0.9513838610152988,0.8975737023401759,0.9538456725873964,0.9574529079784888,0.939807728456981,0.8840435327357979,0.9666834399281893,0.9399407172655521,0.9655069401760941,0.9491984737816735,0.7895368532235219,0.8655300265537079,0.7949002813263735,0.879217104362868,0.8958067798076165,0.902443145055935,0.8826879716941293,0.891933167707459,0.37581663499396234,-0.5790947434653702,0.9615044343783786,0.9453060915397851,0.9454742080461497,0.9526050922972419,0.9564701373192748,0.967893909913195,0.9679592150182045,0.9204500400564036,0.9635689356036695,0.8496991242962495,0.7853322878409872,0.9494066122892261,0.946564167949797,0.8068562877693958,0.9541897404850225,0.9551866907307399,0.8989766557578515,0.9768496259400482,0.8361709232291906,0.5610871642311746,0.7130770329542171,0.858420089818647,0.8486436258574519,0.8410657335964052,0.9827506838724807,0.9829338903636173,0.771673053478855,0.7291083835787602,0.7846254042075494,0.42123215529904406,0.7771747257121878,0.7923106559147531,0.7892943152105029,0.790224224838328,0.7757592911422992,0.7441824654086,0.7262984188220477,-0.30981339337686786,-0.4610806932182162,0.6945346516760375,0.8837887219523041,0.9201909575189302,0.9339339938544144,0.9052856551466442,0.8185128304779917,0.903741331102773,0.9216255514217416,0.9204813051171895,0.7612197391715031,-0.09102288136933798],[0.9964318320817397,0.9918539623301355,0.9922745197702825,0.9968921717908859,0.9985758034545619,0.9826999620536944,0.9994948716402661,0.9999929981520022,0.9796306769681024,0.999991905329728,0.9999949451826347,0.9997751011483534,0.9999914115484676,1.0,0.9999952400304959,0.9995825012405032,0.9978834988569434,0.9994776333984804,0.9999065864776279,0.9999056417877961,0.9999554704562775,0.9999917250797293,0.9930980170942365,0.9769688699313014,0.9960491162083935,0.9686168637976355,0.9958383641619399,0.9913113576493436,0.9776147969166143,0.954205343702489,0.9893518687566323,0.9940862100812142,0.9918915584870422,0.9730697679426953,0.9995038067650868,0.9995794338305742,0.9996370372805661,0.9998915813360484,0.9992950290559812,0.9995145602971975,0.9982439293853045,0.9988725060339473,0.9995238658373363,0.9995172143019222,0.9841676217842213,0.9368643697052553,0.9518340145226893,0.9555266194088035,0.9395952541038529,0.8980978143838608,0.9519309067186205,0.9371435268594879,0.954236490056538,0.9582014431434981,0.9481981759802587,0.9790341922253494,0.9790633559982626,0.9905882088911758,0.9969731619698883,0.9738495091804277,0.9592276302588901,0.9734382775986652,0.9715006140030511,0.9743828714279932,0.9741606569975283,0.9428308839083667,0.953416564651716,0.9562910828482903,0.9559942734950758,0.9197959749254704,0.966646581549979,0.96846391566062,0.9733093985697786,0.9722925504089323,0.9337340390282942,0.8650643573687337,0.8316856518421417,0.8786508653654327,0.9061693977547295,0.9021774371830519,0.9029255697569647,0.901847322406506,0.7108227213481272,-0.5793090455298491,0.9614247991689053,0.9450403894824136,0.9451050055815318,0.9748889313787144,0.9564794854641439,0.9678041041761805,0.9678815710767192,0.9205216507748215,0.9691865533573684,0.9318314766086094,0.7852045538589116,0.9495019262590457,0.9515890393829135,0.8061803604650871,0.9540619009905587,0.9550221542613067,0.8985809388352541,0.9771915334894269,0.8857884845779653,0.5601797389623755,0.7119178389759082,0.8936356953431555,0.8618826260549833,0.8846560170123485,0.9830134995956111,0.983218381519779,0.7702727892784275,0.7279037146321813,0.8040864884150882,0.42074994014198747,0.7835549998448678,0.8084722407550141,0.8030135538516521,0.7903530283714615,0.7753099192075525,0.7424351251438764,0.7245632053315857,-0.3999402072057024,-0.5222660431418423,0.6931144189287577,0.8832987270349206,0.9166038980837451,0.9294247459420294,0.9051803911808124,0.8170039853884828,0.8916977337154871,0.9097470467379111,0.909345493200014,0.8409842656779323,-0.057581846225829465],[0.9963444599886818,0.9919107176643639,0.9903734003813461,0.9967359352896367,0.9985770121044442,0.9824835911416014,0.9992226850900952,0.9999983069426422,0.9762065369351164,0.9999978429371774,0.9999983733610021,0.9997808579709183,0.9999976866240878,0.9999952400304959,1.0,0.9994836861804843,0.9971822001255023,0.9994946866995758,0.9999142311223657,0.9999136542071242,0.9999671369925022,0.999997688359495,0.9913634702653138,0.9768215714793892,0.9954181491956249,0.9603159148435605,0.9952240728954797,0.9914001053141657,0.9774176324939956,0.9542446441130371,0.9914319056601838,0.9942748182085336,0.992439244168671,0.9732850191778031,0.9994917580270611,0.9995875263643021,0.9996927250379647,0.9997665857138166,0.9992987782341972,0.9995216468522822,0.9983097888166905,0.9988978058452828,0.9995621451470167,0.999435249140011,0.9818862110885692,0.9368423022656813,0.9519104315609933,0.955652645509647,0.9397874917678325,0.8982457670448252,0.9566410541638528,0.9436857843624632,0.9586975165717183,0.9584216640484843,0.9484271041483222,0.9802405829633909,0.9791404993705904,0.991118685770005,0.9968574542457025,0.9485516565694652,0.9595810632806353,0.9684909017201414,0.971603016775425,0.9703055215694624,0.9510030565316241,0.8978290353962153,0.9536374516442103,0.9572182901268659,0.9396569313185194,0.8840160089878301,0.9668220031410828,0.9401319064366317,0.9655547427824754,0.9492596109475155,0.7899563492899967,0.8652848734333346,0.7947119572645636,0.8790272638469496,0.8957641347223891,0.9023369730465037,0.8825247352264215,0.8917927439591476,0.3760588585237167,-0.5787074948956068,0.9615140201186165,0.945291284722667,0.9454604716486782,0.9512543521343532,0.956556533272307,0.9678767035956454,0.9679366270824905,0.9206709992835889,0.9635298315179749,0.8499618572178905,0.7852957125764771,0.9496916912793315,0.9469716130452572,0.8068416137603014,0.954120820970224,0.9551299556613233,0.8984563884847324,0.9770037131563529,0.8356986703316233,0.5598028333719517,0.7123170985304099,0.8579416442796629,0.8482252561258196,0.8405983387766417,0.9828453810421011,0.9830251808256109,0.7706863488001893,0.728287373734731,0.7839841823218298,0.42085456794576503,0.7764835568744397,0.791534386756744,0.7888099281366039,0.789414271120541,0.7753475606687026,0.7430192789250971,0.7251542696910894,-0.3105435828333053,-0.4616999521047119,0.6943486824863359,0.8831761277928641,0.9198245836654422,0.9334298453130164,0.904841844851998,0.817747291380892,0.9033450104085529,0.9210648567876208,0.9200447852912985,0.7606248988518846,-0.09024074891743027],[0.9977278084276153,0.9939698696617348,0.9898335450191404,0.9979781123929977,0.9990584444557702,0.9820748030265919,0.9998937419205269,0.9993506636078694,0.9742100167934021,0.9996941605837844,0.9996796023066097,0.999679318720456,0.9993965666750189,0.9995825012405032,0.9994836861804843,1.0,0.9984650306754798,0.9998570725372737,0.9995679498053484,0.9995725358987934,0.9997786700565551,0.9995550446418429,0.9910058056700594,0.9757757682831609,0.9941142569074057,0.9530647672998159,0.9937766447082884,0.992784194176658,0.9756408840993661,0.9547675603661657,0.9918385596477041,0.9927440800088876,0.9932927642009255,0.9753354492804959,0.9992935863889836,0.9997416674513713,0.9997277284910142,0.999587015653391,0.999624108775217,0.9996982821556099,0.9988781552101517,0.9996004556414947,0.9995235457032278,0.9992913339551552,0.9805206066303529,0.9355127860346366,0.9539534425558073,0.9528956550736621,0.940619718179497,0.9046628544282387,0.9586501584377182,0.948087292704634,0.960985022080824,0.9624141834170372,0.9525121003185326,0.9821702347484185,0.9811160084879849,0.9920428139015481,0.996395183518193,0.9530004440583868,0.9631718251599128,0.9732934900564956,0.974120923600883,0.9748513980622505,0.9537871669189484,0.9031550284292367,0.9569959985331162,0.9623475701575207,0.9444776092801217,0.8920825102784348,0.9692914747757794,0.9449787149985432,0.9698190289392836,0.9535400450461167,0.798229812199801,0.8706749086100388,0.7990711691129205,0.8843564272049592,0.9006997146744461,0.9050726761539811,0.8862293525539146,0.8969437174204848,0.38745631615674453,-0.5756038378592354,0.9647578755355467,0.9500844279342425,0.950070858632814,0.9552754368110937,0.9602917410645349,0.9709803343257924,0.9710394574383319,0.9246724044166527,0.9685932446712496,0.8573293767212917,0.7870891809333002,0.9409252052086042,0.9393366357254006,0.8092892266023777,0.9541870469043354,0.9550294285860176,0.8986202998710983,0.9736644810387809,0.8349595644192375,0.5695191616044685,0.7173