var element=document.getElementById("correlationClose");if(element.style.display!='none'){var correlationClose={"data":[{"type":"heatmap","z":[[1.0,0.9999895378167856,0.6839104630202814,0.9997431101775032,0.9981223539002324,1.0,0.9927468666832094,0.9894266107962775,0.9894266107962775,0.9933100404251205,0.9774431231365265,0.9873055144945356,0.9927821739172125,0.9931553563995008,0.9928280517388212,0.7537708232642604,0.6749343748226011,0.267258449919907,0.9935875164412907,0.9935817506320878,0.9857479748504323,0.9927757075023568,0.3884166894696278,0.7545577441699312,0.9827998364828369,0.9827998364828369,0.9827810250748527,0.9760981628122855,0.3069282737328147,-0.1391557288086009,0.9895622166096795,0.9895267570338168,0.2586726656429161,-0.21450552438178888,0.9948525333797686,0.9953135305944107,0.8555193148989725,-0.35358811274214763,0.9907496826512958,0.9953085496678683,0.7355239264545959,0.24779112767258885,0.9949802880502635,0.9949759766452259,0.9949802880502635,0.8999564764604792,0.6534277729880105,0.9201243780572251,0.9244959318760598,0.8398103222511615,0.3778225205285688,-0.18152305699851232,0.21590225791368386,0.9500701735011917,0.37472972219837847,0.9753515305896971,0.9716230446478896,0.9811466522905888,0.9897408070407666,0.9344477791319061,0.9427788296153917,0.9475991716748977,0.9345568421393992,0.944882659659583,0.9455022632735127,0.944882659659583,0.8919289356499593,0.9257456316343533,0.9266107010899878,0.9257456316343533,0.9280996909304073,0.8005238960497181,0.9013118355390012,0.9025509268711406,0.9013118355390012,0.7187734064699507,0.4022930668002553,0.7061919288307638,-0.5400423917934741,0.6113826957395894,0.628457650687886,0.6290327497817564,0.628457650687886,-0.09066969695552542,0.916331465964984,0.9464306218783439,0.9317323949537816,0.9358262778936186,0.2600006085562773,0.9112322658314368,0.9118688905414222,0.9112322658314368,0.9152921574141495,0.9152921574141495,-0.09351690329191592,0.598725483715711,0.15296045650102288,-0.6928081719380006,-0.5931707777385016,-0.5970545301664215,-0.14098646808036966,0.13589310364112625,0.20125752073388786,-0.003760087180384844,-0.5653731731015056,-0.025538083876825216,-0.7976836215709315,-0.2947909488815805,0.16508919017509419,0.1666483234628693,-0.5751866963621902,-0.5758535429481602,-0.2831496202083474,-0.517647639164549,-0.8148295340333197,-0.4112281740425475,-0.40359005311175544,-0.4112281740425475,-0.2310264866362069,-0.3501665403155113,-0.3501665403155113,-0.8028982113987709,-0.8028982113987709,0.4141553439340039,0.6287030276928883,0.8516791762715473,0.8402242369180558,0.7547809525029713,-0.3374853655855651,0.7468053963488963,0.7763343500425741,0.7765832420134953,0.7763343500425741,-0.1788262420451786],[0.9999895378167856,1.0,0.9816026925765561,0.999505805774888,0.9960106391132173,0.9999895378167855,0.985176262219189,0.9799248848446481,0.9799248848446481,0.9850750782542251,0.9729502016765735,0.9861561376613559,0.9852184210651727,0.9851641873737862,0.9850659143282565,0.11555522262791308,0.023280379407099417,-0.44695730033086506,0.9884906745320367,0.9884854845148429,0.9852711109592969,0.9852734327853611,-0.17353591230018095,0.9801899450981415,0.9804016790360274,0.9804016790360274,0.9804354967522065,0.9762823389269386,0.08179071737700637,0.10615950395368064,0.9828280990426796,0.9828757699135762,0.7731067539448679,0.07663686750907517,0.9908633025996365,0.9908998848376986,0.9914013729197495,0.9862282596373402,0.989871808395808,0.9908998112973524,0.06748377582028489,-0.45157984346502167,0.991477009034462,0.9914736597552988,0.991477009034462,0.8997399820162131,0.4997315350971987,0.9202792973540054,0.9245229101207061,0.839320060281221,-0.27592952994072345,-0.48426774946119117,0.8458872223431682,0.8886177844584764,-0.257772971713353,0.9409416000905514,0.941078020718212,0.9612902990875603,0.9785250387874421,0.9540524590810199,0.9596456428500703,0.9454723833310302,0.9466267762473375,0.9487934427402482,0.9491403181432609,0.9487934427402482,0.8670276993837025,0.8420540208088454,0.843489777818924,0.8420540208088454,0.9560948677857959,0.9590167452320397,0.9560217710909586,0.9567453777761106,0.9560217710909586,0.6515462919543008,0.603887972766408,0.688416028447274,0.7570195918300416,0.6707036007704981,0.6930665377643453,0.6940832766670672,0.6930665377643453,-0.1358845851128448,0.9218965005149168,0.9423494886060837,0.9353898969205529,0.9587774100718964,-0.30700759925479254,0.9185090707006347,0.918649728563761,0.9185090707006347,0.9247575231496982,0.9247575231496982,-0.17877491956292355,0.5985968820641527,-0.36793870462344397,-0.7859255017852932,-0.4612787669649901,-0.4651879188849153,-0.38637935829992665,0.27733713194232634,-0.2646275519601627,-0.4996163886051891,-0.7384967432131562,-0.3589361926197458,-0.47541065544439676,-0.4225882898764232,0.1344500962904692,0.13181350665077765,-0.4885743963526544,-0.4552919866766608,-0.4837599087838765,-0.5153765024039739,-0.5074094027905951,-0.48621816625130815,-0.4895227565981397,-0.48621816625130815,-0.3704974838723193,-0.539912535764057,-0.539912535764057,-0.5074525363926322,-0.5074525363926322,0.4139760086433699,0.36539163965427035,0.4960793362180846,0.6067330973811311,0.5229738129500334,-0.4423959691649022,0.37674780990704987,0.31126163156419456,0.3114430890382412,0.31126163156419456,0.18340472600442598],[0.6839104630202814,0.9816026925765561,1.0,0.6809935021636796,0.6187367247931826,0.6839104630202814,0.6640986496648401,0.6567358393256413,0.6567358393256413,0.6124741915946514,0.5773250571967952,0.9950494061477382,0.6641241804118729,0.6593015772946713,0.6642679979490557,0.4033249039271,0.3693617428307463,-0.21688535021476582,0.6280248960969619,0.6275040268435518,0.5957207736725336,0.6633758373068065,0.1712372399034557,0.7998515588802566,0.6443388830314977,0.6443388830314977,0.6441162357562882,0.9883637584291686,0.28476833730158824,0.10209530996720663,0.621833774222694,0.6214691943577734,0.6447738394026011,-0.041690942826973,0.6598093966767404,0.6059231646503062,0.6247617751024369,0.29300366850937487,0.9933650390833564,0.602138017984825,0.3889320541215587,-0.22618849357901494,0.6766873350813604,0.6579805853880479,0.6766873350813604,0.8969678796144012,0.4104088187471204,0.9350945541153556,0.9145965074203621,0.7439274500096358,0.22420291492069927,-0.07260982659857977,0.051764445891555405,0.5514315563691596,-0.08548866081446804,0.6053168787596243,0.577212548673369,0.597225613837646,0.5613772243139532,0.014168645942295445,0.8080109603355222,0.7428640844714237,0.6623516336995833,0.7485157813976029,0.7707060506354255,0.7485157813976029,0.5580807561494208,0.6612399122280948,0.7106302762776396,0.6612399122280948,0.7154716055589243,0.686251971361558,0.7375602942199317,0.7791681027071385,0.7375602942199317,0.44522346972207727,-0.08578996943462906,0.4604910395506371,0.09246522539139097,0.43737399517487424,0.26500396651884045,0.5072374901287635,0.26500396651884045,-0.14451423753027398,0.6376647184102584,0.8896524887778118,0.7044812024340479,0.7806125141488097,-0.07564679992892454,0.6739995970428476,0.6739470455277887,0.6739995970428476,0.7324199496244924,0.7324199496244924,-0.19482815967755718,0.7066081530071963,-0.18059818495178942,-0.7091736150951976,-0.4465143314426573,-0.450454336454659,-0.4305974177816804,0.11008358820880626,0.019718947164971495,-0.3446788503991266,-0.6893003412597299,-0.17601548792281102,-0.33009507110236286,-0.2809390557947815,0.04794651875278019,0.046513369757617495,-0.49500596956772486,-0.07324146464284617,-0.26602372474234254,-0.5157493096312307,-0.2154420756593239,-0.4124339145770318,-0.2947075700358935,-0.4124339145770318,-0.4250102535667912,-0.5483161973002123,-0.5483161973002123,-0.3143480392680257,-0.3143480392680257,0.36084029069039936,0.20372025154374537,0.2912900986862017,0.5274375837266138,0.2951764788352144,-0.390625805933847,-0.008520875524730144,0.4599483523034607,0.5594089306738809,0.4599483523034607,-0.0025833780158926725],[0.9997431101775032,0.999505805774888,0.6809935021636796,1.0,0.9989673069133949,0.9997431101775031,0.9939193956635604,0.9910330392689991,0.9910330392689991,0.9946916916675924,0.9757017910969753,0.990390149284756,0.9939450820125117,0.9945929101445674,0.9939683977055326,0.7529751030830609,0.6737241918189119,0.25284705450508266,0.9945832615745952,0.9945799016743285,0.9858241672489544,0.9939318896542394,0.3799127790451195,0.7587374410347696,0.9851942924707583,0.9851942924707583,0.9851748568336226,0.9818665095032928,0.30269761380592275,-0.14513850085930302,0.9888639614868189,0.9888363688433947,0.2508434032689483,-0.21480166701239378,0.9953288160554838,0.9959884466368893,0.8237107770344185,-0.3578399075293234,0.9929715755438672,0.9961950911826747,0.7340828445907429,0.23310448798847339,0.9934402513305968,0.9953678414484735,0.9934402513305968,0.8978260189343685,0.6416350228365479,0.9233575533187928,0.921631142564665,0.8240867246920834,0.3731604368952572,-0.1861723198035494,0.2108536033654389,0.9449638664126426,0.3593773485104479,0.9710442201002679,0.9688716269305535,0.9790791432203534,0.9895887386619526,0.9165633469602873,0.9375825720977466,0.9368076541529701,0.9314132972909072,0.93076144517164,0.9315898445240801,0.93076144517164,0.8853976082728798,0.9155758450787891,0.9165202832060738,0.9155758450787891,0.9253946071636078,0.7493164837507618,0.8682575001703254,0.8695291926871572,0.8682575001703254,0.712133756477132,0.16287926590926338,0.698079282574251,-0.5446151982154619,0.6074269595971007,0.36488295188094055,0.6014212022528956,0.36488295188094055,-0.09652504553222029,0.9121967569793443,0.9407214932917473,0.9256502201569202,0.9161051193704431,0.24623448876529522,0.9077536915189917,0.908511016298514,0.9077536915189917,0.899150492645778,0.899150492645778,-0.09787787415982657,0.6169722958185329,0.15786137399162747,-0.7017505344368354,-0.5994455979175628,-0.6032499807127354,-0.15222975661527333,0.13176026034002541,0.19492940565806086,-0.01620280446369441,-0.5762655167222716,-0.031220475098553597,-0.8027755959872768,-0.30192282163126943,0.15588504846107187,0.1575005169127282,-0.5812284187327118,-0.5724857245049441,-0.28371338000399293,-0.5270746485944697,-0.8159467878211686,-0.4120588634870344,-0.4049691943872191,-0.4120588634870344,-0.23870055679912475,-0.3588329173303706,-0.3588329173303706,-0.802186035246436,-0.802186035246436,0.40536729333238236,0.6179484231800461,0.8439248820020131,0.8327464077556578,0.7478913322382051,-0.3494290287538031,0.7380300438075831,0.7676432869961972,0.7678955401268868,0.7676432869961972,-0.1642261054492244],[0.9981223539002324,0.9960106391132173,0.6187367247931826,0.9989673069133949,1.0,0.9981223539002324,0.9972776500444285,0.9959375245347819,0.9959375245347819,0.9974872790264426,0.9691395683974826,0.9964636447153178,0.9972958285605847,0.9973674737370499,0.9973182565970738,0.653311255330241,0.5484921855690909,0.046331907986940125,0.9976991848340651,0.997700017193751,0.9879922356740536,0.9972862294324766,0.02283873636513758,0.7427546861238333,0.9927357240736426,0.9927357240736426,0.9926976891220003,0.9905996454308678,0.07766370574839647,-0.12879651544920132,0.987491745009743,0.9874257071577229,-0.04216679752191247,-0.11892108286577575,0.9977729503989088,0.9977006382011376,0.8173320080098208,-0.4745232022577744,0.9976165054326893,0.9980266553383956,0.6220361719659229,0.022191238755258642,0.9977182513740636,0.9977239072047264,0.9977182513740636,0.9108656072103931,0.607634475986935,0.9338154686579928,0.9220089719682469,0.8020148350331954,-0.0743444263615381,-0.5868926840680961,-0.16913648080391283,0.9354098008980681,0.21392234175775526,0.9679374133508113,0.9679767696104333,0.9818962635106766,0.9901732402452235,0.9158023921813379,0.9210663757464557,0.9275204272627684,0.9199546954309048,0.9258960592783683,0.9262434593006664,0.9258960592783683,0.8633605230089879,0.8771275497687393,0.8781870828000239,0.8771275497687393,0.9152103427393568,0.8363243711188495,0.8971503646996082,0.8979016748826866,0.8971503646996082,0.6760010237126334,0.5701974090412665,0.6666177782649655,-0.5544426419430235,0.6564966952023429,0.6379351241054418,0.637504805213008,0.6379351241054418,-0.10848561487358233,0.8963879005137753,0.9195737031466626,0.9057465851204846,0.9232932354205302,0.09171255561611243,0.8954364224256941,0.8963546543140819,0.8954364224256941,0.9007393294603386,0.9007393294603386,-0.13520865069631507,0.6616496426706284,0.012698948173379902,-0.728861377377622,-0.6439400010948095,-0.6450083290871278,-0.18152786043657104,0.1551156458210032,-0.19140642698763513,-0.25947750347447934,-0.6413294752567457,-0.3846581868843682,-0.844581559001876,-0.570372493664012,0.12701371835004804,0.1284896095881309,-0.6054648362954371,-0.5674413850186232,-0.5512035220153767,-0.5632535832947683,-0.7718934853790553,-0.6011971184249113,-0.6040915335015036,-0.6011971184249113,-0.274598475146939,-0.38988250086510673,-0.38988250086510673,-0.7414533572655599,-0.7414533572655599,0.39402572554731985,0.6020955666988126,0.8009469058009847,0.7947345504511182,0.7398956227168771,-0.471934701738035,0.6075895050522528,0.66271677104754,0.6631077458667486,0.66271677104754,0.0631696229762767],[1.0,0.9999895378167855,0.6839104630202814,0.9997431101775031,0.9981223539002324,1.0,0.9927468666832094,0.9894266107962775,0.9894266107962775,0.9933100404251205,0.9774431231365265,0.9873055144945356,0.9927821739172125,0.9931553563995008,0.9928280517388212,0.7537708232642604,0.6749343748226011,0.267258449919907,0.9935875164412907,0.9935817506320878,0.9857479748504323,0.9927757075023568,0.3884166894696278,0.7545577441699312,0.9827998364828369,0.9827998364828369,0.9827810250748527,0.9760981628122855,0.3069282737328147,-0.1391557288086009,0.9895622166096795,0.9895267570338168,0.2586726656429161,-0.21450552438178888,0.9948525333797686,0.9953135305944107,0.8555193148989725,-0.35358811274214763,0.9907496826512958,0.9953085496678683,0.7355239264545959,0.24779112767258885,0.9949802880502635,0.9949759766452259,0.9949802880502635,0.8999564764604792,0.6534277729880105,0.9201243780572251,0.9244959318760598,0.8398103222511615,0.3778225205285688,-0.18152305699851232,0.21590225791368386,0.9500701735011917,0.37472972219837847,0.9753515305896971,0.9716230446478896,0.9811466522905888,0.9897408070407666,0.9344477791319061,0.9427788296153917,0.9475991716748977,0.9345568421393992,0.944882659659583,0.9455022632735127,0.944882659659583,0.8919289356499593,0.9257456316343533,0.9266107010899878,0.9257456316343533,0.9280996909304073,0.8005238960497181,0.9013118355390012,0.9025509268711406,0.9013118355390012,0.7187734064699507,0.4022930668002553,0.7061919288307638,-0.5400423917934741,0.6113826957395894,0.628457650687886,0.6290327497817564,0.628457650687886,-0.09066969695552542,0.916331465964984,0.9464306218783439,0.9317323949537816,0.9358262778936186,0.2600006085562773,0.9112322658314368,0.9118688905414222,0.9112322658314368,0.9152921574141495,0.9152921574141495,-0.09351690329191592,0.598725483715711,0.15296045650102288,-0.6928081719380006,-0.5931707777385016,-0.5970545301664215,-0.14098646808036966,0.13589310364112625,0.20125752073388786,-0.003760087180384844,-0.5653731731015056,-0.025538083876825216,-0.7976836215709315,-0.2947909488815805,0.16508919017509419,0.1666483234628693,-0.5751866963621902,-0.5758535429481602,-0.2831496202083474,-0.517647639164549,-0.8148295340333197,-0.4112281740425475,-0.40359005311175544,-0.4112281740425475,-0.2310264866362069,-0.3501665403155113,-0.3501665403155113,-0.8028982113987709,-0.8028982113987709,0.4141553439340039,0.6287030276928883,0.8516791762715473,0.8402242369180558,0.7547809525029713,-0.3374853655855651,0.7468053963488963,0.7763343500425741,0.7765832420134953,0.7763343500425741,-0.1788262420451786],[0.9927468666832094,0.985176262219189,0.6640986496648401,0.9939193956635604,0.9972776500444285,0.9927468666832094,1.0,0.9976360050669222,0.9976360050669222,0.9999720981821776,0.9638260609115687,0.9997016190541531,0.9999967627476081,0.9999876943836612,0.9999937364550977,0.8357294392355996,0.8216465690828677,0.22157092031511685,0.9998692498333672,0.9998696422972998,0.9904297163612935,0.9999969339201211,0.30189310484444054,0.754460414845437,0.9865035365455878,0.9865035365455878,0.9876741063499429,0.9921446357830173,0.23655954462308873,-0.1952383503972603,0.9916834100525049,0.9917031504568629,0.16255222935694363,-0.25767483367341165,0.9993737745539054,0.9994911966619162,0.4603940181398179,-0.3019685906419618,0.9991297408347873,0.9994607856630228,0.8151542720793481,0.20053872065443384,0.9461521745388364,0.9991367281578363,0.9461521745388364,0.9194613252412682,0.6160198848642178,0.943516593428104,0.9231206090927296,0.7695585311225729,0.4141005109172283,-0.1239258488863603,-0.18570334711483102,0.9337910793386897,0.3304024817488963,0.9690651117986084,0.9654078676990657,0.9801410959169352,0.9956442866267029,-0.009562024325125306,0.8843867258462147,0.8468286227374477,0.8888084574647513,0.8418189728795361,0.8069315310452291,0.8418189728795361,0.8285845777838744,0.8125224445175642,0.8015656341840774,0.8125224445175642,0.8830582785280342,0.4248520927163296,0.6209800351706579,0.6759085967880482,0.6209800351706579,0.6450789024082025,-0.33416305020052073,0.620542212915805,-0.6102993705962773,0.5409852716290641,-0.07427457746352177,0.4725053596159681,-0.07427457746352177,-0.13709964226978338,0.862041793756409,0.8839530370477009,0.8701328848596654,0.7824860126861983,0.21375579199506534,0.8607672819682309,0.8618943131844684,0.8607672819682309,0.7862037397591464,0.7862037397591464,-0.1705211545952921,0.7020213721254676,0.22973826868031078,-0.70546083726659,-0.6379974531429893,-0.641359279512997,-0.1912893501914169,0.08329495050310563,0.3157858484792397,-0.04251378518061544,-0.5856865931116982,0.03441087965550523,-0.82927888326243,-0.19822093663568588,0.09360587675979692,0.09524121009895149,-0.6218916715185313,-0.5850923411248827,-0.11835889399588242,-0.5967956487051144,-0.8314618329040069,-0.4028494137834246,-0.23848560544874323,-0.4028494137834246,-0.30415295371621787,-0.39700528329475493,-0.39700528329475493,-0.8234705015814906,-0.8234705015814906,0.3937436373897835,0.5880042038629334,0.5119069937178609,0.8045058162546977,0.7371031365602272,-0.39600590956006565,0.0724202327762107,0.7452931930820544,0.7643099706511333,0.7452931930820544,-0.10182244746755438],[0.9894266107962775,0.9799248848446481,0.6567358393256413,0.9910330392689991,0.9959375245347819,0.9894266107962775,0.9976360050669222,1.0,1.0,0.9995938349384322,0.9576937378567417,0.9988333200996812,0.998356709416864,0.9994386703848067,0.9992028232978463,0.832592306100439,0.8095115781237864,0.20004044498817242,0.9992343912817652,0.9992369379388498,0.9879471215973646,0.9993305120267859,0.2769563219815252,0.7562132908438522,0.9932084097644394,0.9932084097644394,0.9859527951806256,0.9897570987857033,0.21929856847150087,-0.20814539570586943,0.9880473339501096,0.9914711684060049,0.14428455341359653,-0.2635180184984863,0.9983914738579207,0.998392417125388,0.44417772847561704,-0.30799213023558075,0.9974277083341998,0.9983540250544196,0.8121706455255965,0.1786472166794252,0.9393691950459695,0.9982234398205286,0.9393691950459695,0.9173500674532035,0.6015376608695138,0.9441604717635831,0.9215467260292598,0.7507926292404892,0.40165450382271584,-0.1382408363124324,-0.1974172356006848,0.9259991528264235,0.31048567559512436,0.9646364832239865,0.9606254007525046,0.9754420485773556,0.9946196686426071,-0.018321103305548828,0.875750291213735,0.8335807253340498,0.8822448114510506,0.8296289996090089,0.7961750667042722,0.8296289996090089,0.818687149530456,0.796742990019517,0.7896991244135397,0.796742990019517,0.876674184837622,0.4079562064223066,0.6035013597503373,0.661462271579679,0.6035013597503373,0.6349099081854769,-0.3475706762422061,0.6088036487275262,-0.6165718118347607,0.5349811028170086,-0.09455783810608681,0.45833540889198904,-0.09455783810608681,-0.14303047829007126,0.8544603244252827,0.8734001003383598,0.8605954801697442,0.7693929302373128,0.1961887332482515,0.8537480551278602,0.8550424244600908,0.8537480551278602,0.7717619616631533,0.7717619616631533,-0.184156022284949,0.7229559449741673,0.23610285528378386,-0.7144105481715067,-0.649580429085254,-0.652775084260482,-0.205270052519129,0.07656315971486595,0.30871659914062805,-0.061192613119526604,-0.5976186682145795,0.025176827343618976,-0.834331382478899,-0.20470258996338114,0.07944944456017507,0.08111177396957528,-0.6324413756262954,-0.5857454717810668,-0.12512638254853062,-0.6117982220974422,-0.8304917986494684,-0.41370444852092614,-0.24458682674876833,-0.41370444852092614,-0.32020955233758525,-0.40965922896607665,-0.40965922896607665,-0.8209991872983906,-0.8209991872983906,0.3767132581602418,0.572156075903004,0.49415854291775724,0.7874934600477949,0.7251436368996075,-0.41615269376743363,0.059213026123696694,0.7268369647847515,0.7489932224070658,0.7268369647847515,-0.08502500296814458],[0.9894266107962775,0.9799248848446481,0.6567358393256413,0.9910330392689991,0.9959375245347819,0.9894266107962775,0.9976360050669222,1.0,1.0,0.9995938349384322,0.9576937378567417,0.9988333200996812,0.998356709416864,0.9994386703848067,0.9992028232978463,0.832592306100439,0.8095115781237864,0.20004044498817242,0.9992343912817652,0.9992369379388498,0.9879471215973646,0.9993305120267859,0.2769563219815252,0.7562132908438522,0.9932084097644394,0.9932084097644394,0.9859527951806256,0.9897570987857033,0.21929856847150087,-0.20814539570586943,0.9880473339501096,0.9914711684060049,0.14428455341359653,-0.2635180184984863,0.9983914738579207,0.998392417125388,0.44417772847561704,-0.30799213023558075,0.9974277083341998,0.9983540250544196,0.8121706455255965,0.1786472166794252,0.9393691950459695,0.9982234398205286,0.9393691950459695,0.9173500674532035,0.6015376608695138,0.9441604717635831,0.9215467260292598,0.7507926292404892,0.40165450382271584,-0.1382408363124324,-0.1974172356006848,0.9259991528264235,0.31048567559512436,0.9646364832239865,0.9606254007525046,0.9754420485773556,0.9946196686426071,-0.018321103305548828,0.875750291213735,0.8335807253340498,0.8822448114510506,0.8296289996090089,0.7961750667042722,0.8296289996090089,0.818687149530456,0.796742990019517,0.7896991244135397,0.796742990019517,0.876674184837622,0.4079562064223066,0.6035013597503373,0.661462271579679,0.6035013597503373,0.6349099081854769,-0.3475706762422061,0.6088036487275262,-0.6165718118347607,0.5349811028170086,-0.09455783810608681,0.45833540889198904,-0.09455783810608681,-0.14303047829007126,0.8544603244252827,0.8734001003383598,0.8605954801697442,0.7693929302373128,0.1961887332482515,0.8537480551278602,0.8550424244600908,0.8537480551278602,0.7717619616631533,0.7717619616631533,-0.184156022284949,0.7229559449741673,0.23610285528378386,-0.7144105481715067,-0.649580429085254,-0.652775084260482,-0.205270052519129,0.07656315971486595,0.30871659914062805,-0.061192613119526604,-0.5976186682145795,0.025176827343618976,-0.834331382478899,-0.20470258996338114,0.07944944456017507,0.08111177396957528,-0.6324413756262954,-0.5857454717810668,-0.12512638254853062,-0.6117982220974422,-0.8304917986494684,-0.41370444852092614,-0.24458682674876833,-0.41370444852092614,-0.32020955233758525,-0.40965922896607665,-0.40965922896607665,-0.8209991872983906,-0.8209991872983906,0.3767132581602418,0.572156075903004,0.49415854291775724,0.7874934600477949,0.7251436368996075,-0.41615269376743363,0.059213026123696694,0.7268369647847515,0.7489932224070658,0.7268369647847515,-0.08502500296814458],[0.9933100404251205,0.9850750782542251,0.6124741915946514,0.9946916916675924,0.9974872790264426,0.9933100404251205,0.9999720981821776,0.9995938349384322,0.9995938349384322,1.0,0.9628650227360143,0.999667215838664,0.9999732394494171,0.9999722945310274,0.9999763263528358,0.6970432131169039,0.596042674768074,0.10223462810326657,0.999827073103303,0.9998278990950815,0.9903406109085883,0.9999708215871896,0.07746450285147262,0.7331375293590585,0.9955430898569688,0.9955430898569688,0.9955022339514769,0.9920413340167832,0.06523579078663745,-0.13762988536747248,0.9909879536881987,0.9909494966875421,-0.021572324481717066,-0.21859383925383216,0.9994266129979821,0.9993862901305711,0.8214530881672103,-0.47338332388420556,0.9990696587385283,0.9994338754335413,0.667395204884419,0.0783535317004386,0.9992986119578251,0.9993038519400359,0.9992986119578251,0.9192075360495022,0.616448016692666,0.9433700951908323,0.9228690058206507,0.7691111759689834,0.024203185218316856,-0.541268339428263,-0.1268254457347929,0.9301925967011081,0.2757378957353243,0.9658556180622222,0.965416409865521,0.9822385567165005,0.9949459894419548,0.8915652035664183,0.8853066836175886,0.9043653629696853,0.8899012214293756,0.9027068132490659,0.9032363964114142,0.9027068132490659,0.8284314452271406,0.8590623470069472,0.8603610513432273,0.8590623470069472,0.8845099486369933,0.801742469045532,0.8703873098210798,0.871444684406406,0.8703873098210798,0.6450207847845105,0.5027911399639126,0.6203121469566336,-0.611230413131393,0.5930567312031563,0.5629924165039536,0.5629003059128843,0.5629924165039536,-0.09163334765617556,0.862944479140823,0.8840106491865569,0.8706733327740601,0.8996965277172378,0.1286841858608378,0.8659798698430228,0.8676318275644914,0.8659798698430228,0.8714206818263994,0.8714206818263994,-0.17209096356932757,0.7022628780122522,0.039242107604653305,-0.7171567328069737,-0.67116863867171,-0.6725159766201473,-0.19475568534283924,0.08670931433693638,-0.19588827684294086,-0.22549459096667365,-0.6238345361043488,-0.4111780442573137,-0.8641141419363834,-0.6039602337888538,0.09287647360781637,0.09473989825588065,-0.623344168030087,-0.581118854610905,-0.5613486890459678,-0.5983084243836903,-0.7976422060351868,-0.624280024935037,-0.6266294684693872,-0.624280024935037,-0.3058883756202597,-0.4001221174906589,-0.4001221174906589,-0.7781333598037058,-0.7781333598037058,0.3940760304768288,0.5865100333742628,0.8121226596484165,0.8060073738874961,0.7352689251430209,-0.42260049958855966,0.6395925474023559,0.688403033639651,0.6885861506518403,0.688403033639651,0.135082169971442],[0.9774431231365265,0.9729502016765735,0.5773250571967952,0.9757017910969753,0.9691395683974826,0.9774431231365265,0.9638260609115687,0.9576937378567417,0.9576937378567417,0.9628650227360143,1.0,0.9501035951241585,0.9638444151811031,0.9638732337148729,0.9635875806834855,0.4787999960502639,0.37028739018548673,-0.12515263740667884,0.9678801544517356,0.967860424997314,0.9639462349187038,0.9639381365290656,-0.008841218483902997,0.7705179677054965,0.9653150618152296,0.9653150618152296,0.965476540816782,0.904712276323311,0.15844605898676234,-0.12438427679892529,0.9702495338341639,0.9703475168062519,0.12634907430623582,0.020041833801506967,0.9711852917813384,0.9714125924719748,0.8926941879195122,-0.3576436859425024,0.9576520780069583,0.9704452366470809,0.4430057850246202,-0.14541353078315453,0.9721983678916816,0.9721685237205923,0.9721983678916816,0.8316529084267191,0.4197856421117935,0.8486402970225695,0.9083772526815829,0.8680285690694335,-0.49381257567159387,-0.6745621204095777,-0.20901710370716448,0.8979596259498185,-0.032301272283299334,0.9249255724158493,0.9249843064700851,0.9416253767173108,0.9686413353034595,0.8929453967745475,0.8945800916656291,0.9070903557161386,0.8958860102928917,0.9005290273276295,0.9010135718195023,0.9005290273276295,0.8541940411201286,0.8337170042053266,0.8351005954429626,0.8337170042053266,0.891552392617152,0.9048674715148074,0.8895836141436562,0.8900670960658226,0.8895836141436562,0.7223837947976831,0.65927968119252,0.7232166052488201,-0.2791578415391562,0.7374026004872297,0.7521087356490102,0.7542764012720432,0.7521087356490102,-0.24936308196115953,0.8923144946403707,0.940262644895716,0.9055465023892828,0.9046896052199784,-0.02677315887280002,0.8865184470201228,0.887292032464225,0.8865184470201228,0.893768360777711,0.893768360777711,0.04044245530755614,0.42330752923875375,-0.13150906709472454,-0.6573898529546687,-0.44028931588009707,-0.4427970957956824,-0.06433877381626303,0.42875053100845206,0.01585760629876645,-0.1895159295338644,-0.5476095957739606,-0.10538884676467754,-0.7929479661909944,-0.2701879183540501,0.2958969668214457,0.29596751173121394,-0.4120719055271494,-0.43222344011843544,-0.3775785834348421,-0.3886570270600061,-0.659591123403025,-0.39714686803332144,-0.3995084269800493,-0.39714686803332144,-0.13054471996689715,-0.4409365905547983,-0.4409365905547983,-0.5414570506824357,-0.5414570506824357,0.5327654097823252,0.6467125646614658,0.7509833614966771,0.6978777218628454,0.810709760443747,-0.51000207906753,0.4072058316934166,0.5330140127680469,0.5333458369074656,0.5330140127680469,-0.14008942482947162],[0.9873055144945356,0.9861561376613559,0.9950494061477382,0.990390149284756,0.9964636447153178,0.9873055144945356,0.9997016190541531,0.9988333200996812,0.9988333200996812,0.999667215838664,0.9501035951241585,1.0,0.9997008868488899,0.999698338275528,0.999672341972972,0.22493782741761492,0.12283053524929567,-0.5228576226140376,0.9998130559863015,0.9998149509031498,0.9997039537135063,0.9997029611358712,-0.26691898786559803,0.9737386286118797,0.995034890536961,0.995034890536961,0.9950165104812734,0.993903688989054,0.07322285625317541,0.06580955697013331,0.9921921554232982,0.9922396530957457,0.8172284769243949,-0.010283347168989626,0.999109766753076,0.9990688328664863,0.9989537441534467,0.9994264315011948,0.9994663589950281,0.9991476198884379,0.17036012535559567,-0.5306755106998037,0.9989046579859584,0.9989114663247537,0.9989046579859584,0.9139043341224256,0.45676208356867964,0.9392630220748077,0.9194394410600557,0.7693056694596326,-0.39620524360877735,-0.5974397013190639,0.8259323923700376,0.8548159139693434,-0.3455120586959546,0.9363966694455489,0.9365951677546186,0.970906551601706,0.9939496343826096,0.9043427578803201,0.9100245757110199,0.8878497688933051,0.8915689136860232,0.8927487533233902,0.8932290602437071,0.8927487533233902,0.7873712814366102,0.7567106850465368,0.7584854043520945,0.7567106850465368,0.9111982979144796,0.9167298951861057,0.9100098372847624,0.9109141051009224,0.9100098372847624,0.5484758678266685,0.49158688777863263,0.584401340214552,0.6693476924905643,0.5741593208762493,0.6020053143626639,0.604113496586897,0.6020053143626639,-0.3113230887715442,0.8556088093082252,0.8861849195354118,0.874858019388431,0.9108765039068687,-0.3320529491101813,0.8512323147679766,0.8514328140209301,0.8512323147679766,0.8597764328601296,0.8597764328601296,-0.22383521749007576,0.6957842617519515,-0.3898812268672285,-0.8032996769062081,-0.5347232315485818,-0.5376789738548075,-0.4289897215383859,0.23029418613130073,-0.30419348213907293,-0.5326610329114985,-0.7616587814759853,-0.4033264229765234,-0.5914248059921566,-0.4771872478709077,0.08442044517570453,0.0822724888770167,-0.5576424790758906,-0.529836838988562,-0.550972574518703,-0.5869303076642168,-0.5803328669930278,-0.5544859723848876,-0.5576044970376051,-0.5544859723848876,-0.43897279555239127,-0.6293079279300077,-0.6293079279300077,-0.6211727226942808,-0.6211727226942808,0.3902357517804357,0.33700214416873997,0.47368703298165776,0.5803689662788768,0.5242699117513406,-0.5752079029278596,0.31680992150084886,0.2844025016579547,0.284630403014872,0.2844025016579547,0.2602476307069814],[0.9927821739172125,0.9852184210651727,0.6641241804118729,0.9939450820125117,0.9972958285605847,0.9927821739172125,0.9999967627476081,0.998356709416864,0.998356709416864,0.9999732394494171,0.9638444151811031,0.9997008868488899,1.0,0.9999910394302797,0.999995322689721,0.8357004715743677,0.8098434968715316,0.22160769801465788,0.9998704103959833,0.999870740441484,0.9904603397971352,0.9999974879829844,0.30217724003615537,0.7545235996180012,0.9914302230115012,0.9914302230115012,0.9876664552801708,0.9921336523592623,0.2367957484954317,-0.19519256755039321,0.9917263677777581,0.99171063690312,0.1627634352502127,-0.25764713955036284,0.9993750435375831,0.9994937550879361,0.46037606155653643,-0.3017658347585232,0.9991310725112607,0.999467404161874,0.8151127415240036,0.20058149924479,0.9461399714049038,0.9991383817947872,0.9461399714049038,0.9194687271014385,0.6161434969975652,0.9436443832648851,0.9232459128050121,0.7696574309839503,0.4144570108914374,-0.12351427201966167,-0.1853583599859993,0.9338517251155561,0.3304541227253243,0.9691433447548184,0.9654551786602774,0.980217713373622,0.9956559097810699,-0.00937933431868372,0.8845231922922714,0.8469172076556011,0.8889212887538571,0.8419064120092867,0.8068851528531253,0.8419064120092867,0.828684276210592,0.812577303886053,0.8015152697615793,0.812577303886053,0.8831985743578198,0.4247484056544653,0.620989805551379,0.6758356296165026,0.620989805551379,0.6450622703646859,-0.33417713575138186,0.6205438144558487,-0.6101942660984351,0.5409141573660792,-0.07439048887702325,0.47254335572896156,-0.07439048887702325,-0.13723448555586193,0.8621247737759571,0.8840808536150153,0.8702326309482594,0.7824828593478262,0.21379739059388472,0.8608526376236725,0.8619765439907974,0.8608526376236725,0.786270008268692,0.786270008268692,-0.17045401345122385,0.7020227388537285,0.22984104924922524,-0.7055065176962005,-0.6379154271688541,-0.641282235681087,-0.19137219161997523,0.08319126586173842,0.31594010269193806,-0.04251128038388136,-0.5857534268125738,0.03464703416125597,-0.8290366067371301,-0.1979566359662753,0.09367905926784544,0.09532845744408384,-0.6218715302437928,-0.5848922692239304,-0.11813497151461527,-0.5967529628776574,-0.8313578732268848,-0.4026456854469785,-0.23830127380445204,-0.4026456854469785,-0.3040000151762198,-0.3969776557669027,-0.3969776557669027,-0.8234151027723209,-0.8234151027723209,0.3942155372766555,0.5881152230463413,0.5121334067338504,0.8047359750092605,0.7371511194907935,-0.39581686843766917,0.07268473602258116,0.7455210732076778,0.7644107383907961,0.7455210732076778,-0.10184487741677327],[0.9931553563995008,0.9851641873737862,0.6593015772946713,0.9945929101445674,0.9973674737370499,0.9931553563995008,0.9999876943836612,0.9994386703848067,0.9994386703848067,0.9999722945310274,0.9638732337148729,0.999698338275528,0.9999910394302797,1.0,0.9999885973422293,0.7612443784802448,0.6772178459108165,0.22328414116923626,0.9998929081721222,0.999893567702605,0.9904543249182411,0.9999884844737709,0.30261806238944006,0.7511373948733161,0.9943110247671575,0.9943110247671575,0.9942778688845941,0.9920858001458142,0.2307071939732886,-0.19545494825384135,0.9921198525512197,0.9921259717196199,0.18516935902729637,-0.2569313879770038,0.9995459579556479,0.9994939573579291,0.8564133080506996,-0.3898306390085946,0.9991283597522651,0.9994716193651557,0.7388213424261905,0.20228822678297645,0.9994442500314142,0.9994488427237549,0.9994442500314142,0.9193900736609357,0.61625261613126,0.9435337963746715,0.9231314583556939,0.7693254502197553,0.2952410949550295,-0.2924048203241812,0.11694675670911168,0.9337643621613415,0.33100325235710054,0.9664368760897456,0.9654772897774607,0.9788712245448739,0.9958855587500721,0.8980956129216876,0.8838977010100693,0.9093950786939001,0.8889279609333234,0.9082463069140982,0.90900338051825,0.9082463069140982,0.8280750627658261,0.8778031133436387,0.8790965839580975,0.8778031133436387,0.8831101201315795,0.785075896420889,0.8749109662852194,0.8763490247934536,0.8749109662852194,0.6446634863076751,0.499710959350641,0.6195954827224729,-0.6111648041399185,0.539877154571438,0.5410472228750506,0.5420191056446424,0.5410472228750506,-0.13892210463220744,0.8620622114139533,0.883756902500714,0.8697823542349491,0.9045401634067562,0.21591050918559854,0.8608504445004272,0.8621496329710254,0.8608504445004272,0.8700567960742704,0.8700567960742704,-0.1707886719618874,0.7008668021149436,0.13851913671756666,-0.7046613839835524,-0.6375697392101006,-0.6407137694514708,-0.19136521263221337,0.0822440262457655,0.08935378878054477,-0.04108972905789009,-0.5845934915077684,-0.1537359013496757,-0.8394726137445174,-0.41570148333133844,0.09319448078923591,0.09509507160162708,-0.6219158494546417,-0.5840950329937002,-0.40781487466919397,-0.5965308720502359,-0.8241884464567428,-0.5191947734585322,-0.5151456517542135,-0.5191947734585322,-0.30330140687013213,-0.39707016125721456,-0.39707016125721456,-0.8149351029176167,-0.8149351029176167,0.39353561358586997,0.5883124221114638,0.819624988873091,0.8082567921140337,0.7375795787299918,-0.39536928455315073,0.7010520115657672,0.733262945125024,0.7333596809125299,0.733262945125024,-0.0691470841222307],[0.9928280517388212,0.9850659143282565,0.6642679979490557,0.9939683977055326,0.9973182565970738,0.9928280517388212,0.9999937364550977,0.9992028232978463,0.9992028232978463,0.9999763263528358,0.9635875806834855,0.999672341972972,0.999995322689721,0.9999885973422293,1.0,0.8258942665838451,0.7605568969901564,0.22176096128781309,0.999873305954508,0.999873518916317,0.9905880436316146,0.9999952002587174,0.302845521256938,0.7543620812839142,0.9944951222170639,0.9944951222170639,0.9944076718114766,0.9920668980878327,0.23708369663151715,-0.19521090258824092,0.9926178909530132,0.9926604359894502,0.1634971918020492,-0.2574758255656697,0.9994196951948501,0.9994934818683667,0.4594377697834373,-0.30104866537085695,0.9990919968800399,0.9994700099078673,0.8125817244435038,0.20075573542341682,0.9457170719759096,0.9991880442149833,0.9457170719759096,0.9197012876242947,0.6167829170023583,0.9437673453165696,0.923336976802994,0.7694057650584981,0.415753473721945,-0.12206086708537235,-0.18558344128328746,0.9341706321719392,0.3307267474420038,0.969515449298182,0.965741010493619,0.9804636955927813,0.9956979450861723,-0.010356754216509166,0.8847465763879723,0.8468191634347354,0.889112716643952,0.8418384934366135,0.8064593873812455,0.8418384934366135,0.8288519355602372,0.8124992799825285,0.801839134509096,0.8124992799825285,0.8834650293361125,0.4241001133361228,0.620518243559188,0.6758232987078234,0.620518243559188,0.6449224574398853,-0.33528544475201655,0.6204834304504236,-0.6103950866357709,0.540577109423449,-0.07533550154491554,0.4722090829759819,-0.07533550154491554,-0.13719959255050476,0.8622290370656108,0.8838409392425245,0.8703439980868185,0.7753411602335258,0.21418161716994769,0.8609200283016957,0.8620350287628936,0.8609200283016957,0.7860774965626919,0.7860774965626919,-0.17174900608947266,0.7027864632649138,0.23032167179971408,-0.7054628183123132,-0.6382565068946433,-0.641627382783808,-0.1923853414714209,0.0820785111397415,0.3162677028791673,-0.042867439734900516,-0.5859111342954882,0.03475643225675979,-0.8283121788367958,-0.19777997731604435,0.09278143627944417,0.09442997457834416,-0.6224256436521858,-0.5850994772194412,-0.11757782764244849,-0.5978229098442873,-0.831391818049694,-0.4025801752820385,-0.23776914337734556,-0.4025801752820385,-0.3048308294492257,-0.39738341518242437,-0.39738341518242437,-0.8237621451233322,-0.8237621451233322,0.3943863178303489,0.5878013843804657,0.5116760214689148,0.8051597358065152,0.7366379322097052,-0.39540117107443845,0.07206811697108438,0.7459354833610786,0.7650209070634297,0.7459354833610786,-0.10158992396729806],[0.7537708232642604,0.11555522262791308,0.4033249039271,0.7529751030830609,0.653311255330241,0.7537708232642604,0.8357294392355996,0.832592306100439,0.832592306100439,0.6970432131169039,0.4787999960502639,0.22493782741761492,0.8357004715743677,0.7612443784802448,0.8258942665838451,1.0,0.9927498494632606,0.42219122635484013,0.8053219179101754,0.8052916999335259,0.7321528461318346,0.8246280422740195,0.3337680416167073,0.3995806807965647,0.818263345636922,0.818263345636922,0.8039600678713099,-0.17366249222807062,0.19608597465397595,-0.164623280802742,0.8587932131902208,0.8559474519497448,0.15828564094713357,-0.225347053170775,0.8314460379275371,0.7216170308904283,0.26578744649673935,-0.317590254393995,0.24034491460093235,0.6893994695959484,0.9983595149929321,0.4049124156362436,0.7573096643053499,0.831114669633092,0.7573096643053499,0.19306685220159353,0.5381009472156756,-0.22887696004442587,-0.25102724112109437,0.0718656380217993,0.3978761127804039,-0.057420917177286326,-0.21047999292034525,0.7087502407791877,0.4012959881012689,0.8295215848925798,0.7098041622223084,0.7953267819371482,0.8144461363755758,-0.10347037592152578,0.1479346056402575,0.5813608049795572,0.44916911961064715,0.5713907144833695,0.6377627