var config = { responsive: true }

var correlationClose = {"data": [{"type": "heatmap", "z": [[1.0, 0.9999838253457048, 0.9766614952774448, 0.9996950672894142, 0.9972002598154961, 1.0, 0.9898057613371841, 0.9849102678389038, 0.9903789009363593, 0.9733106462229492, 0.9783263492191887, 0.9898546421901329, 0.9900199893819217, 0.9899269591119675, 0.9899972528207736, 0.9929974813280222, 0.9931636484649979, 0.9910555743826939, 0.9910537371041164, 0.9909773030708674, 0.989856250461237, 0.9764595317609702, 0.9628833853275953, 0.9754545591565524, 0.9754255322400244, 0.9470407749910356, 0.9509677234221345, 0.9420452149207917, 0.9897894459302568, 0.9897446362968763, 0.9855768088302784, 0.9745421430555291, 0.9930692268162974, 0.9940248708079598, 0.9930888865009426, 0.991256444127997, 0.9851664929391303, 0.9936883490883444, 0.9936590795975435, 0.9946088473177147, 0.9932855603202871, 0.9932806399432788, 0.9932855603202871, 0.9009288147782625, 0.7054952798415729, 0.8689750936272247, 0.9148445796837141, 0.8248865946603471, 0.9666403498991617, 0.9299567817738594, 0.957447871851093, 0.9522105305640369, 0.9560630389826112, 0.9785879959232742, 0.9724715536082991, 0.9047787740273787, 0.8917588424385836, 0.9254088948914732, 0.8943993236343527, 0.9217350176535818, 0.9227459349686552, 0.9217350176535818, 0.8251932353300081, 0.9018193133225951, 0.9031318929209373, 0.9018193133225951, 0.8781204236167559, 0.6991388570189011, 0.8549618334683694, 0.8570483477217808, 0.8549618334683694, 0.5973944783645441, 0.4850604882523548, 0.5716811510451263, 0.7238413024621597, 0.45603614032875156, 0.5237359478999517, 0.5259796113799207, 0.5237359478999517, -0.5945162299295325, 0.8654037677645992, 0.896093175939375, 0.8777807764570701, 0.9065433360495043, 0.9319778080217809, 0.8640793317417822, 0.8657821199792266, 0.8640793317417822, 0.8777951602268964, 0.8777951602268964, -0.1756627990942102, 0.488443366645211, 0.21885526380477943, -0.5040122036632977, -0.5353185460218233, -0.5387951540204404, 0.022213367265568287, 0.022578531004149253, 0.29859483100978224, 0.21864622760084057, 0.1297683511665333, 0.10487868686770684, 0.1327466915438668, -0.16064503866801377, 0.09464634275274357, 0.09506185721873436, -0.5047679782147788, -0.3973010756287666, -0.15784071054533802, -0.4437396378087723, -0.32507979333314424, -0.3006763973010648, -0.2915942602925173, -0.3006763973010648, -0.15512418533266306, -0.20467231485038956, -0.20467231485038956, -0.5138529330114964, -0.5138529330114964, 0.39775683355709246, 0.6739640543313585, 0.8802701749914817, 0.8574616364150207, 0.7973374753702746, 0.6794421047620681, 0.7794639223839824, 0.8209682204108373, 0.8210221690312115, 0.8209682204108373], [0.9999838253457048, 1.0, 0.9623745039837899, 0.9991140834737829, 0.9924392667994035, 0.9999838253457047, 0.9732786030915083, 0.9622013197214485, 0.9729935345314642, 0.9554180489781291, 0.9755720293895405, 0.9733326859840958, 0.9732824250899085, 0.973062835567783, 0.9721383983774892, 0.9824159346079984, 0.980827585294802, 0.9798384776633209, 0.9798019721981704, 0.9734171672368571, 0.9734049734772655, 0.979086041444769, 0.9642720782986491, 0.9648647847358118, 0.9649574547911275, 0.9475883567575524, 0.9710512373484732, 0.9268658031868305, 0.9728051906934497, 0.9728656010706929, 0.9706228263176021, 0.9186688148739838, 0.9850676048096983, 0.9851883487356571, 0.9861103469196086, 0.9761974233387524, 0.9830691081411388, 0.9850630933319672, 0.9858456450124168, 0.9855987703902879, 0.986259579200004, 0.9862321614010194, 0.986259579200004, 0.9009464990589129, 0.6350345668470043, 0.8696924445900946, 0.914964934458806, 0.8241010222573142, 0.8760502750964062, 0.8862432475824576, 0.8673842179924013, 0.8812478177376841, 0.8728092664139127, 0.9396835384540104, 0.9397201067385905, 0.9060974948242636, 0.9182170420947535, 0.8911551143181086, 0.8906202834754142, 0.8992204876910034, 0.9000934689445994, 0.8992204876910034, 0.7404390503712146, 0.7067577008138098, 0.7090912692410614, 0.7067577008138098, 0.9114861570722266, 0.9177700224337603, 0.9110562749521215, 0.9125728881094237, 0.9110562749521215, 0.40837739192584604, 0.3530874047705133, 0.4756985757893283, 0.569249139233037, 0.4470674908266993, 0.49534138788410825, 0.49658409838957873, 0.49534138788410825, -0.17879884104665994, 0.8406878330042804, 0.8824967989437982, 0.8668862512724711, 0.9144914991253549, 0.9162044521737351, 0.8337922499564748, 0.8342578112134068, 0.8337922499564748, 0.8462959720503219, 0.8462959720503219, -0.28468251684663654, 0.4896951804834029, -0.37349473004664674, -0.44749477743126287, -0.4498902797411841, -0.45338175577958967, -0.24532230578932784, 0.19693767050888764, -0.16638805509851348, -0.316892359742284, -0.17695725354745037, -0.22983897821811397, -0.2550297700668931, -0.2822524665519122, 0.06919325551713412, 0.06358253847219364, -0.4580376270830751, -0.4080483074183973, -0.4359366459560199, -0.46603234957862033, -0.45844330024392815, -0.43944682937706236, -0.4425571047320102, -0.43944682937706236, -0.34364087392801373, -0.46745865778379814, -0.46745865778379814, -0.4484327722480627, -0.4484327722480627, 0.3974776655830572, 0.44857035106405285, 0.5343141533526069, 0.6146096195966444, 0.5933125854658892, 0.2719926206374827, 0.4145743467754945, 0.4151225449568959, 0.4151879907613805, 0.4151225449568959], [0.9766614952774448, 0.9623745039837899, 1.0, 0.9807189192224468, 0.9905497131519223, 0.976661495277445, 0.9849983608115457, 0.9829277932223615, 0.9921043291030601, 0.9340287408299189, 0.9961747142656217, 0.9849476248025414, 0.982370752976686, 0.9847068688199162, 0.9846055498006087, 0.9878172463014226, 0.9889340285697332, 0.9823685557903805, 0.9823627055842638, 0.9906043869637455, 0.9848660413631577, 0.9903051261605069, 0.9786411131047573, 0.9821698208754001, 0.9821890295158118, 0.9783405730392887, 0.9764760565958381, 0.9456898576444949, 0.9669201209598104, 0.9669916888886834, 0.9721378865036401, 0.9482736148655041, 0.9809196924059378, 0.9875664077749866, 0.9792143453522395, 0.9823055736047193, 0.9932160616337004, 0.9895362011038163, 0.9790133398454652, 0.9866027227379889, 0.9806251308595877, 0.9799006698141098, 0.9806251308595877, 0.9109769039224453, 0.6220909669424299, 0.9159531417260784, 0.8920176903225218, 0.6677644343478953, 0.9097140983048083, 0.8576550682095251, 0.8975009896852649, 0.8945209423985508, 0.9028088465766096, 0.9295379487029454, 0.9391096969867434, 0.7343780555067824, 0.7899719459769543, 0.8103312071700118, 0.8291900950724137, 0.8025149127317796, 0.7730130605128972, 0.8025149127317796, 0.7134568281712933, 0.7612071847190557, 0.7624993742271537, 0.7612071847190557, 0.8203974112120072, 0.38263457490708047, 0.5756652666664882, 0.6497930229608587, 0.5756652666664882, 0.48944608127628614, 0.4622004095351794, 0.45291821023339485, 0.6125636027348809, 0.38793803630616247, 0.42256806701017197, 0.3886543562948856, 0.42256806701017197, -0.5861829572027142, 0.7873901926764113, 0.7642671003717827, 0.7677730631356814, 0.749687240397089, 0.8774570521787924, 0.7943027325615718, 0.7972599397560323, 0.7943027325615718, 0.7390404824325667, 0.7390404824325667, -0.2871426948272268, 0.6928966180583519, 0.166612200898666, -0.6018533443657511, -0.6290609673194156, -0.6316649239192704, -0.09138089405075779, -0.02003861898402045, 0.29231095389239803, 0.08414007124159684, 0.02231225189112867, 0.05403681570556927, 0.021306366809784368, -0.1585787580306179, -0.004856280391761572, -0.004638669541239419, -0.5969676631518437, -0.5142138501320884, -0.11592254775887309, -0.5713281390945512, -0.42410968667030957, -0.38838876215356966, -0.21885696358064605, -0.38838876215356966, -0.28295844517975793, -0.3438090700419535, -0.3438090700419535, -0.6186170864975644, -0.6186170864975644, 0.30853887527358503, 0.5774795012165086, 0.7859020357026284, 0.7638766379505166, 0.7327941252402843, 0.571338954794618, 0.7126648565383853, 0.720460298359396, 0.7522837441513334, 0.720460298359396], [0.9996950672894142, 0.9991140834737829, 0.9807189192224468, 1.0, 0.9984523674510706, 0.9996950672894139, 0.9915494250266709, 0.9871194742365554, 0.9925798799796498, 0.9713603326361188, 0.9844354031895018, 0.9915850783553142, 0.9916766952924232, 0.991627046053973, 0.9916808469625539, 0.9946412328349041, 0.994794623374139, 0.992550110511767, 0.9925486131091708, 0.9929430009443332, 0.991576767902428, 0.9799032655970359, 0.9661131423064978, 0.9785715745676717, 0.9785443713104448, 0.96108567707395, 0.9556064564737395, 0.9435268848123044, 0.9898153201724369, 0.98978196769345, 0.9866641313999239, 0.9741944043187092, 0.993995229657515, 0.9953308177884942, 0.9939704327772823, 0.9925542489934479, 0.9897710378083416, 0.9952483344846423, 0.9943857395660075, 0.9958298296614135, 0.9941089728944098, 0.9941059962011772, 0.9941089728944098, 0.9013646380374595, 0.693381188417284, 0.8806522917553847, 0.9107600029479438, 0.8022805907051757, 0.9610670878012958, 0.9221466952281763, 0.9508872325147719, 0.9468074543288051, 0.9514404070885877, 0.9744948922390618, 0.9699070073903169, 0.8774160035823543, 0.8800138358667597, 0.9085741261508531, 0.8879453421168694, 0.8997143699400738, 0.9011034521645116, 0.8997143699400738, 0.8138838201524703, 0.8874790785651825, 0.8889297123131997, 0.8874790785651825, 0.8719833000199687, 0.6238551573155264, 0.8049442280147188, 0.807167030255481, 0.8049442280147188, 0.586503541658143, 0.4567076530336376, 0.5585305607261069, 0.704506753156484, 0.4484891586863713, 0.48999201359247385, 0.49297418725754605, 0.48999201359247385, -0.5964567323277388, 0.8572218672379134, 0.882411681031966, 0.8655142368057702, 0.8765419041433377, 0.9274400548562054, 0.8571583007596095, 0.8590731680285767, 0.8571583007596095, 0.8530828147169813, 0.8530828147169813, -0.18316417751449918, 0.5210783833524346, 0.22377202068485313, -0.5127991866958932, -0.5437337740192695, -0.5471221495409844, 0.009535152252307786, 0.015933748531316377, 0.29142308499649705, 0.20647058054264503, 0.11913605662274765, 0.09819380558714379, 0.12656559611027593, -0.16871115932612193, 0.08212274140885252, 0.08259896649133089, -0.5127193080447792, -0.4090031645557093, -0.1597077484276086, -0.45747628660535505, -0.32753566175280296, -0.3025246572018209, -0.2940064271936579, -0.3025246572018209, -0.1652524765466192, -0.21534567221865186, -0.21534567221865186, -0.5255063892432792, -0.5255063892432792, 0.38095992476241664, 0.6619838152927319, 0.8730918560214302, 0.8502653555466793, 0.7903272425863442, 0.6709258395516514, 0.770970126447735, 0.812844743084134, 0.8129033768257876, 0.812844743084134], [0.9972002598154961, 0.9924392667994035, 0.9905497131519223, 0.9984523674510706, 1.0, 0.9972002598154961, 0.9964256311313135, 0.9940805350724755, 0.9966116637587034, 0.959895607343724, 0.9944855023933435, 0.9964452762567317, 0.9965505507119293, 0.9964798455150056, 0.9964773658269689, 0.9975696280925881, 0.9972113016189577, 0.9970993856230909, 0.9970976951084816, 0.996442233893828, 0.9964414908006074, 0.9928212973944177, 0.9794109525958672, 0.9892050837265449, 0.9891570596140645, 0.979715997513191, 0.9779954713774428, 0.9479876309004069, 0.988549616000885, 0.9884883256356409, 0.9882223203000419, 0.9653244268690285, 0.9976787356749741, 0.997629138157926, 0.9975395045954669, 0.9970120589279191, 0.9969565833242358, 0.9978390870861207, 0.9979572808162606, 0.9976996916790631, 0.9976729203801665, 0.9976742915075311, 0.9976729203801665, 0.9191569534250191, 0.6566906384152754, 0.9080891088742261, 0.9126466908046645, 0.7644951253745274, 0.9417787980536269, 0.8945460767576396, 0.9308438538078975, 0.9325363491812039, 0.940858880999189, 0.9680243355464967, 0.9680812675378571, 0.866136844544014, 0.8521026856682837, 0.8883625115237845, 0.8697386843207949, 0.8861926187401781, 0.8869382567461395, 0.8861926187401781, 0.7791928011879128, 0.822093866741515, 0.8239500101143619, 0.822093866741515, 0.8553055672229014, 0.7302614222555842, 0.8345186378379225, 0.8360747623818855, 0.8345186378379225, 0.5328950803885855, 0.3929631398820533, 0.51335859352852, 0.6883847986726953, 0.5039571318742808, 0.48011840998719163, 0.4806432537246135, 0.48011840998719163, -0.5814866931058348, 0.8321822684409586, 0.844137642694934, 0.8319856247088072, 0.8779939798862676, 0.8983806622146274, 0.835186277718066, 0.8370945668131023, 0.835186277718066, 0.843899522724888, 0.843899522724888, -0.2309213249976982, 0.5934239838860551, 0.07985301344121952, -0.5718955085325547, -0.6078079817382713, -0.6079107733195617, -0.029035035610276427, 0.03533640895666798, -0.10701866901602156, -0.04479760011384954, -0.034908610020332125, -0.27974229347818397, -0.3321613653229631, -0.48013545834012306, 0.044538732150718824, 0.04487337986871336, -0.5465880740790481, -0.45123291379377556, -0.4723250789471392, -0.5064223561102729, -0.5637459370768092, -0.533879328844822, -0.5367233163052607, -0.533879328844822, -0.21350735740389043, -0.2576649791325478, -0.2576649791325478, -0.6336651943715615, -0.6336651943715615, 0.3553222189691761, 0.6393024361458802, 0.8205644502328969, 0.790866831491394, 0.7767498445122756, 0.598443761437673, 0.6195243948729899, 0.7052968360367221, 0.705458207681389, 0.7052968360367221], [1.0, 0.9999838253457047, 0.976661495277445, 0.9996950672894139, 0.9972002598154961, 1.0, 0.9898057613371841, 0.9849102678389038, 0.9903789009363593, 0.9733106462229492, 0.9783263492191887, 0.9898546421901329, 0.9900199893819217, 0.9899269591119675, 0.9899972528207736, 0.9929974813280222, 0.9931636484649979, 0.9910555743826939, 0.9910537371041164, 0.9909773030708674, 0.989856250461237, 0.9764595317609702, 0.9628833853275953, 0.9754545591565524, 0.9754255322400244, 0.9470407749910356, 0.9509677234221345, 0.9420452149207917, 0.9897894459302568, 0.9897446362968763, 0.9855768088302784, 0.9745421430555291, 0.9930692268162974, 0.9940248708079598, 0.9930888865009426, 0.991256444127997, 0.9851664929391303, 0.9936883490883444, 0.9936590795975435, 0.9946088473177147, 0.9932855603202871, 0.9932806399432788, 0.9932855603202871, 0.9009288147782625, 0.7054952798415729, 0.8689750936272247, 0.9148445796837141, 0.8248865946603471, 0.9666403498991617, 0.9299567817738594, 0.957447871851093, 0.9522105305640369, 0.9560630389826112, 0.9785879959232742, 0.9724715536082991, 0.9047787740273787, 0.8917588424385836, 0.9254088948914732, 0.8943993236343527, 0.9217350176535818, 0.9227459349686552, 0.9217350176535818, 0.8251932353300081, 0.9018193133225951, 0.9031318929209373, 0.9018193133225951, 0.8781204236167559, 0.6991388570189011, 0.8549618334683694, 0.8570483477217808, 0.8549618334683694, 0.5973944783645441, 0.4850604882523548, 0.5716811510451263, 0.7238413024621597, 0.45603614032875156, 0.5237359478999517, 0.5259796113799207, 0.5237359478999517, -0.5945162299295325, 0.8654037677645992, 0.896093175939375, 0.8777807764570701, 0.9065433360495043, 0.9319778080217809, 0.8640793317417822, 0.8657821199792266, 0.8640793317417822, 0.8777951602268964, 0.8777951602268964, -0.1756627990942102, 0.488443366645211, 0.21885526380477943, -0.5040122036632977, -0.5353185460218233, -0.5387951540204404, 0.022213367265568287, 0.022578531004149253, 0.29859483100978224, 0.21864622760084057, 0.1297683511665333, 0.10487868686770684, 0.1327466915438668, -0.16064503866801377, 0.09464634275274357, 0.09506185721873436, -0.5047679782147788, -0.3973010756287666, -0.15784071054533802, -0.4437396378087723, -0.32507979333314424, -0.3006763973010648, -0.2915942602925173, -0.3006763973010648, -0.15512418533266306, -0.20467231485038956, -0.20467231485038956, -0.5138529330114964, -0.5138529330114964, 0.39775683355709246, 0.6739640543313585, 0.8802701749914817, 0.8574616364150207, 0.7973374753702746, 0.6794421047620681, 0.7794639223839824, 0.8209682204108373, 0.8210221690312115, 0.8209682204108373], [0.9898057613371841, 0.9732786030915083, 0.9849983608115457, 0.9915494250266709, 0.9964256311313135, 0.9898057613371841, 1.0, 0.996978336417625, 0.9999662428153524, 0.9484725857536584, 0.9995132488219554, 0.9999958617590998, 0.999955986473753, 0.9999917741621536, 0.999914626833619, 0.9936262007309301, 0.9998033096055897, 0.9998190335621638, 0.9998196139635824, 0.999994208404326, 0.9999962872784959, 0.9906608539556002, 0.9740462221210429, 0.9831905308775376, 0.9920430546897264, 0.9814536437803959, 0.9699492719055319, 0.9373736316102123, 0.9926084850465037, 0.9922449242962477, 0.9921651095185143, 0.9682370563967488, 0.9992730948559968, 0.9993574193129463, 0.9993328696981012, 0.9997297691367858, 0.9984627119534758, 0.9992293867791014, 0.9981429537296881, 0.9993412503332092, 0.9990833265380215, 0.9989961342684152, 0.9990833265380215, 0.9248614359638114, 0.65378336048641, 0.928956493880278, 0.9125222627509564, 0.7074700619855321, 0.9495230710280843, 0.9126539497770089, 0.9372311870979418, 0.9280952743536197, 0.9395035104093852, 0.9694123333356948, 0.9614597860962064, 0.6893658033865935, 0.7937143990820215, 0.7806750886790906, 0.8259939081564109, 0.7732254563015104, 0.7454644543951835, 0.7732254563015104, 0.7295416818132631, 0.7479792379155831, 0.751923359520148, 0.7479792379155831, 0.8081190836647093, 0.2573243247820326, 0.4803831848124431, 0.5777589141670301, 0.4803831848124431, 0.4972227593234294, 0.45889869787679155, 0.4541664437160327, 0.5884779052008862, 0.36351723838991623, 0.3955012538649419, 0.3426506762021835, 0.3955012538649419, -0.6506048719961887, 0.7841912761054538, 0.7829122875023322, 0.7769216765626731, 0.7152601827311318, 0.8820337719656097, 0.7903684611245066, 0.7930986394819459, 0.7903684611245066, 0.6949043843214626, 0.6949043843214626, -0.26939060346565935, 0.6535374298079887, 0.2670665072758015, -0.5617791430425726, -0.5906797145780324, -0.5936037527268804, -0.048376452886865755, -0.039387507932160025, 0.3850219239996859, 0.1625941820272718, 0.07404091093713612, 0.14157510601086518, 0.11033414845266973, -0.07714956717086575, 0.005562516842230124, 0.006185173680493722, -0.5634336070740347, -0.4857069748512411, -0.0038994702303352447, -0.5482636036763991, -0.3352819033007272, -0.30241140471492733, -0.12539438566065267, -0.30241140471492733, -0.25268915034272876, -0.27144138944750335, -0.27144138944750335, -0.5957039670331372, -0.5957039670331372, 0.3495027208818836, 0.6119911888405524, 0.8044469308179476, 0.8101128488325017, 0.7629227387847624, 0.6508826567251648, 0.7493588377240737, 0.772547504172752, 0.790634315806703, 0.772547504172752], [0.9849102678389038, 0.9622013197214485, 0.9829277932223615, 0.9871194742365554, 0.9940805350724755, 0.9849102678389038, 0.996978336417625, 1.0, 0.9994116281193731, 0.9393587702651365, 0.9979504931706323, 0.9978135908592407, 0.9991974721685978, 0.9989121700463677, 0.998580372351176, 0.9856491696395431, 0.9988191104427492, 0.9989758728411994, 0.9989796942771398, 0.9994616430828518, 0.9990939903527755, 0.9905111750721513, 0.9743995243073168, 0.991177068020192, 0.9918487618853306, 0.9756317860676105, 0.9720258519816611, 0.9354415328542867, 0.9889767106638855, 0.9924064881860202, 0.990404035696336, 0.964427359835397, 0.9980600506538285, 0.9979326111427569, 0.9979455095663398, 0.9989477184065156, 0.9954529783005809, 0.9976809592670852, 0.9974840716241602, 0.9977969058227801, 0.9978834523040548, 0.9979151769714539, 0.9978834523040548, 0.923638318996171, 0.6380768338644006, 0.9320117181483716, 0.9099722344859441, 0.6781722928948284, 0.9473332342342441, 0.9052936013100503, 0.9335889192577473, 0.9187655583420695, 0.93170582038869, 0.9646171276296925, 0.9557065638488319, 0.6717467456979842, 0.7745888463967983, 0.7594800630068508, 0.8133521006975382, 0.7533660637664708, 0.7305579125362235, 0.7533660637664708, 0.7122717842282885, 0.7249022704016591, 0.7361858073739295, 0.7249022704016591, 0.7953299361152676, 0.23265275927487505, 0.45401589259002195, 0.5574951005238084, 0.45401589259002195, 0.48021637587519006, 0.4505970002801345, 0.43502532442770164, 0.5697267924908522, 0.35204825724485894, 0.38164722398820095, 0.3226152954518246, 0.38164722398820095, -0.6509901114226365, 0.7697153380383411, 0.7583200215141545, 0.7575404536192557, 0.6974026415213812, 0.8710727954258586, 0.776744958447205, 0.7797734209209741, 0.776744958447205, 0.6718340814499761, 0.6718340814499761, -0.2888382758811003, 0.6896191898232747, 0.2762863810561436, -0.5778416777585188, -0.6061415267534817, -0.6088718215600238, -0.06472881135199256, -0.0497422965053268, 0.3785746110965584, 0.14294618743706775, 0.05743201324944827, 0.13251290230449753, 0.09442890443253645, -0.08345245260302354, -0.013192037310810869, -0.012532714581023681, -0.577440560278451, -0.5035133311984897, -0.010508132479021269, -0.5695409564760934, -0.3497281346693079, -0.31498781242245827, -0.13145258209597274, -0.31498781242245827, -0.27369957516304927, -0.2874577655461004, -0.2874577655461004, -0.6108633257634994, -0.6108633257634994, 0.3222367125790446, 0.5927788894189538, 0.7940458124285207, 0.7910333367046231, 0.7486784650780783, 0.6338041823196626, 0.7324787129719758, 0.75223521092865, 0.7741974752496193, 0.75223521092865], [0.9903789009363593, 0.9729935345314642, 0.9921043291030601, 0.9925798799796498, 0.9966116637587034, 0.9903789009363593, 0.9999662428153524, 0.9994116281193731, 1.0, 0.9471845676235349, 0.9994462434254542, 0.9999674098175263, 0.9999629185263826, 0.9999726204780168, 0.9999276821712261, 0.9979683408899538, 0.999706169632892, 0.9997519523846193, 0.9997529289447937, 0.9999644564813703, 0.9999647661595658, 0.9939476351776175, 0.9768846593159298, 0.9934074175079255, 0.9933440111035321, 0.9812437780076206, 0.9760281582197621, 0.939500026832179, 0.9910667089509019, 0.9910339996452908, 0.9889371205959636, 0.9635208502081605, 0.9992869342949241, 0.9992495414967878, 0.9991078903378026, 0.999857655838599, 0.9983623617197812, 0.999219794247405, 0.9991171507505838, 0.9992203291124941, 0.9991278271723747, 0.9991339001980931, 0.9991278271723747, 0.9247597407722825, 0.6552358921031526, 0.9286588332444198, 0.9118573002839889, 0.706815835544845, 0.9367598214074349, 0.8863982835048029, 0.921351996931327, 0.9234988282192739, 0.9357442769586638, 0.9629748172676883, 0.9618835802015798, 0.8353997820396056, 0.7949172469835053, 0.8584191220360402, 0.8270327232278333, 0.8563095144346553, 0.857168035873004, 0.8563095144346553, 0.7288096587725282, 0.8015478841099202, 0.8034369342573511, 0.8015478841099202, 0.8098011685453432, 0.6875716547447871, 0.8009610047112654, 0.8026934287163344, 0.8009610047112654, 0.4961704786843171, 0.3128575088320306, 0.4535686493509382, 0.6323747237899559, 0.4252105962131662, 0.38764016286979813, 0.3879718702884576, 0.38764016286979813, -0.630365553204379, 0.7848513650419928, 0.7824538663302035, 0.7768989101160824, 0.8475300977537322, 0.8690906103863345, 0.7973250237120798, 0.8001000904366247, 0.7973250237120798, 0.8059716856081166, 0.8059716856081166, -0.2720676314923709, 0.6546984622056736, 0.10320903723222002, -0.5916994773517524, -0.6359262003581612, -0.6367295402145323, -0.052040378102228925, -0.037205048900225905, -0.11737174445743669, -0.020478800589242247, -0.023997266013114093, -0.31453653808919296, -0.3433144184069727, -0.5232385833799913, 0.004398371307220751, 0.004985926732638018, -0.5654972197201016, -0.48857200893006975, -0.4842467623425377, -0.5507142771479193, -0.5813235285329009, -0.5605681986148292, -0.562449802511615, -0.5605681986148292, -0.2556446143287906, -0.2758244089190166, -0.2758244089190166, -0.6943208302020087, -0.6943208302020087, 0.3501319737556228, 0.6107955325621925, 0.8266464030100616, 0.8020205333933017, 0.7613491216032081, 0.6357130168975456, 0.6509443834617805, 0.7232248908716318, 0.7233723012489471, 0.7232248908716318], [0.9733106462229492, 0.9554180489781291, 0.9340287408299189, 0.9713603326361188, 0.959895607343724, 0.9733106462229492, 0.9484725857536584, 0.9393587702651365, 0.9471845676235349, 1.0, 0.914916359940375, 0.948516064956264, 0.9486279897580476, 0.9481380707728513, 0.9474333220505953, 0.9499720694160313, 0.9558588713042077, 0.9548951429342121, 0.9548641963837597, 0.9486681043438803, 0.9486553954973516, 0.9477375513007651, 0.9393452308479386, 0.9505689484070333, 0.9507864202253877, 0.7916890693781649, 0.9552965135615562, 0.9494712516195305, 0.9562223120221979, 0.956366951339462, 0.9542918631442882, 0.9279739258347103, 0.9592382224559846, 0.9595045958458036, 0.9603699849747467, 0.9507286710684671, 0.9280600535187389, 0.9584330838669924, 0.960026775366528, 0.9598259806170659, 0.9606853277783126, 0.9606458960301409, 0.9606853277783126, 0.7710701675145023, 0.45376792083936235, 0.7129901345287207, 0.8648145765318431, 0.8479615262001841, 0.874560038715076, 0.7511022775394526, 0.8524837318441755, 0.8655750365549731, 0.875808249558226, 0.8933397192051146, 0.8933846149608784, 0.8469025737598862, 0.8375992840099018, 0.874436274443019, 0.8492820829831583, 0.8652167800592199, 0.8662029000108284, 0.8652167800592199, 0.7817933267278757, 0.7614872241885207, 0.763770896419256, 0.7614872241885207, 0.8423136705738291, 0.8662870622347425, 0.8400924675313562, 0.8410221877281732, 0.8400924675313562, 0.6058145285253898, 0.5257969447861197, 0.6058874165767197, 0.7322314970425879, 0.6235928502784247, 0.6463126259410803, 0.6498699502484595, 0.6463126259410803, -0.2620277960588001, 0.8442314122325137, 0.9116417871701147, 0.8643774511378973, 0.8651559092635959, 0.8766831665111031, 0.835179847130449, 0.8367031732474376, 0.835179847130449, 0.8486154938112108, 0.8486154938112108, 0.01380998254973173, 0.20432388188955602, -0.064203477889296, -0.33540478453194256, -0.36947772571256177, -0.37139461835128784, 0.1242646604278159, 0.36898540073629355, 0.14731513138796318, 0.05205722536970199, 0.15392905762232928, 0.06334850106323259, -0.045147472363975344, -0.09861927927967848, 0.2608468682354167, 0.2596372229222432, -0.3175713274720595, -0.2642165206010016, -0.26756775223479234, -0.26933611291458043, -0.34235862967628716, -0.2905967738679641, -0.2923513869781614, -0.2905967738679641, -0.03318021213746486, -0.3094756221919547, -0.3094756221919547, -0.3782468877444851, -0.3782468877444851, 0.5800450183680831, 0.6825034241007657, 0.7605911406466059, 0.662879532494025, 0.8403719056920119, 0.30339445913564783, 0.3934104116695551, 0.576371680822484, 0.576635254453384, 0.576371680822484], [0.9783263492191887, 0.9755720293895405, 0.9961747142656217, 0.9844354031895018, 0.9944855023933435, 0.9783263492191887, 0.9995132488219554, 0.9979504931706323, 0.9994462434254542, 0.914916359940375, 1.0, 0.9995102580763369, 0.9995058163167964, 0.9994511452930988, 0.9994915350055434, 0.9982767274808694, 0.9995525844010213, 0.9996829688559843, 0.9996884791180712, 0.9995193973222609, 0.9995204680221756, 0.9912757056175965, 0.9566219958830932, 0.9909066771601446, 0.990878023252058, 0.9853569053557006, 0.9718196974591997, 0.8926462847278439, 0.9884943944880248, 0.9885562034323729, 0.9703231223295963, 0.8876178218625353, 0.9985397544438809, 0.9984863969642351, 0.9982451857291096, 0.9991796997760629, 0.999100249876964, 0.998516599133799, 0.998261982553704, 0.9984420336954211, 0.9981965871809589, 0.9982108684441532, 0.9981965871809589, 0.9185780483818121, 0.5484432073054056, 0.9243136992109149, 0.9107503323162742, 0.7093342462223082, 0.8324446101871606, 0.8365763502969864, 0.8210429565528402, 0.8196299441564071, 0.8287368186271138, 0.922451788257623, 0.9226332851108727, 0.8215026482933596, 0.8335455687398767, 0.7937373930207534, 0.7965456066157577, 0.8047346840010982, 0.8058391866494317, 0.8047346840010982, 0.6096850849162612, 0.5702487868269853, 0.5730481419834678, 0.5702487868269853, 0.8346408219642036, 0.8458427956276289, 0.8325662808108273, 0.8344130311297854, 0.8325662808108273, 0.2576777264131642, 0.19077217888468112, 0.3199585344915722, 0.4343883972854403, 0.3024793813208683, 0.3593493540926299, 0.36262137969426306, 0.3593493540926299, -0.39442726829070596, 0.7291975594433977, 0.7874908325952296, 0.7642188621537205, 0.832064633880085, 0.8284363671625222, 0.7209515243498281, 0.721605614135389, 0.7209515243498281, 0.7370588832371845, 0.7370588832371845, -0.3370413497690573, 0.6445330819904063, -0.39411062360826316, -0.5351631265481679, -0.5377341211584128, -0.5399740447637085, -0.31798268917114025, 0.11824480446771915, -0.23572076409194956, -0.3788626247459524, -0.2449333052080811, -0.30456881084777404, -0.3399708967305303, -0.36947616525644944, -0.01262473398842061, -0.017123524731814065, -0.5423929951974746, -0.5035045299038642, -0.5211722976756025, -0.5559540486093967, -0.550368605845067, -0.5256805670912283, -0.5284630176706948, -0.5256805670912283, -0.43331439374132424, -0.5855206167922596, -0.5855206167922596, -0.5967942887425394, -0.5967942887425394, 0.3449252645097956, 0.37598089081978064, 0.47342264872309103, 0.5550397231071641, 0.5579301996035378, 0.16916793392157684, 0.3146826934948113, 0.3427023681274693, 0.34285182713775025, 0.3427023681274693], [0.9898546421901329, 0.9733326859840958, 0.9849476248025414, 0.9915850783553142, 0.9964452762567317, 0.9898546421901329, 0.9999958617590998, 0.9978135908592407, 0.9999674098175263, 0.948516064956264, 0.9995102580763369, 1.0, 0.9999613523570168, 0.9999938052933053, 0.9999202642822971, 0.9944887543100345, 0.9998055160226244, 0.9998205321349354, 0.9998210501198564, 0.9999959667310573, 0.9999969345202238, 0.990612864996486, 0.9740111561074417, 0.9888768783033066, 0.9920161076781197, 0.9814248263373088, 0.9698482290346638, 0.937310810626495, 0.9925945926097283, 0.9922586945366318, 0.9921558969034208, 0.968261790359589, 0.999275526320075, 0.9993626385476683, 0.9993422481266381, 0.9997355104313326, 0.9984661966264768, 0.9992396888111778, 0.99814720259285, 0.9993491789503994, 0.9990881736835495, 0.9989992379264965, 0.9990881736835495, 0.9248938923224835, 0.6539650638370037, 0.9292276471827274, 0.9127736213859675, 0.7076601079226739, 0.949569885449556, 0.912862086686931, 0.9373196819556635, 0.9281941913839672, 0.9395865313190512, 0.9695179785439892, 0.9615448149331399, 0.6892887291448213, 0.7938848038453481, 0.7807944507225855, 0.8261180117332867, 0.7733431269307428, 0.7453953670093101, 0.7733431269307428, 0.7296136344170949, 0.7480440505329866, 0.7518484038550776, 0.7480440505329866, 0.8082888289144707, 0.25717863300249294, 0.48039458596244305, 0.5776559629915596, 0.48039458596244305, 0.49715372834343113, 0.4588038217494575, 0.454107210721787, 0.5885110186593474, 0.36338278658318385, 0.39559741724250286, 0.3426931980771423, 0.39559741724250286, -0.6507588073707444, 0.7842616427354865, 0.7830687494659834, 0.7770267080545397, 0.7152498025899087, 0.8821469947949233, 0.7904589814541595, 0.793183916150738, 0.7904589814541595, 0.6949907718314269, 0.6949907718314269, -0.26937561958782147, 0.6535729266891704, 0.2671956402986653, -0.561733639090268, -0.5905832593388691, -0.5935128386401773, -0.048452188612745646, -0.03954993432739391, 0.3852079948730397, 0.16263079258313556, 0.0739943900809001, 0.14185770402818365, 0.11059675186146885, -0.076830455032676, 0.005596812214880135, 0.006236394360996602, -0.5634173463665177, -0.48573176362878, -0.0036233530409607306, -0.5482374618352328, -0.3349967595084774, -0.3021551728627536, -0.12516303838771986, -0.3021551728627536, -0.252529234918685, -0.2713876750274474, -0.2713876750274474, -0.5955617513032334, -0.5955617513032334, 0.35007778612783164, 0.6121742803553759, 0.8044869009261403, 0.8103968768308885, 0.7630358431991481, 0.6511577230731532, 0.7495093625818124, 0.7728194389914208, 0.7907622438698994, 0.7728194389914208], [0.9900199893819217, 0.9732824250899085, 0.982370752976686, 0.9916766952924232, 0.9965505507119293, 0.9900199893819217, 0.999955986473753, 0.9991974721685978, 0.9999629185263826, 0.9486279897580476, 0.9995058163167964, 0.9999613523570168, 1.0, 0.9999658545931579, 0.9999079435085286, 0.9974243268591279, 0.999800927954359, 0.9998633337805634, 0.9998641255614688, 0.9999822921578468, 0.999960475387758, 0.9901389057154204, 0.973814011479242, 0.9927648840012802, 0.9927232704447919, 0.9813920036618289, 0.9694579815693958, 0.937232167314877, 0.9933693170878595, 0.9933884112925695, 0.9919025605744554, 0.968054364856442, 0.9995025641011155, 0.9993664856772937, 0.9993981502765318, 0.9998856333157979, 0.9984628270326434, 0.9992470575126972, 0.9992062104075538, 0.9993592942868588, 0.9993756079930193, 0.9993794901736047, 0.9993756079930193, 0.9249842421624692, 0.6541234799760234, 0.9292172003773344, 0.9127293871800967, 0.7076514418410103, 0.9538791660305883, 0.9103207603781988, 0.9393191531832406, 0.9282779758290766, 0.9395809422597957, 0.9692427038429224, 0.9616157796727631, 0.6403687418601697, 0.7935984286191304, 0.7795244930238455, 0.8266011352488187, 0.7722647772202093, 0.716224037454534, 0.7722647772202093, 0.7295320392576589, 0.7380775881134405, 0.7427386452535942, 0.7380775881134405, 0.8087702700628636, 0.18518788918396722, 0.46751812912632024, 0.4739949876035177, 0.46751812912632024, 0.49730688269320233, 0.35060647194155575, 0.45436187602559325, 0.5880052765537017, 0.3636085757235891, 0.36206476333706433, 0.34232589312767375, 0.36206476333706433, -0.6509488401979154, 0.784757121832436, 0.7830495062413081, 0.7767840959868366, 0.6525142034726912, 0.8826507105459874, 0.7909954384026825, 0.7937140723158331, 0.7909954384026825, 0.6934396451535969, 0.6934396451535969, -0.26902321448033795, 0.6534608386825835, 0.27084665907578254, -0.5615745622428927, -0.5902420564157941, -0.5931714779400926, -0.048842376326846564, -0.03944294691279634, 0.3377678277319837, 0.16279619535059853, 0.07373623443290847, 0.14530682311645982, 0.11299976178620895, -0.0870443067466564, 0.005720744414119232, 0.006363799508802123, -0.5635876671985791, -0.4858135118066689, -0.06929855695379178, -0.547951500896059, -0.33294108250794724, -0.2998720629419618, -0.21287246501543688, -0.2998720629419618, -0.25206146891815384, -0.2725173820510894, -0.2725173820510894, -0.5948086521408331, -0.5948086521408331, 0.35020572613560913, 0.6123487956459274, 0.7892555953010144, 0.8104398628826254, 0.7634236759921059, 0.6508912710903575, 0.7076220413133175, 0.7606916691213168, 0.7607563279666467, 0.7606916691213168], [0.9899269591119675, 0.973062835567783, 0.9847068688199162, 0.991627046053973, 0.9964798455150056, 0.9899269591119675, 0.9999917741621536, 0.9989121700463677, 0.9999726204780168, 0.9481380707728513, 0.9994511452930988, 0.9999938052933053, 0.9999658545931579, 1.0, 0.9999333273455355, 0.997268745503853, 0.9997954830720333, 0.9998238673923998, 0.9998242577445309, 0.9999937902760271, 0.9999940158524865, 0.9904601581419662, 0.9739049840254628, 0.9925987643400989, 0.9924722975947992, 0.9812812997069089, 0.9694969389032856, 0.9369107003721217, 0.9933198038197155, 0.9933663954933042, 0.992194679623451, 0.9684499240592513, 0.999328540609142, 0.999361290405403, 0.9993748536621079, 0.9997749308056357, 0.9983920953874359, 0.9992433021298183, 0.9984761157552305, 0.999358270971254, 0.9991393965573786, 0.9990581909061403, 0.9991393965573786, 0.9251500002925312, 0.6547559081984299, 0.9295597076850378, 0.913059207833489, 0.7072549986153439, 0.950163237026686, 0.9136353253274141, 0.9379559634687573, 0.9286248309008466, 0.9399805899221454, 0.9699606337053462, 0.9619517947311609, 0.6896010150224632, 0.794172043587684, 0.7807135014322916, 0.8264082711524161, 0.7733075796995195, 0.7450369226322682, 0.7733075796995195, 0.7298227173494594, 0.7479901840280736, 0.7522887878580184, 0.7479901840280736, 0.8086733872715152, 0.2564618919067444, 0.4798446472611982, 0.5777064613948536, 0.4798446472611982, 0.4969638623563658, 0.4593757030655333, 0.45398879779936907, 0.5882463399623394, 0.36295219403793094, 0.39562902676063477, 0.34231988494787774, 0.39562902676063477, -0.651156017838806, 0.7844054775142449, 0.7825578591665192, 0.7771095941314664, 0.7041743458330254, 0.8824423448357537, 0.7906024958606044, 0.7933154381477147, 0.7906024958606044, 0.6947837907446687, 0.6947837907446687, -0.2712368805519758, 0.6546557524968113, 0.26772763771451374, -0.5623015860772631, -0.5910088474922197, -0.5939445377419703, -0.049742245894338094, -0.04092118841340277, 0.38549660540544944, 0.16210926528164668, 0.07307167854953192, 0.14191330473449387, 0.1106524572087997, -0.07668605650471355, 0.004438031280058246, 0.005073784046744474, -0.5641345966782635, -0.4868557444752978, -0.0030269968145073874, -0.549797472520119, -0.33486920850160273, -0.30210316814856314, -0.12459064552736566, -0.30210316814856314, -0.25364558297884243, -0.27190883691746015, -0.27190883691746015, -0.5956655025006113, -0.5956655025006113, 0.35024867492335787, 0.6118538516240369, 0.8050260718505048, 0.8108636684261895, 0.7624500637300117, 0.651966103438553, 0.7503047908323289, 0.7732193781275614, 0.7913731197873041, 0.7732193781275614], [0.9899972528207736, 0.9721383983774892, 0.9846055498006087, 0.9916808469625539, 0.9964773658269689, 0.9899972528207736, 0.999914626833619, 0.998580372351176, 0.9999276821712261, 0.9474333220505953, 0.9994915350055434, 0.9999202642822971, 0.9999079435085286, 0.9999333273455355, 1.0, 0.9973873644873563, 0.9996879757737729, 0.9997707764487791, 0.9997718794400534, 0.9998966599833184, 0.999915951409011, 0.9902229225101162, 0.9736817634074157, 0.9918583591701772, 0.9914797068499676, 0.9813582882617774, 0.9692307106760919, 0.936898987998818, 0.9924146120562004, 0.9924212024080072, 0.9915754101801569, 0.967501265117357, 0.999338877404074, 0.999210536197913, 0.9993128201407119, 0.9997619220021552, 0.9982953485519821, 0.9992224578848743, 0.9984622175171214, 0.9992338736504195, 0.9991568912584363, 0.9990898382559082, 0.9991568912584363, 0.9236003803329865, 0.655170922273945, 0.9279645494702145, 0.9112003477605821, 0.7042873524789006, 0.9506690622598098, 0.9145130647380988, 0.9388762209267423, 0.9280221707507476, 0.9391804060601963, 0.9703304556193594, 0.9615427850888383, 0.6912631346352646, 0.7930670961700187, 0.7812381331613267, 0.8263109573006502, 0.7738383956708779, 0.7473632950012721, 0.7738383956708779, 0.7281767225847001, 0.7476154815132506, 0.7534923470804995, 0.7476154815132506, 0.8089435223141842, 0.25702919813562614, 0.47997200772314697, 0.579174157071749, 0.47997200772314697, 0.4955609082876556, 0.46119730528084507, 0.4525858489841407, 0.5880312387723775, 0.361814536914924, 0.39635041898740914, 0.34257782137117826, 0.39635041898740914, -0.65178858700901, 0.7840522409864689, 0.7811471946646423, 0.7760490621509799, 0.7173267708140341, 0.8829363591862633, 0.7903942855545872, 0.7930610804473207, 0.7903942855545872, 0.6952160677129597, 0.6952160677129597, -0.27191566319643634, 0.6574475326565222, 0.2677703124847005, -0.5629467369706046, -0.5910304586373418, -0.593992809022356, -0.05172515949281645, -0.042194726872880055, 0.3865073177861482, 0.16072908287183515, 0.07135524942035153, 0.14299357716339417, 0.11124012773945625, -0.07513229013459076, 0.0038026067791462254, 0.004379772883392229, -0.5654914113773538, -0.48894979109599135, -0.0017856822096603572, -0.5508638888097048, -0.33453068411073267, -0.3017595048363062, -0.12308290759974681, -0.3017595048363062, -0.2541905338056798, -0.27540325212007444, -0.27540325212007444, -0.5958055509468331, -0.5958055509468331, 0.3475132400923074, 0.6095127458501249, 0.806135893083124, 0.8116623687134094, 0.7607572918719496, 0.6508851014575616, 0.7520452713411915, 0.7739228263816189, 0.7928520739057553, 0.7739228263816189], [0.9929974813280222, 0.9824159346079984, 0.9878172463014226, 0.9946412328349041, 0.9975696280925881, 0.9929974813280222, 0.9936262007309301, 0.9856491696395431, 0.9979683408899538, 0.9499720694160313, 0.9982767274808694, 0.9944887543100345, 0.9974243268591279, 0.997268745503853, 0.9973873644873563, 1.0, 0.9980662843691125, 0.9976546561271481, 0.997651794188291, 0.997737454393985, 0.997197060806089, 0.9910663940272819, 0.9765929520289496, 0.9690591592689257, 0.9867674350880875, 0.9860073509978983, 0.9708067758580021, 0.9463931522869211, 0.9915432441078025, 0.9893781361746965, 0.9883946452309027, 0.9664011426354505, 0.997445494387155, 0.9974829843925836, 0.9972802678312281, 0.9972363127184358, 0.9984195936327445, 0.9980126586779864, 0.9972691320827717, 0.9977240611652956, 0.9973804747774596, 0.9973569025900653, 0.9973804747774596, 0.9148450608915918, 0.665744860448186, 0.9201987121561037, 0.9146353926510962, 0.7312060751125754, 0