var config = { responsive: true }

var correlationClose = {"data": [{"type": "heatmap", "z": [[1.0, 0.999983812536268, 0.9766498334986553, 0.9996952797387356, 0.9972000328760025, 1.0, 0.9897980845177622, 0.9849005051466256, 0.9903635282803888, 0.9734076707129149, 0.9782908649893604, 0.989846984083028, 0.990012403826766, 0.9899193054999972, 0.9899833062603907, 0.9929884351044929, 0.9931577865621091, 0.9910487730393386, 0.9910410400880234, 0.9909694481986255, 0.9898418940458065, 0.9764409569450255, 0.962873618547069, 0.9754351279704857, 0.9754059978301425, 0.9469949567101897, 0.9509327265830307, 0.9420831141171756, 0.9897831328114856, 0.9897383367092417, 0.985574950339086, 0.9745814450874697, 0.9930635540967192, 0.9940196541271947, 0.9930832252383168, 0.9912494128371354, 0.9851418946710657, 0.9936777685313242, 0.9936492511361084, 0.9946042387716123, 0.9932800622414902, 0.9932702196864305, 0.9932800622414902, 0.9010368269106867, 0.7066136726855717, 0.8694337403053927, 0.9159078249820777, 0.8259635174990121, 0.9667199758097044, 0.9299933521389597, 0.9575439926428099, 0.9522968926240344, 0.9561738836534387, 0.9786025617258068, 0.9725103323833105, 0.9046979671595363, 0.8916446550710896, 0.9253503390453135, 0.8942939385618208, 0.9216745375701672, 0.922634867715951, 0.9216745375701672, 0.8251004217375373, 0.9018237243705697, 0.9031584618986196, 0.9018237243705697, 0.8780008470746767, 0.6988593133564119, 0.8548346125631875, 0.8568117460371821, 0.8548346125631875, 0.5976231090256254, 0.485156424609457, 0.5717956845416717, 0.7238019324525213, 0.4560189116378488, 0.5237572720103087, 0.5260491842482196, 0.5237572720103087, -0.594339283729938, 0.8652946133954401, 0.8959315698759783, 0.8776064157788851, 0.9063991078781755, 0.9319170415226079, 0.8639781971907042, 0.8656011684501765, 0.8639781971907042, 0.8777155667288328, 0.8777155667288328, -0.17573889130137751, 0.4878238320155634, 0.21880988425228082, -0.5036718958973265, -0.5347685348900615, -0.5385082534671818, 0.023598644306263898, 0.02218778902496268, 0.29898589783271107, 0.21948793416862775, 0.13024910985211816, 0.1059659879510105, 0.13327618753573298, -0.15951919179965163, 0.09443833335832509, 0.09469714017239414, -0.5039178990922649, -0.39677196115315516, -0.15722197667671678, -0.4427682095409527, -0.32451323780442215, -0.30012387557662945, -0.2904940805359322, -0.30012387557662945, -0.1547421159901008, -0.20414611236175711, -0.20414611236175711, -0.5135276807009124, -0.5135276807009124, 0.3978382809227421, 0.6741437509018509, 0.8803027756492885, 0.857482007957354, 0.7973624011246573, 0.6795323189444908, 0.7795480284272124, 0.821061329701663, 0.8212149135465789, 0.821061329701663], [0.999983812536268, 1.0, 0.9623179477244068, 0.9991158006750515, 0.9924371300626346, 0.9999838125362679, 0.9732346301375344, 0.96214511254484, 0.9729489433332625, 0.9556531648335134, 0.9755321153450556, 0.9732886494752052, 0.9732382813651891, 0.9730183150977911, 0.9720923994705691, 0.982386796200034, 0.9807958551229158, 0.9798053613321942, 0.9797688134025253, 0.973373189784433, 0.9733610551230691, 0.9791224782213638, 0.9645676255098444, 0.9648069389332339, 0.9649000062834057, 0.9475124181046419, 0.9711637049991655, 0.92753283976504, 0.9727671021526048, 0.9728281070730765, 0.9707447517229706, 0.9192175626883408, 0.9850437875364076, 0.9851648629068317, 0.9860888829154197, 0.9761580576728727, 0.9830417948257467, 0.985039688717326, 0.9858237406415524, 0.985576023542476, 0.9862386673485865, 0.9862109930207531, 0.9862386673485865, 0.9011538904148497, 0.6371108492720549, 0.8706603281544368, 0.9171863793712123, 0.8251824622577572, 0.8769910684298251, 0.8866447851145552, 0.8684227432996264, 0.8819904336512021, 0.8737971808975857, 0.9398699292319762, 0.9399070107983943, 0.9059461540584186, 0.9180839137549095, 0.8909704170841862, 0.8904299238619798, 0.8990526763762784, 0.899925302871729, 0.8990526763762784, 0.740270173969176, 0.7069279363015426, 0.7092774949259956, 0.7069279363015426, 0.9113702020392478, 0.9176716168617598, 0.9109290332518213, 0.9124547726063565, 0.9109290332518213, 0.40900626551705954, 0.3537250996220218, 0.47629040145493223, 0.569413476638571, 0.4474433209024052, 0.495796468414164, 0.49702859670605815, 0.495796468414164, -0.1775713530085506, 0.8404977220939519, 0.882321662352803, 0.8667150163050711, 0.914345930133216, 0.9160606691514341, 0.8336145535495694, 0.8340754336331743, 0.8336145535495694, 0.8461002711095834, 0.8461002711095834, -0.28475604624539413, 0.4886216672514346, -0.37363528759832015, -0.44696341211512375, -0.44946971528411406, -0.45295347938901737, -0.24408787129895898, 0.19636358808342053, -0.1653951465107809, -0.31550521499302686, -0.17592182066506454, -0.22866795258629066, -0.25394926758264225, -0.2810675841969918, 0.06890075065201827, 0.06329617203833357, -0.45723803818905345, -0.40715926801761804, -0.4350633805448916, -0.4651814563854529, -0.45758905105207587, -0.4385986774375842, -0.441704335112184, -0.4385986774375842, -0.34303907361248237, -0.46675477791596287, -0.46675477791596287, -0.4478778901454714, -0.4478778901454714, 0.3977988027921783, 0.4493931810297035, 0.5347645347100097, 0.6149080295444226, 0.5936693379171176, 0.2725866620731674, 0.41528610197355126, 0.4160862382579483, 0.4161488966183694, 0.4160862382579483], [0.9766498334986553, 0.9623179477244068, 1.0, 0.980706510935171, 0.9905403570397873, 0.9766498334986554, 0.9849879794923773, 0.982912286670762, 0.9920964615967303, 0.9341487040649776, 0.9961715569644889, 0.984937251476217, 0.9823586601177474, 0.984696458223093, 0.9845851861281025, 0.9878041650222376, 0.988929178302186, 0.9823569398906561, 0.9823407028834925, 0.9905994002376448, 0.9848463397143975, 0.9903094844618837, 0.9786748311455692, 0.9821545317496386, 0.9821739054681969, 0.9783297612572227, 0.9764765411160745, 0.9457802305044029, 0.9669087637734914, 0.9669804908512869, 0.9721506437848911, 0.948341240603844, 0.9809101472455095, 0.987562707267071, 0.9792045696070899, 0.9822953408127832, 0.9932180525682869, 0.9895320025790497, 0.9789941773557015, 0.9865989620360588, 0.9806163879609233, 0.9798826996216066, 0.9806163879609233, 0.9111536893718797, 0.6233507310653033, 0.9165161105156487, 0.8929867595091626, 0.6689319465331358, 0.9097898455199884, 0.8576825170135346, 0.8975894992468137, 0.8946290747524093, 0.9029515164033286, 0.9295504129298621, 0.9391743747014788, 0.7342252567685669, 0.7897054563762891, 0.810186847237303, 0.828991976103578, 0.8023697841558125, 0.772812605223225, 0.8023697841558125, 0.713283757181618, 0.7611817506467129, 0.7625092896165602, 0.7611817506467129, 0.8201687365365554, 0.3822988524964226, 0.5753610471477278, 0.6494041116396682, 0.5753610471477278, 0.4896617406203167, 0.4622638349236774, 0.453006941218577, 0.6125061904489159, 0.3879074834345735, 0.42258504918079753, 0.3887357387232626, 0.42258504918079753, -0.586001562087636, 0.7872080466510433, 0.7638707120846283, 0.7674168227214413, 0.7494342784976888, 0.8773332694983497, 0.7941423916960916, 0.7969759902539512, 0.7941423916960916, 0.7388861333420507, 0.7388861333420507, -0.2873668166659118, 0.6924826880209892, 0.16651845622908049, -0.6015652719566835, -0.628611304222786, -0.6314315936261083, -0.09000244794418925, -0.020507455405646118, 0.2926012157181908, 0.08499608920125747, 0.022793032482059175, 0.054998834140397246, 0.021785812821475604, -0.15751346521769458, -0.005143554145914222, -0.005152438049953493, -0.5961862008259134, -0.5137527973137999, -0.11535517312870107, -0.5705136353799968, -0.42358269191092385, -0.38787299648103324, -0.2177307568705479, -0.38787299648103324, -0.28263319969847284, -0.3433486793986498, -0.3433486793986498, -0.6183420589914926, -0.6183420589914926, 0.30856562439121143, 0.5776538440425253, 0.7859205751679509, 0.7638878897497918, 0.7328115923989114, 0.571418076624375, 0.7127325731779509, 0.7205449206006614, 0.7524481943495325, 0.7205449206006614], [0.9996952797387356, 0.9991158006750515, 0.980706510935171, 1.0, 0.9984515195818028, 0.9996952797387354, 0.9915420138127818, 0.9871090184931895, 0.9925665653407524, 0.9714832050302764, 0.9844066695242063, 0.9915776946455489, 0.991669382161162, 0.9916196905915152, 0.9916670966397849, 0.9946324987184932, 0.994789956318937, 0.992543561343296, 0.9925362306334812, 0.9929363678621106, 0.9915628008442227, 0.9798879228403244, 0.9661104450647767, 0.9785526679435382, 0.9785254187949237, 0.9610555447564397, 0.9555760907467812, 0.9435762511157434, 0.989810934247791, 0.9897776254567784, 0.9866670382915341, 0.9742435069605235, 0.993990323128189, 0.9953273507483151, 0.9939656736012064, 0.9925477974754732, 0.9897571200707937, 0.9952411962922585, 0.9943771930195422, 0.9958268302780674, 0.9941043605074688, 0.9940970695376533, 0.9941043605074688, 0.9015068943661425, 0.6945460136949712, 0.8811899613308843, 0.9118976518065552, 0.8034607901829759, 0.9611556496664297, 0.9221884528835009, 0.9509926337380857, 0.9469045570367755, 0.9515639810390868, 0.9745138041361736, 0.9699590187284254, 0.8773090085097776, 0.8798723234827064, 0.9085020725873381, 0.8878264397735066, 0.8996373771903652, 0.9009627566937384, 0.8996373771903652, 0.813786357025303, 0.8874851156691143, 0.888961437939053, 0.8874851156691143, 0.8718427821247721, 0.6235139756507541, 0.8047694136653977, 0.8068420616262932, 0.8047694136653977, 0.58674746711553, 0.45681060806549156, 0.5586517642066946, 0.7044682327616275, 0.4484739864218956, 0.4900182523797108, 0.49305482480451646, 0.4900182523797108, -0.596280265928145, 0.8571049957508956, 0.8822253124011618, 0.8653222392174235, 0.8763514862428097, 0.927372092950992, 0.8570514162540417, 0.8588828688859383, 0.8570514162540417, 0.8529893352622697, 0.8529893352622697, -0.18326055809386813, 0.5204407381944572, 0.22372525530619825, -0.5124571354867956, -0.543183308901262, -0.5468352037075953, 0.010950871959486243, 0.015526453987393638, 0.2918214227772405, 0.20733251071689987, 0.1196282432604085, 0.09929923508958785, 0.12710158289906048, -0.16756394015273568, 0.08190219488436391, 0.08221168066109213, -0.5118540644238091, -0.4084664488412064, -0.15907920572481368, -0.45648580561410657, -0.32695712322714227, -0.30196097940621164, -0.292883130278033, -0.30196097940621164, -0.16486355576798917, -0.21481068468125145, -0.21481068468125145, -0.5251798100074754, -0.5251798100074754, 0.3810475669751479, 0.6621768020656075, 0.8731304795366475, 0.8502909467925205, 0.7903617233567205, 0.6710245470512228, 0.7710617359222891, 0.8129460692930199, 0.8131124988993245, 0.8129460692930199], [0.9972000328760025, 0.9924371300626346, 0.9905403570397873, 0.9984515195818028, 1.0, 0.9972000328760025, 0.996422796187591, 0.9940743104142052, 0.9966063496825804, 0.9600381154026763, 0.9944779966097009, 0.9964424851777329, 0.9965479399808163, 0.9964771554794217, 0.9964717519038687, 0.997565883889387, 0.9972100358458708, 0.9970975133545263, 0.997093993692558, 0.9964395667152114, 0.9964361654337719, 0.9928263201055811, 0.9794495430852224, 0.9891954812336545, 0.9891475503617585, 0.9797127409022162, 0.9780006679597049, 0.948082010379262, 0.9885495920941264, 0.9884884463554365, 0.988246861331142, 0.9654026899031866, 0.997679510910799, 0.997629958034227, 0.9975407215934289, 0.9970110338393912, 0.9969636677847468, 0.9978406716605646, 0.9979594167395128, 0.9977006891852084, 0.9976743249192073, 0.997676554993319, 0.9976743249192073, 0.9193420834133533, 0.6580114528156416, 0.9087038741113025, 0.913805348481724, 0.7657489580706135, 0.9419375982897894, 0.8946107114057964, 0.9310331575342985, 0.9326642682378902, 0.9410241199907547, 0.9680592777458099, 0.9681558201427994, 0.865988976283218, 0.8519153685131248, 0.8882498652921773, 0.8695927866113144, 0.8860815391910439, 0.8867354166065421, 0.8860815391910439, 0.779072572849485, 0.82209097314587, 0.8239832005607718, 0.82209097314587, 0.8551291705277307, 0.729941863681055, 0.8343308471306561, 0.8357265946007886, 0.8343308471306561, 0.5331418678966814, 0.3930942589957597, 0.5134704809303111, 0.6883368409124194, 0.5039652643580128, 0.48014428842358303, 0.48074075213902145, 0.48014428842358303, -0.5811782814857065, 0.8320426280581862, 0.8438846811581285, 0.8317405443243439, 0.8777546079629741, 0.8982749916316216, 0.8350605837304877, 0.8368732783717991, 0.8350605837304877, 0.8437680317430841, 0.8437680317430841, -0.23108182805618419, 0.5928473513863526, 0.07980005600518536, -0.571591163558655, -0.6073442246881972, -0.6076677144937683, -0.027620443339884337, 0.034895586765102925, -0.10655071953418627, -0.043882607321252994, -0.03439581132762036, -0.2786414057752282, -0.33163661943659467, -0.47920027476557386, 0.04428933207810118, 0.044432663126507316, -0.5457491909616974, -0.450717040880085, -0.47182057154219764, -0.5054883708196932, -0.5633040570563789, -0.533434206028666, -0.5358479017482256, -0.533434206028666, -0.213136952576803, -0.25714435352286963, -0.25714435352286963, -0.6334021552998295, -0.6334021552998295, 0.3553992214913115, 0.6395058494563031, 0.8206051697707488, 0.7908775942035802, 0.776792346397613, 0.5985647610858208, 0.6196726850525065, 0.7054695703140593, 0.7058406059418617, 0.7054695703140593], [1.0, 0.9999838125362679, 0.9766498334986554, 0.9996952797387354, 0.9972000328760025, 1.0, 0.9897980845177622, 0.9849005051466256, 0.9903635282803888, 0.9734076707129149, 0.9782908649893604, 0.989846984083028, 0.990012403826766, 0.9899193054999972, 0.9899833062603907, 0.9929884351044929, 0.9931577865621091, 0.9910487730393386, 0.9910410400880234, 0.9909694481986255, 0.9898418940458065, 0.9764409569450255, 0.962873618547069, 0.9754351279704857, 0.9754059978301425, 0.9469949567101897, 0.9509327265830307, 0.9420831141171756, 0.9897831328114856, 0.9897383367092417, 0.985574950339086, 0.9745814450874697, 0.9930635540967192, 0.9940196541271947, 0.9930832252383168, 0.9912494128371354, 0.9851418946710657, 0.9936777685313242, 0.9936492511361084, 0.9946042387716123, 0.9932800622414902, 0.9932702196864305, 0.9932800622414902, 0.9010368269106867, 0.7066136726855717, 0.8694337403053927, 0.9159078249820777, 0.8259635174990121, 0.9667199758097044, 0.9299933521389597, 0.9575439926428099, 0.9522968926240344, 0.9561738836534387, 0.9786025617258068, 0.9725103323833105, 0.9046979671595363, 0.8916446550710896, 0.9253503390453135, 0.8942939385618208, 0.9216745375701672, 0.922634867715951, 0.9216745375701672, 0.8251004217375373, 0.9018237243705697, 0.9031584618986196, 0.9018237243705697, 0.8780008470746767, 0.6988593133564119, 0.8548346125631875, 0.8568117460371821, 0.8548346125631875, 0.5976231090256254, 0.485156424609457, 0.5717956845416717, 0.7238019324525213, 0.4560189116378488, 0.5237572720103087, 0.5260491842482196, 0.5237572720103087, -0.594339283729938, 0.8652946133954401, 0.8959315698759783, 0.8776064157788851, 0.9063991078781755, 0.9319170415226079, 0.8639781971907042, 0.8656011684501765, 0.8639781971907042, 0.8777155667288328, 0.8777155667288328, -0.17573889130137751, 0.4878238320155634, 0.21880988425228082, -0.5036718958973265, -0.5347685348900615, -0.5385082534671818, 0.023598644306263898, 0.02218778902496268, 0.29898589783271107, 0.21948793416862775, 0.13024910985211816, 0.1059659879510105, 0.13327618753573298, -0.15951919179965163, 0.09443833335832509, 0.09469714017239414, -0.5039178990922649, -0.39677196115315516, -0.15722197667671678, -0.4427682095409527, -0.32451323780442215, -0.30012387557662945, -0.2904940805359322, -0.30012387557662945, -0.1547421159901008, -0.20414611236175711, -0.20414611236175711, -0.5135276807009124, -0.5135276807009124, 0.3978382809227421, 0.6741437509018509, 0.8803027756492885, 0.857482007957354, 0.7973624011246573, 0.6795323189444908, 0.7795480284272124, 0.821061329701663, 0.8212149135465789, 0.821061329701663], [0.9897980845177622, 0.9732346301375344, 0.9849879794923773, 0.9915420138127818, 0.996422796187591, 0.9897980845177622, 1.0, 0.9969767101339356, 0.9999661833360947, 0.94856645795294, 0.9995123540892394, 0.9999958584162298, 0.9999559517623197, 0.9999917693994623, 0.9999144781003492, 0.9936175693314326, 0.9998032353118744, 0.9998188951447776, 0.9998193569424154, 0.9999942080727949, 0.9999962839267529, 0.9906547016355334, 0.9740520577966634, 0.9831781041048174, 0.9920357629003229, 0.9814392377722208, 0.9699303192791535, 0.9374197847195961, 0.9926081403457269, 0.9922435707993139, 0.9921731960562886, 0.968282872251215, 0.9992731426261088, 0.9993575738194066, 0.9993331324938939, 0.9997297902929522, 0.9984631711765253, 0.9992295498130113, 0.998141888887827, 0.999341446287319, 0.9990834998477929, 0.9989963238618013, 0.9990834998477929, 0.9250083341473945, 0.6549199890355797, 0.9294453023938004, 0.9134226084032806, 0.7085471583890646, 0.9495846159955583, 0.9126821260646238, 0.9373025269447434, 0.928181073537774, 0.9396199513981669, 0.9694265671365335, 0.9615034698179256, 0.6891784144208337, 0.7934735713554804, 0.7805083055697334, 0.8258098831524922, 0.7730578962720903, 0.7452043952446321, 0.7730578962720903, 0.7293788767381794, 0.7479205222539259, 0.7518682784640822, 0.7479205222539259, 0.8078994389382935, 0.2569300827380628, 0.4800259351691568, 0.5772802737566581, 0.4800259351691568, 0.4973877981812617, 0.4589326241319238, 0.454231198406535, 0.5883883514530234, 0.36346033068348355, 0.3954831542639892, 0.3426460188965613, 0.3954831542639892, -0.6504617208247094, 0.7840106067305701, 0.7825598041804105, 0.7765851609543101, 0.714948429100746, 0.881922950594286, 0.790206760322713, 0.7928079655983163, 0.790206760322713, 0.6947157249764466, 0.6947157249764466, -0.26956553703564323, 0.653114137747229, 0.26702141943095437, -0.5614739949403201, -0.5901906860990354, -0.5933494699077178, -0.04704275739239755, -0.039825781868040415, 0.38531214832835653, 0.16342600977853483, 0.07450736873469177, 0.1425297807311324, 0.11081539745026966, -0.07607843453171674, 0.005302724506698844, 0.005722932177802827, -0.562654391702158, -0.4852434110476568, -0.003311712864101372, -0.5474515525305417, -0.33472651662362407, -0.30187149179889217, -0.12423486517225868, -0.30187149179889217, -0.2523558984077107, -0.2709523393364022, -0.2709523393364022, -0.5954255876354442, -0.5954255876354442, 0.34953550260607086, 0.6121563385958537, 0.8044467311185473, 0.8101202246582924, 0.762940003652568, 0.6509710599024797, 0.7494103434739787, 0.7726185087704579, 0.7907630533697878, 0.7726185087704579], [0.9849005051466256, 0.96214511254484, 0.982912286670762, 0.9871090184931895, 0.9940743104142052, 0.9849005051466256, 0.9969767101339356, 1.0, 0.9994121026541849, 0.9394776090402912, 0.99795117416103, 0.9978122712829054, 0.9991974480837333, 0.998911669434808, 0.9985786874313636, 0.9856314639084195, 0.998819450573348, 0.9989757121401641, 0.9989795837470975, 0.999462018040115, 0.9990934837609885, 0.9905074173982477, 0.9744145292311516, 0.9911690430864875, 0.9918409456273604, 0.9756215012398726, 0.9720121083553904, 0.9355010606306549, 0.988977774194168, 0.992408199290411, 0.990417145767542, 0.9644845213094552, 0.9980605392022088, 0.9979336698750704, 0.9979463801424068, 0.998948177515744, 0.9954596515587038, 0.9976831215819171, 0.9974853601195678, 0.9977979925832847, 0.9978844042365662, 0.9979171991722356, 0.9978844042365662, 0.9238296983079263, 0.6392708052983523, 0.9326138380181325, 0.910993141294845, 0.6793631737484225, 0.9474053397442742, 0.9053282193984431, 0.9336708075231419, 0.9188633731920971, 0.9318375416955073, 0.9646361877367375, 0.955766056665166, 0.6715452632140319, 0.7743051757288486, 0.7592930568681634, 0.8131448292182294, 0.7531799273659155, 0.73028021632687, 0.7531799273659155, 0.7120966291338783, 0.7248358166117502, 0.7361286984499479, 0.7248358166117502, 0.7950770772441194, 0.23223149800464837, 0.4536291493002783, 0.5569812650001701, 0.4536291493002783, 0.48039117481244115, 0.45063494493284945, 0.43509093246372976, 0.5696315399971981, 0.35198965914181435, 0.3816276886613772, 0.32260304290656305, 0.3816276886613772, -0.6508497152897913, 0.7695186219820638, 0.7579124298582741, 0.7571668498744506, 0.6970663782181704, 0.8709469109700101, 0.7765697741073833, 0.7794595690056757, 0.7765697741073833, 0.6716266790833401, 0.6716266790833401, -0.28906148530204845, 0.6891906860347193, 0.27624899009177073, -0.5775415838895263, -0.6056648601839265, -0.6086243065421416, -0.06336437004417919, -0.0502051098152493, 0.37887769903983287, 0.1437985055241699, 0.05790855561481504, 0.13349910552917824, 0.09492163475323775, -0.08235041814087679, -0.013472540014894226, -0.013034246359274849, -0.5766551369348378, -0.5030505771743756, -0.009904878949761558, -0.5687293854045222, -0.34916444702382937, -0.31443862260667205, -0.13026235796992974, -0.31443862260667205, -0.2733700637545605, -0.28696535810246765, -0.28696535810246765, -0.6105899005782972, -0.6105899005782972, 0.3222752086970537, 0.5929539360143139, 0.7940483273457134, 0.7910410742465002, 0.7487024396052567, 0.6338989886269057, 0.7325328960029219, 0.752308769875968, 0.7743352036997107, 0.752308769875968], [0.9903635282803888, 0.9729489433332625, 0.9920964615967303, 0.9925665653407524, 0.9966063496825804, 0.9903635282803888, 0.9999661833360947, 0.9994121026541849, 1.0, 0.9472771077645112, 0.9994452354569823, 0.9999673592591856, 0.9999628623190432, 0.9999725829790312, 0.9999275513365754, 0.9979646745329289, 0.9997058931888005, 0.999751567753315, 0.999752544163658, 0.999964413635787, 0.9999647152715646, 0.9939511722826011, 0.9769399640838613, 0.993395479441817, 0.9933319889445372, 0.9812176486191202, 0.9760208327415859, 0.9396375657578687, 0.9910639274999928, 0.9910314940729272, 0.9889729786299989, 0.9636518868278686, 0.99928722311415, 0.9992499052979911, 0.9991084536750374, 0.9998579639051121, 0.9983624070885166, 0.9992200484083916, 0.9991173764771306, 0.9992207211533298, 0.9991284976392807, 0.9991344655438575, 0.9991284976392807, 0.9250407571965438, 0.6563763908239694, 0.9296851297280433, 0.913750025862837, 0.70788595810596, 0.937004881752227, 0.8864967969537205, 0.921647936455933, 0.9236952268817309, 0.9359998106036572, 0.9630186802764269, 0.9619285986208562, 0.8350865583425722, 0.7944828166513439, 0.8581714763281563, 0.8266938351047342, 0.8560651462211486, 0.8569230084916625, 0.8560651462211486, 0.7285399536535654, 0.8015123931560484, 0.8034082554621338, 0.8015123931560484, 0.8093935556175339, 0.6869249566312955, 0.8005685048349677, 0.8023024144607122, 0.8005685048349677, 0.49633540902703066, 0.3130683092979533, 0.4537463645381258, 0.6322317951110471, 0.4251894665290666, 0.38765275846983455, 0.38797569741670423, 0.38765275846983455, -0.6299240734813097, 0.7845272543522369, 0.7821010954272015, 0.776562330216155, 0.8472495735975021, 0.8688541132906398, 0.79704639894028, 0.7998223730454362, 0.79704639894028, 0.8056808437073681, 0.8056808437073681, -0.27224459961977704, 0.6539738884663148, 0.10312896868352278, -0.5911548929636286, -0.6354975291230894, -0.6362949137098167, -0.050709680189659635, -0.03803229016776226, -0.11649030913547406, -0.018764600181274592, -0.02303275795450806, -0.3135237356472954, -0.3423301274021021, -0.5224111269410296, 0.0039261303921222825, 0.004521596124700163, -0.5647206959775364, -0.48766874475343747, -0.4833178982731758, -0.5499071255715611, -0.5805295205931956, -0.5597743803255403, -0.5616517790060587, -0.5597743803255403, -0.25497812454773594, -0.2748591340070052, -0.2748591340070052, -0.6939059516289362, -0.6939059516289362, 0.3503453854898479, 0.6111910486487938, 0.8267186031479269, 0.8020492610592577, 0.7614253170310701, 0.6359289571911217, 0.6512071583218031, 0.723521211233703, 0.7236673555548307, 0.723521211233703], [0.9734076707129149, 0.9556531648335134, 0.9341487040649776, 0.9714832050302764, 0.9600381154026763, 0.9734076707129149, 0.94856645795294, 0.9394776090402912, 0.9472771077645112, 1.0, 0.9151124783011249, 0.948608471604314, 0.9487196080971089, 0.9482298065410825, 0.9475267123332867, 0.9500600609528368, 0.9559495138485817, 0.9549908911036413, 0.9549600311077114, 0.9487592315002572, 0.948747555483839, 0.9477307560268695, 0.9393087489324317, 0.9506436231228719, 0.9508593154172634, 0.79217394843159, 0.9552733498879634, 0.9495070047677473, 0.956258699820672, 0.9564024606430628, 0.9542641072091274, 0.9279808457310352, 0.9593141676350474, 0.9595794724367837, 0.9604428571290584, 0.9508057217370461, 0.9282100328287228, 0.9585070258931635, 0.9601003750416549, 0.9599009979339722, 0.9607565991274136, 0.9607182234395795, 0.9607565991274136, 0.7710283435927452, 0.45481681352498077, 0.7130310069332696, 0.8654660084398795, 0.8482259016978152, 0.8746844469326132, 0.7510512445197756, 0.8526575666437453, 0.8656479954899652, 0.875947751479938, 0.8932677619778383, 0.8933127263429442, 0.8469323678620866, 0.8376826182926815, 0.8744232171057864, 0.8492693002747008, 0.8651830900726052, 0.8661743802280909, 0.8651830900726052, 0.7816391200088108, 0.7614163597229943, 0.7637050716108066, 0.7614163597229943, 0.842393058027221, 0.8664364460460312, 0.8401494489172261, 0.8410911721817427, 0.8401494489172261, 0.6059928766957549, 0.5260241158574671, 0.6060430395811643, 0.7321780576401807, 0.6236482469913419, 0.6463892264904596, 0.6499408029708098, 0.6463892264904596, -0.261361688867265, 0.844125542179185, 0.9117407261846204, 0.864305276384337, 0.865172009610583, 0.876695238802476, 0.8350619259328682, 0.8365873512174724, 0.8350619259328682, 0.8485179847568779, 0.8485179847568779, 0.013857752843880317, 0.20431941527800432, -0.06417664962192328, -0.3349093837402238, -0.3690527386361242, -0.37096544681707344, 0.1253190028366276, 0.3686202800251522, 0.14807360186330187, 0.05334860626931108, 0.154728947161688, 0.0643119286556591, -0.0442755637806321, -0.09767884204666723, 0.26066184314868285, 0.25945717114745137, -0.31691030518833263, -0.26349132383516205, -0.26683570058509737, -0.26865314447549765, -0.3416932834848509, -0.28989808438324244, -0.291648963926171, -0.28989808438324244, -0.03260380137209292, -0.3088435514352199, -0.3088435514352199, -0.3777478076322846, -0.3777478076322846, 0.5800622025472203, 0.6826982666840901, 0.7605936956344493, 0.662817137254179, 0.8403376150048902, 0.3036502028958885, 0.3936723536418335, 0.5766805333429806, 0.5769424591583603, 0.5766805333429806], [0.9782908649893604, 0.9755321153450556, 0.9961715569644889, 0.9844066695242063, 0.9944779966097009, 0.9782908649893604, 0.9995123540892394, 0.99795117416103, 0.9994452354569823, 0.9151124783011249, 1.0, 0.9995093757318707, 0.999504935863768, 0.9994501569372686, 0.9994906015050582, 0.9982746949242433, 0.9995522786056048, 0.9996825061973371, 0.9996880186885309, 0.9995185561374481, 0.999519605933593, 0.9913411396488213, 0.9569214869946385, 0.9908924948793406, 0.9908642224634792, 0.9853381352196866, 0.9719456013420678, 0.8932711734361964, 0.9884857388493911, 0.9885482827251634, 0.9704582684412616, 0.8881499002513784, 0.9985409784937798, 0.9984878436127517, 0.998247148517428, 0.9991797324403677, 0.9991019843873215, 0.9985185202025062, 0.9982639013039273, 0.9984434982390231, 0.9981990385822403, 0.9982129814460172, 0.9981990385822403, 0.9188616042523193, 0.5504811915578557, 0.9253622644238866, 0.9127011364729456, 0.7104195059482915, 0.8333435262411351, 0.8369531072328371, 0.8220347905013071, 0.8203238377856702, 0.8296796736879869, 0.9226308198354761, 0.9228130260404913, 0.8211414097513149, 0.8332133063534993, 0.7933601242846646, 0.7961460614585458, 0.8043862486159241, 0.805488085760107, 0.8043862486159241, 0.609340038129671, 0.5702751465838178, 0.5730917611929678, 0.5702751465838178, 0.8343085113413679, 0.845537197862739, 0.8322277361491431, 0.8340796222243354, 0.8322277361491431, 0.2581538916879202, 0.19125661140223893, 0.32039975057031506, 0.43439821157761993, 0.3027011175228554, 0.35964985662172494, 0.36291121078514554, 0.35964985662172494, -0.3934558451223269, 0.7288316958708561, 0.7871514047538855, 0.7638823682708991, 0.8317351035443487, 0.8281072557183294, 0.7206023178529222, 0.7212504586619172, 0.7206023178529222, 0.7366864250070769, 0.7366864250070769, -0.3372130477895527, 0.64376466290977, -0.39430219243961345, -0.5347261162165798, -0.5374045211912337, -0.5396356162093303, -0.3168425545838808, 0.11750199944574855, -0.23483423537785117, -0.37755845789419257, -0.2440020011661733, -0.30349847523802187, -0.33899816808131333, -0.3684024995061271, -0.013068815923980083, -0.01756050349686458, -0.5416876278228897, -0.5027255403520138, -0.5203975030756071, -0.555208222252034, -0.549621912813315, -0.5249306871536371, -0.5277084163118729, -0.5249306871536371, -0.4328030814225353, -0.5849450497220477, -0.5849450497220477, -0.5963897345863653, -0.5963897345863653, 0.3451480723276422, 0.376687481363317, 0.4737679405173842, 0.5552612164273627, 0.5581925645734684, 0.16968654833731295, 0.31531954917614907, 0.3435442271763532, 0.3436911042143638, 0.3435442271763532], [0.989846984083028, 0.9732886494752052, 0.984937251476217, 0.9915776946455489, 0.9964424851777329, 0.989846984083028, 0.9999958584162298, 0.9978122712829054, 0.9999673592591856, 0.948608471604314, 0.9995093757318707, 1.0, 0.9999613206804512, 0.9999938012969529, 0.9999201242136256, 0.9944806691168867, 0.9998054355674069, 0.999820391049424, 0.9998207779635383, 0.999995966371822, 0.9999969299767805, 0.9906066388772483, 0.9740168443217371, 0.9888675807403179, 0.9920088041596822, 0.9814102881655932, 0.9698291450453649, 0.9373567221049935, 0.9925940376240963, 0.9922573036592781, 0.99216387560925, 0.9683074298053345, 0.9992755573051437, 0.9993627760322443, 0.999342495173997, 0.9997355249243234, 0.9984663448078676, 0.9992397521925456, 0.9981460397347447, 0.9993493594582507, 0.9990883283587708, 0.9989993299061133, 0.9990883283587708, 0.9250400080814765, 0.6550990780745056, 0.9297143648128154, 0.9136709353302835, 0.7087309139795925, 0.9496312588339956, 0.9128901935987386, 0.9373908603171812, 0.9282797955911128, 0.93970273563182, 0.9695321446158133, 0.9615877497222697, 0.6891013118052157, 0.7936445152889738, 0.7806278145141499, 0.8259342597336272, 0.7731757059382085, 0.7451351244562092, 0.7731757059382085, 0.7294508702870325, 0.7479852552957464, 0.7517926485916328, 0.7479852552957464, 0.8080696432819009, 0.2567844875768688, 0.48003752201710265, 0.5771774934523874, 0.48003752201710265, 0.49731767021868195, 0.4588375632994892, 0.4541717776256938, 0.5884214013448125, 0.3633257514316818, 0.395579262656652, 0.3426881180636587, 0.395579262656652, -0.650615721386485, 0.7840810835399886, 0.782717104485091, 0.7766905764695519, 0.714938039295924, 0.8820363538161365, 0.7902973894599805, 0.7928934671026913, 0.7902973894599805, 0.6948022070541339, 0.6948022070541339, -0.26954935733982016, 0.6531508913634191, 0.26715056552967764, -0.5614285747185103, -0.5900945063246653, -0.5932585669809716, -0.04712082404042847, -0.039988033001153014, 0.385498019280252, 0.16346211792583656, 0.07446052883813967, 0.14281106365674778, 0.11107780063634856, -0.07576049910100921, 0.005337181253511669, 0.005774950962133546, -0.5626394001130485, -0.48526845924370665, -0.0030357743389072224, -0.547427356730737, -0.3344414859593829, -0.30161539047561725, -0.12400471961088404, -0.30161539047561725, -0.25219604578634564, -0.2708988119403451, -0.2708988119403451, -0.5952833853226757, -0.5952833853226757, 0.35011033398243724, 0.6123392384119369, 0.8044865740293013, 0.8104042254925341, 0.7630529470030224, 0.6512460440856261, 0.7495607520869234, 0.7728903357897998, 0.7908901325034026, 0.7728903357897998], [0.990012403826766, 0.9732382813651891, 0.9823586601177474, 0.991669382161162, 0.9965479399808163, 0.990012403826766, 0.9999559517623197, 0.9991974480837333, 0.9999628623190432, 0.9487196080971089, 0.999504935863768, 0.9999613206804512, 1.0, 0.9999658239762981, 0.9999077916555437, 0.9974198580397271, 0.999800821238706, 0.999863214617192, 0.999863903650546, 0.9999822761004152, 0.9999604076985843, 0.9901321442110441, 0.9738191894484117, 0.9927583235562238, 0.9927166550670402, 0.9813771580728888, 0.9694383833794575, 0.9372774574941941, 0.9933685507354397, 0.993387728850595, 0.9919099352925114, 0.9680993272545689, 0.9995026668132949, 0.9993665697342005, 0.9993983535441882, 0.9998857129385638, 0.998462815471573, 0.9992470993016688, 0.9992063261467894, 0.9993594195706531, 0.9993758419798152, 0.9993799490221248, 0.9993758419798152, 0.9251280403785875, 0.6552568164052065, 0.9296976757540313, 0.9136180032031848, 0.7087197102761643, 0.9539573167637448, 0.9103503251977254, 0.9394097256601527, 0.9283629504336035, 0.9396963788441848, 0.9692574970732493, 0.9616585588723433, 0.6400946818458442, 0.7933590335482388, 0.7793570377972208, 0.8264183161153036, 0.772096680753936, 0.7158484568653606, 0.772096680753936, 0.7293691644214569, 0.7380149198846253, 0.742648970580282, 0.7380149198846253, 0.8085525609638674, 0.18474553445454886, 0.4671551864208382, 0.4733192129108876, 0.4671551864208382, 0.49747070235553503, 0.35065566061804826, 0.4544261071898095, 0.5879150849938483, 0.3635514798976902, 0.3620442247496046, 0.34232003291317514, 0.3620442247496046, -0.6508057841575781, 0.78457714028755, 0.7826982416655146, 0.7764477649347331, 0.6520435471637366, 0.8825407611910134, 0.7908343825401738, 0.7934244960799766, 0.7908343825401738, 0.6932501045289133, 0.6932501045289133, -0.269195943419574, 0.653042289805133, 0.27080311950925634, -0.5612697022642187, -0.5897529930568013, -0.5929171853826286, -0.04751218947707183, -0.03988025694282832, 0.3380788219089434, 0.16362606581504346, 0.07420142681727805, 0.14626200924910718, 0.11348089538437389, -0.08597352076676022, 0.005461603694922994, 0.005902700435779587, -0.5628103449434086, -0.4853511238495384, -0.06871073381495899, -0.5471418276275598, -0.3323853513765018, -0.2993317031187112, -0.2117568783105733, -0.2993317031187112, -0.25172869709374446, -0.2720300271945524, -0.2720300271945524, -0.5945301337209622, -0.5945301337209622, 0.35023707956683026, 0.6125127469776802, 0.7892576576687786, 0.8104465567151687, 0.7634400263205684, 0.6509788496259308, 0.7076859617896322, 0.7607661809489816, 0.760918120502234, 0.7607661809489816], [0.9899193054999972, 0.9730183150977911, 0.984696458223093, 0.9916196905915152, 0.9964771554794217, 0.9899193054999972, 0.9999917693994623, 0.998911669434808, 0.9999725829790312, 0.9482298065410825, 0.9994501569372686, 0.9999938012969529, 0.9999658239762981, 1.0, 0.9999332124179581, 0.9972640101531095, 0.9997953728605127, 0.999823719609223, 0.9998239793317175, 0.999993785007022, 0.9999940057946076, 0.990453716659409, 0.9739102819051774, 0.9925921185651911, 0.9924655127718398, 0.981266372974953, 0.9694774408622265, 0.9369558099426227, 0.9933189289593023, 0.9933656004626712, 0.9922024226478738, 0.9684951580882164, 0.9993285546538826, 0.9993613696360049, 0.999375061321932, 0.9997749418927647, 0.9983920460375174, 0.9992433276175066, 0.9984753766723251, 0.9993583997985581, 0.9991395205222714, 0.9990582889565116, 0.9991395205222714, 0.9252942111713964, 0.6558896206444544, 0.9300408095461002, 0.9139479468101421, 0.708323072885928, 0.9502242759940783, 0.9136633519708516, 0.9380267776073112, 0.9287100047603506, 0.9400962504081134, 0.9699746971939972, 0.9619949494746455, 0.6894139042006445, 0.7939327126707519, 0.7805469378794397, 0.826225185509939, 0.7731402546381636, 0.7447782062346701, 0.7731402546381636, 0.7296600812584436, 0.7479310362294294, 0.7522330061262554, 0.7479310362294294, 0.8084552517444775, 0.2560678961291133, 0.47948766500218004, 0.577228333770306, 0.47948766500218004, 0.49712727157929393, 0.4594092845983601, 0.4540529058461079, 0.5881563647429666, 0.36289478094261285, 0.3956106123873113, 0.3423142121587376, 0.3956106123873113, -0.6510131005226839, 0.7842251681629087, 0.7822055675228173, 0.7767736585394224, 0.7038490750506156, 0.8823321844694235, 0.7904411169556423, 0.7930252679091173, 0.7904411169556423, 0.6945951669731923, 0.6945951669731923, -0.2714122460934332, 0.6542385395376645, 0.2676826877573063, -0.5619972702790571, -0.5905208568938328, -0.59369077926179, -0.04841343390280029, -0.04135933468654613, 0.3857859192041168, 0.16293877817605393, 0.07353649787922804, 0.14286568468816135, 0.11113263524652335, -0.07561697215807514, 0.0041781498683484035, 0.004611421664599619, -0.5633584206628616, -0.4863940118792969, -0.002440105099192931, -0.5489902449847501, -0.33431474966059155, -0.3015642175274104, -0.12343284652895033, -0.3015642175274104, -0.25331344893616103, -0.27142091829151244, -0.27142091829151244, -0.595387520257706, -0.595387520257706, 0.3502800386536886, 0.6120179807634846, 0.805025535644163, 0.8108707888787551, 0.7624663111907237, 0.6520542301037808, 0.7503559401121042, 0.7732897996494987, 0.7915007711339145, 0.7732897996494987], [0.9899833062603907, 0.9720923994705691, 0.9845851861281025, 0.9916670966397849, 0.9964717519038687, 0.9899833062603907, 0.9999144781003492, 0.9985786874313636, 0.9999275513365754, 0.9475267123332867, 0.9994906015050582, 0.9999201242136256, 0.9999077916555437, 0.9999332124179581, 1.0, 0.9973828721881484, 0.9996876584527308, 0.9997704285605625, 0.9997715323561158, 0.999896498471135, 0.9999158053088498, 0.9902125393244484, 0.9737050995002621, 0.9918442331195371, 0.9914648016773394, 0.9813325741595703, 0.9691961226029352, 0.9370053900535685, 0.9924126218546468, 0.9924192990625461, 0.9915961802822809, 0.9676132798925009, 0.9993390307695732, 0.9992108188544087, 0.9993133054966002, 0.9997619849226708, 0.998295488634761, 0.9992227654403892, 0.998461593361009, 0.9992342328765877, 0.9991573189606174, 0.9990900951184832, 0.9991573189606174, 0.9238830986390254, 0.656312447170707, 0.9289958792897887, 0.9130999001258189, 0.705359826641129, 0.9507918879566473, 0.9145786582286087, 0.9390207167307074, 0.9282055219284193, 0.9394169674314575, 0.9703623069627313, 0.9615876806219928, 0.6909174618182031, 0.792627638421117, 0.7809307252985198, 0.8259703192964729, 0.7735303200974848, 0.7471056591557372, 0.7735303200974848, 0.7279062805953552, 0.7475248077788931, 0.7534385099119099, 0.7475248077788931, 0.8085329565855423, 0.2563013336581155, 0.4793089591823866, 0.5786976109620751, 0.4793089591823866, 0.49572565318597406, 0.4612819098784977, 0.4527630748870649, 0.5878860385787779, 0.36175952226376146, 0.39634669342731366, 0.34257309237587064, 0.39634669342731366, -0.6514969020152978, 0.7837267505407148, 0.7807918027679018, 0.7757109727281944, 0.7170177855961, 0.8827308940278621, 0.7901039945767839, 0.7927702207440014, 0.7901039945767839, 0.6948736870393615, 0.6948736870393615, -0.27209325905772597, 0.6567248845019967, 0.26769248728603473, -0.5623644706137668, -0.5905416300539297, -0.5934998158252054, -0.05039301192264611, -0.04301857770446261, 0.38709062122763466, 0.16237747539542705, 0.07229277323351649, 0.14394969669341434, 0.1122032190563469, -0.07405882572761859, 0.003329403501923036, 0.003914477554217405, -0.5647144028323438, -0.48804615462216583, -0.0006207401310395727, -0.5500560564649677, -0.3334374331659119, -0.300692461068597, -0.12192136618020313, -0.300692461068597, -0.2535219013297042, -0.2744365318889429, -0.2744365318889429, -0.5952632554862534, -0.5952632554862534, 0.3477265992743873, 0.609908212995001, 0.8061461277733821, 0.811692106531328, 0.7608335024896734, 0.6510918308297872, 0.7521580324889984, 0.7740781903790791, 0.7929822641028157, 0.7740781903790791], [0.9929884351044929, 0.982386796200034, 0.9878041650222376, 0.9946324987184932, 0.997565883889387, 0.9929884351044929, 0.9936175693314326, 0.9856314639084195, 0.9979646745329289, 0.9500600609528368, 0.9982746949242433, 0.9944806691168867, 0.9974198580397271, 0.9972640101531095, 0.9973828721881484, 1.0, 0.9980633105328066, 0.9976506459766343, 0.9976477796313555, 0.9977335064316752, 0.9971922193959224, 0.9910576629176561, 0.9766200219064587, 0.969014903021052, 0.986744395505957, 0.9859875242306544, 0.9707750552995317, 0.9465142845405696, 0.9915359638954949, 0.9893702934156773, 0.9884116588975187, 0.96651533347231, 0.9974421720593716, 0.9974807505001745, 0.9972774474038707, 0.9972319121562382, 0.9984176001097381, 0.9980111176941044, 0.9972661330819882, 0.9977222671299579, 0.997377599328415, 0.9973539170906323, 0.997377599328415, 0.9150785404655961, 0.6669025230730387, 0.9211183499169586, 0.9164634930746977, 0.7322346250583626, 0.9526883777260164, 0.9174273517028095, 0.9442477575199241, 0.929179641