var element=document.getElementById("correlationAdjClose");if(element.style.display!='none'){var correlationAdjClose={"data":[{"type":"heatmap","z":[[1.0,0.9999953834508278,0.9875858033333964,0.9999415962009182,0.9992338799511207,0.9814289438922384,0.997901718508107,0.9966460761846697,0.972162185713157,0.9967366797115914,0.9950238385694105,0.9942742981355986,0.9967198985665557,0.996683389894956,0.9978959516612192,0.9982805855156798,0.9983469580978761,0.9970996359970916,0.9971070338648286,0.9970030892057564,0.9966972101691696,0.9892580137094636,0.9740198163692231,0.9917728458594001,0.9580639990325253,0.9910038076812187,0.9899975836857382,0.9707596172000398,0.9548387299018903,0.9912881142018637,0.9931740041172362,0.993204636072589,0.9812521228507259,0.9978207415067347,0.9978587779708241,0.9977417108593286,0.9968315242740831,0.9957419008189586,0.9977767722938117,0.998635001497366,0.9986634279375542,0.9978356193667957,0.9978424403656824,0.9784873645137938,0.9396613582230071,0.9609254719865854,0.957624069148152,0.9562789860510758,0.9381445927416032,0.9665685814475544,0.955990870006672,0.9685028795616497,0.9727760729503647,0.9615305177141724,0.9852292983631865,0.9837872419777419,0.9917133876853738,0.9935702344279057,0.9890646399961918,0.9854652611044498,0.9886326446407289,0.988370835662859,0.9891845711340219,0.9890991743157274,0.9516429729625016,0.9794544052066569,0.9765128751851003,0.976344745755656,0.9323113471486795,0.9849571683349703,0.98151715080867,0.9878106313390945,0.987252854256586,0.9467155989001437,0.9106422652572883,0.8856426993105336,0.9243932011755527,0.9385752585119546,0.9373172512723252,0.9370029181968633,0.9359521504429708,0.7673082599022226,-0.4982746832905879,0.9821082954657294,0.9787273855607317,0.9764872906462511,0.989600482962068,0.9746320411594401,0.9853076537131706,0.9853081426420319,0.9431015185403169,0.9863363191437144,0.9450158203593142,0.8321303119893124,0.9317692214832114,0.9433707226874819,0.8483105017417788,0.9608532238797993,0.961491744737482,0.9044218295000888,0.9711987803134873,0.8935092743487939,0.5477226725661739,0.7385317460763817,0.9011893635519331,0.8754200072441967,0.8928244087433774,0.9775785592438336,0.9776948400510603,0.7940834394618811,0.7704157866782024,0.8236180584052937,0.500696685299644,0.812171507586893,0.8275952707572781,0.8227099650490038,0.817347562915446,0.8083405329695663,0.7594091296611398,0.7455324044291025,-0.31633576060145,-0.4559502075296298,0.7779616741392145,0.8962282410671929,0.9275711691915586,0.9428035090274174,0.9080191281625233,0.8413611762923621,0.9121264444051899,0.9219953143561478,0.9218277153223617,0.862641373750014,-0.09981805942134515],[0.9999953834508278,1.0,0.9920439366304444,0.9998855204314967,0.9983642020546936,0.9895525963997825,0.9944565928870522,0.9927061793615404,0.9895701809531301,0.9927060815703292,0.9927424969769564,0.9937127932845814,0.9927652042156995,0.9927414697353988,0.9946025334431109,0.9965616562190943,0.9960014619676859,0.994236963177353,0.9942457748486321,0.9927340580942263,0.9927784878980849,0.9937835459668073,0.9809624523021978,0.9905054385426615,0.9826113875258475,0.9905995287785356,0.9899408473815469,0.9825733705094626,0.9454793245778673,0.9899044244437052,0.988475910097995,0.9850478452635852,0.9526267701072423,0.9953591492799178,0.9953374851047345,0.9955803618526757,0.9930297941843572,0.9952556710107541,0.9956025823031679,0.9967726959321411,0.996953150825108,0.9955831584520671,0.9955953518051992,0.9926306916023346,0.9393021866851847,0.9218554571546632,0.9574269003723385,0.9562250064832791,0.9381369329057939,0.9143952938450832,0.9453241837491966,0.9159312920313022,0.9409608569828515,0.9145821085084284,0.9657121078297309,0.9657080749357152,0.9785435793087247,0.9855692840834214,0.9868394167955952,0.9877801963102388,0.981634586653228,0.985581502482833,0.9826370728134277,0.9825500703345281,0.9487601090897878,0.9701916662943039,0.9390107973660695,0.9388222229527355,0.8780273011097127,0.9854547959777494,0.9863793487234518,0.9865256179833173,0.9862376491457273,0.9640569390614208,0.8496028176452177,0.8258794840251952,0.8872683761608513,0.9313558585510993,0.9015739719175065,0.9168314888747794,0.9160649376933053,0.8266969725746307,0.013456859815861344,0.9758544274025375,0.9775143306507345,0.9756010540455923,0.9871477985470544,0.9715303083483144,0.9777268573196735,0.9772423775577732,0.9404607243336555,0.9786133892599288,0.9414983364580556,0.7860995896761072,0.9314234754644062,0.933283208073382,0.6616651410854483,0.8831750837307653,0.8863491476582032,0.7857008278881673,0.9701878860120973,0.7615972300548078,-0.3438729334494386,0.30231478820030067,0.7856916438205962,0.7395388431787459,0.7788247962038648,0.9716737777797031,0.9716832641104199,0.2761228385282239,0.44742057912605715,0.28403687570165165,0.2551658914524117,0.276506389407175,0.28815315320293455,0.2851570299492337,0.20535589373841362,0.6166358750657664,0.3524872910517367,0.3030170943311835,-0.4410775379278279,-0.4921215859740734,0.7772299290814422,0.7896071563065874,0.8097540199605097,0.8763862046377471,0.842026947227246,0.6687282830750025,0.815465481850725,0.8064134118620853,0.8055658255402075,0.4997660629604571,0.28788738955949933],[0.9875858033333964,0.9920439366304444,1.0,0.9887180304223369,0.9937546165354478,0.9909623827505658,0.9892123127067797,0.9900817603135332,0.9915503839386177,0.9926513828732865,0.9965421638887201,0.9958847737477461,0.9899179015672341,0.9901294884084022,0.9897211757242179,0.9909771189872745,0.9899715658830838,0.9887660497114125,0.9887314119447014,0.9915786498086231,0.9899524941272401,0.9957202206362976,0.9864923039762147,0.991808860622677,0.9806582005118415,0.9924550233523753,0.9901865079605345,0.9874739691662429,0.963205399980493,0.9679559755634709,0.972484209433129,0.9779818130692808,0.9611913732656809,0.9867046655138098,0.9898925909656326,0.988273403501454,0.9916778455411731,0.9949583183386346,0.9907747578026287,0.9850210670742339,0.9881489796040349,0.9871506638991988,0.9865392704846966,0.9929987192465484,0.9360705729518153,0.9474977750980852,0.9627109598290267,0.9499315587681325,0.9083418493094848,0.9258107495542723,0.914974051184283,0.9287956613613783,0.9414536996644408,0.9241747697959011,0.9521919864082924,0.9630759307912431,0.969896787918816,0.9758866651947662,0.9500786120019452,0.9730014125065319,0.9716556638850952,0.977262867246848,0.9718549129059901,0.9502673389705181,0.9329335608070202,0.9596303290313254,0.9503750436240314,0.9349508147590091,0.9051446292668585,0.9777750173406662,0.9592826364763096,0.9703810005525271,0.9514381779209283,0.8687651757136183,0.8862056465264261,0.8122964077061727,0.9005584269535933,0.9179654133841408,0.9206526095651565,0.8891976658069933,0.902917443984065,0.5185122892681616,-0.47725547948703373,0.9693266206785544,0.959884959447258,0.9591863132076237,0.9498960821812509,0.9640501181487372,0.9715128840038705,0.9712021087059031,0.939717227806584,0.9678487719641916,0.9038943463281742,0.81944116203679,0.9610513100531277,0.9613225845508877,0.835151256875983,0.9496133535009443,0.9509941286859358,0.8780269969157092,0.9807478257164227,0.7741351771056908,0.4532892991695327,0.6862733554841386,0.7985958218834052,0.8044271782663769,0.7794089257835694,0.982140047396482,0.9821279982847404,0.729575805503826,0.7249553958911895,0.709345159376302,0.45700942566217867,0.717229110069549,0.7176802170714056,0.7214796422980174,0.7190883434112336,0.7762855410040013,0.7006875749912649,0.6860594461664626,-0.36837304093419043,-0.5078439310567052,0.7538994614909968,0.8623697462904102,0.8744557201480493,0.8910845565158777,0.8830575904251996,0.781548281640909,0.8605673329400948,0.8660030268970194,0.8716091464282054,0.7453732867375665,-0.024750850762014914],[0.9999415962009182,0.9998855204314967,0.9887180304223369,1.0,0.9994269050543293,0.98240966788446,0.998077676480573,0.9969716523662578,0.9739922325886229,0.997110326189681,0.9956202285443878,0.9950224850656065,0.9970301402353571,0.9970085044854,0.9981005572766227,0.9985485654085199,0.998546889037291,0.997380183030382,0.9973857400509816,0.9973175193594052,0.9970117312598388,0.9902572512693623,0.9752103510081367,0.992566863464194,0.9602139724744752,0.9918865616280869,0.9913066683491796,0.972443391240076,0.955866967512864,0.9906585321219018,0.9926984049713001,0.9931249407859917,0.9809142258388655,0.9978589482823464,0.9980130449412765,0.9979033881852276,0.9971897537192749,0.9961672353790019,0.9979641587317043,0.9985250220653007,0.9987180681436583,0.9978716592710994,0.9978761249766032,0.9800096964030107,0.9370680638807632,0.9592273552539244,0.9572330222865162,0.9543644729095364,0.9336050415672422,0.9639808749144151,0.9531018104135597,0.9658413729298113,0.9707748337860049,0.9592176727766978,0.9833750044560433,0.9825538235704169,0.9909454564934296,0.9933332395296799,0.9879636252388567,0.9845565299896757,0.9877177829042776,0.9878932634978121,0.9882054816332341,0.9881129666489549,0.9450780104342708,0.9784791962289033,0.975501654579336,0.9753281561098227,0.9290479719781487,0.9845747080688071,0.9793497493730122,0.9867041954317661,0.98611841565258,0.9323096632603574,0.9095967107827049,0.8828972451337382,0.9231318158858307,0.9364439536217074,0.9369880742765336,0.9351454120074671,0.9341249211395122,0.6954473583626224,-0.4976429333823573,0.9814642002854715,0.9777461301190202,0.9753140642533276,0.9885015322031963,0.9741633071805877,0.9847566404662705,0.9847554400502284,0.9428726152959275,0.9852780909019505,0.9350595431212719,0.8349135340330495,0.9356224706621044,0.9465766092172784,0.8496287798557899,0.9618669815967099,0.9625265344800608,0.9040221884442815,0.9721664745277904,0.8876013616837406,0.5442268566704532,0.7369343639646823,0.8958897588165919,0.8717645265410943,0.887255151346239,0.9782429491492116,0.9783649402450124,0.7929888707778816,0.7705775669221844,0.8158693810883415,0.5020547805490793,0.8062592879140158,0.8195816481573146,0.8146276972089935,0.8119715694443141,0.8102331619653987,0.7593220308414452,0.7455065136453342,-0.3117559058792791,-0.4552369455339939,0.776807102481821,0.8947662999970504,0.9257899088187093,0.9410649025681624,0.9071102671949833,0.8389120048107707,0.9102193614428903,0.919839485718665,0.9198206483753228,0.8561820215322328,-0.09311629817415308],[0.9992338799511207,0.9983642020546936,0.9937546165354478,0.9994269050543293,1.0,0.9841741764996251,0.9989982541068598,0.9986591125415613,0.9841424868605952,0.9986552577019445,0.9983324171352908,0.9982574675530895,0.9986666397630023,0.9986878468915559,0.9991380245319028,0.9989657969605643,0.9992730751532639,0.998884313337693,0.9988837389589199,0.9987159312163716,0.9986703442545416,0.9949717021463589,0.981461751331461,0.9956745199045796,0.9742060632284945,0.9956797098195672,0.9933185922916025,0.9826988670070727,0.9578803527166085,0.9890230378592718,0.9917629931080216,0.9910344978267756,0.9747719930598685,0.9988474065631483,0.9989216818018111,0.9989692257178445,0.9987894013177927,0.9987239041833831,0.9989280105261926,0.9989927645440031,0.999202137088661,0.998888543422911,0.998887942059512,0.9878544814280665,0.944347468914003,0.9586089735643788,0.9606235342895979,0.9519964365555686,0.9287802926835464,0.9559921234082964,0.952391359635282,0.9599878394363701,0.9661907452729365,0.9551033676449401,0.9826986364394473,0.9826234266216907,0.9916006992601587,0.9934353470610453,0.984439413926828,0.9787692089357211,0.9817931159277344,0.9843186834124666,0.9822791362185118,0.9821439989390219,0.9413880374701238,0.9711417466567113,0.9595513070091902,0.9593076955080692,0.9030184344144677,0.9818024589026246,0.9781687916831016,0.9832574766131302,0.9825591942032021,0.9444080686091565,0.8934731797738389,0.866396300491949,0.9103359880003657,0.940935010639894,0.9296592583294877,0.9348198114070728,0.9340054414635214,0.8131462319781217,-0.4712473658845099,0.9757004767555376,0.9679849060452629,0.9666393981494571,0.9851270430022595,0.9648921891625458,0.978835772446559,0.9785785941989484,0.9347463312571715,0.9797247390159711,0.9356554524329189,0.8265694275250759,0.9475129987671111,0.9632602356108156,0.8229311857854733,0.9527516541796555,0.9539129876360882,0.900660051513894,0.9763824061774518,0.8951638473328507,0.38037936237763675,0.6901871381552707,0.9011357770762949,0.860762735346054,0.8978499416049652,0.9816932762427618,0.9817884229492153,0.7650562841008838,0.7580705962641755,0.7687802467677707,0.4836741575612344,0.7338674299778127,0.7724538456278226,0.7687309350891892,0.7355996693147612,0.8008904308405653,0.7485654714816722,0.7338862984547111,-0.5004001416026792,-0.583229076520774,0.7698951314844907,0.8922066543212691,0.9177523425195561,0.9415545816696841,0.907671414845789,0.8281457625676969,0.9088603524583169,0.9134469094935771,0.9129677717046645,0.8049960482166153,0.11701548666152013],[0.9814289438922384,0.9895525963997825,0.9909623827505658,0.98240966788446,0.9841741764996251,1.0,0.976902919171574,0.9786270299567897,0.9943307287731757,0.9782065917887905,0.9752601653641612,0.9750728623293776,0.9784048622169399,0.9786882275354288,0.9784472289118421,0.9826587032279703,0.979152486305521,0.9788706189653742,0.9788726305026899,0.9775691497707285,0.9785618325944144,0.9930517767851311,0.9942326334747561,0.982451191947123,0.9894132890475145,0.9831197029757102,0.9800885801089301,0.9894471945974357,0.977376802032706,0.952343111381505,0.9590861586098971,0.9712207890207788,0.9654534354413474,0.9766108166407678,0.9772671823477711,0.9781218467882589,0.9794267438737819,0.9761822827255202,0.9778867292118519,0.9762641931245042,0.978224147445514,0.9770097168923215,0.9770189836347074,0.9964610649145326,0.9045483586478232,0.9380198122539287,0.9497462740086396,0.9572256101997086,0.9224055804290556,0.9173770458072882,0.9143049900123335,0.9206675186783603,0.9424691880295278,0.9199254587805527,0.9456991822476358,0.9532156733446207,0.9595441627228645,0.9618337322558586,0.9740050136191362,0.9900411831051549,0.9784360636050385,0.986805060589754,0.9779931544532279,0.9775294981059759,0.9797876634827345,0.9774941934318457,0.962746256635177,0.9622990607535872,0.9548393080929977,0.9851188441979258,0.978632270321472,0.9741865348212821,0.973239813533625,0.9734452125206846,0.9266037016855283,0.8907765264614992,0.939230025113199,0.9356793241054733,0.9448703240868432,0.9266931401932809,0.9248271422741925,0.8110774348854042,-0.4221479893163208,0.9864596539455345,0.9887551264320689,0.9857025349708106,0.9747229704774308,0.9810567018881867,0.9848250702873196,0.9844757882485706,0.9744976324559785,0.9755577828492066,0.9742091625990086,0.8328685728886326,0.910767186360019,0.962178432377205,0.8646580945148417,0.946846487909091,0.9477007974807152,0.8607794201336778,0.9561707846337584,0.822672639633905,0.45277048092928024,0.6942260922977319,0.8330982155952104,0.8151272667859975,0.8233986894115298,0.9548644386078824,0.954872156427763,0.7393480063810498,0.7412515335560284,0.7416839566782263,0.5028605303077393,0.745703310871865,0.7465204295359622,0.7404254845961395,0.7406657951729841,0.7831294450192214,0.7102363586393262,0.6995784117200659,-0.33596786215073937,-0.4642347089012719,0.7867322989576552,0.8525184228831139,0.8559617510075408,0.8821018991899998,0.8592614807485807,0.7936909135016061,0.8457016814126623,0.8495907185168701,0.8495947213280385,0.7988669391187467,-0.0436109396470549],[0.997901718508107,0.9944565928870522,0.9892123127067797,0.998077676480573,0.9989982541068598,0.976902919171574,1.0,0.9978209247143551,0.9560191031942548,0.9996687035935983,0.9996544665390764,0.9996885793305081,0.998636590499857,0.9993043991459609,0.9998962401645637,0.9970694705088365,0.9999068453771136,0.9994762436052574,0.9994802666239164,0.9997559483012739,0.9994256139354729,0.9903669322441733,0.9735343716986857,0.9869487153852999,0.9251021762691639,0.9940159353851532,0.9933173364655713,0.9724493069067889,0.949667033611971,0.9914373983815029,0.9922277884351932,0.9943845962397226,0.9786442795833228,0.9991504963740608,0.9998757735572571,0.9997570866643366,0.9995312489250284,0.9998111243194012,0.9998639529668203,0.9987309851153148,0.9997692108779032,0.999480822731169,0.9991864778701681,0.9783051653063499,0.9494950467340707,0.9603442221549472,0.961994313723775,0.9503816527775815,0.9263332912978985,0.9611265483904461,0.952735440664947,0.963532712956064,0.9684143396371272,0.9592544662563971,0.9834095370958656,0.9839685135554549,0.9929283192499414,0.9962965231172132,0.958051846407749,0.9667356268058743,0.9746658807172268,0.9761328324265022,0.9760752383608019,0.9579940611959182,0.9049061664713957,0.9619521985384333,0.9632800576998931,0.9496967625559355,0.8863887055438239,0.9726697042684638,0.9514148896294832,0.973338476911227,0.9583127197093385,0.8255532941162216,0.8838084251477913,0.8227777444825678,0.8967310018793464,0.9136072108546462,0.9176493651294036,0.899869215816943,0.9101079251704912,0.4612571891461456,-0.5352634472065537,0.9660494300204496,0.9541591311284742,0.9538566049695042,0.9591850428130317,0.9598703580211546,0.9718299772291182,0.9719058330564281,0.9215918654450592,0.9709896079591283,0.8697968911092632,0.8203315935210114,0.948190711632138,0.9441045335157136,0.8356425995854552,0.9595971034069248,0.9603777067308811,0.9055809389115576,0.9762268566233724,0.8335455354614438,0.5452463016701886,0.7331209202245512,0.858943978061074,0.8559724724770839,0.8403842443401438,0.9824591742880522,0.9826059282670765,0.7878402261410943,0.7564894749671361,0.7823831757231662,0.4772478033383827,0.7878943225082276,0.7973164545564064,0.7868147154451012,0.7974136021682844,0.799410101768303,0.7560916187894801,0.7404164744503666,-0.3222258690929068,-0.4738702094612202,0.7777470791308526,0.8978249204174688,0.9210843873362822,0.9437089630786444,0.915090249250784,0.8417281175748754,0.912189008908993,0.9264766858496192,0.9247538459981378,0.7888417493416177,-0.0690585963358212],[0.9966460761846697,0.9927061793615404,0.9900817603135332,0.9969716523662578,0.9986591125415613,0.9786270299567897,0.9978209247143551,1.0,0.9662201164245342,0.9999998483770788,0.9999994193201067,0.9998106095935583,0.9999971384368439,0.9999983917735821,0.9994220476799929,0.9926270773276485,0.999544924966636,0.9999197717317221,0.9999193606104751,0.9999699310432367,0.999998887278826,0.9910519187428152,0.9755221633400101,0.9933692719335607,0.9388239232237421,0.9945250374302839,0.9920659041312322,0.9747378987493405,0.9498751453782672,0.98786230167949,0.9937740036175624,0.9931545831969384,0.976224242048152,0.9995131250238453,0.9996318388207615,0.999720499744223,0.999775630890778,0.9994048921754971,0.9995834826582333,0.998457951581593,0.9990222227154804,0.9995885468024657,0.9994683339916954,0.9801585219873711,0.9494742444556784,0.9583571642631101,0.9647440392827918,0.9502951792659052,0.9192451381886255,0.9594136452159867,0.9487834925021909,0.9615292290355767,0.9638823333809198,0.954138036044964,0.9815278764171704,0.9815016999675417,0.9920325579019946,0.9965403296793013,0.954206694289088,0.9643332100446876,0.9704636941096061,0.974259531991851,0.9721690224331601,0.9568165674503347,0.9013689271166949,0.9589459228074309,0.9587998965964789,0.9458302452531813,0.8799337158399388,0.9709775131084833,0.9469002739970739,0.9693760761834233,0.9547220143915802,0.8172627828481446,0.8792410825696383,0.8197003680620143,0.8919303156067784,0.9087479160116245,0.9149596600537925,0.8966824873657637,0.9052375164356672,0.44817953854415743,-0.5373513926849434,0.9635680534885623,0.9507133580444869,0.9503400155343282,0.9576685839219478,0.9575265473726107,0.9694606418203613,0.9695295227051114,0.9197680164557215,0.9664162156190194,0.863698012121677,0.8183494728092825,0.957954261801412,0.9531634769017489,0.8338428922311713,0.9596349987102567,0.9605396803399291,0.9031578264318139,0.97945413562446,0.8355052934191737,0.530970811370598,0.7251837308129027,0.8591547126046879,0.8526473786198139,0.8416569745934086,0.9844144619443015,0.9845629571344302,0.7797373381962446,0.750132224736074,0.7828735992011181,0.46718179608475524,0.782849314656288,0.7925540904426388,0.7864852863448216,0.7918012629519919,0.7942782207197754,0.750892154690336,0.734749701072056,-0.3364027868539982,-0.486870336304057,0.7690281093619614,0.8913452191249763,0.9183212558047411,0.9367345527201861,0.9100366961083867,0.8323211464518823,0.9061034202741512,0.9203782682055192,0.9188553864361325,0.7719275097758216,-0.05274892176776811],[0.972162185713157,0.9895701809531301,0.9915503839386177,0.9739922325886229,0.9841424868605952,0.9943307287731757,0.9560191031942548,0.9662201164245342,1.0,0.9813246838659739,0.9863206579316419,0.988984445895472,0.9697739353326679,0.9746162662887462,0.9730312095768744,0.9509965255846881,0.9778793873190614,0.9752358445189065,0.9752127636180845,0.9797945381773955,0.9744772176691383,0.9938962360185871,0.9943981402185659,0.9802269583396584,0.9903275097942174,0.9835523171021314,0.9930361433390368,0.9920714060909771,0.9731619608004842,0.924610344880817,0.9462258946604911,0.9654067423493133,0.9556036548232396,0.9690717484370923,0.977784525510586,0.974255514610869,0.9765298050468263,0.9880770228423245,0.9791675097452519,0.9660095208897634,0.9756207906978117,0.9700429421618973,0.9690770288139746,0.9991723952463715,0.920238874733856,0.9337676293103923,0.9639710117008238,0.9557157325199395,0.907405783715547,0.8897470273600199,0.8927142479917015,0.8940650668837067,0.9266929085554692,0.9044267166336275,0.9296907244234253,0.9480517104097774,0.9522026213697627,0.9574767736212926,0.9157369656190932,0.9753593371517716,0.9569371573642396,0.9730379947997223,0.9568217959624413,0.9171041195316572,0.9334011277797433,0.9566877489740903,0.934592019529666,0.9027407737285065,0.9048842652581667,0.9740717796247961,0.9327196945034854,0.9517519707037531,0.9173931605313066,0.8644243975420092,0.8884146222470436,0.780173430697881,0.9033529749698196,0.9044584835896538,0.9171654270651541,0.8684409505266698,0.8863928733794706,0.508910195367007,-0.45086520085502496,0.9675554589317852,0.9647901501728761,0.9624530022594848,0.913270991590281,0.9598035533909176,0.9656013765651617,0.9650989021468914,0.9490490525900291,0.9525804598769659,0.9024466780551184,0.8230371428466939,0.947556007228774,0.9663225079454536,0.8443647667964422,0.9414039749691685,0.942724665225822,0.8536198145187449,0.9665464584517445,0.7378210695751762,0.41181253472850826,0.6657997497927997,0.7722990281055685,0.7785178995514609,0.750505262164688,0.9655848145640821,0.9655692670593895,0.708516490123875,0.7132430038061564,0.6722175014936526,0.46361940010406155,0.6962598181593612,0.6923034182085249,0.6701630862766187,0.6941752748919425,0.7665797092203777,0.6903807707980708,0.6772185518079861,-0.37234774526337183,-0.5073886490304244,0.7832421410445459,0.8448361322073992,0.8256202040576688,0.8643555752172454,0.8603753946750097,0.7718110380496255,0.8161631013837416,0.8327729359274413,0.8261250914781444,0.7166262067380164,0.015212281903796709],[0.9967366797115914,0.9927060815703292,0.9926513828732865,0.997110326189681,0.9986552577019445,0.9782065917887905,0.9996687035935983,0.9999998483770788,0.9813246838659739,1.0,0.9999992245902581,0.9998146431913963,0.9999985285990879,0.999997916406308,0.999729058078415,0.9980884299270489,0.9995458811692457,0.9999008620644435,0.9999008156976475,0.9999807758179963,0.9999994218432754,0.9935452762227053,0.9775224841341897,0.9964610262413874,0.9691505667332487,0.9964814480978523,0.9920512947860413,0.979061185260785,0.9514263631919463,0.9900322105227541,0.9938895525934093,0.9911391711715541,0.9735236548595464,0.9995666321471057,0.9996281338281181,0.9996441627710214,0.9998575648007242,0.999414271413403,0.9995902273539014,0.9987079537404602,0.999065865913199,0.9995785918409339,0.9995746238600325,0.9847404515467457,0.9493619658369703,0.9583797500576416,0.964636319807263,0.9501749244431951,0.9193224394732524,0.9540794636498315,0.946883342472123,0.9575504945679236,0.9624947761011281,0.9528265021075677,0.9816055462392963,0.981532413627584,0.992715024733714,0.9963982855763545,0.9756607363767229,0.9642215852869468,0.9728172463957315,0.974196724223298,0.9734742265505708,0.9733313995602076,0.9292087252616756,0.9588624278276272,0.9507938246259499,0.9505932687043949,0.8917500853810233,0.9708911036087423,0.9692591648132205,0.9746302035132113,0.9737922361106434,0.9312757115719607,0.8792387508480652,0.8468085192467621,0.8917134760935908,0.9253992783842886,0.9159332999017165,0.9203007182471333,0.9196652305083269,0.7728794739484428,-0.525032334573395,0.9634961698409301,0.9506792935889377,0.9503193784663394,0.9765355932163267,0.9532080396520067,0.9692053402016444,0.968966805675,0.9204407574610531,0.9702766406765794,0.9215820568271673,0.8183438353223975,0.9577683181301042,0.9634304545107262,0.8216478873736328,0.9547349988137689,0.9557677808719504,0.9032322900307254,0.978806284257441,0.903360814579333,0.42520107150638226,0.7063285524545321,0.909233470234505,0.8686567169914667,0.9057920855908023,0.9843942832050416,0.984555660699315,0.779808642744977,0.7500075401200209,0.7829975760142954,0.46727254929485745,0.7488004043519196,0.7870930766571773,0.7829090188257062,0.7527907699000187,0.7941117499066114,0.7509206571718364,0.7347576207195068,-0.5428492330833704,-0.6257616354309715,0.7681895005892346,0.8913025776768302,0.9211113978027353,0.9433359719306381,0.9100422291430548,0.8299983177006055,0.9089606849208665,0.9161654964327385,0.9156971198760826,0.8157892418079903,0.1731397259815835],[0.9950238385694105,0.9927424969769564,0.9965421638887201,0.9956202285443878,0.9983324171352908,0.9752601653641612,0.9996544665390764,0.9999994193201067,0.9863206579316419,0.9999992245902581,1.0,0.9998131803387574,0.9999965349055527,0.9999982435048352,0.9997165873265539,0.9979202255794203,0.9993511259935255,0.999822875910655,0.9998229956989606,0.9999984700145454,0.9999985951860393,0.9932995664156772,0.9752047225321514,0.9957924588344251,0.9770884921832004,0.9962408476921392,0.9920647807771044,0.9815321654632059,0.9469250906478032,0.9901009221108694,0.9938815280946536,0.9863013955229816,0.9540106180086437,0.999411801733171,0.9994589524784037,0.9994126300471001,0.9999137878043016,0.99940201715755,0.9994210766047812,0.9983044454467057,0.9987644155121398,0.9993950448510741,0.9993930966113757,0.9875446881305704,0.9491474332824646,0.9332486968027339,0.9646115821748403,0.9501325276380835,0.9191321803263884,0.9320996445649448,0.9246657259365707,0.9356818801424451,0.9425204294204089,0.9308705893614885,0.9764107482353191,0.9763924626594683,0.9919792157173163,0.9951563915961744,0.9693455122117511,0.9643614900045252,0.9618020931571641,0.966992026748694,0.9627679564795866,0.9625621853448448,0.9111052617154906,0.9499908155094967,0.9171522269798953,0.9167487613825609,0.8370410208508667,0.9697330574085921,0.9741216383355186,0.9712442272391716,0.970241839531317,0.9281319416799367,0.8329157833949675,0.8054978416956001,0.8656368837367828,0.9121817758673852,0.8878491812454977,0.8999713239135757,0.8989543798753236,0.7827650435617134,-0.2802329208874906,0.9536127216243224,0.9508454317384597,0.9504521330290765,0.9702401292689475,0.9420280729413322,0.9557150635344336,0.95518604293761,0.9009141589432899,0.9576841322775542,0.9036893376780835,0.8184950924454468,0.9580060662889893,0.9680520245514348,0.7414845735160958,0.9232246322868587,0.9254082177442108,0.8647944500715028,0.9859681119607081,0.8532151143440426,0.0750043829912184,0.5700542803120576,0.8646807083484468,0.8366055615778553,0.8602551558380002,0.9867351545869174,0.9867269362205338,0.5714672918521594,0.6766730595991474,0.5785243246898786,0.46723301572969494,0.5502317718128213,0.5869358395571677,0.5787383628084195,0.5190050253224052,0.7852087169470008,0.6390430413443349,0.602925226484688,-0.5013759800986856,-0.5618507725926821,0.767790958476226,0.8746286429255102,0.8856270799112046,0.9220968006253933,0.9047246141431232,0.7316000981576192,0.873551436598579,0.8811908325331962,0.8806380438598765,0.6572476937836557,0.13462302933277107],[0.9942742981355986,0.9937127932845814,0.9958847737477461,0.9950224850656065,0.9982574675530895,0.9750728623293776,0.9996885793305081,0.9998106095935583,0.988984445895472,0.9998146431913963,0.9998131803387574,1.0,0.9998255827456058,0.9998179671819741,0.9997045841223595,0.9985046555976131,0.9995144487294088,0.9999760624502101,0.9999758979251545,0.9998178965767598,0.9998219811404366,0.993178705486969,0.9737557408326395,0.9946421585160561,0.9773499626514536,0.9952213065943136,0.993723199439114,0.9778339398470774,0.9325053119002525,0.9929357645956508,0.9951960098073528,0.9830401651697892,0.9405904682427312,0.9995398631383922,0.999575712294343,0.9995389915605155,0.9996748933345645,0.9996855770533678,0.9995507684909368,0.9982285016051149,0.9987905450491231,0.99952329511398,0.9995202130416607,0.9890724224470396,0.9456740409960708,0.9249127480314435,0.9619800002577307,0.9482999490545074,0.9188634357238664,0.9071287963428091,0.9365249672152721,0.909810176407775,0.926617036305807,0.9059147374413149,0.9673899432498296,0.967380914732745,0.9851057863119159,0.9951727770977961,0.969061385343458,0.9688919390625732,0.9582505554545441,0.9658427866578779,0.9600868353259686,0.9599249283119857,0.9141145647599531,0.9427275014557641,0.9032528008459458,0.9029944992440107,0.8291258128690399,0.9698343398125596,0.9714491573045102,0.9714275435759316,0.9708197295464626,0.9364875911859263,0.8022465116150997,0.7751713848289525,0.843767461576616,0.8979854147448729,0.8647355037264057,0.8820724572908556,0.881441707530771,0.7765639833916683,-0.10993852524214637,0.9492757073428865,0.9522536560577106,0.9489439088811286,0.9695811640907824,0.9431271579111826,0.9519587650930277,0.9512648480133735,0.902661835358517,0.9534510594814384,0.9043600833397554,0.7847512073733878,0.9561138728662071,0.9518184811045497,0.6498838988110707,0.882821052888224,0.8863700234838316,0.7807507858525804,0.9810957337915958,0.7587895169966894,-0.28505108484061675,0.3321406823169228,0.7806534112857618,0.7395968682727792,0.7746433040640874,0.9821801729519005,0.9822462382646729,0.3012645310796181,0.4589112479841912,0.3076111155824972,0.2793303658136623,0.29927434950151555,0.31291041559002364,0.31046830337865644,0.22795015311404032,0.6270238462509526,0.3681965341213481,0.31735582968744336,-0.5057526195280153,-0.5557699316231489,0.767174860030915,0.7918560864889013,0.8121754795623198,0.876909001764374,0.8491645563429023,0.6555384220915274,0.8109572877057333,0.8086452505236583,0.8078174807958083,0.5002838905286157,0.3168948589490441],[0.9967198985665557,0.9927652042156995,0.9899179015672341,0.9970301402353571,0.9986666397630023,0.9784048622169399,0.998636590499857,0.9999971384368439,0.9697739353326679,0.9999985285990879,0.9999965349055527,0.9998255827456058,1.0,0.9999977380952517,0.9994614790811676,0.9941065626710325,0.999578386046706,0.9999290331911981,0.9999287625772801,0.9999764431961979,0.9999990049767183,0.9909152890455243,0.975296493910128,0.9940113122210368,0.9436356647743759,0.9944647199330062,0.992144267470147,0.9745041500626311,0.9497446976325908,0.9887787051390471,0.9938701181250352,0.9932308068984204,0.9763252034256034,0.9995550359902314,0.9996674059213251,0.9997476893078038,0.9997723584262784,0.9994488677565209,0.9996191365807404,0.9985364751847147,0.9990788175330964,0.9996292903495192,0.9995102211973508,0.979888092090653,0.9496621019394635,0.9584724029603338,0.9646514423445185,0.9502864664294388,0.9196533157973688,0.9597581520051598,0.9491405906040544,0.9618733740847282,0.964153144750942,0.9544893485260346,0.9817733047267551,0.981670430902338,0.9921576622121621,0.9966357103069897,0.95441340245375,0.9642931614607556,0.9705633669562016,0.9742559646304585,0.9722691010170282,0.9569698642732168,0.9011895840899777,0.9590053317960111,0.9589808159146737,0.9460853769905316,0.8798853005545149,0.9709438871017227,0.9469872306396642,0.9694777203973539,0.9549163217427553,0.8170788925575853,0.8793322362833282,0.8200242086549929,0.8920213352621458,0.9088696648835404,0.9150022789564347,0.8969221802972452,0.9054581222598954,0.4481476646071348,-0.537570613999337,0.9635735033377624,0.9507219112702469,0.9503510797142146,0.9578392957701016,0.9575159843743515,0.9694880876044204,0.9695587636786568,0.9196196314604346,0.9665343217521183,0.8635499584964119,0.8183684777094471,0.9575143887367046,0.952695623262071,0.8337935986012909,0.9596276894982428,0.9605255086710061,0.9035035898405763,0.9793376087685509,0.8360310274741901,0.5321155884218004,0.7258077817376152,0.8596594618825454,0.8531859326783662,0.8421705548836854,0.9843722263530063,0.9845211045732398,0.7803338581659238,0.7505881632109243,0.7835157455328359,0.46770047080614907,0.7835110081478142,0.7932611064371066,0.787145363461055,0.7925173597181254,0.7945907037187269,0.7513445093203174,0.7352117316605754,-0.33554108794434934,-0.48612342010246734,0.7692730651307854,0.8918355667431448,0.9188250673408406,0.9372570967209375,0.9105003549650266,0.8328437801457688,0.9066860714166035,0.9209775086604614,0.9194498615367769,0.7725836113982644,-0.05379921475929812],[0.996683389894956,0.9927414697353988,0.9901294884084022,0.9970085044854,0.9986878468915559,0.9786882275354288,0.9993043991459609,0.9999983917735821,0.9746162662887462,0.999997916406308,0.9999982435048352,0.9998179671819741,0.9999977380952517,1.0,0.999541156508216,0.9974651060250654,0.9995579976763815,0.9999220112944188,0.9999212872182394,0.9999706339466939,0.999997785622518,0.9910924632521696,0.9755806735396332,0.9955617388199455,0.9556498900506194,0.9953066488651153,0.9921034403994177,0.9747878810851265,0.950021458554944,0.9912478722075487,0.9941108206635868,0.9931094135782157,0.9761495302685804,0.9995226782799224,0.9996319284240808,0.999726178119986,0.9997884897852441,0.9994238063169967,0.9995803950899732,0.9984791768744916,0.9990353039619722,0.9995966631121748,0.9994786866751051,0.9801589848589042,0.9495141732376312,0.958373241860771,0.9646850757496126,0.9502783238616465,0.9194070672865605,0.9594795809390582,0.9488933288219323,0.9616224236409522,0.9638405506184894,0.9540624409239232,0.981545539620393,0.9814505508267819,0.9920063316734794,0.9965066400605854,0.954451891426608,0.9643563200967166,0.9706009217648565,0.974335971300043,0.9722947589925349,0.9566595985367816,0.9015386758667204,0.95888954556365,0.9588567762648397,0.9460018277802945,0.8800441609836791,0.9710947764071618,0.9471840868597328,0.969544519180289,0.9549798786109769,0.8175435378216068,0.8792693178019816,0.8199195292211157,0.8919928186454837,0.9088909825280969,0.9149783318736523,0.8968124457546338,0.9053805561327729,0.4484936250066502,-0.5370603860071348,0.9636544227412989,0.9507497930573799,0.9503832044981992,0.956782577488622,0.9576743504945692,0.9695391309797613,0.9696051714369036,0.9199379612804839,0.9665546967788762,0.8639087696937403,0.8183538716895121,0.9577474522456058,0.9530873674614426,0.8338618511159036,0.9595774174827753,0.9604855313696407,0.9029894986299346,0.979466923773858,0.8355257136880484,0.5307902026671002,0.7250760756513156,0.8591552005638861,0.8527499111970077,0.841674184113039,0.9844424512821273,0.9845885884192592,0.7793866778339451,0.7498427500569445,0.7828482229057073,0.46737895055459217,0.7828232351184332,0.7924748398642328,0.7866232574248291,0.7917051382899576,0.7942127401837173,0.7502341113582396,0.7341229392611985,-0.33623380865353986,-0.48669803660703786,0.7691202670636923,0.8912620877332555,0.9184275625210698,0.9367625501362943,0.9100779705232365,0.832135844714527,0.9062783223353301,0.9204005971268857,0.9189876858158247,0.7720041259081785,-0.05298988468784776],[0.9978959516612192,0.9946025334431109,0.9897211757242179,0.9981005572766227,0.9991380245319028,0.9784472289118421,0.9998962401645637,0.9994220476799929,0.9730312095768744,0.999729058078415,0.9997165873265539,0.9997045841223595,0.9994614790811676,0.999541156508216,1.0,0.9986190573425184,0.9998726849367019,0.9996126296374569,0.999616530986645,0.9997999007200082,0.9996042187398245,0.9908807133326617,0.9748467081947134,0.9944514865634487,0.9497419150502786,0.994087866529497,0.9935662605546407,0.9735077811917122,0.9508786829966607,0.9915109550371689,0.992633668391169,0.9938559652066961,0.9779657687105475,0.9993359910263285,0.9997533901385566,0.9997541618853684,0.9996322677454517,0.9996834758091953,0.9997209919808216,0.9989743676655908,0.9996484266855036,0.9995564736844686,0.9993434367488407,0.9791427528361426,0.9484755020670401,0.9602334618712072,0.9633368603541693,0.951700134069525,0.9249592363079119,0.961212725780028,0.9527668423424975,0.9636120216317099,0.9673373168602797,0.9575809268759498,0.9832149623137398,0.9831104019597283,0.9927964364684767,0.996045128690706,0.9583823182952788,0.9676931197073728,0.9747521104135197,0.9766958857132428,0.97621757536468,0.9591611680382097,0.9059619139654412,0.9620788489957756,0.9633243475150746,0.9502571399527808,0.8866305539811122,0.9734147355354752,0.951443526585363,0.9732881990555086,0.9587760879181275,0.8246762611516348,0.8842536851079225,0.8237868200986775,0.8970351451695532,0.9131900536565992,0.9174348172499539,0.9000926973704637,0.9099343022717004,0.4585743127771442,-0.5342266294897062,0.9667548347616652,0.9552154069085527,0.9547670786730161,0.9602287038252901,0.9609512058725463,0.9723544374624407,0.9724382725218205,0.9236165014556733,0.9709393571868242,0.8700534713176541,0.8199936129984895,0.9504627879534048,0.9464701424686349,0.8361004352223042,0.9596189134846357,0.9603711217070986,0.9028101093912182,0.9764898647244868,0.8347631208127655,0.5397609523764384,0.7295549620792728,0.8590648798712276,0.8551557294398394,0.8411006847972192,0.9824364325280246,0.982581634511781,0.7840532888920095,0.7526103464967636,0.7834697175433378,0.47430218075518343,0.7867004217454736,0.7961776983951622,0.7881311343401887,0.79593454853972,0.7965248328752783,0.7514817085664486,0.735799340350114,-0.32422504954738135,-0.4757019634643418,0.7752809558029918,0.8938196182133689,0.9209019690124562,0.942011516185256,0.9115111756367947,0.838895382978893,0.9116438576233161,0.9250358478170203,0.9238084071521666,0.7840162785675349,-0.06522716448599276],[0.9982805855156798,0.9965616562190943,0.9909771189872745,0.9985485654085199,0.9989657969605643,0.9826587032279703,0.9970694705088365,0.9926270773276485,0.9509965255846881,0.9980884299270489,0.9979202255794203,0.9985046555976131,0.9941065626710325,0.9974651060250654,0.9986190573425184,1.0,0.9989922904500339,0.9978183659418771,0.997818213308407,0.998185699450459,0.9975192956187827,0.9928123839839014,0.9785868427349111,0.9813447339892293,0.9245475039905767,0.9918815389434553,0.9947071133416197,0.976729814887208,0.9586995438013758,0.9916512202080683,0.9895504720165421,0.9918480056744524,0.9775004695881954,0.9975226668136776,0.9983364515592914,0.9981858396905026,0.9980225754381327,0.998867589400861,0.9982377591849074,0.9982355359234795,0.9987772861798363,0.9976843075878725,0.9975919350039525,0.9799454351769041,0.9432989947606893,0.9599070962474595,0.9595118339212076,0.9525691636369504,0.9291893916380066,0.9607314578489788,0.9529796303768301,0.9635786273500703,0.9660541441336485,0.9540245580307596,0.9807822007367728,0.9808146350859045,0.988722496833367,0.9914228273364424,0.9674540210149908,0.9738370470544816,0.9808273370843651,0.9810843519908007,0.981558481452038,0.9671307644067983,0.9186007203572664,0.9660022101867112,0.9676134698139844,0.9579423041440938,0.8991038507070573,0.9784823957792754,0.9624249236828156,0.9793865524509391,0.9678211221552061,0.8436334344068829,0.8931603587774991,0.8369119309122273,0.9064963978882435,0.924032644182048,0.9249611894743605,0.9080132799414095,0.918866385970095,0.48835665654997196,-0.508084071761512,0.9726782184623903,0.9616052614016607,0.9621553426256819,0.9691475646462255,0.9679848178590247,0.9772574094903155,0.9772667458774905,0.9346643426228247,0.97764548210852,0.8866589982036429,0.8224222401712101,0.9416035991826834,0.9427503040936426,0.8403524348450157,0.9578605277866603,0.9586550211636674,0.8958181307393716,0.9745636392673137,0.8281231261559042,0.5283533445989769,0.7245633043591411,0.8491781920928644,0.8503221556832972,0.8316120879991671,0.9792840099996586,0.9793410853571899,0.7743243243757744,0.7490447827512668,0.7758171045975074,0.48118378032434833,0.7784016224463575,0.7850751999722146,0.7867298372296204,0.7855670650488301,0.7950505695732565,0.738297281773562,0.7238341388662931,-0.31232116984868935,-0.4627