var config = { responsive: true }

var correlationClose = {"data": [{"type": "heatmap", "z": [[1.0, 0.9999838102721792, 0.9766614952774448, 0.9996950672894142, 0.9972002598154961, 1.0, 0.9898057613371841, 0.9849102678389038, 0.9903705915510843, 0.973357286880261, 0.978306003794704, 0.9898546421901329, 0.9900199893819217, 0.9899269591119675, 0.9899897583431103, 0.9929926890261545, 0.9931636484649979, 0.9910555743826939, 0.9910469233508931, 0.9909773030708674, 0.9898485421011812, 0.9764595317609702, 0.9628833853275953, 0.9754545591706542, 0.9754255322400244, 0.9470407749910356, 0.9509677234221345, 0.9420452149207917, 0.9897894459302568, 0.9897446362968763, 0.9855768088302784, 0.9745421430555291, 0.9930692268162974, 0.9940248708079598, 0.9930888865009426, 0.991256444127997, 0.9851527275687894, 0.9936827262722753, 0.993653885219463, 0.9946088473177147, 0.9932855603202871, 0.9932751356166232, 0.9932855603202871, 0.9009288147782625, 0.706049607270691, 0.8689750936272247, 0.9148445796837141, 0.825412802787806, 0.9666403498991617, 0.9299568338267786, 0.957447871851093, 0.9522105305640369, 0.9560630389826112, 0.9785879959232742, 0.9724890323038751, 0.9047787740273787, 0.8917588424385836, 0.9254088948914732, 0.8943993236343527, 0.9217350176535818, 0.9226870627932775, 0.9217350176535818, 0.8251932353300081, 0.9018193133225951, 0.9031394222798852, 0.9018193133225951, 0.8781204236167559, 0.6991388570189011, 0.8549618334683694, 0.8569237034202256, 0.8549618334683694, 0.5974941912197606, 0.4850604882523548, 0.5716811510451263, 0.7238413024621597, 0.45603614032875156, 0.5237359478999517, 0.5260009631011091, 0.5237359478999517, -0.5945162299295325, 0.8654037677645992, 0.896001778440377, 0.8776838764057115, 0.906466844928871, 0.9319778080217809, 0.8640793317417822, 0.8656837974527912, 0.8640793317417822, 0.8777951602268964, 0.8777951602268964, -0.17569687551178476, 0.488443366645211, 0.21885526380477943, -0.5040122036632977, -0.5350347367899194, -0.5387951540204404, 0.022917388501948893, 0.022578531004149253, 0.29859483100978224, 0.21864622760084057, 0.1297683511665333, 0.1054288438292761, 0.1327466915438668, -0.16007615733584557, 0.09464634275274357, 0.09486180940315156, -0.5043324236274964, -0.3973010756287666, -0.15784071054533802, -0.44323434057319305, -0.32507979333314424, -0.3006763973010648, -0.2910314973676151, -0.3006763973010648, -0.15512418533266306, -0.20467231485038956, -0.20467231485038956, -0.5138529330114964, -0.5138529330114964, 0.39775683355709246, 0.6739640543313585, 0.8802701749914817, 0.8574616364150207, 0.7973374753702746, 0.6794421047620681, 0.7794639223839824, 0.8209682204108373, 0.8211145769181075, 0.8209682204108373], [0.9999838102721792, 1.0, 0.9623408370830419, 0.9991150605826107, 0.9924374880811979, 0.999983810272179, 0.9732534790754894, 0.9621680482828495, 0.9729680889569685, 0.9555249451546677, 0.9755491744444664, 0.9733075963030603, 0.9732572382772304, 0.9730374440424282, 0.9721121468232264, 0.9823994171122429, 0.9808095338208254, 0.9798195898850994, 0.979783038384021, 0.973392098762035, 0.9733799162304477, 0.9790994896890062, 0.9644068527885643, 0.9648323431679378, 0.9649252928232207, 0.947543037571656, 0.9711060279579726, 0.9271969693741835, 0.9727820307090871, 0.972842656881995, 0.9706675132348742, 0.9188998709814947, 0.9850541663729984, 0.9851750556846434, 0.9860982218097175, 0.9761751560293436, 0.9830536676803543, 0.9850498612331674, 0.9858332345164322, 0.9855859231871666, 0.9862477446391459, 0.986220186715858, 0.9862477446391459, 0.9010543465178655, 0.6360928957969901, 0.8701497621671779, 0.9160242782185937, 0.8246266302821844, 0.8765196969172403, 0.8864321231684652, 0.8679019553414771, 0.8816088165385042, 0.8733022404502452, 0.9397706177739409, 0.9398068651219955, 0.9060130820196624, 0.9181423060305606, 0.8910490272224935, 0.8905124860865867, 0.8991236667176471, 0.8999984657558513, 0.8991236667176471, 0.7403168502082631, 0.7068076022919592, 0.709153915439804, 0.7068076022919592, 0.9114202902176459, 0.9177140609703202, 0.9109846272071247, 0.912499338653586, 0.9109846272071247, 0.4086776937394847, 0.3533901725289465, 0.4759788967472831, 0.5693000146680757, 0.44722720250544434, 0.4955453045802527, 0.4967880512151185, 0.4955453045802527, -0.17815802653785673, 0.8405723603724421, 0.8823967842738089, 0.8667878831659123, 0.9144086516433653, 0.9161230005410201, 0.8336811618574157, 0.8341513211354972, 0.8336811618574157, 0.8461772169855954, 0.8461772169855954, -0.2847193963924818, 0.4890781768297098, -0.3735945275017687, -0.44720721359647886, -0.449669629192867, -0.4531553134696445, -0.24467343865568836, 0.19661896318359876, -0.16587545565834708, -0.31615615034094713, -0.1764217269869213, -0.2292246450205402, -0.2544671687811401, -0.28163078819503373, 0.06902158501033394, 0.06341830591529052, -0.4576178298253975, -0.4075798740755685, -0.43547647695153074, -0.4655838361565245, -0.45799102275880205, -0.43900029578203603, -0.4421060823160782, -0.43900029578203603, -0.34333513099860336, -0.4670941226515407, -0.4670941226515407, -0.44813848929835787, -0.44813848929835787, 0.3975581976927632, 0.448950722107626, 0.5344997642460251, 0.614728569253616, 0.593453691519673, 0.27225752115065927, 0.41490397816599206, 0.4155755920992343, 0.4156376872471584, 0.4155755920992343], [0.9766614952774448, 0.9623408370830419, 1.0, 0.9807189192224468, 0.9905497131519223, 0.976661495277445, 0.9849983608115457, 0.9829277932223615, 0.9920999344065675, 0.9340802631323724, 0.9961723167911595, 0.9849476248025414, 0.982370752976686, 0.9847068688199162, 0.9845948797348876, 0.987810084686289, 0.9889340285697332, 0.9823685557903805, 0.9823511239396588, 0.9906043869637455, 0.9848557272246948, 0.9903051261605069, 0.9786411131047573, 0.9821698208470703, 0.9821890295158118, 0.9783405730392887, 0.9764760565958381, 0.9456898576444949, 0.9669201209598104, 0.9669916888886834, 0.9721378865036401, 0.9482736148655041, 0.9809196924059378, 0.9875664077749866, 0.9792143453522395, 0.9823055736047193, 0.9932153832182086, 0.9895333895725075, 0.9790031412630016, 0.9866027227379889, 0.9806251308595877, 0.9798911370759205, 0.9806251308595877, 0.9109769039224453, 0.6227094182140293, 0.9159531417260784, 0.8920176903225218, 0.6683109106532149, 0.9097140983048083, 0.8576551311936312, 0.8975009896852649, 0.8945209423985508, 0.9028088465766096, 0.9295379487029454, 0.9391366831860435, 0.7343780555067824, 0.7899719459769543, 0.8103312071700118, 0.8291900950724137, 0.8025149127317796, 0.7729070816989215, 0.8025149127317796, 0.7134568281712933, 0.7612071847190557, 0.7624970482224764, 0.7612071847190557, 0.8203974112120072, 0.38263457490708047, 0.5756652666664882, 0.6495906050401951, 0.5756652666664882, 0.48953220574930584, 0.4622004095351794, 0.45291821023339485, 0.6125636027348809, 0.38793803630616247, 0.42256806701017197, 0.3886777530205101, 0.42256806701017197, -0.5861829572027142, 0.7873901926764113, 0.7640444360589668, 0.7675755950502184, 0.7495528910389813, 0.8774570521787924, 0.7943027325615718, 0.7971049104932906, 0.7943027325615718, 0.7390404824325667, 0.7390404824325667, -0.2872535516731771, 0.6928966180583519, 0.166612200898666, -0.6018533443657511, -0.6288316218805852, -0.6316649239192704, -0.0906875504556489, -0.02003861898402045, 0.29231095389239803, 0.08414007124159684, 0.02231225189112867, 0.05451933879295315, 0.021306366809784368, -0.1580463780107268, -0.004856280391761572, -0.004916961974075443, -0.5965726869737602, -0.5142138501320884, -0.11592254775887309, -0.570913983688756, -0.42410968667030957, -0.38838876215356966, -0.21828713787018278, -0.38838876215356966, -0.28295844517975793, -0.3438090700419535, -0.3438090700419535, -0.6186170864975644, -0.6186170864975644, 0.30853887527358503, 0.5774795012165086, 0.7859020357026284, 0.7638766379505166, 0.7327941252402843, 0.571338954794618, 0.7126648565383853, 0.720460298359396, 0.7523610943518113, 0.720460298359396], [0.9996950672894142, 0.9991150605826107, 0.9807189192224468, 1.0, 0.9984523674510706, 0.9996950672894139, 0.9915494250266709, 0.9871194742365554, 0.9925727973359835, 0.9714199332394279, 0.9844194021274556, 0.9915850783553142, 0.9916766952924232, 0.991627046053973, 0.9916735557832225, 0.994636618760016, 0.994794623374139, 0.992550110511767, 0.9925420619143084, 0.9929430009443332, 0.9915693686770071, 0.9799032655970359, 0.9661131423064978, 0.9785715745717662, 0.9785443713104448, 0.96108567707395, 0.9556064564737395, 0.9435268848123044, 0.9898153201724369, 0.98978196769345, 0.9866641313999239, 0.9741944043187092, 0.993995229657515, 0.9953308177884942, 0.9939704327772823, 0.9925542489934479, 0.9897633983144231, 0.9952446147303355, 0.9943812767855965, 0.9958298296614135, 0.9941089728944098, 0.9941013466261874, 0.9941089728944098, 0.9013646380374595, 0.6939588260438961, 0.8806522917553847, 0.9107600029479438, 0.8028575164962832, 0.9610670878012958, 0.9221467507421114, 0.9508872325147719, 0.9468074543288051, 0.9514404070885877, 0.9744948922390618, 0.9699310647204027, 0.8774160035823543, 0.8800138358667597, 0.9085741261508531, 0.8879453421168694, 0.8997143699400738, 0.9010287877231884, 0.8997143699400738, 0.8138838201524703, 0.8874790785651825, 0.8889392107802323, 0.8874790785651825, 0.8719833000199687, 0.6238551573155264, 0.8049442280147188, 0.8069963639836325, 0.8049442280147188, 0.5866103529842672, 0.4567076530336376, 0.5585305607261069, 0.704506753156484, 0.4484891586863713, 0.48999201359247385, 0.49300044968858847, 0.48999201359247385, -0.5964567323277388, 0.8572218672379134, 0.8823062053285396, 0.8654073273306083, 0.8764407071965711, 0.9274400548562054, 0.8571583007596095, 0.8589695418091252, 0.8571583007596095, 0.8530828147169813, 0.8530828147169813, -0.18320882961912585, 0.5210783833524346, 0.22377202068485313, -0.5127991866958932, -0.5434501256080776, -0.5471221495409844, 0.010254177246520401, 0.015933748531316377, 0.29142308499649705, 0.20647058054264503, 0.11913605662274765, 0.09875294999944506, 0.12656559611027593, -0.16813191847790113, 0.08212274140885252, 0.08238673328473343, -0.5122767706631067, -0.4090031645557093, -0.1597077484276086, -0.4569632511525743, -0.32753566175280296, -0.3025246572018209, -0.29343235660514266, -0.3025246572018209, -0.1652524765466192, -0.21534567221865186, -0.21534567221865186, -0.5255063892432792, -0.5255063892432792, 0.38095992476241664, 0.6619838152927319, 0.8730918560214302, 0.8502653555466793, 0.7903272425863442, 0.6709258395516514, 0.770970126447735, 0.812844743084134, 0.8130039677462665, 0.812844743084134], [0.9972002598154961, 0.9924374880811979, 0.9905497131519223, 0.9984523674510706, 1.0, 0.9972002598154961, 0.9964256311313135, 0.9940805350724755, 0.996608937923652, 0.9599638351247854, 0.9944814975014312, 0.9964452762567317, 0.9965505507119293, 0.9964798455150056, 0.9964744781873613, 0.9975676084106391, 0.9972113016189577, 0.9970993856230909, 0.9970958409527618, 0.996442233893828, 0.996438776626007, 0.9928212973944177, 0.9794109525958672, 0.9892050837026479, 0.9891570596140645, 0.979715997513191, 0.9779954713774428, 0.9479876309004069, 0.988549616000885, 0.9884883256356409, 0.9882223203000419, 0.9653244268690285, 0.9976787356749741, 0.997629138157926, 0.9975395045954669, 0.9970120589279191, 0.996960295875449, 0.9978399969323074, 0.99795846090599, 0.9976996916790631, 0.9976729203801665, 0.997675584359111, 0.9976729203801665, 0.9191569534250191, 0.6573442627370029, 0.9080891088742261, 0.9126466908046645, 0.7651036497615765, 0.9417787980536269, 0.8945461848324826, 0.9308438538078975, 0.9325363491812039, 0.940858880999189, 0.9680243355464967, 0.9681161290331087, 0.866136844544014, 0.8521026856682837, 0.8883625115237845, 0.8697386843207949, 0.8861926187401781, 0.8868295465786282, 0.8861926187401781, 0.7791928011879128, 0.822093866741515, 0.8239530491701951, 0.822093866741515, 0.8553055672229014, 0.7302614222555842, 0.8345186378379225, 0.8358901812742003, 0.8345186378379225, 0.5330008411345223, 0.3929631398820533, 0.51335859352852, 0.6883847986726953, 0.5039571318742808, 0.48011840998719163, 0.48066848907938226, 0.48011840998719163, -0.5814866931058348, 0.8321822684409586, 0.843994454843263, 0.8318490726592017, 0.8778657900966292, 0.8983806622146274, 0.835186277718066, 0.8369732939203166, 0.835186277718066, 0.843899522724888, 0.843899522724888, -0.23100034233776937, 0.5934239838860551, 0.07985301344121952, -0.5718955085325547, -0.6075702565393715, -0.6079107733195617, -0.028318179576239447, 0.03533640895666798, -0.10701866901602156, -0.04479760011384954, -0.034908610020332125, -0.27918550793468416, -0.3321613653229631, -0.4796620082422937, 0.044538732150718824, 0.04463263350417732, -0.5461603323688853, -0.45123291379377556, -0.4723250789471392, -0.5059418544140873, -0.5637459370768092, -0.533879328844822, -0.5362746389242825, -0.533879328844822, -0.21350735740389043, -0.2576649791325478, -0.2576649791325478, -0.6336651943715615, -0.6336651943715615, 0.3553222189691761, 0.6393024361458802, 0.8205644502328969, 0.790866831491394, 0.7767498445122756, 0.598443761437673, 0.6195243948729899, 0.7052968360367221, 0.7056291993985913, 0.7052968360367221], [1.0, 0.999983810272179, 0.976661495277445, 0.9996950672894139, 0.9972002598154961, 1.0, 0.9898057613371841, 0.9849102678389038, 0.9903705915510843, 0.973357286880261, 0.978306003794704, 0.9898546421901329, 0.9900199893819217, 0.9899269591119675, 0.9899897583431103, 0.9929926890261545, 0.9931636484649979, 0.9910555743826939, 0.9910469233508931, 0.9909773030708674, 0.9898485421011812, 0.9764595317609702, 0.9628833853275953, 0.9754545591706542, 0.9754255322400244, 0.9470407749910356, 0.9509677234221345, 0.9420452149207917, 0.9897894459302568, 0.9897446362968763, 0.9855768088302784, 0.9745421430555291, 0.9930692268162974, 0.9940248708079598, 0.9930888865009426, 0.991256444127997, 0.9851527275687894, 0.9936827262722753, 0.993653885219463, 0.9946088473177147, 0.9932855603202871, 0.9932751356166232, 0.9932855603202871, 0.9009288147782625, 0.706049607270691, 0.8689750936272247, 0.9148445796837141, 0.825412802787806, 0.9666403498991617, 0.9299568338267786, 0.957447871851093, 0.9522105305640369, 0.9560630389826112, 0.9785879959232742, 0.9724890323038751, 0.9047787740273787, 0.8917588424385836, 0.9254088948914732, 0.8943993236343527, 0.9217350176535818, 0.9226870627932775, 0.9217350176535818, 0.8251932353300081, 0.9018193133225951, 0.9031394222798852, 0.9018193133225951, 0.8781204236167559, 0.6991388570189011, 0.8549618334683694, 0.8569237034202256, 0.8549618334683694, 0.5974941912197606, 0.4850604882523548, 0.5716811510451263, 0.7238413024621597, 0.45603614032875156, 0.5237359478999517, 0.5260009631011091, 0.5237359478999517, -0.5945162299295325, 0.8654037677645992, 0.896001778440377, 0.8776838764057115, 0.906466844928871, 0.9319778080217809, 0.8640793317417822, 0.8656837974527912, 0.8640793317417822, 0.8777951602268964, 0.8777951602268964, -0.17569687551178476, 0.488443366645211, 0.21885526380477943, -0.5040122036632977, -0.5350347367899194, -0.5387951540204404, 0.022917388501948893, 0.022578531004149253, 0.29859483100978224, 0.21864622760084057, 0.1297683511665333, 0.1054288438292761, 0.1327466915438668, -0.16007615733584557, 0.09464634275274357, 0.09486180940315156, -0.5043324236274964, -0.3973010756287666, -0.15784071054533802, -0.44323434057319305, -0.32507979333314424, -0.3006763973010648, -0.2910314973676151, -0.3006763973010648, -0.15512418533266306, -0.20467231485038956, -0.20467231485038956, -0.5138529330114964, -0.5138529330114964, 0.39775683355709246, 0.6739640543313585, 0.8802701749914817, 0.8574616364150207, 0.7973374753702746, 0.6794421047620681, 0.7794639223839824, 0.8209682204108373, 0.8211145769181075, 0.8209682204108373], [0.9898057613371841, 0.9732534790754894, 0.9849983608115457, 0.9915494250266709, 0.9964256311313135, 0.9898057613371841, 1.0, 0.996978336417625, 0.9999662116919763, 0.9485140373247921, 0.9995127524031802, 0.9999958617590998, 0.999955986473753, 0.9999917741621536, 0.9999145493261082, 0.9936216513794646, 0.9998033096055897, 0.9998190335621638, 0.9998194784289507, 0.999994208404326, 0.9999962854815064, 0.9906608539556002, 0.9740462221210429, 0.9831905308904905, 0.9920430546897264, 0.9814536437803959, 0.9699492719055319, 0.9373736316102123, 0.9926084850465037, 0.9922449242962477, 0.9921651095185143, 0.9682370563967488, 0.9992730948559968, 0.9993574193129463, 0.9993328696981012, 0.9997297691367858, 0.9984626948766089, 0.9992293988061619, 0.9981423606312201, 0.9993412503332092, 0.9990833265380215, 0.9989962048794943, 0.9990833265380215, 0.9248614359638114, 0.6543423701689213, 0.928956493880278, 0.9125222627509564, 0.7079828994082302, 0.9495230710280843, 0.9126539982318894, 0.9372311870979418, 0.9280952743536197, 0.9395035104093852, 0.9694123333356948, 0.9614781155967518, 0.6893658033865935, 0.7937143990820215, 0.7806750886790906, 0.8259939081564109, 0.7732254563015104, 0.7453278153021479, 0.7732254563015104, 0.7295416818132631, 0.7479792379155831, 0.7518883668507617, 0.7479792379155831, 0.8081190836647093, 0.2573243247820326, 0.4803831848124431, 0.5775097248238438, 0.4803831848124431, 0.49728564026297717, 0.45889869787679155, 0.4541664437160327, 0.5884779052008862, 0.36351723838991623, 0.3955012538649419, 0.34263116666312254, 0.3955012538649419, -0.6506048719961887, 0.7841912761054538, 0.782714040010292, 0.7767355984035599, 0.7150959784763391, 0.8820337719656097, 0.7903684611245066, 0.7929412995940279, 0.7903684611245066, 0.6949043843214626, 0.6949043843214626, -0.26947735680074697, 0.6535374298079887, 0.2670665072758015, -0.5617791430425726, -0.5904287520218323, -0.5936037527268804, -0.047702820647412984, -0.039387507932160025, 0.3850219239996859, 0.1625941820272718, 0.07404091093713612, 0.14205557941631633, 0.11033414845266973, -0.07661231916610776, 0.005562516842230124, 0.005933866921809584, -0.5630369006854232, -0.4857069748512411, -0.0038994702303352447, -0.5478460803117686, -0.3352819033007272, -0.30241140471492733, -0.12480627710726545, -0.30241140471492733, -0.25268915034272876, -0.27144138944750335, -0.27144138944750335, -0.5957039670331372, -0.5957039670331372, 0.3495027208818836, 0.6119911888405524, 0.8044469308179476, 0.8101128488325017, 0.7629227387847624, 0.6508826567251648, 0.7493588377240737, 0.772547504172752, 0.790694506116198, 0.772547504172752], [0.9849102678389038, 0.9621680482828495, 0.9829277932223615, 0.9871194742365554, 0.9940805350724755, 0.9849102678389038, 0.996978336417625, 1.0, 0.9994117625902427, 0.9394106946082514, 0.9979503898036715, 0.9978135908592407, 0.9991974721685978, 0.9989121700463677, 0.9985794413882645, 0.9856397450793571, 0.9988191104427492, 0.9989758728411994, 0.998979550009463, 0.9994616430828518, 0.9990936663198001, 0.9905111750721513, 0.9743995243073168, 0.9911770680218289, 0.9918487618853306, 0.9756317860676105, 0.9720258519816611, 0.9354415328542867, 0.9889767106638855, 0.9924064881860202, 0.990404035696336, 0.964427359835397, 0.9980600506538285, 0.9979326111427569, 0.9979455095663398, 0.9989477184065156, 0.9954552143378403, 0.9976817283149323, 0.9974845445154835, 0.9977969058227801, 0.9978834523040548, 0.9979160489285922, 0.9978834523040548, 0.923638318996171, 0.6386622329448959, 0.9320117181483716, 0.9099722344859441, 0.6787344548036363, 0.9473332342342441, 0.9052936537708971, 0.9335889192577473, 0.9187655583420695, 0.93170582038869, 0.9646171276296925, 0.9557317399741819, 0.6717467456979842, 0.7745888463967983, 0.7594800630068508, 0.8133521006975382, 0.7533660637664708, 0.7304118979896775, 0.7533660637664708, 0.7122717842282885, 0.7249022704016591, 0.7361488830371344, 0.7249022704016591, 0.7953299361152676, 0.23265275927487505, 0.45401589259002195, 0.5572278162209374, 0.45401589259002195, 0.4802822858972907, 0.4505970002801345, 0.43502532442770164, 0.5697267924908522, 0.35204825724485894, 0.38164722398820095, 0.32259071744445467, 0.38164722398820095, -0.6509901114226365, 0.7697153380383411, 0.7580908837093387, 0.757333684378402, 0.6972255090089255, 0.8710727954258586, 0.776744958447205, 0.7796032614510239, 0.776744958447205, 0.6718340814499761, 0.6718340814499761, -0.2889493117620531, 0.6896191898232747, 0.2762863810561436, -0.5778416777585188, -0.6058976450898201, -0.6088718215600238, -0.06404196313390075, -0.0497422965053268, 0.3785746110965584, 0.14294618743706775, 0.05743201324944827, 0.13300808314491125, 0.09442890443253645, -0.08290096657399244, -0.013192037310810869, -0.012804328484506784, -0.5770425565049778, -0.5035133311984897, -0.010508132479021269, -0.5691273523101508, -0.3497281346693079, -0.31498781242245827, -0.13085010204429232, -0.31498781242245827, -0.27369957516304927, -0.2874577655461004, -0.2874577655461004, -0.6108633257634994, -0.6108633257634994, 0.3222367125790446, 0.5927788894189538, 0.7940458124285207, 0.7910333367046231, 0.7486784650780783, 0.6338041823196626, 0.7324787129719758, 0.75223521092865, 0.7742612201960707, 0.75223521092865], [0.9903705915510843, 0.9729680889569685, 0.9920999344065675, 0.9925727973359835, 0.996608937923652, 0.9903705915510843, 0.9999662116919763, 0.9994117625902427, 1.0, 0.9472253580038239, 0.9994456832391019, 0.9999673808376646, 0.9999628898958334, 0.9999726008980567, 0.9999276131070013, 0.9979664145199527, 0.999706030123933, 0.9997517441838103, 0.9997527246905211, 0.9999644340369755, 0.9999647398653143, 0.9939477146381743, 0.9769053143886389, 0.9934011381062104, 0.9933376962293315, 0.9812288789647706, 0.9760222222376806, 0.93956198855858, 0.9910645286496697, 0.9910319274744733, 0.9889510574486472, 0.9635747264373797, 0.9992870504170964, 0.9992496702409667, 0.9991081334305778, 0.999857803570378, 0.9983621351249986, 0.9992198607727131, 0.9991171896817637, 0.9992204874103536, 0.9991281142442104, 0.9991341349706608, 0.9991281142442104, 0.92490441678675, 0.6557970824844745, 0.9291410670364812, 0.912747343083676, 0.7073252062275414, 0.9368806837517256, 0.8864377546570837, 0.9214956996595874, 0.9235911909470305, 0.9358704772165676, 0.9629937945599313, 0.961902661085488, 0.8352317425302428, 0.7946780779902572, 0.8582849487646065, 0.8268492673158401, 0.8561766351537345, 0.8570374962251028, 0.8561766351537345, 0.7286463426098769, 0.8015142194125674, 0.8034085732269881, 0.8015142194125674, 0.8095828220428583, 0.6872256565145012, 0.8007515640455403, 0.8024873734254718, 0.8007515640455403, 0.49623333129244585, 0.312937482935855, 0.4536337223992978, 0.6322814031853812, 0.42517078210955045, 0.3876165379066067, 0.38794758896623205, 0.3876165379066067, -0.6301463858112742, 0.7846710843119287, 0.7822554595165487, 0.7767127821861564, 0.8473808043204759, 0.8689632928368007, 0.797169419128672, 0.7999494738222146, 0.797169419128672, 0.8058107486372617, 0.8058107486372617, -0.2721555600597535, 0.6542803513872228, 0.10315467610946692, -0.5914144955014783, -0.6357065907668882, -0.6365057155207193, -0.051368135256228076, -0.03764777479927288, -0.11693511822538373, -0.01961215582855617, -0.023518259067253446, -0.31402586480509814, -0.3428209351247488, -0.5228203503838624, 0.004137395142865135, 0.004733439200691045, -0.5651018212575961, -0.48811024403795666, -0.483773637834567, -0.55029918883686, -0.580916653105458, -0.5601635097626937, -0.5620414976557102, -0.5601635097626937, -0.2553130310593316, -0.27533764076499406, -0.27533764076499406, -0.6941081792970399, -0.6941081792970399, 0.35016356529301673, 0.6109607433075092, 0.8266698975615568, 0.8020209111332078, 0.7613657302561107, 0.6358053761541775, 0.6510574176211092, 0.7233565236670414, 0.7235025259634831, 0.7233565236670414], [0.973357286880261, 0.9555249451546677, 0.9340802631323724, 0.9714199332394279, 0.9599638351247854, 0.973357286880261, 0.9485140373247921, 0.9394106946082514, 0.9472253580038239, 1.0, 0.9149993079713038, 0.9485572944583981, 0.9486682544379622, 0.9481785123061836, 0.9474745650817258, 0.9500121112757766, 0.9558990661075428, 0.9549383439925354, 0.9549071904233236, 0.9487082835164014, 0.9486960326173446, 0.9477323639823781, 0.9393228569082035, 0.9505988472660507, 0.950815468507507, 0.7918861721328843, 0.9552822742158444, 0.9494869799030434, 0.9562385341319483, 0.9563828260207209, 0.954276557748033, 0.9279670256231167, 0.959271899152884, 0.9595380326938872, 0.9604023320579176, 0.950762231202091, 0.9281230938427767, 0.9584659895950587, 0.9600597257306589, 0.9598593456636906, 0.9607169678417445, 0.9606780518610549, 0.9607169678417445, 0.771038195954454, 0.4542973201032286, 0.7130151267571953, 0.8651349423978626, 0.8480969232398561, 0.8746183983716557, 0.7510615879427079, 0.8525653712794173, 0.8656035874317316, 0.8758743324846578, 0.8932979706020143, 0.8933428533266126, 0.846915656528746, 0.8376349578014679, 0.8744265832469527, 0.8492726831739216, 0.8651957837654168, 0.8661798411074129, 0.8651957837654168, 0.7817022947770613, 0.7614362728044495, 0.763724023321723, 0.7614362728044495, 0.8423494273142096, 0.8663608245636779, 0.840117261180873, 0.8410403744111178, 0.840117261180873, 0.6058970609946075, 0.5259023076497618, 0.6059564173598623, 0.7321929637073509, 0.6236075224546413, 0.6463390645391375, 0.6498959868676736, 0.6463390645391375, -0.26167103041906353, 0.8441704174073319, 0.9116801308604165, 0.8643324133509906, 0.8651559518195518, 0.8766863350287303, 0.8351121905747538, 0.8366357474199857, 0.8351121905747538, 0.8485595142751213, 0.8485595142751213, 0.013842569733987937, 0.20419148144559676, -0.06419926708632112, -0.3351311568598382, -0.3692465034131883, -0.3711602234978668, 0.12482077561176243, 0.368782553820033, 0.14771091813980633, 0.05274001514588897, 0.15434666285161938, 0.06385771333925276, -0.04468741659340111, -0.09811936666652651, 0.260740299456174, 0.259535731453265, -0.317212937505091, -0.2638243733761843, -0.2671719029896562, -0.26895650527732196, -0.34199490099804103, -0.290218335465555, -0.291969693095997, -0.290218335465555, -0.032877415997088585, -0.30913554443707436, -0.30913554443707436, -0.3779736926669931, -0.3779736926669931, 0.5800416275702095, 0.6825841439568401, 0.7605773282239605, 0.6628290585620352, 0.8403457820839701, 0.3034990877134561, 0.3935193982805579, 0.5765067083835668, 0.5767684294357102, 0.5765067083835668], [0.978306003794704, 0.9755491744444664, 0.9961723167911595, 0.9844194021274556, 0.9944814975014312, 0.978306003794704, 0.9995127524031802, 0.9979503898036715, 0.9994456832391019, 0.9149993079713038, 1.0, 0.9995097598893571, 0.9995053276299294, 0.999450594534267, 0.9994910167263705, 0.9982754256907759, 0.9995523990063148, 0.9996826871042815, 0.9996882098380763, 0.9995189261126917, 0.9995199880099402, 0.9913033271083239, 0.9567549068183588, 0.9908991557481953, 0.990870732989697, 0.9853464680463757, 0.9718794003271731, 0.892949748883265, 0.9884869233264496, 0.9885489938138345, 0.9703721510464252, 0.8878337150708371, 0.998540147775633, 0.9984868125706196, 0.998245877200596, 0.9991795982455978, 0.9991009191722364, 0.9985172777149456, 0.9982625862102334, 0.9984425033310824, 0.9981974867962743, 0.9982116049540378, 0.9981974867962743, 0.9187238707089944, 0.5494692444903363, 0.924806105923857, 0.9116674845144671, 0.7098513770774995, 0.8328844171243892, 0.8367444236388981, 0.8215283158236827, 0.8199573731253288, 0.829198493892795, 0.9225308123709778, 0.9227120848960955, 0.8213011816550444, 0.8333601269162261, 0.7935226144801021, 0.7963201040346094, 0.8045356089213918, 0.805643876473855, 0.8045356089213918, 0.6094594836287538, 0.5702129724307555, 0.5730260669512073, 0.5702129724307555, 0.8344569279193433, 0.8456738681495694, 0.8323786720326324, 0.8342273944027435, 0.8323786720326324, 0.2578887310917889, 0.19098506541574534, 0.320150201784852, 0.43434955972259187, 0.302549319591364, 0.3594637667833181, 0.36273596561369637, 0.3594637667833181, -0.3939282030685403, 0.7289817278410123, 0.7872995149292381, 0.7640282152535486, 0.831881623297931, 0.8282509516004851, 0.7207418963507517, 0.7214021277078709, 0.7207418963507517, 0.7368389876936612, 0.7368389876936612, -0.33712960573772005, 0.6440917451653546, -0.39423692855303694, -0.5349299057444784, -0.5375652412677101, -0.5397987901356026, -0.3173925491873575, 0.11783763171394677, -0.23527194074876556, -0.37818071913487067, -0.2444606061219347, -0.30401622657228017, -0.33947319148211935, -0.36892166387916697, -0.01287765119846423, -0.01736823098229637, -0.5420292638510605, -0.5031010408149321, -0.5207709553998807, -0.5555675721445522, -0.5499798030430899, -0.5252925707685041, -0.5280705675663274, -0.5252925707685041, -0.4330616539004943, -0.5852290466271645, -0.5852290466271645, -0.5965850597762369, -0.5965850597762369, 0.34495880229270637, 0.3762937933735959, 0.47354827365323104, 0.5551122328003036, 0.5580199211859257, 0.16938464136358763, 0.3149638521448759, 0.34308484569024905, 0.3432311116264785, 0.34308484569024905], [0.9898546421901329, 0.9733075963030603, 0.9849476248025414, 0.9915850783553142, 0.9964452762567317, 0.9898546421901329, 0.9999958617590998, 0.9978135908592407, 0.9999673808376646, 0.9485572944583981, 0.9995097598893571, 1.0, 0.9999613523570168, 0.9999938052933053, 0.9999201914541721, 0.9944845104835545, 0.9998055160226244, 0.9998205321349354, 0.9998209116740071, 0.9999959667310573, 0.9999969325157544, 0.990612864996486, 0.9740111561074417, 0.9888768783114202, 0.9920161076781197, 0.9814248263373088, 0.9698482290346638, 0.937310810626495, 0.9925945926097283, 0.9922586945366318, 0.9921558969034208, 0.968261790359589, 0.999275526320075, 0.9993626385476683, 0.9993422481266381, 0.9997355104313326, 0.9984661281206307, 0.9992396894191045, 0.9981465907018978, 0.9993491789503994, 0.9990881736835495, 0.998999288981683, 0.9990881736835495, 0.9248938923224835, 0.654523673700701, 0.9292276471827274, 0.9127736213859675, 0.7081718913048356, 0.949569885449556, 0.9128621350636926, 0.9373196819556635, 0.9281941913839672, 0.9395865313190512, 0.9695179785439892, 0.9615630558653333, 0.6892887291448213, 0.7938848038453481, 0.7807944507225855, 0.8261180117332867, 0.7733431269307428, 0.7452586622937984, 0.7733431269307428, 0.7296136344170949, 0.7480440505329866, 0.751813247123275, 0.7480440505329866, 0.8082888289144707, 0.25717863300249294, 0.48039458596244305, 0.5774067699661384, 0.48039458596244305, 0.4972164058639196, 0.4588038217494575, 0.454107210721787, 0.5885110186593474, 0.36338278658318385, 0.39559741724250286, 0.342673622712647, 0.39559741724250286, -0.6507588073707444, 0.7842616427354865, 0.7828707776237825, 0.7768407793617367, 0.715085595650476, 0.8821469947949233, 0.7904589814541595, 0.7930266758699637, 0.7904589814541595, 0.6949907718314269, 0.6949907718314269, -0.26946215123792916, 0.6535729266891704, 0.2671956402986653, -0.561733639090268, -0.5903323006112798, -0.5935128386401773, -0.04777897664627928, -0.03954993432739391, 0.3852079948730397, 0.16263079258313556, 0.0739943900809001, 0.14233798108538392, 0.11059675186146885, -0.07629334078764097, 0.005596812214880135, 0.005985252959365721, -0.5630208402929496, -0.48573176362878, -0.0036233530409607306, -0.5478202151848328, -0.3349967595084774, -0.3021551728627536, -0.1245750846564724, -0.3021551728627536, -0.252529234918685, -0.2713876750274474, -0.2713876750274474, -0.5955617513032334, -0.5955617513032334, 0.35007778612783164, 0.6121742803553759, 0.8044869009261403, 0.8103968768308885, 0.7630358431991481, 0.6511577230731532, 0.7495093625818124, 0.7728194389914208, 0.7908222949532772, 0.7728194389914208], [0.9900199893819217, 0.9732572382772304, 0.982370752976686, 0.9916766952924232, 0.9965505507119293, 0.9900199893819217, 0.999955986473753, 0.9991974721685978, 0.9999628898958334, 0.9486682544379622, 0.9995053276299294, 0.9999613523570168, 1.0, 0.9999658545931579, 0.9999078650055817, 0.9974220017429054, 0.999800927954359, 0.9998633337805634, 0.9998640082319341, 0.9999822921578468, 0.9999604401790704, 0.9901389057154204, 0.973814011479242, 0.992764884004516, 0.9927232704447919, 0.9813920036618289, 0.9694579815693958, 0.937232167314877, 0.9933693170878595, 0.9933884112925695, 0.9919025605744554, 0.968054364856442, 0.9995025641011155, 0.9993664856772937, 0.9993981502765318, 0.9998856333157979, 0.9984625650239433, 0.9992470057232611, 0.9992062158410395, 0.9993592942868588, 0.9993756079930193, 0.9993796881706695, 0.9993756079930193, 0.9249842421624692, 0.6546807342401981, 0.9292172003773344, 0.9127293871800967, 0.7081596773734258, 0.9538791660305883, 0.9103208120895543, 0.9393191531832406, 0.9282779758290766, 0.9395809422597957, 0.9692427038429224, 0.9616336348125104, 0.6403687418601697, 0.7935984286191304, 0.7795244930238455, 0.8266011352488187, 0.7722647772202093, 0.7160249707162804, 0.7722647772202093, 0.7295320392576589, 0.7380775881134405, 0.7426810332527377, 0.7380775881134405, 0.8087702700628636, 0.18518788918396722, 0.46751812912632024, 0.47364094053869715, 0.46751812912632024, 0.4973691448967397, 0.35060647194155575, 0.45436187602559325, 0.5880052765537017, 0.3636085757235891, 0.36206476333706433, 0.34230579207233325, 0.36206476333706433, -0.6509488401979154, 0.784757121832436, 0.7828519944685662, 0.7765981665734646, 0.6522641472331239, 0.8826507105459874, 0.7909954384026825, 0.7935573462990593, 0.7909954384026825, 0.6934396451535969, 0.6934396451535969, -0.26910877059064564, 0.6534608386825835, 0.27084665907578254, -0.5615745622428927, -0.5899910674635399, -0.5931714779400926, -0.04817058596942585, -0.03944294691279634, 0.3377678277319837, 0.16279619535059853, 0.07373623443290847, 0.1457875187483816, 0.11299976178620895, -0.08650716090785454, 0.005720744414119232, 0.006113135382132923, -0.5631919257088712, -0.4858135118066689, -0.06929855695379178, -0.5475351409200878, -0.33294108250794724, -0.2998720629419618, -0.21230587112056318, -0.2998720629419618, -0.25206146891815384, -0.2725173820510894, -0.2725173820510894, -0.5948086521408331, -0.5948086521408331, 0.35020572613560913, 0.6123487956459274, 0.7892555953010144, 0.8104398628826254, 0.7634236759921059, 0.6508912710903575, 0.7076220413133175, 0.7606916691213168, 0.7608301038319352, 0.7606916691213168], [0.9899269591119675, 0.9730374440424282, 0.9847068688199162, 0.991627046053973, 0.9964798455150056, 0.9899269591119675, 0.9999917741621536, 0.9989121700463677, 0.9999726008980567, 0.9481785123061836, 0.999450594534267, 0.9999938052933053, 0.9999658545931579, 1.0, 0.9999332675586414, 0.9972662644493583, 0.9997954830720333, 0.9998238673923998, 0.9998241119424214, 0.9999937902760271, 0.9999940105810374, 0.9904601581419662, 0.9739049840254628, 0.9925987643445062, 0.9924722975947992, 0.9812812997069089, 0.9694969389032856, 0.9369107003721217, 0.9933198038197155, 0.9933663954933042, 0.992194679623451, 0.9684499240592513, 0.999328540609142, 0.999361290405403, 0.9993748536621079, 0.9997749308056357, 0.9983918332797231, 0.9992432514558275, 0.9984756957344219, 0.999358270971254, 0.9991393965573786, 0.9990582187391652, 0.9991393965573786, 0.9251500002925312, 0.6553135926874657, 0.9295597076850378, 0.913059207833489, 0.7077635747720605, 0.950163237026686, 0.9136353734732797, 0.9379559634687573, 0.9286248309008466, 0.9399805899221454, 0.9699606337053462, 0.9619699246088682, 0.6896010150224632, 0.794172043587684, 0.7807135014322916, 0.8264082711524161, 0.7733075796995195, 0.7449009535963199, 0.7733075796995195, 0.7298227173494594, 0.7479901840280736, 0.7522534774337624, 0.7479901840280736, 0.8086733872715152, 0.2564618919067444, 0.4798446472611982, 0.5774575275484363, 0.4798446472611982, 0.4970259934574403, 0.4593757030655333, 0.45398879779936907, 0.5882463399623394, 0.36295219403793094, 0.39562902676063477, 0.3422999049138236, 0.39562902676063477, -0.651156017838806, 0.7844054775142449, 0.7823597115152665, 0.7769238455679482, 0.7040027141700842, 0.8824423448357537, 0.7906024958606044, 0.7931583881320036, 0.7906024958606044, 0.6947837907446687, 0.6947837907446687, -0.27132397781001516, 0.6546557524968113, 0.26772763771451374, -0.5623015860772631, -0.5907583836596659, -0.5939445377419703, -0.04907096816564927, -0.04092118841340277, 0.38549660540544944, 0.16210926528164668, 0.07307167854953192, 0.1423926796146196, 0.1106524572087997, -0.07614976936196928, 0.004438031280058246, 0.00482238022306015, -0.5637393313347485, -0.4868557444752978, -0.0030269968145073874, -0.5493822417322183, -0.33486920850160273, -0.30210316814856314, -0.12400334738008927, -0.30210316814856314, -0.25364558297884243, -0.27190883691746015, -0.27190883691746015, -0.5956655025006113, -0.5956655025006113, 0.35024867492335787, 0.6118538516240369, 0.8050260718505048, 0.8108636684261895, 0.7624500637300117, 0.651966103438553, 0.7503047908323289, 0.7732193781275614, 0.7914328050202271, 0.7732193781275614], [0.9899897583431103, 0.9721121468232264, 0.9845948797348876, 0.9916735557832225, 0.9964744781873613, 0.9899897583431103, 0.9999145493261082, 0.9985794413882645, 0.9999276131070013, 0.9474745650817258, 0.9994910167263705, 0.9999201914541721, 0.9999078650055817, 0.9999332675586414, 1.0, 0.9973850038540004, 0.9996878154027511, 0.9997705917933846, 0.9997716980494937, 0.999896575173769, 0.9999158753863834, 0.9902164032697003, 0.9736874409864177, 0.9918509724238308, 0.991471914381136, 0.9813436684409247, 0.9692111830294522, 0.936945363988681, 0.9924132811035193, 0.9924198887820631, 0.9915830716127866, 0.9675470951383724, 0.9993389482392097, 0.9992106276680275, 0.999313051245605, 0.9997619505357817, 0.9982951678466554, 0.9992225528893783, 0.998461860497563, 0.999234025222055, 0.9991570900358302, 0.9990899501942142, 0.9991570900358302, 0.9237459686515813, 0.6557326608967794, 0.9284493569737644, 0.9120939455644196, 0.7047979163510224, 0.9507309236014129, 0.9145423011111168, 0.9389481208167509, 0.9281087221927798, 0.9392975528415118, 0.9703452472332128, 0.9615617979384358, 0.6910771191139445, 0.7928250879078774, 0.7810717745212459, 0.826126524245519, 0.7736712919035782, 0.7472279289826302, 0.7736712919035782, 0.7280129531798929, 0.7475565288214147, 0.7534580537243555, 0.7475565288214147, 0.8087235356833526, 0.2566350003755421, 0.4796144859649541, 0.5789260412957634, 0.4796144859649541, 0.4956236532704231, 0.4612321937443746, 0.45265064503527425, 0.5879414766177702, 0.36175693137911497, 0.3963327121244947, 0.34255830150068883, 0.3963327121244947, -0.651646196083378, 0.7838711908387836, 0.7809472981881896, 0.7758620949036819, 0.7171640174849953, 0.8828262237773815, 0.7902324875091129, 0.7929036133085903, 0.7902324875091129, 0.695027616011469, 0.695027616011469, -0.2720039298485348, 0.6570305327082316, 0.2677255755989227, -0.5626421078815328, -0.5907795820176452, -0.5937386326158294, -0.05105215934637455, -0.04263546063378579, 0.3867980455328518, 0.16156063206335528, 0.07182108023307474, 0.14347489528251148, 0.11172204884519811, -0.07459375641656492, 0.0035411019966784738, 0.004126759598738252, -0.5650957653569342, -0.4884878422551257, -0.0011968072349101504, -0.550448475185713, -0.33397449103058624, -0.3012189228895501, -0.12249367471150482, -0.3012189228895501, -0.2538578397879329, -0.27491574152827086, -0.27491574152827086, -0.5955271845232676, -0.5955271845232676, 0.3475443925820872, 0.6096778840189612, 0.8061363841491918, 0.8116707165853649, 0.7607738767130282, 0.65097426197631, 0.7520978426437861, 0.7739944624382229, 0.7929130938583602, 0.7739944624382229], [0.9929926890261545, 0.9823994171122429, 0.987810084686289, 0.994636618760016, 0.9975676084106391, 0.9929926890261545, 0.9936216513794646, 0.9856397450793571, 0.9979664145199527, 0.9500121112757766, 0.9982754256907759, 0.9944845104835545, 0.9974220017429054, 0.9972662644493583, 0.9973850038540004, 1.0, 0.9980647861796147, 0.9976525748720646, 0.9976497144797023, 0.9977354011279349, 0.9971945220995141, 0.9910609119403652, 0.9766012884185424, 0.9690359236958923, 0.9867553132233552, 0.9859954846830904, 0.9707889978489374, 0.946448509173042, 0.9915394103066973, 0.9893739427315369, 0.9884007615483802, 0.9664491118940789, 0.9974438256665971, 0.9974818859984131, 0.997278878725476, 0.9972340517629973, 0.9984184854664936, 0.9980119163409248, 0.9972676312047635, 0.9977232126968538, 0.9973790423014932, 0.9973554127975579, 0.9973790423014932, 0.9149664403283464, 0.6663180444007024, 0.920631222826035, 0.9154966616092909, 0.731699649561611, 0.9526290302056312, 0.9173897590