var element=document.getElementById("correlationAdjClose");if(element.style.display!='none'){var correlationAdjClose={"data":[{"type":"heatmap","z":[[1.0,0.999994293536333,0.9859548830974679,0.999930892431191,0.9991552487708765,0.9841445357827481,0.9979091784182567,0.9962377680490327,0.9700574188620071,0.9965043688804907,0.9946676837684653,0.9941227525023543,0.9963440743983442,0.9963822225245375,0.9962812415336705,0.9977230341561077,0.9980076925839565,0.9983890663656314,0.9968290482424765,0.9968441964242956,0.9968459203925051,0.9963128583664858,0.9878581575410065,0.9722821367364818,0.9904082394027727,0.9582740015056225,0.9894860398299319,0.9876563707529711,0.9696079078013247,0.955046966936548,0.992728716427673,0.9940421776826758,0.9927957330438432,0.978613195493182,0.9978137546809529,0.9979852603813828,0.9976145363250759,0.9964110379418976,0.9957802915661415,0.9978777899459783,0.9987358357859024,0.9987769269184485,0.9977845185348608,0.9977960120867709,0.9772640512229177,0.9198909182837732,0.9523553802629663,0.9345158491852082,0.9349692608986414,0.9133219466785255,0.9638344124748434,0.9501670149436318,0.9656196298162941,0.9674321432344826,0.9568089413976162,0.9845690787089043,0.9821107833764453,0.9907744572660643,0.9943567238585959,0.9873192825721048,0.982828803057556,0.9884145333929141,0.9867119231696468,0.9889523549904501,0.988810909950766,0.9602979343254979,0.975933574328226,0.9768058273516479,0.9765720363767448,0.9504239073533234,0.9815188581494003,0.9785193767471615,0.9856562328624496,0.9850139140186193,0.9419496879528335,0.8954867129388585,0.8637875042088903,0.9105489086616266,0.9260962750219838,0.9237522688470834,0.9241600315960324,0.9230306573579654,0.7136346371355858,-0.5489112291542063,0.9811936915031668,0.9766177709204279,0.9737977015217671,0.988000833039222,0.9748623772186301,0.9848105094826901,0.984819867670527,0.9468562919177587,0.9852512582154962,0.9499767341805216,0.7894447108890696,0.9137715045403649,0.9323484513702214,0.812884746829799,0.9537590599045984,0.9544160736811373,0.9010936130089723,0.9668202629193668,0.8952224846090565,0.5896692752661089,0.7250398934058319,0.9023579230792802,0.8717249124594085,0.8936159026764949,0.975103757966787,0.975308168806039,0.7860834199272535,0.7458808115654443,0.824946047315551,0.44156613880832,0.8054103914591141,0.8291403891243262,0.8243276588843234,0.8165954381919894,0.7873113453434468,0.7536757928193802,0.7373862543626442,-0.2812021333390583,-0.42133200264021514,0.6744018137473976,0.8902630948518138,0.9321970376995244,0.9410026522455947,0.9049964248475983,0.8260654619658834,0.9087031096489872,0.925716683773657,0.9254996299673717,0.8601451239206345,-0.15242182837407867],[0.999994293536333,1.0,0.9891756742592991,0.9998472543335665,0.9983067216861481,0.9897549907649427,0.9944805709912076,0.9918878494578708,0.986274312371111,0.9918998444096992,0.9919185822157826,0.9934536957524853,0.9920104108480731,0.9918963289072898,0.9919551224819535,0.9940784825107227,0.9965116006369256,0.9961049397367705,0.9941218925119331,0.9941284249051097,0.9919475523040462,0.9919943367089622,0.9923976497436912,0.9762230973422387,0.9886502131256938,0.9835402985815788,0.9886281949869961,0.9876252027312871,0.9820295310412014,0.9386668094470983,0.9897858432185379,0.9875676532214066,0.9821871280994215,0.9390005080813104,0.9955021702455316,0.9954228380588619,0.9956380744954344,0.9923624725123043,0.9951917345084287,0.9956512101409788,0.9969068302692975,0.9970741858376109,0.9956405944650896,0.9956503618234617,0.9906987720627678,0.919673628182414,0.8959214110500732,0.9344816818930272,0.9351297236519233,0.9133005317014241,0.8872965008454429,0.9292618380779568,0.8896419630470856,0.918361870648648,0.8870731149498545,0.9574621133913084,0.9574453557256992,0.9711209369384172,0.9850369838772325,0.983051039474769,0.9849049384714618,0.9801108183137975,0.9813992460871348,0.9816224711307763,0.9815375953094528,0.9471773277340925,0.9633708968583177,0.9398307076737581,0.9398056909773475,0.8724041547115383,0.9805677354881385,0.9818966609276323,0.9820888093899975,0.981677397149702,0.9529557457353821,0.7886829502461771,0.7504052650152192,0.8458693222915258,0.9037787222238456,0.8610569079815208,0.8829136992648513,0.8817651440014895,0.7515125683872065,-0.17373928599803473,0.9710127779771277,0.97441513394115,0.9707565562506267,0.9835329011498277,0.9680351472085024,0.9737209891274095,0.9731307379993213,0.9308695839866632,0.9753148396176803,0.9333756424916495,0.7164333182953291,0.913506915666996,0.9125503162224587,0.5381510346795263,0.8421724219045813,0.8464504849520658,0.7498820727407829,0.967356279265048,0.7231139954300224,-0.30375925637781753,0.23229716002259188,0.7498607308839822,0.6995601916865932,0.74257767310014,0.9688959091073102,0.9689134708090984,0.16933963273660615,0.3416514813965903,0.17599774012835587,0.14788928849079935,0.1692263492936194,0.18321949600115955,0.1802360619429036,0.10087014459027456,0.5294533097419389,0.26120656778858226,0.2107219152321836,-0.43638740682806737,-0.48333382012031345,0.674763999455656,0.7528035338399566,0.7767162684559167,0.8388192972238496,0.8173256064788701,0.5800111395090782,0.7603395650680417,0.77114050148962,0.7700158580036311,0.4250895927422514,0.22779441377664353],[0.9859548830974679,0.9891756742592991,1.0,0.9873069893950241,0.993271360530851,0.9914299944535294,0.9896945648739204,0.9903974498560307,0.9909660608557872,0.9930518270220947,0.9970226588713922,0.9961880589031215,0.9902558320375456,0.992401259928741,0.9904534077867497,0.9898974716992669,0.9908080985122981,0.9900484762408529,0.989093682585076,0.9890635671839133,0.9919325605607002,0.990277224031848,0.9949627228540847,0.9846175374803325,0.9911468345860253,0.9815728963822664,0.9917430446547962,0.9874112811994299,0.9867899662710811,0.9610644738047289,0.9695437054893111,0.9737492732417291,0.9771942734595549,0.9557865639427429,0.9870222843886628,0.9901183262656366,0.9884961912599397,0.9920588610823237,0.9946973743797933,0.9909124876681012,0.9849693110545642,0.9878499793244138,0.9873811497176658,0.9867547287681017,0.9923649872233962,0.915217971977237,0.9358421636533032,0.9455479130029918,0.9282165806472731,0.8721976405719012,0.9218033679737856,0.9059570881404243,0.9245226713135006,0.9299339780703723,0.9143317748276467,0.9499464713345517,0.9590941076130665,0.9672336429056408,0.9774551527708909,0.9418537271977857,0.9659477742524722,0.9647814481826277,0.9714080558172173,0.9650224960137365,0.9403552258790027,0.9238411148994299,0.9485882182345704,0.9385481852251965,0.9202305621216269,0.8973356562679274,0.9718580205994282,0.9510925737614284,0.9645085980482491,0.9440784922435667,0.8348024329479019,0.8559593815617933,0.7731229363102108,0.8732701531483748,0.8981889130344566,0.9000049623782203,0.8670919317880109,0.8816131773507535,0.42499893468329397,-0.5362355794671048,0.9620724692927687,0.949796904397544,0.9493316150385095,0.9419331465402289,0.9565990199312039,0.9645507913713078,0.964232117757841,0.9338850776760568,0.9599583112413674,0.8828761888312238,0.773385320943259,0.9534731166728171,0.9528010210768717,0.7922047908905622,0.940980148936146,0.9425035313990728,0.8735270855417474,0.9802247499579725,0.7752467581639858,0.4934653410678001,0.6684139786194605,0.7970391345246239,0.7983786231032949,0.778140578746121,0.9824062607999595,0.9824440390227677,0.7155562520788238,0.6930110501250973,0.7104208228676627,0.38959958505600284,0.7057401739005594,0.7145071963749067,0.7253687658628257,0.7137123541191235,0.7498002014122946,0.6884517408299579,0.6710988072292754,-0.34155521994901944,-0.4813824317582245,0.6417499485324889,0.8513533304317618,0.8790079883708023,0.8858150802577617,0.8764968279299625,0.7583822363083705,0.8574972755448206,0.868207050459218,0.8753682619080478,0.7329943807664313,-0.07484961089741797],[0.999930892431191,0.9998472543335665,0.9873069893950241,1.0,0.9993894553518223,0.9852706184949889,0.9981386284454432,0.996644082350702,0.972237151571219,0.9969497759317103,0.9953417676761864,0.9949986900646993,0.9967328292079107,0.9968564757808505,0.9966870425033106,0.9979815337220123,0.9983286338319276,0.9986351125903331,0.997183391753197,0.9971954374693367,0.9972243176606979,0.9967054098940924,0.9890243574102388,0.9736654909852193,0.9913349716820148,0.9608111731468706,0.9905168874615736,0.9892677176380492,0.9715508358717349,0.9562243982550935,0.9920539816898949,0.9935534704095338,0.9927203175322924,0.9781939458785401,0.9978872787291877,0.9981704004213212,0.9978274389099425,0.9968524481258575,0.9962326277327006,0.9980941142552429,0.9986286623651306,0.9988482244705856,0.997854125865736,0.9978622922965544,0.979053232127076,0.9162815939299545,0.9502843832303585,0.9347034894421337,0.9332553440816087,0.9070411609707097,0.9609308252034372,0.946926472032917,0.9626272530702268,0.9650049837897265,0.9540649752110905,0.9824992444552056,0.9806290208554856,0.9899207795497424,0.9941487226200006,0.985989068410863,0.9818093634153251,0.9872652719760491,0.9861691100630319,0.9877279414791841,0.9875814515216108,0.9512439741668137,0.974784645292314,0.9754239631178826,0.9751886294821722,0.9457313393440165,0.981110967722558,0.9758794219779574,0.9843275910850208,0.9836536423382116,0.9231096198455043,0.8941086347773115,0.8602054512025595,0.9089703895052956,0.9234704719619437,0.9233224359633733,0.9218866886070121,0.9208001972370428,0.6262462783498884,-0.5483812063721136,0.980441879223047,0.9755003583072905,0.9724716731290141,0.9866760704495302,0.9742164015727683,0.9841226239124449,0.9841288046047411,0.9465534716590033,0.9839324619510482,0.9362294587428511,0.7931435541904761,0.9188693802671333,0.9362298680347061,0.8145455729855653,0.9550016445837625,0.955686863889332,0.9005940318831589,0.9680028023242874,0.889059216663187,0.5859190658963662,0.7232473245371054,0.8968298538618616,0.8679942084731257,0.887815151063982,0.9758992585655235,0.9761074977219918,0.7848433366750305,0.7460308597687096,0.8169554845204655,0.44328299150037026,0.7995007473145651,0.8208746153728248,0.8159888420453073,0.8111054437420144,0.7894800987257209,0.7534704915558627,0.7372603292873712,-0.2766044247725309,-0.42060492077752215,0.6738768291130948,0.888347886165709,0.9302197623064294,0.9390878458200114,0.9037031625641093,0.8232148532595421,0.9065976909900899,0.9233483265125726,0.9232818744327812,0.8528914666296714,-0.14531807818714623],[0.9991552487708765,0.9983067216861481,0.993271360530851,0.9993894553518223,1.0,0.987947090211602,0.9990587364845536,0.9985536733938895,0.9841876872847793,0.9985542570469459,0.9981589226935462,0.9981499007476266,0.9985765686732152,0.9985857601540961,0.9985853360407447,0.9990754781235033,0.9987773753875744,0.9992800756675689,0.998875570620479,0.998876883214003,0.9986346123495524,0.9985745894711795,0.9947034930152505,0.9811081957712414,0.9951046907287339,0.9776343319216397,0.9951002331009212,0.992421992319647,0.9839185949323399,0.9595043467057002,0.9893271530279327,0.9919818278331552,0.9901141321412034,0.9706036158588178,0.9988974853507804,0.9989559627954047,0.9989775205459303,0.9986679355015887,0.998638228451188,0.9989473687989029,0.9989567780283186,0.9991809860022473,0.9989083203047003,0.99890833098893,0.9883899067874123,0.925926578180271,0.9495935133164941,0.9436493967329728,0.9354218739916804,0.9027013858811382,0.9486172952188237,0.9422767089169609,0.9528756201035098,0.9589202980331187,0.9475287808174672,0.9801261046460249,0.9800732570692006,0.9899751106787861,0.993992924713664,0.9825986949303955,0.9762583687137955,0.9826023228129792,0.9825290961176201,0.9829640112045553,0.9827926957078951,0.9503967267626263,0.9667790987108115,0.9612785990134056,0.9610302893030429,0.9200595189320435,0.9783968544933566,0.9747008034389323,0.9804810800636464,0.9797371464628483,0.9392281673161251,0.8753041403151315,0.8398586508112595,0.8949316557904886,0.9282264827931127,0.9137543114834225,0.9204010800571759,0.919543874108495,0.7671632828567547,-0.5540232368645661,0.9745908976396135,0.9658137871894997,0.9637254963274161,0.9834850725612415,0.9650787577234131,0.9780117556021809,0.9777159057776711,0.9383977007940933,0.9794076752622805,0.9406259271239248,0.7829918103345785,0.933021345851761,0.9554945323779238,0.7803182692627706,0.9432416308460737,0.9445290483747739,0.8952577270887844,0.9727927077101335,0.8892767212554291,0.42534250177069505,0.6670035642581522,0.8952090094699263,0.8464407556758686,0.8909402858020004,0.9793744199282605,0.9795375144940377,0.750972385193766,0.7303708140008682,0.754647327361391,0.4220881536763849,0.70886702487219,0.7592923632268482,0.7550456152939549,0.7189741292064636,0.7770120727187836,0.7393283475212761,0.7222502976129253,-0.47918001782421893,-0.5614071001826049,0.6694660632323485,0.8835523812486736,0.9167269824831349,0.9341001001505039,0.9022360681084525,0.805568568465889,0.8963643477027343,0.9107583927009268,0.9102667819847523,0.790822290392328,0.06473589377564672],[0.9841445357827481,0.9897549907649427,0.9914299944535294,0.9852706184949889,0.987947090211602,1.0,0.9824731607574836,0.9835414527985639,0.9929306016141219,0.9828948251340749,0.9787328528538729,0.9778296941049679,0.9833878403587364,0.9838294430000731,0.9836106971523723,0.9832034839000697,0.9867368892694633,0.9843025143382622,0.9841804780814383,0.9841476710233206,0.982399363984362,0.9834746364765373,0.9948182881111011,0.9936050678817072,0.984842224267923,0.9873735993064379,0.9852070789330586,0.9756684631260354,0.9879868943576674,0.9743579981559353,0.9611263148206485,0.9668910717649304,0.9766449619582036,0.9671033806985614,0.9821519783735617,0.9825343412287245,0.983391325557201,0.9842118649442296,0.9786305222658125,0.982919500765954,0.9813385645697706,0.9831422352172143,0.9823671164646107,0.982337641221725,0.9960438922560623,0.8756646551441434,0.9275135024481194,0.9189054500095253,0.9297331521234595,0.8888627522506347,0.9175827570456636,0.9102709490064685,0.9203446595658307,0.9360407598964852,0.9169736467234302,0.9497661690703555,0.9554370313616104,0.9617211380880542,0.969899788384353,0.971660328747993,0.9875921746112492,0.9735939495611303,0.9849599012094407,0.9731944606169244,0.9726901136675354,0.976659414813342,0.9704049391625751,0.9506228684635242,0.9501673572223986,0.9489721221314974,0.9837145051378008,0.9764203829632369,0.9729417320718725,0.9716873002472168,0.9650799822200117,0.8984440488841389,0.8536646344097591,0.914543112561682,0.9204271193065371,0.929832260089221,0.9108395081637054,0.9088119790159696,0.7481555391798925,-0.49341608473760606,0.9818640744844778,0.9835667450577565,0.9795950486925542,0.9725430497392183,0.9746439207528758,0.9805289422435933,0.9801614954801516,0.968825895282727,0.9701756554620473,0.9680896779933299,0.7948312472514254,0.8930117834686523,0.9552160083969435,0.8259590578098608,0.9435862417799875,0.9445070428699753,0.8661535044381669,0.9585941978011685,0.8333606084293524,0.5095698852072249,0.687248209329051,0.8430566333475604,0.819128554320706,0.832710754979737,0.9586254100128049,0.958695705053088,0.7380557301805768,0.7215419506189211,0.7507588477534203,0.44571922242331835,0.7448588754549582,0.7560730616673191,0.7498224693686631,0.7474582165762153,0.7691825976171782,0.713012778927348,0.6995937625152344,-0.30311070716054284,-0.433584300933763,0.6792974769479349,0.8528687547047132,0.8702317688548832,0.8853077404036067,0.8623995265954411,0.7805297285918285,0.8468467735655071,0.862285343967093,0.8621731254093541,0.8040204997394846,-0.10614652029983193],[0.9979091784182567,0.9944805709912076,0.9896945648739204,0.9981386284454432,0.9990587364845536,0.9824731607574836,1.0,0.9975654767353492,0.9570064350186502,0.9996185112232522,0.9995799081611415,0.999603590910663,0.9984486745866126,0.9994848130242839,0.9992010116976965,0.9998926051017283,0.9966507961251545,0.9999043247536443,0.9993922884598886,0.9993977925480084,0.999719579951402,0.9993425337004215,0.990704504994382,0.9746526118687722,0.986084343682699,0.9273082269073345,0.9936861043565413,0.9925040629268399,0.9744981445533204,0.952953317966793,0.991662831210696,0.9919937087314947,0.993674136785341,0.9754601281151879,0.9990263193165626,0.9998553720026774,0.999720841880928,0.9994886717728155,0.9997758172719579,0.999840691605406,0.9985407537593065,0.9997416951194785,0.9994003620025383,0.9990639785367561,0.9803089416702672,0.9334576162006847,0.9527814809931869,0.950418059395572,0.9397703056816853,0.902224906479823,0.9576772600065654,0.9465465955568686,0.9600224970593599,0.9625665820210203,0.9530446526531114,0.9817814824016944,0.9813842959006123,0.9918832990263063,0.996400116706525,0.9512792555837162,0.9639243080494619,0.9740582907567585,0.9744550329200953,0.9755595670802746,0.9513440115209301,0.9052023752921771,0.9579019792167734,0.9630519268388358,0.9428318608197076,0.8967773475417312,0.9687704921862094,0.9436845219232411,0.9695101377796851,0.9517144332610769,0.7936593143206268,0.8681976584330563,0.7919007384981377,0.8822208116515744,0.8985197694311314,0.9030006726460859,0.8824495841271207,0.8942508624400448,0.37255320079653415,-0.5826720001630449,0.965481218487662,0.9516551109637564,0.9509314183844039,0.9528049939509257,0.9610621336322169,0.9716744676937757,0.9717783737384036,0.9271840272598636,0.9691311968504333,0.8565823879910612,0.7771722247049978,0.933893828980333,0.9351622534582789,0.8021873060481939,0.9528140724074606,0.9536545249903371,0.8991148345706946,0.9723681345123357,0.8323437411349073,0.5803568587025062,0.7165583804142239,0.8561750377340849,0.8492920499074255,0.8376821007980836,0.9798264779348983,0.9800428036567714,0.7760159264174944,0.7279956371228683,0.7822668819055533,0.41620488558511126,0.7786021763747609,0.7948487937507148,0.7881833392136625,0.7932550777919208,0.7744005157845173,0.745609363921168,0.7276065901264098,-0.2906539365322773,-0.44223282370254496,0.6858171482982068,0.8882288345757833,0.9224136972386666,0.9399886351089703,0.9087545330364597,0.8247879094549173,0.9087138778241038,0.9273008537240692,0.9260029379721082,0.7761465349685457,-0.11447685124102748],[0.9962377680490327,0.9918878494578708,0.9903974498560307,0.996644082350702,0.9985536733938895,0.9835414527985639,0.9975654767353492,1.0,0.9677372288509495,0.9999998306964446,0.9999993175625952,0.9997614354005415,0.999997077850016,0.9999927702925956,0.9999982554478585,0.9993311606812172,0.9915516442150393,0.9994617270004095,0.9999097017956856,0.9999095038404987,0.9999651787216525,0.9999987895051007,0.9911839278048229,0.9763114897015659,0.9929567575943385,0.9413092318278798,0.9941783469494243,0.9908284456964018,0.9766956211740087,0.952421468322423,0.9880101964362703,0.9938871031473603,0.9922872195890236,0.9725536503636334,0.999472443181202,0.9995743387342074,0.9996772842170486,0.9997453390359267,0.9992366610657758,0.9995099442632271,0.9982457344810152,0.9988450759889547,0.9995443254405597,0.9994128294039611,0.9820057005834089,0.9332648072652243,0.9501513611310325,0.9540026540322629,0.9384426194027284,0.8921259911228061,0.9559267477304715,0.9420985355237299,0.9579218218773112,0.9570181484054301,0.9471420586127679,0.9797732424889376,0.9785094094643136,0.9908515219499601,0.996869620012463,0.9466179085119049,0.9602560085095853,0.9682446235802247,0.9717264283751342,0.9701113849667622,0.949751040540441,0.8986835079148263,0.9536272999160175,0.9567977542696887,0.9377535070933433,0.8860276348963024,0.9663528372019317,0.9379999587497412,0.9645032824321726,0.9473986878490166,0.7822359999338423,0.8610603624471885,0.7877548777971192,0.8750770056166408,0.8919961510342439,0.8989666822692051,0.8783709916278666,0.8879905899442211,0.35611724159090147,-0.5865046467652735,0.9617748178989673,0.9460175368136999,0.9456325587380311,0.9509614339774504,0.9570679528722561,0.9680436995056418,0.9681465007835104,0.9232421857650411,0.9629145600154708,0.846867142366812,0.7743556840103105,0.9467606685017496,0.9455177790596929,0.7990382802050137,0.9526453099496137,0.9536300850487727,0.8965925078249246,0.9761577915356112,0.8350525735168328,0.5660507180588417,0.7079527354790457,0.8569662963886066,0.8460756991969536,0.8396306001361168,0.9821603268633996,0.9823756282270233,0.7672268673959912,0.720603540540381,0.7833750399142025,0.4042526151084988,0.7734702479436528,0.7902413162864913,0.7884261714111193,0.7876490895908753,0.7684127771205979,0.7399438587543018,0.7213863250998193,-0.3060139667353231,-0.456520079160804,0.6726113098195408,0.8808460329459773,0.9198143365858097,0.9324616658081055,0.9030778392052747,0.8142029157907709,0.9023054791640893,0.9210186374560051,0.9199813778210774,0.7575998666093969,-0.09765567709244714],[0.9700574188620071,0.986274312371111,0.9909660608557872,0.972237151571219,0.9841876872847793,0.9929306016141219,0.9570064350186502,0.9677372288509495,1.0,0.9827806442108802,0.9872135535195604,0.9895968589398472,0.9713941444481787,0.9797151346233846,0.976301215200175,0.9742548838731256,0.9495286466423467,0.9790963985150825,0.9770311859510531,0.976980499964753,0.9812675210870473,0.9761483422487679,0.9939417780640959,0.9930917583472841,0.9805492130004285,0.9892846851874504,0.9836501249654747,0.990268281416353,0.9906633512951887,0.9688912341107436,0.9275307356500737,0.949120153488708,0.9660568441373986,0.9514448443684956,0.9706976329462992,0.9791474093911172,0.9758016887359354,0.9781631783494784,0.9879400262439604,0.9802980589114957,0.9668119117439831,0.9762878562668724,0.9715592206255503,0.9705188975700573,0.9989939820591179,0.8944063212684907,0.9199583645433279,0.9473020931042875,0.9375437774445515,0.8684823203290619,0.8851562382115686,0.8836069718091172,0.8891019870571607,0.9134194785252788,0.8938786263559347,0.9284118100080854,0.9446776428501957,0.9500752319702127,0.9610683535857539,0.9029715182531831,0.9676494842567622,0.9453936848455515,0.965780131544435,0.9453990323037147,0.9014754875765576,0.9155487581954485,0.9426914419316457,0.9152005705719826,0.878962387303422,0.8827691253938437,0.9673373524318135,0.92006559755834,0.9434897409037154,0.9060522763982176,0.8239404066078514,0.850202313681603,0.7308799086627108,0.8692357260546173,0.8802625862542677,0.8939036130220331,0.8422940292601077,0.8610867551702486,0.4051671030282339,-0.5194921614810133,0.9571923025155219,0.952824186991708,0.9496005899606972,0.9016260527033886,0.9475426294601935,0.9552238656455946,0.9547406630214168,0.9379759438297874,0.9400338809425389,0.8719088111321541,0.7795330863393988,0.9382432164824241,0.9607373503284955,0.8012048255148242,0.9341786711059222,0.9356624799171648,0.8509628374366123,0.9675856627205185,0.741313268792916,0.45575782874751136,0.6493353295966174,0.7738783209262853,0.7749357274291376,0.7520864032544298,0.9668942195609422,0.9669056379828179,0.696401236540142,0.6824542129066653,0.6755192149997844,0.39716099782728054,0.6873264781286555,0.6923074351737739,0.6751804383591082,0.6916928037139741,0.7424232047422851,0.6821607561890348,0.6661271539777145,-0.3474935789219569,-0.4835773071527721,0.6827463388922052,0.8355092834208099,0.8316202563970464,0.8600113977424579,0.8551017311069257,0.7501108398012118,0.8128324356060272,0.8372419468116638,0.8312351785883184,0.7046594885470268,-0.034719382797090755],[0.9965043688804907,0.9918998444096992,0.9930518270220947,0.9969497759317103,0.9985542570469459,0.9828948251340749,0.9996185112232522,0.9999998306964446,0.9827806442108802,1.0,0.9999991360331327,0.9997660297394908,0.9999985283017025,0.9999916262580285,0.9999977788449315,0.9996835971951858,0.9978719317432737,0.9994592034488896,0.9998843527842565,0.9998843654258204,0.9999775038152336,0.9999993208146042,0.9937518352778401,0.9779843451445768,0.9962084741377392,0.9740011311426341,0.9962924818058653,0.9908458905023194,0.9810937203868918,0.9538109249318664,0.9896932558006395,0.9937411361878579,0.9899137876581579,0.9692686056408931,0.9995014953727941,0.9995676083576372,0.9995801868963465,0.9998336659299133,0.9992492032194834,0.9995174833799975,0.9984645711816195,0.9988897707882115,0.9995069571130408,0.9995022807974503,0.9863679734160383,0.9333301161939752,0.9501861932702821,0.9540114334177344,0.9384893501230007,0.8922540687353483,0.9467560558242611,0.9368059372738627,0.9504251670891739,0.9552676175994103,0.9452782439793,0.9787519142998408,0.9785433347270414,0.9914475788596027,0.9966763235697692,0.9729929032766192,0.9602405552272328,0.9729932511598866,0.9717204642792877,0.973472683218137,0.9732442750108011,0.9382695518252303,0.9536415498996297,0.9519077487614929,0.9516292863105704,0.9087102357540011,0.9663347366941111,0.9652584299157874,0.9710485495036957,0.970100893808042,0.9259682071688392,0.8610996746967992,0.8202465688685595,0.8751131978213297,0.9116731969456363,0.8994555416599186,0.9051101760759597,0.9043107791375109,0.7218310062596744,-0.5922071307750083,0.9617772787518485,0.9460104711341023,0.9456369640053897,0.9740640978741218,0.952498046009779,0.9677316354463915,0.9673898361302781,0.9239439902851846,0.9693445100845095,0.9264549826306638,0.7743616698078265,0.9466354074938661,0.9572978674283058,0.7834049309332853,0.9464134794250948,0.9476409265362438,0.8966652645539201,0.9753921713319056,0.8973237815323658,0.464576753145331,0.6845779098915233,0.9031419706700166,0.8548066725754564,0.8989316597902268,0.9821486533380207,0.9823640738027714,0.7672958518526926,0.7206985154372024,0.7704402935903321,0.4043692469471973,0.725948647580962,0.7752148277327532,0.7706983138786557,0.7377196091664062,0.768464725295888,0.7400362240601758,0.7214807836046935,-0.5244786561066689,-0.6071978436916116,0.6728117231672277,0.8809532892598477,0.9194835644805917,0.9364289367373472,0.9031775812170358,0.8108392203949311,0.8976756249133381,0.9131812852057524,0.9126528641566187,0.8031447779283157,0.12859601757853767],[0.9946676837684653,0.9919185822157826,0.9970226588713922,0.9953417676761864,0.9981589226935462,0.9787328528538729,0.9995799081611415,0.9999993175625952,0.9872135535195604,0.9999991360331327,1.0,0.9997657623093399,0.9999963718737565,0.9999948097304756,0.9999983329812779,0.9996669706405652,0.9975463621644391,0.9991980854306342,0.9997860115412107,0.9997860325870629,0.9999984270879021,0.9999983604337704,0.9930109943183888,0.973645247928364,0.9952748688376332,0.9820209138225456,0.9958611408463781,0.990860329956295,0.9832544673744016,0.9463327947148115,0.9888014697782405,0.9931880933478339,0.9836133706846503,0.9442418755061582,0.9992791206498871,0.9993348025130974,0.9992744424346708,0.9998940452907722,0.9992324566087807,0.9992845858410283,0.9979132655139737,0.9984905984917547,0.9992526720484666,0.9992503114181379,0.9885698660670577,0.933034886405452,0.9165849247986662,0.9539570764695867,0.9383949320919055,0.8919419380071331,0.9157514063289822,0.9057907064277722,0.9202424166604373,0.9288848619185555,0.9141395392228182,0.9709693266821234,0.9709452989093122,0.9906807806644747,0.995176821922082,0.9653727584546883,0.960360695772009,0.9610792457721595,0.9623360717468281,0.96253180170347,0.9622764456621806,0.9141513830595017,0.9434572938508794,0.9194608439478127,0.9190571259018973,0.8404983988118595,0.9641262481381111,0.9697026313066209,0.9661344659323792,0.9650398301460902,0.9178741673680253,0.7930504335291988,0.7545806949385788,0.8368421188862305,0.8904172521762648,0.8587541544359119,0.8745350430549981,0.8731900501824714,0.721037790240629,-0.402530859616425,0.9489637171060592,0.9461439841716993,0.9457319980591825,0.9665390425997799,0.9390723549036799,0.9517913815275919,0.9511553740877207,0.8954018939490226,0.9545944136950809,0.9001683153063164,0.7745180893761408,0.9469544710404162,0.9609773142167303,0.6725637143030123,0.9053341823833734,0.908053518860568,0.8533251721442204,0.9848422838197822,0.8410308598076137,0.12464720116088582,0.5347204590056419,0.8532184492388172,0.8195646096944255,0.8477903014659393,0.9855947851996625,0.9856145677467816,0.5235212208039165,0.6324868660424777,0.5307416726841566,0.4042947262456957,0.49736151736011863,0.5419265208795694,0.5320957612841652,0.4695713693594461,0.7568405528225732,0.6040642097676311,0.5650171514799657,-0.4866848023995752,-0.5438272353488769,0.6722275229105784,0.860202005718245,0.8728790493671269,0.9047969669119016,0.8967462482990184,0.6713470506334979,0.8443198049008598,0.86558269279846,0.8648655389289025,0.6117552085413629,0.07597660397855324],[0.9941227525023543,0.9934536957524853,0.9961880589031215,0.9949986900646993,0.9981499007476266,0.9778296941049679,0.999603590910663,0.9997614354005415,0.9895968589398472,0.9997660297394908,0.9997657623093399,1.0,0.9997792295774998,0.9997647730925846,0.9997710385083011,0.9996688525327648,0.9981832238709072,0.9993975383746097,0.9999699338219444,0.9999696373400342,0.9997701695675595,0.9997756302952356,0.9925706026669918,0.9703678793544226,0.994058202911131,0.9826902979079688,0.9948475927688621,0.9933891125822448,0.979377739890102,0.9273117435827104,0.9914130010373863,0.9942179315566464,0.9790765625338881,0.9253287362585532,0.999409922329963,0.9994582275642767,0.9994188041749985,0.9995838919630664,0.9996086550114868,0.9994353305810235,0.9977827655098972,0.9985219619820952,0.9993971759989635,0.9993940229937376,0.9898439735818908,0.928520301304392,0.9027373103115969,0.9510598724374628,0.9374568399471058,0.8919539652044424,0.8803506606475775,0.918381258873825,0.8839791152870431,0.9048992649138853,0.8785703648054032,0.9586148724494817,0.9585997092415657,0.9817929132254116,0.9946095784133983,0.9643022564597092,0.965050881656449,0.9568112846324257,0.960228833240917,0.9594519887340225,0.9592834713943094,0.9143792496689653,0.9349991627752393,0.9052299410418534,0.9051467634488406,0.8242983876951703,0.9630143388445436,0.9651211445983742,0.9651961899373822,0.9645879176541052,0.924594366644663,0.7418279677032653,0.6999868185378028,0.8017711595277399,0.8677797917104246,0.8217924377061759,0.8455786758696254,0.8447318197420305,0.6994815029420176,-0.29189638957710845,0.9433284706992954,0.9487518433174588,0.9430196657570111,0.9651175500890259,0.9394282331177488,0.9470074417406918,0.9461895279923318,0.8932741732311337,0.9494898015502092,0.8968342805832825,0.7255875339463698,0.9444100223535238,0.9388383335704854,0.5414774287402118,0.8488551824710734,0.8534801675599749,0.7478313426853659,0.9784843706635489,0.7239420086509345,-0.2449508008256356,0.270300378634965,0.7477263895146256,0.7032382260073746,0.7414053187726226,0.9796539116582228,0.979747248714936,0.20933063590928896,0.3673307620902602,0.2144735823617791,0.18649032144930264,0.20640503757327902,0.22250153974901554,0.22013778376242865,0.13657088151815053,0.5523259389840491,0.286284600578927,0.23404214290841846,-0.5024177837259728,-0.5483006481187461,0.6730570242544192,0.7556977568840689,0.7794588249938665,0.8431386461631063,0.8251412472727053,0.571032676498869,0.7597544207274355,0.774176854199675,0.773114984518373,0.42843650297589936,0.2662861306438544],[0.9963440743983442,0.9920104108480731,0.9902558320375456,0.9967328292079107,0.9985765686732152,0.9833878403587364,0.9984486745866126,0.999997077850016,0.9713941444481787,0.9999985283017025,0.9999963718737565,0.9997792295774998,1.0,0.9999912142918859,0.9999976844879174,0.9993786025626501,0.9932127557382122,0.9995012355279521,0.9999188619778566,0.9999188365448691,0.9999721554446172,0.9999989720768607,0.9910677653766711,0.9761238405187872,0.9936121457104824,0.9462357164272389,0.9941308899573073,0.9909422402400279,0.9764984181436513,0.9523702682876736,0.9889183287604436,0.9939683572477335,0.992369946779951,0.9726820510623843,0.9995151487438265,0.9996138160968844,0.9997076683367686,0.9997447914713492,0.9992959551278398,0.9995507309760027,0.9983318404108414,0.998912062613463,0.9995870979726555,0.9994562477049419,0.9817670007558915,0.933540531074073,0.9503264982301199,0.9539416069423753,0.9385581494013014,0.8927687803138649,0.9562844416787206,0.9424941555321317,0.9582831775836099,0.957362891484114,0.9475424206988956,0.9800295702575604,0.9787012598062328,0.9909925813795732,0.9969508796604866,0.9468839144492338,0.9603052950328672,0.9684528958202572,0.9717926560273094,0.9703175953584713,0.9499703862254266,0.898681189130828,0.9537965714214977,0.9571322436017112,0.9381314331608803,0.8862556221910219,0.9663728538411389,0.9381531103631244,0.9646666280759345,0.9476443847180489,0.7821801069317306,0.8613635128872333,0.7882215349851497,0.8753648393062643,0.892228666291866,0.8991129505288058,0.8787018652636659,0.8883171151903921,0.3562626674422148,-0.5865563094113369,0.961885372362159,0.9461787013436973,0.9457792367529719,0.951174996344566,0.957185626259463,0.9681726925962036,0.9682767496364455,0.923258216426535,0.9631416455690607,0.8469059493968036,0.7744349256845312,0.946182320340884,0.9450179160691377,0.7991005375156673,0.952658571075823,0.9536355644408665,0.8969372230154776,0.9760177676425135,0.8355449357359847,0.5671441142389284,0.7086105218256618,0.8574459181337472,0.8466116871880246,0.8401167524738367,0.9821002500146551,0.9823157260490726,0.7678466338409781,0.7211240023034259,0.7839883894282206,0.4049041918002952,0.7741435242487241,0.7909363881806706,0.7890531036183301,0.7883618684888863,0.768761573963472,0.7403977607564873,0.7218572945406838,-0.30508619136381576,-0.4556978943419039,0.6730663415245965,0.881375112679912,0.9202908038432712,0.9330049783088005,0.9035665217695309,0.8147779282130273,0.9028950704403498,0.9216059352826872,0.9205586629919751,0.7582881328014545,-0.09869290965876613],[0.9963822225245375,0.9918963289072898,0.992401259928741,0.9968564757808505,0.9985857601540961,0.9838294430000731,0.9994848130242839,0.9999927702925956,0.9797151346233846,0.9999916262580285,0.9999948097304756,0.9997647730925846,0.9999912142918859,1.0,0.9999950839505996,0.9995689179932423,0.9978210837380168,0.9994604031896596,0.9999044099386748,0.9999034574386756,0.9999541291237448,0.9999914695657691,0.9930040519204132,0.9765522192755172,0.9959220732081162,0.9680010473974857,0.9957035152683944,0.9908244999371758,0.9769428621875789,0.9526119335383646,0.9892388362896166,0.9940085873899998,0.9916755922422438,0.9722572765947889,0.9994931266202285,0.9995675642174127,0.9996274395361401,0.99988854371603,0.9992595723852834,0.9994998622364255,0.9981936898514827,0.9988361759249643,0.9995123739918762,0.9995055095275605,0.9842743930364186,0.9334776296688172,0.9500867681136589,0.9539426741379541,0.9384156228848416,0.8922263852984674,0.9509213559756614,0.9353178903084338,0.9532038238338473,0.9567933439124597,0.9468678006682034,0.9784854309007026,0.9783735581772496,0.990280198088185,0.996944034081304,0.9735244815632402,0.9599972149600082,0.9736255764828413,0.9717283364982736,0.974571416588528,0.9743310711437897,0.947115168992993,0.9533666759127579,0.9562327220508694,0.9559259782590334,0.9246961297754352,0.96636383948541,0.9681352969351674,0.9728433826684791,0.971790949508851,0.934694247641054,0.8608252024344827,0.8259311814878024,0.8749117736820359,0.9031211912051611,0.8989544307403547,0.8996705000963184,0.8985385501041299,0.699493410916404,-0.5866407657273056,0.9617990123743078,0.9458811752547676,0.945377631387305,0.974610024455617,0.9571755630029193,0.9680700491235383,0.9681697981594525,0.9233120939569378,0.9690529079825748,0.9347426006747569,0.7742619929937,0.9463924330527463,0.9504151103912984,0.7986598019202691,0.9525115059949987,0.9535121005305014,0.8965367846555206,0.9763991895103021,0.8846935658079145,0.56598541149404,0.7076338089827754,0.8924895738369485,0.8596318290724243,0.8833692576050233,0.9823961862824244,0.9826087031099839,0.7664159395383017,0.7201750298270115,0.8021928857398151,0.40436850668539026,0.7798626078914462,0.8066621648351505,0.801190496631338,0.7879364318090497,0.7685548775412708,0.7387434419705515,0.7202300650058968,-0.39617018838025464,-0.5179199953328744,0.6721495757164875,0.8809495399198694,0.9164713840433322,0.9283695324164039,0.9035116625017864,0.8133663509784106,0.8901349478761224,0.9095003906207594,0.9090915385256202,0.8397163162079244,-0.0654063348069457],[0.9962812415336705,0.9919551224819535,0.9904534077867497,0.9966870425033106,0.9985853360407447,0.9836106971523723,0.9992010116976965,0.9999982554478585,0.976301215200175,0.9999977788449315,0.9999983329812779,0.9997710385083011,0.9999976844879174,0.9999950839505996,1.0,0.9994679932721652,0.9971004305682455,0.9994773744352775,0.9999125450491992,0.999912048912517,0.9999661704020463,0.9999976356294211,0.9912280318485455,0.9763754484798873,0.9952743674342112,0.9595751714477525,0.9950773962200287,0.990899493813616,0.9767497115903437,0.952588033773445,0.9913883883344246,0.9942331465891472,0.992237095089911,0.9724672234037194,0.9994838134017925,0.999575540494082,0.9996843158820156,0.9997605047209803,0.9992635775975907,0.9995073203736383,0.9982702558959609,0.998860965957044,0.9995540336673009,0.9994251683236549,0.9820063561680684,0.9333373774873912,0.9501688612296618,0.9539852882174913,0.9385207258972592,0.8924017249249551,0.9560040181517346,0.9422287842460388,0.9580302998339476,0.9569688141124523,0.9470594124254967,0.9797973555394087,0.9784544094199453,0.9908220292117561,0.9968340221279275,0.9469051215751607,0.9603230672925774,0.9684071476769848,0.9718062406664847,0.9702601113403442,0.9495725218996223,0.8988922123600777,0.9535424062558501,0.9568609943111345,0.9379597869960173,0.8861583499147284,0.9664943415626939,0.9383354541326112,0.9647011204196506,0.9476995593363313,0.7825719263913495,0.86106113735619,0.7880106720285229,0.8751187526682346,0.89216200113297,0.898974868306766,0.87851971562662,0.8881548184889523,0.35646792993982285,-0.586203282175749,0.9618610989032236,0.9461311477874214,0.9457373089045334,0.9497653387053655,0.957239228523997,0.9681251115908287,0.9682246769157339,0.9234312031915436,0.9630779675299047,0.8471255226301353,0.7743798440032744,0.9464827443365118,0.9454229763265873,0.7990435780167412,0.9525754815663419,0.9535641783664378,0.8964117651177546,0.9761741319388277,0.8350815958862442,0.5658741719006579,0.7078395566243273,0.8569734052934349,0.846195862300126,0.8396562818218298,0.9821974096794782,0.9824096616781236,0.7668431635713931,0.7202712873005062,0.7833535758545419,0.404499889712702,0.7734468764662937,0.7901608226000161,0.7885782302701998,0.7875494168744235,0.7683340475208109,0.7392150343451827,0.7206916339122986,-0.3058295130938435,-0.4563312850940321,0.6728452081925707,0.8807532618147305,0.9199339942603287,0.932499622352042,0.9031191695931308,0.8139982591100949,0.9025033087946015,0.9210511646386268,0.9201299818232829,0.7576907350550995,-0.09792031864995858],[0.9977230341561077,0.9940784825107227,0.9898974716992669,0.9979815337220123,0.9990754781235033,0.9832034839000697,0.9998926051017283,0.9993311606812172,0.9742548838731256,0.9996835971951858,0.9996669706405652,0.9996688525327648,0.9993786025626501,0.9995689179932423,0.9994679932721652,1.0,0.9984217802862231,0.999852629874852,0.999555514177722,0.9995602648605042,0.9997715459657751,0.9995415392349095,0.99087114549568,0.9753389118197093,0.9939385911286396,0.9521215461709016,0.9935914602091488,0.9924253739499085,0.9749429075406298,0.9531950022422733,0.9918134535014861,0.9926701573364739,0.9931175843366451,0.9745989963844908,0.9992798846246924,0.9997362969899131,0.9997205659434231,0.9995758608108416,0.9996068979557227,0.9996920853002838,0.9988560141449143,0.9995885251178255,0.9995139151426878,0.9992765064642747,0.9806026481318091,0.9320406641675161,0.9522752285134717,0.9509061860005552,0.9393223971658395,0.8991188093152258,0.958080963327937,0.9468046844401713,0.9603943980307985,0.9611499778123759,0.9513195439226806,0.9817950777688778,0.9804998701853256,0.9917889487110612,0.9963546155507506,0.9515764759080825,0.9639901177430632,0.973454494471821,0.9743884334114411,0.9750405770135622,0.9524416400023167,0.9046684292292579,0.9569867957046507,0.9622493510452867,0.9429639242741517,0.8948223609350463,0.9690259146291949,0.9434504085656423,0.9691741699849331,0.9521240043588212,0.7915917502509288,0.8666617508952443,0.7927815736809435,0.8807961429625945,0.8974579386998085,0.9019725321671797,0.8825128606583006,0.8934982508693138,0.36893340584918466,-0.582821504431019,0.965196234170115,0.9510820033315717,0.9504592270458252,0.9539200481016463,0.9611746017323973,0.9713610389087302,0.9714452688649862,0.9276441368242195,0.9684033442393404,0.8551556974764097,0.7761320173181251,0.9372608707792007,0.9375579035805008,0.801898611378634,0.9526437337170884,0.9535219733682632,0.8966084492547487,0.9727463677719095,0.8343665192411261,0.5754650364603294,0.713170113