var element=document.getElementById("correlationAdjClose");if(element.style.display!='none'){var correlationAdjClose={"data":[{"type":"heatmap","z":[[1.0,0.9999932297173204,0.9853552370516037,0.9999261615863039,0.9990744718192096,0.985842323964875,0.9978412679803035,0.9959530455895148,0.9691931596655843,0.9962827713317158,0.9943178189660207,0.9938499726780825,0.9960758662902789,0.9961085419128559,0.995999948269066,0.9975784967466476,0.9978380949059985,0.9983498303527767,0.9966127179366085,0.9966232793017304,0.9966795955861217,0.9960309383547725,0.9870923499778567,0.9710830052822121,0.9895706151167079,0.9560965171355194,0.9885440352180953,0.987061872402261,0.9672554371635536,0.9507686735971425,0.9930352412902181,0.9941241485340077,0.9921812126021965,0.9764210330339899,0.9977465383802326,0.9979861321687663,0.9974955627136864,0.99613133428534,0.9957444610625534,0.9978717503195941,0.9987554042959033,0.9988012570934076,0.9977021483375915,0.9977112545115231,0.9767440535600067,0.9130244700231392,0.9483230917139167,0.9171274977011961,0.9180551081520134,0.8988510229182612,0.9634942903059722,0.9471861028499328,0.9651389137503302,0.9652910722521205,0.9555641035596338,0.984541070672298,0.9815439640507216,0.9903737639575959,0.9944940641786141,0.9863759305410448,0.9818887121049386,0.9879459678838846,0.9859882935007853,0.9885110664206572,0.9883136642765775,0.9651271512575118,0.9735343790737003,0.9750787469126397,0.9747535527846829,0.9518843252734406,0.9798703360875873,0.9772379651978892,0.9845773687973326,0.9838325135600667,0.942005917693807,0.8834225842582342,0.8501642011121813,0.8997964185342687,0.9188345119020552,0.9156946168214359,0.9167940245704879,0.9154440773394424,0.6820491052590364,-0.5629234084537336,0.9803715277044474,0.9751971067306929,0.9718699062777459,0.9871140577367263,0.9743589321562456,0.984256065696869,0.984222841218408,0.9494753447411053,0.9843726986273722,0.9526713715434547,0.7569888139779033,0.8995726322713413,0.9258770517010081,0.7906904582862657,0.9488961518630663,0.9497095618658354,0.8991859633222766,0.963919855157988,0.8962377640227277,0.6117389204341391,0.7193855720773801,0.9030465749841138,0.869750619007684,0.8940654537203675,0.9732787420834874,0.9734583828341892,0.7806242587465365,0.7301910270431282,0.8250788658144915,0.40386142693657917,0.800982096566078,0.8293750541522867,0.8246160163032867,0.8155672042071952,0.7742600227200188,0.7497733507746269,0.7320807312595866,-0.2663549224076985,-0.40529504469168637,0.6613921293700304,0.8945486254735995,0.9375055954091326,0.9441866653027239,0.9117127364154092,0.8271682040537542,0.9113278203943695,0.9308739270188826,0.930733914503417,0.8652151613746389,-0.1795235746416382],[0.9999932297173204,1.0,0.9871051870273757,0.999819578801166,0.9981296217231465,0.9900912260267809,0.9943537961217657,0.9911980426228255,0.9837869269270466,0.9912185544907876,0.9912238624140841,0.9931038516016406,0.9913666233072694,0.9912184173818075,0.9912847482577704,0.9936416963024642,0.9964315890734495,0.9960557070425958,0.9938760653891242,0.9938764756090536,0.9912785342295509,0.9913260394512392,0.9910758641057738,0.9715778403782623,0.9878745402558361,0.9806859732129113,0.9877331391027878,0.9869601895657303,0.9791670256671482,0.9280534188154118,0.9884270462024489,0.9858227078829493,0.9787063541341107,0.926452771209449,0.9955199479362826,0.9954045473610731,0.9956487134609078,0.9918635329988316,0.9950961641348325,0.9956514955731388,0.9970041923760312,0.9971336721248371,0.9956302431780268,0.9956374324630763,0.9891147546126209,0.9127495875875736,0.8842898261559945,0.9168115282144497,0.9179777324489728,0.898826054785733,0.8739258060531605,0.9191609563415224,0.8768816012439791,0.9052147902511942,0.8733567202519177,0.9535871246310459,0.9535493689373502,0.966177113125453,0.9838759489917189,0.9807727617088993,0.9835044432384807,0.9789280026870409,0.9788787127158929,0.9809511720139573,0.9808803748090638,0.9490232931187086,0.9584946245151498,0.9336652135262886,0.9335949822811285,0.8589717026643062,0.9770818450527136,0.9788063732726402,0.9790058376807145,0.9785841224662202,0.9485726585577013,0.7412796396683796,0.694165027188355,0.8125889763993184,0.8835725951047451,0.8312075916364112,0.8581117164062522,0.8567257350024667,0.695911378058393,-0.23487814318544858,0.9675556253203024,0.9723148122994966,0.967360284611616,0.9814259869941274,0.9653716449655547,0.9709722874934749,0.9703025669113805,0.9259331301883176,0.973097244986771,0.9297044050644574,0.6609354957761702,0.8989438384275711,0.8964661592752212,0.4432462805831156,0.8089071184733545,0.8141076587734262,0.7284624267455646,0.9649846452555801,0.7007999426175637,-0.27854221051080363,0.19895839042879876,0.7286061365732724,0.6763247506917994,0.7208617426791293,0.9665279087637507,0.966464880219475,0.10000142894568281,0.2702602968972409,0.10599834532174257,0.07841055044164111,0.09998793083670979,0.11526430649570675,0.11199371395564726,0.0343751888161814,0.4704173578700743,0.2021840905493824,0.15153896241882808,-0.4418397718602595,-0.48463536242951993,0.6615639348904034,0.7511665915691693,0.7754485575514036,0.8348711483259833,0.822769309497081,0.5636194657938054,0.7473566583093433,0.7699575854074926,0.7687212110881286,0.4200498160772353,0.19330176647551578],[0.9853552370516037,0.9871051870273757,1.0,0.9867809242932484,0.9931006530208805,0.9912073538830016,0.9901718024864318,0.9907725509734996,0.990395696450991,0.9935501689724084,0.9975804915156306,0.9966744632565551,0.9906476510831375,0.9929479446279582,0.990832035588875,0.9902341379827474,0.9909088320132854,0.9903246921552534,0.9894708912657258,0.9894496596521697,0.9923978979988723,0.990667610336075,0.9944330756564659,0.9827974180786823,0.9912501416873516,0.9799072614861337,0.9917694686779034,0.9860231089977266,0.985215368841121,0.9561031279353066,0.9703013159316999,0.9743765988003522,0.9761897356390636,0.9513138122911572,0.987455492838578,0.9905474831412677,0.9889125195397374,0.9924998563449339,0.9948730011305147,0.9913266008588448,0.9852765898675949,0.9879995313241223,0.9877781083418274,0.9871580673155081,0.991720791518882,0.9087719466177533,0.9313459894984151,0.9326255764362674,0.9105023138918885,0.8504345119439263,0.921944039335532,0.9019633054585967,0.9244699869657534,0.9256368603454669,0.911651457574821,0.9499985826084921,0.9581240918909386,0.9666592663131905,0.9784809320204517,0.9373144890210352,0.9610835379052625,0.9607021848525287,0.9675660646598185,0.9610024940222768,0.9353147545883557,0.9165457074558631,0.9413779440879845,0.9323948506751631,0.9140703991325191,0.886184595316061,0.9678545694975275,0.9458717046582231,0.9607012705712102,0.939500318042724,0.8126648340713197,0.8356446669204554,0.7557966515738583,0.8549121020034163,0.8865215972959981,0.8872607203449506,0.8550387611308281,0.8693513806497879,0.3758086915400517,-0.5552240218722553,0.9569878128375517,0.9413844043216026,0.9416692413385425,0.9374766775348367,0.951288535145571,0.9599953393357952,0.9595690589409546,0.9289761189465402,0.9553238407991556,0.8682709816219335,0.7377670935422123,0.9476695475017349,0.9471217761088694,0.7632088586722122,0.9345901830419673,0.9363893757028562,0.8719875684004494,0.9800112794535454,0.7770234810104536,0.5164337307067005,0.6613099063629427,0.7973269294502716,0.796053109312427,0.7785511460975932,0.9827819912280206,0.982836510258526,0.707074795337159,0.6728653880817209,0.7114565509767435,0.3458722534652722,0.6992424806545042,0.7129995882955393,0.7280770734185986,0.7108970399006019,0.7337620139273195,0.6814810566267877,0.662443933050392,-0.33170501659680846,-0.4703095746102588,0.6248245832730213,0.8549708419948631,0.8853096603869238,0.8897320380838005,0.8835287587353258,0.7583787048449426,0.8614039290218716,0.8741959424607757,0.8817879360327061,0.7356447410402179,-0.10155707348246186],[0.9999261615863039,0.999819578801166,0.9867809242932484,1.0,0.9993343928389267,0.9869705230180477,0.9981100655974626,0.9964079732346232,0.9714929613609258,0.9967843811730599,0.9950726532746323,0.994865396023805,0.9965126241539857,0.9966368152943577,0.9964541448416383,0.9978734037305869,0.998186430249141,0.9986317587142716,0.9970114691300075,0.9970194098618208,0.9971074432397651,0.9964721008495597,0.9883191809881736,0.9725102522693779,0.9905807022533968,0.9587867316335913,0.9896635114459897,0.9887108686692753,0.9693161951755014,0.9519899268790435,0.9923737372027733,0.9936565199008476,0.9921145336814823,0.9759513694366713,0.9978499056413471,0.9982058346686733,0.9977456786294505,0.9966235907173867,0.9962645559014294,0.9981247596355511,0.998662398894161,0.998895173276679,0.9978001756231104,0.9978063027618208,0.978615419426635,0.9088563051731833,0.9460835921586748,0.9177458559257737,0.9164395548927552,0.8914586216572219,0.9605020259071756,0.9437991233350701,0.9620493635226677,0.9626864557192861,0.9526656084214993,0.9824105329455924,0.979975449989267,0.9895054874342498,0.9943317759309959,0.984884942634821,0.9807146886385034,0.9866364665452806,0.9853584740418071,0.9871209545101138,0.986915812514765,0.954364565967676,0.9722385582169496,0.9735378577639769,0.9732092498972025,0.9464087066788704,0.97939822442474,0.9742471650868695,0.9830798207154189,0.9822972889350807,0.919834257039191,0.8817990830120861,0.8461172808311658,0.8979737953195353,0.9158835235575908,0.9151495138184608,0.9142556379805824,0.9129512722840717,0.5869417113900552,-0.5625426039904805,0.9794917445830968,0.973850164662171,0.9703418397072928,0.9856259504649315,0.973543049764643,0.9834402692484303,0.9834003216468248,0.9489730671203426,0.9828784298074118,0.9363824512152289,0.7612578141382925,0.9056087213187968,0.930075454130462,0.7924116712016551,0.950240159121339,0.951083333662796,0.898715089916997,0.9652329185748921,0.8900263314910659,0.6080374407059035,0.7175589404668722,0.8974830952946238,0.8660526970714764,0.8882272754515569,0.9741753550743303,0.9743621223935031,0.7793743630215637,0.7303668387702508,0.8170554785111196,0.4057555383246751,0.7951518592422954,0.8210716131997154,0.8162386825579473,0.8101067877351211,0.7766540547577471,0.7496031059369612,0.7319929642780094,-0.2617520820056133,-0.40456364147700924,0.660354533905332,0.892516874829067,0.9355319510662609,0.9422802866484482,0.9103498474689448,0.8242582686634574,0.9092108470543999,0.9284978371011275,0.9285124072891043,0.8577252753543417,-0.17230620859017556],[0.9990744718192096,0.9981296217231465,0.9931006530208805,0.9993343928389267,1.0,0.989852580070407,0.9991009575645732,0.998499385718829,0.9840916611555313,0.9984992261685599,0.9980672848420128,0.9981030610624255,0.9985325420957248,0.9985319304570167,0.9985320973492444,0.9990469950871314,0.9986467344025793,0.9992899514398161,0.9988695580745621,0.998868584698183,0.9985957964656311,0.9985225255837226,0.9943508134097767,0.9801427998566349,0.9947326614009213,0.9765176548931863,0.9946905186262734,0.9915212525258531,0.9824148805906955,0.9552074137641408,0.9891708263793801,0.9918559909208766,0.9891595538641603,0.9673529495467909,0.998953246202963,0.9990006585363156,0.9990132170218189,0.9986135860460112,0.998647232702442,0.9989905663699689,0.9989660375493213,0.999192823257642,0.9989507182217744,0.9989495892269386,0.9884596201277779,0.9191019401960226,0.9451367190461777,0.9304281620044702,0.9212561783532829,0.8864990937721378,0.9459752414700935,0.9364161935024393,0.9502004919972026,0.9554731271549591,0.9448018591640142,0.9792150207975698,0.9791557729534719,0.9892232149107443,0.9942098645559379,0.9815723116036492,0.9752674406788069,0.98229787618426,0.981539242508879,0.982645442530711,0.9824066665005171,0.9555649209730368,0.9635056475623812,0.9582866025356964,0.957880586591983,0.9192412525079542,0.9767151105442533,0.9731612779491828,0.9791466702512308,0.9783056223765317,0.939232133563501,0.8606477287742313,0.8207741197993444,0.8825249161014319,0.9201764371848818,0.9038452537110747,0.9113378480054338,0.9101798600296889,0.7374506988268239,-0.5777674307402775,0.9732199164568658,0.9636436608674422,0.9610316441473745,0.9825338873461423,0.9640273023948672,0.9768934360803837,0.9765008225137173,0.9402018037023302,0.9785676847114245,0.9432762652767029,0.7502733943124735,0.9218325411748636,0.9504420245125765,0.7524643125410249,0.936645389867736,0.9382081330368117,0.892573363401961,0.9704810300529866,0.8864571838308003,0.45010548351478386,0.6566085724074702,0.8921983945564597,0.8385844686316317,0.8872530404983328,0.9778534604139625,0.9779968258289967,0.7422810120419083,0.7130933298435934,0.7461654801993687,0.3829365126916853,0.6938359691681316,0.7513717201246708,0.7465665640799101,0.7091285871321673,0.7626092250009968,0.7339307715460084,0.7154234078257478,-0.4721090405328035,-0.552590688472842,0.6537071568972749,0.8864811892428432,0.9209680790087413,0.935701014727123,0.9077192592880131,0.8040255311035183,0.8956999836029599,0.9145350046403242,0.9140903668149685,0.7937275495516902,0.037327787988816113],[0.985842323964875,0.9900912260267809,0.9912073538830016,0.9869705230180477,0.989852580070407,1.0,0.9854153525564422,0.9860999751657591,0.9919871972348933,0.9854605461660251,0.98084859290147,0.9796590308866551,0.9859891811512451,0.9864621487865389,0.98616999974667,0.9858151206283233,0.9889753217188676,0.9870580359608304,0.9869018466772788,0.9868927331964693,0.9849923101149562,0.9860762101848896,0.9956962980245113,0.9929801542761946,0.987139713780086,0.9857132642594351,0.9872877585825411,0.9764293775915155,0.9875271603948669,0.9719400935453462,0.9649837109092437,0.9702917480021667,0.9782857260925657,0.965936413998876,0.9851391413173034,0.9854581862224154,0.9862849745133181,0.9867817336871747,0.9805740349114346,0.9858685706450309,0.9842934772846941,0.9859516214218751,0.9852949444951735,0.9852972491904765,0.9957245784744577,0.866880747220629,0.9249484030167496,0.8958091802000065,0.9086789747723256,0.8717611893054532,0.9207395248689918,0.9088639334951084,0.9231566661019255,0.9356714833693981,0.9187795829394552,0.9532294047424594,0.9581272253045752,0.9636601923897334,0.9737558680674857,0.9697498684865128,0.984821980952408,0.9711772058580606,0.9831343893425818,0.9707883897738552,0.9702286216681578,0.9744248668352669,0.9662823077756627,0.9462511057057272,0.9457210475476392,0.9420525600073567,0.9813135703605118,0.9738580570100368,0.9709725949831414,0.9695579038674469,0.9599057600007598,0.88210928880179,0.8349568073248538,0.9002458246579298,0.9115474869707857,0.920554025733296,0.9019016809576305,0.8997049489744975,0.7102986905329952,-0.5162134666294395,0.9790065913426177,0.9793886921031695,0.9751490413143268,0.9707097526221532,0.970754847646227,0.9780467541415863,0.9776432775721438,0.9651271880806601,0.9674035631964039,0.9640350375608788,0.7620754880215044,0.8778808345721189,0.9496273067476678,0.7986902441291088,0.9391949037785752,0.940288786385959,0.8696901151388754,0.9592417348594874,0.8397346183452433,0.5410634694387907,0.686000734336891,0.8490941110996344,0.8216460784260022,0.8383172166220972,0.96024978164962,0.9603219845482014,0.7360855999180762,0.7076449608391259,0.7551023928873088,0.40724914355868086,0.7433019398320935,0.7606641185074893,0.754452907694409,0.7504619803310996,0.7599607238117922,0.7139904511277738,0.6988902414041147,-0.2901048136691249,-0.42004000657039614,0.6735404305915391,0.8655836495849545,0.8833393429654393,0.8952354521577672,0.8779067982057104,0.7883264622772013,0.8557128661663905,0.8750668917858627,0.875163301950926,0.8175217695808811,-0.139968527708719],[0.9978412679803035,0.9943537961217657,0.9901718024864318,0.9981100655974626,0.9991009575645732,0.9854153525564422,1.0,0.9974203278971939,0.9577281268871068,0.9995854965303578,0.9995277815766791,0.9995421245169808,0.9983394637941949,0.9994502291378327,0.9991393978313571,0.9998873639845292,0.9964012675788652,0.9999025213194926,0.9993436846996556,0.9993486333031719,0.9996962091909718,0.9992913139300785,0.9908280729211628,0.9748542487654538,0.9853285291434802,0.9258881522209923,0.9932429299547239,0.9909544992578827,0.9734096371939778,0.9493942933600145,0.9916424854970418,0.9917306536424904,0.9931718732326993,0.9733233197529365,0.9989562686621933,0.9998422813766622,0.9996978250943005,0.9994587523083065,0.9997431878479424,0.9998254416873402,0.9984363277745042,0.9997196982753519,0.9993552538255247,0.9989935861477903,0.9813806137154827,0.9268178281817271,0.9487398033360936,0.9414771177964846,0.9305639465148035,0.8867042647457618,0.956828583014371,0.9434480378555011,0.9590884562537629,0.9597187076408994,0.9507641094152931,0.9812687745813221,0.9802435005727078,0.9913993345875275,0.9963748326734618,0.9473696785348301,0.963108092026888,0.9729708862604738,0.9736261981826673,0.974576425144093,0.9473782977302581,0.9038800469917597,0.9547008614485641,0.9605990344639848,0.9384620187553157,0.8933052553613523,0.967033567929585,0.9392162201078599,0.9673989657142475,0.9477211400612991,0.774521485035099,0.8548257641372758,0.7770036115774746,0.8700910558416852,0.8894784274962322,0.8940220877436411,0.8726453395523689,0.884792640484802,0.32670360528987313,-0.5961703610641826,0.9643934731145962,0.9495249780981669,0.9483223377914619,0.9490662356969304,0.9605508390576792,0.9708955833973969,0.9709390148485734,0.9301779239726755,0.967446472057103,0.8471012751015278,0.745245320507548,0.9223730609912618,0.9296845347421797,0.7810354076836864,0.9483023379386302,0.9493209791105398,0.8956306572716178,0.9698420218200416,0.8321199949180897,0.5993311231041742,0.7092990950213013,0.8550304944181457,0.8459761197706591,0.8365657205999611,0.9780027829936773,0.9782014065717385,0.7687231057776238,0.7102836237955041,0.7821724012959479,0.3776691256142605,0.7731916262165236,0.7933536272917556,0.7889501893520693,0.790799101419778,0.759247769904694,0.7394046651449332,0.7200294239132076,-0.27750244245603783,-0.4276951155445617,0.6706594010502568,0.8896560564540742,0.9252836369671595,0.9417087489222166,0.9126232644232842,0.8241557934449791,0.9101738658287999,0.9304750105415193,0.9291803549418173,0.7757538877997516,-0.1378529415469739],[0.9959530455895148,0.9911980426228255,0.9907725509734996,0.9964079732346232,0.998499385718829,0.9860999751657591,0.9974203278971939,1.0,0.9687372237025438,0.9999998197813365,0.999999257708698,0.999724697076058,0.9999970291159939,0.9999921050703334,0.9999981163702605,0.9992753999678641,0.9909234906939952,0.9994114083395104,0.9999028448693162,0.9999024408855148,0.9999623335898409,0.9999987264324315,0.9911747248046026,0.9762832214760184,0.9925079049835736,0.9400537881800534,0.9937458341796419,0.9889198743950068,0.975603920768984,0.9485309223017365,0.9879242466680989,0.9938143627819241,0.9916407856205606,0.9700234471907464,0.9994527011662194,0.9995421384771361,0.9996538998412816,0.999726136065203,0.9991170598239805,0.9994680701676572,0.9981316609917938,0.9987407933123187,0.9995235860953272,0.9993857134656157,0.9829881642840194,0.9266639062467532,0.9458631126594016,0.9458456223483166,0.9285688810267683,0.8748076747106983,0.9551042512395646,0.9387493465334783,0.9569847506939505,0.9537176064512907,0.9445163262761928,0.979224747810159,0.9771723721582877,0.9903397686592709,0.9969700735381305,0.9422531930034928,0.9586183696227227,0.966295624614685,0.9703837260169436,0.9683057557097291,0.9455932052422769,0.8955885988558882,0.949716069372219,0.9535950515704952,0.932902257341575,0.8805432957324948,0.964152888795594,0.9328059710980616,0.9617406073478075,0.9429604161993949,0.761017905018822,0.8463952045474064,0.7724334919207069,0.861737148984153,0.8820084215446864,0.8891976313068308,0.8680930435712458,0.8777547981720518,0.30848639856593313,-0.6008275956399527,0.9599868028268483,0.9423860334916524,0.9418852898273523,0.9470450909361124,0.9556465008491875,0.9665626717515247,0.9665952584129063,0.9249211630074603,0.9603378993668104,0.8352347335569701,0.7419248396057094,0.9376287730833303,0.940836801471638,0.7769966193139106,0.9479778691276086,0.9491569002839706,0.8930622238402738,0.9739911297464002,0.8352520803369672,0.5850088792360144,0.7003619260399351,0.8561708664542403,0.8428398090842306,0.8389128667261283,0.9805942683683422,0.9807972991593195,0.7595149107914475,0.7022739602903957,0.7836188602403794,0.36457496763346686,0.7680040320362875,0.7888302656841739,0.7895141625448793,0.7851925851989016,0.7527508459650297,0.7334478542288397,0.7134676621011348,-0.2935637125344963,-0.44273080195936604,0.6557566685367738,0.8818557312949886,0.9228182886519302,0.934089515342417,0.9066979588027624,0.813205837007299,0.9037018801573058,0.9241746315021063,0.9231617913611091,0.7565203876936721,-0.12068681548635544],[0.9691931596655843,0.9837869269270466,0.990395696450991,0.9714929613609258,0.9840916611555313,0.9919871972348933,0.9577281268871068,0.9687372237025438,1.0,0.983728135212043,0.9877716126740848,0.9898248669219288,0.972440524966963,0.9807540994509734,0.9773620252093118,0.9751477532627563,0.9489281877635117,0.9798685942652525,0.9780977817040069,0.9780644045418163,0.9821981729523575,0.9772423297185154,0.9940234073385906,0.9921269974578357,0.9816279829645559,0.9878440773266483,0.9846122998477779,0.9892218587498818,0.9899852942258746,0.9649994683834664,0.9287902503072203,0.9503572041322715,0.9654997632445493,0.9473788922051782,0.9717965048339238,0.9800737332816559,0.9768889411539823,0.9792592641769777,0.9878575043690737,0.9811735347515255,0.9676046498681268,0.9769015351952139,0.9726298993700699,0.9715876354761502,0.9988996876331632,0.8849928939006745,0.9151875116988247,0.9353405043503651,0.9238510129054506,0.846043295407963,0.8855114842289712,0.8796545572810212,0.889224911243563,0.9090048215424668,0.8914252360606081,0.9291448792658765,0.9442304719484498,0.949854353975185,0.9628990784796884,0.8955702404595373,0.9618155162777794,0.9389359566106991,0.9607268277980664,0.9390211148010146,0.8935051956581324,0.903470820086519,0.9339496239606814,0.9066634234033342,0.8696004802484927,0.8663737833991192,0.9620105446200619,0.9115052415439546,0.9376492413627431,0.8985617448094371,0.7968658133510034,0.8271574539599704,0.7096074999566491,0.8485623002330814,0.8661026212372891,0.8796308453342313,0.8280274183551884,0.8466078744190434,0.350569856706753,-0.5421033013325987,0.9505053191506091,0.9435673864399245,0.9402588031585424,0.8948721969290422,0.9398492320637887,0.9488950235999402,0.9483011525759477,0.9303604130908109,0.9329680993406728,0.8520303335401065,0.7441566972606662,0.9290676380748429,0.9563508633823047,0.7710999100255886,0.9277346859246391,0.9294909582250586,0.850015317568014,0.9677887424651557,0.74413300214384,0.48063402938619104,0.6428892275366078,0.7756773087841948,0.7736756040163969,0.7538367266007892,0.9673012922075482,0.9673201098811895,0.6883954083452765,0.6621179446390125,0.677405417184895,0.35325663003922053,0.6817693748908695,0.6921370859542442,0.6781885450027149,0.6900405918603884,0.7270880168751407,0.6769529999902112,0.6591616257247054,-0.3390299188974762,-0.4741012156143269,0.6710758529801893,0.8414218306921573,0.8391856453620123,0.8656396943474765,0.8642335380464582,0.7526949591627334,0.8176305289503918,0.8450316361538632,0.8390599571800746,0.7088259318133552,-0.06115895714263767],[0.9962827713317158,0.9912185544907876,0.9935501689724084,0.9967843811730599,0.9984992261685599,0.9854605461660251,0.9995854965303578,0.9999998197813365,0.983728135212043,1.0,0.9999990912014108,0.9997299227644881,0.9999984836285274,0.9999908034533364,0.9999976032386468,0.9996526954182909,0.9977246016748688,0.9994046587194069,0.9998732807454824,0.9998732184426294,0.9999754376838963,0.9999992550648092,0.9937595846637397,0.9776841127513352,0.9958364568142279,0.9736608592470993,0.9959302991820024,0.9888948895394841,0.979872114083384,0.9496422220099735,0.9892201912278111,0.9934562448635164,0.9889464895447795,0.9662294260005622,0.9994638014443823,0.9995322405145768,0.9995430363254898,0.9998175862917503,0.9991315977400306,0.9994759238136416,0.9983139985154198,0.9987783072178166,0.999466158562869,0.999460975211496,0.987237643262461,0.9267062027564769,0.9459007661364321,0.9456853824563615,0.928379821716211,0.87496249356273,0.9438339010242108,0.9309000328543923,0.9474565069107014,0.9516041841706829,0.9422584875193056,0.9775109282064552,0.9772063785088968,0.9907702960697047,0.9967316761694403,0.9714090349595601,0.9585154282041125,0.9722094232975795,0.97032692876014,0.9726441377552417,0.9723669279869043,0.9432372792167848,0.9496279117884675,0.9485277567017352,0.9481721275624687,0.9077449211086618,0.9640637723893812,0.9634228044542021,0.9692168794732215,0.9681863699111667,0.9258188787561086,0.8464537791437547,0.800691325369899,0.8614941128397599,0.9028319801039754,0.8890069616644172,0.8953838148546475,0.894470273444879,0.6885591875232722,-0.6123761464075614,0.9599235088081036,0.9423994276320155,0.9419065402730167,0.9726081099009273,0.9507782413579294,0.966124017292963,0.9657118921497178,0.9254955170964507,0.9680389632330063,0.9288871054276587,0.7419435815969857,0.9372925545473632,0.9533000626262458,0.7582101090069174,0.9408267687253242,0.9421905383732064,0.8931331820716912,0.9730801530950326,0.8941717551450512,0.48662940983673914,0.6743558727063224,0.8998692402207736,0.8469063439120031,0.8951365020884862,0.9805452510653887,0.980782826153246,0.759582807046965,0.7020350710693263,0.7627428434369338,0.3647104833730024,0.7119363913779357,0.7679014868233064,0.7631413319504393,0.7285928700512916,0.7524794222972869,0.7334212055697724,0.7134177595936503,-0.5181535040035102,-0.5994408660317705,0.6556711889608344,0.8819886191545057,0.9225694809136977,0.9373211399937617,0.906882243665517,0.8094050491629964,0.8966460351054086,0.9159050751937977,0.9153582399322012,0.8051246814407872,0.10539517097868864],[0.9943178189660207,0.9912238624140841,0.9975804915156306,0.9950726532746323,0.9980672848420128,0.98084859290147,0.9995277815766791,0.999999257708698,0.9877716126740848,0.9999990912014108,1.0,0.9997299310986814,0.9999962122820599,0.9999944043809145,0.9999981848019394,0.9996295190672656,0.9972837520408109,0.9990971389738876,0.9997599095814607,0.9997597131406627,0.9999983325498597,0.9999982009908145,0.9926181469006724,0.9717113212052408,0.994738802337447,0.9812300217997119,0.9953767084104872,0.9889120205786943,0.9813854918988336,0.9394110097305336,0.9876155891161958,0.9924865291080974,0.9816204754661813,0.9371581960478238,0.9991936264236185,0.9992547735092877,0.999185810179975,0.9998841764695354,0.9991122278875266,0.9991965744720409,0.9976438312579228,0.99829875299772,0.9991610456725579,0.9991581635158479,0.9890304129149997,0.9263836900294863,0.9071451467854175,0.9456104360342042,0.9282476663460383,0.874584900914909,0.907036806982083,0.8935289286909748,0.9120783087467433,0.9201145384401206,0.9051697710955875,0.9679425476943593,0.9679116348412304,0.9896906005257522,0.9950180846507432,0.9632010126762248,0.9586131676195672,0.959723252648525,0.9596354487547448,0.9616166085709507,0.9613338819313166,0.9172682362592506,0.9384285902650729,0.9137547364481385,0.9132369724676741,0.8311722067824013,0.9610898092869065,0.967621941689389,0.9635452297964252,0.9624095563459093,0.915258203066285,0.7636893530436709,0.7189667899519003,0.8146103817816179,0.8758343644014165,0.8393726233473631,0.8575605219111588,0.856021164802586,0.6790593351617306,-0.4385019187395462,0.9451626140099832,0.9425036113153582,0.9419738173049069,0.9645616930239918,0.9360166374080879,0.9485508600794845,0.94782980154228,0.8921341428839733,0.9518791588919283,0.8983198763743668,0.7420892796539071,0.9376755237882769,0.955841905754658,0.6240101259270797,0.8924951917766176,0.8956036527512766,0.8471977744626505,0.9839430541772587,0.8347058212605647,0.15352636056681015,0.5182785157709663,0.8471603976890522,0.810101546524476,0.8409895469899882,0.984667449425514,0.9846811962349942,0.49345967506104416,0.6040466747933226,0.5008661479227865,0.36460544405548145,0.4643839318230307,0.5137948493169133,0.5027997364099698,0.4391404062388978,0.7390562085752939,0.5822711176658929,0.541532004145718,-0.48389618543687624,-0.5376747836510001,0.6550171299635499,0.8601981125528352,0.873110316857666,0.9020386964641433,0.9003582832383512,0.6550419344655674,0.8351562298913862,0.8647615600179657,0.8639739368563217,0.6058753236182486,0.0438755854394943],[0.9938499726780825,0.9931038516016406,0.9966744632565551,0.994865396023805,0.9981030610624255,0.9796590308866551,0.9995421245169808,0.999724697076058,0.9898248669219288,0.9997299227644881,0.9997299310986814,1.0,0.9997449631001855,0.9997281118004222,0.999735650283131,0.9996278915179768,0.997923772124973,0.9993113072601346,0.9999654879542937,0.9999651511912944,0.9997345848015248,0.9997410972965259,0.99178993412693,0.9666196660803337,0.9931920947087262,0.9811732020817187,0.994082573402958,0.9919860372347593,0.9762938367172643,0.9156605137507519,0.9901621146961732,0.9933955549128032,0.976283420520362,0.9136905356643442,0.9993198038842362,0.9993758420651293,0.9993294571669383,0.9995255025984655,0.9995494102022221,0.9993486812622138,0.9974371501595692,0.9983030896468391,0.9993046521019014,0.9993010744607805,0.9900020367815184,0.921219650944304,0.8913013259597032,0.9423804682294471,0.9277644824087141,0.8746843333748058,0.8657567777473788,0.90663163689374,0.8700849575798059,0.8908134597036009,0.8635396636086928,0.9537964418522165,0.9537704811749343,0.9792718554257918,0.9940309320147963,0.961680636311962,0.9631947512432869,0.9550940310541376,0.9569720681732476,0.958485227216747,0.958328161774786,0.9169455323680802,0.9290538407173856,0.8982314487108255,0.8980977536867181,0.8102048977640076,0.9589965102081017,0.9616090605501696,0.961731727783653,0.9611688092465324,0.9208390324678144,0.6946949803664421,0.6440374693724664,0.767647847058637,0.8460343322583427,0.7908541255495207,0.8193865349767189,0.8183844187175098,0.6434961990606001,-0.351394170768514,0.93861555612968,0.945820680144504,0.9383951780237465,0.9627533922556867,0.9359760124609072,0.9431227125746564,0.9422075225344477,0.8880348046559771,0.946306969001806,0.8931105818461782,0.6803689607743589,0.9346554652202239,0.9288499594164582,0.46026980797006173,0.8226587642366052,0.8281399491306826,0.7286141950615992,0.976414143751156,0.7040999010508066,-0.22051956869446135,0.24045985802438397,0.728635696376332,0.682414426094654,0.7219603352369411,0.977602056549102,0.9776724462677384,0.1503877568800914,0.3066128011823526,0.15488703169992937,0.12708327621127707,0.14719067731275348,0.16468912188498216,0.16213268039858716,0.07904223642699848,0.5028318567795703,0.23401786185970083,0.18127411363643042,-0.5079163662989483,-0.549831497531548,0.655736699748268,0.7498877998595225,0.7741495958674001,0.8361144359212648,0.8261692662486294,0.5509473148441593,0.7439982692648935,0.7689154551093664,0.7677595586766689,0.4190076975647236,0.23837247462698963],[0.9960758662902789,0.9913666233072694,0.9906476510831375,0.9965126241539857,0.9985325420957248,0.9859891811512451,0.9983394637941949,0.9999970291159939,0.972440524966963,0.9999984836285274,0.9999962122820599,0.9997449631001855,1.0,0.9999906103425948,0.9999976699337323,0.9993273411562409,0.9926822868156985,0.999454633695218,0.9999123374441253,0.9999121389436475,0.9999695738085175,0.9999989300532096,0.9910730317485885,0.9761232944331063,0.9931704776043669,0.944988603225282,0.9937011620293315,0.989057175073608,0.9754199648223346,0.9485118445374994,0.9888273691508084,0.993888491916312,0.9917334452712351,0.9701791482730417,0.9994953691151608,0.9995833877591402,0.9996855052173814,0.9997268357271042,0.9991859776725602,0.9995111534817859,0.9982211158188891,0.9988129725852996,0.9995668507840273,0.9994293241459107,0.982770341400103,0.9269627855395095,0.9460541659395135,0.9458012572043205,0.9287712183876616,0.8755811501072948,0.9554579216763331,0.9391607548895179,0.9573441201270882,0.9540869736748256,0.9449290426854767,0.9794800526009171,0.9773695741908213,0.9904834642896839,0.9970434670570797,0.9425525815636699,0.9587414327813326,0.9665608057083295,0.9704977361686141,0.9685676152619758,0.9458433108459205,0.8956956409946412,0.9499496853064806,0.9539868037702401,0.9333217128417814,0.8808966120184771,0.9642179759341495,0.9330048875668017,0.9619467284978704,0.9432398176389862,0.7610594977769146,0.8468031073595977,0.7729549073206271,0.8621258226314745,0.8823056285153703,0.8894085071708313,0.8684729100506926,0.8781408294118255,0.30873387546736286,-0.6007999559143553,0.9601608450691482,0.9426651587944908,0.9421269712478254,0.9472825181540455,0.9558362946170624,0.9667497532731079,0.9667838050518437,0.9250467206949249,0.960623351894542,0.835389868737364,0.7420591272724109,0.9369391288174875,0.9403211516835785,0.7771426785272577,0.9480106149723749,0.9491809634537345,0.8934020501088663,0.9738359436613263,0.8357217080592954,0.5860666395815592,0.7010312765819995,0.856631987806409,0.8433703172684985,0.8393795630888301,0.980521096698385,0.9807241004674606,0.7601485449646356,0.7028358664040606,0.7842138523559318,0.36531752078100155,0.7686832110603762,0.7895165640670118,0.79012022982185,0.7859017574513792,0.7531207394520018,0.7339008608589379,0.7139424902888178,-0.2925928135049246,-0.4418617389726683,0.6562526667762092,0.8823741729183363,0.923266551575798,0.9346153200622922,0.9071645080305641,0.813770165236895,0.9042742699296389,0.9247380626692364,0.923714154456107,0.7571988502015718,-0.12171710270565109],[0.9961085419128559,0.9912184173818075,0.9929479446279582,0.9966368152943577,0.9985319304570167,0.9864621487865389,0.9994502291378327,0.9999921050703334,0.9807540994509734,0.9999908034533364,0.9999944043809145,0.9997281118004222,0.9999906103425948,1.0,0.9999946281774843,0.9995289931299774,0.9976463588694652,0.9994087848706662,0.9998961368509595,0.9998950593705341,0.9999502242228369,0.9999907239633105,0.9930752863712016,0.9765272054482541,0.995557412495362,0.9676696258529025,0.9953309403326042,0.988855642406427,0.9757128550315056,0.9486591584570268,0.988940135179586,0.9938384437969514,0.9909460564955214,0.9696401056618159,0.9994642539204412,0.999534547114222,0.9995999523883261,0.9998786992384494,0.9991433099982877,0.9994571225933156,0.9980468058026168,0.9987289083550047,0.999480702145909,0.9994732833387303,0.9852340786052054,0.9268724322363976,0.9457869369041911,0.9455435619714583,0.928204744318446,0.8748745305615593,0.9491530236821303,0.9306779649275069,0.9513073265379602,0.9534280624119148,0.9442110574356142,0.9776320741334223,0.9770259475783829,0.9896722458823051,0.9970423341268637,0.9715826907648389,0.958276951363504,0.9721779325214945,0.9703242602165856,0.973180757823358,0.9728902890887297,0.9518626145894264,0.9493070556576909,0.9529260263553366,0.952552306715684,0.9243516578480993,0.9640964140302105,0.9663200291093149,0.9708575115570176,0.9696874614635541,0.9353371301927241,0.8460887954432118,0.8085809224367592,0.8612132195841944,0.8938525741789572,0.8889435534709623,0.8900259769447615,0.8887895010828258,0.6662771954164941,-0.6011660223792115,0.9599355305952672,0.942288729548594,0.9416423232290284,0.9727874352040916,0.9556868997533241,0.9665246281355385,0.9666142580778031,0.9249302769620181,0.9670551328273448,0.937137125009981,0.7417491422927986,0.9369648629720742,0.9463681727975406,0.7760462855615077,0.9478174313166357,0.9489211750492046,0.8930063854338091,0.9742069052996905,0.8836927435801247,0.5853817119842748,0.6998967408963049,0.8912524655022113,0.8554764641984738,0.8818012059298166,0.9808169567383122,0.9810514382489385,0.7586526314026044,0.7014341724093618,0.7994382652844216,0.36464651902628564,0.772288644584475,0.8040672905019299,0.7985769594097513,0.7839604969374293,0.7525426756737315,0.7320516821408641,0.7120885448435111,-0.3850766835237935,-0.5056933946531585,0.6548719382608111,0.8819933852055435,0.9200169879989272,0.9299624575353131,0.90723444243179,0.8123315395685037,0.8907635092796922,0.9128539143787883,0.91243725488055,0.8430787230215118,-0.08885033299136574],[0.995999948269066,0.9912847482577704,0.990832035588875,0.9964541448416383,0.9985320973492444,0.98616999974667,0.9991393978313571,0.9999981163702605,0.9773620252093118,0.9999976032386468,0.9999981848019394,0.999735650283131,0.9999976699337323,0.9999946281774843,1.0,0.9994229104033017,0.9968701384070987,0.9994285511437366,0.9999059922758464,0.9999052806777213,0.9999635782497858,0.9999974932656477,0.9912192239770996,0.9763475395629508,0.9949065747356869,0.9590094573109703,0.9947146189129931,0.9890053046721837,0.9756581278181002,0.9487067553017283,0.9912819460016973,0.994163055000849,0.991586126563534,0.9699255139645474,0.9994652727619722,0.9995440779399839,0.9996617545650677,0.9997425140493028,0.9991483268113891,0.9994658865270318,0.9981584491154538,0.9987584551960782,0.9995343096661411,0.999399367400127,0.9829857063192492,0.926743960720771,0.9458842526213599,0.9458410210265618,0.9286961615652916,0.8751386657930444,0.9551889918423581,0.9388917074824591,0.9571026979275313,0.9536664222973436,0.9444333411607811,0.9792539470423285,0.9771175541945178,0.9903096813342819,0.9969340260422417,0.9425643304402951,0.9587143499280414,0.9664709638323502,0.9704611322147718,0.968466094752893,0.9453856182860837,0.8958141906199195,0.9496107160007649,0.9536618595933535,0.9331261854298727,0.880679930358605,0.9643044765830387,0.9331710416715305,0.961954435097223,0.9432869593396157,0.7613820867038952,0.846377209631268,0.7727073069523662,0.8617639120588728,0.8821855835865965,0.8891966123635301,0.8682521380730817,0.8779306302389365,0.3088509332873462,-0.600524298135728,0.9600687633579573,0.9425476954095323,0.9420253881189837,0.9456308389378769,0.9558277529575152,0.9666431495028879,0.9666722012158833,0.9251135460551655,0.9605140388324713,0.835514751391192,0.7419623124954442,0.9372980007352618,0.9407267807806761,0.7769826051715901,0.9478967809650859,0.9490804357964828,0.8928793179975408,0.9740096776002084,0.8352897824699976,0.5848428403809115,0.7002496060962414,0.8561862623959333,0.8429730259366838,0.8389478975830849,0.9806378898586563,0.980837797582383,0.7591141547494584,0.7019144925693637,0.7836031410006116,0.3648516032107378,0.7679843059152931,0.7887524663256987,0.7896783600861909,0.7850939345119323,0.7526641982163479,0.7326809775329428,0.7127359017004715,-0.29336973026621543,-0.44253241123255066,0.6560171824747201,0.8817637067710654,0.9229486100629388,0.9341377861895898,0.9067398512309581,0.8130026024897783,0.9039144495570036,0.9242177586654021,0.9233235261845927,0.7566231789303932,-0.12097235264075955],[0.9975784967466476,0.9936416963024642,0.9902341379827474,0.9978734037305869,0.9990469950871314,0.9858151206283233,0.9998873639845292,0.9992753999678641,0.9751477532627563,0.9996526954182909,0.9996295190672656,0.9996278915179768,0.9993273411562409,0.9995289931299774,0.9994229104033017,1.0,0.9983006494288902,0.9998389685825411,0.9995177903304028,0.9995229275205895,0.9997511621979535,0.9995027503864405,0.9908307309719677,0.9752508719073315,0.9934570906742582,0.9508237042122156,0.9930922453904937,0.9908556457032434,0.9736491872958063,0.9492786286018576,0.9917830618737814,0.9925254507356656,0.9925354830762516,0.972213657313383,0.9992450383986139,0.9997244710658696,0.999700862696816,0.9995416584348635,0.9995547142968718,0.9996771452634968,0.9987957705808165,0.9995538862240617,0.9994894979803519,0.9992381100885812,0.9814584775099101,0.9254242764584545,0.9482008733928842,0.9413664850013813,0.9288849316763347,0.8828683936638884,0.9574197480720382,0.9437684895273846,0.9596365272391691,0.9581980945226025,0.9490668484356694,0.9814084828471253,0.9793967888016852,0.9913471985101482,0.9964159901659908,0.9475579978523173,0.9624454541056717,0.9720184782218784,0.9731248456405845,0.9737249494539973,0.9485063427962315,0.9023688256903043,0.9531455873555074,0.9595016684242722,0.9385519911959022,0.8903116246489002,0.9668227639193226,0.9386825320379908,0.9668075882059137,0.9480970045938739,0.7711176422889375,0.8525120966505738,0.7775845406645086,0.8675967670114629,0.8878357759057338,0.8922896121489444,0.8723943721939096,0.8837804327506518,0.3214321375329692,-0.5970619428556245,0.963537255850413,0.9479764416277194,0.9470889422608573,0.9502407831566506,0.9601602272212642,0.9701290115559394,0.9702078756362843,0.929714110302115,0.9663515944428647,0.8444481653975733,0.7435918504663637,0.9262078668817842,0.9319501601856294,0.7796232410065417,0.9479637929190962,0.9489324477873183,0.8932394396628434,0.9702127353072656,0.8345486664907921,0.5952900846999267,0.7058263301328774,0.8562