var config = { responsive: true }

var correlationClose = {"data": [{"type": "heatmap", "z": [[1.0, 0.9999841754780467, 0.9770202579709407, 0.999691265340999, 0.9972372101826419, 1.0, 0.9900337226627675, 0.9852282522755741, 0.9906171317901387, 0.9727916599389813, 0.9790751962661933, 0.9900819599132483, 0.9902438977196449, 0.9901526824277269, 0.9902077758627588, 0.9931205375662411, 0.9933335363649246, 0.9912557664038004, 0.9912431442650136, 0.9912099320981137, 0.9900718796462679, 0.97698792759467, 0.9636720173678796, 0.9759951482926477, 0.9759682297029258, 0.9496394693621465, 0.952091297242403, 0.9427763589859008, 0.9898854480601357, 0.9898398728556074, 0.9857036583232425, 0.974162603433708, 0.9932287955647252, 0.9941704580427335, 0.9932473537817713, 0.9914578579507204, 0.9856494494487541, 0.9938426230828583, 0.9937973631460232, 0.994737227532356, 0.9934392399124835, 0.9934266034760625, 0.9934392399124835, 0.8978262082316547, 0.6950885226319881, 0.8634106656466406, 0.8978697862940735, 0.8138961452266426, 0.9647351493201067, 0.9293595425297224, 0.955282465019625, 0.9501663184751371, 0.9535204802240027, 0.9782486702038526, 0.9721849713358475, 0.9070601441023664, 0.8958235841187759, 0.9270670102689262, 0.8975772237560298, 0.9234518241113784, 0.9243489143346661, 0.9234518241113784, 0.8286583416069467, 0.902002602777896, 0.9032508124479818, 0.902002602777896, 0.8819361997509447, 0.7070720211614975, 0.8585457283165496, 0.8603937974426045, 0.8585457283165496, 0.5986624736048196, 0.48600535404718226, 0.573141400136772, 0.7265351629843556, 0.46081925136047214, 0.5261507342237348, 0.5281834363928154, 0.5261507342237348, -0.5974858453495145, 0.8690735572290931, 0.8995672982971283, 0.8812418396543094, 0.908620785493158, 0.9337162847984884, 0.867374720860445, 0.8688548041493264, 0.867374720860445, 0.8802626341013237, 0.8802626341013237, -0.1739825909883831, 0.5037976051312738, 0.21318131845704952, -0.5125981901335827, -0.5420776769573873, -0.5459237390058254, 0.0068778634853241425, 0.031052178427254915, 0.28909314772650146, 0.198784801474906, 0.11835658559597795, 0.09317131116896167, 0.12017991426390202, -0.17281346708297474, 0.10055322349769855, 0.10079421446823805, -0.5142002083350519, -0.4094824716509806, -0.17194856282154639, -0.4551515544967827, -0.3381021915785913, -0.3133337105795389, -0.30372187396998523, -0.3133337105795389, -0.16429730032928036, -0.2180565144573055, -0.2180565144573055, -0.5220712990430859, -0.5220712990430859, 0.39964580281135753, 0.6702625156545543, 0.8790148362222232, 0.856755872929482, 0.7964409087535388, 0.6773300465139256, 0.7772312849389909, 0.8183218296335006, 0.818565564099894, 0.8183218296335006], [0.9999841754780467, 1.0, 0.9637347183029358, 0.999112169470499, 0.9926524447469546, 0.9999841754780466, 0.9742343519839893, 0.9635688098113534, 0.9739588449863885, 0.9548385260579364, 0.9764477727994785, 0.9742866292007445, 0.9742378469131765, 0.9740266671116591, 0.9731353857976823, 0.9830423238561956, 0.9815107889330257, 0.9805595951820355, 0.980524188793072, 0.974367017815405, 0.9743550332617563, 0.9794983286699829, 0.9637528191574687, 0.9661073630052966, 0.9661936356791089, 0.9500090380989586, 0.9713330470499973, 0.9241854175778883, 0.9735444317739788, 0.973596783359358, 0.9703218638313281, 0.9166292856580899, 0.9855698927929786, 0.9856815553338998, 0.9865691759520002, 0.9770200832924906, 0.9836412765481556, 0.98555817439572, 0.9863133544927227, 0.9860810200215944, 0.9867069381512059, 0.9866805767357616, 0.9867069381512059, 0.8980294326154274, 0.6118074813165161, 0.8644322965071543, 0.8989244823987318, 0.8131023333403526, 0.8664385578026994, 0.8831108156974506, 0.8567190607190357, 0.8732796708160538, 0.8628380931221781, 0.938151821441273, 0.9382037493400022, 0.9095455316260236, 0.921227557568423, 0.8950241220963446, 0.8946912476392304, 0.9027223098907439, 0.9035824369921339, 0.9027223098907439, 0.7461223187470138, 0.7081467682208292, 0.7102985853978647, 0.7081467682208292, 0.9146283900628438, 0.9206528067374058, 0.9142699743436331, 0.9157186026976819, 0.9142699743436331, 0.4081932035548688, 0.3528392318128102, 0.4752781700569181, 0.5741871936279503, 0.45032443396645655, 0.4969745463620224, 0.49829841180486, 0.4969745463620224, -0.19226299240824973, 0.8455717056679629, 0.8865008417188045, 0.8710307405102145, 0.9176448147110833, 0.9192548127163396, 0.8385352241736381, 0.839011673461567, 0.8385352241736381, 0.8510897407683294, 0.8510897407683294, -0.28217594712572724, 0.5039400407306537, -0.37671166373140774, -0.4547619959703913, -0.45532000288780217, -0.45882749293269054, -0.26105185932356767, 0.20332006565525051, -0.17903608969498025, -0.3358493152578713, -0.1901260840574236, -0.24447186599874554, -0.268989262976576, -0.2973320767596651, 0.0746232547890094, 0.06916013720674836, -0.4673998629936123, -0.41865710508458215, -0.44647178895004624, -0.47638353578063897, -0.4688530708472673, -0.4496666416495631, -0.4528191109594665, -0.4496666416495631, -0.35012210600186994, -0.4763092291147145, -0.4763092291147145, -0.4562425421213775, -0.4562425421213775, 0.39964442268191436, 0.44076099787303696, 0.5308381806889944, 0.6130557950147129, 0.5906554125784257, 0.2677178051048374, 0.40835325125783906, 0.40544096290513854, 0.4055579091497942, 0.40544096290513854], [0.9770202579709407, 0.9637347183029358, 1.0, 0.9810808696350038, 0.990819790428293, 0.9770202579709408, 0.985245274544627, 0.9832926489132089, 0.9922206198836898, 0.9340229834694707, 0.9962879220425722, 0.9851942448126253, 0.9826724007519815, 0.9849577298493211, 0.9848512703106297, 0.9880160222876799, 0.9890738924378161, 0.9826562529744559, 0.982638211641032, 0.9907370354505166, 0.9851013698169924, 0.9904517513179806, 0.9788168409978028, 0.9825990960024302, 0.9826158815172168, 0.9793601672409389, 0.9770119505382243, 0.9457731948721116, 0.9670256019927561, 0.9670931593916516, 0.9719700499246956, 0.9475709810318923, 0.9811554757240004, 0.9876859668810313, 0.9794669797957626, 0.9825467568038853, 0.9933635870274198, 0.9896451193299545, 0.9792586246855226, 0.98672306805978, 0.980842181918279, 0.9801240586936362, 0.980842181918279, 0.9067130503198744, 0.6108093787151434, 0.9088294424734383, 0.8787272988974745, 0.658723980430144, 0.9078343358377291, 0.8573472039127832, 0.8954333470563066, 0.8922069886984676, 0.8997708817975724, 0.9292734435611393, 0.9388163759230527, 0.7386618342386121, 0.7985496351398648, 0.8144867951269184, 0.8350267319415386, 0.8067100516225313, 0.7758233556574012, 0.8067100516225313, 0.719700172518698, 0.7625448840058997, 0.7628312732681204, 0.7625448840058997, 0.8271451090971357, 0.3926031306438016, 0.5845359040537088, 0.6553322593075831, 0.5845359040537088, 0.4919594222123677, 0.46244434298229525, 0.4560860590527524, 0.6164543548202193, 0.3939304958506041, 0.42501183364929856, 0.39138016181691865, 0.42501183364929856, -0.5888298437314651, 0.7935333395424851, 0.7724365611425406, 0.7746191246135945, 0.7533459515978038, 0.8809725487861684, 0.7996059346301967, 0.8021914451541139, 0.7996059346301967, 0.7440258832309032, 0.7440258832309032, -0.283217358016414, 0.7008542758286012, 0.16430963225020698, -0.608755216728954, -0.634211504803608, -0.6371086070046305, -0.10591416383651013, -0.009876604660184467, 0.2852318667617278, 0.06433378285531509, 0.01131605101370579, 0.04406413468612097, 0.010229348075981335, -0.16955213276142367, 0.0032286486363435674, 0.0031785125289689963, -0.6049661400501083, -0.5240777197250044, -0.1284181570195038, -0.5797573282808536, -0.43566872956823727, -0.3996598789778688, -0.23061550255670263, -0.3996598789778688, -0.29000130898216064, -0.35493101217340667, -0.35493101217340667, -0.6252536412778303, -0.6252536412778303, 0.3133217755166557, 0.5746387077019997, 0.7849554892782473, 0.7634700722287989, 0.7325291609343836, 0.5698285703206281, 0.7107508818723898, 0.718110263497009, 0.7501329058528606, 0.718110263497009], [0.999691265340999, 0.999112169470499, 0.9810808696350038, 1.0, 0.9984879723856733, 0.9996912653409987, 0.9917564419257966, 0.9874309485935432, 0.9927707292836643, 0.9706334427070633, 0.9849755702339781, 0.9917912485617697, 0.9918804961584461, 0.9918321371104405, 0.9918743973458228, 0.9947602462040763, 0.9949227607421336, 0.9927321896675548, 0.9927214272977491, 0.9931270379218974, 0.9917723821203597, 0.9803899082790118, 0.9668254978039512, 0.97909612933541, 0.9790701651415887, 0.9629358732652779, 0.956682837561044, 0.9441245066319206, 0.9898341875948544, 0.9897993413894631, 0.9866812348447216, 0.9736363061535751, 0.9941282061737701, 0.9954215084948294, 0.9940997350154667, 0.99272929202773, 0.9900430403852057, 0.995347764813388, 0.9945017301544112, 0.9959090431992867, 0.9942338641082503, 0.9942251784768941, 0.9942338641082503, 0.8973845338278056, 0.6825668906679001, 0.8736348698065308, 0.8929295562879156, 0.7904978132796757, 0.9589538663496606, 0.9214470848131138, 0.948513469585497, 0.9445330010214605, 0.9486249223728748, 0.9740550803524748, 0.9694923388222388, 0.8804475135291231, 0.8848480819921943, 0.9106197543812309, 0.8915004094015474, 0.901908773273711, 0.9031495255837384, 0.901908773273711, 0.8175746496841558, 0.8876787890435809, 0.8890577577410346, 0.8876787890435809, 0.87634168002669, 0.6336097700278469, 0.8098875549259216, 0.8117900172057014, 0.8098875549259216, 0.5877818297942784, 0.4576495299378215, 0.5600467367967596, 0.7073311298131774, 0.45339560258429135, 0.4924601549757286, 0.49522433749931116, 0.4924601549757286, -0.5993205416936853, 0.8611910537361674, 0.8864492580119977, 0.8693752932197387, 0.8793169603000756, 0.929375359049462, 0.8606776937344515, 0.862350902615432, 0.8606776937344515, 0.8560180328166804, 0.8560180328166804, -0.18115741130014965, 0.5356435951325634, 0.21799768177379109, -0.5213548854793798, -0.5504313203092465, -0.5541867799345562, -0.006017785014685768, 0.02474914478165454, 0.2817803019718447, 0.18620522503423867, 0.10752122047278281, 0.08635035446426143, 0.1138946854103231, -0.18102188022613327, 0.08836783480867967, 0.08865559743881557, -0.5221822425916365, -0.42117194580213996, -0.1739514222288143, -0.46877257813234374, -0.3407249598086492, -0.3153368881239951, -0.30628085416359935, -0.3153368881239951, -0.17445261379283544, -0.22883127724583105, -0.22883127724583105, -0.5336942303450284, -0.5336942303450284, 0.38317461638673306, 0.6580662754902771, 0.8716749653227457, 0.8494297697322638, 0.7892166006864205, 0.6686363405950241, 0.7685630207900247, 0.8099983133908688, 0.8102591442059576, 0.8099983133908688], [0.9972372101826419, 0.9926524447469546, 0.990819790428293, 0.9984879723856733, 1.0, 0.9972372101826419, 0.9965019595890843, 0.994249706428039, 0.9966838278818172, 0.959229011481723, 0.9946366936436791, 0.9965204058138644, 0.9966223660310628, 0.9965543157598844, 0.9965536722630063, 0.9976351763108832, 0.9972532969704863, 0.9971523319281407, 0.9971487732763513, 0.9965156613059523, 0.9965118921952982, 0.9929526706309753, 0.9795829699520343, 0.9895036462846325, 0.9894552168703673, 0.9805392055193758, 0.9784864598477347, 0.948024465992596, 0.9884252436599703, 0.9883594901212622, 0.9878033753919525, 0.9644022516837252, 0.9976704902251916, 0.9976170466417237, 0.9975232494144293, 0.9970412628612451, 0.9969270260140042, 0.9978310549521875, 0.9979442302535553, 0.9976868745475898, 0.9976510256411769, 0.9976546518575331, 0.9976510256411769, 0.9142880294851143, 0.6447405225613644, 0.8995622959351938, 0.8951383259676303, 0.7529375680953589, 0.9383901074893153, 0.8940976543501081, 0.9271075916863738, 0.9297914141916801, 0.9373540776252643, 0.9674127205462588, 0.9675122634777963, 0.8704213986296345, 0.8582327347333863, 0.8916792383181701, 0.8740373919555076, 0.8894818076873752, 0.8900319645695975, 0.8894818076873752, 0.7837251904883124, 0.8231306531615891, 0.8248244557411737, 0.8231306531615891, 0.860573734549353, 0.7394721406150451, 0.839923986092486, 0.8411475530947841, 0.839923986092486, 0.534687520377954, 0.3952293202917232, 0.5155269565293287, 0.6925180800956596, 0.5085303489810195, 0.4845093790446861, 0.4847233558334074, 0.4845093790446861, -0.5869817216873878, 0.8369256842704241, 0.8495670177456104, 0.8368880937377503, 0.8815912166296098, 0.9014533255254853, 0.8394241039290331, 0.8410462018089753, 0.8394241039290331, 0.8481699827981676, 0.8481699827981676, -0.22790483418381524, 0.6052981302493015, 0.07328584674925984, -0.5793307823534131, -0.6132382078156167, -0.6136896137932382, -0.04426920123826059, 0.04482849078308433, -0.11766130987035886, -0.06610669726332437, -0.046676599389942376, -0.2911344739009484, -0.34406760395389, -0.48993688335393154, 0.051558152143965474, 0.05167268596515202, -0.5554958469853327, -0.46258554606471286, -0.4835627333759442, -0.516553202067052, -0.573647875862884, -0.5437719664316834, -0.5461069624548528, -0.5437719664316834, -0.2219237816480199, -0.27052395374269594, -0.27052395374269594, -0.640099887360414, -0.640099887360414, 0.3584127223952273, 0.635411514443276, 0.8194297617495365, 0.7910718129497915, 0.7756048718554936, 0.5961435805876792, 0.6170244423351346, 0.7015589317440409, 0.70202221423719, 0.7015589317440409], [1.0, 0.9999841754780466, 0.9770202579709408, 0.9996912653409987, 0.9972372101826419, 1.0, 0.9900337226627675, 0.9852282522755741, 0.9906171317901387, 0.9727916599389813, 0.9790751962661933, 0.9900819599132483, 0.9902438977196449, 0.9901526824277269, 0.9902077758627588, 0.9931205375662411, 0.9933335363649246, 0.9912557664038004, 0.9912431442650136, 0.9912099320981137, 0.9900718796462679, 0.97698792759467, 0.9636720173678796, 0.9759951482926477, 0.9759682297029258, 0.9496394693621465, 0.952091297242403, 0.9427763589859008, 0.9898854480601357, 0.9898398728556074, 0.9857036583232425, 0.974162603433708, 0.9932287955647252, 0.9941704580427335, 0.9932473537817713, 0.9914578579507204, 0.9856494494487541, 0.9938426230828583, 0.9937973631460232, 0.994737227532356, 0.9934392399124835, 0.9934266034760625, 0.9934392399124835, 0.8978262082316547, 0.6950885226319881, 0.8634106656466406, 0.8978697862940735, 0.8138961452266426, 0.9647351493201067, 0.9293595425297224, 0.955282465019625, 0.9501663184751371, 0.9535204802240027, 0.9782486702038526, 0.9721849713358475, 0.9070601441023664, 0.8958235841187759, 0.9270670102689262, 0.8975772237560298, 0.9234518241113784, 0.9243489143346661, 0.9234518241113784, 0.8286583416069467, 0.902002602777896, 0.9032508124479818, 0.902002602777896, 0.8819361997509447, 0.7070720211614975, 0.8585457283165496, 0.8603937974426045, 0.8585457283165496, 0.5986624736048196, 0.48600535404718226, 0.573141400136772, 0.7265351629843556, 0.46081925136047214, 0.5261507342237348, 0.5281834363928154, 0.5261507342237348, -0.5974858453495145, 0.8690735572290931, 0.8995672982971283, 0.8812418396543094, 0.908620785493158, 0.9337162847984884, 0.867374720860445, 0.8688548041493264, 0.867374720860445, 0.8802626341013237, 0.8802626341013237, -0.1739825909883831, 0.5037976051312738, 0.21318131845704952, -0.5125981901335827, -0.5420776769573873, -0.5459237390058254, 0.0068778634853241425, 0.031052178427254915, 0.28909314772650146, 0.198784801474906, 0.11835658559597795, 0.09317131116896167, 0.12017991426390202, -0.17281346708297474, 0.10055322349769855, 0.10079421446823805, -0.5142002083350519, -0.4094824716509806, -0.17194856282154639, -0.4551515544967827, -0.3381021915785913, -0.3133337105795389, -0.30372187396998523, -0.3133337105795389, -0.16429730032928036, -0.2180565144573055, -0.2180565144573055, -0.5220712990430859, -0.5220712990430859, 0.39964580281135753, 0.6702625156545543, 0.8790148362222232, 0.856755872929482, 0.7964409087535388, 0.6773300465139256, 0.7772312849389909, 0.8183218296335006, 0.818565564099894, 0.8183218296335006], [0.9900337226627675, 0.9742343519839893, 0.985245274544627, 0.9917564419257966, 0.9965019595890843, 0.9900337226627675, 1.0, 0.9970266810028103, 0.9999669071506729, 0.948468119715453, 0.9995300494590634, 0.9999959382916644, 0.9999569760335308, 0.9999919421478529, 0.9999165310076226, 0.9937468567304643, 0.9998072745494611, 0.9998230348244793, 0.9998234031985582, 0.9999942953258537, 0.9999963151845328, 0.9908765277212463, 0.9745626618567241, 0.9834739898080498, 0.9922226512647135, 0.9823342546211385, 0.9706645419910639, 0.9381389204685349, 0.9925503758750016, 0.9922099019521445, 0.9920778175493066, 0.967876559634328, 0.9992761145990999, 0.999360440503133, 0.9993324489773224, 0.9997297615574761, 0.9984943510676776, 0.9992386210728399, 0.9981632925225905, 0.999344081255337, 0.9990845741628082, 0.9989988374028909, 0.9990845741628082, 0.9210080051399314, 0.6437347537544854, 0.9223026885018553, 0.8994887009661794, 0.6984643490754593, 0.9480785427118141, 0.9122936055241272, 0.9356559903204406, 0.9263209001870254, 0.937081858907066, 0.9691335167620434, 0.9612988101968641, 0.694552350092414, 0.8016040288041653, 0.7853964998471122, 0.8313707169396324, 0.7779881559786249, 0.7490413547274677, 0.7779881559786249, 0.7353356856134395, 0.7501724337090452, 0.7531052514537725, 0.7501724337090452, 0.8146492042758061, 0.2687710087504141, 0.49060945562033126, 0.5844395506004709, 0.49060945562033126, 0.4999059821732597, 0.45977684697302196, 0.4575406034973169, 0.5929856799627735, 0.36975428403533334, 0.3986183256877519, 0.3461805678011947, 0.3986183256877519, -0.6526354859726715, 0.7901039808985502, 0.7902185628268443, 0.7833134321070307, 0.7195997629153791, 0.8851384595564774, 0.7955221594077234, 0.797902706350587, 0.7955221594077234, 0.7007187609723337, 0.7007187609723337, -0.2661366851217707, 0.6627803776645189, 0.26394931566232427, -0.569287696814933, -0.5965141533966328, -0.5997605878240482, -0.06262591574683628, -0.029860844654114076, 0.37797932697269027, 0.14337154628908716, 0.06330117486690197, 0.13156446071429187, 0.09915382221099743, -0.0883499305078539, 0.012875662976903285, 0.01325593113557733, -0.5717660208395816, -0.49592802607122205, -0.016961593211607024, -0.557122501937141, -0.3476882897353741, -0.3144331671573436, -0.13764429420607485, -0.3144331671573436, -0.2601548493028499, -0.28351096216843397, -0.28351096216843397, -0.6025544968593237, -0.6025544968593237, 0.3533532896936307, 0.6091883243248758, 0.8041469963894183, 0.8098968679272298, 0.7625607817015627, 0.6490490166815426, 0.7479884524771607, 0.7706760920124485, 0.789036636958934, 0.7706760920124485], [0.9852282522755741, 0.9635688098113534, 0.9832926489132089, 0.9874309485935432, 0.994249706428039, 0.9852282522755741, 0.9970266810028103, 1.0, 0.9994200547481338, 0.9393872044818612, 0.998005874520259, 0.9978539636433325, 0.9992080457599023, 0.9989326590475612, 0.9986089341528687, 0.9859097324639288, 0.9988323194388576, 0.998990951923018, 0.9989939264108948, 0.999465287526116, 0.9991086168536343, 0.9907394177736732, 0.9748677684687785, 0.991363178479063, 0.992049876339606, 0.9767783908725746, 0.9727112629639101, 0.9361386743661917, 0.9888915125091672, 0.9923117159269352, 0.9902589831767966, 0.9639587614040731, 0.9980695287397375, 0.9979417605567976, 0.9979513358602538, 0.9989488437010599, 0.9955364594709658, 0.9977035760717473, 0.9974964407139586, 0.9978059664420382, 0.9978848798079372, 0.9979163307007461, 0.9978848798079372, 0.9191264892707975, 0.6277649181024086, 0.9240464137841233, 0.8957288864953141, 0.6689604048882901, 0.9457232487917684, 0.9048802959401149, 0.9318595369529965, 0.916863981776251, 0.9290944305479509, 0.9642908988085908, 0.9555046863603566, 0.6773096029064916, 0.7835550510948449, 0.7647538993016184, 0.819309293275172, 0.75863963601883, 0.734388237544825, 0.75863963601883, 0.7185177792431876, 0.7273971392712336, 0.7374883230618859, 0.7273971392712336, 0.8026143575928655, 0.24476342716629798, 0.46499125127570445, 0.5646237252390138, 0.46499125127570445, 0.483083614335652, 0.4514845997488895, 0.43866497922822983, 0.5745353622364042, 0.3585313789687879, 0.38492860003023077, 0.3264125097133912, 0.38492860003023077, -0.6528818456473625, 0.7761363087536839, 0.7666596188886416, 0.7646095927176484, 0.7020773612791258, 0.8745726786409698, 0.7823330868451186, 0.7849794274248777, 0.7823330868451186, 0.6782068592438335, 0.6782068592438335, -0.28501836749575077, 0.6976741743615301, 0.27287675454470284, -0.5851134276281399, -0.6117336674768669, -0.6147763812319454, -0.07900120195547959, -0.0397860464746572, 0.3713450160595551, 0.12351812098672915, 0.04664836596742882, 0.12233238074275715, 0.08314392344084973, -0.09481215190825451, -0.005411438602600693, -0.005014033962466659, -0.5856117821319381, -0.5134489436862621, -0.02375975832755263, -0.5779698834309392, -0.3621339016361992, -0.32704151095750394, -0.1438641952403512, -0.32704151095750394, -0.28085788348249796, -0.2993908664825988, -0.2993908664825988, -0.6175069504297209, -0.6175069504297209, 0.32665959750266554, 0.5900324620230887, 0.7937397045028461, 0.7909011517907231, 0.7483520930441282, 0.6319697125145683, 0.7311336710069982, 0.7504125847696682, 0.7726036403368141, 0.7504125847696682], [0.9906171317901387, 0.9739588449863885, 0.9922206198836898, 0.9927707292836643, 0.9966838278818172, 0.9906171317901387, 0.9999669071506729, 0.9994200547481338, 1.0, 0.9471948226871382, 0.9994655513896461, 0.9999680154607633, 0.9999636068716825, 0.9999731076117389, 0.9999295424973405, 0.9980110250705293, 0.9997118564748141, 0.9997577739533381, 0.9997588130536199, 0.9999649853427601, 0.9999653601367201, 0.9940827322872272, 0.9772432408031869, 0.9935761605709099, 0.9935145383293132, 0.9820836392339837, 0.97658220134922, 0.9400088716568176, 0.9910471914308807, 0.9910111182091271, 0.9887713006210079, 0.9630990170274584, 0.9992912244785688, 0.9992525055537714, 0.9991115098243044, 0.9998547214695672, 0.9983985472690157, 0.9992270076877516, 0.9991259485029256, 0.9992244411091838, 0.9991302695004936, 0.9991364288808062, 0.9991302695004936, 0.9211639296975601, 0.6451094411500953, 0.9224497367773422, 0.8996382943026601, 0.6978721757368641, 0.9343951343077441, 0.8864026175010091, 0.9187758142981798, 0.9217159932833644, 0.9332871961160717, 0.9627605804251952, 0.9616948463014836, 0.8399539926935471, 0.8023558206957455, 0.8620918135917451, 0.832127325346307, 0.8599602953048399, 0.8608005782592123, 0.8599602953048399, 0.7343117606539021, 0.8031938079829453, 0.8050010735023281, 0.8031938079829453, 0.8159837995138237, 0.6969091524049819, 0.8066033872430861, 0.8082840680950159, 0.8066033872430861, 0.49886208849742314, 0.31601688306108894, 0.45664339927853986, 0.637337402865845, 0.43059504160091855, 0.39289513930789954, 0.39326611883150797, 0.39289513930789954, -0.6338007895960024, 0.7904382266293144, 0.7897714787016814, 0.7833009956483189, 0.8516468165560334, 0.8725423663759828, 0.802041069989253, 0.8047510455982564, 0.802041069989253, 0.8107219733575515, 0.8107219733575515, -0.2687644070458362, 0.6631973323636219, 0.09720554964688714, -0.5983033797745206, -0.6409561108412201, -0.6417814875910801, -0.06627550872934879, -0.027933652060547928, -0.1266539544001248, -0.0394650680439432, -0.03428595139899422, -0.3249449673635228, -0.353884123247735, -0.5319131168294293, 0.011442903150414387, 0.012099712583433316, -0.5738032608972915, -0.4981852735232148, -0.4942508231658734, -0.5595179300135645, -0.5900247110828396, -0.569125750331607, -0.5710537486652842, -0.569125750331607, -0.26263760424861754, -0.287195691388628, -0.287195691388628, -0.6992062807391161, -0.6992062807391161, 0.35408263604732054, 0.6082308477558908, 0.826032456383406, 0.8023938794387341, 0.7610983845131049, 0.6340096992857011, 0.6491524117572649, 0.7205456230248827, 0.7207116885006142, 0.7205456230248827], [0.9727916599389813, 0.9548385260579364, 0.9340229834694707, 0.9706334427070633, 0.959229011481723, 0.9727916599389813, 0.948468119715453, 0.9393872044818612, 0.9471948226871382, 1.0, 0.9154503240428149, 0.9485165554017067, 0.9486343219510555, 0.9481415833927294, 0.9474350511983044, 0.9498212718454174, 0.9557423173393083, 0.9547659986388125, 0.954733711818386, 0.9486732091937357, 0.9486594835931831, 0.9481399921283803, 0.9402754099815115, 0.9506423068747274, 0.9508679420081675, 0.794081720717315, 0.9557415489662313, 0.9500862762382862, 0.9566736049936067, 0.9568217870545755, 0.95502160508802, 0.9288770516680601, 0.9591897753586364, 0.9594693759311358, 0.9603223327562638, 0.9508211426186943, 0.9285758283304923, 0.9583989843890875, 0.9599690570756686, 0.9597730294436411, 0.9606519570686093, 0.9606121550823795, 0.9606519570686093, 0.773291591324751, 0.4431285776698173, 0.7160255992069725, 0.8599636594990092, 0.8436295825084167, 0.8737816967549369, 0.7538463856298975, 0.8513664844309224, 0.8653713622723498, 0.8748797969939197, 0.8950309946169648, 0.8950775931815208, 0.8483788550373835, 0.839492406237057, 0.8760610595805134, 0.8511904979115805, 0.8671413671669281, 0.8680949415621915, 0.8671413671669281, 0.7854229403969896, 0.7639275170558313, 0.7661403577306293, 0.7639275170558313, 0.8435918232785764, 0.8666839178915372, 0.8415700255560981, 0.842458380972553, 0.8415700255560981, 0.6065980829086516, 0.526387162283635, 0.6069911182461077, 0.735123120357607, 0.6260376428335496, 0.6483431679118392, 0.6519036155862651, 0.6483431679118392, -0.2707347196931447, 0.8469205121284846, 0.9125384712188203, 0.8666645271661753, 0.86656853239185, 0.878089000187029, 0.8380803166343187, 0.8395763362092947, 0.8380803166343187, 0.8511917336991823, 0.8511917336991823, 0.012626516435614007, 0.21871370496972126, -0.06994170811048728, -0.34371295843846245, -0.37647730038770433, -0.37841715837240286, 0.10960676329303325, 0.3734196447181717, 0.13636849178950416, 0.03357115122090623, 0.14245689527972163, 0.05001298440889869, -0.0578113406106509, -0.11207539456321026, 0.2639383083501223, 0.26277683534809, -0.3275190860655126, -0.27492055112019376, -0.2784991732919258, -0.28086243477217443, -0.35266642068657367, -0.30112471567352894, -0.30293271094172614, -0.30112471567352894, -0.04147719254435422, -0.3195235851423276, -0.3195235851423276, -0.3867430585021122, -0.3867430585021122, 0.5809366315318176, 0.6808213837510323, 0.7610332675401696, 0.6652193554941888, 0.840824011548057, 0.3024119277873693, 0.3923722349397901, 0.5736391557697316, 0.5739316891414512, 0.5736391557697316], [0.9790751962661933, 0.9764477727994785, 0.9962879220425722, 0.9849755702339781, 0.9946366936436791, 0.9790751962661933, 0.9995300494590634, 0.998005874520259, 0.9994655513896461, 0.9154503240428149, 1.0, 0.9995271483741545, 0.9995227291274025, 0.9994701510512013, 0.9995093283389258, 0.9983355883639965, 0.9995668083633953, 0.9996937071491929, 0.9996992783900209, 0.9995358221961452, 0.9995370748400426, 0.991309281072075, 0.9564632409794751, 0.9912125765674991, 0.9911826557739882, 0.9860143978173205, 0.9720998384015377, 0.8911822340458047, 0.9887204740431899, 0.9887747866691787, 0.9701417682489313, 0.8866753109698314, 0.9985680796822951, 0.9985126691964127, 0.9982771087873901, 0.9991950025712558, 0.9991095380676661, 0.9985409837736734, 0.998294619691354, 0.9984719597412388, 0.9982252095939943, 0.998239503223819, 0.9982252095939943, 0.9149756801574442, 0.52770519903309, 0.9180460650745792, 0.8981793155088389, 0.7001782086612592, 0.8246560351791955, 0.8349763681534874, 0.8123131455430606, 0.8137002244515815, 0.8206285849225632, 0.9216666655317972, 0.9218593128079482, 0.8283012409432261, 0.8397656764739168, 0.8009838887778945, 0.8041023019697702, 0.8114530277445046, 0.8125470648585383, 0.8114530277445046, 0.6190808621477544, 0.575088197403997, 0.5776916195307089, 0.575088197403997, 0.8409357315679582, 0.8516656954719978, 0.8389370916516775, 0.8407100453960161, 0.8389370916516775, 0.2609823724853162, 0.1940818530245706, 0.32313123596235704, 0.4427718198994431, 0.3092006000759366, 0.36435772029749336, 0.36768358189364053, 0.36435772029749336, -0.40344108593126304, 0.7375999605181345, 0.7946238773274771, 0.7716148417124367, 0.8382909595298406, 0.8346347162340793, 0.7291592621841283, 0.7298209799823225, 0.7291592621841283, 0.7453222548663834, 0.7453222548663834, -0.3332400713198623, 0.6534213891019814, -0.3967737790819282, -0.5404952739332519, -0.5414016590156552, -0.5436756026409036, -0.3312492692998018, 0.12698881779571836, -0.2458585805953739, -0.3953279611180842, -0.25560280667806035, -0.31669413854911754, -0.3513438447615539, -0.381905571122568, -0.0049207724531477905, -0.009293750197785486, -0.5497390553984017, -0.5117753026538852, -0.5295484699805262, -0.5640929398903373, -0.5585197144937133, -0.5337631705770943, -0.5365929256107734, -0.5337631705770943, -0.4379091857052118, -0.5918450671753069, -0.5918450671753069, -0.6016195326689567, -0.6016195326689567, 0.3489596108941134, 0.37080980158468707, 0.47219526011100366, 0.555419670034959, 0.5570562038094296, 0.1670852626272212, 0.3108226546570133, 0.3357792226194559, 0.33597552812600956, 0.3357792226194559], [0.9900819599132483, 0.9742866292007445, 0.9851942448126253, 0.9917912485617697, 0.9965204058138644, 0.9900819599132483, 0.9999959382916644, 0.9978539636433325, 0.9999680154607633, 0.9485165554017067, 0.9995271483741545, 1.0, 0.9999622585024027, 0.9999939429531176, 0.9999220509730833, 0.9946005756097729, 0.9998095975592699, 0.999824593153334, 0.9998248902424622, 0.9999960502577957, 0.9999969685197009, 0.9908299622323079, 0.9745304334691305, 0.9890962029738513, 0.9921959152763653, 0.9823080769263669, 0.9705663053290836, 0.9380816648151632, 0.9925416622152239, 0.9922248558099236, 0.9920713231647216, 0.9679054265286274, 0.9992789628268962, 0.9993660555642352, 0.9993422057109633, 0.9997356881542928, 0.9984990929236673, 0.9992491779086426, 0.9981680164174495, 0.9993523734140544, 0.9990898776115303, 0.999002436512664, 0.9990898776115303, 0.9210642880442952, 0.6439265261127124, 0.9226289774534788, 0.8998199597526809, 0.6986810586974429, 0.9481298986586799, 0.9125033834136173, 0.935748712357439, 0.9264247505010593, 0.9371708121417374, 0.9692410177839497, 0.961386197006477, 0.694475901038723, 0.8017592234782858, 0.7855116663457314, 0.8314873955421084, 0.7781018563619669, 0.7489738247288794, 0.7781018563619669, 0.7354057339883361, 0.750238874881215, 0.7530343775444094, 0.750238874881215, 0.8148068522939272, 0.2686226230126988, 0.4906156345067324, 0.5843364364995575, 0.4906156345067324, 0.4998416537400112, 0.4596864551710097, 0.45748621243882875, 0.5930197286753028, 0.3696227943249713, 0.3987150286623401, 0.34622384619793645, 0.3987150286623401, -0.6527886649523293, 0.7901711526580153, 0.7903654672647845, 0.783413333614462, 0.7195892083050839, 0.8852466960680565, 0.7956093629822547, 0.7979847933106352, 0.7956093629822547, 0.7008020909742154, 0.7008020909742154, -0.26613037674792434, 0.6627917689587467, 0.2640792839003698, -0.5692414967326435, -0.5964185733655814, -0.5996707654757949, -0.06269286723464493, -0.030028764300322582, 0.37816975628031496, 0.14341951635116182, 0.06326116157211092, 0.13185108034198742, 0.09942040056832194, -0.08802827472146318, 0.012904364187441333, 0.013301201206313791, -0.5717466234598955, -0.4959486204824351, -0.01668210731948241, -0.5570927295812662, -0.34740170574320745, -0.3141751077795204, -0.1374099169282675, -0.3141751077795204, -0.25999499688765765, -0.2834535822619792, -0.2834535822619792, -0.6024125539535815, -0.6024125539535815, 0.35392364868328063, 0.6093750367002211, 0.8041904072241768, 0.8101815077795684, 0.7626770981437621, 0.6493255737163764, 0.7481420348300141, 0.7709508201835459, 0.7891683065387837, 0.7709508201835459], [0.9902438977196449, 0.9742378469131765, 0.9826724007519815, 0.9918804961584461, 0.9966223660310628, 0.9902438977196449, 0.9999569760335308, 0.9992080457599023, 0.9999636068716825, 0.9486343219510555, 0.9995227291274025, 0.9999622585024027, 1.0, 0.9999666606153866, 0.999909903060434, 0.9974764905633302, 0.9998052232630505, 0.999866623987064, 0.9998672130616825, 0.999982742536907, 0.9999613488840449, 0.9903665691043692, 0.9743385855029111, 0.9929316719852864, 0.9928917866794105, 0.9822764095367361, 0.970183467896866, 0.9380062280616184, 0.9933178305208907, 0.9933345664460909, 0.9918290610062297, 0.9677045583236435, 0.9995041355193769, 0.9993699965075763, 0.9993986056954598, 0.9998838762867471, 0.9984970279946631, 0.999256540394155, 0.9992119354793633, 0.9993626269601905, 0.9993752304315063, 0.9993791242577824, 0.9993752304315063, 0.9211706449429128, 0.6440879102734173, 0.9226482882488097, 0.8998175779015827, 0.698692386085918, 0.9521164671841127, 0.9099691657244953, 0.937403765034296, 0.926509650979405, 0.9371681908082549, 0.9689641716545219, 0.9614573644484696, 0.648178038322954, 0.8014710631875418, 0.7842663417071892, 0.8319546545299296, 0.777044039192402, 0.7216570082436602, 0.777044039192402, 0.7353259275752388, 0.7404244180433703, 0.7448609687677235, 0.7404244180433703, 0.8152659253914425, 0.19825501118037542, 0.4779537306474268, 0.48378427085022335, 0.4779537306474268, 0.499993623479619, 0.3527881054225936, 0.4577373380107925, 0.592523030555753, 0.36984439644981104, 0.3656881695554921, 0.34586156086627867, 0.3656881695554921, -0.652978661423091, 0.7906528468181762, 0.7903400914818979, 0.783173335815891, 0.6594041698218182, 0.8857353357364414, 0.7961318536292293, 0.7985018015494973, 0.7961318536292293, 0.6992789464834098, 0.6992789464834098, -0.2657935752729907, 0.6626738541835391, 0.2676921686064353, -0.5690847816076962, -0.5960826579431598, -0.5993350908686659, -0.06307303406493105, -0.029925979895307146, 0.3302633161560978, 0.14359298372312232, 0.06300970757280082, 0.13527502600362085, 0.10180491063410431, -0.09825968673294443, 0.013025529744869016, 0.013425753724256903, -0.5719121304015927, -0.49602644662984163, -0.08238667671913466, -0.5568092535628759, -0.3453728197106677, -0.3119211283716055, -0.22473264133856483, -0.3119211283716055, -0.25953092167337877, -0.28456079745814566, -0.28456079745814566, -0.6016698948439966, -0.6016698948439966, 0.35405370217687326, 0.6095535892875541, 0.7889932037263978, 0.8102340872798217, 0.7630697384792636, 0.6490651878972354, 0.70615161141497, 0.7587494127626074, 0.7589615835116064, 0.7587494127626074], [0.9901526824277269, 0.9740266671116591, 0.9849577298493211, 0.9918321371104405, 0.9965543157598844, 0.9901526824277269, 0.9999919421478529, 0.9989326590475612, 0.9999731076117389, 0.9481415833927294, 0.9994701510512013, 0.9999939429531176, 0.9999666606153866, 1.0, 0.9999348073202049, 0.9973290690101678, 0.9997998377915227, 0.9998278984084359, 0.9998280814954769, 0.9999939243960415, 0.9999941272148484, 0.9906808126978437, 0.9744269429258658, 0.9927621544862942, 0.9926394159453262, 0.9821706306671475, 0.9702234000161581, 0.9376904783327847, 0.9932723897305579, 0.9933169262425222, 0.992110500508071, 0.9680902106525647, 0.9993312988254551, 0.9993647204759836, 0.9993744933665305, 0.999774553605183, 0.9984268031233268, 0.9992525846725898, 0.9984910951689744, 0.9993613067820515, 0.9991405607434736, 0.9990607423621074, 0.9991405607434736, 0.921319889544251, 0.6447039104469463, 0.9229631431474338, 0.9001245633793891, 0.698286446678377, 0.9487203847875678, 0.9132672721156718, 0.9363819174090636, 0.9268477938867414, 0.9375581272027715, 0.9696783541737414, 0.9617839344825316, 0.694781156524785, 0.802048058876439, 0.785431612459875, 0.831772034472049, 0.7780662918656545, 0.7486012926200759, 0.7780662918656545, 0.7356106430282939, 0.7501877275039518, 0.75347172331637, 0.7501877275039518, 0.8151862820995736, 0.26791236224155873, 0.49007305506398907, 0.5843835509665073, 0.49007305506398907, 0.49965414332731206, 0.4602532816823927, 0.45736875994187154, 0.5927595270011868, 0.3691988515906561, 0.3987467559978861, 0.3458554434664687, 0.3987467559978861, -0.6531805493997281, 0.7903132883287912, 0.7898758401346457, 0.7834981658580041, 0.7087531004133488, 0.8855338412662019, 0.7957495531869928, 0.7981133814977908, 0.7957495531869928, 0.7005983946421567, 0.7005983946421567, -0.26795116446774325, 0.6638396993859808, 0.26460767657760936, -0.5697977441412111, -0.5968362629895039, -0.6000937577086924, -0.06396433354197045, -0.03137849605181491, 0.3784613679077533, 0.1429098444136406, 0.062352556886456925, 0.13191062986904276, 0.09947947600962478, -0.08788107498319259, 0.01176697942925409, 0.012159014437334999, -0.5724493837798239, -0.497051263090325, -0.01608770450283968, -0.558619048496537, -0.3472729971023625, -0.31412047715139496, -0.13683879480235267, -0.31412047715139496, -0.2610936466284471, -0.28396969252387144, -0.28396969252387144, -0.6025131506716821, -0.6025131506716821, 0.35409369813994473, 0.6090508232696782, 0.804727148046904, 0.8106436288627891, 0.7620947002661974, 0.6501215809676972, 0.7489328309801537, 0.7713502531867387, 0.7897774888332749, 0.7713502531867387], [0.9902077758627588, 0.9731353857976823, 0.9848512703106297, 0.9918743973458228, 0.9965536722630063, 0.9902077758627588, 0.9999165310076226, 0.9986089341528687, 0.9999295424973405, 0.9474350511983044, 0.9995093283389258, 0.9999220509730833, 0.999909903060434, 0.9999348073202049, 1.0, 0.9974460884145843, 0.9996939096087283, 0.9997756020441584, 0.9997767347662804, 0.9998988782400696, 0.9999178433602411, 0.9904398514241038, 0.9741746755816152, 0.992031280585068, 0.99166426720727, 0.982194284279006, 0.969930142403747, 0.937599582229191, 0.9923814026340368, 0.9923873252529791, 0.9915012275883064, 0.9671530050503027, 0.9993404269228566, 0.9992142265292623, 0.9993123686922089, 0.9997612992834879, 0.9983319558736027, 0.9992292589628999, 0.9984758518479626, 0.9992369713819551, 0.9991565179356373, 0.9990907149874616, 0.9991565179356373, 0.9199924947747595, 0.6450371850146293, 0.9217359448169301, 0.8989445757765168, 0.6953413697123063, 0.9492900417083072, 0.9141411514432191, 0.9373670004056575, 0.9263193896870452, 0.9368624765444945, 0.9700494838125937, 0.9613583261385684, 0.6961356409943726, 0.8005885449190608, 0.7856954023961874, 0.8314314066117614, 0.7783325549716082, 0.7509069816739393, 0.7783325549716082, 0.7336946110940505, 0.7496854443509893, 0.7546514040105006, 0.7496854443509893, 0.8151693436595053, 0.2678391876099663, 0.48964751050443617, 0.5858295010146514, 0.48964751050443617, 0.49826048059455996, 0.4619574468711466, 0.4556748218787743, 0.5922638575478706, 0.3676575584166901, 0.3992300120660514, 0.34610976735154675, 0.3992300120660514, -0.6537207673534149, 0.7896624608879587, 0.7885196254115642, 0.782479357190334, 0.7216292556783512, 0.8858655537252017, 0.7952728519790992, 0.7978774320406186, 0.7952728519790992, 0.7007035831126385, 0.7007035831126385, -0.2686040139971927, 0.6658619131045893, 0.26470123148981856, -0.5700403182648741, -0.5968631911117713, -0.5998212197175042, -0.06597332396517705, -0.03298181360628622, 0.3798582800266116, 0.14253307389189745, 0.06125262205066815, 0.1329508741888281, 0.10064936168087286, -0.08637281889387421, 0.010859830679326787, 0.011506450627601993, -0.5737998271972811, -0.4985608723223132, -0.014161450444351244, -0.5596672732600013, -0.346296861896195, -0.3131522017214362, -0.1353689355408593, -0.3131522017214362, -0.26121051199954864, -0.2867894601014494, -0.2867894601014494, -0.6023179344776071, -0.6023179344776071, 0.3515197872933132, 0.6069573283405895, 0.8058587893035306, 0.811458214801777, 0.760511232685448, 0.6491707628678879, 0.7507395969810561, 0.7721576639184956, 0.7912254777056789, 0.7721576639184956], [0.9931205375662411, 0.9830423238561956, 0.9880160222876799, 0.9947602462040763, 0.9976351763108832, 0.9931205375662411, 0.9937468567304643, 0.9859097324639288, 0.9980110250705293, 0.9498212718454174, 0.9983355883639965, 0.9946005756097729, 0.9974764905633302, 0.9973290690101678, 0.9974460884145843, 1.0, 0.9980955825671782, 0.997700815373898, 0.9976980868674755, 0.9977804691662396, 0.997258881888317, 0.9912773314261591, 0.9770094808287145, 0.9696301453208777, 0.9870779057324257, 0.9866329465202609, 0.971499986022265, 0.9468063397064247, 0.9915662531464242, 0.9893747752116697, 0.9883067632495685, 0.9659031885452337, 0.9974774520824683, 0.9974940404602116, 0.9973032060522115, 0.9972838224701808, 0.9984541421929908, 0.9980198871837774, 0.9972955770918541, 0.997731600970996, 0.9974053722151036, 0.9973823560307377, 0.9974053722151036, 0.9116018755238453, 0.6549710126963417, 0.9147031759369179, 0.9025481529858644, 0.7219394135084123, 0.9510454410714887, 0.9167808136118669, 0.942396404258452