var element=document.getElementById("correlationClose");if(element.style.display!='none'){var correlationClose={"data":[{"type":"heatmap","z":[[1.0,0.9999911168789014,0.7208125868196504,0.999764397531207,0.998281371637863,1.0,0.9932932066911232,0.9903759573324591,0.9903759573324591,0.9937548823875323,0.9795449794662303,0.9884335020560616,0.9933267515660759,0.9936330847763756,0.9933657119080248,0.6741874916428167,0.571978168966794,0.20883514397028038,0.9940259539695476,0.99401964360782,0.9861163434590365,0.9933155125460797,0.351565249135917,0.7824809478715203,0.9844677181523986,0.9844677181523986,0.9844496638829106,0.9811224559834028,0.2953161298647884,-0.14720612005304043,0.9888277047932957,0.9888002783334376,0.2293634282187253,-0.24008502330239084,0.9950998550288975,0.9953647427599178,0.8703615571264466,-0.3344390150586808,0.9914978749107156,0.9954712472907434,0.6492910638775362,0.1891246682899595,0.9952165720322584,0.9952121427411313,0.9952165720322584,0.9151103849258103,0.6639703827822502,0.9390207980788111,0.9418187617507525,0.8692586046221814,0.3873318452745461,-0.19251001761219372,0.23945004343724763,0.9549534611399411,0.3570347142534138,0.9754728053941302,0.972780708861013,0.9819892308327793,0.9890238436171471,0.9411883307742437,0.9520045268444416,0.95198313795019,0.9428015229022774,0.9493670635957081,0.9499286105811359,0.9493670635957081,0.907294117474131,0.9301199404493636,0.9309058360555957,0.9301199404493636,0.9380285884233669,0.822428829592499,0.9116733049362682,0.912741119395166,0.9116733049362682,0.7565034930451219,0.45783292311788615,0.7491562923856221,-0.5095337031259525,0.6557308262776823,0.6633780509925912,0.6636214800813384,0.6633780509925912,-0.05910041207648929,0.9259302482706839,0.9544268992815583,0.9413265199366994,0.9424269027110098,0.21880129574409876,0.9203534040590999,0.9207863023985553,0.9203534040590999,0.9235257505926453,0.9235257505926453,-0.09826494389307154,0.6083163278935274,0.12541940954219527,-0.728692991877129,-0.6109525010386961,-0.615034685298569,-0.17553810610815937,0.1641707202731136,0.17869696078904754,-0.05571739865437174,-0.6136089263713393,-0.05527276356947324,-0.7969946587102831,-0.32425033549025534,0.18896320319097193,0.19078289205870316,-0.589456098317971,-0.5646928215031046,-0.31268108647339055,-0.5323900938943822,-0.8076163467333765,-0.43639561235896457,-0.4293008271565338,-0.43639561235896457,-0.26351684524518,-0.3887748399535802,-0.3887748399535802,-0.795992864759248,-0.795992864759248,0.5082584380161465,0.6365717024607247,0.8476524103749192,0.8436175046197208,0.7573906149181538,-0.35850033465330017,0.7480334439859343,0.7695951325800627,0.7697491757484249,0.7695951325800627,-0.14656158139572126],[0.9999911168789014,1.0,0.9848891633656324,0.9995928430983817,0.9964218346054299,0.9999911168789014,0.9868614038840021,0.982552436982991,0.982552436982991,0.986799255602989,0.9774910424941271,0.9875040676200892,0.9869052631735735,0.986817647750413,0.9867719806812801,-0.052400161398588434,-0.14590534211250256,-0.486673078612103,0.9895565222316984,0.9895563545154444,0.986940995293218,0.9869447962432795,-0.21481049517081482,0.9828137898146009,0.9835999131207646,0.9835999131207646,0.9836211827837659,0.9812110119640785,0.06818099859234064,0.08870448995072298,0.9836135397819836,0.9836733594075688,0.6637175412604349,0.0056005124398802964,0.9915947943790893,0.9915988163421218,0.9921368071742145,0.9877160234312955,0.990813203779284,0.9916794146438702,-0.10185514407909187,-0.49064291947762106,0.9921609976276135,0.9921605953987914,0.9921609976276135,0.9148318807465635,0.5200086702756441,0.9390228081302106,0.9417101345197929,0.8688596683832192,-0.17616760084311567,-0.45149170451774107,0.8669253382711526,0.9082953378554782,-0.25661514798096563,0.9470403993315557,0.9471646182535013,0.9677839743265495,0.978959237108705,0.9622333093412034,0.966769797536364,0.9541681067650845,0.9562115794765184,0.9566549087654324,0.9569459069214722,0.9566549087654324,0.8922063452893562,0.8672721413019091,0.8682839419745105,0.8672721413019091,0.9633889804766818,0.9656971085751028,0.9634103887693141,0.9640481649091674,0.9634103887693141,0.7247011468005576,0.6871564822768848,0.7527554017451129,0.8013654975015994,0.7267796777102606,0.7460562956950083,0.7472031903822378,0.7460562956950083,-0.03596187631309768,0.9359065102234531,0.9517601208287516,0.9466665011521905,0.9660679520076675,-0.3366678525002487,0.933181673189775,0.9332975369006997,0.933181673189775,0.9379951716320164,0.9379951716320164,-0.1794860593172913,0.6082834055586153,-0.3782750557058793,-0.8110241707262581,-0.4745038986511515,-0.47870817401740684,-0.4083685713998182,0.29550502533242684,-0.2788873248365925,-0.5300952854793972,-0.7676673431124574,-0.3791624948380429,-0.4668429608044416,-0.4455919132810114,0.15831789844496488,0.15636381597746674,-0.49362904030913324,-0.46485149025913197,-0.49297905711347617,-0.5247877923312333,-0.5162983079862821,-0.4951769234018694,-0.49862987470666414,-0.4951769234018694,-0.3921873985208217,-0.5604177961246414,-0.5604177961246414,-0.5246286025839442,-0.5246286025839442,0.5064600789883639,0.38314669596654083,0.5202172261762806,0.6498258488513299,0.5398172792979399,-0.44365708057158,0.42344091369619,0.3265061105990654,0.32671910817970745,0.3265061105990654,0.22195073350292327],[0.7208125868196504,0.9848891633656324,1.0,0.7187245273441584,0.6685769605585858,0.7208125868196504,0.6980159672418295,0.6919612030184634,0.6919612030184634,0.6590686002443844,0.6344674606809093,0.9945812197156572,0.6980554184812694,0.6953985087171453,0.6981428045160503,0.34911632857516944,0.29250012414549886,-0.2470592389050815,0.667033210781317,0.6664229598850877,0.63911295889032,0.6972284917324233,0.13846682045710035,0.8314587105520274,0.6848226544447374,0.6848226544447374,0.6846261140150279,0.9904218717201824,0.268323411318772,0.0746207656584667,0.6528216299527733,0.6525218925179569,0.5751726997861434,-0.08458196322164657,0.6931455465730192,0.6515773077590853,0.6552996199439427,0.2739595283664539,0.9933792713484765,0.6500155947116877,0.3303621983307663,-0.2570501185588682,0.7103589281945122,0.6912832078207783,0.7103589281945122,0.9123602484130592,0.43971343524213585,0.9498476648211484,0.933999561484545,0.7914626102672091,0.24640959534181145,-0.08640867069916165,0.06027928156669426,0.6046117361472425,-0.07339071885898765,0.6373810060385855,0.6215514621801193,0.6362901638223054,0.6006572778769784,0.05240110062022964,0.8407795621354336,0.7789488490234684,0.7154746864547584,0.7842189692727859,0.7946185075348731,0.7842189692727859,0.6297490418263878,0.71310543484981,0.7456103016450294,0.71310543484981,0.7597067398217265,0.7109028386368343,0.7637806916551825,0.7956462904523736,0.7637806916551825,0.5442553083412797,-0.07749566885721068,0.5580664684580726,0.08430907000581553,0.5135286163480903,0.2741661361171814,0.5551533247042011,0.2741661361171814,-0.10062584732264832,0.6999691267777722,0.909911437862229,0.7566569646038794,0.7985356537001145,-0.09996950147752955,0.7281550984336942,0.7278223705618876,0.7281550984336942,0.7697925344166924,0.7697925344166924,-0.19091510360555314,0.7020138019638714,-0.1726844482644753,-0.7483047523862657,-0.47561785392978667,-0.47987186303676227,-0.44230920845665117,0.14403251876291684,0.016579449654545185,-0.3752118055746029,-0.7280642012687376,-0.1906277567867647,-0.36201825381700614,-0.30545424322833825,0.0837223829339145,0.08282155695171702,-0.5133485518540993,-0.10090573468658999,-0.2875808705367466,-0.5308397351412134,-0.24840690085634437,-0.4349978580527408,-0.320919931291522,-0.4349978580527408,-0.44037800548387623,-0.5687976147211634,-0.5687976147211634,-0.3380841014830269,-0.3380841014830269,0.4643523182129458,0.24993038045662788,0.31464723754611423,0.553329026090315,0.3410590373124938,-0.4064705394488456,0.011047393714675212,0.4705383522210332,0.5622499344063623,0.4705383522210332,0.023979061193188666],[0.999764397531207,0.9995928430983817,0.7187245273441584,1.0,0.999013634666148,0.9997643975312068,0.9942978602973648,0.9917860198292432,0.9917860198292432,0.9949516350418677,0.9780347286656969,0.9910120873830589,0.9943229099489183,0.9948881619567356,0.9943412075225697,0.6732038094160586,0.570493440457577,0.19489959839340498,0.9948654986471308,0.9948615540850918,0.9861120673644461,0.9943051893901721,0.34314673042853167,0.7865753968617861,0.9866563633247354,0.9866563633247354,0.9866375738498613,0.9855439263262474,0.29106921203428876,-0.15283373659898222,0.9880115645953023,0.9879915707042491,0.22151883716768722,-0.24045351507846865,0.9954579179541685,0.9959187577043779,0.8415604046706577,-0.3382760795918547,0.9933561026262456,0.996220659062363,0.6477644268021315,0.17494439629463243,0.9937624512957162,0.9954929540291451,0.9937624512957162,0.9133418001544109,0.6529639932310796,0.9411969588188991,0.9392035754314964,0.8564154165621732,0.38310850362408877,-0.1965496276911984,0.23502643848807656,0.9503629258804643,0.342383145056904,0.971322650933407,0.9702245463141851,0.9799833736210565,0.988706179650163,0.9254179342793636,0.9477104697905634,0.9427701493281794,0.9401696735794107,0.9373093167160798,0.9380392712066054,0.9373093167160798,0.9017890933092453,0.9217438603364158,0.9225892544739293,0.9217438603364158,0.9357441481026625,0.7766615971961763,0.8822443683858778,0.8833467812091584,0.8822443683858778,0.7512748727243501,0.2046674039231219,0.7426165455623542,-0.5142812729147475,0.6525120513552718,0.4022751861449995,0.6381579766312829,0.4022751861449995,-0.06433386659676804,0.9225599308822843,0.9499023435393213,0.9362960376628501,0.924937433527386,0.20550606877156552,0.9175716906343747,0.9181122765720955,0.9175716906343747,0.9096879988968901,0.9096879988968901,-0.10224506517109241,0.6243766425387202,0.13051188142655606,-0.7367770792283034,-0.6167291194736924,-0.6207352585911093,-0.18607337262170628,0.16042588000046232,0.17289490193851995,-0.06764155308153652,-0.6235197135411448,-0.06041125369043015,-0.8015586193512201,-0.3308963122077267,0.18044848833109708,0.1823203829990546,-0.5949991029096406,-0.5615067851142754,-0.31275088010694424,-0.5409478556622568,-0.8084175661928089,-0.4368350343387493,-0.4302789199413661,-0.4368350343387493,-0.2705728366905347,-0.3967517514806252,-0.3967517514806252,-0.7950847792456084,-0.7950847792456084,0.5003780080834802,0.6266927267472345,0.840138551524924,0.8365125096160918,0.7510924734720702,-0.3696509290100471,0.7396532887837559,0.7611871674646978,0.761338178614113,0.7611871674646978,-0.13232376480726626],[0.998281371637863,0.9964218346054299,0.6685769605585858,0.999013634666148,1.0,0.998281371637863,0.9974372062008479,0.9962845173701095,0.9962845173701095,0.9976506154202103,0.9726834458598317,0.9967750710378417,0.9974555430227485,0.9975129562459331,0.9974757874736218,0.5498595768437928,0.4208675392402367,-0.010635748678833077,0.9977857234567027,0.9977844857645551,0.9886693797520676,0.9974404228700197,-0.014949259330920811,0.7755979103228029,0.9934406727805702,0.9934406727805702,0.9934050725352074,0.9917531608381598,0.07040014692392697,-0.1363227037769671,0.9871756548328061,0.9871157357866072,-0.06921836020653073,-0.15014969186812718,0.997819631468589,0.9977390383275331,0.8388883769950503,-0.44687969903435015,0.9978300383004552,0.9980892821758667,0.5104573488006539,-0.034521161660489304,0.9977734389325874,0.9977761853788036,0.9977734389325874,0.9244822166742306,0.6225255028538117,0.9475424923026026,0.9367878270240135,0.8365372011836103,-0.04199907062721404,-0.5822882692348905,-0.12394947481403693,0.9425446088780313,0.2000428721935894,0.9700482757125273,0.9700649671928053,0.983636335730936,0.9894747937735622,0.9253424559968172,0.9325220495665114,0.9334739527429823,0.929417401580437,0.9319645728291248,0.93227874127019,0.9319645728291248,0.8817453045072352,0.8866444326730415,0.8875742440162879,0.8866444326730415,0.9262141265961367,0.8563399765600203,0.9092910286301032,0.9098966409488753,0.9092910286301032,0.7192669476714335,0.6308476501111617,0.7135779898618806,-0.5109878173222866,0.6974008161861135,0.6817269526349334,0.681209071693672,0.6817269526349334,-0.06737731875304594,0.9076718433778003,0.9305167733597282,0.9178985200251063,0.9320113223521033,0.052241772947195175,0.9062063646549315,0.9069792696981355,0.9062063646549315,0.9104985684799479,0.9104985684799479,-0.13679168537232664,0.6665010729997052,-0.014412075589169673,-0.7604991565332905,-0.6571459969536799,-0.6585714348034777,-0.21262428953572976,0.18360725113110038,-0.20715839705783623,-0.30421552506949195,-0.6813417240668648,-0.4048269042358421,-0.8365882907720388,-0.5873292667957218,0.15297922064665329,0.1547114359805981,-0.6173222164819175,-0.5586608927653135,-0.5679611918526007,-0.5751308804240701,-0.7616936133332425,-0.6151914429306132,-0.6182516151100882,-0.6151914429306132,-0.30312807076438947,-0.424683143757217,-0.424683143757217,-0.7330626387845153,-0.7330626387845153,0.48732394719480765,0.6131191962449143,0.804888433777412,0.8104561182487803,0.7452855661547803,-0.4864556416799667,0.6283828284322293,0.666181676456956,0.6662572254342061,0.666181676456956,0.09356143583905918],[1.0,0.9999911168789014,0.7208125868196504,0.9997643975312068,0.998281371637863,1.0,0.9932932066911232,0.9903759573324591,0.9903759573324591,0.9937548823875323,0.9795449794662303,0.9884335020560616,0.9933267515660759,0.9936330847763756,0.9933657119080248,0.6741874916428167,0.571978168966794,0.20883514397028038,0.9940259539695476,0.99401964360782,0.9861163434590365,0.9933155125460797,0.351565249135917,0.7824809478715203,0.9844677181523986,0.9844677181523986,0.9844496638829106,0.9811224559834028,0.2953161298647884,-0.14720612005304043,0.9888277047932957,0.9888002783334376,0.2293634282187253,-0.24008502330239084,0.9950998550288975,0.9953647427599178,0.8703615571264466,-0.3344390150586808,0.9914978749107156,0.9954712472907434,0.6492910638775362,0.1891246682899595,0.9952165720322584,0.9952121427411313,0.9952165720322584,0.9151103849258103,0.6639703827822502,0.9390207980788111,0.9418187617507525,0.8692586046221814,0.3873318452745461,-0.19251001761219372,0.23945004343724763,0.9549534611399411,0.3570347142534138,0.9754728053941302,0.972780708861013,0.9819892308327793,0.9890238436171471,0.9411883307742437,0.9520045268444416,0.95198313795019,0.9428015229022774,0.9493670635957081,0.9499286105811359,0.9493670635957081,0.907294117474131,0.9301199404493636,0.9309058360555957,0.9301199404493636,0.9380285884233669,0.822428829592499,0.9116733049362682,0.912741119395166,0.9116733049362682,0.7565034930451219,0.45783292311788615,0.7491562923856221,-0.5095337031259525,0.6557308262776823,0.6633780509925912,0.6636214800813384,0.6633780509925912,-0.05910041207648929,0.9259302482706839,0.9544268992815583,0.9413265199366994,0.9424269027110098,0.21880129574409876,0.9203534040590999,0.9207863023985553,0.9203534040590999,0.9235257505926453,0.9235257505926453,-0.09826494389307154,0.6083163278935274,0.12541940954219527,-0.728692991877129,-0.6109525010386961,-0.615034685298569,-0.17553810610815937,0.1641707202731136,0.17869696078904754,-0.05571739865437174,-0.6136089263713393,-0.05527276356947324,-0.7969946587102831,-0.32425033549025534,0.18896320319097193,0.19078289205870316,-0.589456098317971,-0.5646928215031046,-0.31268108647339055,-0.5323900938943822,-0.8076163467333765,-0.43639561235896457,-0.4293008271565338,-0.43639561235896457,-0.26351684524518,-0.3887748399535802,-0.3887748399535802,-0.795992864759248,-0.795992864759248,0.5082584380161465,0.6365717024607247,0.8476524103749192,0.8436175046197208,0.7573906149181538,-0.35850033465330017,0.7480334439859343,0.7695951325800627,0.7697491757484249,0.7695951325800627,-0.14656158139572126],[0.9932932066911232,0.9868614038840021,0.6980159672418295,0.9942978602973648,0.9974372062008479,0.9932932066911232,1.0,0.9977895158068587,0.9977895158068587,0.9999733649864858,0.96814132915556,0.9997354535628723,0.999996966773823,0.9999887008872062,0.9999942047282384,0.7809549667956232,0.7628045714912376,0.17039050952223195,0.9998784711921602,0.999878800470873,0.9910931754966193,0.9999971312608402,0.27193459311970347,0.7791182486783863,0.986884184848241,0.986884184848241,0.9884196654596322,0.9924904723247416,0.22926656607646703,-0.20038475364537486,0.9914038028411793,0.9915222178469967,0.13889923411630742,-0.27982891848173247,0.9994071029552838,0.9995298986312895,0.5004632118396695,-0.2877955688533621,0.9992540739551221,0.9995138887080489,0.7541583788864149,0.14917371508053212,0.9508468860230672,0.9991858970185201,0.9508468860230672,0.9315745244588148,0.6302595146790342,0.9537131908780156,0.9357428549238135,0.8081197644077889,0.42500665125243503,-0.13334695169641234,-0.16788204900628934,0.9402162481495969,0.3176728531931158,0.9702872020878898,0.9680338588009207,0.9815196668468542,0.9952102075078914,0.02236830645396878,0.89991247169221,0.861527624964749,0.9007590368694541,0.8570381543067715,0.8240619383622064,0.8570381543067715,0.8499676356787295,0.8295413118278995,0.8200139159078974,0.8295413118278995,0.8970352869526401,0.4678347001281643,0.6542756589534869,0.7004417794108521,0.6542756589534869,0.6887747909624331,-0.31771107363098305,0.6707725249898647,-0.583034769090039,0.5895578986681234,-0.04729104632986574,0.5154231781640065,-0.04729104632986574,-0.10516963252977961,0.8759509779833491,0.8994940257801637,0.885954228324451,0.799265237406915,0.17853012823807382,0.8736794390892745,0.8745029733111493,0.8736794390892745,0.8077932681633998,0.8077932681633998,-0.17001913702658342,0.7041068732687469,0.21431266793063822,-0.7369627833264273,-0.6531564181406093,-0.656712685286188,-0.22074209113455506,0.1131224668298974,0.3002705632917818,-0.08874862786467459,-0.6283451007083276,0.010410381183746854,-0.8287446867364034,-0.22519628298959002,0.12066008533932437,0.12252216776794318,-0.6339499474850855,-0.5772314077948175,-0.14594391786580088,-0.6070749166146553,-0.8261193622013021,-0.42563391840942133,-0.2653157406146812,-0.42563391840942133,-0.33001624117433165,-0.43038450801482986,-0.43038450801482986,-0.8180168714771112,-0.8180168714771112,0.48521977221515417,0.6010126570058666,0.5223011571479929,0.8115632924597058,0.7440620234458919,-0.41326701542364713,0.08430897482376355,0.7437587699300909,0.7616897848859527,0.7437587699300909,-0.07589454303649434],[0.9903759573324591,0.982552436982991,0.6919612030184634,0.9917860198292432,0.9962845173701095,0.9903759573324591,0.9977895158068587,1.0,1.0,0.9996333034300732,0.962745868792494,0.9989832903270538,0.9984786723487941,0.9994783466778385,0.9992670597173826,0.7773209924785806,0.7494126263905976,0.14935814084335308,0.9992879356181028,0.999289815844773,0.9887752527687189,0.9993829041070768,0.2476739286635838,0.7815126212453506,0.9933500195119169,0.9933500195119169,0.9869173506598827,0.9905176034107522,0.21258417574554905,-0.21260045151915444,0.9878054200960544,0.9912330219592124,0.1211397715045839,-0.2854803260032413,0.99848801803298,0.9985182993319484,0.4858375127401323,-0.29328943716283296,0.9977977721263764,0.9985123151319644,0.7505753101871369,0.12782211290928633,0.9447275612197334,0.9983257230644205,0.9447275612197334,0.9298436519439262,0.6166599893530674,0.954339643185544,0.9348676663447778,0.7927182743984539,0.41312912385470413,-0.14702608293842567,-0.17882223919781465,0.9332501156889229,0.2984630389666384,0.9660788077908963,0.9636414904245252,0.9771531408931299,0.9941283055093745,0.014390845623045522,0.8928310578282554,0.8502738752255206,0.8952739661272182,0.8467728650665673,0.8144349924610848,0.8467728650665673,0.8416307078727993,0.8163268753459928,0.809644145533846,0.8163268753459928,0.8916445997947015,0.45265449973957833,0.6387042262451373,0.6873225665238915,0.6387042262451373,0.6808814166408271,-0.3301799810199031,0.6613544353818376,-0.5882857672146087,0.5848437024527461,-0.06625136713318103,0.5028872870287376,-0.06625136713318103,-0.11025698543288688,0.8697867319357722,0.8911885755069079,0.8782058717953082,0.7872903870848772,0.16133162159634,0.8681148240939935,0.8690872641016059,0.8681148240939935,0.7955250600423026,0.7955250600423026,-0.1826178257061914,0.7226526157276506,0.22003383141812966,-0.7453673646931607,-0.6639019129953643,-0.6672987047520388,-0.234005235811122,0.10704501079667615,0.29321724342858413,-0.10682829887914085,-0.6395317814852214,0.0013287377849929573,-0.8331064321768072,-0.23154555079883152,0.10747352655323031,0.1093624396228815,-0.6436988960846151,-0.5777055255099817,-0.15259274834812048,-0.6208124766276827,-0.8247059189791,-0.4359579544281975,-0.27128809985654834,-0.4359579544281975,-0.3449629992273707,-0.44218097676159424,-0.44218097676159424,-0.815155816260404,-0.815155816260404,0.47118656286534283,0.5862657840707125,0.5053965993931989,0.7954734558106848,0.7329367630542495,-0.4322127111676672,0.07179885737039883,0.7259790716281065,0.7468314284186943,0.7259790716281065,-0.05951306093112395],[0.9903759573324591,0.982552436982991,0.6919612030184634,0.9917860198292432,0.9962845173701095,0.9903759573324591,0.9977895158068587,1.0,1.0,0.9996333034300732,0.962745868792494,0.9989832903270538,0.9984786723487941,0.9994783466778385,0.9992670597173826,0.7773209924785806,0.7494126263905976,0.14935814084335308,0.9992879356181028,0.999289815844773,0.9887752527687189,0.9993829041070768,0.2476739286635838,0.7815126212453506,0.9933500195119169,0.9933500195119169,0.9869173506598827,0.9905176034107522,0.21258417574554905,-0.21260045151915444,0.9878054200960544,0.9912330219592124,0.1211397715045839,-0.2854803260032413,0.99848801803298,0.9985182993319484,0.4858375127401323,-0.29328943716283296,0.9977977721263764,0.9985123151319644,0.7505753101871369,0.12782211290928633,0.9447275612197334,0.9983257230644205,0.9447275612197334,0.9298436519439262,0.6166599893530674,0.954339643185544,0.9348676663447778,0.7927182743984539,0.41312912385470413,-0.14702608293842567,-0.17882223919781465,0.9332501156889229,0.2984630389666384,0.9660788077908963,0.9636414904245252,0.9771531408931299,0.9941283055093745,0.014390845623045522,0.8928310578282554,0.8502738752255206,0.8952739661272182,0.8467728650665673,0.8144349924610848,0.8467728650665673,0.8416307078727993,0.8163268753459928,0.809644145533846,0.8163268753459928,0.8916445997947015,0.45265449973957833,0.6387042262451373,0.6873225665238915,0.6387042262451373,0.6808814166408271,-0.3301799810199031,0.6613544353818376,-0.5882857672146087,0.5848437024527461,-0.06625136713318103,0.5028872870287376,-0.06625136713318103,-0.11025698543288688,0.8697867319357722,0.8911885755069079,0.8782058717953082,0.7872903870848772,0.16133162159634,0.8681148240939935,0.8690872641016059,0.8681148240939935,0.7955250600423026,0.7955250600423026,-0.1826178257061914,0.7226526157276506,0.22003383141812966,-0.7453673646931607,-0.6639019129953643,-0.6672987047520388,-0.234005235811122,0.10704501079667615,0.29321724342858413,-0.10682829887914085,-0.6395317814852214,0.0013287377849929573,-0.8331064321768072,-0.23154555079883152,0.10747352655323031,0.1093624396228815,-0.6436988960846151,-0.5777055255099817,-0.15259274834812048,-0.6208124766276827,-0.8247059189791,-0.4359579544281975,-0.27128809985654834,-0.4359579544281975,-0.3449629992273707,-0.44218097676159424,-0.44218097676159424,-0.815155816260404,-0.815155816260404,0.47118656286534283,0.5862657840707125,0.5053965993931989,0.7954734558106848,0.7329367630542495,-0.4322127111676672,0.07179885737039883,0.7259790716281065,0.7468314284186943,0.7259790716281065,-0.05951306093112395],[0.9937548823875323,0.986799255602989,0.6590686002443844,0.9949516350418677,0.9976506154202103,0.9937548823875323,0.9999733649864858,0.9996333034300732,0.9996333034300732,1.0,0.9673022226211196,0.9997038221523867,0.9999745898474441,0.9999738809547678,0.9999772743718481,0.6037406000082081,0.4785235396937196,0.048952050289092115,0.999839225601161,0.9998401249690968,0.9910326508096089,0.9999720890831252,0.04284570755608939,0.7635646419370211,0.9956993887719202,0.9956993887719202,0.995662433937398,0.9924368726179686,0.059015962959283096,-0.14460729787677698,0.9909439396642421,0.9909092705562224,-0.046751548441929094,-0.24327504443453735,0.9994693163057055,0.9994285837428477,0.8407250763704948,-0.44928338606818974,0.9992032861013512,0.9994869682155234,0.5664061736413851,0.02514577046224086,0.9993546592972133,0.9993596693569391,0.9993546592972133,0.9312911632308452,0.6306090528011132,0.9535691608975914,0.9354671276635994,0.8077946404893532,0.049956714057763106,-0.5401450964512934,-0.08643178079137963,0.9371898839106252,0.2629273331680651,0.9682705826168934,0.9680032435400272,0.9838870122882588,0.9944944075878621,0.9025894331235789,0.9007116951208491,0.9118034791387373,0.9018375941266842,0.9102263158229031,0.9107308107482849,0.9102263158229031,0.8499719660205618,0.8691089358764559,0.870216656832821,0.8691089358764559,0.8983902209338236,0.8237648193262349,0.8841353850570666,0.8850605407814376,0.8841353850570666,0.6891595075373381,0.5681418636438541,0.6707789561715082,-0.5723194060706756,0.6379724934569295,0.6117972398608499,0.6118034677630603,0.6117972398608499,-0.05430685773695097,0.8769384076825606,0.8996537707506039,0.8866146497957234,0.9099407023619427,0.09211426511246854,0.8785890271123634,0.8800570412636873,0.8785890271123634,0.8830444922968439,0.8830444922968439,-0.17144577928804552,0.7043434724626488,0.013669355320551019,-0.7479507146043852,-0.6836567085891448,-0.6852251231556807,-0.22410332413345221,0.11721126553865738,-0.2107693011302776,-0.2693871076818021,-0.6633618954701275,-0.4300533075507229,-0.8580435695381936,-0.6193847960948367,0.11998134304239384,0.12217045373297337,-0.6352450697799986,-0.5733869395644685,-0.5781012892373162,-0.6083878375103579,-0.7894353344533205,-0.6378205000183449,-0.6403225256496636,-0.6378205000183449,-0.3318328257807332,-0.4334126494523192,-0.4334126494523192,-0.7707334863139564,-0.7707334863139564,0.4840101350733038,0.5990963036239653,0.8155304650794157,0.819134476495488,0.7419903580593694,-0.4390246673555018,0.6556362178034415,0.690674637012366,0.6908606672136385,0.690674637012366,0.15999801257547788],[0.9795449794662303,0.9774910424941271,0.6344674606809093,0.9780347286656969,0.9726834458598317,0.9795449794662303,0.96814132915556,0.962745868792494,0.962745868792494,0.9673022226211196,1.0,0.9573526756083469,0.968161445438569,0.9680485839834666,0.9679357323049528,0.3450961153262841,0.22044227701912214,-0.18671224699530706,0.971705616927533,0.9716884312179085,0.9682510328538223,0.9682437597018825,-0.054281200815060424,0.8008351890187414,0.9693185155687967,0.9693185155687967,0.9694600824223013,0.9256501149519291,0.1467884108213493,-0.13220442930018997,0.9731132347231746,0.9732063067232292,0.09115063080395315,-0.031340635321341834,0.9746041548586412,0.9748027150139132,0.9057603131869201,-0.3156537596190615,0.9638616649174865,0.9739651709833074,0.30121714294112023,-0.20591775231601728,0.975502871088984,0.9754763778562737,0.975502871088984,0.8578581426764563,0.4469308774698622,0.8821228670293431,0.9281487659652337,0.8916576819834101,-0.44138077424127375,-0.660765397391879,-0.14917197091640996,0.9104638511928946,-0.048638106146059616,0.933413453795471,0.9334678520682185,0.9484407158153577,0.9712213428789253,0.9052623915378487,0.9088623269030974,0.9143963975631916,0.9079202680877857,0.9085470736599859,0.9089923877288096,0.9085470736599859,0.8719473101571211,0.8450698553898682,0.8461394314591071,0.8450698553898682,0.9045712918514813,0.9161374771459722,0.9028662946145606,0.9032677419876002,0.9028662946145606,0.7597956639183289,0.7077758251009701,0.7607135534240596,-0.21210806138416202,0.7703749970581519,0.7836192131559458,0.7855458049513924,0.7836192131559458,-0.19737659547309244,0.9028869881128435,0.9473219619809669,0.914915388967904,0.9156734414840886,-0.06972793147314602,0.8977803813936773,0.8984484985092678,0.8977803813936773,0.9036828767528235,0.9036828767528235,0.024964692525332743,0.4565407547245345,-0.15865990356046525,-0.697016546807291,-0.4638989580998777,-0.46670138289227664,-0.10693896814405111,0.44262063905337223,-0.013632539836808665,-0.24384254637758415,-0.5977152978340905,-0.1430820720974398,-0.7822712721456359,-0.30777401899156875,0.31088416126678614,0.3113128669575307,-0.4332637216476692,-0.4294432074365951,-0.4033172869236325,-0.4157449395696859,-0.6477783642041886,-0.42184178970276753,-0.4244290513581015,-0.42184178970276753,-0.16969489250356762,-0.4761911862428876,-0.4761911862428876,-0.5421421493234266,-0.5421421493234266,0.6037723797463896,0.6538348928957318,0.7599794387951483,0.7279754854616065,0.8118968316469318,-0.5216176502760623,0.4489156814005731,0.5424358216486124,0.5427785163695188,0.5424358216486124,-0.09235024460583482],[0.9884335020560616,0.9875040676200892,0.9945812197156572,0.9910120873830589,0.9967750710378417,0.9884335020560616,0.9997354535628723,0.9989832903270538,0.9989832903270538,0.9997038221523867,0.9573526756083469,1.0,0.9997341151568098,0.999730367540389,0.999709610462347,0.06698095042485161,-0.03831285353138017,-0.5543015444154954,0.9998365399170426,0.9998380207980662,0.9997379682927612,0.9997370499055382,-0.29839741673893105,0.974824687648604,0.9950894936315339,0.9950894936315339,0.9950690630865738,0.9937391370775301,0.06362400143716267,0.056516685427761545,0.9930396638256366,0.9930855761527535,0.7299079227203956,-0.06589006509717983,0.999231448169233,0.9991985185051032,0.9990886093405097,0.9995032125745067,0.9995334586970387,0.9992581433416272,0.010476028186471613,-0.5613321662918347,0.9990516758492557,0.9990572118677122,0.9990516758492557,0.9267514871746064,0.48313008494427834,0.9497879772610232,0.9318870664697494,0.8075366845922938,-0.3104447742398063,-0.5685193357042713,0.8489647944933397,0.8768738848446188,-0.3407175986608352,0.9443725001325081,0.9445490400776385,0.9748138046098422,0.9941037591973214,0.9181111080202877,0.9226479059233531,0.9020667433656349,0.907492696399639,0.9058578885735283,0.9062702629394352,0.9058578885735283,0.821039630898744,0.7904401141828467,0.7917445051125892,0.7904401141828467,0.9240923766362666,0.9287978047742668,0.9231170158920508,0.9238808166033531,0.9231170158920508,0.6303450422166357,0.5846487188871828,0.6582668183198577,0.7218172408539171,0.6386350731001968,0.6627221062464113,0.6647525584958567,0.6627221062464113,-0.20971816948355698,0.8764095016858772,0.9008893307753917,0.8921951121627572,0.9237797577872453,-0.3581750849849794,0.8727891689127272,0.8729584148465921,0.8727891689127272,0.8795554373246207,0.8795554373246207,-0.22155403789532857,0.6989482965167383,-0.40045648596216543,-0.8263520128036845,-0.5447395951861763,-0.5480345949124162,-0.4471347026872254,0.2549842363799603,-0.3139887145559837,-0.5595052162548865,-0.7879584644257153,-0.4194025775775828,-0.5813931172493252,-0.49578119666442727,0.11303913108375285,0.11143129156566607,-0.5610751301238996,-0.5363667286878209,-0.5578858138995498,-0.5940295585502627,-0.5868380337100163,-0.5611742797099676,-0.5644599209968388,-0.5611742797099676,-0.4558011559000432,-0.6443864946423548,-0.6443864946423548,-0.6316483707737899,-0.6316483707737899,0.47971730079306846,0.3601852141027766,0.501872965545164,0.6246336345619893,0.5438634950259248,-0.571518336462496,0.36764739819284925,0.3050765387782827,0.3053289164617948,0.3050765387782827,0.28882470193542775],[0.9933267515660759,0.9869052631735735,0.6980554184812694,0.9943229099489183,0.9974555430227485,0.9933267515660759,0.999996966773823,0.9984786723487941,0.9984786723487941,0.9999745898474441,0.968161445438569,0.9997341151568098,1.0,0.9999917694774928,0.9999956604785516,0.7809070053788585,0.7471707109519101,0.17040569175353884,0.9998794771620971,0.9998797484925791,0.9911183360195147,0.9999976369874569,0.2721985231671933,0.7792023093072818,0.9916660816993504,0.9916660816993504,0.988417588745243,0.9925087815202496,0.2294977608788877,-0.20032655351886824,0.9914584149737822,0.9915252901968654,0.13909586877423125,-0.27980011015540124,0.9994076233378806,0.9995315257727706,0.5004566930369568,-0.2875920785723733,0.9992552687072621,0.9995197288438714,0.7540942185204548,0.1491948992281948,0.950837830061207,0.999186827186526,0.950837830061207,0.9315711999061463,0.630371404246326,0.9538070487456787,0.9358419618166623,0.8082236165106943,0.4253449065428262,-0.1329537566469455,-0.16754390568864233,0.940272534787827,0.3177116411348131,0.9703548834760618,0.9680708575905271,0.9815869552251301,0.9952166025443402,0.022550494004867944,0.9000424108907863,0.86161628751843,0.9008718949959658,0.857125943054299,0.8240254449426285,0.857125943054299,0.8500754059375969,0.8296054683071525,0.8199800873398855,0.8296054683071525,0.8971700771722815,0.4677480398170877,0.6542907097237515,0.7003780826871683,0.6542907097237515,0.688808798565671,-0.3177145003714132,0.6708266857087224,-0.5829169405861274,0.5895158860843245,-0.04739358870597749,0.5154687204915438,-0.04739358870597749,-0.10527875752310857,0.8760487121541412,0.8996281260956668,0.8860642519739049,0.7992635575761398,0.17855786832608087,0.8737748495225391,0.874595213176628,0.8737748495225391,0.8078634097357511,0.8078634097357511,-0.1699564522321784,0.7040614380394669,0.21440155523285465,-0.7370144616745934,-0.6530776827544634,-0.6566387218483174,-0.2208263276278565,0.1130279537938024,0.3004083388275371,-0.08876170494597144,-0.6284186202576,0.010630377460290068,-0.8285062597022593,-0.2249481334200524,0.12074278778119153,0.12261820784655385,-0.6339240994348836,-0.5770173657277019,-0.14573766384598882,-0.6070192297119448,-0.8260088434315801,-0.4254437874170647,-0.2651457179818769,-0.4254437874170647,-0.32987291779023126,-0.43036418026627987,-0.43036418026627987,-0.8179519876983636,-0.8179519876983636,0.48566334942326345,0.601109533150992,0.5225132388965621,0.8117743933633841,0.7440917650467758,-0.41308476867390664,0.0845647648950875,0.7439674481768676,0.7617769380184698,0.7439674481768676,-0.07591173269770311],[0.9936330847763756,0.986817647750413,0.6953985087171453,0.9948881619567356,0.9975129562459331,0.9936330847763756,0.9999887008872062,0.9994783466778385,0.9994783466778385,0.9999738809547678,0.9680485839834666,0.999730367540389,0.9999917694774928,1.0,0.9999895838615364,0.6866210656803058,0.5802560984892096,0.17361799068211184,0.9999010049067735,0.9999016525761563,0.9910850073647275,0.9999893889299196,0.27177172834177954,0.7754691978836847,0.9944413882293975,0.9944413882293975,0.9944107219720124,0.9925207774503619,0.22229638344365044,-0.20117496591264847,0.9919301216298193,0.9919391849157323,0.16054830090142533,-0.27897468375614054,0.9995747055321494,0.9995292554601551,0.8699169245676697,-0.3717088027581044,0.9992491651788645,0.999521578692162,0.6578574109911501,0.1524323424988534,0.9994817141663638,0.9994861417183545,0.9994817141663638,0.9310400608030401,0.6298089916042737,0.9534114888363948,0.9353099252260835,0.8067590419208555,0.3080634182221439,-0.29913807394805003,0.14339065857257943,0.9399468427772574,0.31830557880879673,0.9680491593765058,0.9679855444914234,0.9803502817306187,0.9954352755614649,0.9073938674296905,0.8989151700324011,0.9163710065962063,0.9004436675805371,0.9151333271044476,0.9158416198798929,0.9151333271044476,0.8488173493764863,0.8858093391646331,0.8869314764868445,0.8858093391646331,0.8965970696310606,0.8063575853293068,0.8866248591143909,0.8879134393726732,0.8866248591143909,0.6871836943562926,0.5558979849681763,0.668266272951199,-0.5813196984894892,0.5867534349055176,0.5827345550197626,0.5836007363219335,0.5827345550197626,-0.10887038900875454,0.8755169759951884,0.8989339559229157,0.8852229582006783,0.9132759824385167,0.18124193076963854,0.873346649177864,0.8743794314302817,0.873346649177864,0.8814022841943532,0.8814022841943532,-0.1699441025770418,0.7024149087186063,0.11348933407774514,-0.7352303956047473,-0.6521356648027965,-0.6554038973953796,-0.21979140977460523,0.11239410641957572,0.07225970408416134,-0.08579223849477814,-0.6260097052478737,-0.1775733496181298,-0.8377189979336329,-0.4384508486898249,0.11952702598382732,0.12174727581080276,-0.6335330578789949,-0.5765904770629987,-0.43062886383256266,-0.6064240036428309,-0.8183613027599005,-0.5380272490033275,-0.5343403758532661,-0.5380272490033275,-0.3288423540714193,-0.4295439800764031,-0.4295439800764031,-0.8092052695974559,-0.8092052695974559,0.4804013872170124,0.6003134367232794,0.8192937575503922,0.8147848950087816,0.7439400939583614,-0.41229670998713686,0.7060872710183977,0.7306277205650041,0.7307271974082203,0.7306277205650041,-0.0443188870363024],[0.9933657119080248,0.9867719806812801,0.6981428045160503,0.9943412075225697,0.9974757874736218,0.9933657119080248,0.9999942047282384,0.9992670597173826,0.9992670597173826,0.9999772743718481,0.9679357323049528,0.999709610462347,0.9999956604785516,0.9999895838615364,1.0,0.7680637622236844,0.6828088050786683,0.1705649275262634,0.9998824357897883,0.999882604381452,0.9912352624520911,0.9999955397778159,0.2728559527732427,0.7790401063865211,0.9946027626932971,0.9946027626932971,0.994521973174518,0.9924334361978357,0.22977898386504064,-0.20034738669440202,0.9923973685073596,0.99244230455992,0.13980902955846186,-0.27963800174597503,0.9994500035899395,0.9995314150399186,0.4995679194647646,-0.2869288867441291,0.9992215358222225,0.9995219604647045,0.750677691006355,0.14937360552846776,0.9504467090594618,0.9992338508246622,0.9504467090594618,0.9317655582793,0.6309683112709358,0.9538779145969194,0.9358780697745577,0.8079858144042875,0.42658150399401035,-0.13156601647340202,-0.16778030953800904,0.9405587760872731,0.3179746841347341,0.9707060612376677,0.9683301864642433,0.9818148372611749,0.9952611583804514,0.02159681856736796,0.9002491622719934,0.8615118210100076,0.9010440245412213,0.8570481746151867,0.8236111209362597,0.8570481746151867,0.8502333363564807,0.8295047953432335,0.8202465346006558,0.8295047953432335,0.8974127779537409,0.46712201104024664,0.6538413355040046,0.7003523024228709,0.6538413355040046,0.6886827203698064,-0.3187955533599723,0.6707857559248055,-0.5831349790408109,0.589201236787915,-0.04831077946314295,0.515141775402743,-0.04831077946314295,-0.10526046382383437,0.8761448772550066,0.8994310281244124,0.8861764038328439,0.7930222932234674,0.1789317143795019,0.8738252646970668,0.8746369480644895,0.8738252646970668,0.8076726932405792,0.8076726932405792,-0.17115226440815184,0.7047872669082297,0.21487254247744636,-0.7369692652172963,-0.653397784940026,-0.6569623574241537,-0.22177850319766423,0.11197959637227312,0.30074158742702334,-0.08908474448332816,-0.6285525143776519,0.010747405417303643,-0.8278376626555812,-0.22477024259201372,0.11990266144110563,0.12177700790008976,-0.6344443798931221,-0.5771981245655711,-0.1451941987143241,-0.6079926156142822,-0.8260580299636289,-0.42537861423382395,-0.2646279130802925,-0.42537861423382395,-0.3306489652398517,-0.43074522929863013,-0.43074522929863013,-0.8182964100957517,-0.8182964100957517,0.48576538472450925,0.6008133294481051,0.5220866195237793,0.8121774406475094,0.7436113150227861,-0.41269432855495236,0.08396913823323449,0.7443780466749572,0.7623795923023379,0.7443780466749572,-0.07568201691221367],[0.6741874916428167,-0.052400161398588434,0.34911632857516944,0.6732038094160586,0.5498595768437928,0.6741874916428167,0.7809549667956232,0.7773209924785806,0.7773209924785806,0.6037406000082081,0.3450961153262841,0.06698095042485161,0.7809070053788585,0.6866210656803058,0.7680637622236844,1.0,0.9909768981093188,0.4318477131151566,0.7417452601676479,0.7417054280193545,0.6504726984453502,0.7664524101152523,0.33703124525072853,0.3116192450763477,0.7563650698081192,0.7563650698081192,0.7401973562494358,-0.3336102803452889,0.19423550477812976,-0.15523247959784187,0.814501174590395,0.8107538564729423,0.16278862278183695,-0.20502828781103866,0.7751736602133918,0.6344402099945579,0.23476891253051244,-0.316936064909925,0.08110408466326906,0.5940970640065935,0.9982864954443067,0.41518829079804564,0.6995590393366788,0.7746597091570414,0.6995590393366788,0.020158760916236747,0.49522911950235593,-0.3912967195509272,-0.41437922407890093,-0.09617063966707616,0.38738888883482525,-0.052524125684193304,-0.212037893439489,0.6214541135220425,0.39543674975895066,0.778434032541696,0.6237288265213614,0.7311274788400344,0.7560651299490955,-0.1103411274837986,-0.0037043376125359758,0.49823602318855625,0.33261385739