var element=document.getElementById("correlationAdjClose");if(element.style.display!='none'){var correlationAdjClose={"data":[{"type":"heatmap","z":[[1.0,0.9999945738313397,0.986493456097967,0.9999342962856923,0.9991841790214145,0.9836849797584973,0.9978666062895838,0.9963394090293842,0.9711807090148826,0.9965364503832435,0.9946801729653475,0.9939625261410759,0.996434633705076,0.9964672936043731,0.9963811744442128,0.9977431924265366,0.9980675118041462,0.9983351346175109,0.9968817106228197,0.9968930942804864,0.9968570373723921,0.9964046335702083,0.9884556812868595,0.9735915318080492,0.9907782463181358,0.9602316785504447,0.9899281062191247,0.9870791295911848,0.9711324697651814,0.9571873152893954,0.9923601075466805,0.9938707713418692,0.9928380480605967,0.979125352264351,0.9977851945347677,0.9979020549081153,0.9976183491227208,0.9965182167176945,0.9955646215172795,0.9977902387937775,0.9986553355204797,0.9986882336251695,0.997766017597318,0.9977759158718574,0.9781086055932712,0.925613570038841,0.9548640656702717,0.9419338347632147,0.9414579936508322,0.9205124488501613,0.9643946540030315,0.951882651663117,0.9662390556746266,0.9688754904742373,0.9579081956070762,0.984852521466564,0.9826901310018235,0.9911764042725696,0.994280639117559,0.9876862147958133,0.9827991631179844,0.9882496357995243,0.9868202602380104,0.9887904993895502,0.9886750121791189,0.9564768887375719,0.9763691645476726,0.9768882509396206,0.9766639471958019,0.9453205575626036,0.982312026214926,0.9792007993149607,0.9862026284402231,0.9855804534292816,0.9424441321862345,0.9008944385580729,0.8709853070655573,0.9154815961140518,0.9298923496438739,0.9278804662460501,0.9280560004507125,0.9268833388159622,0.7299140571482292,-0.5398416769144337,0.9811094344268453,0.9762904978915158,0.9739728779333401,0.988314709797933,0.9743585848397406,0.9846776955049924,0.9846715312833454,0.9447307780364983,0.9854264923367818,0.9477644290509615,0.8049907035519073,0.9210614195661606,0.9354423707285482,0.824182955642135,0.9561646163176303,0.9568536653152815,0.9031575057881477,0.9684715926133345,0.8955973151176477,0.5783129792068815,0.7300003757512411,0.9028513222994629,0.8737203019410223,0.8942598311254222,0.976284667525491,0.9764347580928608,0.7900626041956983,0.7554266628440163,0.8258343073342833,0.46280889615591075,0.8088500699473595,0.8299517772598181,0.8250801518101027,0.8181721111949751,0.7955768188345391,0.7571620853330888,0.7416894662468948,-0.2908123334087583,-0.43139250545804814,0.7026940708329216,0.8913356733081715,0.9307984287541201,0.9413170709450125,0.9053784082853661,0.8296322716259341,0.909418355184716,0.9244881435821137,0.9242645957333104,0.859933534425917,-0.13708575787626823],[0.9999945738313397,1.0,0.9900460665878593,0.9998571204984084,0.998322495429599,0.9899743674552004,0.9941838568908365,0.991918185698954,0.9873942974400763,0.9919253554690943,0.9919522910065528,0.9932947814391373,0.9920148477177647,0.9919197802009403,0.9919753803190409,0.9939956963399238,0.9962713492843046,0.9958377048710494,0.9938996166230545,0.9939013514688305,0.9919669041869875,0.9920076741504276,0.9924369129866256,0.9774062557752164,0.9884419270119046,0.9845193387078849,0.9885192909079403,0.9870552128868648,0.9822343713402069,0.9402060698898326,0.9898194317208554,0.9879459142076735,0.9826862184445811,0.9420848206672713,0.9952248000952408,0.9951654026558128,0.9953634909588265,0.9923456859753481,0.9949716255746492,0.9953830161110917,0.9965849820269729,0.9967863280983322,0.9953803867973307,0.9953857156875286,0.9914383528074819,0.9252380112632738,0.9034159638288952,0.9417251107058551,0.9414560803241442,0.9204933813836602,0.8944950078176468,0.9340390201948168,0.8965983788285242,0.9249277397002649,0.8944117809271338,0.9601001195856671,0.9600744682822215,0.97358429348538,0.9855232092339645,0.983632783948972,0.9849887883589212,0.9793794448592272,0.9820586265998035,0.9806823586532405,0.9805777989615567,0.9445621732099643,0.9637700503245922,0.9376476964264315,0.9374753759081957,0.8706527701298025,0.9819796800209902,0.983164373198914,0.9833423909480222,0.9829308923945322,0.9551262754393861,0.8085877555932764,0.7746835847464099,0.8594068939074664,0.9122368359299374,0.8736153754711191,0.893378613948456,0.892369555079267,0.7746745262945248,-0.13648817691584889,0.9716435651743279,0.9743239008194908,0.9713292473749618,0.9840324113499714,0.9677428601487487,0.9740356494171656,0.9734039983726623,0.9318282480153405,0.9753670903909383,0.9337818333031516,0.7412693635754962,0.9206052841074533,0.919694416472457,0.5806197974502801,0.8563822054554938,0.8602599545726625,0.7631267783558935,0.9691499136262027,0.737117145504128,-0.3157224508685835,0.2540712164595015,0.7630397796237386,0.7140341832199774,0.7560475700541024,0.9706413940150629,0.9706703965796104,0.20605812702321535,0.37818408565989325,0.21328809835426585,0.18486539549426087,0.2063058698043229,0.21942274979817283,0.21638874671516106,0.1367508908494739,0.5595322018371442,0.29258629643092743,0.2424490380599797,-0.43623498027310903,-0.48511392659020003,0.7025726702100393,0.7613676013825145,0.7847252995566617,0.8490595447872227,0.8229871935954787,0.6025965658022823,0.7753869596155748,0.7794658060763555,0.7780259321009982,0.4400128565990366,0.24785424457752336],[0.986493456097967,0.9900460665878593,1.0,0.9877678926670758,0.9934834566314457,0.9914495902459814,0.9895315476996928,0.9903153413152102,0.9913715505629427,0.99292402391112,0.9968531109289708,0.9960294696212052,0.9901653124849199,0.9922513971751507,0.9903683803490322,0.9898294041499914,0.9908154841482774,0.9899900461451416,0.9889887367971008,0.9889590360776171,0.9918146032340569,0.9901931774945323,0.9950864925555484,0.9854056261995037,0.9910856032124736,0.9825984646277455,0.9917264116655875,0.987758297144801,0.9873672832287628,0.9626666719691946,0.9692828043897783,0.9736227905960805,0.9773322134718603,0.956912663068366,0.9869357770204232,0.990029232108792,0.9884105726321818,0.9919550995763985,0.9946990736574159,0.9908318282195921,0.9849388411867042,0.9878736830391317,0.9873086562662621,0.9866883869310209,0.992751448450622,0.9214025034465074,0.9392534264783492,0.9507235349802214,0.9342048294372987,0.8826701050969854,0.9227934532660337,0.908724737962426,0.9255929206528521,0.9330818627595482,0.9168892813765543,0.9508852000618305,0.9604975743106419,0.9684406913210976,0.9773721236188875,0.9446964671808348,0.9672346825223587,0.9668303989976049,0.9730137096232404,0.9670631021529367,0.9434489653651081,0.9258533248730547,0.9515469132694282,0.9422139256790687,0.9245947439787012,0.9001375989383061,0.9735363933927771,0.9538105222703634,0.9665177959987733,0.9466031312733242,0.845203175612972,0.8654540173601208,0.7839801692988647,0.8819723230069637,0.9041926585581032,0.9063118401562229,0.873772622887782,0.887980746743594,0.4512004271036905,-0.5254165478170703,0.9640143064008229,0.9517936355128584,0.9516482869766583,0.9446455816563418,0.9585871377230445,0.9665182664192818,0.9661586983957648,0.9347537237713731,0.962349134977905,0.8890513074846865,0.7899435728856437,0.9572769105968788,0.9556242954764413,0.8063982639253916,0.9443426131895853,0.9458803084060527,0.8762834410178905,0.9809968959522172,0.7760832841232206,0.4828354753820481,0.6749515583620777,0.7986904732112065,0.8014598479991772,0.7797152351291349,0.9830171849100567,0.9830205101316281,0.7217428649054662,0.7051346463658618,0.7115322416361382,0.4133063232601279,0.7110272033852088,0.7170979558668691,0.7255061492293183,0.7170637669115049,0.7599883850927606,0.6942268002297861,0.6777875625135905,-0.3487073872968746,-0.4891081734978049,0.6720201413179094,0.8539946325203182,0.8778802530800114,0.8872115946193095,0.8780452943201934,0.7641408267159843,0.8583099900854086,0.8676179880695047,0.8743470304530511,0.7354747868906442,-0.05995382716521727],[0.9999342962856923,0.9998571204984084,0.9877678926670758,1.0,0.9994092871712782,0.9847362205480945,0.9980861809541672,0.9967259676077158,0.973230866148579,0.9969686778881806,0.9953514521650062,0.9948370632052164,0.9968045111237224,0.9969215972263434,0.9967672510441596,0.9979898914927372,0.9983741913883626,0.9985741047940717,0.997218871461794,0.997227693069809,0.997224297238273,0.9967785482108992,0.989561375415015,0.9748971008236761,0.9916609661622712,0.9626230161440412,0.9909095769529768,0.988836630332515,0.9729755742348324,0.9583069644453729,0.9917152342324091,0.9934001811378198,0.9927661494990702,0.9787297679438209,0.9978543051399937,0.9980870102659557,0.997821038485645,0.9969386318002307,0.99604375486907,0.9980076603174163,0.9985523068551891,0.9987613279246771,0.9978312150235612,0.9978379652987437,0.9797944745911704,0.9223333808607663,0.9528998585215116,0.9417909202107582,0.9394504046619132,0.9147278710949625,0.961596849452515,0.9487555609122181,0.9633550556434872,0.9665752980163517,0.9553037468209187,0.9828618074808816,0.9812934943697628,0.9903598213979046,0.9940784239110138,0.9864206864485556,0.9817465528755406,0.9871575633986168,0.9862719185560639,0.9876273343776337,0.9875056627501153,0.9482040252480556,0.9752313798597605,0.975589730228322,0.9753621835183951,0.941006141740921,0.9818833093727178,0.9767007297653406,0.9849380739946769,0.9842842916700754,0.9250737587178186,0.8995599274000614,0.8676062533304291,0.9139437102146549,0.9274022417514936,0.9274600010223353,0.9258976226021928,0.9247627075570317,0.6467388084814896,-0.5393434829867393,0.9803555906800864,0.9751276728211851,0.972630115602871,0.9870526241715203,0.9737350568928504,0.9840073208585115,0.9839993810048612,0.944383138500497,0.984173358441001,0.9352172673663088,0.8083332447098489,0.9257011744436496,0.9390996525990088,0.8256937635654916,0.9573359896981081,0.9580492381614473,0.9027147818814698,0.9695935412978857,0.889544576405499,0.5746924953755506,0.7282901206159162,0.8974220209996013,0.8700398245568263,0.8885581985976286,0.9770470435272062,0.9772023488067385,0.7888914415725639,0.7555842181911732,0.8179409942815508,0.46437199429989917,0.8029579346052641,0.8217869166150569,0.8168397563213502,0.8127385033677965,0.7976644739032496,0.7570225527326188,0.7416201551897238,-0.28620588070157676,-0.43066704193522515,0.7019100889298455,0.8896006505685652,0.9289153247541665,0.9394786719874358,0.9042522452752771,0.8269163322422896,0.9073985672772322,0.9222192113589851,0.9221426480493318,0.8529287688108345,-0.130105949290085],[0.9991841790214145,0.998322495429599,0.9934834566314457,0.9994092871712782,1.0,0.9872291209249084,0.9989879492499525,0.9985533742560785,0.9847190504008273,0.9985528972916161,0.9981579915492347,0.9980814756619323,0.9985697382502969,0.9985840372240204,0.9985843855008413,0.9990600368228476,0.998828253646245,0.9992393968090795,0.9988361827606741,0.9988371167330901,0.9986259520207903,0.9985703041360886,0.9949782450915698,0.9820525106657898,0.9952085121496396,0.9787706787775047,0.9952368223284633,0.9924360745432522,0.9847641453454083,0.9613976953779655,0.9892579331345651,0.9919791701012177,0.9902624514955007,0.9715456884198084,0.9988376042157863,0.9989029957920549,0.9989279934436853,0.9986763077127111,0.9985710117997998,0.9988950681018122,0.9989154398712488,0.9991417152687592,0.9988558785042798,0.9988561403656521,0.9887666557232251,0.9313161556717132,0.9522727614784626,0.9487575489499779,0.9398608582252339,0.9104550325515138,0.9505410739982618,0.9453429111265766,0.9547661371179839,0.9610382765433512,0.9495044529224013,0.980961500608964,0.9808829937611186,0.9905242450698197,0.9939740212086685,0.9827404348784137,0.9759021071607068,0.9818738993523602,0.9826016557257283,0.9822726869911658,0.9821315406912068,0.945937350122723,0.9673819628437377,0.9608873925161923,0.9606341275061195,0.9147109816007984,0.9790593007354516,0.9753660292299617,0.9810301849727493,0.9802921570097672,0.9395691607620734,0.8817309355370255,0.8489963822136242,0.9004493559364605,0.9321304427299534,0.9186250709631156,0.9248245475507206,0.9238991964226768,0.7814614876472105,-0.538996887053984,0.9745615074601796,0.965310778736434,0.9638849624134832,0.9835671535636589,0.9644228114534945,0.9779385970336261,0.9776315201674255,0.9362555919581041,0.9791638850749811,0.9380326138233523,0.7983593358087745,0.9385680570227121,0.9576597178996127,0.7940139114318563,0.9463376437724684,0.9476342443198845,0.8978282253942049,0.9741588274271192,0.8920393868461054,0.4130155980696361,0.6749024229283684,0.8978896395557535,0.8517880529930117,0.8939563399863001,0.9803849725601167,0.980505445131188,0.7567760026899314,0.7407231772773856,0.7606139299344725,0.44377623304002667,0.7183283988156234,0.7649361970795927,0.760727570662436,0.7257865133756869,0.7859601759452567,0.7437400396052423,0.7274734416784008,-0.4847315728386855,-0.5676927172149224,0.6969223408014938,0.8854400924527447,0.9167983580377871,0.9360304050022197,0.9033425142072546,0.8112043066283958,0.899679918631717,0.9111968145495,0.9106394642394666,0.7933681637085352,0.08068559285549055],[0.9836849797584973,0.9899743674552004,0.9914495902459814,0.9847362205480945,0.9872291209249084,1.0,0.9810198489125589,0.9823379370034915,0.9932450980684205,0.981731504238303,0.9777966123682237,0.9768887766881909,0.9821613542176799,0.9826228603341799,0.9824046560462659,0.9819836059061838,0.9856331637196114,0.9829602654804734,0.9828313561234773,0.9828149619152765,0.9811979230047179,0.9822747972850786,0.9939523504934354,0.9932912366594643,0.9835392981102049,0.9878626570067487,0.9840296705695274,0.9745761743207948,0.9875282721432591,0.9739292907831015,0.959204731701074,0.9653198662492852,0.9751569950689729,0.9660850801746893,0.9807582818111307,0.9811864061833623,0.9820293168294792,0.9830417780258455,0.9777442942921482,0.9815900340665192,0.9799670391918819,0.9818056953814536,0.9809998600800681,0.9809876980242921,0.9960234436076947,0.884279711499576,0.9306726073468633,0.9290691506846693,0.9383725219117401,0.8981183355348639,0.917385329313164,0.9118463150196595,0.920300602674846,0.9376049613697538,0.9175719977445264,0.949294700186652,0.95547130262329,0.9620867358845684,0.9684757312824953,0.9731952207239204,0.9888074774521327,0.9754283642651316,0.9861644947477392,0.9750386268886028,0.9745107608891185,0.9767432060624944,0.9730864376253271,0.9543343334838963,0.9538137956257474,0.9505840022163065,0.9849854449218837,0.9778413114402762,0.9742100728459556,0.9729841921261789,0.9674657458299164,0.90683599327388,0.8644193558659496,0.922058339641646,0.9252570250381461,0.9346903391743633,0.9158958005154955,0.9138504125736181,0.7668708599160621,-0.48030237702178785,0.9834165388587278,0.9848883608765286,0.981440702643749,0.9739827276726917,0.9766126662170804,0.9820767211427573,0.9816945274356362,0.9697522576565688,0.972159883220254,0.9693741119431999,0.8107923371240929,0.9016049711289561,0.9581401995411519,0.8396615994624786,0.9463242504679701,0.9472931940716746,0.8669514200599927,0.9593883277125601,0.8322897896599534,0.49473569404424705,0.6912491446073188,0.8421553263140835,0.8200392736891434,0.8320478788721942,0.959185331223536,0.9591822101527133,0.7414392405632708,0.7311620685850255,0.7506660756011496,0.46771050489527544,0.7479427544176916,0.7558265273785553,0.7495558600643298,0.7481482314865511,0.7767912352876948,0.7153053514320489,0.7028250998448103,-0.3119585165846799,-0.4426544217209177,0.7082445586343052,0.8523897708594883,0.8666546857531673,0.8844958952063581,0.8614001678008898,0.7834366954003046,0.8465470741946489,0.858994659134652,0.8588860409549284,0.8016595384199805,-0.08816608266653683],[0.9978666062895838,0.9941838568908365,0.9895315476996928,0.9980861809541672,0.9989879492499525,0.9810198489125589,1.0,0.9976379872251668,0.9572381185806177,0.9996300499611631,0.9995979494640984,0.9996260776031134,0.9985025806338236,0.99949707520444,0.9992299345978723,0.9998939059443285,0.9967742377182297,0.9999044755480224,0.9994164732923173,0.9994213399106306,0.999727715740503,0.9993653228866638,0.9908881746427723,0.9753293677992712,0.9865156415882617,0.9290040050634338,0.9939261024966163,0.9930520855778673,0.9754621175322061,0.9550565743601561,0.9916841217704208,0.9921591524317022,0.9938658420307477,0.9762890448048984,0.9990648774417571,0.9998613398770694,0.9997315788257235,0.9994982168721432,0.9997841387882742,0.9998475220829313,0.9985945621268985,0.9997515101699422,0.9994247582894031,0.9991004167507901,0.9802035530574312,0.9380686377062681,0.9549784852843731,0.9525707454947924,0.9404498798497974,0.9091201696670835,0.9586081971910052,0.9484118766606475,0.9609748531053851,0.9642761516191001,0.954739274140592,0.982363775985096,0.9822016265974141,0.9922171828431313,0.9964921384054759,0.9532836001879189,0.9628392332278489,0.9737892518622079,0.9740861410205717,0.9752588452101983,0.9532278698858568,0.903774613129751,0.9578423901088632,0.9631525844376968,0.9448986547841993,0.8938143735123122,0.96917091035776,0.9458233423719997,0.970403469009186,0.95365322438603,0.8028791034498798,0.8734540896109081,0.8006838919045682,0.8870135427811823,0.902960050362611,0.9072185097512121,0.887613581868997,0.8988577986580187,0.3972583096649862,-0.5745442681639205,0.9648561380755872,0.9502340128387939,0.9503919205038244,0.9547032755139048,0.9598999380423316,0.9711095600175831,0.9712040810626019,0.9238930331646111,0.9693460711634522,0.8599492491802565,0.7916324011188932,0.9388575439538247,0.9374172685422841,0.8122037168899008,0.954750965576036,0.9555937208118808,0.9020027634317939,0.9735967083423142,0.8335704125200508,0.5712734133037966,0.7223877015031875,0.8578334211578063,0.8521579645715117,0.8393425058858133,0.9807732590832139,0.9809566177983609,0.7809970015297978,0.7383854989786314,0.7833974282926232,0.43716343278909,0.7826833319135659,0.7968108050720465,0.788764387751072,0.7957744309025819,0.7835349219213188,0.7504341334780862,0.7331895658999944,-0.2991983359251932,-0.4513831410872453,0.7098615709826843,0.8906928824767901,0.9222028682728183,0.941020911122557,0.9104545821285982,0.8290539642140796,0.909693206809659,0.9271401443079198,0.9257129135842143,0.7790352909850686,-0.10126884055524996],[0.9963394090293842,0.991918185698954,0.9903153413152102,0.9967259676077158,0.9985533742560785,0.9823379370034915,0.9976379872251668,1.0,0.9678296594501813,0.9999998353240764,0.9999993449487966,0.9997751112409395,0.9999970894238425,0.9999930865566627,0.9999983263979828,0.9993584484529929,0.991860815365557,0.9994859254160268,0.9999122121053099,0.9999117320508948,0.9999665963641687,0.9999987613247445,0.9914222186036217,0.9770506577000267,0.9932157880440591,0.9428725298217232,0.9944174422353478,0.991504909473742,0.9776442358077205,0.9545981540103373,0.9880481711194439,0.9939384238663553,0.992509078109777,0.9734815055329755,0.999484001217628,0.999590751694998,0.9996892283317055,0.9997545588889751,0.9992858370633657,0.9995297089626423,0.9983010608954503,0.9988958932083298,0.9995560361641049,0.9994271210669583,0.9819695147554237,0.9379662107180599,0.9525560065815882,0.9561463627294763,0.9398662028239755,0.8999574590983563,0.9568408943212606,0.944102914136894,0.9588762915086672,0.9590110994633582,0.9490347725253837,0.9803893744537446,0.979449940352571,0.9912563919121603,0.9968990758323489,0.9489132296777322,0.9597509254056904,0.9685510037263636,0.9717205493376297,0.9703645166499588,0.9517899353241163,0.8983606635115274,0.954099050782055,0.9574897720823186,0.9402046487662123,0.8845335162203771,0.9670679148016258,0.9405597169865644,0.9657775707114494,0.9495884150310077,0.7925777406551346,0.8671606660844177,0.7968557336166253,0.8806861592270637,0.8969911736988989,0.9036674859502337,0.8838319618144693,0.8930489465745269,0.3818670646012019,-0.5778519488500266,0.9616394049771999,0.9455292456374337,0.9458138317740439,0.9529817650259529,0.9565322954597497,0.9679621800987476,0.9680427118226294,0.9207951656162345,0.9637041015222194,0.851513130096694,0.7892194176881696,0.9508234637470601,0.94744852049566,0.8096682519048448,0.9547368823954647,0.9557227963196138,0.8995058233932579,0.9772636491877171,0.8360295149838319,0.556873153433748,0.7139816695129483,0.8584390916251059,0.848910621723482,0.8410741935165794,0.9830249302219635,0.9832075629011823,0.7724200979733787,0.7313380706463682,0.7842943335842422,0.42586345113144414,0.7775904010503445,0.7921453597969016,0.7888131163997136,0.790162170054499,0.7778302921815266,0.7448750643226386,0.7271083750522671,-0.31423555351895455,-0.46531553281711474,0.6980155967250886,0.8834948410228982,0.919511203276288,0.9336159579187668,0.9048747635192471,0.8187519032939713,0.9033403146577255,0.9208625569949417,0.9196820114063602,0.7608964955635723,-0.08446875524243148],[0.9711807090148826,0.9873942974400763,0.9913715505629427,0.973230866148579,0.9847190504008273,0.9932450980684205,0.9572381185806177,0.9678296594501813,1.0,0.9828278253627826,0.9873988911376396,0.9898378396785872,0.9714453705307452,0.979741318356204,0.9763201631933532,0.9743337780361767,0.9503425434314561,0.979195706167941,0.9770013615584929,0.9769396857331565,0.9813336663446984,0.9761524527668543,0.9938642825821772,0.9932898657861942,0.9803538175445414,0.9899406529400633,0.9835032434472254,0.9906992080477229,0.9907630479819945,0.9697722505309272,0.9276517879452167,0.9492594050433958,0.9662528719327754,0.9524349821274811,0.9707561588455871,0.9792422541643848,0.9758230863375766,0.9781805191251529,0.9883462909005956,0.9804011190107688,0.966993369781301,0.9764972781811648,0.9716230603845579,0.9705860433298571,0.9990408196820839,0.902194658768046,0.9241810585748358,0.9511953887022984,0.9405212278904161,0.8791877283834983,0.8868607216660642,0.8869385755580467,0.8908967189350074,0.9172350747341935,0.8970324011638264,0.9297696394060382,0.9465160882749571,0.9518300098429763,0.9611956195488796,0.907803920329936,0.9691784538986805,0.9490568882435692,0.9681371909980213,0.9490534502107342,0.9066505989464727,0.9197294285096511,0.9467050222026824,0.9209108008075755,0.8859348705635298,0.8887428304524273,0.9696684411275661,0.9246824656213799,0.9467777727589382,0.9103732827476013,0.8362266274779533,0.8610453969395856,0.7442479001041157,0.8790425076279323,0.8876309382042964,0.900997310353091,0.8503782779107802,0.8687675312493544,0.4335456973531372,-0.5076761489811816,0.96000408826623,0.9547788632280543,0.9525254106115698,0.9060544184010036,0.9508874414984804,0.9582876334996654,0.9577581588795885,0.9397478415260513,0.944010035720848,0.8803821898884668,0.7957973799551536,0.9431570864476001,0.9631626313442414,0.8155781840183166,0.937906722118402,0.9394205093309231,0.854266873609812,0.9687714337659953,0.7424748224382084,0.44519042214457205,0.6562532936626619,0.7756043838268519,0.7782842898198304,0.7538042566516856,0.9681306269237255,0.9680798011041488,0.7029925651841917,0.6950752252339504,0.6769824187816796,0.42079855119936194,0.6928084814533888,0.6949882169159894,0.6759583243849663,0.695205415340499,0.7528610783001439,0.6878007911251852,0.6726814445367588,-0.35417087889824755,-0.4908368760677023,0.7085443988533437,0.8384374173449646,0.8310028536882925,0.8618074078649466,0.857200924736525,0.7558322417846249,0.8144211331376938,0.8368836078703462,0.8306632674412131,0.7074988764498605,-0.02023655918991265],[0.9965364503832435,0.9919253554690943,0.99292402391112,0.9969686778881806,0.9985528972916161,0.981731504238303,0.9996300499611631,0.9999998353240764,0.9828278253627826,1.0,0.9999991556325042,0.9997796081606852,0.9999985283147869,0.9999920119630609,0.9999978679019429,0.999698302403526,0.9979526065270719,0.9994844678234789,0.9998886359055946,0.9998884031324656,0.999978469858015,0.9999992746591376,0.9939426420283207,0.9787560699385044,0.9963769954224438,0.974862972353331,0.9964625322942947,0.9915037229563592,0.9819568737656066,0.955907901712965,0.9898757774728796,0.9938799787437699,0.990218984600475,0.9703305863264874,0.99951968465571,0.9995846581854001,0.999597612780825,0.9998406565354075,0.9992975716919407,0.9995371081224286,0.9985334320095827,0.9989411369082272,0.9995265280411662,0.9995217404674746,0.9863779282757232,0.9378984750140763,0.9525872293047141,0.9561036183275069,0.9398918775469529,0.9000706961201804,0.9487167604223019,0.939754755994342,0.9523568904813651,0.9573405370278552,0.9472967775478855,0.9796566289400324,0.979482599345354,0.9918015612187241,0.9967388209452209,0.9732229206583229,0.9597396964255741,0.9722895091512449,0.9717080840297891,0.9728302648645655,0.9726253144512834,0.9335371822550631,0.9540953144335635,0.9514751550296036,0.9511992727572863,0.9030899314792034,0.9670238774761356,0.965869550452037,0.9716689087758401,0.9707565800944523,0.926000055944988,0.8671877493455912,0.8288528061051297,0.880540461415842,0.9156045644038215,0.9042012027056182,0.9094770976411108,0.9087250943038546,0.7369198279866158,-0.580299901372725,0.9616313950328895,0.9455099903657042,0.9458081431111505,0.9742303002159366,0.9519060855847304,0.9676693456690677,0.9673292283619719,0.9215081978805889,0.969102583571134,0.9235569174469059,0.7892176398746159,0.9506012380349236,0.9586249497723812,0.794930310766918,0.9488603816684765,0.9500138707689185,0.8995779995343607,0.9765150962178333,0.9000070713949933,0.45440733056242133,0.6918476216760893,0.9058155371183163,0.8597900543352649,0.9018622074437297,0.9829891742574526,0.9831958621015143,0.7724887167641268,0.7311545633124366,0.7756620485452432,0.425969655783732,0.7343281260626011,0.7802181955756047,0.7758006668821653,0.7437632738519536,0.7776432710268657,0.7448480569462974,0.7270681519528875,-0.5292078479644279,-0.6124896150005796,0.6977307367090876,0.883568982963906,0.9199599653924548,0.9382980765576592,0.9049554159594885,0.8156301061865147,0.9007155576113802,0.9139413906242648,0.9133473192144963,0.8056778774165648,0.14243655574753092],[0.9946801729653475,0.9919522910065528,0.9968531109289708,0.9953514521650062,0.9981579915492347,0.9777966123682237,0.9995979494640984,0.9999993449487966,0.9873988911376396,0.9999991556325042,1.0,0.9997788462801747,0.999996387677835,0.999994993702071,0.9999983860470305,0.9996846296957255,0.9976724092461658,0.9992433046386708,0.9997954387321009,0.9997950759905574,0.9999984540790109,0.9999982640375816,0.9933418211781233,0.9749581531057674,0.9954781033125745,0.9829028447859478,0.996051831610366,0.9915160561266254,0.9841604366045411,0.9488579222553567,0.9892499552417295,0.9934857190625389,0.9843096666339017,0.9467807806929363,0.9993166808616023,0.9993701545960448,0.9993132025530961,0.9998997010236272,0.999281872345153,0.9993231311696961,0.9980304883849201,0.9985753325680774,0.9992930031982836,0.9992904379928587,0.9887526351168632,0.9376273387004074,0.9214452558788707,0.9560642811352835,0.939822358412825,0.8997940400825472,0.92033335256023,0.9112986722779571,0.9245716519971309,0.9329902179743049,0.918836245578277,0.9725849696733064,0.9725623915469706,0.990781160010237,0.9953631325927114,0.9654619912910535,0.959873654036169,0.9599222963338225,0.9626555453278964,0.9611688695744469,0.9609146006341591,0.9098473686239785,0.9437974945764052,0.917447992773854,0.916985916309318,0.836531936581604,0.9650879680871259,0.9702738782245922,0.9669086278581283,0.9658234125580284,0.9188714587206103,0.8054656848700709,0.7702049053942701,0.8457801765838,0.8966328376467144,0.8671692059474853,0.881850848554933,0.8806104912527695,0.7391018806783403,-0.380608943455677,0.9493452129533542,0.945662213870463,0.9459202801742885,0.9665356355233289,0.9383654864942967,0.9518963779428735,0.9512314848965732,0.8947500108078,0.9544283057984104,0.8988375214396284,0.7893823129167503,0.9508998795986825,0.9627904829928354,0.6944634264800742,0.9108746899810015,0.9134169626265748,0.8581135320753491,0.9855817728184239,0.8460323277457779,0.11122521984062378,0.5461682386899901,0.8579793379861901,0.8259991037603287,0.8529082451566362,0.9863063854558445,0.9863267619513736,0.5402267357907876,0.6477726550349331,0.5474463977200383,0.42591243659769246,0.5156802548855747,0.5577439912053157,0.5484062086206951,0.4868134351197961,0.7668843741540623,0.6165495874987517,0.5784683955613327,-0.4901036514776189,-0.5487810014703974,0.6972010025173248,0.8638417547047775,0.8762332510300173,0.9096101327951651,0.8988040834099106,0.6872029324738174,0.8524700657829705,0.8695985683720518,0.8687625678949322,0.6217126197380817,0.09408691471019437],[0.9939625261410759,0.9932947814391373,0.9960294696212052,0.9948370632052164,0.9980814756619323,0.9768887766881909,0.9996260776031134,0.9997751112409395,0.9898378396785872,0.9997796081606852,0.9997788462801747,1.0,0.9997924772853323,0.999778721079949,0.999784316560895,0.99968431400012,0.9982903491178685,0.9994334051797763,0.9999717429864377,0.999971189131764,0.999783578824403,0.9997886183573778,0.992984316821652,0.9720803278022263,0.9943782722071814,0.9837409513557788,0.9951376109576262,0.9938613841147775,0.9805813325951233,0.9307996719299652,0.991876024695217,0.9945462533906385,0.9800922826918227,0.9292488446763018,0.9994472937362482,0.9994922666396199,0.9994554145696585,0.9996095278590064,0.9996322279832224,0.9994706920457147,0.9979227141428032,0.9986103290392834,0.9994348561234631,0.9994317022337094,0.9900992000449443,0.9334001181535537,0.9090929516972145,0.9531240277167964,0.9384483449846612,0.8997079407954564,0.8877193357316688,0.9236429526391272,0.8910771101094341,0.9112478550190817,0.8861115474472081,0.9612348252998929,0.9612194788446425,0.982275498530504,0.9949372552331113,0.9641120403160642,0.9643315221186329,0.9549928225364245,0.9602676832542447,0.9573199140454498,0.9571270801236786,0.9095942502262202,0.9343555407961537,0.901377405741122,0.9011336483492016,0.8203633315542719,0.9640964219450536,0.9660357668860545,0.96606050306146,0.9654176464641266,0.9256199197914319,0.760142312045934,0.7226897000942685,0.8142846968426631,0.8761850106050624,0.8340959246126207,0.8559312176322101,0.8551494692702012,0.7218935303236975,-0.25715542627030935,0.9433190126371451,0.9477746560485933,0.9429242932776055,0.9648012279431484,0.9380444552291498,0.9466272424279774,0.9457483191364418,0.8927004643412654,0.9487564177876675,0.8955748137743191,0.7452281450352515,0.9485106534663589,0.9424759417765827,0.5767497795787165,0.8592776099578491,0.863530402318594,0.7594908297698825,0.979732372355984,0.736152438411395,-0.25653504365493285,0.28917046158257415,0.7593397855815506,0.7159210967116962,0.7532323161336868,0.9808293927214015,0.9809220586970995,0.23991791190180786,0.3977967956201989,0.24555837369657318,0.217444700647893,0.23743837968490386,0.25267360694826146,0.2502533607098184,0.16692432985215994,0.5770390954143294,0.3134352110945015,0.2616474323725536,-0.5025540061979438,-0.5502440091284067,0.6975885244214299,0.7646651532297124,0.7878463655598423,0.852418031608629,0.831186979839158,0.5925204014821399,0.7737148424775692,0.7828256692933631,0.7815329693962645,0.44342345592070265,0.28299503896782646],[0.996434633705076,0.9920148477177647,0.9901653124849199,0.9968045111237224,0.9985697382502969,0.9821613542176799,0.9985025806338236,0.9999970894238425,0.9714453705307452,0.9999985283147869,0.999996387677835,0.9997924772853323,1.0,0.9999914872632649,0.999997690609648,0.9994038202208788,0.9934732066306341,0.9995239817603266,0.9999216082545456,0.9999213376533014,0.9999734479352271,0.9999989707388984,0.9913026901937423,0.9768577536252061,0.99386067544615,0.9477490325084341,0.9943694224115471,0.9916116014406622,0.9774462767381032,0.9545438904608703,0.988957906921052,0.9940238324022989,0.9925918571357164,0.9736071207572828,0.9995267508611111,0.9996294021897141,0.9997190480463845,0.9997531399307111,0.9993412025759092,0.9995695375523034,0.9983857636055562,0.9989605559779381,0.9995985699333829,0.9994705163477705,0.9817224060179187,0.938214802089969,0.9527132155769441,0.9560580861881363,0.9399148860689623,0.9005295907928469,0.9571974924893942,0.9444877437318338,0.9592353213634468,0.959337077263463,0.9494244571521256,0.9806420028362668,0.9796343073065014,0.9913889822337044,0.9969829340692942,0.9491565021627754,0.9597533161221252,0.9687196732924404,0.9717552589733546,0.9705318400689188,0.9519863326035637,0.8982915008901028,0.9542203406295877,0.9577749997160077,0.9405453372852802,0.8846680695264322,0.9670613336272738,0.9406866708295467,0.9659160371383966,0.9498146819096308,0.7924718159614168,0.8673970484911279,0.7972835198941868,0.8809086122827066,0.897186753204868,0.9037768192381382,0.8841334308888651,0.8933411001270601,0.38195606794719006,-0.5779494653290476,0.9617082286459864,0.9456201748903212,0.9459030176462254,0.9531788038460414,0.9566016953693797,0.9680523558309002,0.9681348635761172,0.9207468468636424,0.9638924114555807,0.8514838606959539,0.7892606533556824,0.9502802019980842,0.9469501037119358,0.8096786820010096,0.9547339653431566,0.9557119982529445,0.8998476831899976,0.9771243581117609,0.8365311578759168,0.5579874485802769,0.7146272980433507,0.8589248214303459,0.8494448550332333,0.8415673066102466,0.9829641120876629,0.9831471284076083,0.7730291162968924,0.7318315708719574,0.7849154610261732,0.42646227792657926,0.7782563989362021,0.7928422534663264,0.7894492808136802,0.7908735169355113,0.7781617079121019,0.7453271288682034,0.7275747149183962,-0.313326391293942,-0.46451410297557183,0.6983998941349056,0.8840190945330031,0.9199979350868287,0.93415632845922,0.9053627134880412,0.8193170743688158,0.9039306712753201,0.9214564020954366,0.9202670855220416,0.761580944202874,-0.08551787628881832],[0.9964672936043731,0.9919197802009403,0.9922513971751507,0.9969215972263434,0.9985840372240204,0.9826228603341799,0.99949707520444,0.9999930865566627,0.979741318356204,0.9999920119630609,0.999994993702071,0.999778721079949,0.9999914872632649,1.0,0.999995300997136,0.9995875665048016,0.9979098881668077,0.9994840170864306,0.9999074462093697,0.9999062990690836,0.9999559925251712,0.9999917564637291,0.9931812577440687,0.9772591809084218,0.9960996606755762,0.9689357432279092,0.9958906634407616,0.9914873787313753,0.9778973008022394,0.954729802427317,0.9893543046181258,0.99409922323388,0.9919025965305202,0.973179962158555,0.9995078467025184,0.9995837105745757,0.9996407308021551,0.999892889781173,0.9993073787706358,0.9995200909579307,0.9982622900541871,0.998886021925645,0.9995282893007428,0.9995213439094639,0.9842540959798454,0.9380461193463611,0.952499996405401,0.9560683127344529,0.939862719505327,0.9000666255206372,0.9523317078793253,0.9378274814870077,0.9546455048260486,0.958743286589852,0.948716140198424,0.9792433977094137,0.9793216904714672,0.9907053263636547,0.9969789116257609,0.9741245358374073,0.9594922326643811,0.9735848524762457,0.9717210685000999,0.974528758917875,0.974317995212318,0.9426524240253307,0.9538407599991269,0.9565851011862947,0.9562983301040576,0.9196807865171499,0.9670512656494257,0.9687957959883509,0.9736232930033105,0.9726269516199954,0.9343374892128034,0.866956066614146,0.8340579192889235,0.8803747673872852,0.9074355593032183,0.9035317060831491,0.9042364902068515,0.9031745197940597,0.7150398785786712,-0.578110597215245,0.961657195835122,0.9453685862665584,0.9455472903153993,0.9751483671174048,0.9566412497383666,0.9679860263735709,0.9680667824662723,0.9208602890301637,0.9694344279870635,0.9319830342606409,0.7891508133722464,0.9503923197482006,0.9517785608614169,0.8090465997112545,0.9546150803347979,0.9555579146651788,0.899454517264473,0.9774655039280323,0.8863171379667099,0.5571033496111866,0.7135236447770319,0.894177762116378,0.8628130041375889,0.8852524757848089,0.9832266131676364,0.9834305001868633,0.7716394354483415,0.7306706837515735,0.804795239925737,0.4259981805640797,0.7849040747767907,0.8091611557404416,0.8036856054258051,0.7912083622566354,0.777745032242108,0.7435990862121366,0.725862081625999,-0.4032219900151929,-0.5254018362125136,0.697208814290953,0.8835676823323076,0.9164017629626231,0.9297016459604648,0.9052817260462416,0.8178513171191172,0.892101726042179,0.9096138907408113,0.9091493289244671,0.840784519767281,-0.05195218597504431],[0.9963811744442128,0.9919753803190409,0.9903683803490322,0.9967672510441596,0.9985843855008413,0.9824046560462659,0.9992299345978723,0.9999983263979828,0.9763201631933532,0.9999978679019429,0.9999983860470305,0.999784316560895,0.999997690609648,0.999995300997136,1.0,0.999489866162178,0.997216186981045,0.9995008087851976,0.9999148938741708,0.9999141314432255,0.9999675033530558,0.9999976598721174,0.9914648779367471,0.9771123890814197,0.9954731015791296,0.9606976841591105,0.9952791979359326,0.9915706715112883,0.9776963554948386,0.9547576554847265,0.9914246156061839,0.9942819879812231,0.992461268075252,0.9733994683827492,0.9994949161092815,0.9995917374074242,0.9996959222840358,0.999769072996402,0.9993110176301951,0.9995270438403946,0.9983245755390544,0.9989109785825662,0.9995653611404768,0.9994389879686439,0.9819700145081007,0.9380313526736946,0.9525740841903255,0.9561188075292614,0.9399153898997367,0.9002054624162591,0.9569155633122715,0.9442278927433256,0.9589810095300504,0.9589645484771723,0.948954926326834,0.980412292779052,0.9793974570528877,0.9912283411623091,0.9968646415426654,0.9491875254502492,0.9598006544441038,0.9687059563927274,0.9718009090924931,0.9705063872418322,0.9516128569866389,0.8985570106809458,0.9540249164397006,0.9575514284164399,0.940401102048487,0.8846583841964623,0.9672030504808716,0.940879152673035,0.965966659838562,0.9498763923405712,0.792896349567143,0.8671697111309872,0.7971014291070744,0.8807344067002503,0.8971502291906075,0.9036790714607897,0.8839751407245373,0.8932069493340571,0.382207173103418,-0.5775544385456937,0.9617267858972831,0.9456160514608813,0.9458980785504477,0.9518560297549563,0.9566967791553348,0.9680433998206607,0.968120870788055,0.9209786407500337,0.9638600941355301,0.8517566603256886,0.7892323578708499,0.9505635772920277,0.9473599994902329,0.8096791938050809,0.954672030945142,0.9556617972958615,0.8993301677680382,0.977279671431405,0.8360564967477624,0.5566965420786029,0.7138709852506029,0.8584447407686302,0.8490259786739354,0.8410978534317692,0.9830603150309037,0.983240057617881,0.7720480298635528,0.7310209260693118,0.7842724187104231,0.42609332414978657,0.7775671392573174,0.7920661314765419,0.7889613665832732,0.7900645358753736,0.777755136486078,0.7441699854392841,0.7264367685337149,-0.3140553437251759,-0.46513145522405575,0.6982172440167405,0.8834062753016062,0.9196274730757771,0.9336517451901104,0.9049174957964374,0.8185532409718016,0.9035320972795836,0.9208927729340861,0.9198264417453517,0.7609839565578359,-0.08472777831523057],[0.9977431924265366,0.9939956963399238,0.9898294041499914,0.9979898914927372,0.9990600368228476,0.9819836059061838,0.9998939059443285,0.9993584484529929,0.9743337780361767,0.999698302403526,0.9996846296957255,0.99968431400012,0.9994038202208788,0.9995875665048016,0.999489866162178,1.0,0.9984829791476516,0.9998588130157717,0.9995731529497989,0.9995775806494847,0.9997815989048175,0.9995603988710915,0.9911085713038539,0.976075398567605,0.9941835997577155,0.9535254711070763,0.9938481042547402,0.9929287527934942,0.9759376089166286,0.955285020740793,0.9918253828387859,0.992765023157408,0.9933072345730064,0.9754269450280371,0.9992998998066996,0.9997441395422033,0.9997308422376591,0.9995912444777616,0.9996304920028837,0.999701360971247,0.9988871396176342,0.9996050612002715,0.9995280411017764,0.9992977713525165,0.9806119877439541,0.9367174031717987,0.9545855258388507,0.9535017468886184,0.9408545798997845,0.9064977483226869,0.9588980900476081,0.9485749984754676,0.9612394020890865,0.962898935858159,0.952980068991375,0.9823189410161003,0.9813469242473926,0.9921388014063068,0.9964092611534895,0.9535786952523196,0.9633737869487026,0.9734308746116896,0.974303581683336,0.9749786127450029,0.9543573793269587,0.9037749119901002,0.9573711047157998,0.9625954615746558,0.9451462721786954,0.8925423882509513,0.9696618566281029,0.9456592348854175,0.9701740462697103,0.9541019319296654,0.8010346417303457,0.8724586387880502,0.8014112908695068,0.8859840094075717,0.9020097503564481,0.9063698576266924,0.8876326777910616,0.8982811178715716,0.39348765430308996,-0.5744618349702478,0.9649393906113596,0.9503064211022939,0.9504292251959445,0.9558164783876917,0.9603684369634341,0.9711028383144831,0.9711648353181825,0.924916634714756,0.9688418455390182,0.8589758225511076,0.7910106050082696,0.9420266677373024,0.9398304714766323,0.8120757264749872,0.9547269448503081,0.9555536653837048,0.8994903164266218,0.9739867098318611,0.8353433419348194,0.5664165783409366,0.7188757573906955,0.8584997081137096,0.851