var element=document.getElementById("correlationClose");if(element.style.display!='none'){var correlationClose={"data":[{"type":"heatmap","z":[[1.0,0.9999869542403749,0.6320307671670199,0.999714922041827,0.997843718083991,1.0,0.991951513126072,0.9880773230409214,0.9880773230409214,0.99263382054137,0.9757153937859389,0.9858657274470093,0.991991228287079,0.9924255504726198,0.9920481739503588,0.8664005832049994,0.823872322239064,0.35400331220528275,0.9929397670205575,0.9929262225521571,0.9851635506117945,0.9919781248021287,0.4490060904815665,0.7144209177799304,0.9805560363262766,0.9805560363262766,0.9805369623152155,0.9722814840787998,0.35241971881106743,-0.09869505022798848,0.9895683358312531,0.989532671794991,0.30286014241680026,-0.1715406069814047,0.9944610847356898,0.995176446984328,0.8352150543507005,-0.37246649880082167,0.9899987266694944,0.9951016498757601,0.8579791124903242,0.3351872335770709,0.9946158941733538,0.9946042958023843,0.9946158941733538,0.88468360156053,0.6577242523189196,0.8886509460749246,0.8960658084978027,0.8055603271576727,0.37613266656277045,-0.1610623909857795,0.19666867398164045,0.9453647476340309,0.4100778968201797,0.9750372446804635,0.9699420470577298,0.9797889440432205,0.9897479409569309,0.925420586897103,0.9302338894439701,0.9413120567697051,0.9235168945431391,0.9385324905517831,0.9392031148307248,0.9385324905517831,0.8706325357769191,0.9165745003739958,0.9175406333700358,0.9165745003739958,0.9140786315297219,0.769061734665268,0.8870425151765708,0.8884392581936935,0.8870425151765708,0.6682550591634616,0.34849361188573214,0.6499751696239917,-0.5695694724294957,0.5548420965386336,0.5866977251411297,0.5873956513377476,0.5866977251411297,-0.10501531008011136,0.902204635804326,0.9344853556818721,0.9172824535346031,0.9268051424288812,0.33869233953409716,0.8979064480947463,0.8988026928857817,0.8979064480947463,0.9035947687695366,0.9035947687695366,-0.11429242088671575,0.5885082206262815,0.18190393501417196,-0.6357016844810499,-0.578092731874474,-0.5817119098558733,-0.08564620664830179,0.10346418932638196,0.23171796756373314,0.06499082431979832,-0.48736499067224087,0.01757784638841459,-0.7956891847660819,-0.24943909058337954,0.15878205299035844,0.159665572304213,-0.559348756207884,-0.5897398645643045,-0.24876139600073716,-0.5032198828747293,-0.8221808347195578,-0.3811920249219621,-0.37307468848139563,-0.3811920249219621,-0.19181034045375803,-0.2991358148713943,-0.2991358148713943,-0.8102169396776046,-0.8102169396776046,0.39859537148867985,0.6409536083766718,0.8620824976769744,0.8446351428050238,0.7709924755866049,-0.296905074884863,0.7548078246367195,0.7914121359329915,0.7917160704069457,0.7914121359329915,-0.22075652502905457],[0.9999869542403749,1.0,0.9764710622331693,0.999374215327515,0.995211411925147,0.9999869542403748,0.982767566153141,0.9759350633540157,0.9759350633540157,0.9826182806875103,0.9672885371079473,0.9844386325849706,0.9828157943617978,0.982740705682309,0.9826485330982258,0.4320751592327558,0.3537056042934316,-0.37162052153147873,0.9870580933957156,0.9870381887121812,0.9828658675153379,0.9828591503492498,-0.08408091793362935,0.9755621899880427,0.9776154010854896,0.9776154010854896,0.9776708191617657,0.9724319902841959,0.1686703521381111,0.18720124441623762,0.9793940115048562,0.9794523523016646,0.9484157749769667,0.2014446390949976,0.9899695309644431,0.9900204777393187,0.99065104231304,0.9841764533369505,0.9889040245343812,0.9901598553704773,0.39355753364797746,-0.3771959924377806,0.990695034748537,0.9906816141522566,0.990695034748537,0.8846099058237702,0.5134028340400726,0.8887577803173372,0.8959281517452619,0.8049463592855921,-0.3749062636587042,-0.5193686829139438,0.8245877836646643,0.8647199908410405,-0.2347172732387208,0.9323989904913699,0.932532465814833,0.950964839332224,0.9754436689098912,0.9417532637433971,0.9495417806933152,0.9327077124813494,0.9318856200958168,0.9379075666738376,0.9384693043119475,0.9379075666738376,0.8289946127727077,0.7972126635210509,0.7992020661115724,0.7972126635210509,0.9437179917127094,0.9476009826204459,0.9438087811612554,0.9447751069651833,0.9438087811612554,0.5513662112375964,0.49326457747647756,0.5996854794956924,0.6925102369083083,0.5935119338099981,0.6205414389346171,0.6212688111501561,0.6205414389346171,-0.2004903432565395,0.8999535036726523,0.9280049000989679,0.9179277162255844,0.9474873244645524,-0.2266626039327493,0.8954494810028537,0.8957632545338216,0.8954494810028537,0.9041739070941496,0.9041739070941496,-0.20631055643532129,0.5893635762570494,-0.35942237948214717,-0.7358561729853605,-0.4625296248213363,-0.4659802673702503,-0.342168427300789,0.2600370600269007,-0.2397437956217525,-0.45271501692094224,-0.680816779898101,-0.3214965073859631,-0.4853888346028605,-0.37788609118673744,0.13637471913001126,0.13271670806512378,-0.48901219100091037,-0.45006930105799453,-0.47849975377819864,-0.5093327211839687,-0.5014110281276831,-0.4806458946454929,-0.48410393517533296,-0.4806458946454929,-0.34581767727733814,-0.5125444783671165,-0.5125444783671165,-0.48891622620863356,-0.48891622620863356,0.3987551236687249,0.38418166099438705,0.5041871180630703,0.5958003200239775,0.5464246760686391,-0.42200086863368197,0.36716737398670085,0.335887518459402,0.3359783917204504,0.335887518459402,0.12337189595996163],[0.6320307671670199,0.9764710622331693,1.0,0.627916713778585,0.5460432729076878,0.6320307671670199,0.6164546085468463,0.6071142145022771,0.6071142145022771,0.5449393406526529,0.4991106782842987,0.9961173103676194,0.6164884718608913,0.6056485060663712,0.6167388146386136,0.47831557020350485,0.47679198190133215,-0.16631803475421772,0.5727829083481674,0.5719038231481928,0.5340521085432537,0.615415891416821,0.22821661621153677,0.7563749806060346,0.5915810528026221,0.5915810528026221,0.5913385872148196,0.9875396705600643,0.34190374088556125,0.1766236965360578,0.5757130986844605,0.5752953030870804,0.7418919512654739,0.027704342951680002,0.6131145636121031,0.5405216025404257,0.586643947483313,0.3237222843792569,0.9938360981665119,0.5333958322182433,0.4698600008192947,-0.17439600453941012,0.6297327488761231,0.6110361121962965,0.6297327488761231,0.8825986432258287,0.3953831168001492,0.9119698975219704,0.8844200428135623,0.6860470561213518,0.2059398481106385,-0.04756376604503439,0.04952303343249723,0.4853143478434891,-0.08684341719872109,0.5603267806925641,0.5140224577679958,0.5420088748194427,0.5030210841339721,-0.031912313690942135,0.7576246346863201,0.6937248286113903,0.5811154309033519,0.6995679925234454,0.7398130655986579,0.6995679925234454,0.4552807920006383,0.6000316457439078,0.6730853633533689,0.6000316457439078,0.6452303805283942,0.6505668442710913,0.698019741412794,0.7541398335205908,0.698019741412794,0.3257267744794808,-0.08754839167687997,0.34262254076904686,0.1147660723619016,0.3400096737663968,0.2611386122880183,0.45158295622671935,0.2611386122880183,-0.1688273714351264,0.5471646429056612,0.8576155451519168,0.6262547657448153,0.7549841782997835,-0.01591031629091738,0.5960877151318267,0.5957535628654917,0.5960877151318267,0.6821631685088482,0.6821631685088482,-0.22673138677052404,0.7189551078060631,-0.19593044661782869,-0.6419855978575464,-0.4185486158452961,-0.4221409606541939,-0.4046889943143429,0.07085058759073452,0.02405174499803112,-0.3032510490846377,-0.6221590857232955,-0.1526835764455396,-0.28203566406290226,-0.24130960293347206,0.029822898602041962,0.027220964638456562,-0.47355594472537194,-0.03472960411834528,-0.24338717541912,-0.5001448743621156,-0.16784499981851983,-0.386052384099437,-0.265055328885816,-0.386052384099437,-0.4085700628024011,-0.5209787440572009,-0.5209787440572009,-0.2794438481663479,-0.2794438481663479,0.33695365756347545,0.17059134429264353,0.2686929791029818,0.507083699980702,0.25943300086784166,-0.3534354253040589,-0.023981985749556862,0.4533178639421462,0.5602155631280927,0.4533178639421462,-0.03826823452251393],[0.999714922041827,0.999374215327515,0.627916713778585,1.0,0.9988335672507376,0.9997149220418269,0.9933323961159848,0.9899266042130183,0.9899266042130183,0.9942581231566525,0.973617793714306,0.9896571027325701,0.9933616727461663,0.9941050425369251,0.9933939831026275,0.8659284319998959,0.8230913461606567,0.3390651549176119,0.9941255606257038,0.99411462797104,0.9853370442850086,0.9933410112878786,0.44055705280989943,0.7186917698636999,0.9832752669379144,0.9832752669379144,0.9832559139260474,0.9793545274299607,0.34853145898375215,-0.10496884044419069,0.9889702327366499,0.9889436023973839,0.2951775518440193,-0.17163521640229448,0.995080358882132,0.9960033118825058,0.7994795333251088,-0.3772423021099982,0.9927142358118962,0.9961658406422169,0.8567012150078448,0.3199311807817085,0.9929427081863567,0.9951304884267217,0.9929427081863567,0.8820841865784232,0.6451217889100462,0.8942334296359047,0.8934912512169599,0.7860720729181945,0.37087994935631996,-0.16647524189141544,0.190827545186118,0.9396737568070673,0.39390606358315605,0.9705181206680379,0.9669302941368921,0.9776271378315702,0.9897675129879382,0.9043826837319469,0.9236684673203458,0.9283747681208726,0.9196115093295164,0.9215652204363682,0.9224862625773713,0.9215652204363682,0.8626958260275616,0.9044937217654759,0.905553032164293,0.9044937217654759,0.9107290724271913,0.7093047509239315,0.8482493862450563,0.8496700669076832,0.8482493862450563,0.6601078017265953,0.12665870124470036,0.640128822840165,-0.5740722641402315,0.5499633391256916,0.3241961430159529,0.5575184665415558,0.3241961430159529,-0.11143433736471493,0.8970146996422377,0.9269915488553355,0.9096909377461319,0.9037696925468338,0.32446628686258067,0.893476017702232,0.8945064279097396,0.893476017702232,0.8843555949290965,0.8843555949290965,-0.11914492842596254,0.6099369295500623,0.1865996350378749,-0.6459293254990333,-0.5850527179424952,-0.5885798631118497,-0.09781384538067309,0.09886457824331076,0.2247390138281505,0.05194409205346123,-0.4997158001890958,0.011213181730496985,-0.8014571571954977,-0.2571468698890447,0.14878278776361728,0.14971509266040764,-0.566046793646021,-0.5861083882384757,-0.25002273863419683,-0.5137862987068309,-0.8237101460930863,-0.38258325165122076,-0.3750331461713453,-0.38258325165122076,-0.20031284410137434,-0.3087121462765483,-0.3087121462765483,-0.8097546134875948,-0.8097546134875948,0.3876941974498159,0.6291991493837247,0.854146226902118,0.8368840756252114,0.7634365117527027,-0.3098569610091515,0.7456900775080149,0.7824691126072145,0.7827825280301541,0.7824691126072145,-0.20582449105558182],[0.997843718083991,0.995211411925147,0.5460432729076878,0.9988335672507376,1.0,0.997843718083991,0.9971140759228516,0.9954755266775775,0.9954755266775775,0.9973095191522112,0.9651874007452669,0.9962707953576115,0.9971337081882719,0.9972126425702886,0.9971630211022547,0.8091601916492266,0.7470895382945104,0.13545428226900244,0.9976423258663473,0.9976374589256759,0.98720149231443,0.9971187800711069,0.09237474195346898,0.6940271267227159,0.9919124587213487,0.9919124587213487,0.9918738175830795,0.9891259840404787,0.12672769340488696,-0.08626717867557623,0.9871095784166338,0.9870462914806973,0.0026433674391401285,-0.06641808597758501,0.9977992314067011,0.9977301884057237,0.7864350229678299,-0.5054179382950793,0.9976029580069642,0.998064538429033,0.7914509340770127,0.11125602813034742,0.99774388837651,0.9977454968958404,0.99774388837651,0.8970931116417715,0.6080330498475821,0.9120156861940776,0.8987308452392235,0.7594977767427261,-0.09734942354807696,-0.5865484686242044,-0.2116433978242209,0.9274145458043482,0.2471921430185119,0.9652936353402191,0.9653691224629494,0.9795310606309582,0.9903741718984282,0.9026462437189278,0.905146366587396,0.9183446354195947,0.9068016782761168,0.9167455779629063,0.9170976329768015,0.9167455779629063,0.8372442321077544,0.8581442616665321,0.8593321562111056,0.8581442616665321,0.8995107987851251,0.8066725853530172,0.8800395365278015,0.8808781578284028,0.8800395365278015,0.6177395903464359,0.49365876085594557,0.6043435203511821,-0.6004888377863488,0.6027795819402454,0.5805122233785075,0.5797024037609619,0.5805122233785075,-0.12964744205475062,0.8790248253767723,0.9022558651703055,0.886674779352218,0.9109988210568409,0.17228008649089974,0.8789009730140193,0.8799889589701413,0.8789009730140193,0.8857284398382627,0.8857284398382627,-0.15931732215379055,0.6597782868057016,0.041903020402423254,-0.6774026344086005,-0.6356430232799058,-0.6362064711723077,-0.1308241952554987,0.12195191280878181,-0.1677705805367611,-0.1975178809059531,-0.5752663962229387,-0.35219133326448576,-0.8531508772855564,-0.5408483955390879,0.11734612854605038,0.11813176179160298,-0.5932393802831311,-0.5790401282198188,-0.5327931256724996,-0.5529965277729024,-0.7843477595526305,-0.5856710696300825,-0.5886465491479077,-0.5856710696300825,-0.24060468721837092,-0.34380882330366863,-0.34380882330366863,-0.7519763533083604,-0.7519763533083604,0.37343628391183253,0.610342427041462,0.8068452820845222,0.789458477723822,0.7526892501186768,-0.4403623458286239,0.6024152676269016,0.6741634279006256,0.6745922906356493,0.6741634279006256,0.021076430049443005],[1.0,0.9999869542403748,0.6320307671670199,0.9997149220418269,0.997843718083991,1.0,0.991951513126072,0.9880773230409214,0.9880773230409214,0.99263382054137,0.9757153937859389,0.9858657274470093,0.991991228287079,0.9924255504726198,0.9920481739503588,0.8664005832049994,0.823872322239064,0.35400331220528275,0.9929397670205575,0.9929262225521571,0.9851635506117945,0.9919781248021287,0.4490060904815665,0.7144209177799304,0.9805560363262766,0.9805560363262766,0.9805369623152155,0.9722814840787998,0.35241971881106743,-0.09869505022798848,0.9895683358312531,0.989532671794991,0.30286014241680026,-0.1715406069814047,0.9944610847356898,0.995176446984328,0.8352150543507005,-0.37246649880082167,0.9899987266694944,0.9951016498757601,0.8579791124903242,0.3351872335770709,0.9946158941733538,0.9946042958023843,0.9946158941733538,0.88468360156053,0.6577242523189196,0.8886509460749246,0.8960658084978027,0.8055603271576727,0.37613266656277045,-0.1610623909857795,0.19666867398164045,0.9453647476340309,0.4100778968201797,0.9750372446804635,0.9699420470577298,0.9797889440432205,0.9897479409569309,0.925420586897103,0.9302338894439701,0.9413120567697051,0.9235168945431391,0.9385324905517831,0.9392031148307248,0.9385324905517831,0.8706325357769191,0.9165745003739958,0.9175406333700358,0.9165745003739958,0.9140786315297219,0.769061734665268,0.8870425151765708,0.8884392581936935,0.8870425151765708,0.6682550591634616,0.34849361188573214,0.6499751696239917,-0.5695694724294957,0.5548420965386336,0.5866977251411297,0.5873956513377476,0.5866977251411297,-0.10501531008011136,0.902204635804326,0.9344853556818721,0.9172824535346031,0.9268051424288812,0.33869233953409716,0.8979064480947463,0.8988026928857817,0.8979064480947463,0.9035947687695366,0.9035947687695366,-0.11429242088671575,0.5885082206262815,0.18190393501417196,-0.6357016844810499,-0.578092731874474,-0.5817119098558733,-0.08564620664830179,0.10346418932638196,0.23171796756373314,0.06499082431979832,-0.48736499067224087,0.01757784638841459,-0.7956891847660819,-0.24943909058337954,0.15878205299035844,0.159665572304213,-0.559348756207884,-0.5897398645643045,-0.24876139600073716,-0.5032198828747293,-0.8221808347195578,-0.3811920249219621,-0.37307468848139563,-0.3811920249219621,-0.19181034045375803,-0.2991358148713943,-0.2991358148713943,-0.8102169396776046,-0.8102169396776046,0.39859537148867985,0.6409536083766718,0.8620824976769744,0.8446351428050238,0.7709924755866049,-0.296905074884863,0.7548078246367195,0.7914121359329915,0.7917160704069457,0.7914121359329915,-0.22075652502905457],[0.991951513126072,0.982767566153141,0.6164546085468463,0.9933323961159848,0.9971140759228516,0.991951513126072,1.0,0.997432321447932,0.997432321447932,0.9999700504576802,0.9582597817187867,0.9996666077044357,0.9999965080615622,0.9999862523522156,0.9999932265280106,0.912675529375774,0.9032333167261644,0.29832240427453094,0.9998560592089819,0.9998561704074103,0.989539048312057,0.9999966947629955,0.3531657221188191,0.7175728429279947,0.9853818686722773,0.9853818686722773,0.9862150476744694,0.9899843723309817,0.2746975463233255,-0.16111772907166944,0.991625973075299,0.9914827037469278,0.19938615658062456,-0.2200867869166802,0.9993316281875957,0.999438697611861,0.40942981614545254,-0.3153307815312197,0.9989577813772065,0.9993926413981963,0.9008669098111509,0.2778128186565134,0.9396137387079552,0.9990750549945374,0.9396137387079552,0.9068383442886239,0.6145070283977503,0.9303356162595922,0.9073689834810194,0.7217260513900705,0.40827418679755,-0.10637148185318787,-0.20185133122142057,0.9264765775132962,0.3587022627919756,0.9675207326587214,0.9619861901930692,0.9783203556139155,0.9957552338441844,-0.04852987441992293,0.8636431959364564,0.8260979816812286,0.8727632990128253,0.8203608781885424,0.7843192837364665,0.8203608781885424,0.7989671807136911,0.7881507075834032,0.7796785701952862,0.7881507075834032,0.8638444494300794,0.36506470575060257,0.5732936172748061,0.6412110078588521,0.5732936172748061,0.586838701072359,-0.34901088502831584,0.5551130171239385,-0.6373624345926917,0.47870682612688525,-0.10243341539157852,0.42135046402503956,-0.10243341539157852,-0.15310499361181926,0.841546525079863,0.860995278308013,0.8465586275251048,0.7594612116486813,0.28326574440208563,0.8417571435450774,0.8432325179530313,0.8417571435450774,0.756216732341947,0.756216732341947,-0.19564680122465092,0.7029667546099255,0.24579922308610128,-0.6564317986561404,-0.6255560530489102,-0.6286399788271563,-0.14379384857638794,0.048770004138345036,0.3365679646509248,0.01884519792615019,-0.51749147872896,0.06916615228304886,-0.8278272833321951,-0.15733522651121798,0.08149315873293914,0.08247668546138147,-0.6088666046446112,-0.5948655527324228,-0.08707284473100589,-0.5878588449101357,-0.8370469269401479,-0.3760596269440434,-0.20729854738427353,-0.3760596269440434,-0.2738156904456993,-0.3532240682593458,-0.3532240682593458,-0.8295183172281293,-0.8295183172281293,0.3731761158506522,0.592115550296128,0.5046187049572225,0.8039858670676157,0.7460712103065339,-0.36187517370962574,0.06477698803159704,0.7532236849889709,0.7722516036213608,0.7532236849889709,-0.13615198649522164],[0.9880773230409214,0.9759350633540157,0.6071142145022771,0.9899266042130183,0.9954755266775775,0.9880773230409214,0.997432321447932,1.0,1.0,0.999539923823587,0.9511537466750651,0.9986463255623524,0.9981926477102614,0.9993879053394642,0.9991171286507557,0.9105219342196541,0.8932919093967189,0.27652194340052616,0.9991638244492187,0.9991652828392783,0.9868593300730389,0.9992584878831728,0.32765168622974256,0.7182991410195242,0.9925392983831388,0.9925392983831388,0.9842352030286137,0.9869078672262762,0.2571534123214514,-0.1746074311105878,0.9879101581761196,0.9913370507271513,0.1806646304069829,-0.22596930958874775,0.9982721998330774,0.998230173177571,0.39101311533639316,-0.3220967348182159,0.9969102685009915,0.9981531824460925,0.8990460092977083,0.25559019785283776,0.9318877486216194,0.9980990840540962,0.9318877486216194,0.9043136719991689,0.5992685231170116,0.9305921877874557,0.904070697878004,0.6984666490859474,0.3952253877407332,-0.12144934934845314,-0.21460309114317117,0.9177516859956728,0.3381404238911556,0.9628342005368417,0.9566926962754317,0.9731666788739415,0.9947963076088098,-0.05842731975569158,0.8520435693798675,0.8099981521458459,0.8643186723999511,0.8053853908333836,0.7720213919856173,0.8053853908333836,0.7865639292637384,0.7693391860207144,0.7661280154396095,0.7693391860207144,0.8556358632851793,0.34556998307010856,0.5528602758804442,0.6247751737548896,0.5528602758804442,0.5738468566000273,-0.36370714749967525,0.5404034795648057,-0.6451048632780053,0.47083636586372674,-0.1244923627385205,0.40505068488081486,-0.1244923627385205,-0.1598892412244987,0.8316683635289077,0.8464083885378403,0.8340044780879604,0.7447743880387402,0.2656664652401171,0.8324475027387429,0.8341133629076762,0.8324475027387429,0.7386909655188313,0.7386909655188313,-0.21086737472011013,0.7275339897122292,0.2530537214274151,-0.6658610814066901,-0.6383761514201596,-0.641272908075573,-0.1586091077410954,0.04107438513981992,0.3296011757884768,-0.00036793850187008683,-0.5301997034320662,0.05988179309719201,-0.8338702055230833,-0.16383463860961708,0.06617210238971673,0.0671786306250871,-0.6205621655133841,-0.5959297363219092,-0.09393734458751171,-0.6047049436132562,-0.83678068827763,-0.38759636486407795,-0.21353224235474313,-0.38759636486407795,-0.2913181534217857,-0.3669386007621384,-0.3669386007621384,-0.8276877398856217,-0.8276877398856217,0.3532571948056155,0.5751577837721875,0.48589577632478187,0.7861803316134524,0.7334089783918686,-0.38356511812067234,0.05071480932577084,0.7341237808130275,0.756523488727524,0.7341237808130275,-0.11901553049777679],[0.9880773230409214,0.9759350633540157,0.6071142145022771,0.9899266042130183,0.9954755266775775,0.9880773230409214,0.997432321447932,1.0,1.0,0.999539923823587,0.9511537466750651,0.9986463255623524,0.9981926477102614,0.9993879053394642,0.9991171286507557,0.9105219342196541,0.8932919093967189,0.27652194340052616,0.9991638244492187,0.9991652828392783,0.9868593300730389,0.9992584878831728,0.32765168622974256,0.7182991410195242,0.9925392983831388,0.9925392983831388,0.9842352030286137,0.9869078672262762,0.2571534123214514,-0.1746074311105878,0.9879101581761196,0.9913370507271513,0.1806646304069829,-0.22596930958874775,0.9982721998330774,0.998230173177571,0.39101311533639316,-0.3220967348182159,0.9969102685009915,0.9981531824460925,0.8990460092977083,0.25559019785283776,0.9318877486216194,0.9980990840540962,0.9318877486216194,0.9043136719991689,0.5992685231170116,0.9305921877874557,0.904070697878004,0.6984666490859474,0.3952253877407332,-0.12144934934845314,-0.21460309114317117,0.9177516859956728,0.3381404238911556,0.9628342005368417,0.9566926962754317,0.9731666788739415,0.9947963076088098,-0.05842731975569158,0.8520435693798675,0.8099981521458459,0.8643186723999511,0.8053853908333836,0.7720213919856173,0.8053853908333836,0.7865639292637384,0.7693391860207144,0.7661280154396095,0.7693391860207144,0.8556358632851793,0.34556998307010856,0.5528602758804442,0.6247751737548896,0.5528602758804442,0.5738468566000273,-0.36370714749967525,0.5404034795648057,-0.6451048632780053,0.47083636586372674,-0.1244923627385205,0.40505068488081486,-0.1244923627385205,-0.1598892412244987,0.8316683635289077,0.8464083885378403,0.8340044780879604,0.7447743880387402,0.2656664652401171,0.8324475027387429,0.8341133629076762,0.8324475027387429,0.7386909655188313,0.7386909655188313,-0.21086737472011013,0.7275339897122292,0.2530537214274151,-0.6658610814066901,-0.6383761514201596,-0.641272908075573,-0.1586091077410954,0.04107438513981992,0.3296011757884768,-0.00036793850187008683,-0.5301997034320662,0.05988179309719201,-0.8338702055230833,-0.16383463860961708,0.06617210238971673,0.0671786306250871,-0.6205621655133841,-0.5959297363219092,-0.09393734458751171,-0.6047049436132562,-0.83678068827763,-0.38759636486407795,-0.21353224235474313,-0.38759636486407795,-0.2913181534217857,-0.3669386007621384,-0.3669386007621384,-0.8276877398856217,-0.8276877398856217,0.3532571948056155,0.5751577837721875,0.48589577632478187,0.7861803316134524,0.7334089783918686,-0.38356511812067234,0.05071480932577084,0.7341237808130275,0.756523488727524,0.7341237808130275,-0.11901553049777679],[0.99263382054137,0.9826182806875103,0.5449393406526529,0.9942581231566525,0.9973095191522112,0.99263382054137,0.9999700504576802,0.999539923823587,0.999539923823587,1.0,0.9571645393841715,0.999627610537019,0.9999711895966087,0.999970096286147,0.9999752425516744,0.8344666803626681,0.774511406994594,0.18391219209153334,0.9998085814829478,0.9998091514586855,0.9893960386911982,0.9999682738922834,0.13948069432428198,0.6876752366324687,0.9949191976981097,0.9949191976981097,0.9948729572921653,0.9898222122850913,0.10888177795599778,-0.09919714934881763,0.9904024200298216,0.9903645836335493,0.01909639628388462,-0.17732994019946763,0.9993699422328439,0.9993274578172475,0.7939662052146904,-0.4996592458459675,0.998886947072478,0.9993698466626928,0.8171536409281754,0.1602159274416444,0.9992256511739545,0.9992308066765856,0.9992256511739545,0.9066254257470793,0.6151393940418949,0.9299394451580015,0.9066497071347565,0.7211519179238511,0.006864632956670693,-0.5366715237070594,-0.16448676378860624,0.9220988556293849,0.3051151540763171,0.9627306557089118,0.9620460069577339,0.9800716672299522,0.994966292398191,0.8766237040387637,0.8643907733911561,0.893383075136304,0.8736531226299894,0.891814814836088,0.8924453549592624,0.891814814836088,0.7982976988403931,0.8401262718739094,0.8416619633590636,0.8401262718739094,0.8651760440802028,0.7698726419032876,0.8514555849933965,0.8527188396329359,0.8514555849933965,0.58634821889399,0.422018424459441,0.5541990978550283,-0.651940412171902,0.5343291319033884,0.49955910188734487,0.49935743570385016,0.49955910188734487,-0.11054611017529319,0.8421175296872497,0.8609232005430605,0.8469363487178024,0.8856841439976122,0.20207746960809994,0.8472626068900023,0.8492804372648977,0.8472626068900023,0.8541872767167263,0.8541872767167263,-0.19747448321479477,0.7039831652343245,0.06769643894243914,-0.6685645152280184,-0.6625097598342399,-0.6635215081520012,-0.14735547119943196,0.051899923815085534,-0.17362757775797025,-0.1656043077567213,-0.5600349229973736,-0.3811061835922875,-0.8700376214200903,-0.5774098474843132,0.08048744300513934,0.08188225960465353,-0.6105338605675819,-0.5909687150517928,-0.5426349704613835,-0.5896372982340552,-0.8071886862970286,-0.6089774457135767,-0.6113058151033505,-0.6089774457135767,-0.276221077203478,-0.3566480619963335,-0.3566480619963335,-0.7870349428126463,-0.7870349428126463,0.37376464432643725,0.5907353216301237,0.8162951613691114,0.8013022932512434,0.7444437770131928,-0.38955547318400874,0.6359134949840622,0.6976639322149117,0.6978204811279899,0.6976639322149117,0.10001250805939223],[0.9757153937859389,0.9672885371079473,0.4991106782842987,0.973617793714306,0.9651874007452669,0.9757153937859389,0.9582597817187867,0.9511537466750651,0.9511537466750651,0.9571645393841715,1.0,0.9394174651391194,0.9582818113308277,0.958297116430482,0.9579803870918276,0.6825043297767406,0.6097129365433778,-0.030092872290378617,0.9629646713989236,0.9629433530990964,0.9584046786689888,0.9583968209611065,0.07135202714374873,0.7295575532851122,0.9599312839653563,0.9599312839653563,0.9601182152435493,0.8760870145409521,0.21952819381174157,-0.0804669151993629,0.9656595485137625,0.9657696941078272,0.18053053897877266,0.10135174512946997,0.966798180088974,0.9670562227480635,0.8751949899437806,-0.40324343280096075,0.9486138161813866,0.9659457220675713,0.6631675697006958,-0.05163781798856005,0.9679811040062178,0.9679484315301417,0.9679811040062178,0.8008440814216305,0.4129681898543186,0.8007687854213299,0.8826099309862442,0.8417254132684244,-0.5343436593382092,-0.6830499991244974,-0.2659209496550853,0.8821435168938739,0.0068289500501418,0.9136380312601726,0.9137020179211098,0.9338077578030569,0.9639545509749883,0.8803175706640963,0.8796207002686971,0.9012996197615637,0.8831751949500999,0.8944165656854106,0.8950930981492955,0.8944165656854106,0.8333481981685802,0.8150980604247341,0.8169155758369789,0.8150980604247341,0.8768279695555546,0.8934176397302428,0.8752201257119954,0.8758705992569599,0.8752201257119954,0.6748458477574232,0.6004682189083038,0.6756810600693337,-0.3475229468388855,0.6965301086980846,0.7129756814453698,0.7154683973270602,0.7129756814453698,-0.2714536824297533,0.8805876349572503,0.9352084001505704,0.8957741948927127,0.893235247939365,0.05789526105763792,0.8739900637669069,0.8751132795318832,0.8739900637669069,0.8835311961525777,0.8835311961525777,0.03610429121145325,0.3796442483260333,-0.10089707848680203,-0.5957146661919469,-0.42068381871057303,-0.42278052292435503,0.0003349768297982386,0.41433430449546876,0.056523320476433034,-0.11649545322307106,-0.46851534959294044,-0.05023994578474851,-0.8014612609893694,-0.21197623350552527,0.2996897761375789,0.2992497705757905,-0.3880828278064177,-0.4350819903495587,-0.3482533347379361,-0.35723110237845945,-0.6714728082985683,-0.36847190517741263,-0.3708062479798456,-0.36847190517741263,-0.08503555167802755,-0.39465065619841583,-0.39465065619841583,-0.5393070701476338,-0.5393070701476338,0.5389793389865389,0.6572972910276923,0.7547840175318341,0.6816278697902889,0.8235119280285166,-0.48137062294121924,0.3896732625664434,0.5452202025769461,0.5454983128374643,0.5452202025769461,-0.20278634251630986],[0.9858657274470093,0.9844386325849706,0.9961173103676194,0.9896571027325701,0.9962707953576115,0.9858657274470093,0.9996666077044357,0.9986463255623524,0.9986463255623524,0.999627610537019,0.9394174651391194,1.0,0.9996651396026021,0.9996610158141608,0.9996277335296768,0.5090090343835533,0.42380452948364106,-0.46463945711354193,0.9997907325141148,0.9997940285909573,0.9996709811011688,0.9996709200932662,-0.19817536544397985,0.9693772462175629,0.9940271660485533,0.9940271660485533,0.9940068305921971,0.9921844845922982,0.1442057509967714,0.12606600411713534,0.9907844764607239,0.99083257923704,0.9530659978289264,0.08640956784688666,0.9989392947862199,0.9988893588309883,0.9987493167165231,0.999325060950806,0.9993581646626849,0.9989763975908917,0.4641429486390483,-0.473599648214302,0.9986937564343974,0.9987029528064763,0.9986937564343974,0.9001625461603558,0.45671569349826496,0.9261052154013374,0.904487277128554,0.7220131969245938,-0.47738293883463234,-0.6274236772628918,0.7997534215757804,0.8259416517883718,-0.3308572471955278,0.9255149241308456,0.9257355755856113,0.9662981480234948,0.9929474008802783,0.8860541485962447,0.8938874751003211,0.8681481513604087,0.8695239752892792,0.8754202509436463,0.8761591663587456,0.8754202509436463,0.7388159782898287,0.7015424460930676,0.70391996564009,0.7015424460930676,0.8931312692319451,0.9001441440587703,0.8921619476046635,0.8933639632785261,0.8921619476046635,0.4391295661340868,0.37082053657250963,0.48481747112359147,0.5947403294136612,0.4866443108309466,0.5199341513284663,0.5220792438716716,0.5199341513284663,-0.37936314147037203,0.8248806387145404,0.865127138000253,0.8495672776807497,0.8933101702170965,-0.26363412989030394,0.8192923877401129,0.8197161136498224,0.8192923877401129,0.8308205471289453,0.8308205471289453,-0.2516095870593729,0.6957015395424457,-0.37986022010054493,-0.7616907887077473,-0.5370746398778592,-0.539523517798387,-0.39328201931554835,0.20326821183961127,-0.2867558186898654,-0.49272398823833874,-0.7138032071082239,-0.37391072796345676,-0.6026944153557314,-0.4417189054307009,0.07521598063209523,0.07231017393702886,-0.5589049763856678,-0.5274515180508483,-0.5476146163534961,-0.5828116739783689,-0.5764499388192567,-0.5508650700689642,-0.5540761440802984,-0.5508650700689642,-0.4209501166982015,-0.609532376521715,-0.609532376521715,-0.6107629479551904,-0.6107629479551904,0.3691380668837103,0.3417699789382887,0.4692165978484748,0.5600947822040884,0.534236617939339,-0.5649813179430377,0.2963194788098508,0.29465232210560394,0.2948085684909876,0.29465232210560394,0.21628973072992522],[0.991991228287079,0.9828157943617978,0.6164884718608913,0.9933616727461663,0.9971337081882719,0.991991228287079,0.9999965080615622,0.9981926477102614,0.9981926477102614,0.9999711895966087,0.9582818113308277,0.9996651396026021,1.0,0.9999900341246853,0.9999949358167023,0.912638631616958,0.8971360328675085,0.2983624145111001,0.9998572827527614,0.9998573595627709,0.9895736935505165,0.9999972618209171,0.35346122426353926,0.7176545235092179,0.9905912188962485,0.9905912188962485,0.9862066642490006,0.9899681413459129,0.2749436490697657,-0.1610671989974956,0.9916426392028779,0.9914905026461035,0.19960658919135654,-0.22005471367947035,0.9993329285556696,0.9994415690288837,0.4094147164135925,-0.3151142547062932,0.9989590880789325,0.9993998051508006,0.9008206433389051,0.27785935182727484,0.9396006281150736,0.9990768387753631,0.9396006281150736,0.9068398586059753,0.6146371429781052,0.930536606950137,0.9075756685629347,0.7218423392627576,0.40865229233912687,-0.10593518119681267,-0.20148453454242657,0.9265438969169184,0.3587590217892022,0.9676051176544781,0.9620403795470963,0.9784028796246108,0.9957662852930386,-0.04833337623921493,0.8638068024244958,0.8262010727859517,0.8728877371958015,0.8204629238754376,0.7842655421711232,0.8204629238754376,0.7990638214120768,0.7882112620767315,0.7796175371165658,0.7882112620767315,0.864005078332674,0.36495430468418155,0.5733108265546967,0.6411308639552324,0.5733108265546967,0.5868052148809525,-0.3490230752007175,0.5550991631798573,-0.6372443169854979,0.4786248662130169,-0.10255276347570601,0.4213937823709727,-0.10255276347570601,-0.15324739634808593,0.8416337972213042,0.861144187722334,0.8466688862460451,0.7594558320476208,0.28330905143151863,0.8418509360545576,0.8433205409955702,0.8418509360545576,0.7562950769812075,0.7562950769812075,-0.1955880220162553,0.7029185037483566,0.24590111134916776,-0.6564830048638465,-0.6254688021025926,-0.628557864755401,-0.1438851663304678,0.0486501292850385,0.33672482118876057,0.018845409253621794,-0.5175675779334293,0.06941148921944179,-0.827562220265648,-0.1570586393070626,0.08155604004394518,0.08255527191061021,-0.6088480124911928,-0.5946568542063935,-0.08683798932089355,-0.5878170317024605,-0.8369305694217729,-0.37584289984120095,-0.20710318204269357,-0.37584289984120095,-0.27366899912854403,-0.35319665440770615,-0.35319665440770615,-0.8294541419869483,-0.8294541419869483,0.3735911779488745,0.5922258592811034,0.5048554920727492,0.8042243459177335,0.7461124420986218,-0.36167214551632393,0.06505449170655117,0.7534566431699626,0.7723542969606729,0.7534566431699626,-0.13616830084720688],[0.9924255504726198,0.982740705682309,0.6056485060663712,0.9941050425369251,0.9972126425702886,0.9924255504726198,0.9999862523522156,0.9993879053394642,0.9993879053394642,0.999970096286147,0.958297116430482,0.9996610158141608,0.9999900341246853,1.0,0.9999873114976855,0.8722258565238348,0.824476178536712,0.30047493020537186,0.9998804769186768,0.9998810649412357,0.9895651533929369,0.9999871984431807,0.35683477293448623,0.7131475084812268,0.9936158585135333,0.9936158585135333,0.9935774988799422,0.9898693178693084,0.27108950422452777,-0.161491103321186,0.9918001394912853,0.9918089395776102,0.22415095264005458,-0.2193226636631141,0.9995064481584288,0.9994421599528105,0.8367735983522951,-0.4092833324506795,0.9989548425565438,0.9994049085391236,0.859617180668302,0.2800113256411043,0.9993940491858117,0.9993985268199104,0.9993940491858117,0.906869707535627,0.6147921551901642,0.9301135353652937,0.9069417286746221,0.7212959042123344,0.28871525802023523,-0.27770358524954886,0.09242380870894201,0.9264602694561745,0.3596035671630336,0.9643182579696978,0.9620672045873913,0.9768560573592112,0.9960036964796217,0.8849382597112057,0.8628066971229239,0.8987787679262206,0.8727398282613734,0.8978675138043734,0.8987416781278437,0.8978675138043734,0.7981021327725001,0.8629763736802211,0.8644657194693047,0.8629763736802211,0.8637255340547073,0.7533948818273487,0.8581860821842037,0.8598585260214449,0.8581860821842037,0.5861865642913915,0.4316659783724641,0.5536305045595143,-0.6426874215851315,0.477037343515022,0.4874800364048486,0.48866298912761863,0.4874800364048486,-0.15503949294564878,0.8413609309116017,0.8606870790882725,0.8460766394758965,0.8921084672038615,0.2860013673663362,0.8416882477107925,0.8434796810932855,0.8416882477107925,0.8530086867110634,0.8530086867110634,-0.1960269658314051,0.7024932652828788,0.16686792326942443,-0.6551077198967166,-0.6250998856107158,-0.6280106750981965,-0.14380157067226995,0.047691452230162086,0.11465386221639685,0.020555166128852012,-0.5157214132624575,-0.11688062626849686,-0.8397730210681158,-0.3784763747162252,0.08085221418627729,0.08228775355952384,-0.6089056580762736,-0.5939943983589461,-0.3804866206017352,-0.5875870793029522,-0.8308274717874324,-0.4961673902187698,-0.49182284803234294,-0.4961673902187698,-0.2734166699230832,-0.3533665915063409,-0.3533665915063409,-0.8217667507569605,-0.8217667507569605,0.3731623321663322,0.5925282792835197,0.8257181421509532,0.8085013667663808,0.746756023084673,-0.3610535504813327,0.7042900114184314,0.7436654702196412,0.7437451743409602,0.7436654702196412,-0.10411049087450061],[0.9920481739503588,0.9826485330982258,0.6167388146386136,0.9933939831026275,0.9971630211022547,0.9920481739503588,0.9999932265280106,0.9991171286507557,0.9991171286507557,0.9999752425516744,0.9579803870918276,0.9996277335296768,0.9999949358167023,0.9999873114976855,1.0,0.9072576136957484,0.8709381408942436,0.29845941401134163,0.9998599483941769,0.9998599307000944,0.9897126766894304,0.9999948801020998,0.3541039311324242,0.7175213427997575,0.993887721025786,0.993887721025786,0.9937891084623512,0.9898796544578715,0.2751969417536675,-0.16110653240239725,0.9924384501007072,0.9924841950295463,0.20033953102619756,-0.21989191593122714,0.9993795054063798,0.9994400096378433,0.40843022850742045,-0.3143169777535723,0.9989094500567649,0.9994022621266829,0.8995405198226064,0.27797960997628596,0.9391370787088072,0.9991288130930561,0.9391370787088072,0.907090205406428,0.6153032169031182,0.93079626651983,0.9078445763785289,0.7215781368610569,0.4100084854857274,-0.10440426530537623,-0.20168929064713587,0.9268982820299356,0.35901479720277074,0.9679982620762313,0.9623568352122435,0.9786709274668166,0.9958017509956731,-0.049325132244101615,0.864093216548483,0.8261272940984778,0.8731318256990086,0.820425365448982,0.7838480800908888,0.820425365448982,0.7992658719708413,0.7881655495615747,0.7800017864372145,0.7881655495615747,0.8643333325684089,0.36430121922083963,0.5728311055333443,0.6411514656528725,0.5728311055333443,0.5866753213890585,-0.3501579186209937,0.5550478250401195,-0.6373993013295737,0.4782828819449173,-0.10352295595997003,0.4210634306076422,-0.10352295595997003,-0.15319382104923837,0.8417775756017754,0.8608790124477901,0.8468079125924258,0.751053914279447,0.2836570233675545,0.8419686278800494,0.843427875561453,0.8419686278800494,0.7561179460718718,0.7561179460718718,-0.19700349286354268,0.7036865597460208,0.24638529847333274,-0.6564888615174193,-0.6258269569405809,-0.6289201975032197,-0.14500380100779423,0.047477225472255184,0.33702767843650305,0.018412997917656573,-0.5178144105715093,0.06949027330943393,-0.8267494818125082,-0.15690373318549763,0.08059583514869866,0.08159093700675076,-0.609440358905693,-0.5948741067810341,-0.08627446496205493,-0.5890042047105337,-0.8369259137137073,-0.3757819993958863,-0.2065609472192357,-0.3757819993958863,-0.2745797179918161,-0.3536513053233087,-0.3536513053233087,-0.82978605598186,-0.82978605598186,0.3737336067697938,0.5918737396002965,0.5043448080117079,0.8046487332893412,0.7455348789439571,-0.36123216176421613,0.06440631716152133,0.7538493021102967,0.7729494497359176,0.7538493021102967,-0.1358570260230585],[0.8664005832049994,0.4320751592327558,0.47831557020350485,0.8659284319998959,0.8091601916492266,0.8664005832049994,0.912675529375774,0.9105219342196541,0.9105219342196541,0.8344666803626681,0.6825043297767406,0.5090090343835533,0.912638631616958,0.8722258565238348,0.9072576136957484,1.0,0.995130672336449,0.4065344631690335,0.8955462778551313,0.8955433432469475,0.8504565874413904,0.9066456070592135,0.32649188950603975,0.5192618260107646,0.8983492785151169,0.8983492785151169,0.8865409826154725,0.13788496303794484,0.1898339442948257,-0.1913293546553321,0.924009846279041,0.9225109749580648,0.15053581948818118,-0.2587489770024434,0.9103790393583493,0.8488618252353016,0.30703473170111933,-0.3199252515059951,0.5232631651171773,0.8291568877526021,0.9984470553998377,0.38824454067092184,0.8383102877387846,0.9101924990954763,0.8383102877387846,0.4854696045879991,0.5817362274790754,0.14180111176779825,0.12826654607879898,0.34039381217253356,0.4090981084622253,-0.06596476017419453,-0.20999991258237133,0.8210533867019162,0.4049448554155774,0.900693942161165,0.8350721008521705,0.8865948493402052,0.9012788941279785,-0.09443281390891503,0.43587194533187573,0.6962328116794787,0.6387785262275065,0.6883882196856724,0.70