var element=document.getElementById("correlationClose");if(element.style.display!='none'){var correlationClose={"data":[{"type":"heatmap","z":[[1.0,0.9999909639179441,0.7178093233194517,0.999762291431736,0.9982743919910589,1.0,0.9932505405412029,0.9902988252778048,0.9902988252778048,0.993728213888814,0.9793469559830643,0.9883375370475258,0.9932849061618636,0.9936040841591911,0.9933247927281773,0.6795969991918674,0.5789151611174206,0.2136558909033406,0.9939901569107288,0.9939912323750912,0.9860878941496158,0.9932811258223101,0.35448919591144257,0.7801230705860452,0.9843313018596408,0.9843313018596408,0.9843129487792757,0.9806874504118939,0.29540213224211054,-0.14736486486519484,0.9888445976238794,0.9888170399685929,0.23135633641158873,-0.2386748487908382,0.9950810518771,0.9953615425082389,0.8691092411337064,-0.3362290101569746,0.9914300590135132,0.9954577482811158,0.65513928021918,0.19395184749219369,0.9951958617376577,0.9951962845031423,0.9951958617376577,0.9138351022070341,0.662952455115017,0.9375708325358397,0.9404966539505539,0.8666932305967265,0.38617018512058804,-0.19176618544541962,0.23702298000701558,0.9544968861084795,0.35814753023694446,0.9754253328728171,0.9726458946862238,0.9819279363294151,0.9890724838576338,0.9406132057181192,0.9512317528644594,0.95162122119444,0.9420954435553233,0.9490066136543492,0.9496434060324905,0.9490066136543492,0.9060362746240033,0.9300356552731555,0.9308546197977666,0.9300356552731555,0.9372264490757112,0.8206235394814567,0.9108074497148596,0.9120492984690927,0.9108074497148596,0.7534044779197184,0.45255361445374587,0.7456676613811117,-0.5124125102105842,0.6519313754189068,0.6603169959619747,0.66112696144201,0.6603169959619747,-0.06281552299323409,0.9251165933094143,0.9538072075452381,0.9405560573970003,0.9419731411906598,0.22165475926326658,0.9196126499495096,0.9202039380108156,0.9196126499495096,0.9228600411335643,0.9228600411335643,-0.09712162172235499,0.6059500146568515,0.12707269938457305,-0.7258047426323704,-0.6094886407477944,-0.613238910824532,-0.17250701052726336,0.1639016580959887,0.18132764960965425,-0.05127643757359981,-0.6096993687562066,-0.053116768673380985,-0.7970681669358157,-0.3221833263697634,0.18748616676847124,0.1891265461967999,-0.5884798439286725,-0.5656804795648833,-0.31017583991555836,-0.531166216178116,-0.8082871199287922,-0.43427721924502916,-0.4275198556775803,-0.43427721924502916,-0.2617185568566255,-0.3859254631359084,-0.3859254631359084,-0.7965985391474985,-0.7965985391474985,0.5000526978640235,0.6358068763163093,0.8480334764700868,0.8432360715261236,0.7571366396625226,-0.3568928614428462,0.7477782439927548,0.7701018283824473,0.7701823557559295,0.7701018283824473,-0.14947854888113873],[0.9999909639179441,1.0,0.9846438434884887,0.9995864808258548,0.9964102362427478,0.9999909639179441,0.9867320104606883,0.9823469744912772,0.9823469744912772,0.9866618361290876,0.9770957699834057,0.9873888274931271,0.98677675171607,0.9867150268329024,0.9866456306956308,-0.039395314907801106,-0.13292090627582218,-0.4837156791856007,0.9894661514466822,0.9894650862804169,0.9868072588916572,0.9868104566204207,-0.21202912711037816,0.9825382253313286,0.9833009126929523,0.9833009126929523,0.9833225301000567,0.9807622156674524,0.06713184388535319,0.08836072263846906,0.9834258599152065,0.9834834298742332,0.6711522150562523,0.009453926252724959,0.9915383140500896,0.9915398856164327,0.9920774434070619,0.987596218452693,0.990728063196922,0.9916074961030215,-0.08882480627833504,-0.487748790922719,0.9920968321837539,0.9920960610339248,0.9920968321837539,0.9135627124818927,0.5174708333079215,0.9375060688912848,0.9403063106221982,0.8662868791629497,-0.18596751686227625,-0.45473515175598955,0.8649110864983892,0.9065924668427565,-0.2575518069454482,0.9464144929747982,0.9465393140429291,0.9672648076147184,0.9788644073180818,0.9615570908312757,0.9661705840422272,0.9534613338424095,0.9554364235740254,0.9560205987560381,0.9563111689477231,0.9560205987560381,0.890136229441741,0.8657507222808752,0.8667259993550663,0.8657507222808752,0.9628775320634285,0.9651736624612042,0.9628217574058854,0.9634709628506402,0.9628217574058854,0.7187249407632794,0.6802274214322078,0.7475184094770189,0.7976379880438048,0.7219636775567169,0.7415229582214673,0.7426727574845167,0.7415229582214673,-0.04752367603107125,0.9347362706406515,0.9510283211702136,0.9457686522525935,0.965442255822665,-0.3353754033936627,0.9319974554408049,0.9321116509992664,0.9319974554408049,0.9369456086225165,0.9369456086225165,-0.17867851371703983,0.6063645860236142,-0.37807734886044747,-0.8091757496515462,-0.47286424015299783,-0.4770548803383498,-0.4065095682585617,0.29699378294406104,-0.27664267546679305,-0.5276392042377337,-0.7654481016764784,-0.3774099725842185,-0.46744850348568456,-0.4436734940947665,0.15687570068139228,0.15486063832389407,-0.4932471994810553,-0.4641367478760141,-0.4922639603450213,-0.5240228747466749,-0.5156267215711805,-0.49449131441830235,-0.49790509610413736,-0.49449131441830235,-0.3914414189844545,-0.5592287492468275,-0.5592287492468275,-0.5229877542659445,-0.5229877542659445,0.4979565152391683,0.3812247148286773,0.5181112468719017,0.6457845122933021,0.5380685427339087,-0.44390276787819,0.41857897146024464,0.3244185153305052,0.3246247875920733,0.3244185153305052,0.21862832245462857],[0.7178093233194517,0.9846438434884887,1.0,0.7156815307781514,0.6646798959869351,0.7178093233194517,0.6952501331027442,0.6890948659338689,0.6890948659338689,0.6560389194346781,0.6297605925651301,0.9945317051730977,0.6952932375840055,0.6928579386376574,0.6953868829837195,0.35256010191536974,0.29741559208083035,-0.24472496405021354,0.6638494929097428,0.6638470607258447,0.6355864495536871,0.6949857354969858,0.14082503927493956,0.8290492837192238,0.681431427062438,0.681431427062438,0.6812328655785781,0.9903690382735104,0.2685635465051676,0.07582836979737727,0.6500994742893209,0.6497962076357426,0.5800345198177747,-0.0820416872284887,0.6904071042186196,0.6478891964906472,0.6526621430357323,0.27530912783885075,0.993299401651223,0.6460521850430392,0.3340925145575917,-0.2546711009495437,0.70758882556139,0.689054063173239,0.70758882556139,0.9110304461521491,0.4373092860410702,0.9489067776640843,0.9328056937563854,0.787589219846756,0.24418300877515142,-0.08547907257561732,0.05927563964722375,0.6000598997369181,-0.07481051682624576,0.634590235847603,0.6177180042935934,0.6331146194246294,0.5973663418326376,0.04924895388898706,0.8383983977544718,0.7760842784606823,0.7115243062850652,0.7813722696756883,0.7929553753769062,0.7813722696756883,0.6242292744687616,0.7088824979802764,0.7431027161516625,0.7088824979802764,0.7564865734430959,0.7088862823628106,0.7616765598075327,0.794540586717162,0.7616765598075327,0.5360490165853284,-0.07842250026493128,0.5504007348236265,0.08469118374326809,0.5073337240756526,0.27313479290552634,0.5517593776845279,0.27313479290552634,-0.10529986308856881,0.6953013929471688,0.908562860842634,0.7526499495796225,0.7972337306430818,-0.0987019437856285,0.7240049981665756,0.7244496077423774,0.7240049981665756,0.7667816064478922,0.7667816064478922,-0.19048758276080402,0.7006182126388077,-0.1737216289721033,-0.7453266743878564,-0.47330122006323705,-0.4770254930035348,-0.44118624929589856,0.14371719169602962,0.017484718717146977,-0.3726495392121203,-0.725056745869473,-0.1895224248402358,-0.359358105416816,-0.3037335106789273,0.08145197458119471,0.08030998066854939,-0.5120450403100241,-0.0986968482013103,-0.2857618119317018,-0.5294830668487162,-0.24573961184866777,-0.43309829911300124,-0.3191123747602201,-0.43309829911300124,-0.43990347198121366,-0.5673959579312197,-0.5673959579312197,-0.3360788453596951,-0.3360788453596951,0.4558575053793388,0.246051591397726,0.3126928135456494,0.5509578220850956,0.3372701852372896,-0.4052698055329237,0.009270344704065627,0.469458806162672,0.561926547351411,0.469458806162672,0.021666328303410518],[0.999762291431736,0.9995864808258548,0.7156815307781514,1.0,0.9990141001674387,0.9997622914317359,0.994267148404251,0.9917240389795069,0.9917240389795069,0.9949343926898101,0.9778087233564696,0.9909446355575198,0.9942930265682084,0.9948680918721016,0.9943120701266547,0.6785859719223434,0.577405069645714,0.19964948478649427,0.9948402852321787,0.9948416651847577,0.9860838054909705,0.9942802779587446,0.34603847737747334,0.7842516687953057,0.9865379666904894,0.9865379666904894,0.9865188989213562,0.9852360535885288,0.29114055264772715,-0.1530230384411944,0.9880289627896021,0.9880089453651054,0.22349244812393962,-0.23904513188819942,0.9954459566275539,0.9959211004456138,0.8400573655516814,-0.34008573900394334,0.993306446518184,0.9962130432407683,0.6535773571876659,0.17969857539772233,0.993731192991335,0.9954819284845337,0.993731192991335,0.9120313952576586,0.6518808329849517,0.939847892241718,0.9378838455928868,0.8536276938804722,0.3819069334005387,-0.19585871238534777,0.23255111147798083,0.949858293877956,0.3434177839255638,0.9712520003316959,0.970061283648946,0.9799122099073846,0.9887606152013587,0.9246814547700073,0.9468787962606495,0.9422883978131844,0.9394337303759421,0.936787846337447,0.9376259454985396,0.936787846337447,0.9004628443863207,0.9215131044636032,0.9224209172006427,0.9215131044636032,0.934916111565979,0.7744389448785279,0.881098427970972,0.8824286056068891,0.881098427970972,0.7480988945607886,0.20048026016730838,0.739030558080882,-0.51711542233796,0.6486702826439276,0.398878433485943,0.635512034624126,0.398878433485943,-0.06809186810084314,0.9217045874252013,0.9492230305458449,0.935468990993911,0.9243339468306534,0.20829605444653376,0.916792283330174,0.9175000315578243,0.916792283330174,0.9088389538865638,0.9088389538865638,-0.10113727811542944,0.6221835818271509,0.1321371981226183,-0.7339739715830684,-0.6152980553136086,-0.618979620937386,-0.1831190660513499,0.16013638164125013,0.17546554826368385,-0.06326712401183988,-0.6197095694521149,-0.058302852438854906,-0.8016629064802105,-0.32886878225666594,0.1789191642788738,0.18061321090585533,-0.5940521345634989,-0.5624548763263222,-0.3102942308226112,-0.5397780018381527,-0.8090967725995165,-0.43475306468099284,-0.4285285013184409,-0.43475306468099284,-0.2688269140629585,-0.39396561500777716,-0.39396561500777716,-0.7956890112012716,-0.7956890112012716,0.49213376193901126,0.6258381276299037,0.8404822829264439,0.8360866191871497,0.7507668959116612,-0.36811128037078955,0.7393496022275337,0.7616505994359529,0.7617358511163858,0.7616505994359529,-0.13519125115711658],[0.9982743919910589,0.9964102362427478,0.6646798959869351,0.9990141001674387,1.0,0.9982743919910589,0.9974194810747479,0.9962524047824238,0.9962524047824238,0.9976359684113639,0.9723594710953626,0.9967349649417206,0.9974383530297543,0.9974989485619671,0.9974590446444522,0.5566257676985235,0.4291308879401624,-0.006068801976448792,0.9977714511261271,0.9977730018790695,0.9886007806523521,0.9974256530637424,-0.012112610432416198,0.7729382814440138,0.9933941267633449,0.9933941267633449,0.9933579591589051,0.9917436575015179,0.06987535114494764,-0.13657783061344975,0.9871265406259775,0.9870665703830699,-0.06757559313796759,-0.14840505580576938,0.9978085700022139,0.9977277326705226,0.8371268207539447,-0.44932292910205474,0.9978005203561112,0.9980759396073869,0.5177325445848479,-0.029987966604790982,0.9977594710063549,0.9977651860161382,0.9977594710063549,0.9233471611953981,0.6211769442668253,0.9465848392379398,0.9357352107879298,0.8336538625388127,-0.04534839895702571,-0.5828509575285464,-0.1283582067131217,0.9419343732731932,0.20073420283716528,0.9698174713979755,0.9698379591731602,0.9834904509281929,0.9894914691510999,0.9245544607186447,0.9315822981307947,0.9330357408237459,0.9286342620829592,0.9315366327159478,0.9319438648263153,0.9315366327159478,0.8802943200118675,0.8863443293810309,0.8873638160646724,0.8863443293810309,0.9253262670677999,0.8547390304054192,0.9083055708709554,0.909106365115759,0.9083055708709554,0.7158105423197617,0.6259113506800668,0.7098664723919406,-0.5149141726622345,0.6939847001847418,0.6780793584979168,0.6782277739843355,0.6780793584979168,-0.07204978690000373,0.9067797913912132,0.929766401208984,0.9170063164537495,0.9314550038759806,0.054834758249921525,0.9053959249012954,0.9063418776506137,0.9053959249012954,0.9097916636619588,0.9097916636619588,-0.13595892471914103,0.6646386688331382,-0.012895676869610972,-0.7579958276092171,-0.6559838039877851,-0.6571342294860912,-0.20992409022559808,0.18331911370999365,-0.20500839458606976,-0.3004809087190256,-0.678150701201982,-0.40336578394486766,-0.8372124053975062,-0.5861417119034883,0.15131913422298462,0.1528750428198658,-0.6164916983102665,-0.5593851534991484,-0.56655937154304,-0.5741019426803606,-0.7625466747723798,-0.6140229670593504,-0.6172704923558917,-0.6140229670593504,-0.3016047305094405,-0.42213765555770044,-0.42213765555770044,-0.7337138352139191,-0.7337138352139191,0.4793006968255978,0.6120533445337827,0.804548826213697,0.8089994490534957,0.7447464310427584,-0.4853828164801499,0.6262978650425437,0.6656631213874245,0.6658724268675299,0.6656631213874245,0.09085642881283323],[1.0,0.9999909639179441,0.7178093233194517,0.9997622914317359,0.9982743919910589,1.0,0.9932505405412029,0.9902988252778048,0.9902988252778048,0.993728213888814,0.9793469559830643,0.9883375370475258,0.9932849061618636,0.9936040841591911,0.9933247927281773,0.6795969991918674,0.5789151611174206,0.2136558909033406,0.9939901569107288,0.9939912323750912,0.9860878941496158,0.9932811258223101,0.35448919591144257,0.7801230705860452,0.9843313018596408,0.9843313018596408,0.9843129487792757,0.9806874504118939,0.29540213224211054,-0.14736486486519484,0.9888445976238794,0.9888170399685929,0.23135633641158873,-0.2386748487908382,0.9950810518771,0.9953615425082389,0.8691092411337064,-0.3362290101569746,0.9914300590135132,0.9954577482811158,0.65513928021918,0.19395184749219369,0.9951958617376577,0.9951962845031423,0.9951958617376577,0.9138351022070341,0.662952455115017,0.9375708325358397,0.9404966539505539,0.8666932305967265,0.38617018512058804,-0.19176618544541962,0.23702298000701558,0.9544968861084795,0.35814753023694446,0.9754253328728171,0.9726458946862238,0.9819279363294151,0.9890724838576338,0.9406132057181192,0.9512317528644594,0.95162122119444,0.9420954435553233,0.9490066136543492,0.9496434060324905,0.9490066136543492,0.9060362746240033,0.9300356552731555,0.9308546197977666,0.9300356552731555,0.9372264490757112,0.8206235394814567,0.9108074497148596,0.9120492984690927,0.9108074497148596,0.7534044779197184,0.45255361445374587,0.7456676613811117,-0.5124125102105842,0.6519313754189068,0.6603169959619747,0.66112696144201,0.6603169959619747,-0.06281552299323409,0.9251165933094143,0.9538072075452381,0.9405560573970003,0.9419731411906598,0.22165475926326658,0.9196126499495096,0.9202039380108156,0.9196126499495096,0.9228600411335643,0.9228600411335643,-0.09712162172235499,0.6059500146568515,0.12707269938457305,-0.7258047426323704,-0.6094886407477944,-0.613238910824532,-0.17250701052726336,0.1639016580959887,0.18132764960965425,-0.05127643757359981,-0.6096993687562066,-0.053116768673380985,-0.7970681669358157,-0.3221833263697634,0.18748616676847124,0.1891265461967999,-0.5884798439286725,-0.5656804795648833,-0.31017583991555836,-0.531166216178116,-0.8082871199287922,-0.43427721924502916,-0.4275198556775803,-0.43427721924502916,-0.2617185568566255,-0.3859254631359084,-0.3859254631359084,-0.7965985391474985,-0.7965985391474985,0.5000526978640235,0.6358068763163093,0.8480334764700868,0.8432360715261236,0.7571366396625226,-0.3568928614428462,0.7477782439927548,0.7701018283824473,0.7701823557559295,0.7701018283824473,-0.14947854888113873],[0.9932505405412029,0.9867320104606883,0.6952501331027442,0.994267148404251,0.9974194810747479,0.9932505405412029,1.0,0.9977764404780697,0.9977764404780697,0.9999733568942137,0.9677661532071068,0.9997317736864729,0.9999969558579931,0.9999886295968482,0.9999941774652523,0.7846701251240463,0.7668168861510868,0.17459153424201787,0.9998775244858414,0.9998780315268586,0.9910353613458955,0.999997121848571,0.2742661190379426,0.7770629239885765,0.9868812767889745,0.9868812767889745,0.9883808500811287,0.9925660859753277,0.2290388472492024,-0.20071244025361407,0.9914000942585305,0.991507525067708,0.14043619193113496,-0.2786356712327261,0.9994038197193074,0.9995261154586877,0.4969954095661984,-0.28913100357445254,0.999244303296923,0.9995093273986667,0.7582916793574467,0.15337814558175672,0.9504519180070307,0.999181656602529,0.9504519180070307,0.9305586277517987,0.6290011329306515,0.9529528332536448,0.9347268334175612,0.8048393156284027,0.4237996404395494,-0.13271196821295414,-0.16965856054423634,0.9396598203530695,0.31837950273894355,0.970150677952236,0.9677775417607758,0.981404183126316,0.9952325125786324,0.01961570791122448,0.8985946699313969,0.8603221791724881,0.8997358512436764,0.855794755888545,0.8228783777648376,0.855794755888545,0.8482304661798993,0.8283365527525407,0.8187610544777325,0.8283365527525407,0.8958680367925911,0.46426489687964656,0.6515336063892175,0.6987970891929843,0.6515336063892175,0.685208183298546,-0.3193436151638881,0.6667023656120427,-0.5855768926838752,0.5854202101889625,-0.04979008631225748,0.5123250098400666,-0.04979008631225748,-0.10885265579702622,0.874799562545846,0.898294870897079,0.8847031762200676,0.7980854360767942,0.18091303665882905,0.8726498346900493,0.8737004301284651,0.8726498346900493,0.806010374731337,0.806010374731337,-0.16940889106232407,0.7026109868743832,0.2152465579007048,-0.7344090435346325,-0.6519022981525451,-0.6551727619144705,-0.21816014293523883,0.11257504790844731,0.30212848566699835,-0.08480552306522131,-0.6248791753933574,0.012156932686838854,-0.8287860772743131,-0.2232925543540093,0.11886907426853989,0.12055883708931034,-0.6331152409340992,-0.5779197974726672,-0.143583298953156,-0.6062060236514706,-0.8266036328815252,-0.423709042849843,-0.2634379771265222,-0.423709042849843,-0.32865646286136224,-0.4279129321084894,-0.4279129321084894,-0.8184769269449894,-0.8184769269449894,0.47724052782108645,0.5998056631806622,0.521415927474784,0.8108648834985441,0.743426529788581,-0.4119521253093604,0.08314306125771331,0.7438122453589734,0.7618316335046855,0.7438122453589734,-0.0782402841737445],[0.9902988252778048,0.9823469744912772,0.6890948659338689,0.9917240389795069,0.9962524047824238,0.9902988252778048,0.9977764404780697,1.0,1.0,0.9996305337848996,0.9623059538614795,0.9989691083274315,0.9984684726722662,0.9994754584243155,0.9992617487391289,0.7810655222674401,0.7535028902265564,0.15351098527356505,0.9992828488770394,0.9992856714338787,0.9887030977629193,0.9993791582140613,0.24994242410585124,0.779404569849339,0.9933616912357309,0.9933616912357309,0.9868571939415787,0.9905540647053213,0.21229313381088605,-0.21299772180746143,0.98779407451669,0.9912215947932783,0.12262611563725202,-0.2843141050619326,0.9984791392995143,0.9985066925048812,0.4822340480165046,-0.2946707854897405,0.9977667523719043,0.9984979596489677,0.754744360513124,0.1319748484522862,0.9442761732288875,0.9983173016107717,0.9442761732288875,0.9287990999403075,0.6153337267118112,0.9535856923611178,0.933804382099165,0.789144685627399,0.41186904715392564,-0.14644780060182325,-0.1806667850679256,0.9326166887220868,0.2991029697794071,0.965921311319587,0.9633493715443299,0.9770105400137745,0.9941541772555663,0.01157325369365264,0.8914013179388621,0.8489028922015783,0.8941706177004239,0.8453679657842558,0.8131727675263778,0.8453679657842558,0.839767924714398,0.8148821846872617,0.8082746722151876,0.8148821846872617,0.8904059610224402,0.44894540386698467,0.6358089345081837,0.6855910436520506,0.6358089345081837,0.6771049609953255,-0.33189425221628266,0.6570798457544484,-0.590915506199239,0.5805969357156631,-0.06886486114798454,0.49967290510929374,-0.06886486114798454,-0.11402582492063597,0.8685240843588932,0.8898101756526311,0.8768096018248072,0.7860330489804596,0.16367376025194286,0.866966587720983,0.8681900081063857,0.866966587720983,0.7935573181335843,0.7935573181335843,-0.18209394819294508,0.7213645606073705,0.2210153911902906,-0.7428634198264613,-0.6627038188106824,-0.6658276667998341,-0.2314888434133482,0.10646863514587562,0.2950779364384985,-0.10294013488039144,-0.6361321469490337,0.003063154173673716,-0.8332060846605619,-0.22965285245413847,0.10560560400356411,0.10732049625069988,-0.6429192461017819,-0.578409114535716,-0.15024391416455765,-0.6200511534531431,-0.8252276206028966,-0.4340800535221181,-0.2694206887897881,-0.4340800535221181,-0.3436979912881966,-0.4397827234281153,-0.4397827234281153,-0.8156479274736446,-0.8156479274736446,0.4629464285547296,0.5849630380917936,0.5044394691944841,0.7946912351696327,0.7322294584785607,-0.4310018899217619,0.0705717491185417,0.7259718521398179,0.7469392534229613,0.7259718521398179,-0.06182023769135746],[0.9902988252778048,0.9823469744912772,0.6890948659338689,0.9917240389795069,0.9962524047824238,0.9902988252778048,0.9977764404780697,1.0,1.0,0.9996305337848996,0.9623059538614795,0.9989691083274315,0.9984684726722662,0.9994754584243155,0.9992617487391289,0.7810655222674401,0.7535028902265564,0.15351098527356505,0.9992828488770394,0.9992856714338787,0.9887030977629193,0.9993791582140613,0.24994242410585124,0.779404569849339,0.9933616912357309,0.9933616912357309,0.9868571939415787,0.9905540647053213,0.21229313381088605,-0.21299772180746143,0.98779407451669,0.9912215947932783,0.12262611563725202,-0.2843141050619326,0.9984791392995143,0.9985066925048812,0.4822340480165046,-0.2946707854897405,0.9977667523719043,0.9984979596489677,0.754744360513124,0.1319748484522862,0.9442761732288875,0.9983173016107717,0.9442761732288875,0.9287990999403075,0.6153337267118112,0.9535856923611178,0.933804382099165,0.789144685627399,0.41186904715392564,-0.14644780060182325,-0.1806667850679256,0.9326166887220868,0.2991029697794071,0.965921311319587,0.9633493715443299,0.9770105400137745,0.9941541772555663,0.01157325369365264,0.8914013179388621,0.8489028922015783,0.8941706177004239,0.8453679657842558,0.8131727675263778,0.8453679657842558,0.839767924714398,0.8148821846872617,0.8082746722151876,0.8148821846872617,0.8904059610224402,0.44894540386698467,0.6358089345081837,0.6855910436520506,0.6358089345081837,0.6771049609953255,-0.33189425221628266,0.6570798457544484,-0.590915506199239,0.5805969357156631,-0.06886486114798454,0.49967290510929374,-0.06886486114798454,-0.11402582492063597,0.8685240843588932,0.8898101756526311,0.8768096018248072,0.7860330489804596,0.16367376025194286,0.866966587720983,0.8681900081063857,0.866966587720983,0.7935573181335843,0.7935573181335843,-0.18209394819294508,0.7213645606073705,0.2210153911902906,-0.7428634198264613,-0.6627038188106824,-0.6658276667998341,-0.2314888434133482,0.10646863514587562,0.2950779364384985,-0.10294013488039144,-0.6361321469490337,0.003063154173673716,-0.8332060846605619,-0.22965285245413847,0.10560560400356411,0.10732049625069988,-0.6429192461017819,-0.578409114535716,-0.15024391416455765,-0.6200511534531431,-0.8252276206028966,-0.4340800535221181,-0.2694206887897881,-0.4340800535221181,-0.3436979912881966,-0.4397827234281153,-0.4397827234281153,-0.8156479274736446,-0.8156479274736446,0.4629464285547296,0.5849630380917936,0.5044394691944841,0.7946912351696327,0.7322294584785607,-0.4310018899217619,0.0705717491185417,0.7259718521398179,0.7469392534229613,0.7259718521398179,-0.06182023769135746],[0.993728213888814,0.9866618361290876,0.6560389194346781,0.9949343926898101,0.9976359684113639,0.993728213888814,0.9999733568942137,0.9996305337848996,0.9996305337848996,1.0,0.9669152387172563,0.9996999948559195,0.9999746543065869,0.9999739335078379,0.9999773989288459,0.6099679320760941,0.4862818333614371,0.05244010154465102,0.9998382057515244,0.9998390820408798,0.9909847398469841,0.9999719737617083,0.04493195281347825,0.761516834457924,0.9957133048831236,0.9957133048831236,0.9956759707055622,0.9925010615931348,0.05844108867131994,-0.1449388471975664,0.9909155089411065,0.9908807905547422,-0.045511357861887584,-0.24221135849438494,0.9994662707981173,0.999425337925082,0.8394253666202083,-0.45108212367068556,0.9991921878724098,0.9994820397800814,0.5731244981121107,0.02861816153928418,0.9993501959757669,0.9993552060100815,0.9993501959757669,0.9304749420062537,0.629354680422986,0.9529024519589887,0.9345778742947191,0.8044882585036838,0.047760070905746126,-0.5403872905576382,-0.08966151950442178,0.9367000357423321,0.26348146604512895,0.9680823010730073,0.9677499636289502,0.9837764202478261,0.9945132087900125,0.9018261891459157,0.899643552905356,0.9113329529571749,0.9010080492291396,0.9097604601960717,0.9102625499753431,0.9097604601960717,0.8485485606765186,0.8688151355411955,0.8699033295270632,0.8688151355411955,0.8974478786026722,0.8222928055076585,0.8832010726908139,0.8841340427027763,0.8832010726908139,0.6855346894420505,0.5636667846903047,0.6674467648993302,-0.5753030651649236,0.6348481422394375,0.6084071406691612,0.6084071581184826,0.6084071406691612,-0.057998374437853745,0.8760049250916296,0.8984307288438393,0.8853413046639874,0.9092575986960797,0.09399038369081664,0.8777828310197069,0.8792597642369682,0.8777828310197069,0.882321919006702,0.882321919006702,-0.17084793844395849,0.7032699698794491,0.014980148985773052,-0.7459376253024068,-0.6825821931502298,-0.6841420847527151,-0.22152809615053837,0.1167790887457264,-0.2091038829312438,-0.26638498213659484,-0.6607738076285881,-0.4286827893441201,-0.8584707952607822,-0.6183080624703214,0.11853058661431008,0.12019447088549197,-0.6344231730975405,-0.5739501317724597,-0.5769555938410491,-0.6075419723912098,-0.7900396734406621,-0.6369028713119447,-0.6393818997586619,-0.6369028713119447,-0.3307241736393918,-0.431417985099187,-0.431417985099187,-0.7712515789619835,-0.7712515789619835,0.4776855018863146,0.5982035214010952,0.8153450673189682,0.81817070061678,0.741525575942057,-0.4380318780221444,0.6543535296379865,0.6904048126511184,0.6905887475048424,0.6904048126511184,0.1582108413888243],[0.9793469559830643,0.9770957699834057,0.6297605925651301,0.9778087233564696,0.9723594710953626,0.9793469559830643,0.9677661532071068,0.9623059538614795,0.9623059538614795,0.9669152387172563,1.0,0.9567413134890616,0.967786532850858,0.9677381969119754,0.9675585965538905,0.3561670223299483,0.23267415678493353,-0.18167472900597054,0.9713722516466312,0.9713547463655313,0.967876352020784,0.9678688796308235,-0.05084504406460752,0.7982116547681076,0.9689910611586035,0.9689910611586035,0.9691344516449705,0.9239068491238891,0.14616579179202868,-0.13270457767280033,0.9728223158477676,0.9729156757177145,0.09330044541309473,-0.028373575497580784,0.9743056776940487,0.9745065033656973,0.9046310346480391,-0.3195911941045396,0.9633332706663522,0.9736565254474492,0.3128814926056564,-0.20098072511197632,0.9752132746614057,0.9751864364711669,0.9752132746614057,0.8556212092712372,0.4439494639976942,0.8793126092540188,0.9264458854923683,0.8895770536094318,-0.4468817001146032,-0.6622845825732085,-0.15516027766041374,0.9093996501851439,-0.04784689340697335,0.9326391524631388,0.9326938491297955,0.9478216107059979,0.9709800565498736,0.9041105525743415,0.907540151017895,0.9137318083272702,0.906795607761919,0.9078304924138464,0.9082729732512685,0.9078304924138464,0.870392679950701,0.8446236778395625,0.8456441842397414,0.8446236778395625,0.903399228976063,0.915113677653178,0.9016701729297613,0.9020771861235953,0.9016701729297613,0.756776648218881,0.7037057943451726,0.7576182908643662,-0.21856361356990608,0.767459761549295,0.7808460383158252,0.78279766329813,0.7808460383158252,-0.20390030770965728,0.9018961622573994,0.9467176764235083,0.9141112684748144,0.9146889947260939,-0.06695069241745173,0.8968008094642501,0.8974713786634879,0.8968008094642501,0.9028418987468835,0.9028418987468835,0.02701104941915193,0.4525865338629269,-0.1568485983523897,-0.6937545667349156,-0.46150257178789195,-0.46428723498888547,-0.10317280818878569,0.4435608487263786,-0.01013897794538709,-0.23918075694819196,-0.5935639386752108,-0.1397215728201792,-0.7832701349288014,-0.30450940190299247,0.31003316092948213,0.3104282043683626,-0.4314635826300872,-0.42976474712855356,-0.40112955719798654,-0.41343025077796763,-0.648924620815932,-0.41975354414946014,-0.4223015716892007,-0.41975354414946014,-0.1671678389443395,-0.4735335431726171,-0.4735335431726171,-0.5420867480729262,-0.5420867480729262,0.597138112911472,0.6530606205391506,0.7592338185916501,0.7251992492741667,0.8117485520185469,-0.5208673068660393,0.4446721939533951,0.5411907394272466,0.5415302202226853,0.5411907394272466,-0.0966669283601819],[0.9883375370475258,0.9873888274931271,0.9945317051730977,0.9909446355575198,0.9967349649417206,0.9883375370475258,0.9997317736864729,0.9989691083274315,0.9989691083274315,0.9996999948559195,0.9567413134890616,1.0,0.9997305336832591,0.9997272304917291,0.9997055201580919,0.07943974880685015,-0.025722402468341368,-0.5519257157662004,0.9998344606218553,0.9998359985538006,0.9997345300448955,0.999733619893376,-0.2962945991843851,0.9747080118819899,0.9951396945774487,0.9951396945774487,0.9951197960096634,0.9938467014623188,0.06252281784466185,0.055733904821408435,0.9929427577809908,0.9929895434156921,0.7358661019415764,-0.06296930383177574,0.9992207472709849,0.9991874277353769,0.9990766888883624,0.9994964116114752,0.999528240914972,0.9992493448110364,0.02300800871680589,-0.5590296404702276,0.9990397702904208,0.9990454407755881,0.9990397702904208,0.9256530808738902,0.48015741065122347,0.9488884414261735,0.9307271402928715,0.8042476773637344,-0.319002873748823,-0.5713962250338906,0.8468541802689514,0.8750130770861981,-0.3418624380390368,0.943634890209076,0.9438132309214996,0.9744603874573161,0.9940643633570025,0.9169032158926145,0.9215124498891889,0.9008901557905847,0.9061175624991862,0.9047801223527412,0.9051917578796109,0.9047801223527412,0.8182354064702768,0.7881963374127947,0.7894720857370535,0.7881963374127947,0.9230079886875062,0.9277696961922517,0.9219954797666386,0.9227711524946213,0.9219954797666386,0.6235706905817429,0.5768151549140074,0.6521819965959326,0.7173770455369094,0.6330760593033778,0.6575042674258657,0.6595536002456978,0.6575042674258657,-0.2214117471210803,0.8746428055025259,0.8997146473601544,0.8907862086235142,0.922678655686665,-0.35697761318653326,0.8710187938753493,0.8711852600620104,0.8710187938753493,0.8779549122614425,0.8779549122614425,-0.22110286171076832,0.6977615435654088,-0.4001163703322959,-0.8245528248113918,-0.5434562481317814,-0.5467316987365711,-0.4455765296134101,0.25544691859484076,-0.31225448336142364,-0.5573004314346048,-0.7858735405873998,-0.41798558100726163,-0.5821970623713669,-0.49420787627571316,0.11108770900410639,0.10943119217091243,-0.5608247542208581,-0.5358916795668583,-0.5573521435726291,-0.5934525173748164,-0.5863527903228809,-0.5606662159770258,-0.563915344316902,-0.5606662159770258,-0.45528261498895956,-0.6435319551341591,-0.6435319551341591,-0.6306132795643884,-0.6306132795643884,0.47144078314677634,0.35784660599741575,0.49940780540819407,0.6205337664171616,0.5419374566751038,-0.572134270702253,0.36249137405854964,0.30263164779062274,0.30287842747347016,0.30263164779062274,0.2863282369687781],[0.9932849061618636,0.98677675171607,0.6952932375840055,0.9942930265682084,0.9974383530297543,0.9932849061618636,0.9999969558579931,0.9984684726722662,0.9984684726722662,0.9999746543065869,0.967786532850858,0.9997305336832591,1.0,0.9999917573270485,0.9999956411318759,0.7846173235289504,0.7514298250170363,0.17460266499112384,0.9998785304941661,0.9998789856751749,0.9910603305341475,0.9999976506054057,0.2745281073470138,0.7771530862523005,0.9916743566629938,0.9916743566629938,0.9883796652907259,0.9925912885168185,0.22927053674532233,-0.20065278999570155,0.9914523408440616,0.991510004173407,0.14063178312088465,-0.27860673647073414,0.9994042573274796,0.9995276956418353,0.49699144704213477,-0.28892475002205764,0.9992456957805329,0.9995152792900128,0.7582225025079365,0.1533953815372353,0.9504433198245199,0.9991825359814672,0.9504433198245199,0.9305567307976793,0.6291135692387366,0.9530584195572486,0.9348409683024995,0.8049475351504726,0.42413937638756377,-0.13231720330229788,-0.16931709337843484,0.9397176679515764,0.31841675059641605,0.9702181502317335,0.9678149495366521,0.9814714668854917,0.9952381129008909,0.019800858893597596,0.8987301750807658,0.8604146489247205,0.8998522740885159,0.8558865602501027,0.822842813342306,0.8558865602501027,0.8483432740036513,0.8284067419428105,0.8187292995008708,0.8284067419428105,0.8960062180287043,0.4641800488466193,0.6515508790162391,0.6987337677910759,0.6515508790162391,0.6852430636478466,-0.3193445823397751,0.6667650708929387,-0.585454070910817,0.585382303027819,-0.04989060665749244,0.5123735467564164,-0.04989060665749244,-0.10895843881303546,0.874902598725926,0.8984323607669866,0.8848153331433178,0.7980844664122185,0.18093823958572197,0.8727503420272229,0.873796707624464,0.8727503420272229,0.8060847235271503,0.8060847235271503,-0.16934623780968897,0.7025618699774305,0.21533461591546324,-0.7344638861164127,-0.6518229575619339,-0.6550980818678551,-0.2182449183788139,0.11248020796527282,0.302264218454974,-0.08482182226634748,-0.6249564699320656,0.01237617544627002,-0.8285440882038867,-0.22304456553421462,0.11895333933149904,0.12065476572673346,-0.6330884887272693,-0.5777013413214152,-0.1433776245400529,-0.6061501173426183,-0.8264896065343128,-0.42351840346089703,-0.2632682003508084,-0.42351840346089703,-0.3285117774968812,-0.4278931414365074,-0.4278931414365074,-0.8184088096195725,-0.8184088096195725,0.47770739123590017,0.5999019450116321,0.521628424147738,0.8110763904792229,0.7434542319776904,-0.4117686024429196,0.08340062040939428,0.7440197792146558,0.7619175191823212,0.7440197792146558,-0.07825497944193718],[0.9936040841591911,0.9867150268329024,0.6928579386376574,0.9948680918721016,0.9974989485619671,0.9936040841591911,0.9999886295968482,0.9994754584243155,0.9994754584243155,0.9999739335078379,0.9677381969119754,0.9997272304917291,0.9999917573270485,1.0,0.9999895108062419,0.6918952623039891,0.5870569288816726,0.17702985867876692,0.9999003158355263,0.9999009732719731,0.991036778412537,0.9999893523223132,0.27368402780482715,0.7737626769466018,0.9944617996261617,0.9944617996261617,0.9944320048483786,0.9925948760774342,0.22190559079400984,-0.20168751921649514,0.9919197862337712,0.9919268033143822,0.16187173320476797,-0.278041499474038,0.9995722619618813,0.9995259835761368,0.8689415901567824,-0.37321675692830125,0.9992411281668439,0.9995179133368025,0.6635707086218176,0.15584913832688527,0.9994782556919827,0.9994827093167732,0.9994782556919827,0.9301984278507958,0.6285499261065776,0.9527060781874984,0.9343786303812021,0.8040443390510016,0.3068093206667403,-0.2988352572682684,0.1410515567737313,0.9394844141022138,0.3188805652887365,0.9679069188383526,0.9677783361156419,0.9802431588618007,0.9954586785625488,0.9067132192469984,0.8977970712969183,0.9159298539432387,0.8995882357275328,0.9146922596578214,0.9154012596555204,0.9146922596578214,0.8473477238742338,0.8855275347765129,0.8866433606959577,0.8855275347765129,0.8956158019835943,0.8048312167787011,0.8857793093500691,0.8870784316372025,0.8857793093500691,0.6842391927844826,0.5516742662665137,0.6648275409825595,-0.5838274147247203,0.583275069570975,0.579594157572848,0.5804729706228712,0.579594157572848,-0.11209299422716107,0.874557765085647,0.8979328524172194,0.8841866784606506,0.9126502068484991,0.18306776298632063,0.8725122388983854,0.8735601648081989,0.8725122388983854,0.8806418843962351,0.8806418843962351,-0.1695817840561091,0.7019661860556637,0.11516387411386719,-0.7331195845294113,-0.6509540846303967,-0.6542229181760612,-0.21779229127173377,0.11161692490279321,0.07393942777529253,-0.08259315815427744,-0.623161495475588,-0.17588705576420177,-0.8378883767505544,-0.43687377749494866,0.11775006782513676,0.1199515977524672,-0.6327573581527853,-0.5772044663237035,-0.4290265980161798,-0.6057896827030946,-0.8188499677324627,-0.5367211957546498,-0.5330041757817179,-0.5367211957546498,-0.3276951601389543,-0.4275079889510595,-0.4275079889510595,-0.8096752148608137,-0.8096752148608137,0.47353247180407465,0.599201325729407,0.8193388931135882,0.8142527155915477,0.7433433433678897,-0.4112549883007533,0.7055632634303376,0.7307362065460036,0.7308355491213264,0.7307362065460036,-0.04614350984791083],[0.9933247927281773,0.9866456306956308,0.6953868829837195,0.9943120701266547,0.9974590446444522,0.9933247927281773,0.9999941774652523,0.9992617487391289,0.9992617487391289,0.9999773989288459,0.9675585965538905,0.9997055201580919,0.9999956411318759,0.9999895108062419,1.0,0.7719717431467562,0.6880476096959537,0.17475878742760154,0.9998814944155251,0.999881845603974,0.991177888063427,0.9999955603334739,0.2751848088267277,0.7769937650110272,0.9946212489577632,0.9946212489577632,0.9945397495639927,0.992519650676028,0.2295522287183369,-0.20067275615973612,0.9923842908985134,0.9924294054905817,0.1413457380461694,-0.27844395154985724,0.9994467775165847,0.9995275204015744,0.4960998072810792,-0.28825577622465526,0.9992116860046601,0.9995175632397832,0.7548607173446283,0.1535711429626934,0.9500498281952781,0.9992297072233715,0.9500498281952781,0.9307543271894729,0.6297130577934236,0.9531364379131229,0.9348854486955316,0.8047185874220149,0.4253812356829213,-0.13092391303298748,-0.1695513551391184,0.9400071236821983,0.3186793198068983,0.9705707658908956,0.9680758783711223,0.9817006372457331,0.9952820302341372,0.018846371583123953,0.8989412942105472,0.8603125833387131,0.9000278334201717,0.8558115460776001,0.8224284777872186,0.8558115460776001,0.8485047325456769,0.82831094767231,0.8190020781841777,0.82831094767231,0.8962525861368839,0.46355367156525573,0.651101058462272,0.6987096841455634,0.651101058462272,0.6851275998499192,-0.32042651042556974,0.6667273225478475,-0.5856680801222047,0.5850683467786386,-0.05080887838537611,0.5120480508299917,-0.05080887838537611,-0.1089364585864463,0.8750022974944633,0.8982433520888309,0.8849366408512416,0.7917818306440887,0.18131132512633558,0.8728048333842757,0.8738424458421883,0.8728048333842757,0.8058958924775476,0.8058958924775476,-0.17054899772666132,0.7032888408955104,0.215805285027747,-0.7344205883120661,-0.6521446184336,-0.6554236853800429,-0.21920466851029335,0.11142702675340427,0.30259525760784417,-0.08514961648738617,-0.6250943376676207,0.012491441083839054,-0.8278694836434697,-0.2228676275831361,0.11810932779422459,0.1198113406687292,-0.6336104231082749,-0.5778819885611944,-0.14283390836582904,-0.6071274129739709,-0.8265358430067754,-0.4234535515475447,-0.26275020286679146,-0.4234535515475447,-0.32929259987088877,-0.42827702418363106,-0.42827702418363106,-0.8187518039947667,-0.8187518039947667,0.47781961139855234,0.599603033614713,0.521198678545358,0.811480522348481,0.7429690899210456,-0.41137599809734204,0.08280357252792021,0.7444294400045187,0.7625193168435906,0.7444294400045187,-0.07802180790002466],[0.6795969991918674,-0.039395314907801106,0.35256010191536974,0.6785859719223434,0.5566257676985235,0.6795969991918674,0.7846701251240463,0.7810655222674401,0.7810655222674401,0.6099679320760941,0.3561670223299483,0.07943974880685015,0.7846173235289504,0.6918952623039891,0.7719717431467562,1.0,0.9910994513045437,0.4312379864355701,0.7460688461971806,0.7460320837942455,0.6559652285989523,0.7704066583348333,0.33687191007646855,0.3175407932850285,0.760818115656974,0.760818115656974,0.7447823675971191,-0.3236664081628135,0.1946401570756437,-0.15547921375543455,0.8176549033920671,0.8139700502187538,0.1626064828582797,-0.20605318475284531,0.7790035756903283,0.6402973202560505,0.23692158655358989,-0.31694712094621635,0.09371242379920909,0.602138141903167,0.9982916418614166,0.41454043947727925,0.7035143805219152,0.7785295787047044,0.7035143805219152,0.03079231025060054,0.49843263228763873,-0.3819777151682933,-0.4053635495946431,-0.08242586661476785,0.3881888292930369,-0.05280863587159829,-0.21189012538312768,0.627667845675387,0.39596927909814345,0.7819979684430223,0.6311667149550875,0.7354162302292778,0.7600706415697425,-0.10987333558244075,0.005214097624063585,0.5039193613511169,0.3398685782496346,0.49319561