var element=document.getElementById("correlationClose");if(element.style.display!='none'){var correlationClose={"data":[{"type":"heatmap","z":[[1.0,0.9999841234933183,0.5843267762379135,0.9997076335944857,0.9975578991725713,1.0,0.991097404975509,0.9867901264300074,0.991774972075565,0.9735536223139708,0.9830517825448928,0.9911411995582895,-0.12187456497579534,0.9912045838091524,0.9601328361674394,0.9510328812551281,0.429503963277373,0.9921875629516824,0.9921858179679107,0.9841988537473478,0.9911426837820295,0.4477876442422511,0.6765300664055107,0.9784903298321033,0.9784680230319072,0.963271735617756,0.3179723081483443,-0.11829313419130086,0.9897843930187472,0.9897492135353158,0.28420545614313175,-0.19559182949530796,0.9939296008757257,0.9947660100704577,0.8167453460343114,-0.3867668744559463,0.9881825275148484,0.9945684826243715,0.9604813004844066,0.4115545423319503,0.9941082377193898,0.9941039862430341,0.9941082377193898,0.8884985626601618,0.6671011610444003,0.8737841218405201,0.8865536165416842,0.7938032263306098,0.38522825745472644,-0.13909455565606338,0.19234026221093692,0.9452966167753033,0.45023202574008114,0.9767488759440536,0.971166022973453,0.9171581261450052,0.9154790118815301,0.9348302665668643,0.9121012821734265,0.9317183732898017,0.9325892139650082,0.9317183732898017,0.8500885924236742,0.9083440580558376,0.9095464911884067,0.9083440580558376,0.9000264554149743,0.7419419328266428,0.874442251325977,0.8762254075292162,0.874442251325977,0.6277712228312482,0.3146932620320454,0.6049465503522514,-0.5904414819815198,0.5030094972519791,0.5524596853309345,0.5541055871214142,0.5524596853309345,-0.10419312785863927,0.8873856555688242,0.9198319685890708,0.9017094300406671,0.9187764340544301,0.42186514994355506,0.8842046713320698,0.8855677680855691,0.8842046713320698,0.8927795305895426,0.8927795305895426,-0.1510148349643238,0.560176777321989,0.18998586019046623,-0.5786476182997732,-0.5669472339573819,-0.570323663350698,-0.051290626291981056,0.0690991496679919,0.2532256988038961,0.11897397559605608,-0.40961248653988874,0.04681839130421911,-0.793570927340941,-0.2197853489213862,0.1333514409247384,0.13431143601104373,-0.5466021698145281,-0.6022684744505494,-0.22151548021764148,-0.4925426725150418,-0.8279629978629572,-0.3572776483504329,-0.349007805436633,-0.3572776483504329,-0.18849330583297902,-0.26735305677445625,-0.26735305677445625,-0.8161681528759741,-0.8161681528759741,0.4006907418091469,0.6550356569530311,0.8710857135551726,0.8503671093029684,0.7862805107372814,-0.2594094902229939,0.7645332746875875,0.8046968512808442,0.8047567170595361,0.8046968512808442,-0.2341284874968039],[0.9999841234933183,1.0,0.9713122007595761,0.999265149252836,0.9941419728510051,0.9999841234933181,0.9792694517545714,0.9708769148849935,0.9790733331449415,0.9605708092701426,0.9811428323216893,0.9793259397312718,0.9792892467523767,0.9791203377924536,0.8138740759222312,0.7858367721669017,-0.2939424527118697,0.9843962403696263,0.9843693079647513,0.9793842928063774,0.9793762628619878,-0.12993761406718998,0.9701068680310468,0.9727855989436185,0.9728550610737827,0.9636409479477303,0.07186032110675673,0.1570628970353462,0.9766943795509805,0.9767714335528093,0.9721930485125593,0.15734711116570996,0.9881807678181705,0.9882475308220601,0.9889903075763358,0.981270680755166,0.9867109033819126,0.9882393462017189,0.8048272552493532,-0.30026525092723544,0.9890535058246006,0.9890362172555058,0.9890535058246006,0.8885075951389936,0.5402992744387668,0.8744072402154147,0.8868417365595302,0.7931046789596953,-0.42605202691543675,-0.5416670860288951,0.8271768575862284,0.8573786975724441,-0.19489662837054286,0.9344767399069007,0.9345675579622864,0.9281679539762389,0.937595792600741,0.916631614591992,0.9162517507626039,0.92306400442946,0.9237561271541933,0.92306400442946,0.789425903407072,0.750692633579744,0.7529411266259313,0.750692633579744,0.9318064985265833,0.9367039887300228,0.9317901405430646,0.9329315818154398,0.9317901405430646,0.46404581491668845,0.40453719408821215,0.5242378327193579,0.628755151563455,0.5120766012857666,0.550191871672315,0.5509618727632077,0.550191871672315,-0.22029613587807112,0.875835665458559,0.910540661190683,0.8978382147487699,0.9349925892637404,-0.12475287346268957,0.8703495028596281,0.8707315147767899,0.8703495028596281,0.8809957368541705,0.8809957368541705,-0.25107020754078124,0.5611169496394995,-0.3784767532012313,-0.6782143347655072,-0.4680729207064032,-0.4714756947487792,-0.3166224662160788,0.23362331446391565,-0.22378217686241458,-0.41297862190422996,-0.6163873134275873,-0.297284592628746,-0.4968766347025879,-0.3518063684028934,0.11068009627294048,0.10628999259984048,-0.4917566938312276,-0.44866659814769366,-0.476919857387495,-0.5066542196168569,-0.4991257533081667,-0.478954134128669,-0.4822047907659585,-0.478954134128669,-0.3589723993936819,-0.5035244152001841,-0.5035244152001841,-0.47568754066015695,-0.47568754066015695,0.400522764607302,0.4084270636994789,0.5173833454669982,0.5995918648404918,0.5711461936987426,-0.39975074776113206,0.37742301158438746,0.3656204036416382,0.3657065741523481,0.3656204036416382,0.11218206179427853],[0.5843267762379135,0.9713122007595761,1.0,0.578285448897836,0.4744981379317779,0.5843267762379134,0.5719505940499232,0.5608483608074445,0.47956629979746046,0.4223790997800017,0.9966872004725841,0.5719839535989335,0.5121100848396373,0.5723001189439322,0.5423740896452572,0.5694207402285573,-0.11933784271793108,0.5199868429686412,0.5199533434534573,0.47438100017257717,0.571615497938785,0.21486675084576565,0.7109932508227467,0.5406537311784343,0.5403837986925422,0.9847123950148513,0.3038257283202373,0.17668357469955895,0.5358352958519899,0.5353696354696595,0.7644649326282453,0.014746226287471414,0.5698537658402567,0.476611575223451,0.5531821608007075,0.35192657954568435,0.9941098942897195,0.4663032877519401,0.5390615372640702,-0.1260391670864454,0.5859797642702275,0.5685675730530393,0.5859797642702275,0.8930058963230967,0.3907443440823089,0.909068176496725,0.8760188193697311,0.6570448618682421,0.20161053711406776,-0.02004522413330918,0.055465825392472044,0.43750203493006123,-0.07624337385687456,0.5261666931564624,0.46590948659868264,-0.06413392286938208,0.7051995102616744,0.6546233678718222,0.5061894555810743,0.660932270989029,0.7193524843327979,0.660932270989029,0.3599983281797919,0.5555618090174351,0.6496870174199055,0.5555618090174351,0.580170101029191,0.6280754804288176,0.6701082063547807,0.7387252425128465,0.6701082063547807,0.22760251452909086,-0.08573364452888901,0.24543444244002935,0.13862220944240414,0.2457767705556465,0.2612531661586849,0.4067995779036814,0.2612531661586849,-0.17482787495519272,0.463031314975622,0.8202286532310171,0.5487727748982527,0.7356614228332145,0.055315300688024746,0.5258470298159258,0.5269636034732602,0.5258470298159258,0.6416269053971457,0.6416269053971457,-0.27486072370012254,0.7202071997839258,-0.2213236936930255,-0.5682387204449131,-0.3968311981923341,-0.3999783194200178,-0.39571258466797693,0.02744698228658573,0.02404538314616732,-0.27136732588102597,-0.5503881718982684,-0.13961547293519155,-0.2391976648951882,-0.21716732067530606,-0.009937072437241167,-0.012596922560317362,-0.4563651585322301,-3.503596501699537e-05,-0.22627186953594805,-0.4890405527702677,-0.12558361422590347,-0.365316208123267,-0.2420321810699425,-0.365316208123267,-0.4271023380058799,-0.5104552703243935,-0.5104552703243935,-0.24886487799521934,-0.24886487799521934,0.3307117331041194,0.14476996244500825,0.2503798542241835,0.4933149037045658,0.22806141094173413,-0.3173680636138463,-0.034417860180964356,0.4492815182965951,0.5621063316339598,0.4492815182965951,-0.04409682617621852],[0.9997076335944857,0.999265149252836,0.578285448897836,1.0,0.9986801144609307,0.9997076335944856,0.992653594708249,0.9888216923655923,0.993653619632014,0.971396051812511,0.9877739774370743,0.992685984741387,-0.1260786088619532,0.9927222421715121,0.9614846910443221,0.9523734389177766,0.4152755513699792,0.9935245254774256,0.99352281855372,0.9845991955733413,0.9926768784734591,0.4391292342387936,0.6799939341983029,0.9813869864287678,0.98136503541628,0.9728543443623758,0.31323652041726596,-0.12544644247844233,0.989473662698047,0.9894489557659379,0.2759452082916813,-0.19631861697649164,0.994698549412171,0.9958071533812135,0.7772049495051111,-0.39238637516440367,0.9916380373621023,0.9958432704851397,0.9609449274525323,0.3969678690479103,0.9923388054233869,0.9947727567244963,0.9923388054233869,0.8869096691811935,0.6544483001802295,0.8814321204401572,0.8834631764487766,0.7719856720089653,0.37980360024991183,-0.14495667273300727,0.18594538710636418,0.9395714074629298,0.43418919748331347,0.9724466408084922,0.9683619568276828,0.8935827877324065,0.9070270092925163,0.9202270160515574,0.9072280722827132,0.91259759731763,0.9137953341290176,0.91259759731763,0.8405424258497608,0.8949961620648865,0.8963249597394579,0.8949961620648865,0.8957805124403007,0.6760986187783861,0.8313699979539797,0.8332588457304135,0.8313699979539797,0.6179257627372702,0.10519705679207182,0.5931607100231423,-0.5955706925102813,0.4965810402892355,0.29293808363135576,0.5223031301706759,0.29293808363135576,-0.11107430192679549,0.8808543029416583,0.9097549285423902,0.8921010037057275,0.8929061999537146,0.4084576312230507,0.8786294362391237,0.8801696397155455,0.8786294362391237,0.8710592383006212,0.8710592383006212,-0.15712372509648245,0.5862106621774534,0.19475164876541962,-0.589133029835117,-0.5746741836230634,-0.5779664980752574,-0.06384580918820254,0.0636651045780863,0.24608782400862764,0.1061222902396933,-0.4222682751986936,0.040226187610578376,-0.8002472700601915,-0.22779019548809915,0.12235845348973283,0.12338147090394838,-0.5540497608539767,-0.599159512130853,-0.22320882144743917,-0.5046603292765068,-0.8303276387412821,-0.3590854388877172,-0.35137490775633573,-0.3590854388877172,-0.19790160418194688,-0.2775317178453788,-0.2775317178453788,-0.8164034045930002,-0.8164034045930002,0.3878969243892214,0.6432029505310922,0.8635399901893687,0.8428903094313382,0.779097202107702,-0.2729424013568257,0.7556845875678134,0.7961452452073962,0.7962100477867547,0.7961452452073962,-0.21906734533908934],[0.9975578991725713,0.9941419728510051,0.4744981379317779,0.9986801144609307,1.0,0.9975578991725713,0.9968514201591258,0.9949572397657835,0.9970458108559616,0.9613996977004985,0.9955685725973656,0.9968722919224499,-0.3329988651128091,0.9969033007988447,0.9491404769015954,0.9327779837285017,0.21753010074222276,0.9974295394767306,0.9974271047174297,0.9863338376711357,0.9968624185082071,0.07615746212063308,0.6438612489763306,0.9908564006558309,0.990813615646695,0.9856445730041264,0.06749568378294618,-0.10987271293538795,0.9875783099664059,0.9875222599093707,-0.03464659075847655,-0.09308654864696478,0.9977358171974867,0.9976701107455939,0.7562299304797298,-0.5316388972623898,0.997246300069768,0.9979397086897257,0.9452573675636619,0.19364286268330616,0.9976860851180811,0.9976880876568086,0.9976860851180811,0.9017747461730062,0.6155656777890597,0.9018101101247633,0.8872496511870067,0.7398068856125837,-0.0993829418808133,-0.5817819455901386,-0.23175312437667425,0.9252471025943667,0.2886158527148045,0.9662304254669436,0.9662956047378999,0.8886698903305169,0.8854694454441854,0.9067155700539495,0.8926472366981351,0.9048784611380062,0.9054968911683501,0.9048784611380062,0.8113516137110023,0.8395169924677351,0.8411793521760879,0.8395169924677351,0.8829918774338891,0.7782200593628922,0.8628820328793896,0.8641498189160102,0.8628820328793896,0.5699143096218708,0.43449730274574494,0.5531302915997368,-0.6367298023049066,0.5510442330727503,0.5284321287564138,0.5285535137660274,0.5284321287564138,-0.13164486685001303,0.8602662815959744,0.8802849517205936,0.8653014615548272,0.8984971705476779,0.2622840633453007,0.8612567768958534,0.8628334177082401,0.8612567768958534,0.8690978940494627,0.8690978940494627,-0.19954736205596701,0.6433215608214184,0.04831420769845207,-0.6238383368857702,-0.6308965665109998,-0.6311617414853712,-0.09952322505202059,0.08584588451965978,-0.15227708602985826,-0.14670310454275978,-0.5070114319798102,-0.33122929429137,-0.8615410689086666,-0.5235007921172015,0.0887102237116855,0.08961654173230803,-0.5840536867670838,-0.5907806924593201,-0.5187079670818099,-0.5469301469107617,-0.7961874631424902,-0.5740833892846332,-0.5770761587104669,-0.5740833892846332,-0.24126919391717286,-0.31571982225803913,-0.31571982225803913,-0.7623746347790171,-0.7623746347790171,0.3686624789893316,0.6219513376684984,0.8138440923863209,0.7894463782957943,0.7663133948986385,-0.4102390915887374,0.6060044387012038,0.6870835865073882,0.6872564770120918,0.6870835865073882,0.012572322889865312],[1.0,0.9999841234933181,0.5843267762379134,0.9997076335944856,0.9975578991725713,1.0,0.991097404975509,0.9867901264300074,0.991774972075565,0.9735536223139708,0.9830517825448928,0.9911411995582895,-0.12187456497579534,0.9912045838091524,0.9601328361674394,0.9510328812551281,0.429503963277373,0.9921875629516824,0.9921858179679107,0.9841988537473478,0.9911426837820295,0.4477876442422511,0.6765300664055107,0.9784903298321033,0.9784680230319072,0.963271735617756,0.3179723081483443,-0.11829313419130086,0.9897843930187472,0.9897492135353158,0.28420545614313175,-0.19559182949530796,0.9939296008757257,0.9947660100704577,0.8167453460343114,-0.3867668744559463,0.9881825275148484,0.9945684826243715,0.9604813004844066,0.4115545423319503,0.9941082377193898,0.9941039862430341,0.9941082377193898,0.8884985626601618,0.6671011610444003,0.8737841218405201,0.8865536165416842,0.7938032263306098,0.38522825745472644,-0.13909455565606338,0.19234026221093692,0.9452966167753033,0.45023202574008114,0.9767488759440536,0.971166022973453,0.9171581261450052,0.9154790118815301,0.9348302665668643,0.9121012821734265,0.9317183732898017,0.9325892139650082,0.9317183732898017,0.8500885924236742,0.9083440580558376,0.9095464911884067,0.9083440580558376,0.9000264554149743,0.7419419328266428,0.874442251325977,0.8762254075292162,0.874442251325977,0.6277712228312482,0.3146932620320454,0.6049465503522514,-0.5904414819815198,0.5030094972519791,0.5524596853309345,0.5541055871214142,0.5524596853309345,-0.10419312785863927,0.8873856555688242,0.9198319685890708,0.9017094300406671,0.9187764340544301,0.42186514994355506,0.8842046713320698,0.8855677680855691,0.8842046713320698,0.8927795305895426,0.8927795305895426,-0.1510148349643238,0.560176777321989,0.18998586019046623,-0.5786476182997732,-0.5669472339573819,-0.570323663350698,-0.051290626291981056,0.0690991496679919,0.2532256988038961,0.11897397559605608,-0.40961248653988874,0.04681839130421911,-0.793570927340941,-0.2197853489213862,0.1333514409247384,0.13431143601104373,-0.5466021698145281,-0.6022684744505494,-0.22151548021764148,-0.4925426725150418,-0.8279629978629572,-0.3572776483504329,-0.349007805436633,-0.3572776483504329,-0.18849330583297902,-0.26735305677445625,-0.26735305677445625,-0.8161681528759741,-0.8161681528759741,0.4006907418091469,0.6550356569530311,0.8710857135551726,0.8503671093029684,0.7862805107372814,-0.2594094902229939,0.7645332746875875,0.8046968512808442,0.8047567170595361,0.8046968512808442,-0.2341284874968039],[0.991097404975509,0.9792694517545714,0.5719505940499232,0.992653594708249,0.9968514201591258,0.991097404975509,1.0,0.9972481778385757,0.9999684912186677,0.9530308972697724,0.999611264521234,0.9999962507309553,-0.13971729779646574,0.999992648226291,0.9784167684613013,0.9718785129695411,0.36771388049033304,0.9998415006536725,0.9998418664112622,0.9887596345382902,0.9999964621131276,0.34675788429871934,0.680789536583014,0.9845598388721686,0.9849266075675507,0.9869535357417554,0.23580226007737565,-0.1836563403878259,0.9920259049118059,0.9917846998650863,0.1764921511175198,-0.24611296739769567,0.9993039889019834,0.9993988909291159,0.3648322706322626,-0.3259089177209874,0.9987557768103026,0.9993214231760251,0.9742509044036542,0.3479150238648746,0.9335774348338981,0.9990351493200351,0.9335774348338981,0.9106094444950115,0.6198166288730942,0.9230350538860946,0.896113564949427,0.6953849772789307,0.4124916727331024,-0.08698290859852482,-0.20942347974180212,0.9239298597056489,0.39389343267013965,0.968314861612781,0.9616670490325986,-0.07570618967588637,0.8374256709595842,0.807506774179002,0.8548465840596637,0.8010917314914925,0.7679876587294566,0.8010917314914925,0.7686310428484557,0.7683343977759252,0.7653029553429377,0.7683343977759252,0.8428719275352076,0.32140743864770505,0.5364526254361838,0.6161673402859745,0.5364526254361838,0.5379052700999948,-0.3594646634029707,0.5000484291554005,-0.658511421069035,0.4196608235139701,-0.1241741818987299,0.37996476602082563,-0.1241741818987299,-0.1547504076575425,0.8187174298746355,0.8312896650747051,0.8194040562747155,0.7413091323443698,0.35999127035192774,0.8211502172867163,0.8233393577925503,0.8211502172867163,0.7301967637337289,0.7301967637337289,-0.23646893218781692,0.6917300095188397,0.25061986457089963,-0.6057788105027277,-0.6171465400568302,-0.6200090680065865,-0.11444262272620007,0.011836331222874611,0.3517467026310132,0.06834087486802187,-0.4473671609004449,0.09287810732194347,-0.8272423915565713,-0.1308015824043966,0.05146372829744326,0.05261677553963599,-0.5991466424207351,-0.6055185528352653,-0.062293034458684275,-0.5833920632115683,-0.8427512110248561,-0.35488714874091554,-0.18289604408711402,-0.35488714874091554,-0.27627843203172975,-0.32633543775188956,-0.32633543775188956,-0.8358257287194262,-0.8358257287194262,0.3665826178318678,0.6001355093654014,0.49961255676581695,0.8065238289657112,0.75666879549011,-0.32988560139359796,0.06068674079885441,0.7617295494854247,0.7803156626507687,0.7617295494854247,-0.1448672873726192],[0.9867901264300074,0.9708769148849935,0.5608483608074445,0.9888216923655923,0.9949572397657835,0.9867901264300074,0.9972481778385757,1.0,0.999486527273577,0.9449505103180994,0.9983800179030646,0.9980408857336213,-0.1488278169308862,0.9990342424533911,0.9769234335452999,0.96384425708353,0.34560423590518086,0.9990842969768867,0.9990872050156461,0.9858833499035342,0.9991914200610973,0.31987123262038075,0.6804056477064271,0.9920504788953709,0.9826902493721772,0.9829455090409194,0.2165040965348562,-0.19835169916230125,0.9883016060156953,0.9917188339112436,0.1564122756612089,-0.25283328623714924,0.9981709163275211,0.9980842402859471,0.34450050868958426,-0.3332725325203832,0.9963077514382783,0.997941456018127,0.9732495669500095,0.32533040050992945,0.9249903896432022,0.9980015297844493,0.9249903896432022,0.9079480308798227,0.6039675187061065,0.9234194415204279,0.8921360207358568,0.6687022863579791,0.39901567518469105,-0.1027062501994338,-0.22297866694769367,0.9146687061240961,0.37277787758511677,0.9635111225473905,0.9560857953362966,-0.08647049828009999,0.8233089116499079,0.7893599257758129,0.8449363574605593,0.784157904523822,0.7546301100872542,0.784157904523822,0.7542123290728482,0.7475408522780598,0.7507043016083561,0.7475408522780598,0.833232668980249,0.29999984540249397,0.5138225177093803,0.5982999056121924,0.5138225177093803,0.5228807035798512,-0.3752168773746608,0.4831944621793057,-0.667449172817445,0.4100757567484361,-0.14772372114455953,0.36194189359859646,-0.14772372114455953,-0.16206335842222983,0.8070443141669802,0.8130268039294528,0.8042666197838413,0.7253705843736857,0.34238501431085416,0.8101123196897007,0.8125495978013185,0.8101123196897007,0.7103714005695967,0.7103714005695967,-0.2531524310887412,0.7203893304349271,0.2585099223948743,-0.6158104409240108,-0.631064396170493,-0.633747508732722,-0.1300940784794513,0.0032413336457546254,0.34478569533531583,0.048581937490415256,-0.4609683244565516,0.08345854348904325,-0.8341406844579908,-0.13742429902301834,0.03492173935822704,0.036116665836424304,-0.61184528669595,-0.6068174152171468,-0.06929404524126317,-0.6018828306854812,-0.8430707460519944,-0.3670542154084769,-0.18928015789824273,-0.3670542154084769,-0.29521340877021546,-0.3410768961382554,-0.3410768961382554,-0.8345342063661201,-0.8345342063661201,0.34366214720654786,0.5820494571713116,0.4800264092219036,0.7880941720614519,0.7431982885477948,-0.3529821904116785,0.045913914800451414,0.742026544767559,0.764200839129264,0.742026544767559,-0.12710295988862697],[0.991774972075565,0.9790733331449415,0.47956629979746046,0.993653619632014,0.9970458108559616,0.991774972075565,0.9999684912186677,0.999486527273577,1.0,0.9518170776149112,0.9995621270641959,0.9999697278225304,-0.30883418608036783,0.9999741763673001,0.9581329179370242,0.9405660825998617,0.2576831086180092,0.9997863067146996,0.9997868800617493,0.9885821454431315,0.9999666025517224,0.12407730962611409,0.6418148521919131,0.9943520138829693,0.9942989645267275,0.9868119314294177,0.050474419505478416,-0.12298718688045522,0.9905884545484378,0.9905572695146956,-0.016729768395217705,-0.2056381676743343,0.9993296915508558,0.9992869545005403,0.7676472435527082,-0.5217644290111556,0.9986709138917953,0.999299798882447,0.9530256070728982,0.23444382245340803,0.9991735679116668,0.9991789807593513,0.9991735679116668,0.9104378437705266,0.6207055672424059,0.9228005020137887,0.8956181451477839,0.694735804951442,0.007447746125586109,-0.5287719671804569,-0.1816269579027698,0.9191852673611337,0.3413430889874056,0.9627306081309999,0.9618646735623049,0.8608967312026313,0.8386226643569172,0.8798964098361718,0.8559788843504207,0.8781181051409834,0.8788356087291712,0.8781181051409834,0.768174890828508,0.8212125520491873,0.8229109906169392,0.8212125520491873,0.8445842481744855,0.7393475153926491,0.8324900323385698,0.8339190974246978,0.8324900323385698,0.5370691789669017,0.3601593945616851,0.4996622599307177,-0.6840090054070073,0.4788143246762001,0.44300333094152555,0.4429405990587061,0.44300333094152555,-0.1120730084264617,0.8195183243972755,0.8310874955952633,0.8196225414950399,0.8711529565649263,0.2827083757116865,0.8273871293848597,0.8296966458718672,0.8273871293848597,0.8352416147276395,0.8352416147276395,-0.23863920361608287,0.692602461242498,0.07336699751113475,-0.6190496881154541,-0.657559658998554,-0.6584424299197439,-0.11810529734547268,0.014884180109607468,-0.15947267086629432,-0.11742392535549515,-0.49533324994843353,-0.3617424140715316,-0.8763137451979669,-0.5618044311970188,0.050677597658073,0.051801200266316266,-0.6010268841870982,-0.6014545136959251,-0.5286013963611552,-0.5854700543656988,-0.8166663051764824,-0.5978482818861591,-0.5999484217985425,-0.5978482818861591,-0.27892175102172545,-0.3304726017667138,-0.3304726017667138,-0.7961766237139681,-0.7961766237139681,0.36709825891200903,0.5986926129162935,0.8217398187969241,0.8011829128450799,0.7549196286264952,-0.3590502183630359,0.6394595782565313,0.7083391737011816,0.7084950155156787,0.7083391737011816,0.09511935126359532],[0.9735536223139708,0.9605708092701426,0.4223790997800017,0.971396051812511,0.9613996977004985,0.9735536223139708,0.9530308972697724,0.9449505103180994,0.9518170776149112,1.0,0.9277546326329172,0.9530575350376121,-0.24353140636023698,0.9527194957372915,0.881409768556282,0.8601489791747853,0.05986506204456834,0.9584353080487014,0.9584125487990565,0.9531990451491922,0.9531901983461054,0.05316636344170277,0.6882502431172166,0.9549653573378528,0.9551731675703206,0.8382702306395559,0.1541610836879087,-0.1052529800461906,0.9614344461693695,0.9615639251935343,0.1335003466086941,0.06730305350606444,0.9626762561074066,0.9629622140612187,0.8582686551995979,-0.4414722348902355,0.9388990426570419,0.9618226685526204,0.8838909745182149,0.03743599692764671,0.9640181942961515,0.9639819850382908,0.9640181942961515,0.7887834526567735,0.416525923468945,0.7617452634167583,0.8681852004333642,0.8332924798222128,-0.5507886416946186,-0.6863040311438261,-0.29696114319787087,0.8712463735590138,0.05490371515434067,0.905481278717532,0.9055323292389118,0.8644540654056957,0.8599231325389316,0.8890006606283263,0.8675312072205922,0.8811330510011575,0.8819237073202209,0.8811330510011575,0.8099964408402817,0.7890790983189586,0.7911427197143474,0.7890790983189586,0.8600782217605081,0.8792105002987647,0.8582467045965689,0.8590037295794893,0.8582467045965689,0.6335172992940535,0.5536714369051825,0.6349305447759075,-0.40006129668619606,0.6566572581870002,0.6768201636424263,0.6797604144729144,0.6768201636424263,-0.2712033314812496,0.8647985704184328,0.9241024682500991,0.8821393680025794,0.8798038960284955,0.15295031532855216,0.8571446021763993,0.8584414564283146,0.8571446021763993,0.8683577947440319,0.8683577947440319,0.0165477411276503,0.31435024256146615,-0.094620925282508,-0.5316400938269208,-0.4063889877692839,-0.40836189578859805,0.044139603674002895,0.39518777786347753,0.08652730215633546,-0.055695130804989806,-0.38739277737030164,-0.01032943971374606,-0.8100156103040937,-0.17218245562322063,0.28460577499139317,0.2838698543272381,-0.36863010944894015,-0.43878123355118853,-0.324821616936948,-0.3314301991234411,-0.68291973866054,-0.34567797674848927,-0.3477207901663185,-0.34567797674848927,-0.07275858870755106,-0.3648343562257217,-0.3648343562257217,-0.5390928080167816,-0.5390928080167816,0.5625054781690662,0.6700015467834006,0.7603962339002931,0.6733483543908783,0.8358442493415521,-0.4541456204278267,0.3864105320384305,0.5597544661625534,0.5600306709499825,0.5597544661625534,-0.2261614048495879],[0.9830517825448928,0.9811428323216893,0.9966872004725841,0.9877739774370743,0.9955685725973656,0.9830517825448928,0.999611264521234,0.9983800179030646,0.9995621270641959,0.9277546326329172,1.0,0.9996096806108778,0.9996060335269163,0.999563882718547,0.8563349903528932,0.8218299898253978,-0.40362626916720884,0.999750312287643,0.9997540870467626,0.9996163242227669,0.9996162512363845,-0.2499509409281888,0.9640134560601018,0.9928414937547938,0.9928169484449193,0.9897657044591969,0.049299825527071336,0.08835351869885774,0.9896586965776192,0.9897215976073824,0.9729612916800184,0.03208117336683193,0.998773335803299,0.9987170251775762,0.9985395983315644,0.9992719627917453,0.9992393413963367,0.998778759256744,0.8383061494876306,-0.41363341788136626,0.9984776252386852,0.9984884158672082,0.9984776252386852,0.9040902185289448,0.4719533527183009,0.9186973883918579,0.8935803157471305,0.6960050072342845,-0.5245375873463084,-0.6518905446640437,0.7944753315299811,0.8101427053179845,-0.3024282723918122,0.9231806367632074,0.9233817126789179,0.861967979433196,0.8713014551890107,0.8397405010916746,0.842195021461608,0.8485942250134112,0.849489289141351,0.8485942250134112,0.6831975575177187,0.638361956954013,0.6410348548265122,0.638361956954013,0.8717773969218918,0.880458866137784,0.870485838585975,0.8718933211071525,0.870485838585975,0.33617118903659676,0.2657157607474582,0.3926265605917585,0.5161840443798841,0.3900048420252082,0.43570741386602446,0.43819065983682065,0.43570741386602446,-0.4111548041373608,0.7866750998732117,0.8354166827615548,0.8163139234843818,0.8704949119319346,-0.1748402886348727,0.7799993764866451,0.7805147458114768,0.7799993764866451,0.7938386352239526,0.7938386352239526,-0.2979679805255934,0.6840139903453837,-0.3976970704936424,-0.7128696325734241,-0.5465906172802464,-0.5488891083110856,-0.374938810538903,0.1684437858698764,-0.2783546059349906,-0.4599969807551652,-0.6592811225704557,-0.35727199087786243,-0.6189677927131986,-0.42356996557360876,0.04144103950553277,0.03795597978209258,-0.5656246780960584,-0.5314714528443497,-0.5506419814961162,-0.5848382929519758,-0.57903127403241,-0.5537944002619091,-0.5567660287833137,-0.5537944002619091,-0.43855107736684334,-0.6075542013329824,-0.6075542013329824,-0.6074986411154291,-0.6074986411154291,0.36230438698930534,0.35375050780868317,0.471665481397097,0.5542981541762342,0.5486941142714992,-0.5556284402417973,0.29494509717212236,0.31178222877919765,0.3119401778659977,0.31178222877919765,0.21545379045690816],[0.9911411995582895,0.9793259397312718,0.5719839535989335,0.992685984741387,0.9968722919224499,0.9911411995582895,0.9999962507309553,0.9980408857336213,0.9999697278225304,0.9530575350376121,0.9996096806108778,1.0,-0.13937585786945858,0.9999944988733214,0.9783770892458242,0.9709088967501892,0.36776726986981945,0.9998428892289252,0.9998432207206869,0.9887992384733284,0.9999970883164561,0.34708573551884775,0.6808808232901359,0.9899531919176274,0.9849171303167715,0.9869362807836486,0.2360895127093283,-0.18359117951014434,0.9920269664044207,0.9917933102204074,0.1767429863044488,-0.24606473702657067,0.9993056028511558,0.9994025866467104,0.36481586897318136,-0.32568326995999186,0.9987579293757488,0.999329761396687,0.9742054956108506,0.34797536683531344,0.9335627651041216,0.9990372537017737,0.9335627651041216,0.9106084756479622,0.6199596821554536,0.9232647519320303,0.8963422586525841,0.695521830198589,0.4128892360317713,-0.08652397568845259,-0.209040107299499,0.9240068583192138,0.3939622319791169,0.9684059902650898,0.9617310424034637,-0.07550095667625159,0.8376105596078793,0.8076200209130281,0.8549793247497788,0.8012032579328644,0.7679287571547823,0.8012032579328644,0.7687278552486744,0.7683990930220229,0.7652361174743272,0.7683990930220229,0.8430461549820069,0.3212874524311204,0.5364715913272112,0.6160805982068038,0.5364715913272112,0.5378582015438188,-0.35947810400373104,0.5000172584623174,-0.6583874757415461,0.41956253720030223,-0.12429887623893651,0.38001290692651285,-0.12429887623893651,-0.1549005456449984,0.8188053592615442,0.8314605580129155,0.8195247266137178,0.7413032005902118,0.36004822668367775,0.8212485860341309,0.823432728489108,0.8212485860341309,0.7302824037401494,0.7302824037401494,-0.23641791474919635,0.6916954952344017,0.25073142577716423,-0.6058248988608671,-0.6170556871623063,-0.6199238851697345,-0.11453467996998207,0.011705167886973778,0.3519119433339023,0.06834751013872528,-0.4474402374270274,0.09313488422385724,-0.8269600860852697,-0.1305108992382541,0.05152292151581135,0.052692363551620776,-0.5991304705373649,-0.6053113381557756,-0.06204541223387024,-0.5833548002810262,-0.8426282805735168,-0.35465739667305735,-0.18269011744430094,-0.35465739667305735,-0.2761294545234258,-0.32630291092345864,-0.32630291092345864,-0.8357581945013713,-0.8357581945013713,0.367057516296488,0.6002698121506863,0.4998630313797899,0.8067777512972267,0.7567329742932875,-0.32966471792670043,0.0609772234159275,0.7619745696731691,0.7804244915970936,0.7619745696731691,-0.1448889268650361],[-0.12187456497579534,0.9792892467523767,0.5121100848396373,-0.1260786088619532,-0.3329988651128091,-0.12187456497579534,-0.13971729779646574,-0.1488278169308862,-0.30883418608036783,-0.24353140636023698,0.9996060335269163,-0.13937585786945858,1.0,-0.13875963035954106,-0.14554722768910106,-0.12249767061380147,-0.2949061877215832,-0.14018792834541974,-0.14020702070470728,-0.2618079761751212,-0.13981191840082713,0.027562928052862833,0.3097327947642493,-0.17276921720119193,-0.1731000671526031,0.986916855579374,0.2505570502124651,0.18673857777324188,-0.17704071034866858,-0.17764000303926814,0.5382370319083869,0.12157120928137605,-0.13773528183198577,-0.2951970549678378,0.1706656358876262,0.9583543662414629,0.9987563105332751,-0.325425661073211,-0.14341923060671513,-0.2848698780490483,-0.13804073922867757,-0.13853319513676568,-0.13804073922867757,0.9106868812549894,-0.11637782328042476,0.9232399527277874,0.8962908414496261,0.6955085077846789,0.08492293772581702,0.2520661504905586,0.6448448517998756,-0.2597345283213104,-0.29755316408414717,-0.05945290352820548,-0.29244332522122735,0.03538096903070131,0.2941607571619267,-0.012406979000108466,-0.28913312047309836,-0.010127610461490074,-0.00025041281384378765,-0.010127610461490074,-0.39267712816574196,-0.09770078725240862,-0.09943195462572073,-0.09770078725240862,-0.18820034051816878,0.07594624067834839,0.05339409926264782,0.05361844278374322,0.05339409926264782,-0.39974538129328846,0.006845772446441801,-0.3644849927242798,0.619549858152952,-0.33259280566671273,0.009398946049089484,-0.054412557952169344,0.009398946049089484,-0.30743498791349044,-0.32329997355962936,0.8314310757220688,-0.09459522887463818,0.022689216378453517,-0.22245624327648253,-0.24798419087463452,-0.2468679788703731,-0.24798419087463452,-0.018576318874408086,-0.018576318874408086,-0.21782134459922772,0.6916286651070042,-0.16165057455228618,-0.02771421594828127,0.19329204256398422,0.19205316858770416,-0.25328661961981874,-0.006520346466912476,0.019592766128264577,-0.17659030678495816,-0.11643071620181794,0.04021355340213859,0.37911000068401196,0.11113928310090572,-0.03764550606039153,-0.04140556700359041,0.08192378552489998,0.5672531440734608,0.0893004267337638,-0.20182931829522088,0.6076600704162243,0.09258757914064689,0.10064455806983325,0.09258757914064689,-0.24045163749249468,-0.19876793214772281,-0.19876793214772281,0.3193692536543613,0.3193692536543613,0.3671621428731986,-0.2481813678730118,0.020603034390849314,0.09426716808601937,-0.2421093540501204,0.06896499214600567,0.15586803117168624,0.1072376076652883,0.10726310951078273,0.1072376076652883,0.12508720869055187],[0.9912045838091524,0.9791203377924536,0.5723001189439322,0.9927222421715121,0.9969033007988447,0.9912045838091524,0.999992648226291,0.9990342424533911,0.9999741763673001,0.9527194957372915,0.999563882718547,0.9999944988733214,-0.13875963035954106,1.0,0.977021687761454,0.9660552013470612,0.3678743033965669,0.9998458719487906,0.9998461159436598,0.9889544323418434,0.9999945171488442,0.3477668623117877,0.6807309175843212,0.9934097528651711,0.9933004930759108,0.9868243246227946,0.23637488598022027,-0.18363279554161938,0.9927795879482425,0.9928285632592158,0.1775289619273721,-0.24589072966668857,0.9993550705280071,0.9994014435902563,0.3637688603077798,-0.3248314739701753,0.9986986535897413,0.9993327247855136,0.9741025033410272,0.34810728661827467,0.9330574491272563,0.9990924182240712,0.9330574491272563,0.9108783752058852,0.6206806807844092,0.9235986398445486,0.8966846595721113,0.6952160510128824,0.41429781340737415,-0.08491800632895148,-0.20924365674382409,0.9243969115179548,0.3942419300026258,0.9688210189562422,0.9620861207290569,-0.07652597631652983,0.8379003244446922,0.8075423615517505,0.8552401347532743,0.8011657639603956,0.7675211553991678,0.8011657639603956,0.7689298415260827,0.7683545839464616,0.7656499853381067,0.7683545839464616,0.8433962613646694,0.3206044379661679,0.5359603890367397,0.616110926549829,0.5359603890367397,0.5376953708925409,-0.3606556572016634,0.4999263430605353,-0.6585393999686207,0.41917732120463236,-0.12530895213644,0.3796660709211528,-0.12530895213644,-0.15484411013502583,0.8189456715521334,0.8310965874939883,0.8196368844351518,0.7317908605277614,0.36042373623324336,0.8213746546083599,0.823547970505407,0.8213746546083599,0.7300923857589787,0.7300923857589787,-0.2380172995583136,0.6925691436146831,0.2512394331302132,-0.6058198781964985,-0.617437947500248,-0.6203112450753838,-0.11571627018824142,0.010452062711243446,0.3522160426859721,0.06788861054045887,-0.4477125492062482,0.09321093737242443,-0.8260876635440965,-0.13035373872568823,0.05048756707948555,0.0516538448074464,-0.5997684754367769,-0.6055873553198964,-0.06146145219378376,-0.5846938616434428,-0.842615760700422,-0.35459421059456897,-0.1821283915606812,-0.35459421059456897,-0.2771312386911792,-0.3267871484161914,-0.3267871484161914,-0.8361034552194081,-0.8361034552194081,0.3672191153860137,0.5999350163121582,0.4993151307340785,0.807222038896884,0.7561605461224029,-0.3291892402193033,0.060298436268695604,0.762373759552486,0.7810287180526033,0.762373759552486,-0.14456460571957347],[0.9601328361674394,0.8138740759222312,0.5423740896452572,0.9614846910443221,0.9491404769015954,0.9601328361674394,0.9784167684613013,0.9769234335452999,0.9581329179370242,0.881409768556282,0.8563349903528932,0.9783770892458242,-0.14554722768910106,0.977021687761454,1.0,0.9970257862841827,0.39341449038513676,0.9739881995036903,0.9739929018851843,0.9540101202575526,0.9768759143992872,0.3403025241327224,0.6351792586383178,0.9697312337922869,0.9602494773602186,0.6813542156758929,0.21660905585687823,-0.18793535182129592,0.9752787398293841,0.974885871807374,0.1655052237532402,-0.25677995697745015,0.9773442239034361,0.961383760338421,0.34029782877788245,-0.32210309305194995,0.8607606807866911,0.9563086094123849,0.9985158038797656,0.3742245290952863,0.9074969374199013,0.9771541586940209,0.9074969374199013,0.7724342287804506,0.6124898350054346,0.5965798180130272,0.5692031770323378,0.5867414717894671,0.41476670001061433,-0.07419936301485029,-0.21120014816439034,0.898113535328888,0.40375665385391124,0.9513727591672321,0.9277879997738497,-0.08869930835108802,0.7180400204286848,0.776708275381634,0.7946945074686875,0.7694533421441182,0.7505685527195436,0.7694533421441182,0.697511219441465,0.7431499243448864,0.7499706013606858,0.7431499243448864,0.7712483948166929,0.29898624202125834,0.5091630690029056,0.5975940932390821,0.5091630690029056,0.5006085131146047,-0.3637380961827663,0.4583409032109462,-0.6566931176244539,0.3833924068114141,-0.13227713405988392,0.3593369152094071,-0.13227713405988392,-0.15302079424356124,0.7596722827600897,0.6799485338942902,0.7208223025382944,0.7243121316362505,0.39216989015525444,0.7727327616229613,0.7756321503063865,0.7727327616229613,0.6991708643810018,0.6991708643810018,-0.24730533803503976,0.5400163592839429,0.2512914036454194,-0.5384996708198428,-0.6011660879150547,-0.6039647865515442,-0.09873554426073111,-0.011806869901446776,0.3576279133479079,0.09123521376122842,-0.3855451280290463,0.10392793214561498,-0.8110317653613595,-0.11580583268608854,0.02583162185446598,0.02658675664479846,-0.5797013470512499,-0.5870321328829079,-0.0472437431146053,-0.5413195880796903,-0.8310029062534637,-0.33776440660645857,-0.16703927813144906,-0.33776440660645857,-0.2610794352387727,-0.3029568369271138,-0.3029568369271138,-0.8253454149463681,-0.8253454149463681,0.2572791882393599,0.5776984362821688,0.4910557854304157,0.798010773446735,0.7253649525383815,-0.3073091680207565,0.056513161821847104,0.7583238165763853,0.7786999833795943,0.7583238165763853,-0.14264581170648055],[0.9510328812551281,0.7858367721669017,0.5694207402285573,0.9523734389177766,0.9327779837285017,0.9510328812551281,0.9718785129695411,0.96384425708353,0.9405660825998617,0.8601489791747853,0.8218299898253978,0.9709088967501892,-0.12249767061380147,0.9660552013470612,0.9970257862841827,1.0,0.3877555356353021,0.9619978060300793,0.9619989863623575,0.9354937413151276,0.9658281399788763,0.35394005094153363,0.6448156519307983,0.9471416409328781,0.9474029394525922,0.6295816608007898,0.2374154101131576,-0.16332249221086212,0.9732647724108066,0.964618005809029,0.1978367725464036,-0.23010230318791752,0.9671449605650216,0.9448831716370997,0.363956503927604,-0.29128762656921675,0.8273935309553542,0.9388950860499169,0.9969181313558299,0.3692140329614562,0.901172317416558,0.9670839567373667,0.901172317416558,0.7320635039022436,0.6128001634994882,0.5467944010134211,0.5318648130271425,0.5830874551190552,0.4076300119260633,-0.06813163688970521,-0.21591952258098732,0.8853774558924528,0.39208667565126964,0.9422973699928957,0.9125673789427914,-0.09969884402519492,0.7114978137493687,0.7915146119192511,0.7938414416212177,0.782871310937979,0.7755490953122801,0.782871310937979,0.6940327062724369,0.7561102629782912,0.7715853984598884,0.7561102629782912,0.770704473830256,0.3391088386148462,0.5387403821624216,0.6317250483175897,0.5387403821624216,0.5087291924148286,-0.3520492468618255,0.47074218628162673,-0.6148709914145852,0.39918715156440865,-0.09464691186242791,0.3895078978135524,-0.09464691186242791,-0.15100512504500838,0.7612187468406171,0.6694513197506585,0.7154581313843695,0.7534951511686384,0.3923284340041591,0.7760107926150341,0.7788617772549377,0.7760107926150341,0.7201851558756663,0.7201851558756663,-0.22232097874606307,0.4772317586949397,0.2239122687839729,-0.5363455359470565,-0.585986384319062,-0.5888952779270794,-0.09377655489511236,0.008020546755221427,0.3562609096648107,0.08850724882835138,-0.38512632804947,0.10632737905845518,-0.7904110662120948,-0.10950229396942629,0.04295597231892265,0.04338843123242884,-0.5653857021290852,-0.5516214483062283,-0.046772522130079486,-0.5063845374995043,-0.8067421834484478,-0.33168799848743524,-0.15969959376