var element=document.getElementById("correlationClose");if(element.style.display!='none'){var correlationClose={"data":[{"type":"heatmap","z":[[1.0,0.9999899896739671,0.6951735189953532,0.9997498308209449,0.998179275023379,1.0,0.9929076850201659,0.989717157601098,0.989717157601098,0.9934306482008836,0.9778455507349656,0.9875448809679418,0.9929402238122073,0.9932954454010007,0.9929843376385837,0.7285104516818146,0.6420194147555324,0.2479700457302832,0.9937089431550754,0.9937018021125666,0.985834398071366,0.9929299831837674,0.3749365764421699,0.7631500729891322,0.9833154370227285,0.9833154370227285,0.9832964050099159,0.9771659272236198,0.2978548626362213,-0.14729863992520184,0.9894065149189637,0.9893673504392948,0.2481351338062888,-0.22487223403968462,0.9949228267073189,0.9953162489992645,0.8599918164903569,-0.34884784314412237,0.9908969251597909,0.9953384219728146,0.7081452759568326,0.22840994327585562,0.9950415630486652,0.9950369146411219,0.9950415630486652,0.904991318453711,0.6558192387185886,0.9261374459239545,0.9296429696954179,0.8485742786758659,0.37991711877277917,-0.18567973575795968,0.222138972181831,0.9515536884219524,0.3682505833017869,0.975532829968264,0.972139351379805,0.9815034397017252,0.9896143910150564,0.9364523383327121,0.9453524044560073,0.9488900849784145,0.9369254808631026,0.9461928548973172,0.9467957888238444,0.9461928548973172,0.8966203108358464,0.9276358219867128,0.928448946127994,0.9276358219867128,0.9311003684116778,0.8073843656141875,0.9045011410265698,0.905652650931229,0.9045011410265698,0.7303124420283928,0.41725524329324976,0.719317672149981,-0.5320846691084803,0.6247960286110479,0.6388214001041375,0.6391334845334046,0.6388214001041375,-0.08513049167913159,0.9191673338190152,0.9486325534497947,0.9345269134677702,0.9378024511936787,0.24487231893338354,0.9139676540106693,0.9145220234233381,0.9139676540106693,0.9178155405311272,0.9178155405311272,-0.09239262632493388,0.6042606963525099,0.1456053998344734,-0.7045369934476626,-0.5981557554272754,-0.6020785061540542,-0.15243113371074543,0.14762228704238226,0.19537513348692562,-0.01969084262498092,-0.5812495545324945,-0.03523635118474545,-0.7979680102360099,-0.3045847068278849,0.17134932942239836,0.17272768546881406,-0.5795116789224279,-0.572915867219648,-0.29189538553692695,-0.5221034270037704,-0.8130971787394493,-0.4188055648445556,-0.411343826510143,-0.4188055648445556,-0.24255489615733788,-0.36293574952342017,-0.36293574952342017,-0.801263260809173,-0.801263260809173,0.4378159169819309,0.6296910919953165,0.8504726526485569,0.8409784244634106,0.7548666004493705,-0.34522337139037085,0.7467110736453813,0.774027900202759,0.7742042666277078,0.774027900202759,-0.16767476060735895],[0.9999899896739671,1.0,0.9826097281469095,0.999532509048894,0.9961563123190682,0.9999899896739671,0.9856011307417378,0.9806696808459965,0.9806696808459965,0.9855089928353175,0.9740897509573422,0.9864515060946578,0.9856322799962124,0.985586903498932,0.9854871681248722,0.058743186158657854,-0.03400923883531097,-0.4616446283539079,0.9886980633503506,0.9886954529130214,0.9856759463966301,0.9856801972560738,-0.1912519328218409,0.980964629168293,0.9810874180933508,0.9810874180933508,0.9811131521757954,0.9772865387708669,0.06584430478352825,0.09055254838822299,0.983148152517347,0.9831820379129423,0.7350797274629766,0.048724929644426915,0.9910126109615779,0.9910296982462711,0.9915335016252695,0.9865912119898133,0.9900681866451215,0.9910441832804234,0.010104445564631376,-0.4660464051369253,0.9915914322838134,0.9915905646326675,0.9915914322838134,0.9046859096271671,0.5039513359227463,0.9261250991907812,0.9295120871602032,0.8481080017592733,-0.24966916523505764,-0.4761827880471521,0.8520246779670645,0.8945343256632549,-0.2602782472725603,0.943131045013956,0.9432629889802635,0.9633774733684557,0.9788169035822957,0.9564323546951137,0.9615883645758412,0.9477855478277282,0.9494758247281254,0.9508072632492875,0.9511749709315789,0.9508072632492875,0.8746896344904727,0.8504818270100831,0.8517954498631037,0.8504818270100831,0.9584956292975859,0.9612493359133841,0.9584244240220742,0.9591035090592571,0.9584244240220742,0.6732015107625638,0.6281858399043329,0.7075677471625491,0.7702615841055626,0.6874175219445032,0.70876870409801,0.7098214831972028,0.70876870409801,-0.11704371657197153,0.925957810231509,0.9449717793563485,0.9386385338119071,0.9609711907113913,-0.3202033471432198,0.9228035640881611,0.9229427373826923,0.9228035640881611,0.9286089118562126,0.9286089118562126,-0.1764943643975633,0.6040593139745928,-0.3703970699722388,-0.795052731342321,-0.464263610084168,-0.46828200986780705,-0.3946115746197318,0.28698654152855263,-0.268148592703175,-0.509685108512741,-0.7489863907330134,-0.3665905440434864,-0.47345069766953174,-0.43118686616271346,0.14004023685246997,0.13758218317501184,-0.49001515441497884,-0.45811491584347885,-0.4864569273652801,-0.5182410906880655,-0.5100901715144234,-0.48891054214119545,-0.492301763686621,-0.48891054214119545,-0.3789977802663527,-0.5475547169635324,-0.5475547169635324,-0.5133225514149258,-0.5133225514149258,0.4361071891110664,0.3672286534254032,0.501307371506742,0.6175115160641972,0.5253733855632857,-0.4449613959186204,0.3870426595661798,0.31208676399150215,0.3122954981228143,0.31208676399150215,0.19758731515187947],[0.6951735189953532,0.9826097281469095,1.0,0.6925000923423849,0.6339908907616641,0.6951735189953532,0.6744256692738241,0.66750208381943,0.66750208381943,0.626355214977073,0.5934543764860135,0.9948471478807942,0.674438500268858,0.6704753505745348,0.6745677541997841,0.3866956281288494,0.345651415120048,-0.22765085095787727,0.6398422937118672,0.6391711674696527,0.6088095401543285,0.6735586697673257,0.15893948385644346,0.8087397594407898,0.6559816632214539,0.6559816632214539,0.65575753895547,0.9887907688099751,0.2735374575378108,0.0869364055343055,0.6315655590268902,0.6312019209140405,0.6224462612299742,-0.057799285790807,0.6699828905814609,0.6197280413043338,0.6334884578392792,0.2863980446865876,0.993325563454695,0.6163599924130223,0.3709872008309311,-0.2371768180816332,0.6868668253162825,0.6680131772453356,0.6868668253162825,0.9021708512282544,0.418200533516337,0.9397972532107955,0.9203690952236162,0.7580757172609721,0.23018988430180892,-0.0776359257267034,0.053532651853704614,0.5675274775730975,-0.08331706010120021,0.6156159553488458,0.5911102627942362,0.609593312963542,0.5736997188029536,0.025626388030451478,0.818104629752161,0.7539209299483719,0.6792549624872302,0.7594711586462424,0.7779938929125252,0.7594711586462424,0.5803763805537672,0.6762736470812836,0.7204275707283733,0.6762736470812836,0.72971514279272,0.6943296437774326,0.7462124993159862,0.784774945211647,0.7462124993159862,0.47303589557496895,-0.08444789580226184,0.4886220480289258,0.08872082332344557,0.4601426693267366,0.26716342592697623,0.5209341743121179,0.26716342592697623,-0.13632475843368563,0.656890039167071,0.895702039657223,0.7202503756875668,0.7865278873246553,-0.0858928517992458,0.6906746425944401,0.6903021803875545,0.6906746425944401,0.7437913022309978,0.7437913022309978,-0.191323914804446,0.7079099602836746,-0.17751268217970875,-0.7222730988341917,-0.45482602644962317,-0.45884310416115126,-0.4354556766772838,0.1239968399263574,0.019847456269594756,-0.35418059804460134,-0.7023549104770055,-0.18113761013074398,-0.3405732068234151,-0.2892876397211481,0.05748778707036528,0.055855472649517665,-0.500721340136545,-0.08190035971928125,-0.2721761422542545,-0.5204095349037591,-0.22606873564783114,-0.41923973467930686,-0.30242678685094726,-0.41923973467930686,-0.43146175716536406,-0.5557426296346419,-0.5557426296346419,-0.3222676203475324,-0.3222676203475324,0.38695782048587,0.21570059633072838,0.29824791549168117,0.5349205156243261,0.3078858919013009,-0.397169615493704,-0.0033986144428988295,0.4630334997154861,0.5603467632219943,0.4630334997154861,0.0068705160178095925],[0.9997498308209449,0.999532509048894,0.6925000923423849,1.0,0.9989902890775155,0.9997498308209448,0.9940282826485526,0.9912639135827067,0.9912639135827067,0.9947559515052072,0.9761708278067426,0.9904802070911525,0.9940512274972109,0.994675016452349,0.994073323986479,0.7276660101550362,0.6407327932265522,0.23369826791757545,0.9946556056438208,0.9946513439796779,0.9858856333094043,0.9940347915931071,0.3664403769623008,0.7672865391989441,0.985633835341231,0.985633835341231,0.9856140007653521,0.982620043146221,0.2935678222985585,-0.15320568401087942,0.9886777813901468,0.9886460767547748,0.24028425657161387,-0.22520873132424904,0.9953627257844782,0.9959539747715183,0.8290584911684657,-0.3529835818237738,0.9930116638813117,0.9961829747568347,0.7066892166415728,0.21387254852410792,0.993526158737691,0.9953943876552265,0.993526158737691,0.9029777846512996,0.6442523116319923,0.9289842722510122,0.9267855118758421,0.833709770117676,0.37539662747960323,-0.19014595611342222,0.21728287560489515,0.9466058556303365,0.3531032170217026,0.9712844708409396,0.9694550671432457,0.9794645469560307,0.9894182752042242,0.9192755765997471,0.9404486454977928,0.938599516181302,0.9339533230509722,0.9327277540766189,0.9335182326782883,0.9327277540766189,0.8904181751993886,0.9179755518953643,0.9188577743853985,0.9179755518953643,0.92853581478246,0.7579966263136555,0.8726645478717836,0.8738411355401293,0.8726645478717836,0.7240561289713253,0.17356124662836792,0.7116500691270421,-0.5367011810364385,0.6210630948887201,0.3756317421586087,0.6121221071536378,0.3756317421586087,-0.09083383418198929,0.9152759426729261,0.9432983546639238,0.9287732109271892,0.9188137018797484,0.23123940366277898,0.9107107664001843,0.9113788010446616,0.9107107664001843,0.9023941815993052,0.9023941815993052,-0.09664564975908685,0.6218225755146917,0.1505675459923111,-0.713204961548126,-0.6042825412745142,-0.6081251058757774,-0.1634646937641161,0.14362317275079417,0.1892112563822176,-0.03197938425793874,-0.5918283922019685,-0.0407552714649063,-0.8029066247007887,-0.3115773320104867,0.16234574199510454,0.16377597801369542,-0.585406290111799,-0.5696057057482823,-0.29230152927676845,-0.5312751408833288,-0.8141252681556402,-0.4195125976160067,-0.41259844040145466,-0.4195125976160067,-0.2500372133772508,-0.37139055979819807,-0.37139055979819807,-0.8004990737020746,-0.8004990737020746,0.42927396843527765,0.6191905322088035,0.8427918943811759,0.833608846756131,0.7481515224624011,-0.3569305037391909,0.7380504574691263,0.7654211027688066,0.7655975211746571,0.7654211027688066,-0.15317114267097842],[0.998179275023379,0.9961563123190682,0.6339908907616641,0.9989902890775155,1.0,0.998179275023379,0.9973046262180315,0.9960321191904867,0.9960321191904867,0.9975159447096908,0.9700112437924829,0.9964893680641757,0.9973204077593456,0.9973895594691364,0.9973424655827355,0.6197859451581389,0.5068130771634733,0.027099327197628875,0.9976950326093045,0.9976949612237564,0.9881510348438548,0.9973075519147793,0.008038949673812613,0.7527543247318977,0.9929425196271509,0.9929425196271509,0.9929042099300937,0.9910407187267575,0.06841083876696621,-0.13720403290207545,0.9874295893046834,0.987357998069971,-0.052580621626264604,-0.13141475768166197,0.9977637430105555,0.9976862380506751,0.8238836730215995,-0.4672395812868068,0.9976303432432286,0.9980191616316803,0.5858335516065047,0.003031082028838394,0.9977057969794709,0.9977106810083104,0.9977057969794709,0.9152985341687673,0.6112191055935495,0.937949264715578,0.9260460316755317,0.8123547699729894,-0.06621922310210836,-0.5864627978471415,-0.1569302682277021,0.9375985708237518,0.2082813234360477,0.9686998706173449,0.9687302113832222,0.982484290587024,0.9900232791627616,0.9185959389562282,0.9242869906530944,0.9292854600049039,0.9227239806654624,0.9276860535332856,0.928026969525768,0.9276860535332856,0.8690547367079764,0.8809395353679864,0.8819050088077155,0.8809395353679864,0.9185227404717551,0.8425920848000333,0.9008607173179821,0.9015186497986377,0.9008607173179821,0.6892563495606391,0.5884374139621504,0.6810739013507956,-0.5426928903144184,0.6689886528071652,0.6512562258428121,0.6505966840363401,0.6512562258428121,-0.10092187920473798,0.8998357220206064,0.9227478639252291,0.9094041298049166,0.9258648545056949,0.07675035351505125,0.8987652636536142,0.8996104103407353,0.8987652636536142,0.9037714873407726,0.9037714873407726,-0.13327501837484762,0.6653837815582639,0.005427315818397928,-0.7392609683622867,-0.6475152039398364,-0.6486538795278675,-0.1919275643525201,0.16696247049370253,-0.19525880003445917,-0.273456013383582,-0.6545735118037894,-0.3917256664245254,-0.8426258575869645,-0.5764620424748159,0.1339395894226312,0.13523016260658646,-0.6090264430171469,-0.5651148344775231,-0.5561836658475503,-0.5667967074738965,-0.7692148535273218,-0.6054254655565333,-0.6084185455470454,-0.6054254655565333,-0.28484032269948106,-0.40144892721797254,-0.40144892721797254,-0.7393316429485937,-0.7393316429485937,0.41763562822296924,0.6040106130733592,0.8019006171558104,0.7989963771417059,0.7407646933194304,-0.4776621235815495,0.612648858175507,0.6628040229900302,0.6629359949072264,0.6628040229900302,0.0742018479349333],[1.0,0.9999899896739671,0.6951735189953532,0.9997498308209448,0.998179275023379,1.0,0.9929076850201659,0.989717157601098,0.989717157601098,0.9934306482008836,0.9778455507349656,0.9875448809679418,0.9929402238122073,0.9932954454010007,0.9929843376385837,0.7285104516818146,0.6420194147555324,0.2479700457302832,0.9937089431550754,0.9937018021125666,0.985834398071366,0.9929299831837674,0.3749365764421699,0.7631500729891322,0.9833154370227285,0.9833154370227285,0.9832964050099159,0.9771659272236198,0.2978548626362213,-0.14729863992520184,0.9894065149189637,0.9893673504392948,0.2481351338062888,-0.22487223403968462,0.9949228267073189,0.9953162489992645,0.8599918164903569,-0.34884784314412237,0.9908969251597909,0.9953384219728146,0.7081452759568326,0.22840994327585562,0.9950415630486652,0.9950369146411219,0.9950415630486652,0.904991318453711,0.6558192387185886,0.9261374459239545,0.9296429696954179,0.8485742786758659,0.37991711877277917,-0.18567973575795968,0.222138972181831,0.9515536884219524,0.3682505833017869,0.975532829968264,0.972139351379805,0.9815034397017252,0.9896143910150564,0.9364523383327121,0.9453524044560073,0.9488900849784145,0.9369254808631026,0.9461928548973172,0.9467957888238444,0.9461928548973172,0.8966203108358464,0.9276358219867128,0.928448946127994,0.9276358219867128,0.9311003684116778,0.8073843656141875,0.9045011410265698,0.905652650931229,0.9045011410265698,0.7303124420283928,0.41725524329324976,0.719317672149981,-0.5320846691084803,0.6247960286110479,0.6388214001041375,0.6391334845334046,0.6388214001041375,-0.08513049167913159,0.9191673338190152,0.9486325534497947,0.9345269134677702,0.9378024511936787,0.24487231893338354,0.9139676540106693,0.9145220234233381,0.9139676540106693,0.9178155405311272,0.9178155405311272,-0.09239262632493388,0.6042606963525099,0.1456053998344734,-0.7045369934476626,-0.5981557554272754,-0.6020785061540542,-0.15243113371074543,0.14762228704238226,0.19537513348692562,-0.01969084262498092,-0.5812495545324945,-0.03523635118474545,-0.7979680102360099,-0.3045847068278849,0.17134932942239836,0.17272768546881406,-0.5795116789224279,-0.572915867219648,-0.29189538553692695,-0.5221034270037704,-0.8130971787394493,-0.4188055648445556,-0.411343826510143,-0.4188055648445556,-0.24255489615733788,-0.36293574952342017,-0.36293574952342017,-0.801263260809173,-0.801263260809173,0.4378159169819309,0.6296910919953165,0.8504726526485569,0.8409784244634106,0.7548666004493705,-0.34522337139037085,0.7467110736453813,0.774027900202759,0.7742042666277078,0.774027900202759,-0.16767476060735895],[0.9929076850201659,0.9856011307417378,0.6744256692738241,0.9940282826485526,0.9973046262180315,0.9929076850201659,1.0,0.997681344925199,0.997681344925199,0.9999725275057748,0.9650142549968079,0.9997098021043623,0.9999968284935286,0.9999880226649875,0.9999938690300615,0.8185404575177684,0.8032221871097891,0.20471365015525145,0.9998715453980889,0.9998719266545217,0.990626904775125,0.9999969767905182,0.2906987003026861,0.7621994931634447,0.9867343984648639,0.9867343984648639,0.9879839888874212,0.9925667692886851,0.22919627665189343,-0.20201145082785235,0.9916505364672457,0.9916996897611903,0.1538678548392482,-0.2667173130694377,0.9993846671703401,0.9995030906878708,0.4720494480993155,-0.2986168611592321,0.9991663173887682,0.9994765856776638,0.7960263787818551,0.18360976036076043,0.9475830225470652,0.9991512779180245,0.9475830225470652,0.9232950838752022,0.6195821376846189,0.9459601543896752,0.9256295088005746,0.7807947658049438,0.41685889621020455,-0.12746316157777382,-0.18099594788106585,0.9357429744461765,0.3255551701078626,0.9695566720270062,0.9663138701452424,0.9806234294421434,0.9955829685478246,0.00015267073179789478,0.8885467465484306,0.8513027707192959,0.8921524685725749,0.8464478237610442,0.8121459846419355,0.8464478237610442,0.8349768187678253,0.8180646572451877,0.8070607686726977,0.8180646572451877,0.8870816224996756,0.4383903126615491,0.6315332218473266,0.6836677120037571,0.6315332218473266,0.6582183778607643,-0.3300719466912733,0.6356593298501358,-0.6032472187284339,0.5555877625204073,-0.06678259943766786,0.4849332343410207,-0.06678259943766786,-0.13131300806352178,0.8660853600661308,0.888133763046367,0.8746183793687549,0.7877636829531852,0.20072029801680025,0.8645876022588777,0.8655903514167016,0.8645876022588777,0.792817557743322,0.792817557743322,-0.1681879920756735,0.7051376262618625,0.22575078988796454,-0.7154964773175412,-0.6422406770574397,-0.6456412309174581,-0.2010316022476381,0.09521183552775599,0.31195347721288574,-0.05660521281793459,-0.5994983668813911,0.026655376880378955,-0.8295708132471518,-0.20707133833740046,0.10081667788864775,0.10226111296037282,-0.6255530592681453,-0.5831921993580939,-0.1263629980296176,-0.5999698108502592,-0.8302831568388144,-0.4096484285952116,-0.2464254238680201,-0.4096484285952116,-0.3134140197034097,-0.40796624128042397,-0.40796624128042397,-0.8222657318929318,-0.8222657318929318,0.4164015353013591,0.5906770008750379,0.5149497785030333,0.8064009722872759,0.7386277531060955,-0.4024364421400805,0.07545769658328523,0.7446329212507113,0.7633814368045637,0.7446329212507113,-0.09275277851801579],[0.989717157601098,0.9806696808459965,0.66750208381943,0.9912639135827067,0.9960321191904867,0.989717157601098,0.997681344925199,1.0,1.0,0.9996047361698618,0.9590834965278203,0.9988687696441849,0.9983923643602982,0.9994485399607198,0.9992212234230217,0.815150029676284,0.7905991483906349,0.18324699373503833,0.9992474664204858,0.9992495747514852,0.9881853691058372,0.999344834739099,0.2658939833119309,0.7641569084828589,0.993344637192551,0.993344637192551,0.9863238111402725,0.9903133521777695,0.21201297674579517,-0.2147753520712649,0.988022688075559,0.9914419570259592,0.13569869724204217,-0.2725554919342394,0.9984193693342215,0.9984275185108434,0.4563339547065905,-0.30446367050772816,0.9975333108531677,0.998398543199005,0.7927505094310379,0.16179601747257924,0.9410068212411603,0.9982506645856241,0.9410068212411603,0.9213303736641701,0.605328786025761,0.9467251275188302,0.9244678783004424,0.7631116594641195,0.4045695662146909,-0.1415997066764842,-0.1924583694131634,0.9282071896455033,0.3057963210245922,0.9651931853397724,0.9616523131293078,0.97603422514984,0.9945361749805361,-0.008333614321799283,0.8805247311325468,0.8387212794177018,0.8860054442877321,0.8349054961278688,0.8017582837032136,0.8349054961278688,0.8256515259139394,0.8030636655775625,0.7956395364113691,0.8030636655775625,0.8810892120811837,0.42208157043763556,0.6147094824284924,0.6696693129993575,0.6147094824284924,0.6487659685900402,-0.3431743759832025,0.6246772571483693,-0.6091683464275418,0.5500363057867692,-0.0866448713385865,0.47128123844005193,-0.0866448713385865,-0.13701600108226356,0.8590290307039832,0.8784199245172268,0.8657407177103859,0.775039484214224,0.1831811348067744,0.8580926818588949,0.8592549391323444,0.8580926818588949,0.7790939304895204,0.7790939304895204,-0.1814912672046876,0.7252369266834087,0.23189502962446185,-0.7243454617673972,-0.653567660572519,-0.656801043838204,-0.21483852253680139,0.08875585977997259,0.3048670986172043,-0.07516337473263299,-0.6112687896960928,0.017426360852837636,-0.8343952034313618,-0.2135491941916303,0.08696732873494914,0.08843555819305927,-0.6358537719211897,-0.5837398391904938,-0.13311820155532872,-0.6145691309220689,-0.8291505552449262,-0.4203559872161576,-0.2525098260039086,-0.4203559872161576,-0.32916404592373033,-0.42039161329199337,-0.42039161329199337,-0.8196487152130792,-0.8196487152130792,0.4002536532653526,0.5751038534334537,0.49744616693812577,0.7896369898916848,0.7268577764554325,-0.4222342298941138,0.062461710547637515,0.7263423858238153,0.748163813233183,0.7263423858238153,-0.07602703399183434],[0.989717157601098,0.9806696808459965,0.66750208381943,0.9912639135827067,0.9960321191904867,0.989717157601098,0.997681344925199,1.0,1.0,0.9996047361698618,0.9590834965278203,0.9988687696441849,0.9983923643602982,0.9994485399607198,0.9992212234230217,0.815150029676284,0.7905991483906349,0.18324699373503833,0.9992474664204858,0.9992495747514852,0.9881853691058372,0.999344834739099,0.2658939833119309,0.7641569084828589,0.993344637192551,0.993344637192551,0.9863238111402725,0.9903133521777695,0.21201297674579517,-0.2147753520712649,0.988022688075559,0.9914419570259592,0.13569869724204217,-0.2725554919342394,0.9984193693342215,0.9984275185108434,0.4563339547065905,-0.30446367050772816,0.9975333108531677,0.998398543199005,0.7927505094310379,0.16179601747257924,0.9410068212411603,0.9982506645856241,0.9410068212411603,0.9213303736641701,0.605328786025761,0.9467251275188302,0.9244678783004424,0.7631116594641195,0.4045695662146909,-0.1415997066764842,-0.1924583694131634,0.9282071896455033,0.3057963210245922,0.9651931853397724,0.9616523131293078,0.97603422514984,0.9945361749805361,-0.008333614321799283,0.8805247311325468,0.8387212794177018,0.8860054442877321,0.8349054961278688,0.8017582837032136,0.8349054961278688,0.8256515259139394,0.8030636655775625,0.7956395364113691,0.8030636655775625,0.8810892120811837,0.42208157043763556,0.6147094824284924,0.6696693129993575,0.6147094824284924,0.6487659685900402,-0.3431743759832025,0.6246772571483693,-0.6091683464275418,0.5500363057867692,-0.0866448713385865,0.47128123844005193,-0.0866448713385865,-0.13701600108226356,0.8590290307039832,0.8784199245172268,0.8657407177103859,0.775039484214224,0.1831811348067744,0.8580926818588949,0.8592549391323444,0.8580926818588949,0.7790939304895204,0.7790939304895204,-0.1814912672046876,0.7252369266834087,0.23189502962446185,-0.7243454617673972,-0.653567660572519,-0.656801043838204,-0.21483852253680139,0.08875585977997259,0.3048670986172043,-0.07516337473263299,-0.6112687896960928,0.017426360852837636,-0.8343952034313618,-0.2135491941916303,0.08696732873494914,0.08843555819305927,-0.6358537719211897,-0.5837398391904938,-0.13311820155532872,-0.6145691309220689,-0.8291505552449262,-0.4203559872161576,-0.2525098260039086,-0.4203559872161576,-0.32916404592373033,-0.42039161329199337,-0.42039161329199337,-0.8196487152130792,-0.8196487152130792,0.4002536532653526,0.5751038534334537,0.49744616693812577,0.7896369898916848,0.7268577764554325,-0.4222342298941138,0.062461710547637515,0.7263423858238153,0.748163813233183,0.7263423858238153,-0.07602703399183434],[0.9934306482008836,0.9855089928353175,0.626355214977073,0.9947559515052072,0.9975159447096908,0.9934306482008836,0.9999725275057748,0.9996047361698618,0.9996047361698618,1.0,0.9640819966360545,0.9996760336502548,0.9999734645227053,0.9999726654673088,0.9999764588167985,0.6673576330936598,0.5583013339821644,0.08460611572027049,0.9998297080395573,0.9998306061200728,0.9905447221149762,0.9999709427583039,0.06408754703170681,0.7422559450574435,0.9956708202726188,0.9956708202726188,0.9956316336941627,0.9924549222585791,0.05665011679941389,-0.14555566756773824,0.9910502831111321,0.991008142551544,-0.031139091571776842,-0.22861867205421316,0.9994401406840645,0.999399338943543,0.8271778471504927,-0.4674083755646031,0.9991083244973352,0.9994493508274855,0.6352139736208516,0.060736195395327944,0.9993147011335336,0.9993199891806158,0.9993147011335336,0.9229758463680153,0.6199833394483258,0.9457283550594054,0.9252592270339969,0.7803730884522405,0.030373251961121093,-0.5419709800389091,-0.11628469346452602,0.9322904216999527,0.2707073334370746,0.9667064823581983,0.9663168672737324,0.9827688105490668,0.9949069000000533,0.8946419172571123,0.8893548056374843,0.9064000071349075,0.8932009304839849,0.9047500083860514,0.9053064366942416,0.9047500083860514,0.8348014003113332,0.8627282393544032,0.8639734214644021,0.8627282393544032,0.8884583397875286,0.8083670948236265,0.8743986069719989,0.8754054005632516,0.8743986069719989,0.6582624907282353,0.5217049706700123,0.6352661644557837,-0.6012188976375271,0.6063727548699183,0.5773861990889527,0.5773167365521233,0.5773861990889527,-0.08519244955839977,0.8669641064630323,0.888216677973355,0.8751913033993287,0.9026038374572337,0.11504289084329597,0.8696563220026403,0.8712593412500479,0.8696563220026403,0.8748087411395344,0.8748087411395344,-0.16971325670587947,0.7053013578320224,0.03243927077227633,-0.7269039871305093,-0.6746238335739869,-0.6760461063794534,-0.20447284230673424,0.09848772029664384,-0.19967518558888306,-0.23899490091693487,-0.6365509180494108,-0.4177509987524274,-0.8628980565181494,-0.6094828856535722,0.09984933086212734,0.10179643708575924,-0.6269639418663671,-0.579334181688434,-0.5663623795457888,-0.6014324496467223,-0.7957508202235388,-0.6284286424911563,-0.6308442903693724,-0.6284286424911563,-0.3150388532481354,-0.410992274566809,-0.410992274566809,-0.7764912929985512,-0.7764912929985512,0.41527304702576273,0.5887865959303472,0.8129826079344317,0.8095022692005333,0.7365628766462307,-0.4288445401623103,0.6433618559255143,0.6883219968299419,0.6885117662418844,0.6883219968299419,0.14392727403816663],[0.9778455507349656,0.9740897509573422,0.5934543764860135,0.9761708278067426,0.9700112437924829,0.9778455507349656,0.9650142549968079,0.9590834965278203,0.9590834965278203,0.9640819966360545,1.0,0.9521836167360676,0.9650329922606702,0.9650633211337901,0.9647847632468193,0.43674861489739314,0.3227185295190336,-0.14513130083562578,0.9689353437787247,0.9689161777549904,0.9651320059292804,0.9651239977728902,-0.02586512975659651,0.7788678861484606,0.9664588061325169,0.9664588061325169,0.9666156301012282,0.9101106054740501,0.14645811576296236,-0.13331906614712305,0.9711758512349499,0.9712680325212153,0.1135929473624372,0.0007479234682356608,0.9721239371604629,0.9723462229496104,0.896357046830115,-0.3471387265666638,0.9594378605995765,0.971406521355394,0.39824237811387675,-0.16506795474945726,0.9731043735370667,0.9730752056350064,0.9731043735370667,0.8396862658091584,0.42633111598719226,0.8577910527400168,0.9130063049106852,0.8746751158824542,-0.4816586293955773,-0.672203758130987,-0.19369228594221743,0.9013861639730789,-0.03904579705269721,0.927447726179388,0.9275048972385104,0.9433127122766474,0.9695538344056066,0.8957004701064283,0.8977558077156943,0.9082162913353101,0.8986237483803216,0.9018113892003677,0.9023415389286005,0.9018113892003677,0.8586872122895618,0.8370458350933546,0.8383440643256603,0.8370458350933546,0.8947901996836021,0.9076085753276627,0.8928957361668236,0.8933349200688058,0.8928957361668236,0.7330598817790044,0.6728444796218337,0.733844807687341,-0.2619781910175604,0.746731147204789,0.7609767772919277,0.7630698861617398,0.7609767772919277,-0.2413339897827836,0.8945655426138263,0.9412513113459612,0.9074681745726125,0.9072098518640271,-0.042395263974741665,0.8890017725552143,0.8897581839378335,0.8890017725552143,0.8958616493097583,0.8958616493097583,0.03847775906456163,0.43583904012462826,-0.13859564660899798,-0.6696931312084197,-0.446652177311417,-0.44925686626762407,-0.07769816855889566,0.4358777810741619,0.008296458636869036,-0.205742926896148,-0.5633104380041917,-0.11734633444304578,-0.7910020588927067,-0.2823168983509303,0.29936479152519785,0.2995229427984292,-0.4182895332339775,-0.4319424140084675,-0.3850483331492789,-0.39662281134471233,-0.6571093896652017,-0.40440039740598543,-0.4068578578473998,-0.40440039740598543,-0.14327906195842977,-0.4522709459603553,-0.4522709459603553,-0.542462379754842,-0.542462379754842,0.5489326426083139,0.6475498648417287,0.753282527541819,0.7057621220841842,0.8107672416312629,-0.5150965111382001,0.41686995753839023,0.5340206341010622,0.534367144191992,0.5340206341010622,-0.12476069071224191],[0.9875448809679418,0.9864515060946578,0.9948471478807942,0.9904802070911525,0.9964893680641757,0.9875448809679418,0.9997098021043623,0.9988687696441849,0.9988687696441849,0.9996760336502548,0.9521836167360676,1.0,0.9997099049743247,0.9997072879424609,0.9996824497335658,0.17283493541864678,0.06958185371044458,-0.5343635779273072,0.9998201315684098,0.9998218681413864,0.9997133659348584,0.9997122543812237,-0.28065734236165485,0.9746036407439045,0.9952271727652777,0.9952271727652777,0.9952102190496059,0.9941975459812429,0.06012986989308112,0.05418893789705601,0.9924965035593049,0.9925404209045945,0.7875848334979579,-0.03218038391503675,0.9991426472438577,0.9991049270941279,0.9989917819261867,0.9994472563531529,0.9994847064996174,0.9991787658440893,0.11751711252749111,-0.5419274409374774,0.9989463766548144,0.9989527056635489,0.9989463766548144,0.9178629875615698,0.4629835935748001,0.9415692888876686,0.9215850392968238,0.7803770121807709,-0.3744748809933809,-0.5906787132465655,0.8326237706669108,0.8612494277802685,-0.3466889618493568,0.9389458666622363,0.9391372941295664,0.9718388945874645,0.9941114877457962,0.9078922498428114,0.9131145865029986,0.891403573152104,0.89583881085327,0.8959138453575715,0.8964266525774325,0.8959138453575715,0.7971140907683947,0.7671187447341774,0.768760319900675,0.7671187447341774,0.9147664991325288,0.9201174210949375,0.9136403494535648,0.9144784387456167,0.9136403494535648,0.5720419197572287,0.5180608698056614,0.6057780601593196,0.6846344392884363,0.5929574614664633,0.6196219147564449,0.6217009434587832,0.6196219147564449,-0.2920926152218428,0.8612893441771833,0.8900048418444277,0.8795361756666807,0.9143053799913649,-0.34341844702505875,0.8571823615836908,0.8573818635641739,0.8571823615836908,0.8651894239380254,0.8651894239380254,-0.2210753747346372,0.6991649189777916,-0.39251569440492484,-0.811074627635942,-0.537020535103923,-0.5400925673213577,-0.43576987941416867,0.24115541362373435,-0.30648557426995143,-0.5413680397246875,-0.7705755879518909,-0.4094607993300962,-0.5892996639151269,-0.4841511245844523,0.0914941935536229,0.08948167725579967,-0.5587573338345758,-0.5318775806618149,-0.5531026131709185,-0.589219588061576,-0.5824256529245861,-0.5566137005726606,-0.5598169996146175,-0.5566137005726606,-0.4456890723491288,-0.6350645199985634,-0.6350645199985634,-0.6250191421059887,-0.6250191421059887,0.41127606045764886,0.3410022687129784,0.48045725930707767,0.5917237839194537,0.5281397413509121,-0.5761368170237167,0.32852099059630674,0.2874301408822358,0.2876799893887297,0.2874301408822358,0.2709081153713986],[0.9929402238122073,0.9856322799962124,0.674438500268858,0.9940512274972109,0.9973204077593456,0.9929402238122073,0.9999968284935286,0.9983923643602982,0.9983923643602982,0.9999734645227053,0.9650329922606702,0.9997099049743247,1.0,0.9999912849756113,0.9999954380271656,0.818536089429665,0.7902105109527432,0.2047669194790726,0.9998728858863778,0.9998732173482904,0.9906581673335936,0.999997544192191,0.2909927629169892,0.7622477828585783,0.9915983317027894,0.9915983317027894,0.9879754347122035,0.9925543959502556,0.22943929528120335,-0.20196208446742273,0.9917007901638759,0.991709330518681,0.15408610059296676,-0.2666843405415656,0.9993863028432851,0.9995059199036773,0.4720236194721973,-0.2984225769787807,0.9991675837447132,0.9994831282633347,0.796010433697508,0.18366873899343727,0.9475696217834522,0.9991534055192278,0.9475696217834522,0.9232950971174805,0.6197069802920709,0.9460421018758867,0.9256917318818743,0.7808659436999202,0.41721203846748384,-0.12705551037766602,-0.1806611592148318,0.9358003179333011,0.3256148051910051,0.9696354405349595,0.9663607998548607,0.9806986209059994,0.9955968298975426,0.00032463394033213725,0.8886549592992389,0.8513777805053104,0.8922491110714629,0.8465212540059879,0.8120954776066537,0.8465212540059879,0.8350584074030325,0.818105233712024,0.8070053249091853,0.818105233712024,0.8872040927284026,0.4382786922723315,0.6315325812020373,0.683590734249482,0.6315325812020373,0.6581830786756184,-0.3300930447034209,0.635641862672214,-0.6031574925463368,0.5555051328870118,-0.06690436420412821,0.48495993789339564,-0.06690436420412821,-0.13145236370145705,0.866150125282204,0.8882255631158307,0.8746917405087868,0.7877568464446608,0.20077532725306835,0.8646558207498902,0.8656547394592642,0.8646558207498902,0.7928700547350827,0.7928700547350827,-0.16812978695724298,0.705161240054224,0.22585943412005388,-0.7155267147445697,-0.6421616865889304,-0.6455670249372312,-0.20110574783837568,0.09510083481022125,0.31211282528798173,-0.05659061229712084,-0.5995480271532778,0.026896377096185788,-0.8293397739073561,-0.20680448236520957,0.10088394993040786,0.10234182313579569,-0.6255359927854837,-0.5830058551068619,-0.1261366422970063,-0.5999355142587507,-0.8301901942543464,-0.40944564947496936,-0.2462389650602548,-0.40944564947496936,-0.3132592782504754,-0.40793321977832536,-0.40793321977832536,-0.8222205642503333,-0.8222205642503333,0.416820768401704,0.5907920631783756,0.5151749113049257,0.8066312727986855,0.7386838234169785,-0.40224906080575146,0.07571705413438126,0.7448656375113841,0.7634890807336626,0.7448656375113841,-0.09278579551239598],[0.9932954454010007,0.985586903498932,0.6704753505745348,0.994675016452349,0.9973895594691364,0.9932954454010007,0.9999880226649875,0.9994485399607198,0.9994485399607198,0.9999726654673088,0.9650633211337901,0.9997072879424609,0.9999912849756113,1.0,0.9999889069876315,0.7368731183284215,0.6452978991551802,0.20644389289711998,0.9998951822422114,0.9998958689271719,0.9906488617606727,0.9999887833728737,0.290756143941615,0.7589041790458712,0.9944475160369387,0.9944475160369387,0.9944162441563259,0.9925022019326508,0.22261568668656403,-0.2024851278988935,0.9921363778712254,0.992139064572984,0.17596730479820202,-0.26611109914752606,0.9995559389020935,0.99950571889684,0.8605748771726341,-0.38530918926233726,0.9991651151523996,0.9994871716900687,0.7123623018223567,0.18537464590605326,0.9994559654151202,0.9994605969893187,0.9994559654151202,0.9231488872415495,0.6198108692765871,0.9458711459745781,0.925489598134365,0.7805909991010677,0.2983854765467684,-0.2953331496266793,0.12416972237717032,0.9356868898051108,0.326055176727373,0.9670759282937975,0.9663825014669261,0.9794008249869995,0.9958321142517054,0.9008629301091385,0.8879644609645279,0.9114661308222988,0.8922058529120597,0.9102676438496127,0.911032352107914,0.9102676438496127,0.8343946014291398,0.8807806973118381,0.8820284174221616,0.8807806973118381,0.8870610674048472,0.791738896431294,0.8784918003935285,0.8798749637100289,0.8784918003935285,0.6578416708796333,0.5162749059145926,0.6344969416824797,-0.60329123365507,0.5542530063216674,0.5536742872469331,0.554603478887546,0.5536742872469331,-0.13346609137031296,0.8660422595542507,0.887940392577635,0.8742791274797698,0.9071710934626125,0.20276585774582895,0.8646121777583841,0.8658371500526437,0.8646121777583841,0.8735498297022687,0.8735498297022687,-0.16844461638043687,0.7039853335221341,0.13172706148883956,-0.71463202058672,-0.641823173475358,-0.6450166505976719,-0.20111541753206053,0.09392819983606637,0.08471578015492148,-0.055163984639503894,-0.5983606789418205,-0.16190121477701044,-0.8394533986988925,-0.4236281213407031,0.10014286419823364,0.10212624727218404,-0.6255778294378227,-0.5823037949442079,-0.4147973304802662,-0.5997145481898145,-0.8228793705040622,-0.5250722722279538,-0.5211555168340452,-0.5250722722279538,-0.31248820334636346,-0.40798314467968916,-0.40798314467968916,-0.8136701978889014,-0.8136701978889014,0.41481978354843896,0.5905877517475191,0.8195168142169766,0.8100190672754728,0.7388662122665182,-0.40189650673847677,0.7021344656571016,0.7321587138862156,0.7322599869581695,0.7321587138862156,-0.06035348314780163],[0.9929843376385837,0.9854871681248722,0.6745677541997841,0.994073323986479,0.9973424655827355,0.9929843376385837,0.9999938690300615,0.9992212234230217,0.9992212234230217,0.9999764588167985,0.9647847632468193,0.9996824497335658,0.9999954380271656,0.9999889069876315,1.0,0.8077576752424398,0.7360205686585322,0.20491946994170848,0.9998758142299753,0.9998760316316478,0.9907823423898623,0.9999953226724813,0.29165666948800567,0.7620894493259723,0.994615223576157,0.994615223576157,0.994530818355139,0.9924907085225387,0.22972698130046149,-0.20197967864379207,0.992608138176381,0.9926479084974827,0.15481308985090705,-0.2665155348155527,0.9994301338313862,0.9995056540740274,0.4711015708700301,-0.2977197152525518,0.9991301750798031,0.9994856473093207,0.7931916766998742,0.18384184687332883,0.9471567579060045,0.9992021979876939,0.9471567579060045,0.9235149074568633,0.6203340264969155,0.9461516953012411,0.925769541912154,0.7806227511276838,0.41849101045157716,-0.12562156701047425,-0.18088799542818523,0.9361098580708673,0.3258834865065312,0.970000159400538,0.9666384268814298,0.9809384179161659,0.9956388565660487,-0.0006444206288280213,0.8888777505119899,0.8512796927201736,0.8924366178451533,0.8464522792946524,0.8116711960115786,0.8464522792946524,0.8352264203834229,0.818024029987097,0.8073152106329097,0.818024029987097,0.8874656102021482,0.4376387454265472,0.6310692557163075,0.6835744764331917,0.6310692557163075,0.658051745035178,-0.3311912166390501,0.6355921151521688,-0.6033603361318239,0.5551777898780823,-0.06783953330809316,0.48462975999536156,-0.06783953330809316,-0.13141926370104207,0.8662551505434877,0.8880049587036708,0.8748082084521264,0.7808860403353771,0.20115499722503186,0.8647209187784405,0.8657108410428367,0.8647209187784405,0.79268029508237,0.79268029508237,-0.16939499602562133,0.7059060973972611,0.2263358335485618,-0.7154842563586672,-0.6424963846846601,-0.6459055896926839,-0.2021015555068006,0.09400847832574837,0.312440193803356,-0.05693868604551609,-0.5996999295517946,0.027007385865724178,-0.8286306382567485,-0.20662765317051326,0.10000402424661434,0.10146065352373172,-0.6260792871474704,-0.583202995759446,-0.1255844999646196,-0.6009759509331598,-0.8302266294868383,-0.4093804024612687,-0.24571164603961876,-0.4093804024612687,-0.31407433341042323,-0.4083325514277586,-0.4083325514277586,-0.8225646818579595,-0.8225646818579595,0.41698098053155513,0.5904819397294475,0.514726341859833,0.8070483802271744,0.738178164763534,-0.4018408787915041,0.07510743442131323,0.7452777421182397,0.764095892023869,0.7452777421182397,-0.09253762024566217],[0.7285104516818146,0.058743186158657854,0.3866956281288494,0.7276660101550362,0.6197859451581389,0.7285104516818146,0.8185404575177684,0.815150029676284,0.815150029676284,0.6673576330936598,0.43674861489739314,0.17283493541864678,0.818536089429665,0.7368731183284215,0.8077576752424398,1.0,0.9921890658377309,0.4257323056426097,0.7853861616244745,0.7853502358316858,0.7062321479036617,0.806389913839288,0.3354276109565096,0.37515353898966314,0.8001050570650595,0.8001050570650595,0.7852641410566709,-0.22425641597798346,0.19729905466327313,-0.1587299786490311,0.8444787100388563,0.8413639015145491,0.16026216709933996,-0.21714197433866064,0.813735106562105,0.6939096776839563,0.25622787716488304,-0.31709695154607853,0.18774656478332613,0.6590904067927715,0.9983385696962349,0.40867158360443767,0.7392718783786617,0.8134017159641084,0.7392718783786617,0.13242945737060477,0.52504052106177,-0.2887415111479218,-0.31238135916352955,0.0154653038653335,0.3947156680308604,-0.055555152555986725,-0.21081300015137636,0.6810019740466186,0.3998469915474581,0.8127341671964436,0.6812593356251601,0.7741650743009231,0.7953731216535702,-0.10576918836557309,0.09339678499878953,0.5544735928301788,0.4088432855033428,0.5441771187287521,0.621215562844