var element=document.getElementById("correlationAdjClose");if(element.style.display!='none'){var correlationAdjClose={"data":[{"type":"heatmap","z":[[1.0,0.9999951421435566,0.9871139166931446,0.9999391857438418,0.9992195066112596,0.9821611495553667,0.9978871974577053,0.9965415117996487,0.9718322718201717,0.9966649704323296,0.9948943800192973,0.9941143485971502,0.9966231054755514,0.9966505990043174,0.9965815496530697,0.9978399597659433,0.9982038360751622,0.9983360458076111,0.9970218165265426,0.9970295778186052,0.996951758238817,0.9965968180781797,0.9889803773971092,0.9738492783329595,0.9914362440007454,0.9590667462957793,0.9906464260703018,0.9889070521415501,0.9710616534420122,0.9556993586458077,0.9914392518061442,0.9932460096958646,0.9929256340047401,0.9803854386124643,0.9977982283683776,0.997857328169295,0.9976904353392924,0.9967222214701132,0.9956178690351339,0.9977620849381648,0.9986264655314269,0.9986574680713479,0.9978015130768892,0.9978085134659014,0.9784306094347907,0.9347706589985529,0.9588363773471646,0.9528358591706034,0.9519197201880114,0.9324437404570126,0.9655538114428561,0.9543597343444382,0.9674773954266037,0.9713862673075078,0.9600007404064194,0.9849526579853359,0.9832529936781108,0.9915209266184872,0.9937309839966867,0.9885741296073164,0.9844539784669745,0.9884822455862645,0.9877869701983444,0.9890179247832814,0.9889143796091973,0.9528988563856217,0.9783656963613894,0.9767732581229803,0.9765526638706902,0.936449517848002,0.9840360834875285,0.9806949897374596,0.9872446161093968,0.9866608751713962,0.9451585490301992,0.9075230486571877,0.8808664847656361,0.9214383226625664,0.935639945640658,0.9341157283275895,0.9339941698947405,0.9328968305502285,0.7548834227094143,-0.5137823328292785,0.9816666906628632,0.9777317531834521,0.9754763076908803,0.9891345553833599,0.9745076307186278,0.9850061136940126,0.9849943161004958,0.943115223761331,0.9860061475776782,0.9456437969445597,0.823582360344189,0.9283792178758314,0.9406639889507374,0.840340509123656,0.9593210246162797,0.9600071440219514,0.9043920646854483,0.9704506191436922,0.8945287101849495,0.5581408546527619,0.7360863484107713,0.9020623131953462,0.8751528850609789,0.8936203533919521,0.9773556329768591,0.977487008137471,0.7927124218203431,0.7654273655809728,0.8244615991286605,0.48765018344929073,0.8111182739169033,0.8284851336412428,0.8236131031990221,0.8176981874920493,0.8034897537829596,0.7581146971238885,0.7435924311902568,-0.3063150012599313,-0.44669019029775575,0.7527504978902447,0.8938543024650242,0.9284781967876564,0.9419255581206125,0.9066809429769632,0.8366540144308752,0.9106541646619372,0.9225621838830195,0.9223955972254185,0.861075197433203,-0.11401034734520143],[0.9999951421435566,1.0,0.9914508067239819,0.9998758377325333,0.9983490186054411,0.9896337390483759,0.9943204239903917,0.9924108651921855,0.9888551744408702,0.99241286854179,0.9924473077375036,0.9935112920459862,0.9924844252441807,0.9924092073168425,0.9924593276021216,0.9943637681618082,0.9964063254664747,0.9958976968963708,0.9940690753685969,0.9940757997111359,0.9924484371547584,0.992490200476735,0.9932610291392158,0.9796182588127624,0.9896990178001525,0.9833405020896957,0.9898033822018814,0.9888435024864268,0.9823933800220098,0.9431321563429197,0.9893502155420485,0.987827906401861,0.9838489035934939,0.9487571112094777,0.9952405159228753,0.995206280285859,0.9954372996628619,0.9927513879634623,0.9950882816279145,0.995457517689994,0.9966391609951284,0.9968358531603784,0.99544456439437,0.9954540671215633,0.9922870657123815,0.9344021586448086,0.9155015956155523,0.9525922772188292,0.9518191615779181,0.9324296241917156,0.9072201608484517,0.9410778956800495,0.9089315854336262,0.9357839740996148,0.9073581368370236,0.9633986614697664,0.9633922345019379,0.9769007224951289,0.9852067092420406,0.9857097799837845,0.9867388204498387,0.9807299236026242,0.9843421426914694,0.9817886032854056,0.9816822162516218,0.9467560138419058,0.9679122743667519,0.938118771209563,0.9377765873224864,0.8742274886447059,0.9842742484274007,0.9852926007450982,0.985439533408352,0.9851131244339522,0.961050478664591,0.8367459354031882,0.8099298434389488,0.8783379284528129,0.9252293115373774,0.8927439768884174,0.9093830158891016,0.9085393504457908,0.8104339917688539,-0.0395758302355837,0.9742863845094619,0.9762743104889201,0.9740051072782366,0.9860446586227568,0.970147183870413,0.9763036957032927,0.9757594624491459,0.9370447334392912,0.9773872914356736,0.9385163270905447,0.7720566707130766,0.9280026262055933,0.928954533673391,0.6362747437067453,0.8747399748793112,0.8782662418707602,0.7792892367962012,0.9703179902235063,0.754632574311282,-0.33519701357339143,0.2873462647667141,0.7792699511433894,0.7321132027814337,0.772352343675148,0.971793718956456,0.9718163600065245,0.2521772699212488,0.4243916306660194,0.2602807057821948,0.23107304845404236,0.2529521346945914,0.2650339450013526,0.2619924303197961,0.18211756631301534,0.5963079170923063,0.32998942729747777,0.2799969431585917,-0.43734995230740525,-0.4881494983022448,0.7519465436806777,0.7783982527107847,0.8002243044623506,0.8664596190589815,0.834661200589718,0.644586817508368,0.8006627571657062,0.7959178182763826,0.7949865444593124,0.4758422426095013,0.27227726075773706],[0.9871139166931446,0.9914508067239819,1.0,0.9882921161939352,0.9935497096517653,0.9913506490705801,0.9891653376871716,0.9900160588057606,0.9916577802232917,0.9925787826542619,0.9964843453247898,0.9957109789016377,0.9898569278848689,0.9918604059478783,0.990068568052913,0.9896160573758889,0.9907872110874305,0.9897997376975564,0.988669837945187,0.9886414389789174,0.9914872237631086,0.989894105235579,0.9955049435348025,0.9862833682090407,0.9914429441004162,0.9818589455200487,0.992104890264795,0.9896544895643227,0.9877358288477367,0.9634479030377014,0.9678625417002968,0.9723875669377772,0.9771819998449798,0.9591180300807889,0.9865971108801947,0.9897315704176675,0.9881343773793123,0.9916261629673189,0.9946732530525295,0.9905969010637081,0.9848062838953062,0.9878632160437776,0.9870221908245291,0.986410813064255,0.9930991092365563,0.9309480098807268,0.9445755607426933,0.9596333317038201,0.9460494437091961,0.9004060672586679,0.9241533843266336,0.9122606826785158,0.9270949185871332,0.9383435406770884,0.9210531944645163,0.9512621018996622,0.9617487206711925,0.9691918290801632,0.975981971930061,0.9481688132611505,0.9712040098296296,0.9701273112179165,0.975889232051009,0.9703299646327938,0.9479527596387683,0.9309334075771685,0.9571258889095826,0.9479347222174868,0.9315461082622256,0.9042691157757462,0.9763765987155881,0.9574085586991786,0.9690191904490959,0.9497214730417847,0.8612121284445604,0.8800472354719262,0.8026930535612935,0.8950763205244215,0.9135092119261239,0.9160871684890786,0.8841401704847895,0.8980576386063661,0.49646846759450575,-0.49429433887183,0.9677443451835748,0.9576056938249743,0.9569614323737945,0.9480483128804736,0.9624819781298474,0.9699808338311682,0.9696371583390513,0.9382847874400022,0.9660940335409899,0.8994404160560115,0.8100398716858443,0.9593183107608604,0.9594112968365966,0.8259832990680456,0.9478135300551912,0.9492860990851054,0.877511473641102,0.9808285592430622,0.7747125986243781,0.4627281952931321,0.6826872764464436,0.7986063367441447,0.8034436032998085,0.7794769479021441,0.9824121230975664,0.982423418390739,0.7265848608723595,0.7181380749885014,0.7098095202917621,0.4420523751309834,0.7149012284358167,0.717197986016045,0.7226006147451531,0.718116239984393,0.7699386597106982,0.6975318804325066,0.6822030912770634,-0.36024451981417815,-0.5004150613769629,0.7276368428554367,0.8584220117641814,0.875074227888459,0.8889608766256978,0.8804946378116107,0.7745754743827729,0.8589184209526033,0.8658561347945988,0.8719419555042376,0.7408903251981871,-0.03799064353042888],[0.9999391857438418,0.9998758377325333,0.9882921161939352,1.0,0.9994247105268524,0.9831551933291047,0.9980805996291301,0.9968896959078611,0.9737284792550409,0.9970619793404176,0.9955233267786975,0.9949172761188292,0.9969556577190062,0.9970651920054452,0.9969293902173282,0.9980609992811351,0.9984855094235124,0.9985517171052588,0.9973235734891526,0.9973295226283104,0.9972871433644075,0.9969337372100215,0.9900132858682906,0.9750725625298089,0.9922589487266844,0.9612883599858865,0.99156098145381,0.9904000771142274,0.9727930232777042,0.9567528642199598,0.9908073625105724,0.992773650416742,0.9928442475143153,0.9800201157434484,0.9978488569789125,0.9980249742841858,0.997867669338933,0.9971030295514843,0.9960729148177514,0.9979634791676456,0.9985207839829325,0.9987205758639635,0.9978492111819245,0.9978538970715035,0.9800000954555883,0.9319540342955649,0.9570410528044299,0.9525082895662613,0.9499201646556538,0.9274717412901983,0.9628905926692743,0.9513813261912988,0.9647348109863682,0.9692768352169479,0.9575859967299236,0.983050728876477,0.9819657767408558,0.9907383113926358,0.9935092212955302,0.9874144499475289,0.9834807261014774,0.9875018078908424,0.9872779188645366,0.987971495590566,0.9878603700380438,0.945769753189138,0.9773249852336794,0.9756547978062509,0.9754283654780836,0.9328237038240186,0.9836299685313324,0.978411967980979,0.9860822370505965,0.9854690700963354,0.9297719481897468,0.9063588730204047,0.8778930328286244,0.9200664586988841,0.9333836267234685,0.9337493187027607,0.9320327152606283,0.9309674683529623,0.6793135382763501,-0.5132170810145594,0.9809742164311476,0.9766628286588185,0.9742239741247568,0.9879772652626565,0.9739755248124156,0.9844070393882233,0.9843925346823585,0.9428257279546626,0.9848768225690022,0.9348411934221921,0.8265341385322145,0.9324913643625603,0.9440151196047661,0.8417091645983249,0.9603874137053903,0.9610958743301959,0.9039920770713535,0.9714729248778867,0.8885820235355025,0.5546225428105677,0.7344605059166968,0.8967310053044566,0.8714974461736585,0.8880182647943239,0.9780566016015847,0.9781944503250266,0.791603410590113,0.7655933855810647,0.8166751001194066,0.48906891424162185,0.8052212562105933,0.8204315133363322,0.8154907539482845,0.8123136503277294,0.8054606608356755,0.758025713112434,0.743566758552791,-0.3017164959454994,-0.4459685279420207,0.7516797031459217,0.892314407193438,0.926673995865225,0.9401577464544817,0.9057164890435501,0.8341142751173364,0.9087147444222968,0.9203793747522092,0.9203626969806232,0.8544283605708953,-0.10722889104759331],[0.9992195066112596,0.9983490186054411,0.9935497096517653,0.9994247105268524,1.0,0.9851686909251043,0.9989871846509774,0.9986186209256969,0.9843479021587509,0.9986150050229274,0.9982648924080196,0.9981733430122605,0.998629306853253,0.9986453939356499,0.9986490339897875,0.999105106747476,0.998919779657218,0.9992539172476771,0.9988594270023862,0.9988584630378403,0.9986809702538147,0.9986311861355797,0.9949680228335536,0.9816303680461888,0.9955206919717838,0.9760404727083052,0.9955412456609422,0.993061831394815,0.9835851974891593,0.9591503310204141,0.9888529142634468,0.9916383260496272,0.9906032028288244,0.9735947061032597,0.9988294880950526,0.9989015104724595,0.998942472562536,0.9987450871810597,0.9986489341856194,0.9989022830616229,0.9989526663904095,0.999171049759391,0.9988636371066071,0.998862544996386,0.9882501611173362,0.939912515361466,0.9564738387529944,0.9572112745828023,0.9484896029676702,0.9230001042999652,0.9539058950807195,0.9499294390830471,0.9580260224028665,0.9644753218134037,0.9529679130123739,0.9819756070959356,0.981904270019735,0.9912262454402335,0.9935072972207836,0.983818969575283,0.977629280817334,0.9817640785938323,0.9836697259466204,0.9821991179376296,0.9820466858236168,0.9424062048721801,0.9698247622177644,0.9601379103355098,0.9598337345777318,0.9063591292167654,0.9808400091878908,0.9771698866239497,0.9824677481813002,0.9817406450663357,0.9426507189636706,0.8897332710432986,0.8608121382636055,0.9070846310028691,0.9379568737343464,0.925950708757507,0.9314339772888818,0.9305715963588381,0.8025804088565472,-0.49633789872518086,0.9752107780249297,0.96685497375251,0.9655151011540031,0.9845357561425069,0.9646870796424568,0.9784343123341758,0.978146414922394,0.9346980661198546,0.9794763152636919,0.9360404933941744,0.8175799886705901,0.944665305274404,0.9613616768617184,0.8134232511605378,0.950634742709922,0.9518759215421331,0.9000584641357697,0.9757827656414354,0.8944743047033628,0.3913559294162787,0.685505688293367,0.9003894801536109,0.8581134431901097,0.8968864811177875,0.9814139486171823,0.9815191715334579,0.7622084227532421,0.7522740682004445,0.7660624346156857,0.46993664644066924,0.728659523570453,0.7699522943284127,0.7660582648664267,0.732290943869222,0.7953444007003002,0.7464092856522919,0.7310914991152729,-0.4937700553136218,-0.577057153846054,0.7455517057299587,0.8892591167041237,0.917123691897588,0.9393125969353995,0.9058069337219984,0.8216745707596331,0.9051786729055635,0.9122699465726527,0.9117837421711792,0.8000684200475289,0.10296847138560361],[0.9821611495553667,0.9896337390483759,0.9913506490705801,0.9831551933291047,0.9851686909251043,1.0,0.9782535076987162,0.9798468947800565,0.9939623530981538,0.9793478106936637,0.9759953735928513,0.9754334133412652,0.9796442928548652,0.980132674832263,0.9799185390706167,0.9796021026397079,0.9835822658593041,0.9803637533819036,0.9801531150343433,0.9801571369942834,0.9787451626003576,0.979793530610112,0.9933022113254356,0.993845174288893,0.9825807645524138,0.9888944257103859,0.9832020086970179,0.9779105976940243,0.9886458576260966,0.9759180413073716,0.9540116952599826,0.9606284655724365,0.9716291607874793,0.9643383780733148,0.9779161644443849,0.9784671552956214,0.9793465888603307,0.9805913261285317,0.9764151123739943,0.979010361599277,0.9774028341380002,0.9793136062366853,0.9782597428630281,0.9782706189793168,0.9962796370351383,0.8972064116444027,0.9351593505235662,0.9428959333943012,0.9513302677346059,0.9139431167219012,0.9165729780106493,0.9127340990185849,0.9197519184571858,0.9402284768296821,0.9182462529791828,0.9464073134762669,0.9534212127989697,0.9603313040322318,0.9637810544827767,0.973741492647304,0.9896750072646566,0.9774361453619559,0.9866237722664063,0.9770299579163894,0.9765544041588536,0.9786687164741786,0.9760685430601472,0.9599510295599167,0.9594751059618692,0.9534818186186738,0.9850379401710607,0.9783998500184875,0.9742038122629294,0.9732042720128562,0.9714245141572913,0.9202119753142689,0.882071531736495,0.9337453452626345,0.9323439665150094,0.9417079933896911,0.9233246223574781,0.9214011670898834,0.7969328170252508,-0.4433267604545478,0.9854948974994029,0.9875053354321424,0.9843524976181555,0.974524372824821,0.9795844955517278,0.9839661232330816,0.9836137619162877,0.972767127064018,0.9744452892136862,0.9725441653843407,0.8261759305447809,0.9077902668670187,0.9609391431244172,0.8567520347546754,0.9469003752248375,0.9478533279931896,0.8634609294757644,0.9576951636772467,0.8263917976402946,0.46685802950933175,0.6938662554354588,0.8366550871839284,0.8172777784280826,0.8268143048348878,0.9567767199161907,0.9568093868633462,0.7400127355245335,0.737908107390936,0.7448122680650947,0.49071442659872094,0.7465526385685902,0.7497556299206495,0.7436339142145645,0.7432617504967023,0.7801038172440737,0.7111245117225892,0.6997164376464012,-0.3261716520798301,-0.45577895566748067,0.7601042589045754,0.8512063812597693,0.8591925816984265,0.8820933017892251,0.8591486121219981,0.788985478348036,0.8449015964345197,0.852230071973455,0.8522478073016038,0.7987138403797088,-0.06050096878174423],[0.9978871974577053,0.9943204239903917,0.9891653376871716,0.9980805996291301,0.9989871846509774,0.9782535076987162,1.0,0.9977577815086155,0.9564405293275154,0.9996552107785802,0.9996350310874471,0.999667097121764,0.9985905094517863,0.9995245128750632,0.9992787797600189,0.999895802974831,0.9969693911652404,0.9999068013278385,0.9994560416198586,0.9994602352319297,0.9997460678623467,0.9994047248825567,0.9905539207851874,0.9741457137259585,0.9868612550453488,0.926803756592073,0.9940416748051604,0.993387285716791,0.9737576306052167,0.9517360195570475,0.9914158849944723,0.9921114806767133,0.9941995380526399,0.9779636040020662,0.9991196827644094,0.9998707509103687,0.999749162501292,0.9995206151323861,0.9998049837564115,0.9998588355744633,0.9986827064806226,0.9997658898043983,0.9994609767944538,0.9991558445722295,0.9790423644456355,0.9455929605156836,0.9585451880106276,0.9592408478747786,0.9473232475726228,0.9209182286387927,0.9600699996521982,0.9510900714551004,0.9624770101381508,0.9670467317971682,0.9575382143251918,0.9829532161903555,0.9832805471179724,0.9926726366673765,0.9963121124845101,0.9564155848146058,0.9651275538587183,0.9743331038877129,0.9753095021141361,0.9757450997203304,0.9563652186925367,0.9042287224189752,0.9604452934177188,0.9633921043494186,0.9481477852551047,0.8887798552266822,0.9713955664638951,0.9494865973280991,0.9723031916305197,0.9567108740577202,0.8178993240568684,0.8804767089149553,0.8152038823867318,0.8934735661414439,0.9099806764304632,0.9140466845760428,0.8957416758349771,0.9062850456592231,0.43967124585551787,-0.5499417579400679,0.9654719147159613,0.9524637867240189,0.9523766764749082,0.9576485251221196,0.9598205876481647,0.971444965502041,0.9715089156590664,0.9217404951656044,0.9703945651816227,0.8663570215484641,0.8110210734801208,0.945129711940391,0.941775663189563,0.8277739450067483,0.9579312179453606,0.9587587651627121,0.9046971905448835,0.9754038041732113,0.8337803836944117,0.5541479642572921,0.729865679244815,0.858815946198177,0.8549308643148965,0.8402712002789282,0.9819871289267001,0.9821450437978276,0.7854958683248654,0.7504087939870918,0.7828097875782299,0.46336526807129874,0.7861761391502821,0.7972170631480567,0.7875762292346419,0.7969122302698952,0.7935711668527012,0.7537070177554612,0.7374019372489103,-0.3131248232691819,-0.46536327122970617,0.7550192295514544,0.894845393020409,0.9213527224641639,0.9425043180082878,0.913189145540794,0.8368116422561491,0.910961932102612,0.9265016039440321,0.9249223728660856,0.7848544543210273,-0.08147794602873085],[0.9965415117996487,0.9924108651921855,0.9900160588057606,0.9968896959078611,0.9986186209256969,0.9798468947800565,0.9977577815086155,1.0,0.9667778122135164,0.999999843880724,0.9999993925394461,0.9997976891876619,0.9999971628822897,0.9999935895325247,0.9999984341482863,0.9994004936783561,0.9923617852656277,0.9995249033291432,0.9999169132733782,0.9999164685266188,0.9999688738189433,0.9999988623561917,0.9911855851998831,0.9760381081268632,0.9933650275478371,0.940562205781307,0.9945392026782784,0.9920225767187085,0.9759926931541769,0.9516853778273338,0.9878022374930341,0.9937332248815232,0.9928975155212144,0.9753555628741405,0.9995004990558438,0.99961617701941,0.9997092914528913,0.9997689406761675,0.9993677916416498,0.9995641223476158,0.9984009382926405,0.9989795622317161,0.9995753550334404,0.999451782612016,0.9808639638384609,0.9455551023199068,0.956405863381546,0.9622854928229809,0.9471037251217329,0.9131312264957243,0.9583265031561644,0.9470006818638482,0.9604282912992317,0.9622447461095498,0.9521971505749203,0.9810313445502136,0.9807083374781685,0.9917563369332454,0.9966065248888974,0.9523970997529143,0.9625244865076613,0.9697911490269886,0.9732858822965842,0.9715171004482307,0.9551034830721332,0.9000975809022197,0.9572094803526922,0.958509182197798,0.943995432683733,0.8814068237611765,0.9695789954763883,0.9447276923769024,0.9681249765180693,0.9529661531857925,0.80895307024681,0.875338960332651,0.811862462789261,0.8881775392391997,0.9047627754192517,0.9110904992437062,0.8923650056618463,0.9011142058546405,0.42583038980913857,-0.5524545448491212,0.9627604055701156,0.9486440710066039,0.9485364051120229,0.9560669325300728,0.9571465085237716,0.9688309011924876,0.9688870165009046,0.9195275283568928,0.965471008161803,0.8595090362765013,0.8089247698027525,0.9556234033370479,0.9511721727301472,0.8257589735451693,0.9579697871795082,0.9589276406980024,0.9022580949961337,0.9787927232712363,0.8359136701431427,0.5398146701280048,0.7217801763599777,0.8591664133879443,0.8516409594552061,0.8417045240159662,0.9840522034091638,0.9842121549136377,0.7772328641933602,0.7438258579900378,0.7834392539182962,0.4528947950331224,0.7811171971178206,0.7924877886280307,0.7873756622984588,0.7913001515685746,0.7882442429777421,0.7483805335210405,0.7315884874305226,-0.32759409068155154,-0.47868317047686954,0.7452253341052273,0.8881073016322627,0.918608801373882,0.9353596923711718,0.9079493970979884,0.8270710907395042,0.9047670508577288,0.9203312767463191,0.9189690066571636,0.7674912607390739,-0.06500128282161947],[0.9718322718201717,0.9888551744408702,0.9916577802232917,0.9737284792550409,0.9843479021587509,0.9939623530981538,0.9564405293275154,0.9667778122135164,1.0,0.9818417944811139,0.9866792027720261,0.9892131747970044,0.9703552966155875,0.9786987409654789,0.9752092637413923,0.9734830891995022,0.9507348166384043,0.978302665997619,0.9758242916208854,0.975798171899259,0.9803182423859191,0.9750663302619028,0.9938729499212324,0.9939985886971392,0.9801397546097382,0.990301981932044,0.9834081938355369,0.9922782860154267,0.9916011791804933,0.9719210877906752,0.925227826234518,0.9468716561353614,0.9649497465645251,0.9534467791763489,0.9696048148113147,0.978221057352255,0.974745237317032,0.9770796031219136,0.9880797747502973,0.9795348512843975,0.9662961276265487,0.9758577350740097,0.9705376930420261,0.969558576172944,0.999121295350946,0.9138083242557276,0.9302221104953875,0.9596752363150156,0.9506981267449658,0.8978360291525895,0.888155885523764,0.8901407328759556,0.8923834853226514,0.9230085402548026,0.9011726343950809,0.9293246869422276,0.9470967087405223,0.952036923842722,0.9585178684092113,0.9130683824107476,0.9732364980262831,0.9543033760961399,0.9714004878916744,0.9542415447818579,0.9136034506996576,0.9287972339336219,0.9533737211947505,0.9300290156592333,0.896993979289656,0.8996808973469455,0.9725520065591131,0.9300495660970393,0.9500888506734747,0.9150759706559818,0.855024484329986,0.8794738616902458,0.7677451172805908,0.8954794932202399,0.8989639013872257,0.9119684069394771,0.8625975735828486,0.8807051184678099,0.48386245729964755,-0.47163465449797565,0.9650473506618439,0.9613702669792029,0.9591126969742965,0.9108847808786926,0.956821648041406,0.9631933798458151,0.9626765029784932,0.945731757803786,0.9497338729593813,0.8951673415659323,0.814465802332251,0.9460901505708303,0.9653282726314425,0.8350733890807088,0.9404191285915533,0.9418629892517271,0.8544587546783823,0.9676784685053962,0.739791209997091,0.42310775511612986,0.6632196030471346,0.773884456033511,0.7789153586198145,0.7520664046085758,0.9668471199726989,0.966843558945704,0.7066481727069021,0.7072187658580212,0.6739703507148342,0.4488301596512658,0.6952036867624437,0.6933366481896555,0.6723068868293453,0.6946258031700345,0.7612458151678193,0.688846305118235,0.6748896216626796,-0.3646084966229729,-0.5006999878422419,0.7578406464952223,0.8416680116249603,0.8272433741569319,0.8627888988501176,0.8587060126348964,0.7652822599320516,0.8147987606531942,0.8337833981095192,0.8273811989349535,0.712476345517451,0.001373039091469984],[0.9966649704323296,0.99241286854179,0.9925787826542619,0.9970619793404176,0.9986150050229274,0.9793478106936637,0.9996552107785802,0.999999843880724,0.9818417944811139,1.0,0.9999991977668812,0.999801955220566,0.9999985933500828,0.9999926225561567,0.9999979942168125,0.9997189728903835,0.9980508106076428,0.9995252794684714,0.9998964288622268,0.9998963513732393,0.99998005411728,0.9999993970387827,0.9936878562454817,0.9779392095170603,0.9964821259064505,0.9714846349032827,0.9965309803650921,0.9920230324883818,0.9803355911558458,0.9531985240124747,0.9898046727571,0.9937565481186899,0.9907598384875405,0.9724830609881787,0.9995485241059026,0.999611767516543,0.9996277787729506,0.9998522553067349,0.9993780796213526,0.9995711665029193,0.9986495090735334,0.9990248997379392,0.9995595324213784,0.9995553397395673,0.9853924032720811,0.9454456780380418,0.9564317107325168,0.9621365034722198,0.946935496190476,0.9132210962820022,0.9520595455155828,0.9443797834992854,0.9556272339579406,0.9607730652616626,0.9507486330160454,0.9808440256205111,0.9807401203478089,0.9923889977304564,0.9964453138200459,0.9747499166439236,0.9624079179681256,0.9725480056220281,0.9732208917199138,0.9731463833951716,0.9729754869856249,0.930118728692442,0.9571194225594514,0.951157498827351,0.9508660270041311,0.8950940363859158,0.9694888308821874,0.9680122650293781,0.973553855920987,0.9726818537138826,0.9292854856559981,0.8753463248393157,0.8409700523055178,0.8879767718359527,0.9220227747276063,0.911913541188295,0.9165619115185929,0.9158874682802243,0.7607991671629755,-0.5457779205475876,0.9626943941227761,0.948613854047317,0.9485199824573688,0.9756620301201434,0.9526848415903635,0.9685510551670338,0.9682713481586686,0.9202003760700515,0.9697858597771163,0.9217894102079436,0.8089195440735002,0.9554170593579098,0.9617197794276586,0.8127113225404125,0.9527365172513058,0.9538311420610396,0.9023313846893468,0.9781100146784719,0.9025512491566107,0.43507638727027625,0.7018320311944606,0.9083864856253925,0.8659704241023597,0.9047720754423261,0.9840229303432686,0.9842028597795214,0.7773031952902145,0.7436713042645737,0.7805690388395451,0.45299048914485524,0.7439321840426253,0.784819585302269,0.7805460019566979,0.7497556737461664,0.7880642726590266,0.7483937163797489,0.7315797413414442,-0.537078435578514,-0.6204973726861779,0.744322951080364,0.8880866383853533,0.9204805982208331,0.9413154307221508,0.9079557210341199,0.8244385798577524,0.9056578267755238,0.9150712013557386,0.9145829204177515,0.8114982770340442,0.16119949824471755],[0.9948943800192973,0.9924473077375036,0.9964843453247898,0.9955233267786975,0.9982648924080196,0.9759953735928513,0.9996350310874471,0.9999993925394461,0.9866792027720261,0.9999991977668812,1.0,0.9998005069496338,0.9999965921866969,0.999995346053757,0.9999985130575005,0.9997064557383063,0.9978469155426202,0.9993158341143922,0.9998130471491071,0.9998130875219252,0.9999985430787462,0.9999985316134469,0.9933093512800033,0.975070865759883,0.9957363210466199,0.979404620982072,0.9962347389804831,0.9920362036776516,0.9826720142838189,0.9476311241512545,0.989621194313058,0.9935965429001399,0.9856440351486214,0.9518161412656491,0.9993782505279124,0.9994280075395353,0.9993793145907056,0.9999088851750402,0.9993644022247765,0.9993884217216121,0.9982182416868417,0.9987064245638491,0.9993605040522587,0.9993585678237079,0.9880453409211193,0.9452120290912737,0.9293248028371619,0.9621096243054417,0.9468882235557676,0.9130019479635254,0.9280581640745361,0.9201927264729581,0.9318633439775116,0.939585723879394,0.9267516459178122,0.9750518824738736,0.9750327578876001,0.9915409414134594,0.9951125434376114,0.9678835266654633,0.962548558161127,0.9609562776607242,0.9653602963730241,0.9619671541990793,0.9617314453925195,0.9098848662552318,0.9477088153601043,0.9170404266252716,0.9164910198955694,0.8356321754114713,0.9680712503215124,0.9727104136834931,0.9696738794309309,0.9686274212646365,0.9247915924779968,0.8239950421087696,0.7940615446867487,0.8590431617573587,0.906950001643408,0.880953069097044,0.8938875284653043,0.8927990114674308,0.7684021695983352,-0.3172934641773479,0.9519474148481973,0.9487790230553919,0.9486486702445985,0.9688255689996538,0.9405952808990972,0.9541721160357185,0.9535848368361671,0.89809204135381,0.956392948335349,0.9014584108645052,0.8090774984611866,0.9556747242461698,0.9662375368234533,0.7261433474385165,0.9191219724320118,0.9214731901848177,0.8630372504331401,0.9860281172102363,0.8513210324143502,0.08696341691634084,0.5626193158669226,0.862922414002327,0.8335323202612384,0.8582810198557197,0.9867706846436908,0.9867762796420805,0.56069579114324,0.6669419367673352,0.5679999059224657,0.452945997394698,0.5385340562438805,0.5770400007145873,0.5684358930477447,0.50801432462322,0.778506602825706,0.6304785805647153,0.5935209026561694,-0.49606628381635187,-0.5563364241446045,0.7438820880157182,0.8702708846903987,0.8819839645913963,0.9176118260404723,0.9023286061550949,0.7156759264994621,0.8660037824068281,0.8766720985774967,0.8760716804166113,0.6433011772492362,0.1189906106987461],[0.9941143485971502,0.9935112920459862,0.9957109789016377,0.9949172761188292,0.9981733430122605,0.9754334133412652,0.999667097121764,0.9997976891876619,0.9892131747970044,0.999801955220566,0.9998005069496338,1.0,0.99981376987606,0.9998015594918047,0.9998059120763773,0.9996945317630767,0.9984376265047402,0.9994866528958529,0.9999745386434877,0.9999743364995444,0.9998055154077592,0.9998098174654182,0.9930726648590624,0.9730513151132947,0.9946303985282862,0.9797266161777449,0.9952764591676466,0.9938929017499174,0.9789257209750899,0.931656740290215,0.9924802808136158,0.994888116831185,0.9822634407606964,0.9372600406308201,0.9995095541614387,0.9995487774922049,0.9995129564104854,0.9996527391840229,0.9996698568000393,0.9995261784936176,0.9981337613604452,0.9987354935375454,0.999495498507023,0.999492785806637,0.9894675775966958,0.9414743027486462,0.9195502011427074,0.9593051911051464,0.9450737360109444,0.9127430185295626,0.900421528134016,0.9320479501566268,0.9033163551574671,0.9217639622229119,0.8991013135965961,0.9651656685839106,0.9651558766878056,0.9840947131679398,0.994973426168795,0.9671597000667396,0.967013034217676,0.9567664573407164,0.9637031887476638,0.958705815273692,0.958515828929018,0.9115687725201621,0.9395150926861786,0.9018693065247102,0.9014457244245411,0.8244188872122149,0.9677663292505005,0.9694808170406353,0.9694708373383486,0.9688310725589673,0.9325581666997289,0.7885401728091249,0.7582656155140569,0.833888879806981,0.8906504793800142,0.8546138322570181,0.8733612699413656,0.8726777674560824,0.7588469176277707,-0.16279459734438978,0.9468587558680411,0.9503233699573227,0.9464944767496862,0.9677184615171028,0.9410474448742925,0.9497168318385311,0.9489445350982935,0.8983652647562448,0.9514944760793369,0.9006094872614221,0.7719660935251639,0.9536370445882815,0.9486720966710949,0.626340497760138,0.8750776314185725,0.8789389654350971,0.7744644577303368,0.9809120645413122,0.7521011700855085,-0.276019660462237,0.31854842076010975,0.7743599943017418,0.7324767700382725,0.7683134859773892,0.981984779450088,0.9820646297671758,0.2800325285497194,0.43828894146633585,0.28648471517398794,0.2578524638423356,0.27823607927075156,0.29237368695020405,0.2899087040554786,0.20699590935367687,0.6091482607163581,0.3476330764420795,0.2961883665831036,-0.5029853642021287,-0.5526447260933469,0.7434907414772949,0.7814139037382379,0.8031552748661595,0.8682226441029794,0.84243592140646,0.6326397264352611,0.797490977349174,0.7988826518501572,0.7979838692163784,0.47781718359918735,0.30344216001762375],[0.9966231054755514,0.9924844252441807,0.9898569278848689,0.9969556577190062,0.998629306853253,0.9796442928548652,0.9985905094517863,0.9999971628822897,0.9703552966155875,0.9999985933500828,0.9999965921866969,0.99981376987606,1.0,0.9999919775796506,0.9999977176862077,0.9994421313002094,0.993889447332113,0.9995601036814153,0.9999262917249475,0.9999260397837855,0.9999754351064102,0.9999990357801927,0.9910570799383003,0.975827989970502,0.9940086219898379,0.9453984983133867,0.9944854014210223,0.9921184959302526,0.9757779237757359,0.9515913567274008,0.9887170041167732,0.993826166154809,0.9929802440454959,0.9754731038140123,0.9995427725571,0.9996530479670257,0.9997376547676682,0.9997665211442659,0.9994164350978572,0.9996015710903672,0.9984818924901211,0.9990393627351294,0.9996168743816194,0.9994943662164913,0.9806053597773239,0.9457665125372456,0.9565388445593681,0.9622062069952115,0.9471301944790235,0.9136057926648763,0.9586766338812038,0.9473694699782481,0.9607791942279885,0.9625387781185424,0.9525648483600031,0.9812799827759815,0.9808839603581292,0.9918835496164021,0.9966977493965234,0.9526162961423489,0.9625005984561561,0.9699162628127068,0.9732963876861653,0.9716417213547273,0.9552721971289143,0.8999604675003494,0.9572920600568532,0.9587301879133631,0.9442829962277022,0.8814281592280584,0.9695557389614965,0.9448286525590057,0.9682394040929851,0.9531709774144722,0.8087992564992001,0.8754864148667746,0.8122263897571573,0.8883197525669844,0.9049107728832122,0.9111565406263556,0.8926256014359542,0.9013589873153779,0.42584349364048446,-0.5526229470303755,0.9627901260901093,0.9486849564193383,0.9485771028889708,0.9562463355196988,0.9571667775493902,0.9688816089581646,0.9689391342942025,0.9194180131243164,0.9656147628941064,0.8594063112474054,0.8089489626787265,0.9551450113850748,0.9506945016570011,0.8257308152419216,0.9579621973118273,0.9589128100364539,0.9025977851876474,0.9786657310819781,0.8364269516405054,0.5409438391933575,0.7224077717828085,0.8596605984957656,0.8521739247036659,0.842207131184907,0.9840003973112894,0.9841606946354576,0.77783062392242,0.7442921531155793,0.7840704886307367,0.45344101388223657,0.781777275818381,0.7931875912723207,0.7880241282799431,0.7920110935669908,0.7885621050758999,0.7488300990731466,0.7320498431057758,-0.32671827248258034,-0.47791856532070026,0.7455422695106694,0.8886098443654471,0.9191046480168881,0.9358894674953607,0.9084199201162884,0.8276110311339068,0.9053529260847766,0.9209271632074938,0.9195588347000868,0.7681588052277968,-0.06604594765225975],[0.9966505990043174,0.9924092073168425,0.9918604059478783,0.9970651920054452,0.9986453939356499,0.980132674832263,0.9995245128750632,0.9999935895325247,0.9786987409654789,0.9999926225561567,0.999995346053757,0.9998015594918047,0.9999919775796506,1.0,0.9999956431212884,0.999617738803018,0.9980325189618259,0.9995229598237845,0.9999130655194505,0.999912079855689,0.9999589849769118,0.9999923767314953,0.9928960486343136,0.976296075671897,0.9961828549596856,0.965638813294977,0.995950172636808,0.9920180707250436,0.976322162919608,0.951899585498849,0.9891783130905436,0.9939181659828231,0.9922994036725029,0.9750529737710479,0.9995304876309812,0.9996091013917388,0.9996641871175518,0.9999001215819565,0.9993868032418209,0.9995551213289822,0.998384034053385,0.9989700362847224,0.9995552046003604,0.9995488970902981,0.9832109289980303,0.945587229665194,0.9563632862944087,0.9621443851042145,0.9469717534212556,0.9132522477704627,0.9547489453948825,0.9416603544107376,0.9571031310646811,0.96198734733807,0.9518809569896698,0.9801507241206652,0.9805885921667987,0.9912734261838361,0.9966793138310611,0.9757577676397915,0.9621785876090023,0.9743655818088772,0.9732439345070378,0.9752904814337026,0.9751200769824593,0.9387649860110794,0.9569017332454832,0.95719846543948,0.9569269596069836,0.9116440969397867,0.9695184989851665,0.9706949646943177,0.9753966407778556,0.9744678510776844,0.9365563540869426,0.8751886738535687,0.8458323908064249,0.887873055788886,0.9143663739771348,0.9109415761619253,0.9115631818283454,0.9106041048631971,0.7397692750131243,-0.5530109182602153,0.9627328030377598,0.9484841807878763,0.9482759334378265,0.9766932851460823,0.9572079032732842,0.968823163115626,0.9689179237581079,0.9195183008214551,0.9706722625204703,0.9297209605110446,0.8088992833339793,0.9552424961961544,0.9550539199197066,0.8251563553489346,0.9578630535548557,0.9587665848676806,0.9022051988445839,0.9789773260487911,0.8872341493257891,0.5400635245970292,0.7213421333296888,0.8952301920077461,0.8662153000374536,0.8865284037638762,0.9842400943737396,0.9844173212125241,0.7764865578747974,0.7432346399210672,0.8061313540070776,0.45305411393236783,0.7898961367371314,0.8103589187172016,0.8048743669549144,0.7934552063666498,0.7881796737471236,0.7471973046249352,0.7304266035781749,-0.41505968340996174,-0.5370892849980584,0.7440179127445575,0.8880862565709906,0.915924470233958,0.9317813420647225,0.9082658100531024,0.8261055329605322,0.8951957461598367,0.9095517410667971,0.9091644499137983,0.8435932596703902,-0.03261896766665065],[0.9965815496530697,0.9924593276021216,0.990068568052913,0.9969293902173282,0.9986490339897875,0.9799185390706167,0.9992787797600189,0.9999984341482863,0.9752092637413923,0.9999979942168125,0.9999985130575005,0.9998059120763773,0.9999977176862077,0.9999956431212884,1.0,0.999523945224491,0.9973853867156242,0.9995386153464402,0.9999192223274691,0.9999185066780026,0.9999695524579888,0.9999978055721556,0.9912305610723293,0.9761048335421516,0.9955782824909715,0.9577292380503513,0.9953499792656646,0.9920825045484315,0.9760516698298475,0.9518492732476482,0.9911784011661999,0.9940689549769413,0.9928514216881361,0.9752796086185658,0.9995102067621319,0.9996164386805199,0.9997153179228959,0.999782618843497,0.9993900043243664,0.999561203849135,0.9984227906225431,0.9989934597710154,0.9995836964655299,0.9994624737400561,0.9808706919417441,0.9456107890305018,0.9564268204751697,0.9622644265844419,0.9471448980708453,0.9133430257070706,0.9583941067482362,0.947115328281365,0.96052438113398,0.9622042243318651,0.9521200379703275,0.9810493319479012,0.9806563051726546,0.991728740354382,0.9965704111324794,0.9526532154031944,0.9625654204000729,0.9699398392275763,0.9733693783146569,0.9716535611148605,0.9549418753612672,0.9002906474792819,0.9571558489438411,0.9585756681723823,0.9441805317518704,0.8815415668256383,0.9697075460910304,0.9450260556826557,0.968302544370433,0.9532349647368734,0.8092567420714898,0.8753774743109706,0.8120972741935809,0.8882529775398803,0.9049166675415626,0.9111134932119795,0.8925023454031015,0.9012659777024764,0.4261653988943496,-0.5521460626220801,0.9628567371224647,0.9487135620138872,0.9486056936757943,0.9550989820871203,0.9573094023303496,0.9689177868869149,0.9689705545302396,0.9197186519014645,0.9656207000373691,0.8597453102854944,0.8089339591296287,0.9553932396468067,0.9510953228503037,0.8257837403507942,0.9579103254654092,0.9588719074777329,0.9020818281491023,0.9788056297948358,0.8359300079145325,0.5396235525748954,0.7216677444939699,0.8591628601088701,0.8517427370857481,0.8417180923937508,0.9840807220646113,0.9842381836305887,0.7768696883784122,0.7435248457966461,0.7834085125716873,0.4531068886601172,0.78108725007715,0.7924020283940273,0.787510926741675,0.7911974538080192,0.7881725800961439,0.7476990796119479,0.7309397090723514,-0.3274226630830859,-0.47850703275218653,0.7453995563178127,0.8880184936727271,0.9187133037282921,0.9353875318894894,0.9079859532254969,0.8268799827993603,0.9049444549132551,0.9203509956722087,0.9191006878518297,0.7675696975178663,-0.06524093156225895],[0.9978399597659433,0.9943637681618082,0.9896160573758889,0.9980609992811351,0.999105106747476,0.9796021026397079,0.999895802974831,0.9994004936783561,0.9734830891995022,0.9997189728903835,0.9997064557383063,0.9996945317630767,0.9994421313002094,0.999617738803018,0.999523945224491,1.0,0.9985750288099131,0.9998677078376473,0.9995989786629593,0.9996030195460943,0.9997942739986485,0.9995893927089029,0.9909651885173062,0.9752663606095161,0.9944019828216898,0.9514186082131744,0.9940538937032755,0.9934817414541851,0.9746238937203442,0.9526358283994124,0.991498427298235,0.9925820507608307,0.9936204795411315,0.977129953806996,0.9993212182305311,0.9997476303497834,0.9997451838588349,0.9996181397647504,0.9996623893868641,0.9997117004800181,0.99894093725739,0.999632836150867,0.9995447550716074,0.9993254061718,0.979729189683924,0.9444265695308195,0.9583176014278405,0.9603478105884207,0.9482440079196557,0.919074692582798,0.9602191255581503,0.9511565641282388,0.9626113752812709,0.9658293968612168,0.9558036716315815,0.9828062439120446,0.982404424583017,0.9925605406245701,0.9961179001097031,0.9567321068515544,0.9659350075348967,0.9742564876564054,0.975748244806536,0.9757347811746406,0.9575186504132119,0.9049148769457042,0.9603508715093905,0.963218089862757,0.9485891790996418,0.8885443447091881,0.9720461270723916,0.9494431917189349,0.9721870435485193,0.9571728078358763,0.8166619498754691,0.8804240469990451,0.8160643907626466,0.8933226592428546,0.9093736992611661,0.9136164995189004,0.8958901257820179,0.9059839701676569,0.4365392412443078,-0.5494218858408803,0.9659617149679729,0.9532271002862037,0.9530194502483595,0.9587184400349368,0.9606773909579476,0.9717855679736923,0.97185651390661,0.9234284185304584,0.9701806625195475,0.8661787676544767,0.8106309172816238,0.9477117104552922,0.9441492339636146,0.8280283165456309,0.9579554313834207,0.9587535851242411,0.9020435510136824,0.9757311721189209,0.8352152602989287,0.548874768065959,0.7263256077443213,0.859142300272