var element=document.getElementById("correlationClose");if(element.style.display!='none'){var correlationClose={"data":[{"type":"heatmap","z":[[1.0,0.9999914330091232,0.7294969018189075,0.9997703364286091,0.9983185408119423,1.0,0.9934380470526698,0.9906162660651968,0.9906162660651968,0.9938918810758852,0.9802248348488709,0.9888248018908768,0.9934684860846574,0.9935049907602448,0.6533489779070325,0.5452284929787227,0.1948609347719597,0.9941454557200123,0.9941472545680539,0.9862420894291059,0.9934658869280186,0.3433043215499666,0.7891871439015709,0.9848806453274169,0.9848806453274169,0.9848640231950326,0.9823042598041346,0.2943306575691204,-0.14772302589442532,0.9888816931867755,0.9888450187718779,0.22416539025505647,-0.24324114743368713,0.9951833075264054,0.9954140984782982,0.8740332504626979,-0.3290314885648097,0.991801950117838,0.9955570327853694,0.6267502374469686,0.17512241468751635,0.9952960954810052,0.9952976405510731,0.9952960954810052,0.9190414945118915,0.6692541142765412,0.9428554255668348,0.945085428131796,0.8768507307115703,0.3915068313596622,-0.19414433355311922,0.24735134064273315,0.9563368533721748,0.3543971492661515,0.9757465139233313,0.9733938386467359,0.9822240275412303,0.9889669522494509,0.9428508411693883,0.9541813591230274,0.9531852008209283,0.9448181984502533,0.9505538878256761,0.9511763560710436,0.9505538878256761,0.9108818378312893,0.9313380689746076,0.9321588039615588,0.9313380689746076,0.9403624129108957,0.8276584372169586,0.9141914734787369,0.9153865203601907,0.9141914734787369,0.7659707581338776,0.4715691657737697,0.7590295112560024,-0.5017597828094197,0.6662325943234201,0.6717799863497048,0.6725083772205763,0.6717799863497048,-0.05171237558323051,0.9284182236602307,0.9564557387087326,0.9437717420446449,0.9441504997069979,0.209644921568823,0.9226898615411925,0.9232351657154982,0.9226898615411925,0.9255745618408272,0.9255745618408272,-0.10138440639009677,0.6101063716644068,0.11686053818695745,-0.7369935219440688,-0.6165199452160708,-0.6202906109206165,-0.18547775980646272,0.16309291086756697,0.1701435946597363,-0.06973324048928402,-0.6249113429282266,-0.06509710650520559,-0.7968823868017073,-0.3332324288844228,0.18991801465612754,0.19208773777526061,-0.5934753540986492,-0.5619960665951786,-0.3204815706087025,-0.5366985817373712,-0.805734007281929,-0.44298544078737445,-0.43641686314371414,-0.44298544078737445,-0.2709455559813243,-0.397683859650485,-0.397683859650485,-0.7943184392298503,-0.7943184392298503,0.5346757074885417,0.6407305698504371,0.8471735048987098,0.845422719423055,0.7588895557052997,-0.36287598440635466,0.7497520666535546,0.7685896964942057,0.7686756862293916,0.7685896964942057,-0.13590860055575074],[0.9999914330091232,1.0,0.985611818796934,0.9996136102270877,0.9965219303930338,0.9999914330091232,0.9873499101229503,0.983263871156046,0.983263871156046,0.9873024492802027,0.9786692114050561,0.9879552378427773,0.9873811936252863,0.987249299893154,-0.09078728924415604,-0.18409722231857262,-0.49574043180333294,0.9899020876091037,0.9899041378963164,0.9874129575356388,0.9874208143360952,-0.2231730299054365,0.9835158042439147,0.9844544042037946,0.9844544042037946,0.9844737811889345,0.9824614515401117,0.06891204336827078,0.0871922890764186,0.9843941436979717,0.9844380205677007,0.6436494144017433,-0.0036940381499881445,0.9918849293270198,0.991882575143389,0.9924181310022101,0.9881640382293121,0.9911710474411972,0.991994397648867,-0.14023336203143424,-0.49952830027159856,0.9924325587363623,0.9924347279245739,0.9924325587363623,0.919032797089188,0.5305677805080884,0.9430991598113049,0.945191537706146,0.8764867987053311,-0.14388635452314172,-0.4407405398996798,0.8734542696642926,0.9133256375159488,-0.2529588546780545,0.9493457174494206,0.9494659023480965,0.9693882587437306,0.9795404895448765,0.9641913608044653,0.9685020654592297,0.956529299004107,0.958452636154686,0.9587651580912544,0.9590399258554771,0.9587651580912544,0.8980928953869564,0.8737207009499349,0.8746753074182402,0.8737207009499349,0.9650400423217186,0.9671815315929587,0.9651383602329981,0.9657604914425513,0.9651383602329981,0.7412891808175941,0.7058855272388187,0.7672298319382287,0.8112954585115434,0.7398269539671584,0.7582604115569482,0.7593708563858013,0.7582604115569482,-0.012526262490015386,0.9393644492104172,0.9540986777184889,0.9494238086545629,0.967868710098894,-0.34251289671176205,0.9367601175365123,0.9368722011993127,0.9367601175365123,0.9412451750169154,0.9412451750169154,-0.18162930150065953,0.6106700695656364,-0.3827777115792289,-0.816710432398558,-0.4797600039136904,-0.4840249653757465,-0.41489706304297186,0.28783316123107106,-0.287377285300383,-0.538845307652696,-0.7745570831710503,-0.38717428679152344,-0.46573689985323247,-0.4534807258147577,0.15778675919291021,0.15596320349813259,-0.4955242559736907,-0.4679191769127093,-0.49598508777599104,-0.5278099181376849,-0.5191652722248878,-0.4980637741460627,-0.5015391114347351,-0.4980637741460627,-0.3968875763130549,-0.5648770786460013,-0.5648770786460013,-0.5309137621076981,-0.5309137621076981,0.5346182315207716,0.3923182153208867,0.5300615657269472,0.6648358044912608,0.546435739993646,-0.44273637374678004,0.4424620643859917,0.3349703638793081,0.33521042174725335,0.3349703638793081,0.23674331946704866],[0.7294969018189075,0.985611818796934,1.0,0.7275491263256413,0.6800122402310353,0.7294969018189075,0.7062014307093367,0.7004352482311826,0.7004352482311826,0.6707823999426876,0.6488072908047866,0.994767672972416,0.7062239372057573,0.7062943093200084,0.33579037140709855,0.27343453799449646,-0.2537800547875346,0.6763955833448582,0.6763990894644162,0.6494693299080442,0.705932428672224,0.13186108872907554,0.8384509744372389,0.694481781338681,0.694481781338681,0.6942829134977889,0.990757528114321,0.26672684756436743,0.06992950967834118,0.6610693934612772,0.6607458129723667,0.5615945696055235,-0.09083704172901859,0.7012824710093524,0.6624713241182761,0.6632557936916784,0.2701599545512967,0.9936517792668361,0.662186352352781,0.31591356050574143,-0.2639109670599805,0.7185247788565907,0.6999612808380472,0.7185247788565907,0.9163613170378202,0.45082330164842555,0.9521318681951251,0.936919159472813,0.803128976820413,0.25375365131129834,-0.08849842002935907,0.06377167729163345,0.6183043638964845,-0.068526136033919,0.645891508745026,0.6337963141644273,0.6457284238730507,0.6105154247041172,0.06180912444072978,0.8476203578275198,0.7869143011894667,0.7268576615491106,0.7922001953969554,0.8006935085600989,0.7922001953969554,0.6452456109483772,0.724581696361664,0.7543682718237217,0.724581696361664,0.7692200989320481,0.7168518688190451,0.7700312606010974,0.8000199807250427,0.7700312606010974,0.5668136055569126,-0.07534878847917713,0.5782480451485033,0.08250255465569661,0.5305230751041122,0.27668923898410047,0.5670640079677052,0.27668923898410047,-0.09104214189007984,0.7129832528097393,0.9141221590836721,0.7682997460416592,0.8035257172542983,-0.10459325980072356,0.7397332327624818,0.7401145250510403,0.7397332327624818,0.7782080451487575,0.7782080451487575,-0.1919251021443018,0.7014048056484643,-0.17208882738331707,-0.7568481020108444,-0.4844142979446512,-0.4881802025002988,-0.4464975210562052,0.14277560469981113,0.013112365945671037,-0.38376627450535433,-0.7367605978442544,-0.1964663828508353,-0.3699237418748719,-0.313270509629932,0.0865910767735676,0.08624858748244066,-0.5186656406534876,-0.10749767500695112,-0.29344956292875846,-0.5354717695081049,-0.25630079272378026,-0.4410243557922359,-0.3281999722793106,-0.4410243557922359,-0.44387753307101957,-0.5734748030631915,-0.5734748030631915,-0.34405212045822786,-0.34405212045822786,0.49179887814965917,0.26371843309160997,0.3212963118380794,0.5614351835985005,0.3530422827314974,-0.409580602289265,0.017228444961437318,0.47428420585581355,0.5640782925247156,0.47428420585581355,0.03333408164151866],[0.9997703364286091,0.9996136102270877,0.7275491263256413,1.0,0.9990263844163214,0.999770336428609,0.9944070166400248,0.9919821984918877,0.9919821984918877,0.9950477557796791,0.9787817233685031,0.9912920629555735,0.994428884663798,0.9944450841415716,0.6524107137837117,0.5437737678854101,0.18109941598174106,0.9949526826865316,0.9949548582417985,0.9862298298621719,0.9944177230021869,0.3349567644685063,0.7932127818343729,0.9870173145818224,0.9870173145818224,0.9869997877907921,0.9864229925642927,0.29011297426873717,-0.15325948184702673,0.9880610197514043,0.9880310879997938,0.21636377060284925,-0.24360270275905277,0.9955203619808919,0.9959473632002454,0.8459936043501646,-0.33279169617128207,0.9935809749323523,0.9962796161755415,0.6252972893319918,0.1611229066039142,0.9938709964706643,0.9955581732241567,0.9938709964706643,0.9173583435282672,0.6585036796185305,0.944732123227077,0.9424709062297274,0.8647339372700986,0.38739645056890537,-0.19802589318776007,0.2430796001262404,0.9518914177054254,0.3399575391070552,0.9716625382927185,0.9709116657558232,0.980243998846488,0.9886269739795344,0.9275575031161831,0.9500671206268941,0.944307948978617,0.9422831348985062,0.9389492173368927,0.9397610193893402,0.9389492173368927,0.905587596829259,0.923343910212165,0.924245423251215,0.923343910212165,0.9381591943935659,0.7831299597771242,0.8856008302710563,0.8868844165744248,0.8856008302710563,0.761018166802084,0.21546211148120167,0.7527732515379588,-0.506597724988621,0.6631497267229974,0.4115702114540885,0.6475855074100172,0.4115702114540885,-0.056823515965527,0.9251841882095918,0.9521635235101524,0.9389583428535976,0.9272384760905191,0.19651179324424806,0.9200340681223518,0.9206909796040853,0.9200340681223518,0.9122488299443897,0.9122488299443897,-0.10526300969047832,0.6257331020511476,0.12203824714166076,-0.7448492967428012,-0.622169419814354,-0.6258728111411751,-0.19580196698042165,0.1593992319693667,0.16449951535085577,-0.08148480116339478,-0.6345556478318819,-0.07006866114411578,-0.8013401778641387,-0.3397384048977705,0.18155359359842044,0.18378439861733972,-0.5988968360115535,-0.55889307810996,-0.3204195650045697,-0.5450530285776689,-0.8064894382868631,-0.4433251147170267,-0.43728403350331363,-0.4433251147170267,-0.27784104141275856,-0.40548096864021027,-0.40548096864021027,-0.7933938595639063,-0.7933938595639063,0.5269394608670345,0.6310995637310909,0.8397577907961441,0.8384490060608272,0.7527712945399154,-0.3738288838919857,0.7415125456188558,0.7602923841652135,0.7603830673511753,0.7602923841652135,-0.12178132848563557],[0.9983185408119423,0.9965219303930338,0.6800122402310353,0.9990263844163214,1.0,0.9983185408119423,0.9974910217963173,0.9963800876958165,0.9963800876958165,0.9977085830730068,0.9736881374630603,0.9969007821772327,0.9975072408865745,0.9975263182216338,0.5234401889509807,0.38870782214193456,-0.024017893711195414,0.9978243866528432,0.997826475939326,0.9888657338673206,0.9974954223858854,-0.022968371968694255,0.7833934424599742,0.9936208303350345,0.9936208303350345,0.9935875636595561,0.9920658399339961,0.07099182585384747,-0.13658535597990493,0.9873821634870834,0.9873123925584374,-0.0733225253359007,-0.1541540844737495,0.9978578111999284,0.9977762919662126,0.8441071867729908,-0.4393887943338633,0.997923133174951,0.9981347220889708,0.48207695835392494,-0.04780924442330972,0.9978126401570909,0.997818913035775,0.9978126401570909,0.9278988129255167,0.6291013176917979,0.95002209801621,0.9394617462622935,0.8452615776105703,-0.030749381809328437,-0.5799724520083505,-0.10971211682393832,0.9443487463505049,0.1986309993640579,0.9708006294030969,0.9708674674168711,0.9840755399239512,0.9894656834946235,0.927686292986628,0.9352911744486981,0.9351893787795048,0.9317428200934177,0.9336130329781556,0.9340143082183977,0.9336130329781556,0.8860519655042998,0.8892067672450581,0.8902242272435548,0.8892067672450581,0.9288314459100299,0.8610582734394913,0.9122044596982131,0.9129691216710802,0.9122044596982131,0.7300433914705741,0.6447799288257214,0.7243634929501764,-0.5001005256557375,0.7070048639466315,0.6919323231900485,0.692071331474405,0.6919323231900485,-0.057863093675596694,0.9105709428539642,0.9332893181714559,0.9209928860888942,0.9342166750078188,0.043684853822321235,0.9089273253973971,0.9098409502389027,0.9089273253973971,0.9129648864344864,0.9129648864344864,-0.13900886080765007,0.6671140828540554,-0.022922746828774744,-0.7677862311117442,-0.6615201261324254,-0.6627507487415635,-0.22162066845928347,0.18254431003301683,-0.21450875674478098,-0.31618439476022236,-0.6906752633378862,-0.4120342951582875,-0.8347307378540963,-0.5928367170381351,0.1545818796055467,0.15669959458248153,-0.6207136276662202,-0.5565406550237875,-0.5724708894735294,-0.5786738664342415,-0.7591342947785066,-0.6189465144603039,-0.6222360371401549,-0.6189465144603039,-0.3096454099781232,-0.4327131426699788,-0.4327131426699788,-0.7311312183680009,-0.7311312183680009,0.5134898546347846,0.6179779949044635,0.8067693921039333,0.8155105573139533,0.7474174561236093,-0.48924804439194686,0.6361975566338333,0.6684909066681551,0.6687096692879765,0.6684909066681551,0.10419520017494745],[1.0,0.9999914330091232,0.7294969018189075,0.999770336428609,0.9983185408119423,1.0,0.9934380470526698,0.9906162660651968,0.9906162660651968,0.9938918810758852,0.9802248348488709,0.9888248018908768,0.9934684860846574,0.9935049907602448,0.6533489779070325,0.5452284929787227,0.1948609347719597,0.9941454557200123,0.9941472545680539,0.9862420894291059,0.9934658869280186,0.3433043215499666,0.7891871439015709,0.9848806453274169,0.9848806453274169,0.9848640231950326,0.9823042598041346,0.2943306575691204,-0.14772302589442532,0.9888816931867755,0.9888450187718779,0.22416539025505647,-0.24324114743368713,0.9951833075264054,0.9954140984782982,0.8740332504626979,-0.3290314885648097,0.991801950117838,0.9955570327853694,0.6267502374469686,0.17512241468751635,0.9952960954810052,0.9952976405510731,0.9952960954810052,0.9190414945118915,0.6692541142765412,0.9428554255668348,0.945085428131796,0.8768507307115703,0.3915068313596622,-0.19414433355311922,0.24735134064273315,0.9563368533721748,0.3543971492661515,0.9757465139233313,0.9733938386467359,0.9822240275412303,0.9889669522494509,0.9428508411693883,0.9541813591230274,0.9531852008209283,0.9448181984502533,0.9505538878256761,0.9511763560710436,0.9505538878256761,0.9108818378312893,0.9313380689746076,0.9321588039615588,0.9313380689746076,0.9403624129108957,0.8276584372169586,0.9141914734787369,0.9153865203601907,0.9141914734787369,0.7659707581338776,0.4715691657737697,0.7590295112560024,-0.5017597828094197,0.6662325943234201,0.6717799863497048,0.6725083772205763,0.6717799863497048,-0.05171237558323051,0.9284182236602307,0.9564557387087326,0.9437717420446449,0.9441504997069979,0.209644921568823,0.9226898615411925,0.9232351657154982,0.9226898615411925,0.9255745618408272,0.9255745618408272,-0.10138440639009677,0.6101063716644068,0.11686053818695745,-0.7369935219440688,-0.6165199452160708,-0.6202906109206165,-0.18547775980646272,0.16309291086756697,0.1701435946597363,-0.06973324048928402,-0.6249113429282266,-0.06509710650520559,-0.7968823868017073,-0.3332324288844228,0.18991801465612754,0.19208773777526061,-0.5934753540986492,-0.5619960665951786,-0.3204815706087025,-0.5366985817373712,-0.805734007281929,-0.44298544078737445,-0.43641686314371414,-0.44298544078737445,-0.2709455559813243,-0.397683859650485,-0.397683859650485,-0.7943184392298503,-0.7943184392298503,0.5346757074885417,0.6407305698504371,0.8471735048987098,0.845422719423055,0.7588895557052997,-0.36287598440635466,0.7497520666535546,0.7685896964942057,0.7686756862293916,0.7685896964942057,-0.13590860055575074],[0.9934380470526698,0.9873499101229503,0.7062014307093367,0.9944070166400248,0.9974910217963173,0.9934380470526698,1.0,0.9978288427533211,0.9978288427533211,0.9999735334943771,0.9693002934694187,0.9997467655181821,0.9999969679341715,0.9999941535900005,0.766280326212981,0.7469187127494484,0.1579976327715302,0.999880870775888,0.9998814412197633,0.99125867453387,0.9999971526921483,0.2652440014826749,0.7851530445544335,0.9869768262001792,0.9869768262001792,0.9886063115155497,0.9926611171002824,0.22921438968960986,-0.20028825211940018,0.991442256239968,0.9915898099342649,0.13489763092585685,-0.2824304034494454,0.9994178401613608,0.9995415140547689,0.5109258741914674,-0.28362833187701053,0.9992819727125465,0.9995276563530432,0.7378352717928683,0.13676558967625316,0.9520226720514681,0.9992019115705207,0.9520226720514681,0.9346285850091919,0.6363367149498803,0.9556282813223249,0.9383551548375519,0.8181282496733839,0.4291502590737561,-0.13470911146438289,-0.16211654728566272,0.9418719496304617,0.31608165594227167,0.9707470286746781,0.9688995598990722,0.9818697018607381,0.9951622134200613,0.030661926141493864,0.9038116634850761,0.8652062935579494,0.9038108765594142,0.8608263829968958,0.8285810195896862,0.8608263829968958,0.8551410075460071,0.8338033662077198,0.8249109564532244,0.8338033662077198,0.9004856898484271,0.47845355219938585,0.6624621183644411,0.7069312767022814,0.6624621183644411,0.6999546308167077,-0.3132924449731737,0.6825654317000538,-0.5759558884471591,0.601253791357956,-0.04028524063111933,0.5266771085913929,-0.04028524063111933,-0.09757379516260295,0.8796412071381653,0.9036328206152979,0.8901699945784904,0.8038509337718909,0.17066080054516494,0.8770575392189334,0.8780326292668865,0.8770575392189334,0.8130923318592855,0.8130923318592855,-0.17156100011225464,0.7038721033026037,0.2094175527614591,-0.7444467306966958,-0.657922909314747,-0.6612182316776962,-0.22936223231575678,0.11296748482209637,0.29404982285444403,-0.10140052795988429,-0.6385309326502414,0.0022334937849550905,-0.8286109887649469,-0.23357972736345153,0.12279299519666735,0.12506288503662064,-0.6373392801011768,-0.575197280879908,-0.15338741842740294,-0.6100828097227553,-0.8246405844296308,-0.43166884177650194,-0.27288400338389207,-0.43166884177650194,-0.335956089151211,-0.4381796707342377,-0.4381796707342377,-0.8166253822493797,-0.8166253822493797,0.511306010901198,0.6062211005647999,0.5255374863643264,0.8141898933537128,0.7464452020271642,-0.41681065273177526,0.08853611042408883,0.7439146873574173,0.7614519624756642,0.7439146873574173,-0.06687515830129637],[0.9906162660651968,0.983263871156046,0.7004352482311826,0.9919821984918877,0.9963800876958165,0.9906162660651968,0.9978288427533211,1.0,1.0,0.999644055515607,0.9641050814645509,0.9990267051338635,0.9985090332732545,0.9992827268300111,0.7625355987477846,0.7332293825490707,0.13712108817443427,0.9993019386339022,0.9993048606744832,0.9889832567797973,0.9993968692421864,0.24118158049700145,0.7876952996685025,0.9933834931995013,0.9933834931995013,0.9871599597643472,0.9907956074322226,0.2127130907323203,-0.21230597585791455,0.9878726001222807,0.9912931565946747,0.11729985019964351,-0.28799015133881345,0.9985161916865859,0.9985539104451429,0.4967034181703825,-0.2889868987532063,0.9978912152308825,0.9985571096646301,0.7341170739932027,0.11558011115729262,0.9460695600009875,0.9983579683587018,0.9460695600009875,0.9329831638835888,0.6230346348261425,0.9562249101121114,0.9376114384720885,0.8036612160438832,0.4174403084609349,-0.14821317673789727,-0.1728521325714613,0.9351419084436434,0.29708224694559904,0.9666070293146061,0.9646280345110816,0.9775856581210352,0.9940731073031601,0.02287481902659361,0.8970473773914618,0.854397114299652,0.898553331374476,0.8509987563556123,0.8192435452126378,0.8509987563556123,0.8471483814260398,0.8211835834611068,0.8149301921682138,0.8211835834611068,0.8953054402110969,0.4636814055459448,0.6473428546197589,0.6941525520596696,0.6473428546197589,0.6925991378531133,-0.3255257680395831,0.6736374633636659,-0.580960154408257,0.5968230089734998,-0.05891493645034566,0.5145519281148868,-0.05891493645034566,-0.10246456508726483,0.8737716989288212,0.8958288061376505,0.8828320457679161,0.7921760921057037,0.1535860354007235,0.8718035381566609,0.8729439968651721,0.8718035381566609,0.8013253116974054,0.8013253116974054,-0.1838906623114582,0.7218619200169573,0.21497372562653086,-0.7526962396032905,-0.6684448553981026,-0.671596728992085,-0.24241887282273697,0.1069601062492142,0.28698820274482445,-0.11930869676496474,-0.6495129939784902,-0.006807238423465019,-0.8328022401029409,-0.23988967319515714,0.10981258911442687,0.11212406908112237,-0.6468715279762031,-0.5756322505430477,-0.15999968447659502,-0.623483225371907,-0.8231200777624148,-0.44185229821961997,-0.278814050568862,-0.44185229821961997,-0.35061562090934284,-0.44975354355056013,-0.44975354355056013,-0.8136736674118348,-0.8136736674118348,0.49808980995713026,0.5917860543909202,0.508860918087988,0.7983809977882169,0.7355458822324983,-0.43544367432267866,0.07621714522199306,0.7263288962465203,0.7467381275832667,0.7263288962465203,-0.05058444721979547],[0.9906162660651968,0.983263871156046,0.7004352482311826,0.9919821984918877,0.9963800876958165,0.9906162660651968,0.9978288427533211,1.0,1.0,0.999644055515607,0.9641050814645509,0.9990267051338635,0.9985090332732545,0.9992827268300111,0.7625355987477846,0.7332293825490707,0.13712108817443427,0.9993019386339022,0.9993048606744832,0.9889832567797973,0.9993968692421864,0.24118158049700145,0.7876952996685025,0.9933834931995013,0.9933834931995013,0.9871599597643472,0.9907956074322226,0.2127130907323203,-0.21230597585791455,0.9878726001222807,0.9912931565946747,0.11729985019964351,-0.28799015133881345,0.9985161916865859,0.9985539104451429,0.4967034181703825,-0.2889868987532063,0.9978912152308825,0.9985571096646301,0.7341170739932027,0.11558011115729262,0.9460695600009875,0.9983579683587018,0.9460695600009875,0.9329831638835888,0.6230346348261425,0.9562249101121114,0.9376114384720885,0.8036612160438832,0.4174403084609349,-0.14821317673789727,-0.1728521325714613,0.9351419084436434,0.29708224694559904,0.9666070293146061,0.9646280345110816,0.9775856581210352,0.9940731073031601,0.02287481902659361,0.8970473773914618,0.854397114299652,0.898553331374476,0.8509987563556123,0.8192435452126378,0.8509987563556123,0.8471483814260398,0.8211835834611068,0.8149301921682138,0.8211835834611068,0.8953054402110969,0.4636814055459448,0.6473428546197589,0.6941525520596696,0.6473428546197589,0.6925991378531133,-0.3255257680395831,0.6736374633636659,-0.580960154408257,0.5968230089734998,-0.05891493645034566,0.5145519281148868,-0.05891493645034566,-0.10246456508726483,0.8737716989288212,0.8958288061376505,0.8828320457679161,0.7921760921057037,0.1535860354007235,0.8718035381566609,0.8729439968651721,0.8718035381566609,0.8013253116974054,0.8013253116974054,-0.1838906623114582,0.7218619200169573,0.21497372562653086,-0.7526962396032905,-0.6684448553981026,-0.671596728992085,-0.24241887282273697,0.1069601062492142,0.28698820274482445,-0.11930869676496474,-0.6495129939784902,-0.006807238423465019,-0.8328022401029409,-0.23988967319515714,0.10981258911442687,0.11212406908112237,-0.6468715279762031,-0.5756322505430477,-0.15999968447659502,-0.623483225371907,-0.8231200777624148,-0.44185229821961997,-0.278814050568862,-0.44185229821961997,-0.35061562090934284,-0.44975354355056013,-0.44975354355056013,-0.8136736674118348,-0.8136736674118348,0.49808980995713026,0.5917860543909202,0.508860918087988,0.7983809977882169,0.7355458822324983,-0.43544367432267866,0.07621714522199306,0.7263288962465203,0.7467381275832667,0.7263288962465203,-0.05058444721979547],[0.9938918810758852,0.9873024492802027,0.6707823999426876,0.9950477557796791,0.9977085830730068,0.9938918810758852,0.9999735334943771,0.999644055515607,0.999644055515607,1.0,0.9684967743935038,0.9997158836170353,0.9999743069681796,0.9999766601665169,0.5793362706634282,0.4482151196892083,0.03531491673295116,0.9998423708070013,0.999843399309392,0.9912155352478573,0.9999719032346953,0.03483880100333015,0.7714977266530102,0.9957425378768255,0.9957425378768255,0.9957092412925693,0.9926243677902117,0.05987672409615171,-0.1447535881432048,0.991114691648798,0.9910730244829581,-0.050876274239634194,-0.24638866549178423,0.999483078300964,0.9994425874525662,0.8458046076811665,-0.4420601555663233,0.9992353357276634,0.9995023786053258,0.5401000278162321,0.011565417822591783,0.9993717361457456,0.9993767999046763,0.9993717361457456,0.9345577361795431,0.636681879125759,0.9556276102295723,0.9382779990124146,0.8178654506080822,0.059885236013080975,-0.5385565182452572,-0.07251790216086114,0.9391052892386101,0.2613857409915354,0.969091343012722,0.9688661027823959,0.9843301560949489,0.994460744462222,0.9055931120393447,0.9048555777208098,0.9141294109473544,0.9050939553653423,0.912479058740787,0.9129729778447864,0.912479058740787,0.855535071287751,0.8720748721696081,0.8731583962292161,0.8720748721696081,0.9020488139307058,0.8294826629641177,0.8877847965825528,0.888678108105915,0.8877847965825528,0.7004625555960681,0.584585759641382,0.6834619310502325,-0.5615853662463008,0.6494881884296478,0.6242325234042124,0.6242275335758357,0.6242325234042124,-0.04469522906796451,0.8808940031536462,0.9038330923532003,0.8908686254055727,0.9126508690834031,0.08352253545654396,0.8821125812874918,0.8835377872383041,0.8821125812874918,0.8863012697894701,0.8863012697894701,-0.1729490359989217,0.7044660713495839,0.005238937008045596,-0.7557403226170768,-0.6877075225545498,-0.6893258944927555,-0.23269688607516173,0.11710166078518107,-0.2181528930775484,-0.28200093040844654,-0.6734145656057738,-0.43678794361473533,-0.8563980442844483,-0.6243572315549528,0.12247491827548772,0.12472311058708627,-0.6385872453658679,-0.571223095023674,-0.5828172120657503,-0.611333552252544,-0.7870629001903462,-0.6415993379675389,-0.6441327565938706,-0.6415993379675389,-0.33797198641784515,-0.441618049531155,-0.441618049531155,-0.7687515151843269,-0.7687515151843269,0.5118005613180454,0.6046440740415274,0.8171968867892034,0.8237199206272667,0.7445509198525715,-0.44254152238515876,0.6622689704777686,0.6925081603034202,0.6926998089806055,0.6925081603034202,0.16974171427499157],[0.9802248348488709,0.9786692114050561,0.6488072908047866,0.9787817233685031,0.9736881374630603,0.9802248348488709,0.9693002934694187,0.9641050814645509,0.9641050814645509,0.9684967743935038,1.0,0.9592147339310781,0.9693177631976684,0.9690999982334045,0.31084055728736615,0.18279135249644773,-0.20233190674005264,0.9727304630912865,0.9727143766288242,0.969403174015006,0.969396908615571,-0.0648890769956035,0.8089114565637919,0.9704117717460173,0.9704117717460173,0.9705499208977465,0.9306362076093705,0.1467998928214392,-0.132408659696272,0.9740641900844443,0.974147246287783,0.08541316357042801,-0.03891070310994825,0.9755297662472371,0.9757190555099826,0.9092552620095514,-0.3032048547922264,0.9654830007949368,0.9749203559286518,0.2652089414665783,-0.22122674167185513,0.9763958759817685,0.9763706933143094,0.9763958759817685,0.8650255197573208,0.4582695789258022,0.8904551677209174,0.9329377786122958,0.898014727786292,-0.4222880183844392,-0.655307181022413,-0.12909768675070055,0.9136203587393004,-0.050283077448000486,0.9358662956904208,0.9359187711460187,0.9503570922476303,0.9720179830189837,0.9088516140236652,0.9129218511549649,0.9171804372844805,0.9114165682754344,0.9114083354801634,0.9118374711851571,0.9114083354801634,0.8768934040971693,0.8493502717405306,0.850387981353096,0.8493502717405306,0.9081910193886823,0.9193025843588631,0.9065670146855507,0.906954011164733,0.9065670146855507,0.7696827589196028,0.7203051485018047,0.7706197775351241,-0.19385352075626155,0.7788712500146912,0.7917062693301826,0.7935474188844011,0.7917062693301826,-0.18404868150188775,0.9063434632128597,0.9496397676325731,0.9178751169768263,0.9187815745611204,-0.07989355937919691,0.9013381422235168,0.9019851979863198,0.9013381422235168,0.9068807067892726,0.9068807067892726,0.018988314023832522,0.4644618549868641,-0.16764403098016187,-0.707019163757981,-0.4713827890924818,-0.4742537338349005,-0.1193439589383881,0.43707206088387207,-0.025946894837860474,-0.25940947117141094,-0.610538962251396,-0.15581557369480553,-0.7792597872587185,-0.3194938640203023,0.30962079011050125,0.31011808459891177,-0.439198547332472,-0.42858346698515626,-0.4105634628980708,-0.42328447194092084,-0.6442539411185829,-0.4287431679787694,-0.43137649458316235,-0.4287431679787694,-0.17952893247733331,-0.48488245800611934,-0.48488245800611934,-0.5426387398266116,-0.5426387398266116,0.6265056888503625,0.6579325998313328,0.7637696029129506,0.7378233635358771,0.8127574901865641,-0.5236179194679574,0.46507737064750077,0.5475098441348966,0.5478657721293126,0.5475098441348966,-0.07519473507797617],[0.9888248018908768,0.9879552378427773,0.994767672972416,0.9912920629555735,0.9969007821772327,0.9888248018908768,0.9997467655181821,0.9990267051338635,0.9990267051338635,0.9997158836170353,0.9592147339310781,1.0,0.9997453753928158,0.9997216373165863,0.029075110430048477,-0.07646247924439062,-0.5615783642430521,0.9998434199573686,0.9998449665439054,0.9997489827098129,0.999748306677292,-0.30477820555681895,0.9752551223978393,0.9951472863883444,0.9951472863883444,0.9951323673597158,0.9938322834757715,0.06480927562942893,0.05660756564468621,0.9933137461522944,0.9933636739268583,0.7130491632187578,-0.07289942659309462,0.9992628009346005,0.9992319381971727,0.999123691045275,0.9995245540542381,0.9995472424046866,0.9992832326331419,-0.027559373752894765,-0.5683872754538645,0.9990896932032018,0.9990946483462145,0.9990896932032018,0.9302297051341157,0.49467009742800017,0.9520350194201225,0.9348378288220903,0.8175801101045223,-0.2813207996575724,-0.5585266742421029,0.8556648490113603,0.8824643973086987,-0.3362627961786149,0.946743003126753,0.9469124358550066,0.9758911863750649,0.994271757396546,0.9217937486461223,0.9261187825144973,0.9062818456400913,0.911664945376513,0.9097284042783595,0.9101195275711685,0.9097284042783595,0.8295153597965066,0.7996432327603404,0.8008733762160936,0.7996432327603404,0.9274108708781237,0.9318758143063129,0.926516326937577,0.9272531414514966,0.926516326937577,0.6499962175043926,0.6067197645338551,0.6758909874420984,0.7343788029085123,0.6544156935947233,0.6774826500022249,0.6794358275524491,0.6774826500022249,-0.1846850386203047,0.8820392134512894,0.904969229266034,0.8968818383314862,0.9271719649263329,-0.36343219921263337,0.8785469343568384,0.8787117268450838,0.8785469343568384,0.8848897861199605,0.8848897861199605,-0.22259179217790034,0.699243893293907,-0.4047702857681151,-0.8318033461017376,-0.5487554328406973,-0.5521266497722668,-0.45257455258715623,0.2505697354431453,-0.32075141541614305,-0.5672659313614995,-0.7943571686603077,-0.42600214067711695,-0.5792085175425243,-0.502268869186408,0.11463143661700713,0.11312882643998033,-0.5622362640636593,-0.5383897090043757,-0.5600229576795345,-0.5961678483884774,-0.5888033638284822,-0.5632035516505262,-0.5665178456008187,-0.5632035516505262,-0.4593499077198436,-0.6474992525928508,-0.6474992525928508,-0.6357026103776054,-0.6357026103776054,0.507569142746186,0.3701483149652926,0.5122080965952427,0.639478646728805,0.5506733491139862,-0.5692156394526037,0.3874064127886712,0.3143593021477304,0.31463462973991724,0.3143593021477304,0.30070393725218764],[0.9934684860846574,0.9873811936252863,0.7062239372057573,0.994428884663798,0.9975072408865745,0.9934684860846574,0.9999969679341715,0.9985090332732545,0.9985090332732545,0.9999743069681796,0.9693177631976684,0.9997453753928158,1.0,0.9999957233266809,0.7662642282941772,0.7303314683938763,0.1580338997244262,0.9998820625007039,0.999882524886569,0.9912855401397132,0.9999976495936949,0.26551979393246794,0.7852102644602421,0.9917179236743321,0.9917179236743321,0.988600808226337,0.9926604329426431,0.2294472721939854,-0.20023441188061547,0.9915050250142569,0.9915954246591432,0.1351004998261801,-0.2824028004518098,0.9994187660977851,0.9995432722579524,0.5109067363766921,-0.28343717623228315,0.9992812187877278,0.9995328134409887,0.7378044925316956,0.1368073930444113,0.9520113384334189,0.9992032778420551,0.9520113384334189,0.9346158176060281,0.6364445221899697,0.9556657095538966,0.9383843782844548,0.8181787606563856,0.42948348011004606,-0.1343211212280126,-0.16179289013849496,0.9419206227983824,0.3161284211929948,0.9708160104953615,0.9689356013423304,0.9819374678715446,0.9951721933720152,0.030830894447228977,0.9039182854567025,0.8652796318689144,0.9039082454754093,0.8608975281973731,0.8285383860909498,0.8608975281973731,0.8552283171921712,0.8338452400649706,0.824866404170373,0.8338452400649706,0.9006048847781957,0.4783562605473641,0.6624655204348989,0.7068629636741531,0.6624655204348989,0.6999538437956239,-0.3133073686758761,0.6825858370516125,-0.5758606707661085,0.6011938577785728,-0.0403974115381934,0.5267075845019815,-0.0403974115381934,-0.0976952718521946,0.8797170783872995,0.9037262129169369,0.890248630842891,0.8038449838297257,0.17070317291546838,0.8771316173669603,0.8781029097625572,0.8771316173669603,0.8131450957288917,0.8131450957288917,-0.17150444220517608,0.7038571459812025,0.2095141909083995,-0.744483318538833,-0.6578472716147216,-0.6611470777598877,-0.22943735121315648,0.11287508229391227,0.294199188095761,-0.1013965920811976,-0.63858652508554,0.002461523823217151,-0.828387636194557,-0.2333274329164158,0.12287116000735797,0.12515395744777646,-0.6373194274309852,-0.5750039793547221,-0.15317619686980266,-0.6100418305203773,-0.8245463139133256,-0.43147908720936284,-0.27271036313887387,-0.43147908720936284,-0.33581553558217586,-0.43815563520382195,-0.43815563520382195,-0.8165758850364399,-0.8165758850364399,0.5116396903211577,0.6063172497110869,0.5257484539898998,0.8143996625444868,0.7464835099422447,-0.4166333110152702,0.08878419781901468,0.7441301660957245,0.7615479499992642,0.7441301660957245,-0.06690706079205241],[0.9935049907602448,0.987249299893154,0.7062943093200084,0.9944450841415716,0.9975263182216338,0.9935049907602448,0.9999941535900005,0.9992827268300111,0.9992827268300111,0.9999766601665169,0.9690999982334045,0.9997216373165863,0.9999957233266809,1.0,0.7526398615774748,0.662142988763701,0.1582017219134487,0.9998850137266149,0.9998853534934609,0.9914004805569038,0.9999955322508455,0.26617895365964667,0.7850414166592247,0.9946223043432922,0.9946223043432922,0.9945453347186125,0.9925766404204527,0.22972755903057546,-0.20025709457525398,0.9924655898120416,0.9925046481869839,0.13581056980511466,-0.2822430087803655,0.9994605050210001,0.9995431593803007,0.5100270518671032,-0.28279095633885903,0.9992480332668398,0.9995346747525464,0.734166522604651,0.13699417492578103,0.9516272869025778,0.9992494999001577,0.9516272869025778,0.9347948018789218,0.6370278634142084,0.9557067999164025,0.9383883827196243,0.8179293629842684,0.4307026366196328,-0.1329505987747472,-0.16203607819592253,0.9421956126775415,0.3163916207517372,0.9711616953771823,0.969187244039841,0.9821613344379372,0.9952181716377283,0.029880262340361417,0.9041136409244195,0.8651700239368653,0.904071307866061,0.8608131835064757,0.8281257840623891,0.8608131835064757,0.8553773397916952,0.8337327602234681,0.8251141634811139,0.8337327602234681,0.9008372586114524,0.47773264616367855,0.6620187463169591,0.7068324570060501,0.6620187463169591,0.6998196490061653,-0.3143849613210352,0.6825360777172454,-0.5760892373131358,0.6008785475939814,-0.04131051881425719,0.5263792046727873,-0.04131051881425719,-0.09768572563626014,0.8798039996228982,0.9035281461497859,0.8903514262239483,0.7978416939695533,0.1710793852276669,0.8771718666315682,0.8781347666849929,0.8771718666315682,0.8129502333218539,0.8129502333218539,-0.17267635087418254,0.7045691158438872,0.20998309263717194,-0.7444328535783197,-0.658162108848431,-0.6614656792198659,-0.23037056195957983,0.11184005685653807,0.29453841423760635,-0.10170592870375463,-0.6387092239329837,0.0025838037503303343,-0.8277365103761677,-0.233147244346655,0.12204013993286518,0.12432281710577198,-0.6378323480740967,-0.5751843483711195,-0.15263422927989065,-0.6109940251995231,-0.8246037349829477,-0.43141349726946926,-0.27219506798301196,-0.43141349726946926,-0.3365787004275104,-0.4385288533111366,-0.4385288533111366,-0.8169238356990014,-0.8169238356990014,0.5116995323468106,0.6060275766048199,0.5253298609548104,0.8147968769950152,0.7460148592739484,-0.41624958926822875,0.08819203870219905,0.7445420749325675,0.762150556318433,0.7445420749325675,-0.06668840337241318],[0.6533489779070325,-0.09078728924415604,0.33579037140709855,0.6524107137837117,0.5234401889509807,0.6533489779070325,0.766280326212981,0.7625355987477846,0.7625355987477846,0.5793362706634282,0.31084055728736615,0.029075110430048477,0.7662642282941772,0.7526398615774748,1.0,0.990487483025476,0.43423373214964606,0.7247724502380145,0.7247259431859687,0.6289636489203353,0.7509188865284401,0.33762034117752915,0.28858357586724365,0.7396330785182946,0.7396330785182946,0.722997087060519,-0.3688836059278616,0.19301994311724913,-0.15369700627023006,0.8016759836955623,0.7977296956006048,0.1633272402401808,-0.20147791156519493,0.759975094133544,0.611372859888187,0.22620013828738914,-0.3169162928451326,0.04261295524601771,0.568924358342355,0.9982658311842533,0.41772514784848336,0.6839938277461571,0.7594106167534986,0.6839938277461571,-0.021582778974094986,0.481172636359969,-0.427060506742949,-0.44867996684501227,-0.13916751930064933,0.3839272938132866,-0.05156758480566237,-0.2127162309972963,0.5961974558838767,0.39305044798102073,0.7638453297432946,0.5996488664058418,0.7140828570730254,0.7400253834882742,-0.11217930768444336,-0.037271727618698874,0.47774340063919984,0.30496482878946074,0.4663093416127465,0.5719712712670368,0.4663093416127465,0.1779581166991863,0.46833994938190426,0.5606768944761561,0.46833994938190426,0.217932871902815,0.19513211058172839,0.33470668569527096,0.4574063495105471,0.33470668569527096,0.14564885511660564,-0.3558724806447487,0.08104501303100901,-0.6323243348000714,0.15092063724229296,-0.15074751733057518,0.22503543784416974,-0.15074751733057518,-0.1597070030337978,0.25251143510406504,-0.18701133355960597,0.024370825251479558,0.5760281807439488,0.4277416631371503,0.33852405054863893,0.3456786583902882,0.33852405054863893,0.4208377655266375,0.4208377655266375,-0.20535589498079582,-0.005726909944520701,0.2449213438600383,-0.19468805223315128,-0.4725141782959877,-0.4738758507713032,-0.005871224401908438,-0.06685924457440337,0.3534329727466945,0.157929473675478,-0.10515159572719712,0.1286545156883176,-0.6893726751947749,-0.06610062964577276,-0.02756329022136092,-0.027703809336533304,-0.4380891507969022,-0.45070068286228526,-0.013730394203752543,-0.2602680273523474,-0.7306047706810402,-0.2621568044091485,-0.12670269508791143,-0.2621568044091485,-0.12226755485427168,-0.13805566451212314,-0.13805566451212314,-0.7262016115104648,-0.7262016115104648,-0.1862441829355044,0.38939642484690873,0.4467711602664669,0.6736052271353784,0.4652715906372572,-0.19791618742528017,0.045857094069757826,0.6904542751844475,0.7206574497254057,0.6904542751844475,-0.15970631413655673],[0.5452284929787227,-0.18409722231857262,0.27343453799449646,0.5437737678854101,0.38870782214193456,0.5452284929787227,0.7469187127494484,0.7332293825490707,0.7332293825490707,0.4482151196892083,0.18279135249644773,-0.07646247924439062,0.7303314683938763,0.662142988763701,0.990487483025476,1.0,0.4454694247121346,0.6233341702531039,0.6232781030909755,0.5029910942291669,0.6601500130951118,0.34394120933041206,0.18998780929802642,0.698256562961468,0.698256562961468,0.6299086891639586,-0.4321906989510039,0.195920494676848,-0.11064196458561644,0.7829993730642553,0.7167346955238194,0.19018958293821073,-0.14605524094245775,0.6710524559452857,0.4840214534672161,0.1818637945250174,-0.27797240524086575,-0.0655931589205427,0.43720263518804636,0.9924329309847492,0.4315567740318726,0.5969914046178132,0.6705559206208502,0.5969914046178132,-0.10875974030011452,0.41529181675908267,-0.47433048275070183,-0.48746305827195036,-0.20293246241060142,0.3489827753958097,-0.028621359623277415,-0.21568683243369471,0.47917874718902076,0.364825454023485,0.674242203630881,0.4765237397057379,0.6091613355513388,0.6347198677846599,-0.14166412100947817,-0.14614632708325404,0.3884150915420894,0.17957240746016173,0.37584802392008704,0.518166303391287,0.37584802392008704,0.05779963459470112,0.3820965631630369,0.5022914506799532,0.3820965631630369,0.094798654407418,0.16845074704056306,0.27855676401295687,0.41882094125