var element=document.getElementById("correlationAdjClose");if(element.style.display!='none'){var correlationAdjClose={"data":[{"type":"heatmap","z":[[1.0,0.999994548154105,0.9864268455959124,0.9999338604607304,0.9991794808637285,0.9836620590420052,0.9978693310317769,0.9963222192786978,0.9710068955643101,0.9965246001456417,0.9946640861744417,0.9939582516760578,0.9964188430482118,0.996450867850372,0.996364334587877,0.997736702793704,0.9980580949418307,0.9983373257179149,0.9968706161302306,0.9968822732616803,0.996849420321393,0.9963884387419972,0.98838206719272,0.9734264450800247,0.9907255088399267,0.9599606546770585,0.9898660858598408,0.9870925288564616,0.9709462117541572,0.9570220768660396,0.9924055604081071,0.9938847079005517,0.9928637884382514,0.9791656619450188,0.9977837895875293,0.997905927355821,0.9976132048165047,0.9965009321736391,0.9955695642055077,0.9977927762611781,0.9986612576165456,0.9986946178238538,0.9977635012344955,0.9977737114574947,0.9779755191523335,0.9248058797403909,0.9545160708612824,0.9412214315819827,0.94100764382704,0.9196349607627566,0.9642764179273307,0.9516388997644638,0.966115621793986,0.9686685890213705,0.9577182746464586,0.9847964304902155,0.9825979724419907,0.9911177689940852,0.9942779976149645,0.9876249935964404,0.9827603533067956,0.988243196048377,0.9867755668410562,0.9887836667121219,0.9886557891269648,0.9565934614446354,0.9762691878632207,0.9768227417324861,0.9765908580046567,0.9454214357211254,0.9821879695706919,0.9790886496763731,0.9861197653245162,0.9854868637269854,0.9421709074425711,0.9001305936241458,0.8700476392502398,0.9148014622875514,0.929401503763128,0.9273432322030526,0.9275603320352163,0.9263795345166848,0.7279566491733879,-0.5402521064837986,0.9810694570256338,0.9762439923349276,0.9738664540459425,0.9882538575528708,0.9743469438059335,0.9846552063772329,0.9846404618415935,0.9446416838546458,0.9853785952631756,0.9477220519366897,0.8030291259384519,0.9200766338383995,0.9351363925522419,0.8227678354164824,0.9558586563587944,0.9565533664179524,0.9028162626912015,0.9682386826863324,0.8954781139184509,0.5801189905357345,0.729374690642364,0.9027241521360739,0.8734192712343924,0.8941074941259193,0.9760970615226845,0.9762490387984668,0.7895403158642702,0.754244662622891,0.8256870369265891,0.460400882409499,0.8083937170046442,0.829808741773074,0.8249492262515317,0.817957839037148,0.7945400626122201,0.7567763504054076,0.7412500834278004,-0.2887122004308988,-0.4293856909510518,0.700962474422536,0.8914382050130981,0.9310444824884913,0.9413018432143033,0.9055075731137964,0.8293627467248449,0.9093698467321022,0.924706242078002,0.924549043726564,0.8602110320024458,-0.1401198913330479],[0.999994548154105,1.0,0.9899401441673228,0.9998559974139667,0.9983155897322209,0.9898874639814322,0.9942060443436017,0.9918903719086191,0.9872803248117336,0.9918981570598421,0.9919243025202213,0.9932871461451461,0.9919905352651028,0.9918930037581046,0.991949166824732,0.993988839343626,0.9962869967091296,0.9958513134007769,0.9939018586279501,0.9939087806959953,0.9919410033729906,0.9919871734029788,0.9925169595796911,0.9775052197538968,0.9884308000825766,0.984448262081011,0.9884929452360817,0.9870537704905561,0.982319252152484,0.9404825563459668,0.9898393561360779,0.9878985629503236,0.9827767430790804,0.9421631606950381,0.995234332008685,0.9951731148863463,0.9953723466957328,0.9923238876675732,0.9949738507404966,0.9953913463055472,0.9966075599838781,0.9968032675044458,0.9953884676533935,0.9953993107934067,0.9913696737160356,0.9244235037968517,0.9023931166291186,0.9410176020910265,0.94102278895473,0.9196160284206077,0.8935328473003727,0.9334289142819576,0.8956601221534073,0.924118777337241,0.893436054265359,0.9597430504817315,0.9597305490311259,0.9733195845361836,0.985441460025249,0.9835163216444804,0.9849287593754035,0.9793726867831678,0.9819281160231814,0.9806922673045437,0.9805783004243505,0.9443133256922522,0.9635968521218236,0.9375665840115005,0.9374027717854064,0.8697630427706666,0.981791508035251,0.9829899055419918,0.9831714408379116,0.9827523312366406,0.9546620261203154,0.8063059513248835,0.7719648308437481,0.8578012153101341,0.9112592853710689,0.8721992360575178,0.89218913601969,0.8911642511309799,0.7722249734234425,-0.13848608469773904,0.9714895072807126,0.9742519285255989,0.9711736623789905,0.9839234037710833,0.9676464175188535,0.973920717097137,0.973279610023997,0.9313062972123122,0.9752773780838226,0.9333011238453373,0.7383011661398737,0.9196081417718277,0.9188379278057494,0.5754873744568192,0.8547383021730127,0.8586671608053605,0.7614903379316283,0.9688294104612225,0.7354205722393513,-0.31304726661736093,0.2518411327274041,0.7614630937181027,0.7123084816579476,0.7544137422178114,0.9703368345926398,0.9703668094633039,0.20213798429768878,0.37406309498211054,0.20924006786716698,0.1809607075326946,0.20224468503783066,0.21544986061168336,0.21252099799794869,0.13295633043357366,0.556049193402279,0.28950435762463966,0.23946614100616226,-0.4348784650089616,-0.483671170576559,0.7010084830823728,0.7611939225703794,0.784597967758344,0.8481464371765728,0.8229443283319504,0.6009825319921026,0.7740655375958191,0.7792290187495277,0.7781055728160841,0.4401480797785331,0.2437816360630541],[0.9864268455959124,0.9899401441673228,1.0,0.9877122913334296,0.9934582285643274,0.9913956007471165,0.9895503524028187,0.9903188275359232,0.9913044500483047,0.9929338859559979,0.9968719536356689,0.9960479413028803,0.9901700786901648,0.9922634945442924,0.9903725643475553,0.9898323144864424,0.9908123104716919,0.9899940282784409,0.9889952254986735,0.9889657661437146,0.9918249070465507,0.9901975026153083,0.9951032560320577,0.985368074082118,0.9910881464044482,0.9824618853167256,0.9917224630244965,0.9877304919913085,0.987332458038528,0.9626340873077719,0.969313836106897,0.9736260641831509,0.9773779589305948,0.956948694711296,0.9869381665868036,0.9900354255495797,0.9884137227339147,0.9919625910802335,0.9946988442719014,0.9908349074623962,0.9849344266411687,0.9878666347532316,0.9873096544407888,0.9866884561834038,0.9926941251387275,0.920548426532162,0.9387465400963209,0.9502000651076951,0.9337355629321696,0.8813763237049876,0.9225945264498621,0.9083240832633575,0.9253851322936826,0.9326371660668774,0.9164942199794376,0.950726050819379,0.9602923429927261,0.9682518655677835,0.9773616985692656,0.9443340077332061,0.9670020067931209,0.9665542933220251,0.9727827079449636,0.9667887173208235,0.9430468270902083,0.9253446353999429,0.9511289625321939,0.9417264358299842,0.9240239740836443,0.89941542361415,0.9732979735369595,0.9534631668633795,0.9662615135477202,0.9462904224311509,0.8438656513949828,0.8642059635993259,0.7826648304452558,0.880851637447232,0.9034484350812426,0.9055251845212312,0.8729543143331858,0.887174583016666,0.4482873616745667,-0.5259920273941724,0.9637231830061103,0.9514227695469755,0.9512533371574878,0.9442955021701224,0.9582777461081942,0.9662401367887907,0.9658740053561939,0.9343391387434435,0.9620329113043958,0.8881077192484353,0.7878261102486235,0.9567879384122717,0.9552746476859705,0.8045747171152359,0.9438700884977865,0.945422627050896,0.8758515307711874,0.9808466153949889,0.7758714135575,0.4845958586037549,0.6741359519704971,0.7983806476685973,0.8010029042929219,0.7794062874006601,0.9828801300901943,0.9828849890178376,0.7209416226539902,0.7036364979199518,0.7113198610803689,0.41057622030949165,0.710319674010349,0.7167082191760106,0.7254166561915083,0.7166090427195925,0.7587214009997764,0.6935773990557357,0.6770766668389724,-0.34687086476476603,-0.48735122147022214,0.6700197838243193,0.8539569102410347,0.8780771368931165,0.8870709744453119,0.8780786602579316,0.7636476994550749,0.8582348279596452,0.8677568147983745,0.874588237320121,0.7354865769081479,-0.06294939567384122],[0.9999338604607304,0.9998559974139667,0.9877122913334296,1.0,0.9994057547570122,0.9847237986242053,0.9980896800712177,0.996711063859069,0.973074176331943,0.9969586684405481,0.9953364997527152,0.9948337026779355,0.9967908701755215,0.9969077898375628,0.9967526892346785,0.997984812258142,0.9983665955735416,0.9985768406962124,0.9972096638151593,0.9972189094954286,0.9972178646699675,0.9967646881253436,0.9894948463463465,0.9747403786698629,0.9916137737392858,0.9623707143949777,0.9908539149738831,0.9888372464281094,0.9728013384029857,0.9581462425790217,0.9917553170960813,0.9934106260101017,0.9927896988131162,0.9787639838056613,0.9978530080496365,0.9980905583740294,0.9978168358107539,0.9969238308357943,0.9960462216706042,0.998010105527839,0.9985573775316194,0.9987670681809308,0.9978288236946838,0.9978360604320643,0.9796750981255313,0.9214974947276261,0.9525388054091027,0.9411343523695953,0.9390610522533265,0.9137964013257465,0.961463071778858,0.9484955024271831,0.9632157392232353,0.9663519486276714,0.9550949254206657,0.9827941176779224,0.981189992718585,0.9902959258853302,0.9940741519155399,0.9863517006356578,0.9817127577653469,0.9871449772181449,0.986228434148746,0.9876137870630314,0.9874790634646506,0.9482364668460143,0.9751309981212568,0.975515656790079,0.975279698778779,0.9410684050776891,0.98176149820659,0.9765715344147813,0.9848472954722552,0.9841822019868951,0.9246407694408993,0.8987911407707746,0.8666453356096033,0.913259862437378,0.9268948593949639,0.9269224056098019,0.9253876876971743,0.9242445335834858,0.6443665388098196,-0.5397479294321531,0.980316930100138,0.9750865605478064,0.9725246381064021,0.9869836514604517,0.9737226802935822,0.983983882251677,0.9839662435392214,0.9443013086169522,0.9841180534097201,0.9350456111333459,0.8064216841135706,0.9248036868065269,0.9388264263369687,0.8243028664424279,0.9570416188031322,0.9577610790430688,0.9023662053103145,0.9693712393109549,0.8894075720418084,0.5764762985078833,0.7276524308850684,0.8972791251163802,0.8697292445452903,0.8883900165962996,0.9768675032961913,0.9770246164186611,0.7883591139187999,0.754400571684174,0.8177763379500198,0.4619805376454482,0.8024949224088394,0.8216260828171075,0.816691657366749,0.8125122102626822,0.7966370056210001,0.7566256388030768,0.7411704144037307,-0.28410959438975564,-0.4286620101731626,0.7001561887067311,0.8896750495749306,0.929145056252436,0.9394509171674025,0.9043551151464391,0.8266271649825814,0.907335786628738,0.9224202595262037,0.9224106978316976,0.8531730118049676,-0.13311609880237307],[0.9991794808637285,0.9983155897322209,0.9934582285643274,0.9994057547570122,1.0,0.9872216863816029,0.9989967200077151,0.9985507141034106,0.9846219006817699,0.9985495690831511,0.9981531234324632,0.9980818943141272,0.9985679581030827,0.9985808487396535,0.9985819676072731,0.9990602694975325,0.9988215407750705,0.9992427867712924,0.9988384597525518,0.9988397048548566,0.9986244265584481,0.9985684224980005,0.9949527124974101,0.9819524745169769,0.9951907927665024,0.9786129936561565,0.9952144494317442,0.9924173186088682,0.9846788338459348,0.9612843481244532,0.9892716599086033,0.991975118584025,0.9902875992140883,0.9715479720940708,0.9988421177326126,0.9989068013874849,0.9989313135605403,0.9986730748114895,0.9985727440276602,0.9988978122954968,0.9989188291627161,0.9991449188838379,0.9988595682732058,0.998860195266444,0.9886939129962862,0.9306070236858585,0.9519120259359263,0.9483211323445686,0.9396706300940938,0.9095244658898007,0.9502554419941589,0.9449434186562591,0.954489106099401,0.9607539370648759,0.9492122884692344,0.9808418223077929,0.9807658922416641,0.9904585599984845,0.9939660558719305,0.9826832464995714,0.9758718513736478,0.9819013834814623,0.9825472159030446,0.9822955079740829,0.9821340528431679,0.9460159117255565,0.967241584759811,0.9608109824739288,0.9605467314677437,0.9146314595559812,0.9789344813944423,0.9752362202866711,0.9809271549643166,0.9801697414359992,0.9392566625397686,0.8808212099010868,0.8477829798064461,0.8996757017471252,0.9316114143447459,0.9179967409725059,0.9242456452825355,0.9233134958674452,0.7796718298563637,-0.5397338128034143,0.9744975112666036,0.9652435778784636,0.9637469727253638,0.9835060704390216,0.9643912068754947,0.9778906730978182,0.9775710336821317,0.9361229411758087,0.9791339413353353,0.9379371232208823,0.7964228390907436,0.9379110806495979,0.9574781876792896,0.7922949531566198,0.9459539162923735,0.9472610162476162,0.8974325458362797,0.9739708653363512,0.8916329346428989,0.41513654743981293,0.673933919265908,0.8974947790401971,0.8510854944903606,0.8935143217497592,0.9802388369074514,0.9803603021054299,0.756031859266784,0.7394417045565099,0.7598621112645648,0.4412915209116966,0.7171518904202909,0.7642144744698863,0.7599965843949975,0.7249560100259964,0.7848443086505464,0.7432451016348585,0.7269230639606414,-0.483134942206251,-0.5661656024486329,0.6951128733132553,0.8854399427895612,0.9169185400860781,0.9358378320294358,0.9033836938242948,0.8107134861253941,0.8993460949739136,0.9112637317853258,0.9108042826578004,0.7934740845035695,0.07744771236660616],[0.9836620590420052,0.9898874639814322,0.9913956007471165,0.9847237986242053,0.9872216863816029,1.0,0.9810841935163549,0.9823692111732759,0.9931987387190312,0.9817448869333673,0.9777521448754488,0.9768190294821351,0.9821951648749118,0.9826514981543293,0.9824368620667137,0.9820197289124637,0.9856694114623944,0.9830048499426144,0.9828788996754176,0.9828626914123587,0.9812198203399799,0.982307837579438,0.994045118746271,0.9933984200839505,0.98358225409231,0.9877959860371825,0.9840585234538242,0.9744793079789584,0.9875762477138209,0.9741106347940621,0.9593114881227615,0.9653745206905429,0.9753248132013707,0.9663418223975272,0.9808065048758587,0.9812226936899224,0.982076032279281,0.983071935370984,0.9776748081008848,0.9816179433508838,0.9800159347054667,0.9818479048700778,0.9810458639971591,0.9810339984386937,0.996013840908708,0.8829821134735918,0.9300921082796699,0.9281466150872526,0.9378295835023285,0.8969420210854587,0.9171905699294656,0.9114957642844927,0.9200917736269135,0.937252743748516,0.9172802580857268,0.9491895814572542,0.9553161506114591,0.9618975292097818,0.9685011844140768,0.9729855568332819,0.9887034656197616,0.9752021052442875,0.9860219007788152,0.9748104662960382,0.9742830521404521,0.9766503011705272,0.9727968700819929,0.9539001579451682,0.9533767241251735,0.9502414856353414,0.9848322365216493,0.9776576185244531,0.9740295683994182,0.9728127994407092,0.9671620523733028,0.9058751281324254,0.8632022394134101,0.9212285101106916,0.924681877315442,0.9341253053163024,0.9152891754684417,0.9132249748692824,0.7648850656406196,-0.4808586070468582,0.9832484997637608,0.9847902665197601,0.9812548989695729,0.9737862405695945,0.9763960981974228,0.9818983032761233,0.9815134429959015,0.9695620771485787,0.9719120568202914,0.9691595315146891,0.8087612764047438,0.9003315833488643,0.9577567112341201,0.8379995397931624,0.9458516399031708,0.9468336119244857,0.8665902035096452,0.9590788409246812,0.8321615440127365,0.49682916333634203,0.6906394858719346,0.84202077320196,0.8197206589279695,0.8318766969469603,0.9588694853005348,0.9588704528522164,0.7408753562940947,0.7299034877654511,0.7504863604595805,0.4652808112731961,0.7474161721247886,0.755656630620048,0.7493971672153503,0.7479076788627761,0.7757311497604641,0.7149435553076627,0.7024178585927809,-0.30976773507738214,-0.44057583871449807,0.7065680077058613,0.8525933438100621,0.867034181175168,0.8844986953339066,0.8615799752534437,0.7832085113191272,0.8465116173427729,0.8593304309543831,0.859320333314509,0.8021507331123491,-0.0915742212792791],[0.9978693310317769,0.9942060443436017,0.9895503524028187,0.9980896800712177,0.9989967200077151,0.9810841935163549,1.0,0.9976287487823277,0.9571365309014095,0.9996292622864138,0.9995967191599772,0.9996244876640216,0.9984957576275334,0.9994961579778808,0.9992265061957887,0.9998938476838727,0.9967570482352847,0.9999047861380167,0.9994135180666427,0.9994182329521127,0.9997272639409815,0.9993623939818053,0.9908404258727901,0.9751853126980674,0.9864567317294057,0.9287070157748916,0.9938944394806235,0.9929877924277747,0.9753186165184674,0.9548348505482195,0.9916798935644565,0.9921334089323087,0.9938487374180561,0.976229951863364,0.9990595477265184,0.9998608450345773,0.9997304262329672,0.9994975509089016,0.9997846811435146,0.9998469055680076,0.9985869199394931,0.9997504930474189,0.9994214868213241,0.999095307235775,0.9801645461960011,0.9375444107048183,0.9547043212826755,0.9525541923834007,0.9408130814525133,0.9083247099243802,0.9584532028149776,0.9481512238601024,0.9608191593208185,0.9640499187190156,0.9544926926808331,0.9822765124096245,0.9820883838296111,0.9921798976429191,0.996476378868837,0.9530119413669433,0.9628794809955667,0.9737748795725842,0.9740705834654284,0.9752486249248042,0.9529563598534271,0.9035777328007306,0.9577654033578155,0.9630675215505051,0.9445887266137031,0.8936336737611741,0.9690607106750833,0.9455195847161924,0.9702615931710165,0.9533824681954328,0.8015939891377457,0.8726517241397941,0.7995773860790722,0.8862956974271154,0.9023608337842368,0.9066366882586726,0.8869466641554692,0.8982327209135608,0.39443179086461694,-0.574916949127235,0.9648475109199866,0.9502458512454489,0.9503064136306737,0.9544383111766372,0.9599363982452063,0.9711129568718653,0.9711905746260258,0.9238705469048079,0.9692717470280586,0.8592457603824536,0.7898339221269044,0.9384353711591191,0.937225241697181,0.8109517056443748,0.9545326508842085,0.9553832064259693,0.901580012124406,0.9734675891492985,0.8333403681843434,0.5727747176694755,0.7216525642085091,0.85755615738269,0.8517483557119742,0.8390571493298988,0.9806787679358617,0.9808605105782582,0.7803484678088088,0.737095762535689,0.7832031590218219,0.43474177909834527,0.7821375390364833,0.7965190908816631,0.7886397905398521,0.7954336167911129,0.7823968466324802,0.7498774198078945,0.7325782230878777,-0.29731779092778693,-0.4495685706540355,0.7081624134469039,0.8905785090560003,0.9222643239017039,0.9409091216556117,0.9103869232450373,0.8286652543047143,0.9095861487236598,0.9272030682406734,0.9258269098200838,0.7789015598395114,-0.10391991708921179],[0.9963222192786978,0.9918903719086191,0.9903188275359232,0.996711063859069,0.9985507141034106,0.9823692111732759,0.9976287487823277,1.0,0.9677468598454844,0.9999998348399166,0.9999993408363829,0.9997734155199759,0.9999970907173167,0.9999930436935829,0.9999983171056913,0.9993546908577083,0.9918182980682715,0.9994828417231088,0.999911904264664,0.9999115932612407,0.9999664181034403,0.9999988140687174,0.9913712356009707,0.9769106182668361,0.993179813727976,0.9425980011221393,0.9943849145652487,0.9914291977969202,0.9775064936762361,0.9543828096158563,0.9880442392507952,0.9939297544939383,0.9924954826792739,0.973427414038341,0.9994823452705911,0.9995886175078491,0.9996876198497151,0.9997532723150027,0.9992798195666663,0.9995270363729556,0.998293704088727,0.9988893636355121,0.9995544023999575,0.999425341314515,0.9819197042262774,0.9373982187044729,0.9522401197970537,0.9560550590868389,0.940047869730068,0.8990175692035057,0.9566885237749281,0.9438230335126169,0.9587202498575141,0.9587422633258013,0.9487596053490277,0.9802972342144539,0.9793187659514445,0.9912047896496555,0.9968917880345514,0.9486019678793157,0.9596977000120213,0.9684580113912205,0.971649540246452,0.9702788149738555,0.9514957535857967,0.8980257344486944,0.9539413559576659,0.9573248526313949,0.93984187978956,0.8841771987103195,0.9669084255630491,0.9401989271561388,0.9655839736886914,0.9492851353681614,0.7911531402661656,0.8662435927377898,0.7957082502765476,0.8798578385633407,0.8963200502798468,0.9030216028960326,0.8831264937032074,0.892363575802315,0.3789101429521915,-0.5782900684053813,0.9615575932947247,0.9453994384274113,0.9456197400686615,0.9526994886620334,0.9564815747903724,0.9678964866367932,0.9679616998485455,0.9206616131859232,0.9635519519541345,0.8506514917495054,0.7873397590173598,0.9504658896397757,0.9472847796763723,0.8083129662565206,0.9544838412544722,0.955478720232186,0.8990819327482528,0.9771391717788945,0.8358379564138673,0.5584112081930581,0.713225838336475,0.8581917778599178,0.8485082614444593,0.8408233593472324,0.9829301109924745,0.9831118480316594,0.7717487839658633,0.7300032961556482,0.7841347063357951,0.42335083021843883,0.7770436211507123,0.7918670356888171,0.7887219779030402,0.7898283171692814,0.7766557440935272,0.7443146231925303,0.7264895583918365,-0.3123810116724937,-0.4635341714860977,0.696223215353072,0.8833795290981247,0.919594582823067,0.9334962630981475,0.9048163672572499,0.8183426066769733,0.9032335388168031,0.9209357731833973,0.9198095959251974,0.7607281216170038,-0.08713543361807012],[0.9710068955643101,0.9872803248117336,0.9913044500483047,0.973074176331943,0.9846219006817699,0.9931987387190312,0.9571365309014095,0.9677468598454844,1.0,0.9827653899024775,0.9873288174125976,0.9897675219641782,0.9713707907969651,0.9796775758341654,0.9762541978057946,0.9742630748196252,0.9501692343384865,0.9791256395426118,0.9769411517911673,0.9768836062447948,0.9812676023338852,0.9760907177458562,0.9938816402772527,0.9933206944821285,0.980318964408009,0.9898614465446738,0.983463981112893,0.99061637735664,0.9907627059982343,0.9697930357914041,0.9275467313401415,0.9491532865591029,0.9662417974520587,0.9524490647751197,0.9706784250786197,0.9791701749696332,0.9757553037925847,0.9781177349413571,0.9882596602641089,0.9803287010413959,0.966902087737763,0.976412205955841,0.9715459494117403,0.9705101762238069,0.9990349374666172,0.9012209257712795,0.9235482933110211,0.9510796166573452,0.9407713498779082,0.8779568094823526,0.8864842926811631,0.8864095991306448,0.8905126185556995,0.9166712291159402,0.8965013662271838,0.9294894964743123,0.9462088537684785,0.9515243370195197,0.9610895344655298,0.9071782966597635,0.9690353021335832,0.9486167086771232,0.9678662627478445,0.9486139704358381,0.9059808841136028,0.9191222813228553,0.9462534605544308,0.9202227001154476,0.8850528295423741,0.8878474503815778,0.9694008717787747,0.9241066070124275,0.946365081534376,0.909819290734188,0.8347827602416975,0.8597452795999193,0.7426547487151043,0.8779079346505999,0.8867508568664251,0.9001620570912023,0.8493928918044945,0.8678125966723592,0.4304969305501789,-0.5082058253910139,0.9596832840645435,0.9545657872383909,0.9521775145680741,0.9054636457862918,0.95049375880308,0.9579311248566903,0.9573903864134271,0.9393859586555628,0.9435291563092365,0.879319566783515,0.7938146233063025,0.9426914297131236,0.9628724184122746,0.8138435675943569,0.9373776941394854,0.9389074931937477,0.853692636109274,0.9685222675174093,0.7421224957595332,0.44681215295182364,0.6553397897228334,0.7751978425527799,0.7777157172246254,0.7533888421610376,0.9678685843023996,0.9678211419917535,0.7020909289096141,0.6935110440105726,0.6766343664136938,0.4181502424868163,0.6920181463435701,0.6945050578733473,0.6756912771654503,0.69465637096462,0.7515405230778927,0.6871009792773526,0.6719284373108103,-0.352355978929012,-0.48908800835266375,0.7068251002585322,0.8382786326499094,0.8310321925670221,0.8615393341254783,0.8570704573958198,0.7552930438263309,0.8141637260193199,0.8368950934920044,0.8307584690647701,0.7074071548710446,-0.023088152849657123],[0.9965246001456417,0.9918981570598421,0.9929338859559979,0.9969586684405481,0.9985495690831511,0.9817448869333673,0.9996292622864138,0.9999998348399166,0.9827653899024775,1.0,0.9999991526812584,0.999777920846806,0.999998531725626,0.9999919597301945,0.9999978551123908,0.9996963210708045,0.9979403142864132,0.999481184394197,0.9998881028762673,0.9998880796192277,0.9999783444230957,0.999999346329614,0.9939037043037385,0.9786236663103866,0.9963540452182176,0.9747108883133023,0.9964392531440953,0.991426672211533,0.9818417595416215,0.9557075607672307,0.9898589579891307,0.9938618929400196,0.9902045881375297,0.9702697158982156,0.9995172113707492,0.9995823721286081,0.999595252751362,0.9998396866722272,0.9992916524555152,0.9995344516002772,0.9985245579370094,0.9989343915782344,0.999523892340019,0.9995194158793874,0.9863273653050225,0.9373269447884792,0.9522720397301235,0.9560112244563821,0.9400730787360422,0.8991329889121247,0.9484244702210706,0.9393526991343832,0.9520717075567285,0.9570537610133115,0.9469964266851232,0.9795277831878875,0.979351613681485,0.991763888142785,0.996727769690463,0.9731227460820647,0.9596520289843592,0.9722799957487499,0.9716187713251796,0.9728135252320345,0.9726005719201155,0.9335761239267342,0.9539117181486125,0.9513711514590755,0.9510935086752874,0.9029987782971216,0.9668454349455596,0.9657076047876944,0.971525113955509,0.9705993587743713,0.9256422333448932,0.8662721498283659,0.8276165338902638,0.8797105210882565,0.9150316888830543,0.903535494539731,0.9088538005310418,0.9080960258285724,0.7349232581604127,-0.5809795888228078,0.9615342744412296,0.9453818008019723,0.9456153472135217,0.9741381994549807,0.9518239125330766,0.9675882941442606,0.9672415558104854,0.9213441046602039,0.9690411099629658,0.9234325933977019,0.7873392924546075,0.9502417353772842,0.9585763462933662,0.7934170651738055,0.9485699482871117,0.9497341842924742,0.8991542024529046,0.9763839287151276,0.8996181614132585,0.45624861779074805,0.6909240261773201,0.9054347473346109,0.8591097791278741,0.9014441907372094,0.982893273747474,0.9831003970797366,0.7718173852223583,0.7298089266037965,0.7749758210296399,0.42345831742700885,0.7332411579467192,0.7795505463371535,0.7751392097255911,0.7429894619155568,0.7764500689261213,0.7442808696829731,0.7264409222899842,-0.5278040227052923,-0.6111695170541973,0.6960654387987081,0.8834831301804323,0.9200323754254521,0.9381091523793822,0.904933027417934,0.8152271621519034,0.9004059280031986,0.9139684488244402,0.9134397526456906,0.8057478796144529,0.1395856278747684],[0.9946640861744417,0.9919243025202213,0.9968719536356689,0.9953364997527152,0.9981531234324632,0.9777521448754488,0.9995967191599772,0.9999993408363829,0.9873288174125976,0.9999991526812584,1.0,0.9997772115032139,0.9999963930693633,0.9999949715778506,0.999998381399708,0.9996822312161766,0.9976550830978704,0.9992375881717147,0.999794321939181,0.999794350597438,0.9999984554920183,0.9999984138940502,0.993299025030854,0.9748104325641931,0.9954510190371547,0.9827740325414619,0.9960257417501481,0.9914392632950974,0.9840738981935474,0.9487194204854792,0.9892026147625101,0.9934485430557936,0.9842552449603861,0.9465968265999836,0.9993118929167387,0.9993656641464839,0.9993082379728168,0.9998989487856413,0.9992758239712839,0.9993182007406596,0.9980157421256858,0.9985644546074797,0.9992878707920627,0.9992856889011157,0.9886867859660187,0.9370518185898324,0.92083483068392,0.9559693451870698,0.939999646883095,0.8988516686445193,0.9197177416334554,0.9105860119646413,0.923988528519479,0.9324667915675854,0.9182067242613614,0.9723722741845303,0.9723494219434574,0.990802406584972,0.9953366658059916,0.9653345974920909,0.9597847434482001,0.9599018961915424,0.9624982832625222,0.9611652705930931,0.960900478342058,0.9096581327023622,0.9435831256386876,0.9173337402012579,0.9168730906624878,0.8358372911733074,0.964874973154831,0.9701088573489637,0.9667193154772824,0.965616887529035,0.9183505718326359,0.8038054651056253,0.7681840755241903,0.8445287962934895,0.8957983901003883,0.8660764859673982,0.8808864499980645,0.8796341983181735,0.7368721570087627,-0.38180126222417665,0.9491528373919702,0.9455322635785538,0.9457258923986331,0.9664190089612931,0.9382251255940999,0.9517399774319226,0.9510660940819147,0.8942624987220974,0.9543021212944125,0.8984117393700323,0.7875028032000171,0.9505421085092998,0.9626937527832155,0.691657199767409,0.9102110310978533,0.9127767439147069,0.8574514614430935,0.9854854757784557,0.8453520127919916,0.11377377118003013,0.5448141583346541,0.857340183767241,0.8251543067207636,0.8522165567488467,0.986219442162807,0.9862392679898865,0.5382207471371016,0.6458581786122882,0.5454123783978512,0.4233993437691862,0.5134406687761817,0.5557963913899813,0.5464432906213915,0.4847579109644592,0.765587381524536,0.6151447162903197,0.5770107785240511,-0.488684532448876,-0.5473093958840302,0.6955320474567739,0.8636885402047874,0.8761091427583297,0.9090962069523887,0.8987643413742217,0.6857450966833001,0.8515993913884106,0.8693725512596798,0.8686663405111207,0.6214418076758635,0.09044943783104922],[0.9939582516760578,0.9932871461451461,0.9960479413028803,0.9948337026779355,0.9980818943141272,0.9768190294821351,0.9996244876640216,0.9997734155199759,0.9897675219641782,0.999777920846806,0.9997772115032139,1.0,0.9997908160234562,0.9997769801688718,0.9997826480670181,0.9996818549068599,0.9982762637541652,0.9994287232289516,0.9999715744697447,0.9999713220367963,0.999781887999274,0.9997869391820737,0.9929481276309228,0.9719535451258113,0.994338537175165,0.9836100494423925,0.9951005100439634,0.9938056198468708,0.9804927787122195,0.9306954653462337,0.9918200461170285,0.9945016451382709,0.9799980019831381,0.9289820206911631,0.9994426939291884,0.9994880475426067,0.9994508954262099,0.999606334520443,0.9996292819362954,0.9994663152706792,0.9979053986442691,0.998598993922419,0.9994301804269419,0.999427129114593,0.9900282772027873,0.9327926690151154,0.9082969109160277,0.9530367862921388,0.9386755652037277,0.8987782818987665,0.8867695319622453,0.9229852836408383,0.890158577767811,0.9104732276351934,0.8851423444259783,0.9609040285300663,0.9608901399154306,0.9822751684694564,0.9948958953117036,0.9639896930810979,0.9642716936495404,0.955000093866506,0.9601112710528555,0.9573540915196019,0.9571489856237432,0.909365253847203,0.9341719768927365,0.901314568948232,0.9010797113830493,0.8194471480622652,0.9638566894502231,0.9658155983518881,0.965847874392681,0.9651887267372001,0.9250838503809441,0.7578296110361591,0.7199258035862315,0.8126133453598462,0.8750884469781176,0.8325705682464708,0.8546259858015434,0.8538357741149379,0.7192863353960616,-0.2592375393343785,0.9431274292465865,0.9476950793371179,0.9427318261328622,0.9646908191612752,0.9379417743516858,0.946483778477695,0.9455931354300247,0.8921384688359167,0.9486479060953792,0.8950669350701862,0.7428139625966543,0.9481410155965385,0.9422042912773997,0.5723662150608833,0.858087699736806,0.8623889833714782,0.7580276057170946,0.9796081791865097,0.734642121696365,-0.25409167070721816,0.2871202813616174,0.7579189918743965,0.7143715947507189,0.7517691301706471,0.9807227510900981,0.9808154616458469,0.2364960078174733,0.39421792476684614,0.24202806008003766,0.2140166211194264,0.2338851517976806,0.24921215163358604,0.24687759438739323,0.16355687097931995,0.5740709893573287,0.3106129252061809,0.2588879453371919,-0.5014365438812183,-0.5490418322699094,0.6959232623245396,0.7642024192747928,0.7874328159737534,0.8514796800630899,0.8309082374862672,0.5907553280107828,0.7723380754697436,0.7823289689650919,0.7812717559850305,0.4431606823398515,0.27956466469859775],[0.9964188430482118,0.9919905352651028,0.9901700786901648,0.9967908701755215,0.9985679581030827,0.9821951648749118,0.9984957576275334,0.9999970907173167,0.9713707907969651,0.999998531725626,0.9999963930693633,0.9997908160234562,1.0,0.9999914508984186,0.9999976891111175,0.9994003087742594,0.9934372991332738,0.9995210429149134,0.9999212510576017,0.9999211105291083,0.9999732799456654,0.9999989846319972,0.9912514760307477,0.9767169022155223,0.9938265106595493,0.9474866805441116,0.9943369905487903,0.9915363398022753,0.9773079399868115,0.9543271379291812,0.9889537545560337,0.9940145135974581,0.9925773900659284,0.973551498714011,0.9995250703892764,0.9996273488063718,0.9997175061019428,0.9997519761476458,0.9993356679786822,0.9995669748217715,0.9983785411774305,0.9989542826096904,0.9995969517469366,0.9994686919788368,0.9816733938330536,0.9376531496195248,0.9524009232259014,0.9559754678932834,0.9401119436052446,0.8996004736370967,0.9570454493484909,0.944209399760291,0.9590797947482776,0.9590711459845296,0.9491509973204444,0.9805504650552587,0.9795042274329107,0.9913389433657643,0.9969753201735784,0.9488480856741253,0.9597067465648176,0.9686317707315181,0.9716884210639352,0.9704511119829732,0.9516950127203123,0.8979643781335768,0.9540690191368725,0.9576162430785607,0.9401872369159413,0.8843222447900253,0.9669053027679559,0.9403291204780312,0.9657255170158674,0.9495136081313372,0.7910529572685444,0.8664882761527904,0.7961406053308994,0.8800883879610638,0.8965200738741353,0.9031354227417914,0.8834314388079243,0.8926599484697816,0.37900569330477046,-0.5783825628497163,0.9616319606431293,0.945500135389725,0.9457166074468849,0.9528985494158153,0.956557188920095,0.9679917322128785,0.9680587653156435,0.9206209241139215,0.9637452073428951,0.8506302082403516,0.7873878658471059,0.9499227054601312,0.9467876311711728,0.808331677476749,0.9544842158903533,0.9554711650031651,0.8994241832809287,0.9770009843070147,0.8363382469504135,0.5595209084662347,0.7138726097699717,0.8586765805595084,0.849042596213843,0.8413154367886937,0.9828706809438388,0.9830527260175635,0.7723588143836669,0.7305001571605424,0.784754516862511,0.42395631080448254,0.7777102923801368,0.792563385582839,0.7893566322502631,0.7905394592010385,0.7769893384378583,0.7447661030446772,0.7269555471030411,-0.3114712743540122,-0.46273164999087346,0.6966107241752034,0.8839022176089482,0.9200792291095093,0.9340363524803124,0.9053023932255688,0.818907548546353,0.9038232087378696,0.9215279125058444,0.9203926553240664,0.7614114005081545,-0.0881810904327047],[0.996450867850372,0.9918930037581046,0.9922634945442924,0.9969077898375628,0.9985808487396535,0.9826514981543293,0.9994961579778808,0.9999930436935829,0.9796775758341654,0.9999919597301945,0.9999949715778506,0.9997769801688718,0.9999914508984186,1.0,0.9999952715454372,0.9995851513753181,0.9978971110089427,0.9994809590227737,0.999907058678847,0.9999060869193825,0.9999557421788297,0.9999917745962188,0.9931397885965022,0.977119899029718,0.9960752807618151,0.9687644660675211,0.9958649728724956,0.9914096231424283,0.9777592929356093,0.9545098808275818,0.9893448521358805,0.9940869607452778,0.9918932637766144,0.9731267590411544,0.9995057557141787,0.9995815144888788,0.9996388750961633,0.9998922783552422,0.9993015277502776,0.9995173362189386,0.9982533877846409,0.998879456817776,0.9995260694731131,0.9995194355968107,0.9842046442033605,0.9374747936124745,0.9521830886990442,0.9559736308357505,0.9400410848437574,0.8991267376172392,0.9521089071487049,0.9374764596067238,0.9544205381213311,0.9584711629860474,0.9484370666848055,0.9791311332107926,0.9791894759324333,0.9906510367376503,0.9969713995336006,0.973999500212605,0.9594047235358542,0.9735214837112163,0.9716313820389709,0.9744657982133206,0.9742481997489568,0.9427355206686209,0.9536548182299635,0.9564336236102914,0.9561438479332334,0.9196605359061616,0.9668730696173486,0.9686449446454437,0.9734782895631674,0.9724700124916826,0.9340629623818809,0.8660357117555192,0.8329142587290831,0.87954089622391,0.9068262614879736,0.9028816423949426,0.9036044281211352,0.902534638225403,0.7130125704398902,-0.5785689739194848,0.9615598302880651,0.9452416057676198,0.9453542803570115,0.9750311163819377,0.9565718243359803,0.9679084399945383,0.9679859865169287,0.9206973119564831,0.9693215442581079,0.9319080171721457,0.7872691790721243,0.9500295626074365,0.9517222818759958,0.8076788213805579,0.9543607540779452,0.9553121725133981,0.8990297530435114,0.9773413760973405,0.8860562276834573,0.5586423561992597,0.7127675054374439,0.8939151738714071,0.8623570952383468,0.8849589857020295,0.9831321423333308,0.9833364459394566,0.7709639100479821,0.729319983550181,0.8044339604830981,0.4234834437718336,0.7842331019350227,0.808806538737924,0.8033449006200478,0.7907750190556101,0.7765503235248654,0.743026077219045,0.7252290949972946,-0.40149816425104146,-0.5237790687354357,0.6955342261403358,0.8834815204778481,0.9165110333624857,0.9295720714707089,0.9052599254598206,0.8174784615787071,0.8919114085784532,0.9096916107395641,0.9092792779783991,0.840932870870235,-0.05467579591938925],[0.996364334587877,0.991949166824732,0.9903725643475553,0.9967526892346785,0.9985819676072731,0.9824368620667137,0.9992265061957887,0.9999983171056913,0.9762541978057946,0.9999978551123908,0.999998381399708,0.9997826480670181,0.9999976891111175,0.9999952715454372,1.0,0.9994868884016882,0.9971997030160795,0.9994978067481687,0.9999145904339393,0.99991399409574,0.9999673277962335,0.9999976981672862,0.9914142052888067,0.9769727680371761,0.9954461603553373,0.9604943695572129,0.9952517787027245,0.9914953053789581,0.9775589993519276,0.9545431470623948,0.9914220057398826,0.9942737018985202,0.9924472656631165,0.9733447594123658,0.9994932842768858,0.9995896004781647,0.999694342413629,0.9997678904249117,0.9993052157803402,0.9995243524887638,0.9983173352549768,0.9989045288678047,0.9995637472079709,0.9994372394448959,0.9819205653721788,0.9374658305514952,0.9522583895898733,0.9560323394127199,0.940105530640202,0.8992702131929854,0.9567633647442847,0.943948647224884,0.9588253204779248,0.9586954579118903,0.9486792593675718,0.980320203595192,0.9792659417584445,0.9911766303447171,0.9968570757319697,0.9488781455642991,0.9597507137849091,0.9686145130948532,0.9717306971786388,0.9704221258746022,0.9513180893995644,0.8982247984896774,0.9538670920961149,0.9573873429091411,0.9400399090972,0.8843041502398392,0.9670451194410796,0.9405207769082591,0.9657745304743043,0.9495749405459879,0.7914747967873474,0.8662527432177431,0.7959555851915361,0.8799067457684374,0.896480490410238,0.9030335077688042,0.8832706896225139,0.8925227450849413,0.37925250696787527,-0.5779910423239868,0.9616459249252955,0.9454907300447379,0.9457073397693768,0.9515629346987546,0.9566478662434202,0.9679785772474901,0.9680405653071541,0.9208473162416291,0.9637094463892999,0.850898021041348,0.7873552951196279,0.9502060289084311,0.9471960580911354,0.8083244646697506,0.9544186472045134,0.9554174953635179,0.8989052875969733,0.9771554181624627,0.8358647085008734,0.5582334138321539,0.7131145413382028,0.8581972482754688,0.8486239000268805,0.8408469137224341,0.9829658327565867,0.9831446278036696,0.7713749173465959,0.7296843631906264,0.7841123244012119,0.42358317262440154,0.7770200242627603,0.791787140598679,0.7888703398892755,0.7897299576079739,0.7765801625315739,0.7436060846415858,0.7258146711422242,-0.31220041896194317,-0.4633495604609552,0.6964265647735581,0.883289635286887,0.9197107484961325,0.9335319275455155,0.904857922962524,0.8181428567863982,0.9034256864523927,0.9209657109846131,0.9199541202592736,0.7608155461010573,-0.08739483265058952],[0.997736702793704,0.993988839343626,0.9898323144864424,0.997984812258142,0.9990602694975325,0.9820197289124637,0.9998938476838727,0.9993546908577083,0.9742630748196252,0.9996963210708045,0.9996822312161766,0.9996818549068599,0.9994003087742594,0.9995851513753181,0.9994868884016882,1.0,0.9984742761008352,0.9998579647094797,0.999570637496463,0.999575181199246,0.9997801879940875,0.9995578078314303,0.9910568160356105,0.9759306620537542,0.9941495404524742,0.9532836093383156,0.9938127201448302,0.9928654927657203,0.9757908769418194,0.9550672027677393,0.9918250838174404,0.9927494521354907,0.9932966293463876,0.9753821160248274,0.9992966567399029,0.9997427843900819,0.9997292851163995,0.999589286085668,0.9996273813032774,0.9996997316625998,0.9988826320906061,0.9996027659669077,0.9995257516982496,0.9992946484256505,0.9805598122442193,0.9361356400209266,0.9542862827842326,0.9533787370208362,0.9410538001011914,0.9056249173235612,0.9587526094218796,0.9483192594197833,0.9610918765969483,0.9626555411802579,0.952725919362089,0.9822360355765748,0.9812280571814954,0.9920944147716506,0.9963979726161302,0.9532981008726088,0.963318646517513,0.9733723080108133,0.9742333578956159,0.9749251106955246,0.9540821900943895,0.9034752163368266,0.9572105293266362,0.9624684672478407,0.944821889040684,0.8922561437980934,0.9695010989609943,0.9453328270652619,0.9700078936628047,0.953827748031246,0.7996806832439898,0.871591261189569,0.8002895306617765,0.8851982026063515,0.9013783232040514,0.9057485589610921,0.8869510563726696,0.8976347347446205,0.39058369018354755,-0.5748926255615932,0.9648681945501758,0.9502335370118886,0.9502789557622836,0.9555524451743239,0.9603417179946554,0.9710553357316114,0.9711142593936132,0.9248014289730156,0.9687287753153765,0.85818267703388,0.7891434772869643,0.9415648662558477,0.9396197864902186,0.8107492642688315,0.9544803442858832,0.9553147875844774,0.8990668392298021,0.9738398920161128,0.8351466520841712,0.567965855301921,0.7181416071515