var element=document.getElementById("correlationAdjClose");if(element.style.display!='none'){var correlationAdjClose={"data":[{"type":"heatmap","z":[[1.0,0.9999954277711673,0.9876362230183677,0.9999418389036073,0.9992378897890837,0.9813493769587447,0.9979071738225603,0.9966614207850205,0.9721784463907431,0.9967543690942594,0.9950564861964172,0.9943184988654838,0.9967345098729079,0.9966986067677058,0.9979084651933977,0.9982933133400015,0.9983521331288888,0.997112001357081,0.9971234743779871,0.9970138777964125,0.9967171628972997,0.989279504918826,0.9740019801061955,0.9918176660269222,0.9580564469708734,0.991052001854231,0.9901211497631268,0.9708003195554087,0.9549120899990756,0.9912831437497425,0.9931747684576662,0.9932427374419177,0.9813522705052372,0.997826828246097,0.9978633133488157,0.9977504584787923,0.9968469298875252,0.9957760643427257,0.9977848408674633,0.9986400589161504,0.998667162227228,0.9978425783938185,0.997851792088879,0.9784747910433131,0.9402582198665866,0.9612602803429898,0.9581203229152455,0.9566568556816439,0.9390055458899541,0.9667100714747432,0.9562110456695976,0.9686437424799239,0.9729444885948978,0.9617340512243729,0.9852746324446268,0.9838900829314935,0.9917404303058165,0.993557700294751,0.9891230875115282,0.9855802803265977,0.9886651143753261,0.9884389187465199,0.9892202473796811,0.9891503422629344,0.9516098233983684,0.9795808308219438,0.9765797546609536,0.9764441790750313,0.9323147315266849,0.9850657477646294,0.9816150166742522,0.9878786431396094,0.9873471809049892,0.9468950595461091,0.9113478881394093,0.8863011526353788,0.9248758827557384,0.938929947802491,0.9377031400950695,0.9373622836081389,0.9364353769761143,0.7687835188683269,-0.49687556871412303,0.9821866343134477,0.978935029607725,0.9766920791107581,0.9896738985166379,0.9746864520321545,0.9853652286335316,0.9853873354161797,0.9432130518953321,0.9863909976478284,0.9450517647292664,0.8334637082948639,0.9321908366101572,0.9436968654800699,0.8492738982535499,0.9610989257414962,0.9616755603569099,0.9043875565654931,0.9712876802428341,0.8933630978793116,0.5462431294462698,0.7387816079876044,0.9010188605269285,0.8754238929458452,0.8926672167147155,0.9776040485310397,0.977728404020153,0.7942099310766508,0.7709484425521632,0.8234808615186648,0.502474357545628,0.8122617380884726,0.8274563777304391,0.822511826071383,0.817266809847041,0.8088814511429413,0.75950071754081,0.7456902389609288,-0.31762215844122255,-0.4571242034465964,0.7809444254575433,0.8966142334088835,0.92751382575873,0.9429530687958333,0.9082353761929075,0.8420175167500088,0.9123716292770763,0.9219791987314189,0.921805204593216,0.8629253919025013,-0.09739713184034919],[0.9999954277711673,1.0,0.9921465353953935,0.999886991471736,0.9983788082133598,0.9895531029720448,0.9945000279141393,0.9927731037010544,0.989651805583217,0.9927727836511873,0.9928091291179812,0.9937653596052473,0.9928308708529386,0.9928079885587685,0.9946570420480781,0.996598309750154,0.9960369252034461,0.9942847933249939,0.9942931913628669,0.9928005795054743,0.9928443536704685,0.9938565761233232,0.9811209179293224,0.9906271513630094,0.9826764779339328,0.9907208053017226,0.9901057119028311,0.982731539269513,0.946110092832847,0.9900226050563831,0.9886055512379547,0.9852304003324425,0.953183716330021,0.9953967540616977,0.9953761608569933,0.9956187805710417,0.9930931963260964,0.9952980824606399,0.9956404593257777,0.9968054514712724,0.9969838071761477,0.9956210665396505,0.995633047347862,0.99265438062492,0.9400967190062527,0.922887727159993,0.9580934561292459,0.9567434277365392,0.9389984517478117,0.9155411078024497,0.946039942669266,0.917051694716563,0.9417406725092681,0.9157322049498176,0.9661120851185653,0.9661080577928957,0.9788108477395698,0.985665073828113,0.9870123484754498,0.9879379063673616,0.9818248571202816,0.9857709875284693,0.9828244892899889,0.9827389888181929,0.9492593070787678,0.9705367019397693,0.9396314794662995,0.9394592871281595,0.8795133603883233,0.9856407725643543,0.9865506497912065,0.9866964689342019,0.9864154392300928,0.9645129412310666,0.851750724653962,0.8284096185872082,0.8888300653135206,0.9322906346511011,0.9029124095118056,0.9179533422034146,0.9171979488091303,0.8291204127501292,0.019239800472299028,0.9761417446529288,0.9777579566441,0.9758927544564467,0.9873158652342077,0.9718256047021818,0.9779929529159834,0.977515788285254,0.9411363213354476,0.9788568803876192,0.9421280004484592,0.7882626041368206,0.931997512983849,0.933973827638043,0.6656547105539199,0.8844817763642704,0.8876185500779632,0.7865749141693759,0.9701798345045405,0.7625311040912619,-0.3458738841410853,0.30443745194672756,0.7865494480523659,0.740533681599866,0.7796964306215256,0.9716643443469839,0.9716725849244906,0.27945111624521846,0.45070734843334614,0.28736151028115386,0.2584884752427295,0.27984071335446725,0.29141889450529584,0.28842179927914774,0.20860555808341213,0.619647618412914,0.35563596914054474,0.3062089132401142,-0.44192347143007094,-0.4929594514006115,0.7811847271483556,0.7916424782344339,0.8115253592552701,0.8780258473429918,0.8433189305610158,0.6727991911086401,0.8179512058181921,0.8083148978796774,0.8074784720096071,0.5041519788019257,0.2919233420640325],[0.9876362230183677,0.9921465353953935,1.0,0.9887643716269142,0.9937788941851742,0.990941316809984,0.9892164275576533,0.9900878842321627,0.9915367616599018,0.9926643559341125,0.996552671065305,0.9959145689931133,0.9899236636090272,0.9901355471813428,0.9897396670008464,0.9910089141848841,0.9899920653203712,0.9887761335448377,0.9887469899329393,0.991588472591234,0.9899627011718556,0.9957469849647749,0.986508968973005,0.9918430856087903,0.9806285873015815,0.9924890662266075,0.9902982984870858,0.9875120652243004,0.9633544765765801,0.967971111493199,0.9724963977306531,0.9780917336010954,0.9614632022681848,0.9867156600061184,0.9899101400229384,0.9882878232124317,0.9916821152035084,0.9950056740105829,0.9908034105201381,0.9850563465320534,0.988182002606897,0.9871636071654057,0.98655981213258,0.9929882877776357,0.9367019547351979,0.9479911482304088,0.9630771108196776,0.9503572784770163,0.9096246948968663,0.9260319564311178,0.915340237395513,0.9290216014030059,0.9418459387487917,0.9245796621136937,0.9523132661070614,0.9633075897964388,0.9699774170013999,0.9758695677214194,0.9503089806152837,0.973231332355546,0.971848223493973,0.977434245672924,0.9720451792594056,0.9506200178695626,0.9332844848748454,0.9599451540263642,0.9507099311982194,0.935475289964678,0.9056452133566922,0.977948820545125,0.9595104130993312,0.970545281792202,0.9517167012920604,0.8696961102593697,0.8873460261205992,0.8133662004709008,0.901331553557102,0.9184974961198968,0.9212063117924477,0.8897866129501703,0.9036710736546204,0.5211196375858463,-0.47565893420470406,0.9695491473588892,0.9603440359671597,0.9596136622955079,0.950195211086102,0.9642805652623325,0.97171668292361,0.9714744225093235,0.9400206506610742,0.9680658499376881,0.904516352884189,0.8209024765449023,0.9612332457259783,0.961551896490558,0.8362782367927968,0.949889489504097,0.9511963579062389,0.8780276773147815,0.9807163101355442,0.774016526747065,0.4518709942071678,0.6866310554211744,0.7985317282137754,0.8044862114917617,0.7793398001164568,0.982081600823868,0.9820546699865464,0.7299187539117759,0.7256839012818619,0.7092341717974233,0.4590941358066233,0.717446946901373,0.717678354634822,0.7212344947804854,0.7191384287669227,0.7769832538472,0.7009680991234476,0.686414268518801,-0.36943161509074096,-0.5087911164718182,0.7571493341347789,0.862936499868345,0.8744071986483678,0.8913883813082297,0.883395575848098,0.782497625868927,0.8608266634108352,0.8660561862906944,0.8715993485589174,0.746032383057385,-0.022386289973193467],[0.9999418389036073,0.999886991471736,0.9887643716269142,1.0,0.9994292700467192,0.9823319351829702,0.9980806657287589,0.9969840884766681,0.9740041021840717,0.9971236717725735,0.9956460837637727,0.9950558496966608,0.9970418711837077,0.99702082792638,0.9981103524513988,0.9985594060388481,0.9985498290940216,0.9973897816309687,0.9973985851402443,0.9973252626347943,0.9970279378294508,0.9902766260437992,0.9751924676442235,0.9926081455820589,0.960201687137667,0.9919309595784043,0.9914137193878039,0.9724806930665902,0.9559416484709037,0.9906525358847615,0.9926977038202576,0.993163722273703,0.9810194258616675,0.9978631965076263,0.9980153563608496,0.9979100059316774,0.9972023070967337,0.9961948234719757,0.9979692563964654,0.9985291667714028,0.9987204361409078,0.9978769029409282,0.9978832995425306,0.9799947785341075,0.9376915988513832,0.9595800653735546,0.9577285938984609,0.9547631678211287,0.9345405479403674,0.9641315117161587,0.9533339678283973,0.9659922667397655,0.9709575004807373,0.9594336210367065,0.983425553167562,0.9826646007622163,0.9909736205569677,0.9933175410778374,0.9880298369051806,0.9846813628175194,0.9877592238985505,0.9879664615448609,0.9882501242018521,0.9881757695055484,0.9451126292176616,0.9786156936680243,0.9755810777231038,0.9754436610805235,0.9290925704680384,0.9846871705196858,0.9794626624762992,0.9867794759086991,0.986222622643825,0.9326110298922067,0.9103237992016745,0.8835833264132315,0.9236307350478433,0.9368146825260494,0.9373801244021769,0.9355178725160329,0.9346249939219412,0.6973471453427983,-0.49623110096586576,0.9815505645216696,0.9779721088602742,0.9755353698355053,0.9885851391106268,0.9742277295682211,0.984821473752027,0.9848439738578142,0.9429964747025404,0.9853421846842334,0.9351941490891644,0.8362187623286722,0.9360073167220658,0.9468865602588843,0.8505888038200589,0.9621033211988927,0.9627031508325007,0.9039826299285416,0.9722471164529232,0.8874561119113106,0.5427427396661489,0.7371841974633572,0.8957200773030091,0.8717651791945048,0.8870990135817967,0.9782615340263654,0.9783895942003602,0.7931125777442064,0.7711063602900182,0.8157333235336199,0.5038222841844963,0.8063449241049692,0.8194440971732494,0.814432232212009,0.8118885507600524,0.810761126901429,0.7594088581601309,0.7456596024642187,-0.3130460203277333,-0.4564125045762367,0.7797948915119192,0.8951589179559684,0.9257320890468697,0.9412167439402539,0.907329003856572,0.8395793785688744,0.9104672341210325,0.9198235800008446,0.9197987454231585,0.8564882446079155,-0.09069992486469397],[0.9992378897890837,0.9983788082133598,0.9937788941851742,0.9994292700467192,1.0,0.9840899956878477,0.9989997653187491,0.9986640935240721,0.9841118235395622,0.9986619286250599,0.9983435397020082,0.9982713449449252,0.9986713013956904,0.9986927830356572,0.9991435768244765,0.9989734690398807,0.9992756683555223,0.9988874469406014,0.9988879466933758,0.9987203524239457,0.9986768297397012,0.9949678945535158,0.9814207561676058,0.9957011550724063,0.9741402253122459,0.9957058405561986,0.9933931638252058,0.9826983664406029,0.957952133273128,0.989049273749046,0.9917808412363237,0.9910911035209912,0.9749141019748596,0.9988495164587344,0.9989240001584475,0.9989722557023524,0.9987947632933649,0.9987358551441343,0.9989317809507327,0.9989991761776569,0.9992058499679803,0.9988912859735763,0.9988917060385339,0.9878043765932955,0.9448896111986096,0.9589568266907221,0.9610030133154872,0.9523401567808735,0.9297030469599725,0.9562576296934264,0.9526968791521593,0.9602357815332878,0.966400827048472,0.9553749959830443,0.9827915498088019,0.9827469842030726,0.9916456157287716,0.9934251600850598,0.9845214484353927,0.9789174340278559,0.9818425556029862,0.9844045683041242,0.9823362831496304,0.9822255300312301,0.9414498970649723,0.9713125844563828,0.9596848689132302,0.9595013244179257,0.9032763646812285,0.9819241543039281,0.9782958805996671,0.9833575718201872,0.9826965758776928,0.944637751913965,0.8943351663675652,0.8672535139183273,0.9108979600009366,0.9413146234277493,0.9301182376861483,0.9352437982525912,0.9345757595579989,0.8144550212719205,-0.46898402471877354,0.9758078307128756,0.9682806260308101,0.966913362868163,0.9852306908279393,0.9649949242148582,0.978926848471445,0.9787060551864774,0.9349139395221822,0.9798016456285613,0.9357854525904834,0.8279710111476052,0.9478370300305363,0.963492776462602,0.8240979304675824,0.953086081427318,0.9541603146461064,0.9006881468571943,0.9764437370716438,0.8951939495826147,0.3787236262751376,0.6906841214480836,0.9011844952331125,0.861026441968855,0.8979351415889798,0.9817134123164102,0.9818146384919748,0.7653859269226386,0.7586896972278813,0.7690335848497201,0.4855790528670113,0.7344264549076637,0.7726875813594477,0.7690460899368867,0.7359221560427983,0.8015017605845315,0.7487395058723498,0.7341279388134692,-0.5012662814780422,-0.5840182012049973,0.7728664615944962,0.892638534591065,0.9178782671626569,0.9418581391735721,0.9079246238135975,0.8290124059243237,0.9093619730513754,0.9136393811696275,0.9132221233774933,0.8057168996873848,0.11953964845057392],[0.9813493769587447,0.9895531029720448,0.990941316809984,0.9823319351829702,0.9840899956878477,1.0,0.9767746413526435,0.9785121276423647,0.9943802794603565,0.9780784381447848,0.9752150950464603,0.975102183631673,0.9782884519147206,0.9785736047012439,0.9783112095083184,0.9825534823379328,0.9790435459748116,0.9787491009909365,0.9787150381166239,0.977464817608898,0.9784124388959182,0.9930464206827747,0.9942853223092127,0.9824097202141028,0.9895009913081122,0.983084839088177,0.9802839698597434,0.9895366535919063,0.9775886772029124,0.9521942116425777,0.958943860587628,0.9712263590476403,0.9656501553267061,0.9764860949201998,0.9771576948138903,0.9780044030798,0.9793170843729834,0.9762223215600482,0.9777575265555254,0.9761275335402342,0.9781251480383534,0.9768894202830326,0.9768635249007475,0.996489076937486,0.9054754357185705,0.9385565321363954,0.9505320117139436,0.9578481244557787,0.9237453094624742,0.9175440344229185,0.9145839372526156,0.9208457772459215,0.9427830345511324,0.9202003388187674,0.9456661841746691,0.9532636582153982,0.95947637355583,0.9616337907972313,0.974049779007988,0.9900974617124273,0.9785382118361493,0.9868373954229636,0.9780861713710923,0.9776523081835704,0.9799526641865776,0.9776714488066603,0.9630311632780603,0.9626745995726693,0.9552186883335615,0.9851448216608477,0.9786727233214398,0.9742005457462803,0.9732721786638876,0.9736861974122341,0.9275627250687457,0.8917194359088065,0.9398411781347584,0.9360499749360113,0.9452327188354058,0.9270630874534077,0.9253248217773524,0.8126836274567927,-0.420227006116392,0.9865567069958872,0.9889283047451337,0.9858855101562585,0.9747767990246519,0.9812203561390553,0.9849071195640557,0.9845832840204276,0.9747323070420087,0.9756673590235897,0.9744332747400618,0.8339230455488126,0.91116783937898,0.9623343297899141,0.8656249119998327,0.9468577490019643,0.9477074419116441,0.8603175731153343,0.9559971717366202,0.8222027056144527,0.45081655629087597,0.6942141703248945,0.8325048385056638,0.8148345369370557,0.8228295984363997,0.9546470013536306,0.9545892202873536,0.7391261608942606,0.7415671617457505,0.7412675098036628,0.5044225762620472,0.7455540009079712,0.7460971380638928,0.7398555498693798,0.7403076913859367,0.7834451688697318,0.710054937757174,0.6994702661446134,-0.3372390653068535,-0.46532308591640265,0.7899302075098864,0.8528640240085774,0.8556819497189975,0.8822113985347588,0.8593849890467176,0.7944228029469315,0.8459450233553453,0.8493821127564984,0.8493183840294357,0.7990619844094968,-0.04071839239639075],[0.9979071738225603,0.9945000279141393,0.9892164275576533,0.9980806657287589,0.9989997653187491,0.9767746413526435,1.0,0.9978288427533211,0.955960908491701,0.9996709584007347,0.9996576622848209,0.9996920614199576,0.9986423292608375,0.9993075776984676,0.9998962999586538,0.9970860065134236,0.9999067927260672,0.9994787536686145,0.9994835839972245,0.9997571773060359,0.9994290818477353,0.9903383715684689,0.9734362270436001,0.9869768262001792,0.9250426415567953,0.9940289378437628,0.9933761643375255,0.972405385444098,0.9496620192975883,0.991442256239968,0.9922432681099519,0.9944071497765291,0.9787202140239765,0.9991542903820403,0.9998764419951789,0.9997581488792232,0.9995326674766213,0.9998125716267824,0.9998649257472563,0.9987389125992633,0.9997697687719337,0.9994832692704456,0.999191472323363,0.9782120489313029,0.9499722352214967,0.9606333148211508,0.9622951474255219,0.9506707676403386,0.9272014185849934,0.9612657667901273,0.9529510354715238,0.9636709986202955,0.9685816468856215,0.959472898466053,0.9834690573140836,0.9840848947439269,0.992959259489007,0.9962936234729022,0.9582540783456192,0.9669450928825281,0.9747393366154256,0.9762431525218046,0.9761498621537301,0.9582663624260418,0.905132632605362,0.9621495107180834,0.9633849971840034,0.950012549470292,0.8866166633829796,0.9728322766005544,0.9516545130795176,0.9734683999019842,0.9585758087804835,0.8264975429117366,0.8846334549536828,0.8236710182683122,0.8973143749588731,0.9140631782186833,0.91810429270122,0.9003691242755719,0.9107313102994046,0.4638299481598639,-0.5338988252226285,0.9661771012212874,0.9545621549956909,0.954203830216516,0.9594372337642867,0.9599485368694842,0.9719242316782764,0.9720348128720094,0.9217416956845276,0.9710953888308798,0.8703289677657725,0.8217923982716571,0.948542508583991,0.9443943258680728,0.8366121911411808,0.9598638336416718,0.9605760395393246,0.905661358501617,0.9763204282973829,0.8334847219529525,0.5439277519371991,0.7334597985724717,0.8589171878838958,0.8560597210381287,0.840357605316476,0.9825063482015887,0.9826673698883085,0.7881082221888656,0.757150787812355,0.7822923057077105,0.47919513835800076,0.7880575847885416,0.7972849969860123,0.7866394627528095,0.7974255925400654,0.8000633847210211,0.7563000272803908,0.740692244454976,-0.3234034099345189,-0.474952664730712,0.7805207412177091,0.8982521703078988,0.9210731547130807,0.9438814521730685,0.9153446835522779,0.8423937782269714,0.9123778027367135,0.9264990126710693,0.9247545326026992,0.7894124902411976,-0.06687515830129637],[0.9966614207850205,0.9927731037010544,0.9900878842321627,0.9969840884766681,0.9986640935240721,0.9785121276423647,0.9978288427533211,1.0,0.9661442093562684,0.99999984916678,0.9999994242669,0.9998126928048808,0.9999971431977086,0.999998399241863,0.9994255687094061,0.9926708603313109,0.9995473883137561,0.9999201336930138,0.9999198371110835,0.9999700795367745,0.9999988913841328,0.9910297326393703,0.9754356043294599,0.9933834931995013,0.9387548630859657,0.9945381763864701,0.9921375936603127,0.9746963340987582,0.9498931088471976,0.9878726001222807,0.9937803579509599,0.9931867226765715,0.9763246856032061,0.9995146807092039,0.9996337660094203,0.9997218872124234,0.9997764842200524,0.9994111506697546,0.9995866363549216,0.9984672893421944,0.9990275204524081,0.9995901207037288,0.9994709500417478,0.98006851826443,0.9499527136844651,0.9586717888360723,0.9650061899878248,0.9505974723026641,0.9202226004726406,0.9595573682853104,0.9490175374254357,0.9616738328517352,0.964083181664699,0.9543852903629042,0.9815928856118161,0.9816359236354812,0.9920658639593893,0.9965313391042304,0.9544298281158261,0.9645654024166108,0.9705749072220438,0.9743870719941742,0.9722788620405474,0.9571005362802004,0.9016584825500487,0.9591697571473593,0.9589452594965904,0.9461838567060477,0.8802477942607271,0.9711543454614808,0.9471692195434506,0.9695318403340988,0.9550099406227582,0.818285312926767,0.8801387054729737,0.8206193890685131,0.8925624912879581,0.9092440504671775,0.9154442213652656,0.8972034363752299,0.9059055640788867,0.45084015495698976,-0.5359429451190387,0.9637204230605078,0.9511686877483226,0.9507334233554287,0.9579311649492592,0.9576398185818962,0.969580912255441,0.9696930398719392,0.9199576803288709,0.9665606782021468,0.8643111020241884,0.8198281432085991,0.9582193077047574,0.9534108781833174,0.8348374527459381,0.9599006004450139,0.9607366969928357,0.903240646102075,0.9795274323929224,0.8354232957395707,0.5296590758764074,0.7255401156982977,0.8591048556875245,0.8527297541315356,0.8416039927007968,0.9844481654539302,0.9846063845312191,0.7800299678253404,0.7508206180654353,0.782765786545786,0.4691923453958397,0.7830136430555731,0.7925184638220454,0.7862890123651028,0.791812869451143,0.7949549359010993,0.7511163788361287,0.7350434871855405,-0.337543464243375,-0.4879126046755603,0.7719312428720688,0.8918064907066372,0.9183089534652911,0.9369304132532751,0.9103153063412464,0.8330310567869157,0.9063079001400883,0.9204112824963636,0.9188670908136422,0.7725578688982926,-0.05058444721979547],[0.9721784463907431,0.989651805583217,0.9915367616599018,0.9740041021840717,0.9841118235395622,0.9943802794603565,0.955960908491701,0.9661442093562684,1.0,0.9812331501608164,0.9862553882532618,0.9889405756255343,0.9696956788684569,0.9745374302725409,0.9729510594892652,0.9510331144043591,0.9778231541286496,0.9751569164620223,0.9751093251868239,0.9797244849405653,0.9743731467842892,0.9939010061813999,0.9944474529641575,0.9801950155030796,0.9903838208316597,0.983527117183618,0.9931033636229778,0.9921376906802419,0.9733967939936453,0.924534807953807,0.9461421946564695,0.9654794296840192,0.955899939828252,0.9689983604644392,0.977722851478528,0.9741864046961518,0.9764545065998149,0.9880664770951564,0.9790961828656417,0.9659530286215907,0.9755836910077864,0.9699728269228269,0.9689873617529096,0.9991784875524345,0.921023834546346,0.9343791172639112,0.9644814238946108,0.9562862172661634,0.9089459510403103,0.889965013425426,0.8930756703097049,0.8942936465157931,0.9271576552330076,0.904855286500464,0.9297418443488803,0.9482211857767803,0.9522085028000323,0.9573361840656396,0.916049751219916,0.9756085823727455,0.9572271820329434,0.9732255531898709,0.9570995801539117,0.9175987809219232,0.9340007345743215,0.9570828953354401,0.9350902969567748,0.9035206054144864,0.9057292273565646,0.9742442598927917,0.9330340379585964,0.9519421376675203,0.9177559921199535,0.8655694564992876,0.8898276646194235,0.7814923524260937,0.9042916129763562,0.9050806400798246,0.9177659345651702,0.8690932190619349,0.8872325098514818,0.5118423711050837,-0.4488847314476693,0.9678423925524047,0.9653426278498477,0.9629757086740519,0.9136437247857072,0.9601570255204954,0.9658662400706762,0.9654486365936283,0.9495135732034129,0.9528893522595475,0.9033439555872755,0.8243283681115114,0.9476910315640146,0.9664255422830064,0.8454969472026063,0.941524415636906,0.9428123292924442,0.8533566616871909,0.9663685756333857,0.7375150231890122,0.41013111019094345,0.6660086678479378,0.7719457031332523,0.7783849522660206,0.7501620859445571,0.9653868337156847,0.9653083027493861,0.7086250401484612,0.7138376590666998,0.6719315144123439,0.46560235305740816,0.6962984351239762,0.692096036520312,0.6697221746032355,0.6940288030489689,0.767120340630511,0.6904323236002725,0.6773531364388986,-0.373358990311481,-0.5082415586815247,0.7863852388232717,0.8453325075404868,0.8254536843242798,0.8646034466505054,0.8606084806000391,0.7727265839301942,0.8164049567448287,0.832690517214464,0.8259663077421724,0.7172675960299082,0.017730628228537867],[0.9967543690942594,0.9927727836511873,0.9926643559341125,0.9971236717725735,0.9986619286250599,0.9780784381447848,0.9996709584007347,0.99999984916678,0.9812331501608164,1.0,0.9999992301466548,0.9998166887789887,0.9999985356767261,0.9999979283644738,0.9997306620116369,0.9980948496381041,0.9995492039636439,0.9999015999262337,0.9999015482939885,0.9999809128937309,0.9999994258586884,0.9935153376901651,0.9774276646952108,0.9964786354158574,0.9690039832762287,0.9964963188434892,0.9921461846911623,0.979018573021671,0.9514744668407132,0.9900769186411562,0.9939153988245553,0.9912019528591646,0.9736819093129299,0.9995696230651919,0.999630826202283,0.9996468668286661,0.9998584671583944,0.9994203940688108,0.9995933368942505,0.9987176323466499,0.9990726550834467,0.9995816996514582,0.999577756390227,0.984631913638021,0.9499973748771606,0.9586938117061238,0.9649969216814237,0.9506020955467459,0.9202979902316055,0.9544200990166523,0.9472976987273292,0.9578727550345527,0.9627756947238479,0.9531770159846451,0.9817348290201293,0.9816664374119137,0.9927684924049559,0.9963919388974478,0.9758192309477369,0.9645345220676221,0.9729267623181408,0.9743689727321747,0.9735953517617364,0.9734554331336011,0.9293268001190576,0.9591630765829225,0.9510046144220626,0.9508150114083292,0.8921010029419069,0.9711283458343043,0.9694718811524835,0.9748124076989677,0.9739783968782583,0.9316291108649714,0.8801353030987759,0.848004274293489,0.8925582898702161,0.9259768301955198,0.9166001191540313,0.9209297175734603,0.9203001900546357,0.7748589594520047,-0.5225402668206016,0.963702741083127,0.9511343072034585,0.9507123494930786,0.9766861783615627,0.9534012982084807,0.9693734542894357,0.9691394054642039,0.9207114164122238,0.9704237972824972,0.9217991180318211,0.8198225117709332,0.9581275716621999,0.9637129621234355,0.8231045636674514,0.9550541998437171,0.9560803824734799,0.9033153259343055,0.9789093023505727,0.9034283331030001,0.4232074751071122,0.7069662525631389,0.9093091566744915,0.8690232690711618,0.9058969681835161,0.9844410008907625,0.9845994330968275,0.78010147646101,0.7509050327149104,0.7832843518757036,0.46928247202547224,0.74947812915935,0.7873630174997163,0.783190750067304,0.7531687195565381,0.7950039395820694,0.7512114405100739,0.7351390716868029,-0.5439080738248617,-0.6266964525934697,0.7720471897759491,0.891907932594247,0.9212682061447989,0.9436994002323108,0.9104123295537845,0.8309906755414931,0.9095616490465591,0.916397024305247,0.9159314867590602,0.8166156496474317,0.1760999050448053],[0.9950564861964172,0.9928091291179812,0.996552671065305,0.9956460837637727,0.9983435397020082,0.9752150950464603,0.9996576622848209,0.9999994242669,0.9862553882532618,0.9999992301466548,1.0,0.9998152272409601,0.999996559087675,0.9999982593180661,0.9997181382559427,0.9979324955853285,0.9993567028204992,0.9998245014442425,0.9998246137686002,0.9999984827072289,0.9999986065533354,0.9932906513549923,0.9751979338127051,0.9958265298532156,0.9769802795606254,0.9962689255294946,0.9921592696328075,0.9815407351990966,0.9471851495768066,0.9901866138750504,0.9939326092091186,0.9864030679463301,0.9543393147854371,0.9994173066966443,0.99946403539367,0.999418129977849,0.9999145977718191,0.9994083311904867,0.9994265014101162,0.9983188349117401,0.9987741026727646,0.9994007302154649,0.9993988012191227,0.9874624761467621,0.9497858227954146,0.9338783736820141,0.9649717436995371,0.9505593661903244,0.9201117072567924,0.9327570572829977,0.9253814373883552,0.9363032055682877,0.942989156676298,0.9315396429394691,0.9766339891495861,0.9766158560583335,0.992051290660055,0.9951661257853406,0.9695987353608418,0.9646738179124961,0.9620416607488269,0.9672722597761712,0.9630090367662564,0.962806220170002,0.911611594846162,0.9503847259356425,0.9176776082288459,0.917291947053339,0.8383232434246992,0.9700106018160165,0.9743583645888569,0.9715071653230206,0.9705102921961307,0.9287026570472764,0.8346065733156871,0.807532772514663,0.8669476960289545,0.9130464229257161,0.8889660890612291,0.9009621440893439,0.8999555782559758,0.7850670297395417,-0.2759630867866015,0.9539729987815061,0.9512995766402628,0.9508449116542074,0.9704828910057705,0.9424092670539602,0.9560579383326687,0.9555358687911432,0.9016239462759673,0.9579939378180046,0.904327581054159,0.8199725076721565,0.9583624830275984,0.9683436546753139,0.7439659881211896,0.9238747926609435,0.9260383748882077,0.8649836385905489,0.9859373608567655,0.8534151370738376,0.07254145494053595,0.5711094337372741,0.8648623666518414,0.8369882029814943,0.8604737060646036,0.9867078718243611,0.9866976314975661,0.5729806270575145,0.6780789898110924,0.5800126580398616,0.46924331117673473,0.5519189898695971,0.5883433065251067,0.5802043647924903,0.5205603516603718,0.7862024127057425,0.6402362326701716,0.6042303728766588,-0.5023917803525907,-0.5628558310239073,0.7716542557438416,0.8754335355382401,0.8863155787717925,0.92284752271084,0.9051476670075388,0.7342921939281221,0.8748119950936311,0.882013122073956,0.8814672231687243,0.659791175019379,0.13847677413564027],[0.9943184988654838,0.9937653596052473,0.9959145689931133,0.9950558496966608,0.9982713449449252,0.975102183631673,0.9996920614199576,0.9998126928048808,0.9889405756255343,0.9998166887789887,0.9998152272409601,1.0,0.9998275157202605,0.9998199654343175,0.9997060755028451,0.9985158683817591,0.9995186145021979,0.9999763054873041,0.999976152237855,0.9998199020565096,0.9998239427655353,0.993187864933491,0.973839737939467,0.9946903267986561,0.9772951946089409,0.9952608206008822,0.9937902297823442,0.9779134924325447,0.9330790630228718,0.9930132704495914,0.9952492495018902,0.9831507879661592,0.941085580733869,0.9995448249422096,0.9995801962407276,0.9995434960892295,0.9996784915171439,0.9996884060680907,0.9995551797830919,0.9982445958925548,0.9987999904998609,0.9995280669449336,0.9995250269383124,0.989009239752174,0.9463548377987165,0.9257835647912833,0.9623665143163695,0.9487216371747776,0.919840896538943,0.908216189750407,0.9372550007200607,0.9108641822743678,0.9273920544593498,0.9070177123681601,0.9677552568208121,0.9677463056199834,0.9852700191379766,0.9952075456990191,0.9693852641728209,0.9692111505693268,0.958613956494428,0.9662049950418605,0.9604423157408583,0.9602828088671232,0.9148415529957293,0.943280895430951,0.9041156526508262,0.9038754017347334,0.8309592760884582,0.9701737449895064,0.971771380177751,0.9717488458382556,0.9711454382045707,0.9371461086954442,0.8047106008961818,0.7780414532608777,0.8456407525930719,0.8991892996164552,0.8663551420705847,0.8834717318456241,0.8828491972788042,0.7793480636932812,-0.1038935508991403,0.9497779219131762,0.9526893882152973,0.9494514757290932,0.9698962199488815,0.9436317468368273,0.9524344877035162,0.9517502058663128,0.9036113414533006,0.9538929273921072,0.9052502479479496,0.7867564565467666,0.9564936377651848,0.9523179203350122,0.6536700806527843,0.884041946864596,0.8875531633823793,0.7816073814211575,0.9810968102395069,0.7596893617261854,-0.2870547097903359,0.33411299101684216,0.7814969170440029,0.74055684857043,0.775497048197575,0.9821822218088082,0.9822465138856228,0.3043014709785352,0.4619332548189914,0.3106533093344629,0.2823818770432798,0.3023364280002324,0.3158918673788353,0.31344640320791267,0.2309694115364165,0.6297312291545012,0.3711574810908701,0.3203808173843484,-0.5063735676020242,-0.5564021879406925,0.7710000859703505,0.7937190167058621,0.8138054410117352,0.8783502455791723,0.8503145766020983,0.6594420506922787,0.8132266907525216,0.8103813277066382,0.8095636350141047,0.5044073739609898,0.32045188011181314],[0.9967345098729079,0.9928308708529386,0.9899236636090272,0.9970418711837077,0.9986713013956904,0.9782884519147206,0.9986423292608375,0.9999971431977086,0.9696956788684569,0.9999985356767261,0.999996559087675,0.9998275157202605,1.0,0.9999977394406315,0.9994646603155086,0.9941423767456012,0.9995806278259173,0.9999293744816145,0.9999292123420981,0.9999765709108326,0.9999990098503563,0.9908923520408937,0.9752084778513257,0.9940254942729735,0.9435660670451094,0.9944775020833754,0.9922150543312588,0.9744614788150072,0.9497601827170676,0.9887890051295419,0.9938767229771788,0.9932621041648393,0.9764236758707703,0.9995565268244488,0.9996691817016853,0.9997489478991239,0.9997731344491133,0.9994545509719526,0.999622040991828,0.9985454120113854,0.999083748318507,0.9996307666358777,0.9995127190885899,0.9797971491381345,0.9501383422012043,0.9587845974592892,0.9649144367825842,0.9505877019379216,0.9206230560890004,0.9599009770128973,0.9493729847966468,0.9620169584095517,0.9643513649320923,0.9547345161421811,0.9818377633586796,0.9818034864894011,0.9921906859484232,0.9966270872796475,0.9546351485239711,0.9645243665975992,0.9706722743892722,0.9743823509628926,0.9723767644085569,0.957251989718284,0.9014758180194895,0.9592271665412194,0.9591229299402988,0.9464354794522214,0.8801943356645777,0.9711199959187925,0.9472547344217991,0.9696321617087257,0.9552026828776755,0.8180986859867406,0.8802247114853398,0.8209397967651526,0.8926498951677461,0.9093633654785047,0.9154847467289059,0.8974410825477128,0.9061231408591045,0.45080413350908266,-0.5361663585710886,0.9637240725336126,0.9511751362269002,0.9507421605993988,0.9581005848168097,0.9576267366269248,0.9696065092367344,0.969719995108737,0.9198065180493599,0.9666764757826231,0.8641593656630608,0.8198468312890954,0.9577836072824859,0.9529446047084646,0.8347863037893677,0.9598934960181816,0.9607227018213605,0.903586784598444,0.9794121841617434,0.8359501408269784,0.530805107349851,0.7261635900470246,0.8596106798696898,0.8532687387316109,0.8421186906421855,0.9844070028586825,0.9845658672260359,0.7806259094298493,0.7512753745177269,0.7834088497962255,0.46970757406693225,0.7836753232901187,0.7932259705535164,0.7869502654493244,0.7925292714123756,0.795266760134763,0.7515687426633193,0.7355053573353807,-0.3366836709980682,-0.48716795054402706,0.7721714523845008,0.8922947634205448,0.9188131994702057,0.9374516350405985,0.9107775909108216,0.8335512212452418,0.9068896333018099,0.9210103573758387,0.9194615059725746,0.7732120787769935,-0.05163545357553108],[0.9966986067677058,0.9928079885587685,0.9901355471813428,0.99702082792638,0.9986927830356572,0.9785736047012439,0.9993075776984676,0.999998399241863,0.9745374302725409,0.9999979283644738,0.9999982593180661,0.9998199654343175,0.9999977394406315,1.0,0.9995440143357971,0.9974784464473809,0.9995603990821426,0.9999223538242639,0.9999217379748153,0.9999707686403619,0.9999977944213183,0.9910704287653751,0.9754944384485597,0.9955733820035634,0.9555475374692942,0.9953165391814144,0.9921747783876124,0.9747466428394591,0.9500394965320632,0.9912590959030986,0.9941170739312402,0.993141903017296,0.9762509182086254,0.9995241649784786,0.9996338323262287,0.9997275329551089,0.9997892927678539,0.9994298523981974,0.9995835534466236,0.9984883891230202,0.9990405451658193,0.9995981810691743,0.9994812065866041,0.9800693948328536,0.9499922846296132,0.9586884813372634,0.9649485844018559,0.9505813686601189,0.9203824217188996,0.9596229261985805,0.949126842499872,0.9617665429346745,0.9640420452851383,0.9543101740422407,0.9816103303728356,0.9815850906598329,0.992039677371962,0.996497597973934,0.954673890928283,0.9645882376569603,0.9707117108636668,0.9744636237193626,0.9724042160052281,0.9569454909208507,0.9018280212507142,0.9591145273025611,0.9590022894130349,0.9463545122671739,0.8803586236579304,0.971271220780317,0.9474517295612205,0.9696995730535036,0.9552662218771467,0.818565181288605,0.8801688661034357,0.8208377876814326,0.8926260544007533,0.9093867235939053,0.9154634232122996,0.8973329482745882,0.9060480194909393,0.4511537900602475,-0.5356515001293166,0.9638071061435094,0.9512046789403176,0.9507760632156186,0.9570589495098437,0.9577874492499977,0.969659573010995,0.9697689877968085,0.9201278864490093,0.9666987209880229,0.8645214173013888,0.8198325028120917,0.958014172338492,0.9533354327085586,0.8348571325853378,0.9598433449229534,0.9606827904349995,0.9030718675117474,0.9795398647995438,0.8354430039573507,0.529477532780405,0.725432201852247,0.8591043606558847,0.8528313629991721,0.8416201515962262,0.9844755380075547,0.9846311643039193,0.7796798390897697,0.7505320502877004,0.7827398436750653,0.4693882718902469,0.7829871193906484,0.7924387914621789,0.7864257250560582,0.7917164132633436,0.7948897262757624,0.750459922425188,0.7344182658541687,-0.33737516341287954,-0.48774090120427593,0.7720226921245265,0.8917236154204976,0.9184145430915155,0.9369580494284805,0.9103562422481953,0.8328466164206029,0.9064819306337613,0.9204330339973942,0.918998242993975,0.7726340588909828,-0.050823757857612936],[0.9979084651933977,0.9946570420480781,0.9897396670008464,0.9981103524513988,0.9991435768244765,0.9783112095083184,0.9998962999586538,0.9994255687094061,0.9729510594892652,0.9997306620116369,0.9997181382559427,0.9997060755028451,0.9994646603155086,0.9995440143357971,1.0,0.9986264077571031,0.9998735450949031,0.9996148641843843,0.9996187095017365,0.9998008350938868,0.9996066329951413,0.9908613092542694,0.9747534724151973,0.9944762163619566,0.9496684843562858,0.9941122413694268,0.9936533803718584,0.9734776787204384,0.9509210661903735,0.9915179725828779,0.9926448684000246,0.9938953590135698,0.9780930815250038,0.9993383406096157,0.9997542290193627,0.9997555631612043,0.9996346267435015,0.9996867818323475,0.9997222632670933,0.9989797167342952,0.9996509785549024,0.9995582363567739,0.9993461650402752,0.9790448582941307,0.9491331666195171,0.9605442010133816,0.9637795399221469,0.9521673314116893,0.9259016964863443,0.9613880446663936,0.9530510494569436,0.9637875100395163,0.9675849690269726,0.9578836342006003,0.9832872461925521,0.9832307016176891,0.9928349928926555,0.9960337384074368,0.958652451507353,0.9679954147101879,0.9748748238816687,0.9768626810727022,0.9763398310366421,0.9594329445716385,0.9063313814673073,0.9623761200863227,0.9634942681747775,0.9505842191082531,0.8870176819062321,0.9736452740621507,0.9517732422752766,0.9734713030300135,0.9590389422438831,0.8259909098854257,0.8851365903692937,0.8249855399719956,0.8978688903063804,0.9138228136631842,0.9180709976055755,0.9007652028323018,0.9105743209094833,0.46205157634341765,-0.5323796257582327,0.9669563997688909,0.9556515129314281,0.955146145222752,0.9604761279603011,0.9610919950122103,0.9725069695948646,0.9725905906594131,0.9238781665076437,0.9711040818053149,0.8708327255755103,0.821458573194209,0.9508827767586588,0.9468526734475045,0.8374184645290079,0.9598835010306688,0.9606315624733147,0.9028675429466992,0.9766019434869481,0.8346437552991,0.5379624026596185,0.7299922693837543,0.8590022062678321,0.8552445764066249,0.8410363118104422,0.9824828600076031,0.9826250004996184,0.7843041633890494,0.7534716095006042,0.783303481174637,0.47626954931243237,0.7868788933038534,0.7960942045473205,0.7879162096331811,0.7959094702175457,0.7973815507642722,0.7517345848582953,0.7361427136592982,-0.32584037547011896,-0.4771706916656196,0.7790975979978942,0.894390873001938,0.9208599111080397,0.9422346948576613,0.9118462117414228,0.8397883925748154,0.9118787726902434,0.9250424547338965,0.9237877493493512,0.7847794398462267,-0.06229563436705905],[0.9982933133400015,0.996598309750154,0.9910089141848841,0.9985594060388481,0.9989734690398807,0.9825534823379328,0.9970860065134236,0.9926708603313109,0.9510331144043591,0.9980948496381041,0.9979324955853285,0.9985158683817591,0.9941423767456012,0.9974784464473809,0.9986264077571031,1.0,0.9989937856589185,0.9978271489973268,0.997826867606177,0.9981905023134595,0.997532112223381,0.9928144548325689,0.9785292774915454,0.9814416939264186,0.9246046268081998,0.9919329833352158,0.9947840246648609,0.97673916404446,0.9587633654840928,0.9916461647521567,0.9895633472184713,0.9919084691034354,0.9776671408792985,0.9975304200765722,0.9983384381856208,0.9981926036020515,0.9980341969943087,0.9988776915521864,0.9982416948461118,0.9982402220095425,0.9987809166669354,0.997692873992018,0.9976002059086672,0.9798936855193643,0.9440300066934451,0.9602520865566745,0.960045476360824,0.9530340292989147,0.9301045133575659,0.9608926611998412,0.9532544215986433,0.9637395092705455,0.9663356088903257,0.9543497479153144,0.9808489988519662,0.9809406542018089,0.9887743758751184,0.9914136464306147,0.9676670824492144,0.9741008697350686,0.9809378081029347,0.9812431384201159,0.9816712360879556,0.9673575874086787,0.9189516803271794,0.9663062532594139,0.9677978568220342,0.9582364131436484,0.8994906903567227,0.978687968254607,0.9626927420879202,0.9795383428083155,0.9680255032694738,0.8448753613168976,0.8940575750815711,0.838056577892448,0.9073266839193398,0.9246197775470445,0.9255826319409509,0.9086472155474469,0.9194660215269401,0.49174635912131553,-0.5062109809547939,0.9728758485958341,0.9619910182762972,0.9624982798521734,0.9693377809818478,0.9681298402706171,0.9774123129282014,0.9774219369730675,0.9349274942345691,0.9777911660045399,0.8873862621188148,0.8238620857974055,0.9421105330566473,0.9431847890709971,0.8416982469454842,0.958126714755638,0.9589169566856292,0.8958389799179908,0.9746586272636582,0.8279580817333877,0.5264605958970044,0.7249636178773156,0.8490845277955571,0.8503680908622102,0.8315138188982808,0.9793129693447806,0.9793671077875855,0.774552513312119,0.7498854203239654,0.7756068705816704,0.48310464142187876,0.7785548196506595,0.7849623682469181,0.7864548291502185,0.7855130379014945,0.7958822596156863,0.73854427165206,0.7241699155370346,-0.3140097128215