var config = { responsive: true }

var correlationAdjClose = {"data": [{"type": "heatmap", "z": [[1.0, 0.9999928558203233, 0.983819044774689, 0.9999205035430333, 0.9988133167056925, 0.988903155174912, 0.9973376261559116, 0.9949354463142381, 0.9952101559942467, 0.9797980254608989, 0.9911017996302991, 0.9950896223033043, 0.9942598647901526, 0.9949938596122109, 0.9951413881987591, 0.9963527845670117, 0.9980352627509068, 0.995762119929991, 0.9957770963027072, 0.9957902193229708, 0.9950353828385078, 0.9846968463736576, 0.9672528409344046, 0.9870169648240907, 0.9857971997565547, 0.9776127297066225, 0.9611975152591212, 0.9390296762849971, 0.9946949497921461, 0.9947276081231512, 0.9917724979579083, 0.9747128012999039, 0.9972479492277245, 0.9975689282627618, 0.9968944542753496, 0.9951590987177749, 0.9945413240317449, 0.9973977658546379, 0.9974693598500007, 0.9986337643879578, 0.997183761984439, 0.9971975831876675, 0.975755407810267, 0.927697844727169, 0.7652739114208071, 0.9028199928124884, 0.9198651924917199, 0.8536487277300068, 0.9711154967302632, 0.9444620930933894, 0.9722325662921786, 0.9683295103403212, 0.9635274375021641, 0.9864953827577442, 0.982808832803714, 0.9830087584630043, 0.9755366050813815, 0.9849725309021752, 0.9822056077358795, 0.9856434308630432, 0.9853925118527089, 0.962855954691698, 0.9642365927246596, 0.970452888093973, 0.9701333364706204, 0.9411300102767934, 0.9741231430535957, 0.9725805110513888, 0.9809831446197602, 0.9800243660692153, 0.9336282430222087, 0.8502452204438471, 0.8186324944068999, 0.8691859660313628, 0.8985730577947257, 0.8923992346567938, 0.897217163437318, 0.8958977013638428, 0.6032883085488704, -0.5152572416514222, 0.9746717008533798, 0.9638387892595915, 0.9604622972616728, 0.9839554431159561, 0.9420599114000429, 0.9800671413361441, 0.9800182876780763, 0.9414079290433996, 0.9804511046471723, 0.946326156792207, 0.5916259155437736, 0.8325429450516297, 0.9099029154633101, 0.2459255008526842, 0.9135613978239092, 0.9356124459686879, 0.8045065679352064, 0.9536392523631885, 0.8964036783270297, 0.674503138612168, 0.43459151143486474, 0.8920340892975892, 0.8609033786377144, 0.8880059061465269, 0.9651768774608972, 0.9654301882429193, 0.7381769300728896, 0.6973307449560331, 0.8277142214808375, 0.3265496729073294, 0.7950828450578866, 0.8334107049979353, 0.8198175145185485, 0.8181632076921792, 0.7309035196523589, 0.7364853586876288, 0.7158305530161818, -0.22470915477022438, -0.35785402719893056, 0.6112825933636923, 0.9011989826005542, 0.9475074514298789, 0.9508025744434874, 0.9198295103187625, 0.8277811388410018, 0.9186565302902697, 0.9410073322056429, 0.9407918905111105, 0.8763081222820472], [0.9999928558203233, 1.0, 0.9799467313408557, 0.9997456182905823, 0.9971442175881919, 0.9897518896688084, 0.9922250281506381, 0.9870702862191966, 0.9871171912737694, 0.965421038052664, 0.9898383001405602, 0.9873719321065603, 0.9871553118304228, 0.9872115062812384, 0.9873198581411669, 0.992721828457849, 0.9946205520372146, 0.9910003927277428, 0.9910023718903616, 0.9872068905383498, 0.9872767825743247, 0.9865092132515328, 0.9576509736410403, 0.9819515372294048, 0.9814902940756979, 0.9774401432926139, 0.9686421902109801, 0.9009886257136477, 0.9880871366148133, 0.9830658260713429, 0.976034360455237, 0.9095506730721774, 0.9941526532090871, 0.9939376441680057, 0.9942569732595549, 0.9887247888875094, 0.9935615130174148, 0.994227596618892, 0.994589380506894, 0.996494322651717, 0.9942709075205788, 0.9942809344110136, 0.9838752707488623, 0.927428628171363, 0.6546453634548036, 0.9025748760236798, 0.9203156091633566, 0.853803825854504, 0.891409460931182, 0.9144695305877898, 0.8953478170249487, 0.9076376771478755, 0.8902625486548118, 0.9570166150957882, 0.9568883736169121, 0.9706449320453473, 0.9753867058368502, 0.9678552959010103, 0.967566149979853, 0.9710321264086595, 0.970947506588899, 0.9267162339668296, 0.9352368464803567, 0.8959069648460232, 0.8957741510255475, 0.7762451297432431, 0.965056704892822, 0.9676824236878248, 0.9680464235656661, 0.9674606314791235, 0.9226926852927528, 0.6075193526841207, 0.5453388142114305, 0.7106255767191767, 0.8141946415505948, 0.7328456801872345, 0.7765842731163977, 0.7748472095581596, 0.5342144232400141, -0.26315773053504765, 0.9493235944893298, 0.9579832969137997, 0.9489821694305801, 0.9718107250162894, 0.9051575444220822, 0.9548289632387783, 0.9536869083564941, 0.885533030473887, 0.9585069177677064, 0.8928190762611918, 0.37427697238429414, 0.8314216660548363, 0.8347554928434853, -0.2659941716079785, 0.5785960106227606, 0.69127593865895, 0.6127514083661441, 0.9484532503528738, 0.6344019101562816, -0.17665414041985805, -0.13009671258274821, 0.6010831576870341, 0.610088078090637, 0.6566069190394008, 0.950324193429451, 0.9501241425744418, -0.11456190628402316, 0.11151996054304054, -0.04549996517950165, -0.065115378554688, -0.03789324865406754, -0.021878446649739255, -0.053232678434017244, -0.0904725474720816, 0.2764348183740847, 0.03605718985578927, -0.009698709382764644, -0.4566046297384204, -0.4842964424132917, 0.611266255817455, 0.7422731385748367, 0.7636378316316791, 0.8267747060328189, 0.8202629119636801, 0.5199344727962792, 0.7281299424657128, 0.7628577324327396, 0.7613840419376066, 0.4153338953183546], [0.983819044774689, 0.9799467313408557, 1.0, 0.9852859098489687, 0.9922428881243665, 0.9891910571659368, 0.990561076352104, 0.9908616247390004, 0.994193348611247, 0.9528796182206357, 0.9966227604566419, 0.9907695885669804, 0.9927336628809204, 0.9909282717622142, 0.9908272390576588, 0.9913784342695942, 0.9896245771565355, 0.989355383699272, 0.9893181711037305, 0.9926943100910866, 0.9907880254078375, 0.9928975127714432, 0.9773665245781243, 0.9901837775692496, 0.9905568236070199, 0.9754929348373957, 0.9803532874886981, 0.9429338421094537, 0.9738428024091526, 0.9768913990768345, 0.9784149803703969, 0.9497959343597043, 0.9877717457198133, 0.9908972515649093, 0.9890780505701392, 0.9929532588688862, 0.9942256666973188, 0.9918807950288672, 0.9871181265883834, 0.9871328669753274, 0.9880448411469743, 0.9873935263908608, 0.9898556710443389, 0.9271324134168298, 0.707383528321669, 0.9296062985481099, 0.9053947405527488, 0.754462573016676, 0.9321264703349192, 0.8993280581572881, 0.9332654335772763, 0.9281954675641291, 0.9210956955482446, 0.9537588238294915, 0.9604525229553154, 0.9266575547952062, 0.941682061753793, 0.9500684072046706, 0.9551311825797785, 0.9508100843242235, 0.9249928575475581, 0.8863735315856156, 0.9186265631479201, 0.9210346693094245, 0.905114700270851, 0.8531397629064603, 0.9551016995088724, 0.9317630767809926, 0.9505844656242917, 0.9285261329344465, 0.7475022545394611, 0.7852301471072072, 0.725059065017924, 0.8059689061603065, 0.8551873244801785, 0.8513567906234899, 0.8256899372378389, 0.8390652197613738, 0.27613082628285623, -0.5213864601566335, 0.9399042640125186, 0.90629714358906, 0.9129110366576827, 0.927243429734091, 0.9016947540007165, 0.946182257492355, 0.9458306035862042, 0.9019885651004579, 0.9432448578095578, 0.8211064310861549, 0.5598541439021799, 0.9189162587123191, 0.9290964435143396, 0.16438084860661537, 0.8914581845087927, 0.9166050677291472, 0.7896044084612096, 0.9756099864825616, 0.7788433386377036, 0.5838870553993207, 0.3537361078096761, 0.7849901420214846, 0.7852349182799915, 0.7733256538994222, 0.9796289627385691, 0.9796815242286752, 0.6548952387411223, 0.628340756584789, 0.71532111067047, 0.2521238265437286, 0.6885209800084646, 0.7127649669967114, 0.7284702428977391, 0.709380446535886, 0.6804788535295114, 0.6590826860781791, 0.6363267085463319, -0.3033017298784227, -0.43565919700363887, 0.5580228460069111, 0.8593565818766672, 0.8978753536066097, 0.8982747865727397, 0.8918099714913702, 0.7558046236161254, 0.8719190314548754, 0.8863294764847824, 0.895431548619431, 0.7405578951270504], [0.9999205035430333, 0.9997456182905823, 0.9852859098489687, 1.0, 0.9991373480852871, 0.9897667033259953, 0.9977214497596292, 0.9954999091181151, 0.9958916726743254, 0.9796058474180579, 0.992833272857207, 0.9956366125175797, 0.9950203984567337, 0.9955564847853445, 0.9956797649292459, 0.9968879974258632, 0.9983894667575363, 0.996253541821193, 0.9962659372712731, 0.9963783941147523, 0.9955850071789248, 0.9860124179462827, 0.9686094969050462, 0.9881786607825805, 0.9870691966974645, 0.980602803208814, 0.9633803910895283, 0.940280100526027, 0.9942772000303126, 0.9944702214423455, 0.9919872627445574, 0.9744990904622758, 0.9974445569691073, 0.9979328067214988, 0.9972483878870992, 0.9957759757061058, 0.9955737417635997, 0.9978020940586428, 0.9976109085556374, 0.9987952741162754, 0.9973702203974789, 0.9973807369688555, 0.9775908472588793, 0.9235777159906892, 0.7590319221758765, 0.9035850527145699, 0.9165779437587044, 0.8429586305859691, 0.9683243312247141, 0.9410316420432816, 0.9693246072668158, 0.9657580263485657, 0.9608089132015043, 0.9844680905284771, 0.9813214806383282, 0.9810173044753292, 0.9732605409832688, 0.9832064466330062, 0.9811100936400725, 0.9837976033904773, 0.9835441049244806, 0.9473960356529673, 0.9623498669763152, 0.9686691209671746, 0.9683523417656562, 0.933896688561863, 0.9731286842139657, 0.9683985570087437, 0.9789241593555493, 0.9779215971384395, 0.9017728295005226, 0.847940122350746, 0.8134737824034243, 0.8665349422016128, 0.8946254850491424, 0.8913547974559829, 0.893901429358395, 0.8926628764969826, 0.49590951146874007, -0.5155625928245161, 0.9731982393102506, 0.9609105007305426, 0.9577773675673583, 0.981968526464885, 0.9401849603722688, 0.978784466199738, 0.9787384954448449, 0.9398673150126706, 0.9784566612395098, 0.9232297088530003, 0.5976724117155849, 0.8429473808806279, 0.9145544554196224, 0.24611111619776882, 0.9153336793270643, 0.9371357468184989, 0.804965789556116, 0.9552204349874488, 0.8903382475597311, 0.6717044589150973, 0.4321722419148489, 0.8870723526005366, 0.8574834043238471, 0.8827025434534286, 0.9663554571667466, 0.9666175860912556, 0.7374667006005411, 0.6978645131404778, 0.8198664367768895, 0.3289355984498638, 0.7896435489070402, 0.8252691276067315, 0.8117524795680529, 0.8130173671405551, 0.734136837024646, 0.7368066742268201, 0.71621350196526, -0.22006702038709783, -0.3570484203019807, 0.6090534985697882, 0.899464056267817, 0.9459117712974148, 0.9492354205977569, 0.9189306106933388, 0.8250834934153083, 0.9168567132480012, 0.9389825383966133, 0.938924989689719, 0.8686048442987543], [0.9988133167056925, 0.9971442175881919, 0.9922428881243665, 0.9991373480852871, 1.0, 0.9923273876399924, 0.9990507406941852, 0.9981524855054617, 0.9982041685529275, 0.9725206622547548, 0.9973755003433715, 0.9982093823410149, 0.9979409508283269, 0.9981891490072633, 0.9982546306453199, 0.9985097267441047, 0.9991503127927256, 0.9986166911569272, 0.9986192606453648, 0.9982910553697788, 0.9981904421036982, 0.9930995855964522, 0.9763688113967739, 0.9931650780234389, 0.9930642169054533, 0.9848997227088895, 0.9781175678942865, 0.9436662175667743, 0.9909566188050288, 0.9929440710476459, 0.990093695450791, 0.9652416532799872, 0.9989789983409606, 0.999001071273287, 0.9989824836292027, 0.998323708510209, 0.9985532739532941, 0.9990790219126952, 0.9991433996278755, 0.9990361931252313, 0.9989612644049579, 0.998963372694584, 0.9882724953765837, 0.9335266951259072, 0.7350403239542153, 0.9205900224095153, 0.9188802701084806, 0.8214889945787675, 0.9532808571241776, 0.9263925810460283, 0.9568121051786527, 0.9570556267970698, 0.952086437086859, 0.9804071897966369, 0.9803277289571238, 0.9761404196458835, 0.9660011270493117, 0.9771214839207049, 0.9758379688392651, 0.9774359081402016, 0.9771116727445045, 0.948663769624057, 0.9504976521843654, 0.946974106592846, 0.9465354047276192, 0.8955060975237635, 0.9693295650664174, 0.9660609751325352, 0.973238813984552, 0.9721633716389144, 0.926733719201568, 0.8202351849336879, 0.770752279657328, 0.8463298876805113, 0.8950980049762298, 0.8746003334341218, 0.8840707270742081, 0.8828221347757376, 0.652210124699299, -0.5879607678585389, 0.9646647118326878, 0.9461259554755337, 0.9447988595223136, 0.9774305799396503, 0.9190569680770849, 0.969814591210101, 0.969273092491225, 0.9266399361702327, 0.972106308142138, 0.9315202427923136, 0.5822091292918891, 0.8706232954955996, 0.93614188505436, 0.1425263153661242, 0.8891293442489525, 0.918142313632905, 0.7981235739985718, 0.9615738852843231, 0.8767389635968632, 0.5276451690522678, 0.29795008295271735, 0.8636342157074859, 0.8130871419576078, 0.8645256215188729, 0.9711037304458247, 0.9713057103273051, 0.6884305057999665, 0.6765815626086121, 0.7300406422352173, 0.3009919937964549, 0.6653802863285108, 0.7390838113795047, 0.7143468859590101, 0.6950372746563498, 0.715937970603745, 0.7178560879073849, 0.696203456887367, -0.45088018381618056, -0.5243235110123867, 0.5945061909054349, 0.8915047768970034, 0.9291370479359572, 0.939642023332222, 0.9148367172235853, 0.7988041835878673, 0.8970205026217196, 0.9222786761707669, 0.9217342730150035, 0.8015250003055739], [0.988903155174912, 0.9897518896688084, 0.9891910571659368, 0.9897667033259953, 0.9923273876399924, 1.0, 0.9893905709683413, 0.9890242635279939, 0.9883454885566129, 0.9667273682973886, 0.977626174899819, 0.9890015711346001, 0.990014560206395, 0.9890894496373512, 0.9891790410784498, 0.9920064568902649, 0.9904036934798675, 0.9899800061793032, 0.98995443806726, 0.987794993930429, 0.9890193332000072, 0.9962231274829966, 0.9908885605332344, 0.9883814386433482, 0.9880151187680746, 0.9628136431810468, 0.9833580238962403, 0.9640807521873139, 0.975542369125784, 0.9786329218829798, 0.987355248369067, 0.9747782634534288, 0.9894284103787868, 0.9895254131740026, 0.9903566494912845, 0.9900614704272757, 0.9812669828273132, 0.9901818443412811, 0.9897514134606097, 0.9897120207372564, 0.9895254106425053, 0.9895034414730792, 0.9940493276690474, 0.8878498982822678, 0.7460237653511518, 0.8773046155552247, 0.9195147692368517, 0.85366726184068, 0.9429286414201892, 0.9143984405639088, 0.944459719969416, 0.9506990983479234, 0.9414988249896227, 0.9654787310861965, 0.9699202023767782, 0.9654550135326754, 0.9763270333740398, 0.9669003610258692, 0.9784513298272637, 0.9668957484415304, 0.9663060414256002, 0.9637341803717387, 0.9561975241065905, 0.9429028276627685, 0.942419149312297, 0.9267359464873208, 0.9749315317950834, 0.9671523367217203, 0.9662389585214903, 0.9644348346040217, 0.9434285894952438, 0.8478676859805505, 0.799879892434351, 0.8681824352900903, 0.8891133767469444, 0.8960957703165113, 0.880324575311434, 0.8784075116277843, 0.6215680399564387, -0.48627149608519665, 0.9716669652896501, 0.9647391466305109, 0.9618467514099537, 0.9666836112841515, 0.9380214456864282, 0.9726379127092358, 0.9723172512991242, 0.9489811369637988, 0.9621610291016243, 0.9490082017871414, 0.5958136446812528, 0.7973637052014046, 0.9298235274612611, 0.24009903694826376, 0.9028908103700428, 0.9234272264385651, 0.8022082794609058, 0.9511235145487307, 0.8495930663631361, 0.627744715177111, 0.41385827022449073, 0.8468132756062191, 0.8203144288587736, 0.8433912322764558, 0.9536544216807734, 0.9537438829984712, 0.7034176378606941, 0.6800715068850307, 0.7671968838297526, 0.33036627776967586, 0.7448048440624532, 0.7748368926475249, 0.7605176019995586, 0.7631635498040532, 0.7221711390597935, 0.7102308421853778, 0.69170294447815, -0.25101961332347994, -0.37568058491992296, 0.6455651968247261, 0.8910281461756854, 0.9088344310417619, 0.9159377860104793, 0.9038291586521432, 0.8034253139064512, 0.8771671788090231, 0.900578833957924, 0.9005282303620216, 0.8471941075386916], [0.9973376261559116, 0.9922250281506381, 0.990561076352104, 0.9977214497596292, 0.9990507406941852, 0.9893905709683413, 1.0, 0.9970082845959058, 0.9995082613663755, 0.9710356179562089, 0.9993799864152272, 0.998020469718339, 0.9990419902238674, 0.9989570245977156, 0.9987155362485631, 0.9980408592670723, 0.9998854352096772, 0.9992083855865446, 0.9992138741125116, 0.9996308907533065, 0.9991747388670573, 0.990535956201099, 0.9731532610099002, 0.9833784428917428, 0.9920692883563815, 0.984017098408609, 0.9701758602286132, 0.9388452232705449, 0.9925844532970564, 0.9917173779185485, 0.9929586377653306, 0.9707240263039076, 0.9987546324470234, 0.999804227281869, 0.9995976736659974, 0.999362279056518, 0.999612166993364, 0.9998363829294689, 0.997775028494802, 0.9995593532580357, 0.9992282239309053, 0.998811884929582, 0.983222414686518, 0.9361120486748724, 0.7476915097462989, 0.9302051192149344, 0.9236019647323203, 0.8081834852829765, 0.9613830449903712, 0.9400168178790677, 0.9622824718317101, 0.9600883414899823, 0.9558114535368931, 0.9821698236452339, 0.9799780391990305, 0.936439212861806, 0.9515941319477358, 0.9664319442962056, 0.966755744051776, 0.9683928599402634, 0.9370101443188357, 0.8815732871098788, 0.939572811773598, 0.9528117125408471, 0.9295026490226949, 0.8681391338308927, 0.9579286564751448, 0.9247182019682942, 0.9596439777988299, 0.9365455231779107, 0.7121418558972662, 0.8145689787431061, 0.7474296809227055, 0.8315414150265119, 0.8624321163992504, 0.8656728665188477, 0.8469249918381656, 0.8592830718766737, 0.23097062275581393, -0.5517659859912238, 0.9544759548458182, 0.9282137088578339, 0.9292130063292118, 0.9391628841899874, 0.9199986339409393, 0.9634081172568039, 0.963481795049284, 0.9173641949628335, 0.9594808920201762, 0.8063987741801919, 0.5793199648745382, 0.8739002385627285, 0.9141262479884286, 0.22437167562358767, 0.9127970372153805, 0.9358308540810706, 0.7983504370708, 0.9617187129619605, 0.8308647181255009, 0.6573031687889768, 0.41432523826347756, 0.8426053432934287, 0.8348757281573858, 0.8279754274010881, 0.9715623608226678, 0.971834804125084, 0.7217208112152709, 0.6718300253425086, 0.7843161841144851, 0.2955324377730578, 0.7652103906825838, 0.7939149865333106, 0.7852013849889384, 0.7904247861993793, 0.7111433236168826, 0.7218173242951588, 0.6993341374239069, -0.2408330410691382, -0.3849396667719699, 0.6142052072281748, 0.8915524353045816, 0.9313954259996648, 0.9463713137483, 0.9169570176878136, 0.8221917143300587, 0.9155600076366629, 0.9378080686214603, 0.9371562178211876, 0.7743256764587778], [0.9949354463142381, 0.9870702862191966, 0.9908616247390004, 0.9954999091181151, 0.9981524855054617, 0.9890242635279939, 0.9970082845959058, 1.0, 0.9999834641521558, 0.9646975973957771, 0.9995988122444419, 0.9999968397011111, 0.9996450673017026, 0.9999977061118375, 0.9999806930967335, 0.9962480250641058, 0.9991280603191212, 0.9998794307061724, 0.9998791885515589, 0.999953590620175, 0.999994249116309, 0.9907177084340778, 0.9740016159469181, 0.9913004938382277, 0.9925467233155983, 0.9802660148512944, 0.972318673180669, 0.9371882930290085, 0.9889343537881616, 0.9944556026351482, 0.9916998163294323, 0.9673245866303335, 0.9994220515616853, 0.9994687738086835, 0.9996097860606368, 0.9996631255106725, 0.9986281751518441, 0.9993682958755158, 0.9990842191286418, 0.998302093699268, 0.9994926568617523, 0.9993512490644307, 0.9845271649592665, 0.9374090713102953, 0.734639559284118, 0.9386382040741548, 0.9218435261265749, 0.7855175159752623, 0.9601907820211883, 0.9350659494786762, 0.960745521882819, 0.9536882666136042, 0.9494790082899918, 0.9803050101029734, 0.9767326418367275, 0.930211522679445, 0.944142814206077, 0.9576501312418471, 0.9619611903309998, 0.9601738972515017, 0.9349035788593437, 0.8689534400088199, 0.932600089168999, 0.9443744379535972, 0.9231669588479029, 0.8514316702278407, 0.9534406316836415, 0.9162994040576101, 0.9521888838614884, 0.930675044827378, 0.6929572395353009, 0.8034187821905194, 0.7422294786883051, 0.820250608188621, 0.8525113037884428, 0.8587666222387821, 0.8412949308831162, 0.8503773281978275, 0.20850733796602391, -0.5592765176274211, 0.9480874305445033, 0.9158845818355498, 0.9191759009559861, 0.9367629310161584, 0.9107526675232687, 0.9572813745269197, 0.9573654455101833, 0.9086491676967915, 0.9501805629104271, 0.7891706264890745, 0.5733404772191704, 0.8987436790625297, 0.9275607577065247, 0.21054057134803383, 0.9116461832467407, 0.9350857476127172, 0.7954387481622397, 0.9667758557702847, 0.8353596874500737, 0.643540280345394, 0.4003368251690093, 0.8445032318387738, 0.8320598521194335, 0.8320953688485049, 0.9748293075939366, 0.975105277959576, 0.711365928418392, 0.6622753697092032, 0.7869485956245393, 0.279390620180881, 0.7602483399456363, 0.7899742434246675, 0.7871187332986399, 0.7852125757044848, 0.702956566341477, 0.715107732488282, 0.6918715938076127, -0.25878210704699234, -0.40198910355563944, 0.5930638827444296, 0.8826595272884439, 0.9294086840701612, 0.9386590664195805, 0.9103514671322589, 0.8103636098094162, 0.909102595801347, 0.931569620036415, 0.9311857944152818, 0.7532478809203513], [0.9952101559942467, 0.9871171912737694, 0.994193348611247, 0.9958916726743254, 0.9982041685529275, 0.9883454885566129, 0.9995082613663755, 0.9999834641521558, 1.0, 0.9639772858491529, 0.9995975377931464, 0.9999810774775638, 0.999824855593785, 0.999989547844371, 0.9999966891338434, 0.9989346785770725, 0.9991141629943544, 0.9998089968958414, 0.9998083094261709, 0.9999655313222703, 0.9999820453762813, 0.9933524652649834, 0.974983534406753, 0.9945975807610026, 0.9947697838886824, 0.9802563557107263, 0.9763954909241854, 0.9381998269909986, 0.9894571112849043, 0.9934854190144351, 0.9886762970849595, 0.9626390678450807, 0.9993288566870394, 0.9994095977294801, 0.9994044725244116, 0.9998250809234395, 0.9986406276892432, 0.9993621896541381, 0.9993007146213524, 0.9982587229365036, 0.9993214590596724, 0.9993160664874365, 0.9887563477972624, 0.9375268640078095, 0.7356074814839542, 0.9386259539170086, 0.9220318497092089, 0.7857343247711752, 0.9485832674970059, 0.9211833774222254, 0.951663571150214, 0.9511676770332521, 0.9469280358496984, 0.9774621986628249, 0.9768993336518439, 0.9639218154043706, 0.9445821141699582, 0.9648271142291514, 0.9619821291365244, 0.9652452381563181, 0.9648631069706871, 0.9340845703748921, 0.9317690316866505, 0.9349357507862394, 0.9345078618570936, 0.8822521121507862, 0.9537538014986502, 0.9551687413357091, 0.9615743377407802, 0.9602338011298782, 0.9118127535472976, 0.8026288038392603, 0.7468987173196903, 0.8193933449028441, 0.8738399105900769, 0.8565802772888914, 0.8647062358218668, 0.8636661694802559, 0.5936776040673539, -0.6232252095604669, 0.9479507751204597, 0.9159145306035404, 0.919240346286768, 0.9654631941359154, 0.9005071607918641, 0.9566770690893852, 0.956091509702614, 0.9093738103993307, 0.9592473040368719, 0.914581707379719, 0.5713247898911058, 0.8982140346179317, 0.9432423485687527, 0.1545748205651911, 0.896067254739066, 0.9241533643507741, 0.7944910317915489, 0.9652847724982251, 0.8832705801065426, 0.5530235946499048, 0.32338707828952057, 0.8707195877713649, 0.8213298126357534, 0.8723105790248793, 0.9747242937378762, 0.9750229877634449, 0.7092360745565358, 0.6592795261667268, 0.7464547905851872, 0.2769740617048636, 0.6835524074149312, 0.754752728027057, 0.7319847168308029, 0.7134102812471331, 0.7001070152810733, 0.7117541038351892, 0.6884759515449058, -0.5017954258878905, -0.5770742908931291, 0.5927115985454612, 0.8815138273407948, 0.9278673409275655, 0.9395071301199297, 0.9093251000103041, 0.8049711637386674, 0.8968509291707986, 0.92109250730582, 0.9205121697729328, 0.8100798256978634], [0.9797980254608989, 0.965421038052664, 0.9528796182206357, 0.9796058474180579, 0.9725206622547548, 0.9667273682973886, 0.9710356179562089, 0.9646975973957771, 0.9639772858491529, 1.0, 0.9473057688713652, 0.965101774655128, 0.963965278126691, 0.964821888184672, 0.964365878715249, 0.9661921724157388, 0.9743659256516658, 0.9696758387859015, 0.969682080073804, 0.9648773964916323, 0.9649554396961252, 0.9648948567474798, 0.9504291530222783, 0.9720944945364935, 0.9699199245149396, 0.8780436879124891, 0.9683615225903434, 0.9483252439243934, 0.9744277937667888, 0.9682035166885483, 0.9681945758529986, 0.9320843650249699, 0.9735045694013817, 0.9730529275891832, 0.9735656189497484, 0.9651315480111138, 0.9557794101904853, 0.9725369878204595, 0.9733762710589292, 0.9778365318493561, 0.9737018049064581, 0.9737202824086373, 0.9554006365812865, 0.8397583783414817, 0.5565302843163806, 0.7759967452326632, 0.893354996076286, 0.8805814678364634, 0.9018419646168966, 0.8191564406537715, 0.9063654885293697, 0.9141937160140177, 0.9035781360706316, 0.9289447504574591, 0.9287902469082568, 0.9443715020400123, 0.935676376084655, 0.9549981088739491, 0.9484203392431023, 0.9531984550206773, 0.9532418873823855, 0.9130984724084186, 0.9510819546072142, 0.9340552972738715, 0.9337359728942866, 0.8491739616226965, 0.9361150602675992, 0.9445632726739125, 0.9374676027629639, 0.9364889678728365, 0.8879641393721569, 0.8106331997731552, 0.7653336545530499, 0.8557299990194045, 0.9103442205647033, 0.880170430026868, 0.8952780997053529, 0.8945195319341146, 0.6954355585379084, -0.30004516319300495, 0.9527618494954725, 0.9540740516132442, 0.9456357378635054, 0.9463336377670114, 0.9024740655405713, 0.9541110508348164, 0.9539782791573689, 0.8993255465619181, 0.9564196520758934, 0.9052609609372607, 0.690413419227696, 0.6438614190523259, 0.859520031833762, 0.1376838775813877, 0.8446033130469847, 0.8845591934826038, 0.870083288089859, 0.9474166132726533, 0.9042342044254612, 0.4600123281252691, 0.36045576275451907, 0.8966062936996256, 0.8712484713359137, 0.9026503771191342, 0.9478257900019184, 0.9481862450948618, 0.5369217600230451, 0.6991955968534149, 0.6080486131005204, 0.482653552858046, 0.5709634213130228, 0.62797607315332, 0.5884374901219868, 0.5657034633275083, 0.797536612465532, 0.6747983822744272, 0.6394074385993492, -0.2690446991483908, -0.31387645385603963, 0.7398452695812808, 0.9160870544373686, 0.9220699755608829, 0.9078634937780969, 0.9408070688049995, 0.6485733245122705, 0.8375449181574478, 0.9080086802154664, 0.9071118199377847, 0.6911430479103527], [0.9911017996302991, 0.9898383001405602, 0.9966227604566419, 0.992833272857207, 0.9973755003433715, 0.977626174899819, 0.9993799864152272, 0.9995988122444419, 0.9995975377931464, 0.9473057688713652, 1.0, 0.9996333085158216, 0.9996076714683179, 0.9996162074621618, 0.9996249997651542, 0.9993415366943247, 0.9986962033926964, 0.9999493107193967, 0.9999499159443594, 0.9996149312411624, 0.9996258191862429, 0.9888766714111955, 0.9525708706120685, 0.9899426338459504, 0.9912155064332377, 0.9856501924571581, 0.9662859833404474, 0.8853889404544151, 0.9881158974697186, 0.991970197497401, 0.9710377250230092, 0.890684383374954, 0.9990864328231963, 0.9991597906898838, 0.9990764900028235, 0.9994273053487681, 0.9993503966940286, 0.9990950017385591, 0.9989440636297058, 0.9970345534575917, 0.99905304414633, 0.9990496813128873, 0.9883997120593719, 0.9314321776375784, 0.6067729948601787, 0.9335874531778507, 0.9214732017676646, 0.7909168535648367, 0.868559177500292, 0.8898564399490697, 0.8742670782676988, 0.879817576571108, 0.8653581596526888, 0.9502461060892687, 0.9501538160349918, 0.943967013352017, 0.946633332473068, 0.9339890051781633, 0.9365895944406483, 0.9391767978406562, 0.9389704626345641, 0.8821927516194592, 0.8940180918858773, 0.8468457445189101, 0.8466296036498897, 0.7100601735381756, 0.939704987073297, 0.9434869905430963, 0.943843052596638, 0.9431583299666358, 0.8853243610183704, 0.5505882630084812, 0.48402950170122666, 0.6532960076959179, 0.765252557242525, 0.6826301391251473, 0.7274635337483347, 0.7264412922715443, 0.46987837909342356, -0.39459821158532815, 0.9081764470358852, 0.9202687653795837, 0.9077982103793452, 0.9457636477042963, 0.8531158707167165, 0.9151625864022785, 0.913683587093061, 0.8328137746291463, 0.9203437516164363, 0.8419628688563582, 0.43975930465027696, 0.8934719882292157, 0.8929209649328332, -0.24773322229518163, 0.6314749787355766, 0.731910356798567, 0.6277718528535585, 0.9664722969202859, 0.6477820072300239, -0.12600229945051697, -0.105698982013565, 0.6194688306047735, 0.6249585909678024, 0.6671933722330828, 0.9679295317725952, 0.9679888468358091, -0.05075749008709321, 0.16755478226930692, 0.020590917623659697, -0.0008089631042559548, 0.02518439212811592, 0.044102447326802297, 0.011427224928545969, -0.03299967354801161, 0.33992041249546523, 0.08367084848750873, 0.03387887940679354, -0.5281367412577036, -0.5557761691886444, 0.5928895194674764, 0.7320879123034391, 0.7546041529623988, 0.8203388601098254, 0.817933624487237, 0.496329571709152, 0.7147096959255492, 0.7532145807077397, 0.7518373115003932, 0.4012036271088866], [0.9950896223033043, 0.9873719321065603, 0.9907695885669804, 0.9956366125175797, 0.9982093823410149, 0.9890015711346001, 0.998020469718339, 0.9999968397011111, 0.9999810774775638, 0.965101774655128, 0.9996333085158216, 1.0, 0.9996317009550925, 0.9999976113565034, 0.9999838143880843, 0.9969158230138399, 0.9991882236317665, 0.9998916043732002, 0.9998914731075856, 0.999961605498975, 0.9999947409463703, 0.9906372936164662, 0.9738908817370484, 0.9919511630788754, 0.9925160314783862, 0.9805208682473536, 0.9721672543694274, 0.9372314823716066, 0.989809766671641, 0.994497309158205, 0.9917604747717856, 0.9674548732678021, 0.9994630554968377, 0.9995129696832902, 0.999643753101587, 0.9996659331985615, 0.9987273731947626, 0.9994153933312317, 0.9991218361780829, 0.9983916184613802, 0.9995351838451755, 0.9993930636321917, 0.9843535738888196, 0.93762767878618, 0.7353028436966397, 0.9384822241776036, 0.9220620845887111, 0.7867121226715891, 0.9604823700560651, 0.9354703586188283, 0.9610463311419275, 0.9540366141891067, 0.9498415339864185, 0.9805284614374696, 0.9769032765926144, 0.9305745462159534, 0.9444658138483701, 0.9580235128236994, 0.9621825010330413, 0.9605370898129879, 0.9351961443847738, 0.869271253878051, 0.9329669079886271, 0.9448386189942899, 0.923627308726824, 0.8519635104301874, 0.9536197987011683, 0.9166014784405302, 0.95248991352552, 0.9310218782032986, 0.6932242105936509, 0.8040011230876233, 0.742822500975134, 0.8208296206804702, 0.852949230077799, 0.859118812230203, 0.8417713236372354, 0.850884458605081, 0.2089627511756362, -0.5590474925071391, 0.9483969360110321, 0.9164933936162505, 0.9196514316726234, 0.9370401094419133, 0.9111682341949162, 0.9575822699143277, 0.9576659267012245, 0.9090003246429683, 0.9505786957720969, 0.7895625228510922, 0.5736717879574028, 0.8976374442051053, 0.927013281010751, 0.2112640823442042, 0.91174186461653, 0.9351716161997963, 0.7957460466830173, 0.9666043617104676, 0.8357721678884811, 0.6444816950382997, 0.401247743007348, 0.844942498517458, 0.8325831421672211, 0.8324951588364968, 0.9747471129399593, 0.9750228775700294, 0.7120226236603745, 0.6629247152440191, 0.787487566625702, 0.28034232846249046, 0.7609200809363139, 0.7906219052602599, 0.7876596113596819, 0.7858906352798747, 0.7034141020242932, 0.7155664588535576, 0.6923637769842622, -0.2576982033163956, -0.4010008891356355, 0.5937539886587914, 0.883161385682555, 0.9297912640705875, 0.939139137243218, 0.9107867422456142, 0.810902415997643, 0.9096241604674646, 0.9320779643592909, 0.9316799982695229, 0.7539047859182711], [0.9942598647901526, 0.9871553118304228, 0.9927336628809204, 0.9950203984567337, 0.9979409508283269, 0.990014560206395, 0.9990419902238674, 0.9996450673017026, 0.999824855593785, 0.963965278126691, 0.9996076714683179, 0.9996317009550925, 1.0, 0.9996683071762608, 0.9996516187124115, 0.999046589776406, 0.9986706179636071, 0.9994396487512188, 0.9994331359225869, 0.9996464935586686, 0.9996215048808925, 0.992608189353635, 0.9755239896904728, 0.9954091796415709, 0.9953018300054913, 0.9803160154705323, 0.9750300397082471, 0.9398608851068544, 0.9890259410516815, 0.9925168131727256, 0.9908569017463411, 0.9650550479106625, 0.9987423223912443, 0.9990440783220963, 0.9992354510801827, 0.9999233468981528, 0.9986663672542818, 0.9989920444829012, 0.9985496992920602, 0.9976178051119002, 0.9987320710976345, 0.9986553100172861, 0.9882801243740663, 0.9376188244644197, 0.7315501194648958, 0.9386591775397968, 0.9219957233198768, 0.7859713931681694, 0.9568083178753459, 0.9283409711834851, 0.9576342542009076, 0.9507120487802553, 0.9459868712177543, 0.9770020539473866, 0.9748465366283945, 0.9549856324696089, 0.9440662246139443, 0.9582343403720157, 0.9611531109039976, 0.960262939167029, 0.9595563265919583, 0.8733514083254736, 0.9295865442149746, 0.9430670909008794, 0.9428192787017126, 0.8497947854504334, 0.9537502484710844, 0.9291683561477904, 0.9543719338078757, 0.9528750004941308, 0.6972427181306892, 0.8006202880565654, 0.7649177442457962, 0.8181153785149755, 0.8544152147641586, 0.857998623121655, 0.8496404934291313, 0.8498431801182825, 0.19240375989316305, -0.5536779709016089, 0.9472019047531464, 0.9161069492876224, 0.9183374656735513, 0.958098327295615, 0.9105069316660545, 0.9560907387341451, 0.9561296431918233, 0.9082897552202571, 0.9508628093874074, 0.7964764905929278, 0.5741778781039102, 0.8982811215806371, 0.9273027127076517, 0.20552262723508985, 0.9093718996842882, 0.9331975690343658, 0.7968642749728092, 0.9694221449282537, 0.8291300410597365, 0.6366619669382144, 0.395712763913022, 0.8360281149172246, 0.8272509665417545, 0.8241048203869251, 0.9767938957880986, 0.9770232849080975, 0.7026237976239906, 0.657205355630891, 0.7658882161800457, 0.28002194798196395, 0.7507798817155764, 0.7791600893568841, 0.7556898092546172, 0.774713289202602, 0.7008923271644121, 0.7048806478405648, 0.6819459148850766, -0.2646776898502951, -0.40634506010310567, 0.5932778938364671, 0.880948864240791, 0.9314224176857631, 0.9346946836605259, 0.9099974726086897, 0.8029040098526873, 0.9031084693869276, 0.9251110882713321, 0.9253450262880343, 0.7483848771559881], [0.9949938596122109, 0.9872115062812384, 0.9909282717622142, 0.9955564847853445, 0.9981891490072633, 0.9890894496373512, 0.9989570245977156, 0.9999977061118375, 0.999989547844371, 0.964821888184672, 0.9996162074621618, 0.9999976113565034, 0.9996683071762608, 1.0, 0.9999880315932442, 0.9985470420214827, 0.9991502711358377, 0.999883285771308, 0.9998827174023155, 0.999955813728993, 0.9999919597830459, 0.9907573115791396, 0.9740592657973136, 0.9938590135039946, 0.9937255691527437, 0.9804163709931503, 0.9723651855526922, 0.9373837670075255, 0.9923057216545085, 0.9948330341671933, 0.9916387354606598, 0.9672180657843167, 0.9994388032242514, 0.9994744223885066, 0.999620620805149, 0.9996832030510255, 0.9986745130242721, 0.9993805879439009, 0.9991537559023784, 0.9983228614603198, 0.9995069543432061, 0.999368896142491, 0.9845090040556043, 0.9374735632689591, 0.7347403545946334, 0.9386062638887561, 0.9220044977481558, 0.7860816298667217, 0.9603024671685639, 0.9352508509011389, 0.9608998353022227, 0.9536589170656888, 0.9494245684975865, 0.9803565237306309, 0.9766970217469324, 0.9305912726903512, 0.9443132463326853, 0.9578632125046977, 0.9620317638025576, 0.9603690189239008, 0.9345718149215684, 0.8692139640832309, 0.9324294504687537, 0.9444558913178723, 0.9234367342667201, 0.851577665900426, 0.9536206230880584, 0.9167497807464796, 0.9524513206049979, 0.9310748672204018, 0.6933873698612742, 0.8033576961453173, 0.7425510624316755, 0.8202370876985998, 0.8527155155070921, 0.8587324042356428, 0.8414821151146348, 0.850583181347292, 0.2088914801981868, -0.5589323741488287, 0.9481565068792732, 0.9161719608170106, 0.9194006245496403, 0.9345511406847521, 0.9110497994191942, 0.9573622518514041, 0.9574428926854013, 0.9088384958471067, 0.9503934682814376, 0.7894943131314194, 0.5734271343270354, 0.8982223234135235, 0.9273920595951878, 0.21048438765803956, 0.9115005671022149, 0.9349723799804622, 0.7954465660882196, 0.96679286251836, 0.8354283196980133, 0.6434222456005794, 0.4002618386543698, 0.8445557494470778, 0.8322382403196102, 0.832157182257672, 0.9748848400853314, 0.9751566419549489, 0.7108962775132203, 0.6618460044448519, 0.7869565604854107, 0.27972801064960573, 0.7602462594163812, 0.7899129151857923, 0.787322958092364, 0.785125784009244, 0.7028502255850744, 0.7142371871760675, 0.6910387748421671, -0.2585616138656559, -0.4017636063824733, 0.5934577717568612, 0.8825850106079781, 0.9295757978940598, 0.9387452817932421, 0.9104133913573376, 0.8101758163680023, 0.9093633327278658, 0.9316508055109647, 0.9313864698051253, 0.7533903611821604], [0.9951413881987591, 0.9873198581411669, 0.9908272390576588, 0.9956797649292459, 0.9982546306453199, 0.9891790410784498, 0.9987155362485631, 0.9999806930967335, 0.9999966891338434, 0.964365878715249, 0.9996249997651542, 0.9999838143880843, 0.9996516187124115, 0.9999880315932442, 1.0, 0.9985447679404608, 0.9991963422736806, 0.999879654827229, 0.9998796962446361, 0.9999555781821283, 0.9999764278129463, 0.990655670328845, 0.9740493142968653, 0.9922420441142599, 0.992299207104721, 0.9805261644183493, 0.9720555910886771, 0.9373295718536689, 0.9923496502332765, 0.9944169173974083, 0.9914843807191083, 0.967116963483416, 0.9994823813382688, 0.9994626480182764, 0.9996116579178133, 0.9996731421573325, 0.9986988456114194, 0.9993893411407008, 0.9991877021983556, 0.9983706142236147, 0.9995415481989189, 0.9994181654951477, 0.9842643452976746, 0.9374078317114768, 0.7355434964449842, 0.9383790268000908, 0.9220563530617072, 0.7864240015723598, 0.9609205436815969, 0.9363826984244726, 0.961583495238586, 0.9539076868557984, 0.9496717728358582, 0.9808635713152983, 0.9769111866840444, 0.9314388551438589, 0.9447684216176466, 0.9582851907654006, 0.9621793522048608, 0.9608003316458986, 0.935999283307606, 0.869363148939528, 0.9319622419576299, 0.9447954939900861, 0.924222955463706, 0.8514897148163336, 0.9540063898225452, 0.9174260047879176, 0.9530097563373918, 0.9320472693191506, 0.6931250549836276, 0.8029560920456982, 0.7436335917522379, 0.8197057802253076, 0.8526945771609331, 0.8581762922555097, 0.842010676986745, 0.8510071839620296, 0.20839342541028433, -0.5584249918728234, 0.9481718261742433, 0.9163955668279802, 0.9196273472266732, 0.9379048291299241, 0.9117054013427135, 0.9575057081667826, 0.9576453481098773, 0.9091685584420514, 0.9507703718608269, 0.7894114131995176, 0.5720261168494525, 0.8977289642416967, 0.9270298553775876, 0.20910628087842176, 0.9109876118728408, 0.934433732132079, 0.794524538724042, 0.9663732405182471, 0.8364485602690392, 0.6431664581083125, 0.39953498216776134, 0.8451101904863803, 0.8326907199055354, 0.8329347902567072, 0.9746269567056788, 0.9749257251338712, 0.7095806312190757, 0.6596607450781953, 0.7880993684335326, 0.27803905343734536, 0.7605376213853378, 0.7903440444081836, 0.7886046961489238, 0.7853850276446105, 0.7010269841602438, 0.71195898681943, 0.688733080639289, -0.2575578130416822, -0.4008750111268145, 0.5929439056637916, 0.8817197386083853, 0.9301830166796752, 0.9392584207253033, 0.9096453649892079, 0.8103447890444029, 0.9104088785256109, 0.9322564452191225, 0.9321283221264809, 0.7532664218676594], [0.9963527845670117, 0.992721828457849, 0.9913784342695942, 0.9968879974258632, 0.9985097267441047, 0.9920064568902649, 0.9980408592670723, 0.9962480250641058, 0.9989346785770725, 0.9661921724157388, 0.9993415366943247, 0.9969158230138399, 0.999046589776406, 0.9985470420214827, 0.9985447679404608, 1.0, 0.998933248844038, 0.9989258795269693, 0.9989237236920869, 0.9987508533075522, 0.9984339599279924, 0.9920605355058004, 0.9767945711192904, 0.9827533681873609, 0.9893999147682669, 0.9871783156135634, 0.9740424871124311, 0.945086744083113, 0.9934710123186179, 0.9932163348383647, 0.9905941111159637, 0.9675288575875377, 0.9987785260061568, 0.9987410645111808, 0.9989586738833447, 0.9985634105336885, 0.9993508405663946, 0.998871402776877, 0.9989042168094355, 0.9981329111720381, 0.9986517527390433, 0.998729169239096, 0.983017394774969, 0.9304624705181199, 0.7420678658829974, 0.9308720114233876, 0.9248325798571234, 0.8050228255138264, 0.9645178829643282, 0.9407508147148663, 0.965781636671144, 0.9543526314556027, 0.9487888406771051, 0.9816189670624971, 0.9766467793380087, 0.9445084706092319, 0.954451141548801, 0.9653912846070873, 0.9666993805878495, 0.967013901484504, 0.9479689012736757, 0.8815539367036292, 0.9359721189409269, 0.9499425557775845, 0.9355520862672712, 0.8627318417084537, 0.960376034220193, 0.9314224952127578, 0.9607859831689548, 0.9451216840735555, 0.7112672243584501, 0.8109503591491662, 0.7617946202624427, 0.8289858288210799, 0.865587770812849, 0.8655095248790022, 0.8533431507846337,