var element=document.getElementById("correlationAdjClose");if(element.style.display!='none'){var correlationAdjClose={"data":[{"type":"heatmap","z":[[1.0,0.9999952957854072,0.9874730406132681,0.9999410374930555,0.9992270804546441,0.9816032123649374,0.9978936807028599,0.9966171078010975,0.9721119367078035,0.9967183223808611,0.9949835577069251,0.9942205580853422,0.9966925031560233,0.9966547266735175,0.9978821635318657,0.9982642690708701,0.9983390581528946,0.9970766448172934,0.9970884928348099,0.9969849406700853,0.9966743104841157,0.9892051854814293,0.9740319955112525,0.9916829540043801,0.9581443250250122,0.9909075728874785,0.9897343925050552,0.9707205223960204,0.9548031455682809,0.9912958247420249,0.9931707109609179,0.9931278221410517,0.9810596200446056,0.9978104625041679,0.9978524627966597,0.9977256949555569,0.9968020719002537,0.9956986470491055,0.9977685074776922,0.9986306171364906,0.9986579006785596,0.9978233393018395,0.9978327396136556,0.9785039425914159,0.9384987479996588,0.960493733389726,0.956481621964946,0.9552228429376246,0.9367651528028974,0.9663213548618156,0.9555610432470396,0.9682532264316168,0.9724305746678,0.9611577187827104,0.9851529057423583,0.9836366254459472,0.9916577050405971,0.9935911674112946,0.9889454698021786,0.9852223855196951,0.9885760788496328,0.988230486293479,0.9891224874533412,0.9890473145333702,0.9517985839840445,0.9791908916486339,0.9764432512357203,0.9762954123465432,0.9326420722497986,0.9847353160745531,0.981317875998017,0.9876721803789952,0.9871319002860026,0.9463534775869631,0.9096814577561916,0.8843579060925928,0.9235009582477107,0.9378528142898722,0.9365308323785703,0.9362666410370761,0.9353268186533251,0.7642795994748945,-0.5015712370634764,0.981966011039594,0.9784423145483296,0.976202694546844,0.989507041588373,0.9745487575135212,0.985204691905097,0.9852243115254529,0.9429579095779992,0.9862366251468456,0.9450361627001762,0.8300568063926924,0.9309383968772759,0.9427060310440531,0.8463588762907374,0.9605361046546979,0.9611305582875099,0.9044627019802405,0.9710187125852496,0.8937957084471677,0.5505816675888521,0.7379868824613174,0.9012669349761764,0.8753975609308042,0.8929369863576249,0.9775261347188958,0.977624030484251,0.793830348431442,0.7693178554164319,0.8238951931603345,0.49756450563066323,0.8119950151101178,0.8278817572109254,0.8229028453282671,0.8175141564166298,0.8071162560554944,0.7592170742979625,0.7452008227638472,-0.3136259931559609,-0.453501679723878,0.7719399920666284,0.8955847046190393,0.927768708676485,0.9425501414263586,0.9077040340236832,0.8401596961611392,0.9116901616175851,0.9221091122259253,0.921929508808148,0.8622036385239645,-0.10365562926568593],[0.9999952957854072,1.0,0.9918926281076029,0.9998831449762333,0.9983485255386205,0.9895697542439533,0.9944065314609144,0.9926189924708001,0.9894181901789243,0.9926193605784607,0.9926553894769967,0.993647352696981,0.9926810726500791,0.9926559872456205,0.9945309378882996,0.9965124826650769,0.9959593509471298,0.9941794467921822,0.9941875651955121,0.9926485111577454,0.9926929902168077,0.9936603321281355,0.9806774799742268,0.990310758322996,0.9825746117891111,0.9904060314878355,0.989674469476861,0.9823704152619813,0.9446021208145916,0.9897161130845383,0.9882703911701791,0.9847775443622284,0.9518160644055801,0.995312379424001,0.9952889154903638,0.9955314230045129,0.9929480294513914,0.995200435129894,0.9955538007494206,0.9967287011920429,0.9969136006113507,0.9955348194391577,0.9955465423014612,0.9925753943512555,0.9381309761922547,0.9203023835429762,0.9562666979023392,0.9551458430942044,0.9367570209442996,0.9126603728980585,0.944223082037653,0.9142394931064031,0.9397100010108955,0.9128372168652131,0.9651178548745802,0.9650985306189177,0.9781316602453993,0.9854183366986797,0.9865701097638477,0.9875319638513711,0.9813724457888767,0.9852862052167439,0.9823841006513162,0.9822916334812569,0.9481273174464938,0.969643178531857,0.9382960744010729,0.9380898145311078,0.8761386300612708,0.9851594104496255,0.9861060043143061,0.9862542743333346,0.9859576848800586,0.9633653251320858,0.8462961326194604,0.8219068877202828,0.8849064133403964,0.929878923699978,0.8994559865590575,0.9150467892909017,0.9142660769748236,0.822816669594159,0.002353046489356205,0.9754364210608115,0.9771709525336786,0.9751751475298982,0.9868840114259507,0.971128050663158,0.9773414393966267,0.9768420348529947,0.9395147504329243,0.9782716767788886,0.9406473663930739,0.7827104666408413,0.9305937635524484,0.932238879459161,0.6554674855802574,0.8811444188774993,0.8843955128122228,0.7842705804682698,0.9702299117144171,0.7600198030171657,-0.3412602974548937,0.29875681739470666,0.7837849314345646,0.7378616126310822,0.777176419496039,0.9717107065146641,0.971651768536819,0.2703794882192858,0.44200438777320417,0.2784715241638764,0.24937239982613413,0.27100050908573176,0.2827459311297445,0.2794939121107966,0.19993163405745373,0.6116502043886813,0.3472948361395433,0.29771870438963977,-0.439857001326298,-0.49091200519884637,0.7711357203570185,0.7867087441540205,0.8072860494909232,0.8738833053489217,0.8402615870429149,0.6627257176793958,0.8116590969810449,0.8037183331911815,0.8028462985288654,0.49357704085981857,0.2833051691743243],[0.9874730406132681,0.9918926281076029,1.0,0.9886153520272539,0.9936998632194666,0.9910395960698761,0.9891970564962628,0.9900626434616466,0.9915874596038391,0.9926325773118868,0.9965217509280908,0.9958338998737072,0.9898994060792329,0.9901107540151546,0.989695757910453,0.9909342196102583,0.98992277088679,0.9887376907158005,0.9887086514659907,0.9915516596897963,0.9899375094537564,0.9956683067445349,0.9864673422468824,0.9917280658148404,0.9808013875739248,0.9923760508459988,0.9899796738717224,0.9874441403462969,0.963031868006487,0.9678997081224413,0.9724358153254946,0.9777437642634836,0.9606442381388446,0.986673019810646,0.9898474253673774,0.9882353490639584,0.9916629292318022,0.9948801788884405,0.9907234841685156,0.9849722522393605,0.9880737904642006,0.9871151642517676,0.9865087542643476,0.9930330375082296,0.9348344888225364,0.9468913277146493,0.9618938318337561,0.9488842823092661,0.9063865631345032,0.9254145653345395,0.9142591958255992,0.9283890458265655,0.9406742632848317,0.9234175561488447,0.95195714384588,0.9627198492666948,0.9697129871326415,0.9758891655464683,0.9496039372014184,0.972550340976988,0.9712715210638853,0.9769219545847511,0.971473150975428,0.9497995162661694,0.9323200790534426,0.9590058142982102,0.9497173192317511,0.9342538018868299,0.9044022289980918,0.9774285953840465,0.9588170560673495,0.9700433357339396,0.9510745049817462,0.866900820538114,0.8845557104728491,0.8100293047182965,0.8990722419494961,0.9168778327563675,0.9195314463448465,0.887974423313698,0.901932288160876,0.5131412649724869,-0.48092315475995834,0.9689031750668217,0.9592645717530256,0.9585936016976487,0.9495041981447743,0.9636192229880853,0.9711152877732773,0.9708671390582909,0.9392173182922348,0.967411570249081,0.902715713380205,0.8171614695344064,0.9606483635023435,0.9608558285540266,0.8328968746731465,0.9492459605387811,0.9505874795729279,0.8779614993155135,0.9807853090833111,0.7743280040500269,0.45595129070725066,0.6854704429120607,0.7985008932109241,0.8042522440464138,0.779383106622913,0.9822251510103974,0.9821875929603324,0.7290034183360109,0.7234288743182642,0.7095328560368095,0.4534079337264245,0.7167620389965914,0.717650250852716,0.7217279926505262,0.7189522837809822,0.774708306480968,0.7000667624835358,0.6852853581934871,-0.36611687029672685,-0.5058407060569516,0.7475039706387835,0.8613492155438515,0.8746006299149339,0.8905197518808099,0.8824634423060528,0.7797837956361562,0.8600911883987397,0.8659542085254992,0.871671924448465,0.7442078539606851,-0.02844293802737616],[0.9999410374930555,0.9998831449762333,0.9886153520272539,1.0,0.9994232932242919,0.9825839222809571,0.9980742849688735,0.9969484326656137,0.9739549121310233,0.9970972246488633,0.9955890359922261,0.9949836608809676,0.997008410330979,0.9969855718614115,0.9980902806508498,0.9985349443217421,0.9985431752652415,0.9973625887173508,0.9973717482095118,0.9973050506677987,0.9969936253675676,0.9902108508890989,0.9752269048269777,0.992484273248359,0.9603083771981138,0.9917982677124,0.9910797461246857,0.9724140071598538,0.9558331198010982,0.9906665668296771,0.9926965813176102,0.993046453075964,0.9807122945610014,0.9978519961027681,0.9980106082776768,0.997891418960145,0.9971660044635284,0.9961325918918132,0.9979597952707054,0.9985216873945152,0.9987149472110544,0.9978625006381776,0.9978690449357508,0.9800346572629004,0.9358525215909986,0.9587752188463433,0.9560974989805812,0.9532758029469798,0.9321175641211217,0.9637163283552352,0.9526490291402848,0.9655729512845155,0.970402139832094,0.9588208818932014,0.9832877686413493,0.9823901936536358,0.9908865138691155,0.9933588572747877,0.987829340216485,0.9842959595422673,0.9876441812532838,0.9877439311008521,0.988126127799741,0.9880465902029223,0.945097066580257,0.9781976754794509,0.9754065164042212,0.975257124945276,0.9292941952316947,0.9843459882736868,0.9791208987771254,0.9865514230927729,0.9859850939972618,0.9317021788762812,0.9086054442390235,0.8815567368458354,0.9222092914505332,0.9356899371853057,0.9361909687565877,0.9343830360879836,0.9334782462903879,0.6915284885924613,-0.5009604612363943,0.9813078507833443,0.9774366553607681,0.9750074684007131,0.9883954056869371,0.9740622887069883,0.9846404832497242,0.9846604964827375,0.9427093054681497,0.9851601480422519,0.9348774455508786,0.8328821756419732,0.9348603005058512,0.9459464342014582,0.8476871881766237,0.9615613257087151,0.9621794413334266,0.9040658408657734,0.9720013546742065,0.8878817008770673,0.5470871010781547,0.736385671919927,0.8959638152288223,0.8717450316125237,0.8873638572820867,0.9782017848270932,0.9783049176245217,0.7927355444334255,0.7694837075077733,0.8161399834580365,0.4989376984276719,0.8060886975060307,0.8198611222615927,0.8148149568709573,0.8121386740957905,0.8090317831168188,0.7591341924024535,0.7451794038710888,-0.3090393440125729,-0.4527853952964217,0.7707892115974628,0.8941068765253067,0.925985094505778,0.9408058887019204,0.9067858767004625,0.8376890446792032,0.9097765648203965,0.9199497874239062,0.9199194113421869,0.8556995260356782,-0.0969412358489937],[0.9992270804546441,0.9983485255386205,0.9936998632194666,0.9994232932242919,1.0,0.984378140726968,0.9989956933281754,0.9986494018507983,0.9842016787221186,0.9986474108145387,0.9983165707767054,0.9982375291906519,0.9986575700445214,0.9986782907514601,0.9991313305954633,0.9989560313067906,0.9992679870070812,0.9988781231409091,0.9988787734181472,0.9987074638231253,0.9986627293647249,0.9949769349809255,0.9815360583450946,0.9956226003349739,0.9744300497686709,0.9956297444650996,0.9931779263111692,0.9827601270161195,0.9578768963901075,0.9889607363286298,0.9917190396397009,0.9909224874986837,0.9745064966119369,0.9988427688872722,0.9989167034875412,0.9989628691437304,0.9987788541388832,0.9987055080025197,0.9989221152919487,0.9989845320999214,0.9991945054449777,0.9988825905397237,0.998882986302055,0.9879613836420051,0.9432769806969097,0.9581595154694404,0.9597248421213097,0.9510223864269977,0.9273377884304397,0.9554819815415254,0.9517709726115992,0.9595061233125919,0.9657581930233736,0.9545812141609933,0.9825186865835722,0.9824366216763354,0.9915062041364214,0.9934433419897493,0.9842789211000265,0.9784696471985747,0.9817228914305296,0.984149573691721,0.982194374947097,0.98207791573052,0.9413941391212599,0.9707996191981436,0.9594140891980025,0.9592156315634226,0.9029158802786624,0.9815614364847837,0.977916938021428,0.983058390528615,0.9823890264018379,0.9439652881438744,0.8923036511548669,0.8647731514778008,0.9093096793268253,0.9401755861424552,0.9287317025500952,0.933965908354062,0.9332826664733342,0.8105029893759437,-0.47658417977487383,0.9755147087384873,0.9676053468965995,0.9662805832813178,0.9850037934620836,0.9647363598705438,0.9786787300182682,0.978448409247297,0.9345215872501319,0.9796023853233077,0.9355287005079327,0.8243866954933344,0.9468525406165391,0.9627895963989536,0.8205805685970651,0.9523171155911607,0.9534204087826458,0.900581819638084,0.9762506356075106,0.8950677386608658,0.3835139964480397,0.6891188251106252,0.9008558606870537,0.8601895623675847,0.8975941008740707,0.981641909218331,0.9817189789489618,0.7645170896005812,0.7567850575327082,0.7682430562892942,0.4803607101706439,0.7327272836730732,0.7719660587404981,0.7682022349432781,0.7349304044943155,0.7995165307843248,0.7481862385870367,0.7333662004589282,-0.4985353778893312,-0.5815520987654667,0.7639408307678301,0.8914482168265769,0.9175858631247575,0.9409751985702133,0.907254045859898,0.8265135625433713,0.9078882204205265,0.9131441251908272,0.9127178612003196,0.8037200219144313,0.11305403738213846],[0.9816032123649374,0.9895697542439533,0.9910395960698761,0.9825839222809571,0.984378140726968,1.0,0.97719969422431,0.9788947282064551,0.9942332011423358,0.9784195979055385,0.9754011324605757,0.9751072541572826,0.9786756677858561,0.9789559647082847,0.9786649196195727,0.9828295626254943,0.9794085292233365,0.979150256413149,0.9791170260099321,0.9778196464273996,0.9787975636836191,0.9930826535983271,0.9941269380988877,0.9825274970558657,0.9892421025209177,0.9831824401742643,0.9796531320006004,0.9892553629584816,0.9769543805351479,0.9526545834589497,0.9593850877625507,0.971200224705076,0.9650294148389781,0.9768941613155473,0.9775221535863368,0.9783902662017173,0.9796833342548043,0.9761860561470502,0.9781349213967583,0.9764780991858437,0.978456193440777,0.9772832343419343,0.9772570556527455,0.9964072923361098,0.902821810595587,0.9374337654167622,0.9481224203483741,0.9558303779572612,0.9203250504902767,0.9171861647465124,0.913822526477325,0.9204511863772741,0.9418892609204034,0.9195229769237027,0.945840703715349,0.9531965347212885,0.959693579050176,0.9622432704936192,0.973925259967028,0.9899470646618582,0.9782177927219496,0.9867512809173004,0.9777898354032691,0.9773531527399858,0.9794687246504593,0.977141153201492,0.9621116904521516,0.9617538508508603,0.9541726536456693,0.9850741839661146,0.978558662238642,0.9741720545137328,0.9732124595007333,0.9729509123777138,0.9250500254053398,0.888745226865897,0.9379199736703304,0.9348978183919451,0.9441182239396784,0.9259060919329004,0.9241597803773631,0.8077057765220211,-0.4266650136737979,0.9862485174144159,0.9884662184554471,0.9853949118843357,0.9746618561464556,0.980712592427116,0.9846440543949097,0.9843207136708744,0.9740328113654605,0.9753160672747128,0.9737673043151865,0.8312557504991723,0.9100193352769834,0.9618791280611905,0.8627297675895447,0.9468516001482478,0.9477435984669635,0.8615130035850955,0.9565460170314104,0.8236348671393204,0.45658831051838034,0.6942151620270683,0.833661681119213,0.8157200477831811,0.8240181448053303,0.9553278628551202,0.9553045537162626,0.7395292319128216,0.7406081833625375,0.7425504753499549,0.4999814359429932,0.7460364178298419,0.7474101669824795,0.7410955145518954,0.7414192223529216,0.7823288487552434,0.7106208104650681,0.6998059558362683,-0.33325249642294924,-0.4619363952723637,0.7803778958747408,0.8520852001313084,0.8567000848186568,0.8820134461458614,0.8592444230186221,0.7924579416495522,0.8453532347187722,0.8501842244104435,0.8501130225154457,0.7987352411575491,-0.04820340737037699],[0.9978936807028599,0.9944065314609144,0.9891970564962628,0.9980742849688735,0.9989956933281754,0.97719969422431,1.0,0.9978050437166825,0.956136611404885,0.9996658464305803,0.9996496053434653,0.9996832518458845,0.9986250650889701,0.9992979989871572,0.9998961727356737,0.9970486796430229,0.9999070251600283,0.9994712196815014,0.9994761008040381,0.9997534657423461,0.9994212322736727,0.9904230371067373,0.9737262084149715,0.9869022982827305,0.925317816244956,0.9939988511872686,0.9932245362998079,0.9726097195722715,0.9498413344092065,0.9914223480712039,0.9921919920495712,0.9943465671462353,0.9785205089098378,0.9991427368817752,0.9998744897708449,0.9997550565235696,0.9995284127135743,0.9998095506730145,0.999862634371086,0.9987209039844128,0.9997683381801274,0.9994758578470356,0.9991800826604292,0.9785012903680921,0.948541947480931,0.9599629559256069,0.9612450081681649,0.9495029332835294,0.9249873185596503,0.9608724218962607,0.9523108896512705,0.9632781981870867,0.9680692918886553,0.958832869395305,0.9832961044248639,0.9837922913212441,0.992863533600405,0.9962952866779213,0.9576440564983134,0.9663162536614557,0.974540995945989,0.975918340546991,0.9759490217308318,0.9576516146129161,0.9045569737480027,0.9615608475673771,0.9631500119617454,0.9493297262920541,0.8862783330654123,0.9723509421506282,0.950934082516204,0.973079481933597,0.9579783888491032,0.8236546545871328,0.88272913113987,0.8209285524451909,0.8956841210362558,0.9126934169677541,0.9167394076741946,0.898850311207197,0.909314054857264,0.45596173065377527,-0.5384335353819424,0.9658324207510591,0.9536373694017045,0.9534057032914571,0.9588637013552187,0.9597648812411909,0.9716730469094292,0.9717821273055759,0.9214144047920605,0.970801627611068,0.8688129472343875,0.8180636210350207,0.9474703555699661,0.9435209304129847,0.8336909685636713,0.9592532992263074,0.9599814309733222,0.9054207911549379,0.9760321480443206,0.8336480598274371,0.5477540070712028,0.7323858288081131,0.8588493510919393,0.8557695159315488,0.8403358948272746,0.9823545251541584,0.9824859933342387,0.7873962212578254,0.7551204108134575,0.7825529578274022,0.47389130886375447,0.7875565531271702,0.7973683272983494,0.7869920594503598,0.7973765053772635,0.7979606540056005,0.7556423414512379,0.7398274133584443,-0.319750298797805,-0.4716157270601569,0.7721779990105256,0.8970599236358351,0.9211507874261784,0.9433919994794715,0.9146567171845373,0.840484506011432,0.9118451239093532,0.9264807630792598,0.9247903288949585,0.78781426409689,-0.07248872267102001],[0.9966171078010975,0.9926189924708001,0.9900626434616466,0.9969484326656137,0.9986494018507983,0.9788947282064551,0.9978050437166825,1.0,0.9663726730028491,0.99999984744162,0.9999994127242622,0.9998073897291565,0.9999971285709652,0.9999983766659595,0.9994176036124005,0.992571734162436,0.9995399707713377,0.9999190238992338,0.9999187369878241,0.9999696403913453,0.999998882110695,0.9910949685773499,0.9756902347968434,0.9933484314470192,0.9390552382601721,0.9945069086146647,0.9919470687857846,0.9748909350656212,0.9499970379740219,0.9878355291808291,0.9937564203891139,0.993095661845001,0.9760478980050211,0.999509790126524,0.9996278601942079,0.9997176917765319,0.9997739103300948,0.9993958101620029,0.9995786268487817,0.9984459998466516,0.9990116037371595,0.999585216424945,0.9994648241525693,0.9803477311235133,0.9485192017910191,0.9579460075481085,0.9640705615031743,0.9493930690041645,0.9177315202785479,0.9591523493553877,0.9483231933788899,0.9612640321718605,0.963471084635495,0.9536623406684775,0.9814043032293065,0.9812981934216821,0.9919623269911704,0.9965506727085928,0.9537562330471624,0.9638670901765538,0.9702597728509046,0.974009491575819,0.9719686269145054,0.9564580726678711,0.9008853420700574,0.9585001200601272,0.9585813510236224,0.945409567932798,0.8796301901978991,0.9706291742681626,0.9463594757983494,0.9690642214020625,0.9543555456260552,0.8152036844033594,0.8780379865190189,0.8177936056837557,0.8907757403766332,0.9077498621130357,0.9139875441508557,0.8956190907117833,0.9043843649941156,0.442701158910927,-0.5406167954627308,0.9632988586979885,0.9501070659892468,0.9498150216565887,0.957333628996132,0.9573464373380505,0.9692484212130681,0.969359009189882,0.9195047300151161,0.966146751707405,0.8625419380280643,0.8160537792966406,0.957411059677929,0.95266502064449,0.8318409015188579,0.9592917701833811,0.9601464849251478,0.9029934993192532,0.9793000867727794,0.8356505569245458,0.5334643333536682,0.7244125137923685,0.8590865444778817,0.8524538267572982,0.8416404433742176,0.9843369634989815,0.984469889169582,0.7792597017929438,0.7487083426673051,0.7830777234977427,0.46372572749770935,0.7825095438433624,0.792614622827012,0.7866884849727764,0.7917651291977522,0.7927796705629884,0.7504112301917886,0.7341244779745908,-0.3339999079668476,-0.48469561163516944,0.763208229194165,0.890514657854851,0.9183913200520488,0.9363734176753707,0.9095566244397024,0.8309937382960471,0.9057299340933465,0.9203631422250501,0.9188793886730826,0.7707861848631585,-0.05614718401049999],[0.9721119367078035,0.9894181901789243,0.9915874596038391,0.9739549121310233,0.9842016787221186,0.9942332011423358,0.956136611404885,0.9663726730028491,1.0,0.9814445939050883,0.9864217633072918,0.9890513173385477,0.9699311014257266,0.9747752367687598,0.973136077221667,0.9509513035224135,0.9779915165726556,0.9753929997002099,0.9753457940493707,0.9799363520354899,0.9746127655922667,0.9938877758354059,0.9942981154229302,0.9802641213943852,0.9902387086202465,0.9835748962747609,0.9928662936319189,0.9919327123966318,0.97272205609898,0.9247375374427479,0.9463700417408015,0.9652260448412847,0.954967979725014,0.969214819477875,0.9779038431459994,0.9743904356137428,0.9766812032107673,0.988085863894573,0.9792701535033381,0.9660802249577071,0.9756911103180118,0.9701789842698226,0.9691893449941297,0.9991595672955957,0.918740016964263,0.9330537888449889,0.9628879666052439,0.9544195051334019,0.9050353921563608,0.8894023526231462,0.892032760750699,0.8936985906899848,0.9257842108990479,0.9036737725750094,0.9296194319561727,0.947792262827462,0.9521670493736534,0.9577257521074642,0.9150914758028482,0.9748513658153395,0.9563250338817386,0.9726496777547501,0.9562298231269049,0.9164251861634289,0.932206990301432,0.9558794594974324,0.9335175414160691,0.9016308210557153,0.9032668638894702,0.9737080711983286,0.9320702745994136,0.9513558354235716,0.9169151410316747,0.8620951528217135,0.8861872874423988,0.777309374346638,0.9013969655938826,0.9031534242878921,0.9159186888928565,0.8670615006315237,0.8852678716922915,0.5028168875164525,-0.4554158422070138,0.9669552383846083,0.9639314943783669,0.9616296407046544,0.9127761897155893,0.9590751266206716,0.9650399650051517,0.9646222017361455,0.9481430007922175,0.9519209175579386,0.9006271943583662,0.8209993067599308,0.9472719627088079,0.9661089163801783,0.8420955414816942,0.9412271873995665,0.9425634506234835,0.8539559531002575,0.9668837203086609,0.7384045270143612,0.41501397448624977,0.665295402408281,0.7725350646857467,0.7787371935020405,0.7508095966836095,0.965956041992596,0.9658971536869411,0.7082170855410754,0.7119855512428446,0.6727728025148004,0.46008945838660514,0.6961655000743896,0.692702636007524,0.6706566930118406,0.6944488404591961,0.7652819455307723,0.690232156220838,0.6768963484127748,-0.370162270915145,-0.505558542186825,0.777042640229129,0.8440261372199538,0.8260430738953092,0.8639414432827628,0.8600545441503892,0.7701694242256877,0.8157585538897976,0.8330397033295632,0.8264079347543613,0.7155541435939541,0.011276523403487402],[0.9967183223808611,0.9926193605784607,0.9926325773118868,0.9970972246488633,0.9986474108145387,0.9784195979055385,0.9996658464305803,0.99999984744162,0.9814445939050883,1.0,0.9999992181062973,0.9998114836164653,0.9999985210243164,0.9999978992923118,0.999727042726924,0.9980810394096273,0.9995416957943085,0.9998999185058036,0.9998998721675599,0.9999806079468488,0.9999994166949019,0.9935841397294645,0.9776469215368322,0.996446046908069,0.9694408576788446,0.9964709754239773,0.991956371892675,0.9791890381315449,0.9515336406145011,0.9899702545409751,0.9938529003039244,0.9910662757658941,0.9733498622779915,0.9995627164851247,0.999624651446377,0.9996407388971419,0.9998564160116674,0.9994054196751752,0.9995854477795375,0.998695849922105,0.9990574148913589,0.9995745875123747,0.9995705754888582,0.9848904975416332,0.9485654935486931,0.9579692383862326,0.9640620459638634,0.9493998203779745,0.9178119185887338,0.9536652529383788,0.9463573617169373,0.9571546035283,0.9621341057543351,0.9524006126118874,0.9814460669092455,0.9813292096795202,0.99264661676283,0.9964012470546058,0.9754712231982298,0.9638366580797746,0.9727200928166827,0.973991992395046,0.9733632919601818,0.9732160690847307,0.9292365853364788,0.9584946257354822,0.9506729252600952,0.9504674546722424,0.8917709750970327,0.9706034519119053,0.9690019637595063,0.9744077210415973,0.9735634287191705,0.9308795494174601,0.8780377526701648,0.8454253761494871,0.8907740687669967,0.9246833186102587,0.9150937063580763,0.9195137882767501,0.9188692533986436,0.7703713470004756,-0.5288863997988175,0.9632822944849384,0.9500738173558758,0.9497953184515688,0.9763562629041556,0.9530324547025573,0.9690305017497515,0.968784932800412,0.9202515894249351,0.9701344349484101,0.921481999129354,0.8160481900043223,0.9573162356555422,0.963072407291137,0.8198009666343159,0.9543230102913398,0.9553725159468739,0.9030675929387667,0.9786720795967345,0.9032430804917506,0.42754783526050366,0.7054584164921888,0.9089475034400959,0.8681577460223158,0.9055294231718903,0.9843290135131739,0.9844620916079665,0.7793307719087527,0.7487931898588954,0.7825749742594418,0.463817643772902,0.7478812696136403,0.7867015059373005,0.7824384768994854,0.7522515977201482,0.7928287664027388,0.7505059447939307,0.7342198344871645,-0.5415045452639706,-0.6245761445089775,0.7633311593137759,0.8906170854794515,0.9209759650884096,0.9429000485806268,0.9096541484469031,0.8288304010633035,0.9082298825325702,0.9159329801530048,0.915459672863616,0.8148660296331467,0.17037055394482578],[0.9949835577069251,0.9926553894769967,0.9965217509280908,0.9955890359922261,0.9983165707767054,0.9754011324605757,0.9996496053434653,0.9999994127242622,0.9864217633072918,0.9999992181062973,1.0,0.999810018153079,0.9999965195603135,0.9999982295729671,0.9997142036538154,0.9979027347146902,0.999342661794014,0.9998204061026694,0.999820500251793,0.9999984625228077,0.9999985795728612,0.9933113615860024,0.9752103637110623,0.9957492766707183,0.9773852151748365,0.9962079489124918,0.9919504377837711,0.9816113118531617,0.9467195201337139,0.9899653874718327,0.9937996593639444,0.9861758655399399,0.9535965218203417,0.9994033755827743,0.9994512138883954,0.9994043591072501,0.9999125553633895,0.9993927954585549,0.9994129540050706,0.998283399952747,0.9987502425510876,0.99938646757287,0.9993845228551238,0.987685370793494,0.9481851804878154,0.9322659354766415,0.9639424395031537,0.949225775901175,0.9176144424889555,0.9310916569999989,0.9235644658474715,0.9347291664781732,0.9417946534653209,0.9298433901445725,0.976070034637644,0.9760537238469822,0.9918698589522942,0.9951310154763483,0.9689848881734623,0.9639058912797415,0.9615145359718279,0.9665882199021503,0.9624850545913995,0.9622708322279505,0.9105775580787265,0.9494095051571713,0.9166501100248702,0.9162259063072956,0.8356578498148013,0.9693294954831962,0.9737782992695956,0.9708606399513798,0.9698492389033008,0.9273428534374424,0.8304667887674363,0.8024779599861358,0.8637773648823166,0.9108697289194561,0.8861395672671881,0.8984568831778366,0.8974233965252835,0.7792194830657047,-0.2882065762680382,0.9531316712090104,0.950239929720057,0.9499272703107555,0.9698852047782722,0.9415613805723295,0.9552605438706946,0.954716448792399,0.9000273073181199,0.9572889638791774,0.9029382539596791,0.8162011936879278,0.9574625189820469,0.9676072073317525,0.7376897839995105,0.9222240893651624,0.9244455862927857,0.86444668247387,0.9860057861632106,0.8528286260898479,0.07838317767706333,0.5682932241417595,0.8641390122684426,0.8359343376003852,0.8597695911491084,0.9867649535303036,0.986729590647583,0.56887634742174,0.6743742505375125,0.5760515269761396,0.4637770232072676,0.5474792678591639,0.584618906722452,0.5762131732613929,0.5164311460819415,0.7835557098668141,0.637075244916174,0.600764481491657,-0.4998570946292215,-0.5603423407893292,0.761921525969839,0.8734976645754166,0.8846828553952271,0.9209598738486217,0.9041665210828526,0.7276126921002382,0.8716314974803077,0.8800308264537436,0.8794644621095055,0.6536421730326855,0.13023303788047216],[0.9942205580853422,0.993647352696981,0.9958338998737072,0.9949836608809676,0.9982375291906519,0.9751072541572826,0.9996832518458845,0.9998073897291565,0.9890513173385477,0.9998114836164653,0.999810018153079,1.0,0.9998226040022671,0.999814860633315,0.9997021240112297,0.9984884980742363,0.9995080155598872,0.9999756823295955,0.9999755163610959,0.999814787249578,0.9998189502311337,0.9931616025987596,0.9736196957234174,0.9945846694119698,0.977585796515763,0.9951781972175523,0.9936522081625906,0.9778261631683707,0.931833329155833,0.9928267945600645,0.9951206493423,0.9829345590583413,0.9399772381882355,0.9995325199901574,0.999569148732889,0.9995325381945133,0.9996693453326646,0.9996817217259498,0.9995445871593376,0.9982053829986334,0.9987769748729417,0.9995164560667577,0.9995134541508862,0.9891851694190354,0.9446467749622344,0.9235789612815778,0.9612643358925954,0.947389040966437,0.9173458928922819,0.9054684366755469,0.935402373880232,0.9082035013760424,0.9254142798539516,0.9042281770452048,0.9668325988624586,0.966823008716475,0.9848541471568506,0.9951093391644275,0.9685912391627437,0.9684203775698677,0.9577825417460328,0.9653128178129711,0.9596376187739805,0.959467553501235,0.91324018526864,0.9419054272813285,0.9022833738264047,0.9020049315810051,0.8268523330246176,0.9693297903201327,0.9709673507846871,0.9709481882424127,0.9703342031969928,0.9355500192362527,0.7985828067825891,0.7708096746798035,0.841041150877728,0.8961486351963993,0.8622388388374249,0.8799156361639462,0.8792731344714573,0.7722246779235591,-0.12123591365033139,0.9485864684463381,0.9516765276297348,0.9482448955609629,0.9691142023631795,0.942477171383057,0.9513091289669933,0.9505951950896318,0.9013960218485296,0.9528657437994608,0.903214502201361,0.7816357889584504,0.9555357184832487,0.9510541735172944,0.6440709441573406,0.8809354643029389,0.8845550813681423,0.779337478866665,0.9810824028653153,0.7572678010750806,-0.2823938795399406,0.3288820249142401,0.7788769274629853,0.7379786577329673,0.7730629475812237,0.982161330129492,0.9821826713358717,0.2961183876463663,0.4540003019134073,0.3025977935530081,0.2741113861351049,0.2942914832233968,0.308045153105622,0.30539780619785195,0.22299146321110394,0.6226048237843017,0.3633817155153076,0.31241023602547563,-0.5048377215477838,-0.5548323684682324,0.7613517931831789,0.7891753161430276,0.8098639443934738,0.874717421359507,0.8475511367326394,0.649799986253478,0.8075087997781538,0.8061542322717179,0.8053057923836509,0.4944604770776939,0.31289783913936725],[0.9966925031560233,0.9926810726500791,0.9898994060792329,0.997008410330979,0.9986575700445214,0.9786756677858561,0.9986250650889701,0.9999971285709652,0.9699311014257266,0.9999985210243164,0.9999965195603135,0.9998226040022671,1.0,0.9999977320121402,0.9994574737477064,0.9940613621111034,0.9995738783152132,0.9999283362387983,0.9999281801538001,0.9999761903589136,0.9999989995704476,0.9909597788144344,0.9754673598165506,0.9939903777009197,0.9438684354515575,0.9944474666507327,0.9920273313003661,0.9746597113724724,0.9498722174862091,0.9887520922310737,0.9938521347966749,0.9931737566201841,0.9761530833437031,0.9995518555029537,0.9996637577226376,0.9997451601649235,0.9997707879416631,0.9994408572626731,0.9996147053723009,0.9985250408459826,0.9990689554075982,0.9996261815551487,0.9995068710648634,0.9800791410714571,0.9487110068881517,0.9580640886096082,0.9639753239433345,0.9493850248225139,0.918154705362105,0.9594982913247602,0.9486833687876108,0.9616098397851395,0.9637468835458405,0.9540172800571368,0.9816506866348669,0.9814688113287677,0.9920881058209736,0.9966454596235409,0.9539657908327568,0.9638289332458357,0.9703643064574163,0.9740082572310949,0.9720733428874612,0.9566140429856919,0.900713031402409,0.9585635405842675,0.9587695891856822,0.9456701131361636,0.8795932832776362,0.9705970293398863,0.9464493839299395,0.9691685708074123,0.9545519457360824,0.8150252854705602,0.8781408222394279,0.8181251986754579,0.8908750030132399,0.9078767778310125,0.9140345507215668,0.8958631699364595,0.904609275195794,0.44267791945759477,-0.5408269575022906,0.963308150060912,0.9501221586022587,0.9498322965604764,0.9575060939412499,0.9573412103408633,0.9692798281108618,0.9693917688180517,0.9193622426669886,0.9662697965399876,0.8624017029283567,0.8160737158313328,0.9569628276845179,0.9521939753369578,0.8317951971259417,0.9592843423230296,0.9601318966568079,0.9033375305198746,0.9791810890134124,0.8361742142000752,0.5346069482840676,0.7250379607325965,0.8595902299528415,0.8529917087744213,0.8421526477621689,0.9842926984130868,0.9844255557616186,0.7798570102367104,0.7491668211310467,0.7837181543378979,0.4642507712111164,0.7831713735068145,0.7933207778506172,0.7873468838155007,0.7924807402717262,0.793094146573503,0.7508637240816131,0.7345869887089301,-0.33313456318156537,-0.483944315124972,0.7634608874594221,0.891008589558257,0.91889407091618,0.936898293578635,0.9100226509534309,0.8315206723923555,0.9063141793416469,0.9209624623169722,0.919473451629213,0.7714454655578952,-0.057196685156676565],[0.9966547266735175,0.9926559872456205,0.9901107540151546,0.9969855718614115,0.9986782907514601,0.9789559647082847,0.9992979989871572,0.9999983766659595,0.9747752367687598,0.9999978992923118,0.9999982295729671,0.999814860633315,0.9999977320121402,1.0,0.9995375642377794,0.9974486327098284,0.9995531709443753,0.9999212942747263,0.9999206849989476,0.9999703648828746,0.9999977722674389,0.9911355328262094,0.9757487485547001,0.9955455257567454,0.9559518135063875,0.995295112832351,0.9919857871006297,0.9749407331537552,0.9501440539620876,0.9912192365501726,0.9940932906293678,0.9930498112105516,0.9759714575810562,0.9995194525349718,0.9996279720584696,0.9997234278600896,0.9997868846956053,0.9994152051707931,0.9995755070083671,0.9984673568889462,0.999024802032795,0.9995934222300793,0.9994752628589826,0.9803478539728567,0.9485600451108712,0.9579618352868039,0.9640105567405628,0.9493770873682809,0.9179004966514014,0.9592189403691302,0.9484340974113062,0.9613581107206474,0.9634282819349672,0.9535859420057841,0.9814222990872857,0.9812467761155409,0.9919359286892443,0.9965168912880745,0.9540037776860213,0.9638914127117325,0.9703981616375715,0.9740860219410234,0.9720954121975912,0.9562991927550464,0.9010564379646977,0.958441915039825,0.958638224165874,0.9455826788731141,0.8797407854712727,0.9707475267992508,0.9466460909245797,0.9692342310143269,0.9546154601012647,0.8154869946677242,0.8780655999747772,0.8180146389676412,0.8908366849300722,0.907894063122418,0.9140055439089169,0.8957500962158881,0.9045284401301228,0.4430170088672961,-0.5403257896003709,0.9633850308110761,0.9501474660968585,0.9498615893472396,0.9564305913229364,0.9574951198171668,0.9693269042464426,0.9694347535750077,0.9196751006355334,0.9662864050204889,0.8627545574134105,0.8160585347454586,0.9572000902895524,0.9525877490796921,0.8318589367265821,0.9592337221042558,0.9600918256593071,0.9028242332961387,0.9793133807237577,0.8356718655606197,0.5332845601864746,0.7243049177658759,0.8590877432098983,0.8525577315103953,0.8416582455553083,0.9843658821869096,0.9844959508108405,0.7789076332348718,0.7484166487296319,0.78305293685249,0.4639256247900662,0.7824839066724903,0.7925356614098694,0.786827304259388,0.7916691370073282,0.7927134282603544,0.7497493411165331,0.7334940029079848,-0.3338296483303879,-0.48452209131141305,0.7633045616891082,0.8904308348940675,0.9184986713383873,0.9364019671098951,0.9095980838083613,0.8308068632934194,0.9059063367627516,0.9203862698640165,0.9190125739478876,0.7708636058625087,-0.056390600338987386],[0.9978821635318657,0.9945309378882996,0.989695757910453,0.9980902806508498,0.9991313305954633,0.9786649196195727,0.9998961727356737,0.9994176036124005,0.973136077221667,0.999727042726924,0.9997142036538154,0.9997021240112297,0.9994574737477064,0.9995375642377794,1.0,0.9986099647644197,0.9998715934610777,0.9996097806981561,0.9996137268705142,0.9997987701199187,0.9996011720358299,0.9909060178370863,0.9749685536531831,0.9944262794209004,0.9499266424802967,0.9940641522719309,0.993472950260824,0.9736144686468017,0.9509884039754398,0.9914974675491838,0.9926157580071567,0.9938107619626171,0.9778276298606491,0.9993327775651123,0.9997521262878881,0.9997522967255552,0.9996292809456415,0.9996781511797376,0.9997186834189349,0.9989673800940115,0.9996451689076911,0.9995540418687133,0.9993397117051043,0.9792772956842584,0.9476568170856401,0.9598294807782826,0.9626680121977319,0.9508862059170462,0.9234994254970434,0.9610151722244595,0.9524164292012848,0.9634125774386558,0.9670202156457953,0.9572187331254618,0.9831299642364345,0.9829279480585047,0.9927467231319067,0.9960551361279216,0.9580380862110597,0.9673193876472522,0.9746228279068624,0.9764961805606077,0.9760895880951522,0.9588172870292407,0.9056277523142874,0.9617131380710147,0.9631915119061859,0.9498697015853053,0.8865125897241319,0.9731328013127265,0.9510276384150776,0.9730594425368055,0.9584412152028648,0.8230200300044447,0.8830682931141938,0.8222078830574772,0.8961021839768433,0.9123914561324155,0.9166349498260439,0.8992255310032191,0.9091162663451232,0.4540276709673333,-0.5370693846714462,0.966543478658114,0.9546315200261628,0.9542580497288005,0.9599125631401535,0.9608338770435583,0.9721972248809732,0.9722800230301251,0.9234358615667766,0.9707571039048196,0.8691699998891359,0.8177163311089907,0.949934752884723,0.9459859695205262,0.8344297419354658,0.9592764935868534,0.9600422548904014,0.9026829768219643,0.976344074340428,0.8348957357981023,0.5418976269457676,0.7289451521086621,0.8590116538523443,0.8550179903452749,0.8410977952388948,0.9823710293196095,0.9824859999929714,0.7836270983088122,0.7514396912516119,0.7836531220008799,0.47090401178610247,0.7864355653484058,0.7962528818697314,0.7883577445501287,0.7959284356204103,0.795282355287623,0.7511141511344235,0.7353086689456355,-0.3221804252819961,-0.47384424307301826,0.7704790126906385,0.8931818482666644,0.9209952684424628,0.9417583551765196,0.9111719374407216,0.8378538304418379,0.9113783598249066,0.9250716376783239,0.9238735979793995,0.7831550336252813,-0.06798234052722835],[0.9982642690708701,0.9965124826650769,0.9909342196102583,0.9985349443217421,0.9989560313067906,0.9828295626254943,0.9970486796430229,0.992571734162436,0.9509513035224135,0.9980810394096273,0.9979027347146902,0.9984884980742363,0.9940613621111034,0.9974486327098284,0.9986099647644197,1.0,0.9989908565390562,0.9978075899872828,0.9978074895070064,0.9981805064484418,0.9975034133096253,0.9928087960546383,0.9786596016801767,0.9812279862793433,0.9245599280216759,0.99182004853387,0.9946195269249398,0.9767750177979321,0.9587631686175857,0.9916538710483649,0.9895303273331657,0.9917720762883401,0.9773035072433585,0.9975127629414806,0.9983339268680367,0.9981771724923176,0.9980081139930416,0.9988518864496096,0.9982314540043096,0.9982294551407341,0.9987726951681238,0.9976733298149515,0.997581231816743,0.9800177581536353,0.9423923518854291,0.9594678536534682,0.9587247433208099,0.9517502087805075,0.9277609489264432,0.9605568621933899,0.9526443061282881,0.9634027224813946,0.9656963158781268,0.9536440747950179,0.9807073042223077,0.9806239693793466,0.9886561934984188,0.9914298130747293,0.9671805677399091,0.9735069994965535,0.9807064719953429,0.980889073515534,0.9814348848969717,0.9668403100372365,0.9182772428456693,0.9656216699638414,0.9674458998988004,0.957587384707368,0.8989638398189531,0.9782259630303195,0.9620848622812144,0.9791943487920517,0.9675591776352626,0.8420625903011866,0.8919204557648871,0.8353909637585585,0.9055422555533653,0.9232854603058243,0.9241723399427694,0.9071895999812271,0.9180938866215933,0.48391288143863304,-0.5109838344308383,0.9724601028620073,0.9610837612221478,0.9616854546897468,0.9689028438481935,0.967850560909764,0.9770865496068899,0.9770944137129863,0.9344644946787758,0.9774796465728465,0.8858304940976337,0.820180357045501,0.9409694745868303,0.9421993431293954,0.8386432622545605,0.9575137343910958,0.9583251846968277,0.8957490172449675,0.9744399771349622,0.828315832561581,0.530611074756532,0.7239993021528487,0.8491569806445416,0.8502398708707216,0.8316491928980243,0.9792414927208875,0.9792684914047823,0.7739218667150418,0.747897330633818,0.7760581956857117,0.4778428059986646,0.7781689687405561,0.7851892182733405,0.7870336910883245,0.7855985833582703,0.7938321666975741,0.7379381860506037,0.7233532461931639,-0.3101822012120615,-0