var element=document.getElementById("correlationAdjClose");if(element.style.display!='none'){var correlationAdjClose={"data":[{"type":"heatmap","z":[[1.0,0.9999945925892273,0.9865076196371103,0.9999343909516246,0.9991852097246727,0.9836850817546431,0.9978658512914822,0.9963428220058322,0.9712158142222989,0.9965395379635855,0.9946834429618143,0.9939580843041467,0.996437747091574,0.9964730024056574,0.9963845513820382,0.9977448932127883,0.9980709754678109,0.9983343427962482,0.9968838572615527,0.9968977644253202,0.9968583293669476,0.9964116516667364,0.9884721357824358,0.9736298055839634,0.9907894949771964,0.9602880121827808,0.9899413183319838,0.9870785950660879,0.971173896870691,0.957235766880755,0.9923490760814916,0.9938663718058515,0.9928341139676716,0.9791247487681538,0.9977852372739503,0.9979009686940616,0.9976192635807695,0.996521736154022,0.9955575627247529,0.9977870340622511,0.9986514715398265,0.9986866405235023,0.9977663558826432,0.997777138711721,0.9781351282616267,0.9257900553296509,0.9550131226257279,0.9421047463296343,0.9415842867927741,0.9209035074655237,0.9644170777906752,0.951933825319112,0.9662627157377109,0.9689205754004516,0.9579463178094285,0.9848633362561325,0.982732822289651,0.991188380013873,0.9942797097480555,0.9876973753710377,0.9828020009856381,0.9882488883723725,0.9868257132969838,0.9887896601124204,0.9886663556888609,0.9564312075318471,0.9763859379945181,0.9769014815661592,0.9766819812757361,0.9452857026272627,0.982335695460711,0.9792222550178861,0.986218810117792,0.9856110804464183,0.9424870565337844,0.9012224583323503,0.8711847894274666,0.9156290009118668,0.9299966572103313,0.9279951912147634,0.928161012832906,0.9270986146620939,0.7303345466980409,-0.5397233947083132,0.9811149593580809,0.9762954525576409,0.974005212188891,0.9883337265586342,0.9743547720970942,0.9846807541728241,0.9846751853268901,0.9447347321607432,0.9854353189318039,0.9477582948879693,0.8058691527842129,0.9212887011211791,0.9355132022541276,0.8244865933930309,0.9563019548986614,0.9569194382672582,0.9032909896114982,0.9685227233506585,0.8956227768207328,0.5779728935669403,0.7301592529781651,0.9028808444448825,0.8738017395812182,0.8943104346131567,0.9763253607765936,0.9765138948129496,0.7903211128321678,0.7557156579119187,0.8258798436834104,0.46387846360693685,0.8089675793877319,0.8299950691320684,0.8251252894910116,0.8182364210002812,0.795821793278555,0.7572614136497997,0.7418060766240538,-0.2912068837780792,-0.4317760776002444,0.7033061969942414,0.891353987904599,0.9307612013286037,0.9413283573922233,0.9053902848562928,0.829726077880872,0.9094390843304151,0.9244552111862823,0.9242485548655669,0.8599127256876932,-0.13581033834293257],[0.9999945925892273,1.0,0.9900931615103874,0.9998576873591303,0.9983255196579693,0.9900063912565132,0.9941696675631869,0.9919248616025935,0.9874468514236094,0.9919317452073882,0.9919591708360483,0.9932918501529246,0.9920202500036203,0.9919262437680375,0.9919816028303872,0.9939948415609412,0.9962610629026742,0.9958274793227463,0.9938933596286152,0.9939003948961957,0.9919731653829057,0.9920191878038972,0.992414270859257,0.9774065374823173,0.9884431767259917,0.9845616930250698,0.9885269956619372,0.987050817728928,0.9822206951474488,0.9401752921344625,0.9898094114057718,0.987962008451795,0.9826684028396317,0.9421295029351009,0.9952153511653318,0.9951574906811859,0.995354812435813,0.992350200686907,0.994965834790226,0.9953745438448275,0.9965714210839087,0.9967752715675582,0.9953721187144029,0.9953831600876123,0.9914716808510957,0.9255874152122804,0.9038581089657293,0.942071896213134,0.9417190796212437,0.9208840153228968,0.8949007501232353,0.9343031084874738,0.8969912196458293,0.9252860790039672,0.8948247441058664,0.9602495043691153,0.9602377763642432,0.9737112443098109,0.9855494126951629,0.9836612723888329,0.9849907241967256,0.9793523814808877,0.9820927362114426,0.9806456672661397,0.9805215077829261,0.9445770300125444,0.9637919399804293,0.9376411915286792,0.9374531719897979,0.8709429848031505,0.9820550698708677,0.983233870616345,0.9834094094106582,0.9829945718997398,0.9552959547208895,0.8096058064980547,0.775894365002522,0.8601247436593904,0.9126728081957948,0.8742461979323861,0.893908063437742,0.8929057961520906,0.7757820141355879,-0.13538345658039186,0.9716920683372517,0.9743390212210893,0.9713825479315714,0.9840585729754928,0.9677480759258589,0.9740695102593464,0.9734414737991411,0.932006173493085,0.9753883052583993,0.9339372688240682,0.7426102248399626,0.9210473073783556,0.920093109287809,0.582867044732164,0.8571145760337736,0.8609782509718767,0.7638406253956215,0.9692916475260261,0.7378822109397701,-0.31670500149910774,0.2551703996384429,0.7636692537210987,0.7148136195368303,0.7567547428769779,0.9707775445928968,0.9708054062236647,0.20805802341171578,0.38008561556500176,0.21520196987843226,0.186649897865591,0.20823426753993485,0.22128281548834214,0.2181521670226957,0.13856223562218778,0.5610706715062542,0.2940668164491986,0.24390878318032413,-0.43667245442050934,-0.4856031206648104,0.7036441690062909,0.7616268539092068,0.7849835188922091,0.8495371153908371,0.8231711229785678,0.6035743183851009,0.7760794775855204,0.7797459181396335,0.7786985113588291,0.44036297519166756,0.249566267291502],[0.9865076196371103,0.9900931615103874,1.0,0.9877799034879994,0.9934890744562981,0.9914590260813485,0.9895269483354573,0.9903136667554345,0.9913852698591352,0.9929164335309336,0.9968421188545575,0.9960176474914849,0.9901633854672467,0.992242973635127,0.990366664151193,0.9898255149520878,0.990814941967874,0.9899884340780684,0.988986528634489,0.988956500774795,0.99181171565984,0.9901916861434944,0.995085789322483,0.9854215462590344,0.9910849282920233,0.9826279191827426,0.9917271010047795,0.9877680853781932,0.9873792710778119,0.9626925283445352,0.9692737225107728,0.9736192364817435,0.9773249200058146,0.9569166648287212,0.9869343444219781,0.9900274306405434,0.9884091918449288,0.9919528269991533,0.9946967546589653,0.9908273742202334,0.9849376508591471,0.9878746575976478,0.9873076662467908,0.9866889999124488,0.9927635405312148,0.9215884740963163,0.9394652358238277,0.9508516188427862,0.9343349673278707,0.883243361714186,0.9228305646658026,0.9088078326211165,0.9256319850111632,0.9331788816029501,0.9169697399447458,0.9509161990171645,0.9605925522254017,0.9684763842637274,0.9773709961967343,0.9447759708682205,0.9672794253667959,0.9668888376653303,0.9730613249069605,0.9671212264587085,0.9436311687029513,0.9259500294319025,0.9516338515887791,0.9423174842657718,0.9248431113509252,0.900283786118818,0.9735863571064274,0.9538861895828428,0.9665741209756197,0.946767869215759,0.8454943527124913,0.8659903431372964,0.7842562622800517,0.8822121244358175,0.904349761199437,0.906478896117581,0.8739437597598197,0.8883231944893678,0.4518325282415115,-0.5252596067539606,0.964074825006797,0.9519379614674506,0.9518056297969268,0.9448039744725836,0.958649771732488,0.9665769816104083,0.966276213009108,0.9348315635805614,0.962416437138009,0.8892473914967753,0.7908860540852479,0.9573949385610592,0.9557015691036708,0.8067948983306263,0.944534278789945,0.9459804529806602,0.8764541901532481,0.9810290620124665,0.7761250031117689,0.4825098569410811,0.6751557812664257,0.7987891948412178,0.8015780654727725,0.7798258827828786,0.98304517704616,0.9830724223553939,0.722130064296532,0.7054966433700632,0.7115854366907247,0.4145154239183162,0.7112010692727848,0.717194140988983,0.7255269312814988,0.7171809282953193,0.7602853691705433,0.6943854711448264,0.6779658902654236,-0.3490418842260983,-0.4894345274565738,0.6726935084593159,0.854049173957999,0.8778510533333578,0.8872522919532716,0.8780831906473908,0.7642914251692896,0.8583346348972964,0.8676024044178133,0.8743432891876113,0.735521479387338,-0.05869902814813483],[0.9999343909516246,0.9998576873591303,0.9877799034879994,1.0,0.9994100342645912,0.9847343753525867,0.9980851498776377,0.9967288284747403,0.9732625124446924,0.9969710889778253,0.9953545627441952,0.9948326622575128,0.9968070967919825,0.9969262360336745,0.9967700765613328,0.9979910076249782,0.9983768977001644,0.9985730960334414,0.9972205361296936,0.9972314765937975,0.9972252419237251,0.9967845525770824,0.9895762475205417,0.9749334609830466,0.9916709714713161,0.9626754374118428,0.9909213941568071,0.9888378245751646,0.9730143367278994,0.9583540515737355,0.9917050814174897,0.9933963222648854,0.9927624261809316,0.9787300537035586,0.9978542253228244,0.9980858759164455,0.9978216659318689,0.9969415649165974,0.9960381518658202,0.9980045995855702,0.9985488120882435,0.9987597610759409,0.9978314307639985,0.9978390389784011,0.9798182249868094,0.9225168455634485,0.953054728799139,0.9419527208891851,0.9395677546995396,0.9151436577493429,0.9616223225327594,0.9488100376060616,0.9633818489052061,0.9666238743031887,0.9553457184914439,0.9828749078467768,0.9813410115640224,0.9903728625514967,0.9940776822004194,0.9864336643823415,0.9817488414022403,0.987158404464569,0.9862773498080695,0.9876281958289593,0.9875001528627901,0.9481776684052928,0.9752486666855575,0.9756051394936429,0.9753842838887591,0.9409804450254178,0.9819066128907403,0.9767260549232883,0.9849560638882594,0.984318476446064,0.9251535637761102,0.8998899987230031,0.867811045356475,0.9140925656925586,0.9275102346354687,0.9275750915794441,0.92600579365304,0.924984063233178,0.6472505851083323,-0.5392259557680459,0.9803612547364706,0.9751299189534909,0.9726615840063504,0.9870750490943881,0.9737318952500732,0.9840109437708375,0.9840038044732935,0.9443862769191368,0.9841840079226835,0.9352403258046106,0.8091895070905757,0.9259112109509962,0.9391640623305963,0.8259927306698538,0.9574690244000561,0.9581126239337969,0.9028516345390869,0.9696426075521223,0.8895732783329473,0.5743560905876105,0.7284511951108315,0.8974581044766632,0.870122686378602,0.8886153346546288,0.9770862855931801,0.9772788121195006,0.7891541268341727,0.7558730263980434,0.8179893134222361,0.46543429114950785,0.8030760741033375,0.8218331039590345,0.8168918466321884,0.8128044320146223,0.79790681468072,0.7571235990206477,0.7417382847942703,-0.2866000007529772,-0.43105052525912907,0.7025192762547365,0.8896238319952294,0.9288808072035014,0.9394921405794991,0.9042684723970501,0.8270138328748109,0.9074217732841031,0.9221891544595535,0.9221323471682609,0.8529147159381164,-0.12884095570462456],[0.9991852097246727,0.9983255196579693,0.9934890744562981,0.9994100342645912,1.0,0.9872259916933278,0.9989858283753918,0.998553592034679,0.9847384280892765,0.9985530034116615,0.9981581788342011,0.9980779675420529,0.9985697663386551,0.9985841513638889,0.9985846000533319,0.9990590192846396,0.9988307823125335,0.9992383387749253,0.9988353754962523,0.9988363293048644,0.9986259599104338,0.998571460472939,0.9949851163987595,0.9820790556072074,0.9952122553867903,0.9788040512828279,0.9952415461431565,0.9924412058442585,0.9847855122327537,0.9614370765405249,0.9892535051026847,0.9919783285750441,0.9902592039710297,0.9715546129746621,0.9988362916596316,0.9989019099712786,0.9989270154986044,0.9986767578085824,0.9985678735166569,0.9988925076950543,0.9989129284789017,0.9991407940325345,0.9988548114912934,0.9988550454628188,0.9887808551798819,0.9314732994818948,0.9524283784139289,0.9488738199715605,0.9399387069058553,0.9108707759076003,0.9505996206389978,0.9454283312474409,0.9548231312650934,0.9610998701416475,0.9495648218669979,0.9809862421358216,0.980936184631316,0.9905393372213893,0.9939738903925933,0.9827489182887373,0.9759025561600981,0.9818647599701023,0.9826089123377152,0.9822641763635467,0.9820984849202681,0.9458971730533237,0.9674073446724083,0.960903146645301,0.9606458374126026,0.9147136539275783,0.979082519278644,0.9753904453648516,0.9810492057456055,0.9803190498174303,0.9396189220248958,0.8821208212290004,0.8492572639998698,0.9006172778407461,0.9322421361681313,0.9187599158883274,0.9249489252032261,0.924151374568891,0.7818477245698475,-0.5387940556670192,0.9745722495224627,0.9653207175030658,0.9639274756262881,0.9835778596114145,0.9644222256838281,0.9779471605106808,0.977645172930134,0.93626899283154,0.9791682010253131,0.938036446897343,0.7992233705837165,0.938727702679356,0.9577057033436571,0.7943851831094788,0.9465128173313275,0.9477161243256821,0.8979866009656811,0.974200754163938,0.8921286700331433,0.4126289375222314,0.6751420804251058,0.8980329945851853,0.8519636002915788,0.8941338485812953,0.9804176643547714,0.9805699232293236,0.7571358665517484,0.7410323798729028,0.7608024390348461,0.4448789602486743,0.718615872600456,0.7651157076318009,0.7610355121802966,0.7259988577296029,0.7862210379339171,0.7438622078450868,0.7276131654084951,-0.4850186712940019,-0.567974383031062,0.6975295020507496,0.8854782321047034,0.9167968140534664,0.9360826449528654,0.903370575990389,0.8113510509072334,0.8997669473155436,0.9112044775824318,0.9107318291389147,0.7934087144595504,0.0820393921943757],[0.9836850817546431,0.9900063912565132,0.9914590260813485,0.9847343753525867,0.9872259916933278,1.0,0.9809987969452822,0.9823239863725959,0.9932549005062381,0.9817048164097374,0.9777918992263105,0.9768918470486877,0.9821468435739155,0.9825909389562009,0.9823907036430196,0.9819493963275768,0.9856010624997388,0.9829431176386648,0.9828139947384567,0.9827805952621983,0.9811857886925774,0.9822474021115888,0.9939317948535439,0.9932743557621195,0.983524195260318,0.9878784120002921,0.9840178210122257,0.9745933256109346,0.9875201673077778,0.9739056207839574,0.9591702259693616,0.9652967214953359,0.9751161283149025,0.966033944387978,0.9807404808176613,0.981171289222024,0.9820122437565443,0.9830285382889232,0.9777499536922394,0.9815567441603755,0.979926307705768,0.9817893692330459,0.9809828211816342,0.9809545045272405,0.99602536578147,0.884563303151405,0.9309077965611287,0.9292974662581236,0.9385354509015648,0.8986447787804913,0.9174135707125115,0.9119134770769454,0.9203321555864779,0.9376789345633079,0.9176226138280615,0.9493072423032406,0.9555322493720545,0.962115931013994,0.9684587306784445,0.9732410191563724,0.9888319874955033,0.9754774699557268,0.9861962829031068,0.9750881982604764,0.9746162113937962,0.9767588213563688,0.9731513494900846,0.9544286088208028,0.954007775896217,0.9506591701172733,0.9850201192075205,0.9778816774091711,0.9742498524761982,0.9730875882010366,0.9675306995386307,0.90726109769242,0.8646792877240606,0.9222392955908558,0.9253762142218077,0.934809089379214,0.916020288326543,0.9141114932672131,0.7673039441045316,-0.4801364335639082,0.9834544151355392,0.9849385026286267,0.9815267102346406,0.9740729664705985,0.9766606795022905,0.9821161251179781,0.9817753745655659,0.969791917159767,0.9722131481935685,0.969418923378938,0.8117182552994936,0.9019017597061122,0.9582297648751836,0.8400383358197865,0.9465010984652871,0.9473960001039243,0.8670684256908757,0.9594510960922119,0.8323079647501148,0.4943267460558797,0.6914060062627259,0.8421530956695983,0.8201264552225328,0.8320782228073386,0.9592454494947271,0.9592906173548555,0.74171203553135,0.7314750119348955,0.7507157399212513,0.46879333790948186,0.7480779260174646,0.755872137207619,0.7495875046974715,0.7482177195830536,0.7770426786516389,0.7153945941270271,0.7029315706681627,-0.312364827505234,-0.44304434225515676,0.7088500363654693,0.8523870042771307,0.8665846878808919,0.8844995756484698,0.8614022783102991,0.7835268781278365,0.8465614835912109,0.85893161599624,0.858829433894521,0.8015955372509534,-0.08670548209612336],[0.9978658512914822,0.9941696675631869,0.9895269483354573,0.9980851498776377,0.9989858283753918,0.9809987969452822,1.0,0.9976399718500651,0.9572546672130362,0.9996305204463547,0.9995986833265734,0.9996270804905181,0.9985040479336442,0.9994975716751877,0.999230686155673,0.9998939242812059,0.9967814138136051,0.9999044426656831,0.9994171139217789,0.999422460030631,0.9997278600825625,0.9993662530261693,0.9908972094626116,0.9753591043687888,0.9865277763299252,0.9290604335469526,0.9939326781674345,0.9930668720353719,0.9754915577903042,0.9551118695965238,0.9916844036442791,0.9921639450995364,0.9938704159894364,0.9763074208069719,0.9990659939555764,0.99986145610269,0.9997318308312577,0.9994983849638462,0.9997841000631235,0.9998478216164003,0.9985977636603642,0.999751734297281,0.9994254494624425,0.9991026194095556,0.9802077369114215,0.9381887210615997,0.955097356641782,0.9526021588113581,0.9404149466416991,0.909471393216154,0.9586390477541811,0.9484665909336422,0.9610059728967599,0.9643243575678911,0.9547906128737111,0.9823817008167467,0.9822507931909195,0.9922262006874949,0.9964950235536721,0.9533405632890765,0.9628211237859314,0.9737886664509062,0.9740822622521179,0.9752571396211711,0.9533367634710184,0.9037948008980429,0.957851230101625,0.9631690276541546,0.9450221029544066,0.8938373593467558,0.9691880371189233,0.945885687914344,0.9704307605868583,0.9537688012080214,0.803148374082598,0.8737883400581663,0.8009166968722241,0.8871691245733515,0.9030870641564087,0.9073426062150155,0.887754060141439,0.8991213420995656,0.3978689473624229,-0.5744375496099123,0.9648528584837228,0.9501919503264147,0.9503971881494426,0.9548141555047136,0.959883244776858,0.9711056187567326,0.9711896123814135,0.9238787236227284,0.9693592189039014,0.8600858829341307,0.7924244098464609,0.9389715835121493,0.9374625218949725,0.8124660285627844,0.9548596915203796,0.9556384517862644,0.902177491696584,0.973626676322207,0.833617738665387,0.5709960919891912,0.7225669571796617,0.8579330279604066,0.8522590921452818,0.8394533576553899,0.9807969928033757,0.9810059196120176,0.781307437674004,0.7386916811713408,0.7834453208539639,0.43823379699204507,0.7828157277995058,0.796882768137015,0.7888089185617722,0.7958616717408019,0.783797525353939,0.7505682948457958,0.7333404394348967,-0.29955081573747416,-0.4517302169757558,0.7103992648425498,0.8907503128395605,0.9221988048378993,0.941051053439232,0.9105004209930869,0.8291676691340111,0.9097220870815879,0.9271364688811796,0.9257348411483659,0.7791006700143719,-0.1001643051557829],[0.9963428220058322,0.9919248616025935,0.9903136667554345,0.9967288284747403,0.998553592034679,0.9823239863725959,0.9976399718500651,1.0,0.9678423365055021,0.9999998355347686,0.9999993463819009,0.999775827432094,0.9999970896282447,0.9999931047040997,0.9999983284677363,0.9993600303536172,0.9918787212690054,0.999486582948409,0.9999122850761122,0.9999120368399175,0.9999666366514405,0.9999988182402697,0.9914323814156738,0.9770807937749232,0.9932231793304921,0.9429248288343537,0.9944241741150237,0.9915227505948673,0.9776730453578345,0.9546539146222327,0.9880484810687793,0.9939397129473343,0.9925134213253506,0.9735001587781342,0.9994843626927956,0.9995912314872973,0.9996895817197778,0.9997548182574665,0.9992884611177208,0.9995308708833668,0.9983042637788611,0.9988973025434664,0.9995564030046802,0.9994284070348335,0.9819760111082352,0.9380932412761778,0.9526907123241793,0.956186975469081,0.9398622686098028,0.9003685778509228,0.9568712273533297,0.944161722264639,0.9589074815548203,0.9590685323700191,0.9490920383680321,0.9804083182430607,0.9795080190947886,0.991267737248811,0.9969000718508308,0.9489788091498623,0.9597517609587959,0.9685669413496112,0.9717283005741092,0.9703787388853001,0.9519097081937327,0.8984106317344548,0.9541245497867255,0.9575226558203767,0.9403513240286201,0.8845935336377929,0.9670954513324671,0.9406343439791514,0.9658161132435913,0.949721690586941,0.7928779771134832,0.8675422458934678,0.7970967635068256,0.8808635603450955,0.8971327836200435,0.9038044035078091,0.8839801815964646,0.893337454634324,0.3825048449164718,-0.577731438102209,0.9616510371731389,0.9455460700781546,0.945864510993352,0.9531008115487557,0.9565338978155357,0.9679724139178681,0.9680572158820139,0.9208041760614272,0.9637335527819396,0.8516836845893218,0.7900434991663344,0.9509184641901324,0.947486697699798,0.8099523408958513,0.954855918365781,0.9557742450688334,0.8996811556230873,0.9772918673694219,0.8360692147731351,0.5565906198031819,0.7141667396187112,0.8585261674945673,0.849011461390019,0.8411710781058348,0.983047714101612,0.9832543813899737,0.7727428487607224,0.7316551575758481,0.7843357330820729,0.42697153225517714,0.777724246740728,0.7922155184693028,0.7888444893762703,0.7902491924596037,0.7781016049001526,0.7450112404643113,0.7272621941152881,-0.3145810388894065,-0.46565429186040863,0.698588042161257,0.8835555220194139,0.9195036223825364,0.9336489423418137,0.9049217898745255,0.8188725817021725,0.9033700592422365,0.9208580117495101,0.919703620275057,0.7609717554582552,-0.08336039368032538],[0.9712158142222989,0.9874468514236094,0.9913852698591352,0.9732625124446924,0.9847384280892765,0.9932549005062381,0.9572546672130362,0.9678423365055021,1.0,0.9828478470918504,0.9874240798873236,0.989864303793208,0.9714565470802369,0.9797613737072771,0.9763299861063738,0.974356701024606,0.9504082709822002,0.9792067094683686,0.9770100019011821,0.9769601872095796,0.9813441078208877,0.9761753724758057,0.9938611139530984,0.9932887330389099,0.9803578989471882,0.989958175158001,0.9835085881520329,0.9907176878394061,0.9907654549230283,0.9697821511464734,0.927665667499448,0.949274099859273,0.9662532779104429,0.9524383712683181,0.9707680920695876,0.9792540742592072,0.9758334860058611,0.9781899642536762,0.9883809079955252,0.9804255405208896,0.9670242814548428,0.9765117328912105,0.9716351153679577,0.9706150495395973,0.9990421610624597,0.902415137274059,0.9244475037016231,0.9512583433775919,0.9405261550296689,0.8797421877415081,0.8869304950751269,0.8870458516022666,0.8909683587977486,0.9173568113476828,0.8971387775635021,0.9298224744621167,0.9466521569018395,0.9518878496402833,0.9612106249880054,0.9079397441589736,0.9692108964655961,0.9491528940207418,0.9681967058826911,0.9491493506454238,0.9069535268567179,0.919856362465807,0.9468050136287411,0.9210598055357287,0.8863210888551265,0.888935994583765,0.9697276441440322,0.9248081879138389,0.9468683616268984,0.9106523238714724,0.8365480944019236,0.8616107737279908,0.7445834397087401,0.8792915071733609,0.8878177048638437,0.9011765462811792,0.8505842165067848,0.8691734773500828,0.43421255977455336,-0.5075208944174857,0.9600756594247181,0.9548628295068928,0.9526702015574525,0.9063179982344325,0.9509733806668469,0.9583665728040472,0.95791621622594,0.939822697583733,0.9441145583815398,0.8806123983074966,0.7966908921560908,0.9432861081565119,0.9632306351700141,0.815965095403019,0.9381220261445928,0.9395347316116489,0.8544947829811089,0.9688245193272033,0.7425409474347929,0.4448853174948793,0.6564765061121431,0.7757372496155083,0.7784235540532706,0.7539538424844605,0.9681851674062809,0.9681844451429845,0.703421305836284,0.6954521636316858,0.6770598309890372,0.4219776431269128,0.6929977794074553,0.6951002096792172,0.6760471597834037,0.6953392453885884,0.7531687277837583,0.6879657087983279,0.6728645122922503,-0.3545013779642964,-0.4911610650177599,0.7091009616838858,0.8385114306791195,0.8310036014821088,0.8618710480180966,0.8572675128400397,0.7559890472288855,0.8144800968485971,0.8368894595033928,0.8307246110733691,0.7075640771488844,-0.01903382515749458],[0.9965395379635855,0.9919317452073882,0.9929164335309336,0.9969710889778253,0.9985530034116615,0.9817048164097374,0.9996305204463547,0.9999998355347686,0.9828478470918504,1.0,0.9999991563344888,0.9997803216194334,0.9999985292986793,0.9999920335900416,0.9999978729770193,0.9996991466492496,0.9979575656906828,0.9994858859281355,0.9998888782986647,0.9998888511659892,0.9999785263333724,0.9999993512097431,0.993959251767292,0.9788161829207629,0.9963868617023526,0.9749224726361213,0.9964724322674022,0.991539339947915,0.9820078095936966,0.9560138580815548,0.9898837851491878,0.9938875146879917,0.9902310489571189,0.970375723902187,0.9995207486638011,0.9995856678728539,0.999598637458441,0.9998410524850584,0.9993001498079558,0.9995382618323532,0.9985372969667254,0.99894404572299,0.9995276757414325,0.9995232467023325,0.9863933163826867,0.9381518523970396,0.9527216570857955,0.9561859488643217,0.9398896324654491,0.9004808703631684,0.9488367601310876,0.9399247866120912,0.9524739840925975,0.957461823159743,0.9474203284228822,0.9797105084358357,0.9795405710725491,0.9918209453583172,0.9967425674581475,0.9732420560750544,0.9597278318710056,0.9722648116641768,0.9717167130981039,0.9728086539946996,0.9725953709926802,0.9334149832132713,0.9541297254541342,0.9514882133396318,0.9512090642522271,0.9030231820949803,0.967072945461287,0.9659156718310874,0.9717113396778089,0.9707886610386345,0.9260820327857224,0.8675686868924561,0.82937103735218,0.8808871720716618,0.9158447892787566,0.9044815918192913,0.9097392575670343,0.9089896784745408,0.7377731448973267,-0.5799244837081335,0.961645775555795,0.9455260759309216,0.9458582251569274,0.9742469927741061,0.9519002452097836,0.9676836309079712,0.9673463524512838,0.9215048581968334,0.9691074178777205,0.9235327268353918,0.7900411399860396,0.9508006017778406,0.9586724669268594,0.7955705666931058,0.9489987007920624,0.9501399534499861,0.8997533000966715,0.9765763429115821,0.9001719029753484,0.4536989032781145,0.692260769703462,0.9059609583844721,0.8600803138813382,0.9020341019561172,0.9830357932845858,0.9832426124467037,0.7728114378341071,0.7317449181143013,0.7759657467835436,0.4270771796444611,0.7348100690808006,0.7805101906789496,0.7760814036722881,0.7441077024479429,0.7781508363443368,0.7451034803714321,0.7273559647048332,-0.5297208942800904,-0.6129829131541001,0.6987638635484976,0.8836621238682859,0.9199640039236816,0.9383948319033377,0.9050216764905674,0.8158619314523121,0.9008713981062568,0.9139611385241855,0.9134484751973974,0.8057375775371503,0.1436166533560047],[0.9946834429618143,0.9919591708360483,0.9968421188545575,0.9953545627441952,0.9981581788342011,0.9777918992263105,0.9995986833265734,0.9999993463819009,0.9874240798873236,0.9999991563344888,1.0,0.9997795287129593,0.9999963896180538,0.9999950052119589,0.999998389681095,0.9996856451665949,0.9976796660704487,0.9992457817898751,0.9997959493341377,0.9997959882454972,0.9999984570153032,0.9999984221359984,0.993363264155245,0.9750361205842376,0.9954902617888879,0.9829573607053882,0.9960633694773697,0.9915515609492346,0.9842061929989987,0.9489596963393109,0.9892719744956114,0.9935018080575885,0.9843432675313335,0.9468968682492435,0.9993187571036867,0.9993721292769089,0.9993153656350195,0.9999000271427545,0.9992845131815683,0.9993252748757705,0.9980369023197665,0.9985800024024682,0.9992952376431925,0.999293098089029,0.988776159581053,0.9378824443670755,0.9217090184600287,0.9561479654818639,0.9398222315028638,0.9002064497071561,0.920593929455541,0.9116036231423161,0.9248179531589724,0.933212906572622,0.9191030273113854,0.9726760969450271,0.97265341671545,0.9907848043020918,0.9953734291004306,0.9654775393917377,0.9598627125570571,0.9598856183648977,0.9626850445876005,0.9611224632954308,0.9608511309495409,0.9098004881064441,0.943830738062451,0.917435558800572,0.9169638771733939,0.8366940848751925,0.9651516918720857,0.9703184086988954,0.9669619978302669,0.9658580257396153,0.9190190469729446,0.8061729840013712,0.7710696558539923,0.8463118258154488,0.8969894258569037,0.8676376310981245,0.8822636862791728,0.8810282624704173,0.7400717413527536,-0.3799472209523815,0.949394694588047,0.945679475042719,0.9459713710442408,0.9665482305171575,0.9383684755460774,0.9519324761354283,0.9512711268385317,0.8948770381320729,0.9544501486265706,0.8989334559190607,0.7902065860103642,0.9510985309092999,0.9628638876482472,0.6956618254029555,0.9111772198917153,0.9137017379963231,0.8583923609915469,0.9856285929520079,0.8463275942727865,0.11025794291712566,0.5467938161678315,0.8582266984403257,0.8263668884162539,0.8531978943327457,0.9863500817534172,0.9863709034267862,0.5411926090759112,0.6486197753998105,0.5483633103887693,0.42702085095615133,0.5166941381837986,0.5586142412345485,0.5492631576257011,0.48774738783887894,0.7674372494271,0.6171905886360505,0.5791439466405198,-0.4906062222600234,-0.549320364500975,0.6982365045430953,0.8639774155668872,0.8763640046025728,0.909858211686254,0.8988824068381774,0.6879734111546445,0.852887258317984,0.8697652905661246,0.86909358584281,0.6220493874089982,0.09560377842386156],[0.9939580843041467,0.9932918501529246,0.9960176474914849,0.9948326622575128,0.9980779675420529,0.9768918470486877,0.9996270804905181,0.999775827432094,0.989864303793208,0.9997803216194334,0.9997795287129593,1.0,0.9997931737217889,0.999779448720173,0.9997850097989462,0.9996852636529099,0.9982963271948798,0.9994353881680643,0.9999718402858819,0.999971601189779,0.9997842761942147,0.9997892491260024,0.9930070078652602,0.9721638389238766,0.9943965036143385,0.9838004717640474,0.9951543333921524,0.9938872795993268,0.9806362260425613,0.9309179029303526,0.9919022228763799,0.994565856080007,0.9801484984210478,0.9294254982729968,0.9994492947888313,0.9994940721165768,0.9994573491806306,0.9996108792245709,0.9996334526146132,0.9994725588136614,0.9979302324978957,0.9986151053814357,0.9994368492008608,0.9994338256849198,0.9901258797634028,0.9336688637703676,0.9094396193124766,0.953203505778039,0.9384239555826498,0.9001137001579532,0.8881260540223598,0.923928494165104,0.8914692511660242,0.9115828037976074,0.8865271688911599,0.9613781813665889,0.9613644538044345,0.982297179871405,0.9949550696682401,0.9641129730243451,0.9643049158014964,0.9549296910165926,0.960283406732776,0.9572419564302076,0.9570240199011263,0.9095505850357906,0.9343446292077501,0.9013233301754566,0.9010622911929512,0.8206102328755712,0.9641657156475053,0.9660990965021485,0.9661180069349298,0.9654495008596651,0.925772549465613,0.7611416737582269,0.7238885254917558,0.815005449628331,0.8766594743168816,0.8347583541230512,0.8564975097458932,0.8557192068043045,0.7230436806919263,-0.2560543326070181,0.9433571196146746,0.9477670961922167,0.9429683578795516,0.9647987500943721,0.938018844504545,0.9466478981293356,0.9457734709104754,0.892853501377822,0.9487597496052269,0.895698941698035,0.7462904816105989,0.9487146882486498,0.9426378115834321,0.578639435040886,0.8598249393571578,0.8640444945099793,0.7601264640754107,0.9798001390517075,0.7368259434493398,-0.2574392931390155,0.2901513661385872,0.7599169318019224,0.7166130157499504,0.7538643139096207,0.9808910189785849,0.9809847065910499,0.24161747398082267,0.39941779033209046,0.2471931225745349,0.2189832668984883,0.23909025534846476,0.25426212211687577,0.2517652444670176,0.16849733876596337,0.5783336417601507,0.3147608706295085,0.26296514118052117,-0.5029182252514329,-0.5506586745893144,0.6986123430305917,0.7650103439223339,0.7881827870071881,0.8528786428460939,0.8314340671987055,0.5935082404777854,0.7743963579059001,0.7831787855178064,0.7821801554104925,0.4438809861108983,0.284423877090389],[0.996437747091574,0.9920202500036203,0.9901633854672467,0.9968070967919825,0.9985697663386551,0.9821468435739155,0.9985040479336442,0.9999970896282447,0.9714565470802369,0.9999985292986793,0.9999963896180538,0.9997931737217889,1.0,0.9999915028525982,0.9999976899763299,0.9994052890543684,0.9934882894624195,0.9995246042695624,0.9999216880207091,0.99992161503059,0.9999734840703765,0.9999989876281123,0.9913128445024293,0.9768879305043798,0.9938677351048082,0.9477992390114147,0.9943761295216039,0.9916292712724829,0.9774751365055262,0.9545997597362533,0.9889582677464442,0.9940252539010723,0.9925963247088045,0.9736259565023625,0.999527112638094,0.999629857048406,0.9997193822532474,0.9997533726731654,0.9993436076536393,0.9995706356145446,0.9983888791133525,0.998961902497022,0.9995989276105223,0.9994717461253884,0.9817287108879598,0.9383407041177104,0.9528466707716976,0.9560974678434839,0.9399084958496728,0.900936655631428,0.9572277605954487,0.9445462224574446,0.9592664101067458,0.9593938728288256,0.9494813731031482,0.9806608211342255,0.979691768597102,0.9914000666943619,0.9969840087116215,0.9492214390095133,0.9597527903332411,0.9687345329933366,0.9717621067226763,0.9705450025975684,0.9521047755488936,0.8983397780529135,0.9542444922219561,0.9578066060876173,0.9406900223066483,0.8847258761717323,0.9670881018724826,0.9407605752468445,0.9659538818431848,0.9499466533026664,0.7927707433938124,0.8677755066799511,0.7975236192609484,0.8810844334292289,0.897327469557377,0.9039128445570546,0.8842809469358952,0.8936279481480259,0.38259250145564316,-0.5778300200427646,0.9617187179556762,0.9456336157118855,0.9459509115510509,0.9532969041870075,0.9566019845412765,0.9680615422492419,0.9681474399284564,0.9207542450413991,0.963920820271006,0.8516527061040412,0.7900824318465124,0.9503757452298178,0.946988139612937,0.8099610645582274,0.954852138322296,0.9557628118298415,0.9000227564414979,0.9771524251305139,0.8365710986527165,0.5577056387832466,0.7148119858822443,0.8590121797800524,0.8495455532573862,0.8416644678018934,0.9829867109231175,0.983193714455992,0.7733510978809264,0.7321478106718536,0.784957057239282,0.4275677997498824,0.7783899807595179,0.7929124288892783,0.7894810777150691,0.7909604618282289,0.7784324872960936,0.7454633106023655,0.7277284750072882,-0.31367215589694514,-0.4648532339485603,0.6989706234174967,0.884079787405143,0.9199906754252157,0.9341892566203246,0.9054098104655197,0.8194375504120047,0.903960465148823,0.9214520833928861,0.9202888239192618,0.7616562157515149,-0.08441046104174754],[0.9964730024056574,0.9919262437680375,0.992242973635127,0.9969262360336745,0.9985841513638889,0.9825909389562009,0.9994975716751877,0.9999931047040997,0.9797613737072771,0.9999920335900416,0.9999950052119589,0.999779448720173,0.9999915028525982,1.0,0.9999953132191386,0.9995886150177821,0.9979151684714146,0.9994853391800839,0.9999076169176272,0.9999066459861616,0.9999560997949372,0.9999918424897074,0.993198085247135,0.9773192677014881,0.9961099764218148,0.9690018439258326,0.9959014475316444,0.9915232218370494,0.9779559376749895,0.9548409660750745,0.989358813014396,0.9941041281112741,0.9919112329120016,0.9732194192329526,0.9995087262445007,0.9995846706055318,0.9996415290338119,0.9998931412130361,0.999309924965842,0.9995212754034486,0.9982661664197242,0.9988888582338937,0.9995292443245744,0.9995226665056158,0.9842685882972517,0.9382997600417202,0.9526352898143172,0.9561529574278778,0.9398637138373676,0.900478261698731,0.9524216031866475,0.9379755176046356,0.9547362336500772,0.9588583980913128,0.9488304236940479,0.9792897862902576,0.9793802107089646,0.9907295797715775,0.9969811222807541,0.9741626412310566,0.9594806984051367,0.9735919576465168,0.9717301646977344,0.9745356428379992,0.9743200912860972,0.9425235196626225,0.9538765864346138,0.9566284541656599,0.956340391300178,0.9195994304519878,0.967100454155641,0.9688424327861512,0.9736728469447473,0.9726728617861113,0.9343894826603181,0.8673394628121431,0.8345380658062289,0.8807236072293336,0.9076914628191938,0.903804830731944,0.9045027095340265,0.9034439564602424,0.7159071271189612,-0.5778482220039276,0.961672047002891,0.9453848651042633,0.9455979212926781,0.9751837056007876,0.9566348715960754,0.9679992089045791,0.9680814686693665,0.9208567711536366,0.9694679377713323,0.9319465334909979,0.7899762495969899,0.9505938586102269,0.9518286403858393,0.809625273611104,0.9547348454879062,0.9556680502002787,0.8996300793713646,0.9775237052720414,0.8864254082260196,0.5565026388352995,0.7138616442070128,0.8942721936837714,0.8630057845153647,0.8853695401627409,0.9832727493691314,0.9834767714882953,0.7719639452209147,0.7312632605003722,0.8049545715381913,0.42710741164546484,0.7852014169520675,0.8093149373021652,0.8038268904970433,0.7914009102003754,0.7782532336003559,0.7438568184141666,0.726152212617167,-0.40386775640289324,-0.526020886882737,0.6982475012794602,0.8836607015129736,0.9163814277983282,0.929770796715065,0.9053473714292443,0.8180677456986298,0.8922020450908996,0.9096039718945446,0.909203671705416,0.8407853926891236,-0.05082021082096509],[0.9963845513820382,0.9919816028303872,0.990366664151193,0.9967700765613328,0.9985846000533319,0.9823907036430196,0.999230686155673,0.9999983284677363,0.9763299861063738,0.9999978729770193,0.999998389681095,0.9997850097989462,0.9999976899763299,0.9999953132191386,1.0,0.9994911267766203,0.9972230190260499,0.9995014424499383,0.9999149604296058,0.9999144217493698,0.9999675402795596,0.9999977128521508,0.9914750069099694,0.9771424697297534,0.9954787385838256,0.9607361758405453,0.9952848859763676,0.9915883686694491,0.977725125175396,0.9548132028260996,0.9914246781432933,0.9942831575174191,0.9924656354410143,0.9734181503652136,0.9994952596602295,0.9995922085654689,0.9996962642149375,0.9997693160340546,0.9993135474757188,0.9995282023879692,0.9983277120177266,0.9989123623687934,0.9995657129405784,0.9994402363055306,0.9819765531099373,0.9381582011805847,0.952708890019597,0.9561594882885226,0.939911263329394,0.9006151370465724,0.9569457913270698,0.9442865393414189,0.9590120639249663,0.9590220872032814,0.9490122601862443,0.980431185951732,0.9794556682921546,0.9912397354053896,0.9968656528204782,0.9492527647204648,0.9598012681846656,0.9687217507493731,0.9718087506306998,0.9705204840062455,0.9517326453493635,0.8986068111877812,0.9540508140433943,0.9575843271766572,0.9405472303461219,0.8847184020841936,0.9672305001031756,0.94095337469662,0.9660049940814531,0.950008889318531,0.7931962435212342,0.8675517097971936,0.7973422129595692,0.8809120495310209,0.8972916958262516,0.9038161157747007,0.8841232227409407,0.8934951042570357,0.38284476790589267,-0.5774339701891206,0.9617385366900092,0.9456317268572888,0.945947853369938,0.9519789318335563,0.956698298767038,0.9680536984534127,0.9681353851252462,0.9209876506970748,0.9638893991747772,0.8519269760261686,0.790055885077134,0.9506591940040524,0.9473984647462942,0.8099636220125653,0.9547913904814052,0.9557134647414738,0.8995057903910219,0.9773079474269211,0.8360960821632502,0.5564138495313448,0.7140561065846518,0.8585316995115049,0.8491266448357397,0.8411945901422908,0.9830831223787337,0.983286875232136,0.7723714358246683,0.7313384587292318,0.7843137425933929,0.42720062798015673,0.7777009525874542,0.7921362685010365,0.7889924691981712,0.7901515633476407,0.7780265312828377,0.7443067408339038,0.7265911465522641,-0.3144010313089813,-0.46547041714704757,0.6987892867914454,0.8834669737976261,0.9196197281513496,0.9336846225236166,0.9049644583401284,0.8186740328504557,0.9035616179566174,0.9208880922483161,0.9198477356265298,0.7610590609015825,-0.0836188258643728],[0.9977448932127883,0.9939948415609412,0.9898255149520878,0.9979910076249782,0.9990590192846396,0.9819493963275768,0.9998939242812059,0.9993600303536172,0.974356701024606,0.9996991466492496,0.9996856451665949,0.9996852636529099,0.9994052890543684,0.9995886150177821,0.9994911267766203,1.0,0.9984865911726526,0.9998591668635213,0.9995741940417561,0.9995786929745619,0.9997821919129878,0.9995614575441008,0.9911292224794926,0.9761372355931967,0.9941978327570129,0.9536200817706149,0.9938628832556144,0.9929577021477282,0.9759991163574385,0.9553945058936165,0.9918251848280162,0.9927708023380284,0.9933151159582855,0.9754616436627944,0.9993011789253365,0.9997446862831002,0.9997314817972319,0.9995920986637021,0.9996318370651652,0.9997020073104296,0.9988890201647589,0.9996060346212291,0.999528959178263,0.9992994174740395,0.9806277227987455,0.9369775513252212,0.954714352351422,0.9536049578476575,0.9408542675761365,0.9068826366441606,0.958954631755695,0.9486820153325931,0.9612967584260562,0.9630021275389101,0.9530837528389202,0.9823524787955841,0.9813995364746747,0.9921588445641545,0.99641288540902,0.9536958482994567,0.9633518446112679,0.9734374786822315,0.9743061085454868,0.9749829296085811,0.9544692467846294,0.9038247987822787,0.9573987170490228,0.9626328221074484,0.945276975807283,0.8925858140420155,0.9697056933021201,0.9457904683602654,0.970235004533035,0.9542216781290085,0.8015990884053068,0.8728216107398153,0.8018880584816906,0.8863147962217992,0.9022757966832968,0.9066319034879076,0.887920769249335,0.8985539232171851,0.3947576349684248,-0.5742100360278636,0.9649451251099815,0.950303433145848,0.9504646920587454,0.9559278902339065,0.9603449463661698,0.9711044886905419,0.9711678791132714,0.9248947350584354,0.9688769287593629,0.8592686619721226,0.7918335471931544,0.9422727238363504,0.9399398541092854,0.812640059757125,0.954844994127051,0.9556622460004157,0.8996647678969941,0.974055142674837,0.8354198529329837,0.5658086304991691,0.7192037492175358,0.8585885379819325,0.851866