var element=document.getElementById("correlationClose");if(element.style.display!='none'){var correlationClose={"data":[{"type":"heatmap","z":[[1.0,0.9999845146663227,0.590947597050091,0.9997101971152996,0.9975991587070466,1.0,0.9912173682661987,0.9869721530274987,0.9869721530274987,0.9918830981726882,0.9737621788599335,0.9834202213291291,0.9912609197750911,-0.11760835083516302,0.9913229107419329,0.9484546935836309,0.9350820750205925,0.41884437550481735,0.9922937513834035,0.992278848761599,0.9843277249856939,0.9912475499996372,0.44922431189934336,0.6819875559969801,0.9787867808482935,0.9787867808482935,0.9787648367296977,0.9646291772805998,0.324202629446165,-0.11493165167172124,0.9897268780327784,0.9896958101274526,0.28822963522411305,-0.19090042802436935,0.9940042006140961,0.9948254934038355,0.8193564807924537,-0.38489206835803563,0.9884169644723025,0.9946344743812829,0.9477086896970636,0.4007759165680091,0.9941804372928023,0.9941670682134542,0.9941804372928023,0.8885125951994457,0.666173116634466,0.8776768324960054,0.8895029016580077,0.7950888993779657,0.38396075596109747,-0.142110391680564,0.19297503621397377,0.9453336420056306,0.4446836225856145,0.9766023095967903,0.9711235635893049,0.9796108799881523,0.9897246984790354,0.9183244740826163,0.9177251180356802,0.9357445538684926,0.9137663227380945,0.9326828647871142,0.9334237225923943,0.9326828647871142,0.8531781666752871,0.9094869787863895,0.9105439836264645,0.9094869787863895,0.9020797856857286,0.7457831459598399,0.8762176937730948,0.8777603022138547,0.8762176937730948,0.6325253753494466,0.31884771132989304,0.6109841739647135,-0.5877114679048636,0.5101669905209348,0.5571709482736553,0.5581829101981299,0.5571709482736553,-0.10463254925515159,0.8895490379275528,0.9218583505299756,0.9037941505783263,0.9197905501551559,0.40972374435311265,0.8861823800280408,0.8872685724754587,0.8861823800280408,0.8943056679896907,0.8943056679896907,-0.14644060463777286,0.5664565587532516,0.19030169612759115,-0.5871522204554925,-0.568244931613203,-0.5718385465557241,-0.05503515627563882,0.07473063562398788,0.25048398543380757,0.11144138846455694,-0.42117971449974084,0.04372146408379396,-0.7938676965294171,-0.22303511553797595,0.13945065513383612,0.13974382302851307,-0.5482361806050436,-0.6004696326790097,-0.22530334712294403,-0.493876205512911,-0.8271700400580824,-0.36061178946506134,-0.35200633753754085,-0.36061178946506134,-0.18989346643529573,-0.27215011415083523,-0.27215011415083523,-0.8152736516555953,-0.8152736516555953,0.40232568685538045,0.653980027156577,0.8700095779134722,0.8496344751706761,0.7847212522926058,-0.264591405603408,0.7632507222627614,0.8032078186047052,0.803453245474319,0.8032078186047052,-0.23436110010801142],[0.9999845146663227,1.0,0.9720664956443523,0.9992835486027831,0.9942849764407176,0.9999845146663224,0.979727167321332,0.9715490168821552,0.9715490168821552,0.9795445029317568,0.961407439468598,0.9815780120476006,0.9797871948549665,0.9797554630417976,0.9795807422315072,0.7577869140866552,0.7196738126759856,-0.3044807317253124,0.9847501878840464,0.984725173920022,0.9798470128852473,0.9798395498385918,-0.12160379770646092,0.9708833474638435,0.9733997488663221,0.9733997488663221,0.9734690145840006,0.9648114993893874,0.08723960592290946,0.16191006962950794,0.9769530515431074,0.977045418685576,0.9726008421852455,0.16611575038732926,0.9884123049230337,0.9884855825090098,0.9892034559951223,0.9816550137335712,0.9869971469929625,0.9884896099551301,0.7430733373679327,-0.31069248757319784,0.9892710974042136,0.9892545433954197,0.9892710974042136,0.8885229238097084,0.5372430863884051,0.8778575899637706,0.8894930968144324,0.7943980737317644,-0.4193395691377494,-0.5385989079284785,0.8269442947927929,0.8583634076138936,-0.20001256460586322,0.9345308243877555,0.934626166323857,0.9439308340758188,0.9730497031548634,0.9300280241206039,0.9392507291280316,0.9188355185482976,0.9184027547154068,0.925111677264424,0.9257884078623694,0.925111677264424,0.7950878613792705,0.757053125175432,0.759290572390334,0.757053125175432,0.9333728211196454,0.9381739485471545,0.933401765715738,0.9345236222923439,0.933401765715738,0.4746360583973876,0.41512196935647916,0.5335181000191983,0.6372041025493543,0.5226639409384929,0.559538518626211,0.560313439994247,0.559538518626211,-0.21859834319903754,0.8791367015925242,0.912975213757167,0.9006223791644778,0.936719562923333,-0.13899588477909838,0.8738102511472599,0.8741839258171579,0.8738102511472599,0.8841884761326076,0.8841884761326076,-0.24538907338853702,0.5662604559131902,-0.37446911988642134,-0.6863659272721446,-0.4670874842060284,-0.4705410682291758,-0.3192266011473359,0.2381115704581398,-0.22543838435895433,-0.41819575538075066,-0.625387569248145,-0.2995049812323914,-0.49520559485703697,-0.3543592487262741,0.11710831089429365,0.11288571990370318,-0.49138998605891354,-0.44877613288505747,-0.47704585518248094,-0.5069300567161148,-0.4993446970653653,-0.47909549174774574,-0.482403356898416,-0.47909549174774574,-0.35816883757432616,-0.5049778634049384,-0.5049778634049384,-0.47640496912320235,-0.47640496912320235,0.40203103009853514,0.40678059397624555,0.5165351873889412,0.5992587018458346,0.5690585194175014,-0.4024922046111455,0.37638179249950354,0.36351532723401087,0.3636090286634108,0.36351532723401087,0.10927403746018315],[0.590947597050091,0.9720664956443523,1.0,0.5851094952039579,0.4844560800514712,0.5909475970500909,0.5780205479373918,0.567157095735854,0.567157095735854,0.48764343967661783,0.4317240345627928,0.9966982013216359,0.5780594899661333,0.5110546769039664,0.5783568513605758,0.5349357694664857,0.5585575521742572,-0.12584914125144392,0.5272388358283129,0.5263001982098573,0.48264258473746746,0.5769410694370759,0.21826704149890847,0.7172212316968891,0.5475270104284587,0.5475270104284587,0.5472634700917939,0.9852374365051402,0.3107610874109665,0.17765008467687646,0.541216615230073,0.5407705765461763,0.7634554306257862,0.018240740099399733,0.5757732728203993,0.48552617827664507,0.557704066214966,0.34821165522751757,0.9941695617120704,0.4745880153038877,0.5310209438513759,-0.13273533734264983,0.5919803215578403,0.5737472630270093,0.5919803215578403,0.8926419833647359,0.3917762377619327,0.911601232607051,0.8794417785023486,0.6607774183384819,0.2022554099499475,-0.0236877319662075,0.0547230052669443,0.4442472160998274,-0.07765333576986354,0.531154960491942,0.4722302295238557,0.5031183197919655,0.4576315651232677,-0.06006107752678471,0.7126758580974094,0.6599364656988919,0.5166858993669876,0.6662217616030018,0.7218659609880486,0.6662217616030018,0.3737683211536616,0.5615792929132104,0.6525488968601175,0.5615792929132104,0.5891893899091013,0.6311018846301578,0.6738972810582098,0.7406277844243453,0.6738972810582098,0.23875415989796203,-0.08614551381778812,0.258043630623758,0.13532113171346144,0.2583859959981411,0.26123124891964833,0.41213444081901024,0.26123124891964833,-0.17449387303305477,0.47469636608867494,0.8251108631959004,0.558507520069199,0.7380384716526508,0.045183510589748975,0.5356213700028446,0.5354969211849585,0.5356213700028446,0.6471378665655502,0.6471378665655502,-0.26926585298979605,0.7224398208499563,-0.21707087232021632,-0.5789027646300126,-0.39947583386937774,-0.40304373219344886,-0.3964038861766848,0.0343131058710189,0.02427992338952261,-0.27578907613617165,-0.5607144132804898,-0.1406980315293689,-0.24504087833608512,-0.21964557910083207,-0.0016673375725540218,-0.005219013757932296,-0.4586744336269518,-0.004725517378953916,-0.22864308489892737,-0.4906032905082464,-0.13131506182791633,-0.3682459825297787,-0.2448474943385284,-0.3682459825297787,-0.42576462323893616,-0.5124276589544596,-0.5124276589544596,-0.2529598098063873,-0.2529598098063873,0.33418168450575625,0.1495365277631214,0.2531435585357719,0.4954556015258195,0.23331297664242626,-0.32230051087959016,-0.0330017695167722,0.45047031020608375,0.5623696541694191,0.45047031020608375,-0.04577853638617481],[0.9997101971152996,0.9992835486027831,0.5851094952039579,1.0,0.9987026854451506,0.9997101971152994,0.9927499771131423,0.9889774897292989,0.9889774897292989,0.9937327381626399,0.9716304110125077,0.9880259104386006,0.9927823404564345,-0.12171215357385733,0.992817314960463,0.9496931353613912,0.9362910859024204,0.40459475396217476,0.9936109245942671,0.9935985513914395,0.9847067046183501,0.9927617060707825,0.44062876010833013,0.6855120546951652,0.9816520774457878,0.9816520774457878,0.9816304782090987,0.9738317335849451,0.3195872512474997,-0.12197882680216471,0.9893870816700537,0.9893665671031985,0.28006709525921875,-0.19155185358745144,0.9947557951092574,0.9958431624682825,0.7803247473012029,-0.3904251263909799,0.9917856753029621,0.9958870743538222,0.9480747374921833,0.38617334304740303,0.9924287407567781,0.994822063596951,0.9924287407567781,0.8868918849394982,0.6535744037098323,0.8850532467080108,0.8865960111871999,0.773639729519061,0.37858355724712395,-0.14789897828768103,0.18666196040557756,0.9396417337207289,0.42868088010681976,0.9722981971367836,0.9683263733315317,0.9776223390751949,0.9900291285208284,0.8950907076247899,0.9095257091151152,0.9213623933854895,0.9090130332691106,0.9138520201060634,0.9148792498297077,0.9138520201060634,0.8438544629079378,0.896309887766805,0.8974723347419746,0.896309887766805,0.8979398772885524,0.6807357399358703,0.8337190619925615,0.8352954421995155,0.8337190619925615,0.622842369491141,0.10777244789670676,0.5994216879953603,-0.5927947688559804,0.5039088540390025,0.2971173911979969,0.5265889830157306,0.2971173911979969,-0.1114592723105183,0.8831811553128667,0.9120826797187275,0.8944131269977665,0.8942613811660323,0.39628240570651474,0.8807458305082719,0.8819867172860412,0.8807458305082719,0.8729151021334801,0.8729151021334801,-0.15245098416668612,0.5918433578208285,0.19507977171288607,-0.597522758627849,-0.5758905337231157,-0.5793876505600226,-0.0675119843478179,0.06939856541196984,0.2433969215796314,0.09860963955385614,-0.43370997724821475,0.03718589044202745,-0.8004429503605602,-0.2309833766024769,0.12861545610869604,0.1289485038188055,-0.5556061449853918,-0.5973443864452193,-0.2269237729307103,-0.5058333379137567,-0.8294543348789827,-0.36235586105302764,-0.35431648079895567,-0.36235586105302764,-0.19919419868229082,-0.2822329962556714,-0.2822329962556714,-0.8154465037455658,-0.8154465037455658,0.3899414387430599,0.6422344307001978,0.8624533610509916,0.8421560274745856,0.7775711229445437,-0.27802301726781264,0.7544037184933688,0.7946516857919512,0.7949068137802413,0.7946516857919512,-0.21936911032102133],[0.9975991587070466,0.9942849764407176,0.4844560800514712,0.9987026854451506,1.0,0.9975991587070466,0.9968870457402287,0.9950301168230671,0.9950301168230671,0.9970792524535428,0.9618271437298245,0.9956597184928283,0.9969085358621379,-0.3267726733353054,0.9969380360773994,0.9314190177594812,0.908906603115365,0.2058188109265531,0.9974601510347539,0.9974540407125284,0.9864527961300859,0.9968949428054132,0.08026914098079084,0.6511582781515078,0.9910020720537414,0.9910020720537414,0.990960090708831,0.9861731663459702,0.07773256945866443,-0.10585353503923982,0.9874694487858116,0.98741882737632,-0.027519053524265816,-0.08771229417540374,0.9977448931316705,0.9976819667714313,0.7605726170081313,-0.5280934738003001,0.9972919983205117,0.9979550384587084,0.9257282336058746,0.18188669289608864,0.9976966068264973,0.9976972744454541,0.9976966068264973,0.9016783796042914,0.6149052756114857,0.9047709942581444,0.8904119257779067,0.7421752263251706,-0.09911235324595306,-0.5824292092489844,-0.2288958752180248,0.9255962823709858,0.2828878502863505,0.9662418956321835,0.9663080191969424,0.9787542552983102,0.9909248104514063,0.8906860991237852,0.888436550805938,0.9083951652018868,0.8947034555789328,0.9065913359562032,0.906987002447336,0.9065913359562032,0.8152367276225609,0.8421628326968147,0.8434910688436288,0.8421628326968147,0.8853927814986842,0.7823242920192675,0.8653472405447745,0.8662916986460846,0.8653472405447745,0.5755223203360136,0.4422030398947309,0.5599979477197627,-0.6318869938295398,0.5582471149517155,0.5358092448106825,0.5350008882750582,0.5358092448106825,-0.1317901300016833,0.8629876691604527,0.8832738798524984,0.8681326619109994,0.9001051553581548,0.24901938356743955,0.8638048606544741,0.8650387759745887,0.8638048606544741,0.8715007733799206,0.8715007733799206,-0.19456295378586133,0.6476786159637444,0.04909429358709835,-0.6318321514500891,-0.6313977750736884,-0.6317890063856707,-0.10288228498298094,0.09176832088384937,-0.154128733881499,-0.1538712100703648,-0.5171858339920826,-0.33325617400447044,-0.8603585438295676,-0.5252405013899325,0.0952987638156344,0.09547656986137808,-0.5852507190450174,-0.589113706811875,-0.5206969342844743,-0.5476896554115638,-0.7945356124255432,-0.5757234807556779,-0.5785470227544971,-0.5757234807556779,-0.24209843531028918,-0.3199837067659859,-0.3199837067659859,-0.7608100524953257,-0.7608100524953257,0.3713840972562733,0.6212769179726145,0.8131996094643446,0.7895762629674556,0.7650228920674729,-0.414408046933301,0.6056540362556208,0.6860673576217757,0.6863715216727692,0.6860673576217757,0.010983621097918195],[1.0,0.9999845146663224,0.5909475970500909,0.9997101971152994,0.9975991587070466,1.0,0.9912173682661987,0.9869721530274987,0.9869721530274987,0.9918830981726882,0.9737621788599335,0.9834202213291291,0.9912609197750911,-0.11760835083516302,0.9913229107419329,0.9484546935836309,0.9350820750205925,0.41884437550481735,0.9922937513834035,0.992278848761599,0.9843277249856939,0.9912475499996372,0.44922431189934336,0.6819875559969801,0.9787867808482935,0.9787867808482935,0.9787648367296977,0.9646291772805998,0.324202629446165,-0.11493165167172124,0.9897268780327784,0.9896958101274526,0.28822963522411305,-0.19090042802436935,0.9940042006140961,0.9948254934038355,0.8193564807924537,-0.38489206835803563,0.9884169644723025,0.9946344743812829,0.9477086896970636,0.4007759165680091,0.9941804372928023,0.9941670682134542,0.9941804372928023,0.8885125951994457,0.666173116634466,0.8776768324960054,0.8895029016580077,0.7950888993779657,0.38396075596109747,-0.142110391680564,0.19297503621397377,0.9453336420056306,0.4446836225856145,0.9766023095967903,0.9711235635893049,0.9796108799881523,0.9897246984790354,0.9183244740826163,0.9177251180356802,0.9357445538684926,0.9137663227380945,0.9326828647871142,0.9334237225923943,0.9326828647871142,0.8531781666752871,0.9094869787863895,0.9105439836264645,0.9094869787863895,0.9020797856857286,0.7457831459598399,0.8762176937730948,0.8777603022138547,0.8762176937730948,0.6325253753494466,0.31884771132989304,0.6109841739647135,-0.5877114679048636,0.5101669905209348,0.5571709482736553,0.5581829101981299,0.5571709482736553,-0.10463254925515159,0.8895490379275528,0.9218583505299756,0.9037941505783263,0.9197905501551559,0.40972374435311265,0.8861823800280408,0.8872685724754587,0.8861823800280408,0.8943056679896907,0.8943056679896907,-0.14644060463777286,0.5664565587532516,0.19030169612759115,-0.5871522204554925,-0.568244931613203,-0.5718385465557241,-0.05503515627563882,0.07473063562398788,0.25048398543380757,0.11144138846455694,-0.42117971449974084,0.04372146408379396,-0.7938676965294171,-0.22303511553797595,0.13945065513383612,0.13974382302851307,-0.5482361806050436,-0.6004696326790097,-0.22530334712294403,-0.493876205512911,-0.8271700400580824,-0.36061178946506134,-0.35200633753754085,-0.36061178946506134,-0.18989346643529573,-0.27215011415083523,-0.27215011415083523,-0.8152736516555953,-0.8152736516555953,0.40232568685538045,0.653980027156577,0.8700095779134722,0.8496344751706761,0.7847212522926058,-0.264591405603408,0.7632507222627614,0.8032078186047052,0.803453245474319,0.8032078186047052,-0.23436110010801142],[0.9912173682661987,0.979727167321332,0.5780205479373918,0.9927499771131423,0.9968870457402287,0.9912173682661987,1.0,0.9972734256615015,0.9972734256615015,0.9999684907086795,0.9536600907360541,0.9996185077692717,0.9999962733031382,-0.13546647043747923,0.9999927104066083,0.9703462363909007,0.9635042229807614,0.35797583442005093,0.9998435232560015,0.9998436319488808,0.9888690357214931,0.9999964837634465,0.3488915597795701,0.6860578064915811,0.9846801162903898,0.9846801162903898,0.9851109247038462,0.9874432598799474,0.24259379834004,-0.1799394712681829,0.9919580934050629,0.9917309501426638,0.1810595066557637,-0.24122684390395122,0.9993085335596895,0.9994060887820239,0.37091555748768174,-0.32455863058818635,0.9987825058637952,0.9993305220353828,0.9652454215132769,0.3380798503328885,0.9344245072344788,0.9990413755171506,0.9344245072344788,0.9106475148378189,0.6194168293468052,0.9253498891330365,0.8990986049523729,0.6986455148939434,0.4119115964845306,-0.08962352738934092,-0.20836602548238253,0.9243290961205207,0.38908006839960596,0.968292357805148,0.9618234461666071,0.9778733607849214,0.9961415268869466,-0.07212624624951844,0.8413309181123295,0.810090757119155,0.8574271090084997,0.8037821223775435,0.7699752420230925,0.8037821223775435,0.7731324341306925,0.7710686933732377,0.7670487380522241,0.7710686933732377,0.8459013598031452,0.3273011567543922,0.5414810430008962,0.6191872478455559,0.5414810430008962,0.5436446746878019,-0.35814228428024125,0.5074266189898183,-0.6557499841176997,0.42777762880183584,-0.12129187268986805,0.384985102456182,-0.12129187268986805,-0.1548457750700591,0.8220041194539554,0.8352796398457395,0.8229645071054235,0.7435151110860946,0.34884534745214957,0.8240937175270091,0.8258663531760648,0.8240937175270091,0.7338154376236781,0.7338154376236781,-0.23145798273024668,0.6951882015778797,0.25077654495425167,-0.6132201503208956,-0.6181187953429711,-0.6211522016928038,-0.11756871687850422,0.017782972645432535,0.34984771038312384,0.06147365495195589,-0.45770599206099416,0.09043081555184668,-0.8273376596955692,-0.13365845359910455,0.0581270652582903,0.058536201760024525,-0.6004080844461276,-0.6040330129866136,-0.0657017095017756,-0.5839675829186672,-0.8419862312392569,-0.3578266785804197,-0.18589884046477986,-0.3578266785804197,-0.276821349109243,-0.33039584023558327,-0.33039584023558327,-0.8349038098754467,-0.8349038098754467,0.36954893001647665,0.5999522060664313,0.5004882077293082,0.8062501385751123,0.7558092366681471,-0.33428075289507525,0.061290080776504906,0.7608929440789437,0.7795645570954183,0.7608929440789437,-0.1456934113186292],[0.9869721530274987,0.9715490168821552,0.567157095735854,0.9889774897292989,0.9950301168230671,0.9869721530274987,0.9972734256615015,1.0,1.0,0.9994933921271656,0.9457013541302319,0.9984154280260746,0.9980620556668364,-0.14444644626534542,0.9990457011617634,0.9687653784785466,0.9552211835299581,0.335896027668174,0.9990957236030729,0.9990971994178588,0.9860198225520729,0.9991999685446228,0.3222122238809333,0.6858427144121751,0.9921237234954775,0.9921237234954775,0.982909921915561,0.9835836191483575,0.22356707820877486,-0.1944563412348903,0.9882317672268927,0.9916528733323949,0.1611922683412376,-0.24780705396910513,0.9981858678692239,0.998107322167078,0.3508510753605359,-0.3318392263789277,0.9963879469110448,0.9979685345981006,0.9641357263415308,0.3155324530764946,0.925959863058362,0.9980152180958747,0.925959863058362,0.9080088732336807,0.60364483093577,0.925718313557869,0.895249952268696,0.6724048241027191,0.3984928871241458,-0.10525994712659305,-0.22180935312186514,0.9151440092656205,0.36803487487108505,0.9635083180972115,0.9562831541114134,0.9724988409358752,0.9952518255741375,-0.0827700241527921,0.827597588692137,0.7922296631348598,0.8477325156065317,0.7871241349384495,0.7567480623703076,0.7871241349384495,0.7590211437292118,0.7505507695795454,0.7525788515964454,0.7505507695795454,0.8364691929145828,0.3061585255442973,0.5191557525938795,0.6014954160412218,0.5191557525938795,0.5288610950414491,-0.37374831833726213,0.4908648924754174,-0.6645191772897185,0.41843641749366417,-0.14463463276409355,0.36717730548487815,-0.14463463276409355,-0.16208989700458798,0.8105916132994546,0.8175161807534798,0.8081699876266957,0.7277303392396623,0.3312244669899111,0.8133080411956078,0.8152944447873766,0.8133080411956078,0.7143129749782885,0.7143129749782885,-0.2479532120148328,0.7232063680136976,0.2585891708433141,-0.6231729319933638,-0.631899869466438,-0.6347360040217097,-0.13311762853318684,0.009330052842524295,0.342885280745223,0.041781963654708466,-0.47118719958639216,0.08102956289335281,-0.834115377329361,-0.14026473437307602,0.04178698938872958,0.04221398453352392,-0.6129822045806363,-0.6052964218568373,-0.07268664930494606,-0.6022478505385005,-0.8422215345549872,-0.36990901121482384,-0.19226694261090205,-0.36990901121482384,-0.2955552413098337,-0.3449937681909434,-0.3449937681909434,-0.8335323009853031,-0.8335323009853031,0.34710271437196705,0.5820328880990564,0.4810239215912326,0.7879066983415463,0.7424575605758544,-0.3571849454082229,0.0466156625583789,0.7412782798297465,0.7635000782141037,0.7412782798297465,-0.12804405752316939],[0.9869721530274987,0.9715490168821552,0.567157095735854,0.9889774897292989,0.9950301168230671,0.9869721530274987,0.9972734256615015,1.0,1.0,0.9994933921271656,0.9457013541302319,0.9984154280260746,0.9980620556668364,-0.14444644626534542,0.9990457011617634,0.9687653784785466,0.9552211835299581,0.335896027668174,0.9990957236030729,0.9990971994178588,0.9860198225520729,0.9991999685446228,0.3222122238809333,0.6858427144121751,0.9921237234954775,0.9921237234954775,0.982909921915561,0.9835836191483575,0.22356707820877486,-0.1944563412348903,0.9882317672268927,0.9916528733323949,0.1611922683412376,-0.24780705396910513,0.9981858678692239,0.998107322167078,0.3508510753605359,-0.3318392263789277,0.9963879469110448,0.9979685345981006,0.9641357263415308,0.3155324530764946,0.925959863058362,0.9980152180958747,0.925959863058362,0.9080088732336807,0.60364483093577,0.925718313557869,0.895249952268696,0.6724048241027191,0.3984928871241458,-0.10525994712659305,-0.22180935312186514,0.9151440092656205,0.36803487487108505,0.9635083180972115,0.9562831541114134,0.9724988409358752,0.9952518255741375,-0.0827700241527921,0.827597588692137,0.7922296631348598,0.8477325156065317,0.7871241349384495,0.7567480623703076,0.7871241349384495,0.7590211437292118,0.7505507695795454,0.7525788515964454,0.7505507695795454,0.8364691929145828,0.3061585255442973,0.5191557525938795,0.6014954160412218,0.5191557525938795,0.5288610950414491,-0.37374831833726213,0.4908648924754174,-0.6645191772897185,0.41843641749366417,-0.14463463276409355,0.36717730548487815,-0.14463463276409355,-0.16208989700458798,0.8105916132994546,0.8175161807534798,0.8081699876266957,0.7277303392396623,0.3312244669899111,0.8133080411956078,0.8152944447873766,0.8133080411956078,0.7143129749782885,0.7143129749782885,-0.2479532120148328,0.7232063680136976,0.2585891708433141,-0.6231729319933638,-0.631899869466438,-0.6347360040217097,-0.13311762853318684,0.009330052842524295,0.342885280745223,0.041781963654708466,-0.47118719958639216,0.08102956289335281,-0.834115377329361,-0.14026473437307602,0.04178698938872958,0.04221398453352392,-0.6129822045806363,-0.6052964218568373,-0.07268664930494606,-0.6022478505385005,-0.8422215345549872,-0.36990901121482384,-0.19226694261090205,-0.36990901121482384,-0.2955552413098337,-0.3449937681909434,-0.3449937681909434,-0.8335323009853031,-0.8335323009853031,0.34710271437196705,0.5820328880990564,0.4810239215912326,0.7879066983415463,0.7424575605758544,-0.3571849454082229,0.0466156625583789,0.7412782798297465,0.7635000782141037,0.7412782798297465,-0.12804405752316939],[0.9918830981726882,0.9795445029317568,0.48764343967661783,0.9937327381626399,0.9970792524535428,0.9918830981726882,0.9999684907086795,0.9994933921271656,0.9994933921271656,1.0,0.9524566830248932,0.9995714188868625,0.9999698246065772,-0.3039213391381046,0.9999740465498632,0.9425844308888487,0.9194040271386672,0.24837907472414766,0.9997891415198997,0.9997897258179581,0.9886818911580291,0.9999668355046707,0.12728865238610837,0.6477237656062774,0.994427357301648,0.994427357301648,0.9943750410241969,0.9872481806452655,0.05910552920939938,-0.11959403223252456,0.9905381256625392,0.9905112301114081,-0.010898412541312404,-0.20106221621148757,0.9993349512077782,0.9992932621848617,0.7709942378982746,-0.5191277743805314,0.9986997888709462,0.9993086743268396,0.9359045971613995,0.225082862834425,0.9991810152655791,0.999186418121137,0.9991810152655791,0.9104639640487255,0.6202647559891371,0.9248687491410921,0.8983002613689123,0.6979983257791286,0.007379073919555691,-0.5297273556763731,-0.17944626409694311,0.9195823049733081,0.33691798558908526,0.9628399813476695,0.9620005199990714,0.9791772429554424,0.9953836940504489,0.8629016180630041,0.8420578747933267,0.8816166601205776,0.8582554280717141,0.8798649481408787,0.8805718733246665,0.8798649481408787,0.7721797621138451,0.8236004959622991,0.8252839723798971,0.8236004959622991,0.8472417258686642,0.7432489298005099,0.8349020134920658,0.8363112324723894,0.8349020134920658,0.5428613570429044,0.36729447650283636,0.5061587751510013,-0.6802190317957929,0.48564729572813836,0.45008755030577174,0.45001037308701697,0.45008755030577174,-0.1122401996526784,0.822425445478307,0.8351209633953991,0.8232241932724507,0.8730091701161334,0.2722081670208194,0.8299259775252051,0.8321981005226536,0.8299259775252051,0.8376623274512623,0.8376623274512623,-0.2335600893887923,0.6953335623037091,0.07378101962364424,-0.6255615587430582,-0.6580970605024685,-0.6590182275400666,-0.1212235454642732,0.02019151707944662,-0.16096569823784826,-0.12343503009930515,-0.5038605699631117,-0.36361049934639444,-0.8755351262576325,-0.5633713123780292,0.05657114161686662,0.057777027075526836,-0.6022577523251463,-0.6001379628546609,-0.5303522032199703,-0.5859936352969775,-0.8155002176536555,-0.5992426575387089,-0.6013876301374643,-0.5992426575387089,-0.2793554676383098,-0.33399650371772555,-0.33399650371772555,-0.7949674523633616,-0.7949674523633616,0.3697476246579678,0.5985479800570629,0.8213144114935591,0.8012888762899703,0.7541443845003634,-0.3627931430480946,0.639153899661563,0.7075825130077087,0.7077402325969705,0.7075825130077087,0.09325565706565418],[0.9737621788599335,0.961407439468598,0.4317240345627928,0.9716304110125077,0.9618271437298245,0.9737621788599335,0.9536600907360541,0.9457013541302319,0.9457013541302319,0.9524566830248932,1.0,0.9292521116528425,0.9536839388991243,-0.23645848841985667,0.9533527848777567,0.8558466015659804,0.8268981770561036,0.0484711439694703,0.9589709320005013,0.9589478324047717,0.9538220810308813,0.9538131760561728,0.057049944538774294,0.693445828252768,0.9555744454462166,0.9555744454462166,0.9557791021125271,0.8434049861673897,0.1640941384390306,-0.10173774203878527,0.96195498501374,0.9620846944096797,0.14125231988960188,0.07342301729465033,0.9631657714666008,0.9634447479686813,0.8603747082095933,-0.436996850649149,0.9401465474234023,0.9623082885782966,0.855197217443018,0.026153441046541402,0.964485364406626,0.9644494494764184,0.964485364406626,0.791088896551368,0.4165100313801991,0.7685127458442845,0.8716370416496887,0.8343458756032205,-0.5488605707530392,-0.6859681240528717,-0.2931392493201169,0.8726835775049282,0.04905892814764381,0.9066605752586698,0.9067124564449367,0.9262727110240633,0.9602512418344237,0.8664022836924459,0.8623714895369784,0.8905010273747732,0.869449424524451,0.8827351942413837,0.8835095857744296,0.8827351942413837,0.8129101999164088,0.7923319074574522,0.7943661551706029,0.7923319074574522,0.8621586957275327,0.880959197913192,0.8603493259767993,0.8610930131929873,0.8603493259767993,0.6382880148381005,0.5589813869745428,0.6397077482871404,-0.39401090739620814,0.6615256565258607,0.6813222286707811,0.6842086152957941,0.6813222286707811,-0.27172602444628446,0.8667467850755445,0.9254740776477594,0.8837992351863269,0.8814262356139574,0.14059387095228779,0.859208545394135,0.8604834076333785,0.859208545394135,0.8702124954340481,0.8702124954340481,0.01882728560389983,0.32435032883727843,-0.0942515060133418,-0.5399883442033224,-0.40807755808679186,-0.4100954589070626,0.03932824885362089,0.398262894673513,0.08316417768694319,-0.06323223116679713,-0.39796324929092713,-0.014526819958287671,-0.8090501658486684,-0.17650436660583488,0.28852256870448495,0.28786490361794115,-0.3711165539634699,-0.4383874701763541,-0.3277393093663435,-0.33468173411810476,-0.6816110514307736,-0.3485217431671248,-0.3506221097768168,-0.3485217431671248,-0.07499403954004259,-0.3687951876845315,-0.3687951876845315,-0.5389514747328902,-0.5389514747328902,0.5612003977947022,0.6693649350310537,0.7602363651172132,0.6745868447181534,0.8349116929329968,-0.4575023345111843,0.3871021992545591,0.5591242939095776,0.5594045512817809,0.5591242939095776,-0.2261229077238882],[0.9834202213291291,0.9815780120476006,0.9966982013216359,0.9880259104386006,0.9956597184928283,0.9834202213291291,0.9996185077692717,0.9984154280260746,0.9984154280260746,0.9995714188868625,0.9292521116528425,1.0,0.9996173107593592,0.9996142073640587,0.9995719647245114,0.8069508061097719,0.7628730021632955,-0.41178704749376255,0.9997558382758283,0.99975954433808,0.9996242535822406,0.9996242218959884,-0.24122883841792922,0.9647521633281071,0.9929957121636065,0.9929957121636065,0.9929720005013,0.9901073311085095,0.06402226624587212,0.09403967830574168,0.9897708869096878,0.9898412245608876,0.9734564873844804,0.041783372817807425,0.998797100238677,0.9987434842281641,0.9985688115487854,0.999281773465932,0.9992556230194896,0.9988055903243598,0.7840105085427379,-0.42164850477980137,0.9985092700779234,0.9985198827334092,0.9985092700779234,0.9041437332738558,0.4704961092891604,0.9208759800090818,0.8963081332034887,0.6992188429537458,-0.5185226053023342,-0.6486960804234464,0.7953450938098968,0.8122872471825047,-0.3060184051435458,0.9238198172804449,0.9240222784332744,0.961507674250508,0.9929125363832796,0.8651931428447399,0.8743415477216004,0.8435403838766167,0.845868484005704,0.8521955894475763,0.8530729113777646,0.8521955894475763,0.6909428194086857,0.6468254394526121,0.6494862807630508,0.6468254394526121,0.8745873437748029,0.8830832531630243,0.8733647175476148,0.8747488272100975,0.8733647175476148,0.34860108229661957,0.27823052619105754,0.4039289832079173,0.5264479140560236,0.40241205394931867,0.44673616530159227,0.4491849397005465,0.44673616530159227,-0.40792221911431603,0.7917836296738923,0.839417350497354,0.8207888261213963,0.8735605525384746,-0.1870296714564863,0.7852861446549735,0.7857904213641784,0.7852861446549735,0.7988052251364823,0.7988052251364823,-0.29221968697511824,0.6868343176638065,-0.3940837608123945,-0.7196066025890911,-0.5452016153984836,-0.5475597041044178,-0.3766678989370396,0.17388628926628785,-0.2790739726039685,-0.46425126180487747,-0.6667446337385856,-0.35859177918829765,-0.616814138619176,-0.42517452727225674,0.04861507418642616,0.045270221740216283,-0.5648225419561059,-0.5309510423339054,-0.5502454750810095,-0.5845786085540969,-0.5786952458040756,-0.5534113821367139,-0.5564409201081362,-0.5534113821367139,-0.437183832681121,-0.6081079678801681,-0.6081079678801681,-0.6071121021199654,-0.6071121021199654,0.3650147740265383,0.35362080093466935,0.47219024932974113,0.5552688302078157,0.5478810117398587,-0.5567378801340891,0.29544830798898786,0.3112182163845631,0.3113822055336673,0.3112182163845631,0.2114782915786743],[0.9912609197750911,0.9797871948549665,0.5780594899661333,0.9927823404564345,0.9969085358621379,0.9912609197750911,0.9999962733031382,0.9980620556668364,0.9980620556668364,0.9999698246065772,0.9536839388991243,0.9996173107593592,1.0,-0.13512311508374397,0.9999945158043253,0.9702919502736688,0.9618774847541086,0.35801584367170997,0.99984487004567,0.9998449656104886,0.9889069497231713,0.9999970976432826,0.34921679909288184,0.6861557817420456,0.990048407407119,0.990048407407119,0.9851021563396193,0.9874267239811578,0.24288290751793937,-0.17986997250812192,0.9919595511842441,0.991737980859134,0.18131128661029788,-0.24117223555361464,0.9993098496402513,0.9994094311386279,0.37090357103255256,-0.3243315282139199,0.9987846358315338,0.9993386642952282,0.9651837435187277,0.33812679956403485,0.9344108982082151,0.9990430811633728,0.9344108982082151,0.9106355067437258,0.6195521194215665,0.9255717539898567,0.8993203516564358,0.6987745824127628,0.4123038676261772,-0.0891695727396722,-0.20798302602681443,0.9244020640824394,0.3891394740127777,0.9683804024409095,0.9618832669717383,0.9779602048724493,0.996151920631703,-0.07191883310577495,0.8415230556860431,0.8102050632908562,0.8575641757438602,0.8038951522364053,0.7699178561100425,0.8038951522364053,0.7732370891100182,0.7711347653286679,0.7669827745706538,0.7711347653286679,0.8460792446994376,0.3271867190474432,0.5415034639265338,0.6191033231244953,0.5415034639265338,0.5436066548736848,-0.35815253624840504,0.5074046301641345,-0.6556205208813463,0.4276894120075876,-0.12141257556909417,0.38503785464308615,-0.12141257556909417,-0.15499404778195422,0.82209824104184,0.8354634512612487,0.8230954444137116,0.7435104151823622,0.34888769626759464,0.8241970249515244,0.8259657295542432,0.8241970249515244,0.7339036243472461,0.7339036243472461,-0.23139137373094248,0.6951382880054837,0.25088473297201824,-0.6132796376081435,-0.6180255182089048,-0.6210651756637898,-0.11766390081674992,0.017660092473371483,0.35000850174557996,0.061472768737853366,-0.4577924216864868,0.0906826243441579,-0.8270543796224741,-0.1333720727790358,0.05819449871920442,0.05862140476179742,-0.6003887596461152,-0.6038180190500086,-0.06545825409379873,-0.5839214534481841,-0.8418595321581654,-0.3575994736842783,-0.18569657373152065,-0.3575994736842783,-0.2766706806571121,-0.33036610968850344,-0.33036610968850344,-0.8348317774872521,-0.8348317774872521,0.37001172960164674,0.6000788561879933,0.5007354926540272,0.8064982016367597,0.7558630538855007,-0.33406495210074855,0.06157906159584966,0.7611320224100905,0.7796675328277134,0.7611320224100905,-0.14571511670861786],[-0.11760835083516302,0.9797554630417976,0.5110546769039664,-0.12171215357385733,-0.3267726733353054,-0.11760835083516302,-0.13546647043747923,-0.14444644626534542,-0.14444644626534542,-0.3039213391381046,-0.23645848841985667,0.9996142073640587,-0.13512311508374397,1.0,-0.1345201470166202,-0.14639955627236736,-0.12390337869357378,-0.2958341217739769,-0.1359164432939123,-0.13647703123195107,-0.2571819701544872,-0.13609246352547366,0.02869104215905757,0.3102256909218947,-0.16805894317915804,-0.16805894317915804,-0.16838652425759487,0.9874116792047068,0.25190786916206176,0.18716095361443807,-0.17334003997271882,-0.1739283254011109,0.5387643243362913,0.12216402525969355,-0.1336034003910117,-0.28989433145021826,0.1724725338056611,0.9576963526741887,0.9987832951818595,-0.32042411375725915,-0.14440172976739302,-0.28583779379512547,-0.1338628163119193,-0.13492401845593072,-0.1338628163119193,0.9106879292583498,-0.11542215402224731,0.9255335406964413,0.8992572727566049,0.6987570025842096,0.08534856440294623,0.25095635478487394,0.6450192146620591,-0.25623489113599146,-0.29781492930479714,-0.05667249014338415,-0.28890909639337653,-0.09361956282167261,-0.1640863738415354,0.03824657526421259,0.3023170209281646,-0.009028589833335276,-0.2823338113314076,-0.006715462430315534,0.0025953404182212153,-0.006715462430315534,-0.3839037276556249,-0.09410291355483394,-0.09625402145832854,-0.09410291355483394,-0.1817546881019475,0.07798704309666592,0.05586362621879501,0.05578269256390349,0.05586362621879501,-0.39479659575054515,0.006887292363528269,-0.35905445487141197,0.618813441707802,-0.3270652890776202,0.009913724788630895,-0.05217927620804348,0.009913724788630895,-0.3075775468465975,-0.3158890973535922,0.8354466204095546,-0.08565297738522679,0.025344010187067195,-0.22366161366334628,-0.2417522645308871,-0.24142254303640537,-0.2417522645308871,-0.015160772796768337,-0.015160772796768337,-0.2134326118596639,0.695066189799073,-0.16110274559754628,-0.031826515107822036,0.19173344040243023,0.19024421661245383,-0.2538558609967078,-0.005241618021972358,0.019587414573674213,-0.17771513498180325,-0.11904625949876183,0.03972792151728623,0.37642689571879734,0.11010205055840316,-0.03618897194144844,-0.04010820575953995,0.0805376870635773,0.5657718039740307,0.08813873166618691,-0.20451163901941893,0.6051159032510738,0.09102701756259433,0.09937711297522588,0.09102701756259433,-0.24119497393373518,-0.19982061340777355,-0.19982061340777355,0.3174431594812665,0.3174431594812665,0.3700942584559942,-0.24626905252806,0.02203314718847006,0.09563890786644619,-0.2392064051701769,0.06725193809663556,0.15680542082410376,0.10827616182535307,0.10816964159651583,0.10827616182535307,0.12459095615087568],[0.9913229107419329,0.9795807422315072,0.5783568513605758,0.992817314960463,0.9969380360773994,0.9913229107419329,0.9999927104066083,0.9990457011617634,0.9990457011617634,0.9999740465498632,0.9533527848777567,0.9995719647245114,0.9999945158043253,-0.1345201470166202,1.0,0.9684540115521985,0.9543446851426458,0.35814007306186496,0.9998477777808599,0.9998477707063937,0.9890614565009486,0.9999945097463536,0.34989276983255774,0.6859941756363541,0.9934811429358096,0.9934811429358096,0.9933731638520019,0.9873160892329916,0.24315545277659117,-0.17991854170594176,0.992718235618608,0.9927697779340621,0.18208482802543777,-0.24100923514278835,0.9993593415454404,0.999408608992338,0.3698578952576382,-0.3234918483169938,0.9987264133778153,0.9993416077465354,0.9649562888500193,0.33827560661258155,0.9339099380395992,0.9990982977169222,0.9339099380395992,0.9109220300389235,0.6202744459832514,0.9258986005534862,0.8996545970517165,0.6984803614827689,0.4137095975086137,-0.08757081352177881,-0.20819006408029286,0.9247913862866077,0.38942825664169506,0.9687959480506393,0.9622379498989503,0.978248689176466,0.9961897881003057,-0.07294495267074985,0.841797127711758,0.8101238394785069,0.8578144095884237,0.8038531087964047,0.7695076356641927,0.8038531087964047,0.7734286459263745,0.7710869706050427,0.767392816721463,0.7710869706050427,0.8464177070938234,0.32650079850170066,0.540990609346464,0.6191298022348101,0.540990609346464,0.5434366495164049,-0.35932937613471627,0.5073069082812413,-0.6557835939020462,0.4272969555006736,-0.12242268521933312,0.3846857481147869,-0.12242268521933312,-0.154939656278238,0.8222289636870842,0.8350916315131018,0.8231958966724552,0.7341344371508683,0.3492795480537209,0.8243130273207556,0.826070997182298,0.8243130273207556,0.7337095617217833,0.7337095617217833,-0.23298646848896026,0.696011928272607,0.2513921207318022,-0.6132564284752668,-0.6184088405254599,-0.6214529095722852,-0.11883300899446694,0.01640917001208484,0.3503182981556932,0.061028768752851674,-0.4580403937667949,0.09076406732822982,-0.8261959377367821,-0.1332115478356483,0.05716167054545617,0.05758329731065815,-0.6010249127820532,-0.6040979821251271,-0.06487278385616695,-0.585252207221717,-0.8418560205660941,-0.3575351549964279,-0.18513378200465697,-0.3575351549964279,-0.2776648491068547,-0.3308435887330336,-0.3308435887330336,-0.835183560215595,-0.835183560215595,0.3701843499997575,0.599752479142363,0.5001953060182657,0.806946590234312,0.7553047689704584,-0.3335902330351111,0.06090412750475333,0.7615376593913077,0.7802777546264325,0.7615376593913077,-0.14539241641231776],[0.9484546935836309,0.7577869140866552,0.5349357694664857,0.9496931353613912,0.9314190177594812,0.9484546935836309,0.9703462363909007,0.9687653784785466,0.9687653784785466,0.9425844308888487,0.8558466015659804,0.8069508061097719,0.9702919502736688,-0.14639955627236736,0.9684540115521985,1.0,0.9967990411667054,0.3950557480153088,0.9642906892736274,0.9642904244170446,0.9411180117383221,0.968216037203047,0.33827415341652467,0.6206277017614711,0.9610602665056762,0.9610602665056762,0.9512856050917519,0.5901881851762497,0.21295005944928672,-0.18860541803961745,0.9691010089488875,0.9685514161042714,0.16327150257049525,-0.25759841897326763,0.9690939377304496,0.9472294151894128,0.3362905535536921,-0.32181283151675805,0.8129582042796303,0.9403038987772979,0.9985080343357443,0.3759769941575992,0.8989291897559079,0.9688831658508958,0.8989291897559079,0.7273438711245175,0.608454146228142,0.5083751022190085,0.4829838294188673,0.5511998858471977,0.4140726622138832,-0.07320629362692602,-0.21106094155242333,0.88844316873300