var element=document.getElementById("correlationAdjClose");if(element.style.display!='none'){var correlationAdjClose={"data":[{"type":"heatmap","z":[[1.0,0.99999336000834,0.9853660605009492,0.9999264017501556,0.9990857590372731,0.9856716230498126,0.9978617837509043,0.9959948914621122,0.9691969308130881,0.9963242739991444,0.9943947144325664,0.9939498689073926,0.9961163359816977,0.9961494584995583,0.9960413286567088,0.9976034029987401,0.9978578504117859,0.9983670212667296,0.9966477777577304,0.9966582021977064,0.9967150055376284,0.9960719157511367,0.9871443581283107,0.9711341571190213,0.9896744379382998,0.9561412332920011,0.9886556887160983,0.9873994893048792,0.9674229053141872,0.9511617459461192,0.9929917708627555,0.9941126596492191,0.9922460230449771,0.9766685259704418,0.9977666303293197,0.9980024886363924,0.9975199717233724,0.9961712434929955,0.9958018712173579,0.9978903947932759,0.9987648120564291,0.9988114586561262,0.9977232863556103,0.9977322932590583,0.976732232280442,0.9133568534929551,0.948672026332454,0.9188912288137818,0.919986543394262,0.9001675511327162,0.9634043402921115,0.9474491670963773,0.9650701136268292,0.9654495683349921,0.9555467339269822,0.9844717450007239,0.9815182143646487,0.9904169776396434,0.9944933612167582,0.9865175319403165,0.9821609649291639,0.9880644763560503,0.9861577326273354,0.988625254866188,0.9884307993643563,0.9651077752592014,0.9739116194049907,0.9753271411409021,0.9750028347299593,0.9523131937915607,0.9801456855917505,0.9774575506145712,0.9847369332619881,0.984000186446773,0.9423766002204436,0.8848761598070299,0.8517099670450504,0.9011394732506977,0.9196914954606128,0.9166724076496159,0.9176402769492239,0.9162993220714631,0.6856109131739797,-0.5621026431835929,0.9805935790324041,0.9756110631554952,0.9722812532093982,0.9872476167096857,0.9745848505993079,0.9844185529317245,0.9843862689048034,0.9497115141072983,0.9845311021010773,0.9528340611220314,0.7610495018305987,0.9015442412021333,0.9266219799802579,0.7933611579473494,0.9494744876269429,0.9502785359594084,0.8995141815797936,0.9643039215101129,0.896194330365235,0.609259677101409,0.7201303744020887,0.9030453485891636,0.8700620450292988,0.8940923574098575,0.9735468563134225,0.9737260045613184,0.7812234567869417,0.732092626077159,0.8250949572984387,0.40801535960527646,0.8015298038151278,0.8293842248123808,0.8246511234277253,0.8157153743707968,0.775855849108923,0.7502808756019249,0.7327435322337514,-0.2684267106270751,-0.4074594654493694,0.6617904369846558,0.8939428413758898,0.9368812194751132,0.9437800493502749,0.9108219126068275,0.8269102769567552,0.911004148075964,0.9302599112258374,0.9301425151493743,0.8645339312393526,-0.17679892947027476],[0.99999336000834,1.0,0.9873237712835699,0.9998226836542887,0.998164020520666,0.9900792434632872,0.9944402580205647,0.9913499450401421,0.9840356547154382,0.9913695926340468,0.991376015108721,0.9932213385261351,0.991514138297118,0.9913700767907007,0.9914349134208075,0.9937544508667454,0.9964931180508712,0.9961222359180555,0.9939811500816803,0.9939815888550345,0.991428625264746,0.9914753684579574,0.9912543008560333,0.9721228019807197,0.9881044375252659,0.9809432128284703,0.9879701550418526,0.9872970620219993,0.9795778757970866,0.9295766073733776,0.9885670211695445,0.9860197760021259,0.9791049241188874,0.9279252948144335,0.9955799016643044,0.9954658227633414,0.9957079885992313,0.9919862202941442,0.9951679096352418,0.9957111194960627,0.9970454522212865,0.9971775555655437,0.9956908111130539,0.9956978413056904,0.9892614902415227,0.9130401615526081,0.8851176795416904,0.9185670074841431,0.9198861246639075,0.9001420253552593,0.874838476962963,0.9200522781727412,0.8777262453838287,0.906420161527409,0.8743120323516891,0.9537058206709602,0.9536686954670329,0.9667616072350453,0.9840610979866231,0.981167608103479,0.9838259868423425,0.9793251625455563,0.9793131940927443,0.9813018532802565,0.9812300774310029,0.9497370208245272,0.9593525360335391,0.935039128115977,0.9349671078721833,0.8620398170028672,0.977550179355539,0.9792396977738982,0.9794360275126818,0.9790241000632027,0.9495730217406443,0.7468453941920443,0.7005645270106012,0.8166097247613197,0.8860446463219649,0.8347974565415159,0.8610772683809009,0.8597206670119821,0.7022932822691638,-0.23117681964719783,0.9681990539187985,0.9728255407958825,0.9680021823635576,0.9818059074605604,0.9660342514602734,0.9715385005636935,0.9708826114176885,0.9272803051183258,0.9736102834168101,0.9309292521093488,0.6679651716586763,0.9009067708996003,0.8985094887786521,0.45485470180151016,0.8130905001810523,0.8181548327404967,0.7312812867909364,0.965411777449494,0.7037106407179399,-0.28149522741345384,0.20297284753879735,0.7313883538240068,0.6793372636172754,0.723699115370705,0.9669531209847892,0.9668933830794102,0.10770498811545183,0.2786979392056721,0.11412019594326152,0.08607769158618674,0.10803803293132203,0.12317974713749655,0.12019993456605958,0.042029538826554004,0.47756230938979727,0.2091329070587191,0.15845275013273463,-0.4417785956484187,-0.4849962982961472,0.6623222249984131,0.7510967819722979,0.7754229015185127,0.8351063567361497,0.8218846671761197,0.5650199807806242,0.7487790882309862,0.7698694976767444,0.7686354896720825,0.4200327917170819,0.19672477552057516],[0.9853660605009492,0.9873237712835699,1.0,0.9867932260262495,0.9930822131032473,0.9913074771026432,0.9900995519585183,0.9907128829041988,0.990470071626957,0.9934705666389672,0.9974914555207616,0.9965953960320669,0.9905859132383192,0.9928641898752714,0.990772187275087,0.9901780786998469,0.9908825177781527,0.9902754300818463,0.9894156975426279,0.9893925482935676,0.9923228430668783,0.9906056676407944,0.9945005297631886,0.9830329468958691,0.9912615564387265,0.9800684524469172,0.9917891171051685,0.9863235403721377,0.985427244699585,0.9567777150922975,0.9701016005698737,0.9742066968356083,0.9761971244998348,0.9517178919063851,0.9873814700985909,0.9904674350435795,0.9888402002150827,0.9924261769203909,0.9948156309609519,0.9912490232478214,0.9852153211952217,0.9879584743902882,0.9877084823876635,0.9870865204886798,0.9918090018731088,0.9087115511609907,0.931562013048009,0.9337533625017371,0.9124942453402987,0.8524348070056248,0.9216383005155064,0.9021906072213308,0.9241914270721041,0.9258686474267831,0.9115742442503166,0.9497504574299082,0.9579482626116412,0.9666209806959787,0.9782905949981974,0.9376913456287355,0.9618825710903687,0.9611232730773803,0.9680346134157601,0.9614095879704458,0.9357299825514301,0.9177998290980376,0.9422643951652717,0.9329573265717989,0.9145295407726971,0.8877865857245956,0.9683689809799303,0.9463957629210883,0.961057169688933,0.939872866570075,0.8153441793028023,0.8379751047618038,0.7574397823977234,0.8570944964823951,0.8878240127477588,0.8887639160848014,0.8562885980932449,0.8706489470250748,0.3809051270294765,-0.5537251135632975,0.9576640285331308,0.9427283028577178,0.9427972194403873,0.9378311470311196,0.951991813984279,0.9605449150294464,0.9601162085147226,0.9300886088092554,0.955808449281262,0.8702664541793206,0.742365505034797,0.9483541000783061,0.947843461911802,0.7668811073535332,0.9353662944622134,0.9371403514096208,0.8721454473401125,0.9800300501939306,0.7767529172561524,0.5136100073585158,0.662136195025447,0.7972450528591902,0.7963034537594055,0.7784530733304287,0.9827146704005113,0.982768377307091,0.7078979558278741,0.6752649755673041,0.7112366921206144,0.3508281178332366,0.6999407128453303,0.713086430333178,0.7276915148125973,0.7111357506097338,0.7356362258730931,0.68222025504744,0.6633840060791033,-0.3332103880717327,-0.47189021317448177,0.6252674490888848,0.8541758443430495,0.8844058167146024,0.8890476073475556,0.8822922933915103,0.7580406391734816,0.8607821950264799,0.8733003624446224,0.88089321629157,0.7350488113123104,-0.09877041333093618],[0.9999264017501556,0.9998226836542887,0.9867932260262495,1.0,0.9993425350543438,0.9868131254118127,0.9981256161965657,0.9964447395842974,0.9714984893398694,0.9968183335171338,0.9951351423896536,0.9949400739742986,0.9965479834088371,0.99667177906114,0.9964904974578258,0.9978945453639193,0.9982047178408976,0.9986442563426383,0.9970421147257413,0.9970499811438199,0.9971359522497513,0.996508100327672,0.9883720910709324,0.9725706394830193,0.9906784144555167,0.9588330306693607,0.9897689191910105,0.9890036127141691,0.969483580618489,0.9523941813856589,0.9923212747332332,0.993636599950205,0.9921750189003066,0.9762023611605692,0.997865890234117,0.9982161545510702,0.9977654713365889,0.9966578710366629,0.9963050980730922,0.9981370497541466,0.9986694870861301,0.9989016639681864,0.9978175111181729,0.9978236061786371,0.9786078493901531,0.9092194156471296,0.9464430739334568,0.919497455212588,0.9184140478580418,0.8928880077085324,0.9604090853921463,0.9440697617173893,0.9619788008153277,0.9628556293167526,0.9526509928676795,0.9823373246814425,0.9799481488157101,0.9895458078155014,0.9943210536752225,0.9850454028109276,0.9810219916271045,0.9867746380069281,0.9855433805779887,0.9872550817788337,0.9870525940564809,0.9545409254406372,0.9726392261826718,0.9738015916336625,0.9734734662977262,0.9469270347069775,0.9796882836959763,0.9745103024392666,0.9832595073908084,0.9824852091057614,0.9205686490069337,0.8832898970704568,0.847719768192597,0.8993560378414369,0.9167822274632725,0.9161486846041229,0.9151349764370543,0.9138387914859742,0.5912088382971724,-0.5616881513351313,0.9797370494614153,0.9743137539777538,0.9707936907676328,0.9857782796753376,0.9737952893037759,0.9836223257784872,0.9835829827047148,0.9492535260398451,0.9830585061238707,0.9368286475589019,0.7652655436117654,0.9074391549412785,0.9307953865393096,0.7950974652924011,0.9508109769929785,0.9516443386828032,0.8990266141780446,0.9656004756479792,0.8899746798250195,0.6055237806815013,0.7182968258706167,0.8974733529634024,0.8663494441813788,0.8882458938263147,0.974426536512463,0.9746129475274548,0.7799615271074348,0.7322590909448453,0.8170610991322881,0.40989777088966506,0.7956801926200249,0.821070790842767,0.8162643158481382,0.810238244763653,0.778211868986271,0.7500884728964096,0.7326346920706412,-0.26382856961423984,-0.40673125870688104,0.6607871957486308,0.8918946527783462,0.9348883345559764,0.941856420053217,0.9094323271537716,0.8239871216296046,0.9088725028420688,0.9278659814577443,0.9279036387122221,0.8570503945737199,-0.16957753921668345],[0.9990857590372731,0.998164020520666,0.9930822131032473,0.9993425350543438,1.0,0.989701386068942,0.9991056470785993,0.9985140228225925,0.9840408152061388,0.9985138585230254,0.9980911386481319,0.9981324446737377,0.9985462946638934,0.9985464379895522,0.9985465659382424,0.9990568222568459,0.9986621724456971,0.9992962340709008,0.9988803190473695,0.9988794475906879,0.998608850756132,0.9985368448687958,0.994373007332445,0.9802040374213362,0.9947974613545493,0.9764879264050276,0.9947562344210491,0.9917477119119943,0.9825286955869509,0.955657929010562,0.9891558583858457,0.9918473341911896,0.9892506780446095,0.9677236872386987,0.9989554043635508,0.9990032037363415,0.9990171689438611,0.9986261510447995,0.998662504320895,0.9989937330229225,0.9989720906872777,0.9991981862194583,0.9989539770012139,0.9989529527276694,0.9884096150498692,0.9194300292624007,0.9455263140286685,0.9319098679592213,0.9231207538743416,0.888066238646257,0.946081403782224,0.9370308396314881,0.9503257101424146,0.9557714797239596,0.9449154565200569,0.9792090722228092,0.9791507224432139,0.9893003771252072,0.9941844064192873,0.9817936842894445,0.9756315365203976,0.982491170020518,0.9817714542532523,0.9828387463531122,0.9826042245308756,0.955707755118617,0.9640254383836875,0.958809792330729,0.958407472272739,0.920209734917167,0.9770349135062903,0.973474447626558,0.9793989378217393,0.9785680884270738,0.9397569029837433,0.8624350083690934,0.8230870016701916,0.8841062513211613,0.921195566129304,0.9050637490926596,0.9124610453027392,0.9113168211045102,0.7410737810210474,-0.5762655453096243,0.9735461595106526,0.9642592951387635,0.9616107703983242,0.9827428571863515,0.9644104604832991,0.9771645403633066,0.976778275830525,0.9406370753020528,0.9788124938679797,0.9436321399891808,0.7543915868956068,0.9233462937985637,0.951057852280524,0.7559027785919998,0.9374468123744374,0.9389891545774581,0.8929540180485264,0.9707898355203667,0.8868499392300406,0.4472342687754687,0.6578978432327462,0.8926127078386401,0.839597073024306,0.8877487462927949,0.9780658116163435,0.9782091562552935,0.7432151831128737,0.7151696905473285,0.7471621791686626,0.3872876873007607,0.6956236644652617,0.7523094432174886,0.7476094033055629,0.7102807836207896,0.764340456278823,0.7345706740459155,0.7162257292547309,-0.47329454497615525,-0.5539209528279468,0.6544406766543182,0.8859676671463971,0.9203841520456233,0.935402855224749,0.9068958643200654,0.8040018823269572,0.8956950626479745,0.9139944207287857,0.9135860315111773,0.7931561897155289,0.04006779522294084],[0.9856716230498126,0.9900792434632872,0.9913074771026432,0.9868131254118127,0.989701386068942,1.0,0.9852008125485224,0.9859247030346571,0.9921192724518045,0.9853028721861865,0.9807889858131806,0.9797032401946127,0.985809764648178,0.9862856396910236,0.985995038726404,0.9856376205958801,0.9888306775513949,0.9868674957043247,0.9867194702854233,0.9867123033593577,0.9848247761576986,0.9859011638338411,0.9956810604386653,0.9930954726458134,0.987058900580916,0.9859349914769255,0.9872274596811484,0.9769086552196942,0.9877165697457053,0.9724179867409125,0.9645483758788377,0.969923429736358,0.9780619757758606,0.9659731481584206,0.984909348069539,0.9852406536881506,0.9860648734245906,0.9865921219099547,0.9805597679763292,0.9856598747787999,0.9840704170323992,0.985745453595537,0.9850705964379077,0.9850743448507913,0.9957929307001062,0.8672212942699096,0.9249715012609803,0.8979009458949402,0.9106981152246475,0.8731069814991597,0.9201328181088558,0.9088531319783418,0.9225921842296669,0.9355035248369171,0.9182734702572902,0.9526719679255368,0.9576243006112712,0.9634447363145763,0.9733949793316502,0.9698576448379085,0.9850976864512541,0.9713393929557784,0.9832515630381289,0.9709429843349626,0.9703832757207053,0.9748503249816445,0.9666361605235464,0.9465289198989387,0.9459916473888769,0.9429065790945931,0.9814975188939556,0.9740639536811484,0.9710901326935159,0.9696872933347281,0.9605756959754223,0.8837679750926362,0.8367987071562267,0.9017229133496034,0.9124582282065381,0.9215554603231619,0.9027978407139552,0.9006152326392042,0.7143218853570388,-0.5146517824245798,0.9792663508280157,0.9798717643128687,0.9756188977556055,0.97080665660183,0.9711403317485467,0.9782464999750965,0.9778415718296455,0.9657539265990037,0.9676097184018667,0.9646387158441264,0.766333975622269,0.8801337190206544,0.9503739259955204,0.8020150568870105,0.9398181560584267,0.9408919469049966,0.8695102964474177,0.9593372414399598,0.8391654249905564,0.5375436232083972,0.6863125529496561,0.8485837190130908,0.8215355245081117,0.8378560770281638,0.9602411469534291,0.9603191899624659,0.7363213450422788,0.7094077925439312,0.7546935518472584,0.41149778361779543,0.743579431837258,0.7602343613668187,0.7540771133009063,0.7502036722819281,0.7611785040450201,0.7139950050872961,0.69907797974838,-0.2920922460554792,-0.4220474000016009,0.6729452398934703,0.8639882993631676,0.8818524102241524,0.8940634761089571,0.8759832930488207,0.787271821473219,0.854696796182361,0.8736062425852263,0.8737389166189665,0.8158599122696764,-0.13656325652722684],[0.9978617837509043,0.9944402580205647,0.9900995519585183,0.9981256161965657,0.9991056470785993,0.9852008125485224,1.0,0.9974382262392592,0.957614945281368,0.9995896569699194,0.9995344548702384,0.9995499092379851,0.9983530134804682,0.999454506017981,0.9991471027790706,0.9998880826469647,0.9964314665459465,0.999902745915702,0.9993495353820319,0.9993544528924748,0.999699201062255,0.9992976142519816,0.9908041990231556,0.9748016923502925,0.9854073994938771,0.9259051043229647,0.9932885162447367,0.991177144480937,0.9734553154568298,0.949725678436428,0.9916170130700215,0.9917392846820869,0.9932328320059177,0.9736029543599345,0.9989645188690278,0.9998437851422539,0.9997007267493225,0.9994630575544,0.999747660880429,0.9998271662785674,0.9984482445257414,0.999722624463473,0.9993605519201424,0.99900170428779,0.9812454074591633,0.9271614364516241,0.9491168384607089,0.9427308209584038,0.9321966949422493,0.8883089586173358,0.9567915105702272,0.9437178724147252,0.9590666477325545,0.959968449183152,0.9508517954318765,0.9812412083933221,0.9802783007062003,0.9914423248969949,0.9963674437998804,0.9478208561859975,0.9636036807644743,0.9732330346629368,0.9739239133359558,0.9748242191635634,0.9478285565598454,0.9046798667843015,0.955310915525017,0.9609768111361966,0.9389268666433931,0.89437850825254,0.9674510813443811,0.9398078584739384,0.9677221211716163,0.9481760337967425,0.777019930509444,0.8565767048467842,0.7785504758290375,0.871758643620322,0.890615803653516,0.8952078233394094,0.8737723079825224,0.8859039347321233,0.33151271690272416,-0.5952406776852084,0.9647832288446568,0.9503302890666872,0.9490358974944854,0.9494755855221567,0.9609014347717538,0.9711895559584637,0.9712328626120262,0.9305987134718704,0.9677685977508876,0.8487041298297481,0.7493250435001065,0.9239020069711602,0.9303764134940469,0.7837168053656789,0.9488626821959476,0.9498697021139495,0.89605988068872,0.9701629545426204,0.8321334909220582,0.5970554985863669,0.7101710495704674,0.8551599795860086,0.8463780228400438,0.8366901732993683,0.9782349388813365,0.9784321760717746,0.7694736406698244,0.7124059614509081,0.7821380477641013,0.382004436789511,0.7737984030234305,0.7934867191325424,0.7888383662903188,0.7910425626721602,0.7610520758419248,0.7400950580409458,0.720880833354522,-0.2793607075143513,-0.4296618907189169,0.6713198830602781,0.8892598280900457,0.9248706950673315,0.9413978339536493,0.9119174356031706,0.824019406688406,0.9099237653212673,0.9300088706132477,0.9287453125905956,0.7756306627893566,-0.13544756914937067],[0.9959948914621122,0.9913499450401421,0.9907128829041988,0.9964447395842974,0.9985140228225925,0.9859247030346571,0.9974382262392592,1.0,0.9685903899132243,0.999999820981397,0.9999992648733272,0.9997295737515922,0.999997036618416,0.9999921860404585,0.9999981335281307,0.9992822047228013,0.9909991310740278,0.9994177562777159,0.9999038006483061,0.9999034012578027,0.9999626926496268,0.9999987340855451,0.9911676835500297,0.9762608077253165,0.9925542765614069,0.9400600911150888,0.9937913910442738,0.9891932828054244,0.9756549020684628,0.9489155304667751,0.9879021279394421,0.9937986432287194,0.9917129423481749,0.9703397064030936,0.9994545301949602,0.9995455423103699,0.9996565795986243,0.9997287070974724,0.9991323807164554,0.9994727197208428,0.9981445653926825,0.9987535843611006,0.9995255875307918,0.999388310672191,0.9828629531045835,0.9269945324201073,0.9462578838923401,0.9469928005288533,0.9302508395093462,0.8766066802696086,0.9550586326845119,0.9390418827658487,0.9569574807187221,0.9540100907154879,0.944633337399151,0.9791949874180491,0.9772217448857912,0.9903816150086181,0.9969456587115701,0.9427492235466566,0.959202445461719,0.966643212663329,0.9707326854766763,0.9686336416413031,0.9460587370750392,0.8965624908248224,0.9504002958465564,0.9540431574137382,0.9334092243185954,0.8818035910214377,0.9646176832044179,0.93347192401104,0.9621297189828836,0.9434579995948079,0.7637306666014121,0.8482740806766886,0.7740181810659901,0.8635295510717884,0.8832449720401518,0.8904658776110456,0.8692670742955515,0.8789460609134067,0.31348288658874857,-0.5998097795942963,0.9604484692696839,0.9433523777856321,0.9427195740921062,0.947469988459536,0.9560852557631188,0.9669257242406759,0.9669577539629222,0.9254713895957779,0.9607499552043894,0.8370559551509774,0.7460647168480716,0.9388364756748848,0.941427761081049,0.779784603941981,0.9485559021826032,0.949721280020854,0.8934986385350995,0.974267074515297,0.8352145393674143,0.5827372845468851,0.701275453408412,0.8562590279276534,0.8432324982391259,0.8389901311845868,0.9807940271767207,0.9809956622410413,0.7603139417536695,0.7044726105892017,0.7835434861048494,0.36904524281371165,0.7686167309074866,0.788952654341566,0.7893646068307297,0.785435415047429,0.7546184262161383,0.7341757566643021,0.7143624985217276,-0.29533935476533874,-0.4446083575464133,0.6566230707970528,0.8815113503180857,0.9223888104521896,0.9337858564344967,0.9060234513887673,0.8131094919910479,0.9034582981343723,0.9237095732269868,0.9227259440741615,0.7564770648823052,-0.11832792729336919],[0.9691969308130881,0.9840356547154382,0.990470071626957,0.9714984893398694,0.9840408152061388,0.9921192724518045,0.957614945281368,0.9685903899132243,1.0,0.9835910752500461,0.9876824987961889,0.9897921630266486,0.9722887107885309,0.9806061230336733,0.9772092442858844,0.9750174807421252,0.9489742818763802,0.9797529914902198,0.9779540097333476,0.9779210579555466,0.9820605392045548,0.9770880252229919,0.994012319989729,0.9922548553896111,0.9815309885800729,0.9880194724330196,0.9845323532344827,0.9894725682908663,0.9901249288956572,0.9655981873948026,0.9284922362700699,0.9500745150574729,0.9653958685676054,0.9476529005207823,0.9716283096455447,0.9799227746147977,0.9767239366214504,0.9790915735218647,0.987838377500693,0.9810336305518655,0.9674742701972666,0.9767946043869846,0.9724646705327992,0.9714249174452559,0.998909550658496,0.8853033723512287,0.9153383227214602,0.9365498052257466,0.9255878806247145,0.8480878917600069,0.8850964411094305,0.8798054710135234,0.8888397914534805,0.9091643715746847,0.8912288652841804,0.9287405328700978,0.9439113026735331,0.9497333774065583,0.9625894708788779,0.8961939336111698,0.9626303143269701,0.9395328970464492,0.9612391263423086,0.9395982588797582,0.8941576962502343,0.9051182669472015,0.934904066603276,0.9073764855647063,0.8702995974621525,0.8683652860119407,0.962574781319006,0.9123224878439616,0.9381544670718398,0.8991809047318186,0.7999863197416198,0.8296784860678027,0.7116074134913256,0.8508982294633665,0.8676188782378419,0.8812393726047129,0.8294658268785141,0.848092312499084,0.35621610209817856,-0.5402286528542434,0.9512679798889084,0.9449161249946771,0.9414687989305999,0.8954053672703025,0.9407135972653248,0.9495503463364611,0.9489523597828949,0.9316475497715233,0.9336399555470719,0.8544933265335349,0.748723770327728,0.9302525690701976,0.9569023974752618,0.7748955764782437,0.9285094383787155,0.9302367403369151,0.8501089155807795,0.9677568922070644,0.743729041956195,0.4775738972783474,0.6436339402545057,0.7754127514361007,0.7737921003361572,0.7535768455584786,0.9672315967231063,0.9672545231282277,0.689143915085351,0.6645325965318841,0.6770707670882297,0.3582113556934682,0.6823407146202115,0.6920488504791494,0.6777636492417575,0.6901245490633576,0.7288602646040312,0.6774645805673843,0.6598824466899845,-0.3403913564943325,-0.47550747838562274,0.6710536517146624,0.8402996440032366,0.8381006593557098,0.8647105545868421,0.8626938741910957,0.7519989656276622,0.8168705227449328,0.8438894949016064,0.8379755072499734,0.7080088682702891,-0.05843874623940127],[0.9963242739991444,0.9913695926340468,0.9934705666389672,0.9968183335171338,0.9985138585230254,0.9853028721861865,0.9995896569699194,0.999999820981397,0.9835910752500461,1.0,0.9999990954495138,0.9997346827144231,0.999998492246965,0.9999909025909747,0.9999976215008645,0.9996565402461568,0.997743079345815,0.9994114144653928,0.9998746912460845,0.999874637317449,0.9999756966295266,0.9999992633152427,0.9937513437927019,0.9776976666166969,0.9958815078813515,0.9735683163653989,0.9959720576172503,0.9891705141209974,0.9799540386923136,0.9500762448808875,0.9892332592342248,0.9934587370699896,0.9890499539825008,0.9665991589926656,0.9994679243512404,0.9995359531887542,0.999547267274836,0.9998196521436536,0.9991466915764156,0.9994805561933109,0.9983321563972876,0.9987919452321132,0.9994706737539039,0.9994655209892465,0.9871295169314731,0.9269972966719329,0.946295661880438,0.9468251956058311,0.9300494310397179,0.8767593126200282,0.9439718864891337,0.9315174944729142,0.947614534174967,0.9519243540994218,0.9424054747431038,0.977550186387759,0.9772561505124685,0.9908390687149952,0.9967118236850953,0.9717313615706394,0.9591031114952207,0.9725039503145518,0.9706767825072379,0.9729387838514706,0.9726653314020365,0.9435045836217753,0.9503128862830745,0.9491257702125614,0.9487744373203527,0.9087887327528746,0.9645293240645609,0.9638191450974739,0.9695642472760558,0.9685460891152172,0.9264495632840087,0.8483308400409746,0.8031207480635023,0.8632884459219881,0.9039958142924761,0.8903334214951467,0.8966321945345779,0.8957281288785341,0.692632531926778,-0.6109505462775002,0.9603858711464134,0.9433637543705083,0.9427391813111383,0.9729157131129267,0.9512924826630076,0.9664973730814274,0.9660919092860489,0.926057831648923,0.968384601265344,0.929370429311866,0.7460815634444313,0.9384928169234489,0.9538032340068204,0.761340773519208,0.9415227990750584,0.9428692230082016,0.8935699002021239,0.9733690253445151,0.8945586070327153,0.48405777843202735,0.6755796087134347,0.9002706469697855,0.8478787617656985,0.8956024862011567,0.9807479209422555,0.9809815660184239,0.760382136758426,0.7042332160765176,0.7636025301201294,0.36917844350302526,0.7135631579020936,0.7687221461034692,0.7640368624358921,0.729617990700635,0.7543786109044888,0.7341589705631162,0.7143235381761159,-0.5191673518965483,-0.6005608767306944,0.6568762523404508,0.8816976028073986,0.9221152936256386,0.9371134037779302,0.9062533419056387,0.8094029384059389,0.8966935840779877,0.915482134496658,0.9149352516211057,0.8047028085163375,0.10770835309651855],[0.9943947144325664,0.991376015108721,0.9974914555207616,0.9951351423896536,0.9980911386481319,0.9807889858131806,0.9995344548702384,0.9999992648733272,0.9876824987961889,0.9999990954495138,1.0,0.9997347430282814,0.9999962367987448,0.9999944594385345,0.99999820496518,0.9996342854698823,0.9973173521048553,0.999109843325359,0.9997633703366787,0.9997631825466924,0.9999983462220564,0.9999982208077702,0.9926604012359946,0.9719340556760034,0.9948151422377302,0.9812025495694042,0.9954437790734202,0.9891877985683564,0.9815708504223956,0.9402640488210862,0.9877182204683311,0.9925404862692809,0.9818751141022012,0.9380789672665566,0.9992038789882671,0.9992641221929682,0.9991965240995492,0.9998848099364294,0.9991275795198234,0.9992071982115021,0.9976779273064568,0.9983233576478794,0.9991721112119288,0.9991692716126099,0.9889737885121199,0.9266752873688415,0.908078677100867,0.9467514019993857,0.9299204622243336,0.8763870145247107,0.9077842336829344,0.8949459896943934,0.9127652906101741,0.9210700678344171,0.9059494128327463,0.9681797441025446,0.9681493223281924,0.9898325433570039,0.9950180147545475,0.9637203888646534,0.9592025137435944,0.9602598054472921,0.9602161027911743,0.9621175781017434,0.9618378548020318,0.9180748923761693,0.9393464809587491,0.915050102004203,0.9145397321824491,0.8338085130052716,0.9616567144227522,0.968087952678846,0.9640714945262772,0.9629509902868125,0.9163406741103676,0.7673156092715616,0.7232299525962934,0.8174634956690273,0.8777111066271812,0.8418070035909933,0.8597004824926995,0.8581782654219113,0.6841613585609722,-0.436195366033573,0.9459474374674869,0.9434703407171213,0.94280878748047,0.9650588937035901,0.9368858521363664,0.9492774245198831,0.9485685205167388,0.8935116561683583,0.9525487745410509,0.899555218631345,0.7462292546220534,0.9388671185428299,0.9564968709528442,0.6300766976096297,0.8941240287259041,0.8971776657982599,0.8479565666883462,0.9840580408961429,0.8354829931959751,0.15013929935940323,0.5202593135809936,0.8479039032354531,0.8112723406202978,0.841826440071876,0.9847871595895977,0.98479940253598,0.49684071618626,0.6074330673393206,0.5043784444938341,0.369077092906876,0.46828065551463677,0.5171097254877675,0.5063702887058301,0.44269791836505745,0.7411781325836532,0.5848470303881149,0.5442967917296181,-0.48455613104874806,-0.5386740918577249,0.656229780980385,0.8599990302762875,0.8729197083382668,0.9022013927598794,0.8997257406507673,0.6566512070599947,0.8361601670002515,0.8646756764012876,0.8638919638463215,0.6061799246661687,0.0471683307116541],[0.9939498689073926,0.9932213385261351,0.9965953960320669,0.9949400739742986,0.9981324446737377,0.9797032401946127,0.9995499092379851,0.9997295737515922,0.9897921630266486,0.9997346827144231,0.9997347430282814,1.0,0.9997494107225688,0.9997329003213206,0.9997403259273927,0.9996341381468316,0.9979595749097577,0.999323128440281,0.9999660292621847,0.9999657029241396,0.9997392683391597,0.9997456752594449,0.9918910530709333,0.9671039201664965,0.9933144984493024,0.98124653573477,0.9941884801158023,0.9921852857327351,0.9766554604094946,0.9172348031418082,0.990311812815361,0.9934932694006087,0.9767091309611645,0.915284289128671,0.9993308117183293,0.9993857063086204,0.9993406378663678,0.9995314069656225,0.9995569617193182,0.9993595811543571,0.9974830931496178,0.9983333443062674,0.9993163940051273,0.9993128807208798,0.989998750100904,0.9215752880021973,0.8922499904104991,0.9436026500370985,0.9294485041163569,0.8764820506170822,0.8669787265636054,0.9078492463105242,0.8712206965321376,0.8923133087843389,0.86482042683504,0.954111148807667,0.954085720977827,0.9796248597421539,0.9940846480133307,0.9623662610213147,0.9638265940475602,0.9558565604166884,0.9577486858328662,0.9591765897488888,0.9590195957844988,0.9181025663469745,0.9303569461456336,0.900124978462584,0.8999906412977969,0.8139629412948735,0.9597470247226568,0.9623107935744398,0.9624301664832193,0.9618766312770842,0.9221970803008924,0.7007042497360093,0.650905907607825,0.7721866271988266,0.8489867952175529,0.794891802892397,0.8228097643398009,0.82182538670043,0.6504118666701867,-0.3472394114351249,0.9397089756344772,0.9467384734339483,0.9394866126260032,0.9634155685234921,0.9370836611580978,0.9441231842962834,0.9432257007842589,0.8899277637293737,0.9472359823210732,0.8948569754935046,0.6862637741542195,0.9359058893421228,0.9301518005553268,0.4705817249339095,0.8261034495865034,0.8314609950269481,0.7310383966131571,0.9766761661595375,0.7065871556059944,-0.22337328423432048,0.24411974134265027,0.7310300646882391,0.6850196603845056,0.7243984236324029,0.9778643377277482,0.9779344254561451,0.15716935400478677,0.31399503615595536,0.1620360033543817,0.13387937288181845,0.15431056019983663,0.17164681594458053,0.1693318084186161,0.08591128498333678,0.5089492837736419,0.2403546801795039,0.1876391807190298,-0.5075674778298812,-0.5498944097347063,0.6569628958762752,0.75020667146751,0.7744801218647204,0.8366415279806478,0.8256515000677551,0.5528193961415379,0.7457099367054899,0.7691954838987602,0.7680425561553971,0.4195187546219035,0.24110037782590604],[0.9961163359816977,0.991514138297118,0.9905859132383192,0.9965479834088371,0.9985462946638934,0.985809764648178,0.9983530134804682,0.999997036618416,0.9722887107885309,0.999998492246965,0.9999962367987448,0.9997494107225688,1.0,0.9999906832529319,0.9999976706236355,0.9993336093493246,0.992746484455471,0.9994605029678219,0.9999131859211319,0.9999129928526393,0.9999698976002366,0.9999989364381154,0.9910641817898663,0.9760973761259564,0.9932171601956932,0.9449969443576643,0.9937460242775857,0.9893266474345727,0.9754684979913386,0.9488910211053996,0.9888064456047027,0.9938740167814227,0.991805324759189,0.9704935869701771,0.9994972357422113,0.9995866358876649,0.9996880726013877,0.9997293202328538,0.9992001419021526,0.9995155576909183,0.9982336390572499,0.998825164989142,0.9995688324852197,0.9994319238901314,0.9826427137841203,0.9272932911900243,0.9464488130653641,0.9469502607110826,0.9304482772743993,0.8773680915024741,0.9554138723639416,0.9394525820608353,0.957318211148957,0.9543781408787675,0.945046251878481,0.9794515305393573,0.9774196105566341,0.9905256416080073,0.9970202414375701,0.94304609380739,0.9593193371543535,0.9669037269332393,0.970843061576442,0.9688910371499433,0.9463067647822796,0.8966601163992686,0.950628702653609,0.9544307022245362,0.9338259455904875,0.8821469500687493,0.9646794896200243,0.9336670912310605,0.9623324350235208,0.9437349195147228,0.763763482404011,0.8486730248844806,0.7745351740436006,0.8639092102447559,0.8835361794374652,0.8906706750989851,0.8696425769030447,0.8793267247477016,0.31372044909197716,-0.5997899648849334,0.9606171770924092,0.9436213777002992,0.9429532165843855,0.9477058314875788,0.9562690185377942,0.967108037018065,0.9671417280961261,0.9255873689409987,0.9610304758526579,0.8372005823009987,0.7461927294020797,0.9381619467681516,0.940914278796205,0.7799209404389738,0.948586550939838,0.949743320648009,0.8938386316893726,0.9741137406436479,0.8356867944097558,0.5837990170462395,0.701943281047413,0.8567219936769775,0.8437635361243587,0.8394587842580944,0.9807224532563085,0.9809240056520036,0.7609460015893698,0.7050295843408332,0.7841406693602423,0.3697777578345937,0.7692952581571622,0.7896400096356514,0.7899727983107768,0.7861450610427144,0.7549858700306821,0.7346288263598084,0.7148368481419836,-0.2943731485697762,-0.44374452684636145,0.6571151005741084,0.88203150865613,0.922840592953144,0.9343142122870418,0.9064931167465521,0.81367568875942,0.9040329638421323,0.9242760745130121,0.9232811038379379,0.7571571486680674,-0.1193579933228112],[0.9961494584995583,0.9913700767907007,0.9928641898752714,0.99667177906114,0.9985464379895522,0.9862856396910236,0.999454506017981,0.9999921860404585,0.9806061230336733,0.9999909025909747,0.9999944594385345,0.9997329003213206,0.9999906832529319,1.0,0.9999946843488544,0.999533885587241,0.9976681966968222,0.999415173662648,0.9998972207196485,0.9998961568531769,0.9999507003878962,0.9999908128508974,0.9930593031848995,0.9765059345761343,0.9955984436271585,0.9675712586223114,0.995370849986493,0.9891341440470823,0.9757878751101691,0.9490561896072385,0.988933195327476,0.9938290137243267,0.9910220698760088,0.9699588011446422,0.9994671498236829,0.9995378719324208,0.9996029058789444,0.9998799438224121,0.9991582689753244,0.9994618245481709,0.9980638676127315,0.9987417466228793,0.9994839452966366,0.9994765563802159,0.9851151777164531,0.9271577215724112,0.946182214249943,0.946690100962212,0.9298866460813617,0.8766783974167691,0.949173687244173,0.9311092461710042,0.9513511387283283,0.9537117124586298,0.9443200007597897,0.9776267630337935,0.9770755781597684,0.9897243707844661,0.9970186191395459,0.9718852513184902,0.9588681513057883,0.9724706365920806,0.970676028002079,0.973463747066029,0.9731767357922325,0.9520369993828343,0.949998769890516,0.9534087361687988,0.9530384862884276,0.9251342795907467,0.9645630556818311,0.9666659803815484,0.9711677995772625,0.9700105085355037,0.9358031713363607,0.8479774470291523,0.8106460353511911,0.8630182954298676,0.8950113542061227,0.8902202127666053,0.8911968252913298,0.8899676193885562,0.670213401629072,-0.6001500112953791,0.9604001759922876,0.9432564535400594,0.942479616738755,0.9730769879284059,0.9561295826708969,0.9668903681521248,0.9669780250095446,0.925486959614906,0.967404538754128,0.9375149708994005,0.7459019280283817,0.9381765381033709,0.9468745850720992,0.7788521097892398,0.9483991074688184,0.9494893655582172,0.8934422471849933,0.9744806230908942,0.8838097282519717,0.5831104606043384,0.7008165918123488,0.8913981775111499,0.8559792931429062,0.8819865607823559,0.9810165633094152,0.9812471267737524,0.7594569583025161,0.7036418020401798,0.7997113304090692,0.3691233000541869,0.7731430572346227,0.804326587677393,0.7988707024166802,0.7843769386664358,0.7544451492962632,0.732797761613171,0.7130029419466962,-0.38665942448797613,-0.5073480698007826,0.6560872670917978,0.8816995402739514,0.9195236574878166,0.9296831611550106,0.9066015638800352,0.8122859352753545,0.890618917638266,0.9123739559085542,0.9119565015239787,0.8425368120083395,-0.08645214505154701],[0.9960413286567088,0.9914349134208075,0.990772187275087,0.9964904974578258,0.9985465659382424,0.985995038726404,0.9991471027790706,0.9999981335281307,0.9772092442858844,0.9999976215008645,0.99999820496518,0.9997403259273927,0.9999976706236355,0.9999946843488544,1.0,0.9994284162980059,0.9968985185066083,0.999434711627867,0.9999069161150861,0.9999062095454285,0.9999638981005066,0.9999975082808945,0.9912123884376037,0.9763255630008207,0.9949466094374384,0.9589326596625715,0.9947518262348661,0.9892766285867997,0.9757095890420013,0.9490909057573311,0.991262107539179,0.9941466538664738,0.9916586618377599,0.9702428748915384,0.9994669172327321,0.9995473362158904,0.9996643100798308,0.9997449370804207,0.9991630943795496,0.9994704152340519,0.9981710108234593,0.9987709950561131,0.9995361537454153,0.9994017557185679,0.9828612618384731,0.9270740173517966,0.9462778699217427,0.9469884761367321,0.9303752820295493,0.876932178710072,0.9551421529284806,0.9391824859547732,0.9570739895018795,0.9539585650868913,0.9445496116240663,0.9792231969238456,0.9771660534093214,0.9903514078333694,0.996909486849657,0.9430575461507893,0.9592962752212774,0.9668170803189743,0.9708101780476365,0.9687926337260865,0.9458562530879445,0.8967868239605901,0.950297270289698,0.9541094088714941,0.933631064724013,0.8819399527883619,0.9647681163286373,0.9338336613320876,0.9623416531472302,0.943781579087001,0.7640923752483216,0.8482583782594109,0.7742898800042889,0.8635580222639081,0.8834209405327021,0.8904660868291946,0.8694249053352722,0.8791206460717168,0.3138465025968498,-0.5995062686193761,0.9605308545167823,0.9435105044617441,0.9428570865281335,0.946087549589192,0.9562654575700605,0.9670062132302257,0.9670348217123386,0.9256639289369342,0.9609246328580143,0.837334250325467,0.7461015565749645,0.9385127948012799,0.9413200034348352,0.7797738265709278,0.9484764264049733,0.949646312135452,0.8933154613043128,0.9742853754940851,0.8352507390885358,0.582569059490213,0.7011627279679296,0.8562728470030684,0.8433637722983319,0.8390234544560365,0.9808367314073319,0.9810352551763698,0.7599145962777135,0.7041164594611905,0.7835266050101475,0.36931908666902286,0.7685962283588077,0.7888740663758016,0.7895267467371528,0.7853362113888674,0.7545326082236918,0.7334130324591649,0.7136348151108431,-0.29514666366746944,-0.4444112082974196,0.6568795063609693,0.8814182348175522,0.9225173462729933,0.9338322914525996,0.9060643500682399,0.8129052346194705,0.9036686311187558,0.9237508171254952,0.922885442058254,0.7565778851179598,-0.11861036449831121],[0.9976034029987401,0.9937544508667454,0.9901780786998469,0.9978945453639193,0.9990568222568459,0.9856376205958801,0.9998880826469647,0.9992822047228013,0.9750174807421252,0.9996565402461568,0.9996342854698823,0.9996341381468316,0.9993336093493246,0.999533885587241,0.9994284162980059,1.0,0.9983155355648388,0.9998406943590413,0.9995225412857379,0.9995276271041649,0.9997537171362221,0.9995074890753355,0.9908270488044402,0.9752350878843409,0.9935105549403767,0.950852296885883,0.9931461448237342,0.9910922547404458,0.9737312363722759,0.9496703501088177,0.9917550458711049,0.992517778451226,0.9925981687733823,0.97250439201886,0.999248770272615,0.9997251708192769,0.9997030494343917,0.9995459827465434,0.9995606249794705,0.9996783145500834,0.9988021832963513,0.9995578495325411,0.999491993080944,0.9992421786849408,0.981350707887371,0.925688186986578,0.948566040386135,0.942591030138933,0.9305426458258362,0.8845211807842731,0.9573518326146011,0.9440175333252205,0.9595838902730827,0.958432872985655,0.9491288170654744,0.9813609918302906,0.979414493622983,0.9913800832543828,0.9963982037670573,0.9480052105971061,0.9629960108209802,0.9723034384784633,0.9734499933064317,0.973993420156448,0.9489457388789004,0.9032489982508496,0.9537964249543459,0.9598897011251819,0.9390113162535052,0.8914581130635473,0.9672674072506058,0.9392887351416234,0.9671443930280019,0.9485483076607197,0.7737045065522185,0.8543282086363124,0.779125012941575,0.8693341770120753,0.8890107843952094,0.8935252576006585,0.8735323234739654,0.8849121793760748,0.32634269281562744,-0.5960821143182231,0.9639675320469829,0.9488649924357115,0.9478658098439436,0.9506376141023043,0.9605471388812528,0.9704539934984184,0.9705307462010933,0.9302127260741396,0.9666978562701994,0.8461428282065033,0.74774838325786,0.9276297094051444,0.932644991744893,0.7823840966254811,0.9485429260503387,0.94949961078941,0.8936568019437169,0.9705289595921751,0.8345186269488277,0.5929710396221071,0.7066997100527945,0.8563081458937294,0.846254403