var element=document.getElementById("correlationClose");if(element.style.display!='none'){var correlationClose={"data":[{"type":"heatmap","z":[[1.0,0.9999841814739459,0.5851413988896393,0.9997080378896982,0.9975630283070653,1.0,0.9911122590152528,0.9868126700086324,0.9917902576511713,0.9735802994984484,0.9831037619637638,0.991156046068246,-0.12136051976508748,0.9912193333749324,0.9584736246857527,0.9487619861759459,0.42817092554446107,0.9922007069197016,0.9921989655433668,0.9842146106367456,0.9911575113782076,0.4479437596917579,0.6772031829121031,0.9785272084235944,0.9785049346189708,0.963430969324703,0.3186909159319954,-0.11795113482339378,0.9897774602442468,0.9897431087311972,0.28468623878358956,-0.19505293916857275,0.9939389746475812,0.9947732780987063,0.8170686350396423,-0.38654329452078245,0.9882152826864719,0.9945777637553757,0.9586658385471618,0.4102063890997205,0.9941171040384186,0.9941128717030212,0.9941171040384186,0.8884972287026771,0.6669555019524872,0.8742983969555259,0.8869514428057296,0.7939446454355756,0.3850685155172934,-0.1394677728081388,0.19240995444250789,0.9452940795698029,0.44953422939384546,0.9767346249489722,0.9711652946350892,0.9173029028998824,0.9157577829533786,0.9349432634353912,0.9123077804028683,0.9318379693559233,0.9327072721608075,0.9318379693559233,0.8504750599160459,0.9084870360076643,0.9096881549953822,0.9084870360076643,0.9002811568060739,0.7424191054520193,0.87466303522167,0.8764427721289509,0.87466303522167,0.6284064119507446,0.315166444202033,0.6056488492317416,-0.5901298418298501,0.5038517783863864,0.5530155655036871,0.554656603918424,0.5530155655036871,-0.10428363085048034,0.8876532357294716,0.9201186808571595,0.902003856581124,0.9189198959495687,0.42033523146252655,0.8844497426299879,0.8858082092495716,0.8844497426299879,0.8929680318099669,0.8929680318099669,-0.1503609185344766,0.5606944531070341,0.189798089150813,-0.5797122303441825,-0.5671543544313739,-0.5705236143565262,-0.05181639607273738,0.06979807151880278,0.2528936445110269,0.11805002495098206,-0.41106400292816564,0.04638846126065159,-0.7936121406318174,-0.22024546060141909,0.13410864347944948,0.13508244076451056,-0.5468310233179735,-0.602050632213682,-0.22198071860750582,-0.4927271072931932,-0.8278691575162803,-0.3576895094720171,-0.3494341936545322,-0.3576895094720171,-0.18868487749884083,-0.26795623495439747,-0.26795623495439747,-0.8160639681054035,-0.8160639681054035,0.40118121912375665,0.6549907709860682,0.8709808901225158,0.8503091679044671,0.7861400130378378,-0.2600466274644083,0.7644076593723572,0.8045330004068881,0.8045930017984889,0.8045330004068881,-0.23413143239181655],[0.9999841814739459,1.0,0.9714186694507011,0.9992678388328693,0.9941622951315578,0.9999841814739456,0.9793341411478761,0.9709720065864883,0.979139758376695,0.9606849969322182,0.9812042976158288,0.9793914310718059,0.9793549290845143,0.9791867964341135,0.8057378286055786,0.7761696951784192,-0.29546111254111795,0.9844461603385269,0.984419352546691,0.9794494991683081,0.9794415749628681,-0.12882684649820386,0.9702179864179075,0.9728691914516878,0.9729387717429938,0.963798605632232,0.07390279865477745,0.15762863480071038,0.9767314186602037,0.9768114701706819,0.9722471251304012,0.15850919783637696,0.9882145883185862,0.9882809648282995,0.9890215340770745,0.9813253781535684,0.986751013836309,0.9882744318547162,0.7958329602141501,-0.3017680221058864,0.9890838738093679,0.9890666948431104,0.9890838738093679,0.8885062495088195,0.5398347506329486,0.874918790234008,0.8872388903579715,0.7932477417241722,-0.42512704774410526,-0.5412385735622547,0.8271314834470456,0.8574889145368397,-0.19564811321632639,0.9345012937800165,0.9345931407260468,0.9284324833625406,0.9378298214613155,0.9169423539966199,0.9165578731333749,0.9233541301864852,0.9240441679055373,0.9233541301864852,0.7902342688870336,0.7515968132305693,0.7538432078758815,0.7515968132305693,0.932029122103444,0.9369143897424775,0.9320217415694582,0.9331592290611199,0.9320217415694582,0.4654373934623311,0.4059161955032091,0.525456214324115,0.6298819779384839,0.5134790613717296,0.5514409110598775,0.5522172595233296,0.5514409110598775,-0.22016266271914384,0.8762971296603883,0.9108842027050139,0.8982302484614734,0.9352374132892659,-0.12681382128899438,0.8708359954866096,0.871217443914923,0.8708359954866096,0.881445252092971,0.881445252092971,-0.25026232285126526,0.5616321758374437,-0.3782557654818506,-0.6793877589824779,-0.46798003769176205,-0.4713688771170027,-0.3169915078199198,0.23426115070930695,-0.22401241339280992,-0.41371580902299887,-0.6176812497158076,-0.2975899612933026,-0.4966491254821641,-0.35217123822177926,0.11159013237821003,0.1072263805874799,-0.49170244977872446,-0.4486847465080593,-0.47693933334528604,-0.5066901113555516,-0.49916197589681566,-0.4789779885290615,-0.48224059959284926,-0.4789779885290615,-0.35888517836128603,-0.5037477055427046,-0.5037477055427046,-0.47582858926724536,-0.47582858926724536,0.4010144377196089,0.4083367864010402,0.5174316850368288,0.5997198879972958,0.5709593672313027,-0.40013227132520257,0.37743378249844,0.3654272559565559,0.3655143696466797,0.3654272559565559,0.11184543757366039],[0.5851413988896393,0.9714186694507011,1.0,0.579121238533951,0.4757209837953286,0.5851413988896392,0.5726968115187264,0.561624161284561,0.48069940576422415,0.4236785117835332,0.9966894002192432,0.5727317908281199,0.5119740207635034,0.5730471858931014,0.5413300266418206,0.5678924686657771,-0.12015253516329087,0.5208775796154301,0.5208441577518275,0.4753955595906562,0.572363539698329,0.21525777914290228,0.711747557377483,0.5414924764928611,0.5412236387438821,0.9847726940747894,0.30461602643570684,0.17672268503157146,0.5364985138471688,0.5360363676635386,0.7643335923852601,0.015129505620443877,0.5705836165241713,0.47770580936671053,0.5537367872243544,0.35146692421244874,0.9941185709938004,0.46746433453178615,0.5379325383923405,-0.12687686939238657,0.5867158789177271,0.5692947689737351,0.5867158789177271,0.892963716466701,0.3908736901270819,0.9094151585262704,0.8764797283313172,0.6575242802269615,0.20168886853691986,-0.02049142112833683,0.05536858090360579,0.43831328429527605,-0.07643127729833099,0.5267918816130271,0.46681298215783656,-0.06363759437441763,0.7061192231275192,0.6552745596895869,0.5074863446986131,0.6615850915197119,0.7197087592881012,0.6615850915197119,0.36171025320012434,0.5563076368713772,0.650092822221809,0.5563076368713772,0.581279732662756,0.6284511424066479,0.6705798704402152,0.7389964418046899,0.6705798704402152,0.229092280143609,-0.08579638718454571,0.2469025867637892,0.13819045462409127,0.24724957415748605,0.2612328902387647,0.4075147866209974,0.2612328902387647,-0.174831276398654,0.4644490966302067,0.8209138870323053,0.550130109834944,0.7359991489697669,0.054044745499769356,0.5270427556640388,0.5281556630187648,0.5270427556640388,0.6423008352504201,0.6423008352504201,-0.27406998952286066,0.7202587114342175,-0.22096458107070352,-0.5695651902436801,-0.3972367229678064,-0.40037482373892186,-0.3958117425496227,0.028292428954927555,0.02408170778710222,-0.27190560802918884,-0.5516727056221821,-0.13976069823788664,-0.23992314494571823,-0.21751695379547095,-0.008920324344400937,-0.011558979689921985,-0.4566904253530635,-0.0006130101951235228,-0.22656023829356822,-0.48925950577943317,-0.12629323262930878,-0.36567795823359583,-0.24243039403999508,-0.36567795823359583,-0.42696190814500534,-0.5107125368952113,-0.5107125368952113,-0.24937847863458645,-0.24937847863458645,0.33143153206961123,0.14546042149792907,0.25075855214319676,0.4936309428137719,0.2287751093495258,-0.3179722960015953,-0.034221430627568494,0.4494576283652017,0.5621677133931625,0.4494576283652017,-0.0442972191480179],[0.9997080378896982,0.9992678388328693,0.579121238533951,1.0,0.9986829162885641,0.9997080378896981,0.992665613850642,0.9888409574872782,0.9936649600581465,0.9714275216735329,0.9878100355944417,0.9926980517674153,-0.12555457286017122,0.9927342619079499,0.959816055582537,0.9500916746969184,0.41394575984234266,0.9935352620784198,0.9935335591200031,0.9846130453195875,0.9926889346352602,0.43929326576407934,0.6806701559162252,0.9814195802216527,0.9813976702032905,0.9729695535132704,0.3139667764934936,-0.125094115610248,0.9894641235855657,0.9894402806827199,0.276436632303103,-0.19577364855207952,0.9947060402391786,0.9958118789549923,0.7775896967139683,-0.39215425694002154,0.9916592179962906,0.9958496338482525,0.9591226129584699,0.3956236020127634,0.9923500274203876,0.9947798535616645,0.9923500274203876,0.8869113801017001,0.6543123815499626,0.8819144393762507,0.8838875126217943,0.7721813736050102,0.3796514436360736,-0.14531993052524175,0.1860254239776987,0.9395744213827428,0.4335003990474546,0.9724337601315907,0.9683636853282688,0.8937695304340781,0.9073344972657866,0.9203667151067708,0.907448093656548,0.9127526510987637,0.9139483135499342,0.9127526510987637,0.840954924946403,0.8951604670208061,0.8964878508817239,0.8951604670208061,0.8960469334788079,0.6766727127620185,0.8316615814362794,0.8335467026841219,0.8316615814362794,0.6185810376574368,0.10548747791816843,0.593886972089313,-0.5952561207966909,0.4974401628981395,0.29342527826384884,0.5228807460814291,0.29342527826384884,-0.11115864241760097,0.8811398487820852,0.9100812509089303,0.8924251766536804,0.8930975414207059,0.40692994515031133,0.8788898476362044,0.8804250534085764,0.8788898476362044,0.8712873608041906,0.8712873608041906,-0.1564595409039421,0.5866561324325558,0.19456593264775895,-0.5901771341705795,-0.574870796296739,-0.5781559681040714,-0.06435909684868842,0.0643742746336791,0.24576406146438384,0.10520449340368117,-0.4236977080126006,0.03980562527029622,-0.8002777570047399,-0.22824153156043392,0.12313262480032898,0.1241694874814426,-0.5542683531468958,-0.5989436931283472,-0.2236639173599735,-0.5048242478057615,-0.830226385407436,-0.3594888236625398,-0.35179275249959724,-0.3594888236625398,-0.19808035402716964,-0.27812181909045725,-0.27812181909045725,-0.8162940900989952,-0.8162940900989952,0.3884391059415489,0.6431735413724324,0.8634371006648326,0.8428352504141516,0.7789661643558876,-0.2735655051922676,0.7555623675341812,0.7959839721164911,0.7960489097883415,0.7959839721164911,-0.2190801083615001],[0.9975630283070653,0.9941622951315578,0.4757209837953286,0.9986829162885641,1.0,0.9975630283070653,0.99685580885467,0.9949662803112577,0.9970504945528077,0.961456970954897,0.9955813506320899,0.996876877868333,-0.33224653887129185,0.9969079033026176,0.9466158095617335,0.9293670075910826,0.21606241791909264,0.9974332521224273,0.9974308256252525,0.986348355529487,0.9968669677721846,0.07662669093708512,0.6447562644091395,0.9908738023968,0.9908311479414198,0.9857056825664025,0.06867782482734722,-0.10945831670105868,0.9875650122737303,0.9875101728502166,-0.03379327041148826,-0.09246908498172797,0.9977372389986578,0.997671458709889,0.7567678024897085,-0.5312108118097593,0.9972524578761458,0.9979417607663967,0.9424729425726653,0.19216924055930826,0.99768720383335,0.9976892273322111,0.99768720383335,0.9017609872614397,0.6154555102210999,0.9022037583035497,0.887670556852346,0.7400993704584686,-0.09935844381141277,-0.5818648256349609,-0.23141521639766527,0.925281529381508,0.2878927882057642,0.9662374123586137,0.9663028161017019,0.8889200531892266,0.8858374927989653,0.9069235492807683,0.89290253125665,0.9050909122794656,0.905707902928784,0.9050909122794656,0.8118378652103312,0.839847487921803,0.8415075592970824,0.839847487921803,0.8832896547963306,0.778730440468301,0.8631887826962006,0.864453515006436,0.8631887826962006,0.5706642343514384,0.4353877038995143,0.5539309266330937,-0.6361659999060258,0.55189152280593,0.5293087435589282,0.5294308999686252,0.5293087435589282,-0.13170986870313828,0.8606020747552632,0.8807075411011747,0.8657011582271344,0.8987247260499491,0.2606102724930868,0.8615721330058816,0.863145061818768,0.8615721330058816,0.8693955436884391,0.8693955436884391,-0.19883565177526644,0.6436287087049425,0.04813564734432151,-0.6248383706655924,-0.6309930657609873,-0.6312532688568312,-0.09999486265222328,0.08658121661855062,-0.15249936474920217,-0.14758371546124466,-0.5082872611830376,-0.3315090505312702,-0.8614008329545892,-0.5237492356134964,0.08952780022859134,0.09044832359956784,-0.5842207467852315,-0.5905793824991358,-0.5189523591232686,-0.5470336597960127,-0.7959887402833422,-0.5742869230648483,-0.5772879990044663,-0.5742869230648483,-0.2413901932850748,-0.31625691064216443,-0.31625691064216443,-0.762189875489227,-0.762189875489227,0.3692745649800064,0.6219548688255921,0.8138165970000197,0.7895238199905652,0.7662067841634869,-0.41075193096839646,0.606034194227866,0.6869995057331816,0.6871726592345052,0.6869995057331816,0.012391099250323693],[1.0,0.9999841814739456,0.5851413988896392,0.9997080378896981,0.9975630283070653,1.0,0.9911122590152528,0.9868126700086324,0.9917902576511713,0.9735802994984484,0.9831037619637638,0.991156046068246,-0.12136051976508748,0.9912193333749324,0.9584736246857527,0.9487619861759459,0.42817092554446107,0.9922007069197016,0.9921989655433668,0.9842146106367456,0.9911575113782076,0.4479437596917579,0.6772031829121031,0.9785272084235944,0.9785049346189708,0.963430969324703,0.3186909159319954,-0.11795113482339378,0.9897774602442468,0.9897431087311972,0.28468623878358956,-0.19505293916857275,0.9939389746475812,0.9947732780987063,0.8170686350396423,-0.38654329452078245,0.9882152826864719,0.9945777637553757,0.9586658385471618,0.4102063890997205,0.9941171040384186,0.9941128717030212,0.9941171040384186,0.8884972287026771,0.6669555019524872,0.8742983969555259,0.8869514428057296,0.7939446454355756,0.3850685155172934,-0.1394677728081388,0.19240995444250789,0.9452940795698029,0.44953422939384546,0.9767346249489722,0.9711652946350892,0.9173029028998824,0.9157577829533786,0.9349432634353912,0.9123077804028683,0.9318379693559233,0.9327072721608075,0.9318379693559233,0.8504750599160459,0.9084870360076643,0.9096881549953822,0.9084870360076643,0.9002811568060739,0.7424191054520193,0.87466303522167,0.8764427721289509,0.87466303522167,0.6284064119507446,0.315166444202033,0.6056488492317416,-0.5901298418298501,0.5038517783863864,0.5530155655036871,0.554656603918424,0.5530155655036871,-0.10428363085048034,0.8876532357294716,0.9201186808571595,0.902003856581124,0.9189198959495687,0.42033523146252655,0.8844497426299879,0.8858082092495716,0.8844497426299879,0.8929680318099669,0.8929680318099669,-0.1503609185344766,0.5606944531070341,0.189798089150813,-0.5797122303441825,-0.5671543544313739,-0.5705236143565262,-0.05181639607273738,0.06979807151880278,0.2528936445110269,0.11805002495098206,-0.41106400292816564,0.04638846126065159,-0.7936121406318174,-0.22024546060141909,0.13410864347944948,0.13508244076451056,-0.5468310233179735,-0.602050632213682,-0.22198071860750582,-0.4927271072931932,-0.8278691575162803,-0.3576895094720171,-0.3494341936545322,-0.3576895094720171,-0.18868487749884083,-0.26795623495439747,-0.26795623495439747,-0.8160639681054035,-0.8160639681054035,0.40118121912375665,0.6549907709860682,0.8709808901225158,0.8503091679044671,0.7861400130378378,-0.2600466274644083,0.7644076593723572,0.8045330004068881,0.8045930017984889,0.8045330004068881,-0.23413143239181655],[0.9911122590152528,0.9793341411478761,0.5726968115187264,0.992665613850642,0.99685580885467,0.9911122590152528,1.0,0.9972512916769025,0.9999684978287235,0.9531172451271516,0.999612292362277,0.9999962544793418,-0.13920506796189583,0.999992657525883,0.9772707061387665,0.9706893053632312,0.36649615333395097,0.999841753366927,0.9998421185112123,0.9887730712921075,0.9999964660777027,0.34699939636429644,0.6814394176766746,0.9845754536256189,0.9849497217316293,0.9870135516171322,0.23658768178131154,-0.18326946990261367,0.9920177555474204,0.9917785311992247,0.17703905463736816,-0.24554981211247745,0.9993046376939636,0.9993997601497543,0.36558129025254094,-0.32574935770769414,0.9987595581740251,0.9993227040359008,0.972971880195967,0.3466849365765889,0.9336821708560964,0.999035990408851,0.9336821708560964,0.9106135884701767,0.6197455975888544,0.923343105448998,0.8965076549436906,0.6958039513280828,0.41241798163844645,-0.08730904824574463,-0.20929895279182323,0.9239726300060321,0.3932873461535547,0.9683155621782535,0.9616936938171429,-0.07526556524203808,0.837909173251804,0.8078255536896154,0.8551664253654326,0.8014253714411289,0.7682691614078244,0.8014253714411289,0.7691930846214824,0.7686751973829622,0.7655506011508598,0.7686751973829622,0.8432471584061868,0.32213678105080495,0.5370775083997351,0.6165947841938264,0.5370775083997351,0.538676049433467,-0.3593110603090531,0.5009120324397651,-0.6581936807575451,0.4206173982649633,-0.12383696305029628,0.3806447554967956,-0.12383696305029628,-0.15479779339942484,0.819123009563569,0.8318526715791242,0.8199062671237085,0.741621984137886,0.3585866833130091,0.8215143564596585,0.8236964820496855,0.8215143564596585,0.7306424534959258,0.7306424534959258,-0.23575483830604016,0.6919515298746834,0.2505097470913247,-0.6067071863486676,-0.6173059633429125,-0.6201622978070488,-0.11488133018476734,0.012573689382534179,0.3515185115286614,0.06749931101338455,-0.44866246427011,0.09253966691117815,-0.8272585415540262,-0.13120537492946827,0.05228984883404573,0.053456358775972566,-0.5993229298320812,-0.6053397432483874,-0.06271018240411406,-0.5834701737413053,-0.8426608222187545,-0.3552497866139005,-0.1833218629311864,-0.3552497866139005,-0.2763633344286862,-0.32684643555755266,-0.32684643555755266,-0.8357180698066087,-0.8357180698066087,0.3672109440902041,0.6001959274206261,0.499750569786676,0.8065227121015898,0.7566129624341142,-0.3304255684088941,0.060781691726633905,0.7616448508059649,0.7802247319421725,0.7616448508059649,-0.14495413674710483],[0.9868126700086324,0.9709720065864883,0.561624161284561,0.9888409574872782,0.9949662803112577,0.9868126700086324,0.9972512916769025,1.0,0.9994874917657135,0.9450537490488093,0.998385028025094,0.9980435283457345,-0.1482993402609798,0.9990357048426657,0.9757642809228906,0.9626190786523793,0.3443893493554321,0.9990856958696623,0.9990885994291299,0.985900051791072,0.9991926195206152,0.32013779774814843,0.6810762594115518,0.9920600509993021,0.9827176773816213,0.9830238801704859,0.21732175244922955,-0.1979435802188647,0.9882931500676938,0.9917110848108718,0.1569852641843471,-0.25225296828291427,0.9981728716734551,0.9980870322385649,0.3452827787227797,-0.3331026151686933,0.9963190392738251,0.9979452429405282,0.9719544389759489,0.32410407517509704,0.9251102811417592,0.9980033902008273,0.9251102811417592,0.9079541213469934,0.6039067957231028,0.9237253727472823,0.8925463994443683,0.6691817429164538,0.39894888190364164,-0.10302178119796522,-0.22284025878948133,0.9147203071085835,0.3721798483251919,0.963514331409458,0.9561183618579561,-0.08601478032045443,0.8238407231616833,0.7897140691081834,0.8452834635729343,0.7845259669467912,0.7549301102870449,0.7845259669467912,0.7548134393887832,0.7479161013469269,0.7509701957206074,0.7479161013469269,0.8336339309212182,0.3007622653347739,0.5144855241671508,0.5987523007423916,0.5144855241671508,0.5236840382020114,-0.37504513105539394,0.4840928196266753,-0.6671105626678409,0.41106120773462707,-0.147361044751921,0.36265145734175463,-0.147361044751921,-0.1621028093151275,0.8074820612308407,0.8136605700923094,0.8048173747126002,0.7257052871911904,0.3409776414438055,0.8105077780885922,0.8129375566370062,0.8105077780885922,0.7108569974568835,0.7108569974568835,-0.25241116966808536,0.7205364610147463,0.2583883358140678,-0.6167297440622568,-0.6312046528885723,-0.6338816602472559,-0.13051851586596014,0.003996683589374476,0.34455717089289367,0.04774820765223515,-0.46224942870243596,0.0831225764766331,-0.8341418226016417,-0.13782592354548862,0.0357732650722374,0.036981798316520965,-0.6120038971601599,-0.6066337781465917,-0.06970935460175791,-0.6019309872908902,-0.8429697552203396,-0.36740647481752364,-0.18970386919177398,-0.36740647481752364,-0.29527343718544835,-0.3415703061519557,-0.3415703061519557,-0.8344165160151253,-0.8344165160151253,0.3443511257669078,0.5821310974507642,0.4801800200703054,0.788104756718187,0.7431572872733242,-0.3534986022902335,0.04602131011654857,0.7419529877120805,0.7641171811123542,0.7419529877120805,-0.1272054367602942],[0.9917902576511713,0.979139758376695,0.48069940576422415,0.9936649600581465,0.9970504945528077,0.9917902576511713,0.9999684978287235,0.9994874917657135,1.0,0.9519048560322371,0.9995634282367545,0.9999697615299669,-0.30815565747070445,0.9999742081713462,0.9559206412764374,0.9375464722194082,0.2563536411343605,0.9997867074791726,0.999787279904188,0.9885962136112053,0.9999666357017389,0.12449932267266484,0.6426438107516019,0.9943627447528364,0.9943097935158703,0.9868726977998155,0.05161948734646775,-0.12258031131750838,0.9905818176077649,0.9905515177711851,-0.015928513285263367,-0.20503019552179869,0.9993305624711594,0.9992878316148202,0.7681203013058068,-0.5214016286038968,0.9986749713062555,0.9993010384884619,0.9505878109732214,0.2331059800122411,0.9991745847743925,0.9991799968585897,0.9991745847743925,0.910439235804031,0.6206288973780465,0.9231089483378878,0.8960138307299516,0.6951549838436478,0.007430833341836382,-0.5289096221180151,-0.1813341734051774,0.9192349108976998,0.34070620734292184,0.9627506974900255,0.9618887239522039,0.8611803660757312,0.8391078293841253,0.8801393606492607,0.8563009448700812,0.8783651738062838,0.8790811477103008,0.8783651738062838,0.7687443958917259,0.8215513080400237,0.8232474623503325,0.8215513080400237,0.8449599261604888,0.7399000336409675,0.8328319458925901,0.8342578033961214,0.8328319458925901,0.5378464456563147,0.3611078314667797,0.5005326359630582,-0.6835048420425156,0.47973560286578254,0.4439652868794766,0.4439034893513929,0.4439652868794766,-0.1121383699445099,0.8199276215926387,0.831655974363327,0.8201300097107028,0.8714153438117216,0.2811966396403442,0.8277454095008155,0.8300497542250417,0.8277454095008155,0.8355835287087167,0.8355835287087167,-0.2379160239865233,0.6928188415414313,0.07319668602092405,-0.6199765319134914,-0.6576589028467777,-0.6585366476001967,-0.11854275633652131,0.015634748089518216,-0.15967899163541027,-0.11826816023808269,-0.4965513551828505,-0.36200029615247925,-0.876209273603284,-0.5620283476473842,0.051511238998318915,0.05264845352196265,-0.6011989833391749,-0.6012737097667338,-0.5288486085929767,-0.5855411882346122,-0.8165069087425492,-0.5980469540647386,-0.6001554795521447,-0.5980469540647386,-0.2790016281044729,-0.3309802910300088,-0.3309802910300088,-0.7960138203516559,-0.7960138203516559,0.3677246621120944,0.5987507171394508,0.8217233571096573,0.801249680187461,0.7548604510042065,-0.359574798466301,0.6394734101952396,0.7082668104088533,0.7084228557115643,0.7082668104088533,0.09489699141972861],[0.9735802994984484,0.9606849969322182,0.4236785117835332,0.9714275216735329,0.961456970954897,0.9735802994984484,0.9531172451271516,0.9450537490488093,0.9519048560322371,1.0,0.9279621808807621,0.953143300318443,-0.24255785133850094,0.9528057303346554,0.8777735010316686,0.8553926412528237,0.058244918396882846,0.9585085586880122,0.9584858351667409,0.9532845792071981,0.9532757102932526,0.05366945363919155,0.6889712372080119,0.955050162671745,0.9552574835079836,0.8389772408879933,0.15547194427478836,-0.10483932974715805,0.9615075338284323,0.9616371570977222,0.13456336940644534,0.06810759240184154,0.9627426608671116,0.9630282999982042,0.8585619757506386,-0.44085852529001085,0.9390719045619911,0.9618890912439082,0.8798003979547425,0.03583150252963571,0.9640822351405535,0.9640460629282531,0.9640822351405535,0.7891082821548114,0.41650156347823586,0.7627115217790628,0.8686944615083442,0.8334160403275549,-0.5505348945327754,-0.6862648625280638,-0.2964454994435887,0.8714401092629344,0.054065361926520894,0.9056513098507621,0.9057025533180313,0.8647224632935705,0.860260860844252,0.8892079836815848,0.8677959951972266,0.8813532776893608,0.8821409893180365,0.8813532776893608,0.8104014949514516,0.7895341849187392,0.791593437261161,0.7895341849187392,0.860367279444481,0.8794522738675654,0.858538360244589,0.8592935933198388,0.858538360244589,0.6341483841354109,0.5543661439134887,0.6355637071050049,-0.399267138648723,0.6573078813681553,0.6774270027240505,0.6803618464134688,0.6774270027240505,-0.2713320253387597,0.8650705498248614,0.9242912343256479,0.8823702606065561,0.8800254309928695,0.15118220866587287,0.8574322069785589,0.8587255842083401,0.8574322069785589,0.8686158966826866,0.8686158966826866,0.016874978407597024,0.3155275733118443,-0.094816961260778,-0.5328199868612461,-0.40665656384527205,-0.40862216232310894,0.043468965744172895,0.39562396353408097,0.08606292856023064,-0.05674754013839291,-0.38889145921839485,-0.010907861255432028,-0.8098911195250796,-0.17278985200865402,0.2851584569653144,0.2844352707743358,-0.3689769103293981,-0.4387315127588961,-0.32523112984987873,-0.33188288567538277,-0.6827457346031621,-0.3460789690693636,-0.3481324487230412,-0.3460789690693636,-0.07308844373844123,-0.3654016797785566,-0.3654016797785566,-0.5390885292571972,-0.5390885292571972,0.5625810284312768,0.6699902097688315,0.7604511395523645,0.6736138506292798,0.8357600083540571,-0.45461542917047015,0.3866134087235145,0.5597298902731844,0.5600065541739806,0.5597298902731844,-0.22611359242663287],[0.9831037619637638,0.9812042976158288,0.9966894002192432,0.9878100355944417,0.9955813506320899,0.9831037619637638,0.999612292362277,0.998385028025094,0.9995634282367545,0.9279621808807621,1.0,0.9996108161690694,0.9996071728110528,0.9995651872435642,0.8491900254803276,0.8132419283639651,-0.4048037545832605,0.9997510954221259,0.9997548583507773,0.9996174310339808,0.9996173652707825,-0.24878380470703249,0.9641220120330202,0.9928624448521113,0.9928380619399924,0.9898124767077409,0.05125698595895204,0.08904478057824732,0.9896747685391866,0.9897392351043492,0.9730289742032825,0.03337484042215115,0.9987768907558155,0.9987207118749334,0.998543916828757,0.9992734674357017,0.9992415993091904,0.998782515322811,0.830422450005387,-0.4147900945477744,0.9984820059988987,0.9984927735484636,0.9984820059988987,0.9040948868641482,0.47171609520027175,0.9190222121480222,0.8939830856010708,0.6964164989289958,-0.5237095621451094,-0.6514450802342735,0.7945867650008834,0.8104195224705342,-0.302961541944661,0.923283890825382,0.9234854572436498,0.8624250831492836,0.871731024944701,0.8402763100173704,0.8427160945985686,0.8491040183573736,0.8499967242329384,0.8491040183573736,0.6843017759407634,0.6395636609376831,0.642234276753514,0.6395636609376831,0.8721751145851282,0.8808317279116609,0.8708958267435949,0.8722988950535102,0.8708958267435949,0.33781986673434466,0.2673641149527219,0.39412729617800485,0.5175646934895327,0.3916612028398339,0.43719307082397607,0.4396773133380952,0.43719307082397607,-0.410796079860152,0.7873905617378638,0.835980748912993,0.8169439186616582,0.8709288076736017,-0.17660411540519688,0.7807431106853187,0.7812576658504955,0.7807431106853187,0.7945382057928442,0.7945382057928442,-0.29715110095419783,0.6842367329933616,-0.39750513514423025,-0.7138353481672481,-0.5464362164920454,-0.548724192199778,-0.3751837880511565,0.16921548943097345,-0.2784525568336937,-0.4605972815474147,-0.6603513201713517,-0.3574506219280755,-0.6186726009895894,-0.4238002346042498,0.04245565616945211,0.03899295546543417,-0.5655092042734085,-0.5314004855044125,-0.5505874606193885,-0.5847989456496334,-0.5789885822489605,-0.5537437925667765,-0.5567270063733372,-0.5537437925667765,-0.438382160712096,-0.607648460994231,-0.607648460994231,-0.6074790427495415,-0.6074790427495415,0.3629421905979531,0.3538588941286159,0.4718869205045829,0.5545905889977748,0.5486709141803774,-0.5557818299991225,0.29516133937044736,0.31179508796144145,0.3119537726742462,0.31179508796144145,0.2149618488118868],[0.991156046068246,0.9793914310718059,0.5727317908281199,0.9926980517674153,0.996876877868333,0.991156046068246,0.9999962544793418,0.9980435283457345,0.9999697615299669,0.953143300318443,0.9996108161690694,1.0,-0.13886268473551705,0.9999945073993858,0.9772276421978447,0.9696247204824346,0.36654608274216505,0.9998431415252858,0.9998434724992676,0.9888123123631328,0.9999970926447889,0.34732692399483595,0.6815328775300789,0.9899656330983315,0.9849404226599149,0.9869964967448999,0.2368759626252487,-0.18320308186579978,0.9920186594798039,0.9917867204243662,0.1772905146835224,-0.24549980831807727,0.9993061800300441,0.9994033800020883,0.36556612606653605,-0.3255230944770504,0.9987617226284254,0.9993310116609184,0.9729227446031151,0.3467418251710689,0.9336677704198345,0.9990380075437875,0.9336677704198345,0.9106091132323838,0.6198869547240067,0.9235710102518978,0.8967347747775625,0.6959391142495336,0.4128144851249598,-0.08685101768523767,-0.20891532736576973,0.9240486847553109,0.3933537697514573,0.9684059689398888,0.9617568466970139,-0.0750595438472599,0.8380964588188449,0.8079392784373008,0.8553004561788057,0.8015374461837629,0.7682105156086041,0.8015374461837629,0.7692918949207644,0.7687402710107003,0.7654838485650741,0.7687402710107003,0.8434226218896251,0.32201810595628616,0.5370974294246226,0.6165085838493379,0.5370974294246226,0.5386307360354371,-0.3593236357862242,0.5008828976223706,-0.6580680844389167,0.4205213988085002,-0.12396069724345656,0.38069388986155894,-0.12396069724345656,-0.15494762422585726,0.8192125678815861,0.8320266137166379,0.8200292796033261,0.7416163047596238,0.3586398216461693,0.8216140547843025,0.8237911727338404,0.8216140547843025,0.7307288713633463,0.7307288713633463,-0.2357003642450158,0.6919134807757459,0.25062056557546414,-0.6067569394879796,-0.6172145899868174,-0.6200765663436036,-0.11497417785038179,0.012444447269991232,0.35168262129471206,0.0675039015991745,-0.4487392533586482,0.09279539463602361,-0.826975579029271,-0.13091556255336803,0.05235109641542256,0.05353401561602689,-0.5993061035718438,-0.6051303688570993,-0.06246350329010047,-0.583430972728459,-0.8425366785639175,-0.3550205142247348,-0.18311670661673324,-0.3550205142247348,-0.276213814960865,-0.32681459950952346,-0.32681459950952346,-0.8356491988468798,-0.8356491988468798,0.36768388858906526,0.600328430726592,0.5000004439158148,0.8067753389409041,0.7566746084722384,-0.33020570319583104,0.06107203831966859,0.7618884537488495,0.7803322890549313,0.7618884537488495,-0.14497567877626288],[-0.12136051976508748,0.9793549290845143,0.5119740207635034,-0.12555457286017122,-0.33224653887129185,-0.12136051976508748,-0.13920506796189583,-0.1482993402609798,-0.30815565747070445,-0.24255785133850094,0.9996071728110528,-0.13886268473551705,1.0,-0.13824691846157675,-0.14566530278411433,-0.12269142067866516,-0.29501648901759076,-0.1396735855707738,-0.13969265437616013,-0.26125139865156227,-0.13929872325107778,0.027691878978913894,0.30978613142167677,-0.17220545038021193,-0.17253564585008063,0.9869771615542661,0.2507114730946527,0.18677584906956982,-0.1765945363741114,-0.17719174497000684,0.5382981517097211,0.1216345548644041,-0.1372360908392709,-0.2945581245472063,0.17087914052017947,0.9582745844035367,0.9987601086563666,-0.3247354972669271,-0.14355505424549256,-0.2849848944571907,-0.13753840222722988,-0.1380357478351256,-0.13753840222722988,0.9106874388726345,-0.11625193217186776,0.9235463065508217,0.8966835620687277,0.6959258226299598,0.08497323673658087,0.25193332074164243,0.6448651184297399,-0.25932287434479767,-0.2975866039748789,-0.0591154051450871,-0.2919480700621497,0.035724452720321244,0.29515632897324584,-0.012003352378400722,-0.28830333784118184,-0.00971773546239507,0.00014068830379227885,-0.00971773546239507,-0.391591960019823,-0.0972654971622988,-0.09899322126484597,-0.0972654971622988,-0.1874192274755543,0.07618978313310036,0.053689975301148,0.053914829760570826,0.053689975301148,-0.39910442364979104,0.006847253450472008,-0.3638735670796091,0.6194545404861177,-0.33196705511516345,0.009456115096301877,-0.05411684995773149,0.009456115096301877,-0.3074598767556402,-0.3224162995613359,0.8319968792370681,-0.0933597824054501,0.023053902829018036,-0.22260055279668547,-0.24723597040130332,-0.2461200033789518,-0.24723597040130332,-0.01816888800486187,-0.01816888800486187,-0.21719692545572009,0.6918469444298274,-0.16161967037429184,-0.028211769615870855,0.19306906500760343,0.1918318287155103,-0.2533633829680242,-0.0063676134658950225,0.019593688434112067,-0.1767227380856384,-0.11673877697019365,0.040148781042816196,0.3787837025944135,0.11099691903320062,-0.037471630645218225,-0.041227722018943556,0.08173532019400266,0.5670748453498289,0.08916251234799623,-0.20220074045364814,0.6073507604596946,0.09240099420492345,0.10047001167951644,0.09240099420492345,-0.24054649281986057,-0.19889296872729448,-0.19889296872729448,0.31913464460930874,0.31913464460930874,0.3677882228570308,-0.24791782798764894,0.02078421056400031,0.09444099637198226,-0.241731283583068,0.06876177115034303,0.15598779528455037,0.10736693228671482,0.10739248108437646,0.10736693228671482,0.12502713338511937],[0.9912193333749324,0.9791867964341135,0.5730471858931014,0.9927342619079499,0.9969079033026176,0.9912193333749324,0.999992657525883,0.9990357048426657,0.9999742081713462,0.9528057303346554,0.9995651872435642,0.9999945073993858,-0.13824691846157675,1.0,0.9757996218667102,0.9643836737990027,0.36665225275384616,0.9998461194685911,0.9998463630856649,0.988967164148986,0.9999945256287839,0.34800742233319737,0.6813837329825637,0.9934192184524409,0.9933101003066364,0.9868850622226429,0.23716111340177626,-0.18324436096405755,0.9927716104594183,0.9928211570278804,0.178075788816805,-0.2453255385295436,0.9993555820817813,0.9994022188088687,0.36452041674990865,-0.32467206543684607,0.9987026251471893,0.9993339620383997,0.972798017095632,0.34687285594087025,0.9331632276464734,0.9990930995225873,0.9331632276464734,0.9108779601750387,0.620606705695759,0.9239033038934316,0.897075645660279,0.695633831543085,0.4142220321298208,-0.085246426865519,-0.20911878847005153,0.9244379649661406,0.3936325943979168,0.9688204722530112,0.9621111197279929,-0.07608381497331677,0.8383868952269677,0.807861820096391,0.8555613045335837,0.8015001011201451,0.7678027258390687,0.8015001011201451,0.7694944641400108,0.7686958392603324,0.7658972041012312,0.7686958392603324,0.8437726713606651,0.321335822325234,0.5365869614432175,0.6165388296440139,0.5365869614432175,0.5384687206162466,-0.36050028394619654,0.5007929544224224,-0.6582196947778514,0.4201373073347186,-0.12496991428899057,0.38034756278915915,-0.12496991428899057,-0.15489120464920222,0.819353297357849,0.831665299399937,0.8201425343411203,0.7321235511204416,0.3590140703080083,0.8217402854440383,0.8239065836255148,0.8217402854440383,0.7305392640308757,0.7305392640308757,-0.23729563572106502,0.6927847512515084,0.251128085792733,-0.6067529147618465,-0.6175963010831705,-0.6204633674282636,-0.11615482658097451,0.011193186563338633,0.35198649725479625,0.06704504701251701,-0.4490118800952659,0.09287132271626186,-0.8261039873549094,-0.13075856568221067,0.05131787135989455,0.052497651284285025,-0.5999431826117895,-0.6054048801920406,-0.06188003109541065,-0.5847668824563599,-0.842524020344599,-0.35495741729280555,-0.18255542538066188,-0.35495741729280555,-0.2772139959158314,-0.3272985147105849,-0.3272985147105849,-0.8359939428730101,-0.8359939428730101,0.3678449590727859,0.5999932857507485,0.49945308029501534,0.8072190505269281,0.7561018072377846,-0.329730990943028,0.06039377600237576,0.7622872610803486,0.7809360851202388,0.7622872610803486,-0.14465163615607096],[0.9584736246857527,0.8057378286055786,0.5413300266418206,0.959816055582537,0.9466158095617335,0.9584736246857527,0.9772707061387665,0.9757642809228906,0.9559206412764374,0.8777735010316686,0.8491900254803276,0.9772276421978447,-0.14566530278411433,0.9757996218667102,1.0,0.9969934619040883,0.393652441689695,0.9726114942765982,0.9726161649586561,0.9521762362159399,0.9756466726287119,0.340024156127652,0.6331597445572158,0.9685113228933524,0.958987795314734,0.6679119173757546,0.21611729774987853,-0.18800127271192385,0.9743992527625633,0.9739829187359963,0.16519338505833142,-0.256882146226011,0.9761684769499126,0.9593714615606436,0.33972878410557666,-0.3220594046008049,0.8538592475907918,0.9540328318539237,0.9985147071903394,0.3744785481238566,0.9062829618144059,0.9759811600507557,0.9062829618144059,0.7658546958457417,0.6119265608470784,0.5831563059294476,0.5560627134905152,0.5816755957484412,0.4146681411133268,-0.07405736846975977,-0.21117834424134047,0.8967591331007472,0.4037771865799963,0.9504360692715011,0.9260324153316993,-0.08879444734365817,0.712395665733816,0.7753189426521555,0.7918115643913193,0.7680336695674355,0.7498008176780858,0.7680336695674355,0.6942463690460975,0.7420602765275003,0.749254270370904,0.7420602765275003,0.7678829885312081,0.29852267741299904,0.5083496129131654,0.596962568754383,0.5083496129131654,0.49912505386165423,-0.3636686937578247,0.45668821715873803,-0.6565083894273789,0.38221667204413806,-0.13234266352398186,0.3587288413057695,-0.13234266352398186,-0.1529162229079073,0.7568315766470776,0.672741410322072,0.7160679861593588,0.7236066975257042,0.39245325537733206,0.7704162360530719,0.7733436970254626,0.7704162360530719,0.6978664020487177,0.6978664020487177,-0.24728361921279574,0.5338263438982465,0.251222874062297,-0.5359382420570105,-0.6005382603564473,-0.6033392040776469,-0.09834952306968527,-0.012198188526780616,0.357581744363369,0.0915634603606951,-0.38358097252833295,0.1040097104793818,-0.8103737576390152,-0.11560321626500801,0.02524905164061131,0.025993843400002273,-0.57895698641201,-0.5862205011123914,-0.04708889188786879,-0.5394965602499439,-0.8304629766128447,-0.3373944940549826,-0.16684620740360714,-0.3373944940549826,-0.26046494519336094,-0.3021203367478662,-0.3021203367478662,-0.8248250768607042,-0.8248250768607042,0.25222827339923115,0.5765089641984741,0.4908235850674748,0.7974154552648819,0.7237139638315839,-0.3066666723091221,0.05647006330094931,0.7579576904418058,0.7783892935092448,0.7579576904418058,-0.14253675693659676],[0.9487619861759459,0.7761696951784192,0.5678924686657771,0.9500916746969184,0.9293670075910826,0.9487619861759459,0.9706893053632312,0.9626190786523793,0.9375464722194082,0.8553926412528237,0.8132419283639651,0.9696247204824346,-0.12269142067866516,0.9643836737990027,0.9969934619040883,1.0,0.38810299663062264,0.9600952487913219,0.9600963956082422,0.9329366003922944,0.9641477589069051,0.35345092781066945,0.6420806190172959,0.9458367931658737,0.9456915233544507,0.6145478121399996,0.23660653236048135,-0.16340507550175287,0.9723120107939536,0.9633365006688207,0.1972999459632903,-0.2302332127498541,0.9655267496402217,0.9421111910281722,0.3630306926664607,-0.29118837900198513,0.81903806006789,0.9357918377528616,0.9968950352507949,0.3695899852684256,0.8995008157045226,0.9654683545362992,0.8995008157045226,0.7242074753307003,0.6118628387137777,0.53228249061388,0.5177360490976533,0.5768601676151817,0.407425256787748,-0.06788355101380347,-0.21586189104798217,0.8833943083918222,0.3920511582207197,0.9409172810433102,0.91007665197302,-0.09986270506667924,0.7044071887604152,0.7895379432995827,0.7899693541875583,0.7808611819709442,0.7743939157573433,0.7808611819709442,0.6897039297693793,0.7545140945949546,0.770494930455965,0.7545140945949546,0.7662351095166784,0.3383278102639544,0.537478538131773,0.6307333272557785,0.537478538131773,0.5066001368077122,-0.351896256028121,0.46838649873258625,-0.6145059006565928,0.3974503114743699,-0.09475607114122987,0.38852587302864233,-0.09475607114122987,-0.15082083710792127,0.7573954365749287,0.6607439295699495,0.7094007570120712,0.7524299150314698,0.3927605612614472,0.7728548519258372,0.7757424319662627,0.7728548519258372,0.7183042035370606,0.7183042035370606,-0.2222352803063354,0.4701916026847198,0.22377702153008214,-0.5329112347920862,-0.584987615521607,-0.5878990162525306,-0.0932012669939662,0.007417352195673202,0.3561441495024503,0.08901196975131564,-0.3823970742994865,0.10645182550309472,-0.7893727326890064,-0.10915413884865519,0.042098908093032475,0.04251671799983328,-0.5642246775724299,-0.5503809781435852,-0.04650026841038795,-0.503929488942728,-0.8058562278844544,-0.33107575934443534,-0.159356658013