var element = document.getElementById("correlationAdjClose");

if (element.style.display != 'none') {
    var correlationAdjClose = {"data": [{"type": "heatmap", "z": [[1.0, 0.9999913727206616, 0.9847608851519332, 0.9999226523501872, 0.9989242846446169, 0.9880786708460171, 0.9975777623636528, 0.99540617488398, 0.995713372855519, 0.9798770347661431, 0.9924755093526269, 0.9955471317705455, 0.9947773813368623, 0.9954590178616752, 0.9955889825103846, 0.9966368462131648, 0.9981249953304013, 0.9961540089955282, 0.99616628481863, 0.9962178746468153, 0.9954955097050532, 0.9857880546863185, 0.9698394375323187, 0.9881895735431054, 0.9870509584079074, 0.982494125982063, 0.9643336566142335, 0.9450197877606709, 0.9939339244922487, 0.9945222355695558, 0.9918367379438583, 0.9752003623053621, 0.9974887098371826, 0.9977773855458514, 0.9971790060006459, 0.9956101045671948, 0.9951879752501538, 0.9976450446139309, 0.9976959130855454, 0.9986804054243492, 0.9974317005876877, 0.9974428411547639, 0.9766823024160958, 0.9168531624143481, 0.7465829548049724, 0.9008778762698955, 0.9037844848902922, 0.8399987233995466, 0.9661384535929732, 0.9449364087634382, 0.9675016789927974, 0.9649135987399582, 0.9577828556374451, 0.9856285392654307, 0.9821997137553914, 0.9845346430861522, 0.9781620360134, 0.986356234634113, 0.9838246037694809, 0.9869735427439921, 0.9867431950430984, 0.9645857372812081, 0.9684732513173555, 0.971975034134689, 0.9716218701825218, 0.9459329347398674, 0.9761618322640383, 0.9743798018049136, 0.9824976404569367, 0.9816481933369634, 0.9367918586487228, 0.8629146743590422, 0.8305493867793079, 0.8818625723927502, 0.907448992903885, 0.9027335832030231, 0.9054440416672085, 0.9040261125823679, 0.6340970626955345, -0.5711231487532411, 0.9774756985097349, 0.9694126902217766, 0.965896068023748, 0.9853785407868355, 0.9711020902368267, 0.982110320281614, 0.9820592299865701, 0.9464303261260417, 0.9822873609671138, 0.9503598652293453, 0.648274808900512, 0.8698196580512539, 0.9163115880681756, 0.755224851612006, 0.9224901740011063, 0.9422040709138596, 0.8173733434599699, 0.958531340449732, 0.8958195661735655, 0.6415407745603611, 0.7089359081810341, 0.8917999106174666, 0.8647497719429958, 0.8886037715615009, 0.9691853755177641, 0.9693949954198374, 0.738529044357005, 0.7071067316735037, 0.8255115484493911, 0.34408946683216035, 0.7949252592824629, 0.8298524867824935, 0.8164886588023992, 0.8145497462193604, 0.7521205921797729, 0.7426244827691862, 0.7229671342162373, -0.24457486704255285, -0.38082312891345843, 0.6370469653428976, 0.8987537184882859, 0.9438528014904813, 0.948207238950075, 0.9184402248086961, 0.8282399399053502, 0.9153421130667991, 0.9370876873747045, 0.9369377450935168, 0.871331536323869, -0.1899245971608838], [0.9999913727206616, 1.0, 0.9834877037049624, 0.9997764850998053, 0.9976461375440447, 0.9904992644970072, 0.9932513059192376, 0.9891227315888799, 0.9891570485890856, 0.9687313348436453, 0.9914756978030901, 0.9893574319304294, 0.9891857475390041, 0.9892336855430166, 0.9893277846060106, 0.9938579122111327, 0.9951486894879029, 0.9924330480800391, 0.9924325359689385, 0.9892301900410341, 0.9892881285220206, 0.9883972719664105, 0.9632529893295253, 0.984840510618102, 0.9845545667997108, 0.9823392346646891, 0.9735001039740577, 0.9118774486094391, 0.987720126255449, 0.9841424817342247, 0.9760456727831782, 0.9143238619260703, 0.994808227797519, 0.9946412419772611, 0.9949241669144125, 0.9902832114795318, 0.9943742077224066, 0.9949165330419225, 0.9952137329659339, 0.9966133161011491, 0.9949094950320139, 0.9949178853039381, 0.9866194641995727, 0.9166939896378812, 0.5976920687340396, 0.9005952010116584, 0.9039569968931066, 0.8401540878592109, 0.8712508151893039, 0.9122879479902415, 0.8750217432282748, 0.8958563487321686, 0.8701847904449204, 0.9542169176314534, 0.9541236635558787, 0.9750958799446979, 0.9789073196861011, 0.9730739339732452, 0.9726652764032263, 0.9756710562619412, 0.9755834478045765, 0.9379691388560841, 0.9467403852620884, 0.9132983457393494, 0.913202422598916, 0.8126102443087841, 0.9702990972144624, 0.9725495633465269, 0.9727994022782327, 0.9722114402196155, 0.9335727271294656, 0.6604191942782938, 0.6019594810795216, 0.7530128370780942, 0.8460053575367734, 0.7761687720798085, 0.8125688080042511, 0.8108342572320577, 0.5971264431809786, -0.276554861812798, 0.9583311776595316, 0.9650243522275517, 0.9580362316803105, 0.9759732221900645, 0.955248258981431, 0.962817113590648, 0.9619087010672093, 0.9064850018148461, 0.9657174814768797, 0.9120934721776605, 0.47919155276843584, 0.8688796198273807, 0.8660486946401725, 0.27877001385347455, 0.6627159827056488, 0.7530558168264864, 0.643349802236393, 0.9572930905934209, 0.6562139787837324, -0.24094511975619748, 0.14393652039208682, 0.6242317364289217, 0.63070591000285, 0.677866616957518, 0.9589391542795461, 0.9587912212121117, -0.07575835020464876, 0.16283198575245286, 0.005111497704621755, -0.027669028353518317, 0.0003315324364469168, 0.01692907971192874, -0.014908374266151539, -0.05887236882301677, 0.36939821440732373, 0.10722355636139697, 0.057793825347898065, -0.45198363609561953, -0.48716874008074296, 0.6375878568739727, 0.7453863803501112, 0.7699365929181746, 0.82933168825448, 0.8252325065636033, 0.539793016130753, 0.7326845583852712, 0.765381332600649, 0.7640167134034411, 0.4116483952267716, 0.19780872996103588], [0.9847608851519332, 0.9834877037049624, 1.0, 0.986201270857294, 0.9929276217878007, 0.9902151230100796, 0.9906833203471735, 0.9911337437996018, 0.9943801599731555, 0.9555239887392731, 0.9970390020920235, 0.991028828839898, 0.9929607879684414, 0.9911939070123265, 0.9911195951430172, 0.9917670892058909, 0.9904898878803228, 0.9897340497793867, 0.9897022008740051, 0.9929060941892125, 0.9910644578283517, 0.9936905250189596, 0.9798511906798889, 0.990897860280098, 0.991323235184208, 0.9811869708590775, 0.9826606699819952, 0.9490897850131552, 0.9726749596853056, 0.9763411019765913, 0.9781051360935924, 0.95063687564508, 0.9879596265053523, 0.9910782917264076, 0.9893942255444991, 0.9930486393599622, 0.9948741920288627, 0.9921425344738939, 0.9874004460804391, 0.9881080879603821, 0.9882412433844056, 0.9876142159847336, 0.9907739882605475, 0.9164580437205053, 0.6872452202482102, 0.9258224100980467, 0.897248010282735, 0.7527797067403709, 0.9266827495110169, 0.9000536137887304, 0.9289021740018502, 0.9246757820165132, 0.9146043952448895, 0.9526318759462559, 0.9598902490744943, 0.9319931278491597, 0.950405029523388, 0.9550897414569791, 0.9610453916905318, 0.9556463888599055, 0.9298943015801389, 0.9002618831590455, 0.9286840999333418, 0.9251066229841117, 0.9080681875884793, 0.8657857700048768, 0.9608829480745481, 0.9388598541044928, 0.9558419528282709, 0.9343568104369656, 0.7782079827744625, 0.8042474900329559, 0.7354865792628952, 0.8256084337955153, 0.8683322816480654, 0.8663594370197287, 0.8373309315815165, 0.8511860480086237, 0.3100908628302738, -0.5705439905495167, 0.9478055741832879, 0.922702292009882, 0.9261980582836323, 0.9323839264924212, 0.9421782486875704, 0.9525270744741773, 0.9521206111654852, 0.9147289850888886, 0.9487613572954593, 0.8422708787271073, 0.6209822899373351, 0.9358377591390263, 0.9374635462875655, 0.7155204641167037, 0.9041585090853429, 0.9261707989765994, 0.802930127318201, 0.9783316213562574, 0.7783556535194168, 0.5489220109785619, 0.6486256769775568, 0.7860633639144192, 0.7904901590249258, 0.774779829674153, 0.9818972936328407, 0.9819427651419417, 0.6582325198972052, 0.642962023374585, 0.7136792145257801, 0.27620641530757883, 0.6906132818203006, 0.7115616889005136, 0.7246341342326037, 0.7078962179289575, 0.7067320534200892, 0.6699263941001667, 0.6484104984517484, -0.3174033038722327, -0.4532335583167888, 0.5937210314427974, 0.8589695044696446, 0.8938910558503306, 0.8956141914814936, 0.891682596890854, 0.7585447673881962, 0.8679811604584452, 0.8823982671088257, 0.8911367228446634, 0.7388358449525295, -0.1089478613824904], [0.9999226523501872, 0.9997764850998053, 0.986201270857294, 1.0, 0.9992281333122668, 0.9890532953099793, 0.9979114813318845, 0.9959282165989618, 0.9963214684810084, 0.9795269596564832, 0.9938621939815651, 0.9960510553040848, 0.9954906649838121, 0.9959794884582249, 0.9960895287158182, 0.9971567229579951, 0.998468132968607, 0.9966100030634574, 0.9966196148247579, 0.9967368196041715, 0.996003077293692, 0.9870659916170625, 0.9711830804893129, 0.9892893619704872, 0.9882624189510963, 0.9847551225040154, 0.9664510215060691, 0.9462235025523854, 0.9933943031220407, 0.9941724294635101, 0.9919378553623842, 0.9748475873057564, 0.9976458849864765, 0.9980756644199025, 0.9974897503114208, 0.9961770209236738, 0.9959568040578481, 0.9979832892580219, 0.9978082237854714, 0.9988255413716075, 0.9975802911394844, 0.997588367115098, 0.9785249685486056, 0.9124605338200036, 0.740168967460106, 0.901651456930207, 0.9014544112836392, 0.829662705546967, 0.9632071735556694, 0.941493497868748, 0.9644612817702692, 0.9622335899405382, 0.9548946770173625, 0.9835472446268915, 0.9806600348053915, 0.9827947579249292, 0.9765038978917594, 0.9848031331488316, 0.9829832286646919, 0.9853405159421444, 0.9851045199297467, 0.9512840185069895, 0.9668272541881312, 0.9702446642643656, 0.9698903725855447, 0.9393304424692055, 0.9755000640776137, 0.9708219693128485, 0.9807451426561078, 0.9798535131211878, 0.9098102377786194, 0.8608142737853747, 0.8257694868399958, 0.8794889900842568, 0.9039018133591419, 0.9018521509736146, 0.9024222134238292, 0.9010681332149468, 0.5299371576434142, -0.5711329449898608, 0.9762780470283651, 0.9673028871749108, 0.9637727620871633, 0.983642080719128, 0.9699720986075342, 0.9810360419643805, 0.9809820202607578, 0.945346395014649, 0.980513393746937, 0.9302745444007211, 0.6538062065568921, 0.8780313887403987, 0.920841868729697, 0.7567821461695968, 0.9242289122664259, 0.9436861252050626, 0.8177076371958234, 0.9600326876393318, 0.8896758226222709, 0.6382208783463588, 0.7071594643008143, 0.8867278520243567, 0.8612056254723337, 0.883202425478011, 0.9702742754274697, 0.9704922877766621, 0.737565212279802, 0.7073996391913415, 0.8175880396294575, 0.34619248264507374, 0.7893189239504829, 0.8216437694561147, 0.808353721555797, 0.8092690270050854, 0.7549800327837735, 0.7426968346323599, 0.7231083878293516, -0.23996008783597556, -0.38007889579920484, 0.6354106815030935, 0.8968518401154417, 0.9420806392230915, 0.9464791212534923, 0.9173245052898263, 0.8254359315765475, 0.9133832927547816, 0.9348958985602422, 0.934902408940157, 0.8636886188512556, -0.18257957068439212], [0.9989242846446169, 0.9976461375440447, 0.9929276217878007, 0.9992281333122668, 1.0, 0.991923892689295, 0.9990528174219745, 0.9983126204231169, 0.9983697371606177, 0.9732245429436961, 0.9977044832278816, 0.9983574292575205, 0.9981548079666789, 0.9983467484773382, 0.9984132890540889, 0.998673042512142, 0.9992087798787297, 0.9987298084470217, 0.9987298291599914, 0.9984303852272143, 0.9983423833585137, 0.9937445684612775, 0.9787998366162421, 0.9939077931697436, 0.9938396619311138, 0.9882655287020924, 0.9804735400809385, 0.9495608128807138, 0.9898965840249591, 0.9923900608099332, 0.9895416192315868, 0.965792000292105, 0.9989405839502272, 0.9989761198737289, 0.9989730365110954, 0.998454590660033, 0.9985387960373557, 0.9990743423537926, 0.9991263490938174, 0.9991397393238666, 0.9989263696417531, 0.998926933792382, 0.988911977921513, 0.9221111377428433, 0.7153343087553321, 0.9166441925819071, 0.9055518992325163, 0.8115981095058634, 0.9469478056727749, 0.9296947782765747, 0.9508544773559143, 0.9535341267815586, 0.9457188727640163, 0.9796115760190959, 0.9795490229366172, 0.978668191088021, 0.9703217640039611, 0.9796467049901486, 0.9785116089120641, 0.979961062723196, 0.9796700218753747, 0.9528905976764012, 0.956452476818517, 0.9514155286958315, 0.9509416384477615, 0.9059343016257346, 0.9724032182672405, 0.9690170814436316, 0.9757829228276822, 0.9748115138156757, 0.9319131622884733, 0.8358727299017115, 0.7904884572006953, 0.8614014140769009, 0.9064279459784611, 0.8873072371707026, 0.8960792136837001, 0.8947660671291405, 0.6873864946301791, -0.5935767846063176, 0.968909539936054, 0.9550567132747787, 0.9527856648526186, 0.9797944575752232, 0.9585923993140901, 0.973285576979983, 0.9727977219905427, 0.9344803424239764, 0.9752992319466365, 0.9385505806845869, 0.6401344995542813, 0.8990402598851478, 0.9423217654201758, 0.7064978655500712, 0.9022469964898647, 0.9277541804168393, 0.8113622525386427, 0.9659640706556236, 0.8798989071912038, 0.48468285051011034, 0.6389073506734645, 0.8675154513075626, 0.823789261706555, 0.869608433285708, 0.9745056075376829, 0.974673035715518, 0.6906826537114884, 0.6877372535626481, 0.7346597512704753, 0.3207003426876945, 0.6724888324601453, 0.7405405467240755, 0.7166418252524407, 0.6960690229322055, 0.7386514472241934, 0.7250244871881026, 0.7044634341627404, -0.4618075690603953, -0.53884320631901, 0.6243144377797752, 0.8893878372277053, 0.9261418137268516, 0.9379093242567064, 0.9134899283284499, 0.8016461251997712, 0.8957348520665017, 0.9191270104054208, 0.9186704606240877, 0.7971409839169901, 0.03337467452346821], [0.9880786708460171, 0.9904992644970072, 0.9902151230100796, 0.9890532953099793, 0.991923892689295, 1.0, 0.9882963963366116, 0.9884300871602327, 0.9880009544276174, 0.9637748026687063, 0.9796151872583351, 0.9883696275160103, 0.9895588930571628, 0.9884914347484438, 0.9886310214849496, 0.9915491446483463, 0.9895997445065722, 0.9892920213306495, 0.9892850147871273, 0.9872960731404403, 0.9884286519350105, 0.9960907315551226, 0.9915252491694424, 0.9884357239834014, 0.9882933014133038, 0.9706389251029224, 0.985253566943044, 0.9672887884930061, 0.9716274306809367, 0.9759300329599858, 0.9838938208681988, 0.9705917814224929, 0.9882099085648431, 0.9884148711407675, 0.9892151627081369, 0.9893032213271169, 0.9819428378205549, 0.989217789969558, 0.9886396505315437, 0.9888229107490941, 0.9883129461223938, 0.9883187276436105, 0.994818507963153, 0.874773429662066, 0.7174946287677808, 0.8782454435208692, 0.89914613321328, 0.83131620083831, 0.9315193242324824, 0.9114588237797251, 0.9334206852375055, 0.9415040679326033, 0.9290973650514831, 0.9609423256954902, 0.9655314949224969, 0.9681644579607165, 0.9807438160232528, 0.9692653785692961, 0.9812111509559309, 0.9691199668612485, 0.9685457815836626, 0.9686133044275929, 0.960262080072115, 0.9432032242154721, 0.9426674097912925, 0.9312312549209549, 0.9787528508456423, 0.9710750372798912, 0.9695248989925402, 0.9678983055415724, 0.9508829368970222, 0.8593769812165125, 0.8114686828783996, 0.8798429070606927, 0.8981000368363108, 0.9056791077921877, 0.8884812437992139, 0.8863691745174846, 0.6539004777572404, -0.5334864688038878, 0.9751814734412713, 0.9718582129414924, 0.9683030366415394, 0.9692664520249246, 0.9659456402909561, 0.9752468229823308, 0.9748828167712439, 0.9564403222554095, 0.964716598419563, 0.9558091018068416, 0.6559549825808983, 0.8436098932193288, 0.9392289767011318, 0.7544740637295309, 0.914454048874729, 0.9320830137318815, 0.8124349225350634, 0.9563793646283543, 0.845435241493383, 0.5842738424235121, 0.6805780064696128, 0.8430587858119892, 0.8212925511340455, 0.8407923071668303, 0.9584793535642107, 0.9585645380073794, 0.6997696980917654, 0.6867742834623205, 0.7612997033299964, 0.34609581234551184, 0.7410596966387035, 0.7670715098421975, 0.7531824325701377, 0.755057536628347, 0.7422232272886619, 0.7131837201185165, 0.6957195109194638, -0.27025489181592716, -0.39807943019637576, 0.6622930430671382, 0.8816910557390857, 0.8999350121048446, 0.9083960012264272, 0.8967247069089976, 0.7988258525423524, 0.8686616466657944, 0.8913357166637014, 0.8914358204631158, 0.8351404128384002, -0.15313481940921608], [0.9975777623636528, 0.9932513059192376, 0.9906833203471735, 0.9979114813318845, 0.9990528174219745, 0.9882963963366116, 1.0, 0.9971940695539926, 0.9995374117457488, 0.9728138722938398, 0.9994407015934692, 0.9981661373680865, 0.9990782524671733, 0.9990400610106004, 0.9988205272502823, 0.9981882324566721, 0.9999029020049782, 0.9992693927656133, 0.9992746747579409, 0.9996578283300975, 0.9992381473551042, 0.9907002459375218, 0.974987209917681, 0.9842808522820566, 0.9926144221736052, 0.9875083025543425, 0.9721572654930563, 0.9446586142178086, 0.9921408591523417, 0.9917837524703815, 0.9930782310542083, 0.9718779265491525, 0.9988494985898582, 0.9998221995428084, 0.9996603894794289, 0.9994042986495707, 0.9996709067781056, 0.9998529851284091, 0.9979522093984465, 0.9996815210223304, 0.9992872884111288, 0.998901263169099, 0.9829746794721427, 0.9284816827488473, 0.7311612672604467, 0.9297933292972471, 0.916367724148656, 0.8038245423008414, 0.9583254749745339, 0.9409112179309395, 0.9603925748656194, 0.9579379982907598, 0.9513944722411025, 0.9817387490525048, 0.9800064574045274, 0.9415487311397667, 0.9566069322712358, 0.9695108486434258, 0.9698515761338313, 0.9712951555686561, 0.9417284622307783, 0.8926413771850903, 0.9466472435721663, 0.9558185389194173, 0.9327274789952456, 0.8790930622606221, 0.9615059289351008, 0.931537972119358, 0.9632005873071411, 0.9419015619265246, 0.7417571663031003, 0.8304858689597723, 0.7581020007185205, 0.8479499291601424, 0.874431281927418, 0.8784097077325502, 0.8575804606696307, 0.8700430084192667, 0.26484278537762995, -0.6057285064014926, 0.9593537222891226, 0.9386237389945101, 0.9383841687240484, 0.9437927495819931, 0.9556771458237456, 0.9670603417053842, 0.9671062382336143, 0.9247876732077173, 0.9632353427637739, 0.8257107940381105, 0.635189446276811, 0.8995243259608552, 0.9207933594150761, 0.7455884876432642, 0.9214820344918228, 0.9421416923086527, 0.8119320175998633, 0.9654918035189956, 0.831137527189337, 0.6264006356777733, 0.6972190858939301, 0.8437344681699936, 0.8398591292546351, 0.8296167601889831, 0.9746283481697188, 0.9748580125522778, 0.7237490753222462, 0.6842620751577424, 0.7828961830774805, 0.3158537112312352, 0.7662650787416253, 0.792111518941009, 0.7824705882195796, 0.7884037319813738, 0.7344021150251779, 0.7298007685489939, 0.7084004449699015, -0.25835653463735614, -0.40569044660324205, 0.6429873255024403, 0.8911127903751327, 0.9292718990746294, 0.9445297422082598, 0.9169865523135798, 0.8236626315548026, 0.9131508496021356, 0.9349857873892863, 0.9344219695522371, 0.7747702074659111, -0.14494228860884834], [0.99540617488398, 0.9891227315888799, 0.9911337437996018, 0.9959282165989618, 0.9983126204231169, 0.9884300871602327, 0.9971940695539926, 1.0, 0.9999845344282609, 0.9669839441763649, 0.9996590805569685, 0.9999969114926972, 0.999666527287906, 0.9999978986486102, 0.9999821022573886, 0.9965472693299741, 0.9993281227418496, 0.9998904166238394, 0.9998899378695053, 0.9999576280928445, 0.9999945518120806, 0.9909383015721953, 0.9760330081403176, 0.9918778613033458, 0.9931200906427083, 0.9847042610839745, 0.9743391546377282, 0.9433569715772033, 0.9884221742104953, 0.9941939574824231, 0.9917191867586836, 0.9685097684025982, 0.999430693578042, 0.9994968587465693, 0.9996193823931458, 0.9996929139698048, 0.9988254808035262, 0.9994199169673851, 0.999123472252427, 0.9985773712938707, 0.9995003070782935, 0.9993631768059938, 0.9844418445687708, 0.9286330677389544, 0.7179802777065206, 0.9357179048409532, 0.9138269238067381, 0.7826625450549902, 0.9567630776370443, 0.9359839684822041, 0.9584144025424438, 0.9515084863431583, 0.9448857015051542, 0.9797404555454184, 0.9767686819072555, 0.9358482214746344, 0.9508115947720651, 0.9617224559145446, 0.9658801896792414, 0.9639940877813258, 0.9397586258870607, 0.8820632607498792, 0.9405868611047691, 0.947928123437186, 0.9266491027589413, 0.8639350149625875, 0.9579570307817443, 0.9241493923444618, 0.9566755082177593, 0.9365913021717559, 0.7254399705074185, 0.8204263618991808, 0.7530679038309941, 0.8378856589586076, 0.8655494823271358, 0.8723612982090313, 0.8523594203605772, 0.8618868282430181, 0.2441279671218213, -0.6115112420739723, 0.9539391619143902, 0.929040333651009, 0.930179201492881, 0.9415698453223941, 0.9496239634786402, 0.9617816895195953, 0.9618235743917991, 0.9177094799645596, 0.9549402150217416, 0.8109213845557572, 0.6305201475082725, 0.9195535831889508, 0.9332429437082681, 0.7400992727709028, 0.92079117596129, 0.9417388793037837, 0.8091736158195243, 0.9701853938121894, 0.834925501050715, 0.6120852182467421, 0.6877296172122496, 0.8450376923530577, 0.8368185972165516, 0.8330469846162732, 0.9776208150883625, 0.9778556661902615, 0.7135794727044742, 0.6752741154787866, 0.7848914107485193, 0.30097224048977267, 0.7610408232076468, 0.7877641430651652, 0.783764476001488, 0.7828502433134585, 0.7270398831292421, 0.7233615269519916, 0.7012779785400284, -0.27548824770389946, -0.4218658729635091, 0.6247674303795003, 0.8825915178169003, 0.927009354175041, 0.936794951419057, 0.9106019000217509, 0.8121633752568507, 0.9066129772203861, 0.9286533771219245, 0.9283448584080545, 0.7544574353463401, -0.12692402635171646], [0.995713372855519, 0.9891570485890856, 0.9943801599731555, 0.9963214684810084, 0.9983697371606177, 0.9880009544276174, 0.9995374117457488, 0.9999845344282609, 1.0, 0.9663005103360249, 0.9996580806050347, 0.9999815460384686, 0.9998394641089681, 0.9999900996117366, 0.999996494543321, 0.9990030258370971, 0.9993171182233026, 0.9998287158387278, 0.9998277075267695, 0.9999670888943208, 0.9999825035601607, 0.9938206556217927, 0.9773165998391311, 0.9951638311443449, 0.995306126814666, 0.9846691612192108, 0.97861005428681, 0.9444407043941015, 0.9889761816519237, 0.9932854295639869, 0.9887418868732815, 0.964006638019622, 0.9993555100572055, 0.9994364309222535, 0.9994397373815901, 0.9998414376129356, 0.9988355459236157, 0.9994077711928476, 0.9993485256143773, 0.9985868268043577, 0.9993502489903318, 0.9993443722231202, 0.9888829512024814, 0.9287888302830875, 0.7186993949902581, 0.935605790588916, 0.9137660105827055, 0.7828865285613158, 0.943787704253751, 0.9247815075922066, 0.9472189667244456, 0.9489202065946093, 0.9421196206005148, 0.977323127900702, 0.9768529786453595, 0.9675820121378571, 0.9512145583730153, 0.9684826245586978, 0.9659600674413641, 0.9688929120695712, 0.9685551914938032, 0.9396335073727806, 0.9398507227994788, 0.9403315407173817, 0.9399176651257574, 0.89342579237923, 0.9583050203581523, 0.958996557457318, 0.9651848376286548, 0.9639984072762912, 0.9182516811619498, 0.819728062162324, 0.768328826441324, 0.8370131677630253, 0.8869617671832224, 0.8706973256223077, 0.8782672452387149, 0.8772180233954711, 0.6327038103813325, -0.6273267094915522, 0.9538672685809965, 0.9290746526945933, 0.9303022564860244, 0.9689461284893639, 0.9442346253891446, 0.9613067356599435, 0.9607884217163798, 0.918586079865142, 0.9635839408149921, 0.9229890595428878, 0.6288368677140358, 0.9190540862184674, 0.9471550516358395, 0.7154207002897676, 0.9075292519444169, 0.9323898158869961, 0.8082798922878061, 0.9689228894391895, 0.8866178933181217, 0.5149820175818597, 0.6558829311376111, 0.8748295089231248, 0.8318501073448515, 0.8774398243785948, 0.9775425732450874, 0.9778079263612097, 0.7114871554957479, 0.6722957698674422, 0.7508180586951021, 0.2987529902189334, 0.6905348492482254, 0.7563439842297874, 0.7343734906514696, 0.7147707369257367, 0.7244559983477707, 0.7201752462198538, 0.6980478930065923, -0.5111253869814057, -0.5893581938728758, 0.624918773596056, 0.8814899194158821, 0.925784148256409, 0.938414900463381, 0.9096681450731894, 0.8072949654302163, 0.8960683342644522, 0.9188127603898939, 0.9182488878437004, 0.8068189144042107, 0.10625227121878743], [0.9798770347661431, 0.9687313348436453, 0.9555239887392731, 0.9795269596564832, 0.9732245429436961, 0.9637748026687063, 0.9728138722938398, 0.9669839441763649, 0.9663005103360249, 1.0, 0.9534702237059154, 0.9673708014629986, 0.9663122937204194, 0.9671029043263769, 0.9666574274346212, 0.9679011524026242, 0.9749578421212685, 0.971369812986961, 0.9713835400263755, 0.9671546860386844, 0.9672265183889728, 0.9663603124152377, 0.9538910330060264, 0.9737573857985964, 0.9716709584825716, 0.9012689230138445, 0.9697947120629504, 0.9529343647790786, 0.97680960270727, 0.9710029318510657, 0.97104331168017, 0.9378686653221646, 0.9751472477689282, 0.9747251215303248, 0.975167053406179, 0.9675863050586877, 0.9609412963911371, 0.9741684973481054, 0.9749423571615388, 0.9775868532818517, 0.9753264859033265, 0.9753440889826707, 0.956244522078851, 0.8471056967676885, 0.538279224208592, 0.8041773707521999, 0.8938152401674077, 0.8745387081701697, 0.9029444179671104, 0.8345961795740421, 0.907379847550078, 0.9178198726255783, 0.904506146521227, 0.9353257508670528, 0.9351869877292772, 0.9452872018395744, 0.9373700727839663, 0.9552235848149062, 0.9491375322863018, 0.9536478974405582, 0.9536698726809866, 0.9130130325238921, 0.9541414989344779, 0.9399860507802015, 0.9396875588072429, 0.8640462619436879, 0.9372163581832241, 0.9448092812320423, 0.9384940279660364, 0.9374330247519577, 0.8885747128099437, 0.8277399034704568, 0.7854535553242713, 0.8696216591393102, 0.919063534685302, 0.8920416733773041, 0.9056149091119164, 0.9049184330953675, 0.7241277420004315, -0.3190607699493079, 0.9541337276910294, 0.9552834733413076, 0.9473320090481132, 0.9470031523661087, 0.9323956864096025, 0.9553713822997477, 0.9553082003238497, 0.9036434663370108, 0.9572823200615291, 0.9083349977974575, 0.7270145682144107, 0.7106451113719817, 0.8706600325786276, 0.6397697421449328, 0.859522478920016, 0.8945841832768114, 0.8780906714892188, 0.9516752225644982, 0.9069230060252687, 0.40336372807952786, 0.6590783617503159, 0.8993215554548766, 0.8774393547737717, 0.9060853092116209, 0.9519119063417346, 0.9522393327356914, 0.5447339529802785, 0.7101904613335047, 0.6205693079486871, 0.4912158732586578, 0.5798778000841025, 0.6348199195247733, 0.5959671396729216, 0.5701125265020712, 0.8131335515737447, 0.6905058553408616, 0.6553454393150192, -0.28813669854977586, -0.33851967972442376, 0.7520221695865824, 0.9175461643459906, 0.9243872650018257, 0.9129621748878579, 0.9425395867513794, 0.6674149554626617, 0.8458787838762285, 0.9108286887616124, 0.9099889373460687, 0.6928420712821362, -0.16517172433381389], [0.9924755093526269, 0.9914756978030901, 0.9970390020920235, 0.9938621939815651, 0.9977044832278816, 0.9796151872583351, 0.9994407015934692, 0.9996590805569685, 0.9996580806050347, 0.9534702237059154, 1.0, 0.9996859558282402, 0.9996648657829104, 0.9996728489267745, 0.9996792882696973, 0.9994434675627676, 0.9991447424052462, 0.9999569686290025, 0.9999564773565474, 0.9996718082485726, 0.9996797314060579, 0.9904714213312297, 0.9591600464170879, 0.9915086302371023, 0.9926081547203777, 0.9889119677505671, 0.9713935807339347, 0.8990173499064847, 0.9886537278064496, 0.9924931975925937, 0.9732189944534599, 0.9000394101940791, 0.9991748968620288, 0.9992410901736427, 0.9991773207317352, 0.9994624910916203, 0.999418994049681, 0.9992005506420385, 0.999069380719012, 0.9978721092736936, 0.9991478805806192, 0.9991432998125415, 0.9898185849309932, 0.9227752440127437, 0.5621739311358396, 0.9311844532051274, 0.912903493658202, 0.7869479377913227, 0.8567565441521773, 0.8938963536033242, 0.8621204518822752, 0.8757673551423466, 0.8538323192498207, 0.9508394242876709, 0.9507715659868652, 0.9521774508345562, 0.95440601789924, 0.9442614616094795, 0.94620707034771, 0.9485440711568178, 0.9483507876825259, 0.9000152381410892, 0.9114053927891053, 0.8709642078691531, 0.8707911472253658, 0.7549737849031205, 0.9483880535051121, 0.951701658884515, 0.9518674070654274, 0.9511742916150763, 0.9012437625442279, 0.6091528835783214, 0.5468693956051593, 0.7020036696998142, 0.8026265121548919, 0.7308825640570019, 0.7685540280315144, 0.7673789518590692, 0.5392335340646902, -0.3987415274361224, 0.9232888265691707, 0.932990795113539, 0.9229651167212127, 0.9535840922867194, 0.9197908080850995, 0.9290590823833815, 0.9278504352643359, 0.8613270060892501, 0.9332630031050353, 0.8685670520734751, 0.5249554886608561, 0.9156533852010976, 0.9101451674450867, 0.31701515324482904, 0.6977557840039554, 0.7797339563561748, 0.65478469888291, 0.9716530031323537, 0.6667082769240598, -0.1848318993224889, 0.1907672885276642, 0.6394662725981127, 0.6436399123830298, 0.6856944597678307, 0.9729227444028211, 0.9729775568729936, -0.01564723042164305, 0.21361895179072052, 0.06702457590904856, 0.033168428836332156, 0.05996465174973251, 0.07914493966770823, 0.04616426259779567, -0.0037487209775199943, 0.4178277418479516, 0.14853754748265033, 0.09608897323307836, -0.5205756355053235, -0.5552359968559029, 0.6249718358878161, 0.7394215326206021, 0.7642683385544621, 0.8265375152079154, 0.824747113140309, 0.5211599046395333, 0.7244098353975942, 0.7597720426126878, 0.7584965870968364, 0.4041523834794607, 0.24811061910055493], [0.9955471317705455, 0.9893574319304294, 0.991028828839898, 0.9960510553040848, 0.9983574292575205, 0.9883696275160103, 0.9981661373680865, 0.9999969114926972, 0.9999815460384686, 0.9673708014629986, 0.9996859558282402, 1.0, 0.9996511914994061, 0.9999976578829463, 0.9999846889427801, 0.9971721620420131, 0.9993778159070866, 0.9999014557868647, 0.9999011699804928, 0.9999653481121701, 0.999994996403374, 0.9908487114579563, 0.9759099490937243, 0.9925345750201471, 0.9930822750313445, 0.9848948721079316, 0.9741748805704575, 0.943378087590322, 0.989310184771551, 0.9942511946274498, 0.9917934940337377, 0.9686565116715324, 0.9994731038526342, 0.99954054067829, 0.9996525924503263, 0.9996947192485371, 0.9989124365605903, 0.9994648994913801, 0.9991624822515445, 0.998657026574681, 0.9995439183127625, 0.9994065463484959, 0.9842504049583952, 0.92892675341696, 0.7187009153339649, 0.9356553689209582, 0.9140893807748612, 0.7838235409340769, 0.957093118703875, 0.9363993222399657, 0.9587523677207481, 0.9518845923850018, 0.945288362818274, 0.9799814662818552, 0.9769562409225773, 0.936180795759565, 0.9510213212568206, 0.9620459124358437, 0.9660446912047338, 0.9643105512794339, 0.9400331285286553, 0.8822844656755838, 0.9408982054142403, 0.9483708583178247, 0.9271010282598482, 0.8644079911367029, 0.9580661007908943, 0.9243963137078456, 0.9569250495757796, 0.9369023547290904, 0.725589904845179, 0.8209473510778744, 0.7536430055687005, 0.8383940481219696, 0.8659327100046085, 0.8726609468500046, 0.8528026035998509, 0.8623505260841201, 0.24450470564165797, -0.6113937209249591, 0.9541850506203043, 0.9294753986790811, 0.9305367473620475, 0.9418280934666555, 0.9498865045599573, 0.9620312305264056, 0.9620739628438026, 0.9179593947864363, 0.9552887606381669, 0.8112091276211437, 0.6307322262551441, 0.9186479116286081, 0.9327000791255438, 0.7403678350788203, 0.9208448369362298, 0.941791035512508, 0.8094665387271208, 0.9700148163051721, 0.8353689557663825, 0.6131004039247159, 0.6884263656896706, 0.8455031680556321, 0.8373511001406648, 0.8334740078468488, 0.9775363945479945, 0.9777711060245303, 0.7142447306178669, 0.6758999052846677, 0.7854618212628968, 0.30184693370235594, 0.7617291955242337, 0.7884396121869398, 0.7843402809004926, 0.7835549928870866, 0.727450543513542, 0.723821243492728, 0.7017661816854027, -0.2744522807789749, -0.4209276295483599, 0.6253675184032905, 0.8831079840619099, 0.9274225989278778, 0.9372984429619285, 0.9110526370968384, 0.8127165901654557, 0.9071612319534289, 0.9291887362503194, 0.9288666020637325, 0.755128289018746, -0.12799427175756356], [0.9947773813368623, 0.9891857475390041, 0.9929607879684414, 0.9954906649838121, 0.9981548079666789, 0.9895588930571628, 0.9990782524671733, 0.999666527287906, 0.9998394641089681, 0.9663122937204194, 0.9996648657829104, 0.9996511914994061, 1.0, 0.99968784401818, 0.9996743588126825, 0.9991343820971251, 0.9989344147059006, 0.9994804532129817, 0.999473293275681, 0.9996689247531948, 0.9996428188162947, 0.9928414207661433, 0.9775439415454221, 0.9958493683781902, 0.9957375112851907, 0.9847405027464576, 0.9769924851422184, 0.9458751646075898, 0.9884187683520091, 0.9922426457337641, 0.9908412913488625, 0.9662507231566697, 0.9987673183286271, 0.9990782159687017, 0.999269060239542, 0.999919301328283, 0.998860335182681, 0.9990565357224351, 0.9986072860738735, 0.9979740143307192, 0.9987601143134283, 0.9986867193715272, 0.98824740013779, 0.9288817975808193, 0.7144401085383502, 0.9357566538309896, 0.9139825989849847, 0.7831245790111958, 0.9525102196318336, 0.9294758057511187, 0.9535564881466029, 0.9483772100464929, 0.9411786985682248, 0.9764128168375672, 0.9748303218837179, 0.9593777974620776, 0.950707375296883, 0.9623362080864631, 0.965350355735103, 0.9641452225341207, 0.9634454896616544, 0.8863771986300834, 0.9379880776331037, 0.9467620122803109, 0.946449357150389, 0.8626515483756123, 0.958401316177343, 0.9360445783549493, 0.9588108188195114, 0.9574600985666761, 0.7301518300304268, 0.8179453872687998, 0.7798443163776265, 0.8360523482974672, 0.8673893535720311, 0.8717958192601775, 0.8610578345629112, 0.8614041820723257, 0.22931141949707248, -0.6058895767120385, 0.9533232686640722, 0.9291693492371194, 0.9294844786732532, 0.9621662790503559, 0.9493222474065519, 0.9608438875821559, 0.9608386934640176, 0.9177898243557017, 0.9556299918980827, 0.8178899177955009, 0.6311680284755645, 0.9191695943226875, 0.9334547530682291, 0.7376491362242653, 0.9189697129158029, 0.9402091480558938, 0.8103936465676358, 0.9726477718734503, 0.8295190207974683, 0.6047301315630416, 0.6838401539286406, 0.8366670831863986, 0.8320102371881236, 0.8253945602495534, 0.9794160326840495, 0.9796102632875663, 0.7050599565392751, 0.670493013822877, 0.7648681961624682, 0.30155261350908497, 0.7517335626365192, 0.7771072819621724, 0.7536713286562751, 0.7724840775907774, 0.7251795206662737, 0.7136965542589436, 0.6919032980436007, -0.2811194978616101, -0.4260022461054597, 0.6249493562060987, 0.8808573181946665, 0.9287400601774255, 0.9326828372827551, 0.9102014135790133, 0.8048556580365865, 0.9007740156210107, 0.9220340565020935, 0.9223873701575273, 0.7488098108095603, -0.12630077456439112], [0.9954590178616752, 0.9892336855430166, 0.9911939070123265, 0.9959794884582249, 0.9983467484773382, 0.9884914347484438, 0.9990400610106004, 0.9999978986486102, 0.9999900996117366, 0.9671029043263769, 0.9996728489267745, 0.9999976578829463, 0.99968784401818, 1.0, 0.9999887878788025, 0.9986683064155154, 0.9993476504158546, 0.999893932475144, 0.9998931358668925, 0.9999594750466533, 0.9999924665221315, 0.9909781947937334, 0.9760878523532568, 0.9943605343023376, 0.9941978238871705, 0.9848168384800511, 0.9743846178637268, 0.9435374719740094, 0.9917719153857851, 0.9945580607956055, 0.9916625265360919, 0.9684088385060914, 0.9994460012257184, 0.9995010697179844, 0.9996290515864842, 0.9997111900469353, 0.9988659408970119, 0.9994301968957038, 0.9991885232341765, 0.9985987547377432, 0.9995133991250894, 0.9993793565959724, 0.9844261329344123, 0.928735849133388, 0.7180530035989293, 0.9357350181318449, 0.914015851802558, 0.7832096720370328, 0.9568672873032388, 0.9361527163092069, 0.9585544630704596, 0.9514704449922515, 0.9448216562809835, 0.9797853904334403, 0.9767280317260462, 0.9361958174268545, 0.9509323712508395, 0.9619159132324133, 0.9659509149616883, 0.9641712273158863, 0.9394833540948939, 0.8822995901171867, 0.9404404976357046, 0.9480021550522207, 0.9268997438923171, 0.8640709712410748, 0.9581194817441467, 0.9245566821790001, 0.9569132304745646, 0.9369561325179552, 0.72582969071909, 0.8203747101987834, 0.7533680668375019, 0.8378796331382699, 0.8657375033253802, 0.8723348865954255, 0.8525321149668442, 0.862076536486206, 0.24449510098391183, -0.611216076637743, 0.954008618118569, 0.9292508373443661, 0.9303542984141446, 0.9397311149730608, 0.9498164201530868, 0.9618582806712384, 0.9618968108912074, 0.9178892332922084, 0.9551338093997479, 0.8112165584183422, 0.6305670232112497, 0.9191224506126529, 0.9330987993968016, 0.7400350247226473, 0.9206656919167764, 0.9416408714046172, 0.8091776485193436, 0.9702035967243141, 0.8349856531217547, 0.611955170235032, 0.6876240835333397, 0.8450821797790496, 0.8369789363579718, 0.8331004742408952, 0.9776723657022643, 0.9779035575293434, 0.7131282977477033, 0.67487355001376, 0.7848947617391825, 0.3012832654633247, 0.7610345232264734, 0.78770096165933, 0.7839577741691918, 0.7827631399315539, 0.7269427065504876, 0.7225441308720892, 0.7004960380375499, -0.27527950876516877, -0.4216531990316639, 0.6251087847275654, 0.8825192399929177, 0.9271658378727927, 0.9368699996394463, 0.9106655279570333, 0.8119759822524417, 0.9068576205630421, 0.9287240859866276, 0.9285330302467587, 0.7545874018105295, -0.12723629043945892], [0.9955889825103846, 0.9893277846060106, 0.9911195951430172, 0.9960895287158182, 0.9984132890540889, 0.9886310214849496, 0.9988205272502823, 0.9999821022573886, 0.999996494543321, 0.9666574274346212, 0.9996792882696973, 0.9999846889427801, 0.9996743588126825, 0.9999887878788025, 1.0, 0.998669951171293, 0.9993843550995688, 0.9998901249736262, 0.999890255359099, 0.9999573517016754, 0.9999782799066718, 0.9909084212697582, 0.9761142173534529, 0.9928764405860031, 0.9928992364428303, 0.9848710826359162, 0.9741409076630462, 0.9434777164270808, 0.9918158213945254, 0.9941563425097775, 0.9915018808224444, 0.9682587546175452, 0.9994834469114632, 0.9994836352418642, 0.9996140509837906, 0.9997018973353301, 0.9988830894258067, 0.9994321220139596, 0.9992162620691069, 0.9986490689111837, 0.9995427501190354, 0.9994223785891508, 0.9842427829132794, 0.9286939533776825, 0.71865584041235, 0.9354492784852039, 0.9138498567687517, 0.7835074540852381, 0.9574227635181963, 0.9371749544862875, 0.9591616765862179, 0.9515990158074262, 0.9449401183233738, 0.9802440142124769, 0.9768691145745021, 0.9369526705504333, 0.9513558235406122, 0.9622928636926775, 0.966128846627711, 0.964555856149035, 0.940762670717921, 0.8824490635061204, 0.9400210239255612, 0.9482627374521913, 0.9276194446217693, 0.8638940168496019, 0.9585154376472943, 0.9251564393656255, 0.9574157183769746, 0.9378460299127471, 0.7255387515734265, 0.8200246512177736, 0.7542726601258148, 0.8372928825561928, 0.8656721755597027, 0.8717918702679295, 0.8529530504014262, 0.8624685418831088, 0.24371352624048567, -0.6109580665025093, 0.9540582324417642, 0.929467342319311, 0.9306120209055087, 0.942617551084098, 0.9502977627050493, 0.9619993391326922, 0.962103322489302, 0.9182656956447066, 0.9554663413482504, 0.8111049644866487, 0.6294293408688019, 0.9186467804086855, 0.9327735420010785, 0.7390231509372875, 0.9202423138837623, 0.9411647919782523, 0.8083107293277928, 0.9698385070836967, 0.8359222928327746, 0.6116285764041554, 0.6866009708726191, 0.8455626781737163, 0.8373325882474024, 0.8337951154745313, 0.9774527714017647, 0.9777182306710828, 0.7118170790416712, 0.6726464173941473, 0.7859394920279271, 0.2997324310919377, 0.7612214933372715, 0.7880435949246183, 0.7851449760632293, 0.7829285745115703, 0.7252789215474454, 0.7203645047643946, 0.6982852507069133, -0.2745038800363975, -0.42094748896828144, 0.6250754217366634, 0.8816783961565163, 0.9277532843147264, 0.937364856828622, 0.9099703406226346, 0.8121267822514223, 0.9078727331069559, 0.929299337163098, 0.9292049595007738, 0.7544686434272817, -0.1273888511525181], [0.9966368462131648, 0.9938579122111327, 0.9917670892058909, 0.9971567229579951, 0.998673042512142, 0.9915491446483463, 0.9981882324566721, 0.9965472693299741, 0.9990030258370971, 0.9679011524026242, 0.9994434675627676, 0.9971721620420131, 0.9991343820971251, 0.9986683064155154, 0.998669951171293, 1.0, 0.9990634624201278, 0.9990009682940473, 0.9989980320262681, 0.998811762583017, 0.9985642364578139, 0.9924490459181978, 0.9788180470321225, 0.9840391411416265, 0.9903386181401279, 0.990071288667465, 0.9762621064091785, 0.9506624462523953, 0.9927846227825666, 0.9929207233181415, 0.990451197892285, 0.9681706903483388, 0.9987941801497038, 0.9987134891872402, 0.9989530520082911, 0.9986873481148589, 0.999402894215656, 0.9988642091043332, 0.9989134589025838, 0.9984070424118665, 0.9986849193456697, 0.9987455801674906, 0.9833984859246541, 0.9221814304707182, 0.7231871079698423, 0.9294371939254462, 0.9162104009075465, 0.7996737216872266, 0.9603339171596129, 0.9407590607497237, 0.9624480456789196, 0.9510822398905926, 0.9430028838549493, 0.9805468794745819, 0.9760356456453831, 0.9488881005360379, 0.96