var element=document.getElementById("correlationClose");if(element.style.display!='none'){var correlationClose={"data":[{"type":"heatmap","z":[[1.0,0.9999903009234906,0.7032531422082441,0.9997543534146481,0.9982136714235216,1.0,0.9930292813174478,0.9899236812151434,0.9899236812151434,0.9935291814984073,0.9783335954688261,0.9877987754913156,0.99306105611882,0.993404758628751,0.9931040407241782,0.7116748766037804,0.6202308607146697,0.23561908950829505,0.993805285666411,0.9937971402722748,0.9859168828254972,0.9930482951114087,0.36733236606270075,0.7692662912930148,0.9836860257594583,0.9836860257594583,0.9836675984800112,0.9784432871461121,0.2957823151015875,-0.14862006698693037,0.9891737482187424,0.9891331986779044,0.24169772471646553,-0.230559964528813,0.9949762294642401,0.9953272299108288,0.86321098964124,-0.3446321632028634,0.9910648507642973,0.995374308916959,0.6898959881013633,0.2160047488486307,0.9950926197324447,0.9950879219182632,0.9950926197324447,0.9082456750575896,0.658259521935116,0.9304174638589544,0.9336406295057816,0.8551291579770313,0.381852106014082,-0.18799253165671245,0.22706336092849883,0.9525973482738829,0.3643831962772593,0.9755013488752831,0.9723527455042995,0.9816434678296563,0.9893924777030295,0.9379275084397695,0.9474694577612537,0.9498733564180487,0.938765732566192,0.9471999132136629,0.9477749130889043,0.9471999132136629,0.8999951088101874,0.9285897248199454,0.9293889518114788,0.9285897248199454,0.9333005483970859,0.8120865851632025,0.9067381406475358,0.9078435705215313,0.9067381406475358,0.738578934631268,0.4295380713314028,0.7288370986909203,-0.525176381299814,0.6347511391777306,0.6466776729045909,0.6468529011718388,0.6466776729045909,-0.07770590178780021,0.9212504614840936,0.950444998051006,0.9366418661963749,0.9392297141960224,0.2360028719561585,0.9159435184485323,0.9164378593998118,0.9159435184485323,0.9196021433642148,0.9196021433642148,-0.09284303390742654,0.6037118784005192,0.13830152269310678,-0.7122562795641242,-0.6017353978794966,-0.6057574331192148,-0.15932075628564266,0.15544312803997518,0.1912695602583262,-0.03071790826906023,-0.5915307567269491,-0.04116451871345497,-0.7976853636943607,-0.3105265284107757,0.1773391603144513,0.178764127185732,-0.5824563875842064,-0.5703894950948863,-0.2981789261144153,-0.5250795367488984,-0.8114673517907837,-0.424148592399504,-0.41671787266645477,-0.424148592399504,-0.2500802181448491,-0.37139322858655555,-0.37139322858655555,-0.7996465172871461,-0.7996465172871461,0.4601776707226253,0.631850762701991,0.8497441989817662,0.8417721721117883,0.7557869101514006,-0.34952827410457016,0.7470219663511954,0.7726900444441634,0.7729228089546323,0.7726900444441634,-0.16164288008299194],[0.9999903009234906,1.0,0.9833504551084081,0.9995522132999741,0.996242822431178,0.9999903009234906,0.9859883888609752,0.9812554143701873,0.9812554143701873,0.9858976181441336,0.9751428723359522,0.9867529059918693,0.986018087819013,0.985978698881509,0.985878977706896,0.0224988009063077,-0.07063670602232679,-0.4700306443548434,0.9889399133189718,0.9889380532304627,0.9860563765122983,0.9860605829399125,-0.19976522015312317,0.9816549249364178,0.9818571764054281,0.9818571764054281,0.9818812168586933,0.978521859489433,0.06323674685517791,0.08702536209817852,0.9831452222242993,0.983173182688752,0.7106873618427623,0.03269969566314119,0.9911751344442669,0.99118652003517,0.9917034019488318,0.986928936072115,0.9902778732504852,0.9912190054948223,-0.026499027292825085,-0.4742943691365365,0.9917449672800766,0.991744268519084,0.9917449672800766,0.9079976495071095,0.508728021309747,0.9303777064549984,0.9334290540971246,0.8546871927332541,-0.22791354079930087,-0.4689322022336405,0.856596512783455,0.8988981315966397,-0.25989021260206546,0.9443675989655368,0.9444957996190549,0.9647539846820751,0.9787013914150586,0.9582916142580438,0.9632443363932931,0.9498264671521222,0.9516386783210599,0.9526675342512338,0.9529969394035108,0.9526675342512338,0.8802702583101987,0.8561252989513599,0.857265512194156,0.8561252989513599,0.9600967807165255,0.9626780570361081,0.9600231996413627,0.9606912699163407,0.9600231996413627,0.689775786749593,0.6471066641065237,0.7221375358764073,0.7804104471698008,0.7003965747688239,0.7210475896644831,0.7220912990044808,0.7210475896644831,-0.09389777939992575,0.9290826737418242,0.9471124049479225,0.9411698686951778,0.9625959816325685,-0.3267692892206899,0.9260794370749452,0.9262087458801018,0.9260794370749452,0.9315817562196955,0.9315817562196955,-0.17601703004375435,0.6042722770424468,-0.37368671162240946,-0.8004243558182473,-0.4666728458334822,-0.4707444532452974,-0.39871430300481786,0.2935155268462667,-0.2698241603389326,-0.5160362745112453,-0.7551461882538858,-0.3702539801600941,-0.4711653584778039,-0.435532323912049,0.1463567957866378,0.14406551002448822,-0.49089305584447146,-0.4599698802757481,-0.4882497630549328,-0.5200284964006826,-0.5118160969530607,-0.4906507420838583,-0.49403620862452563,-0.4906507420838583,-0.38421799517186933,-0.5521198581566098,-0.5521198581566098,-0.5162638043834806,-0.5162638043834806,0.45834229718177266,0.3722747974218017,0.5079198696957863,0.6275772596721928,0.5301715559663391,-0.4448814177030124,0.39786610371960035,0.31659549303174056,0.31678705990539296,0.31659549303174056,0.20473373617464313],[0.7032531422082441,0.9833504551084081,1.0,0.7007767982917179,0.64499306521637,0.7032531422082441,0.6818327908986839,0.6751873813259224,0.6751873813259224,0.6365442683970165,0.6061463345147644,0.9946859540953078,0.6818452628627952,0.6785932397334198,0.6819639820890522,0.37492075233575306,0.32900775418437495,-0.2340017062199279,0.6483628182353693,0.6476068464279047,0.6183310426561176,0.6808899605346062,0.1520146279934184,0.8160405627374543,0.6648985460460379,0.6648985460460379,0.6646783056838702,0.9894119384697047,0.2702881113910425,0.0813788785152238,0.6380468046149695,0.6376884305190678,0.6067331687001964,-0.0674751709058603,0.6772268833956786,0.6297575390447389,0.6401380405100803,0.2822464616194837,0.9932783973594191,0.6268225663201067,0.35827160847644407,-0.24367875971186928,0.6942109176775513,0.6752016301318307,0.6942109176775513,0.9054332129543532,0.42476283661807335,0.9433081381736056,0.925112283008384,0.7688246111066849,0.234854239403269,-0.08060311982319866,0.05531438671475072,0.5791525309842054,-0.0806850234898972,0.62237535354654,0.6006352027590068,0.6179230061686276,0.5819990897713959,0.033856689647166996,0.8255498858564823,0.7618348285574167,0.6910080051713935,0.7673097072968416,0.7830851250120318,0.7673097072968416,0.5964047368034087,0.6878802954406631,0.7280340905084625,0.6878802954406631,0.7394195140763132,0.6993977951722576,0.7516613522914993,0.7881026048887632,0.7516613522914993,0.49551981885085616,-0.08248219170042653,0.511268052494595,0.08730613452931404,0.47776159567985416,0.2694289808776413,0.5318689365807542,0.2694289808776413,-0.12581961725944169,0.6709433208603961,0.9003872343525899,0.7319592260001855,0.7902091229909354,-0.09124529125249321,0.7028362822364483,0.7022791390727782,0.7028362822364483,0.7520563980116047,0.7520563980116047,-0.18982708929238828,0.7039903168437129,-0.17673299466490408,-0.7308005378564256,-0.4607465933300524,-0.46491248486409115,-0.4373381143057589,0.1335331913448271,0.019849767061660892,-0.3606266388683252,-0.7106927563051001,-0.18383349163773735,-0.3472702024603567,-0.2941502490913899,0.06636137960108113,0.06479897566576956,-0.5044434235328994,-0.08788995493913217,-0.27676623126108485,-0.5233841222712402,-0.23311992563697612,-0.4239933339309382,-0.3079198585357063,-0.4239933339309382,-0.43518157813584984,-0.5602009178504448,-0.5602009178504448,-0.32717614737022566,-0.32717614737022566,0.4119272733650062,0.2264903230240719,0.30351211965796754,0.5405893028734556,0.31851161114233706,-0.4002563817020759,0.000959552811328168,0.46535458954429126,0.5610066622455762,0.46535458954429126,0.011817253799584634],[0.9997543534146481,0.9995522132999741,0.7007767982917179,1.0,0.9989988837080541,0.999754353414648,0.994112799433712,0.9914272583618903,0.9914272583618903,0.9948137675224412,0.9767081649756726,0.9906201702634091,0.9941351722607227,0.9947434307126347,0.99415653771882,0.7107790797636022,0.6188740460644784,0.22143744191860212,0.9947170077364196,0.9947125053714343,0.9859478172619983,0.994116930513039,0.3588468488575508,0.7734005872535229,0.9859617406118066,0.9859617406118066,0.9859424458648128,0.9835818111712961,0.2914919200311538,-0.1544471428443806,0.9884126546825054,0.9883793568329965,0.23383629942437695,-0.23091379160998704,0.9953889383237133,0.9959366890019141,0.8329344561011749,-0.348670211316109,0.9930975951056747,0.9961883776953496,0.6884100231700466,0.2015641843159264,0.9935943299935328,0.9954207537566051,0.9935943299935328,0.9063102678600898,0.6468640162223515,0.9330489113119392,0.9308664378547445,0.8409111618744752,0.37742351063560003,-0.1923278796977439,0.22234316974126034,0.9477600018197369,0.3493803776662639,0.9712800758405951,0.9697085378276338,0.9796120793734631,0.9891538063287393,0.921197361427528,0.9427667355040074,0.9399235087946421,0.935906674511543,0.9341794679936349,0.9349301013984883,0.9341794679936349,0.8940227967776448,0.9193297896728757,0.9201862276472395,0.9193297896728757,0.9308275228272804,0.763827206992695,0.8756545043144862,0.876783289353401,0.8756545043144862,0.7326482796368514,0.182748186042272,0.7215485481975319,-0.5298221546896241,0.6311994398827637,0.38408788771942054,0.6203334064890824,0.38408788771942054,-0.08326010336456466,0.9175353766127243,0.9453778366789989,0.9311233204970354,0.9207064763616959,0.2224626279318958,0.9128478818435518,0.9134480418024449,0.9128478818435518,0.9046842647808079,0.9046842647808079,-0.09701256432310679,0.6208196792275766,0.1433038059448372,-0.7207461013794466,-0.607753371851838,-0.6116945371320839,-0.17020408027903838,0.15154072827049228,0.18521337781203515,-0.04290352466178678,-0.601907282157124,-0.04656844268778885,-0.8025025695129666,-0.31741421906256917,0.16849189208945592,0.16996550836569504,-0.5882416159589902,-0.5671084757992844,-0.29848121290117674,-0.534059685990173,-0.8124180046177382,-0.4247717649462031,-0.41788594039830934,-0.4247717649462031,-0.25742705723150616,-0.3796999747887034,-0.3796999747887034,-0.7988305305420728,-0.7988305305420728,0.45185310116767097,0.6215402217065652,0.8421108721663793,0.8344801830039787,0.7491964153004536,-0.36106357632261693,0.7384421622532387,0.7641380622860936,0.7643740526717558,0.7641380622860936,-0.14720843068578507],[0.9982136714235216,0.996242822431178,0.64499306521637,0.9989988837080541,1.0,0.9982136714235216,0.997344576079352,0.9961099868657604,0.9961099868657604,0.997554504892336,0.9708126453670247,0.996566873362732,0.9973601181108286,0.9974272436344387,0.9973819579720727,0.5978792698053873,0.47974672272214386,0.015082402755668653,0.9977178032710177,0.997716743000104,0.988303961562495,0.9973451107101571,0.00034545386458362807,0.7600272914558561,0.993114880754179,0.993114880754179,0.9930777271310262,0.9913876185156131,0.06737153337182474,-0.1383744654155419,0.9872763597565081,0.9872023748511857,-0.05853903873368076,-0.13835250800140023,0.997775911271008,0.9976970544725005,0.8285841620708154,-0.4611676941566299,0.9976847344642134,0.9980355408192462,0.562189654961651,-0.008935454949227718,0.9977203619873108,0.9977246415397539,0.9977203619873108,0.9182472149790817,0.6146160879533697,0.9411234914715669,0.9295145394874015,0.8200183843498543,-0.05938402383086956,-0.5853963647688952,-0.1473597520130596,0.9391438219715467,0.20525571449772334,0.9691030958950146,0.9691537322388915,0.9828327888663931,0.9897918582140275,0.9207097902542275,0.9268842298915121,0.930637036369219,0.924820072454751,0.9290621705537552,0.9293696345145666,0.9290621705537552,0.8730728656974543,0.8829897755928761,0.8839259418704122,0.8829897755928761,0.920956381316569,0.8469289665115941,0.9035171648628525,0.9041295426040257,0.9035171648628525,0.6987469604880481,0.6019380436874104,0.6914734552144696,-0.5328907593663877,0.6781709328513804,0.6610965408277258,0.6603392394007618,0.6610965408277258,-0.09125735144980197,0.9022701571850263,0.9251925994279777,0.9120614770709682,0.9277817276358828,0.06826725452680761,0.9010934911761845,0.9018895350497566,0.9010934911761845,0.905896230687731,0.905896230687731,-0.1330764998475491,0.664125860458202,-0.001914361216704603,-0.746064837494536,-0.6501157973732143,-0.6513821017095381,-0.19808922544332916,0.17480906773963995,-0.197698544623079,-0.2829360671140999,-0.6631025221234365,-0.39558017913028226,-0.840746022298602,-0.5797503211338328,0.1403554624507022,0.14168910096796825,-0.6114579717678504,-0.5631219197375404,-0.5597229702557931,-0.5691741765547321,-0.766922689626027,-0.6083674625841644,-0.6113305064468321,-0.6083674625841644,-0.29145930242830553,-0.4090612642930423,-0.4090612642930423,-0.7373564112414218,-0.7373564112414218,0.4396831371947418,0.606850065236033,0.8030216495889215,0.8025396929626369,0.7422857853312573,-0.4805739633667919,0.6173123590345173,0.6638438722860895,0.6640265036772858,0.6638438722860895,0.0797524949099618],[1.0,0.9999903009234906,0.7032531422082441,0.999754353414648,0.9982136714235216,1.0,0.9930292813174478,0.9899236812151434,0.9899236812151434,0.9935291814984073,0.9783335954688261,0.9877987754913156,0.99306105611882,0.993404758628751,0.9931040407241782,0.7116748766037804,0.6202308607146697,0.23561908950829505,0.993805285666411,0.9937971402722748,0.9859168828254972,0.9930482951114087,0.36733236606270075,0.7692662912930148,0.9836860257594583,0.9836860257594583,0.9836675984800112,0.9784432871461121,0.2957823151015875,-0.14862006698693037,0.9891737482187424,0.9891331986779044,0.24169772471646553,-0.230559964528813,0.9949762294642401,0.9953272299108288,0.86321098964124,-0.3446321632028634,0.9910648507642973,0.995374308916959,0.6898959881013633,0.2160047488486307,0.9950926197324447,0.9950879219182632,0.9950926197324447,0.9082456750575896,0.658259521935116,0.9304174638589544,0.9336406295057816,0.8551291579770313,0.381852106014082,-0.18799253165671245,0.22706336092849883,0.9525973482738829,0.3643831962772593,0.9755013488752831,0.9723527455042995,0.9816434678296563,0.9893924777030295,0.9379275084397695,0.9474694577612537,0.9498733564180487,0.938765732566192,0.9471999132136629,0.9477749130889043,0.9471999132136629,0.8999951088101874,0.9285897248199454,0.9293889518114788,0.9285897248199454,0.9333005483970859,0.8120865851632025,0.9067381406475358,0.9078435705215313,0.9067381406475358,0.738578934631268,0.4295380713314028,0.7288370986909203,-0.525176381299814,0.6347511391777306,0.6466776729045909,0.6468529011718388,0.6466776729045909,-0.07770590178780021,0.9212504614840936,0.950444998051006,0.9366418661963749,0.9392297141960224,0.2360028719561585,0.9159435184485323,0.9164378593998118,0.9159435184485323,0.9196021433642148,0.9196021433642148,-0.09284303390742654,0.6037118784005192,0.13830152269310678,-0.7122562795641242,-0.6017353978794966,-0.6057574331192148,-0.15932075628564266,0.15544312803997518,0.1912695602583262,-0.03071790826906023,-0.5915307567269491,-0.04116451871345497,-0.7976853636943607,-0.3105265284107757,0.1773391603144513,0.178764127185732,-0.5824563875842064,-0.5703894950948863,-0.2981789261144153,-0.5250795367488984,-0.8114673517907837,-0.424148592399504,-0.41671787266645477,-0.424148592399504,-0.2500802181448491,-0.37139322858655555,-0.37139322858655555,-0.7996465172871461,-0.7996465172871461,0.4601776707226253,0.631850762701991,0.8497441989817662,0.8417721721117883,0.7557869101514006,-0.34952827410457016,0.7470219663511954,0.7726900444441634,0.7729228089546323,0.7726900444441634,-0.16164288008299194],[0.9930292813174478,0.9859883888609752,0.6818327908986839,0.994112799433712,0.997344576079352,0.9930292813174478,1.0,0.9977147358560062,0.9977147358560062,0.99997295136954,0.9659685382997371,0.9997163371523967,0.999996882316156,0.9999882630607272,0.9999939800617301,0.8069368263195202,0.7907789652789844,0.19387855424951297,0.9998733739498714,0.9998737264102137,0.9907683660499347,0.9999970235297284,0.28453701190771946,0.7675828937531359,0.9868174038375823,0.9868174038375823,0.9881509728001466,0.9926878992010972,0.22800543989200264,-0.2027569798392354,0.9915465570939599,0.9916105195832344,0.14865120036679244,-0.27165934947917997,0.9993908190770371,0.9995106492580402,0.48072386426337743,-0.2954795167805714,0.9991940445228995,0.9994879972388525,0.7831003653064158,0.17273329921497776,0.9485959075608927,0.9991608950507411,0.9485959075608927,0.9259464019796543,0.6227968484853919,0.948482720727048,0.9288158860752249,0.7894038242082614,0.4191002618745876,-0.12945244722599475,-0.17722065191671396,0.9371331884861438,0.322748115398328,0.9697729903345716,0.9668572269470103,0.9808929070479301,0.9954395259646698,0.006888651963715362,0.8921136631283626,0.8545144648786428,0.8948325533415431,0.8497737968330016,0.8157930956453141,0.8497737968330016,0.839698309892804,0.8217881148407585,0.8110371116276848,0.8217881148407585,0.8902123386807053,0.44742615511339223,0.6385633900582268,0.688796750777497,0.6385633900582268,0.6678312635441377,-0.3264434235894112,0.6468421542356516,-0.5970543624009678,0.5664873210212922,-0.060696505647387385,0.49449897819476857,-0.060696505647387385,-0.12382803135908875,0.8691386115753926,0.8916743145700263,0.8781354729510968,0.7912792293057831,0.19311574443178597,0.8674165490503258,0.8683291025747688,0.8674165490503258,0.7975064079210419,0.7975064079210419,-0.16753693567532743,0.7033276933574483,0.2216458469886014,-0.7223155118416087,-0.6452842759741896,-0.6487757556388406,-0.20688527687046238,0.10327327492706007,0.3091543711763046,-0.06642961617919214,-0.6086333589186332,0.02188277028634446,-0.8293242850474856,-0.21251365232046276,0.10744532162061332,0.10892125779980034,-0.6280294334199006,-0.581370809451308,-0.1322417709451514,-0.6019949415035751,-0.829045261199878,-0.41448523743077065,-0.2520407282568863,-0.41448523743077065,-0.3194486597192605,-0.4152835917938535,-0.4152835917938535,-0.8209564035140624,-0.8209564035140624,0.43809459014344343,0.5939007164486289,0.5173279852440084,0.8079691610585313,0.740436563486244,-0.4059567687541056,0.07806072106660239,0.7443816609350746,0.7629253966148533,0.7443816609350746,-0.08795087728352989],[0.9899236812151434,0.9812554143701873,0.6751873813259224,0.9914272583618903,0.9961099868657604,0.9899236812151434,0.9977147358560062,1.0,1.0,0.999613391771115,0.9602016152832569,0.9989022617190891,0.9984188980496476,0.9994578538482357,0.9992353854738727,0.8034622565750101,0.7779054097319086,0.17253976524615708,0.9992591509123644,0.99926097866109,0.9883645251276885,0.9993562599449117,0.25989395310560803,0.7696789291564947,0.993377051089427,0.993377051089427,0.9865372868567567,0.9905255024978339,0.21096004918543548,-0.21536352948566034,0.9879233056948097,0.9913412673337084,0.1306007908364425,-0.2774501742156707,0.9984394720962572,0.998454345538218,0.4653440551134648,-0.30121807036502757,0.997615655304747,0.9984328197053725,0.7797197612930961,0.15105613008998303,0.9421610475207325,0.9982720022072198,0.9421610475207325,0.9240566713941514,0.6087414725707905,0.9491999945826542,0.9277492025698001,0.772442731431945,0.40693394188257215,-0.1434501607131338,-0.1885235494858729,0.9297719994999192,0.30315255900796634,0.9654562052165266,0.9622779271772253,0.9763717119075287,0.994379054612931,-0.0014399305917336294,0.8843978076472998,0.8423463094047315,0.8888987292814783,0.8386296395379441,0.8056390059469453,0.8386296395379441,0.8306890742595012,0.8073302926049304,0.7999296578696158,0.8073302926049304,0.8844127210165064,0.43146696048833716,0.62212889734913,0.6750698024300121,0.62212889734913,0.6588684249133911,-0.33935097745558457,0.6363624356931573,-0.6027655462013382,0.5612157637689646,-0.08027748761083003,0.48120506842290056,-0.08027748761083003,-0.12934538162312603,0.8623709521685613,0.8824183972236362,0.869623005110432,0.7787853110254322,0.17567222141415526,0.8612208489001315,0.8622902556753236,0.8612208489001315,0.784239409898709,0.784239409898709,-0.18062369089040867,0.7229610899106517,0.22765163625444007,-0.7310287441322878,-0.6564309876583497,-0.6597563577057426,-0.22052888808675078,0.09696582929997762,0.30208413260361944,-0.08484434518558516,-0.6202245655210183,0.012696510795826803,-0.8340046721402006,-0.21895455046293813,0.09380671213905513,0.09530697279684215,-0.6381601014961871,-0.5818948632980043,-0.13896503887838862,-0.6163280357036949,-0.8278250219500932,-0.4250753722698833,-0.2580925915229348,-0.4250753722698833,-0.3349479361973085,-0.4275131694864118,-0.4275131694864118,-0.8182620433669474,-0.8182620433669474,0.4226046110323495,0.5785822630084845,0.5000110741877981,0.791411103369815,0.728866799800458,-0.42549272317018305,0.06521331268515972,0.7262475877796778,0.7478154520948389,0.7262475877796778,-0.07132371967616055],[0.9899236812151434,0.9812554143701873,0.6751873813259224,0.9914272583618903,0.9961099868657604,0.9899236812151434,0.9977147358560062,1.0,1.0,0.999613391771115,0.9602016152832569,0.9989022617190891,0.9984188980496476,0.9994578538482357,0.9992353854738727,0.8034622565750101,0.7779054097319086,0.17253976524615708,0.9992591509123644,0.99926097866109,0.9883645251276885,0.9993562599449117,0.25989395310560803,0.7696789291564947,0.993377051089427,0.993377051089427,0.9865372868567567,0.9905255024978339,0.21096004918543548,-0.21536352948566034,0.9879233056948097,0.9913412673337084,0.1306007908364425,-0.2774501742156707,0.9984394720962572,0.998454345538218,0.4653440551134648,-0.30121807036502757,0.997615655304747,0.9984328197053725,0.7797197612930961,0.15105613008998303,0.9421610475207325,0.9982720022072198,0.9421610475207325,0.9240566713941514,0.6087414725707905,0.9491999945826542,0.9277492025698001,0.772442731431945,0.40693394188257215,-0.1434501607131338,-0.1885235494858729,0.9297719994999192,0.30315255900796634,0.9654562052165266,0.9622779271772253,0.9763717119075287,0.994379054612931,-0.0014399305917336294,0.8843978076472998,0.8423463094047315,0.8888987292814783,0.8386296395379441,0.8056390059469453,0.8386296395379441,0.8306890742595012,0.8073302926049304,0.7999296578696158,0.8073302926049304,0.8844127210165064,0.43146696048833716,0.62212889734913,0.6750698024300121,0.62212889734913,0.6588684249133911,-0.33935097745558457,0.6363624356931573,-0.6027655462013382,0.5612157637689646,-0.08027748761083003,0.48120506842290056,-0.08027748761083003,-0.12934538162312603,0.8623709521685613,0.8824183972236362,0.869623005110432,0.7787853110254322,0.17567222141415526,0.8612208489001315,0.8622902556753236,0.8612208489001315,0.784239409898709,0.784239409898709,-0.18062369089040867,0.7229610899106517,0.22765163625444007,-0.7310287441322878,-0.6564309876583497,-0.6597563577057426,-0.22052888808675078,0.09696582929997762,0.30208413260361944,-0.08484434518558516,-0.6202245655210183,0.012696510795826803,-0.8340046721402006,-0.21895455046293813,0.09380671213905513,0.09530697279684215,-0.6381601014961871,-0.5818948632980043,-0.13896503887838862,-0.6163280357036949,-0.8278250219500932,-0.4250753722698833,-0.2580925915229348,-0.4250753722698833,-0.3349479361973085,-0.4275131694864118,-0.4275131694864118,-0.8182620433669474,-0.8182620433669474,0.4226046110323495,0.5785822630084845,0.5000110741877981,0.791411103369815,0.728866799800458,-0.42549272317018305,0.06521331268515972,0.7262475877796778,0.7478154520948389,0.7262475877796778,-0.07132371967616055],[0.9935291814984073,0.9858976181441336,0.6365442683970165,0.9948137675224412,0.997554504892336,0.9935291814984073,0.99997295136954,0.999613391771115,0.999613391771115,1.0,0.965063021112249,0.9996837522216914,0.9999738712066409,0.9999731477510914,0.9999768134049127,0.6475620130450015,0.5333431191988055,0.07335338541196765,0.999832293388226,0.9998331908830622,0.9906932481073047,0.9999712924725402,0.056938602136347986,0.7489459251272412,0.9957160855281911,0.9957160855281911,0.9956785461888078,0.9925921737196817,0.055514274947191036,-0.14691578292130775,0.9909875719655135,0.9909433581844146,-0.03668031360143231,-0.23411041233073288,0.9994489515387188,0.9994080871497577,0.8313487886193128,-0.4621696593867853,0.9991379644114586,0.9994607085535462,0.613776782541525,0.049497553849050774,0.9993264661052085,0.999331675892143,0.9993264661052085,0.9256501830636685,0.6231843696147314,0.9481523522517897,0.9282594245696982,0.7889885715583836,0.03590301266125636,-0.541655166322794,-0.10763906065631366,0.9338038136120673,0.2679929284663689,0.9672043183879959,0.9668524579999029,0.9831115984633352,0.9947567893676341,0.8970790472458672,0.8928468971200297,0.9080918897789073,0.8958477132657964,0.9064572277972064,0.9069848780622201,0.9064572277972064,0.839503709523732,0.864966614222966,0.8661215681245146,0.864966614222966,0.8915331947017797,0.8131347114951661,0.8774051672287041,0.8783862384399145,0.8774051672287041,0.6679532622117392,0.536153092884138,0.6463958607854198,-0.5925182687898952,0.6163857666610127,0.5882868043922637,0.5882182340576633,0.5882868043922637,-0.07668297548988995,0.870003051694607,0.8917558013582522,0.8787166676473888,0.9048668437796327,0.10709253530772327,0.8723913405372362,0.8739491328674103,0.8723913405372362,0.8773469723732089,0.8773469723732089,-0.169033838783539,0.7041485586730095,0.02613725573275517,-0.7335405964564038,-0.677090371000903,-0.678555846638511,-0.2102969462502262,0.10674197660001089,-0.20193149110870803,-0.24822960808284625,-0.6449878281327184,-0.42137135672422726,-0.8614723930277001,-0.6124856651131398,0.10645916732164909,0.10848773107834701,-0.629408823997672,-0.5775792448491315,-0.5698491146099283,-0.6034213357377389,-0.793914637819441,-0.6312335361893369,-0.6336637149156308,-0.6312335361893369,-0.3210592962033479,-0.41825325280009723,-0.41825325280009723,-0.7747720687818263,-0.7747720687818263,0.43673741036317604,0.5920820886738771,0.814005660299755,0.8124765522490215,0.7384448626039265,-0.43217032476781825,0.6469989963141878,0.6891312286768952,0.6893144984659276,0.6891312286768952,0.14853027081257228],[0.9783335954688261,0.9751428723359522,0.6061463345147644,0.9767081649756726,0.9708126453670247,0.9783335954688261,0.9659685382997371,0.9602016152832569,0.9602016152832569,0.965063021112249,1.0,0.953790181187425,0.9659868132458869,0.966018367665843,0.9657456670117249,0.40804198180014023,0.29046258296413435,-0.15830241395991645,0.9697791701925453,0.9697606008376015,0.9660827442318627,0.9660750196552008,-0.035406394549199256,0.7856160138040333,0.9673483158563861,0.9673483158563861,0.9675014121302177,0.9149369046369192,0.14409123989963682,-0.13494388158997023,0.9717452721815842,0.9718322484782085,0.10567378962127846,-0.010842418322048984,0.9728801954442474,0.9730955042602709,0.8992260670751052,-0.3379864531731668,0.960814559249934,0.9721848733001757,0.3677653785899883,-0.17801609047913258,0.9738345947408333,0.9738062960871156,0.9738345947408333,0.8455462878039373,0.4324779878759852,0.8656295422037652,0.9177791860183404,0.8800087734774078,-0.470279276409692,-0.6691137250670695,-0.1807749217577679,0.9041594767825035,-0.04252644675879236,0.9293052433805159,0.929361125002214,0.9448589577739158,0.9700442177367914,0.8985694983888344,0.901112813901367,0.9100307213527825,0.9014114567185263,0.9037816101441959,0.904264397083715,0.9037816101441959,0.8626949367204755,0.839658095744051,0.8407917881378995,0.839658095744051,0.8977674256546074,0.9102000499364841,0.8959304092295769,0.8963559250758889,0.8959304092295769,0.7413548450792573,0.6836492421983087,0.7421178482180005,-0.24687479358814418,0.7541814434889863,0.7680838178560747,0.7701088401475062,0.7680838178560747,-0.22941944664967162,0.8969607419113297,0.9430182600968762,0.9096303567520473,0.9097676012393502,-0.051861790387953216,0.8915572232715958,0.8922801802521296,0.8915572232715958,0.8981456907331382,0.8981456907331382,0.03567430001754087,0.44121634120084524,-0.14539220447514126,-0.678337117272877,-0.4514373574353455,-0.4540991875964906,-0.0863903691177994,0.4406749611382676,0.0030614353154960906,-0.21731585591272004,-0.5741218335667734,-0.12494008865326892,-0.7884820981282662,-0.28997950577861464,0.303389506549097,0.30363697503939974,-0.42272671033431075,-0.4312374278479098,-0.39047872283478735,-0.4023076006927718,-0.6544347214960109,-0.40960886622689163,-0.41208769952153995,-0.40960886622689163,-0.15223427285342067,-0.46002842176437636,-0.46002842176437636,-0.5423231615041832,-0.5423231615041832,0.5661660502840145,0.6496656358813072,0.7557910625046034,0.712607869399673,0.8113976410640062,-0.5173980494394943,0.42634260468025775,0.5367262599046249,0.5370606991163027,0.5367262599046249,-0.11554225350316098],[0.9877987754913156,0.9867529059918693,0.9946859540953078,0.9906201702634091,0.996566873362732,0.9877987754913156,0.9997163371523967,0.9989022617190891,0.9989022617190891,0.9996837522216914,0.953790181187425,1.0,0.9997164456431673,0.999713777271118,0.9996897834729948,0.1388415759882058,0.03478636373591242,-0.5410169195379748,0.999825253152879,0.9998269109582277,0.9997201872112325,0.9997191243799901,-0.2871400172407877,0.9748104761395214,0.9952602189207674,0.9952602189207674,0.9952449113051139,0.99419075730092,0.05828617024256302,0.05233690415596602,0.9926376666534905,0.9926785432306982,0.7681308878814392,-0.044765750322754407,0.9991697053181048,0.9991335984630098,0.9990210600454592,0.999463819270837,0.9994996777248154,0.9992032385833612,0.08305055031154132,-0.5484135370515695,0.9989789345520892,0.9989850370154576,0.9989789345520892,0.9207086116105268,0.4690327277150223,0.9440623804948539,0.9245381700639236,0.7888775885058686,-0.35584849800088264,-0.5843083062672354,0.8376509692037187,0.8661286560164716,-0.3455496895906942,0.9406648733541627,0.9408509395590475,0.972743398685669,0.9940623886943469,0.9110465659380267,0.916028792388324,0.8946981157650467,0.8994465261377157,0.8989677263718451,0.8994297987789419,0.8989677263718451,0.8045777019329412,0.774637866248949,0.776100682980478,0.774637866248949,0.9176791872865532,0.9228240201352894,0.9165918103448281,0.9174060762392247,0.9165918103448281,0.5904842823148482,0.5390915208386688,0.6224103155758189,0.6964957300666909,0.6076932384041069,0.6335006472884319,0.6355281425280399,0.6335006472884319,-0.26883174775899166,0.8659146554560111,0.8933299391778393,0.8834148148667056,0.9172452092765518,-0.34922156890504363,0.8619819639256977,0.8621682358367845,0.8619819639256977,0.8696161248800521,0.8696161248800521,-0.22001613920856805,0.6982814306695169,-0.39569274752852834,-0.8160823223611716,-0.5388034011364553,-0.541940289871235,-0.43914744175477644,0.24874025979852254,-0.30738379361955337,-0.546977905130375,-0.7762067362971691,-0.4123386447150468,-0.5868066631913277,-0.4876522825656422,0.09867333536681085,0.0967938400214609,-0.5593206569701471,-0.5331090417427947,-0.5544291648196329,-0.5905503921625146,-0.5836696198455378,-0.5578955135085244,-0.5611038995881154,-0.5578955135085244,-0.4497798611926786,-0.6384356118226323,-0.6384356118226323,-0.6266702680677649,-0.6266702680677649,0.43257037326783804,0.3470168321085111,0.4876858389776952,0.601892677711851,0.5332736233163263,-0.5750621111306834,0.3401335439698585,0.29290880293184546,0.2931437348020028,0.29290880293184546,0.2761189997346048],[0.99306105611882,0.986018087819013,0.6818452628627952,0.9941351722607227,0.9973601181108286,0.99306105611882,0.999996882316156,0.9984188980496476,0.9984188980496476,0.9999738712066409,0.9659868132458869,0.9997164456431673,1.0,0.9999914614529718,0.9999955203818712,0.8069342991514337,0.7769608494697614,0.19393040349609744,0.9998746957683274,0.9998750069894962,0.9907988626540202,0.9999975809341609,0.28482852800893155,0.7676298000764136,0.9916515117978137,0.9916515117978137,0.9881426605781071,0.9926760144334034,0.22824637587588006,-0.20270778097771955,0.9915993600767765,0.9916199904314014,0.14886749417027512,-0.27162694440696766,0.9993924164124326,0.9995133638344565,0.480698162754651,-0.2952870913984759,0.9991952222692023,0.9994943711670915,0.7830858527643377,0.172790790368375,0.948582746922874,0.9991630062882911,0.948582746922874,0.9259455811650065,0.6229195383340592,0.9485565775535146,0.9288697475832879,0.789470649366131,0.41944952784622724,-0.12904890534645805,-0.17688918072177076,0.9371892317169543,0.32280639134361544,0.9698504573021118,0.9669029337872619,0.9809666798471812,0.9954532126698905,0.007058654689110636,0.892218593804191,0.8545872228438629,0.8949275393430769,0.849844995056865,0.8157432736614837,0.849844995056865,0.8397794468619074,0.8218268919818508,0.8109824771338037,0.8218268919818508,0.8903321680696601,0.4473160456226639,0.6385621443503278,0.6887206781843271,0.6385621443503278,0.6677984069390143,-0.32646448936053213,0.6468290967031551,-0.5969660356748038,0.5664074932927282,-0.06081744977017584,0.4945240991829646,-0.06081744977017584,-0.1239658024995719,0.8692032137664778,0.8917619881129563,0.8782062641435381,0.7912722312117894,0.1931695574988008,0.8674837332772356,0.8683917291395443,0.8674837332772356,0.7975571294759196,0.7975571294759196,-0.16747983467150074,0.7033527119437347,0.2217538202409002,-0.7223457318967499,-0.6452064610279715,-0.6487025516119176,-0.20695878827077646,0.10316450422889434,0.30931236994530575,-0.06641572336409075,-0.608682708393204,0.022121851369549708,-0.82909638768488,-0.21224934885332228,0.1075127716878886,0.10900155094708726,-0.6280125216088597,-0.58118501382899,-0.13201781662315232,-0.6019611226562909,-0.8289536763740788,-0.4142849852803031,-0.25185614496861436,-0.4142849852803031,-0.319296910677816,-0.415251958273156,-0.415251958273156,-0.8209120249491249,-0.8209120249491249,0.4384936044256809,0.5940129763247745,0.5175505149675962,0.8081961918915606,0.740490400807203,-0.4057717402616944,0.07831749370302352,0.7446120015332214,0.7630322956168336,0.7446120015332214,-0.08798372585773345],[0.993404758628751,0.985978698881509,0.6785932397334198,0.9947434307126347,0.9974272436344387,0.993404758628751,0.9999882630607272,0.9994578538482357,0.9994578538482357,0.9999731477510914,0.966018367665843,0.999713777271118,0.9999914614529718,1.0,0.9999891309165375,0.720497308111082,0.624023695226969,0.1955923809801281,0.9998968916181329,0.9998975714039581,0.9907875241348291,0.9999889932495417,0.28415004027175883,0.7644063316062697,0.9944844084929674,0.9944844084929674,0.9944546114356325,0.9926481273183482,0.22102125656285654,-0.20355878479058112,0.992050255393306,0.9920511234221098,0.17041894229741197,-0.2711170169907126,0.9995617517060207,0.9995130293823226,0.8635903369025716,-0.38121310239647116,0.9991928862454557,0.9994982638284309,0.6945916754953613,0.1744817734811935,0.9994638058667885,0.9994683837221271,0.9994638058667885,0.925822800684163,0.6230208703063779,0.9483187782217818,0.9285264533335859,0.7892348100045504,0.301251020831645,-0.29674475515853416,0.13004722373912125,0.9370720063746338,0.32329328299689825,0.9674111992241893,0.9669231955280452,0.9797067318866295,0.9956881142539998,0.9029711229666785,0.8915030603259824,0.9130841571029471,0.8948599500301554,0.9118645150120065,0.9126030238579319,0.9118645150120065,0.8390873566572581,0.8826089311622205,0.8837861492179464,0.8826089311622205,0.8901615777642641,0.796484684764126,0.8811269318518093,0.8824792186276696,0.8811269318518093,0.6675003548069435,0.5290982918380198,0.6456060868704376,-0.5963385080125705,0.5650812503129599,0.5633199968240865,0.5642031344841444,0.5633199968240865,-0.12628993165382496,0.8690760287168523,0.8915035875963561,0.8778196204782299,0.9091470306735647,0.1950219292752682,0.8674212412477498,0.8685804130548487,0.8674212412477498,0.876099157646984,0.876099157646984,-0.1677823163856597,0.7028394281578673,0.1254640268806058,-0.7214455677271611,-0.6448728575406291,-0.6480904404354347,-0.20697721816257408,0.1021279571369224,0.0816359722832571,-0.06491435589550983,-0.6074963919481847,-0.1667917800721779,-0.8389523823389262,-0.42835789554842435,0.10673716814284688,0.10880140758161709,-0.6280518626372371,-0.5805303275450032,-0.41975352047362563,-0.6017402944760746,-0.821514061742318,-0.5291527923904238,-0.5252994109832646,-0.5291527923904238,-0.31854704134271844,-0.4152881329238705,-0.4152881329238705,-0.8122847853920155,-0.8122847853920155,0.4363882551509339,0.5938617656085389,0.8196349389366778,0.8115788841624197,0.7407205203378745,-0.40543853554368103,0.703360198095785,0.7317626891329386,0.7318603934936788,0.7317626891329386,-0.05551576182685326],[0.9931040407241782,0.985878977706896,0.6819639820890522,0.99415653771882,0.9973819579720727,0.9931040407241782,0.9999939800617301,0.9992353854738727,0.9992353854738727,0.9999768134049127,0.9657456670117249,0.9996897834729948,0.9999955203818712,0.9999891309165375,1.0,0.7955070259673332,0.7195655531195959,0.1940813587615416,0.9998776363285924,0.9998778344064293,0.9909203901816864,0.9999954085155546,0.2854882252251849,0.7674746828308888,0.9946431241470638,0.9946431241470638,0.9945607259609652,0.9926132286974357,0.22853212880099935,-0.2027252256933313,0.9925125327297913,0.9925510764389963,0.1495889121044469,-0.27146023578760975,0.9994357121727058,0.9995130790903983,0.47978832053501225,-0.2945946847876116,0.9991590501169786,0.999496811002952,0.7800753486893659,0.17296202721974427,0.9481770471834056,0.9992111846689551,0.9481770471834056,0.9261574374576789,0.6235370004545829,0.9486591810762971,0.9289419544456892,0.7892350116187207,0.4207156347645702,-0.1276291607990859,-0.17711726333968592,0.9374921525764219,0.3230716340130641,0.9702104101799696,0.9671745419637806,0.9812024791912368,0.9954953935238492,0.006096050956941009,0.8924404881603016,0.854489750106613,0.8951127349518617,0.8497759646365409,0.815322844367709,0.8497759646365409,0.8399482273488054,0.8217436098172968,0.8112818602654409,0.8217436098172968,0.8905900673894451,0.446682573734087,0.6381051347376889,0.6887026001504163,0.6381051347376889,0.667675956240806,-0.3275554017189811,0.6467898063524857,-0.5971699220921757,0.5660883885910151,-0.06174526838469196,0.4941975284888419,-0.06174526838469196,-0.12393405541790936,0.869309662852536,0.8915562646998769,0.8783273648533458,0.7845950090294769,0.19354512898941342,0.867548122605787,0.8684473012461429,0.867548122605787,0.797369954333469,0.797369954333469,-0.16872235170450392,0.7040864657457919,0.22222701969325503,-0.7223048652755967,-0.6455364685049225,-0.6490362926757316,-0.20794261487135704,0.10208723846751784,0.3096392388530761,-0.06675882797048407,-0.6088317469005129,0.022233203221148065,-0.828397839336065,-0.21207319851844839,0.1066470103349897,0.10813451147172715,-0.6285477501272212,-0.581373652787195,-0.13146954851017803,-0.6029783787058457,-0.8289916138608437,-0.41422013325046975,-0.2513326607345102,-0.41422013325046975,-0.3201000779161124,-0.4156466407745453,-0.4156466407745453,-0.8212538120108462,-0.8212538120108462,0.43864596768883307,0.5937062649543302,0.5171080790251301,0.8086080805300633,0.7399905957344145,-0.40536878166420587,0.07771276229313402,0.7450219091048816,0.7636359866357628,0.7450219091048816,-0.08773922042335942],[0.7116748766037804,0.0224988009063077,0.37492075233575306,0.7107790797636022,0.5978792698053873,0.7116748766037804,0.8069368263195202,0.8034622565750101,0.8034622565750101,0.6475620130450015,0.40804198180014023,0.1388415759882058,0.8069342991514337,0.720497308111082,0.7955070259673332,1.0,0.9918181804619745,0.42770962916248356,0.7719413068249722,0.7719045827789237,0.6889398594999093,0.7940756569425256,0.33604972723193843,0.3557626518619275,0.7869712595549055,0.7869712595549055,0.7717364813002001,-0.2598495275468307,0.19683917633248516,-0.15695794065347976,0.8353640243083283,0.8320737881265959,0.16122488698074547,-0.21286092544627688,0.8018549533685793,0.6754496660371124,0.24967317863574046,-0.31699089063984853,0.15349935848718407,0.6388896287366883,0.9983230420545461,0.4107771827581226,0.7270549460116309,0.8014839304683834,0.7270549460116309,0.09533109689402551,0.5158193810447994,-0.3239740200504554,-0.34787105768038545,-0.020954244766814564,0.39252247263404794,-0.054558165594858016,-0.21115287535151592,0.6625290571895668,0.39860327611459856,0.8020972977583765,0.663274321400551,0.7608448911337153,0.7833452506515662,-0.10717680195177991,0.061492106308170355,0.5371365309090078,0.38447634911833417,0.5266448576866445,0.6103391226795022,0.5266448576866