var element=document.getElementById("correlationAdjClose");if(element.style.display!='none'){var correlationAdjClose={"data":[{"type":"heatmap","z":[[1.0,0.9999919805051184,0.9850422844817893,0.999924689333797,0.998969218458523,0.9874824409851836,0.9976570906216878,0.9955716184025095,0.9691297449998242,0.9958835990255819,0.9802318649109006,0.99290552907985,0.9957071472971847,0.9949646105786903,0.9956224296147675,0.9955790577871808,0.9973460397751407,0.9981937430584028,0.996292667058371,0.9963041932169405,0.9963587206535495,0.9956572877463516,0.9860848940134492,0.9704564036212957,0.9886165535330391,0.9556021701483512,0.9875154153992876,0.9837187736752381,0.9653897349864071,0.9471574664797253,0.9936528273292294,0.9944047492711278,0.9919819641669365,0.9758433120176356,0.9975681465598456,0.9978426791675863,0.9972755714809934,0.995768184916114,0.995399567470278,0.997725557187837,0.9982894142937409,0.9987174872095241,0.9975146952935888,0.9975253145141258,0.9767739021272381,0.9166760956671488,0.745145430125331,0.908956556153842,0.9111388336584255,0.8441946435700635,0.9653864166324517,0.9457751760489762,0.9668437585897396,0.964937417213944,0.9571633679842706,0.9855122981480787,0.982262873677209,0.9850842975486737,0.9791856457855462,0.9868351764158136,0.9844236897616785,0.9874380772018878,0.9872165447459101,0.9648056575685383,0.9699895227442843,0.9728720729136836,0.9725257464817759,0.9478622445776718,0.9772565153933982,0.9752003763899826,0.9831162567644368,0.9822985432424658,0.9382530072679783,0.8682529617370192,0.8358009785306908,0.8870602848584539,0.9108215929004141,0.906637401976474,0.9087302094832445,0.9072910319143961,0.6476524194641782,-0.570485717185609,0.9783856284675354,0.9712861835904207,0.9676944966689371,0.9858936779543593,0.9721064083221843,0.9827815158008116,0.9827362550695994,0.9475648916718049,0.9829261046492708,0.9512888205346618,0.6687618772349446,0.8801170225932845,0.919098762545486,0.7660433871533096,0.9255972377195805,0.9445016148668488,0.8231418918752684,0.9602391454811239,0.8960165660781385,0.6314633265363376,0.7117819054126966,0.8921449716136606,0.8662662790105334,0.8892327933805372,0.9705528426864223,0.9707495864895901,0.7405005726133989,0.7132259853665004,0.8250486666569481,0.357328935346983,0.7962291687688354,0.8293960694018162,0.8161522749177508,0.8144131766128193,0.7584740817554835,0.7442714739609834,0.7250672424642005,-0.25053348371115786,-0.38782458236595824,0.6460626556509569,0.8982239022282354,0.9423151078981068,0.9471272899649362,0.9171006834907924,0.8282100329488613,0.9141889383370929,0.9355957772545859,0.9354358937381254,0.8699912413717561,-0.18920800075719224],[0.9999919805051184,1.0,0.9847169531986456,0.9997925422755004,0.9978080956615791,0.9904334150546182,0.9935797963325308,0.9897722877580829,0.9811474626592814,0.9898021818247453,0.9705128692681882,0.9919877611129679,0.9899852740529471,0.9898293703792826,0.9898727740448059,0.9898664951662104,0.995603723942493,0.9954348712856367,0.9928824313557173,0.9928812196127239,0.9898707323880559,0.9899255759840017,0.9892483293165037,0.9659872067917464,0.985683478158841,0.9780500720478701,0.9854605307095916,0.9835940144410585,0.975366404181475,0.9174752081826589,0.9878196760178166,0.9846009148602496,0.9770272193174989,0.9189127783147685,0.9950272747045061,0.9948752758536635,0.9951468624483002,0.9907824774646921,0.9946432753598519,0.9951459527549865,0.9964985453116246,0.9967710617038891,0.9951286938500908,0.9951368685425371,0.9874867919006638,0.9164023313560379,0.5908073038956956,0.9085396286598996,0.9110781123392001,0.8443377839454291,0.871673996100796,0.914922340338245,0.8752425784128869,0.8980306289013397,0.8708333260983875,0.9547982039549405,0.9547187400808701,0.9768377106676093,0.9802541501599165,0.9748863270713369,0.9745503255789403,0.9773105162026513,0.9772263424746751,0.9414055834396567,0.950157754868295,0.9199398332237466,0.9198439498148476,0.8278288497181396,0.9724923135357197,0.9745703569683242,0.9748050669834719,0.9742609458233765,0.9382192036146474,0.683297305104387,0.6274456554801652,0.7706272890620393,0.8578547730650503,0.7931332655185507,0.8266387271294288,0.8249685872817637,0.6261170386538126,-0.27204124638609223,0.9613080891559734,0.9673945087722161,0.9610494297455425,0.9776365971879476,0.9584883738867652,0.965451533144403,0.9646222206697286,0.9129454430592507,0.9681174784808054,0.9180067156635778,0.5166494104159128,0.8792819421026492,0.8760719734285523,0.33026032975716735,0.6900164198800027,0.7730818266822737,0.6600152020891925,0.9601513858595814,0.669532511865566,-0.2566817200403213,0.1584396998894186,0.6385619946168805,0.6440743108554325,0.6906990030368609,0.9617425226832546,0.9616182971352389,-0.050122754186482966,0.19197387412230354,0.03123182666802355,-0.0022670258604587375,0.025961990478383087,0.04246018136021785,0.010254672397926292,-0.03535183611845013,0.3992284479969679,0.1329916522532709,0.0827580129729726,-0.44817267479607187,-0.4859395403353914,0.646131099315079,0.7485864672770919,0.7730405782333569,0.830941473081184,0.8257152217826359,0.5475346272241061,0.7365256267359416,0.7681054196973334,0.76677149625526,0.4156729184111996,0.19109002360052083],[0.9850422844817893,0.9847169531986456,1.0,0.9864552691909674,0.9930973590550967,0.9904838366210935,0.9906302525094186,0.9911268846234859,0.9898974739641948,0.9943389927415872,0.9567442397425021,0.9970826659798135,0.9910167102991645,0.9929424565484468,0.9911839312621825,0.9926464160034801,0.9910558994164074,0.9905571756252398,0.9897602575205916,0.9897265941338436,0.9928708592099561,0.9910558042518751,0.9939738699626443,0.9807685390957734,0.9910277060345871,0.9786774476919409,0.9914816826461202,0.9827667870762626,0.983467034480492,0.9515245894510688,0.9721216576469845,0.9759193106009783,0.978057545065603,0.9516111141604118,0.9879293061314854,0.9910522860324527,0.9893702488188136,0.9929937044079601,0.9950195521972265,0.9921459542082739,0.9869169581690255,0.9881974559946366,0.988220118571542,0.987594127999943,0.9910351024741237,0.9159662446796701,0.68585649632784,0.9315611359050321,0.9053220034537823,0.7617737556971971,0.9255669302413223,0.9010801223969237,0.9278857536336483,0.9250540026749976,0.9140591100039267,0.952398146792303,0.960007128020871,0.9337753522058788,0.9536130216528729,0.9568637961430015,0.9631221140577051,0.9573420168020269,0.9316148389507591,0.9051420176702724,0.9327258341660345,0.927250514178687,0.9098160526199046,0.8717221710361727,0.963079793059096,0.9411253465497772,0.9574750679727426,0.9361010564258512,0.7886753785542513,0.8123153244126057,0.7403660848931334,0.8337268415276182,0.8735476562132575,0.8723413100183158,0.8422393175065082,0.8561983566006262,0.3270117829359984,-0.5683587931721938,0.9505983105325965,0.9284670027857049,0.9308681446115583,0.9341003925644853,0.9449433681507047,0.9548025609657633,0.9543823095177967,0.9190196810571595,0.9507505797778223,0.850002166165656,0.6433621908963515,0.9405036101702479,0.9404434516187297,0.7298490762051953,0.908507765235985,0.929403525130492,0.8090703918841434,0.9791722948489139,0.7783023275467315,0.5381831208201041,0.6522670107519367,0.7867257855898843,0.7923969166456404,0.7755121460284727,0.9825561331300522,0.9825929063567129,0.6615181464337546,0.6510941325867804,0.7130145587311613,0.2921209034864728,0.6927652902516368,0.7118554795142522,0.7234390442483755,0.7084923803942326,0.7146518651548114,0.6730377026949651,0.6520849340327658,-0.32113634451099865,-0.45809540780647007,0.6059412177947486,0.8590504933101824,0.8919941700260753,0.8942998900258338,0.8904971084282799,0.7591460221856572,0.8663546702292966,0.8806800628403224,0.8892171090834223,0.738737910866346,-0.10965047504939925],[0.999924689333797,0.9997925422755004,0.9864552691909674,1.0,0.9992611214350112,0.9884721790345652,0.9979738803492764,0.9960745156937554,0.9713970616028365,0.9964646402077149,0.9798848736189062,0.9941886479980987,0.9961920921749282,0.9956551360309895,0.9961237886764082,0.996148900480576,0.9977565006302576,0.9985209360253692,0.9967321460680866,0.9967412106841483,0.9968533394300789,0.9961461847227455,0.9873422431087683,0.9717900775258437,0.9896818923431862,0.9582573600498269,0.9886907751466943,0.9858358112412395,0.9674614547553769,0.9483427148822945,0.9930933485215728,0.994033622372823,0.9920612265498971,0.9754843724718761,0.9977131190746094,0.998122608098039,0.9975710602214898,0.9963144070345937,0.9961051142907577,0.9980446670223617,0.9983001724194558,0.9988512260102858,0.9976517628694646,0.9976593831141589,0.9785955711407182,0.9124916959463497,0.7388198486422826,0.9097224667237471,0.9091120989745102,0.8343960591661678,0.9624685128600498,0.9423750579009831,0.9638195963961432,0.9623030037268037,0.9543082751182773,0.9834466649588458,0.9807490230555719,0.9834203129653123,0.9776608283455989,0.9853517130623008,0.9836415402593228,0.9858751384504612,0.9856477614797733,0.952246459245605,0.9684478333464522,0.9711957642445225,0.970847877611445,0.941560915489241,0.9766452611722392,0.9718114395698655,0.9814421018856828,0.9805839413564411,0.9127547088752177,0.8662508260323715,0.8311927443333088,0.8848068840369924,0.9074286910349811,0.9058226308587097,0.9058318254780067,0.9044502008608643,0.5455224356530718,-0.5704329405303551,0.9772662395489827,0.9693762976745401,0.9657200983529369,0.9842334504821602,0.9710550920240345,0.9817723411142126,0.9817233725153216,0.9466071528394374,0.9812284919471173,0.9322980956215844,0.6739939949477174,0.8876239797448989,0.9235061355566933,0.767603568685393,0.9272938075080758,0.9459443196537858,0.8234592805706084,0.9616893004553738,0.8898848263918006,0.6280814574105688,0.7100117856439029,0.8870714235031181,0.862701028473187,0.8838324748339346,0.9715945908389529,0.9717994197356932,0.739516384863369,0.713493821031487,0.817133785444206,0.3593565122112896,0.7905843225831376,0.8211971810903151,0.8080214123795934,0.8091156176878038,0.7612118590306175,0.7443066764967505,0.7251713963353171,-0.24591006562297202,-0.38707877342000324,0.6447720356431437,0.896355331636696,0.9405269473969077,0.9453833913550516,0.9159904817749391,0.8254205946501295,0.9122213467011913,0.9333930847537112,0.9333875946447266,0.8624422128042973,-0.18194189886476614],[0.998969218458523,0.9978080956615791,0.9930973590550967,0.9992611214350112,1.0,0.9914088434482352,0.9990594548471031,0.9983656859166252,0.9845721184927722,0.9984248783043518,0.9739188412089187,0.997818850028399,0.9984066005392563,0.9982269980228653,0.9983987030170057,0.9984563882490061,0.9985850838411223,0.999230679967177,0.9987682531099032,0.9987677250609562,0.9984765509582686,0.9983931933362743,0.9939245970644999,0.9794622643971386,0.9941431560140617,0.9767527049381134,0.9940898648117762,0.9892101167948263,0.9812606377646017,0.9517933044467373,0.9896178237760591,0.9921948092539045,0.9896287697078734,0.9667325636283116,0.9989384353071885,0.9989780014650339,0.9989798724855069,0.9985014124229872,0.9985728123687024,0.9990820501037302,0.9991694807660465,0.9991504346454828,0.9989275182422791,0.9989271139370306,0.9888789379451388,0.922033103318957,0.7143776142270871,0.9234247025278174,0.9129942288811405,0.8175936044761384,0.946624142829409,0.9319191913614762,0.9506476134250291,0.9539714811015313,0.9454347106107814,0.9797411711132408,0.9796709212267448,0.9795389446403572,0.9717559177608118,0.9804644736280467,0.979405933324527,0.9807924522491003,0.9805163842167247,0.9538001288411821,0.9586252244836344,0.9534904409379059,0.9530337817729719,0.9101914770832599,0.9737114172942227,0.9702449190019279,0.9767947363200892,0.9758612104074281,0.9340526984411898,0.8424302106634536,0.7989069436426314,0.8675306594870119,0.9106183932722025,0.8922436372779566,0.90067113346289,0.8993672240751893,0.7021680763117552,-0.591732657930348,0.9702780252458518,0.9578895893150855,0.9553519632821978,0.9806112927365522,0.9603023379269476,0.9744241297581441,0.9739665800519838,0.9365008937353474,0.976340599521916,0.9403047618427707,0.6608510512487497,0.9069076604947464,0.9447788292313689,0.7206546157279585,0.9066849198996724,0.931002387608583,0.8173400996728754,0.9674406343434006,0.8819116748878453,0.4724332788897173,0.6437921105500983,0.8698292875254929,0.8282456017888948,0.8722778932957326,0.9756388032981389,0.975795308814456,0.6938247620439163,0.6945086619957104,0.7373541186237293,0.3347194816873956,0.6779055482772426,0.7430770979635158,0.7195843902633927,0.6990494178523314,0.7455334513252878,0.7271446099161141,0.7070648239762485,-0.4643436021247499,-0.542652364266022,0.6348763834054792,0.8891809622770754,0.9250204689887016,0.9373225566680448,0.9123567205338542,0.8026331249275072,0.8956735004287816,0.918191970575082,0.9177054647720542,0.7967549561260405,0.03131295566407787],[0.9874824409851836,0.9904334150546182,0.9904838366210935,0.9884721790345652,0.9914088434482352,1.0,0.987506380412973,0.9878180918522559,0.9907357308447772,0.9874552936489331,0.9627472986494017,0.979698115718707,0.9877423049824574,0.9890193920973218,0.9878760681263515,0.9882041470817291,0.9910672296833983,0.9889223350197193,0.9886553801357253,0.9886599660879215,0.9866862730479614,0.9878228637540675,0.9959979812508,0.9919322537910502,0.9880025956428043,0.9836010632750646,0.987955333388277,0.9720366913768534,0.9858522035861739,0.9687265853952324,0.9697116455752278,0.9743463853182273,0.9825653895666235,0.9696551561951348,0.9873870319182211,0.9876190867480663,0.9884310028078374,0.9886522086444063,0.9816754108117013,0.9884804578243238,0.9876409111110864,0.9880428208805457,0.987502931601025,0.9875201908989449,0.9950950224528581,0.8738596408930466,0.7130910302694312,0.8878643535535697,0.9058978148085531,0.8333049156674895,0.9284995631379949,0.9111509004637306,0.9305740298210919,0.9397000919963264,0.9262168490026904,0.9592398249656917,0.9640036015639587,0.9688390439955707,0.9822499119954855,0.9699406146281908,0.9820207913306062,0.9697141745737894,0.9691544315582555,0.9703932135622898,0.9624943774132297,0.9440079574925071,0.9434867466906441,0.9343151451974763,0.9797605808284817,0.972108462774577,0.9701807482012187,0.9686298211272609,0.9536713213530732,0.8647466945290833,0.81712133096235,0.8851653321432565,0.9018416059580228,0.9097946446685441,0.8920873113228927,0.8898590780296854,0.669358164864561,-0.5307982021923863,0.9763787650933665,0.9742989488689762,0.9705305791870367,0.969915002320448,0.9674469331251621,0.9761151164568146,0.9757315442909709,0.9591336408624609,0.9655164503894502,0.9583181781384059,0.6778912323196045,0.8558328115325298,0.9425724019832203,0.7679791895794615,0.9182615364104468,0.9347996878983579,0.8174858189247975,0.9577674858469305,0.8439971959275158,0.569980042153206,0.6819691738334628,0.8418006315297012,0.8215823750180915,0.8399491766492158,0.9596112909078912,0.9596948160693977,0.7003303135546921,0.6920676314849696,0.7590950063614879,0.3596024222809901,0.7411114169425538,0.764832483172742,0.7511473769682969,0.7531744960597753,0.7472448665253778,0.712887792031593,0.6959534549075664,-0.275591731948094,-0.4043680087154948,0.6673706143336167,0.8780174297359926,0.8957010044944493,0.9048104262947745,0.892148703390341,0.7962445388639605,0.8650113485051044,0.8872057938296838,0.8873033124954227,0.8307465887200851,-0.15222790023132474],[0.9976570906216878,0.9935797963325308,0.9906302525094186,0.9979738803492764,0.9990594548471031,0.987506380412973,1.0,0.9972606704133273,0.9587897687586655,0.9995506016391028,0.9737465395836555,0.999470479156688,0.9982176495843744,0.9990943704369459,0.9990697595732198,0.9993086774819977,0.9970877361958717,0.9999017956011994,0.9992915131912543,0.9992967126479696,0.9996689775425133,0.9992611662747322,0.9906860972561538,0.9752099858089502,0.984621188721027,0.9257252354943145,0.9928240870874493,0.9886474022199577,0.9727492484759402,0.9466187249336634,0.9919915496048785,0.9917730453817166,0.9932348713061826,0.9727083864081465,0.9988827288184853,0.9998286913610941,0.9996717053816432,0.9994192616089371,0.9996906060992269,0.9998586274913499,0.9981855012128212,0.9996930486779151,0.9993084457240503,0.9989331176067885,0.9825687037286952,0.9289549160035524,0.7304873483642167,0.9355728553386622,0.9230100950177405,0.8107112512134954,0.9579235904213103,0.9418170173217377,0.9600547074694953,0.9583974107986049,0.9512563016650931,0.981777372868378,0.9803069499671231,0.9433266950616382,0.9583887836478,0.9705545030063163,0.9709154528932522,0.9722860413706947,0.9434204973352553,0.8961290852555118,0.9490468395770079,0.9572203347070126,0.9343617049029684,0.8834503444766104,0.963128303715638,0.9338676445309528,0.9644653193695938,0.9436852784235388,0.7517544276341768,0.8369570828315605,0.7628523459028429,0.8544166769183917,0.8788913759202913,0.8831107165032444,0.8618569441904097,0.8742636167813466,0.28106351728784,-0.6046364261232688,0.9609147042285681,0.9420623900662624,0.941375558117914,0.9454082221050841,0.9571696427642572,0.9682446602518608,0.9682925836586332,0.926632466560857,0.9645181814113345,0.8323063684549235,0.6553431185127512,0.9072999467163678,0.9234091534470961,0.7563807345951895,0.9244718813951239,0.9443220907206338,0.8178885446453343,0.9668270919325072,0.8315107787830373,0.6171841409591473,0.7005598957988257,0.8445277334362067,0.841710075493177,0.8305445072543948,0.9757081851393219,0.9759262354189195,0.7263439778614985,0.6912899365902226,0.782506001090613,0.32975130168199857,0.7678838624285372,0.7922176747916856,0.781850808877226,0.7887392367903666,0.741588229190259,0.7322180302809879,0.7112915189694184,-0.2635350197182269,-0.4119561169799771,0.6531491613989145,0.8913924677210551,0.9283605239763943,0.9438050724781742,0.9163475514899615,0.8240968769750342,0.9123221264747824,0.9339527982360329,0.9333735519211058,0.7755233596844788,-0.1451994551076338],[0.9955716184025095,0.9897722877580829,0.9911268846234859,0.9960745156937554,0.9983656859166252,0.9878180918522559,0.9972606704133273,1.0,0.9700914000768881,0.9999848930526958,0.968154543666099,0.9996796683841308,0.9999969448484292,0.9996736603324179,0.9999979419818198,0.9997546847518733,0.9930237236689645,0.9993534518100212,0.9998941807416718,0.9998937146190731,0.9999590363288529,0.9999947264498571,0.9909922502853244,0.9763682032449329,0.9920880498701067,0.9399651163413449,0.9933286318875576,0.9861005026456166,0.9749423029200939,0.9454769444544368,0.988265801930971,0.9940804326746949,0.9918881644069447,0.9694224192921702,0.9994378786225065,0.9995110365143969,0.9996300943523748,0.9997027462059332,0.9988979538474365,0.99944115251232,0.9987210935613229,0.9986267474943016,0.9995076314927677,0.9993724216731216,0.9840872522987176,0.9289742598011567,0.7174675012323461,0.9409519215760587,0.9206860023190715,0.7906025387840994,0.9563032620070492,0.9369596382975643,0.958030205467923,0.9520809242324433,0.9448131487858834,0.9797689988020281,0.9771258731725674,0.937807022785239,0.9530474276080046,0.9631108690378017,0.9671899146167259,0.9653029625452643,0.9415054123154385,0.8862658928963811,0.943348269108138,0.9495873709580479,0.9284287462155618,0.8689961372248672,0.959806352149935,0.9267894039244711,0.9582163971235163,0.9385467924276018,0.7363284551505516,0.8273499844656129,0.7579257089385749,0.8448382960955916,0.8704188264938181,0.877413535165455,0.8568204485914079,0.8664184252844938,0.26105105279395546,-0.6100958117355172,0.9558203647846313,0.9332925097566871,0.9337418128017004,0.943247875908324,0.9514763441318275,0.963259828464048,0.9632996756954784,0.9201298014543008,0.9565802456509286,0.8184018805271057,0.6510150415279657,0.9257526517583489,0.9354782852472455,0.7513584122353866,0.9239029915781505,0.9440060197680177,0.8152323108052315,0.9713694679796392,0.8350914173530093,0.6028090678280733,0.6912194462424361,0.8456690914654955,0.8386319604448071,0.8337746955658448,0.9785854626610326,0.9788084521877815,0.7163367296865759,0.6825797710176003,0.7843199395068174,0.3153964528090287,0.7626452921763164,0.7877942413004276,0.7829723574670185,0.7831433947156303,0.7344774851905478,0.7259026137786232,0.7043159403344228,-0.2803481366824592,-0.42779403471654015,0.635973310465398,0.8830786408675759,0.9260300031218146,0.9360935966697074,0.9100855058637763,0.8127518319214313,0.9057909034379066,0.9276240341446385,0.9272912828206552,0.7555347780495193,-0.1274836896795487],[0.9691297449998242,0.9811474626592814,0.9898974739641948,0.9713970616028365,0.9845721184927722,0.9907357308447772,0.9587897687586655,0.9700914000768881,1.0,0.9855229237594749,0.9431253652637752,0.990145213633174,0.9738352669732124,0.983878103098782,0.9787627619318798,0.9799074653547305,0.9527853337136761,0.9809271477728713,0.9793997296920566,0.979369352157407,0.9834896569188535,0.9787915055478699,0.9946690862061195,0.990972460213014,0.9825413776361948,0.9862094460589358,0.9853768203137794,0.9866027532918689,0.9889932693625993,0.9615604782291726,0.9319714303481631,0.9534016421964926,0.9694473225711294,0.9501048675335318,0.9733658649486375,0.981483928293114,0.9784221536103817,0.9808205469025197,0.988213568544735,0.9831380620807791,0.9708970516900077,0.977961959672221,0.9741833380660372,0.9731601371617711,0.9988181235236762,0.8901210315399978,0.6659219363386798,0.9325792595369408,0.9191935520485855,0.7717787745510534,0.890953244456399,0.8802024208163105,0.8944474047786032,0.9099377163600956,0.8958966324904905,0.9335347977814517,0.9481595221683154,0.8899808909247994,0.9538334253575318,0.9336274195648886,0.9557754919832626,0.9340029538730205,0.8879895528538468,0.888229272915166,0.9242980599837789,0.9003453789183815,0.8634733388112226,0.8481527934851347,0.9567158563451208,0.9042058571129269,0.9332408314450481,0.8932106315575841,0.7685405854442002,0.8016626297216379,0.6908149942568615,0.8251764310657204,0.8504974696116114,0.8628604636638868,0.813030734894891,0.8311962385797231,0.2955418392548032,-0.5593873499837606,0.9430173498891762,0.9297997804915402,0.9283777902425012,0.8901204624481007,0.9320843121537493,0.9425971799295876,0.9420310608902981,0.9180667791739069,0.9266817482425171,0.8288625578266087,0.6545142859802957,0.9174378269375774,0.9511285461351453,0.7360953810848412,0.9044635542927802,0.9226031017984593,0.7982959772485226,0.967407980139258,0.746987644657429,0.5051222658343786,0.6347066872969852,0.7668392664024711,0.771441075892476,0.7534213689211245,0.9671188679747486,0.9671307437112273,0.6458549960838779,0.6403092111932698,0.6804839877992367,0.29923379666868377,0.6767777123219503,0.6930370144232976,0.6743695962700835,0.6894759249661931,0.7089289921888493,0.6708809323090856,0.6510324843305592,-0.33014601020582135,-0.4638312283265323,0.6585116903749487,0.8489807921485973,0.8479242649804825,0.8728148699117525,0.874421397119392,0.757055689844831,0.824375211780037,0.8541777828410098,0.849058108389015,0.7141580660300676,-0.06755139634898093],[0.9958835990255819,0.9898021818247453,0.9943389927415872,0.9964646402077149,0.9984248783043518,0.9874552936489331,0.9995506016391028,0.9999848930526958,0.9855229237594749,1.0,0.9674910288245993,0.9996787412442744,0.999981745742675,0.9998444189567941,0.9999902774925487,0.9999485606605688,0.9981643418330103,0.9993444751072743,0.9998355335942709,0.9998345504129849,0.9999676650591194,0.9999828406759537,0.9938807359796192,0.9778192364112624,0.9953570629256491,0.9750524990255927,0.9954937817663425,0.9860665465581427,0.9792999394818056,0.9466778257122945,0.9888797765502195,0.993197910288652,0.988961518387675,0.9650718654554687,0.9993709272063648,0.9994510154951539,0.9994566905184379,0.9998475219105235,0.998907352993,0.9994278619269378,0.9988771922968318,0.9986397178240499,0.9993669567608882,0.9993612475300276,0.9886066012723193,0.9290098901911414,0.7181224408631206,0.9407350718447602,0.9204626083493241,0.7908181291580686,0.9437180555069647,0.9269790915967473,0.9472588453374352,0.9495489698950321,0.9420892861433503,0.977611700936028,0.977187860075536,0.9688331679921413,0.953433581973915,0.9696852455043231,0.9672869508254544,0.970108805680048,0.9697887258726022,0.9409842907672067,0.9426794449548132,0.9426996699592664,0.9423038572162145,0.8978995014078912,0.9601550649704171,0.9605006510317368,0.9665413594475245,0.9654061334694367,0.9207234213903598,0.8266992994345421,0.7771780800479917,0.8439836278825409,0.8917057632389527,0.8760286094812939,0.8833187148933153,0.8822917327579368,0.6489566995551729,-0.625174633356856,0.955784728213502,0.9333283280225461,0.9338867948104222,0.9701397087993822,0.946412807804966,0.9628429589935491,0.9623541645631839,0.9211029995396561,0.9650173075967671,0.9252347641032483,0.6494485374478524,0.9253021518285716,0.9489962816725523,0.7282573537991095,0.911416652194468,0.9351945850370126,0.8143721289392816,0.9701850452804034,0.8885229287347167,0.5039076997113452,0.6604148659699338,0.8770874199484266,0.8360302848882271,0.8799959098536995,0.9785150433297728,0.9787686767946845,0.7142704315954979,0.6795566475554766,0.7531190180691608,0.3132643548474053,0.6954373163591008,0.7585606092150909,0.7370279443359983,0.7174189453751701,0.7319400901998145,0.7227257490999608,0.7010900893093761,-0.5132406130760419,-0.59253960758185,0.6357074696568835,0.8819144228304335,0.924958893039072,0.937996499273966,0.9091216504376045,0.8080058988682309,0.8960441128730372,0.9181041622747954,0.9175441491705417,0.8065537554353047,0.10337520704468668],[0.9802318649109006,0.9705128692681882,0.9567442397425021,0.9798848736189062,0.9739188412089187,0.9627472986494017,0.9737465395836555,0.968154543666099,0.9431253652637752,0.9674910288245993,1.0,0.9561574814322316,0.9685293743225366,0.9675066462609629,0.968269426717865,0.9686428196436249,0.9713490814576815,0.9757087706080163,0.972326898885049,0.972340969885027,0.9683193220650758,0.9683872465422515,0.9670457208698209,0.9547661729097612,0.9747156756551225,0.9556160496148672,0.9726952086857112,0.9101823325166246,0.9705100636191064,0.9546382542699559,0.9777261845944248,0.9721734337901753,0.9722166868414042,0.9404048900005789,0.976000291818133,0.9755932860116184,0.9760092420854449,0.9687693079565282,0.9631585986078541,0.9750341957613948,0.9774930732191847,0.9782554236643134,0.9761685831617775,0.9761850079230259,0.9566045791854794,0.8520224805024721,0.5397581264426807,0.8206397584751081,0.9022630464686618,0.8780400038795316,0.905428552237966,0.8413670370493547,0.9097453366253833,0.9206499738851848,0.9069755722641961,0.9378856340138826,0.9377536048902692,0.9465047093732503,0.9390799525142903,0.9558325384505272,0.9501323809017954,0.9543822568014627,0.9544023144831306,0.9131824524484845,0.9545090097849316,0.9416851482085006,0.9413773094701111,0.8686898434224628,0.9391467249565638,0.9463460432460779,0.940323935374138,0.9392739948311355,0.8911143238820953,0.8349457027611087,0.7942554542941899,0.8751743983133866,0.9222617142575925,0.8965620417651002,0.9094954138549022,0.9088520754091595,0.7366494358904974,-0.32104968123426436,0.954906225905679,0.9567075302746052,0.9483616962297037,0.9481391836306382,0.9339344136504302,0.9561004785401692,0.9560623666350198,0.9047878495287223,0.957941219230696,0.9091756870038666,0.7411338235596242,0.7333110140880383,0.876031405056653,0.6567746648734571,0.8655013224856405,0.8988618263638427,0.8819658009962378,0.9536286842763209,0.9085765431852454,0.38565240520338867,0.6622204503649146,0.9010799855124372,0.8802785367575151,0.908006053627497,0.9538384409781866,0.9541518570297733,0.5516101545163641,0.716684843810264,0.6267444497377173,0.49945679055150294,0.5870169916839192,0.6405375115419893,0.6022353621487699,0.5757789541098469,0.8180826948937299,0.6957646415993234,0.6608217697041789,-0.29374708934966753,-0.34614873759582787,0.7548835132622849,0.9180486674766769,0.9249320958259352,0.9147132180424525,0.9423568472067255,0.674382200473835,0.8493046340385012,0.9118372608342802,0.9110189243473993,0.6951271534861784,-0.1630692776512607],[0.99290552907985,0.9919877611129679,0.9970826659798135,0.9941886479980987,0.997818850028399,0.979698115718707,0.999470479156688,0.9996796683841308,0.990145213633174,0.9996787412442744,0.9561574814322316,1.0,0.9997042957674757,0.999684719673504,0.9996922450088014,0.9995691813539446,0.9981305685411702,0.9991971032660337,0.9999596537015804,0.9999592314968931,0.9996914281449586,0.9996989450200511,0.9910159906680011,0.9617499935876171,0.9920084765095001,0.9805437027039763,0.9930550656462129,0.989922193792579,0.9732304997981569,0.9051620819498903,0.9890673058694506,0.9927475599170882,0.9746522699476893,0.9056155704506396,0.9992201103907733,0.9992827408620415,0.9992247488658516,0.9994837000556352,0.9994526455082869,0.9992478692829008,0.9981329245213406,0.9980078981957575,0.9991961382026624,0.9991919662992667,0.9899785866002417,0.9231648899261312,0.5589141345139543,0.9367067624966405,0.91967546493767,0.7946082985630056,0.8592508873426646,0.8982819940202321,0.8643378520327739,0.879865740456921,0.8566023869681623,0.9523810119400206,0.9523232016145763,0.9550604537275048,0.95702507974367,0.9476168310788226,0.94946402832364,0.9516265166493639,0.9514426723351361,0.9052987812953985,0.916645442350264,0.8797160069088196,0.8795479261381982,0.7728456892059113,0.9517126908857633,0.9547986793148597,0.9549458259724218,0.9542867820813764,0.9072612416282151,0.6334641737743995,0.5739107028994371,0.7214335580730281,0.816191734020709,0.749243970703635,0.7841468292214157,0.7829822935333999,0.5697963603330206,-0.391968683771957,0.9281677848384161,0.9370933858877247,0.9278813712570151,0.9563530011696841,0.9249147970454638,0.9335373400515649,0.9324245850547255,0.8700469887368105,0.9374333599013347,0.8766407508475735,0.5552606499444925,0.9221820392639558,0.9161368007169333,0.3614140439156935,0.7193154983596807,0.7952882676005645,0.6689579938712279,0.9733843837353717,0.6777693464836811,-0.19950539271675707,0.20393142182561633,0.651295956362376,0.6549280564227934,0.6964055529633123,0.9746049888106122,0.9746612763894457,0.00682362829313389,0.23877868195230326,0.08969783661814332,0.05534863730672023,0.08233178768866682,0.10128514093053895,0.06811431498756004,0.01706103903551472,0.44274633302851235,0.17169123904347072,0.11873913406162809,-0.5161448831089663,-0.5532403973391281,0.6357411588550574,0.7438538831137351,0.7685060391626933,0.8294481489559122,0.8262439291948476,0.5306740478152626,0.7298846054982475,0.7637085527289986,0.762462763391956,0.4099982155490608,0.24015381629862115],[0.9957071472971847,0.9899852740529471,0.9910167102991645,0.9961920921749282,0.9984066005392563,0.9877423049824574,0.9982176495843744,0.9999969448484292,0.9738352669732124,0.999981745742675,0.9685293743225366,0.9997042957674757,1.0,0.9996577353917208,0.9999976657640706,0.9997615621308631,0.9943670226900964,0.9994011528565022,0.9999047841866475,0.9999045229253829,0.9999666255523731,0.9999951400762991,0.9908970837870696,0.9762353157356026,0.9927452391519631,0.944866999899751,0.9932892913357594,0.9862736021406988,0.9747728121627636,0.9454855517037625,0.9891583563124503,0.9941429126705339,0.9919643471304002,0.9695682183849693,0.9994803712176575,0.9995539853341724,0.9996628011769366,0.999704101897253,0.9989796312040792,0.9994848534520063,0.9987829971848985,0.9987041874246949,0.9995511533327723,0.9994158554374266,0.983887900250199,0.92927018330851,0.7181906092225386,0.9408961840117556,0.9209262007633368,0.7917099359553073,0.9566406032719345,0.9373729882181413,0.9583747391707756,0.9524561425250176,0.9452192859484574,0.9800129792336704,0.9773146328858258,0.9381289887448667,0.9532256265884497,0.9634162336068477,0.9673367598568328,0.9656025719453266,0.9417726253383875,0.8864516199896509,0.9436322306617065,0.9500157991174687,0.9288719175116092,0.869434921321383,0.9598996765768361,0.9270205904068057,0.9584515762250132,0.938847542825698,0.7364432901125053,0.8278421858994417,0.7584890680833329,0.8453147551968079,0.8707780095600689,0.8776888443306892,0.8572469135361049,0.8668617471833008,0.2613924793948497,-0.6100024454111913,0.9560437791368492,0.9336760316938084,0.9340614623801854,0.9434993458971163,0.9517163484617288,0.9634902918502405,0.9635314980269492,0.9203413030961091,0.9569101243367841,0.8186499027817705,0.6511937032755836,0.9249181009443015,0.9349420413652119,0.7515886308631456,0.9239444413168796,0.9440485836016518,0.8155142045048885,0.9712014305218145,0.8355429750772885,0.603841131114959,0.6919091187445338,0.8461402262613599,0.8391641591309538,0.8342081075802167,0.9785024491897073,0.9787253729139477,0.716997117558295,0.6831885606634257,0.7848989251129862,0.3162332938313674,0.7633330819745694,0.7884746149170749,0.7835572806863692,0.7838515267801128,0.7348767053619111,0.7263620908990478,0.7048021085429736,-0.279331855190897,-0.42687638034489545,0.6365417971048517,0.8835947843163476,0.9264531515163964,0.9366039759404362,0.9105405510851549,0.8133083303753967,0.9063467971565783,0.928167132392757,0.9278212178640984,0.7562068820853848,-0.12853691677476234],[0.9949646105786903,0.9898293703792826,0.9929424565484468,0.9956551360309895,0.9982269980228653,0.9890193920973218,0.9990943704369459,0.9996736603324179,0.983878103098782,0.9998444189567941,0.9675066462609629,0.999684719673504,0.9996577353917208,1.0,0.9996942000705313,0.9998855811861768,0.9982556551219789,0.9989718988365582,0.9994946424732957,0.9994874981718275,0.9996766180907801,0.9996501764859658,0.9928926375274626,0.9779149845716235,0.9960000340119992,0.9717393191183709,0.995891228784842,0.9861336984437501,0.977584225061467,0.9479735328898774,0.9882543544004533,0.9921225909930588,0.9909971050913094,0.9672067961103313,0.9987830009691537,0.9990974685994188,0.9992804694376888,0.9999189995144646,0.9989307555932188,0.9990852190677435,0.9982238428584693,0.9980365618597455,0.998778021895052,0.9987058646518407,0.987934043437743,0.9292187070086909,0.7138591776205149,0.9409871895093722,0.9208288685355754,0.7910434365357815,0.9520725472130337,0.930613768229142,0.9532033061850863,0.9489594806553929,0.9410921090737076,0.9764705164128321,0.9751925926218102,0.9608789090972303,0.9529393809555745,0.9637452746954784,0.9667558982785229,0.96548441807041,0.9647908561231046,0.8905735331608052,0.9409429632615343,0.9485101340952309,0.948197993618529,0.8679502479415504,0.960277699227202,0.9384238590371435,0.9603327700308979,0.9590304942856568,0.7411777919913816,0.8250307017152713,0.7862787068660692,0.8431575016230562,0.8722693157613153,0.8769634332752054,0.8656121802070497,0.8659911760079819,0.24695501436354222,-0.6044326770961487,0.955311002902105,0.9333971871039835,0.9331006243798577,0.9635613095409552,0.9512724388419427,0.9624256001123722,0.9624178076806438,0.9204015337077464,0.9572867402316976,0.8252751365534192,0.651604965296707,0.9253991251338077,0.9358142450836716,0.7492261512598914,0.9222323684171146,0.9425933793230264,0.8164126722636847,0.9737617729345585,0.8300731629984,0.5953176795406072,0.6873458066392113,0.8373493828282244,0.8338393360912955,0.8262753499099935,0.9803160981773005,0.9804999327354581,0.7079423650410724,0.6779389694781198,0.764758697976371,0.3159531946620991,0.7534330172630245,0.7772153768666269,0.7536459361283835,0.7728564105317212,0.7326799411702104,0.7164232009659506,0.6951250889300437,-0.2858679696037182,-0.4318317792284216,0.6361415702868771,0.8813410626955647,0.92767388839235,0.9319256842093531,0.9096625340837233,0.8054939740509992,0.9000756983762157,0.9209584240268541,0.9213209289000033,0.7496619342342479,-0.1268461399651934],[0.9956224296147675,0.9898727740448059,0.9911839312621825,0.9961237886764082,0.9983987030170057,0.9878760681263515,0.9990697595732198,0.9999979419818198,0.9787627619318798,0.9999902774925487,0.968269426717865,0.9996922450088014,0.9999976657640706,0.9996942000705313,1.0,0.9997982672983585,0.9976359348203274,0.9993721933352286,0.9998975514742884,0.9998967761202072,0.9999607410350744,0.9999926944409026,0.9910304125014427,0.9764200087664262,0.9945397333533587,0.9596642233803064,0.9943718897119589,0.9862007957367824,0.9749855973185246,0.945649744009269,0.9916177373672747,0.994441643937229,0.9918332824785876,0.9693244317687888,0.9994528125771219,0.9995148986282966,0.9996394575710397,0.9997203691962526,0.9989358689239602,0.9994507901073578,0.9987716756078795,0.9986472031836233,0.9995203729674718,0.9993879988132214,0.9840707063644751,0.9290880899460299,0.7175316443972801,0.9409732448948869,0.9208633236430483,0.7911238874605321,0.9564061524774424,0.9371237841103381,0.9581679524114654,0.9520425373093256,0.944749049987209,0.9798127736882127,0.9770840514801913,0.9381436988943842,0.9531493417901143,0.9632970189336334,0.9672595672744673,0.9654734339294628,0.9412506330219234,0.8864910257748903,0.9432102890858397,0.9496585757563094,0.9286717427213597,0.8691261343956574,0.9599616169048435,0.9271821824200885,0.9584457180135931,0.9389001125184777,0.7367023603794535,0.8273022350632081,0.7582173308804263,0.8448326805061277,0.870599035061897,0.8773878095529628,0.8569868239180648,0.8666020014898015,0.2614078205462745,-0.6098072101895361,0.9558882775252906,0.9334787346697566,0.9339001408688132,0.9415384582968487,0.9516613979050977,0.9633338557352419,0.9633719257217392,0.9203025547695088,0.9567663693568558,0.8186834275206487,0.6510514398728817,0.9253569628816657,0.9353407788625829,0.7513002406831828,0.9237849943829096,0.9439126937531902,0.8152362056389569,0.9713878725716182,0.8351500617394677,0.6026779308610319,0.6911147862850087,0.8457100621331549,0.8387879525464871,0.833824551461857,0.9786356424158618,0.9788553341869042,0.7158929361365817,0.6821912184345723,0.784323125908962,0.31569303071312954,0.7626386362296133,0.7877320416529806,0.7831607389543482,0.7830577415839304,0.7343852713343633,0.7251052886732509,0.7035531940445143,-0.2801442132413613,-0.42758653671863095,0.6363068047361117,0.883010446521533,0.9261845418810256,0.9361668393470982,0.910154088035447,0.812566809163009,0.9060316225438751,0.9276929198529231,0.927474267796349,0.7556617556424823,-0.12778893988850204],[0.9955790577871808,0.9898664951662104,0.9926464160034801,0.996148900480576,0.9984563882490061,0.9882041470817291,0.9993086774819977,0.9997546847518733,0.9799074653547305,0.9999485606605688,0.9686428196436249,0.9995691813539446,0.9997615621308631,0.9998855811861768,0.9997982672983585,1.0,0.9975176811354698,0.9993254483713403,0.9996400585065067,0.9996391187462274,0.9998932925935639,0.9998147936835025,0.9921018822807528,0.9767925196593882,0.9941087532144732,0.9536697878056621,0.994120077007256,0.98610267765006,0.975906821125711,0.9461834401862694,0.990417023102718,0.9923111717693656,0.991930183833067,0.968919733377598,0.9989723466783363,0.9994662938288095,0.9995817512247113,0.9999227892665818,0.9989766869571091,0.9994341440624873,0.9981914054653598,0.9986014194644642,0.9991427277878792,0.9988830127159525,0.9854289864479113,0.9320110221411362,0.719442102086815,0.9435633862546449,0.9244861143626366,0.7943241548700808,0.953932153867832,0.9352989423534728,0.9559367723926575,0.9522430457379133,0.9448978149871747,0.9785216623494485,0.9774009545104665,0.9376929308995521,0.9529832595348655,0.9646296927402447,0.9673822900304004,0.9665538931127855,0.9400220208980038,0.8903128981274173,0.9423970146321309,0.9495609798991529,0.9269826768047497,0.8730369796809886,0.9603640428827113,0.9292812114860771,0.9600208192942568,0.9386015550230769,0.7452244830555734,0.8268387236429715,0.7540512467650807,0.8442413013583946,0.8715510710758475,0.876974737296999,0.8550788738196989,0.8662651575052838,0.27007422038918777,-0.6082211548545288,0.9559457025466556,0.9331594608973819,0.9339033253979356,0.9421021836215977,0.9521789249132591,0.9635391108985515,0.9636318154298024,0.9206828932804746,0.9580724029791776,0.8244434013888886,0.6477867389052064,0.9225582440075365,0.932918926734929,0.7484029173170414,0.9220566135105868,0.9423282630949045,0.8145361387413355,0.9711039957310657,0.8274821209817617,0.6010569428870366,0.6891321356675358,0.8392652120653733,0.834515446245342,0.8266132354257357,0.978439554601852,0.9786898381015267,0.7131731804543769,0.6788469136410644,0.7755011811135227,0.3141048055896803,0.7566881366281845,0.7813311170970101,0.7744380730516262,0.77705778267479,0.7322656756187376,0.7207045591855444,0.6991413413222514,-0.2838876728137623,-0.43046011697901393,0.6362452864221816,0.8826952056725519,0.9227402373907091,0.9349522486283501,0.9105678690588939,0.8116175363034884,0.9031071665067212,0.925419208567398,0.9248925178788245,0.7605240537567572,-0.126746770599666],[0.9973460397751407,0.995603723942493,0.991055899