var config = { responsive: true }

var correlationAdjClose = {"data": [{"type": "heatmap", "z": [[1.0, 0.9999929013610057, 0.9836709444202941, 0.9999204444509846, 0.9988028985726062, 0.9888553387172399, 0.997307730712306, 0.9948764185981789, 0.995151161792717, 0.9800719440774294, 0.9909523847305675, 0.9950320648417066, 0.9941952451088946, 0.9949354906204628, 0.9950859800001337, 0.9963146260074002, 0.9980867794585132, 0.995712643844096, 0.9957286625780934, 0.9957359329533915, 0.9949783317319196, 0.9845164366578295, 0.9669283971237693, 0.9868626778327042, 0.9856302270538561, 0.9772804151311177, 0.9607449051766083, 0.9387426092629836, 0.9947471060316208, 0.9947181273177457, 0.9917983512850519, 0.9749195202921568, 0.9972174355390616, 0.997542730070358, 0.9968586614663131, 0.9951022034096697, 0.9944844904173683, 0.9973687092855007, 0.9974416122057558, 0.9986593871615594, 0.9971523315203595, 0.9971672176921289, 0.9755036640947972, 0.9295056032336578, 0.7693565831914433, 0.9062109589133757, 0.9275583008582834, 0.8578518308731388, 0.9718914031663806, 0.944525853359714, 0.9729823939392764, 0.9689769635177746, 0.9644913639650193, 0.986604322062495, 0.9829210440494319, 0.9828349446206387, 0.9753933905469258, 0.9847973503731764, 0.9820624812936736, 0.9854754070960611, 0.9852240720974066, 0.9625055689161232, 0.9636967593392557, 0.9703099667081873, 0.970001955447671, 0.9407092144302724, 0.9740414357702605, 0.9724171384908203, 0.9808285102976592, 0.9798590395851776, 0.9331616678981197, 0.8492766826298557, 0.8176904157186117, 0.8681823897411174, 0.8975665398011298, 0.8912455905063873, 0.8963483193309018, 0.8950796390871547, 0.6007141145554495, -0.5133730671160959, 0.974316557872378, 0.9632793294974233, 0.9598240987731054, 0.983800089820237, 0.9501501402946129, 0.9798081859421066, 0.9797632732321337, 0.9406402780163919, 0.9802179679318614, 0.9457070706097901, 0.58372766427782, 0.8279524068100682, 0.9097257690484737, 0.07918713288265644, 0.9125783575331052, 0.9349052742127033, 0.8023343186332301, 0.9532188736840342, 0.896146921300856, 0.6784602382905763, 0.4422832635876167, 0.8916967298329384, 0.8602660266071425, 0.8875626441663754, 0.9648601989816044, 0.9651550783049927, 0.7376745415443846, 0.695894364870202, 0.8294257056860133, 0.32430411639517237, 0.7948711414962208, 0.8335812558413895, 0.8199778531581458, 0.8183776058862726, 0.7276448526248382, 0.7351655321182431, 0.7144102870219476, -0.22128466287125043, -0.3540481072288534, 0.6059645522775965, 0.9010183580703316, 0.9476636321711922, 0.9508106810388189, 0.9193675172164244, 0.8272878706210571, 0.9187245837966546, 0.9411941815969748, 0.9409692553563007, 0.8766911711392739], [0.9999929013610057, 1.0, 0.9795719475610767, 0.9997442796929551, 0.9970932151526406, 0.9895571227412888, 0.992135227155821, 0.9868428556001829, 0.986894945677081, 0.9657337378165439, 0.98966131094302, 0.9871535033912131, 0.9869313148516878, 0.9869884089570382, 0.9870988245682928, 0.992606303156858, 0.9948234595831336, 0.9908462524481277, 0.9908480737076115, 0.9869837797906056, 0.9870555534850242, 0.9866473586420915, 0.9583696507411225, 0.9817175099782124, 0.9812173660153825, 0.9771268321463948, 0.9689083996362658, 0.9029533152068518, 0.9881187529330272, 0.9828765786032577, 0.9765141547400706, 0.9109420253677758, 0.9940983186098415, 0.993875334834326, 0.9942044468596333, 0.9885566943352095, 0.9934898968536776, 0.9941700548814629, 0.9945416688443307, 0.9965774799975923, 0.9942179106015159, 0.9942295860555348, 0.9836644735463306, 0.9292794991230567, 0.6654188319261406, 0.9063377483227113, 0.928611651146079, 0.8579836693867082, 0.8956524208436515, 0.9155934006715472, 0.8995353919723159, 0.9105796452705092, 0.8945826998541015, 0.957669737480517, 0.9575418129958024, 0.9705140930619496, 0.9752540730061459, 0.9673885962534343, 0.9672703350991866, 0.9706415215662969, 0.9705509494892465, 0.9254111427810421, 0.9339533246197684, 0.8942290650711104, 0.8941448273495272, 0.7735678081906238, 0.9648681888403603, 0.9675214828659235, 0.9679027294173581, 0.9673240773707471, 0.9218040942865247, 0.6044717688896108, 0.5424039213857382, 0.7081892670650853, 0.8113115697090257, 0.729128094008499, 0.7736267103302737, 0.7719347972817394, 0.5309082010821663, -0.2574025209612297, 0.9483537428750916, 0.957290871541822, 0.9480085357363203, 0.9717109998557802, 0.9311672257435777, 0.9539797167078425, 0.9528047027263297, 0.8831995230110282, 0.9577782213083537, 0.8906460696242806, 0.3600037466683342, 0.8270582122615988, 0.8318266641098093, -0.3026183547311802, 0.5677459131678408, 0.6840735202170964, 0.6077740490226776, 0.9479838286330232, 0.6308467433419355, -0.1678866670805389, -0.09322757069926438, 0.5975159404898258, 0.6066910940018418, 0.6531681949337531, 0.9499874559300361, 0.9497818901673777, -0.1185403161437793, 0.10615469003415604, -0.03793375408640791, -0.06875688318881479, -0.04161293014602131, -0.025691227957571495, -0.05634897949518832, -0.09318735518525585, 0.2642190238078893, 0.027271575859289243, -0.01783961535034434, -0.45560189649191957, -0.4823954240385132, 0.6062456144534386, 0.7413353663705085, 0.762193282259896, 0.8255002620054601, 0.8186162441734921, 0.5169403654148471, 0.7267231846066631, 0.7618973354543667, 0.760441589257694, 0.4162149474076664], [0.9836709444202941, 0.9795719475610767, 1.0, 0.9851409085596725, 0.9921345813177682, 0.9890367044614725, 0.9905164751382938, 0.9907914919129372, 0.9941370724293223, 0.9528634438042942, 0.9965665281639914, 0.9907011507102249, 0.9926737495353618, 0.9908594885805891, 0.9907585904169031, 0.9913121497134862, 0.9891503855293953, 0.9892734772840632, 0.9892379846956233, 0.9926342108595112, 0.9907204010770022, 0.9928608092399995, 0.9772766432422474, 0.9900921172257588, 0.9904572211444418, 0.9749660271105199, 0.9801715965320454, 0.9429113517279499, 0.9738525556114204, 0.9768452883163473, 0.9784976972147795, 0.9500370007641836, 0.9877097812563044, 0.9908431582479184, 0.9890203421256708, 0.9929087734450706, 0.994149662527041, 0.991828245723284, 0.9870516678518735, 0.9870129241687162, 0.9879825521478284, 0.9873312252993311, 0.9897149744501779, 0.928694048020366, 0.711702011061509, 0.9322721814795023, 0.910672280171569, 0.7573919753090573, 0.9328348824094904, 0.899280642236772, 0.9339543527724103, 0.9288320276110783, 0.922108746428918, 0.9538098410053187, 0.9605167060557158, 0.9258557127049879, 0.9408455833485936, 0.9494078741129836, 0.9544203026321681, 0.9501668759696124, 0.9243018330433882, 0.884687839351218, 0.9173687833551495, 0.920552343494485, 0.9047532781770646, 0.8519608556618687, 0.9545358797285398, 0.930805035047223, 0.949865520349912, 0.9276839630886857, 0.7436951857017996, 0.783703406922141, 0.7242401281084366, 0.8043186440793244, 0.8537241321741847, 0.8497260216906276, 0.8244454683091369, 0.83783391210578, 0.27366245286937385, -0.5196350371808154, 0.9389462748768946, 0.9045648702772808, 0.9114004543295359, 0.9264660815860859, 0.9173007968871014, 0.9453945436631067, 0.9450593571049699, 0.9004521594261574, 0.9425228169913413, 0.8186410098226862, 0.5514871564135198, 0.9177813070445524, 0.9283356159044882, -0.005160512496216284, 0.889779385136431, 0.9153204628857198, 0.7871927140929841, 0.9753378735330237, 0.7783775166536602, 0.5879412408217433, 0.3655144666081465, 0.7842733952470416, 0.7842708405958064, 0.7725611586501965, 0.9794212332542701, 0.9794970434263804, 0.6538736015539961, 0.626255043657898, 0.7164749341637762, 0.24916725542754142, 0.6878712095298171, 0.7124660440710351, 0.7285229797204351, 0.7091623357559212, 0.6765177235917641, 0.6570516163599084, 0.6341753433207236, -0.3005172516254434, -0.4324253866928033, 0.5520168497041505, 0.8587881406043294, 0.8979243959489883, 0.8980712423384755, 0.8910453865742016, 0.7548504653383601, 0.871919943641089, 0.8863346869901769, 0.8955194608918587, 0.7404197001519669], [0.9999204444509846, 0.9997442796929551, 0.9851409085596725, 1.0, 0.9991275369250516, 0.9897110509551343, 0.9976986637970651, 0.9954452325836043, 0.9958400124833119, 0.9799215704944508, 0.9927254612786645, 0.995583629617834, 0.9949607146710788, 0.995502503083081, 0.9956282542460766, 0.9968521462502212, 0.9984327960016189, 0.996208101638754, 0.9962214791598724, 0.996332315836449, 0.9955323719419594, 0.985845567966117, 0.9683071505629469, 0.9880344864598226, 0.9869116273456954, 0.980369074928547, 0.9629496630285777, 0.9400315168894264, 0.9943444203493826, 0.9944719043683308, 0.9920339372599775, 0.9747407387198507, 0.9974194499643976, 0.9979156645003212, 0.9972187873185954, 0.9957247159881358, 0.9955549894321043, 0.9977824250072014, 0.9975876466261354, 0.9988289897080203, 0.9973439592877797, 0.9973556429350152, 0.977345259792794, 0.9254957860774115, 0.7631782184425463, 0.9070762808361627, 0.9242868634000898, 0.8472666711640721, 0.9691264322877025, 0.9411033495008748, 0.970099690423662, 0.9664350837852889, 0.9618113555500103, 0.984586855395354, 0.9814480385081489, 0.980803627116411, 0.9730135883372794, 0.9830022344349535, 0.9809240199659797, 0.9836003066145069, 0.9833467317998531, 0.9467883303057772, 0.961777203171504, 0.9685248532143719, 0.9682205036785527, 0.9334204553538223, 0.9729847802232564, 0.968142015714509, 0.9787213382514667, 0.9777081268496041, 0.9006743548588138, 0.8469686599023967, 0.8125062186935448, 0.8655209768348883, 0.8935768236329907, 0.8901892282641416, 0.8930053833921309, 0.8918211973478591, 0.49316395271911134, -0.5136870482399069, 0.9728071418388367, 0.9602318078640536, 0.9570652927901523, 0.9817734521477405, 0.9486685590853331, 0.9784985244470207, 0.9784577084883203, 0.9390499790927381, 0.9781942323885779, 0.9222627084842789, 0.58977446251118, 0.8385532651816877, 0.9143558211222516, 0.07897746664153821, 0.9143305603567157, 0.9364117700688882, 0.8027894935054227, 0.9547859397757583, 0.8900842010559743, 0.6757417493982352, 0.4402160166359315, 0.8867411697067026, 0.8568578351323433, 0.8822625249883878, 0.9660238417622176, 0.9663258214513157, 0.7369936904491412, 0.6964585603300053, 0.821577918167338, 0.3267175453204974, 0.7894496440364577, 0.8254464276158495, 0.8119195288155892, 0.8132476880178644, 0.730907211708616, 0.7355144555532731, 0.7148199911245423, -0.21662725527345975, -0.3532181626366309, 0.6036914910881679, 0.8993059567033597, 0.946088426639558, 0.9492600534349013, 0.9184895809683629, 0.82460055882272, 0.9169431650979971, 0.9391889981339491, 0.9391220111073988, 0.8689847719556686], [0.9988028985726062, 0.9970932151526406, 0.9921345813177682, 0.9991275369250516, 1.0, 0.992241248220005, 0.999060141758887, 0.9981336206704844, 0.998184767008742, 0.9728015305345261, 0.9973552292045117, 0.998192522170619, 0.9979150875834272, 0.9981708270379769, 0.99823698433052, 0.9984900242627185, 0.9991382551965183, 0.9986056210426499, 0.9986089922886446, 0.9982751733079552, 0.9981738437762258, 0.9930468884875565, 0.9762740824773548, 0.9930901055432417, 0.9929791452821478, 0.9847414522432955, 0.9779187344661103, 0.9436773614706973, 0.9910532335573677, 0.9929803188826205, 0.9902729355311685, 0.9656057130898478, 0.9989923459536707, 0.9990117359360625, 0.9989929908720064, 0.9983097145423689, 0.99859486736709, 0.999089299290379, 0.9991562255217317, 0.9990762404226584, 0.9989739786628113, 0.9989780628530857, 0.9881048962122088, 0.9355944706013394, 0.7395898736999853, 0.9243104421841879, 0.926294267395053, 0.8256127708113872, 0.9544613605847848, 0.9262656496846737, 0.9579495332391997, 0.9578501601860684, 0.9532884956831656, 0.9805611527826039, 0.980502053498796, 0.9758565392841618, 0.9655749325710932, 0.9767967041143215, 0.9755255688582313, 0.9771129432947334, 0.9767897093827841, 0.9479685981551902, 0.949737562404558, 0.9465288242340986, 0.9461143221621672, 0.894592955275376, 0.9690529001041825, 0.9657651869698364, 0.9729732659246373, 0.9718931528789599, 0.9259971190983235, 0.819035456519999, 0.7691969224045824, 0.8451179992289445, 0.893837019324081, 0.8732461283946991, 0.8828124860525841, 0.8816329862521723, 0.6493191646259615, -0.5855479227266642, 0.9641218111474268, 0.9451052211511425, 0.9438259198457354, 0.9771750094235568, 0.9320338565573582, 0.9693726758908067, 0.9688316061776543, 0.9255387344921643, 0.971698094482849, 0.930507320283706, 0.5739742521855289, 0.8672250547723883, 0.9359219404412908, -0.02820101830654351, 0.887528419101248, 0.9169973865415121, 0.7958449701211026, 0.9611427266414214, 0.8759438613260493, 0.5330641230519568, 0.31536384990660443, 0.8626928933103443, 0.8115161111381354, 0.8634361413854291, 0.970800958808403, 0.9710355003867248, 0.6876842444357847, 0.6749919626947134, 0.7326900624584021, 0.29849620577770436, 0.6642959717536805, 0.73863343606049, 0.7138619421694745, 0.694718637859751, 0.7124432791727485, 0.716410625677736, 0.6946453854934383, -0.44840979738264536, -0.5214589968007336, 0.5888803638258587, 0.8913184203978279, 0.9291405028764406, 0.9394615965061568, 0.9143881227580114, 0.7979905795766121, 0.8967503817978797, 0.9223048227593824, 0.9217586648090058, 0.801849746048267], [0.9888553387172399, 0.9895571227412888, 0.9890367044614725, 0.9897110509551343, 0.992241248220005, 1.0, 0.9893729670221496, 0.9889499117148814, 0.9882366828411723, 0.9670923013028203, 0.9772509321056666, 0.9889308620096611, 0.9899371198770416, 0.9890164571813929, 0.9891005195183074, 0.9919505470940007, 0.9900383990550793, 0.9899230683406983, 0.989891698794729, 0.9876981131950292, 0.9889423928492918, 0.9962638661207149, 0.991016467057155, 0.9882932822754016, 0.9879037531263812, 0.9620196303999404, 0.9832476549132318, 0.9643886371335081, 0.9756652368910698, 0.9786543958817373, 0.9876245058076991, 0.9754032552935538, 0.9894153366926061, 0.9894937217487608, 0.99034450938807, 0.9900070971091464, 0.9810176750149583, 0.9901391174328178, 0.9897309164246827, 0.98987081664334, 0.9895121113596717, 0.9894839149317509, 0.9939653936518503, 0.8892037650895711, 0.7508635629430902, 0.8794450618715028, 0.9263617514840506, 0.8579823604248914, 0.9441218839884261, 0.9146261816091877, 0.9456203810150939, 0.9517150431068389, 0.9428789620345559, 0.9657367194268919, 0.97017768387924, 0.9649663844013772, 0.9760042183781721, 0.9664915593691861, 0.9780943697691986, 0.9664929660377662, 0.9658954281969725, 0.9631767571712048, 0.9555417599520681, 0.9427396787775046, 0.9422595083504536, 0.9264103433486459, 0.9746067445393568, 0.9666556419603473, 0.9657316162301421, 0.963909843725637, 0.9426329270811281, 0.8470807766456906, 0.7990419128894699, 0.8673625902525475, 0.8880874583794974, 0.8950507433021763, 0.8794413358014167, 0.8775831436559808, 0.6191637547203636, -0.4842448463968439, 0.9712045588773736, 0.9640940565286582, 0.9611317934090926, 0.9662147586117549, 0.9477674198907011, 0.9722474772471101, 0.9719320239995951, 0.9481541050332402, 0.9617197401183755, 0.9482351708153042, 0.5876624721954568, 0.7920404645946625, 0.9292279821419832, 0.07696756923546998, 0.9013508446613877, 0.9222027619919657, 0.8000180916558272, 0.9503665415274551, 0.8492961922509603, 0.632346999472216, 0.42685754326982067, 0.8464056711468486, 0.8196134568243275, 0.842848666487574, 0.9528971063617366, 0.9530185154915015, 0.7029572742700134, 0.6786641156913257, 0.7694119119995035, 0.3281911763917765, 0.7446323651769879, 0.7750596661313471, 0.7607002430692074, 0.7634800612466865, 0.718736061649403, 0.7088523122525432, 0.6902385032535828, -0.2475327932644511, -0.3717663499965807, 0.640887238718763, 0.8910546477471679, 0.9091052076179924, 0.9160221137222362, 0.9033984805424427, 0.8030523300713778, 0.8773371094273765, 0.9008882046272583, 0.9008001845562603, 0.8479362966358033], [0.997307730712306, 0.992135227155821, 0.9905164751382938, 0.9976986637970651, 0.999060141758887, 0.9893729670221496, 1.0, 0.996986130204008, 0.9995114970934957, 0.971054059792782, 0.9993811617579476, 0.9980029420201433, 0.9990402625353832, 0.9989476703612883, 0.9987032440102549, 0.9980215162691176, 0.9998569416363048, 0.9992014924652558, 0.9992073263036807, 0.9996297316116537, 0.9991681339782013, 0.9904285782223919, 0.9728866769415463, 0.9832426800237044, 0.991988517813859, 0.9836744712795221, 0.9698311028344269, 0.9385111977098183, 0.992601670446797, 0.9916780097218755, 0.9929678062609524, 0.9708261868172747, 0.9987417044435184, 0.9998018469988669, 0.9995930773868129, 0.9993582060902981, 0.9996062225019037, 0.9998344275446372, 0.9977519801333422, 0.9995342924258741, 0.9992201208968486, 0.9987998767146241, 0.9831055693442725, 0.9373460771004833, 0.7514340131807823, 0.9323143583297508, 0.9285435421501514, 0.8110726454937268, 0.9618606835256887, 0.9399808201460851, 0.962744165355973, 0.9605549917908084, 0.9565838400683787, 0.9822096365639097, 0.9799987669662796, 0.9357436344638036, 0.9512486011721614, 0.9660416785528422, 0.9664478346599374, 0.9680258027896596, 0.9363889288780671, 0.8801159599981623, 0.9386977716641765, 0.9524696196183209, 0.929133761113548, 0.8670092263829811, 0.9576936184975721, 0.9238387901892241, 0.9592115008852975, 0.9358356140112284, 0.7083840738466337, 0.8132189570071972, 0.746524286673529, 0.8300882858604647, 0.8610424319854945, 0.8642277158705673, 0.8457563471913694, 0.8581405153252333, 0.22830751753737638, -0.5501354122796228, 0.9538720984584435, 0.9272038954379188, 0.9281712622396396, 0.938523836876447, 0.9301768172977992, 0.9629525979100414, 0.9630369982690756, 0.9163128777955494, 0.9590041405472448, 0.8040310470111764, 0.5718133412875301, 0.8718956878911002, 0.9137543304002832, 0.05626478714649167, 0.9119000748526945, 0.9352077092368261, 0.7961233745758236, 0.9615206575843537, 0.8304864614924966, 0.6609804791087383, 0.4216773888797491, 0.8420784599521556, 0.8341071337503394, 0.8273797606918899, 0.971466406063129, 0.9717882056972823, 0.7210036626235712, 0.6700808456876982, 0.7853698812848859, 0.29301124198587875, 0.7648271123272468, 0.793848357604437, 0.7852585543095557, 0.790420163116556, 0.7076959571486244, 0.7202906687758156, 0.6976957735673686, -0.2377503582506029, -0.3814541645104293, 0.6091653708213189, 0.8911421014788911, 0.9313947094887914, 0.9462924100796377, 0.916365206263806, 0.821579858120794, 0.9155611326616899, 0.9378792038593938, 0.9372290182387479, 0.7740510582189722], [0.9948764185981789, 0.9868428556001829, 0.9907914919129372, 0.9954452325836043, 0.9981336206704844, 0.9889499117148814, 0.996986130204008, 1.0, 0.99998322507105, 0.9647241312803719, 0.9995919984157916, 0.9999968429512253, 0.9996419554539175, 0.9999976812861066, 0.9999804927437255, 0.9962107438165425, 0.9990288901780789, 0.9998780998738934, 0.9998779012970939, 0.9999531030148047, 0.9999942191577856, 0.9906064827436487, 0.9737634330661876, 0.9912113490403501, 0.9924610550093419, 0.9798418788977054, 0.9719916865151981, 0.9368942002849531, 0.988963439309342, 0.9944651263632255, 0.9917353306563264, 0.9674760750312074, 0.9994224014257831, 0.9994671553087279, 0.9996085855126158, 0.9996591810996526, 0.99861376201746, 0.9993643680216571, 0.9990814715615635, 0.9982346457026406, 0.9994930770574303, 0.9993514655334764, 0.9843911291593401, 0.9389659649715054, 0.738533399138543, 0.9413896638763529, 0.9273519044124232, 0.7885799954056172, 0.9607460317450964, 0.9350548956080028, 0.9612820227443124, 0.9542132523780541, 0.9503350278020932, 0.9803786697051076, 0.9767822477355036, 0.9294370374274021, 0.9434899993237607, 0.9571231730552592, 0.9615084232542938, 0.9596796389088729, 0.9342647781991927, 0.8672352965749782, 0.9315942204054879, 0.9439788943201285, 0.9227829135418562, 0.8501461981931133, 0.9530164257171757, 0.9152613498884361, 0.9516105184019421, 0.9298791761751414, 0.6887999324921442, 0.8019878689397346, 0.7413325000349835, 0.818694901860105, 0.8510039037064748, 0.8572284797047091, 0.8400923797257326, 0.8491644747351631, 0.2056536926091779, -0.5577316080947748, 0.9473435986170458, 0.9144469765729789, 0.9178669319460807, 0.9360949060857595, 0.9222843263088565, 0.9567082485800713, 0.9568063827879623, 0.9073922450490104, 0.9495679113216792, 0.786499907057498, 0.5654493713629715, 0.8970748136789605, 0.9272621473977862, 0.04081871110378188, 0.9106061302889216, 0.9343478095825595, 0.7931422212927705, 0.9665637797596637, 0.8350851276467659, 0.6473594089217376, 0.4083217938205305, 0.8440588681390909, 0.8313242922315747, 0.8315952957748803, 0.9747072432155879, 0.9750254720318254, 0.7106354263867528, 0.660468086153641, 0.788128708658834, 0.27671023268924483, 0.7599133918422725, 0.7899782752549019, 0.7872771520993863, 0.7852722583446731, 0.6993519493498574, 0.7135540938053513, 0.690196358384402, -0.2557693569525471, -0.39858077674960224, 0.5876026191774577, 0.8822311351271998, 0.9294557244876548, 0.9385838257177358, 0.9097394722006766, 0.8097198186863959, 0.9091244082772009, 0.9316643065913793, 0.9312841773536596, 0.7528921932004324], [0.995151161792717, 0.986894945677081, 0.9941370724293223, 0.9958400124833119, 0.998184767008742, 0.9882366828411723, 0.9995114970934957, 0.99998322507105, 1.0, 0.9640389165547266, 0.9995898535708087, 0.9999811341204015, 0.9998220445664407, 0.9999894811088128, 0.9999963671557236, 0.9989217918027719, 0.9990153676183138, 0.9998071489630704, 0.9998064380998052, 0.9999655634488395, 0.9999819507299363, 0.9932940731870632, 0.9748527086317417, 0.994533194494227, 0.9947033806250022, 0.979877740584483, 0.97616529899255, 0.9381027281158625, 0.9894925004586256, 0.9934899603078523, 0.9887837065952365, 0.9629004189128565, 0.9993320932803258, 0.9994118882942057, 0.9994066017580805, 0.9998239683827533, 0.9986339337257175, 0.9993624978875041, 0.9993012867726756, 0.9982007178988745, 0.9993241824688116, 0.9993190450970387, 0.9886197577450884, 0.9392545352823488, 0.7396089392752149, 0.9419909025016788, 0.9285017324924332, 0.7889542321211575, 0.9495521641887901, 0.9210314319054838, 0.9525935237016329, 0.9517785069340342, 0.9479144219205573, 0.9775470137707962, 0.9769788550445188, 0.9635011744701796, 0.9439561785403033, 0.9643719161553985, 0.9615318681996065, 0.9647916950555324, 0.9644030994715329, 0.9332619694667825, 0.9307777218360109, 0.9343684043249224, 0.9339584377113956, 0.881236750137019, 0.9533329168632125, 0.9547727496621716, 0.961177594291774, 0.9598122499896428, 0.9109414469547344, 0.8012172244248331, 0.745173297557743, 0.8179426661467035, 0.8723874608817296, 0.8550839182981087, 0.8632832168765365, 0.8622558315987164, 0.5905303647869534, -0.6214666622328239, 0.9472164457666012, 0.9144640671242954, 0.9179230685608893, 0.9650629414141213, 0.9142424403536094, 0.9561023035634549, 0.9555092034424891, 0.9081390336481151, 0.9587075217545119, 0.9134319121772251, 0.5632694930752691, 0.8964904327143168, 0.9434339146445769, -0.01924273174340139, 0.8947220717457343, 0.9232598792636094, 0.7921759903181501, 0.9650503783300695, 0.8824355859426093, 0.5576329560260036, 0.3347692138652209, 0.8698010840615343, 0.8197503196003602, 0.8712693519824578, 0.9745945552421008, 0.9748907393609592, 0.7085169436252561, 0.6573636198798052, 0.7487369839416241, 0.2742665087573735, 0.6823754030023639, 0.7542033817343062, 0.7314860549659111, 0.712941817456425, 0.696426379685875, 0.7101197792578217, 0.6867145870396295, -0.4997758368836691, -0.5747066529474574, 0.5876282299309189, 0.8811255111101844, 0.9277983012354106, 0.9393035093129494, 0.9087293958747458, 0.8042978248394795, 0.8965839083184919, 0.9210531351987321, 0.9204762259981721, 0.8103113691105908], [0.9800719440774294, 0.9657337378165439, 0.9528634438042942, 0.9799215704944508, 0.9728015305345261, 0.9670923013028203, 0.971054059792782, 0.9647241312803719, 0.9640389165547266, 1.0, 0.9471864778005509, 0.965123502779252, 0.9639842910094815, 0.9648457303086573, 0.9643908685090768, 0.9662679120133977, 0.9753904831878977, 0.9697517590092846, 0.9697587928196808, 0.9649011097432078, 0.9649789931893833, 0.9646913379326661, 0.9499881056973563, 0.9720624171926633, 0.9698978818095891, 0.8772028871271867, 0.9681032875579213, 0.9481352913748897, 0.9742578724619549, 0.9680354738733671, 0.9679124987367316, 0.931726200441438, 0.9735354452166255, 0.9730860482681154, 0.9735979295018214, 0.9651102095905423, 0.9556471879244344, 0.9725766769663363, 0.9734151043742959, 0.9779395101770203, 0.9737350411834959, 0.9737519419750288, 0.9553218554491463, 0.839061026006153, 0.5609870783897858, 0.7751966557338625, 0.8961548474959776, 0.8819955154400755, 0.9020729709639151, 0.8178085418975902, 0.9065738030716796, 0.9140552618228499, 0.9038502486532198, 0.9283114670941216, 0.9281555669079324, 0.9452106879190124, 0.9366639203445013, 0.9555476752107559, 0.9491394251359705, 0.9537436297077214, 0.9537764988739845, 0.9134730040957916, 0.9511217166951076, 0.9335276135429902, 0.9331876950809878, 0.8477899045827513, 0.9370091827390136, 0.9455479146381262, 0.9383632741963115, 0.9373899149212812, 0.888903045516857, 0.8093474953576419, 0.7639496675419994, 0.8546198821996666, 0.9095360459785639, 0.8790729639964305, 0.8943233395097321, 0.8935590619580274, 0.6934938486315021, -0.2958638999456014, 0.9529847078459187, 0.9550497970596655, 0.945908052705554, 0.9471826637907478, 0.9158648549267387, 0.9543739866026455, 0.9542130058774314, 0.8989871845939311, 0.9568020621913473, 0.9051572341178314, 0.686801138814625, 0.6400599936758483, 0.8602156336501328, 0.018037733538260953, 0.8443511891384939, 0.8849722414513409, 0.8689448149314803, 0.9481166985575783, 0.9035086985387145, 0.466125240656218, 0.38855981703646586, 0.895866150147308, 0.8702487427285248, 0.9018855488226151, 0.9486163948037606, 0.9489671252880595, 0.5356165264966402, 0.6976595692741814, 0.6120239950610744, 0.4813904658823769, 0.5696512408866642, 0.6268281116158103, 0.5874564584900438, 0.5649140081596759, 0.7956068267867565, 0.6725447859838506, 0.6371258258387423, -0.2660962637177016, -0.3103092802070258, 0.7371123384031206, 0.9155364741014094, 0.9214687790686251, 0.907037814431137, 0.9402915218541169, 0.6461044152840557, 0.8362519889347191, 0.9073356855873657, 0.9064371042712981, 0.6907173040178328], [0.9909523847305675, 0.98966131094302, 0.9965665281639914, 0.9927254612786645, 0.9973552292045117, 0.9772509321056666, 0.9993811617579476, 0.9995919984157916, 0.9995898535708087, 0.9471864778005509, 1.0, 0.9996272565655401, 0.9996011203088129, 0.9996097416753025, 0.9996185216439731, 0.9993304527440984, 0.9985817313130185, 0.9999486276672234, 0.9999490678466995, 0.9996084684522181, 0.9996194062814777, 0.9889042015375673, 0.9528672122473377, 0.9898095063317676, 0.9910865269279142, 0.9853692240864188, 0.9662980316176649, 0.8865542010702545, 0.9880495306951862, 0.9918797530342964, 0.9711877458664302, 0.8913399372718479, 0.9990836636962515, 0.9991563537054802, 0.999073453977951, 0.9994235659900538, 0.999348696803778, 0.999088987241624, 0.9989377136018974, 0.9969068154250736, 0.9990493330266901, 0.9990463006456998, 0.9882238262796093, 0.933005645106083, 0.6159370724455627, 0.9365803406424295, 0.927570988247156, 0.7940563737628148, 0.8716558277910187, 0.8902169609590398, 0.8773222968273414, 0.8817238842751441, 0.8685036412639684, 0.9504668720317475, 0.9503747042521419, 0.94337660339738, 0.9459866074931733, 0.9329342512516171, 0.9357462657009119, 0.938235705271685, 0.938021718515415, 0.8801298276277069, 0.8920685093769363, 0.844410317343934, 0.8442381509270982, 0.7063846475174006, 0.9390900304841415, 0.9429009227736682, 0.9432968855862731, 0.942618116018497, 0.8837936531376327, 0.5466762260585406, 0.48015540227808096, 0.6499762801389579, 0.7617032694874437, 0.6782644867152987, 0.7238452089340195, 0.7228776373015506, 0.4656231132859182, -0.3902704330475764, 0.9065162810477274, 0.9189167707615542, 0.906133008330877, 0.9452152649753784, 0.8853851565241551, 0.9136434488653143, 0.9121285720213385, 0.8296398073043267, 0.9189581282720689, 0.8389637586472372, 0.42824569500160453, 0.8918006034459994, 0.8921646963287955, -0.28918428070846974, 0.6232030282308584, 0.7265604069181837, 0.6233336169000231, 0.9664576982160712, 0.6446522977213136, -0.11811908685737056, -0.06889655435926717, 0.616320918600357, 0.6218771194194685, 0.6641584152919477, 0.9680320280016328, 0.9680894330438611, -0.054617051885182094, 0.16253231854819206, 0.027915180769181817, -0.004320743326882852, 0.02158839452996243, 0.04044653682523922, 0.00838040406700108, -0.03572173290289465, 0.3296127996824263, 0.07552041823223887, 0.026227829902332817, -0.5275845279658328, -0.5543973188133289, 0.5877256657321985, 0.7307228526107834, 0.7528559765052599, 0.8187948377058428, 0.8162264514757052, 0.49284652499002807, 0.7128320522196812, 0.7518647203863335, 0.7505013197216733, 0.40126901684476945], [0.9950320648417066, 0.9871535033912131, 0.9907011507102249, 0.995583629617834, 0.998192522170619, 0.9889308620096611, 0.9980029420201433, 0.9999968429512253, 0.9999811341204015, 0.965123502779252, 0.9996272565655401, 1.0, 0.9996289133992035, 0.999997610134677, 0.9999836776576282, 0.99688333194821, 0.9990941344184469, 0.9998903295883057, 0.9998902395924179, 0.999961125110977, 0.999994709599698, 0.9905252221604816, 0.973649187480392, 0.991863612445135, 0.992430969140507, 0.9801007529857877, 0.9718386760212061, 0.9369321007149549, 0.9898373977048242, 0.9945045681184947, 0.9917924134666989, 0.967599653241588, 0.9994629421810269, 0.9995110293208765, 0.9996422774929586, 0.9996620927825735, 0.9987128162330445, 0.9994112205641391, 0.9991185289504917, 0.9983247043919954, 0.9995351900454863, 0.9993927269607026, 0.9842186926654225, 0.9391578349069541, 0.7391771546388449, 0.9411848124189307, 0.9275144318718456, 0.7897476932193782, 0.9610301185326943, 0.9354555419596167, 0.9615754844580702, 0.9545535809601104, 0.9506874861403822, 0.9805985562523962, 0.9769478856029891, 0.929804965582494, 0.9438354887220725, 0.9575035626517114, 0.9617401507293132, 0.9600494596058914, 0.9345597066814716, 0.8675654365355175, 0.9319693704442606, 0.9444444297101051, 0.9232427249895868, 0.8506822814984707, 0.9532102812279962, 0.9155724257310333, 0.9519201563127094, 0.9302318860438891, 0.6890843118241661, 0.8025728875674112, 0.7419248803252173, 0.8192778934169286, 0.8514473702914093, 0.85758568811673, 0.8405711190905027, 0.8496747747479801, 0.2061164844101517, -0.5574979547460424, 0.9476621749398483, 0.9150859619225136, 0.9183607802079534, 0.936375308160685, 0.9226319263966501, 0.9570162269180783, 0.9571138623771602, 0.9077556291196601, 0.9499728182363817, 0.7869047149025421, 0.5658177602247076, 0.8959690391664381, 0.9267201604993585, 0.04160606032645269, 0.9107149411471107, 0.9344442569380282, 0.7934559654290009, 0.9663982899978344, 0.835493553270304, 0.6482864715879958, 0.409184691408993, 0.8444947614249134, 0.8318467783492315, 0.8319916088677305, 0.9746320964161672, 0.9749511139898291, 0.7112902001223196, 0.6611203269534783, 0.7886592327372137, 0.27767322189516874, 0.7605823477892236, 0.7906214700533518, 0.7878121402071908, 0.7859458214836831, 0.6998211004644912, 0.714013322992787, 0.6906897330135694, -0.25468208327983327, -0.39758909592527875, 0.588312800243174, 0.8827300358902902, 0.9298342635512742, 0.9390613021511491, 0.9101737149331205, 0.8102565784412786, 0.9096424494493011, 0.9321689969247756, 0.9317742787931111, 0.7535464452880248], [0.9941952451088946, 0.9869313148516878, 0.9926737495353618, 0.9949607146710788, 0.9979150875834272, 0.9899371198770416, 0.9990402625353832, 0.9996419554539175, 0.9998220445664407, 0.9639842910094815, 0.9996011203088129, 0.9996289133992035, 1.0, 0.9996655316594792, 0.9996485422099264, 0.999034903381311, 0.9985315405923152, 0.9994347203331349, 0.9994282283590499, 0.9996434379810994, 0.9996185040066308, 0.9925202419455269, 0.9753125986995489, 0.9953532857899152, 0.995242993756958, 0.9798917851489849, 0.9747351203992766, 0.9396198265503244, 0.9890586940476861, 0.9925210309828866, 0.9909068844638014, 0.9652200723668157, 0.9987408358601765, 0.9990419438329424, 0.9992354836513294, 0.9999238654178829, 0.9986512863962187, 0.9989872847653838, 0.9985453697400026, 0.9975544859373502, 0.9987301027864233, 0.9986533501886147, 0.988159651898668, 0.9391590671972768, 0.7355128094745528, 0.9413829097101454, 0.9274689255462855, 0.7890145643636329, 0.9574994748307233, 0.9283174153453746, 0.9583017876518315, 0.9512602861086661, 0.9468721292169041, 0.977078690710517, 0.9749017655915628, 0.954410744240906, 0.9434219907848436, 0.9577047174560801, 0.9606625228293296, 0.9597611164276563, 0.9590554625698405, 0.8716566462737744, 0.9285293876236375, 0.9426588921390137, 0.9424296296733512, 0.8484979976407295, 0.9533071581683832, 0.92829098147322, 0.9538028367331334, 0.9522942960261149, 0.6930524389482521, 0.7991725812523377, 0.7636214713745337, 0.8165441078650345, 0.8529249679751378, 0.8564468870064113, 0.8483999376720844, 0.8486345865633, 0.1894993558702324, -0.5521041029185635, 0.946428636726413, 0.9146862509036965, 0.9170145618197472, 0.9575738705859825, 0.9225778895482833, 0.9554889210011847, 0.9555426149259819, 0.9069965909379591, 0.9502504209903143, 0.793860135070025, 0.5663275536387726, 0.8966197398963603, 0.926921618382453, 0.035960976578726184, 0.9082493228670145, 0.9323908992611774, 0.7945769173999907, 0.9692173692238097, 0.8287203343609362, 0.6405307980984266, 0.40423441185433934, 0.8355495257664981, 0.8265017966192534, 0.8235379057597944, 0.9766771813364468, 0.9769466881107712, 0.7018512073987644, 0.6553580519251088, 0.7672142137220893, 0.27734926343242017, 0.7504123853409875, 0.7791297263667066, 0.7556614002149304, 0.7747429497822321, 0.6972591017858449, 0.7032421513083077, 0.6801884509974105, -0.2616861964033274, -0.40295079715848703, 0.587825105076347, 0.8805144757110386, 0.9314632626651029, 0.9346186041706543, 0.9093849821410248, 0.8022241169814347, 0.9030611669594083, 0.925199095549981, 0.9254160820948769, 0.7481168550388075], [0.9949354906204628, 0.9869884089570382, 0.9908594885805891, 0.995502503083081, 0.9981708270379769, 0.9890164571813929, 0.9989476703612883, 0.9999976812861066, 0.9999894811088128, 0.9648457303086573, 0.9996097416753025, 0.999997610134677, 0.9996655316594792, 1.0, 0.9999879139379348, 0.9985302739471233, 0.9990516423935868, 0.9998819900636362, 0.9998814483115404, 0.9999553487887847, 0.9999918923981984, 0.9906465644591081, 0.973821436861992, 0.9937868287187844, 0.9936539071115207, 0.97999485123999, 0.9720387609332773, 0.9370912610656826, 0.9923385691737275, 0.9948439354832773, 0.9916731363653528, 0.9673679632456827, 0.9994391833750766, 0.9994728312457902, 0.9996194673141809, 0.9996795032682515, 0.9986599680425453, 0.9993767396209954, 0.9991514144251621, 0.9982572453749162, 0.9995073791551164, 0.9993690839921434, 0.9843733019347578, 0.9390168952262224, 0.7386326922987531, 0.9413326376073546, 0.9274835828264167, 0.7891299414937315, 0.9608569237494909, 0.9352406138935723, 0.961435894331512, 0.9541831192195188, 0.9502794738816446, 0.9804300261744547, 0.976745644020082, 0.929821218790153, 0.9436710014747529, 0.9573392141976004, 0.9615802599142753, 0.9598774583536561, 0.9339268999660711, 0.8675003265732255, 0.9314213081176637, 0.9440608187179719, 0.9230541505223178, 0.8502935381103112, 0.9532010053620749, 0.9157183316432015, 0.9518769831548626, 0.930283978967158, 0.6892375516608675, 0.8019259056477768, 0.7416559052841805, 0.8186811619360712, 0.8512104046573928, 0.8571938972377054, 0.8402811100009868, 0.8493720804245221, 0.20604087672036925, -0.5573845738352258, 0.9474137814094726, 0.9147490148329205, 0.9181002473498266, 0.9338392478345899, 0.922575883111891, 0.9567903661248961, 0.9568851564194156, 0.9075846523792982, 0.9497836578005242, 0.7868285910056424, 0.5655519786911474, 0.8965551184289086, 0.9270920737490198, 0.040833655073142516, 0.9104595676611369, 0.9342333268210634, 0.7931506762267186, 0.9665814816697628, 0.8351534902140233, 0.6472391346759303, 0.40824532104865374, 0.8441107151124376, 0.831503655674145, 0.8316565538061704, 0.9747639106927611, 0.9750784148844296, 0.7101614112611992, 0.660034240822974, 0.7881359389637029, 0.2770515607068514, 0.7599104088103943, 0.789915451314289, 0.7874807718606052, 0.7851837601807605, 0.6992460592735431, 0.7126751302480109, 0.6893555821346201, -0.2555477709471325, -0.39835398020120916, 0.5880082063150294, 0.8821542621925795, 0.9296230304803258, 0.9386700686437562, 0.9098001786232781, 0.8095301296695854, 0.9093859815275984, 0.9317453317706544, 0.9314847973286953, 0.7530349332522467], [0.9950859800001337, 0.9870988245682928, 0.9907585904169031, 0.9956282542460766, 0.99823698433052, 0.9891005195183074, 0.9987032440102549, 0.9999804927437255, 0.9999963671557236, 0.9643908685090768, 0.9996185216439731, 0.9999836776576282, 0.9996485422099264, 0.9999879139379348, 1.0, 0.9985280009400451, 0.9990948251731195, 0.9998783863861452, 0.9998783988408153, 0.999955288115643, 0.9999761644561698, 0.9905460022064777, 0.9738330302694544, 0.9921526506594158, 0.992211568349532, 0.9801330620566253, 0.9717350441854263, 0.9371021528179864, 0.9923842454824685, 0.9944259354506952, 0.9915297032591275, 0.9673165440481574, 0.9994835484027297, 0.9994619369850681, 0.9996107637119566, 0.9996693909984115, 0.998684915389302, 0.9993863759565258, 0.9991860279071284, 0.9983136362567885, 0.9995426501535328, 0.9994190123186267, 0.9841191860054064, 0.9390082080181696, 0.7394621324836518, 0.9414213766817743, 0.9280804918115586, 0.7894751000844751, 0.9614904934147376, 0.9364060771927871, 0.9621361816525984, 0.9544594973599659, 0.9505663806650982, 0.9809514168574793, 0.9769681546613631, 0.9306844892725483, 0.944177426176481, 0.9577732654683069, 0.9617414764214693, 0.9603204532307987, 0.9353721344299155, 0.8676783163082109, 0.930962612628321, 0.944405808160867, 0.9238483011375783, 0.8502322862693023, 0.9536152179662176, 0.9164178663656517, 0.9524535477713579, 0.9312674630422281, 0.6890313237602711, 0.8015234903906834, 0.7427985282103249, 0.8182330827704499, 0.8512378778777854, 0.8566877917611849, 0.8408578668650307, 0.8498011315845286, 0.20571761501132582, -0.5568189794983724, 0.947440959016423, 0.9149748551613756, 0.9183251816405505, 0.9372492982925118, 0.9232161990768623, 0.9569445478804882, 0.9570882983488894, 0.9079391891667193, 0.9501738983618321, 0.7867946763599352, 0.5641116530265275, 0.896276295422715, 0.9267699422327623, 0.039606448144908726, 0.9099313512117775, 0.9337182430819861, 0.7922148100070021, 0.9661913663843389, 0.8361348666279176, 0.646841441588688, 0.4072741599724153, 0.8446723321253269, 0.8319045207383465, 0.8324427621119929, 0.9745379081998001, 0.974833808594274, 0.7088411162889006, 0.6577401208136328, 0.78923030446506, 0.2753464544116539, 0.7601372423764167, 0.7902900818621351, 0.7887728408030014, 0.7853778689121685, 0.6973905222291451, 0.7103190401025689, 0.6869672445423194, -0.25471795524600255, -0.39759525343450186, 0.5877924935770228, 0.8812951582852752, 0.9302226992677547, 0.939183189820524, 0.9090229083515808, 0.8097160841026938, 0.9104334859616903, 0.9323459162481764, 0.9322339432070226, 0.7529302560087806], [0.9963146260074002, 0.992606303156858, 0.9913121497134862, 0.9968521462502212, 0.9984900242627185, 0.9919505470940007, 0.9980215162691176, 0.9962107438165425, 0.9989217918027719, 0.9662679120133977, 0.9993304527440984, 0.99688333194821, 0.999034903381311, 0.9985302739471233, 0.9985280009400451, 1.0, 0.9987689397228691, 0.9989144766267741, 0.9989122837813332, 0.998738530530988, 0.9984159378105166, 0.9919688799034451, 0.9766204571953631, 0.9825787460162735, 0.9892761413405158, 0.9869214337286879, 0.9737461454054791, 0.9449794650534551, 0.9935136368989999, 0.9932152961318748, 0.9906534689167894, 0.9677892011034577, 0.9987735013547172, 0.9987404501455958, 0.9989538340362338, 0.99854675253329, 0.9993467028634566, 0.9988701501275179, 0.9989009815965466, 0.9981555781864726, 0.9986446072674529, 0.9987240528221929, 0.9828502244832272, 0.9319183675457623, 0.7461863227185501, 0.9336174483433469, 0.930753228066984, 0.8081826675859324, 0.9651334767817147, 0.9408470198939711, 0.9663846066358347, 0.9549909014676258, 0.9497726225530027, 0.9817391391690765, 0.976747222603991, 0.9438990811621943, 0.9540296350863418, 0.9649582885319258, 0.9662890678840306, 0.9666027453296694, 0.9474704070395309, 0.879998609519056, 0.9350171794326968, 0.9496230717919327, 0.9352907879414913, 0.8615935990825584, 0.960040312797511, 0.9305808766274275, 0.9603121672481028, 0.9444899397251907, 0.7073587127133356, 0.8096201892487861, 0.761119938729641, 0.8276346372860371, 0.8642671338994405, 0.8641003