var element=document.getElementById("correlationClose");if(element.style.display!='none'){var correlationClose={"data":[{"type":"heatmap","z":[[1.0,0.9999889149634394,0.6674418867789483,0.9997327669128334,0.998038859219596,1.0,0.9925122771239723,0.9889998591840522,0.9889998591840522,0.9931335036489085,0.9771081169954033,0.9870387112767463,0.9925471499823544,0.9929473176983921,0.9925971116873833,0.792591770756737,0.7259448658953449,0.2971878536241219,0.9934054726992316,0.9934007331952518,0.985602672740467,0.9925401708682443,0.41035561431554257,0.742127087718141,0.982088839221265,0.982088839221265,0.9820696338676638,0.9754126774553286,0.32464710972506544,-0.12316042310802512,0.9896664338780535,0.9896287478135447,0.2753973221603746,-0.19729880762119564,0.9947535701562047,0.9953111880487592,0.849004776146003,-0.35938709259740004,0.9906604300239585,0.9952969218912132,0.7776702107910433,0.2779154861012317,0.9948904202925558,0.99488788589386,0.9948904202925558,0.8937036152053002,0.6533796926385067,0.9113004003722578,0.9167732899259705,0.828426210645515,0.37699798398668094,-0.17410543845869195,0.20917948366487712,0.9482800140736559,0.38656845285009245,0.9750600644142204,0.9708296158575197,0.9804953522280401,0.989733153234676,0.9315438903854073,0.939234185777914,0.9457628004589277,0.9311691360198023,0.9430526572809805,0.943715681616139,0.9430526572809805,0.8850865457585418,0.9230376586895501,0.9239744525480501,0.9230376586895501,0.9237421139244121,0.7904172836563397,0.8966784727320016,0.8979464716796759,0.8966784727320016,0.7014206757863114,0.3825331844160876,0.687275044775529,-0.5496140446406051,0.59290784592378,0.6145505526037672,0.6148029364048603,0.6145505526037672,-0.09636041714570734,0.9120984474943851,0.9433493385295804,0.9275772762837171,0.9329000601162922,0.2854647740450213,0.9071774099618951,0.9079333182858079,0.9071774099618951,0.9115828684302613,0.9115828684302613,-0.09857176338411211,0.5883842663404834,0.16126423611771584,-0.6745772713997147,-0.5870371913750797,-0.590711401108513,-0.12280742144570325,0.12113189957380414,0.21059818796024385,0.019649755939149166,-0.5403161111951557,-0.011421110248168189,-0.7966870837437383,-0.2794653210129261,0.16007691472423716,0.1615964054779124,-0.5693245672650636,-0.5797106103888207,-0.2709470924201052,-0.5119655277081413,-0.8168824125443274,-0.4005194568310061,-0.39270794724238206,-0.4005194568310061,-0.21654744058909992,-0.3321850055270052,-0.3321850055270052,-0.8048458147707032,-0.8048458147707032,0.38865067735045444,0.6291216809671287,0.8539304833220489,0.839621549084837,0.7562927718165644,-0.3245812447777953,0.7474283537718777,0.780041680226148,0.7802496894962834,0.780041680226148,-0.19406376676444959],[0.9999889149634394,1.0,0.9800941759230712,0.9994670118657848,0.995808313131994,0.9999889149634393,0.9846302735117564,0.9788671639267436,0.9788671639267436,0.9844944550244116,0.9715697976741006,0.9858308443146476,0.9846624473569989,0.9846074010535,0.9845074814041977,0.21106603867534698,0.12050889901696708,-0.4221650482270828,0.9882541083235126,0.9882449787099208,0.9847081134008183,0.9847075323396285,-0.1424519194492727,0.9792410210668345,0.9798356484177287,0.9798356484177287,0.9798717341655069,0.9756754826487446,0.11396174184260321,0.13604276012833005,0.9821198538624698,0.9821633791019275,0.8336947403897863,0.1225082129429151,0.990752292637555,0.9907928102297702,0.9913389925565713,0.9857521856960432,0.9897399360679874,0.9908490799413527,0.16457759580304224,-0.4271162006078574,0.9913964235932927,0.991389782928322,0.9913964235932927,0.8933801447968327,0.5009985052251075,0.9112575663975102,0.9166281977217081,0.8278964338181608,-0.30791453497604704,-0.4943493892166892,0.8384291451332301,0.8806231843676209,-0.2499251547062334,0.9376454058627879,0.9377845251533464,0.9579898950254356,0.9776120871451194,0.9505866672043831,0.9569243492170963,0.9423761051578158,0.9423988101528409,0.9463140911812273,0.9467533330712705,0.9463140911812273,0.8552201772241975,0.8296911636771395,0.8314355807709221,0.8296911636771395,0.9525145724670975,0.9557295220021079,0.9524974625885858,0.9532907150545478,0.9524974625885858,0.6187141832500958,0.5676030922824019,0.659544615851399,0.737616134527917,0.6468462893935599,0.670737032467196,0.6713836630565025,0.670737032467196,-0.16010842059131028,0.915704626777093,0.93858719409871,0.9305526367282654,0.9555520672683951,-0.28304859382200565,0.9120098302145121,0.9122355005419017,0.9120098302145121,0.9190699274160341,0.9190699274160341,-0.18567134907896227,0.5887483970472502,-0.36625300036683567,-0.7705259438501278,-0.45955643177120953,-0.4632923970887514,-0.37238185824780495,0.26621353696515965,-0.2579917586272387,-0.48421630400659366,-0.7207467835493858,-0.3475666994082758,-0.47801095709813324,-0.40829676901852785,0.13150631056803547,0.12854178286906154,-0.48759639461873955,-0.45237966285534664,-0.4810708610936966,-0.5122380188191079,-0.5045063064903723,-0.48340296376582,-0.48659282709156065,-0.48340296376582,-0.36061378908323816,-0.5297044516439754,-0.5297044516439754,-0.4995747235045383,-0.4995747235045383,0.3872731421049816,0.36475821067941877,0.49183211415996664,0.5929934457085689,0.5224319079154226,-0.4368003548408193,0.36367593440475315,0.31224380644899874,0.31238991197462107,0.31224380644899874,0.16181907679445992],[0.6674418867789483,0.9800941759230712,1.0,0.6642203409951123,0.5964927315272726,0.6674418867789483,0.6489598408490262,0.640924097724077,0.640924097724077,0.591639146384984,0.5540816333681577,0.9953268737621601,0.648974349099441,0.6424980426851269,0.6491511184435304,0.4280725591487237,0.40488789015870796,-0.19953300380640235,0.6106568679273368,0.6099538188891421,0.5765032808537186,0.6480500462783336,0.19116477049720387,0.7877380172615982,0.627729367544878,0.627729367544878,0.6274957342020511,0.9881870634775248,0.30566283269310723,0.1288695709309784,0.6071629701233376,0.606774646584117,0.6776966694317359,-0.0159230530925021,0.6449105911158008,0.5857498424206591,0.612651690814962,0.3033143536961941,0.9934526043554723,0.5809988329455863,0.41565676356692466,-0.20846179506028306,0.6618228560980202,0.6429303036973634,0.6618228560980202,0.8904716613437962,0.4033440950989095,0.9286296419470155,0.9066661750046056,0.7253282810256345,0.21773736726883813,-0.06390253828244465,0.050961820280042876,0.5296876801437997,-0.0856726555123939,0.5900913797149333,0.5563257459575216,0.5785004857018642,0.5425993382385671,-0.001406991321403836,0.793541499153463,0.7267866880545586,0.637583382927203,0.7325571657025725,0.759713420788207,0.7325571657025725,0.5248284019364362,0.6394685841733464,0.6960638658235218,0.6394685841733464,0.6948202059949836,0.6747010524460575,0.7249928772256383,0.7707280833101432,0.7249928772256383,0.40510266765892045,-0.08657835313904506,0.42185952618583145,0.09993582233833209,0.4067593279230076,0.26335375117725685,0.48847283142940684,0.26335375117725685,-0.15323154825830457,0.6098683068173846,0.8808260166321863,0.6808253235762132,0.7717114774864805,-0.05736638201947241,0.6498371760261324,0.6493590208838673,0.6498371760261324,0.7160720219816293,0.7160720219816293,-0.2029814167034325,0.7023120413883587,-0.18638890241189052,-0.688696468328603,-0.4356698712336454,-0.43935873050531904,-0.4220405707669743,0.09284473119006073,0.020112205340173262,-0.3306275049414225,-0.6686599618913543,-0.16878824028725248,-0.3139208114428379,-0.2678226825980662,0.03893119824797293,0.03731131859507009,-0.4869456235600606,-0.060451946703615554,-0.2577944409920121,-0.5094641144334444,-0.19936738404418852,-0.4028394072930625,-0.28414077539129784,-0.4028394072930625,-0.4176207944763065,-0.5379403149059317,-0.5379403149059317,-0.3021289744427154,-0.3021289744427154,0.33276745260612717,0.18888636106993303,0.2820733472270518,0.5172367759742251,0.2791417638064013,-0.3790834416104751,-0.015088076407332196,0.45561507640769355,0.5577233989478952,0.45561507640769355,-0.01570509424985006],[0.9997327669128334,0.9994670118657848,0.6642203409951123,1.0,0.9989294269539327,0.9997327669128332,0.9937528744469655,0.9906863804500629,0.9906863804500629,0.99458743507214,0.975234515511823,0.9903058516892841,0.9937776718785786,0.9944627805472177,0.9938044621057721,0.7917503583603283,0.7247133943212556,0.28251606691504766,0.9944636699891486,0.9944616426920233,0.9856981003378048,0.9937636655642118,0.4018099485069431,0.7464206955563819,0.9845946975277684,0.9845946975277684,0.984574891586058,0.9814694638269101,0.3205004753279034,-0.1292515609903675,0.9889928509554891,0.9889632684833832,0.2675838035945402,-0.1975311296625375,0.9952743548544994,0.996028347054616,0.8159677864206164,-0.36377085374068574,0.9930027916406221,0.9962327751699931,0.7761247776361152,0.2629545503895419,0.9933051518312569,0.9953208738863303,0.9933051518312569,0.8913801942658807,0.6412630426304486,0.9152090353402648,0.9140589760432561,0.811530846091268,0.37211258847635437,-0.17901753852168245,0.20386462785013748,0.9429562989527206,0.3708944740183469,0.9706506091952883,0.9679622607009132,0.9783652042365388,0.9896218753603107,0.9126235460015696,0.9336715465841766,0.9342455816524294,0.927813833678247,0.9279688935352128,0.9288426279129726,0.9279688935352128,0.8781101688241317,0.9121393211020057,0.913150805162048,0.9121393211020057,0.920877640170639,0.7365464520320324,0.8618277778956992,0.8630899521975393,0.8618277778956992,0.6943020334766639,0.14930116599484883,0.678619180955066,-0.5540994606011436,0.588698667669634,0.3510463165043823,0.5864214722065223,0.3510463165043823,-0.10239031104563136,0.9076596917574777,0.9371550887731469,0.9210689298862534,0.9120833316903074,0.27146753736192475,0.9034200364780093,0.9043018932330543,0.9034200364780093,0.894406318926767,0.894406318926767,-0.1030350384926793,0.6075761451676437,0.16604402596454693,-0.6839908038623915,-0.5935125476921352,-0.5971042367414414,-0.13439184458050335,0.1168372747022659,0.20400990528559712,0.006951705581085316,-0.5517460520016984,-0.017373863654263504,-0.801969210638047,-0.28681537483193764,0.1505994129452329,0.15217427179570164,-0.5755574150030035,-0.5762037942275345,-0.27175201952788297,-0.5217083524143532,-0.8180882110733165,-0.40153353695573357,-0.3942799454323702,-0.40153353695573357,-0.2244908547587761,-0.34116288670494116,-0.34116288670494116,-0.8041674165152312,-0.8041674165152312,0.37961365945724085,0.6179898716012012,0.8460510756815475,0.8319769023667739,0.7491224957452491,-0.3368705397759677,0.7384701277366589,0.7712015876504361,0.771405481637004,0.7712015876504361,-0.17934184813428433],[0.998038859219596,0.995808313131994,0.5964927315272726,0.9989294269539327,1.0,0.998038859219596,0.9972416341133227,0.995796822655047,0.995796822655047,0.9974447363927091,0.9680344132687917,0.9964596541031734,0.9972579245131834,0.997335825093277,0.9972828935328174,0.7055911498034773,0.6143034468827846,0.07662867206382995,0.9977026393654885,0.9977054789764421,0.9877476465269418,0.9972479103013143,0.047836896667435645,0.7284524759756914,0.9925030314266259,0.9925030314266259,0.9924640675313003,0.990336091275698,0.09684037028518293,-0.11207022801071596,0.9874565716855194,0.9873886200697245,-0.02506783873232489,-0.09824385673672624,0.9977955110594363,0.9977246231471895,0.8077494822022299,-0.48391590883248287,0.9976504313914496,0.9980596910975583,0.6786891906346785,0.05243152378374579,0.9977404599392593,0.9977478014330928,0.9977404599392593,0.9052186002941506,0.6060845786346188,0.9278718526583886,0.9161133180306504,0.788181172222713,-0.08199914587176337,-0.585950884584094,-0.18323788217724404,0.9325412697402651,0.2250133362655986,0.9668205345144606,0.9668385475668723,0.980963269485605,0.9901695799277191,0.9118149475650467,0.9166769022110809,0.9251263803383151,0.9160042127375895,0.9235200188386643,0.9239454725987134,0.9235200188386643,0.8550678009991463,0.8716734361797662,0.8728461762779962,0.8716734361797662,0.9104359556994978,0.8271423127224259,0.8918180778399746,0.8926026939816274,0.8918180778399746,0.6561492024998437,0.5443112127557598,0.6458207568442087,-0.5690772188013205,0.6392305724257131,0.6195669986781096,0.6185832603741853,0.6195669986781096,-0.11655888799478764,0.8912524680727197,0.9151243976135713,0.9003385957301204,0.9195494523087645,0.1173361723372871,0.8905139759749031,0.891534151180543,0.8905139759749031,0.8963391159571651,0.8963391159571651,-0.14122975698584964,0.6542360429608262,0.02078930678826599,-0.7127031943424655,-0.6399234652292857,-0.6406909663591825,-0.1649541869343539,0.1401238128080393,-0.18452599690217603,-0.23864745775521554,-0.6204346379163683,-0.37426086203992054,-0.8467918865328903,-0.5604711322647846,0.12094937421377895,0.12237114956732932,-0.6007198377699828,-0.5704317905783087,-0.5443468357173183,-0.5588223467086532,-0.775288845480503,-0.5952965807631363,-0.5982411398725503,-0.5952965807631363,-0.26183667025553486,-0.3735939371304831,-0.3735939371304831,-0.7440887298277997,-0.7440887298277997,0.368391456712673,0.6011769992797441,0.8007000919436472,0.789449000676875,0.7402581148959788,-0.4619897103853671,0.6016255425695985,0.6637902383874165,0.6639640233208959,0.6637902383874165,0.047541034028227444],[1.0,0.9999889149634393,0.6674418867789483,0.9997327669128332,0.998038859219596,1.0,0.9925122771239723,0.9889998591840522,0.9889998591840522,0.9931335036489085,0.9771081169954033,0.9870387112767463,0.9925471499823544,0.9929473176983921,0.9925971116873833,0.792591770756737,0.7259448658953449,0.2971878536241219,0.9934054726992316,0.9934007331952518,0.985602672740467,0.9925401708682443,0.41035561431554257,0.742127087718141,0.982088839221265,0.982088839221265,0.9820696338676638,0.9754126774553286,0.32464710972506544,-0.12316042310802512,0.9896664338780535,0.9896287478135447,0.2753973221603746,-0.19729880762119564,0.9947535701562047,0.9953111880487592,0.849004776146003,-0.35938709259740004,0.9906604300239585,0.9952969218912132,0.7776702107910433,0.2779154861012317,0.9948904202925558,0.99488788589386,0.9948904202925558,0.8937036152053002,0.6533796926385067,0.9113004003722578,0.9167732899259705,0.828426210645515,0.37699798398668094,-0.17410543845869195,0.20917948366487712,0.9482800140736559,0.38656845285009245,0.9750600644142204,0.9708296158575197,0.9804953522280401,0.989733153234676,0.9315438903854073,0.939234185777914,0.9457628004589277,0.9311691360198023,0.9430526572809805,0.943715681616139,0.9430526572809805,0.8850865457585418,0.9230376586895501,0.9239744525480501,0.9230376586895501,0.9237421139244121,0.7904172836563397,0.8966784727320016,0.8979464716796759,0.8966784727320016,0.7014206757863114,0.3825331844160876,0.687275044775529,-0.5496140446406051,0.59290784592378,0.6145505526037672,0.6148029364048603,0.6145505526037672,-0.09636041714570734,0.9120984474943851,0.9433493385295804,0.9275772762837171,0.9329000601162922,0.2854647740450213,0.9071774099618951,0.9079333182858079,0.9071774099618951,0.9115828684302613,0.9115828684302613,-0.09857176338411211,0.5883842663404834,0.16126423611771584,-0.6745772713997147,-0.5870371913750797,-0.590711401108513,-0.12280742144570325,0.12113189957380414,0.21059818796024385,0.019649755939149166,-0.5403161111951557,-0.011421110248168189,-0.7966870837437383,-0.2794653210129261,0.16007691472423716,0.1615964054779124,-0.5693245672650636,-0.5797106103888207,-0.2709470924201052,-0.5119655277081413,-0.8168824125443274,-0.4005194568310061,-0.39270794724238206,-0.4005194568310061,-0.21654744058909992,-0.3321850055270052,-0.3321850055270052,-0.8048458147707032,-0.8048458147707032,0.38865067735045444,0.6291216809671287,0.8539304833220489,0.839621549084837,0.7562927718165644,-0.3245812447777953,0.7474283537718777,0.780041680226148,0.7802496894962834,0.780041680226148,-0.19406376676444959],[0.9925122771239723,0.9846302735117564,0.6489598408490262,0.9937528744469655,0.9972416341133227,0.9925122771239723,1.0,0.9975706219809392,0.9975706219809392,0.9999717342003837,0.9621680743252293,0.9996905251809639,0.9999966775473791,0.9999872238961921,0.9999935412202088,0.86198786931552,0.849704611690161,0.2478127331765808,0.9998652665336835,0.9998655701166771,0.9901307942490618,0.9999968687033712,0.3204070332440479,0.7431402858262017,0.9861159461865611,0.9861159461865611,0.9871964902221363,0.9915876318891195,0.2515059145394408,-0.18161745876753674,0.9916725420450212,0.9916416752403896,0.1765574017079405,-0.2425692264683881,0.9993585784962604,0.999473727346295,0.4439131687872869,-0.305900880576617,0.9990775645876713,0.9994388609657657,0.8443907123318025,0.22693618924418765,0.9440321999613933,0.9991145608208037,0.9440321999613933,0.9144372974573248,0.6139685280904754,0.9403645998990573,0.9199567036755874,0.7543365066317945,0.41179597956447334,-0.11757871687616625,-0.19108888846005748,0.9311728497321632,0.33971294163822685,0.9683366180041452,0.9640613475085197,0.9793716677491981,0.9956261450291287,-0.023085953100507442,0.8787815495532374,0.8402435389807917,0.8840778638110133,0.8350228214513544,0.7990789283584713,0.8350228214513544,0.8193893213438572,0.8043490917363204,0.7933370610170601,0.8043490917363204,0.87731197189856,0.4053154181361423,0.6055758257010202,0.6643464197792894,0.6055758257010202,0.6254618185414617,-0.3392827962047649,0.5988818639918952,-0.6188044727856723,0.5208466843010049,-0.08373027463487959,0.45509386748698205,-0.08373027463487959,-0.14320477993226352,0.8560782119225286,0.878181147187696,0.8636009849615698,0.7746199613380309,0.23595450988227032,0.8551426091364567,0.8564490293511681,0.8551426091364567,0.7764741879753564,0.7764741879753564,-0.17681749139653957,0.6959344480452857,0.23413838658430633,-0.6900923089350804,-0.6327524220965937,-0.6359284139984368,-0.17579268075971632,0.06812605435587477,0.3218640249122849,-0.021778771200398075,-0.5640641031410977,0.04560866804944928,-0.8283589161534364,-0.1844565770883926,0.08691728256226229,0.08849621773196044,-0.6169041686466549,-0.5874491459871628,-0.10728687429050673,-0.5927613400370887,-0.8327731539975104,-0.393253538993386,-0.22737723826198214,-0.393253538993386,-0.2926384217630184,-0.3815558470541009,-0.3815558470541009,-0.8248461316266273,-0.8248461316266273,0.36941442309859407,0.5859212306270327,0.5081669690560187,0.8022399226523623,0.7364099301950984,-0.3851937066539638,0.06858224235220348,0.7465996516291667,0.765760008947739,0.7465996516291667,-0.11447685124102748],[0.9889998591840522,0.9788671639267436,0.640924097724077,0.9906863804500629,0.995796822655047,0.9889998591840522,0.9975706219809392,1.0,1.0,0.9995776789235185,0.9557581183127705,0.9987876259669157,0.9983042230737744,0.9994248684374791,0.9991763766262658,0.8593033924627655,0.8383896770837432,0.22629294208388778,0.9992152235085529,0.9992172916270193,0.9875938067297428,0.9993079333578101,0.2953631961403338,0.744596692802998,0.992975271372308,0.992975271372308,0.9853888563556227,0.9890260412150518,0.23423459021404716,-0.19465593751234098,0.988023750404518,0.9914531059229166,0.1582107364562279,-0.2483471538042781,0.9983545519196545,0.998344423277531,0.4269497370499349,-0.3121935410058034,0.9972812089180194,0.9982943146525769,0.8419255576362307,0.20503396542907293,0.9369382065525422,0.998184099863489,0.9369382065525422,0.9121519121392918,0.5992535917207003,0.9407164881768175,0.9176230363059691,0.7341033275086863,0.3991627687872751,-0.132128289636613,-0.20317260304732296,0.9230571268250658,0.319648650810472,0.963822036921264,0.9591023831963896,0.9744934914499448,0.9946284696806552,-0.03226539630593357,0.8691125689768285,0.825967408516001,0.8768430965550694,0.8218272712437605,0.7877516598811038,0.8218272712437605,0.8085493474636872,0.7873712716241632,0.7807851925611937,0.7873712716241632,0.870302425623539,0.3875284505825771,0.587101498031193,0.6492158027151375,0.587101498031193,0.6141983463405755,-0.35315365093530265,0.586015891390929,-0.6256133150082693,0.5141823783922915,-0.10463120586400396,0.4401700856405594,-0.10463120586400396,-0.14944586540462396,0.8476605324585504,0.8662141930295592,0.8529798200401811,0.7609687318156763,0.2184628610211904,0.8472951845452406,0.8487627533510198,0.8472951845452406,0.7609388847559244,0.7609388847559244,-0.19098543549600536,0.7180232510066051,0.24080742648242126,-0.6990975746703006,-0.6447351186195797,-0.6477336871682619,-0.18999317443872363,0.060976480838351055,0.3148586023389833,-0.04056382892166798,-0.5761447476702131,0.03638915398245644,-0.833757529388814,-0.19091112661285178,0.07234151138788023,0.07394677244873296,-0.6278326943902586,-0.5883032476374496,-0.11404959121113167,-0.6083795286876079,-0.8320646689316487,-0.4043103589271342,-0.23349260913803394,-0.4043103589271342,-0.30910890648578593,-0.3945003914923314,-0.3945003914923314,-0.8226117669528067,-0.8226117669528067,0.3512995871453133,0.5697527750845197,0.4900867036378505,0.7849111614806537,0.7242711731881549,-0.4058228664816274,0.05506919051170441,0.7279451735682928,0.7503197068432336,0.7279451735682928,-0.09765567709244714],[0.9889998591840522,0.9788671639267436,0.640924097724077,0.9906863804500629,0.995796822655047,0.9889998591840522,0.9975706219809392,1.0,1.0,0.9995776789235185,0.9557581183127705,0.9987876259669157,0.9983042230737744,0.9994248684374791,0.9991763766262658,0.8593033924627655,0.8383896770837432,0.22629294208388778,0.9992152235085529,0.9992172916270193,0.9875938067297428,0.9993079333578101,0.2953631961403338,0.744596692802998,0.992975271372308,0.992975271372308,0.9853888563556227,0.9890260412150518,0.23423459021404716,-0.19465593751234098,0.988023750404518,0.9914531059229166,0.1582107364562279,-0.2483471538042781,0.9983545519196545,0.998344423277531,0.4269497370499349,-0.3121935410058034,0.9972812089180194,0.9982943146525769,0.8419255576362307,0.20503396542907293,0.9369382065525422,0.998184099863489,0.9369382065525422,0.9121519121392918,0.5992535917207003,0.9407164881768175,0.9176230363059691,0.7341033275086863,0.3991627687872751,-0.132128289636613,-0.20317260304732296,0.9230571268250658,0.319648650810472,0.963822036921264,0.9591023831963896,0.9744934914499448,0.9946284696806552,-0.03226539630593357,0.8691125689768285,0.825967408516001,0.8768430965550694,0.8218272712437605,0.7877516598811038,0.8218272712437605,0.8085493474636872,0.7873712716241632,0.7807851925611937,0.7873712716241632,0.870302425623539,0.3875284505825771,0.587101498031193,0.6492158027151375,0.587101498031193,0.6141983463405755,-0.35315365093530265,0.586015891390929,-0.6256133150082693,0.5141823783922915,-0.10463120586400396,0.4401700856405594,-0.10463120586400396,-0.14944586540462396,0.8476605324585504,0.8662141930295592,0.8529798200401811,0.7609687318156763,0.2184628610211904,0.8472951845452406,0.8487627533510198,0.8472951845452406,0.7609388847559244,0.7609388847559244,-0.19098543549600536,0.7180232510066051,0.24080742648242126,-0.6990975746703006,-0.6447351186195797,-0.6477336871682619,-0.18999317443872363,0.060976480838351055,0.3148586023389833,-0.04056382892166798,-0.5761447476702131,0.03638915398245644,-0.833757529388814,-0.19091112661285178,0.07234151138788023,0.07394677244873296,-0.6278326943902586,-0.5883032476374496,-0.11404959121113167,-0.6083795286876079,-0.8320646689316487,-0.4043103589271342,-0.23349260913803394,-0.4043103589271342,-0.30910890648578593,-0.3945003914923314,-0.3945003914923314,-0.8226117669528067,-0.8226117669528067,0.3512995871453133,0.5697527750845197,0.4900867036378505,0.7849111614806537,0.7242711731881549,-0.4058228664816274,0.05506919051170441,0.7279451735682928,0.7503197068432336,0.7279451735682928,-0.09765567709244714],[0.9931335036489085,0.9844944550244116,0.591639146384984,0.99458743507214,0.9974447363927091,0.9931335036489085,0.9999717342003837,0.9995776789235185,0.9995776789235185,1.0,0.9611725353622894,0.9996576282467631,0.9999727728263224,0.999971874090888,0.9999761907020593,0.743188673842414,0.6553884491795803,0.13009393878597203,0.9998224867224196,0.9998232335195891,0.9900282419074138,0.9999700228602656,0.09977917432182606,0.7194978890501086,0.9953458538179901,0.9953458538179901,0.9953033415150847,0.9914738531160203,0.08244167433291515,-0.12242591844563487,0.9908291217407899,0.9907888620413821,-0.006128723851842772,-0.20226472476792537,0.9994086016286844,0.999367570481249,0.8128387204304407,-0.4813724414259686,0.9990160937063263,0.9994144895210881,0.717569196689178,0.10624351828570323,0.9992752197901066,0.9992804435128328,0.9992752197901066,0.9140805188145191,0.6144708082065904,0.940190771913783,0.9196456951998312,0.7538197457433226,0.018093966654424858,-0.5390738473033101,-0.13964435867829217,0.9272847867173026,0.2853441402262913,0.9645942441549945,0.9640812260349305,0.9814341069294056,0.994887586890291,0.8870945101678289,0.8796711394040087,0.9015273796471347,0.8851277692270917,0.8999226390046857,0.9004974720733033,0.8999226390046857,0.8190089825776387,0.8537675114269653,0.8551930327170932,0.8537675114269653,0.8787294366208876,0.7918661199394246,0.8645342700338505,0.8656625779170354,0.8645342700338505,0.6252085429314327,0.4751237526076838,0.5981296170198911,-0.6243163391942884,0.5739568823162904,0.5424164489588315,0.5421128702353092,0.5424164489588315,-0.0993189630265417,0.8568834542855984,0.8781289891424292,0.8640381511561898,0.8954693100124016,0.15182331474834457,0.8604679123205355,0.8622632069231273,0.8604679123205355,0.866437517600809,0.866437517600809,-0.1784823643569605,0.6965442656062997,0.04733143279098128,-0.7018883806690857,-0.66712589075725,-0.6683552739426339,-0.1792726607482863,0.07143769345434114,-0.18944444659093082,-0.20539098669221673,-0.6036130000710863,-0.4014952490860042,-0.8655308959853911,-0.5950106515566571,0.08625167924798384,0.08794906770903495,-0.6184283065368563,-0.5835786940505692,-0.5545357792522473,-0.5943708036254504,-0.8001595936126016,-0.6185941102957179,-0.6208518359662748,-0.6185941102957179,-0.29453201403514767,-0.38479205349444484,-0.38479205349444484,-0.7803432326828404,-0.7803432326828404,0.3687066800117325,0.5841041389215006,0.8115092351739019,0.801363683859883,0.7343963030590678,-0.4122008100724895,0.6346891874442004,0.6890039414369072,0.6891773945157075,0.6890039414369072,0.12179662967194635],[0.9771081169954033,0.9715697976741006,0.5540816333681577,0.975234515511823,0.9680344132687917,0.9771081169954033,0.9621680743252293,0.9557581183127705,0.9557581183127705,0.9611725353622894,1.0,0.9470641575499587,0.9621890392800317,0.9622125506995831,0.9619181885069824,0.5442063016523415,0.4454760748506683,-0.09394802857640276,0.966412458125011,0.9663920383470698,0.9622993904677277,0.962291535813131,0.01902018645858387,0.7586691873972572,0.9637077715660702,0.9637077715660702,0.963876859563761,0.897362904541842,0.1815133202619025,-0.10755159673352001,0.9688643293248262,0.968965349639434,0.1462837543345453,0.050528593210531894,0.9698824002984203,0.9701182638055778,0.8874307342955228,-0.3715902938348941,0.9550703418035574,0.9691053931918909,0.5131199933667872,-0.1146683013466308,0.9709476616138314,0.9709170774335534,0.9709476616138314,0.8208188286069638,0.4154478480032331,0.8362822919935964,0.9025995377138502,0.8593945154355801,-0.5067039234523116,-0.67632033156301,-0.2277045470184708,0.8930180959804304,-0.01949105914227033,0.9213478381192485,0.9214100072863884,0.9397123505366857,0.9671760719029362,0.8897863702537623,0.8910750098829447,0.9067769922926731,0.8926716018710062,0.9001537002126488,0.9007309749662085,0.9001537002126488,0.8486667974963671,0.8307928453122623,0.8324353814017091,0.8307928453122623,0.8873942317986112,0.9016473973766937,0.8855133643347054,0.8860701360955887,0.8855133643347054,0.7071290549605876,0.6400839563428216,0.7080658910792921,-0.3011829791041117,0.7245362221497597,0.7398776912160586,0.7420408345204499,0.7398776912160586,-0.2581613128382723,0.8897408233171581,0.9403030683184765,0.9036647471084056,0.9017581199006569,-0.000890401708445947,0.883716425621192,0.8846635024671479,0.883716425621192,0.8917368887914306,0.8917368887914306,0.040383034897245984,0.4036544429120914,-0.12273968115295641,-0.6385922916084618,-0.43247829283634837,-0.43483906574530307,-0.043789710824614844,0.4202235003898021,0.027700613852507047,-0.16580572809403243,-0.5232669656729915,-0.08824593605440335,-0.7948606266298373,-0.2514820178750138,0.29436728913645005,0.2942679352340928,-0.4035520181435039,-0.43242990730650405,-0.36742898244329647,-0.3776954740163891,-0.6625533315577451,-0.3871838610409887,-0.38942267458469354,-0.3871838610409887,-0.11434439477704077,-0.4250734125135371,-0.4250734125135371,-0.5397070765556332,-0.5397070765556332,0.5145776579375579,0.6462035841919426,0.7487488489491428,0.6873729396429372,0.8111937801541927,-0.5011738574253695,0.39472452817269704,0.5325283743550794,0.532840264124667,0.5325283743550794,-0.16161231151304234],[0.9870387112767463,0.9858308443146476,0.9953268737621601,0.9903058516892841,0.9964596541031734,0.9870387112767463,0.9996905251809639,0.9987876259669157,0.9987876259669157,0.9996576282467631,0.9470641575499587,1.0,0.9996913197361302,0.9996874932400184,0.999660194748853,0.3108140242956275,0.21151199611283866,-0.5036599396289848,0.9998043240744826,0.9998064451281119,0.999695922075675,0.9996952027193964,-0.24289120606903783,0.9723134479408779,0.994750072137859,0.994750072137859,0.9947310300934817,0.9934602031700464,0.09960683652637192,0.08839546226855333,0.9917794026174597,0.9918271389225544,0.8637389574010205,0.025504395403792783,0.9990605004439145,0.9990168047024586,0.9988942586223768,0.9993986963249883,0.999435483830215,0.9990972231521503,0.2580390969513397,-0.5118573998068652,0.9988436866504941,0.9988512216042436,0.9988436866504941,0.9084744574798436,0.453930823170895,0.9363072174469326,0.9167803646161684,0.7542800632412805,-0.4218851207245554,-0.6055354122220015,0.8171203717319149,0.8456287292872158,-0.34020760935479943,0.9326563180160163,0.9328646677927782,0.9699901149591894,0.9936048674957781,0.8996054827361323,0.9060594240854288,0.8833880071868954,0.8856641487956488,0.889068316038342,0.8896606731795886,0.889068316038342,0.7731023968370074,0.7419865485307942,0.7440875396499896,0.7419865485307942,0.9062312049491189,0.9121723325370062,0.905119381761405,0.9061243557328914,0.905119381761405,0.5134862349402828,0.45279796575982934,0.5528302514479994,0.6472154048266574,0.547511482968375,0.5770901764183883,0.5789591475965801,0.5770901764183883,-0.3357189204496964,0.8473984407753934,0.8810631172334402,0.8682969103895015,0.9062405971220997,-0.3116638375530196,0.8426857920301042,0.8429994379305216,0.8426857920301042,0.852214193662881,0.852214193662881,-0.2307118956432043,0.6895570333522509,-0.38742900014360876,-0.7907643249043289,-0.5333136737111902,-0.5360887221728957,-0.4175144284073995,0.21687679963177062,-0.29958338490989367,-0.5194209855550116,-0.7471241978126228,-0.39424657822367376,-0.5940190321017357,-0.46564846627936873,0.0784674068031678,0.07607430793275935,-0.5567302941841706,-0.5276687213806756,-0.5487001799253403,-0.5842479216666193,-0.5779066530331609,-0.5521082930683714,-0.5551183514599493,-0.5521082930683714,-0.4311692178428393,-0.6215109381383016,-0.6215109381383016,-0.6159340142777682,-0.6159340142777682,0.36513410524544,0.33288932467137305,0.46655447489069374,0.5654686313463462,0.5208674652554347,-0.5722538679093305,0.30161088937977276,0.2818152917696177,0.2820141917676247,0.2818152917696177,0.2437808120433842],[0.9925471499823544,0.9846624473569989,0.648974349099441,0.9937776718785786,0.9972579245131834,0.9925471499823544,0.9999966775473791,0.9983042230737744,0.9983042230737744,0.9999727728263224,0.9621890392800317,0.9996913197361302,1.0,0.9999907372174194,0.9999952017905583,0.8619813655448924,0.8398530761264174,0.24787074977874768,0.9998666341886173,0.9998668961971419,0.9901645921370269,0.9999974407935416,0.32070927189587745,0.7431913589005157,0.9911446602073773,0.9911446602073773,0.9871877038226075,0.991577450879275,0.2517557963000896,-0.18156555994457066,0.9917096541381369,0.9916515080689655,0.17678115613001552,-0.24253546817960847,0.999360388660808,0.9994768373458116,0.443887011821829,-0.3057002075212736,0.9990800364294934,0.9994463116405891,0.8443744504900764,0.22700020615948716,0.9440179725973603,0.9991168709501196,0.9440179725973603,0.9144530747250719,0.6141053324825831,0.9404907253681705,0.9200709327171254,0.7544279408853083,0.41216279817917295,-0.11715699524961372,-0.19074230729402475,0.9312367256278119,0.33977798412411736,0.9684201766935084,0.9641128007652543,0.9794518072437057,0.9956401650686031,-0.022907632884228892,0.8788966632279323,0.8403257898772769,0.8841774837638657,0.8351031499729734,0.7990239594487797,0.8351031499729734,0.8194688096096303,0.804395100626903,0.7932769601919886,0.804395100626903,0.8774392813740993,0.4051966218756868,0.6055756422274532,0.6642636282806315,0.6055756422274532,0.6254141613138982,-0.33930405142293196,0.5988516274163719,-0.6187104783053874,0.5207539859447617,-0.08385526927879997,0.45512231955433874,-0.08385526927879997,-0.14335086805765676,0.8561420273691932,0.8782774137360232,0.8636756065043101,0.7746123689028199,0.2360130216150859,0.8552130393629008,0.8565145464222492,0.8552130393629008,0.7765318223377271,0.7765318223377271,-0.17676676054540075,0.6959770629469265,0.23425208268410988,-0.6901228950819973,-0.6326739949194248,-0.6358548120733332,-0.17586879584990728,0.06800824614262738,0.3220266980493658,-0.02176423442178238,-0.5641154806775717,0.045855743051020414,-0.8281171136377949,-0.1841810560649521,0.08698694715192241,0.08857966254481413,-0.6168908133634501,-0.5872611645941401,-0.10705489318751446,-0.5927335115426365,-0.8326756920260555,-0.3930448399907783,-0.22718582244212324,-0.3930448399907783,-0.2924804402018949,-0.38152197834952006,-0.38152197834952006,-0.82479866407912,-0.82479866407912,0.3698493624012909,0.5860372069157485,0.5083993323542935,0.8024792133226325,0.7364668274484232,-0.3849984734902415,0.06884939890189759,0.7468378870799396,0.7658700863564891,0.7468378870799396,-0.11450731568127973],[0.9929473176983921,0.9846074010535,0.6424980426851269,0.9944627805472177,0.997335825093277,0.9929473176983921,0.9999872238961921,0.9994248684374791,0.9994248684374791,0.999971874090888,0.9622125506995831,0.9996874932400184,0.9999907372174194,1.0,0.999988149351426,0.7988046396967146,0.7268338512833439,0.24970989344620156,0.9998892311935691,0.9998898552642527,0.9901551462366448,0.9999881354181029,0.3220787950337679,0.7394243622493631,0.9940831538143007,0.9940831538143007,0.9940485990917952,0.9915217884116061,0.24647154166706997,-0.18189496651672218,0.992032377381032,0.9920376360680309,0.19979274963520235,-0.24198348783910367,0.9995323220595388,0.9994765811965172,0.8501630892171658,-0.39571526054070344,0.9990761228945074,0.9994504246278697,0.7796713584218087,0.22887152979975653,0.9994270090345845,0.9994315838266661,0.9994270090345845,0.9142712779064237,0.6142173060698847,0.9403986473478683,0.919986172670435,0.7540344360133159,0.29260566473801486,-0.2869944441378712,0.10833536438670037,0.9311113036623628,0.3403096896396267,0.9654834042517979,0.9641322366765995,0.9780225530966088,0.9958645085688835,0.8940277892030439,0.8782494333751538,0.9063814836924072,0.8841959248479516,0.9053586553129689,0.906161158227106,0.9053586553129689,0.8187452347271778,0.873452499750632,0.8748460685383336,0.873452499750632,0.8773315268350923,0.7751137709072002,0.8696567271506385,0.8711727644198447,0.8696567271506385,0.6249562478758567,0.47584536038978226,0.5975026138239464,-0.6213086014368981,0.5193177995388801,0.5232656036592843,0.524143917450299,0.5232656036592843,-0.14542909351505415,0.8560722812029502,0.8779364540910592,0.8631981576983359,0.9006756023471625,0.23808464435388182,0.8552133302270781,0.8566944906926548,0.8552133302270781,0.8648418057002493,0.8648418057002493,-0.17712277444621094,0.6950588352999203,0.14662849818060839,-0.6890758360191573,-0.6323168363100343,-0.6353781794740216,-0.17584591740923755,0.06710286715754522,0.09682132736791764,-0.02031335280694356,-0.5627041808265626,-0.14182517538066636,-0.8391360312469374,-0.40319782093830125,0.08659757465556048,0.08833336770732557,-0.6169355050203705,-0.5865536655424177,-0.3981478317689838,-0.592499945081658,-0.8258553539840714,-0.5109677637109471,-0.5067318619462052,-0.5109677637109471,-0.2918960900754596,-0.3816855813303139,-0.3816855813303139,-0.8165864383746906,-0.8165864383746906,0.3680539846197833,0.5858937334110259,0.8201784049208444,0.8060358826734586,0.7366967557636198,-0.3845615391584226,0.6997877784667996,0.7350911672765195,0.7351815485522807,0.7350911672765195,-0.08205473416467271],[0.9925971116873833,0.9845074814041977,0.6491511184435304,0.9938044621057721,0.9972828935328174,0.9925971116873833,0.9999935412202088,0.9991763766262658,0.9991763766262658,0.9999761907020593,0.9619181885069824,0.999660194748853,0.9999952017905583,0.999988149351426,1.0,0.8536628919875607,0.7982897610571715,0.2480034586515947,0.9998693564825254,0.9998694958582509,0.9902958104820749,0.9999951441189511,0.3213672919436096,0.7430368208611434,0.9942922748695878,0.9942922748695878,0.9942014068445957,0.9915060090961209,0.252029994749162,-0.1815929084258227,0.9925744017889642,0.9926167191725833,0.1775124475582389,-0.2423700930728693,0.9994056817465942,0.9994761041330266,0.4429334232200132,-0.30495700132871034,0.9990379815102373,0.9994487224027693,0.8422665163271094,0.22715466710399215,0.9435817664398148,0.9991673120583476,0.9435817664398148,0.9147004394517033,0.614753963048662,0.940656755291082,0.9202219336007077,0.7541749669462853,0.4134792370506907,-0.11567855988165691,-0.19096076512225998,0.9315679187769657,0.3400436395781955,0.9688002946235825,0.9644088885892799,0.9797070126523366,0.9956801918946427,-0.023889457226574828,0.8791428206860094,0.8402377387570864,0.8843876972860943,0.8350472897275287,0.7986032402542855,0.8350472897275287,0.8196518687650078,0.8043333931596935,0.7936277927294154,0.8043333931596935,0.8777259061053406,0.4045461006374471,0.6051010476474493,0.6642621356419776,0.6051010476474493,0.6252829863055613,-0.3404205407134436,0.5987995888951715,-0.6188957912376076,0.5204172672810522,-0.08480827790544031,0.4547904113853207,-0.08480827790544031,-0.14330858840158156,0.856262248522002,0.8780362291986075,0.8638003047322381,0.7670709948667384,0.23638431569844867,0.8552989490956115,0.8565915533286425,0.8552989490956115,0.7763460058094526,0.7763460058094526,-0.17809851447530536,0.6967603391393634,0.23473308196605686,-0.6900971177354945,-0.6330223866434702,-0.6362076956709395,-0.176916683636477,0.06687887906052277,0.32234688220449037,-0.02214698771739682,-0.5643036562788317,0.045955377434504334,-0.8273636635338776,-0.18401168099791088,0.08607124707791461,0.0876628272137234,-0.6174583472853413,-0.5874697813876966,-0.10649669290763672,-0.5938399222699458,-0.8326970819595172,-0.3929821173663581,-0.22665139660253214,-0.3929821173663581,-0.29334086938000103,-0.381946160915869,-0.381946160915869,-0.8251410578037366,-0.8251410578037366,0.37005629894185543,0.5857099438793526,0.5079258463929466,0.8029068991277152,0.7359314144679998,-0.38457497545209945,0.06822375668083697,0.7472468196083122,0.7664771707890836,0.7472468196083122,-0.1142313516728188],[0.792591770756737,0.21106603867534698,0.4280725591487237,0.7917503583603283,0.7055911498034773,0.792591770756737,0.86198786931552,0.8593033924627655,0.8593033924627655,0.743188673842414,0.5442063016523415,0.3108140242956275,0.8619813655448924,0.7988046396967146,0.8536628919875607,1.0,0.9936023652838398,0.4163771012704463,0.8359587532459413,0.8359342346806389,0.7723753233665921,0.852639379717062,0.3307804752475547,0.4353186394092302,0.8453067786835644,0.8453067786835644,0.8318424516445411,-0.09023160497554493,0.19311587672890662,-0.17552984328479762,0.8811205953677207,0.8787372237355827,0.1549569634011728,-0.23897256140176878,0.8584645719954244,0.7645181200197319,0.28005503186042113,-0.31859163451776296,0.32639899438757447,0.7361927307616012,0.9983901448805445,0.39873711542210133,0.7848570898553253,0.8581970211173059,0.7848570898553253,0.28917514207594314,0.5547645650754921,-0.1240791124448735,-0.14277835209052367,0.15717223529627597,0.4020843271605381,-0.060649586684546834,-0.21029892167216532,0.7489236033780795,0.40266792048977784,0.8552936065226114,0.7542528881568806,0.8288001648274953,0.844737931376763,-0.10006474424692834,0.2400233778740004,0.6230935660233871,0.5136266672591351,0.6138129980758691,0.6631730832947739,0.6138129