var element=document.getElementById("correlationAdjClose");if(element.style.display!='none'){var correlationAdjClose={"data":[{"type":"heatmap","z":[[1.0,0.9999954782588316,0.9876984769668369,0.9999421576272309,0.999243108955553,0.9812724221975008,0.9979141098455003,0.9966811724645545,0.972219409038741,0.9967713533510292,0.9950875934391474,0.9943596076854473,0.9967533212359984,0.9967181820944355,0.9979203848261781,0.9983055292871412,0.9983587120560774,0.9971278146629395,0.9971390849373042,0.9970279471442582,0.9967363204484584,0.9893176899147414,0.9740297983232177,0.9918761331365824,0.958128915481287,0.991115304263119,0.9902656914401733,0.9709078085670156,0.9551296764259153,0.9912767133922181,0.9931767741879772,0.993290782308417,0.9814896891538791,0.9978347707250627,0.997869355120222,0.9977617960316728,0.9968668089338827,0.9958084188180809,0.9977926432864652,0.9986447601445453,0.998672041144376,0.9978517026325138,0.99786084231269,0.9784779470577385,0.941038085798681,0.9615759666721886,0.9586722751702516,0.9570030065372878,0.9397822553120598,0.9669064663973126,0.9565042358379393,0.9688379923345696,0.9731575890585469,0.9620085747383336,0.9853442034494881,0.9840001665520385,0.9917833163621136,0.9935495221089516,0.9891964686822213,0.9857202011108422,0.9887059464245797,0.9885233361897334,0.9892647661739151,0.9891959341845397,0.9515941863777181,0.979750547766821,0.9766830498725563,0.9765453652384943,0.9324354801551692,0.985199174444667,0.9817352865986749,0.9879639410779197,0.9874361280858056,0.9471110750119353,0.9120297630621585,0.8871476871938322,0.9255013353459162,0.9393805865746543,0.9381940175697002,0.9378147597794706,0.9368931219342592,0.7706323739578518,-0.49529569882457747,0.9822871914021907,0.9791232701925999,0.9768827754983979,0.989742392257907,0.9747581242725208,0.9854405164262575,0.9854623982551437,0.9433923430590814,0.9864618363771096,0.9451347829033964,0.8347439776982203,0.9328058879687537,0.9441110443606278,0.8505034843768311,0.9613440747085927,0.9619189637740915,0.9043929623189836,0.9714224434460984,0.8932089061850039,0.5443261032885343,0.7391434019279041,0.9008875232521075,0.8754595334976449,0.8925467022349743,0.9776649552467706,0.9777868413027906,0.7943316816396281,0.7716259876542838,0.8233116227674437,0.5041193878074148,0.8123730410714325,0.827285764611652,0.8223253205083852,0.8171641079777696,0.8095565544628863,0.7595982303306278,0.7458604893150297,-0.3194383994062198,-0.45876156960443515,0.7847462474631588,0.8972323079077635,0.9275136548447509,0.9432073593929593,0.908631446802281,0.8429696105714501,0.9127658717802124,0.9220349442631701,0.9218634822640982,0.8634020476050588,-0.09403832019224899],[0.9999954782588316,1.0,0.9922440459055617,0.9998883831727168,0.9983925862566015,0.9895738089320695,0.994538988259686,0.9928352194171042,0.9897406771088877,0.9928346558469267,0.9928710488726479,0.9938136339812442,0.992891610235187,0.9928696128459615,0.9947071268569809,0.9966312500849017,0.9960687346510271,0.9943281692450466,0.9943361424323442,0.9928622534506818,0.9929054458659171,0.9939306173048388,0.9813100932208579,0.9907350144031176,0.9828130712397763,0.9908291295276662,0.9902503803656342,0.9829277679355121,0.9467843374663599,0.9901288405101556,0.9887239590013743,0.9854111172211675,0.9537491816987421,0.9954308752699152,0.9954113827965833,0.9956541650590268,0.9931526113919464,0.9953376121563234,0.9956753189098139,0.996835058961265,0.9970117485809662,0.9956558620036686,0.9956678224724368,0.9926918058562836,0.9408790809911978,0.923878295834339,0.9586473441285226,0.9570898033965191,0.9397771400722956,0.916634834512005,0.9467258329225084,0.9181233660477812,0.942443833225371,0.9168265698281629,0.9665107209547625,0.9665071182225337,0.9790708460942593,0.9857651804417227,0.9871715079497021,0.9880817939194594,0.9819972683353116,0.9859459772569673,0.9829934347662532,0.9829071287808051,0.9497283093714198,0.9708752503432377,0.9402555522654672,0.9400715965650612,0.880982717137166,0.9858196504599299,0.9867174564554733,0.9868619767379175,0.9865854260775205,0.9649212720158615,0.8537532085154418,0.8307622071822836,0.8902920071073209,0.93315551529774,0.9041518056492076,0.9189832752856592,0.9182391319179102,0.8313210250968714,0.024176099772810388,0.9764082062271955,0.9779801884427162,0.9761624698790908,0.9874696147011703,0.9720961887552808,0.978241090067071,0.9777694526316297,0.941781805718123,0.9790836853268078,0.942732250218087,0.7903125139703423,0.932614079021826,0.9346660167729351,0.6694567423977977,0.8857412848723346,0.8888470134765166,0.7874832926595995,0.9702316285519429,0.76349910028492,-0.34792142042737223,0.3065305976543684,0.7874540088297631,0.7415487669188818,0.7806035230739509,0.9717150353664585,0.9717240690849147,0.2825067682034339,0.45381324826837377,0.29047189998863737,0.26152979170792695,0.2829520308269129,0.29447688704616143,0.2914036649920669,0.21162968231174056,0.6224409697296014,0.3584682787859431,0.3090567845633662,-0.44293352537452685,-0.4939378410732552,0.7849847018669591,0.7938359020785866,0.8134446765073602,0.8796396708395477,0.8447453428292452,0.6769636723216865,0.8204161850203,0.810357631075364,0.8095343659200623,0.5088881661288817,0.29621133536133204],[0.9876984769668369,0.9922440459055617,1.0,0.9888213533986989,0.9938080247863715,0.9909348419619615,0.9892192445197449,0.9900942387709349,0.9915362100579703,0.9926722626935987,0.9965580902343881,0.9959369257024774,0.9899295148515067,0.9901417654822504,0.9897536610293336,0.9910354553247355,0.9900152223440889,0.9887868336288467,0.9887574047755376,0.9915986604242703,0.9899689971208842,0.9957833935114293,0.9865670291817419,0.9918800913092235,0.9806573421463176,0.992526687880333,0.9904412189211237,0.9875945764860603,0.9636366784307644,0.9679872508549503,0.9725109944119296,0.9782209267010833,0.9618000163403879,0.9867279858356787,0.9899298550771105,0.9883045307231234,0.9916864883913923,0.9950463373957641,0.9908262305232087,0.9850860588111683,0.9882216140195985,0.9871787094893177,0.9865760335732876,0.9929896375826529,0.9375253106116055,0.9484762947923309,0.9634806779198246,0.9507907461315268,0.9108307747434061,0.9263431761404285,0.9158356806771479,0.9293387755398042,0.942361173355481,0.9251240586888976,0.9524893577044442,0.9635473919803533,0.9700987336947186,0.9758579333161291,0.9506069858316054,0.9735219590749743,0.9720947182177567,0.9776524259981774,0.9722885502727912,0.950962642877497,0.9337543152979394,0.9603500598254987,0.9511399776582212,0.9359773527680987,0.906362798602898,0.9781700598938307,0.9598090076980885,0.9707616836639381,0.9519953207777513,0.8708886954444516,0.8884471221631668,0.8147119747934124,0.9023217997085666,0.919162387576451,0.9219037237650313,0.890514338970346,0.9043751214030259,0.5243103314364435,-0.4738348570570602,0.9698352363405307,0.9607849306901455,0.9600266144652043,0.9504884108267458,0.9645788940435075,0.9719778605185901,0.9717371816107186,0.9404423886714462,0.9683427665620207,0.9053306373964,0.8223008412584949,0.9615221772755357,0.9618572019379736,0.8377256777899023,0.9501665492985772,0.9514675142089706,0.8780578653410053,0.9807011067290728,0.7738963668541005,0.45001798119940556,0.6871304226818712,0.7984994155528239,0.8045938674048813,0.779299606478066,0.982036306295252,0.9820075889581817,0.7302355987708847,0.7266025149638254,0.7091000759313826,0.46102789807153005,0.7177177079577166,0.7176799685454548,0.7210001144101494,0.7191992388025376,0.7778473903789427,0.7012926560842364,0.6868211588998901,-0.3709692899352847,-0.5101491146814158,0.7613459087154693,0.8637982030604868,0.8744181554055129,0.8918717363869908,0.8839495208035786,0.7838629873710529,0.861257744272167,0.866210984955198,0.8716680128474124,0.7470304494305381,-0.019075313810167336],[0.9999421576272309,0.9998883831727168,0.9888213533986989,1.0,0.9994324702707051,0.982256404906157,0.9980845479441596,0.9970002329259023,0.9740386444726661,0.9971365325330644,0.9956707801779018,0.9950868362408329,0.9970571136710009,0.9970368118001319,0.998119672313823,0.9985697532216086,0.9985536437309814,0.9974021547063975,0.9974107540649746,0.9973355822455431,0.9970435338456521,0.9903114236601468,0.9752189091033566,0.9926616483876533,0.9602664142231632,0.9919889645208378,0.9915392712997825,0.9725821516859802,0.956158558466648,0.9906450422926407,0.9926981120913364,0.9932121897733862,0.9811621653424155,0.9978689148593967,0.9980186964539778,0.9979187340630589,0.9972186537463377,0.9962210575773588,0.9979742495482237,0.9985329959954239,0.9987236673841384,0.9978839651283166,0.9978903048076306,0.9799940953839135,0.9385061329936756,0.9599138710317535,0.9582773643804346,0.9551326340057803,0.9353896603624792,0.9643407843016873,0.9536438061420333,0.9662006125165985,0.971189568995802,0.9597248779621568,0.9835027755700099,0.9827829145125607,0.9910188224343367,0.9933058871923178,0.988113178063199,0.9848334336692799,0.9878113158528403,0.9880572618288064,0.9883059394811706,0.988232670643225,0.9451812611344312,0.9787973847826492,0.9756992116383171,0.9755598727209227,0.9292620162763465,0.9848256410138461,0.9796024926785672,0.9868743758398221,0.9863214500635893,0.9329833476485928,0.9110255381402845,0.8844636331536483,0.9242754576351088,0.9372849119850217,0.9378781098318962,0.9359862814861768,0.9350983220621002,0.6996999627574113,-0.4946369620970102,0.9816608974328068,0.9781775947087242,0.9757416511652911,0.9886636342793647,0.9743116124686799,0.9849056057125323,0.9849279007588689,0.9431899833487363,0.9854247608430083,0.9353991581297416,0.8374725159562952,0.9365762120391524,0.9472804127686247,0.8518139328627561,0.9623398279663273,0.9629378009708464,0.9039833707992246,0.9723720433980602,0.8873041447318113,0.5408207715495399,0.7375467517707173,0.8955900920521269,0.8717976229165616,0.8869800535034179,0.978314370806457,0.9784399074812081,0.7932317418704011,0.7717794435821648,0.8155667503799383,0.5054576564662748,0.8064515208607161,0.8192764041044611,0.8142490060603216,0.8117841332398362,0.8114203219527877,0.7595008488845525,0.7458242781347699,-0.31486782421915754,-0.4580526417925707,0.7835987224240539,0.8957868229561071,0.9257323913466073,0.9414757234280244,0.9077294662159219,0.8405476485296033,0.9108666287054293,0.9198807635619949,0.9198584101983238,0.8569959582703791,-0.0873470220169863],[0.999243108955553,0.9983925862566015,0.9938080247863715,0.9994324702707051,1.0,0.9840106480606462,0.9990013511958382,0.9986704209339144,0.98409428497214,0.9986681802650261,0.9983539011926308,0.9982838176221902,0.9986772081619986,0.9986990376150496,0.9991486967999418,0.9989810888027412,0.9992787472946616,0.998891249057215,0.9988916248138148,0.998725960752279,0.998682904942189,0.9949748037853953,0.9814223812460888,0.9957355949358164,0.974141196815122,0.9957402246294563,0.993489027737941,0.9827537394742127,0.958171089681197,0.9890812694639838,0.9918037641349509,0.9911626825947969,0.9751083145915809,0.998852088960601,0.9989268606045408,0.9989760752627846,0.9988016747972928,0.99874694154323,0.9989352555884411,0.9990050442115845,0.9992104686200471,0.9988947667406797,0.9988952025415272,0.9877615026988623,0.945586622991054,0.9592811760737314,0.9613974209400862,0.9526321361643942,0.9305309992189698,0.9566059311186772,0.9530836948239005,0.9605585596571484,0.966660448663608,0.9557310137374618,0.9829183928633448,0.98287423717216,0.991708361107834,0.9934207100218964,0.9846234633466788,0.9790992556823285,0.9819059622611548,0.9845120521775041,0.9824086139900848,0.9822982929049638,0.9415591114148408,0.971541513623185,0.9598869407894826,0.9596980460166721,0.9037326995181969,0.982072898019583,0.9784508470278243,0.9834801932923791,0.9828225472436403,0.9449156292138522,0.8951668827476154,0.8683564785704351,0.9116264738086788,0.9417990552359995,0.9306997056706977,0.9357812310128747,0.9351187954163545,0.8161093729522837,-0.46643210019226955,0.9759467628065626,0.9685524980366829,0.967170781830423,0.9853253773519666,0.9651300844259371,0.9790460341438911,0.9788277017758431,0.9351675827531399,0.9799027698678349,0.9359929179969557,0.8293139719285131,0.9483113126427137,0.9637911686879355,0.8255865140013529,0.9534160942270576,0.9544842611172418,0.9007504176825104,0.9765430634463129,0.8952683987672413,0.3765581776993374,0.6913633619754064,0.9012686247688655,0.8613963070763209,0.89805094553578,0.9817631282662271,0.9818622431021321,0.7656991239825897,0.7594751765001037,0.7693515732580463,0.48734618985818745,0.7351207658217467,0.772982353430753,0.7693418390648187,0.7363206566186843,0.8022644095144685,0.748939569683272,0.734402848473807,-0.5025504850270489,-0.5851679971436012,0.7766299268871065,0.8933051594491279,0.9181273026088023,0.9422949017065063,0.9083568027578477,0.8302279602834967,0.9100647236964402,0.9139750017862032,0.9135617793086485,0.8067908055932006,0.12307148972241894],[0.9812724221975008,0.9895738089320695,0.9909348419619615,0.982256404906157,0.9840106480606462,1.0,0.9766394362064929,0.9783947642201596,0.9944418809908147,0.9779815330164997,0.9751994734317355,0.9751541999198385,0.9781692265914096,0.978456445945124,0.9782041099929226,0.9824707342353612,0.9789322618988346,0.978622389827486,0.9785875225081638,0.977362358480026,0.9782940855517699,0.9930380167572935,0.9943484559987402,0.9823585969402799,0.989618691821564,0.9830422929031573,0.98050349626816,0.9896368503769115,0.97785107991096,0.9520378250207508,0.9587986346524988,0.9712332585879747,0.9658720175201223,0.9763567953601666,0.9770484890146793,0.9778839489207869,0.979206817242316,0.9762857159059557,0.9776600079350664,0.9760198892018553,0.9780272237315604,0.976766067496781,0.9767403184591532,0.9965240044399862,0.9067470699148642,0.9391273615364006,0.9514749464285469,0.9585249564444862,0.9250272184569112,0.9178372618853443,0.9150108535700675,0.9211526075701212,0.9432404125524954,0.92062966180853,0.9456969365663299,0.9533816041928885,0.9594599224081403,0.9614388249766876,0.9741330049221026,0.9901872623554838,0.978681130717256,0.9868980361528625,0.9782194703219074,0.9777889378309643,0.9801552659660747,0.977885629720666,0.9633818181666804,0.9630322095821195,0.9557143120890708,0.9852156367979552,0.9787596041578046,0.9742602600953397,0.9733441236859678,0.9739898460412115,0.9284564669797805,0.8928850029130638,0.9405910341954462,0.9365042005495158,0.945683005872554,0.9275133315110086,0.9257831108622431,0.8146159526960683,-0.41809158655534695,0.9866858173933714,0.9890952972645655,0.9860645442231775,0.9748576858475919,0.9814289490879179,0.985018744846868,0.9846962171482825,0.975024221316743,0.9758172419879052,0.9747125264800094,0.8349761548876344,0.9118392777215096,0.9625806005398514,0.8668741381287658,0.9469253847898731,0.9477747474031423,0.8599806296148887,0.9558676445729742,0.8217035600402981,0.44834650167412243,0.6942982367738643,0.8320315197284794,0.8145548567728885,0.8223754395184205,0.9544761833099739,0.9544152526745916,0.7389528147623616,0.7420075522013029,0.7407905213045912,0.5058693581173703,0.7453973842785334,0.7456128930793303,0.7393554310997147,0.7398955819318569,0.7838711379859724,0.7098443409484211,0.6993355268721898,-0.3390851785040473,-0.4669045567234101,0.7940735143291034,0.8535618236733437,0.8554996185041445,0.8825312791346002,0.8597868973773276,0.7955893612414581,0.8464568246642185,0.8492958516682696,0.8492355938196947,0.7995447783493452,-0.03674454475563542],[0.9979141098455003,0.994538988259686,0.9892192445197449,0.9980845479441596,0.9990013511958382,0.9766394362064929,1.0,0.9978389504005062,0.955913157753241,0.9996730545906041,0.9996606388714433,0.9996953127037714,0.9986496468531023,0.999311607048651,0.9998963351295881,0.997102011504225,0.999906716514367,0.9994819480941862,0.9994867657224717,0.9997586870325907,0.9994323809369459,0.9903172300517251,0.9733720195248305,0.9870190476395011,0.9250622797508078,0.9940505465499248,0.993459171640755,0.9724167842927953,0.9498057789202367,0.9914489191183252,0.9922640724372578,0.994438863006185,0.9788362719562603,0.9991591948293647,0.9998772758765163,0.9997594670706955,0.9995343445616738,0.9998136958194918,0.9998658216979008,0.9987465512825405,0.9997704242777992,0.9994864216174101,0.999196318070875,0.9781158959830649,0.9505713915701344,0.9608938021412209,0.9625678814735433,0.9508649520373231,0.9279581040022288,0.9614575014915819,0.9532362772289619,0.9638604130639173,0.9687849676713479,0.9597584752363412,0.9835533099603699,0.9842005369422624,0.9930024010266187,0.9962948776580137,0.9585136760401598,0.967199689569066,0.9748324307703659,0.9763796918449067,0.976243823601157,0.9585281057326607,0.9054455120985642,0.9624137523956716,0.9635378806460241,0.95031726092585,0.8870183239575186,0.9730284051898066,0.9519591478289346,0.9736309861580459,0.9588318610665694,0.8276978750910259,0.8854287956191365,0.8248022977302373,0.8980707965807587,0.9146456259475179,0.9186855882291632,0.9009987979026143,0.9113244587136862,0.4669950555523344,-0.5323525894218841,0.9663405397946738,0.9549279529690589,0.9545260859684118,0.9596821905511101,0.9600508922703106,0.9720468820393549,0.9721562953257925,0.9219728683572577,0.9712320252091351,0.8710340830778485,0.8231894328701465,0.9490428325693956,0.9447604373149703,0.8378477855726791,0.9601252097477033,0.9608339941479057,0.9057727774638167,0.976453427871804,0.8334361055250408,0.5422172313067621,0.7339317855267254,0.8589225651548277,0.8561997636549967,0.8403611881712985,0.9825852865149852,0.9827441911765746,0.7883668304656928,0.757991313196792,0.7821874698179738,0.48100489243593364,0.7882654466517732,0.7972534930656097,0.7864818706279129,0.797443972914668,0.8008815660576935,0.7565475310456353,0.7410148593123206,-0.32506932703991787,-0.47646315792417193,0.7839757179477557,0.8988975396649186,0.9211119820901625,0.9441515289339436,0.9157661498671225,0.8433384107265426,0.9126821972086269,0.9265873762560513,0.9248140285867897,0.7902535749068312,-0.06383496084207861],[0.9966811724645545,0.9928352194171042,0.9900942387709349,0.9970002329259023,0.9986704209339144,0.9783947642201596,0.9978389504005062,1.0,0.9660740413425852,0.9999998498581604,0.9999994287338195,0.9998146299310671,0.9999971490836798,0.9999984090965788,0.9994289853518544,0.9927130682908253,0.9995505421594921,0.9999205849074969,0.9999202770561753,0.9999702685524727,0.9999988952713276,0.9910167690125129,0.975385491012302,0.9934066904853347,0.9387604819249504,0.9945599768314859,0.9922379277310163,0.9747101278779009,0.9500628053151816,0.9878858495584508,0.9937890463995022,0.9932300143096363,0.9764703277062045,0.9995166649379845,0.9996362084585518,0.9997236631812757,0.9997775589901923,0.9994169813224584,0.9995896481050512,0.9984762444422313,0.9990342872026683,0.9995921503311184,0.9994734931953531,0.9799773672703488,0.9505561520902411,0.9589597990592807,0.9652382068433153,0.9508199174002706,0.9210906172083859,0.9597555034186253,0.9493278024002799,0.9618721408226931,0.9643323272479901,0.9547097886697499,0.9816848231603086,0.9817699520600821,0.9921131205886602,0.9965248879293027,0.9547167715701305,0.9648512982245445,0.9707172944600109,0.9745469727848441,0.9724188618522818,0.9573741999824711,0.9020531622430197,0.9594686704684658,0.9591493516168197,0.9465252869552836,0.8807561061707946,0.9713703959144406,0.9475130263933507,0.9697289886063089,0.9552910112866299,0.8195890802871326,0.8810049376563802,0.8217836683822799,0.8933822986134407,0.9098769627301073,0.9160633845763843,0.8978592911651087,0.9065407693950753,0.4541151916065778,-0.5343405400373094,0.9639170315641603,0.9515874248596661,0.9511021919214068,0.958186584404942,0.9577885441985551,0.9697378080994202,0.9698488581646709,0.9202413133883508,0.966747398008038,0.8651198528092058,0.821242573503828,0.9586075253697787,0.953723924047477,0.8361073896150657,0.9601618012481514,0.9609938089275247,0.9033532070460766,0.9796349293756487,0.8353461974400154,0.5279536978126514,0.7260339720084279,0.8590871634816546,0.852862927007451,0.841581184924053,0.9845096213310689,0.9846656995095574,0.7803105820013405,0.7516941801706827,0.7826375615546485,0.47106181643216893,0.7832213820339922,0.7924800164571515,0.7861097142983552,0.7918290981568011,0.7958011414232945,0.7513813969725287,0.7353864547932277,-0.33916404217400875,-0.48937292864140336,0.7755761083258531,0.892497416955464,0.9183464862944047,0.9372344253023893,0.9107681869194111,0.8340378396796152,0.9066347579573749,0.920514414519448,0.9189383353613672,0.7734805507607119,-0.0475641902671619],[0.972219409038741,0.9897406771088877,0.9915362100579703,0.9740386444726661,0.98409428497214,0.9944418809908147,0.955913157753241,0.9660740413425852,1.0,0.9811689510600673,0.9862159948192467,0.9889199671060241,0.9696220742052815,0.9744624377037409,0.9728964208369366,0.9510889361013805,0.9777745548250378,0.9750811778385157,0.97503300024461,0.9796607211608535,0.9742973536919878,0.9939053206648277,0.9945090940202496,0.9801576871281797,0.9904686277517987,0.9834974684644047,0.9931773051563388,0.9922141374364394,0.9736990986524712,0.9244709681979298,0.9460687236503779,0.9655700305302655,0.9562469531063832,0.9689312393417888,0.9776693378848912,0.9741237710868558,0.9763841178367876,0.9880771934677929,0.9790512083819429,0.9659218504171033,0.9755598880962929,0.9699100809575624,0.968926590120793,0.9991861429434498,0.9220851854154023,0.9350114521032543,0.9650512345210716,0.9568639795034297,0.9103890955288912,0.8903181712894944,0.8936041737448556,0.8946600134782167,0.9277975983874156,0.9054704567166352,0.9298732486360513,0.9484473191569283,0.9522794896115084,0.957210972717466,0.9164770736659799,0.9759252827585982,0.9576034099379918,0.9734739156920073,0.9574622837733663,0.9180994742619706,0.9347448174207773,0.9575661128539775,0.9357077034575296,0.9042680638051349,0.9067955325517428,0.9744867717445594,0.9334702677323065,0.9522201404593509,0.9181503488368998,0.8670217320961227,0.8911438706485311,0.7831383134939329,0.9054467712212982,0.9058478586098374,0.9185116195587613,0.8698989496765243,0.8880136291540862,0.5153774441421852,-0.4466686212999422,0.9682040329736473,0.9658514264145764,0.963464271161582,0.9140374415368584,0.9606010566619774,0.9662033559905672,0.9657870779891761,0.9500904807605176,0.953286900281832,0.9044584650740358,0.8255936828571515,0.9480004168749382,0.966604384151014,0.8469510369869693,0.9416927471510234,0.9429762126708068,0.8532027472099813,0.9662240238769868,0.7372111378357348,0.40799974411106527,0.6663649536030091,0.7716963539933162,0.7783018707234481,0.7499174165366455,0.965226511366671,0.9651454313445045,0.7087628748237688,0.714619749744049,0.6716213603218169,0.46744095662928703,0.6963791908665559,0.6918823890278194,0.6693514314725042,0.6938829487171909,0.7678198728425837,0.6905075932074792,0.6775171293803458,-0.3748680728720983,-0.5095182320159916,0.790401687563312,0.8461932909993739,0.8253831312036399,0.8650884156684696,0.8611212941566811,0.7741138550245718,0.8168863646258502,0.8327429733490637,0.825967325019173,0.71830916227555,0.021224719720396787],[0.9967713533510292,0.9928346558469267,0.9926722626935987,0.9971365325330644,0.9986681802650261,0.9779815330164997,0.9996730545906041,0.9999998498581604,0.9811689510600673,1.0,0.9999992348153282,0.9998185932007523,0.9999985415071849,0.9999979406625158,0.9997322427785346,0.9981017341023478,0.9995524173380668,0.9999022936768174,0.9999022339756456,0.9999810437241475,0.9999994297109798,0.9935009631035109,0.9773932178959485,0.9964996615947268,0.9689585283006291,0.996515300025914,0.9922462775266686,0.9790436623447758,0.9516613837557442,0.9901180687023344,0.9939396672884527,0.9912648623177345,0.9738529887919469,0.9995724572164242,0.9996333861529701,0.999649451819337,0.9998593063240286,0.9994260918867599,0.9995963070605939,0.998726923689495,0.9990791802081972,0.9995846685995968,0.9995807544932271,0.9845508706205741,0.950599944132089,0.9589811831913989,0.965228363948515,0.9508232510303045,0.9211639392370689,0.9547554000746695,0.9476918980756021,0.9581869601094172,0.9630345349765772,0.9535217302283466,0.9818645973298045,0.9818002292130423,0.9928212623280802,0.9963899256160895,0.9759663316919646,0.9648201866611962,0.9730281238547399,0.9745286059188801,0.9737068734274061,0.9735679455696372,0.929453293286891,0.9594615173789368,0.95123214114642,0.9510375579087743,0.89254579020216,0.9713442450259059,0.9696650152948116,0.9749792748101691,0.9741495484947684,0.9319413619376459,0.8810004592430524,0.8491580326697313,0.8933771497986093,0.9265330961922429,0.9172375055111418,0.9215325584185584,0.9209080828466472,0.776738545173777,-0.5203732204051168,0.9638988913911835,0.9515526301814242,0.9510806221146635,0.9768248083861474,0.9535841644786712,0.9695346286779142,0.9693036886352849,0.9209973781663024,0.9705648922622091,0.9220357745530009,0.8212369250612016,0.9585170489921898,0.9639793710603773,0.8245030874563459,0.9553664850945953,0.9563868802651999,0.903428113335404,0.9790213711503517,0.9035243468588928,0.4212440257592952,0.7076203070078039,0.9094148158145211,0.8694030062863319,0.9060278719867747,0.9845027631647201,0.9846590564838953,0.7803823346532403,0.7517784458348716,0.7835715752894994,0.47115136528968377,0.7501338664912269,0.7876348798172442,0.7834578901207906,0.7535397481556119,0.7958501846554366,0.7514766593043828,0.7354821950250995,-0.5450419640538146,-0.6276884817541027,0.7756883850644625,0.8925982452828,0.9214990635352738,0.9440905085695218,0.9108648540990201,0.8320497059745954,0.9101975010267781,0.9167019015182246,0.916239895099677,0.8175526319396674,0.17923501801580435],[0.9950875934391474,0.9928710488726479,0.9965580902343881,0.9956707801779018,0.9983539011926308,0.9751994734317355,0.9996606388714433,0.9999994287338195,0.9862159948192467,0.9999992348153282,1.0,0.999817127106539,0.9999965793841091,0.9999982739610062,0.9997197224684089,0.9979449537736559,0.9993620973746482,0.9998260156432934,0.9998261143397849,0.9999984941063126,0.9999986166647409,0.9932981968339338,0.9752524041989543,0.9958624188904565,0.9769736718094342,0.9962998042299035,0.9922592167798606,0.9816159387445733,0.9475647271751492,0.9902660444170082,0.9939802569658895,0.9865102642633932,0.9546946275521878,0.9994224961172448,0.9994688409034213,0.9994233399263864,0.999915363282067,0.9994142226636912,0.99943163853843,0.9983326671950462,0.998783431824829,0.9994061151443205,0.9994041996130842,0.9874078593883033,0.9503915022243087,0.93445372113275,0.96520322132951,0.9507809028308731,0.9209820320259309,0.9333717943600479,0.9260415375519458,0.9368835265872232,0.94339428482819,0.9321638161834883,0.9768440309186132,0.9768259791635645,0.9921148029568071,0.9951806060946448,0.9698314717016565,0.9649591522433864,0.962262951882405,0.9675319357054533,0.9632303078236301,0.9630275122785643,0.912099879858826,0.9507747040120926,0.9182198361249935,0.9178248065027801,0.8396398860318722,0.9702648483063456,0.9745734220709764,0.9717468052550573,0.9707553199361454,0.9292141971631653,0.8362081907435652,0.8094570410250035,0.868197016383815,0.9138632741993978,0.8900185914005919,0.9018939260370108,0.9008967112285778,0.7872127726102468,-0.27228388182630375,0.9543122397834056,0.9517174489431007,0.9512132690393741,0.9707043101417957,0.9427658613292549,0.9563825231007801,0.9558653732578274,0.9023180303484252,0.9582870461460146,0.9049558381688458,0.8213857700712216,0.9587490882151453,0.9686276292401257,0.7463420913354146,0.9245067753670365,0.9266529291887431,0.8652127925264149,0.9859367151542241,0.8536560915331575,0.0700947492886118,0.5721774066482391,0.865089475980192,0.8373976326002319,0.8607310679360085,0.9867102645251811,0.9866991085581983,0.5743983679197227,0.6794334752145152,0.5814342877842482,0.47111251329089865,0.5535237523380812,0.5896900738332465,0.5815706293274675,0.5220381296759184,0.787143243895336,0.6413291865065328,0.6054158278140279,-0.5035155391762548,-0.5639469087586098,0.7753020110005763,0.8763276008439391,0.887090114081784,0.9235659833913246,0.9056555747436777,0.7369757445363605,0.8760085461352415,0.8829102870200171,0.882371853946063,0.6625021843409307,0.14253473412814932],[0.9943596076854473,0.9938136339812442,0.9959369257024774,0.9950868362408329,0.9982838176221902,0.9751541999198385,0.9996953127037714,0.9998146299310671,0.9889199671060241,0.9998185932007523,0.999817127106539,1.0,0.9998293189672189,0.999821829228478,0.9997075376806821,0.9985269507072142,0.999522656351988,0.9999765401698938,0.9999763996108605,0.9998217659153578,0.9998257683604375,0.9932133420948036,0.9739797387338428,0.9947422220917065,0.9773466157530851,0.9953052314244657,0.9938652383302583,0.978065061233609,0.9337447324041958,0.9930866266712949,0.9952992723713914,0.9832790420868482,0.9416192828406776,0.999549481684279,0.9995844047680379,0.9995476751596291,0.9996818240473317,0.9996909462897628,0.999559276923422,0.9982599185377229,0.9988089515703297,0.9995325174664621,0.999529487720807,0.988972712915441,0.9470002439312185,0.92659232673154,0.9626180657089566,0.9489312774308369,0.9207066945477717,0.9092319509476366,0.9379316345882496,0.9118500216880644,0.9280707991145699,0.9080451964867571,0.9681017896028737,0.9680929384972894,0.9854175110598121,0.9952451882709363,0.9696797595463666,0.9695004659196359,0.9589446333082843,0.9665366885298394,0.9607642289225238,0.9606038504511045,0.915521761319517,0.9438192209473886,0.9049682288284875,0.9047149425244938,0.8327552066185266,0.9704847224036565,0.9720669548261348,0.9720425542258558,0.971442675764496,0.9377331010751215,0.8070104345610875,0.7807150839717257,0.8473971103341907,0.9003130155095995,0.8678628744870484,0.8847700489760192,0.8841552268506219,0.7818995908280302,-0.09869136195548876,0.9502432534444436,0.9530878856219827,0.949920612003475,0.9701807178151487,0.9440948418371299,0.9528772530935293,0.952200073371182,0.9045138037026854,0.9543035831742457,0.906098631565079,0.7886598179434061,0.956902985506942,0.9528068197409665,0.6572761415859216,0.8852125068321345,0.8886906331079947,0.782489724917844,0.981139674764967,0.7606153188110633,-0.2890872506953536,0.33605872073870585,0.782376223199666,0.7415312747269651,0.7763775650659444,0.9822256645822837,0.9822896332520967,0.3071063519157315,0.46479792925871327,0.3135118312429212,0.2851922367315731,0.30520671750533845,0.3186958192022479,0.3161841802069077,0.23379241773683115,0.6322543262834076,0.37384179972878684,0.32310271005382923,-0.5071481506442768,-0.5571649839529529,0.7745983792366213,0.7956901014102288,0.8155366815032415,0.8797236084114742,0.8515614717107337,0.663382771364077,0.8154219446565301,0.8122119850049316,0.811405725738224,0.5088089477408487,0.32423892214300687],[0.9967533212359984,0.992891610235187,0.9899295148515067,0.9970571136710009,0.9986772081619986,0.9781692265914096,0.9986496468531023,0.9999971490836798,0.9696220742052815,0.9999985415071849,0.9999965793841091,0.9998293189672189,1.0,0.9999977416210231,0.9994677483498943,0.9941769587173063,0.9995835100637542,0.9999298044486905,0.9999296347992868,0.9999767339679845,0.9999990140825359,0.9908785422707879,0.975156744818083,0.9940484107773909,0.943570258847922,0.9944989290400376,0.9923141173872607,0.9744741513347398,0.9499272943551101,0.9888022171253258,0.9938857373930367,0.9933044473988195,0.9765670830487678,0.9995584314152838,0.9996714342741463,0.9997505594251814,0.9997741056963896,0.9994598147043222,0.9996248159044964,0.9985539920864113,0.9990900505319661,0.9996326709852944,0.9995151542248164,0.9797048692031782,0.9507386577298819,0.9590698630396227,0.9651472405784656,0.9508083383099141,0.921482753322191,0.9600977970124329,0.9496809523814326,0.9622137847559875,0.9645968919285861,0.9550561224106657,0.9819288602089103,0.9819362338125524,0.992237418969136,0.9966210444466498,0.9549202565615371,0.9648088403504915,0.9708116681609892,0.9745406944959172,0.9725139287046162,0.957523759682025,0.9018662528774247,0.9595235957487211,0.9593230026698293,0.9467734507400988,0.8806965477557879,0.9713349580725722,0.9475965590685876,0.9698274811979257,0.955482099872216,0.819398815491418,0.8810856677522244,0.8220997761009803,0.8934651285511889,0.9099933116851003,0.9161013115157779,0.8980944680910171,0.9067554943563743,0.4540741481980677,-0.5345691218355058,0.9639183143382065,0.9515912650419789,0.9511082702970803,0.9583546695360705,0.9577721892388324,0.9697610169327137,0.9698734127379443,0.9200866203832972,0.9668602338364342,0.8649634773292881,0.821260951991595,0.9581772047980868,0.9532595196700961,0.8360537721227038,0.9601548088248214,0.9609799495277314,0.903699860815079,0.9795211769904932,0.8358744248543805,0.5291014745598406,0.7266566561617903,0.8595941479033613,0.8534024042217364,0.8420970971220965,0.9844697011633043,0.9846264326959253,0.7809062322171142,0.7521475174062527,0.7832818267319699,0.4715738744336793,0.7838831120187963,0.7931881930863116,0.7867723109611343,0.7925459506956171,0.7961122373362449,0.7518339142334383,0.7358482800621624,-0.33830643950338285,-0.4886309597092109,0.7758094910379891,0.8929825878575863,0.9188510735892961,0.9377534728719524,0.9112283889211399,0.8345542828333532,0.9072149084569959,0.9211129918442504,0.9195325463702273,0.7741318496457583,-0.048616491890238825],[0.9967181820944355,0.9928696128459615,0.9901417654822504,0.9970368118001319,0.9986990376150496,0.978456445945124,0.999311607048651,0.9999984090965788,0.9744624377037409,0.9999979406625158,0.9999982739610062,0.999821829228478,0.9999977416210231,1.0,0.9995467814393028,0.9974916274912461,0.9995634698225796,0.999922781000642,0.9999221547410669,0.9999709418941339,0.9999978036894324,0.9910575607027896,0.9754445429638159,0.9955925364635657,0.9555098231458127,0.9953340757674132,0.9922746643390802,0.97476068001785,0.9502089949660717,0.9912732065165638,0.9941256018695505,0.9931855898751437,0.9763975825682808,0.9995260661065898,0.9996362480887482,0.9997292682933273,0.9997903007847263,0.9994354707887708,0.9995865733820483,0.998497225963171,0.9990472371499493,0.9996001436026128,0.9994836664139708,0.9799786554880137,0.9505951465421457,0.9589770553400843,0.9651819285743105,0.9508041756334265,0.9212478729845807,0.9598206065928798,0.9494364451268169,0.9619642532341869,0.964292034983193,0.9546353432976223,0.9817020348986187,0.9817195083790794,0.992087039643774,0.9964911347181458,0.9549593620590024,0.9648736597561419,0.9708534906803771,0.974623589423578,0.9725436669099203,0.9572208300339193,0.9022222332970347,0.959414722119251,0.9592064826375813,0.9466949711688002,0.8808671951747163,0.971486721172393,0.9477938193350208,0.9698957831392346,0.9555457435206554,0.819867632667195,0.8810365400014136,0.8220010302230754,0.8934469567964992,0.9100190365916615,0.9160831248247184,0.8979881728797842,0.9066825534944132,0.4544280479378313,-0.5340488034380328,0.9640039871315695,0.9516226374204668,0.9511440356195673,0.9573270652723861,0.9579358319418517,0.9698165860099331,0.9699249335211884,0.9204115887958464,0.9668848141782629,0.865329400006823,0.8212468670325533,0.9584046757989291,0.9536493425559561,0.8361278942161101,0.960104910291025,0.9609402511276621,0.9031842779861258,0.9796470113243169,0.8353651167828917,0.5277711559050925,0.7259258463036947,0.8590859444686533,0.8529634629593437,0.8415965501335062,0.9845363515675076,0.9846898496781338,0.7799611565443427,0.7514068141836516,0.7826110053478048,0.4712565530031656,0.7831943710843994,0.7923999171024277,0.7862454182604247,0.791732320198578,0.7957363336214563,0.7507270474213449,0.7347632561618246,-0.338996667632135,-0.4892020629489638,0.7756659728666677,0.8924150271417829,0.9184512503584326,0.9372617199363045,0.9108087670361894,0.8338547246245757,0.9068077328041564,0.9205355564493289,0.9190685481021363,0.7735562774725486,-0.047801450964993344],[0.9979203848261781,0.9947071268569809,0.9897536610293336,0.998119672313823,0.9991486967999418,0.9782041099929226,0.9998963351295881,0.9994289853518544,0.9728964208369366,0.9997322427785346,0.9997197224684089,0.9997075376806821,0.9994677483498943,0.9995467814393028,1.0,0.9986336571781679,0.999874352602301,0.9996170070597235,0.9996207946751527,0.9998017808913795,0.9996089778692846,0.9908558047831431,0.9747177063204383,0.9945037729591502,0.9496862821297531,0.9941400214343641,0.9937412682674881,0.9735118394312398,0.95109941077116,0.9915242133441369,0.99265593810185,0.9939350781626332,0.9782315966503471,0.9993406548126619,0.9997550645140865,0.9997569381910067,0.9996368764717892,0.9996899643027414,0.9997235463211606,0.9989848665029162,0.99965342174447,0.9995599963609598,0.9993488892088259,0.9789718200873747,0.9497629601663472,0.9608295837162728,0.9640937810035729,0.9524312422148251,0.926738259568982,0.9615734869222784,0.9533363132023158,0.9639718663349695,0.9678147363516385,0.958185080450559,0.9833666682323468,0.9833527788598088,0.9928762760856957,0.9960268828988126,0.9589140592723496,0.9682707857675943,0.9749897665196092,0.9770168727748465,0.976453776008304,0.9596947513200574,0.906695163795517,0.9626686499394889,0.9636713484176809,0.9508996654699466,0.8874791302821274,0.9738558339821006,0.9520894074118765,0.9736445571306982,0.9592958450120632,0.8272459857723753,0.8859863797283322,0.8261282589838868,0.8986742428203974,0.9144283348637819,0.9186797879895809,0.9014013100662909,0.9111820923887102,0.46527705742748166,-0.5307744058943761,0.9671466523753546,0.9560506947728872,0.9554998085278371,0.9607170514947114,0.9612241970426191,0.9726525041204864,0.9727348697585637,0.9241534370493628,0.9712617801261964,0.8715955749151475,0.8228608558089655,0.9513377552809907,0.9472178304975186,0.8386842380928472,0.9601443565315342,0.9608890176508462,0.9029582711303658,0.9767240058885104,0.8345575346641259,0.5362035029179129,0.7304530756996986,0.8589735969116388,0.8553578603811626,0.8410039456656877,0.9825471241930871,0.9826870845881813,0.784545878113526,0.7543117410887145,0.7831604397526951,0.47809713815216887,0.7870616737300373,0.7960303576701525,0.7877200804370207,0.7958984205453751,0.7981948386274511,0.7519647101794039,0.7364502626938582,-0.32751133133096166,-0.47867864349621714,0.7827062824499218,0.8950552464527048,0.9208765730982831,0.942505125396263,0.9122713022313156,0.8407538332730371,0.9121733160168705,0.9251142691757464,0.9238288448873625,0.7856387858377385,-0.05921448332898269],[0.9983055292871412,0.9966312500849017,0.9910354553247355,0.9985697532216086,0.9989810888027412,0.9824707342353612,0.997102011504225,0.9927130682908253,0.9510889361013805,0.9981017341023478,0.9979449537736559,0.9985269507072142,0.9941769587173063,0.9974916274912461,0.9986336571781679,1.0,0.9989955488087844,0.9978359492237645,0.997835535601574,0.9981958620709507,0.9975448115501945,0.9928253632590746,0.9785192314375337,0.9815389051031457,0.9247436103159232,0.9919844003637499,0.9948588447793504,0.976800220230137,0.9589445047045789,0.9916416299654576,0.9895770382053773,0.9919654026983857,0.9778349467844015,0.9975384040642639,0.9983410537496151,0.998199612585816,0.9980456657969402,0.9988877722877502,0.9982462832850904,0.9982451035825813,0.9987848295767018,0.9977016391388401,0.9976087734053302,0.9798604945205543,0.9447342579922535,0.9605759436030218,0.9604438510216203,0.9532914703534273,0.9309145596827674,0.9610682794209379,0.9535347816139372,0.9639135339434891,0.9666033936608589,0.9546793617618683,0.9809273447611256,0.9810738646104515,0.9888322293921546,0.9914116727778365,0.9678744275252816,0.9743394064763039,0.9810400972047824,0.9813898887364582,0.9817754849204031,0.9675763808304024,0.9192923546799525,0.9666000114586041,0.9679841649599135,0.9585186886613015,0.8999418839405076,0.9788772680048217,0.9629502619166971,0.9796835314317816,0.9682274696701231,0.8460574857778956,0.8949143855149913,0.8391446974712287,0.9081215049536148,0.9251780418041952,0.9261735667192192,0.9092436225494182,0.9200320054110811,0.4948815370275605,-0.5045920061453849,0.9730602671561863,0.9623403463060167,0.9628153378031302,0.9695242950996225,0.9682635699885176,0.9775582596241711,0.977567379888503,0.9351970436560926,0.9779292696242401,0.8880934605269859,0.825242261511649,0.9426552062225333,0.9436030466486017,0.8429904446507759,0.9583927000121493,0.9591797615886538,0.8959017928283453,0.9747702922787855,0.82783295394703,0.5246164079871479,0.725394199543926,0.8490318213578192,0.8504451053172175,0.8314542220201748,0.9793676843138645,0.9794199194459996,0.7747758198442097,0.75070930912546,0.7754257597681127,0.4848874184307803,0.7787168109645685,0.7848747846095606,0.7862044930379251,0.7854782916618123,0.7966739006603062,0.7387716933216224,0.7244723550975979,-0.315