var config = { responsive: true }

var correlationAdjClose = {"data": [{"type": "heatmap", "z": [[1.0, 0.9999929612297551, 0.9838973585295832, 0.9999205015192297, 0.9988201037685434, 0.9888890515313741, 0.9973555371441631, 0.9949686639539176, 0.9952462785092294, 0.9797475637241573, 0.9912037452131197, 0.9951220669177482, 0.9942956400254046, 0.9950266935210687, 0.9951725220396602, 0.996371300834229, 0.9980299125091243, 0.9957897700990985, 0.9958043764738025, 0.9958217533487892, 0.9950676379266842, 0.9847913401032472, 0.967478787032727, 0.9871010689007619, 0.9858867561370214, 0.977971336302298, 0.9614540310521051, 0.9394357493712533, 0.9946548075746172, 0.9947214346013803, 0.9917740992678384, 0.974695381954311, 0.9972662629962918, 0.9975856806260793, 0.996915454776427, 0.9951909205362297, 0.9945927940042174, 0.9974167742944512, 0.9974861854525117, 0.9986407731071342, 0.9972025099427348, 0.9972160258818482, 0.975853122866169, 0.9270349663306283, 0.7637354506968006, 0.9026358196980468, 0.9182372797419638, 0.8521274015134914, 0.9707739801792451, 0.9445165629038095, 0.9719066793321551, 0.9680372798369834, 0.963120269619374, 0.9864675407114306, 0.9828129789823136, 0.983121674464922, 0.975742776265052, 0.985074310463224, 0.9823320800116466, 0.9857402512296479, 0.9854893268720936, 0.9630679756677889, 0.9645192557758946, 0.9704878309437388, 0.9701737224955385, 0.941341513791416, 0.9742630289141263, 0.9727135767813383, 0.981094519732855, 0.980142793364012, 0.9339146377281952, 0.8509962849953244, 0.8193130450401707, 0.8699105400664374, 0.8991938098117253, 0.8931229011842242, 0.8977669958045811, 0.89645165411617, 0.6051585698156722, -0.5160032162376574, 0.9748851244232245, 0.9642505730944552, 0.9608654150705954, 0.9840590776218637, 0.9420457435058822, 0.9802197692940693, 0.9801680950839794, 0.9418475555811581, 0.9805826253928064, 0.9466761407599243, 0.5955695321543819, 0.8355803480764179, 0.9102499047951003, 0.1329860277562382, 0.9142052534762556, 0.9360918967083459, 0.8053269033573304, 0.9539879467613146, 0.8963618224213049, 0.672057630074646, 0.4713574545653305, 0.892013955703036, 0.8610550594989027, 0.8880391458533425, 0.9654693934277857, 0.96571488440627, 0.7380987343571517, 0.6977126133837661, 0.8273252887558478, 0.32693517178023007, 0.7949198253913088, 0.8330756165875691, 0.8195644140220768, 0.8177823412772524, 0.7324404709290788, 0.7368616108676618, 0.7162394045238969, -0.22686443123810607, -0.3601037885198742, 0.6137069478638785, 0.9010959825957444, 0.9472997253689756, 0.9507156197432838, 0.919846135471418, 0.8278996922818673, 0.9185251993895891, 0.9407858899768332, 0.9405825449486276, 0.875972361415647], [0.9999929612297551, 1.0, 0.9801923265826696, 0.9997479170787605, 0.9971804220316868, 0.9898579261857419, 0.9923008490953128, 0.9872227561468048, 0.9872685580077791, 0.9655170632790304, 0.9899592300898002, 0.987519458593652, 0.9873061090719879, 0.9873616780607928, 0.9874692173893669, 0.9928067410243665, 0.9947544179960303, 0.9911060175196501, 0.9911078289075353, 0.9873572252969771, 0.9874262185734308, 0.9866041540352095, 0.9578373395935211, 0.9821529577911509, 0.9817062170400498, 0.9777840206476752, 0.9688881536176145, 0.9011597842981476, 0.9880787805558007, 0.983167011865329, 0.9759479603940305, 0.9094843338475002, 0.994204551154379, 0.9939929367399742, 0.994308200013079, 0.9888450232140855, 0.9936237298999836, 0.9942803792516881, 0.994637968387606, 0.9963913984717144, 0.9943207385668417, 0.9943306929492872, 0.9840763964867195, 0.9268044641825485, 0.6499991037635054, 0.9024587382143903, 0.9188073688402859, 0.852261863476458, 0.8898663178115263, 0.9143526022466232, 0.8937982049667753, 0.9064660459135152, 0.8887018955365805, 0.956938156620586, 0.956815519889048, 0.9709661942502136, 0.9756611636921333, 0.9682637998000332, 0.9679486267362198, 0.9713970904323594, 0.9713034526844517, 0.9276622217745863, 0.9360477994673204, 0.8968383171147228, 0.8967148617790653, 0.7778962482735748, 0.9654366996445576, 0.9680406357946127, 0.9683897656923628, 0.9677823256760361, 0.9235490346820381, 0.6104242594748452, 0.5482649273076698, 0.7128568477654359, 0.8163617956441087, 0.7357321607589552, 0.7788843981682044, 0.7772334851532631, 0.5376165383588349, -0.2654121886361974, 0.9499832139433675, 0.9585047490374436, 0.949642949011497, 0.9720940995613896, 0.9185400912152902, 0.9554151332642198, 0.9542847976812625, 0.8870652712064783, 0.9590393406236501, 0.8942574945285666, 0.38156137618262204, 0.8344414037194117, 0.8370341451176887, -0.23431891180089975, 0.584909189906288, 0.6958954288888732, 0.6143122983867225, 0.9491258729013328, 0.6353836043554741, -0.182026523753107, -0.10134118929745585, 0.6021297394027477, 0.6109169864947092, 0.6575617367450052, 0.9509707212250152, 0.9507710712869486, -0.11288479223781332, 0.11372794147714206, -0.04452322032021613, -0.06397608543398521, -0.03669753719988628, -0.02063048432023293, -0.05151411009018049, -0.08976934343372255, 0.2827826934079778, 0.04014159401217933, -0.005977775404819908, -0.45768123873083183, -0.48572443090294865, 0.6135376098997164, 0.7424467869596852, 0.7640189586909534, 0.8272840593714926, 0.8207142986020851, 0.5213311259453314, 0.7287684346011634, 0.7630135759029802, 0.761588201435039, 0.41465176546770666], [0.9838973585295832, 0.9801923265826696, 1.0, 0.9853633692338368, 0.9923027351816851, 0.9892741781106288, 0.9905862033445891, 0.9908978933049564, 0.9942224063336054, 0.9530179574516563, 0.9966614262511373, 0.9908049078475643, 0.9927657758054973, 0.9909638597910297, 0.990864504497998, 0.9914188721422782, 0.9897378692464679, 0.989399516033861, 0.9893621994493975, 0.9927273310386472, 0.9908244077474619, 0.9929475552474722, 0.9775299963234998, 0.9902439226214481, 0.990619789672528, 0.9759009326489999, 0.9805145840389976, 0.94328140243578, 0.9738038462292496, 0.9768805093354254, 0.9783816631600322, 0.949782640241954, 0.9878049509560287, 0.9909296632352504, 0.9891106986718765, 0.9929768414580095, 0.9942852535268015, 0.9919162216994543, 0.9871571551609591, 0.9871523011830301, 0.9880777915291344, 0.9874288664034225, 0.9899275476668026, 0.9265803370611652, 0.7057574408555392, 0.9294802450413071, 0.9046711283688015, 0.7537935018118282, 0.9317815382039278, 0.8994372403055358, 0.9329330505988543, 0.9279089003703169, 0.9206697767852097, 0.9537570379080276, 0.9605056280130136, 0.9270547331909733, 0.9423032097299606, 0.9504111413039732, 0.9555595789021268, 0.9511412541708174, 0.9253258453552672, 0.8873307695388198, 0.9192951148777023, 0.9212166087627631, 0.9052427917617949, 0.8537535048018838, 0.9555110394615932, 0.9322841733417098, 0.950977338503379, 0.9289580482395087, 0.749667428655934, 0.7863654452272573, 0.7256213258803086, 0.8071107841199164, 0.8561003731269072, 0.8523951762959183, 0.8264637265164423, 0.8398941509734699, 0.2780322743265993, -0.5220016940207395, 0.9404570656622189, 0.9074350980195011, 0.9138364572551149, 0.9276271498726201, 0.9072085134826886, 0.9466227409746439, 0.9462660911422134, 0.9028917626377159, 0.9436310127569915, 0.8225370398083437, 0.5640600558755273, 0.9201967687650736, 0.9296661298291844, 0.0535851017692978, 0.8923950969479331, 0.9173236121166456, 0.7904547870996945, 0.9758288152049036, 0.7788618499161857, 0.581329143530381, 0.3928406183754092, 0.7851058580790644, 0.785486647578016, 0.7734665765105172, 0.979820605443099, 0.9798693994218207, 0.6550332234855443, 0.6290481240575732, 0.7150817603808428, 0.2529374767833307, 0.6885356648738048, 0.7126299821636749, 0.7282596592525366, 0.7091773605753647, 0.6823845550525506, 0.6598085046669157, 0.6370954393145905, -0.3051160112099647, -0.4375933482201628, 0.5611532813038901, 0.859446008443847, 0.897688203789639, 0.8982529081246643, 0.8919674385238892, 0.7561356454662505, 0.8717865323596505, 0.8861576379324878, 0.8952365270983023, 0.7404761030177677], [0.9999205015192297, 0.9997479170787605, 0.9853633692338368, 1.0, 0.99914352219178, 0.9897609977447491, 0.9977361129336497, 0.9955310823079102, 0.9959233223252908, 0.9795371084689847, 0.9929111618684326, 0.9956668944899164, 0.9950539227984018, 0.995587267806681, 0.9957091856816243, 0.9969064197078269, 0.9983862814586703, 0.9962794890569769, 0.9962914598172304, 0.9964055654742471, 0.9956152058438252, 0.9861040033029287, 0.9688317589870858, 0.9882593123693297, 0.9871556281585199, 0.980901331758911, 0.9636317145236186, 0.9406771892855165, 0.9942271103268875, 0.9944558563867973, 0.9919778919440626, 0.9744658151954447, 0.9974604882731583, 0.9979449890505734, 0.9972666648115425, 0.9958052446774935, 0.9956054854083467, 0.9978166538066237, 0.9976261757964872, 0.9988010107330597, 0.9973866502923328, 0.9973970049102859, 0.9776902434020287, 0.9228683033602346, 0.7574696590112503, 0.9033699609410917, 0.9149809736569124, 0.8414172368070475, 0.967968415488159, 0.9410833262890708, 0.9689849481220785, 0.9654507888849317, 0.9603831542523084, 0.9844360007426367, 0.9813219746504633, 0.9811491604043527, 0.9735176659786062, 0.9833216745542255, 0.9812565216240708, 0.9839079466054819, 0.9836543054844107, 0.9477503739731833, 0.9626450028891255, 0.9687015233929741, 0.9683909791926184, 0.9341373921835623, 0.9732989474031694, 0.9685799709411009, 0.9790595833122139, 0.9780635090039486, 0.9024099531301892, 0.8486996507780797, 0.8141739757218119, 0.8672708314520321, 0.8952740551773393, 0.8920895199713332, 0.89446976402917, 0.8932350808408397, 0.49792826414255625, -0.5162979292644246, 0.9734303935895321, 0.9613842696977665, 0.9582204331288873, 0.9820908661328454, 0.9404914312498943, 0.9789506475938684, 0.9789015649860295, 0.9403370898337585, 0.9786028965959548, 0.9237803722110346, 0.6015917694732035, 0.8458377165672093, 0.9149049149173226, 0.13308610214417715, 0.9159790430284706, 0.9376160366674545, 0.8057742923187103, 0.9555683960736499, 0.8902878165592907, 0.6692091498957388, 0.46907704057312755, 0.8870425299246059, 0.8576216966219729, 0.8827270679695112, 0.9666461232442866, 0.9669002455619194, 0.7373649246796508, 0.6982197729240135, 0.8194701899491479, 0.32929184047395094, 0.789467038868767, 0.8249264813557964, 0.8114933027293157, 0.8126241565119862, 0.7356469773167305, 0.737158882581455, 0.7165986006364039, -0.2222354453266369, -0.359313578447522, 0.6115031862502099, 0.8993417330416695, 0.9456880851133924, 0.9491353174803824, 0.9189257700081829, 0.8251912233522097, 0.9167114404110231, 0.9387457865174186, 0.9387015309993008, 0.86826743765461], [0.9988201037685434, 0.9971804220316868, 0.9923027351816851, 0.99914352219178, 1.0, 0.9923471440646072, 0.999051340653285, 0.9981652914350443, 0.9982171314655998, 0.9724943737164947, 0.9974003150714864, 0.9982212427245954, 0.997957318647273, 0.9982016894779442, 0.9982672339124442, 0.9985218574032272, 0.9991260288852892, 0.9986256016843457, 0.9986279639801626, 0.9983023026773438, 0.9982026785297802, 0.993156865145946, 0.976551341975258, 0.9932190797884876, 0.9931209689774358, 0.9851387238010968, 0.9783005925008971, 0.9440160606870701, 0.9908899036386074, 0.9929053058903319, 0.990028298429991, 0.9651864099626029, 0.9989772616817987, 0.9990001753905869, 0.9989824578027792, 0.9983347482211192, 0.9985523190713966, 0.9990794466380336, 0.9991431737103034, 0.99909516509352, 0.9989594612450848, 0.9989619696086968, 0.9883496623790466, 0.9327576221273274, 0.7333648827014533, 0.9202123748674432, 0.9174321944585327, 0.8201462531706842, 0.9528079606429, 0.9266408031697192, 0.9563642199610358, 0.956717448600972, 0.9516041379159611, 0.9803873334355088, 0.9803170350450867, 0.9763323495339526, 0.9663481805448874, 0.9773150944103435, 0.9760452483693127, 0.9776265722540237, 0.9773015424141535, 0.949077145954763, 0.9508910553509264, 0.9471653316366172, 0.9467355860921082, 0.8959932692647042, 0.969560858942765, 0.9662863215002931, 0.973431076138669, 0.9723608346083532, 0.9271882639002303, 0.8211639338433935, 0.7718970454768134, 0.8471982287137134, 0.8958970588820689, 0.8754804047105927, 0.8848842702755654, 0.8836450531094596, 0.6543789452845861, -0.5888510834251666, 0.964979228136765, 0.9467925488665101, 0.9453883654569349, 0.9776062625311606, 0.9214781917748033, 0.9700675245847582, 0.9695269973582918, 0.92727618632231, 0.9723424997483593, 0.9321037044789054, 0.5862709180938126, 0.8729445497994309, 0.936508270135386, 0.02530207135859535, 0.8900950569813204, 0.9188573222467535, 0.7989603049567955, 0.9619011485716833, 0.8769229952386698, 0.5243466033149046, 0.34622149807672686, 0.8638604947172356, 0.8136671831364275, 0.8648323402005147, 0.9713608007791558, 0.9715561790426347, 0.6884417764349083, 0.6770335246370354, 0.7298253712826802, 0.30151313841764016, 0.6655344657983933, 0.738950542318035, 0.7143925758913223, 0.6947998400297034, 0.7175800122702382, 0.7182863878208068, 0.6966722140742669, -0.45248722588539625, -0.52603691798819, 0.5971749714034007, 0.8914020330389361, 0.9289674708874679, 0.9396398467063098, 0.9148354301933621, 0.7990856290223396, 0.8970593843705894, 0.9221043373164635, 0.9215770582010218, 0.8011829544514633], [0.9888890515313741, 0.9898579261857419, 0.9892741781106288, 0.9897609977447491, 0.9923471440646072, 1.0, 0.9893688356504919, 0.9890364021182962, 0.9883803760242096, 0.9665317555475781, 0.9778476939038968, 0.9890110452719098, 0.9900323710227261, 0.989100879970041, 0.989195811850604, 0.9920199044521277, 0.9902619606377313, 0.9899830018639454, 0.9899607421585057, 0.9878185967688086, 0.9890340202587663, 0.9962177764997429, 0.9909099382027249, 0.9884242521534858, 0.9880718272927299, 0.9634419339360016, 0.9834834408306561, 0.9642026313044764, 0.9753711205635712, 0.9785231999168044, 0.9871568239171973, 0.9744598623961928, 0.9894014367256704, 0.9895086574647525, 0.990331745443142, 0.9900636968308937, 0.9814032904420288, 0.9901764515015823, 0.9897325601076754, 0.9897072300415625, 0.9894976749100605, 0.9894814085102512, 0.9941043221111278, 0.8872571922882749, 0.7439104088138402, 0.8775282012327028, 0.9178212012747052, 0.851718307259156, 0.9422457225316876, 0.914304520382655, 0.9437988026438507, 0.9500778571075931, 0.9407381667135151, 0.9653034623412673, 0.9697858990988957, 0.9656868874212359, 0.9766531354575037, 0.9670691881058933, 0.9786675719155903, 0.9670581812238811, 0.9664736794885799, 0.9640637782807823, 0.956454865168593, 0.9428299110565854, 0.9423661477970028, 0.9267977598602299, 0.9752198627116614, 0.9674524415390507, 0.9665097340265636, 0.9647140347278185, 0.9439575686257142, 0.8484991187396235, 0.8004856088029234, 0.8687694784255895, 0.8897472548654948, 0.8967641806910153, 0.8808680479613847, 0.8789673225230924, 0.6234238027025332, -0.4869947108686514, 0.9719124041429099, 0.9652336116510345, 0.9622903137491504, 0.9669068450132253, 0.9420678370647707, 0.9728249730605997, 0.9725058205365905, 0.9494834585481803, 0.9623563933983089, 0.9494655211047383, 0.5999599688135516, 0.8011277567552934, 0.9304359195036729, 0.13483602196199732, 0.9037662401745323, 0.9241076232236317, 0.8028791369854608, 0.9515808576288998, 0.84939371308503, 0.624687734104588, 0.4515049336197309, 0.8466448407219753, 0.8203296770060784, 0.843292850102125, 0.9541021831974638, 0.954187609995515, 0.7031321695156487, 0.6802596506108055, 0.766579044178358, 0.3305757882773721, 0.7444293683995326, 0.7742796179279282, 0.7600817082121434, 0.7625274904736872, 0.7237047387454333, 0.7104697501970794, 0.6919674792789756, -0.253279174383299, -0.37803834711482076, 0.6475457127808675, 0.8906031649022549, 0.9083905667088944, 0.9156597684662316, 0.9036231608205885, 0.8033222469061655, 0.8768254055497974, 0.9001185185383141, 0.9000975623330708, 0.8464809436715209], [0.9973555371441631, 0.9923008490953128, 0.9905862033445891, 0.9977361129336497, 0.999051340653285, 0.9893688356504919, 1.0, 0.9970215550061315, 0.9995098691169823, 0.9711005631247377, 0.9993831731863673, 0.9980309947189259, 0.9990441171356644, 0.9989629622235467, 0.9987230585289631, 0.998051709267237, 0.9998823575306521, 0.9992128027811753, 0.9992182551000298, 0.9996325585971618, 0.9991791508578758, 0.9905848628994467, 0.973335133837978, 0.9834471055926739, 0.9921109724654854, 0.9842723284641848, 0.9703617576119014, 0.9392518828095361, 0.992559176518299, 0.991722722404598, 0.9929597671988725, 0.9707454805766234, 0.9987618154970235, 0.9998055972137421, 0.9996003215689382, 0.999364956352357, 0.999616364749864, 0.9998376051597695, 0.9977881873565543, 0.9995744938004147, 0.999232663281329, 0.9988186256611963, 0.98324543552094, 0.9356346360739313, 0.7462784436672235, 0.9301620672520894, 0.9227622638271996, 0.8072943039205905, 0.9611542136943761, 0.9400932216782335, 0.9620641362666456, 0.959871954740636, 0.9554798864899738, 0.9821629751067146, 0.9800151904528424, 0.9368099525289606, 0.9519980584638968, 0.9666593259595044, 0.9670011227925326, 0.9686060013158881, 0.9373310853488274, 0.8824191134059668, 0.9400639030784849, 0.9529533467732204, 0.929658960469828, 0.8687469100017459, 0.958198529759588, 0.9252250715260516, 0.9599119156911441, 0.9369349640999427, 0.7142893483884241, 0.8155432015848297, 0.7480250427513767, 0.832528246080333, 0.8632795039067825, 0.8665727245393091, 0.8476393553606298, 0.8600229394197574, 0.23293759087373786, -0.5523705736090947, 0.9548492531479956, 0.9289895146759105, 0.9298989711074351, 0.9394975605316659, 0.9208065961477222, 0.9636831558640027, 0.9637503078514277, 0.9179887273212549, 0.9597539555034836, 0.8077742446536619, 0.5832209242585061, 0.8758659098530782, 0.9145516894421036, 0.11088968560853009, 0.913430025629129, 0.9362953705213984, 0.7992189702934019, 0.9619847121210167, 0.8308891702722182, 0.6549721013920269, 0.45106388963463473, 0.8426807883178884, 0.8350905447312191, 0.8280867593063159, 0.971780868570277, 0.9720452258761509, 0.7217436960642347, 0.6723916585676826, 0.7840720402544318, 0.29613690229887896, 0.7651429241898801, 0.7937071288686112, 0.7850174425805944, 0.7901626424842035, 0.7128220989740948, 0.7223119949251957, 0.6998688820335116, -0.2428047238996444, -0.3870172984900475, 0.6167522975695082, 0.8915674813479298, 0.9312797721078082, 0.9463213640373183, 0.9170480160953072, 0.8223650151647702, 0.9154617209798063, 0.9376466321064294, 0.9370059938815548, 0.7743522615155264], [0.9949686639539176, 0.9872227561468048, 0.9908978933049564, 0.9955310823079102, 0.9981652914350443, 0.9890364021182962, 0.9970215550061315, 1.0, 0.9999835535560063, 0.9647859991306326, 0.9996032890892564, 0.9999968405234029, 0.9996467144421556, 0.9999977207150078, 0.999980817411772, 0.9962698285920746, 0.9991684230837411, 0.9998802276232327, 0.9998799637196057, 0.9999538784570126, 0.999994284351681, 0.9907760691129656, 0.9741885161914982, 0.9913454702344764, 0.9925912176167624, 0.9805956430697824, 0.9725059839236753, 0.9376069395075057, 0.9889028510018845, 0.9944346953925356, 0.9916921614080575, 0.967336617202282, 0.9994225124401074, 0.9994705283381108, 0.99961117910851, 0.9996653226576419, 0.9986416013358306, 0.9993716763323287, 0.9990868580234027, 0.9982884994202371, 0.9994929222362953, 0.9993519335805935, 0.9845626648922496, 0.9368178113570924, 0.7331959051609177, 0.9383753793696122, 0.9208963140148577, 0.7846709889513572, 0.9599315606906041, 0.9351410378201621, 0.9604983748451286, 0.9534584135131365, 0.9491252503523334, 0.9802873646047416, 0.9767695481003027, 0.9306195654172258, 0.9446779965968312, 0.9579440835153706, 0.9622685825461765, 0.9604483060555593, 0.9352312679089264, 0.8699340713001049, 0.9331507426732362, 0.9445436986171634, 0.9233330186749802, 0.8521250135954335, 0.9537880249460505, 0.9168829600575449, 0.9525265112864678, 0.9311048963662442, 0.6953131328567627, 0.804458648567312, 0.742829209958014, 0.8213111928389266, 0.8534316974276452, 0.8597265682690565, 0.8420343601239705, 0.8511679006515293, 0.21059231855700422, -0.5598237648127559, 0.9485292429885016, 0.9168685595121941, 0.919995306892173, 0.9371094998463748, 0.912286496979747, 0.9576142360061751, 0.957691344941396, 0.9093830873421153, 0.950523113313673, 0.7907117268816997, 0.5773548392522397, 0.900360896523963, 0.9279211796649783, 0.09623143165817825, 0.9123204062807775, 0.9355812388067691, 0.7963123851158406, 0.9670212963019793, 0.8353272837151109, 0.6411505167443406, 0.43767984737755544, 0.8445297276304542, 0.8322491414500853, 0.8321511629833876, 0.9750327362568596, 0.9753016215363464, 0.711391922445118, 0.6628640584469535, 0.7866485484966841, 0.2800684137145392, 0.7601504201734849, 0.7897269587605487, 0.7868839631484036, 0.7849142166841965, 0.7046951751679037, 0.7156130147828741, 0.6924215121997659, -0.2607106767775336, -0.4040168783388527, 0.5958220748699826, 0.8826915308920845, 0.9292689780765518, 0.9386071889147155, 0.9104504350047289, 0.8105564679859845, 0.9089962806222149, 0.9313972341357897, 0.931024233232015, 0.753324396849478], [0.9952462785092294, 0.9872685580077791, 0.9942224063336054, 0.9959233223252908, 0.9982171314655998, 0.9883803760242096, 0.9995098691169823, 0.9999835535560063, 1.0, 0.9640677429410754, 0.9996020057622912, 0.9999811178995519, 0.9998259176645508, 0.999989596027875, 0.9999967145613289, 0.998940253377029, 0.9991360807598502, 0.9998103959512384, 0.9998096986495185, 0.9999656598215498, 0.9999821150111577, 0.9934033194616416, 0.9751696791944001, 0.994639133929147, 0.9948097126428154, 0.9805756905279045, 0.97657858745745, 0.9385825050261298, 0.9894301081399951, 0.9934687500599285, 0.9886550415724015, 0.9626482599776842, 0.9993305808984941, 0.9994113605739035, 0.9994066591442206, 0.9998263593454639, 0.9986539617432468, 0.9993651140398063, 0.9993039278587903, 0.998290347177777, 0.9993231914398699, 0.9993178208743837, 0.988805991846395, 0.9369836976024243, 0.7341464648495618, 0.9384391080168268, 0.9212141903251336, 0.7848917870460914, 0.9482390134758747, 0.9214553760358436, 0.9513431780673773, 0.9509440320497753, 0.9465779750183919, 0.977486008480519, 0.976931325263866, 0.9641990106411096, 0.9451104275656247, 0.9651023048864108, 0.962290687083275, 0.9655163579531169, 0.965136500799374, 0.9345914538614873, 0.9323230488901325, 0.9352141143304925, 0.9347884994118061, 0.8828250110648588, 0.9541082804698027, 0.9554713210873024, 0.9618532255208848, 0.9605191646490905, 0.9123904707895368, 0.8036730474937226, 0.7481762798689775, 0.8204381944160928, 0.8747677771684037, 0.8575622112120062, 0.865630602830463, 0.8646109111048272, 0.5960733664025133, -0.6237936777587241, 0.9483904219764877, 0.9168975760039564, 0.9200623947973067, 0.9657247502500452, 0.9031557562220992, 0.957013483982082, 0.9564326360944999, 0.9101053254493051, 0.9595664369836596, 0.9152631383839508, 0.5753610068205202, 0.8997852691582254, 0.9434114088967166, 0.03464617505907736, 0.8969120863025903, 0.924758964747315, 0.7953676005908313, 0.965543474572468, 0.8834644498892177, 0.5500878531137325, 0.36796673417314313, 0.8709643624145693, 0.8218912853171535, 0.8726240277842862, 0.9749269857046976, 0.9752227726482132, 0.7092645326438772, 0.6598739488016514, 0.7462953862618666, 0.27766377693855826, 0.6837483075056536, 0.7546706286180629, 0.7320492394618386, 0.7132459043797726, 0.7018421356571023, 0.712264523457984, 0.6890277167582937, -0.5032846529096914, -0.578604329675126, 0.5953219674061508, 0.8815436032734812, 0.9277509823401713, 0.9395287883838757, 0.9094215246680675, 0.8051843458303928, 0.896903831528621, 0.9209701404085509, 0.9203990911301682, 0.8098104368969209], [0.9797475637241573, 0.9655170632790304, 0.9530179574516563, 0.9795371084689847, 0.9724943737164947, 0.9665317555475781, 0.9711005631247377, 0.9647859991306326, 0.9640677429410754, 1.0, 0.9476135770184138, 0.9651902205601048, 0.9640575685240185, 0.9649104211515334, 0.9644534474854107, 0.9662343818333133, 0.9747659144479571, 0.9697271018229288, 0.9697338034339854, 0.9649655891391626, 0.9650432038887763, 0.9650085404385936, 0.9507152889005074, 0.972159566736587, 0.969986316161184, 0.8793148166364416, 0.9684839275473744, 0.9486343600630052, 0.9745782206010087, 0.968382731809587, 0.9683901720129736, 0.9324279471472957, 0.9735604404846563, 0.9731102422406903, 0.9736196990906403, 0.9652352250143224, 0.9560405998011271, 0.9725912037124256, 0.9734257296906149, 0.9772459219086213, 0.9737576448096881, 0.9737758958899531, 0.9554378822572307, 0.8404612766966877, 0.5549393803996004, 0.7778664792303982, 0.8934130231636189, 0.8799831827233053, 0.9019514497508536, 0.8202183492931662, 0.9064711573330476, 0.914397762293737, 0.9036692932072915, 0.92939111405904, 0.9292377845920982, 0.9443366865638451, 0.9356911970589237, 0.9550194457492802, 0.9484106414023344, 0.9532269238188326, 0.9532505820569036, 0.9132501957732908, 0.9513036345648617, 0.93447002782805, 0.9341495745179675, 0.8500741223226852, 0.9360814294436866, 0.9444816975446022, 0.9374270999412118, 0.9364143365632145, 0.8879700393175527, 0.8116343399247816, 0.7664514357160823, 0.8565504852669794, 0.9109126172901464, 0.8809457847216287, 0.8959507184118654, 0.8951992097332089, 0.6970799514650136, -0.30202069352555755, 0.9528570944816815, 0.9540291817030334, 0.9457312606598703, 0.946260037527904, 0.9063539965149073, 0.9541922983565623, 0.9540457724955727, 0.899739478399064, 0.9564523991767693, 0.905560641368944, 0.6928112857892271, 0.6483016402423277, 0.8599657638855264, 0.05783222754696846, 0.8455070964096211, 0.8851111105122432, 0.8705733556121273, 0.9475995370858866, 0.9044091617665533, 0.4558580082559611, 0.39748061126374623, 0.8967792689542591, 0.8715605668198381, 0.9028691041672701, 0.9479896350392472, 0.9483459719597793, 0.537166169099112, 0.6996755589551336, 0.6080490296480833, 0.482670323828505, 0.5711362642920199, 0.628084373189732, 0.588724541968123, 0.5655478201398166, 0.7986214756948101, 0.6757490483645555, 0.6403212377019735, -0.27126640356662085, -0.31634368953246883, 0.7412065027881918, 0.9162688524790973, 0.9222958262440389, 0.9083374390296559, 0.9410196014813215, 0.6499082842839535, 0.8382694647143248, 0.9082785348078054, 0.9073927352509705, 0.691194743734744], [0.9912037452131197, 0.9899592300898002, 0.9966614262511373, 0.9929111618684326, 0.9974003150714864, 0.9778476939038968, 0.9993831731863673, 0.9996032890892564, 0.9996020057622912, 0.9476135770184138, 1.0, 0.9996372217994132, 0.9996119252600408, 0.9996204179169788, 0.9996291967518486, 0.9993490873992998, 0.9987438205627326, 0.9999498600931633, 0.9999504466318057, 0.9996191594749773, 0.9996299344059338, 0.9889746884619744, 0.9528892260772358, 0.990051104265605, 0.9913136041896794, 0.9858847676079295, 0.9665864049728556, 0.8858455690432087, 0.9881565189513691, 0.9920068672632819, 0.9711015780300053, 0.8909688414516992, 0.9990922321245765, 0.9991651369317995, 0.9990827415412469, 0.9994307352574302, 0.9993547122319373, 0.9991016879846992, 0.9989525217066336, 0.9972682708588305, 0.999058946654167, 0.9990556596772378, 0.9885320931045124, 0.9309030378477212, 0.602975849302561, 0.9334481297295413, 0.92063024687915, 0.7899965165983954, 0.8675788595175482, 0.8901478364346288, 0.8732687620210391, 0.8791964292465746, 0.8643763770070768, 0.9503659895964784, 0.9502782204268834, 0.9445791782760998, 0.9472310260376514, 0.9347713841039492, 0.9373156983315455, 0.9398932316547713, 0.9396813569068435, 0.8836269836460009, 0.8952558589312086, 0.8482707189838936, 0.8480644688718898, 0.7123533521756529, 0.9403550450468938, 0.9441064807923175, 0.9444431523594569, 0.9437400828372737, 0.8865893061259114, 0.5539670319580016, 0.4874788586991307, 0.6560345324114912, 0.767833262685995, 0.6858960189672971, 0.7301529657467938, 0.729202010548026, 0.47381249465338493, -0.39607801959099936, 0.9092823300418271, 0.9212142762647947, 0.9089078388232992, 0.9463334265845774, 0.8693317771557109, 0.9161811855401886, 0.9147193782064285, 0.8348991491888447, 0.9212980208311325, 0.843944230446868, 0.44570635988532425, 0.895169788785247, 0.8940600106653973, -0.22118157609859074, 0.63644247947098, 0.7354806343016848, 0.6292067037787581, 0.9668607742305728, 0.6486883996163393, -0.13089589312235833, -0.07311993142063344, 0.620431036572174, 0.6257841951257046, 0.6680760718413229, 0.968296750377961, 0.9683530147219204, -0.04917389783319258, 0.1696488347255382, 0.021570156027021416, 0.00031124865514008576, 0.026369199571464667, 0.04532341346536179, 0.01306188593550179, -0.032252949524467514, 0.34529329131254904, 0.0874770260056964, 0.03739341277186743, -0.5288654246125316, -0.5568283756300266, 0.5954933367906894, 0.7325536358867446, 0.7552209350708108, 0.8210394172327699, 0.8184867567925784, 0.4980634852135032, 0.7156545276941637, 0.7536451562426261, 0.7523096899012602, 0.40101524091170043], [0.9951220669177482, 0.987519458593652, 0.9908049078475643, 0.9956668944899164, 0.9982212427245954, 0.9890110452719098, 0.9980309947189259, 0.9999968405234029, 0.9999811178995519, 0.9651902205601048, 0.9996372217994132, 1.0, 0.9996331575431788, 0.9999976134169506, 0.9999838955241185, 0.9969346274032281, 0.9992279885211257, 0.9998923382871142, 0.9998921966812403, 0.999961883500226, 0.9999947707880643, 0.9906951778238345, 0.974077698683133, 0.9919962846480108, 0.992559932641019, 0.9808452526674342, 0.9723539070947933, 0.9376499127606429, 0.9897793567252532, 0.9944778673970457, 0.991754435892039, 0.9674693865952343, 0.9994636981464857, 0.9995147874767871, 0.9996451957798148, 0.9996680272502356, 0.9987400813593265, 0.9994186908069973, 0.9991246249440273, 0.9983779805144974, 0.9995356142034596, 0.999393908642903, 0.9843876879520086, 0.9370466587701886, 0.733865061245009, 0.9382326660584056, 0.9211270765011562, 0.785868477487864, 0.9602267085239822, 0.9355467445695473, 0.9608026417707946, 0.9538102799253664, 0.9494920632962726, 0.9805123268504351, 0.9769414103643177, 0.9309805116178871, 0.9449911407639336, 0.9583143056337697, 0.9624854081616796, 0.9608085646016539, 0.9355229211991575, 0.8702454793330294, 0.9335143244332141, 0.9450076806241485, 0.9237936441813224, 0.8526547626600862, 0.9539607850081012, 0.9171807774029898, 0.9528235392082091, 0.9314492023742363, 0.6955708558777863, 0.8050377273338684, 0.7434219900972232, 0.8218866273431118, 0.8538658169906314, 0.8600750648206094, 0.8425089105494027, 0.8516722317305898, 0.2110423717982659, -0.5595985020549548, 0.94883428849247, 0.9174640505159376, 0.9204624081737316, 0.9373854216022466, 0.9126495262818354, 0.9579117057107168, 0.9579885470314725, 0.9097273718049738, 0.9509179411710483, 0.7910963797591101, 0.5776760439459638, 0.8992659959695829, 0.927372476584537, 0.09694443765118756, 0.9124124457217813, 0.9356639406792668, 0.7966192939983505, 0.9668490110307288, 0.8357428239796099, 0.6420997941403381, 0.43856218739705266, 0.8449713606429865, 0.8327741933138725, 0.832553371331114, 0.974949556261381, 0.975218389906675, 0.7120500911330943, 0.6635136102930473, 0.7871912331568914, 0.2810165203942123, 0.760824852326563, 0.7903779949830495, 0.7874277691356847, 0.7855957326067707, 0.7051492109848209, 0.7160730415594274, 0.6929146859129405, -0.2596283565548665, -0.40303062119150845, 0.5965057432982884, 0.8831958216657418, 0.9296543537531765, 0.9390892530948375, 0.9108879353045667, 0.8110970114734544, 0.9095201823188106, 0.9319081860263654, 0.9315206106301834, 0.7539830721493311], [0.9942956400254046, 0.9873061090719879, 0.9927657758054973, 0.9950539227984018, 0.997957318647273, 0.9900323710227261, 0.9990441171356644, 0.9996467144421556, 0.9998259176645508, 0.9640575685240185, 0.9996119252600408, 0.9996331575431788, 1.0, 0.9996697783685633, 0.9996533614734797, 0.9990532205239965, 0.9987176431224926, 0.9994425124781635, 0.9994359038508814, 0.9996481541033847, 0.9996231411215527, 0.9926582332809123, 0.9757034147973572, 0.9954421006966961, 0.9953348525357576, 0.9806442612874098, 0.9752070758347924, 0.9402596093250847, 0.9889882022838387, 0.9924939298140196, 0.9908409475500449, 0.9650623320829694, 0.998743955612038, 0.9990461963679559, 0.9992363913808129, 0.999923209398592, 0.9986796720675761, 0.9989961400646832, 0.9985535634803874, 0.9976059870166987, 0.9987337162423234, 0.9986573529270248, 0.9883153829002009, 0.9370336356380015, 0.7300703493098594, 0.9384020087788729, 0.9210547875639364, 0.7851284360429563, 0.956494666409746, 0.9284320933914272, 0.957334944222104, 0.9504685372985129, 0.9456174015707526, 0.9769859343623769, 0.9748820928857659, 0.9553120527463532, 0.9445983671253213, 0.9585267057919694, 0.9614789967355201, 0.9605383847778742, 0.9598307248122948, 0.8743193182718506, 0.9301629865917618, 0.9432389605475536, 0.9429945253036722, 0.8504926065624008, 0.9541072945282507, 0.929688694208901, 0.9547061275943314, 0.9532163601996454, 0.6996240789719225, 0.8016752858422207, 0.7657959621497445, 0.8191886907703142, 0.8553284432433016, 0.8589702685374908, 0.8504066984155991, 0.8506349703359624, 0.1945506451414966, -0.5542343846472909, 0.9476593521687122, 0.9170838149411058, 0.9191663930633318, 0.9583983058979343, 0.9126588260245969, 0.9564381761913537, 0.9564703815866037, 0.90904669177469, 0.9512031515579397, 0.797988508646173, 0.5781777842500513, 0.8999016343805568, 0.9277035088017944, 0.09185374455408808, 0.9100813076286326, 0.9337211809218836, 0.7977209064813084, 0.969656540097405, 0.8291510291886964, 0.6342365361961341, 0.4331950825121109, 0.8360625675080384, 0.8274382815266881, 0.8241831172320813, 0.976987287903993, 0.9772104350955794, 0.7026632120273942, 0.6578108784875899, 0.7656163586960265, 0.2806972835410662, 0.750690178411004, 0.778922677757038, 0.7555319928477173, 0.7744219345765018, 0.7026459083719546, 0.7054254030830228, 0.6825337457699894, -0.26659706139049255, -0.4083663006911036, 0.596034326937957, 0.8809805377040539, 0.931265045733079, 0.9346366791714383, 0.9100944856179461, 0.8031106460464459, 0.9030273729340027, 0.9249302807480996, 0.9251798705417371, 0.7484031952545108], [0.9950266935210687, 0.9873616780607928, 0.9909638597910297, 0.995587267806681, 0.9982016894779442, 0.989100879970041, 0.9989629622235467, 0.9999977207150078, 0.999989596027875, 0.9649104211515334, 0.9996204179169788, 0.9999976134169506, 0.9996697783685633, 1.0, 0.9999881076404936, 0.9985562429996923, 0.9991894836122064, 0.9998840576667793, 0.9998834687348647, 0.9999560824684056, 0.9999920109908779, 0.9908153274892463, 0.9742456813278204, 0.9938975675801446, 0.9937623485600044, 0.9807428636222961, 0.9725520575589939, 0.9378010360500751, 0.9922724782157795, 0.9948112453625768, 0.99163153722303, 0.9672306759507835, 0.9994392085944886, 0.9994761218870314, 0.9996219560863124, 0.9996852578241584, 0.9986876006960684, 0.9993838365684051, 0.9991560876646801, 0.9983117621774451, 0.9995071811230757, 0.9993695037216874, 0.9845443185453573, 0.9368880302454665, 0.7332952050509209, 0.938351204059347, 0.9210650274897257, 0.7852365876189136, 0.9600433089543516, 0.9353251476300423, 0.9606525508493126, 0.9534290429854538, 0.9490708982930072, 0.9803387379085565, 0.9767338614756212, 0.9309970019681665, 0.9448437992433157, 0.9581556614625383, 0.9623387452005348, 0.9606420631620156, 0.9349033127063091, 0.8701923737507524, 0.9329815750259696, 0.9446248146473133, 0.92360163131381, 0.8522702407116192, 0.9539660555668239, 0.9173299585759805, 0.9527869429779989, 0.9315021677508972, 0.6957395479039258, 0.8043978718973904, 0.7431495082386543, 0.8212977240089797, 0.853634545047551, 0.8596925935811205, 0.8422205256500801, 0.8513725307115714, 0.2109747189055459, -0.5594811961828784, 0.948597886594133, 0.9171498410136797, 0.9202163048724161, 0.9349247015527626, 0.9126011031224336, 0.9576945363685992, 0.9577682985650262, 0.9095709445328843, 0.950734528911361, 0.7910328268292531, 0.5774378251757329, 0.899844269590667, 0.9277537884876939, 0.09626949718860742, 0.9121761639718758, 0.935468808389947, 0.7963199050745806, 0.967038268325525, 0.8353958767604294, 0.6410329492999027, 0.4375858307910094, 0.8445819926850117, 0.8324269064696984, 0.8322126903174255, 0.9750879415064768, 0.9753528185716238, 0.7109238029600039, 0.6624370905608363, 0.7866568330306722, 0.28040463798772525, 0.7601486420073379, 0.789666196069189, 0.7870877449066996, 0.7848281023523198, 0.7045895580594354, 0.7147468499310761, 0.6915928326679941, -0.2604909354292209, -0.40379227158498776, 0.5962123688773506, 0.8826181396246482, 0.9294358464489509, 0.9386931846415201, 0.9105133648196964, 0.8103694063419328, 0.9092563776712044, 0.9314782727865099, 0.9312243212614554, 0.7534664865810439], [0.9951725220396602, 0.9874692173893669, 0.990864504497998, 0.9957091856816243, 0.9982672339124442, 0.989195811850604, 0.9987230585289631, 0.999980817411772, 0.9999967145613289, 0.9644534474854107, 0.9996291967518486, 0.9999838955241185, 0.9996533614734797, 0.9999881076404936, 1.0, 0.9985541669815341, 0.999225955129241, 0.999880406549943, 0.9998804352414528, 0.9999557343453808, 0.9999765738298956, 0.9907157887257296, 0.9742334486708232, 0.9922904552555133, 0.9923454863474634, 0.9808413826398623, 0.9722455294814992, 0.9377268704543252, 0.9923181196070378, 0.994397716814879, 0.991477017134537, 0.967122826949609, 0.9994823537441151, 0.9994639470127009, 0.9996128679075152, 0.9996752672306188, 0.9987113804507446, 0.9993920166251031, 0.9991895196277982, 0.9983718405692534, 0.9995414254363101, 0.999418268224117, 0.984305739798527, 0.9368624676849558, 0.7340817149052399, 0.9381927674523084, 0.9212345122390379, 0.7855722691749726, 0.960669014873463, 0.9364554844877273, 0.9613437482447946, 0.9536845659164912, 0.9493289760577153, 0.9808461487438053, 0.9769428026597755, 0.9318333558078646, 0.9452952512010203, 0.9585708910481522, 0.9624865136432633, 0.9610667828544953, 0.9363202544279667, 0.8703300482616195, 0.9325146964190025, 0.9449644566025196, 0.9243826846561853, 0.8521792618952022, 0.9543590740205743, 0.9179948447211138, 0.9533393813757727, 0.9324685441491672, 0.6954366215880667, 0.8039982198044378, 0.7442181463816564, 0.8207484479812945, 0.853603672231848, 0.8591297711821536, 0.8427345319503148, 0.8517939213239507, 0.21042402255829906, -0.5589909549789532, 0.9486098486466916, 0.9173743153414847, 0.920445254331445, 0.9382444704557162, 0.9132748119669636, 0.957833557858721, 0.9579704902760017, 0.9098955212091464, 0.9511046147569067, 0.7909281394178327, 0.576057466217954, 0.899311213429929, 0.9273831390221203, 0.09511946487459078, 0.91167050929248, 0.9349303176189905, 0.7954007034976841, 0.9666198350179024, 0.8364104372434623, 0.6407690722789944, 0.4367170809541637, 0.8451306629184782, 0.8328661558174255, 0.8329838996616703, 0.9748308080599681, 0.9751266633876746, 0.7096070883495599, 0.6602523917009826, 0.7878017970846273, 0.2787228610212917, 0.7604417577368727, 0.7901004558235735, 0.7883621723139638, 0.785090290262141, 0.7027556250833578, 0.7124676409232685, 0.6892828458807778, -0.25957216966716384, -0.4029663496409732, 0.5955516487397243, 0.8817472277262854, 0.9300419579768209, 0.9392040715992063, 0.9097395899325222, 0.8105190278914877, 0.9103010610898853, 0.9320832704353892, 0.931960829891017, 0.7533341675081109], [0.996371300834229, 0.9928067410243665, 0.9914188721422782, 0.9969064197078269, 0.9985218574032272, 0.9920199044521277, 0.998051709267237, 0.9962698285920746, 0.998940253377029, 0.9662343818333133, 0.9993490873992998, 0.9969346274032281, 0.9990532205239965, 0.9985562429996923, 0.9985541669815341, 1.0, 0.9989029779201338, 0.998931539468019, 0.9989293410586094, 0.998756058222294, 0.9984438474202775, 0.9921170397504383, 0.9769625959785301, 0.9828491505347962, 0.9894697241135962, 0.9873871294868128, 0.9742304283096629, 0.9454234308232602, 0.9934307979119805, 0.993196990142447, 0.9905726030729542, 0.9674925131959042, 0.9987803314601434, 0.998739623780564, 0.9989607297810956, 0.9985728310042095, 0.9993540313574378, 0.9988707858353394, 0.9989052792207168, 0.9981896197255733, 0.9986546628227996, 0.99873091626163, 0.9830811753775414, 0.9299602277202479, 0.7404635306649026, 0.930797536255736, 0.923979452287974, 0.8040145545085345, 0.9642251680783414, 0.9407716009480127, 0.9654981707055889, 0.9540609884193794, 0.9483762989824804, 0.9815747020391775, 0.976645549363366, 0.944820747928151, 0.9548972202093352, 0.9656295795577775, 0.9669905846165456, 0.9672382301073522, 0.948214417521027, 0.8824566178226768, 0.9364893906437393, 0.9500599890393074, 0.9356380317576246, 0.8633478363976652, 0.9607058771764272, 0.9319037619571022, 0.9610709891236878, 0.9454604875155491, 0.7134945306213591, 0.8119328237068976, 0.7622773879069837, 0.8299557191340282, 0.8664198553733151, 0.8664225405381538, 0.853