var element=document.getElementById("correlationAdjClose");if(element.style.display!='none'){var correlationAdjClose={"data":[{"type":"heatmap","z":[[1.0,0.9999951494494822,0.9871139166931446,0.9999391857438418,0.9992195066112596,0.9821611495553667,0.9978871974577053,0.9965415117996487,0.9718322718201717,0.9966694971597303,0.9949026731938766,0.9941249461990705,0.9966231054755514,0.9966557140892456,0.9965815496530697,0.9978431188167008,0.9982071337286649,0.9983360458076111,0.9970218165265426,0.997033831320921,0.996951758238817,0.9966019781504247,0.9889803773971092,0.9738492783329595,0.9914362440007454,0.9590667462957793,0.9906464260703018,0.9889070521415501,0.9710616534420122,0.9556993586458077,0.9914392518061442,0.9932460096958646,0.9929256340047401,0.9803854386124643,0.9977982283683776,0.9978573260389784,0.9976904353392924,0.9967222214701132,0.9956251971528567,0.9977637703716397,0.9986274659959921,0.9986574680713479,0.9978015130768892,0.9978106924458782,0.9784306094347907,0.9347706589985529,0.9589209364013581,0.9528358591706034,0.9519197201880114,0.9326799548414978,0.9655538114428561,0.954359735085207,0.9674773954266037,0.9713862673075078,0.9600007404064194,0.9849526579853359,0.9832700683098213,0.9915209266184872,0.9937309839966867,0.9885741296073164,0.9844539784669745,0.9884822455862645,0.9877869701983444,0.9890179247832814,0.9889260947297671,0.9528988563856217,0.9783656963613894,0.9767732581229803,0.9765628377015252,0.936449517848002,0.9840360834875285,0.9806949823780676,0.9872446161093968,0.9866854273323721,0.9451585490301992,0.9076836238505719,0.8808664847656361,0.9214383226625664,0.935639945640658,0.9341157283275895,0.9339941698947405,0.9330229336324867,0.7548834227094143,-0.5137823328292785,0.9816666906628632,0.97778442685194,0.9755269119580633,0.9891545507066078,0.9745076307186278,0.9850061136940126,0.9850119104344389,0.943115223761331,0.9860061475776782,0.9456437969445597,0.8239076787344032,0.9283792178758314,0.9406639889507374,0.840340509123656,0.9593801007082494,0.9600071440219514,0.9044030620099807,0.9704506191436922,0.8945287101849495,0.5581408546527619,0.7360863484107713,0.9020359090333331,0.8751528850609789,0.8935957775588855,0.9773556329768591,0.9775059666657739,0.7927404310573541,0.7654273655809728,0.8244615991286605,0.4880719369627177,0.8111182739169033,0.8284851336412428,0.8235725562696806,0.8176981874920493,0.8034897537829596,0.7581146971238885,0.7435924311902568,-0.3063150012599313,-0.44669019029775575,0.7527504978902447,0.8938543024650242,0.9284781967876564,0.9419255581206125,0.9066809429769632,0.8366540144308752,0.9106541646619372,0.9225621838830195,0.9223725138798078,0.861075197433203,-0.11401034734520143],[0.9999951494494822,1.0,0.9914793713433501,0.9998762483026494,0.9983514691767493,0.9896350455999066,0.9943302803743734,0.9924274244065986,0.9888816492260519,0.9924293427750976,0.9924639248299701,0.9935235586998158,0.992500907573088,0.9924260254478009,0.9924759624962614,0.994377103691337,0.9964149375992547,0.9959056729701226,0.9940807713016547,0.9940870639820942,0.9924650630243695,0.9925064732233471,0.9932825955992955,0.9796711971597858,0.9897335531080867,0.9833186486136033,0.9898374849949719,0.9888912790950524,0.9824091688830389,0.9432525590437657,0.9893694842601399,0.9878522851277143,0.983901257044041,0.9489325979791335,0.9952480476479092,0.9952143543184641,0.9954455975771059,0.9927664251655176,0.9950972436225063,0.9954656927818236,0.9966463444682303,0.996842566933869,0.9954527244617667,0.9954621229110385,0.9922996985985619,0.9345918088383676,0.9157490581483108,0.9528052462992661,0.9520224753455577,0.9326664676579687,0.9074997030072076,0.9412339801380654,0.9092037641673356,0.9360001565497335,0.9076405041985395,0.9634811938296781,0.9634747184275989,0.9769732200834453,0.9852223395572636,0.9857570363292132,0.9867833980723176,0.980780217323413,0.9843944966152273,0.9818361123747816,0.981728245418538,0.9468808794038167,0.9680177037172446,0.9382231633904448,0.9378723785601982,0.8745212981739987,0.9843198487473501,0.9853352637707168,0.9854813308975324,0.985157238313779,0.96118303374614,0.837326348645049,0.810636957176803,0.8787572361433067,0.9254859998468881,0.8931054919499998,0.9096922485967852,0.9088561175347283,0.8111024144911722,-0.03787899320006876,0.9743640706547755,0.976338303339478,0.9740816093809564,0.9860909864564362,0.9702239651637653,0.9763740544910614,0.9758293180809591,0.9372232909018726,0.9774515745908924,0.9386826223083992,0.7726005630917187,0.9281658166935352,0.9291487913564277,0.6373298533264208,0.8750705558184269,0.8786126048838879,0.7795719255835721,0.9703378424271224,0.7549397074378807,-0.33559542782181706,0.28797711887583327,0.7795611269590144,0.7324449571172698,0.7726385729386822,0.9718137828623562,0.9718334907743641,0.25300546907191934,0.42527468126363066,0.2611536596173587,0.23187442268567435,0.2538294453221545,0.2658884657356713,0.2628823868200305,0.1829609785003779,0.5970986131075585,0.33082439604954816,0.28083949248815,-0.4375258405791112,-0.48833636694909177,0.7530255411157902,0.7788487524270955,0.8006145600706261,0.8668592142039848,0.8349914740800356,0.6455763911901606,0.8012470785416942,0.7963432407670162,0.7954160929840615,0.4767800647040149,0.27273084402815295],[0.9871139166931446,0.9914793713433501,1.0,0.9882921161939352,0.9935497096517653,0.9913506490705801,0.9891653376871716,0.9900160588057606,0.9916577802232917,0.9925756721684016,0.9964811732948918,0.9957116460213815,0.9898569278848689,0.9918562603288624,0.990068568052913,0.9896150415108955,0.990790372036188,0.9897997376975564,0.988669837945187,0.988639168607194,0.9914872237631086,0.9898910260817854,0.9955049435348025,0.9862833682090407,0.9914429441004162,0.9818589455200487,0.992104890264795,0.9896544895643227,0.9877358288477367,0.9634479030377014,0.9678625417002968,0.9723875669377772,0.9771819998449798,0.9591180300807889,0.9865971108801947,0.989731564268014,0.9881343773793123,0.9916261629673189,0.9946788800280095,0.9905969389584978,0.9848081526111331,0.9878632160437776,0.9870221908245291,0.9864090612284316,0.9930991092365563,0.9309480098807268,0.9446890438715762,0.9596333317038201,0.9460494437091961,0.9007604892952117,0.9241533843266336,0.9122606840062716,0.9270949185871332,0.9383435406770884,0.9210531944645163,0.9512621018996622,0.961783807815238,0.9691918290801632,0.975981971930061,0.9481688132611505,0.9712040098296296,0.9701273112179165,0.975889232051009,0.9703299646327938,0.9480429387538627,0.9309334075771685,0.9571258889095826,0.9479347222174868,0.9316906890376639,0.9042691157757462,0.9763765987155881,0.9574085946388171,0.9690191904490959,0.9497805455688692,0.8612121284445604,0.8803596907072903,0.8026930535612935,0.8950763205244215,0.9135092119261239,0.9160871684890786,0.8841401704847895,0.8982581859921847,0.49646846759450575,-0.49429433887183,0.9677443451835748,0.9577423906504555,0.9570847694937251,0.9481120906361554,0.9624819781298474,0.9699808338311682,0.9697124767382308,0.9382847874400022,0.9660940335409899,0.8994404160560115,0.8103935333495821,0.9593183107608604,0.9594112968365966,0.8259832990680456,0.9478702400796327,0.9492860990851054,0.8775178580098761,0.9808285592430622,0.7747125986243781,0.4627281952931321,0.6826872764464436,0.7985932366971051,0.8034436032998085,0.7794598770608684,0.9824121230975664,0.9824057167027496,0.7266528724744791,0.7181380749885014,0.7098095202917621,0.44255207409268993,0.7149012284358167,0.717197986016045,0.7225308854114133,0.718116239984393,0.7699386597106982,0.6975318804325066,0.6822030912770634,-0.36024451981417815,-0.5004150613769629,0.7276368428554367,0.8584220117641814,0.875074227888459,0.8889608766256978,0.8804946378116107,0.7745754743827729,0.8589184209526033,0.8658561347945988,0.8719073029777579,0.7408903251981871,-0.03799064353042888],[0.9999391857438418,0.9998762483026494,0.9882921161939352,1.0,0.9994247105268524,0.9831551933291047,0.9980805996291301,0.9968896959078611,0.9737284792550409,0.9970652678041043,0.9955296462986599,0.9949246344032564,0.9969556577190062,0.9970691880464033,0.9969293902173282,0.9980633818368415,0.9984882913736486,0.9985517171052588,0.9973235734891526,0.9973327779288501,0.9972871433644075,0.9969378649629195,0.9900132858682906,0.9750725625298089,0.9922589487266844,0.9612883599858865,0.99156098145381,0.9904000771142274,0.9727930232777042,0.9567528642199598,0.9908073625105724,0.992773650416742,0.9928442475143153,0.9800201157434484,0.9978488569789125,0.99802497195947,0.997867669338933,0.9971030295514843,0.9960781543298193,0.9979642399694305,0.9985214147803727,0.9987205758639635,0.9978492111819245,0.9978553896086273,0.9800000954555883,0.9319540342955649,0.9571295605835843,0.9525082895662613,0.9499201646556538,0.9277263290431367,0.9628905926692743,0.951381326974125,0.9647348109863682,0.9692768352169479,0.9575859967299236,0.983050728876477,0.981984243889332,0.9907383113926358,0.9935092212955302,0.9874144499475289,0.9834807261014774,0.9875018078908424,0.9872779188645366,0.987971495590566,0.9878754279123312,0.945769753189138,0.9773249852336794,0.9756547978062509,0.9754438852483868,0.9328237038240186,0.9836299685313324,0.9784119625603462,0.9860822370505965,0.9854959999700991,0.9297719481897468,0.9065268814754487,0.8778930328286244,0.9200664586988841,0.9333836267234685,0.9337493187027607,0.9320327152606283,0.9310982953986936,0.6793135382763501,-0.5132170810145594,0.9809742164311476,0.97672129625094,0.9742796405086738,0.9879997062968848,0.9739755248124156,0.9844070393882233,0.9844130245301074,0.9428257279546626,0.9848768225690022,0.9348411934221921,0.8268517188604875,0.9324913643625603,0.9440151196047661,0.8417091645983249,0.9604437966671017,0.9610958743301959,0.904001216586568,0.9714729248778867,0.8885820235355025,0.5546225428105677,0.7344605059166968,0.8967042577871039,0.8714974461736585,0.8879933831105761,0.9780566016015847,0.9782108930939083,0.7916300120420898,0.7655933855810647,0.8166751001194066,0.4894877883370016,0.8052212562105933,0.8204315133363322,0.8154501624879623,0.8123136503277294,0.8054606608356755,0.758025713112434,0.743566758552791,-0.3017164959454994,-0.4459685279420207,0.7516797031459217,0.892314407193438,0.926673995865225,0.9401577464544817,0.9057164890435501,0.8341142751173364,0.9087147444222968,0.9203793747522092,0.9203390885348873,0.8544283605708953,-0.10722889104759331],[0.9992195066112596,0.9983514691767493,0.9935497096517653,0.9994247105268524,1.0,0.9851686909251043,0.9989871846509774,0.9986186209256969,0.9843479021587509,0.9986169783632528,0.9982681578547403,0.9981773172755352,0.998629306853253,0.9986473945270008,0.9986490339897875,0.9991066449373109,0.9989217062358646,0.9992539172476771,0.9988594270023862,0.9988598203495913,0.9986809702538147,0.9986331168727512,0.9949680228335536,0.9816303680461888,0.9955206919717838,0.9760404727083052,0.9955412456609422,0.993061831394815,0.9835851974891593,0.9591503310204141,0.9888529142634468,0.9916383260496272,0.9906032028288244,0.9735947061032597,0.9988294880950526,0.9989015089516604,0.998942472562536,0.9987450871810597,0.9986520236424178,0.9989033162201748,0.9989543023384886,0.999171049759391,0.9988636371066071,0.9988635654721075,0.9882501611173362,0.939912515361466,0.956563956025674,0.9572112745828023,0.9484896029676702,0.9232553186593854,0.9539058950807195,0.9499294395545439,0.9580260224028665,0.9644753218134037,0.9529679130123739,0.9819756070959356,0.9819288830071236,0.9912262454402335,0.9935072972207836,0.983818969575283,0.977629280817334,0.9817640785938323,0.9836697259466204,0.9821991179376296,0.9820622324638872,0.9424062048721801,0.9698247622177644,0.9601379103355098,0.9598500190728764,0.9063591292167654,0.9808400091878908,0.9771698723186446,0.9824677481813002,0.9817777477162822,0.9426507189636706,0.8899311588978631,0.8608121382636055,0.9070846310028691,0.9379568737343464,0.925950708757507,0.9314339772888818,0.9307190400844441,0.8025804088565472,-0.49633789872518086,0.9752107780249297,0.9669248087439202,0.9655792872709855,0.9845654167509351,0.9646870796424568,0.9784343123341758,0.9781741493313991,0.9346980661198546,0.9794763152636919,0.9360404933941744,0.8179256287519803,0.944665305274404,0.9613616768617184,0.8134232511605378,0.9507169739723996,0.9518759215421331,0.9000873697450902,0.9757827656414354,0.8944743047033628,0.3913559294162787,0.685505688293367,0.9004265712652756,0.8581134431901097,0.8969308516282639,0.9814139486171823,0.9815362929477149,0.7622897522498335,0.7522740682004445,0.7660624346156857,0.4703918788616669,0.728659523570453,0.7699522943284127,0.7661545293522292,0.732290943869222,0.7953444007003002,0.7464092856522919,0.7310914991152729,-0.4937700553136218,-0.577057153846054,0.7455517057299587,0.8892591167041237,0.917123691897588,0.9393125969353995,0.9058069337219984,0.8216745707596331,0.9051786729055635,0.9122699465726527,0.911827447960593,0.8000684200475289,0.10296847138560361],[0.9821611495553667,0.9896350455999066,0.9913506490705801,0.9831551933291047,0.9851686909251043,1.0,0.9782535076987162,0.9798468947800565,0.9939623530981538,0.9793141417827943,0.9759814966650153,0.9754361782354979,0.9796442928548652,0.98009506099854,0.9799185390706167,0.9795664168432043,0.9835538725358334,0.9803637533819036,0.9801531150343433,0.9801167168937976,0.9787451626003576,0.979755237637634,0.9933022113254356,0.993845174288893,0.9825807645524138,0.9888944257103859,0.9832020086970179,0.9779105976940243,0.9886458576260966,0.9759180413073716,0.9540116952599826,0.9606284655724365,0.9716291607874793,0.9643383780733148,0.9779161644443849,0.9784671429174905,0.9793465888603307,0.9805913261285317,0.9764179564749,0.9789743597221702,0.977365172812752,0.9793136062366853,0.9782597428630281,0.9782288701517956,0.9962796370351383,0.8972064116444027,0.9352603353992138,0.9428959333943012,0.9513302677346059,0.9142573378440513,0.9165729780106493,0.912734101101518,0.9197519184571858,0.9402284768296821,0.9182462529791828,0.9464073134762669,0.9534008469272085,0.9603313040322318,0.9637810544827767,0.973741492647304,0.9896750072646566,0.9774361453619559,0.9866237722664063,0.9770299579163894,0.9765907173653294,0.9786687164741786,0.9760685430601472,0.9599510295599167,0.9595874428256983,0.9534818186186738,0.9850379401710607,0.9783999148229142,0.9742038122629294,0.9732017215318174,0.9714245141572913,0.9204795124799756,0.882071531736495,0.9337453452626345,0.9323439665150094,0.9417079933896911,0.9233246223574781,0.92154053739663,0.7969328170252508,-0.4433267604545478,0.9854948974994029,0.9875558095329309,0.9844062659327814,0.9745261860755636,0.9795844955517278,0.9839661232330816,0.9836470333371471,0.972767127064018,0.9744452892136862,0.9725441653843407,0.8264170312916672,0.9077902668670187,0.9609391431244172,0.8567520347546754,0.9468911598530365,0.9478533279931896,0.8633736560678623,0.9576951636772467,0.8263917976402946,0.46685802950933175,0.6938662554354588,0.8365318835467043,0.8172777784280826,0.8266945066965582,0.9567767199161907,0.956759757866042,0.7399505822553536,0.737908107390936,0.7448122680650947,0.49107752923484116,0.7465526385685902,0.7497556299206495,0.7435037046842458,0.7432617504967023,0.7801038172440737,0.7111245117225892,0.6997164376464012,-0.3261716520798301,-0.45577895566748067,0.7601042589045754,0.8512063812597693,0.8591925816984265,0.8820933017892251,0.8591486121219981,0.788985478348036,0.8449015964345197,0.852230071973455,0.8521459700375021,0.7987138403797088,-0.06050096878174423],[0.9978871974577053,0.9943302803743734,0.9891653376871716,0.9980805996291301,0.9989871846509774,0.9782535076987162,1.0,0.9977577815086155,0.9564405293275154,0.9996557808015764,0.999635858985145,0.9996680243274574,0.9985905094517863,0.9995251166676445,0.9992787797600189,0.9998958316210979,0.9969736568845488,0.9999068013278385,0.9994560416198586,0.9994610811161836,0.9997460678623467,0.9994056061371162,0.9905539207851874,0.9741457137259585,0.9868612550453488,0.926803756592073,0.9940416748051604,0.993387285716791,0.9737576306052167,0.9517360195570475,0.9914158849944723,0.9921114806767133,0.9941995380526399,0.9779636040020662,0.9991196827644094,0.9998707509075319,0.999749162501292,0.9995206151323861,0.9998054741584431,0.9998590987195591,0.9986846948476548,0.9997658898043983,0.9994609767944538,0.9991570956393586,0.9790423644456355,0.9455929605156836,0.9586247059464674,0.9592408478747786,0.9473232475726228,0.9211683864413008,0.9600699996521982,0.9510900720211484,0.9624770101381508,0.9670467317971682,0.9575382143251918,0.9829532161903555,0.9833058102060814,0.9926726366673765,0.9963121124845101,0.9564155848146058,0.9651275538587183,0.9743331038877129,0.9753095021141361,0.9757450997203304,0.9564352407856562,0.9042287224189752,0.9604452934177188,0.9633921043494186,0.9482250161690361,0.8887798552266822,0.9713955664638951,0.9494865975863892,0.9723031916305197,0.9567764012228495,0.8178993240568684,0.8806637718896703,0.8152038823867318,0.8934735661414439,0.9099806764304632,0.9140466845760428,0.8957416758349771,0.9064465330091175,0.43967124585551787,-0.5499417579400679,0.9654719147159613,0.95256364198214,0.9524609425535845,0.957710742614658,0.9598205876481647,0.971444965502041,0.9715376976700337,0.9217404951656044,0.9703945651816227,0.8663570215484641,0.8113830139507552,0.945129711940391,0.941775663189563,0.8277739450067483,0.9579971761234047,0.9587587651627121,0.904735836419402,0.9754038041732113,0.8337803836944117,0.5541479642572921,0.729865679244815,0.8588236418097851,0.8549308643148965,0.8402770627426954,0.9819871289267001,0.9821681267499404,0.7855607538928475,0.7504087939870918,0.7828097875782299,0.4638314604862415,0.7861761391502821,0.7972170631480567,0.7875389222432607,0.7969122302698952,0.7935711668527012,0.7537070177554612,0.7374019372489103,-0.3131248232691819,-0.46536327122970617,0.7550192295514544,0.894845393020409,0.9213527224641639,0.9425043180082878,0.913189145540794,0.8368116422561491,0.910961932102612,0.9265016039440321,0.9249111826366746,0.7848544543210273,-0.08147794602873085],[0.9965415117996487,0.9924274244065986,0.9900160588057606,0.9968896959078611,0.9986186209256969,0.9798468947800565,0.9977577815086155,1.0,0.9667778122135164,0.9999998440561717,0.9999993933034897,0.9997982315500062,0.9999971628822897,0.9999935998169839,0.9999984341482863,0.9994014120760585,0.9923729223634769,0.9995249033291432,0.9999169132733782,0.9999165913804472,0.9999688738189433,0.9999988634213333,0.9911855851998831,0.9760381081268632,0.9933650275478371,0.940562205781307,0.9945392026782784,0.9920225767187085,0.9759926931541769,0.9516853778273338,0.9878022374930341,0.9937332248815232,0.9928975155212144,0.9753555628741405,0.9995004990558438,0.9996161766330737,0.9997092914528913,0.9997689406761675,0.9993695436175405,0.9995649052128042,0.9984032337618844,0.9989795622317161,0.9995753550334404,0.9994523724967032,0.9808639638384609,0.9455551023199068,0.95649083774538,0.9622854928229809,0.9471037251217329,0.9134084653398588,0.9583265031561644,0.9470006824803139,0.9604282912992317,0.9622447461095498,0.9521971505749203,0.9810313445502136,0.9807373146584889,0.9917563369332454,0.9966065248888974,0.9523970997529143,0.9625244865076613,0.9697911490269886,0.9732858822965842,0.9715171004482307,0.9551766682596894,0.9000975809022197,0.9572094803526922,0.958509182197798,0.9440835469684619,0.8814068237611765,0.9695789954763883,0.9447276959929412,0.9681249765180693,0.9530376374336131,0.80895307024681,0.8755483847571643,0.811862462789261,0.8881775392391997,0.9047627754192517,0.9110904992437062,0.8923650056618463,0.9012878519095642,0.42583038980913857,-0.5524545448491212,0.9627604055701156,0.9487593068057428,0.9486339730170438,0.9561315465982088,0.9571465085237716,0.9688309011924876,0.9689255677839745,0.9195275283568928,0.965471008161803,0.8595090362765013,0.809291251608403,0.9556234033370479,0.9511721727301472,0.8257589735451693,0.9580351204837498,0.9589276406980024,0.9022973281874959,0.9787927232712363,0.8359136701431427,0.5398146701280048,0.7217801763599777,0.8591681580247702,0.8516409594552061,0.8417035336743229,0.9840522034091638,0.9842306022271913,0.7773035775668033,0.7438258579900378,0.7834392539182962,0.45337708422855744,0.7811171971178206,0.7924877886280307,0.7873327296541093,0.7913001515685746,0.7882442429777421,0.7483805335210405,0.7315884874305226,-0.32759409068155154,-0.47868317047686954,0.7452253341052273,0.8881073016322627,0.918608801373882,0.9353596923711718,0.9079493970979884,0.8270710907395042,0.9047670508577288,0.9203312767463191,0.9189598634466942,0.7674912607390739,-0.06500128282161947],[0.9718322718201717,0.9888816492260519,0.9916577802232917,0.9737284792550409,0.9843479021587509,0.9939623530981538,0.9564405293275154,0.9667778122135164,1.0,0.9818201802727644,0.9866643946150936,0.9892028387743192,0.9703552966155875,0.9786760826261335,0.9752092637413923,0.9734640375598197,0.9507445157728373,0.978302665997619,0.9758242916208854,0.9757737672440746,0.9803182423859191,0.975041794510453,0.9938729499212324,0.9939985886971392,0.9801397546097382,0.990301981932044,0.9834081938355369,0.9922782860154267,0.9916011791804933,0.9719210877906752,0.925227826234518,0.9468716561353614,0.9649497465645251,0.9534467791763489,0.9696048148113147,0.9782210462737427,0.974745237317032,0.9770796031219136,0.9880761097572416,0.9795168196511942,0.9662816278652021,0.9758577350740097,0.9705376930420261,0.9695361921565331,0.999121295350946,0.9138083242557276,0.9303479243441319,0.9596752363150156,0.9506981267449658,0.8982143585841083,0.888155885523764,0.8901407347573446,0.8923834853226514,0.9230085402548026,0.9011726343950809,0.9293246869422276,0.9471132778363307,0.952036923842722,0.9585178684092113,0.9130683824107476,0.9732364980262831,0.9543033760961399,0.9714004878916744,0.9542415447818579,0.9137361339265525,0.9287972339336219,0.9533737211947505,0.9300290156592333,0.8972177109070494,0.8996808973469455,0.9725520065591131,0.930049638525248,0.9500888506734747,0.9151579083983757,0.855024484329986,0.8798623322547192,0.7677451172805908,0.8954794932202399,0.8989639013872257,0.9119684069394771,0.8625975735828486,0.8809339790738341,0.48386245729964755,-0.47163465449797565,0.9650473506618439,0.9615222105559151,0.9592563877306971,0.9109674297018263,0.956821648041406,0.9631933798458151,0.9627739379374678,0.945731757803786,0.9497338729593813,0.8951673415659323,0.814777618789013,0.9460901505708303,0.9653282726314425,0.8350733890807088,0.9404411708337009,0.9418629892517271,0.8544259789960184,0.9676784685053962,0.739791209997091,0.42310775511612986,0.6632196030471346,0.7738219075438374,0.7789153586198145,0.7520028247449558,0.9668471199726989,0.9668007335703191,0.7066745353363837,0.7072187658580212,0.6739703507148342,0.4493053888950936,0.6952036867624437,0.6933366481896555,0.672208438365277,0.6946258031700345,0.7612458151678193,0.688846305118235,0.6748896216626796,-0.3646084966229729,-0.5006999878422419,0.7578406464952223,0.8416680116249603,0.8272433741569319,0.8627888988501176,0.8587060126348964,0.7652822599320516,0.8147987606531942,0.8337833981095192,0.8273203547213522,0.712476345517451,0.001373039091469984],[0.9966694971597303,0.9924293427750976,0.9925756721684016,0.9970652678041043,0.9986169783632528,0.9793141417827943,0.9996557808015764,0.9999998440561717,0.9818201802727644,1.0,0.999999198225495,0.9998024894176467,0.9999985960008575,0.9999926342774654,0.9999979951783614,0.999719414845835,0.9980526920481104,0.999526157587232,0.9998966234913347,0.9998965417737896,0.9999800909129269,0.9999993981114409,0.9936818193118884,0.97792229857121,0.9964839494578097,0.9714077897353833,0.9965316907027845,0.9920342934331626,0.9802982459490887,0.9531558173815492,0.9898101144418981,0.9937593597843908,0.990776885380005,0.9725353976308228,0.999549212064058,0.9996124135876516,0.9996284629850989,0.9998525081333427,0.9993797992201643,0.9995719405524247,0.9986520544364961,0.9990267158393297,0.9995602975960113,0.9995561072455814,0.9853688783921983,0.9456051581254941,0.9565165802093114,0.962279105103742,0.9471157401902691,0.9134978797078311,0.9521364119680172,0.9444817756694663,0.9557020477995589,0.9608475181214721,0.9508277267895119,0.9808715094723224,0.980769081421413,0.9924028530509507,0.9964416421720137,0.9747949387454601,0.9624953126865844,0.9725754782023295,0.9732697886255676,0.973175380520327,0.9730038412976253,0.9301361633426374,0.9572066586396263,0.9511893417772167,0.950894617384854,0.895089777695093,0.9695539728467923,0.9680699131686812,0.9736031804323612,0.9727326558255934,0.9293942636344975,0.875555362473241,0.8412677422699542,0.8881827534592428,0.922174336712426,0.9120876565416998,0.9167258372503224,0.9160518108619278,0.761320153696376,-0.5451111301487742,0.9627467500533735,0.9487289327067544,0.9486173781785483,0.9757051214123597,0.9527321276280513,0.9685927728220777,0.9683122412740148,0.9202611732009249,0.9698225455591968,0.9218373951272337,0.8092860389528964,0.9555222384785311,0.961792377806445,0.8130884743087419,0.9528156864949885,0.9539130812324041,0.9023706777863668,0.9781428895047749,0.9025870428295408,0.4346509186250418,0.702023027618542,0.9084253382837475,0.8660870382421773,0.904816657409507,0.984042798733323,0.9842213874519593,0.77737398277648,0.743912045614672,0.7806475738030504,0.45347261916506004,0.7441115255347786,0.7848934099861336,0.7806299716198448,0.7498560112303436,0.7882936239039708,0.7484748784427032,0.7316837704952361,-0.5373271807040312,-0.6207246125513709,0.7453634736480226,0.8882114552425208,0.9205016881793425,0.9413914634479565,0.9080479737808129,0.8246615661828879,0.9057816121867232,0.9151102034095985,0.9146229029690426,0.8116629463411754,0.16157589488568125],[0.9949026731938766,0.9924639248299701,0.9964811732948918,0.9955296462986599,0.9982681578547403,0.9759814966650153,0.999635858985145,0.9999993933034897,0.9866643946150936,0.999999198225495,1.0,0.9998010323273284,0.9999965996980318,0.99999535632492,0.999998516528987,0.999706922902606,0.997850421079713,0.9993173536678804,0.9998134803309703,0.9998135103530619,0.9999985464221907,0.9999985337654219,0.993309024988895,0.9750776928141904,0.9957422524385081,0.9793310956975114,0.9962386218695597,0.9920476683957463,0.9826432599833548,0.9476384815760573,0.9896379994553547,0.9936061308723982,0.9856778540348289,0.9519294629987181,0.9993796340191741,0.9994293096886954,0.9993807646298988,0.9999090907765888,0.9993661703225332,0.9993898498741187,0.9982222238510574,0.9987091764115036,0.9993619919804572,0.9993600583431658,0.9880287193098982,0.9453722317545802,0.9294960643712077,0.9622525944242595,0.9470691405480204,0.9132799534741303,0.9282284840781703,0.9203857388633335,0.932024327147556,0.9397302993990406,0.9269257279543424,0.9751077397374913,0.9750886519637234,0.9915600595852898,0.9951118186877639,0.9679557934546821,0.9626360189930718,0.9610159668018227,0.9654385389674924,0.9620246287190792,0.9617874059240722,0.9100007757681406,0.9478236591316705,0.9171247469835332,0.9165687966024109,0.835852979286342,0.9681467412965298,0.9727745044582051,0.9697453816190414,0.9687011109846867,0.9249584202435308,0.8244238719105201,0.7945971274194751,0.8593763902488815,0.9071789922798077,0.8812464382777807,0.8941498947880676,0.8930649804327608,0.7690157314376395,-0.31611149413767725,0.9520402218015573,0.948894350822136,0.9487463916859605,0.9688952937475319,0.9406894362812802,0.9542583926750976,0.9536699661101603,0.8982682522240315,0.9564709396309442,0.9016163366752263,0.809443643047292,0.9557788999486019,0.9663161588508504,0.7267891510040414,0.9192842523048514,0.9216403277661506,0.8631123972919146,0.9860320572621297,0.8514025898386691,0.08644089970026342,0.5629342932047045,0.8630009781789361,0.8336665181822566,0.8583658573595894,0.9867755877884306,0.9867796236761606,0.5610696687981055,0.6673165773637012,0.5683886788506516,0.4534282352827306,0.5389751030979574,0.5774066881652224,0.5688341063495733,0.5084156866962419,0.7787622044364804,0.6307943045244081,0.593864273134227,-0.4962975127972518,-0.5565762156529651,0.7449250930127896,0.8704423759929453,0.8821292569840644,0.9177964895226981,0.9024341456207905,0.7163413093718488,0.8663144497151656,0.8768528263073024,0.8762547159642659,0.6438573354954146,0.11948792741191945],[0.9941249461990705,0.9935235586998158,0.9957116460213815,0.9949246344032564,0.9981773172755352,0.9754361782354979,0.9996680243274574,0.9997982315500062,0.9892028387743192,0.9998024894176467,0.9998010323273284,1.0,0.9998142609597181,0.9998020867638656,0.9998064197214479,0.9996949176667231,0.998440738083065,0.9994877814412643,0.9999745754985742,0.9999743943610484,0.9998060270188205,0.999810328045791,0.9930766876670669,0.9730817765422712,0.9946364762561425,0.979652345290255,0.9952796021987654,0.9938948906073981,0.9789024347638791,0.931735270795452,0.9925001709000986,0.9949015213612674,0.9823109848553226,0.9374350902743013,0.9995109166132413,0.9995500155250445,0.9995142190046151,0.999653704305233,0.9996707167550348,0.9995274097234325,0.9981382806475543,0.9987382187980723,0.9994968249097729,0.9994941267676083,0.9894548501353007,0.9416455153149419,0.9197737468034849,0.9594551242943442,0.9452526849004627,0.9130199395283825,0.9007002458292077,0.9322309117576838,0.9035854588015191,0.9219909753744031,0.8993854650313798,0.9652542629047437,0.9652444738419819,0.9841385664470634,0.9949797262029468,0.9672507398768085,0.9671015710880122,0.9568569200865032,0.9638036204038892,0.9587913550536377,0.958599304495265,0.9117422892225127,0.9396754535031485,0.9020229973960803,0.9015903984411141,0.8247873268592003,0.9678575044992523,0.9695670739014315,0.9695571334803161,0.9689192631969133,0.9327465137901788,0.7891843077945928,0.7590420439267974,0.8343745714309277,0.8909735818060286,0.8550453005955745,0.8737372443564901,0.8730577071111008,0.7595984399314478,-0.16106901878688817,0.9469879391369057,0.9504320495572574,0.9466216251820379,0.9678075316763298,0.9411722305457276,0.9498367481030472,0.9490633990087377,0.8986054913094704,0.9516054367928846,0.9008338716527454,0.7724692427316023,0.9537482551010161,0.9488096006369394,0.627329380357084,0.8753880770160738,0.8792567479069813,0.7747327483582866,0.9809301415055085,0.7523874470323707,-0.27642514570989446,0.31912288263781785,0.7746348427121634,0.7327855851714216,0.768584360518436,0.9820032155540122,0.9820810255651922,0.2807832345647496,0.43909083365166884,0.2872748379899077,0.25858528177261186,0.2790329003164744,0.2931457661317874,0.2907094423330576,0.20777114659063758,0.609851779043282,0.34840966126962736,0.29697796789921316,-0.5031110637164246,-0.5527854366038051,0.744520762332579,0.7818355861145243,0.8035241815809749,0.868582494063102,0.8427305343668666,0.6335909319256083,0.7980386418165842,0.7992795153900637,0.7983842434281744,0.4787093159468355,0.30382564219294594],[0.9966231054755514,0.992500907573088,0.9898569278848689,0.9969556577190062,0.998629306853253,0.9796442928548652,0.9985905094517863,0.9999971628822897,0.9703552966155875,0.9999985960008575,0.9999965996980318,0.9998142609597181,1.0,0.9999919888551383,0.9999977176862077,0.9994429747440179,0.993898638966417,0.9995601036814153,0.9999262917249475,0.9999261518571431,0.9999754351064102,0.999999037309026,0.9910570799383003,0.975827989970502,0.9940086219898379,0.9453984983133867,0.9944854014210223,0.9921184959302526,0.9757779237757359,0.9515913567274008,0.9887170041167732,0.993826166154809,0.9929802440454959,0.9754731038140123,0.9995427725571,0.9996530475993567,0.9997376547676682,0.9997665211442659,0.9994180560399287,0.9996022871146322,0.998484079366162,0.9990393627351294,0.9996168743816194,0.9994949132253325,0.9806053597773239,0.9457665125372456,0.9566235063131494,0.9622062069952115,0.9471301944790235,0.9138818753880356,0.9586766338812038,0.9473694705906583,0.9607791942279885,0.9625387781185424,0.9525648483600031,0.9812799827759815,0.9809126618942549,0.9918835496164021,0.9966977493965234,0.9526162961423489,0.9625005984561561,0.9699162628127068,0.9732963876861653,0.9716417213547273,0.9553449952644465,0.8999604675003494,0.9572920600568532,0.9587301879133631,0.9443703134372429,0.8814281592280584,0.9695557389614965,0.9448286559693614,0.9682394040929851,0.9532421324900527,0.8087992564992001,0.8756950901774393,0.8122263897571573,0.8883197525669844,0.9049107728832122,0.9111565406263556,0.8926256014359542,0.9015320046348148,0.42584349364048446,-0.5526229470303755,0.9627901260901093,0.9488004301770927,0.9486746684667301,0.9563106795662478,0.9571667775493902,0.9688816089581646,0.9689773926263918,0.9194180131243164,0.9656147628941064,0.8594063112474054,0.8093153894091889,0.9551450113850748,0.9506945016570011,0.8257308152419216,0.9580275764110099,0.9589128100364539,0.9026366401393698,0.9786657310819781,0.8364269516405054,0.5409438391933575,0.7224077717828085,0.8596621696473266,0.8521739247036659,0.8422059856998363,0.9840003973112894,0.9841792663459197,0.7779007898373741,0.7442921531155793,0.7840704886307367,0.4539224753048322,0.781777275818381,0.7931875912723207,0.7879810535405186,0.7920110935669908,0.7885621050758999,0.7488300990731466,0.7320498431057758,-0.32671827248258034,-0.47791856532070026,0.7455422695106694,0.8886098443654471,0.9191046480168881,0.9358894674953607,0.9084199201162884,0.8276110311339068,0.9053529260847766,0.9209271632074938,0.9195494061621491,0.7681588052277968,-0.06604594765225975],[0.9966557140892456,0.9924260254478009,0.9918562603288624,0.9970691880464033,0.9986473945270008,0.98009506099854,0.9995251166676445,0.9999935998169839,0.9786760826261335,0.9999926342774654,0.99999535632492,0.9998020867638656,0.9999919888551383,1.0,0.9999956507452948,0.999618405029253,0.9980350648980111,0.9995238201170967,0.999913211941012,0.9999122197764456,0.9999590505239228,0.9999923871210781,0.9928893481604919,0.9762755238837312,0.9961840603868871,0.9655629955754125,0.9959505699716623,0.9920301252872592,0.9762848523062658,0.9518526243336152,0.9891806731759989,0.9939189395546749,0.9923124704497928,0.9750986311221365,0.9995310246410751,0.999609698687392,0.9996647228889566,0.9999002859931437,0.999388510599594,0.9995559075200465,0.9983867709222527,0.9989718922079048,0.9995558318064406,0.9995495262446847,0.9831863325965814,0.945746573744345,0.9564486499645297,0.9622886060491826,0.9471545774224639,0.913530274546012,0.9548056744723716,0.9417455911464616,0.9571605152183702,0.9620576428615727,0.9519537922908873,0.98017180820972,0.9806176781939733,0.9912865243156408,0.9966748910922592,0.9758001002410012,0.9622670239284604,0.9743968826159795,0.9732932566489104,0.9753216623546327,0.9751510983797821,0.9387609235610517,0.9569900889137987,0.9572366666875143,0.9569633464874677,0.9116093281016779,0.9695839387222616,0.9707447861202835,0.9754401723901646,0.9745130396434346,0.9366397089441391,0.8754000018529935,0.8461109748705012,0.8880810177832729,0.9145233462121312,0.9111109519563629,0.9117252646913658,0.9107683373486816,0.7402994854194249,-0.5525203773988214,0.9627858443953864,0.9486005913975469,0.9483745451024123,0.9767338406259536,0.9572470191600579,0.9688641455494674,0.9689569540871097,0.9195792996452078,0.9707131903746348,0.9297474711402411,0.8092667106623398,0.9553479551861146,0.9551313181831412,0.8254996974966885,0.9579286222373543,0.9588350920840595,0.9022439796878428,0.9790084026004732,0.8872363854435668,0.5396851972005795,0.7214880988640768,0.8952373188192486,0.8662735307162798,0.8865389401749151,0.9842593579761665,0.9844352339853294,0.7765575710898951,0.743476084159624,0.8061376746021564,0.4535369317978799,0.7899812409752548,0.810363556383509,0.8048839547882014,0.7934799961546654,0.7884090458709306,0.7472792104204237,0.7305314187357193,-0.4153975308144559,-0.5373982620166254,0.7450650088128804,0.8882108552701992,0.9159209615976257,0.9318369591434129,0.9083573542365019,0.8263157872610918,0.895278531394274,0.9095613384393968,0.909174698625992,0.843682373854025,-0.032220006251914006],[0.9965815496530697,0.9924759624962614,0.990068568052913,0.9969293902173282,0.9986490339897875,0.9799185390706167,0.9992787797600189,0.9999984341482863,0.9752092637413923,0.9999979951783614,0.999998516528987,0.9998064197214479,0.9999977176862077,0.9999956507452948,1.0,0.9995246955381188,0.9973889892817569,0.9995386153464402,0.9999192223274691,0.9999186181752898,0.9999695524579888,0.9999978063024562,0.9912305610723293,0.9761048335421516,0.9955782824909715,0.9577292380503513,0.9953499792656646,0.9920825045484315,0.9760516698298475,0.9518492732476482,0.9911784011661999,0.9940689549769413,0.9928514216881361,0.9752796086185658,0.9995102067621319,0.9996164382450705,0.9997153179228959,0.999782618843497,0.9993917022997133,0.9995619732040767,0.9984250370328626,0.9989934597710154,0.9995836964655299,0.9994630206650679,0.9808706919417441,0.9456107890305018,0.9565119484381018,0.9622644265844419,0.9471448980708453,0.9136200899928204,0.9583941067482362,0.9471153289013036,0.96052438113398,0.9622042243318651,0.9521200379703275,0.9810493319479012,0.9806852238782988,0.991728740354382,0.9965704111324794,0.9526532154031944,0.9625654204000729,0.9699398392275763,0.9733693783146569,0.9716535611148605,0.9550156320916825,0.9002906474792819,0.9571558489438411,0.9585756681723823,0.9442685827488002,0.8815415668256383,0.9697075460910304,0.9450260594369817,0.968302544370433,0.9533060456776392,0.8092567420714898,0.8755881312759037,0.8120972741935809,0.8882529775398803,0.9049166675415626,0.9111134932119795,0.8925023454031015,0.9014396299068336,0.4261653988943496,-0.5521460626220801,0.9628567371224647,0.948829246671592,0.9487035725882375,0.9551674507249792,0.9573094023303496,0.9689177868869149,0.9690094545318828,0.9197186519014645,0.9656207000373691,0.8597453102854944,0.8093004152065832,0.9553932396468067,0.9510953228503037,0.8257837403507942,0.9579756845643225,0.9588719074777329,0.9021206753398621,0.9788056297948358,0.8359300079145325,0.5396235525748954,0.7216677444939699,0.8591640704124397,0.8517427370857481,0.8417165463548147,0.9840807220646113,0.9842563287967592,0.7769402246946095,0.7435248457966461,0.7834085125716873,0.45358888228701316,0.78108725007715,0.7924020283940273,0.7874673610624905,0.7911974538080192,0.7881725800961439,0.7476990796119479,0.7309397090723514,-0.3274226630830859,-0.47850703275218653,0.7453995563178127,0.8880184936727271,0.9187133037282921,0.9353875318894894,0.9079859532254969,0.8268799827993603,0.9049444549132551,0.9203509956722087,0.9190909921716468,0.7675696975178663,-0.06524093156225895],[0.9978431188167008,0.994377103691337,0.9896150415108955,0.9980633818368415,0.9991066449373109,0.9795664168432043,0.9998958316210979,0.9994014120760585,0.9734640375598197,0.999719414845835,0.999706922902606,0.9996949176667231,0.9994429747440179,0.999618405029253,0.9995246955381188,1.0,0.9985769723195401,0.9998679269616265,0.9995995882167241,0.9996036026834678,0.999794555914815,0.9995900265229389,0.9909614192526404,0.9752488904966201,0.9944060323531544,0.9513667451744895,0.9940574300318785,0.9934940435575427,0.9745915390475549,0.9525921969605682,0.9914957446128673,0.9925818526803862,0.9936310531476059,0.9771722472474494,0.9993217281805129,0.9997477773024369,0.9997455210533462,0.9996187457996579,0.9996631404698876,0.9997119698198806,0.9989422076679533,0.9996334719071202,0.9995451622306145,0.9993260460494787,0.9797078094133901,0.9445892107346369,0.9584001280699097,0.9605064961197726,0.9484305670645796,0.919339154968229,0.9602511682741953,0.9512143142175395,0.9626444714410622,0.9658928503896567,0.9558691393220298,0.9828178877896758,0.9824291242233999,0.9925704394320738,0.9961135134053161,0.9567989770376929,0.966018696367493,0.9742879596025682,0.9757949186271461,0.9757651040753549,0.9575885753584996,0.9050037767625129,0.9604358422907907,0.9632510612266518,0.9486700661174629,0.8885760458486288,0.9721085927194073,0.9495278432726186,0.9722345816562937,0.9572378125158363,0.8170054773028071,0.8806291577009506,0.8163779118226681,0.8935257423582744,0.9095370201132577,0.9137820809731916,0.8960620494483802,0.9061501108101571,0.4374046929137293,-0.5489327798665625,0.9660123904887788,0.9533370096490439,0.9531131182313606,0.9587790078049794,0.960711112685584,0.9718228374621964,0.9718918234344293,0.9234857306444052,0.9702226316570403,0.8663804239226309,0.8109932468753024,0.947834917787939,0.9442475655674405,0.8283683766263983,0.958020386840184,0.9588218757797254,0.9020775219187643,0.9757670244575595,0.8351977307997563,0.5484849948441134,0.726