var element=document.getElementById("correlationClose");if(element.style.display!='none'){var correlationClose={"data":[{"type":"heatmap","z":[[1.0,0.9999896454161921,0.6870271099028449,0.999744892655431,0.9981395860955978,1.0,0.992793461454117,0.9895107004374154,0.9895107004374154,0.9933492924947638,0.9775029310542889,0.9873741769129752,0.9928278262137882,0.9931970876261434,0.9928731291765077,0.7463506059774014,0.6651959638140271,0.2613736693775829,0.9936225320577025,0.993617541209105,0.9857778500827933,0.9928210873277109,0.38398553486181036,0.7568338922222893,0.9829414806461396,0.9829414806461396,0.9829225497061911,0.9762901987391353,0.3033169381841708,-0.14246812366340583,0.9895412619262753,0.9895050409012998,0.2552153075824542,-0.21817286512483725,0.9948736567867013,0.9953160967158705,0.8567554713005303,-0.3525352295478394,0.9907889151950622,0.9953203697211974,0.7274720234246016,0.24187479342758322,0.9949983481614657,0.9949953948993088,0.9949983481614657,0.9013616933684657,0.6537998025495597,0.9216330241013193,0.925690434130554,0.8419401236563537,0.37810641307861736,-0.18300164892694512,0.21731099715806207,0.9504715361761124,0.3725062725635911,0.9754211890611743,0.9717801470161724,0.981273208118761,0.9897385990205777,0.9350001038151255,0.943407661353355,0.947946481942838,0.9351842856882822,0.9452361398077769,0.9458570992552386,0.9452361398077769,0.8932015007955354,0.9262727123032798,0.9271333080125527,0.9262727123032798,0.9289136255932562,0.8024557805567656,0.9022073429731521,0.9034100914792145,0.9022073429731521,0.7217815171163553,0.4059957217513531,0.7096472854036989,-0.5383360888340395,0.6147892463793388,0.63103319431447,0.6314654559833326,0.63103319431447,-0.09005564264415261,0.9171249215174174,0.9469839479225608,0.9324877772911354,0.936371577536942,0.2550375776218272,0.9120091841074953,0.9126289838431831,0.9120091841074953,0.916007663607367,0.916007663607367,-0.0934582567211681,0.598297867250455,0.14857761991044904,-0.6962533766314719,-0.5949375378323853,-0.5988723812166953,-0.14467066302677822,0.1389173642334478,0.19933073941543897,-0.008600532244376437,-0.5701320200551252,-0.028629960647739663,-0.7979633647888423,-0.29792205655230725,0.16648808040416618,0.16801711286381218,-0.5767347149653301,-0.5752820549955074,-0.2859499698817469,-0.5193703458114115,-0.8145234382162568,-0.4136881499462454,-0.4060680219258488,-0.4136881499462454,-0.23466814875344236,-0.35414417933363257,-0.35414417933363257,-0.8026353599169549,-0.8026353599169549,0.417776517537595,0.628050622044952,0.8511859393149279,0.8402933999130473,0.7542598921828771,-0.34014085627677,0.7465692708042808,0.775449591937073,0.7756585557141291,0.775449591937073,-0.17497947883615095],[0.9999896454161921,1.0,0.9818589649470116,0.999512505053845,0.9960542081436271,0.999989645416192,0.9852885840306191,0.9801308559061744,0.9801308559061744,0.9851971056127237,0.9731719812234656,0.986239095380248,0.9853270354990505,0.9852752817048558,0.9851759749839839,0.09878755665038945,0.006448219057694426,-0.4516747738494355,0.9885436620399802,0.9885391017588493,0.9853770372941594,0.9853797285940828,-0.1797015735177154,0.9802166295542525,0.9805496559564663,0.9805496559564663,0.9805809134620939,0.9764695610630396,0.07534674188259269,0.10018125200098092,0.9829366803709161,0.9829808677282945,0.7613489179927159,0.06716170652732942,0.9909019148462613,0.9909320434062914,0.9914323895878284,0.9863225955343718,0.9899228607655527,0.9909370252356692,0.05056567446112494,-0.45623290956884666,0.9915038019156742,0.9915011153979533,0.9915038019156742,0.9010846012065195,0.5002068167865087,0.9216792537053177,0.9256086588408337,0.8414548147927603,-0.2703760187803138,-0.48282528536083535,0.8473095072994025,0.8900895060826266,-0.2594509251940499,0.941528191119403,0.9416620515723478,0.9618335443021583,0.9786678638871713,0.9546291167005099,0.9600875868121852,0.9459897372254549,0.9473341335917753,0.9492325011175577,0.9495827502674578,0.9492325011175577,0.8689877465693703,0.8441613806547956,0.8455632877939941,0.8441613806547956,0.956710107454333,0.9595950350575818,0.9566385838907687,0.9573510871534956,0.9566385838907687,0.6567161993569087,0.6096112205382151,0.6929909837946955,0.7600762028491664,0.6744462985843294,0.6965497553614785,0.6975775467820191,0.6965497553614785,-0.1335978353959576,0.9229296595919616,0.9429988823988013,0.9362208311800698,0.9593281538901524,-0.3117987163097627,0.9196039688912089,0.9197477377876225,0.9196039688912089,0.9257307792628876,0.9257307792628876,-0.17848713571293068,0.5989869346966393,-0.3707940774345367,-0.7887494604483513,-0.4627654944829276,-0.4667306706588786,-0.38933723246348323,0.2797173846452832,-0.26627325074152175,-0.5029584161439541,-0.7417686970118472,-0.36173817283276805,-0.4753511097084268,-0.4256335346115764,0.13553878052898025,0.13294687596130667,-0.48954067529471296,-0.4567259904498002,-0.48512553945718345,-0.516736962928933,-0.5087505546443732,-0.4875669943998776,-0.49084729740742944,-0.4875669943998776,-0.37339220185005567,-0.5425918505011433,-0.5425918505011433,-0.5098634330367448,-0.5098634330367448,0.41665794314302035,0.3638728549742712,0.49580431792265195,0.60850217383392,0.5219971976069012,-0.4439091729047993,0.37788847846296275,0.3093705943666253,0.3095446801369313,0.3093705943666253,0.18800723366310695],[0.6870271099028449,0.9818589649470116,1.0,0.6841812979723074,0.6229260830477534,0.6870271099028449,0.6669983822179143,0.6597704354215477,0.6597704354215477,0.6162483512166341,0.5814012000764194,0.9949892481444347,0.6670191651133838,0.662366507278838,0.6671586090140122,0.3985826706936711,0.3625554204376012,-0.22034623741363446,0.6313247267627918,0.6307224947335323,0.5993441285676406,0.6662003212250583,0.1671807350960901,0.8019991675109704,0.6475376440139134,0.6475376440139134,0.6473148342151699,0.9883995509346003,0.28052472339085,0.09667314138100609,0.6246440306623421,0.6242803259329683,0.638153661016329,-0.0470685463066165,0.6626681168512132,0.6097234648342402,0.6270797280955906,0.29093788470742676,0.9933418592228861,0.6059742366719557,0.38381424959620414,-0.229715314092291,0.6795208357315733,0.6607640659080256,0.6795208357315733,0.8984244647445909,0.41215406461958853,0.9362634195453087,0.9159365098794864,0.7474011472573833,0.2255908545198918,-0.07433094526142031,0.051969178956332344,0.5557828042835893,-0.08540961022192495,0.6082684417663458,0.5810046454685747,0.600795611838914,0.5649354843144948,0.017272005541240476,0.8107046136733831,0.7459221598764368,0.6670139903068629,0.7515415492627794,0.7727163038771588,0.7515415492627794,0.564317653569134,0.6653571518160957,0.7132701257272172,0.6653571518160957,0.7193546967524819,0.688493385316996,0.7399858762951301,0.780706698570526,0.7399858762951301,0.4519981887696077,-0.08569214579127678,0.4674921717307443,0.09087274288941644,0.4429785426793634,0.26524250465312044,0.5104077032681239,0.26524250465312044,-0.1434010379477102,0.6428342732569701,0.891248802883502,0.7085811259365922,0.782273519992953,-0.07923580054371442,0.6785014292496694,0.6782437925840019,0.6785014292496694,0.7355130555295044,0.7355130555295044,-0.19414768533642662,0.7051931794366395,-0.18128785327333413,-0.7130465515298786,-0.4493409672612226,-0.4533685817911878,-0.43252780121785017,0.11360286456342981,0.01954659875131868,-0.3477195287392385,-0.6932235694269072,-0.1778158662172413,-0.33333626016131074,-0.2836801398537078,0.050152660590075886,0.048677842768472916,-0.49704964315098965,-0.0758336835615164,-0.2680867291905427,-0.5175130267144962,-0.2186641297040374,-0.4147402536490694,-0.2971783510025669,-0.4147402536490694,-0.427268161843273,-0.5508255965317567,-0.5508255965317567,-0.31685772175995985,-0.31685772175995985,0.36500456281243837,0.2057820429425332,0.2929662919817903,0.5293087175443899,0.29784541570304507,-0.3930376897620564,-0.007377308517105324,0.46056147705557543,0.5595100218775164,0.46056147705557543,0.0008162273566927228],[0.999744892655431,0.999512505053845,0.6841812979723074,1.0,0.9989750071873874,0.9997448926554309,0.9939510792293511,0.991100626819996,0.991100626819996,0.9947148406903268,0.975775226305705,0.9904169738583741,0.9939757913703675,0.9946183285079239,0.9939986733809224,0.7455302413903006,0.663950679603263,0.24699123322679592,0.9946039868946747,0.9946020134782386,0.9858454517555073,0.9939629428315037,0.37547176736851157,0.7610011490442269,0.9853136765367877,0.9853136765367877,0.9852940684422433,0.9819816805589123,0.2990550317086076,-0.14843794226493445,0.9888341862294758,0.9888057156772754,0.24736919805402388,-0.2184894713891551,0.995339188445503,0.99597945370102,0.8251848153203429,-0.35675344832637745,0.9929800332301101,0.9961943683832983,0.726015937471317,0.22722002197702704,0.9934643983472521,0.9953773677249766,0.9934643983472521,0.8992631923090423,0.6420609268888076,0.9247689181213997,0.9228301044893421,0.8264322575877018,0.37348504570696894,-0.18760083751750387,0.21231739922598275,0.9454079391796779,0.35720276131628953,0.9711304134428631,0.9690458984594745,0.9792158104249241,0.9895746800596237,0.9173246853161594,0.9383008402061618,0.9373023213906444,0.9320948368833002,0.9313066842126483,0.9321247752727458,0.9313066842126483,0.8867716163995792,0.9162508830307605,0.9171826044280053,0.9162508830307605,0.9262528442413426,0.7517648151249043,0.8695035400831603,0.8707212840331138,0.8695035400831603,0.7152402942452812,0.16544715194414186,0.7016523973451797,-0.5429110900196588,0.6108918735551176,0.367461715140975,0.6039898397867229,0.367461715140975,-0.0958749344598413,0.913063413827287,0.9413817964105164,0.9264992810036868,0.9168566724590597,0.24129882456669538,0.9085969565425088,0.9093330766684299,0.9085969565425088,0.9000700800533423,0.9000700800533423,-0.09778917886374251,0.6163905231632596,0.15349965006121713,-0.7051217036589243,-0.6011734644482312,-0.6050280761899693,-0.15586185713621176,0.13482401782151598,0.19304610676111267,-0.021007308887514637,-0.580939175169934,-0.034271301523526684,-0.8030113344175478,-0.30502098066064504,0.15733859975724718,0.15892200839322096,-0.5827363755240228,-0.571923563247041,-0.2864722608325428,-0.5287241442775564,-0.8156135308213166,-0.4144876536954168,-0.4074164502345807,-0.4144876536954168,-0.24229350218229628,-0.3627552483231651,-0.3627552483231651,-0.8019067987584287,-0.8019067987584287,0.4090747234147715,0.6173528539213097,0.8434450427762312,0.832839834694893,0.7474067282592417,-0.3520206086314882,0.7378195964139127,0.7667747496758335,0.7669852006990425,0.7667747496758335,-0.16039482444331288],[0.9981395860955978,0.9960542081436271,0.6229260830477534,0.9989750071873874,1.0,0.9981395860955978,0.9972831344859159,0.9959647065364949,0.9959647065364949,0.9974961037053058,0.9693211789733678,0.9964664116786482,0.9973003576829674,0.9973726916185478,0.9973225765813334,0.6433315281607531,0.5360222908592523,0.04036948371235877,0.9976947478258873,0.9976969816673696,0.9880337501039457,0.9972910674268369,0.01776729587917908,0.7453377402896385,0.9927849307365925,0.9927849307365925,0.9927466839438897,0.9906694602960815,0.07373007490915758,-0.13226577004660184,0.9874904798109558,0.9874232105103619,-0.045742631527263225,-0.12330998868341304,0.9977673488562657,0.997693423506845,0.8191337236129242,-0.47278671363060765,0.9976138517278667,0.9980229039402548,0.6112460570095757,0.016248408926090904,0.9977109128994601,0.9977178977286344,0.9977109128994601,0.9120883309928798,0.6082868200882587,0.9348201693463888,0.9228887470658376,0.8045697396901779,-0.0727115528290312,-0.58713584711683,-0.16629474377746867,0.9360069982452092,0.21182248974317688,0.9681583775211884,0.9681893787490017,0.98207264958113,0.9901625437747242,0.9165670621821589,0.9218883820664291,0.9279965483009401,0.9207104438685565,0.9263823848388778,0.9267429194554097,0.9263823848388778,0.8649344222449492,0.8782019692368134,0.8792483686565375,0.8782019692368134,0.9161259303218701,0.8380900999600369,0.8981915543140974,0.8989108629985075,0.8981915543140974,0.6794660711985319,0.5749656869055354,0.6704518132651569,-0.5517855897277558,0.6596846693170152,0.6413126971540155,0.6407272564618514,0.6413126971540155,-0.10752758777756205,0.8973772173200295,0.9204175847253704,0.9067659061005282,0.9240062111360487,0.08670551359388752,0.8963981982025511,0.8973007780733069,0.8963981982025511,0.9016127820686123,0.9016127820686123,-0.13491965308919324,0.6609317071534806,0.008074024670583616,-0.7319259129760611,-0.6453201209522543,-0.6464438422781622,-0.1849239432026259,0.15819133783836734,-0.1929146119096035,-0.26380786151784796,-0.6453068226669675,-0.3870978416695764,-0.8442510167032814,-0.5724793996156015,0.12860761506251875,0.13004863813770362,-0.6067895760256394,-0.5670046731507757,-0.5529541406922928,-0.5646792082769022,-0.771340035054987,-0.6027203746719323,-0.6056257397312551,-0.6027203746719323,-0.2778766431839557,-0.3935156499220574,-0.3935156499220574,-0.7410804446598287,-0.7410804446598287,0.3977840745250045,0.6016969554435526,0.8008572453044761,0.7956401870393621,0.7395806518736276,-0.4740135293025377,0.6084391620993743,0.6621040071445862,0.6623395947589723,0.6621040071445862,0.06717701352161548],[1.0,0.999989645416192,0.6870271099028449,0.9997448926554309,0.9981395860955978,1.0,0.992793461454117,0.9895107004374154,0.9895107004374154,0.9933492924947638,0.9775029310542889,0.9873741769129752,0.9928278262137882,0.9931970876261434,0.9928731291765077,0.7463506059774014,0.6651959638140271,0.2613736693775829,0.9936225320577025,0.993617541209105,0.9857778500827933,0.9928210873277109,0.38398553486181036,0.7568338922222893,0.9829414806461396,0.9829414806461396,0.9829225497061911,0.9762901987391353,0.3033169381841708,-0.14246812366340583,0.9895412619262753,0.9895050409012998,0.2552153075824542,-0.21817286512483725,0.9948736567867013,0.9953160967158705,0.8567554713005303,-0.3525352295478394,0.9907889151950622,0.9953203697211974,0.7274720234246016,0.24187479342758322,0.9949983481614657,0.9949953948993088,0.9949983481614657,0.9013616933684657,0.6537998025495597,0.9216330241013193,0.925690434130554,0.8419401236563537,0.37810641307861736,-0.18300164892694512,0.21731099715806207,0.9504715361761124,0.3725062725635911,0.9754211890611743,0.9717801470161724,0.981273208118761,0.9897385990205777,0.9350001038151255,0.943407661353355,0.947946481942838,0.9351842856882822,0.9452361398077769,0.9458570992552386,0.9452361398077769,0.8932015007955354,0.9262727123032798,0.9271333080125527,0.9262727123032798,0.9289136255932562,0.8024557805567656,0.9022073429731521,0.9034100914792145,0.9022073429731521,0.7217815171163553,0.4059957217513531,0.7096472854036989,-0.5383360888340395,0.6147892463793388,0.63103319431447,0.6314654559833326,0.63103319431447,-0.09005564264415261,0.9171249215174174,0.9469839479225608,0.9324877772911354,0.936371577536942,0.2550375776218272,0.9120091841074953,0.9126289838431831,0.9120091841074953,0.916007663607367,0.916007663607367,-0.0934582567211681,0.598297867250455,0.14857761991044904,-0.6962533766314719,-0.5949375378323853,-0.5988723812166953,-0.14467066302677822,0.1389173642334478,0.19933073941543897,-0.008600532244376437,-0.5701320200551252,-0.028629960647739663,-0.7979633647888423,-0.29792205655230725,0.16648808040416618,0.16801711286381218,-0.5767347149653301,-0.5752820549955074,-0.2859499698817469,-0.5193703458114115,-0.8145234382162568,-0.4136881499462454,-0.4060680219258488,-0.4136881499462454,-0.23466814875344236,-0.35414417933363257,-0.35414417933363257,-0.8026353599169549,-0.8026353599169549,0.417776517537595,0.628050622044952,0.8511859393149279,0.8402933999130473,0.7542598921828771,-0.34014085627677,0.7465692708042808,0.775449591937073,0.7756585557141291,0.775449591937073,-0.17497947883615095],[0.992793461454117,0.9852885840306191,0.6669983822179143,0.9939510792293511,0.9972831344859159,0.992793461454117,1.0,0.9976484964722748,0.9976484964722748,0.9999720846464735,0.9641129500271706,0.9997040330163993,0.9999967794407386,0.999987783986688,0.9999937692309406,0.8306419429064545,0.8161837449739205,0.21638971293612355,0.9998698276226499,0.9998702188647649,0.9904857313859098,0.999996940669146,0.29812611158769264,0.7565710794120114,0.9865780832990629,0.9865780832990629,0.9877660636280866,0.992251566717754,0.2334890282545747,-0.19807455954108635,0.9916858704339281,0.9917145086008812,0.15963137206662328,-0.2608998088386292,0.9993768597017051,0.9994944091796271,0.4635684986526785,-0.3012578708502006,0.999139117518955,0.9994650537398145,0.8094940513205439,0.19533330838363955,0.9465587684292968,0.9991406517242819,0.9465587684292968,0.9204810162919883,0.6167224945430169,0.943955699987378,0.9234093256730398,0.7723254147452513,0.4146579759419253,-0.12518763578433237,-0.18461223904736385,0.9343284689109433,0.32865448111434414,0.9692163395241374,0.9656614305531965,0.980289471048412,0.9956453145762321,-0.006853269610495815,0.8854217189307592,0.8480934993399359,0.8897055331008697,0.8431278102255614,0.8083984605887746,0.8431278102255614,0.830321549139449,0.8140995265841302,0.8030952798975142,0.8140995265841302,0.8841514419602737,0.4286496045837712,0.6239682759615738,0.6780546422465266,0.6239682759615738,0.6485391867275441,-0.33321100268862813,0.624541922365414,-0.6087714951830546,0.5447337167917219,-0.0725079445137102,0.47553568109442645,-0.0725079445137102,-0.1363637428681157,0.8631822273762778,0.8850287223888051,0.8713618858697877,0.7839740764041153,0.2094215066990072,0.8618599243231516,0.8629686309814197,0.8618599243231516,0.7880730134587389,0.7880730134587389,-0.17012047998372481,0.70138047077815,0.22736872390229967,-0.7083643560103725,-0.6395012936182549,-0.6429091768067905,-0.19446233635749682,0.08638961859492982,0.31453184222445174,-0.0468157360200733,-0.5897971021767408,0.03191922242843601,-0.8295269315824841,-0.20105145802193278,0.0952896740869001,0.09688839790250406,-0.6232030129566685,-0.5847733009436645,-0.12089891428137864,-0.5980773404290323,-0.8312820489126806,-0.4050596001437862,-0.24098752422130468,-0.4050596001437862,-0.3071138822828979,-0.4004216564830602,-0.4004216564830602,-0.8232983249708927,-0.8232983249708927,0.39737098739554333,0.587889935754477,0.5125612465092798,0.8049005362348877,0.7370313759803767,-0.3982393636880893,0.07306383136122073,0.7448971133777187,0.7638727042018076,0.7448971133777187,-0.09860005707692551],[0.9895107004374154,0.9801308559061744,0.6597704354215477,0.991100626819996,0.9959647065364949,0.9895107004374154,0.9976484964722748,1.0,1.0,0.9995966513662525,0.9580265896519855,0.9988404585233441,0.9983664220884801,0.9994405870749046,0.9992076054595852,0.8273982400427368,0.8038770779006635,0.1948481215752418,0.9992371682817736,0.9992395127962984,0.9880120066611681,0.9993340194334641,0.2732022204761311,0.7583762157904927,0.9932536153958147,0.9932536153958147,0.986061951053013,0.989893721919904,0.21622299406157292,-0.2109612206976268,0.9880511661002866,0.9914727745209695,0.14137241455230062,-0.26676263574783377,0.9983984673225075,0.9984008223004789,0.4474996326604249,-0.3072265964343506,0.9974532896880959,0.9983650843196462,0.8063903344114733,0.17343502013236634,0.9398356665205156,0.9982296920860779,0.9398356665205156,0.9184258159544587,0.6022885967647074,0.9446912953939955,0.9220245918429226,0.7538554212661742,0.40224945887352875,-0.13945777052262023,-0.19625036172885849,0.926607542493637,0.3087619420108348,0.9648042179917667,0.9609109702472318,0.9756246609027911,0.9946136777961712,-0.01552481442683687,0.876995507113125,0.835049262459806,0.8832815475282414,0.831136195592036,0.7977521103576346,0.831136195592036,0.8206173030479833,0.7985546179187928,0.7913585663351568,0.7985546179187928,0.8778985572013498,0.4119320616229602,0.606687750356637,0.6637388779421671,0.606687750356637,0.6385679332856148,-0.3465253942905817,0.6130186969458195,-0.614935261040546,0.5388568482756455,-0.09266920370623416,0.46150206500383467,-0.09266920370623416,-0.1422406706097169,0.855769478247561,0.8747401976145415,0.8620299050696714,0.7709895702717785,0.1918332418058628,0.8550052751663748,0.8562740663257803,0.8550052751663748,0.7738449553710696,0.7738449553710696,-0.18365813678351556,0.7220639927233697,0.2336383265363154,-0.7173116610702734,-0.6510170896977564,-0.6542575585366363,-0.2084117718575314,0.07974546523870978,0.30744571058493647,-0.06548172639256371,-0.6017091393500987,0.022670914003366762,-0.8345108471370343,-0.20754631933834414,0.08122206514097911,0.0828467838621033,-0.6336844722172321,-0.5853815684945172,-0.12767447744572533,-0.612963838516549,-0.8302587644995302,-0.4158813379293423,-0.24709478968571427,-0.4158813379293423,-0.32309873449067045,-0.41302512657441515,-0.41302512657441515,-0.8207793326300333,-0.8207793326300333,0.38052518732085366,0.5720862596080415,0.4948740794909734,0.7879440445549866,0.7250937898603288,-0.41829489421619376,0.05991517989649091,0.7264701976668784,0.7485670908742466,0.7264701976668784,-0.08179857484640882],[0.9895107004374154,0.9801308559061744,0.6597704354215477,0.991100626819996,0.9959647065364949,0.9895107004374154,0.9976484964722748,1.0,1.0,0.9995966513662525,0.9580265896519855,0.9988404585233441,0.9983664220884801,0.9994405870749046,0.9992076054595852,0.8273982400427368,0.8038770779006635,0.1948481215752418,0.9992371682817736,0.9992395127962984,0.9880120066611681,0.9993340194334641,0.2732022204761311,0.7583762157904927,0.9932536153958147,0.9932536153958147,0.986061951053013,0.989893721919904,0.21622299406157292,-0.2109612206976268,0.9880511661002866,0.9914727745209695,0.14137241455230062,-0.26676263574783377,0.9983984673225075,0.9984008223004789,0.4474996326604249,-0.3072265964343506,0.9974532896880959,0.9983650843196462,0.8063903344114733,0.17343502013236634,0.9398356665205156,0.9982296920860779,0.9398356665205156,0.9184258159544587,0.6022885967647074,0.9446912953939955,0.9220245918429226,0.7538554212661742,0.40224945887352875,-0.13945777052262023,-0.19625036172885849,0.926607542493637,0.3087619420108348,0.9648042179917667,0.9609109702472318,0.9756246609027911,0.9946136777961712,-0.01552481442683687,0.876995507113125,0.835049262459806,0.8832815475282414,0.831136195592036,0.7977521103576346,0.831136195592036,0.8206173030479833,0.7985546179187928,0.7913585663351568,0.7985546179187928,0.8778985572013498,0.4119320616229602,0.606687750356637,0.6637388779421671,0.606687750356637,0.6385679332856148,-0.3465253942905817,0.6130186969458195,-0.614935261040546,0.5388568482756455,-0.09266920370623416,0.46150206500383467,-0.09266920370623416,-0.1422406706097169,0.855769478247561,0.8747401976145415,0.8620299050696714,0.7709895702717785,0.1918332418058628,0.8550052751663748,0.8562740663257803,0.8550052751663748,0.7738449553710696,0.7738449553710696,-0.18365813678351556,0.7220639927233697,0.2336383265363154,-0.7173116610702734,-0.6510170896977564,-0.6542575585366363,-0.2084117718575314,0.07974546523870978,0.30744571058493647,-0.06548172639256371,-0.6017091393500987,0.022670914003366762,-0.8345108471370343,-0.20754631933834414,0.08122206514097911,0.0828467838621033,-0.6336844722172321,-0.5853815684945172,-0.12767447744572533,-0.612963838516549,-0.8302587644995302,-0.4158813379293423,-0.24709478968571427,-0.4158813379293423,-0.32309873449067045,-0.41302512657441515,-0.41302512657441515,-0.8207793326300333,-0.8207793326300333,0.38052518732085366,0.5720862596080415,0.4948740794909734,0.7879440445549866,0.7250937898603288,-0.41829489421619376,0.05991517989649091,0.7264701976668784,0.7485670908742466,0.7264701976668784,-0.08179857484640882],[0.9933492924947638,0.9851971056127237,0.6162483512166341,0.9947148406903268,0.9974961037053058,0.9933492924947638,0.9999720846464735,0.9995966513662525,0.9995966513662525,1.0,0.9631566477647598,0.9996690009533203,0.9999731234708751,0.9999722421728805,0.9999761738363274,0.6881854278577162,0.5847247154121588,0.09680107128179992,0.9998273227736219,0.9998281739872985,0.9903962850930006,0.9999706392891141,0.07288467648606828,0.7354978904362265,0.9955802666412807,0.9955802666412807,0.9955397069106067,0.9921424037462926,0.06156548627823755,-0.14088557675082244,0.9910140338322669,0.9909746532767537,-0.024888883424559676,-0.22220164790118196,0.9994298134053046,0.9993891748007692,0.8230173456413827,-0.47202932265727415,0.9990793220121447,0.9994377176225542,0.6577827943130031,0.0729207525174272,0.9993022491955177,0.9993075215224327,0.9993022491955177,0.9201939806819908,0.6171379002084832,0.9438214125865808,0.9231689796090985,0.7719022999830941,0.025355115931801245,-0.5418235235895486,-0.12444491450417515,0.9307595478247138,0.2738819754345211,0.9660942887080232,0.9656677579113065,0.9823872047492628,0.9949527107251529,0.8924207268668682,0.8863486241681372,0.9049443930390477,0.8908124396352868,0.903292754213411,0.9038252663588415,0.903292754213411,0.8301653327985895,0.8601223814156462,0.8614059368736142,0.8601223814156462,0.8855975859251771,0.8035917415793666,0.8715126556403459,0.8725595077456827,0.8715126556403459,0.6485194038249965,0.507612706962634,0.6241940021447199,-0.609071280502951,0.5963979205852817,0.56657261078077,0.5664848966004289,0.56657261078077,-0.09098597756585294,0.8641039782781813,0.8851181493607355,0.871928615421363,0.9005102130232547,0.12402888841821579,0.8670533490916982,0.8686941595901679,0.8670533490916982,0.8724114472991258,0.8724114472991258,-0.17167292629722256,0.7022029370362403,0.03572782382976366,-0.7199562691166219,-0.6724616757683891,-0.6738406266056098,-0.1979308866619794,0.08980583166371789,-0.19735756512734032,-0.22965521462448507,-0.6275877623371457,-0.41343467816029184,-0.8639758497274529,-0.6058528253505112,0.09451355392512831,0.09639993005299337,-0.624644122370112,-0.5808454119574982,-0.5630831718014078,-0.5995727998721447,-0.7973059067216881,-0.6257484389140056,-0.6280902932419286,-0.6257484389140056,-0.3088275401100763,-0.4035211513729614,-0.4035211513729614,-0.7778904702167841,-0.7778904702167841,0.3968746439184371,0.586143797026607,0.8120362888851563,0.8067166336414625,0.7350298930770445,-0.42480781404932333,0.6401453055397645,0.6878217049806078,0.6880026734693669,0.6878217049806078,0.13798335158121966],[0.9775029310542889,0.9731719812234656,0.5814012000764194,0.975775226305705,0.9693211789733678,0.9775029310542889,0.9641129500271706,0.9580265896519855,0.9580265896519855,0.9631566477647598,1.0,0.9506190435017047,0.9641319546044471,0.9641610398859526,0.9638772692399138,0.46663989822602464,0.35649881024717356,-0.13106419482186063,0.9681361275734384,0.9681164541873805,0.9642334192581629,0.9642252570349334,-0.014407332294200466,0.7724974297768452,0.9655962779760114,0.9655962779760114,0.9657568275557857,0.9059120571236852,0.1536729767405494,-0.12790732594233314,0.9704943871191544,0.9705915228569593,0.12215174639215187,0.013558243454818911,0.9714098023478173,0.9716369941823138,0.8936153360185984,-0.35524743853507557,0.9580892836630267,0.9706745790592195,0.4300409739923995,-0.15123112790499485,0.9724155881228154,0.9723857667962913,0.9724155881228154,0.8336465985225728,0.42102065847069464,0.8504705566491768,0.9090041721659828,0.8695622211401157,-0.49157198331161717,-0.6744406027675975,-0.20564118554690233,0.8988094274125953,-0.03479302499321665,0.925559001802736,0.9256172712541756,0.9419522743954241,0.9688984063178184,0.8935111612014118,0.8951808957352846,0.9071950996859852,0.8964637806345371,0.9006755536231005,0.9011683981344969,0.9006755536231005,0.8551948669578036,0.8344116119312438,0.8357733689644417,0.8344116119312438,0.8923008080223954,0.9054940523228445,0.8903503040290393,0.8908295797361114,0.8903503040290393,0.7250273517204292,0.6625615563184333,0.725848378393914,-0.27554236359153095,0.7395965723191434,0.7541946382154722,0.7563449789168782,0.7541946382154722,-0.24884444386511964,0.8928111155556583,0.9403050227990427,0.9059556757190718,0.9052286322355375,-0.031868243479564365,0.8870783953130906,0.8878562265976424,0.8870783953130906,0.8942126372907194,0.8942126372907194,0.03976402691284758,0.42542498763977643,-0.13509139759256802,-0.6607569101274144,-0.4424465194232184,-0.44499640171679405,-0.06840248301269944,0.43056939370572195,0.013405832372861705,-0.19427590765211836,-0.5520286238001874,-0.10908418252569348,-0.7927981515658226,-0.2739248993578779,0.2965918097681327,0.2966846949189687,-0.41411602123302754,-0.4324330088986756,-0.3799968589451273,-0.39120124188554767,-0.6592565043765142,-0.39949663633256627,-0.4018494200105319,-0.39949663633256627,-0.1343428260106208,-0.44435481541458116,-0.44435481541458116,-0.5421108045707564,-0.5421108045707564,0.5344932602128324,0.646022008466516,0.7510090614304523,0.6994886809222929,0.8102979777530294,-0.511904617974455,0.4086993103294786,0.5321414003348952,0.5324691977878824,0.5321414003348952,-0.13563178513504565],[0.9873741769129752,0.986239095380248,0.9949892481444347,0.9904169738583741,0.9964664116786482,0.9873741769129752,0.9997040330163993,0.9988404585233441,0.9988404585233441,0.9996690009533203,0.9506190435017047,1.0,0.9997035527490182,0.9997009823185784,0.9996753260849337,0.2094376468163104,0.10705806340252219,-0.5265451327238494,0.9998150302792224,0.9998169076545108,0.9997067129695838,0.9997057131083845,-0.27178600128835295,0.9739805666929292,0.9950872780414971,0.9950872780414971,0.9950688978639792,0.9939818961842971,0.0677908742792083,0.061121747270179695,0.9922736342364685,0.9923203211333862,0.8078777592308503,-0.01787782379313048,0.9991188121079976,0.9990786191838036,0.9989645080728898,0.9994321882700808,0.9994716192440373,0.9991562637820075,0.154654699612369,-0.5342885731209432,0.9989161118458202,0.9989228363539898,0.9989161118458202,0.9149305600015656,0.45782443190241306,0.9396696332950943,0.919635665870223,0.7720417087312672,-0.39162533106047875,-0.5962113662757177,0.8275579557946491,0.8564629060099628,-0.34668698131508824,0.9370605944093424,0.9372568134694607,0.9710824867950507,0.9940079121674964,0.9052140652441601,0.9107577800324457,0.8887056963490289,0.8926416987055648,0.893504168173081,0.8939877960555849,0.893504168173081,0.7898806023630177,0.7593920973206941,0.7611294395406397,0.7593920973206941,0.9121130923394423,0.9176044259288735,0.9109409685912294,0.9118333783872243,0.9109409685912294,0.5542153791073371,0.4979414313542231,0.5896214475268406,0.6730192214003347,0.5785369067501125,0.6060889704066157,0.6081922292761868,0.6060889704066157,-0.3086717111844848,0.8570937759351589,0.8871718353896914,0.8760906148172598,0.9117399285098423,-0.3361514422980063,0.8527892811591363,0.8529938643813912,0.8527892811591363,0.8611848287158557,0.8611848287158557,-0.22336006148141418,0.6958321181759699,-0.3924130511332145,-0.8055561499024894,-0.5358903648674446,-0.53889831392099,-0.43141956783516366,0.2330313450719838,-0.3053883963114264,-0.5354977109271024,-0.7643078475560036,-0.4055857193320241,-0.5912283688626322,-0.4796504293942882,0.08596383131437288,0.08385008322971478,-0.5584015827348736,-0.5309288544976885,-0.552054634932703,-0.588009261300877,-0.581384869117358,-0.5555544079132843,-0.5586562403161767,-0.5555544079132843,-0.4412799277594846,-0.6313305478848553,-0.6313305478848553,-0.6228507454170769,-0.6228507454170769,0.3930379367903559,0.3363836090062409,0.4741307274945776,0.5825032526527777,0.5240400080945911,-0.5761216761019919,0.3185179189523861,0.28343477572218106,0.28365650366738526,0.28343477572218106,0.26382541762186584],[0.9928278262137882,0.9853270354990505,0.6670191651133838,0.9939757913703675,0.9973003576829674,0.9928278262137882,0.9999967794407386,0.9983664220884801,0.9983664220884801,0.9999731234708751,0.9641319546044471,0.9997035527490182,1.0,0.9999911074920977,0.9999953549509938,0.8306223831976691,0.8040178240793097,0.2164337682105116,0.9998710693908923,0.9998713977553834,0.9905167152728165,0.9999975032276687,0.2984151992288496,0.7566298637060235,0.9914842076962698,0.9914842076962698,0.987758121995559,0.9922409244371921,0.23372927282337275,-0.19802616600975395,0.9917311386927654,0.991722786811771,0.1598461736814205,-0.2608690380367871,0.9993782804881512,0.9994970953715353,0.4635475725418888,-0.30105796608900737,0.9991404631068472,0.999471679286206,0.8094623909208227,0.19538326595561575,0.9465460847495518,0.99914249526979,0.9465460847495518,0.9204844540582777,0.616847320689345,0.9440649967548064,0.9235087640084674,0.7724155343523672,0.4150139983738912,-0.12477669767045016,-0.18427057435058614,0.9343880904685729,0.32870992023650564,0.9692949044350949,0.9657087023214511,0.9803655312992645,0.9956576764871695,-0.006674495136052608,0.8855469286956297,0.8481770290388502,0.889811954874867,0.8432100333458864,0.8083504833000075,0.8432100333458864,0.8304136212060828,0.8141490886778397,0.8030430615147467,0.8141490886778397,0.8842848906873615,0.4285425610892041,0.623974022118787,0.6779801352179049,0.623974022118787,0.6485163854158056,-0.3332276797094006,0.6245364683323545,-0.6086717692713363,0.5446583814199842,-0.07262597086418161,0.47557043760283424,-0.07262597086418161,-0.13649967364402021,0.8632581403191449,0.8851438789428291,0.8714525243738245,0.7839696019324394,0.2094693810854468,0.8619388124833843,0.8630447312571978,0.8619388124833843,0.7881342469245937,0.7881342469245937,-0.17005621558181416,0.7013946222638646,0.22747523246942397,-0.7084029376783033,-0.6394197024718588,-0.6428325238527544,-0.19454125355027618,0.0862828111704344,0.3146885086057537,-0.04680788908953087,-0.5898562137814767,0.03215786284719168,-0.8292882964623403,-0.20078539787367786,0.09536079586954445,0.09697350511894949,-0.623183482281014,-0.5845782671944507,-0.12067336120069028,-0.5980367234875661,-0.8311819682274377,-0.4048554634998296,-0.24080180605401635,-0.4048554634998296,-0.3069589996498284,-0.4003910186577128,-0.4003910186577128,-0.8232465686856025,-0.8232465686856025,0.3978329694550037,0.5880042518207529,0.5127878098292447,0.8051315649671438,0.7370837853295369,-0.3980500129394859,0.07332689654434457,0.7451276049720342,0.7639764753797449,0.7451276049720342,-0.09862770477298323],[0.9931970876261434,0.9852752817048558,0.662366507278838,0.9946183285079239,0.9973726916185478,0.9931970876261434,0.999987783986688,0.9994405870749046,0.9994405870749046,0.9999722421728805,0.9641610398859526,0.9997009823185784,0.9999911074920977,1.0,0.9999886823126857,0.7540147412718109,0.6676929406667809,0.21812861397345049,0.9998934909441177,0.9998941585009378,0.9905091929345021,0.9999885656729858,0.2986415231322161,0.7532059838761982,0.9943529219475622,0.9943529219475622,0.9943201789011425,0.9921879108950857,0.22736698979959866,-0.19837164139617933,0.9921352521863028,0.9921405042548829,0.18206451993401834,-0.2602398371223985,0.999548670975962,0.999497066571994,0.8575578807194528,-0.3888534472319203,0.9991378071268486,0.9994758360373988,0.7309653083210599,0.1971075199427805,0.9994473028087906,0.9994519132264273,0.9994473028087906,0.9203660527873355,0.6169542844470038,0.9439444198617701,0.9233710457887251,0.772098432361143,0.29577560177152035,-0.29354411638205563,0.11857647369458463,0.9342834708463342,0.3292200895792095,0.9666221425739566,0.9657307440051729,0.9790294422358808,0.9958877865366992,0.8988665764639151,0.8849219069891826,0.9099797065568654,0.8898207769387707,0.9088207150157654,0.9095767183445669,0.9088207150157654,0.8297784312771419,0.878660767464385,0.8799411507720101,0.878660767464385,0.8841857770748551,0.7869382370467634,0.8759155838209148,0.8773406190565962,0.8759155838209148,0.6481325413940696,0.5039050451433128,0.6234488869898969,-0.6095151574745182,0.5434750274528968,0.5441607887602421,0.5451203078867248,0.5441607887602421,-0.13836441269717503,0.8631968696562052,0.8848310602550773,0.8710130639470994,0.9052761277527009,0.21145412350250845,0.8619376718773976,0.8632207724792403,0.8619376718773976,0.8710574154574755,0.8710574154574755,-0.17038567517246883,0.7008457077841754,0.13510021228254038,-0.7075123612788804,-0.6390769173063595,-0.6422447376709763,-0.19454028384088334,0.0853092959325066,0.08775623202629655,-0.04538196123832066,-0.5886565447078144,-0.1564036653805998,-0.8396486089885876,-0.4182792115764353,0.09482143233056387,0.09674469402269288,-0.6232279253320477,-0.5838292412994733,-0.41009844817755087,-0.5978158814809538,-0.8239949566231205,-0.5211429249635324,-0.5171051596611488,-0.5211429249635324,-0.3062422478212022,-0.40047190538030597,-0.40047190538030597,-0.8147726950873072,-0.8147726950873072,0.3963381464259208,0.5879608149798365,0.8194029500192826,0.8085758248650488,0.7373545076033734,-0.397651421164492,0.7010995785327622,0.7326678033956375,0.7327633303313517,0.7326678033956375,-0.06636804063371812],[0.9928731291765077,0.9851759749839839,0.6671586090140122,0.9939986733809224,0.9973225765813334,0.9928731291765077,0.9999937692309406,0.9992076054595852,0.9992076054595852,0.9999761738363274,0.9638772692399138,0.9996753260849337,0.9999953549509938,0.9999886823126857,1.0,0.8205274753807984,0.753250987378947,0.21658772203097698,0.9998739846248531,0.9998741976725807,0.9906435074766518,0.9999952350525092,0.29908296406852863,0.7564687433667304,0.9945335963358506,0.9945335963358506,0.9944469267014273,0.9921751153068744,0.23401791687036635,-0.1980439221636927,0.992627194325375,0.9926690872447037,0.16057854261893353,-0.2606980990412286,0.999422710758256,0.999496841794285,0.46261350914666616,-0.3003449093642908,0.9991018117460361,0.9994742681194354,0.8068460853383197,0.19555806338446002,0.9461259962906513,0.9991919370422077,0.9461259962906513,0.9207130742475289,0.6174836841309114,0.9441826735937014,0.923593598221099,0.7721651120907678,0.4163058524927326,-0.12332864892141505,-0.18449620112975817,0.9347043403070318,0.3289819256069923,0.9696649329332176,0.9659923227352982,0.9806096611709947,0.9956997273176211,-0.0076498581021118076,0.8857691377178788,0.8480784813805387,0.8900015710458911,0.8431413031130592,0.8079239193272296,0.8431413031130592,0.8305805938370946,0.8140696584636858,0.8033628270479004,0.8140696584636858,0.8845492447157517,0.4278961939913294,0.6235043589609337,0.6779665007197863,0.6235043589609337,0.6483774951518182,-0.33433327634482596,0.6244775018050978,-0.6088735624727589,0.5443231444167365,-0.07356841192197427,0.4752369292969465,-0.07356841192197427,-0.1364653769239152,0.8633616995774844,0.8849074727169547,0.8715638941233963,0.7768995942112829,0.20985302863397917,0.8620048073948262,0.8631017366814456,0.8620048073948262,0.7879420123586227,0.7879420123586227,-0.1713439950274624,0.7021567611023121,0.22795544075594773,-0.7083588426510314,-0.6397588913648563,-0.6431756761689327,-0.19554904601411607,0.08517516391527598,0.31501642733745433,-0.04716105334161724,-0.590011302603569,0.032268238030401054,-0.8285684644599858,-0.20060820681627414,0.09446765192341938,0.09607931422079358,-0.6237346343110615,-0.584783435491915,-0.12011728736561089,-0.5990994160812622,-0.8312169023001762,-0.40478978077847094,-0.24027066210461692,-0.40478978077847094,-0.30778535633614845,-0.40079473465571663,-0.40079473465571663,-0.8235930479671568,-0.8235930479671568,0.39800146582463897,0.5876912344367875,0.5123331601994238,0.8055538309752039,0.7365726842821667,-0.39763638783494226,0.07271233599748222,0.7455419000285156,0.764586307037237,0.7455419000285156,-0.09837537209164014],[0.7463506059774014,0.09878755665038945,0.3985826706936711,0.7455302413903006,0.6433315281607531,0.7463506059774014,0.8306419429064545,0.8273982400427368,0.8273982400427368,0.6881854278577162,0.46663989822602464,0.2094376468163104,0.8306223831976691,0.7540147412718109,0.8205274753807984,1.0,0.9925791140493226,0.4234027900541996,0.7994201814142198,0.7993885309547785,0.7244174647238556,0.8192309997253613,0.33444623197339196,0.39342127895182233,0.8129990435792246,0.8129990435792246,0.7985398822877112,-0.18790712949578833,0.19679459439037028,-0.16221715467159784,0.8544607241593124,0.8515334508426989,0.15906508251519647,-0.22228773106755748,0.8262022624614481,0.7133933390075179,0.2630028148762026,-0.3173516750220058,0.22474878431620843,0.6803986435551252,0.9983536065349016,0.40619624943480404,0.7520109502289639,0.825875975285061,0.7520109502289639,0.17448929871430804,0.5344539285980295,-0.24699451956423188,-0.2698595644113786,0.05572674209510285,0.3970069192892248,-0.0567374378548879,-0.21051096197885147,0.7006867187043416,0.401029795973643,0.8244703773522218,0.7012439539190761,0.7888331097025671,0.8086045961769458,-0.10416138958508836,0.13129784535102373,0.573463805137056,0.437101466535