var element=document.getElementById("correlationClose");if(element.style.display!='none'){var correlationClose={"data":[{"type":"heatmap","z":[[1.0,0.9999835372077113,0.5765226445352393,0.9997036962395733,0.9975094679720796,1.0,0.9909533375900421,0.9865738687477441,0.9916093509328509,0.9732830796488261,0.9824909862543668,0.9909974342261288,-0.12660688030931805,0.9910617967860669,0.9779775707689694,0.9755848452069307,0.4426483343017981,0.9920605665334518,0.9920460194316206,0.9840329922047042,0.9909846208023833,0.44661720218919226,0.670129331217755,0.9781371623316832,0.9781145589612071,0.9617490473094942,0.3116699106463046,-0.12067435304428238,0.98981208590856,0.9897710066425058,0.2796604483079279,-0.20042694864419439,0.9938364023858528,0.9946902345952041,0.8136352355229811,-0.3887373735764223,0.9878182857304938,0.9944644138608226,0.9800229641985764,0.42485071572316846,0.9940196234036598,0.994006147237155,0.9940196234036598,0.8879622583839626,0.6684614117998784,0.8681741653919287,0.881838243636321,0.7921280010387611,0.38679212700555243,-0.1353765336245729,0.19170807886308183,0.9452432430479497,0.4570228116162382,0.9768176235788346,0.9710754512247759,0.9157765530773848,0.9128301710603495,0.933755153220589,0.9101290105343632,0.9305769379148778,0.9313505674294105,0.9305769379148778,0.846492552488683,0.9070807491572519,0.9081760491043861,0.9070807491572519,0.8975932793991094,0.7373697895330029,0.8723247302810576,0.8739288407674195,0.8723247302810576,0.622174174629771,0.3110449416465439,0.599254061669075,-0.5929233896037349,0.49579581009066875,0.5477856336738586,0.5491148024863317,0.5477856336738586,-0.10251044239172033,0.8848554767186831,0.9168497193623188,0.8986530295506817,0.9172656623135449,0.43735666996065287,0.881873083676996,0.8830499778207893,0.881873083676996,0.8910084642236455,0.8910084642236455,-0.1576716168419698,0.5569276134442558,0.19322234365298266,-0.5682231264168491,-0.5644660770052202,-0.5680747754548373,-0.044993112850201016,0.061994443927911105,0.25676224901577566,0.1287940026531677,-0.39519203055510177,0.05193735983868752,-0.793014607154817,-0.21442113859971487,0.1259375575399045,0.1260524870440324,-0.5433932365079721,-0.6040801454835051,-0.21627377772628553,-0.48936716363304483,-0.8286934261859262,-0.3526463920123809,-0.3438135512822747,-0.3526463920123809,-0.18616667411993612,-0.2611711473951012,-0.2611711473951012,-0.8170252223476023,-0.8170252223476023,0.3986532546235257,0.6560940902160892,0.8721485057999154,0.8510466329889528,0.7878971981591024,-0.25295268540261645,0.7659229207973303,0.8064025854366254,0.8066273274520767,0.8064025854366254,-0.23551318624792747],[0.9999835372077113,1.0,0.9702041201916674,0.9992371671793471,0.9939250350225354,0.999983537207711,0.9785692340236353,0.9698536977623973,0.9783579049924376,0.9594110924054242,0.9804808725015111,0.9786189319972725,0.9785799828373002,0.9784037792077166,0.9052898234896479,0.8962778488411282,-0.2771636620441056,0.9838580099523582,0.9838303447092764,0.9786809710268568,0.9786725377289505,-0.14031885486073045,0.9689592820073745,0.9719011634448488,0.971970211961507,0.9619754845225813,0.05221297472320847,0.15280080370705165,0.9761792198964442,0.9762360710882576,0.9715428696915245,0.14576991920806928,0.9878046986790541,0.9878780090338937,0.9886405860807151,0.980669878757263,0.9862677867063999,0.9878509372864765,0.9068082062993885,-0.2836626249422349,0.9887141183838457,0.9886957750359358,0.9887141183838457,0.8879070170435478,0.5448258967631948,0.8682329657712281,0.8816125034178166,0.7914120190305027,-0.4353339259370984,-0.5457802967029075,0.8274107197957605,0.855987635201195,-0.18655163952833134,0.9339116774390572,0.9339967648192579,0.9254290687601131,0.9351639496078376,0.9134309769583113,0.9130849051820076,0.9200636193152636,0.9207797801714306,0.9200636193152636,0.7812710998271705,0.7419699730670885,0.744231324264578,0.7419699730670885,0.9294607248269604,0.9344887641553602,0.9293529659887895,0.930532377210751,0.9293529659887895,0.45248326405217787,0.3933953787821689,0.5140023357414202,0.6185547328514714,0.49960481119127825,0.5392091005127982,0.5401038198727199,0.5392091005127982,-0.21892521786357838,0.8711967144279663,0.906994520343609,0.8938275140115832,0.9324494431148677,-0.10158725525716293,0.8654401022645095,0.8658391243258268,0.8654401022645095,0.8764505076679049,0.8764505076679049,-0.25925048942739903,0.5565759178972272,-0.3795417386289257,-0.6653791723293342,-0.46849025118145626,-0.4719371779783851,-0.31165377978250913,0.22608898310450626,-0.2204359100256214,-0.4036660713443052,-0.6021213326679297,-0.29292019172643785,-0.4987737496802812,-0.34696661315352967,0.10091056872212883,0.09629321735592065,-0.4909379743441637,-0.44704459108070665,-0.475205451290048,-0.5048575148964034,-0.49730918652655653,-0.4772913706267427,-0.4805762861947768,-0.4772913706267427,-0.35908125633659815,-0.500492619214312,-0.500492619214312,-0.4735130078568216,-0.4735130078568216,0.39820028932783724,0.4107702105590047,0.5177905239141559,0.5993877885205288,0.5739409720904132,-0.3951197063529471,0.37886433573934575,0.36904382593937,0.36913993746872553,0.36904382593937,0.11239851548096591],[0.5765226445352393,0.9702041201916674,1.0,0.5702823756147977,0.46275740153422823,0.5765226445352392,0.5647357034587394,0.5533398236397417,0.4675511762553798,0.40881597442443635,0.9966659424810398,0.564754010123516,0.5135577068562908,0.5650782528490641,0.5535127317654389,0.5857786125376354,-0.11119133717998028,0.511387179000231,0.5104922508497227,0.4645932944229191,0.5636610472411233,0.21153624041893762,0.7039143711744124,0.5325750601524606,0.532295082684775,0.9841752136592878,0.2969574949627223,0.17729288966871995,0.5293317637019817,0.5288378079444462,0.7657343945954431,0.01143772742829893,0.5627942043335245,0.4660659096489558,0.5479072932257568,0.356472452671834,0.994016974118768,0.45398795177756024,0.5511056278277292,-0.11766789478528637,0.5788749929359099,0.5608301205196449,0.5788749929359099,0.8929621237388596,0.38916748825128267,0.9051718986103359,0.8707830071033829,0.6518992870167805,0.20086552894431436,-0.015646650073777843,0.056455977321400425,0.4295552816960007,-0.07430540507551187,0.5199780874525095,0.4561064955093404,-0.0687200800497222,0.6964234337293339,0.6484835896770959,0.49388929868531717,0.6547740043440876,0.7156687530212439,0.6547740043440876,0.3441438366001275,0.5488194685322396,0.6457035821968952,0.5488194685322396,0.5695671541907791,0.624545395951303,0.6656255120751928,0.7358625872710635,0.6656255120751928,0.21399183984689946,-0.08486904150302833,0.2331119894298375,0.14332191750826712,0.2331113443361349,0.26190237226060326,0.4003733921218982,0.26190237226060326,-0.17383943004115157,0.44986651336874967,0.8131368356867563,0.5348783997332336,0.7321370816644799,0.06826187306409905,0.514725011526125,0.5148069612414469,0.514725011526125,0.6354098421366071,0.6354098421366071,-0.28301007753799745,0.7215619375735508,-0.2238989540206968,-0.5551690592971342,-0.39215774797327113,-0.39573321291912356,-0.393875946235536,0.01889444097764153,0.023989596092946312,-0.26525225175978073,-0.537657153147962,-0.13751991326378857,-0.23198199653373924,-0.21295959859002,-0.019827143842379685,-0.023647207088201644,-0.4519504518962868,0.005745318673843031,-0.2227232961139204,-0.4856138122022592,-0.11852600048580611,-0.3610716765610012,-0.23710745428996716,-0.3610716765610012,-0.4279407094960768,-0.5075845717359335,-0.5075845717359335,-0.24373306920968899,-0.24373306920968899,0.326571562665208,0.13901508006331914,0.2468727753782356,0.490471188225569,0.22168602980906807,-0.3111819148728703,-0.03609212511909414,0.4477485197463486,0.5615447062627629,0.4477485197463486,-0.04365636577168939],[0.9997036962395733,0.9992371671793471,0.5702823756147977,1.0,0.9986535428440992,0.9997036962395731,0.9925353726882649,0.9886354255672555,0.9935286948075279,0.9710742079785238,0.9873787026729699,0.9925675528743825,-0.13090298880461312,0.9926043235778763,0.9794190381542158,0.9770281824849293,0.4283847108452594,0.993419393338503,0.9934070378610538,0.9844501271347728,0.9925465813668187,0.4378870143648152,0.6735700317079615,0.9810744225681113,0.9810521119945453,0.9717481294589271,0.30683344799857143,-0.1279177842240765,0.9895226644003503,0.9894918298477675,0.27130005498056425,-0.20120735198203846,0.9946218740557077,0.995754713241703,0.7735058655902498,-0.39443497877486716,0.99139383731317,0.9957688524136066,0.980547506530605,0.41022260905783575,0.9922259796872884,0.9946920581685085,0.9922259796872884,0.8863370878809662,0.6557023331535763,0.876190565372053,0.8785670466940824,0.7697416390474839,0.3812916150571035,-0.14133468657339923,0.18521275574882995,0.9394610172896832,0.44089150553979634,0.9724970196812537,0.9682410053522791,0.8918055228510714,0.904108404818523,0.9189015807308311,0.9051293030530363,0.9111234269568905,0.9121974866626281,0.9111234269568905,0.8367085641269625,0.893544182736651,0.8947490599639686,0.893544182736651,0.8932364752484966,0.6706124934148057,0.8285767754589182,0.8302192754606889,0.8285767754589182,0.6121476430217794,0.10299733549897018,0.5872649029783361,-0.5980823425051809,0.48922754228035115,0.2889184709295543,0.5170821454541258,0.2889184709295543,-0.10944297361910472,0.8781608166050457,0.9063763947868836,0.8887442121565594,0.8908969487714787,0.4239229715244442,0.8761592323269631,0.8775038070488308,0.8761592323269631,0.868927716954763,0.868927716954763,-0.16388251293952735,0.5836276332733346,0.19796283008165128,-0.5789206620993562,-0.5723005771720922,-0.5758146608545279,-0.05767932183632794,0.056460753766847886,0.24954370871079654,0.11588274364726311,-0.4080756919801792,0.04524692411060602,-0.7997902421701828,-0.2225154082664663,0.11478327244623328,0.11494465939493832,-0.5509449087215633,-0.6009479444067957,-0.21806134668520702,-0.5017037467150366,-0.8311246957208106,-0.3545295764440104,-0.34626498943958334,-0.3545295764440104,-0.19569587239449665,-0.27147569165428287,-0.27147569165428287,-0.8173053849780565,-0.8173053849780565,0.3853158685536254,0.644116673802468,0.8645834079838661,0.8435429288075442,0.7806226459452504,-0.26662073602413927,0.7570422286655767,0.7978256691010992,0.7980530973254131,0.7978256691010992,-0.22036639676537897],[0.9975094679720796,0.9939250350225354,0.46275740153422823,0.9986535428440992,1.0,0.9975094679720796,0.9968064769317093,0.9948667645662211,0.9969939093938571,0.9608303523714601,0.9954300748060892,0.9968256134901349,-0.3399836300894436,0.9968565839954007,0.9765825084833202,0.9700941983335415,0.23214157924879453,0.9973920861015042,0.9973858845137429,0.986187748080029,0.9968115808995579,0.07226659344883857,0.6353780882618474,0.9906887878483239,0.9906447936986046,0.9850745050984075,0.057081901182099055,-0.11286274990970876,0.9876616451220473,0.9875969373938009,-0.04270283282623623,-0.09867522475879212,0.9977188856316904,0.9976546665381437,0.7510357511865942,-0.5355654399452057,0.9971755242556276,0.9979146651696835,0.9755672239736239,0.20831615070985302,0.9976721530000546,0.997672510296748,0.9976721530000546,0.9014558272122143,0.616583711377541,0.8975240182081189,0.8825147630997663,0.7366203218185029,-0.0994686298958878,-0.5808083323555376,-0.2348917891795474,0.9248496794571341,0.29574623209421647,0.9660875799603189,0.9661343308723378,0.8862625906735265,0.8819347761468612,0.9047145918198691,0.8901921499543471,0.9028309496350755,0.9032574646554447,0.9028309496350755,0.8068055309710022,0.8365435265909715,0.8379408242960262,0.8365435265909715,0.8801261799606367,0.7733023161123201,0.8599246456867516,0.860922076453064,0.8599246456867516,0.5632528570710275,0.42742462071298537,0.5465621778916958,-0.6415073445780441,0.5437875965857351,0.5209416359097581,0.5204526311049441,0.5209416359097581,-0.12996460944987973,0.8570831482367499,0.8758660047176526,0.8611302324322404,0.896076367108391,0.27936215922050434,0.8582578275904302,0.8595756207053159,0.8582578275904302,0.8662576524877684,0.8662576524877684,-0.20687159081821244,0.6420662707273201,0.051673262890509726,-0.6139880481179585,-0.6295755994107897,-0.629940309061885,-0.09377275068674343,0.07833575752951055,-0.14960099066443755,-0.13717794067758493,-0.4942938974329492,-0.3275372003099647,-0.862716678096334,-0.5203168472714894,0.08067998195320977,0.08067281803743837,-0.581485199460782,-0.5924790499490793,-0.515551436218187,-0.5446860234276322,-0.7979069798604623,-0.5714179186570109,-0.5741145238384795,-0.5714179186570109,-0.23962202804920993,-0.3101602185182948,-0.3101602185182948,-0.7639966943330176,-0.7639966943330176,0.3653981474449026,0.6226001447337665,0.8143096511007973,0.7890315294355661,0.7676654103575516,-0.40495762136717955,0.6062903985121263,0.6883237936455392,0.6886137997225754,0.6883237936455392,0.012490233176850597],[1.0,0.999983537207711,0.5765226445352392,0.9997036962395731,0.9975094679720796,1.0,0.9909533375900421,0.9865738687477441,0.9916093509328509,0.9732830796488261,0.9824909862543668,0.9909974342261288,-0.12660688030931805,0.9910617967860669,0.9779775707689694,0.9755848452069307,0.4426483343017981,0.9920605665334518,0.9920460194316206,0.9840329922047042,0.9909846208023833,0.44661720218919226,0.670129331217755,0.9781371623316832,0.9781145589612071,0.9617490473094942,0.3116699106463046,-0.12067435304428238,0.98981208590856,0.9897710066425058,0.2796604483079279,-0.20042694864419439,0.9938364023858528,0.9946902345952041,0.8136352355229811,-0.3887373735764223,0.9878182857304938,0.9944644138608226,0.9800229641985764,0.42485071572316846,0.9940196234036598,0.994006147237155,0.9940196234036598,0.8879622583839626,0.6684614117998784,0.8681741653919287,0.881838243636321,0.7921280010387611,0.38679212700555243,-0.1353765336245729,0.19170807886308183,0.9452432430479497,0.4570228116162382,0.9768176235788346,0.9710754512247759,0.9157765530773848,0.9128301710603495,0.933755153220589,0.9101290105343632,0.9305769379148778,0.9313505674294105,0.9305769379148778,0.846492552488683,0.9070807491572519,0.9081760491043861,0.9070807491572519,0.8975932793991094,0.7373697895330029,0.8723247302810576,0.8739288407674195,0.8723247302810576,0.622174174629771,0.3110449416465439,0.599254061669075,-0.5929233896037349,0.49579581009066875,0.5477856336738586,0.5491148024863317,0.5477856336738586,-0.10251044239172033,0.8848554767186831,0.9168497193623188,0.8986530295506817,0.9172656623135449,0.43735666996065287,0.881873083676996,0.8830499778207893,0.881873083676996,0.8910084642236455,0.8910084642236455,-0.1576716168419698,0.5569276134442558,0.19322234365298266,-0.5682231264168491,-0.5644660770052202,-0.5680747754548373,-0.044993112850201016,0.061994443927911105,0.25676224901577566,0.1287940026531677,-0.39519203055510177,0.05193735983868752,-0.793014607154817,-0.21442113859971487,0.1259375575399045,0.1260524870440324,-0.5433932365079721,-0.6040801454835051,-0.21627377772628553,-0.48936716363304483,-0.8286934261859262,-0.3526463920123809,-0.3438135512822747,-0.3526463920123809,-0.18616667411993612,-0.2611711473951012,-0.2611711473951012,-0.8170252223476023,-0.8170252223476023,0.3986532546235257,0.6560940902160892,0.8721485057999154,0.8510466329889528,0.7878971981591024,-0.25295268540261645,0.7659229207973303,0.8064025854366254,0.8066273274520767,0.8064025854366254,-0.23551318624792747],[0.9909533375900421,0.9785692340236353,0.5647357034587394,0.9925353726882649,0.9968064769317093,0.9909533375900421,1.0,0.9972180691391588,0.999968336491268,0.9521546763274973,0.9996003563908689,0.9999962138083704,-0.1444788751108627,0.9999925558295204,0.9908518044443425,0.9847779978532956,0.3798430329503262,0.9998390302973539,0.9998391517586904,0.9886291011907669,0.9999964116204396,0.3447840061656251,0.6745309790329957,0.9844036879837559,0.984699642713308,0.9863852388174216,0.22884128128047285,-0.18651742635433707,0.9920884622741499,0.991827500199188,0.1712938933663043,-0.2512374949135508,0.9992976088760175,0.9993906809445656,0.35764395832152096,-0.327312475258297,0.9987157189369298,0.9993077284948083,0.9881265811437884,0.36016817171653126,0.9325558507154112,0.999026206011558,0.9325558507154112,0.9101941977098913,0.620452242411361,0.9197300390522967,0.8918170220172877,0.6908956805928034,0.4132360578944501,-0.08371875656990324,-0.21057826370052565,0.9234728704605165,0.3998750709808961,0.9682659950251278,0.9613234643827009,-0.07983271067199467,0.8327582800470261,0.8044652278694914,0.8517516089695968,0.7979044314111904,0.7650635183679824,0.7979044314111904,0.7633373455594604,0.7652420220056151,0.7628959141300535,0.7652420220056151,0.839244795137618,0.31445624529017874,0.530461683791428,0.6116469088903193,0.530461683791428,0.530930282228829,-0.36074387455150025,0.49284680041335155,-0.6611515265487509,0.41136586559930505,-0.12700314073589308,0.3736944561000986,-0.12700314073589308,-0.1534951666694415,0.8148421031656415,0.8253756797175161,0.8141275198642358,0.7380249475439118,0.37436013762872555,0.8176587553266726,0.8195693658069271,0.8176587553266726,0.726019730640532,0.726019730640532,-0.24385468278725012,0.6912563616483857,0.2524865414243055,-0.5966219871674293,-0.6152066591635593,-0.6182461927487496,-0.10906589767203599,0.004314960959589474,0.35422003544010405,0.0773963260423535,-0.43440878718666165,0.09698786041663833,-0.8269662095406063,-0.12605242359723526,0.043338441092045,0.0435724054910966,-0.5965655592588827,-0.6070367663974136,-0.05755475095674339,-0.5815253204324907,-0.8434985490706518,-0.3507382956557796,-0.17771101175876422,-0.3507382956557796,-0.27500528570895855,-0.32104550509802565,-0.32104550509802565,-0.8367663159475667,-0.8367663159475667,0.3630445174449823,0.6002280546158137,0.4983979502292111,0.8066975305540699,0.7575429052263816,-0.3243605586625015,0.05994898862730113,0.7627076569264483,0.781413568493953,0.7627076569264483,-0.14537187552476108],[0.9865738687477441,0.9698536977623973,0.5533398236397417,0.9886354255672555,0.9948667645662211,0.9865738687477441,0.9972180691391588,1.0,0.9994763815777806,0.94390096680388,0.998326440912426,0.9980152844861963,-0.15375156738056545,0.9990201170914869,0.9895215567926781,0.9771536623046233,0.3577271445487944,0.9990709857362292,0.9990726646802199,0.985722873394012,0.9991787749196513,0.3176636364794626,0.6739463635579426,0.9919540345222274,0.9824208979950912,0.9822009671571365,0.20924226235194968,-0.20141153466021539,0.9883667574182993,0.9917784698496848,0.15095767902837995,-0.25812938209330155,0.9981522706944346,0.9980581643324037,0.33698457183892044,-0.3347796962726399,0.9961877012118269,0.9979012425106674,0.9873227013944966,0.33756814867619017,0.9238198692294142,0.9979823257287019,0.9238198692294142,0.9075270064378812,0.6044994639300932,0.9201274881972473,0.8876597318083473,0.6635788011873379,0.39969736963033475,-0.09954126797544394,-0.224271160492728,0.9141277438081329,0.37869560419731385,0.9634383850728879,0.9556786794241768,-0.09074718271298864,0.8181639172121883,0.7859802935656801,0.8415740759173198,0.7806412421806953,0.7515114542391528,0.7806412421806953,0.7485461638493054,0.7441324901106435,0.7481150335087494,0.7441324901106435,0.8293462822555245,0.2927245496283916,0.5074592560495798,0.5935117654267246,0.5074592560495798,0.515601511139489,-0.3766750217543184,0.47568660819455777,-0.6702948443200213,0.40152529237319334,-0.15079819758944105,0.355383482676362,-0.15079819758944105,-0.16087125805605007,0.8028633597081523,0.8063751466204551,0.7984820633529728,0.7218539889131547,0.3568065526595174,0.8063256580056867,0.8084619454073259,0.8063256580056867,0.7058200952070433,0.7058200952070433,-0.2608466106337445,0.7206628684784142,0.26050625673150457,-0.6067216520471586,-0.6293296500562798,-0.6321694833748965,-0.12486055837954689,-0.004471358034146352,0.3472715370932113,0.05757949015279239,-0.44812967711166823,0.08755380037784823,-0.8340130860114674,-0.13268880151341814,0.02653628575972056,0.026785062153484966,-0.6094501817494603,-0.6083935008768597,-0.06456160136107664,-0.6003488272648151,-0.8439252508937117,-0.36299600378043223,-0.1841064468255971,-0.36299600378043223,-0.29418225073558435,-0.3359535596728693,-0.3359535596728693,-0.8355773126576562,-0.8355773126576562,0.33958636180662827,0.5819562906624737,0.47866465719021245,0.7881669803988994,0.7439486159311496,-0.34768066659637525,0.04505706090777201,0.7429076081042078,0.7652311949156686,0.7429076081042078,-0.12746963317528856],[0.9916093509328509,0.9783579049924376,0.4675511762553798,0.9935286948075279,0.9969939093938571,0.9916093509328509,0.999968336491268,0.9994763815777806,1.0,0.9509262545644837,0.9995484769710693,0.9999693295306235,-0.31577919502732404,0.9999738143280166,0.9822376756974723,0.9736483713025017,0.2722873550907107,0.9997820532269084,0.9997826423650288,0.9884312904199384,0.9999662429867362,0.12020552663593187,0.6330945053977064,0.9942373238655542,0.9941832140175262,0.9861777736925578,0.039345465640345315,-0.1262551188797921,0.9906273601680142,0.9905897339550579,-0.025087751076085327,-0.2117323674271432,0.9993202396936222,0.9992777587860516,0.7625985930365012,-0.5254288337875697,0.9986277632076921,0.9992864151874461,0.9796159393935053,0.24914208354878842,0.999162646770166,0.9991680626622051,0.999162646770166,0.909998701680067,0.621396277720426,0.9191299563205556,0.8908253369258665,0.6902405003103811,0.007758475154651497,-0.5271429937217599,-0.18463292506047663,0.9186048321103335,0.348267502625402,0.9624532022130156,0.9615448753263753,0.8578786600178193,0.8334661970170439,0.8773117384092497,0.8525504174675341,0.8754845592968457,0.8762185684780726,0.8754845592968457,0.7622861060113092,0.8178277464191043,0.8195477851676952,0.8178277464191043,0.8405839724134851,0.7334575507991762,0.8288434425108824,0.830305384923988,0.8288434425108824,0.5300456642703435,0.3517984209025888,0.4917399565082053,-0.6887172802332706,0.4700875286674201,0.433923910659197,0.433949724756299,0.433923910659197,-0.11026482600452173,0.8152226337029063,0.8251280360887385,0.8143021213175308,0.8683497132935627,0.29975857067161804,0.8236155381353413,0.8259826299671678,0.8236155381353413,0.8316303862655684,0.8316303862655684,-0.24611331195015898,0.6913346147994283,0.07621028977775336,-0.6089819468334423,-0.6562490312326011,-0.657135681044542,-0.1127390389792543,0.0063664633377289595,-0.15672139755409512,-0.10731599104790354,-0.48192563109456754,-0.3583384848766108,-0.8772693208827446,-0.5589435214387838,0.041665939070821785,0.04267861807102892,-0.5984828467867493,-0.6031341199268947,-0.5251322300850045,-0.5836667027355762,-0.8181818444316834,-0.5950128273384392,-0.5971116493310216,-0.5950128273384392,-0.2775105651184613,-0.32466769912769655,-0.32466769912769655,-0.7977667720786162,-0.7977667720786162,0.3631718883140354,0.5988113359648722,0.8220987633052631,0.8007874628596953,0.7558864649360663,-0.35313253816749135,0.6398378469839081,0.709490708990552,0.7096501614652228,0.709490708990552,0.09561333222594204],[0.9732830796488261,0.9594110924054242,0.40881597442443635,0.9710742079785238,0.9608303523714601,0.9732830796488261,0.9521546763274973,0.94390096680388,0.9509262545644837,1.0,0.9256197305581016,0.9521878570469385,-0.2534546596414658,0.9518450084960605,0.9211134104597584,0.9126589913093962,0.07751237930740192,0.9576960261772515,0.9576723344834897,0.952331114279728,0.9523221490669878,0.04868340904873585,0.6807975426922237,0.9540940199330329,0.95430680460072,0.8310179289560748,0.14154629585524758,-0.10845317601888536,0.9606588394932031,0.960789290132622,0.12246213420877819,0.059339176557902315,0.9620077553403752,0.9622945840259816,0.855212903169846,-0.4476618950065827,0.9371207891887279,0.9611576701775005,0.9287359907940619,0.05491242329911753,0.9633730302699143,0.963336486624993,0.9633730302699143,0.7848452109383263,0.41661587827538266,0.7511621474644617,0.8620510372367621,0.8318057830402918,-0.5531686734931291,-0.6864754359039532,-0.30222316493896306,0.8691449024846793,0.06397707410979267,0.9036408274025858,0.9036913067039519,0.8616532378719716,0.8564226550970234,0.8868164993318916,0.8647700559592898,0.8788127844393583,0.8796256228807499,0.8788127844393583,0.8057805295585087,0.7844698133644313,0.7865694042191372,0.7844698133644313,0.8570768662206216,0.8767098052583124,0.8552211972167786,0.8559981515768205,0.8552211972167786,0.6280810812647596,0.5478935521253623,0.6293640370704111,-0.4072719775769561,0.6506608877106932,0.6712441372078386,0.6743039512971315,0.6712441372078386,-0.26844075712843773,0.8619285840084845,0.9220680543871094,0.8796511311436735,0.8774939328830167,0.1726656126523061,0.8541057198412062,0.8554322894039428,0.8541057198412062,0.8656109182026807,0.8656109182026807,0.01327760164489487,0.30282073554629224,-0.09157800074274677,-0.5189920825367239,-0.4032435930723876,-0.40522853797080316,0.051933015754010686,0.3900905088872325,0.09200562849503788,-0.043408701056720296,-0.3711121870595832,-0.003456525938690831,-0.8110551586829715,-0.16512572901192882,0.2786507316871296,0.2778116000417843,-0.36409392434347515,-0.4389401036154423,-0.31952195011296336,-0.32562145007682025,-0.6844345266304183,-0.3405472383808455,-0.34258748699569935,-0.3405472383808455,-0.06878096533227522,-0.35845409765713154,-0.35845409765713154,-0.5388793776694135,-0.5388793776694135,0.5640569938296274,0.6707517134297564,0.7601369861566719,0.671122966298336,0.8369366279906001,-0.4488415118797718,0.38532524982418936,0.5607536139355618,0.5610358278849841,0.5607536139355618,-0.22873900411463055],[0.9824909862543668,0.9804808725015111,0.9966659424810398,0.9873787026729699,0.9954300748060892,0.9824909862543668,0.9996003563908689,0.998326440912426,0.9995484769710693,0.9256197305581016,1.0,0.9995976749010294,0.999593954467404,0.9995501059384367,0.9369395287297776,0.9201542020447633,-0.3904692459586127,0.9997420594572142,0.9997459478920365,0.9996047127093505,0.9996046173337045,-0.2611132434061919,0.9628108150272625,0.9926258421337862,0.9925997139514492,0.9892843072273045,0.03024051125338267,0.08262688837080445,0.989444207822424,0.9894967347641003,0.9722233014382299,0.0190193643811798,0.9987358349776376,0.9986787571049296,0.9984937247031018,0.9992556229940894,0.9992151413685397,0.9987388508560812,0.9279172310898013,-0.4007078886266649,0.9984316334832423,0.9984426419616467,0.9984316334832423,0.9036054541993501,0.47426422129522156,0.9148172155194798,0.8886705325117236,0.6915910713513412,-0.5329922804608145,-0.6563528290487568,0.7931965326746304,0.8070979724343225,-0.296386920105015,0.9219161040565677,0.9221159191127877,0.8571580090810542,0.8667614307712507,0.834126455537189,0.8367218958076339,0.8432311275078559,0.8441539740092353,0.8432311275078559,0.6718719946588567,0.6264931364927733,0.6291814508812819,0.6264931364927733,0.8675738389029584,0.8765180083357768,0.8661480107965305,0.8675984858842847,0.8661480107965305,0.32182308243559293,0.25167191221108787,0.37937651724149335,0.5032518274175491,0.37478252340209234,0.42213764761849026,0.42479426944486204,0.42213764761849026,-0.41248114167568456,0.7793327153280656,0.8295089389968411,0.8097599509043543,0.8659058824947876,-0.15479498880344672,0.7723481382539045,0.7728861371788927,0.7723481382539045,0.7866278869261806,0.7866278869261806,-0.3064004392824119,0.6826922396949757,-0.39868271610503747,-0.7022724786206395,-0.5478017765394257,-0.5501210291595084,-0.37140291253512697,0.1595154314647162,-0.27651139391481483,-0.4522907388410433,-0.6474310050633535,-0.35437688468938644,-0.6217518565257012,-0.4202758238753333,0.030490546899896692,0.026813295961728625,-0.5656780942514497,-0.5310060054923403,-0.5499378978222066,-0.5840668134387037,-0.5782786644891281,-0.553137906268428,-0.5561314600966287,-0.553137906268428,-0.43966322670789454,-0.6060258645647433,-0.6060258645647433,-0.6071671795556333,-0.6071671795556333,0.35829875811820905,0.35393313014441913,0.47021463372878575,0.5523270563614076,0.5497354269715449,-0.5535127321192315,0.29419549559616026,0.31297043918119727,0.3131384665663306,0.31297043918119727,0.21758551923464248],[0.9909974342261288,0.9786189319972725,0.564754010123516,0.9925675528743825,0.9968256134901349,0.9909974342261288,0.9999962138083704,0.9980152844861963,0.9999693295306235,0.9521878570469385,0.9995976749010294,1.0,-0.14414593951966415,0.9999944161324154,0.9908456159081599,0.984843626046233,0.37992996796204453,0.9998404423171728,0.9998405390140366,0.9886721543477335,0.9999970461662866,0.34511571445665856,0.6746031023454534,0.9898293454850363,0.9846885491635515,0.9863669989265414,0.22912014986769763,-0.18646198571519365,0.9920904808859974,0.9918398933025692,0.17153905437344003,-0.2512053780124765,0.9992998904674123,0.9993951192339463,0.3576160202684532,-0.32709231700184505,0.9987176168334297,0.9993163676518467,0.9881181353096109,0.3602620234586184,0.9325386457526542,0.9990291697524288,0.9325386457526542,0.9102231415590958,0.6206117968956124,0.9199663687052925,0.8920472809527785,0.6910485168263539,0.4136437391186604,-0.08325097925546324,-0.21019711483051443,0.9235584668998625,0.3999666612126346,0.9683636365154783,0.9613951854578391,-0.0796346611795703,0.8329208808966554,0.804574455299111,0.8518727348905464,0.7980112822023419,0.7650024113443705,0.7980112822023419,0.7634171801892987,0.7653043351812038,0.7628290935271825,0.7653043351812038,0.8394074666093914,0.3143240657882692,0.5304718071391991,0.6115548709869487,0.5304718071391991,0.5308707196725321,-0.3607650821705486,0.4928011143259574,-0.6610421791192119,0.4112492900289156,-0.1271361429486983,0.37373510001203375,-0.1271361429486983,-0.15364655716175396,0.8149163595438155,0.8255200250582867,0.8142277637640227,0.7380167661548913,0.3744548123373366,0.8177459730078802,0.8196514225662517,0.8177459730078802,0.7260989882557493,0.7260989882557493,-0.243838251240248,0.6912625927930914,0.2526066526985672,-0.5966310820606799,-0.6151201119579046,-0.6181653241082636,-0.10914846049191687,0.0041644816691147075,0.35439642317063424,0.0774242420802636,-0.434444529658381,0.09725595983052952,-0.8266895478626091,-0.1257521646258947,0.04337749814811093,0.043626923464219106,-0.5965537383325424,-0.6068493531231121,-0.05729686258317473,-0.5815035110797501,-0.8433866111500562,-0.3505024488040319,-0.1774962184190059,-0.3505024488040319,-0.2748601181265702,-0.3210052444565192,-0.3210052444565192,-0.836711055189439,-0.836711055189439,0.36354892390715504,0.6003817931873678,0.4986543882515612,0.8069641976939242,0.757632553990653,-0.32412899756238234,0.060241128226221755,0.762966467752984,0.7815352640464526,0.762966467752984,-0.14539708470651716],[-0.12660688030931805,0.9785799828373002,0.5135577068562908,-0.13090298880461312,-0.3399836300894436,-0.12660688030931805,-0.1444788751108627,-0.15375156738056545,-0.31577919502732404,-0.2534546596414658,0.999593954467404,-0.14414593951966415,1.0,-0.14352473637892324,-0.14433292311422619,-0.12052729901531105,-0.2939141852974252,-0.14496509901837168,-0.14545861404491828,-0.26697050384966775,-0.14505526797089155,0.026473086437870552,0.30933066550752614,-0.17800356554178967,-0.1783402861702078,0.9863466828726187,0.24923584908875623,0.18655485368738725,-0.1812371196739329,-0.1818527666027521,0.5377089118614399,0.1210518383460727,-0.1423740542694377,-0.3011372820636091,0.16876073147364465,0.959113961330839,0.9987159538324771,-0.3324979854263418,-0.14202938918475827,-0.28383607108862485,-0.1427025483177069,-0.143614076935241,-0.1427025483177069,0.9103034639098427,-0.11766112179541766,0.9199404417387602,0.8919933737941323,0.6910354301927837,0.08446872553339502,0.2533146941380418,0.6446575619241056,-0.26358454006398785,-0.297232414955895,-0.06261185568901743,-0.29759832547671183,0.032291540984454754,0.28480936605176427,-0.01604529866651458,-0.29671042227831507,-0.013824353762643786,-0.004111905688093236,-0.013824353762643786,-0.4023239354004391,-0.10150251323238926,-0.10362897177709557,-0.10150251323238926,-0.1954134479403628,0.07376453555886642,0.05072506684077901,0.050676490453830714,0.05072506684077901,-0.40516987597355686,0.006905032302672946,-0.36926862478070105,0.6205715761887507,-0.33765338317454413,0.008973545787159014,-0.05705646801637252,0.008973545787159014,-0.3070586555378395,-0.33113028914091713,0.8254915622452821,-0.10688322337502232,0.01907544564787964,-0.22113260392039252,-0.25462471325585784,-0.2541319794699604,-0.25462471325585784,-0.022187118548321262,-0.022187118548321262,-0.22424929098742352,0.6911930734569957,-0.16178859056314834,-0.023077288243958115,0.1956357483749116,0.1941956074565218,-0.2524689849997505,-0.007972537112012788,0.0196456438271234,-0.17529666385970907,-0.11370948737419925,0.040974228342400935,0.3822316971703953,0.11269229439382863,-0.03923962685208674,-0.04318835598413085,0.08402219944494728,0.5689611064548911,0.09075024012035846,-0.1974395168955259,0.6106361014033939,0.09449687304991153,0.1025962414223021,0.09449687304991153,-0.2394499464903267,-0.1976295389666029,-0.1976295389666029,0.3215936413847979,0.3215936413847979,0.36365717264352715,-0.25034213792997584,0.01897985044788468,0.09273231465353599,-0.24543557848224906,0.070885324813003,0.15482690131119559,0.10610037141122931,0.10601263730296391,0.10610037141122931,0.1253491854791402],[0.9910617967860669,0.9784037792077166,0.5650782528490641,0.9926043235778763,0.9968565839954007,0.9910617967860669,0.9999925558295204,0.9990201170914869,0.9999738143280166,0.9518450084960605,0.9995501059384367,0.9999944161324154,-0.14352473637892324,1.0,0.9902796404163915,0.9842336783798792,0.3800441558502629,0.9998434690112527,0.9998434812110281,0.9888305491704545,0.9999944288759867,0.3458028566735171,0.674447107985335,0.9933159766873352,0.9932052872657123,0.9862500537484201,0.22940815387732127,-0.1865059990421294,0.9928380812849373,0.9928829792011772,0.1723321685421282,-0.25103308843373734,0.999349970235791,0.9993941256819832,0.35655697319767476,-0.32623278345187495,0.998656391270078,0.9993194533222236,0.9882504879565567,0.3604013570594783,0.93202588583737,0.99908506915654,0.93202588583737,0.9105019211636166,0.6213452636723436,0.9203148647922288,0.8924036800981197,0.6907367805273816,0.41506201293869177,-0.08163181328593765,-0.21040131995087516,0.9239556386919822,0.40025397412057895,0.9687836018016679,0.9617583833114249,-0.08066657642011284,0.833205390700817,0.8044951434820317,0.8521338990315793,0.7979726666763454,0.7645978343124725,0.7979726666763454,0.7636150769244635,0.765259224060824,0.7632480833613527,0.765259224060824,0.839758734107433,0.3136344582539697,0.5299539134472459,0.6115862617731047,0.5299539134472459,0.5307017049713153,-0.3619511418783872,0.49270341379599836,-0.6611963783344672,0.41085509637532447,-0.12815417392298512,0.37338369584948783,-0.12815417392298512,-0.15358967885370448,0.8150538593810116,0.8251311797289521,0.8143307897765103,0.7283008841744802,0.37484143449424867,0.8178713040718711,0.8197658788299306,0.8178713040718711,0.7259054873045039,0.7259054873045039,-0.24547960006342676,0.6921567428651286,0.25311907879252593,-0.5966173784882279,-0.6155078671104366,-0.6185577943021884,-0.11034011527409449,0.002893706135288202,0.35470220805777014,0.07696420115383151,-0.4347151739533377,0.09733290575773557,-0.8258085192324196,-0.12559359954780974,0.042322028080216616,0.042566186753466115,-0.5972010277035222,-0.6071387655165619,-0.056708480805559874,-0.5828736202493628,-0.8433748437700784,-0.35043843392937446,-0.17693012213134696,-0.35043843392937446,-0.2758765441597921,-0.32149242789137034,-0.32149242789137034,-0.8370607381045533,-0.8370607381045533,0.36371584789874417,0.6000509418557051,0.4981010777702448,0.8074135950357999,0.7570635742661392,-0.3236460967375943,0.059557227446378716,0.7633688002273002,0.7821433925842877,0.7633688002273002,-0.14506996673691305],[0.9779775707689694,0.9052898234896479,0.5535127317654389,0.9794190381542158,0.9765825084833202,0.9779775707689694,0.9908518044443425,0.9895215567926781,0.9822376756974723,0.9211134104597584,0.9369395287297776,0.9908456159081599,-0.14433292311422619,0.9902796404163915,1.0,0.9973785395254767,0.39071590813043916,0.988918930425833,0.9889203394513321,0.973993954372587,0.9902076760823306,0.3431266333631698,0.6560902419586913,0.9828999897205567,0.973866890539771,0.8425956795554033,0.2215366544776172,-0.1877003331662796,0.9849722370521036,0.984826721377443,0.16886216038872504,-0.25583753827677974,0.9901049091044911,0.9832850876590312,0.3464206009240597,-0.3226395485363155,0.9385573631793285,0.9811392619925564,0.9985273642935932,0.3713457423613308,0.9206446131138432,0.9898819880777168,0.9206446131138432,0.8507197439082733,0.6188167206576592,0.7696083978290322,0.7417937776628538,0.6452012770941515,0.4158443958528153,-0.07579776477406827,-0.2114620706334919,0.9130765642563642,0.40350526000854237,0.961770629334627,0.9473461165784977,-0.087700608409027,0.7799722539735574,0.7914030125437455,0.8256332889360579,0.7844800349044656,0.7586849685061327,0.7844800349044656,0.731739247677177,0.7541693065475475,0.7572776079813693,0.7541693065475475,0.8079669160448653,0.3039513785800634,0.5178943347863681,0.604385346088009,0.5178943347863681,0.5145805226033405,-0.3645962025136723,0.47414619587266493,-0.6590272564128811,0.394713059898371,-0.13173263912545385,0.36515805705564963,-0.13173263912545385,-0.1546119744468816,0.7893196140239684,0.7580816093784776,0.7712587628048269,0.7318211919116127,0.3888727352590841,0.7968114118980253,0.799342549888389,0.7968114118980253,0.7126596395616652,0.7126596395616652,-0.24792973878211924,0.6134462025410133,0.25191185100021635,-0.5678194881571391,-0.608322236518928,-0.6111469777747613,-0.10345729433599238,-0.007246471701189981,0.3580471908114567,0.08719756265781006,-0.4080252718372823,0.10285949580908285,-0.8184308483804171,-0.11821069226754738,0.03230948286082929,0.033154955624443115,-0.5887294075100075,-0.5963065563302614,-0.04921898609153257,-0.5634776701091148,-0.837102996283945,-0.3423064212668947,-0.1694025093087646,-0.3423064212668947,-0.2684906689854184,-0.3125566253535527,-0.3125566253535527,-0.8311881756342312,-0.8311881756342312,0.3138862735604665,0.589931322454542,0.49352788620920096,0.8042794056419112,0.7431142396678111,-0.314625302595151,0.056926942673765864,0.7621908391472385,0.7819988164321174,0.7621908391472385,-0.14322908035646287],[0.9755848452069307,0.8962778488411282,0.5857786125376354,0.9770281824849293,0.9700941983335415,0.9755848452069307,0.9847779978532956,0.9771536623046233,0.9736483713025017,0.9126589913093962,0.9201542020447633,0.984843626046233,-0.12052729901531105,0.9842336783798792,0.9973785395254767,1.0,0.38381353073834973,0.9826985278640371,0.9826957934839556,0.9634985044824946,0.9840985863184551,0.3589513821289645,0.6733806585995669,0.9612306858451405,0.9659315401234778,0.8150376688827715,0.24556824822240716,-0.163181570781987,0.9837435630232952,0.9787232119500447,0.20361116549472827,-0.22895933703563814,0.9847495981466468,0.9752106258712008,0.3739264707371077,-0.29247083609711244,0.9229670545301716,0.972942865730192,0.9971720253044575,0.3649539506249275,0.9193228849997318,0.9846569923415497,0.9193228849997318,0.8271643059575127,0.6233240472494975,0.7383418062591117,0.7213875822383286,0.656256587112148,0.40986248723510516,-0.07090840206125079,-0.21659043821730348,0.9073437852026338,0.39244794120348225,0.9576038847218253,0.94037879035249,-0.09799958670034799,0.7903214593975901,0.8125656126424676,0.8357486160574789,0.8042912218309789,0.7878302996563973,0.8042912218309789,0.7399840460552567,0.7724670102735861,0.7828393135735685,0.7724670102735861,0.8198757129283675,0.34747600620701,0.5523251801492379,0.6424141891947157,0.5523251801492379,0.529201443321692,-0.3538847602181686,0.4937003684346322,-0.6193328824466937,0.4161578451179336,-0.09375947676238083,0.39905238232948065,-0.09375947676238083,-0.15370703265777133,0.80159089698967,0.7654636118460997,0.7806305053278048,0.7648800649578787,0.3872588490563772,0.8091709525172374,0.811543071530399,0.8091709525172374,0.739821905842124,0.739821905842124,-0.22380869450751037,0.5627014803120141,0.22514219903182364,-0.5756212395348012,-0.5973216483191067,-0.6002709514562072,-0.10079119999776,0.015041232206512435,0.35739128743730375,0.08228845234106574,-0.4163225582956866,0.10468108294974658,-0.8020489262860055,-0.11360128214375949,0.052499216696029714,0.053059276870423125,-0.5792981846336518,-0.5658184497814303,-0.05021237115683466,-0.5363064673618512,-0.8167051916036348,-0.3390971