var config = { responsive: true }

var correlationAdjClose = {"data": [{"type": "heatmap", "z": [[1.0, 0.9999906496983048, 0.9844504533047473, 0.9999213020586816, 0.9988748938461565, 0.9885924458686011, 0.9974782733241587, 0.9952145016579717, 0.9955075765247702, 0.9795343161923737, 0.9919015132844295, 0.9953608718333046, 0.9945672333461554, 0.9952696930754614, 0.9954065190190072, 0.9965259430976002, 0.9982186676529848, 0.995994935003024, 0.9960081099880675, 0.99604321314047, 0.9953078058500286, 0.9854522804246155, 0.9689721164540245, 0.987716609754833, 0.9865450758648602, 0.9804294201688534, 0.9632223510117772, 0.9425277089690682, 0.994270642230529, 0.9946025619460852, 0.9917526864874262, 0.9746629780223681, 0.997389136253775, 0.9976899533980967, 0.9970619913648947, 0.9954263913787246, 0.9948951395651219, 0.9975407736090318, 0.9976015444465492, 0.9986992636786608, 0.9973290534659914, 0.9973396865632705, 0.976509119574353, 0.9206304017283619, 0.7525051008139297, 0.8986548112620967, 0.9046383754596731, 0.8416100863680278, 0.9679415806757263, 0.9445540445306978, 0.9692009002698458, 0.9658936077499327, 0.9597724638441136, 0.9859501656195554, 0.982372248048381, 0.9838861793084699, 0.9768096156554841, 0.9857852611470244, 0.9830630338262238, 0.9864265045826232, 0.9861872173980396, 0.9639063408123492, 0.9667641340088252, 0.9712380160308464, 0.9708990279297471, 0.9437824201383529, 0.9749794367588794, 0.9734813116732253, 0.9817952966822815, 0.9809091604370299, 0.9351377951566268, 0.857079156582016, 0.8250102942097252, 0.8761267383371362, 0.9036708463138403, 0.8983287458093144, 0.9018743563458936, 0.9004721432770342, 0.6200229339146992, -0.5703566732395627, 0.9763273792184248, 0.9670109560152187, 0.9636432330834298, 0.9847677970874258, 0.9603124044414961, 0.9812740299258824, 0.9812226526640546, 0.9445108080960511, 0.9815404022321911, 0.9488042893567579, 0.6252740398383952, 0.8559584526588625, 0.9132945308159665, 0.35251852132047695, 0.9188619116165799, 0.9395246772111912, 0.8116277259400209, 0.9565262488772992, 0.8960009994513818, 0.6545732442084223, 0.4103705023621715, 0.8916263928032405, 0.8622106935332967, 0.8880778499352083, 0.9675643381762731, 0.967788549065376, 0.7378823504118749, 0.7022646524483647, 0.8268873041725074, 0.33398805676732846, 0.7946327051614309, 0.8311624995466975, 0.8176183996760714, 0.8157545999675445, 0.744074069557287, 0.7404906831962981, 0.7203734484806459, -0.2367489853876198, -0.3718394400312653, 0.62986013249862, 0.8999116763385316, 0.9455293113323228, 0.9496780603752889, 0.9194908840879367, 0.8284630495627651, 0.9170880686866989, 0.938890690802341, 0.9387221813204359, 0.8733812251871615], [0.9999906496983048, 1.0, 0.9820103476757805, 0.9997598220532652, 0.9974406219858714, 0.9903822708556057, 0.9927844096100252, 0.9882649265978795, 0.9883044466132376, 0.9667448489526593, 0.9907904717234338, 0.9885244585429992, 0.9883351748001913, 0.9883862990986128, 0.9884843573681463, 0.9933688942253404, 0.9952555895555533, 0.9918292441124474, 0.991819777941713, 0.9883830840186925, 0.9884337390419563, 0.9873856523697995, 0.9600521215136637, 0.9836160255538782, 0.9832719165575315, 0.9802612874721658, 0.9711681815443445, 0.9051787466804648, 0.987787040397524, 0.9836923592815672, 0.9754717226866161, 0.91021290371529, 0.9944994898535496, 0.9943163670006889, 0.9946081473785253, 0.9896144922142615, 0.9940054960303409, 0.9945961343179422, 0.994913240444018, 0.9966149027217157, 0.9946051001033097, 0.994600937162368, 0.985532858651379, 0.9203721787713789, 0.6166562441087043, 0.8982183053719266, 0.9046614681517722, 0.8417763147088994, 0.8770170430855325, 0.911938734673218, 0.880936339064528, 0.8980546288159702, 0.875824725548867, 0.9548008516509723, 0.9546847452730346, 0.97292136531337, 0.9771627311500154, 0.9707732614921177, 0.9703006393808623, 0.9736025735768774, 0.9735094934095135, 0.9331791676356272, 0.9421576303083274, 0.9058144798650012, 0.9056851854775383, 0.7961498661791827, 0.967708684104688, 0.970166196701594, 0.9704367106142483, 0.969809730420129, 0.9282018582918207, 0.6353185205880751, 0.5746780949224755, 0.7333150935305814, 0.8322827413220399, 0.7571165997830834, 0.7967404421945811, 0.7949036943405944, 0.5670510809757922, -0.2762098530887666, 0.9546088036421916, 0.9620094214305186, 0.9542788913234429, 0.9738946872820342, 0.9358781108993552, 0.9595058230139253, 0.9585100889479425, 0.8980075106882813, 0.9626894706844392, 0.9042631350402475, 0.43654035780306144, 0.8548956666591504, 0.8535080328970192, -0.09293796418372544, 0.6296171612619585, 0.728637957952255, 0.6281553137986883, 0.9538179297354464, 0.6448867698866521, -0.2177136791982029, -0.13253306705172221, 0.610591711507474, 0.6196558167692972, 0.6653752415121422, 0.9555227579870204, 0.9553496115231044, -0.09612896742047597, 0.13740529998258222, -0.015552806796203671, -0.04827813734957472, -0.019977877858525547, -0.003553818884569164, -0.03560678401421062, -0.07658582137946669, 0.3325403561338633, 0.07748636218965692, 0.029284912032821204, -0.45488062678888097, -0.48708790487218867, 0.6299336979073725, 0.7437130623888296, 0.7670381081250733, 0.8298146954497198, 0.8238174423215797, 0.5322491361599331, 0.7320014420872889, 0.7641452550203587, 0.7627563303194974, 0.411365757810879], [0.9844504533047473, 0.9820103476757805, 1.0, 0.9859022108605021, 0.9927125179894568, 0.9898047969424978, 0.9906933499954944, 0.9910883292948535, 0.9943664862712891, 0.9542090659773307, 0.9969136039528431, 0.9909885571522833, 0.9929300397370902, 0.9911499623025485, 0.9910603763180923, 0.9916509034565857, 0.9897416629941486, 0.9896461813054029, 0.9896032894036416, 0.99288954315244, 0.9910087881856658, 0.9933463228233066, 0.9787304251618195, 0.9906418599353555, 0.9910426308619336, 0.9788353537778861, 0.9817002280690504, 0.9461733431189775, 0.9733494448240634, 0.9766422055915205, 0.9782519506799513, 0.9498878900741046, 0.9879569113222221, 0.9910780737619859, 0.9893833567472179, 0.9930727367471183, 0.9946579557377444, 0.9920966279544, 0.9873492617387807, 0.9874787927495438, 0.9882321863456854, 0.9875869459091857, 0.9904250632503662, 0.920952246432004, 0.6938967866223896, 0.9259409975126986, 0.8970441607721578, 0.7497093803404206, 0.929009512773224, 0.8997244218423324, 0.9311326347011236, 0.9257981383760034, 0.9170756972832753, 0.9532342340518148, 0.9601888583104511, 0.9300777999438034, 0.9464545335016872, 0.9531353139065994, 0.9586192790364707, 0.9537775844271542, 0.9280598666948972, 0.8945299582485894, 0.9245401357810297, 0.9233313780747816, 0.9067935642827728, 0.8600308544481853, 0.9582610064944738, 0.9361275081127763, 0.953860070932442, 0.9322402091319717, 0.7658714878984895, 0.7955032417365485, 0.7306643317709453, 0.8167385605364291, 0.8626726600345703, 0.8598529589773414, 0.8322643523721324, 0.8458832099097375, 0.2937854338770859, -0.5713665606032043, 0.9445657037981838, 0.9157067498345343, 0.9206278432209303, 0.9305499683671918, 0.9275874004750582, 0.949964663170746, 0.9495748927164877, 0.9094418151998325, 0.9465912635283517, 0.8334742359641856, 0.595780225875133, 0.9293079659839746, 0.9338907904661296, 0.28604686091918197, 0.8990813920704579, 0.9223936135397299, 0.797004617216516, 0.9773150815726195, 0.7788012550819862, 0.5630781821678889, 0.32997338585651836, 0.7855662213001119, 0.7873209997913309, 0.7741446554337443, 0.9810915618085717, 0.9811384355514251, 0.6564476356728254, 0.6361504980193619, 0.7150840392039431, 0.26325042390105996, 0.6895750115140811, 0.7121461400630559, 0.7264184125957662, 0.7084475901699459, 0.6967479416859126, 0.6660901263804179, 0.643992151428145, -0.31201032853565525, -0.44657240318808133, 0.5827821673973634, 0.859599887817166, 0.8959779689723457, 0.8975016818984315, 0.8925760391548669, 0.7581509598264745, 0.8702590034902223, 0.8845096674217132, 0.8933794841891214, 0.7397170642173427], [0.9999213020586816, 0.9997598220532652, 0.9859022108605021, 1.0, 0.9991896532068599, 0.9895227382006102, 0.9978302918710397, 0.995754023659895, 0.9961451373884892, 0.9792180480333047, 0.9934206883231076, 0.9958823235116369, 0.9953004516390835, 0.9958074236991674, 0.9959224682142869, 0.9970518619048305, 0.9985409406242423, 0.9964651308284815, 0.9964750168707556, 0.9965893943174627, 0.9958319436521095, 0.9867361492008291, 0.9703050432716638, 0.9888424526917083, 0.9877829490025871, 0.9829670091980484, 0.9653605570909316, 0.9437259629898335, 0.9937753026781103, 0.9942786538084402, 0.9918909013064142, 0.9743426141429198, 0.997560522078543, 0.9980123346465616, 0.9973892424801765, 0.9960136284776254, 0.9957567759950806, 0.997903160127831, 0.9977235305466323, 0.9988280695030535, 0.9974911023383385, 0.9974979046079551, 0.9783465870495148, 0.9162305356015439, 0.746103703747521, 0.8993401271790633, 0.9018307594060999, 0.8309185747535965, 0.9650486189077149, 0.9411022419020192, 0.9661957699040645, 0.963227179172131, 0.9569229399257826, 0.9838814316821558, 0.9808386978132689, 0.9820581065055007, 0.9749506331914256, 0.9841517806086735, 0.9821388059284022, 0.9847130577935396, 0.9844692909598034, 0.9497444456403079, 0.9650158231014745, 0.9694727612505952, 0.9691344622979626, 0.9368867537330077, 0.9742240886522263, 0.9696997088777922, 0.9799384808282661, 0.9790085962436265, 0.9063313519059845, 0.8548701521946467, 0.8200488915615617, 0.873616394814398, 0.8999494647033689, 0.8973704096787298, 0.8987204313479564, 0.8973881574032351, 0.5141724854183123, -0.5704590202280875, 0.9750263273802128, 0.964618759936206, 0.9613140230460784, 0.982943645837572, 0.9589295273337256, 0.980120594627433, 0.9800679246434998, 0.9432499722287397, 0.9796805306317691, 0.9274911213294947, 0.6310677727391004, 0.8650729340380059, 0.9179135120071359, 0.353481643722689, 0.9206310922681411, 0.9410384419663266, 0.8119999187193361, 0.958074758623131, 0.8898798669649118, 0.6514251977826436, 0.4079289377438118, 0.8865880103366991, 0.8586932843700492, 0.8827054388021981, 0.9687027132981865, 0.968935818554072, 0.73699785121171, 0.7026315331985933, 0.8189841117593942, 0.33618094574240864, 0.7890910636446271, 0.8229735005829866, 0.8095059529259035, 0.8105216830512243, 0.7470936154039608, 0.7406534980068811, 0.7206024690777566, -0.23213013887704206, -0.37108180677085, 0.6279101643272105, 0.8980514013996167, 0.943818356249808, 0.9480110449342465, 0.9184447027634159, 0.8256936707963328, 0.915185733174267, 0.9367561816619402, 0.9367446852010851, 0.8656918032866714], [0.9988748938461565, 0.9974406219858714, 0.9927125179894568, 0.9991896532068599, 1.0, 0.9922820217280467, 0.9990348615227902, 0.9982407691009724, 0.998296371006082, 0.97254252089166, 0.9975445594811678, 0.9982896081858408, 0.998063757832006, 0.9982756403723919, 0.9983416033785044, 0.9986086187293903, 0.9991518648437618, 0.9986763201477646, 0.9986745153205662, 0.998366293939763, 0.9982703187108797, 0.9935061350832105, 0.9778594384504109, 0.9935992189923171, 0.9935221268788816, 0.9868237613388118, 0.979585019293445, 0.946892942446158, 0.9903145007830243, 0.9925422616006083, 0.9895845090567793, 0.9650142920933537, 0.9989385919285234, 0.998970549702444, 0.9989597788162832, 0.9983930939762926, 0.9984922151077849, 0.9990606091520357, 0.9991150646542676, 0.9990813537924522, 0.9989222159891461, 0.9989188304143014, 0.9888349023521146, 0.9258890197482911, 0.7213129913075845, 0.9151931224290382, 0.9053852592308801, 0.8113060366394098, 0.9489814161091173, 0.9279705936618373, 0.9527366487297346, 0.9543528151811909, 0.9477460620634194, 0.979815298792208, 0.9797332799019335, 0.9775842785954663, 0.968382390425517, 0.9786144559589697, 0.9773801106330436, 0.9789313286170461, 0.9786241746281762, 0.9512371664750974, 0.9540351848911849, 0.9494016797408001, 0.9489381294243308, 0.9012690276164719, 0.9709058986339844, 0.9676163880733117, 0.9746109336047629, 0.9736009328460972, 0.9293903517582428, 0.8286808154462265, 0.7814042789105287, 0.8546040732166168, 0.9016261251099367, 0.8818139994891164, 0.890922935518966, 0.8896001311309835, 0.6714843854404141, -0.593431254535604, 0.96720354788203, 0.9514047652237333, 0.9495603550007208, 0.9787721072789374, 0.9442490339178049, 0.9718877723645043, 0.9713741029795491, 0.9314544027805663, 0.9740120650918074, 0.9358354131142583, 0.6167248714932021, 0.8884846877428538, 0.9395317965346612, 0.26188968490308795, 0.8970019776361722, 0.9239133893558132, 0.8054207041255118, 0.9642094102843695, 0.8783508610766823, 0.5012370447273654, 0.2706586467046566, 0.8653074869795985, 0.8181337089376567, 0.866916078592622, 0.9731561647436153, 0.973335668196963, 0.6890573260579922, 0.6822438770694021, 0.7334316177956461, 0.3096568422673334, 0.6686514336574607, 0.7393564141145157, 0.714920488466932, 0.6948294597153453, 0.7300103178640754, 0.7224261979075743, 0.7013678571138235, -0.4577600535723911, -0.5334157519527324, 0.6152678000647032, 0.8903178422497416, 0.9274935214735304, 0.9391256833063493, 0.9144441092019415, 0.8008825356786843, 0.896725850944509, 0.9205626266252498, 0.9200792546898461, 0.7987124082686785], [0.9885924458686011, 0.9903822708556057, 0.9898047969424978, 0.9895227382006102, 0.9922820217280467, 1.0, 0.9888997363219683, 0.9888360734185622, 0.9883137849823969, 0.9648218678131072, 0.9789895689953392, 0.9887904763323507, 0.9898946982274512, 0.9888965880551422, 0.9890132082402155, 0.9918585002067549, 0.9900458542745425, 0.9897291477319277, 0.9897047106291, 0.987672585971044, 0.9888219827875385, 0.9961240246114677, 0.9910675582917777, 0.9885298996026222, 0.9882927815541832, 0.9675548558048689, 0.9844055544734427, 0.9654668447827892, 0.9735933514704526, 0.9772368816376124, 0.9854383953576971, 0.9720486869189, 0.988880334106054, 0.9890474349244998, 0.9898430021905175, 0.9897760849280026, 0.9818446208568558, 0.989783875468362, 0.9892545512580745, 0.9893069719289561, 0.9889773592578568, 0.9889609843584408, 0.9944898657366311, 0.8801096690428077, 0.7276914699872559, 0.8755068193184321, 0.9024227797201159, 0.8368230905942791, 0.9362725983343967, 0.9126824318065433, 0.9380092930373775, 0.9450644615506416, 0.934132824684232, 0.9630585737683462, 0.9675429093045816, 0.9673822813698841, 0.9789638404847345, 0.968515534502989, 0.9802616538651275, 0.9684412970293733, 0.9678668021038458, 0.966591971189738, 0.9586863555811505, 0.9430278003212832, 0.9425357470387018, 0.9289129224575899, 0.9772842162238916, 0.9696488595513391, 0.968490273419091, 0.9667839489403576, 0.9476566382466219, 0.8537918756920981, 0.8058388569250896, 0.8743112645811554, 0.8941861101777877, 0.9014386982413664, 0.8848720268573944, 0.8828161950194082, 0.6386231611541947, -0.5343434263377087, 0.9738564140421235, 0.9690052416906254, 0.9657596291275382, 0.9685359635934755, 0.9563396598282172, 0.9743208344743495, 0.9739715439474343, 0.9533364725110305, 0.9638666678362161, 0.9529947968625704, 0.6315342133734547, 0.8265480480848554, 0.9352132459832284, 0.35896220449105304, 0.9099771058144984, 0.9288261743031309, 0.8078509810412013, 0.9545213870703549, 0.8474274194324862, 0.6021129516510836, 0.3898532500150886, 0.8445715502780837, 0.8201287254354196, 0.8417981675556026, 0.9568691921300138, 0.9569600234625214, 0.7010312302005016, 0.6833558269449922, 0.7647296448597911, 0.33654443597936856, 0.7424754395435904, 0.7704586434930755, 0.7562783243322729, 0.7584130260054655, 0.7351559868743732, 0.7128624220724695, 0.6948828251454905, -0.26278359863241463, -0.3895011224517314, 0.6596538110286767, 0.8862833774394777, 0.9042831178403741, 0.9125438254931363, 0.9008395341310416, 0.8016934557895916, 0.8731514743198646, 0.8958535262142722, 0.8959155670979748, 0.8405581238960257], [0.9974782733241587, 0.9927844096100252, 0.9906933499954944, 0.9978302918710397, 0.9990348615227902, 0.9888997363219683, 1.0, 0.9971160361106509, 0.9995224905611437, 0.9718535545401327, 0.9994074099589816, 0.9981054087295036, 0.9990603554365937, 0.9990050704854458, 0.9987768247713179, 0.9981283376907409, 0.9998585196248073, 0.9992434372578499, 0.9992492937225883, 0.9996449874479854, 0.9992115070632004, 0.990648317905796, 0.9744543650567767, 0.9839159510663706, 0.9923919777201893, 0.9860428078194986, 0.9715079456198022, 0.9422827821444945, 0.9923601988460927, 0.9917427733063459, 0.992954489019669, 0.9710851651407891, 0.9988116638962278, 0.9998151914652103, 0.9996468387649933, 0.9993857704163263, 0.9996463470228464, 0.9998461355867266, 0.9978798965066535, 0.9995843293968864, 0.9992636881886158, 0.9988643939179264, 0.9832674596039972, 0.9313399598301306, 0.7363179686110823, 0.9282678508127362, 0.9156399310629212, 0.8020832463570956, 0.9595575416681397, 0.9404287793036435, 0.9615563516565224, 0.9584633777937567, 0.952909679825597, 0.9819168629749687, 0.9799546987477392, 0.9395487054413046, 0.9541059514560608, 0.9682422955420011, 0.9684425300875401, 0.9701009454381282, 0.939847521089912, 0.8881392553302717, 0.9437638180254677, 0.9544932374816062, 0.9312981663725575, 0.8743080373428931, 0.9596088068225911, 0.9287591915555493, 0.9616946050290797, 0.9397899352111915, 0.7298547682506005, 0.8232836315407259, 0.7532423332133509, 0.8406559858507918, 0.8693497083487342, 0.8729978596776456, 0.8529739731191668, 0.8653909270728517, 0.24887623927392732, -0.6056672393712809, 0.9573297381532273, 0.9340758271926641, 0.934520903477207, 0.9419961467684833, 0.9420712481473995, 0.965549946706026, 0.9656052966094755, 0.92183863512617, 0.9617012829884406, 0.8178017763489566, 0.6122611453482808, 0.8892952029062289, 0.9177597540951662, 0.3328906887835807, 0.9179071028014172, 0.9395351536472611, 0.8059184417048366, 0.9638900952272603, 0.8310831349974589, 0.6386878042562537, 0.3902184454081298, 0.8431058383946103, 0.8368012599518166, 0.828791997172567, 0.9733331673724259, 0.9735770471388278, 0.7224603027733537, 0.678369595516904, 0.7839418837687304, 0.30469957122811664, 0.7655759313195475, 0.7927927201816245, 0.7836199303502155, 0.7890579595296164, 0.725467246096634, 0.7269276036582885, 0.7050305643091138, -0.2514575049789908, -0.39758592485777194, 0.6343001060789284, 0.8915125856271681, 0.9303405903176054, 0.9457060535498758, 0.9174941238572528, 0.8235002430233811, 0.9144918724428123, 0.9363633657032893, 0.935761055511604, 0.774580679271638], [0.9952145016579717, 0.9882649265978795, 0.9910883292948535, 0.995754023659895, 0.9982407691009724, 0.9888360734185622, 0.9971160361106509, 1.0, 0.999984099682472, 0.9657587427071159, 0.9996341996934862, 0.999996867411622, 0.9996580770709848, 0.9999978201555683, 0.9999814340013224, 0.9964240559199469, 0.9990936675649282, 0.9998859163862548, 0.9998852562249536, 0.9999559484622876, 0.9999942150418324, 0.9908035850225082, 0.9753836220254742, 0.9916501349807437, 0.9928921834564858, 0.9828855438721105, 0.973662954976001, 0.9407827470843264, 0.9886623000773561, 0.9942734072762799, 0.9915829716289074, 0.967645346218226, 0.9994258830312772, 0.999483960036739, 0.9996082476501209, 0.9996808630680863, 0.9987398709908751, 0.9993969359953486, 0.9991048373448241, 0.9983225018283598, 0.9994956231859662, 0.9993549415500169, 0.9846744338265891, 0.9317750709745101, 0.7230698816582694, 0.9349554631026874, 0.9130675737633335, 0.7799585162033751, 0.9581010045308871, 0.9354616415811747, 0.9596726076489954, 0.9519822039093286, 0.9464080595153155, 0.9799536544637175, 0.9766833081363466, 0.9336507104275527, 0.9477595478449856, 0.9600704063347654, 0.9641866133315176, 0.962446613012065, 0.9378244466992973, 0.8767658794815938, 0.9373388087814474, 0.9463555618856907, 0.9250924385277386, 0.8584632827381509, 0.9557668224827776, 0.9209943789752947, 0.9548351588381275, 0.9342751544627728, 0.7124699671436651, 0.8127291851934872, 0.7481079966342691, 0.830052629562595, 0.8600263789330248, 0.8665814380231242, 0.8475674569016455, 0.8569052897764602, 0.22741242337296794, -0.6118144596055265, 0.9515479723483582, 0.9235100630972967, 0.925638749236815, 0.9397095757136147, 0.9349860252789557, 0.9599460813274189, 0.9600013009832431, 0.9141248298672544, 0.9530114523616731, 0.8020382304769218, 0.6071719504419164, 0.9113464446032911, 0.9306530736442405, 0.3213288924090903, 0.9170738661426057, 0.9390324651221901, 0.8030736967421811, 0.96876215594874, 0.835133219000009, 0.6245034827225434, 0.37601266034223735, 0.844618805052353, 0.833800343964379, 0.8324738053151103, 0.9764626376265185, 0.976711863098672, 0.7121600753786805, 0.669101083770582, 0.7861733488994403, 0.2892460645345824, 0.7604183273382131, 0.7885727098720441, 0.7851369414883528, 0.7836002898858214, 0.7177940890638729, 0.7203520372549684, 0.6977443564212621, -0.26894584447296815, -0.4141422880358339, 0.6148694261650097, 0.8827816260397215, 0.9281684236238046, 0.9379747221594159, 0.9109767639679387, 0.811843925496486, 0.9079706265852038, 0.9300453207417538, 0.9297058579918316, 0.7539219542466408], [0.9955075765247702, 0.9883044466132376, 0.9943664862712891, 0.9961451373884892, 0.998296371006082, 0.9883137849823969, 0.9995224905611437, 0.999984099682472, 1.0, 0.9650551461715422, 0.999633143628197, 0.9999812920581848, 0.999833582262864, 0.9999898337388757, 0.999996329924951, 0.9989790854214536, 0.9990610447809727, 0.9998205450752147, 0.999819163327236, 0.999966411195159, 0.9999816421207678, 0.9936780421610238, 0.976485470466737, 0.9949332896600646, 0.995088374313061, 0.9828515003757107, 0.9778122137103273, 0.9417279505834694, 0.9891971986962114, 0.9933163621462366, 0.9885710166908481, 0.9629800690752283, 0.9993421020152292, 0.9994236130683274, 0.9994226729967626, 0.9998346236615667, 0.9987508428286083, 0.9993869293113287, 0.999325543645937, 0.9983353421776371, 0.9993355854792164, 0.9993276234122531, 0.989022226551433, 0.9318534746949764, 0.7238852162611848, 0.9347503779152943, 0.9128796034911589, 0.7801823486732462, 0.9453502053502596, 0.9229997332261807, 0.948636071289332, 0.949351332066974, 0.9436696032831106, 0.977316388323414, 0.9768006774125343, 0.9660205970239706, 0.9481694364988096, 0.966967657657042, 0.964242901362729, 0.9673864338539027, 0.967030962658255, 0.9373789271156818, 0.9365632762008996, 0.93796944086005, 0.9375380895747518, 0.8884811629597993, 0.9561193338598462, 0.9572175679695112, 0.9635686051162402, 0.9623204085011345, 0.9152138125932792, 0.8119842705394333, 0.7585885093804338, 0.8291488792825106, 0.8814301038755138, 0.8646533297127936, 0.8724879147202772, 0.8714168155576524, 0.6150659261722373, -0.6281919959937798, 0.9514443710212226, 0.9235439826547929, 0.9257404639780823, 0.9674550829060985, 0.9279239992158724, 0.9594140892555048, 0.9588688183540001, 0.914921544097853, 0.9618076319332338, 0.9196343271618456, 0.6053554552300525, 0.9107905909892412, 0.9450925303917426, 0.2707945258004844, 0.9028697485464375, 0.929025436768424, 0.8021536662389842, 0.9674058085649763, 0.8850868376723617, 0.5297824102417169, 0.29596478527013026, 0.8726686239090954, 0.8263639753334463, 0.8748625598544937, 0.9763751422094679, 0.976655429756955, 0.7100496216522223, 0.6660976907379269, 0.7497595759276949, 0.2869377354028289, 0.6869165961721471, 0.7552753362188884, 0.7328086731071992, 0.7135914123129229, 0.7150841788602667, 0.717088118496237, 0.6944325685161467, -0.5078533465223476, -0.5849154553344267, 0.6145812012075383, 0.8816606328632073, 0.9268334390431004, 0.9393814522971435, 0.9100054622184411, 0.806753411596181, 0.8968841658186666, 0.9199664852086596, 0.9194001910236771, 0.8080695633481583], [0.9795343161923737, 0.9667448489526593, 0.9542090659773307, 0.9792180480333047, 0.97254252089166, 0.9648218678131072, 0.9718535545401327, 0.9657587427071159, 0.9650551461715422, 1.0, 0.9504283328739486, 0.9661583477635877, 0.9650608893637703, 0.9658829698395709, 0.9654326222117701, 0.9669111757763771, 0.9756193337367216, 0.970401046488164, 0.9704263975081012, 0.9659357980376773, 0.9660240077142673, 0.9656693938872618, 0.9526859957226781, 0.9728407032802964, 0.9706934489907145, 0.8902279540081076, 0.9692598012535829, 0.951033221550576, 0.9757701945483885, 0.9698402637331415, 0.9698596527649052, 0.9350848153141291, 0.974249366099735, 0.9738096183817196, 0.9742880562859523, 0.9663172577258606, 0.9584202225132222, 0.9732650816126514, 0.9740774314924803, 0.9774953013819727, 0.9744392411308808, 0.974468924771506, 0.9558551725869524, 0.8441171572535, 0.5434517180315931, 0.79033816251402, 0.8907979002286521, 0.8753122230545773, 0.9020015789152973, 0.8276385487812232, 0.9065126669295652, 0.9157685874119453, 0.9036118875251773, 0.9325593327723132, 0.932411371173404, 0.9437577712557669, 0.9352577385593466, 0.9543609662450687, 0.9478614099148435, 0.9526801357256248, 0.9526980740598302, 0.9120755983150537, 0.952611318478247, 0.9374120222481815, 0.9371105053975547, 0.8575915165051232, 0.9353774078716798, 0.9434117349698457, 0.9367318169362054, 0.9356693073951057, 0.8861676111835548, 0.8197894650683419, 0.7759530801288489, 0.8633198510374098, 0.9152280385737079, 0.8867921949831259, 0.9010556109227597, 0.90032082569216, 0.7106635711277877, -0.31376669484393427, 0.9530359667132897, 0.9534986873595084, 0.9459374787378135, 0.9455734082696265, 0.9174925964002509, 0.9543056192538992, 0.9542268929225767, 0.9013549234757968, 0.9563172881558557, 0.9064344710675335, 0.711310141419178, 0.6820654215349741, 0.8647332357029379, 0.24558776145884237, 0.8526203697439583, 0.8896781703630444, 0.8744491719676568, 0.9494635994590636, 0.9057661670668234, 0.42624897118238453, 0.33074090880298834, 0.8977724534869985, 0.8741215792462432, 0.9042521976396296, 0.9497399282471934, 0.9500841041630781, 0.5402879283868871, 0.7048779852688705, 0.6165255327648731, 0.48575775425432105, 0.5749656332100752, 0.6310477828332594, 0.5915934165680446, 0.567047768720658, 0.8069586288100865, 0.6842641363475831, 0.6489373197845411, -0.2806499657514748, -0.32875015286091147, 0.7505952316832204, 0.9172959321223829, 0.9237444549832429, 0.9114584529188755, 0.9423151185120456, 0.6599827238414834, 0.8430496647723148, 0.9099998347454313, 0.9091397403499166, 0.6919004057397281], [0.9919015132844295, 0.9907904717234338, 0.9969136039528431, 0.9934206883231076, 0.9975445594811678, 0.9789895689953392, 0.9994074099589816, 0.9996341996934862, 0.999633143628197, 0.9504283328739486, 1.0, 0.9996639378913003, 0.999641054044777, 0.9996492373456755, 0.9996554155463309, 0.9994007515007887, 0.9986387647066263, 0.9999536719906513, 0.9999522608313542, 0.999648180096802, 0.9996547482083126, 0.9897153857355614, 0.9558961741191357, 0.9908530998969609, 0.9920296381626434, 0.9875695771895395, 0.9691223012984534, 0.8916210574251143, 0.9884035417275251, 0.9922300921747663, 0.9718293772707393, 0.8942818099276221, 0.9991308595894508, 0.9992014906108302, 0.9991275397912852, 0.9994457158345317, 0.999385425857478, 0.9991506044505376, 0.999007712737643, 0.9973714287187472, 0.9991003188573145, 0.9990907464771797, 0.989386018503898, 0.9257904931597122, 0.5765004862815634, 0.9300182132960395, 0.9120546933386423, 0.784682648981644, 0.8595192838752487, 0.8912007756053575, 0.8651108154595598, 0.8752140424258067, 0.8563935689757988, 0.9502045615432192, 0.9501185871209574, 0.9484231353115741, 0.9509032002635112, 0.9398683040208037, 0.9419694244697433, 0.9445135301556764, 0.9443068882179761, 0.8925099769454469, 0.9043465580902273, 0.8606760193899207, 0.8604640241822539, 0.7349363122464949, 0.9443370100160888, 0.947917998951524, 0.9481098414632742, 0.9473801955985198, 0.8938097167800948, 0.5818747636445973, 0.5171975371319933, 0.6797792469661007, 0.786570819812362, 0.7097973705685358, 0.7506159679643051, 0.749408056899463, 0.5066219292772612, -0.4018159485001593, 0.9170299398396249, 0.9276353525289726, 0.9166729072961975, 0.9499667885705518, 0.8937981469888187, 0.9232949124701137, 0.921979151876753, 0.8496714147973523, 0.9278716128724269, 0.8576699433713549, 0.49008514569251294, 0.9069672413061858, 0.902690692970436, -0.07785469709141407, 0.6713009941945554, 0.7605137362143153, 0.641655150104571, 0.9695741567587114, 0.6571932991368756, -0.16330148217787438, -0.11038437867318635, 0.6281410872447983, 0.6340015498083755, 0.6752558128516497, 0.9708882919434291, 0.9709419297220385, -0.033942059371979104, 0.19107313959943972, 0.0485850049479581, 0.014697066815803345, 0.041730159172299205, 0.06088975207518168, 0.027634226595782505, -0.01989882145484872, 0.3868108354694729, 0.12143251272080771, 0.0698175720963586, -0.5246945437440208, -0.5565362765093808, 0.6147024318924657, 0.7361820719089758, 0.7601328475772063, 0.825367088327868, 0.8225696918719858, 0.5115093894600161, 0.7215237891266564, 0.7570187041583895, 0.7557179450051594, 0.401390239326403], [0.9953608718333046, 0.9885244585429992, 0.9909885571522833, 0.9958823235116369, 0.9982896081858408, 0.9887904763323507, 0.9981054087295036, 0.999996867411622, 0.9999812920581848, 0.9661583477635877, 0.9996639378913003, 1.0, 0.999643393124937, 0.9999976395459577, 0.9999842638605142, 0.9970672934284297, 0.9991540849093423, 0.9998974678516789, 0.9998970878760054, 0.9999638274984438, 0.999994790337751, 0.9907193871649801, 0.9752688861775961, 0.9923032650789048, 0.9928568866287799, 0.9830996464938003, 0.9735049460080769, 0.940817897501968, 0.9895455449924766, 0.994325851055001, 0.9916541724986598, 0.9677901852083896, 0.9994680330911634, 0.9995282210936258, 0.999641856220509, 0.9996830551450665, 0.9988327126227579, 0.9994431533084172, 0.9991436410313994, 0.9984105541875107, 0.9995391198855741, 0.9993981100252146, 0.9844902863644104, 0.9320578335782175, 0.723777648679179, 0.9348826054198333, 0.9133481067480622, 0.7811617647738556, 0.9584189275751136, 0.9358754859878291, 0.9599990813556848, 0.9523529231648741, 0.9468004522105352, 0.9801893891044778, 0.9768667655331398, 0.9339939601891837, 0.9480030915829936, 0.9604124453824127, 0.9643692687110309, 0.9627804176623619, 0.9381058876908712, 0.8770230639060418, 0.9376722719679037, 0.9468094308107977, 0.9255499640244291, 0.8589642050354134, 0.955895068317427, 0.9212598927456606, 0.9551016681180682, 0.9345984240004919, 0.7126597511767411, 0.8132794084950171, 0.7486938479724801, 0.8305933192197749, 0.8604332869918254, 0.8669040351952084, 0.8480262476187728, 0.8573888735835307, 0.22782297425659784, -0.6116726048828699, 0.9518169845034171, 0.9240031919520838, 0.9260377447898366, 0.9399742590980753, 0.9352963908306368, 0.9602147546995142, 0.9602705628368055, 0.9144129403283895, 0.9533789711141946, 0.8023659243009507, 0.6074214143637664, 0.910349927021086, 0.930102648044073, 0.3218642893764598, 0.9171407929525417, 0.9390948264149569, 0.8033750853372439, 0.9685881184987144, 0.835566635583422, 0.6254972685445557, 0.3769250800768574, 0.8450769782723899, 0.834333608818956, 0.8328928738304596, 0.9763762147807283, 0.9766252703381221, 0.7128266359644664, 0.6697413986604369, 0.7867328439879108, 0.2901579698183808, 0.7611039181972469, 0.7892406366299646, 0.7857013065161182, 0.784298409729865, 0.7182207345008833, 0.7208133500600244, 0.6982360988356516, -0.2678884508970548, -0.41318160463178133, 0.615508208680623, 0.883297081977766, 0.9285708862230695, 0.9384691972936965, 0.9114245217619148, 0.8123931161419914, 0.908509144752119, 0.9305716734533367, 0.9302178927099982, 0.7545897384623367], [0.9945672333461554, 0.9883351748001913, 0.9929300397370902, 0.9953004516390835, 0.998063757832006, 0.9898946982274512, 0.9990603554365937, 0.9996580770709848, 0.999833582262864, 0.9650608893637703, 0.999641054044777, 0.999643393124937, 1.0, 0.9996800068888665, 0.9996647516038346, 0.9990994258854308, 0.9986353623138188, 0.9994635666697833, 0.9994554487674983, 0.9996598687544143, 0.9996330861087825, 0.9927158575118751, 0.9768684101092608, 0.9956714536953138, 0.995561917463704, 0.9829253750259728, 0.9763237353388222, 0.9433270939351664, 0.988702392700762, 0.9923162274537801, 0.9907301172597355, 0.9653610331598005, 0.9987554219761626, 0.9990625119782235, 0.9992598143202223, 0.9999210018974647, 0.9987767308546406, 0.9990273737735308, 0.9985799674561684, 0.9976697264078594, 0.9987464586256996, 0.9986688939295286, 0.9884388873335296, 0.9320219921008669, 0.7196934985116489, 0.9350057450554499, 0.9132456500832018, 0.7804345927815319, 0.9540651106694149, 0.9288437182217077, 0.955018061540614, 0.9489012932845895, 0.9427809906116614, 0.9766326946631387, 0.974764584901219, 0.9576143293696252, 0.9476587820594423, 0.9606774329979479, 0.9635568820971576, 0.9625783590110945, 0.9618761224940159, 0.8811092257644595, 0.9345655021846861, 0.9451211879805712, 0.9448348990057336, 0.8569908308833739, 0.9561720542911408, 0.9331909680097955, 0.9569908198933745, 0.9555845907674358, 0.717016924944438, 0.8100875861539317, 0.7730139172253447, 0.8280690998538897, 0.8618794638945241, 0.8659147794872623, 0.856124384486727, 0.8563867706868713, 0.21193201393624533, -0.6062186229500616, 0.9508238530073031, 0.9236679023123108, 0.9248830293684852, 0.960528957101721, 0.9347185287810607, 0.9589073497225038, 0.9589156556067875, 0.9140152521829492, 0.9537011671937786, 0.8091374766148952, 0.6078884388073974, 0.9109238190201872, 0.9306983696979336, 0.3178187104052973, 0.9150820959273098, 0.937371186522509, 0.8043707267734301, 0.9713103168505158, 0.829363566163457, 0.6173415230864188, 0.3712991100675419, 0.8362026895889911, 0.8289794050419595, 0.8246657199687225, 0.97833762199897, 0.9785443437049689, 0.703540569846603, 0.664192148122542, 0.7657851764888921, 0.2898506809588931, 0.7510407780832822, 0.7778531201918376, 0.7543932243425377, 0.7731777910812092, 0.7158553081657327, 0.7104678965511214, 0.6881535973915891, -0.2746925632565024, -0.41837883770012807, 0.615068094328787, 0.8810630028755027, 0.9300326087576043, 0.9339459937619974, 0.9106022578773554, 0.8044899136748592, 0.902128365046063, 0.9235086055443522, 0.9238192864717341, 0.7485932649047405], [0.9952696930754614, 0.9883862990986128, 0.9911499623025485, 0.9958074236991674, 0.9982756403723919, 0.9888965880551422, 0.9990050704854458, 0.9999978201555683, 0.9999898337388757, 0.9658829698395709, 0.9996492373456755, 0.9999976395459577, 0.9996800068888665, 1.0, 0.9999883720279751, 0.9986204006865906, 0.9991144819120773, 0.9998895750695026, 0.9998885924116457, 0.9999579949582836, 0.9999920598200976, 0.9908429999694355, 0.9754377008485386, 0.9941606965733223, 0.9940099793620902, 0.9830112394541028, 0.9737070530013344, 0.9409674333649823, 0.9920202409732887, 0.994643349943839, 0.9915257511591363, 0.9675432452394592, 0.9994420419151695, 0.9994890022388787, 0.9996185330301625, 0.999699841714279, 0.9987832501670255, 0.9994081798446782, 0.9991719321715767, 0.9983466274704371, 0.9995094563472224, 0.9993719807041446, 0.9846557363121899, 0.9318776200580544, 0.7231591323571593, 0.9349749758346834, 0.9132739110222877, 0.7805303704027285, 0.9582109156741835, 0.9356390942246361, 0.9598193014073835, 0.9519507040023689, 0.9463517957427937, 0.9800031014561728, 0.9766466888293966, 0.9340111462066195, 0.9478923682778632, 0.9602710730941278, 0.9642556045246592, 0.9626304184826004, 0.9375255250922172, 0.8770085986249786, 0.9371808819069166, 0.9464332606240828, 0.9253520958853098, 0.8586022177208739, 0.9559331841336995, 0.9214174316150722, 0.955081712679291, 0.9346536725482979, 0.7128710595510809, 0.8126718738867733, 0.748417966836218, 0.8300413026844778, 0.8602201181440999, 0.8665500964034448, 0.8477462340373101, 0.8571014577976622, 0.22778373865791088, -0.6115176744849663, 0.9516153299828178, 0.9237429999423385, 0.9258291256578868, 0.9377168976368347, 0.9352011058631546, 0.9600232215784595, 0.960075190925012, 0.9143043125762486, 0.9532122519698742, 0.8023415561589231, 0.6072268299507596, 0.9108716966419526, 0.9304964901629282, 0.3213216624530763, 0.9169389511408774, 0.9389272673593437, 0.8030795137631502, 0.9687792628099294, 0.8351997609673297, 0.6243850999356287, 0.3759366800728979, 0.844669234453058, 0.8339720832572667, 0.8325332616569852, 0.976515668837467, 0.9767610947852038, 0.7117039183220402, 0.6686902175902609, 0.7861820629525859, 0.28956961558672917, 0.7604166799454073, 0.7885137618062849, 0.7853377629747986, 0.7835167519492802, 0.717692812674487, 0.7195163395364259, 0.696944732019785, -0.26873182864222367, -0.41392413509710946, 0.6152345143627307, 0.8827133130994257, 0.9283320084436532, 0.9380575268685933, 0.9110441610676506, 0.8116601002100264, 0.9082247173413375, 0.930123521600472, 0.9299018400535449, 0.7540597032224161], [0.9954065190190072, 0.9884843573681463, 0.9910603763180923, 0.9959224682142869, 0.9983416033785044, 0.9890132082402155, 0.9987768247713179, 0.9999814340013224, 0.999996329924951, 0.9654326222117701, 0.9996554155463309, 0.9999842638605142, 0.9996647516038346, 0.9999883720279751, 1.0, 0.9986198774643662, 0.9991524622136841, 0.9998856994542651, 0.9998856068760799, 0.9999565984961453, 0.9999773100558088, 0.9907564161449023, 0.9754373188629542, 0.9926217978981556, 0.9926581603407166, 0.9830725199965078, 0.9734270983850775, 0.9408790286445333, 0.9920650226505601, 0.9942373325612507, 0.9913634736746464, 0.9673975689912898, 0.9994823011431584, 0.9994739489560142, 0.9996038503118662, 0.999690065329639, 0.9988028341984049, 0.9994128597385123, 0.9992027951572178, 0.9984061892630134, 0.9995412156063244, 0.9994180272010562, 0.9844464036589048, 0.9317860967062022, 0.7238507378738402, 0.9346056225480146, 0.9129988344425377, 0.7808633036441178, 0.9587898182035033, 0.9366931186534025, 0.9604514589605124, 0.9521055005522826, 0.9465137111838348, 0.9804796048589483, 0.976821458313369, 0.9348027248186891, 0.9483125747449862, 0.9606617704740945, 0.9644174100267159, 0.9630300343735856, 0.938866969827965, 0.8771384149751544, 0.9367407575026944, 0.9467356617276993, 0.9261015877729301, 0.8584567458996124, 0.9563365251753657, 0.9220398270025928, 0.9556041042377954, 0.935576992207623, 0.7125413595927861, 0.8122919257731871, 0.749388972992325, 0.8294389579182133, 0.8601641499796691, 0.8659932598027634, 0.8482093014752041, 0.8575060084526198, 0.22710069661263776, -0.6112303644739285, 0.9516420677104193, 0.9239528895313507, 0.9260689309350985, 0.9407965344814045, 0.9356978274706367, 0.9601589796412435, 0.9602790448914047, 0.9146418224671016, 0.9535583444516031, 0.8022122244774613, 0.6059689072269195, 0.910335300469623, 0.9301395917794684, 0.31982727098992847, 0.9164778580154096, 0.9384202897703474, 0.8021870291815422, 0.9683887120825164, 0.8361805072220253, 0.6240814123781914, 0.3750565560247523, 0.8451851124463439, 0.8343737728807558, 0.833266905839266, 0.9762798036182964, 0.9765602425958368, 0.7103940755021694, 0.6664659493440116, 0.7872784425540525, 0.28795198836249164, 0.7606505446886751, 0.7889040260772232, 0.786570076272904, 0.7837304363281095, 0.715944315684847, 0.7172910241544093, 0.694684586465154, -0.26797661645644716, -0.41322956239958597, 0.6147672591592651, 0.8818680880490526, 0.9289354070814734, 0.938571566852401, 0.9103258769938581, 0.8118097928756991, 0.9092645196698524, 0.9307219960650868, 0.9306081736618879, 0.7539392994216568], [0.9965259430976002, 0.9933688942253404, 0.9916509034565857, 0.9970518619048305, 0.9986086187293903, 0.9918585002067549, 0.9981283376907409, 0.9964240559199469, 0.9989790854214536, 0.9669111757763771, 0.9994007515007887, 0.9970672934284297, 0.9990994258854308, 0.9986204006865906, 0.9986198774643662, 1.0, 0.9988762341961894, 0.9989723652405277, 0.9989682995972624, 0.9987916283279186, 0.9985118003969561, 0.9922483322216791, 0.9780937671924378, 0.9835144415202178, 0.9899547432180964, 0.9888677593251176, 0.9754535596239505, 0.9482213506007509, 0.9931091868783206, 0.9930266011504222, 0.9904031734242374, 0.9675032209144289, 0.9987909700948364, 0.9987287160355579, 0.9989421799461257, 0.9986379360816307, 0.9993798912765317, 0.9988689126871778, 0.9989110628529185, 0.9982335250020266, 0.9986739297124173, 0.9987392861209419, 0.9834032646526111, 0.9251507579030642, 0.729204064632838, 0.9280242483196351, 0.9155868935149554, 0.7981435704015231, 0.9619957750586406, 0.9406145313135577, 0.9640397858492019, 0.9519838055938925, 0.9450254019406392, 0.9809871579357091, 0.9762370583298986, 0.9472066799734349, 0.9573896165126515, 0.9674259644770066, 0.9688807715774018, 0.9689433849643745, 0.9502256063276951, 0.8888670462677122, 0.9405370381429149, 0.9515018045900239, 0.9368313779898461, 0.8691621705728568, 0.962590038300718, 0.9353371967574816, 0.9630492072176117, 0.9479863090126179, 0.7300233154765545, 0.8198547653917299, 0.7667168782769953, 0.8382122623360205, 0.8724417606220275, 0.873011827821994