var config = { responsive: true }

var correlationClose = {"data": [{"type": "heatmap", "z": [[1.0, 0.9999838253457048, 0.9766732136386983, 0.9996949129063307, 0.9972009140425745, 1.0, 0.9898139499094, 0.9849208945143985, 0.9903789009363593, 0.9733106462229492, 0.9783263492191887, 0.9898628884603204, 0.9900281134279927, 0.9899351631605251, 0.9899972528207736, 0.9929974813280222, 0.9931699084940451, 0.9910628456009238, 0.9910537371041164, 0.9909857702845649, 0.989856250461237, 0.9764798912426577, 0.9629006473790132, 0.9754750666241895, 0.975446165113393, 0.9470998107334826, 0.9510077890080774, 0.942023063940866, 0.9897956554187858, 0.9897507684107725, 0.9855792584042532, 0.9745061457547433, 0.9930752636096963, 0.9940304695837525, 0.9930949181827362, 0.9912639574738255, 0.9851664929391303, 0.9936883490883444, 0.9936590795975435, 0.994613764778851, 0.9932914211737373, 0.9932806399432788, 0.9932914211737373, 0.9008041407663919, 0.7054952798415729, 0.8685213322632653, 0.9137792826272667, 0.8248865946603471, 0.9665564533083746, 0.9299198808501753, 0.957347224312034, 0.9521193884559109, 0.9559475730537897, 0.9785723241615513, 0.9724715536082991, 0.9048640833924829, 0.8918889010722899, 0.9254695268990667, 0.8945128015265642, 0.9217973997521641, 0.9227459349686552, 0.9217973997521641, 0.8252836725453456, 0.9018097445932575, 0.9031318929209373, 0.9018097445932575, 0.8782548306948378, 0.6994331480267929, 0.8550962875657553, 0.8570483477217808, 0.8550962875657553, 0.5973944783645441, 0.4849906752569373, 0.571595838466892, 0.7238943298117201, 0.45608740386205776, 0.5237366875827625, 0.5259796113799207, 0.5237366875827625, -0.594688990226034, 0.8655200339885265, 0.896093175939375, 0.8777807764570701, 0.9065433360495043, 0.9320421722962077, 0.8641862326871519, 0.8657821199792266, 0.8641862326871519, 0.8778789841279124, 0.8778789841279124, -0.1756627990942102, 0.48919609489765076, 0.21892528875202366, -0.5043674375978459, -0.5353185460218233, -0.539099011149049, 0.022213367265568287, 0.022983012676210324, 0.2982095703842151, 0.21781209349414393, 0.12929944783747835, 0.10487868686770684, 0.13221973905544473, -0.16064503866801377, 0.09485192698671654, 0.09506185721873436, -0.5047679782147788, -0.39783520108419623, -0.15846208814878943, -0.4437396378087723, -0.32565430063353584, -0.30123470885104353, -0.2915942602925173, -0.30123470885104353, -0.1555304509722022, -0.20523055809771965, -0.20523055809771965, -0.5142126807635836, -0.5142126807635836, 0.39760352473893923, 0.6737698731855939, 0.88022932351861, 0.8574364962570707, 0.7972991230324992, 0.679336238845454, 0.7793748419603814, 0.8208649991560301, 0.8210221690312115, 0.8208649991560301], [0.9999838253457048, 1.0, 0.9623745039837899, 0.9991140834737829, 0.9924392667994035, 0.9999838253457047, 0.9732786030915083, 0.9622013197214485, 0.9729935345314642, 0.9554180489781291, 0.9755720293895405, 0.9733326859840958, 0.9732824250899085, 0.973062835567783, 0.9721383983774892, 0.9824159346079984, 0.980827585294802, 0.9798384776633209, 0.9798019721981704, 0.9734171672368571, 0.9734049734772655, 0.979086041444769, 0.9642720782986491, 0.9648647847358118, 0.9649574547911275, 0.9475883567575524, 0.9710512373484732, 0.9268658031868305, 0.9728051906934497, 0.9728656010706929, 0.9706228263176021, 0.9186688148739838, 0.9850676048096983, 0.9851883487356571, 0.9861103469196086, 0.9761974233387524, 0.9830691081411388, 0.9850630933319672, 0.9858456450124168, 0.9855987703902879, 0.986259579200004, 0.9862321614010194, 0.986259579200004, 0.9009464990589129, 0.6350345668470043, 0.8696924445900946, 0.914964934458806, 0.8241010222573142, 0.8760502750964062, 0.8862432475824576, 0.8673842179924013, 0.8812478177376841, 0.8728092664139127, 0.9396835384540104, 0.9397201067385905, 0.9060974948242636, 0.9182170420947535, 0.8911551143181086, 0.8906202834754142, 0.8992204876910034, 0.9000934689445994, 0.8992204876910034, 0.7404390503712146, 0.7067577008138098, 0.7090912692410614, 0.7067577008138098, 0.9114861570722266, 0.9177700224337603, 0.9110562749521215, 0.9125728881094237, 0.9110562749521215, 0.40837739192584604, 0.3530874047705133, 0.4756985757893283, 0.569249139233037, 0.4470674908266993, 0.49534138788410825, 0.49658409838957873, 0.49534138788410825, -0.17879884104665994, 0.8406878330042804, 0.8824967989437982, 0.8668862512724711, 0.9144914991253549, 0.9162044521737351, 0.8337922499564748, 0.8342578112134068, 0.8337922499564748, 0.8462959720503219, 0.8462959720503219, -0.28468251684663654, 0.4896951804834029, -0.37349473004664674, -0.44749477743126287, -0.4498902797411841, -0.45338175577958967, -0.24532230578932784, 0.19693767050888764, -0.16638805509851348, -0.316892359742284, -0.17695725354745037, -0.22983897821811397, -0.2550297700668931, -0.2822524665519122, 0.06919325551713412, 0.06358253847219364, -0.4580376270830751, -0.4080483074183973, -0.4359366459560199, -0.46603234957862033, -0.45844330024392815, -0.43944682937706236, -0.4425571047320102, -0.43944682937706236, -0.34364087392801373, -0.46745865778379814, -0.46745865778379814, -0.4484327722480627, -0.4484327722480627, 0.3974776655830572, 0.44857035106405285, 0.5343141533526069, 0.6146096195966444, 0.5933125854658892, 0.2719926206374827, 0.4145743467754945, 0.4151225449568959, 0.4151879907613805, 0.4151225449568959], [0.9766732136386983, 0.9623745039837899, 1.0, 0.9807312294587149, 0.9905592610715666, 0.9766732136386984, 0.9850087643298209, 0.9829435933311907, 0.9921043291030601, 0.9340287408299189, 0.9961747142656217, 0.9849577899388411, 0.9823828303911248, 0.9847171631755232, 0.9846055498006087, 0.9878172463014226, 0.9889388216098371, 0.982380126687245, 0.9823627055842638, 0.9906090747763998, 0.9848660413631577, 0.9903023438558939, 0.9786154552764512, 0.982185971029375, 0.9822049883595628, 0.9783573528513558, 0.9764807022032528, 0.9456154603854068, 0.9669294145567556, 0.967000653062458, 0.9721236916166439, 0.9482079496364112, 0.9809291971756473, 0.9875697933820833, 0.979223838123806, 0.9823155201292054, 0.9932160616337004, 0.9895362011038163, 0.9790133398454652, 0.9866059210042673, 0.9806337570198581, 0.9799006698141098, 0.9806337570198581, 0.9107731067383247, 0.6220909669424299, 0.9153813865596803, 0.8910349925991707, 0.6677644343478953, 0.9096305953723458, 0.8576250713113743, 0.8974043740879124, 0.8944046230485176, 0.9026576661993851, 0.9295220394578418, 0.9391096969867434, 0.7345337999394869, 0.790262076882303, 0.8104785113190938, 0.8293990078340782, 0.802662465064552, 0.7730130605128972, 0.802662465064552, 0.7136300231787062, 0.7612256562107771, 0.7624993742271537, 0.7612256562107771, 0.8206445602259795, 0.38298440631801556, 0.5759813028272084, 0.6497930229608587, 0.5759813028272084, 0.48944608127628614, 0.46214877315361763, 0.4528656891038681, 0.612639096807858, 0.38800889598935745, 0.4225708636500625, 0.3886543562948856, 0.4225708636500625, -0.5863559425122373, 0.7875839832956437, 0.7642671003717827, 0.7677730631356814, 0.749687240397089, 0.87758488278722, 0.794471707029428, 0.7972599397560323, 0.794471707029428, 0.7392029327389568, 0.7392029327389568, -0.2871426948272268, 0.6933964002346684, 0.16672413204240905, -0.6021519949888765, -0.6290609673194156, -0.6319111321923424, -0.09138089405075779, -0.019550592699334433, 0.29202499773852986, 0.08328899485774237, 0.021845216817282232, 0.05403681570556927, 0.0208305867473578, -0.1585787580306179, -0.004566691205099961, -0.004638669541239419, -0.5969676631518437, -0.5146745947376477, -0.11648931080297108, -0.5713281390945512, -0.4246415025531264, -0.38890692060063375, -0.21885696358064605, -0.38890692060063375, -0.28330157902392294, -0.34429656273057263, -0.34429656273057263, -0.6189256988187287, -0.6189256988187287, 0.308454087420966, 0.5772905936525792, 0.7858726612996451, 0.7638579909195803, 0.7327611964562291, 0.5712415918571351, 0.7125892763773135, 0.7203625538333165, 0.7522837441513334, 0.7203625538333165], [0.9996949129063307, 0.9991140834737829, 0.9807312294587149, 1.0, 0.9984533689379201, 0.9996949129063305, 0.9915572620368454, 0.9871305811321609, 0.9925798799796498, 0.9713603326361188, 0.9844354031895018, 0.991592903682308, 0.9916844397171013, 0.9916348361596855, 0.9916808469625539, 0.9946412328349041, 0.994799649660575, 0.9925570462680585, 0.9925486131091708, 0.9929500876348272, 0.991576767902428, 0.9799206760620097, 0.9661242592505003, 0.978591505793392, 0.9785643670293106, 0.9611268231402507, 0.9556424077330129, 0.943494778892649, 0.989819435646418, 0.9897859531955762, 0.9866619386114659, 0.9741494017305378, 0.9940005287735889, 0.9953346396285171, 0.9939755492204834, 0.9925610996433277, 0.9897710378083416, 0.9952483344846423, 0.9943857395660075, 0.995833084539147, 0.9941139848221755, 0.9941059962011772, 0.9941139848221755, 0.9012060127507754, 0.693381188417284, 0.8801281260506446, 0.9096364075246124, 0.8022805907051757, 0.9609747138400417, 0.9221051457407786, 0.9507778451527116, 0.9467062827141358, 0.9513130230184481, 0.9744751291885816, 0.9699070073903169, 0.8775278591840054, 0.8801697487287383, 0.9086482428504133, 0.8880715726748631, 0.899793304962834, 0.9011034521645116, 0.899793304962834, 0.8139787479584355, 0.8874680538518883, 0.8889297123131997, 0.8874680538518883, 0.8721372388555646, 0.6242114564532893, 0.8051267703685884, 0.807167030255481, 0.8051267703685884, 0.586503541658143, 0.45663254761800337, 0.5584410195567333, 0.7045603405418797, 0.44853998138274465, 0.4899893899639134, 0.49297418725754605, 0.4899893899639134, -0.5966281848029323, 0.8573461150676827, 0.882411681031966, 0.8655142368057702, 0.8765419041433377, 0.9275111507475958, 0.8572711184435098, 0.8590731680285767, 0.8572711184435098, 0.8531813218093678, 0.8531813218093678, -0.18316417751449918, 0.5218386415943128, 0.22384384842480476, -0.5131551268327803, -0.5437337740192695, -0.5474254108827151, 0.009535152252307786, 0.016354191491161758, 0.29103198740696884, 0.20561865890277775, 0.11865771976833073, 0.09819380558714379, 0.12603383179676741, -0.16871115932612193, 0.08234050224807404, 0.08259896649133089, -0.5127193080447792, -0.4095418075477991, -0.1603368678097588, -0.45747628660535505, -0.32812011831988186, -0.3030921479381901, -0.2940064271936579, -0.3030921479381901, -0.16566405223980052, -0.21591110880078523, -0.21591110880078523, -0.5258673331532091, -0.5258673331532091, 0.38080221926507174, 0.6617777031990876, 0.8730450648009743, 0.8502352395348337, 0.7902795694301316, 0.6708117860715113, 0.7708740973053804, 0.8127336666937248, 0.8129033768257876, 0.8127336666937248], [0.9972009140425745, 0.9924392667994035, 0.9905592610715666, 0.9984533689379201, 1.0, 0.9972009140425745, 0.9964288558519623, 0.9940871813816217, 0.9966116637587034, 0.959895607343724, 0.9944855023933435, 0.9964483477561329, 0.9965534980948448, 0.9964828659535181, 0.9964773658269689, 0.9975696280925881, 0.9972130277560481, 0.997101583626125, 0.9970976951084816, 0.9964452388335375, 0.9964414908006074, 0.9928194285746076, 0.9793844530405094, 0.9892158557355908, 0.9891677446174532, 0.9797278199093488, 0.9779978447545513, 0.9479140116255915, 0.9885490539592945, 0.9884874436188161, 0.9881985971792143, 0.9652522968667464, 0.9976784804025312, 0.9976287154527239, 0.9975386681807157, 0.9970133853595443, 0.9969565833242358, 0.9978390870861207, 0.9979572808162606, 0.9976989840395618, 0.9976720526432745, 0.9976742915075311, 0.9976720526432745, 0.9189547202849976, 0.6566906384152754, 0.9074908287898026, 0.9115104121232229, 0.7644951253745274, 0.9416161962501467, 0.8944866587892674, 0.9306513588146246, 0.932405040149984, 0.9406906309609495, 0.9679894522452812, 0.9680812675378571, 0.8662932019770173, 0.8523048045580001, 0.8884799771122939, 0.8698919260904159, 0.8863078444379616, 0.8869382567461395, 0.8863078444379616, 0.7793112824836562, 0.8220913484984168, 0.8239500101143619, 0.8220913484984168, 0.8554949707528557, 0.7305984334566687, 0.8347171006989619, 0.8360747623818855, 0.8347171006989619, 0.5328950803885855, 0.3928762741835964, 0.5132822173572231, 0.688456281699302, 0.5039858715437655, 0.4801312768668453, 0.4806432537246135, 0.4801312768668453, -0.5817909767526537, 0.8323306698452244, 0.844137642694934, 0.8319856247088072, 0.8779939798862676, 0.8984909519243441, 0.8353191873970086, 0.8370945668131023, 0.8353191873970086, 0.844039601386236, 0.844039601386236, -0.2309213249976982, 0.5941022297338575, 0.07993890270522433, -0.5722111306934874, -0.6078079817382713, -0.6081676387226874, -0.029035035610276427, 0.03579093209784937, -0.1074724228835268, -0.04570345555026006, -0.035404330585774586, -0.27974229347818397, -0.33267937827305316, -0.48013545834012306, 0.044785978311277216, 0.04487337986871336, -0.5465880740790481, -0.4517472999009188, -0.4728303474760808, -0.5064223561102729, -0.5641925727427272, -0.5343269084978084, -0.5367233163052607, -0.5343269084978084, -0.21389728996804655, -0.2582134565353158, -0.2582134565353158, -0.6339613145460092, -0.6339613145460092, 0.3551793684363601, 0.6390871458393911, 0.8205144183836297, 0.7908548825178172, 0.776694253252399, 0.5983063125803536, 0.6193795018380813, 0.7051134296267659, 0.705458207681389, 0.7051134296267659], [1.0, 0.9999838253457047, 0.9766732136386984, 0.9996949129063305, 0.9972009140425745, 1.0, 0.9898139499094, 0.9849208945143985, 0.9903789009363593, 0.9733106462229492, 0.9783263492191887, 0.9898628884603204, 0.9900281134279927, 0.9899351631605251, 0.9899972528207736, 0.9929974813280222, 0.9931699084940451, 0.9910628456009238, 0.9910537371041164, 0.9909857702845649, 0.989856250461237, 0.9764798912426577, 0.9629006473790132, 0.9754750666241895, 0.975446165113393, 0.9470998107334826, 0.9510077890080774, 0.942023063940866, 0.9897956554187858, 0.9897507684107725, 0.9855792584042532, 0.9745061457547433, 0.9930752636096963, 0.9940304695837525, 0.9930949181827362, 0.9912639574738255, 0.9851664929391303, 0.9936883490883444, 0.9936590795975435, 0.994613764778851, 0.9932914211737373, 0.9932806399432788, 0.9932914211737373, 0.9008041407663919, 0.7054952798415729, 0.8685213322632653, 0.9137792826272667, 0.8248865946603471, 0.9665564533083746, 0.9299198808501753, 0.957347224312034, 0.9521193884559109, 0.9559475730537897, 0.9785723241615513, 0.9724715536082991, 0.9048640833924829, 0.8918889010722899, 0.9254695268990667, 0.8945128015265642, 0.9217973997521641, 0.9227459349686552, 0.9217973997521641, 0.8252836725453456, 0.9018097445932575, 0.9031318929209373, 0.9018097445932575, 0.8782548306948378, 0.6994331480267929, 0.8550962875657553, 0.8570483477217808, 0.8550962875657553, 0.5973944783645441, 0.4849906752569373, 0.571595838466892, 0.7238943298117201, 0.45608740386205776, 0.5237366875827625, 0.5259796113799207, 0.5237366875827625, -0.594688990226034, 0.8655200339885265, 0.896093175939375, 0.8777807764570701, 0.9065433360495043, 0.9320421722962077, 0.8641862326871519, 0.8657821199792266, 0.8641862326871519, 0.8778789841279124, 0.8778789841279124, -0.1756627990942102, 0.48919609489765076, 0.21892528875202366, -0.5043674375978459, -0.5353185460218233, -0.539099011149049, 0.022213367265568287, 0.022983012676210324, 0.2982095703842151, 0.21781209349414393, 0.12929944783747835, 0.10487868686770684, 0.13221973905544473, -0.16064503866801377, 0.09485192698671654, 0.09506185721873436, -0.5047679782147788, -0.39783520108419623, -0.15846208814878943, -0.4437396378087723, -0.32565430063353584, -0.30123470885104353, -0.2915942602925173, -0.30123470885104353, -0.1555304509722022, -0.20523055809771965, -0.20523055809771965, -0.5142126807635836, -0.5142126807635836, 0.39760352473893923, 0.6737698731855939, 0.88022932351861, 0.8574364962570707, 0.7972991230324992, 0.679336238845454, 0.7793748419603814, 0.8208649991560301, 0.8210221690312115, 0.8208649991560301], [0.9898139499094, 0.9732786030915083, 0.9850087643298209, 0.9915572620368454, 0.9964288558519623, 0.9898139499094, 1.0, 0.9969801101235626, 0.9999662428153524, 0.9484725857536584, 0.9995132488219554, 0.9999958626929337, 0.9999560195905556, 0.9999917762122076, 0.999914626833619, 0.9936262007309301, 0.9998034128127582, 0.9998191757659625, 0.9998196139635824, 0.9999942040859491, 0.9999962872784959, 0.9906684193322545, 0.9740482970452903, 0.9832032813532811, 0.9920506892682379, 0.9814731451808443, 0.9699727992411197, 0.9373445383735958, 0.9926081160355779, 0.9922455014922439, 0.9921570885390237, 0.968194975750139, 0.999273089549216, 0.9993572840827855, 0.9993325911023837, 0.9997297184920406, 0.9984627119534758, 0.9992293867791014, 0.9981429537296881, 0.9993410204232275, 0.9990831962798211, 0.9989961342684152, 0.9990831962798211, 0.9246929920158506, 0.65378336048641, 0.9284638772364945, 0.9116168296069684, 0.7074700619855321, 0.9494574712803063, 0.9126252403945622, 0.9371556571500439, 0.9280052593275797, 0.9393827164927897, 0.9693967865210661, 0.9614597860962064, 0.689559213962531, 0.7939782213793295, 0.7808477061893727, 0.8261891570385403, 0.7733984466935057, 0.7454644543951835, 0.7733984466935057, 0.7297060576909137, 0.7480359292795871, 0.751923359520148, 0.7480359292795871, 0.8083571768605894, 0.2577351486710569, 0.4807550905769537, 0.5777589141670301, 0.4807550905769537, 0.4972227593234294, 0.4588782963912961, 0.45413760377687107, 0.5885870176296939, 0.36361337568152496, 0.3955403807891229, 0.3426506762021835, 0.3955403807891229, -0.6507412379098071, 0.7843840446938509, 0.7829122875023322, 0.7769216765626731, 0.7152601827311318, 0.8821498277100828, 0.7905396791196022, 0.7930986394819459, 0.7905396791196022, 0.6951039293283556, 0.6951039293283556, -0.26939060346565935, 0.6540497535666625, 0.26712519602512513, -0.5620966890125485, -0.5906797145780324, -0.5938726275927786, -0.048376452886865755, -0.0389333112323163, 0.3847366087194375, 0.16177079227000016, 0.0735881296915448, 0.14157510601086518, 0.10985692201072689, -0.07714956717086575, 0.005822858042687708, 0.006185173680493722, -0.5634336070740347, -0.4861720542264345, -0.004486184365290667, -0.5482636036763991, -0.3358426669586636, -0.30295443624541535, -0.12539438566065267, -0.30295443624541535, -0.25304123892483066, -0.2719589185989781, -0.2719589185989781, -0.5960131758519159, -0.5960131758519159, 0.3494131088397094, 0.6118139076187419, 0.8044408086929566, 0.810101316513661, 0.7628925121030057, 0.650778672994493, 0.749303157006267, 0.7724678566886759, 0.790634315806703, 0.7724678566886759], [0.9849208945143985, 0.9622013197214485, 0.9829435933311907, 0.9871305811321609, 0.9940871813816217, 0.9849208945143985, 0.9969801101235626, 1.0, 0.9994116281193731, 0.9393587702651365, 0.9979504931706323, 0.9978149829228208, 0.9991975631035956, 0.9989127402068649, 0.998580372351176, 0.9856491696395431, 0.998819003123288, 0.9989761219334061, 0.9989796942771398, 0.9994613338588091, 0.9990939903527755, 0.9905170051135597, 0.974393940299873, 0.9911853810082791, 0.9918570612818195, 0.9756508682661953, 0.972045075002833, 0.9354012113575275, 0.988974872421426, 0.9924039432327402, 0.9903913418071129, 0.9643750877089636, 0.9980597748427646, 0.9979317982875204, 0.9979447757839749, 0.9989472980883956, 0.9954529783005809, 0.9976809592670852, 0.9974840716241602, 0.9977959513679623, 0.9978827153173455, 0.9979151769714539, 0.9978827153173455, 0.9234263399121024, 0.6380768338644006, 0.9314147834302922, 0.9089577566204032, 0.6781722928948284, 0.9472574582985577, 0.9052590800465911, 0.9335033052615829, 0.9186644476088482, 0.9315707571221791, 0.9645971178309555, 0.9557065638488319, 0.6719545259468528, 0.7748943412680669, 0.7596731767962626, 0.8135699828499785, 0.753557806038502, 0.7305579125362235, 0.753557806038502, 0.7124485328489616, 0.7249672549188952, 0.7361858073739295, 0.7249672549188952, 0.7955999525112127, 0.23309090619828496, 0.4544176787811934, 0.5574951005238084, 0.4544176787811934, 0.48021637587519006, 0.4505735717117132, 0.4349985394627539, 0.5698432032155684, 0.35214816090794543, 0.38168910831045155, 0.3226152954518246, 0.38168910831045155, -0.651122709381852, 0.7699247454871547, 0.7583200215141545, 0.7575404536192557, 0.6974026415213812, 0.8712035946948388, 0.7769301380458478, 0.7797734209209741, 0.7769301380458478, 0.6720532878687451, 0.6720532878687451, -0.2888382758811003, 0.690125908428763, 0.27633754675473815, -0.5781528018030648, -0.6061415267534817, -0.6091330107554052, -0.06472881135199256, -0.04926416796598976, 0.3782776384137384, 0.14210516353046143, 0.05697155168696691, 0.13251290230449753, 0.09394200633958567, -0.08345245260302354, -0.01291135489054369, -0.012532714581023681, -0.577440560278451, -0.5039741555338583, -0.011108658832300932, -0.5695409564760934, -0.3502951574052594, -0.31553816103048204, -0.13145258209597274, -0.31553816103048204, -0.27404579653148436, -0.28797671403173364, -0.28797671403173364, -0.6111674754307571, -0.6111674754307571, 0.32214016898280956, 0.5925935798283306, 0.7940372087773546, 0.7910220232312523, 0.7486421800582213, 0.6336943267469842, 0.7324210564724591, 0.752153708467576, 0.7741974752496193, 0.752153708467576], [0.9903789009363593, 0.9729935345314642, 0.9921043291030601, 0.9925798799796498, 0.9966116637587034, 0.9903789009363593, 0.9999662428153524, 0.9994116281193731, 1.0, 0.9471845676235349, 0.9994462434254542, 0.9999674098175263, 0.9999629185263826, 0.9999726204780168, 0.9999276821712261, 0.9979683408899538, 0.999706169632892, 0.9997519523846193, 0.9997529289447937, 0.9999644564813703, 0.9999647661595658, 0.9939476351776175, 0.9768846593159298, 0.9934074175079255, 0.9933440111035321, 0.9812437780076206, 0.9760281582197621, 0.939500026832179, 0.9910667089509019, 0.9910339996452908, 0.9889371205959636, 0.9635208502081605, 0.9992869342949241, 0.9992495414967878, 0.9991078903378026, 0.999857655838599, 0.9983623617197812, 0.999219794247405, 0.9991171507505838, 0.9992203291124941, 0.9991278271723747, 0.9991339001980931, 0.9991278271723747, 0.9247597407722825, 0.6552358921031526, 0.9286588332444198, 0.9118573002839889, 0.706815835544845, 0.9367598214074349, 0.8863982835048029, 0.921351996931327, 0.9234988282192739, 0.9357442769586638, 0.9629748172676883, 0.9618835802015798, 0.8353997820396056, 0.7949172469835053, 0.8584191220360402, 0.8270327232278333, 0.8563095144346553, 0.857168035873004, 0.8563095144346553, 0.7288096587725282, 0.8015478841099202, 0.8034369342573511, 0.8015478841099202, 0.8098011685453432, 0.6875716547447871, 0.8009610047112654, 0.8026934287163344, 0.8009610047112654, 0.4961704786843171, 0.3128575088320306, 0.4535686493509382, 0.6323747237899559, 0.4252105962131662, 0.38764016286979813, 0.3879718702884576, 0.38764016286979813, -0.630365553204379, 0.7848513650419928, 0.7824538663302035, 0.7768989101160824, 0.8475300977537322, 0.8690906103863345, 0.7973250237120798, 0.8001000904366247, 0.7973250237120798, 0.8059716856081166, 0.8059716856081166, -0.2720676314923709, 0.6546984622056736, 0.10320903723222002, -0.5916994773517524, -0.6359262003581612, -0.6367295402145323, -0.052040378102228925, -0.037205048900225905, -0.11737174445743669, -0.020478800589242247, -0.023997266013114093, -0.31453653808919296, -0.3433144184069727, -0.5232385833799913, 0.004398371307220751, 0.004985926732638018, -0.5654972197201016, -0.48857200893006975, -0.4842467623425377, -0.5507142771479193, -0.5813235285329009, -0.5605681986148292, -0.562449802511615, -0.5605681986148292, -0.2556446143287906, -0.2758244089190166, -0.2758244089190166, -0.6943208302020087, -0.6943208302020087, 0.3501319737556228, 0.6107955325621925, 0.8266464030100616, 0.8020205333933017, 0.7613491216032081, 0.6357130168975456, 0.6509443834617805, 0.7232248908716318, 0.7233723012489471, 0.7232248908716318], [0.9733106462229492, 0.9554180489781291, 0.9340287408299189, 0.9713603326361188, 0.959895607343724, 0.9733106462229492, 0.9484725857536584, 0.9393587702651365, 0.9471845676235349, 1.0, 0.914916359940375, 0.948516064956264, 0.9486279897580476, 0.9481380707728513, 0.9474333220505953, 0.9499720694160313, 0.9558588713042077, 0.9548951429342121, 0.9548641963837597, 0.9486681043438803, 0.9486553954973516, 0.9477375513007651, 0.9393452308479386, 0.9505689484070333, 0.9507864202253877, 0.7916890693781649, 0.9552965135615562, 0.9494712516195305, 0.9562223120221979, 0.956366951339462, 0.9542918631442882, 0.9279739258347103, 0.9592382224559846, 0.9595045958458036, 0.9603699849747467, 0.9507286710684671, 0.9280600535187389, 0.9584330838669924, 0.960026775366528, 0.9598259806170659, 0.9606853277783126, 0.9606458960301409, 0.9606853277783126, 0.7710701675145023, 0.45376792083936235, 0.7129901345287207, 0.8648145765318431, 0.8479615262001841, 0.874560038715076, 0.7511022775394526, 0.8524837318441755, 0.8655750365549731, 0.875808249558226, 0.8933397192051146, 0.8933846149608784, 0.8469025737598862, 0.8375992840099018, 0.874436274443019, 0.8492820829831583, 0.8652167800592199, 0.8662029000108284, 0.8652167800592199, 0.7817933267278757, 0.7614872241885207, 0.763770896419256, 0.7614872241885207, 0.8423136705738291, 0.8662870622347425, 0.8400924675313562, 0.8410221877281732, 0.8400924675313562, 0.6058145285253898, 0.5257969447861197, 0.6058874165767197, 0.7322314970425879, 0.6235928502784247, 0.6463126259410803, 0.6498699502484595, 0.6463126259410803, -0.2620277960588001, 0.8442314122325137, 0.9116417871701147, 0.8643774511378973, 0.8651559092635959, 0.8766831665111031, 0.835179847130449, 0.8367031732474376, 0.835179847130449, 0.8486154938112108, 0.8486154938112108, 0.01380998254973173, 0.20432388188955602, -0.064203477889296, -0.33540478453194256, -0.36947772571256177, -0.37139461835128784, 0.1242646604278159, 0.36898540073629355, 0.14731513138796318, 0.05205722536970199, 0.15392905762232928, 0.06334850106323259, -0.045147472363975344, -0.09861927927967848, 0.2608468682354167, 0.2596372229222432, -0.3175713274720595, -0.2642165206010016, -0.26756775223479234, -0.26933611291458043, -0.34235862967628716, -0.2905967738679641, -0.2923513869781614, -0.2905967738679641, -0.03318021213746486, -0.3094756221919547, -0.3094756221919547, -0.3782468877444851, -0.3782468877444851, 0.5800450183680831, 0.6825034241007657, 0.7605911406466059, 0.662879532494025, 0.8403719056920119, 0.30339445913564783, 0.3934104116695551, 0.576371680822484, 0.576635254453384, 0.576371680822484], [0.9783263492191887, 0.9755720293895405, 0.9961747142656217, 0.9844354031895018, 0.9944855023933435, 0.9783263492191887, 0.9995132488219554, 0.9979504931706323, 0.9994462434254542, 0.914916359940375, 1.0, 0.9995102580763369, 0.9995058163167964, 0.9994511452930988, 0.9994915350055434, 0.9982767274808694, 0.9995525844010213, 0.9996829688559843, 0.9996884791180712, 0.9995193973222609, 0.9995204680221756, 0.9912757056175965, 0.9566219958830932, 0.9909066771601446, 0.990878023252058, 0.9853569053557006, 0.9718196974591997, 0.8926462847278439, 0.9884943944880248, 0.9885562034323729, 0.9703231223295963, 0.8876178218625353, 0.9985397544438809, 0.9984863969642351, 0.9982451857291096, 0.9991796997760629, 0.999100249876964, 0.998516599133799, 0.998261982553704, 0.9984420336954211, 0.9981965871809589, 0.9982108684441532, 0.9981965871809589, 0.9185780483818121, 0.5484432073054056, 0.9243136992109149, 0.9107503323162742, 0.7093342462223082, 0.8324446101871606, 0.8365763502969864, 0.8210429565528402, 0.8196299441564071, 0.8287368186271138, 0.922451788257623, 0.9226332851108727, 0.8215026482933596, 0.8335455687398767, 0.7937373930207534, 0.7965456066157577, 0.8047346840010982, 0.8058391866494317, 0.8047346840010982, 0.6096850849162612, 0.5702487868269853, 0.5730481419834678, 0.5702487868269853, 0.8346408219642036, 0.8458427956276289, 0.8325662808108273, 0.8344130311297854, 0.8325662808108273, 0.2576777264131642, 0.19077217888468112, 0.3199585344915722, 0.4343883972854403, 0.3024793813208683, 0.3593493540926299, 0.36262137969426306, 0.3593493540926299, -0.39442726829070596, 0.7291975594433977, 0.7874908325952296, 0.7642188621537205, 0.832064633880085, 0.8284363671625222, 0.7209515243498281, 0.721605614135389, 0.7209515243498281, 0.7370588832371845, 0.7370588832371845, -0.3370413497690573, 0.6445330819904063, -0.39411062360826316, -0.5351631265481679, -0.5377341211584128, -0.5399740447637085, -0.31798268917114025, 0.11824480446771915, -0.23572076409194956, -0.3788626247459524, -0.2449333052080811, -0.30456881084777404, -0.3399708967305303, -0.36947616525644944, -0.01262473398842061, -0.017123524731814065, -0.5423929951974746, -0.5035045299038642, -0.5211722976756025, -0.5559540486093967, -0.550368605845067, -0.5256805670912283, -0.5284630176706948, -0.5256805670912283, -0.43331439374132424, -0.5855206167922596, -0.5855206167922596, -0.5967942887425394, -0.5967942887425394, 0.3449252645097956, 0.37598089081978064, 0.47342264872309103, 0.5550397231071641, 0.5579301996035378, 0.16916793392157684, 0.3146826934948113, 0.3427023681274693, 0.34285182713775025, 0.3427023681274693], [0.9898628884603204, 0.9733326859840958, 0.9849577899388411, 0.991592903682308, 0.9964483477561329, 0.9898628884603204, 0.9999958626929337, 0.9978149829228208, 0.9999674098175263, 0.948516064956264, 0.9995102580763369, 1.0, 0.9999613882744309, 0.9999938106900587, 0.9999202642822971, 0.9944887543100345, 0.9998056510017265, 0.9998206896880562, 0.9998210501198564, 0.9999959696519091, 0.9999969345202238, 0.9906205726653917, 0.9740137250174967, 0.9888864049066193, 0.9920236937298431, 0.9814447396884126, 0.9698719844756112, 0.937282685660408, 0.9925946114694337, 0.992259498957241, 0.9921483192302152, 0.9682206452591104, 0.9992756020851017, 0.9993626092304567, 0.9993420648820758, 0.9997355098397106, 0.9984661966264768, 0.9992396888111778, 0.99814720259285, 0.9993490553425818, 0.9990881400189182, 0.9989992379264965, 0.9990881400189182, 0.9247297682154125, 0.6539650638370037, 0.928745854490972, 0.9118832094825751, 0.7076601079226739, 0.9495051876679079, 0.9128340938400505, 0.9372450875595107, 0.9281054570745695, 0.9394671859091217, 0.969502983578471, 0.9615448149331399, 0.6894820981268562, 0.7941466665651253, 0.7809667741975792, 0.8263123360977453, 0.7735158500390341, 0.7453953670093101, 0.7735158500390341, 0.7297781366817644, 0.7481012375350153, 0.7518484038550776, 0.7481012375350153, 0.808525217253428, 0.2575887136700347, 0.4807657431931207, 0.5776559629915596, 0.4807657431931207, 0.49715372834343113, 0.4587840575928382, 0.45407924720815807, 0.5886204227853522, 0.36347919701477066, 0.395636873514888, 0.3426931980771423, 0.395636873514888, -0.650895288433075, 0.7844540616789696, 0.7830687494659834, 0.7770267080545397, 0.7152498025899087, 0.8822626161124035, 0.7906299468657805, 0.793183916150738, 0.7906299468657805, 0.6951901078857998, 0.6951901078857998, -0.26937561958782147, 0.6540785866333069, 0.26725444591875264, -0.5620506342631654, -0.5905832593388691, -0.5937814058176223, -0.048452188612745646, -0.039097055500169654, 0.38492381060521386, 0.16180988084362302, 0.07354307422030756, 0.14185770402818365, 0.11012083080416195, -0.076830455032676, 0.005856303438759722, 0.006236394360996602, -0.5634173463665177, -0.48619547958441595, -0.004208736133271198, -0.5482374618352328, -0.3355563039232748, -0.30269703494669276, -0.12516303838771986, -0.30269703494669276, -0.25288047426238686, -0.2719038009803687, -0.2719038009803687, -0.5958704706590244, -0.5958704706590244, 0.34999096126919516, 0.6119987842279524, 0.804481479068009, 0.8103860350808659, 0.7630070468345034, 0.6510548442488661, 0.7494545018737222, 0.772740732071113, 0.7907622438698994, 0.772740732071113], [0.9900281134279927, 0.9732824250899085, 0.9823828303911248, 0.9916844397171013, 0.9965534980948448, 0.9900281134279927, 0.9999560195905556, 0.9991975631035956, 0.9999629185263826, 0.9486279897580476, 0.9995058163167964, 0.9999613882744309, 1.0, 0.9999658871621394, 0.9999079435085286, 0.9974243268591279, 0.999801072209185, 0.9998634612366718, 0.9998641255614688, 0.9999823091475183, 0.999960475387758, 0.990147103422698, 0.9738168575921597, 0.9927717630016779, 0.9927302193686977, 0.9814120013755182, 0.9694821601068463, 0.937204215509473, 0.9933694502685069, 0.9933883704240654, 0.9918954355846868, 0.9680134876575025, 0.9995025375786769, 0.9993664615365313, 0.9993979738068528, 0.9998855447979902, 0.9984628270326434, 0.9992470575126972, 0.9992062104075538, 0.9993591791240088, 0.9993754582821761, 0.9993794901736047, 0.9993754582821761, 0.924820751445965, 0.6541234799760234, 0.9287369944453829, 0.9118412288654675, 0.7076514418410103, 0.95379704133497, 0.9102912249396904, 0.9392245643451883, 0.9281893018382583, 0.9394617291437671, 0.9692269013157503, 0.9616157796727631, 0.6406547808244527, 0.7938602568238705, 0.7796977849457394, 0.8267948874032974, 0.7724383096728742, 0.716224037454534, 0.7724383096728742, 0.729696625858022, 0.7381387052087398, 0.7427386452535942, 0.7381387052087398, 0.8090058679626121, 0.18565018468063918, 0.46789596823926916, 0.4739949876035177, 0.46789596823926916, 0.49730688269320233, 0.35058543649989077, 0.4543338003728785, 0.5881151186270193, 0.3637048920553548, 0.362110125243221, 0.34232589312767375, 0.362110125243221, -0.651085250866217, 0.7849490672468651, 0.7830495062413081, 0.7767840959868366, 0.6525142034726912, 0.8827657837254315, 0.7911659225997422, 0.7937140723158331, 0.7911659225997422, 0.6936400789169597, 0.6936400789169597, -0.26902321448033795, 0.6539656037086901, 0.2709037242298389, -0.5618916288296414, -0.5902420564157941, -0.5934402428115755, -0.048842376326846564, -0.03899024257836391, 0.33746269077523516, 0.16197562765356063, 0.07328520134359583, 0.14530682311645982, 0.1125231003445039, -0.0870443067466564, 0.005980133345375764, 0.006363799508802123, -0.5635876671985791, -0.48627701663748274, -0.06988538885476812, -0.547951500896059, -0.33350174598904647, -0.30041513203367065, -0.21287246501543688, -0.30041513203367065, -0.2524127436434876, -0.2730326048588176, -0.2730326048588176, -0.5951177458624747, -0.5951177458624747, 0.35011928872476417, 0.6121734900488648, 0.7892471293549111, 0.8104293716292292, 0.7633950570019952, 0.6507886326851686, 0.7075553667189096, 0.7606087629573612, 0.7607563279666467, 0.7606087629573612], [0.9899351631605251, 0.973062835567783, 0.9847171631755232, 0.9916348361596855, 0.9964828659535181, 0.9899351631605251, 0.9999917762122076, 0.9989127402068649, 0.9999726204780168, 0.9481380707728513, 0.9994511452930988, 0.9999938106900587, 0.9999658871621394, 1.0, 0.9999333273455355, 0.997268745503853, 0.9997956336290658, 0.9998240260622477, 0.9998242577445309, 0.9999937960022026, 0.9999940158524865, 0.9904680336433108, 0.9739077452845863, 0.9926056674371359, 0.9924793582899288, 0.9813014413866366, 0.9695210456911398, 0.9368830258355737, 0.9933200894150486, 0.9933665241329748, 0.9921871944996506, 0.9684088286770142, 0.999328601914596, 0.9993612799092838, 0.9993746751602356, 0.9997749155920816, 0.9983920953874359, 0.9992433021298183, 0.9984761157552305, 0.999358160602785, 0.9991393568924257, 0.9990581909061403, 0.9991393568924257, 0.9249864486389388, 0.6547559081984299, 0.9290798322929268, 0.9121722484316351, 0.7072549986153439, 0.9500985718285063, 0.9136071197112916, 0.9378814109834623, 0.9285360508622912, 0.9398612563652956, 0.9699455332504389, 0.9619517947311609, 0.6897941133397395, 0.7944336204787373, 0.7808858384124825, 0.8266022334481269, 0.7734802851982905, 0.7450369226322682, 0.7734802851982905, 0.7299870453679719, 0.7480475769226808, 0.7522887878580184, 0.7480475769226808, 0.8089092976214909, 0.2568721144233286, 0.48021598548599476, 0.5777064613948536, 0.48021598548599476, 0.4969638623563658, 0.4593558707493212, 0.45396093764822243, 0.5883559845561557, 0.3630488743267289, 0.3956685886869139, 0.34231988494787774, 0.3956685886869139, -0.6512922933931751, 0.7845977491477504, 0.7825578591665192, 0.7771095941314664, 0.7041743458330254, 0.8825576107768018, 0.7907733094161591, 0.7933154381477147, 0.7907733094161591, 0.6949832421418384, 0.6949832421418384, -0.2712368805519758, 0.6551582485275979, 0.26778622685042236, -0.5626180321525764, -0.5910088474922197, -0.5942127050158343, -0.049742245894338094, -0.04046771346516907, 0.385212713988159, 0.1612892544502459, 0.07262114719160366, 0.14191330473449387, 0.11017689708479327, -0.07668605650471355, 0.0046981392379925385, 0.005073784046744474, -0.5641345966782635, -0.48731844229497656, -0.003612227450792864, -0.549797472520119, -0.3354284663459914, -0.3026446959472955, -0.12459064552736566, -0.3026446959472955, -0.253996076184317, -0.27242453986281284, -0.27242453986281284, -0.5959739794599437, -0.5959739794599437, 0.35016249590496284, 0.6116785020686418, 0.8050206425091504, 0.8108527804924819, 0.7624216343633051, 0.6518629820013593, 0.7502498746965296, 0.7731408137500991, 0.7913731197873041, 0.7731408137500991], [0.9899972528207736, 0.9721383983774892, 0.9846055498006087, 0.9916808469625539, 0.9964773658269689, 0.9899972528207736, 0.999914626833619, 0.998580372351176, 0.9999276821712261, 0.9474333220505953, 0.9994915350055434, 0.9999202642822971, 0.9999079435085286, 0.9999333273455355, 1.0, 0.9973873644873563, 0.9996879757737729, 0.9997707764487791, 0.9997718794400534, 0.9998966599833184, 0.999915951409011, 0.9902229225101162, 0.9736817634074157, 0.9918583591701772, 0.9914797068499676, 0.9813582882617774, 0.9692307106760919, 0.936898987998818, 0.9924146120562004, 0.9924212024080072, 0.9915754101801569, 0.967501265117357, 0.999338877404074, 0.999210536197913, 0.9993128201407119, 0.9997619220021552, 0.9982953485519821, 0.9992224578848743, 0.9984622175171214, 0.9992338736504195, 0.9991568912584363, 0.9990898382559082, 0.9991568912584363, 0.9236003803329865, 0.655170922273945, 0.9279645494702145, 0.9112003477605821, 0.7042873524789006, 0.9506690622598098, 0.9145130647380988, 0.9388762209267423, 0.9280221707507476, 0.9391804060601963, 0.9703304556193594, 0.9615427850888383, 0.6912631346352646, 0.7930670961700187, 0.7812381331613267, 0.8263109573006502, 0.7738383956708779, 0.7473632950012721, 0.7738383956708779, 0.7281767225847001, 0.7476154815132506, 0.7534923470804995, 0.7476154815132506, 0.8089435223141842, 0.25702919813562614, 0.47997200772314697, 0.579174157071749, 0.47997200772314697, 0.4955609082876556, 0.46119730528084507, 0.4525858489841407, 0.5880312387723775, 0.361814536914924, 0.39635041898740914, 0.34257782137117826, 0.39635041898740914, -0.65178858700901, 0.7840522409864689, 0.7811471946646423, 0.7760490621509799, 0.7173267708140341, 0.8829363591862633, 0.7903942855545872, 0.7930610804473207, 0.7903942855545872, 0.6952160677129597, 0.6952160677129597, -0.27191566319643634, 0.6574475326565222, 0.2677703124847005, -0.5629467369706046, -0.5910304586373418, -0.593992809022356, -0.05172515949281645, -0.042194726872880055, 0.3865073177861482, 0.16072908287183515, 0.07135524942035153, 0.14299357716339417, 0.11124012773945625, -0.07513229013459076, 0.0038026067791462254, 0.004379772883392229, -0.5654914113773538, -0.48894979109599135, -0.0017856822096603572, -0.5508638888097048, -0.33453068411073267, -0.3017595048363062, -0.12308290759974681, -0.3017595048363062, -0.2541905338056798, -0.27540325212007444, -0.27540325212007444, -0.5958055509468331, -0.5958055509468331, 0.3475132400923074, 0.6095127458501249, 0.806135893083124, 0.8116623687134094, 0.7607572918719496, 0.6508851014575616, 0.7520452713411915, 0.7739228263816189, 0.7928520739057553, 0.7739228263816189], [0.9929974813280222, 0.9824159346079984, 0.9878172463014226, 0.9946412328349041, 0.9975696280925881, 0.9929974813280222, 0.9936262007309301, 0.9856491696395431, 0.9979683408899538, 0.9499720694160313, 0.9982767274808694, 0.9944887543100345, 0.9974243268591279, 0.997268745503853, 0.9973873644873563, 1.0, 0.9980662843691125, 0.9976546561271481, 0.997651794188291, 0.997737454393985, 0.997197060806089, 0.9910663940272819, 0.9765929520289496, 0.9690591592689257, 0.9867674350880875, 0.9860073509978983, 0.9708067758580021, 0.9463931522869211, 0.9915432441078025, 0.9893781361746965, 0.9883946452309027, 0.9664011426354505, 0.997445494387155, 0.9974829843925836, 0.9972802678312281, 0.9972363127184358, 0.9984195936327445, 0.9980126586779864, 0.9972691320827717, 0.9977240611652956, 0.9973804747774596, 0.9973569025900653, 0.9973804747774596, 0.9148450608915918, 0.665744860448186, 0.9201987121561037, 0.9146353926510962, 0.7312060751125754, 0.952566950743