var config = { responsive: true }

var correlationAdjClose = {"data": [{"type": "heatmap", "z": [[1.0, 0.9999929019822887, 0.9837871539781446, 0.9999204646727357, 0.9988108118296453, 0.9888988731509792, 0.9973312349536813, 0.9949229808498711, 0.9951975178175397, 0.9798521980836516, 0.9910714904678357, 0.995077486859389, 0.9942462824067809, 0.9949815432777768, 0.9951299743454989, 0.9963449615007561, 0.9980343028409411, 0.9957516935785109, 0.9957671418525759, 0.9957786950773385, 0.9950236585666193, 0.9846591999028508, 0.9671760803147054, 0.9869846393042738, 0.985762379537969, 0.9775215750623132, 0.9610998428794737, 0.9389318168605335, 0.9947047252089735, 0.9947544483500719, 0.9917715875049088, 0.9747298011509841, 0.9972413328191361, 0.9975631079797581, 0.996886806516326, 0.9951471606559734, 0.9945299199857224, 0.9973919756936971, 0.9974637522200718, 0.9986381804163693, 0.9971769967297228, 0.9971914584512127, 0.9757084600161047, 0.9279573884178987, 0.7659998894288014, 0.9030220280523454, 0.920702941355412, 0.8543703876804971, 0.9712467258524099, 0.9444460642857813, 0.9723573706438658, 0.9684358203565623, 0.9636855448637921, 0.9865052692060011, 0.9828201806012488, 0.982969642097829, 0.9754855519781322, 0.9849352209679691, 0.9821681657240677, 0.9856077718840724, 0.9853578142004931, 0.9627806202936173, 0.9641234582765925, 0.9704250915255613, 0.9701094141551948, 0.9410373911372311, 0.9740875373791832, 0.9725378623008463, 0.9809459943239884, 0.9799870705638365, 0.9335221623224095, 0.8500262034778265, 0.8184039070583019, 0.8689454936371475, 0.8983509399257288, 0.8921417217980726, 0.8970236754439102, 0.8957242603010831, 0.6026772000090073, -0.5149130623278969, 0.9745952176433166, 0.9637202591262672, 0.9603304923455573, 0.9839215193506659, 0.9370963288750682, 0.9800116718152683, 0.9799659062324485, 0.941245191989699, 0.9804020564446563, 0.9461960410728315, 0.5900857436923587, 0.8314922005672523, 0.9098247729773388, 0.14850908933275433, 0.9133459904591148, 0.9354447953119079, 0.8041401595889062, 0.953527436737684, 0.896391302323956, 0.6754085416341444, 0.48673393337062526, 0.8919900061059031, 0.8608178538877299, 0.8879400107364521, 0.9650853992039766, 0.9653575902712784, 0.7381994557117421, 0.6971262315561123, 0.8293202658849087, 0.3262439015521447, 0.7950990047054313, 0.8334961250784195, 0.81989446069866, 0.8182640303270986, 0.7302746341601587, 0.7362816229683158, 0.715612275537872, -0.22386592310773917, -0.3569727179410501, 0.610125492442154, 0.9011746144417125, 0.9475534912841342, 0.9508083799287036, 0.9197589517709389, 0.8276873488070382, 0.9186737016824632, 0.9410573111731394, 0.9408392631072564, 0.8763920360060731], [0.9999929019822887, 1.0, 0.9798706357656424, 0.9997456578317239, 0.9971337553473487, 0.9897124486977306, 0.9922047371843024, 0.9870227173898253, 0.987071301672668, 0.9654715643830953, 0.9898017925145302, 0.9873258154529875, 0.9871081302443164, 0.9871647842167718, 0.987274692026889, 0.9926976081436065, 0.9947093333651967, 0.9909673614992918, 0.9909707913482383, 0.9871599192020557, 0.9872315604179394, 0.9865223150513056, 0.9577510213197397, 0.9818979709274233, 0.98142953913653, 0.9773614294043571, 0.9686621723377925, 0.901292905844291, 0.988081298337115, 0.9829360497679405, 0.9760910190967363, 0.9097285424611715, 0.9941379743096646, 0.9939214778406744, 0.9942431166034595, 0.9886878126349784, 0.9935458060210763, 0.9942150450326721, 0.9945783443131798, 0.996435562075985, 0.9942570559403353, 0.9942692640352447, 0.9838234362150557, 0.9276946221994141, 0.6566041727385803, 0.9029476948142897, 0.9214036010533101, 0.8545076883620237, 0.8921283027873653, 0.9145947094340292, 0.8960554393787097, 0.9081233857973527, 0.8909820715380928, 0.9570852384072333, 0.9569652593710536, 0.9706052563494703, 0.9753524087346191, 0.9677552419121325, 0.9674967045157655, 0.9709471366041337, 0.9708566816737348, 0.9264461550294931, 0.9349711664076288, 0.8955613126465148, 0.8954446689533774, 0.7756796891713182, 0.9650060070769562, 0.967637207633496, 0.9680042897669151, 0.9674085787035173, 0.9224993637395672, 0.6067928437473474, 0.5446525004065023, 0.7100774462560782, 0.8135809515936001, 0.7320565057037782, 0.7759575095610675, 0.7742054291872931, 0.533480245359789, -0.2620440305134782, 0.9491234649892162, 0.9578404258298708, 0.9487821720565197, 0.9717684209860312, 0.9087275638224783, 0.9546523273959543, 0.9535038726160736, 0.885050404058399, 0.958354393153177, 0.892370277991882, 0.3715220036096894, 0.8305028075356553, 0.8341240468205352, -0.31448975714273486, 0.5764193377987028, 0.6897757379493441, 0.6120087201045125, 0.9483130000339814, 0.6337862688518653, -0.17477226688656777, -0.09978819043401946, 0.6005050665206276, 0.6095160730633801, 0.6560423493769485, 0.9502065947248555, 0.9500026597087109, -0.11492449621224504, 0.11061480424141647, -0.03469042728313212, -0.06565268657296032, -0.03844256482127587, -0.022450806781072655, -0.05361272645149174, -0.09082907380265334, 0.2740318719992539, 0.03439685963109504, -0.011225624887401515, -0.45626512181210915, -0.48380330165994706, 0.6102238652502314, 0.7420903061216414, 0.7633629408055206, 0.8265083112444814, 0.8199450353745309, 0.519316876722702, 0.7278351375857385, 0.7626695348668697, 0.7612391629793455, 0.41550100974789717], [0.9837871539781446, 0.9798706357656424, 1.0, 0.9852550169760028, 0.9922199913283121, 0.9891597490443828, 0.9905506531394915, 0.9908465691418226, 0.9941827673285728, 0.9528662488025186, 0.9966108958545498, 0.9907547587857404, 0.9927204340936182, 0.9909134513193104, 0.9908128675080974, 0.9913640638007312, 0.9894738711166426, 0.9893375109205742, 0.9893012913563726, 0.9926807467329447, 0.9907738511305815, 0.99288413418556, 0.9773276908727129, 0.990162919673104, 0.9905346416582747, 0.9753658973113559, 0.9803047518929366, 0.9428767432775181, 0.9738424350921676, 0.9770432444798796, 0.9784194411628749, 0.9498063814238675, 0.9877571646655219, 0.9908837558565738, 0.9890643037305268, 0.9929430329294522, 0.9942083309732949, 0.9918687679658573, 0.9871032200705013, 0.9871638252386159, 0.9880304153365497, 0.9873795454260526, 0.9898274319864687, 0.9273266086702874, 0.7081336234552362, 0.929719000399705, 0.9058093558351328, 0.7548892116617776, 0.9322444422561975, 0.8992818385749028, 0.9333782984493639, 0.9282870529381698, 0.9212488182379285, 0.9537498551777118, 0.9604441763369527, 0.9264967103578623, 0.9414914432132209, 0.9499341767345572, 0.9549801748722245, 0.9506790033395776, 0.9248556454287623, 0.8860208244195203, 0.9183641183289447, 0.9209363613130057, 0.9050426711704824, 0.8528833208938562, 0.954972267863361, 0.9315673423926377, 0.95043700829633, 0.9283593351552372, 0.7467106798228664, 0.7848879476280882, 0.7248609107258566, 0.8055814131839919, 0.854861724529932, 0.8509897230082809, 0.8254129846300683, 0.8388024245167531, 0.2755304743587832, -0.5210768174941143, 0.9397023706661678, 0.9059486648588855, 0.912606346224757, 0.9270896755018944, 0.8955017609847096, 0.9460177142382364, 0.9456752264312231, 0.9016630666538734, 0.9430954491850181, 0.8205839787491589, 0.558243081071032, 0.9185861867035017, 0.9289192418259687, 0.060974155822354006, 0.8911193804837164, 0.9163364897511854, 0.7892096679685379, 0.9755402964294095, 0.7787913657200195, 0.584813193717068, 0.40695942961696335, 0.7848717495052634, 0.7850941692032719, 0.7731965083234622, 0.97957037365585, 0.9796352509646469, 0.6548306269775818, 0.6280062497075378, 0.7165861873371026, 0.2516747925467779, 0.688453414020711, 0.7127578947656672, 0.7285087535630929, 0.709396870840874, 0.6797108432008547, 0.6587369293040763, 0.6359629682172885, -0.3025850604921986, -0.43489318399287524, 0.5566951572979145, 0.8592460606374269, 0.8978999758178895, 0.8982362164503931, 0.8916737559315386, 0.7556133242273199, 0.8719232374871981, 0.8863427559043513, 0.8954569585764008, 0.7405287110497942], [0.9999204646727357, 0.9997456578317239, 0.9852550169760028, 1.0, 0.9991351416163358, 0.9897605841863898, 0.9977164506997966, 0.9954883936141764, 0.9958808998835006, 0.9796680780962245, 0.9928117543827213, 0.9956254510799677, 0.9950078928301027, 0.9955451193534235, 0.9956692735301643, 0.9968806985064682, 0.9983920625496386, 0.9962439622933449, 0.9962569076400023, 0.9963685835803577, 0.9955743082554936, 0.9859771104309777, 0.9685362114407828, 0.9881483275223153, 0.9870362662055979, 0.9805315461042149, 0.9632866289551818, 0.9401884249508629, 0.9942897636264004, 0.9945125707756822, 0.9919899677633972, 0.9745217014390974, 0.9974389079127598, 0.9979287169120376, 0.9972419049488842, 0.9957651769751001, 0.9955700966802327, 0.9977982535544081, 0.9976062247619091, 0.9987996553195978, 0.9973644006751348, 0.9973757051928887, 0.9775448302940782, 0.9238513734691844, 0.7597687684084562, 0.9037952553404407, 0.9174014705527387, 0.8436954505385962, 0.9684597018733276, 0.9410159121450294, 0.9694533295477952, 0.9658686093393792, 0.9609727401756603, 0.9844788875064128, 0.98133487707342, 0.9809705755454838, 0.9731902106270965, 0.983163583198595, 0.9810647609742265, 0.9837562770664507, 0.9835038761464948, 0.9472674906858047, 0.9622303754284419, 0.9686408735810068, 0.968328400616019, 0.9337917724010021, 0.973081966366197, 0.9683377691013288, 0.9788778287595479, 0.9778751060605413, 0.9015376469676766, 0.8477196906629322, 0.8132384753123201, 0.8662909125381821, 0.8943937575438244, 0.8910939738333482, 0.8937015400625218, 0.8924842355443817, 0.49525504750140187, -0.5152209278678339, 0.9731146318698684, 0.9607683324612832, 0.9576308123913956, 0.981927038408194, 0.9351884888428925, 0.9787237208616433, 0.9786811370802081, 0.9396943925069873, 0.9784017465415518, 0.9230261647408398, 0.5961355257126404, 0.8419480726453209, 0.9144745769116598, 0.14822476472366147, 0.9151155378274562, 0.9369667896149467, 0.8046014146483685, 0.9551078381891867, 0.8903271071252545, 0.6726258716769236, 0.48444486537801673, 0.8870301253346132, 0.8574010956111864, 0.8826379842733936, 0.9662632871859723, 0.9665427496044924, 0.7374974186519955, 0.6976674442525458, 0.8214664206763013, 0.3286375363086345, 0.7896631394587222, 0.8253555954406653, 0.8118306221405014, 0.813121048770598, 0.7335159139101968, 0.7366094907735553, 0.7160016931656202, -0.21921921624545443, -0.35616129318324236, 0.6078860277233701, 0.899443681419061, 0.945961887855622, 0.9492443751040058, 0.9188645108405886, 0.824991469658881, 0.9168772961223037, 0.9390363256795032, 0.9389764682751143, 0.8686872287636859], [0.9988108118296453, 0.9971337553473487, 0.9922199913283121, 0.9991351416163358, 1.0, 0.992313584166692, 0.9990518248273267, 0.9981482298412427, 0.9982006701536533, 0.9725737048587716, 0.9973716653616549, 0.9982054715762262, 0.9979352594503449, 0.998184993651848, 0.9982512832760415, 0.9985057505711799, 0.9990683540336405, 0.9986139590803099, 0.9986174066133992, 0.9982873659107163, 0.9981873323902268, 0.9930835777258527, 0.9763271728843292, 0.9931476316640614, 0.9930450599007579, 0.9848444037206826, 0.9780635461165137, 0.9436147415933518, 0.9909728571901032, 0.993046428794954, 0.9901170421001066, 0.96527738147853, 0.9989804447654899, 0.9990021977978473, 0.9989835193427052, 0.9983201694122901, 0.998561318506687, 0.9990811843398176, 0.9991458767535998, 0.9990332649886196, 0.998962763401881, 0.9989662806201066, 0.9882393143231678, 0.9338251578244332, 0.7358438085970145, 0.9208526149236327, 0.9196456559981551, 0.8221775819342116, 0.9534674712368891, 0.9263120730216132, 0.9569882960908047, 0.9571794961240473, 0.9522759394450626, 0.9804150386426391, 0.9803482474660823, 0.9760760770152653, 0.9658961099111248, 0.9770519369234565, 0.9757680780697031, 0.9773670948320051, 0.9770453372898992, 0.9485161468130108, 0.950339373909352, 0.9468810769876692, 0.9464528964845159, 0.8953028200411868, 0.9692582486732151, 0.9659883629739181, 0.9731758082215962, 0.9721024133016988, 0.9265697182063184, 0.8199639186006379, 0.7703714153569347, 0.8460402054976919, 0.8948158230627029, 0.8742919428209595, 0.8837874090114372, 0.8825685750108704, 0.6515120537012773, -0.5875299392844586, 0.9645497087229667, 0.9459151836647206, 0.9445997401703002, 0.9773746100633169, 0.9126209660642287, 0.9697213579575288, 0.969183468279358, 0.9264067395595557, 0.9720198956358385, 0.9313065704681907, 0.5806124144917322, 0.8698387459480672, 0.9360574911224914, 0.035536798095127275, 0.8887921279070496, 0.9178857364333913, 0.7977456312554799, 0.9614656848665267, 0.8766327078303807, 0.5288764651589254, 0.3644523275458208, 0.8634800899436909, 0.8128318173232628, 0.8643398862317088, 0.97102133687852, 0.9712377139685143, 0.6884272822993898, 0.6763482053409599, 0.7331242886307674, 0.3006391783323769, 0.6652546120123081, 0.7390725596328693, 0.7143301104830163, 0.6950633056607926, 0.7152654654036492, 0.7176285676867654, 0.6959592165800131, -0.4502336492047427, -0.5236369698897977, 0.593275655543561, 0.8914763581140384, 0.9291531707404046, 0.9396051488791276, 0.9147681297105307, 0.7986404065022115, 0.8969602128216027, 0.9222948785482384, 0.9217547734468148, 0.8015890711734653], [0.9888988731509792, 0.9897124486977306, 0.9891597490443828, 0.9897605841863898, 0.992313584166692, 1.0, 0.9893921423947065, 0.9890133946598959, 0.9883261213625659, 0.9668079342651035, 0.977550925962184, 0.9889914042224409, 0.9900022894833713, 0.9890788011304427, 0.989165822219209, 0.991996893488345, 0.9900525756061673, 0.9899726886709735, 0.9899444533336509, 0.9877794295420453, 0.9890065038200748, 0.9962299289813717, 0.9909024700513224, 0.9883650981129379, 0.9879936367451827, 0.9626243620833567, 0.9833268634794848, 0.9641064361428607, 0.975576701606375, 0.9788488682471784, 0.9874099933955859, 0.9748876296033849, 0.9894303150829528, 0.9895235903535404, 0.9903587354737107, 0.9900542035088091, 0.9812183561985404, 0.9901759055065644, 0.9897498344570387, 0.9898173480426131, 0.9895275684978833, 0.9895022278423462, 0.9940304962134134, 0.8880376090807139, 0.7469090907801197, 0.877312475380308, 0.9202798396631237, 0.8544360841945381, 0.9431569326960965, 0.9144177125939831, 0.9446794058417923, 0.9508947420385162, 0.94175545662294, 0.9655230149338914, 0.9699612601443085, 0.9653580809244157, 0.9762334771505042, 0.966823508658995, 0.9783722619813825, 0.9668197725047116, 0.9662268683771077, 0.9636145004764928, 0.9560683885060905, 0.942883976082233, 0.9423961419259744, 0.9266714344591207, 0.9748440757534386, 0.9670448012526073, 0.9661349361776005, 0.9643289227172642, 0.9432478033147242, 0.8476860742380622, 0.7996738439924052, 0.8679853247762017, 0.8888855415349265, 0.8958584830205204, 0.8801297270916912, 0.8782331531991812, 0.6209811358733128, -0.4859121855384136, 0.9715709762428942, 0.9645985411348468, 0.961698164804329, 0.966590833420229, 0.9327151882036517, 0.9725601957770477, 0.9722411593251241, 0.9488018397174274, 0.9620753538865899, 0.9488421730878381, 0.5942145209676319, 0.7961000854987155, 0.9296503656241479, 0.140448314191253, 0.9025706722785556, 0.9231664876287463, 0.8018540847410628, 0.9509537927887997, 0.8496038052102552, 0.6288279291947123, 0.46657856132770525, 0.8467698340345168, 0.820246984170755, 0.8433199023663408, 0.9534852413625894, 0.9535837813594333, 0.7034732632021733, 0.679902283716695, 0.7693004924747732, 0.3300849788952225, 0.7448615566232593, 0.7749650451245268, 0.7606173732014232, 0.7633188623793143, 0.7215197577124195, 0.7100417382875939, 0.6915025028963273, -0.2501390022745739, -0.37475738914993156, 0.6445562405707232, 0.8910724558573477, 0.9089272968531701, 0.9159766980656305, 0.9037909229523432, 0.8033754194193167, 0.8772233998849418, 0.9006763119489848, 0.9006062741471581, 0.8473749067255265], [0.9973312349536813, 0.9922047371843024, 0.9905506531394915, 0.9977164506997966, 0.9990518248273267, 0.9893921423947065, 1.0, 0.9970035310170638, 0.9995078887371794, 0.9710374949314248, 0.9993796757400201, 0.9980167246647557, 0.9990414893019581, 0.9989549688813761, 0.9987129253285956, 0.9980369349035672, 0.9998522535180633, 0.9992068706642184, 0.9992124198547967, 0.9996305120430268, 0.9991732600580137, 0.9905145920853345, 0.9730905099611805, 0.983350911057356, 0.9920527439185757, 0.9839359684991883, 0.9701027381274224, 0.9387410020886882, 0.9925881192203491, 0.9917838447910958, 0.9929557807252526, 0.9707216960017878, 0.9987518759584648, 0.9998037151687278, 0.9995967043342943, 0.999361433624512, 0.9996110909862949, 0.9998360259880592, 0.9977703901357995, 0.9995615380359615, 0.9992265052037566, 0.9988094934060581, 0.98320452923639, 0.9362758961632991, 0.748350453149501, 0.9302780341806183, 0.9240403266343807, 0.808645283827678, 0.9614637617132173, 0.9399867543874387, 0.9623590014358164, 0.9601597173624948, 0.9559331841902907, 0.9821684288654514, 0.9799718588745826, 0.9362965592722312, 0.9514906358472335, 0.9663491409109488, 0.9666808665468118, 0.9683150549637181, 0.936886297848634, 0.8812649988261303, 0.9393865481447136, 0.9527426170988361, 0.9294307696977318, 0.8678961851961291, 0.9578561379265095, 0.9245328183649508, 0.9595495963630645, 0.9364026625835725, 0.7113542671666706, 0.8142715176808295, 0.7472199578811197, 0.8312049465365656, 0.8621279947488628, 0.8653526092461961, 0.8466690565405038, 0.8590433324002019, 0.2303361706021203, -0.5514739571141896, 0.9543450997563951, 0.9279997667216676, 0.9289973337482917, 0.9390353415728647, 0.9147257755797336, 0.9633100793683702, 0.9633903681948939, 0.9171394719263555, 0.9593803035507681, 0.8058959779489386, 0.5778466570099968, 0.873339099092076, 0.9140149656464073, 0.12501001422977637, 0.9125969109008925, 0.9356762181104986, 0.7979694396359147, 0.961647248067372, 0.8308232740987979, 0.6581520612459982, 0.4660744224693885, 0.8425214595775669, 0.8347625274602887, 0.8278769504076342, 0.9715092763771334, 0.9718053575252895, 0.7216979298036675, 0.6715568321553554, 0.7853936370632895, 0.295160278282634, 0.765187479442633, 0.7939485055030546, 0.7852397015667394, 0.7904768719018598, 0.7104692368621054, 0.7215677464647313, 0.6990674914746517, -0.24006367313276636, -0.38412742449472037, 0.6130857463330422, 0.8914800865871514, 0.9314081308680917, 0.9463599813394115, 0.9168575248991551, 0.8220738247851914, 0.915565663451645, 0.9378343075127091, 0.9371798692376093, 0.7742706547989581], [0.9949229808498711, 0.9870227173898253, 0.9908465691418226, 0.9954883936141764, 0.9981482298412427, 0.9890133946598959, 0.9970035310170638, 1.0, 0.9999834515358403, 0.9646996465092831, 0.9995975220820751, 0.9999968376518025, 0.9996444458962006, 0.9999977007502854, 0.9999806695317908, 0.9962404872748225, 0.9991264828461223, 0.9998791420270716, 0.9998789683570949, 0.9999534814363786, 0.9999942678882155, 0.9906943715424216, 0.9739415597631305, 0.991282415568546, 0.9925291650871448, 0.9801634888464824, 0.972247579591938, 0.9370874150714473, 0.9889399303803905, 0.9945376756490576, 0.9917006855738161, 0.9673283492891349, 0.9994218528472344, 0.9994681582290859, 0.9996093440564674, 0.9996623085844062, 0.9986252861380956, 0.9993676230911118, 0.9990836605001128, 0.9983034355578169, 0.9994925380871996, 0.9993513150039318, 0.9845048007466453, 0.937625305172908, 0.7353238147641731, 0.9388057624601176, 0.9223499434731759, 0.7860005869608865, 0.9602849791412571, 0.9350379636513649, 0.9608348763619557, 0.9537673689834748, 0.9496127841226668, 0.9803085196932431, 0.9767301562490862, 0.9300534436121722, 0.943981592250471, 0.9575403193218408, 0.9618589438138588, 0.9600708911276452, 0.9347765287038353, 0.8685920532393853, 0.9323880279236667, 0.9442939111585068, 0.9230920054404109, 0.8511551564252708, 0.9533334330134531, 0.9160830649946209, 0.952066112099783, 0.9305156434620379, 0.692089160241588, 0.8031026143276433, 0.7420197603542771, 0.8198895797959195, 0.8521809304159266, 0.8584249001155034, 0.8410307191689473, 0.8501223525415268, 0.20783105760028886, -0.5590040258810492, 0.9479285628773683, 0.9155857931210736, 0.9189070015761334, 0.9366300169622107, 0.9052294374964183, 0.9571598789685578, 0.9572515701507919, 0.9083821110826146, 0.950052409396604, 0.7886047656178574, 0.5718007513979622, 0.8982788508227925, 0.9274685170621545, 0.10987736168553451, 0.9114213560461032, 0.9349133860213993, 0.7950518560132864, 0.9667065000753547, 0.835340173097641, 0.6444168706774234, 0.4527267065254026, 0.844437002281544, 0.8319557209685039, 0.8320170218703508, 0.9747761957396286, 0.9750719596315118, 0.7113466303389652, 0.6619926752887169, 0.7880686354602369, 0.2789914508768047, 0.7602369919313305, 0.7900231857873137, 0.7871779880783877, 0.7852789564645367, 0.7022551653352781, 0.7148542527167188, 0.6915992407198951, -0.2580258884500494, -0.4011924282761073, 0.5918546811055171, 0.882581602855308, 0.9294308105116489, 0.9386477104800749, 0.9102479552084376, 0.8102380209539672, 0.9091115481713904, 0.9316000961667429, 0.9312147348880101, 0.753174463154987], [0.9951975178175397, 0.987071301672668, 0.9941827673285728, 0.9958808998835006, 0.9982006701536533, 0.9883261213625659, 0.9995078887371794, 0.9999834515358403, 1.0, 0.963975882054541, 0.9995961293455157, 0.999981044133428, 0.9998246082502406, 0.9999895428772461, 0.9999966804071857, 0.9989323766098205, 0.9990629599620265, 0.9998085000113526, 0.9998078310358415, 0.9999654675394453, 0.9999820195083282, 0.9933366684043033, 0.9749424537892728, 0.9945835196526805, 0.9947558770625556, 0.9801684242786234, 0.9763404044242244, 0.9381471120826058, 0.989458219120183, 0.9936007712995003, 0.9886851985486441, 0.9626619702055468, 0.9993280819346613, 0.9994087784610644, 0.9994036878146896, 0.9998246204217438, 0.9986369875713784, 0.9993613944059948, 0.999299845281012, 0.9982552408036194, 0.9993207159642394, 0.9993156215796094, 0.9887303539186888, 0.9377473356424926, 0.7362915937659443, 0.9389139585914207, 0.9227429371664195, 0.7862021903639645, 0.9487363843765578, 0.9211133279453836, 0.9518076841392296, 0.9512560947960246, 0.9470812668820473, 0.977459415683934, 0.9768966787968077, 0.9638367993238159, 0.9444575037694987, 0.9647350607852931, 0.9618915325165684, 0.9651535029463109, 0.9647697942485287, 0.933919477410924, 0.9315659223256563, 0.9348164759080543, 0.934394172177916, 0.8820363376503783, 0.9536703256223821, 0.9550902330458246, 0.9614951738423552, 0.9601469592587715, 0.9116404895854462, 0.8023112472659328, 0.7465190810330151, 0.8190785614021056, 0.8735374886642092, 0.8562679566744403, 0.8644098850734492, 0.8633664683978067, 0.5930084017614236, -0.6228913484078746, 0.9478016975038949, 0.9156229254942535, 0.918974236015048, 0.9653807943234062, 0.8940723491425439, 0.956560033706556, 0.9559733628649197, 0.9091226835174092, 0.9591377534361712, 0.9143489812369464, 0.5697862360071239, 0.8978795093227836, 0.943277983699053, 0.04789955468097322, 0.8957905314762352, 0.9239668532210072, 0.794102530172383, 0.9652322947912744, 0.8831225008549944, 0.5540148716544165, 0.38445699037319836, 0.8705623022692568, 0.8210400926820647, 0.8721276272772659, 0.9746925235817002, 0.9749898832999042, 0.7092133610893546, 0.6589583893373604, 0.7492118544382379, 0.276571282463207, 0.6833792770710372, 0.7546882955727313, 0.7319484521722939, 0.7133706122735188, 0.6993942254108917, 0.7114560871359804, 0.6881564982637639, -0.5012981213107678, -0.5765347533869658, 0.5916380074677295, 0.8814327462116976, 0.927854487917653, 0.9394616765829563, 0.9092068023099628, 0.8048305131643213, 0.8967919175458611, 0.921083117449393, 0.9205113011744592, 0.8101190146470205], [0.9798521980836516, 0.9654715643830953, 0.9528662488025186, 0.9796680780962245, 0.9725737048587716, 0.9668079342651035, 0.9710374949314248, 0.9646996465092831, 0.963975882054541, 1.0, 0.9472698321383574, 0.9651037313703115, 0.9639665534250484, 0.9648234227170628, 0.9643650968825818, 0.9662040678705134, 0.9757571299957324, 0.9696897931801767, 0.9696923515960629, 0.9648795634474043, 0.9649544628642029, 0.9648557906187629, 0.95033611873173, 0.9720886254544298, 0.9699160469398006, 0.8778470329979612, 0.9683108565743642, 0.9482685822468128, 0.9743943111063191, 0.9680031836906045, 0.968136570385652, 0.9319914650794057, 0.9735114915396256, 0.9730602219013256, 0.973572252693314, 0.9651262549370406, 0.9557448781341269, 0.9725414899970903, 0.9733818166973901, 0.9776469996010789, 0.9737084573871612, 0.9737241311921528, 0.9553910148635335, 0.8395567580265931, 0.5572951433692014, 0.77564755833662, 0.8935816025654267, 0.8807945852359117, 0.9018451899736604, 0.8188457265134106, 0.9063648982847042, 0.9141353192441578, 0.9035850180031171, 0.928809703609814, 0.9286554083068609, 0.9445212800267676, 0.935854731160715, 0.9550980915212789, 0.9485502549814913, 0.9532964858137336, 0.9533290914770436, 0.9131657669055924, 0.9510788175687349, 0.9339429388575841, 0.9336194238195744, 0.8488850368006751, 0.9362767250222126, 0.9447425369953357, 0.9376284400940462, 0.9366359672956934, 0.8881349441322504, 0.8103480630058091, 0.7650273789992549, 0.8554923593236085, 0.910174651765062, 0.8799401443809892, 0.8950776623134865, 0.8943183078985275, 0.6950168904892515, -0.2992170495371186, 0.9528027926965499, 0.954255882260318, 0.9456843063087805, 0.9464739504941243, 0.8874257194642264, 0.9541557418305209, 0.9540148311489767, 0.8992508240729786, 0.9564879495290198, 0.9052338611628912, 0.6896557795816524, 0.642962716781201, 0.8596126142606058, 0.054944652075913154, 0.8444734608599772, 0.8845662875286486, 0.8698657983104786, 0.9475131038425506, 0.9040993222483673, 0.46135019750983836, 0.40622909607503865, 0.8964754010026621, 0.871061310463983, 0.9025098193021821, 0.9479385075479031, 0.9482946318695281, 0.536844079775141, 0.6989348506617944, 0.6130410843724082, 0.4824963702861765, 0.5707798768310606, 0.6278158754330404, 0.5883388314436092, 0.5656285737525948, 0.7971446636196136, 0.6743695877057925, 0.6389789760787782, -0.2683474048689623, -0.31307396278544036, 0.7392677350709598, 0.9159783532421938, 0.9219510799011819, 0.9076931525645976, 0.9407030701157852, 0.6480656422710769, 0.8372789140368719, 0.9078739809398916, 0.9069830225721959, 0.691056199625613], [0.9910714904678357, 0.9898017925145302, 0.9966108958545498, 0.9928117543827213, 0.9973716653616549, 0.977550925962184, 0.9993796757400201, 0.9995975220820751, 0.9995961293455157, 0.9472698321383574, 1.0, 0.9996320838945996, 0.9996063799685743, 0.9996149471933415, 0.9996236854941213, 0.9993392085634757, 0.9986106676897107, 0.9999492292515264, 0.999949749729602, 0.9996136687113358, 0.9996245252193451, 0.9888715815828791, 0.9525924450599923, 0.9899123813799076, 0.9911868671934697, 0.9855869727197604, 0.9662612760253115, 0.8855426561140831, 0.9880939220210067, 0.9920340245784568, 0.9710352152746089, 0.8907238068084286, 0.9990844557253561, 0.9991578217381052, 0.9990746880989706, 0.9994259168685713, 0.9993496540119866, 0.9990936243678581, 0.9989422280960274, 0.997028427939726, 0.9990511453744089, 0.99904849991729, 0.9883595608154025, 0.9316490378889926, 0.6084174231371107, 0.9338685165962478, 0.9222040883633342, 0.7914088049229844, 0.8690595502717311, 0.8898358851921406, 0.8747598915262046, 0.8801038432592251, 0.8658548937432664, 0.9502373787569012, 0.9501516853321446, 0.9438344322514479, 0.9464944397461899, 0.9337687818114987, 0.9364089434476033, 0.9389793679532163, 0.9387679971109845, 0.8817672358234729, 0.893616170158107, 0.8463442099545692, 0.8461433262613837, 0.7092897803150666, 0.939568094565922, 0.9433561548762526, 0.9437196260144325, 0.9430262623192928, 0.8850007317990183, 0.5496925970655187, 0.4831556467228558, 0.6525698629550001, 0.7645032100302683, 0.6817097106067462, 0.7267025241742378, 0.7256699791852058, 0.4689520423091291, -0.3937706658255162, 0.9078341547328953, 0.9199909267350083, 0.9074564989684859, 0.9456319852140599, 0.8564746716694922, 0.9148485023571284, 0.9133632342432664, 0.8321581789804492, 0.9200565979841252, 0.8413440998187899, 0.4375276100690223, 0.893085714877645, 0.89272401717426, -0.3058173399810158, 0.6297988472133488, 0.730783275339648, 0.6270990729661176, 0.9664295339837079, 0.647233347554741, -0.12430327568561535, -0.07707151240893326, 0.6189477159585096, 0.6244293616131237, 0.666685919197375, 0.9679068765539275, 0.9679632494933416, -0.05112488893880949, 0.16669581374515716, 0.03101498501963726, -0.0013393690157156035, 0.024639569147379314, 0.04354077761804768, 0.011036132442677805, -0.033373920282032586, 0.3378912103221369, 0.08212799615079965, 0.03244113971570603, -0.5279019068356956, -0.5554010521752399, 0.591812818837492, 0.731816866339741, 0.7542645415457739, 0.8200183591680735, 0.8176008014897254, 0.4956117574055102, 0.7143191302755736, 0.7529460287221311, 0.7516050954941625, 0.40120488685652933], [0.995077486859389, 0.9873258154529875, 0.9907547587857404, 0.9956254510799677, 0.9982054715762262, 0.9889914042224409, 0.9980167246647557, 0.9999968376518025, 0.999981044133428, 0.9651037313703115, 0.9996320838945996, 1.0, 0.9996311309337219, 0.99999760905865, 0.9999837844261518, 0.9969092683406495, 0.99918843122467, 0.9998913348508721, 0.9998912501044115, 0.9999615040622148, 0.9999947406491566, 0.9906138807374082, 0.9738304035560807, 0.9919332397697059, 0.9924985882624722, 0.980419641346644, 0.9720959810774896, 0.9371300695777722, 0.9898151484192785, 0.99457771918446, 0.9917608709381472, 0.9674578133195741, 0.999462814454314, 0.9995123503845682, 0.9996432983711764, 0.999665146117456, 0.9987245857082143, 0.9994147178444657, 0.9991212205760648, 0.998392512556232, 0.9995350272381169, 0.9993930736276091, 0.9843314213888608, 0.9378411630235055, 0.7359852514191552, 0.9386457267091892, 0.9225648929063532, 0.7871942983038502, 0.9605755150507068, 0.9354420707667243, 0.9611346706886484, 0.9541147671854756, 0.9499740684780906, 0.9805315869389295, 0.9769004145240956, 0.9304173891511524, 0.9443081515892143, 0.9579149968277385, 0.9620819715287011, 0.9604353191571691, 0.9350695890430083, 0.868912116838886, 0.9327563569278978, 0.9447584944418984, 0.9235525214541933, 0.851687987203198, 0.9535148679092488, 0.9163867277778658, 0.9523686628075994, 0.9308635019611368, 0.6923591770822873, 0.803685932422245, 0.7426129559312078, 0.8204697622877846, 0.852620118335727, 0.8587782659616064, 0.8415077774726197, 0.8506303219028163, 0.20828802183357073, -0.5587739987689, 0.9482397216532793, 0.9161991337704496, 0.919385407524821, 0.9369077957699274, 0.9056441934967733, 0.9574620867708641, 0.9575532302478785, 0.9087355500305041, 0.9504518525788856, 0.7889990968617855, 0.5721360202812146, 0.8971689009510078, 0.9269213992435507, 0.11067707837206109, 0.9115186257509257, 0.9350006786613693, 0.7953597518233391, 0.9665355435263633, 0.8357519409958739, 0.6453560509775103, 0.4536045712844008, 0.8448759152153011, 0.8324788026979266, 0.8324164319573423, 0.9746946816014532, 0.9749902319102617, 0.7120030657745852, 0.6626424785262329, 0.7886036325382261, 0.2799447692808551, 0.7609082369684901, 0.7906701103284568, 0.7877181773951257, 0.7859562604479451, 0.7027144391233546, 0.7153130532367578, 0.6920916025083406, -0.25694131518049235, -0.40020345427829074, 0.5925482813426388, 0.883083305454594, 0.929812771605841, 0.9391275064883874, 0.9106832457553476, 0.8107767058895855, 0.9096326639786486, 0.9321079498842104, 0.9317085683506426, 0.7538311263421525], [0.9942462824067809, 0.9871081302443164, 0.9927204340936182, 0.9950078928301027, 0.9979352594503449, 0.9900022894833713, 0.9990414893019581, 0.9996444458962006, 0.9998246082502406, 0.9639665534250484, 0.9996063799685743, 0.9996311309337219, 1.0, 0.9996677486562101, 0.9996511273193169, 0.9990442419793887, 0.9986461805360923, 0.9994386140097016, 0.9994322939820117, 0.9996458613420454, 0.9996210480319497, 0.9925890479114668, 0.9754685530513306, 0.995397203297375, 0.9952894216950643, 0.9802137343562122, 0.9749646619281863, 0.9397700591503706, 0.9890318620480945, 0.9926257668589203, 0.9908604283714004, 0.9650607887740059, 0.998741660420237, 0.9990433220443543, 0.9992352046122629, 0.999923397928529, 0.9986634740079963, 0.9989913113001933, 0.9985489032091737, 0.9976222230610399, 0.9987314053633207, 0.9986550363613216, 0.9882595291420181, 0.9378338036943454, 0.732249001545577, 0.938825624631862, 0.9225011022704891, 0.7864543504486401, 0.95692379903641, 0.928307425539371, 0.9577438454918071, 0.9507957671775424, 0.9461263084244725, 0.9770046513912227, 0.9748450505766165, 0.9548647494641125, 0.9439058962222858, 0.9581243683270881, 0.9610430817385808, 0.9601587073850762, 0.9594552779494131, 0.8729945544996168, 0.9293638225680186, 0.9429842350807924, 0.9427431174672658, 0.8495152819129946, 0.953638921190139, 0.9289805342325759, 0.9542507093060599, 0.9527555725155835, 0.6963665633006335, 0.8003003350284131, 0.7646144230961237, 0.8177504267600224, 0.8540878647489358, 0.85765314392032, 0.8493674673116495, 0.8495889153095464, 0.19171146117250348, -0.5534006418447261, 0.9470367614101326, 0.9158101862419649, 0.9180649650631503, 0.9579912386947694, 0.9047278173258577, 0.9559633386173184, 0.956010098613544, 0.9080144489145618, 0.9507348917912444, 0.795921495452725, 0.5726432090928407, 0.8978148390781184, 0.9271936206018171, 0.10446955361956752, 0.9091310980769776, 0.9330125742285109, 0.7964811285735571, 0.9693552573797719, 0.8290878240232165, 0.637551297106194, 0.4479236798370521, 0.8359564465448629, 0.8271461801041484, 0.8240148923008174, 0.9767428685031866, 0.9769905027881577, 0.7025994390255415, 0.6569157739332812, 0.7672542918032275, 0.27962387019298207, 0.7507639656995572, 0.7792039140309055, 0.755721810132298, 0.7747756055846279, 0.7001850116447323, 0.7046113044088095, 0.6816582891864398, -0.2639242474916125, -0.4055500272004125, 0.5920698294700194, 0.8808704064875955, 0.9314453362657339, 0.9346839095683965, 0.9098944543436343, 0.8027716401421606, 0.9031026463171289, 0.9251415128250209, 0.9253707432387045, 0.7483303106448023], [0.9949815432777768, 0.9871647842167718, 0.9909134513193104, 0.9955451193534235, 0.998184993651848, 0.9890788011304427, 0.9989549688813761, 0.9999977007502854, 0.9999895428772461, 0.9648234227170628, 0.9996149471933415, 0.99999760905865, 0.9996677486562101, 1.0, 0.9999880194662251, 0.9985436627535119, 0.9991449133062886, 0.999883006058896, 0.9998824952795206, 0.9999557113798297, 0.9999919645559376, 0.9907340597629523, 0.9739992975727696, 0.9938440540104487, 0.9937109011284877, 0.9803145938215626, 0.972294190265256, 0.9372832907569275, 0.9923118475604498, 0.9949162958039866, 0.9916394262925549, 0.9672215864861345, 0.9994386275605434, 0.9994738284452531, 0.9996201995028074, 0.9996824374315906, 0.9986715834777181, 0.9993799253410734, 0.9991532788014366, 0.9983239183828878, 0.9995068515825712, 0.9993689556203538, 0.984486654607669, 0.937687927308128, 0.735424418210012, 0.9387708407427768, 0.9225076211895602, 0.7865623466916418, 0.9603966596742118, 0.9352231631314891, 0.9609892602853615, 0.9537380438254299, 0.9495583260568251, 0.9803600942964606, 0.9766943635196901, 0.9304341048249137, 0.9441538995069007, 0.9577539972774342, 0.9619296904038258, 0.9602665602575856, 0.9344435044391942, 0.86885341471951, 0.9322168827217246, 0.944375528658447, 0.9233620843289713, 0.8513014624050448, 0.9535141941316474, 0.9165347419191643, 0.9523293291866736, 0.930916454994188, 0.6925206540491441, 0.8030413937144871, 0.7423418167643313, 0.8198760328150295, 0.8523856163357852, 0.8583905686572058, 0.8412182678542077, 0.8503285864879269, 0.2082157690230049, -0.5586593491308371, 0.9479978108204762, 0.9158761323339746, 0.919133468979282, 0.9344091991798197, 0.9055179876134933, 0.9572409854231579, 0.9573292801261455, 0.9085719698882799, 0.9502658926917156, 0.7889293909250918, 0.5718902053584752, 0.8977566828035337, 0.9272993329001384, 0.10984241300706758, 0.9112755016098697, 0.934799702682334, 0.7950596748195423, 0.9667235716180065, 0.8354088787801206, 0.6442987386377571, 0.45259591005044153, 0.8444893817957855, 0.8321344169526962, 0.8320787230947352, 0.9748319065244968, 0.975123591929174, 0.7108760720901665, 0.6615625212487516, 0.7880768351866866, 0.27932937731477336, 0.7602348619980438, 0.7899617097341153, 0.7873820900831742, 0.7851919773265841, 0.7021487823784588, 0.7139821424134855, 0.690764947617777, -0.2578050659150282, -0.4009665647065989, 0.5922509072060358, 0.8825067892930992, 0.9295980773838447, 0.9387340537999846, 0.9103097522896901, 0.8100499814891038, 0.9093725812698348, 0.9316813849726575, 0.9314154073876693, 0.7533171236876026], [0.9951299743454989, 0.987274692026889, 0.9908128675080974, 0.9956692735301643, 0.9982512832760415, 0.989165822219209, 0.9987129253285956, 0.9999806695317908, 0.9999966804071857, 0.9643650968825818, 0.9996236854941213, 0.9999837844261518, 0.9996511273193169, 0.9999880194662251, 1.0, 0.9985413821794036, 0.9991679356160355, 0.9998793723597171, 0.9998794308143901, 0.9999554916148531, 0.999976374607027, 0.990632884876064, 0.9739986650545901, 0.9922241304934772, 0.9922818275146487, 0.9804394287964099, 0.9719881465338208, 0.9372605247183214, 0.9923546695320884, 0.994497799682697, 0.9914875581169168, 0.9671369201353699, 0.9994821835437536, 0.9994619676935692, 0.9996111840032568, 0.9996724074598937, 0.9986954208751608, 0.9993886077692975, 0.9991871608496405, 0.9983742484005461, 0.999541418706338, 0.9994181548248849, 0.9842379674748094, 0.9376280545394073, 0.7362272988614152, 0.9386656673490503, 0.922767168063172, 0.7868935838569922, 0.9610197595984211, 0.9363672694578766, 0.9616784645084313, 0.9539941320546033, 0.9498187260373081, 0.9808712390842125, 0.976908499231072, 0.9312871028339678, 0.944644815010912, 0.9581816331217712, 0.9620894274482373, 0.9607032959942401, 0.9358745244450704, 0.8690219761676798, 0.9317597084230513, 0.9447168542358286, 0.9241491429669045, 0.8512318640825253, 0.9539238719736199, 0.9172224157756003, 0.9528970227864734, 0.9318915120771164, 0.6922961499152626, 0.8026391911641182, 0.7434524338019662, 0.8193916767013854, 0.8523940253851199, 0.8578689304268724, 0.8417736283893994, 0.850753463279145, 0.20782864953541724, -0.5581169973322526, 0.9480234354581252, 0.9161058541705451, 0.9193629497965008, 0.9377745381461287, 0.9062572025292367, 0.9573917856265065, 0.9575327254324469, 0.9089188655796435, 0.9506495835721438, 0.7888787107287821, 0.5704901101702128, 0.8973915903527541, 0.9269668332234519, 0.10858181382466628, 0.9107620414542683, 0.9342774290445852, 0.7941361137569192, 0.9663238353253162, 0.8364009648556365, 0.6439670621187619, 0.45163525506119245, 0.8450440111712453, 0.8325545026345851, 0.8328568556665985, 0.9745948869067979, 0.9748923224741584, 0.7095583240365381, 0.659340342047192, 0.7891903904733448, 0.2776381797401143, 0.7604971188223504, 0.7903632644083272, 0.7886641968345217, 0.7854191007105112, 0.7003167216144016, 0.7116613646209319, 0.6884141171655368, -0.2568873120957183, -0.4001431240357022, 0.5918710912440242, 0.8816390864433258, 0.9301956287724055, 0.9392439048774776, 0.9095276346456033, 0.8102189818676377, 0.9104153750721605, 0.932278060171289, 0.9321573126882823, 0.7531992325664095], [0.9963449615007561, 0.9926976081436065, 0.9913640638007312, 0.9968806985064682, 0.9985057505711799, 0.991996893488345, 0.9980369349035672, 0.9962404872748225, 0.9989323766098205, 0.9662040678705134, 0.9993392085634757, 0.9969092683406495, 0.9990442419793887, 0.9985436627535119, 0.9985413821794036, 1.0, 0.9987544058130454, 0.9989235269320698, 0.9989214887209048, 0.9987483387370383, 0.9984303452856083, 0.9920411208031863, 0.9767525437283877, 0.9827183204530966, 0.9893749441139859, 0.9871215939572009, 0.973979434693644, 0.945042617759947, 0.9934786049824018, 0.9933029718278269, 0.9906005226101864, 0.9675619035619359, 0.9987772186254577, 0.9987404106355142, 0.9989574639142151, 0.9985600225112825, 0.999349867746355, 0.9988712339165227, 0.9989035420601726, 0.9981778895523749, 0.9986500973093719, 0.9987281384948601, 0.9829857245735805, 0.9306615124642506, 0.7427955439628141, 0.9311181012007856, 0.9255451243898625, 0.8055270716588715, 0.9646281717198432, 0.9407511608785859, 0.965888609605505, 0.9544581340867274, 0.9489555709187055, 0.9816338958263359, 0.9766533599976454, 0.9443859401109134, 0.9543580606558432, 0.9653034049738244, 0.9666137164645177, 0.9669305336565168, 0.9478703441050287, 0.8812375684901785, 0.9357783544283498, 0.9498789692888797, 0.9355021856469921, 0.8624984959027756, 0.9603021958397596, 0.9312516559271854, 0.9606891666806101, 0.9449955263722797, 0.7104732915787861, 0.8106545425712585, 0.7616472049645612, 0.8286970430668922, 0.865314