var element=document.getElementById("correlationClose");if(element.style.display!='none'){var correlationClose={"data":[{"type":"heatmap","z":[[1.0,0.9999849166308312,0.5974855675546474,0.9997114021187072,0.9976387865252638,1.0,0.9913359848323176,0.987150236536304,0.987150236536304,0.9920075317018521,0.9740483282163945,0.983839073598376,0.9913786578762727,-0.11333473110673431,0.9914398086247826,0.9353864813275953,0.9172478372014671,0.40839719813579917,0.9923980132091312,0.9923832815671969,0.9844615352354629,0.9913654778868518,0.45077371166608526,0.687307806420492,0.9790741328218001,0.9790741328218001,0.9790527916650125,0.9659679525319501,0.3306336140262214,-0.11123054267494073,0.9896878976038271,0.9896543350513253,0.2923130654194986,-0.18607005195058043,0.9940789080804817,0.9948839211886347,0.8219168896299083,-0.38301838693433143,0.9886902814562367,0.9947124707665922,0.9334109816756019,0.39021289607074405,0.9942519531714801,0.9942393898358193,0.9942519531714801,0.8883291234976513,0.6649115238325508,0.8807178824088532,0.8915655009194722,0.7967526328995168,0.3827144333063175,-0.14510818668000483,0.19355393215662747,0.945354940807921,0.4391722314252114,0.9764308400608044,0.9710417038801582,0.9796555714697924,0.9897348416104768,0.9194625208157188,0.9198597517735894,0.9366360878416912,0.9153729344294699,0.9336201853829936,0.9343457276033447,0.9336201853829936,0.8560520627898182,0.9105288459539606,0.9115780342517696,0.9105288459539606,0.9040660763020615,0.7495307750265701,0.8779541385680804,0.8794638837654583,0.8779541385680804,0.6379695235072446,0.3231544162127813,0.6170077316074853,-0.5849563198352453,0.5173503645352175,0.5618345757042772,0.5627388999210677,0.5618345757042772,-0.10493052201969456,0.8916383097803593,0.9240402344327932,0.9060635781352254,0.9209152907949625,0.3978630670929174,0.8880993873282572,0.8891474557861982,0.8880993873282572,0.8957902390944075,0.8957902390944075,-0.1418798224133767,0.5713408384387337,0.19011063920679686,-0.5953260851070313,-0.5699335580873184,-0.5735426520417599,-0.059508695017664474,0.07975173982011906,0.247483909459543,0.10386395148034377,-0.4323355264886034,0.039736973183044,-0.7941845612355984,-0.22709758626359272,0.1438721320429115,0.14431344845638894,-0.5502658768821757,-0.5987711336400237,-0.22925273424574702,-0.4956947684166361,-0.8264114906241875,-0.36408109693012625,-0.3555652034863383,-0.36408109693012625,-0.1913906506283783,-0.2768736354823822,-0.2768736354823822,-0.8144407654037855,-0.8144407654037855,0.4031478488040168,0.6524794590422751,0.8689061271446152,0.8489179693186661,0.7830656448168284,-0.2697345025892032,0.7618958784347931,0.8015112787315283,0.8017896955110235,0.8015112787315283,-0.2338305243284614],[0.9999849166308312,1.0,0.9728762546607195,0.9993004272272387,0.9944456063797986,0.999984916630831,0.9802502714936762,0.9723033317689896,0.9723033317689896,0.9800813420123473,0.9623795557583606,0.9820707499161435,0.9803038016205166,0.9802772178960567,0.9801037997135487,0.698369935981805,0.6506370439126072,-0.3159904448931873,0.9851499518135838,0.9851262911141805,0.9803672979428818,0.9803604080906775,-0.11208307521645451,0.9717041775268426,0.9741078128277973,0.9741078128277973,0.9741732388468023,0.9661484497349654,0.1049175181246625,0.1679867523373155,0.977311117371854,0.9773912985917786,0.9731145909651941,0.17622080678510313,0.988683075817291,0.9887532339939576,0.9894540493873049,0.9820857562207871,0.9873281146057958,0.9887806403239796,0.6781691639909939,-0.3220822848278217,0.9895218509892555,0.9895060999833016,0.9895218509892555,0.8883544623204119,0.5334170845809365,0.8808856217047002,0.8915096194977815,0.7960707285647625,-0.4121243244851361,-0.535392340456928,0.8265150284921461,0.8594267134080067,-0.20581395985897358,0.9344845163389076,0.9345818423368061,0.9451901624508197,0.973465509918189,0.9320149081362588,0.9410247685991008,0.9211939720312958,0.9206917212702511,0.9272846328520133,0.9279457244573276,0.9272846328520133,0.8008585266983034,0.7634186281911888,0.7656936701118959,0.7634186281911888,0.9350931644561972,0.9397298783336453,0.9351292311516386,0.9362358666230559,0.9351292311516386,0.4866355259996478,0.4272190963167149,0.5439091833249879,0.6465012800892214,0.5345326685432901,0.5697150518396993,0.5704566751667193,0.5697150518396993,-0.21645607002303183,0.8826862761767643,0.915586968684853,0.9036107171909873,0.9385668236804916,-0.1545887122003762,0.8774835462196574,0.8778509578934984,0.8774835462196574,0.8875827049999604,0.8875827049999604,-0.23968023627918725,0.5725440361772809,-0.3688667463996207,-0.6951354649473441,-0.46649823448184036,-0.46990510240109484,-0.32249047638589134,0.24247347058602242,-0.2278144245418334,-0.42418826208248417,-0.6351388489899986,-0.3028807106843425,-0.4935559254538548,-0.3579964555659368,0.12267547610570007,0.11806257102768475,-0.49137280257398414,-0.4492905593630948,-0.4775962958351382,-0.5076367482100207,-0.4999748208197071,-0.4796332809366094,-0.48300831910954534,-0.4796332809366094,-0.35752185158145516,-0.506696455765987,-0.506696455765987,-0.47779285825337187,-0.47779285825337187,0.4027715065652387,0.40403990342642937,0.5153036559098942,0.5989129856626028,0.5664514626856134,-0.4056418506052388,0.37462841890081444,0.3599478283381143,0.36005371653004614,0.3599478283381143,0.10821559972459059],[0.5974855675546474,0.9728762546607195,1.0,0.5919009425020497,0.4943374170647534,0.5974855675546473,0.5840827503730956,0.5734559664280701,0.5734559664280701,0.4968056460348097,0.4423744254295574,0.9966993738757246,0.5841106841251767,0.5099899523589422,0.5843994786937297,0.5263958633066795,0.5461141316786478,-0.13230709136588667,0.5344513792656768,0.533503231716394,0.4908382909649858,0.5829923329016934,0.22181006551807594,0.7234545468488299,0.5544141536582943,0.5544141536582943,0.5541504660830642,0.9857279343338551,0.3180361625875825,0.17903343758976173,0.5466043788505058,0.5461563805135443,0.7624530617468736,0.021978326660785225,0.5816696463846021,0.49432399289503937,0.562230311146431,0.34446746401104006,0.9942217423107835,0.4839705092540063,0.5217892963179095,-0.13937604543223336,0.597946373657228,0.5796241254430906,0.597946373657228,0.8918711600353857,0.39258219655771176,0.9132629624925138,0.8817844935573006,0.665077356302932,0.2028744575488988,-0.027364030378610134,0.05393832152325484,0.4508470968086096,-0.07911766035877721,0.5360026758777688,0.4792042900181122,0.5093316532861364,0.46482131577424873,-0.055930141693909266,0.7200181340447146,0.665190691713628,0.5270071780935783,0.6713933884093144,0.7246157451904941,0.6713933884093144,0.38675732784100925,0.5672348416318543,0.6555451986287651,0.5672348416318543,0.5981984574249379,0.6341095592529103,0.6776738983370765,0.742744860702976,0.6776738983370765,0.2516782738455504,-0.08649583390637466,0.2708050995664137,0.13207431129819244,0.27123954942096695,0.26121143606856695,0.4181620130730444,0.26121143606856695,-0.17396603813659445,0.4862280553922139,0.8304991141632218,0.5693626764074975,0.7406783232909959,0.035133539510175595,0.5451895942915012,0.5449497618954527,0.5451895942915012,0.6525578343442482,0.6525578343442482,-0.263373809125957,0.7231506352182068,-0.21303584766863348,-0.5893384731293927,-0.4027363056005022,-0.4063274392188563,-0.39742241988871746,0.04055460016675696,0.024227679694184094,-0.28033844374456846,-0.5708528682091527,-0.1424351123414752,-0.25088637039880585,-0.2229056022341638,0.004770469746918619,0.001414026918216069,-0.46147419885006,-0.00945621512226785,-0.23122296118288943,-0.4925908545546678,-0.1370572565061628,-0.37134587115068135,-0.2482499774291381,-0.37134587115068135,-0.4244721890252902,-0.5143330024239824,-0.5143330024239824,-0.25708448028909636,-0.25708448028909636,0.3365960391671975,0.1536492768720871,0.2558116868656674,0.497526282656488,0.23828500625577567,-0.3272347548646033,-0.03165232625691842,0.45128401871159063,0.5624017977141808,0.45128401871159063,-0.04652325024397559],[0.9997114021187072,0.9993004272272387,0.5919009425020497,1.0,0.9987247987473247,0.999711402118707,0.9928453205308253,0.9891313174394255,0.9891313174394255,0.9938229514505516,0.9719232187958803,0.9883091869832549,0.9928765070746789,-0.11730929171433221,0.9929109729239968,0.9363735152688505,0.9181640455980465,0.3940482589811538,0.9936952369338501,0.993683588133361,0.9848098534207853,0.9928569339875775,0.442235452187481,0.6909465475955818,0.9819138487875261,0.9819138487875261,0.9818926221308506,0.9747853274931211,0.32617315704244376,-0.11814125742213624,0.9893079429846033,0.9892844747483078,0.28426354651115543,-0.1866075582922208,0.9948110092931127,0.995872785192055,0.783407598631724,-0.38843880625701954,0.9919521598343901,0.9959367454985515,0.9335375573294669,0.3755165089099683,0.9925148923273366,0.9948761883279101,0.9925148923273366,0.8865804373435235,0.6523236458230859,0.8878078582679539,0.8887692690021097,0.7756435353702863,0.37736161563605797,-0.15083594108571974,0.18731709086313142,0.9396707843309116,0.4231525886773268,0.9721039465306437,0.9682242721890704,0.9776446863420681,0.9899974708082027,0.8965728070591872,0.9119370983297262,0.9224770605136317,0.9107554475134341,0.9150762146343365,0.9160799870346166,0.9150762146343365,0.8469517869912315,0.8975052439075323,0.8986593840922159,0.8975052439075323,0.9000534490812218,0.6853009273428401,0.8360374900779608,0.8375729563907528,0.8360374900779608,0.6285077071921407,0.110469037648927,0.6057002571271929,-0.5899552853944642,0.5113074897930318,0.30130263197146434,0.5314011772688891,0.30130263197146434,-0.1116988102054119,0.8854561480341984,0.9146414028311631,0.8969717388068128,0.8957743032400257,0.3843035283667533,0.8828186491616028,0.8840163992756283,0.8828186491616028,0.8747310145929255,0.8747310145929255,-0.14771792371917006,0.5960439386366482,0.1948879107518991,-0.6056634183238517,-0.5774769770930555,-0.5809899800218694,-0.0719278695859314,0.07454259399447725,0.24041818153691405,0.09100221610854024,-0.4448258000885024,0.03323414633385276,-0.8006381306470771,-0.23500418981188106,0.13319668743165128,0.1336797585670806,-0.557537740697436,-0.5955765507175299,-0.23081819404917084,-0.5074363367976584,-0.8285843586693206,-0.3657730925198125,-0.35782400403088443,-0.3657730925198125,-0.2005818697074799,-0.28687931225526525,-0.28687931225526525,-0.8145197358793514,-0.8145197358793514,0.39106912731505766,0.6407589681827315,0.861303256578974,0.8414065395206037,0.7758792728391926,-0.28308759967931124,0.7530133660443075,0.7929071288825236,0.7931957864618497,0.7929071288825236,-0.21888158968724375],[0.9976387865252638,0.9944456063797986,0.4943374170647534,0.9987247987473247,1.0,0.9976387865252638,0.9969232607394486,0.9951024095271904,0.9951024095271904,0.9971185417486398,0.9623368689396824,0.9957633854574619,0.9969432252730622,-0.3205325708532863,0.9969726005291515,0.9115394383174468,0.8822517609583697,0.19431559088516648,0.9974891717336816,0.9974843723807877,0.9865685908653169,0.9969315166843705,0.08454477035230251,0.6583179701072066,0.9911480910630588,0.9911480910630588,0.9911062978055295,0.9866893528035209,0.0882958514066055,-0.10143879793460284,0.9873765948669473,0.9873208815509336,-0.020303154169661473,-0.08215310576046517,0.9977529431100016,0.9976886649381567,0.7648315816431456,-0.524545666208106,0.9973450484660051,0.9979733539009563,0.9038395379312115,0.17034254345074584,0.9977040499538348,0.9977064013210377,0.9977040499538348,0.9013195493472504,0.6138790725913337,0.9070050774410583,0.8927121643048446,0.7449718749646508,-0.09884741593745222,-0.5830783519920572,-0.22613943488826677,0.9258986444850631,0.277151343438275,0.9661922967251061,0.9662613800101869,0.9788956220761115,0.9908336885978137,0.8926555672379212,0.8912992758593179,0.9100370472183833,0.8967064917929845,0.9082646507373621,0.9086475745948748,0.9082646507373621,0.8188710079624109,0.8446054874288214,0.8459202977971475,0.8446054874288214,0.887739674158673,0.7863275698433431,0.8677574141462004,0.8686723588340725,0.8677574141462004,0.5819763486062429,0.45007186430436336,0.5668758201324835,-0.6269906874184943,0.565492715027361,0.543071700086568,0.5421794725990761,0.543071700086568,-0.13175216918205285,0.8656437280114457,0.8865558816092662,0.8712609394866926,0.9019002857430366,0.23603203237009018,0.8662883856234638,0.8674873727378902,0.8662883856234638,0.8738460575130755,0.8738460575130755,-0.1894715730107939,0.6506768123847664,0.04935584219754956,-0.6395698124210132,-0.6321913937161068,-0.6326196897653318,-0.10694498004651581,0.09707257973885891,-0.1563587235650262,-0.1611060010092022,-0.5270483228195825,-0.3361240785205563,-0.8591998260262825,-0.5276192219870978,0.10019842450873756,0.10052752471063844,-0.5867814300357663,-0.5874989234681337,-0.5228673054106746,-0.5488203543854536,-0.7929102566094234,-0.5775195593962111,-0.5803860649865485,-0.5775195593962111,-0.24302839382441088,-0.3241965354634771,-0.3241965354634771,-0.7593103617650674,-0.7593103617650674,0.37318790341818253,0.6200995092620795,0.8124467171194293,0.7896822881489489,0.7635724845290554,-0.4185588168256458,0.6050604325443515,0.6845124954706865,0.684875428667691,0.6845124954706865,0.01048258483657192],[1.0,0.999984916630831,0.5974855675546473,0.999711402118707,0.9976387865252638,1.0,0.9913359848323176,0.987150236536304,0.987150236536304,0.9920075317018521,0.9740483282163945,0.983839073598376,0.9913786578762727,-0.11333473110673431,0.9914398086247826,0.9353864813275953,0.9172478372014671,0.40839719813579917,0.9923980132091312,0.9923832815671969,0.9844615352354629,0.9913654778868518,0.45077371166608526,0.687307806420492,0.9790741328218001,0.9790741328218001,0.9790527916650125,0.9659679525319501,0.3306336140262214,-0.11123054267494073,0.9896878976038271,0.9896543350513253,0.2923130654194986,-0.18607005195058043,0.9940789080804817,0.9948839211886347,0.8219168896299083,-0.38301838693433143,0.9886902814562367,0.9947124707665922,0.9334109816756019,0.39021289607074405,0.9942519531714801,0.9942393898358193,0.9942519531714801,0.8883291234976513,0.6649115238325508,0.8807178824088532,0.8915655009194722,0.7967526328995168,0.3827144333063175,-0.14510818668000483,0.19355393215662747,0.945354940807921,0.4391722314252114,0.9764308400608044,0.9710417038801582,0.9796555714697924,0.9897348416104768,0.9194625208157188,0.9198597517735894,0.9366360878416912,0.9153729344294699,0.9336201853829936,0.9343457276033447,0.9336201853829936,0.8560520627898182,0.9105288459539606,0.9115780342517696,0.9105288459539606,0.9040660763020615,0.7495307750265701,0.8779541385680804,0.8794638837654583,0.8779541385680804,0.6379695235072446,0.3231544162127813,0.6170077316074853,-0.5849563198352453,0.5173503645352175,0.5618345757042772,0.5627388999210677,0.5618345757042772,-0.10493052201969456,0.8916383097803593,0.9240402344327932,0.9060635781352254,0.9209152907949625,0.3978630670929174,0.8880993873282572,0.8891474557861982,0.8880993873282572,0.8957902390944075,0.8957902390944075,-0.1418798224133767,0.5713408384387337,0.19011063920679686,-0.5953260851070313,-0.5699335580873184,-0.5735426520417599,-0.059508695017664474,0.07975173982011906,0.247483909459543,0.10386395148034377,-0.4323355264886034,0.039736973183044,-0.7941845612355984,-0.22709758626359272,0.1438721320429115,0.14431344845638894,-0.5502658768821757,-0.5987711336400237,-0.22925273424574702,-0.4956947684166361,-0.8264114906241875,-0.36408109693012625,-0.3555652034863383,-0.36408109693012625,-0.1913906506283783,-0.2768736354823822,-0.2768736354823822,-0.8144407654037855,-0.8144407654037855,0.4031478488040168,0.6524794590422751,0.8689061271446152,0.8489179693186661,0.7830656448168284,-0.2697345025892032,0.7618958784347931,0.8015112787315283,0.8017896955110235,0.8015112787315283,-0.2338305243284614],[0.9913359848323176,0.9802502714936762,0.5840827503730956,0.9928453205308253,0.9969232607394486,0.9913359848323176,1.0,0.9972986436180645,0.9972986436180645,0.9999684523109653,0.9543848020189284,0.9996266768674467,0.9999963008148496,-0.1311762659800424,0.99999277533693,0.9611873312250026,0.9539840164071481,0.3483487660146918,0.9998455278654483,0.999845632161414,0.9889746928726728,0.9999965019627095,0.35113064582401854,0.691247630339776,0.9847974303592356,0.9847974303592356,0.9852926685202406,0.9879110618860043,0.24963013574800522,-0.1758619484581897,0.9918936613649568,0.991676512021387,0.18570520811915403,-0.2361641533742603,0.9993123870182437,0.9994114998362819,0.37698452624733,-0.323181586907583,0.9988123868950375,0.9993407527595016,0.9550244034249968,0.3283586388064009,0.9352611237826177,0.9990473275780748,0.9352611237826177,0.9104200158228132,0.6187043811413255,0.927084520921651,0.9013396580929093,0.7024182643185315,0.4113245189022316,-0.09226632528355361,-0.2073387106796409,0.9246858379979144,0.38423530772641895,0.9682311145696672,0.9619421053373399,0.977955887055344,0.9960815708728097,-0.06854141793943028,0.8451228829635863,0.8126323721939269,0.8599542931081333,0.8064081778903117,0.7721668680592495,0.8064081778903117,0.7773861939164403,0.7736254642399555,0.7688725066223936,0.7736254642399555,0.8488715891396148,0.33316720513774595,0.5464812729758702,0.6225896346828814,0.5464812729758702,0.5502584790763919,-0.3567799205744186,0.5148227973073127,-0.652928780757689,0.43597384811008216,-0.1183916547316031,0.3906410739639081,-0.1183916547316031,-0.1548020802052412,0.8252255860299125,0.8396953427649622,0.8269268620822365,0.7459831325522267,0.3378661957607278,0.8269792600279987,0.8286959080487402,0.8269792600279987,0.737359509970821,0.737359509970821,-0.2262778435750125,0.6973443555644964,0.2506557931511436,-0.6204721402928813,-0.6194092001031245,-0.6224621286009312,-0.12136565516523028,0.0231622590393003,0.34771797786276776,0.05450633703093079,-0.4677739062091506,0.08720090300775515,-0.8274320906525643,-0.13728232609794158,0.06318245980285962,0.06373540753696677,-0.6019898467709887,-0.6025806871500665,-0.06928950730755289,-0.5848539209160537,-0.8412220690485204,-0.36091254417680924,-0.18948572004406006,-0.36091254417680924,-0.2774605582633471,-0.3344151659487085,-0.3344151659487085,-0.8340079920992006,-0.8340079920992006,0.37160822113528486,0.5992700442538154,0.5012905149089294,0.8059571556555278,0.7547760897117759,-0.3386690214871418,0.06182067397328828,0.7598251542061792,0.778537219054178,0.7598251542061792,-0.14574539560460475],[0.987150236536304,0.9723033317689896,0.5734559664280701,0.9891313174394255,0.9951024095271904,0.987150236536304,0.9972986436180645,1.0,1.0,0.9995011667620046,0.9465645844219943,0.9984547893737556,0.9980826364783978,-0.14002843877460322,0.9990569836288123,0.9595127051401086,0.9454264513349383,0.3263063555036813,0.9991067232901136,0.9991082761885806,0.9861523880485177,0.9992094232654466,0.3246601008182902,0.6911947414898136,0.9921945960974624,0.9921945960974624,0.983126632213408,0.9841926936566582,0.23087819744652255,-0.19019877874031374,0.9881666274125254,0.9915869395389967,0.1660494166626141,-0.2426064482787652,0.9981999290418443,0.9981274138091365,0.35718339692073486,-0.3303806698280334,0.9964771246261264,0.9979989286404314,0.9537979775655385,0.30585594235798746,0.9269162514813202,0.9980293844301437,0.9269162514813202,0.907805928788495,0.6030176243775791,0.927438158483538,0.897603346364507,0.6766766699310944,0.3979639784002327,-0.10781509777603199,-0.22067195099696815,0.9155750736765896,0.36326411990074686,0.963465539773157,0.9564458980469188,0.9726173326990103,0.9951804494481205,-0.07906708720346153,0.8317533308106566,0.7950497923508838,0.85046569229272,0.790015140718195,0.7590836844018447,0.790015140718195,0.7635557568290446,0.7533642958403715,0.7545400563979289,0.7533642958403715,0.8396415219094561,0.3122851734947332,0.5244564604596009,0.6050946834763369,0.5244564604596009,0.5357494853584238,-0.37224160156176606,0.4985498337411388,-0.6615330560804987,0.4268746890233687,-0.14153018206736875,0.3730728115280252,-0.14153018206736875,-0.1619759840551308,0.8140641229700573,0.822470658744035,0.8125050818792942,0.7303703515797313,0.3202394829012638,0.816432780008088,0.8183576456604742,0.816432780008088,0.7181693876074667,0.7181693876074667,-0.24256731579698818,0.7247353170972956,0.25838842116988964,-0.6303413825195558,-0.6330377407134612,-0.6358949968835427,-0.13679750161586487,0.014839193177011352,0.3407534068808929,0.03488555426536165,-0.48113074976425174,0.07781749231597893,-0.8340918229492996,-0.14387221681746484,0.04702210469065273,0.047594682692956795,-0.6144246046069248,-0.6038123083031579,-0.07625855822238052,-0.6028980307264853,-0.841376233791774,-0.3729114454377559,-0.1958360286198718,-0.3729114454377559,-0.29599666586660095,-0.3488698879530184,-0.3488698879530184,-0.8325603883120205,-0.8325603883120205,0.3496143620542332,0.5815122298922877,0.4819466764508032,0.7877006421884485,0.7415429629926772,-0.36138039480518963,0.04724315339618006,0.7402946982420124,0.7625277223402154,0.7402946982420124,-0.12819605212939944],[0.987150236536304,0.9723033317689896,0.5734559664280701,0.9891313174394255,0.9951024095271904,0.987150236536304,0.9972986436180645,1.0,1.0,0.9995011667620046,0.9465645844219943,0.9984547893737556,0.9980826364783978,-0.14002843877460322,0.9990569836288123,0.9595127051401086,0.9454264513349383,0.3263063555036813,0.9991067232901136,0.9991082761885806,0.9861523880485177,0.9992094232654466,0.3246601008182902,0.6911947414898136,0.9921945960974624,0.9921945960974624,0.983126632213408,0.9841926936566582,0.23087819744652255,-0.19019877874031374,0.9881666274125254,0.9915869395389967,0.1660494166626141,-0.2426064482787652,0.9981999290418443,0.9981274138091365,0.35718339692073486,-0.3303806698280334,0.9964771246261264,0.9979989286404314,0.9537979775655385,0.30585594235798746,0.9269162514813202,0.9980293844301437,0.9269162514813202,0.907805928788495,0.6030176243775791,0.927438158483538,0.897603346364507,0.6766766699310944,0.3979639784002327,-0.10781509777603199,-0.22067195099696815,0.9155750736765896,0.36326411990074686,0.963465539773157,0.9564458980469188,0.9726173326990103,0.9951804494481205,-0.07906708720346153,0.8317533308106566,0.7950497923508838,0.85046569229272,0.790015140718195,0.7590836844018447,0.790015140718195,0.7635557568290446,0.7533642958403715,0.7545400563979289,0.7533642958403715,0.8396415219094561,0.3122851734947332,0.5244564604596009,0.6050946834763369,0.5244564604596009,0.5357494853584238,-0.37224160156176606,0.4985498337411388,-0.6615330560804987,0.4268746890233687,-0.14153018206736875,0.3730728115280252,-0.14153018206736875,-0.1619759840551308,0.8140641229700573,0.822470658744035,0.8125050818792942,0.7303703515797313,0.3202394829012638,0.816432780008088,0.8183576456604742,0.816432780008088,0.7181693876074667,0.7181693876074667,-0.24256731579698818,0.7247353170972956,0.25838842116988964,-0.6303413825195558,-0.6330377407134612,-0.6358949968835427,-0.13679750161586487,0.014839193177011352,0.3407534068808929,0.03488555426536165,-0.48113074976425174,0.07781749231597893,-0.8340918229492996,-0.14387221681746484,0.04702210469065273,0.047594682692956795,-0.6144246046069248,-0.6038123083031579,-0.07625855822238052,-0.6028980307264853,-0.841376233791774,-0.3729114454377559,-0.1958360286198718,-0.3729114454377559,-0.29599666586660095,-0.3488698879530184,-0.3488698879530184,-0.8325603883120205,-0.8325603883120205,0.3496143620542332,0.5815122298922877,0.4819466764508032,0.7877006421884485,0.7415429629926772,-0.36138039480518963,0.04724315339618006,0.7402946982420124,0.7625277223402154,0.7402946982420124,-0.12819605212939944],[0.9920075317018521,0.9800813420123473,0.4968056460348097,0.9938229514505516,0.9971185417486398,0.9920075317018521,0.9999684523109653,0.9995011667620046,0.9995011667620046,1.0,0.953193609790308,0.999581876346167,0.9999695376890793,-0.2982713795192268,0.9999737486927122,0.9250429077552258,0.8956377287070736,0.23788507693789748,0.9997921822341774,0.9997927783002271,0.9887922621324603,0.9999667708564447,0.13109774971813987,0.6543721740943236,0.9945118116546608,0.9945118116546608,0.9944605050897763,0.9877265444637371,0.0693220248667224,-0.11532419661809691,0.9904868534583696,0.9904559528160422,-0.004145957756414191,-0.19566540215733846,0.9993398582444365,0.9992980244036889,0.7747616147593931,-0.51610122402012,0.9987318276458824,0.9993184573795821,0.9166043999823597,0.2145272627212213,0.999187841448473,0.999193250175793,0.999187841448473,0.9102093290636845,0.6195016446583844,0.9265872431668032,0.9005017780554769,0.7017727235660093,0.007248241329880864,-0.5308355256220908,-0.1770984196435486,0.9199912025300767,0.3318059119990314,0.9629053237246455,0.9620930432324822,0.9793315590443762,0.9953123678598915,0.8651484482560218,0.8458728559075689,0.8835495691973038,0.8608008269757323,0.8818254758215189,0.8825201767888041,0.8818254758215189,0.7764782934740883,0.8261314358759684,0.8278128835001067,0.8261314358759684,0.8502128378353289,0.7475918639494284,0.8375992876910205,0.8389885295944493,0.8375992876910205,0.5495382198281032,0.3755848013701917,0.5135735175399575,-0.6758477741455774,0.4934808185127387,0.45803343696883564,0.45792001390346804,0.45803343696883564,-0.11230590618207086,0.8256803818739807,0.8395855525372635,0.8272322230714947,0.8750958468272666,0.2603233353288978,0.8327648553559268,0.8349955539735855,0.8327648553559268,0.8403747769083445,0.8403747769083445,-0.2283037014357022,0.6986135142759896,0.07490215042222953,-0.6328196223028516,-0.6588986094691341,-0.6598117351577388,-0.12501387198059902,0.02577659255309159,-0.16299997327014418,-0.13039832586136552,-0.5133599667588673,-0.3662537182667247,-0.8746514338826833,-0.5655046327036436,0.06213641107620178,0.06302649428581167,-0.6038054276281569,-0.5986665492473547,-0.532521054313047,-0.586821275528295,-0.8141765073603838,-0.6009721709221073,-0.6031696134410013,-0.6009721709221073,-0.27998604986538855,-0.33800276749440666,-0.33800276749440666,-0.7936239041092414,-0.7936239041092414,0.3716862204224792,0.5978252237778741,0.8207172789038915,0.8013678024555377,0.7530680661123585,-0.3670587451565504,0.6385527943011876,0.7063012442647065,0.7064625116056144,0.7063012442647065,0.09240197621314179],[0.9740483282163945,0.9623795557583606,0.4423744254295574,0.9719232187958803,0.9623368689396824,0.9740483282163945,0.9543848020189284,0.9465645844219943,0.9465645844219943,0.953193609790308,1.0,0.9309423100222135,0.9544104211670149,-0.22831120190958357,0.9540840206621134,0.8272180249759556,0.7900645884382409,0.03563291879673881,0.9595939182319347,0.9595708044882552,0.9545431643263318,0.9545342429309219,0.06168984812832905,0.6993378517683176,0.9562696444278085,0.9562696444278085,0.9564720930170049,0.8491058373398087,0.17584111805034092,-0.09727072950246649,0.9625471451101126,0.9626725320168804,0.15020716308510396,0.08067124134577022,0.9637349808271624,0.9640107529032322,0.8627675135251525,-0.43183419647773164,0.9415544958494245,0.9628732926254338,0.8231853880661661,0.013443569308344974,0.965030829223801,0.9649952915383577,0.965030829223801,0.7933136661992647,0.4160868984895764,0.7752495538486639,0.8745076677663177,0.8355842620379411,-0.5466836783931431,-0.6855770742257898,-0.2889183074252673,0.8742566686915396,0.04230429286185252,0.9079287755458433,0.9079809357456499,0.9274948899050457,0.9608620398424692,0.8686560977615487,0.8651898249232829,0.8922615603753655,0.8716653695522875,0.8846454127154877,0.8854002483708048,0.8846454127154877,0.816213846210385,0.7959168186513476,0.7979359036103408,0.7959168186513476,0.8645243949007794,0.8829689087728733,0.8627489748060793,0.863476362517827,0.8627489748060793,0.6438241469083986,0.5651911114057429,0.6451906056370451,-0.3869886843558136,0.6671285089532724,0.6863889677601246,0.6892010572336682,0.6863889677601246,-0.2721464388636589,0.8689899464015989,0.9270935668146774,0.8857391291518406,0.8833319132576183,0.12660852567666334,0.8616062217587305,0.8628545399645491,0.8616062217587305,0.872382616951984,0.872382616951984,0.020982174828319978,0.3363356258601094,-0.09302846879221326,-0.5493237616042328,-0.4102493922901317,-0.41224960183124754,0.033570189324234695,0.4013412962922895,0.07893331467867884,-0.07196148076638555,-0.4097903739733263,-0.019999595732902067,-0.8079270361809465,-0.18198391181822687,0.2919317917981335,0.29097940700762637,-0.3741330753438926,-0.4379726998714376,-0.3312752928387366,-0.3386064817822928,-0.6801065175191707,-0.3519469095166486,-0.35411525096056373,-0.3519469095166486,-0.0776732988648244,-0.37329997684337285,-0.37329997684337285,-0.5388854922288774,-0.5388854922288774,0.558734228794643,0.6680755513242754,0.7598386198025027,0.6759187464936095,0.8336463075323138,-0.4613233870785993,0.38740810639730966,0.5575936914261849,0.5578810146351205,0.5575936914261849,-0.2249188983054252],[0.983839073598376,0.9820707499161435,0.9966993738757246,0.9883091869832549,0.9957633854574619,0.983839073598376,0.9996266768674467,0.9984547893737556,0.9984547893737556,0.999581876346167,0.9309423100222135,1.0,0.999624736125565,0.9996221125853306,0.9995807377986733,0.7535199269359578,0.7000464691750293,-0.4208131729530443,0.9997617975145857,0.9997654421496104,0.9996322470648181,0.9996322789942416,-0.23110702896436444,0.9655603661433917,0.9931708095797784,0.9931708095797784,0.9931472264297376,0.9904840513233669,0.08118999839277403,0.1010721544352671,0.9899094470569384,0.9899721260347178,0.9740191423038113,0.053062934867720436,0.9988220320503959,0.9987691027302247,0.9985998554596256,0.999288133013691,0.999273522574153,0.9988352356576948,0.7257050157372738,-0.43051293457497286,0.998542123285356,0.998552574617789,0.998542123285356,0.9039175533612736,0.46834171387890905,0.9226913987807251,0.8985364134316502,0.7029425687697316,-0.5118605747882062,-0.6451671118109542,0.7960528347402016,0.8145726603625646,-0.3101525855897675,0.9243661838839764,0.9245679579357775,0.9623583609004399,0.9929214972337648,0.868726105729315,0.8776876879107178,0.8477077328222319,0.8498766104814706,0.8561246024298641,0.8569839011100189,0.8561246024298641,0.6990614284437736,0.6555609643845699,0.6582616071406553,0.6555609643845699,0.8776936534506459,0.8859285390560703,0.8765107179956988,0.8778754845581057,0.8765107179956988,0.362819275569395,0.29264732033325436,0.4167066186811296,0.5378925458078014,0.41648140144919593,0.4589172186863076,0.4612891006905306,0.4589172186863076,-0.40400261929791464,0.7973987965780254,0.8438355072570133,0.8257187629483764,0.8769319063442488,-0.20059125998033892,0.7910347683089203,0.7915305113409169,0.7910347683089203,0.8042162977176583,0.8042162977176583,-0.2862495934304648,0.6902578853353483,-0.3888045371612247,-0.7269924476555867,-0.5440094626992387,-0.5463407698229205,-0.3789090034961869,0.17940709242588576,-0.2803417375090185,-0.4691773325508189,-0.6749601357142919,-0.3608627342837204,-0.6144631464827668,-0.4276551729540332,0.05522524769309344,0.05150278143245513,-0.5641862214414834,-0.5306429770746467,-0.5500888614105497,-0.5845613527004441,-0.5785803265754345,-0.5532425237817596,-0.556340385804539,-0.5532425237817596,-0.43580225848574294,-0.6087461660566494,-0.6087461660566494,-0.6071149981228351,-0.6071149981228351,0.3670148347398146,0.35257178296563324,0.47242716186390127,0.5562763137434621,0.5466126914198971,-0.5580208528527061,0.29537885089627386,0.30939686454054866,0.3095710282346157,0.30939686454054866,0.20919648519236544],[0.9913786578762727,0.9803038016205166,0.5841106841251767,0.9928765070746789,0.9969432252730622,0.9913786578762727,0.9999963008148496,0.9980826364783978,0.9980826364783978,0.9999695376890793,0.9544104211670149,0.999624736125565,1.0,-0.1308434472105361,0.9999945821165022,0.9611551369831424,0.9516538005631598,0.3484067830172157,0.9998468443171039,0.9998469193821997,0.9890136664350626,0.9999970944586808,0.3514531109169467,0.6913287229440435,0.9901390776842692,0.9901390776842692,0.9852828787007306,0.987891764674592,0.24990649800189274,-0.17580131166534277,0.9918993474443898,0.9916859872959589,0.18594913686215567,-0.23612047995872873,0.9993141481082123,0.9994152497953386,0.37696496966073795,-0.32296079099384145,0.9988141731288257,0.999348795031421,0.9549860204671353,0.32842344404004625,0.9352462236679219,0.9990495386981395,0.9352462236679219,0.9104319799639844,0.6188469082500622,0.927316169143585,0.9015715729843969,0.7025512755814024,0.4117187096208354,-0.09181226319387309,-0.20696144888118057,0.9247623761354148,0.38430646628587506,0.9683224773273301,0.9620056824689537,0.9780446583835205,0.9960944079803445,-0.06834115190403059,0.8452954032400144,0.8127411124681044,0.8600817645672557,0.8065155268417543,0.77210928314866,0.8065155268417543,0.7774807279103,0.7736886442027993,0.7688077758673341,0.7736886442027993,0.8490382549287102,0.33304681441302525,0.5464972257307137,0.6225039815708369,0.5464972257307137,0.5502109507153302,-0.3567955627746673,0.514790503360803,-0.6528116446517377,0.43587403386811324,-0.11851733946341331,0.39068611978621615,-0.11851733946341331,-0.15495107081664553,0.8253090911099162,0.8398545258789393,0.8270405595065967,0.745977105255192,0.33792825386249276,0.8270731566061527,0.8287858518110661,0.8270731566061527,0.7374409690295176,0.7374409690295176,-0.22622996669412856,0.6973105606319024,0.25076560007214743,-0.6205114248156249,-0.619320250392477,-0.6223792975129542,-0.1214552074577663,0.02303202691661851,0.34788442937867536,0.05451702787658196,-0.46783892211776545,0.08745719560950481,-0.8271574025329892,-0.13699343283222942,0.06324150274831014,0.06381187999535623,-0.6019739088330576,-0.6023789265193302,-0.06904294002665666,-0.584818406119657,-0.8411048558942823,-0.3606853125416096,-0.18928105393281977,-0.3606853125416096,-0.2773150670482063,-0.3343830007274636,-0.3343830007274636,-0.8339453670238294,-0.8339453670238294,0.3720799054800665,0.5994056143067933,0.5015388904068407,0.8062104156635266,0.7548429630210871,-0.3384512826495113,0.06210761857185473,0.7600710896855787,0.7786474089419186,0.7600710896855787,-0.1457684513592251],[-0.11333473110673431,0.9802772178960567,0.5099899523589422,-0.11730929171433221,-0.3205325708532863,-0.11333473110673431,-0.1311762659800424,-0.14002843877460322,-0.14002843877460322,-0.2982713795192268,-0.22831120190958357,0.9996221125853306,-0.1308434472105361,1.0,-0.13024596826647636,-0.1473845152309092,-0.12553109112523914,-0.29678140326167507,-0.13161871541417933,-0.13218675980928335,-0.2525279094297908,-0.1318145288895513,0.02987153664526723,0.31076172128982965,-0.16329511902905,-0.16329511902905,-0.16362474297222418,0.9878786523824659,0.2533171738600721,0.1876617617958939,-0.1695869878436243,-0.17017846201257975,0.5393099234052308,0.12280640568176521,-0.1294424401892849,-0.28460088385736126,0.17432104722991987,0.9570304929431156,0.9988129284651425,-0.31468518450062705,-0.14553899135558143,-0.28682594236706094,-0.129663768222497,-0.1307772324459423,-0.129663768222497,0.910474821454854,-0.11438576438821062,0.9272728589698996,0.901504222503789,0.7025284327267176,0.08577998264420991,0.24982263141911804,0.6451865230121095,-0.252744680575229,-0.29808973251074805,-0.05389929415269803,-0.28493701346246597,-0.09034747784727458,-0.16027289271767073,0.04114654396933515,0.3103333333004989,-0.0056267857869774195,-0.2756153692897573,-0.003308181973441398,0.005822366265594738,-0.003308181973441398,-0.3757539492932019,-0.09063558578171575,-0.09277178062420015,-0.09063558578171575,-0.1752401400692532,0.08006849865675396,0.05838051008236241,0.058282761017566825,0.05838051008236241,-0.3889523306258175,0.0069472775309833215,-0.35347534376697076,0.6180845675482032,-0.3213359366671332,0.010445611364129637,-0.049606239149793376,0.010445611364129637,-0.3076890341246479,-0.30851957862519996,0.8398520778702632,-0.07563843403706152,0.02838666185521949,-0.22488582502885643,-0.23561942148420217,-0.23535790351202213,-0.23561942148420217,-0.011738183652490422,-0.011738183652490422,-0.20893684433416787,0.6972455022879077,-0.16058121947429357,-0.03590731688538656,0.18984000001673978,0.1883263908436306,-0.2545525588114023,-0.004052616918609294,0.01951931052689604,-0.1788841624168479,-0.12169745843968914,0.03905033976605653,0.3737073659234112,0.10878236149938202,-0.035041120666747874,-0.03892558683959701,0.07887449240792375,0.564256634280584,0.0869002312270942,-0.20770629410610153,0.6025379340664168,0.08938544443959039,0.09785078699610811,0.08938544443959039,-0.2419732466625705,-0.20089753933622218,-0.20089753933622218,0.31547366739542715,0.31547366739542715,0.37214786096018776,-0.24453663863236552,0.02346394454879868,0.0970308611019436,-0.2363790304835468,0.0655005158945909,0.15773299893479112,0.10926389030748702,0.10916037804127467,0.10926389030748702,0.12429258036499619],[0.9914398086247826,0.9801037997135487,0.5843994786937297,0.9929109729239968,0.9969726005291515,0.9914398086247826,0.99999277533693,0.9990569836288123,0.9990569836288123,0.9999737486927122,0.9540840206621134,0.9995807377986733,0.9999945821165022,-0.13024596826647636,1.0,0.9587490123719314,0.941088792539951,0.3485286649078356,0.9998497052472974,0.9998496766826849,0.9891658419373166,0.9999945269044604,0.35212395465153734,0.6911701952150825,0.9935498482455823,0.9935498482455823,0.9934436118892473,0.9877847724677506,0.25017508363775576,-0.17584871523775325,0.992662619087197,0.9927119226964963,0.18671571240447826,-0.23595772904967216,0.9993632184646647,0.9994143755054467,0.3759280640142199,-0.3221283789843641,0.9987574881671419,0.9993516910812622,0.9545917996433788,0.32856968213963567,0.9347510872454646,0.9991042719581463,0.9347510872454646,0.9107147127452475,0.619561034594495,0.9276327772268564,0.9018960259470683,0.7022627020772203,0.4131171960555677,-0.09022383482634456,-0.20716853406909574,0.9251466265038254,0.38459134737338335,0.968734825390564,0.9623547518974116,0.9783301694210116,0.9961321738993796,-0.0693625608759819,0.8455708743874213,0.8126606255602095,0.8603303302683246,0.8064737304205382,0.7716973209028947,0.8064737304205382,0.7776732649975336,0.7736409741947161,0.7692140514363704,0.7736409741947161,0.8493744584711405,0.3323652202422681,0.5459889336023914,0.6225293409263652,0.5459889336023914,0.5500461287634734,-0.3579663900861573,0.5146987793975892,-0.652974696776535,0.43548834386221463,-0.11952178757410743,0.3903368420065553,-0.11952178757410743,-0.1548970160348723,0.8254410370701879,0.8394996142417565,0.8271466784325066,0.7367549196576805,0.33831512070919445,0.827188578705277,0.8288907818670196,0.827188578705277,0.7372489765919433,0.7372489765919433,-0.22779733545494713,0.6981641867152866,0.2512692371976508,-0.6204912549651941,-0.6196999082572519,-0.6227634298209158,-0.12261577436389531,0.02179306529266736,0.3481939450490889,0.054076139825653124,-0.46808461000577245,0.08753876707972892,-0.8263069240214794,-0.13683337600262307,0.06222097872180747,0.06278660695657916,-0.6026034208994346,-0.602649930277092,-0.0684603243637896,-0.5861266731098581,-0.8411021032430124,-0.3606213274621298,-0.1887210404233491,-0.3606213274621298,-0.2782973219312225,-0.3348569780844703,-0.3348569780844703,-0.8342949727146287,-0.8342949727146287,0.37224980094990706,0.5990769914949007,0.501003674612982,0.8066557990993944,0.7542838927102293,-0.3379816965904074,0.061436885999712934,0.7604756045146641,0.779255941244075,0.7604756045146641,-0.14544780748098793],[0.9353864813275953,0.698369935981805,0.5263958633066795,0.9363735152688505,0.9115394383174468,0.9353864813275953,0.9611873312250026,0.9595127051401086,0.9595127051401086,0.9250429077552258,0.8272180249759556,0.7535199269359578,0.9611551369831424,-0.1473845152309092,0.9587490123719314,1.0,0.9965401133099594,0.3969025983480086,0.9533266125056633,0.9533230722061634,0.9265799954777075,0.9584207295076677,0.335913293159497,0.604132269741756,0.9511712169731221,0.9511712169731221,0.9410786978188905,0.4977591265342621,0.2086195024769183,-0.1895340844432451,0.9620610670340657,0.9613695221858045,0.16069308628429943,-0.25860337016087953,0.9597617904364676,0.9313684410258295,0.3317281513205127,-0.3214908622318521,0.7611907646635709,0.9222903481262706,0.9984989909103902,0.3779488298764485,0.8892590895277165,0.959540951312477,0.8892590895277165,0.6806753089303104,0.6041293001910036,0.42586673357658833,0.40359494446513033,0.5128847783805996,0.41329806675984315,-0.07206752641130042,-0.2108895969754207,0.877645200702848,0.4040387837785937,0.9376640342561857,0.902263222917507,0.9