var element=document.getElementById("correlationClose");if(element.style.display!='none'){var correlationClose={"data":[{"type":"heatmap","z":[[1.0,0.9999853159975184,0.6038959067880058,0.9997123909163189,0.99767755003817,1.0,0.991451768338102,0.9873246754934943,0.9873246754934943,0.9921258182101502,0.9743319143055154,0.9842385602119273,0.9914936651346943,-0.10908984345027767,0.9915540163513957,0.9224363665645466,0.8996319147055369,0.3981408291466729,0.992499857345385,0.992485771808684,0.9845883498961246,0.991480984005174,0.45233189672373325,0.6924763964473165,0.9793545861196085,0.9793545861196085,0.9793337831596012,0.9672426769988061,0.33711839935450033,-0.10737918156837405,0.9896388952567167,0.9896039841527295,0.29627646079004233,-0.18144821766002564,0.9941515483660114,0.9949399220661698,0.8244228883485547,-0.38115625153702715,0.988948737140251,0.9947874399896431,0.9192501099162063,0.379838541589168,0.9943210419210249,0.9943086758529881,0.9943210419210249,0.8877154600822156,0.6632523449070488,0.882566261557579,0.8925731661722242,0.7985724510517812,0.38134724857991437,-0.14811509246975407,0.19396186335030818,0.9454091799429566,0.43360499168189626,0.9762027341979366,0.9708838945221963,0.9796771752362796,0.9897447422994449,0.9205854640226947,0.921903870097036,0.937515789759334,0.9169356857286907,0.9345443219438351,0.935264883409263,0.9345443219438351,0.8588099320999817,0.9115736299508547,0.9126263697460972,0.9115736299508547,0.9060075800072865,0.753241677029935,0.8796739321430146,0.8811761018216863,0.8796739321430146,0.6435310297181761,0.3275093701856563,0.6229719198327943,-0.582214285020482,0.5243727000134654,0.5664169333224455,0.5673686940289834,0.5664169333224455,-0.10517521287367941,0.8936667955529628,0.9261329011066157,0.9082706763971398,0.922032820989352,0.3864140867617504,0.8899680388916497,0.890996949727112,0.8899680388916497,0.8972542056248346,0.8972542056248346,-0.1369580839683588,0.5722711035330902,0.186976213568514,-0.6032020776038867,-0.5716007766539282,-0.5751791919064093,-0.06456900034943927,0.08474184491729292,0.2446647120980663,0.09659700231105965,-0.4430762456073732,0.035489533685449125,-0.7944849306075575,-0.23139048295814288,0.1465461820901732,0.14701504181236053,-0.5521024163794404,-0.5970996980602826,-0.2330105281820456,-0.4972715431540235,-0.8256537913256086,-0.36738412885333555,-0.35894452463122895,-0.36738412885333555,-0.19220522359650138,-0.281269792292968,-0.281269792292968,-0.8136617926679086,-0.8136617926679086,0.4012231538434186,0.6500376193933061,0.8675812373754,0.848017068622039,0.780781828933975,-0.27492423355925166,0.7603369333814674,0.7995520291513288,0.7998253440867397,0.7995520291513288,-0.2329303523382112],[0.9999853159975184,1.0,0.9736550478154016,0.9993167573484485,0.9945996928264977,0.9999853159975183,0.9807458612901878,0.9730221508927034,0.9730221508927034,0.9805772948077014,0.9633228278522984,0.9825396766687158,0.9807946870848318,0.9807683487603078,0.980601299187892,0.642613251357446,0.586868765779594,-0.3270691460539671,0.9855239483523104,0.9855015092840917,0.9808552661355033,0.9808488467145511,-0.10252623829272114,0.9724957195334518,0.9747930096741219,0.9747930096741219,0.9748553907637318,0.9674190958631036,0.12260926048707686,0.17440105957446028,0.9776285647698718,0.9777001488793021,0.9735737135086495,0.18609743014530186,0.9889362942606841,0.9890014339071501,0.9896896966178881,0.9824903458251492,0.9876405568985306,0.9890556172376378,0.6177747391947269,-0.33305160849792614,0.9897513990364147,0.9897365496543721,0.9897513990364147,0.8877476150550636,0.5288220136736179,0.8828816055240625,0.8926801703728804,0.7978971877016373,-0.40530362900447914,-0.5322704349747049,0.8257907669854653,0.8605623733511774,-0.21159668429004266,0.9341843012354953,0.9342930376382719,0.9463220739088971,0.9738637981705925,0.9339828147094191,0.942753771534659,0.9235114850452406,0.9229624535209346,0.9294197710132389,0.930061924175375,0.9294197710132389,0.8064251952639229,0.7697537440096821,0.7720268727298959,0.7697537440096821,0.9368597533530112,0.9413495033174636,0.9369005928576243,0.9379840179666918,0.9369005928576243,0.4988559252364535,0.4394419181318239,0.5543138322267263,0.6555916464859235,0.5461640586284804,0.5796911642826821,0.5805759724829817,0.5796911642826821,-0.21393757905797134,0.8861615781808331,0.9180982774849351,0.9065047016494595,0.9403698815075269,-0.169231353907343,0.8810884063158918,0.8814533634362238,0.8810884063158918,0.8909129038093604,0.8909129038093604,-0.2336109027969766,0.5726876377691443,-0.3702716230939885,-0.7034750863269028,-0.46592728603512207,-0.4693874648918518,-0.3264645638437112,0.24652821424497354,-0.23003101133215817,-0.4298336168153551,-0.6444300067058197,-0.30667098933488013,-0.49190719428768037,-0.36204525986709096,0.12505019110655735,0.12062212616775807,-0.49107484177947874,-0.4497065672506459,-0.47800338493072075,-0.5080929448654361,-0.5004655641807798,-0.4800395252480716,-0.4833443439485168,-0.4800395252480716,-0.3562228334626777,-0.5081466292623723,-0.5081466292623723,-0.4797286366288352,-0.4797286366288352,0.40085771722119534,0.39970025939327364,0.5126279873673589,0.5975840278953727,0.562477748678746,-0.4089045787379753,0.3718041580881191,0.3547211019238312,0.35483926990662085,0.3547211019238312,0.10826903018729124],[0.6038959067880058,0.9736550478154016,1.0,0.5985660125158223,0.5039711587514445,0.6038959067880058,0.5900341840207697,0.5796417233637992,0.5796417233637992,0.5057987474021457,0.4529182454967526,0.9966759754991671,0.5900554945481794,0.5089404648844169,0.590336810450343,0.5178017955747153,0.5336316969354024,-0.13864464753145903,0.541514428251448,0.5406272268436462,0.4988349835842179,0.5889851544607355,0.22534544353794564,0.7295094040662461,0.5612112534218687,0.5612112534218687,0.5609488419545632,0.9862007456186304,0.3254062869502414,0.1806220213304245,0.5518744129425945,0.5514284515027217,0.7613701364097898,0.025508535049218066,0.5874658444112141,0.5029162968457289,0.5667049174734281,0.3407509943866946,0.9942465849143975,0.49324308045607196,0.5125031241651221,-0.14589777706659177,0.6038004144181326,0.5854480080789825,0.6038004144181326,0.8905981829738964,0.39283290906628066,0.9137393260266271,0.8829220287526826,0.6694831647276968,0.20333964435346719,-0.031062136698387546,0.05305178418311928,0.4574078824163266,-0.08071680742789832,0.5406198002447892,0.4858995362615972,0.5153537686462406,0.4718924180630419,-0.05173412821025289,0.7271592542475664,0.6704370726507966,0.5371524565255703,0.6765565156738435,0.7274425098246529,0.6765565156738435,0.3993402991792076,0.5728934600766885,0.6585980495098913,0.5728934600766885,0.6070759724067858,0.6372029874599626,0.6814913103719211,0.7449664900602603,0.6814913103719211,0.2649537730839186,-0.08681314941999652,0.28347043336049144,0.1288785433138574,0.28382806497887375,0.26119623180685997,0.4243400581736038,0.26119623180685997,-0.17337719237319676,0.49755625431819567,0.8357941252297435,0.5802001068632976,0.7433887461411219,0.025446194611009852,0.5546061005538344,0.5544790182491895,0.5546061005538344,0.6579607526869453,0.6579607526869453,-0.25705642742381407,0.7204797038828015,-0.21120970733258695,-0.5993894622684374,-0.4059457796627834,-0.40949098333345413,-0.39904044801759236,0.04676810783706149,0.02431130104542058,-0.2846157370775634,-0.5806293603687668,-0.14445634459134676,-0.2566296471511737,-0.2264443382381469,0.009185917088025273,0.005923154848885356,-0.4640054571208343,-0.014096586078942664,-0.23362277025291275,-0.4943127706793266,-0.1427099873927378,-0.3742589279729682,-0.2514732207087659,-0.3742589279729682,-0.42251911943796605,-0.5159534701080862,-0.5159534701080862,-0.2612177020265099,-0.2612177020265099,0.3360209705137452,0.15648844323284328,0.25811470170007306,0.49924952238045817,0.24226028531375296,-0.3322400745603358,-0.030485544250246077,0.4516961492469947,0.5620848914821331,0.4516961492469947,-0.04663193022025481],[0.9997123909163189,0.9993167573484485,0.5985660125158223,1.0,0.9987460584357103,0.9997123909163188,0.9929374021328642,0.9892813131955165,0.9892813131955165,0.9939052087323668,0.972212262504123,0.9885751303893219,0.992967686100787,-0.1129339268953889,0.9930017140442865,0.9231680701026914,0.9002508554913462,0.3836878503836349,0.993776447176712,0.9937651778246186,0.9849048075099806,0.992948239056949,0.44384980654135314,0.6962288461308942,0.9821703324258843,0.9821703324258843,0.9821494698784778,0.9756997824983739,0.33281743902753874,-0.11414924343204687,0.9892166204060707,0.9891914929321726,0.28833725941266886,-0.18187287117284648,0.9948637285072929,0.9958995846081526,0.7864286301659157,-0.38646264260006735,0.9921047902416301,0.9959827245158939,0.9191327504115829,0.3650435459617567,0.9925971595134611,0.9949257677357468,0.9925971595134611,0.8858166424944334,0.6506624755123015,0.8893732206824561,0.8898565510640226,0.777801962192392,0.37601463499558546,-0.15378451820176794,0.18779671338310258,0.9397320317604492,0.4175613699876739,0.9718462517887508,0.9680391524507743,0.9776401268147246,0.989965005696584,0.898042417475904,0.9142543907089351,0.9235829504960493,0.912455204319173,0.9162904439506802,0.9172870224377477,0.9162904439506802,0.8499251505825248,0.8987053915834737,0.8998647994560754,0.8987053915834737,0.902125123980077,0.6898502590192847,0.83834598021365,0.8398823161564883,0.83834598021365,0.6342998321994757,0.11321035985364385,0.6119204509455666,-0.5871264289390521,0.5185433545238856,0.3054462804951177,0.5362974493145659,0.3054462804951177,-0.11188452405056985,0.887671041429,0.9171119308825486,0.8994704825403395,0.8972907828877627,0.37273329185852627,0.884844367592975,0.8860217601447872,0.884844367592975,0.8765287285026884,0.8765287285026884,-0.14261828422199788,0.5963396255819956,0.19172853772542972,-0.6135134212192258,-0.5790410261569411,-0.5825236626024304,-0.07693896192505105,0.07965674244222916,0.23761975912082053,0.0837043867675879,-0.4555341490692755,0.0290144158370153,-0.8008156469771823,-0.23926055387179035,0.13599571083033563,0.1365065282702806,-0.5592724018013353,-0.5938312670396692,-0.23452045532911608,-0.5087961188800364,-0.827713027999192,-0.3690225464998619,-0.36114889330218525,-0.3690225464998619,-0.20127933730583464,-0.2911976907078372,-0.2911976907078372,-0.8136455876025067,-0.8136455876025067,0.38940879045865257,0.6383150639623305,0.8599202295684253,0.8404625735214092,0.7735369673112734,-0.2882030943852826,0.7514094899932665,0.7908888310021569,0.7911736840987369,0.7908888310021569,-0.21800916906173484],[0.99767755003817,0.9945996928264977,0.5039711587514445,0.9987460584357103,1.0,0.99767755003817,0.9969577933190256,0.9951722487176986,0.9951722487176986,0.997152346850342,0.9628441003552017,0.9958612805083071,0.9969767927729334,-0.3143793068086635,0.997006153637667,0.8920076677864618,0.8562075027665454,0.18308835927525272,0.9975164089758123,0.9975112591820942,0.9866792575512364,0.9969641410262777,0.08879393478700454,0.6652058599892217,0.9912922288463933,0.9912922288463933,0.9912508013261451,0.9871838611954457,0.09888697507714767,-0.09687720169273543,0.9872742262905748,0.9872153942243516,-0.013319303776487684,-0.07685931170199682,0.9977610267708072,0.9976953253441753,0.768964817185117,-0.5210586768591667,0.9973939110584977,0.9979902325362672,0.8823616149037037,0.15907154355216513,0.9977104633975273,0.9977118873473887,0.9977104633975273,0.9005688744984405,0.6124205048525277,0.9082221612709451,0.894029914132054,0.7479118309189678,-0.09881725060171834,-0.5837735657108766,-0.2236696977577814,0.9262399453475314,0.2713606109518857,0.9660586713888386,0.9661377483828903,0.9790067764682513,0.9907500369796332,0.8945738182773779,0.8940379950055936,0.9116324106595716,0.8986535152939745,0.9098926570157212,0.910279285579697,0.9098926570157212,0.8223547520023726,0.847024288864646,0.8483541372480736,0.847024288864646,0.8900314170734722,0.7902578811972956,0.8701218229688593,0.8710417907534344,0.8701218229688593,0.5885582798037163,0.45788846837380986,0.5736733178540186,-0.6221634930653057,0.5725389859662222,0.5501298047398876,0.5493815751497384,0.5501298047398876,-0.1316531365215019,0.8682210366157156,0.8897134238301668,0.8743059029090204,0.9036581967621519,0.22356558988273176,0.8687045712955435,0.8698999200487645,0.8687045712955435,0.8761256629945074,0.8761256629945074,-0.18404221232377965,0.6502372412758114,0.04600179395009444,-0.6469962486990106,-0.632975296920616,-0.6334003621913676,-0.11158685776203799,0.10232942422065967,-0.1583611728771951,-0.16798953563056548,-0.536511474390086,-0.33928518835622506,-0.8580650059939315,-0.5302363332314494,0.10329575308844403,0.1036568609129886,-0.5881213463849881,-0.5859206232185997,-0.5248633145641843,-0.5497373891723367,-0.7913175760591669,-0.5791680342083354,-0.5820455720420751,-0.5791680342083354,-0.24329495648868713,-0.3280930646661256,-0.3280930646661256,-0.7579164472844767,-0.7579164472844767,0.37228277280313354,0.6179711042228646,0.8112561054357202,0.7894095276525914,0.7614942402661958,-0.4227601516869349,0.6039611123912902,0.6823490200908505,0.6827218916242325,0.6823490200908505,0.010652808315249998],[1.0,0.9999853159975183,0.6038959067880058,0.9997123909163188,0.99767755003817,1.0,0.991451768338102,0.9873246754934943,0.9873246754934943,0.9921258182101502,0.9743319143055154,0.9842385602119273,0.9914936651346943,-0.10908984345027767,0.9915540163513957,0.9224363665645466,0.8996319147055369,0.3981408291466729,0.992499857345385,0.992485771808684,0.9845883498961246,0.991480984005174,0.45233189672373325,0.6924763964473165,0.9793545861196085,0.9793545861196085,0.9793337831596012,0.9672426769988061,0.33711839935450033,-0.10737918156837405,0.9896388952567167,0.9896039841527295,0.29627646079004233,-0.18144821766002564,0.9941515483660114,0.9949399220661698,0.8244228883485547,-0.38115625153702715,0.988948737140251,0.9947874399896431,0.9192501099162063,0.379838541589168,0.9943210419210249,0.9943086758529881,0.9943210419210249,0.8877154600822156,0.6632523449070488,0.882566261557579,0.8925731661722242,0.7985724510517812,0.38134724857991437,-0.14811509246975407,0.19396186335030818,0.9454091799429566,0.43360499168189626,0.9762027341979366,0.9708838945221963,0.9796771752362796,0.9897447422994449,0.9205854640226947,0.921903870097036,0.937515789759334,0.9169356857286907,0.9345443219438351,0.935264883409263,0.9345443219438351,0.8588099320999817,0.9115736299508547,0.9126263697460972,0.9115736299508547,0.9060075800072865,0.753241677029935,0.8796739321430146,0.8811761018216863,0.8796739321430146,0.6435310297181761,0.3275093701856563,0.6229719198327943,-0.582214285020482,0.5243727000134654,0.5664169333224455,0.5673686940289834,0.5664169333224455,-0.10517521287367941,0.8936667955529628,0.9261329011066157,0.9082706763971398,0.922032820989352,0.3864140867617504,0.8899680388916497,0.890996949727112,0.8899680388916497,0.8972542056248346,0.8972542056248346,-0.1369580839683588,0.5722711035330902,0.186976213568514,-0.6032020776038867,-0.5716007766539282,-0.5751791919064093,-0.06456900034943927,0.08474184491729292,0.2446647120980663,0.09659700231105965,-0.4430762456073732,0.035489533685449125,-0.7944849306075575,-0.23139048295814288,0.1465461820901732,0.14701504181236053,-0.5521024163794404,-0.5970996980602826,-0.2330105281820456,-0.4972715431540235,-0.8256537913256086,-0.36738412885333555,-0.35894452463122895,-0.36738412885333555,-0.19220522359650138,-0.281269792292968,-0.281269792292968,-0.8136617926679086,-0.8136617926679086,0.4012231538434186,0.6500376193933061,0.8675812373754,0.848017068622039,0.780781828933975,-0.27492423355925166,0.7603369333814674,0.7995520291513288,0.7998253440867397,0.7995520291513288,-0.2329303523382112],[0.991451768338102,0.9807458612901878,0.5900341840207697,0.9929374021328642,0.9969577933190256,0.991451768338102,1.0,0.997323381411732,0.997323381411732,0.9999688346892054,0.9551037772749654,0.9996343323619544,0.9999963361349659,-0.12692567725821335,0.9999928541405981,0.9521394611684696,0.9445604887815567,0.33892226479965537,0.9998475027182089,0.9998476136761152,0.9890775029864679,0.9999965282116817,0.353370252314007,0.6962669495315268,0.9849085297879138,0.9849085297879138,0.9854679261343268,0.9883419783569308,0.25670855428907746,-0.17165420820612554,0.9918266570584622,0.9916197247313409,0.19021507150705447,-0.23132639957206116,0.9993164870145609,0.9994170556056852,0.3829685823718992,-0.3218164213153604,0.9988410686329151,0.9993507973297323,0.9449279346676892,0.31883543907289164,0.9360785925238192,0.9990529013186793,0.9360785925238192,0.9098368476615714,0.6176179918841662,0.9279711883479592,0.9027076617045099,0.7063092466881435,0.41063801745065753,-0.09491977019579645,-0.20641792062004796,0.9250731764260042,0.3793446452738276,0.968125865416563,0.9619996718366982,0.9780206680650713,0.9960265991157528,-0.06492426685025904,0.8487481871797858,0.8151507042675836,0.8624057792986848,0.8090102473214811,0.7744076923737753,0.8090102473214811,0.7814664731911469,0.7761758778063813,0.7707367582538635,0.7761758778063813,0.8517635687979951,0.3390855126486935,0.5514872084872274,0.6260857945726971,0.5514872084872274,0.5569741084089377,-0.3554217291895154,0.5221241381790022,-0.6501420971906139,0.44396981592735923,-0.11552136372581351,0.3963760738698027,-0.11552136372581351,-0.1547136271387297,0.8283474628574141,0.8439294476529329,0.8307671654935594,0.748496820895226,0.3273002181046073,0.8297864387654267,0.8314722780158886,0.8297864387654267,0.7408673842566508,0.7408673842566508,-0.22079397842288495,0.696479168027749,0.248828391937,-0.6274473617049613,-0.6206903450298098,-0.6237192769029977,-0.1257079702479993,0.028493726090049933,0.34573801046551045,0.04784703896135744,-0.47744928780438495,0.0837437779715566,-0.8275237441948337,-0.1411245237598598,0.06649012265527866,0.06707259110152024,-0.6034027033454079,-0.6011656782948953,-0.07269837942375836,-0.5855590145394849,-0.8404724382596511,-0.3638398415251977,-0.19289628366337921,-0.3638398415251977,-0.2774748761743307,-0.3381376329852149,-0.3381376329852149,-0.8331786049348164,-0.8331786049348164,0.3710640150665215,0.5976708255406908,0.5018341505226038,0.8054837902048338,0.7531426495386176,-0.34310366505179196,0.06219785455920273,0.758521341606872,0.7773065344305424,0.758521341606872,-0.14535484271654497],[0.9873246754934943,0.9730221508927034,0.5796417233637992,0.9892813131955165,0.9951722487176986,0.9873246754934943,0.997323381411732,1.0,1.0,0.9995084133216029,0.9474190283648246,0.998492547749144,0.9981029009816957,-0.13565148794895118,0.9990680858644233,0.9503720051638682,0.9357347218616644,0.3169157586738113,0.9991173510427642,0.9991189370385472,0.9862810723954862,0.9992184941626185,0.3271052649468079,0.696369323802741,0.9922612752843808,0.9922612752843808,0.9833368371744623,0.9847560484567445,0.23823164934359062,-0.18581125619779035,0.9880982283933463,0.9915182811832098,0.1707653863897828,-0.2376350512084076,0.9982140385219556,0.9981473216436776,0.3634270591168983,-0.32893466128725724,0.9965629203939139,0.998028849823981,0.9435862712350789,0.296375810560537,0.9278507561840018,0.9980428918016984,0.9278507561840018,0.9072361642259107,0.6020083673629889,0.9283004792145356,0.8990567239741895,0.681057074938807,0.39733256374829634,-0.11038301172641382,-0.2196434139005968,0.9160366002969718,0.3584436007156049,0.9633752298106812,0.9565432687089271,0.972715254487049,0.9951143755765272,-0.07533221124237606,0.8357335933373282,0.7978464956246809,0.8531207892288943,0.79288214888178,0.7614703607787293,0.79288214888178,0.7679071002901885,0.756170529843821,0.7565428275078895,0.756170529843821,0.8427342714707655,0.31846489809876805,0.5297627996308987,0.6087911525039276,0.5297627996308987,0.5427447603193019,-0.37074070314426666,0.5061375626305317,-0.6585834938884655,0.4351068908264376,-0.1384586451998018,0.3790484186497329,-0.1384586451998018,-0.1618179565021603,0.8174338109758493,0.8272348641798088,0.8167149373890148,0.7330575694539452,0.30966762339721576,0.8194765680782082,0.821369626530331,0.8194765680782082,0.7219882470005717,0.7219882470005717,-0.23687913006943648,0.7233642182926274,0.2564591733667153,-0.6372381975352918,-0.6341683045483294,-0.637003198475971,-0.14102553916982818,0.020299388058520055,0.33877209575522343,0.02829658589499631,-0.49068812239671855,0.07437569373077561,-0.8340670860246859,-0.14770035951030322,0.05048727819144172,0.051089667492320294,-0.6156988693631896,-0.6023638074859547,-0.07965077353841024,-0.6033725287778136,-0.8405461834450797,-0.3757552404415702,-0.19922709766255942,-0.3757552404415702,-0.2958161084131313,-0.35245323118603894,-0.35245323118603894,-0.8316568413861016,-0.8316568413861016,0.34947240698502285,0.5800584847242853,0.48260346447391983,0.7873049079085546,0.7400139708059438,-0.365626395085393,0.047713791473969945,0.7390664197876323,0.7613463399300194,0.7390664197876323,-0.12788350942503743],[0.9873246754934943,0.9730221508927034,0.5796417233637992,0.9892813131955165,0.9951722487176986,0.9873246754934943,0.997323381411732,1.0,1.0,0.9995084133216029,0.9474190283648246,0.998492547749144,0.9981029009816957,-0.13565148794895118,0.9990680858644233,0.9503720051638682,0.9357347218616644,0.3169157586738113,0.9991173510427642,0.9991189370385472,0.9862810723954862,0.9992184941626185,0.3271052649468079,0.696369323802741,0.9922612752843808,0.9922612752843808,0.9833368371744623,0.9847560484567445,0.23823164934359062,-0.18581125619779035,0.9880982283933463,0.9915182811832098,0.1707653863897828,-0.2376350512084076,0.9982140385219556,0.9981473216436776,0.3634270591168983,-0.32893466128725724,0.9965629203939139,0.998028849823981,0.9435862712350789,0.296375810560537,0.9278507561840018,0.9980428918016984,0.9278507561840018,0.9072361642259107,0.6020083673629889,0.9283004792145356,0.8990567239741895,0.681057074938807,0.39733256374829634,-0.11038301172641382,-0.2196434139005968,0.9160366002969718,0.3584436007156049,0.9633752298106812,0.9565432687089271,0.972715254487049,0.9951143755765272,-0.07533221124237606,0.8357335933373282,0.7978464956246809,0.8531207892288943,0.79288214888178,0.7614703607787293,0.79288214888178,0.7679071002901885,0.756170529843821,0.7565428275078895,0.756170529843821,0.8427342714707655,0.31846489809876805,0.5297627996308987,0.6087911525039276,0.5297627996308987,0.5427447603193019,-0.37074070314426666,0.5061375626305317,-0.6585834938884655,0.4351068908264376,-0.1384586451998018,0.3790484186497329,-0.1384586451998018,-0.1618179565021603,0.8174338109758493,0.8272348641798088,0.8167149373890148,0.7330575694539452,0.30966762339721576,0.8194765680782082,0.821369626530331,0.8194765680782082,0.7219882470005717,0.7219882470005717,-0.23687913006943648,0.7233642182926274,0.2564591733667153,-0.6372381975352918,-0.6341683045483294,-0.637003198475971,-0.14102553916982818,0.020299388058520055,0.33877209575522343,0.02829658589499631,-0.49068812239671855,0.07437569373077561,-0.8340670860246859,-0.14770035951030322,0.05048727819144172,0.051089667492320294,-0.6156988693631896,-0.6023638074859547,-0.07965077353841024,-0.6033725287778136,-0.8405461834450797,-0.3757552404415702,-0.19922709766255942,-0.3757552404415702,-0.2958161084131313,-0.35245323118603894,-0.35245323118603894,-0.8316568413861016,-0.8316568413861016,0.34947240698502285,0.5800584847242853,0.48260346447391983,0.7873049079085546,0.7400139708059438,-0.365626395085393,0.047713791473969945,0.7390664197876323,0.7613463399300194,0.7390664197876323,-0.12788350942503743],[0.9921258182101502,0.9805772948077014,0.5057987474021457,0.9939052087323668,0.997152346850342,0.9921258182101502,0.9999688346892054,0.9995084133216029,0.9995084133216029,1.0,0.9539315795714549,0.9995901826421872,0.9999698407941207,-0.29267694126052274,0.9999740207898955,0.9079331544509253,0.8725390209506106,0.2276569920555102,0.9997953136853794,0.9997959047671162,0.9889041428182025,0.9999670505224083,0.1349596602521947,0.6607847946660571,0.9945909705042099,0.9945909705042099,0.9945407254322828,0.988164108236167,0.07962971920658495,-0.1108463006957875,0.9904437905477128,0.9904101816042358,0.0025011113581762338,-0.1903540706871719,0.9993465013826466,0.9993044748473633,0.7784247400594664,-0.5131175979937024,0.9987623257222791,0.9993287009435244,0.8977907498595847,0.20423513584699196,0.9991958769078417,0.9992012884566777,0.9991958769078417,0.9096809746281966,0.6183884390771881,0.9276276196106482,0.9020579488270625,0.7056810254773924,0.007006330374039833,-0.5319570342607849,-0.1749205747738302,0.9204372732595674,0.3267118411489499,0.9629230784982552,0.9621377220628429,0.9794716556904786,0.9952554812340677,0.8673390914390761,0.8495106095028699,0.8854242059317128,0.8632697322588985,0.8837295166956934,0.8844120935405813,0.8837295166956934,0.780636809948004,0.8286581362614023,0.830326917402209,0.8286581362614023,0.8531175496460721,0.7518860100827799,0.8402561136251879,0.8416225808428489,0.8402561136251879,0.5562884063277247,0.38394108557101314,0.5209744676388088,-0.671498500301653,0.5011941589359926,0.46585880110419575,0.46580741913734713,0.46585880110419575,-0.11221598822488726,0.828835945721956,0.8438131726180087,0.8310778288196705,0.8771152880964316,0.24904113874899386,0.8355291994507736,0.8377206573320297,0.8355291994507736,0.8430097019003782,0.8430097019003782,-0.2227950914920688,0.6971188179563678,0.07133711728301873,-0.6397813523113977,-0.6597131433153172,-0.6606670309880804,-0.12933727033091072,0.031125642890107403,-0.16493609714227667,-0.13708596863465794,-0.522474930267742,-0.36916523921669997,-0.8738032792698522,-0.5678569895039981,0.06539711187106463,0.06638149277049689,-0.605193834863289,-0.5972530211610223,-0.5345932202316743,-0.5874979242865029,-0.8128964522740628,-0.6026263835521025,-0.6048020829354984,-0.6026263835521025,-0.2800876906643614,-0.34177986564683444,-0.34177986564683444,-0.7923849354005488,-0.7923849354005488,0.37120529596010715,0.5962440494865631,0.8197891465324607,0.8011780223345486,0.7514350745638654,-0.3713684762831602,0.6375915416362606,0.704526639827954,0.7046919717492536,0.704526639827954,0.09223133104546075],[0.9743319143055154,0.9633228278522984,0.4529182454967526,0.972212262504123,0.9628441003552017,0.9743319143055154,0.9551037772749654,0.9474190283648246,0.9474190283648246,0.9539315795714549,1.0,0.9325840039140706,0.9551301739431802,-0.22018477853457544,0.954808348619494,0.7993545167171303,0.7546029489750155,0.023085819327184422,0.9602167427977536,0.9601936897787796,0.9552611696762201,0.9552522970086923,0.0664335486798411,0.7050992085975425,0.9569534488546775,0.9569534488546775,0.957153461174764,0.8545447628858716,0.1877156801595911,-0.09252682666348758,0.9631234766622229,0.9632451134589916,0.15904316157398948,0.08784649021888102,0.9643000541431204,0.9645733469591806,0.8651184953839466,-0.42666602654984065,0.9429228062634939,0.9634350899264245,0.792151260188568,0.0010188601013413133,0.9655751623953055,0.965539989743223,0.9655751623953055,0.7950409196684025,0.41507425306487045,0.7808718511047522,0.8765481595977745,0.8369555342884774,-0.5446354784008572,-0.6851831208967829,-0.2848734305840998,0.8758317229497555,0.0355288394664631,0.9090912691162663,0.90914686449278,0.9286923933957729,0.9614616650448262,0.8708333429201883,0.8679082516950521,0.8939413804840328,0.8738163805162096,0.8864717765170922,0.8872117134854642,0.8864717765170922,0.8194394823990947,0.7994697901183347,0.8014627697330113,0.7994697901183347,0.866840365023171,0.8849212017036175,0.8650966839362667,0.8658076389871433,0.8650966839362667,0.6494818495641009,0.5715082920252155,0.6507122635716882,-0.379871688115541,0.672676925555397,0.6914030602127786,0.6942072375896929,0.6914030602127786,-0.27234369312314083,0.8711640600710137,0.9286118399948498,0.887595192658589,0.8851592636095933,0.11326053511888137,0.8639350351320267,0.8651553512164836,0.8639350351320267,0.8744773788286253,0.8744773788286253,0.023492964650429417,0.3415267910458024,-0.09694140535983294,-0.5583603561377517,-0.4123968650521074,-0.41444574922877636,0.027218354055019642,0.40424215925568646,0.07482301773198485,-0.08041052302396684,-0.4212317387560162,-0.025811889594050015,-0.8067844239663305,-0.18777542445277498,0.2932248999703349,0.2923679108964205,-0.3769167425659686,-0.437533693860826,-0.3346758651931508,-0.3422840720737119,-0.6785833576024698,-0.35524656769842505,-0.3573855244779006,-0.35524656769842505,-0.07981771902676603,-0.37758447880454443,-0.37758447880454443,-0.538958253895266,-0.538958253895266,0.5539466323320551,0.6658786691105297,0.758748674453924,0.6766847425519493,0.8318189159662285,-0.46519520343268944,0.3869397457195265,0.5550132315788482,0.5553083918045406,0.5550132315788482,-0.2232183471981087],[0.9842385602119273,0.9825396766687158,0.9966759754991671,0.9885751303893219,0.9958612805083071,0.9842385602119273,0.9996343323619544,0.998492547749144,0.998492547749144,0.9995901826421872,0.9325840039140706,1.0,0.9996319456263074,0.9996291429372067,0.999589301208249,0.7032210124974961,0.6417721184535163,-0.42948698417050196,0.9997673507793042,0.9997709576549826,0.9996390769066705,0.9996391582481414,-0.2210072904047136,0.9663247107451808,0.9933405669299267,0.9933405669299267,0.9933174135069587,0.9908397007331499,0.09831317477895302,0.10837964578056865,0.9900345565672073,0.9900918725106004,0.9745433966926348,0.06406253440444297,0.9988461030372681,0.9987934434091401,0.9986302655720956,0.999293758056275,0.9992907316091098,0.9988638340892434,0.6712234180119823,-0.439036257029387,0.9985726701020704,0.9985829877321909,0.9985726701020704,0.9033323153417262,0.46547104447116605,0.9237337594374546,0.9000385660685475,0.7067898707912267,-0.5055919704128391,-0.6417703485400504,0.7964995667206904,0.8169033073330867,-0.31430037710578984,0.9247079233086156,0.9249168049449091,0.9631351975695549,0.9929391017966683,0.8721803252944209,0.8809277700315474,0.8517711324107801,0.8538049910916603,0.8599543229855928,0.8607907955338105,0.8599543229855928,0.7068703892101004,0.6641851367537757,0.6668835311771095,0.6641851367537757,0.8807951905829853,0.8887907778649651,0.8796488976762693,0.8809859341363789,0.8796488976762693,0.3771823741412839,0.3071081097016454,0.42941360207568186,0.5490399985002906,0.4302159922911405,0.47081351322919146,0.47329010604209143,0.47081351322919146,-0.39981048229686744,0.8028652030307525,0.8480809045297018,0.8304789031059712,0.8801964981582426,-0.2132971635063899,0.7966415063611789,0.7971341401082654,0.7966415063611789,0.8094933534898947,0.8094933534898947,-0.2799791636187939,0.6886386128975684,-0.3901051888875102,-0.734016404332967,-0.5428787564799503,-0.5452735048620763,-0.381824964763739,0.18461211893125115,-0.2814930105339278,-0.47381362106864494,-0.682785285067274,-0.3635436182555807,-0.6121698571195622,-0.43054239748532813,0.058818163022940434,0.05525179437470027,-0.5633385976045647,-0.5302897864068693,-0.5498443995426315,-0.5843617739916261,-0.5783836448849129,-0.552996695516284,-0.556038617792741,-0.552996695516284,-0.43386093791078806,-0.6091945612117736,-0.6091945612117736,-0.6076453976953147,-0.6076453976953147,0.3664951280495943,0.35007712882024433,0.47137794641638364,0.5563914832722996,0.5441861973753377,-0.5594515079304548,0.2942940093778118,0.30607660875586856,0.3062610225430431,0.30607660875586856,0.20815603760177925],[0.9914936651346943,0.9807946870848318,0.5900554945481794,0.992967686100787,0.9969767927729334,0.9914936651346943,0.9999963361349659,0.9981029009816957,0.9981029009816957,0.9999698407941207,0.9551301739431802,0.9996319456263074,1.0,-0.1266000521283529,0.9999946480440846,0.9521217103149986,0.9415326910427388,0.33899004160458396,0.9998488077766459,0.9998488895995865,0.9891168397191598,0.9999971274485409,0.3536900751641765,0.6963378278358465,0.9902249263145638,0.9902249263145638,0.9854575479487574,0.9883206139703995,0.2569760579503799,-0.17159889095963332,0.991835533770712,0.9916306097361959,0.19045366820963675,-0.23128882569071832,0.9993184931722369,0.9994210010229599,0.3829446358533786,-0.32159987300390186,0.9988426210809199,0.9993587203937486,0.9449045891030792,0.31890989380454104,0.9360630369823858,0.999055443160502,0.9360630369823858,0.909863867661478,0.6177649733503684,0.9282121704138533,0.9029484662695945,0.7064431611687545,0.4110324126945217,-0.09446684865582879,-0.2060448774209756,0.9251512534588177,0.37942213561651816,0.9682190120582409,0.9620654826487389,0.9781103005680538,0.9960408147521866,-0.06472877792249049,0.8489080235227531,0.815255391654006,0.8625269959117943,0.8091134848731526,0.7743500039848131,0.8091134848731526,0.781555150115381,0.7762368976624713,0.7706729057215338,0.7762368976624713,0.8519226815871381,0.3389619465291525,0.5514990566578748,0.6259991011758493,0.5514990566578748,0.5569206212269611,-0.3554405214334769,0.5220866000203626,-0.6500325757824513,0.4438642063774503,-0.11564970677758345,0.39641571706877576,-0.11564970677758345,-0.1548626957306489,0.8284245693842023,0.844071315864263,0.8308688790205885,0.7484897632313242,0.3273727890198141,0.8298743737704549,0.8315554893911947,0.8298743737704549,0.7409442818202889,0.7409442818202889,-0.2207581678195452,0.6964671217903085,0.24894095113135037,-0.6274755935346595,-0.6206044070627149,-0.6236390924125088,-0.12579326154042414,0.028360019933052802,0.34590729392639863,0.04786401484376311,-0.4775023779262688,0.08400266231306688,-0.8272550792750475,-0.14083445362965952,0.06654627441598102,0.0671455585252059,-0.6033891336602205,-0.6009715671656681,-0.07245077111689419,-0.5855304047811257,-0.8403612015372273,-0.3636134269675414,-0.19269074727883398,-0.3636134269675414,-0.2773333270290766,-0.3381045554364945,-0.3381045554364945,-0.8331216518974938,-0.8331216518974938,0.37154491738149337,0.5978115572050376,0.5020827769702062,0.805739670862914,0.75321708968198,-0.3428856666941323,0.062483030254949515,0.7587710875075768,0.7774214349040007,0.7587710875075768,-0.1453791010544105],[-0.10908984345027767,0.9807683487603078,0.5089404648844169,-0.1129339268953889,-0.3143793068086635,-0.10908984345027767,-0.12692567725821335,-0.13565148794895118,-0.13565148794895118,-0.29267694126052274,-0.22018477853457544,0.9996291429372067,-0.1266000521283529,1.0,-0.12600728235571715,-0.14837553268607737,-0.12717012339441844,-0.29772904049557164,-0.12736370556548834,-0.12790201329323525,-0.24792565297101812,-0.12754265699193226,0.031063482557374723,0.31135031809781955,-0.15855145072322635,-0.15855145072322635,-0.15888191636936352,0.9883070627068601,0.25474605903991643,0.18820213421992893,-0.16587527989308667,-0.16646729298688154,0.5398601613158139,0.12342565825533504,-0.12531321064223724,-0.27936553524156094,0.17617451089805908,0.9563642946705552,0.9988412854810378,-0.30895853967430986,-0.14668435333852944,-0.2878149286987483,-0.12550232447500398,-0.12663096566579524,-0.12550232447500398,0.9099116703297256,-0.11344505943421092,0.9281743119292871,0.9028868386200567,0.7064214906098745,0.08618109052010064,0.2486713861835307,0.645328362044144,-0.2492264192944087,-0.29838609095783736,-0.0511907925225196,-0.2810560098536836,-0.08712515776322287,-0.1564781628816872,0.04407136967591348,0.3181827371291497,-0.0021970004335870154,-0.26891375192768946,0.00012650926967080765,0.009138400336508581,0.00012650926967080765,-0.3677802160611649,-0.08713051073288156,-0.08920204673972866,-0.08713051073288156,-0.1687269929694252,0.08219055917941513,0.06092971890323846,0.060870416788589746,0.06092971890323846,-0.38281967452474813,0.007017599061108427,-0.3478407066577127,0.6173597159482994,-0.31565098885620524,0.010983271695595289,-0.046949468623561544,0.010983271695595289,-0.3077858563366112,-0.3011717809632498,0.8440624987226184,-0.06556159907578836,0.031510626015040094,-0.22609251301157757,-0.22949315942088547,-0.2291488353718209,-0.22949315942088547,-0.008290838072948739,-0.008290838072948739,-0.2041427834706168,0.6964114074608816,-0.16055531702614131,-0.03989166516870711,0.18792839700906172,0.1864267754021374,-0.25533584301599754,-0.00285219139509513,0.01948056213835734,-0.1800284018928014,-0.12431917222760716,0.03829786605406755,0.37100265825272594,0.10736988475249279,-0.034244904248042794,-0.038116730680462875,0.07724626544320418,0.5627493596348777,0.08569718467561316,-0.2107889804567665,0.5999718053439205,0.08778151686482744,0.0963559109602243,0.08778151686482744,-0.2425641302018019,-0.20194800447537425,-0.20194800447537425,0.3134814054608839,0.3134814054608839,0.3716160465089084,-0.2431692301651737,0.024807422795961723,0.09836018888011382,-0.23391802990890914,0.06371274473654037,0.15860482744738155,0.11017346581156458,0.11007915001407646,0.11017346581156458,0.12414478804327],[0.9915540163513957,0.980601299187892,0.590336810450343,0.9930017140442865,0.997006153637667,0.9915540163513957,0.9999928541405981,0.9990680858644233,0.9990680858644233,0.9999740207898955,0.954808348619494,0.999589301208249,0.9999946480440846,-0.12600728235571715,1.0,0.9491552400060962,0.9279959635584518,0.3391079973204801,0.9998516308234859,0.9998516105099066,0.9892665977295609,0.9999945943426544,0.3543558938003158,0.6961835508435432,0.993614574991909,0.993614574991909,0.9935099636550973,0.988217271855176,0.2572415526597069,-0.17164434469186368,0.9926025059953002,0.9926504665540414,0.19121393298494416,-0.23112540292825648,0.9993671076207925,0.999420035410631,0.3819170487703203,-0.3207741746408949,0.998787437145368,0.9993615719208122,0.9443443938276839,0.3190519955458625,0.9355737385975014,0.9991096667207556,0.9355737385975014,0.9101412078493983,0.61847013896697,0.9285182769965907,0.9032627918190427,0.7061596812382105,0.41242342223230066,-0.09288888905207839,-0.20625166486823082,0.9255301289855612,0.37970203529531066,0.968627952191601,0.9624085768162223,0.9783926767764084,0.9960782522360979,-0.065745029029307,0.8491861045807778,0.815175963928121,0.862774633221974,0.8090722738440622,0.7739367531095145,0.8090722738440622,0.7817493047885717,0.776189518930573,0.771075310998327,0.776189518930573,0.8522574527632799,0.3382852488819769,0.5509957855857843,0.6260234410463601,0.5509957855857843,0.5567619879217509,-0.3566049508951671,0.5220017455869568,-0.650194634651938,0.4434862299847886,-0.11664809106787659,0.39606980930228597,-0.11664809106787659,-0.15480882946113023,0.8285585563492378,0.8437346210956663,0.8309818789719675,0.7394227527910074,0.32775304455851323,0.8299899248591975,0.8316607724517204,0.8299899248591975,0.74075479295975,0.74075479295975,-0.22229677292240646,0.6973070878371337,0.24944128520707806,-0.6274599629513778,-0.620980161613904,-0.6240193693322416,-0.1269460271893399,0.027133578319325394,0.34621589454462437,0.047425154729403125,-0.47774759818666657,0.08408389728556358,-0.8264118929527393,-0.14067519647671092,0.06553677668607694,0.06613153407354994,-0.604011815534169,-0.6012328365926151,-0.07187143701810943,-0.5868157860910065,-0.8403584715109179,-0.36354995174097304,-0.19213386658178075,-0.36354995174097304,-0.27830309447249024,-0.33857516257679027,-0.33857516257679027,-0.8334683568890632,-0.8334683568890632,0.37171003711541434,0.5974784616521409,0.5015522723259388,0.8061815211017005,0.7526549042231334,-0.3424215688849256,0.06181649913065796,0.7591738621353069,0.7780277986080988,0.7591738621353069,-0.14506008259004144],[0.9224363665645466,0.642613251357446,0.5178017955747153,0.9231680701026914,0.8920076677864618,0.9224363665645466,0.9521394611684696,0.9503720051638682,0.9503720051638682,0.9079331544509253,0.7993545167171303,0.7032210124974961,0.9521217103149986,-0.14837553268607737,0.9491552400060962,1.0,0.996282184075248,0.3987189233825254,0.9425319528828034,0.9425257450401493,0.9122992072945458,0.9487715533868876,0.33353054379535685,0.5879663161675519,0.9413565360999543,0.9413565360999543,0.9309469550313566,0.41584615001373,0.20420587373854523,-0.19056312872758377,0.9551076075403214,0.9542721759837721,0.15813302473961457,-0.259600291877559,0.9505345585234163,0.9157821596246273,0.327180598278367,-0.32117958570340105,0.7123546090366695,0.9045981979202852,0.9984898846261698,0.37988926588340594,0.8797283591113108,0.9503242804127189,0.8797283591113108,0.6388614488806591,0.6001953284067563,0.3581278761145022,0.33796748249039144,0.4765121269997933,0.41255300949795903,-0.07093072468756731,-0.2107055283005548,0.8668922109677148,0.4042439469669122,0.9306758694635356,0.8893847290173404,0.92735440944