var element=document.getElementById("correlationClose");if(element.style.display!='none'){var correlationClose={"data":[{"type":"heatmap","z":[[1.0,0.99999055696703,0.708644298019202,0.9997570521213776,0.9982395494177213,1.0,0.9931153327795029,0.9900649509459963,0.9900649509459963,0.9936067084142245,0.9787156513030668,0.9880103169362263,0.9931474986713716,0.9934858488816944,0.9931897728771996,0.7004784926153735,0.6057616536663081,0.22754963601866945,0.9938765197150252,0.9938692436597462,0.9859908026498981,0.9931348907072677,0.3625904911957874,0.7732499172978322,0.9839228113726812,0.9839228113726812,0.9839045313021537,0.9792905970007116,0.29534021823459056,-0.14849596082855823,0.989025946655875,0.988986555987018,0.23764009599432673,-0.2339698783998715,0.9950174188267081,0.9953429656786218,0.8653688761407259,-0.34163807636277355,0.9912038350920811,0.9954076009312038,0.6777463739844597,0.2078928372503226,0.9951323103997815,0.9951281881660576,0.9951323103997815,0.9102381530876564,0.6595483538085601,0.9330548763676392,0.936259174257493,0.8592574054008989,0.3830487471071785,-0.18954349903031364,0.23024601950531234,0.9532539953839994,0.36173158339714273,0.9754103718716882,0.972378135417696,0.9817366644491687,0.989261040217613,0.9389088025292991,0.9488600269979872,0.9505260577636414,0.9399839463202094,0.9478710643915307,0.948443586762774,0.9478710643915307,0.902224487079299,0.9292114986151252,0.9300001259613239,0.9292114986151252,0.9347505477278472,0.8152120905160407,0.9082256992147081,0.9093102908449416,0.9082256992147081,0.7440886751814925,0.4376178361107788,0.735053605376389,-0.5207194456687202,0.6409508564498997,0.6515881893656627,0.6517334539329397,0.6515881893656627,-0.07289893504931326,0.9226765721619439,0.9517198445887335,0.9381053386708098,0.9401874941454139,0.23045831199313727,0.9173050162824432,0.9177801553768783,0.9173050162824432,0.9208090341391861,0.9208090341391861,-0.09453312029546972,0.607672118652574,0.13663847136777937,-0.7172811138934843,-0.6043911166530532,-0.6084087034833943,-0.16438083986275817,0.15993792351849215,0.18798035544510888,-0.038339427912492126,-0.5982589198690528,-0.04551928233031624,-0.7974752299581802,-0.3147712559339246,0.18083695077315834,0.18238569058709683,-0.5848296069960387,-0.5687423331686369,-0.3027669882241963,-0.5276428224303515,-0.8103585830094452,-0.42803108115488386,-0.42074594013258215,-0.42803108115488386,-0.25500785684022587,-0.37700805280674116,-0.37700805280674116,-0.798573333058495,-0.798573333058495,0.474960434122807,0.6331857498212901,0.8491455791683725,0.8423165546668214,0.756228138907723,-0.35228210038336544,0.7472793809116695,0.7717276005158578,0.7719207430210665,0.7717276005158578,-0.157113072451107],[0.99999055696703,1.0,0.9838194096380797,0.9995650466444672,0.9963152554978215,0.99999055696703,0.9862851955698031,0.9816809940769645,0.9816809940769645,0.9861993238392259,0.9758718254478712,0.9870016251496212,0.9863180912632079,0.986281916712095,0.9861827051076673,-0.0006994071008679892,-0.09405624055799676,-0.47521794787391447,0.9891485638810048,0.9891465606393367,0.9863533713942244,0.9863570078196453,-0.20448189794912022,0.9819612546447695,0.9823931816806405,0.9823931816806405,0.9824164443636142,0.979365748171804,0.06389078444948766,0.08683374254556536,0.983163899575504,0.9831938305678088,0.6952167026828747,0.023025192940423028,0.9913161591869498,0.9913229348720732,0.9918471528392302,0.9871884451201912,0.9904487909192943,0.9913672295606966,-0.04991533987165453,-0.47940580269049293,0.9918792293214617,0.9918781832411477,0.9918792293214617,0.9099637408676611,0.5112042154059806,0.9329881815926547,0.9360388373899181,0.8588283572629372,-0.21412444971517253,-0.46414028314610234,0.8592060579960547,0.9016433462403157,-0.2598083322486621,0.944885734496509,0.9450142953748505,0.9656676618639592,0.9786979768328209,0.9595095649615899,0.9643352797425557,0.9511899901503246,0.9530589613827269,0.9539201360832948,0.9542389696205678,0.9539201360832948,0.8839592069566398,0.8598177827860914,0.8609254481429085,0.8598177827860914,0.961131570346529,0.9635975498183972,0.9610520602494064,0.9617168148351405,0.9610520602494064,0.7004965915017904,0.6592936816097336,0.7315567412951722,0.7866824961577285,0.7082008217607436,0.7285088925483943,0.7295610086918868,0.7285088925483943,-0.07866847729363416,0.9311884651360328,0.948593120548251,0.9428929996222913,0.963652839337008,-0.3304448761072192,0.9282870238559325,0.9284128192274363,0.9282870238559325,0.9335917854074228,0.9335917854074228,-0.17713075571922926,0.607529375324511,-0.37282498617720494,-0.8037748978781568,-0.4688072674391384,-0.47292551490025636,-0.4019089592162416,0.2967093772597309,-0.27186105951578804,-0.5205278056322244,-0.7590624080909266,-0.37322268148673604,-0.4697474326034679,-0.4388540458773582,0.14997370935173565,0.14781043971698468,-0.49217318402521343,-0.46189746928651026,-0.49008240734803643,-0.521870360299942,-0.5135480574434553,-0.4923993123074418,-0.49588332054470674,-0.4923993123074418,-0.3876794405112249,-0.5551546001877202,-0.5551546001877202,-0.518838681756668,-0.518838681756668,0.4728367458192631,0.3752038441812879,0.5115935895971364,0.6342535890971359,0.532820178155557,-0.4446490765633909,0.405276670358593,0.3191305976116044,0.3193206931868246,0.3191305976116044,0.21018238741130965],[0.708644298019202,0.9838194096380797,1.0,0.7063195949573388,0.6524015248967961,0.708644298019202,0.6868339225635481,0.6803744731191916,0.6803744731191916,0.6435509165314394,0.6150446389599544,0.9945500619033854,0.686854434023993,0.6841579721328657,0.6869661447933281,0.36680594194196103,0.317581046552378,-0.23804075143236983,0.6541287972534722,0.6533955659419722,0.6247733157917473,0.6859155200381675,0.14769113511638968,0.8210563607391315,0.6710451025949524,0.6710451025949524,0.670832129004957,0.9898351118925741,0.2691770819339906,0.07885361490167148,0.6423812655393668,0.6420325154556503,0.5962064161068592,-0.0735101030348818,0.68210825848342,0.6365126899756759,0.6446999546811385,0.2795312848349383,0.9932061028452063,0.6339893126628419,0.34950070721444726,-0.24782607665758674,0.6991695922737353,0.6801040669359653,0.6991695922737353,0.9073351932461378,0.4286290371722608,0.9454313290808183,0.9281848688507769,0.7756796549081053,0.23786247352546563,-0.0826169726903664,0.05645204912770087,0.5867331718162357,-0.07894423724481602,0.6266553826195259,0.6066549867398283,0.6234769757178086,0.5876035082940325,0.039555014470561874,0.8305073550324202,0.7671415193498691,0.6988288766380578,0.7725591425107534,0.7864966655159884,0.7725591425107534,0.6070259310815598,0.6957365046648513,0.7332888451131353,0.6957365046648513,0.7459095233748375,0.7028219963762602,0.7553072479284338,0.790255521494661,0.7553072479284338,0.5105579851174554,-0.08110857549811062,0.5259638479883141,0.08610391049371237,0.4886610578410429,0.2706117532610627,0.5387273633587194,0.2706117532610627,-0.11888573998651421,0.680204701380769,0.9036164034674639,0.7398426970559976,0.7925985313238195,-0.09440089628344289,0.71083919660441,0.7102904739176853,0.71083919660441,0.7575219214848407,0.7575219214848407,-0.19013544750470474,0.7053882121142352,-0.17383475042703517,-0.7363140866481575,-0.4650599261262903,-0.469224299288598,-0.4389379501672711,0.13905195273606077,0.019287109058363453,-0.3651908915478131,-0.7161179723335943,-0.18603864397047984,-0.3517245365306734,-0.29772803287840055,0.07175604969063773,0.07040191879508935,-0.5073940589209888,-0.09199762596114139,-0.2803145286785719,-0.5258663332695578,-0.2378492058507863,-0.42754992455549035,-0.31217727971772996,-0.42754992455549035,-0.4375170151848639,-0.5630805051966418,-0.5630805051966418,-0.33046813908325423,-0.33046813908325423,0.4286698425991477,0.2336113249676839,0.30688463542072514,0.5443680474926401,0.32538575086117794,-0.40210041468674435,0.004013895226125624,0.4667372329260636,0.5611511486977675,0.4667372329260636,0.015637873618154288],[0.9997570521213776,0.9995650466444672,0.7063195949573388,1.0,0.999006890718764,0.9997570521213773,0.9941735906991223,0.9915395831417969,0.9915395831417969,0.9948617360248875,0.977119622042656,0.9907473686741844,0.9941966737542859,0.9947959514719203,0.9942175955575893,0.6995073507766466,0.6043125088328274,0.21341075997279907,0.9947645307389857,0.9947607532457178,0.9860048103747032,0.9941784268312783,0.3541013273485917,0.7774037684293958,0.986175221690165,0.986175221690165,0.9861561305410482,0.9842148127379902,0.29105185304406467,-0.1542605044966687,0.9882378767675267,0.9882056979898154,0.22976344306815902,-0.23433566367096395,0.995410764118916,0.9959311529471191,0.835544737949345,-0.34559870062936054,0.9931740270918304,0.9961980928152984,0.6761977661476196,0.1934997141619568,0.9936444154110912,0.9954425302031963,0.9936444154110912,0.9083452464968117,0.6482537545852487,0.9355784347917341,0.9335737126720189,0.8454619890076979,0.37867767947536884,-0.1937914416653048,0.22561791909452159,0.9484851565402713,0.3468140626098042,0.9711970897035244,0.9697474476703095,0.9797060997696097,0.9889892267182765,0.9224779491032595,0.9442962087444773,0.9408083332188296,0.9372055131180238,0.9351514053884558,0.9358947870998855,0.9351514053884558,0.896410996471571,0.9202298069179774,0.9210749897956066,0.9202298069179774,0.932343145562639,0.7677209060108289,0.8776500924263879,0.8787551487767843,0.8776500924263879,0.7383982559701338,0.1888693518792998,0.7280262229707155,-0.5253654594116702,0.6375176553021484,0.3893576933223827,0.6255270425700954,0.3893576933223827,-0.07834583176122838,0.9190864569482398,0.946844171707518,0.9327567790155037,0.9219766172229397,0.21696774096127588,0.9143232043442858,0.9149035619456977,0.9143232043442858,0.906224783993915,0.906224783993915,-0.09864658030099005,0.6243996481086911,0.14165311780589965,-0.7256636519279344,-0.6103339255387785,-0.6142716247558102,-0.17517202680308347,0.15610078862191984,0.1819857756018252,-0.05046997397916834,-0.6085138861006819,-0.050856827276810394,-0.8022011593248398,-0.3215948418271572,0.17209531960393262,0.17369400233453852,-0.5905373194498142,-0.5654640625221056,-0.30300873402911016,-0.5364794766827613,-0.8112449669396624,-0.4286048953834808,-0.4218642282832615,-0.4286048953834808,-0.262270707368711,-0.38522232503463444,-0.38522232503463444,-0.7977104728310983,-0.7977104728310983,0.4668255438752294,0.6229909995544008,0.8415312513108857,0.835069976110611,0.7497046188001285,-0.3637015592975994,0.7387463937702425,0.763200014142419,0.7633938635219834,0.763200014142419,-0.14271884303352997],[0.9982395494177213,0.9963152554978215,0.6524015248967961,0.999006890718764,1.0,0.9982395494177213,0.9973730049258491,0.9961631880433467,0.9961631880433467,0.9975839058548728,0.9713850262543761,0.9966283338459316,0.9973893473910781,0.9974562765993387,0.9974110515457949,0.5833008682315969,0.4617982664773927,0.00723684034178523,0.9977366324450512,0.9977360395243706,0.9884132697060981,0.9973742209474972,-0.004333944665974168,0.7648492835305757,0.9932246215973936,0.9932246215973936,0.9931880292955602,0.9915601211633295,0.06788337229004435,-0.138065771806789,0.9871701683131345,0.9870971417975384,-0.06221454084477596,-0.1425550652471477,0.9977851594496093,0.9977050685580732,0.8317428262907285,-0.4568750284424561,0.9977242784918684,0.9980480316116864,0.5464536340852686,-0.016753779762656764,0.9977313041299082,0.9977355837778675,0.9977313041299082,0.9200726081086885,0.6165224882239883,0.9432447703476907,0.9320304444779187,0.8249587381187437,-0.05491798734410121,-0.5846335491871851,-0.14106234523647607,0.9401407380222139,0.20314965969504242,0.969281104807329,0.9693191580585353,0.9830606458683079,0.9896450127805181,0.9221343619431364,0.9286384066797219,0.9315730747326675,0.9262331194569545,0.9300195336130123,0.9303326130580774,0.9300195336130123,0.8757658287663881,0.8844040899286455,0.8853253816304149,0.8844040899286455,0.9225810511679282,0.8498241469597355,0.9052931160766761,0.9058944879232469,0.9052931160766761,0.7051238711483376,0.6107851052310449,0.6983300195030524,-0.5265106620672921,0.6839268210697727,0.6673095832260559,0.6665677401681557,0.6673095832260559,-0.08497217590884104,0.9039716294945489,0.9269684096005838,0.9139474596011069,0.9290894416542873,0.06299175754521763,0.9027280499143799,0.9035153688587922,0.9027280499143799,0.9073915288783713,0.9073915288783713,-0.13424407012522183,0.6670607035451682,-0.003289148282789006,-0.7505165990400884,-0.6521023137180904,-0.6533903476230467,-0.20265762814156305,0.17933557096766262,-0.19998274554626824,-0.28950464673557286,-0.6687076697875523,-0.39852281670380374,-0.8394294113824504,-0.5821648305290243,0.14416908271129902,0.14562622210465873,-0.6134647105748966,-0.5617868088325321,-0.562427256326787,-0.571260724999314,-0.7653386118734596,-0.6106142901742326,-0.6136582449994317,-0.6106142901742326,-0.2958052090484811,-0.41413258477789683,-0.41413258477789683,-0.7360262729359177,-0.7360262729359177,0.4544349946155984,0.6086232871751763,0.8035820687728698,0.8049180357554578,0.743103669648539,-0.48238650418759765,0.6205438765472677,0.6644184575113007,0.664517211277597,0.6644184575113007,0.08395785233382343],[1.0,0.99999055696703,0.708644298019202,0.9997570521213773,0.9982395494177213,1.0,0.9931153327795029,0.9900649509459963,0.9900649509459963,0.9936067084142245,0.9787156513030668,0.9880103169362263,0.9931474986713716,0.9934858488816944,0.9931897728771996,0.7004784926153735,0.6057616536663081,0.22754963601866945,0.9938765197150252,0.9938692436597462,0.9859908026498981,0.9931348907072677,0.3625904911957874,0.7732499172978322,0.9839228113726812,0.9839228113726812,0.9839045313021537,0.9792905970007116,0.29534021823459056,-0.14849596082855823,0.989025946655875,0.988986555987018,0.23764009599432673,-0.2339698783998715,0.9950174188267081,0.9953429656786218,0.8653688761407259,-0.34163807636277355,0.9912038350920811,0.9954076009312038,0.6777463739844597,0.2078928372503226,0.9951323103997815,0.9951281881660576,0.9951323103997815,0.9102381530876564,0.6595483538085601,0.9330548763676392,0.936259174257493,0.8592574054008989,0.3830487471071785,-0.18954349903031364,0.23024601950531234,0.9532539953839994,0.36173158339714273,0.9754103718716882,0.972378135417696,0.9817366644491687,0.989261040217613,0.9389088025292991,0.9488600269979872,0.9505260577636414,0.9399839463202094,0.9478710643915307,0.948443586762774,0.9478710643915307,0.902224487079299,0.9292114986151252,0.9300001259613239,0.9292114986151252,0.9347505477278472,0.8152120905160407,0.9082256992147081,0.9093102908449416,0.9082256992147081,0.7440886751814925,0.4376178361107788,0.735053605376389,-0.5207194456687202,0.6409508564498997,0.6515881893656627,0.6517334539329397,0.6515881893656627,-0.07289893504931326,0.9226765721619439,0.9517198445887335,0.9381053386708098,0.9401874941454139,0.23045831199313727,0.9173050162824432,0.9177801553768783,0.9173050162824432,0.9208090341391861,0.9208090341391861,-0.09453312029546972,0.607672118652574,0.13663847136777937,-0.7172811138934843,-0.6043911166530532,-0.6084087034833943,-0.16438083986275817,0.15993792351849215,0.18798035544510888,-0.038339427912492126,-0.5982589198690528,-0.04551928233031624,-0.7974752299581802,-0.3147712559339246,0.18083695077315834,0.18238569058709683,-0.5848296069960387,-0.5687423331686369,-0.3027669882241963,-0.5276428224303515,-0.8103585830094452,-0.42803108115488386,-0.42074594013258215,-0.42803108115488386,-0.25500785684022587,-0.37700805280674116,-0.37700805280674116,-0.798573333058495,-0.798573333058495,0.474960434122807,0.6331857498212901,0.8491455791683725,0.8423165546668214,0.756228138907723,-0.35228210038336544,0.7472793809116695,0.7717276005158578,0.7719207430210665,0.7717276005158578,-0.157113072451107],[0.9931153327795029,0.9862851955698031,0.6868339225635481,0.9941735906991223,0.9973730049258491,0.9931153327795029,1.0,0.997737440574658,0.997737440574658,0.9999731596944238,0.9666351166004941,0.9997213451961857,0.9999969161400885,0.9999884201853276,0.9999940564205335,0.7991063053183707,0.782364758360678,0.18674179283793277,0.9998747769601299,0.9998751065628102,0.9908657591788245,0.9999970619203313,0.28070035066015797,0.7711153404866813,0.9868524545941594,0.9868524545941594,0.9882464300113586,0.992692906963054,0.22808521946395827,-0.2023109344292402,0.9914697964636666,0.9915449177968513,0.14536428921900263,-0.27461967524150094,0.9993946597849567,0.9995153677645114,0.4866616025809065,-0.2932018265442911,0.9992126744418238,0.9994955828936313,0.7743680884636815,0.165563576740033,0.9492791075397718,0.9991668437660344,0.9492791075397718,0.9276081385997099,0.6246233875254397,0.9502766527928932,0.9312555774401224,0.7950274807804867,0.4205129602272112,-0.1307986620376613,-0.17471308308301592,0.938038200889092,0.3207756341794199,0.9698530758592988,0.9671260743385934,0.9810666115188684,0.9953429537692743,0.011511384380634385,0.894538099869197,0.8566786393384359,0.8966516809684758,0.8520161432968903,0.8182656324367197,0.8520161432968903,0.8428824427330217,0.8242974078027577,0.8137586677521179,0.8242974078027577,0.8923166774963719,0.45356692212722705,0.6433096860985046,0.6922656245329832,0.6433096860985046,0.6743417958148293,-0.3239637076272444,0.654240746203843,-0.5929935646154411,0.5733707963229818,-0.056813930033219225,0.5006190521888114,-0.056813930033219225,-0.1189325052417366,0.8712739909234745,0.894231141346393,0.8806394470934246,0.7936471730536239,0.18834031203689208,0.8693992728005574,0.8702883737945759,0.8693992728005574,0.8006528547230558,0.8006528547230558,-0.16832466698609078,0.7056234081199071,0.220646881641932,-0.7268196798917169,-0.647542824944442,-0.651035660704598,-0.21123880402528672,0.10800685773696715,0.306829949517352,-0.07328039196450184,-0.6146758719750945,0.018311584326372983,-0.8291130855490624,-0.21644369719309894,0.11143746417093672,0.11303406562970919,-0.6300264200156264,-0.580134320801491,-0.13657948329517883,-0.6037898661008809,-0.8281652661934705,-0.4180268218349848,-0.2562660999760124,-0.4180268218349848,-0.32341723954039664,-0.4201739055383419,-0.4201739055383419,-0.8200514458346606,-0.8200514458346606,0.4526824544439349,0.5959350646739797,0.51881447294692,0.8090176923400769,0.7414503451835844,-0.4081998945311811,0.07987835135508248,0.7441287456685406,0.7624834122787976,0.7441287456685406,-0.08429540587766346],[0.9900649509459963,0.9816809940769645,0.6803744731191916,0.9915395831417969,0.9961631880433467,0.9900649509459963,0.997737440574658,1.0,1.0,0.9996194540912283,0.9609819096031311,0.9989264523177207,0.9984370896562553,0.9994646277416711,0.9992451159201278,0.7955877035203468,0.769335449252184,0.1654980952534346,0.9992675573897221,0.999269336808652,0.9884883445742707,0.9993642900707165,0.25617446878168965,0.7733034531665154,0.9933812700763942,0.9933812700763942,0.9866650541706405,0.990586843456542,0.21114641816886934,-0.21480195747550937,0.9878499265623586,0.9912686511155139,0.12740017777821053,-0.2803728150062821,0.9984528265341475,0.9984721117755607,0.47150745350356926,-0.29886821406633696,0.9976716621991716,0.9984560326853594,0.7709304512264541,0.14398723133303243,0.9429389201237351,0.9982861388734263,0.9429389201237351,0.9257643643065491,0.6106968846613486,0.9509592754752046,0.9302314757601141,0.7785194439368873,0.40842869245965696,-0.144701451208675,-0.18591078559052684,0.9307883462965373,0.3012939750637838,0.9655647452997159,0.962597373251112,0.9765902495327156,0.9942743211921996,0.0032871039233127093,0.8870166735615205,0.8447821405448238,0.8908545294042887,0.8411328671489287,0.8082663033650389,0.8411328671489287,0.8340760633773447,0.8101992983479451,0.8028621164935599,0.8101992983479451,0.8866414744498843,0.4378409426828924,0.627134281669363,0.678719281888435,0.627134281669363,0.6656808823506831,-0.33674178817403844,0.6440679406864951,-0.598569987688465,0.5682599301661716,-0.07621085461286956,0.48754500156798475,-0.07621085461286956,-0.12433120238235033,0.8646865794071587,0.8852578287199775,0.8723530528194752,0.7813069509600804,0.1709702782861301,0.8633900574019262,0.8644326519701978,0.8633900574019262,0.7876804161879507,0.7876804161879507,-0.1812626611976089,0.724892769494841,0.2265813656888867,-0.7354364809996353,-0.6585676993887478,-0.6618958842891124,-0.22476603285732147,0.1017873080424737,0.2997696495459242,-0.09159216658680264,-0.6261412253498004,0.009156696953269462,-0.8336978918297537,-0.22285731986929175,0.0979350120698328,0.09955646611263236,-0.6400430708113531,-0.5806470378813674,-0.14328075587305103,-0.6179409392936269,-0.8268885491858752,-0.428537812540993,-0.2622953244795305,-0.428537812540993,-0.3387448090055446,-0.4322687711368319,-0.4322687711368319,-0.8173081090906475,-0.8173081090906475,0.43762397058516234,0.5807892450670035,0.501622155406484,0.792599777006289,0.7300165231143054,-0.42755741931817154,0.06713141664867088,0.7261015359084754,0.747448787523367,0.7261015359084754,-0.06774358088502987],[0.9900649509459963,0.9816809940769645,0.6803744731191916,0.9915395831417969,0.9961631880433467,0.9900649509459963,0.997737440574658,1.0,1.0,0.9996194540912283,0.9609819096031311,0.9989264523177207,0.9984370896562553,0.9994646277416711,0.9992451159201278,0.7955877035203468,0.769335449252184,0.1654980952534346,0.9992675573897221,0.999269336808652,0.9884883445742707,0.9993642900707165,0.25617446878168965,0.7733034531665154,0.9933812700763942,0.9933812700763942,0.9866650541706405,0.990586843456542,0.21114641816886934,-0.21480195747550937,0.9878499265623586,0.9912686511155139,0.12740017777821053,-0.2803728150062821,0.9984528265341475,0.9984721117755607,0.47150745350356926,-0.29886821406633696,0.9976716621991716,0.9984560326853594,0.7709304512264541,0.14398723133303243,0.9429389201237351,0.9982861388734263,0.9429389201237351,0.9257643643065491,0.6106968846613486,0.9509592754752046,0.9302314757601141,0.7785194439368873,0.40842869245965696,-0.144701451208675,-0.18591078559052684,0.9307883462965373,0.3012939750637838,0.9655647452997159,0.962597373251112,0.9765902495327156,0.9942743211921996,0.0032871039233127093,0.8870166735615205,0.8447821405448238,0.8908545294042887,0.8411328671489287,0.8082663033650389,0.8411328671489287,0.8340760633773447,0.8101992983479451,0.8028621164935599,0.8101992983479451,0.8866414744498843,0.4378409426828924,0.627134281669363,0.678719281888435,0.627134281669363,0.6656808823506831,-0.33674178817403844,0.6440679406864951,-0.598569987688465,0.5682599301661716,-0.07621085461286956,0.48754500156798475,-0.07621085461286956,-0.12433120238235033,0.8646865794071587,0.8852578287199775,0.8723530528194752,0.7813069509600804,0.1709702782861301,0.8633900574019262,0.8644326519701978,0.8633900574019262,0.7876804161879507,0.7876804161879507,-0.1812626611976089,0.724892769494841,0.2265813656888867,-0.7354364809996353,-0.6585676993887478,-0.6618958842891124,-0.22476603285732147,0.1017873080424737,0.2997696495459242,-0.09159216658680264,-0.6261412253498004,0.009156696953269462,-0.8336978918297537,-0.22285731986929175,0.0979350120698328,0.09955646611263236,-0.6400430708113531,-0.5806470378813674,-0.14328075587305103,-0.6179409392936269,-0.8268885491858752,-0.428537812540993,-0.2622953244795305,-0.428537812540993,-0.3387448090055446,-0.4322687711368319,-0.4322687711368319,-0.8173081090906475,-0.8173081090906475,0.43762397058516234,0.5807892450670035,0.501622155406484,0.792599777006289,0.7300165231143054,-0.42755741931817154,0.06713141664867088,0.7261015359084754,0.747448787523367,0.7261015359084754,-0.06774358088502987],[0.9936067084142245,0.9861993238392259,0.6435509165314394,0.9948617360248875,0.9975839058548728,0.9936067084142245,0.9999731596944238,0.9996194540912283,0.9996194540912283,1.0,0.9657492908454665,0.9996891248170401,0.9999741541075957,0.9999734749575615,0.9999770564637745,0.6342840315442706,0.5166705321985609,0.06593453836284087,0.9998341896563662,0.999835067418546,0.9907955806606153,0.9999715304564418,0.052615524830438826,0.7534362272600519,0.9957287422999515,0.9957287422999515,0.9956915876830698,0.9926129818192715,0.056096348710531624,-0.14660932624560502,0.9909216060359787,0.9908775937151082,-0.04014160036638369,-0.2374281724629646,0.9994540253313643,0.9994128800263765,0.8342057764324102,-0.458338890115186,0.9991577273606138,0.9994679369332311,0.5993976948479665,0.0420809632002223,0.9993336396575727,0.9993387680826301,0.9993336396575727,0.9272966686417919,0.6249970150546507,0.9499625816691611,0.9307431934501351,0.7946276002384415,0.03939259038493572,-0.5413951771397243,-0.10203590716879551,0.9347927467812327,0.2659596391729707,0.9674371448646022,0.9671110687122739,0.9833356426103016,0.9946430639844985,0.8987644442980662,0.8952803158472412,0.9092960791375855,0.8976811633252231,0.9076778224036238,0.908199456965015,0.9076778224036238,0.8427312580479308,0.8664974890932235,0.8676412018148011,0.8664974890932235,0.8936375477151497,0.8163762745604662,0.8794598239386409,0.8804247443845503,0.8794598239386409,0.6745270366961479,0.5458173043363295,0.653890438785064,-0.5867105829485552,0.6228031182030813,0.5953069862351511,0.5952462932999668,0.5953069862351511,-0.07091609638361081,0.8721729041000481,0.8943242097277576,0.8812346988484726,0.9064291858042447,0.10212750750278039,0.8743499727445073,0.8758811790429576,0.8743499727445073,0.8791712527354018,0.8791712527354018,-0.1698014836028678,0.70585253662125,0.02414781487038671,-0.7379640434251362,-0.6789522562741424,-0.6804522910011858,-0.21463407439137022,0.11157762981429947,-0.20409695699266028,-0.2547540716956169,-0.6506134237261946,-0.4241276756017956,-0.8604064429283008,-0.6146781458378914,0.11052771519948267,0.1126229763355876,-0.631383614659464,-0.5763447017764786,-0.572542427647935,-0.605186907323886,-0.792578269645657,-0.6333952259305309,-0.6358862332055049,-0.6333952259305309,-0.325129393837347,-0.4231791733776958,-0.4231791733776958,-0.7735456259400733,-0.7735456259400733,0.45108106621984956,0.5940031972967361,0.8144396786046811,0.8144497776951981,0.7393809763294813,-0.43429628309811436,0.6494754694634748,0.6894473844481369,0.6896292769739627,0.6894473844481369,0.152100645659553],[0.9787156513030668,0.9758718254478712,0.6150446389599544,0.977119622042656,0.9713850262543761,0.9787156513030668,0.9666351166004941,0.9609819096031311,0.9609819096031311,0.9657492908454665,1.0,0.95488905131816,0.9666537472170402,0.9666860154454953,0.9664176079358655,0.3887862647945984,0.26892421061090105,-0.16700038003979517,0.970368764616584,0.9703505251891958,0.9667474030495881,0.9667397656838229,-0.04122320603614131,0.79030544114324,0.9679661560319771,0.9679661560319771,0.9681159228441538,0.918334545588878,0.14426163459829072,-0.13458709948647646,0.9720987617782716,0.972184293996527,0.10063821422241083,-0.018087358864680984,0.9734066700326421,0.9736163536098659,0.9012219335832933,-0.33131886689166334,0.9617444444517202,0.9727284614466214,0.3473465984560258,-0.18657296194975673,0.9743434657314435,0.974315702308118,0.9743434657314435,0.8491545844782987,0.43610966396328044,0.8706749671256993,0.9210678890810066,0.8834335629755594,-0.46267507105342137,-0.6668212962907057,-0.1722305395290991,0.9061045444047607,-0.04508709502961489,0.930449728174771,0.9305058974527706,0.9459578760705158,0.9703536053621055,0.9006236565630645,0.903507292923443,0.9114501673069784,0.90340545447886,0.9053214735861724,0.9057942435960851,0.9053214735861724,0.8655464372963037,0.8416796694451173,0.842800227879957,0.8416796694451173,0.8998531559747557,0.9120185797238265,0.8980549570090294,0.8984743892605224,0.8980549570090294,0.7471992250291762,0.6911205917666567,0.7479479534562837,-0.23686824613210164,0.759003879759602,0.7727467667324261,0.7747325596581857,0.7727467667324261,-0.22120946353418555,0.8988227575101587,0.9444582531934834,0.9113413052172513,0.9115937620864258,-0.05780587722802927,0.8935413746373297,0.8942488271512694,0.8935413746373297,0.8999410451822554,0.8999410451822554,0.0323705084428793,0.4480631394178116,-0.14745332825064447,-0.6840987743249368,-0.45502063433743395,-0.4577298131834092,-0.0928147406585431,0.44307876587086353,-0.001361901430450137,-0.2255261461609729,-0.5813701619098492,-0.13063226344120757,-0.7865568301834697,-0.29556073049962,0.3056399997442558,0.3059613621331385,-0.426227187800131,-0.43078822779106596,-0.3946460046116828,-0.40670253747733115,-0.6524641516078059,-0.41357110374157974,-0.4161417721576014,-0.41357110374157974,-0.15838683450057173,-0.4652915621178264,-0.4652915621178264,-0.5422621787922177,-0.5422621787922177,0.5775531484882614,0.6507214874868801,0.7570271213202032,0.7172370249303748,0.8114283119382323,-0.518744994680523,0.4329264156149693,0.5381570717857543,0.5384893491172661,0.5381570717857543,-0.10835809194724899],[0.9880103169362263,0.9870016251496212,0.9945500619033854,0.9907473686741844,0.9966283338459316,0.9880103169362263,0.9997213451961857,0.9989264523177207,0.9989264523177207,0.9996891248170401,0.95488905131816,1.0,0.9997209645255037,0.9997183359046923,0.9996948902751986,0.1165678406103901,0.012022843237486381,-0.545140558343815,0.9998285795876916,0.9998302141856162,0.9997248816228921,0.999723895529685,-0.29067860154363073,0.9747600589967961,0.9952402434561787,0.9952402434561787,0.9952239115651337,0.994103818162096,0.05915418167382857,0.05298127665524079,0.9927136319696758,0.992754535184482,0.7554082771756225,-0.05244837688756689,0.9991889981236571,0.9991538673146922,0.9990425575915576,0.9994759851074878,0.9995109420549397,0.9992211391191927,0.06048319309149428,-0.5524361776196065,0.9990022778452837,0.9990082610723823,0.9990022778452837,0.9224824725051548,0.47245922799561446,0.945967869110275,0.9270556238037201,0.7944581785110445,-0.34368767496553454,-0.5798763647761195,0.8407323756633228,0.8693852845202295,-0.3448587007283754,0.9416169415106549,0.9418014003731949,0.9733912259697721,0.9940233964550175,0.9132290714252682,0.918070498165193,0.8970531129842202,0.9019334173012294,0.9011740889510687,0.9016225252889775,0.9011740889510687,0.8096912680398787,0.7798810600936336,0.781300508864511,0.7798810600936336,0.9196582129608344,0.9246547197719208,0.9185941417179156,0.9193963589957057,0.9185941417179156,0.6027854715405593,0.5530259564660667,0.6335090843948441,0.7041581499752021,0.616944393000031,0.642298236843056,0.64430698778202,0.642298236843056,-0.25313687210333063,0.869198718683065,0.895771875895614,0.8862073307921722,0.9192690548803616,-0.3525045235649354,0.8653865375905246,0.865568428825179,0.8653865375905246,0.8727733688016277,0.8727733688016277,-0.22052342312065937,0.7001527312652005,-0.39515399024480424,-0.8192831289699537,-0.5403726508966148,-0.5435631696369838,-0.4417742871072739,0.2528512949943643,-0.3087497316020519,-0.5509438744648372,-0.7798461629416977,-0.41468731194809344,-0.585051823780863,-0.49032180748134935,0.10302009538224646,0.10124596279000407,-0.5601989062085471,-0.5344435982756599,-0.5557807099086784,-0.5919040489500945,-0.5849079387150845,-0.5591734933818084,-0.5624708987206729,-0.5591734933818084,-0.4524743109397628,-0.6406260283227998,-0.6406260283227998,-0.6281802871470944,-0.6281802871470944,0.4468268105314347,0.35067640197271377,0.4919187825351481,0.6087326515843368,0.5362370857705426,-0.5740654808562857,0.3481673745461603,0.296178761223577,0.2964122431558824,0.296178761223577,0.2801583879033881],[0.9931474986713716,0.9863180912632079,0.686854434023993,0.9941966737542859,0.9973893473910781,0.9931474986713716,0.9999969161400885,0.9984370896562553,0.9984370896562553,0.9999741541075957,0.9666537472170402,0.9997209645255037,1.0,0.9999915829416406,0.9999955760564175,0.7990926252027021,0.7679975749616894,0.18678295946183565,0.9998759869506191,0.9998762821973375,0.9908946811969764,0.9999976050213152,0.28098380325731603,0.771172983606875,0.9916700917258152,0.9916700917258152,0.988239836994485,0.9926899653753578,0.22832299789351856,-0.20225954961028936,0.9915225489896738,0.9915523770001419,0.1455745862818896,-0.27458895456442667,0.9993959192984297,0.9995176857192554,0.4866413446961198,-0.29300638924452305,0.9992136191626161,0.9995017162288703,0.7743412933432368,0.16561047608185347,0.9492670908876828,0.9991686131024805,0.9492670908876828,0.9276059724368358,0.6247425655560817,0.9503542222956316,0.931320173777392,0.7951025117794451,0.42085867730857884,-0.1303983962482796,-0.1743800803953104,0.9380939829492764,0.32082782087392003,0.9699274579008786,0.9671688150469364,0.9811382943121565,0.9953544022392273,0.011684778490462778,0.8946506722970301,0.8567557070002999,0.8967520458079341,0.8520919176934009,0.8182190724703011,0.8520919176934009,0.8429716982288793,0.8243432986194124,0.8137090641014645,0.8243432986194124,0.8924409564410948,0.4534634780497843,0.6433129509032671,0.6921926162254958,0.6433129509032671,0.6743254148475154,-0.3239798499623316,0.6542472693418123,-0.5928970193851276,0.573301804901944,-0.056929651200252625,0.5006489773209211,-0.056929651200252625,-0.11906251736145985,0.8713482920841217,0.8943301806150764,0.8807198611565172,0.7936414596733511,0.1883862637438653,0.8694744954420787,0.8703581295558454,0.8694744954420787,0.8007089579351531,0.8007089579351531,-0.16826653296422892,0.7056380588163982,0.22075150081066064,-0.7268563348588106,-0.6474647703287059,-0.6509620550501966,-0.21131540504974394,0.10790430583128104,0.3069824427377297,-0.07327439694697413,-0.6147324010067368,0.01854544335487965,-0.8288823053298063,-0.21618397691677893,0.11150890362412456,0.11311796648190821,-0.6300077449825098,-0.5799404369496147,-0.13636085912274723,-0.6037511610470527,-0.828068391473038,-0.4178297835609241,-0.2560856931901621,-0.4178297835609241,-0.32326913006346214,-0.42014608881973525,-0.42014608881973525,-0.8200013011964662,-0.8200013011964662,0.45309506012385453,0.5960423591004407,0.5190339521347564,0.809240111490271,0.7414967905437482,-0.4080158536067745,0.08013472496267293,0.7443528083943404,0.7625852457035635,0.7443528083943404,-0.08432364332451422],[0.9934858488816944,0.986281916712095,0.6841579721328657,0.9947959514719203,0.9974562765993387,0.9934858488816944,0.9999884201853276,0.9994646277416711,0.9994646277416711,0.9999734749575615,0.9666860154454953,0.9997183359046923,0.9999915829416406,1.0,0.9999892850948318,0.7094740391487975,0.6097502134577142,0.1884081517479853,0.9998981309557741,0.9998987987478042,0.9908830718379998,0.9999891392097204,0.28006285854734975,0.7680516830405185,0.994488458328482,0.994488458328482,0.9944588258732615,0.9926759443687113,0.22104608447114352,-0.2031522731361535,0.991970818693614,0.991971829026829,0.16688025122392444,-0.274133745669944,0.999564951129956,0.9995170569088777,0.8656561685289759,-0.3781917923260996,0.9992113722853642,0.9995054946607225,0.6826240834812373,0.16726289095320454,0.9994684449314998,0.9994729653619152,0.9994684449314998,0.927465243922719,0.6248414849209785,0.9501339992241027,0.9310208149897492,0.7948880415370674,0.3029731503664381,-0.29770337760863297,0.13380032468102515,0.937973700546289,0.3212295521401998,0.9675385224986404,0.9671876413460685,0.9798993282235655,0.995579573126782,0.9044203134495585,0.8939677627402868,0.9142147186291015,0.8966990623861989,0.9129863864696403,0.9137158317880396,0.9129863864696403,0.8423089603091014,0.8838470686809795,0.885012543219176,0.8838470686809795,0.8922840615469099,0.7997100728451982,0.8829245472931406,0.8842569735346762,0.8829245472931406,0.6740531596372863,0.5376985377880719,0.6530877799637752,-0.591696178444299,0.5720139088782187,0.5695132877133696,0.5703732364926194,0.5695132877133696,-0.12141365513953839,0.8712436892496416,0.8940873888116344,0.8803488483990448,0.9105026966559564,0.19015901074748104,0.8694303678763404,0.870549873838374,0.8694303678763404,0.8778868634609662,0.8778868634609662,-0.1685626376369,0.7045620353427833,0.12336918404819851,-0.72599209125208,-0.6471349411138975,-0.6503732047577752,-0.2113397553264921,0.10693616105778579,0.07896290459817074,-0.07182816389086269,-0.6135906220549183,-0.1704475443262774,-0.8385340414536364,-0.43176682508542086,0.11079613300061403,0.11292663098339892,-0.6300462076359052,-0.5792835743172037,-0.42348823142533304,-0.6035319211884703,-0.8205084557546709,-0.5322056970607604,-0.5284493870943215,-0.5322056970607604,-0.3226436836014897,-0.4202443645379287,-0.4202443645379287,-0.8112878627717428,-0.8112878627717428,0.450793176077471,0.5957696291270808,0.8195092898465832,0.8125879470001132,0.7416396894478469,-0.407716771961814,0.7041685985337726,0.731318119398618,0.7314152708891577,0.731318119398618,-0.0517604619279875],[0.9931897728771996,0.9861827051076673,0.6869661447933281,0.9942175955575893,0.9974110515457949,0.9931897728771996,0.9999940564205335,0.9992451159201278,0.9992451159201278,0.9999770564637745,0.9664176079358655,0.9996948902751986,0.9999955760564175,0.9999892850948318,1.0,0.7872314954360844,0.7084737600571266,0.18693260418745114,0.9998789298415844,0.9998791223052226,0.9910143859005336,0.9999954673048087,0.2816404070273907,0.7710204569766912,0.9946457843510137,0.9946457843510137,0.9945640027776796,0.9926279338300619,0.2286071838700196,-0.20227673661607237,0.9924395239383885,0.992478470781044,0.14629204884134475,-0.27442362805159914,0.999438864442321,0.9995173793857258,0.4857400031315443,-0.29232106068360897,0.9991782754006323,0.9995041021618236,0.7712032040856546,0.16578022083122085,0.9488662714412173,0.9992164167171439,0.9488662714412173,0.9278130072799325,0.6253536217002976,0.9504531536822457,0.9313898113673288,0.7948714038537129,0.42211618224339004,-0.12898834239569623,-0.17460883579245606,0.9383925617994011,0.3210906196884631,0.9702843787478724,0.9674364369134267,0.9813714005945984,0.9953966316933648,0.010726730355429728,0.8948717926615235,0.8566588550618783,0.8969357806745464,0.852023065536283,0.817801569905525,0.852023065536283,0.8431408911652718,0.8242588989400148,0.8140009639951136,0.8242588989400148,0.892696496745337,0.452834616689103,0.6428604026186343,0.6921732526880497,0.6428604026186343,0.6742077417376058,-0.3250656554325419,0.6542149396370901,-0.5931012986043233,0.5729880761677085,-0.057852259236368504,0.5003245350681474,-0.057852259236368504,-0.1190313935001227,0.8714557772384083,0.8941328605750002,0.8808427664360038,0.7870963559037004,0.18875894081640243,0.8695386418882817,0.8704128178675915,0.8695386418882817,0.8005237484866378,0.8005237484866378,-0.16949409456962797,0.7063604601697248,0.22122209892256497,-0.7268166109362756,-0.6477915602328255,-0.6512924173995176,-0.21229071157804968,0.10683695729925163,0.30730902929918713,-0.07361423964061702,-0.6148796781976825,0.01865731042189222,-0.8281908159455971,-0.21600810378557692,0.11065245161046083,0.11226002246194812,-0.6305374629042972,-0.5801230957282457,-0.13581523740258467,-0.6047528285802029,-0.8281071916476919,-0.41776515252113733,-0.2555645800578235,-0.41776515252113733,-0.32406394732319005,-0.420537475840716,-0.420537475840716,-0.8203413300523699,-0.8203413300523699,0.45324349607450776,0.5957378321554914,0.5185957687299336,0.8096484411103507,0.7410006185993803,-0.4076163506509021,0.07953337315327895,0.7447611946407968,0.7631872469018721,0.7447611946407968,-0.08408175347941857],[0.7004784926153735,-0.0006994071008679892,0.36680594194196103,0.6995073507766466,0.5833008682315969,0.7004784926153735,0.7991063053183707,0.7955877035203468,0.7955877035203468,0.6342840315442706,0.3887862647945984,0.1165678406103901,0.7990926252027021,0.7094740391487975,0.7872314954360844,1.0,0.9915670185185281,0.4289602589974751,0.7628605800323239,0.762824819902512,0.6773225939967841,0.7857575815782584,0.33635629080681423,0.3421538776537005,0.7778797041616814,0.7778797041616814,0.7623663997531495,-0.28314595946549176,0.1961850835808718,-0.1562976287730314,0.8293057943438776,0.8258934375192141,0.16179052270081337,-0.210247497046365,0.7938645947830272,0.6631112480437903,0.2452365506003616,-0.31696379154722054,0.13116071636761625,0.6254009070450982,0.9983119040325802,0.4121126050463011,0.7188288041902374,0.7934673428577258,0.7188288041902374,0.07258617382859192,0.5101056184319092,-0.3444736315731426,-0.36822238952451314,-0.04330279341492263,0.39115242377521986,-0.0538952383401744,-0.2113538330988727,0.6506954256750436,0.397865689582878,0.795338394004084,0.6519344733650382,0.7520480376420434,0.7753097876327517,-0.10811083873033689,0.04121319297714755,0.5256318695595151,0.36861304234283604,0.5150307825970054,0.6030983754754519,0