var element=document.getElementById("correlationClose");if(element.style.display!='none'){var correlationClose={"data":[{"type":"heatmap","z":[[1.0,0.9999871297454476,0.6350923944098357,0.9997155875137527,0.9978617751271343,1.0,0.9920055383589325,0.9881595925008375,0.9881595925008375,0.9926883657823697,0.9758799936670661,0.9860337339052699,0.9920452981569141,0.9924771980576549,0.9921018881044512,0.8602948483865507,0.8156792728860022,0.349236460145578,0.9929874416803837,0.9929739920975151,0.9852244571226606,0.9920321496884633,0.4457967748473046,0.7167975689071691,0.9806892944482765,0.9806892944482765,0.980670238662575,0.9727741035691707,0.35033148088532545,-0.10053655869803274,0.9895686752094135,0.9895351151938339,0.3004082423490084,-0.17396096136558448,0.9944948638524191,0.9952019937460801,0.8363988515695353,-0.3714157155139297,0.9901104871206101,0.9951357950785242,0.8513133585684077,0.3303733075105294,0.9946481565930781,0.9946366977148893,0.9946481565930781,0.8851507523684564,0.6578373235334316,0.8904719981050436,0.89787513990933,0.8071339537229676,0.3759225067938284,-0.16227827433251904,0.19738783583028627,0.9455399629413571,0.40784222274636706,0.9749787451324462,0.9699201588928325,0.979844026885934,0.9897573597510052,0.9259531052236298,0.9311049909043143,0.9417278133780502,0.9242256941846043,0.9389674836390703,0.9396319489645831,0.9389674836390703,0.8719061244535106,0.9171337304470732,0.918088955438153,0.9171337304470732,0.9149512059598105,0.7708200864311626,0.8878616163272894,0.8892409064598169,0.8878616163272894,0.6708750944544615,0.35078916657697234,0.652807925312769,-0.5681750937217465,0.5578769696781452,0.5888023032547508,0.5894780709075692,0.5888023032547508,-0.10501817800546055,0.9031220585020987,0.935351172424577,0.918231619752138,0.927326120081218,0.33369724582235394,0.8987640518268146,0.8996432850813669,0.8987640518268146,0.9042912303557857,0.9042912303557857,-0.1120462260219392,0.5885563730955573,0.18020756810820523,-0.6391112154303522,-0.5789377285936214,-0.5825559865770429,-0.0881276166467443,0.10494340821683523,0.22995682621318064,0.061195458755989036,-0.49201359224213653,0.01546231073062341,-0.7958080993544688,-0.25151694968778887,0.16011102564273566,0.16104641550244092,-0.5602636371609432,-0.5889368654979615,-0.2506828416608165,-0.5040718874216215,-0.8217772314626368,-0.382862640457475,-0.374762876282848,-0.382862640457475,-0.19214344099627764,-0.30143780806935644,-0.30143780806935644,-0.8098195532873927,-0.8098195532873927,0.39666577169274025,0.6395501689761047,0.8613317871960576,0.8440936725080441,0.7694674716122935,-0.2993715362849501,0.7540634485321871,0.790370847487074,0.7906915785426598,0.790370847487074,-0.21901238263977932],[0.9999871297454476,1.0,0.9767728118730538,0.9993815171496363,0.9952752298910426,0.9999871297454475,0.9829746900333215,0.9762352335821426,0.9762352335821426,0.9828303206949794,0.967716530752209,0.9846337423538007,0.983025229503423,0.9829516064073066,0.9828607965704358,0.41163061593666656,0.3316480471292189,-0.37613756798383563,0.9872152254053698,0.9871960979717408,0.9830744544014067,0.9830679808493638,-0.08922139129829777,0.9758811943437699,0.9779074953431515,0.9779074953431515,0.9779630268476778,0.9729291178168351,0.16438623443822964,0.18321703847298307,0.9796019457146685,0.9796645116504239,0.9377926098877906,0.19372068561937203,0.990079938427584,0.990128961834977,0.9907540070620346,0.9843556046607616,0.989037511208495,0.9902766517611051,0.37210579804013866,-0.38166505413071106,0.9907965112076645,0.9907835509295135,0.9907965112076645,0.8849755373071186,0.513313417082136,0.8904406480265409,0.8976116742655864,0.8065265605076537,-0.3705454032395955,-0.5175956283547525,0.8251754136727095,0.8657656113299612,-0.23664851210443627,0.9325209877049057,0.9326531595756632,0.9515741963220371,0.9756505255585102,0.9425686798637436,0.9502553162783828,0.9336678675893246,0.9328275363662372,0.9387908283665818,0.9393437677803019,0.9387908283665818,0.8313344458695644,0.800094870745037,0.8020570335655026,0.800094870745037,0.9444625561595869,0.9482873124805938,0.9445644981444388,0.945516081655619,0.9445644981444388,0.5566950893908928,0.49875377352856715,0.6042344428720424,0.696102217660054,0.5980789387768417,0.6244827961528159,0.625216957512294,0.6244827961528159,-0.1991401951324781,0.9013812411904197,0.9290271155026515,0.9191088784750623,0.9482297313669116,-0.23224610531474943,0.8969431224592088,0.8972523970633455,0.8969431224592088,0.9055511116148263,0.9055511116148263,-0.2035868096932117,0.5892420552185638,-0.360527043689831,-0.7390781672031231,-0.46244332223858464,-0.4659585186870774,-0.34404015367655294,0.2606158584896548,-0.24135640417557147,-0.45550090470730425,-0.6844873533283797,-0.32329630039680285,-0.48479652966240017,-0.3797468378271519,0.13759751502731948,0.13401192919958843,-0.48901505517930255,-0.45040335664497566,-0.4788644335424659,-0.5097040380684109,-0.501794493092077,-0.4809984296608579,-0.48442021938963514,-0.4809984296608579,-0.3451257090976354,-0.5134312152609151,-0.5134312152609151,-0.4901048678074059,-0.4901048678074059,0.3969963529212825,0.3818653591927182,0.502631418932442,0.5949040909636313,0.5438345298499611,-0.4234658142112499,0.36625686155171583,0.33325704570518355,0.3333466136732096,0.33325704570518355,0.12576433432819895],[0.6350923944098357,0.9767728118730538,1.0,0.6310981393295126,0.5505803952390786,0.6350923944098357,0.6193256183519328,0.6100999139417507,0.6100999139417507,0.5491494481805962,0.5041329319894308,0.9960627197096558,0.6193672781377922,0.6089360245986297,0.6196145513921643,0.4739604517358628,0.47054975370762175,-0.16923548663543778,0.5761713023839797,0.575293451164561,0.5378598324054107,0.6182943448506685,0.22495898953222862,0.7592878698632295,0.5948727484586658,0.5948727484586658,0.5946357749248348,0.9876842149101325,0.33896646585784085,0.1726907934995919,0.5783598656423558,0.5779540686027059,0.7359991454481198,0.02352612592860335,0.6159219217880514,0.5445910166461476,0.5889005771508082,0.3219068145632787,0.9938078666272591,0.5377298094440989,0.4651589165599779,-0.17739486058540632,0.6325732878414954,0.6138348351863983,0.6325732878414954,0.8827562532009436,0.3966488338058143,0.9132660835717645,0.8864331032810758,0.6889405600396049,0.20661730049087412,-0.04912490205578719,0.04941901966630073,0.48889684870800454,-0.08707453844129108,0.562669991019797,0.5173206336477802,0.545111526251346,0.5064766576618901,-0.02957938743058942,0.7609237435292536,0.696370287599466,0.5859187435631017,0.7021906336269894,0.7412505278777006,0.7021906336269894,0.461293649605822,0.6030623076603489,0.6747218686995352,0.6030623076603489,0.649426457234246,0.6522006702956277,0.6999752055235536,0.75522395791626,0.6999752055235536,0.33213538348867333,-0.08761243461647951,0.3488089682940882,0.11318061049480786,0.3455389966536854,0.26106024357062496,0.45439804309132203,0.26106024357062496,-0.1683449149854528,0.5525114264068665,0.8598650508520892,0.6311401536463627,0.7562962930249051,-0.02014962308231721,0.6006009956195529,0.6002181046440473,0.6006009956195529,0.6848610478118909,0.6848610478118909,-0.2236476496519301,0.7172242857656617,-0.19509114312869186,-0.6463505350644694,-0.4201017677689824,-0.4236953717900864,-0.4054708521652235,0.07276786186130509,0.02369540087701934,-0.3056141980372685,-0.6264598467339237,-0.15373766495092767,-0.28480989906715204,-0.24305372992576665,0.03206988783203214,0.029551366351623195,-0.47474325988278954,-0.037005426245402005,-0.24467443218464044,-0.5009721335953814,-0.17059118506455434,-0.38752532860371824,-0.26671870201817777,-0.38752532860371824,-0.407438641044831,-0.5218730494627215,-0.5218730494627215,-0.2814271681596294,-0.2814271681596294,0.33532575536057546,0.1716316936160397,0.2696747008643049,0.5076724650185075,0.2607133783362046,-0.35580299783347996,-0.023346744959373403,0.45330017574375225,0.5598504120041536,0.45330017574375225,-0.03688632037470826],[0.9997155875137527,0.9993815171496363,0.6310981393295126,1.0,0.9988432534636824,0.9997155875137526,0.9933744488801594,0.989996218178275,0.989996218178275,0.9942964424809657,0.9737907328672264,0.9897700298085026,0.9934041358555216,0.9941426751330926,0.9934362827783547,0.8597182475617657,0.8147769179671804,0.33426555797790736,0.9941628408218471,0.9941523085375694,0.985384344815612,0.9933836746424068,0.43729683276272663,0.7211122103193993,0.983395805853781,0.983395805853781,0.9833765734842892,0.979712058872883,0.34639293649940467,-0.1068086867352193,0.9889550161703098,0.9889307112888803,0.29268179267550376,-0.1740867127751716,0.9951046679822364,0.996015720376984,0.8009115834459924,-0.37613770326240703,0.9927837283948564,0.9961869990412848,0.8499367485227597,0.31508721143866514,0.9929813100492768,0.995153952526118,0.9929813100492768,0.8825328939734726,0.6452620492177253,0.8959521777723892,0.8953463585142084,0.7878456093149115,0.3706876984970703,-0.16765597313193834,0.19159019708197658,0.9398656634189214,0.39167496231990834,0.9704521318142819,0.9669022473643387,0.977676764439063,0.9897587423827976,0.9050838670681196,0.924653619478901,0.928904643082849,0.9203803989401798,0.9221482473150522,0.9230583034296448,0.9221482473150522,0.8640659213107224,0.9051410268134124,0.9061877026707164,0.9051410268134124,0.9116579746164367,0.7114898003780887,0.8493624279409471,0.8507579821399939,0.8493624279409471,0.6628304491353412,0.1281430718150938,0.6430758273491743,-0.5726416518305489,0.5530773608121491,0.3261569190686402,0.5597194084086574,0.3261569190686402,-0.11140658709697082,0.8980130828226737,0.9280030170266513,0.9107586562087194,0.9044783421500141,0.31943441864653277,0.8944047210664311,0.8954152837770329,0.8944047210664311,0.8852160247419993,0.8852160247419993,-0.11683081282170776,0.6097298880581151,0.18489289467637884,-0.6493115714632316,-0.5858498553693842,-0.5893759026061972,-0.10026678070274067,0.10038085585794745,0.22298781766445658,0.048140922611845174,-0.5043334264187322,0.0091147911597271,-0.8015183632619033,-0.25920364155077996,0.1501691266124622,0.1511535768158844,-0.5669144945421475,-0.5852779921049829,-0.2519165101632866,-0.5145452505527904,-0.8232548284270638,-0.3842278819003129,-0.376694969232508,-0.3842278819003129,-0.2005916830851756,-0.310975472985525,-0.310975472985525,-0.8093147275086117,-0.8093147275086117,0.3858788315906249,0.6277999888703277,0.8533694076208049,0.8363229539270629,0.7618865908019548,-0.31228186738041147,0.744929648937807,0.7814032928943048,0.7817343826707165,0.7814032928943048,-0.20407996734660294],[0.9978617751271343,0.9952752298910426,0.5505803952390786,0.9988432534636824,1.0,0.9978617751271343,0.997128971306236,0.9955066562174496,0.9955066562174496,0.9973258941306244,0.9654551288445444,0.9963121858504401,0.9971494792703923,0.9972281043896462,0.9971788336198294,0.8002660113289141,0.7355283793881836,0.13036988325032814,0.9976543182738608,0.9976500387714738,0.9872566553402616,0.9971348141465005,0.08853927280847958,0.6971265519235001,0.9919784526314396,0.9919784526314396,0.991940294270898,0.9893180849906827,0.12443360667105913,-0.08823502942756786,0.9871068958990908,0.9870465802371232,5.380143598247431e-05,-0.0694501510951547,0.9978036207427434,0.9977339978198664,0.7883292098325321,-0.503595533299927,0.9976256776254625,0.9980727684488122,0.7817259363670462,0.10616255294989474,0.9977479911201115,0.9977497994606519,0.9977479911201115,0.8974705246899227,0.6083544761256073,0.9134257059882002,0.9004654864014611,0.761585415920958,-0.09654889083316326,-0.5866146715039979,-0.20970136649653728,0.9277606764837807,0.24496081195354202,0.9653193435031336,0.9653728709838478,0.979642662621556,0.990350321062224,0.9035186515729065,0.9063158139786834,0.9190616580420671,0.9076815565571155,0.9174773876978275,0.9178252576454232,0.9174773876978275,0.8388470842862953,0.8593664150018004,0.8605353930603833,0.8593664150018004,0.9005373768532806,0.8084711731550018,0.8811242341477773,0.8819472966452077,0.8811242341477773,0.6208255627730519,0.49746175321290725,0.6075605143632753,-0.5981196473044711,0.6057583568583831,0.5836224837452328,0.5828111614571072,0.5836224837452328,-0.12945448749466235,0.8801859640498311,0.903559462661693,0.8879799395884731,0.9117870118736218,0.16696658973831585,0.8800017309297624,0.8810739020486041,0.8800017309297624,0.8867625661311912,0.8867625661311912,-0.15684048317518215,0.6592715980702195,0.040097280407994505,-0.6805803353072458,-0.636076618000995,-0.6366486443242007,-0.1331010354773542,0.12349834299997224,-0.1692166738727228,-0.20105413262589045,-0.5793210324520736,-0.3537479489906628,-0.8525982631081549,-0.5420908617832014,0.11887405507504523,0.11971230045991157,-0.593923532884833,-0.5782913079796478,-0.5338361048698848,-0.5535478657106958,-0.7835650831669992,-0.5865292271716102,-0.5894991523383663,-0.5865292271716102,-0.2406829047833237,-0.3458677835538308,-0.3458677835538308,-0.7513127380066974,-0.7513127380066974,0.37193640957202645,0.6090977829714231,0.806110276173275,0.7891600490242098,0.7512722060923686,-0.4423334266831562,0.6019754542088704,0.6729852604732812,0.6734410611713918,0.6729852604732812,0.02272195030357491],[1.0,0.9999871297454475,0.6350923944098357,0.9997155875137526,0.9978617751271343,1.0,0.9920055383589325,0.9881595925008375,0.9881595925008375,0.9926883657823697,0.9758799936670661,0.9860337339052699,0.9920452981569141,0.9924771980576549,0.9921018881044512,0.8602948483865507,0.8156792728860022,0.349236460145578,0.9929874416803837,0.9929739920975151,0.9852244571226606,0.9920321496884633,0.4457967748473046,0.7167975689071691,0.9806892944482765,0.9806892944482765,0.980670238662575,0.9727741035691707,0.35033148088532545,-0.10053655869803274,0.9895686752094135,0.9895351151938339,0.3004082423490084,-0.17396096136558448,0.9944948638524191,0.9952019937460801,0.8363988515695353,-0.3714157155139297,0.9901104871206101,0.9951357950785242,0.8513133585684077,0.3303733075105294,0.9946481565930781,0.9946366977148893,0.9946481565930781,0.8851507523684564,0.6578373235334316,0.8904719981050436,0.89787513990933,0.8071339537229676,0.3759225067938284,-0.16227827433251904,0.19738783583028627,0.9455399629413571,0.40784222274636706,0.9749787451324462,0.9699201588928325,0.979844026885934,0.9897573597510052,0.9259531052236298,0.9311049909043143,0.9417278133780502,0.9242256941846043,0.9389674836390703,0.9396319489645831,0.9389674836390703,0.8719061244535106,0.9171337304470732,0.918088955438153,0.9171337304470732,0.9149512059598105,0.7708200864311626,0.8878616163272894,0.8892409064598169,0.8878616163272894,0.6708750944544615,0.35078916657697234,0.652807925312769,-0.5681750937217465,0.5578769696781452,0.5888023032547508,0.5894780709075692,0.5888023032547508,-0.10501817800546055,0.9031220585020987,0.935351172424577,0.918231619752138,0.927326120081218,0.33369724582235394,0.8987640518268146,0.8996432850813669,0.8987640518268146,0.9042912303557857,0.9042912303557857,-0.1120462260219392,0.5885563730955573,0.18020756810820523,-0.6391112154303522,-0.5789377285936214,-0.5825559865770429,-0.0881276166467443,0.10494340821683523,0.22995682621318064,0.061195458755989036,-0.49201359224213653,0.01546231073062341,-0.7958080993544688,-0.25151694968778887,0.16011102564273566,0.16104641550244092,-0.5602636371609432,-0.5889368654979615,-0.2506828416608165,-0.5040718874216215,-0.8217772314626368,-0.382862640457475,-0.374762876282848,-0.382862640457475,-0.19214344099627764,-0.30143780806935644,-0.30143780806935644,-0.8098195532873927,-0.8098195532873927,0.39666577169274025,0.6395501689761047,0.8613317871960576,0.8440936725080441,0.7694674716122935,-0.2993715362849501,0.7540634485321871,0.790370847487074,0.7906915785426598,0.790370847487074,-0.21901238263977932],[0.9920055383589325,0.9829746900333215,0.6193256183519328,0.9933744488801594,0.997128971306236,0.9920055383589325,1.0,0.9974442536949742,0.9974442536949742,0.9999700898057009,0.9586128645858751,0.999669924877384,0.9999965203139007,0.9999863376885896,0.9999932591858927,0.9083755890910041,0.8987115386720067,0.2939706641232573,0.9998569890418061,0.9998570983448877,0.9895910547116912,0.9999967099003408,0.3503595916116005,0.7198511827361255,0.9854349702862882,0.9854349702862882,0.9862963339074607,0.9901505913632832,0.2729147653919014,-0.16266757047639288,0.9916125392099662,0.9914791040816825,0.1972708196637304,-0.22224117965567347,0.9993340673674045,0.9994417914868463,0.41239736511264447,-0.314541400213378,0.9989698245868851,0.9993972586211204,0.8960688920532237,0.2734231619217631,0.9399987582678877,0.999078318282476,0.9399987582678877,0.9072238042097607,0.6148800139366042,0.9314295657055673,0.9088993212226719,0.7242120336370041,0.40832107007592483,-0.10743268647744125,-0.2011139781079035,0.9268062175668692,0.3567915614254771,0.9675205633351176,0.9620647131413728,0.9783964384068116,0.9957375904204778,-0.046616089939844486,0.8651956461550577,0.827315630805409,0.8738695435394599,0.8216251800243568,0.7854556100260047,0.8216251800243568,0.8008407290768964,0.7894835123316746,0.7806929742960427,0.7894835123316746,0.865138012013444,0.368085210217665,0.5757954091243961,0.6429413305318228,0.5757954091243961,0.5899957372001318,-0.34829599952889,0.5585692538241659,-0.6359709603087557,0.48216464861797304,-0.10103902462124396,0.42396211118383614,-0.10103902462124396,-0.1529502288458828,0.8429520787323278,0.8627541180371747,0.8482138462461202,0.7606934455959248,0.27869561109351043,0.8430400496356919,0.8444919821250109,0.8430400496356919,0.7579095035701466,0.7579095035701466,-0.19312586899579506,0.7023111766530684,0.244812775472816,-0.6594634409069187,-0.6262188342185323,-0.6293052118541238,-0.14593261027550286,0.05042380145408351,0.335300750008823,0.01537066337918578,-0.5216754704616549,0.06743483722538873,-0.827859582524057,-0.15921122070573354,0.0831228551674376,0.08415733804274061,-0.6095827292269356,-0.5941976776710488,-0.08883750133271591,-0.5883029073341283,-0.836665844024837,-0.3775525173584007,-0.20902547671102004,-0.3775525173584007,-0.27377992345892216,-0.3551937928441991,-0.3551937928441991,-0.8291141618821045,-0.8291141618821045,0.3718728260238862,0.5911368496088685,0.5047978747645557,0.803670331605779,0.7448921524221949,-0.3639795176066871,0.0649904737017521,0.7525275487115118,0.7716084192913255,0.7525275487115118,-0.13476274816144],[0.9881595925008375,0.9762352335821426,0.6100999139417507,0.989996218178275,0.9955066562174496,0.9881595925008375,0.9974442536949742,1.0,1.0,0.9995433911868704,0.9515699324123997,0.9986623591513857,0.9982025905163652,0.9993914030738738,0.9991225503900197,0.9061800501539087,0.8886519264758671,0.2721956836719727,0.9991689168511089,0.9991703683659421,0.9869242891118758,0.9992629383094168,0.32488712763076694,0.7206447956497039,0.9925705253330918,0.9925705253330918,0.9843328651407133,0.9871261508402208,0.2553970532167577,-0.176116235687563,0.9878995957478106,0.9913291325295042,0.17858078795289978,-0.22811717177089608,0.9982796229225361,0.998240370626036,0.3941053493245486,-0.32126795880091236,0.9969468530336276,0.9981670653443183,0.8941962069291364,0.25122939747841305,0.9323277769025532,0.9981063399233285,0.9323277769025532,0.9047152283824148,0.5996952667511151,0.9316810715050001,0.9056610266439246,0.7011957122350035,0.3953046790925403,-0.12246612480649748,-0.2138113397902545,0.9181263655783714,0.33627120885539186,0.9628445186247918,0.9567928558372385,0.9732638631762146,0.9947747916171887,-0.05645649228033353,0.8537509667870105,0.8113528021813451,0.8655174467450851,0.8067814538020834,0.7732303467592055,0.8067814538020834,0.7885618538646201,0.7708049308448,0.7672145410302885,0.7708049308448,0.8570202101465599,0.3487188729331701,0.5555092096408765,0.6266025219298846,0.5555092096408765,0.5771331712958614,-0.36292383306947973,0.5439928490089111,-0.6436375345970725,0.47438860302987873,-0.12300255105943649,0.4077693413158269,-0.12300255105943649,-0.15969958691759684,0.8331858459441687,0.8483863804470189,0.8358185369044613,0.7460904463086914,0.26110390078857487,0.8338398816589077,0.8354795958697527,0.8338398816589077,0.7405339505160882,0.7405339505160882,-0.2082534671358434,0.7266639309053703,0.25201777004081705,-0.6688529398858971,-0.6389680581980023,-0.6418679686047881,-0.16069286379768868,0.04277451942017769,0.32833154456258407,-0.0038048969000944836,-0.5343258316279574,0.05815906570226403,-0.8338477525166518,-0.16570244935100653,0.06787575264803083,0.06893366010235284,-0.6212130722766511,-0.5952468425009436,-0.09569331376238747,-0.6050427385207402,-0.8363625351723764,-0.38904857483915595,-0.21524928209014274,-0.38904857483915595,-0.2911917264793437,-0.3688416600558143,-0.3688416600558143,-0.827250037331128,-0.827250037331128,0.35211459732860584,0.5742466213034277,0.4861283182211792,0.7859006784976609,0.7322758661239358,-0.3855775294899299,0.05097378102527816,0.7334642928143339,0.755903891088551,0.7334642928143339,-0.11766013745475243],[0.9881595925008375,0.9762352335821426,0.6100999139417507,0.989996218178275,0.9955066562174496,0.9881595925008375,0.9974442536949742,1.0,1.0,0.9995433911868704,0.9515699324123997,0.9986623591513857,0.9982025905163652,0.9993914030738738,0.9991225503900197,0.9061800501539087,0.8886519264758671,0.2721956836719727,0.9991689168511089,0.9991703683659421,0.9869242891118758,0.9992629383094168,0.32488712763076694,0.7206447956497039,0.9925705253330918,0.9925705253330918,0.9843328651407133,0.9871261508402208,0.2553970532167577,-0.176116235687563,0.9878995957478106,0.9913291325295042,0.17858078795289978,-0.22811717177089608,0.9982796229225361,0.998240370626036,0.3941053493245486,-0.32126795880091236,0.9969468530336276,0.9981670653443183,0.8941962069291364,0.25122939747841305,0.9323277769025532,0.9981063399233285,0.9323277769025532,0.9047152283824148,0.5996952667511151,0.9316810715050001,0.9056610266439246,0.7011957122350035,0.3953046790925403,-0.12246612480649748,-0.2138113397902545,0.9181263655783714,0.33627120885539186,0.9628445186247918,0.9567928558372385,0.9732638631762146,0.9947747916171887,-0.05645649228033353,0.8537509667870105,0.8113528021813451,0.8655174467450851,0.8067814538020834,0.7732303467592055,0.8067814538020834,0.7885618538646201,0.7708049308448,0.7672145410302885,0.7708049308448,0.8570202101465599,0.3487188729331701,0.5555092096408765,0.6266025219298846,0.5555092096408765,0.5771331712958614,-0.36292383306947973,0.5439928490089111,-0.6436375345970725,0.47438860302987873,-0.12300255105943649,0.4077693413158269,-0.12300255105943649,-0.15969958691759684,0.8331858459441687,0.8483863804470189,0.8358185369044613,0.7460904463086914,0.26110390078857487,0.8338398816589077,0.8354795958697527,0.8338398816589077,0.7405339505160882,0.7405339505160882,-0.2082534671358434,0.7266639309053703,0.25201777004081705,-0.6688529398858971,-0.6389680581980023,-0.6418679686047881,-0.16069286379768868,0.04277451942017769,0.32833154456258407,-0.0038048969000944836,-0.5343258316279574,0.05815906570226403,-0.8338477525166518,-0.16570244935100653,0.06787575264803083,0.06893366010235284,-0.6212130722766511,-0.5952468425009436,-0.09569331376238747,-0.6050427385207402,-0.8363625351723764,-0.38904857483915595,-0.21524928209014274,-0.38904857483915595,-0.2911917264793437,-0.3688416600558143,-0.3688416600558143,-0.827250037331128,-0.827250037331128,0.35211459732860584,0.5742466213034277,0.4861283182211792,0.7859006784976609,0.7322758661239358,-0.3855775294899299,0.05097378102527816,0.7334642928143339,0.755903891088551,0.7334642928143339,-0.11766013745475243],[0.9926883657823697,0.9828303206949794,0.5491494481805962,0.9942964424809657,0.9973258941306244,0.9926883657823697,0.9999700898057009,0.9995433911868704,0.9995433911868704,1.0,0.9575257140731692,0.9996318065146929,0.9999713244758576,0.9999702363135015,0.9999753679838401,0.8265659166989658,0.7640897374310158,0.17924278428055448,0.999809982101227,0.9998105592736766,0.9894501539726323,0.9999684083154293,0.136032994258726,0.6905501612038519,0.9949553943995695,0.9949553943995695,0.994909390641824,0.9899921697626818,0.10684244108745798,-0.10097636655831833,0.9904073542972706,0.990371324300577,0.016681737618967483,-0.1797849054452879,0.9993729795884866,0.9993304035765556,0.7956445535579368,-0.49809718642379053,0.9989001082395742,0.9993744996238086,0.8085068440299507,0.15552563093384894,0.9992294794675599,0.9992346490494941,0.9992294794675599,0.9069134137385979,0.6154980526425771,0.9309676449984475,0.9081304546732253,0.7236452751982411,0.0073005002229573415,-0.5369988711858054,-0.16288226208996645,0.9224400553443555,0.3030595520106027,0.9627864846498108,0.9621147964958501,0.9801765578425389,0.9949458886295663,0.8776245609187378,0.8659529603226194,0.8942346421415507,0.8747669526085964,0.8926790498555969,0.8933039648414659,0.8926790498555969,0.8001865970013238,0.8413813532207256,0.8429035404466169,0.8413813532207256,0.8664704549719755,0.7718259418898058,0.8526726600214534,0.8539239889934425,0.8526726600214534,0.5895318173095309,0.42606752115107016,0.5576769244257376,-0.6498172457681273,0.5377247868345619,0.5030207295968411,0.502816659512139,0.5030207295968411,-0.11039656765238604,0.8435360095893565,0.8626982493860306,0.8486071029646286,0.8866044359495014,0.197290371924795,0.8485238602343662,0.8505233793117447,0.8485238602343662,0.855386601861029,0.855386601861029,-0.19492528310685353,0.7031529261506524,0.06568215512043497,-0.6715776298240019,-0.6629465428605125,-0.6639972043854523,-0.14949059699163353,0.053592404456545895,-0.1749796238544931,-0.16902454441815698,-0.5639629052608935,-0.382547108088733,-0.8696230414626985,-0.5785290941883515,0.0821440020161369,0.0835760665671913,-0.6112346144695255,-0.5902992619181086,-0.5436969189594724,-0.59005826603361,-0.8065581483322859,-0.6098224476786349,-0.6121381972088591,-0.6098224476786349,-0.276154127052532,-0.358586291556312,-0.358586291556312,-0.7864484862949557,-0.7864484862949557,0.37258565884914135,0.589761255123024,0.8157288605636301,0.8010900267206402,0.7432767359656898,-0.39157691936950995,0.6355692342586601,0.6967014583621443,0.6968576585776094,0.6967014583621443,0.10131943565195527],[0.9758799936670661,0.967716530752209,0.5041329319894308,0.9737907328672264,0.9654551288445444,0.9758799936670661,0.9586128645858751,0.9515699324123997,0.9515699324123997,0.9575257140731692,1.0,0.9401464971932996,0.9586339185009815,0.9586502768213161,0.9583348286352807,0.670154827067286,0.5947470574444488,-0.03575007067827504,0.9632740359288123,0.9632527361076223,0.9587557710906449,0.9587479519286081,0.06673768724475049,0.7322201749557632,0.9602662921062955,0.9602662921062955,0.9604513233331351,0.8782849941856262,0.21652806992342283,-0.08257644904360453,0.9659400155274533,0.9660503045989804,0.1771880664301701,0.09631851512723749,0.9670768139746179,0.9673331579287422,0.8762986487245844,-0.4005193708922108,0.9492239609403373,0.9662272441726574,0.649658354234426,-0.05723024369551094,0.9682494441362386,0.9682169713175659,0.9682494441362386,0.8021519715964921,0.4138487263085272,0.8038797074302955,0.8845252346160151,0.8429375990210567,-0.5326056271778589,-0.6825798213614981,-0.2632494670194405,0.883036412714124,0.004086595745875526,0.9142287465984059,0.9142922184895014,0.9343799202860393,0.9642341461060452,0.8813617455632611,0.8808848695868979,0.9020949641256777,0.8842042537779902,0.8952702744524699,0.8959382791496087,0.8952702744524699,0.8348714543094791,0.8168126285271213,0.8186117139939196,0.8168126285271213,0.8779268300742548,0.8943516260716159,0.8763315965343037,0.8769752846576729,0.8763315965343037,0.6775539304399296,0.6035588616177067,0.6783211250685394,-0.3440025602500753,0.6989838244594314,0.7151907026836507,0.7176596526272041,0.7151907026836507,-0.27137930387480946,0.8816295041560289,0.9359378967472487,0.8966802246599681,0.8941263040660526,0.0522318608389716,0.8750958356596754,0.876207856704815,0.8750958356596754,0.8845285931546336,0.8845285931546336,0.037308048845613985,0.38161586342882553,-0.10311025807607191,-0.5996458802753499,-0.42176846146939223,-0.4239159206639181,-0.002817227044026272,0.4148430493699532,0.05401754057498396,-0.12079674707762486,-0.4735036433650244,-0.053126599390397496,-0.8008458188756818,-0.2147733265234726,0.30039342816215764,0.29999223807368414,-0.38945924419367967,-0.4348419444725623,-0.34996997640406896,-0.3590565613258765,-0.670666338367979,-0.3701262572086453,-0.3724434062164506,-0.3701262572086453,-0.08595120843164004,-0.39682025229920376,-0.39682025229920376,-0.539365172632127,-0.539365172632127,0.5358911724357853,0.6559304137935805,0.7539817132358443,0.6817366421252862,0.8221755655159224,-0.4831628355531495,0.3896605788737388,0.5437120949289439,0.5439894449563553,0.5437120949289439,-0.19990619467157072],[0.9860337339052699,0.9846337423538007,0.9960627197096558,0.9897700298085026,0.9963121858504401,0.9860337339052699,0.999669924877384,0.9986623591513857,0.9986623591513857,0.9996318065146929,0.9401464971932996,1.0,0.999668838512352,0.999664696964598,0.999631966238888,0.4899472039214415,0.40295761379844186,-0.46820101021981736,0.9997931797393244,0.9997964641316209,0.9996745877573296,0.9996745442326149,-0.2022636813550063,0.9696848501588743,0.9940995920096298,0.9940995920096298,0.9940794765601214,0.9923199962553227,0.14052241427239714,0.12299909482875322,0.9908778569444815,0.990927629762643,0.9440511099820771,0.08006899355304574,0.9989506481642708,0.998900928667763,0.9987632801409131,0.9993303554567667,0.9993658148693364,0.9989887060472976,0.4440982835548086,-0.47709507064996903,0.9987081323178796,0.9987172805969828,0.9987081323178796,0.9004785761148933,0.45724399752777883,0.9271909952791669,0.9060083289800429,0.7245018587308775,-0.4734157769825244,-0.6255621421029894,0.8007366460908949,0.8274422025677374,-0.33214694232235814,0.9258629147579648,0.926081506187458,0.9666979585346486,0.9929790043593454,0.8875050616150685,0.8952450586676515,0.8698582752657974,0.8711761462710633,0.8770325167599912,0.8777611110347678,0.8770325167599912,0.7421322416921193,0.7054597013178682,0.7078063430415166,0.7054597013178682,0.8944485314974323,0.901364516942606,0.8935031139918318,0.8946883940551258,0.8935031139918318,0.445440764572444,0.37734461154586774,0.4904097936494942,0.599244347179355,0.492151247131479,0.5247457659633338,0.5268808407000967,0.5247457659633338,-0.3772565045723912,0.8271610126300603,0.8668839171289889,0.8515403745078199,0.8946747424973163,-0.2685297530185351,0.8216486950792539,0.8220665309973224,0.8216486950792539,0.8330357823591125,0.8330357823591125,-0.2487623354091776,0.6948566786818767,-0.3808823416208997,-0.7644670331803056,-0.5367157054522825,-0.5392298600387713,-0.3946937155858801,0.20447648192585535,-0.28785217233888183,-0.49506571309425695,-0.7169481374077745,-0.37522565427915694,-0.6017626769377685,-0.4430763382265842,0.07698430906749716,0.07413972286548502,-0.5586438430577235,-0.5274254885667956,-0.5476690471092268,-0.5828712478264466,-0.5765078607176035,-0.5509080656774326,-0.5540895229997419,-0.5509080656774326,-0.4199650878298491,-0.6099427084469653,-0.6099427084469653,-0.6112817162133075,-0.6112817162133075,0.36796594680120004,0.340302635174853,0.468419888546409,0.5598690287064251,0.5324396581469136,-0.5656336930672591,0.2961599901808612,0.2928860592764038,0.29304072911377105,0.2928860592764038,0.21786150890609263],[0.9920452981569141,0.983025229503423,0.6193672781377922,0.9934041358555216,0.9971494792703923,0.9920452981569141,0.9999965203139007,0.9982025905163652,0.9982025905163652,0.9999713244758576,0.9586339185009815,0.999668838512352,1.0,0.9999901009235833,0.9999949673842569,0.9083265529912227,0.8922758937475638,0.2939977293674866,0.9998581941176818,0.9998582739983894,0.9896242873118063,0.9999972780603865,0.35064554708461615,0.7199425666473951,0.9906328819533161,0.9906328819533161,0.9862888983059429,0.9901371723448574,0.27315420491512654,-0.16261978835197474,0.9916291048999109,0.9914853670472468,0.1974845207080899,-0.22221298795273314,0.9993350588319437,0.999444330570834,0.4123875267148103,-0.31432188919787984,0.9989713550520865,0.9994043656411896,0.8960093254115082,0.27345680553376595,0.9399867506347033,0.9990797757698285,0.9399867506347033,0.9072151005126499,0.6150057633343357,0.9316276886101988,0.9091089847927152,0.7243286966750924,0.4086955099439658,-0.10699940604351194,-0.2007455099556632,0.926871117226641,0.3568399149944382,0.9676018511640421,0.9621154946488298,0.9784769726485592,0.9957469946171309,-0.046416008373186754,0.8653687970271468,0.8274214525390722,0.8739992450495699,0.821730153983808,0.7854031415199959,0.821730153983808,0.8009435646646674,0.7895461017590166,0.780632512488802,0.7895461017590166,0.8653043568629798,0.3679806565818943,0.5758170572540713,0.6428634584647077,0.5758170572540713,0.5899701102912079,-0.3483043128459952,0.5585647676851637,-0.6358455220749083,0.48209122237048696,-0.10115433926571049,0.42400890487279536,-0.10115433926571049,-0.15309057135214313,0.8430463889757894,0.8629133033862041,0.8483322677338275,0.7606891555922037,0.2787255877592841,0.8431396191112231,0.8445849111321103,0.8431396191112231,0.7579915690311542,0.7579915690311542,-0.19305625868248066,0.7022408108127679,0.2449103614157823,-0.6595260919286049,-0.6261296614555939,-0.6292208580358394,-0.1460276282378264,0.05030822486832812,0.33545214773872717,0.015362307237500395,-0.5217638374521476,0.06767558009209619,-0.8275913702086989,-0.15893836571948086,0.08318919774611927,0.0842390386886757,-0.6095616924664631,-0.5939802753539398,-0.08860665402728615,-0.5882546398965892,-0.836544113718397,-0.3773377387661215,-0.20883299165044042,-0.3773377387661215,-0.2736297369358194,-0.35516877221708715,-0.35516877221708715,-0.8290442811697628,-0.8290442811697628,0.37226329964500104,0.5912354304360193,0.5050312478730287,0.8039022970200931,0.7449190766746476,-0.36378031198845023,0.06526711753016814,0.7527535328994489,0.7717055514219191,0.7527535328994489,-0.13477542210262192],[0.9924771980576549,0.9829516064073066,0.6089360245986297,0.9941426751330926,0.9972281043896462,0.9924771980576549,0.9999863376885896,0.9993914030738738,0.9993914030738738,0.9999702363135015,0.9586502768213161,0.999664696964598,0.9999901009235833,1.0,0.9999873952703073,0.8659302115359943,0.8160467114077641,0.29609749903872673,0.9998812854903139,0.9998818650759179,0.9896157483270346,0.9999872852422325,0.3538376918773395,0.7154924002614682,0.9936512677722876,0.9936512677722876,0.9936129684461174,0.9900396820749837,0.2691829478127277,-0.16304150263652645,0.9917928578517453,0.9918031266525759,0.22185185567596497,-0.22154684810834066,0.9995085034604497,0.999444820713609,0.8379513089202218,-0.40813992464646237,0.9989671554829951,0.9994094411907308,0.8527487771514713,0.27559521247190044,0.9993965877465613,0.999401079186388,0.9993965877465613,0.9071534145545657,0.615159081593092,0.9311423723901571,0.9084244794359744,0.7237947506256841,0.28866548963233357,-0.2786270518365373,0.0933625947434547,0.9267607878709886,0.3576141582678513,0.9643233110391978,0.9621419609346359,0.9769349410802519,0.9959811137707855,0.8857657449395685,0.8643833529401272,0.8995062693889108,0.8738538870849425,0.898602838010642,0.8994702343012492,0.898602838010642,0.7999866078885631,0.8639090639905708,0.8653869746825352,0.8639090639905708,0.8650265264960121,0.7552844851221293,0.8592182410729974,0.8608768605157879,0.8592182410729974,0.5893636716091478,0.43496152120409376,0.55710494083471,-0.6410713309532272,0.48063459295167515,0.4903019729801245,0.4914650054624079,0.4903019729801245,-0.15488445289614008,0.8427765153609219,0.8624661833624087,0.8477495274968162,0.8928867956305325,0.2814625714706282,0.8429783391572134,0.8447453541905912,0.8429783391572134,0.8540854907251879,0.8540854907251879,-0.19348872487316024,0.7016701147921265,0.16490986757717124,-0.6581694997029992,-0.6257623817088288,-0.6287055421879566,-0.14594723982009217,0.04937053075386324,0.11312951329208175,0.017066510123915368,-0.5199440077563269,-0.11871008920822759,-0.8397024834007419,-0.38017410373935223,0.08250274473244897,0.08397524427587277,-0.6096188902955324,-0.5933232322284313,-0.3820430111832078,-0.5880260002505441,-0.8303846454420571,-0.4974588717621059,-0.49311721790620777,-0.4974588717621059,-0.27336806376923384,-0.35532007759407686,-0.35532007759407686,-0.8213176087303967,-0.8213176087303967,0.371980762692162,0.5915586435359701,0.8251384320034345,0.8081392943524883,0.7455933063442909,-0.3631476311595721,0.703760747885654,0.7427991949134432,0.7428787509101403,0.7427991949134432,-0.10269951809039564],[0.9921018881044512,0.9828607965704358,0.6196145513921643,0.9934362827783547,0.9971788336198294,0.9921018881044512,0.9999932591858927,0.9991225503900197,0.9991225503900197,0.9999753679838401,0.9583348286352807,0.999631966238888,0.9999949673842569,0.9999873952703073,1.0,0.9026849553561196,0.8647299070905249,0.2940921098144323,0.9998608435618006,0.9998608291255296,0.9897620674702949,0.9999949117986778,0.3512855811317316,0.7198120574018305,0.9939188220332721,0.9939188220332721,0.9938205828596649,0.9900503037022307,0.273406356691991,-0.16265943962231458,0.9924291177406849,0.9924762260266597,0.198214615325224,-0.22205158649920195,0.9993813936802476,0.9994427082893236,0.4114080373466934,-0.3135276269964302,0.998922353925734,0.9994067937582799,0.8946509430903726,0.27357435500731736,0.9395260496226455,0.9991314801000954,0.9395260496226455,0.9074621893533229,0.6156677132282311,0.9318827687491148,0.9093736187042123,0.7240673507634079,0.41004754801251064,-0.10547369833667879,-0.20095001273399846,0.9272228742637151,0.3570929877211923,0.9679930493857759,0.9624290271765039,0.9787433434255981,0.9957821774746706,-0.04740488283172869,0.8656565675613537,0.8273484395585917,0.874243174358921,0.821693147510209,0.7849856512121796,0.821693147510209,0.8011465501336044,0.78950066391223,0.7810147418264771,0.78950066391223,0.8656322035857481,0.36733043870421717,0.5753401647476162,0.6428837151093508,0.5753401647476162,0.5898434685388025,-0.3494357367340491,0.5585169574603421,-0.6359994448547259,0.48175297527077704,-0.10212127625690971,0.42368042010332674,-0.10212127625690971,-0.15303697031701546,0.8431914105083431,0.8626558400133709,0.8484742618393898,0.7523611191591019,0.27906977420898277,0.8432577546564076,0.8446927252622657,0.8432577546564076,0.7578159622125146,0.7578159622125146,-0.19445860270185444,0.7030019446791216,0.24539265216561135,-0.6595343673286518,-0.6264857982582377,-0.6295811578550022,-0.14714268835339073,0.04914079814210026,0.3357542254814757,0.014930343059514142,-0.5220111191988945,0.06775389205383552,-0.8267818150638954,-0.15878408577133646,0.08223440715834529,0.083280204143905,-0.6101506269615362,-0.5941925712890221,-0.0880449949083072,-0.5894312144770338,-0.8365390325789563,-0.37727716744715734,-0.20829248439297823,-0.37727716744715734,-0.2745343470271098,-0.3556219524918688,-0.3556219524918688,-0.8293743509722413,-0.8293743509722413,0.3724023436819297,0.5908805005110083,0.5045226893703589,0.8043245904871208,0.7443388788606689,-0.3633430497639233,0.0646209953743344,0.753144881627628,0.772299241225675,0.753144881627628,-0.13446484766978542],[0.8602948483865507,0.41163061593666656,0.4739604517358628,0.8597182475617657,0.8002660113289141,0.8602948483865507,0.9083755890910041,0.9061800501539087,0.9061800501539087,0.8265659166989658,0.670154827067286,0.4899472039214415,0.9083265529912227,0.8659302115359943,0.9026849553561196,1.0,0.9950033931701961,0.4073599798341883,0.8904379639273012,0.8904324238080363,0.8437633876704437,0.9020467465076272,0.32685150617942416,0.5117963933879798,0.8936714106727476,0.8936714106727476,0.8817072061647103,0.1134381069223357,0.19004634141314677,-0.19011861592105847,0.9205654957864424,0.9189836170114329,0.15096387007229642,-0.2569197542434773,0.9059768027854282,0.8416212435409278,0.30478389251842175,-0.31980950925918694,0.5045162094432046,0.8210271517822489,0.9984422282262916,0.38912604195839123,0.833769329289895,0.9057890443035881,0.833769329289895,0.4686984983676582,0.5790830411323246,0.11852957038570625,0.10446129905792831,0.3249199034898449,0.4086340286962078,-0.0654815402715372,-0.2099726566568071,0.815522959447921,0.4049020311079662,0.8972352849567533,0.8288569864542706,0.881913013400386,0.896572485212472,-0.09483857348070583,0.41930860234800094,0.6907685462057448,0.6289061825080924,0.6828585474733037,0.7027