var element=document.getElementById("correlationClose");if(element.style.display!='none'){var correlationClose={"data":[{"type":"heatmap","z":[[1.0,0.9999899231441612,0.6932624136130097,0.9997487173296971,0.9981698988538471,1.0,0.9928779416082661,0.9896669113129863,0.9896669113129863,0.9934144602973025,0.9777733361252754,0.9875051513615914,0.9929108129278373,0.9932775952745853,0.9929551974157065,0.7312754468489087,0.6456081958889897,0.2510342463754293,0.9936853224192999,0.9936861340208738,0.9858126954456141,0.9929106259947525,0.3769375868615086,0.7616717396830605,0.9832254438582175,0.9832254438582175,0.9832063185053251,0.9768934295567646,0.29884196415735137,-0.14644457953520856,0.9894402798013165,0.9894016014254401,0.2497425393985681,-0.22338099376934173,0.9949081090152161,0.9953109676779593,0.8592289203532497,-0.34976040523461227,0.9908691882112374,0.995331895925205,0.7111421770319906,0.23148879217860927,0.9950281221755137,0.9950280177929273,0.9950281221755137,0.9040964818751542,0.6554017218534359,0.9250953654390243,0.9287549096713118,0.847496678775544,0.379394609089501,-0.18508640752754268,0.22089864526736822,0.9512916307091891,0.36913651993289276,0.9755088360391224,0.9720857086856941,0.9814541208530487,0.9896498092914269,0.9361013541882132,0.9448554279677045,0.9486441072550805,0.9364882810093049,0.9459401746932211,0.9466290396637146,0.9459401746932211,0.8958271923714042,0.9272975477744806,0.928227667892964,0.9272975477744806,0.9305758796789703,0.8062534270334765,0.9039645814682913,0.9052964763743386,0.9039645814682913,0.728966070547526,0.41454806237113484,0.717061533376618,-0.5335987334538392,0.6224459425322063,0.6369821986853518,0.6379018924863986,0.6369821986853518,-0.08642246482735515,0.918658792714778,0.9483333369600927,0.93417974275609,0.9375717091622956,0.24729805488495163,0.9134823895447208,0.9142026010261524,0.9134823895447208,0.9173806206716963,0.9173806206716963,-0.0925386064941468,0.6018978657497899,0.14537496105467881,-0.7026356594044312,-0.5977018330505229,-0.60137791476093,-0.15131201370129174,0.14531079956828075,0.1962091466470824,-0.017119352544005748,-0.5787082970723622,-0.034275305804592045,-0.79798904441071,-0.30360933219197256,0.1699184530057913,0.171763147399761,-0.5790765627372652,-0.5734800751264049,-0.29050169243701424,-0.5216727553794587,-0.8134421159945187,-0.41761169177349045,-0.41051213927192365,-0.41761169177349045,-0.24069299016648793,-0.36088514720051273,-0.36088514720051273,-0.8015921751714207,-0.8015921751714207,0.43312070299113414,0.6292935329426786,0.8506442971346865,0.8408147119044919,0.7547397702405099,-0.3440705176661381,0.7466666916182096,0.774355845719406,0.7744392394407895,0.774355845719406,-0.16924310146714244],[0.9999899231441612,1.0,0.9824906327605406,0.9995293351273659,0.9961397721078639,0.9999899231441612,0.9855386283056297,0.9805737057042886,0.9805737057042886,0.9854466203507374,0.9739255733862977,0.9864035527155018,0.9855706376019081,0.9855243363753914,0.985424536195675,0.06483602488380925,-0.027849361341183338,-0.4601713663130736,0.9886595801561382,0.9886565710206555,0.9856149852648654,0.9856191773178786,-0.1896478426805544,0.9808369215712157,0.9809719428992255,0.9809719428992255,0.9809983906550975,0.9771018037641932,0.06681586799058047,0.09161870448953321,0.98312112916082,0.983156184228514,0.7390930153602973,0.051457330244992376,0.9909832199532332,0.9910017282966299,0.9915053098348764,0.9865356774219621,0.9900330638630188,0.9910148433855707,0.016260533510303404,-0.46459619162804267,0.9915657400182157,0.9915645007907357,0.9915657400182157,0.9040880673799827,0.5031391602425536,0.925420920793349,0.9289024691856562,0.8470279581738163,-0.25325494822367683,-0.47729733544022945,0.8512066571703886,0.8938157488221616,-0.26032598894635983,0.9428834828228158,0.9430149998978495,0.9631388966514696,0.9788087414377793,0.9561312216347196,0.9613227112538113,0.9474507733772183,0.9491271488493361,0.9505010694999754,0.9508733824966299,0.9505010694999754,0.8738170461716356,0.8494347150355946,0.8507699895691704,0.8494347150355946,0.9582194716073975,0.9609996846958357,0.9581495649674456,0.9588322296264634,0.9581495649674456,0.6705707775091826,0.6251959670147976,0.7052394974879542,0.7686267899065055,0.685317998506581,0.7067916404805479,0.7078582198152725,0.7067916404805479,-0.12007385547722017,0.9254528030669488,0.9446225581968476,0.9382285988204386,0.9607078271708189,-0.31887940213784216,0.9222736054727146,0.9224134743877269,0.9222736054727146,0.9281273700224991,0.9281273700224991,-0.17679082841480204,0.6025410463265578,-0.371506822665648,-0.7941124776380002,-0.4641212845748315,-0.46813846273373405,-0.3939171449977761,0.2855536661327206,-0.2680049384556808,-0.5086742668153545,-0.7479138140427061,-0.365968272820976,-0.47380670166345157,-0.4304471769983896,0.13903358873228225,0.13655269080524454,-0.48994109013518916,-0.4579172697062593,-0.4862688894500243,-0.5180044606055237,-0.5098916827669565,-0.4887244570965206,-0.4920735601109585,-0.4887244570965206,-0.3781481296467935,-0.5468081123469073,-0.5468081123469073,-0.5127858174832198,-0.5127858174832198,0.43305959209152783,0.3666909097635963,0.5004457332691177,0.6160862287002972,0.5248644744514485,-0.4448423613787614,0.3855677151668596,0.31161870196289027,0.3118290918666788,0.31161870196289027,0.19631968575143194],[0.6932624136130097,0.9824906327605406,1.0,0.6905451966090306,0.6313833437545766,0.6932624136130097,0.6726609205391826,0.6656675601343558,0.6656675601343558,0.6247209884224701,0.5914599702575785,0.9948677057137846,0.6726751639831716,0.6691687815465034,0.6728068610149782,0.38858838765281634,0.3483366628953992,-0.2259980168099756,0.6378165463410896,0.6378118945160838,0.6065528193324913,0.6723765414942979,0.16078181658889465,0.8070841746118953,0.6539329027487032,0.6539329027487032,0.6537092099287493,0.9886642793186481,0.2748782247427001,0.0889084901136637,0.6299559060525929,0.6295916265085939,0.6261680858522953,-0.055347956203143596,0.6682483558938364,0.6173447414428092,0.6319414636087142,0.2874386298181836,0.9933264220720084,0.6146797210460517,0.3730305421404271,-0.2354867219007204,0.685120836111954,0.6668506620878858,0.685120836111954,0.9012481863914236,0.417106915562762,0.9389392132502102,0.9192879605823385,0.7563181520760773,0.2290060541561778,-0.07689152875137586,0.053081495887925725,0.564708928747396,-0.0839516507282749,0.6139073691208672,0.5895141903599558,0.6075512034374368,0.5716703957396716,0.023743128985109774,0.8163608067557058,0.7520917843673741,0.6764970403238278,0.7576577482411595,0.7771933159869678,0.7576577482411595,0.5767950356368428,0.6737374437406014,0.7193134579890317,0.6737374437406014,0.7273686318314515,0.6930808777228019,0.7448625337889597,0.7842026412642168,0.7448625337889597,0.46958168815760487,-0.0847884838586455,0.48353456158510205,0.08917872138868668,0.4560410362905421,0.2666844239367168,0.519213665743333,0.2666844239367168,-0.1381882266612834,0.6536276918321003,0.8949562091016812,0.7183983705534991,0.7859258542878791,-0.08425978105806124,0.6878501887292859,0.688408148312515,0.6878501887292859,0.741878990038092,0.741878990038092,-0.19176745062777303,0.7064307205386315,-0.17908561929347072,-0.7201406664717276,-0.45404066282084576,-0.4576399136601064,-0.43512084601729034,0.12119752558043041,0.019693367219327945,-0.35268834958982764,-0.7002586882899114,-0.1806969016158504,-0.3389127622391048,-0.2884854209157506,0.05540001366287109,0.05444294593882461,-0.5001594255156518,-0.08047637162577967,-0.27121074691828995,-0.5199676939100478,-0.2243438338999312,-0.418196413897533,-0.3015914490440279,-0.418196413897533,-0.4304744138402862,-0.5546099611563595,-0.5546099611563595,-0.3210172360957559,-0.3210172360957559,0.3817250689464877,0.21333970095822813,0.29701483881588003,0.5336113970846703,0.3055416636908757,-0.396256560114521,-0.004361986342698947,0.46247291933820855,0.5602461103340506,0.46247291933820855,0.005593049847108078],[0.9997487173296971,0.9995293351273659,0.6905451966090306,1.0,0.9989867413747021,0.999748717329697,0.9940069989685911,0.9912235311661549,0.9912235311661549,0.9947462137198709,0.9760906003795843,0.9904584364503606,0.994030256005221,0.9946636648723611,0.9940525277680788,0.7304378426889525,0.6443314052706076,0.23673948219788635,0.9946399421705412,0.9946410648395839,0.985868152317612,0.994021152708208,0.3684388458330678,0.7658121607481172,0.985555256639259,0.985555256639259,0.985535366385226,0.982413332356986,0.2945598363714037,-0.15236713476376756,0.9887174583250934,0.9886863006466957,0.24189401219368922,-0.22371264598856333,0.9953539044980118,0.9959548917536304,0.8281418923165014,-0.353917278434477,0.9929968231926359,0.9961812096021555,0.709689348173035,0.21692682365747668,0.9935082544874426,0.9953892758014251,0.9935082544874426,0.9020630801044459,0.6438066443693069,0.9280073823859204,0.9258919047712044,0.8325266520576383,0.374851020052461,-0.18958372489044759,0.21600938310298146,0.9463161759387122,0.35395372997646174,0.9712514222006604,0.9693940584367863,0.9794117820462607,0.9894622688676828,0.9188178595991282,0.9399047736819701,0.9382752189151344,0.9334899921539384,0.9323725213015345,0.9332834280412785,0.9323725213015345,0.8895746919065113,0.9175549329416577,0.9185812622261,0.9175549329416577,0.927989236802308,0.7565885863447684,0.8719419732678101,0.8733590633789617,0.8719419732678101,0.7226612335089577,0.17158834051190508,0.709312397213861,-0.5382072420002635,0.6186719466761509,0.3736828121103651,0.6108137167929507,0.3736828121103651,-0.09215533675625502,0.914727553847471,0.9429570916925429,0.9283888777298842,0.918507698873479,0.23364289475567582,0.9101892760372039,0.9110354968116929,0.9101892760372039,0.9018429336218636,0.9018429336218636,-0.09680461853247142,0.6196072130242336,0.15033165856195524,-0.7113478924594542,-0.60384652505026,-0.6074508191431361,-0.1623698344377449,0.1412862690844848,0.19001800687121864,-0.029433579419889017,-0.5893375009765769,-0.0398131066627743,-0.8029547315657452,-0.31061885290002483,0.1608785449515668,0.1627871451352296,-0.5849886116596305,-0.5701611757180421,-0.29093419131567383,-0.5308743984589617,-0.8144865646777364,-0.41833998024379404,-0.41178129004203007,-0.41833998024379404,-0.24820781904104147,-0.3693754768171132,-0.3693754768171132,-0.800838168726955,-0.800838168726955,0.4245334823564379,0.6187481786495271,0.8429510533350678,0.8334264548817553,0.7479945400280631,-0.3558178744421798,0.7379863319506365,0.7657347589994675,0.7658230724982902,0.7657347589994675,-0.15472116853792126],[0.9981698988538471,0.9961397721078639,0.6313833437545766,0.9989867413747021,1.0,0.9981698988538471,0.9972960504092387,0.9960137577833765,0.9960137577833765,0.9975103811813123,0.9698879956114461,0.9964790088562704,0.9973120594774285,0.9973842552182879,0.9973341688511409,0.6234221244127935,0.5113176800298563,0.03012476731846065,0.9976909254336928,0.9976922739396147,0.9881167130245034,0.9973022264692857,0.010159203555895634,0.7510010545766642,0.9928999192133893,0.9928999192133893,0.9928614695444739,0.9909346437298033,0.06929690127256602,-0.13634586692940548,0.9874468989126807,0.9873760688634006,-0.051043551326575363,-0.12960514606020493,0.9977610107368632,0.9976839835518784,0.8227639730191849,-0.46859344857990143,0.9976225585169906,0.9980170335541333,0.5897585199704858,0.0060449770957546195,0.9977032816768572,0.9977089680023166,0.9977032816768572,0.9145158185421137,0.6106498383920919,0.9372318496840916,0.925342399002166,0.8110953583671158,-0.06791971162832434,-0.5866590555533558,-0.15929252703178481,0.9372201587483495,0.2089840931782644,0.9685758282041577,0.9686473791575531,0.9823913378085128,0.9900642855202533,0.918087180198014,0.9236676042172411,0.9289305621758016,0.9222172332629367,0.9273253046721426,0.9277891402871412,0.9273253046721426,0.8680955772891895,0.8802665271623502,0.8814634570818066,0.8802665271623502,0.9179402238011712,0.8415439877735167,0.900222223215513,0.9010937204756665,0.900222223215513,0.6877065724197834,0.5852682871978334,0.6785893180820689,-0.5448860204447127,0.6668041905507642,0.6489209422251331,0.649022487843207,0.6489209422251331,-0.1026420296679464,0.8992274845610299,0.9223352311948086,0.9089595614115351,0.9255516860173769,0.0791280085823766,0.898181478524154,0.8992242873092414,0.898181478524154,0.9032346150357008,0.9032346150357008,-0.13351486865551362,0.6635062703055671,0.004997382873386217,-0.7375751956527902,-0.6472239965398596,-0.6481876409915075,-0.1909233398082869,0.164634975157266,-0.1948330511028355,-0.2712252970872969,-0.6524533277358061,-0.39108886517492514,-0.8430321518165568,-0.575910409704739,0.13240307145029667,0.13419496790280117,-0.6086763866387552,-0.5655698470079812,-0.5554279931765481,-0.5664636196118763,-0.769726103181823,-0.6047971254905276,-0.6079809274380081,-0.6047971254905276,-0.28319355292646,-0.39959706955327523,-0.39959706955327523,-0.7397500887459704,-0.7397500887459704,0.4129672577199161,0.6034570514286653,0.8016612049873105,0.7982053916141314,0.7405039523018799,-0.4768438031472489,0.6116354128898511,0.6626233255997285,0.6628403261751411,0.6626233255997285,0.07273204930310957],[1.0,0.9999899231441612,0.6932624136130097,0.999748717329697,0.9981698988538471,1.0,0.9928779416082661,0.9896669113129863,0.9896669113129863,0.9934144602973025,0.9777733361252754,0.9875051513615914,0.9929108129278373,0.9932775952745853,0.9929551974157065,0.7312754468489087,0.6456081958889897,0.2510342463754293,0.9936853224192999,0.9936861340208738,0.9858126954456141,0.9929106259947525,0.3769375868615086,0.7616717396830605,0.9832254438582175,0.9832254438582175,0.9832063185053251,0.9768934295567646,0.29884196415735137,-0.14644457953520856,0.9894402798013165,0.9894016014254401,0.2497425393985681,-0.22338099376934173,0.9949081090152161,0.9953109676779593,0.8592289203532497,-0.34976040523461227,0.9908691882112374,0.995331895925205,0.7111421770319906,0.23148879217860927,0.9950281221755137,0.9950280177929273,0.9950281221755137,0.9040964818751542,0.6554017218534359,0.9250953654390243,0.9287549096713118,0.847496678775544,0.379394609089501,-0.18508640752754268,0.22089864526736822,0.9512916307091891,0.36913651993289276,0.9755088360391224,0.9720857086856941,0.9814541208530487,0.9896498092914269,0.9361013541882132,0.9448554279677045,0.9486441072550805,0.9364882810093049,0.9459401746932211,0.9466290396637146,0.9459401746932211,0.8958271923714042,0.9272975477744806,0.928227667892964,0.9272975477744806,0.9305758796789703,0.8062534270334765,0.9039645814682913,0.9052964763743386,0.9039645814682913,0.728966070547526,0.41454806237113484,0.717061533376618,-0.5335987334538392,0.6224459425322063,0.6369821986853518,0.6379018924863986,0.6369821986853518,-0.08642246482735515,0.918658792714778,0.9483333369600927,0.93417974275609,0.9375717091622956,0.24729805488495163,0.9134823895447208,0.9142026010261524,0.9134823895447208,0.9173806206716963,0.9173806206716963,-0.0925386064941468,0.6018978657497899,0.14537496105467881,-0.7026356594044312,-0.5977018330505229,-0.60137791476093,-0.15131201370129174,0.14531079956828075,0.1962091466470824,-0.017119352544005748,-0.5787082970723622,-0.034275305804592045,-0.79798904441071,-0.30360933219197256,0.1699184530057913,0.171763147399761,-0.5790765627372652,-0.5734800751264049,-0.29050169243701424,-0.5216727553794587,-0.8134421159945187,-0.41761169177349045,-0.41051213927192365,-0.41761169177349045,-0.24069299016648793,-0.36088514720051273,-0.36088514720051273,-0.8015921751714207,-0.8015921751714207,0.43312070299113414,0.6292935329426786,0.8506442971346865,0.8408147119044919,0.7547397702405099,-0.3440705176661381,0.7466666916182096,0.774355845719406,0.7744392394407895,0.774355845719406,-0.16924310146714244],[0.9928779416082661,0.9855386283056297,0.6726609205391826,0.9940069989685911,0.9972960504092387,0.9928779416082661,1.0,0.9976734693048251,0.9976734693048251,0.9999724530063739,0.9648637554520932,0.9997088447262082,0.999996816378814,0.9999879840241428,0.9999938443392326,0.8204452274409337,0.8052626367306451,0.20741452771650196,0.9998711300793292,0.999871642566885,0.9905932669955568,0.9999969702210364,0.2923524463212732,0.7608688581596368,0.9867027728615733,0.9867027728615733,0.9879353432286027,0.9924985650253565,0.2299463043592845,-0.20133621467382923,0.9916646099476236,0.9917092621394368,0.15518757026332083,-0.26541510198939816,0.9993829220396672,0.9995010738405615,0.47001356677115874,-0.2992907133138918,0.9991618484799205,0.9994747218887702,0.7981469396797609,0.1863217697315103,0.9473404109570033,0.9991496303264003,0.9473404109570033,0.9226071739908415,0.6190433334639794,0.9454523382782076,0.9250590974481233,0.779395257706984,0.4162712816022606,-0.126956611913974,-0.18191943931849547,0.9354047817632218,0.3261963230526146,0.9694835512150006,0.9662142472780664,0.9805499600744378,0.9956069730584882,-0.0014179847960557766,0.8877089371608252,0.8505277161596181,0.891511912530167,0.8456450279125651,0.8115624512143939,0.8456450279125651,0.8338554855919584,0.8171144621337684,0.806436251167892,0.8171144621337684,0.8863415171549835,0.4362066063885898,0.6298257117085263,0.6828217440033735,0.6298257117085263,0.6566579095212574,-0.33084934467711674,0.6330114868151394,-0.6046119350515066,0.5530071994104053,-0.06816932741125406,0.48340859386271046,-0.06816932741125406,-0.13264327746323448,0.8653379782456887,0.8875561357430796,0.874043334779381,0.7871951465409894,0.20282749314251916,0.8638914075356181,0.8651348247052322,0.8638914075356181,0.7916958229824951,0.7916958229824951,-0.16848687161829032,0.7035453633762881,0.2256302394229073,-0.7138266191634938,-0.641858254954925,-0.6450496186107624,-0.20008057791571254,0.09286588744053513,0.3125033178266403,-0.05431152770359778,-0.5972463554273213,0.02742639294523053,-0.8295932805193017,-0.20618201182166163,0.09923637716493526,0.10119738803243646,-0.6251896547321335,-0.5835981992207008,-0.12506802998537164,-0.5996850477187113,-0.8305446934375722,-0.4085729499323573,-0.2455592016029921,-0.4085729499323573,-0.3119142976657077,-0.4061926187538284,-0.4061926187538284,-0.8225324650806902,-0.8225324650806902,0.4118416001838114,0.5900225547543274,0.514397436311204,0.8060544165337801,0.7382855821989819,-0.4014843263827143,0.07488081451016661,0.7447051428407327,0.7634736480286692,0.7447051428407327,-0.09400750324021133],[0.9896669113129863,0.9805737057042886,0.6656675601343558,0.9912235311661549,0.9960137577833765,0.9896669113129863,0.9976734693048251,1.0,1.0,0.9996033749447713,0.9589069543235441,0.9988637426787743,0.9983861306629432,0.9994471453626822,0.9992179233965186,0.817072828168035,0.7926847775035787,0.18592468910411647,0.9992448795869516,0.9992478244604648,0.9881435315909838,0.9993430336051075,0.2675150443945383,0.762790742068086,0.9933270640866373,0.9933270640866373,0.9862643107413356,0.990219462793801,0.21273780387772548,-0.21413305724013434,0.9880353755727835,0.9914549944779214,0.1369940753154551,-0.2712617291667433,0.9984144141771452,0.9984210586502709,0.4542156322862008,-0.30516533381317523,0.997520095863717,0.9983930311460071,0.794892766692961,0.16448264308093286,0.940729801719421,0.9982472175522044,0.940729801719421,0.920621791552096,0.6047580877026658,0.9462198927437849,0.9238567721244901,0.761588456312252,0.40395217186954735,-0.14112562288896313,-0.19342270947103343,0.9278250345291131,0.3064018576318268,0.9651085905928002,0.961538819996173,0.9759439218656535,0.9945640457775927,-0.009944574839203768,0.8796063180252911,0.8378465929452265,0.8853097319487075,0.8340064115338258,0.8011367987204088,0.8340064115338258,0.8244538896391491,0.8019934486416851,0.7949680825711047,0.8019934486416851,0.8802970528325729,0.4198095049807739,0.6129036369891384,0.668777522810343,0.6129036369891384,0.6471260241162562,-0.3440004994827443,0.6219066545471152,-0.6105876644964352,0.5473830080420274,-0.0881009590334713,0.4696972592289609,-0.0881009590334713,-0.13838769708033613,0.8582071949438383,0.87776357623082,0.8651028375569702,0.7744331363637169,0.1852729648890045,0.8573207513558105,0.85874925203846,0.8573207513558105,0.7778615006654778,0.7778615006654778,-0.18182632923989184,0.7237921444582922,0.23179564101112143,-0.7227031413374801,-0.6532158099918132,-0.6562544478684639,-0.2139126322318786,0.08636449329157699,0.30541446251998533,-0.07289903455927021,-0.6090545837808928,0.018191766440377094,-0.8344544254052055,-0.21266478525990706,0.08533374214955361,0.08733627268603315,-0.6355187958100625,-0.5841568883496279,-0.13182958250609023,-0.6143288541957594,-0.8294361830193371,-0.4193084577553306,-0.2516483785452759,-0.4193084577553306,-0.3277221181386197,-0.4186623630278621,-0.4186623630278621,-0.8199368012616493,-0.8199368012616493,0.39553647321757907,0.5743928592735656,0.496850177143435,0.7892441960816947,0.7264735996986704,-0.42134406347825304,0.061849011835001105,0.7263805100899512,0.7482405475613719,0.7263805100899512,-0.07725959806163753],[0.9896669113129863,0.9805737057042886,0.6656675601343558,0.9912235311661549,0.9960137577833765,0.9896669113129863,0.9976734693048251,1.0,1.0,0.9996033749447713,0.9589069543235441,0.9988637426787743,0.9983861306629432,0.9994471453626822,0.9992179233965186,0.817072828168035,0.7926847775035787,0.18592468910411647,0.9992448795869516,0.9992478244604648,0.9881435315909838,0.9993430336051075,0.2675150443945383,0.762790742068086,0.9933270640866373,0.9933270640866373,0.9862643107413356,0.990219462793801,0.21273780387772548,-0.21413305724013434,0.9880353755727835,0.9914549944779214,0.1369940753154551,-0.2712617291667433,0.9984144141771452,0.9984210586502709,0.4542156322862008,-0.30516533381317523,0.997520095863717,0.9983930311460071,0.794892766692961,0.16448264308093286,0.940729801719421,0.9982472175522044,0.940729801719421,0.920621791552096,0.6047580877026658,0.9462198927437849,0.9238567721244901,0.761588456312252,0.40395217186954735,-0.14112562288896313,-0.19342270947103343,0.9278250345291131,0.3064018576318268,0.9651085905928002,0.961538819996173,0.9759439218656535,0.9945640457775927,-0.009944574839203768,0.8796063180252911,0.8378465929452265,0.8853097319487075,0.8340064115338258,0.8011367987204088,0.8340064115338258,0.8244538896391491,0.8019934486416851,0.7949680825711047,0.8019934486416851,0.8802970528325729,0.4198095049807739,0.6129036369891384,0.668777522810343,0.6129036369891384,0.6471260241162562,-0.3440004994827443,0.6219066545471152,-0.6105876644964352,0.5473830080420274,-0.0881009590334713,0.4696972592289609,-0.0881009590334713,-0.13838769708033613,0.8582071949438383,0.87776357623082,0.8651028375569702,0.7744331363637169,0.1852729648890045,0.8573207513558105,0.85874925203846,0.8573207513558105,0.7778615006654778,0.7778615006654778,-0.18182632923989184,0.7237921444582922,0.23179564101112143,-0.7227031413374801,-0.6532158099918132,-0.6562544478684639,-0.2139126322318786,0.08636449329157699,0.30541446251998533,-0.07289903455927021,-0.6090545837808928,0.018191766440377094,-0.8344544254052055,-0.21266478525990706,0.08533374214955361,0.08733627268603315,-0.6355187958100625,-0.5841568883496279,-0.13182958250609023,-0.6143288541957594,-0.8294361830193371,-0.4193084577553306,-0.2516483785452759,-0.4193084577553306,-0.3277221181386197,-0.4186623630278621,-0.4186623630278621,-0.8199368012616493,-0.8199368012616493,0.39553647321757907,0.5743928592735656,0.496850177143435,0.7892441960816947,0.7264735996986704,-0.42134406347825304,0.061849011835001105,0.7263805100899512,0.7482405475613719,0.7263805100899512,-0.07725959806163753],[0.9934144602973025,0.9854466203507374,0.6247209884224701,0.9947462137198709,0.9975103811813123,0.9934144602973025,0.9999724530063739,0.9996033749447713,0.9996033749447713,1.0,0.9639273896913733,0.999674847124928,0.9999734028272265,0.9999725915272512,0.999976405028328,0.6706226716147498,0.5624310305772373,0.08648874658392953,0.9998293015829542,0.9998301880872609,0.9905207821310095,0.9999708856998525,0.06536660847994925,0.7411612156549106,0.9956585358472053,0.9956585358472053,0.995619012684814,0.9924108404984151,0.057139252840489284,-0.14505918679095983,0.9910517446985418,0.9910099763383059,-0.03019604421290946,-0.2276686716690515,0.9994385017978406,0.9993977141524321,0.826505650367718,-0.4682044753557504,0.9991035449143015,0.9994474674771414,0.6387505324674168,0.06261718181849817,0.9993127258131609,0.9993180030243091,0.9993127258131609,0.9225145114411211,0.6194464309866884,0.9453826953458896,0.9248633473708967,0.7789736866168457,0.02945029688805381,-0.5419929397759445,-0.11771389547583348,0.9320426272005374,0.2711305837660287,0.9666139213767788,0.966218002573991,0.9827094401855004,0.9949234331520915,0.8942488800059912,0.888797270414971,0.9061135644707288,0.8927726252111506,0.9044606379480185,0.9050201043431098,0.9044606379480185,0.8340439245221093,0.8622671005407061,0.8635240626523552,0.8622671005407061,0.8879656294415963,0.8075923923129742,0.8739139392866448,0.8749253028787441,0.8739139392866448,0.6566915863812133,0.5194083502393944,0.6334719492620722,-0.6025557344158061,0.6047517811026766,0.5756276063530841,0.5755655416857726,0.5756276063530841,-0.08628810991206096,0.8664639100843158,0.8876404196781249,0.8746159003476202,0.9022379970578611,0.11649151743786536,0.8692039849070266,0.8708129849688244,0.8692039849070266,0.8743876589500162,0.8743876589500162,-0.17001649954470524,0.7042844569213276,0.0322260990793084,-0.7258087072402248,-0.6743365891305694,-0.6757551028224514,-0.20352669867243123,0.09690764717401147,-0.19940602544108327,-0.23753632374452868,-0.635152416062482,-0.4171531205886121,-0.8631070071148578,-0.6089783716801679,0.0987914833006675,0.10072805695791838,-0.6266055165088691,-0.5796071037597426,-0.5658603131824012,-0.6011530264150088,-0.7960290471702954,-0.6280253794367066,-0.6304164509873298,-0.6280253794367066,-0.3140742207555768,-0.40982644290166725,-0.40982644290166725,-0.7767426082018382,-0.7767426082018382,0.4123137900994684,0.5883803371302785,0.8128523356182465,0.809067288030614,0.7363530550304365,-0.4282352642514326,0.6428528402674182,0.6882514162579656,0.6884418661494129,0.6882514162579656,0.14311924913670757],[0.9777733361252754,0.9739255733862977,0.5914599702575785,0.9760906003795843,0.9698879956114461,0.9777733361252754,0.9648637554520932,0.9589069543235441,0.9589069543235441,0.9639273896913733,1.0,0.9519261415795439,0.9648825892601867,0.9649127170901526,0.9646332632750853,0.4414701975804429,0.3280410572103381,-0.14293642858311864,0.9688020996992036,0.968782834698317,0.9649820487890488,0.9649740027748266,-0.024172206573514328,0.7778008433673982,0.9663162825956777,0.9663162825956777,0.9664736247715972,0.9093724612966075,0.14724151414968517,-0.13273065409559057,0.9710717356184704,0.9711647463582919,0.11491599016957306,0.0027039190267910576,0.972004442967037,0.9722277184840683,0.8959029452968524,-0.34853260106097256,0.9592158639552215,0.971283925137081,0.4032603232015787,-0.16290917497782995,0.972989142833463,0.9729598464357997,0.972989142833463,0.8386740376639629,0.4253225027688823,0.8565256675650569,0.9122787688573344,0.8738129783037389,-0.4834833719205714,-0.6726421048702594,-0.19579411230631916,0.9009545855926745,-0.038490970192764394,0.9271386915199227,0.9271958736105788,0.9430705818969101,0.9694602182499071,0.895256059173446,0.8972364532527308,0.9079289710215698,0.8981887853475647,0.9014995198886087,0.9020347013171469,0.9014995198886087,0.858043075744969,0.8364792621270929,0.8377990593391179,0.8364792621270929,0.8943270721492341,0.9072062779209581,0.8924227152393305,0.8928647716838919,0.8924227152393305,0.7317279940863326,0.6711348952461622,0.7325191929153808,-0.26429578483773525,0.7455457620942433,0.7598498766014822,0.7619571957605513,0.7598498766014822,-0.2428098792406633,0.8941910128118663,0.9409799079081177,0.9071303999343673,0.9068115007644554,-0.04068189549495083,0.8886004346734673,0.8893598789240259,0.8886004346734673,0.8955036237222862,0.8955036237222862,0.03871361298277692,0.43341132963660045,-0.13885753795858735,-0.6682710795840172,-0.44605360730235855,-0.44865429019239156,-0.0763023912958508,0.43485246136196165,0.009011796432606096,-0.20392552608261383,-0.561529664130288,-0.1161227526199345,-0.7913616994052003,-0.2810692426998038,0.298720945417857,0.2988675843372235,-0.417629658933495,-0.4320567367770848,-0.3842589316165479,-0.39576023816218775,-0.6575076216047474,-0.4036388546192857,-0.40606143485941665,-0.4036388546192857,-0.14185708396406,-0.4510258907265853,-0.4510258907265853,-0.5424427457100975,-0.5424427457100975,0.5466283703575741,0.6473329651986841,0.7529494667204948,0.7047549309652902,0.8107407927677053,-0.5146336430038331,0.41553816897685014,0.5337229536230327,0.5340706729423665,0.5337229536230327,-0.12634870131175538],[0.9875051513615914,0.9864035527155018,0.9948677057137846,0.9904584364503606,0.9964790088562704,0.9875051513615914,0.9997088447262082,0.9988637426787743,0.9988637426787743,0.999674847124928,0.9519261415795439,1.0,0.9997088716614119,0.9997062567831408,0.9996812944489963,0.1785247519538267,0.07540957044845614,-0.5331976370349983,0.9998193117687079,0.9998210798577684,0.9997123051846146,0.9997111969643843,-0.27941944964828647,0.9745270369817435,0.9952096058931365,0.9952096058931365,0.9951921507838141,0.9941736044164632,0.06090713429086366,0.05491821564427693,0.9924643806510108,0.992508789808705,0.7907784680311397,-0.030027507390979254,0.9991386507857305,0.9991005682041169,0.9989872741103552,0.9994447630315293,0.9994824907904278,0.9991750357658293,0.12328903132103523,-0.5407891789341643,0.998941311728638,0.9989477200778036,0.998941311728638,0.9173763560980625,0.4619790687140341,0.9412210402494963,0.9212079385220402,0.7789992514883121,-0.37752511016776324,-0.5916529977069315,0.8317660055874098,0.860463419709125,-0.34685730043713403,0.938646718129493,0.9388385724045379,0.9716972754840193,0.9941068626104322,0.9073900182883806,0.9126534059302922,0.8908657650572372,0.8952617586399884,0.8954141769146412,0.8959329199000152,0.8954141769146412,0.7959297809002782,0.7657746095925093,0.7674392152792797,0.7657746095925093,0.9142983944379596,0.9196797580346866,0.9131655112143123,0.9140086537213663,0.9131655112143123,0.56911927796474,0.5147424133553964,0.6031249385823924,0.6827295124339554,0.5905826077978139,0.6173936855058543,0.6194919136139733,0.6173936855058543,-0.2951636085410894,0.8605436670766862,0.8894644016639005,0.8789095607538385,0.9138357470355849,-0.34226165796586683,0.8564077816583383,0.8566080076200263,0.8564077816583383,0.8644742991097755,0.8644742991097755,-0.22143758159825086,0.698115580948762,-0.3934176454195784,-0.8102232845187112,-0.5369386404717813,-0.5400063229061646,-0.43520097946612374,0.23961357156555915,-0.3064517397443137,-0.5404801658298153,-0.7696172918386208,-0.4089731245892026,-0.5896812789715207,-0.4835569849921997,0.0903516351739276,0.08832121200960412,-0.5587236075123623,-0.5317644790916056,-0.5529742748971558,-0.5890484664396046,-0.5822917846895047,-0.556486885873927,-0.5596534572248528,-0.556486885873927,-0.4450249714333035,-0.6345131649657676,-0.6345131649657676,-0.6247015739246622,-0.6247015739246622,0.4083385484819294,0.3402665612482619,0.47946162851718027,0.5902481339832434,0.5275197295068674,-0.5761981969944158,0.3268937996561455,0.28676702080523003,0.28701831912060977,0.28676702080523003,0.2699834941582202],[0.9929108129278373,0.9855706376019081,0.6726751639831716,0.994030256005221,0.9973120594774285,0.9929108129278373,0.999996816378814,0.9983861306629432,0.9983861306629432,0.9999734028272265,0.9648825892601867,0.9997088716614119,1.0,0.9999912563916246,0.9999954182526598,0.8204388774502719,0.7923831137130618,0.20746636980102146,0.9998724550211372,0.9998729201396807,0.9906245316295239,0.9999975376341661,0.2926458967171325,0.7609191914135708,0.9915755864411399,0.9915755864411399,0.9879269223777182,0.9924869094963158,0.230189163919517,-0.2012867997117246,0.991713822365215,0.9917186534705306,0.15540539160092212,-0.26538239456803614,0.999384520716263,0.999503883778788,0.4699885879831841,-0.29909531315789795,0.9991631265550363,0.9994812805361519,0.7981289615067831,0.1863793589084353,0.9473271170819424,0.9991517208064443,0.9473271170819424,0.9226078110492205,0.6191683114432804,0.9455392244334565,0.9251278745245828,0.7794690185759434,0.41662521534218755,-0.1265481021772422,-0.18158321978801323,0.9354626020606502,0.32625537932193976,0.9695623352526873,0.9662612144090182,0.9806253422080601,0.9956205432856313,-0.0012447805685672634,0.8878197280139144,0.8506041712455993,0.8916100497407008,0.8457199438476808,0.811512183275291,0.8457199438476808,0.8339385375765299,0.8171565655800711,0.8063811375047089,0.8171565655800711,0.8864657270029072,0.4360955659246383,0.6298260566362962,0.6827449688063515,0.6298260566362962,0.6566241782742335,-0.33086966565305004,0.6329958498155391,-0.604520361175012,0.5529256466981703,-0.06829048808524969,0.48343640354072437,-0.06829048808524969,-0.1327820593777302,0.8654044800386806,0.8876506363032495,0.8741187242347375,0.7871885254669357,0.20288138142806655,0.8639613620049429,0.8652006336086835,0.8639613620049429,0.7917498149485276,0.7917498149485276,-0.1684278658650479,0.7035686729818408,0.2257388945675883,-0.7138581673829023,-0.6417788171613558,-0.6449748665131574,-0.20015525917525784,0.09275555249049292,0.31266233469618965,-0.05429800134842365,-0.5972975336450236,0.027667211280187714,-0.8293606887594771,-0.20591511118658865,0.09930443429325897,0.1012788018575242,-0.6251722351691936,-0.5834102980410912,-0.12484164188217677,-0.5996498694633146,-0.8304503880409156,-0.40836974714211544,-0.24537276089643967,-0.40836974714211544,-0.3117592520156643,-0.40615985432429114,-0.40615985432429114,-0.8224860863641563,-0.8224860863641563,0.4122691821930915,0.590137674968074,0.5146229735110438,0.806285038967392,0.738341143308984,-0.4012963983079108,0.07514098391699646,0.744937623638218,0.7635808132697013,0.744937623638218,-0.09403968759943569],[0.9932775952745853,0.9855243363753914,0.6691687815465034,0.9946636648723611,0.9973842552182879,0.9932775952745853,0.9999879840241428,0.9994471453626822,0.9994471453626822,0.9999725915272512,0.9649127170901526,0.9997062567831408,0.9999912563916246,1.0,0.9999888706423298,0.7395660370684692,0.6488061066561777,0.2082528612902812,0.9998949050986011,0.999895586817602,0.9906264169833835,0.9999887481096066,0.2919181777232805,0.7579926040962137,0.9944358554044153,0.9944358554044153,0.9944042354799295,0.9924575249637242,0.22312536546731923,-0.20205702456412464,0.9921426566946173,0.9921456797897619,0.176899037847503,-0.26524365061548094,0.9995548041528781,0.9995043464387661,0.8600885958072934,-0.38592614310016576,0.9991606300471626,0.9994853426801383,0.7152843461744954,0.18719109162894604,0.9994546150627059,0.9994592360293085,0.9994546150627059,0.9226870777863839,0.6192725211964999,0.9455212961868983,0.9250877297674138,0.7791874454124302,0.29789448986002054,-0.29508367091174903,0.12318895456434516,0.9354597607305629,0.3264847723210098,0.9670095805174841,0.9662830256089665,0.9793460288434102,0.995848777096781,0.9005221834501861,0.8874000986821827,0.9111955846489096,0.8917767477468264,0.9099996126367553,0.9107675353061319,0.9099996126367553,0.8336384349646313,0.880411443644744,0.8816684208896733,0.880411443644744,0.8865649033230601,0.790966669552423,0.8780655853488888,0.8794541360602643,0.8780655853488888,0.6562760852672617,0.5142528711739565,0.6327064787480583,-0.6043551998723439,0.5525012084182354,0.5521237359695805,0.5530680706151045,0.5521237359695805,-0.13439126506159227,0.8655433782196464,0.8873612318123868,0.8737019895735615,0.9068513993774844,0.20416898997663147,0.8641480400893602,0.8653820973871487,0.8641480400893602,0.8731303108309216,0.8731303108309216,-0.16874496444004794,0.702959668727837,0.13158374590835756,-0.713508915196006,-0.6414397443828214,-0.6446321551325346,-0.20016349393627628,0.0923602484532695,0.0851253664798258,-0.05362901422478963,-0.5968472359519851,-0.16110564050996304,-0.8395159099774878,-0.4228487045421281,0.09908782471775404,0.10106076948208563,-0.6252145170701682,-0.5825791860599442,-0.4140644065415761,-0.5994289049259917,-0.8230832701283319,-0.5244662255385786,-0.5205171421118477,-0.5244662255385786,-0.31151766113351875,-0.40681053525636945,-0.40681053525636945,-0.8138705726527675,-0.8138705726527675,0.41184750834016043,0.5901842369335446,0.8195186899837719,0.8098013496258546,0.7386599656542379,-0.4012530300693378,0.7019796898418313,0.7322533983325152,0.7323550232604528,0.7322533983325152,-0.061196199772383796],[0.9929551974157065,0.985424536195675,0.6728068610149782,0.9940525277680788,0.9973341688511409,0.9929551974157065,0.9999938443392326,0.9992179233965186,0.9992179233965186,0.999976405028328,0.9646332632750853,0.9996812944489963,0.9999954182526598,0.9999888706423298,1.0,0.8097676471143965,0.7387259149934959,0.20761926827958138,0.9998753801195853,0.9998757332913226,0.9907493324737718,0.9999953086571539,0.29331074471442314,0.7607601435059967,0.9945994124296791,0.9945994124296791,0.9945144036975976,0.9924227868000933,0.2304771430585671,-0.20130444536336115,0.992618848512407,0.9926590207877112,0.15613367510166984,-0.2652130898598678,0.9994284895199851,0.9995036209236278,0.46906366154061313,-0.2983900052376822,0.9991255156630342,0.9994838116275604,0.7953419734862901,0.1865528819261535,0.9469125394384593,0.9992006179346983,0.9469125394384593,0.9228298376090639,0.6197969032151311,0.945650823589585,0.9252074051224298,0.7792245184259288,0.4179073279157538,-0.12511079539905148,-0.18180973590451224,0.935773747122843,0.3265248582274548,0.9699282817685949,0.9665398184300803,0.9808661360550556,0.9956625554828585,-0.002215364380257346,0.8880426993792222,0.8505059392639801,0.891798133139878,0.8456509857841261,0.8110874192172306,0.8456509857841261,0.8341065330825667,0.8170757270070457,0.8066924935608578,0.8170757270070457,0.8867280603567989,0.43545409703936594,0.6293612419068053,0.6827290211047498,0.6293612419068053,0.6564914349858487,-0.3319695971077809,0.6329438426148336,-0.6047229621505001,0.5525963963772741,-0.06922739770138425,0.48310561708981303,-0.06922739770138425,-0.1327486805337953,0.8655092220351647,0.8874275652604303,0.874234396367981,0.780286815606926,0.2032620152352128,0.8640266631432217,0.8652567851052663,0.8640266631432217,0.7915594550608696,0.7915594550608696,-0.1696968263405577,0.7043187971570714,0.2262163494711301,-0.7138153316483817,-0.6421142443777574,-0.6453145177512527,-0.20115296268632116,0.09165938383177347,0.31298987060856004,-0.054647267041027486,-0.597450166717136,0.027778181136681217,-0.8286490239485762,-0.20573816535677128,0.09842116589932319,0.10039534340289358,-0.625716827581927,-0.5836094018266026,-0.12428855864242826,-0.6006940380132836,-0.8304864681143429,-0.4083043917578118,-0.24484479942253257,-0.4083043917578118,-0.31257705138895314,-0.4065602592202408,-0.4065602592202408,-0.8228307681159513,-0.8228307681159513,0.41243123546747795,0.5898268701458306,0.5141729444852748,0.8067033615890422,0.7378342404142492,-0.4008869412171441,0.07453018710915889,0.7453502408806031,0.7641881325111605,0.7453502408806031,-0.09379055121210388],[0.7312754468489087,0.06483602488380925,0.38858838765281634,0.7304378426889525,0.6234221244127935,0.7312754468489087,0.8204452274409337,0.817072828168035,0.817072828168035,0.6706226716147498,0.4414701975804429,0.1785247519538267,0.8204388774502719,0.7395660370684692,0.8097676471143965,1.0,0.9922500224269141,0.4253889466050462,0.787593871940599,0.7875589642663019,0.7090827797910163,0.8084110833871092,0.33530101887414204,0.37819474333451136,0.802198473638117,0.802198473638117,0.7874187544925052,-0.2183922852771533,0.1972972096891707,-0.15914517131179157,0.8460105105597049,0.8429249757397155,0.16009140718496553,-0.2178895289439608,0.8156944429715345,0.6969641550837103,0.2572998357784216,-0.3171242678908971,0.19349390896012428,0.6624295100749567,0.9983410145677268,0.40830624975086394,0.7412778059841828,0.8153621710052819,0.7412778059841828,0.13896279725291522,0.5265944808454592,-0.28241809111085,-0.30596910881044287,0.021739499928902214,0.39509243073646005,-0.05572679427265911,-0.2107542214852505,0.6841048949457884,0.4000647118656423,0.814538812147582,0.6843268513768209,0.7764015283274494,0.7973903543813106,-0.10553619501880619,0.0988100319159668,0.557275091416627,0.41288890509875303,0.5470108090820