var element=document.getElementById("correlationClose");if(element.style.display!='none'){var correlationClose={"data":[{"type":"heatmap","z":[[1.0,0.9999873363836446,0.6379355200868732,0.9997173616412753,0.9978828986218344,1.0,0.9920691727280474,0.9882573451798716,0.9882573451798716,0.9927525171042072,0.9760618017599502,0.9862033711362734,0.9921090659305501,0.9925388501642268,0.9921645475689047,0.8542730852483363,0.8076145465733983,0.3434060769965846,0.9930434776609081,0.993031039625254,0.9852944641565827,0.9920968801885987,0.4417735214790014,0.7195945687819791,0.9808501276330943,0.9808501276330943,0.9808312471572014,0.973240329763054,0.34736794258481374,-0.10319674408222082,0.989591240819996,0.9895603331719457,0.29748207640779006,-0.17686765790280362,0.9945250097597487,0.9952309739340492,0.8377922696056747,-0.37022681077510416,0.9902152284331457,0.9951752977815588,0.8431089298047536,0.32448777182201866,0.9946853898544971,0.9946748225277757,0.9946853898544971,0.885830425577384,0.6576975709205077,0.8927574486933428,0.9000616580611442,0.8093420787070617,0.375726800124565,-0.16378834043761314,0.19811555810083756,0.945781568047134,0.40520598508513767,0.9749495142856285,0.9699724284484347,0.9799093258130144,0.9897714019072975,0.9265833344177538,0.9321069480885128,0.9422173710769557,0.925055755693895,0.9394774568255956,0.9401452441123538,0.9394774568255956,0.8732759519087848,0.9177962153532199,0.918754981497835,0.9177962153532199,0.9159734208661029,0.7725239218360357,0.8888443283233041,0.8902244157819059,0.8888443283233041,0.6736008796396873,0.3531915432998249,0.6557559779035299,-0.5666395096235042,0.5608622850741486,0.5911604385378485,0.5918818575883594,0.5911604385378485,-0.10527896827106285,0.9041972245028254,0.9363806895149623,0.9193432351270375,0.927953974706491,0.3273212727966595,0.8997739822825492,0.9006539690924152,0.8997739822825492,0.9051214858249683,0.9051214858249683,-0.10936017869511627,0.5907530534011313,0.17988269101609108,-0.6431678393881334,-0.5798862377323658,-0.5834817871146625,-0.09142659575309722,0.10678536897971105,0.22781827978060473,0.05652604690998471,-0.49758369924780216,0.012603825285931746,-0.7960020627807732,-0.25424554423922785,0.16131773122387283,0.16232033840596857,-0.5614209435065113,-0.5880401323689998,-0.25300340968540935,-0.5051510202381457,-0.8213398965979316,-0.38492009378461783,-0.37685356962488936,-0.38492009378461783,-0.19244679971444198,-0.3044106984883272,-0.3044106984883272,-0.8093805577091783,-0.8093805577091783,0.3936110056535839,0.6380111143659947,0.8605955733002368,0.8434660137795457,0.7677649348248563,-0.30240251807379986,0.7534406116565263,0.7891785622528324,0.7894857875394706,0.7891785622528324,-0.2165286113529952],[0.9999873363836446,1.0,0.977075436040793,0.9993901690090145,0.9953480022709379,0.9999873363836445,0.9832106048513224,0.9765830269993501,0.9765830269993501,0.9830730657073578,0.9682061985960944,0.9848312399151511,0.983264984147168,0.9831930279668895,0.9830996860813379,0.39195087611329243,0.31055207189054546,-0.3816665582674804,0.9873924348088222,0.9873739299864253,0.9833132571921613,0.9833069333795753,-0.09561820709688129,0.9762749531213137,0.9782098551913709,0.9782098551913709,0.9782664562596951,0.9734144689759926,0.1584635695655036,0.1777583785215133,0.9799081211571402,0.9799743336010462,0.9255767155136021,0.18496315987219106,0.9901756231507504,0.9902523115315097,0.9908647352882262,0.9845623810522959,0.9891641757052169,0.9904087128666921,0.3464649874217227,-0.3871329991926335,0.9909103069377052,0.9908976343196965,0.9909103069377052,0.8857015659419298,0.5126408894599185,0.8928256390555775,0.8999132542622292,0.8087428760391617,-0.3659410857329883,-0.5154065152689808,0.8260937347201317,0.8672680958677254,-0.23874512169897563,0.9329189562150394,0.9330523621286563,0.9523222707278138,0.9759211721658472,0.9435328726460483,0.9510886805993387,0.9347918145751652,0.9339432159720177,0.9398156016264124,0.9403582066751074,0.9398156016264124,0.8339507159765498,0.8035040139637136,0.8054354026406967,0.8035040139637136,0.9453822014590961,0.9489838221458623,0.9455007994910849,0.9464364322638912,0.9455007994910849,0.5618840217672523,0.5045956585728115,0.6090314585659969,0.7001759627402446,0.6020145398567658,0.6288535699845299,0.6296086266497447,0.6288535699845299,-0.19807642220264082,0.9030438987603642,0.9302192901749892,0.9204375455799704,0.9490974985268533,-0.23949166493560936,0.8987267382091021,0.8990292114874282,0.8987267382091021,0.9071886196409289,0.9071886196409289,-0.20034500542699402,0.5910018870744288,-0.359364031044512,-0.7429352885743371,-0.4621948220202792,-0.4655958687901179,-0.34664898248619797,0.2613729171132784,-0.24338742017423393,-0.45899607959153027,-0.6889079416657881,-0.32593614089539036,-0.4841621044261228,-0.38234654209618507,0.13911546654550522,0.1350326369281289,-0.4891057659600905,-0.4508321922615441,-0.4793267895139864,-0.5102141529160044,-0.5022914291629493,-0.4814551252241246,-0.4848759285164301,-0.4814551252241246,-0.3442434051096172,-0.5145628165956829,-0.5145628165956829,-0.49145769469856376,-0.49145769469856376,0.394412178954459,0.37927243038795433,0.5009631398585624,0.5938397582519778,0.5408473153665877,-0.425348695769415,0.36554247465740564,0.3302456288855349,0.33033913734860154,0.3302456288855349,0.12936504408751018],[0.6379355200868732,0.977075436040793,1.0,0.6339909176667905,0.5546866427121183,0.6379355200868732,0.6219892505131864,0.6128727885576079,0.6128727885576079,0.5531071637415995,0.5087910852699072,0.9960068782832778,0.6220380782477974,0.612046408438897,0.6222690648935039,0.4698232531882348,0.4646055627962858,-0.1720688083856971,0.579299759895513,0.578501325937237,0.5413660090878689,0.6210292513367575,0.22181170138482983,0.761824693231873,0.5978501515360702,0.5978501515360702,0.5976174323674813,0.9877780634235078,0.33585277888113707,0.1686005260229747,0.5809148200645491,0.5805217398594903,0.7306823007899902,0.019643424236194747,0.6185185726490178,0.5483246030824205,0.5909638496813809,0.32020920453992563,0.9937778777110369,0.541803367856082,0.46069410679961736,-0.18030282105667017,0.6351999935836132,0.6165005694499048,0.6351999935836132,0.8831313629789853,0.397447619677713,0.9146837748971178,0.8883813035635726,0.6920531123109105,0.20728509588397484,-0.05063495850090828,0.04934245208111499,0.49228930558304707,-0.0872981071744395,0.5649724219681689,0.5206712697697792,0.5479939927405627,0.5096971945063075,-0.027467909396468353,0.7638299605580826,0.698908986483855,0.5902111749221398,0.7047105137745449,0.7427318096616243,0.7047105137745449,0.46627574525517884,0.6058692268561078,0.6763295134010111,0.6058692268561078,0.6532904057234465,0.6539293293470463,0.7019790427200213,0.7564267564539372,0.7019790427200213,0.3373975845480988,-0.08778677840334458,0.3537507501727874,0.11159885475002614,0.3497249428854474,0.2609164088021885,0.45692590122044113,0.2609164088021885,-0.16820734420609612,0.557174662547678,0.8618235279033615,0.635417660412292,0.7576731143264277,-0.024394866863044873,0.6047703680461737,0.6044777220181263,0.6047703680461737,0.6874053003419905,0.6874053003419905,-0.22084118390332308,0.7176285507114859,-0.19329718805775956,-0.6503616095101492,-0.4215342213861938,-0.4250939590497197,-0.40654801804567525,0.07461593039167466,0.023361020635415918,-0.30795172516082037,-0.6304521460280633,-0.15503719774298247,-0.2874791556659393,-0.24494798368747625,0.03368062593755295,0.03128284983672823,-0.4759610024371522,-0.039127780485471886,-0.24588980917185332,-0.5018324003970928,-0.17320557515602011,-0.3889825613745856,-0.268339850185703,-0.3889825613745856,-0.40638839064829524,-0.5230071989469258,-0.5230071989469258,-0.28334299546358954,-0.28334299546358954,0.3330378447019223,0.17270755715328678,0.27058110919375244,0.5082994723993454,0.26200110254982084,-0.35812518544745997,-0.022711335902433908,0.4534120779731906,0.5596022931846365,0.4534120779731906,-0.035148865786711496],[0.9997173616412753,0.9993901690090145,0.6339909176667905,1.0,0.9988547816911633,0.9997173616412751,0.9934253707809162,0.9900785965264659,0.9900785965264659,0.9943428422286502,0.9739936435102907,0.9898808593682981,0.9934554140942149,0.9941881529869914,0.9934866623684077,0.8536776043355936,0.8066890047881219,0.3284821497430579,0.9942077990617707,0.9941974478414028,0.9854495715839264,0.9934351075251978,0.4332787058537768,0.7238971189629206,0.9835354097411155,0.9835354097411155,0.983516399848193,0.9800561248017263,0.34341360186773606,-0.10944565852019719,0.988973812072771,0.9889522619433381,0.2897525972966383,-0.17700134337880016,0.9951291909021507,0.9960354665592098,0.8025732454646596,-0.37491882376660957,0.9928461867654248,0.9962135057680707,0.8417009922379147,0.3092514640121462,0.9930292903816321,0.9951834084643877,0.9930292903816321,0.8832627668962474,0.6451846815376967,0.8981026838012771,0.8975552578865595,0.7903214362515961,0.3705301358936749,-0.16911440395328156,0.19235857674914936,0.9401469253060666,0.3891010366541157,0.9704373131813524,0.9669676954487989,0.9777485180653663,0.9897638255257881,0.905902717421967,0.9257504511589973,0.9295223249957387,0.9212594130066084,0.9228270220951424,0.9237441539910412,0.9228270220951424,0.8655302890473708,0.9059027355788519,0.9069556287269567,0.9059027355788519,0.9127206170636661,0.7136040454638758,0.8507015231460542,0.8521049434718508,0.8507015231460542,0.6656415429205816,0.12967116843321297,0.6461164980296527,-0.5711092492597528,0.5561075605928695,0.32832970449818744,0.5622478626554378,0.32832970449818744,-0.11163788019281881,0.8991528232426784,0.9291614532471718,0.9119779072512048,0.90533705879803,0.3131035233336939,0.8954701869982029,0.8964909142893347,0.8954701869982029,0.8862278654568059,0.8862278654568059,-0.11410052669612206,0.6116869501395419,0.18457825393511595,-0.6532622351629357,-0.5867481662711364,-0.5902582053639055,-0.10350539566654747,0.10224995840368814,0.22089690999049322,0.043519691548780534,-0.5097849548490565,0.006299199166040298,-0.8016713807415587,-0.2618928738783967,0.1514348797673464,0.15249237920283273,-0.5680243968555599,-0.5844080555174638,-0.25418778271399256,-0.5155370364834267,-0.8227955445011502,-0.386246309538095,-0.37874745757631473,-0.386246309538095,-0.2008452092428827,-0.3138819541124783,-0.3138819541124783,-0.8088643003583326,-0.8088643003583326,0.38314049385948257,0.6263426015440478,0.8526545224589567,0.835715061393121,0.7602469862276761,-0.31524043372060656,0.744335504345927,0.7802330736712058,0.7805347455888874,0.7802330736712058,-0.20161858146972883],[0.9978828986218344,0.9953480022709379,0.5546866427121183,0.9988547816911633,1.0,0.9978828986218344,0.9971473827231864,0.9955444415696543,0.9955444415696543,0.9973448952075304,0.9657650236530102,0.9963449387580715,0.9971688735574309,0.9972460684439569,0.9971968562372631,0.7915880604298756,0.7242729981030942,0.1242002402161133,0.9976688488343567,0.9976639952072861,0.9873248673942333,0.9971534100868711,0.08373814104789154,0.7006647828416197,0.9920493041875029,0.9920493041875029,0.9920117831313016,0.9894974296898305,0.12112864268424976,-0.09107667954558611,0.9871456764771482,0.9870890115169226,-0.003018741431235351,-0.07304936555838526,0.9978077436526225,0.9977404986477135,0.790520203751524,-0.5015412394332702,0.9976370102649721,0.9980823277951546,0.7698695265944043,0.09998424061255957,0.9977540505095426,0.9977549444857478,0.9977540505095426,0.8980723255829938,0.6084571172256755,0.9151938872305628,0.9025216220882323,0.7644197942740347,-0.09582235696946922,-0.5867874640289181,-0.207843569680943,0.9282163413968143,0.24235407989799812,0.9654173005049027,0.9654697472702929,0.9797790766010588,0.9903357892988073,0.9045316024262547,0.9076422938230561,0.9198739577358936,0.9087001223964127,0.9183058217805127,0.9186742974707838,0.9183058217805127,0.8405793329928276,0.860793641666321,0.8619814023134542,0.860793641666321,0.901727586547898,0.8101665914603056,0.8823893699924577,0.883232498717519,0.8823893699924577,0.6240261375094792,0.5014565213953135,0.6109099682160153,-0.5955100357321127,0.6086376765568006,0.5870822705475357,0.5863833443257351,0.5870822705475357,-0.12955909366087517,0.8815249007200248,0.905070186860331,0.8894835718714638,0.9127103275966094,0.16024170101793386,0.881282086813712,0.8823707957808339,0.881282086813712,0.8879610744669626,0.8879610744669626,-0.15389713131771998,0.6607128267464012,0.039934222069403884,-0.6843156442351855,-0.6365296257930654,-0.6371057123234423,-0.13613473023375347,0.1254144145159329,-0.1709966576965439,-0.2053880223207379,-0.5841268380292655,-0.35595095000454874,-0.8520366715326183,-0.5438004231835047,0.12031039707727158,0.12122390709531221,-0.5948090174890464,-0.5774875067582077,-0.5351195707027702,-0.5542780001605381,-0.7827238250103717,-0.5876305178574182,-0.5905804362976862,-0.5876305178574182,-0.24069899471799616,-0.34853808000598346,-0.34853808000598346,-0.7505980082303582,-0.7505980082303582,0.3694940938987742,0.6077830333541099,0.805386271977746,0.78884682426974,0.7497418258547728,-0.444766377075231,0.6017494628756601,0.6716980687360512,0.672142731965403,0.6716980687360512,0.025176490293273675],[1.0,0.9999873363836445,0.6379355200868732,0.9997173616412751,0.9978828986218344,1.0,0.9920691727280474,0.9882573451798716,0.9882573451798716,0.9927525171042072,0.9760618017599502,0.9862033711362734,0.9921090659305501,0.9925388501642268,0.9921645475689047,0.8542730852483363,0.8076145465733983,0.3434060769965846,0.9930434776609081,0.993031039625254,0.9852944641565827,0.9920968801885987,0.4417735214790014,0.7195945687819791,0.9808501276330943,0.9808501276330943,0.9808312471572014,0.973240329763054,0.34736794258481374,-0.10319674408222082,0.989591240819996,0.9895603331719457,0.29748207640779006,-0.17686765790280362,0.9945250097597487,0.9952309739340492,0.8377922696056747,-0.37022681077510416,0.9902152284331457,0.9951752977815588,0.8431089298047536,0.32448777182201866,0.9946853898544971,0.9946748225277757,0.9946853898544971,0.885830425577384,0.6576975709205077,0.8927574486933428,0.9000616580611442,0.8093420787070617,0.375726800124565,-0.16378834043761314,0.19811555810083756,0.945781568047134,0.40520598508513767,0.9749495142856285,0.9699724284484347,0.9799093258130144,0.9897714019072975,0.9265833344177538,0.9321069480885128,0.9422173710769557,0.925055755693895,0.9394774568255956,0.9401452441123538,0.9394774568255956,0.8732759519087848,0.9177962153532199,0.918754981497835,0.9177962153532199,0.9159734208661029,0.7725239218360357,0.8888443283233041,0.8902244157819059,0.8888443283233041,0.6736008796396873,0.3531915432998249,0.6557559779035299,-0.5666395096235042,0.5608622850741486,0.5911604385378485,0.5918818575883594,0.5911604385378485,-0.10527896827106285,0.9041972245028254,0.9363806895149623,0.9193432351270375,0.927953974706491,0.3273212727966595,0.8997739822825492,0.9006539690924152,0.8997739822825492,0.9051214858249683,0.9051214858249683,-0.10936017869511627,0.5907530534011313,0.17988269101609108,-0.6431678393881334,-0.5798862377323658,-0.5834817871146625,-0.09142659575309722,0.10678536897971105,0.22781827978060473,0.05652604690998471,-0.49758369924780216,0.012603825285931746,-0.7960020627807732,-0.25424554423922785,0.16131773122387283,0.16232033840596857,-0.5614209435065113,-0.5880401323689998,-0.25300340968540935,-0.5051510202381457,-0.8213398965979316,-0.38492009378461783,-0.37685356962488936,-0.38492009378461783,-0.19244679971444198,-0.3044106984883272,-0.3044106984883272,-0.8093805577091783,-0.8093805577091783,0.3936110056535839,0.6380111143659947,0.8605955733002368,0.8434660137795457,0.7677649348248563,-0.30240251807379986,0.7534406116565263,0.7891785622528324,0.7894857875394706,0.7891785622528324,-0.2165286113529952],[0.9920691727280474,0.9832106048513224,0.6219892505131864,0.9934253707809162,0.9971473827231864,0.9920691727280474,1.0,0.9974583366158359,0.9974583366158359,0.9999701171850388,0.9590267174543949,0.9996728945272421,0.9999965339380502,0.999986434871187,0.9999932775495054,0.904160985840318,0.8942762688062862,0.2886633963664141,0.9998580893484724,0.9998582146911767,0.9896532012379808,0.9999967244158925,0.3468386451143498,0.7225234473774923,0.9855085236242268,0.9855085236242268,0.9863976132329197,0.990334962784547,0.27034493834260825,-0.16494963271154886,0.991614298695153,0.9914942676646642,0.19475317137931825,-0.2248234346897317,0.9993359065174903,0.9994455939924387,0.4158691774452391,-0.3136621903298262,0.9989817892414139,0.999402769453775,0.8901964450562867,0.2680716666485676,0.9404555592856169,0.9990825416599157,0.9404555592856169,0.9078060270334875,0.6150750554735036,0.9327870903168551,0.9106898713610219,0.7275022800166734,0.4083795383942835,-0.10874775022338586,-0.20040266372473126,0.9272318471043182,0.3545545473081104,0.9675604598089814,0.9622362477530015,0.978490086843901,0.9957220778235858,-0.044349065881933096,0.8669692831153232,0.828780400595795,0.8751576986046725,0.8231458222813068,0.78688527792557,0.8231458222813068,0.8028934087880197,0.79106230309985,0.7819333979330363,0.79106230309985,0.8666437397997693,0.3711241014298837,0.5789068340132794,0.6451605341243216,0.5789068340132794,0.5933119912061563,-0.3475347427978938,0.5622116363035152,-0.6344417378865915,0.48560371878916037,-0.09948606259504048,0.4269836690589652,-0.09948606259504048,-0.15301934818745602,0.8445846560542124,0.8647852607180496,0.8501276312893302,0.7622530306671194,0.2728694130727981,0.8445451269836506,0.845995976709762,0.8445451269836506,0.7599348838245087,0.7599348838245087,-0.19013735840009638,0.7034113154217174,0.2446205055983628,-0.6630444973010301,-0.6269584443756402,-0.6300283393120366,-0.1487860743434229,0.05246543355103238,0.3337788459137421,0.011105556436836778,-0.5266623630288433,0.06508706093392436,-0.8279543265497733,-0.161676990736716,0.08469641986070765,0.0858016427020885,-0.6105022896585989,-0.5934721749362826,-0.09095751509320013,-0.5889042693503342,-0.8362639670736988,-0.37939195627566685,-0.21115644973390924,-0.37939195627566685,-0.2736622269611217,-0.35774845641689174,-0.35774845641689174,-0.8286766690477305,-0.8286766690477305,0.3696432063584731,0.5901107093233188,0.5049442256397849,0.8033223967325465,0.7436144410551878,-0.3665677882600828,0.06523757371699482,0.7517549194411369,0.770873183939732,0.7517549194411369,-0.1327350377804068],[0.9882573451798716,0.9765830269993501,0.6128727885576079,0.9900785965264659,0.9955444415696543,0.9882573451798716,0.9974583366158359,1.0,1.0,0.9995475134376238,0.9520575119128537,0.9986780439211375,0.9982143335271632,0.9993955355013886,0.9991286242329095,0.9019178291549796,0.8840963585660434,0.2669087136056135,0.9991747524379985,0.9991763440671692,0.9870008124379046,0.9992682680468161,0.32140780055506757,0.7233959653548968,0.9926148931824327,0.9926148931824327,0.9844527547067161,0.9873674981839499,0.25284922084746375,-0.17835603284788182,0.9879067624193886,0.991339119021634,0.17609604047530114,-0.23069472448076642,0.99828565984346,0.9982522801383091,0.3977272718319664,-0.3203394641725454,0.9969853810344924,0.9981836564276002,0.8882526654685502,0.24590234475338058,0.932850424727546,0.9981152479725391,0.932850424727546,0.905310144217911,0.5999478395025564,0.933040288979774,0.9075327383658613,0.7047916313035045,0.39539245623399427,-0.12372982777780833,-0.2130459622852978,0.9186064696383659,0.33407745369585823,0.9628972297272722,0.9569936904613853,0.9733816436856362,0.9947539677717837,-0.05411839298735819,0.8557123118888221,0.8129896600123673,0.8669179859103807,0.8084682357520653,0.7747520126971389,0.8084682357520653,0.7907544174445416,0.7725431809523837,0.7685430719107752,0.7725431809523837,0.8586415102229149,0.3518902931721863,0.5588085717507729,0.628946903720804,0.5588085717507729,0.5805846431617673,-0.36207890647401825,0.5477813280697496,-0.6420140020253755,0.47792114920685996,-0.1213347043401785,0.4109172384651581,-0.1213347043401785,-0.15973046315876613,0.8349501976627524,0.8506597133520114,0.8379090836555347,0.7477563194138745,0.2552749798825643,0.8354820744042624,0.837118502622431,0.8354820744042624,0.7427442021670138,0.7427442021670138,-0.2051482527178682,0.7274828647703371,0.2517782903933597,-0.6723962208984166,-0.6396203628504582,-0.6425049581133231,-0.16348361153311405,0.04487510497284358,0.3268027112880166,-0.008032367019698717,-0.5392536444049877,0.055816663763743855,-0.8338752431999907,-0.16816212387253832,0.06953601916637352,0.07066494202116251,-0.6220532271863901,-0.5944962593212527,-0.0978054971614483,-0.6055136324070626,-0.8359132269684478,-0.39084104911034095,-0.21736982229341062,-0.39084104911034095,-0.2909642207312798,-0.3713193929911035,-0.3713193929911035,-0.826769136461548,-0.826769136461548,0.3500394263386675,0.5732919493675612,0.48632311591424937,0.7855919139507619,0.7310416507486878,-0.3880591707311244,0.05126485350067263,0.7327316379357677,0.7551952338680078,0.7327316379357677,-0.11566634965502591],[0.9882573451798716,0.9765830269993501,0.6128727885576079,0.9900785965264659,0.9955444415696543,0.9882573451798716,0.9974583366158359,1.0,1.0,0.9995475134376238,0.9520575119128537,0.9986780439211375,0.9982143335271632,0.9993955355013886,0.9991286242329095,0.9019178291549796,0.8840963585660434,0.2669087136056135,0.9991747524379985,0.9991763440671692,0.9870008124379046,0.9992682680468161,0.32140780055506757,0.7233959653548968,0.9926148931824327,0.9926148931824327,0.9844527547067161,0.9873674981839499,0.25284922084746375,-0.17835603284788182,0.9879067624193886,0.991339119021634,0.17609604047530114,-0.23069472448076642,0.99828565984346,0.9982522801383091,0.3977272718319664,-0.3203394641725454,0.9969853810344924,0.9981836564276002,0.8882526654685502,0.24590234475338058,0.932850424727546,0.9981152479725391,0.932850424727546,0.905310144217911,0.5999478395025564,0.933040288979774,0.9075327383658613,0.7047916313035045,0.39539245623399427,-0.12372982777780833,-0.2130459622852978,0.9186064696383659,0.33407745369585823,0.9628972297272722,0.9569936904613853,0.9733816436856362,0.9947539677717837,-0.05411839298735819,0.8557123118888221,0.8129896600123673,0.8669179859103807,0.8084682357520653,0.7747520126971389,0.8084682357520653,0.7907544174445416,0.7725431809523837,0.7685430719107752,0.7725431809523837,0.8586415102229149,0.3518902931721863,0.5588085717507729,0.628946903720804,0.5588085717507729,0.5805846431617673,-0.36207890647401825,0.5477813280697496,-0.6420140020253755,0.47792114920685996,-0.1213347043401785,0.4109172384651581,-0.1213347043401785,-0.15973046315876613,0.8349501976627524,0.8506597133520114,0.8379090836555347,0.7477563194138745,0.2552749798825643,0.8354820744042624,0.837118502622431,0.8354820744042624,0.7427442021670138,0.7427442021670138,-0.2051482527178682,0.7274828647703371,0.2517782903933597,-0.6723962208984166,-0.6396203628504582,-0.6425049581133231,-0.16348361153311405,0.04487510497284358,0.3268027112880166,-0.008032367019698717,-0.5392536444049877,0.055816663763743855,-0.8338752431999907,-0.16816212387253832,0.06953601916637352,0.07066494202116251,-0.6220532271863901,-0.5944962593212527,-0.0978054971614483,-0.6055136324070626,-0.8359132269684478,-0.39084104911034095,-0.21736982229341062,-0.39084104911034095,-0.2909642207312798,-0.3713193929911035,-0.3713193929911035,-0.826769136461548,-0.826769136461548,0.3500394263386675,0.5732919493675612,0.48632311591424937,0.7855919139507619,0.7310416507486878,-0.3880591707311244,0.05126485350067263,0.7327316379357677,0.7551952338680078,0.7327316379357677,-0.11566634965502591],[0.9927525171042072,0.9830730657073578,0.5531071637415995,0.9943428422286502,0.9973448952075304,0.9927525171042072,0.9999701171850388,0.9995475134376238,0.9995475134376238,1.0,0.9579486745357323,0.9996345100480915,0.9999714907291838,0.9999704101242688,0.9999753556732883,0.8188419885188211,0.7539211949659983,0.17351695016527555,0.9998116225945216,0.999812203988278,0.9895157030077645,0.9999685733603413,0.13173006995080055,0.6939487923211463,0.9950014128483993,0.9950014128483993,0.9949558135626697,0.9901858627707899,0.10393569193194607,-0.10350158139064289,0.9904466043240885,0.9904129339633175,0.013894934149441932,-0.1825884942922718,0.9993756188231022,0.9993343830848691,0.7976434102066224,-0.4962585546848299,0.9989120948132174,0.9993801001190422,0.7979571438325779,0.14977663938297744,0.9992343236112587,0.9992394757666436,0.9992343236112587,0.907526296044255,0.61567302310361,0.9323943214055103,0.9100213119048518,0.7269479439406679,0.007892588471193007,-0.5373821757274034,-0.16112610281490802,0.9229311371581694,0.3007406055780078,0.9629302457299633,0.9622768715781014,0.9803171555125711,0.9949350324165361,0.8788162669370905,0.867773646672656,0.895233294016104,0.8760885110348673,0.8936924770887738,0.8943115397893416,0.8936924770887738,0.8023612789066913,0.8428886963368234,0.8443952040004001,0.8428886963368234,0.8680121856213803,0.7737294561018986,0.8541345991363857,0.8553725250978532,0.8541345991363857,0.5928725353066113,0.4305594026957769,0.5615182324525776,-0.647372811057726,0.5410637848291948,0.5070051911726046,0.5068056150466329,0.5070051911726046,-0.11044608762852863,0.8452173519670387,0.8647460139939692,0.8505353762878961,0.8876879374120416,0.19107391061752232,0.8500314726643639,0.85200927012956,0.8500314726643639,0.8568155635202304,0.8568155635202304,-0.19190147582492204,0.7038492824651725,0.06513270265946366,-0.6751840174244654,-0.6634126896758289,-0.6644138253721709,-0.15234215631702797,0.05567574101874883,-0.17667311262465912,-0.17326832181375598,-0.5686911624391567,-0.38458686718320084,-0.8691681683892013,-0.5800682274953148,0.08418164416709807,0.08523340433063112,-0.6121358406606494,-0.5895367782978157,-0.5449971590407026,-0.5906315664193015,-0.8058371614620725,-0.6108677397406311,-0.6131914333318494,-0.6108677397406311,-0.2760282006918808,-0.36096657963404716,-0.36096657963404716,-0.7857688814742457,-0.7857688814742457,0.37077028938410034,0.5887275175328566,0.8151605647954269,0.8008585075848156,0.7419706061083962,-0.39409605343582754,0.6353140718769121,0.6956173017652127,0.6957748370876429,0.6956173017652127,0.10332874670752117],[0.9760618017599502,0.9682061985960944,0.5087910852699072,0.9739936435102907,0.9657650236530102,0.9760618017599502,0.9590267174543949,0.9520575119128537,0.9520575119128537,0.9579486745357323,1.0,0.9409749438590748,0.9590463025459143,0.95906391953345,0.9587511333679436,0.6582050278046405,0.5803320329417212,-0.04261409396452649,0.9636365137089288,0.9636153156118337,0.9591669609319179,0.9591592037559691,0.06104031536064021,0.735325782217069,0.9606666793521469,0.9606666793521469,0.9608496388502096,0.8806864404795791,0.21236151941081738,-0.0855233526064706,0.9662830666493483,0.9663923426832317,0.1733955068336382,0.09062756997549426,0.9673382683373912,0.9676566012525731,0.8775962815429053,-0.39731459983753403,0.9499184516093157,0.9665559018117251,0.633370172349831,-0.06401264808786249,0.9685630595520064,0.9685308710694895,0.9685630595520064,0.8040396570928343,0.41450236837552445,0.8078953579510119,0.8870653511621475,0.8446894202745067,-0.5307651716713929,-0.6820288966817692,-0.2604461367752176,0.8841791477365473,0.0009905553861074632,0.9150180328544832,0.9150817309983197,0.9350469417167618,0.964577058470679,0.8825577877189478,0.8823230606113225,0.9029457942302618,0.885392717718143,0.8961885413470745,0.8968485164450077,0.8961885413470745,0.8366184592262308,0.818827479531495,0.8206045678742004,0.818827479531495,0.8791948522942373,0.8951775342884822,0.8775896130307765,0.8782260042560317,0.8775896130307765,0.6803024438038986,0.6069124476626095,0.6811884761920437,-0.33997099413798015,0.7012634975719401,0.7176977249265816,0.7201445638902455,0.7176977249265816,-0.27160757242632705,0.8828459865371374,0.9368315407097056,0.8977964081910011,0.8950939463001115,0.04497787810886582,0.8763656193975952,0.8774663435697201,0.8763656193975952,0.8856645362510611,0.8856645362510611,0.038735215782828486,0.38593745919528233,-0.1037581584303665,-0.6043084890855432,-0.4229796345944076,-0.4250562525550307,-0.006892056699829527,0.41551647255123014,0.05095603484643371,-0.12607066085820934,-0.4794580865946152,-0.05697513756065902,-0.8001856244508119,-0.21840878624081073,0.3012897989635961,0.3005112846103232,-0.3911774458260205,-0.4345934976237686,-0.3520473493707374,-0.36129604559800194,-0.669760581084494,-0.3721369599599135,-0.37446459536863447,-0.3721369599599135,-0.08699619644949914,-0.39947060176761795,-0.39947060176761795,-0.539453293134149,-0.539453293134149,0.5319282664518945,0.6544450238226894,0.7531636746004855,0.6818996562772601,0.8206798266489216,-0.4854011914447041,0.389774655941947,0.5420345451705275,0.5423144762877047,0.5420345451705275,-0.19592372333129215],[0.9862033711362734,0.9848312399151511,0.9960068782832778,0.9898808593682981,0.9963449387580715,0.9862033711362734,0.9996728945272421,0.9986780439211375,0.9986780439211375,0.9996345100480915,0.9409749438590748,1.0,0.999671156177248,0.9996672252119034,0.9996353882550311,0.47203115947592256,0.38346955736535465,-0.47250549772032496,0.9997933637426177,0.999796457294496,0.9996768649535827,0.9996767683596782,-0.20726473958479869,0.9700287561694493,0.9941802150580259,0.9941802150580259,0.994160517226272,0.9924672435625647,0.1355455789613013,0.11884119125207661,0.9909996782295392,0.991047379708946,0.9341654909552288,0.07311780909791506,0.9989617959643475,0.9989149376460145,0.9987795293375504,0.9993386992774964,0.9993744420345584,0.9989994522947321,0.42070648473232053,-0.48132021587118273,0.998724861670154,0.9987338415478884,0.998724861670154,0.9011994060945394,0.457437398837057,0.9286589802285882,0.9078790431338561,0.7277779222753358,-0.46943257509328334,-0.6234672327103999,0.8020145096906571,0.8294418663101104,-0.3335217946056014,0.9265234603425776,0.9267416061492355,0.9671617580515017,0.9930543324886391,0.8891356633148688,0.8967488661269366,0.8717572671861334,0.8730506705297425,0.8788063025322382,0.8795228173099934,0.8788063025322382,0.7457882026628926,0.7099354540888717,0.7122478794021077,0.7099354540888717,0.895972515666103,0.9025050758083505,0.8950450717918189,0.8962125761972033,0.8950450717918189,0.4516358384072653,0.38423602300885795,0.4962980421855834,0.6042810401642406,0.49710767348778384,0.5300437688607068,0.5321790373872037,0.5300437688607068,-0.3753741948438475,0.8297227249329348,0.8688354441503989,0.8537036985392177,0.8961746174167721,-0.2747552389055879,0.824335844525978,0.8247454031694905,0.824335844525978,0.8355458388773329,0.8355458388773329,-0.24550968292223507,0.6956776190962062,-0.3799134456397251,-0.7676956224137823,-0.5362703937995331,-0.5386933997471749,-0.396727982699108,0.205981455223335,-0.2892699555063451,-0.4980027037355717,-0.7206403510108867,-0.37724875794910784,-0.6008569078743153,-0.44505468714043933,0.07910853921433425,0.07581395202453707,-0.5585184409939427,-0.5275173396982158,-0.5478535657092217,-0.5831009452652767,-0.5767110476390744,-0.5510877079337272,-0.5542722511968576,-0.5510877079337272,-0.4188528751328464,-0.6105854925166226,-0.6105854925166226,-0.6119340847671927,-0.6119340847671927,0.36631800666406317,0.3388206966014915,0.4675964313540116,0.559715945757568,0.5305503279021475,-0.5666010032654347,0.2961955781819032,0.2910100114736073,0.2911676025182606,0.2910100114736073,0.2203865263094391],[0.9921090659305501,0.983264984147168,0.6220380782477974,0.9934554140942149,0.9971688735574309,0.9921090659305501,0.9999965339380502,0.9982143335271632,0.9982143335271632,0.9999714907291838,0.9590463025459143,0.999671156177248,1.0,0.9999901809686694,0.9999949370886291,0.904097727335524,0.8875069915598951,0.2886743561147541,0.9998592577740367,0.9998593574715067,0.9896847516883809,0.9999972973412827,0.3471125318245108,0.7226255632532482,0.9906899255409074,0.9906899255409074,0.9863910392307689,0.9903216432248236,0.2705752273272914,-0.1649064294769224,0.9916311941493244,0.9914989627720948,0.19495863182610376,-0.224800065846432,0.9993365542868724,0.9994477539520242,0.4158655802681383,-0.31343912520395817,0.9989825616159527,0.9994098271972726,0.8901176604865073,0.2680892739044383,0.9404448683834767,0.9990835526908717,0.9404448683834767,0.9077869098438424,0.6151939468704358,0.9329877916358309,0.9109078641567617,0.7276231924434781,0.408750433976018,-0.1083182377374194,-0.20003249356154915,0.9272941949312395,0.3545927286487309,0.9676383014972801,0.9622833064973558,0.9785682564590882,0.9957295683296571,-0.04414460458844627,0.8671538290230439,0.8288900668267756,0.8752936434129711,0.8232549041801923,0.7868349680873925,0.8232549041801923,0.8030018587223382,0.7911273763310196,0.7818737546740147,0.7911273763310196,0.8668177963586788,0.37102579631141314,0.5789345593589846,0.6450864278948052,0.5789345593589846,0.5932943961779318,-0.34753849351162425,0.5622159806551041,-0.6343076176729407,0.48553773648249554,-0.09959667987227691,0.4270350813460078,-0.09959667987227691,-0.15315780725600733,0.8446866866836377,0.8649555167686142,0.8502548852112336,0.7622507244985017,0.2728822512217241,0.8446521016015878,0.8460964706691412,0.8446521016015878,0.7600217536088735,0.7600217536088735,-0.1900527976039327,0.7033264848141907,0.24471506634632365,-0.6631214745627173,-0.6268662766135299,-0.6299409889107059,-0.14888732092510373,0.05235530214986343,0.3339235315001766,0.01108639497954411,-0.5267661009422645,0.0653208293760972,-0.8276824541504713,-0.16140981933316115,0.0847659891834573,0.08588643054127383,-0.610477969298785,-0.5932444520238586,-0.09073159539011884,-0.588847207281336,-0.8361358153480045,-0.3791797115301958,-0.21096801003717194,-0.3791797115301958,-0.27350756225854783,-0.35772715353880996,-0.35772715353880996,-0.8285999352123985,-0.8285999352123985,0.37000168516695164,0.5901956344615966,0.5051742091304451,0.8035465101384589,0.7436245877393752,-0.3663735248233469,0.065513498372478,0.7519725161568491,0.7709625388938113,0.7519725161568491,-0.13274165950792713],[0.9925388501642268,0.9831930279668895,0.612046408438897,0.9941881529869914,0.9972460684439569,0.9925388501642268,0.999986434871187,0.9993955355013886,0.9993955355013886,0.9999704101242688,0.95906391953345,0.9996672252119034,0.9999901809686694,1.0,0.9999874581242519,0.8597655362826083,0.8078011807820566,0.2907250962552407,0.9998822629544376,0.9998828375622972,0.9896770997532613,0.9999873895705408,0.3501044545575125,0.7182899004292044,0.9937003676676999,0.9937003676676999,0.9936622337907218,0.9902335636921094,0.26650115509044536,-0.1652587105788627,0.9918124168132726,0.9918246079691317,0.21919047971576208,-0.22409134719582824,0.9995102826184411,0.9994483518155121,0.8393602430662498,-0.40679596400513696,0.9989786234352932,0.9994148701050976,0.8443506077042622,0.2701774171545693,0.9993998330282853,0.9994043144864534,0.9993998330282853,0.9077623428143095,0.6153450811984482,0.9325730549362938,0.9103208977313346,0.7271052058042468,0.28874967665152235,-0.2797218823074293,0.09444256358551091,0.9271981647179904,0.3553662574087388,0.9643958756893,0.9623095199133175,0.9770467902496911,0.9959649953359151,0.8867611344023272,0.8662212048428768,0.9003793603601493,0.8751755977686846,0.8994822176097184,0.9003418230260717,0.8994822176097184,0.8021578654708783,0.8650352388515772,0.8664998463937664,0.8650352388515772,0.8665750667991483,0.7571370903214166,0.8604718300917551,0.8621145298239346,0.8604718300917551,0.5927010945229532,0.43862799330849533,0.5609451025310067,-0.6392163123790774,0.48419449027441325,0.4935593083745242,0.4947054546839777,0.4935593083745242,-0.1548874062508949,0.8444553044602018,0.8645207068996462,0.8496837511213117,0.8938205459417803,0.2755600016486229,0.8445205550722503,0.8462583692090986,0.8445205550722503,0.855384939946604,0.855384939946604,-0.1904772988953701,0.702381991619265,0.16428898068206965,-0.6618374532731275,-0.6265008102552905,-0.6293894969900597,-0.1488110237306293,0.051438008623017145,0.11124449716333133,0.012738834125831761,-0.5250338566762672,-0.1212093746288267,-0.8396543136750291,-0.38242222780342416,0.08453330632985526,0.08562683405767837,-0.6105346963267018,-0.5925579414810441,-0.3839376752921486,-0.5886201394752653,-0.829882106104171,-0.49904078212128017,-0.49472595162655697,-0.49904078212128017,-0.27326386646418216,-0.3577186406723178,-0.3577186406723178,-0.82079814839011,-0.82079814839011,0.37016197196912054,0.5905291668071606,0.8245695246005689,0.8077247279268387,0.7442912496046874,-0.36575471682405725,0.7033010835660691,0.7418059564554617,0.7418863526509414,0.7418059564554617,-0.10063176515723235],[0.9921645475689047,0.9830996860813379,0.6222690648935039,0.9934866623684077,0.9971968562372631,0.9921645475689047,0.9999932775495054,0.9991286242329095,0.9991286242329095,0.9999753556732883,0.9587511333679436,0.9996353882550311,0.9999949370886291,0.9999874581242519,1.0,0.8982193549562864,0.8586633933287025,0.2887883010032,0.9998618874103026,0.9998618860339443,0.9898230585384845,0.9999949091661249,0.34776560025288,0.7224812162741868,0.9939601582942035,0.9939601582942035,0.9938625060850673,0.9902357865798302,0.27083822790868833,-0.1649403239750713,0.9924398164030969,0.9924885247564793,0.1956964599427309,-0.2246333413168466,0.999383264229049,0.9994465517340713,0.4148829121775907,-0.31265469842025023,0.9989349265124589,0.999412207037978,0.8886821045192571,0.2682261346345735,0.9399857360895536,0.9991353198139659,0.9399857360895536,0.908046707559644,0.6158596373700223,0.9332297757741267,0.9111517374116528,0.7273612793738515,0.4101029189300874,-0.10679556978376377,-0.2002418062601871,0.9276459204804661,0.35485673947752083,0.9680314613235557,0.9625965468620457,0.9788354143211014,0.9957671870898892,-0.04513735538446291,0.8674255268039714,0.8288109614557908,0.8755281050209416,0.8232111819572379,0.7864158789567357,0.8232111819572379,0.8031992893572607,0.7910780467078193,0.7822532201661242,0.7910780467078193,0.867132845232604,0.3703678729201894,0.5784516734112171,0.6451030413477374,0.5784516734112171,0.593164838036351,-0.3486723741819311,0.5621609304349613,-0.6344737311952507,0.4851935315259702,-0.10056603076746999,0.4267044287983971,-0.10056603076746999,-0.1531059710846122,0.8448223053335281,0.8646947661406009,0.850390934880916,0.7540119613799116,0.27324597038527737,0.844759082779246,0.8461973196256594,0.844759082779246,0.7598398967379186,0.7598398967379186,-0.19145298812980127,0.7040992739614134,0.2451986448946091,-0.6631113317185475,-0.6272229513458524,-0.6303036203318172,-0.14999129198006317,0.051187490776432,0.3342336728656212,0.010670322588597875,-0.5269908496396575,0.06540504251682593,-0.8268840590020037,-0.1612514843956857,0.08381353495307807,0.08493222903156795,-0.6110658080068294,-0.5934665531583782,-0.09016647449641878,-0.590019555310665,-0.8361404973014903,-0.3791173694954667,-0.210426520920448,-0.3791173694954667,-0.2744125341201931,-0.3581734240565689,-0.3581734240565689,-0.8289383295538725,-0.8289383295538725,0.3701897829555662,0.5898556895271645,0.5046725886835155,0.8039765943263053,0.7430647019275565,-0.3659340586419701,0.06486914652645202,0.7523734504057804,0.7715613861323455,0.7523734504057804,-0.13243845194884846],[0.8542730852483363,0.39195087611329243,0.4698232531882348,0.8536776043355936,0.7915880604298756,0.8542730852483363,0.904160985840318,0.9019178291549796,0.9019178291549796,0.8188419885188211,0.6582050278046405,0.47203115947592256,0.904097727335524,0.8597655362826083,0.8982193549562864,1.0,0.994877885755593,0.4081990476392601,0.8854377310963333,0.8854304274018537,0.8371982744374585,0.8975373955640957,0.3272324086862874,0.5047859130955937,0.8892173191525743,0.8892173191525743,0.8771048163112943,0.09139194285234736,0.1903502119187885,-0.1887527326513376,0.9170370399345745,0.9153669111435903,0.15136549952448985,-0.2551662098503267,0.9016656941186248,0.8345182333647835,0.3025775560588401,-0.31968398031999234,0.486854458183343,0.8130763227713848,0.9984376437314615,0.39002113589204646,0.8293158657561586,0.9014631664540398,0.8293158657561586,0.4517408933781087,0.5767404121128211,0.09453206255488958,0.08009951175615318,0.3091384600391445,0.40812793501855904,-0.0650036110985685,-0.20996469210087976,0.80980928682377,0.4048018858294476,0.8936485578610078,0.822413199330126,0.8772188395062073,0.8918723599765181,-0.09524978820357494,0.40311907674032366,0.6851550805522251,0.6191802576908781,0.677188449581366