var element = document.getElementById("correlationAdjClose");

if (element.style.display != 'none') {
    var correlationAdjClose = {"data": [{"type": "heatmap", "z": [[1.0, 0.9999913727206616, 0.9847501701081666, 0.9999226048210311, 0.9989223400059084, 0.9881044530085482, 0.9975739511062949, 0.9953985466076829, 0.995713372855519, 0.9798770347661431, 0.9924755093526269, 0.9955397382626673, 0.9947688711733629, 0.9954514790735853, 0.9955889825103846, 0.9966368462131648, 0.9981217539528174, 0.9961476304781188, 0.99616628481863, 0.9962111640851905, 0.9954955097050532, 0.9857751341593822, 0.9698107519890133, 0.9881705165411051, 0.9870304978522546, 0.9824183688288666, 0.964291672291831, 0.9449246923392294, 0.9939489515500185, 0.9945294622465262, 0.9918330971052226, 0.9751786639231869, 0.9974849790928416, 0.9977743312665531, 0.9971745152264907, 0.9956028160760141, 0.9951879752501538, 0.9976450446139309, 0.9976959130855454, 0.998678662642379, 0.9974278599940265, 0.9974428411547639, 0.976676546391643, 0.9169979506381726, 0.7465829548049724, 0.9006908928177914, 0.9036930781907945, 0.8399987233995466, 0.9661968631148532, 0.9449192036892958, 0.9675554603497822, 0.9649452190012601, 0.9578418677864069, 0.985643270413233, 0.9821997137553914, 0.9845100826774481, 0.9781189881976989, 0.9863345707315588, 0.9838003592665853, 0.9869523924375465, 0.9867431950430984, 0.9645788635279321, 0.9684035942492064, 0.9719332415985851, 0.9716218701825218, 0.9458431873985124, 0.9761150169520714, 0.9743450102179158, 0.9824699819199246, 0.9816481933369634, 0.9367356047516328, 0.8629146743590422, 0.8303235994711505, 0.881631787739524, 0.9072977936795401, 0.9025566206049664, 0.9052998721748868, 0.9040261125823679, 0.6335130236897644, -0.5711223979034444, 0.977433254733538, 0.9694126902217766, 0.965896068023748, 0.9853785407868355, 0.9710578029888567, 0.9820790340573436, 0.9820592299865701, 0.9463739215130413, 0.9822579194826142, 0.9503149189556607, 0.648274808900512, 0.8693189498628262, 0.9161849020527578, 0.754735643878452, 0.9224901740011063, 0.9420987183044988, 0.8173733434599699, 0.9584531695874399, 0.8958341662841781, 0.6420783359973522, 0.7088837532944808, 0.8917999106174666, 0.864711889755846, 0.8886037715615009, 0.9691236013681908, 0.9693949954198374, 0.738529044357005, 0.7068960135561722, 0.8255614548730643, 0.34408946683216035, 0.7949062189023638, 0.829900460018556, 0.8164886588023992, 0.8145900919042927, 0.7518426770318293, 0.7425746847259789, 0.7229015344062244, -0.244279878853537, -0.38048407974439086, 0.6371044054022169, 0.8988376698703839, 0.9439377610849311, 0.9482837046528629, 0.9185356359254401, 0.8282887062443884, 0.9154292896481265, 0.9371761758812658, 0.9369377450935168, 0.8714359212333018, -0.1899245971608838], [0.9999913727206616, 1.0, 0.9834877037049624, 0.9997764850998053, 0.9976461375440447, 0.9904992644970072, 0.9932513059192376, 0.9891227315888799, 0.9891570485890856, 0.9687313348436453, 0.9914756978030901, 0.9893574319304294, 0.9891857475390041, 0.9892336855430166, 0.9893277846060106, 0.9938579122111327, 0.9951486894879029, 0.9924330480800391, 0.9924325359689385, 0.9892301900410341, 0.9892881285220206, 0.9883972719664105, 0.9632529893295253, 0.984840510618102, 0.9845545667997108, 0.9823392346646891, 0.9735001039740577, 0.9118774486094391, 0.987720126255449, 0.9841424817342247, 0.9760456727831782, 0.9143238619260703, 0.994808227797519, 0.9946412419772611, 0.9949241669144125, 0.9902832114795318, 0.9943742077224066, 0.9949165330419225, 0.9952137329659339, 0.9966133161011491, 0.9949094950320139, 0.9949178853039381, 0.9866194641995727, 0.9166939896378812, 0.5976920687340396, 0.9005952010116584, 0.9039569968931066, 0.8401540878592109, 0.8712508151893039, 0.9122879479902415, 0.8750217432282748, 0.8958563487321686, 0.8701847904449204, 0.9542169176314534, 0.9541236635558787, 0.9750958799446979, 0.9789073196861011, 0.9730739339732452, 0.9726652764032263, 0.9756710562619412, 0.9755834478045765, 0.9379691388560841, 0.9467403852620884, 0.9132983457393494, 0.913202422598916, 0.8126102443087841, 0.9702990972144624, 0.9725495633465269, 0.9727994022782327, 0.9722114402196155, 0.9335727271294656, 0.6604191942782938, 0.6019594810795216, 0.7530128370780942, 0.8460053575367734, 0.7761687720798085, 0.8125688080042511, 0.8108342572320577, 0.5971264431809786, -0.276554861812798, 0.9583311776595316, 0.9650243522275517, 0.9580362316803105, 0.9759732221900645, 0.955248258981431, 0.962817113590648, 0.9619087010672093, 0.9064850018148461, 0.9657174814768797, 0.9120934721776605, 0.47919155276843584, 0.8688796198273807, 0.8660486946401725, 0.27877001385347455, 0.6627159827056488, 0.7530558168264864, 0.643349802236393, 0.9572930905934209, 0.6562139787837324, -0.24094511975619748, 0.14393652039208682, 0.6242317364289217, 0.63070591000285, 0.677866616957518, 0.9589391542795461, 0.9587912212121117, -0.07575835020464876, 0.16283198575245286, 0.005111497704621755, -0.027669028353518317, 0.0003315324364469168, 0.01692907971192874, -0.014908374266151539, -0.05887236882301677, 0.36939821440732373, 0.10722355636139697, 0.057793825347898065, -0.45198363609561953, -0.48716874008074296, 0.6375878568739727, 0.7453863803501112, 0.7699365929181746, 0.82933168825448, 0.8252325065636033, 0.539793016130753, 0.7326845583852712, 0.765381332600649, 0.7640167134034411, 0.4116483952267716, 0.19780872996103588], [0.9847501701081666, 0.9834877037049624, 1.0, 0.9861908256585556, 0.9929202221364596, 0.9901997862838529, 0.9906867076224741, 0.9911349607859925, 0.9943801599731555, 0.9555239887392731, 0.9970390020920235, 0.9910302715955039, 0.9929625268665369, 0.9911951043591851, 0.9911195951430172, 0.9917670892058909, 0.9904884084450595, 0.9897339692183449, 0.9897022008740051, 0.9929088496310924, 0.9910644578283517, 0.9936774020106193, 0.9798069772184692, 0.9908899942489581, 0.9913141443083195, 0.9811007310221614, 0.9826225692049821, 0.9489714639165449, 0.9727075995143846, 0.9763673774695438, 0.9781185208145331, 0.9506116634090309, 0.9879629222950553, 0.9910821373255922, 0.9893973802271091, 0.9930524985394233, 0.9948741920288627, 0.9921425344738939, 0.9874004460804391, 0.9881064852706049, 0.9882443989800995, 0.9876142159847336, 0.990759691049858, 0.9166425826561204, 0.6872452202482102, 0.9257439889051188, 0.8971331610522953, 0.7527797067403709, 0.9267662655429124, 0.9000419926227077, 0.9289810745642063, 0.924713987899974, 0.9146798642893256, 0.9526627130501405, 0.9598902490744943, 0.9319077984991642, 0.9502506680215049, 0.9550068961470667, 0.9609460635241854, 0.9555674667614594, 0.9298943015801389, 0.9000313129695523, 0.928491939823327, 0.9250084385353953, 0.9080681875884793, 0.8655086088580489, 0.9607772929298287, 0.9387509129367586, 0.9557630380547422, 0.9343568104369656, 0.7777099034832412, 0.8042474900329559, 0.7352895393572804, 0.8252505922907255, 0.868104199159759, 0.8660942384372605, 0.8371253771401114, 0.8511860480086237, 0.30939039876437235, -0.5706153665265781, 0.9476742293288475, 0.922702292009882, 0.9261980582836323, 0.9323839264924212, 0.9420473129359765, 0.9524216363749248, 0.9521206111654852, 0.9145219089271289, 0.9486704433883174, 0.8419094031747886, 0.6209822899373351, 0.9356134914442116, 0.937323231055641, 0.7148725981205062, 0.9041585090853429, 0.9260256735479673, 0.802930127318201, 0.9782975507132137, 0.7783876540891381, 0.5495129799108571, 0.6485593403134485, 0.7860633639144192, 0.7904497133188993, 0.774779829674153, 0.9818728411516819, 0.9819427651419417, 0.6582325198972052, 0.6426734093225075, 0.7137389249864999, 0.27620641530757883, 0.6905685196059327, 0.7115859211691571, 0.7246341342326037, 0.707915009663957, 0.706386582138069, 0.6698195013874301, 0.6482830958296099, -0.31720779239795444, -0.4529906599517823, 0.5936477931636358, 0.859044557747389, 0.8939985216035948, 0.895718730210836, 0.8917861680305618, 0.7585837667189156, 0.8680951867058104, 0.8825077395550542, 0.8911367228446634, 0.7389041607036991, -0.1089478613824904], [0.9999226048210311, 0.9997764850998053, 0.9861908256585556, 1.0, 0.9992266122988522, 0.9890769540533552, 0.9979085067083879, 0.9959214062672632, 0.9963214684810084, 0.9795269596564832, 0.9938621939815651, 0.9960444816543876, 0.9954830510273087, 0.9959727528585356, 0.9960895287158182, 0.9971567229579951, 0.9984656856966327, 0.9966043219785421, 0.9966196148247579, 0.9967313077721377, 0.996003077293692, 0.9870531954638683, 0.9711535437167297, 0.9892714396816211, 0.9882430981043849, 0.9846899589962873, 0.9664096418048829, 0.9461277015097993, 0.9934112870348565, 0.9941815120602098, 0.9919359625634554, 0.9748272577176041, 0.9976428472321205, 0.9980736999876136, 0.9974860472691015, 0.9961706562744743, 0.9959568040578481, 0.9979832892580219, 0.9978082237854714, 0.9988245143299795, 0.9975771243013939, 0.997588367115098, 0.9785188178797256, 0.9126051707659444, 0.740168967460106, 0.9014628797369443, 0.9013466251943352, 0.829662705546967, 0.9632670936851435, 0.9414760634935624, 0.964516423091642, 0.9622656996610904, 0.9549549111055653, 0.9835627112699858, 0.9806600348053915, 0.9827661413457287, 0.9764519794161782, 0.9847778459707912, 0.9829549963978412, 0.9853157982160535, 0.9851045199297467, 0.9512404084893612, 0.9667514535379812, 0.9702005236560479, 0.9698903725855447, 0.9392258307631043, 0.9754493987102615, 0.9707781900176036, 0.9807132510485823, 0.9798535131211878, 0.9096799131371561, 0.8608142737853747, 0.8255362546498094, 0.8792525566015, 0.9037434954234337, 0.9016717657733263, 0.9022726203361101, 0.9010681332149468, 0.5292755628556356, -0.5711363977173781, 0.9762310273903139, 0.9673028871749108, 0.9637727620871633, 0.983642080719128, 0.9699230574335101, 0.98100117035898, 0.9809820202607578, 0.9452818250923487, 0.9804801856710643, 0.9301772995802865, 0.6538062065568921, 0.8775651464440647, 0.9207189332286232, 0.7562906073226373, 0.9242289122664259, 0.9435821314577806, 0.8177076371958234, 0.9599566530597374, 0.889691738045388, 0.6387657917652181, 0.7071094269938867, 0.8867278520243567, 0.861170279358886, 0.883202425478011, 0.9702147702110373, 0.9704922877766621, 0.737565212279802, 0.7071918633999975, 0.817639243664912, 0.34619248264507374, 0.7893029211325389, 0.8216930061370851, 0.808353721555797, 0.8093117552245527, 0.7547090104035671, 0.7426512515314668, 0.7230469042665583, -0.23966500543240055, -0.3797395196721833, 0.6354541010728274, 0.896938306269467, 0.9421685281517134, 0.9465585213733984, 0.917423814611939, 0.8254869741700838, 0.9134731695403313, 0.9349871333533025, 0.934902408940157, 0.8637918209026367, -0.18257957068439212], [0.9989223400059084, 0.9976461375440447, 0.9929202221364596, 0.9992266122988522, 1.0, 0.9919431227420773, 0.9990525973591988, 0.9983102242309444, 0.9983697371606177, 0.9732245429436961, 0.9977044832278816, 0.9983552094704816, 0.9981514649577018, 0.9983443481821834, 0.9984132890540889, 0.998673042512142, 0.9992079274578348, 0.9987281125497187, 0.9987298291599914, 0.9984282947405242, 0.9983423833585137, 0.9937356064004745, 0.9787665578734366, 0.9938959072207841, 0.9938272926561169, 0.9882119491174612, 0.980439480936805, 0.9494561247033101, 0.9899153783075425, 0.9924043734808471, 0.9895452429042348, 0.9657618015218635, 0.9989411696152185, 0.998976599085971, 0.9989731797652937, 0.9984526378699176, 0.9985387960373557, 0.9990743423537926, 0.9991263490938174, 0.9991396965595645, 0.9989269287606929, 0.998926933792382, 0.9889096059171237, 0.922256687073355, 0.7153343087553321, 0.9164978596521226, 0.9054330728809117, 0.8115981095058634, 0.9470051742634953, 0.9296223467024817, 0.9509052757778452, 0.9535570516211764, 0.9457736141129158, 0.9796220056026926, 0.9795490229366172, 0.9786288967480435, 0.9702552852762442, 0.9796085787930089, 0.9784713278406758, 0.9799221467006337, 0.9796700218753747, 0.9528486826114786, 0.9563496770231118, 0.9513182930498979, 0.9509416384477615, 0.9057324168836717, 0.9723439278786313, 0.968962385687279, 0.9757368082229032, 0.9748115138156757, 0.9318229984223056, 0.8358727299017115, 0.7901197764253404, 0.8611280007423775, 0.9062363094424087, 0.8870845764286533, 0.8958722425669858, 0.8947660671291405, 0.686732181231089, -0.5936164962196588, 0.9688440470039185, 0.9550567132747787, 0.9527856648526186, 0.9797944575752232, 0.9585133379691567, 0.9732313364903353, 0.9727977219905427, 0.9343781022789299, 0.9752496840610667, 0.9384624979911788, 0.6401344995542813, 0.8986590836491347, 0.942206318589517, 0.7058538012936009, 0.9022469964898647, 0.9276038345676791, 0.8113622525386427, 0.965896955864485, 0.8798468759159599, 0.48536316348706265, 0.6387882296337988, 0.8675154513075626, 0.8236369042416759, 0.869608433285708, 0.9744549389374407, 0.974673035715518, 0.6906826537114884, 0.6875002015468193, 0.7345960164630022, 0.3207003426876945, 0.672318001757761, 0.7404802700462034, 0.7166418252524407, 0.6960004115854982, 0.7383512649423715, 0.7249574483337355, 0.7043791822571833, -0.4616666068733562, -0.5386484983105567, 0.6242902479130635, 0.8894638162108103, 0.9262229391952396, 0.9379841345412478, 0.9135826776936223, 0.8016641086568683, 0.8958010586428929, 0.9192090707129665, 0.9186704606240877, 0.7972387188545588, 0.03337467452346821], [0.9881044530085482, 0.9904992644970072, 0.9901997862838529, 0.9890769540533552, 0.9919431227420773, 1.0, 0.9883285543460508, 0.9884543222806325, 0.9880009544276174, 0.9637748026687063, 0.9796151872583351, 0.9883944883211708, 0.989579794853821, 0.9885154856911492, 0.9886310214849496, 0.9915491446483463, 0.9896277938610721, 0.9893176018480346, 0.9892850147871273, 0.9873197929674243, 0.9884286519350105, 0.996093249965395, 0.991505965572025, 0.9884464787621182, 0.9882999160466099, 0.9705364283764165, 0.9852202881982368, 0.9672118162350044, 0.9717184441290043, 0.9760058925311389, 0.9839637415977375, 0.9706536941581058, 0.9882451136789402, 0.9884493996510595, 0.9892487676763293, 0.989330152052463, 0.9819428378205549, 0.989217789969558, 0.9886396505315437, 0.9888567600720701, 0.9883481529557511, 0.9883187276436105, 0.9948057311530579, 0.8750001565532617, 0.7174946287677808, 0.8780416305240479, 0.8991531009084179, 0.83131620083831, 0.9316979571726451, 0.9115133360556934, 0.9335915247302293, 0.9416449730433922, 0.9292785520575751, 0.9610401716079795, 0.9655314949224969, 0.9681248928825633, 0.9806686619080381, 0.9692299852692573, 0.9811666937967751, 0.9690884563286937, 0.9685457815836626, 0.9685309507399132, 0.9601539530117932, 0.9431624964449818, 0.9426674097912925, 0.9310871934526409, 0.9786956147065251, 0.9710193715470594, 0.9694857534384715, 0.9678983055415724, 0.9507529483957411, 0.8593769812165125, 0.8112387787597016, 0.8796200180872991, 0.8979428377759116, 0.9055046487927346, 0.8883354135571945, 0.8863691745174846, 0.6532535972866117, -0.5335674003624237, 0.975125147625597, 0.9718582129414924, 0.9683030366415394, 0.9692664520249246, 0.9658714732491575, 0.9752061302916832, 0.9748828167712439, 0.9563150544493245, 0.9646784311885794, 0.9556930374888598, 0.6559549825808983, 0.8430077254783538, 0.939072218015931, 0.7538749159765267, 0.914454048874729, 0.9319626271884308, 0.8124349225350634, 0.9563203252929665, 0.8455368194899648, 0.585022198686831, 0.6806189227828845, 0.8430587858119892, 0.8213280888558835, 0.8407923071668303, 0.95843337171243, 0.9585645380073794, 0.6997696980917654, 0.686624340616981, 0.761440441276172, 0.34609581234551184, 0.7411154609642026, 0.7672115037771865, 0.7531824325701377, 0.7551913337445713, 0.7420090316889, 0.7132288340993371, 0.6957467677273066, -0.26997967281011637, -0.3977642735162611, 0.6625813266589742, 0.8819424442732143, 0.9001494793662246, 0.9086022589894465, 0.8969813405995138, 0.7990079841889324, 0.8688797284116231, 0.8915542137554611, 0.8914358204631158, 0.8354018226714048, -0.15313481940921608], [0.9975739511062949, 0.9932513059192376, 0.9906867076224741, 0.9979085067083879, 0.9990525973591988, 0.9883285543460508, 1.0, 0.9971909983866339, 0.9995374117457488, 0.9728138722938398, 0.9994407015934692, 0.9981637573860382, 0.99907751713674, 0.9990386909803054, 0.9988205272502823, 0.9981882324566721, 0.9999028957611623, 0.999268356189592, 0.9992746747579409, 0.9996573106481432, 0.9992381473551042, 0.9907004841370097, 0.9749745740391983, 0.98426658079627, 0.9926057256808752, 0.9874520091230752, 0.972135842613914, 0.9445713206510633, 0.9921498024470053, 0.9917864399867372, 0.9930738393048656, 0.9718470358660725, 0.9988480412424693, 0.9998219382057284, 0.9996598647869678, 0.9994035563074456, 0.9996709067781056, 0.9998529851284091, 0.9979522093984465, 0.9996809884672675, 0.9992863925729863, 0.998901263169099, 0.9829897430455039, 0.9285805516344374, 0.7311612672604467, 0.9296478451718161, 0.9162307707890958, 0.8038245423008414, 0.9583630491044968, 0.9408889786310601, 0.9604270331747109, 0.9579489984148964, 0.9514318988228929, 0.9817460753616772, 0.9800064574045274, 0.9414651452013361, 0.9565259441153601, 0.9694624233262983, 0.9698046797306935, 0.9712491242170178, 0.9417284622307783, 0.8924785178306015, 0.9465344015218787, 0.9557535765564249, 0.9327274789952456, 0.8788894462902659, 0.9614336933568737, 0.9314294584931873, 0.9631420911721758, 0.9419015619265246, 0.7412885189983008, 0.8304858689597723, 0.7579026057091225, 0.8476588372188071, 0.8742295177362296, 0.8781943153369388, 0.8573943509575582, 0.8700430084192667, 0.26416687054976984, -0.6057521316568939, 0.9592790975423349, 0.9386237389945101, 0.9383841687240484, 0.9437927495819931, 0.9556087968463501, 0.9670039510560088, 0.9671062382336143, 0.9246942468509584, 0.9631754845744381, 0.825402267547842, 0.635189446276811, 0.8991482673103748, 0.9206717321392734, 0.7450958452769444, 0.9214820344918228, 0.9420401125420832, 0.8119320175998633, 0.9654292087574872, 0.8311402232887961, 0.6269018263159595, 0.6971435780786485, 0.8437344681699936, 0.8398056956820719, 0.8296167601889831, 0.9745783271045446, 0.9748580125522778, 0.7237490753222462, 0.6840080992596699, 0.7829342898606876, 0.3158537112312352, 0.7662293412435589, 0.7921328518165855, 0.7824705882195796, 0.7884208536092798, 0.7340862345749347, 0.7297171716463885, 0.7082997682253185, -0.2580980383337154, -0.4053858996921443, 0.6429363908176849, 0.8911594646233161, 0.9293258519104766, 0.9445902992245871, 0.91705135684774, 0.8236910341128972, 0.9132149607824226, 0.9350519338615902, 0.9344219695522371, 0.7747825906431101, -0.14494228860884834], [0.9953985466076829, 0.9891227315888799, 0.9911349607859925, 0.9959214062672632, 0.9983102242309444, 0.9884543222806325, 0.9971909983866339, 1.0, 0.9999845344282609, 0.9669839441763649, 0.9996590805569685, 0.9999969095832066, 0.9996662083038442, 0.9999978956187877, 0.9999821022573886, 0.9965472693299741, 0.999326949234399, 0.9998902417459871, 0.9998899378695053, 0.9999575608250332, 0.9999945518120806, 0.9909354363927665, 0.9760153175643858, 0.9918690535798431, 0.9931112874553717, 0.9846350418895831, 0.974316738868028, 0.9432613053350141, 0.9884317570933111, 0.9942014550117712, 0.99171479397166, 0.9684761527125855, 0.9994304822254606, 0.9994963493728989, 0.9996189520070228, 0.9996924464672989, 0.9988254808035262, 0.9994199169673851, 0.999123472252427, 0.9985752111700189, 0.9995001234465722, 0.9993631768059938, 0.9844547568692861, 0.9287399918146197, 0.7179802777065206, 0.9355985037895996, 0.9136844570750455, 0.7826625450549902, 0.9568039329168867, 0.9359596535071396, 0.9584516637041218, 0.9515163547537966, 0.9449216462595644, 0.9797488651916293, 0.9767686819072555, 0.9357560303377509, 0.9507090019258123, 0.9616579501728315, 0.965821511512852, 0.9639332500315034, 0.9397586258870607, 0.8818670361294981, 0.940457067922175, 0.9478512595267821, 0.9266491027589413, 0.8636989349475289, 0.9578738200559768, 0.9240260693607287, 0.9566038230531843, 0.9365913021717559, 0.724928902239479, 0.8204263618991808, 0.752864174630171, 0.8375732919874511, 0.8653300675941127, 0.8721309543333842, 0.8521656685182714, 0.8618868282430181, 0.24342193676953028, -0.6115491660882141, 0.9538498098368018, 0.929040333651009, 0.930179201492881, 0.9415698453223941, 0.9495385588856554, 0.9617118805982009, 0.9618235743917991, 0.9175897322072963, 0.9548639944537971, 0.8105723331300413, 0.6305201475082725, 0.9192538062248964, 0.9331390746503581, 0.7395864468906769, 0.92079117596129, 0.9416338138316209, 0.8091736158195243, 0.9701301616811525, 0.8349380302522078, 0.6125904309001615, 0.6876493857840441, 0.8450376923530577, 0.8367680804890532, 0.8330469846162732, 0.9775764003857433, 0.9778556661902615, 0.7135794727044742, 0.6750084295054432, 0.7849381203734135, 0.30097224048977267, 0.7610069179300746, 0.7877896778076259, 0.783764476001488, 0.7828702396409536, 0.7267126208157791, 0.7232724451377549, 0.7011708294584317, -0.2752440632630954, -0.4215765683425618, 0.6246733377847169, 0.8826297432437598, 0.927066682208008, 0.9368558132229952, 0.9106616155444057, 0.8121861368124633, 0.9066776024804803, 0.9287199779885368, 0.9283448584080545, 0.7544565435073717, -0.12692402635171646], [0.995713372855519, 0.9891570485890856, 0.9943801599731555, 0.9963214684810084, 0.9983697371606177, 0.9880009544276174, 0.9995374117457488, 0.9999845344282609, 1.0, 0.9663005103360249, 0.9996580806050347, 0.9999815460384686, 0.9998394641089681, 0.9999900996117366, 0.999996494543321, 0.9990030258370971, 0.9993171182233026, 0.9998287158387278, 0.9998277075267695, 0.9999670888943208, 0.9999825035601607, 0.9938206556217927, 0.9773165998391311, 0.9951638311443449, 0.995306126814666, 0.9846691612192108, 0.97861005428681, 0.9444407043941015, 0.9889761816519237, 0.9932854295639869, 0.9887418868732815, 0.964006638019622, 0.9993555100572055, 0.9994364309222535, 0.9994397373815901, 0.9998414376129356, 0.9988355459236157, 0.9994077711928476, 0.9993485256143773, 0.9985868268043577, 0.9993502489903318, 0.9993443722231202, 0.9888829512024814, 0.9287888302830875, 0.7186993949902581, 0.935605790588916, 0.9137660105827055, 0.7828865285613158, 0.943787704253751, 0.9247815075922066, 0.9472189667244456, 0.9489202065946093, 0.9421196206005148, 0.977323127900702, 0.9768529786453595, 0.9675820121378571, 0.9512145583730153, 0.9684826245586978, 0.9659600674413641, 0.9688929120695712, 0.9685551914938032, 0.9396335073727806, 0.9398507227994788, 0.9403315407173817, 0.9399176651257574, 0.89342579237923, 0.9583050203581523, 0.958996557457318, 0.9651848376286548, 0.9639984072762912, 0.9182516811619498, 0.819728062162324, 0.768328826441324, 0.8370131677630253, 0.8869617671832224, 0.8706973256223077, 0.8782672452387149, 0.8772180233954711, 0.6327038103813325, -0.6273267094915522, 0.9538672685809965, 0.9290746526945933, 0.9303022564860244, 0.9689461284893639, 0.9442346253891446, 0.9613067356599435, 0.9607884217163798, 0.918586079865142, 0.9635839408149921, 0.9229890595428878, 0.6288368677140358, 0.9190540862184674, 0.9471550516358395, 0.7154207002897676, 0.9075292519444169, 0.9323898158869961, 0.8082798922878061, 0.9689228894391895, 0.8866178933181217, 0.5149820175818597, 0.6558829311376111, 0.8748295089231248, 0.8318501073448515, 0.8774398243785948, 0.9775425732450874, 0.9778079263612097, 0.7114871554957479, 0.6722957698674422, 0.7508180586951021, 0.2987529902189334, 0.6905348492482254, 0.7563439842297874, 0.7343734906514696, 0.7147707369257367, 0.7244559983477707, 0.7201752462198538, 0.6980478930065923, -0.5111253869814057, -0.5893581938728758, 0.624918773596056, 0.8814899194158821, 0.925784148256409, 0.938414900463381, 0.9096681450731894, 0.8072949654302163, 0.8960683342644522, 0.9188127603898939, 0.9182488878437004, 0.8068189144042107, 0.10625227121878743], [0.9798770347661431, 0.9687313348436453, 0.9555239887392731, 0.9795269596564832, 0.9732245429436961, 0.9637748026687063, 0.9728138722938398, 0.9669839441763649, 0.9663005103360249, 1.0, 0.9534702237059154, 0.9673708014629986, 0.9663122937204194, 0.9671029043263769, 0.9666574274346212, 0.9679011524026242, 0.9749578421212685, 0.971369812986961, 0.9713835400263755, 0.9671546860386844, 0.9672265183889728, 0.9663603124152377, 0.9538910330060264, 0.9737573857985964, 0.9716709584825716, 0.9012689230138445, 0.9697947120629504, 0.9529343647790786, 0.97680960270727, 0.9710029318510657, 0.97104331168017, 0.9378686653221646, 0.9751472477689282, 0.9747251215303248, 0.975167053406179, 0.9675863050586877, 0.9609412963911371, 0.9741684973481054, 0.9749423571615388, 0.9775868532818517, 0.9753264859033265, 0.9753440889826707, 0.956244522078851, 0.8471056967676885, 0.538279224208592, 0.8041773707521999, 0.8938152401674077, 0.8745387081701697, 0.9029444179671104, 0.8345961795740421, 0.907379847550078, 0.9178198726255783, 0.904506146521227, 0.9353257508670528, 0.9351869877292772, 0.9452872018395744, 0.9373700727839663, 0.9552235848149062, 0.9491375322863018, 0.9536478974405582, 0.9536698726809866, 0.9130130325238921, 0.9541414989344779, 0.9399860507802015, 0.9396875588072429, 0.8640462619436879, 0.9372163581832241, 0.9448092812320423, 0.9384940279660364, 0.9374330247519577, 0.8885747128099437, 0.8277399034704568, 0.7854535553242713, 0.8696216591393102, 0.919063534685302, 0.8920416733773041, 0.9056149091119164, 0.9049184330953675, 0.7241277420004315, -0.3190607699493079, 0.9541337276910294, 0.9552834733413076, 0.9473320090481132, 0.9470031523661087, 0.9323956864096025, 0.9553713822997477, 0.9553082003238497, 0.9036434663370108, 0.9572823200615291, 0.9083349977974575, 0.7270145682144107, 0.7106451113719817, 0.8706600325786276, 0.6397697421449328, 0.859522478920016, 0.8945841832768114, 0.8780906714892188, 0.9516752225644982, 0.9069230060252687, 0.40336372807952786, 0.6590783617503159, 0.8993215554548766, 0.8774393547737717, 0.9060853092116209, 0.9519119063417346, 0.9522393327356914, 0.5447339529802785, 0.7101904613335047, 0.6205693079486871, 0.4912158732586578, 0.5798778000841025, 0.6348199195247733, 0.5959671396729216, 0.5701125265020712, 0.8131335515737447, 0.6905058553408616, 0.6553454393150192, -0.28813669854977586, -0.33851967972442376, 0.7520221695865824, 0.9175461643459906, 0.9243872650018257, 0.9129621748878579, 0.9425395867513794, 0.6674149554626617, 0.8458787838762285, 0.9108286887616124, 0.9099889373460687, 0.6928420712821362, -0.16517172433381389], [0.9924755093526269, 0.9914756978030901, 0.9970390020920235, 0.9938621939815651, 0.9977044832278816, 0.9796151872583351, 0.9994407015934692, 0.9996590805569685, 0.9996580806050347, 0.9534702237059154, 1.0, 0.9996859558282402, 0.9996648657829104, 0.9996728489267745, 0.9996792882696973, 0.9994434675627676, 0.9991447424052462, 0.9999569686290025, 0.9999564773565474, 0.9996718082485726, 0.9996797314060579, 0.9904714213312297, 0.9591600464170879, 0.9915086302371023, 0.9926081547203777, 0.9889119677505671, 0.9713935807339347, 0.8990173499064847, 0.9886537278064496, 0.9924931975925937, 0.9732189944534599, 0.9000394101940791, 0.9991748968620288, 0.9992410901736427, 0.9991773207317352, 0.9994624910916203, 0.999418994049681, 0.9992005506420385, 0.999069380719012, 0.9978721092736936, 0.9991478805806192, 0.9991432998125415, 0.9898185849309932, 0.9227752440127437, 0.5621739311358396, 0.9311844532051274, 0.912903493658202, 0.7869479377913227, 0.8567565441521773, 0.8938963536033242, 0.8621204518822752, 0.8757673551423466, 0.8538323192498207, 0.9508394242876709, 0.9507715659868652, 0.9521774508345562, 0.95440601789924, 0.9442614616094795, 0.94620707034771, 0.9485440711568178, 0.9483507876825259, 0.9000152381410892, 0.9114053927891053, 0.8709642078691531, 0.8707911472253658, 0.7549737849031205, 0.9483880535051121, 0.951701658884515, 0.9518674070654274, 0.9511742916150763, 0.9012437625442279, 0.6091528835783214, 0.5468693956051593, 0.7020036696998142, 0.8026265121548919, 0.7308825640570019, 0.7685540280315144, 0.7673789518590692, 0.5392335340646902, -0.3987415274361224, 0.9232888265691707, 0.932990795113539, 0.9229651167212127, 0.9535840922867194, 0.9197908080850995, 0.9290590823833815, 0.9278504352643359, 0.8613270060892501, 0.9332630031050353, 0.8685670520734751, 0.5249554886608561, 0.9156533852010976, 0.9101451674450867, 0.31701515324482904, 0.6977557840039554, 0.7797339563561748, 0.65478469888291, 0.9716530031323537, 0.6667082769240598, -0.1848318993224889, 0.1907672885276642, 0.6394662725981127, 0.6436399123830298, 0.6856944597678307, 0.9729227444028211, 0.9729775568729936, -0.01564723042164305, 0.21361895179072052, 0.06702457590904856, 0.033168428836332156, 0.05996465174973251, 0.07914493966770823, 0.04616426259779567, -0.0037487209775199943, 0.4178277418479516, 0.14853754748265033, 0.09608897323307836, -0.5205756355053235, -0.5552359968559029, 0.6249718358878161, 0.7394215326206021, 0.7642683385544621, 0.8265375152079154, 0.824747113140309, 0.5211599046395333, 0.7244098353975942, 0.7597720426126878, 0.7584965870968364, 0.4041523834794607, 0.24811061910055493], [0.9955397382626673, 0.9893574319304294, 0.9910302715955039, 0.9960444816543876, 0.9983552094704816, 0.9883944883211708, 0.9981637573860382, 0.9999969095832066, 0.9999815460384686, 0.9673708014629986, 0.9996859558282402, 1.0, 0.9996508971908309, 0.9999976579733457, 0.9999846889427801, 0.9971721620420131, 0.9993767285514058, 0.9999012998425272, 0.9999011699804928, 0.9999652882570171, 0.999994996403374, 0.9908460720867703, 0.9758926522770595, 0.9925256237074587, 0.993073566053162, 0.984826517972588, 0.9741527325670587, 0.9432830551716541, 0.9893195753186008, 0.9942584463237429, 0.9917889628300561, 0.9686228488482176, 0.9994728857657931, 0.9995400564330118, 0.9996521783257741, 0.9996942664682031, 0.9989124365605903, 0.9994648994913801, 0.9991624822515445, 0.9986549588423773, 0.9995437321399638, 0.9994065463484959, 0.9842636124464116, 0.9290334548508837, 0.7187009153339649, 0.9355357287859893, 0.9139478187245257, 0.7838235409340769, 0.9571335791525521, 0.9363749866270197, 0.9587892623014405, 0.9518923332298291, 0.9453240456955337, 0.9799896825553593, 0.9769562409225773, 0.9360891235195128, 0.9509201430828315, 0.9619822370357692, 0.9659868363472712, 0.9642504863171506, 0.9400331285286553, 0.8820898244164275, 0.9407696475043251, 0.9482946563972032, 0.9271010282598482, 0.8641734404549101, 0.9579836373526359, 0.9242737442823675, 0.9568540548003107, 0.9369023547290904, 0.7250804484232772, 0.8209473510778744, 0.7534397415561896, 0.8380829865218189, 0.8657142672223564, 0.8724315683598107, 0.8526095112585791, 0.8623505260841201, 0.2438000713572433, -0.6114306605465656, 0.9540966785356888, 0.9294753986790811, 0.9305367473620475, 0.9418280934666555, 0.9498021383037895, 0.9619622546739378, 0.9620739628438026, 0.917841300336839, 0.9552133720146843, 0.810861806695551, 0.6307322262551441, 0.9183446812450761, 0.9325958529351009, 0.7398565669577207, 0.9208448369362298, 0.9416863363428536, 0.8094665387271208, 0.9699594005149144, 0.8353811002120357, 0.6136048261754414, 0.6883462796091167, 0.8455031680556321, 0.8373005017079901, 0.8334740078468488, 0.9774918536520882, 0.9777711060245303, 0.7142447306178669, 0.6756348519270398, 0.7855081404824908, 0.30184693370235594, 0.7616952330928307, 0.7884648992346509, 0.7843402809004926, 0.7835747867953865, 0.7271237937309424, 0.7237321843430514, 0.7016591237476991, -0.2742072263231324, -0.42063741323895915, 0.6252749726873715, 0.8831461357379118, 0.9274794790013412, 0.9373589115755578, 0.911112152238694, 0.812739124825806, 0.9072254555229193, 0.9292549604046906, 0.9288666020637325, 0.7551272395099728, -0.12799427175756356], [0.9947688711733629, 0.9891857475390041, 0.9929625268665369, 0.9954830510273087, 0.9981514649577018, 0.989579794853821, 0.99907751713674, 0.9996662083038442, 0.9998394641089681, 0.9663122937204194, 0.9996648657829104, 0.9996508971908309, 1.0, 0.999687539769113, 0.9996743588126825, 0.9991343820971251, 0.9989327376416848, 0.9994798170359679, 0.999473293275681, 0.9996685725525452, 0.9996428188162947, 0.9928386244805611, 0.9775245389593934, 0.995842447504596, 0.9957306855968681, 0.9846713218063611, 0.9769699226024651, 0.9457797288376804, 0.9884299564287491, 0.9922513668826475, 0.9908382036935612, 0.9662161527728236, 0.998766832153995, 0.999077611078476, 0.9992687218309334, 0.9999193727937136, 0.998860335182681, 0.9990565357224351, 0.9986072860738735, 0.997971378915681, 0.9987595994171048, 0.9986867193715272, 0.9882583527290646, 0.9289892862694697, 0.7144401085383502, 0.9356381203059272, 0.913841473658599, 0.7831245790111958, 0.9525558207468484, 0.9294467219867675, 0.9535979434052342, 0.9483867022912622, 0.9412170013664442, 0.9764215277012374, 0.9748303218837179, 0.9593077722678293, 0.9506047137463274, 0.9622706182146846, 0.9652866680656328, 0.9640828819446781, 0.9634454896616544, 0.886180929407201, 0.9378489396590275, 0.9466809722920375, 0.946449357150389, 0.8624041846737006, 0.9583163099775454, 0.9359345220775388, 0.9587398047097597, 0.9574600985666761, 0.7296333207660226, 0.8179453872687998, 0.7795670036830404, 0.8357336657969661, 0.8671700398678199, 0.8715608674237132, 0.8608588615898758, 0.8614041820723257, 0.22857605185326615, -0.6059291560889076, 0.9532289064170928, 0.9291693492371194, 0.9294844786732532, 0.9621662790503559, 0.9492319222486146, 0.9607693219426686, 0.9608386934640176, 0.9176610687589789, 0.9555530519321825, 0.8175450642340475, 0.6311680284755645, 0.9188683097215922, 0.9333448530611412, 0.7371223100329134, 0.9189697129158029, 0.940099053189062, 0.8103936465676358, 0.9725961475689195, 0.8295177215198022, 0.6052433517712869, 0.6837612216055484, 0.8366670831863986, 0.8319603969835788, 0.8253945602495534, 0.9793749956197692, 0.9796102632875663, 0.7050599565392751, 0.6702220955487177, 0.764898982007111, 0.30155261350908497, 0.7516967777561974, 0.7771303442364059, 0.7536713286562751, 0.7725017545323205, 0.7248495081720415, 0.7135997426935646, 0.6917885652621392, -0.28088006172156227, -0.425717145477894, 0.624856820890785, 0.880896792639899, 0.9288056322877621, 0.9327477448338723, 0.9102627210786427, 0.8048778278572823, 0.9008412229788536, 0.9221051669389554, 0.9223873701575273, 0.7488227092364754, -0.12630077456439112], [0.9954514790735853, 0.9892336855430166, 0.9911951043591851, 0.9959727528585356, 0.9983443481821834, 0.9885154856911492, 0.9990386909803054, 0.9999978956187877, 0.9999900996117366, 0.9671029043263769, 0.9996728489267745, 0.9999976579733457, 0.999687539769113, 1.0, 0.9999887878788025, 0.9986683064155154, 0.9993465135852182, 0.9998937640171228, 0.9998931358668925, 0.9999594178871547, 0.9999924665221315, 0.9909752305694055, 0.9760699960821175, 0.9943527707158673, 0.9941905370120687, 0.9847480036860966, 0.97436202963971, 0.9434418196820625, 0.9917817927357643, 0.9945658916434434, 0.9916581617423644, 0.9683752361888426, 0.9994458364622388, 0.9995006061890191, 0.9996286528610963, 0.9997107480913472, 0.9988659408970119, 0.9994301968957038, 0.9991885232341765, 0.9985966595447346, 0.999513257327763, 0.9993793565959724, 0.9844388076962228, 0.9288434683322639, 0.7180530035989293, 0.9356163042863295, 0.9138747317362015, 0.7832096720370328, 0.9569085009300743, 0.9361288395880435, 0.9585921156854218, 0.9514787046387825, 0.9448580542455315, 0.9797940720275087, 0.9767280317260462, 0.9361041296613344, 0.9508299726308185, 0.9618516313549107, 0.9658919782467144, 0.964110600325638, 0.9394833540948939, 0.8821034010903084, 0.9403099183176795, 0.9479254115159079, 0.9268997438923171, 0.8638348437758668, 0.9580362508402259, 0.9244339137247015, 0.9568418371118826, 0.9369561325179552, 0.7253188247978347, 0.8203747101987834, 0.753164760573535, 0.8375669480358197, 0.865518244987426, 0.8721042406065334, 0.852338593774138, 0.862076536486206, 0.2437890485765998, -0.6112541231716802, 0.9539190202883568, 0.9292508373443661, 0.9303542984141446, 0.9397311149730608, 0.9497311031035, 0.9617883849247754, 0.9618968108912074, 0.917769182243209, 0.9550578196759651, 0.810867609358601, 0.6305670232112497, 0.9188209737759054, 0.9329943252147118, 0.7395213915420837, 0.9206656919167764, 0.9415354687608742, 0.8091776485193436, 0.9701483053377606, 0.834998592700769, 0.6124612168964801, 0.6875441485984208, 0.8450821797790496, 0.8369288963749552, 0.8331004742408952, 0.977628017102297, 0.9779035575293434, 0.7131282977477033, 0.674607532212358, 0.7849418542998072, 0.3012832654633247, 0.761000944162468, 0.7877268387660548, 0.7839577741691918, 0.7827834476680975, 0.7266153508518324, 0.7224545783138171, 0.7003884333639318, -0.27503510895744193, -0.42136368479519887, 0.6250165176873921, 0.8825579637414103, 0.9272236100302879, 0.9369313654062638, 0.9107257421681536, 0.8119991516606813, 0.9069227901471845, 0.9287911728287377, 0.9285330302467587, 0.7545869851913771, -0.12723629043945892], [0.9955889825103846, 0.9893277846060106, 0.9911195951430172, 0.9960895287158182, 0.9984132890540889, 0.9886310214849496, 0.9988205272502823, 0.9999821022573886, 0.999996494543321, 0.9666574274346212, 0.9996792882696973, 0.9999846889427801, 0.9996743588126825, 0.9999887878788025, 1.0, 0.998669951171293, 0.9993843550995688, 0.9998901249736262, 0.999890255359099, 0.9999573517016754, 0.9999782799066718, 0.9909084212697582, 0.9761142173534529, 0.9928764405860031, 0.9928992364428303, 0.9848710826359162, 0.9741409076630462, 0.9434777164270808, 0.9918158213945254, 0.9941563425097775, 0.9915018808224444, 0.9682587546175452, 0.9994834469114632, 0.9994836352418642, 0.9996140509837906, 0.9997018973353301, 0.9988830894258067, 0.9994321220139596, 0.9992162620691069, 0.9986490689111837, 0.9995427501190354, 0.9994223785891508, 0.9842427829132794, 0.9286939533776825, 0.71865584041235, 0.9354492784852039, 0.9138498567687517, 0.7835074540852381, 0.9574227635181963, 0.9371749544862875, 0.9591616765862179, 0.9515990158074262, 0.9449401183233738, 0.9802440142124769, 0.9768691145745021, 0.9369526705504333, 0.9513558235406122, 0.9622928636926775, 0.966128846627711, 0.964555856149035, 0.940762670717921, 0.8824490635061204, 0.9400210239255612, 0.9482627374521913, 0.9276194446217693, 0.8638940168496019, 0.9585154376472943, 0.9251564393656255, 0.9574157183769746, 0.9378460299127471, 0.7255387515734265, 0.8200246512177736, 0.7542726601258148, 0.8372928825561928, 0.8656721755597027, 0.8717918702679295, 0.8529530504014262, 0.8624685418831088, 0.24371352624048567, -0.6109580665025093, 0.9540582324417642, 0.929467342319311, 0.9306120209055087, 0.942617551084098, 0.9502977627050493, 0.9619993391326922, 0.962103322489302, 0.9182656956447066, 0.9554663413482504, 0.8111049644866487, 0.6294293408688019, 0.9186467804086855, 0.9327735420010785, 0.7390231509372875, 0.9202423138837623, 0.9411647919782523, 0.8083107293277928, 0.9698385070836967, 0.8359222928327746, 0.6116285764041554, 0.6866009708726191, 0.8455626781737163, 0.8373325882474024, 0.8337951154745313, 0.9774527714017647, 0.9777182306710828, 0.7118170790416712, 0.6726464173941473, 0.7859394920279271, 0.2997324310919377, 0.7612214933372715, 0.7880435949246183, 0.7851449760632293, 0.7829285745115703, 0.7252789215474454, 0.7203645047643946, 0.6982852507069133, -0.2745038800363975, -0.42094748896828144, 0.6250754217366634, 0.8816783961565163, 0.9277532843147264, 0.937364856828622, 0.9099703406226346, 0.8121267822514223, 0.9078727331069559, 0.929299337163098, 0.9292049595007738, 0.7544686434272817, -0.1273888511525181], [0.9966368462131648, 0.9938579122111327, 0.9917670892058909, 0.9971567229579951, 0.998673042512142, 0.9915491446483463, 0.9981882324566721, 0.9965472693299741, 0.9990030258370971, 0.9679011524026242, 0.9994434675627676, 0.9971721620420131, 0.9991343820971251, 0.9986683064155154, 0.998669951171293, 1.0, 0.9990634624201278, 0.9990009682940473, 0.9989980320262681, 0.998811762583017, 0.9985642364578139, 0.9924490459181978, 0.9788180470321225, 0.9840391411416265, 0.9903386181401279, 0.990071288667465, 0.9762621064091785, 0.9506624462523953, 0.9927846227825666, 0.9929207233181415, 0.990451197892285, 0.9681706903483388, 0.9987941801497038, 0.9987134891872402, 0.9989530520082911, 0.9986873481148589, 0.999402894215656, 0.9988642091043332, 0.9989134589025838, 0.9984070424118665, 0.9986849193456697, 0.9987455801674906, 0.9833984859246541, 0.9221814304707182, 0.7231871079698423, 0.9294371939254462, 0.9162104009075465, 0.7996737216872266, 0.9603339171596129, 0.9407590607497237, 0.9624480456789196, 0.9510822398905926, 0.9430028838549493, 0.9805468794745819, 0.9760356456453831, 0.9488881005360379, 0.9600