var correlationClose = {"data": [{"type": "heatmap", "z": [[1.0, 0.9999823486520247, 0.5589892316381092, 0.9996969497348224, 0.9974040620584081, 1.0, 0.9906268616918276, 0.9860921097838692, 0.9912589144185738, 0.972774643322278, 0.9812791410397748, 0.990672395968167, -0.1366181166282622, 0.9907390642331714, 0.9907841028022004, 0.9934623076772898, 0.4730989781689214, 0.9917746473546291, 0.99175979289597, 0.9836132347316989, 0.9906592785339569, 0.444809522714461, 0.6557157788006013, 0.9773698123507893, 0.9773456990804951, 0.957653257973769, 0.2977926298935988, -0.12529198618778167, 0.9898926963359285, 0.9898523279698894, 0.2708982952381452, -0.20823417980379544, 0.9936221888356752, 0.9945098363911943, 0.8066197239869398, -0.39264384446588146, 0.9870388416411142, 0.9942434122447186, 0.9941579285730775, 0.45570270094500503, 0.993815267191352, 0.9938012633382645, 0.993815267191352, 0.8908568283642522, 0.6760608850513296, 0.8634249246408543, 0.8818586388110174, 0.796678693913954, 0.3926460489451515, -0.12565991009175634, 0.19292431849414718, 0.9465008187296956, 0.47469816559612693, 0.9772842459409314, 0.9713785145637298, 0.9127074103884143, 0.9068360537926622, 0.931388573199891, 0.9057002955671829, 0.928044330812484, 0.9288529515158692, 0.928044330812484, 0.8390407131643335, 0.9045960706916211, 0.9057296510468977, 0.9045960706916211, 0.8920278377379159, 0.7269414278329501, 0.8675259472136471, 0.8691940118957703, 0.8675259472136471, 0.6117292433749487, 0.30409539305192174, 0.5880338086459627, -0.597486499025011, 0.48116136563981243, 0.5386241870469524, 0.5400630645724002, 0.5386241870469524, -0.09768019298336071, 0.8792331550067989, 0.910694604307466, 0.8924040806331286, 0.9142018801614178, 0.47448160618085966, 0.8766832794584544, 0.8779418693374984, 0.8766832794584544, 0.8871248321823978, 0.8871248321823978, -0.16655095604356268, 0.5390001996199106, 0.19791752888350392, -0.5436461072291092, -0.5577769569717493, -0.5615226891152322, -0.028475594470021917, 0.048598386126417516, 0.2666980308285123, 0.15251159947010226, -0.3604082354947033, 0.06519053025127187, -0.7912988038410683, -0.2010634481632649, 0.11449072885686085, 0.11475040895350917, -0.5347137447130389, -0.6074554953103024, -0.20235649815609, -0.47970475852968325, -0.8298971662834015, -0.3403434395743965, -0.33119706924325626, -0.3403434395743965, -0.1796909512178418, -0.24663857166984918, -0.24663857166984918, -0.8185929114643758, -0.8185929114643758, 0.4051729388984029, 0.6611719344089174, 0.8748310564691028, 0.8536315995197487, 0.7919578401380861, -0.23737198534527731, 0.7704434472583478, 0.8108987850812606, 0.8111263285317609, 0.8108987850812606, -0.23303505261725665], [0.9999823486520247, 1.0, 0.9678952429284619, 0.9991817185096382, 0.9934623261148209, 0.9999823486520245, 0.9770324480460767, 0.9676377110537974, 0.9768038458084951, 0.9571101347385276, 0.9790488733945495, 0.9770822550504702, 0.9770402238278627, 0.9768489135202132, 0.9760859649416962, 0.984911862085989, -0.24006561162991852, 0.9826891165057074, 0.9826593656902474, 0.9771523654881907, 0.9771428729081872, -0.1588960236486635, 0.9665961212237275, 0.969865513469893, 0.9699403843675666, 0.9578865688810067, 0.012088181348972485, 0.14500533485734232, 0.9753223412000867, 0.9753899520307469, 0.9708751245519416, 0.12889383504155413, 0.9870029615717427, 0.9870929618670332, 0.9878927926992344, 0.9793715046105195, 0.9853219765525179, 0.9870211871739768, 0.9876948515399844, -0.24691320922626722, 0.9879910323668286, 0.9879707341366158, 0.9879910323668286, 0.8910181479980771, 0.5646160823138496, 0.8639020811862651, 0.8821323409599419, 0.7959507201109036, -0.4455150025738966, -0.5511535873134301, 0.834947454333438, 0.8595263079204363, -0.1644264486917732, 0.9347921665783965, 0.9348592719832113, 0.9198347301195858, 0.9302099333125395, 0.9069523355074038, 0.9066233155347077, 0.9139256916321612, 0.9146949008272545, 0.9139256916321612, 0.7660677291215453, 0.7258963683147776, 0.7280841395648624, 0.7258963683147776, 0.9243719780745479, 0.9296876709997729, 0.9241394362714777, 0.9254024728718376, 0.9241394362714777, 0.431420495011777, 0.37411215872451375, 0.49611116424143265, 0.5998435920387278, 0.47718953029179756, 0.5200168424041985, 0.5207709843310481, 0.5200168424041985, -0.2131132929922983, 0.8619436813390197, 0.899672974511163, 0.8856155583926331, 0.9272336080462561, -0.049148632942019835, 0.8556243383436174, 0.8560246326057522, 0.8556243383436174, 0.8672833632288072, 0.8672833632288072, -0.2708681176631652, 0.5386403966992451, -0.3828794975577018, -0.636732639714124, -0.46628676989506884, -0.46975064437640773, -0.29652160900348284, 0.2149447245230051, -0.20912852109987015, -0.38186113637283964, -0.5699740464579521, -0.2786722736824786, -0.5012402933497551, -0.3322769966194053, 0.08854313568187239, 0.08346268018439333, -0.4855877151448014, -0.4401248431642113, -0.4680673341008959, -0.49759515727237347, -0.49013233685295554, -0.4704631785625894, -0.4736657924191732, -0.4704631785625894, -0.3577747997805534, -0.49326858150969916, -0.49326858150969916, -0.4675801225440894, -0.4675801225440894, 0.4045007880151024, 0.4208992810836858, 0.5220107709503398, 0.6061523812845427, 0.5811830015644296, -0.3838620538830099, 0.3905994220653803, 0.38156874411003605, 0.38167745889128185, 0.38156874411003605, 0.12469815016368546], [0.5589892316381092, 0.9678952429284619, 1.0, 0.5522074792447799, 0.43612425008210914, 0.5589892316381091, 0.5483452989860672, 0.5362808497223412, 0.442649932682412, 0.3812565356776694, 0.996588143577774, 0.5483593001667029, 0.5171395222447572, 0.5487053529663883, 0.5508658769074714, 0.5875173367982093, -0.09208463293704976, 0.49186773439994746, 0.49096462081371794, 0.44232020302109765, 0.547264111710142, 0.20511152551350323, 0.6881730447048431, 0.5139991979613292, 0.5137103370120447, 0.9825807089084501, 0.28193666786903143, 0.17936044052550654, 0.5148185068017583, 0.5143096451251264, 0.7696336219061588, 0.007401692489353542, 0.546876734195137, 0.44220854603776355, 0.5363737429480403, 0.3669358806392787, 0.9938369924813736, 0.4286428716209186, 0.5495058551044691, -0.09801024598957914, 0.5628886635749472, 0.5449772198173353, 0.5628886635749472, 0.8977098880973192, 0.3916812436480899, 0.904413335961702, 0.8696656907235012, 0.6509681281027028, 0.2013862553542812, -0.004377556784844386, 0.06029240301711355, 0.41491399154565006, -0.06735929131743544, 0.5068852582407982, 0.4376344630337499, -0.07837139636999882, 0.6766939192061823, 0.6351099370023661, 0.4664279910727157, 0.6412975155844163, 0.7083961327608583, 0.6412975155844163, 0.31092198209698996, 0.5348018230702896, 0.638262534264537, 0.5348018230702896, 0.5451551640236401, 0.6165977515663361, 0.6555158847001482, 0.7299357633360773, 0.6555158847001482, 0.18808730952824754, -0.08251997458074396, 0.2080566204011493, 0.15483621941879538, 0.20725712367767565, 0.26420340305611584, 0.38879233533422547, 0.26420340305611584, -0.17036842540235347, 0.4210643416424863, 0.7983897105380928, 0.5067638861450022, 0.7251061678735112, 0.09936916385473575, 0.4904203677339011, 0.49057137420002156, 0.4904203677339011, 0.6219951872331004, 0.6219951872331004, -0.2950887235842904, 0.7153233955858523, -0.2312571377518543, -0.5241311853706051, -0.38043921617304177, -0.38418511842474984, -0.3864994905380222, 0.0027250137080659454, 0.02562794925889562, -0.24988808424509948, -0.5072390471537582, -0.13054027736319201, -0.21508268152697252, -0.20190311044327647, -0.036010973374790436, -0.039763342179990786, -0.4402918453391696, 0.019324854683993923, -0.2126447056559878, -0.4757038441927233, -0.10212610922033366, -0.34940784596332763, -0.2250153775147256, -0.34940784596332763, -0.42849481142039697, -0.5004539807803408, -0.5004539807803408, -0.23175104174317346, -0.23175104174317346, 0.3283591413079577, 0.129505442138793, 0.23958480961735035, 0.48563745486671306, 0.2080925915778457, -0.29610326427071704, -0.03860553009126505, 0.4450977935961757, 0.5608844331114092, 0.4450977935961757, -0.036522783516259094], [0.9996969497348224, 0.9991817185096382, 0.5522074792447799, 1.0, 0.998593307977029, 0.9996969497348223, 0.992261050160424, 0.9882109158318023, 0.9932616521190508, 0.9705118057369039, 0.9865190259621511, 0.9922941336655564, -0.14117450918444344, 0.992332226779535, 0.9923722611711989, 0.9950588604569375, 0.4589444716532198, 0.9931772912450377, 0.9931645687452854, 0.9840830781198969, 0.9922729259705132, 0.43595527805558787, 0.6590044092833277, 0.9803767878851417, 0.980353178227598, 0.9687586371511301, 0.29268109530964986, -0.1327685716340823, 0.9896775473013792, 0.9896478998032764, 0.2623139640758788, -0.20917088172209583, 0.9944460373380303, 0.9956342644349558, 0.7651426591216216, -0.3985633393559858, 0.9908826251295016, 0.9956132977672656, 0.9948007343426005, 0.44116942315224805, 0.9919683431841672, 0.9945245305597106, 0.9919683431841672, 0.8894205038733717, 0.6632516209882077, 0.8720352028271908, 0.877852864736741, 0.773542399743265, 0.3870349766398601, -0.13178927468733953, 0.18624220117261295, 0.9406960437249109, 0.45851475843198075, 0.9729773920271447, 0.9685491441243992, 0.8878461660623561, 0.8974349669028254, 0.9159836758961546, 0.9003765618419836, 0.9078516091220342, 0.9089740784226353, 0.9078516091220342, 0.8287252949789223, 0.8906851632999131, 0.8919321023506748, 0.8906851632999131, 0.8873601484448759, 0.6580369008061178, 0.822201551187818, 0.8239057438233228, 0.822201551187818, 0.6013326676537142, 0.0988800749593552, 0.5755981727149615, -0.6027899396146821, 0.47425708772227365, 0.28120475568825487, 0.5076116159747038, 0.28120475568825487, -0.10470287610176435, 0.8721438695614021, 0.8993311721293469, 0.8818255876748841, 0.886808991213166, 0.4612036710010469, 0.870633943272139, 0.8720664324396953, 0.870633943272139, 0.8642559410038304, 0.8642559410038304, -0.17307594776459834, 0.5675551716706326, 0.20264789267955383, -0.5546600441045421, -0.565827369546133, -0.5694779640675571, -0.041341065507139806, 0.042798730891100464, 0.25937259535056356, 0.13959724832985385, -0.37363563426085644, 0.05837867786419124, -0.7983294074393418, -0.20927140301149483, 0.10296743349571265, 0.10327356700370433, -0.5424678780829232, -0.6043726116838942, -0.20429382722061634, -0.49253772313785504, -0.8325331756643761, -0.3423410816941113, -0.33376216126304104, -0.3423410816941113, -0.18948390287849265, -0.2571743096136305, -0.2571743096136305, -0.8190322346106589, -0.8190322346106589, 0.3905497210825148, 0.6490141066229286, 0.8673011093312538, 0.8461601741930163, 0.7846191803409174, -0.2512824091832016, 0.7615923364422824, 0.8023574910651008, 0.8025910427069894, 0.8023574910651008, -0.21764744860103366], [0.9974040620584081, 0.9934623261148209, 0.43612425008210914, 0.998593307977029, 1.0, 0.9974040620584081, 0.9966920485767814, 0.9946495504622686, 0.9968793539586389, 0.9597788604452863, 0.9951281225575733, 0.996710943344833, -0.3550621944124301, 0.9967423319157996, 0.9967599339064526, 0.9978054670237742, 0.2666248720611932, 0.9973003419702424, 0.9972939446130906, 0.9858364272572134, 0.9966981033315528, 0.06502188190478675, 0.6161047883318337, 0.990275723651794, 0.9902301128590422, 0.983522142916092, 0.033971765751086555, -0.11885072837892022, 0.9879548527632775, 0.9878941870527882, -0.05863222172638925, -0.10780383256053246, 0.9976848553111297, 0.9976252814184533, 0.7391529996642251, -0.5439197983383302, 0.9970366165899418, 0.9978660105289806, 0.9979648244162704, 0.24300468545210546, 0.9976463406680126, 0.9976468115305113, 0.9976463406680126, 0.9050184423484205, 0.6242320896909088, 0.8949562232274068, 0.8813841559772451, 0.7385801482807008, -0.09560093154641337, -0.5771347987650943, -0.23817437881836162, 0.9258017345379481, 0.3148909914556416, 0.9663567946919636, 0.966424729267439, 0.8807978631797231, 0.8738132894774036, 0.9001882583013723, 0.884611884098278, 0.8981782600590666, 0.8986306219222274, 0.8981782600590666, 0.7972838408050861, 0.830467505572981, 0.8319272613177503, 0.830467505572981, 0.8734672876704754, 0.7618873683960554, 0.853105901528415, 0.8541497153440607, 0.853105901528415, 0.5507210702174619, 0.4134775146555839, 0.5334422513282638, -0.6510990027859148, 0.528992744006998, 0.5058693442286109, 0.5053805938421144, 0.5058693442286109, -0.12479433535141649, 0.8499618411891373, 0.8666167124656029, 0.8525085672483522, 0.8910527500424875, 0.32095342991629494, 0.8515490660277225, 0.8529335149120575, 0.8515490660277225, 0.8598610435949963, 0.8598610435949963, -0.21732689555630075, 0.6298178973546046, 0.05632637892447479, -0.5904744610487592, -0.6251672426493459, -0.6256128260741116, -0.078278155084543, 0.06401151294931241, -0.14068102413228376, -0.11365545805096192, -0.4633792578548011, -0.31655056800013265, -0.8649087573217742, -0.511203329749027, 0.06789468282668436, 0.06803064124440851, -0.5740624267247726, -0.595752649667315, -0.506188421484539, -0.5371338684178306, -0.8013503176157113, -0.5634126709712725, -0.5659477534680958, -0.5634126709712725, -0.23468711583736934, -0.2969693637520407, -0.2969693637520407, -0.7673279035771203, -0.7673279035771203, 0.3687636704474256, 0.6269877200434987, 0.8162385776884323, 0.7905337480131571, 0.7713421072386093, -0.391933416894977, 0.6107303404250849, 0.6930636080273875, 0.6933729544383894, 0.6930636080273875, 0.019758779918050952], [1.0, 0.9999823486520245, 0.5589892316381091, 0.9996969497348223, 0.9974040620584081, 1.0, 0.9906268616918276, 0.9860921097838692, 0.9912589144185738, 0.972774643322278, 0.9812791410397748, 0.990672395968167, -0.1366181166282622, 0.9907390642331714, 0.9907841028022004, 0.9934623076772898, 0.4730989781689214, 0.9917746473546291, 0.99175979289597, 0.9836132347316989, 0.9906592785339569, 0.444809522714461, 0.6557157788006013, 0.9773698123507893, 0.9773456990804951, 0.957653257973769, 0.2977926298935988, -0.12529198618778167, 0.9898926963359285, 0.9898523279698894, 0.2708982952381452, -0.20823417980379544, 0.9936221888356752, 0.9945098363911943, 0.8066197239869398, -0.39264384446588146, 0.9870388416411142, 0.9942434122447186, 0.9941579285730775, 0.45570270094500503, 0.993815267191352, 0.9938012633382645, 0.993815267191352, 0.8908568283642522, 0.6760608850513296, 0.8634249246408543, 0.8818586388110174, 0.796678693913954, 0.3926460489451515, -0.12565991009175634, 0.19292431849414718, 0.9465008187296956, 0.47469816559612693, 0.9772842459409314, 0.9713785145637298, 0.9127074103884143, 0.9068360537926622, 0.931388573199891, 0.9057002955671829, 0.928044330812484, 0.9288529515158692, 0.928044330812484, 0.8390407131643335, 0.9045960706916211, 0.9057296510468977, 0.9045960706916211, 0.8920278377379159, 0.7269414278329501, 0.8675259472136471, 0.8691940118957703, 0.8675259472136471, 0.6117292433749487, 0.30409539305192174, 0.5880338086459627, -0.597486499025011, 0.48116136563981243, 0.5386241870469524, 0.5400630645724002, 0.5386241870469524, -0.09768019298336071, 0.8792331550067989, 0.910694604307466, 0.8924040806331286, 0.9142018801614178, 0.47448160618085966, 0.8766832794584544, 0.8779418693374984, 0.8766832794584544, 0.8871248321823978, 0.8871248321823978, -0.16655095604356268, 0.5390001996199106, 0.19791752888350392, -0.5436461072291092, -0.5577769569717493, -0.5615226891152322, -0.028475594470021917, 0.048598386126417516, 0.2666980308285123, 0.15251159947010226, -0.3604082354947033, 0.06519053025127187, -0.7912988038410683, -0.2010634481632649, 0.11449072885686085, 0.11475040895350917, -0.5347137447130389, -0.6074554953103024, -0.20235649815609, -0.47970475852968325, -0.8298971662834015, -0.3403434395743965, -0.33119706924325626, -0.3403434395743965, -0.1796909512178418, -0.24663857166984918, -0.24663857166984918, -0.8185929114643758, -0.8185929114643758, 0.4051729388984029, 0.6611719344089174, 0.8748310564691028, 0.8536315995197487, 0.7919578401380861, -0.23737198534527731, 0.7704434472583478, 0.8108987850812606, 0.8111263285317609, 0.8108987850812606, -0.23303505261725665], [0.9906268616918276, 0.9770324480460767, 0.5483452989860672, 0.992261050160424, 0.9966920485767814, 0.9906268616918276, 1.0, 0.9971489417987949, 0.999967525526242, 0.9504784380401128, 0.999575515534203, 0.9999960974276869, -0.15473052701128054, 0.9999923066536955, 0.9999208617180602, 0.9940608591180649, 0.40844304524686126, 0.999833346352355, 0.9998334773843328, 0.9883366656827587, 0.9999963018518107, 0.34124519321192404, 0.6601353440506936, 0.98407337175385, 0.9841843902259049, 0.9849791385179203, 0.2133385584739299, -0.1923465618015129, 0.9922872406569224, 0.9920022911723867, 0.16104281910694337, -0.25991292017969636, 0.9992888038552434, 0.9993786487737555, 0.34162911394927337, -0.3301025734551507, 0.9986326804686598, 0.9992812240966551, 0.9982295876832751, 0.38910154627167143, 0.9302052995486915, 0.9990150425827062, 0.9302052995486915, 0.9134372085669741, 0.6267869223729581, 0.9184286201408947, 0.890511207589333, 0.6901665775147074, 0.4169773311829749, -0.07501273645087614, -0.21172395358573304, 0.9239486418260772, 0.4159976040462313, 0.9685215961947023, 0.961193576052178, -0.08874566078466739, 0.8219089766035954, 0.7977242118084182, 0.8446352939340837, 0.7908002409544036, 0.7592753976909877, 0.7908002409544036, 0.7520490699519919, 0.7588449209537362, 0.7585258717894094, 0.7588449209537362, 0.8307574210939846, 0.2987032321040451, 0.5168340450587109, 0.6023288626100186, 0.5168340450587109, 0.5176417004007595, -0.36335397225712673, 0.4782193841694715, -0.6663684638513965, 0.3942356895497432, -0.13255156329394477, 0.36211366833477815, -0.13255156329394477, -0.14961658742390893, 0.8060650865525645, 0.8128718423799302, 0.8031058576975175, 0.7314348670787665, 0.40939586744601936, 0.8097581113714619, 0.8117950495684237, 0.8097581113714619, 0.716829082609275, 0.716829082609275, -0.25475619449766074, 0.6818521874684619, 0.25524693662882475, -0.5746863200271861, -0.609762311760191, -0.6129214880381045, -0.09444971628791102, -0.01021202625671451, 0.3614559058078899, 0.09963471159615475, -0.4027100858458119, 0.10801634565087932, -0.8260219516156062, -0.11399373652244672, 0.030098396269250597, 0.0304749544970778, -0.589344974929594, -0.6100493109394026, -0.04482594457855779, -0.5750562932108495, -0.8449310165612627, -0.33949761453883437, -0.16508155424208534, -0.33949761453883437, -0.2710085615853119, -0.3084765850084688, -0.3084765850084688, -0.8387186212875029, -0.8387186212875029, 0.36537873922677105, 0.603357696670996, 0.4961726489773351, 0.8083488262907305, 0.7602453844885662, -0.310823981802706, 0.05936349678352637, 0.7657197238648169, 0.784303873107573, 0.7657197238648169, -0.1410365290322915], [0.9860921097838692, 0.9676377110537974, 0.5362808497223412, 0.9882109158318023, 0.9946495504622686, 0.9860921097838692, 0.9971489417987949, 1.0, 0.9994557060988264, 0.941873770567827, 0.9982108252312052, 0.9979572645057904, -0.16437326768695693, 0.9989882086729691, 0.9986866856811035, 0.9866015046208705, 0.38634391692654824, 0.9990413859742143, 0.9990431998426211, 0.9853641996301569, 0.999152991603539, 0.3136137510427756, 0.6590949974662244, 0.9917491476378558, 0.9818019301095907, 0.9803484815765982, 0.19305169425043373, -0.2076911233012275, 0.9885824172118576, 0.9919978649452761, 0.1401528240474305, -0.2671601263729317, 0.9981182301063352, 0.9980103631411589, 0.32022543374263773, -0.3378056451692925, 0.9959403252576818, 0.997823520013119, 0.9975684257699795, 0.3664971036716518, 0.921129047684932, 0.9979531598984503, 0.921129047684932, 0.9108708279463671, 0.6107200267305463, 0.9190167948809566, 0.8861802217807293, 0.6618019155593743, 0.4033278788265304, -0.0910459626016905, -0.22571724825858056, 0.9144981242806645, 0.39471156065377727, 0.9636654689737387, 0.9554591510888609, -0.10000230734440874, 0.8062208629431706, 0.7784944806738321, 0.8338490686977846, 0.772808286194569, 0.745331318166545, 0.772808286194569, 0.7364675559140575, 0.7370656574257263, 0.743396207822251, 0.7370656574257263, 0.8202380660683365, 0.27622376099828533, 0.49297361196542294, 0.583634603371418, 0.49297361196542294, 0.5017177985219068, -0.37969520179559313, 0.46040796301755954, -0.6759782899696133, 0.3838613875405267, -0.15689929889665982, 0.34324311186533524, -0.15689929889665982, -0.15711672184757242, 0.7934097092903503, 0.7923268406585272, 0.7864122854286225, 0.7147891900581668, 0.3920044394021222, 0.7977786057429598, 0.8000516584124889, 0.7977786057429598, 0.6958075121269249, 0.6958075121269249, -0.2723841984800909, 0.7131706308932512, 0.2635435149843711, -0.5849255416189942, -0.6242966102816482, -0.6272533998950378, -0.11052008577437147, -0.01940487343225882, 0.35456288972254907, 0.0797134037991356, -0.41669818514473933, 0.09859234389654793, -0.8334065840346482, -0.12062459814975693, 0.012768117376845382, 0.013161506810045647, -0.6026022230001729, -0.6115441347726669, -0.05181884487225736, -0.594595985740749, -0.8456024128791201, -0.3519348446227915, -0.17147245282833062, -0.3519348446227915, -0.2907406769305539, -0.3237639021070102, -0.3237639021070102, -0.8377661510019416, -0.8377661510019416, 0.34076959348413877, 0.5847064096279039, 0.4761147606806743, 0.7896427975719619, 0.7463863053247418, -0.33464905191289424, 0.04421409384835295, 0.7457243753910461, 0.7680028658752412, 0.7457243753910461, -0.1227293889723577], [0.9912589144185738, 0.9768038458084951, 0.442649932682412, 0.9932616521190508, 0.9968793539586389, 0.9912589144185738, 0.999967525526242, 0.9994557060988264, 1.0, 0.9492131764452543, 0.999519740869419, 0.9999684630805973, -0.3294343169658254, 0.9999730656890771, 0.9999334404248638, 0.9980958733795192, 0.3037071431470157, 0.9997731506377954, 0.999773761852738, 0.9881180581548963, 0.9999654834643598, 0.11363183631801536, 0.6149454421525711, 0.994003626936854, 0.9939468398469207, 0.9847528691789721, 0.016815525682815986, -0.13226751553007615, 0.9908180815586735, 0.990784572228687, -0.04013783580037182, -0.2210143023235797, 0.9993064428619035, 0.9992657111168879, 0.7520422238364685, -0.5325237431938039, 0.9985392155811497, 0.9992615734353762, 0.9991631953812489, 0.2808158902541079, 0.99914718278644, 0.9991525976584292, 0.99914718278644, 0.9134011318233178, 0.6278458436324885, 0.9180258895455724, 0.8897718479796954, 0.6894699712088956, 0.012172024900475758, -0.522366303433722, -0.18713786516484057, 0.9191100570332411, 0.3653848975104995, 0.9624398995532242, 0.9614641291187646, 0.8516205655619642, 0.8226115529312229, 0.8719675134876982, 0.8454089633425375, 0.8700152925788943, 0.8707867093839161, 0.8700152925788943, 0.750973171741033, 0.8114611077857599, 0.8132008078865336, 0.8114611077857599, 0.8320890085381698, 0.7209754254410785, 0.8211672579305889, 0.8226994894967786, 0.8211672579305889, 0.5166862851326178, 0.33647766348778624, 0.4770627964327461, -0.6974123794939301, 0.45367296687701913, 0.41706058089426834, 0.41705605077734503, 0.41706058089426834, -0.10533997431618437, 0.8064028166232534, 0.812583983350005, 0.8032326970111459, 0.8625056753544648, 0.33764975166542693, 0.8158851656674175, 0.8183614651069268, 0.8158851656674175, 0.8241830619782818, 0.8241830619782818, -0.25712839583505237, 0.6819322540568092, 0.08091683510115852, -0.5870863574603433, -0.6520580416256092, -0.6529167808235942, -0.09814613771466602, -0.008091876768513258, -0.14821212939619255, -0.08468797234064164, -0.4521623564858941, -0.3482117846058574, -0.8788718700023388, -0.5507927281093424, 0.028711767642110485, 0.029486888243394745, -0.5913201524383823, -0.6061181018176945, -0.5159309947932474, -0.5772953853133264, -0.8209650680438788, -0.5873995778658725, -0.5894179595147958, -0.5873995778658725, -0.27356155107093705, -0.3121464945895364, -0.3121464945895364, -0.8008115618937847, -0.8008115618937847, 0.36530979884254605, 0.6019963702782817, 0.8236185705611889, 0.8020848324070007, 0.758542425880781, -0.33991891131724106, 0.6437710701864161, 0.7135183961661985, 0.7136821012144258, 0.7135183961661985, 0.10363395231825821], [0.972774643322278, 0.9571101347385276, 0.3812565356776694, 0.9705118057369039, 0.9597788604452863, 0.972774643322278, 0.9504784380401128, 0.941873770567827, 0.9492131764452543, 1.0, 0.9213208948725163, 0.9505161159325578, -0.27281431552666274, 0.9501632092334404, 0.9494307170957516, 0.9513028701026639, 0.11526797289096746, 0.9562947443875114, 0.9562697801528767, 0.9506612997105898, 0.950652251189504, 0.0413710138586626, 0.6656734295097203, 0.9524869210559163, 0.9527056220248102, 0.815680335386761, 0.11626942225062882, -0.11412634697929126, 0.9591048665475943, 0.9592418111140415, 0.1024608563383354, 0.047923781378112734, 0.9607036348912712, 0.9609880420619034, 0.8490069506644597, -0.45952113073906703, 0.9335334382296141, 0.9598705519961728, 0.9613602196417059, 0.09235299312381709, 0.9621127073541356, 0.9620754537322065, 0.9621127073541356, 0.7806758861211484, 0.42386292968301453, 0.7362133182100944, 0.8586405015009051, 0.8350315514972346, -0.5537555292928042, -0.6852968724908595, -0.30865459987764243, 0.867077784261694, 0.08601062328882236, 0.9003734877385017, 0.900420051377958, 0.8560208452984266, 0.8492954299999793, 0.882336168955874, 0.8592049688969065, 0.8740659837056188, 0.8749242918050586, 0.8740659837056188, 0.7975433881963488, 0.775656533969332, 0.7778024350074976, 0.775656533969332, 0.8510802871894318, 0.8718066714741832, 0.8491878538601195, 0.8500043918478012, 0.8491878538601195, 0.6181401806775452, 0.537853821123596, 0.6194434876281725, -0.4200504339509259, 0.6397588535597442, 0.661255683011955, 0.664394853937883, 0.661255683011955, -0.2612600413966542, 0.8560950502136264, 0.9179353829027904, 0.8745392744815474, 0.8728645929286877, 0.21606632287986458, 0.8479185438494035, 0.8493069638382997, 0.8479185438494035, 0.8600019014473728, 0.8600019014473728, 0.010650384342871338, 0.2709562560169269, -0.08646291962725677, -0.4919718657502896, -0.39489199099261113, -0.3968567248141959, 0.0714355607238124, 0.38231207867374833, 0.10624879906740972, -0.016479690962389257, -0.33560097492263824, 0.014382084500847271, -0.8124570484723405, -0.14744667422049332, 0.2714711800718068, 0.2704137947001011, -0.3524660402085007, -0.43837832736739263, -0.306323411783524, -0.31107459708270474, -0.6867932741631884, -0.3278631617482791, -0.32979378566818657, -0.3278631617482791, -0.059746625466963015, -0.3448754215371035, -0.3448754215371035, -0.5378906818488778, -0.5378906818488778, 0.5768229271465916, 0.6747739448757599, 0.7608408922351814, 0.6702044860290025, 0.8394374370870246, -0.4370199237430465, 0.38890943439994957, 0.5657512410795614, 0.5660406965604169, 0.5657512410795614, -0.22632507630998178], [0.9812791410397748, 0.9790488733945495, 0.996588143577774, 0.9865190259621511, 0.9951281225575733, 0.9812791410397748, 0.999575515534203, 0.9982108252312052, 0.999519740869419, 0.9213208948725163, 1.0, 0.9995723343002396, 0.9995686787231606, 0.9995211008198628, 0.9995579266206758, 0.9985049089849448, -0.36096349857103904, 0.9997245237116471, 0.9997286536066539, 0.9995804131265249, 0.9995802520882835, -0.2817746479763335, 0.9602091737603367, 0.9921283511398821, 0.9921007489493217, 0.9881502782820976, -0.009235829714367639, 0.07166062441791786, 0.9892354527925525, 0.9892969714148393, 0.9712847461937058, -0.0012681850540586677, 0.9986700012850082, 0.9986143997529419, 0.9984086207174158, 0.9992320876687317, 0.9991717740786606, 0.9986613837497623, 0.9984360141936915, -0.3716831691568275, 0.998350845719427, 0.9983622538127207, 0.998350845719427, 0.9071300728960795, 0.48932864087240163, 0.913682356429075, 0.8878278896909602, 0.6911847506277441, -0.5431418294207185, -0.6632628100218542, 0.7972842351313351, 0.8069414709237664, -0.27940683732023175, 0.9212412116381402, 0.9214316431481542, 0.8471134360066218, 0.8572875226534218, 0.8225002231548845, 0.8253201809566969, 0.8320198588321961, 0.8330047171143669, 0.8320198588321961, 0.6500566307829598, 0.6038413667527466, 0.6064532816334054, 0.6038413667527466, 0.8585230857362312, 0.8680302771056713, 0.8568570341530439, 0.8584027210991575, 0.8568570341530439, 0.2947704915422013, 0.2261967281049436, 0.3551083814926117, 0.47871139051973327, 0.3464539888415372, 0.3973776900549421, 0.3999840950963841, 0.3973776900549421, -0.41266940433895394, 0.7643433935277503, 0.8170822747476219, 0.7960825763228073, 0.8562510836829722, -0.10878454597031548, 0.7567047790464628, 0.7572485888551795, 0.7567047790464628, 0.7717762036826114, 0.7717762036826114, -0.3191977549339376, 0.6729628562320515, -0.40194642169376715, -0.6784602058826605, -0.5477692730638851, -0.5500680509575185, -0.35970949533291063, 0.14506581073779645, -0.268735390735271, -0.43405898364747564, -0.6205223458643598, -0.3436761973846562, -0.6266297332163084, -0.40929335178034953, 0.015026732862913327, 0.010949735396665983, -0.5627232719734138, -0.5270265545550644, -0.545447893665761, -0.5795119484068104, -0.5738721112451759, -0.5489345950439893, -0.5518382348179076, -0.5489345950439893, -0.44079504291134397, -0.6022260774310537, -0.6022260774310537, -0.6054376986195065, -0.6054376986195065, 0.36045583908790646, 0.3593558815851335, 0.4704628965438463, 0.5550833592750689, 0.5534340285653536, -0.5478060732215472, 0.3011437753024754, 0.3206234549303801, 0.32080551845834643, 0.3206234549303801, 0.23356879982340267], [0.990672395968167, 0.9770822550504702, 0.5483593001667029, 0.9922941336655564, 0.996710943344833, 0.990672395968167, 0.9999960974276869, 0.9979572645057904, 0.9999684630805973, 0.9505161159325578, 0.9995723343002396, 1.0, -0.15439426374900586, 0.9999942282630944, 0.9999260142474548, 0.9948868941623479, 0.4085453191973726, 0.9998348234703351, 0.9998349294788687, 0.9883825302500252, 0.9999969602884866, 0.34158366895227416, 0.6602040883628293, 0.9895688713350582, 0.984172390482195, 0.9849588420724781, 0.21362109678997604, -0.19229409462481392, 0.9922863355778557, 0.9920161966772382, 0.1612908970918733, -0.259886456974756, 0.9992914021709742, 0.9993836544830771, 0.3415973592373907, -0.32988085841188486, 0.998634950058868, 0.9992903936236965, 0.9982338526477483, 0.38921090354988347, 0.9301868018473288, 0.9990183620009883, 0.9301868018473288, 0.9134805519430679, 0.6269575540913489, 0.9186836744188425, 0.8907577738346104, 0.6903354569682637, 0.41739442054830644, -0.07453463512794781, -0.2113377759394959, 0.9240407703227241, 0.4161009648184381, 0.9686234579442784, 0.9612711710869428, -0.0885469758512283, 0.8220680688723333, 0.7978351820338112, 0.8447540601061508, 0.7909085754154693, 0.7592119539678287, 0.7909085754154693, 0.7521222926909932, 0.75890784122008, 0.7584573119719027, 0.75890784122008, 0.8309187027394049, 0.2985639457186856, 0.516841659642524, 0.6022328541020445, 0.516841659642524, 0.5175756610714219, -0.3633777811990637, 0.47816575548509205, -0.6662614495369277, 0.394108879692785, -0.1326888118496743, 0.3621532829742075, -0.1326888118496743, -0.14977081765235684, 0.8061347436945131, 0.8130115871830331, 0.8032013939232979, 0.7314255760377579, 0.409507876520884, 0.809843030702282, 0.8118751963448153, 0.809843030702282, 0.7169084642779748, 0.7169084642779748, -0.25475146602379295, 0.68185915826178, 0.2553696774027301, -0.5746784919982814, -0.6096751515987833, -0.6128403156712544, -0.09452784255648373, -0.010373336765190342, 0.36163834249942944, 0.09967211992454851, -0.40273017297670644, 0.10829185976954592, -0.8257409521793353, -0.11368556298188306, 0.030129934537743378, 0.030523026771354583, -0.5893335023651478, -0.609868647050245, -0.044560182077363654, -0.5750384223471624, -0.8448199642616278, -0.3392547959279748, -0.1648600502654186, -0.3392547959279748, -0.2708610038916892, -0.3084306034644412, -0.3084306034644412, -0.8386658088216888, -0.8386658088216888, 0.36591825897871044, 0.6035267927355055, 0.4964353068238623, 0.8086244235258822, 0.7603505670163829, -0.3105823567389818, 0.059660644282173256, 0.7659865569395589, 0.7844311153548753, 0.7659865569395589, -0.14106322957092038], [-0.1366181166282622, 0.9770402238278627, 0.5171395222447572, -0.14117450918444344, -0.3550621944124301, -0.1366181166282622, -0.15473052701128054, -0.16437326768695693, -0.3294343169658254, -0.27281431552666274, 0.9995686787231606, -0.15439426374900586, 1.0, -0.1537591077185533, -0.15007139209060297, -0.1257520459917694, -0.2919302625371694, -0.15522275297491817, -0.15569358444813897, -0.27804804417159745, -0.1552770331268965, 0.024414623081094437, 0.3089026781732941, -0.18951203687029722, -0.18985080583030015, 0.9849370689927398, 0.2466123892438115, 0.1862855341424257, -0.19006539172015127, -0.19068570617305822, 0.5366923127812396, 0.12046524826784939, -0.15226256078633518, -0.3138558625376069, 0.16494457323086048, 0.9607821300605797, 0.9986328928993401, -0.34629025950159215, -0.14737925393423193, -0.28176788432166777, -0.1526203338349943, -0.15343605616553993, -0.1526203338349943, 0.9135564270382956, -0.11897532075091666, 0.9186509728747008, 0.8906944191531213, 0.6903169109677967, 0.08397207445165492, 0.2562969972432013, 0.6445973743719797, -0.2703632539824239, -0.2963015978717794, -0.06891937191236283, -0.3066670863538386, 0.02598025905632245, 0.26429801521686547, -0.023466483700611617, -0.31272746077070146, -0.021393628009089626, -0.011257485720012846, -0.021393628009089626, -0.4211593705455506, -0.10900355616248605, -0.11114884509632328, -0.10900355616248605, -0.21133038732327442, 0.06927916046415392, 0.045207664256205336, 0.045161546215036284, 0.045207664256205336, -0.41471616119635035, 0.007128762979309546, -0.37821915063213235, 0.6229894286353739, -0.34720624612854745, 0.008273681033138492, -0.061639455037283616, 0.008273681033138492, -0.3061093591003481, -0.3472048537716864, 0.8129911160293901, -0.13075497430240782, 0.012364400670208829, -0.21843327865423964, -0.26820274805142713, -0.26767287045828014, -0.26820274805142713, -0.029500612557340173, -0.029500612557340173, -0.23331455276284943, 0.6817824863690811, -0.16239509443325786, -0.012846496828651273, 0.20067899900281871, 0.199226049707637, -0.250754486554142, -0.010493421889392148, 0.02010225611763367, -0.1725220015325203, -0.10830223818625202, 0.042931170855212676, 0.38915661567275345, 0.11621714486985812, -0.04158705751532831, -0.04550959944740046, 0.08853672738060737, 0.5727356304697924, 0.09427808255603287, -0.18734794280198389, 0.617235114179782, 0.09903890210722534, 0.10685211105370378, 0.09903890210722534, -0.23701729348223172, -0.19532718283606687, -0.19532718283606687, 0.3264259430316801, 0.3264259430316801, 0.3660285393946011, -0.25391755424053436, 0.015739837139141104, 0.08987384597137055, -0.2522560602180044, 0.0750741919219019, 0.15298844350099985, 0.10392649505936591, 0.10384909896433518, 0.10392649505936591, 0.12705849066273314], [0.9907390642331714, 0.9768489135202132, 0.5487053529663883, 0.992332226779535, 0.9967423319157996, 0.9907390642331714, 0.9999923066536955, 0.9989882086729691, 0.9999730656890771, 0.9501632092334404, 0.9995211008198628, 0.9999942282630944, -0.1537591077185533, 1.0, 0.9999377677834617, 0.9974659180573726, 0.4086687856000808, 0.9998379448997662, 0.9998379615548587, 0.9885476915654652, 0.9999942410397373, 0.3422839317720742, 0.6600392210755442, 0.9931183744635774, 0.9930034553423814, 0.9848307461156597, 0.21391780453547318, -0.1923411670584133, 0.9930310923850815, 0.9930776826766337, 0.16210145040117885, -0.25971398175112154, 0.9993426394380245, 0.9993829246856922, 0.340513868287404, -0.32900212155636777, 0.9985701005575662, 0.999293807815853, 0.9985427977128917, 0.3893601585480585, 0.9296574309162958, 0.999075496237046, 0.9296574309162958, 0.9137706599934037, 0.6277152819385593, 0.9190590986762279, 0.8911376316367238, 0.6900112817361949, 0.41883152073512064, -0.07288647061629994, -0.21154310238817442, 0.9244526277706716, 0.41640165443472177, 0.9690525295650885, 0.9616503054892618, -0.0895925910841398, 0.8223465046190662, 0.797753333743901, 0.8450190596503556, 0.7908687723015516, 0.7588161233443359, 0.7908687723015516, 0.7523171587821408, 0.7588616490061262, 0.758885625981016, 0.7588616490061262, 0.8312747292234326, 0.29786189596025686, 0.5163106221945716, 0.6022673785339084, 0.5163106221945716, 0.5173972060799903, -0.3645815419653254, 0.47805742565700704, -0.6664172049082773, 0.3936991740790705, -0.13372329922062448, 0.36179441213769126, -0.13372329922062448, -0.14971283473120098, 0.8062696642298207, 0.8125772409769377, 0.8032910153578419, 0.7213009080354993, 0.4099124483560804, 0.8099696502955914, 0.8119909459921385, 0.8099696502955914, 0.7167088236996302, 0.7167088236996302, -0.25646854249470963, 0.6828071089307093, 0.2558909985980137, -0.5746515304330561, -0.6100733022801574, -0.613243303924833, -0.09574164153755729, -0.011678554763672676, 0.3619450002569026, 0.09920476660123614, -0.4030056146644439, 0.10836801988213442, -0.8248378960894696, -0.11352626119161978, 0.02903838385867011, 0.029426497432952586, -0.5899989956671816, -0.6101840393711896, -0.0439640162562934, -0.5764675453883579, -0.844807025808141, -0.3391899302720211, -0.1642871576134031, -0.3391899302720211, -0.2719085658161495, -0.30892513641352976, -0.30892513641352976, -0.8390225769710113, -0.8390225769710113, 0.3660919870375893, 0.6032057512820623, 0.49586851960165446, 0.8090824503478781, 0.7597861207002201, -0.3100834495361166, 0.05896471882671647, 0.7663927454252091, 0.7850439075302088, 0.7663927454252091, -0.1407298433985787], [0.9907841028022004, 0.9760859649416962, 0.5508658769074714, 0.9923722611711989, 0.9967599339064526, 0.9907841028022004, 0.9999208617180602, 0.9986866856811035, 0.9999334404248638, 0.9494307170957516, 0.9995579266206758, 0.9999260142474548, -0.15007139209060297, 0.9999377677834617, 1.0, 0.9975869832205003, 0.407674952993084, 0.9997873166323156, 0.9997885639384542, 0.9884606818268141, 0.9999219351129597, 0.34297307457157966, 0.6615646530253313, 0.9924354046289631, 0.9835154404118899, 0.984854290108525, 0.21489651262010864, -0.19145928990947755, 0.9921427231712918, 0.9921533800240233, 0.16485271092978857, -0.2605459105700862, 0.9993438278576577, 0.999227762490745, 0.34034448961630503, -0.32478291816015303, 0.9984747627185279, 0.9992623903112534, 0.998519425679154, 0.3883953498263858, 0.9285703859827947, 0.9990955315419993, 0.9285703859827947, 0.9121978891577139, 0.6277558196996975, 0.9173383480473887, 0.8890991377397726, 0.6870178513142586, 0.41944202007546066, -0.07108310248718318, -0.21219474181833248, 0.9237151955484959, 0.4143107266997188, 0.9693347853737168, 0.9611367446698658, -0.0925643341663553, 0.8210818176299993, 0.7979847809811311, 0.8447878760487031, 0.7910937342809988, 0.7610572158645397, 0.7910937342809988, 0.7504070999180952, 0.7582309938961822, 0.7599854033540582, 0.7582309938961822, 0.8313936393358763, 0.2977667762177386, 0.5159004726196552, 0.6036854515357025, 0.5159004726196552, 0.5161280491684542, -0.366969492859469, 0.4761617599935282, -0.6640622065183917, 0.3920006005432783, -0.13483818807154102, 0.3620851131258689, -0.13483818807154102, -0.1531783004716523, 0.8057055417442852, 0.8115282268930147, 0.8025163913374592, 0.733378433105439, 0.4101292477203094, 0.809543917652154, 0.8118834246871305, 0.809543917652154, 0.716760408708592, 0.716760408708592, -0.2569319969924348, 0.6842445529762984, 0.2557672426270472, -0.5758468621086267, -0.6100984172631889, -0.6130223714767756, -0.09788092446599568, -0.013263576621974773, 0.36312924272200814, 0.0985582776112805, -0.4041982807666689, 0.109237209319752, -0.8233231754559226, -0.11218635307119137, 0.028161211379631592, 0.02892689185740484, -0.5913177754680615, -0.605335000777865, -0.042303570918884044, -0.5774235990550834, -0.8426011770351725, -0.3384405656036415, -0.16296364855388354, -0.3384405656036415, -0.27219955551058833, -0.31177651751531943, -0.31177651751531943, -0.8368338772736791, -0.8368338772736791, 0.3628888073922993, 0.6007379276601069, 0.4938646423828292, 0.8097473075760637, 0.7579483041994256, -0.3111543479004554, 0.05685812022914401, 0.7670190915441804, 0.7863427530357366, 0.7670190915441804, -0.14009953595653393], [0.9934623076772898, 0.984911862085989, 0.5875173367982093, 0.9950588604569375, 0.9978054670237742, 0.9934623076772898, 0.9940608591180649, 0.9866015046208705, 0.9980958733795192, 0.9513028701026639, 0.9985049089849448, 0.9948868941623479, -0.1257520459917694, 0.99746591