var element=document.getElementById("correlationAdjClose");if(element.style.display!='none'){var correlationAdjClose={"data":[{"type":"heatmap","z":[[1.0,0.9999948585902636,0.986877993444269,0.9999370906963376,0.9992040886912265,0.9830666035398816,0.9978575420128631,0.9964363515252176,0.9717997467327368,0.9965859065751359,0.9947504939649697,0.993949734014979,0.9965234208745127,0.9965523348416329,0.9964770453865681,0.997779900953912,0.9981328244042765,0.9983179420580967,0.9969424177675926,0.9969522630652361,0.9968889261220821,0.9964959434901792,0.9888596201978931,0.9742755593479538,0.9911476948760555,0.9609212303505087,0.9903416498314935,0.9877932312084647,0.9719755462081379,0.958488256346216,0.9919214138089224,0.9935952872300554,0.9928648884881622,0.979704212590289,0.9977812600164039,0.9978630284857852,0.9976452278867483,0.9966193734081515,0.9955252625333103,0.9977558462420701,0.99862236619097,0.998653511614585,0.9977731828808604,0.9977825451177083,0.9785094039199841,0.9309817557467255,0.9570645087312086,0.9479760379009947,0.9467498352373328,0.9269408761767427,0.9651357411151396,0.9533537198683023,0.9670175879830697,0.9702542716312728,0.9591577855064611,0.985052632179147,0.9831658318633446,0.9914268689323374,0.9940598260154742,0.9881143039878889,0.9834544929421183,0.9883189634800075,0.9872173376670372,0.9888536889162898,0.9887463176159615,0.9544670912322084,0.9773158917632918,0.977098284451736,0.9768914473452294,0.9421728227340754,0.983165880108631,0.9799236251774627,0.986734824283077,0.9861245232893362,0.9435474843743579,0.9049473873493583,0.8765634983450409,0.9189832695323953,0.9329683148483032,0.9311948466787364,0.931245714453258,0.9300957013536348,0.7433710512073255,-0.528804668589084,0.981280275351661,0.9767911855074309,0.9745845690569974,0.9886978557206854,0.9743518641249931,0.9847527488190667,0.9847531975188453,0.9436817727102076,0.9856873489725548,0.9465627998949022,0.8162194181748522,0.9258692217326128,0.9382051967282227,0.8331059509218407,0.9580283204149493,0.9587205649430137,0.9043389462136079,0.9697108967930884,0.8954238454944878,0.5678523883993025,0.733752173756397,0.9028465201303555,0.8749000999612778,0.8943370930855337,0.9770904728829309,0.9772423844609588,0.792341737652618,0.7617969630610617,0.8256893277938618,0.47798679262337956,0.8107186326781393,0.829749315925726,0.8248632422599745,0.8185452337976291,0.8004469919878449,0.7581939696654794,0.7432295144628354,-0.29901795966492484,-0.4396738758425099,0.7296259280646125,0.8929344305618651,0.9298201090764473,0.9417413660524736,0.9064035334390457,0.8334146811628004,0.9101813177597462,0.9236757455606389,0.9235159377070546,0.8606506952042992,-0.12397776149017217],[0.9999948585902636,1.0,0.9907973831272545,0.9998663355548848,0.9983375452701094,0.9899891973734151,0.9941355195732942,0.9920906880132455,0.9882952933914212,0.9920945635724527,0.9921267804951821,0.9933070060506247,0.9921714169517732,0.9920880343555937,0.9921419371285042,0.9940960863393502,0.9962565276881499,0.9957821729062987,0.9938871218924543,0.9938950058991716,0.9921314415068218,0.992176480039953,0.9927954582747888,0.9788166855751759,0.9889037163331684,0.9852883251006704,0.9890190581223935,0.9877135754189023,0.9831722051834896,0.9436719942066488,0.9896537489485043,0.9880092099147155,0.9831896928644706,0.945226017826976,0.9951598774982946,0.9951164638056744,0.995323506132009,0.9924851724515275,0.9949577090878161,0.9953447607037342,0.9965275837745043,0.9967347527935261,0.9953386556085035,0.9953499299463436,0.992014753285841,0.9305846272831222,0.9103057428860306,0.9476746439154526,0.9465968863533456,0.926923117555392,0.9015606756837028,0.9381919324670787,0.9034611199919014,0.9307643701008305,0.9015874396791052,0.9622939649572239,0.962283299514746,0.9755061939909934,0.9855509093379606,0.9845915152067465,0.9856970253522127,0.9797972362806356,0.9831067732810815,0.98094902943432,0.9808558516094796,0.9452586652278993,0.9656248904606677,0.9384257471780109,0.9381523112466269,0.8744430132628542,0.9832639394406236,0.9843562332297882,0.9845154250241799,0.9841225018298063,0.9579558389470538,0.824164936247463,0.7938971522176459,0.8698883146166488,0.9191197907813474,0.8838553235483185,0.9019023270132288,0.9009858197133306,0.7937913712199727,-0.09564660061121695,0.9727700541116825,0.9750719579832313,0.9724862526583887,0.9849478653083436,0.9686960919048457,0.9749487014665262,0.9743749904214509,0.9341982097447705,0.9761664469872338,0.9359574767975883,0.7593985779208032,0.9255005204084996,0.9251541687888656,0.6121732069424085,0.8669708283719039,0.8706719629108025,0.772928289161676,0.9703731609115291,0.7476431199946413,-0.32664406140779223,0.2724977712263161,0.7728877579115737,0.7248869698179811,0.7659314036148491,0.9718387893158004,0.9718637944033244,0.23318916351755178,0.4050646955708054,0.2406297684136037,0.2120904499860034,0.23348370518125028,0.24597305203487127,0.24262067270454535,0.16311991904803164,0.5802351931977735,0.31324480308999736,0.26309562726782615,-0.43706544867392394,-0.4871575388107634,0.7286578268081139,0.7705553627802616,0.7934269943482394,0.8584008148932111,0.8295278713014289,0.6245660019868393,0.788879799530949,0.7884709268101768,0.787484326381861,0.458324115557174,0.2627260932115337],[0.986877993444269,0.9907973831272545,1.0,0.9880905632646323,0.9935789442811797,0.9914363883772958,0.9893587896874423,0.9901906235630241,0.99161223824479,0.9927745377298448,0.9966812709514515,0.9958675805100456,0.9900346259621874,0.9920797556694287,0.9902425756203209,0.9897419164139497,0.9908165986577347,0.9899123553982688,0.9888489925813605,0.9888292907983294,0.991668463938602,0.9900760779402086,0.9952770842320818,0.9860665411119917,0.9911728097255539,0.982986769612224,0.9918363564194382,0.9886451833858374,0.9879191969434467,0.9643271237821678,0.968728052911188,0.9731725930242554,0.977303160816654,0.9579668782292641,0.9868065618751513,0.9899153312331036,0.9883042115322024,0.9918203813731308,0.9947082485118177,0.9907471367849393,0.9849030422438172,0.9878903992023079,0.9872013975589042,0.9865961053255488,0.992997116005432,0.9270865535708245,0.942348182910544,0.9555202546347489,0.940042545289285,0.8921400160423741,0.9238311189248832,0.9109732811302652,0.9267011222039634,0.9360378555072312,0.9194310845158058,0.9514613422792664,0.9615685711269577,0.9690982370933882,0.9768797606236475,0.9467660247926902,0.9691127217771404,0.9685770482077056,0.9745281754015934,0.9687970330621756,0.9459144298832863,0.9283872118795242,0.954424224598319,0.9452800997725421,0.9282069468409603,0.9032538571793255,0.9750850929039939,0.95590748526663,0.9680347943696647,0.9485389427928222,0.8538230643835817,0.8733140842495799,0.7936116606884693,0.8890134422454986,0.9092318479147449,0.9115868988713514,0.8794623046814335,0.8934167449850159,0.47511543999186284,-0.5122424023100429,0.9658786326366411,0.9544760633884009,0.954192575615694,0.9466798556619945,0.9605539450644127,0.9682976608685354,0.9679360381901235,0.9363217712615497,0.9643500272201189,0.8944969355033036,0.8020662979228801,0.9593541460898164,0.9578246889964013,0.8173594211684838,0.9466413686856189,0.9481452856081644,0.8777551643003716,0.9812936831644427,0.7759808330848564,0.4726524276915122,0.6798057383776769,0.7993530521647503,0.8032108039646932,0.7802796656424451,0.9831318067561673,0.9831701577753295,0.7255191478827977,0.7133558907983475,0.711363568505004,0.43061850173186456,0.7140389091842726,0.7180049327061961,0.7246709284202877,0.718532719168085,0.7661479758505011,0.6967486807648098,0.6808938634803899,-0.35481769752111564,-0.4953339254029979,0.7015424736936935,0.8568082445629657,0.8768535034823544,0.8884262143298093,0.8799040504003021,0.7698466799659417,0.8589252429759507,0.8671227022940817,0.8735386962842334,0.7386046140434994,-0.04743479423450945],[0.9999370906963376,0.9998663355548848,0.9880905632646323,1.0,0.9994211818580155,0.9840633949341754,0.9980671349616558,0.9968052386573866,0.9737468126903508,0.9970046591693089,0.9954111702689482,0.9948071931749184,0.9968762950375192,0.9969886563368731,0.9968454808904523,0.9980155548792282,0.9984268048161181,0.9985487963603537,0.9972638223293212,0.9972715799375647,0.997244351373695,0.9968530340684136,0.9899160986295736,0.9755168289188775,0.991992898520419,0.963189359801029,0.9912813348580553,0.9894900096109885,0.9737330140822751,0.9595449683634865,0.991297821196343,0.9931363674668695,0.9927948546709036,0.9793289447578707,0.9978449348441247,0.9980448418038077,0.9978379075247317,0.9970212703072817,0.9960099724416687,0.9979709955838243,0.9985215869489653,0.9987256672657274,0.9978330646289763,0.9978396982979489,0.9801138830933924,0.9279549246044071,0.9551905742250946,0.9476330089892098,0.9446052184601146,0.9215695884725508,0.9624237908093065,0.9503186953570603,0.9642225845530695,0.9680592381745133,0.9566670258716716,0.9831237004446463,0.981838987908231,0.9906368907412034,0.9938592928388945,0.9869031302432612,0.9824169011784573,0.9872761413344217,0.9866783057746306,0.9877429913949863,0.9876287008403004,0.9467824929693934,0.9762113993284474,0.9758712338011949,0.9756597076366013,0.9381597415765826,0.9827377119767976,0.9775371468771474,0.9855242012352603,0.9848829341415439,0.9272774378614216,0.9036598958617726,0.8733643112473174,0.9174911585941163,0.9305934765628392,0.9307884707227613,0.9291850369698705,0.9280691379112819,0.6642164943544923,-0.5283194930523323,0.9805374063745762,0.975632455148651,0.9732546408555534,0.9874890978760251,0.9737549453346693,0.9841044440488035,0.9841030883504964,0.943318849550821,0.9844906304295794,0.9349334750164778,0.8193296730247694,0.93022532680427,0.9416870571155327,0.8345164168613477,0.9591459052530665,0.95986101259227,0.9039417245514676,0.9707854185028304,0.8894532125452773,0.5643293666817295,0.7321057111261013,0.8974932922200642,0.8712539601338588,0.8887121982094177,0.9778289790836454,0.977985867719424,0.7912270045298387,0.7619725424769762,0.8178750895738077,0.4794600851332316,0.8048410112407495,0.8216662465605162,0.8167073225448611,0.8131582455285125,0.802491738015876,0.7581124001193885,0.7432127891204312,-0.29440751316926855,-0.43894884108693416,0.7285902949849641,0.8913322016438839,0.928004517030174,0.9399587141698662,0.9053958334296321,0.8308064575582587,0.9082237354004845,0.9214780076347625,0.9214652027443305,0.853856575271521,-0.11712545117883212],[0.9992040886912265,0.9983375452701094,0.9935789442811797,0.9994211818580155,1.0,0.9863485437260947,0.9989663950625726,0.9985751199900198,0.9848131555956519,0.9985718809869049,0.99819241643754,0.9980866104425893,0.9985875302930096,0.9986025305823014,0.9986058120363905,0.9990704132940709,0.9988777808230105,0.9992334932990149,0.998831839434592,0.9988316234184266,0.9986415324499898,0.9985890133914982,0.9951138277265422,0.9824247047730424,0.9953929813452909,0.9787357631628452,0.9954294864058745,0.9929385145291829,0.9850851007529683,0.9624735727438366,0.9890883553500066,0.9918536376281519,0.990413502490922,0.9725413057754944,0.9988196626330147,0.998889539373368,0.9989218970088739,0.9987035476386369,0.9985830852419834,0.9988838117203551,0.9989187173946813,0.9991443008435967,0.9988460129833348,0.998845596220872,0.9887421907182979,0.9362149643796237,0.9545563537638194,0.9530637586082066,0.9436792356679722,0.9171360504433004,0.9524554315041012,0.9478951249466214,0.9566137377623476,0.9628984681403809,0.95146946591545,0.9816392336577665,0.9815667860047059,0.9909425048871303,0.993800046960941,0.9831777544321433,0.9764862822470947,0.9816989360071092,0.9830185243249241,0.9821111767446065,0.9819728573395936,0.94386588321314,0.9685444438487484,0.9609267799506321,0.9606871232640737,0.9120556673038702,0.9798810936140259,0.9761897922465707,0.9816942086354888,0.9809394825345312,0.9407734675828532,0.8865614688288035,0.855798662958304,0.9043443773742313,0.9352156644616473,0.9225287719916977,0.9283280459338471,0.9274378882937724,0.7928235333634792,-0.5209593565730471,0.9747712576891082,0.9658081984901493,0.9645381610230455,0.9839352021760054,0.9644403518812226,0.9780829559027218,0.9778011102023113,0.9352224840045421,0.9792214407543081,0.9368224056106271,0.8097178923489361,0.9424621425258726,0.959629906896882,0.8047318044695055,0.9487988127291435,0.9500743277725462,0.8994920318366484,0.9751886635864825,0.8938001742308757,0.4017081532027591,0.6811084792129669,0.8996847988867329,0.8556617989957276,0.8959790971282346,0.9811127931696356,0.9812308879422426,0.7605595082856272,0.7478606903057836,0.7643407521409157,0.4595228764723256,0.7247657452103266,0.768415195720243,0.7643139937867833,0.7301332103157302,0.7915624886028658,0.7456572699503873,0.7298986003926614,-0.4895357121422959,-0.5728340346597973,0.7228879005551607,0.8877014127967945,0.9172559868720758,0.9378666767811232,0.9049472895095609,0.8168073634658637,0.9026998479574679,0.9119910901255388,0.9114964197417044,0.7970137448714429,0.09369131297628086],[0.9830666035398816,0.9899891973734151,0.9914363883772958,0.9840633949341754,0.9863485437260947,1.0,0.9796608106654625,0.9811510813102228,0.9935837245278965,0.9806309954783836,0.9769693149507344,0.9761584083873285,0.9809578371053687,0.9814690879388007,0.9812184833305244,0.980859029153831,0.9846605854490049,0.9817025530061009,0.9815343707481599,0.9815703669488207,0.9800243082861229,0.9811310248632372,0.9934533050421452,0.9934180982348312,0.9827719477879397,0.988575666366975,0.9833472418502625,0.9755139536186123,0.9878862205879727,0.9750869883715075,0.9568743203388628,0.9632704126009197,0.9734514673047301,0.9650480323263143,0.9794157543031112,0.979904269321119,0.9807526958977895,0.9818929692174332,0.977133592148923,0.9804006058297138,0.9787605773115688,0.9806014681692871,0.9797003172611671,0.9797430807833972,0.996113799388419,0.8923785383344072,0.9337225925491948,0.9373662329809448,0.9456612886553557,0.9069591677548647,0.9175376443181943,0.9129651803333435,0.9205877061086194,0.9393665687064093,0.9185259000930169,0.9484531107788339,0.9551858503429926,0.9616801380807677,0.9664692935963833,0.973900495632473,0.9895856740835334,0.9766480506134793,0.986744774556953,0.9762603701785828,0.9757563607724202,0.9775742502315158,0.9748743293327063,0.9572462198312693,0.9567243001254646,0.9527145937024514,0.9855199069224159,0.9785615025818135,0.9747062409732462,0.9736344526452744,0.9696147370830244,0.913853846761395,0.8736324343785012,0.9282592388762,0.9292776356015285,0.938711268631097,0.9201615756355667,0.918106994770753,0.7830034862152186,-0.46458913986688727,0.984617195883283,0.9862309042848034,0.983013985149587,0.9747031594173816,0.9782138287303791,0.9832143022956634,0.98283863206474,0.9711171242248169,0.9735494680656365,0.9709058630085754,0.8212974312319493,0.9065918915618134,0.9601131812599986,0.8496972412486363,0.9475472994702047,0.9484778584340009,0.8663690565002584,0.9592862157848812,0.8301612114207881,0.48061247496921455,0.6936735766774605,0.8403330697221678,0.8195936217816825,0.8303617077304744,0.9587953596521962,0.9588924181978427,0.7423440383313366,0.7365506480876317,0.7487915872639698,0.48261464708834556,0.7485469227604831,0.7538292746520875,0.7476600959504898,0.7468427651216346,0.7798356525148447,0.7141646878460335,0.7022444792487255,-0.31954069776795424,-0.4499578586854052,0.7362615257036678,0.852551674500068,0.8635013826659242,0.8837306185173924,0.8611244104621263,0.7867429041144511,0.8461792817611075,0.8561294005287073,0.856192662555484,0.8006174437830258,-0.0725534974558872],[0.9978575420128631,0.9941355195732942,0.9893587896874423,0.9980671349616558,0.9989663950625726,0.9796608106654625,1.0,0.9977002826265746,0.9570814573175017,0.9996420022856212,0.9996160548820004,0.9996472265516352,0.9985485260021763,0.9995099565338219,0.9992551810972483,0.9998948432699758,0.9968775966830532,0.9999050438128175,0.9994372044735135,0.9994414660416326,0.9997365610177,0.9993852452966415,0.9908711522165722,0.9753282432295187,0.9867961383598234,0.9291955752612844,0.9940711014403265,0.993508660401856,0.9755699493417302,0.9557460232691218,0.9916042181809444,0.9921985581498868,0.9940490029352859,0.9771509625091132,0.9990957513874459,0.9998665819324641,0.9997405187151516,0.9995080373750389,0.9997929377631218,0.9998533677715663,0.9986415267467371,0.9997585863803918,0.9994447326131857,0.9991309381035403,0.9797935881796769,0.9422293331447832,0.9568253842180706,0.9553854729377297,0.9425569257938493,0.9151225250261289,0.9595160216568798,0.9499717858044882,0.961896603838449,0.9657465095010904,0.9563418611483815,0.9828035272625301,0.9828867245126837,0.9924909522781642,0.9964674613162902,0.9549590864096132,0.9634381635472811,0.9739338147571032,0.9744333863385886,0.9753681728881759,0.9548634599124927,0.9037839873318362,0.9589052538247845,0.9634735233848745,0.9467047272801049,0.8924699866665727,0.9700702161385322,0.9477135395847002,0.9713205331233913,0.9552997357008267,0.8107512253009084,0.8775601359418668,0.8082722325841877,0.8905995809799744,0.9066318627361218,0.9107139725605232,0.8919555714729089,0.9027630099280812,0.4196297120474396,-0.5643142396396169,0.964871438882032,0.9506891713297873,0.9509401814320338,0.9562908677252688,0.9596200263894987,0.9710440872015315,0.9711356678872713,0.9222957050741614,0.9697695754838044,0.8632239295883949,0.8028086925951261,0.9427443715849873,0.9396193217274179,0.8205421688771932,0.9564839468939865,0.9573258097591542,0.9039383287931101,0.9746377145510177,0.8340899482874127,0.5625957616776665,0.7268745098455647,0.8587947350244233,0.8540637895786451,0.8402729029896172,0.9815466355042876,0.9817169949368544,0.7842264291535742,0.7457270223931353,0.7836005916150702,0.45272892196172343,0.7851791635178025,0.797612203297803,0.7886118209930073,0.7969995079761476,0.7894890999765594,0.7527488253085258,0.7359990794140123,-0.306527387865768,-0.45892950596358156,0.733445057601865,0.8932075642540053,0.9220222142414662,0.9419447249127306,0.9122900340920181,0.833252969466868,0.9105209319544456,0.9270525300415334,0.9255573862657761,0.7822647185860981,-0.09006671604047227],[0.9964363515252176,0.9920906880132455,0.9901906235630241,0.9968052386573866,0.9985751199900198,0.9811510813102228,0.9977002826265746,1.0,0.9675470498695055,0.9999998395199059,0.9999993689745991,0.999786193945972,0.9999971165418671,0.9999933526979876,0.9999983848732344,0.9993810566747293,0.9921247558450702,0.9995064895429258,0.9999145328269239,0.9999141596876284,0.9999677805117078,0.9999988393095162,0.9914573864007636,0.9771313924905907,0.9933753372583322,0.9429899933875107,0.9945650321161567,0.992082766726756,0.9777696667611808,0.9554514519535509,0.9879794328361827,0.9938888125659899,0.9927182648438396,0.9744386444114118,0.9994941531126296,0.9996051764169078,0.999700084662658,0.9997618949243103,0.9993282014415333,0.9995481004743163,0.9983530088783581,0.9989400515446473,0.9995670088984883,0.9994412586991623,0.9816031689342293,0.9421864814512148,0.9545828894125937,0.9587514743537968,0.9423164868911211,0.9067565515994449,0.9577594232798267,0.9457866340230942,0.9598239490960451,0.9607427767926813,0.9508378395318635,0.9808613802890919,0.9802402790137923,0.9915648521678421,0.9968147019473589,0.9507959721993794,0.9606757247996174,0.9691001153992802,0.9722900271532301,0.970862560428175,0.9535342907428552,0.8991231699096732,0.9554810718810361,0.9582392295512587,0.9423042586096496,0.8842232148066602,0.9681574142774334,0.9427504129281375,0.9669638101320059,0.9514268281353749,0.8012518106670049,0.8719190939748617,0.8047094458455784,0.8848744479792859,0.9010972663447121,0.9075239664526537,0.8884111184274223,0.8973192655476803,0.4051068577234232,-0.5671903825855434,0.9619728856357185,0.946562961248984,0.9468334798381434,0.9546558532617028,0.9566699709765414,0.9682234277779629,0.9683042414388451,0.9197498364579628,0.9645435359237614,0.8557038085167356,0.8006089098480662,0.9539046841918152,0.9493342037047994,0.8183555535421986,0.9565301134254299,0.9575072070855806,0.901462873991195,0.9781700031000737,0.8363619627748168,0.54818528061979,0.7186387058214061,0.8592545170854586,0.8507925342669084,0.841833818325253,0.9837040401257402,0.9838764403794482,0.775815728547025,0.7389321444987297,0.7843411361618855,0.44190058876035565,0.7801069544149124,0.7929052107639745,0.7885122478663382,0.7913829933938941,0.7839803466701853,0.7472892660354745,0.7300381345522422,-0.3212741259304447,-0.47254592759425335,0.7227741464321958,0.8862309305816821,0.9192884934638014,0.934671565800888,0.9068651556535232,0.8232409355754023,0.9042414955770115,0.9208181723333388,0.9195535795925941,0.7645286083830032,-0.0733890116046998],[0.9717997467327368,0.9882952933914212,0.99161223824479,0.9737468126903508,0.9848131555956519,0.9935837245278965,0.9570814573175017,0.9675470498695055,1.0,0.9825859320836494,0.9872883039759967,0.9897641479830205,0.9711364804361736,0.9794738265482835,0.9759949103548148,0.9741414731122511,0.9508013302483672,0.9789731605906843,0.9766370677143508,0.9766213983434945,0.9810553402009311,0.9758670104084831,0.9938383916899691,0.9936230964129702,0.980193021066599,0.9904188560785313,0.9833966655533275,0.9913975144306694,0.9911742111163849,0.9713512387057739,0.9269305065734927,0.9485583815365938,0.9658751680165353,0.9530215546226571,0.9704471833213102,0.9789922900770003,0.9755280873003181,0.9778690929612728,0.9884740809761018,0.9802372641937596,0.9669066823556564,0.9764056063859123,0.9713376181059514,0.970360684362376,0.9990849703895298,0.9092672993334261,0.9279771043364212,0.9556238153512011,0.9450150826839591,0.8891124580152293,0.8882373816920152,0.8893637671907256,0.8923663271173496,0.9206978696570667,0.8999033185843878,0.9303120740254535,0.9476583600785299,0.9525451018119737,0.9603953918615069,0.91113432515404,0.9712417065751652,0.9519504625414188,0.9700636728481706,0.9519292818533998,0.9106003729466198,0.9241738619870421,0.9502519619093968,0.9256139524998489,0.8916033822631196,0.8947587721224716,0.9715213888762941,0.9280236888856268,0.9490319637046912,0.9135038955604049,0.8463923874919638,0.8704663610282536,0.7562248642004589,0.8875138411001792,0.893857548940874,0.9070270558224377,0.8572251696534358,0.8753152789554924,0.45988787137291487,-0.4927339116678572,0.9626080167317818,0.957712061224805,0.9556824603524161,0.9091754882023799,0.9539320864326853,0.960921655865621,0.9603720892988945,0.9423921857288432,0.9471830962248315,0.8879501215369255,0.8075390646475922,0.9461196719813884,0.9647896260839034,0.8266616757320547,0.9401180245402936,0.9415841826105235,0.8557206563800734,0.96900922246056,0.7421171109480504,0.434401875749805,0.6610598093791719,0.7758784314072144,0.7797580514834517,0.7540412239011847,0.968341556188162,0.9683681116182511,0.7066321376749877,0.7032663290060976,0.6765649828696294,0.4379408128874656,0.6954660136422335,0.6954176473499025,0.6751835682670853,0.6962590351711261,0.7586274589706892,0.6895692352459429,0.6750431500698695,-0.3598002158298537,-0.4964863057768508,0.7344004193684458,0.8410843855217243,0.8299299149531243,0.8629876440204527,0.8590768608928447,0.7612935868892614,0.815288291670078,0.8361252800627084,0.8298652162634862,0.7107116349665717,-0.007972691843179695],[0.9965859065751359,0.9920945635724527,0.9927745377298448,0.9970046591693089,0.9985718809869049,0.9806309954783836,0.9996420022856212,0.9999998395199059,0.9825859320836494,1.0,0.9999991748676076,0.9997906170438446,0.9999985508661394,0.9999923367572616,0.9999979385179764,0.9997099673837718,0.9980096081825933,0.9995059317096114,0.9998925448261251,0.9998925071846277,0.999979290238739,0.9999993738258134,0.9939765671362301,0.9789764661724993,0.9965095331976356,0.9745948963353117,0.9965846877494386,0.9920854139867665,0.9821674259531397,0.9569481680624313,0.989924257082868,0.9938986869141514,0.9905088774299322,0.9714161680043798,0.999535997227274,0.9995998961308021,0.9996136745630753,0.9998464466877172,0.9993391536982484,0.9995553085603984,0.9985941242926565,0.9989851951238933,0.9995443838065068,0.9995401197627788,0.9860939186635169,0.9420594879983057,0.9546105469073777,0.9585797491674739,0.9421282941016493,0.9068560981282926,0.9506034520222154,0.9422859780658722,0.9541898789450527,0.959159411046469,0.9492405547099957,0.9804107919689385,0.9802719626103898,0.9921301808695303,0.9966778200937205,0.9738172096821829,0.9605655723702324,0.9722189615448983,0.9722306277286844,0.9727881403411205,0.9726125468233795,0.9313906250732108,0.9554048271700094,0.951635737894604,0.9513509577337079,0.9005432437021592,0.9680645796260781,0.9667702195931815,0.972489278212977,0.9715862500321334,0.9271438896552919,0.8719358200683709,0.8356673854926845,0.8847473545553606,0.9189044971892206,0.9081962541213524,0.9131268639278224,0.9124245139612712,0.7495202778586563,-0.56632696519831,0.9619352287646045,0.9465362590678973,0.9468209885488824,0.9747741800176121,0.9520815780655675,0.9679353658234643,0.9676373984527499,0.9204966011068881,0.9692743728361141,0.9223568283268351,0.8006035544074042,0.9536885923863042,0.9601158803946895,0.8044834511645678,0.9509871963294101,0.9521025197518894,0.9015351909379272,0.9774562756901973,0.9018188000880993,0.4445311459733279,0.697654369353955,0.9076344860084267,0.8635279125652153,0.903858546770746,0.9836704062173679,0.9838653758993525,0.7758847745328237,0.7387380779661404,0.7790494841103451,0.4419999919415425,0.7402701806866033,0.783434618121213,0.7790387250767917,0.7477732141201285,0.7837988585832429,0.7473054230446083,0.7300315338918535,-0.5335771645593268,-0.6170472777129207,0.7217390049469573,0.8862113132858784,0.9205489515700647,0.9400021041344103,0.906879080958151,0.8203222984547656,0.9034403402383341,0.9147989117232509,0.9142988843161179,0.8088401224061299,0.15327723144305735],[0.9947504939649697,0.9921267804951821,0.9966812709514515,0.9954111702689482,0.99819241643754,0.9769693149507344,0.9996160548820004,0.9999993689745991,0.9872883039759967,0.9999991748676076,1.0,0.9997893952796127,0.9999964593988724,0.9999951549844355,0.9999984449142261,0.9996977323926234,0.997768332687265,0.9992813206645133,0.9998041679470161,0.9998042484098327,0.9999984861691258,0.999998472077605,0.9935069039703153,0.9757030613168716,0.9956895931083207,0.9826988434418493,0.9962349906540353,0.9920976447038645,0.9845439395810353,0.9507902893073322,0.989536502972744,0.9936403408283716,0.9850074979631476,0.9493335618796386,0.999349765474724,0.9994012326272022,0.9993478187786808,0.999904758761293,0.9993245850797128,0.9993573210665355,0.9981289913569462,0.9986443633865969,0.9993285216921829,0.9993265074499236,0.9886148440930017,0.9418113558923943,0.9255681195022702,0.9585502219186587,0.9420755987180848,0.906612892308898,0.9244825195284382,0.9160228996531383,0.928493673246488,0.9363702395801903,0.9230788749367878,0.9739833927388254,0.973961919211483,0.9911015847447129,0.9953640981872639,0.9663505985647567,0.9607064801050242,0.9600524087002282,0.9637065206944967,0.9611500247300084,0.9609218678802882,0.9092132036474,0.945448814611065,0.9175865675642235,0.917072764025712,0.8376555764455029,0.9664014426943272,0.9712944646288524,0.9680946462036645,0.9670010586543681,0.9212688785290913,0.8155893841354979,0.783045914209804,0.8529923102310374,0.9019395870042182,0.8743325113153787,0.88806649205665,0.8869157764884333,0.7544501034984943,-0.35496183220275945,0.9503406385665664,0.9466988614475189,0.9469442859631483,0.9673539924644042,0.939082741721823,0.9527030254928976,0.9520921718687814,0.8959366273598653,0.9550929081604542,0.8997068590585783,0.8007688716791896,0.9539670188256233,0.9645948168868113,0.711837812030397,0.915452032972639,0.9178918759224228,0.8614413593751161,0.9860890928568027,0.8495608270572236,0.09851725365322452,0.5555503174891606,0.8613213361753995,0.830716546439346,0.856474900002236,0.9868072726219452,0.9868221507316512,0.5525244616647264,0.6590918978967062,0.5596591447789572,0.44195265846404014,0.5291663858193059,0.5692625322259248,0.5601886417765183,0.49941516064808783,0.7736909524883017,0.624585847305932,0.5870808398409665,-0.4935031594710854,-0.5531653511054005,0.721258132223611,0.8674922562274837,0.8796510265113315,0.9139024729183459,0.9010122829368699,0.7020851033314351,0.8596604021733951,0.8736109679734132,0.8729754433385959,0.6329234563272855,0.10837619396513878],[0.993949734014979,0.9933070060506247,0.9958675805100456,0.9948071931749184,0.9980866104425893,0.9761584083873285,0.9996472265516352,0.999786193945972,0.9897641479830205,0.9997906170438446,0.9997893952796127,1.0,0.9998031270468047,0.9997900968877952,0.9997949728571524,0.9996914732841052,0.9983684091461841,0.9994604645931873,0.9999731925341107,0.9999729589547464,0.9997944557877161,0.9997990346633073,0.9932266210468199,0.9732703127122714,0.9946713763527986,0.9835677470643654,0.9953815832468781,0.9942232194375138,0.9812109061145952,0.934138451414447,0.9922684577424309,0.9948075200493016,0.9812123339166593,0.9332800568389843,0.9994787257015889,0.9995203782101071,0.9994838130363665,0.999630931001379,0.9996501860388568,0.9994978974303698,0.9980317958614457,0.9986741704676261,0.9994647055271128,0.9994617566983153,0.9899951159043587,0.9378184653479236,0.9146920812052352,0.9555716540048912,0.9403076259625042,0.9063994888579382,0.894513739654896,0.9282264013869498,0.8976380172130419,0.91661671535177,0.893043615688315,0.9634993554996991,0.9634866165325572,0.983089838765302,0.9950976656159067,0.9651689835203282,0.9651092594253857,0.9552451005489374,0.9615202454516629,0.9573381749699871,0.9571661931048568,0.9096131652845222,0.936317320417502,0.9016868410423478,0.9013338124128711,0.823663061912404,0.9657086914125627,0.9675358022307969,0.9675248152041587,0.9668416528731564,0.9284287907154193,0.7752713758903053,0.7414805423302878,0.8246265673228139,0.883474754595858,0.8446378118150336,0.8648130186761326,0.8640899972239652,0.7410927430988065,-0.2180218804859312,0.9445282394742235,0.948449016779872,0.9441667782109415,0.965780158459695,0.938887279756693,0.9475825292466129,0.9467753180849071,0.8947551055167063,0.949552337122664,0.8973663470355793,0.7604274885671177,0.9517440742784427,0.945810052013871,0.6041198946551978,0.8679092334614021,0.8719474196771018,0.7683909336137904,0.9807042036023661,0.7455749716191419,-0.26720179337250627,0.30529947381517347,0.7682717370295428,0.7256900611377568,0.7621979082073024,0.9817654376025032,0.9818521892660972,0.2631407687045463,0.42093357889125427,0.2690003858235368,0.2408683269404143,0.26083392855104093,0.27542828026952926,0.272732624097057,0.18985547934854413,0.5948357167258264,0.3320986527139834,0.2804136119555688,-0.5031744830186984,-0.5520628859710739,0.7211642225677071,0.773681244183442,0.7963430739286478,0.8607732882728735,0.8374751422052513,0.613286743630629,0.7862304786178014,0.7915618827254389,0.7906141794280116,0.4609524312961794,0.29540809440026905],[0.9965234208745127,0.9921714169517732,0.9900346259621874,0.9968762950375192,0.9985875302930096,0.9809578371053687,0.9985485260021763,0.9999971165418671,0.9711364804361736,0.9999985508661394,0.9999964593988724,0.9998031270468047,1.0,0.9999917393896213,0.9999976985670938,0.999424517245017,0.9936933647188692,0.9995430822833353,0.9999240050431839,0.999923807420232,0.9999745046578781,0.999999008395675,0.9913333413315902,0.9769301199697339,0.9940169934118159,0.9478428333550787,0.9945148571019437,0.9921802243583621,0.9775651537858758,0.9553817309944898,0.9888917592838727,0.9939783389911552,0.9928013594668247,0.9745610225572646,0.9995367046077251,0.9996428902603031,0.999729128181765,0.999759797393452,0.9993799316949107,0.9995867139621262,0.9984359176390585,0.9990022007466809,0.9996090538640184,0.9994842609441034,0.9813488568306529,0.9424118794712405,0.9547238100053205,0.9586599004560523,0.9423382537360036,0.9072692274594752,0.9581123345500031,0.9461618507828932,0.9601782860116909,0.961050085734173,0.9512149392479585,0.9811109835605373,0.9804185192351537,0.9916932611010725,0.9969023212038769,0.951024122073773,0.960655858998706,0.9692421979973865,0.9723070480531624,0.9710037438973271,0.9537142829132278,0.8990108577461007,0.9555759698468841,0.9584889503540361,0.9426166111856296,0.8842936940170458,0.9681369350992807,0.9428601882727022,0.9670861777905719,0.9516391531756772,0.8011135266951042,0.8721038916287387,0.805102996893725,0.8850479812192179,0.9012638912049414,0.907605485165386,0.8886882567876714,0.8975834980831033,0.4051501073948271,-0.5673271622244079,0.9620152849887561,0.9466156587271487,0.9468882810684769,0.9548416463038403,0.9567081977167782,0.9682879835799401,0.9683707587533361,0.9196604083121961,0.9647047393621442,0.8556284624879008,0.8006346864217212,0.9533983651275993,0.9488434717841135,0.8183379246264569,0.9565213042220096,0.9574908234959911,0.901803691889892,0.9780353257163241,0.8368708245165645,0.5493122676732318,0.7192746231873626,0.859745279542998,0.8513261317200879,0.8423326517813615,0.9836465169428982,0.983819093664332,0.7764182449542874,0.7394093423985239,0.7849686685984595,0.44246645004067003,0.7807693757754713,0.7936043394469519,0.789155957653532,0.7920944496069325,0.7843043570158101,0.7477419734911733,0.7305035625859365,-0.32038182332292575,-0.47176332107735586,0.7231105398220264,0.8867454568474772,0.919781136123766,0.9352070231027168,0.9073459747303595,0.8237933735833787,0.9048304181220154,0.9214143228524234,0.9201421174687087,0.7652047948882943,-0.07444049596254983],[0.9965523348416329,0.9920880343555937,0.9920797556694287,0.9969886563368731,0.9986025305823014,0.9814690879388007,0.9995099565338219,0.9999933526979876,0.9794738265482835,0.9999923367572616,0.9999951549844355,0.9997900968877952,0.9999917393896213,1.0,0.9999954812773265,0.9996035250174494,0.9979778273653909,0.9995044131212428,0.9999102592927946,0.9999092950326769,0.999957568521457,0.9999921187298891,0.9931974923424133,0.9774001163225025,0.9962247917047706,0.968697192349761,0.9960126268118931,0.992072488279564,0.9781306873449425,0.9557052440806666,0.9893458698317871,0.9940821799199699,0.9921176406176032,0.9741261791439972,0.999521208867795,0.9995982131510041,0.9996533883037255,0.9998964659093608,0.9993483077727308,0.999538876578705,0.998325489227849,0.998930035483597,0.9995431802414189,0.9995367973002663,0.9839408095834773,0.9422066245708385,0.9545346030277186,0.9585707200760863,0.9421359648883834,0.9068695594511994,0.953741620136347,0.9399948810234188,0.9560667248203795,0.9604690001798918,0.9505130457516964,0.9798627521008588,0.9801179867465476,0.9910494359942007,0.9969053428089257,0.9748637687643132,0.9603220461768366,0.9738661066200976,0.9722478802553098,0.9747971485284624,0.97461646391819,0.9403506083428526,0.9551677165080037,0.9571643046467728,0.9568850656734003,0.917012465572695,0.9680914676976377,0.9696290983758141,0.9744601098726187,0.9734952101374765,0.9349828881659166,0.871738585575718,0.8405925911517497,0.8846100707221463,0.9110524625223039,0.9073692653356964,0.9080725827986763,0.9070712224394281,0.7281273995247416,-0.567980089236484,0.9619651447782079,0.9463934698476292,0.9465635353065222,0.9758396359407469,0.9567447964854082,0.9682291219958971,0.9683296674861794,0.9198298143680234,0.969971920843544,0.9306051008525439,0.800561751948817,0.9535038983504488,0.9533299081291282,0.8176900047625025,0.9564173113841021,0.95733356213396,0.9014137336937975,0.9783597671569888,0.8872484476169065,0.5484690959078317,0.7181642181284754,0.8951763760050919,0.8650582235517627,0.8863733977099821,0.9838988087632791,0.9840910459565493,0.7750572080690105,0.7382827400109379,0.8061601683036742,0.44204869414406295,0.7882549354964091,0.8104469431284494,0.8049260467536298,0.7930892639423482,0.7839093286870449,0.7460876591570396,0.7288567457839643,-0.4096206100315308,-0.5318569427598819,0.7213330965324706,0.8862126001785482,0.9164494688652601,0.9309305926426119,0.9071986825318711,0.8222590472111379,0.8938764695352821,0.909839555937743,0.9094460669303964,0.8423921813405167,-0.041074267391413254],[0.9964770453865681,0.9921419371285042,0.9902425756203209,0.9968454808904523,0.9986058120363905,0.9812184833305244,0.9992551810972483,0.9999983848732344,0.9759949103548148,0.9999979385179764,0.9999984449142261,0.9997949728571524,0.9999976985670938,0.9999954812773265,1.0,0.9995081172290642,0.997308376747419,0.9995207384232376,0.9999170312915142,0.9999163853513621,0.9999685827267427,0.9999977630805974,0.9915000453725932,0.9771933395039636,0.995601073522127,0.9604812239689099,0.9953982040450201,0.9921434325577395,0.9778224739632319,0.9556082467053503,0.9913561506273761,0.9942292932328043,0.9926715314981308,0.9743593381575176,0.9995045304916562,0.9996058873484864,0.9997064593074728,0.9997759391743254,0.9993518041093797,0.9995453709995841,0.9983756605597397,0.9989544914566557,0.9995758889575436,0.9994525901278606,0.9816054913354737,0.9422460863524545,0.9546030458423526,0.9587251383404062,0.9423564668677277,0.9069826035718875,0.9578310133101434,0.945906728843553,0.9599246966284555,0.9606995963012409,0.9507603660009686,0.980882511941561,0.9801893228982302,0.9915376197288184,0.9967801636941607,0.9510603475736837,0.9607181670438902,0.9692507410816237,0.9723719048492996,0.9710006101472616,0.953362990683096,0.8993146935318668,0.9554170148711805,0.9583016382056452,0.9424936538640327,0.8843489381843276,0.9682888685123385,0.9430580228521768,0.9671465608854581,0.9517044229914965,0.8015602448718033,0.8719394374511938,0.8049480756914916,0.8849334904278232,0.9012525756877631,0.907540779364657,0.8885507192886266,0.8974731806871845,0.40544174447541786,-0.5668911923507507,0.9620637885137622,0.9466362558831636,0.9469065651132236,0.95360362547531,0.9568319011589604,0.968306639252049,0.9683841281034274,0.9199341743771347,0.9646952255071493,0.8559403638307096,0.8006186203687766,0.9536627983448214,0.9492520439075526,0.8183737083417312,0.9564691797459295,0.9574500845871253,0.9012892840538702,0.978185575429288,0.8363849427325281,0.5480036162143022,0.7185286160489043,0.8592569921950395,0.8509021530339825,0.8418538130606016,0.9837374180180849,0.9839071934985203,0.7754507937053042,0.738625621196087,0.7843162803454385,0.44211988844954025,0.7800817487493434,0.7928243868376845,0.788655210244446,0.7912845070420083,0.7839079925419986,0.7465990421678843,0.7293808345885581,-0.32109839161728077,-0.47236623149142587,0.722956238248368,0.8861438474404704,0.9193998648881353,0.9347041871358073,0.9069061880163661,0.8230470198757022,0.904426654889244,0.9208443253391942,0.9196926034207219,0.7646121012284178,-0.07363890676651545],[0.997779900953912,0.9940960863393502,0.9897419164139497,0.9980155548792282,0.9990704132940709,0.980859029153831,0.9998948432699758,0.9993810566747293,0.9741414731122511,0.9997099673837718,0.9996977323926234,0.9996914732841052,0.999424517245017,0.9996035250174494,0.9995081172290642,1.0,0.9985322908247342,0.9998638729535303,0.9995872826823962,0.9995915933897642,0.9997891228069489,0.9995760101086874,0.9911856459189293,0.9762667020479538,0.9943631955708393,0.9537595277483525,0.9940296745572806,0.9934431616729303,0.9762344300510788,0.9562804916896875,0.9917327703761974,0.9927471524482157,0.9934825411251293,0.9762847629250123,0.9993148422954298,0.9997494718930844,0.9997395258056331,0.9996049042184317,0.9996503282345017,0.9997092675550299,0.998916307655115,0.999620041575505,0.9995392243836757,0.9993152953642458,0.9803577474316447,0.9410124493584353,0.9565539564678937,0.9564821136849493,0.9433194868986774,0.9129733627612492,0.9597391120387987,0.9500944118081229,0.9620995445879962,0.9644581910674217,0.9546069736402811,0.9827228007274534,0.9820493196573714,0.9924129304614896,0.9963455648527318,0.9552699274326691,0.9641397738847075,0.9737305732641132,0.974785876427754,0.975237924668227,0.9560126771761503,0.9041790948679723,0.9586423373213651,0.9631230307197433,0.9470463764249971,0.8918650758208867,0.970669711768963,0.9476185113177781,0.9711623164468975,0.9557725028129679,0.8092096159638938,0.8770447143127641,0.8089904197517187,0.8900779459220713,0.9058600930632487,0.9100997245989985,0.8920192313103579,0.902343647508289,0.4158925254430534,-0.5644121063827803,0.9651972506986283,0.9511959933237376,0.9513441469129844,0.9573926683266701,0.9603038888972525,0.9712429876354509,0.9713219579280082,0.9237534103060114,0.9694303302872108,0.8626991581045593,0.802402554351144,0.9456810355780528,0.9420125360229399,0.8206134486696283,0.9565241100755707,0.9573302173295107,0.9013815041800144,0.9750217213996435,0.8357122792275625,0.5575651446304462,0.7233405436376176,0.8