var element=document.getElementById("correlationAdjClose");if(element.style.display!='none'){var correlationAdjClose={"data":[{"type":"heatmap","z":[[1.0,0.999994425276186,0.9861244667777538,0.9999318925056525,0.9991596734642065,0.9838543966992093,0.9978769272221172,0.9962492233575619,0.9703791652394036,0.9964887819625519,0.9946224342912612,0.9939925170538754,0.9963521084260192,0.9963883836922371,0.9962926136347546,0.9977140214221475,0.9980157472056534,0.9983508968262522,0.9968238709790315,0.9968398805744176,0.9968217295994379,0.9963218462561192,0.9880346626101327,0.9726491317441175,0.9904836657828316,0.9588704821276995,0.9895861408503784,0.9870733549280877,0.9700571318780533,0.9557092606927728,0.9926413591855355,0.9939949325772164,0.9928754532128469,0.978940484570008,0.9977847696618342,0.997932463954572,0.99759677055547,0.9964276754743594,0.9956502807751091,0.9978288838737492,0.998698474247337,0.9987292255067931,0.9977588020737475,0.9977738186826778,0.9775005163737805,0.9217588597843565,0.9530364878497872,0.9371174797547103,0.9371241665066508,0.9154922111294305,0.9640253568762626,0.9507107364261411,0.9658268550151257,0.9678779340494127,0.9571719389212971,0.9846667842805744,0.9822865751967349,0.9908826862840342,0.9943141426566068,0.9873503921279974,0.9825654888325231,0.988258191639813,0.986580393008366,0.9887957462356132,0.9886888441086003,0.9581177096945915,0.9758245934694738,0.976668004593009,0.9764781373356923,0.9474928361807409,0.9816220344986956,0.9786023830893126,0.9857516278369461,0.9851079361883478,0.9413656254381295,0.8967802392020552,0.865837091719482,0.911819611123774,0.9271872436499451,0.9249124745982846,0.9253099675589128,0.9240546438853193,0.7186654920888224,-0.5447392553028312,0.9809494392338118,0.9762125144747186,0.9735932327706429,0.9880192771706621,0.974448804467773,0.9846056078445806,0.984644841964006,0.9451284326501156,0.9851958320016799,0.9483482350407648,0.7935830739583613,0.9155983638828735,0.933365279956727,0.8162399485424247,0.9543922550588475,0.9551303464266031,0.9014481861008933,0.9672243611326149,0.8951425970212361,0.5868063887668636,0.7263111625361528,0.9023246769619757,0.8721521257293813,0.8936233450693614,0.9753333142260584,0.9755055345085438,0.7870788377355231,0.7487226991958411,0.8251327652237871,0.447496433811596,0.8063828731052459,0.8293033024410417,0.824440912829765,0.8170235519840608,0.7897638060169229,0.7547875123402902,0.7388191462123289,-0.2824164322592591,-0.4229527969188846,0.6848130946111417,0.8907074613297612,0.9317879058547218,0.9410473505385306,0.9051933851556351,0.8272106404309629,0.9088870134683619,0.9253414712601222,0.925169981963663,0.8602607874317171,-0.1509587432064945],[0.999994425276186,1.0,0.9894153933181941,0.9998500775055839,0.9982962809597538,0.9896969342588227,0.9943216074975031,0.9918116030578876,0.9865966337140887,0.9918221437855044,0.9918435478366798,0.9933172137101924,0.9919281835035796,0.9918187301358005,0.9918776665096133,0.9939825015528159,0.9963808470335317,0.9959559436754389,0.9939676740896445,0.9939736395727156,0.9918698209555772,0.9919151371630491,0.9924395728401757,0.9767156031675158,0.9884063544521616,0.9837550415648428,0.9884161510786293,0.987126560710823,0.9819995711183256,0.9391679846670329,0.9898907287983193,0.9877200170483013,0.9825841271508196,0.9405096823067473,0.9953482751831124,0.9952719794997186,0.9954849332244993,0.9922823404374975,0.9950540589312098,0.9954994513320352,0.996751488155347,0.9969294707206613,0.9954915880055012,0.9955013786483426,0.9909149605637262,0.9213216940810046,0.8981048191064378,0.9367466787708467,0.9369772271088763,0.9154712123159894,0.8895493756689309,0.9307602846129113,0.8918156856154591,0.9203246866410876,0.889362626852233,0.9582970003093313,0.9582810845666415,0.9718389269876172,0.9851488694257262,0.9829865888828924,0.9847056563118627,0.9795878903828668,0.9813447774016963,0.9810144857375445,0.9809272617165659,0.9449770982034982,0.9629732193752174,0.9383317235212799,0.9382834363844558,0.8692218057279576,0.9808676825670798,0.982137579079808,0.982330356814421,0.9819095576680205,0.9528548887881292,0.794387356892112,0.7575406388223261,0.8495827163863682,0.9061583525848349,0.8647450522520195,0.885945906377954,0.8848336569372262,0.7586500201962525,-0.15875021035062792,0.9708546892700659,0.9740560312227291,0.9706023241027971,0.983448498536459,0.9675108725436891,0.9734833129511682,0.9728818282881909,0.9299208849539254,0.9749820407968904,0.9321954740321291,0.7233077897083885,0.915124827987687,0.9144377349247969,0.549957270068518,0.8461886388409945,0.850353870850257,0.7531848922742731,0.9675649337935021,0.7266052087184813,-0.3055686149891939,0.23814935404239157,0.7531466997344742,0.7032675907376785,0.7459614118915375,0.969108948874289,0.9691340891453805,0.1800090592621532,0.3522123704259799,0.18690920112940304,0.15863126729507943,0.180082936851712,0.19382009821702897,0.19068395493699566,0.11155660634477006,0.53811157710515,0.27093966655903906,0.22073976080820135,-0.43407367968202687,-0.48181430934481545,0.6837955591003583,0.7556587184308613,0.7794317538274336,0.8417486836077916,0.8192664531775696,0.5869291704532593,0.7647555504289002,0.7738399893978504,0.772731060150356,0.43055939369161267,0.22944520564148527],[0.9861244667777538,0.9894153933181941,1.0,0.9874521654082836,0.9933373323066724,0.9913176221478363,0.9896250391569869,0.9903461146638548,0.9910694549846507,0.9929925975695924,0.9969545610669465,0.9961143882351108,0.9902025154770149,0.9923369417487188,0.9904020107575826,0.9898580630836031,0.9907954385871451,0.9900067534417198,0.9890310204786139,0.9890076475617842,0.9918696246098477,0.9902311606144065,0.9950229745530026,0.9848856708008544,0.9910787895743758,0.9818718424049325,0.9916899386959988,0.9873656170420935,0.9869551581142207,0.9615948761448494,0.9695141076097871,0.9737328166491904,0.9773940577316836,0.9564648171961719,0.9869698421319089,0.9900655864769792,0.9884449098398926,0.992008085132144,0.9946786574521664,0.9908678244366345,0.9849386845520056,0.9878348720647447,0.9873328012756124,0.9867124552659285,0.9924670846951397,0.9172513734632471,0.9367717603928856,0.947084675638555,0.9298643344133574,0.8752833228938586,0.922131282811938,0.9068380179119426,0.9248733384017632,0.930914742487775,0.915172961600442,0.9502591780915843,0.9595239871016152,0.9675652259259067,0.9774154894702137,0.9427507915962315,0.9659932386991408,0.9653328717155045,0.9717547468063575,0.9655735844165955,0.9411972970758025,0.9236731551979912,0.9492494439653515,0.9395692561068573,0.9214008039801813,0.8971554378542582,0.9722313722779383,0.9519211710150163,0.9651259443614478,0.9448153189933249,0.8377847123696266,0.8584204415813839,0.7765166969515024,0.8757279271371651,0.9000291933709447,0.9018993617564681,0.8692069111987305,0.8833965997189257,0.43383009762108043,-0.5314744217395266,0.9624567450588576,0.9499486218768098,0.9496704215282286,0.9427029192828729,0.9569825033319654,0.9650155678855121,0.9646536292872636,0.9331694223018426,0.9606225362047217,0.8841715770040014,0.7777460592113367,0.9544213521962241,0.9536059808983121,0.7963075941161942,0.9418112753349273,0.9434290739042731,0.8740652735496798,0.9803243635012485,0.7752759997148411,0.49092466704388854,0.6701473045915911,0.7972740693444538,0.7990966312690705,0.7783589205421819,0.982441597265489,0.9824709840546463,0.7171521726115676,0.6966345155870836,0.7106425505381091,0.39615864531946626,0.707246056325334,0.7151838409606328,0.7252987570398521,0.7146593370994345,0.7528559819239553,0.6903051816854209,0.6733060665705851,-0.34195551631783094,-0.4822338755968768,0.6526538713446539,0.8523572675691223,0.8786850584011178,0.8861869610007177,0.8771405153236863,0.7602283800849202,0.8577057288100038,0.8680369637521226,0.8750988099647361,0.7339839564789019,-0.07350508550257753],[0.9999318925056525,0.9998500775055839,0.9874521654082836,1.0,0.9993921816972997,0.9849531343438682,0.9981047943529504,0.996650685134263,0.9725173462725781,0.9969326040087099,0.995301347974696,0.9948769226153062,0.9967362933676697,0.9968583272888031,0.9966935634750513,0.9979701525718266,0.9983334745782029,0.9985965662488457,0.9971742209732433,0.9971874896380659,0.9971990421315406,0.9967101589259617,0.9891820860266739,0.9740063730730619,0.9913986830115171,0.9613624155743172,0.9906035710140778,0.988786397514549,0.9719700426879572,0.9568689656386167,0.9919774716939604,0.9935132860294271,0.9928016148036243,0.9785275645786924,0.9978581342163049,0.99811986359106,0.9978077923675607,0.9968638490588325,0.9961181701766124,0.9980476402172692,0.9985932490986587,0.998802767155792,0.9978281912584094,0.9978397583184759,0.979256444768581,0.918262036561957,0.9509940235018984,0.9371430983337895,0.9352538590763588,0.9093540614167616,0.9611546414445592,0.9475046400888659,0.9628680125065237,0.965489543253505,0.9544720048547379,0.9826217060638865,0.9808288962822238,0.990039995188303,0.9941094935957514,0.9860369046801746,0.9815178411145771,0.9871226048711466,0.9860278768600955,0.9875862971277088,0.9874731107961703,0.9493185333294377,0.9746672582345408,0.9753081760584152,0.9751146123806697,0.9429159827281347,0.9811975761726481,0.97600159186739,0.9844397138083559,0.9837631019513046,0.9230362749855417,0.8954064571162295,0.8623113397066746,0.910241467767079,0.924598974193209,0.9244802125894837,0.9230680335893499,0.9218513920057632,0.6328585478582642,-0.5442273938633785,0.9801876248500442,0.9750644862096983,0.9722484196711281,0.9867094201474101,0.9738032062818999,0.9839170726947672,0.9839545575891168,0.9447959081039633,0.9838933415140938,0.9350052563885473,0.7971865447147825,0.9206066227132548,0.9371791413145805,0.8178511236661057,0.9556164197969393,0.9563795490776147,0.9009687628473774,0.968393090280962,0.8890136718035965,0.5831021820655187,0.7245460427026755,0.8968238460842531,0.8684374063693511,0.8878498596759505,0.9761262513168254,0.9763022781904924,0.7858600640012571,0.7488766552198708,0.8171709402100006,0.4491657082644268,0.8004767364338458,0.8210673587551319,0.8161282656542895,0.8115498818231264,0.7919115669723475,0.7546068370276906,0.7387139532872017,-0.2778177490125894,-0.42222729193643993,0.6841556285212845,0.888852857535541,0.9298419117645499,0.9391576099930412,0.9039583463318632,0.8244029056012575,0.9068090951914302,0.923005751804771,0.9229800621197171,0.8530859973919396,-0.14387452174871787],[0.9991596734642065,0.9982962809597538,0.9933373323066724,0.9993921816972997,1.0,0.9875212305007381,0.9990262797142075,0.9985404985140235,0.9843232942854873,0.9985428198380957,0.9981414567151577,0.9981012136831063,0.9985615270515805,0.9985745240898027,0.9985724727416673,0.9990629671295411,0.9987879316102505,0.9992573221806295,0.9988488736984218,0.998853721308973,0.9986190649958853,0.9985626978785551,0.994787206875905,0.9813729203218382,0.9950984605429972,0.9779820340116369,0.9951064506055882,0.9922476570748363,0.9841672295077298,0.9601036247857797,0.9893536560333787,0.9920026666663044,0.9902546920318592,0.9710801074444277,0.9988666752566421,0.9989270866541472,0.9989505464242862,0.9986608354141293,0.9985984747855848,0.9989223859959278,0.9989374247436648,0.9991599428039821,0.9988797852135066,0.9988836167096867,0.9884775928413656,0.9276965135532572,0.9503147718387768,0.9452026943967552,0.9365727436272975,0.9049825761783673,0.9492448396510955,0.9432193575071934,0.9534874737557245,0.9595684357802184,0.9481715762303045,0.9804012138617686,0.9803144771862058,0.990137345715156,0.9939797951562089,0.9824383772691195,0.9757572034076684,0.9821335919453515,0.9823248383570177,0.9825041916478888,0.9824098923979172,0.9476276773756513,0.9666361863669726,0.9607726896847315,0.9606277918926005,0.9164088488549773,0.9783854072167096,0.9746783122129534,0.9804741940008054,0.979734131299717,0.9383481309542523,0.8768168362484586,0.8423382749765088,0.8962983198664222,0.9292639569588825,0.9151216618380162,0.9216116266468666,0.9206215471371277,0.7712646034922714,-0.5472113610690503,0.9742933627426728,0.9652146834375838,0.9634123894558129,0.983338782015183,0.9644704851082667,0.9777496719060689,0.9774938064732884,0.9364901760728691,0.9790816938432467,0.9385205211560521,0.7870759238719683,0.9345469525993917,0.9562269639066698,0.7843440576832195,0.9440657827137571,0.9454498030228032,0.8957819546738119,0.9731309517962115,0.8899181611063935,0.4225019551615324,0.6691575317738324,0.8957678830564294,0.8478775911598971,0.8915943435791861,0.9796000779475486,0.9797318735764783,0.7524783708663052,0.7334587386826835,0.75639766653626,0.42809905190626907,0.7116864368449357,0.7609433617514484,0.756507577192328,0.7210272452514807,0.7796862760014787,0.740745230623602,0.7239799428989343,-0.4791440528292018,-0.561895328506454,0.6793928709877254,0.8842778186898758,0.9168286866352068,0.9346652790925514,0.9026960493244677,0.8073803283061441,0.8973774951358288,0.910948449492384,0.910429942353278,0.7919345375830956,0.06613090431535755],[0.9838543966992093,0.9896969342588227,0.9913176221478363,0.9849531343438682,0.9875212305007381,1.0,0.981753291935632,0.9828970748857044,0.9929758896120425,0.9823160630985531,0.9781336277696903,0.9771425546348438,0.9827368103865338,0.9832638187014778,0.9829675201661126,0.9826422001450126,0.9862330471934824,0.983607123298316,0.9834841507309633,0.9835442279205312,0.9817288358690621,0.9829146838255501,0.994450129664659,0.9935229723151775,0.9841070983355423,0.9874071868436267,0.9845164532597038,0.9744112880642286,0.9876590742040059,0.974100374570932,0.9603704422886219,0.9662097874139697,0.9762487528894755,0.9671385265840641,0.981446441914767,0.9818183148867284,0.9827006628094224,0.9835931733392618,0.9779936028411639,0.9822918361877799,0.9807326850300404,0.9824527981100301,0.9816700712172528,0.9817336402790366,0.9959780087207496,0.8783454891365352,0.9282899569697672,0.9227842903068858,0.9330807354662964,0.8916718872560857,0.9173598846633719,0.9106610000148433,0.9201724486310702,0.936396722425601,0.9170183943644741,0.9494620676316566,0.9553409717723035,0.96160000363594,0.9691935453866809,0.9721655485672047,0.98800226788959,0.9741746615806833,0.9853673623709596,0.9737800576366,0.9732067421580166,0.9763376659267793,0.9712954176666232,0.9518118366034557,0.9512112386446832,0.948979426596574,0.9841643793518984,0.9769051495456851,0.973374904051977,0.972089240442916,0.9656839871629297,0.9009046378613385,0.8571947409955085,0.9170230604031141,0.9220361816286144,0.9314629049213811,0.912527079916042,0.9103061026679979,0.754640481233747,-0.48729142703101413,0.9823715889551516,0.9839569946628604,0.9801403430222453,0.9729671919864449,0.9752678127007139,0.9810334835090803,0.980608057889685,0.9687301092865244,0.9708127973235441,0.9681924395455338,0.7989623930355741,0.8948157002979311,0.9559487924281194,0.8300647636123201,0.9440948634314682,0.9450680128184386,0.865820278681004,0.9583306597544352,0.8324537020028486,0.505402424439391,0.687957574684137,0.8423131769612713,0.8188924212675367,0.8320382730390331,0.9582093366834152,0.9583328994250422,0.7386822328475903,0.7242558739206867,0.7503608150177609,0.4519148275901624,0.7455073089136449,0.7556248808214538,0.749402358084634,0.747364703325739,0.7712200671094765,0.7135337428553107,0.7005173483300191,-0.3036646315112243,-0.4344707923153131,0.69008594387896,0.8525561295050265,0.8688532792409389,0.8847119025744675,0.8618545493921086,0.7812953678399676,0.8464486323762486,0.8609699527878176,0.8610227109422508,0.8032888638947849,-0.10433254883901827],[0.9978769272221172,0.9943216074975031,0.9896250391569869,0.9981047943529504,0.9990262797142075,0.981753291935632,1.0,0.9975861039274015,0.9569770524919275,0.9996221502863015,0.9995855871707772,0.9996104548393931,0.9984640363559603,0.9994886061187527,0.9992095083805413,0.9998930617093749,0.9966814690996291,0.9999045804920866,0.9993993818466438,0.9994039540293518,0.9997225300215921,0.999348579640992,0.9907181391337877,0.9747334087762565,0.986209885304908,0.9277498175009865,0.9937577168252464,0.9926471555592716,0.9747662707825371,0.9535688150338436,0.9916916142399906,0.9920538263502601,0.9937409311931709,0.9757462123046895,0.9990369187042146,0.9998572122362966,0.9997239695461573,0.9994914668350245,0.9997787415912713,0.9998425633233194,0.9985542168297973,0.999744456248964,0.9994071193712745,0.9990730084050843,0.9801996406879964,0.9349443615821359,0.9533479010505886,0.9506264789430123,0.9392377824444075,0.9041487232967638,0.9579773132870244,0.9471168658259416,0.9603267632050043,0.9630671440552036,0.95358191583636,0.9819675419192189,0.981607858948068,0.9919773620221911,0.9964291848187733,0.9518086394046633,0.9629943571279471,0.9737587848214093,0.9739918480979555,0.9752494702742526,0.9517810836381824,0.9036012300913515,0.9573997540831651,0.9628272380412036,0.9432887410399449,0.894347016668012,0.968543492924375,0.9441772045851685,0.9696283610500239,0.9521846437367341,0.795931228068333,0.8692589492538801,0.7945107825124272,0.8831959616227024,0.8996823976174328,0.9040276272518835,0.8839435277535057,0.8954037029133404,0.38062165930328457,-0.5790279024933905,0.9648676425217756,0.9505857600447817,0.9502607876161218,0.9532715257068517,0.9602701655709293,0.97118005304619,0.9713564406965863,0.9247566156654031,0.9689744975789667,0.856647915334098,0.7809919020112098,0.9354504005717448,0.9358997079617676,0.8050656057200233,0.9533347817093896,0.9542372305237875,0.8997694467998593,0.9727338145637442,0.8325770032186439,0.5782409468388674,0.7181359465758237,0.8564996224711617,0.8500240140054566,0.8380065793987548,0.9801040762466754,0.9802825181657773,0.777311103861773,0.7310786757355042,0.782550952452945,0.4219497604319616,0.779778206458994,0.7953909662746801,0.7882846795222105,0.7939899756791666,0.7771245474042485,0.7471561777219233,0.7294369071963726,-0.2917057889976611,-0.44372551994083476,0.6942882172331829,0.8891283707574702,0.9223825803310642,0.9402887147567698,0.909404891882361,0.8261507076662871,0.9090021014067887,0.9272865337437288,0.9259536899504883,0.7771925783633002,-0.1132959095681793],[0.9962492233575619,0.9918116030578876,0.9903461146638548,0.996650685134263,0.9985404985140235,0.9828970748857044,0.9975861039274015,1.0,0.9676682375636442,0.9999998320102291,0.9999993249052964,0.999764984735857,0.9999970885421865,0.9999928503737782,0.9999982750308826,0.9993379617796005,0.9916291443128666,0.9994687075488726,0.9999103395697898,0.999910035685559,0.9999655913891824,0.9999987969714337,0.9912160436788162,0.9764212260559273,0.9930304371820552,0.9417121423567739,0.994246693086604,0.9910069962383344,0.9769569954460848,0.9530636166698327,0.9880520710676544,0.99392006478598,0.9923794178473616,0.9729026136002571,0.999476008752705,0.9995792636669947,0.9996808277987095,0.9997476102405773,0.9992499793176578,0.9995152678812702,0.9982603190686646,0.9988598954792858,0.9995478495765835,0.9994166952120603,0.9819126480459438,0.9347724341296673,0.9507708781458681,0.954157733170179,0.9381012983670326,0.894307755741146,0.9562296998435748,0.9427163705412058,0.9582340627934267,0.9576059602073511,0.9477466484954112,0.9799755007269422,0.978771619010868,0.9909651791016828,0.9968845194508343,0.9472381612642629,0.9594864191630794,0.9681179352489899,0.9713696090385195,0.9699688187809744,0.9502294955205745,0.8974372708578259,0.9532777222708493,0.9567491611946541,0.938312753577397,0.8840749109284433,0.9662174717823133,0.9386234209616181,0.9647410480103085,0.9479415890060868,0.7848757646455938,0.8623492583483096,0.7904631032995897,0.876295015638873,0.8933335789260157,0.9001463478238615,0.8799599984771401,0.8892705884589716,0.36451546940292096,-0.5827032022702117,0.9613021734537736,0.9451919527357576,0.9451484340033612,0.9514626777588591,0.9564640461090729,0.9676932934597147,0.9678507946648851,0.9210814121500162,0.9629326317057669,0.8473463680131482,0.7782523657555575,0.9480136951631072,0.9461489325367237,0.8020639588559142,0.9531936113187163,0.9542421317538871,0.8972551520533077,0.9764763054196067,0.8352231948402496,0.5639384477718934,0.7095895527100282,0.8572483635335828,0.8468022174393609,0.8399055100716466,0.9824036080316441,0.982585231875592,0.7685826866709835,0.7237866917808515,0.7836097474665926,0.41015879325587684,0.7746648261554651,0.7907764247352462,0.7884865656864547,0.7883920205688155,0.7712215996578347,0.7415356187490881,0.7232713535820606,-0.3069525596360584,-0.45789562645893833,0.6815328477768477,0.8818218456027445,0.9197688791082054,0.9328041358376475,0.9037802382552443,0.8156614618265549,0.9026179088913749,0.9210178333725428,0.9199395316046601,0.75877895500633,-0.09649237157978575],[0.9703791652394036,0.9865966337140887,0.9910694549846507,0.9725173462725781,0.9843232942854873,0.9929758896120425,0.9569770524919275,0.9676682375636442,1.0,0.9827258861660002,0.9872031574031037,0.9896045688470421,0.9713175149639334,0.9796517804622333,0.9762204105233672,0.9742064525679347,0.9496658515965365,0.979048242211312,0.9769317937122572,0.9768939787887236,0.9812056667810702,0.9760767769439812,0.9939294381446246,0.9932059333350499,0.9803767283660768,0.9894690125234977,0.9834917623300776,0.9902707073338963,0.9906549537598333,0.9691793128544297,0.9275463296140206,0.9491274311079304,0.9662796546346428,0.9521319608700648,0.9706255898197034,0.9790955075638547,0.975725550300524,0.9780918766985359,0.9880062544395984,0.9802605732167045,0.966787347758663,0.976275672587757,0.9714892463335343,0.9704616043685469,0.9990086550279788,0.89697366980069,0.9211126144391489,0.9484012002876807,0.9381745873811574,0.871669171786108,0.8856448820129446,0.88463403589214,0.8896192284070608,0.9145935185990729,0.8948757230351867,0.9288113736589926,0.9452137682319659,0.9505286322586912,0.961033403451733,0.9045006563421688,0.9678887303566486,0.946499822344616,0.9664461456194282,0.9465059294362068,0.9029009053207764,0.9162881705612747,0.9438083034689128,0.9169245554914026,0.880875935619403,0.8838733977308835,0.9680056836539097,0.921534478019132,0.9445469280266007,0.9073059608957094,0.8277254345466986,0.8531593891397322,0.735106513489847,0.8721874624165595,0.8826041415527256,0.8961396825115681,0.8448900194411146,0.8632836954719636,0.4148668572407779,-0.5142291633485695,0.9579496109186018,0.9530657734002197,0.9502211214970212,0.9028777669357779,0.9484555990343715,0.9561129053717652,0.9555308081282459,0.9377584040927147,0.941248163538752,0.8741558552114468,0.7838552512060087,0.9396494815310454,0.9613990610163267,0.8054287135907539,0.9350794823806531,0.9366671034434984,0.8515773487549019,0.9677249475345949,0.7413400968159777,0.45315305488868995,0.6511251324941442,0.7740591450763733,0.7756527592115532,0.7522690445254041,0.9670314585541039,0.9670230228746451,0.6980687244402113,0.6862227308079704,0.6757649374135323,0.40374162916273254,0.6888431053995637,0.6929427429877321,0.6752051599875397,0.6926284081477957,0.7455359434899181,0.683931793289573,0.6682621835689512,-0.3476516524843333,-0.4841854983148312,0.6919944994072738,0.8365364244761184,0.8313535132710111,0.860427270749245,0.8558392772792788,0.7519079673401126,0.8131873617922571,0.8370545204730394,0.831011208939358,0.7057144141380902,-0.03343606830419923],[0.9964887819625519,0.9918221437855044,0.9929925975695924,0.9969326040087099,0.9985428198380957,0.9823160630985531,0.9996221502863015,0.9999998320102291,0.9827258861660002,1.0,0.9999991420428838,0.999769553437775,0.9999985368487624,0.9999917232263272,0.9999977976774558,0.9996872791678153,0.997890267532748,0.9994657174311757,0.9998853884092106,0.9998853761207869,0.9999777579020236,0.9999993284647454,0.9937766019308621,0.9781107215812801,0.9962477686199529,0.9742166726489648,0.9963337046457845,0.9910018068510003,0.9813152653728712,0.9543751161084146,0.9897809432445006,0.9937985936914977,0.9900321626349319,0.9696269712461619,0.9995065031250235,0.9995721710684868,0.9995848759830341,0.9998352421061704,0.9992622796688312,0.9995227583315368,0.9984827242909025,0.9989031228213702,0.9995122109151608,0.9995075816723709,0.9863045493517983,0.9346489005186256,0.9508046839151638,0.9541197858894417,0.9381460757505419,0.8944314204566133,0.9473197494602532,0.9375895779609944,0.9509737888696007,0.9558162020418268,0.9458568208629792,0.9790052218457708,0.978805032587091,0.9915329858452657,0.9966998337650139,0.9728165500311863,0.9595773274499223,0.972528042532444,0.9714118833477283,0.9730236779946649,0.9728056269327012,0.9356841700536156,0.953344662303668,0.9514120001812021,0.9511440488020768,0.9054588944442975,0.9662209728918942,0.9651511924610795,0.9710024544787622,0.9700597202958023,0.9250003979856132,0.8623849694837767,0.8221934189411848,0.8761876740451342,0.9125035252705176,0.9005421405659799,0.9060753040157707,0.9052988326981466,0.7255905810027945,-0.5876420020917559,0.961372034069346,0.9451812140514833,0.9451498131824774,0.9738769099369892,0.9519118051831583,0.9674380213912435,0.9671008932849783,0.9220830434319334,0.9689910759021496,0.9244155095374423,0.7782566315819212,0.9477364698532602,0.9577416150963709,0.7863658056448339,0.9470606128441641,0.9482713056801091,0.8973278285948564,0.9756829849302844,0.8979286455616889,0.4625163043944491,0.6863497241543948,0.9037493735056943,0.8560215873511644,0.8996095446999366,0.9823614134521502,0.9825739054980145,0.768651496132021,0.7234773021505462,0.771815465034889,0.4102726445709749,0.7281665356307548,0.7765321263500939,0.7720210715263622,0.7393442473186966,0.7709167511947217,0.7414197562199956,0.7231189309927581,-0.5245083124796253,-0.6076287714155167,0.6805768035088686,0.8817979062502971,0.9196928885604763,0.9369275278286048,0.903791448593633,0.8122012413104353,0.8985025457678153,0.9134480157767763,0.9129224190079869,0.8040693455811849,0.1297533379061503],[0.9946224342912612,0.9918435478366798,0.9969545610669465,0.995301347974696,0.9981414567151577,0.9781336277696903,0.9995855871707772,0.9999993249052964,0.9872031574031037,0.9999991420428838,1.0,0.9997691454265069,0.9999963987229225,0.9999948684899681,0.9999983551259293,0.9996713359674465,0.9975772464993432,0.999209899449005,0.9997883774832628,0.9997883758803001,0.9999984446168934,0.9999983783591497,0.9930821273611508,0.9739541232964356,0.9953150980847545,0.9822555207390555,0.9958999876246261,0.9910154481566823,0.983499105068084,0.947066832253699,0.9889623727191215,0.9932869370405544,0.9838307014974953,0.9450347605805315,0.9992894067548055,0.9993443487701,0.9992849491217302,0.9998956019395336,0.9992458723754092,0.9992949817108016,0.9979442024072336,0.9985124817819101,0.9992635366802466,0.9992612136211557,0.9885556142554283,0.9343607808600467,0.9178709242048456,0.9540693185029686,0.9380581307945434,0.894129988801605,0.9170302563246087,0.9072412321033155,0.9214503403261257,0.9299467317498903,0.9154466399431067,0.9713917590323966,0.9713679975091455,0.9906787114729874,0.9952366693486573,0.9649727456825198,0.9597021458039969,0.9602720972463217,0.9620030333873336,0.9616414694114649,0.961390342090776,0.9111639544831136,0.9429644826504201,0.9179876700577161,0.9175837270744077,0.8366200335013194,0.9640687922172052,0.9695202608273684,0.9660094996801492,0.9649037394473322,0.9169576910049684,0.7960641603855482,0.7585434767815519,0.8388395612004396,0.8918740962970935,0.8608610650885355,0.8763145336933563,0.8750090801159375,0.7258161931822296,-0.3939330700800659,0.9485757430680536,0.9453207576641313,0.9452503599238484,0.9661237498825709,0.9382045370548334,0.9513362658749893,0.9506945474202856,0.8936572384154665,0.9540523620477521,0.8981714598492129,0.7784146817060145,0.9480490294246027,0.9615509580350158,0.6782958943664195,0.9068090567399422,0.9094837562931275,0.8544482978008024,0.984999170822028,0.8422024206388923,0.12206053358073403,0.5375918260447394,0.8543348779487587,0.8211498507980483,0.8490080140529604,0.9857521587312099,0.9857718799088634,0.5280383057250652,0.6366035781924843,0.5352866697779636,0.4102028995737193,0.5023544552841337,0.5462308740732937,0.5364834497954465,0.47434165112126453,0.7595311340996945,0.6076667872259969,0.5689656610334853,-0.48606235891966987,-0.543850622515536,0.6800088915692896,0.8613614043405081,0.8739683404943326,0.9061076620233489,0.8974481717625012,0.6758701404086607,0.8465630606510007,0.8668157601030038,0.8661084309356825,0.6150691839885889,0.07754464617649752],[0.9939925170538754,0.9933172137101924,0.9961143882351108,0.9948769226153062,0.9981012136831063,0.9771425546348438,0.9996104548393931,0.999764984735857,0.9896045688470421,0.999769553437775,0.9997691454265069,1.0,0.9997826157609565,0.9997683678818666,0.9997744090865563,0.9996720060891895,0.9982097418132321,0.9994064352688643,0.999970439679299,0.9999701481409569,0.9997735773215397,0.9997789649802606,0.992674682445893,0.9708398241192576,0.9941287002766077,0.9829795309782926,0.9949125830867476,0.993500508153794,0.9797140242019294,0.9283784387342072,0.9915388805671662,0.9942944014137649,0.9793307978605537,0.9265475256536962,0.9994197539978509,0.9994671552205271,0.9994283237032244,0.9995903366480207,0.9996145153629548,0.9994444768780314,0.9978192893785681,0.9985438330470559,0.9994068950855608,0.999403778018339,0.9898478379436354,0.9299216919090094,0.9044975558634153,0.9511196939354032,0.936932095788781,0.8941031196858245,0.8824816418710456,0.9198549742349376,0.8860336742707005,0.9066126974641816,0.8807436586060831,0.9593408214459266,0.9593258752405279,0.9818754303717938,0.9947019866292413,0.9636598560085474,0.9642863266076138,0.9556019494288792,0.9596378879017257,0.9581208046813889,0.9579495916051782,0.910868712993431,0.9338481794930087,0.902695100642983,0.9025865175844241,0.8196426884553011,0.9628988693091028,0.9649378931982084,0.9650002465159018,0.9643640218724777,0.9235358216051052,0.7464344651987656,0.7059854663616697,0.8046190864872563,0.8697097254618068,0.8249314196519213,0.8481359549812754,0.8473162753980938,0.70565996148219,-0.2785217440600254,0.9425959133968764,0.9477558099695343,0.9422898694462443,0.9644469873937291,0.9381518011513706,0.9461884327514445,0.9453539603142074,0.8912171116905543,0.948545718193518,0.8944981502886097,0.7308184766919444,0.9455545244137573,0.9399298491125403,0.550888249278657,0.8517028565942761,0.8562320503279829,0.7507681224472424,0.9787970668393555,0.7270117997669608,-0.24689515765448708,0.2752205186676556,0.7506520770327827,0.706493926229588,0.744399470929542,0.9799591379082757,0.980052779023977,0.21787041274057792,0.37580191607972807,0.2232090440805032,0.19512993176559257,0.215131082751052,0.2309869419257594,0.22850403736952418,0.14524148737400092,0.559176301015406,0.2943617542878959,0.24239367477213072,-0.5007297302492805,-0.5473393346347767,0.6806712643801409,0.7585408606950156,0.7821488998052203,0.8457318101899679,0.8271132547500691,0.5773570571612461,0.7637116665239984,0.7768666646338,0.7758179048944385,0.43358727201751673,0.26760577093515764],[0.9963521084260192,0.9919281835035796,0.9902025154770149,0.9967362933676697,0.9985615270515805,0.9827368103865338,0.9984640363559603,0.9999970885421865,0.9713175149639334,0.9999985368487624,0.9999963987229225,0.9997826157609565,1.0,0.999991286771848,0.999997685666958,0.999384863585646,0.9932779066399423,0.9995077364126038,0.999919554563178,0.9999194178851893,0.9999725188385841,0.9999989791075856,0.9910985884781366,0.9762312007891973,0.9936826782529177,0.9466306372250657,0.9941994335345077,0.9911184591257796,0.9767598305264448,0.9530110468237071,0.988959856965459,0.9940017822585924,0.992460265060255,0.9730268417004743,0.9995186212607422,0.9996184115878207,0.9997109807392459,0.9997468057289444,0.9993081543977289,0.9995557172785355,0.9983459379828983,0.9989260984499284,0.9995904651941563,0.9994600115251564,0.9816718311565641,0.935040099888952,0.9509414230769226,0.9540942626052279,0.9382040746774664,0.8949321035968216,0.9565860852960297,0.9431079074679369,0.9585937930604163,0.9579446550785758,0.9481427326767515,0.9802299083248951,0.9789607157616709,0.9911038200268855,0.9969660528733287,0.9474967200774177,0.9595234538335896,0.9683144406722364,0.9714265514251039,0.970163390646924,0.9504425965368319,0.8974146963535272,0.9534332370487902,0.957068960566457,0.9386807560453361,0.8842737801593236,0.9662295734886573,0.938768077961522,0.9648962377478717,0.9481813775651217,0.78480403082808,0.8626352603010468,0.7909175683553076,0.8765638015986832,0.8935543286430317,0.9002810060354683,0.8802812058798345,0.88958737165225,0.3646435501152571,-0.5827682398080767,0.9614008379766767,0.9453370948560866,0.9452814043596218,0.9516713578880887,0.9565676993268304,0.9678109172113699,0.9679712564059374,0.9210782139596141,0.9631479536367941,0.8473643439064947,0.7783252655535072,0.9474490432765895,0.9456514697204622,0.8021144588557445,0.9532040632188342,0.954244464195157,0.8975988995763888,0.9763379203672357,0.8357174808189511,0.5650344065128003,0.7102435535434032,0.8577289667763964,0.847337301859259,0.8403928078448925,0.9823447205526079,0.982526384859655,0.7691989425786,0.7242992902122136,0.7842242246724236,0.4107982206390386,0.7753351942359917,0.7914709307594645,0.7891148559560749,0.7891032718469749,0.7715650766031518,0.7419873146501871,0.7237392736292628,-0.3060325196472522,-0.45708131259169443,0.6819706291437578,0.8823471833373443,0.9202469541042166,0.9333457365894396,0.9042661864090114,0.816232264253893,0.9032067568030221,0.9216056151108344,0.9205175719566738,0.7594643921098654,-0.09752944860581975],[0.9963883836922371,0.9918187301358005,0.9923369417487188,0.9968583272888031,0.9985745240898027,0.9832638187014778,0.9994886061187527,0.9999928503737782,0.9796517804622333,0.9999917232263272,0.9999948684899681,0.9997683678818666,0.999991286771848,1.0,0.9999951387464321,0.9995737163622401,0.997842434218119,0.9994665210392508,0.9999051018388277,0.9999041309099863,0.9999546041078824,0.9999915571461561,0.9930222486191336,0.976649952728793,0.9959657484240755,0.9682298179088341,0.9957511652505868,0.9909813671309955,0.9771833103429884,0.9531729492720494,0.9893064564114838,0.9940518169417333,0.9917664266734467,0.9725672083032619,0.9994971679635786,0.9995718580535912,0.9996310178447737,0.9998895113044823,0.999272480915638,0.999505269776223,0.9982118720600894,0.9988492336029481,0.9995166247356267,0.9995098152581253,0.9842013655298476,0.9347974561793825,0.950709144687348,0.9540664710646221,0.9380926544832181,0.8944125016178336,0.9513369472551713,0.9360079111777959,0.9536232482702693,0.9573115227205284,0.9474005790527616,0.9787051264101145,0.97863800795666,0.9903873855310289,0.9969593954490495,0.9735289184221682,0.9593322043244641,0.9734269407485829,0.971422110905412,0.9743712717795094,0.974142657984051,0.9448035188657837,0.9530762477605954,0.9560781014156148,0.9557844127605526,0.9219552609691942,0.9662499885866116,0.9681041648948104,0.9729094673403123,0.9718717952191718,0.9337337091261617,0.8621239791788516,0.827855052490288,0.8759977210811518,0.9041186417863296,0.8999883697952128,0.9007682697077026,0.899662024195416,0.7035054956650223,-0.5833435761013656,0.9613957746586654,0.9450479853909961,0.944889512030006,0.9746015712853252,0.9566637447053714,0.9677737659151063,0.9678751446580993,0.9214482852793399,0.9689601293882736,0.9329301083802465,0.7781675730675053,0.9475026820057031,0.9508676711556941,0.8013228610477632,0.953063343994968,0.9540509975433549,0.8971998221112687,0.9766754738773458,0.8850189495326825,0.5641125531220367,0.7090509872297993,0.8928359064113351,0.8603739428687327,0.8837667419565155,0.9826061754494438,0.9828157880482307,0.7677791898420637,0.7229646118506844,0.8028662607139238,0.41028109465484197,0.781185839798463,0.8073084614555123,0.801819885967523,0.7888108390702869,0.7710100914367646,0.7401382737391847,0.7218800569352583,-0.3967949791560129,-0.5189068050403185,0.6799642401696009,0.881794553936556,0.9165139134322767,0.9287183545782967,0.9041228757593885,0.8146422390659307,0.8906661904591766,0.9095761803034088,0.909168473069422,0.8401828225666532,-0.06422365507558217],[0.9962926136347546,0.9918776665096133,0.9904020107575826,0.9966935634750513,0.9985724727416673,0.9829675201661126,0.9992095083805413,0.9999982750308826,0.9762204105233672,0.9999977976774558,0.9999983551259293,0.9997744090865563,0.999997685666958,0.9999951387464321,1.0,0.9994734829953758,0.9971286580475919,0.9994841250162148,0.9999130980285537,0.9999125049960391,0.9999665404631427,0.9999976504799624,0.9912603422057554,0.9764856032310554,0.9953298994094516,0.9598688331017372,0.9951354072309867,0.991075870418206,0.9770110787875785,0.9532286472511468,0.9914311607693945,0.9942654745461347,0.9923301481210745,0.9728182980055918,0.9994871661680091,0.9995803454269615,0.9996877313945434,0.9997626390148737,0.9992764201065603,0.9995125796682358,0.9982845210155656,0.9988755320652077,0.9995573776128579,0.9994288366122115,0.9819143232318454,0.9348434270647855,0.9507893112835932,0.95414348963625,0.9381789497727875,0.8945778944339869,0.956305744755826,0.9428450276850473,0.9583410346114908,0.9575578593451535,0.9476646985014204,0.97999906497956,0.9787174827812023,0.9909362367604536,0.9968489871217883,0.9475222343986702,0.9595517228752193,0.9682799102483501,0.971452386804802,0.9701171801066311,0.9500500968263246,0.8976460139961765,0.9531998517152616,0.9568137529927287,0.938517421941376,0.8842081481717341,0.9663597189416913,0.9389552344614088,0.9649374340806417,0.9482395946391526,0.7852093486744794,0.862355926406749,0.7907170386713365,0.8763429692368805,0.8934990184548073,0.90015786376907,0.880108108056825,0.8894343680226533,0.36486585547892814,-0.5823998656482823,0.96139205536416,0.945302850888988,0.9452508971342526,0.9502777230123512,0.9566360657917264,0.9677771598111345,0.9679312605976232,0.9212736269758887,0.963095464703004,0.8476038620408957,0.7782764426269558,0.9477425732059995,0.9460569118016143,0.8020737005292811,0.9531257374834299,0.9541783408038903,0.8970747841036169,0.9764925386279757,0.8352504337916803,0.563759517797378,0.7094764541541314,0.8572540357017872,0.8469201995524615,0.8399296059805741,0.9824399703071546,0.9826186576842367,0.7682014071934832,0.7234593332898209,0.7835869540737394,0.41040349574280516,0.7746408373417627,0.7906951696355827,0.7886365380784247,0.7882919529417092,0.7711440425848783,0.7408128687477854,0.7225828322099284,-0.30676888055284346,-0.4577076219075167,0.6817626908714741,0.8817292243286246,0.9198864760769524,0.9328407099788298,0.9038205122120777,0.815458170622366,0.9028131949415219,0.9210485401561158,0.9200860249368278,0.7588682510602646,-0.09675553464080368],[0.9977140214221475,0.9939825015528159,0.9898580630836031,0.9979701525718266,0.9990629671295411,0.9826422001450126,0.9998930617093749,0.9993379617796005,0.9742064525679347,0.9996872791678153,0.9996713359674465,0.9996720060891895,0.999384863585646,0.9995737163622401,0.9994734829953758,1.0,0.9984366648809397,0.9998542044795306,0.9995597506221708,0.9995644216397036,0.9997740185348979,0.9995462585731355,0.9909034259658029,0.9754442904453401,0.9940005217210993,0.9524616949896769,0.9936577136425861,0.9925287086002372,0.9751928537998801,0.9537493454037054,0.9918422283990822,0.9927091541855748,0.9931887324815204,0.9748805579056492,0.9992847844618401,0.9997381800137571,0.9997231535980436,0.9995796489153076,0.9996133573046286,0.999694393106082,0.9988640550713563,0.9995928996032988,0.9995173467130279,0.9992817295951347,0.9805400856146392,0.9334003009289366,0.9528745529070748,0.9512221686001789,0.9390735399160546,0.9011894703741427,0.9583272284892519,0.9472983018599496,0.9606460602094775,0.961616609661826,0.9518021352879642,0.9819514429337052,0.9807387888560198,0.9918777500279999,0.9963731664635639,0.952061206453594,0.9633226045151996,0.9732737110027003,0.974075821564465,0.974848156725808,0.9528908344996239,0.9034758781164473,0.9566935771953968,0.9621459244065477,0.9434552463727003,0.8929962076199548,0.9689171436636974,0.9439258604204798,0.9693235528339327,0.9526113689903201,0.7937423274675434,0.867882216089033,0.7950909786750561,0.8818244843369734,0.8985482596290791,0.9029632952098836,0.883855104342624,0.8947069555699131,0.3761445010887781,-0.5795636149860202,0.964778037260989,0.9502060821806325,0.9499417857144156,0.9543908296224747,0.9605966695398833,0.971026726339151,0.9711113351342074,0.9257189998672287,0.9683420232677953,0.8554136883051024,0.7800461108457972,0.9385632318928229,0.9382106615311001,0.8045199049495904,0.9531942119280922,0.9540610838710951,0.8972576823760658,0.9730654040250611,0.8345145081926277,0.5735391435972059,0.7145385775788955,0.8572927775292318