var element=document.getElementById("correlationAdjClose");if(element.style.display!='none'){var correlationAdjClose={"data":[{"type":"heatmap","z":[[1.0,0.9999943847448501,0.9860809410180009,0.9999316400769097,0.9991588324216152,0.983935229409516,0.9978861269757513,0.9962473095916955,0.9702980033167018,0.9964943055464618,0.9946372170394324,0.9940332896778378,0.9963510867690154,0.9963873363110383,0.9962907347483666,0.9977172160116142,0.9980138929304775,0.9983616316621474,0.9968262330709532,0.996841925471302,0.9968292693480005,0.9963199491356715,0.9879899975988018,0.9725585832003055,0.990464187770045,0.9587219234865427,0.9895604547870698,0.9872109588404057,0.9699424786084614,0.9555344807028284,0.9926684650771227,0.9940113118772984,0.9928569525123885,0.9788576131120335,0.9977933229250704,0.9979470888227815,0.9976022967557382,0.9964243974387997,0.9956912963085184,0.9978444123511389,0.9987102415479817,0.9987425200880807,0.9977664246525111,0.9977812418647705,0.9774409697979528,0.9213152148528069,0.9528454514878294,0.9364387414462207,0.9365124726208544,0.9148799168008408,0.9639887363118462,0.9505802582039742,0.9657860255491769,0.9677678825952024,0.9570925398033737,0.9846471515242794,0.982243152183878,0.9908584798881547,0.9943295975365654,0.9873433506595428,0.9826326345334502,0.9883070118611793,0.9866135827996105,0.9888443280961543,0.9887287164613046,0.9587367602745711,0.9758562578109996,0.9767300134909119,0.9765226962614856,0.9484008758523542,0.9815958050561215,0.9785815642679941,0.9857273941730451,0.9850797743135095,0.941525634863933,0.8964389936365109,0.8653295038780205,0.9115206558641102,0.9269106249432628,0.9246188857703752,0.9250183612480554,0.9237596612766971,0.717391035233105,-0.5459206564118326,0.9810194823480792,0.9763410690045452,0.9736629871838739,0.9880128569054797,0.9745710750871004,0.9846661457194995,0.9847025824973747,0.9456187423497109,0.9852162834068611,0.948811144884467,0.7924082988928836,0.9151690071578926,0.932978012833307,0.8153908954461881,0.954211143334135,0.9549512221769171,0.9013537255509096,0.9671257663444714,0.895164326701832,0.5875135663888804,0.7259754502335188,0.9023391618301778,0.872043450581407,0.8936273528449328,0.9752802096087467,0.9754538119911222,0.7867993612473753,0.7480098897632503,0.8250916178440308,0.4457981807966978,0.8061432358561302,0.8292688686686769,0.8244173110734625,0.8169205108749664,0.7891490511724042,0.7545074361197921,0.73845486460337,-0.28212704252355203,-0.42256103925997857,0.6821346342127328,0.8906034350482838,0.9318998319827069,0.9410340545629616,0.9051683103344452,0.8269228517814,0.908838252834046,0.9254418863667546,0.9252712671364595,0.8602309692445778,-0.15192070045293923],[0.9999943847448501,1.0,0.9893442608095508,0.999849217773682,0.9983004296133986,0.9897198758350985,0.9943694736637787,0.9918361299555492,0.9865026675870601,0.9918470945336515,0.9918675749474434,0.9933598436955934,0.991954610541762,0.9918436094984056,0.9919026900792116,0.994012068219166,0.9964211986569134,0.9960013663986144,0.9940150137906292,0.9940211618218987,0.9918948214809008,0.9919405029787367,0.9924246033743171,0.9765668633308191,0.988469260680399,0.9836803617644463,0.9884703062063083,0.9872555355419987,0.9819869511192224,0.9389693942298679,0.9898747659679581,0.9876899593060301,0.9824776240879995,0.9400801371365833,0.9953965915900491,0.995318294538411,0.9955327878176661,0.992309313427863,0.9950974565942435,0.995546652815536,0.9967994249791247,0.9969745778929647,0.9955379722658839,0.9955478661824281,0.9908521007593418,0.9208817391896407,0.8975066334390526,0.9360703707329397,0.9363667604764132,0.9148588811620032,0.8889485527343565,0.930355012923236,0.8912382838624455,0.9197702999499013,0.8887467933978498,0.9580771395659436,0.9580603988720704,0.9716348473915424,0.985131089144798,0.9829953691821897,0.9847537096902442,0.9797457562397012,0.9813489793317767,0.981196572767219,0.9811127110498963,0.9456489224096741,0.963062689545845,0.938832576247943,0.9387946452968164,0.8703187082617424,0.9807761419593592,0.982062898941044,0.9822541981108919,0.9818371318145043,0.9528717408225992,0.7927765369442435,0.7554961130328601,0.8485575657902377,0.9054781501773987,0.863683216273784,0.8850759837368815,0.8839516543602798,0.7565871791511571,-0.16360048950157105,0.9709092337566647,0.9741716295350521,0.9706585431814522,0.9834641158045864,0.9676737443051793,0.9735651188544285,0.9729658239299327,0.930247033023432,0.9750920293938153,0.9325906673958321,0.7213493478347154,0.9146851146615358,0.9139064033562652,0.5465750848923455,0.845040466901595,0.8492371466149023,0.752242309479938,0.9675201528144153,0.7256016841932543,-0.30508675775357397,0.2364353408352815,0.7521982036320953,0.7022025396807683,0.7449915919539126,0.9690612156821944,0.9690833675293116,0.17692747636899253,0.3491646422595795,0.18374325092543994,0.15553967411379951,0.17694147632187687,0.19075331286847558,0.18767975368215578,0.10845738474011032,0.5356012861788463,0.26807384426414527,0.2177813205915006,-0.43476346898757473,-0.4822767623155967,0.6811596283929152,0.754846195881723,0.7786634502917416,0.840893053122426,0.8187254442057914,0.5849258719646504,0.7634820049194654,0.7730657926477181,0.7719532497899785,0.4289580308565034,0.22838285170581082],[0.9860809410180009,0.9893442608095508,1.0,0.9874148017438985,0.9933206149213535,0.9913528395747498,0.989643515953922,0.9903602042754073,0.9910441425762335,0.9930133451862685,0.9969779884055321,0.996141165138909,0.9902171216808755,0.9923590059891939,0.9904161475773812,0.9898723756713138,0.9908018629576321,0.9900180642908081,0.9890480235308405,0.9890274303283697,0.9918866608959468,0.9902476423013488,0.9950068810892467,0.9848182709992774,0.991094672386139,0.981797523681331,0.9917021414690923,0.9873667037664758,0.9869092946820366,0.9614477025421744,0.9695274974667035,0.9737427495287234,0.9773477588827468,0.956295359453639,0.9869844217002844,0.9900796828775905,0.988458964388073,0.992022036793512,0.9946893310489596,0.9908849302982506,0.9849513164988,0.9878396813637708,0.9873461902293423,0.9867285159203232,0.9924418615134623,0.9167581848373526,0.9365147006878742,0.9466447734087752,0.9293584065532239,0.8744002076913384,0.9220629931457826,0.9066266768414594,0.9247996650673777,0.9306712415708386,0.9149767917088485,0.9501881423367893,0.9594131838400058,0.967489305543864,0.9774323306570546,0.9425229696090175,0.9659871968099342,0.9651988904138454,0.9716689815538239,0.9654394110021814,0.9409520787649874,0.923771547339692,0.9490888483125447,0.9393218842002719,0.9210585973186549,0.8973288438608639,0.9721390754488188,0.9517118606741812,0.9649700718425616,0.944603008407958,0.8370382956948063,0.857719588074653,0.7756337572240372,0.8751239356224563,0.8995638403017155,0.901420918961492,0.8686701191974735,0.8828743951848778,0.4315641911141172,-0.5328104795588955,0.962368743449561,0.9499048959014333,0.9495747753632473,0.942480978756498,0.9569006755072931,0.9649056121296605,0.9645331748611341,0.9334025415044008,0.9604580763950992,0.8838801537178592,0.7765011929257425,0.9542008901959138,0.9533047725967518,0.7952764678146357,0.9415768034079317,0.9432001012896507,0.8739223650622218,0.9803034658688514,0.7752702887982403,0.49154435998434853,0.6696911368323137,0.7972163507384046,0.798913054911706,0.778307427113245,0.982437369340393,0.982472021462684,0.7167025993944489,0.6957238998769542,0.7105926225323486,0.3942731682101887,0.7068720768143222,0.7150190416737161,0.7253322803910955,0.7144247207532491,0.7520875767819832,0.6898350707843843,0.6727435576388519,-0.3418730558083472,-0.48203795487674483,0.6498552391003487,0.8521092852693887,0.8787741619130751,0.8860885325442215,0.8769999416445804,0.7597622960533189,0.8576505759700602,0.8680845737091943,0.8751875778395654,0.7337299018524239,-0.07438519813191836],[0.9999316400769097,0.999849217773682,0.9874148017438985,1.0,0.9993917379519607,0.9850409767006342,0.9981143727755567,0.9966499818434023,0.9724467438495247,0.9969386631400288,0.9953148622715827,0.9949155326969908,0.996736410010219,0.9968585900029788,0.9966928940535013,0.9979741008215959,0.9983325877853738,0.9986073638845321,0.9971775763256743,0.9971906580914557,0.9972068037175619,0.9967095542706483,0.9891421989747705,0.9739225294477185,0.9913821770601504,0.9612254755449259,0.9905812884147102,0.988899481117414,0.9718631271590269,0.9566989336437747,0.9920017898314839,0.9935278531616657,0.9927826938750282,0.9784430464920503,0.997866712796026,0.9981338757872109,0.9978137795090742,0.9968618782042149,0.9961549006500586,0.998062549451374,0.9986045387498811,0.9988154590467455,0.9978358558571967,0.9978473620814582,0.9792053565837618,0.9177885891522615,0.950794577333798,0.9364961315741909,0.9346719770306203,0.9086995681966887,0.9611097346275729,0.9473655863170592,0.9628187566310522,0.9653696477715343,0.9543813934995217,0.982595864135735,0.9807784653328689,0.9900130444277135,0.9941240621394692,0.9860256529767396,0.9815921108442553,0.9871680090102642,0.9860635384980048,0.9876311303226162,0.9875087801498454,0.9498717744941364,0.9747011528582763,0.9753644505595415,0.9751529679173413,0.9437935468452677,0.9811755565865464,0.9759708868195766,0.9844112640255936,0.9837303131300804,0.9230664418171177,0.8950635912518796,0.8617892858079024,0.909942682356537,0.924312833167427,0.9241871999681784,0.9227684503094538,0.921548349045825,0.6311741667735743,-0.545403993529432,0.980260339973774,0.975200978083756,0.9723230483331058,0.9866985125827323,0.9739254848338784,0.9839778746675018,0.9840117876934337,0.9452940163765382,0.9839096930220469,0.9353638938650718,0.7960380667233344,0.9201976790431664,0.9368173530115342,0.8170144327668155,0.9554404557016413,0.9562057626807783,0.9008686798385367,0.9682978935206725,0.8890267749831005,0.5837976966823386,0.7242034074074762,0.8968307789250791,0.8683247793441269,0.8878462958949036,0.9760736300364946,0.9762512909389554,0.7855745999752874,0.7481626982541316,0.8171225538324426,0.4474805289913136,0.8002362651427968,0.8210253978455063,0.8160973681034901,0.8114427567062811,0.7913019542520229,0.7543204721558648,0.7383443960069899,-0.27752843453984644,-0.4218350306978553,0.681510703842007,0.8887333415589815,0.9299458585751452,0.9391380140240263,0.9039180983163693,0.824104229030578,0.9067534353481902,0.9230978822257891,0.9230736080766879,0.8530360891289984,-0.14482372082946848],[0.9991588324216152,0.9983004296133986,0.9933206149213535,0.9993917379519607,1.0,0.9876399856743302,0.99903489635891,0.9985443423847896,0.9842904990601343,0.9985462471260531,0.9981465797130218,0.9981156171183275,0.9985658569888343,0.9985778840167485,0.998576253291324,0.999066575785662,0.9987849445033576,0.9992634115177254,0.9988561622320979,0.9988605809876926,0.9986235182710592,0.9985662532084042,0.994766312102046,0.9813092671690858,0.9950988106623678,0.9778969630805395,0.9951037840250899,0.9922830242954773,0.9841024834693266,0.9599441942110745,0.9893510453142419,0.9920011748777505,0.990220420590575,0.9709589584902181,0.9988750868384614,0.9989347563385023,0.9989578515038691,0.998663128732295,0.9986105460453971,0.9989299149455096,0.9989432578150896,0.9991656879740777,0.9988875290889107,0.9988910922120708,0.9884568322300246,0.9272658711814108,0.9501097728138052,0.9447558451301892,0.9361825774635026,0.9043316169535904,0.9490968966907997,0.9429837187419834,0.9533427911522881,0.9594058844747375,0.9480190477450778,0.9803349927234914,0.9802495352323367,0.9900968974493971,0.9939873601593493,0.9824822785898906,0.9758890640554875,0.9822709802187449,0.9823788861615106,0.9826388103299696,0.9825313274160498,0.9484151767802443,0.9666804698847931,0.9609542790093665,0.9607804031511704,0.9175524853214911,0.9783907182270329,0.9746860008820138,0.9804773018580578,0.9797347608268963,0.9385883476309484,0.8764187177415549,0.8417395654802947,0.8959807509088311,0.9290027311863132,0.9147774936451712,0.9213070003729715,0.9203189095550599,0.7702375578574814,-0.5491403450911231,0.9743808121825474,0.9654082015185119,0.9635205118933844,0.9833807057784938,0.9646504782433355,0.9778289499485491,0.9775696303638688,0.9370352958831429,0.9791780627820094,0.9391193002745478,0.7859139235917424,0.9341803338643516,0.9559492176036805,0.7833284619110161,0.9438291991576686,0.9452178293291862,0.8956357950311337,0.9730480373475864,0.8897533287482978,0.4231884589151358,0.6685924652599144,0.8956090255115989,0.847509539399196,0.8914095941488985,0.9795458953548168,0.9796787891520778,0.7520497173505342,0.7326822076587203,0.7559577754163909,0.42637753616349755,0.7109782389740117,0.7605297355607537,0.7560942790242783,0.7205099176101847,0.7790133105933682,0.7403855842534212,0.723538587956933,-0.47917413641107404,-0.5617920755008438,0.67684133110639,0.8840992922910655,0.9168095494893527,0.9345172586883271,0.9025988115286873,0.8069216286673319,0.8971151360241513,0.9109028938537458,0.9103865501991071,0.7916467877894476,0.06522139003413488],[0.983935229409516,0.9897198758350985,0.9913528395747498,0.9850409767006342,0.9876399856743302,1.0,0.9819498322898336,0.9830745979030207,0.9929670830374568,0.9824953573795334,0.9783212325960334,0.9773592700481427,0.9829160923135237,0.9834384466629835,0.983144813341135,0.9828149399835734,0.9863890984132095,0.9837974746019746,0.9836750045027186,0.9837300922211671,0.9819140790638902,0.9830875877066781,0.9945483574527577,0.993542695635106,0.9843017318408052,0.9873954674407581,0.9846997039452398,0.9747324261491692,0.9877376338667944,0.9741459172036567,0.9605875279894612,0.9664074220673579,0.9763702313707707,0.9671462671768177,0.9816401612253055,0.9820144651360124,0.98288994483663,0.9837641617546135,0.9781965484075527,0.9824865859448565,0.9809198644759304,0.9826421854500244,0.9818612344678354,0.981920509895708,0.9959978634415311,0.8777343908396446,0.9281001948074105,0.9218298190587934,0.9322117722512254,0.8909062279400192,0.917456566156615,0.9105928624050734,0.9202569912381203,0.9363263242746084,0.9170483011903025,0.9495661586220668,0.9554021212177825,0.9616582721581672,0.9693984532361243,0.9720390969441766,0.9878954712273105,0.9740244588431115,0.9852642548057118,0.9736285903097741,0.9730560345347217,0.9764466079696945,0.9710671119961495,0.9515029201157675,0.950903862670248,0.9490615504936846,0.9840512074859665,0.976783726062416,0.9732682581740291,0.9719770157851879,0.9655289263977016,0.9001833259835877,0.8562768787109941,0.916386781484401,0.9216295121428183,0.9310488193778701,0.9120999806457812,0.9098644469760886,0.7529796320050315,-0.4890182248040297,0.9822416182122229,0.9838432966692228,0.9799818690639025,0.9728479763353252,0.9751094754416664,0.9809040661705689,0.9804777306631857,0.9687738198068451,0.9706487865753554,0.9681834366774199,0.7978101236144511,0.8944232552562164,0.9556878264911317,0.82903598866968,0.9439669534156543,0.9449467486908366,0.8659411609988258,0.9584190837616429,0.832699077286475,0.5064483124577186,0.6877687229838724,0.8425470844125894,0.8189634277972639,0.8322536764921423,0.9583391799914366,0.9584607198545833,0.7385229924093283,0.7235892371367575,0.750483473536146,0.4501480445057034,0.7453645867125664,0.7557614806454059,0.7495481286868927,0.7474086504954837,0.7707261979719825,0.7134168067196737,0.7002937042088545,-0.3035540939697372,-0.4342792041084795,0.687306170923096,0.8526639734866931,0.8692309788192116,0.8848709851981074,0.8620482061907025,0.7811165006299291,0.8465574328275904,0.8613263388053906,0.8613769297559377,0.8034863364997975,-0.10552888892106109],[0.9978861269757513,0.9943694736637787,0.989643515953922,0.9981143727755567,0.99903489635891,0.9819498322898336,1.0,0.9975808753585501,0.9569886995261009,0.9996210813572326,0.9995839302983005,0.9996084700415844,0.9984601445686909,0.9994874896378446,0.9992073483355673,0.999892931416269,0.9966726384112458,0.9999045178695661,0.9993975867336822,0.9994021732206029,0.99972176419725,0.9993468272770919,0.9907169263853962,0.9747209519623368,0.9861787178779086,0.9276484336320405,0.9937398556166039,0.992607440848267,0.974702805657123,0.9534153767669463,0.9916857155607954,0.9920398592537711,0.9937230585625019,0.9756719024243836,0.9990342640512133,0.9998567491274116,0.9997231774059141,0.9994907229201602,0.9997777985304558,0.9998420164432524,0.9985503746393152,0.9997437495681253,0.9994054213909584,0.9990704329505958,0.9802308706068418,0.9345721211126427,0.9531821870294327,0.9504799724591959,0.9392293645098609,0.9035883275168107,0.9579074910059012,0.9469762349307902,0.9602557745573832,0.9629408354032931,0.9534515737622083,0.9819222623210356,0.9815439033949157,0.9919528265432227,0.9964229100198059,0.9516765680562529,0.9632388057858625,0.9738509157042884,0.9741140308604423,0.9753439051131112,0.9516579745850566,0.9040827288115829,0.957539329609348,0.9629180549337337,0.9431666276083863,0.8951343813904564,0.9686060490522062,0.9440555121997624,0.9696010378467933,0.9520494557805766,0.795371930042734,0.8690000083101216,0.7938421212242988,0.8829872947062344,0.8993911784121442,0.9037724555390593,0.8835666087403861,0.8950748011267764,0.3785561765116568,-0.5800584103844519,0.9650401400009534,0.9509171247616666,0.9504748230096043,0.9531374170168647,0.9604985174677823,0.9713220047204217,0.9714914904432141,0.925440978558732,0.9690266854501507,0.8566842884603778,0.7798991755186074,0.9350642636050868,0.9356181688955022,0.8043379641629896,0.9531829541301701,0.9540884734608568,0.8995844088271282,0.972641895570031,0.8325178489425119,0.5787558896385009,0.7177229700918781,0.8564083757889516,0.849836553923747,0.8379164068745169,0.9800347374207279,0.9802143761786802,0.7769419518776738,0.7303021029668204,0.7824821826866913,0.42030180826813945,0.7794843538330806,0.795257007292087,0.7882604192563307,0.793806290679409,0.7764375209319975,0.7467627261306516,0.7289696222170001,-0.29145455950511295,-0.44336284448883584,0.6921111838283033,0.8889036220671099,0.9223939283871267,0.9402096352019111,0.9092539105013455,0.8258055064566769,0.9089266472153961,0.9272917327667896,0.9259705273199133,0.776924238357219,-0.11407040003430012],[0.9962473095916955,0.9918361299555492,0.9903602042754073,0.9966499818434023,0.9985443423847896,0.9830745979030207,0.9975808753585501,1.0,0.9676900158458757,0.9999998316323475,0.9999993230983601,0.9997639822900469,0.9999970858586934,0.9999928272795705,0.9999982699830944,0.9993360068809293,0.9916068424087805,0.99946693870408,0.9999101767340524,0.9999098860987793,0.9999654871543395,0.9999987948003729,0.9912101288181565,0.9764011877447253,0.9930120921361879,0.9416200299814057,0.9942295812031492,0.9909575673492879,0.9768948592156006,0.9529023069164584,0.9880430634207585,0.9939129674775992,0.9923555215604681,0.9728129376223369,0.9994751194768584,0.99957799631766,0.9996799307237226,0.9997470338846423,0.9992461174328264,0.99951375506672,0.9982561517332851,0.9988561481715086,0.9995469579274139,0.9994156191378666,0.9819399802270591,0.9343963117713924,0.9505910413200932,0.9540287985651025,0.9380523355819386,0.8936760072281006,0.9561594121149579,0.9425641901857995,0.9581613944433913,0.9574580356261473,0.9476000893543648,0.9799263884786469,0.978697281267738,0.9909363094537104,0.9968820335561348,0.9470831479495255,0.9596919960859921,0.9681658499404673,0.9714656681629996,0.9700203757843053,0.9500944220580078,0.8978276439265013,0.9533796683865982,0.9567940092663857,0.9381603910433692,0.884736132894893,0.9662577160624555,0.938468887841037,0.9646837435371384,0.9477856150873064,0.7842237085311553,0.8620225401226399,0.789768789186847,0.8760243946510962,0.8929985589367796,0.8998530563808836,0.8795592112032528,0.8889044698696494,0.3623664259188393,-0.5837743923540435,0.9614395873401568,0.9454543783881597,0.9453095054039735,0.9513187072367125,0.9566446049047084,0.9677989063951574,0.9679494642494186,0.9216984115623785,0.962940299997054,0.847276857839232,0.7771388525215444,0.9477041975175282,0.9459079272790469,0.8013006834751618,0.9530345205651425,0.9540866756431186,0.8970677209491,0.9763964825399469,0.8351794754300754,0.5644512485447508,0.7091609388618545,0.8571691654737913,0.8466157602694849,0.839829431226307,0.9823430222897865,0.9825258955597332,0.7681960734695892,0.7229850887651579,0.7835531318738552,0.40846525729390215,0.7743662335389127,0.790644006680145,0.7884739074404239,0.7882060823428434,0.7705133134337304,0.7411304606755199,0.7227899246510883,-0.30673010939513723,-0.45756268535162725,0.679242906987793,0.8815775114372969,0.9197835985528529,0.9327138235447154,0.9036161053669837,0.8152918921549774,0.902535933021726,0.9210193033876398,0.9199540567238413,0.7584766122755602,-0.09725429345181465],[0.9702980033167018,0.9865026675870601,0.9910441425762335,0.9724467438495247,0.9842904990601343,0.9929670830374568,0.9569886995261009,0.9676900158458757,1.0,0.9827452095120625,0.9872094325757526,0.9896062224012719,0.9713411666206224,0.9796736418639197,0.9762450382893272,0.974223679635107,0.9496300525960448,0.9790639830938168,0.976961108490966,0.9769227887833954,0.9812253820108534,0.9761010662121875,0.9939320899995605,0.9931754383438745,0.980420951796363,0.9894210536275848,0.9835322130706913,0.9902654262398876,0.9906514106358966,0.9690898651463982,0.9275537509874212,0.949136698867101,0.9662321480068538,0.9519638295780872,0.9706483551735392,0.9791122439060562,0.9757488595710675,0.978114028867493,0.9879912244001995,0.9802755906266469,0.9667987054215883,0.9762826518761137,0.9715112353234813,0.9704825725042471,0.9990049253868483,0.8963477820096716,0.9207974272309908,0.9480485833539836,0.9378906256010454,0.8707611111587068,0.8855436670828358,0.8843914322829132,0.8895113725490881,0.914304510586828,0.8946471812573762,0.9287238072889985,0.9450766035654625,0.9504277570765532,0.961054329414796,0.9041119772119963,0.9678273706195777,0.9462193164606901,0.966276623393454,0.9462250303533106,0.9024854145611839,0.9161404249719993,0.9435265692757984,0.9164866340409628,0.8803127100698144,0.8836906175436504,0.9678356228847922,0.9211618899698258,0.9442789808073334,0.9069452796622185,0.8267678802904117,0.8523091225412519,0.734002142900935,0.8714461974832801,0.8820101185162741,0.8955718193133879,0.8442302933505994,0.8626394537991207,0.4123721696340124,-0.5157078498373995,0.9577612758639366,0.9530028993561795,0.9500475880796941,0.9025177830720965,0.9482315951812298,0.9558898672919248,0.955303719786101,0.9378521778473021,0.9409394369618836,0.87360875083314,0.7826264132001234,0.9393130004976591,0.9611555789893533,0.8043661791078295,0.934828248966588,0.9364217855504358,0.85141189136036,0.9676979792281856,0.7413388941039138,0.4537916862711011,0.6506550818036863,0.7740162235791817,0.7754722913005423,0.7522271879375997,0.9670055504085777,0.9669988240731839,0.6975985940889505,0.6852768640572521,0.6757130828762741,0.40185416546195657,0.6884697333528909,0.6927923806954015,0.6752108819302652,0.6924002242469252,0.7447551428983773,0.6834851617838951,0.6677199481866153,-0.3476342872184286,-0.48405556824445667,0.6896087197869155,0.8362867867998773,0.8314337807876996,0.8603199162377473,0.8556821079302472,0.7514566711904185,0.8130977940883282,0.8371111330243814,0.8310864090912616,0.7054459843841578,-0.03427664381121416],[0.9964943055464618,0.9918470945336515,0.9930133451862685,0.9969386631400288,0.9985462471260531,0.9824953573795334,0.9996210813572326,0.9999998316323475,0.9827452095120625,1.0,0.9999991407931771,0.9997685574335512,0.999998534793682,0.9999916953023953,0.999997791774946,0.9996862265531419,0.9978849785224447,0.9994638397603001,0.9998850928021693,0.999885088408961,0.9999776847135486,0.9999993262492608,0.9937712654769291,0.9780806523712456,0.9962358607633175,0.9741624063589298,0.9963214148137193,0.9909520724941658,0.981253780327677,0.9542117011424618,0.9897585224908636,0.9937839729561612,0.9899969811788922,0.9695202669563345,0.9995051014437439,0.9995708590669651,0.9995835457542056,0.9998347603464343,0.999258485318401,0.9995212587098824,0.9984775025842665,0.9988992784257342,0.9995107187308285,0.9995060787107913,0.9863252272358104,0.9342751179536453,0.9506251155047012,0.9539772614220363,0.9380779812669717,0.8938008871359046,0.9471661425107596,0.937365037756659,0.9508232254252384,0.9556588852804996,0.9456983915341262,0.9789337423205924,0.9787308215519588,0.991506102951287,0.996694600805783,0.9728672681774909,0.9597643918608356,0.9726739283463174,0.9714991501679019,0.9731645331852289,0.9729447327059031,0.9364814338301987,0.9534266737152223,0.9515919474634623,0.9513219200184246,0.9065426839963855,0.9662532493969814,0.9651825360820488,0.9710150710535688,0.970072036536005,0.9252843978945465,0.8620593529363281,0.8216750256083813,0.8759238568073153,0.912276178204987,0.9002417247924429,0.905810613515099,0.9050255107178147,0.7245352404372916,-0.589121261801993,0.9615033818497216,0.9454447118700515,0.9453117722113396,0.9739314078441121,0.9520991167054281,0.9675368673954265,0.967197814377238,0.9226793738981826,0.969107780198324,0.9250655865844011,0.7771435863615636,0.9474249955004295,0.9576100756469422,0.7855130413378036,0.9468725326725175,0.9480881793664435,0.8971404147985551,0.9756000414191228,0.8977566496528236,0.4631016301520554,0.6858373574540275,0.903575692300985,0.8556735908754546,0.8994167152463327,0.9823012331500413,0.9825144954008203,0.7682649286405738,0.72267967049373,0.77142094020178,0.40857989837109154,0.7275300689195642,0.7761557821120958,0.7716460889830284,0.7388784105339448,0.7702085190331882,0.7410148720797723,0.7226381771061293,-0.5245080586155962,-0.6075134472145165,0.6783097840936605,0.8815586044029202,0.9196369075784078,0.9367821202194723,0.9036209990583088,0.8118085323279076,0.8982649707811873,0.9133734676367039,0.9128472373862087,0.8038012098404594,0.12900070498810592],[0.9946372170394324,0.9918675749474434,0.9969779884055321,0.9953148622715827,0.9981465797130218,0.9783212325960334,0.9995839302983005,0.9999993230983601,0.9872094325757526,0.9999991407931771,1.0,0.9997681990845706,0.9999963932579345,0.9999948522069592,0.9999983494049378,0.9996700934529562,0.9975682910032978,0.9992064880301865,0.9997877045691342,0.9997877107178973,0.999998440206512,0.9999983736170558,0.9930633537083468,0.9738709337856074,0.9953017668535539,0.9821933440360199,0.9958873175121876,0.9909659811791096,0.9834272729557589,0.9468437313815763,0.9889174331511248,0.9932592076750036,0.9837630784451117,0.9447968246924467,0.9992864745268556,0.9993415939533478,0.9992819420536507,0.9998951480568403,0.9992419834487263,0.999291996987048,0.9979352593739272,0.9985061256620329,0.9992604179918749,0.9992580850143132,0.98856192164048,0.9339850207326986,0.917497649062316,0.9539252510651636,0.937987582698698,0.8934962894870775,0.916668340842092,0.9068183212016968,0.9211087350765617,0.9296359165524698,0.9150757595005927,0.9712667060607637,0.9712429244452577,0.9906691380605998,0.9952212318162862,0.9650848780082041,0.959887570216525,0.9605211654842002,0.9620947121234502,0.9619144713019312,0.9616645396558281,0.9120831958689009,0.9430990725996219,0.9184833146810194,0.9180820055768529,0.8379297497633739,0.964084050364493,0.9695716057200288,0.9660424070705788,0.964941595599711,0.9172222592697298,0.7952439801806198,0.7574392638294349,0.8383164656902203,0.8914672239682008,0.8602672878887194,0.8758163382684898,0.8744969342026321,0.7244628687827234,-0.3967313165301858,0.948704856855142,0.9455820543090627,0.9454103863230428,0.9662415093919376,0.9384779862654526,0.9514885229030465,0.9508475601418988,0.8942294952363786,0.9542303419511838,0.8988188918181106,0.7773010489254853,0.947739451931525,0.9613834125776628,0.6766502104589388,0.9063829505791566,0.9090706139010161,0.8541292024131235,0.9849568937409526,0.8418674079286397,0.12278817734031992,0.53675769027819,0.8540141167855116,0.8206955348028547,0.8486603077933833,0.9857092246564543,0.9857287977006833,0.5267402486511771,0.6354199285698978,0.5339750240401706,0.40850865216672444,0.5009166457110842,0.5449922231958125,0.5352278002007806,0.47296602871291765,0.758753810673716,0.6066127808213919,0.5678074017620544,-0.48625262801929275,-0.5438556188322329,0.6777366627071015,0.8610315863635719,0.8736598644610114,0.9057265484512008,0.8972526893567248,0.674562966760439,0.8459158778415096,0.8664620726406963,0.8657522337467581,0.6141047426510021,0.0765220301535946],[0.9940332896778378,0.9933598436955934,0.996141165138909,0.9949155326969908,0.9981156171183275,0.9773592700481427,0.9996084700415844,0.9997639822900469,0.9896062224012719,0.9997685574335512,0.9997681990845706,1.0,0.9997816502464745,0.9997673514452893,0.9997734507000708,0.9996712011890239,0.99820211150199,0.9994039121625873,0.9999702905260264,0.999969998475968,0.9997726122979139,0.9997780247262981,0.992646708131921,0.9707091764934467,0.9941057456864545,0.9829004986381799,0.9948916379877868,0.9934643331388066,0.9796125145704372,0.9280455412457889,0.9914980899245327,0.994268144621708,0.9792441232312088,0.9261782802125501,0.9994168819681722,0.9994645825754696,0.999425548837386,0.9995884337287891,0.9996127874598011,0.9994418175917289,0.9978087247763379,0.9985374561289031,0.9994040708528269,0.9994009364734867,0.9898495174766758,0.9295239194042112,0.9039942364198956,0.9509884180305727,0.9369121499813073,0.8934806967138057,0.8818820206722704,0.9194304006327945,0.885456620267419,0.9061140614069697,0.8801300558688044,0.9591292049056378,0.9591142166092942,0.9818347091773706,0.9946750132160023,0.9638386387403789,0.96450182459447,0.955970892467625,0.9597998104025539,0.9585245672680501,0.9583576810280061,0.9119423835723491,0.934161094135649,0.9035210950361989,0.9034239575270325,0.8211998673163139,0.9629295679365871,0.9649883329469565,0.9650516340775971,0.9644257783156714,0.9238379449218486,0.7451756662951827,0.7043053765657361,0.8038756241854109,0.869175735091631,0.8240487899603328,0.8474221112775417,0.8465910215924224,0.7039049722386599,-0.2828415279414628,0.9428297338570703,0.9480697533599245,0.9425265719399067,0.9646355932135486,0.938547064524575,0.9464528059976164,0.9456217396864471,0.891888464559623,0.9488471730327926,0.8952527227894451,0.729322510815566,0.9452300792428819,0.9396139722131709,0.548192341376117,0.850880623583169,0.8554373881139273,0.7499253908899594,0.9787101904751385,0.7261266515400131,-0.24636270425221027,0.2737839859001412,0.7498057253081281,0.7055558111358183,0.7435377842800333,0.9798737323528933,0.9799670344611835,0.21540849603070603,0.3733602780830861,0.2206799368812515,0.1926475953179394,0.21261110459836577,0.22853682598633207,0.22610197902214768,0.14273268011942888,0.5571930132649172,0.2919912344867913,0.23993577202711303,-0.5012294349487271,-0.5476305694630732,0.6784499590928196,0.7577252194130001,0.7813797100818727,0.8449769555824187,0.8265529733705972,0.5755268412275567,0.7625689836050747,0.7760909198092433,0.7750389790831435,0.4320828682794858,0.2667565879005745],[0.9963510867690154,0.991954610541762,0.9902171216808755,0.996736410010219,0.9985658569888343,0.9829160923135237,0.9984601445686909,0.9999970858586934,0.9713411666206224,0.999998534793682,0.9999963932579345,0.9997816502464745,1.0,0.9999912668390366,0.999997685059255,0.9993830670638261,0.9932591595467741,0.9995060917755149,0.9999193780259563,0.9999192507924091,0.9999724270741431,0.9999989772807353,0.9910930338834326,0.9762118331222187,0.9936650412366886,0.9465402372922609,0.9941822916589993,0.9910696323465565,0.9766977587935356,0.9528502162674243,0.9889508830591961,0.9939945403772298,0.9924368083444577,0.9729381919886191,0.9995177540284487,0.9996172303030572,0.9997101430820896,0.9997462942577781,0.9993046093766547,0.9995542941581051,0.9983419022328384,0.9989225499599187,0.9995896130128441,0.9994589559374707,0.9816997311896626,0.9346658907138191,0.9507628375601189,0.9539658616086599,0.9381581422058307,0.8943056969902184,0.9565160582873214,0.9429566985162348,0.9585214605843003,0.9577982329278213,0.9479971637669282,0.9801812373918442,0.9788870922235263,0.9910754977914469,0.9969634598297004,0.947343629230653,0.9597321874273675,0.9683654520687982,0.9715250025170763,0.9702180105380533,0.9503094297421993,0.8978104223540162,0.9535387401044138,0.9571177607683439,0.9385314647206734,0.8849428745303503,0.9662718631755811,0.9386157297491163,0.9648410291771204,0.9480271607962782,0.7841560687812207,0.8623140347396143,0.7902265121620317,0.876298204637016,0.8932223125382988,0.8999906878760436,0.8798828943790293,0.8892242526251707,0.362498983284848,-0.5838358414804786,0.9615413456948667,0.9456046813511492,0.9454468347732266,0.9515288410862226,0.956751938640406,0.9679195029289306,0.9680729766319921,0.9217002564562915,0.9631586965769889,0.8473002983679842,0.7772137174949791,0.9471360981274911,0.9454096403558676,0.8013541147440142,0.9530457880538052,0.9540897655627324,0.8974116716040762,0.9762576690353262,0.835673270050528,0.5655465917133427,0.7098159498544199,0.8576494010833579,0.8471510847611494,0.840316309443642,0.9822838192132134,0.9824667152921317,0.7688132879335661,0.7234996695926174,0.7841673065449194,0.4091083360568154,0.7750373193666404,0.7913386382423874,0.7891017062956083,0.7889177071243486,0.7708581318029297,0.7415827204591441,0.7232586291755372,-0.3058080753875089,-0.45674634228148786,0.6796853470369042,0.882103800926603,0.9202612464762551,0.9332558899852164,0.9041026927210902,0.8158637751298721,0.9031249867067109,0.9216069530492352,0.9205317938981877,0.7591627870282004,-0.09829137606433011],[0.9963873363110383,0.9918436094984056,0.9923590059891939,0.9968585900029788,0.9985778840167485,0.9834384466629835,0.9994874896378446,0.9999928272795705,0.9796736418639197,0.9999916953023953,0.9999948522069592,0.9997673514452893,0.9999912668390366,1.0,0.9999951228874633,0.9995723309821044,0.9978362796004876,0.9994647568017475,0.9999049060865794,0.9999039409423769,0.9999544679016508,0.9999915319221816,0.9930188329068383,0.9766283147390787,0.9959528816277872,0.9681724986482985,0.9957373181816048,0.9909313343702765,0.977117438553911,0.9530119132927715,0.98928998600237,0.9940413516272658,0.9917394480527559,0.972474718934128,0.9994960538799472,0.9995706249388077,0.9996300122764336,0.9998892119554986,0.9992687305710144,0.9995037343137972,0.9982066595262163,0.9988454873631558,0.9995154282983167,0.9995086064113942,0.9842248413000994,0.9344234821752346,0.9505285231573928,0.9539196340155544,0.9380187616772412,0.893779471741065,0.9512264718175703,0.9358142031054535,0.953510954668327,0.9571632996403443,0.9472555282737707,0.9786445572617017,0.9785630652776314,0.9903559557580649,0.9969564423409486,0.9735279679857908,0.9595196439667657,0.9734929754427089,0.9715086453417757,0.9744375064535746,0.9742063155827584,0.9455174300392173,0.9531563237431933,0.9561484966810632,0.955851554313547,0.9228709960942945,0.9662822336763139,0.9681138613273288,0.9728902696029055,0.9718491094050169,0.934016382535467,0.8617943512606084,0.827328257442881,0.8757305041994561,0.9038392414515095,0.8997031691990445,0.9004594596212581,0.8993444616104606,0.7023652290413027,-0.5844119020072615,0.9615264887423522,0.9453125146488115,0.9450517058803843,0.9746047667528541,0.9568278304108832,0.9678732353254311,0.9679734724644832,0.9220452645912918,0.9689975724954767,0.9335084389871858,0.7770514888369822,0.9471886878143088,0.9507331627937771,0.8005556035440663,0.9529032465790431,0.9538947141654446,0.8970123140343392,0.9765966933719274,0.8849277828395341,0.5646471503405885,0.7086414926159885,0.8927378172360904,0.8601624270726683,0.8836550212511118,0.982546818522054,0.9827571941059269,0.7673904726172723,0.7221639015377961,0.8026744389838566,0.4085857196067992,0.7808072216295914,0.8071255545798409,0.8016440489987988,0.7885614701647105,0.7703009628080577,0.7397301303654266,0.721395874730737,-0.3966220046549093,-0.5186304200347529,0.6776829834614114,0.8815551872971759,0.9165058279643507,0.9286164774444478,0.9039532393116317,0.814274504623085,0.8905142894184843,0.9095568491746362,0.9091489618810119,0.8400478698044985,-0.06499769041112032],[0.9962907347483666,0.9919026900792116,0.9904161475773812,0.9966928940535013,0.998576253291324,0.983144813341135,0.9992073483355673,0.9999982699830944,0.9762450382893272,0.999997791774946,0.9999983494049378,0.9997734507000708,0.999997685059255,0.9999951228874633,1.0,0.9994719034587247,0.9971205429385658,0.9994824120771627,0.9999129547401387,0.9999123746958695,0.9999664462140804,0.9999976457924055,0.9912543942496727,0.9764654863886993,0.9953158563025802,0.9598036483397622,0.9951208775869466,0.9910269206019301,0.9769489422809227,0.9530676948786461,0.9914217888588608,0.9942585104855926,0.9923060522136185,0.9727281213832504,0.9994863271108128,0.9995791037317608,0.9996868650998807,0.9997620994448091,0.999272695554945,0.9995110826683048,0.9982804398560923,0.998871846645978,0.9995565282925446,0.9994278127616052,0.9819414400833535,0.9344677536941173,0.9506092908720577,0.9540142392205556,0.9381306941863384,0.8939479327745191,0.9562357533461259,0.9426932550593119,0.9582687349348028,0.957409651696532,0.9475179881850248,0.979950092362272,0.9786429408887797,0.9909072525201915,0.9968464842227132,0.9473680484664994,0.9597579941349182,0.9683280308385848,0.9715478080302864,0.9701688949418908,0.9499154444726512,0.8980365632017938,0.9533001783490845,0.9568583089441521,0.9383655894287786,0.8848689066949355,0.966399899233829,0.9388016853531587,0.9648805466192734,0.9480844872185493,0.7845580441596657,0.8620276325446282,0.7900232374028493,0.8760708797203469,0.8931641700811678,0.8998638142188619,0.8797075155405989,0.8890684476232797,0.3627170220604013,-0.5834714778864925,0.9615286731315177,0.9455665151801301,0.9454129493593246,0.9501306413477758,0.9568165428132912,0.9678822349658021,0.968029390278068,0.921890014587656,0.9631033426001324,0.8475347611951844,0.7771631530935734,0.9474314262770346,0.9458149935002661,0.8013094546222157,0.952966155713326,0.9540224096642684,0.8968872093672217,0.9764127619914029,0.8352071147557095,0.5642728051637103,0.7090477834632062,0.857175190507383,0.8467342586293186,0.8398539231309907,0.9823795801624585,0.9825595119318722,0.7678140762608313,0.7226565344831657,0.783530627218515,0.40871087100337766,0.7743423808225431,0.790562902284407,0.7886244132563799,0.788106078948934,0.770435483536492,0.7404061383048697,0.7220998128417551,-0.30654622185209335,-0.4573744677179963,0.679474354954576,0.8814848261624462,0.9199016735195511,0.9327507149283687,0.9036566085918283,0.8150882490003784,0.9027318283276414,0.9210504258411918,0.9201010978130078,0.7585662841771108,-0.09751829147966268],[0.9977172160116142,0.994012068219166,0.9898723756713138,0.9979741008215959,0.999066575785662,0.9828149399835734,0.999892931416269,0.9993360068809293,0.974223679635107,0.9996862265531419,0.9996700934529562,0.9996712011890239,0.9993830670638261,0.9995723309821044,0.9994719034587247,1.0,0.9984323625179884,0.9998537555759023,0.9995585456655058,0.9995632405086823,0.9997733165376769,0.9995449015075804,0.9908958351655128,0.9754201622579646,0.9939826524973472,0.9523721312795905,0.9936387041745846,0.9924936537292035,0.9751243072417147,0.9535899461618912,0.9918365047350243,0.992699976850486,0.9931672154992078,0.9747960424937061,0.9992834539862968,0.9997376668088989,0.9997224376086427,0.9995785219128955,0.9996115614491262,0.9996937888225254,0.9988618027304395,0.9995916670067038,0.999516407950088,0.9992802877404152,0.9805602589306525,0.9330161527781051,0.9527005664587488,0.9510241603970556,0.9389802514579837,0.9005893310835162,0.9582647258649865,0.9471615114408127,0.9605816004465162,0.9614831108651826,0.9516715351634139,0.9819094599410297,0.9806713506033075,0.9918518764726045,0.9963693422604164,0.9519217645320809,0.963509633344803,0.9733338106596414,0.9741635552213579,0.9749114141222976,0.9527639667237987,0.9038615985367171,0.9567735953769015,0.962196497711054,0.943322474380857,0.8936336144604516,0.9689472438041296,0.9437894915280505,0.9692802941128333,0.9524711963986706,0.7931281924301987,0.8675745197017268,0.7944129311988798,0.8815726741895409,0.8982399697328377,0.902690054291965,0.8834678307738413,0.8943612536595995,0.37400664287299823,-0.5806210675882596,0.9649120705897124,0.9504810629692941,0.9501109182362301,0.954255457080659,0.9607791832248681,0.9711365014860653,0.9712203509293617,0.9263324291280014,0.9683693364542235,0.8553814375674013,0.7789275420820944,0.9381952497608265,0.938020024895095,0.8037638984846504,0.9530343424917543,0.9539045792509934,0.8970744867168029,0.9729744478762563,0.8344752156730798,0.5740897116823875,0.7141433122913072,0.85721407842350