var element=document.getElementById("correlationAdjClose");if(element.style.display!='none'){var correlationAdjClose={"data":[{"type":"heatmap","z":[[1.0,0.9999949154304411,0.9869375245198784,0.9999376587951189,0.9992070232560648,0.9828325816096646,0.9978636663037509,0.9964619763789665,0.9718198135790146,0.9966030209064205,0.9947808855501857,0.9939781704805601,0.9965475672319007,0.9965752506807701,0.9965024741563172,0.997793400031355,0.9981500992917254,0.9983200358787002,0.9969606686595367,0.9969692363360814,0.9969028957306906,0.9965196595225203,0.9888979343664711,0.974195655822059,0.9912252528438712,0.9605163582763665,0.9904239531963294,0.9880982171447251,0.9718016263727848,0.9579343698365463,0.991774190143221,0.9934851489341878,0.9928553718350056,0.9798426961729154,0.997783236058811,0.9978584058465553,0.9976546600569676,0.9966445027353822,0.9955373872596298,0.9977535567763054,0.998620709818468,0.9986519005504947,0.9977780251999111,0.9977865035627289,0.978507333565539,0.9319344793972347,0.9575203924408635,0.949249745929922,0.9481105136934821,0.9283687841327629,0.9652173688225475,0.9536016035343882,0.9671106997616369,0.9705435157553267,0.9593438582382121,0.9850248740909644,0.9831985935292115,0.9914390561736286,0.9939537559839686,0.9882308342760681,0.9837064558427873,0.9883556586684745,0.9873591038158297,0.9888891706973146,0.9887826103591117,0.9540094442596163,0.9775599552868742,0.9769889957228325,0.9767938398873727,0.9405099684728576,0.983389787064605,0.9801208482866766,0.9868647617433006,0.9862604340420521,0.9439638218927797,0.9055691426723121,0.8776437056012472,0.9195512962143326,0.9336424378531027,0.9319245498629624,0.9319464646976542,0.9308023133267704,0.7463280027154299,-0.5249737001014858,0.9813553569197035,0.9769944924906981,0.9747762485587981,0.9888068581216204,0.9743808748072591,0.9847966682824351,0.9847922798811539,0.9434242173283313,0.9857587925174407,0.9462496810154672,0.8182812121505844,0.9265149770174641,0.9388324685309591,0.8349686143997306,0.9583978974937851,0.9590600639969707,0.9044322476532186,0.9699185431602427,0.8952467821517843,0.5654162528261614,0.7344431544563105,0.9027081630346443,0.8750134632671989,0.8942169648115971,0.9771829343973465,0.9773339872890557,0.7925552028227304,0.7627943266327223,0.8254181592916581,0.4807815272051896,0.8108716917378282,0.8294680481047507,0.8246586315376584,0.8183768803126774,0.8011758138742422,0.7581238875111378,0.7432649060658507,-0.30061270079869806,-0.4412668822042982,0.7359204005971506,0.8932406061242485,0.9295309355564753,0.9418139302031093,0.9065498027082347,0.8342723086647039,0.9103315407360494,0.9234295333011708,0.9232993931612187,0.8608191468612916,-0.12150685082200618],[0.9999949154304411,1.0,0.9909686961362865,0.9998686254067667,0.9983347757998701,0.989902490770002,0.9941702507926709,0.9921605014087419,0.9884615559567935,0.9921638448784769,0.9921969764191003,0.9933439543520921,0.9922391051022486,0.9921578666904001,0.9922109211027592,0.9941543890155244,0.9962835360746765,0.9957979873827091,0.9939177428270654,0.9939252487158468,0.9922000863736351,0.9922445895420088,0.9929253311941826,0.9790921125894015,0.9891112690635353,0.9849500923897004,0.9892244228525379,0.9880181371683842,0.9831204602300094,0.9439070656333385,0.9895104028929822,0.9879013958199975,0.9832724459322557,0.9460089093277532,0.9951662823432567,0.9951257821162206,0.9953392328127362,0.9925419518660993,0.9949779557481866,0.9953606380305836,0.9965447847477114,0.996749131238895,0.9953520001065643,0.9953631703614295,0.992111228976058,0.9315652887433082,0.9116740985390868,0.9489705986403743,0.9479491136998517,0.9283522766051169,0.9029823442061559,0.9389455866743496,0.9048341043245884,0.9320634487328031,0.9030369101908345,0.9625994649783658,0.9625898872935078,0.9758310672075059,0.9853801859556598,0.9848818935481265,0.9859624326066166,0.9800161720356615,0.9834249826402351,0.9811392114071751,0.9810419164557641,0.9455680185664675,0.966158007291053,0.9381817732061237,0.9378825392026539,0.8740214772916366,0.9835277921215412,0.9846009544981946,0.9847584241042273,0.9843814925822562,0.9587554489781005,0.8273629098982501,0.7980104510524132,0.8719641025204143,0.9206719338072923,0.8861647833499802,0.9038266348554149,0.9029257859884491,0.7981331367490657,-0.08140361435815212,0.9731177940456665,0.9753424028763852,0.9728353426693503,0.9852317396786424,0.9690463076168524,0.9752515887838953,0.9746836989205293,0.9348015187973312,0.976439520306011,0.9365015369408434,0.7628898716705875,0.926176173629616,0.9261535411041173,0.6184916485717393,0.8691525450194818,0.8726942035530564,0.7747879645783313,0.9704320306397463,0.749688746232871,-0.3287561321144057,0.2766232455666361,0.7747602477169269,0.7269674770777464,0.767818084333059,0.9718996255628823,0.9719217888328141,0.23848650189676698,0.41026719350171326,0.2459415162712315,0.21744400036010222,0.23876866867589544,0.25112007796846586,0.2482071703375504,0.16826535087712297,0.5843045808385051,0.31738183122784586,0.26725999921631893,-0.4366701085901312,-0.4870409286975927,0.7350324800957804,0.7728464450605089,0.7955218865325496,0.8605967302324424,0.8310999012050273,0.629911797292845,0.7920634972261968,0.7906501012675973,0.7896786522566537,0.4632897930507403,0.26501278443657733],[0.9869375245198784,0.9909686961362865,1.0,0.9881397220126179,0.9935666872461716,0.9914166739930667,0.9893044248028262,0.9901411482640292,0.9916320564517487,0.9927222282810172,0.9966278876625613,0.9958189552013239,0.9899841547620108,0.9920219364756675,0.9901931028974322,0.9897079983088749,0.990805314882348,0.9898741924341944,0.9887949368055952,0.9887775680447378,0.9916152212135916,0.9900286692867267,0.9953361033056698,0.9861432098461811,0.991236143625864,0.9827545628381334,0.9918998687871241,0.9889285830651674,0.9879150884485941,0.9642417533613217,0.9684718938123693,0.9729393390457394,0.9772150531090225,0.9581740515189948,0.9867456206525242,0.9898591622001452,0.9882527366795649,0.9917662525064252,0.9946925557055323,0.9907049966594895,0.9848748029148205,0.9878737213133153,0.9871477318686226,0.9865467481217925,0.9930334954132969,0.9280536538367877,0.9429359044546987,0.9565976366165017,0.94161952635229,0.8942876443152227,0.9238765714369989,0.9112865434055575,0.9267648672064986,0.9366284579562876,0.9197968110737249,0.9514049884841382,0.9616407968084079,0.9690930317885756,0.9766091292377678,0.9471286574471948,0.9696541246666768,0.9689750270462227,0.9748821467486442,0.9691910074587169,0.9464350134576057,0.9290178286461251,0.9551219286893275,0.945959063470785,0.9290538846038274,0.9034103649968979,0.9754148084427049,0.9562857297979844,0.9682822821502916,0.9488436256293692,0.8557095047384894,0.8750104757576129,0.7959486277800399,0.8905554924139608,0.9103552460485803,0.9127718526804264,0.8807119106731462,0.8946449723751568,0.48078093312729037,-0.5076480072021633,0.9663518797600246,0.9552474471798068,0.9548721767182102,0.9470402537798365,0.9610465585918748,0.9687275793106357,0.9683628170829681,0.936756604233552,0.9647998758414417,0.8957443152711433,0.8043049620239483,0.959332687640415,0.9582321124090584,0.8195957949572303,0.9470232478366535,0.948456346758726,0.8778056765796324,0.9812028587652974,0.7757052260232908,0.4701576629295712,0.6806576849956462,0.7992461804925096,0.803329913342934,0.780155832823168,0.9829802020254489,0.9830312911270552,0.7259452716168954,0.7146604964563849,0.7110012887725352,0.43388728435315466,0.7143171074193285,0.7178417384501959,0.7242467679061256,0.7184780783187978,0.7670629927528996,0.696890351399724,0.6811618728060717,-0.35591195333355846,-0.49641459544251776,0.7086368484197717,0.8573021876544871,0.8764515577606178,0.8885959059317206,0.8801396103350689,0.7710928200830682,0.8589537374638082,0.8668404071975192,0.8732170781080033,0.739261679127402,-0.04509555575092901],[0.9999376587951189,0.9998686254067667,0.9881397220126179,1.0,0.9994215672141584,0.9838248661412969,0.9980697429336003,0.9968260196042094,0.9737504406402686,0.9970174692309599,0.9954360109982793,0.9948258904847799,0.9968957071683046,0.9970068145642061,0.9968660834420809,0.998025942877788,0.9984410109023526,0.9985476298428041,0.9972775030285486,0.9972843654279526,0.9972539832823023,0.9968723186683566,0.9899466319190848,0.9754284741397863,0.9920636718141767,0.9627663740212427,0.9913560813311755,0.9897408380708667,0.9735474939304972,0.9589827562597214,0.9911505166634059,0.9930244898233658,0.9927829971867181,0.9794696700486386,0.9978442066433515,0.9980375139440129,0.9978438950190264,0.9970414193204755,0.9960183570480289,0.9979666686502193,0.9985194980740765,0.9987223520789458,0.9978353473704076,0.9978415894002459,0.980099672584557,0.9289648004050042,0.9556665163787521,0.9489079190354025,0.9459972098937012,0.9230963668281804,0.9625190178663686,0.9505820355701141,0.9643300326709178,0.9683706219635425,0.956873587887423,0.9831045450463506,0.9818850115314866,0.9906516578554788,0.993749464537919,0.9870324499775937,0.9826830358138874,0.9873270490618936,0.9868265792045017,0.9877932793818028,0.9876786259139709,0.9464634192092151,0.9764694925824259,0.9757867211969309,0.9755841153929362,0.9365900217005785,0.9829666949973631,0.9777598033078722,0.9856661908835561,0.985031203520118,0.9279151208685085,0.9043016043038614,0.8744973557350367,0.9180831078889276,0.9312967571770375,0.9315267367822746,0.9299104169836552,0.9287987280524683,0.6681519286101895,-0.5244759874006807,0.9806222411619351,0.9758491369483904,0.9734582257318753,0.9876106035131432,0.9737970778551511,0.9841586976808745,0.9841508558014833,0.9430732615056646,0.9845777766511594,0.9348315620446387,0.8213517886026939,0.9308161847839255,0.9422797861136105,0.8363657398011342,0.9595041918961819,0.9601883323726055,0.9040409034461457,0.9709813360879054,0.8892859105580314,0.561901120808763,0.7328052817300559,0.897366135150197,0.8713680619167596,0.8886034377486651,0.9779141598902512,0.9780719156879838,0.7914485560127922,0.7629708713202956,0.8176145470552939,0.4822410480181752,0.8049918889110659,0.8213960706578275,0.8165159948456027,0.8129939118159121,0.8032064314096042,0.7580459619804928,0.7432511751709414,-0.2960037646838115,-0.44054220206995653,0.7348565802699026,0.8916589302303248,0.9277221301532299,0.940037796930049,0.9055584554770229,0.8316837571145882,0.9083814404143917,0.9212393747289264,0.921258993947516,0.85406600444885,-0.11467607951540058],[0.9992070232560648,0.9983347757998701,0.9935666872461716,0.9994215672141584,1.0,0.9860325971161176,0.9989715347221214,0.9985860194380846,0.9847002962840208,0.9985822639971763,0.998210018441339,0.9981065335933625,0.9985979482999493,0.9986128396319677,0.9986166121109751,0.9990788123943276,0.998888907781789,0.9992380669265116,0.9988380691984595,0.998837292413996,0.9986513280728873,0.9985991502082555,0.9950822156373245,0.9822462434648168,0.9954294651936717,0.978109904666527,0.9954623348299058,0.9929894210446255,0.9847596041980319,0.9617808859370301,0.9890041073071815,0.9917776647919786,0.9904351824329007,0.9727788127359567,0.9988212928067873,0.9988918027137303,0.9989263497873049,0.9987139751869565,0.9985984232798512,0.9988876270615613,0.9989265147364654,0.9991505240779689,0.9988495675947262,0.9988489546360793,0.9886306366436903,0.9371537417582976,0.9550434914697773,0.9541391707190557,0.9449308613894963,0.9186328494294445,0.9528012647381765,0.9484087260105846,0.9569520685902678,0.9633004374609545,0.9518276617798488,0.9817255743182365,0.9816648319774679,0.9910068147271799,0.9937025173864712,0.9833336672930499,0.9767581501029319,0.9816964284755794,0.9831739492548991,0.98211188192537,0.9819687044892589,0.9433969633264534,0.968830738397842,0.9606519762715119,0.9604201350360736,0.9102764344615012,0.9801250892300071,0.9764381348640468,0.9818902890986625,0.9811386161704484,0.941249789975943,0.887312964157882,0.8570212342337198,0.9049652936180929,0.9358861549417118,0.9233819427845422,0.9290917736059273,0.9281914913249883,0.7952507088996077,-0.5146838555879,0.9748475827977151,0.9660046860861069,0.9647261756437753,0.9840760750608704,0.9644765906742432,0.9781391879525471,0.9778518622308651,0.9349480495992571,0.9792577496449408,0.9365016933270193,0.8118792947333364,0.9430449762703694,0.9600719844978174,0.806962335292549,0.9493066758840751,0.9505462392079923,0.8997180894876841,0.9753604763116042,0.8940450224226966,0.3991255747714393,0.682345180107609,0.899944797455824,0.8563560142080621,0.8962915736352719,0.9812131970114729,0.9813320587125903,0.7611097388746838,0.7490588906614989,0.7648461383900241,0.46248405082131816,0.7258370888165989,0.7688718145055242,0.7649312414876621,0.7307574492389345,0.7924905083477237,0.7458110009158885,0.7301571463141744,-0.49035372728237175,-0.5737200710817305,0.7289750108786299,0.8881715477947113,0.9172973253008679,0.938267623178858,0.9052441023769126,0.8180835832444716,0.903370887530411,0.9121162036356087,0.9116607850676087,0.7978809271194861,0.09597973971097162],[0.9828325816096646,0.989902490770002,0.9914166739930667,0.9838248661412969,0.9860325971161176,1.0,0.9792887915443914,0.9808058329655894,0.9936781783893623,0.980297170497954,0.9767021683243485,0.9759334681227023,0.9806097538148009,0.9811247690172322,0.980873978580981,0.9805339677043526,0.9843761328400631,0.9813401282866564,0.9811637283739829,0.981202305583027,0.9796816180208038,0.9807871663640259,0.9934016306851973,0.9935256503059491,0.9826999256578586,0.9886847657580425,0.9832873444366684,0.9761125891942919,0.9880888578903335,0.9753784315541085,0.9560743284479177,0.9625307937615678,0.9728812835550713,0.9647058853864262,0.979015261008082,0.9795164939488238,0.9803756493608901,0.9815485382929591,0.976914340747894,0.9800360814624308,0.9784063500913652,0.9802512855686473,0.9793137430254232,0.9793623283858512,0.9961496068018519,0.8935724960077953,0.9341374310510081,0.9388081305676594,0.9471228748276528,0.9088107773760341,0.9172247574969111,0.9128830296244197,0.9203077169631422,0.9395869338003723,0.9183789911346641,0.947920353133044,0.9547780801080668,0.9612866217609314,0.9657142933570986,0.9738730187357162,0.989634246569257,0.9768560701732136,0.9867334245382833,0.9764664990225054,0.9759726650835502,0.9778389645457864,0.9752367521344718,0.9579504659241211,0.9574286988535659,0.9528180787045099,0.9853866046215871,0.9785152553927196,0.9745715756335411,0.973540359500531,0.9700790881645918,0.9154775673365756,0.8758250631206435,0.9296837438634287,0.9301255999692323,0.9395595344818294,0.921054941476499,0.9190427789978483,0.7867284204931678,-0.45914044327261055,0.9848586000356232,0.9865710447177382,0.9833737850999235,0.9746873897591501,0.978569507921842,0.983426027325308,0.9830587638356159,0.9715041875077931,0.9737947604321754,0.9713052586936292,0.8228439822994904,0.9068867450792187,0.9603353243016561,0.8515589698496582,0.9475299626461814,0.9483536315085029,0.8657807184836228,0.9589298470551421,0.8292817136364706,0.4771326471992334,0.6938661502698746,0.839520179488365,0.8190849084554985,0.8295827219014777,0.9583350393587147,0.9584489188648848,0.7419479701946351,0.7369973166171965,0.7478359417865046,0.48512275563778423,0.748117551944948,0.7528484246403806,0.7468266146562974,0.7459985597122128,0.7798252535181949,0.7133090232834975,0.701510107504193,-0.3208961338634629,-0.45119108047647977,0.742845336916107,0.8523160291969712,0.8624897981514792,0.8833627869293633,0.860732118175582,0.7873718500764938,0.8459076184788177,0.8551956960484082,0.8553259926492386,0.8002320771208147,-0.06954525338980663],[0.9978636663037509,0.9941702507926709,0.9893044248028262,0.9980697429336003,0.9989715347221214,0.9792887915443914,1.0,0.9977147358560062,0.9569242019883413,0.9996452726126984,0.9996207944764748,0.9996521134104679,0.9985591078160707,0.9995135462906514,0.9992611405695522,0.999895094270559,0.9969005236360232,0.9999056504008803,0.9994419857691907,0.9994461564603158,0.999738979046741,0.9993900840583338,0.9907965534776417,0.9750521505733066,0.9868174038375823,0.9286437129153869,0.9940687803594824,0.9934957242715626,0.9751647255689138,0.9548803575649525,0.9915465570939599,0.9921663352065139,0.9940773281661521,0.9773464514448612,0.99910160643113,0.9998675620637613,0.9997427177999353,0.9995112063536122,0.99979598974753,0.999854732992476,0.9986516976036711,0.9997606093733351,0.9994487000763908,0.9991371129088882,0.979616624698154,0.9430839463736816,0.9572568117956904,0.9563820995827164,0.9437941364643281,0.9165878681658003,0.9596417683692448,0.9502514817480936,0.9620294507737297,0.9660767347276261,0.9566276721041508,0.9828425017159608,0.9829970307159765,0.9925319216400413,0.9964159875369086,0.9553287701608353,0.9638440604365859,0.9740233153119523,0.9746418119875767,0.9754501056067533,0.9552369827041961,0.9038330628854261,0.9592491886775667,0.9634202014429556,0.9470590027094451,0.8913303892865074,0.9704064520461426,0.9481612346767426,0.9715686468389331,0.9556543460074777,0.8125629683864923,0.8782332876756337,0.8100350690523085,0.8912465223304215,0.907465813712244,0.9115273863084824,0.8929269195552908,0.9036408649934797,0.42488265588957513,-0.560668898327165,0.9649829006042352,0.951054445468526,0.9512305657295371,0.9566341885168128,0.9596482256442409,0.9711107203260545,0.9711883509390268,0.9220128921246874,0.9699101203837743,0.8639554729041636,0.8050421941122476,0.9433744360854073,0.9401641599085663,0.8223870744349593,0.9568726361224498,0.9576969586440311,0.9042087326376067,0.974845245036331,0.8340529959145387,0.5604945749077781,0.7277270284843566,0.8588589889947698,0.8543309960934999,0.8403303305484151,0.9816771355352829,0.9818481482243723,0.7846653549613096,0.7469886512813988,0.7834332146109577,0.4557296384582138,0.7854810445771292,0.7975518686199998,0.788426904853463,0.7970231646622411,0.7904950661321042,0.7529580023938002,0.7363142163108406,-0.307959551185612,-0.4603875165359647,0.739233198942448,0.8936930034258929,0.9218929061374042,0.9421115131799573,0.9125918125203536,0.8341885911711763,0.9106578237997622,0.9269468006954307,0.9254531053985463,0.7829789932147525,-0.08795087728352989],[0.9964619763789665,0.9921605014087419,0.9901411482640292,0.9968260196042094,0.9985860194380846,0.9808058329655894,0.9977147358560062,1.0,0.9673574573195909,0.9999998405932609,0.9999993740522902,0.9997889511130094,0.9999971271193216,0.9999934122277013,0.9999983976694607,0.9993859267948199,0.9921835755898529,0.9995111311931072,0.9999150620864704,0.9999146654659756,0.9999680506151081,0.9999988449197798,0.9913940199590002,0.9768773339232425,0.993377051089427,0.9424287543099616,0.9945634197472758,0.9920857428762077,0.9773726207558776,0.9546457823421883,0.9879233056948097,0.9938391709791845,0.992751758830085,0.9746563529356127,0.999495525949982,0.9996077910086557,0.9997023354607653,0.9997636689495016,0.9993382027469186,0.9995520565374244,0.9983647872346354,0.998950023461849,0.9995688939112355,0.9994437887969767,0.9814289123985397,0.9430424622301077,0.9550417609861478,0.9596635926474574,0.943558082487151,0.9083718111015602,0.957888038678607,0.9460904288563976,0.9599623304594859,0.9611246145239121,0.951163645158062,0.9809056168953931,0.980369725548481,0.9916074728658164,0.9967490065189283,0.9512027935857305,0.9611224353392793,0.9692646748001655,0.9725294525070942,0.9710161940176171,0.9539254087660766,0.8993104309476385,0.955874303353015,0.9582770680447081,0.9427221942895143,0.8833152826986985,0.9685180439972083,0.943249754255868,0.9672571552863553,0.9518139536964736,0.8032037129144154,0.872725023866783,0.8065295238189748,0.8856345332862711,0.9020158000599308,0.9084017484934321,0.8894279189417399,0.8982710703346821,0.4105405957530715,-0.5634523863758655,0.9621330965865191,0.947009995838424,0.9471944949315196,0.9550130174470476,0.9567695139944544,0.9683444229372656,0.96841266127465,0.9195557952966384,0.964762612338705,0.8566115030421584,0.8028684226773236,0.9543629439504014,0.9497986484982874,0.8202456783651465,0.9569204227882793,0.9578762395228806,0.9017427679955923,0.9783419245811931,0.8362908169375227,0.5461035290326292,0.7195314433009612,0.85929190186525,0.8510565446019748,0.8418596349535686,0.983811369371329,0.9839843822785865,0.7762930108553583,0.7402482602728389,0.7841463937126447,0.4449923708891031,0.78041354803578,0.7928401951567454,0.788302448180345,0.7914089015436098,0.7850323577608188,0.747532155288195,0.7303905651272831,-0.3226350508037045,-0.47392845281296253,0.7287922896111808,0.8867778448680123,0.9191574853253385,0.9348721193022124,0.9072148545158455,0.824246337530832,0.9044005238290355,0.9207295544753877,0.9194625986741528,0.765338980501787,-0.07132371967616055],[0.9718198135790146,0.9884615559567935,0.9916320564517487,0.9737504406402686,0.9847002962840208,0.9936781783893623,0.9569242019883413,0.9673574573195909,1.0,0.9824170982070742,0.9871527020985079,0.9896373368022294,0.9709435298917648,0.9792974118088106,0.9758006665569926,0.9739931159628802,0.9507959784146485,0.9788021117311666,0.9764315257414872,0.9764294824258749,0.9808722429605227,0.9756847303060536,0.9938451793087497,0.993720812358199,0.9801731435489538,0.9904090542481092,0.9833927278474126,0.9916264681590092,0.9912941929270341,0.9715726530915497,0.9264695729451176,0.9481006881345249,0.9655674355216662,0.9530050034447632,0.9702353722135277,0.9787970960954241,0.9753303340918092,0.9776742024937991,0.9883881165455533,0.9800768656704663,0.9667684894184067,0.9762650080940715,0.9711354006967441,0.9701768611815532,0.9990933258313588,0.9104234489182244,0.9286059791177074,0.9566837917116334,0.9464803422859149,0.89138784040954,0.8881832409522634,0.8895595301409593,0.8923364937673127,0.9213022285501037,0.9001775197950167,0.9300726095889825,0.9475840105689792,0.9523903621455222,0.9598793353668013,0.9116496318540515,0.9717775781924463,0.9525619733598711,0.9704303500050178,0.9525332940970632,0.9113839195518105,0.9253355463616835,0.9510969649297933,0.9267518449734232,0.8929752484288935,0.895925783789691,0.9717920005024003,0.9285429336770379,0.9493075996035973,0.9139311502739984,0.8485872904956662,0.8727258565559262,0.7591888880783471,0.8895510387345267,0.8952268240887172,0.9083687990241387,0.8586911501769594,0.8767826392120316,0.4662557873420197,-0.4873761199589756,0.9632432189473439,0.9586245736126299,0.9565465793693747,0.9096516506426895,0.9546727103673343,0.9615205570536605,0.9609750053814201,0.9431897694762629,0.9478542214560289,0.8897864165154697,0.8095869144500026,0.9461498282874695,0.9649463048230303,0.828862746640447,0.9403490875953199,0.9417047109865213,0.8555809987116431,0.9687347344866111,0.7416068453370726,0.4315839494372062,0.6617685046563723,0.775511040251076,0.7796407402802806,0.7536739516401497,0.9680327251369167,0.9680905201996335,0.7068557050222747,0.7043945676039508,0.6759675005529472,0.44112502822067906,0.6954908332385905,0.6949622989606161,0.6746074254737492,0.6959276444334044,0.7592581117384862,0.689345095413029,0.6749538641366702,-0.36071562271201124,-0.4973352138052352,0.7407780442324661,0.8413649257218256,0.8293353990007707,0.8630046192374332,0.8591208640977896,0.762381006804309,0.8152255385304635,0.8356058506256696,0.8293779877895847,0.7112728323574212,-0.005666518646747301],[0.9966030209064205,0.9921638448784769,0.9927222282810172,0.9970174692309599,0.9985822639971763,0.980297170497954,0.9996452726126984,0.9999998405932609,0.9824170982070742,1.0,0.9999991792174046,0.9997933426479596,0.9999985608934914,0.9999924088783821,0.9999979529610038,0.9997122605068645,0.9980207464754286,0.9995108021354016,0.9998934521623549,0.9998933981915621,0.9999794780962991,0.9999993795688833,0.9939184800457079,0.9787755899672488,0.9965100936353984,0.9739256079225075,0.9965791668939092,0.9920955493220487,0.9818036164277157,0.956268471586145,0.9898825730241767,0.9938538752870758,0.9905570057006429,0.9716666978096744,0.9995390305338291,0.999602814399705,0.9996171644151626,0.9998478710696623,0.9993489916554741,0.9995592264558949,0.9986079858128266,0.9989951894852634,0.999548084659122,0.9995438541116194,0.9859396215980218,0.9429279617660987,0.9550689022369709,0.9594682776260256,0.9433056967809199,0.9084687604374004,0.9509680072161654,0.9428178355718391,0.9545497438136016,0.9595661761550344,0.9496175592426036,0.9805315065325216,0.9804013986311146,0.9921916762841289,0.9966075553873388,0.9740396198257749,0.9609938933042277,0.9722791130441409,0.9724609038906838,0.9728536488827413,0.9726790935711582,0.930985429997699,0.9557847605816455,0.95146662124956,0.9511779531768119,0.8989744248512931,0.9684173187364649,0.9670762005658605,0.9727525345532135,0.9718571194622571,0.9276658194952916,0.8727392674814952,0.8369448107037976,0.8854757585380709,0.9196449954688676,0.9090959396699801,0.9139470328698754,0.9132500709281014,0.7522975736830285,-0.5612805198542761,0.962079278179282,0.9469822388598561,0.9471808823506047,0.9749846655590364,0.9522047083498223,0.968051996234102,0.9677581401450289,0.9202862793616439,0.9693678399164504,0.9220912562583281,0.8028629265895704,0.9541761394554286,0.9605159716283966,0.8065686152050006,0.9514572866248808,0.9525512185729552,0.9018152549822366,0.977638904184432,0.90208071684792,0.44224258549624285,0.6988247738395205,0.9078974428648575,0.8642170670845344,0.9041633378700145,0.9837827619350317,0.983973700896389,0.7763623080063797,0.7400906005407641,0.779521278478746,0.4450906734203617,0.7412953094365762,0.7838698524465656,0.7795748821846535,0.7483692775188797,0.7848879879451279,0.7475851816728358,0.7304223105149587,-0.5342062819773352,-0.6177425638352498,0.7277822220594272,0.8868051746060492,0.9206331355236675,0.9403755909048364,0.907274922811141,0.8214214861990669,0.9040495336062646,0.9149507586690472,0.9144538841526078,0.8096424103523423,0.15517079727390456],[0.9947808855501857,0.9921969764191003,0.9966278876625613,0.9954360109982793,0.998210018441339,0.9767021683243485,0.9996207944764748,0.9999993740522902,0.9871527020985079,0.9999991792174046,1.0,0.9997920287137715,0.9999964886236021,0.9999951988665956,0.999998460833947,0.9997000077827499,0.9977890089391739,0.9992901284212894,0.9998062480825629,0.9998063107117412,0.999998496717769,0.9999984854879898,0.9934739238899929,0.9756110020453179,0.9957106857287171,0.9819921512557227,0.9962447857430994,0.9921085127978282,0.9841849239936935,0.950293323345425,0.9895401279041725,0.9936149962867783,0.9851484355564766,0.9499368297335057,0.9993567807803307,0.9994078728902059,0.9993556833004678,0.9999058268641575,0.9993346346315756,0.9993650940627743,0.9981516343340161,0.998660285980944,0.9993364730151529,0.9993344898676162,0.9884944606904699,0.9426835392243142,0.9265164562313674,0.9594398110089319,0.943255177401364,0.9082323943628217,0.925378689701085,0.9170781544979333,0.9293381386774441,0.9371709610969577,0.9239991106165028,0.9742648882586452,0.9742439300578272,0.9912108019839525,0.9952796020490856,0.9667171713070409,0.9611353453552864,0.9602383456822058,0.9641007358304264,0.9613081979299676,0.9610774074011668,0.9092608006595125,0.9459467124018092,0.9173023955947358,0.9167736083552579,0.8367818963642235,0.9668179375336737,0.9716473042452628,0.9684879031173882,0.9674054625664636,0.9221397305018783,0.817646965554447,0.7857745458339851,0.8544170519069303,0.9031638702939021,0.875980887819343,0.8894988823694157,0.8883627945343225,0.7579446163010497,-0.34562168171622304,0.9506849533085273,0.9471465103046609,0.9473063381322374,0.9677039011191013,0.9394153546375014,0.953008494223767,0.9524021091811392,0.8963091617193609,0.9553612615114749,0.8999922543577685,0.8030268946071635,0.9544489352956844,0.9650178018282829,0.7155070107069652,0.9164481172838983,0.9188270799820688,0.8619662208149866,0.9861150778292537,0.8501367911610677,0.09570039029050782,0.5575249704170369,0.8618503585145026,0.831551185693946,0.857057845414745,0.9868382821134754,0.9868502110548445,0.5548196893213286,0.6612098546899039,0.5619253980375173,0.4450445762047934,0.531708020837416,0.5713793086587654,0.5625863270446931,0.5017571214915244,0.7749178216671968,0.6260493120471957,0.5886740899201144,-0.49381996059679456,-0.5537190597686031,0.7273132194977632,0.8683327007532593,0.8804087332520674,0.9148907346435002,0.9014754687364281,0.7056276934649175,0.8613268100595433,0.8745171691642504,0.8738908231226014,0.6358085275209933,0.11092191631326778],[0.9939781704805601,0.9933439543520921,0.9958189552013239,0.9948258904847799,0.9981065335933625,0.9759334681227023,0.9996521134104679,0.9997889511130094,0.9896373368022294,0.9997933426479596,0.9997920287137715,1.0,0.9998056926702596,0.9997928622062844,0.9997975961665925,0.9996918147984742,0.9983860533758319,0.9994671539049169,0.9999735591579668,0.9999733318575709,0.9997971241900698,0.9998016192293726,0.9932037083401367,0.9732813805365371,0.9946742070746116,0.9827255449617007,0.9953685524127348,0.9941605131792194,0.9807655820808726,0.933847348437924,0.9923046435683875,0.9948132931044822,0.9814597791923757,0.9342553947081496,0.9994864477108887,0.9995274886529554,0.9994910902214046,0.9996363389164572,0.9996550603419876,0.9995049208573371,0.9980573795707058,0.9986896803149754,0.9994724114847989,0.9994694983863968,0.9898811276516585,0.9387546352976038,0.9159380264897528,0.956494468432007,0.9414578736626561,0.9079999687383538,0.8959958768163528,0.9292079123168846,0.8990624259861674,0.9179057667675077,0.8945627679444863,0.9639439033322152,0.963931804725693,0.9833397189180686,0.9950399869923167,0.9656475349878755,0.9655541720647245,0.9555632415705301,0.9620417911964257,0.9576103703405865,0.95743250301673,0.9099492504607094,0.9370082452657597,0.901470493657194,0.9010903036081009,0.8233553976986179,0.9662256936108674,0.9680249360010256,0.9680136306954282,0.9673399796763547,0.9294524621113289,0.7785179657412967,0.7456520924766064,0.8267990329462461,0.8852151810720745,0.8471260033329997,0.866919081941218,0.8662013664894802,0.7455818047786864,-0.20418431307944573,0.9450229470329063,0.9488320050022244,0.9446615511360247,0.966243237905319,0.9393594687473177,0.9480230254694014,0.9472221622002923,0.8954548005379498,0.9499503381342997,0.8979883365852172,0.7635352310627096,0.9522767610669023,0.946553332684078,0.6098513576913631,0.8698404957572792,0.8737661602155276,0.7701281795328643,0.9808185980868387,0.7474455907638083,-0.2693700649653421,0.3089270291134244,0.7700180662325612,0.7276085598163222,0.7639549269643949,0.9818810331037506,0.9819649267986135,0.26778121345017947,0.42554303904738944,0.2736649886200016,0.24558042544112565,0.2654944141434372,0.2799455873848925,0.27759832266240075,0.19443517535651156,0.5984406896287208,0.3359227448523033,0.2842843004487649,-0.5027590311445344,-0.5519316176701459,0.7271133215492109,0.7758719285870856,0.7983523449911067,0.8627473210023697,0.8389428036857913,0.6183642894280674,0.7892023191459762,0.7936379012345363,0.7927032320474564,0.4656320916866444,0.2973194605835566],[0.9965475672319007,0.9922391051022486,0.9899841547620108,0.9968957071683046,0.9985979482999493,0.9806097538148009,0.9985591078160707,0.9999971271193216,0.9709435298917648,0.9999985608934914,0.9999964886236021,0.9998056926702596,1.0,0.999991798260066,0.9999977034978647,0.9994289313211998,0.9937421898386773,0.9995473922913599,0.9999245320759736,0.9999243144026985,0.9999747381347073,0.9999990150782692,0.9912686893645488,0.9766735036091744,0.9940191686587186,0.9472773226651451,0.9945122735051565,0.9921821181757089,0.9771652155957952,0.9545694021810767,0.9888364056528169,0.99392977238226,0.9928350992034101,0.9747779877831567,0.9995380394745734,0.9996453201382202,0.9997312284641745,0.999761480560138,0.9993891597833616,0.999590395240507,0.9984472335036341,0.9990116014370543,0.9996108382950041,0.9994867078418417,0.9811732812183581,0.9432643335613984,0.9551804392776676,0.9595747760608533,0.9435801248130458,0.9088742010628725,0.9582404711617248,0.9464641178417219,0.9603160192491346,0.9614284565650584,0.9515385868569621,0.98115507024086,0.9805472725839837,0.9917357489424655,0.9968378054377847,0.9514285670212878,0.9611010076342927,0.9694021151032656,0.972544474821359,0.9711528248943881,0.954102402675577,0.8991909171268183,0.9559653673261056,0.9585189092174085,0.9430280085613475,0.883371709255175,0.9684966762390975,0.9433572013572575,0.9673774322998161,0.9520243335934141,0.8030610483878746,0.8728993183848949,0.8069150832005308,0.8857988162016771,0.9021770106875604,0.9084784807641584,0.8897002929585568,0.8985296802166476,0.4105750108549577,-0.5635980075435747,0.9621716554385,0.9470586932363656,0.947244886353938,0.9551970905460706,0.9568026545975579,0.9684049151502974,0.9684750256307892,0.9194601182973273,0.9649189766794726,0.8565281909594777,0.8028934484659671,0.9538642823572162,0.9493110426965714,0.8202248521462634,0.9569114533168662,0.9578601185780076,0.9020832858843439,0.9782091076897287,0.8368009507127231,0.5472316080301792,0.7201651645225509,0.8597835570175565,0.8515900264615561,0.8423594634725927,0.9837552670455806,0.9839284383066143,0.7768942675966811,0.7407226828081875,0.7847750810676111,0.4455528248497597,0.7810754564028647,0.7935396939523972,0.7889473898392875,0.792120387031254,0.7853550769510883,0.7479844793798436,0.7308553575117032,-0.3217471186390039,-0.47315058334249227,0.7291229490022587,0.8872894593618926,0.9196510463552322,0.9354061806985489,0.9076932523071476,0.8247956079157617,0.9049887626318279,0.9213257803148361,0.9200514627208324,0.7660129183058134,-0.07237374335849223],[0.9965752506807701,0.9921578666904001,0.9920219364756675,0.9970068145642061,0.9986128396319677,0.9811247690172322,0.9995135462906514,0.9999934122277013,0.9792974118088106,0.9999924088783821,0.9999951988665956,0.9997928622062844,0.999991798260066,1.0,0.9999955222652516,0.9996070823209369,0.9979920432642484,0.9995090199024486,0.9999108954943488,0.9999099198471851,0.9999579187818375,0.999992183783328,0.9931357275330512,0.9771809958475084,0.9962214247997281,0.9680389613190163,0.996004678266807,0.9920840852679835,0.9777700928137611,0.955007117303007,0.9892938945517228,0.9940334474754029,0.992151043613793,0.9743437223109002,0.9995234307761774,0.9996008876794205,0.9996560378359041,0.9998973594350731,0.9993580311520561,0.9995428886997503,0.9983399714329538,0.9989400003608216,0.999546083025606,0.9995397382197798,0.9837792102153441,0.9430739599380078,0.9549950340275456,0.9594641935199983,0.9433210771068006,0.9084868481509449,0.953994301965056,0.940421553540434,0.9563265999643006,0.9608524641370213,0.9508550993834118,0.9799472879030837,0.9802482159840756,0.9911015403991718,0.9968388445595435,0.9750818926479253,0.9607535639350345,0.9739773559875475,0.972479598873856,0.9749053428251214,0.9747272996682519,0.9398822787128935,0.9555524596132672,0.9571447439773134,0.9568663380003513,0.9155193218959522,0.9684448598402321,0.9698922110169044,0.97469320008959,0.9737372691596577,0.9353635294473076,0.8725516127244463,0.8418760028311544,0.8853465058898754,0.9118588294235737,0.9082295150326805,0.9089301701552175,0.9079398043977258,0.7310311967854703,-0.56431121354834,0.962111118259671,0.9468419965160506,0.946926158408184,0.9760471665518194,0.956837192545436,0.9683403761697856,0.9684392863156239,0.9196151899332029,0.9701253900974797,0.9302794361689399,0.8028268199697015,0.9539946398376722,0.9537563131283113,0.81958042918613,0.9568094089390518,0.9577072588837248,0.9016930791911318,0.9785327508435501,0.887313762164845,0.5464353882854088,0.7190730853288381,0.8952560186488412,0.8654153599505311,0.8864799056669456,0.98400859637209,0.9841968094583424,0.7755380392320144,0.7396403639507424,0.8062254755731089,0.4451434743401932,0.7887511302738731,0.8104955825915732,0.8050342195905544,0.7932598542059608,0.7849998401873749,0.7463728830306463,0.7292530396599466,-0.41072889441142313,-0.5329944273210198,0.7274055824561361,0.8868065543406334,0.916404560308815,0.9311876130447443,0.9075924619187616,0.8232895423449971,0.8942575890885103,0.9098397639211467,0.909447978052076,0.8428019656498387,-0.039048071854415806],[0.9965024741563172,0.9922109211027592,0.9901931028974322,0.9968660834420809,0.9986166121109751,0.980873978580981,0.9992611405695522,0.9999983976694607,0.9758006665569926,0.9999979529610038,0.999998460833947,0.9997975961665925,0.9999977034978647,0.9999955222652516,1.0,0.9995120802690753,0.9973280099084081,0.9995252337747128,0.9999175104890933,0.9999168409240233,0.9999688237902598,0.9999977740532897,0.9914370818271951,0.9769401189504788,0.9955996584757215,0.9598386491698244,0.9953908314128237,0.9921456470875004,0.9774265596727189,0.9548036523931622,0.9912989187407981,0.9941782358125066,0.9927051088723884,0.9745776076187205,0.9995057483170833,0.9996083919957562,0.9997086209723867,0.9997776145972986,0.9993614522258195,0.9995492786198749,0.9983872393145491,0.9989643139662309,0.9995776470645491,0.9994549669071098,0.9814320781414108,0.943101062080098,0.9550622041431677,0.9596381132851195,0.943597389739132,0.9085939590859639,0.9579587027797147,0.9462092148737651,0.9600619753206463,0.9610820881219249,0.9510862326799663,0.9809260550830832,0.9803186285901638,0.991580162070213,0.9967141249285719,0.9514650658174985,0.961164118577461,0.9694146346367909,0.9726116576126914,0.9711536776909531,0.953756320937715,0.8995018120413157,0.9558128820109901,0.958340265359663,0.9429104136912568,0.8834426235016364,0.9686486114731315,0.9435549457495562,0.9674385348841212,0.9520893559442021,0.8035105632252717,0.8727497514816395,0.8067669488559664,0.885697326452556,0.9021706072783707,0.9084200900626341,0.8895669099572823,0.8984244661731057,0.4108750842937567,-0.5631514613638218,0.9622251800771023,0.9470819138026281,0.9472662951800397,0.9539814240969455,0.9569313841865288,0.9684284093372614,0.9684934448426028,0.9197413639602757,0.964913636037266,0.8568474400797289,0.8028780188316302,0.9541245237379543,0.949717767243762,0.8202653657255302,0.95686009251454,0.9578195611551985,0.9015688432529078,0.9783569962252159,0.836312421665702,0.5459199350484111,0.7194210641438872,0.8592930778667938,0.8511644533924051,0.8418782258609058,0.9838437562180681,0.9840141854123181,0.7759288411568499,0.7399434049744977,0.784120354537469,0.4452098035086815,0.7803874140476732,0.7927584398787757,0.7884436765605618,0.7913096583879418,0.7849603588027804,0.746844367539937,0.7297356058640784,-0.3224602457719741,-0.47374956853900324,0.728971243247366,0.886690675192362,0.9192673910244975,0.9349037415811077,0.9072551070124463,0.8240533103955583,0.9045839288885237,0.9207543670017573,0.9195999645671634,0.7654213847630577,-0.07157127045524368],[0.997793400031355,0.9941543890155244,0.9897079983088749,0.998025942877788,0.9990788123943276,0.9805339677043526,0.999895094270559,0.9993859267948199,0.9739931159628802,0.9997122605068645,0.9997000077827499,0.9996918147984742,0.9994289313211998,0.9996070823209369,0.9995120802690753,1.0,0.9985431758011467,0.9998647379871987,0.9995900995067779,0.9995943364441882,0.9997904395999713,0.9995793679572945,0.991142961867643,0.9760712183813413,0.9943782272174772,0.9532711379111226,0.9940416675031735,0.993475181124526,0.9759171591674755,0.9556170188114312,0.9916678248063646,0.9927005116124301,0.9935064986110007,0.9764801790741682,0.9993164125582102,0.9997490116450136,0.9997409121955481,0.999608187707124,0.9996532424252214,0.9997098256850597,0.9989222873535694,0.9996231535509971,0.9995405447226761,0.9993177770234762,0.9802196554827347,0.9418912169141163,0.9569994429921298,0.9574605758524316,0.9445349121425458,0.9145230017620949,0.9598614048218517,0.9503706588246553,0.962229610363596,0.9648053110139974,0.9549066908515125,0.9827561468469084,0.9821520715670041,0.9924461920772405,0.9962798028091714,0.9556393167126033,0.9645602004597746,0.9738490078553763,0.9750109352578263,0.975347600559586,0.9563879293849488,0.9043081915874491,0.9590254589870739,0.9631255651017256,0.947426287587855,0.8909151543941152,0.971011770478109,0.9480745284590651,0.9714179713790518,0.956125025070579,0.8110747294067893,0.877838790331912,0.8107668635198249,0.8908104526407126,0.9067248498993137,0.9109470115414184,0.8930049267448871,0.9032562487150173,0.42125249523899755,-0.5607404653735939,0.9653441101231379,0.9516336993932736,0.951700810265053,0.9577289182394947,0.9603729351585507,0.9713418377164231,0.9714185454420593,0.9235350179274524,0.9695980098699097,0.8635086546867049,0.8046502343758904,0.94625166547564,0.9425462399286378,0.8224915907616873,0.9569148968764815,0.9577028199424669,0.9016322516761358,0.9752201596625552,0.8356449043126747,0.5554627467596129,0.724203235