var element=document.getElementById("correlationClose");if(element.style.display!='none'){var correlationClose={"data":[{"type":"heatmap","z":[[1.0,0.9999842406516634,0.5859778100627494,0.999708419435363,0.9975682739183948,1.0,0.9911272712493804,0.9868355978324523,0.9868355978324523,0.9918056066511338,0.9736076781047147,0.983155969111924,0.9911710995210653,-0.12082946902948624,0.9912342838784541,0.9567950879355446,0.9464688224353883,0.426826455714723,0.9922140382558646,0.9922122854457915,0.984229992061384,0.9911725201982856,0.44811666361883273,0.6778917831778357,0.978564792285539,0.978564792285539,0.9785425476096964,0.9635976615457046,0.3194541058310221,-0.11755533228275192,0.9897681000711914,0.9897348931623751,0.28517593224064414,-0.19449316764276078,0.9939483123436604,0.9947801992770833,0.8173978762783471,-0.3863089508833118,0.9882478652821158,0.9945868997110454,0.9568297498548464,0.40884653997512305,0.9941259439471674,0.9941217035752753,0.9941259439471674,0.8884916035217709,0.6668175304967845,0.8747910652918444,0.8873143520996433,0.7940901115411141,0.38490692307960245,-0.1398430907483284,0.1924841254002187,0.9452907627820567,0.44882914677986757,0.9767151751989095,0.9711579582919427,0.9174512339476102,0.9160435249398097,0.9350591435205474,0.9125187268347658,0.9319603051735945,0.9328279220170687,0.9319603051735945,0.850873616761586,0.9086359111991531,0.9098344946542456,0.9086359111991531,0.900543380031229,0.7429102479863472,0.8748898734974441,0.8766660414548749,0.8748898734974441,0.6290671007122463,0.31566628978517675,0.6063852618646963,-0.5897954231671096,0.5047330912823692,0.5535966200758635,0.5552252804355546,0.5535966200758635,-0.10435394645642118,0.8879273065216283,0.9204129347959467,0.9023057911180398,0.9190664133024321,0.41882084065797853,0.8846999175805378,0.8860535718487194,0.8846999175805378,0.8931616532259783,0.8931616532259783,-0.14965162554386482,0.5611965887168557,0.18968304985005519,-0.5807902485215923,-0.5673327661218518,-0.570711944270176,-0.05233416970321408,0.07050631507722765,0.25256610623924003,0.11712216464614049,-0.4125277190818472,0.04596286568577452,-0.7936475316380284,-0.2206984744446394,0.13487847179733187,0.13587270675059163,-0.547039886643229,-0.6018170144989425,-0.22243173661983667,-0.4928889559372547,-0.8277670978641857,-0.3580859959859374,-0.3498441324060662,-0.3580859959859374,-0.1888482828707326,-0.26855036315517206,-0.26855036315517206,-0.8159498620047698,-0.8159498620047698,0.4015399082986612,0.6549218287423848,0.8708653799591121,0.8502393333524756,0.7859786524044403,-0.2606924348446642,0.7642650063806059,0.8043572941116582,0.8044169411767672,0.8043572941116582,-0.23414028998704084],[0.9999842406516634,1.0,0.9715281817413604,0.9992705668797169,0.9941829986242608,0.9999842406516631,0.9793993355946845,0.9710682735454954,0.9710682735454954,0.9792069493735326,0.9608033563658323,0.9812662453723452,0.9794579781419681,0.9794215509284215,0.9792542602696439,0.797567087831696,0.76648948492027,-0.2969857486627911,0.9844968043756045,0.9844699168755966,0.9795156623114547,0.979507635582868,-0.127641534718028,0.9703317418489389,0.9729558465182385,0.9729558465182385,0.9730256879503665,0.963964016558675,0.07607861308815432,0.15828787594780033,0.9767622839477784,0.9768467069501062,0.9722980539207245,0.15971420643133452,0.9882481609521537,0.9883138635679388,0.9890527695903204,0.9813802446251911,0.9867912218392613,0.9883094228977731,0.7868145748778781,-0.30327700860190276,0.9891141635786228,0.989096904689704,0.9891141635786228,0.8885016651277503,0.5393847032272301,0.875409333812491,0.8876021413005903,0.7933957425705208,-0.42416573269827573,-0.5407882078376051,0.8270810271311952,0.8576038193657141,-0.19639580423998176,0.9345051622255831,0.934597994574073,0.9287069832197458,0.9380716002289631,0.9172649176737234,0.9168759043691991,0.9236543376110576,0.9243414568399685,0.9236543376110576,0.7910739195566016,0.7525440594535179,0.7547810082807341,0.7525440594535179,0.9322639986454835,0.9371368213503326,0.9322654414344411,0.9333985565937467,0.9322654414344411,0.4669001506838423,0.40738397214965627,0.5267472529641888,0.6310728665854632,0.5149662643810465,0.5527602750114965,0.5535224831529258,0.5527602750114965,-0.2199596333470268,0.8767782096582757,0.9112371783595442,0.8986340682748697,0.9354897876978219,-0.12885210653847173,0.8713425725945515,0.8717209959867318,0.8713425725945515,0.8819121589263138,0.8819121589263138,-0.2493902203867725,0.5621324922895499,-0.3778971003254365,-0.6805699182252096,-0.4678221660222997,-0.4712302857559302,-0.317339955096851,0.23490547987198074,-0.22421983562538203,-0.4144445141388151,-0.6189835733602603,-0.2978749313113553,-0.4963994376692025,-0.35251236092992255,0.11251781339697042,0.10819006578634263,-0.49160435374953426,-0.44865423349988554,-0.4769185232545525,-0.5066962012108769,-0.4991617994989791,-0.4789596955384077,-0.48223221707897357,-0.4789596955384077,-0.3587545685861866,-0.503945146141506,-0.503945146141506,-0.4759195428081005,-0.4759195428081005,0.40137535980669614,0.408208405108596,0.5174438526814713,0.5998034639179592,0.5707383206300128,-0.4005155397135783,0.3773807423224584,0.3651976449678248,0.3652827134675784,0.3651976449678248,0.11148220225471726],[0.5859778100627494,0.9715281817413604,1.0,0.5799812228087791,0.4769784159385183,0.5859778100627493,0.573459360295379,0.5624170276880591,0.5624170276880591,0.4818612695650568,0.42502011506444226,0.9966889238671733,0.5734968639284139,0.5118346875416186,0.5738113240231405,0.540258453294144,0.5663283566142557,-0.12097566127007262,0.5217894547910505,0.5217555836609012,0.4764346861935143,0.5731282899574615,0.2156758541993407,0.7125324677627389,0.5423539495429637,0.5423539495429637,0.5420864864997698,0.9848345844222404,0.30546407018026234,0.17681317466187846,0.5371700157944974,0.5367123637501178,0.7641900328773424,0.015535187940668597,0.5713290352354449,0.4788255137038049,0.5543049459894579,0.35099720460606315,0.9941248370713914,0.46865466977387743,0.5367742676442517,-0.12772366371100097,0.5874690840959065,0.5700375317299919,0.5874690840959065,0.8929094014461548,0.3910160959701374,0.909735322401771,0.8769061483810874,0.6580160274923446,0.20176774421551447,-0.02094555634826737,0.055271811554709296,0.4391442551301082,-0.07661573368244066,0.5274183387314282,0.4677212858141751,-0.06311608074339167,0.7070790920767731,0.6559531443698254,0.508837903610297,0.6622667475083822,0.7200772768381708,0.6622667475083822,0.36350017476547924,0.5570868373340039,0.6505119973518152,0.5570868373340039,0.5824388564389187,0.6288476752846534,0.6710736044290264,0.7392791873537101,0.6710736044290264,0.23065175681322703,-0.08585297696810326,0.24844944644462846,0.1377638414328253,0.24880412991733244,0.26122108422756934,0.40825819456762874,0.26122108422756934,-0.17480672852156715,0.46593394747519334,0.8216257575320677,0.5515420588589469,0.7363481762091506,0.052781018811487806,0.5282936698339254,0.5293962347329123,0.5282936698339254,0.6430050853434833,0.6430050853434833,-0.2732138049632208,0.7202744949201503,-0.22054031314075737,-0.5709204996731562,-0.39760634536155154,-0.40075800628591507,-0.39588901084507583,0.029157546486222825,0.024127514473694787,-0.27244188747751363,-0.5529818419423645,-0.13989660233300188,-0.2406563816629624,-0.21785805585437965,-0.00787532328350552,-0.010484760902767485,-0.4569900600047803,-0.0011979789301112475,-0.22683141920746872,-0.48945604825134187,-0.12701199615290756,-0.36601986681210547,-0.24281183712425566,-0.36601986681210547,-0.4267793507717365,-0.5109505704913082,-0.5109505704913082,-0.2498922943074694,-0.2498922943074694,0.33202667652177636,0.14614356171348142,0.2511348066202575,0.4939349445801423,0.22948734922160927,-0.3185863791193169,-0.034028235608283566,0.44962253152743437,0.5622157398687401,0.44962253152743437,-0.04451006276288441],[0.999708419435363,0.9992705668797169,0.5799812228087791,1.0,0.9986857617896894,0.9997084194353629,0.992677617701438,0.9888604771091077,0.9888604771091077,0.9936761459745501,0.9714590743461883,0.987845516073194,0.9927101797647524,-0.12501227767345088,0.9927463345007387,0.9581241120089957,0.9477830016020243,0.4126019670694402,0.9935460490437624,0.9935443240189993,0.9846260999843189,0.9927010114278989,0.43947419066991544,0.6813638730762149,0.9814528978131374,0.9814528978131374,0.98143103213113,0.9730893815044698,0.314743305724564,-0.1246865333257909,0.9894514994790012,0.9894288636179414,0.2769376325116649,-0.19520639176658813,0.9947132818422894,0.9958159685339326,0.777982108196357,-0.3919102264894069,0.9916794427774235,0.9958556028094891,0.9572755320941256,0.3942650861176817,0.9923611002046193,0.994786678842146,0.9923611002046193,0.8869058314251878,0.6541832114930651,0.882375487746801,0.884278617734924,0.7723805971651584,0.3794967532253841,-0.14568548246546897,0.18610998132565765,0.9395759578662126,0.43280269112234615,0.972414825937499,0.968357918011722,0.8939618065486903,0.9076514408540848,0.92051069953523,0.907673858060072,0.9129123855714604,0.9141055178835189,0.9129123855714604,0.8413815979787372,0.895331759082359,0.8966562826080359,0.895331759082359,0.8963220959442599,0.6772670814829582,0.8319628626537519,0.8338440045754496,0.8319628626537519,0.6192634665571431,0.10579591608760965,0.5946493381114388,-0.5949175023883261,0.49834052968562015,0.29393750496428145,0.5234776733648205,0.29393750496428145,-0.11122240614140551,0.8814336201656129,0.9104182207812217,0.8927590772970676,0.8932940614584407,0.4054149861858777,0.8791569514893725,0.8806867977039179,0.8791569514893725,0.8715228412349787,0.8715228412349787,-0.15573747106183597,0.5870821872867424,0.1944522872437503,-0.5912372427499999,-0.5750378175895522,-0.578333054705246,-0.06486483554350714,0.06509402584802722,0.24544414242234605,0.10428135430327627,-0.4251420272556629,0.03938890138744409,-0.800301376417463,-0.22868590412572562,0.12392093633025626,0.12497837340285453,-0.5544661836941976,-0.598710333615547,-0.22410492647534538,-0.5049639214799284,-0.830115588147602,-0.3598766749075049,-0.3521940075612956,-0.3598766749075049,-0.1982303939488793,-0.2787031337152958,-0.2787031337152958,-0.8161735426962615,-0.8161735426962615,0.3888522974364442,0.6431187713861602,0.863322273639234,0.8427671302658614,0.7788123557902817,-0.27419765755048836,0.755421816230432,0.7958095311846619,0.7958741060223068,0.7958095311846619,-0.2190988008552699],[0.9975682739183948,0.9941829986242608,0.4769784159385183,0.9986857617896894,1.0,0.9975682739183948,0.9968600701251784,0.9949752828227949,0.9949752828227949,0.997055124776569,0.9615164284525023,0.9955940621505441,0.9968814589605035,-0.33147113963589875,0.9969124852497583,0.9440692454542698,0.9259326689443019,0.2145868988709415,0.9974369489126631,0.997434480016729,0.986362838192255,0.9968714415884721,0.07713082316223602,0.6456738223643427,0.990891721539695,0.990891721539695,0.9908492244836338,0.9857705962515181,0.06993183075812368,-0.10898415572273529,0.9875486220457946,0.9874954767100512,-0.03292256735813903,-0.09182971954320383,0.997738431160453,0.9976724859403652,0.7573152486331115,-0.5307677307424101,0.9972584585974312,0.997943650017709,0.939665427397046,0.1906875623682024,0.9976881568440226,0.9976901425087714,0.9976881568440226,0.901745967177597,0.6153566754377026,0.9025810628340953,0.8880670192720587,0.7404025434887547,-0.0993274579587969,-0.5819427007536133,-0.2310641009948021,0.9253169231388668,0.28716607967478375,0.9662383357601165,0.9663039484535216,0.8891751380297054,0.8862134902459902,0.9071352762027416,0.8931629792764222,0.9053068871342418,0.9059224510956326,0.9053068871342418,0.8123384431387694,0.8401901512332501,0.8418457055869337,0.8401901512332501,0.8835955051752119,0.7792547849503493,0.8635031931490902,0.8647647199882068,0.8635031931490902,0.5714430602870564,0.43632273789371934,0.5547682593521327,-0.635570918052686,0.5527773429687678,0.5302220014090626,0.5303345319210163,0.5302220014090626,-0.13174794452391156,0.8609459205450855,0.8811400184690044,0.8661099129673878,0.8989559426141973,0.258957606164523,0.8618945137751619,0.863463197536461,0.8618945137751619,0.8696991276547827,0.8696991276547827,-0.19807018282010605,0.6439192609134433,0.04804596404002673,-0.625848944831414,-0.6310570134477257,-0.631330556564648,-0.10045675935942523,0.08732503923891187,-0.15270841971489826,-0.14846399985736103,-0.5095722902673778,-0.33177749864325196,-0.8612509167423175,-0.5239848193182028,0.09035780646373977,0.09129927880592155,-0.5843665926831678,-0.5903646300013171,-0.5191768595928667,-0.5471152708366671,-0.7957792771913318,-0.5744698314154282,-0.5774780792674146,-0.5744698314154282,-0.24148215057598882,-0.31678346834635185,-0.31678346834635185,-0.7619923078665828,-0.7619923078665828,0.369768113422334,0.6219368517703135,0.813775649394734,0.7895854828526453,0.7660822663625565,-0.41127014101588877,0.606035905224496,0.6868996728465705,0.687071999440009,0.6868996728465705,0.012196926647113073],[1.0,0.9999842406516631,0.5859778100627493,0.9997084194353629,0.9975682739183948,1.0,0.9911272712493804,0.9868355978324523,0.9868355978324523,0.9918056066511338,0.9736076781047147,0.983155969111924,0.9911710995210653,-0.12082946902948624,0.9912342838784541,0.9567950879355446,0.9464688224353883,0.426826455714723,0.9922140382558646,0.9922122854457915,0.984229992061384,0.9911725201982856,0.44811666361883273,0.6778917831778357,0.978564792285539,0.978564792285539,0.9785425476096964,0.9635976615457046,0.3194541058310221,-0.11755533228275192,0.9897681000711914,0.9897348931623751,0.28517593224064414,-0.19449316764276078,0.9939483123436604,0.9947801992770833,0.8173978762783471,-0.3863089508833118,0.9882478652821158,0.9945868997110454,0.9568297498548464,0.40884653997512305,0.9941259439471674,0.9941217035752753,0.9941259439471674,0.8884916035217709,0.6668175304967845,0.8747910652918444,0.8873143520996433,0.7940901115411141,0.38490692307960245,-0.1398430907483284,0.1924841254002187,0.9452907627820567,0.44882914677986757,0.9767151751989095,0.9711579582919427,0.9174512339476102,0.9160435249398097,0.9350591435205474,0.9125187268347658,0.9319603051735945,0.9328279220170687,0.9319603051735945,0.850873616761586,0.9086359111991531,0.9098344946542456,0.9086359111991531,0.900543380031229,0.7429102479863472,0.8748898734974441,0.8766660414548749,0.8748898734974441,0.6290671007122463,0.31566628978517675,0.6063852618646963,-0.5897954231671096,0.5047330912823692,0.5535966200758635,0.5552252804355546,0.5535966200758635,-0.10435394645642118,0.8879273065216283,0.9204129347959467,0.9023057911180398,0.9190664133024321,0.41882084065797853,0.8846999175805378,0.8860535718487194,0.8846999175805378,0.8931616532259783,0.8931616532259783,-0.14965162554386482,0.5611965887168557,0.18968304985005519,-0.5807902485215923,-0.5673327661218518,-0.570711944270176,-0.05233416970321408,0.07050631507722765,0.25256610623924003,0.11712216464614049,-0.4125277190818472,0.04596286568577452,-0.7936475316380284,-0.2206984744446394,0.13487847179733187,0.13587270675059163,-0.547039886643229,-0.6018170144989425,-0.22243173661983667,-0.4928889559372547,-0.8277670978641857,-0.3580859959859374,-0.3498441324060662,-0.3580859959859374,-0.1888482828707326,-0.26855036315517206,-0.26855036315517206,-0.8159498620047698,-0.8159498620047698,0.4015399082986612,0.6549218287423848,0.8708653799591121,0.8502393333524756,0.7859786524044403,-0.2606924348446642,0.7642650063806059,0.8043572941116582,0.8044169411767672,0.8043572941116582,-0.23414028998704084],[0.9911272712493804,0.9793993355946845,0.573459360295379,0.992677617701438,0.9968600701251784,0.9911272712493804,1.0,0.9972544403094358,0.9972544403094358,0.999968498265411,0.9532065595529395,0.9996133550617906,0.9999962558487571,-0.13867835984269644,0.999992664450975,0.9761166930349506,0.9694922162888052,0.36527405070457897,0.999842006319591,0.9998423723711469,0.9887867843388343,0.999996469222048,0.3472597459789492,0.6820997207617965,0.98459078663626,0.98459078663626,0.9849728997230288,0.9870754241595228,0.23741756676420933,-0.18283110683473958,0.9920085834810568,0.9917714460288813,0.17759485304563943,-0.24496841509228479,0.9993052885224578,0.9994006191579743,0.3663433343848336,-0.325582549973503,0.998763406887942,0.9993240022397215,0.9716838714910642,0.34545021443551166,0.9337881228424861,0.9990368403704012,0.9337881228424861,0.9106196100687147,0.6196859858249406,0.9236402637423983,0.8968848555002307,0.6962378534372194,0.4123445170240921,-0.08763633218605042,-0.2091697730478539,0.9240169622166873,0.3926792927992544,0.9683130723287526,0.9617163088972138,-0.07480947215165668,0.8384007853078392,0.8081528676571643,0.8554909955873351,0.8017681806105209,0.7685591083919908,0.8017681806105209,0.769769082626542,0.7690275728225738,0.765806281270566,0.7690275728225738,0.8436304310228546,0.32289304659842005,0.5377231012170405,0.6170365901990769,0.5377231012170405,0.5394736424366272,-0.35915026283120105,0.5018116755324977,-0.6578575728406801,0.42161362364607713,-0.12348391153419952,0.3813442491101745,-0.12348391153419952,-0.15482493602359917,0.8195361902014351,0.8324265780943533,0.820417667875293,0.7419435340441631,0.3572037071953575,0.8218846691407162,0.8240591611398849,0.8218846691407162,0.7311011841293562,0.7311011841293562,-0.2349911958515659,0.6921592665392751,0.25044104185218974,-0.6076433821302419,-0.6174391569069351,-0.6203051607561785,-0.11530998566672937,0.013318493037941132,0.35129497702285795,0.06665806541255287,-0.4499637139242239,0.09220659892150532,-0.8272705095602269,-0.13160169855908674,0.05312706464853513,0.05431349905066704,-0.5994811531825026,-0.6051503178899701,-0.06311369382222623,-0.5835292866767949,-0.8425649203475869,-0.35559677894613284,-0.1837317388654678,-0.35559677894613284,-0.2764206157006384,-0.32734733282934053,-0.32734733282934053,-0.8356032310125246,-0.8356032310125246,0.3677297956708905,0.6002382503838427,0.4998833884958988,0.8065126865918688,0.7565430274908632,-0.3309713495358155,0.06087027409725951,0.761552632754118,0.7801268139131532,0.761552632754118,-0.14504862936669619],[0.9868355978324523,0.9710682735454954,0.5624170276880591,0.9888604771091077,0.9949752828227949,0.9868355978324523,0.9972544403094358,1.0,1.0,0.9994884732159763,0.9451603888949578,0.9983901282879482,0.9980462241291699,-0.14775618674213967,0.9990371956902478,0.9745973861486946,0.9613859947419294,0.34317047295611824,0.9990871294719987,0.9990900201416734,0.9859171174817867,0.9991938396418928,0.3204239170618561,0.681757991068621,0.9920694327710204,0.9920694327710204,0.9827452709203089,0.9831045564577905,0.21818521706387925,-0.19748309269350986,0.9882835636878878,0.9917024013076781,0.15756742935976076,-0.25165419328281763,0.9981748487709052,0.9980898303983241,0.3460784968027588,-0.33292534538898844,0.996330537951761,0.9979490861618375,0.9706505307830651,0.3228735054985958,0.9252315624137641,0.9980052796754549,0.9252315624137641,0.9079625422305436,0.6038579992823347,0.9240202875648504,0.8929396153068194,0.6696777030591483,0.3988824709318193,-0.1033382588879372,-0.22269705596506453,0.9147737165267472,0.3715802245036195,0.9635142368176259,0.9561467614501943,-0.08554335968312342,0.8243821868255313,0.790077971100808,0.8456361101757789,0.7849045030662225,0.7552390317052423,0.7849045030662225,0.7554297040710943,0.7483041100750671,0.751244619343962,0.7483041100750671,0.8340440263502022,0.3015525343468289,0.5151703644843626,0.59921975607503,0.5151703644843626,0.5245152056109896,-0.37486599580083024,0.48502839593537134,-0.6667532637639718,0.4120875237371478,-0.14698213035866567,0.36338117862576214,-0.14698213035866567,-0.16212157367322366,0.8079285811639894,0.8143072679493732,0.8053785399901299,0.7260491840241152,0.3395923383887424,0.8109106713224407,0.8133320496700318,0.8109106713224407,0.7113570526471721,0.7113570526471721,-0.251620062537896,0.7206689513886123,0.25830869364370856,-0.6176564877276125,-0.6313181693086956,-0.6340051109626488,-0.13093255865791947,0.00475951380688446,0.3443334771521802,0.0469151514478386,-0.46353609162374587,0.08279220375146404,-0.8341385831095093,-0.1382198576060524,0.03663603593615869,0.03786472423291305,-0.6121441107692064,-0.6064396387215274,-0.07011075571610331,-0.6019599285317576,-0.8428631278439307,-0.3677426933741086,-0.19011134060618048,-0.3677426933741086,-0.2953054565944788,-0.3420533372828413,-0.3420533372828413,-0.834291487619588,-0.834291487619588,0.3449308029207318,0.5821948525372346,0.48032849699876395,0.788106296869209,0.7431024438009454,-0.35402043945393963,0.04612236958136893,0.7418719695687029,0.764026560264572,0.7418719695687029,-0.12731588231616353],[0.9868355978324523,0.9710682735454954,0.5624170276880591,0.9888604771091077,0.9949752828227949,0.9868355978324523,0.9972544403094358,1.0,1.0,0.9994884732159763,0.9451603888949578,0.9983901282879482,0.9980462241291699,-0.14775618674213967,0.9990371956902478,0.9745973861486946,0.9613859947419294,0.34317047295611824,0.9990871294719987,0.9990900201416734,0.9859171174817867,0.9991938396418928,0.3204239170618561,0.681757991068621,0.9920694327710204,0.9920694327710204,0.9827452709203089,0.9831045564577905,0.21818521706387925,-0.19748309269350986,0.9882835636878878,0.9917024013076781,0.15756742935976076,-0.25165419328281763,0.9981748487709052,0.9980898303983241,0.3460784968027588,-0.33292534538898844,0.996330537951761,0.9979490861618375,0.9706505307830651,0.3228735054985958,0.9252315624137641,0.9980052796754549,0.9252315624137641,0.9079625422305436,0.6038579992823347,0.9240202875648504,0.8929396153068194,0.6696777030591483,0.3988824709318193,-0.1033382588879372,-0.22269705596506453,0.9147737165267472,0.3715802245036195,0.9635142368176259,0.9561467614501943,-0.08554335968312342,0.8243821868255313,0.790077971100808,0.8456361101757789,0.7849045030662225,0.7552390317052423,0.7849045030662225,0.7554297040710943,0.7483041100750671,0.751244619343962,0.7483041100750671,0.8340440263502022,0.3015525343468289,0.5151703644843626,0.59921975607503,0.5151703644843626,0.5245152056109896,-0.37486599580083024,0.48502839593537134,-0.6667532637639718,0.4120875237371478,-0.14698213035866567,0.36338117862576214,-0.14698213035866567,-0.16212157367322366,0.8079285811639894,0.8143072679493732,0.8053785399901299,0.7260491840241152,0.3395923383887424,0.8109106713224407,0.8133320496700318,0.8109106713224407,0.7113570526471721,0.7113570526471721,-0.251620062537896,0.7206689513886123,0.25830869364370856,-0.6176564877276125,-0.6313181693086956,-0.6340051109626488,-0.13093255865791947,0.00475951380688446,0.3443334771521802,0.0469151514478386,-0.46353609162374587,0.08279220375146404,-0.8341385831095093,-0.1382198576060524,0.03663603593615869,0.03786472423291305,-0.6121441107692064,-0.6064396387215274,-0.07011075571610331,-0.6019599285317576,-0.8428631278439307,-0.3677426933741086,-0.19011134060618048,-0.3677426933741086,-0.2953054565944788,-0.3420533372828413,-0.3420533372828413,-0.834291487619588,-0.834291487619588,0.3449308029207318,0.5821948525372346,0.48032849699876395,0.788106296869209,0.7431024438009454,-0.35402043945393963,0.04612236958136893,0.7418719695687029,0.764026560264572,0.7418719695687029,-0.12731588231616353],[0.9918056066511338,0.9792069493735326,0.4818612695650568,0.9936761459745501,0.997055124776569,0.9918056066511338,0.999968498265411,0.9994884732159763,0.9994884732159763,1.0,0.9519956208695864,0.9995647730894338,0.9999698019668637,-0.30745774959279765,0.9999742443654565,0.9536936708726468,0.9345112106863519,0.25501934128170484,0.9997871162560736,0.9997876857604969,0.9886105289879178,0.9999666692608472,0.12495119703122752,0.643489930983805,0.9943735838123285,0.9943735838123285,0.994320723946197,0.9869355182025452,0.05283124631163966,-0.1221177532229718,0.9905733668610619,0.9905443088979492,-0.01511267613707703,-0.20440234141677366,0.9993314252891765,0.9992886704649436,0.7686006223626031,-0.5210269746962379,0.998679105200166,0.9993022877154307,0.9481343893244029,0.2317630573769132,0.9991756216394043,0.9991810118301591,0.9991756216394043,0.9104418752119077,0.6205634173902009,0.9234059263433464,0.8963919919582447,0.6955889125136512,0.007418322458355961,-0.5290443654377252,-0.18103075948712294,0.9192862105288562,0.3400672558346968,0.962766522639403,0.9619084189003009,0.8614687528877918,0.8396018931289647,0.8803859724404715,0.8566282736176594,0.8786156337178005,0.879330061899669,0.8786156337178005,0.7693287131099207,0.821900858684831,0.8235927949057755,0.821900858684831,0.8453441857201003,0.7404656600571351,0.8331810720582106,0.83460358163365,0.8331810720582106,0.5386511699033039,0.3621003448964136,0.501439848474691,-0.6829745725026011,0.4806956169028275,0.4449646792445145,0.4448930648469001,0.4449646792445145,-0.11217912295897794,0.8203452280767956,0.8322362669372995,0.8206474248757655,0.8716811997731364,0.27970732950532595,0.8281103552288102,0.8304089872721574,0.8281103552288102,0.835931076346292,0.835931076346292,-0.23714233524081232,0.6930206088201063,0.07310986842611535,-0.6209118849739831,-0.6577298220270605,-0.6586189657131105,-0.11897015526160751,0.01639323104921995,-0.1598728374714299,-0.11911121054408902,-0.497776317074879,-0.36224781189586297,-0.87609787849661,-0.5622411330441244,0.05235641838863508,0.053513773274641026,-0.6013526369680631,-0.6010817812917313,-0.5290782146185862,-0.5855927153284074,-0.8163396166076362,-0.5982276861443367,-0.6003435755336564,-0.5982276861443367,-0.2790534542750975,-0.3314777708648277,-0.3314777708648277,-0.7958411406888267,-0.7958411406888267,0.36824080151971667,0.5987902089314147,0.8216965474451294,0.801303929344961,0.7547865528079173,-0.36010500515264937,0.6394648075314331,0.7081822105087708,0.7083375731062559,0.7081822105087708,0.09466188231223625],[0.9736076781047147,0.9608033563658323,0.42502011506444226,0.9714590743461883,0.9615164284525023,0.9736076781047147,0.9532065595529395,0.9451603888949578,0.9451603888949578,0.9519956208695864,1.0,0.9281759457349453,0.9532318226759381,-0.24155402543349205,0.9528947841853299,0.8741068238991176,0.8506079807540705,0.05661171646973093,0.9585843321796675,0.9585617808680053,0.9533729050818935,0.9533641178973806,0.05421399798123607,0.6897125855835566,0.9551370590456641,0.9551370590456641,0.955343829189164,0.8397120042413536,0.15686548628633595,-0.10436274930869688,0.9615812662596533,0.9617112992196485,0.13564911712260366,0.06894254561570258,0.9628115770417216,0.96309700144059,0.8588625755113447,-0.44022375107092643,0.9392499386821034,0.9619581077807566,0.8756790344896753,0.034213764468200444,0.9641485735393885,0.9641125360887355,0.9641485735393885,0.7894389399703841,0.4164957825202626,0.7636813117980542,0.869182071995434,0.8335420233796276,-0.550265282305572,-0.6862167832931327,-0.29591087438931724,0.8716388480828591,0.05322229341651442,0.9058202182219014,0.9058716645164869,0.8649947236747842,0.8606041188709797,0.8894159508989676,0.8680650682118267,0.8815731360310467,0.882359692495118,0.8815731360310467,0.8108152136456148,0.7900025159046208,0.7920565316254231,0.7900025159046208,0.8606627365543293,0.8796977032738555,0.8588357814598576,0.8595892389777199,0.8588357814598576,0.6348075657844863,0.555100733732246,0.636228610861789,-0.3984250659265265,0.6579907312211323,0.6780615356599229,0.6809837992097586,0.6780615356599229,-0.27142868770139655,0.8653458594026485,0.9244826960171798,0.8826043768907109,0.8802490820117683,0.14943000273356097,0.8577230677717733,0.8590143232208284,0.8577230677717733,0.8688760813714054,0.8688760813714054,0.017243201908187986,0.316713816760433,-0.09492366489626919,-0.5340170231095374,-0.4068901060610878,-0.4088698379766662,0.042802526838503434,0.39606394897367464,0.08560606825586434,-0.05780553012443149,-0.3904068556708216,-0.01148111916851529,-0.8097543482852239,-0.17338904132100982,0.2857203776094804,0.28501587328266287,-0.3693039010134239,-0.4386682140534314,-0.3256230076951668,-0.3323236651456485,-0.6825583388659083,-0.34646103981912535,-0.3485238468629601,-0.34646103981912535,-0.07339775723308913,-0.36596169997283773,-0.36596169997283773,-0.539067829220339,-0.539067829220339,0.5625297939741194,0.6699583341114229,0.760489434931931,0.6738612291202597,0.8356599621436744,-0.4550906592895369,0.3867791867879553,0.5596849330348103,0.5599603834262339,0.5596849330348103,-0.2260738817789614],[0.983155969111924,0.9812662453723452,0.9966889238671733,0.987845516073194,0.9955940621505441,0.983155969111924,0.9996133550617906,0.9983901282879482,0.9983901282879482,0.9995647730894338,0.9281759457349453,1.0,0.999612015297576,0.9996083698747343,0.9995665464213126,0.842042256597252,0.8046710397605159,-0.40598007043361806,0.9997518858207649,0.9997556404258287,0.9996185974171075,0.9996185231550937,-0.24755030677161147,0.9642285996028657,0.9928843712401607,0.9928843712401607,0.9928601679470024,0.9898614905302349,0.05332946330624076,0.08982378486746938,0.9896886292009158,0.9897553958607183,0.9730966906690498,0.034708933897675535,0.9987805257610124,0.9987244379088139,0.9985483704290202,0.999275042437556,0.9992439209585536,0.9987863486403844,0.8225450295194454,-0.41594583648118894,0.9984865307334023,0.9984972417139647,0.9984865307334023,0.9041021003656802,0.47150234942384317,0.919335153039107,0.8943676198951611,0.696843126392428,-0.5228562958924999,-0.6509849705494639,0.7947015785468072,0.8107073097436903,-0.3034872422058388,0.9233759660729299,0.9235779814668074,0.86289378746479,0.8721701913857139,0.8408265889456468,0.843251401961427,0.849626387207251,0.8505156028006459,0.849626387207251,0.6854398175994197,0.6408116163411416,0.6434716948978998,0.6408116163411416,0.8725870653092835,0.8812182494605593,0.8713197345712641,0.8727180001505499,0.8713197345712641,0.33953908493073726,0.2691012850920006,0.39570202437243307,0.5190099604225095,0.39340170145856007,0.4387481899092736,0.44121286291016154,0.4387481899092736,-0.41037288495530067,0.7881289269038568,0.8365558076795732,0.8175875846000142,0.8713715231991249,-0.17833919301710804,0.7815102003033942,0.7820209018609801,0.7815102003033942,0.7952581849733773,0.7952581849733773,-0.29627988493315804,0.6844456591054197,-0.3971921799541897,-0.7148063742134594,-0.5462268186949994,-0.5485340401534035,-0.3754099981275596,0.16999492468724695,-0.2785293071647992,-0.46118918017591576,-0.6614257765175632,-0.35761064504613826,-0.6183614017206409,-0.4240090616591918,0.04348584734892325,0.040054200952246995,-0.5653577899008925,-0.5312882718895442,-0.5504996736095767,-0.5847359021299875,-0.5789162410629979,-0.5536582755641924,-0.5566512700871761,-0.5536582755641924,-0.43817593770821045,-0.6077214198335535,-0.6077214198335535,-0.6074169006156974,-0.6074169006156974,0.3634688935297167,0.3539401487724855,0.47208320146736366,0.5548503776180063,0.5486257136549485,-0.5559344509948291,0.2953256140048763,0.31178233629515595,0.3119391028178075,0.31178233629515595,0.2144448515944276],[0.9911710995210653,0.9794579781419681,0.5734968639284139,0.9927101797647524,0.9968814589605035,0.9911710995210653,0.9999962558487571,0.9980462241291699,0.9980462241291699,0.9999698019668637,0.9532318226759381,0.999612015297576,1.0,-0.13833437657949724,0.9999945159491644,0.9760685173491274,0.9683305525080685,0.3653189070163718,0.9998433971289973,0.9998437268050169,0.9888255202126475,0.9999970962852075,0.34758698473681826,0.6821966544376351,0.9899779887703994,0.9899779887703994,0.984963876999637,0.9870588680916996,0.23770768445367968,-0.18276271856298845,0.9920091052870933,0.9917789908474727,0.1778473856854187,-0.24491572842771972,0.9993067219384064,0.9994041216034277,0.36633004500055044,-0.3253552605305175,0.9987655851839071,0.9993322684571679,0.971629143293459,0.3455020421618048,0.9337741174327792,0.9990387259834942,0.9337741174327792,0.9106098259207841,0.619824970459691,0.9238652733258043,0.897109234536959,0.6963706694221552,0.4127395873637433,-0.08717946198829725,-0.20878561257867514,0.9240916782449403,0.3927422549158395,0.9684024071307514,0.9617781974624456,-0.07460215589895837,0.8385921272237977,0.8082674812440832,0.8556271685332227,0.801881259559198,0.7685008485068895,0.801881259559198,0.7698710727985033,0.7690933433540691,0.7657396509450239,0.7690933433540691,0.8438080343358495,0.3227763442899179,0.5377445548345506,0.6169512014016543,0.5377445548345506,0.539430982944111,-0.35916152275168456,0.5017856464011929,-0.6577293788349784,0.4215210936638316,-0.12360620616470049,0.38139495811409185,-0.12360620616470049,-0.15497429911063296,0.8196283871905503,0.8326055235312984,0.8205444400242279,0.7419382673191177,0.3572513262478659,0.8219865637056962,0.824155991219377,0.8219865637056962,0.7311889326317222,0.7311889326317222,-0.2349314004068715,0.6921156031647777,0.2505509161642939,-0.6076985032738537,-0.6173468257261634,-0.620218508716984,-0.1154039645329383,0.013192008253320729,0.3514574649261268,0.06665965796267143,-0.4500459824411104,0.09246087581601664,-0.8269863747151394,-0.13131303452168605,0.05319133509421516,0.054394233724357484,-0.5994632493979912,-0.6049376495689733,-0.06286827326632234,-0.5834870688360925,-0.8424388580136223,-0.3553680410615344,-0.18352758217913226,-0.3553680410615344,-0.2762700788812769,-0.3273163946820405,-0.3273163946820405,-0.8355322774771866,-0.8355322774771866,0.3681993953305929,0.6003680980428253,0.5001324451974346,0.8067634406194913,0.7566009087066485,-0.3307528572251321,0.06116050626503937,0.7617941693789486,0.7802324814616126,0.7617941693789486,-0.1450700522371687],[-0.12082946902948624,0.9794215509284215,0.5118346875416186,-0.12501227767345088,-0.33147113963589875,-0.12082946902948624,-0.13867835984269644,-0.14775618674213967,-0.14775618674213967,-0.30745774959279765,-0.24155402543349205,0.9996083698747343,-0.13833437657949724,1.0,-0.1377191839606373,-0.1457862664104835,-0.12289071649877328,-0.2951309024363216,-0.1391440998100341,-0.13916346512932345,-0.26067806516227054,-0.13877079164932002,0.0278293579825056,0.309843679608545,-0.17162340968284415,-0.17162340968284415,-0.17195273919013931,0.9870395968372077,0.25087571016102883,0.18682308619909224,-0.17613868561688967,-0.1767332101400607,0.5383625290585471,0.12170218601436558,-0.13672278818287756,-0.29390192659645126,0.17110182328111076,0.9581931989540764,0.9987639785406223,-0.324026016762546,-0.1436944551521854,-0.28510425016249674,-0.1370213103219143,-0.13752414632781498,-0.1370213103219143,0.910688524993574,-0.11611765424036544,0.9238408319059388,0.8970583818816462,0.6963575805038295,0.08502548819215154,0.25179714358318517,0.6448862216897939,-0.2588972586411888,-0.2976201159639207,-0.05877126964852983,-0.2914463465090142,0.036084391755912784,0.2961856508517752,-0.01158011203776696,-0.2874330083664992,-0.009287290324246716,0.0005499388573573156,-0.009287290324246716,-0.39045113384093205,-0.09680813242239902,-0.09853497101528616,-0.09680813242239902,-0.18659881696511446,0.07644689902678935,0.05400106331036993,0.05422628524499397,0.05400106331036993,-0.3984280150102052,0.006850645344146666,-0.3632229783879073,0.6193608047792262,-0.33129984069814583,0.009517975244514197,-0.05380742777348719,0.009517975244514197,-0.3074809541309996,-0.3214827525126526,0.8325750651460935,-0.09207771979074854,0.023435426136573425,-0.22274789613601556,-0.2464463989942652,-0.245336377009964,-0.2464463989942652,-0.017740682844146247,-0.017740682844146247,-0.2165254794162565,0.6920498644364421,-0.1615765583302092,-0.028723428145425684,0.19285086126063672,0.1916084646739889,-0.2534413956970274,-0.006209617693321525,0.019596633978799183,-0.1768587550289184,-0.11706091910600895,0.04008418027539938,0.37845162825885453,0.11085358993301436,-0.03729117826142568,-0.04104182498790837,0.0815466264131587,0.5668935050102694,0.08902554855005665,-0.20257024922671893,0.6070362459099,0.09221503112155892,0.10029663813850262,0.09221503112155892,-0.2406356745185764,-0.19902148912623296,-0.19902148912623296,0.3188963446258692,0.3188963446258692,0.36830360744269725,-0.2476542901636075,0.02096888829467938,0.09461803704828775,-0.24135015621866981,0.06855152999072783,0.15610856448859778,0.10749877842193344,0.10752424114228688,0.10749877842193344,0.12496323091989142],[0.9912342838784541,0.9792542602696439,0.5738113240231405,0.9927463345007387,0.9969124852497583,0.9912342838784541,0.999992664450975,0.9990371956902478,0.9990371956902478,0.9999742443654565,0.9528947841853299,0.9995665464213126,0.9999945159491644,-0.1377191839606373,1.0,0.9745676331645157,0.9627003847861133,0.3654244731981414,0.9998463703189823,0.9998466129304969,0.9889800481123888,0.999994533883109,0.34826684360225735,0.6820481002750318,0.9934286315583357,0.9934286315583357,0.9933196385262815,0.9869479590762134,0.2379924878160995,-0.18280373972542194,0.9927622919364822,0.9928126326152522,0.17863187495468588,-0.24474133151169053,0.9993560641558775,0.9994029464388551,0.3652855533162014,-0.32450507577479376,0.9987066667150742,0.9993352061772179,0.9714828504107594,0.3456324422730852,0.9332703375075994,0.9990937522461574,0.9332703375075994,0.910877907220845,0.6205435778079191,0.924196014624329,0.8974486035405275,0.6960660169572912,0.4141461511637532,-0.08557622487486918,-0.2089890309321675,0.9244802392968023,0.3930203757036053,0.9688164362247752,0.9621317019192627,-0.07562574848195902,0.8388830714310322,0.8081901747564776,0.8558879557252516,0.8018440076133868,0.7680928954880482,0.8018440076133868,0.7700741082417943,0.7690489478600668,0.7661524796527491,0.7690489478600668,0.8441579338740641,0.32209470898049997,0.5372347552473216,0.6169813214903266,0.5372347552473216,0.5392696904592899,-0.36033732670848634,0.5016965825927089,-0.6578808169718683,0.42113800777658017,-0.1246146248688602,0.38104906240071196,-0.1246146248688602,-0.1549179055524287,0.8197694361717138,0.8322466826653537,0.8206586398381084,0.7324657147037007,0.3576246097872791,0.8221128548243567,0.8242714661028581,0.8221128548243567,0.7309996717681579,0.7309996717681579,-0.2365226999142378,0.6929847820264924,0.2510579966210318,-0.6076951789768043,-0.6177280213817964,-0.6206047900662796,-0.11658358120415097,0.01194247937655941,0.351761196612288,0.06620101214390657,-0.45031862339134254,0.09253674704179829,-0.826115701203029,-0.13115615255838917,0.05216011218094828,0.05335990312345776,-0.6000994316076199,-0.6052107957915968,-0.06228523575020425,-0.5848198914594598,-0.8424261704152256,-0.35530501148341526,-0.18296670636170717,-0.35530501148341526,-0.2772686477792503,-0.3277999147557163,-0.3277999147557163,-0.835876614727692,-0.835876614727692,0.36835996455255726,0.6000326846323076,0.4995856588890144,0.807206656745916,0.7560278842728488,-0.3302788611835146,0.06048277049544886,0.7621926932782048,0.7808359438899791,0.7621926932782048,-0.14474629983540524],[0.9567950879355446,0.797567087831696,0.540258453294144,0.9581241120089957,0.9440692454542698,0.9567950879355446,0.9761166930349506,0.9745973861486946,0.9745973861486946,0.9536936708726468,0.8741068238991176,0.842042256597252,0.9760685173491274,-0.1457862664104835,0.9745676331645157,1.0,0.9969610500475999,0.3938883010404245,0.9712234952912702,0.9712291589347845,0.950329849731091,0.974408285569788,0.33973641132979954,0.6310813785820246,0.9672754270217958,0.9672754270217958,0.9577090343687177,0.654484783297947,0.21560283204787686,-0.18808844199365649,0.9735208462755222,0.9730797992368457,0.16487967661777644,-0.25698957486625496,0.9749849443136724,0.9573487303961289,0.3391540300980333,-0.322017391731107,0.8469480454873063,0.9517432838637174,0.9985135934537743,0.3747304600834498,0.9050589763885918,0.9748001689792201,0.9050589763885918,0.7592943387967184,0.611351084734581,0.5701021001024993,0.5433438388870766,0.5766074141752044,0.4145692254826484,-0.07391608494384587,-0.21115749910082765,0.8953942726414305,0.4037959845756266,0.9495071159753941,0.9242933184659806,-0.08889228355434198,0.7066284382595701,0.7738906907158783,0.7888601011359238,0.7665709153794091,0.7490155196302402,0.7665709153794091,0.6908997783301105,0.7409369443808232,0.7485230339227716,0.7409369443808232,0.7644366265294263,0.29804529698697835,0.5075129781950577,0.596314573232076,0.5075129781950577,0.4976024458558463,-0.3636012523165739,0.4549843837129583,-0.656331372974608,0.38099692449949774,-0.13241212569287542,0.35810881448264764,-0.13241212569287542,-0.1528210579890726,0.7539050909910576,0.6654328947661089,0.7112330930427453,0.7228855646613036,0.39272870967913