var element=document.getElementById("correlationClose");if(element.style.display!='none'){var correlationClose={"data":[{"type":"heatmap","z":[[1.0,0.9999896676511808,0.6875989627613491,0.9997452317900768,0.9981425312559332,1.0,0.9928009537148924,0.9895251315980531,0.9895251315980531,0.9933552550700595,0.9775183356582442,0.9873829711042633,0.9928351902198582,0.9932037579019536,0.9928804069484709,0.74502931837053,0.663472484855097,0.2603597083043475,0.9936278510957046,0.9936231099653979,0.9857806236707871,0.9928285706377893,0.3832504532666896,0.7572649472508449,0.9829668016406051,0.9829668016406051,0.982947850447044,0.9763255238255332,0.3027610738698541,-0.14297464726444192,0.9895344112894149,0.9894981103300388,0.2546471360388979,-0.2187503820310271,0.9948762617963087,0.995314642710955,0.8569795511582077,-0.3523158870404803,0.9907931422081212,0.995320965783634,0.7260399287460151,0.24085633581605098,0.9950004209968266,0.9949978236996162,0.9950004209968266,0.9016176988704706,0.6539284383845533,0.9219346850785094,0.9259484186705993,0.8423926808611727,0.3781859539369534,-0.18323498839169514,0.21759738837679654,0.9505462698589733,0.37214494107991036,0.9754302566413654,0.9718095763500432,0.9812936893569238,0.9897338085489259,0.9350968848214246,0.9435207491686134,0.9480040668047581,0.9352929914113552,0.9452932543023246,0.9459137102117775,0.9452932543023246,0.8934354827292526,0.9263609829115709,0.9272169366691335,0.9263609829115709,0.92905837593355,0.8028084941293554,0.9023675626413611,0.9035682517950905,0.9023675626413611,0.7223834626131698,0.40674499935951985,0.7103156665248997,-0.5379513103916059,0.6154729542296771,0.6315571020038778,0.6319836078758133,0.6315571020038778,-0.08981720399414765,0.9172587998839576,0.9470773870162017,0.932619823281298,0.9364701180004305,0.25426181827763394,0.9121393097452618,0.9127572842544762,0.9121393097452618,0.9161314599002708,0.9161314599002708,-0.0934002428850291,0.5984646858330535,0.14806869535640452,-0.6968640787119139,-0.5952197912711572,-0.5991611972572312,-0.14529289896665398,0.13947435577982858,0.19900890748126807,-0.00943362019612033,-0.5709621330203312,-0.029156329556964934,-0.7979902485328435,-0.29845209407537626,0.1667621319501232,0.16829075747558192,-0.5769648368291461,-0.5751484929388812,-0.2864213359281398,-0.5196075136416162,-0.8144462209996909,-0.4140999959104635,-0.40647504213956137,-0.4140999959104635,-0.23529425954881542,-0.3548335563649497,-0.3548335563649497,-0.8025629410983166,-0.8025629410983166,0.4189038548483889,0.6280665603268019,0.8511186621124142,0.8403294529412736,0.754244085767456,-0.34055672524018704,0.7465595827177732,0.7753231397326004,0.7755266650292457,0.7753231397326004,-0.17438121511739313],[0.9999896676511808,1.0,0.9819107889553779,0.9995138971071565,0.9960614240167351,0.9999896676511807,0.9853064720771028,0.9801662325844146,0.9801662325844146,0.9852171386655857,0.9732237869900893,0.9862494756880618,0.9853440032558297,0.9852927104218312,0.9851932713994871,0.09577270460792363,0.0034085836029819493,-0.45247294623062984,0.9885493837455197,0.9885450023419283,0.9853935208249565,0.9853964936817414,-0.1806963785355438,0.9802518365957152,0.9805742320757878,0.9805742320757878,0.9806050647821212,0.9765012662501699,0.07435754468008252,0.09923218323887412,0.9829599854663272,0.9830037064350441,0.7593693013647341,0.06568173969475335,0.9909052566414803,0.9909350577322359,0.9914345134213827,0.9863373675273613,0.9899283615000803,0.9909402301180654,0.04751991533877893,-0.4570191150271706,0.9915049554782146,0.9915024625800759,0.9915049554782146,0.9013517811423313,0.5004288288590476,0.9219800808012776,0.9258556882547385,0.8419096143181564,-0.2690872139099295,-0.4824297446324792,0.8476153772690576,0.8903970192556793,-0.25962741929013106,0.9416472882119036,0.9417803101455116,0.9619446574853839,0.9786923011558467,0.9547433803944522,0.9601780537669866,0.9460923400643703,0.9474744652856385,0.9493183484391826,0.9496608786817826,0.9493183484391826,0.8693850502091165,0.844569883432443,0.8459594387603199,0.844569883432443,0.956833784584375,0.9597115884136931,0.9567621478505062,0.9574702682754345,0.9567621478505062,0.6578442671273282,0.6108560001078397,0.6939751072790992,0.7607475976499747,0.6752925408494705,0.6973382746759099,0.6983849138127696,0.6973382746759099,-0.13275858222794537,0.923131592186651,0.9431161453927354,0.9363756530741831,0.9594340221231492,-0.3124946676565831,0.9198183155304926,0.9199585845826797,0.9198183155304926,0.9259205921739984,0.9259205921739984,-0.17837125505888593,0.5989490878909248,-0.37127919702752976,-0.7892461569615057,-0.462964382740026,-0.46693070860578917,-0.3898062585382859,0.2801601450335033,-0.26650066312763615,-0.5035088019998152,-0.742339174436015,-0.36218115770197884,-0.4752699210534751,-0.4261233264896176,0.13576380016390194,0.13318983119505656,-0.4896253562243597,-0.4568876818538559,-0.4852786218279178,-0.5168926892770087,-0.5089075150758934,-0.4877246759109378,-0.49100344450989103,-0.4877246759109378,-0.3738320566120043,-0.5430028554330841,-0.5430028554330841,-0.5101781187606785,-0.5101781187606785,0.41772705181781844,0.3638953829698792,0.4960197978075757,0.6090186230875905,0.5220642559338708,-0.4440691449306812,0.3783620587368988,0.30933347076732687,0.3095065553561016,0.30933347076732687,0.18885143365710932],[0.6875989627613491,0.9819107889553779,1.0,0.6847656675323888,0.6236978513147179,0.6875989627613491,0.6675192879817756,0.6603148401172781,0.6603148401172781,0.616958020838425,0.5822069086152862,0.9949775623553856,0.6675395634267455,0.6629364449483448,0.667678313936935,0.39772573668258554,0.36133141306467415,-0.22092657627293177,0.6319191993901725,0.6313180697331534,0.6000006027575981,0.6667213256844734,0.16650496897181616,0.8024233576215857,0.648116544419302,0.648116544419302,0.6478938031424327,0.9884069116071954,0.27984959621167216,0.09579145797739888,0.6251438693212502,0.6247805313873485,0.636993454301863,-0.0479470953957413,0.6631805646085925,0.6104127984586011,0.6275050577926587,0.29058309293550627,0.9933383410729372,0.6066969613991995,0.38288953576590046,-0.2303066918663992,0.6800316392742507,0.6612767976077382,0.6800316392742507,0.8986885366770526,0.41256194636191396,0.9364980302889535,0.9162224445121627,0.7481264875942136,0.22586787950693232,-0.07460991169944237,0.05203409754009431,0.5565929610479187,-0.0853409364366892,0.6087931795171302,0.5817281162956869,0.6014350799028608,0.565567924448753,0.017875346792969257,0.8112136435270759,0.7464970357099812,0.6679002656239529,0.752111716138041,0.7731079770134576,0.752111716138041,0.5654980142251559,0.6661345134057515,0.7137915053672138,0.6661345134057515,0.7200979875609026,0.6889349415009745,0.7404534875132157,0.7810174985727671,0.7404534875132157,0.45342306992768866,-0.08563675233766561,0.4688976692066951,0.0906621822323843,0.44412732472425454,0.26534168821346343,0.5111005730522469,0.26534168821346343,-0.14304300067351927,0.6438222753087544,0.8915440370768611,0.7093946209200621,0.7826015982450644,-0.07976384737127727,0.6793594582624715,0.6790942398186834,0.6793594582624715,0.7361015223565901,0.7361015223565901,-0.1939715303271775,0.705159614066462,-0.1812316739310459,-0.7137329626498443,-0.4498053358928892,-0.45384255288981495,-0.43281600398282444,0.11425907012875208,0.019534159395854775,-0.3482275212290097,-0.6939109301205278,-0.17810622090650838,-0.33388905018904214,-0.28413742112896334,0.05058270766613494,0.049108529761244336,-0.4973570122674838,-0.07628633305383618,-0.26842724840936194,-0.517763296589142,-0.21922024897459708,-0.4151194142047768,-0.29758230889574605,-0.4151194142047768,-0.42763853785700473,-0.5512462662981066,-0.5512462662981066,-0.31727726440595305,-0.31727726440595305,0.3662488799095019,0.2063359172945166,0.293307933346461,0.5296856271110726,0.2984535953857389,-0.3933993014025943,-0.007128417369905099,0.46070921170624274,0.5595557827134037,0.46070921170624274,0.0013309561817382207],[0.9997452317900768,0.9995138971071565,0.6847656675323888,1.0,0.9989762037399038,0.9997452317900767,0.9939557971226785,0.991111920538048,0.991111920538048,0.9947176997368419,0.9757936076538171,0.9904175865789988,0.9939803850189344,0.9946218070959293,0.9940032087894396,0.7442045783769438,0.6622211382795956,0.24598395332548212,0.9946066608952485,0.9946048554026964,0.9858468055800722,0.993967581584738,0.3747364728095529,0.7614298996009092,0.9853348850996346,0.9853348850996346,0.9853152506290425,0.9820030980941417,0.2984953233302009,-0.1489410831098024,0.9888257585843918,0.9887971922774628,0.24679942008692277,-0.2190694202830957,0.9953397820879154,0.9959759644716657,0.825451891049914,-0.3565281939357919,0.9929782934733461,0.9961925462376519,0.7245811753790947,0.22620874826897958,0.9934675332833257,0.9953777826541422,0.9934675332833257,0.8995249351502661,0.6422009165107728,0.9250511182826319,0.9230883641294783,0.8269299048982344,0.37357189080696074,-0.18782490139471528,0.21261360673599491,0.9454906560575632,0.3568514458941673,0.9711424069401741,0.9690786585268459,0.9792378962909037,0.9895676417556484,0.9174605589638911,0.9384297061232881,0.9373870282460796,0.9322131693097037,0.9313993833740856,0.9322168532559219,0.9313993833740856,0.8870237404660437,0.9163665264998688,0.9172943072794973,0.9163665264998688,0.9264054465132716,0.752218742995852,0.8697308781145645,0.8709469832667567,0.8697308781145645,0.7158634604649429,0.16597703426886973,0.7023436061399145,-0.5425281017759213,0.6115872461516768,0.36799948122364473,0.6045387820027871,0.36799948122364473,-0.0956289573655567,0.9132105205896008,0.9414969011080533,0.9266500174640908,0.9169964650556645,0.2405295141699111,0.908739183766032,0.9094738743122384,0.908739183766032,0.900232426783919,0.900232426783919,-0.09772526572584268,0.6165257430891589,0.15299446245385595,-0.7057183907316785,-0.6014480302614867,-0.6053093977411128,-0.15647380039261102,0.13538770529853397,0.1927325304913592,-0.021832847514241572,-0.5817532721542376,-0.03478976891392369,-0.8030303511657944,-0.30554428885639845,0.15762264142243898,0.1592057219592181,-0.5829586372933981,-0.5717925855977292,-0.2869357033177374,-0.5289474854287477,-0.8155316666730349,-0.4148933809547435,-0.4078171444335647,-0.4148933809547435,-0.24290988699123875,-0.3634338581076191,-0.3634338581076191,-0.8018316289127676,-0.8018316289127676,0.41021497239898236,0.6173812601132715,0.8433812323128913,0.8328812505427093,0.7473994021305457,-0.35242448456652664,0.7378155653728437,0.7666523105211644,0.7668566982412117,0.7666523105211644,-0.15980103862502754],[0.9981425312559332,0.9960614240167351,0.6236978513147179,0.9989762037399038,1.0,0.9981425312559332,0.9972835254012711,0.995968907749157,0.995968907749157,0.9974973225805548,0.9693618552253328,0.996465676604871,0.9973006437477158,0.9973730977889461,0.9973228531986552,0.6415738131960032,0.5338344426752089,0.03935390052285444,0.9976933271917888,0.9976958242318589,0.9880401646247516,0.9972914665822734,0.016946524854244437,0.7458326841888497,0.9927936787434329,0.9927936787434329,0.992755409948177,0.9906839656854346,0.0731421240928603,-0.13279232058270884,0.9874882409175496,0.9874208266823641,-0.0463138217469318,-0.12400242506520713,0.9977655796522039,0.9976912427343821,0.8194613456174293,-0.47244100434229497,0.997612750735542,0.9980217386723687,0.6093475594536563,0.015237016410763006,0.9977088890316138,0.9977162518218227,0.9977088890316138,0.9123128241601266,0.6084770752843904,0.9350246123022334,0.9230874548514306,0.8051029549970679,-0.07235257373400725,-0.5871398409445313,-0.16572486975027526,0.9361177455578233,0.21149724081063284,0.9681965325471065,0.9682306153767725,0.9821038889283248,0.9901565858349619,0.9166967846141101,0.9220311771655652,0.9280704165979732,0.9208388737788343,0.9264561145602439,0.9268164781239916,0.9264561145602439,0.8652197199102981,0.8783833450141829,0.8794226824411809,0.8783833450141829,0.916285076747364,0.8384071682263833,0.8983735796463541,0.8990915027016393,0.8983735796463541,0.6801578160475314,0.5758935353424742,0.6711883175594604,-0.5512124029680336,0.6603222818383773,0.6419890359262206,0.641402620059748,0.6419890359262206,-0.10719677707452298,0.8975427634537431,0.9205595836772521,0.9069421019280381,0.9241293956382366,0.08593567383441321,0.8965585114400515,0.8974602549405694,0.8965585114400515,0.9017564061831259,0.9017564061831259,-0.13482007075425606,0.6610249274368679,0.007549369931544302,-0.7324670444231975,-0.6455299901667509,-0.646663122716803,-0.1854907072187569,0.1587547518111765,-0.1931437791449838,-0.2645433781933431,-0.6459990491328257,-0.3874925402394464,-0.8441658016103525,-0.5728187203069279,0.12891623898406285,0.13035710033360495,-0.6069798428010307,-0.5669009457284767,-0.5532346135193711,-0.5648683119156466,-0.7712165822832155,-0.6029623680795283,-0.6058567724937269,-0.6029623680795283,-0.27843499848557735,-0.3941412628950008,-0.3941412628950008,-0.7409851747430607,-0.7409851747430607,0.39891014469443625,0.6017610031320186,0.8008925179008959,0.7958517047197059,0.7396053578604357,-0.47432680203348465,0.6086809840931541,0.6620838171145064,0.6623084990071402,0.6620838171145064,0.06777824272775315],[1.0,0.9999896676511807,0.6875989627613491,0.9997452317900767,0.9981425312559332,1.0,0.9928009537148924,0.9895251315980531,0.9895251315980531,0.9933552550700595,0.9775183356582442,0.9873829711042633,0.9928351902198582,0.9932037579019536,0.9928804069484709,0.74502931837053,0.663472484855097,0.2603597083043475,0.9936278510957046,0.9936231099653979,0.9857806236707871,0.9928285706377893,0.3832504532666896,0.7572649472508449,0.9829668016406051,0.9829668016406051,0.982947850447044,0.9763255238255332,0.3027610738698541,-0.14297464726444192,0.9895344112894149,0.9894981103300388,0.2546471360388979,-0.2187503820310271,0.9948762617963087,0.995314642710955,0.8569795511582077,-0.3523158870404803,0.9907931422081212,0.995320965783634,0.7260399287460151,0.24085633581605098,0.9950004209968266,0.9949978236996162,0.9950004209968266,0.9016176988704706,0.6539284383845533,0.9219346850785094,0.9259484186705993,0.8423926808611727,0.3781859539369534,-0.18323498839169514,0.21759738837679654,0.9505462698589733,0.37214494107991036,0.9754302566413654,0.9718095763500432,0.9812936893569238,0.9897338085489259,0.9350968848214246,0.9435207491686134,0.9480040668047581,0.9352929914113552,0.9452932543023246,0.9459137102117775,0.9452932543023246,0.8934354827292526,0.9263609829115709,0.9272169366691335,0.9263609829115709,0.92905837593355,0.8028084941293554,0.9023675626413611,0.9035682517950905,0.9023675626413611,0.7223834626131698,0.40674499935951985,0.7103156665248997,-0.5379513103916059,0.6154729542296771,0.6315571020038778,0.6319836078758133,0.6315571020038778,-0.08981720399414765,0.9172587998839576,0.9470773870162017,0.932619823281298,0.9364701180004305,0.25426181827763394,0.9121393097452618,0.9127572842544762,0.9121393097452618,0.9161314599002708,0.9161314599002708,-0.0934002428850291,0.5984646858330535,0.14806869535640452,-0.6968640787119139,-0.5952197912711572,-0.5991611972572312,-0.14529289896665398,0.13947435577982858,0.19900890748126807,-0.00943362019612033,-0.5709621330203312,-0.029156329556964934,-0.7979902485328435,-0.29845209407537626,0.1667621319501232,0.16829075747558192,-0.5769648368291461,-0.5751484929388812,-0.2864213359281398,-0.5196075136416162,-0.8144462209996909,-0.4140999959104635,-0.40647504213956137,-0.4140999959104635,-0.23529425954881542,-0.3548335563649497,-0.3548335563649497,-0.8025629410983166,-0.8025629410983166,0.4189038548483889,0.6280665603268019,0.8511186621124142,0.8403294529412736,0.754244085767456,-0.34055672524018704,0.7465595827177732,0.7753231397326004,0.7755266650292457,0.7753231397326004,-0.17438121511739313],[0.9928009537148924,0.9853064720771028,0.6675192879817756,0.9939557971226785,0.9972835254012711,0.9928009537148924,1.0,0.99765074743477,0.99765074743477,0.9999720780793678,0.9641719659650584,0.9997043991299038,0.9999967830320539,0.9999878000186542,0.9999937764607972,0.8297500818979142,0.8152275965443473,0.21551031226016484,0.9998699331973141,0.9998703217340351,0.9904956907435069,0.9999969425237736,0.2975164578940033,0.7569606217236496,0.9865908125738241,0.9865908125738241,0.9877821917992594,0.9922724220476341,0.23303154329979847,-0.19850027864138697,0.9916857434246877,0.9917160162955079,0.15916373059934083,-0.26140182177373666,0.9993773837671477,0.9994949558321947,0.46414323666762647,-0.301108336920397,0.9991409466648422,0.9994658546916872,0.8085015634947823,0.19445043770450415,0.9466307559660865,0.9991413637891678,0.9466307559660865,0.9206707306144252,0.6169119147123497,0.9440545219384059,0.9235018025479035,0.7728949413506726,0.41477949584477286,-0.12538541544920326,-0.1843947633874296,0.9344266125646801,0.328382753069555,0.9692423456408722,0.9657099071153016,0.9803154197077598,0.9956442148531709,-0.006341495538509041,0.8855972452479478,0.8483139345295249,0.8898538132486605,0.8433554034281133,0.8086727112078397,0.8433554034281133,0.8306311238548084,0.8143752802804415,0.8033831132128824,0.8143752802804415,0.8843369008433606,0.4293652916525476,0.6245217890216281,0.6784692368560533,0.6245217890216281,0.6492173648385794,-0.333014173594677,0.6253002862193215,-0.6084361076659893,0.545471244063817,-0.07213981094318771,0.4761694784345871,-0.07213981094318771,-0.1361130809150515,0.8633684023233821,0.8852100343437488,0.8715714588337801,0.7842572795855715,0.20875943842464495,0.8620378987978665,0.8631457128036746,0.8620378987978665,0.7884065363636479,0.7884065363636479,-0.1700033180095199,0.7014634833516886,0.22709667375504838,-0.7088767269628027,-0.6397419267136116,-0.643155818763011,-0.19499047359490695,0.08695369592495351,0.31432494957201024,-0.047547340570436636,-0.5905092653558425,0.03149996806046603,-0.8295550819110151,-0.2015276708083616,0.09561224619991299,0.09721143295951808,-0.623398593583866,-0.5846960220873946,-0.12132554412210587,-0.5982497514433335,-0.8312353007307727,-0.40542777156244025,-0.2414006005911968,-0.40542777156244025,-0.30761630118357497,-0.4010092227094829,-0.4010092227094829,-0.823250199262179,-0.823250199262179,0.39842991481330403,0.5879979049437483,0.5127088610147762,0.8049966644594055,0.7370958277409466,-0.3985850682321121,0.07321060625076878,0.7448592573444421,0.7638215003329487,0.7448592573444421,-0.09811449996780079],[0.9895251315980531,0.9801662325844146,0.6603148401172781,0.991111920538048,0.995968907749157,0.9895251315980531,0.99765074743477,1.0,1.0,0.9995972379689737,0.95809565251596,0.9988420373865439,0.9983681957707292,0.9994410445634734,0.9992085114548559,0.8264917683225851,0.8028942789494187,0.19396970687036633,0.9992377474295986,0.9992400933161122,0.9880238113959809,0.9993347343884422,0.2725973957289205,0.7587761130259237,0.9932612891368312,0.9932612891368312,0.9860811171960348,0.9899208780605868,0.21576739564869263,-0.21138110611621974,0.9880514521697222,0.9914728216445418,0.14090841077418045,-0.2672655938513144,0.998399760497998,0.9984023911006884,0.4481000499213412,-0.30706768231291265,0.9974585228155756,0.9983673079271613,0.8053811180991394,0.1725538730005912,0.9399181524644872,0.9982309869498012,0.9399181524644872,0.9186239244217184,0.6024898611101617,0.9448010118976056,0.9221435944463856,0.7544829187791999,0.4023784128883504,-0.13964692014676522,-0.19601976842977284,0.9267188886627687,0.30849669214095365,0.9648333534264251,0.9609659548013489,0.9756565335150621,0.9946113948295934,-0.014997939388398676,0.877207408421126,0.8353064941856093,0.8834545184777314,0.8313997805354718,0.7980467569653448,0.8313997805354718,0.8209604803452845,0.798872940219271,0.79167111219027,0.798872940219271,0.8781073732722543,0.4126802630702691,0.6072775365464053,0.6641781959365116,0.6072775365464053,0.6392853811832921,-0.3463124519094232,0.6138180961420763,-0.6145808400352893,0.5396194200651169,-0.09227911242215558,0.46216318287733604,-0.09227911242215558,-0.14197827805364224,0.8559858275748597,0.8749699410272693,0.8622772513440621,0.7712931489856582,0.19117097067411662,0.8552131047332112,0.8564804020653155,0.8552131047332112,0.774217767533957,0.774217767533957,-0.18352344221582276,0.7221062067460605,0.2333536552667304,-0.7178207360610268,-0.6512447186386822,-0.6544915326483787,-0.2089316319882596,0.08032406031645135,0.3072370269535522,-0.06620884818189443,-0.6024149418932236,0.02225117967719406,-0.834527044327971,-0.20802296356488537,0.08156021244917434,0.08318534921247694,-0.6338670307289231,-0.5852975813365909,-0.12810134360325673,-0.6131148474393177,-0.8302031154200745,-0.4162426796434741,-0.2475073154819731,-0.4162426796434741,-0.32358662535811666,-0.4136020912137622,-0.4136020912137622,-0.8207231567329113,-0.8207231567329113,0.38163134001942167,0.5722068630058812,0.49503374627606955,0.7880523016297692,0.7251663717610736,-0.4186233245407395,0.06007276489411372,0.7264397399527084,0.7485203863345876,0.7264397399527084,-0.08131535428472711],[0.9895251315980531,0.9801662325844146,0.6603148401172781,0.991111920538048,0.995968907749157,0.9895251315980531,0.99765074743477,1.0,1.0,0.9995972379689737,0.95809565251596,0.9988420373865439,0.9983681957707292,0.9994410445634734,0.9992085114548559,0.8264917683225851,0.8028942789494187,0.19396970687036633,0.9992377474295986,0.9992400933161122,0.9880238113959809,0.9993347343884422,0.2725973957289205,0.7587761130259237,0.9932612891368312,0.9932612891368312,0.9860811171960348,0.9899208780605868,0.21576739564869263,-0.21138110611621974,0.9880514521697222,0.9914728216445418,0.14090841077418045,-0.2672655938513144,0.998399760497998,0.9984023911006884,0.4481000499213412,-0.30706768231291265,0.9974585228155756,0.9983673079271613,0.8053811180991394,0.1725538730005912,0.9399181524644872,0.9982309869498012,0.9399181524644872,0.9186239244217184,0.6024898611101617,0.9448010118976056,0.9221435944463856,0.7544829187791999,0.4023784128883504,-0.13964692014676522,-0.19601976842977284,0.9267188886627687,0.30849669214095365,0.9648333534264251,0.9609659548013489,0.9756565335150621,0.9946113948295934,-0.014997939388398676,0.877207408421126,0.8353064941856093,0.8834545184777314,0.8313997805354718,0.7980467569653448,0.8313997805354718,0.8209604803452845,0.798872940219271,0.79167111219027,0.798872940219271,0.8781073732722543,0.4126802630702691,0.6072775365464053,0.6641781959365116,0.6072775365464053,0.6392853811832921,-0.3463124519094232,0.6138180961420763,-0.6145808400352893,0.5396194200651169,-0.09227911242215558,0.46216318287733604,-0.09227911242215558,-0.14197827805364224,0.8559858275748597,0.8749699410272693,0.8622772513440621,0.7712931489856582,0.19117097067411662,0.8552131047332112,0.8564804020653155,0.8552131047332112,0.774217767533957,0.774217767533957,-0.18352344221582276,0.7221062067460605,0.2333536552667304,-0.7178207360610268,-0.6512447186386822,-0.6544915326483787,-0.2089316319882596,0.08032406031645135,0.3072370269535522,-0.06620884818189443,-0.6024149418932236,0.02225117967719406,-0.834527044327971,-0.20802296356488537,0.08156021244917434,0.08318534921247694,-0.6338670307289231,-0.5852975813365909,-0.12810134360325673,-0.6131148474393177,-0.8302031154200745,-0.4162426796434741,-0.2475073154819731,-0.4162426796434741,-0.32358662535811666,-0.4136020912137622,-0.4136020912137622,-0.8207231567329113,-0.8207231567329113,0.38163134001942167,0.5722068630058812,0.49503374627606955,0.7880523016297692,0.7251663717610736,-0.4186233245407395,0.06007276489411372,0.7264397399527084,0.7485203863345876,0.7264397399527084,-0.08131535428472711],[0.9933552550700595,0.9852171386655857,0.616958020838425,0.9947176997368419,0.9974973225805548,0.9933552550700595,0.9999720780793678,0.9995972379689737,0.9995972379689737,1.0,0.9632168986997254,0.9996691973475357,0.9999730944377769,0.9999722241091441,0.9999761393954121,0.6866353573263293,0.5827508695243359,0.09587099452694106,0.999827358523345,0.9998282166407331,0.9904063797597382,0.9999706053336254,0.07215402850934866,0.7359654739333262,0.9955871565717864,0.9955871565717864,0.9955466544723065,0.9921632214573758,0.061034772330767914,-0.14136872680457152,0.991019966758022,0.9909804782257166,-0.025390801447786923,-0.22273256170957706,0.9994304041072112,0.9993897737882255,0.8233097614746003,-0.47173872576771697,0.9990812042828862,0.9994384427274674,0.6561018867413337,0.07199131232910562,0.999302934965438,0.9993082152319996,0.999302934965438,0.920389860657811,0.6173255262096036,0.943911751284806,0.9232472386810537,0.7724772916331127,0.025648341765377256,-0.5418725352372199,-0.1239276986645556,0.9308682221750566,0.27360398071850384,0.9661400975964143,0.9657159291271878,0.9824148125387887,0.9949536628029455,0.8925682210855832,0.8865368977172013,0.9050353552665471,0.8909691745010491,0.9033839180659672,0.9039117402262615,0.9033839180659672,0.8304861027221149,0.8602944672130916,0.8615722350805146,0.8602944672130916,0.8857922447683816,0.8039306509553347,0.8717132209546967,0.8727553042888329,0.8717132209546967,0.6492067507138034,0.5085813750652017,0.624962451704978,-0.6085848911712937,0.5970773050626312,0.5673024248433823,0.5672256104746041,0.5673024248433823,-0.09070490499096036,0.8643017870391838,0.8853064458613226,0.8721442692241047,0.9006484143404246,0.12332790697797985,0.867235004577675,0.8688705034898959,0.867235004577675,0.8725769095495899,0.8725769095495899,-0.171552107800654,0.7021184020303112,0.035121368510685556,-0.7204649431719665,-0.6726624172326446,-0.6740430851279364,-0.1984590951429711,0.09037384874258307,-0.19758023800804184,-0.23036810293757928,-0.6282546655596237,-0.4138003635425016,-0.8639235923259095,-0.6061593518124845,0.09482858356167524,0.09672556239323914,-0.6248370302739887,-0.5807625528703202,-0.5633492607833631,-0.5997411712164569,-0.7972171871669207,-0.6259727029265777,-0.6283148600568166,-0.6259727029265777,-0.3092956690403059,-0.40408896914153697,-0.40408896914153697,-0.7778135921602407,-0.7778135921602407,0.3978925521281591,0.5862342950229954,0.8120745648275081,0.8068905534998776,0.7350820910601104,-0.42514479970245683,0.6403266760227598,0.6878026109897524,0.6879832310011683,0.6878026109897524,0.13850114488640775],[0.9775183356582442,0.9732237869900893,0.5822069086152862,0.9757936076538171,0.9693618552253328,0.9775183356582442,0.9641719659650584,0.95809565251596,0.95809565251596,0.9632168986997254,1.0,0.9507235259606802,0.9641910290780025,0.9642201938982482,0.9639367678012624,0.4644635929805624,0.3540325769395374,-0.13210912380395679,0.9681886467894227,0.9681689928925857,0.9642923617082855,0.9642841814042362,-0.015328853349908158,0.7729102819210599,0.9656533886752037,0.9656533886752037,0.965813683333641,0.9061687608330184,0.15294636351775864,-0.12845039025529176,0.9705431228314249,0.9706400653250478,0.12149292664225672,0.01255294002941081,0.9714563840520108,0.971683266046843,0.8937979378154869,-0.354739896798442,0.9581786995325029,0.9707222130155222,0.42772234249963587,-0.15225919742941102,0.9724605741514533,0.9724307766327963,0.9724605741514533,0.8340617996237107,0.4213580931767271,0.850899173727405,0.9091884949019543,0.8698918023217964,-0.4910077367343192,-0.6743464503922186,-0.2048999271439184,0.898976414923219,-0.03516934236845346,0.925685447746987,0.9257436242142403,0.9420271416160485,0.9689486304648443,0.8936190239244777,0.8953082280923889,0.9072126705163429,0.8965726623461252,0.9006999714971051,0.9011840495185396,0.9006999714971051,0.8553902234196435,0.8345206507630305,0.8358709498323256,0.8345206507630305,0.8924451170757005,0.9056123468451238,0.8904967650349153,0.8909690549115237,0.8904967650349153,0.7255612189831627,0.6632398960861984,0.726380612612396,-0.2747179935747423,0.7400619500254003,0.754635547378498,0.7567864979089817,0.754635547378498,-0.24852026423730117,0.8928971346949447,0.9403051989159682,0.906016870846336,0.905323312044557,-0.032667022185194614,0.887176010059703,0.8879475150162912,0.887176010059703,0.8942886102510113,0.8942886102510113,0.039666493378016206,0.4257507283470433,-0.13573147688672754,-0.6613931594494906,-0.4428049183387334,-0.4453567857785912,-0.06911345920634675,0.43090188441570076,0.01299008527829777,-0.19512277459928412,-0.5528438682330112,-0.10972746912689102,-0.7927225728211477,-0.274576126456004,0.29672843087581197,0.2968318919060402,-0.4144436347109863,-0.43243195017605207,-0.3803896818265823,-0.3916165202695266,-0.6591489710200862,-0.39988219380828927,-0.40223554591094157,-0.39988219380828927,-0.13498760917192767,-0.4449446346961762,-0.4449446346961762,-0.5421762204404945,-0.5421762204404945,0.5352543170080148,0.6460409122347663,0.7511147505603483,0.6998754609764393,0.8102936280488098,-0.5121883671577907,0.40915538384886896,0.5321577939189065,0.5324849791476245,0.5321577939189065,-0.13476699568443562],[0.9873829711042633,0.9862494756880618,0.9949775623553856,0.9904175865789988,0.996465676604871,0.9873829711042633,0.9997043991299038,0.9988420373865439,0.9988420373865439,0.9996691973475357,0.9507235259606802,1.0,0.9997039930683383,0.9997014189280623,0.9996758253649972,0.20671719214544154,0.10427804436247293,-0.5271646774708647,0.9998154024112995,0.9998172719005373,0.9997071746241297,0.9997061546106675,-0.2725520401959787,0.9740354989628751,0.9950975291346841,0.9950975291346841,0.9950791725580534,0.993997919777856,0.06698540632714357,0.06041168447847944,0.9922898006851932,0.992336402673122,0.8063701995588863,-0.019023855356675536,0.9991204751462289,0.9990803946861688,0.9989664831391938,0.9994331934976903,0.9994725710217114,0.9991578319456224,0.15189472678841912,-0.5348947738177308,0.9989182580608895,0.998924954743935,0.9989182580608895,0.9151333351668,0.4581493957184364,0.9397459235311755,0.9196864644131965,0.7726012304097784,-0.39058321755075515,-0.5958946116989441,0.8278931952260845,0.856787363795525,-0.3467912709442109,0.9371925207885664,0.9373881939629177,0.9711177643387973,0.9940196967934951,0.9053677107491573,0.9108883035286804,0.8888519184490166,0.8928350902395418,0.8936288890525896,0.8941029781661723,0.8936288890525896,0.7903609996125917,0.7598770095210524,0.7616011580961691,0.7598770095210524,0.9122801314563346,0.917763961606246,0.9111100542277172,0.9119946593622905,0.9111100542277172,0.5554167652150899,0.4992737580945876,0.5906985358134944,0.6737851772488918,0.5794783222121834,0.6069660833726775,0.6090816700245639,0.6069660833726775,-0.3078203105082727,0.8573608395036219,0.8873307742700383,0.8762998894909381,0.9118873183398841,-0.3367440618212858,0.8530706088010107,0.8532706436484944,0.8530706088010107,0.8614365355874685,0.8614365355874685,-0.22322412306967118,0.6957738190439029,-0.3928531160357905,-0.8059671151659228,-0.536050057138554,-0.5390602998338028,-0.43180475827021136,0.23354036189550892,-0.30554659370366455,-0.5359691424455926,-0.7647811229570931,-0.40594123254624087,-0.5911442833911209,-0.48004641482548577,0.08627107323545308,0.08417154902272642,-0.5584735775306681,-0.531052167911884,-0.5521808355311533,-0.5881389577097201,-0.5815131788204139,-0.5556844258371686,-0.5587856742541877,-0.5556844258371686,-0.44162730090115077,-0.6316422937986478,-0.6316422937986478,-0.6230628768957402,-0.6230628768957402,0.39404099383483865,0.3365342899008482,0.4744393362127121,0.5830553690053288,0.5242022697560844,-0.5761986589761762,0.3190683645261467,0.2835290485049752,0.2837499317649777,0.2835290485049752,0.2644599686310283],[0.9928351902198582,0.9853440032558297,0.6675395634267455,0.9939803850189344,0.9973006437477158,0.9928351902198582,0.9999967830320539,0.9983681957707292,0.9983681957707292,0.9999730944377769,0.9641910290780025,0.9997039930683383,1.0,0.9999911200483137,0.9999953608567376,0.8297324325840276,0.8029991665498453,0.21555499981503293,0.9998711824215668,0.9998715178361827,0.9905266877020535,0.9999975064076998,0.29780590852089,0.7570188477095602,0.9914935150003114,0.9914935150003114,0.9877742237220607,0.9922617986336636,0.2332720572154054,-0.19845172392152605,0.9917313629364112,0.9917243704187874,0.1593787872329577,-0.2613708399859541,0.9993788192771543,0.9994976533482639,0.4641220120445344,-0.30090878549652794,0.9991422954171497,0.9994724805902521,0.8084719104089196,0.1945010149282181,0.9466180313409317,0.99914324700024,0.9466180313409317,0.9206738272827902,0.617036872203762,0.9441617794016192,0.9235985311775557,0.7729828210131375,0.4151353366856745,-0.12497468722624118,-0.18405354084666933,0.9344860795020006,0.32843849336281294,0.9693209067952254,0.9657571533637667,0.9803913869386236,0.9956566540005837,-0.006163187187122429,0.8857211573441433,0.8483968483049447,0.8899594997872705,0.8434369904909746,0.8086243100039505,0.8434369904909746,0.8307223839947719,0.8144242104418807,0.8033303827347693,0.8144242104418807,0.8844695303048081,0.4292579331878536,0.6245270733062124,0.6783943005317139,0.6245270733062124,0.6491928873434614,-0.33303112198772356,0.625294108653199,-0.6083369998504333,0.5453954725659101,-0.07225805422348083,0.4762033515791053,-0.07225805422348083,-0.1362491617186618,0.8634435395837484,0.8853221317011754,0.8716598581242744,0.7842524483357965,0.20880780824103434,0.8621160452182809,0.8632203303005164,0.8621160452182809,0.7884671603730561,0.7884671603730561,-0.16993975862970506,0.7014785412976449,0.2272034189354945,-0.7089146812522863,-0.6396605059730597,-0.6430792732524734,-0.19506868950611958,0.08684664797550397,0.3144817998742829,-0.047539021066820626,-0.5905676764749787,0.031739092623553726,-0.829316927757293,-0.20126128296830603,0.0956831483866054,0.09729607458893355,-0.6233793126402816,-0.5845015297830886,-0.12109992284958962,-0.5982098100022671,-0.8311356627905259,-0.4052236965215371,-0.24121463960676276,-0.4052236965215371,-0.3074613718487967,-0.4009783780919609,-0.4009783780919609,-0.8231988469966736,-0.8231988469966736,0.39888952165847796,0.588112329561064,0.5129353337113993,0.8052276415882439,0.7371485131878318,-0.39839581896862464,0.07347342927160808,0.7450899008013462,0.7639258481205409,0.7450899008013462,-0.09814255154135149],[0.9932037579019536,0.9852927104218312,0.6629364449483448,0.9946218070959293,0.9973730977889461,0.9932037579019536,0.9999878000186542,0.9994410445634734,0.9994410445634734,0.9999722241091441,0.9642201938982482,0.9997014189280623,0.9999911200483137,1.0,0.9999886981554742,0.7527495271250694,0.6660323501170994,0.2172450990150056,0.9998936000472484,0.9998942698079073,0.9905191622388706,0.9999885814797091,0.29800093469311645,0.7536061481122718,0.9943605848603082,0.9943605848603082,0.9943279135555617,0.9922089053471139,0.22687772042065654,-0.1988014213506491,0.9921389483805477,0.992144090255142,0.18158668296559577,-0.26072547392127826,0.9995491767296522,0.9994976927606559,0.8577698420619542,-0.38863747461630316,0.9991396507363991,0.9994766285680027,0.7295911950039558,0.196220175685993,0.999447881402253,0.9994524960726413,0.999447881402253,0.9205598130759678,0.6171436002286116,0.9440259041615784,0.9234367324602613,0.7726687046141116,0.2959234400208999,-0.29370529824833264,0.1189303738374759,0.9343827321848108,0.3289500595220808,0.9666576307781215,0.9657792035306451,0.9790583832648329,0.9958879546877315,0.8990009638867259,0.885105791673756,0.9100759538087446,0.889972952738121,0.9089136412392309,0.9096659108797616,0.9089136412392309,0.8300922178148609,0.8788001884175937,0.8800760162055232,0.8788001884175937,0.8843770710957576,0.7872782116888326,0.8760944571354532,0.8775151139033703,0.8760944571354532,0.648812017700028,0.5047476980216318,0.6242098525406604,-0.6091371649882619,0.5442048240723653,0.5447964604448093,0.5457631309818118,0.5447964604448093,-0.13812704510005103,0.8633886490014107,0.8850112807932385,0.8712223273060564,0.9054034638335524,0.21078248615621353,0.862120428593003,0.863396830667835,0.862120428593003,0.8712303827152227,0.8712303827152227,-0.17026821165439718,0.7007704013962314,0.13451390516323952,-0.7080295140694782,-0.6393181459318276,-0.6424863875202537,-0.19506862945095893,0.08587100822868823,0.08749750145883375,-0.046120296953065305,-0.5893754051785458,-0.1568477653250409,-0.839657989329311,-0.41870885100661076,0.09513434834584054,0.09706810459988681,-0.6234236549956631,-0.5837485058221975,-0.41046423116157743,-0.597989049075157,-0.8239368724239731,-0.5214551709801661,-0.517421057847993,-0.5214551709801661,-0.30671125732420856,-0.40104054270227957,-0.40104054270227957,-0.8147160984423892,-0.8147160984423892,0.39735263780160324,0.588052669117355,0.8193954462870968,0.8086631009337715,0.7374083657502474,-0.39800242085548343,0.7011501230219638,0.7326050967340654,0.7327004353963747,0.7326050967340654,-0.0658620855557675],[0.9928804069484709,0.9851932713994871,0.667678313936935,0.9940032087894396,0.9973228531986552,0.9928804069484709,0.9999937764607972,0.9992085114548559,0.9992085114548559,0.9999761393954121,0.9639367678012624,0.9996758253649972,0.9999953608567376,0.9999886981554742,1.0,0.8195870592501526,0.7519762560363474,0.21570886579195478,0.9998740993285906,0.9998743208702209,0.9906532991587355,0.9999952413397803,0.2984734202781042,0.7568579106244727,0.9945402841295692,0.9945402841295692,0.9944537493729215,0.9921961632505699,0.23356068013493197,-0.19846945837134597,0.992628258716589,0.9926700706772261,0.16011079234757256,-0.26120005029845494,0.9994232078729142,0.9994973990713097,0.4631887828049842,-0.3001964191354909,0.9991037264744722,0.9994750654113216,0.8058407193844705,0.19467570381177363,0.9461984546670773,0.9991926468470249,0.9461984546670773,0.9209018224549108,0.6176726143602052,0.9442788889408827,0.9236828429747922,0.772732695206149,0.41642632432000914,-0.12352761839898359,-0.1842792276948447,0.9348018617220554,0.3287102723326404,0.969690550750108,0.9660403555281057,0.980635191844049,0.9956986920947893,-0.007138110211824893,0.8859434773976312,0.8482983201447176,0.8901489742366001,0.8433682277970654,0.8081977591078274,0.8433682277970654,0.830889482373273,0.8143446408273697,0.8036493503945246,0.8143446408273697,0.8847337082568517,0.4286120196121293,0.6240578580121903,0.6783804042461294,0.6240578580121903,0.6490543106517531,-0.33413618393411976,0.6252357264148014,-0.6085388536731524,0.545060760291559,-0.0731999808921831,0.4758699982138669,-0.0731999808921831,-0.1362149358011231,0.8635472012466944,0.8850866222376441,0.8717714068234544,0.777196597280341,0.20919118442956144,0.8621819656011152,0.8632771236356134,0.8621819656011152,0.7882750948643857,0.7882750948643857,-0.17122608922051052,0.702239789379413,0.22768341047495805,-0.7088707000674186,-0.6399993704114658,-0.6434220851591591,-0.19607556562871434,0.08574002233993235,0.31480969084495497,-0.04789181241512838,-0.5907225156843994,0.0318495909083296,-0.8285978481746735,-0.2010840478012676,0.09479086918052991,0.09640270788911888,-0.6239299339050481,-0.5847061814848814,-0.12054411186712873,-0.5992710782236056,-0.8311706921366105,-0.4051580284621551,-0.24068371841834574,-0.4051580284621551,-0.3082869856926594,-0.4013818128048455,-0.4013818128048455,-0.8235451482991074,-0.8235451482991074,0.3990575664049446,0.5877994393915168,0.5124811223729121,0.8056495591945674,0.7366377302930518,-0.3979825851986351,0.07285922774812599,0.7455040592935748,0.7645355469378563,0.7455040592935748,-0.09789053703535906],[0.74502931837053,0.09577270460792363,0.39772573668258554,0.7442045783769438,0.6415738131960032,0.74502931837053,0.8297500818979142,0.8264917683225851,0.8264917683225851,0.6866353573263293,0.4644635929805624,0.20671719214544154,0.8297324325840276,0.7527495271250694,0.8195870592501526,1.0,0.9925498322527909,0.42359358399321523,0.7983868654913066,0.7983548541112657,0.7230694676848889,0.8182847705547526,0.33454077914869795,0.3922102076811818,0.8120742471139912,0.8120742471139912,0.7975874408250253,-0.1904933649007585,0.19687949031981353,-0.1618726668955153,0.8536991021071314,0.8507571554145086,0.15916981601026148,-0.22185204210234719,0.8252839262938546,0.7119513284360078,0.26250944240021634,-0.31732253850915,0.22200398032799112,0.6788232394422034,0.9983525340758824,0.4063986421790723,0.7510779376301928,0.8249581993229923,0.7510779376301928,0.171209797778379,0.5337598037337615,-0.2502878805063734,-0.2732303937390554,0.05272160439971632,0.396844331234564,-0.056637030165161514,-0.21052646465178051,0.699224502424509,0.4009600607148748,0.8235806691256938,0.699729816443881,0.7877009491805007,0.8075874168493102,-0.10428710096026211,0.12831243905569756,0.5720134828242824,0.4348894559552