var element=document.getElementById("correlationClose");if(element.style.display!='none'){var correlationClose={"data":[{"type":"heatmap","z":[[1.0,0.9999890275488463,0.6694851819871916,0.9997341709155709,0.9980470878651521,1.0,0.9925319024012378,0.9890446119863411,0.9890446119863411,0.9931423069472316,0.9771255886715852,0.9870290852931345,0.992567061150391,0.9929641434999925,0.9926166121127187,0.7881044296172365,0.7200775561713875,0.29377272565527224,0.9934173518696439,0.9934137230284388,0.9855944427084843,0.9925607824870797,0.4079602793904988,0.7437236854670292,0.9821619330734767,0.9821619330734767,0.9821427731992081,0.9753155232152934,0.3227057071386483,-0.12485704778331043,0.989655828655521,0.9896178419626991,0.2737590956201739,-0.1988002635354956,0.9947559283627165,0.995295493898822,0.8497955482182159,-0.3585790689446615,0.9906368815568574,0.9952847213870287,0.7728075155353054,0.27448236657541797,0.9948910106490759,0.9948897918695888,0.9948910106490759,0.8945970873278521,0.6536682984979862,0.9126280018660119,0.9178584776566415,0.8301411352834643,0.3772968864662332,-0.17476798706708266,0.21022096699655193,0.9485206715009792,0.3853829973577352,0.9751090068075443,0.9709553478498932,0.9805720476569819,0.9897242662597251,0.9318618013965424,0.9395911730865761,0.9459313356636279,0.9315097354602087,0.9432063595292557,0.943877530923277,0.9432063595292557,0.8859181010484101,0.9233006469009035,0.9242484841752617,0.9233006469009035,0.9242457024500266,0.7916873034158429,0.8972253414219921,0.898488752485549,0.8972253414219921,0.7036846150090968,0.3852308002522551,0.6898333704066062,-0.5481076741111589,0.5954964243701616,0.6165083366924037,0.6167516149658182,0.6165083366924037,-0.09504287665041318,0.9125312613339724,0.9436575705096634,0.9280412503185335,0.9332350719756786,0.28304163395740145,0.907587473881661,0.9083394655668996,0.907587473881661,0.911989916757785,0.911989916757785,-0.09744273502790897,0.5899145541861514,0.16094856072600996,-0.6767857786952279,-0.5873997258162,-0.591069318475994,-0.1248225865070254,0.12254468909044634,0.20956718076321385,0.017150716732588996,-0.5432919977590939,-0.012975669884519966,-0.7966881127666738,-0.28113623101539,0.16035675325177576,0.1618592051039674,-0.5696951811903498,-0.5790287463736752,-0.2720141863990193,-0.5121630032174712,-0.8165040968615918,-0.4014355910051862,-0.3936928366029867,-0.4014355910051862,-0.2177132759958798,-0.3338608878458059,-0.3338608878458059,-0.8044545729631136,-0.8044545729631136,0.3929727076488077,0.6294449849940114,0.8536996864625355,0.8396955351523449,0.7563259537801402,-0.32591474271217274,0.7473923226783895,0.779657889736322,0.779847027330399,0.779657889736322,-0.19406376676444959],[0.9999890275488463,1.0,0.9802931488127845,0.9994721887141097,0.9958274939987609,0.9999890275488462,0.9846626704650163,0.9789645150642934,0.9789645150642934,0.9845299940700449,0.9717364113488919,0.9858259344821519,0.9846963946275369,0.9846420045229749,0.9845423823522407,0.19923678641928727,0.1083331213778448,-0.42497878484648066,0.988240714913322,0.9882324173097773,0.9847420066754317,0.9847417026109736,-0.14585207323081353,0.9794203106126457,0.9798162167804513,0.9798162167804513,0.9798516455143548,0.9755843748315338,0.11028533474922789,0.1326021369250836,0.9822586267853922,0.98230173798485,0.8272262171165302,0.11823966122911238,0.9907337245899981,0.9907718259448997,0.9913134231128924,0.9857812548950124,0.9897196660815218,0.9908182972395345,0.15249082512643478,-0.4298862820395382,0.9913719347849533,0.9913660852857545,0.9913719347849533,0.8943267065477811,0.5014644300114243,0.9125818491220448,0.9176635977814143,0.829616925981862,-0.30272073360538115,-0.4925150090690455,0.8396830863682255,0.8817993594762776,-0.25024338728941853,0.9381803157723534,0.9383185037813669,0.9584446676917204,0.9777332079384169,0.9509728323327008,0.9572027846493573,0.9426811260262448,0.9429033849338749,0.9465059224841135,0.9469378098729342,0.9465059224841135,0.8568037207963898,0.8312522948253814,0.83295392191032,0.8312522948253814,0.9529813232885764,0.9561522735370233,0.9529383514377131,0.9537200767548701,0.9529383514377131,0.6234252322152802,0.5728889129026922,0.6637217693113676,0.7405521313353628,0.6505231430421932,0.6741799087278908,0.6748322758419537,0.6741799087278908,-0.1554130052382162,0.9164644360192005,0.9389944081840315,0.9311286911228106,0.9559356537021801,-0.285221261492857,0.9128158466219104,0.9130269939230354,0.9128158466219104,0.9197436922158673,0.9197436922158673,-0.1842366465806961,0.590009459405866,-0.3655739002898762,-0.7723488101152537,-0.4590681025842149,-0.462831663346892,-0.37384747872698554,0.2670042899643548,-0.2585808193333595,-0.48569903269717885,-0.7228402946419052,-0.3487094554458004,-0.4774171669806897,-0.4097875713179754,0.13141517373363726,0.12849507468931692,-0.4871403360249762,-0.4520968191089985,-0.4807945142711238,-0.5120482408996901,-0.5042723677670122,-0.48315131016517554,-0.48638200758194466,-0.48315131016517554,-0.36121871885261503,-0.5303687213307559,-0.5303687213307559,-0.4997841157543531,-0.4997841157543531,0.3913747837906803,0.36545015536382,0.49287350477254066,0.5948497152542611,0.5230034700078537,-0.43716085547369854,0.36566154531184053,0.3127125841403236,0.3128600577259128,0.3127125841403236,0.16181907679445992],[0.6694851819871916,0.9802931488127845,1.0,0.666292282561906,0.5992594136438072,0.6694851819871916,0.650745457814477,0.6427851308490503,0.6427851308490503,0.5941495489034948,0.5569859596072151,0.9952832041525688,0.6507622980019783,0.6445017265804388,0.6509360643490302,0.4252232438135764,0.4008150657730542,-0.20142351164488118,0.6127116519776182,0.6120264372738323,0.5788016963671311,0.6498523429335534,0.18902152976223652,0.7893402864275362,0.6296504751212892,0.6296504751212892,0.6294183000290184,0.9881301765958211,0.3033426193683949,0.1258972650015921,0.6089503561518027,0.6085632296915641,0.6741417607690124,-0.018339857102200686,0.646669984378112,0.5881836329752711,0.6141052891859162,0.3021661399109966,0.9934398582246861,0.5835585545398889,0.41258348194234284,-0.21039340194520065,0.6635877509489113,0.6447019042366651,0.6635877509489113,0.8914064357970851,0.4045876204143784,0.9294399790633191,0.9075935321160242,0.7280220450471601,0.2187043842892593,-0.06470912171894654,0.05124257501005385,0.5324772115319389,-0.08533594062127976,0.5919904588677324,0.5590413083043486,0.5807880519462285,0.5448663042162551,0.0007187905104716927,0.7953779843063447,0.7288897237948158,0.6409541825240812,0.7346521281559691,0.761126507668062,0.7346521281559691,0.5294358209305027,0.6423283600771799,0.6979205093848266,0.6423283600771799,0.6976382606707867,0.6763734517227585,0.7267590537493563,0.7719016899772251,0.7267590537493563,0.41045741016745024,-0.08634159933794636,0.42720976573346653,0.09940275264790448,0.41111176663626187,0.2638019153525811,0.49108283626791566,0.2638019153525811,-0.15143236111394967,0.6136175801481935,0.8818581535035824,0.6839454909943604,0.7729108681470868,-0.058895608855221854,0.6530693683581482,0.6525958345145393,0.6530693683581482,0.7182412555727858,0.7182412555727858,-0.20151806622645035,0.7030718438630088,-0.1852450094784428,-0.6911422414829369,-0.4364927556682479,-0.4401719273560926,-0.4228698874158425,0.09451078173405579,0.02012594697221303,-0.3319846034751059,-0.6710971509864415,-0.16952600783107658,-0.3157036586676734,-0.269220737498019,0.03967864803673782,0.038053829143855036,-0.487515928285484,-0.06184578238096635,-0.2583682905979677,-0.5097942001265532,-0.20113257030951678,-0.4035619967217813,-0.28505799674687715,-0.4035619967217813,-0.4179191978969322,-0.5386925899011561,-0.5386925899011561,-0.3033905685044231,-0.3033905685044231,0.33740234552306647,0.19122582788403839,0.2832757719031796,0.5184854817776154,0.28149014234624464,-0.3802193098845473,-0.014213456919383376,0.4562170393399674,0.5579420487870046,0.4562170393399674,-0.01570509424985006],[0.9997341709155709,0.9994721887141097,0.666292282561906,1.0,0.9989324778484259,0.9997341709155708,0.9937642946515288,0.9907208971484293,0.9907208971484293,0.9945886714379278,0.9752746995019204,0.9902790485049439,0.9937894414979507,0.9944705340343363,0.9938159189484786,0.7872861309433613,0.7188696985199879,0.2791473896011465,0.994468074774904,0.9944671191760026,0.9856899993967826,0.9937761267590115,0.3994329022300478,0.7479972929477952,0.9846533678243783,0.9846533678243783,0.9846336118052555,0.981365101558963,0.3185605325730979,-0.1309285016228217,0.9889816981370289,0.9889517705794689,0.26595518809110724,-0.19903227408064297,0.9952716967354998,0.9960092330498123,0.8169026193305434,-0.36295139746143157,0.992969785764653,0.9962162270814401,0.7712927421486755,0.2595693754016285,0.9933116500463631,0.9953181202917093,0.9933116500463631,0.8923012607822568,0.6415996924457932,0.9163898662034127,0.9150704980197931,0.8134067940199549,0.3724391475354077,-0.17964689548453944,0.20493683170376334,0.9432263054350895,0.3697585848132615,0.9707150334561525,0.9681052585910395,0.9784501505698402,0.9896096711519056,0.9130836663014327,0.9340651379417226,0.9345077904038114,0.9281762788484528,0.9282495105877866,0.9291287806115365,0.9282495105877866,0.87899417010191,0.9124955897853243,0.9135166529433282,0.9124955897853243,0.9213949999444966,0.7382097566157859,0.8626312601468252,0.8638898017059732,0.8626312601468252,0.69662017879231,0.151168199367313,0.6812403591207464,-0.5526160639243743,0.5913161913533005,0.35302711765811423,0.5884758536811269,0.35302711765811423,-0.10105074033789194,0.9081247468156437,0.9375169137380569,0.9215792011211865,0.9125678387814347,0.2690853353926661,0.9038605857679478,0.904737997943166,0.9038605857679478,0.8949518477137994,0.8949518477137994,-0.10189945155004843,0.608978896766553,0.1657395199803541,-0.6861322895177926,-0.5938518438025091,-0.5974393227930556,-0.13635841223321815,0.11826358241451364,0.2030150615117985,0.00449336540939137,-0.5546458816050175,-0.01889117913950109,-0.8019510913677661,-0.288455255359208,0.15091319676533343,0.15247112861688938,-0.5759069654275092,-0.5755508453859851,-0.2727863095760086,-0.5218760257842758,-0.8177048431500877,-0.40242377420455505,-0.3952381701776244,-0.40242377420455505,-0.22562073458091164,-0.34279754486211533,-0.34279754486211533,-0.8037776044232482,-0.8037776044232482,0.383955370865813,0.618373015043988,0.8458432653426372,0.83207638845036,0.749205257782364,-0.3381592624663033,0.7384626080401727,0.7708440497344174,0.7710290729343826,0.7708440497344174,-0.17934184813428433],[0.9980470878651521,0.9958274939987609,0.5992594136438072,0.9989324778484259,1.0,0.9980470878651521,0.9972395426735416,0.9958075356484739,0.9958075356484739,0.9974440921043725,0.9681672891342247,0.9964445277788367,0.9972563453370596,0.9973339047561729,0.9972811872567491,0.6995942701051935,0.6067428503085641,0.07322873188366155,0.997694432506306,0.9976976558795537,0.9877644826417837,0.9972463508953953,0.045197089937500004,0.7303055366638175,0.9925136947240671,0.9925136947240671,0.9924748495502186,0.9902899126785916,0.094799162268649,-0.113829985907166,0.9874755032481657,0.9874071084850726,-0.026643022043405188,-0.10005983508977602,0.9977867473950113,0.9977146253924934,0.8089223010239066,-0.4826674179269056,0.9976357555973104,0.9980499086821797,0.67219247752063,0.04904087654339186,0.9977310744339106,0.9977390181345854,0.9977310744339106,0.9060234416250074,0.6065986993995914,0.9286022596823623,0.9167370053358106,0.7901947460967922,-0.08065716012673456,-0.5858064878544572,-0.18115332911896023,0.9329206581445121,0.2240016161208316,0.9669841972956572,0.9670092409949168,0.9810791665414097,0.9901685145970847,0.912195591090045,0.917073052681523,0.9252754312923709,0.9163787921452758,0.9236498738865675,0.9240952926735838,0.9236498738865675,0.8560479709833957,0.8722029160774415,0.8733994352216429,0.8722029160774415,0.9109483762368472,0.8282404163691257,0.8923971907903717,0.8931835742085488,0.8923971907903717,0.6587125119077613,0.5477858775725453,0.6485810398163638,-0.5668942251061707,0.6416317237358465,0.6221242834218127,0.6211596001756522,0.6221242834218127,-0.1148069819876509,0.8917604029282356,0.9155536342963024,0.9009189286160509,0.9199328817641167,0.1149704647336877,0.890998128494274,0.8920237952462031,0.890998128494274,0.8967410505755293,0.8967410505755293,-0.14001861376612876,0.6553948776763874,0.020593186253357862,-0.7146393170122215,-0.6400293315522434,-0.640803295260643,-0.16675944032518483,0.14154670118891563,-0.18518578876247077,-0.24081482239113017,-0.622897663410013,-0.3753360219270165,-0.8464025716391118,-0.5614932256296078,0.12136570672881361,0.12277253675225297,-0.600969103177752,-0.569901867270233,-0.5447742385671852,-0.5589210335679426,-0.7747423751179484,-0.5956359558576969,-0.5986242767143002,-0.5956359558576969,-0.262807117772706,-0.37507502908410856,-0.37507502908410856,-0.7435961069507394,-0.7435961069507394,0.3726416440658586,0.601688470666604,0.8008789959837108,0.7901579497638664,0.7404670639487113,-0.4629681381003637,0.6025353896837975,0.6639045121042624,0.6640453322984463,0.6639045121042624,0.047541034028227444],[1.0,0.9999890275488462,0.6694851819871916,0.9997341709155708,0.9980470878651521,1.0,0.9925319024012378,0.9890446119863411,0.9890446119863411,0.9931423069472316,0.9771255886715852,0.9870290852931345,0.992567061150391,0.9929641434999925,0.9926166121127187,0.7881044296172365,0.7200775561713875,0.29377272565527224,0.9934173518696439,0.9934137230284388,0.9855944427084843,0.9925607824870797,0.4079602793904988,0.7437236854670292,0.9821619330734767,0.9821619330734767,0.9821427731992081,0.9753155232152934,0.3227057071386483,-0.12485704778331043,0.989655828655521,0.9896178419626991,0.2737590956201739,-0.1988002635354956,0.9947559283627165,0.995295493898822,0.8497955482182159,-0.3585790689446615,0.9906368815568574,0.9952847213870287,0.7728075155353054,0.27448236657541797,0.9948910106490759,0.9948897918695888,0.9948910106490759,0.8945970873278521,0.6536682984979862,0.9126280018660119,0.9178584776566415,0.8301411352834643,0.3772968864662332,-0.17476798706708266,0.21022096699655193,0.9485206715009792,0.3853829973577352,0.9751090068075443,0.9709553478498932,0.9805720476569819,0.9897242662597251,0.9318618013965424,0.9395911730865761,0.9459313356636279,0.9315097354602087,0.9432063595292557,0.943877530923277,0.9432063595292557,0.8859181010484101,0.9233006469009035,0.9242484841752617,0.9233006469009035,0.9242457024500266,0.7916873034158429,0.8972253414219921,0.898488752485549,0.8972253414219921,0.7036846150090968,0.3852308002522551,0.6898333704066062,-0.5481076741111589,0.5954964243701616,0.6165083366924037,0.6167516149658182,0.6165083366924037,-0.09504287665041318,0.9125312613339724,0.9436575705096634,0.9280412503185335,0.9332350719756786,0.28304163395740145,0.907587473881661,0.9083394655668996,0.907587473881661,0.911989916757785,0.911989916757785,-0.09744273502790897,0.5899145541861514,0.16094856072600996,-0.6767857786952279,-0.5873997258162,-0.591069318475994,-0.1248225865070254,0.12254468909044634,0.20956718076321385,0.017150716732588996,-0.5432919977590939,-0.012975669884519966,-0.7966881127666738,-0.28113623101539,0.16035675325177576,0.1618592051039674,-0.5696951811903498,-0.5790287463736752,-0.2720141863990193,-0.5121630032174712,-0.8165040968615918,-0.4014355910051862,-0.3936928366029867,-0.4014355910051862,-0.2177132759958798,-0.3338608878458059,-0.3338608878458059,-0.8044545729631136,-0.8044545729631136,0.3929727076488077,0.6294449849940114,0.8536996864625355,0.8396955351523449,0.7563259537801402,-0.32591474271217274,0.7473923226783895,0.779657889736322,0.779847027330399,0.779657889736322,-0.19406376676444959],[0.9925319024012378,0.9846626704650163,0.650745457814477,0.9937642946515288,0.9972395426735416,0.9925319024012378,1.0,0.9975783026357778,0.9975783026357778,0.9999718085605979,0.9623774235981641,0.9996915371185725,0.9999966899078953,0.9999872827801148,0.9999935689252614,0.8590733429577827,0.8466058617296638,0.24493757647747355,0.9998656686571136,0.9998659888557834,0.9901648743754824,0.9999968817928849,0.3184947070804365,0.744515624856005,0.9861631171939425,0.9861631171939425,0.9872520194000167,0.9916443812251085,0.24995644102715758,-0.18301112501528705,0.991683076400474,0.991658757682297,0.17528011972900473,-0.24383928887635364,0.9993604967021471,0.9994758550130092,0.4458527531174481,-0.30536989624710587,0.9990842989799718,0.9994415621504557,0.8411462134529917,0.22404607336024465,0.944277306238027,0.9991172245274574,0.944277306238027,0.9151327079448799,0.6145057137841653,0.9404908876587054,0.9199546041876526,0.7564641171305913,0.41222724617150824,-0.11812983582904421,-0.19031435136544633,0.9315061767282838,0.3388763503145672,0.9684429153893418,0.9642445559040973,0.9794643494913555,0.9956324213413309,-0.021304560717525556,0.8792365117044907,0.8409742357727732,0.8844801596286597,0.835771911880249,0.8000315841297165,0.835771911880249,0.8204027890447886,0.8052670585462438,0.7943313736451396,0.8052670585462438,0.8778755569484317,0.40790522138402896,0.6075724969081349,0.6658329518731534,0.6075724969081349,0.6279129418604702,-0.33858856227395306,0.6016667488731257,-0.6175409173798135,0.5235538728571271,-0.08240301552625127,0.45740715582168584,-0.08240301552625127,-0.1419064288736766,0.8566159886553726,0.8786903319719597,0.8642471166866971,0.7756132234221599,0.2339656107366388,0.8556540229677084,0.85695980504492,0.8556540229677084,0.7776220453183308,0.7776220453183308,-0.17563243998740474,0.6969464023388873,0.2339837788633514,-0.6918907739420428,-0.6330725069402007,-0.636247725338551,-0.1774559265176979,0.06956873511896054,0.32121972804106536,-0.023911188724495835,-0.5665514072811736,0.04441151269929038,-0.8284010901908743,-0.18592516742156723,0.08742167608729826,0.0889880586525748,-0.6172319765622687,-0.5870471656958758,-0.108239266140023,-0.5928833267377467,-0.8325468882499591,-0.3940574448495495,-0.2283905301606002,-0.3940574448495495,-0.29349283673161336,-0.3829601912165932,-0.3829601912165932,-0.8245899092076401,-0.8245899092076401,0.37335979949814285,0.5865704403899829,0.5086954901638682,0.802543371959313,0.7367601478444826,-0.38628373741485816,0.0691007595404341,0.746539339921143,0.7656387723019098,0.746539339921143,-0.11447685124102748],[0.9890446119863411,0.9789645150642934,0.6427851308490503,0.9907208971484293,0.9958075356484739,0.9890446119863411,0.9975783026357778,1.0,1.0,0.999579722109953,0.9560040671171108,0.9987939226035751,0.9983104703297895,0.9994268649381757,0.9991796765109371,0.8563517036367422,0.8352095057153895,0.22342845451983265,0.9992175816280333,0.9992197250890265,0.9876352648228212,0.9993106736922717,0.29347323358380245,0.7460105094352426,0.9930029193971941,0.9930029193971941,0.9854530107255903,0.9891034817219962,0.23269511657585862,-0.1960279303702601,0.9880390181492577,0.9914676370996515,0.15695230595572968,-0.24961243363471178,0.9983595245985788,0.9983507756120309,0.42897307827202663,-0.3116338164080863,0.9973008745818336,0.998302111313408,0.838637263257506,0.20215684349011886,0.9372188754608981,0.9981892886339622,0.9372188754608981,0.9128715437453601,0.59983006603181,0.9408745801711487,0.9177167106635429,0.7364307529649419,0.39962035503785703,-0.13264910835837948,-0.20235653917084592,0.9234337602923485,0.3188392300617453,0.9639424924206332,0.9593123816824761,0.9746089789719977,0.994633825930742,-0.0304358392279376,0.8697036182597773,0.8268310897401699,0.8773350022343563,0.8227076275489493,0.7887744924160024,0.8227076275489493,0.809689238897596,0.7884435269927973,0.7818639892351635,0.7884435269927973,0.8709496696136141,0.3902325487717319,0.589228991630122,0.6507903845564521,0.589228991630122,0.6167861348206185,-0.3524087501886271,0.5889465799752339,-0.6242898289674231,0.5169790423115325,-0.10323199476247935,0.4425802918085072,-0.10323199476247935,-0.14810206816269567,0.8483070890152856,0.8669080893717933,0.8537646839236823,0.7620325596790971,0.21648088700497617,0.8479158096565829,0.8493807632982191,0.8479158096565829,0.7622300377908588,0.7622300377908588,-0.18973777063109915,0.7188917158573186,0.24062608104285804,-0.7008779579223516,-0.6450054656954287,-0.6480038503444776,-0.19162400158055193,0.06245662699795269,0.314212100227953,-0.04267431243711152,-0.578603210911116,0.035195812690263416,-0.833761539202083,-0.19237750025867334,0.07288916062019764,0.07448188245526162,-0.6281146500356483,-0.587884149473481,-0.11499521525341566,-0.6084308447059934,-0.8318108899024511,-0.40508493652529143,-0.23449817262616204,-0.40508493652529143,-0.309907586504144,-0.3958640561389308,-0.3958640561389308,-0.8223299947618501,-0.8223299947618501,0.35540566653493566,0.5704555446614475,0.4906574948179023,0.785256652050926,0.7246586995081139,-0.4068538549949814,0.05562339317085095,0.7279155040553084,0.7502188000336969,0.7279155040553084,-0.09765567709244714],[0.9890446119863411,0.9789645150642934,0.6427851308490503,0.9907208971484293,0.9958075356484739,0.9890446119863411,0.9975783026357778,1.0,1.0,0.999579722109953,0.9560040671171108,0.9987939226035751,0.9983104703297895,0.9994268649381757,0.9991796765109371,0.8563517036367422,0.8352095057153895,0.22342845451983265,0.9992175816280333,0.9992197250890265,0.9876352648228212,0.9993106736922717,0.29347323358380245,0.7460105094352426,0.9930029193971941,0.9930029193971941,0.9854530107255903,0.9891034817219962,0.23269511657585862,-0.1960279303702601,0.9880390181492577,0.9914676370996515,0.15695230595572968,-0.24961243363471178,0.9983595245985788,0.9983507756120309,0.42897307827202663,-0.3116338164080863,0.9973008745818336,0.998302111313408,0.838637263257506,0.20215684349011886,0.9372188754608981,0.9981892886339622,0.9372188754608981,0.9128715437453601,0.59983006603181,0.9408745801711487,0.9177167106635429,0.7364307529649419,0.39962035503785703,-0.13264910835837948,-0.20235653917084592,0.9234337602923485,0.3188392300617453,0.9639424924206332,0.9593123816824761,0.9746089789719977,0.994633825930742,-0.0304358392279376,0.8697036182597773,0.8268310897401699,0.8773350022343563,0.8227076275489493,0.7887744924160024,0.8227076275489493,0.809689238897596,0.7884435269927973,0.7818639892351635,0.7884435269927973,0.8709496696136141,0.3902325487717319,0.589228991630122,0.6507903845564521,0.589228991630122,0.6167861348206185,-0.3524087501886271,0.5889465799752339,-0.6242898289674231,0.5169790423115325,-0.10323199476247935,0.4425802918085072,-0.10323199476247935,-0.14810206816269567,0.8483070890152856,0.8669080893717933,0.8537646839236823,0.7620325596790971,0.21648088700497617,0.8479158096565829,0.8493807632982191,0.8479158096565829,0.7622300377908588,0.7622300377908588,-0.18973777063109915,0.7188917158573186,0.24062608104285804,-0.7008779579223516,-0.6450054656954287,-0.6480038503444776,-0.19162400158055193,0.06245662699795269,0.314212100227953,-0.04267431243711152,-0.578603210911116,0.035195812690263416,-0.833761539202083,-0.19237750025867334,0.07288916062019764,0.07448188245526162,-0.6281146500356483,-0.587884149473481,-0.11499521525341566,-0.6084308447059934,-0.8318108899024511,-0.40508493652529143,-0.23449817262616204,-0.40508493652529143,-0.309907586504144,-0.3958640561389308,-0.3958640561389308,-0.8223299947618501,-0.8223299947618501,0.35540566653493566,0.5704555446614475,0.4906574948179023,0.785256652050926,0.7246586995081139,-0.4068538549949814,0.05562339317085095,0.7279155040553084,0.7502188000336969,0.7279155040553084,-0.09765567709244714],[0.9931423069472316,0.9845299940700449,0.5941495489034948,0.9945886714379278,0.9974440921043725,0.9931423069472316,0.9999718085605979,0.999579722109953,0.999579722109953,1.0,0.9613869392029903,0.9996586374127846,0.9999728641602172,0.9999719745198289,0.9999762616699949,0.7380320098445285,0.6487349267449884,0.127038245504988,0.999822982877493,0.99982374677163,0.9900641644794808,0.9999701238455494,0.09747996351399314,0.721190467961817,0.9953677347961208,0.9953677347961208,0.9953253863756991,0.9915322361822889,0.08067146194472832,-0.12398458975846521,0.9908658644100108,0.9908256379020348,-0.007479670348812404,-0.20359101809235036,0.9994111062343869,0.9993701080323533,0.8138657046895686,-0.4803446758729999,0.9990232049291579,0.9994170354596056,0.7119601331573548,0.10318671159806755,0.9992782543536929,0.9992834882161649,0.9992782543536929,0.9148021680711295,0.6150027078725717,0.9402326851640517,0.9195257080367987,0.7559544895769004,0.019214489798413614,-0.5391070951188942,-0.13774410657366615,0.9276579986092446,0.284532958446491,0.9647696767837434,0.9642649541674035,0.9815261863255528,0.9949012512456774,0.8875032860565018,0.880155534191165,0.9017115111381718,0.8855531281959211,0.9000833928323413,0.9006572453627307,0.9000833928323413,0.8200689253761627,0.8542576740682956,0.8556690815686862,0.8542576740682956,0.8793107667568444,0.7929864307003592,0.8651329723232564,0.8662528409103177,0.8651329723232564,0.6276836300288415,0.47870211288634573,0.6009628483423743,-0.6224467413126931,0.5765037408123059,0.5451683202879255,0.5448663539315733,0.5451683202879255,-0.09778679675477614,0.8574598423458871,0.8786481696850237,0.8646961048898162,0.8958699645790268,0.1497087870396143,0.8609898131406665,0.8627669866580391,0.8609898131406665,0.8668771544681119,0.8668771544681119,-0.1772861140687448,0.697360108232587,0.046940735259510466,-0.7036768413586668,-0.6672986577522018,-0.6685460472267633,-0.18093215177132388,0.07285963971051544,-0.19007998109580496,-0.20746219933009308,-0.6059475190076695,-0.40249323890937166,-0.8652909817031026,-0.5959381298580337,0.08672502892138086,0.0884439109078412,-0.6187464575110246,-0.5831706463600882,-0.55503716400983,-0.5944809460975341,-0.7997776730922183,-0.61899093628458,-0.6212741241163541,-0.61899093628458,-0.29543976978530395,-0.3862247410156154,-0.3862247410156154,-0.77997014088423,-0.77997014088423,0.37249621131494903,0.5847200369625581,0.8116931192232893,0.8019487232969738,0.7347145257673944,-0.4132610495184472,0.6353782983099809,0.6890990242269793,0.6892725792881295,0.6890990242269793,0.12179662967194635],[0.9771255886715852,0.9717364113488919,0.5569859596072151,0.9752746995019204,0.9681672891342247,0.9771255886715852,0.9623774235981641,0.9560040671171108,0.9560040671171108,0.9613869392029903,1.0,0.9474526862426025,0.9623980550577288,0.9624220272105454,0.9621287379459711,0.5366668023951487,0.4367245934179155,-0.09748540603058053,0.9665983610764892,0.9665779957506749,0.9625077396912087,0.962499896594027,0.016045760503766816,0.7601920783860184,0.9639097086710727,0.9639097086710727,0.9640777827254331,0.8983054907629513,0.1790357432765179,-0.10933620319546025,0.9690334239515067,0.9691338778302733,0.14449309478079722,0.047875513103137785,0.9700465591253898,0.9702815236057143,0.8880840490288736,-0.3698154739133252,0.9554027016078721,0.9692745825397241,0.5050130243143577,-0.11815188751807576,0.971105830067818,0.971075305947337,0.971105830067818,0.8223483555381329,0.41646103003507035,0.8378679379856461,0.9030274183770557,0.8606307059693674,-0.5045500687073309,-0.6758486863466074,-0.22497296840826383,0.893620089663158,-0.020582699145878586,0.9217853368409923,0.9218470226652621,0.9399204220366894,0.967359325852867,0.8899503330105184,0.8912903373116708,0.9065578790561972,0.8928544626110524,0.8999095613809435,0.900482660919496,0.8999095613809435,0.8491303455447391,0.8308245050634006,0.8324367170948715,0.8308245050634006,0.8877487196088469,0.9018544372331618,0.8858276418875057,0.8863767482635675,0.8858276418875057,0.7090639553816549,0.6425919474714649,0.7099894742356299,-0.2979952291669285,0.7262883596756994,0.7415312450336814,0.7436793669292453,0.7415312450336814,-0.25623504658237023,0.8898284268801818,0.9400414963004786,0.9036768330533254,0.9019216653287931,-0.003361329199948487,0.8838320643189186,0.8847561130883383,0.8838320643189186,0.8917356006038482,0.8917356006038482,0.04078611067263684,0.4062684103577006,-0.12318418980431174,-0.6408587033640183,-0.43300983710391094,-0.4353929231355295,-0.04608800709411941,0.42088161203595204,0.026405217856915287,-0.16835049551966572,-0.5261585702315645,-0.09014269018764921,-0.7945104646306559,-0.2535560730478226,0.29423394541434683,0.2941570538019274,-0.4042448041831939,-0.4322425594246829,-0.3682852145297155,-0.3786459552216598,-0.6620596495003055,-0.3880283971060984,-0.39030042970911866,-0.3880283971060984,-0.11585387770165072,-0.42662484366727343,-0.42662484366727343,-0.5396815193882321,-0.5396815193882321,0.5173922186833557,0.6465762507940794,0.7492308364978326,0.6887276763905301,0.8113017656744841,-0.5020619233002082,0.3964841245294448,0.5329348338168343,0.5332472011363887,0.5329348338168343,-0.16161231151304234],[0.9870290852931345,0.9858259344821519,0.9952832041525688,0.9902790485049439,0.9964445277788367,0.9870290852931345,0.9996915371185725,0.9987939226035751,0.9987939226035751,0.9996586374127846,0.9474526862426025,1.0,0.9996921476710131,0.9996884119922841,0.9996612695856325,0.30073854269041483,0.20097989309768385,-0.5057822265674563,0.9998054149692142,0.9998074849359211,0.9996966828276367,0.999695941231829,-0.24538624545697907,0.9724893478494405,0.994780750162886,0.994780750162886,0.9947617458816387,0.9935100072212308,0.09677795258099331,0.08597687273001096,0.9918152842114654,0.9918625305828738,0.8592332872474641,0.022447180565384646,0.9990657524194019,0.9990226433593902,0.9989008920919883,0.9994012301028171,0.9994389804495787,0.9991031140747837,0.24769530936532105,-0.5139337636266637,0.998850569092308,0.9988579665941575,0.998850569092308,0.909227814885995,0.454874757090195,0.936274619806091,0.9165295243479782,0.756364084719483,-0.4179030714574234,-0.6041938317908475,0.818422597443587,0.8468396343898639,-0.34033462187214275,0.9331612749191358,0.9333680080178087,0.9700382163587266,0.9936500151768455,0.8999692524039745,0.9063248493078966,0.8836781991586337,0.8862030065177221,0.8892171879107725,0.8898009218528635,0.8892171879107725,0.7747787497899812,0.7435807155664494,0.7456364387570309,0.7435807155664494,0.9067095562731606,0.9125903063886074,0.9055580503735807,0.9065491347370748,0.9055580503735807,0.5181960658838088,0.4581204810967427,0.5570961483020169,0.650289279187763,0.5513231702931025,0.5806445448907694,0.582505175146781,0.5806445448907694,-0.3313506413132226,0.8482265896515719,0.8814611204396655,0.8689137093168628,0.9066321857506664,-0.3134644326917679,0.8435635328612753,0.8438586116124921,0.8435635328612753,0.8529344582430542,0.8529344582430542,-0.22943792483338532,0.6904391958269507,-0.38706177386257484,-0.7922574598828587,-0.5329843375771739,-0.5357868299813661,-0.4187070836408897,0.21803552400250203,-0.2999762286217103,-0.5207168505288213,-0.7488349069936187,-0.3951548494164584,-0.5935654278750071,-0.46684497876840647,0.07882455875880331,0.07646350867984282,-0.5564478848974733,-0.5274743107564918,-0.5485518901653637,-0.5841812177378132,-0.5777956802629033,-0.551980680088806,-0.5550257453057909,-0.551980680088806,-0.4316419274868552,-0.6220481616697577,-0.6220481616697577,-0.6160369000719402,-0.6160369000719402,0.368870071930669,0.33394868836565217,0.46789279026818403,0.5674441780958381,0.5217375414066542,-0.5723979900995412,0.3037999109815477,0.28266895579428963,0.28286883771080357,0.28266895579428963,0.2437808120433842],[0.992567061150391,0.9846963946275369,0.6507622980019783,0.9937894414979507,0.9972563453370596,0.992567061150391,0.9999966899078953,0.9983104703297895,0.9983104703297895,0.9999728641602172,0.9623980550577288,0.9996921476710131,1.0,0.9999907801593055,0.9999952209572539,0.8590640875418436,0.8365376247545617,0.24499145594465332,0.9998669891059293,0.9998672833302956,0.9901981592629129,0.9999974517669818,0.31879363831708063,0.7445691430418688,0.9911794922782987,0.9911794922782987,0.9872433554533304,0.9916331428937186,0.2502036472491961,-0.18296061033877617,0.9917209232927024,0.991668233630012,0.17550168563345275,-0.24380658740142672,0.9993622189755594,0.9994788662414233,0.44582821554488183,-0.3051685168926487,0.9990867016659967,0.9994489360836519,0.8411268580193622,0.22410597134926627,0.9442634513924331,0.9991194638210271,0.9442634513924331,0.9151494626612761,0.6146414533892254,0.9406245788410118,0.9200798861976281,0.7565580569099405,0.41259282632829364,-0.11770937472743484,-0.1899673987381346,0.9315700611934006,0.3389391303420667,0.9685258502552081,0.9642958640735497,0.9795441903892069,0.9956460697706326,-0.021124931612783886,0.8793576179546734,0.8410584073880726,0.8845834476576195,0.8358543087324252,0.7999777794191921,0.8358543087324252,0.8204874610657545,0.8053154243994012,0.7942725833022828,0.8053154243994012,0.8780066773454513,0.40778944888649504,0.6075746518518703,0.6657515170001939,0.6075746518518703,0.6278695325646462,-0.33860837744547057,0.6016432095085824,-0.6174444215913854,0.5234656614109295,-0.08252627075733857,0.45743691198933656,-0.08252627075733857,-0.14205038301335637,0.8566844828066821,0.8787915262881721,0.8643255373288831,0.77560630375496,0.23402100724642502,0.8557281810785962,0.8570277259815167,0.8557281810785962,0.7776819935331206,0.7776819935331206,-0.17557971803640643,0.6969866373298423,0.23409655062378895,-0.6919246729403238,-0.6329935656171353,-0.6361732600909337,-0.17753307476295435,0.06945289828107183,0.32138073707500664,-0.023899143614475437,-0.566606291084295,0.04465716436058555,-0.828158699218632,-0.18565108479672077,0.08749154918282338,0.0890715352184088,-0.6172177876459588,-0.586856612965349,-0.10800853593680793,-0.5928536475535721,-0.8324479223378148,-0.3938493504231697,-0.22819995433928755,-0.3938493504231697,-0.2933354126282346,-0.3829273148992071,-0.3829273148992071,-0.8245407352216099,-0.8245407352216099,0.3737986975076906,0.5866848785316985,0.5089269108615422,0.8027810960539495,0.7368148155794418,-0.38608949591924707,0.06936768921209714,0.7467756113143387,0.7657476207059366,0.7467756113143387,-0.11450731568127973],[0.9929641434999925,0.9846420045229749,0.6445017265804388,0.9944705340343363,0.9973339047561729,0.9929641434999925,0.9999872827801148,0.9994268649381757,0.9994268649381757,0.9999719745198289,0.9624220272105454,0.9996884119922841,0.9999907801593055,1.0,0.9999882045707473,0.7946169319210482,0.7213007845986085,0.24681125077019017,0.9998896078944225,0.999890239987524,0.9901889349515178,0.9999881906723445,0.32005844332206057,0.7408490930873751,0.9941107783419592,0.9941107783419592,0.994076378468957,0.9915796936227943,0.244836898203383,-0.18327628484353167,0.9920573956077336,0.992062566695334,0.19847878381145645,-0.24319408624466993,0.9995340846055276,0.9994787567994768,0.8509011077869693,-0.39494413033381615,0.9990828581455535,0.9994530273112022,0.7751184845480977,0.22595816150459055,0.9994291168050328,0.9994337016165373,0.9994291168050328,0.9149934923786183,0.614752698605734,0.9404449424953831,0.9198709371921605,0.7561741489163504,0.2931783802570136,-0.2874120016310578,0.10963356711504464,0.9314521441980069,0.3395073122066414,0.9656220400446739,0.9643155332234319,0.9781251753172947,0.9958718826269409,0.8944354279728555,0.8787396036367714,0.9066464722129057,0.8846160675667317,0.9055917332176842,0.9063919020526041,0.9055917332176842,0.8197937983278034,0.8738737200203684,0.8752562315202526,0.8738737200203684,0.8779127269209644,0.7762583309464959,0.870212536462973,0.871719218646566,0.870212536462973,0.6274211442813068,0.47891513039325617,0.6003276765938677,-0.6198355096003597,0.5220579110687985,0.5256432945730192,0.5265099951072861,0.5256432945730192,-0.14414228778440166,0.8566408100246259,0.8784539721975517,0.8638524848960827,0.9010733702256538,0.23605483949702316,0.8557508623528344,0.8572074907481264,0.8557508623528344,0.8653752050842292,0.8653752050842292,-0.17593190965828798,0.6958853911837057,0.14620216824329,-0.6909029702809312,-0.6326371223069336,-0.6357127611484589,-0.1775125952153863,0.06851494905087714,0.09603635276528823,-0.022461898431078806,-0.5652269677271436,-0.14308744829804962,-0.8391083303319192,-0.4045264288130901,0.0870696807701017,0.08882681045653498,-0.6172617938900914,-0.5861431676767005,-0.39897104887852913,-0.5926203778470926,-0.8255844440705455,-0.5116563098938381,-0.5074556328973175,-0.5116563098938381,-0.29281287170931153,-0.3831280996406003,-0.3831280996406003,-0.816296271104637,-0.816296271104637,0.3718605721027656,0.5865061030574429,0.820177045349012,0.8063101602320527,0.7370106482392635,-0.38566987731490504,0.6999858591401261,0.7349592309807201,0.7350497527909969,0.7349592309807201,-0.08205473416467271],[0.9926166121127187,0.9845423823522407,0.6509360643490302,0.9938159189484786,0.9972811872567491,0.9926166121127187,0.9999935689252614,0.9991796765109371,0.9991796765109371,0.9999762616699949,0.9621287379459711,0.9996612695856325,0.9999952209572539,0.9999882045707473,1.0,0.85057763695983,0.7941109793422644,0.2451246114013209,0.9998697277865876,0.9998698996539817,0.9903288196984059,0.9999951640654839,0.3194513777918056,0.7444146668350077,0.9943169340860888,0.9943169340860888,0.9942264599065265,0.9915628726041152,0.25047824777024896,-0.18298766088923277,0.9925894324850629,0.9926314768914251,0.17623209914628846,-0.24364150665826942,0.9994073892591352,0.9994781473478185,0.4448770615188599,-0.304427891303625,0.9990449608582057,0.9994513383366773,0.8389700895081066,0.2242608035397645,0.9438289058134945,0.999169772717629,0.9438289058134945,0.9153943574335581,0.6152880756400138,0.940785156006559,0.920224471790873,0.7563056292167294,0.4139064210238327,-0.11623415055320079,-0.1901863524607211,0.9318996066621085,0.33920439104553696,0.9689046325702183,0.9645904305947299,0.9797982187103342,0.9956860910754011,-0.02210572848642028,0.8796031737854326,0.8409698273173196,0.8847924556976065,0.8357976944769222,0.7995572036825662,0.8357976944769222,0.8206703075990306,0.8052524717825544,0.7946203484875263,0.8052524717825544,0.8782920111597193,0.40713987888544445,0.6071010643013854,0.6657487494401695,0.6071010643013854,0.6277390495178317,-0.3397234235623234,0.6015923984433718,-0.6176305573597376,0.5231301467493671,-0.0834779139403234,0.4571052137512424,-0.0834779139403234,-0.14200875662431378,0.8568042863529894,0.8785531880186511,0.8644505888416367,0.7681172459462442,0.23439195522780484,0.8558129961916695,0.8571034978320399,0.8558129961916695,0.7774961422136755,0.7774961422136755,-0.17690608946980646,0.6977661705215983,0.23457676626752116,-0.6918985934482881,-0.6333412145594173,-0.6365253501485982,-0.17857773957147094,0.0683264787976231,0.3217011116721292,-0.02428024397651837,-0.5667928462117706,0.04475728798320956,-0.8274080500780064,-0.18548146436051602,0.08657842223292941,0.08815728441387127,-0.6177837339341019,-0.5870638006294755,-0.10745116789818221,-0.5939550562226639,-0.8324700393250739,-0.39378676845768357,-0.22766636827750036,-0.39378676845768357,-0.29419297376125764,-0.3833502091360275,-0.3833502091360275,-0.8248829720015877,-0.8248829720015877,0.3740020130255662,0.5863585173362018,0.5084549369870272,0.803207800495613,0.7362810260111561,-0.38566723607885295,0.06874313654054522,0.7471843385811068,0.7663543662848957,0.7471843385811068,-0.1142313516728188],[0.7881044296172365,0.19923678641928727,0.4252232438135764,0.7872861309433613,0.6995942701051935,0.7881044296172365,0.8590733429577827,0.8563517036367422,0.8563517036367422,0.7380320098445285,0.5366668023951487,0.30073854269041483,0.8590640875418436,0.7946169319210482,0.85057763695983,1.0,0.993511238303934,0.41696307625619017,0.8325638978553829,0.8325380799539169,0.7679141859789419,0.849532602287375,0.331046207729076,0.43087563041714205,0.8423791817712788,0.8423791817712788,0.8288241499046438,-0.10020456863277265,0.19338009120487146,-0.17447298215554033,0.8785360967189273,0.8760994017617111,0.15519787155705103,-0.23785909638624458,0.8554568611830267,0.7597136373323378,0.2784667436879011,-0.3185129857081403,0.3162582989563761,0.7309425017137199,0.9983867922526103,0.3993598589063786,0.7817778288587272,0.855187562508798,0.7817778288587272,0.2769928067757408,0.5526358333050889,-0.1393042371093886,-0.15860290634171137,0.14597444036079993,0.40154927135615515,-0.06037302847900922,-0.21036623324579432,0.7441313087892927,0.40239391037364713,0.8522649967586599,0.7489270884302816,0.8249726861417876,0.841316412335288,-0.10047975731711285,0.227990713746642,0.617895887696376,0.5052492264686732,0.60849199434603,0.6600681711945167,0.608