var element=document.getElementById("correlationClose");if(element.style.display!='none'){var correlationClose={"data":[{"type":"heatmap","z":[[1.0,0.9999841234933183,0.5851413988896393,0.9997080378896982,0.9975630283070653,1.0,0.9911122590152528,0.9868126700086324,0.991774972075565,0.9735536223139708,0.9830517825448928,0.991156046068246,-0.12136051976508748,0.9912193333749324,0.9601328361674394,0.9510328812551281,0.42817092554446107,0.9922007069197016,0.9921858179679107,0.9842146106367456,0.9911426837820295,0.4479437596917579,0.6772031829121031,0.978527208420796,0.9785049346189708,0.963430969324703,0.3186909159319954,-0.11795113482339378,0.9897774602442468,0.9897431087311972,0.28468623878358956,-0.19505293916857275,0.9939389746475812,0.9947732797346284,0.8170686350396423,-0.38654329452078245,0.9881825275148484,0.9945684826243715,0.9604813004844066,0.4102063890997205,0.9941171040384186,0.9941039862430341,0.9941171040384186,0.8884972287026771,0.6671011610444003,0.8742983969555259,0.8869514428057296,0.7938032263306098,0.3850685155172934,-0.1394677728081388,0.19240995444250789,0.9452940795698029,0.44953422939384546,0.9767346249489722,0.971166022973453,0.9173029028998824,0.9157577829533786,0.9349432634353912,0.9123077804028683,0.9318379693559233,0.9325892139650082,0.9318379693559233,0.8504750599160459,0.9084870360076643,0.9095464911884067,0.9084870360076643,0.9002811568060739,0.7424191054520193,0.87466303522167,0.8762254075292162,0.87466303522167,0.6277712228312482,0.315166444202033,0.6056488492317416,-0.5901298418298501,0.5038517783863864,0.5530155655036871,0.5541055871214142,0.5530155655036871,-0.10428363085048034,0.8876532357294716,0.9198319685890708,0.9017094300406671,0.9187764340544301,0.42033523146252655,0.8844497426299879,0.8855677680855691,0.8844497426299879,0.8929680318099669,0.8929680318099669,-0.1510148349643238,0.5606944531070341,0.189798089150813,-0.5797122303441825,-0.5669472339573819,-0.5705236143565262,-0.051290626291981056,0.06979807151880278,0.2528936445110269,0.11805002495098206,-0.41106400292816564,0.04681839130421911,-0.7936121406318174,-0.2197853489213862,0.13410864347944948,0.13431143601104373,-0.5466021698145281,-0.602050632213682,-0.22198071860750582,-0.4925426725150418,-0.8278691575162803,-0.3576895094720171,-0.349007805436633,-0.3576895094720171,-0.18868487749884083,-0.26795623495439747,-0.26795623495439747,-0.8160639681054035,-0.8160639681054035,0.40118121912375665,0.6549907709860682,0.8709808901225158,0.8503091679044671,0.7861400130378378,-0.2600466274644083,0.7644076593723572,0.8045330004068881,0.8047567170595361,0.8045330004068881,-0.2341284874968039],[0.9999841234933183,1.0,0.9713122007595761,0.999265149252836,0.9941419728510051,0.9999841234933181,0.9792694517545714,0.9708769148849935,0.9790733331449415,0.9605708092701426,0.9811428323216893,0.9793259397312718,0.9792892467523767,0.9791203377924536,0.8138740759222312,0.7858367721669017,-0.2939424527118697,0.9843962403696263,0.9843693079647513,0.9793842928063774,0.9793762628619878,-0.12993761406718998,0.9701068680310468,0.9727855989436185,0.9728550610737827,0.9636409479477303,0.07186032110675673,0.1570628970353462,0.9766943795509805,0.9767714335528093,0.9721930485125593,0.15734711116570996,0.9881807678181705,0.9882475308220601,0.9889903075763358,0.981270680755166,0.9867109033819126,0.9882393462017189,0.8048272552493532,-0.30026525092723544,0.9890535058246006,0.9890362172555058,0.9890535058246006,0.8885075951389936,0.5402992744387668,0.8744072402154147,0.8868417365595302,0.7931046789596953,-0.42605202691543675,-0.5416670860288951,0.8271768575862284,0.8573786975724441,-0.19489662837054286,0.9344767399069007,0.9345675579622864,0.9281679539762389,0.937595792600741,0.916631614591992,0.9162517507626039,0.92306400442946,0.9237561271541933,0.92306400442946,0.789425903407072,0.750692633579744,0.7529411266259313,0.750692633579744,0.9318064985265833,0.9367039887300228,0.9317901405430646,0.9329315818154398,0.9317901405430646,0.46404581491668845,0.40453719408821215,0.5242378327193579,0.628755151563455,0.5120766012857666,0.550191871672315,0.5509618727632077,0.550191871672315,-0.22029613587807112,0.875835665458559,0.910540661190683,0.8978382147487699,0.9349925892637404,-0.12475287346268957,0.8703495028596281,0.8707315147767899,0.8703495028596281,0.8809957368541705,0.8809957368541705,-0.25107020754078124,0.5611169496394995,-0.3784767532012313,-0.6782143347655072,-0.4680729207064032,-0.4714756947487792,-0.3166224662160788,0.23362331446391565,-0.22378217686241458,-0.41297862190422996,-0.6163873134275873,-0.297284592628746,-0.4968766347025879,-0.3518063684028934,0.11068009627294048,0.10628999259984048,-0.4917566938312276,-0.44866659814769366,-0.476919857387495,-0.5066542196168569,-0.4991257533081667,-0.478954134128669,-0.4822047907659585,-0.478954134128669,-0.3589723993936819,-0.5035244152001841,-0.5035244152001841,-0.47568754066015695,-0.47568754066015695,0.400522764607302,0.4084270636994789,0.5173833454669982,0.5995918648404918,0.5711461936987426,-0.39975074776113206,0.37742301158438746,0.3656204036416382,0.3657065741523481,0.3656204036416382,0.11218206179427853],[0.5851413988896393,0.9713122007595761,1.0,0.579121238533951,0.4757209837953286,0.5851413988896392,0.5726968115187264,0.561624161284561,0.47956629979746046,0.4223790997800017,0.9966872004725841,0.5727317908281199,0.5119740207635034,0.5730471858931014,0.5423740896452572,0.5694207402285573,-0.12015253516329087,0.5208775796154301,0.5199533434534573,0.4753955595906562,0.571615497938785,0.21525777914290228,0.711747557377483,0.5414924766897554,0.5412236387438821,0.9847726940747894,0.30461602643570684,0.17672268503157146,0.5364985138471688,0.5360363676635386,0.7643335923852601,0.015129505620443877,0.5705836165241713,0.47770582977685017,0.5537367872243544,0.35146692421244874,0.9941098942897195,0.4663032877519401,0.5390615372640702,-0.12687686939238657,0.5867158789177271,0.5685675730530393,0.5867158789177271,0.892963716466701,0.3907443440823089,0.9094151585262704,0.8764797283313172,0.6570448618682421,0.20168886853691986,-0.02049142112833683,0.05536858090360579,0.43831328429527605,-0.07643127729833099,0.5267918816130271,0.46590948659868264,-0.06363759437441763,0.7061192231275192,0.6552745596895869,0.5074863446986131,0.6615850915197119,0.7193524843327979,0.6615850915197119,0.36171025320012434,0.5563076368713772,0.6496870174199055,0.5563076368713772,0.581279732662756,0.6284511424066479,0.6705798704402152,0.7387252425128465,0.6705798704402152,0.22760251452909086,-0.08579638718454571,0.2469025867637892,0.13819045462409127,0.24724957415748605,0.2612328902387647,0.4067995779036814,0.2612328902387647,-0.174831276398654,0.4644490966302067,0.8202286532310171,0.5487727748982527,0.7356614228332145,0.054044745499769356,0.5270427556640388,0.5269636034732602,0.5270427556640388,0.6423008352504201,0.6423008352504201,-0.27486072370012254,0.7202587114342175,-0.22096458107070352,-0.5695651902436801,-0.3968311981923341,-0.40037482373892186,-0.39571258466797693,0.028292428954927555,0.02408170778710222,-0.27190560802918884,-0.5516727056221821,-0.13961547293519155,-0.23992314494571823,-0.21716732067530606,-0.008920324344400937,-0.012596922560317362,-0.4563651585322301,-0.0006130101951235228,-0.22656023829356822,-0.4890405527702677,-0.12629323262930878,-0.36567795823359583,-0.2420321810699425,-0.36567795823359583,-0.42696190814500534,-0.5107125368952113,-0.5107125368952113,-0.24937847863458645,-0.24937847863458645,0.33143153206961123,0.14546042149792907,0.25075855214319676,0.4936309428137719,0.2287751093495258,-0.3179722960015953,-0.034221430627568494,0.4494576283652017,0.5621063316339598,0.4494576283652017,-0.04409682617621852],[0.9997080378896982,0.999265149252836,0.579121238533951,1.0,0.9986829162885641,0.9997080378896981,0.992665613850642,0.9888409574872782,0.993653619632014,0.971396051812511,0.9877739774370743,0.9926980517674153,-0.12555457286017122,0.9927342619079499,0.9614846910443221,0.9523734389177766,0.41394575984234266,0.9935352620784198,0.99352281855372,0.9846130453195875,0.9926768784734591,0.43929326576407934,0.6806701559162252,0.9814195802228389,0.9813976702032905,0.9729695535132704,0.3139667764934936,-0.125094115610248,0.9894641235855657,0.9894402806827199,0.276436632303103,-0.19577364855207952,0.9947060402391786,0.9958118807473673,0.7775896967139683,-0.39215425694002154,0.9916380373621023,0.9958432704851397,0.9609449274525323,0.3956236020127634,0.9923500274203876,0.9947727567244963,0.9923500274203876,0.8869113801017001,0.6544483001802295,0.8819144393762507,0.8838875126217943,0.7719856720089653,0.3796514436360736,-0.14531993052524175,0.1860254239776987,0.9395744213827428,0.4335003990474546,0.9724337601315907,0.9683619568276828,0.8937695304340781,0.9073344972657866,0.9203667151067708,0.907448093656548,0.9127526510987637,0.9137953341290176,0.9127526510987637,0.840954924946403,0.8951604670208061,0.8963249597394579,0.8951604670208061,0.8960469334788079,0.6766727127620185,0.8316615814362794,0.8332588457304135,0.8316615814362794,0.6179257627372702,0.10548747791816843,0.593886972089313,-0.5952561207966909,0.4974401628981395,0.29342527826384884,0.5223031301706759,0.29342527826384884,-0.11115864241760097,0.8811398487820852,0.9097549285423902,0.8921010037057275,0.8929061999537146,0.40692994515031133,0.8788898476362044,0.8801696397155455,0.8788898476362044,0.8712873608041906,0.8712873608041906,-0.15712372509648245,0.5866561324325558,0.19456593264775895,-0.5901771341705795,-0.5746741836230634,-0.5781559681040714,-0.06384580918820254,0.0643742746336791,0.24576406146438384,0.10520449340368117,-0.4236977080126006,0.040226187610578376,-0.8002777570047399,-0.22779019548809915,0.12313262480032898,0.12338147090394838,-0.5540497608539767,-0.5989436931283472,-0.2236639173599735,-0.5046603292765068,-0.830226385407436,-0.3594888236625398,-0.35137490775633573,-0.3594888236625398,-0.19808035402716964,-0.27812181909045725,-0.27812181909045725,-0.8162940900989952,-0.8162940900989952,0.3884391059415489,0.6431735413724324,0.8634371006648326,0.8428352504141516,0.7789661643558876,-0.2735655051922676,0.7555623675341812,0.7959839721164911,0.7962100477867547,0.7959839721164911,-0.21906734533908934],[0.9975630283070653,0.9941419728510051,0.4757209837953286,0.9986829162885641,1.0,0.9975630283070653,0.99685580885467,0.9949662803112577,0.9970458108559616,0.9613996977004985,0.9955685725973656,0.996876877868333,-0.33224653887129185,0.9969079033026176,0.9491404769015954,0.9327779837285017,0.21606241791909264,0.9974332521224273,0.9974271047174297,0.986348355529487,0.9968624185082071,0.07662669093708512,0.6447562644091395,0.9908738024203805,0.9908311479414198,0.9857056825664025,0.06867782482734722,-0.10945831670105868,0.9875650122737303,0.9875101728502166,-0.03379327041148826,-0.09246908498172797,0.9977372389986578,0.9976714606579374,0.7567678024897085,-0.5312108118097593,0.997246300069768,0.9979397086897257,0.9452573675636619,0.19216924055930826,0.99768720383335,0.9976880876568086,0.99768720383335,0.9017609872614397,0.6155656777890597,0.9022037583035497,0.887670556852346,0.7398068856125837,-0.09935844381141277,-0.5818648256349609,-0.23141521639766527,0.925281529381508,0.2878927882057642,0.9662374123586137,0.9662956047378999,0.8889200531892266,0.8858374927989653,0.9069235492807683,0.89290253125665,0.9050909122794656,0.9054968911683501,0.9050909122794656,0.8118378652103312,0.839847487921803,0.8411793521760879,0.839847487921803,0.8832896547963306,0.778730440468301,0.8631887826962006,0.8641498189160102,0.8631887826962006,0.5699143096218708,0.4353877038995143,0.5539309266330937,-0.6361659999060258,0.55189152280593,0.5293087435589282,0.5285535137660274,0.5293087435589282,-0.13170986870313828,0.8606020747552632,0.8802849517205936,0.8653014615548272,0.8984971705476779,0.2606102724930868,0.8615721330058816,0.8628334177082401,0.8615721330058816,0.8693955436884391,0.8693955436884391,-0.19954736205596701,0.6436287087049425,0.04813564734432151,-0.6248383706655924,-0.6308965665109998,-0.6312532688568312,-0.09952322505202059,0.08658121661855062,-0.15249936474920217,-0.14758371546124466,-0.5082872611830376,-0.33122929429137,-0.8614008329545892,-0.5235007921172015,0.08952780022859134,0.08961654173230803,-0.5840536867670838,-0.5905793824991358,-0.5189523591232686,-0.5469301469107617,-0.7959887402833422,-0.5742869230648483,-0.5770761587104669,-0.5742869230648483,-0.2413901932850748,-0.31625691064216443,-0.31625691064216443,-0.762189875489227,-0.762189875489227,0.3692745649800064,0.6219548688255921,0.8138165970000197,0.7895238199905652,0.7662067841634869,-0.41075193096839646,0.606034194227866,0.6869995057331816,0.6872564770120918,0.6869995057331816,0.012572322889865312],[1.0,0.9999841234933181,0.5851413988896392,0.9997080378896981,0.9975630283070653,1.0,0.9911122590152528,0.9868126700086324,0.991774972075565,0.9735536223139708,0.9830517825448928,0.991156046068246,-0.12136051976508748,0.9912193333749324,0.9601328361674394,0.9510328812551281,0.42817092554446107,0.9922007069197016,0.9921858179679107,0.9842146106367456,0.9911426837820295,0.4479437596917579,0.6772031829121031,0.978527208420796,0.9785049346189708,0.963430969324703,0.3186909159319954,-0.11795113482339378,0.9897774602442468,0.9897431087311972,0.28468623878358956,-0.19505293916857275,0.9939389746475812,0.9947732797346284,0.8170686350396423,-0.38654329452078245,0.9881825275148484,0.9945684826243715,0.9604813004844066,0.4102063890997205,0.9941171040384186,0.9941039862430341,0.9941171040384186,0.8884972287026771,0.6671011610444003,0.8742983969555259,0.8869514428057296,0.7938032263306098,0.3850685155172934,-0.1394677728081388,0.19240995444250789,0.9452940795698029,0.44953422939384546,0.9767346249489722,0.971166022973453,0.9173029028998824,0.9157577829533786,0.9349432634353912,0.9123077804028683,0.9318379693559233,0.9325892139650082,0.9318379693559233,0.8504750599160459,0.9084870360076643,0.9095464911884067,0.9084870360076643,0.9002811568060739,0.7424191054520193,0.87466303522167,0.8762254075292162,0.87466303522167,0.6277712228312482,0.315166444202033,0.6056488492317416,-0.5901298418298501,0.5038517783863864,0.5530155655036871,0.5541055871214142,0.5530155655036871,-0.10428363085048034,0.8876532357294716,0.9198319685890708,0.9017094300406671,0.9187764340544301,0.42033523146252655,0.8844497426299879,0.8855677680855691,0.8844497426299879,0.8929680318099669,0.8929680318099669,-0.1510148349643238,0.5606944531070341,0.189798089150813,-0.5797122303441825,-0.5669472339573819,-0.5705236143565262,-0.051290626291981056,0.06979807151880278,0.2528936445110269,0.11805002495098206,-0.41106400292816564,0.04681839130421911,-0.7936121406318174,-0.2197853489213862,0.13410864347944948,0.13431143601104373,-0.5466021698145281,-0.602050632213682,-0.22198071860750582,-0.4925426725150418,-0.8278691575162803,-0.3576895094720171,-0.349007805436633,-0.3576895094720171,-0.18868487749884083,-0.26795623495439747,-0.26795623495439747,-0.8160639681054035,-0.8160639681054035,0.40118121912375665,0.6549907709860682,0.8709808901225158,0.8503091679044671,0.7861400130378378,-0.2600466274644083,0.7644076593723572,0.8045330004068881,0.8047567170595361,0.8045330004068881,-0.2341284874968039],[0.9911122590152528,0.9792694517545714,0.5726968115187264,0.992665613850642,0.99685580885467,0.9911122590152528,1.0,0.9972512916769025,0.9999684912186677,0.9530308972697724,0.999611264521234,0.9999962544793418,-0.13920506796189583,0.999992657525883,0.9784167684613013,0.9718785129695411,0.36649615333395097,0.999841753366927,0.9998418664112622,0.9887730712921075,0.9999964621131276,0.34699939636429644,0.6814394176766746,0.9845754536030876,0.9849497217316293,0.9870135516171322,0.23658768178131154,-0.18326946990261367,0.9920177555474204,0.9917785311992247,0.17703905463736816,-0.24554981211247745,0.9993046376939636,0.9993997605986621,0.36558129025254094,-0.32574935770769414,0.9987557768103026,0.9993214231760251,0.9742509044036542,0.3466849365765889,0.9336821708560964,0.9990351493200351,0.9336821708560964,0.9106135884701767,0.6198166288730942,0.923343105448998,0.8965076549436906,0.6953849772789307,0.41241798163844645,-0.08730904824574463,-0.20929895279182323,0.9239726300060321,0.3932873461535547,0.9683155621782535,0.9616670490325986,-0.07526556524203808,0.837909173251804,0.8078255536896154,0.8551664253654326,0.8014253714411289,0.7679876587294566,0.8014253714411289,0.7691930846214824,0.7686751973829622,0.7653029553429377,0.7686751973829622,0.8432471584061868,0.32213678105080495,0.5370775083997351,0.6161673402859745,0.5370775083997351,0.5379052700999948,-0.3593110603090531,0.5009120324397651,-0.6581936807575451,0.4206173982649633,-0.12383696305029628,0.37996476602082563,-0.12383696305029628,-0.15479779339942484,0.819123009563569,0.8312896650747051,0.8194040562747155,0.7413091323443698,0.3585866833130091,0.8215143564596585,0.8233393577925503,0.8215143564596585,0.7306424534959258,0.7306424534959258,-0.23646893218781692,0.6919515298746834,0.2505097470913247,-0.6067071863486676,-0.6171465400568302,-0.6201622978070488,-0.11444262272620007,0.012573689382534179,0.3515185115286614,0.06749931101338455,-0.44866246427011,0.09287810732194347,-0.8272585415540262,-0.1308015824043966,0.05228984883404573,0.05261677553963599,-0.5991466424207351,-0.6053397432483874,-0.06271018240411406,-0.5833920632115683,-0.8426608222187545,-0.3552497866139005,-0.18289604408711402,-0.3552497866139005,-0.2763633344286862,-0.32684643555755266,-0.32684643555755266,-0.8357180698066087,-0.8357180698066087,0.3672109440902041,0.6001959274206261,0.499750569786676,0.8065227121015898,0.7566129624341142,-0.3304255684088941,0.060781691726633905,0.7616448508059649,0.7803156626507687,0.7616448508059649,-0.1448672873726192],[0.9868126700086324,0.9708769148849935,0.561624161284561,0.9888409574872782,0.9949662803112577,0.9868126700086324,0.9972512916769025,1.0,0.999486527273577,0.9449505103180994,0.9983800179030646,0.9980435283457345,-0.1482993402609798,0.9990357048426657,0.9769234335452999,0.96384425708353,0.3443893493554321,0.9990856958696623,0.9990872050156461,0.985900051791072,0.9991914200610973,0.32013779774814843,0.6810762594115518,0.9920600509852113,0.9827176773816213,0.9830238801704859,0.21732175244922955,-0.1979435802188647,0.9882931500676938,0.9917110848108718,0.1569852641843471,-0.25225296828291427,0.9981728716734551,0.9980870330761865,0.3452827787227797,-0.3331026151686933,0.9963077514382783,0.997941456018127,0.9732495669500095,0.32410407517509704,0.9251102811417592,0.9980015297844493,0.9251102811417592,0.9079541213469934,0.6039675187061065,0.9237253727472823,0.8925463994443683,0.6687022863579791,0.39894888190364164,-0.10302178119796522,-0.22284025878948133,0.9147203071085835,0.3721798483251919,0.963514331409458,0.9560857953362966,-0.08601478032045443,0.8238407231616833,0.7897140691081834,0.8452834635729343,0.7845259669467912,0.7546301100872542,0.7845259669467912,0.7548134393887832,0.7479161013469269,0.7507043016083561,0.7479161013469269,0.8336339309212182,0.3007622653347739,0.5144855241671508,0.5982999056121924,0.5144855241671508,0.5228807035798512,-0.37504513105539394,0.4840928196266753,-0.6671105626678409,0.41106120773462707,-0.147361044751921,0.36194189359859646,-0.147361044751921,-0.1621028093151275,0.8074820612308407,0.8130268039294528,0.8042666197838413,0.7253705843736857,0.3409776414438055,0.8105077780885922,0.8125495978013185,0.8105077780885922,0.7108569974568835,0.7108569974568835,-0.2531524310887412,0.7205364610147463,0.2583883358140678,-0.6167297440622568,-0.631064396170493,-0.6338816602472559,-0.1300940784794513,0.003996683589374476,0.34455717089289367,0.04774820765223515,-0.46224942870243596,0.08345854348904325,-0.8341418226016417,-0.13742429902301834,0.0357732650722374,0.036116665836424304,-0.61184528669595,-0.6066337781465917,-0.06970935460175791,-0.6018828306854812,-0.8429697552203396,-0.36740647481752364,-0.18928015789824273,-0.36740647481752364,-0.29527343718544835,-0.3415703061519557,-0.3415703061519557,-0.8344165160151253,-0.8344165160151253,0.3443511257669078,0.5821310974507642,0.4801800200703054,0.788104756718187,0.7431572872733242,-0.3534986022902335,0.04602131011654857,0.7419529877120805,0.764200839129264,0.7419529877120805,-0.12710295988862697],[0.991774972075565,0.9790733331449415,0.47956629979746046,0.993653619632014,0.9970458108559616,0.991774972075565,0.9999684912186677,0.999486527273577,1.0,0.9518170776149112,0.9995621270641959,0.9999697278225304,-0.30883418608036783,0.9999741763673001,0.9581329179370242,0.9405660825998617,0.2576831086180092,0.9997863067146996,0.9997868800617493,0.9885821454431315,0.9999666025517224,0.12407730962611409,0.6418148521919131,0.9943520138829693,0.9942989645267275,0.9868119314294177,0.050474419505478416,-0.12298718688045522,0.9905884545484378,0.9905572695146956,-0.016729768395217705,-0.2056381676743343,0.9993296915508558,0.9992869545005403,0.7676472435527082,-0.5217644290111556,0.9986709138917953,0.999299798882447,0.9530256070728982,0.23444382245340803,0.9991735679116668,0.9991789807593513,0.9991735679116668,0.9104378437705266,0.6207055672424059,0.9228005020137887,0.8956181451477839,0.694735804951442,0.007447746125586109,-0.5287719671804569,-0.1816269579027698,0.9191852673611337,0.3413430889874056,0.9627306081309999,0.9618646735623049,0.8608967312026313,0.8386226643569172,0.8798964098361718,0.8559788843504207,0.8781181051409834,0.8788356087291712,0.8781181051409834,0.768174890828508,0.8212125520491873,0.8229109906169392,0.8212125520491873,0.8445842481744855,0.7393475153926491,0.8324900323385698,0.8339190974246978,0.8324900323385698,0.5370691789669017,0.3601593945616851,0.4996622599307177,-0.6840090054070073,0.4788143246762001,0.44300333094152555,0.4429405990587061,0.44300333094152555,-0.1120730084264617,0.8195183243972755,0.8310874955952633,0.8196225414950399,0.8711529565649263,0.2827083757116865,0.8273871293848597,0.8296966458718672,0.8273871293848597,0.8352416147276395,0.8352416147276395,-0.23863920361608287,0.692602461242498,0.07336699751113475,-0.6190496881154541,-0.657559658998554,-0.6584424299197439,-0.11810529734547268,0.014884180109607468,-0.15947267086629432,-0.11742392535549515,-0.49533324994843353,-0.3617424140715316,-0.8763137451979669,-0.5618044311970188,0.050677597658073,0.051801200266316266,-0.6010268841870982,-0.6014545136959251,-0.5286013963611552,-0.5854700543656988,-0.8166663051764824,-0.5978482818861591,-0.5999484217985425,-0.5978482818861591,-0.27892175102172545,-0.3304726017667138,-0.3304726017667138,-0.7961766237139681,-0.7961766237139681,0.36709825891200903,0.5986926129162935,0.8217398187969241,0.8011829128450799,0.7549196286264952,-0.3590502183630359,0.6394595782565313,0.7083391737011816,0.7084950155156787,0.7083391737011816,0.09511935126359532],[0.9735536223139708,0.9605708092701426,0.4223790997800017,0.971396051812511,0.9613996977004985,0.9735536223139708,0.9530308972697724,0.9449505103180994,0.9518170776149112,1.0,0.9277546326329172,0.9530575350376121,-0.24353140636023698,0.9527194957372915,0.881409768556282,0.8601489791747853,0.05986506204456834,0.9584353080487014,0.9584125487990565,0.9531990451491922,0.9531901983461054,0.05316636344170277,0.6882502431172166,0.9549653573378528,0.9551731675703206,0.8382702306395559,0.1541610836879087,-0.1052529800461906,0.9614344461693695,0.9615639251935343,0.1335003466086941,0.06730305350606444,0.9626762561074066,0.9629622140612187,0.8582686551995979,-0.4414722348902355,0.9388990426570419,0.9618226685526204,0.8838909745182149,0.03743599692764671,0.9640181942961515,0.9639819850382908,0.9640181942961515,0.7887834526567735,0.416525923468945,0.7617452634167583,0.8681852004333642,0.8332924798222128,-0.5507886416946186,-0.6863040311438261,-0.29696114319787087,0.8712463735590138,0.05490371515434067,0.905481278717532,0.9055323292389118,0.8644540654056957,0.8599231325389316,0.8890006606283263,0.8675312072205922,0.8811330510011575,0.8819237073202209,0.8811330510011575,0.8099964408402817,0.7890790983189586,0.7911427197143474,0.7890790983189586,0.8600782217605081,0.8792105002987647,0.8582467045965689,0.8590037295794893,0.8582467045965689,0.6335172992940535,0.5536714369051825,0.6349305447759075,-0.40006129668619606,0.6566572581870002,0.6768201636424263,0.6797604144729144,0.6768201636424263,-0.2712033314812496,0.8647985704184328,0.9241024682500991,0.8821393680025794,0.8798038960284955,0.15295031532855216,0.8571446021763993,0.8584414564283146,0.8571446021763993,0.8683577947440319,0.8683577947440319,0.0165477411276503,0.31435024256146615,-0.094620925282508,-0.5316400938269208,-0.4063889877692839,-0.40836189578859805,0.044139603674002895,0.39518777786347753,0.08652730215633546,-0.055695130804989806,-0.38739277737030164,-0.01032943971374606,-0.8100156103040937,-0.17218245562322063,0.28460577499139317,0.2838698543272381,-0.36863010944894015,-0.43878123355118853,-0.324821616936948,-0.3314301991234411,-0.68291973866054,-0.34567797674848927,-0.3477207901663185,-0.34567797674848927,-0.07275858870755106,-0.3648343562257217,-0.3648343562257217,-0.5390928080167816,-0.5390928080167816,0.5625054781690662,0.6700015467834006,0.7603962339002931,0.6733483543908783,0.8358442493415521,-0.4541456204278267,0.3864105320384305,0.5597544661625534,0.5600306709499825,0.5597544661625534,-0.2261614048495879],[0.9830517825448928,0.9811428323216893,0.9966872004725841,0.9877739774370743,0.9955685725973656,0.9830517825448928,0.999611264521234,0.9983800179030646,0.9995621270641959,0.9277546326329172,1.0,0.9996096806108778,0.9996060335269163,0.999563882718547,0.8563349903528932,0.8218299898253978,-0.40362626916720884,0.999750312287643,0.9997540870467626,0.9996163242227669,0.9996162512363845,-0.2499509409281888,0.9640134560601018,0.9928414937547938,0.9928169484449193,0.9897657044591969,0.049299825527071336,0.08835351869885774,0.9896586965776192,0.9897215976073824,0.9729612916800184,0.03208117336683193,0.998773335803299,0.9987170251775762,0.9985395983315644,0.9992719627917453,0.9992393413963367,0.998778759256744,0.8383061494876306,-0.41363341788136626,0.9984776252386852,0.9984884158672082,0.9984776252386852,0.9040902185289448,0.4719533527183009,0.9186973883918579,0.8935803157471305,0.6960050072342845,-0.5245375873463084,-0.6518905446640437,0.7944753315299811,0.8101427053179845,-0.3024282723918122,0.9231806367632074,0.9233817126789179,0.861967979433196,0.8713014551890107,0.8397405010916746,0.842195021461608,0.8485942250134112,0.849489289141351,0.8485942250134112,0.6831975575177187,0.638361956954013,0.6410348548265122,0.638361956954013,0.8717773969218918,0.880458866137784,0.870485838585975,0.8718933211071525,0.870485838585975,0.33617118903659676,0.2657157607474582,0.3926265605917585,0.5161840443798841,0.3900048420252082,0.43570741386602446,0.43819065983682065,0.43570741386602446,-0.4111548041373608,0.7866750998732117,0.8354166827615548,0.8163139234843818,0.8704949119319346,-0.1748402886348727,0.7799993764866451,0.7805147458114768,0.7799993764866451,0.7938386352239526,0.7938386352239526,-0.2979679805255934,0.6840139903453837,-0.3976970704936424,-0.7128696325734241,-0.5465906172802464,-0.5488891083110856,-0.374938810538903,0.1684437858698764,-0.2783546059349906,-0.4599969807551652,-0.6592811225704557,-0.35727199087786243,-0.6189677927131986,-0.42356996557360876,0.04144103950553277,0.03795597978209258,-0.5656246780960584,-0.5314714528443497,-0.5506419814961162,-0.5848382929519758,-0.57903127403241,-0.5537944002619091,-0.5567660287833137,-0.5537944002619091,-0.43855107736684334,-0.6075542013329824,-0.6075542013329824,-0.6074986411154291,-0.6074986411154291,0.36230438698930534,0.35375050780868317,0.471665481397097,0.5542981541762342,0.5486941142714992,-0.5556284402417973,0.29494509717212236,0.31178222877919765,0.3119401778659977,0.31178222877919765,0.21545379045690816],[0.991156046068246,0.9793259397312718,0.5727317908281199,0.9926980517674153,0.996876877868333,0.991156046068246,0.9999962544793418,0.9980435283457345,0.9999697278225304,0.9530575350376121,0.9996096806108778,1.0,-0.13886268473551705,0.9999945073993858,0.9783770892458242,0.9709088967501892,0.36654608274216505,0.9998431415252858,0.9998432207206869,0.9888123123631328,0.9999970883164561,0.34732692399483595,0.6815328775300789,0.9899656330821273,0.9849404226599149,0.9869964967448999,0.2368759626252487,-0.18320308186579978,0.9920186594798039,0.9917867204243662,0.1772905146835224,-0.24549980831807727,0.9993061800300441,0.99940338051986,0.36556612606653605,-0.3255230944770504,0.9987579293757488,0.999329761396687,0.9742054956108506,0.3467418251710689,0.9336677704198345,0.9990372537017737,0.9336677704198345,0.9106091132323838,0.6199596821554536,0.9235710102518978,0.8967347747775625,0.695521830198589,0.4128144851249598,-0.08685101768523767,-0.20891532736576973,0.9240486847553109,0.3933537697514573,0.9684059689398888,0.9617310424034637,-0.0750595438472599,0.8380964588188449,0.8079392784373008,0.8553004561788057,0.8015374461837629,0.7679287571547823,0.8015374461837629,0.7692918949207644,0.7687402710107003,0.7652361174743272,0.7687402710107003,0.8434226218896251,0.32201810595628616,0.5370974294246226,0.6160805982068038,0.5370974294246226,0.5378582015438188,-0.3593236357862242,0.5008828976223706,-0.6580680844389167,0.4205213988085002,-0.12396069724345656,0.38001290692651285,-0.12396069724345656,-0.15494762422585726,0.8192125678815861,0.8314605580129155,0.8195247266137178,0.7413032005902118,0.3586398216461693,0.8216140547843025,0.823432728489108,0.8216140547843025,0.7307288713633463,0.7307288713633463,-0.23641791474919635,0.6919134807757459,0.25062056557546414,-0.6067569394879796,-0.6170556871623063,-0.6200765663436036,-0.11453467996998207,0.012444447269991232,0.35168262129471206,0.0675039015991745,-0.4487392533586482,0.09313488422385724,-0.826975579029271,-0.1305108992382541,0.05235109641542256,0.052692363551620776,-0.5991304705373649,-0.6051303688570993,-0.06246350329010047,-0.5833548002810262,-0.8425366785639175,-0.3550205142247348,-0.18269011744430094,-0.3550205142247348,-0.276213814960865,-0.32681459950952346,-0.32681459950952346,-0.8356491988468798,-0.8356491988468798,0.36768388858906526,0.600328430726592,0.5000004439158148,0.8067753389409041,0.7566746084722384,-0.33020570319583104,0.06107203831966859,0.7618884537488495,0.7804244915970936,0.7618884537488495,-0.1448889268650361],[-0.12136051976508748,0.9792892467523767,0.5119740207635034,-0.12555457286017122,-0.33224653887129185,-0.12136051976508748,-0.13920506796189583,-0.1482993402609798,-0.30883418608036783,-0.24353140636023698,0.9996060335269163,-0.13886268473551705,1.0,-0.13824691846157675,-0.14554722768910106,-0.12249767061380147,-0.29501648901759076,-0.1396735855707738,-0.14020702070470728,-0.26125139865156227,-0.13981191840082713,0.027691878978913894,0.30978613142167677,-0.17220545022041994,-0.17253564585008063,0.9869771615542661,0.2507114730946527,0.18677584906956982,-0.1765945363741114,-0.17719174497000684,0.5382981517097211,0.1216345548644041,-0.1372360908392709,-0.2945581104065148,0.17087914052017947,0.9582745844035367,0.9987563105332751,-0.325425661073211,-0.14341923060671513,-0.2849848944571907,-0.13753840222722988,-0.13853319513676568,-0.13753840222722988,0.9106874388726345,-0.11637782328042476,0.9235463065508217,0.8966835620687277,0.6955085077846789,0.08497323673658087,0.25193332074164243,0.6448651184297399,-0.25932287434479767,-0.2975866039748789,-0.0591154051450871,-0.29244332522122735,0.035724452720321244,0.29515632897324584,-0.012003352378400722,-0.28830333784118184,-0.00971773546239507,-0.00025041281384378765,-0.00971773546239507,-0.391591960019823,-0.0972654971622988,-0.09943195462572073,-0.0972654971622988,-0.1874192274755543,0.07618978313310036,0.053689975301148,0.05361844278374322,0.053689975301148,-0.39974538129328846,0.006847253450472008,-0.3638735670796091,0.6194545404861177,-0.33196705511516345,0.009456115096301877,-0.054412557952169344,0.009456115096301877,-0.3074598767556402,-0.3224162995613359,0.8314310757220688,-0.09459522887463818,0.022689216378453517,-0.22260055279668547,-0.24723597040130332,-0.2468679788703731,-0.24723597040130332,-0.01816888800486187,-0.01816888800486187,-0.21782134459922772,0.6918469444298274,-0.16161967037429184,-0.028211769615870855,0.19329204256398422,0.1918318287155103,-0.25328661961981874,-0.0063676134658950225,0.019593688434112067,-0.1767227380856384,-0.11673877697019365,0.04021355340213859,0.3787837025944135,0.11113928310090572,-0.037471630645218225,-0.04140556700359041,0.08192378552489998,0.5670748453498289,0.08916251234799623,-0.20182931829522088,0.6073507604596946,0.09240099420492345,0.10064455806983325,0.09240099420492345,-0.24054649281986057,-0.19889296872729448,-0.19889296872729448,0.31913464460930874,0.31913464460930874,0.3677882228570308,-0.24791782798764894,0.02078421056400031,0.09444099637198226,-0.241731283583068,0.06876177115034303,0.15598779528455037,0.10736693228671482,0.10726310951078273,0.10736693228671482,0.12508720869055187],[0.9912193333749324,0.9791203377924536,0.5730471858931014,0.9927342619079499,0.9969079033026176,0.9912193333749324,0.999992657525883,0.9990357048426657,0.9999741763673001,0.9527194957372915,0.999563882718547,0.9999945073993858,-0.13824691846157675,1.0,0.977021687761454,0.9660552013470612,0.36665225275384616,0.9998461194685911,0.9998461159436598,0.988967164148986,0.9999945171488442,0.34800742233319737,0.6813837329825637,0.9934192184411603,0.9933101003066364,0.9868850622226429,0.23716111340177626,-0.18324436096405755,0.9927716104594183,0.9928211570278804,0.178075788816805,-0.2453255385295436,0.9993555820817813,0.9994022193450074,0.36452041674990865,-0.32467206543684607,0.9986986535897413,0.9993327247855136,0.9741025033410272,0.34687285594087025,0.9331632276464734,0.9990924182240712,0.9331632276464734,0.9108779601750387,0.6206806807844092,0.9239033038934316,0.897075645660279,0.6952160510128824,0.4142220321298208,-0.085246426865519,-0.20911878847005153,0.9244379649661406,0.3936325943979168,0.9688204722530112,0.9620861207290569,-0.07608381497331677,0.8383868952269677,0.807861820096391,0.8555613045335837,0.8015001011201451,0.7675211553991678,0.8015001011201451,0.7694944641400108,0.7686958392603324,0.7656499853381067,0.7686958392603324,0.8437726713606651,0.321335822325234,0.5365869614432175,0.616110926549829,0.5365869614432175,0.5376953708925409,-0.36050028394619654,0.5007929544224224,-0.6582196947778514,0.4201373073347186,-0.12496991428899057,0.3796660709211528,-0.12496991428899057,-0.15489120464920222,0.819353297357849,0.8310965874939883,0.8196368844351518,0.7317908605277614,0.3590140703080083,0.8217402854440383,0.823547970505407,0.8217402854440383,0.7305392640308757,0.7305392640308757,-0.2380172995583136,0.6927847512515084,0.251128085792733,-0.6067529147618465,-0.617437947500248,-0.6204633674282636,-0.11571627018824142,0.011193186563338633,0.35198649725479625,0.06704504701251701,-0.4490118800952659,0.09321093737242443,-0.8261039873549094,-0.13035373872568823,0.05131787135989455,0.0516538448074464,-0.5997684754367769,-0.6054048801920406,-0.06188003109541065,-0.5846938616434428,-0.842524020344599,-0.35495741729280555,-0.1821283915606812,-0.35495741729280555,-0.2772139959158314,-0.3272985147105849,-0.3272985147105849,-0.8359939428730101,-0.8359939428730101,0.3678449590727859,0.5999932857507485,0.49945308029501534,0.8072190505269281,0.7561018072377846,-0.329730990943028,0.06039377600237576,0.7622872610803486,0.7810287180526033,0.7622872610803486,-0.14456460571957347],[0.9601328361674394,0.8138740759222312,0.5423740896452572,0.9614846910443221,0.9491404769015954,0.9601328361674394,0.9784167684613013,0.9769234335452999,0.9581329179370242,0.881409768556282,0.8563349903528932,0.9783770892458242,-0.14554722768910106,0.977021687761454,1.0,0.9970257862841827,0.39341449038513676,0.9739881995036903,0.9739929018851843,0.9540101202575526,0.9768759143992872,0.3403025241327224,0.6351792586383178,0.9697312337922869,0.9602494773602186,0.6813542156758929,0.21660905585687823,-0.18793535182129592,0.9752787398293841,0.974885871807374,0.1655052237532402,-0.25677995697745015,0.9773442239034361,0.961383760338421,0.34029782877788245,-0.32210309305194995,0.8607606807866911,0.9563086094123849,0.9985158038797656,0.3742245290952863,0.9074969374199013,0.9771541586940209,0.9074969374199013,0.7724342287804506,0.6124898350054346,0.5965798180130272,0.5692031770323378,0.5867414717894671,0.41476670001061433,-0.07419936301485029,-0.21120014816439034,0.898113535328888,0.40375665385391124,0.9513727591672321,0.9277879997738497,-0.08869930835108802,0.7180400204286848,0.776708275381634,0.7946945074686875,0.7694533421441182,0.7505685527195436,0.7694533421441182,0.697511219441465,0.7431499243448864,0.7499706013606858,0.7431499243448864,0.7712483948166929,0.29898624202125834,0.5091630690029056,0.5975940932390821,0.5091630690029056,0.5006085131146047,-0.3637380961827663,0.4583409032109462,-0.6566931176244539,0.3833924068114141,-0.13227713405988392,0.3593369152094071,-0.13227713405988392,-0.15302079424356124,0.7596722827600897,0.6799485338942902,0.7208223025382944,0.7243121316362505,0.39216989015525444,0.7727327616229613,0.7756321503063865,0.7727327616229613,0.6991708643810018,0.6991708643810018,-0.24730533803503976,0.5400163592839429,0.2512914036454194,-0.5384996708198428,-0.6011660879150547,-0.6039647865515442,-0.09873554426073111,-0.011806869901446776,0.3576279133479079,0.09123521376122842,-0.3855451280290463,0.10392793214561498,-0.8110317653613595,-0.11580583268608854,0.02583162185446598,0.02658675664479846,-0.5797013470512499,-0.5870321328829079,-0.0472437431146053,-0.5413195880796903,-0.8310029062534637,-0.33776440660645857,-0.16703927813144906,-0.33776440660645857,-0.2610794352387727,-0.3029568369271138,-0.3029568369271138,-0.8253454149463681,-0.8253454149463681,0.2572791882393599,0.5776984362821688,0.4910557854304157,0.798010773446735,0.7253649525383815,-0.3073091680207565,0.056513161821847104,0.7583238165763853,0.7786999833795943,0.7583238165763853,-0.14264581170648055],[0.9510328812551281,0.7858367721669017,0.5694207402285573,0.9523734389177766,0.9327779837285017,0.9510328812551281,0.9718785129695411,0.96384425708353,0.9405660825998617,0.8601489791747853,0.8218299898253978,0.9709088967501892,-0.12249767061380147,0.9660552013470612,0.9970257862841827,1.0,0.3877555356353021,0.9619978060300793,0.9619989863623575,0.9354937413151276,0.9658281399788763,0.35394005094153363,0.6448156519307983,0.9471416409328781,0.9474029394525922,0.6295816608007898,0.2374154101131576,-0.16332249221086212,0.9732647724108066,0.964618005809029,0.1978367725464036,-0.23010230318791752,0.9671449605650216,0.9448831716370997,0.363956503927604,-0.29128762656921675,0.8273935309553542,0.9388950860499169,0.9969181313558299,0.3692140329614562,0.901172317416558,0.9670839567373667,0.901172317416558,0.7320635039022436,0.6128001634994882,0.5467944010134211,0.5318648130271425,0.5830874551190552,0.4076300119260633,-0.06813163688970521,-0.21591952258098732,0.8853774558924528,0.39208667565126964,0.9422973699928957,0.9125673789427914,-0.09969884402519492,0.7114978137493687,0.7915146119192511,0.7938414416212177,0.782871310937979,0.7755490953122801,0.782871310937979,0.6940327062724369,0.7561102629782912,0.7715853984598884,0.7561102629782912,0.770704473830256,0.3391088386148462,0.5387403821624216,0.6317250483175897,0.5387403821624216,0.5087291924148286,-0.3520492468618255,0.47074218628162673,-0.6148709914145852,0.39918715156440865,-0.09464691186242791,0.3895078978135524,-0.09464691186242791,-0.15100512504500838,0.7612187468406171,0.6694513197506585,0.7154581313843695,0.7534951511686384,0.3923284340041591,0.7760107926150341,0.7788617772549377,0.7760107926150341,0.7201851558756663,0.7201851558756663,-0.22232097874606307,0.4772317586949397,0.2239122687839729,-0.5363455359470565,-0.585986384319062,-0.5888952779270794,-0.09377655489511236,0.008020546755221427,0.3562609096648107,0.08850724882835138,-0.38512632804947,0.10632737905845518,-0.7904110662120948,-0.10950229396942629,0.04295597231892265,0.04338843123242884,-0.5653857021290852,-0.5516214483062283,-0.046772522130079486,-0.5063845374995043,-0.8067421834484478,-0.33168799848743524,-0.15969959376284534,-0.33168