var element=document.getElementById("correlationAdjClose");if(element.style.display!='none'){var correlationAdjClose={"data":[{"type":"heatmap","z":[[1.0,0.9999917805477854,0.9849471662411484,0.9999240169595772,0.9989541721250765,0.9877136596643468,0.9976322159955998,0.995517948479236,0.9958296354608132,0.9801092264588522,0.9927730599200136,0.9956553545514596,0.9949030870107985,0.9955695353712013,0.9969826588023619,0.9966809988433699,0.9981719567130857,0.9962475703128333,0.9962594696724086,0.9963143723213832,0.9956050351392981,0.9859972520256053,0.970299661923826,0.9884771088433886,0.9873635250253783,0.9833203274982945,0.9650666275984002,0.9464871028211012,0.9937608007682771,0.9944570154989774,0.9919368913620215,0.9756228634745747,0.9975434904161502,0.997822749944781,0.9972450450856286,0.9957169281749892,0.9953361715532456,0.9977008722712819,0.9983561491159455,0.9987064259317464,0.9974885268964264,0.9974993530824263,0.9767635543619649,0.9166951714856175,0.7454110763430648,0.9063787389500766,0.9087817558052838,0.8424100502775581,0.965630965780145,0.9455086622742157,0.9670529088339367,0.9649017141655535,0.957355665771633,0.985569046147997,0.9822494118340952,0.9849021174675484,0.9788277290534927,0.9866787808117374,0.9842156062745107,0.9872861763435388,0.9870624455292972,0.9647660058709978,0.9695017234082765,0.9725621455553846,0.9722150929635581,0.9472663259245426,0.9768765153179935,0.9749159860831159,0.9829091796293017,0.9820824200505471,0.9377330348471801,0.8663996499077292,0.8339158019810317,0.8852649617946474,0.909694050329619,0.9053431988656391,0.9076073814287822,0.9061801869446968,0.6428975824606364,-0.571103820165854,0.9781005112843673,0.9706944865977495,0.9671251019988026,0.9857235326698495,0.9717796810585905,0.9825700911995703,0.982522381681232,0.9472891946455716,0.9827193448018557,0.9510619551114811,0.6618189916427789,0.8770075110035503,0.9181546224090832,0.7625057470284966,0.924588219715097,0.9437541300313848,0.821088105753865,0.9596876233848011,0.8959008061371573,0.6342082383722474,0.7105938959585066,0.8919576047976459,0.8656873269924162,0.8889531415990775,0.9701191607503912,0.9703183844072935,0.7394228488883503,0.7108591265086629,0.8250534912780657,0.351495910733361,0.7955878586059837,0.8294069454794109,0.8160840764863324,0.8142728030483207,0.7563596487879899,0.7436684993488469,0.7242883313400329,-0.24899375697622866,-0.3858815304382939,0.6424802230499822,0.8983652011043295,0.942849474605218,0.9474696438975799,0.9175916243105214,0.8281967216667422,0.9145351371860465,0.9360901906960267,0.9359191640547089,0.8703823570571457,-0.1890902150940401],[0.9999917805477854,1.0,0.9843173555011571,0.9997872501596413,0.9977581298097101,0.9904952226850792,0.9934819253880466,0.9895717310423893,0.9896031258554233,0.9699165222103042,0.9918294503717479,0.9897916357481082,0.9896306120909969,0.9896767213126795,0.9913840294761044,0.9935584246540974,0.9953471479968096,0.9927433321714888,0.9927421796895599,0.9896727571651559,0.9897288838910273,0.9889692786616036,0.9650917547321592,0.9854129977214928,0.9851702776745728,0.9831942043534173,0.9747396726745675,0.9155048154107605,0.9878214167447312,0.9844856411839481,0.9767039721552409,0.9173430415012142,0.9949617367995516,0.9948025633919955,0.9950813024351093,0.990631553393697,0.9945614613111979,0.9950770463307801,0.9961777552980724,0.9967236190309493,0.9950618098197332,0.9950703102056458,0.9872149640066596,0.9163575079380887,0.5925007069828955,0.9058599918227117,0.9086145242101886,0.8425552891105177,0.8712983051874666,0.9139775883138641,0.8749300011506357,0.897062306867995,0.8703767966503021,0.9546101332206645,0.954525734009981,0.9762488539208981,0.9797988326992308,0.9742931580720292,0.9739142897095618,0.9767713433818075,0.9766859036295202,0.9403189835016089,0.9490903739664756,0.917812958111937,0.9177180440496527,0.8229121169925382,0.9717781597227066,0.9739084852852778,0.9741484309034811,0.9735872260812428,0.9366403272810457,0.6752035732970444,0.618265731548479,0.7645099373686278,0.8539110421919991,0.7873834654068642,0.8218682928063146,0.8201728709378875,0.6158505400179569,-0.2750585295243193,0.9603589459739904,0.9666431625567283,0.9600871377177326,0.9770735982405404,0.9574324064817443,0.9646123257705685,0.963756869234451,0.910951432936204,0.9673522878553872,0.9161867982062449,0.503991771453303,0.87613284496316,0.8728982127920637,0.3131947744407958,0.6812089217696511,0.7666301490148737,0.653819282988352,0.9592631336979716,0.6644796903190979,-0.2532442815167553,0.1522609586874231,0.6331211908950914,0.6388914761025772,0.6858359261156816,0.9608689011959339,0.9607354927121229,-0.060916365003679925,0.1808046726535191,0.020751549883851726,-0.013113461955274098,0.015616095001145365,0.03225460299824337,0.00014701346355392578,-0.04500722293649806,0.3891875914589475,0.12386514820826001,0.07381583498972247,-0.45015127140492495,-0.48699118549466064,0.6424888468781238,0.747249971470593,0.7719017060310599,0.8300307918466407,0.8255521610657558,0.5446239550397668,0.7347035288096996,0.766941771418105,0.7655997743557692,0.4136860880788495,0.1941300173641353],[0.9849471662411484,0.9843173555011571,1.0,0.9863693804271998,0.9930446748940408,0.9904167507460091,0.990651581688482,0.9911342321706442,0.9943577975958731,0.9563279484676669,0.9970723671980687,0.9910258685137384,0.9929532122751302,0.9911936721577778,0.9894069017407625,0.9935227403692298,0.9905380735182486,0.9897559104996616,0.9897230738268885,0.9928870913573753,0.9910644163537147,0.9938800928586137,0.9804849147842039,0.9909859396023403,0.9914309182452271,0.9822449833278946,0.9832056036973997,0.9507099357818098,0.972323903690494,0.976078263929293,0.9780745807051808,0.9512667919880045,0.9879440431788794,0.9910620790800709,0.9893833160581095,0.9930168575998374,0.9949732041100886,0.9921473155854693,0.9868293535533195,0.9881703111204043,0.9882303161141459,0.9876038554348431,0.9909613507206191,0.9160522948982798,0.6860566839856098,0.929716860075634,0.9027229866328441,0.7583466143304014,0.9259296403024366,0.9007564030156457,0.9282107056877379,0.9248804282062605,0.9142119905577092,0.9525023610738719,0.9599729599975813,0.9332113763342182,0.9525668248052167,0.9562847340154299,0.9624510683611304,0.9567890875586733,0.931052149775295,0.9035653283235553,0.9314064494101162,0.926496065597467,0.909191614686179,0.8697104962774962,0.9623708819496647,0.9404149180139977,0.9569677484822051,0.9355638458411731,0.7853120464157644,0.8094713770455945,0.7385039062603146,0.8308742114302904,0.8717489603298533,0.8702843712290451,0.8404888017544057,0.854447118772688,0.32079153052377396,-0.5695374230018352,0.9496860742825821,0.9266158604179819,0.929362884819125,0.9335541954258898,0.9440442586369204,0.9540518199339005,0.9536382860622091,0.9176736975805836,0.9500865798456166,0.8474659393498315,0.6357979412482231,0.9391542597570538,0.9394890767501859,0.7251731773192687,0.9071033510896261,0.9283680295828562,0.806843015182586,0.9789224410739031,0.7782733871626499,0.541045502492514,0.6507554716496765,0.7864168321846405,0.7916600812200938,0.7751883031839528,0.9823690256368762,0.9824018525009393,0.6599008498347813,0.648003713217942,0.713118688474575,0.2853359009103642,0.6918009541581583,0.7115948791959839,0.7237154659892541,0.7080760929791092,0.7120152437669074,0.671933428952275,0.6507653041207739,-0.32037100403413116,-0.45689622284602927,0.6012845465527697,0.8589678256781145,0.8926455794497448,0.8947052495055556,0.8909222092764152,0.7589084872673946,0.8668570358729246,0.8812443491198092,0.8898349543076917,0.7386919773913702,-0.10901951787102046],[0.9999240169595772,0.9997872501596413,0.9863693804271998,1.0,0.9992502576818502,0.9886978043800825,0.9979548244537534,0.9960275026660981,0.9964196392663519,0.9797589858882373,0.9940890966398328,0.9961468998914482,0.9956014386750361,0.9960776181396929,0.9972888091061576,0.9972909928331912,0.9985045867824398,0.9966927933609202,0.9967021257063869,0.9968172106369738,0.9961004050546738,0.9872609278162825,0.9716354548914345,0.9895538874144288,0.9885508915610611,0.9854842735712248,0.9671525486784482,0.9476766030623704,0.9932082472377983,0.9940934294844206,0.9920233411142328,0.9752652648992592,0.9976927732262643,0.9981088042165971,0.9975458688328174,0.9962703066988474,0.9960611197024818,0.9980261005547424,0.9984107939104033,0.998844051901404,0.9976296128759555,0.997637215808645,0.9785916750256621,0.9124390070515974,0.7390506847581748,0.9071383670113958,0.9066471610114203,0.8324202126256056,0.9627085401865173,0.9420948583725879,0.9640232114461192,0.9622511840640373,0.954489009902369,0.9834989482632497,0.9807257464359376,0.9832142953108842,0.9772610344746047,0.9851727498664619,0.9834151958708403,0.9857005602983118,0.9854713245993164,0.9519631328598893,0.9679258060096344,0.970866747077123,0.9705182666310056,0.9408604289529869,0.9762505389287853,0.9714744227055451,0.9812110035431638,0.9803435501366039,0.9117661779904203,0.8643618989261095,0.8292448062544165,0.8829677001847138,0.906247297536252,0.9045030798600292,0.9046651292267142,0.9032987241982253,0.5399497235054147,-0.5710743622364115,0.9769551226863066,0.9687227381850104,0.9651044136676036,0.9840395918191227,0.9707028987149559,0.9815390711508243,0.9814887513057539,0.9462884732113728,0.9809962721072978,0.9317030901876125,0.6671559755190619,0.8847344077714698,0.9226038553433212,0.7640651075719377,0.9262997770360618,0.9452102168923006,0.8214088016968866,0.9611553382026972,0.8897650476187183,0.6308421279720243,0.7088188291231764,0.8868825404960566,0.8621286846992978,0.8835504839238224,0.9711769268224919,0.9713841768323517,0.7384396204518486,0.7111332096832835,0.8171378488183436,0.35354867128382306,0.789957706074126,0.8212067629241183,0.8079523577257212,0.8089829324590545,0.7591372331211721,0.7437152035556148,0.7244038812765844,-0.24437547994230222,-0.3851388805465094,0.641084273715441,0.8964845414516098,0.9410666234390267,0.9457306847752508,0.9164790219328522,0.8254017375979567,0.9125701754767911,0.9338910228163935,0.9338726024628061,0.8628007644105936,-0.18179545613100664],[0.9989541721250765,0.9977581298097101,0.9930446748940408,0.9992502576818502,1.0,0.9916273134667168,0.9990572256108501,0.9983488729298015,0.9984076075780276,0.9736742348464521,0.997782154018938,0.9983910786665143,0.9982038848512188,0.9983827086600463,0.9987194391473632,0.9985887918282472,0.9992233891672327,0.9987558130236284,0.9987555583740161,0.9984619628787647,0.9983773959284806,0.9938775928052057,0.9792926794913683,0.9940656575292149,0.9940079937731063,0.9888915476151068,0.9810225570148571,0.9510806813947097,0.989720315958473,0.9922697868130492,0.9895966019577217,0.9664033830432283,0.9989391036349101,0.9989765396974736,0.9989779330338151,0.9984867590971407,0.9985599912547996,0.9990791829044208,0.9989024293599822,0.9991463547386285,0.9989265183991299,0.9989263451361994,0.9889177641674869,0.9219748834871418,0.7144402848665421,0.9212278703336924,0.9105699801032997,0.8151932515163963,0.9467024241116522,0.9311918139486299,0.9506822037983904,0.9537806170166477,0.9454949727408427,0.979712606953378,0.9796288009855713,0.9792516629826027,0.971282462822735,0.9802034901012141,0.9791108179085368,0.9805258357043461,0.9802465363728803,0.9535591399513522,0.957932056939757,0.9527976317435891,0.9523384198619806,0.9088461665010341,0.9732720915886319,0.9698289512392438,0.9764568731318034,0.9755128068082005,0.9333187768031795,0.840156974062821,0.795929407466024,0.8654200787195703,0.9092378999373353,0.8905847653550161,0.8991372903078512,0.8978329566605653,0.6970954178904819,-0.5929804087706546,0.9698501595904854,0.957011168561524,0.954549598276349,0.9803442932959394,0.9597557174779016,0.9740656919207182,0.9735979284083649,0.9359550048080897,0.976013763644765,0.939845384249165,0.6538663879776319,0.9045275859649958,0.9439658875732698,0.7160484857918759,0.90525425892313,0.9299542351660411,0.8152114203163755,0.9669704755975504,0.8811506036441897,0.4755922079330002,0.6418414530527781,0.868936060481408,0.8266424219480676,0.8712756693111123,0.9752814341946305,0.9754396273137137,0.6922767450927665,0.6919135685246239,0.7361544602593064,0.3286477006887129,0.6757138553472626,0.7419484953599128,0.7182496356945017,0.6976950876282024,0.7432369150541188,0.7263679967419117,0.7061037244256848,-0.46397281372663146,-0.5417878044825798,0.6307777130355255,0.8891909787775893,0.9254015167808787,0.9374672883568996,0.912750914969042,0.8022560895997424,0.895606096431084,0.9184715761839298,0.9179739742472112,0.7967590925469328,0.03247240532082993],[0.9877136596643468,0.9904952226850792,0.9904167507460091,0.9886978043800825,0.9916273134667168,1.0,0.9878173386240705,0.9880703674588919,0.9876881461978512,0.9631274583489741,0.9797527374926776,0.9880000407392447,0.9892456526617552,0.9881325029768888,0.9872587163589887,0.9917043274860886,0.9891943883705537,0.9889131926254229,0.9889106108833782,0.9869425290595668,0.9880709305049762,0.9960363218374646,0.9917904601549382,0.9881833989808901,0.9881042255836994,0.9716509209726035,0.9856503328245485,0.9682032297692955,0.9704375213354066,0.9749592010630028,0.9830570900401581,0.9699824681658438,0.9877101291491582,0.9879317728116567,0.98874149329482,0.9889183725149517,0.9818362041899386,0.9887723195498065,0.9875624232402752,0.9883488741547126,0.987818585564876,0.9878276180740457,0.99500501591179,0.874222543403184,0.7143336254018503,0.8848967861772847,0.9038590794106214,0.8322017618512841,0.9295568453503679,0.9113257782533302,0.9315647731117584,0.9403046332556881,0.927217108748076,0.9599015563676402,0.9645755457206142,0.9686722548001727,0.9817848427131922,0.9697475482985328,0.9817962083297423,0.9695507716894549,0.9689819796570048,0.9698040315149752,0.9617592908554187,0.943703667088567,0.9431792774256612,0.9332121786207952,0.9795035651150242,0.9718295948911353,0.9700400373835245,0.9684590410813539,0.9527544604672108,0.8627466028696695,0.8149364829046023,0.8831731416757596,0.9005011232977753,0.9083081265449631,0.8907557976464745,0.8885927076064208,0.6637185557305266,-0.5322742174722406,0.975983217339551,0.9734970428768361,0.9697966837186185,0.9697478044847024,0.9669711027387013,0.9758301901829215,0.9754545352117594,0.9582471975499526,0.9652575969117714,0.9574841084237568,0.6703779747826039,0.8522611515645928,0.9415103125900127,0.7635264236714931,0.9170480313644028,0.9339649300431825,0.8155902781073084,0.9574046811814539,0.8444481170317009,0.5740538683590363,0.6812133822784087,0.8421464166289182,0.8214069488637793,0.8401571981245082,0.9593507710136898,0.9594155127708842,0.699596434188732,0.6898871324026451,0.7596646104457956,0.35338821027821776,0.7408272392264155,0.7654252153647395,0.7516076273946586,0.7535808038515217,0.7456162805563122,0.7129716313112794,0.6958247079220425,-0.2743813873057594,-0.40278475162583294,0.665130080355005,0.8792684530167499,0.8972162213903603,0.9060398437579248,0.8938254393522134,0.7971332487143648,0.8662320939386816,0.8886453116571323,0.888712345831136,0.8321924737912666,-0.15209366221619014],[0.9976322159955998,0.9934819253880466,0.990651581688482,0.9979548244537534,0.9990572256108501,0.9878173386240705,1.0,0.9972389919694389,0.9995461964912676,0.9734292394219312,0.9994607827020987,0.9982009119536245,0.9990888833809742,0.9990600261857826,0.9994610825693849,0.997775967417057,0.9999022173828231,0.9992843544637072,0.999289668770263,0.9996652633586626,0.9992536968248376,0.9907092230027554,0.9752006292842594,0.984512998258801,0.9927573848558643,0.9882771878899272,0.9725910917919337,0.9460292422608546,0.9920466525290123,0.9917832941359531,0.9931829931813738,0.9724259516585064,0.9988720353108955,0.9998265324251577,0.9996680522073986,0.9994142496243895,0.9996843191811559,0.9998568209163684,0.9982080246318922,0.9996893105926915,0.9993015333354022,0.9989226693352827,0.9827339522971023,0.9287370751927656,0.7304897528773713,0.9336921270154426,0.9208339393749237,0.8080646281552779,0.9580481326649809,0.9415233938831455,0.9601550485977147,0.9582127694113279,0.9512791767641762,0.9817749238648591,0.9802069343588562,0.9427544798531767,0.9577956975614855,0.970218691219004,0.9705620587925992,0.9719664900255572,0.9428696101510117,0.8950358388911636,0.9482852917940279,0.9567475894539429,0.933800237158003,0.8820479799565193,0.9625780710277109,0.9331165128647306,0.9640537183847881,0.9431175549339651,0.7485357008868397,0.8347434945252129,0.7611077953685851,0.8522202337384349,0.8774128661617894,0.8815684835760814,0.8603844639677508,0.8728388609710938,0.27517201236554084,-0.6053731989377024,0.9604308892459591,0.9409968015978767,0.9404446793859715,0.9448883909763011,0.956693039876641,0.9678753533330838,0.967923208952123,0.9261495217179863,0.9641067131410068,0.83019619323511,0.6485662546293749,0.9049044152157529,0.922543744229724,0.7528744891098266,0.9235098128272998,0.943615969926007,0.815789300609527,0.9663924958429926,0.8313483402663979,0.6196357824707535,0.6992108585855455,0.8441952999555475,0.8410209578450816,0.8301732031546664,0.9753596314369823,0.9755827341174481,0.7250655955423113,0.6886355711205768,0.7825398107411361,0.3237948682373566,0.7671557002914545,0.7920529063268236,0.7819560006880036,0.7884575839220973,0.739195530954482,0.7313507311672671,0.710243687198265,-0.26223365179529107,-0.4102385616879567,0.6492467186838927,0.891250240756542,0.9286741913249549,0.9440196969742229,0.9165802737162968,0.8239170930199106,0.9125651855935069,0.934285373895016,0.9337009891460879,0.7752117176062778,-0.14476890531031944],[0.995517948479236,0.9895717310423893,0.9911342321706442,0.9960275026660981,0.9983488729298015,0.9880703674588919,0.9972389919694389,1.0,0.9999847783868437,0.9677577286764673,0.9996731493146924,0.999996934666332,0.9996713585493869,0.9999979437897772,0.9996485586019472,0.9937206891546309,0.999345262005086,0.9998929666196893,0.9998924974466408,0.999958578450865,0.9999946702289602,0.9909928657253065,0.9763193413104289,0.9920216456604197,0.9932625125240611,0.985647454988617,0.9747796820216216,0.9448300005835819,0.9883230954497639,0.9941232231450744,0.9918314069319294,0.9691105067366302,0.9994354127291304,0.9995060188029755,0.9996266163364117,0.9996995578647754,0.9988743507997289,0.99943404897523,0.9986303711205653,0.9986104419613002,0.9995049326813326,0.999368940407901,0.9842365481939072,0.9287884758285386,0.7174093773241874,0.9392451089827276,0.9184409411630092,0.7875930179967529,0.9564442722887303,0.9366421352458912,0.9581431842729761,0.951855195196946,0.9448107664885459,0.9797692121912654,0.9770060119504034,0.9371770133861759,0.9523150285186466,0.9626633352007351,0.9667603136766271,0.9648803792497477,0.9409362752874437,0.8849401861902346,0.9424704143983074,0.9490265203705599,0.9278166884481206,0.8673525097528052,0.9591879520020631,0.9259415326813968,0.9577188181278057,0.9379252200998434,0.732829439706627,0.8249771341058548,0.7561387276153483,0.8424724463835724,0.8687983297361276,0.8757469748482514,0.8552812744595636,0.8648851743364034,0.25491527994800417,-0.6109421298630952,0.9552327534806139,0.931966899650376,0.932627523256739,0.9427078853179877,0.9508840335931247,0.9627938939875377,0.9628350524094429,0.9194568031335831,0.956050677356898,0.815997341864279,0.6441287386417401,0.9238569434260023,0.9347383362261714,0.7477037740805597,0.9229027108474248,0.9432740734242416,0.8130942284287295,0.9709860001468497,0.8349929506185494,0.6052640087301105,0.6898124654563439,0.8453849168027715,0.8379496593164402,0.8334645436167737,0.9782755885022147,0.9785030975478834,0.7149912862824691,0.6798274807963403,0.7844080676882349,0.30925374091520047,0.7619129752972389,0.7876473640605602,0.7831291563643268,0.7828673150588535,0.7320009264097677,0.7249907157094133,0.7032158813989065,-0.2791559643636268,-0.42619058820710964,0.6317120956740372,0.8828630388905631,0.9263635828331918,0.9362966403767439,0.9102732696087523,0.8125173548690017,0.9060282688063792,0.927952422989846,0.9276177736918092,0.755113231663711,-0.1269481998528707],[0.9958296354608132,0.9896031258554233,0.9943577975958731,0.9964196392663519,0.9984076075780276,0.9876881461978512,0.9995461964912676,0.9999847783868437,1.0,0.9670873452975159,0.9996721995516321,0.9999816766305089,0.999842831034813,0.9999902508953521,0.9996397890604666,0.9987478381480043,0.9993356624007937,0.9998333225217952,0.9998323273189085,0.9999674682200571,0.9999827316365734,0.9938763222333157,0.9777074622905956,0.9952946107148525,0.9954334375382398,0.9856167461223053,0.9791002693076981,0.9459812159823295,0.9889175817891125,0.9932319724426657,0.9888859050190661,0.9647075559987244,0.999365398082454,0.99944559789443,0.9994509328749575,0.9998455529045915,0.9988839501887079,0.9994210357485581,0.9986542724665171,0.9986222617877896,0.9993609081103033,0.9993551702729881,0.9887308079461624,0.9287774780602229,0.7180840811691952,0.9389812296817672,0.9181601559831267,0.787811909089344,0.9436854530647766,0.9262382257687687,0.9471899435134508,0.9492808788961659,0.942042133603563,0.9775143286382287,0.9770751446198824,0.9684276510303773,0.9527202523262277,0.9693043433627258,0.9668570287079125,0.9697215782955643,0.9693956712611231,0.9406099469067052,0.9417882207932801,0.9419162649599352,0.9415157334372524,0.8964894171591122,0.95954120016235,0.9600002019816744,0.9660960368182805,0.9649447287261965,0.9198971068411803,0.8243079257774656,0.7741194118384975,0.841627186777193,0.8901626924463296,0.8742656979929609,0.8816561663448755,0.8806185472838491,0.6434246488302348,-0.626316036200096,0.955186706403899,0.9320022083078829,0.9327648531604121,0.9697534406261381,0.9457209222937683,0.9623587974003139,0.9618595663988228,0.9203937115766152,0.9645662756780365,0.9246119353925898,0.6425228049645012,0.9233896434052263,0.9483799156351048,0.7240901611721852,0.910167439295182,0.9342932408236724,0.8122207008604903,0.9697789915888491,0.8877903630209846,0.5067150398522741,0.6585713259143493,0.8762316120655838,0.8345140148305059,0.8790498133993722,0.9782038698513613,0.9784612415070487,0.7129132202904667,0.6767733927478716,0.7520616900080007,0.30708902319145875,0.6934311029188661,0.7575471019880061,0.7358396366403646,0.7161881512191322,0.7294344877786186,0.7217870536321911,0.6999628058664243,-0.5129599820682028,-0.5918329723977779,0.6313966313194089,0.8816874150712185,0.9252146543710501,0.9380559080716552,0.9093003995917869,0.8077000830366937,0.8959370629976627,0.9182918602322742,0.917731008521943,0.8065028409836071,0.10477010890375085],[0.9801092264588522,0.9699165222103042,0.9563279484676669,0.9797589858882373,0.9736742348464521,0.9631274583489741,0.9734292394219312,0.9677577286764673,0.9670873452975159,1.0,0.9552681411811365,0.9681368240940019,0.9671019794905577,0.9678734744614022,0.9703973760790467,0.9686509278574144,0.9754494258609356,0.9720008875086662,0.9720150164006898,0.967924760905995,0.9679937214231108,0.9668281985806155,0.9545379284624768,0.9743946155901584,0.9723516200370659,0.9072742808630714,0.970297531883887,0.9541247885017666,0.9774307841921495,0.9717924324560347,0.9718301456281799,0.9395657291668608,0.9757118078002733,0.9753010455680283,0.9757232155851769,0.9683703186845829,0.962425225561886,0.9747404477133341,0.979324946099482,0.9780258085654684,0.975884204946991,0.9759008204907348,0.9565018507124506,0.8503088333819399,0.538916265712572,0.8151744858489212,0.8994002290226899,0.8765972770056354,0.9045523202525709,0.8391205131155278,0.9089085171797877,0.9196622678008801,0.9061024527351604,0.9370478163829739,0.9369134877881119,0.9460515381293042,0.9384675364422234,0.9556188577079153,0.9497570045047657,0.9541236778684365,0.9541442786159182,0.9131574106318793,0.9544305109068205,0.9412080960341128,0.9408977975391445,0.8673777323359964,0.9384423629857759,0.9457672129878415,0.9396536011914366,0.9385988885239277,0.8901489500919274,0.8324887323453058,0.7911944596528152,0.8733431504826636,0.9212643179430927,0.8951127660347628,0.9082666025172957,0.9075980507722722,0.7324074478302045,-0.32121436132912595,0.9546781782236888,0.9562488922603507,0.9480486257079141,0.9477164242859722,0.9334165093656948,0.9558847434262673,0.9558378200097823,0.9045501846394565,0.9577442413609341,0.9090283546691608,0.7363604286527489,0.7261601574065562,0.8742370945388845,0.6511594684038374,0.8635360154736366,0.8974477742338329,0.8805528134982419,0.9529797269021161,0.9079041782969018,0.39034676679638675,0.6606953977273629,0.900362461580579,0.8791766117382768,0.9072492965023556,0.9531955428483446,0.9535135878486115,0.5484768301007686,0.7141492685884412,0.6241249503908078,0.4956012169345465,0.5840104164155652,0.6381082973080231,0.5995653614198772,0.5732338446558286,0.8164251732769587,0.6938822534706264,0.6588267951359533,-0.29241255505686903,-0.3440874995973608,0.7532835221969731,0.9178336390136429,0.9247483132764953,0.9140480644461919,0.9424461720197059,0.6719374887609343,0.8480105024302724,0.9114558582691752,0.9106309171809818,0.6941167655972229,-0.1632304031252307],[0.9927730599200136,0.9918294503717479,0.9970723671980687,0.9940890966398328,0.997782154018938,0.9797527374926776,0.9994607827020987,0.9996731493146924,0.9996721995516321,0.9552681411811365,1.0,0.9996984982282155,0.9996784379965676,0.9996862497894612,0.9996371140683447,0.9989340754641665,0.9991804083817266,0.9999587979697055,0.9999583601683593,0.9996851930240375,0.9996928657483242,0.9908542655111178,0.9609472311443654,0.9918442357072056,0.9929088424557448,0.9895952935512808,0.972639502934954,0.903071559871535,0.9889424642078598,0.9926736317525722,0.9741769336029249,0.9037445885226054,0.9992048435011199,0.9992682499581288,0.9992091160398415,0.9994770030287424,0.9994413374974682,0.9992321354556251,0.9979429093847257,0.9979641213548762,0.9991797332680179,0.9991754747656963,0.989965503079408,0.9228779829763756,0.5594336727476896,0.9348261280765416,0.9173485013488252,0.7916871223385108,0.858214242401329,0.8967700944446705,0.863389985295158,0.8783015755957566,0.8554702351624671,0.9518617795734221,0.9518004419072333,0.9541138614187125,0.9561776279983234,0.9465481018681091,0.9484006918084645,0.9506421862969708,0.9504553278464658,0.9036705537115268,0.915028998862589,0.8769413972919001,0.8767728121966878,0.7671201360313917,0.950625107948117,0.9537833138743907,0.9539359682549959,0.9532643231176743,0.9052671187964315,0.6250021078751743,0.5643390991583925,0.7147962653158845,0.8117331228937205,0.7430990661907962,0.7789306823239824,0.7777583268329124,0.5591268762430727,-0.39555045740765743,0.9266315177534946,0.935810352261023,0.9263312205264899,0.955444964378558,0.9232763992010364,0.9321287182270661,0.930984235448732,0.8673758020202869,0.9361220897344754,0.8741763541718993,0.5450792683250826,0.9201883839989676,0.914219488281371,0.3467816703876282,0.7123915624186701,0.7903009754141149,0.6637422743088269,0.9728396013230695,0.6736105307472798,-0.19624618361987936,0.1984592223467137,0.6468458746348397,0.6506066196222261,0.6923817301983342,0.9740738792767499,0.974128967390047,-0.0025505591181373905,0.22924985261454234,0.08070142321200194,0.04598119050209999,0.07340647687102182,0.09253376673814057,0.05939235351252319,0.00861417702443615,0.43440344798619274,0.16356172929759707,0.11070011564412721,-0.5182160980865648,-0.5544371078034313,0.6314383018995677,0.7421487898810718,0.7670001017409117,0.8281613388823831,0.8257249007034816,0.5272153427914572,0.7275973889041796,0.7621794150708617,0.7609255064325424,0.4074884976357874,0.24350120527970354],[0.9956553545514596,0.9897916357481082,0.9910258685137384,0.9961468998914482,0.9983910786665143,0.9880000407392447,0.9982009119536245,0.999996934666332,0.9999816766305089,0.9681368240940019,0.9996984982282155,1.0,0.9996556305821926,0.9999976645352949,0.9996879181153929,0.9949795155632738,0.9993936364827547,0.9999037255425188,0.999903461020213,0.9999662107780662,0.9999950934269635,0.9908997990421233,0.9761902887378366,0.9926785167326861,0.9932237275549697,0.9858262236227857,0.974612313930443,0.9448435773956269,0.9892140276188861,0.9941838946740594,0.9919070181274635,0.9692568523623699,0.9994778828985985,0.9995492460271558,0.9996594889401333,0.9997010567250526,0.9989578040212272,0.9994782105539168,0.9986953421952016,0.9986886375312828,0.9995485039535715,0.9994124047126468,0.9840400896502757,0.9290839399627393,0.7181326049861925,0.9391875493418863,0.9186886479449243,0.7887197024817765,0.9567792212948956,0.937056096144081,0.9584855889096726,0.9522309386903163,0.9452158564279712,0.9800120892527537,0.9771945705231571,0.9375023424371971,0.9525033614438286,0.9629747046712351,0.9669128156243662,0.9651855701054548,0.9412059384472841,0.8851379097354481,0.9427636905735967,0.9494601237378102,0.928263138494316,0.8678037249899838,0.959286024077526,0.9261775810819904,0.9579584114231718,0.9382291151321968,0.7329555329130657,0.8254798783059,0.7567069015141759,0.8429609297772147,0.8691663670881062,0.8760314884804536,0.8557141099745341,0.8653358892112594,0.2552698203995016,-0.6108399434375338,0.9554638811351801,0.9323666564139464,0.9329592879854063,0.9429615349252348,0.9511315252588567,0.96303093752702,0.9630730357525136,0.9196817156044675,0.9563869570922257,0.81625916888459,0.6443181112706189,0.9229996617010503,0.9341998007999623,0.7479467982050589,0.9229479598930012,0.9433197026847452,0.813380542642869,0.9708169354415322,0.8354419586652938,0.6062915670205242,0.6905052665122773,0.845854765862761,0.8384823438923074,0.833896391189389,0.9781918956382282,0.9784193247667747,0.7156548275588848,0.6804429276464973,0.784984490614449,0.31010509425987415,0.76260169375614,0.7883265477552703,0.7837117006933291,0.7835749250280799,0.7324040249843424,0.7254504185332187,0.7037029305141127,-0.27813255503614,-0.42526559023338645,0.6322917612277721,0.883379436694316,0.9267833504952708,0.9368048415221772,0.9107267508822665,0.8130728540550667,0.9065817280004086,0.9284929406402526,0.9281453823722996,0.7557851061446312,-0.12800769707161638],[0.9949030870107985,0.9896306120909969,0.9929532122751302,0.9956014386750361,0.9982038848512188,0.9892456526617552,0.9990888833809742,0.9996713585493869,0.999842831034813,0.9671019794905577,0.9996784379965676,0.9996556305821926,1.0,0.9996923366400093,0.9990747537649046,0.9986869192940275,0.9989595672497563,0.9994899373528808,0.9994827570361188,0.9996741079539071,0.9996478286641682,0.9928921791252572,0.9778509010632712,0.9959513380956935,0.9958418966492046,0.9856816284340613,0.9774223358764679,0.9473283828503409,0.9883157727820883,0.9921689882595288,0.9909442182533106,0.9668788513846972,0.9987776600156877,0.9990904523557349,0.9992767226667616,0.9999191412267078,0.9989078723353375,0.9990754255960946,0.9981458641243673,0.9980156820906518,0.99877160596102,0.9986988621490147,0.988068402830392,0.9290338934617965,0.7138192210738027,0.9392819826282796,0.9185886549693892,0.7880416405218245,0.9522014900830139,0.930243068252533,0.9533007122335174,0.9487283165126432,0.9410930311582305,0.9764624134068302,0.9750709324686482,0.9603941733150773,0.952208665555772,0.9632902540073596,0.966296307160611,0.9650513283334118,0.9643572029210954,0.889248126465861,0.9400008496414464,0.9479178375605124,0.947607870993842,0.866221544878272,0.9596524489541913,0.9376519222149636,0.9598417467389814,0.9585257942075384,0.7376354925678839,0.8225953230051977,0.7839783277298061,0.8407321896656225,0.8706393740144714,0.8752510600827356,0.8640487390714076,0.8644333371677116,0.24054530368755808,-0.6052991704225487,0.9546866776930016,0.9320791668428842,0.9319683581764575,0.9631120682301446,0.9506476557934437,0.961923665935985,0.9619173242015315,0.9196615389181232,0.9567495554735341,0.8228989447732337,0.6447378246847643,0.9234937397047518,0.9350374111480916,0.7454673331648248,0.9211829479968325,0.9418244573313511,0.8142819031097441,0.9734027120913433,0.8298367590023743,0.5978079327910191,0.6859272863012353,0.8370457820647095,0.8331483652839281,0.8259099183828492,0.98002875568557,0.9802158604471435,0.7065444410288007,0.6751348746379962,0.7646679894258409,0.30981930154839027,0.7526628575583413,0.7770386448038116,0.7535025324224283,0.7725486437277017,0.7301825892580024,0.7154488750073484,0.6939626907910464,-0.2847175945425282,-0.4302655787845349,0.6318846876111097,0.8811254478776905,0.9280354498229615,0.9321456859600856,0.9098572264035296,0.8052419105254789,0.9002596973895356,0.9213000941787209,0.9216448219091151,0.7493078835591493,-0.12631028443178854],[0.9955695353712013,0.9896767213126795,0.9911936721577778,0.9960776181396929,0.9983827086600463,0.9881325029768888,0.9990600261857826,0.9999979437897772,0.9999902508953521,0.9678734744614022,0.9996862497894612,0.9999976645352949,0.9996923366400093,1.0,0.9996833572336359,0.9979448433441028,0.9993642954711643,0.9998963993357909,0.9998956108960629,0.9999603105069473,0.9999926272259445,0.9910331511023877,0.9763748600919174,0.9944830759753831,0.9943172783816151,0.9857531386646673,0.9748258002700096,0.9450079486780238,0.991673047274119,0.9944843029800066,0.9917752798401599,0.96901085204634,0.9994502395551805,0.9995098228617323,0.9996359593970279,0.9997174515374552,0.9989131339842661,0.9994438459392266,0.9986730445062187,0.9986310901121043,0.9995176088370462,0.9993846351862246,0.9842227453441854,0.9288896513354098,0.7174746346747451,0.9392619244807243,0.9186196575939406,0.7881221655308434,0.9565452818966631,0.9368062033310753,0.9582794899801569,0.9518148328729613,0.9447437245335345,0.9798117676574346,0.976963811103208,0.9375171956040989,0.9524288923872652,0.9628528456406331,0.9668326454720735,0.9650538699711535,0.9406747910975474,0.8851731535083868,0.9423329559814014,0.9490987970354825,0.9280620356430016,0.8674873683630279,0.9593481546078308,0.9263399043092677,0.9579515724031915,0.9382822363194238,0.733212826826533,0.8249289201896928,0.7564332214579008,0.8424699284820271,0.8689832573800795,0.8757238947532537,0.8554506243138148,0.8650712235031992,0.255280293684217,-0.6106475125996885,0.955303990990603,0.9321643524527167,0.9327935906194595,0.9409566542856603,0.9510735978820103,0.9628706483257325,0.9629082668679474,0.9196374440999947,0.9562403137792125,0.8162880702010051,0.6441714876349868,0.9234492989780851,0.934601203968364,0.7476487887589961,0.9227829213523447,0.9431805859182837,0.8130980358714979,0.9710051306440604,0.8350494162745735,0.6051272969175485,0.6897057450200911,0.8454260358678499,0.838105151789091,0.8335146231980526,0.9783266738940265,0.9785504576173915,0.7145437407828583,0.6794343151455943,0.7844083289544946,0.30955737297799596,0.7619042818150223,0.7875818693867651,0.783318053423164,0.7827783747150081,0.7319061672076738,0.7241835559256112,0.7024438589360398,-0.27895010826499655,-0.42598088708397835,0.6320405581112009,0.8827887386372165,0.9265158112897239,0.9363672929199598,0.9103343877871626,0.8123280342941696,0.9062673743446569,0.9280187473970293,0.9278013490733287,0.7552387657612081,-0.12725586042537754],[0.9969826588023619,0.9913840294761044,0.9894069017407625,0.9972888091061576,0.9987194391473632,0.9872587163589887,0.9994610825693849,0.9996485586019472,0.9996397890604666,0.9703973760790467,0.9996371140683447,0.9996879181153929,0.9990747537649046,0.9996833572336359,1.0,0.9981086256281192,0.999671566046311,0.999690277285035,0.9996974065878519,0.9997656261098409,0.999731147855092,0.9895839344262631,0.9745924129730369,0.9926167165032924,0.9923639076358337,0.9879457063915179,0.9716652547032687,0.9432583908833222,0.993278352455396,0.9945245589887777,0.9930370138772171,0.9722911383042132,0.9995760091293493,0.9996720274114039,0.9997014097913243,0.9993880440980472,0.9991993756483648,0.9996442691859416,0.9990222875117019,0.9993421976494155,0.9997045772701136,0.9995403011346582,0.9818092040538654,0.9282615290725401,0.7265561130269333,0.9383376999531866,0.9212364401261742,0.7952822181917515,0.9600868858363387,0.9421252251917689,0.9617415267918006,0.9569265403895335,0.9503721067506262,0.9827681974265136,0.9799862947447,0.9410561246033015,0.9557645007132642,0.9667655946513769,0.9694199699200434,0.9690216169220405,0.9437078965877381,0.8884105588394446,0.9472622927956059,0.9547956107470025,0.9333011121627867,0.8740344497902302,0.9613612683446295,0.9283091469339217,0.960862999819841,0.9415291384008498,0.7352944629712793,0.830969138032399,0.761229845726318,0.8478022145701272,0.8723327221726979,0.878424590484945,0.8592200377665246,0.8695446409601173,0.25841024233750454,-0.610406203067362,0.9583519999885157,0.9362511599631862,0.937380580266145,0.9455741192358229,0.9546206138121478,0.9661776048860269,0.9662960523119913,0.9232734682291673,0.9603250411313453,0.8199252373398397,0.6422361013964715,0.9170789284604152,0.9281211746850748,0.7491224363442651,0.923258172377575,0.9431925446607129,0.8104628956616805,0.965750347279072,0.837819660544629,0.614740755008134,0.6932857644930034,0.8484575265935028,0.8407415387134027,0.8359487269720507,0.974474928826987,0.9747626875655954,0.723446059960854,0.6839078439050015,0.7901163530823656,0.3112853587705356,0.7687718798667883,0.7953289285411049,0.7888973498483755,0.7908237169791033,0.7348138851743362,0.7318584659934563,0.7101340078382001,-0.267488815244045,-0.41583953980274413,0.6327915176005277,0.8857868101776589,0.9305085953957777,0.9425054396929818,0.9113721524728527,0.822509249204788,0.9127241230935936,0.9340730930375959,0.9334532526412413,0.7639748293782329,-0.13518271555860165],[0.9966809988433699,0.9935584246540974,0.9935227403692298,0.9972909928331912,0.9985887918282472,0.9917043274860886,0.997775967417057,0.9937206891546309,0.9987478381480043,0.9686509278574144,0.9989340754641665,0.9949795155632738,0.9986869192940275,0.9979448433441028,0.9981086256281192,1.0,0.9988680881861871,0.9981004555944908,0.9980970923138452,0.9985512470564628,0.997950715178936,0.9935357181108376,0.9796589496685902,0.9811455450137848,0.9912535241395269,0.9911370549551695,0.9770697008949253,0.9524984260320805,0.9922602390077803,0.9902527785562006,0.9909695367869628,0.9702079974882898,0.997662593669922,0.9984334265294262,0.9983759575858042,0.998556775385383,0.9987631957453915,0.9985767493329729,0.99767626103183,0.9982157569382967,0.9977608070843962,0.997641815954218,0.9847926997806099,0.9210570873288438,0.7221233204663399,0.9363469850790878,0.9249271269806757,0.8032243487026394,0.955865670624816,0.9378950930919998,0.9582523976507782,0.9511716637706922,0.9424990164165551,0.977933598755878,0.9760605450382434,0.9502869883585507,0.9616895049834695,0.971948089159468,0.9722071561022989,0.9729388801207064,0.9504804243415274,0.903584544528051,0.9473405779332285,0.9543716860994842,0.9376549364319113,0.8855378120913627,0.9665958071917963,0.942977257132464,0.9677217553030969,0.9510406183353204,0.7645139330819668,0.8335084981961033,0.7696526915020031,0.8519733921916701,0.8840043805107015,0.8834182815866823,0.8643190546137431,0.8767232504863753,0.29695922114411333,-0.5848501388827331,0.9617540055950925,0.9428148327528122,0.9431024518259646,0.9542970498707485,0.9586203843801315,0.9677295717474138,0.9677092655769908,0.9308836606675556,0.9662832460428009,0.8424682753389787,0.6452202000027185,0.9109309776112376,0.9258115082494036,0.746506180046661,0.9200559070887738,0.9398347083991296,0.8112649360817044,0.968071913939935,0.8239664744647078,0.5969391736450065,0.6833761039874482,0.8319935961614279,0.8313969333776522,0.8196393756130447,0.9742918697589501,0.9744486573862828,0.704333954884691,0.6743497755274483,0.7720310304060799,0.3128918248909967,0.7506069547643133,0.7739438239629778,0.7784380097778969,0.7701061503908503,0.7316005720980205,0.7112678346840267,0.6906488532081995,-0.2647520716592475,-0.41048267298662816,0.6383308760318914,0.8796008167883768,0.9270239836543418,0.9348252178717087,0.9047989905723061,0.806827255447755,0.9101447739697551,0.9247317736893935,0.9293575293463127,0.7695560652465593,-0.14552591272994056],[0.9981719567130857,0.9953471479968096,0.9905380735182486,0.9985045867824398,0.9992233891672327,0.9891943883705537,0.9999022173828231,0.999345262005086,0.9993356624007937,0.9754494258609356,0.9991804083817266,0.9993936364827547,0.9989595672497563,0.9993642954711643,0.999671566046311,0.9988680881861871,1.0,0.9996725352385926,0.9996761537911043,0.9994593735278013,0.999378843546036,0.9931964873045718,0.9784238815404304,0.9945042099069196,0.9941142640194617,0.9903595367585576,0.9767160565220037,0.9487123789597707,0.991535148865298,0.9944389537804432,0.9920443455474056,0.9725439645836962,0.9998700815328394,0.99986082483