var element=document.getElementById("correlationClose");if(element.style.display!='none'){var correlationClose={"data":[{"type":"heatmap","z":[[1.0,0.9999879019223041,0.6488894215283704,0.999721486771314,0.9979433569014727,1.0,0.9922502232056584,0.9885349246261338,0.9885349246261338,0.9929279419380564,0.9765644425730053,0.9866671221183122,0.9922882086510607,0.9927094569666094,0.9923419877558471,0.8318249559084028,0.7776534253422236,0.32719323979038645,0.9932006255721604,0.9931884464004233,0.9854864922996583,0.9922759711245843,0.43086201701983334,0.7275656854301219,0.9813069120764689,0.9813069120764689,0.9812884530119507,0.9745649526066281,0.33976760898529157,-0.10994577392432203,0.9896443249733046,0.9896104347877334,0.28952076207270716,-0.18448575591689004,0.994641353994558,0.9953079571071928,0.8417783079438121,-0.3665658859015659,0.9905029968953774,0.9952661129112151,0.8202792671007085,0.3081185683583133,0.9947886735376038,0.9947789006280651,0.9947886735376038,0.8873409764059729,0.6541603427577158,0.898770775096852,0.9058433691732667,0.8141764022966548,0.3750806500772771,-0.16789930364267788,0.20085788831605295,0.9463010673460853,0.3976508387571496,0.9748172573844065,0.9700474400285206,0.9800237844303552,0.9897752430841772,0.9283886889928922,0.934931448864164,0.9436084104012122,0.9274089804341253,0.9409224024554502,0.9415698925552397,0.9409224024554502,0.8772112762419776,0.9196300173609387,0.9205525915663842,0.9196300173609387,0.918840370681183,0.779039348898797,0.8916358189640838,0.8929633997401092,0.8916358189640838,0.6821778556182719,0.3615852656706554,0.6655415166991258,-0.5617075864031118,0.570886356485217,0.5982904155909686,0.5987988994855029,0.5982904155909686,-0.10425738607771763,0.9072374646746711,0.9392138301556766,0.9224590764062309,0.9296991196309929,0.31077749509508085,0.9026279400537128,0.903448066064966,0.9026279400537128,0.9074783216116388,0.9074783216116388,-0.10523788797434541,0.5823270956597459,0.16839429890542548,-0.6544502379238373,-0.5826649023852672,-0.5862979095502854,-0.10294490350381495,0.11090084436820724,0.22143913268819795,0.04337591662908511,-0.5130351495563219,0.0038486642939265345,-0.7964173136165351,-0.26341219910098773,0.15999149687227796,0.16114555367539787,-0.5643865373331133,-0.5853270667213102,-0.2595474372431118,-0.5078160826953458,-0.8199462689859947,-0.3906296416647714,-0.382490971081006,-0.3906296416647714,-0.2017377382384481,-0.31472981868437444,-0.31472981868437444,-0.8079971141054872,-0.8079971141054872,0.38291084549099896,0.6328484606728103,0.8577077575734313,0.8415144873805264,0.762120915466698,-0.3107936036763581,0.750581672436079,0.7854553900270912,0.7857855210159855,0.7854553900270912,-0.20877135027686933],[0.9999879019223041,1.0,0.9781692123696806,0.9994164988422484,0.9955475443877144,0.999987901922304,0.9838712100804875,0.9775477099745788,0.9775477099745788,0.9837318679464433,0.9695475651693538,0.9853717616225648,0.9839157957114342,0.983854500768722,0.9837534270203602,0.3220040037995173,0.2362097582310607,-0.3964688991043837,0.9878723830119659,0.987855361062191,0.9839634361260543,0.9839584446489477,-0.11248575097281713,0.9773168314786885,0.9790475035204799,0.9790475035204799,0.9790973870531962,0.974732677360395,0.1431283152917898,0.1634522386513922,0.9807316504745472,0.9807899050753681,0.8922744156471417,0.16148872662754488,0.9905323165356258,0.9905816391918834,0.9911680124091843,0.9851219769015843,0.9895131559199037,0.9907115096335302,0.2787486918147767,-0.40177718775317117,0.9912164003000915,0.9912053241669437,0.9912164003000915,0.8871652973395493,0.5041732214477669,0.8987257500591682,0.9055938539562073,0.8135991761560002,-0.34927601891929505,-0.5092992896024465,0.8287800427800903,0.8707468768601592,-0.24479352959444192,0.9338345200621495,0.9339696952514537,0.9541613573563055,0.9765407143898654,0.9461908676990555,0.9533848508567072,0.9378611302273371,0.9370306584085184,0.9426075011883955,0.9431211366113658,0.9426075011883955,0.8407364812450149,0.8124773734366677,0.8143737023987248,0.8124773734366677,0.9479489657956658,0.9515489067295474,0.9480738532821453,0.9489641430654913,0.9480738532821453,0.5787629062280669,0.5232551592929078,0.6241252525681646,0.7119440686361017,0.6154181242321308,0.6414322828172049,0.6421124279028165,0.6414322828172049,-0.19109202765789393,0.9076706017367775,0.933522030281405,0.9242066747589257,0.951419909479331,-0.2577165117756686,0.9035816193809421,0.9038675722038979,0.9035816193809421,0.9116461872196234,0.9116461872196234,-0.19488508851268443,0.5831118585956367,-0.3685466392984592,-0.7532362365923947,-0.4617858155913989,-0.4653352748618187,-0.3565588640989053,0.2619673750283083,-0.24934212612618467,-0.46845394639436094,-0.7007957807710801,-0.3344029467001304,-0.4824250613079093,-0.39229529181575906,0.13527271203802627,0.1315065257744014,-0.4889332799151431,-0.45191805311959315,-0.48048444626584813,-0.5112569676853245,-0.5036366922162144,-0.4826795175856031,-0.485772297479632,-0.4826795175856031,-0.3505877180941717,-0.5207473813150079,-0.5207473813150079,-0.49525201970186294,-0.49525201970186294,0.38343490492081606,0.37065675868121223,0.4941770386435396,0.5899870909021919,0.531014816677643,-0.43041221274983543,0.36112712485837184,0.32042956608880035,0.32052904255873804,0.32042956608880035,0.1408131146750107],[0.6488894215283704,0.9781692123696806,1.0,0.6452945620404874,0.5706449039600858,0.6488894215283704,0.6322816707093701,0.6235739064194935,0.6235739064194935,0.5678825443372516,0.5261998160871165,0.995757654910765,0.6323101068931068,0.6236888080205325,0.6325195439727169,0.454163067415527,0.4421746809404291,-0.18249451406927825,0.5913383584348444,0.5905123970861095,0.5548586949581493,0.6312845622894254,0.21023673819526958,0.771961992384001,0.6093699501174682,0.6093699501174682,0.6091355359995139,0.9880973544269602,0.32477055043857767,0.15389792853513617,0.5907130632576378,0.5903202150156069,0.7102684824229396,0.005610849381157998,0.6285495009403833,0.5626951776450422,0.5991166532233161,0.3137697548571563,0.99362740317094,0.5568029853093984,0.4437955290327149,-0.19101807460483272,0.6453317864541349,0.6264927771901114,0.6453317864541349,0.8840155443511457,0.3969182552069342,0.9195724050235021,0.8953411013846938,0.7018626728753814,0.20991514329681935,-0.0561965796277248,0.049042189814453185,0.5049000743883878,-0.08803061819800918,0.5736691583353233,0.5329860774995375,0.5588345494955752,0.5219670008279573,-0.0187255795240324,0.7752728912887479,0.7086430094110999,0.607304300439285,0.7144118318380552,0.748288528179118,0.7144118318380552,0.48604269517043547,0.6164932547330937,0.6821351027965679,0.6164932547330937,0.6686683771735625,0.6608143270558248,0.7098749906112692,0.7611295805272885,0.7098749906112692,0.3593168524482237,-0.08790161322939073,0.3761777113799533,0.1060746340076636,0.3687151239815462,0.2607165099618966,0.46683228041662767,0.2607165099618966,-0.165286197644891,0.576110542301419,0.869219226916672,0.6517994871803504,0.7622295319656934,-0.03908514244679927,0.6208507557459726,0.6203896258041386,0.6208507557459726,0.6973007495724491,0.6973007495724491,-0.21345841247885386,0.703705792843101,-0.19400323522174273,-0.6653901067192732,-0.4270386903201376,-0.4306602329914573,-0.41272926302577395,0.08036454565578613,0.02174861013970346,-0.31671729962685574,-0.6454223077647696,-0.1605002495184252,-0.2975287799333439,-0.2537549480793611,0.034854805213115105,0.0326990421402514,-0.4801699331011292,-0.04726330366530419,-0.25058098346467067,-0.5047428916549235,-0.1831053982788714,-0.3943893304654868,-0.2742645075407416,-0.3943893304654868,-0.4109577459681934,-0.5289617958205819,-0.5289617958205819,-0.29050803052751933,-0.29050803052751933,0.3232166170105263,0.1760017899762338,0.2740097439299538,0.5104133659824346,0.26603787130792583,-0.3666767688946715,-0.020518012376502425,0.4532830664340131,0.5582353361995623,0.4532830664340131,-0.02807999775437689],[0.999721486771314,0.9994164988422484,0.6452945620404874,1.0,0.9988867988804496,0.9997214867713138,0.9935679560995816,0.9903132881583718,0.9903132881583718,0.9944672993910334,0.9745442373626335,0.9901746700395334,0.9935956754761627,0.9943130481491246,0.9936255094347767,0.831012052562341,0.7764717669073096,0.3122591271485893,0.9943299901023815,0.9943207414536045,0.9856085296234816,0.9935763725014592,0.422272577959839,0.7319391459668836,0.9839372822171353,0.9839372822171353,0.9839183819502645,0.9809970858895968,0.33569067940683117,-0.11616786040294358,0.9889955408932002,0.9889703920784703,0.28170466972323777,-0.18468468205964234,0.9952139961045491,0.9960750247622364,0.8073700792572522,-0.3711128895815282,0.9930078294721506,0.9962626011326102,0.8187029296107324,0.2928807783379055,0.9931567938743412,0.9952608856034258,0.9931567938743412,0.8847919909030041,0.6417147116926203,0.9037882503886698,0.9034612620549948,0.7958164580707908,0.3699745288044781,-0.17309365836824583,0.1952588245174248,0.9407394954541415,0.38162784387539433,0.9703090837639121,0.967062029999683,0.9778519379765356,0.9897175985884431,0.9082823798902554,0.9289071001710132,0.9313021070505448,0.9237905582826257,0.9247820954792991,0.9256617205595989,0.9247820954792991,0.8697270045282625,0.9080167080433619,0.9090269102616978,0.9080167080433619,0.9157636802856421,0.7218453022458109,0.8545879278668768,0.8559206330527723,0.8545879278668768,0.6745053509731467,0.13514547986354597,0.6562522432600126,-0.5661121408200918,0.5663419138296647,0.3350314180206908,0.5695376641793896,0.3350314180206908,-0.11050517849524914,0.9024314195554884,0.9323853297302145,0.9154195924437442,0.9076592795310787,0.2965399402061015,0.8985347535288207,0.8994830493943206,0.8985347535288207,0.8891401349922189,0.8891401349922189,-0.10984632738996966,0.6025890949894913,0.1730769308210018,-0.6643738550946254,-0.5893799785008663,-0.5929257004713202,-0.11489560025893461,0.10645989054590199,0.21459152098508538,0.03041030363495068,-0.5250430060089227,-0.0023694880013246213,-0.8019218414927943,-0.2709861402504861,0.15022921321869617,0.15144083365982766,-0.5708464923195156,-0.5816706250920803,-0.26061793121137494,-0.5179378162000695,-0.8212710204584186,-0.39185750032179945,-0.38428100250004427,-0.39185750032179945,-0.2100079913901057,-0.324060201618724,-0.324060201618724,-0.8073807556498593,-0.8073807556498593,0.37297510107593784,0.6212766785864198,0.8497236561458202,0.8337428357643075,0.7546188329653957,-0.32346356775325497,0.7414677429240649,0.7764826679482717,0.7768164766667033,0.7764826679482717,-0.1938872369494732],[0.9979433569014727,0.9955475443877144,0.5706449039600858,0.9988867988804496,1.0,0.9979433569014727,0.9972002137482668,0.9956513054381206,0.9956513054381206,0.997396746742586,0.9666266249440753,0.9964374969420429,0.997218825987968,0.9972968249156356,0.9972456400849028,0.7594054520306768,0.682778816587404,0.10710948530864023,0.9977052927536646,0.9977020638025189,0.987508921767368,0.9972049244568387,0.07089713419504516,0.710876740867027,0.99225164589618,0.99225164589618,0.9922137669201971,0.9900077837201968,0.11281043366704263,-0.09826452855732362,0.9872355779483947,0.9871734991502695,-0.011247464453467708,-0.08254057483444734,0.9978203043420923,0.9977515728286068,0.7967937081229188,-0.49533369725490284,0.9976718008477518,0.9980904525444202,0.7371465619309296,0.08286820205254175,0.9977655358964725,0.9977681363268904,0.9977655358964725,0.8993494787644243,0.6052654626937514,0.9198560014997065,0.9080306124410941,0.7709348316070772,-0.09271224687567292,-0.5869893879842268,-0.2006542592790579,0.929313834210432,0.23489619382164584,0.9656258998659178,0.9656676669408653,0.9800818549601478,0.9902348991664665,0.9074103894483209,0.9113970101252039,0.9221938535684298,0.9115998185800912,0.920661154073482,0.9210122042226179,0.920661154073482,0.8455207291660991,0.8647590209314482,0.8658828396116282,0.8647590209314482,0.905091548265194,0.8166706558789102,0.8859760153105258,0.8867717212361654,0.8859760153105258,0.6340706446107445,0.5148243891483865,0.6219631393421636,-0.5873180955382294,0.6183734951247218,0.5974300391089382,0.596538549653562,0.5974300391089382,-0.1275906664901996,0.8853456264645218,0.909235636433246,0.893695731641822,0.9153145444833454,0.1428454735773866,0.884913008249184,0.8859452638431674,0.884913008249184,0.8913526151364577,0.8913526151364577,-0.14900270330308893,0.6509900809882178,0.02741339899508735,-0.6947356922769761,-0.6379336451499317,-0.6385782310561084,-0.1468735810827802,0.12969687896945956,-0.1763435600547587,-0.21752305116994897,-0.5974959272590402,-0.3628981658949195,-0.8502394763190978,-0.5500699435546748,0.11961461458824957,0.12067697071514734,-0.5970109208379382,-0.5750170588469549,-0.5386448449334986,-0.5559914679038788,-0.7801205812149765,-0.5905640822819187,-0.5933646600091097,-0.5905640822819187,-0.24898825762189075,-0.35795780376624,-0.35795780376624,-0.7483797232832512,-0.7483797232832512,0.3604042353958877,0.6032288359657533,0.8025193954527723,0.7877025933330871,0.7445528186631583,-0.4514436699232634,0.5999062571920286,0.6674178890143346,0.667873744434049,0.6674178890143346,0.03303163124495676],[1.0,0.999987901922304,0.6488894215283704,0.9997214867713138,0.9979433569014727,1.0,0.9922502232056584,0.9885349246261338,0.9885349246261338,0.9929279419380564,0.9765644425730053,0.9866671221183122,0.9922882086510607,0.9927094569666094,0.9923419877558471,0.8318249559084028,0.7776534253422236,0.32719323979038645,0.9932006255721604,0.9931884464004233,0.9854864922996583,0.9922759711245843,0.43086201701983334,0.7275656854301219,0.9813069120764689,0.9813069120764689,0.9812884530119507,0.9745649526066281,0.33976760898529157,-0.10994577392432203,0.9896443249733046,0.9896104347877334,0.28952076207270716,-0.18448575591689004,0.994641353994558,0.9953079571071928,0.8417783079438121,-0.3665658859015659,0.9905029968953774,0.9952661129112151,0.8202792671007085,0.3081185683583133,0.9947886735376038,0.9947789006280651,0.9947886735376038,0.8873409764059729,0.6541603427577158,0.898770775096852,0.9058433691732667,0.8141764022966548,0.3750806500772771,-0.16789930364267788,0.20085788831605295,0.9463010673460853,0.3976508387571496,0.9748172573844065,0.9700474400285206,0.9800237844303552,0.9897752430841772,0.9283886889928922,0.934931448864164,0.9436084104012122,0.9274089804341253,0.9409224024554502,0.9415698925552397,0.9409224024554502,0.8772112762419776,0.9196300173609387,0.9205525915663842,0.9196300173609387,0.918840370681183,0.779039348898797,0.8916358189640838,0.8929633997401092,0.8916358189640838,0.6821778556182719,0.3615852656706554,0.6655415166991258,-0.5617075864031118,0.570886356485217,0.5982904155909686,0.5987988994855029,0.5982904155909686,-0.10425738607771763,0.9072374646746711,0.9392138301556766,0.9224590764062309,0.9296991196309929,0.31077749509508085,0.9026279400537128,0.903448066064966,0.9026279400537128,0.9074783216116388,0.9074783216116388,-0.10523788797434541,0.5823270956597459,0.16839429890542548,-0.6544502379238373,-0.5826649023852672,-0.5862979095502854,-0.10294490350381495,0.11090084436820724,0.22143913268819795,0.04337591662908511,-0.5130351495563219,0.0038486642939265345,-0.7964173136165351,-0.26341219910098773,0.15999149687227796,0.16114555367539787,-0.5643865373331133,-0.5853270667213102,-0.2595474372431118,-0.5078160826953458,-0.8199462689859947,-0.3906296416647714,-0.382490971081006,-0.3906296416647714,-0.2017377382384481,-0.31472981868437444,-0.31472981868437444,-0.8079971141054872,-0.8079971141054872,0.38291084549099896,0.6328484606728103,0.8577077575734313,0.8415144873805264,0.762120915466698,-0.3107936036763581,0.750581672436079,0.7854553900270912,0.7857855210159855,0.7854553900270912,-0.20877135027686933],[0.9922502232056584,0.9838712100804875,0.6322816707093701,0.9935679560995816,0.9972002137482668,0.9922502232056584,1.0,0.9974990266161718,0.9974990266161718,0.9999707514369044,0.9601725779751252,0.9996806351805393,0.9999965709138932,0.9999867019511313,0.9999933384831291,0.8883548882216632,0.8776224238239458,0.27389100842990427,0.9998610115585832,0.999861154406822,0.9898241762924748,0.9999967570447152,0.3373303411209821,0.7301349810684031,0.9857181039736473,0.9857181039736473,0.9866868408482077,0.9908591422661581,0.26382808309297934,-0.17067482869668932,0.9916073455306409,0.9915174050661294,0.18793945403729626,-0.23156868813636908,0.9993430451338887,0.9994545035135352,0.42596296238936804,-0.3109106930784679,0.999014807243108,0.9994148376754558,0.8737538482981124,0.25317331099531265,0.9417562099017696,0.9990923522524503,0.9417562099017696,0.9090664490919629,0.6125512502803084,0.936399922581568,0.9155659352108189,0.7353234799258295,0.4086660320363748,-0.11233505674303515,-0.19764548899204684,0.9282872828000952,0.3481219969972282,0.9676251455565527,0.9626435407391837,0.9786918968793789,0.9956458824091806,-0.03753955717627253,0.8720121698879696,0.8329445939725239,0.8788244550397208,0.8274761543054066,0.7909108029405427,0.8274761543054066,0.8087711023679794,0.7954757264426002,0.7853009737649717,0.7954757264426002,0.8709037485423816,0.3830587277729544,0.5880084926107448,0.6515859037120953,0.5880084926107448,0.6036387263412928,-0.34497609479743985,0.5740997000128759,-0.6295674149909396,0.4970108620820787,-0.09469106563395167,0.43568762521886956,-0.09469106563395167,-0.15149249713458246,0.8492396802651211,0.8704394169701131,0.8555082784907638,0.7663034566979094,0.257771811410453,0.8488128571867593,0.8501760222062487,0.8488128571867593,0.7657366636402474,0.7657366636402474,-0.18491024857483435,0.6935288563655552,0.23801703196903473,-0.6730815064709176,-0.6291386912509688,-0.6322510695455005,-0.15892935797027094,0.05719459752102322,0.3291779325137478,-0.0009221530505947586,-0.5405592613956643,0.057809052537493626,-0.8280900241256826,-0.17008303585220766,0.0846106577100092,0.08585102203300037,-0.6128171448334959,-0.5912348668817802,-0.09698208039415283,-0.5902499999118086,-0.834970471694654,-0.3845001047034765,-0.21694610760938773,-0.3845001047034765,-0.2811571509636069,-0.3667309555704629,-0.3667309555704629,-0.8272938044928865,-0.8272938044928865,0.3612238291786815,0.5864209194206031,0.505483635582146,0.8021667371658996,0.7391894525979962,-0.3737274020066223,0.065943720960402,0.7492519933740606,0.7685582231382428,0.7492519933740606,-0.1262713134394092],[0.9885349246261338,0.9775477099745788,0.6235739064194935,0.9903132881583718,0.9956513054381206,0.9885349246261338,0.9974990266161718,1.0,1.0,0.9995584703290008,0.9534093113153174,0.9987212506882609,0.9982467842188021,0.9994063866461291,0.9991459037687315,0.8859512516701853,0.867012718349007,0.25222456304556357,0.9991905803413703,0.999192180327607,0.9872142689635472,0.9992826020653465,0.3120423325953878,0.7312284178103053,0.9927400142732743,0.9927400142732743,0.9847935144142815,0.9880540088266131,0.24641855633754958,-0.1839443976601003,0.9879160122697531,0.991348882958292,0.16939388032775307,-0.23740982909314698,0.9983100010639578,0.9982839530156657,0.4082444910661122,-0.317451706564745,0.9970924818030548,0.9982223943453691,0.8716275202168079,0.2311037503131702,0.9343359290590743,0.9981378801866684,0.9343359290590743,0.9066190560639562,0.5975363079174243,0.9366412177151546,0.9126053629096059,0.7133928461210354,0.3957982758117461,-0.1271644325568774,-0.21008796376667316,0.9198090092979058,0.3277863705072124,0.96300054041399,0.9574811461324639,0.973647770232335,0.994662297573107,-0.047110108218674354,0.861276338228793,0.8176340526218331,0.8709026245530139,0.8132639363914008,0.779034940464402,0.8132639363914008,0.797017655888298,0.7773978501802139,0.7721510662891324,0.7773978501802139,0.8632286999895259,0.3643277185014365,0.5684497780088684,0.6357309186016389,0.5684497780088684,0.5913364215623486,-0.35928400942209066,0.5601349196721832,-0.6368780845343066,0.4896364001798415,-0.11621282472443138,0.41997860112598007,-0.11621282472443138,-0.15806810547372233,0.8399880670902368,0.8570065655417424,0.84379872330775,0.7520843467251369,0.2402068081740179,0.840126115749795,0.8416669454309482,0.840126115749795,0.7490691627290257,0.7490691627290257,-0.1996155587902844,0.7169326011593473,0.2449602554978744,-0.6823011719293091,-0.6415577338826656,-0.6444869630017941,-0.17344611125834078,0.049750545096338646,0.3221900251827115,-0.019931408739139234,-0.5529576526930017,0.04855400578851588,-0.8338237675026318,-0.1765596157792843,0.06965649679518315,0.07091989077437054,-0.6241446531638679,-0.5922038015966102,-0.10379993912431305,-0.6065006327680104,-0.834492343302519,-0.3958092272099135,-0.2231243706335266,-0.3958092272099135,-0.29815210849941043,-0.3800698961466385,-0.3800698961466385,-0.825270795924194,-0.825270795924194,0.3421066417265621,0.5698223982245277,0.48705466742850173,0.7845549211155568,0.7267612635859403,-0.3949056809627317,0.05213666691312921,0.7303496565387936,0.7529560123131337,0.7303496565387936,-0.10929608384785695],[0.9885349246261338,0.9775477099745788,0.6235739064194935,0.9903132881583718,0.9956513054381206,0.9885349246261338,0.9974990266161718,1.0,1.0,0.9995584703290008,0.9534093113153174,0.9987212506882609,0.9982467842188021,0.9994063866461291,0.9991459037687315,0.8859512516701853,0.867012718349007,0.25222456304556357,0.9991905803413703,0.999192180327607,0.9872142689635472,0.9992826020653465,0.3120423325953878,0.7312284178103053,0.9927400142732743,0.9927400142732743,0.9847935144142815,0.9880540088266131,0.24641855633754958,-0.1839443976601003,0.9879160122697531,0.991348882958292,0.16939388032775307,-0.23740982909314698,0.9983100010639578,0.9982839530156657,0.4082444910661122,-0.317451706564745,0.9970924818030548,0.9982223943453691,0.8716275202168079,0.2311037503131702,0.9343359290590743,0.9981378801866684,0.9343359290590743,0.9066190560639562,0.5975363079174243,0.9366412177151546,0.9126053629096059,0.7133928461210354,0.3957982758117461,-0.1271644325568774,-0.21008796376667316,0.9198090092979058,0.3277863705072124,0.96300054041399,0.9574811461324639,0.973647770232335,0.994662297573107,-0.047110108218674354,0.861276338228793,0.8176340526218331,0.8709026245530139,0.8132639363914008,0.779034940464402,0.8132639363914008,0.797017655888298,0.7773978501802139,0.7721510662891324,0.7773978501802139,0.8632286999895259,0.3643277185014365,0.5684497780088684,0.6357309186016389,0.5684497780088684,0.5913364215623486,-0.35928400942209066,0.5601349196721832,-0.6368780845343066,0.4896364001798415,-0.11621282472443138,0.41997860112598007,-0.11621282472443138,-0.15806810547372233,0.8399880670902368,0.8570065655417424,0.84379872330775,0.7520843467251369,0.2402068081740179,0.840126115749795,0.8416669454309482,0.840126115749795,0.7490691627290257,0.7490691627290257,-0.1996155587902844,0.7169326011593473,0.2449602554978744,-0.6823011719293091,-0.6415577338826656,-0.6444869630017941,-0.17344611125834078,0.049750545096338646,0.3221900251827115,-0.019931408739139234,-0.5529576526930017,0.04855400578851588,-0.8338237675026318,-0.1765596157792843,0.06965649679518315,0.07091989077437054,-0.6241446531638679,-0.5922038015966102,-0.10379993912431305,-0.6065006327680104,-0.834492343302519,-0.3958092272099135,-0.2231243706335266,-0.3958092272099135,-0.29815210849941043,-0.3800698961466385,-0.3800698961466385,-0.825270795924194,-0.825270795924194,0.3421066417265621,0.5698223982245277,0.48705466742850173,0.7845549211155568,0.7267612635859403,-0.3949056809627317,0.05213666691312921,0.7303496565387936,0.7529560123131337,0.7303496565387936,-0.10929608384785695],[0.9929279419380564,0.9837318679464433,0.5678825443372516,0.9944672993910334,0.997396746742586,0.9929279419380564,0.9999707514369044,0.9995584703290008,0.9995584703290008,1.0,0.9591255361843452,0.9996448700998642,0.9999719623528315,0.9999709929627718,0.9999756062821853,0.7902383451924797,0.7164510657534902,0.1578039145468617,0.9998162036748955,0.9998167863174526,0.9897002972115276,0.9999691060111808,0.12016829459325878,0.7033858315666497,0.9951290139529352,0.9951290139529352,0.9950847391654831,0.9907146721715538,0.09641148257196859,-0.11010177314319283,0.9905494017533668,0.9905126783562705,0.006315505872642424,-0.19014012356712026,0.9993868282288418,0.9993451827127708,0.8031953400780965,-0.49096230554862236,0.9989488206977083,0.999391632549801,0.7688219245620963,0.13399824444189806,0.9992478410519912,0.9992530325592152,0.9992478410519912,0.9087774147951742,0.6131106620779474,0.9359831966616244,0.914868287195375,0.7347876327007418,0.009930779629018092,-0.5384204678711509,-0.15487677799878516,0.924113155265875,0.2940484855169245,0.9632765881212507,0.9626722437900503,0.9806376829590445,0.994869270285347,0.8821142327151612,0.8727654618981825,0.8979884526888054,0.8797394246987283,0.8964771595341975,0.897080015793372,0.8964771595341975,0.8081837231933449,0.84696038846657,0.8484378640931316,0.84696038846657,0.8722358549131258,0.7807857317448,0.8581556845355135,0.8593561514867862,0.8581556845355135,0.6032407546430206,0.44447873868925153,0.5732067476073668,-0.6401342820263698,0.5516184277030003,0.5183963180189803,0.5181357991893185,0.5183963180189803,-0.10895266748688477,0.84986333862688,0.8703823254426332,0.85591033212977,0.890728310074135,0.17503075579611474,0.8541834246768458,0.8561007779166525,0.8541834246768458,0.8607429899828329,0.8607429899828329,-0.18664573236775367,0.6945245358316081,0.053705691274362886,-0.6850544854710618,-0.6648463382988946,-0.6659436659897078,-0.16245458150324257,0.06049665618203942,-0.1816595522979232,-0.18500234457110465,-0.5816233604055249,-0.39100322741761134,-0.8678562106685059,-0.5856720386399433,0.08405805809402735,0.08528693514033446,-0.6144138964198306,-0.5873585612281923,-0.5485569896970515,-0.5919410434505843,-0.8037705277649556,-0.6137597580005445,-0.6159266620750321,-0.6137597580005445,-0.28296360573671153,-0.3699405322199236,-0.3699405322199236,-0.7838314646923409,-0.7838314646923409,0.3621375026263454,0.5850088965537907,0.812839542508176,0.7999087033593854,0.7375904757176873,-0.4010384527901429,0.6336876922270587,0.6920723127765197,0.6922323452106807,0.6920723127765197,0.10983781581618275],[0.9765644425730053,0.9695475651693538,0.5261998160871165,0.9745442373626335,0.9666266249440753,0.9765644425730053,0.9601725779751252,0.9534093113153174,0.9534093113153174,0.9591255361843452,1.0,0.9432581575627332,0.9601936218871177,0.9602122650888812,0.9599077690441389,0.6144833186459526,0.5280414889008527,-0.06134623445605697,0.9646447450972426,0.9646239451939593,0.9603101823788447,0.9603023651793906,0.04575922284404188,0.7439499911313068,0.9617774084013911,0.9617774084013911,0.9619557097746904,0.8872136347159267,0.20150782925338953,-0.09324235777511423,0.9672346873497405,0.9673402029414468,0.16307333864217757,0.07524945645815619,0.96831092279437,0.968557285643781,0.8811997625742987,-0.3881574083304089,0.9518341134101644,0.9674882299400708,0.5890374023284791,-0.08252477897250203,0.9694358118408639,0.9694041999687721,0.9694358118408639,0.8086831253078305,0.4115652258688717,0.8182149273296071,0.893402287121951,0.8484577577534586,-0.5240426163225751,-0.6804337693684321,-0.25034844570340486,0.8871520444818303,-0.007882910873004283,0.9171479079523817,0.9172119323936648,0.9369155145753613,0.965498473477662,0.8858564354510525,0.8862783766531513,0.9053172537962401,0.888669700211383,0.8987152376479282,0.899353104853545,0.8987152376479282,0.8414167259799987,0.8243202747902102,0.826044283846609,0.8243202747902102,0.8826224932360736,0.8981689793983512,0.8809778939380575,0.8815914267540973,0.8809778939380575,0.6889870427024762,0.6174195597829996,0.6899653665536907,-0.32800710084177226,0.7087045180266556,0.7248681663271536,0.7271991491017601,0.7248681663271536,-0.2700956646030195,0.8861447229651774,0.9391589500725476,0.9007683469832208,0.8980645514227285,0.026263046339682083,0.8798550442687486,0.8809194557176644,0.8798550442687486,0.8887659584731056,0.8887659584731056,0.039666066736780296,0.3848786956283394,-0.11589541503786732,-0.6170262006523137,-0.4265583258188342,-0.42875689751459894,-0.02068227068521482,0.41635204030880696,0.04209117192952566,-0.14063240997554213,-0.4957280679035275,-0.06873100406500653,-0.7982890909394612,-0.23074615129980242,0.29789853321743176,0.29730871820831817,-0.3956740607017608,-0.4338488151306633,-0.35776643643225353,-0.3672358519511333,-0.6671677997507364,-0.37772867257583975,-0.37984590522668527,-0.37772867257583975,-0.09712458046001239,-0.4090990168349952,-0.4090990168349952,-0.539682445532422,-0.539682445532422,0.5173644894512551,0.6494204322708949,0.7497587509877688,0.6818136320263064,0.8157885753862217,-0.4915348334722577,0.38893303549554137,0.5363678904496868,0.5366523837466506,0.5363678904496868,-0.183621952242164],[0.9866671221183122,0.9853717616225648,0.995757654910765,0.9901746700395334,0.9964374969420429,0.9866671221183122,0.9996806351805393,0.9987212506882609,0.9987212506882609,0.9996448700998642,0.9432581575627332,1.0,0.9996802867715465,0.9996754794969005,0.9996464924856263,0.40805003305573073,0.31448069846971927,-0.48405599553386547,0.9997960909810797,0.9997989043853542,0.9996854238819396,0.9996851419240592,-0.2204373628522811,0.9708615452512572,0.9944029086075689,0.9944029086075689,0.9943837059888029,0.9928668472374539,0.12267457700805577,0.10800462631292665,0.9913368207754761,0.9913831577630633,0.9071371383407036,0.05447574296064555,0.9990032766471921,0.9989556144386857,0.9988255185526438,0.9993637892226944,0.9993981586231822,0.9990369025698709,0.35853063099121496,-0.49266058599209755,0.9987725191069401,0.9987810467638808,0.9987725191069401,0.9027476452156159,0.4519992002703525,0.9324110579945282,0.9127372918055197,0.7355780026894452,-0.4549974088110566,-0.6176060787063872,0.8061655494154921,0.8344305371564452,-0.3375596990040245,0.9282125725403285,0.928428545929873,0.9683978161524602,0.9932133988366005,0.893615454435029,0.9008786866413155,0.8769554710372367,0.878213305150728,0.8836495590414477,0.8843312308850524,0.8836495590414477,0.755444406115038,0.7218344320607659,0.7241030155057144,0.7218344320607659,0.9001612170399004,0.9066776033498277,0.8992540628651697,0.900370214914509,0.8992540628651697,0.4712179638250442,0.4057810102352651,0.5143702369004379,0.6186877868949914,0.5132136338410244,0.5451581728266368,0.5471695893858588,0.5451581728266368,-0.3665248946718615,0.8368052841064098,0.8741780581234782,0.8597148886619346,0.9003253750527747,-0.2904667738775523,0.8316704950546715,0.8320594345571533,0.8316704950546715,0.8423957731735645,0.8423957731735645,-0.23969174875825403,0.6868073232643811,-0.38835024594550505,-0.7764102545617997,-0.535288321102587,-0.5378641818759476,-0.40475452442360343,0.2088266526243435,-0.2935138788473438,-0.505986282375146,-0.7306466614842595,-0.3839053035573263,-0.5983371449248894,-0.4529558691722841,0.0777914214824564,0.07475830793801592,-0.5578047422258452,-0.5276895563837208,-0.5482667998134297,-0.5834235308238624,-0.5772551348676239,-0.5515587339276448,-0.5544658059747081,-0.5515587339276448,-0.4235573425943172,-0.6149115519794434,-0.6149115519794434,-0.6137822138372548,-0.6137822138372548,0.35818343638129263,0.3334521932563509,0.46403612595887994,0.5585049456697188,0.5240091644729121,-0.5691588503799322,0.29475146451679013,0.2845086889574338,0.2846705122801499,0.2845086889574338,0.22871702576397773],[0.9922882086510607,0.9839157957114342,0.6323101068931068,0.9935956754761627,0.997218825987968,0.9922882086510607,0.9999965709138932,0.9982467842188021,0.9982467842188021,0.9999719623528315,0.9601936218871177,0.9996802867715465,1.0,0.9999903398211027,0.9999950313064431,0.8883217466997975,0.869695519462793,0.27393315703060067,0.9998622742273728,0.9998623740129177,0.9898578593256023,0.9999973426036507,0.3376244284730772,0.7302062241071932,0.9908476621991671,0.9908476621991671,0.9866786519807101,0.9908463547276054,0.2640725977733174,-0.17062526311285706,0.9916328656055003,0.9915256059208737,0.18815839495119988,-0.23153766096568346,0.9993444670774405,0.9994574159534855,0.4259452173027816,-0.310699866848586,0.9990169034082439,0.999422374476808,0.8737103262666027,0.2532217893574459,0.9417431234602269,0.9990941785375259,0.9417431234602269,0.9090767290623838,0.6126844034869144,0.9365839829043288,0.915752230763175,0.7354398286859476,0.4090382702356848,-0.11190636226582253,-0.19728641487173315,0.9283536741820041,0.34817932398665347,0.9677086002042399,0.9626954205976018,0.9787733841226166,0.9956578650673934,-0.037349109430019366,0.8721600148898567,0.8330411714229571,0.8789412474045215,0.8275714620740834,0.7908583617604215,0.8275714620740834,0.8088654277349739,0.795533477636339,0.7852422712074484,0.795533477636339,0.871052584183043,0.38294754234161416,0.5880206282835652,0.6515068441858483,0.5880206282835652,0.6036055890499394,-0.34499041786357487,0.5740831748479382,-0.6294563308476337,0.4969281705112899,-0.09481062397966895,0.4357287710284759,-0.09481062397966895,-0.15163503386852195,0.8493205805131513,0.8705757136828106,0.8556109657058073,0.766299256392187,0.2578161737855331,0.8489005748247114,0.8502601616452437,0.8489005748247114,0.7658090337655777,0.7658090337655777,-0.184846004996036,0.6935466385572278,0.2381278206888425,-0.6731284026174583,-0.6290536236674369,-0.6321715051901955,-0.15901576959091462,0.05707874264594291,0.329335193314884,-0.0009194087232133468,-0.5406294654456056,0.058052174821891026,-0.827833970734617,-0.16980889942945576,0.08468176396987773,0.08593651692238631,-0.6127992328223338,-0.5910317088952777,-0.0967502628269203,-0.5902101054033908,-0.8348602068709674,-0.38428784669683713,-0.21675464210884812,-0.38428784669683713,-0.2809971557530619,-0.3667000149165076,-0.3667000149165076,-0.8272345666836679,-0.8272345666836679,0.36165386812769146,0.5865300849215703,0.5057173686933153,0.8024035270793299,0.7392329182948042,-0.37352957686370086,0.06621657580205897,0.7494848551532861,0.7686603952198282,0.7494848551532861,-0.12629066483012666],[0.9927094569666094,0.983854500768722,0.6236888080205325,0.9943130481491246,0.9972968249156356,0.9927094569666094,0.9999867019511313,0.9994063866461291,0.9994063866461291,0.9999709929627718,0.9602122650888812,0.9996754794969005,0.9999903398211027,1.0,0.9999876379025554,0.8368002924426093,0.7771957773229679,0.2759126550764112,0.9998849419094834,0.9998855132008109,0.9898473024527081,0.9999876285183994,0.33998844982043985,0.7260603184216153,0.9938370659100377,0.9938370659100377,0.9938004385133316,0.9907636208313018,0.25948372585782337,-0.17104901529778208,0.9918575394285809,0.9918667758270016,0.21189129938388757,-0.2309533339084819,0.9995171508698235,0.9994571792317642,0.8432915059339191,-0.40287656639891556,0.9990121740249512,0.9994266678380153,0.8210090865042704,0.25523755694501776,0.9994081320491399,0.999412669303559,0.9994081320491399,0.908975759561141,0.6128082793000863,0.9361683020332748,0.9151862875612471,0.7349615465459141,0.28891443175986686,-0.2827680641508947,0.09822282536997942,0.9282382127376717,0.34886022103698794,0.9645446339506748,0.9627144995147155,0.9772784194960372,0.9958864320670986,0.8895372746560438,0.871283496955763,0.9028024210206026,0.8788389020205021,0.9019182454977197,0.9027560204076,0.9019182454977197,0.8079851649874376,0.8680797017724059,0.8695198417206812,0.8680797017724059,0.8708313189072907,0.7640504103515385,0.8639548719901038,0.865553253308979,0.8639548719901038,0.6030653230012327,0.45007910909755416,0.5726398144426902,-0.633661863764274,0.4954413024137598,0.5029428033924048,0.503977474216823,0.5029428033924048,-0.15355179337963482,0.8491064694676275,0.8701950501585518,0.8550881035675993,0.896395057502065,0.26026754857863077,0.8487819834756775,0.8504383923418078,0.8487819834756775,0.8589917807986376,0.8589917807986376,-0.18523368004224874,0.6929565799271055,0.1532198747065891,-0.6719088243018947,-0.6286882758621868,-0.6316525539506459,-0.15896849248498188,0.05623606596995154,0.10572147218797522,0.0007057541553861055,-0.5389869996665294,-0.1289380500692198,-0.8394693205872914,-0.3901292238635295,0.08440898953078914,0.08567873861153938,-0.6128479225216278,-0.5903513884235342,-0.38917640361059774,-0.5899708151258335,-0.8284131245124186,-0.5034428092929378,-0.4990223333986697,-0.5034428092929378,-0.2802505876189605,-0.3667485292144992,-0.3667485292144992,-0.8192926356043344,-0.8192926356043344,0.3614381588698431,0.5867993920142892,0.8222801691571592,0.8063424183965,0.7398931239246229,-0.37295301449487883,0.7011640957668321,0.7386950943856394,0.7387771126113409,0.7386950943856394,-0.09405248521087388],[0.9923419877558471,0.9837534270203602,0.6325195439727169,0.9936255094347767,0.9972456400849028,0.9923419877558471,0.9999933384831291,0.9991459037687315,0.9991459037687315,0.9999756062821853,0.9599077690441389,0.9996464924856263,0.9999950313064431,0.9999876379025554,1.0,0.8815271372211698,0.8360260315720451,0.2740556244157409,0.9998648849528929,0.9998648738762951,0.98999372946208,0.9999949694358762,0.33828057289379554,0.7300564458350507,0.9940767357093923,0.9940767357093923,0.9939817686547576,0.9907648670247599,0.2643403865687509,-0.1706565518527889,0.9924614698058182,0.9925072694388914,0.1888948846314788,-0.23137084568443372,0.9993907187776399,0.9994564456681166,0.424972188804177,-0.30993083917403924,0.998971690453342,0.9994248004566719,0.8720389768608183,0.2533667491076202,0.9412921793437574,0.9991456683588015,0.9412921793437574,0.9093396451382918,0.6133482537814305,0.9368101791361744,0.9159751623142695,0.7351841412204729,0.41037892203529547,-0.11039917199338026,-0.19749873284374886,0.9286995370722123,0.34844533072633377,0.9680986467595746,0.9630043416652646,0.9790374173093432,0.9956968766722085,-0.03833815738914318,0.8724211415438353,0.832959423571851,0.8791668551616939,0.8275240329539593,0.7904372873834532,0.8275240329539593,0.8090572558983639,0.7954819598016805,0.785614680354856,0.7954819598016805,0.8713566389730216,0.38229216745494476,0.5875402966542073,0.6515167841025763,0.5875402966542073,0.6034732693685394,-0.3461182540022484,0.5740279779588003,-0.6296299933179421,0.49658589044933255,-0.0957741650562515,0.4353967620501122,-0.0957741650562515,-0.1515859317510499,0.849450202384821,0.8703175975398785,0.8557393344494058,0.7582964157230703,0.25818482830460765,0.8490002524674697,0.8503507580141637,0.8490002524674697,0.7656260760281703,0.7656260760281703,-0.18622485122640425,0.6943443674935117,0.2386131859553753,-0.6731108941838362,-0.6294082287952185,-0.6325308412710052,-0.1600963537986073,0.055924488721724806,0.3296500170036023,-0.0013221305688947275,-0.5408388923978293,0.05814450703823649,-0.8270524518242734,-0.16964428859467792,0.08374275338478993,0.08499621409487813,-0.6133808977284787,-0.5912498656773164,-0.09618699401527575,-0.5913612807916397,-0.8348717910368761,-0.38422508883748296,-0.21621454901899798,-0.38422508883748296,-0.2818853233776883,-0.367137697535956,-0.367137697535956,-0.8275752480834728,-0.8275752480834728,0.3618649325284879,0.5861954069727593,0.5052272631191719,0.8028346247256778,0.7386828383204783,-0.3730954749937444,0.06557976028181711,0.7498904350373288,0.7692656626480614,0.7498904350373288,-0.12599977335695534],[0.8318249559084028,0.3220040037995173,0.454163067415527,0.831012052562341,0.7594054520306768,0.8318249559084028,0.8883548882216632,0.8859512516701853,0.8859512516701853,0.7902383451924797,0.6144833186459526,0.40805003305573073,0.8883217466997975,0.8368002924426093,0.8815271372211698,1.0,0.9944068761671121,0.41125448383652113,0.8667967633859837,0.8667872568814875,0.8128028397821964,0.8807081976103962,0.328559533293971,0.4780725983857378,0.8725596635358337,0.8725596635358337,0.859930987843828,0.01517614177879466,0.19132390305372343,-0.18393635057155802,0.9038869678429986,0.9019516824416103,0.15279883372305123,-0.2488540370594863,0.8855422738370307,0.8081825928924207,0.2942518323602949,-0.31925817156414044,0.42366586460905037,0.784050544964389,0.9984200459519669,0.39328315903856315,0.8127004665510547,0.8853172259193943,0.8127004665510547,0.3934263091840398,0.5702785759991654,0.015511008909802629,0.0005438593436507759,0.25678422855682287,0.4062899730992778,-0.0632389603163696,-0.209906139339108,0.7893565737948081,0.40451799943648126,0.8804255776702004,0.7988191527310934,0.8602469181923262,0.8746164461028101,-0.09683220110117335,0.34423555541143436,0.6643393729332832,0.5828446726872766,0.6560401388375479,0.687521331