var element=document.getElementById("correlationAdjClose");if(element.style.display!='none'){var correlationAdjClose={"data":[{"type":"heatmap","z":[[1.0,0.9999925177348536,0.9852842662790898,0.9999259852047669,0.9990136512569124,0.9867570844801861,0.9977330026358463,0.9957311295248713,0.9691499548388312,0.9960460280293819,0.9807306919507347,0.9933087499019893,0.9958612035811948,0.9951465890841042,0.9957804359003398,0.9974573678666454,0.9974417966401896,0.9982590497750345,0.9964266428142697,0.9964379246650471,0.996491894703978,0.9958137321348162,0.9862928005325133,0.9707399806441884,0.98902284643003,0.9559066615441536,0.9879544274944392,0.9851464101705892,0.9661376056903748,0.9488224542784123,0.993339385149117,0.9942476427790844,0.9921365513948338,0.976565666084255,0.9976438145453029,0.9979034984547948,0.9973684531735025,0.9959201772981029,0.9956018646816039,0.9978013941698312,0.9987238646675707,0.9987529408564013,0.9975935881799207,0.9976040309875468,0.9767313875502645,0.9157709678396428,0.7436153074938334,0.9140285079510349,0.9154868419069878,0.8502530082264216,0.9646268870445308,0.9464446303329298,0.9661585193376042,0.9651789161290586,0.9565187934626349,0.9852052667673372,0.982100959873017,0.9903050481450136,0.9945580835405521,0.9856260423360074,0.9803106192684091,0.9873028869376064,0.9850781532227583,0.9878899935186678,0.9876791592971236,0.964966419471869,0.9715000563726213,0.9737467481025133,0.9734134940708572,0.9496864431619128,0.9783637138463956,0.9760446869786183,0.983728350259916,0.9829424917268165,0.9397776650775362,0.8740496428516832,0.8416848001780705,0.8924399462271669,0.914183616972911,0.9104579687089382,0.912110513742603,0.91071294971115,0.6621197003343344,-0.5677463859686875,0.9792285617891805,0.9730160038791832,0.969364502094955,0.9864063548923401,0.9730837538893845,0.9834076282905272,0.9833680542089174,0.9483547514619346,0.9835367303371294,0.9519005787369191,0.687749421700351,0.8886575340400815,0.9219457227965975,0.7764017334926109,0.9285762815288953,0.9466919646821619,0.8287438128186655,0.9618176117233429,0.8960813790173779,0.6229388099166986,0.7147884502464131,0.8924001446190017,0.8676705483894243,0.8897499200879323,0.9717435798231975,0.9719315899608925,0.74308154576025,0.7198493478457628,0.8248427537879962,0.37281584519289224,0.797924272505134,0.8291761232851558,0.8161034780065536,0.8146313514986652,0.7645507617650144,0.7460576995478954,0.7274052978788786,-0.25641517720016593,-0.39456290819210443,0.6531250794368291,0.8968704886606682,0.9404017623077001,0.9459105905338695,0.9151154336069872,0.8277773297215402,0.9128812503042102,0.9337095664495417,0.9335600180623558,0.8681460525870265,-0.18843198207727066],[0.9999925177348536,1.0,0.9858674496328206,0.9998067416287857,0.9979495991256567,0.9902215327591402,0.9938983064055061,0.9903787446202013,0.9823381460215861,0.9904046461543098,0.9724147183606514,0.9924651646281775,0.9905710725522923,0.9904297922884423,0.9904736638200999,0.9930589681093374,0.9961100908045408,0.9957010782558017,0.9933053178320342,0.9933058825347282,0.9904684471903726,0.9905209918524928,0.9900523175488367,0.9685088472593508,0.9866016774704107,0.9793745619438166,0.9864203833880519,0.9850250730358787,0.9772214568469413,0.9237903529612008,0.9879004742901123,0.9849760666237865,0.9781467333898609,0.9239578011395704,0.9952392615162339,0.9951008583463915,0.9953627627961074,0.991236856331712,0.9948986500852702,0.9953653179739583,0.9968409697134781,0.9969273387374784,0.9953417997881835,0.9953500376679554,0.988201940469577,0.9155970049615519,0.5841901555602378,0.9138984090237015,0.915703915796321,0.8503779572892358,0.8726476735822977,0.9170673368365618,0.8759325795293011,0.9014429366181426,0.8719240635168503,0.9546780593985507,0.9546157978105512,0.9636416996098469,0.983223127382143,0.9785829330840828,0.9816702014163605,0.9766846101808101,0.9764635716988811,0.9789393255893498,0.9788593696398264,0.94480546658187,0.9538204307466309,0.9261557651163522,0.9260607793996791,0.8419277650716454,0.9745301723368198,0.9764536672071942,0.9766696079496476,0.9761825668775566,0.9428007313241296,0.7084811552427412,0.6561993010486007,0.7890132272613224,0.8692995466357865,0.8100864528901348,0.8406469619345069,0.8391232336824214,0.6572197522239663,-0.25811492300300565,0.9640775516718921,0.9695895903121862,0.9638429893161342,0.9793169475541366,0.9615900810127076,0.9679039699456401,0.967138137607193,0.9186945062647494,0.970345680387921,0.9232230267323501,0.5509717168385184,0.8878981447610178,0.8850424161849207,0.37876465982190843,0.7147168941718198,0.7912353782215188,0.676366617544172,0.9623631300101047,0.6826762160914975,-0.26703010556795287,0.17483631940199618,0.6528498546120787,0.6575122529143174,0.7032869279420999,0.9639306694605234,0.9638339716531075,-0.02071699601839921,0.22358367898320272,0.061009865047090106,0.027032370828244407,0.05540703724789798,0.07146544654738442,0.03894238566867838,-0.007852906143281343,0.4280652347417187,0.15999861712553481,0.10934840721277739,-0.4442486308638341,-0.4843440576634882,0.6531012190652548,0.7501146421753729,0.7743849125716383,0.8324258590923767,0.8249910034963351,0.5542404694585216,0.7402680900370262,0.7691860503922989,0.7679114039663099,0.4181349254381164,0.1856074294651473],[0.9852842662790898,0.9858674496328206,1.0,0.9866853566750124,0.9932137940420652,0.9907026161629621,0.9905376898968705,0.9910732756161417,0.9900163610037447,0.9942582567065523,0.9580969377820583,0.9970835719458943,0.9909572474558367,0.9928791462798864,0.9911317964200905,0.9905107115939972,0.9912811565754039,0.9905782222341496,0.9897428211121234,0.989713555280963,0.9927873068411704,0.9910050748521273,0.9942541302177549,0.9815715441468952,0.9911747851573153,0.9791248254855779,0.9916522665402746,0.9843731264782039,0.9842232164201181,0.9539498323015918,0.9714506830632548,0.9753687903102315,0.9779990322244727,0.952727850779303,0.9878530405702372,0.9909810196051044,0.9893032535620515,0.9928869176072843,0.9951224098350391,0.9921126348132342,0.9855841602148445,0.9882461834353207,0.988152704517033,0.9875337771559312,0.9912541072726886,0.9144767058802455,0.6842765779540326,0.9344618819286274,0.9100171583808676,0.7726921137433779,0.9243378345682571,0.9017719920864555,0.926735141989549,0.9256913296253804,0.9133835352093008,0.9517759295209085,0.9597012700740043,0.96724617267271,0.9796159433327537,0.9353498326944624,0.9567588765200549,0.9585260312613751,0.9650577414672044,0.9589255783456974,0.9332154744516785,0.9098333424654209,0.9364228151798913,0.9293000792899397,0.911506017231284,0.8775546066301317,0.9651580876536088,0.9432021925286971,0.958930175535178,0.9376356804756041,0.7986793828717798,0.82147784910893,0.7464721227872845,0.842443864156066,0.8789866044132305,0.8785864740175516,0.8476246329371281,0.8617495202939454,0.34685948038751296,-0.5636809531603031,0.9532916380325321,0.9339295194496174,0.9353366949355718,0.935600870275405,0.9475843606993416,0.9570098573933028,0.9565899550364273,0.9230446543165417,0.9527015329915803,0.8575501872371616,0.6641714685111242,0.9439741448290081,0.9432425216848356,0.7435775327711377,0.9125484153058554,0.9323570297783552,0.8149827688307674,0.9797241933964349,0.7779783986058482,0.5291260779661555,0.6560312567062245,0.7871756883077397,0.7940682019965838,0.7760062745750945,0.982884048795685,0.9829187542246998,0.6654881631603906,0.6597435231938915,0.7124107401612362,0.31040691218017796,0.6952880449091154,0.7123057059288853,0.7222922583064203,0.7093928682591286,0.7221779964259947,0.6762051753989285,0.6559354710972655,-0.3248123894522707,-0.4626747568989824,0.6156208832376581,0.8580287351854987,0.88959570959818,0.8927009731530949,0.8884285050421391,0.7591392575707989,0.8644511378559179,0.8783813780751081,0.8868100854053322,0.7378964741108734,-0.11003341075693486],[0.9999259852047669,0.9998067416287857,0.9866853566750124,1.0,0.9992929561830484,0.9877890909066047,0.9980308213326479,0.9962140410401862,0.9714122382915801,0.9965983472859518,0.9803701643676711,0.9944823320821219,0.9963261392598056,0.995814917230599,0.9962621344829647,0.9977735996262558,0.9978271260412052,0.9985685999372957,0.9968491848779438,0.9968581136358405,0.996959819484212,0.9962829136015955,0.9875470470181718,0.9720955146396699,0.9900605816337479,0.9585509090449271,0.9891013476010664,0.9870690081292997,0.9681951412901666,0.9500313601334325,0.9927442213611196,0.9938414550906126,0.9921884921132507,0.9761988414198962,0.9977739169415364,0.9981614351351256,0.9976469555773883,0.9964444371203713,0.9962345246488712,0.9980982862175276,0.9986479871807794,0.9988725385855279,0.9977165512099945,0.9977241582170058,0.9785593763528856,0.9116828779632833,0.7373395983593872,0.9148032157373914,0.9137352181700998,0.8409801190058019,0.9616965335453165,0.9430652945026408,0.9631250881386026,0.9625765038718082,0.9536672253556381,0.9831304466250017,0.9805868139065321,0.9894787099492088,0.9944655980502256,0.9840332083209109,0.9789300879576601,0.9858889264928759,0.9843567123888323,0.9863961107159468,0.9861786949446368,0.9531450188865228,0.9700571134670173,0.9721196378435855,0.9717850152556278,0.9436978763230728,0.9778078331403108,0.9728199862213414,0.9821279676425843,0.9813027632011735,0.9156840581894973,0.8721913856797191,0.8372897441962317,0.8903439716272892,0.910966999375677,0.9097436755330093,0.9093565247687803,0.9080124898192778,0.5627923262668311,-0.5675853208178595,0.9782006541982495,0.9713289053121256,0.9675594413341433,0.9848167790769956,0.9721190568354301,0.9824726555704643,0.9824284389606469,0.9475634964629565,0.9819194598477501,0.9340285330804071,0.6927413645538971,0.8955275053273807,0.9262506148545738,0.7780010017272471,0.9302387052339618,0.9481001438826182,0.8290424448146892,0.963213756932027,0.8899333921219456,0.6194553604070377,0.7130075189679862,0.8872997458979379,0.864062951162016,0.8843262188145543,0.9727312624741549,0.972926776896583,0.7420625207516587,0.7200828189490533,0.8169019234057339,0.3747938981434016,0.7922149216568484,0.8209527807658249,0.8079434787769361,0.8092841563647186,0.7671508683393418,0.7460244031573515,0.7274439928157084,-0.2517902076114576,-0.39381654682809053,0.6520521540018395,0.8949761102319168,0.9385617064346239,0.9441202971913268,0.9139477561931965,0.8249634440702565,0.9108723004506145,0.9314598241097504,0.931464737074334,0.8606489713695785,-0.18122206407332325],[0.9990136512569124,0.9979495991256567,0.9932137940420652,0.9992929561830484,1.0,0.9907209870030701,0.9990724414875898,0.998418937796692,0.984380804362005,0.9984802866467369,0.9747822032021908,0.9979377993535493,0.9984562204691035,0.9982973324329198,0.9984522373446632,0.9990037996673317,0.9982761233475225,0.999254392335383,0.9988087242401846,0.9988084267991854,0.9985233335670405,0.9984449642790806,0.994015483588901,0.9797888871488664,0.9943903186771221,0.976774399375928,0.9943441714782938,0.9902440771416382,0.9817978418075105,0.9536506719108695,0.9893381227388276,0.9919809285646495,0.989768791650983,0.9678085663658005,0.998943916506128,0.9989861738226369,0.9989933981776974,0.998546414100523,0.9986237428846291,0.9990956217932089,0.9989555945869103,0.9991673337496161,0.9989355128411851,0.9989354603107464,0.988687560331645,0.9213972734911403,0.7134150030393875,0.9277866380248471,0.9178279913757522,0.8254508339796515,0.9463724062626971,0.9339176317504218,0.9504769107186598,0.9547028260363154,0.945183132804663,0.9796442818855381,0.979591505171856,0.9890045598144109,0.9944249428101384,0.9804016605647611,0.9732254984103498,0.9812480849539525,0.9803071483687978,0.9815867851292167,0.9813291517550949,0.9545765590204173,0.9607102216886183,0.9554849516205306,0.9550547126584855,0.9141932003598309,0.9749886849425172,0.9714692521886411,0.9777885801698379,0.976897027524994,0.9361946987161112,0.8495559268790485,0.8080354120661057,0.8738610411573249,0.9146817609214236,0.8971707258064723,0.9052046640050857,0.9039675157407299,0.717260358019207,-0.5865632118304349,0.9715341845021039,0.9604372888690725,0.9576907508417429,0.9814299028907163,0.9619216142841839,0.9754780730184982,0.9750497019214692,0.9380721013875132,0.9772977786312441,0.9415971014191213,0.6800021280653321,0.9134503000556502,0.9471927318523852,0.7340747252412645,0.9108693371693145,0.9340533955403845,0.8231525866455809,0.9687579795121644,0.883773796287165,0.46262732122222733,0.6489311424361811,0.8720657510716414,0.832522257209341,0.8748246029861576,0.9766095657835924,0.9767587989932162,0.697729711118895,0.7018045975919787,0.7406285486704414,0.35093219130048564,0.6840727604741853,0.7461509895774322,0.7231906341543407,0.7027765152520252,0.7521510897594857,0.729453446241703,0.7099507813169362,-0.46683694589346186,-0.5462358976784365,0.6435248190551095,0.8882235676020893,0.9234296626552024,0.9366317411129319,0.9106704403663516,0.8032031603285714,0.8954767618419598,0.9167535713975882,0.9162876699756264,0.7956787288684445,0.029738059601215082],[0.9867570844801861,0.9902215327591402,0.9907026161629621,0.9877890909066047,0.9907209870030701,1.0,0.9865708583826643,0.9870466121233916,0.9912722302529209,0.9867262278132369,0.9618736853421224,0.9795599010466703,0.9869544030498277,0.9883256776002707,0.9871113953702833,0.986837732521131,0.9901187288879892,0.9880927925393096,0.987873119509651,0.9878742662695167,0.9859094286992247,0.9870408008994165,0.9959182119791118,0.9923791835471734,0.9875597255269508,0.98453377142724,0.9875997173705725,0.9737217843610356,0.9865629858849164,0.9705310599267832,0.9675172642118554,0.9724657159881254,0.9811423460473688,0.968861990376617,0.9864130678136835,0.9866672661764511,0.9875012894672767,0.9878254023136659,0.9812219863247813,0.9875701609032014,0.9856018437644434,0.9871232788072303,0.9865402423867687,0.9865532678279176,0.9953646610817748,0.8715658671438478,0.7082677520139025,0.8931763248820213,0.908579947559872,0.837605772426592,0.9252302729674314,0.9103057817313531,0.9274430339758662,0.9381266270824238,0.9230529589486157,0.9568819710764495,0.9617475152374955,0.9653605667386855,0.9758949139717333,0.9692006320149893,0.9834518773819764,0.9704188166698315,0.9825180950559754,0.9701074950342249,0.9695419046318831,0.9721166991120112,0.9641067929041354,0.9446418238623121,0.9441411534953924,0.9373581067658486,0.9804607582893176,0.9728766553964601,0.9705222333011542,0.9690231465281879,0.9563498255373095,0.8715272027212076,0.8242582689699177,0.8913779791500852,0.9059274306049898,0.9143745319532238,0.8962197094339321,0.8940194246321087,0.6867463318064311,-0.5251668635025182,0.977494067967744,0.9765580374112326,0.9726275123435177,0.9702198695851137,0.9687821427032463,0.976910286212163,0.976516753606243,0.9617247330584995,0.9662528164575962,0.9607670350265906,0.6978335252072635,0.8654602938252748,0.945599960890807,0.7808806676810993,0.9215966975862492,0.9370632110954641,0.8221480948596849,0.9584880739761235,0.8421077818861772,0.5573653245051403,0.683384994766335,0.8401383073162415,0.821483366213451,0.8386708733345786,0.9599693443569618,0.9600376130858694,0.7015077514248524,0.6978906530827883,0.7570328337412133,0.3756905622437487,0.7415458013334598,0.7627064375203495,0.7492755531178078,0.7515850531845071,0.7517335337116319,0.7125615088288529,0.6962974568716399,-0.28079295306450214,-0.4102497391803328,0.6701995776917786,0.8728882588605278,0.8905879859346623,0.9007395363087601,0.8863599233616256,0.7928444012855519,0.8608565101505309,0.8821710245830772,0.8822666021427747,0.8253421544216472,-0.15116791947732125],[0.9977330026358463,0.9938983064055061,0.9905376898968705,0.9980308213326479,0.9990724414875898,0.9865708583826643,1.0,0.9973263430905837,0.95831439952993,0.999564548051587,0.9747669746811084,0.9995010490718446,0.9982680853945199,0.999111755724555,0.9990986673214183,0.999878681522701,0.99529063129725,0.9999013555195025,0.9993130327910731,0.9993181465042341,0.9996803883909516,0.9992839167371014,0.9905723974592375,0.975062198924929,0.9849214633912954,0.9258521303807963,0.993005848425489,0.9897020099901601,0.973000575420382,0.9479999891645996,0.991818808576516,0.9917305883151704,0.9933982585690764,0.9735940316860435,0.998914626391462,0.9998349170837533,0.9996827076062922,0.999435242030443,0.9997098317604532,0.9998641874727369,0.9983518497710676,0.9997042045995396,0.9993286848358728,0.9989638055684085,0.9820251216424533,0.9287336791051529,0.7297279729003902,0.9393831317385294,0.9274904263617646,0.8191790439810328,0.9575023318553375,0.942571781243708,0.9596840062512616,0.9590472175196213,0.9510920192407055,0.9816558170553598,0.9804145398934332,0.9913048316948018,0.9964622194997395,0.9450054826820504,0.9603122388764141,0.9715642364982241,0.9720375207164644,0.973243976483206,0.9450495592093088,0.8994005915347415,0.9514379515747063,0.9585834832469315,0.9359738670609689,0.8876348705602015,0.9647623255035245,0.9361011725598046,0.965689594968728,0.9453699162766517,0.7613070791185047,0.8438609210037948,0.7684716831920939,0.8610106660940289,0.8833179599698148,0.887690993756241,0.8663458685078559,0.8786674566436321,0.2997578854577182,-0.6015365270469127,0.9623717401863932,0.9452901715468588,0.9441788298886891,0.9469230446735221,0.958611911653382,0.9693556521980619,0.9694056770169744,0.928081829904419,0.9657441053377692,0.8385371254938743,0.674181648064535,0.9139374090207418,0.9260319061819673,0.7667121656991804,0.927356046628952,0.9464200364795272,0.8236869048151267,0.9681087240966214,0.8317478801589964,0.6094850645378105,0.7040550222706727,0.84522288578811,0.843447512269188,0.8313523573229207,0.9767024119599117,0.9769120415513431,0.7295298200540596,0.6987853419340929,0.7822339459666111,0.3458065403197942,0.7698397339471789,0.7925134698235422,0.7813297508926856,0.7893728108640006,0.7484915618924461,0.7347559113700431,0.7143972778152038,-0.26866335474789255,-0.41798809400306036,0.6613372986189662,0.8908913095354601,0.9271625302628002,0.9429572345229088,0.9151004593469731,0.8241488678453593,0.911364524674015,0.9325913182527423,0.932042693369351,0.7757648990489315,-0.1452573519884315],[0.9957311295248713,0.9903787446202013,0.9910732756161417,0.9962140410401862,0.998418937796692,0.9870466121233916,0.9973263430905837,1.0,0.9695009334120183,0.9999852336213942,0.9694238805762567,0.9996991644428582,0.9999969741972999,0.9996805432083227,0.9999980304405826,0.9992183343483885,0.9890222052328342,0.9993777915855849,0.9998977911563772,0.9998973526701626,0.9999603926700946,0.9999948954135682,0.9909436991713387,0.9763393981001561,0.9922690488877107,0.9400688867212806,0.9935095571184593,0.9873883122554165,0.9752122459430704,0.9470537763195277,0.9880900613102974,0.9939436338192253,0.9920700039662347,0.9704054604936501,0.9994458518746007,0.9995255183644836,0.9996410194859607,0.999712408309985,0.998967384669609,0.9994622165513207,0.9980239498973782,0.9986755635271796,0.9995155208397323,0.9993824952917907,0.9835849298185618,0.9286783203889697,0.7168911232528883,0.9442932282216416,0.9253267966832653,0.8001856848452236,0.9558382743296386,0.9377831341208137,0.957626048002385,0.9528675614135603,0.9447294547947107,0.9796361137189807,0.9772857250871437,0.9902675045826237,0.9971519711641954,0.9396535603223359,0.9553473075870337,0.9644426954109129,0.9685206223188482,0.9665582309577366,0.9431873104029622,0.890202608629547,0.9460453444116468,0.9512007819632691,0.9301875273561365,0.8738609153133239,0.961631625775386,0.929305643527298,0.9596906688320476,0.9403896193193205,0.7466981957288463,0.8347646140196977,0.7636853092300732,0.851941046601679,0.8752691114048773,0.8823673476256318,0.8615129156427993,0.8711634350678301,0.280492140653368,-0.6066647209585141,0.9575717162015359,0.9372390804962376,0.9370604262133296,0.9448202234189642,0.9532477603313518,0.9646475897030339,0.964688020672851,0.9221169957575501,0.9581524480407085,0.825492740782965,0.6701208439229391,0.9309772668181634,0.9377194541154675,0.7621012812414403,0.9268806434498905,0.9461672343333717,0.8211279837688387,0.9724891941563826,0.8351407404713778,0.5951183413902645,0.6948778798484525,0.8462206133187631,0.8403426064232646,0.8344009197395719,0.9794600955658972,0.9796740556488314,0.7197137926606724,0.6903617069084844,0.7838915791393269,0.33197234365872197,0.764613259474511,0.7880408675589496,0.7823030655177541,0.7837634804987167,0.741629922379811,0.7285840066930483,0.7075874559855682,-0.2851609460448785,-0.4334914790632696,0.6451677336788851,0.8827936838355306,0.9247754132923194,0.9352808814613977,0.9089814269594717,0.8129649894875232,0.9048524793821722,0.9262733008271251,0.9259634221242184,0.7560903007989899,-0.12779798167685988],[0.9691499548388312,0.9823381460215861,0.9900163610037447,0.9714122382915801,0.984380804362005,0.9912722302529209,0.95831439952993,0.9695009334120183,1.0,0.9849650559105672,0.9440966664972688,0.9899958610456414,0.973227273334891,0.9833033163771435,0.978155059393928,0.9758053806135742,0.9467075358822507,0.9804705205627362,0.9788348040288335,0.9787988246740321,0.9829191241645892,0.978163760273791,0.9946169552726211,0.99146493612748,0.9821095645905858,0.986921673605775,0.9850063432792959,0.9877292211976623,0.9894968293763524,0.9637866117575072,0.9305036876376308,0.9520052064218484,0.9685221540599532,0.9502238258550461,0.9727077941920029,0.9808886463292382,0.9777807218481162,0.9801538228256435,0.9881029900542622,0.9826000721183947,0.9682728955441972,0.9775123728415278,0.9735266093231433,0.9725060058720448,0.9988571630769766,0.8888206842496481,0.6629461670189724,0.9353793333137511,0.9227473317726566,0.7815205442529888,0.88870718346009,0.880117265543929,0.8922883915419965,0.9097346193581597,0.8940500061705592,0.9318922370713724,0.9467846178608066,0.9510338596160417,0.964731888017831,0.892299123205393,0.9574038465862043,0.9358462919678625,0.9579454610009963,0.9360805055262842,0.8902122065436504,0.8946973547929344,0.9284628955292088,0.9026963112820248,0.8657214985269982,0.8555015156137887,0.9590575814897149,0.9073230503779467,0.9351333153042131,0.8954558030292511,0.7805905039451169,0.8119198381255182,0.6981795615520935,0.8349020668064511,0.8570868962325032,0.870003051539164,0.8193122770412037,0.837708855435392,0.3182761384699991,-0.5526778637260187,0.9462335794277561,0.9359090169425761,0.933658022882152,0.8920665412010599,0.9353129259759703,0.945270045507,0.9446896169450887,0.9233483665484916,0.9292929937293487,0.8386756532046776,0.675641335583274,0.9225583163126796,0.9533668811230964,0.750776324044141,0.9085020201140294,0.9254747378309026,0.8040099603759968,0.9676933349989584,0.7457363906784905,0.49442679887785407,0.6379062228515109,0.7661715296327987,0.7722881755208905,0.7528711511619057,0.967321828995965,0.9673199927813715,0.6491894195637231,0.6488211939400041,0.67895443466954,0.31802011487963255,0.678437940672,0.692345607561262,0.6725370380176464,0.6893234977383047,0.7158212165715453,0.672738689622734,0.6536483609393495,-0.3330061927612311,-0.4674684530334364,0.6645987105550875,0.846065798496922,0.8443690359317577,0.8698056652231769,0.8705141670450943,0.7552244559616392,0.8213954945161248,0.8504503545058537,0.8453924991550923,0.7121194871144051,-0.0688154142830245],[0.9960460280293819,0.9904046461543098,0.9942582567065523,0.9965983472859518,0.9984802866467369,0.9867262278132369,0.999564548051587,0.9999852336213942,0.9849650559105672,1.0,0.9687829513896765,0.9996983164974452,0.9999819216555044,0.9998492575899127,0.9999905507211101,0.9996556033886665,0.9975035514560684,0.999370815077191,0.9998421364931285,0.9998412036752584,0.9999682134278669,0.9999831695345461,0.9938374413778599,0.9779442480073992,0.9955415621852588,0.974779196955633,0.9956680167922914,0.9873631414171408,0.9796947486739583,0.9484390361945259,0.9887679756993747,0.9930848118801731,0.989217410254898,0.966248245484495,0.9993871578287249,0.9994662932664042,0.9994740997588916,0.9998530814774159,0.9989761775803724,0.9994480191153862,0.9982000666107966,0.9986921492765118,0.9993845602594306,0.9993790408278554,0.9881649091742353,0.9288022493420176,0.7174825498933612,0.9442667594740157,0.9253326204921238,0.8003905027368802,0.9437040467757177,0.9289969698152012,0.9473328965173072,0.9504458741786829,0.9420902324727588,0.9777039684027751,0.9773220973267366,0.990406762874648,0.996617760910471,0.9700743657488147,0.9557398529844238,0.9708523232318254,0.9686413974602116,0.9712856145228282,0.9709818687176129,0.942217742511246,0.9454367534107518,0.9449930600712385,0.9446168849270993,0.902151864361422,0.9619972283393858,0.9620212693005356,0.9678840495126154,0.9667939129789473,0.923250463847481,0.8341791628990243,0.786750812817496,0.8511797170622509,0.8963035806628359,0.8813368093647674,0.888299956848522,0.8873194526153109,0.6658688588562756,-0.6202089557428981,0.9575777034048625,0.9372766246370737,0.9372267532611026,0.9713260953178755,0.9485086059514433,0.964292593536014,0.9638310693261873,0.9231783675592637,0.9663647852772884,0.9270295199537446,0.6686609951404928,0.9305694658296354,0.9509217467688498,0.740523657216727,0.9151283584683452,0.9378764642300406,0.8202994012508725,0.9713738066165145,0.8903193602526935,0.49511658923253155,0.665274680803707,0.879251839695735,0.8401058923959166,0.8824234166034132,0.979392713589928,0.9796343945969145,0.7176772963971959,0.6873897788456309,0.7559406299996646,0.32993124666916623,0.7010639835106156,0.7612561993624234,0.7402212692879927,0.7207437407264727,0.7391269627924164,0.7253928137915042,0.7043428053540957,-0.5151522932873214,-0.5953905501581613,0.6448698546101976,0.8816352730121235,0.9236779634515844,0.9374587704504508,0.90799453684862,0.8083599044143592,0.8958967560064188,0.9169489883939026,0.9163984714345437,0.8057295781384687,0.10107675986255521],[0.9807306919507347,0.9724147183606514,0.9580969377820583,0.9803701643676711,0.9747822032021908,0.9618736853421224,0.9747669746811084,0.9694238805762567,0.9440966664972688,0.9687829513896765,1.0,0.958873488582365,0.969785530600618,0.9688015642802199,0.9695325352886347,0.9730373655717837,0.9725853073566854,0.9765761497144956,0.9733852732012722,0.9733976482021184,0.9695824304498126,0.9696463591634991,0.9677334467480448,0.955305507126585,0.9756978501690422,0.9557710264945914,0.9737491878354451,0.918876195435748,0.9709315494693587,0.9557384847089877,0.9786124612298107,0.9733230446680846,0.9734072040064027,0.9429932504345963,0.9769372307060482,0.9765459339642112,0.9769378115674912,0.9700442518441108,0.9654002225890758,0.9759925485658485,0.9805644217530566,0.9790231747585763,0.977094464902963,0.9771097087545542,0.9570283735000866,0.8558704414877658,0.5410839629894654,0.8343591724385685,0.9083224120665294,0.8826947062954321,0.9078913222470715,0.8479554472013092,0.9120569609599164,0.9237112562967895,0.9093925506022806,0.9402476212644928,0.9401239577030532,0.9484697486258366,0.972257006012229,0.9482502741759586,0.9414424692970303,0.9568577105030931,0.9516919929802032,0.9555221378892341,0.9555395610350103,0.9140183958831414,0.9556964760491141,0.9436034609448939,0.9432831737373213,0.8734144314654394,0.941466352751513,0.9483130773543161,0.9425818502028084,0.9415411455879591,0.8944810776715262,0.842581573739444,0.8038969682131673,0.8807294489478098,0.9252580796187355,0.9008927096360264,0.9131733182087763,0.9125864157530249,0.749658281481336,-0.3177306440241722,0.9558557881593192,0.9584537674453396,0.9495891465096309,0.9498069116641413,0.9358828628207837,0.957011341531399,0.9569783075278444,0.9059334214848586,0.9587731677101825,0.9100027579611742,0.7547249266935159,0.7537058836686074,0.8816077471207088,0.6735768661069372,0.8715976258008009,0.9033190135440942,0.8857496261655879,0.9556061323825042,0.9100220315012323,0.3708468441236019,0.6658511750444209,0.9026578711235055,0.8829951815902094,0.9097198572815152,0.9558173966179676,0.9561174390052481,0.5599115731727492,0.7238282664428674,0.6340710355655659,0.5095698347339843,0.5955203663905608,0.6472984884588524,0.6096890159214713,0.5828713662615282,0.8227993561203606,0.7012407470704546,0.6666747508238078,-0.2991174080758476,-0.353397152383162,0.7558742148318257,0.9177153008274861,0.9246368419670994,0.9161801442999901,0.9414609088468294,0.6806948008026817,0.8524660579823727,0.912022796907241,0.9112345324833717,0.6963311698540011,-0.1609830649802948],[0.9933087499019893,0.9924651646281775,0.9970835719458943,0.9944823320821219,0.9979377993535493,0.9795599010466703,0.9995010490718446,0.9996991644428582,0.9899958610456414,0.9996983164974452,0.958873488582365,1.0,0.9997216466227917,0.9997034775217752,0.9997111089321944,0.9995902410773918,0.9976011922203731,0.999246530223271,0.9999620978715571,0.9999616743942629,0.9997099892265876,0.9997171694775384,0.9914258772879676,0.9639132315115091,0.9925209603885908,0.9809754994453277,0.9935037913801739,0.9908753131091387,0.9748279578757142,0.9115666979700724,0.9894587639829563,0.9929632946308143,0.9761243514682783,0.9114060803809181,0.9992654048220023,0.9993244975981977,0.9992718078624981,0.9995013784930236,0.9994857170144378,0.9992941213965583,0.9971546650826003,0.9981364852637257,0.9992442790532517,0.9992404784949621,0.989940351353266,0.9231039863357277,0.5558238353931924,0.9405602989199637,0.9246025452919712,0.8039386054970455,0.8621268863687872,0.9022017622645175,0.8668709438801923,0.8848837365741393,0.8596631560176707,0.9533651712456641,0.9533202361989274,0.9776835209219135,0.99392780012908,0.9579459159557451,0.9596678937801955,0.9508769796637722,0.9527231980531267,0.9546275377374653,0.954452983610544,0.9103819451418763,0.9220204518662338,0.8879354165293997,0.8877705862069555,0.7894647788544208,0.9548961531152541,0.9577736758090133,0.9579114040212448,0.9572927661173334,0.9131711744968583,0.6598110547389161,0.6038939443498277,0.7414678788494568,0.8292790421899559,0.7675199465538909,0.7996092712209313,0.7985340823853974,0.6022867574697969,-0.37662025250256853,0.9327172518442677,0.9409011112477291,0.9324557746062939,0.9591402511189342,0.92979982990266,0.9377144771244659,0.9366805990948718,0.8778848814056047,0.9413148628125332,0.8838480397303229,0.5833007956714223,0.9276580156040809,0.9216936608455667,0.4034557895346654,0.7390877704624919,0.8096119734393316,0.68292529368714,0.9747647400224042,0.6887199116249362,-0.20941033726963285,0.21861873658207537,0.6631173663012718,0.6662807389768024,0.706955183398257,0.975967245449581,0.9760293052886493,0.032547982337849564,0.26597204742855135,0.11545110949189086,0.08084558838419256,0.10792456387902521,0.12634169944570922,0.09305158201316459,0.04129973251373079,0.4669021184528826,0.1958928738824561,0.14278934906807728,-0.5116334663811574,-0.5509471466048164,0.6448895933146024,0.7468389792884597,0.7712333255969192,0.8322004266110596,0.8267147712101885,0.5392113527084383,0.7352122663961493,0.76622898604334,0.7650359939574184,0.4143920757119474,0.2336239328716838],[0.9958612035811948,0.9905710725522923,0.9909572474558367,0.9963261392598056,0.9984562204691035,0.9869544030498277,0.9982680853945199,0.9999969741972999,0.973227273334891,0.9999819216555044,0.969785530600618,0.9997216466227917,1.0,0.9996640297795562,0.9999976670359234,0.9992736575010869,0.9910896364652139,0.9994235221146079,0.9999078951243002,0.9999076614151887,0.9999678562814129,0.9999952748132263,0.9908416737414761,0.9761936865415499,0.9929284444451647,0.9449865783055585,0.9934679035820847,0.9875441889384782,0.9750342733288956,0.9470432476900243,0.9889877570959146,0.9940117166192189,0.992147678720561,0.970548825914885,0.9994883875577648,0.9995676963551335,0.9996731639321077,0.9997134177443231,0.9990439110964773,0.9995046083800772,0.9981160499223829,0.9987507202917237,0.9995589209806559,0.9994259561535578,0.9833764879233466,0.928978465236765,0.7176174548031362,0.9442464983651048,0.9255527078248718,0.8012343501492037,0.9561831904569703,0.9381958237223336,0.9579775221380192,0.9532404396859815,0.945139401445946,0.9798848119915397,0.9774777486436463,0.9904084274865713,0.9972195404880939,0.9399661095293428,0.9554982181353958,0.9647308444898576,0.9686522045755795,0.9668418219240711,0.9434476773865411,0.8903534086168057,0.9463065643902348,0.9516152192299027,0.9306220780309575,0.8742650309846011,0.9617113100913891,0.9295225594752584,0.9599130718696726,0.9406813398762345,0.7467796926711529,0.8352196768797772,0.7642322741275621,0.8523798381580558,0.8756011504180876,0.8826138001604631,0.8619193759512248,0.8715819314310814,0.2807921670256035,-0.6065998047829295,0.9577727915548674,0.9375736995826336,0.9373430568181564,0.9450659624241903,0.9534661820808853,0.9648588852879826,0.9649009063606673,0.9222891971265247,0.958463402340901,0.8256996015231447,0.670269832709673,0.930207723487684,0.9371907278131872,0.7622946793902118,0.9269114937472962,0.9462017975179514,0.82139930597052,0.9723258451114994,0.8356010109176626,0.596164355753387,0.6955601807628018,0.8466980364643472,0.8408750956167164,0.8348413982157509,0.9793807830883224,0.9795947545644333,0.7203677225124001,0.6909522200617071,0.7844789101107819,0.3327679098101675,0.7652992906412621,0.7887256093931756,0.7828971136193005,0.7844740468978522,0.7420186007036852,0.7290430584355075,0.7080711787318061,-0.2841642156908018,-0.43259458197338985,0.645708835344233,0.8833125679065993,0.9252100002841805,0.9357990326773606,0.9094432070942906,0.8135263275776652,0.9054168597166645,0.9268260143130783,0.9265033446314058,0.7567657602147344,-0.12883717308879536],[0.9951465890841042,0.9904297922884423,0.9928791462798864,0.995814917230599,0.9982973324329198,0.9883256776002707,0.999111755724555,0.9996805432083227,0.9833033163771435,0.9998492575899127,0.9688015642802199,0.9997034775217752,0.9996640297795562,1.0,0.9997009166691915,0.9992264384428945,0.9971299708264287,0.9990083868012318,0.9995089604501621,0.9995020025926072,0.9996841093649916,0.9996573376301505,0.9928515366510312,0.977939872192061,0.9961419472653621,0.9713717920432752,0.9960310727912649,0.9874188735352666,0.9778674258912837,0.9495695605112654,0.9880690782329639,0.991974293085362,0.9911702781377967,0.9682457187421516,0.9988000853848943,0.999117604144801,0.9992930884376485,0.9999179011870805,0.9989981146866088,0.9991142803915942,0.9974252941252271,0.9980994050952507,0.9987969500226463,0.9987264795926803,0.9874793151226472,0.9289196566195593,0.7132168942612294,0.9443224291720634,0.9254554462164112,0.8006035166632969,0.9516403586286479,0.9315815636112907,0.9528358742443689,0.9497701507366199,0.9409953449642848,0.9763440612140779,0.9753443168491591,0.9879610670905624,0.9956892318403736,0.9623103868474107,0.9552366508212307,0.9650948045072261,0.9681645180807533,0.9667667307203888,0.9660820981268659,0.8945052115762087,0.9438028580969972,0.9502089892459183,0.9499075874126363,0.8730506339222204,0.9621209426003623,0.9407126352375565,0.961785212502764,0.9605313417029974,0.75167090115454,0.8326621350504244,0.7935015683835654,0.8504478151012491,0.8771512628895523,0.8820622423733645,0.8703578039865583,0.870824660795372,0.26727435321719667,-0.6009275373624715,0.9571668249982869,0.9373198711687933,0.9364691652123817,0.9648946280938215,0.9531350332299984,0.9639168055761103,0.9639104641325682,0.9225824736233792,0.9588803969403817,0.8322803670292402,0.6706577684517563,0.9306511621358028,0.9381549563723918,0.7602653508883221,0.9253416104159483,0.9448544200199003,0.8222674520973258,0.9747970076800286,0.8304996924221112,0.5875201708620427,0.6910243694346216,0.8379481627325529,0.8355626365836075,0.8270494869824921,0.9811127543149466,0.9812887067320779,0.7114594298310734,0.6858664093442252,0.764843167180044,0.33250310176131476,0.7555063718077905,0.7775456502026378,0.7538357898165106,0.7735649241412512,0.73989246890642,0.7192905275673679,0.6985827314348232,-0.2905706836564241,-0.4374290221465899,0.6453227971801486,0.8810450228845816,0.9262731165330208,0.9310541161562861,0.9085346643102289,0.8057466359110199,0.8992477058443585,0.9195339518599915,0.919928040682687,0.7499708857011642,-0.12714574463786826],[0.9957804359003398,0.9904736638200999,0.9911317964200905,0.9962621344829647,0.9984522373446632,0.9871113953702833,0.9990986673214183,0.9999980304405826,0.978155059393928,0.9999905507211101,0.9695325352886347,0.9997111089321944,0.9999976670359234,0.9997009166691915,1.0,0.9993754867784863,0.9961821247504858,0.999395933592023,0.9999010866666309,0.9999003380695203,0.9999618971315856,0.9999929293535699,0.990985579839598,0.9763978777112766,0.9946987831878629,0.959465870158098,0.9945218937617366,0.9874819810552169,0.9752612049781691,0.947229880368378,0.9914410088762633,0.994298358702068,0.9920148601285174,0.9703089768031415,0.9994597138456591,0.9995285805809765,0.9996497342503302,0.9997295678348368,0.9990029621552016,0.9994711448756602,0.9980541218944184,0.9986948663735354,0.9995273663840348,0.9993971794155931,0.9835756171845608,0.928773960028577,0.7169407176149226,0.944305826001403,0.9254846222885854,0.8006762811445272,0.9559325252271202,0.9379376458192388,0.9577545526214208,0.9528231927548572,0.9446560649719924,0.9796733163145535,0.9772389974043169,0.9902401448564028,0.9971181946524695,0.9399796595547322,0.9554498464070909,0.964624911400681,0.9685952915880738,0.9667249606350878,0.9429525273415027,0.8904302259637799,0.9459236773925473,0.9512699886860957,0.930422524955144,0.8739948866811547,0.9617871242159611,0.9296874208452158,0.9599140043426957,0.940731854542746,0.747070510832165,0.8347292922670021,0.7639694658313763,0.8519506667279853,0.8754493809355766,0.8823539757721239,0.8616768961716984,0.8713440258328478,0.2808549705599688,-0.6063681941741211,0.9576474880251822,0.9374156265107311,0.937211684842645,0.943235821389859,0.9534322897017272,0.9647255496431851,0.9647626270985474,0.9223014680553452,0.9583350083952847,0.8257762392597342,0.6701596306911337,0.9306101085758409,0.9375949256257871,0.762064401999991,0.9267719340018924,0.9460817314251657,0.8211325113697571,0.9725086012574772,0.8351893964298394,0.5949693709010926,0.6947692780869515,0.846254030826867,0.8404882920240566,0.8344432264466504,0.9795083324403718,0.9797188701671569,0.7192750770590122,0.6899847266888375,0.7838853495926514,0.33226126886292573,0.7645999894154465,0.7879705721130341,0.7824820202968364,0.7836708688113231,0.7415393348999852,0.7277966171491833,0.7068349119012808,-0.28496023950750193,-0.4332868980300679,0.6454672153527156,0.8827136177632263,0.9249185468984926,0.9353421720805625,0.909036254154688,0.8127706857483578,0.9050801005442582,0.9263300663259019,0.9261364676037115,0.7562063441042509,-0.12809755948999357],[0.9974573678666454,0.9930589681093374,0.9905107115939972,0.9977735996262558,0.9990037996673317,0.986837732521131,0.999878681522701,0.9992183343483885,0.9758053806135742,0.9996556033886665,0.9730373655717837,0.9995902410773918,0.9992736575010869,0.9992264384428945,0.9993754867784863,1.0,0.9978344942542158,0.9998244992206448,0.9994756131465193,0.9994809770382547,0.9997249270850048,0.9994720199521161,0.9905032168433063,0.9752916508464562,0.9931362965075551,0.9507597348222104,0.9927665171062318,0.9895527710392209,0.9730915483035171,0.9477650716063147,0.9919556696384821,0.9925689703634867,0.9927483378589748,0.972471096608649,0.9992153131594599,0.9997036454764404,0.9996722605207494,0.9995067389172417,0.9995075018372552,0.9997480448643772,0.9987556715311023,0.9995300255810647,0.9994644360517867,0.9992166491730055,0.9819508435586574,0.9276927453358029,0.7277225062187572,0.9397477016727973,0.9261882606287928,0.813781571610874,0.9582959845075048,0.9431748389878565,0.9604457979144473,0.9575645183762472,0.9494842911862748,0.9819485784419254,0.9796593135711834,0.9913045836146755,0.9965139701062916,0.9453924722156434,0.9595184529068689,0.9706076517950014,0.9714590463980217,0.9723947905695784,0.946390265832524,0.8976840710494275,0.949563067030503,0.957456841962505,0.9362183518790219,0.8843424802113768,0.9645444130428679,0.9356995238008202,0.9651735811779509,0.9459669098362388,0.7576634961890355,0.8410851960886806,0.7692280773799687,0.8580352141628943,0.8815081817452949,0.8855926583710337,0.8661160012187797,0.8775953580072692,0.2941213374301791,-0.6025967819981829,0.9613451475153519,0.943331585877909,0.9426862919210104,0.9483305693476282,0.9581916621653207,0.9684773882795722,0.9685580333713951,0.9274103245480078,0.9646225616421732,0.8355835398571354,0.6719917198047234,0.9181870635214119,0.9282426673095218,0.7647927191210042,0.9268312522462162,0.9458474259561336,0.8218093404980776,0.968429943708903,0.8344317404978465,0.6053054299468414,0.700248508308200