var config = { responsive: true }

var correlationAdjClose = {"data": [{"type": "heatmap", "z": [[1.0, 0.9999928966511483, 0.9837106621472519, 0.9999204357699598, 0.998805181540885, 0.9888753498281988, 0.9973165244197436, 0.9948930356819338, 0.9951690416535489, 0.9799867291909163, 0.9909955886672457, 0.9950483528337496, 0.9942133455940055, 0.9949519210438836, 0.9951018358271202, 0.9963255320398454, 0.9981178745789628, 0.9957266316295955, 0.9957425520780815, 0.9957515320804299, 0.9949946978543043, 0.9845680556258867, 0.9670126099148577, 0.9869068758392955, 0.9856779656550666, 0.9773706083973566, 0.9608719394086733, 0.9387909728894999, 0.9947325051029503, 0.9947486297105801, 0.9917852225429297, 0.974833768314573, 0.9972263760750749, 0.9975506879384246, 0.9968690498573107, 0.9951184028681959, 0.9945017845337947, 0.997377165214455, 0.9974497942881378, 0.9986865826757877, 0.9971615537494216, 0.9971762025394153, 0.975579252445262, 0.9288955491086923, 0.768084436048659, 0.9048318619605787, 0.9246862025168704, 0.8565535349329089, 0.9716551599675333, 0.9444873729937194, 0.9727524522293524, 0.9687711997115875, 0.9641936659702379, 0.9865651584183792, 0.9828852894905779, 0.9828848866705522, 0.9754279971982559, 0.9848477673213709, 0.9821028321177931, 0.9855236588462899, 0.9852724098321312, 0.9626120554953599, 0.9638496268757901, 0.9703480594238354, 0.9700412582665141, 0.9408147362000866, 0.9740627602945149, 0.9724631468253848, 0.9808725861542118, 0.9799039227391272, 0.9333089401705608, 0.8494863698143222, 0.8178868179394162, 0.8683938090880268, 0.897828854797136, 0.891542535214159, 0.8965671698680021, 0.8952908662101532, 0.6013016702396863, -0.5139950040497926, 0.9744194770445076, 0.9634396186354924, 0.9600077732014269, 0.9838433705982569, 0.9581510478690326, 0.979883062627099, 0.9798370812045863, 0.940865191072833, 0.980284817343406, 0.9458909217209411, 0.5860683233599288, 0.8291504004602261, 0.9097391345583509, 0.21532372192393467, 0.9128427571861222, 0.9350830923438546, 0.8029622735682809, 0.9533103909098194, 0.8962650607867774, 0.6774170039116469, 0.43843789965117774, 0.8918385199155783, 0.8605002675210673, 0.887735514137979, 0.9649090582723223, 0.9651971670540838, 0.7378198339053975, 0.6964260393820519, 0.8294341083403995, 0.3251148941618261, 0.795009235967337, 0.8335955339357952, 0.820000423418325, 0.818387654938953, 0.7286408475676096, 0.7356119583995943, 0.714890159735295, -0.2222286500972453, -0.3551250119782037, 0.6072696512598258, 0.9010688135748152, 0.9476284383278899, 0.9508091649084229, 0.9195097204254837, 0.8274236318059269, 0.9187043662783306, 0.9411473718499862, 0.9409187075770524, 0.8765725019538594], [0.9999928966511483, 1.0, 0.9796789046486682, 0.9997449552153835, 0.9971068914248732, 0.9896124680628643, 0.9921601662898369, 0.9869074919470278, 0.9869562981210355, 0.9656150343395192, 0.989711811185965, 0.9872153071825159, 0.9869945446833029, 0.9870519265877016, 0.9871620333398452, 0.9926391078045435, 0.9947009401320199, 0.9908897860830801, 0.9908923779236459, 0.9870470142695815, 0.9871188228680967, 0.986584580673322, 0.9580817873987092, 0.9817795646839258, 0.9812908764869892, 0.9772037667901078, 0.9687794271396787, 0.9022289887467863, 0.9880973320641381, 0.9828325664861828, 0.976318200969002, 0.9103761107016456, 0.9941128510024093, 0.9938930617035415, 0.9942185418271446, 0.9886034878972912, 0.993510284306244, 0.994184753573859, 0.9945552066914747, 0.9966728234399265, 0.994232447633765, 0.9942444085830069, 0.98371388704564, 0.9286839912759334, 0.6621261496897101, 0.9049905928349657, 0.9257279491018681, 0.8566798619820081, 0.8943793675537772, 0.9152164793208019, 0.8982756586894673, 0.9096664031960191, 0.8932765231138757, 0.9574518548768618, 0.9573296026185696, 0.9705378774957951, 0.9752803448494097, 0.9675148592714649, 0.9673439307207788, 0.9707437605817064, 0.9706514858904874, 0.9257808611329467, 0.9343122626741505, 0.8946963459769165, 0.8945968630722773, 0.7742707792226273, 0.9649080204270182, 0.9675490288373237, 0.967927006041921, 0.967335135560044, 0.9220567119550782, 0.6050246672073837, 0.5429021509271631, 0.7086500857958692, 0.8120090045733849, 0.7300114341131453, 0.774316308353772, 0.7726105312003597, 0.5314893157095318, -0.25928259157915196, 0.9486307217311892, 0.9574911884573161, 0.948285837881357, 0.9717173913965618, 0.9335305091744641, 0.9542217915299168, 0.9530535576809172, 0.8838506747216868, 0.9579869854256999, 0.8912598317836982, 0.36424181778674714, 0.8282164248224847, 0.832569060252804, -0.2341039375158196, 0.570856583231452, 0.6860401332530565, 0.6091717232250755, 0.9480071285829212, 0.6320915436343525, -0.17026099678333012, -0.13131284721208544, 0.5987884921207539, 0.6079046446525501, 0.6543889770709055, 0.9499587429524312, 0.9497537547355915, -0.11749704886175165, 0.10799933728388758, -0.03650528603044502, -0.06751675741521646, -0.04022556169343217, -0.024277102626877482, -0.055103124555699115, -0.09210500962396038, 0.2678288045761784, 0.029933054388101156, -0.015365875406485248, -0.455831250444268, -0.48290581297223156, 0.6073479405097918, 0.7415006372400467, 0.7625378219320829, 0.8258080651749251, 0.8190287984114631, 0.517636880980987, 0.7270327399771113, 0.7620901441673222, 0.7606446221920882, 0.4157543580060477], [0.9837106621472519, 0.9796789046486682, 1.0, 0.9851803238986843, 0.9921652354667618, 0.9890823377255517, 0.9905283035763753, 0.9908115082402497, 0.9941489739419553, 0.9528490345389703, 0.9965819166843235, 0.990720449730395, 0.9926903057630487, 0.9908791381008123, 0.9907783834227099, 0.991330637305978, 0.9890839676075817, 0.9892963732827896, 0.9892610061323914, 0.9926506445010322, 0.9907399080722893, 0.9928649845690072, 0.9772801183733143, 0.9901172426177981, 0.9904849662687317, 0.9751027843100213, 0.9802129088419651, 0.9428642847847253, 0.9738458010906273, 0.9770153915396251, 0.9784575598846604, 0.9499203322762775, 0.9877261454195813, 0.9908569434913124, 0.9890351788676033, 0.9929205643728912, 0.9941689993324172, 0.9918407962757562, 0.9870701171421931, 0.9863229803222853, 0.9879991896942552, 0.9873486229477937, 0.9897563931512744, 0.9281039980271576, 0.7103342034852392, 0.9310681438768486, 0.9084611847823995, 0.7564033087444129, 0.9326103229255149, 0.899263325480981, 0.9337343143660791, 0.9286090065476336, 0.9217748169340398, 0.9537776092247847, 0.9604865515405596, 0.9260862199971466, 0.9410960671189215, 0.9495973588175687, 0.9546287840661634, 0.9503515144651686, 0.9245056324896268, 0.885170295783138, 0.9177271520291369, 0.9206814070588035, 0.9048579471064174, 0.8522674736840145, 0.9547080307148793, 0.9310837370474437, 0.9500745389371402, 0.9279322790687033, 0.7447833390579762, 0.7840495993399497, 0.7244039102080522, 0.8046875077349084, 0.8540974481275811, 0.8501382158942506, 0.8247545325017809, 0.8381501753432713, 0.27420256539503113, -0.5202274275823959, 0.9392184235700922, 0.9050697182796603, 0.9118381820590737, 0.9266950694539785, 0.92665924378397, 0.945616898607075, 0.9452819525303727, 0.9008869546118211, 0.9427256645483427, 0.8193276021683588, 0.5539972270832443, 0.9180368770305819, 0.9285469072372702, 0.13294486797281832, 0.8902682407710255, 0.9156910696792777, 0.787884219517844, 0.9754025942172886, 0.7785570827204281, 0.5868569332510506, 0.3568482396708299, 0.7845346781269029, 0.7846104737283034, 0.7728357714157774, 0.9794570345815452, 0.97952681742106, 0.6541579131084757, 0.6269796273343606, 0.7165515590327968, 0.25018430186716173, 0.6881416632377018, 0.7126178401799048, 0.7285565794855526, 0.7092996098583949, 0.6777315054646734, 0.657706280770295, 0.6348700496185481, -0.3012767987402438, -0.43333962584090446, 0.5535274634982994, 0.858934794235742, 0.89791549965163, 0.8981233406480602, 0.8912641022147869, 0.7551083106932509, 0.8719145693657893, 0.8863345301390138, 0.895491506323457, 0.740436058156981], [0.9999204357699598, 0.9997449552153835, 0.9851803238986843, 1.0, 0.999129964871274, 0.9897329548889183, 0.9977055596353185, 0.9954609021672082, 0.995855389915791, 0.9798241436219685, 0.9927575365145909, 0.9955988666276129, 0.9949776669367401, 0.9955179796727343, 0.9956431573240399, 0.9968624553640925, 0.9984654988540437, 0.9962211695550282, 0.9962343895804783, 0.9963458114067152, 0.9955476383706598, 0.9858929624518131, 0.968383984771731, 0.9880759166377404, 0.9869568452069073, 0.9804308826397649, 0.9630699116067082, 0.9400671249239123, 0.9943252640653569, 0.99451229366796, 0.9920141381782205, 0.9746432552888059, 0.9974269265792999, 0.9979211453992137, 0.9972274872972151, 0.9957394735558137, 0.9955618697661534, 0.9977881942745107, 0.997594646903758, 0.998828457155026, 0.9973518106389538, 0.9973632379638471, 0.9774189303679212, 0.9248457392062956, 0.7618867322002616, 0.9056531792662573, 0.9213893018038196, 0.8459345959434384, 0.9688817035670745, 0.941061563959613, 0.9698615147393107, 0.9662192031877725, 0.9615008949806781, 0.9845440467142224, 0.9814080219741541, 0.9808652294470155, 0.9730791219579702, 0.9830610668070981, 0.9809771392068687, 0.9836570742301606, 0.9834037273196052, 0.946967249832441, 0.9619394738443919, 0.9685628504822924, 0.9682601001234933, 0.9335402393605601, 0.973024863954693, 0.9682154108898033, 0.9787796172731715, 0.9777673071889852, 0.9009995230023414, 0.847177005159456, 0.8127070155371184, 0.8657321963212482, 0.8938492003712413, 0.8904875395855806, 0.8932302050381841, 0.8920380167109759, 0.4937870171888394, -0.514307774600187, 0.9729198008376816, 0.9604251526811118, 0.9572693956013144, 0.981828528508592, 0.9568081431039339, 0.9785807354778803, 0.9785388430855824, 0.9392878717568482, 0.9782691982638303, 0.9225416934483511, 0.5921178502085107, 0.8397069837614178, 0.9143779621929996, 0.21533290395158375, 0.9146019403856949, 0.9365967967677725, 0.8034183115517592, 0.9548838160372151, 0.8902026366242165, 0.6746750405427869, 0.4360286682333772, 0.8868827387520222, 0.8570898369262671, 0.8824361754468615, 0.9660801916940736, 0.9663745705885786, 0.7371303880316739, 0.696983247384412, 0.8215841396111137, 0.32752289801431744, 0.7895826311384752, 0.8254586994073023, 0.811940654687623, 0.8132529469881309, 0.7318973037719564, 0.7359538466194628, 0.7152931431008035, -0.21757537018654483, -0.35430234292691576, 0.6050073783492893, 0.8993488778191102, 0.9460471349163742, 0.9492534324148851, 0.9186254103757855, 0.8247326108136179, 0.9169172128495955, 0.9391362489281555, 0.9390660280137031, 0.8688657598096498], [0.998805181540885, 0.9971068914248732, 0.9921652354667618, 0.999129964871274, 1.0, 0.9922707742528211, 0.9990573212281747, 0.9981392617945583, 0.9981893574075961, 0.9727064723279685, 0.9973607588263989, 0.9981974892291303, 0.9979225620929922, 0.9981763339234323, 0.9982422044202647, 0.9984956556321773, 0.9991485865314544, 0.9986088338532938, 0.9986120614580535, 0.9982798852698583, 0.9981787786637152, 0.99305714837743, 0.9762787539595865, 0.9931109446405997, 0.9930030943253239, 0.9847730605064962, 0.9779641251895252, 0.9436226220602761, 0.9910219827217139, 0.9930613972183289, 0.9902058072389922, 0.9654565737103931, 0.9989880162750647, 0.999008545337469, 0.998989453666623, 0.9983135631979203, 0.9985815129258934, 0.9990853877317575, 0.999152177655066, 0.9989451373520447, 0.9989699773977254, 0.9989735766015323, 0.9881539184169624, 0.9348763825265642, 0.7381578059893807, 0.922783216971531, 0.9234292550540294, 0.8242993623651385, 0.9540858130619472, 0.9262585063980089, 0.9575845549934929, 0.9575863584084556, 0.9529044560754538, 0.9804975440915082, 0.9804438181151957, 0.9759405850360366, 0.9656994220140658, 0.97689130167963, 0.9756176278666996, 0.9772066814109474, 0.9768829106909693, 0.9481765529429401, 0.949953361659028, 0.9466467450782191, 0.9462344897843711, 0.8948210013634783, 0.9691366323340683, 0.9658528464129501, 0.9730522511301525, 0.9719687393105629, 0.926229951021111, 0.8192960163675945, 0.7695176865824916, 0.8453755676025876, 0.8941577501164394, 0.8735812625482007, 0.8831244805141844, 0.8819359060858528, 0.6499541933615486, -0.5863612461903638, 0.9642773734215603, 0.9454013078745971, 0.9441067434417587, 0.9772478423412699, 0.9423899947391281, 0.9694990516121601, 0.9689594959728706, 0.9258553278295831, 0.9718160887481639, 0.9308037442833705, 0.5764369743546439, 0.8681237580834965, 0.935954796416598, 0.10232472228211227, 0.8879786435115871, 0.9173065167263899, 0.7965019109605074, 0.9612459859237816, 0.8762337974732741, 0.531619204008499, 0.30709385047765797, 0.8630299748739175, 0.8120439857347702, 0.8638149010435722, 0.9708569554412201, 0.971085199472199, 0.6878922025063928, 0.6755712471573, 0.7329266088190315, 0.2993830787724698, 0.6647375708250101, 0.7388680280380637, 0.7141241457213862, 0.6949287573994496, 0.7135166995992804, 0.7168940071640307, 0.6951661474871741, -0.4490816883163596, -0.5222666699347709, 0.5902676004580987, 0.8913623799953244, 0.9291451950408463, 0.9395060430291029, 0.9145212743232349, 0.7982080647700389, 0.8968142113651754, 0.9222974067212889, 0.9217438754845598, 0.8017251626058934], [0.9888753498281988, 0.9896124680628643, 0.9890823377255517, 0.9897329548889183, 0.9922707742528211, 1.0, 0.9893870208286494, 0.9889788043426376, 0.9882716088668216, 0.966998405231386, 0.9773615116891823, 0.9889586253403901, 0.9899656458341408, 0.9890450188193893, 0.9891288552269834, 0.9919710186193007, 0.9902013818652619, 0.9899467411151737, 0.9899156737000909, 0.9877337503629673, 0.9889704430895334, 0.996254110478514, 0.990972104898496, 0.988324111803629, 0.9879405352841175, 0.9622346235663412, 0.9832760590181703, 0.9642728069656904, 0.9756433638935892, 0.9788589312049537, 0.9875497593401521, 0.9752077175000275, 0.9894276267528, 0.9895119768172097, 0.9903560535124437, 0.99002959787871, 0.9810956563625337, 0.9901572081866865, 0.9897435205774078, 0.9896049298551254, 0.9895246460635387, 0.9894965628018493, 0.9939892989494633, 0.8887589226585362, 0.7494017022950741, 0.878506655297516, 0.9238631674184121, 0.8567118127100567, 0.9437866705179823, 0.9145500184474515, 0.9452925768622105, 0.9514234216307464, 0.9424849352172355, 0.9656648985729838, 0.9701122150269635, 0.9651074980595661, 0.9760742081541954, 0.9666123129314659, 0.978191241748114, 0.9666124925649741, 0.966019043861931, 0.9633326684475116, 0.9557311683377643, 0.942793819829286, 0.9423179192545041, 0.9264914149165784, 0.9746852295669425, 0.9667932306693934, 0.9658759636231667, 0.9640604857184989, 0.9428551347875029, 0.8472332761695516, 0.799199271250144, 0.8675185325430239, 0.8883450554641277, 0.8953065135154077, 0.8796571922296845, 0.8777915588194853, 0.6196792103393409, -0.4849266250740416, 0.9713332265511536, 0.9642638452276019, 0.9613295017957322, 0.9663516584435003, 0.9566373378134201, 0.9723579949736021, 0.972043869797573, 0.9483811067364526, 0.9618467851120944, 0.9484485784391965, 0.5900479723467624, 0.7933655028147882, 0.9293461074479412, 0.2125943590724405, 0.9017813270919874, 0.9225402410376544, 0.8006631419308654, 0.9505620123734131, 0.8494594560496156, 0.6311676480700121, 0.41816462771418283, 0.8465970445293881, 0.8198989025548271, 0.8430794189376641, 0.9530857425253225, 0.9531988032801088, 0.7031108043058557, 0.6792184612631461, 0.7694439294738038, 0.328993637595573, 0.7447968598820823, 0.775095986025183, 0.7607496954134395, 0.7634994312220832, 0.7197938959755266, 0.7093406990566138, 0.6907558749116003, -0.24848224196495503, -0.3728651557874744, 0.6420368376632761, 0.891069934569353, 0.9090601692861896, 0.9160161457163453, 0.9035532150068416, 0.8031702999630721, 0.877306334972375, 0.9008284807842377, 0.9007381847812709, 0.8477358433328542], [0.9973165244197436, 0.9921601662898369, 0.9905283035763753, 0.9977055596353185, 0.9990573212281747, 0.9893870208286494, 1.0, 0.9969924581185469, 0.9995119860762596, 0.9710402535253027, 0.9993801230087895, 0.9980079868080529, 0.9990407001098337, 0.998950275865641, 0.9987067216751785, 0.9980271799032423, 0.9998495836487986, 0.9992034599723292, 0.9992091090927722, 0.9996299440206345, 0.9991699269161326, 0.9904603838158343, 0.9729551047278606, 0.9832829535619412, 0.9920123242293009, 0.9837655648758354, 0.9699293072365179, 0.9385728041747438, 0.9925961431792174, 0.9917621727204691, 0.9929587815902412, 0.9707681583884548, 0.9987454192495071, 0.9998025373861924, 0.999594409246804, 0.9993594476520572, 0.9996079336744702, 0.9998350132488956, 0.9977587464891068, 0.9994154812176018, 0.9992224567639086, 0.9988034279772707, 0.9831452953112596, 0.9368922460448706, 0.7502570668014866, 0.9313582173343744, 0.9265336553325795, 0.8101417364554965, 0.9617115193587512, 0.9399724191820813, 0.9625986999662383, 0.9603961169797485, 0.9563349981622615, 0.982189707709549, 0.979988387557978, 0.9359450939033416, 0.9513490081575986, 0.9661552558535412, 0.9665393126810101, 0.9681324825718671, 0.9365718677407904, 0.8805382010133483, 0.9389472815763221, 0.9525641377850856, 0.9292424245365589, 0.867314072185269, 0.9577654839073301, 0.9240949546232939, 0.9593382669448579, 0.9360435198174616, 0.7094600321872916, 0.8135379276661227, 0.7467292323561658, 0.8304263250399442, 0.8614130990980632, 0.8646081411661126, 0.8460597642499563, 0.8584453128895534, 0.22892149817562568, -0.5506804902816334, 0.9540490394900257, 0.9274949896642367, 0.9284728922003254, 0.9387117203951003, 0.9393447029396981, 0.9630856731498311, 0.9631664777849874, 0.9166221559814185, 0.9591419822461783, 0.8046995614431784, 0.574032336991431, 0.8723501265368334, 0.913840468407948, 0.19338691843341368, 0.9121387552011223, 0.9353627014170416, 0.7967641208302434, 0.9615481402204822, 0.8306327874241484, 0.6600056969647426, 0.41746889699904516, 0.8422727389263452, 0.8343761551148173, 0.8275940870426864, 0.9714487242754936, 0.9717586809105194, 0.7212060365573633, 0.670694605011845, 0.785409097829673, 0.2938889709565457, 0.7650054920070841, 0.7939220737396613, 0.7852845275705935, 0.7904832999435598, 0.7087444732363735, 0.7207905168169795, 0.6982324836063241, -0.23859864266036807, -0.3824416060387059, 0.610421253007906, 0.8912526764160018, 0.9314014249220314, 0.9463133231563251, 0.9165395755283055, 0.8217463360480273, 0.9155596958352304, 0.937862376565576, 0.9372087029390102, 0.7741146348901033], [0.9948930356819338, 0.9869074919470278, 0.9908115082402497, 0.9954609021672082, 0.9981392617945583, 0.9889788043426376, 0.9969924581185469, 1.0, 0.9999832671152298, 0.964704169626708, 0.9995939695645498, 0.9999968369912279, 0.999642918819301, 0.9999976887267126, 0.9999805577527658, 0.996221587390938, 0.9989942189481147, 0.9998784696909692, 0.9998782908261491, 0.9999532348374421, 0.9999942369450974, 0.9906381066469364, 0.9738200833665129, 0.9912378041491141, 0.9924863094302673, 0.9799523601586804, 0.9720829224214885, 0.9369390261189837, 0.9889537052615884, 0.9945400339080553, 0.9917164315155369, 0.9673988123840673, 0.9994220169946295, 0.9994674105089291, 0.999608688598095, 0.9996603352286665, 0.998617470103668, 0.9993650521903686, 0.999082190548074, 0.9979974527161435, 0.9994927282829615, 0.9993513583862328, 0.9844359144951662, 0.9384017833926056, 0.7373045943219964, 0.9402044817602623, 0.9251242083795075, 0.7875793075308726, 0.9605719244331873, 0.9350362898451056, 0.9611123755183838, 0.9540330247169941, 0.9500572811669612, 0.9803467997472765, 0.9767614102391523, 0.929661219511856, 0.9436819405410548, 0.957276083989465, 0.9616426562934534, 0.9598229833698201, 0.9344530368294452, 0.8677314286992986, 0.9318813006911668, 0.9440873886698076, 0.9228953723589892, 0.8504926926443305, 0.9531450712999484, 0.9155640888144351, 0.9517799812095382, 0.9301129390202232, 0.6899904665157087, 0.8023231130025317, 0.7415312383291921, 0.8190545363114364, 0.8514035146736476, 0.8576298737276272, 0.8404020305173603, 0.849486158088542, 0.20631790677871356, -0.5582543953316635, 0.9475593577776407, 0.9148618125691642, 0.918245375118087, 0.936291578771425, 0.9319869059313524, 0.9568738899175445, 0.9569689963195118, 0.9077570424416685, 0.9497438227623494, 0.7872521839632363, 0.5677977726771313, 0.8974590043448339, 0.9273304971887061, 0.17874223479096898, 0.910892608148453, 0.9345424763287687, 0.7938011756773755, 0.9666003200649098, 0.8352016035960964, 0.6463420008292758, 0.40349915166653205, 0.8442304877321251, 0.8315861154410561, 0.8317828813802065, 0.9747037674213059, 0.975011820296138, 0.7108385951920373, 0.661102845908458, 0.7881372446452696, 0.2776401900202116, 0.7600799545973144, 0.7900326311583714, 0.7872738188513161, 0.78531821850995, 0.7004527707302903, 0.7140634444823177, 0.6907456703049114, -0.256597438576372, -0.3995464580433388, 0.5889653883179993, 0.8823435329925718, 0.929447605547773, 0.9386020635378934, 0.90991792430195, 0.8098930950538414, 0.9091154521368833, 0.9316393805546794, 0.9312551838125197, 0.7529768085576052], [0.9951690416535489, 0.9869562981210355, 0.9941489739419553, 0.995855389915791, 0.9981893574075961, 0.9882716088668216, 0.9995119860762596, 0.9999832671152298, 1.0, 0.9640267000737711, 0.9995915026836772, 0.9999812022556893, 0.9998224073171742, 0.9999895002255336, 0.999996314841436, 0.9989250101917946, 0.9989900185584213, 0.9998078580427096, 0.999807152865763, 0.9999656889217078, 0.9999820090013463, 0.9933118369554167, 0.9748822580100074, 0.9945524917757557, 0.9947228087596068, 0.9799842249594116, 0.9762285057596317, 0.938101406406084, 0.9894852267938322, 0.9936062628278949, 0.9887487533249621, 0.9628029198175782, 0.999332651712327, 0.9994127030726173, 0.9994073471164199, 0.9998245845554681, 0.9986388974147983, 0.999363526115252, 0.9993025537310528, 0.9979526085863674, 0.9993249007324383, 0.9993198208750258, 0.9886605534846846, 0.9387512424093075, 0.738386719987014, 0.9409334158107806, 0.926404081450118, 0.7879887147064752, 0.949281170594992, 0.9210688347237622, 0.9523318369805717, 0.9516039707725475, 0.9476362093827666, 0.9775251763506105, 0.9769598355887519, 0.9636181697773062, 0.944113078561794, 0.9645016906806491, 0.9616558777829082, 0.9649208431605975, 0.9645338998222039, 0.933499713960719, 0.9310661947558102, 0.9345395995419693, 0.934124410685604, 0.8815288584009711, 0.9534402347550242, 0.9548765171923563, 0.9612846540580972, 0.9599239089259783, 0.9111927484628563, 0.8015561833856686, 0.745586615570177, 0.8183019677287721, 0.8727808723925816, 0.8554830973221945, 0.8636641889744278, 0.8626328075929275, 0.5912871022420686, -0.622054029707411, 0.9474278914977847, 0.9148654102933388, 0.9182958808010787, 0.9651725629896598, 0.9252592299384017, 0.9562683269044632, 0.9556774319593488, 0.9084958618180228, 0.9588632105340268, 0.9137660414711768, 0.5656060486534484, 0.8967450597036009, 0.9433006708868609, 0.11611651230234453, 0.895070479206038, 0.9234664912920113, 0.7928373164579006, 0.9650680130330578, 0.8827301142547221, 0.5564405793149562, 0.3296626707877124, 0.8701250860397768, 0.8202705631190189, 0.8716257863543861, 0.974576770429998, 0.9748740944568907, 0.7087276138973958, 0.6580424486594846, 0.7489944575766806, 0.27519988633339676, 0.6828365714355803, 0.7544607513670456, 0.7317454951640588, 0.7131898188362612, 0.6975202631636148, 0.710649262594059, 0.6872844083027583, -0.5003154326632636, -0.5753674915713495, 0.5888044583367826, 0.8812280878199844, 0.9278250759461865, 0.9393649060283458, 0.9088991766323422, 0.8044758470715881, 0.8966590998712473, 0.9210686831588937, 0.9204938332102298, 0.8102203348165806], [0.9799867291909163, 0.9656150343395192, 0.9528490345389703, 0.9798241436219685, 0.9727064723279685, 0.966998405231386, 0.9710402535253027, 0.964704169626708, 0.9640267000737711, 1.0, 0.9471911918974761, 0.9651059582299873, 0.9639676815820596, 0.9648263759832887, 0.9643704604129287, 0.9662354744869565, 0.975188104941065, 0.969719575289358, 0.969724171743436, 0.9648826006092601, 0.9649591243004081, 0.9647515566916823, 0.9501080511269301, 0.9720663387121697, 0.9698986205549329, 0.8773619713057047, 0.9681786041218173, 0.9481594280089882, 0.9743046156682945, 0.9679164355227934, 0.967991166543588, 0.9317971901541582, 0.973518876238498, 0.9730674297320785, 0.9735808962904652, 0.965107365038493, 0.9556629766345054, 0.9725593932286262, 0.9733950519770472, 0.9788055714600901, 0.9737173045809906, 0.9737336196723104, 0.9553469712726772, 0.8392235764453364, 0.5595804988139901, 0.7752820416845505, 0.895092178190646, 0.8815600242822828, 0.9019942582419452, 0.8181698651522639, 0.9065010368461497, 0.9140786191971209, 0.9037565521260028, 0.9284872320060342, 0.9283321053294901, 0.9449439259711504, 0.9363411623942101, 0.9553717139716833, 0.9489106699053241, 0.9535646610407622, 0.9535949528988273, 0.9133610972485462, 0.951091645002517, 0.9336731143410341, 0.9333388375863464, 0.8481747703792893, 0.9367262747163513, 0.9452328155789903, 0.9380760324135958, 0.9370875500958508, 0.8886282730054881, 0.8096473952210436, 0.7642587025591846, 0.8548957947759696, 0.9097659989702306, 0.8793717799612858, 0.8945853078422905, 0.8938202894571258, 0.6939313933862967, -0.2971649201575493, 0.9529266729042779, 0.9547562890507586, 0.9458316996203521, 0.9469028150550581, 0.9267865676043602, 0.9542987114423892, 0.9541392874727164, 0.8991030463135801, 0.9566906514969078, 0.9052072587930743, 0.6877815258881043, 0.6408360292786882, 0.8598931210800872, 0.10714284493990243, 0.8443068156091444, 0.8846943790348994, 0.8692803559238513, 0.9478044035014868, 0.903741850582254, 0.46451426374591825, 0.36028853230717617, 0.8961104780010622, 0.8705661584377383, 0.9021282813885665, 0.9482694424912708, 0.9486228367901985, 0.5359772012174568, 0.69818773099233, 0.612491303676143, 0.4818622140292616, 0.5701616167980972, 0.6272780799207913, 0.5878842242246332, 0.5652797957104321, 0.7961584043741372, 0.6732300328872765, 0.6378260194891773, -0.2668888798698019, -0.3112955723572318, 0.7377398758942348, 0.9156836714990172, 0.9216354007164446, 0.9072666680149456, 0.94043509368699, 0.6467515350446037, 0.8366026446056866, 0.9075194222902503, 0.9066236685492186, 0.6907677264290901], [0.9909955886672457, 0.989711811185965, 0.9965819166843235, 0.9927575365145909, 0.9973607588263989, 0.9773615116891823, 0.9993801230087895, 0.9995939695645498, 0.9995915026836772, 0.9471911918974761, 1.0, 0.9996289661713537, 0.999602974484451, 0.9996116080964552, 0.9996203638311061, 0.9993335100663346, 0.9985776464975025, 0.9999488258263103, 0.9999493114608681, 0.9996103225206873, 0.9996212353145522, 0.9888766840714793, 0.9527076415938065, 0.9898439928794742, 0.9911205928121234, 0.9854412458744253, 0.9662482601348155, 0.8860708001071903, 0.9880576085417808, 0.991984062891868, 0.971092536494323, 0.8909945797694343, 0.9990834753909237, 0.9991568451091439, 0.9990733919269832, 0.9994240963966619, 0.9993487092607962, 0.9990891560461885, 0.9989389088252044, 0.9964923468630849, 0.9990496046187418, 0.9990467567697512, 0.9882676567395617, 0.9324834661662583, 0.6130957907253616, 0.935481603912239, 0.9253695530345658, 0.7930335119964637, 0.8707024854820825, 0.890054062996475, 0.8763792917704546, 0.8811020461161756, 0.8675262370441292, 0.9503715642371359, 0.9502840738839523, 0.9435386872195395, 0.9461656510203236, 0.9332327129300944, 0.9359824099086194, 0.9384998020283618, 0.9382851585771963, 0.8807212924470951, 0.8926216255685582, 0.8450942303596545, 0.8449078114549032, 0.7073744554794684, 0.9392593665945227, 0.9430579150789338, 0.9434438206950254, 0.942753567791063, 0.8842391676147506, 0.5475015613298243, 0.48094586179841825, 0.6507074946901691, 0.7626009218073824, 0.6793490828761839, 0.7247376104289529, 0.7237540142078835, 0.4664982620953506, -0.39171926681573427, 0.9069910880568325, 0.919307574351583, 0.9066091329877568, 0.9453578563618962, 0.8881678580434753, 0.9140781578062432, 0.9125715941581984, 0.8305327342238586, 0.9193563630918539, 0.8398154773138763, 0.4316708819286115, 0.8921637560882691, 0.8922777867876175, -0.2183206098642234, 0.6255707057010461, 0.7280110329568132, 0.6245736859253884, 0.9663674118472956, 0.6457342429083127, -0.12025170445626218, -0.10792877869373999, 0.6174268261535674, 0.6229572508902027, 0.665221032347652, 0.9678960248800298, 0.9679532802423538, -0.05360343363831564, 0.16424660373871025, 0.02927150227006934, -0.0031273535181667584, 0.02291483195643131, 0.041788553543437294, 0.009578167245117024, -0.03465663306384417, 0.3326712351737455, 0.07799975060466519, 0.028562787157831282, -0.5276874650333034, -0.5547604809991972, 0.5889077581853648, 0.7310236482216879, 0.7532966944041902, 0.8191862138073587, 0.8166664855179688, 0.49369359467111473, 0.713283618511004, 0.7521794216165528, 0.7508250507697828, 0.4010563997024635], [0.9950483528337496, 0.9872153071825159, 0.990720449730395, 0.9955988666276129, 0.9981974892291303, 0.9889586253403901, 0.9980079868080529, 0.9999968369912279, 0.9999812022556893, 0.9651059582299873, 0.9996289661713537, 1.0, 0.999629754274519, 0.9999976041638816, 0.999983714104807, 0.9968928126856013, 0.9990594461677836, 0.9998906966681199, 0.9998906100111089, 0.9999612652051106, 0.9999947186644791, 0.9905572217697294, 0.9737073170232509, 0.9918894126782392, 0.9924560038802264, 0.980210701141131, 0.9719305591469594, 0.9369793227539495, 0.9898283197981059, 0.9945790803961169, 0.9917750191228468, 0.9675253025998666, 0.9994627801427044, 0.9995114701970232, 0.9996425344360814, 0.9996632281225267, 0.998716772524702, 0.9994120870334088, 0.9991194752610207, 0.9980940943243063, 0.9995350416547891, 0.9993928431684757, 0.9842630237426427, 0.9386061690529386, 0.737956187108197, 0.9400241139535174, 0.9253168295153389, 0.7887595908733599, 0.9608589926970865, 0.9354387586457036, 0.9614087763702551, 0.9543768617358834, 0.9504139806296018, 0.980568276429554, 0.9769290987008784, 0.930027718830104, 0.944019384396821, 0.9576543523865098, 0.9618708230225961, 0.9601908012104802, 0.9347472944296226, 0.8680576550833063, 0.9322538820814924, 0.9445528976689433, 0.9233556293784628, 0.8510279202718305, 0.9533336282917618, 0.9158722413098485, 0.9520868451362956, 0.9304637797552016, 0.6902690354256539, 0.8029082252637213, 0.7421245213296352, 0.8196373567661416, 0.8518457927964516, 0.8579861185420262, 0.8408806068867837, 0.8499959732324077, 0.20677873994084184, -0.5580220191216835, 0.9478751771940969, 0.9154907898761488, 0.9187333165927575, 0.9365709991515587, 0.9323126963523174, 0.9571797833096799, 0.9572742961982078, 0.9081167725990662, 0.9501467901894126, 0.7876530533711926, 0.5681514553496515, 0.8963466006662154, 0.926785622159646, 0.1794836271867859, 0.9109964702085631, 0.9346346648849508, 0.7941129216103061, 0.9664319787034384, 0.8356115571684394, 0.6472746796463371, 0.4044118026510203, 0.8446675264595108, 0.832108921412639, 0.8321803678168948, 0.9746251885513257, 0.974933829300927, 0.7114945714641974, 0.661754094802395, 0.7886698177176918, 0.2785991001809666, 0.7607499796852509, 0.7906775666544071, 0.7878109133913462, 0.7859935140216299, 0.700917424930773, 0.7145226494713841, 0.6912387654917184, -0.25551087069344663, -0.39855546261882874, 0.589669450473438, 0.882844318209322, 0.9298278222497989, 0.9390808716896055, 0.9103531762933234, 0.8104311519172513, 0.9096351058889828, 0.932145729125148, 0.9317469851340376, 0.7536325022499548], [0.9942133455940055, 0.9869945446833029, 0.9926903057630487, 0.9949776669367401, 0.9979225620929922, 0.9899656458341408, 0.9990407001098337, 0.999642918819301, 0.9998224073171742, 0.9639676815820596, 0.999602974484451, 0.999629754274519, 1.0, 0.9996664018779686, 0.9996495216122487, 0.9990383132048405, 0.9984782781140753, 0.9994361542568512, 0.9994297591177862, 0.999644360385363, 0.9996194783889876, 0.9925444996755481, 0.9753607754203014, 0.9953693163100971, 0.9952600123158839, 0.9800028734105274, 0.9748161888083178, 0.9396488614790979, 0.9890474686036478, 0.992624967895402, 0.9908836048035108, 0.9651385807944477, 0.9987410064413808, 0.9990424429522372, 0.9992352166491824, 0.9999236487858101, 0.9986554436853284, 0.9989882239035676, 0.9985466547321417, 0.9972509567282464, 0.9987304907832097, 0.9986540151087232, 0.9881982937837936, 0.9386054246004051, 0.7342660557545614, 0.9402178000937821, 0.9252679300051617, 0.7880254268571912, 0.9572823575219468, 0.9283005686361927, 0.9580904080571321, 0.9510741048325778, 0.946587003765339, 0.9770451114741836, 0.9748798853119265, 0.954577976114198, 0.9436092040139452, 0.9578579151950843, 0.9608064024115668, 0.9599062340145569, 0.9592019077861493, 0.8721444591893461, 0.9288305433460317, 0.9427709038874088, 0.9425432004900388, 0.8488457448219477, 0.9534393817198024, 0.9285473490749653, 0.9539690079332175, 0.9524629127601432, 0.6942491227353852, 0.7995109626914552, 0.7639156977981209, 0.8169063334942713, 0.8533179757787063, 0.8568500180018291, 0.8487191356438201, 0.8489539963048988, 0.19016858008311754, -0.5526370966389647, 0.9466514122698807, 0.9150941759224995, 0.9173957281575927, 0.9577266140627111, 0.9322235100825526, 0.9556617363827288, 0.9557127667574518, 0.9073692516713783, 0.9504255217899016, 0.7945950390960038, 0.5686591832132212, 0.896993662875649, 0.9270127361357092, 0.17379644427955984, 0.9085603148227955, 0.9326062647603532, 0.7952330968515571, 0.9692516566270074, 0.8288818806305268, 0.6395028393304205, 0.39881955243943157, 0.835733679001504, 0.8267700295421572, 0.8237483592101172, 0.9766723099728739, 0.9769320373955417, 0.7020675052630609, 0.656006359556768, 0.7672663451002402, 0.27827627655721265, 0.7505914518569309, 0.7791969839168407, 0.7557282157886135, 0.7748007408535695, 0.698367659436753, 0.703778038789688, 0.6807635060815131, -0.26250711129008963, -0.4039116143805791, 0.589184220724881, 0.8806298299454846, 0.9314577870775683, 0.9346379269092214, 0.9095645803061561, 0.8024084984802438, 0.903070783847467, 0.9251771731462453, 0.9253947874447686, 0.7481758141042467], [0.9949519210438836, 0.9870519265877016, 0.9908791381008123, 0.9955179796727343, 0.9981763339234323, 0.9890450188193893, 0.998950275865641, 0.9999976887267126, 0.9999895002255336, 0.9648263759832887, 0.9996116080964552, 0.9999976041638816, 0.9996664018779686, 1.0, 0.999987953370613, 0.9985352034331804, 0.9990162507580791, 0.9998823478483088, 0.9998818287880225, 0.9999554708926006, 0.9999919185650454, 0.9906780487573642, 0.9738779604348297, 0.9938079653228458, 0.9936750635210176, 0.9801046503635706, 0.9721298311361685, 0.9371355451637587, 0.9923273582860395, 0.9949192446510706, 0.9916545111522301, 0.9672910386105416, 0.9994387808397326, 0.9994730656180026, 0.9996195493588967, 0.9996805880908174, 0.9986636823302643, 0.9993773842998351, 0.999151995457598, 0.9980189482748819, 0.9995070202571296, 0.9993689671955295, 0.9844180354634005, 0.9384563196100725, 0.7374038692640373, 0.9401544787210515, 0.9252637422137362, 0.788132581039037, 0.9606829413476164, 0.9352217012029137, 0.9612662715728661, 0.954002962857764, 0.9500018655772794, 0.9803981445474349, 0.9767249507026842, 0.9300441437343896, 0.9438603281646265, 0.9574913218189538, 0.9617142622332697, 0.9600200720252704, 0.9341168699021768, 0.867995304575477, 0.9317091240150976, 0.9441691599687134, 0.9231661021019292, 0.8506396714173269, 0.9533285769232579, 0.9160192343141931, 0.9520453561506934, 0.9305163000838835, 0.6904261473189034, 0.8022613615199106, 0.7418540964340079, 0.8190407976794929, 0.8516094090998844, 0.8575954070135625, 0.8405903193506464, 0.849693272378673, 0.20670429969129778, -0.5579081736296402, 0.9476293114299339, 0.9151601974431283, 0.9184765448115721, 0.9340485317996565, 0.9322442881199823, 0.9569557131514038, 0.9570474397626529, 0.9079487019058512, 0.9499587989926009, 0.7875795853912215, 0.5678961563776191, 0.8969395947130824, 0.9271610489999038, 0.17873434599889104, 0.91074649056049, 0.934428508687962, 0.7938096002692717, 0.966618000082786, 0.8352699684134234, 0.6462221474958659, 0.4034028005726392, 0.844282383386359, 0.8317651427720242, 0.8318441593481279, 0.9747602856240556, 0.975064466089498, 0.7103657506777377, 0.6606703340166203, 0.788144671915921, 0.2779802032386114, 0.7600771509238614, 0.7899701431736638, 0.7874774215657246, 0.7852301177519179, 0.7003467845125694, 0.7131869608085657, 0.689907250758061, -0.25637617982874533, -0.39932005517800456, 0.5893684339265349, 0.8822672152526297, 0.9296147715284803, 0.9386882250930446, 0.9099788907661994, 0.8097038688168179, 0.9093766999042896, 0.9317203643916159, 0.9314556891810541, 0.753119394612533], [0.9951018358271202, 0.9871620333398452, 0.9907783834227099, 0.9956431573240399, 0.9982422044202647, 0.9891288552269834, 0.9987067216751785, 0.9999805577527658, 0.999996314841436, 0.9643704604129287, 0.9996203638311061, 0.999983714104807, 0.9996495216122487, 0.999987953370613, 1.0, 0.9985329073589083, 0.9990644250650081, 0.9998787364123647, 0.9998787766389144, 0.999955359431887, 0.9999762417904983, 0.9905767839125641, 0.9738828848697989, 0.9921789478783706, 0.9922375344072925, 0.9802357263606326, 0.971823813554136, 0.937127954215283, 0.9923725348893637, 0.9945012482075042, 0.9915078881680913, 0.9672261959662873, 0.9994829745332257, 0.999461962160231, 0.999610833460826, 0.999670494786559, 0.9986882729913844, 0.9993866600523627, 0.9991863687054139, 0.9980742741444759, 0.9995421447331573, 0.9994186554905828, 0.9841655050098138, 0.9384767804987968, 0.7382242596992517, 0.9403065854902, 0.9258997311556972, 0.7884740349362606, 0.9613209478878164, 0.9363888618780224, 0.9619707353755049, 0.9542842266765917, 0.9502937592445779, 0.9809213779763022, 0.9769446302281279, 0.9309051017960518, 0.9443461473131564, 0.9579228256367821, 0.9618696153584854, 0.960460709906305, 0.935556964825278, 0.8681693137834228, 0.9312527661531648, 0.9445190406724074, 0.923957783209101, 0.8505879267724528, 0.9537300709740444, 0.9167130816641339, 0.9526165703532048, 0.9314966510392355, 0.6902163804816003, 0.8018585990895638, 0.742992073677157, 0.8185885272956298, 0.8516319060614643, 0.8570855088848135, 0.8411624676650848, 0.8501207495588592, 0.20636342923928236, -0.5573482333116248, 0.947654366312193, 0.9153867969268019, 0.9187026261698092, 0.9374423441166838, 0.9327820985374146, 0.95710811480681, 0.9572505382725061, 0.9082987356724038, 0.950347076063264, 0.7875426540576452, 0.566469971050966, 0.8965776928683287, 0.9268177036824846, 0.17753431257598834, 0.9102236007514467, 0.9339024581426548, 0.7928777141167409, 0.966213535555412, 0.8362618587849331, 0.6458645913112641, 0.4025068563586506, 0.8448417199199778, 0.8321815591196595, 0.8326276606835536, 0.974527999320431, 0.9748249613538357, 0.7090463651826995, 0.658416691785991, 0.7892506755265621, 0.2762803641225271, 0.7603230386951685, 0.7903596987972612, 0.7887661083507743, 0.785441988656011, 0.6984861285543098, 0.7108456467624972, 0.6875343891485687, -0.2554917429582279, -0.3985204958947579, 0.5889733468522689, 0.8813900294808338, 0.9302104549825105, 0.9392002742490984, 0.9091866113317512, 0.8098701417861022, 0.9104216571838539, 0.9323164025870498, 0.9322023958037998, 0.7529969690532317], [0.9963255320398454, 0.9926391078045435, 0.991330637305978, 0.9968624553640925, 0.9984956556321773, 0.9919710186193007, 0.9980271799032423, 0.996221587390938, 0.9989250101917946, 0.9662354744869565, 0.9993335100663346, 0.9968928126856013, 0.9990383132048405, 0.9985352034331804, 0.9985329073589083, 1.0, 0.9987853633684599, 0.9989178347150072, 0.9989157233218341, 0.998742247157555, 0.9984212384362963, 0.9919939603751075, 0.9766579482336, 0.9826301426702347, 0.9893123775245138, 0.9869886451692087, 0.9738271449248004, 0.9449708128584576, 0.993500624844579, 0.9933014393017989, 0.9906280334076709, 0.9676819277820522, 0.9987749577817745, 0.9987407714369757, 0.9989552209207778, 0.9985516101997608, 0.9993477941749443, 0.9988701252466184, 0.9989020120654076, 0.9978819015602003, 0.9986467270119251, 0.9987256791914376, 0.9829020019355268, 0.9314368168566535, 0.7448953777702538, 0.9326050536953764, 0.9286222411791553, 0.8071641961708991, 0.964952913369353, 0.940810235833552, 0.9662067669905313, 0.9547931811978396, 0.949477436857687, 0.9817009505379097, 0.9767125584818744, 0.9440772184313684, 0.9541451438464816, 0.965084365416191, 0.9664072876587313, 0.9667225784700911, 0.9476178077449392, 0.8804501334626774, 0.9352938726429577, 0.9497167445093944, 0.9353683001577546, 0.8619148135049696, 0.9601357669724524, 0.9308263371007568, 0.9604501001910171, 0.9446754378984025, 0.7084870148858645, 0.8099246956512398, 0.7612683373489069, 0.82795421768852, 0.8646214408517211, 0.8644736564872996, 0.8525808