var element=document.getElementById("correlationAdjClose");if(element.style.display!='none'){var correlationAdjClose={"data":[{"type":"heatmap","z":[[1.0,0.9999951670051501,0.9872800978523273,0.999940165783706,0.9992238137226622,0.9818572655464618,0.9978912480599297,0.9965803654149616,0.9719582772455283,0.9966931823868588,0.9949478339408186,0.9941745645248383,0.9966590643496056,0.9966768509973172,0.9966198849762973,0.9978617150469085,0.9982329914537375,0.998337965187534,0.997050324853855,0.9970622066667033,0.9969694835072354,0.9966391880353908,0.9890865733654587,0.9739022155868163,0.9915609479151986,0.9585300844428987,0.9907780604759837,0.9893386753480211,0.9708407415136072,0.955090003672387,0.9913275482643377,0.9931781819303126,0.9930148192847489,0.9807363339453586,0.9978027723931736,0.9978523912232816,0.9977072444237353,0.9967626333738735,0.9956605340379987,0.9977647857085369,0.9986277658516327,0.9986567614916393,0.9978112145816611,0.9978204135493728,0.9784661020925661,0.936626786528645,0.959627596637411,0.9547966000070008,0.9537225342577682,0.9346719743571424,0.9659046554550563,0.9549231875869568,0.9678360272141759,0.9719090240930178,0.9605494984630104,0.9850248292244701,0.9834422683842079,0.9915885577280763,0.9936475251015586,0.9887644945849025,0.9848498053779272,0.9885261753552805,0.9880154434980981,0.9890677170350809,0.9889893014815908,0.9522729150888606,0.9787937740124663,0.9765972686306262,0.976424321299211,0.9343327400921408,0.9843959929182179,0.9810134125083543,0.9874624641234044,0.986886971031274,0.9457674162526288,0.9087078940583194,0.8826368769744188,0.9224702735961864,0.936767262896643,0.9353467837566484,0.935151861924146,0.9341976770495006,0.7596808533788665,-0.507460771028967,0.9818139803906405,0.9781414062429333,0.9758913996809441,0.9893348348505953,0.9745237925682929,0.9851018424807598,0.9851184899418892,0.9429715147387654,0.9861225272299873,0.9452875484788128,0.8272640941559726,0.9296305068408836,0.9417024575621639,0.8433944419189638,0.9599842151769304,0.9605697535165088,0.904425373197879,0.9707507324321685,0.894152535874751,0.5542498087310371,0.7370428905459812,0.9017112218070291,0.8752709126495223,0.8932989706032008,0.9774545768839471,0.9775965315359276,0.7932794126795992,0.7672721480701014,0.824102087849294,0.4931673510080365,0.8114735970008015,0.8281079794237045,0.8231846256120975,0.8175216664085728,0.8052171718401003,0.7584974783958199,0.7442087944500134,-0.30977730025852307,-0.4499631070531431,0.7625270646970024,0.8945852435074998,0.9280645219832444,0.9421643081264001,0.9071309757461494,0.8383329603584697,0.9110754588927785,0.9222691315214668,0.9220843588809271,0.8615445554977234,-0.10921130745586835],[0.9999951670051501,1.0,0.991729932896803,0.9998798544788409,0.9983551816434468,0.989571011265356,0.9943795928225462,0.9925379663677174,0.9891626258110899,0.9925280370026229,0.992574310171995,0.9935888256688795,0.9926064378098536,0.9924916640075766,0.9925840326895989,0.9944573550764181,0.9964641685551725,0.9959410134903343,0.9941415898803975,0.9941488814165469,0.9925725206697644,0.9926143425602927,0.9934886197386616,0.9801887819327567,0.9900465533613243,0.9828437041183764,0.9901455990797005,0.9893187159563442,0.9823316600922566,0.9438212785974667,0.9895019698755031,0.9880284534606575,0.9843679293866401,0.9505329795732467,0.9952816384084521,0.9952529878637728,0.9954918242699883,0.992868088962123,0.9951520202380372,0.9955127881108153,0.996690928010605,0.9968824067097458,0.995496473683074,0.9955068374275589,0.992446027884064,0.9364552943147962,0.9178861641231852,0.9547590295138294,0.953806190940978,0.9346568409170152,0.9102407484763305,0.9427733474487456,0.9118749795319799,0.9380466728441497,0.9104069314757547,0.9643051785694268,0.9642995329700147,0.9776051885016115,0.9853053141813403,0.9861989741960631,0.9871893966498243,0.9810857033376164,0.9848788022095418,0.9821184511862844,0.982033866391961,0.9474803733542176,0.9689076236971518,0.9382116612442631,0.9379662879850891,0.8751855826959439,0.984775038523698,0.9857553144597488,0.985902607605019,0.9855443965163732,0.9623644184947489,0.8417457732747057,0.8167876001596842,0.8820926324194441,0.9278813362379493,0.8965714344931585,0.9126123268262691,0.9118089923992123,0.817504030678279,-0.0158920935239309,0.9749367149137137,0.9767812568332628,0.9746676192110666,0.9865227126064893,0.9707041875287473,0.9768878553409867,0.9763760747232479,0.9384104256998843,0.9778894018399676,0.9397009959416203,0.7781377496336418,0.9294344598208328,0.9308032665689787,0.6471023724669099,0.8784326183577533,0.8817279659490858,0.7821102637858899,0.970318957322476,0.757705060608136,-0.33875901017492016,0.2938078033600775,0.7821162495465481,0.735377880504188,0.775205536274196,0.9717946334855988,0.9718118183127249,0.26235093602150056,0.43396153991252895,0.27008256528617824,0.24130220948703118,0.26264905994824894,0.27457157928924764,0.2715714292222661,0.19166591673260872,0.6046618670624513,0.3391070443199294,0.28928340833013905,-0.4383891579185692,-0.48940457235849477,0.7627750099447262,0.7828194643038875,0.8040540398493947,0.8705233734642697,0.8377408009002983,0.6546203205715537,0.806663488317456,0.8001347999915819,0.7992376525939778,0.48542321344992756,0.2777327360775557],[0.9872800978523273,0.991729932896803,1.0,0.9884393582533173,0.9936078148667329,0.9912306684228511,0.9891543470301214,0.9900139061492301,0.9916481065160555,0.9925763293058707,0.9964808474110916,0.9957484092304866,0.9898528655057901,0.9918450124464333,0.9900656616124683,0.9896289588990651,0.9908357358157327,0.9898349492303051,0.9886764057298293,0.9886464323983393,0.9914920765194931,0.9898886710493102,0.9955931506665582,0.9863918922791176,0.9915839757233487,0.9813470645276,0.9922406910908426,0.9899025882434404,0.9876104683820299,0.9632111632777011,0.9677817260973146,0.9723242779347958,0.9773949036421353,0.9598540204822846,0.9866019646443841,0.9897560319923167,0.9881540131032235,0.9916193664116721,0.9947686092187656,0.9906350221709723,0.9848597727285294,0.9879415138891655,0.9870373272208516,0.986426940089016,0.993098526049521,0.9329310374616347,0.9456743658366041,0.9611029025955197,0.9478729878533486,0.9036219854518361,0.9246933817371886,0.9131620909851719,0.9276558358170303,0.939486230378888,0.9221716454037157,0.9515232651350173,0.9622202101739686,0.9694185348878807,0.9758655749299262,0.9488714957052341,0.9719473470282685,0.9707330881289641,0.976435754478747,0.970933585153074,0.9489329579516559,0.9317076488439201,0.958134993470156,0.9488955628454773,0.9330235670174964,0.9043779932673999,0.976931040732721,0.958116063854589,0.9695278835863091,0.9503393335194337,0.8641786654347312,0.8825496216752771,0.8064718727754031,0.8972344479174944,0.9152506661685049,0.9178796292807274,0.886096532442827,0.9001475272019303,0.5050683724542038,-0.48721508909047573,0.9683858822467575,0.9586877751466154,0.9579894458818669,0.9487944661614677,0.9631195005509459,0.9705948641799014,0.9703374694586222,0.9388305316715643,0.9667872930725483,0.9012010261096195,0.814088614184436,0.9598752959149034,0.9601400407763391,0.8295326879025976,0.9485696288653579,0.9499074735040909,0.8776653079738246,0.9807728699897781,0.7744288427442589,0.45911374953052875,0.6840355361216736,0.798533263393092,0.8037741617518422,0.779375454440765,0.9822754694738989,0.9822625406146369,0.7277692315509942,0.7206496113226553,0.7095294199655873,0.4484133243544867,0.7156821280547595,0.7172731235360682,0.7220062186579775,0.7183758671591338,0.7722000187825816,0.698560374135485,0.6834905518096639,-0.3629642670854993,-0.502958465298744,0.7380891595820414,0.859702249146406,0.8747067662750688,0.8895950323432845,0.881358519906239,0.777076583265977,0.8593443838754548,0.8657617232051735,0.8716519341548862,0.742398658026415,-0.033549988783527745],[0.999940165783706,0.9998798544788409,0.9884393582533173,1.0,0.999424978041921,0.9828412373039349,0.9980788638615963,0.9969205104395884,0.9738245582987954,0.9970823753654166,0.9955646393342146,0.9949594923468192,0.9969837543683435,0.9970860942134672,0.9969597030634247,0.9980771863887623,0.9985096097814286,0.9985484751722219,0.9973446444105923,0.9973537633498538,0.9972979473025764,0.99696719265184,0.9901046066749962,0.9751084518572101,0.9923721948784586,0.9607176112076965,0.9916798281077652,0.9907511472652525,0.972549608599356,0.9561259955936295,0.990697996374586,0.9927056082211042,0.9929325245731476,0.9803781829909926,0.9978493568374056,0.9980160154887967,0.9978791057788743,0.9971352837084067,0.9961052021447275,0.9979611438564988,0.9985207237754667,0.9987173929767795,0.9978551016147229,0.9978613494797196,0.980013139667058,0.9338971914838647,0.9578670177676329,0.9544374414337927,0.9517400440117143,0.9298559920366953,0.9632702557428979,0.9519764410016789,0.9651240564962145,0.9698384616737523,0.9581738154300066,0.9831414653563944,0.9821781470542543,0.9908124856094965,0.993421640704445,0.9876262371122756,0.983898421693272,0.987568749256518,0.9875165853593887,0.9880451676958585,0.9879623219424155,0.9453588954051279,0.977775172761223,0.9755173064347162,0.9753432827975652,0.9308430951040052,0.983997466188241,0.9787730983373842,0.9863207894490065,0.9857162520710844,0.9307524409620522,0.9075806556945927,0.8797463708406007,0.9211330596752049,0.9345568041249227,0.9349919914893082,0.9332288436524875,0.9323107109478047,0.6855515738503932,-0.5068790041650397,0.9811360365672845,0.9771039318758287,0.9746678576860905,0.9882012999552854,0.9740115435186343,0.9845182795697154,0.9845352193557899,0.9426966118742527,0.9850184318655509,0.9348112607744331,0.8301452295282007,0.933652328823016,0.9449957906274271,0.8447398140746117,0.9610293587307492,0.9616387717774172,0.9040302181819538,0.9717543520827189,0.8882258460208025,0.5507494645475102,0.7354323740925408,0.8963971063852888,0.8716198013790246,0.8877145329974411,0.9781448877161881,0.9782907655091916,0.7921806310680722,0.7674410055680629,0.8163357686797662,0.4945607582624378,0.8055752031690753,0.8200753804756661,0.8150838051343557,0.8121458991865578,0.8071637665117342,0.7584161271610168,0.7441895024133027,-0.3051829635897722,-0.4492433213921789,0.7614005443351689,0.8930799175322907,0.9262740020754759,0.9404095415847351,0.9061940843018648,0.8358283337867307,0.909150481769335,0.9201012800117986,0.9200658095301758,0.8549708233834038,-0.10246822797025493],[0.9992238137226622,0.9983551816434468,0.9936078148667329,0.999424978041921,1.0,0.9847449765696178,0.9989917345556927,0.9986343564734149,0.9842581920346752,0.9986308741149846,0.9982942729540835,0.9982059104913099,0.9986438801970376,0.9986559691109663,0.9986644469466786,0.9991179083429762,0.9989376791744417,0.999261046779223,0.9988691084291828,0.9988696031000796,0.9986946351219531,0.9986482634243672,0.9949635531865715,0.9815390358679832,0.9955725575717429,0.9751497399162979,0.995585840575586,0.993116420841736,0.9831150268713618,0.9583373140809005,0.9888670521325998,0.9916477425362425,0.9907564195794368,0.9740839698373024,0.9988344643524789,0.9989075330968699,0.99895168323826,0.998761943504025,0.9986796456889935,0.9989121247532917,0.9989689518785297,0.9991824963382687,0.9988718711077481,0.9988720200256609,0.9881037314598634,0.9416172571720626,0.9572940904443646,0.9586546296956933,0.9499368510942958,0.92530572093371,0.9546824965434095,0.9508614650752296,0.9587617894400318,0.9651480563535404,0.9537638275923684,0.982230457654712,0.9821844371642422,0.9913682468384482,0.9934596696926279,0.9840602462571881,0.9780632169321881,0.9817362778968207,0.9839188354291019,0.982190697655584,0.9820737155530633,0.9418127101659068,0.9703338523524487,0.9597494963152187,0.9595169952729075,0.90437449498636,0.981214800567924,0.9775548620334141,0.982771773490424,0.9820571464226512,0.9433250046900972,0.8911581624361337,0.8628203742296953,0.90820297959573,0.9390917503891586,0.927371976307841,0.9327273163432797,0.932027823986805,0.8066286947116907,-0.4860792161692213,0.9753618601364296,0.9673020515780848,0.9659638000832461,0.9847938217008188,0.964707983752833,0.9785541519129445,0.9783141200768497,0.9345440510804436,0.9795393094649236,0.9357249726021771,0.8214493731732825,0.9457457232142525,0.9620896354007755,0.8170632464784403,0.95155030608044,0.9526547588989864,0.9003396483070777,0.9760304350443122,0.8947719072470266,0.3872997655452767,0.6873322566826082,0.900737226539654,0.8591637248987262,0.8973231864589366,0.981539250506671,0.9816549663747443,0.7634054664306217,0.7544422452635547,0.7670583234003928,0.4757466222600771,0.7305932121709628,0.770865702586053,0.7671210241909873,0.7335029985443997,0.7973600660427759,0.7471418592689343,0.7320544831080882,-0.49593794047923967,-0.5791513931644185,0.7549713913702863,0.8902395381867241,0.9172889511073403,0.940088217501946,0.906481552012463,0.8240376419334549,0.906458798317226,0.9126347354354439,0.9122002487990808,0.8017805994331785,0.10755691851588031],[0.9818572655464618,0.989571011265356,0.9912306684228511,0.9828412373039349,0.9847449765696178,1.0,0.9776972029213481,0.9793418275805207,0.9941024704424175,0.9789048011939323,0.9756451964391413,0.9752719553756336,0.9791324187946931,0.9798589818188708,0.9794129799145347,0.9791549726434511,0.9832170316359661,0.979855409984334,0.9796232700295511,0.9795880721818646,0.9782531287712763,0.9792473897925972,0.9931947073107581,0.9939980670527954,0.9825443491015962,0.9890624397907397,0.983184468672691,0.9788264039056812,0.9889595007774639,0.9764131276649014,0.9531759486125208,0.9598685506698079,0.9712579228524438,0.9645107240811542,0.9773614068027601,0.9779477164343016,0.9788280773214703,0.9801045646516573,0.9762478041637771,0.978489806611006,0.9768806203025097,0.9788470096085414,0.9777295535311263,0.9777003539552983,0.9963416476432196,0.8999278367910731,0.9361563526092118,0.9455712436402353,0.9537006033663147,0.9170466350956437,0.9167369490569676,0.9131098615953759,0.9199629966782538,0.9409145338793656,0.9187440040340772,0.9459917939553875,0.9531783389766934,0.9599741148331267,0.9629300359157273,0.9738040034366239,0.9898021627367097,0.977832636163144,0.9866690415968212,0.97741484045653,0.9769702904156964,0.9790703928000557,0.9765978688199808,0.961064965337184,0.960702659189937,0.9537828407194144,0.9850226638244733,0.9784597223233833,0.9741620410561621,0.9731935383484014,0.9722070703803334,0.9227001218840308,0.8855130667209294,0.9359105639895435,0.9336447417773124,0.9429461696920111,0.9246417353902795,0.9228845287629631,0.8024937162001698,-0.43464046142180107,0.9858811958395661,0.9880569461740039,0.984945602069932,0.9745703480664656,0.9801643988951658,0.9843124499196285,0.9839881397756065,0.9734100222525822,0.9748834717033206,0.9731704095679727,0.8290521248685642,0.9087999739266719,0.9613904976233727,0.8597586522859264,0.9468898733342875,0.947745326945814,0.8623176931478685,0.9571092809590995,0.8249462055663757,0.46152509935833846,0.6940029017839167,0.835143902134364,0.8164420587852803,0.8253583255415798,0.9560329120234784,0.9560030288319509,0.7396829148395312,0.7390586156927825,0.7435169619420955,0.4958482397644098,0.7461192667955083,0.7484189432072003,0.7421709840774878,0.7421635035685682,0.7810268989825048,0.7105831123336187,0.6994468971534453,-0.32944530629390045,-0.4586534031917299,0.7703819608305618,0.8513692364300451,0.8577941940779672,0.8818537324836682,0.859041035699945,0.7905518664864944,0.8448970586187868,0.8510424333924941,0.8509645068318653,0.7985189936394165,-0.054795595843241875],[0.9978912480599297,0.9943795928225462,0.9891543470301214,0.9980788638615963,0.9989917345556927,0.9776972029213481,1.0,0.9977817853220843,0.9562666346076711,0.9996603597375132,0.9996433543400806,0.9996754066584982,0.998608055882871,0.9995282417791901,0.9992885301555502,0.9998960235817815,0.9970076378778874,0.999906994074101,0.999463768218213,0.9994687291992822,0.9997498509788115,0.9994135753720804,0.9904754618964761,0.9738828606481845,0.9868808841045725,0.9259811548993298,0.9940187830671295,0.9932961350731231,0.9731220516274902,0.9505974098139789,0.9913982144916655,0.9921350789754435,0.9942838200864742,0.9782946675706775,0.9991310793168969,0.9998728373416352,0.999752448968516,0.9995248563688084,0.999808978636031,0.9998613157194605,0.9987029404253503,0.9997676588813272,0.9994684813961808,0.999168612631659,0.9787672058918553,0.9471004039933075,0.9592473200916929,0.9604440097539544,0.9486017917090894,0.9231183973074296,0.960447288357282,0.9516766683503937,0.962856604450368,0.9675898993709156,0.9581775297569451,0.983108188367076,0.9835580949826594,0.9927688521465795,0.9962955544671405,0.9570379824322861,0.9657413460372101,0.9744362262133235,0.9756261134781854,0.9758465886370054,0.9570550939259677,0.9043435241616413,0.9610291673489701,0.9632659968562717,0.948791463202891,0.887351993372642,0.9718927734556652,0.950223889238157,0.972699958250657,0.9573166658209796,0.8208352020106697,0.8817483049099477,0.8181172455665403,0.8945833325198073,0.9113639279864473,0.9154192208663172,0.8973239240444334,0.9079078203023317,0.44797596079429375,-0.5439793767540245,0.9656517850091985,0.9531562615959221,0.9529780132465212,0.9582942327864372,0.9597904883395956,0.9715566438036615,0.9716629039420526,0.9215104244410103,0.9706028578990687,0.8675835913336962,0.8150253919031084,0.9462949011000342,0.9426662117042965,0.830784796810428,0.9586476286353689,0.95937649849767,0.9050921090791966,0.9757291755859607,0.8337037001516425,0.5508472715352284,0.7311350785713878,0.8588838262546774,0.8553472865458763,0.840329283014016,0.9821806300798239,0.9823552107154566,0.7864781540050082,0.7526867224908343,0.7826277350188021,0.4692367193712015,0.7867968033839448,0.7972303106417986,0.7872283148598692,0.7970741412107945,0.7957047246747481,0.754530754526928,0.7384535067625638,-0.31625909922810047,-0.46836842779190846,0.7638302834946864,0.8958527861872877,0.9212111739812723,0.942893653911477,0.9138800435826483,0.8385932791442605,0.9113339612469988,0.9264411136143115,0.9248039139488501,0.7862563963876796,-0.07733800365268025],[0.9965803654149616,0.9925379663677174,0.9900139061492301,0.9969205104395884,0.9986343564734149,0.9793418275805207,0.9977817853220843,1.0,0.9665526217441827,0.9999998456210264,0.9999994040758375,0.9998026157408023,0.9999971699424567,0.9999936539174914,0.9999984537395891,0.9994087158519205,0.9924622375412616,0.9995325938432595,0.999918003160733,0.999917691100916,0.9999693036358914,0.9999988730509118,0.9911278029585917,0.9758128892063355,0.9933554983415334,0.9397295007379681,0.9945212717828114,0.9919735421795279,0.9753803180594308,0.9506541031360902,0.9877948601610876,0.9937270736017159,0.9930027888648447,0.9757464280935634,0.9995046750647912,0.9996218511002373,0.9997135334783022,0.9997715793291564,0.9993846703497128,0.9995722475658687,0.9984245890544372,0.99899600718074,0.9995800211055805,0.9994582657023473,0.9806003897011817,0.9470677714086908,0.9571628252665122,0.9633709801546559,0.9484302144484232,0.9155886557670744,0.9587137564157601,0.94763491114319,0.9608232999876042,0.9628843065983784,0.9529186705546214,0.9811994724331647,0.9810272873447741,0.9918599603890921,0.9965694539227626,0.9530848736602557,0.9632153883123565,0.970026587898244,0.9736598065949275,0.9717442269921138,0.9558288654359174,0.900447615234067,0.9578806663487605,0.9585420683885469,0.9447613053403379,0.8803525386404123,0.9701232648811989,0.9455577900897314,0.9686038064303408,0.9536295884887058,0.8121396254680515,0.8768307293610786,0.8148797114064136,0.8894838080153594,0.906285057745836,0.9125668441812246,0.8940208758421742,0.902865730936955,0.43442973698788057,-0.54632497138672,0.9630297181691873,0.949497460647394,0.9492764184748216,0.956739513463307,0.9572455500792648,0.9690383860773885,0.9691461202499716,0.9194518123080441,0.9658153278034812,0.8610303059533544,0.812977178248627,0.9565058530518209,0.9519336440550934,0.8288514648832823,0.958686559779308,0.9595426214379915,0.90266062670342,0.9790571715280757,0.8357715100153038,0.5365367175536065,0.7231071020493235,0.8591758136549831,0.8520447930805813,0.841695262985025,0.9842043311884456,0.9843762792164367,0.7782826038809294,0.7461895900525988,0.7832043170883309,0.458936671302382,0.7817423408683768,0.7924879513708234,0.7869732014736891,0.7914612957454346,0.7904510340741968,0.7492522891806084,0.7326953201065032,-0.33061488867858607,-0.48156515216944207,0.7544450053864048,0.8892109050809495,0.9184592371893335,0.9358085877436032,0.9087114799347966,0.8289756752165598,0.9051767149910027,0.9202965007545196,0.9188722077247347,0.7690591457391509,-0.06093476296855438],[0.9719582772455283,0.9891626258110899,0.9916481065160555,0.9738245582987954,0.9842581920346752,0.9941024704424175,0.9562666346076711,0.9665526217441827,1.0,0.9816374037838044,0.9865145702680734,0.989113980675571,0.9701219583628244,0.9785683111419499,0.9749737130665087,0.9733033651498886,0.9508190185381876,0.9781255880341212,0.97558706306401,0.9755378616641864,0.9801065197032134,0.9748050255017868,0.9938826301962925,0.9941533888208371,0.9801937661889928,0.9902574115963458,0.9834859400792786,0.9925923472776841,0.9917682148321498,0.9722797091854577,0.9248658098107918,0.9465142128445267,0.9649612266392393,0.9540745754419382,0.969376508262974,0.9780280731497041,0.9745372633030472,0.9768556070716663,0.9880514127304749,0.9793547545567765,0.9661504830714889,0.9757477607289563,0.9703263819858227,0.9693301962861877,0.9991399448255409,0.9162421264294118,0.9314996682365232,0.9614111304129913,0.9527291259496659,0.9014528090031292,0.8886632918640031,0.8909459130481638,0.8929278568472618,0.9242905381016043,0.9023143291311355,0.9293645273866168,0.947382722069727,0.9520743745264948,0.9580537979574879,0.9140630494445762,0.974069188823612,0.9553375936644533,0.9720295914586172,0.9552581043028915,0.9150898536496416,0.9305495986740003,0.9546526157684772,0.9318247592652871,0.899468732255264,0.9014919277251904,0.9731250427221753,0.9310584467429428,0.9507135867453361,0.9159274400779465,0.8586450792462735,0.8829520989711421,0.7726317101213442,0.8985470084124592,0.9011048084991431,0.9139985100480246,0.8648708802416022,0.8831546219264401,0.49358033949590197,-0.4631764947425904,0.9660319165879758,0.9628582377028553,0.9605616294714059,0.9118576632854051,0.9579837247373029,0.9641430529689518,0.9637226012526763,0.9469667680255284,0.9508494706112407,0.8979829717619847,0.8181709050328723,0.9466016321191022,0.9657002807820453,0.8386240252517978,0.9408617617547838,0.9421756115425449,0.854120723845144,0.9672718652977947,0.7390428044851614,0.4188870503018568,0.6642395912185493,0.7732188911272662,0.7787823140151507,0.7514053619103612,0.9663891232063008,0.9663329098964789,0.7074141692223405,0.7094489837019365,0.6732540602366497,0.45510503390290136,0.6955390879968114,0.6928865412229297,0.6713406873160109,0.694391689499411,0.7631239790477217,0.6892939189934735,0.6756249273984868,-0.36712377692026704,-0.5029277008171609,0.767645959133438,0.8426279087080275,0.8265299755706805,0.8631944420414007,0.8592655475603301,0.7675874183668336,0.8150996813816751,0.8332792375288636,0.8267382579486386,0.713848893966689,0.0058855862576923665],[0.9966931823868588,0.9925280370026229,0.9925763293058707,0.9970823753654166,0.9986308741149846,0.9789048011939323,0.9996603597375132,0.9999998456210264,0.9816374037838044,1.0,0.9999992087793318,0.9998067989072998,0.9999986017083534,0.9999927020399184,0.9999980162801093,0.9997228705169496,0.9980665283960849,0.9995332049234147,0.9998981264438209,0.9998980510010258,0.9999803611606767,0.9999994065524551,0.9936286517186204,0.9777608869530422,0.996470736550417,0.9705008168019296,0.9965079435585406,0.9920077991127638,0.9797842211508827,0.9523495444001074,0.9898554167221599,0.9937824722571266,0.990911123753069,0.9729401616030886,0.9995549761488568,0.9996176958328266,0.9996340237717818,0.9998543784265782,0.9993929773128927,0.9995783528626483,0.9986721812420438,0.999040882934038,0.9995666162608268,0.9995625147763344,0.9851572794327741,0.9469493096331258,0.9571875542675096,0.9632247404964642,0.9482542039402014,0.9156741183502918,0.9528084914809944,0.9453236815040106,0.9563461148959436,0.9614473337226931,0.9515199291856161,0.9811191221019585,0.9810278522662472,0.9925137148537762,0.9964162804043013,0.9751100610300527,0.9631098482216474,0.9726468377458088,0.9736042084929587,0.9732663392278361,0.973110392375509,0.9297116479327812,0.957818753553602,0.9510156072325517,0.9507720622077208,0.8936555379910949,0.970035412600637,0.9684940545161875,0.9739691082298413,0.9731115334334905,0.9300690225819553,0.8768343747154762,0.8432137813278413,0.8894122214975341,0.9233198346285828,0.9134535693560126,0.9179953730143131,0.9173329067175185,0.7654372294950622,-0.5379304724940979,0.9630016680164992,0.949407977668465,0.9492061832399112,0.9760072329027876,0.9528842595623114,0.9687980553589883,0.9685347306644082,0.9202498219259754,0.9699756501950919,0.9216837072386651,0.8125916614599421,0.9563161103931649,0.9623726239170897,0.8161227905651924,0.9535152041486619,0.9545705336409172,0.9027028722347294,0.9783924819424338,0.9028876421346121,0.43135213726097543,0.7035724978697844,0.9087382521703177,0.8670235732077013,0.905188961068804,0.9841845113360181,0.9843582901270955,0.778254025868007,0.7460007476464862,0.7814252812531822,0.458427283901645,0.7456978417742864,0.785619781410851,0.7813855077641233,0.7508296218899598,0.7902316640038506,0.7492348282922988,0.7326486636146863,-0.5390001875518801,-0.6223088675495815,0.7536512945868218,0.8892542622425855,0.9206955408251299,0.9420339179883876,0.9087716369931859,0.8265016296412832,0.906828401183247,0.9154491466851674,0.914967839080613,0.8130511458788209,0.16511439249756021],[0.9949478339408186,0.992574310171995,0.9964808474110916,0.9955646393342146,0.9982942729540835,0.9756451964391413,0.9996433543400806,0.9999994040758375,0.9865145702680734,0.9999992087793318,1.0,0.9998053312146183,0.999996630198297,0.9999953832210181,0.999998532733764,0.9997103969572788,0.9978766637739536,0.9993310772735612,0.9998172634996563,0.9998173217442431,0.999998553608683,0.9999985592919232,0.993296839802323,0.9750954382117866,0.9957485290680739,0.9782257160996745,0.9962240722677757,0.991997225028222,0.9820451655784542,0.946996992016986,0.9897918640244902,0.9936934578843863,0.9859729475625637,0.9529116631389319,0.9993923744260801,0.9994411655955614,0.9993937763093631,0.9999109979851483,0.9993814610696765,0.9994026473207364,0.9982564486418216,0.9987322482889764,0.9993754299099653,0.9993735341182607,0.9878429776360015,0.9468902866052007,0.9308511547755487,0.9633375515910237,0.9483942221065541,0.915464901781574,0.9297913788364279,0.9221316337852178,0.9335013060284931,0.9409445244105126,0.9285197296136477,0.975629198457517,0.9756105272134593,0.9917299497202704,0.9951096960318182,0.9685219880012375,0.9633258388323591,0.9612805322617549,0.9660652796161452,0.9622689633196116,0.9620608414002094,0.9102474041734404,0.9487007539269949,0.9168666101449855,0.916403702134513,0.8355912948820112,0.9687913446196128,0.9733196490598444,0.9703510060316867,0.9692542789699581,0.9262443960659407,0.8274340493103074,0.7988963849879313,0.861774117852133,0.9091869580729317,0.8839043767521818,0.8964894619787451,0.895432436482562,0.774564531546151,-0.30093928976325646,0.9526323582777442,0.9496311047328626,0.9493885932779189,0.9694420843130468,0.9411649901061244,0.9547995365788847,0.9542439616181102,0.89917435523752,0.9569183998757321,0.9022980811489585,0.8131269098434424,0.9566570402086809,0.9670111799599836,0.7326625195471337,0.9208969434495402,0.9231462006516403,0.8638151627411763,0.9860275883041801,0.8521629976233666,0.08200080574840223,0.5658125362646954,0.8637092994609803,0.8348783172595897,0.859154651731886,0.9867785353278663,0.9867783636320108,0.5652482150461419,0.6709626225634625,0.5723169845376066,0.4589879039164418,0.5433317079071547,0.5810955227117172,0.5726712742337727,0.5125030953499,0.7812150739295286,0.6339119213077932,0.5972792253655355,-0.497921769898562,-0.5583730400341202,0.754152539828507,0.8719631190438266,0.8834242241476803,0.9194689407624937,0.9033125398888192,0.7223325203695679,0.8691342530625278,0.8784762252069195,0.8778954899908108,0.6489179840449868,0.12471877189592179],[0.9941745645248383,0.9935888256688795,0.9957484092304866,0.9949594923468192,0.9982059104913099,0.9752719553756336,0.9996754066584982,0.9998026157408023,0.989113980675571,0.9998067989072998,0.9998053312146183,1.0,0.9998183507748478,0.9998047626857777,0.9998106354795001,0.9996981115486543,0.9984646193931377,0.9994973399783388,0.9999751033531615,0.9999749161434072,0.9998102748471748,0.9998144554995549,0.9931042653501478,0.9732950309208374,0.9946236214092566,0.9786604181432685,0.9952423917415313,0.9937942526456301,0.978386102282241,0.9317322654895899,0.9926571348150103,0.9950068817080855,0.9826721437592107,0.9387816484659545,0.9995217017163017,0.9995597920069955,0.999523761656133,0.9996613225781675,0.9996768474493966,0.9995365122992852,0.9981722670967507,0.9987579444573238,0.9995070213651721,0.9995042637637771,0.9893285548957246,0.9430853418326024,0.9216074740673943,0.9604555658213971,0.9463753047208115,0.9151984187227976,0.9029996566956461,0.9337510848335624,0.9058102563512557,0.9237407058907919,0.9017242007762074,0.9660064784186544,0.965996801910837,0.9844851385148845,0.995035514923031,0.9679094324979629,0.9677392365526938,0.9573152946248521,0.9645383351455918,0.9592116582383815,0.959041036521389,0.9124613862649816,0.9408023969778893,0.9022950847179528,0.9019690818057398,0.8259683001853206,0.9685687453079787,0.9702419158264363,0.9702276506663625,0.9696022758953932,0.93409265947717,0.7938467093903113,0.7648452423604498,0.8377053998112268,0.8934918824398177,0.8585287579914538,0.8767332089235119,0.8760715331012177,0.7657144783421933,-0.14246155027050783,0.9477822410220593,0.9510585680267452,0.9474274576673758,0.9684526804691094,0.9418313367849929,0.9505632599848619,0.949822824231832,0.8999639991433379,0.9522387063228607,0.9020129700813814,0.7769553601567082,0.9545873925086255,0.9498852243088002,0.6353650001417798,0.8781216764408708,0.8818042505286189,0.7769518626680203,0.9810336725483918,0.7547496793224604,-0.27944257560363267,0.32381435865214236,0.7768607813169957,0.7352843326695866,0.7708238447131298,0.9821079787754121,0.9821845701861716,0.2881293075264132,0.4459536152635109,0.29426943156290414,0.2660349595895963,0.2859659391778878,0.29994265413096444,0.29751275423367535,0.21467968423736758,0.6157091906195433,0.3550659838138363,0.30379624215710554,-0.5036200942640766,-0.5535108228759744,0.7527317093159522,0.7853021896841409,0.8065506614133392,0.8715024026422326,0.8450583582862927,0.6413329073183703,0.8025209241560741,0.8025302870133364,0.8016573722446517,0.48613370389135013,0.3076373033304919],[0.9966590643496056,0.9926064378098536,0.9898528655057901,0.9969837543683435,0.9986438801970376,0.9791324187946931,0.998608055882871,0.9999971699424567,0.9701219583628244,0.9999986017083534,0.999996630198297,0.9998183507748478,1.0,0.9999920419694165,0.9999977220682703,0.9994495726142647,0.9939720310126768,0.9995671600993485,0.9999273362625352,0.9999271998961916,0.9999758240248111,0.9999990425527677,0.9909964833827485,0.9755972935954623,0.9939987245087841,0.9445555852825266,0.9944650016023969,0.9920635121889954,0.9751584834673109,0.9505460952816557,0.988710765506492,0.9938214974681167,0.9930842011852035,0.97585974514977,0.9995468581688274,0.9996583327482882,0.9997415212788207,0.999768885025882,0.9994316707198883,0.9996090527358525,0.9985045766985885,0.9990546703226203,0.999621299145713,0.9995006056151555,0.9803379767082555,0.9472714971691354,0.9572905343627545,0.9632906054990023,0.9484477348213978,0.9160436094192762,0.9590620713140808,0.9480001313779145,0.9611719863894694,0.9631709081949534,0.9532808319180164,0.9814472455524246,0.9812006558369318,0.9919863765185508,0.9966623306923147,0.9532995298704707,0.9631861769535808,0.9701422711312333,0.9736654747305812,0.9718597153596944,0.9559914560189536,0.9002951248603074,0.9579552772428542,0.958747906802734,0.94503577616335,0.8803473040457401,0.9700966878298951,0.9456537181271003,0.9687136182128145,0.9538306995189358,0.8119753179290408,0.8769599458001772,0.815228427111259,0.8896070965661621,0.9064233274710702,0.9126242950256119,0.8942735755789448,0.903100654626628,0.43442647721446576,-0.5465119203143678,0.9630507686474095,0.9495272990785065,0.9493065621664851,0.9569154675083337,0.9572546609295312,0.9690806089429588,0.969189585273002,0.9193283771466767,0.965949578142679,0.8609111017207286,0.8129998357515914,0.9560419143155772,0.9514600642991579,0.828816182567818,0.9586791041441055,0.9595281517670459,0.903001645622238,0.9789338529502885,0.8362888410104341,0.5376706183172988,0.7237328833889,0.8596732716024513,0.8525792889170911,0.8422013136848988,0.9841557673590626,0.9843282193052905,0.7788789757302599,0.7466519724917278,0.7838391283950906,0.45947218098953074,0.7824027320193149,0.7931899718131655,0.7876254553449199,0.792173750752813,0.7907670366019633,0.7497025885288874,0.7331567283635642,-0.329745066896464,-0.48080766695614624,0.7547413845527898,0.8897095410806337,0.9189578710664331,0.9363361840374218,0.9091793619264863,0.8295097883004859,0.9057617826821125,0.9208935507885825,0.9194634361586967,0.769722907262829,-0.06197952249101285],[0.9966768509973172,0.9924916640075766,0.9918450124464333,0.9970860942134672,0.9986559691109663,0.9798589818188708,0.9995282417791901,0.9999936539174914,0.9785683111419499,0.9999927020399184,0.9999953832210181,0.9998047626857777,0.9999920419694165,1.0,0.9999956878058125,0.9996216424873793,0.9980470229179434,0.9995280451564346,0.9999139115605415,0.999912931928003,0.9999593774670124,0.9999924510941524,0.9928611691726112,0.9761919716634584,0.9961774443238592,0.965085117849904,0.99593926384673,0.9920329894797087,0.9760297893280658,0.9514844790211768,0.9891901651798726,0.9939211138475678,0.9923744897107946,0.9753216452618771,0.9995340192231127,0.9996128076919226,0.9996674994697684,0.999900976041014,0.9993963645901203,0.9995599947042952,0.9984004889100508,0.9989809933328603,0.9995591775111657,0.9995529625089471,0.9830631471814142,0.9465797782695189,0.9568606063870679,0.962826831764248,0.9477645097444983,0.9148601320157785,0.9551317426862089,0.9421979968009602,0.9574844238352918,0.9624089303277213,0.9523558497027346,0.9802987330764302,0.9807806750157624,0.9913537902831888,0.9966590316951314,0.9759971245931756,0.9626557304615021,0.9745015415243286,0.9735070228481868,0.9754286164954512,0.9752663460634542,0.9385170569714336,0.9573954128699835,0.9573018343481049,0.9570544260325535,0.9109685213299159,0.9698811721903282,0.9709728518328355,0.9756460795517804,0.9747279699768451,0.936952516060792,0.876281662876735,0.8473621016641109,0.8889320681191091,0.9152834602674859,0.9119324094017313,0.9125218157107913,0.911574206651392,0.742918184292321,-0.5496208060765745,0.9629716773180209,0.9490536969650704,0.9487714941473684,0.9769225244247182,0.95734524432057,0.9690071724798284,0.9691045807708774,0.9196714416669021,0.9708709497813378,0.9296715506973015,0.8113911667849261,0.9558768577332819,0.9555085628660195,0.8272045482131826,0.958306549097545,0.9591799574143843,0.9024666771439815,0.9791651284594585,0.8872720612386558,0.5378227038742593,0.7222341191244959,0.8952916016856532,0.8665771142036057,0.8866160998411199,0.9843587394253369,0.9845314348432852,0.7771436287267328,0.7447604434024923,0.8062388055406996,0.4566901328719958,0.7904670705407711,0.8104507770432176,0.8049753366258974,0.7936781299888087,0.789580371133704,0.7477275902493482,0.731097028423282,-0.4169765556232412,-0.5388648503917272,0.7502297779509649,0.8888940983566583,0.9159465253803425,0.9321545684780604,0.9088451069857858,0.8274196984339018,0.8957482060095096,0.9096506173784704,0.9092666763247655,0.8441897360154021,-0.02989550006094299],[0.9966198849762973,0.9925840326895989,0.9900656616124683,0.9969597030634247,0.9986644469466786,0.9794129799145347,0.9992885301555502,0.9999984537395891,0.9749737130665087,0.9999980162801093,0.999998532733764,0.9998106354795001,0.9999977220682703,0.9999956878058125,1.0,0.9995306136751921,0.9974168637356697,0.9995460924071539,0.99992026601806,0.9999196740402242,0.9999699538925326,0.999997827334066,0.9911726021692672,0.9758793230181212,0.995561979180837,0.956762691254345,0.9953219252730872,0.9920297672126693,0.9754393940216747,0.9508167471949509,0.991174309464692,0.9940625292963345,0.9929574824068849,0.9756723744198076,0.9995142217874518,0.9996220544396198,0.9997194633108194,0.9997850659845254,0.9994061517000123,0.9995693324934636,0.9984461367906659,0.9990097030999902,0.9995882296446351,0.9994687427613507,0.9806073286785124,0.9471208462824661,0.9571842398222332,0.9633476944512948,0.9484644496945743,0.9157926997982926,0.9587803628782998,0.9477478231461459,0.960918034164789,0.9628448748409443,0.9528426300169407,0.9812169322917876,0.9809757589061336,0.9918326145381895,0.9965334882441844,0.9533373049072047,0.9632533469922504,0.9701731840212368,0.9737428067116822,0.9718787870435558,0.9556705398038652,0.900637616125967,0.9578294107989025,0.9586083210566817,0.944943325838882,0.8804859041415252,0.9702496448432872,0.945851657894348,0.9687787862662015,0.9538946385354508,0.8124387109520154,0.8768742778579914,0.8151112949936402,0.8895614569385843,0.906437005469611,0.9125907510168433,0.8941565426844525,0.9030156038916421,0.43476158175748364,-0.5460167178920771,0.9631260573716561,0.9495615881877721,0.9493412627959028,0.9558076245472743,0.9574065953344705,0.969125071555974,0.9692298449462692,0.9196414463864836,0.965962941684747,0.8612627199574224,0.8129858938982508,0.9562824917417961,0.9518583945006227,0.8288772546652752,0.9586281201506688,0.9594876548828026,0.9024845664531002,0.9790694043367453,0.8357867786627629,0.5363449414709647,0.7229948679811958,0.8591708022476452,0.8521447297194864,0.8417071836792621,0.9842315806652837,0.9844007764119234,0.777922103639028,0.7458922123497288,0.7831729564928943,0.4591448711684713,0.7817119481649505,0.7924020450851915,0.7871062739450179,0.7913586801641336,0.7903808915687046,0.7485771831417292,0.7320526769991988,-0.33044503649659474,-0.48139059937737044,0.7546075047637605,0.8891233157663382,0.9185623738358962,0.9358355946265472,0.9087480722505089,0.8287868213694585,0.905351975611062,0.92031519509997,0.9190016846273235,0.7691364044404361,-0.06117164082674564],[0.9978617150469085,0.9944573550764181,0.9896289588990651,0.9980771863887623,0.9991179083429762,0.9791549726434511,0.9998960235817815,0.9994087158519205,0.9733033651498886,0.9997228705169496,0.9997103969572788,0.9996981115486543,0.9994495726142647,0.9996216424873793,0.9995306136751921,1.0,0.9985922061487463,0.9998695945558683,0.999604220218129,0.9996081806707331,0.9997965668446684,0.9995950579703159,0.9909277819956785,0.9750864168821345,0.9944178703419861,0.9507012537129218,0.9940630879329518,0.9934938377861193,0.9741384723963021,0.9517963757656659,0.991474788647533,0.992580125526964,0.9937142952539225,0.9774993794229588,0.999326070911833,0.9997490854413911,0.9997484071989714,0.9996235418596069,0.9996700217560919,0.9997147237747087,0.9989530283128126,0.9996387201689424,0.9995487186681512,0.9993316567097975,0.9795168682896556,0.9459764144737359,0.9590578111550127,0.961614634012336,0.9496446690870172,0.9214325486898001,0.9605675464463669,0.9517237355354982,0.9629653565354233,0.9664132812615309,0.9564568225643818,0.9829413222653455,0.98265682393656,0.9926503520750543,0.9960810193092623,0.9573541548499662,0.9666146970407851,0.9744444116129638,0.9761191300089964,0.9759167434663035,0.9581440596843214,0.9052793210970582,0.961040786114167,0.9632658901943792,0.9492359428877043,0.8877164374667205,0.972577797888,0.9502047490404572,0.9726075230221611,0.9577781104692352,0.8197267671702786,0.8818864733181005,0.819002752696336,0.8947479095843472,0.910830993968836,0.9150774736074072,0.8974860495122974,0.9074905269996062,0.4448552617883547,-0.543684980015652,0.9662648343530545,0.9539909194553318,0.9536853880232011,0.9592861822975363,0.9607816758928222,0.9719990401767,0.9720755474109997,0.9234557351621157,0.9704728095637903,0.8676561336123677,0.814282941349682,0.9487648197223967,0.9450331891641357,0.8311065815689237,0.9586050507893614,0.9593704231184755,0.9023659531218944,0.9760389860501416,0.8350605362473756,0.5454400626817317,0.7275815672989342,0.8591338917888233,0.8546188505