var element=document.getElementById("correlationClose");if(element.style.display!='none'){var correlationClose={"data":[{"type":"heatmap","z":[[1.0,0.9999908857283093,0.7158850870357534,0.9997609428086721,0.9982703706758735,1.0,0.9932246288879492,0.9902511835462174,0.9902511835462174,0.9937015221073194,0.9792256616222232,0.9882801819218292,0.9932581456761246,0.9935892176626654,0.9932993819758928,0.6851210094149808,0.5859998235141114,0.21662195448001803,0.9939687066172757,0.9939627668767875,0.9860736652602141,0.9932461757158771,0.356223506735369,0.7786410127766658,0.9842426013481917,0.9842426013481917,0.9842243604439631,0.9803941379731211,0.29534978119997873,-0.14762707249210189,0.9888725864878852,0.9888413204179277,0.23259800978623596,-0.23782848351793587,0.995070645642237,0.9953605520029151,0.868314197563794,-0.33740463177811303,0.9913892092469553,0.9954498755066962,0.6611127592834891,0.19692323369334497,0.9951845108428643,0.9951810636933185,0.9951845108428643,0.9130037717104598,0.6617975479243238,0.9365903502492644,0.9396291103796076,0.8650882970205583,0.38538456920664016,-0.19135484492591437,0.23541437978426044,0.9542129887507174,0.3587809618268762,0.9753954015050832,0.9725475772821662,0.9818847476328266,0.9891092376268571,0.9402494266752008,0.9507317819336368,0.9514036273025746,0.9416461927334812,0.948781136846718,0.9493461915300161,0.948781136846718,0.9052239802719513,0.9298915019927504,0.9306407085422478,0.9298915019927504,0.9367042291316081,0.8194532091258439,0.9102501321598482,0.9113240480709255,0.9102501321598482,0.7514592578237347,0.44929560710961525,0.7434062146700162,-0.5142798093238308,0.6495321418715805,0.6583984675002227,0.6586390647415115,0.6583984675002227,-0.06509477846056376,0.9245940101911377,0.9533960956190202,0.9400612179322901,0.9415026114050759,0.22337231909250274,0.9191417239654874,0.9195867342137465,0.9191417239654874,0.9224355201977729,0.9224355201977729,-0.09665108108385763,0.6056574695841076,0.1285758751629664,-0.7240048311202067,-0.608184199680225,-0.6122582412075377,-0.1707885363479678,0.16327077454513766,0.18278961508882183,-0.04853433538343471,-0.6072788988052574,-0.051119770355169195,-0.7971645659619248,-0.3202280872028614,0.1861226618507016,0.18774861103996215,-0.5875808826673153,-0.5663591574449295,-0.3086582674614193,-0.530466226602637,-0.8087480765253536,-0.4330018798996995,-0.42578610624249924,-0.4330018798996995,-0.2604964396667355,-0.3841333164284481,-0.3841333164284481,-0.7970395430105544,-0.7970395430105544,0.49381920851712097,0.6348861402691324,0.8481887749228852,0.8429542839102369,0.7566864135046164,-0.3560103682016434,0.7475268480551206,0.770332424225936,0.770486401144445,0.770332424225936,-0.1512103174118025],[0.9999908857283093,1.0,0.98448337260702,0.9995825779020199,0.9963974626829094,0.9999908857283093,0.9866516484897575,0.9822201232028526,0.9822201232028526,0.9865770835740084,0.9768498820780581,0.9873191111915208,0.9866932153034272,0.9866628971014108,0.9865634807649291,-0.031372936889616246,-0.12489456359118574,-0.48191695238709154,0.989411901033714,0.9894101653048213,0.986724962825027,0.9867275787339104,-0.21035497945811474,0.9823761290304079,0.983113972320796,0.983113972320796,0.9831359544192999,0.9804783528930243,0.06652636822089486,0.08816262136173264,0.9833427299348146,0.983392685450263,0.675994877772195,0.01211423047627308,0.9915009098427794,0.9915013677065193,0.992037911840128,0.9875188273778318,0.9906760262709462,0.9915635463902548,-0.08077786527901382,-0.4859886643392851,0.992058561471869,0.9920567687505625,0.992058561471869,0.9127072821405221,0.5156458974746302,0.9365573614114585,0.9394886934375002,0.8646786205625417,-0.19239272456817852,-0.45682710833202045,0.8635684546919015,0.9055248332208842,-0.2582733766628531,0.945984753631603,0.946110451299646,0.9669242831897575,0.9788000730055095,0.9611338702193268,0.9657961596887622,0.9530270862293554,0.9549481317736036,0.9556202722083242,0.9559101843917993,0.9556202722083242,0.8888632864201221,0.864560494280745,0.865532695444514,0.864560494280745,0.9625069771840187,0.9648112570893816,0.962421641687745,0.9630788778937699,0.962421641687745,0.714989611331868,0.6759304144432293,0.7442422555193984,0.7953509279685256,0.719071670588172,0.738799007958106,0.7399495945041782,0.738799007958106,-0.054031460693473,0.9340146399287812,0.9505483101859538,0.9451918077219498,0.9650573048143669,-0.3344950580544283,0.931251345725155,0.9313639534057747,0.931251345725155,0.936278512187338,0.936278512187338,-0.17842604597129688,0.6063058614054815,-0.3771523986555644,-0.8080498715439668,-0.4720416720372709,-0.47621068725246696,-0.40553254180116033,0.2973158142655698,-0.2755004723403777,-0.5261333739762548,-0.7641072734179594,-0.376528719351539,-0.467878572316594,-0.4426416630177468,0.15545666536331193,0.15344535720696395,-0.49307234205059514,-0.4637353817288172,-0.4918728107795811,-0.5236111318586735,-0.5152428362966898,-0.4941121598938741,-0.4975252007296728,-0.4941121598938741,-0.3908170157586022,-0.5584462539931241,-0.5584462539931241,-0.522131762208972,-0.522131762208972,0.49178229369164156,0.37928147414326435,0.5161649168742207,0.6429345491212799,0.5363862292828067,-0.4441859718611933,0.41503116738625445,0.32261186448980633,0.32281173076824826,0.32261186448980633,0.21657600840651584],[0.7158850870357534,0.98448337260702,1.0,0.7137420095007305,0.6621659665165557,0.7158850870357534,0.693497934309277,0.687280261552948,0.687280261552948,0.6528697700709878,0.6268240113755434,0.9945126637273055,0.6935346557932633,0.6916105360094668,0.6936372220060266,0.35615248579317055,0.3025266994781026,-0.2433259472296399,0.661828494949201,0.6611725460668975,0.6333390221736287,0.6926591978089802,0.14221818133291553,0.8274623331520381,0.679278655113194,0.679278655113194,0.6790763186979477,0.9903057768479131,0.2686089348637692,0.07642153733111144,0.6484275330200118,0.6481114005510008,0.5831668902549274,-0.08046775947227855,0.6886752251357332,0.6455248647536799,0.6509829912930245,0.2761388762450454,0.993258454058285,0.6435971313272129,0.33798152930173514,-0.2532424137678746,0.7058319289867334,0.6867466826161833,0.7058319289867334,0.9101581113440484,0.434663983560547,0.9482571193727707,0.9320082195291868,0.7851183210194048,0.24271987308923124,-0.08494991517909911,0.058572451824494595,0.5971792057458111,-0.07581778579964865,0.6328217172090037,0.6152885476814934,0.6310712786524318,0.59529014372483,0.047209127380334684,0.8368214190599238,0.7742076948626104,0.7089352436503558,0.7795244558866458,0.7912323473940063,0.7795244558866458,0.6206955779214371,0.7061780256338175,0.7405733366160304,0.7061780256338175,0.754326696854214,0.707500841342247,0.7602396954738025,0.7933012322462561,0.7602396954738025,0.5309664118901258,-0.0790018947505135,0.5454431631970218,0.0848861026218412,0.5033743425034912,0.27250744739133725,0.5483717246572316,0.27250744739133725,-0.10822346818849442,0.6922461355599976,0.9076542439686698,0.7501159582581409,0.7959256127203456,-0.09799109775022205,0.721291286338335,0.7208771470237328,0.721291286338335,0.7648353399479144,0.7648353399479144,-0.19045162964713575,0.7008068942657066,-0.17407444031551247,-0.7434694853484163,-0.4711852095409319,-0.47543139997468503,-0.4406540470229228,0.14299190260410388,0.017889973808603316,-0.37109312983903475,-0.7232012928193616,-0.1886096654560222,-0.35774691278612675,-0.3021515409636654,0.07951201391200304,0.07833779077904314,-0.5108501333755133,-0.09732388812883266,-0.28467566463375416,-0.5287147616676491,-0.2440973739316599,-0.43197490163385704,-0.317357964363575,-0.43197490163385704,-0.43954980914066294,-0.5665429943255431,-0.5665429943255431,-0.3348960932472807,-0.3348960932472807,0.44941219627414025,0.24297642140748013,0.3113223559880976,0.5493857870623616,0.334419812300671,-0.40467782471162717,0.008033891070723833,0.4686726496131287,0.5614844934674103,0.4686726496131287,0.020308903879502363],[0.9997609428086721,0.9995825779020199,0.7137420095007305,1.0,0.9990133610765034,0.999760942808672,0.99424758145544,0.9916851413431538,0.9916851413431538,0.9949163368202223,0.9776713961410166,0.990906606017252,0.9942725807529116,0.9948596183761635,0.9942928213665616,0.6840685429121335,0.5844486709624611,0.2025571564171296,0.9948243117660684,0.9948213069088853,0.9860662994626428,0.9942544242542394,0.3477420277010519,0.7828067234804457,0.986462647643836,0.986462647643836,0.9864437004700698,0.9850320271723639,0.2910760439579607,-0.15330088360862903,0.9880543081304319,0.9880306178426839,0.22471480781853923,-0.2381998249264145,0.9954383562066732,0.9959213589529797,0.8391069739180121,-0.34126549232736586,0.9932783646874779,0.9962095398323464,0.6595007872013077,0.18261046039947992,0.9937118248359698,0.9954708971655324,0.9937118248359698,0.9111732498518541,0.6506554294885137,0.9389527389010189,0.9370441088034998,0.8518810757694313,0.3810959799779784,-0.1954797551751544,0.2309162435067319,0.9495442177217652,0.3439943922046705,0.97120392836147,0.9699462649595818,0.9798597867311934,0.9887973443655305,0.9242165057797604,0.9463450258933009,0.9419988958950068,0.9389689903610058,0.9364658093955605,0.9372001223410608,0.9364658093955605,0.8996140983858817,0.9212917129096211,0.9221012042881895,0.9212917129096211,0.9343796594731236,0.7729889337452792,0.8803545371127961,0.8814540254425609,0.8803545371127961,0.7461034028624104,0.19793576728126133,0.736729913676116,-0.5189413206475115,0.6462560135960036,0.3967709835455272,0.6328813770494679,0.3967709835455272,-0.07038739856747935,0.9211648272292748,0.948770833798727,0.9349359121681159,0.9237131802045564,0.20996444445308676,0.9163067441758571,0.916858338664937,0.9163067441758571,0.9083051566444144,0.9083051566444144,-0.10068688762562043,0.6219527000991495,0.13361429160867752,-0.7322336754923823,-0.614025123187552,-0.618021769147647,-0.18144505899363414,0.1594927213353457,0.17688322858168326,-0.06057684695902989,-0.6173591729124276,-0.05635729681587076,-0.8017711552449985,-0.32695558345236625,0.1775258853574011,0.17920314449133162,-0.5931800545220314,-0.5630945940467349,-0.30880966234201784,-0.539112668681501,-0.8095535089928522,-0.4335014398258913,-0.42682677951877973,-0.4335014398258913,-0.26763897798984193,-0.39221589018639386,-0.39221589018639386,-0.7961197518245106,-0.7961197518245106,0.48592669153864243,0.6248547820605701,0.8406053122558369,0.8357715963582697,0.7502623444563442,-0.36727002003243847,0.7390615542666161,0.7618453827859173,0.7619977347945636,0.7618453827859173,-0.1368834421187997],[0.9982703706758735,0.9963974626829094,0.6621659665165557,0.9990133610765034,1.0,0.9982703706758735,0.9974090878715557,0.9962330264444776,0.9962330264444776,0.9976224805777154,0.9721618209244562,0.9967138365555971,0.9974272684672318,0.9974944784430384,0.997448748587089,0.5635775455016809,0.43762705193197593,-0.003270421869038114,0.9977633827305827,0.997763377697783,0.9885593024877533,0.997412265248487,-0.010477210970874508,0.7712521502991382,0.9933615079104202,0.9933615079104202,0.993325455956081,0.9917224187759854,0.06939905850512114,-0.1369079647730227,0.9871124827486166,0.9870487095750574,-0.0665685981769545,-0.147345145149096,0.9978025864434117,0.9977210097583294,0.8360025296357132,-0.450921586180927,0.9977845423280054,0.9980696081415333,0.5252098727919683,-0.027208861203555645,0.9977518896238032,0.9977562212343175,0.9977518896238032,0.9226040460621635,0.6196762891367085,0.9459525845138994,0.9350819442732223,0.8318297982511578,-0.04758515808235512,-0.5832792369605704,-0.13127962084716144,0.9415457934753398,0.2010834615499105,0.9696685456291769,0.9696895304123626,0.9833937673933574,0.9895075840848647,0.9240552018040066,0.9309798849479343,0.9327830747633706,0.9281375449980835,0.931271797531801,0.9315818101142519,0.931271797531801,0.8793536502407291,0.8860216437685694,0.8868881985136672,0.8860216437685694,0.9247578058702528,0.8537075007512563,0.9076817601126992,0.9082866224497004,0.9076817601126992,0.7136196348680606,0.6227501928906026,0.7074673834266653,-0.5174557687558884,0.6918220572920875,0.6757697903683775,0.6751955600505506,0.6757697903683775,-0.07492420285260183,0.9062083932823037,0.9292432661222336,0.91641266474734,0.930861586581052,0.05637766175169375,0.9048819981850827,0.9056526847323686,0.9048819981850827,0.9093393000455949,0.9093393000455949,-0.13566396015258006,0.664496645525042,-0.011439853090153352,-0.7564349403308407,-0.6549907073079614,-0.6563779628496198,-0.20839413570166923,0.18268421571469473,-0.20390007047590097,-0.29818410559905023,-0.6761746157941032,-0.40209804884734235,-0.8376643372759804,-0.5850871251929781,0.14985769399570198,0.15139640559721415,-0.6157426471468807,-0.5598894543425309,-0.5657376927521169,-0.5735266597967804,-0.7631295408696301,-0.613346949438966,-0.6163605208831939,-0.613346949438966,-0.3005641401562994,-0.42053838506235525,-0.42053838506235525,-0.7341975927803391,-0.7341975927803391,0.4732801153949577,0.6109661731107804,0.8041826709995452,0.8080091428229228,0.7441351759397495,-0.4848322740950832,0.6247857073132514,0.6651395586393873,0.6651929303096741,0.6651395586393873,0.0892830355190374],[1.0,0.9999908857283093,0.7158850870357534,0.999760942808672,0.9982703706758735,1.0,0.9932246288879492,0.9902511835462174,0.9902511835462174,0.9937015221073194,0.9792256616222232,0.9882801819218292,0.9932581456761246,0.9935892176626654,0.9932993819758928,0.6851210094149808,0.5859998235141114,0.21662195448001803,0.9939687066172757,0.9939627668767875,0.9860736652602141,0.9932461757158771,0.356223506735369,0.7786410127766658,0.9842426013481917,0.9842426013481917,0.9842243604439631,0.9803941379731211,0.29534978119997873,-0.14762707249210189,0.9888725864878852,0.9888413204179277,0.23259800978623596,-0.23782848351793587,0.995070645642237,0.9953605520029151,0.868314197563794,-0.33740463177811303,0.9913892092469553,0.9954498755066962,0.6611127592834891,0.19692323369334497,0.9951845108428643,0.9951810636933185,0.9951845108428643,0.9130037717104598,0.6617975479243238,0.9365903502492644,0.9396291103796076,0.8650882970205583,0.38538456920664016,-0.19135484492591437,0.23541437978426044,0.9542129887507174,0.3587809618268762,0.9753954015050832,0.9725475772821662,0.9818847476328266,0.9891092376268571,0.9402494266752008,0.9507317819336368,0.9514036273025746,0.9416461927334812,0.948781136846718,0.9493461915300161,0.948781136846718,0.9052239802719513,0.9298915019927504,0.9306407085422478,0.9298915019927504,0.9367042291316081,0.8194532091258439,0.9102501321598482,0.9113240480709255,0.9102501321598482,0.7514592578237347,0.44929560710961525,0.7434062146700162,-0.5142798093238308,0.6495321418715805,0.6583984675002227,0.6586390647415115,0.6583984675002227,-0.06509477846056376,0.9245940101911377,0.9533960956190202,0.9400612179322901,0.9415026114050759,0.22337231909250274,0.9191417239654874,0.9195867342137465,0.9191417239654874,0.9224355201977729,0.9224355201977729,-0.09665108108385763,0.6056574695841076,0.1285758751629664,-0.7240048311202067,-0.608184199680225,-0.6122582412075377,-0.1707885363479678,0.16327077454513766,0.18278961508882183,-0.04853433538343471,-0.6072788988052574,-0.051119770355169195,-0.7971645659619248,-0.3202280872028614,0.1861226618507016,0.18774861103996215,-0.5875808826673153,-0.5663591574449295,-0.3086582674614193,-0.530466226602637,-0.8087480765253536,-0.4330018798996995,-0.42578610624249924,-0.4330018798996995,-0.2604964396667355,-0.3841333164284481,-0.3841333164284481,-0.7970395430105544,-0.7970395430105544,0.49381920851712097,0.6348861402691324,0.8481887749228852,0.8429542839102369,0.7566864135046164,-0.3560103682016434,0.7475268480551206,0.770332424225936,0.770486401144445,0.770332424225936,-0.1512103174118025],[0.9932246288879492,0.9866516484897575,0.693497934309277,0.99424758145544,0.9974090878715557,0.9932246288879492,1.0,0.997768209945814,0.997768209945814,0.9999733342254659,0.9675353819887966,0.9997295559673989,0.9999969527987507,0.9999885988619579,0.9999941525585677,0.7884514615276802,0.770895745714782,0.17715952827140896,0.9998769372411316,0.9998772582151582,0.9909991867029874,0.9999971096120817,0.27562488648263217,0.775802166134047,0.9868774961665742,0.9868774961665742,0.9883548886267529,0.9926021109348199,0.22879301291357942,-0.20106655784990982,0.9914055178383216,0.9915045679646458,0.14138367292765955,-0.27792289692608746,0.9994018206384679,0.9995236373053962,0.49480717618660663,-0.29000520866452334,0.9992381552206258,0.9995065138740852,0.762500047492966,0.15594972504864182,0.9502042734951103,0.999177437819522,0.9502042734951103,0.9298972554567373,0.627608774355939,0.952471547812613,0.9341207460880729,0.8027958770147556,0.4230040405006201,-0.13235990696366798,-0.17082445620117048,0.9393088242673769,0.31875596754255126,0.9700636652547723,0.9676122980948647,0.9813278763727992,0.9952485658106711,0.01786749255058251,0.8977561939712777,0.8595696439826083,0.89909284879414,0.8550137847989145,0.8216616647184777,0.8550137847989145,0.8471132159281574,0.8275204016091537,0.8174587348919593,0.8275204016091537,0.8951287095613635,0.46191148912601077,0.6497344120077923,0.6970275835575658,0.6497344120077923,0.6829824427190095,-0.32035102450937797,0.6640928304769643,-0.5872163166423106,0.5828172641397174,-0.05134523274689771,0.5092410224666086,-0.05134523274689771,-0.1111068703541473,0.874071281386612,0.8975199163145062,0.8839084712826644,0.7968875289151414,0.18233077762561778,0.8720051335548386,0.8728577272516297,0.8720051335548386,0.8048852035329215,0.8048852035329215,-0.16923961895457662,0.7026344866688892,0.21609195893589642,-0.7328180518448877,-0.6507826492587593,-0.6543295566146168,-0.21670339114694862,0.11180355954669015,0.30315133055892607,-0.08238202738815865,-0.6227359537103656,0.01376203320906216,-0.828849903418893,-0.22149262804500794,0.11734274064916184,0.11902259166815943,-0.632346445430483,-0.5783921965751816,-0.14215188787197314,-0.6057153096966387,-0.8269354296190703,-0.42255126396280485,-0.2616017410648362,-0.42255126396280485,-0.32772396822530814,-0.42636184174798664,-0.42636184174798664,-0.8188121814835837,-0.8188121814835837,0.4712836822961157,0.5986463462832907,0.5207640658741968,0.810385729023713,0.7427663225741564,-0.4112392506040495,0.08233226151415275,0.7437668482801869,0.7618813138977876,0.7437668482801869,-0.07961314963486342],[0.9902511835462174,0.9822201232028526,0.687280261552948,0.9916851413431538,0.9962330264444776,0.9902511835462174,0.997768209945814,1.0,1.0,0.999627668845748,0.9620354822794193,0.9989604158991104,0.9984618109268952,0.999474050450426,0.9992582996346534,0.7848731633745024,0.757658693616308,0.15604524017577764,0.9992796141240032,0.9992814371938996,0.9886574983417037,0.9993752966213948,0.2512588100678404,0.7781108048909792,0.9933676430297985,0.9933676430297985,0.9868186131295726,0.9905687943247229,0.2120057146516707,-0.2133962062219438,0.9877955186887188,0.9912205119449741,0.12354048732967002,-0.2836186052132969,0.9984735373474323,0.9984990581272637,0.47996208090220305,-0.29557247241151574,0.9977475564860456,0.9984891822229902,0.7589853811421831,0.13451056863837518,0.9439935311531289,0.9983087739955755,0.9439935311531289,0.9281200112066486,0.6138686400984066,0.9531159396748092,0.9331734864999496,0.7869212085006069,0.41103950122351984,-0.14613155460142516,-0.18187420821959832,0.9322189284794868,0.29943517408890025,0.9658204906640239,0.9631610536314282,0.9769162076639398,0.9941720014071644,0.009785636092880634,0.8904927201512767,0.8480449322696887,0.8934778759602247,0.8444860440368807,0.8118762372122794,0.8444860440368807,0.8385759339467574,0.8139243641303353,0.8068615383091527,0.8139243641303353,0.8896209809435098,0.4465019778273743,0.633909638571375,0.6837282763139307,0.633909638571375,0.6747575352823886,-0.33295077454034244,0.6543502491832532,-0.5926071754387078,0.5779291841133267,-0.07048977761271188,0.496475734681179,-0.07048977761271188,-0.11633061105008295,0.8677282850176473,0.8889281924007367,0.8759284277224636,0.7847570095820682,0.1650631001957395,0.8662491692663856,0.8672524484908775,0.8662491692663856,0.7923174414685268,0.7923174414685268,-0.18197740472038532,0.7215033464754809,0.2218925633824166,-0.7413061557668215,-0.661642886947916,-0.6650284382405636,-0.23007261884215807,0.10567473971009751,0.2960993746792029,-0.1005536798716945,-0.6340330954621906,0.004653160332801949,-0.8333053664052325,-0.22786622201313114,0.10402856839926304,0.10573359562204936,-0.6422068422730393,-0.5788878008674193,-0.14882129198289118,-0.619625325848435,-0.8255812415553501,-0.43295240705998456,-0.26759640123379935,-0.43295240705998456,-0.34282542161073354,-0.43827861952557584,-0.43827861952557584,-0.8160021413353796,-0.8160021413353796,0.45681101558483717,0.5837362648276572,0.5037402727989464,0.7941567404775671,0.7315174312969468,-0.4303543394486174,0.06972225076975193,0.725884821488572,0.7469504861377302,0.725884821488572,-0.06316633736368825],[0.9902511835462174,0.9822201232028526,0.687280261552948,0.9916851413431538,0.9962330264444776,0.9902511835462174,0.997768209945814,1.0,1.0,0.999627668845748,0.9620354822794193,0.9989604158991104,0.9984618109268952,0.999474050450426,0.9992582996346534,0.7848731633745024,0.757658693616308,0.15604524017577764,0.9992796141240032,0.9992814371938996,0.9886574983417037,0.9993752966213948,0.2512588100678404,0.7781108048909792,0.9933676430297985,0.9933676430297985,0.9868186131295726,0.9905687943247229,0.2120057146516707,-0.2133962062219438,0.9877955186887188,0.9912205119449741,0.12354048732967002,-0.2836186052132969,0.9984735373474323,0.9984990581272637,0.47996208090220305,-0.29557247241151574,0.9977475564860456,0.9984891822229902,0.7589853811421831,0.13451056863837518,0.9439935311531289,0.9983087739955755,0.9439935311531289,0.9281200112066486,0.6138686400984066,0.9531159396748092,0.9331734864999496,0.7869212085006069,0.41103950122351984,-0.14613155460142516,-0.18187420821959832,0.9322189284794868,0.29943517408890025,0.9658204906640239,0.9631610536314282,0.9769162076639398,0.9941720014071644,0.009785636092880634,0.8904927201512767,0.8480449322696887,0.8934778759602247,0.8444860440368807,0.8118762372122794,0.8444860440368807,0.8385759339467574,0.8139243641303353,0.8068615383091527,0.8139243641303353,0.8896209809435098,0.4465019778273743,0.633909638571375,0.6837282763139307,0.633909638571375,0.6747575352823886,-0.33295077454034244,0.6543502491832532,-0.5926071754387078,0.5779291841133267,-0.07048977761271188,0.496475734681179,-0.07048977761271188,-0.11633061105008295,0.8677282850176473,0.8889281924007367,0.8759284277224636,0.7847570095820682,0.1650631001957395,0.8662491692663856,0.8672524484908775,0.8662491692663856,0.7923174414685268,0.7923174414685268,-0.18197740472038532,0.7215033464754809,0.2218925633824166,-0.7413061557668215,-0.661642886947916,-0.6650284382405636,-0.23007261884215807,0.10567473971009751,0.2960993746792029,-0.1005536798716945,-0.6340330954621906,0.004653160332801949,-0.8333053664052325,-0.22786622201313114,0.10402856839926304,0.10573359562204936,-0.6422068422730393,-0.5788878008674193,-0.14882129198289118,-0.619625325848435,-0.8255812415553501,-0.43295240705998456,-0.26759640123379935,-0.43295240705998456,-0.34282542161073354,-0.43827861952557584,-0.43827861952557584,-0.8160021413353796,-0.8160021413353796,0.45681101558483717,0.5837362648276572,0.5037402727989464,0.7941567404775671,0.7315174312969468,-0.4303543394486174,0.06972225076975193,0.725884821488572,0.7469504861377302,0.725884821488572,-0.06316633736368825],[0.9937015221073194,0.9865770835740084,0.6528697700709878,0.9949163368202223,0.9976224805777154,0.9937015221073194,0.9999733342254659,0.999627668845748,0.999627668845748,1.0,0.966677269634293,0.9996977054534761,0.9999745297596097,0.9999739325254358,0.9999773910132208,0.6163190778126898,0.4942042427036417,0.05597768721417963,0.9998371726430673,0.9998380421354762,0.9909355763912722,0.9999718567342805,0.04698783953453258,0.7594139209501725,0.9957194033858535,0.9957194033858535,0.995682525943837,0.992535716395202,0.05786274838283221,-0.1452953675257455,0.9908973853036548,0.9908594915578851,-0.04421179648681274,-0.2410899143926826,0.9994630125718778,0.9994217680799198,0.8380794666032951,-0.45296436547089114,0.9991852902528463,0.9994790262478581,0.5799801923959725,0.03214181542808677,0.9993456779710925,0.9993506805257414,0.9993456779710925,0.9295929382653332,0.6279653052807791,0.9522753294405661,0.9337898972403028,0.8024305836469281,0.045325652521492864,-0.540707916471558,-0.09317830404032294,0.9361938121792115,0.2639492924895368,0.9678766910932043,0.9675858738749273,0.9836565743639961,0.994531499942544,0.9010470916882007,0.8985443100025433,0.910865059191194,0.90016182251814,0.9092791870245567,0.9097786993142347,0.9092791870245567,0.8470558290982791,0.8682892939573887,0.8693629061302429,0.8682892939573887,0.8964781007275774,0.8207609951112165,0.882244250806566,0.883185503737592,0.882244250806566,0.6832765709898896,0.5590570015265033,0.6639608748664091,-0.5783338669024661,0.6316870156619653,0.6049745081190911,0.6049763213613024,0.6049745081190911,-0.06142542359425868,0.8750367182022203,0.8976434395299598,0.8845348199764722,0.9085434956049355,0.09594540244640375,0.8769393913792111,0.8784230543835035,0.8769393913792111,0.881558350971584,0.881558350971584,-0.17068706836882133,0.7034496079849569,0.017029435341860893,-0.7438730508852633,-0.6816528436962417,-0.6831934240492774,-0.22007652538053551,0.11574441429533651,-0.2076873394616884,-0.263346080580743,-0.6581340000003086,-0.4274899563897222,-0.8589486338907186,-0.6173461218199378,0.11647859434343497,0.1186481542940211,-0.6336681300785668,-0.5745639463177492,-0.5758548413617415,-0.6070649718312798,-0.7906882847900734,-0.6360288003646205,-0.6384997662603537,-0.6360288003646205,-0.3294601320615971,-0.4293459469176584,-0.4293459469176584,-0.7718357936729043,-0.7718357936729043,0.46983099821116975,0.5966801728810404,0.8149305399007304,0.8170557226788377,0.740653690050415,-0.43714352916946025,0.6527685264930426,0.6898884040917918,0.6900718075637065,0.6898884040917918,0.156423453614422],[0.9792256616222232,0.9768498820780581,0.6268240113755434,0.9776713961410166,0.9721618209244562,0.9792256616222232,0.9675353819887966,0.9620354822794193,0.9620354822794193,0.966677269634293,1.0,0.9563644438265847,0.9675553291018458,0.967588718332398,0.9673261048749489,0.3629321165021152,0.2401657205629023,-0.17860597617627308,0.9711674404819298,0.9711497211765321,0.9676459520223477,0.9676383626601279,-0.04877044422727824,0.796596642222562,0.9687863181448847,0.9687863181448847,0.9689313465761702,0.92281064619167,0.14581446614009005,-0.13300749408253834,0.9726553977841478,0.9727465869803238,0.09474181606061702,-0.026355412721235056,0.9741218742024363,0.974324045378139,0.9039349858050726,-0.32200534206163295,0.9630069792051787,0.9734667385722764,0.3200157960144887,-0.1979729322201062,0.9750352903488209,0.9750081826838196,0.9750352903488209,0.8541529148886513,0.4419280356141794,0.8775357135071223,0.9254403179877562,0.8882770081513347,-0.45047645292532434,-0.6632663985189629,-0.15901092986450427,0.9087482399459132,-0.04747381690982553,0.93215401405875,0.9322091282917988,0.9474427060369208,0.9708299259727157,0.9034172216327091,0.9067368125956782,0.913334337365813,0.9061188426811703,0.9073841848909586,0.9078243806608899,0.9073841848909586,0.8694135304004952,0.8441030331851507,0.8451124471870731,0.8441030331851507,0.902684822089066,0.9144893993604126,0.9009396831570555,0.9013492562369269,0.9009396831570555,0.7548508103557701,0.7011546594879401,0.7556628408769168,-0.22243842882185802,0.7656986433324356,0.779166509211731,0.7811331076463394,0.779166509211731,-0.2075121305305673,0.9012997923378288,0.9463120257932219,0.9135903143753927,0.9140747687732016,-0.06517865718643268,0.8961850049660368,0.8968558386625907,0.8961850049660368,0.9023060331499124,0.9023060331499124,0.028047436289972284,0.4513392370885958,-0.1550670666707484,-0.6917578564973772,-0.46016292999328473,-0.46292744118466067,-0.10101002687277201,0.4437107367784305,-0.008200272979149607,-0.23632729505073413,-0.5910335693619635,-0.13782848443573,-0.7839050094237778,-0.30262612606652617,0.3091236662165469,0.30952853242112033,-0.4304031142303759,-0.42997354269264115,-0.3998242033910508,-0.4120578228186244,-0.6496362549224071,-0.4185040709598734,-0.42104535083265765,-0.4185040709598734,-0.1654791909100475,-0.47186548177979964,-0.47186548177979964,-0.5421030739501771,-0.5421030739501771,0.5922696119568787,0.6521926302109539,0.7584903337407992,0.7233364719345702,0.8114249498298692,-0.5204925513854346,0.44169847238576626,0.5401222286187287,0.540458669409627,0.5401222286187287,-0.0993177671202029],[0.9882801819218292,0.9873191111915208,0.9945126637273055,0.990906606017252,0.9967138365555971,0.9882801819218292,0.9997295559673989,0.9989604158991104,0.9989604158991104,0.9996977054534761,0.9563644438265847,1.0,0.9997284805758263,0.9997257770427967,0.9997031377029106,0.08709060453355505,-0.01797391450695323,-0.5504833454608513,0.9998331671575398,0.9998347483585326,0.9997324557023868,0.9997315703371524,-0.29503629889671384,0.9746587856976028,0.9951656947358105,0.9951656947358105,0.9951473144800184,0.9939069163315988,0.06188152296415754,0.05526431186306756,0.9928848934513733,0.992930852118372,0.7397375035559094,-0.06093227971560574,0.9992143809360331,0.9991807929476461,0.9990698608843596,0.9994924226333531,0.9995250928179759,0.9992440174511916,0.030712400727362234,-0.5576318803107466,0.9990324073451414,0.9990382630691793,0.9990324073451414,0.9249441554504628,0.47810654641503675,0.9484119661383533,0.9301642766841732,0.8022049125266679,-0.32458356053287224,-0.5732345100446288,0.8454999499846177,0.8738633470591666,-0.3426879420384189,0.943162839964892,0.943342640520202,0.9742493395227231,0.9940373516901189,0.9161688514178239,0.9208264897563669,0.9001736739321884,0.9052766586398571,0.9041094287904599,0.9045202005922783,0.9041094287904599,0.8165005489432712,0.7865791077208968,0.7878553607420109,0.7865791077208968,0.9223292378955537,0.9271252785040874,0.9212977815169657,0.9220803821068556,0.9212977815169657,0.619367401858072,0.571988173155575,0.6484012458767202,0.7146533257547772,0.6297245889815386,0.6543557102188959,0.6564156710511464,0.6543557102188959,-0.22799006815626602,0.8735615655516867,0.8989599776382513,0.8898926200795358,0.9219927350540456,-0.35616809944389666,0.8699134360966428,0.8700773208598864,0.8699134360966428,0.8769493718594887,0.8769493718594887,-0.2210366042634605,0.6979410698475262,-0.3992116384781087,-0.823453727956588,-0.5428193797842826,-0.546071811146904,-0.44475963597121515,0.25522383973862234,-0.31139361544004446,-0.5559498329996156,-0.7846090711847171,-0.41728176022762553,-0.5827292745697292,-0.49336471870630033,0.10943029741290405,0.10777946879006417,-0.560717493095036,-0.5356287464262998,-0.5570617409905831,-0.5931433018977736,-0.5860755009576148,-0.5603863255566228,-0.5636324754386961,-0.5603863255566228,-0.45482117832389185,-0.6429638322090188,-0.6429638322090188,-0.6300962699106168,-0.6300962699106168,0.4655472599314409,0.35577618534279687,0.49736701007557077,0.617732927495493,0.5402821969728563,-0.5726159251224958,0.35884239577328453,0.3006942978000805,0.3009357992767915,0.3006942978000805,0.2847902438651707],[0.9932581456761246,0.9866932153034272,0.6935346557932633,0.9942725807529116,0.9974272684672318,0.9932581456761246,0.9999969527987507,0.9984618109268952,0.9984618109268952,0.9999745297596097,0.9675553291018458,0.9997284805758263,1.0,0.9999917465409514,0.999995650405274,0.7884110998274169,0.7557772483373739,0.17717935059217252,0.9998780012295987,0.999878277253845,0.9910252448342344,0.9999976386268365,0.27589291926449894,0.7758825947041093,0.9916752354117531,0.9916752354117531,0.9883520523960941,0.9926186114385824,0.22902608375955658,-0.20100953609821573,0.9914580033883568,0.9915083603310493,0.14158316813500163,-0.2778939450151753,0.9994025005382975,0.9995253839994426,0.49479839346033827,-0.2898023875594999,0.9992393184716759,0.99951245832112,0.7624442975657412,0.15597552502260162,0.9501946613732005,0.9991785669555744,0.9501946613732005,0.9298940382299232,0.6277223383396008,0.9525648923047383,0.9342168472538805,0.8028944488920331,0.4233449455772887,-0.1319640589098944,-0.17048601932718457,0.9393654352348341,0.3187971607174257,0.9701328011663498,0.9676504060102387,0.9813962587428939,0.9952557983220466,0.018048923232314457,0.8978846651557904,0.8596569163930531,0.8992043857223647,0.8551002084746079,0.8216223810002258,0.8551002084746079,0.8472186829949254,0.8275826957701505,0.817421077147568,0.8275826957701505,0.8952626076299305,0.46182094409724445,0.6497470848317745,0.6969609175206068,0.6497470848317745,0.6830049015240048,-0.32035657111762383,0.6641388753339733,-0.5871016234842714,0.5827698400218556,-0.051450339286325884,0.5092833751781674,-0.051450339286325884,-0.11122008808089771,0.8741656566656313,0.8976474756259346,0.8840124846874747,0.7968847547513154,0.18236153310607617,0.8720974751773352,0.8729450640739516,0.8720974751773352,0.8049535457874577,0.8049535457874577,-0.16917831763478242,0.7026002243900906,0.2161839295454449,-0.7328676563832918,-0.650704013264428,-0.6542555680752448,-0.21678625466700963,0.11170703830664998,0.30329191596322547,-0.08239190568453407,-0.6228071956866881,0.013985691576846041,-0.8286115751313894,-0.22124115982985915,0.11742337993786613,0.11911578012946636,-0.6323224619895823,-0.5781811259443834,-0.14194280529397124,-0.6056636252849265,-0.8268266690956553,-0.42235919691153434,-0.26142889353297266,-0.42235919691153434,-0.32757928957047955,-0.42634021929530924,-0.42634021929530924,-0.8187495199879763,-0.8187495199879763,0.47172728247416756,0.5987441599267115,0.520978146625949,0.8105997792490081,0.7427981550950643,-0.4110561131874271,0.08258896109788395,0.7439787255015332,0.7619718678422456,0.7439787255015332,-0.07963204760382878],[0.9935892176626654,0.9866628971014108,0.6916105360094668,0.9948596183761635,0.9974944784430384,0.9935892176626654,0.9999885988619579,0.999474050450426,0.999474050450426,0.9999739325254358,0.967588718332398,0.9997257770427967,0.9999917465409514,1.0,0.9999894910255811,0.6945045100017945,0.5904255697257152,0.17873606230298603,0.9998999842452889,0.9999006420243847,0.9910136905874596,0.9999893308980159,0.27468490266962436,0.7729076003179728,0.9944668171727523,0.9944668171727523,0.9944371605888556,0.9926113004374764,0.2218714038700503,-0.20176974632079062,0.9919170312339721,0.9919231522971851,0.16260222376251904,-0.27745878251320394,0.9995709674588964,0.999524438640718,0.8684652027782237,-0.3739244052757861,0.9992372268839925,0.999516123580727,0.6663967523832188,0.1575575363855452,0.9994766337630614,0.9994810574548089,0.9994766337630614,0.9297566670666256,0.6278183143752334,0.9524587794891336,0.9340895360420663,0.8027137233832518,0.30612073596978745,-0.2986984378590586,0.13984187256687977,0.9392568615572608,0.31912284306326194,0.9678263122681003,0.9676674247557708,0.9801854869453507,0.9954660193602092,0.9063881656679674,0.8972754075766198,0.9157048610929914,0.8991893047544895,0.9144691775252977,0.9151767364352418,0.9144691775252977,0.8466285345692933,0.8853011192067639,0.8864091682768831,0.8853011192067639,0.8951503680458399,0.8040845504459676,0.8853687565777804,0.8866726156117002,0.8853687565777804,0.6827738143087395,0.5496453300430014,0.663142164970408,-0.5849674428718245,0.5816342916211938,0.5781210699795348,0.5790021027573576,0.5781210699795348,-0.11338501197763445,0.8741063179110705,0.8974299545509962,0.883666063760781,0.9123431948728168,0.18406842894822106,0.8720897513424811,0.873143662135259,0.8720897513424811,0.8802591567944149,0.8802591567944149,-0.16946495666575634,0.7021560758347403,0.11630351591180825,-0.7320738105725659,-0.6503793185720912,-0.6536388793947874,-0.21681863568271187,0.11109762532084196,0.07474613665860066,-0.08098431431900072,-0.6217478191418085,-0.1750689554432695,-0.8379556373017037,-0.4360943152632034,0.11673409967209941,0.11893831289234483,-0.6323579791083461,-0.577484352552582,-0.42822213999954234,-0.6054436314381735,-0.8190729431030535,-0.5360612170424918,-0.5323317023117774,-0.5360612170424918,-0.3270119386512796,-0.42645381843935487,-0.42645381843935487,-0.8098895803215304,-0.8098895803215304,0.4696208093540694,0.5984273012221824,0.8192642738451636,0.8139122955129816,0.7428875853752749,-0.41077349937718655,0.7052221417748704,0.7307093940372377,0.7308078846233822,0.7307093940372377,-0.047095248850347736],[0.9932993819758928,0.9865634807649291,0.6936372220060266,0.9942928213665616,0.997448748587089,0.9932993819758928,0.9999941525585677,0.9992582996346534,0.9992582996346534,0.9999773910132208,0.9673261048749489,0.9997031377029106,0.999995650405274,0.9999894910255811,1.0,0.7759610208995577,0.6933903951597945,0.17732740248984627,0.9998809281047953,0.9998810993192039,0.9911425196158185,0.9999955466556594,0.2765453217767294,0.7757331278173113,0.9946294746570505,0.9946294746570505,0.9945481589246982,0.9925566020981719,0.22930775897495898,-0.20102666935573554,0.9923848534499254,0.9924281381322997,0.1422951992938366,-0.27773047967179565,0.9994449229877638,0.9995250608587728,0.4939085641240589,-0.28912682163791037,0.9992051606057973,0.999514779715784,0.7591313403493934,0.15614342725481384,0.9498004049159992,0.9992257467765319,0.9498004049159992,0.9300944848801217,0.6283243589982762,0.9526585126840466,0.9342824406163089,0.8026716697202642,0.42459004595417194,-0.13056727481932107,-0.17071600821680447,0.9396579982726859,0.31905678378801045,0.970485296413914,0.967912345703445,0.981625625775908,0.995298068309105,0.017097010948502543,0.8981040724745271,0.8595606449049342,0.8993858184174048,0.855031332203223,0.8212096624455533,0.855031332203223,0.8473878637552915,0.8274962346240211,0.8177029161257716,0.8274962346240211,0.8955146251515427,0.4611982555406448,0.6493004637703895,0.6969402346119506,0.6493004637703895,0.6828966224174775,-0.32143564149855613,0.6641152183368507,-0.5873067421810189,0.5824631093837888,-0.05236600140981787,0.5089628429438864,-0.05236600140981787,-0.11119043538939614,0.8742740485742315,0.8974637152600972,0.8841396580536408,0.7905194505485623,0.18273030837831153,0.872160897064318,0.8729998974697902,0.872160897064318,0.8047707198112334,0.8047707198112334,-0.17038514268125837,0.7033146384830068,0.2166517715920904,-0.7328293506933987,-0.6510261583348224,-0.6545813410784184,-0.21775046942738582,0.11065203374421104,0.3036183943469934,-0.0827272610097503,-0.6229519942313786,0.01409747912532766,-0.8279298113230897,-0.2210662852612048,0.11657971408587003,0.11827115756549902,-0.6328443891344212,-0.5783560143554021,-0.14140090496904356,-0.6066430670267968,-0.8268668092129089,-0.4222949997145697,-0.2609117405480002,-0.4222949997145697,-0.3283625787163862,-0.426726986589249,-0.426726986589249,-0.8190873230406812,-0.8190873230406812,0.4718709300614361,0.5984427961843958,0.5205458811844201,0.8110034437762916,0.7423072001092017,-0.41066131779006565,0.08199225020455095,0.7443851871544949,0.7625707951258668,0.7443851871544949,-0.07939365557379972],[0.6851210094149808,-0.031372936889616246,0.35615248579317055,0.6840685429121335,0.5635775455016809,0.6851210094149808,0.7884514615276802,0.7848731633745024,0.7848731633745024,0.6163190778126898,0.3629321165021152,0.08709060453355505,0.7884110998274169,0.6945045100017945,0.7759610208995577,1.0,0.9912231134179242,0.4306314957934283,0.7504673767442608,0.7504316410280716,0.6615557687613371,0.7744301401566305,0.33672627554196877,0.3237737319281692,0.7653009045157254,0.7653009045157254,0.7494047182513575,-0.31338947618945845,0.19504245326632477,-0.15572074593528146,0.8207976586781399,0.8171908071391046,0.16241472833899911,-0.20710266832022647,0.7829044201182352,0.6462812626041251,0.23911030912756365,-0.31695202406104844,0.10145858517794441,0.6070259224457235,0.9982969058566742,0.4138953333112232,0.7075371247036466,0.7824604299335324,0.7075371247036466,0.04203768578086936,0.501802426293298,-0.37194275983451636,-0.39556402048510303,-0.07392155133771404,0.38903359369384644,-0.05307844518026941,-0.2117256721117029,0.6339803281778742,0.3965486298632176,0.785677950898352,0.635781303422256,0.7398564458174989,0.7641486170814558,-0.10939580736456614,0.014601620345757864,0.5097936594550662,0.34744578585277