var element=document.getElementById("correlationAdjClose");if(element.style.display!='none'){var correlationAdjClose={"data":[{"type":"heatmap","z":[[1.0,0.9999953275606952,0.9873869512194752,0.9999406309729606,0.9992240979760286,0.9817223341888961,0.997890710665691,0.996599373595232,0.9720594084352453,0.9967028325230772,0.994961865474965,0.9941929304824288,0.9966761453413739,0.9966911532246746,0.9966376546688016,0.9978702464809595,0.998248171029431,0.9983363874072614,0.997062957636891,0.9970721195529435,0.9969750418780896,0.9966532353441391,0.9891595561769692,0.9740040825913977,0.9916287394826443,0.9583256242349226,0.9908500423875661,0.9895598560927534,0.9707824140000306,0.9549490699404676,0.9913049582289988,0.9931712905749224,0.9930762013497928,0.9809232227626832,0.9978049077807767,0.9978494972156369,0.9977158114152631,0.9967833035343666,0.9956730552850399,0.9977639132416328,0.9986269003881313,0.9986554189029238,0.9978156111446174,0.9978236272255854,0.9785093642265206,0.9376609019796492,0.9600623720236736,0.9557242825968592,0.954542776848064,0.9358667244817602,0.9661278363114019,0.9552640016921711,0.9680598432767732,0.9721965594708136,0.9608779634004272,0.9850885760925076,0.9835319853715622,0.9916303882067059,0.9936104022414878,0.9888646708345138,0.9850551587689025,0.9885437426394619,0.9881343155210187,0.9890880247606866,0.9890069556330167,0.9519562870695801,0.9790019190500681,0.976445452918836,0.9763153178470181,0.9331015922729612,0.9845856985512934,0.9811839643371209,0.9875790098586368,0.9870111826068438,0.946110044539598,0.9091690235350799,0.8835335367117884,0.9229611443326646,0.937365286770709,0.9359985615567937,0.9357694994072686,0.9347037627896801,0.7622302314746983,-0.5040119160115564,0.9818807704001438,0.9782745027512297,0.9760326270164801,0.9894112474301703,0.974514316416444,0.9851443896942836,0.985151746279737,0.9429069325518465,0.9861758959746306,0.9450959195967454,0.828622115529068,0.930377824205704,0.9422575078586944,0.8450337900461957,0.9602321028802643,0.9608817663782336,0.9044242588754482,0.9709004427865046,0.893955694020609,0.5522555020907965,0.7375494335058461,0.90155826772035,0.8753401018348576,0.8931632795095896,0.9774969697202419,0.9776185535854081,0.7935207425696719,0.7684237437259553,0.8239997422566601,0.4953372117333336,0.8117748425105191,0.8279945672458086,0.8230591404795511,0.8175292050761207,0.8063466364623033,0.7589167407443639,0.7447794297181299,-0.31192199136021054,-0.45193721582551544,0.7677598862552425,0.8951500682060797,0.9279065104326824,0.9423732706500196,0.907483947294769,0.8393472929378961,0.9114006599968165,0.92218588378642,0.921974949759165,0.8619107596168304,-0.10626886108249933],[0.9999953275606952,1.0,0.9918140569735795,0.9998815842066446,0.9983508499217334,0.9895700888304417,0.994385677976372,0.9925718826217045,0.9892983138993631,0.9925725991823325,0.9926084892849085,0.9936150454146344,0.9926397661942112,0.9925324599645526,0.9926174726471032,0.9944930577919003,0.9964857736924861,0.9959445112799259,0.9941544149600665,0.9941610558961789,0.9926055190915202,0.9926470532209892,0.9935758612277147,0.9804458820872654,0.9901805892614444,0.9827135164981481,0.9902777838791932,0.9894998887808463,0.9823531320761264,0.9442119021439378,0.9896004509750931,0.9881431243782419,0.9845739184735468,0.9511914195994808,0.9952896651153273,0.9952625748567687,0.9955051174544731,0.9929019293131196,0.9951690518461621,0.99552595672915,0.9967037445125159,0.9968929536549316,0.9955086006871505,0.9955188973090491,0.992523109488306,0.9372768180551025,0.9192016801539222,0.9555383422092363,0.9545158341414006,0.9358512803658717,0.9114291665868763,0.9434679884063407,0.913034643306672,0.9388942568953937,0.9116040089394738,0.9646861958362509,0.9646810961117475,0.9778737380717217,0.985344503943716,0.9863856288236157,0.9873613870250888,0.9812129936127031,0.9850837403010179,0.9822342952413916,0.9821456010560335,0.9477516280321371,0.9692616779632389,0.9380940462396983,0.9378950103940771,0.8753429750540032,0.9849655016806612,0.9859296766521234,0.9860782665109752,0.9857741947803197,0.9628703817341945,0.8441973243911356,0.8193011982874993,0.8834265585255685,0.9288828219125825,0.8980332406293027,0.9138431075242034,0.9130534500353825,0.8202004578738292,-0.0061386188752718404,0.9751697162229932,0.9769587810386411,0.9749065528304066,0.9867047953977354,0.9708925166945239,0.97709753023267,0.9765907103940595,0.93891296023114,0.9780615617530819,0.9401202053302957,0.7803769528278297,0.9300183647542888,0.9315257067242305,0.651268347512071,0.8797936750928507,0.883054963652297,0.783124415893374,0.9702550799490577,0.758771483408243,-0.3400450660223561,0.2961200427909658,0.7831010969819935,0.736535736010441,0.7762216869337105,0.9717362380749259,0.9717507907999853,0.2663332945256387,0.43794159621852075,0.27421392137099593,0.24529375295366557,0.266753748524844,0.27858974381561763,0.2755083867691631,0.19571887220309245,0.608212579101192,0.34317549852626,0.2934698991239359,-0.4391426454659969,-0.4901753689798604,0.7669469499134012,0.7847217534217857,0.8056080758286173,0.8721754861923022,0.8389893367758382,0.6586183756650726,0.8091048898740677,0.8018676270295698,0.8008948911311364,0.4893490110585525,0.2802865953443424],[0.9873869512194752,0.9918140569735795,1.0,0.98853705108143,0.9936560997731505,0.9911288186519643,0.9891747787307348,0.9900383127007584,0.9916262822119909,0.9925975984369318,0.9964977741941486,0.9957908780681951,0.9898759117273384,0.9918447885145649,0.9900877007689272,0.9896561995208604,0.9908796029987699,0.9898794594085204,0.9887062256775687,0.9886695177147622,0.9915204354315141,0.9899065243021073,0.9956370648984877,0.9864561033103432,0.991664257788107,0.9810527721142552,0.9923161417400128,0.9899446031367509,0.9875250251735362,0.9631280522453393,0.9678407290116366,0.9723824963248575,0.9775800328064624,0.960288049099258,0.986637278254099,0.9898019371521544,0.9881953939969037,0.9916410819337778,0.9948220437523909,0.990673822881036,0.9849043587261685,0.9880107123375214,0.9870757507598537,0.9864579391492586,0.9930777325298608,0.933980737085437,0.9462781629361691,0.9615361843544845,0.9484131611479018,0.9052199941589417,0.9250826474219932,0.9137488912120205,0.9280517012597187,0.9401408343558468,0.9228490337901539,0.9517521691556056,0.9624584175631413,0.9695886842001541,0.9758698395201608,0.949277323008112,0.9722775618622762,0.9710271401307273,0.9767042125413924,0.9712286313110454,0.9493241746071075,0.9320067129375575,0.9586064348604244,0.9493193013574444,0.9335734083167483,0.9041630421617912,0.9772073905488141,0.9585007116848474,0.9698106133213997,0.9506995663921872,0.865685636633688,0.8836296798258286,0.8084808094138276,0.8981876794146292,0.9161573716348486,0.918796196321338,0.8871494672982362,0.9009605236700609,0.5095832079728517,-0.48353379850817707,0.9686574424438484,0.9589624817229758,0.9582816686051215,0.9491132106455289,0.9633786728414226,0.9708734290737658,0.9705663241126735,0.9389930268267183,0.9671298445840775,0.9020094014655897,0.8155924641568828,0.9603184900109014,0.9605390274387057,0.831392774847543,0.9488736720112659,0.950286723058011,0.8777876130497043,0.9807818801877937,0.7743763373059307,0.45740117615685666,0.6848122896058528,0.7985643788329886,0.8040386999235363,0.7794024241831874,0.9822510559612788,0.9822302157905396,0.7283138411116132,0.7222080367174517,0.7095442392719933,0.4508853856003659,0.7162949713605486,0.7174956059118686,0.7218814212602489,0.7187086781358643,0.7736675134785845,0.6994165870505311,0.684507018191764,-0.3647251001861958,-0.5045710941601766,0.743301084229469,0.8606261713135398,0.8746553571433152,0.8901013503693953,0.8820059997102602,0.7785792347873736,0.8597433010407503,0.865875347601236,0.871620739402888,0.7434014613953914,-0.030860866918029233],[0.9999406309729606,0.9998815842066446,0.98853705108143,1.0,0.9994223061371592,0.9827052743836714,0.9980741807955186,0.9969344233999068,0.9739133486544925,0.9970869510520812,0.9955735390018805,0.9949663101873869,0.9969957257651711,0.9970961852928496,0.9969722476570859,0.9980819887473577,0.9985216652318036,0.998543082880273,0.9973523433212124,0.9973600235786536,0.9972985474616984,0.9969774100265782,0.9901707840970955,0.9752043907593015,0.9924346380450253,0.9605013280743462,0.9917458405683881,0.990935237621232,0.9724835216316233,0.9559828892376626,0.990675097997555,0.9926974707076043,0.9929940807129343,0.9805708539437167,0.9978483971286038,0.9980098008207239,0.9978840231104046,0.9971509316785078,0.996112988831324,0.9979579362777464,0.9985190077641561,0.9987138023124429,0.997856540782134,0.9978625025345641,0.9800476713618709,0.9349778961848807,0.9583217953355113,0.9553542991740781,0.952583156263226,0.9311417501646376,0.9635092909618754,0.9523357791907564,0.9653650050506979,0.970149509544981,0.9585234723988378,0.9832147201916348,0.9822767015431271,0.9908570035719884,0.9933804320692644,0.9877388328435168,0.984118112115287,0.9876012011031111,0.987642598004692,0.9880807143700777,0.9879914620916218,0.9451636526918712,0.9779981277924853,0.97539191434314,0.9752535975690138,0.9296970642163126,0.9841924754897191,0.9789677046697537,0.9864488976262062,0.9858522332526443,0.9312951205008013,0.908069600004907,0.8806957834459969,0.9216516296487751,0.9351820685359066,0.9356528009535328,0.9338689666161005,0.9328341940352498,0.6888820754952236,-0.5034117922662497,0.9812146975619234,0.9772513571616517,0.9748219246594162,0.988287372304854,0.9740175739910523,0.9845723927071943,0.9845768134975086,0.9426485989587046,0.9850878369766359,0.9348004723160206,0.8314757916715843,0.9343424152655395,0.9455219816009874,0.8463704472326629,0.961268477123086,0.9619395426440949,0.9040293550990847,0.9718920994845,0.8880352108856293,0.5487568978281689,0.7359433003820105,0.8962497346873811,0.8716875449658157,0.887584616037742,0.9781786091247006,0.9783067765721136,0.7924245364994632,0.7685903491550374,0.8162386829194148,0.4967202337167112,0.805871427535304,0.8199677030014935,0.8149650329040361,0.8121527779939849,0.8082750125468865,0.7588335499135599,0.7447580564470372,-0.3073321799084825,-0.4512195348646255,0.7666236033623555,0.8936594420918806,0.9261190835964448,0.9406239439960399,0.9065566402705583,0.8368614064426055,0.9094815263807855,0.9200220787407669,0.9199609321746144,0.8553750870067852,-0.09954047718169486],[0.9992240979760286,0.9983508499217334,0.9936560997731505,0.9994223061371592,1.0,0.9845353061374723,0.9989939487468182,0.9986427923904716,0.9842350800718628,0.9986386012163104,0.9983045465196836,0.9982222604593909,0.9986516240536591,0.9986626150958073,0.9986721958792719,0.9991243107686474,0.9989475329673951,0.9992647381228305,0.9988739479707239,0.998872959669972,0.9987014823160998,0.998654139720077,0.9949755764302047,0.9815613890671275,0.9955980268812787,0.9747433948786505,0.9956077553464259,0.9931366845189944,0.9829148886544492,0.958082691858382,0.988917329791681,0.9916874674315693,0.9908476475152991,0.9743256481062724,0.9988388087891797,0.9989122492113801,0.9989577455437901,0.9987713512076971,0.9986917147619765,0.9989162024824063,0.9989753359030727,0.9991889817077785,0.9988773934231568,0.9988759600264544,0.9880411263608044,0.9425260130705647,0.9577347622258575,0.9592110276517306,0.9504799682116329,0.926476046406929,0.9551174018261869,0.9513576622067226,0.9591666934974498,0.9654800541308025,0.9542087997862337,0.9823856226905574,0.9823065478077346,0.9914477547108124,0.9934485893134734,0.9841754499627205,0.9782750888595072,0.9816992791620192,0.9840402360678547,0.9821633843648848,0.9820546128092562,0.9414905776214475,0.9705659285649039,0.9594292545421381,0.959282759089398,0.9031693183925521,0.9814056561049862,0.9777539001488811,0.9829288963462087,0.9822270388919904,0.943686559320011,0.8917026636011166,0.8637799157497338,0.908708781601739,0.939672997757809,0.9281131839808308,0.9333984530256145,0.9325755468144737,0.80873881472028,-0.4805225405518789,0.9754149666536382,0.967425477986449,0.9660997107434092,0.9848833162744891,0.9646777614574448,0.9785952909100974,0.978351486242652,0.9344469123901022,0.9795448413270371,0.9355277920518559,0.8228873482309336,0.946386891710358,0.9624743935915072,0.8189976427059027,0.9518956384481311,0.9530805447033848,0.9004455601901032,0.9761580593366619,0.8949437576778845,0.3852642510973625,0.6883063640092174,0.9008583109107112,0.8597349479820112,0.8974855540901163,0.9816039421535184,0.9816962610380698,0.7639010696011389,0.7557619358035882,0.7677365842304865,0.47802749535074185,0.7317944635996035,0.7714969996705126,0.7676068515745186,0.734314155687502,0.7986322720407217,0.7477499193241312,0.7328100393738294,-0.4973956898350278,-0.5805016665519382,0.7598894640157905,0.8909253478660831,0.9174673932648599,0.9405753014003082,0.9069502145561109,0.8254097114665,0.9072346593242142,0.9129289789853795,0.9123848445810111,0.8028570897823498,0.11043665423089837],[0.9817223341888961,0.9895700888304417,0.9911288186519643,0.9827052743836714,0.9845353061374723,1.0,0.9774177340963097,0.9790916806817683,0.9941710241328839,0.978636943360842,0.9755072410444422,0.9751483347099656,0.978876603906126,0.9795862213419348,0.9791563008465043,0.9788874334578846,0.9830002112989396,0.9796015925919096,0.9793553729542608,0.9793656752699273,0.9780048903382026,0.9790354097166444,0.9931209215258159,0.9940608145645312,0.9825402101833736,0.9891630097593819,0.9831883131040781,0.9792913382610442,0.9891241504079651,0.9767161907119881,0.9528793354490352,0.9595988310771059,0.9712048635774402,0.9647644725374863,0.9770965939260137,0.9777037303207622,0.9785805999015216,0.9798686068877661,0.9761927073692334,0.9782970304589482,0.9766857144163195,0.9786241070602157,0.9774741301722685,0.9774875204533454,0.9963719604973073,0.9015333023056008,0.9367359159664469,0.9469615143080274,0.954858982892009,0.9188546383481248,0.9169699663218585,0.9134694269753703,0.9202170337558494,0.9414493633633053,0.9191558820918132,0.9458908225947363,0.9531593029755805,0.9598416885070702,0.9625388315202491,0.9738773419893806,0.989890397917115,0.9780613958562366,0.9867206104355009,0.977639374743625,0.977153913085937,0.9792671630114566,0.9769221318603057,0.961658794905535,0.9611863571927837,0.9538272230024243,0.9850420318274828,0.9785093108645463,0.9741636951121326,0.9731807701847514,0.9726159428724946,0.9240119464218715,0.8873278735530464,0.9370167836265887,0.9343672206891721,0.9436172688607731,0.9253707164473765,0.923493198241566,0.8054119286046733,-0.429997461489393,0.9860961428547439,0.9882671559195417,0.9851781936113418,0.9746173770119223,0.9804723792346515,0.9845106799321762,0.9841497573006888,0.973729440533108,0.9751405672128505,0.9734791607174902,0.8300910873980698,0.9095191931702394,0.961675303714292,0.8614021074201927,0.9468774135586941,0.9477574815209548,0.8618807921954228,0.9568096930950942,0.8242320692912157,0.45884780055365626,0.6941065786654851,0.8345564474256878,0.8160509560042066,0.8248017464687788,0.9556581556726869,0.9556679786347035,0.7396079221814259,0.739953349445614,0.7430107970223842,0.49787783704442556,0.7461027319176862,0.7478889006719004,0.741691347062976,0.7417794777212919,0.7818717844877718,0.7106435055735008,0.6996855683965426,-0.3315751601467858,-0.46049694320179824,0.7759408728653279,0.8517936256809019,0.8572090137614481,0.8819405989499651,0.8592232242864246,0.7916201740287377,0.84512761878668,0.8505869350663898,0.8505122361814607,0.7986501710735385,-0.05131728537528754],[0.997890710665691,0.994385677976372,0.9891747787307348,0.9980741807955186,0.9989939487468182,0.9774177340963097,1.0,0.9977945270955273,0.9562069472302824,0.9996630882210823,0.9996464412998648,0.9996797705266761,0.9986173789551801,0.9995308722383894,0.9992937047966536,0.9998960862981117,0.9970282309504108,0.9999070682690168,0.9994678631696734,0.9994719861680523,0.9997518081178467,0.999416942568722,0.9904537193919206,0.9738260195833826,0.9868898182536425,0.9256126263826104,0.9940048925585868,0.9932374184054346,0.9728368511571387,0.9501818225681071,0.9914112012475518,0.9921668682683583,0.994320675307526,0.9784327698393597,0.9991374572670411,0.9998737973473572,0.9997539073834616,0.999526748389159,0.9998094503572753,0.9998620373643559,0.9987108599439415,0.9997681258441248,0.999472522736053,0.9991736617761715,0.9786392778049793,0.9478870268551557,0.9596146058313748,0.9608543748745986,0.9490434769562979,0.9241858821092795,0.9606791112587717,0.9520198110553741,0.9630864274956493,0.9678512955430283,0.9585350524923487,0.983209427903194,0.9836730772984428,0.992823236583809,0.9962943253748037,0.9573720168630078,0.9660435500388986,0.9744737732355087,0.9757800642031556,0.9758828693093695,0.9573158878907532,0.9043934592170468,0.9612929272333443,0.9631245771484798,0.9490011054257931,0.8864555095234617,0.97214579867583,0.9506149670023273,0.9729088778980106,0.9576471711794213,0.8223909348497587,0.8821797325745591,0.8196762082431353,0.895078410438771,0.9120866512986604,0.9161339234694846,0.8981682609828886,0.90852951580562,0.4524202677782728,-0.5407507447325787,0.9657161861091024,0.9533502211486568,0.9531548096531971,0.9585477929750814,0.9597360638740338,0.971591930896813,0.971686466824863,0.9213732077490872,0.9706927291319865,0.8682062292450098,0.8165147725577454,0.9469681591683378,0.9431335344401023,0.8323829863752952,0.9589188154168217,0.9597115013527556,0.9052480934249476,0.975899584932197,0.8336826158643791,0.5491833477958686,0.7318184976640704,0.8589129842045117,0.8555869356978861,0.8403601274017719,0.9822821535129109,0.982430511406639,0.7868915358019822,0.7540536087422764,0.7826038106050945,0.47153542576474833,0.7872341954607206,0.7973247903712773,0.7871324863305473,0.7972589977318505,0.797024318587912,0.7551725384645454,0.739240071726179,-0.31820111985904787,-0.47017805560174486,0.768404332360115,0.8965355562210362,0.921188897157171,0.9431692161204688,0.9143457868946713,0.839643393322596,0.9116111756289317,0.9264739085760126,0.9247782700744116,0.7871218937854048,-0.07478732749227589],[0.996599373595232,0.9925718826217045,0.9900383127007584,0.9969344233999068,0.9986427923904716,0.9790916806817683,0.9977945270955273,1.0,0.9664659332341882,0.9999998465445266,0.9999994078382093,0.9998052795414989,0.9999971309183072,0.9999936980436915,0.9999983744938764,0.9994131655325761,0.9925169379261917,0.999536650143576,0.9999184889136988,0.9999181438515948,0.999969345703661,0.9999988770593534,0.9911169423309883,0.9757744811603547,0.9933495387841706,0.9393562935316483,0.9945110150605223,0.9919418634933224,0.9751092174014242,0.9502950978716359,0.9878165997260014,0.9937434937218553,0.9930558111260569,0.975925149740682,0.999507369720621,0.9996251049652312,0.9997158260314248,0.9997728650802777,0.9993904299027764,0.999575427073612,0.9984339649652021,0.9990046398620629,0.9995827288666561,0.9994610650743075,0.9804802359277799,0.9478615083417102,0.9575626152716155,0.9637309061807747,0.9489123976691718,0.9168075926614669,0.9589527031354762,0.9480071223082125,0.9610633925272425,0.9632056002942639,0.9533246015496677,0.9813095834253079,0.9811601368028052,0.9919193018632413,0.9965575716729004,0.9534553886236234,0.9635619194374001,0.9701375949679655,0.97384664946248,0.9718504548886255,0.9561050170022858,0.9006267045044615,0.9581953248687498,0.958491943387175,0.9450228992495869,0.8796648311288843,0.970403351967345,0.9459995169170389,0.9688575756070874,0.9539920795006255,0.8138306701643608,0.8773944672485815,0.816499245422091,0.890091680230186,0.9070853721803743,0.9133396070801846,0.8949064743582105,0.9035399912955482,0.4390357251236015,-0.5430020224183115,0.9631456807878638,0.9497586414313501,0.9495109414749908,0.9570043448198465,0.957264432137971,0.9691280926628181,0.9692136319758853,0.919401845438425,0.9659810589007013,0.8618145774520333,0.8144856015216718,0.9570289702850527,0.9523338801591965,0.8304971692549198,0.9589580867130284,0.9598776692710007,0.9028179587915638,0.9791946011587718,0.8357136294495056,0.5348826721102033,0.7238197296640625,0.8591810352519033,0.8522765735452377,0.8416988191554835,0.9842829161519582,0.9844330408472997,0.7787216585286412,0.7476032794933762,0.7831511255962669,0.46130237597183077,0.7821836556435855,0.792575625039172,0.7868554345106751,0.7916465006154476,0.791811477423263,0.7499193468678115,0.7335116557288064,-0.33249932363489204,-0.48331112410935595,0.7592575613931891,0.8899466279262106,0.9184322540016835,0.9361205089405306,0.9092148699912537,0.8300961332395548,0.9054763786327792,0.9203437217343032,0.9188543863862418,0.7700178477096811,-0.05841756362153992],[0.9720594084352453,0.9892983138993631,0.9916262822119909,0.9739133486544925,0.9842350800718628,0.9941710241328839,0.9562069472302824,0.9664659332341882,1.0,0.9815438833023645,0.9864738546163987,0.9890809885539084,0.9700288505179595,0.9784514217704924,0.9748755818151583,0.9732225946307972,0.9508856799879833,0.9780607088854937,0.9754895377875463,0.9754592391677382,0.9800208972000437,0.9747269942540608,0.9938841995749188,0.994231139291442,0.9802456159147427,0.9902382041375651,0.9835474691390962,0.9927395053844147,0.9918552988139125,0.972512936300469,0.924807586203907,0.9464503750436655,0.9651015770166936,0.9545474128362239,0.9692972258384263,0.9779676108742436,0.974466276189733,0.9767710418359336,0.9880703119364714,0.9793151954500752,0.9661233436810077,0.9757250311718335,0.9702529860171273,0.9692722397079452,0.9991502453718929,0.9176291105733696,0.9322424306316999,0.9621878485471353,0.9536040743119408,0.9034389199649673,0.8890752943593637,0.891529985166823,0.8933563001727529,0.9251174505982726,0.9030595581854347,0.9295071241538712,0.9475787616539421,0.9521606051245202,0.9578813745355761,0.9146471574953041,0.9745045374585564,0.9558973048303225,0.9723805890408994,0.9558109203388165,0.9157081374385737,0.9314282928784186,0.9553428425610799,0.9327693864834288,0.9004668517892592,0.9022920065298132,0.9734473718823099,0.9316192891284137,0.9510738340242622,0.9164183360659144,0.8605305241047219,0.8847303296193081,0.7752948432034619,0.900085183037824,0.9022643981393991,0.9150791458650501,0.8661175173875338,0.8841392237632761,0.4987322999094785,-0.4587032682879388,0.9665426896771396,0.9633797107435331,0.961089002584573,0.912285026585877,0.9585815109399174,0.9646474367251142,0.964132630806484,0.9475663970297243,0.9514577357889153,0.8994167131641031,0.8195482248719658,0.9470349369084434,0.9659481667231342,0.8405412929683888,0.9410468556138037,0.9424161501432753,0.8540334711659328,0.9670876774074975,0.7387249835038252,0.4168223336453726,0.6648277137234332,0.7730017631841842,0.778787327390602,0.751198302205805,0.9661847543922409,0.9661496226155015,0.7077902678998264,0.7109005888517408,0.673032844706922,0.45756709212991414,0.6959305435440014,0.6928314664941754,0.6710615727841446,0.6944690087653823,0.7644480537905287,0.68987035105857,0.6763844256345393,-0.36883021455772874,-0.5044168011703654,0.7728068123590549,0.8434461771473496,0.8263007094866476,0.8636231217995302,0.8597873364194079,0.7690387061665667,0.8154671981303544,0.833186251238122,0.8265626722815271,0.7148142055935873,0.008694801997480591],[0.9967028325230772,0.9925725991823325,0.9925975984369318,0.9970869510520812,0.9986386012163104,0.978636943360842,0.9996630882210823,0.9999998465445266,0.9815438833023645,1.0,0.9999992127651698,0.9998094126372578,0.9999986040622801,0.9999927551423885,0.9999980300182149,0.999724962119058,0.9980742596048885,0.9995374751152024,0.999899041834085,0.9998989578960229,0.9999805227604831,0.9999994116260796,0.9936064780917787,0.9777039188375501,0.9964509849950329,0.9699004146797702,0.9964810259195381,0.9919447612172835,0.9794326744063089,0.9518243238329471,0.9899072431889924,0.9938145390375394,0.9909915568076191,0.9731618039849099,0.9995587747436917,0.9996211300256538,0.9996374000119214,0.9998553895842075,0.9994002061534671,0.9995823078756881,0.99868418316484,0.9990492369505468,0.9995705874621408,0.9995665270149082,0.9850314820739906,0.9477547429838755,0.9575866565802117,0.9636984619782821,0.9488836648411315,0.9168903027606035,0.9532283654801914,0.9458391719373893,0.9567447897083167,0.9617965695476255,0.9519519339815884,0.981276271413274,0.981191384561982,0.9925808247543494,0.9964040223044727,0.9752858584329354,0.9634630106212059,0.9726520339628886,0.9737916597340975,0.9732841110072944,0.9731343660217198,0.929355602577016,0.9581258697272015,0.9506902717032326,0.9504758705125632,0.8921909170856434,0.9703233190827598,0.9687502773443464,0.9741894018581088,0.9733396571928529,0.9304816379972464,0.8773958300146355,0.8441667411563702,0.8899491298802539,0.9239784959544239,0.9142621117068063,0.9187374842907247,0.9180836057305324,0.767884177499068,-0.5329452952128821,0.9631014623652414,0.9497260097267435,0.9494919185058761,0.9761742847081523,0.9529104162913774,0.9688824873428515,0.9686286099792799,0.920133545794124,0.970021134571841,0.9214585704908791,0.814480112693888,0.9568252634041476,0.9627220056130433,0.8179591016966238,0.9539221347692274,0.954970245188355,0.9028918845566509,0.97853113865211,0.9030511244445653,0.4294661214883353,0.7044723232494363,0.9089107156165632,0.8675753924441971,0.9054000739719573,0.9842557723072763,0.9844248676207942,0.7787925271105993,0.7473887465725038,0.7819908082840941,0.46139513883739003,0.7467784334631207,0.7861509484362695,0.7819162994074007,0.7515270933402016,0.7915816030594524,0.749868548647919,0.7334307289152452,-0.5402558622864323,-0.6234479927140866,0.7584253669594954,0.8898781067078771,0.9207996471995877,0.9424422350762328,0.9091861918102462,0.8276183153843837,0.9074875209866956,0.9156559251443206,0.9151564272011704,0.8138821727491201,0.1675110979346326],[0.994961865474965,0.9926084892849085,0.9964977741941486,0.9955735390018805,0.9983045465196836,0.9755072410444422,0.9996464412998648,0.9999994078382093,0.9864738546163987,0.9999992127651698,1.0,0.9998079417452428,0.999996646455684,0.9999954166283916,0.9999985443354054,0.9997125390302385,0.9978917120991353,0.9993368620834423,0.999818847746736,0.999818886560748,0.9999985615338234,0.9999985683661604,0.9933059188313843,0.975159188423007,0.9957456090232475,0.9777896094537015,0.996212122925341,0.9919585770931999,0.9818133039437542,0.9468305723764947,0.9898771476591424,0.993745987884298,0.9860762537358718,0.9532640589022073,0.999397858243859,0.9994462173699515,0.9993991028880621,0.9999117664737417,0.9993873377860456,0.9994078912027999,0.9982702722455096,0.9987413968947128,0.9993809934836554,0.9993791143842857,0.9877743514829352,0.9475324666367853,0.931653697951438,0.9636735048370366,0.9488401357693553,0.916688270184434,0.930444205656998,0.9228558767139058,0.9341177739753328,0.941381089326621,0.9291841940898768,0.9758494262095697,0.9758310579330477,0.9917972887143132,0.9951179439157416,0.9687442945638757,0.9636035436359672,0.9613646853270407,0.9663174848078817,0.9623428742193083,0.9621317809654903,0.9103259244239513,0.9490258935777247,0.9165978628634099,0.9161766626165359,0.8352751531447932,0.9690586100953985,0.9735464468913666,0.9706026500086229,0.9695852973126122,0.9267866109689308,0.8290052827660718,0.8005962940726644,0.8626805701589242,0.9100100454757053,0.8850131912074963,0.8974604642583097,0.8964157333245065,0.7768776277049289,-0.29418381948760863,0.9528487382200059,0.9498925506669593,0.9496236601645508,0.9696557079299574,0.9413185395750139,0.9549964301307242,0.9544454116071766,0.8995169228122472,0.9570689596476105,0.9025305567668372,0.8146342307716425,0.9570709505729064,0.967309582516745,0.7351596489909138,0.9215622548188352,0.9237930669052081,0.8641133810599634,0.9860162259503734,0.8524687655087885,0.08017532010937313,0.5669779367724278,0.8639951359335194,0.8353796253901534,0.8594847254132278,0.9867722860392291,0.9867697947501153,0.567047153132653,0.6726504975244822,0.5741551245570645,0.4613537560101025,0.545369782585121,0.5828266744795713,0.5744307709060471,0.514427367338052,0.7824070016467806,0.6354832720485333,0.5990077473690182,-0.49890975125296666,-0.5593765245723633,0.7580104956864185,0.8727172893200879,0.8840330945066375,0.9202068993889079,0.903740930437268,0.7249427807103205,0.8703673358375438,0.8792332315179427,0.8786243969491649,0.6512062041466876,0.12727944394249804],[0.9941929304824288,0.9936150454146344,0.9957908780681951,0.9949663101873869,0.9982222604593909,0.9751483347099656,0.9996797705266761,0.9998052795414989,0.9890809885539084,0.9998094126372578,0.9998079417452428,1.0,0.9998207759962269,0.9998070161431063,0.9998131869595893,0.9997003555527831,0.9984784532212047,0.9995032980016326,0.9999754392331358,0.9999752507085019,0.9998128401781708,0.9998169632857742,0.9931358033858805,0.9734736534917502,0.9945912734318049,0.9779987616507771,0.9951947591150647,0.9936911287886827,0.9780193093898959,0.9316825822092281,0.9927515372623316,0.995069337096144,0.9828307144428453,0.9394798236492575,0.999527886393342,0.9995653282348481,0.9995288888316348,0.9996657821984127,0.9996799182724391,0.9995414169015914,0.9981915742887564,0.9987689300268789,0.9995125832995094,0.9995098414266916,0.9892570891366287,0.9439496684380433,0.9227064651879755,0.9609672335948196,0.9470061368471854,0.9164203691073158,0.904376628752681,0.934669224478723,0.9071433259877026,0.9246997836765015,0.9031218600766501,0.9664612166732409,0.9664521635334824,0.9846888111007631,0.9950712987622189,0.9682792421469651,0.968108317532046,0.9575247457068684,0.9649593871522519,0.9593970647297712,0.9592322216555607,0.9127691627820009,0.9413659605692911,0.902001267029984,0.9017304646279037,0.8259095918291378,0.96899307991665,0.9706456496683391,0.970628142078882,0.9700099624338113,0.9349005067878667,0.7963427645805867,0.7680430337319587,0.8394033601967623,0.8949466403679365,0.8605938425353118,0.8784957132722783,0.8778452134795804,0.7693556185717392,-0.12971779299435468,0.9481772087635644,0.9513491031733406,0.9478341289065535,0.9688123339333679,0.9421263712452551,0.9509270569516689,0.9502036600719506,0.9006430157461383,0.952533400531967,0.9025561098448516,0.7795180711866841,0.9551213710359412,0.9505386375368485,0.6401856912359309,0.8796911801381608,0.8833305362379678,0.7782328207780336,0.9810544673080567,0.7560886901599617,-0.2810980714157366,0.3265046772436338,0.7781250623776438,0.7367272082843995,0.7721066180706658,0.9821328139217366,0.9822044198141884,0.29253627487263045,0.4503862545693073,0.29883452570254426,0.27048162315001745,0.29052350889060446,0.30437679840973864,0.30187109074521606,0.21921718646973193,0.6195919885846385,0.35965061666550696,0.30853905919103913,-0.5042939772977663,-0.5542458826233493,0.7574762423299013,0.7873560093316149,0.8083029990920378,0.8732634640084186,0.846403192512679,0.6459365458759119,0.8052324751820885,0.8044617028659204,0.80353989738977,0.49052814454426064,0.31028907303035386],[0.9966761453413739,0.9926397661942112,0.9898759117273384,0.9969957257651711,0.9986516240536591,0.978876603906126,0.9986173789551801,0.9999971309183072,0.9700288505179595,0.9999986040622801,0.999996646455684,0.9998207759962269,1.0,0.999992085427814,0.9999977261358838,0.9994536168270809,0.9940168554274027,0.9995708721726767,0.9999278715828778,0.9999276124934183,0.9999759924313308,0.9999990447221487,0.990983484728108,0.9755549837390095,0.9939919131724767,0.9441743800531083,0.994452873330294,0.9920258930341567,0.9748819594010711,0.9501775461185602,0.9887329356425602,0.9938386750486606,0.9931354856101343,0.9760341472059615,0.9995495079867716,0.9996612627324739,0.9997435270013499,0.9997699149904672,0.9994369501919925,0.9996119585902241,0.9985135143680323,0.9990625820477765,0.9996238985922528,0.9995032281230559,0.9802143679792921,0.9480574020783156,0.9576880911134987,0.9636393560203171,0.9489120730482937,0.9172547495887328,0.9592996583595218,0.9483695385021523,0.9614104360634727,0.9634858538101115,0.9536825873948178,0.9815566695349501,0.981332449406574,0.9920452302344664,0.996651654894779,0.9536671476993636,0.9635271936029886,0.970246650048152,0.9738482173681958,0.9719595270774064,0.956265651002629,0.9004623591592987,0.9582630038377645,0.9586870376297596,0.9452932136008478,0.8796401201107684,0.9703735619767684,0.9460920752997664,0.9689643329027882,0.9541912803348401,0.8136583533581505,0.877515400754836,0.8168376897569486,0.8902002223757071,0.9072169018422077,0.9133908311629696,0.8951541171388412,0.9037717685798512,0.4390207823926402,-0.5432027459847794,0.9631595578039971,0.9497885340007456,0.9495402242620686,0.9571789993106288,0.957264933041718,0.9691637672425097,0.9692552296919364,0.9192668808544083,0.966108657068086,0.8616828499632276,0.814508303260847,0.95657343092828,0.9518613620694681,0.830455592630736,0.9589507512631777,0.9598629191242815,0.9031581061063261,0.9790735660473847,0.8362346450977463,0.5360217759239839,0.7244454122550428,0.8596783269609775,0.8528130645284341,0.8422047553188524,0.9842366486744545,0.984385762651952,0.7793162013277354,0.7480633050247958,0.7837892157620825,0.4618348060600096,0.7828448801137161,0.7932800755259399,0.7875075415486161,0.7923608121515311,0.7921262078445982,0.7503709325140054,0.7339737010981189,-0.3316317994661599,-0.4825569193687189,0.7595244005760811,0.8904422486596675,0.9189332168466063,0.9366465304214843,0.909681264514081,0.8306259245351362,0.906061063973451,0.9209420448622007,0.9194448307554044,0.7706789312009348,-0.05946520241058674],[0.9966911532246746,0.9925324599645526,0.9918447885145649,0.9970961852928496,0.9986626150958073,0.9795862213419348,0.9995308722383894,0.9999936980436915,0.9784514217704924,0.9999927551423885,0.9999954166283916,0.9998070161431063,0.999992085427814,1.0,0.9999957185038391,0.9996243146526212,0.9980562500837943,0.9995315460192964,0.9999145013610846,0.9999135276860835,0.9999596397685621,0.9999924995554,0.9928192319625494,0.9760491036827571,0.9961578267936728,0.9644961753651078,0.9959144642307863,0.9919789705285772,0.9756670088519794,0.9508139237710584,0.9892061624670617,0.9939281617480313,0.9924292552942092,0.9754949545571009,0.9995365057356509,0.9996154692149039,0.9996698461112816,0.9999015691717771,0.9994029351200828,0.9995634102101979,0.9984119247899603,0.9989884995223899,0.9995620226523448,0.9995558410198302,0.982928556239231,0.9472554998337624,0.957209158769164,0.9633774909071835,0.9484838711684096,0.9159854911951204,0.9553894835285603,0.9425667362139387,0.9577419113127978,0.9627017167490568,0.9526797902082736,0.9803961472543228,0.9809098163108709,0.9914046072952459,0.9966383843599081,0.976151790387222,0.9629602391539194,0.9745495969424123,0.9736674962289668,0.9754797701114755,0.9753235184091397,0.9380826213898438,0.9576656623170825,0.9571684824478119,0.9569393244458307,0.909616572071211,0.970127670813637,0.9711616351522029,0.9758163464432685,0.9749054516083115,0.9371763559323638,0.8767733869199353,0.8482033811626206,0.8893923038373155,0.9158919817399749,0.9125898218360046,0.9131716061329411,0.9122332162330828,0.745074746392821,-0.5463829500883094,0.9630546409150952,0.9493372709232502,0.9490169916924396,0.9770703441699193,0.9573444727591385,0.9690717420184489,0.9691730997246608,0.9195017656612521,0.9709610427750445,0.9293686437607981,0.8129606482295942,0.9562409430080665,0.9558304040882568,0.8286031537664548,0.9585830195422861,0.95945256832751,0.9026077716058339,0.979269781331939,0.8872650419318654,0.5364018063053816,0.7228179980282871,0.8952991176304921,0.8667979429903258,0.8866428244774675,0.9844083746075325,0.984577836566366,0.7775447408724018,0.7458486121625589,0.8063209780064635,0.459100881912045,0.7908834727776567,0.8105206152175062,0.8050408958771281,0.7938494568615628,0.7906190976503037,0.7481638169179513,0.7316510159497847,-0.4181011290330668,-0.5399312425403497,0.7543090056251305,0.8893380736815488,0.9158854252689463,0.9323669551997089,0.9091169853872586,0.8282316553518061,0.8960720696624807,0.9096494921978866,0.9092670386295195,0.8445023544463102,-0.028104256106464557],[0.9966376546688016,0.9926174726471032,0.9900877007689272,0.9969722476570859,0.9986721958792719,0.9791563008465043,0.9992937047966536,0.9999983744938764,0.9748755818151583,0.9999980300182149,0.9999985443354054,0.9998131869595893,0.9999977261358838,0.9999957185038391,1.0,0.9995342153476829,0.9974335095697525,0.9995499735722706,0.9999208257956448,0.9999200965279883,0.9999701695064993,0.9999978348955767,0.9911590569990605,0.9758360325535487,0.9955504833358799,0.9563113811956218,0.9953045421301295,0.9919869620408106,0.9751623895626473,0.9504481215757073,0.9911984514648488,0.9940798264998304,0.9930100323662095,0.975849284748205,0.999517004354522,0.9996252234948724,0.9997216210569104,0.9997860121861672,0.9994116986828008,0.9995725333791979,0.9984553868349716,0.9990180135862172,0.9995910052518597,0.9994714474646159,0.9804827988493168,0.9479053111785004,0.9575845636975147,0.9636804288484332,0.9489101845725435,0.9170073875134658,0.9590192296366961,0.948118690019746,0.9611576661485374,0.9631634082829327,0.9532478617761894,0.9813274150904063,0.9811089505706837,0.9918924071907036,0.9965230808943676,0.9537049346602744,0.9635907314874014,0.9702787877009754,0.9739252710897686,0.9719798757053186,0.9559477274359759,0.9008041803033435,0.9581388077031499,0.9585516731620078,0.9452041565016627,0.8797825713358775,0.9705245639141404,0.9462890405720614,0.9690295189081573,0.9542551100431629,0.8141198154425212,0.8774403817711075,0.8167239987633496,0.8901577286483109,0.9072323529194969,0.9133595249084707,0.8950392294084801,0.9036894446433803,0.4393573329210342,-0.5427051740135037,0.9632350517500383,0.9498222131708649,0.949575186934842,0.9560855048586381,0.9574172179893122,0.9692091750682739,0.9692980077917243,0.9195785889342537,0.966123468857496,0.8620340309607425,0.8144943445608869,0.9568120968632053,0.9522568876516498,0.8305173273182365,0.9589000620482464,0.9598225753379499,0.9026415417238483,0.9792074200446453,0.8357329737218846,0.5346988903718757,0.7237103624303746,0.859175004794769,0.8523792460535405,0.8417096505359069,0.9843111885411836,0.9844567460086467,0.7783618576633926,0.7473088877998352,0.783124142149762,0.46150943023971147,0.7821563253640519,0.792494252143844,0.7869871876894505,0.7915481565726267,0.7917433330480375,0.7492521116759443,0.7328761863036397,-0.332328946231844,-0.48313699240698205,0.7593712351479954,0.8898606126023595,0.9185381738514741,0.9361483422153047,0.9092537986883132,0.8299077955743958,0.9056524730298023,0.9203652558092337,0.9189826226649889,0.7700949527942974,-0.05865931287052627],[0.9978702464809595,0.9944930577919003,0.9896561995208604,0.9980819887473577,0.9991243107686474,0.9788874334578846,0.9998960862981117,0.9994131655325761,0.9732225946307972,0.999724962119058,0.9997125390302385,0.9997003555527831,0.9994536168270809,0.9996243146526212,0.9995342153476829,1.0,0.9986012583700323,0.999870597359467,0.999607042189668,0.9996109466560706,0.9997977695519876,0.9995981196025402,0.9909169767690094,0.975027456505743,0.9944166891602787,0.9502557413036707,0.994057201117971,0.9934512364647213,0.9738280194432459,0.9512789541969666,0.9914815822353845,0.9925952034175732,0.9937644608889986,0.9776779673465688,0.9993292642368873,0.9997504170607419,0.9997503238019538,0.9996264051325401,0.9996745002172599,0.9997167967632957,0.9989600295737747,0.9996419486879944,0.999551275729217,0.9993355022891222,0.9794039992587628,0.9468118045858771,0.9594504293556535,0.9621907491952376,0.9503192822754856,0.922607578677705,0.9607782518911366,0.9520535745585765,0.9631768804075507,0.966720854040016,0.9568277275806576,0.9830268052976027,0.9828027870195802,0.9926999623568228,0.9960640162666142,0.9576974563014492,0.9669580743439053,0.9745135624189862,0.9763018974604615,0.9759833876480553,0.9584788816610031,0.9053652686056737,0.9613489661426062,0.9631395397036634,0.9495174221691927,0.8867078919199448,0.972858689955554,0.9506169435308,0.9728340633281722,0.9581091364792141,0.8213789718566588,0.8824371633760143,0.8206246856918916,0.8952844800822117,0.911603479260732,0.9158440110802025,0.8983668720164067,0.9083075821435465,0.44956692963326106,-0.5400483786070046,0.9663656257641431,0.9542976562115086,0.9539642231544857,0.959602169708456,0.9607654162890512,0.9720674228207999,0.9721477569666547,0.9233297489476984,0.9705941754798096,0.8683388872405432,0.8161568481025302,0.9493602924878332,0.9455095566327497,0.8327652849936056,0.9589436417654331,0.9597049267068849,0.9025279788590977,0.9761903594812326,0.8349705985365,0.5436833739203952,0.728225068157364,0.8591204607115482,0.85480705