var element=document.getElementById("correlationClose");if(element.style.display!='none'){var correlationClose={"data":[{"type":"heatmap","z":[[1.0,0.9999913661219036,0.7277669316851334,0.9997692065538852,0.9983092917708982,1.0,0.9934075044030926,0.9905674038381417,0.9905674038381417,0.9938644309926671,0.9800898042911612,0.9887441473274259,0.9934382737923731,0.9934749832450985,0.6572039164955088,0.5501780594862937,0.19760233744125924,0.9941197104075373,0.9941215351913075,0.9862106617458638,0.9934359758179064,0.3448830261231395,0.787883636275047,0.9847970188201168,0.9847970188201168,0.9847802322429066,0.9820812816966551,0.29459937957401455,-0.1475325533223625,0.9888713577827484,0.9888364168815469,0.22518221853317097,-0.24263295021865464,0.9951650668396232,0.9954017297869497,0.8733063825552853,-0.33013135853451847,0.9917410232128079,0.99553902273884,0.6309248331168221,0.17787381003578612,0.9952788812988422,0.9952804008411908,0.9952788812988422,0.9182616653726767,0.6681892588669971,0.9421470873840557,0.9445388865652926,0.8754776112810181,0.3906281173647405,-0.1938482782590571,0.24572760565385232,0.9560644991454349,0.35486511094845635,0.9756895577283892,0.9732780975397235,0.9821746428104479,0.9889785836648828,0.9425231446358503,0.9537575198821686,0.95294059354375,0.9444231626520911,0.9503070647446511,0.9509327122547817,0.9503070647446511,0.9101799008857494,0.9310221535762189,0.9318448037227252,0.9310221535762189,0.9399050847206281,0.8266273805988807,0.9136946245077389,0.9148961019761177,0.9136946245077389,0.7642291427017598,0.4690280751210225,0.757136354719706,-0.5032941841552956,0.6641645448757666,0.6701401626781757,0.670880797114596,0.6701401626781757,-0.05286049492533423,0.9279199655379604,0.9560649094623624,0.9433087461468077,0.9438324094445649,0.21150321780941236,0.9222164160643711,0.9227692356695337,0.9222164160643711,0.9251615784082657,0.9251615784082657,-0.10078471806836234,0.6095534278154768,0.1183855488971079,-0.7353697351402816,-0.615499872112102,-0.6192586583531164,-0.18328846860175854,0.16350613312949425,0.17198412480312883,-0.06680422677570082,-0.6226888198117655,-0.06311443604106391,-0.7968955172290224,-0.33143534457979373,0.19004714040790008,0.1921964794790498,-0.5926427909604085,-0.5625054592803245,-0.3188325856556652,-0.5357706392394117,-0.8060996354130158,-0.4415973604784383,-0.43500090932409846,-0.4415973604784383,-0.26922009825542026,-0.39581938281394413,-0.39581938281394413,-0.7946506348138933,-0.7946506348138933,0.5292890802993246,0.639756969453553,0.8472199344864522,0.8450325746197633,0.7585126723889724,-0.3620564469563645,0.7493551911816769,0.7687318512955728,0.7688181776955085,0.7687318512955728,-0.13844228970469524],[0.9999913661219036,1.0,0.9854684756592849,0.9996097466168251,0.9964959917129949,0.9999913661219036,0.9872505903210376,0.983124455155127,0.983124455155127,0.9872037436357742,0.9785246536683443,0.9878936972770929,0.9872828684361532,0.9871495303768929,-0.08384671551362366,-0.1771964719114992,-0.49411227596683666,0.9898286655494428,0.9898308104724379,0.987315697050662,0.9873237947341419,-0.22176621854901146,0.9834128041273537,0.9843020535688348,0.9843020535688348,0.984321850251534,0.9823171745752032,0.06891896796625899,0.08761858334334736,0.9842522323235335,0.9842990240858686,0.6472738045483596,-0.002051616094076721,0.9918247706179896,0.991823660247436,0.9923603278423043,0.9880727006824965,0.991123610429516,0.9919524679155599,-0.13329443138792874,-0.4979277677334587,0.9923771862908715,0.9923793802886836,0.9923771862908715,0.918505720706601,0.5284384554694089,0.9426435145544759,0.9448577887767872,0.8755682197154426,-0.15001674554408528,-0.442786741265172,0.8722374549412654,0.9124153419179669,-0.25373433712467874,0.9489195339716925,0.9491766479815179,0.9690920035975624,0.9794339266515109,0.9638326341341128,0.9682895574118008,0.9560899257985698,0.9581774741247612,0.958361241687481,0.9586393661885477,0.958361241687481,0.8973810794930575,0.8724107815527832,0.8733728532504984,0.8724107815527832,0.9648316286228992,0.9669043802955958,0.9648179630331085,0.9654408863602376,0.9648179630331085,0.7393721402408977,0.7026622792535621,0.7655722483848778,0.8095142307447312,0.737445950188072,0.7560756278258569,0.7571910352591776,0.7560756278258569,-0.015926230483724668,0.9389450633622155,0.9538028740895216,0.9490819384372914,0.9675397661990982,-0.34138448436139457,0.9361030757220822,0.9362161961220727,0.9361030757220822,0.940641807116681,0.940641807116681,-0.18137695834608045,0.6102198397097811,-0.3820230573175702,-0.8156839654324419,-0.4788100974620906,-0.4830477845162045,-0.41382857553819846,0.28956677140372705,-0.28556197199435823,-0.5370516638479665,-0.7732943358273027,-0.3854598108355139,-0.4658785830882973,-0.45180298090080834,0.15815342856457612,0.1562945720250848,-0.49502293687512505,-0.4674391204389428,-0.49525461793162845,-0.5273570566787917,-0.518487944770673,-0.4973732742611995,-0.5008407965735518,-0.4973732742611995,-0.3960999077871374,-0.5642407966131997,-0.5642407966131997,-0.529759656345785,-0.529759656345785,0.5309410249139171,0.3908731137369946,0.5279708831147486,0.6619678152829717,0.5454226466481813,-0.4429768477648108,0.43869657722576505,0.33308385503444854,0.33332477337125976,0.33308385503444854,0.23445156743510098],[0.7277669316851334,0.9854684756592849,1.0,0.7257869599521161,0.6777017489535716,0.7277669316851334,0.7045532786919413,0.6987289918392937,0.6987289918392937,0.668573727276111,0.6460686907236736,0.9947391522305804,0.7045774394018723,0.7046494737525067,0.338339144642176,0.2770697662066815,-0.25246657331320044,0.674510146698265,0.6745138272729896,0.6473824558910821,0.7042870525505864,0.13314580294145395,0.8370163457621861,0.6925739731433481,0.6925739731433481,0.6923749942868531,0.9906504348438279,0.2671609598832874,0.07099122742433799,0.6594297616541425,0.6591107199297276,0.5643826705659345,-0.08959875658011,0.699648052757519,0.6602829879285548,0.6616519873777891,0.2709218672741333,0.9936060161162165,0.6598895216982935,0.31867831910914296,-0.26256534155246075,0.716884095452099,0.6983276738080423,0.716884095452099,0.9155553597940583,0.4486195060847114,0.9516263589112973,0.9363142360803383,0.8009111169142699,0.2522268545051383,-0.08811534706900481,0.06302533525757754,0.6155517080362567,-0.06958455128115666,0.6441906761741838,0.6314923999466776,0.6438371252882502,0.6085537466859335,0.05988520580892628,0.8462264593071426,0.7853369916459118,0.7245650296217789,0.7906222682566366,0.7995852956225271,0.7906222682566366,0.6421069452414996,0.7223555073256628,0.752811519858921,0.7223555073256628,0.7673118640549371,0.715667697035249,0.7687865188742318,0.7992038040471945,0.7687865188742318,0.5627782632860725,-0.0757322969424352,0.5743935184013111,0.08288354772175144,0.5271126644400845,0.2762126079895902,0.5648593912939232,0.2762126079895902,-0.09261600069406993,0.7103970522683,0.9132738032712835,0.7661033157407368,0.8025910443373788,-0.10361671457533382,0.7374333096334146,0.7378221938426421,0.7374333096334146,0.7765461206585055,0.7765461206585055,-0.19173432391946837,0.7013969209182038,-0.1723351702167558,-0.7551611469354185,-0.4828024924239364,-0.4865498249958248,-0.4453917599238386,0.14327154521627677,0.013951828335966254,-0.38190862115454643,-0.7350347517244358,-0.19521043558859896,-0.36833697396256687,-0.31166009918917026,0.08637057978330026,0.0859948158160234,-0.5175932856612618,-0.10614937936813604,-0.2921658898464801,-0.534517988038165,-0.2547120622804897,-0.4397373138826265,-0.32672532057029974,-0.4397373138826265,-0.44296226767841834,-0.5724727018293644,-0.5724727018293644,-0.34287288490436785,-0.34287288490436785,0.4860153620097811,0.2607371739581372,0.31989349859397365,0.5597650514844384,0.35053294694819664,-0.4090427943201846,0.01591350819438721,0.4734839338753393,0.5637117036835071,0.4734839338753393,0.031002599536615053],[0.9997692065538852,0.9996097466168251,0.7257869599521161,1.0,0.9990221138213123,0.999769206553885,0.9943835865556423,0.9919420182789144,0.9919420182789144,0.9950283178628146,0.9786351762948565,0.9912333900953967,0.9944057680763172,0.9944220714342727,0.6562642563560669,0.5487256100122718,0.18381042724798125,0.9949333946959339,0.9949356003115849,0.9862007778067847,0.9943949109376367,0.33652411667724635,0.7919185545125947,0.986944070546965,0.986944070546965,0.9869264017601063,0.9862531004973093,0.29037759825326537,-0.153087275684509,0.9880524395963078,0.9880243865851436,0.21737392051780602,-0.24299609693430202,0.9955064417657231,0.9959395906639611,0.8451131903969085,-0.33390938524412445,0.99353578625107,0.9962670278400485,0.6294655113161611,0.1638425142289963,0.993848234578015,0.9955449301135829,0.993848234578015,0.9165619283382402,0.6573905101178954,0.9440772504783617,0.9419197016309556,0.8632231551572547,0.3864955106538615,-0.19776160367488832,0.2414243184630786,0.9515899910355026,0.34038532413448613,0.9715931760103307,0.9707829533132571,0.9801900775993814,0.9886440274631164,0.9271345589082826,0.9496066123851252,0.9439975313155545,0.9418676965770523,0.9386144291732219,0.9394309445718013,0.9386144291732219,0.9048420216625473,0.9229572637348699,0.9238616935473452,0.9229572637348699,0.9376848696681931,0.7818511468475212,0.8849367939968001,0.8862257515493285,0.8849367939968001,0.7592258578792263,0.21347289416573983,0.7508242559828948,-0.5081178459354071,0.661052120203259,0.4097476917101205,0.6458570541476149,0.4097476917101205,-0.05799548361666007,0.9246573809848315,0.9517272193037327,0.9384528666332659,0.9268114581450487,0.19834105341397942,0.9195342442627615,0.9201993673117321,0.9195342442627615,0.9117365086343164,0.9117365086343164,-0.104681919190017,0.6252713866644395,0.123549284694938,-0.7432682324790473,-0.6211733148075169,-0.6248645944614949,-0.19365088903437935,0.15980400907490494,0.16631129473953707,-0.07858693632705302,-0.632382958731338,-0.06811459001858881,-0.801376435979711,-0.3379655690671112,0.18165445742530584,0.18386504598752965,-0.5980878894321507,-0.5593899992555165,-0.31879503445157814,-0.5441660176649065,-0.8068668790331356,-0.4419555830808478,-0.43588737184349485,-0.4419555830808478,-0.2761474286247196,-0.4036514963750097,-0.4036514963750097,-0.7937320027662205,-0.7937320027662205,0.52151378177926,0.6300776179007522,0.8397861803689671,0.8380331578823764,0.7523618078211156,-0.3730487161384016,0.7410882512598956,0.7604143641195018,0.7605054020077896,0.7604143641195018,-0.12429490961489895],[0.9983092917708982,0.9964959917129949,0.6777017489535716,0.9990221138213123,1.0,0.9983092917708982,0.9974804594343017,0.9963612152111018,0.9963612152111018,0.997698489869998,0.9734978896121287,0.9968774440038096,0.9974969224395543,0.9975160179899971,0.5283717050787111,0.39469735877979495,-0.021374749830199283,0.997816827814188,0.9978189457114771,0.9888263854146974,0.9974853789207313,-0.021443328129591325,0.7818436348987751,0.9935807476645142,0.9935807476645142,0.9935472427880133,0.9919775414395073,0.07096931405257384,-0.13644155428426563,0.9873468223091386,0.9872790734390978,-0.07252050348159683,-0.15337740609987266,0.9978508662131342,0.9977696309478434,0.8430648366713596,-0.4409269284180695,0.9979060680608156,0.9981268904151614,0.4873754473511903,-0.04518073558787249,0.9978057200676951,0.9978120022029806,0.9978057200676951,0.9272156623260538,0.6277904822523334,0.9495319901205881,0.9389814911703414,0.8436324888458594,-0.03308996175481593,-0.5804792898389662,-0.11264718310433863,0.9439871758982118,0.19885676586118956,0.9706524748859474,0.9707196601966983,0.9839890333544649,0.9894751880861425,0.9272150220809184,0.934737455487553,0.9348191234721593,0.9312762023087405,0.9332469773667389,0.9336508767772596,0.9332469773667389,0.8851919126072822,0.8885653668673368,0.8895864456513738,0.8885653668673368,0.928308556885796,0.8601168760264672,0.9116212689256648,0.9123913221340141,0.9116212689256648,0.7280379723879652,0.6420967825565175,0.7222616374922782,-0.5022801988186252,0.705097297244498,0.6899273640085268,0.6900680572040195,0.6899273640085268,-0.059372764696737294,0.9099713189646699,0.9327244823653793,0.9203806803126896,0.9337998942459284,0.045442699861865485,0.9083579052937429,0.9092776703727604,0.9083579052937429,0.91243948714478,0.91243948714478,-0.1385793075660777,0.6668232496935607,-0.021401973519643465,-0.7663480348800413,-0.6607281380306254,-0.6619377056975652,-0.21960997613982267,0.18296096078647586,-0.21287561377887948,-0.3136597047206169,-0.6888250298698942,-0.4105354212703251,-0.8351089988572017,-0.5916984971491888,0.1545744604324214,0.15667184309568072,-0.6200078737958085,-0.5569608066615983,-0.571486050996662,-0.577913613597529,-0.7596539518365799,-0.6181295046429184,-0.6214134289166557,-0.6181295046429184,-0.30811079146905673,-0.43102282722692015,-0.43102282722692015,-0.7315347582988226,-0.7315347582988226,0.5080713331031667,0.6168759904492302,0.8063323682380136,0.8144749891139211,0.7469346407954304,-0.4887468105071222,0.634550585078966,0.6679338283000941,0.6681534384567008,0.6679338283000941,0.10160790911602342],[1.0,0.9999913661219036,0.7277669316851334,0.999769206553885,0.9983092917708982,1.0,0.9934075044030926,0.9905674038381417,0.9905674038381417,0.9938644309926671,0.9800898042911612,0.9887441473274259,0.9934382737923731,0.9934749832450985,0.6572039164955088,0.5501780594862937,0.19760233744125924,0.9941197104075373,0.9941215351913075,0.9862106617458638,0.9934359758179064,0.3448830261231395,0.787883636275047,0.9847970188201168,0.9847970188201168,0.9847802322429066,0.9820812816966551,0.29459937957401455,-0.1475325533223625,0.9888713577827484,0.9888364168815469,0.22518221853317097,-0.24263295021865464,0.9951650668396232,0.9954017297869497,0.8733063825552853,-0.33013135853451847,0.9917410232128079,0.99553902273884,0.6309248331168221,0.17787381003578612,0.9952788812988422,0.9952804008411908,0.9952788812988422,0.9182616653726767,0.6681892588669971,0.9421470873840557,0.9445388865652926,0.8754776112810181,0.3906281173647405,-0.1938482782590571,0.24572760565385232,0.9560644991454349,0.35486511094845635,0.9756895577283892,0.9732780975397235,0.9821746428104479,0.9889785836648828,0.9425231446358503,0.9537575198821686,0.95294059354375,0.9444231626520911,0.9503070647446511,0.9509327122547817,0.9503070647446511,0.9101799008857494,0.9310221535762189,0.9318448037227252,0.9310221535762189,0.9399050847206281,0.8266273805988807,0.9136946245077389,0.9148961019761177,0.9136946245077389,0.7642291427017598,0.4690280751210225,0.757136354719706,-0.5032941841552956,0.6641645448757666,0.6701401626781757,0.670880797114596,0.6701401626781757,-0.05286049492533423,0.9279199655379604,0.9560649094623624,0.9433087461468077,0.9438324094445649,0.21150321780941236,0.9222164160643711,0.9227692356695337,0.9222164160643711,0.9251615784082657,0.9251615784082657,-0.10078471806836234,0.6095534278154768,0.1183855488971079,-0.7353697351402816,-0.615499872112102,-0.6192586583531164,-0.18328846860175854,0.16350613312949425,0.17198412480312883,-0.06680422677570082,-0.6226888198117655,-0.06311443604106391,-0.7968955172290224,-0.33143534457979373,0.19004714040790008,0.1921964794790498,-0.5926427909604085,-0.5625054592803245,-0.3188325856556652,-0.5357706392394117,-0.8060996354130158,-0.4415973604784383,-0.43500090932409846,-0.4415973604784383,-0.26922009825542026,-0.39581938281394413,-0.39581938281394413,-0.7946506348138933,-0.7946506348138933,0.5292890802993246,0.639756969453553,0.8472199344864522,0.8450325746197633,0.7585126723889724,-0.3620564469563645,0.7493551911816769,0.7687318512955728,0.7688181776955085,0.7687318512955728,-0.13844228970469524],[0.9934075044030926,0.9872505903210376,0.7045532786919413,0.9943835865556423,0.9974804594343017,0.9934075044030926,1.0,0.9978209247143551,0.9978209247143551,0.9999734153592756,0.9690818964979314,0.9997446511977454,0.9999969558787261,0.9999941287075148,0.7690306120131003,0.7499009857507247,0.16045092481799864,0.9998803774859941,0.9998809514638081,0.9912251202016082,0.9999971462328139,0.2665298310325908,0.7839628587804283,0.9869487154119835,0.9869487154119835,0.9885616786606783,0.9925936684622281,0.22929808545104993,-0.20022898961511493,0.9914373983815029,0.9915792235060238,0.13568670599159605,-0.2819317101793105,0.9994157927468315,0.9995392787860902,0.5088227862491524,-0.2844906071005411,0.9992763795312685,0.9995249779738213,0.7408971734780472,0.13922570830540942,0.9517876495519308,0.9991991345734936,0.9517876495519308,0.9340190845321622,0.6351283706541668,0.9552565253879377,0.9378964030592444,0.8162666906175734,0.42828757260682504,-0.134464920720604,-0.16330670423824672,0.941540861448788,0.31635486056233536,0.9706566871895901,0.9687387311680109,0.9818006576356132,0.995175678891507,0.02898787677082294,0.9030344031764987,0.8644678326266292,0.9032000625996112,0.8600630276019132,0.8277454208984669,0.8600630276019132,0.8541100470355102,0.8329082200897319,0.8240093105974422,0.8329082200897319,0.8997968659242706,0.4763284078901167,0.6608272120694022,0.7057073875972133,0.6608272120694022,0.697877088136658,-0.3141329681943984,0.6802739769102303,-0.5773741516418839,0.5989293054984213,-0.041675884473863105,0.5245969199417708,-0.041675884473863105,-0.09878832698416422,0.8788855257149389,0.9028206991303219,0.8893525312917845,0.8029876014988063,0.1722775802526012,0.8763598944123002,0.8773470304809091,0.8763598944123002,0.8120368676730043,0.8120368676730043,-0.17125880728426085,0.7037518296938324,0.21030054350117397,-0.7429664196308291,-0.6570508752131228,-0.6603346998768982,-0.22743772182820188,0.11318835200739004,0.2954098144813671,-0.09873419558229171,-0.6365100522866887,0.003905351508929106,-0.8286402414167712,-0.23188963554883532,0.12266822867931326,0.12491876669091483,-0.6366390007889765,-0.575597998649454,-0.15180418826709546,-0.609427494194229,-0.8249411294694311,-0.4303917277673596,-0.271375653445171,-0.4303917277673596,-0.3345470097014689,-0.4365406786489465,-0.4365406786489465,-0.8169154458648351,-0.8169154458648351,0.5059141684950214,0.6050536172541199,0.5248428562421327,0.8136421679235375,0.7459135079629006,-0.41615339748932756,0.08764218586156883,0.7438435590062794,0.7614659739784578,0.7438435590062794,-0.0690585963358212],[0.9905674038381417,0.983124455155127,0.6987289918392937,0.9919420182789144,0.9963612152111018,0.9905674038381417,0.9978209247143551,1.0,1.0,0.9996420824557949,0.963849009836581,0.9990185478820491,0.998502862140268,0.9992794681419771,0.7653044214393407,0.7362648055457877,0.13954127666560134,0.999299078548097,0.9993020181676986,0.9889409580032208,0.999394228808232,0.24242605736933445,0.7864763450613286,0.99336927195442,0.99336927195442,0.987105107425631,0.9907078716265098,0.2127611144222849,-0.2122854671822222,0.98786230167949,0.9912840771512319,0.11805568191110306,-0.28751012671752746,0.9985106683680327,0.998546936625559,0.4945202473727985,-0.289875910940991,0.9978735515121644,0.9985487418488814,0.7372019127053011,0.11800510770523989,0.9458016051402471,0.9983522114603633,0.9458016051402471,0.9323572809572775,0.6217686535880613,0.9558617036530613,0.9371285965136065,0.8016314537959397,0.4165435564934643,-0.14800441265731112,-0.1740829927631716,0.9347644639311011,0.2973120216391457,0.9665029895559114,0.9644447742928655,0.9775001610764232,0.9940881418488244,0.021163255160425214,0.8962083778137573,0.8535737063608783,0.8978983105331478,0.8501525126910019,0.8183557214622262,0.8501525126910019,0.846050012314208,0.8201816358913047,0.8139628671032775,0.8201816358913047,0.8945758988004,0.4614756016938418,0.6456185937122673,0.6928650062941245,0.6456185937122673,0.6904352752878504,-0.32641236573861543,0.6712600275107877,-0.5824264561514364,0.5944440384265451,-0.060370943855078796,0.512397279519123,-0.060370943855078796,-0.1037128509654854,0.8729608711421203,0.894929743616709,0.8819430549676442,0.7912566542945494,0.1551770557651099,0.8710480824709766,0.8722015202710756,0.8710480824709766,0.8001746309755826,0.8001746309755826,-0.18363888523619615,0.721850204534615,0.21588789581991005,-0.751248028935958,-0.6676151274629687,-0.6707549747919679,-0.24053390766059912,0.10716868181481862,0.2883499142409538,-0.11667791511371407,-0.6475342038699395,-0.005142944588355034,-0.8328650341500435,-0.23820678750475818,0.10964890574069935,0.1119410740915345,-0.6462114027171054,-0.5760396637786327,-0.1584237345779145,-0.6228910272024315,-0.8234412329832167,-0.44060310198596425,-0.2773135611599152,-0.44060310198596425,-0.34926463302751737,-0.4481597948034944,-0.4481597948034944,-0.8139812172749709,-0.8139812172749709,0.49253343486304907,0.5905538109923584,0.5081194939061022,0.7977755370861556,0.7349674117635283,-0.434849270399374,0.07528458580133074,0.726217143200748,0.7467233666813585,0.726217143200748,-0.05274892176776811],[0.9905674038381417,0.983124455155127,0.6987289918392937,0.9919420182789144,0.9963612152111018,0.9905674038381417,0.9978209247143551,1.0,1.0,0.9996420824557949,0.963849009836581,0.9990185478820491,0.998502862140268,0.9992794681419771,0.7653044214393407,0.7362648055457877,0.13954127666560134,0.999299078548097,0.9993020181676986,0.9889409580032208,0.999394228808232,0.24242605736933445,0.7864763450613286,0.99336927195442,0.99336927195442,0.987105107425631,0.9907078716265098,0.2127611144222849,-0.2122854671822222,0.98786230167949,0.9912840771512319,0.11805568191110306,-0.28751012671752746,0.9985106683680327,0.998546936625559,0.4945202473727985,-0.289875910940991,0.9978735515121644,0.9985487418488814,0.7372019127053011,0.11800510770523989,0.9458016051402471,0.9983522114603633,0.9458016051402471,0.9323572809572775,0.6217686535880613,0.9558617036530613,0.9371285965136065,0.8016314537959397,0.4165435564934643,-0.14800441265731112,-0.1740829927631716,0.9347644639311011,0.2973120216391457,0.9665029895559114,0.9644447742928655,0.9775001610764232,0.9940881418488244,0.021163255160425214,0.8962083778137573,0.8535737063608783,0.8978983105331478,0.8501525126910019,0.8183557214622262,0.8501525126910019,0.846050012314208,0.8201816358913047,0.8139628671032775,0.8201816358913047,0.8945758988004,0.4614756016938418,0.6456185937122673,0.6928650062941245,0.6456185937122673,0.6904352752878504,-0.32641236573861543,0.6712600275107877,-0.5824264561514364,0.5944440384265451,-0.060370943855078796,0.512397279519123,-0.060370943855078796,-0.1037128509654854,0.8729608711421203,0.894929743616709,0.8819430549676442,0.7912566542945494,0.1551770557651099,0.8710480824709766,0.8722015202710756,0.8710480824709766,0.8001746309755826,0.8001746309755826,-0.18363888523619615,0.721850204534615,0.21588789581991005,-0.751248028935958,-0.6676151274629687,-0.6707549747919679,-0.24053390766059912,0.10716868181481862,0.2883499142409538,-0.11667791511371407,-0.6475342038699395,-0.005142944588355034,-0.8328650341500435,-0.23820678750475818,0.10964890574069935,0.1119410740915345,-0.6462114027171054,-0.5760396637786327,-0.1584237345779145,-0.6228910272024315,-0.8234412329832167,-0.44060310198596425,-0.2773135611599152,-0.44060310198596425,-0.34926463302751737,-0.4481597948034944,-0.4481597948034944,-0.8139812172749709,-0.8139812172749709,0.49253343486304907,0.5905538109923584,0.5081194939061022,0.7977755370861556,0.7349674117635283,-0.434849270399374,0.07528458580133074,0.726217143200748,0.7467233666813585,0.726217143200748,-0.05274892176776811],[0.9938644309926671,0.9872037436357742,0.668573727276111,0.9950283178628146,0.997698489869998,0.9938644309926671,0.9999734153592756,0.9996420824557949,0.9996420824557949,1.0,0.9682722173073282,0.9997134904646593,0.9999742058291673,0.999976566383857,0.5838728107999624,0.4538409432212411,0.03783174630065761,0.9998416216167345,0.9998426567808463,0.9911799039749238,0.9999718238046007,0.036254621635259186,0.7700344216377826,0.9957262946123377,0.9957262946123377,0.9956925735797592,0.9925585787464106,0.059798416790727074,-0.14464474148808146,0.9910852588908469,0.9910449714684796,-0.05012921684556193,-0.24583817254636173,0.9994804317999517,0.9994398969698703,0.8448564978480974,-0.44344970159901836,0.9992294258198089,0.9994994949067164,0.5449926282688203,0.014075877302169701,0.9993685307095995,0.9993736159314707,0.9993685307095995,0.9339486964567211,0.6354742677781823,0.955264384753428,0.9378297605135333,0.8160074275577003,0.05794540658180549,-0.5388945960548305,-0.07520573355818792,0.9387478488905676,0.26161867282042156,0.9689386169824016,0.9687055810053724,0.9842474023311335,0.9944703538825954,0.9050320096751602,0.9040862766540185,0.9136738919329908,0.904486676824443,0.9120287286258161,0.9125255259091539,0.9120287286258161,0.8545004425131913,0.8714004769859365,0.8724876107609103,0.8714004769859365,0.9013671423786773,0.8284167743385109,0.887103605916403,0.8880030361613119,0.887103605916403,0.6983765054384051,0.5816482874289294,0.681164607559816,-0.5635941556473676,0.6473479628150165,0.6219468802380312,0.621942950638357,0.6219468802380312,-0.04610943429846302,0.8801399641059203,0.9030250965747563,0.8900537848468589,0.9121453468093667,0.08516784824792649,0.8814345515738505,0.8828686856366785,0.8814345515738505,0.8856669588669444,0.8856669588669444,-0.17265255510816807,0.7043420558572743,0.006711906980118383,-0.7543013843514325,-0.6869702394287707,-0.6885719071112527,-0.23077938196409375,0.11733635527118479,-0.21660104177728073,-0.2794995062032588,-0.6715504954011461,-0.4353903895210707,-0.8567063659941624,-0.6233303795729793,0.12235008267549734,0.12457880715064118,-0.6378935499470214,-0.5716170139381407,-0.5818455603322835,-0.6106849767082111,-0.7875081829436728,-0.6408214994457628,-0.6433474893313593,-0.6408214994457628,-0.33657020937567916,-0.43999063136436845,-0.43999063136436845,-0.7691332610331763,-0.7691332610331763,0.5064296834274229,0.6034699551068178,0.8168275813342294,0.8228371205787808,0.7440129770050612,-0.44193628617660285,0.6609480318587005,0.6920799025664781,0.6922722606780375,0.6920799025664781,0.16749330686138994],[0.9800898042911612,0.9785246536683443,0.6460686907236736,0.9786351762948565,0.9734978896121287,0.9800898042911612,0.9690818964979314,0.963849009836581,0.963849009836581,0.9682722173073282,1.0,0.9589840178332111,0.9690996632803548,0.968880158103406,0.3172160101173036,0.18978214284078956,-0.19944618949656498,0.9725374008412914,0.972521216642917,0.9691859301174844,0.9691796610299137,-0.06300600839668151,0.8073912840746006,0.9701980770723322,0.9701980770723322,0.9703372239048016,0.930050773516657,0.1469167840822691,-0.13227613862640578,0.9738888272073003,0.9739741119654971,0.08646227914536195,-0.03753940817513266,0.9753556104239323,0.9755467935615514,0.9085975064931116,-0.3056065101162712,0.9652835164157981,0.9748003763826287,0.27190832516047714,-0.21839443600751354,0.976227974419081,0.9762025958927478,0.976227974419081,0.8641220820613299,0.4560080159396977,0.8894231036581641,0.9323804811609491,0.8972198825844695,-0.42603421314447887,-0.6564031708708349,-0.13298482265659053,0.9130132046674189,-0.0500626137358864,0.935404911308319,0.9356101697634915,0.9499939330650644,0.9718782631824409,0.9081703137722844,0.9124114920359189,0.916615336136393,0.9109751391599893,0.9108150436475186,0.9112480994107817,0.9108150436475186,0.8762686369660467,0.8483240879748303,0.849366042398076,0.8483240879748303,0.9077347273226375,0.9187049847397374,0.9058677369489565,0.9062569913382429,0.9058677369489565,0.768431054902698,0.7179996989194113,0.769390880379412,-0.19727502809124323,0.7772839868324397,0.7902135034828267,0.7920695966954192,0.7902135034828267,-0.18599967203355694,0.9058884163624351,0.949321228752474,0.9174747010105235,0.918189388641827,-0.07794247469358342,0.9006300708758879,0.9012821866010176,0.9006300708758879,0.9062317202992479,0.9062317202992479,0.019724439135960677,0.4633397281327609,-0.1660621391270499,-0.7051702981447558,-0.4700129246549875,-0.47285933593212404,-0.11754531627819363,0.4383806780110388,-0.02340973617205529,-0.2563215460907094,-0.6081523177343024,-0.15321745645615104,-0.7798410486863878,-0.31712062517458334,0.31002374098829283,0.3104966524783416,-0.437989410498031,-0.4286804784429462,-0.4090837785661201,-0.4222867141238166,-0.6449262941448667,-0.4273453867097898,-0.42996701427706624,-0.4273453867097898,-0.17811934561595835,-0.4837412958961055,-0.4837412958961055,-0.542570486277954,-0.542570486277954,0.6234663883752606,0.6572670653903684,0.7629561375330277,0.7359330701261353,0.8125865239700534,-0.5233168098208101,0.46186751266551956,0.5463797643729076,0.5467368846146242,0.5463797643729076,-0.07780830401018354],[0.9887441473274259,0.9878936972770929,0.9947391522305804,0.9912333900953967,0.9968774440038096,0.9887441473274259,0.9997446511977454,0.9990185478820491,0.9990185478820491,0.9997134904646593,0.9589840178332111,1.0,0.9997432322897091,0.9997193028554396,0.0360418210546829,-0.0694579648409358,-0.5602741516300739,0.9998420986154687,0.9998436567523135,0.9997468614317857,0.9997461796873662,-0.30371480346299523,0.9751987521227421,0.9951162362176356,0.9951162362176356,0.9951008922533269,0.9937925186363158,0.06471962893581074,0.05672724791088631,0.9932585256341844,0.9933082563746022,0.7161771460412618,-0.07165295748845256,0.9992567608377313,0.9992255246882029,0.9991168093210645,0.9995205461383755,0.9995452404040185,0.9992797434598879,-0.020570047108373627,-0.5671197512770567,0.9990822068613815,0.9990872056517272,0.9990822068613815,0.9297926764691665,0.49236556542513393,0.9517823339426001,0.9345460675633416,0.8163358232707005,-0.2869515336710552,-0.5604791709456848,0.8544044086288863,0.8814169175951388,-0.3372056155015826,0.946302226745564,0.9466174095290877,0.9756876000060445,0.9942467340438338,0.9211045922091875,0.9256865269587118,0.9054678776565124,0.9111456546030984,0.9089636706930073,0.9093592170201716,0.9089636706930073,0.8284656981567495,0.7977785555340505,0.7990194203711665,0.7977785555340505,0.9269965056153376,0.9313021602780648,0.9258815809627182,0.9266222463948651,0.9258815809627182,0.6476705634555396,0.602830990432363,0.6738160873989527,0.732078482913617,0.6514936012372885,0.6747886712293215,0.6767542835657407,0.6747886712293215,-0.1884861444874614,0.8813316768795095,0.9044356433479179,0.896280182156284,0.9265354928793088,-0.36242018795463876,0.8774533773704195,0.8776195853254734,0.8774533773704195,0.8838659783341085,0.8838659783341085,-0.22248016044934465,0.6990748071690265,-0.4040490596872816,-0.8308167068579609,-0.54804501780673,-0.5513882351864908,-0.45167467008056095,0.25168865526073564,-0.31927911454934954,-0.5656795512127311,-0.7931836499606814,-0.424577256761225,-0.5795991083464123,-0.5008825811189208,0.11470538220082283,0.11317226334768651,-0.5619133541712803,-0.5380645353372889,-0.5594960975647648,-0.5958490436276076,-0.58833450514857,-0.5627127252780396,-0.5660184922506634,-0.5627127252780396,-0.458737627964365,-0.647055644951926,-0.647055644951926,-0.634972929561812,-0.634972929561812,0.5038831288263189,0.3686390276640008,0.5100595386243352,0.6366258379296102,0.5496748509340506,-0.5697337621490451,0.38348306298166734,0.3123520341791319,0.3126281881347264,0.3123520341791319,0.2988238592231044],[0.9934382737923731,0.9872828684361532,0.7045774394018723,0.9944057680763172,0.9974969224395543,0.9934382737923731,0.9999969558787261,0.998502862140268,0.998502862140268,0.9999742058291673,0.9690996632803548,0.9997432322897091,1.0,0.9999957037230913,0.7690117432558657,0.7334942573903838,0.1604855441416146,0.9998815563192301,0.9998820218103142,0.9912519350758173,0.9999976415116143,0.2668049995389412,0.7840228674794745,0.9916984510129584,0.9916984510129584,0.9885563881657015,0.9925939337491669,0.2295310976442781,-0.2001747304773432,0.991498811382827,0.9915845961185202,0.13588932081084026,-0.2819038980968044,0.9994166774291546,0.9995410147318775,0.50880475964595,-0.2842980743032366,0.9992757152861466,0.9995301820443319,0.7408635509731704,0.13926591032121405,0.9517764784335269,0.999200452859117,0.9517764784335269,0.9340068860189967,0.6352367757726265,0.9552992378014263,0.9379325019289525,0.8163215790321263,0.4286217710933648,-0.13407589644899884,-0.16298130842098324,0.9415902651780942,0.316401071364135,0.9707256804936049,0.9687749145807634,0.9818685393322383,0.9951853250285455,0.02915827971250792,0.9031434380144834,0.8645426727387167,0.9032989915895682,0.8601357651969533,0.8277031024945787,0.8601357651969533,0.8541992612602518,0.8329519030299162,0.8239652848200754,0.8329519030299162,0.8999177049318817,0.4762318397443483,0.6608316912143474,0.7056393029504455,0.6608316912143474,0.6978784138268634,-0.3141469142086011,0.6802965237689929,-0.5772767357221291,0.5988706212252999,-0.04178733606969994,0.5246287381695882,-0.04178733606969994,-0.09890918089593904,0.8789632256449563,0.9029174170054964,0.8894337099610775,0.8029820030648523,0.17231878043652515,0.8764358310521387,0.8774191442177536,0.8764358310521387,0.8120912362717421,0.8120912362717421,-0.17120170325313153,0.7037331084754886,0.21039646547803897,-0.7430042695752936,-0.6569748225193548,-0.6602631583591677,-0.22751391056923412,0.11309536423474299,0.29555819752376733,-0.09873181688024225,-0.6365672240748315,0.0041328691534293985,-0.828415106900462,-0.23163741919606565,0.12274649139860716,0.12500998429361002,-0.6366187311070065,-0.5754027308932567,-0.15159318369145355,-0.6093853760010983,-0.8248452098015646,-0.43020169234827266,-0.2712021145309245,-0.43020169234827266,-0.3344062025414327,-0.43651694116982676,-0.43651694116982676,-0.816864444538132,-0.816864444538132,0.5062601682848634,0.6051501652296871,0.5250542839874422,0.8138525163668195,0.7459512256530667,-0.41597526778978255,0.08789133607054228,0.7440587722431165,0.7615613677458,0.7440587722431165,-0.06908889747538695],[0.9934749832450985,0.9871495303768929,0.7046494737525067,0.9944220714342727,0.9975160179899971,0.9934749832450985,0.9999941287075148,0.9992794681419771,0.9992794681419771,0.999976566383857,0.968880158103406,0.9997193028554396,0.9999957037230913,1.0,0.7555364576137653,0.6660205611917269,0.1606541864246219,0.9998845150300759,0.9998848568297228,0.9913675355443741,0.9999955120349215,0.2674655310330363,0.7838526310366377,0.9946093050644671,0.9946093050644671,0.9945317817656331,0.9925093336038148,0.22981202286899877,-0.20019750628082447,0.9924553432020303,0.9924955959657675,0.1366010111594405,-0.2817436807247682,0.9994585749185123,0.9995409131931242,0.5079218118804429,-0.28364954541014503,0.9992421914588417,0.9995320449378609,0.7372703254990262,0.1394535700006341,0.951390703747376,0.9992468485527282,0.951390703747376,0.9341874842269096,0.6358224330769346,0.9553399976791687,0.9379350670758566,0.8160690893744873,0.42984439471645924,-0.1327019236782458,-0.16322432943877366,0.9418666994432348,0.31666522112112927,0.9710727136012647,0.9690279479250739,0.9820934077215921,0.9952314055369551,0.028205800018114898,0.9033389047423227,0.8644325928323945,0.9034623797450757,0.8600510790170922,0.8272893789876931,0.8600510790170922,0.854347931789731,0.8328393233242508,0.8242149794041769,0.8328393233242508,0.9001507581922046,0.47560632442196815,0.6603831374755443,0.7056090479578654,0.6603831374755443,0.6977419734479796,-0.3152265410494049,0.6802445338469194,-0.5775055372619673,0.5985531266624953,-0.04270248188116996,0.524299176530761,-0.04270248188116996,-0.09889960293115897,0.8790496472996718,0.9027159128389598,0.8895353996042422,0.7969333248711533,0.17269628391030867,0.8764758367666151,0.8774507297677671,0.8764758367666151,0.8118954237323791,0.8118954237323791,-0.1723786910918232,0.704448890309733,0.21086635657026012,-0.742953178492661,-0.6572908675261666,-0.6605829863581686,-0.22844985007432345,0.11205756905278959,0.295897592620424,-0.099042000603886,-0.6366902059323863,0.004255195424501081,-0.8277617147932188,-0.2314569729021954,0.12191305663388344,0.12417641283077538,-0.6371336894819358,-0.5755853547344261,-0.15105009811926184,-0.6103430595771632,-0.8249025920541608,-0.4301359536089811,-0.27068575047766524,-0.4301359536089811,-0.3351721188115293,-0.43689124030466703,-0.43689124030466703,-0.8172132777643139,-0.8172132777643139,0.5063187043169274,0.6048591989576592,0.524634299138611,0.8142512057973326,0.7454812116279284,-0.41559044540574336,0.08729797925653013,0.7444715142263754,0.7621650484622271,0.7444715142263754,-0.06886944188781757],[0.6572039164955088,-0.08384671551362366,0.338339144642176,0.6562642563560669,0.5283717050787111,0.6572039164955088,0.7690306120131003,0.7653044214393407,0.7653044214393407,0.5838728107999624,0.3172160101173036,0.0360418210546829,0.7690117432558657,0.7555364576137653,1.0,0.9905797958779109,0.43379784085575523,0.7279508221394931,0.7279039416395254,0.632985319055716,0.7538285334015243,0.33752698523462593,0.2929496416884887,0.7426714752603817,0.7426714752603817,0.7261214584849567,-0.36270337365018085,0.19322330777063587,-0.15401329288485333,0.8040531898995847,0.8001436467431089,0.16323278819977083,-0.20212166279255872,0.7628169654841561,0.6156691074651216,0.22780637597753695,-0.31691342410802625,0.04966474062023537,0.5736028289648044,0.9982698641369403,0.41726052353644394,0.6868989600081783,0.7622559539011242,0.6868989600081783,-0.013958816686564924,0.4838809148320479,-0.42063996453640473,-0.4424774994147545,-0.13141915907390989,0.38458854010736887,-0.051735951893796026,-0.2125838013326472,0.6008794494831883,0.39351750223468385,0.7665632720621238,0.6041142551338463,0.7172590603740322,0.7429969950915604,-0.1118352858860492,-0.03111332766511112,0.48145908341190136,0.3100736446592255,0.4701154881895691,0.574449719026434,0.4701154881895691,0.18352505985178516,0.47218012447381397,0.5635291172090191,0.47218012447381397,0.22331846812674663,0.19649205788417834,0.3369254836006004,0.4592718006386183,0.3369254836006004,0.15002642974026198,-0.35590790412838097,0.08545108878566625,-0.6325026703510116,0.15379721448740322,-0.15044074658964343,0.22688193104884924,-0.15044074658964343,-0.15943228461865733,0.2577873657447845,-0.18055024754972326,0.030680181063556602,0.5780864346337942,0.4275235597238587,0.3433771869918782,0.3504929327451168,0.3433771869918782,0.424371487400079,0.424371487400079,-0.20659624990655684,-0.001961086770720461,0.24487605011010194,-0.1978179552310082,-0.47449386917412295,-0.4758850322639477,-0.007239090313046197,-0.06685342805133476,0.3533435676466108,0.15696178115944384,-0.10784498040157392,0.12821756288648462,-0.6908852454432841,-0.0668426487660318,-0.027328568485240602,-0.02745559518830523,-0.44004546478785495,-0.4522507994706272,-0.014258113597912845,-0.26352104011798555,-0.7318438064389285,-0.26326794790041863,-0.12731391473599651,-0.26326794790041863,-0.12433397322149899,-0.14017796751409212,-0.14017796751409212,-0.7274490640220244,-0.7274490640220244,-0.17878417892782644,0.39276037748716897,0.44752409671503557,0.675910425410963,0.4690783612983935,-0.1989513884856724,0.04611909212295053,0.6915960001769482,0.7216086046782769,0.6915960001769482,-0.15915552547051015],[0.5501780594862937,-0.1771964719114992,0.2770697662066815,0.5487256100122718,0.39469735877979495,0.5501780594862937,0.7499009857507247,0.7362648055457877,0.7362648055457877,0.4538409432212411,0.18978214284078956,-0.0694579648409358,0.7334942573903838,0.6660205611917269,0.9905797958779109,1.0,0.4448714873200062,0.6275721940764007,0.6275156760835539,0.5081106334235834,0.6640402416654383,0.34387558066084695,0.19550735859517684,0.7015848412963591,0.7015848412963591,0.6340279566887709,-0.42629829690467197,0.19632725996335199,-0.11113968794221542,0.7856380229719091,0.7200649885165019,0.1900918535682331,-0.1470436417211754,0.6748729635308691,0.48943072556157974,0.18439936978431642,-0.27801571290077515,-0.058480310437733454,0.4429614643195986,0.9924935506051541,0.4309092198316314,0.6008910908795975,0.6743792645982508,0.6008910908795975,-0.10121214063590384,0.41899197628185175,-0.4681664158617787,-0.4814448772506051,-0.19507941214483726,0.35016916926777464,-0.028924671281128335,-0.2154589113778261,0.48504562376422033,0.36564860143959477,0.6779931409827564,0.48209729701388265,0.6134121086210567,0.6387439023109396,-0.1410125314824962,-0.13969068401232254,0.39329928773798006,0.1856618350240741,0.380820415067356,0.5216798891228179,0.380820415067356,0.06417580509305461,0.38715254296040835,0.5062330266343636,0.38715254296040835,0.10098480772636796,0.17069866748945012,0.28182652839997563,0.42163597195130537,0.28182652839997563,0.0494462335052944