var element=document.getElementById("correlationClose");if(element.style.display!='none'){var correlationClose={"data":[{"type":"heatmap","z":[[1.0,0.9999837971930587,0.5803592403585686,0.9997055883865112,0.997532987212272,1.0,0.9910247292754032,0.9866800600535736,0.9916847830682246,0.9734056968402,0.982746441791005,0.9910685594563434,-0.12431091830642844,0.9911324200871979,0.9699348760236024,0.9644889216760167,0.4361184636124104,0.9921233223282081,0.9921088847530958,0.9841200789644355,0.9910558116865417,0.4471443810204621,0.6732707419625952,0.9783105554047443,0.9782881089780009,0.9625034790143555,0.31465415079857517,-0.11967710610604358,0.9898079601199948,0.9897689249647044,0.2818884316439622,-0.19811007217416546,0.9938831239666276,0.9947293799321664,0.8151673725258274,-0.3878010347408634,0.98798561180741,0.994512374627159,0.9712098746473024,0.4182444741572763,0.9940642228653589,0.9940508075440934,0.9940642228653589,0.8882537044184127,0.6678236120993426,0.8709672304744176,0.8842112533204542,0.7927669508173172,0.3859719993913566,-0.1372524050879826,0.1919627256089266,0.9452654424912187,0.4536189402746911,0.9767882919985288,0.9711188786049006,0.9164508345526079,0.9141262778544019,0.9342787488656052,0.9110954105620434,0.931134833547317,0.9319026215333956,0.931134833547317,0.8482131198002556,0.90766674200429,0.9087604274046028,0.90766674200429,0.8987834226948326,0.7396075378583551,0.8733614426166904,0.8749558700306015,0.8733614426166904,0.6245032994823855,0.31264987178556713,0.6018180407174484,-0.5918198266808757,0.49913141878453854,0.549926038147226,0.5512182034349736,0.549926038147226,-0.10350446207565828,0.8860861293581314,0.918176452585571,0.9000107201476413,0.9179400991138682,0.4295333210969758,0.883011599839198,0.8841722452452322,0.883011599839198,0.8918664667687596,0.8918664667687596,-0.1550071210669695,0.55927862658721,0.19180774989075625,-0.5733928864632536,-0.565699060723478,-0.569280071450786,-0.0480513348843273,0.06555269717129757,0.2548744413696005,0.12367537672953319,-0.4023961661220141,0.04946159217570697,-0.7933278737199335,-0.21699701339933503,0.1295146456353906,0.1296922504337252,-0.5450937788540263,-0.6032684539655246,-0.21912151965044704,-0.49118068906493695,-0.8283786289011882,-0.3551608314858811,-0.34638923686501927,-0.3551608314858811,-0.18760052962530332,-0.26439525770117445,-0.26439525770117445,-0.8166432822674407,-0.8166432822674407,0.3991980662203458,0.6554562600487518,0.871614083049682,0.8506824417908199,0.7870790222061018,-0.2561963839771628,0.7652000459284318,0.8055390091183654,0.8057747165594383,0.8055390091183654,-0.23470799120729535],[0.9999837971930587,1.0,0.9706982656582722,0.9992496278562439,0.9940229885872489,0.9999837971930585,0.9788896859691477,0.9703188227468799,0.9786841619634167,0.9599270461822664,0.9807820175816436,0.9789413739370255,0.9789034543061108,0.9787303436139753,0.8631457183598154,0.8449170225129546,-0.2848200752713236,0.9841037995827604,0.9840761029072003,0.979001805400095,0.9789935441599713,-0.13588083265472756,0.9694693387043772,0.9722995771201755,0.9723685783411369,0.962726649308592,0.06068152484813427,0.15441319516674892,0.9764346184329222,0.9764961673205962,0.9718507343579645,0.1508248843059425,0.9879773107726597,0.9880474658869403,0.9888016038116177,0.980945630220349,0.9864705918908074,0.988029261691862,0.8595683662725256,-0.2912392487205513,0.9888704116767878,0.9888525619249343,0.9888704116767878,0.8881747503578118,0.5427315558374992,0.8710185684560061,0.883996232806523,0.7920574479624426,-0.4314571053482914,-0.5440626326300201,0.8271990824395106,0.8565532463944987,-0.1904589252290044,0.9341630323045561,0.9342507271170988,0.9266409985775877,0.936243770150186,0.9148425614620971,0.9144836678190762,0.9213934876168922,0.9220992275323848,0.9213934876168922,0.7848088441849369,0.7456833498393589,0.7479523459084461,0.7456833498393589,0.9305090714513805,0.9354777005386767,0.9304397615777927,0.9316030528354031,0.9304397615777927,0.4571703426298024,0.3978298645099101,0.5181515572177594,0.6228349624380205,0.5047869630466811,0.5437494575685756,0.5445886262515958,0.5437494575685756,-0.219978041728718,0.8732224404290085,0.9085674507815661,0.8955988625939199,0.9335793939001217,-0.11226916915734463,0.867589996968226,0.867983959095795,0.867589996968226,0.8784451547873345,0.8784451547873345,-0.2559387363313267,0.5603555104227078,-0.377560434593685,-0.671222151769999,-0.4685380686051703,-0.4718525114376077,-0.3142039714206879,0.22970122362166306,-0.2222014467696061,-0.4082169233424391,-0.6086412860326376,-0.29522131728982404,-0.49803769135022524,-0.34947128372093766,0.1052086669415386,0.10068199871127934,-0.491763592544412,-0.44819412925807767,-0.476410439837737,-0.5061078821396141,-0.4985399307058156,-0.4784507276928285,-0.4817459372526646,-0.4784507276928285,-0.3594114202526794,-0.502086430265083,-0.502086430265083,-0.4747023069133637,-0.4747023069133637,0.3989122532571524,0.4095361676372034,0.5174858840968328,0.59924733199268,0.5726829597331868,-0.39729001137599085,0.3779238163226361,0.36731845858688117,0.3674053610417323,0.36731845858688117,0.11274223724762618],[0.5803592403585686,0.9706982656582722,1.0,0.5742193446493812,0.468544956083967,0.5803592403585685,0.5683067764802877,0.5570566886795741,0.4729444805321322,0.4148653225909323,0.9966790743413497,0.5683314421844797,0.5128248513573771,0.5686513132760309,0.5485201650345983,0.5784310258557144,-0.11526515798470069,0.5156409220410157,0.514739219490447,0.46943488771625935,0.5672335352713426,0.21311159329375046,0.7073836463779167,0.5365606685968949,0.5362851577927013,0.9844307708386606,0.30020051595158026,0.1768029319066497,0.5325650707805938,0.5320824467918408,0.765111534007491,0.013001590116155658,0.5662836180049049,0.47127384612081996,0.5504983104365273,0.3542108619392779,0.9940614486986697,0.4595104654640065,0.545705331227922,-0.12185343736051218,0.5823845091869001,0.5643022858688318,0.5823845091869001,0.8929766999847345,0.38983671773637923,0.9071167403279778,0.8734051774915031,0.6540487350723647,0.20118550290302248,-0.017857991210129633,0.05592711034109047,0.4334450817099281,-0.07533676197666211,0.5230344356340709,0.4604884673725279,-0.06652175423810962,0.7007099760615128,0.6514527415838368,0.49986023509697114,0.6577564980524946,0.7172942143325636,0.6577564980524946,0.35170160701484204,0.5520093196159307,0.6474191637719103,0.5520093196159307,0.5747531474630483,0.6262453581171723,0.667799881091057,0.7371395497157102,0.667799881091057,0.21975050224298454,-0.08534884280179068,0.2387913264646623,0.14088017413119897,0.23899674095640516,0.2614765127983797,0.4030728107621336,0.2614765127983797,-0.1745201043727865,0.4562086998094888,0.8162775459194728,0.5410020001507162,0.7336940870078548,0.06169409776279811,0.5200877737588602,0.5201573714647607,0.5200877737588602,0.6383938290893765,0.6383938290893765,-0.27966649203709765,0.7214600676584697,-0.22246567779203713,-0.5616824267274357,-0.39441163873921714,-0.3979531007863875,-0.3949446251928728,0.023175951641142063,0.023885553225859432,-0.26854747564381337,-0.5440207701439169,-0.138637710392317,-0.23559571977131671,-0.21502402200033827,-0.015042626353622805,-0.018781774273713924,-0.45425200482366,0.002827554683313899,-0.2247449412349963,-0.4875075034920044,-0.12206471806977466,-0.36342974755020674,-0.23957774245418495,-0.36342974755020674,-0.4278125408592547,-0.5091737994014021,-0.5091737994014021,-0.2463140355292858,-0.2463140355292858,0.32812267665729095,0.14168143987910176,0.24856975827809485,0.49182159903577777,0.22476587640199072,-0.314303830851743,-0.03531332768428236,0.4484705691665657,0.5617932095705234,0.4484705691665657,-0.043635365583393065],[0.9997055883865112,0.9992496278562439,0.5742193446493812,1.0,0.9986664999361192,0.9997055883865111,0.9925945044235533,0.9887274486274569,0.9935859865147448,0.9712184821559544,0.9875598268919363,0.9926266578349895,-0.12856046683054614,0.992663149907386,0.9713307062222062,0.9658799203027373,0.4218673819493622,0.993471828583541,0.9934594898237252,0.984528735064544,0.9926056995746214,0.43844825498723866,0.6767252670935205,0.9812282605464446,0.981206130377425,0.9722959513231804,0.3098667299393106,-0.126876604373309,0.9895081194974317,0.9894794012543541,0.27357793692375093,-0.1988626400177553,0.9946607440106464,0.9957823517591765,0.775329528085708,-0.39345922764113844,0.9915070137038187,0.9958035465144883,0.9717015933754685,0.4036319975435662,0.9922827878565188,0.9947292392726971,0.9922827878565188,0.8866418753965948,0.655109463402467,0.8787984036817289,0.8810215501518284,0.7706268835998266,0.38050783885998857,-0.1431642336469681,0.1855164238763123,0.9395098437446425,0.4375275223482749,0.9724761616223129,0.9682971007406785,0.8926708362233154,0.9055374162430069,0.9195456858037879,0.9061578315812032,0.9118418918811559,0.9129082002102636,0.9118418918811559,0.8385432979217776,0.8942180841340819,0.8954213448786233,0.8942180841340819,0.8944818977517567,0.6732930807643419,0.829942456532076,0.831578542847279,0.829942456532076,0.6145543113049797,0.10395597049928486,0.5899246024151849,-0.5969611801572,0.49262914432108906,0.2907421149566957,0.519281644336765,0.2907421149566957,-0.11041348632675435,0.8794706885883505,0.907879031360011,0.8902359480230937,0.891792047144711,0.4161072958590383,0.8773648484035743,0.8786918209196275,0.8773648484035743,0.8699577031976865,0.8699577031976865,-0.1611693586325417,0.585615236020275,0.19655883367810886,-0.5839885454105335,-0.5734857092899729,-0.5769724318799105,-0.06068079677089424,0.06007050309554654,0.24769371062380546,0.11078986944293646,-0.4151702078769989,0.04281313958481931,-0.8000540975960035,-0.22505345843683736,0.11844100400004229,0.11866550170083444,-0.5525993416346134,-0.6001449731512577,-0.2208652285963713,-0.5034155756763183,-0.8307760448183956,-0.35700987033103276,-0.34880593822767214,-0.35700987033103276,-0.19707038601030324,-0.2746389628408839,-0.2746389628408839,-0.8169001663381061,-0.8169001663381061,0.3861315590823367,0.64354594434823,0.8640564217606364,0.8431896999110496,0.7798452683611852,-0.2697994821711725,0.7563326485826916,0.7969721769593202,0.7972106157895053,0.7969721769593202,-0.21959627031572743],[0.997532987212272,0.9940229885872489,0.468544956083967,0.9986664999361192,1.0,0.997532987212272,0.9968299781706396,0.9949126318922801,0.9970180278156233,0.9610808113986503,0.995493505498154,0.9968497761145201,-0.3365787926397731,0.9968807007086055,0.9641427895013873,0.9531229366583416,0.22484260969377476,0.9974115198523407,0.9974050645590311,0.9862626173925452,0.9968353374776505,0.07408658635786358,0.6395511157338941,0.9907715380263402,0.9907280952078157,0.9853523298498681,0.06202979481778501,-0.11158003111009393,0.9876302873090969,0.9875685287209213,-0.03875283254113365,-0.09598163023421409,0.9977279794548775,0.997662965517988,0.7536034877551318,-0.5336626535977114,0.9972082219605335,0.9979265312318478,0.9618151926283816,0.20098543647504466,0.997679841848553,0.9976800616742988,0.997679841848553,0.9016164498062287,0.6160833022992291,0.899658671168254,0.8848831264005631,0.7379132205856982,-0.09953233361207395,-0.581342373440249,-0.23343664371384726,0.9250316249088748,0.29214060047717644,0.9661569237680743,0.9662043863861692,0.8874466009497656,0.8836753431517653,0.9056991016895584,0.8913988288100868,0.9038400614408089,0.9042630695366813,0.9038400614408089,0.8089867614905732,0.8379421337150377,0.8393386438089145,0.8379421337150377,0.8815345870061311,0.7757196449601944,0.8613790840172134,0.8623716177562507,0.8613790840172134,0.5660376069524659,0.4305874907763375,0.5495437031201207,-0.6392978481477033,0.5471443564145169,0.52440485898959,0.5238976403919394,0.52440485898959,-0.13100774158433873,0.8586343027363926,0.8778390857583127,0.8629896458701525,0.8971653073142298,0.2706985055557921,0.8597223477141638,0.8610281014742168,0.8597223477141638,0.8676481848901141,0.8676481848901141,-0.20388953875664198,0.6433057819144159,0.05026285846229791,-0.6188957079316969,-0.6302942660738841,-0.6306433274621773,-0.09659212666137053,0.08210911709020821,-0.15113383610306225,-0.14218645084165948,-0.5006657914085231,-0.32941739189741226,-0.8621770641326123,-0.5219306999328451,0.0845701960046622,0.0846281172699116,-0.582904141100498,-0.591707779891388,-0.5173808365989488,-0.5460591848186899,-0.797107471768842,-0.572974467417068,-0.5756990202985189,-0.572974467417068,-0.24071892174703738,-0.3130813020140215,-0.3130813020140215,-0.763239479139403,-0.763239479139403,0.3665459343207239,0.622146261669429,0.8140330126842709,0.7891534212973397,0.7669574281868389,-0.40762922684930303,0.6060215657023242,0.6876232693244131,0.6879392482378395,0.6876232693244131,0.012790034125944554],[1.0,0.9999837971930585,0.5803592403585685,0.9997055883865111,0.997532987212272,1.0,0.9910247292754032,0.9866800600535736,0.9916847830682246,0.9734056968402,0.982746441791005,0.9910685594563434,-0.12431091830642844,0.9911324200871979,0.9699348760236024,0.9644889216760167,0.4361184636124104,0.9921233223282081,0.9921088847530958,0.9841200789644355,0.9910558116865417,0.4471443810204621,0.6732707419625952,0.9783105554047443,0.9782881089780009,0.9625034790143555,0.31465415079857517,-0.11967710610604358,0.9898079601199948,0.9897689249647044,0.2818884316439622,-0.19811007217416546,0.9938831239666276,0.9947293799321664,0.8151673725258274,-0.3878010347408634,0.98798561180741,0.994512374627159,0.9712098746473024,0.4182444741572763,0.9940642228653589,0.9940508075440934,0.9940642228653589,0.8882537044184127,0.6678236120993426,0.8709672304744176,0.8842112533204542,0.7927669508173172,0.3859719993913566,-0.1372524050879826,0.1919627256089266,0.9452654424912187,0.4536189402746911,0.9767882919985288,0.9711188786049006,0.9164508345526079,0.9141262778544019,0.9342787488656052,0.9110954105620434,0.931134833547317,0.9319026215333956,0.931134833547317,0.8482131198002556,0.90766674200429,0.9087604274046028,0.90766674200429,0.8987834226948326,0.7396075378583551,0.8733614426166904,0.8749558700306015,0.8733614426166904,0.6245032994823855,0.31264987178556713,0.6018180407174484,-0.5918198266808757,0.49913141878453854,0.549926038147226,0.5512182034349736,0.549926038147226,-0.10350446207565828,0.8860861293581314,0.918176452585571,0.9000107201476413,0.9179400991138682,0.4295333210969758,0.883011599839198,0.8841722452452322,0.883011599839198,0.8918664667687596,0.8918664667687596,-0.1550071210669695,0.55927862658721,0.19180774989075625,-0.5733928864632536,-0.565699060723478,-0.569280071450786,-0.0480513348843273,0.06555269717129757,0.2548744413696005,0.12367537672953319,-0.4023961661220141,0.04946159217570697,-0.7933278737199335,-0.21699701339933503,0.1295146456353906,0.1296922504337252,-0.5450937788540263,-0.6032684539655246,-0.21912151965044704,-0.49118068906493695,-0.8283786289011882,-0.3551608314858811,-0.34638923686501927,-0.3551608314858811,-0.18760052962530332,-0.26439525770117445,-0.26439525770117445,-0.8166432822674407,-0.8166432822674407,0.3991980662203458,0.6554562600487518,0.871614083049682,0.8506824417908199,0.7870790222061018,-0.2561963839771628,0.7652000459284318,0.8055390091183654,0.8057747165594383,0.8055390091183654,-0.23470799120729535],[0.9910247292754032,0.9788896859691477,0.5683067764802877,0.9925945044235533,0.9968299781706396,0.9910247292754032,1.0,0.9972330168056982,0.9999684331049252,0.9525410513384146,0.9996054043592844,0.9999962346003072,-0.1421513322983069,0.9999926057447708,0.985213938886169,0.978930594453344,0.37377165105941046,0.9998402602440734,0.9998403809314721,0.988693696499287,0.9999964368411772,0.34570212448446086,0.6776319998368062,0.984482777277496,0.9848131041880124,0.9866646120901144,0.23216052915697527,-0.18526846104403358,0.9920598314321396,0.9918083572674571,0.1738525029345121,-0.24875638293376748,0.9993005715537714,0.9993945224346021,0.3611913455473636,-0.326640361202817,0.9987338723804937,0.9993138870203971,0.9818347359742842,0.35403445565715286,0.9330634639016022,0.9990299948753157,0.9330634639016022,0.9103848528726826,0.6201224121958836,0.9213765715307105,0.893963707521787,0.6927675042025361,0.4128203456230563,-0.08537376516834747,-0.21004212691931,0.9236833982669871,0.39684171031316506,0.9682869091244061,0.9614726865751803,-0.07783998858893111,0.8350719934036797,0.8059486598968795,0.8532836329538543,0.7994620736765279,0.7663575596411928,0.7994620736765279,0.7658978486982025,0.7667063886380681,0.7639257914417956,0.7667063886380681,0.8410377595764063,0.3178480136884085,0.5333919957952737,0.6136682059629437,0.5333919957952737,0.5338734279323278,-0.36015127249044077,0.4961516939615002,-0.6599382032264801,0.41523798833864517,-0.12570214661309323,0.37636213491003734,-0.12570214661309323,-0.15427682766976075,0.8167445549481298,0.8280297537870448,0.8164927492032257,0.739482712829074,0.36704984979085326,0.819376066089827,0.8212606272974694,0.819376066089827,0.7280438704372465,0.7280438704372465,-0.2408184957521755,0.6919851118322798,0.25166971202131094,-0.6011997999923148,-0.6161838795787915,-0.6191997684203346,-0.11171049753679255,0.008099521569910876,0.35287810672857417,0.07263813284268772,-0.44092450687480694,0.09497544172916912,-0.8271275632753344,-0.12834852298913715,0.04728872419444001,0.04758384702515345,-0.5979615991636389,-0.6063384590431039,-0.06014695738392207,-0.5826927959538615,-0.8431565786443043,-0.3530146258826321,-0.18028533424538282,-0.3530146258826321,-0.2759013195088131,-0.3238262138123662,-0.3238262138123662,-0.8363238944006455,-0.8363238944006455,0.3643392448506775,0.6000435982334376,0.4989684846102864,0.8065664648951605,0.7570582499190481,-0.32715197614205527,0.06027416888057726,0.7621865895938554,0.7808996148616246,0.7621865895938554,-0.14495707627743634],[0.9866800600535736,0.9703188227468799,0.5570566886795741,0.9887274486274569,0.9949126318922801,0.9866800600535736,0.9972330168056982,1.0,0.9994809323184766,0.9443645751194726,0.9983507008149324,0.9980279691786268,-0.15134328534900882,0.9990271039532616,0.9838079201863186,0.9711184223356677,0.35165645353622493,0.9990775369535294,0.999079145229459,0.9858021277756652,0.9991844496160801,0.31869618988728654,0.6771463672899246,0.9920029309226958,0.9825552546356352,0.9825671464486692,0.21270753829926795,-0.2000660502445776,0.9883370223717769,0.991750866893677,0.15364364764005872,-0.2555630064500036,0.998161174173842,0.9980706061166194,0.34069466339572957,-0.3340559817386893,0.9962417773516601,0.9979192197769188,0.9809393250209922,0.33143969617215785,0.92440145077722,0.9979905865184259,0.92440145077722,0.9077181480632366,0.6042147191888358,0.9217676773472951,0.8898963429429483,0.665729832102456,0.3993117256307385,-0.10114770135135466,-0.22366674266505732,0.9143784794735325,0.37569190103142414,0.9634706024016055,0.9558557655658246,-0.08868016585450972,0.820710986021528,0.7876274060696571,0.8432359908854992,0.7823585251717935,0.7528920113496047,0.7823585251717935,0.7512843973077494,0.74574712561713,0.7492241295159935,0.74574712561713,0.831266979993569,0.29627588435149943,0.5105725347894784,0.5956533027037697,0.5105725347894784,0.5186745035701833,-0.37599358573935876,0.47913539250080955,-0.6689800880702704,0.4055165574994826,-0.14937643689292887,0.35817625842591805,-0.14937643689292887,-0.1616244845268697,0.8049129415578398,0.8093553679942422,0.8010722137335401,0.7234155084968457,0.3494668474897125,0.8081845017069418,0.8102928968268176,0.8081845017069418,0.708024554892664,0.708024554892664,-0.257671452092104,0.7209950975682464,0.25962563500995195,-0.6112676772130536,-0.6302154222509936,-0.6330320906300635,-0.12744225112348445,-0.0005898268847727915,0.34592127763114233,0.052846949989544735,-0.45458748230954726,0.08554528047241157,-0.8341007213274059,-0.13498108624691332,0.030615642329596827,0.030926261586365564,-0.6107641692677369,-0.6076656512524851,-0.06715405657988029,-0.6013642951615296,-0.8435301276974035,-0.3652304736219145,-0.18667883155456028,-0.3652304736219145,-0.29495895854867965,-0.33865198768530175,-0.33865198768530175,-0.8350839177086943,-0.8350839177086943,0.34114015664776476,0.5818608486770772,0.47930738388673766,0.7880835198538022,0.7435230687047948,-0.35036174724749414,0.045440859946634785,0.7424330390091081,0.76474661764181,0.7424330390091081,-0.12711321439432788],[0.9916847830682246,0.9786841619634167,0.4729444805321322,0.9935859865147448,0.9970180278156233,0.9916847830682246,0.9999684331049252,0.9994809323184766,1.0,0.9513193055983377,0.9995546572394554,0.9999695094244032,-0.31269673218244837,0.99997397602056,0.9712877950536163,0.9585807775833214,0.2656340317722377,0.9997839673490507,0.9997845455621319,0.9884993627234123,0.9999664054047045,0.12184935675549216,0.6370122521873316,0.994289164573384,0.994235552539029,0.986461963841401,0.04416612688817124,-0.12496857483802079,0.9906144677599581,0.9905784660766319,-0.021357586878249478,-0.2090607766961682,0.9993243106438849,0.9992816486433975,0.764875296522472,-0.52381040014412,0.9986472125853183,0.9992923925820361,0.9675290438623195,0.2424449376792459,0.9991673386632357,0.9991727577469233,0.9991673386632357,0.9101658718460094,0.621042497974575,0.9207866029895186,0.8929980954474861,0.6921153055937231,0.00751589500118524,-0.527925106802228,-0.18337934134220837,0.9188473040593446,0.3450661540851588,0.962573151613064,0.9616837311238751,0.859236506567947,0.8357912549708093,0.8784745781176454,0.854094360124634,0.8766713673623131,0.8773978054875973,0.8766713673623131,0.7648822185025261,0.8192969842450606,0.8210109311937505,0.8192969842450606,0.8423867878890305,0.7361102477508757,0.830486012891504,0.8319334078767172,0.830486012891504,0.5330071143834586,0.35527747180434277,0.49508138856973244,-0.6867061386982595,0.47382664531300783,0.43780958084507504,0.4377961198569944,0.43780958084507504,-0.11125248087462523,0.8171426396263457,0.8277987982966822,0.8166838007366549,0.869614805647202,0.2918815245745937,0.8253038224157598,0.8276456164549719,0.8253038224157598,0.8332502493050213,0.8332502493050213,-0.2430414628478196,0.6932303166926533,0.07592780167904714,-0.6135598146281341,-0.6569467122171767,-0.6577753400502987,-0.11537963241608963,0.01035818111207689,-0.1581260433889791,-0.1121490646301199,-0.4880559912346132,-0.36007175777549183,-0.8768670599520237,-0.5603904675804242,0.04566812839567895,0.04672318803139987,-0.5998645745712106,-0.6024345750064605,-0.5269381026437067,-0.5848089044468087,-0.8175371062389936,-0.5965005775857523,-0.5986133695897334,-0.5965005775857523,-0.2784338109589883,-0.32743550505752755,-0.32743550505752755,-0.7970801103855544,-0.7970801103855544,0.36461125565702945,0.5986548431218178,0.8219103098315451,0.8008971374144325,0.7554457523880186,-0.35584576994887757,0.6395631758553086,0.7089168800335024,0.7090732901891683,0.7089168800335024,0.0956351855490045],[0.9734056968402,0.9599270461822664,0.4148653225909323,0.9712184821559544,0.9610808113986503,0.9734056968402,0.9525410513384146,0.9443645751194726,0.9513193055983377,1.0,0.926569722772766,0.9525716208683801,-0.24906056250247388,0.9522309058042003,0.903052853090513,0.8886390000441502,0.06949751487226938,0.9580212874374454,0.9579983615401158,0.9527141202513629,0.9527052111357657,0.0505626084060776,0.6841207215911684,0.9544819546365544,0.9546926185694428,0.8342470780974122,0.14698808618431536,-0.10721965958946203,0.9610070451356267,0.9611365178825216,0.1273796681101836,0.0628090421570084,0.9623030005978777,0.9625897460762368,0.856578216514873,-0.44493384816143094,0.9379119904843041,0.9614503735819049,0.9082928382348417,0.04697448275131023,0.9636579646360266,0.9636215324221445,0.9636579646360266,0.7865931900071487,0.4165125468393072,0.7558890431790019,0.8648253045265899,0.8323831536369741,-0.5522410337488259,-0.6864604059840027,-0.29998763981685367,0.8700662515127756,0.05979616758729861,0.9044624131342448,0.904513178495807,0.8629144966727886,0.8579978785839024,0.8878096738187359,0.8660129468565521,0.8798661856387493,0.8806683589798675,0.8798661856387493,0.8076680025815124,0.7864947099888668,0.7885816360282444,0.7864947099888668,0.8584176672307262,0.8778267611280544,0.856573394447072,0.857340758227654,0.856573394447072,0.6303208254620682,0.5502270024816632,0.6316715180021689,-0.4042364003152264,0.6531965626101662,0.6735997364132582,0.6766061506844647,0.6735997364132582,-0.269899098340466,0.8632216839572567,0.9230000993317392,0.8807839812944527,0.8785395051062095,0.16359690938195323,0.8554759781749779,0.8567884703880818,0.8554759781749779,0.8668538398012335,0.8668538398012335,0.014481404770367613,0.3097961265466885,-0.09186320948336198,-0.5247111819010739,-0.40479485921640573,-0.4067015751985867,0.048204826308516746,0.39251747614900834,0.08936858871174103,-0.049220693224568936,-0.37851707992658634,-0.006784994754924563,-0.8106401963858885,-0.1685213220424806,0.28127340193490014,0.28047378081228064,-0.3664239506865455,-0.4389652010563717,-0.3221877299580625,-0.3285603118427801,-0.6838267631435174,-0.3431173539377824,-0.3451763067237277,-0.3431173539377824,-0.07082841600804302,-0.3614620700474129,-0.3614620700474129,-0.5390407854884505,-0.5390407854884505,0.5630843723618557,0.6703310276378428,0.7602100797880661,0.6720009853043664,0.8364571775384324,-0.45127250671387714,0.38560919415783035,0.5602015864222776,0.560478448394521,0.5602015864222776,-0.22731196881949847],[0.982746441791005,0.9807820175816436,0.9966790743413497,0.9875598268919363,0.995493505498154,0.982746441791005,0.9996054043592844,0.9983507008149324,0.9995546572394554,0.926569722772766,1.0,0.9996031096080025,0.9995994283198197,0.9995563303748729,0.8996883650100964,0.8743666561416791,-0.39650760177390537,0.9997457683099354,0.9997496100336198,0.9996099701998991,0.9996098865457169,-0.2562811681118795,0.9633581620373808,0.9927213044957399,0.9926958807776296,0.9894979806945132,0.03851540365445432,0.08492174902754158,0.9895479520681383,0.9896028359405009,0.9725588720647773,0.024767286490625512,0.9987524438478359,0.9986955785410793,0.9985141771598639,0.9992629589922258,0.9992259582731172,0.998756778418982,0.8863411689100081,-0.40664064765409147,0.9984519921291327,0.9984629132951061,0.9984519921291327,0.903792427158858,0.4731304133219394,0.9165683579003366,0.8908970487883829,0.6934268174992461,-0.5294059910988418,-0.6544271146332873,0.7936488343666337,0.8083937129217666,-0.2992536184043288,0.9224657348015451,0.922666207888491,0.8593108209979897,0.8687991259657977,0.8366309038468062,0.8391663200522116,0.8456332728827987,0.8465441988094321,0.8456332728827987,0.6768402099291947,0.6316226221722032,0.6343186781511688,0.6316226221722032,0.8694609613247081,0.8782865258466203,0.8680949915716748,0.8695270384936601,0.8680949915716748,0.32778186006776894,0.257427932154042,0.38489200680425123,0.5087751009144696,0.38122152718155955,0.4278626749317528,0.4304427348330105,0.4278626749317528,-0.4122673962525712,0.7825794138912266,0.8321529187479956,0.8126836503559312,0.8679680352682276,-0.16409298510264322,0.775737611967596,0.7762684926357973,0.775737611967596,0.7898281918996078,0.7898281918996078,-0.3029175069129467,0.6846695309988048,-0.3968112380362363,-0.7071139669039812,-0.5474465116694691,-0.5496541618839392,-0.37327553282964393,0.1637491305139962,-0.2775734769352377,-0.4560839941069973,-0.6528661978665928,-0.35598157097131666,-0.6205709200305826,-0.4220476940072224,0.03534821023895846,0.0317473395653356,-0.5660441761639774,-0.5315756144601672,-0.5506261137479734,-0.5847890656171976,-0.5789674737672235,-0.5537841595830436,-0.5567905968847333,-0.5537841595830436,-0.4394919208808811,-0.6068992576768719,-0.6068992576768719,-0.6074839267333039,-0.6074839267333039,0.35976950251505474,0.3536651609379391,0.4707371653759473,0.552979636821282,0.5492376357240825,-0.5545342556510746,0.29423615739803105,0.3122446489838664,0.3124038204312571,0.3122446489838664,0.21702851263983663],[0.9910685594563434,0.9789413739370255,0.5683314421844797,0.9926266578349895,0.9968497761145201,0.9910685594563434,0.9999962346003072,0.9980279691786268,0.9999695094244032,0.9525716208683801,0.9996031096080025,1.0,-0.14181501193334214,0.9999944570025384,0.985195710318525,0.9785283153790661,0.3738439387783237,0.999841656196248,0.9998417469768441,0.9887352100829215,0.9999970651206287,0.34603188075845903,0.6777120614212251,0.9898918288639434,0.9848026729071079,0.9866462309652976,0.23244251409610234,-0.18520921443797977,0.9920616764801305,0.9918191469530019,0.17409990598258204,-0.24871742686779028,0.9993025491744189,0.9993986035166998,0.3611683160374433,-0.32641800844956875,0.9987357924673501,0.9993223806530184,0.9818129215265942,0.3541136675061401,0.933047343734124,0.9990326321583963,0.933047343734124,0.910400685815271,0.6202756436015592,0.9216094224293445,0.8941929257042126,0.6929133883015844,0.4132233979041092,-0.08491010237869577,-0.20966028642359708,0.9237650917675286,0.39692324621264147,0.9683816598128258,0.961541393415883,-0.0776390610789338,0.8352432275664755,0.8060592395989183,0.8534091780777601,0.7995705684745147,0.7662972042010324,0.7995705684745147,0.7659839131904557,0.7667692639749807,0.7638588202578234,0.7667692639749807,0.8412049536043255,0.31772101746402015,0.5334057395818088,0.6135781207598437,0.5334057395818088,0.5338177690363936,-0.3601692272515622,0.49611129304243445,-0.6598228923827936,0.415128577666016,-0.125831715558367,0.37640507429717485,-0.125831715558367,-0.15442791922750765,0.8168240158691201,0.8281825001240729,0.8165995933488265,0.7394752421220105,0.367127829873631,0.8194674881768756,0.8213463064970035,0.8194674881768756,0.7281254569140198,0.7281254569140198,-0.24079015901544595,0.6919786473744699,0.25178644701276903,-0.6012252811971255,-0.6160962241796621,-0.6191173432395977,-0.11179705145097535,0.007957658639377595,0.3530494335303598,0.07265629477881765,-0.44097675246239376,0.09523898120358591,-0.8268487866861284,-0.1280522553267689,0.04733633789741741,0.04764596642023029,-0.5979489386366972,-0.6061427090683399,-0.05989407851510551,-0.5826665972003789,-0.8430401157583535,-0.35278207772312115,-0.18007437543116567,-0.35278207772312115,-0.275755428927533,-0.32378986355391876,-0.32378986355391876,-0.8362635031558536,-0.8362635031558536,0.36482843410985316,0.60018831762712,0.4992221667447971,0.806827390138305,0.7571365778433611,-0.32692535803796724,0.060565382755750324,0.7624392956172891,0.7810165413746043,0.7624392956172891,-0.14498065760402365],[-0.12431091830642844,0.9789034543061108,0.5128248513573771,-0.12856046683054614,-0.3365787926397731,-0.12431091830642844,-0.1421513322983069,-0.15134328534900882,-0.31269673218244837,-0.24906056250247388,0.9995994283198197,-0.14181501193334214,1.0,-0.14119656192825203,-0.1448713343984285,-0.12139780677349161,-0.2943922730141707,-0.1426313504485589,-0.14313184745170407,-0.26444945621973714,-0.14273102516882902,0.026987263061416522,0.30950821668910444,-0.1754518084803079,-0.17578602690904982,0.98662632636706,0.24985975016124512,0.18661298940996573,-0.17917876702604463,-0.17978806310620896,0.537959929244706,0.12129276807566541,-0.14011080310365814,-0.29823826854788305,0.16967657709031983,0.9587398249373863,0.9987341550781638,-0.3293620419853972,-0.14264469731953408,-0.28433422730465346,-0.140428879871506,-0.14136505714219536,-0.140428879871506,0.9104802048102774,-0.11711034702794099,0.9215841518588441,0.894140367789903,0.6929001136764062,0.08467801907849543,0.25269677891744424,0.6447426087823368,-0.2617278548209556,-0.2973973988006468,-0.06107753544082993,-0.2953282501665964,0.03376772020809047,0.28936528355409663,-0.014307797915804832,-0.29309989547480403,-0.012056724031552285,-0.0024327817957218996,-0.012056724031552285,-0.3978408521997513,-0.099720212143973,-0.10183335249082667,-0.099720212143973,-0.19193284454381276,0.07480731796094034,0.052004673421648044,0.05196113643492274,0.052004673421648044,-0.4029427475416296,0.006860837736007365,-0.3671326025596266,0.6200400997199669,-0.33536657970536776,0.009156906802013965,-0.05594635394653959,0.009156906802013965,-0.30727073939535465,-0.32744089296612644,0.8281538260554688,-0.10151975624918083,0.02064753592939099,-0.22177809094152423,-0.25148802265405334,-0.25099442269137434,-0.25148802265405334,-0.02047302136242305,-0.02047302136242305,-0.22163179812470368,0.6919112073613651,-0.16167652083181186,-0.02534921404633321,0.1945591565503508,0.19312010522085782,-0.2528458380843347,-0.007259752318737656,0.01959251058108067,-0.1759511500778966,-0.11501474489820332,0.04060345440050397,0.3806873477678314,0.11196508135260404,-0.03848472507216047,-0.042420740083510836,0.08302548155516777,0.5681094736674138,0.0899793613103634,-0.1995690276725862,0.6091581329228337,0.09349831856418137,0.1016636705470104,0.09349831856418137,-0.24000995423968857,-0.1981907512044719,-0.1981907512044719,0.32049513102666466,0.32049513102666466,0.364935070639609,-0.2493444686188399,0.019758826426806753,0.09346331785353186,-0.24383819134117846,0.0699418165765366,0.15531975629088426,0.10664242126759758,0.10655566699620501,0.10664242126759758,0.12527896262992805],[0.9911324200871979,0.9787303436139753,0.5686513132760309,0.992663149907386,0.9968807007086055,0.9911324200871979,0.9999926057447708,0.9990271039532616,0.99997397602056,0.9522309058042003,0.9995563303748729,0.9999944570025384,-0.14119656192825203,1.0,0.9842715831790745,0.9759865064729374,0.3739553292324682,0.9998446622251365,0.9998446683633795,0.9888920822318996,0.999994468743722,0.3467160726937743,0.6775585234474648,0.9933631720879557,0.9932532344195434,0.9865317473157135,0.23272893705611924,-0.1852523574948506,0.9928121198914258,0.9928584236783545,0.17488928223608244,-0.24854469646666136,0.9993523435699524,0.9993975464291507,0.3601149392808711,-0.3255624867230098,0.9986754252467979,0.9993254079398141,0.981838684547312,0.354250070819972,0.932538226108242,0.9990882097048843,0.932538226108242,0.9106757556915731,0.621003607666738,0.9219506199910013,0.894542236451425,0.6926042878855017,0.41463705991823463,-0.08329736811785966,-0.20986428082435188,0.9241588961007188,0.39720725848945143,0.9687993147905901,0.961900979082005,-0.07866777026607193,0.835529430983978,0.805980579696758,0.8536697236291811,0.7995323293482482,0.765891047466936,0.7995323293482482,0.7661830115983207,0.7667243712683949,0.7642755746428223,0.7667243712683949,0.8415552259559025,0.31703439722959215,0.5328909115950556,0.6136089982959247,0.5328909115950556,0.5336511207462784,-0.3613512452708446,0.49601620174849353,-0.6599763666282511,0.41473816294261334,-0.1268459941744889,0.3760555695868763,-0.1268459941744889,-0.15437131052738698,0.8169623568602352,0.8278040957792167,0.8167061771702577,0.729849523994413,0.36750971273621313,0.819592787318881,0.8214609045003393,0.819592787318881,0.7279334441516051,0.7279334441516051,-0.24241336935397026,0.6928635802468418,0.25229695312181183,-0.6012151137794103,-0.6164815989092594,-0.6195074158930511,-0.11298421754853652,0.006695330948978864,0.35335465029881696,0.07219727720757678,-0.44124735823369216,0.09531559998906357,-0.8259722755478774,-0.127894264758806,0.04629028776609406,0.046594974383256514,-0.5985922040185936,-0.6064260420278332,-0.05930769988426392,-0.5840233663182164,-0.8430282895986004,-0.3527184199274728,-0.179510177192932,-0.3527184199274728,-0.2767650689707377,-0.32427561316607284,-0.32427561316607284,-0.8366113173480736,-0.8366113173480736,0.3649931324894971,0.5998556718392377,0.49867164572188777,0.8072745206215723,0.7565663409349702,-0.3264460062135584,0.059884017027405,0.762840382295402,0.7816230405301424,0.762840382295402,-0.14465478125482809],[0.9699348760236024,0.8631457183598154,0.5485201650345983,0.9713307062222062,0.9641427895013873,0.9699348760236024,0.985213938886169,0.9838079201863186,0.9712877950536163,0.903052853090513,0.8996883650100964,0.985195710318525,-0.1448713343984285,0.9842715831790745,1.0,0.9972182913050356,0.39195704377613577,0.9821518661145949,0.9821570541664403,0.9649200848455264,0.9841657435484015,0.3418793158987933,0.6467478509893564,0.9769512888999865,0.9677162812255748,0.7657482642001942,0.2193795124591974,-0.18772150303324325,0.9805569807991444,0.9803041726492892,0.1673489683158391,-0.25623263593132806,0.9843297378849171,0.9733563989834265,0.3436610836388077,-0.3223862873800515,0.9026630910320693,0.969867286286055,0.9985221525750044,0.37266959437792924,0.9146981621394106,0.9841215286848992,0.9146981621394106,0.8142860477259363,0.6159751292223751,0.6859900450137589,0.6579071462729269,0.6184141567069295,0.41537247788469883,-0.07505657882169857,-0.2113299573862279,0.9063482417888236,0.4036485404722807,0.9570709626889499,0.9384949898119993,-0.08814240290373791,0.7519545635602122,0.7848737305830257,0.8117821973454442,0.7777894163520743,0.7550684079759089,0.7777894163520743,0.7166760783426361,0.7493685437525955,0.7540730859920192,0.7493685437525955,0.7913174675940899,0.3017230173792573,0.5139735249869656,0.6013325269577174,0.5139735249869656,0.5085745394728616,-0.3641908560923722,0.46733080446002156,-0.6579149261819177,0.3898323205808287,-0.13195033990942936,0.3626434590429374,-0.13195033990942936,-0.15381987322227084,0.7761715762726418,0.7226918816021066,0.748654426448571,0.7284722809111018,0.39040978785891733,0.7861501620584973,0.7888329917225549,0.7861501620584973,0.7066974166591119,0.7066974166591119,-0.2472968148383574,0.5737364066331563,0.2513912882352416,-0.5542312210221466,-0.6049505263878191,-0.6078244886313413,-0.1011574990907311,-0.009399534898029064,0.35788677579590744,0.08914348531236087,-0.3976046477961809,0.10340041623926187,-0.8150317652232261,-0.11705318747471463,0.029403321931434488,0.030212947888032724,-0.5843349749810034,-0.5920045613627516,-0.04823756915705,-0.5527479842774609,-0.8342912863559185,-0.34009452482998176,-0.16823724722139635,-0.34009452482998176,-0.26480922210102464,-0.3080337854162497,-0.3080337854162497,-0.8285032588581042,-0.8285032588581042,0.28706987198403955,0.5844688018526847,0.49241496443920485,0.8014842535662033,0.7349995921387289,-0.3112601704350416,0.056750235193984935,0.7604536593973255,0.7805146832512639,0.7604536593973255,-0.1430425497779083],[0.9644889216760167,0.8449170225129546,0.5784310258557144,0.9658799203027373,0.9531229366583416,0.9644889216760167,0.978930594453344,0.9711184223356677,0.9585807775833214,0.8886390000441502,0.8743666561416791,0.9785283153790661,-0.12139780677349161,0.9759865064729374,0.9972182913050356,1.0,0.38562795928522403,0.9733026060396379,0.9733043341781517,0.950751475399507,0.9758090861382993,0.35672813256675784,0.6605750520570156,0.9548643431942507,0.9575495641506525,0.7253598748268203,0.24198747927940858,-0.1631122587811986,0.9789738671133017,0.9723038955204567,0.20100689943621053,-0.22942463120810513,0.976771642001364,0.9614247082648322,0.3694283311585749,-0.291917201163943,0.8785320246154247,0.95744220817395,0.9970564782858808,0.36691429776442064,0.9111020998116957,0.9766930830965868,0.9111020998116957,0.7824369056163389,0.6185746877025218,0.6445679194293603,0.6281969542072768,0.6223505136474872,0.40887787128444925,-0.06962305524862551,-0.21626228013960783,0.8974257197550035,0.3923266470601885,0.950672342954006,0.9277495961317596,-0.09874775327999707,0.7543918630639984,0.8031696991330358,0.8168893249982171,0.7947140107879715,0.7823386641551658,0.7947140107879715,0.7195981048512146,0.7652866677498931,0.7778721065883285,0.7652866677498931,0.7974784918320449,0.343716807437755,0.5462112000974475,0.6376001564620335,0.5462112000974475,0.520320411954625,-0.3530251614445753,0.4837118694405378,-0.6172272412424837,0.4087889607286709,-0.09411045402242191,0.3949017572763709,-0.09411045402242191,-0.1523728597605718,0.7835721436622612,0.7215806459219101,0.751204380102298,0.7597866438081329,0.3896338845320024,0.7944028882828276,0.7969752973844536,0.7944028882828276,0.7310977747933616,0.7310977747933616,-0.22267735279039685,0.5162231786914804,0.22421323870568796,-0.5574174102998949,-0.5920035181307323,-0.5950156706790561,-0.09737918026878237,0.011725663758706734,0.3569288559490674,0.08529156789808556,-0.40186222634992935,0.1055218865732041,-0.7967070919861059,-0.11163549234885661,0.04820904026984974,0.048718486367267444,-0.5725792641558113,-0.55922395213296,-0.04850898870395214,-0.5218100136943095,-0.8121206456116029,-0.3355159634898587,-0.1618128796323017,-0.3355159634898587,-0.24511026725216908,-0.30743105484964367,-0.307431054