var config = { responsive: true }

var correlationClose = {"data": [{"type": "heatmap", "z": [[1.0, 0.9999839239206693, 0.9768261334882095, 0.9996928105207179, 0.997212814678738, 1.0, 0.9899133544077208, 0.9850572519611992, 0.9904857088680703, 0.9729739707688646, 0.9786401789389417, 0.9899622494932467, 0.9901260242438037, 0.9900337739236863, 0.990092016689844, 0.9930545371052875, 0.9932443924723854, 0.9911504603490776, 0.9911390821066011, 0.9910874405363712, 0.9899534624696805, 0.9767212812574635, 0.9632239796918154, 0.9757154181736633, 0.9756876472891388, 0.9480669499002701, 0.9515126667047921, 0.9421677217692398, 0.9898480063250297, 0.9898023273759028, 0.9856218079345135, 0.9742437941826205, 0.9931456309980774, 0.9940944561841338, 0.9931647989396652, 0.9913526635338983, 0.9853697370791129, 0.993758128266955, 0.9937222774201333, 0.9946701698558861, 0.9933592410702313, 0.9933474464814175, 0.9933592410702313, 0.8990713244981992, 0.6998693586943425, 0.8640694893061054, 0.9031129017797039, 0.8190268226730747, 0.9656209457888574, 0.9295424641661383, 0.9562618918175452, 0.9510985187276365, 0.9546809422516465, 0.978376169468627, 0.972261862473085, 0.9058755845957999, 0.8935870919778214, 0.9262073313339304, 0.8958941580049132, 0.9225604932722841, 0.9234808505226376, 0.9225604932722841, 0.8268133764827617, 0.9018982482052927, 0.9031587578826707, 0.9018982482052927, 0.8798808560210667, 0.7029454807003099, 0.8566825306019248, 0.8585812648736645, 0.8566825306019248, 0.5973331532702574, 0.4849344737648053, 0.5715985215413025, 0.7248507966996713, 0.4576023349393655, 0.5244001774943016, 0.5264890334689646, 0.5244001774943016, -0.5962597156647075, 0.8670833501454013, 0.8975440749389212, 0.8792476556622217, 0.907496894209063, 0.9328086619512345, 0.8655983669167187, 0.8671288697201036, 0.8655983669167187, 0.8789497733842832, 0.8789497733842832, -0.17428802325902484, 0.4956637246361784, 0.21659637115998953, -0.507986576072651, -0.5382979207699291, -0.5420754606243412, 0.015175287706203522, 0.02766590324037292, 0.29430151839991037, 0.20905349861457434, 0.12457495546559426, 0.09948492892247145, 0.12683029298468707, -0.16634373381363243, 0.09809025462108152, 0.09822029325383035, -0.5091306330637583, -0.4031275940957078, -0.1645949630129892, -0.4489375462067094, -0.33138207071919495, -0.30677760985779257, -0.29720529443658933, -0.30677760985779257, -0.1594784998204213, -0.21107571704715933, -0.21107571704715933, -0.5178147406457096, -0.5178147406457096, 0.39848771056126736, 0.6721739878179158, 0.8797754629397575, 0.8571763552069848, 0.7971233478480998, 0.6784589248044806, 0.7784116579452758, 0.8197626255222557, 0.8199320425998673, 0.8197626255222557], [0.9999839239206693, 1.0, 0.962932457494534, 0.9991090298396712, 0.992512164296717, 0.9999839239206691, 0.9736761891965519, 0.9627645641629037, 0.9733951220718298, 0.9548527843881656, 0.9759354943665698, 0.9737291313996416, 0.9736795160448244, 0.9734634827337714, 0.9725530425644634, 0.9826751023680244, 0.981110596193458, 0.9801372681766892, 0.9801017415499189, 0.9738119921154336, 0.973800268260392, 0.9791698560432462, 0.9636226324582191, 0.9653766531499142, 0.9654657525898293, 0.9485021136489994, 0.9709506798281317, 0.9247163635061191, 0.9731208197897981, 0.9731757268813428, 0.9703068533956805, 0.9170381467729144, 0.9852749864773505, 0.9853921468065999, 0.9862981973539704, 0.9765396310859588, 0.983306549554539, 0.9852675818054933, 0.9860382633169408, 0.9857968359163414, 0.9864436090393238, 0.9864175133913031, 0.9864436090393238, 0.8992640965777472, 0.6231062451403946, 0.8652225407993406, 0.9042862696339713, 0.8182418198205553, 0.8708792939368835, 0.8842250147348505, 0.8616656618907775, 0.8770391525484849, 0.8674410463243281, 0.9386476697321523, 0.9386991225114655, 0.9075004313617926, 0.9194593205363525, 0.8927972863322341, 0.8923284210320586, 0.9007104945677917, 0.9015747864964814, 0.9007104945677917, 0.7428171149646042, 0.7071055863538408, 0.7092842608558506, 0.7071055863538408, 0.9127341006599132, 0.9189029101043316, 0.9123499793741954, 0.9138365945261369, 0.9123499793741954, 0.4068586322203311, 0.3515877016602515, 0.47423189110196023, 0.5703546053848244, 0.44719354695909325, 0.49484583200544335, 0.4959424502066651, 0.49484583200544335, -0.18572533567014415, 0.8426578947991129, 0.8841472872492538, 0.8685688988875059, 0.915805070859849, 0.9174907128052464, 0.8357001158649383, 0.8361506076265384, 0.8357001158649383, 0.8482601301549514, 0.8482601301549514, -0.2830423777610012, 0.4965489161338108, -0.3738764369101867, -0.4504974250821189, -0.4520824485462585, -0.455542239821799, -0.2524106617663942, 0.20104662533672132, -0.17178213074542242, -0.32546362207437257, -0.18262074152705426, -0.23640760993033927, -0.261144198766237, -0.2890634628593087, 0.07223709850180283, 0.06669598321737126, -0.46225907325244237, -0.41283022590896873, -0.44064673270299853, -0.47071654869605495, -0.46313345105928305, -0.4440331780184875, -0.44717205009496475, -0.4440331780184875, -0.34669805750574256, -0.4715447917263958, -0.4715447917263958, -0.45184771050413886, -0.45184771050413886, 0.3980090913364288, 0.4447862412541784, 0.5327052437767642, 0.613708156556001, 0.5921822196318174, 0.2697183574286392, 0.4113718088840888, 0.41046953992079527, 0.41057306634235435, 0.41046953992079527], [0.9768261334882095, 0.962932457494534, 1.0, 0.9808888045621063, 0.990678339075123, 0.9768261334882096, 0.9851219097976655, 0.9831123686397139, 0.9921546660347165, 0.9338261214436323, 0.9962169503071319, 0.9850698063161036, 0.9825183051904607, 0.9848312853881463, 0.9847208354651309, 0.9879040643786723, 0.9889973578127874, 0.9825091121973261, 0.9824910303296092, 0.9906664073332565, 0.9849766906251609, 0.9903395685644205, 0.9785895373782589, 0.9823733054620436, 0.9823907688205722, 0.978727395955337, 0.9766681072473216, 0.9453607949355641, 0.9669958644049159, 0.9670642440788855, 0.9720131158364967, 0.9477343556015282, 0.9810336051003773, 0.987616273829425, 0.979333580515486, 0.9824240033839478, 0.9932593236010392, 0.9895755565862557, 0.9791239973831288, 0.986652471934198, 0.9807296362408506, 0.9800023698111322, 0.9807296362408506, 0.9083860159773196, 0.615887628959901, 0.910190689244942, 0.8820575801179787, 0.6623528017543379, 0.9087097739467773, 0.8573498258868855, 0.8963708497747087, 0.8931962666918052, 0.9010977199786572, 0.9293340413247984, 0.938824090988136, 0.7364716345378759, 0.7939666764843459, 0.8123294122018729, 0.8319784473111668, 0.8045260484446659, 0.7743145958172978, 0.8045260484446659, 0.7163717503441018, 0.7618087598202212, 0.7626221677698726, 0.7618087598202212, 0.823609461642201, 0.38736802859759806, 0.5798997740559001, 0.6523442233782015, 0.5798997740559001, 0.4898010000519712, 0.4619793692701482, 0.45348797865983814, 0.6140185990234897, 0.3899387824714105, 0.4232505395894138, 0.38929226981746445, 0.4232505395894138, -0.5878347359175253, 0.7902036768055559, 0.7677300504305602, 0.7707062930213407, 0.7513871162998934, 0.8791544156012876, 0.7967388117355383, 0.7994122899260137, 0.7967388117355383, 0.7413472706978581, 0.7413472706978581, -0.28471919261836903, 0.696738648072552, 0.16590421067699268, -0.6050267929823682, -0.6312997318171121, -0.6341315668662385, -0.09812809199935724, -0.013970699571991882, 0.28918921303769785, 0.07450573777283068, 0.017294665609365913, 0.049437901465693795, 0.016099136182476548, -0.16373869250120412, -0.0002776358680444014, -0.00043865387374954044, -0.6007073654761796, -0.5189891899816909, -0.12187824208070867, -0.5752484270684014, -0.4297283593897767, -0.3938373109118046, -0.224304891686743, -0.3938373109118046, -0.28636005032934925, -0.3491909617461996, -0.3491909617461996, -0.6218338787070711, -0.6218338787070711, 0.3103927190045637, 0.576007302738983, 0.7855598671626719, 0.7637312306367401, 0.7328332824969052, 0.5706089353921383, 0.7117732784261965, 0.7193879698103892, 0.7513290077812798, 0.7193879698103892], [0.9996928105207179, 0.9991090298396712, 0.9808888045621063, 1.0, 0.9984675620855663, 0.9996928105207177, 0.9916490198702443, 0.9872671707265503, 0.9926670696331527, 0.9709078572187052, 0.9846663988004394, 0.9916842450592791, 0.9917747547948917, 0.9917257060525959, 0.9917695994472702, 0.9946964887786142, 0.9948562217395246, 0.9926376859885734, 0.9926279981250298, 0.993031592252442, 0.9916665957141609, 0.9801376943808447, 0.9663988823200764, 0.9788247819828595, 0.9787982238533536, 0.9617984793759851, 0.9561158350361137, 0.9435547705840197, 0.989839001878745, 0.9898042487846089, 0.9866513907455258, 0.9737937216841785, 0.99405919930911, 0.995374167632021, 0.994032356896864, 0.9926387800197686, 0.9898828331698151, 0.9952931466022849, 0.9944388238285521, 0.9958673766369989, 0.9941690486151847, 0.994160882027243, 0.9941690486151847, 0.8990307407968593, 0.6875283014360185, 0.8748865584364549, 0.8983872412852938, 0.7959443799392727, 0.9599365316547246, 0.9216710300373314, 0.9495881344568897, 0.9455676337009821, 0.9499081757158438, 0.9742260750193725, 0.9696248367013728, 0.8788800796014444, 0.8822214718833777, 0.9095602353824163, 0.8896276318566565, 0.9007697134418035, 0.9020416088005497, 0.9007697134418035, 0.8156081458877973, 0.887559820430723, 0.8889530304464588, 0.887559820430723, 0.874017696102344, 0.6285330625156942, 0.8073206412825477, 0.8092901322728407, 0.8073206412825477, 0.5864146503677963, 0.4565489992890115, 0.5584350728391956, 0.7055517011192284, 0.450084916467853, 0.49065034899838683, 0.4934735981276924, 0.49065034899838683, -0.5981620758354431, 0.859035693444639, 0.8841011245302355, 0.867148686355278, 0.8778187327731493, 0.9283692400424084, 0.858777198080062, 0.8605059663451896, 0.858777198080062, 0.8544522045300897, 0.8544522045300897, -0.18161527952271947, 0.5280547088452848, 0.22147417125320942, -0.5167601901963755, -0.5466843199182821, -0.550370532697398, 0.0023804016782202364, 0.021224958245980204, 0.28706136758254575, 0.1966660264638611, 0.11384060896687088, 0.09273040518504663, 0.12059487910262676, -0.17448590881519446, 0.0857533192056811, 0.0859276244422295, -0.5171060810760407, -0.41484086628670985, -0.16653314195240865, -0.46264849930570756, -0.3339269535802402, -0.3087074807933298, -0.2996928086120825, -0.3087074807933298, -0.16963475530750394, -0.22181400583517596, -0.22181400583517596, -0.5294597974833302, -0.5294597974833302, 0.38178623012673973, 0.6600718935310822, 0.8725199845204843, 0.8499157367931278, 0.7900090263516721, 0.6698503352772517, 0.769828657959556, 0.8115391968482373, 0.8117226623518431, 0.8115391968482373], [0.997212814678738, 0.992512164296717, 0.990678339075123, 0.9984675620855663, 1.0, 0.997212814678738, 0.9964621530442043, 0.994162873040935, 0.9966442580451931, 0.9594271707781418, 0.9945463843471732, 0.9964805182913246, 0.9965841479383952, 0.9965148531651541, 0.9965118735368336, 0.9975984108057556, 0.9972291336460446, 0.9971233745372827, 0.9971205379058408, 0.9964766183449953, 0.9964733950675947, 0.9928541371668869, 0.9793495149126016, 0.9893431445902438, 0.9892943928848325, 0.9799844615568315, 0.978161383980684, 0.9476347621001359, 0.9885026791324187, 0.9884379381871787, 0.9879662452154039, 0.9646736207889505, 0.9976704295254686, 0.9976189405590703, 0.9975261353155431, 0.9970236222689667, 0.9969280181529186, 0.9978312152667983, 0.9979467397118817, 0.9976882112835731, 0.9976575567724759, 0.9976613063318417, 0.9976575567724759, 0.9163212239177118, 0.6501543466653721, 0.9015023008162423, 0.9003143074028971, 0.7580799063369221, 0.9398795721732708, 0.8940033263172449, 0.9286788953421161, 0.9309842796321177, 0.9388957122185866, 0.9675991450998813, 0.9676976652561649, 0.8681903017404284, 0.8549435002155399, 0.8899450552086772, 0.8717888324695373, 0.8877585384283683, 0.8883423496255749, 0.8877585384283683, 0.7813049728493038, 0.822515671332827, 0.8242438154994223, 0.822515671332827, 0.8578013587699338, 0.7346758619212065, 0.8371077377519831, 0.8383943557100885, 0.8371077377519831, 0.5329612287936942, 0.39309436600735104, 0.5135138465695039, 0.6898797847328098, 0.505336367169616, 0.4813878241098652, 0.48166200977616513, 0.4813878241098652, -0.5846493695067696, 0.8343526065296188, 0.8464193228177116, 0.8340668844702384, 0.8796367983864405, 0.8998517077283055, 0.8371252232508039, 0.8388096517412641, 0.8371252232508039, 0.8458776421445225, 0.8458776421445225, -0.22890286984516467, 0.5992134817761614, 0.07729814658201559, -0.575318992086174, -0.6101694016815428, -0.6105302183093473, -0.03608138389877241, 0.04103587537347891, -0.11188285615750872, -0.055184896989396326, -0.04030831842166276, -0.2850574570731528, -0.33783919274518676, -0.48477395226969416, 0.04857413867395776, 0.0485728372081707, -0.5507322203593487, -0.4567089346936097, -0.4777371868318169, -0.51110112244208, -0.5685613260907323, -0.5386680210197511, -0.5410892199507923, -0.5386680210197511, -0.2175471213930853, -0.2638655376857003, -0.2638655376857003, -0.6367648251741401, -0.6367648251741401, 0.3564684222856802, 0.6373572437858505, 0.8201303326103251, 0.7909569194567382, 0.7763877132815172, 0.5972986175615178, 0.618168316498976, 0.7034733842197589, 0.7037998031566053, 0.7034733842197589], [1.0, 0.9999839239206691, 0.9768261334882096, 0.9996928105207177, 0.997212814678738, 1.0, 0.9899133544077208, 0.9850572519611992, 0.9904857088680703, 0.9729739707688646, 0.9786401789389417, 0.9899622494932467, 0.9901260242438037, 0.9900337739236863, 0.990092016689844, 0.9930545371052875, 0.9932443924723854, 0.9911504603490776, 0.9911390821066011, 0.9910874405363712, 0.9899534624696805, 0.9767212812574635, 0.9632239796918154, 0.9757154181736633, 0.9756876472891388, 0.9480669499002701, 0.9515126667047921, 0.9421677217692398, 0.9898480063250297, 0.9898023273759028, 0.9856218079345135, 0.9742437941826205, 0.9931456309980774, 0.9940944561841338, 0.9931647989396652, 0.9913526635338983, 0.9853697370791129, 0.993758128266955, 0.9937222774201333, 0.9946701698558861, 0.9933592410702313, 0.9933474464814175, 0.9933592410702313, 0.8990713244981992, 0.6998693586943425, 0.8640694893061054, 0.9031129017797039, 0.8190268226730747, 0.9656209457888574, 0.9295424641661383, 0.9562618918175452, 0.9510985187276365, 0.9546809422516465, 0.978376169468627, 0.972261862473085, 0.9058755845957999, 0.8935870919778214, 0.9262073313339304, 0.8958941580049132, 0.9225604932722841, 0.9234808505226376, 0.9225604932722841, 0.8268133764827617, 0.9018982482052927, 0.9031587578826707, 0.9018982482052927, 0.8798808560210667, 0.7029454807003099, 0.8566825306019248, 0.8585812648736645, 0.8566825306019248, 0.5973331532702574, 0.4849344737648053, 0.5715985215413025, 0.7248507966996713, 0.4576023349393655, 0.5244001774943016, 0.5264890334689646, 0.5244001774943016, -0.5962597156647075, 0.8670833501454013, 0.8975440749389212, 0.8792476556622217, 0.907496894209063, 0.9328086619512345, 0.8655983669167187, 0.8671288697201036, 0.8655983669167187, 0.8789497733842832, 0.8789497733842832, -0.17428802325902484, 0.4956637246361784, 0.21659637115998953, -0.507986576072651, -0.5382979207699291, -0.5420754606243412, 0.015175287706203522, 0.02766590324037292, 0.29430151839991037, 0.20905349861457434, 0.12457495546559426, 0.09948492892247145, 0.12683029298468707, -0.16634373381363243, 0.09809025462108152, 0.09822029325383035, -0.5091306330637583, -0.4031275940957078, -0.1645949630129892, -0.4489375462067094, -0.33138207071919495, -0.30677760985779257, -0.29720529443658933, -0.30677760985779257, -0.1594784998204213, -0.21107571704715933, -0.21107571704715933, -0.5178147406457096, -0.5178147406457096, 0.39848771056126736, 0.6721739878179158, 0.8797754629397575, 0.8571763552069848, 0.7971233478480998, 0.6784589248044806, 0.7784116579452758, 0.8197626255222557, 0.8199320425998673, 0.8197626255222557], [0.9899133544077208, 0.9736761891965519, 0.9851219097976655, 0.9916490198702443, 0.9964621530442043, 0.9899133544077208, 1.0, 0.9970012955205899, 0.9999665978689044, 0.9483220154054295, 0.9995205080207992, 0.9999958923909061, 0.9999564378488703, 0.9999918452137752, 0.999915531753781, 0.9936815301888914, 0.9998049161475963, 0.9998208858552087, 0.9998213677707138, 0.9999942231782952, 0.9999963125144617, 0.9907701634847428, 0.9742381981755489, 0.9833374517007829, 0.9921341238591067, 0.981806783044817, 0.9702961374317458, 0.937481323642107, 0.9925892797810679, 0.9922368647644668, 0.9920976633010645, 0.9679203201526129, 0.9992735506804563, 0.9993572423347243, 0.999331132668495, 0.999729338620741, 0.998472168970012, 0.9992320860745494, 0.9981512620392188, 0.9993407543762576, 0.999082695778009, 0.9989964810296997, 0.999082695778009, 0.9225861040974115, 0.6482508921385952, 0.9237305973189812, 0.9030151796893658, 0.7022624443566686, 0.9487442313439446, 0.912357602549909, 0.9363598091834477, 0.9270715727171317, 0.9381363204997326, 0.9692224143001363, 0.961281889648134, 0.6918975078618035, 0.7973563457559442, 0.7829500564480409, 0.8285569714189074, 0.7755149960298343, 0.7471245701349115, 0.7755149960298343, 0.732246844421783, 0.7489989371071202, 0.7524444292900008, 0.7489989371071202, 0.8112087464778678, 0.26278542508179553, 0.48528278036825173, 0.5808433854869605, 0.48528278036825173, 0.4977413862292327, 0.45902211729744896, 0.4549220910227149, 0.5902872770728376, 0.36572501779801825, 0.39656588124722636, 0.34372555167926, 0.39656588124722636, -0.6518929139075746, 0.786918821108312, 0.7859902357694312, 0.7796589158142487, 0.7172825304473223, 0.883531348884089, 0.7927596715911576, 0.7952185190461545, 0.7927596715911576, 0.6976286654028979, 0.6976286654028979, -0.2673198507777949, 0.6578966907165222, 0.26590191796345275, -0.565255929013945, -0.5932457634268847, -0.5964290010838421, -0.0549655639282054, -0.03373044274830572, 0.3818796247381525, 0.15325109988287605, 0.06913149619793926, 0.13696042925984936, 0.1050640554674278, -0.08240604634152483, 0.009708763465739208, 0.00998244726800382, -0.5673104716536311, -0.4906340531278256, -0.010142912979467287, -0.5523504843391878, -0.341309648121945, -0.30822423179451797, -0.13107164700461973, -0.30822423179451797, -0.25627530129197235, -0.2772578700975196, -0.2772578700975196, -0.5990211075410036, -0.5990211075410036, 0.35101228907003384, 0.610565324165177, 0.8043923356677495, 0.8100451325436757, 0.7629208623964844, 0.6500009135913614, 0.7487174134258063, 0.7716881111737321, 0.7899274228779748, 0.7716881111737321], [0.9850572519611992, 0.9627645641629037, 0.9831123686397139, 0.9872671707265503, 0.994162873040935, 0.9850572519611992, 0.9970012955205899, 1.0, 0.9994142785095882, 0.939186706656502, 0.9979698264174325, 0.997832391437541, 0.9992012233082597, 0.9989212528780387, 0.9985931498597795, 0.985767400514625, 0.998822506436317, 0.9989816465511215, 0.9989852382770589, 0.9994615652867108, 0.9991000796480873, 0.9906174543935101, 0.9745429282292688, 0.9912735577594768, 0.9919495612827822, 0.9760676957102926, 0.9723449846209201, 0.9354774337075505, 0.9889420707061026, 0.9923653600430854, 0.9902973838358476, 0.9640310466213299, 0.9980611307151431, 0.9979310916561814, 0.9979436080388345, 0.9989458917105158, 0.9954724476773629, 0.997685665548475, 0.9974861541175317, 0.997795014447539, 0.9978800359443691, 0.9979123284159646, 0.9978800359443691, 0.9209398922989325, 0.6323643187738724, 0.925872223442324, 0.8995660241960186, 0.6727143143825186, 0.9464558007633792, 0.9049516568163716, 0.9326227060518906, 0.9176487078027856, 0.9302121485884177, 0.9643894961493542, 0.9554867128743961, 0.6744647558086426, 0.7787742203044289, 0.7620252914622341, 0.816209511957711, 0.7559047713771867, 0.7323349707273861, 0.7559047713771867, 0.7151908461205793, 0.7260596092700053, 0.7367543211034442, 0.7260596092700053, 0.7988112507376527, 0.23844740086824154, 0.459288210351508, 0.5607920773617686, 0.459288210351508, 0.4807855583251955, 0.4507094916268298, 0.43587242156405726, 0.5716600436415727, 0.35434802517166747, 0.38277488417417715, 0.32379342317398674, 0.38277488417417715, -0.6522172276835796, 0.7726835834935608, 0.7618538141122246, 0.7605773949088401, 0.6995824091956342, 0.8727674333144567, 0.7793401284626329, 0.7820720129658753, 0.7793401284626329, 0.6748242810251286, 0.6748242810251286, -0.2864754196735486, 0.6935071623881427, 0.27498073909837745, -0.5812073860828302, -0.608594965946798, -0.6115738705007507, -0.07135908659809334, -0.04382616074989873, 0.37532912503935734, 0.1334654908009215, 0.05248446885265778, 0.12780149649034483, 0.08909065918522659, -0.08880099117567501, -0.008788084309511836, -0.008499950746989983, -0.5812556901429338, -0.5083222331368663, -0.016862008664508633, -0.5734533738206091, -0.35577356893164086, -0.32083260948445924, -0.13722120734009766, -0.32083260948445924, -0.2771547404743488, -0.2932325801018387, -0.2932325801018387, -0.6140854095699106, -0.6140854095699106, 0.3239431096866854, 0.5913433431637158, 0.7939803866078786, 0.7909952708269614, 0.7486709007299026, 0.6329018723112129, 0.7318371466442537, 0.7513854917924545, 0.7734803839159573, 0.7513854917924545], [0.9904857088680703, 0.9733951220718298, 0.9921546660347165, 0.9926670696331527, 0.9966442580451931, 0.9904857088680703, 0.9999665978689044, 0.9994142785095882, 1.0, 0.9470403868006041, 0.9994544781289633, 0.9999676839514063, 0.9999632230653561, 0.9999728464572719, 0.9999285320798704, 0.9979899193372204, 0.999708429062654, 0.9997545191194668, 0.9997556069945792, 0.9999646841536133, 0.9999650541075342, 0.9940011951950648, 0.9769599115879475, 0.9934851819977565, 0.9934224977300176, 0.9815655323272077, 0.9762524890528463, 0.9394621683830889, 0.9910648558942179, 0.9910298186644774, 0.988819777482194, 0.9631635100913889, 0.9992874534758646, 0.9992494550186032, 0.9991074029646507, 0.9998557154218138, 0.9983738995857888, 0.9992215262923531, 0.9991194781713612, 0.9992203451713801, 0.9991271286619459, 0.9991335168597216, 0.9991271286619459, 0.922715290762112, 0.6496688030833895, 0.9239428245928404, 0.903243741029733, 0.7016412025192362, 0.9354734309488163, 0.8861509031472626, 0.9198946373911002, 0.9225026493461085, 0.9344109974849122, 0.9627769867468081, 0.9616932314909038, 0.8374861676202572, 0.7981902678658415, 0.8600957060750157, 0.8293481595678505, 0.8579737524908873, 0.858822233083274, 0.8579737524908873, 0.7312470284408474, 0.8022391076153331, 0.8040666631084189, 0.8022391076153331, 0.8125885337183427, 0.6918513645410107, 0.8035444634810345, 0.8052532055498046, 0.8035444634810345, 0.4966903164492618, 0.3134735594614799, 0.4541986379649356, 0.634226041939912, 0.4269679359490178, 0.38931653000155964, 0.38956495461333485, 0.38931653000155964, -0.6323217492153493, 0.7873055290295786, 0.7855358113566155, 0.7796393566804658, 0.8494133150033922, 0.8706703593398719, 0.7994082868816788, 0.8021454287941362, 0.7994082868816788, 0.8080901184110213, 0.8080901184110213, -0.2699766626373649, 0.658856131780587, 0.10147353880770991, -0.5946050481757681, -0.6381227893863718, -0.6389130241718702, -0.05861985644607379, -0.031932130096541944, -0.12143685355410942, -0.029336739522334055, -0.02851855537569943, -0.31939800321942113, -0.34814111801700637, -0.5273471244167081, 0.00817761496318742, 0.008803985170381825, -0.5693611180603102, -0.4930200102107059, -0.48886762414126306, -0.5547764039797284, -0.5853796328109678, -0.564543678865516, -0.5664537232986065, -0.564543678865516, -0.2589066991715831, -0.28109074533895667, -0.28109074533895667, -0.6965798264656419, -0.6965798264656419, 0.3513701262656664, 0.6094626511108573, 0.826423232248082, 0.8021588453773221, 0.7613297244396536, 0.6348744585214013, 0.6499796288078891, 0.7219434299383715, 0.7221049126736969, 0.7219434299383715], [0.9729739707688646, 0.9548527843881656, 0.9338261214436323, 0.9709078572187052, 0.9594271707781418, 0.9729739707688646, 0.9483220154054295, 0.939186706656502, 0.9470403868006041, 1.0, 0.9147962159135306, 0.9483724725323115, 0.9484881173182917, 0.9479946230391194, 0.9472850007949971, 0.9497762824945676, 0.9556784785653446, 0.9547018071069108, 0.9546643062444127, 0.9485276538401035, 0.9485103355802464, 0.9478872962587346, 0.9397458703733357, 0.9504863746035045, 0.9507103787374827, 0.7915999269185916, 0.9555058800066638, 0.9496220144426698, 0.9563330085318309, 0.9564812881029844, 0.9545829913001587, 0.9282598474119204, 0.9591048423206616, 0.9593777161468441, 0.9602436407910692, 0.9506446027383483, 0.928008199743092, 0.9583060953406, 0.9598921957801881, 0.9596946942908277, 0.9605635597869155, 0.9605212998686512, 0.9605635597869155, 0.7717436966895046, 0.44802618780459014, 0.7130848908151937, 0.8608764803626229, 0.8458230539746089, 0.8739660488891818, 0.7519748574903192, 0.8516684027331106, 0.8652854113740154, 0.8751392202116872, 0.8939946688339145, 0.8940415803588938, 0.8472639497129799, 0.8380411211621362, 0.8749726233987243, 0.8498961208125989, 0.865894345668207, 0.8668691461599777, 0.865894345668207, 0.7832986884120697, 0.762477181397201, 0.7647083909807418, 0.762477181397201, 0.8425595832707948, 0.8661099878973214, 0.840443546858202, 0.8413555273060463, 0.840443546858202, 0.605610882088964, 0.5254522808797937, 0.605846720113216, 0.733198017095728, 0.6241818891313686, 0.6467481706456617, 0.6502423340327863, 0.6467481706456617, -0.26627904079860265, 0.8452958757374535, 0.9117601118258628, 0.8652548791762897, 0.8655457439144567, 0.877098055045842, 0.8363370802827972, 0.8378520365943491, 0.8363370802827972, 0.8496260246793179, 0.8496260246793179, 0.013819340181623164, 0.20970947729227016, -0.06593707582838844, -0.3388405754894525, -0.37236542465289535, -0.37426899093190114, 0.11788516523469766, 0.37165436364271626, 0.14281242337897448, 0.04391839322962693, 0.14917479967386177, 0.057557263379365994, -0.05055049384798096, -0.10452179369842186, 0.26264023158230826, 0.26145473961462296, -0.3218812550387686, -0.2688689198230192, -0.27228403258149003, -0.27424320811315206, -0.3468294498235503, -0.29515100417292517, -0.29693418313905834, -0.29515100417292517, -0.036811595302210974, -0.3138823060021887, -0.3138823060021887, -0.38188484013159163, -0.38188484013159163, 0.5805172684773845, 0.6817382524863513, 0.7608683528783551, 0.6638282317015666, 0.8407030229303029, 0.3027335565531562, 0.39267055448522026, 0.5750733914355987, 0.5753576304926653, 0.5750733914355987], [0.9786401789389417, 0.9759354943665698, 0.9962169503071319, 0.9846663988004394, 0.9945463843471732, 0.9786401789389417, 0.9995205080207992, 0.9979698264174325, 0.9994544781289633, 0.9147962159135306, 1.0, 0.9995174673118676, 0.9995130081880884, 0.9994592690344276, 0.9994991198389163, 0.9983011242778471, 0.9995580080646852, 0.9996874422342961, 0.9996930479062192, 0.9995263784835862, 0.9995275530837063, 0.991201106451807, 0.9561182558431816, 0.9910326033425412, 0.991002507599995, 0.9856038817267495, 0.9717176800045192, 0.8910079584028837, 0.9885858441399386, 0.9886424593686362, 0.9700414060244931, 0.886415358443943, 0.9985468203757791, 0.9984923100097791, 0.998251690448656, 0.9991838402982852, 0.999100163495575, 0.998521469832553, 0.9982698226638524, 0.9984486928563018, 0.9982019921604688, 0.9982170893421762, 0.9982019921604688, 0.9165235379457743, 0.5374619139494726, 0.919533561090075, 0.9019171403177039, 0.7040648948744994, 0.8279912218787738, 0.8351330104238772, 0.8160899673343954, 0.8162095127880331, 0.8241059279939001, 0.9216992893389742, 0.9218936217151571, 0.8244321072520139, 0.8362286690979791, 0.796865726548847, 0.7998141071165669, 0.8076325014939022, 0.8087279008485235, 0.8076325014939022, 0.6136490170616724, 0.5720178767842307, 0.5746524561227944, 0.5720178767842307, 0.837338989327418, 0.8483383751692417, 0.835303779378987, 0.8371177392227299, 0.835303779378987, 0.2576119442715651, 0.19074770001320537, 0.31997037164738285, 0.43692518001151637, 0.3040485881451413, 0.360271198364442, 0.36338934460361316, 0.360271198364442, -0.3993830337315287, 0.732663227400372, 0.7904857959344173, 0.7672840755804862, 0.8347543026187438, 0.8311184672572732, 0.7243297600756289, 0.7249625424504305, 0.7243297600756289, 0.7405077917524111, 0.7405077917524111, -0.33479176393896604, 0.64891044871386, -0.39419744318804945, -0.5373508204658739, -0.5391753862003836, -0.5413922562699794, -0.3240600396572789, 0.1234122387584085, -0.24007826123369358, -0.386421378197024, -0.24956601525089497, -0.31010229803502204, -0.34502122281395914, -0.3751902324493133, -0.008557507634633664, -0.012994400060167232, -0.545762254719959, -0.5073024039874366, -0.5249761398654964, -0.5597046709699364, -0.5541066455746608, -0.5293676624086564, -0.5321811990129875, -0.5293676624086564, -0.43556203155312917, -0.5885274859270578, -0.5885274859270578, -0.5989575742061329, -0.5989575742061329, 0.34618736015829654, 0.37328678268474114, 0.47274286513922675, 0.5549258414146073, 0.5575369001037949, 0.16777564885148372, 0.31241679962784674, 0.33919024877324083, 0.339375048573325, 0.33919024877324083], [0.9899622494932467, 0.9737291313996416, 0.9850698063161036, 0.9916842450592791, 0.9964805182913246, 0.9899622494932467, 0.9999958923909061, 0.997832391437541, 0.9999676839514063, 0.9483724725323115, 0.9995174673118676, 1.0, 0.9999617912440681, 0.9999938726889044, 0.9999211090210819, 0.9945403343520969, 0.9998072986510844, 0.9998224734254364, 0.9998228651701104, 0.9999960058038059, 0.9999969643113306, 0.9907227749462988, 0.974205361075611, 0.9889888854393861, 0.9921068878451021, 0.9817793537308749, 0.9701962269884564, 0.9374235259634508, 0.9925789709139838, 0.9922522899762966, 0.9920913444957588, 0.9679504265766331, 0.9992765191560797, 0.9993630920729244, 0.9993410845613587, 0.9997353949409373, 0.9984771676343429, 0.9992428609527437, 0.9981560755381993, 0.9993492847394952, 0.9990881632536185, 0.9990001553911191, 0.9990881632536185, 0.9226492964845786, 0.6484466314477036, 0.924070786731301, 0.9033617375652936, 0.7024860376659958, 0.9487970097642279, 0.912569871794374, 0.9364543071258647, 0.9271784539544, 0.9382283613875584, 0.9693315011890845, 0.9613711046492517, 0.6918200881429256, 0.7975103862623163, 0.7830662263598454, 0.8286731420736095, 0.7756296762846908, 0.7470564258101433, 0.7756296762846908, 0.7323173244630035, 0.7490662492175226, 0.7523732680157984, 0.7490662492175226, 0.8113650496440191, 0.2626345935546861, 0.4852882525751762, 0.5807390499896438, 0.4852882525751762, 0.49767659874511594, 0.45893145365355753, 0.4548672302135072, 0.5903215430073827, 0.3655915159752332, 0.3966632912592748, 0.3437689987282339, 0.3966632912592748, -0.652048034078129, 0.7869852445939579, 0.7861381041196537, 0.7797592732155202, 0.7172718454477378, 0.8836403445968114, 0.7928470099120355, 0.7953010486699429, 0.7928470099120355, 0.6977125227811386, 0.6977125227811386, -0.2673151220554533, 0.6579082050917959, 0.26603334327159056, -0.5652085128561098, -0.5931490941430223, -0.5963379790921278, -0.055030418986002715, -0.033901374881226055, 0.38207243994796053, 0.15330295507558048, 0.06909356891715084, 0.13724944492814248, 0.10533392082311928, -0.08208158351735399, 0.009735914050698876, 0.010027002296101017, -0.567290121752741, -0.49065299757990466, -0.00985987517054101, -0.5523198046018292, -0.34101906661794074, -0.30796264461078776, -0.13083471856315593, -0.30796264461078776, -0.25611271848055345, -0.2771970321177825, -0.2771970321177825, -0.5988774393550841, -0.5988774393550841, 0.3515917000024607, 0.6107577276998593, 0.804436948817958, 0.8103328720319378, 0.7630419383629656, 0.6502816978795449, 0.7488730697091497, 0.771965631458262, 0.7900605061894134, 0.771965631458262], [0.9901260242438037, 0.9736795160448244, 0.9825183051904607, 0.9917747547948917, 0.9965841479383952, 0.9901260242438037, 0.9999564378488703, 0.9992012233082597, 0.9999632230653561, 0.9484881173182917, 0.9995130081880884, 0.9999617912440681, 1.0, 0.9999662412392805, 0.9999088444667941, 0.9974500531460944, 0.9998028299300226, 0.9998649154768788, 0.9998655766124598, 0.9999825082091461, 0.9999608844526733, 0.990254359494627, 0.9740112364378046, 0.992848312811276, 0.9928075994537139, 0.981747341176106, 0.9698103383770686, 0.9373468985593604, 0.9933547276129225, 0.993372029696898, 0.9918436599271099, 0.9677465400658743, 0.9995025509632733, 0.9993670269786163, 0.9993972107674315, 0.999884546248783, 0.9984745952385735, 0.9992502894067085, 0.9992079580351004, 0.9993595188070947, 0.9993744683624419, 0.9993786516383417, 0.9993744683624419, 0.9227496021383456, 0.6486079500218139, 0.9240817098301266, 0.9033472160458134, 0.7024904316581347, 0.9529179387676394, 0.9100201115429134, 0.9382448291501135, 0.9272633356389344, 0.9382247906312727, 0.9690499387484909, 0.9614427024875198, 0.6441423760886386, 0.797222404432817, 0.781808140381377, 0.8291483595343562, 0.7745612103417239, 0.7187123705796344, 0.7745612103417239, 0.7322366072163303, 0.7391676865102106, 0.7436513672135653, 0.7391676865102106, 0.8118352353799277, 0.19138794277331492, 0.4725089538905946, 0.47847180687486135, 0.4725089538905946, 0.49782978981633746, 0.35108615096138174, 0.45512061725502345, 0.5898208077439483, 0.36581574178310183, 0.3633026652583747, 0.34340505322305725, 0.3633026652583747, -0.6522377977783912, 0.787474180414315, 0.7861157939552942, 0.7795177391261644, 0.6556810099786039, 0.8841366642735083, 0.7933768691903715, 0.7958252167025831, 0.7933768691903715, 0.6961749154658514, 0.6961749154658514, -0.2669711447266428, 0.6577871619455675, 0.26966448274554233, -0.5650505308330126, -0.5928103068975874, -0.5959994079647588, -0.05541505279183793, -0.03379726464920622, 0.3344105881707638, 0.15347303192321607, 0.06883897920276276, 0.1406872951826243, 0.10772819876000522, -0.09230431043435265, 0.009858053728860361, 0.010152436016581343, -0.5674578525315315, -0.49073255800120236, -0.0755573632188586, -0.5520342486494682, -0.3389761254642643, -0.3056934200463807, -0.2183661562908788, -0.3056934200463807, -0.2556463114469479, -0.2783155651941246, -0.2783155651941246, -0.5981292726569646, -0.5981292726569646, 0.35172203534693197, 0.6109348907541224, 0.7892232439112892, 0.8103805790321236, 0.7634321371468566, 0.6500186252247954, 0.7069098768814245, 0.7598002983537395, 0.7599474306831028, 0.7598002983537395], [0.9900337739236863, 0.9734634827337714, 0.9848312853881463, 0.9917257060525959, 0.9965148531651541, 0.9900337739236863, 0.9999918452137752, 0.9989212528780387, 0.9999728464572719, 0.9479946230391194, 0.9994592690344276, 0.9999938726889044, 0.9999662412392805, 1.0, 0.9999340237980568, 0.9972975419481263, 0.9997973864535257, 0.9998257896834684, 0.999826056871612, 0.9999938504350145, 0.9999940766482265, 0.9905718742488879, 0.974100449377196, 0.9926814582715623, 0.9925569038744494, 0.9816385549565964, 0.969849024634828, 0.9370271199907176, 0.9933068050465251, 0.9933518067178992, 0.9921302151390193, 0.968136708347293, 0.9993291714210422, 0.9993617060336321, 0.9993735043881186, 0.9997745213074709, 0.9984035969951234, 0.9992463177687766, 0.9984821949871465, 0.9993582586990908, 0.999139085972148, 0.9990587563231915, 0.999139085972148, 0.9229024354010935, 0.6492297406197116, 0.9244003599316731, 0.9036528866923214, 0.7020810787235711, 0.9493886130552429, 0.9133384171864252, 0.9370887640520862, 0.927604913909465, 0.9386186070734689, 0.9697714011609272, 0.9617734489473959, 0.6921290284228979, 0.7977995688606452, 0.7829858693991218, 0.8289612043043926, 0.7755942695142373, 0.746690646958442, 0.7755942695142373, 0.7325246004902185, 0.7490135408471981, 0.7528119651553086, 0.7490135408471981, 0.8117480206135022, 0.2619215109854935, 0.48474230773279336, 0.58078825021184, 0.48474230773279336, 0.4974872810408842, 0.45950086509309446, 0.45474848679686536, 0.5900590238227658, 0.36516398319718885, 0.3966950744478671, 0.3433980372845932, 0.3966950744478671, -0.6524423386285546, 0.7871284359752179, 0.7856370703324081, 0.7798432381528168, 0.7063021850313015, 0.8839319527070888, 0.7929891163357282, 0.7954314892495868, 0.7929891163357282, 0.6975072902404226, 0.6975072902404226, -0.26915696931431377, 0.6589759079580119, 0.26656332657411647, -0.5657709531540064, -0.5935712075582923, -0.5967655002870927, -0.05631288291399459, -0.03526094856888991, 0.38236183564490916, 0.152786151245316, 0.06817707406981752, 0.13730618183945845, 0.10539066576968152, -0.08193649378354968, 0.008588456212906591, 0.00887486387072567, -0.5680010051963508, -0.49176725879914857, -0.009265101350036178, -0.5538654290713111, -0.3408914283612071, -0.3079098244168417, -0.1302635978758524, -0.3079098244168417, -0.25722112468775915, -0.27771633124512424, -0.27771633124512424, -0.5989798267556905, -0.5989798267556905, 0.3517623326224523, 0.6104347623873133, 0.8049743880666302, 0.8107969796371605, 0.7624574978761424, 0.6510837066720754, 0.7496657211414937, 0.7723647627282562, 0.7906699509879002, 0.7723647627282562], [0.990092016689844, 0.9725530425644634, 0.9847208354651309, 0.9917695994472702, 0.9965118735368336, 0.990092016689844, 0.999915531753781, 0.9985931498597795, 0.9999285320798704, 0.9472850007949971, 0.9994991198389163, 0.9999211090210819, 0.9999088444667941, 0.9999340237980568, 1.0, 0.9974151534541321, 0.9996904051415069, 0.9997729542041186, 0.9997741330217245, 0.999897659593472, 0.9999168367179466, 0.9903264848265844, 0.973854063036806, 0.9919416328033455, 0.9915682878384313, 0.9816777544783155, 0.9695517891075149, 0.9369836178667915, 0.9924067493703085, 0.992412537034158, 0.9915153637487014, 0.9672011286536971, 0.9993388019966541, 0.999210855593624, 0.9993112900885973, 0.9997613082527167, 0.9983068289801831, 0.9992239650136986, 0.9984675201916353, 0.9992336650321784, 0.9991557210006626, 0.9990894556598233, 0.9991557210006626, 0.9215472207448269, 0.6495997452355489, 0.9232307536595752, 0.9025598823692643, 0.6991064883825894, 0.9499594452708725, 0.9142269542377565, 0.93807993910815, 0.9270799575253112, 0.9379322230690215, 0.9701486188292033, 0.9613540299106368, 0.6935338110956996, 0.7963773253335057, 0.7832877897734003, 0.8286383066464458, 0.7759008396148475, 0.7490081119523183, 0.7759008396148475, 0.730621099514898, 0.7485278264638952, 0.7540037146464906, 0.7485278264638952, 0.8117508106316701, 0.26196200441203177, 0.4844035793666889, 0.582246387236309, 0.4844035793666889, 0.49608372532872286, 0.4612760801072188, 0.4532213962744305, 0.5896508571403073, 0.36378597133362034, 0.39728614703263926, 0.34365268151304973, 0.39728614703263926, -0.6529587031260345, 0.7865167012797412, 0.784252319002849, 0.7788016617189094, 0.7193317827855626, 0.8842839754975246, 0.7925525924911123, 0.7951849630034558, 0.7925525924911123, 0.6976708882402659, 0.6976708882402659, -0.2698198642257726, 0.6615727757338196, 0.26692862821520263, -0.566075617168734, -0.5935950642673345, -0.5965330038163343, -0.058310935560035186, -0.03695414704464061, 0.3836655014020198, 0.15226381510055942, 0.0669287795465019, 0.13836617666002157, 0.10646423097016015, -0.08040572060743768, 0.007588153744844842, 0.008204235147950814, -0.5693565742978297, -0.4933971323353598, -0.0074562081359845584, -0.5549263697916481, -0.34000831006153726, -0.30703973422904834, -0.12877518846936103, -0.30703973422904834, -0.2574648989946839, -0.2806766875908306, -0.2806766875908306, -0.5988193404959361, -0.5988193404959361, 0.34877094912078227, 0.6081834433401933, 0.8060739923238328, 0.8115793230831985, 0.7607397843824864, 0.6500524247678006, 0.7514442258694934, 0.7731256766680198, 0.7921332471838085, 0.7731256766680198], [0.9930545371052875, 0.9826751023680244, 0.9879040643786723, 0.9946964887786142, 0.9975984108057556, 0.9930545371052875, 0.9936815301888914, 0.985767400514625, 0.9979899193372204, 0.9497762824945676, 0.9983011242778471, 0.9945403343520969, 0.9974500531460944, 0.9972975419481263, 0.9974151534541321, 1.0, 0.9980814375969163, 0.9976773882279815, 0.9976748686308888, 0.9977594480007461, 0.9972265870668833, 0.9911596304164343, 0.9767217323559514, 0.969327163084563, 0.9869113319420038, 0.9862463493532825, 0.9711112960166627, 0.9463392216435423, 0.991564668415174, 0.9893915591064432, 0.9883344575189172, 0.9660395423310209, 0.9974618231570538, 0.9974903430605709, 0.9972923302892238, 0.9972598571706093, 0.9984343191402766, 0.9980175543773622, 0.9972830256694215, 0.9977290426773786, 0.9973937059224108, 0.997370629706237, 0.9973937059224108, 0.9130136754082862, 0.6599160659288138, 0.9159163463833679, 0.9061929427377958, 0.7259981215791577, 0.9518