var element = document.getElementById("correlationClose");

if (element.style.display != 'none') {
    var correlationClose = {"data": [{"type": "heatmap", "z": [[1.0, 0.9999829470263257, 0.5679426375053748, 0.9996999921172843, 0.9974568293445659, 1.0, 0.9907935034694478, 0.9863355569795562, 0.9914407097328627, 0.9730432181956673, 0.9819125327405024, 0.9908382618874002, -0.13162400065332255, 0.9909037471084361, 0.990945826341715, 0.9935502407571399, 0.45729906400358156, 0.9919201658036343, 0.9919054663739738, 0.9838446508141457, 0.9908254086542887, 0.44555919568945357, 0.6630701898104018, 0.9777522699537754, 0.9777291496073253, 0.9598907613151703, 0.3048327260261305, -0.12311783856773395, 0.9898502996635904, 0.9898091885725502, 0.2750448920120469, -0.20497098645008063, 0.9937341088404091, 0.9946079815272973, 0.8102179581810326, -0.3907701055063043, 0.9874524914928636, 0.9943605972445301, 0.9942615335425415, 0.4396839261049443, 0.9939225511705944, 0.99390881061666, 0.9939225511705944, 0.8886727428631502, 0.6712001695203368, 0.8635895062932839, 0.8788655115465287, 0.7931965894517482, 0.38907213569902627, -0.13094643609648035, 0.19164416874304088, 0.9455655845823802, 0.4650455834416475, 0.9769832974369934, 0.9711483726566806, 0.9142323652732159, 0.9098586878350785, 0.9325639093995044, 0.9079385421283542, 0.929312602338974, 0.9301021461563986, 0.929312602338974, 0.8424900134830337, 0.9057133989928535, 0.9068047247300519, 0.9057133989928535, 0.8948410323344341, 0.7321744497908125, 0.8699386853927525, 0.8715787464958116, 0.8699386853927525, 0.6167631231721782, 0.3073598171302622, 0.5933588100171377, -0.5954455294833976, 0.4881681250615045, 0.5429406237020267, 0.5443544530786106, 0.5429406237020267, -0.10041720309486855, 0.882039166729858, 0.9137827628683909, 0.8955308120755155, 0.9157408124822805, 0.4546358805748685, 0.8792855309437346, 0.8805064481212563, 0.8792855309437346, 0.88904837150314, 0.88904837150314, -0.16250756053588608, 0.5462642355839187, 0.1935645937349861, -0.5564115010478442, -0.5615538182325196, -0.5652159858854824, -0.03722194170890211, 0.05496618774349774, 0.2614590152809292, 0.14037637750083215, -0.37865825549317167, 0.0581864649178991, -0.7922796086705011, -0.20811996168273778, 0.11968510877852886, 0.11993849872023077, -0.5393697946727991, -0.6058761815816639, -0.20970538113905476, -0.4849598548005361, -0.8293795591254745, -0.3468505871581582, -0.33785232539278576, -0.3468505871581582, -0.18287208290945514, -0.25406183576727964, -0.25406183576727964, -0.8178847584353642, -0.8178847584353642, 0.40083584345558754, 0.658290093767158, 0.8734747272881578, 0.8522482544240335, 0.7900003861449154, -0.24555230256130192, 0.7680245067347639, 0.8085548211346187, 0.8088526987252317, 0.8085548211346187, -0.23536802479531638], [0.9999829470263257, 1.0, 0.9690660397349934, 0.9992091545333759, 0.9936989172961461, 0.9999829470263255, 0.9778386785989869, 0.9687913012680117, 0.9776169245902057, 0.9582812957521568, 0.9797970636865673, 0.9778869218542948, 0.9778462567705849, 0.9776624712922974, 0.9769372984373503, 0.9854538252146813, -0.259572039245832, 0.9833033181181347, 0.9832743980232624, 0.9779530535175682, 0.9779435108925947, -0.1500606106140171, 0.9677937134525539, 0.9709420183073977, 0.9710134551271131, 0.9600947255232964, 0.03223392709768075, 0.14858856047973695, 0.9757515423911656, 0.9758124164145047, 0.9711171662100158, 0.13620333781099883, 0.9874316778617477, 0.9875129207687012, 0.9882931110235117, 0.9800562635448012, 0.9858220759417465, 0.9874614804951973, 0.9881142028460667, -0.2662428771555857, 0.9883798298376855, 0.9883599897681365, 0.9883798298376855, 0.8888214239178872, 0.5524277937705546, 0.8640512186479755, 0.8791712252858327, 0.7924719482030843, -0.4422975391321032, -0.5490665826751633, 0.8295140813612986, 0.856531144911534, -0.17685058193206696, 0.9340047518450367, 0.9340827683161738, 0.9225429272578497, 0.9326496388694646, 0.9101094743497029, 0.9097396067861568, 0.9169527848909116, 0.917694570257341, 0.9169527848909116, 0.7728423161705502, 0.7330943018289678, 0.7353129424371195, 0.7330943018289678, 0.926861906769198, 0.9320400539608227, 0.9266960408738237, 0.927920508929648, 0.9266960408738237, 0.44133650971307753, 0.38295623099915277, 0.5043402575146453, 0.6085553897308322, 0.4875461573222569, 0.5287648639933428, 0.529683331176374, 0.5287648639933428, -0.2169004584496894, 0.8664084632130079, 0.9033254235464906, 0.8896786616301142, 0.9298210559992379, -0.07736591008698411, 0.8603708166732442, 0.8607832024563427, 0.8603708166732442, 0.8717375867763777, 0.8717375867763777, -0.2655029120451397, 0.5468794903972655, -0.38316387625048265, -0.6517508010488258, -0.4681054657901433, -0.4714904160691579, -0.3047212408494626, 0.22010938137364525, -0.21526822606653503, -0.3931576376157909, -0.5868804967479334, -0.2864377767946427, -0.500225727215058, -0.340242727848694, 0.0940250096347779, 0.08919404397154364, -0.48871517595676744, -0.44409234510169543, -0.4721479072602247, -0.5016794442626291, -0.4942081643099472, -0.4743651196935253, -0.4775869928522368, -0.4743651196935253, -0.3584131300257485, -0.49703775492852487, -0.49703775492852487, -0.47090343538726087, -0.47090343538726087, 0.40136023925408393, 0.41554563419506935, 0.5199946607165905, 0.6024804870592584, 0.5780103868633233, -0.3898892928360257, 0.3841616211869465, 0.3749606382709437, 0.37505403637747764, 0.3749606382709437, 0.11603483756406706], [0.5679426375053748, 0.9690660397349934, 1.0, 0.5614537081952207, 0.4497551642274243, 0.5679426375053747, 0.5567887471869484, 0.5450703709005197, 0.4554589802800293, 0.3953018722938151, 0.99664239972931, 0.5568014231894067, 0.5152413328815648, 0.5571354571781163, 0.5592886496245716, 0.5954700189965585, -0.10206768558812225, 0.5019280219943824, 0.501015516920501, 0.4537948607419, 0.5556965836836945, 0.2081726383999134, 0.6961737729038907, 0.5236162696179645, 0.5233305271675145, 0.9834795947679673, 0.289540142288431, 0.1781220559443357, 0.5222312681643813, 0.521728609688193, 0.7673872479464385, 0.008662235519835325, 0.5550646078016538, 0.45447895924312603, 0.5422430406557924, 0.3615100900987076, 0.9939384409798699, 0.44166325927130856, 0.5576286175347697, -0.10828523673661092, 0.5711029771100109, 0.5531238548020249, 0.5711029771100109, 0.8943577585379031, 0.3892553819074784, 0.9024522606989188, 0.8671687202170384, 0.6499664839563543, 0.2005819169024953, -0.01046558043081664, 0.05792244884847115, 0.42173819352278064, -0.07156857402526373, 0.5134211626873313, 0.44681427767927967, -0.07377976479975597, 0.6865478109285514, 0.6416981805643786, 0.47994824585862805, 0.6479438619866594, 0.7119476622928491, 0.6479438619866594, 0.32665559633349406, 0.5415275315945521, 0.6417429055243583, 0.5415275315945521, 0.5573173079369573, 0.620364592889469, 0.6604119147556996, 0.7328051874117807, 0.6604119147556996, 0.20076742864549613, -0.08382501782547447, 0.220210773006225, 0.1486482231817225, 0.21972692319335477, 0.262797806481037, 0.3942758596234575, 0.262797806481037, -0.1724559518116685, 0.4353046030153615, 0.8057492050274481, 0.5207333168784652, 0.7284862146948653, 0.0826778295411441, 0.5024298842918838, 0.5025472142754304, 0.5024298842918838, 0.6285680371699942, 0.6285680371699942, -0.28937322526996434, 0.7166594508109027, -0.22876020590029583, -0.5403374375522138, -0.3869041743028901, -0.3905465428040193, -0.3905834861720271, 0.010431119747449988, 0.024664145775215588, -0.25776395843593497, -0.5231479495879353, -0.13431445562288674, -0.22387720068727215, -0.20776792874247746, -0.02849264870038497, -0.03221270222454777, -0.4465218289550512, 0.012282925680179663, -0.2180084401054584, -0.48104913495710694, -0.11063494546297249, -0.3556071166793619, -0.23138167925079164, -0.3556071166793619, -0.42811549402152227, -0.5041173785764768, -0.5041173785764768, -0.2379977147409317, -0.2379977147409317, 0.3263419754256354, 0.13396049688734687, 0.24328768001496753, 0.4880143809276572, 0.2151205110116231, -0.30405079193231305, -0.03745038239061897, 0.4464008440954344, 0.5612793142568745, 0.4464008440954344, -0.041418071721317846], [0.9996999921172843, 0.9992091545333759, 0.5614537081952207, 1.0, 0.9986239916371378, 0.9996999921172841, 0.9924034243988491, 0.9884283228457982, 0.9934020388187982, 0.9708001982050045, 0.9869744066635063, 0.9924359046084674, -0.13603872106429524, 0.9924732964841949, 0.9925128997712045, 0.9951350891739033, 0.44305507457034815, 0.9933029402704046, 0.9932903222380567, 0.9842861526074079, 0.9924148317842287, 0.43676080289973135, 0.6664528029088281, 0.9807292821383204, 0.9807064987953527, 0.9704029530821359, 0.29986983808267376, -0.13047159514195697, 0.9895930172050361, 0.989562342785518, 0.26657232252291446, -0.20582570091150196, 0.994539592142706, 0.99570161677083, 0.7694391715197566, -0.39656923031293806, 0.9911587593876894, 0.9956976016948059, 0.9948911806686401, 0.4250684943600471, 0.9921042050234867, 0.9946141923593715, 0.9921042050234867, 0.8870841602727975, 0.6583848803466442, 0.8719396891789647, 0.8752905098046854, 0.7703665163063959, 0.3835058358999701, -0.13699759731578307, 0.1850475514107333, 0.9397506152110343, 0.44886030169626673, 0.9726591881763581, 0.9683052393631331, 0.8897955594897833, 0.9007995046729597, 0.917426226199033, 0.9027747955307736, 0.9094799111935272, 0.9105759844465933, 0.9094799111935272, 0.8324233351777218, 0.8919734618549938, 0.8931731388705071, 0.8919734618549938, 0.8903326893533403, 0.6642991029594134, 0.8253803844490173, 0.8270631942422191, 0.8253803844490173, 0.6065500627224938, 0.10079327882814482, 0.5811440403485421, -0.6006624898932174, 0.4814327373263758, 0.2848011282834816, 0.5120996326614711, 0.2848011282834816, -0.10740020134684894, 0.8751468012896234, 0.902863328619146, 0.8852895794457122, 0.8888387096537252, 0.4412383872596842, 0.8734028443950069, 0.8747942072527042, 0.8734028443950069, 0.8665612867339537, 0.8665612867339537, -0.16885872434302715, 0.5738983676363376, 0.19829320197910236, -0.5672929613889716, -0.569497551575832, -0.5730641773556946, -0.050011295270771396, 0.049308475226285016, 0.2541760350341308, 0.1274409616371437, -0.39174075387362656, 0.05142501898316105, -0.7991756902461727, -0.21628029951422198, 0.10835159701879313, 0.10865115819283809, -0.547023764038068, -0.6027510427634823, -0.21157677100866482, -0.49753749407059, -0.8319026660581955, -0.3487991041171751, -0.3403682320775398, -0.3487991041171751, -0.1925325703244099, -0.26448972963849904, -0.26448972963849904, -0.818233997833569, -0.818233997833569, 0.38684809368226475, 0.6461986477127781, 0.8659150170283474, 0.8447467627712874, 0.782671928793189, -0.25935094676751486, 0.7591425662214456, 0.7999805284678819, 0.8002854323302223, 0.7999805284678819, -0.22012150463879002], [0.9974568293445659, 0.9936989172961461, 0.4497551642274243, 0.9986239916371378, 1.0, 0.9974568293445659, 0.9967561637153626, 0.9947655150248272, 0.9969422130227296, 0.960310529301922, 0.9952908263710285, 0.9967747154935226, -0.34749564730446375, 0.9968057329795367, 0.9968285382393414, 0.9978495604913186, 0.24861156882115482, 0.997352644951871, 0.9973461063020104, 0.9860300145616632, 0.9967611479801649, 0.06838614791279919, 0.6259553124707266, 0.9904958651942669, 0.9904510977415815, 0.9843808045103369, 0.04570732281384943, -0.11598303343503345, 0.9877882019984553, 0.9877247526146574, -0.05101168589094348, -0.10396519138242262, 0.9977077831777783, 0.9976457332881716, 0.7452731292843738, -0.5397777628240726, 0.9971162274058314, 0.9978956223388205, 0.9979925580367892, 0.22487188519384807, 0.9976651702757834, 0.9976657461391653, 0.9976651702757834, 0.9024415140555063, 0.6191892130699452, 0.8941916978461704, 0.8792167054996518, 0.7363074180804959, -0.09859178759437687, -0.5793688616425194, -0.237448400533055, 0.9249162396669871, 0.30431680173051795, 0.9660955799088774, 0.9661756792953095, 0.8835471053225465, 0.8779118663436387, 0.9024691510374033, 0.8874178269683821, 0.9005326841055226, 0.9009698247409931, 0.9005326841055226, 0.8017159373011566, 0.8332880841320557, 0.8346729285069932, 0.8332880841320557, 0.8768335029792078, 0.7676471837580575, 0.8565533513618678, 0.857579135159479, 0.8565533513618678, 0.5567842083878045, 0.4201194752757256, 0.539711984519284, -0.6465535187887931, 0.5360739537814153, 0.5130478897838928, 0.5126013375608277, 0.5130478897838928, -0.12779146277985226, 0.8535136010574318, 0.8712603677264792, 0.8568288794854781, 0.8936080912736744, 0.2986089958632737, 0.8548996052899197, 0.8562528802594851, 0.8548996052899197, 0.8630702790157794, 0.8630702790157794, -0.21244908728811424, 0.6342948298772206, 0.051625743622302635, -0.6027360707020865, -0.6278043951623724, -0.6281944832428897, -0.0865269431192487, 0.0708550688789533, -0.1455185731998539, -0.1257730197032638, -0.4796314055377762, -0.3224816694197203, -0.8638995522190903, -0.5161271760116745, 0.0737695713531592, 0.0739017662686846, -0.5780848056355462, -0.594195625051776, -0.5112386801677913, -0.5412939629523812, -0.7996930547129915, -0.5677457453351753, -0.5703505980445216, -0.5677457453351753, -0.23708617660816683, -0.303723762195393, -0.303723762195393, -0.7657212399994663, -0.7657212399994663, 0.3660334428165338, 0.6244124269962703, 0.8152085836170403, 0.789559767994992, 0.7695417122355034, -0.39882812688925157, 0.6080797190893324, 0.6904258857850148, 0.6908904869485964, 0.6904258857850148, 0.014535610580966425], [1.0, 0.9999829470263255, 0.5679426375053747, 0.9996999921172841, 0.9974568293445659, 1.0, 0.9907935034694478, 0.9863355569795562, 0.9914407097328627, 0.9730432181956673, 0.9819125327405024, 0.9908382618874002, -0.13162400065332255, 0.9909037471084361, 0.990945826341715, 0.9935502407571399, 0.45729906400358156, 0.9919201658036343, 0.9919054663739738, 0.9838446508141457, 0.9908254086542887, 0.44555919568945357, 0.6630701898104018, 0.9777522699537754, 0.9777291496073253, 0.9598907613151703, 0.3048327260261305, -0.12311783856773395, 0.9898502996635904, 0.9898091885725502, 0.2750448920120469, -0.20497098645008063, 0.9937341088404091, 0.9946079815272973, 0.8102179581810326, -0.3907701055063043, 0.9874524914928636, 0.9943605972445301, 0.9942615335425415, 0.4396839261049443, 0.9939225511705944, 0.99390881061666, 0.9939225511705944, 0.8886727428631502, 0.6712001695203368, 0.8635895062932839, 0.8788655115465287, 0.7931965894517482, 0.38907213569902627, -0.13094643609648035, 0.19164416874304088, 0.9455655845823802, 0.4650455834416475, 0.9769832974369934, 0.9711483726566806, 0.9142323652732159, 0.9098586878350785, 0.9325639093995044, 0.9079385421283542, 0.929312602338974, 0.9301021461563986, 0.929312602338974, 0.8424900134830337, 0.9057133989928535, 0.9068047247300519, 0.9057133989928535, 0.8948410323344341, 0.7321744497908125, 0.8699386853927525, 0.8715787464958116, 0.8699386853927525, 0.6167631231721782, 0.3073598171302622, 0.5933588100171377, -0.5954455294833976, 0.4881681250615045, 0.5429406237020267, 0.5443544530786106, 0.5429406237020267, -0.10041720309486855, 0.882039166729858, 0.9137827628683909, 0.8955308120755155, 0.9157408124822805, 0.4546358805748685, 0.8792855309437346, 0.8805064481212563, 0.8792855309437346, 0.88904837150314, 0.88904837150314, -0.16250756053588608, 0.5462642355839187, 0.1935645937349861, -0.5564115010478442, -0.5615538182325196, -0.5652159858854824, -0.03722194170890211, 0.05496618774349774, 0.2614590152809292, 0.14037637750083215, -0.37865825549317167, 0.0581864649178991, -0.7922796086705011, -0.20811996168273778, 0.11968510877852886, 0.11993849872023077, -0.5393697946727991, -0.6058761815816639, -0.20970538113905476, -0.4849598548005361, -0.8293795591254745, -0.3468505871581582, -0.33785232539278576, -0.3468505871581582, -0.18287208290945514, -0.25406183576727964, -0.25406183576727964, -0.8178847584353642, -0.8178847584353642, 0.40083584345558754, 0.658290093767158, 0.8734747272881578, 0.8522482544240335, 0.7900003861449154, -0.24555230256130192, 0.7680245067347639, 0.8085548211346187, 0.8088526987252317, 0.8085548211346187, -0.23536802479531638], [0.9907935034694478, 0.9778386785989869, 0.5567887471869484, 0.9924034243988491, 0.9967561637153626, 0.9907935034694478, 1.0, 0.9971847475807293, 0.9999680139103145, 0.9513112314967859, 0.999588313184105, 0.9999961576441829, -0.14955751533685435, 0.99999243366037, 0.9999220495145371, 0.9941516698846486, 0.3934390719653405, 0.999836309110397, 0.9998364285870558, 0.9884874439842543, 0.9999963534228872, 0.3428576406655135, 0.6675747805487269, 0.9842385185207826, 0.9844499157192056, 0.9857205230619065, 0.22125793110943073, -0.1895136431908575, 0.9921699467042747, 0.9918943748908211, 0.16596306332080474, -0.25614154840461667, 0.9992926633902576, 0.9993838826563511, 0.34984529755353266, -0.328752533215722, 0.9986752712294753, 0.9992946444353934, 0.9982506578077774, 0.3739147398839932, 0.9314258683863599, 0.9990200211733021, 0.9314258683863599, 0.910938138144867, 0.6224845528644981, 0.9171599315605554, 0.8886116173362634, 0.6891822655321991, 0.4145380769111876, -0.07979601546736777, -0.21150059198415272, 0.9233595560501028, 0.4070386486811296, 0.9683051099733642, 0.96114782512454, -0.08444474596239873, 0.8274592807414407, 0.8010792118863519, 0.8482654612601649, 0.7943471028690662, 0.7621114661938483, 0.7943471028690662, 0.7574132229186856, 0.7618786681456968, 0.7605079236721173, 0.7618786681456968, 0.8351015291722906, 0.30645581379241404, 0.5235781838683683, 0.6069413233843117, 0.5235781838683683, 0.5241336525519276, -0.36208010790660156, 0.4852906249199548, -0.6639023479321129, 0.4025377676528736, -0.12992109410177205, 0.36767991690344165, -0.12992109410177205, -0.15187427347543464, 0.8104999417353639, 0.8192275951223688, 0.8086974400077089, 0.7346437118211934, 0.39047005867617, 0.8137559329033438, 0.815733053737777, 0.8137559329033438, 0.7213866018356778, 0.7213866018356778, -0.24956053672246703, 0.684965492485461, 0.2526963646255975, -0.5862203319897786, -0.6128731959583932, -0.6159573824779847, -0.10227527524451807, -0.003203743648615354, 0.35759269007940153, 0.08814821086202672, -0.419505860615331, 0.10212967923397477, -0.8265668647624329, -0.1204057990677121, 0.036263773166736374, 0.0366348205211054, -0.593239270127254, -0.6085607906149627, -0.05158534155277515, -0.578612204008416, -0.8442382487652121, -0.34548469769594775, -0.17176797415059672, -0.34548469769594775, -0.2729235013996753, -0.3149339901142888, -0.3149339901142888, -0.8377523754132805, -0.8377523754132805, 0.3631236524905095, 0.6013754451632789, 0.4972774786828902, 0.8073803534045229, 0.7588686943027458, -0.31799065614448724, 0.05955050799638109, 0.7640737504800077, 0.7827977315448391, 0.7640737504800077, -0.14434345648569752], [0.9863355569795562, 0.9687913012680117, 0.5450703709005197, 0.9884283228457982, 0.9947655150248272, 0.9863355569795562, 0.9971847475807293, 1.0, 0.9994662652938815, 0.9428845911920226, 0.9982711657574856, 0.9979872309266754, -0.15900771170153452, 0.9990046482484611, 0.9987094681101074, 0.9868035833753726, 0.37132134902660074, 0.9990567664304093, 0.9990584504279557, 0.9855485414595685, 0.9991662050898942, 0.31548529616844323, 0.6667694628847712, 0.991851870149769, 0.9821228848569766, 0.9813298190135579, 0.20132767738151724, -0.20462547947634585, 0.9884532437859661, 0.9918649738220128, 0.1453524759872832, -0.26321291419306964, 0.998134695566236, 0.9980332513977856, 0.3288275908158007, -0.3363329772368731, 0.9960674663269903, 0.9978628983715566, 0.9975944408398786, 0.35130273916727656, 0.92252630591426, 0.9979669119068575, 0.92252630591426, 0.9082914139768503, 0.6064543195916866, 0.9176017825151195, 0.884305874634159, 0.6613132605856373, 0.4009371955685742, -0.09572426616315684, -0.2253415374264884, 0.9139440845727529, 0.3857960014146848, 0.9634571797179634, 0.9554507064983814, -0.09552681560940027, 0.812313271343591, 0.7822166333770304, 0.8377763651680943, 0.7767142889519797, 0.7483624561682177, 0.7767142889519797, 0.7422065071258905, 0.7404246533224516, 0.7455449711732511, 0.7404246533224516, 0.8248920955894384, 0.2843520612143817, 0.5001465183415258, 0.5885275343915702, 0.5001465183415258, 0.5085061785783921, -0.3782080393774984, 0.4678039240451912, -0.673270949684889, 0.392424521579328, -0.15398453622002833, 0.3490873444524865, -0.15398453622002833, -0.15931534879662118, 0.7981789993401158, 0.7994527237858652, 0.7925273157825115, 0.7182338712105606, 0.3729806833973735, 0.8020928035876298, 0.8043014932329072, 0.8020928035876298, 0.7007708089372204, 0.7007708089372204, -0.266854428067224, 0.7152929231137648, 0.2608284190037215, -0.596395089168064, -0.6271975240721953, -0.6300805446284836, -0.11820741518545425, -0.012190594044711069, 0.3506667825397959, 0.06827495973215482, -0.43336172763981873, 0.092695054039533, -0.8337759368568968, -0.1270441881367185, 0.019200923043248063, 0.019589053789279123, -0.606304528294565, -0.6099804767068591, -0.058589824684799445, -0.597777217211873, -0.8447815051276657, -0.35783280104975723, -0.1781652628565872, -0.35783280104975723, -0.2923665818625639, -0.3300265191065304, -0.3300265191065304, -0.8366757244188335, -0.8366757244188335, 0.3390929781669016, 0.5829111786210399, 0.47738611428887595, 0.7887581267427123, 0.7451419467580603, -0.341556694744919, 0.04453287311237286, 0.744174488071462, 0.766555100816995, 0.744174488071462, -0.12627120142113393], [0.9914407097328627, 0.9776169245902057, 0.4554589802800293, 0.9934020388187982, 0.9969422130227296, 0.9914407097328627, 0.9999680139103145, 0.9994662652938815, 1.0, 0.950066159537728, 0.9995343152702271, 0.9999689350172741, -0.3225351756966199, 0.9999734655375194, 0.999934476032701, 0.998112637010642, 0.28721142944015604, 0.9997778260511615, 0.9997784200380692, 0.9882805141765265, 0.9999658793649522, 0.11670281505909134, 0.624292463222583, 0.9941236499581932, 0.9940683276330182, 0.9855012092139188, 0.02819633324017114, -0.12945127169947632, 0.9907016121856455, 0.9906654964513227, -0.03278423426468013, -0.21684656139209715, 0.999313125197148, 0.9992712350843475, 0.7575130552433921, -0.528969191892618, 0.998584799863356, 0.999274149045474, 0.9991775239556159, 0.26417837671980815, 0.9991545627904196, 0.9991599076715207, 0.9991545627904196, 0.9109280408735877, 0.6234844118304488, 0.9168133601501745, 0.8879778106602085, 0.6885170235438636, 0.009066272608456273, -0.5251051252259442, -0.18666173396224964, 0.9185155948482671, 0.35591889316116687, 0.9623386392043142, 0.9613934099450142, 0.8547934601964864, 0.8281515486610843, 0.8746838830412288, 0.84904182652773, 0.8728064871963446, 0.8735573308780894, 0.8728064871963446, 0.7562804623198586, 0.8144317516528816, 0.8161591193593613, 0.8144317516528816, 0.836434320806212, 0.7273364442081901, 0.8250869481857012, 0.8265843640453572, 0.8250869481857012, 0.523208887493943, 0.3438331469531579, 0.48413123371326666, -0.6932309480756266, 0.4615973071215619, 0.4251708599637166, 0.4252316108475622, 0.4251708599637166, -0.1082048003624137, 0.8108484975905184, 0.8189504407654645, 0.8088392899998523, 0.865499958605943, 0.3171776952296455, 0.8197850092902292, 0.822209670374192, 0.8197850092902292, 0.8279561826281936, 0.8279561826281936, -0.2518830972340311, 0.6858290602054766, 0.07700222820404273, -0.598582098774373, -0.6545304445377375, -0.6553681643439325, -0.10595683842874944, -0.0010308928003195026, -0.1527959167006808, -0.09638627529924158, -0.4679018482656673, -0.3536911025011163, -0.878108574637145, -0.5551969594237401, 0.03477859347542541, 0.03568783389285345, -0.5951858280545611, -0.604653377162124, -0.5208862720243852, -0.580804230358337, -0.8195900592860498, -0.5915091415465359, -0.5935559619403505, -0.5915091415465359, -0.2754906176278002, -0.3185801156895139, -0.3185801156895139, -0.799294890189198, -0.799294890189198, 0.3641626088610879, 0.600232416578887, 0.8228736796572106, 0.8013369732195328, 0.757387836837711, -0.3468708501318621, 0.6415719591649498, 0.7113810407912516, 0.7115397918754278, 0.7113810407912516, 0.09809224544052113], [0.9730432181956673, 0.9582812957521568, 0.3953018722938151, 0.9708001982050045, 0.960310529301922, 0.9730432181956673, 0.9513112314967859, 0.9428845911920226, 0.950066159537728, 1.0, 0.9234956465266049, 0.9513477786441658, -0.2630712899165296, 0.9510001321317397, 0.9502582756708547, 0.9519905366793886, 0.09552248082383906, 0.9569843299384333, 0.9569604230802532, 0.9514923751839122, 0.9514838494774411, 0.04470881866244015, 0.6733784509015693, 0.9532736684811456, 0.9534900007707227, 0.8235337716352137, 0.12896297283769592, -0.1115332477225301, 0.9598966403044482, 0.9600302340712145, 0.11224602959381316, 0.05286574616367108, 0.9613529328847891, 0.9616400549406252, 0.852176340818461, -0.45360324239996297, 0.9353509908206795, 0.9605092244436367, 0.9619655169725685, 0.07276462908637554, 0.9627406029092387, 0.962703996502522, 0.9627406029092387, 0.7822054505886733, 0.4187000888049975, 0.7421275658739621, 0.8580625596442276, 0.8324264594826456, -0.5543683632651498, -0.6861989057933511, -0.3062963043320207, 0.8676753271003722, 0.07391421818538008, 0.9019467906449959, 0.9019960668172834, 0.8589920413802994, 0.8530123715462891, 0.8847011407077836, 0.8621164391561201, 0.8765817466460154, 0.8774176602705567, 0.8765817466460154, 0.8015733150570162, 0.7798727870247244, 0.781999908510058, 0.7798727870247244, 0.8541766109655716, 0.8743759366712576, 0.8523163420788868, 0.8531107466907579, 0.8523163420788868, 0.6228729777252926, 0.5425059685222798, 0.6241045363312288, -0.4140538328239969, 0.644897519139026, 0.6659358166004785, 0.6690750964278818, 0.6659358166004785, -0.2653529266492496, 0.8590849261801239, 0.9201284971391783, 0.8772176104128154, 0.8753727379642895, 0.19275567683471054, 0.8510957172489686, 0.8524531434472467, 0.8510957172489686, 0.8629058103352155, 0.8629058103352155, 0.011595673754088305, 0.28638631569805895, -0.09054087437908398, -0.5060336732593941, -0.3995786151570841, -0.40150731846427556, 0.06115433081458356, 0.38597512706740716, 0.09874964521495332, -0.030310480945176525, -0.35422079219954433, 0.004936701038458651, -0.8118652978615862, -0.1567884505386847, 0.27460910787444454, 0.2736736159849856, -0.3586399296718307, -0.4387852651084358, -0.31333336536366935, -0.31875972225454946, -0.6857071706262451, -0.3345935615131108, -0.33656476981553357, -0.3345935615131108, -0.0642762547164187, -0.3518339654156655, -0.3518339654156655, -0.5385061270731241, -0.5385061270731241, 0.5703588385169498, 0.6726503895163866, 0.7605665004616071, 0.6705501537326036, 0.8383841386830984, -0.44322237108027346, 0.38675517379473645, 0.5630890752915237, 0.5633696978173609, 0.5630890752915237, -0.22907525302405066], [0.9819125327405024, 0.9797970636865673, 0.99664239972931, 0.9869744066635063, 0.9952908263710285, 0.9819125327405024, 0.999588313184105, 0.9982711657574856, 0.9995343152702271, 0.9234956465266049, 1.0, 0.9995852276753993, 0.9995814858238649, 0.9995358972420288, 0.9995728310455593, 0.9985536713249468, -0.3766663794460938, 0.9997336499455804, 0.9997376408733838, 0.9995926965928602, 0.999592501847722, -0.2716812830548816, 0.9615637277454726, 0.9923916746431007, 0.992364685791575, 0.9887540690265323, 0.010850802311862409, 0.07692139421017126, 0.9892948691365493, 0.9893506978171757, 0.9716397212709212, 0.007912112295621297, 0.9987018460982279, 0.998644676711724, 0.9984506347181809, 0.9992412934477548, 0.9991927457228705, 0.9987001757491177, 0.9984835606290137, -0.38713571194471147, 0.9983898946426562, 0.9984009511360697, 0.9983898946426562, 0.9045403844270596, 0.47944230536279653, 0.9123775118908745, 0.885806024546896, 0.6899997109729549, -0.5394941122209106, -0.6601394647743795, 0.7935730337608171, 0.8057818352536049, -0.28916468157130604, 0.9211895292051494, 0.921386743188291, 0.8521180501139419, 0.8620616708352796, 0.8283113605573253, 0.830978142019233, 0.8376704405303889, 0.8386224811236422, 0.8376704405303889, 0.6601696246191486, 0.6143992119392647, 0.6170405783094904, 0.6143992119392647, 0.8630696153491757, 0.8722962152358388, 0.8615328350572726, 0.8630341037183351, 0.8615328350572726, 0.3078467014510655, 0.23829156321237827, 0.3666591053412428, 0.49047460801233383, 0.35993140726238076, 0.40905798839881197, 0.4117861806882447, 0.40905798839881197, -0.41326107565499287, 0.7717645185247933, 0.8233872035083135, 0.8029818174645954, 0.8611371569005212, -0.13385786404938818, 0.7644568915938003, 0.7650131944373104, 0.7644568915938003, 0.7791642881240022, 0.7791642881240022, -0.3130453213431792, 0.6769986430080093, -0.402015716767553, -0.6910956205405313, -0.5483170310462208, -0.5505600531821526, -0.3661214621397635, 0.1520108507803156, -0.27303821891874264, -0.44356196872155446, -0.6348374522811372, -0.3495928932839727, -0.6242148905123844, -0.4153220032013146, 0.022224754022225634, 0.018368283864508384, -0.5645058809369335, -0.5293824789710039, -0.5480647860174624, -0.5821032832094138, -0.576419049451424, -0.5513841880875133, -0.5543131137123758, -0.5513841880875133, -0.4400964796399555, -0.6041644210045186, -0.6041644210045186, -0.6064970368599619, -0.6064970368599619, 0.359271525192446, 0.3562984037336131, 0.4703566892175887, 0.5533314431529921, 0.5518676240349799, -0.5509229433511029, 0.29703994361958425, 0.31639341050749714, 0.3165602185185693, 0.31639341050749714, 0.2229821043736586], [0.9908382618874002, 0.9778869218542948, 0.5568014231894067, 0.9924359046084674, 0.9967747154935226, 0.9908382618874002, 0.9999961576441829, 0.9979872309266754, 0.9999689350172741, 0.9513477786441658, 0.9995852276753993, 1.0, -0.14922565882032732, 0.99999432494663, 0.9999271013830346, 0.9949688927680482, 0.3935411159720238, 0.9998377652429401, 0.99983785865271, 0.9885324837403386, 0.9999970017493723, 0.3431930638486465, 0.6676405880214223, 0.9896988533630362, 0.9844380252693301, 0.9857009378369099, 0.2215359923991661, -0.18946171381746207, 0.9921709629788545, 0.9919083893825271, 0.16620789154511056, -0.2561156265117241, 0.9992952784174689, 0.9993887935903788, 0.34981284083217373, -0.328533271170978, 0.9986774123228138, 0.9993036017459245, 0.9982548964315598, 0.3740237576252009, 0.9314075310517681, 0.9990233439047302, 0.9314075310517681, 0.9109834113159658, 0.6226528011756379, 0.917412543328458, 0.8888571620956515, 0.6893479259098662, 0.4149522472674124, -0.07932185331490647, -0.21111806122208532, 0.9234505260404205, 0.40714120056137865, 0.9684062643706188, 0.9612237966895802, -0.08424847106479026, 0.8276140552408255, 0.8011880588516632, 0.8483821278477536, 0.7944532754878629, 0.7620489839649148, 0.7944532754878629, 0.7574859728425817, 0.7619408289841628, 0.7604405649206184, 0.7619408289841628, 0.8352595945622184, 0.3063174488945303, 0.5235847635323241, 0.6068464320283385, 0.5235847635323241, 0.5240690024647569, -0.3621043577468317, 0.4852384204600797, -0.6637977662224632, 0.4024126811575967, -0.13005781431974578, 0.36771865913776347, -0.13005781431974578, -0.152026819124247, 0.8105687106537572, 0.8193637576656599, 0.8087910660015196, 0.7346345568729323, 0.39058178917152775, 0.8138392804889568, 0.815811822364656, 0.8138392804889568, 0.7214642478863034, 0.7214642478863034, -0.24955530285695218, 0.6849731237151937, 0.25281876844983536, -0.5862122735585739, -0.6127871190677024, -0.6158772754230795, -0.1023530883468688, -0.003363193891089821, 0.3577747104051497, 0.08818604131100914, -0.41952477311950104, 0.10240363938065795, -0.8262900770971675, -0.12009991388920795, 0.036295623678971566, 0.0366831342436861, -0.5932278962606978, -0.6083811941420646, -0.05132128329857152, -0.578594258865404, -0.8441295788047553, -0.34524409982170307, -0.17154821732269812, -0.34524409982170307, -0.27277778489257815, -0.3148891267612393, -0.3148891267612393, -0.8377013302180385, -0.8377013302180385, 0.3636525281194676, 0.6015407262368446, 0.49753785963320324, 0.8076540947468329, 0.7589711152123502, -0.31775226923011274, 0.059845079705244525, 0.7643394072920479, 0.7829245140654166, 0.7643394072920479, -0.1443694602733885], [-0.13162400065332255, 0.9778462567705849, 0.5152413328815648, -0.13603872106429524, -0.34749564730446375, -0.13162400065332255, -0.14955751533685435, -0.15900771170153452, -0.3225351756966199, -0.2630712899165296, 0.9995814858238649, -0.14922565882032732, 1.0, -0.1485983224717903, -0.14491833843244684, -0.12060055406495857, -0.29289553864131024, -0.1500451217590877, -0.1505326954247887, -0.2724652627536069, -0.15012697613729703, 0.025390824917681614, 0.30903418752963274, -0.1836502477145924, -0.18398914642971567, 0.9856797350463585, 0.2478885386436415, 0.1863904209472047, -0.18566265651514408, -0.18628151239103224, 0.5371798173721528, 0.12063624335416644, -0.14728540563505302, -0.3074444399270118, 0.16681080753880773, 0.959929744104936, 0.9986756181155824, -0.33933129300399156, -0.14243349222694715, -0.28277428168228724, -0.1476328415394589, -0.1484962016867175, -0.1476328415394589, 0.9110631369022982, -0.11853927059839534, 0.9173849886478083, 0.888800382893063, 0.6893337640037418, 0.08410584216150126, 0.25472353695334515, 0.6445350616311681, -0.267258866079676, -0.2968259643552181, -0.0658454992435788, -0.30228135450283733, 0.028988373463418607, 0.27450824452153794, -0.01989030855243033, -0.30515986789093236, -0.017742574028015354, -0.007819560094974436, -0.017742574028015354, -0.412685126636455, -0.10546224574085376, -0.10763517962613149, -0.10546224574085376, -0.2036529602089521, 0.07141427513419922, 0.04785323069646525, 0.047813151452406125, 0.04785323069646525, -0.4102046337154693, 0.006992980604508916, -0.37403798676877587, 0.6216962981305005, -0.3427686826283587, 0.00857221160745977, -0.05948419603942682, 0.00857221160745977, -0.3066199203854104, -0.3395470337504667, 0.8193389248815093, -0.11910391554278098, 0.015566008728696642, -0.21976739583372634, -0.2617286490480835, -0.2612086637832094, -0.2617286490480835, -0.025990175534307484, -0.025990175534307484, -0.2290565502053089, 0.6849001105949012, -0.16231710485096848, -0.018047197702378767, 0.1980334643869132, 0.1965921776515074, -0.2515978077933778, -0.00933954422634929, 0.01984862756874692, -0.1738799266553406, -0.11091216795119337, 0.041919774103964774, 0.3856230216338211, 0.11441266627150389, -0.04054954024779054, -0.04447409618284628, 0.08624584630577592, 0.570821752659929, 0.09247193839982656, -0.19259457867005889, 0.6138679868837387, 0.09671711318997961, 0.10468137956897879, 0.09671711318997961, -0.23820765003333788, -0.19644115946639243, -0.19644115946639243, 0.3239751387865068, 0.3239751387865068, 0.3637631829876478, -0.25225220868400383, 0.017342010120024155, 0.091264032044411, -0.2488023244012314, 0.07295808606253719, 0.15387010558619127, 0.1049856763618948, 0.10491925597884139, 0.1049856763618948, 0.12595268654497668], [0.9909037471084361, 0.9776624712922974, 0.5571354571781163, 0.9924732964841949, 0.9968057329795367, 0.9909037471084361, 0.99999243366037, 0.9990046482484611, 0.9999734655375194, 0.9510001321317397, 0.9995358972420288, 0.99999432494663, -0.1485983224717903, 1.0, 0.9999385540370059, 0.9975020997236147, 0.393661539824573, 0.9998408359544139, 0.9998408438614194, 0.9886942813858149, 0.9999943376397297, 0.3438867157550924, 0.667479134380559, 0.9932168647372789, 0.9931042757343709, 0.9855782737292385, 0.2218275806041663, -0.18950775091707706, 0.9929148109085849, 0.9929602018240858, 0.16700920759958016, -0.25594411755465607, 0.9993459682144513, 0.9993879692095912, 0.34874132263709795, -0.32766482240081085, 0.9986144296397342, 0.9993068558391066, 0.9985595516746559, 0.3741696280628116, 0.9308866722250853, 0.9990798965690284, 0.9308866722250853, 0.9112703976908658, 0.6233985887826059, 0.9177777094563164, 0.8892294434322023, 0.6890312767381064, 0.4163804495227461, -0.0776883864802903, -0.21132282380713874, 0.9238553477772464, 0.4074360395622561, 0.9688311738756297, 0.9615950109466875, -0.08528740015740158, 0.8278930951724428, 0.8011072857259753, 0.8486440297253461, 0.7944138205963656, 0.7616477190306868, 0.7944138205963656, 0.7576802361150023, 0.7618952839924588, 0.7608646329080634, 0.7618952839924588, 0.8356118339252416, 0.30562119718102565, 0.5230599254200348, 0.6068793189201057, 0.5230599254200348, 0.5238946914745758, -0.3632993336162871, 0.4851345348836569, -0.6639535191578231, 0.4020098901777611, -0.1310841272134309, 0.36736330084828966, -0.1310841272134309, -0.15196936112396223, 0.8107038251942913, 0.8189501647613793, 0.808885592094933, 0.7247092240037097, 0.39097887808504883, 0.8139645139050786, 0.8159262387734465, 0.8139645139050786, 0.7212673886894462, 0.7212673886894462, -0.25123486336104134, 0.6858948750309997, 0.25333584219384137, -0.5861903309314604, -0.6131799815452933, -0.6162749667538356, -0.10355478596534558, -0.0046517641080628495, 0.3580816264514893, 0.08772371457834215, -0.4197954563260285, 0.1024808644655234, -0.8253989341683902, -0.1199404480583651, 0.03522135331381862, 0.035603879281640965, -0.5938839964796089, -0.6086842211631639, -0.050728526901838565, -0.5799934971655456, -0.8441179051385813, -0.345179302389875, -0.17097830571672118, -0.345179302389875, -0.2738092822220378, -0.3153794662767185, -0.3153794662767185, -0.8380551249089848, -0.8380551249089848, 0.36382552683034153, 0.601215196750255, 0.4969783208730613, 0.8081084010039433, 0.7584056371132617, -0.31726128822766647, 0.059155459218905415, 0.7647443865743572, 0.7835355485170995, 0.7647443865743572, -0.14403924639704904], [0.990945826341715, 0.9769372984373503, 0.5592886496245716, 0.9925128997712045, 0.9968285382393414, 0.990945826341715, 0.9999220495145371, 0.9987094681101074, 0.999934476032701, 0.9502582756708547, 0.9995728310455593, 0.9999271013830346, -0.14491833843244684, 0.9999385540370059, 1.0, 0.997625813626043, 0.392512830141372, 0.9997906189340259, 0.9997918246408459, 0.9885944932320861, 0.9999229441155729, 0.3445354039923393, 0.669044800499935, 0.9925511387449506, 0.9837998461661424, 0.9856172848660917, 0.2227402814233658, -0.18870325896916526, 0.9920264124880808, 0.9920360830298706, 0.1698050241261325, -0.2566249367765842, 0.9993438560178297, 0.9992300283681818, 0.3486067329625849, -0.3234678257081635, 0.9985181078651542, 0.9992725985763548, 0.9985327048245459, 0.37305036239609857, 0.9298256600561124, 0.9990957120145542, 0.9298256600561124, 0.9095843454672815, 0.6233300339847048, 0.9159485142906972, 0.8871022619277682, 0.6859853968543332, 0.41693612275062614, -0.07592173422918824, -0.2119667690738411, 0.9230666338826193, 0.40523166627022295, 0.9690863569891387, 0.961043266482521, -0.0882093613306548, 0.8267298577477827, 0.8013449560050809, 0.8484637878938708, 0.7946483035082188, 0.7638685971228604, 0.7946483035082188, 0.7557505106475118, 0.7612148807697986, 0.7619393876807066, 0.7612148807697986, 0.8357972261195818, 0.3056010165091973, 0.522723419756647, 0.6082906317222998, 0.522723419756647, 0.522680460542059, -0.36564232501992877, 0.4832690974690115, -0.6615737489152841, 0.4003510565808872, -0.13217564976492707, 0.3676738910408546, -0.13217564976492707, -0.1554201335960697, 0.8101966874171791, 0.8180011398087914, 0.8081909155070236, 0.7365631981035791, 0.39097423312583357, 0.8135848577621285, 0.8158624256488496, 0.8135848577621285, 0.7213320659816962, 0.7213320659816962, -0.25160835677623544, 0.687992302768724, 0.25348581949904603, -0.5875392895749317, -0.6131953512560413, -0.6160797969628153, -0.10573750288012648, -0.006213703245212497, 0.3591856276225393, 0.08698293067305027, -0.42117345216031254, 0.1032910971032934, -0.8238738877053353, -0.11865483405324213, 0.03427100524860259, 0.035171746211771764, -0.5951816013771937, -0.6038191671813146, -0.04917905816644667, -0.5809038803873704, -0.8418930226472946, -0.3445089966395409, -0.1697028051695395, -0.3445089966395409, -0.27413668886910825, -0.31823856514698795, -0.31823856514698795, -0.835837726638494, -0.835837726638494, 0.3616772676169567, 0.5989252214955514, 0.4950549294596537, 0.8087739175568074, 0.7567334781477686, -0.31831858156595466, 0.05710727553575576, 0.7653782025939215, 0.7847757160104648, 0.7653782025939215, -0.14343055135951077], [0.9935502407571399, 0.9854538252146813, 0.5954700189965585, 0.9951350891739033, 0.9978495604913186, 0.9935502407571399, 0.9941516698846486, 0.9868035833753726, 0.998112637010642, 0.9519905366793886, 0.9985536713249468, 0.99496