var config = { responsive: true }

var correlationAdjClose = {"data": [{"type": "heatmap", "z": [[1.0, 0.9999928527367236, 0.9835771090487383, 0.9999203121306185, 0.9987974468476982, 0.9887857502850266, 0.9972877706727589, 0.994837348623211, 0.9951105810162708, 0.9803492510994225, 0.9908623799854066, 0.9949937824449456, 0.9941525871612754, 0.9948967260737447, 0.9950501707576898, 0.9962891976921644, 0.9980130541859707, 0.9956797584573251, 0.9956970313626254, 0.995699741874131, 0.9949413078926945, 0.9844128209916108, 0.966855229983568, 0.9867582725400672, 0.9855163482920754, 0.9771741103620454, 0.9605003212428288, 0.9389489484684812, 0.9947777838171115, 0.9947257544795836, 0.9918584069513257, 0.9752721848200891, 0.9971966037253526, 0.9975247802565427, 0.9968344211007796, 0.9950640617519076, 0.9944477061985593, 0.9973490458130295, 0.9974225476496174, 0.9986668200991384, 0.9971309396130638, 0.9971461107752715, 0.9753123991722695, 0.9307265533080816, 0.7728562611793712, 0.9098084903147943, 0.935214096377515, 0.8613348631678487, 0.9724878206329678, 0.9446460608413555, 0.9735634931443544, 0.9694736451093534, 0.9652604274111918, 0.9866877745785985, 0.9830113314151404, 0.9827178665905835, 0.975354204782342, 0.9846792328068784, 0.981973205541398, 0.9853628099110702, 0.9851109902011846, 0.9622339339703767, 0.9633649992251155, 0.970232264136656, 0.9699526678358035, 0.940550829613325, 0.9740261956472694, 0.9723179864095041, 0.9807325778736982, 0.979747497335212, 0.9327643900686469, 0.8489312392377885, 0.8173523973945249, 0.8678019053411834, 0.896981936794006, 0.8905938947416084, 0.8958763563781426, 0.8946326423517034, 0.5997183931947523, -0.5115981587657872, 0.9740799604402443, 0.9629385406903209, 0.9594237926681338, 0.9836896393809486, 0.9448694057133442, 0.979634790402473, 0.9795939300540732, 0.9401208295724156, 0.9800607509155631, 0.9452703898698932, 0.5785900496879169, 0.8266013654916823, 0.910146669723644, 0.22244112185731554, 0.912093637075473, 0.9346282733795169, 0.8010018392349635, 0.9531821159129199, 0.895829827818472, 0.6812680104443866, 0.43873367096524407, 0.8913706037550204, 0.8596983252770216, 0.8871709660464722, 0.9649218211071099, 0.9652242284932898, 0.7374906906687916, 0.6947533324744667, 0.8294064365192683, 0.32317818761410927, 0.7945957485465867, 0.8335429562816372, 0.8199606300692137, 0.8183818799315649, 0.7252497657007169, 0.7339725987755673, 0.7131492351716541, -0.2189086875611743, -0.35131333582968843, 0.6042948445775982, 0.9009471972443213, 0.9477349065700807, 0.9507798236079079, 0.9190703681610203, 0.8270475706298027, 0.9187399183954622, 0.9412861819336007, 0.941057707548094, 0.8770656423937064], [0.9999928527367236, 1.0, 0.9793542884881801, 0.9997437201124455, 0.9970688122979674, 0.9894682223586241, 0.9920872237401294, 0.986708997862722, 0.9867662291392325, 0.966260067313894, 0.9895572193401914, 0.9870244559579744, 0.9867993828925469, 0.9868571098950881, 0.9869680170378156, 0.9925396733259676, 0.9946236462307773, 0.9907551395678351, 0.9907570505134123, 0.9868523130905233, 0.9869243836309105, 0.9869548850376068, 0.959615971371665, 0.9816063606301271, 0.9810749275220845, 0.9770103922283996, 0.9695443300603477, 0.9056274202443712, 0.9881483370578081, 0.9826432668007993, 0.9770598622206456, 0.9127851099338105, 0.9940659841552799, 0.9938380666187964, 0.9941740895738862, 0.9884542512619142, 0.9934460963199504, 0.9941388187723067, 0.9945139785245932, 0.9966203947901243, 0.9941870579019939, 0.9941981567490468, 0.9836442165829792, 0.9304890765661274, 0.6737921404444682, 0.9100646946069246, 0.9364715329268689, 0.8614527381477661, 0.8990781829665243, 0.9166838768462054, 0.9028906670921228, 0.9128998719162857, 0.8981136687463988, 0.9581976520200631, 0.9580671500939542, 0.9704745522014103, 0.9752231900185824, 0.9671390607828585, 0.967127573623416, 0.970448711571634, 0.9703555343317926, 0.9246286052134982, 0.9332664918938578, 0.8935349577880098, 0.8934949694424547, 0.7730609955469298, 0.964862627661563, 0.967541997612093, 0.9679346900426608, 0.9673687408083841, 0.9212153750679549, 0.6040045829638783, 0.5422317727293059, 0.7077775684046249, 0.8101298720745865, 0.7276506852898115, 0.7725584016889445, 0.7708615687449918, 0.5308101455282606, -0.2523821143126422, 0.9478017323853012, 0.9568835968470182, 0.9474563032872924, 0.9716811823175731, 0.9013506490608674, 0.9534987313412275, 0.9523098577751022, 0.8819843822872707, 0.9573625655849919, 0.889465031651068, 0.3510001595889782, 0.8259506887354118, 0.8314084467831429, -0.23768683789146713, 0.5614544591580257, 0.680625391197977, 0.6054056983064089, 0.9486114348792366, 0.6286899000785554, -0.16126843776488947, -0.11329658429664044, 0.595363838175775, 0.604701400709455, 0.6510747363822699, 0.9507410415924084, 0.9505252501562981, -0.11946313440815916, 0.10335174384454786, -0.03960175233184181, -0.07016273089103736, -0.04320788696473433, -0.027402449171646935, -0.057785964214355924, -0.09411485756988054, 0.25631557951064077, 0.02171175448445739, -0.02291085201974638, -0.45449720531908244, -0.4806967665597706, 0.6048116957588662, 0.7412374867083379, 0.7617186786158417, 0.8249135527117283, 0.8178656833295358, 0.5160091512277147, 0.7262323528853906, 0.7617126857693631, 0.7602541584174896, 0.41813997495046185], [0.9835771090487383, 0.9793542884881801, 1.0, 0.9850491693922809, 0.9920647550170513, 0.9889399919625653, 0.9904915370375148, 0.9907422271765005, 0.99410885724534, 0.9530369838076708, 0.9965370092256138, 0.9906534793459397, 0.9926340618932332, 0.9908117429995257, 0.9907086155345847, 0.9912698515259657, 0.9893763986303048, 0.9892175036673589, 0.9891815806184331, 0.9925963619381354, 0.9906707039769467, 0.9929032827947202, 0.9774618477543489, 0.9900390705424088, 0.9903961877310883, 0.9747727069637521, 0.9801716645071678, 0.9434234056199927, 0.9738553604120495, 0.9769479424619039, 0.9786370272320383, 0.9505143307050341, 0.9876693980052752, 0.9908149880456204, 0.9889852815937803, 0.992879680079131, 0.9941199194596538, 0.9918027757355653, 0.9870068381670909, 0.9867579248595183, 0.9879425903202468, 0.9872880147698113, 0.9896291495350461, 0.929955871460339, 0.7155191121936342, 0.9355978927542795, 0.9168662972651865, 0.7604442843582501, 0.9333833237311369, 0.8993409853737909, 0.9344917370417843, 0.9293800114175245, 0.922986594762262, 0.9538643376773789, 0.9606146975471825, 0.9252997743392359, 0.9402979880521188, 0.9489577198987064, 0.9539379758319351, 0.9497253250755193, 0.923832544564394, 0.8835864494820979, 0.9165875592023632, 0.9202605937378427, 0.9045583336140592, 0.8513894948541504, 0.9541538538642524, 0.9301361653891557, 0.9493652196445317, 0.9271035250175829, 0.7411975281452781, 0.7830947731745593, 0.7239250950965249, 0.8036099111786582, 0.8528953964240159, 0.8488263277040863, 0.8237610737539289, 0.8371598924532435, 0.272817506079895, -0.5178830624061693, 0.9383249356328527, 0.9034860101692126, 0.9104465054762975, 0.9259471266209394, 0.9053115762826681, 0.9448772191451166, 0.9445649894046139, 0.8994861338611593, 0.9420422658300902, 0.8171140092657653, 0.5458385999811606, 0.9186567491930788, 0.9280967836107576, 0.14501968022244752, 0.8886824708836504, 0.914511352454819, 0.7857415013377715, 0.975319276188937, 0.7778680879715999, 0.590887401658172, 0.35864186652681174, 0.7836492148236055, 0.7834358076344131, 0.771905701002343, 0.9794740768615743, 0.9795464781698485, 0.6534124610592426, 0.6246882917513855, 0.7162401652936974, 0.2476117709269071, 0.6872720993172339, 0.712081061992692, 0.7284122424043072, 0.7088507185202829, 0.6735805764373498, 0.6553501901211092, 0.6323931687293429, -0.2985694598094166, -0.43005816157602855, 0.5499198435047613, 0.8585238418239076, 0.8979112210320896, 0.8978939569098983, 0.8905936664776141, 0.7543497148413272, 0.8718752990795009, 0.8862981821869599, 0.895541449958307, 0.740519181903368], [0.9999203121306185, 0.9997437201124455, 0.9850491693922809, 1.0, 0.9991221762309425, 0.9896414893375406, 0.9976833701541447, 0.995408550804306, 0.9958044036678672, 0.9802290990426086, 0.9926561118019118, 0.9955479177734384, 0.9949210980041392, 0.9954662239286274, 0.9955940497029133, 0.9968281854077768, 0.9983790224891272, 0.9961774656733904, 0.9961916541266344, 0.9963008594719232, 0.9954972345334211, 0.9857549890657472, 0.9682567058273578, 0.987937783716658, 0.9868049444717043, 0.9803173099577094, 0.9627248584386546, 0.9402730163950092, 0.9943834408423726, 0.9944973428323061, 0.9921090130615712, 0.9751214602516497, 0.9974018247884847, 0.997903223837025, 0.997198429004123, 0.995690076094087, 0.9955389134123434, 0.9977684626647544, 0.9975709800801253, 0.9988209836023543, 0.9973256625951122, 0.9973373233142759, 0.9771629928151465, 0.9267872938256734, 0.7667272194594771, 0.9107635673935794, 0.9319860959668602, 0.8508464576985325, 0.969737473110945, 0.941227479028861, 0.9706948580092024, 0.9669505451622987, 0.9626058802894883, 0.9846753627644375, 0.9815480951036504, 0.9806600693678018, 0.9729094124275556, 0.9828645575817613, 0.9808077039146036, 0.9834675835063137, 0.9832148901462119, 0.9463566617409088, 0.961427025194096, 0.9684460747212963, 0.968172441352603, 0.9332332116352895, 0.972929508668574, 0.9679795824385314, 0.9785925970401297, 0.9775645775056306, 0.899880350434886, 0.8466298979257236, 0.8121594149909382, 0.865141318594603, 0.892969939908095, 0.8895356570182207, 0.8925200596386016, 0.8913630749692373, 0.49210954147777974, -0.5119100288353691, 0.9725500166081493, 0.9598274417819619, 0.9566245562706784, 0.9816380007549295, 0.9431278192945795, 0.9783087929634926, 0.9782737161570872, 0.9385066041197273, 0.9780180095524788, 0.9216181980407943, 0.5846235415775082, 0.8372947081040307, 0.9147510037983696, 0.22283151019286365, 0.9138255230427607, 0.9361167918392265, 0.8014585162256295, 0.9547329738372166, 0.8897607921091344, 0.6785996567958785, 0.43630306538874175, 0.8864132619225026, 0.8562912973762052, 0.8818669994838527, 0.9660671570584876, 0.9663749549335596, 0.736831463477403, 0.6953321121380258, 0.8215564648820765, 0.32561054787578425, 0.7891796205367987, 0.8254056092877956, 0.8119008488719966, 0.8132560940715848, 0.7285229912852499, 0.7343322363405961, 0.7135693724983334, -0.21424296027397527, -0.35046544867683643, 0.6020091587402323, 0.8992487745440266, 0.9461697751016677, 0.9492366479088615, 0.9182043504003837, 0.8243673623357385, 0.9169670128448214, 0.9392902028029726, 0.9392209085917519, 0.8693595067754919], [0.9987974468476982, 0.9970688122979674, 0.9920647550170513, 0.9991221762309425, 1.0, 0.9921704571167451, 0.999069957151799, 0.9981202193305898, 0.9981723875899107, 0.9731184877604145, 0.997340914777516, 0.9981806064824191, 0.9978975876969269, 0.9981580557074481, 0.9982235673552783, 0.9984775729015546, 0.9991229578854449, 0.9985977223380618, 0.9986006745793687, 0.998263832387106, 0.9981606590431904, 0.9930769819568435, 0.9764786420151826, 0.9930485674953526, 0.9929281702486608, 0.984761707831006, 0.9779264847507206, 0.9442156962043664, 0.9911207432186204, 0.9930772860861454, 0.9904830025217168, 0.9661656674836264, 0.9990028043252595, 0.9990202022315401, 0.9990018997895437, 0.9983005213652395, 0.9986235939462658, 0.9990971564964628, 0.999164840225071, 0.9991072569210745, 0.9989842740101912, 0.9989868773005227, 0.9880070537669267, 0.9370536188466129, 0.7435428276179364, 0.9282462449865069, 0.9339313437050434, 0.8292177194923273, 0.9554316860523835, 0.9263606409482713, 0.9588941072256483, 0.9584917248716421, 0.9542882619420757, 0.9807017028520966, 0.9806477752442592, 0.9756653021594204, 0.9653305321887461, 0.9765802173473616, 0.9753176070283218, 0.9768990393837378, 0.9765764024743766, 0.947476138251416, 0.9492729812844863, 0.9462847870375716, 0.9459234281128003, 0.8942369754936048, 0.9688903449899597, 0.9655821964187056, 0.9728072194813163, 0.9717103995990447, 0.9254128016020037, 0.8186014378052452, 0.7686693488186335, 0.8446439968285071, 0.8931452700706971, 0.872530053783095, 0.882162458687959, 0.8810178551361713, 0.6483408944474737, -0.5832184252962819, 0.9637675021930171, 0.9444894126958535, 0.9432238042968841, 0.9769923325281846, 0.9234466012640854, 0.9690818051343075, 0.9685471698665479, 0.9248320862071955, 0.9714268656135794, 0.9298349376373183, 0.5685232811328641, 0.866514562864401, 0.9363439041905252, 0.1177772582504976, 0.8866245350662783, 0.9164367651634262, 0.7944587731505953, 0.961072235053924, 0.875237939844992, 0.5370268371705272, 0.30833552706260564, 0.8619588263946689, 0.8102948201304379, 0.8626142946317672, 0.9708294607665483, 0.971068118934587, 0.6874047572592089, 0.6737472926993955, 0.7322166638745289, 0.29722975787831435, 0.663429787542734, 0.7381498212592542, 0.7134126609040937, 0.6943538381455595, 0.7098491391798285, 0.7151172286333551, 0.6932761654916818, -0.4466499161470847, -0.5193506148164722, 0.587073039428289, 0.8912660954158859, 0.9291350757688907, 0.9393228956729764, 0.9141135382084011, 0.7976033376667461, 0.8965838392730496, 0.9223203883774872, 0.9217768275213549, 0.8023557654318806], [0.9887857502850266, 0.9894682223586241, 0.9889399919625653, 0.9896414893375406, 0.9921704571167451, 1.0, 0.9893188883064676, 0.9888671926414476, 0.9881395751176065, 0.9672776485186155, 0.9770362277807357, 0.9888496884340288, 0.9898582335504975, 0.9889348919519301, 0.9890164875063991, 0.9918893078840126, 0.9901439703855018, 0.9898508411861667, 0.989816796649523, 0.9876004632407299, 0.9888579523153288, 0.9962968939424198, 0.9912195447375539, 0.9882109692977703, 0.9878098341631536, 0.9616542726497125, 0.9832281540977115, 0.9649094927755866, 0.9756536983902978, 0.978771853888781, 0.9877760648714639, 0.9759280777056868, 0.9893611168928776, 0.9894293454941179, 0.990294021895953, 0.9899372020943804, 0.9808446011538245, 0.9900721924437732, 0.9896735269808062, 0.9896774224499397, 0.9894584638570338, 0.9894252356305472, 0.9939148347214966, 0.8898705479391698, 0.7545535939254259, 0.8816766107887528, 0.9325131861302994, 0.860970261918932, 0.9448236170312044, 0.9147458021284519, 0.9463054160136142, 0.952281179879306, 0.9437304430829605, 0.9658147260143813, 0.9702531215714191, 0.9646442160106072, 0.9760072986482479, 0.966201792345774, 0.977918309085944, 0.9662036853596068, 0.9656130663243515, 0.9628337092466774, 0.9551316576067957, 0.9425709451494169, 0.9421243521721078, 0.9262732856439481, 0.9745495345399704, 0.9663800821863372, 0.9654173265730192, 0.9635871583110738, 0.9421530530924667, 0.8467971935967523, 0.7987403158649352, 0.8670380077365444, 0.8874885000440775, 0.8944674133231235, 0.8789394678300514, 0.8771023999543788, 0.6183346487684386, -0.48229254184745896, 0.9709226313358862, 0.9638364065940085, 0.9607523764993559, 0.9659152870363668, 0.9415463237589224, 0.9719915447878117, 0.9716855730041343, 0.9476642759524553, 0.9614084673199196, 0.9477660658317915, 0.5827618798981119, 0.7911097033483029, 0.9295331121628193, 0.22148968682499678, 0.9005538672552439, 0.9216003350020558, 0.7986659940573528, 0.9501445240164649, 0.8487984705069456, 0.6352935472812623, 0.419079884983655, 0.8459040401126446, 0.818872702778244, 0.8422708485012246, 0.9527118542530936, 0.9528570821537248, 0.7026855665659835, 0.6774341105646192, 0.7692484162262341, 0.3270795183446482, 0.7442311930277369, 0.7748805958221497, 0.760536737481729, 0.7633766321857046, 0.7162555181071357, 0.7075100149335983, 0.6888425569256312, -0.2451772390361381, -0.3690108647579413, 0.6393872104704337, 0.8909648939986557, 0.9091089280012816, 0.9159114280711065, 0.9030100397529625, 0.8027820067555737, 0.8772785409409534, 0.9009141727903016, 0.9008106657861277, 0.8484001747943443], [0.9972877706727589, 0.9920872237401294, 0.9904915370375148, 0.9976833701541447, 0.999069957151799, 0.9893188883064676, 1.0, 0.9969720550657784, 0.999512020911829, 0.971164227643514, 0.9993894408930347, 0.9979918542724143, 0.9990410731619613, 0.9989423677271746, 0.9986957349013107, 0.9980077842056997, 0.9998691402672099, 0.9991979022765235, 0.9992037630859191, 0.9996310183207001, 0.9991648899283196, 0.9903623940047606, 0.9728328961934196, 0.9831419092960019, 0.9919305490557908, 0.983516622678207, 0.9696379085121923, 0.938656295567262, 0.992605735229829, 0.9917100834859461, 0.993007223928804, 0.9710913122872642, 0.9987324347939308, 0.999800297556234, 0.9995899531573291, 0.9993561826090153, 0.9996031890790372, 0.9998331165263702, 0.9977355928068455, 0.9995133847932849, 0.999214344145486, 0.9987911949690129, 0.9829909400423491, 0.9381762472677093, 0.7547073947693765, 0.934685576791296, 0.9337764101458302, 0.8137422057956244, 0.9622163058233973, 0.9400066075068215, 0.9630912248155261, 0.9609247750458156, 0.9572157658750368, 0.9822386755295012, 0.9800321871695377, 0.9352620277044327, 0.9511083877721394, 0.965777849361081, 0.9662552802718836, 0.9677786575047794, 0.9359609430370777, 0.8791360490022101, 0.938153155289465, 0.9522511274041333, 0.9289110928590406, 0.8663947806464224, 0.9575904856310316, 0.9232346010558412, 0.9589218953083465, 0.9353451092855678, 0.7059054537640655, 0.8126262390489954, 0.7460924310466506, 0.8294101108577667, 0.860203645922267, 0.8633819203706435, 0.8450698973836794, 0.8574718162811175, 0.22724336369726036, -0.548556093624001, 0.9534735480177576, 0.9266034203965614, 0.9275172224185112, 0.9380863778234894, 0.9227019005394785, 0.96264966523203, 0.9627405010827126, 0.9156079460418396, 0.9586818115624047, 0.8025212402410262, 0.5669727333607503, 0.8727805058954277, 0.9139272653295636, 0.20167929491822464, 0.9114853303373396, 0.93501603512139, 0.7947565402715068, 0.9616766115081783, 0.8300709495476807, 0.6635894524586273, 0.4178027208636817, 0.8416125215645898, 0.8334438512831532, 0.8268667798882069, 0.9717293505939651, 0.9720441269313509, 0.720686344708143, 0.668746703905598, 0.7852270813647869, 0.29170686269541235, 0.7644281869924278, 0.7936439375743084, 0.7851695240489827, 0.7902704015405413, 0.7052140028287774, 0.7189798734234776, 0.6963087337476065, -0.23561710618700424, -0.3789466617298005, 0.6074578794155221, 0.8909179293231402, 0.9313474330952789, 0.946200795692357, 0.9159849152741965, 0.8212547960265768, 0.9155162311484276, 0.937886275001201, 0.937243991300657, 0.7740035395751158], [0.994837348623211, 0.986708997862722, 0.9907422271765005, 0.995408550804306, 0.9981202193305898, 0.9888671926414476, 0.9969720550657784, 1.0, 0.9999831487329406, 0.9648858216063999, 0.9995878913681553, 0.9999968537193062, 0.9996396021090314, 0.9999976681418593, 0.9999803378942678, 0.9961854602537608, 0.9991156858887197, 0.9998772095176882, 0.9998770494827921, 0.999952783119472, 0.9999941770297169, 0.9905527350904492, 0.9737680845718042, 0.9911454885204529, 0.9923995043403405, 0.9796714278496699, 0.97183163202494, 0.9371232842449668, 0.9889793064610325, 0.9945380650588755, 0.991809473373651, 0.9678174193005751, 0.9994235169510983, 0.999467445578393, 0.999608749881702, 0.9996564201733842, 0.9986099898821181, 0.9993642380023505, 0.9990807081957969, 0.9981632799478375, 0.9994943505081493, 0.9993524590095615, 0.9842694286683168, 0.9401027124686584, 0.741993095256503, 0.9444719033315322, 0.9333526273781901, 0.7915706289317046, 0.9611761878595966, 0.9351174469545764, 0.9617016380982306, 0.9546541688584933, 0.9510637496440232, 0.980442316167389, 0.9768541025239904, 0.9288988354246218, 0.9431004725713851, 0.9567616147512632, 0.961201872799313, 0.9593402479785458, 0.9338264374658835, 0.8660833792934818, 0.9309656720090635, 0.9437338641252834, 0.9225619195699458, 0.8494516278147708, 0.952751102355585, 0.9145367399127883, 0.9512095566344577, 0.9293262614220172, 0.6860465313979406, 0.8013800842467442, 0.740927604103372, 0.817986349187397, 0.850102780549582, 0.8563407112870489, 0.8393988871194634, 0.8484658244881813, 0.2044836746630667, -0.5561895431646858, 0.9468494016010608, 0.9135632859090822, 0.917037144037939, 0.9356389007168628, 0.9137911075068212, 0.9563239347536114, 0.9564349952211676, 0.9065632506889099, 0.9491523311269594, 0.7847991335705777, 0.5602089230247707, 0.897809378153904, 0.9274371482868882, 0.18760426308254444, 0.9100361892241257, 0.9340192931532295, 0.7917405909861313, 0.9666575459378594, 0.8347458637217258, 0.6501150984376708, 0.4040127946108088, 0.843654142082774, 0.8306814847088386, 0.8311531220225065, 0.9748929316054812, 0.9752037589210931, 0.7103390730727419, 0.6590952304507968, 0.7880687631681335, 0.2753168142624712, 0.7595540663041934, 0.78983002870115, 0.7872684899091296, 0.7851759471638726, 0.6967081689601669, 0.7122144007456275, 0.6887735298066208, -0.25367103114212236, -0.39610922502811174, 0.5857429616534352, 0.8820252532653394, 0.9294513570119606, 0.9385026771959226, 0.9093639246168647, 0.809396951292554, 0.9091041585798182, 0.931698842703725, 0.9313271458686697, 0.7528142571887786], [0.9951105810162708, 0.9867662291392325, 0.99410885724534, 0.9958044036678672, 0.9981723875899107, 0.9881395751176065, 0.999512020911829, 0.9999831487329406, 1.0, 0.9641789486407765, 0.9995862238049118, 0.9999809749995717, 0.9998212374181106, 0.9999894290024818, 0.9999964856829229, 0.998913243725146, 0.999070157565863, 0.999805491294072, 0.9998047739421123, 0.9999652682936381, 0.9999818261599138, 0.993288146184679, 0.974954778331748, 0.9944910266718469, 0.9946592908794614, 0.9797050438065107, 0.9761013875234241, 0.9384507162250108, 0.9894953088036945, 0.9935810223622331, 0.9888864337088503, 0.9632542077803684, 0.999331656799237, 0.9994110689906076, 0.9994058200729924, 0.9998225217020409, 0.9986260823738352, 0.9993612314842835, 0.9992996248162428, 0.998157803161558, 0.999323578059835, 0.9993183118441564, 0.988524874636444, 0.9403710718531998, 0.7430465584938021, 0.9451614371639128, 0.9346426364848305, 0.7918480441820921, 0.9503206167189038, 0.9210592620305994, 0.9533411156568169, 0.9522561470777899, 0.9487046267102727, 0.9776152733205203, 0.9770449067799202, 0.9632128426961616, 0.9435780504833217, 0.9640670294845947, 0.9612261925260989, 0.9644897437654263, 0.9640974935253431, 0.9326808513107903, 0.9301791143748367, 0.9340517971416655, 0.9336558745954248, 0.8808244176402064, 0.9530673839972593, 0.9545077675653427, 0.9609153105034944, 0.9595348581949562, 0.9102506191827953, 0.8005987464839089, 0.7444674219945304, 0.8172829140753642, 0.8715467392977932, 0.8542390339942612, 0.8624922338519421, 0.8614636232984691, 0.5893417295438345, -0.6197166635657463, 0.9467355350420754, 0.913608328103134, 0.9171050947638317, 0.9647880295197052, 0.9045749153193913, 0.9557228924990558, 0.9551263153751381, 0.9073448832035906, 0.958348394871641, 0.9126695798029427, 0.5580660389566391, 0.8975027556464028, 0.9442259359448777, 0.1285399927230898, 0.8940409585816897, 0.9229096396312173, 0.7907682172343142, 0.9651536514538888, 0.881784759483195, 0.5611510305798683, 0.3295178680232395, 0.8690907140067804, 0.8186321931604655, 0.8704890282041865, 0.9747910211846713, 0.9750801242417497, 0.7082011058789628, 0.6560333106048721, 0.748287578012637, 0.2728611368468699, 0.6815544797013453, 0.7537351615231592, 0.7310194660985475, 0.7125668392577943, 0.6938085662260216, 0.7087806664709148, 0.6852985859426043, -0.49813733421445494, -0.572817621689526, 0.5860109751619679, 0.88092741866331, 0.927733516441711, 0.9391464189010655, 0.9083572742089869, 0.8039628682968196, 0.8964041409917128, 0.9210094495838421, 0.920431619191865, 0.8106879793649773], [0.9803492510994225, 0.966260067313894, 0.9530369838076708, 0.9802290990426086, 0.9731184877604145, 0.9672776485186155, 0.971164227643514, 0.9648858216063999, 0.9641789486407765, 1.0, 0.9474468916354942, 0.9652782404400853, 0.964139546649992, 0.9650025574086771, 0.9645519430816727, 0.9664337816635193, 0.9752369550530675, 0.9699352550770237, 0.969941729435686, 0.9650586114332038, 0.9651393793223684, 0.9645620246273016, 0.9498000668209613, 0.9721175666889202, 0.9699716393720749, 0.877580218503303, 0.9679489420419776, 0.9483017704616142, 0.9742275921080987, 0.9679134018675204, 0.9677627558857591, 0.9316695820727838, 0.9736584410885218, 0.9732121960737774, 0.9737206699338953, 0.9652250608027304, 0.955823146220963, 0.9726999517756891, 0.9735419885039854, 0.9777344605423309, 0.9738586907154336, 0.9738769604549127, 0.9552720614773363, 0.838719290334845, 0.5648204711581171, 0.775356684998889, 0.8989002054248565, 0.8830138109534659, 0.9023965803318089, 0.8171492790295459, 0.9068683161620791, 0.9140604206732715, 0.9042154212784032, 0.9279571004399105, 0.9278003581241868, 0.9458969068740777, 0.9375766000322763, 0.956023790643378, 0.9497368840370132, 0.9542431651780823, 0.9542690538092312, 0.9136455211447274, 0.9511673148228342, 0.9332377201464919, 0.9328891162047215, 0.8471592640437617, 0.9378177052178814, 0.9464336286918918, 0.9391898218627631, 0.9382276029081494, 0.8894580179402674, 0.8088279465253152, 0.763484852815509, 0.8541173106975696, 0.9090873093985679, 0.878486049068837, 0.8938134859540139, 0.8930477112399682, 0.6929309155222588, -0.292607355834329, 0.9531704289478091, 0.9559216299370078, 0.946155088060938, 0.9478614073923626, 0.906967277570252, 0.9546152744809286, 0.9544419473302459, 0.8987092423127107, 0.9571291579501595, 0.9050069928765312, 0.6852241070169668, 0.6419264861430215, 0.8622078893095555, 0.14065840842082253, 0.8452782457852387, 0.8864039971650579, 0.8682833481808349, 0.9494559484289573, 0.9030415577820574, 0.47051297473910997, 0.3721265725108437, 0.8953752887878108, 0.8696221251809393, 0.90140301356363, 0.950034025892938, 0.9503694166359791, 0.5351622334256434, 0.6966709877555146, 0.6112854709438843, 0.48074474606738554, 0.5688657100044024, 0.6260914830038933, 0.5867811066144458, 0.5644541720854144, 0.7945141356983417, 0.6710377697000838, 0.635587157310368, -0.2640402267479742, -0.30785164331594755, 0.736394833365583, 0.9152217071188323, 0.9211254864540104, 0.9065771010145965, 0.9400065730846578, 0.6449064142173978, 0.8355292179908941, 0.9069516449282583, 0.9060497033351476, 0.6908855526279479], [0.9908623799854066, 0.9895572193401914, 0.9965370092256138, 0.9926561118019118, 0.997340914777516, 0.9770362277807357, 0.9993894408930347, 0.9995878913681553, 0.9995862238049118, 0.9474468916354942, 1.0, 0.9996235422827854, 0.9995971127729775, 0.9996058099876154, 0.9996146787217179, 0.9993252944882113, 0.9986498860614562, 0.9999481579554154, 0.999948602180077, 0.9996045195409429, 0.9996155581697358, 0.9891296327924063, 0.9538187382041784, 0.9897557147887102, 0.991025609377216, 0.985263697973719, 0.9667475576376271, 0.8886694392327753, 0.9880313686660536, 0.991896794308966, 0.9715356951626568, 0.8927283635504062, 0.9990877509470214, 0.9991594684644071, 0.9990776903232063, 0.9994218935238681, 0.9993515751039693, 0.9990928994360839, 0.9989401399085185, 0.9968868585379068, 0.9990530618402277, 0.9990495985107171, 0.9882006284447306, 0.9341539939509599, 0.6234787406147284, 0.939860352145854, 0.9339894181203694, 0.7970681519413925, 0.8744558033280496, 0.8909151666097603, 0.8800558748454826, 0.883495116535673, 0.8713885367787375, 0.9507813066393275, 0.9506870640534456, 0.9430106689893499, 0.9456031324479066, 0.9323025690588459, 0.9352315555029509, 0.93767946442009, 0.9374627723631647, 0.8788693383154041, 0.8909765900748938, 0.8432629998213163, 0.8431334721220244, 0.7052621542501519, 0.9387574118223978, 0.9425966525396812, 0.9430169941771305, 0.9423485079440893, 0.8827515395162152, 0.5455963446697812, 0.47932689782186005, 0.6489741059363157, 0.7600810832191763, 0.6763261894747905, 0.7223207930530461, 0.7213544922166546, 0.46485932494698196, -0.3862228031348316, 0.9055391674383425, 0.9180937336919341, 0.905151614620656, 0.94486894818087, 0.8496230015379201, 0.912745937304256, 0.9112158218329547, 0.827908816566443, 0.9181289037223463, 0.8372728435019655, 0.42078075143269555, 0.8925388241949164, 0.8930960495819341, -0.21335638299878265, 0.6183285551488221, 0.7239385838717559, 0.6211296037482952, 0.9671629015663278, 0.6426871841828672, -0.11200228493589398, -0.0900615720557922, 0.6143515668623765, 0.6200035227113121, 0.6622493134070098, 0.968845291821821, 0.9688942573459641, -0.05568931020905513, 0.1597377079110142, 0.026138022507562732, -0.005858365469579026, 0.019868461475128833, 0.03863216515778632, 0.006814665466547372, -0.03683235894924534, 0.32274827380329874, 0.07018099085123754, 0.021283519818559332, -0.5268044537601394, -0.5530625281201256, 0.5861091381308595, 0.7303195457702916, 0.7521501906259925, 0.8180394926846207, 0.8153984877306125, 0.49157215041800023, 0.7120490376245173, 0.7514056818098414, 0.7500391176673258, 0.4026348121346782], [0.9949937824449456, 0.9870244559579744, 0.9906534793459397, 0.9955479177734384, 0.9981806064824191, 0.9888496884340288, 0.9979918542724143, 0.9999968537193062, 0.9999809749995717, 0.9652782404400853, 0.9996235422827854, 1.0, 0.9996268256479315, 0.9999976042029719, 0.9999835738770075, 0.9968611219762045, 0.9991765302137696, 0.9998894520825327, 0.999889383768004, 0.9999607970615341, 0.9999946823542015, 0.9904694464728964, 0.9736481222681486, 0.9918002004359429, 0.9923696966458445, 0.9799284568970181, 0.9716755187543255, 0.9371527460712041, 0.9898521921825743, 0.994574604597683, 0.9918625569037437, 0.9679327710411039, 0.9994635429900629, 0.9995108097600617, 0.999642050057859, 0.9996593597522649, 0.9987079902890741, 0.9994105463874916, 0.9991171919317093, 0.9982549886012592, 0.9995359738838986, 0.9993931715093034, 0.9840970074014028, 0.9402675320640541, 0.7426174212541544, 0.9442062395659723, 0.9334387377616437, 0.7927050232491083, 0.9614533383489415, 0.9355138071030419, 0.9619882682097687, 0.9549863654080454, 0.951405969787773, 0.9806587490981405, 0.977014892493876, 0.9292702029302833, 0.9434644188972753, 0.9571470062472764, 0.9614417442454157, 0.9597148857431759, 0.9341227284726661, 0.8664215930309318, 0.9313458271944558, 0.9441993723334415, 0.9230203499521398, 0.8499885227539188, 0.952957460022482, 0.9148547753158289, 0.9515258637556971, 0.929683047717499, 0.6863433113822132, 0.8019636926366374, 0.7415176172422162, 0.8185687594744706, 0.8505485505970339, 0.8566995489250477, 0.8398777164465168, 0.8489767290161849, 0.20494962444723921, -0.5559544460805699, 0.9471739963203011, 0.914221426269997, 0.9175422891591233, 0.9359212189186399, 0.9141959025716602, 0.9566367040380467, 0.9567466819206419, 0.9069337048241171, 0.9495617879827302, 0.7852118817467904, 0.5606121385485873, 0.8967359639044511, 0.9269037845094547, 0.18832861017218808, 0.91015815745194, 0.9341276619388394, 0.7920575239193757, 0.9665006745817515, 0.8351512486797217, 0.651028070361511, 0.4049141997377588, 0.8440875698217948, 0.8312034993219227, 0.8315468814433673, 0.9748277321784646, 0.9751392157459048, 0.7109903503392677, 0.6597493145169421, 0.7885948693998953, 0.2762854542420283, 0.7602204586258932, 0.7904694383843723, 0.7877989609032012, 0.7858455489212264, 0.697189680488333, 0.7126748452879599, 0.6892685851044696, -0.2525825814810338, -0.3951166295620518, 0.5864583085097084, 0.8825194208149886, 0.9298262994630945, 0.9389775892511094, 0.9097956042880216, 0.8099302142257531, 0.9096188955777718, 0.9322000316390645, 0.9318137808995975, 0.753464611259423], [0.9941525871612754, 0.9867993828925469, 0.9926340618932332, 0.9949210980041392, 0.9978975876969269, 0.9898582335504975, 0.9990410731619613, 0.9996396021090314, 0.9998212374181106, 0.964139546649992, 0.9995971127729775, 0.9996268256479315, 1.0, 0.9996634947014671, 0.9996462127094564, 0.9990271248552505, 0.9986252703076062, 0.9994312102075842, 0.9994247861739196, 0.9996412150684764, 0.9996161172810056, 0.9924874608434222, 0.9753426365920954, 0.9953175660961132, 0.9952035730849929, 0.9797190909531037, 0.9746038297785378, 0.9398923419794256, 0.9890784899229265, 0.9926142868111846, 0.9909926776792007, 0.965575616685317, 0.9987406607183336, 0.9990418304577101, 0.999236574579141, 0.999924379113033, 0.9986464330702376, 0.9989868680361987, 0.9985436896454829, 0.9974643295070599, 0.9987297378209538, 0.9986527719369395, 0.9880613744051778, 0.9402790205810435, 0.7390180766467551, 0.944429528854117, 0.9334219905047504, 0.7919821081693088, 0.9580448224426406, 0.9283797316485591, 0.9588329450974643, 0.9517147541925579, 0.9476188526522648, 0.9771452459997969, 0.9749765495266096, 0.9540143411861822, 0.9430406126241525, 0.957342522142038, 0.9603338107126458, 0.9594172645793008, 0.9587153650676966, 0.8705267641872168, 0.9278701936131803, 0.942407248026279, 0.942219768415097, 0.8478103794885709, 0.9530326068801674, 0.9276847736948196, 0.9534111498892859, 0.9518895271332809, 0.6902942406470214, 0.7985607720294521, 0.7630449696262817, 0.8158317445717342, 0.8520406583334351, 0.8555566864221844, 0.8476902721145907, 0.8479430477978895, 0.18834456426366902, -0.55053215274588, 0.9459189002806915, 0.9138138165326085, 0.9161775814850409, 0.9572122243545996, 0.9134808155707613, 0.9550880183854488, 0.9551560465613941, 0.9061530056620701, 0.9498368458120284, 0.792202532192639, 0.5611210974370521, 0.8973784146938282, 0.9270340458340541, 0.18334908655352503, 0.907616056541396, 0.9320066530764451, 0.7931842843716198, 0.9693127961496013, 0.8282763963634048, 0.6433132778922612, 0.3996267226438316, 0.8351141127201616, 0.8258423337338076, 0.8230438750312452, 0.9768630993506037, 0.9771252026077653, 0.701527254844357, 0.6539551587588484, 0.7670603881642882, 0.27595958251809943, 0.7500234539277247, 0.7789492485705191, 0.7555138968306946, 0.7746178094198465, 0.6945959859758064, 0.701837248684401, 0.6787026893085139, -0.2596039154512126, -0.4004891493250907, 0.5859673572225786, 0.8803029961321366, 0.931459607796233, 0.9345322901449808, 0.9090076201485924, 0.8018769889497933, 0.9029996472700075, 0.9252258316435112, 0.9254436198039927, 0.748107487076468], [0.9948967260737447, 0.9868571098950881, 0.9908117429995257, 0.9954662239286274, 0.9981580557074481, 0.9889348919519301, 0.9989423677271746, 0.9999976681418593, 0.9999894290024818, 0.9650025574086771, 0.9996058099876154, 0.9999976042029719, 0.9996634947014671, 1.0, 0.9999878209991674, 0.9985185148042142, 0.9991347388546588, 0.9998810931412001, 0.999880581674682, 0.9999550130563809, 0.9999918276693683, 0.9905926183631454, 0.9738246912122362, 0.9937365039435405, 0.9936024311321668, 0.9798225895435754, 0.9718783370242683, 0.9373186118622017, 0.9923586243999938, 0.994918526718194, 0.9917453274651002, 0.9677056902634917, 0.9994401011067997, 0.9994728772949076, 0.9996194816385486, 0.9996769004655153, 0.9986553527727446, 0.9993764122631829, 0.9991507779732184, 0.9981875814054887, 0.9995084411934232, 0.9993698779255753, 0.9842519917958312, 0.9401349126500607, 0.7420859064947366, 0.9443714738588694, 0.9334274166179426, 0.7920979680563883, 0.9612844059742197, 0.9353019829966333, 0.9618530917726275, 0.9546206137496387, 0.951003972270718, 0.9804923250649684, 0.9768153963927249, 0.929286222850981, 0.9432926683476998, 0.9569801065744937, 0.9612762974737203, 0.959540332527435, 0.9334849328911784, 0.8663525267860248, 0.9307917536353761, 0.9438152523791282, 0.9228332706233268, 0.8495990062429205, 0.9529419430682742, 0.9149993290202462, 0.951479773213948, 0.9297347623486528, 0.68649140829778, 0.8013162055077672, 0.7412507442438147, 0.8179710765366851, 0.8503104430671282, 0.8563055675409437, 0.8395878040738642, 0.8486738829953067, 0.20487292467995827, -0.5558405877743419, 0.94692120679411, 0.9138763529561249, 0.9172766837336388, 0.9333550720634897, 0.9140469525374101, 0.9564074375320016, 0.9565149524864616, 0.9067585888534491, 0.9493702777500423, 0.7851320570121787, 0.5603316019242435, 0.897318088943244, 0.9272703062936278, 0.18763627821731796, 0.909891732558337, 0.9339070388844747, 0.7917493791320557, 0.9666788888368041, 0.8348127751890354, 0.6499883378633025, 0.4039317831416404, 0.8437046263132897, 0.8308606744382515, 0.8312131266403571, 0.9749538564830387, 0.9752607666002621, 0.7098603710974425, 0.658657635808976, 0.7880735456912277, 0.275660212023672, 0.7595489322002673, 0.7897643890100672, 0.7874704416394774, 0.785084397928064, 0.6966058534426357, 0.7113289921052749, 0.6879267237724348, -0.2534498346369597, -0.3958827976934333, 0.5861523769086132, 0.8819442250618915, 0.9296174222457323, 0.9385875555781097, 0.9094220145310774, 0.8092040923259848, 0.9093648485669501, 0.9317781449336806, 0.9315265982633296, 0.7529552794606595], [0.9950501707576898, 0.9869680170378156, 0.9907086155345847, 0.9955940497029133, 0.9982235673552783, 0.9890164875063991, 0.9986957349013107, 0.9999803378942678, 0.9999964856829229, 0.9645519430816727, 0.9996146787217179, 0.9999835738770075, 0.9996462127094564, 0.9999878209991674, 1.0, 0.9985164131176962, 0.9991709296651686, 0.9998775340826324, 0.999877555340359, 0.9999550714947271, 0.9999759766103496, 0.9904938799069095, 0.9738490105086666, 0.9920894008219163, 0.992148418172333, 0.9799730732872991, 0.9715788371103429, 0.9373583169790168, 0.992399515068981, 0.9944951496134934, 0.9915942482119384, 0.9676377597779267, 0.9994852988849688, 0.9994630410280404, 0.9996111850500645, 0.9996667356593598, 0.9986814654618568, 0.999387028162746, 0.9991859939446908, 0.9982556518937273, 0.9995444317200199, 0.9994204327907216, 0.9839946451393748, 0.9401871492599626, 0.7429388831336189, 0.9447410055703495, 0.9344390906678791, 0.7924578909418453, 0.9619373004211114, 0.9364963941490039, 0.9625742089722911, 0.9549318353017022, 0.9513299602300603, 0.9810257963199901, 0.9770449620642504, 0.9301702735238666, 0.9437751432513066, 0.9574251197617484, 0.9614279576111647, 0.9599938094717109, 0.9349418436856625, 0.8665593705596926, 0.9303639617641424, 0.9441907510726778, 0.9236335307317777, 0.8496128274225112, 0.9533336492290835, 0.915712289059557, 0.9520619037198453, 0.9307257064857118, 0.6863510633374735, 0.80091565467117, 0.7424348701707723, 0.8175842470173224, 0.850373781018054, 0.855833889333527, 0.8401990494566581, 0.8491068576104223, 0.20464789833887298, -0.555248250542926, 0.9469572134859034, 0.9140992621063488, 0.9174992268885751, 0.936801869850615, 0.9146067840163014, 0.956570766328927, 0.9567185799930149, 0.9071386827218453, 0.9497739030023767, 0.7851542678037781, 0.5588553251171626, 0.8971448345526141, 0.9269593510762077, 0.1864092627144007, 0.9093492233188888, 0.9333864666105683, 0.7908057374847375, 0.9662754814502038, 0.8358144027093657, 0.6496585578487021, 0.40314434397493754, 0.8442719047971636, 0.8312958571348961, 0.8320060146016633, 0.9747131640859834, 0.9750021893918835, 0.7085391557348516, 0.6564173166510919, 0.7891829301642311, 0.2739456490721856, 0.7598047961960778, 0.7901565877538141, 0.7887709718023848, 0.7853003024281998, 0.6947656683965033, 0.7089849043159281, 0.6855560194670561, -0.2525346664052004, -0.39506146671347586, 0.5861784773899235, 0.8811150185861845, 0.9302254466649906, 0.9391176886343489, 0.908664637699414, 0.8094289867523189, 0.910428470797082, 0.9323891696807538, 0.9322818934277897, 0.7528823064124862], [0.9962891976921644, 0.9925396733259676, 0.9912698515259657, 0.9968281854077768, 0.9984775729015546, 0.9918893078840126, 0.9980077842056997, 0.9961854602537608, 0.998913243725146, 0.9664337816635193, 0.9993252944882113, 0.9968611219762045, 0.9990271248552505, 0.9985185148042142, 0.9985164131176962, 1.0, 0.9988208117704701, 0.9989059260256901, 0.9989037243291229, 0.9987286253323217, 0.9984032818067411, 0.9919292774874308, 0.9766579809443308, 0.982453758988341, 0.9891895991554478, 0.9868109478986212, 0.9736069194564453, 0.9453013578492454, 0.993529389879133, 0.9932797303366444, 0.990717834738698, 0.9681331940389588, 0.9987687250953974, 0.9987383236218346, 0.9989495603419679, 0.99853512137592, 0.9993441008107218, 0.9988688772603963, 0.9988976099980791, 0.9981087506728569, 0.9986385129400962, 0.9987190617871373, 0.9827160690712539, 0.9329373365184457, 0.749740141679042, 0.9365952356281882, 0.9368761214102247, 0.8111002755697411, 0.965589497499849, 0.9409697194152798, 0.9668351943754324, 0.9554925485001198, 0.9505628181946029, 0.9818222550032705, 0.9768357568583054, 0.9434857575759097, 0.953770430394641, 0.964668617348208, 0.9660123458176543, 0.9663272025560647, 0.9471274636671757, 0.87897984336406, 0.9344541055259251, 0.9494477130242148, 0.9351429191777269, 0.8610488875720762, 0.959826014071343, 0.9300004480535441, 0.9599873782883641, 0.9440542221904702, 0.7048261623831752, 0.8090727682771901, 0.7608509836288909, 0.8270573722758129, 0.863493471604532, 0.8633015336171227, 0.8