var element = document.getElementById("correlationClose");

if (element.style.display != 'none') {
    var correlationClose = {"data": [{"type": "heatmap", "z": [[1.0, 0.9999831682481543, 0.5703400971015397, 0.9997009206351081, 0.9974713712785924, 1.0, 0.9908379767670821, 0.9864015542074066, 0.9915037753780334, 0.973141674633822, 0.9821326817295533, 0.9908825256319259, -0.13022514044907063, 0.9909476990300456, 0.9893475401729227, 0.9913029924278011, 0.4532592938764597, 0.9919591998386416, 0.9919574375658141, 0.9838985980433456, 0.9908843054734361, 0.4458798079533467, 0.6650490443060961, 0.9778570401478179, 0.9778340981635617, 0.9604720944337376, 0.30687363689663, -0.1222590010852353, 0.9898330529599405, 0.9897918227537997, 0.27626484305533405, -0.20380057700253387, 0.9937628234293292, 0.9946316389550953, 0.81116885828775, -0.39020001741669846, 0.9875923777941782, 0.9943998181471589, 0.9924868392837554, 0.43559242032447576, 0.993949807081542, 0.9939452610125894, 0.993949807081542, 0.8883550831261486, 0.6700573531247118, 0.8646689055264286, 0.8794119491059166, 0.7925504498921365, 0.38839829382658886, -0.13219009591055994, 0.1916121192432656, 0.9454391254088133, 0.4627883247187903, 0.9769255653253714, 0.9711024109360884, 0.9146593036329455, 0.9106962283927883, 0.9328927933098021, 0.9085507612091787, 0.9296624625842984, 0.9305612055976991, 0.9296624625842984, 0.8435951040284233, 0.9060926572793586, 0.907310792064132, 0.9060926572793586, 0.8956098641614357, 0.7336082515655276, 0.8705978094857709, 0.8724400206457185, 0.8705978094857709, 0.6187502763886525, 0.30837829436602515, 0.5949854699724159, -0.5947616250814572, 0.49024855533686945, 0.5442466440418307, 0.5460519011571703, 0.5442466440418307, -0.10098297606022746, 0.8828213658149029, 0.9149296320473824, 0.8966882082648255, 0.9163027681592689, 0.44985011406051256, 0.8800034139242925, 0.8814438913122511, 0.8800034139242925, 0.8895886098692813, 0.8895886098692813, -0.16074637813694556, 0.5480599388721829, 0.19270489225983753, -0.5597161307073448, -0.5626653848938878, -0.5660460874354418, -0.04010811778270004, 0.056732412005635925, 0.2601199865540079, 0.13719541618433362, -0.383284110800658, 0.055854274549230726, -0.7924814707415411, -0.21045646857612763, 0.12124577995889116, 0.1220055785205853, -0.5408346259379861, -0.6053695989142232, -0.21152091401018644, -0.4865578488126651, -0.8291852457846931, -0.3484501292368341, -0.34003658829732425, -0.3484501292368341, -0.18370255378971012, -0.25599397209511476, -0.25599397209511476, -0.8176363044093412, -0.8176363044093412, 0.39913464434351614, 0.6574034922186995, 0.8730412051778502, 0.851834117310727, 0.7892213815934268, -0.2476437358807638, 0.7673449699576455, 0.8078765267091135, 0.8079375286531043, 0.8078765267091135, -0.2358297849364205], [0.9999831682481543, 1.0, 0.9694923555369229, 0.9992195271530947, 0.9937839876906694, 0.999983168248154, 0.9781178612290783, 0.9691938755214481, 0.9778992184879876, 0.9587191269425226, 0.9800575727233551, 0.9781658344111847, 0.9781258219283433, 0.9779449035268376, 0.967816804600483, 0.9738506398252912, -0.266099236710994, 0.9835154614985381, 0.9834871946492914, 0.9782304722172908, 0.9782213573540973, -0.14633135333073896, 0.9682373377668059, 0.9713230082050992, 0.9713933339020892, 0.9608687158441217, 0.04018250915044229, 0.15056402928073281, 0.9758730169952183, 0.9759320430778088, 0.9712136387959039, 0.13943882439907698, 0.98757549921597, 0.9876544536548819, 0.988426890010045, 0.9802904617970065, 0.9859924975068258, 0.9876108564314093, 0.9775712052285754, -0.2727080702984065, 0.9885088007006476, 0.9884896504246078, 0.9885088007006476, 0.8883666434373837, 0.5493133675798717, 0.8653449735847327, 0.8797186307087128, 0.7918281404018181, -0.43987952845289446, -0.547891513424487, 0.8285410673232665, 0.8561525488943105, -0.18052271070332193, 0.9338950151658688, 0.9339762801663496, 0.9236143853969221, 0.9335875140767463, 0.9113419366388916, 0.910976642244128, 0.9181125492195317, 0.9188459225695795, 0.9181125492195317, 0.7759563149077631, 0.7364154881634242, 0.7386554232762643, 0.7364154881634242, 0.9278094627019184, 0.9329375504881862, 0.9276711153343108, 0.9288811191851539, 0.9276711153343108, 0.4454578894751347, 0.38679954684392853, 0.5078789145192286, 0.6121461939110432, 0.4919007551970809, 0.5324980170261283, 0.5334053094727438, 0.5324980170261283, -0.21763395846288733, 0.8681735242020455, 0.9046974930403995, 0.8912207718482144, 0.930808503529389, -0.08642153171331389, 0.8622399598429384, 0.8626506296858397, 0.8622399598429384, 0.8734799548484352, 0.8734799548484352, -0.2632096695451467, 0.5490508893700268, -0.38324874848611373, -0.6568657382524417, -0.46831880377388957, -0.47172301072012174, -0.3073164615484736, 0.22206849897231512, -0.21723822273249405, -0.3970188889466691, -0.5925946616320255, -0.2888982875378222, -0.4996825022998503, -0.34277086146114594, 0.09635129160106902, 0.09156861388105081, -0.4895014169693227, -0.4451771715702033, -0.47326833856482886, -0.5028172343860755, -0.4953433854762546, -0.47543370867197154, -0.4786722293679819, -0.47543370867197154, -0.3585357985490351, -0.49825452367943573, -0.49825452367943573, -0.4717554660939281, -0.4717554660939281, 0.3989425783828163, 0.41320243136633283, 0.5186626812131039, 0.6008189161132572, 0.5760122700494469, -0.39189920737205813, 0.3816205764214492, 0.3722045211629267, 0.37229752829344565, 0.3722045211629267, 0.11373899763615807], [0.5703400971015397, 0.9694923555369229, 1.0, 0.5639256918269022, 0.45341139830036625, 0.5703400971015397, 0.559013793758802, 0.5473842891002181, 0.4599799711024123, 0.4003794348789944, 0.9966510899131884, 0.5590269077041093, 0.5147711623140427, 0.5593584366360431, 0.5604822744143103, 0.5960575009984046, -0.10459944373266337, 0.5045790881382969, 0.5045463229445752, 0.45682752450273306, 0.5586588804376134, 0.20914041938067712, 0.698378379127621, 0.526153161217985, 0.5258688319782788, 0.9837065488347719, 0.29177746458327913, 0.17809021248590085, 0.5241845061852113, 0.523683831222716, 0.7668578407639081, 0.009339648401551411, 0.5572249166286999, 0.4577359109809581, 0.5438230997710451, 0.3601094685803296, 0.9939660334694254, 0.4462678209387893, 0.5586596495825965, -0.11089038523079202, 0.5732766034763094, 0.5559864732848602, 0.5732766034763094, 0.8938044649047299, 0.38904883413319463, 0.9029921010943849, 0.86788626478362, 0.6503782594484933, 0.20061318059262367, -0.01193172220461611, 0.05748515216143776, 0.4238301839130512, -0.07236874069395167, 0.5152133704999585, 0.4502065932570618, -0.07239073304054647, 0.6893298267129108, 0.643575444965543, 0.4838337574387916, 0.6498342143553899, 0.7132983947887346, 0.6498342143553899, 0.33151479928191097, 0.5435598352212968, 0.6432006179558332, 0.5435598352212968, 0.5607368030418849, 0.6214929618374351, 0.6618325054623059, 0.7338921264402601, 0.6618325054623059, 0.20566474238802238, -0.08411072957937746, 0.22380504980005844, 0.14714381806923477, 0.22341404648126778, 0.26252200219363986, 0.396457227778726, 0.26252200219363986, -0.17282264343110482, 0.4393649780323746, 0.8085149495822277, 0.5259788869611028, 0.7298034652501866, 0.0786462202558342, 0.5058497446726937, 0.5070686317355763, 0.5058497446726937, 0.6304571958637643, 0.6304571958637643, -0.28702328897292523, 0.7169508553063799, -0.22792831038169875, -0.5445431385609956, -0.3888964139655639, -0.39203886830447104, -0.3918143589283239, 0.012588442725576047, 0.024436392550644562, -0.2598258469257977, -0.5272530459580285, -0.13553211412811128, -0.22613273004798812, -0.20970617590757312, -0.02626306796982715, -0.029239933424799806, -0.44850477138058364, 0.010458861916430747, -0.21931738851727095, -0.4827060084563072, -0.112826895152853, -0.3571206633401128, -0.2334862309957627, -0.3571206633401128, -0.4279719073965137, -0.5050370340445085, -0.5050370340445085, -0.23957607907803538, -0.23957607907803538, 0.3253127001697688, 0.13504531983998014, 0.24418987680764567, 0.4885703935687349, 0.21670379480739477, -0.3060830765897475, -0.037141360733240515, 0.4466618193732938, 0.5612746723925894, 0.4466618193732938, -0.04272934655615559], [0.9997009206351081, 0.9992195271530947, 0.5639256918269022, 1.0, 0.9986322576948589, 0.9997009206351078, 0.992440384111828, 0.9884860101321012, 0.993449626466231, 0.970909592693552, 0.987129022353143, 0.9924727264060247, -0.13460414866332862, 0.9925099549987086, 0.9908873181894964, 0.9928595482899719, 0.43900183854407215, 0.9933355314552572, 0.9933338327201083, 0.9843326124322032, 0.9924638820787942, 0.43709981631835243, 0.6684535707394096, 0.9808244001911307, 0.9808017751258697, 0.9708275869314998, 0.30195120900839795, -0.1295783622749404, 0.9895651579833734, 0.989534301456273, 0.2678234367663924, -0.2046325583036335, 0.9945627099744867, 0.9957168676832905, 0.7705728689337443, -0.39596851064118, 0.9912489489195131, 0.9957246465968311, 0.9930937967206458, 0.42096544887799786, 0.9921382559055469, 0.9946434674289765, 0.9921382559055469, 0.8867452411095272, 0.657256770090257, 0.8729327651371102, 0.8759335780092581, 0.7698708771881627, 0.3828475353996299, -0.13821713996810775, 0.18504234939839928, 0.9396293877018848, 0.44661215164604523, 0.9726000182049991, 0.9682597054850146, 0.8903501553480624, 0.9017342163739545, 0.9178333701012659, 0.9034340399109109, 0.9099342831383939, 0.9111712406543638, 0.9099342831383939, 0.8336082132825793, 0.8924090013452964, 0.8937546510901995, 0.8924090013452964, 0.8911454881055629, 0.6660371239504175, 0.8262605227307104, 0.8282143107260409, 0.8262605227307104, 0.6086070519571465, 0.10140311829957889, 0.5828343834236676, -0.5999589173823425, 0.48356129388451, 0.285907386346659, 0.5138766829814922, 0.285907386346659, -0.10795236703627135, 0.8759853238322818, 0.9041786902135864, 0.8865716846086252, 0.8895940424385803, 0.43643352357517284, 0.8741687687446015, 0.875793688715917, 0.8741687687446015, 0.8672133555238207, 0.8672133555238207, -0.1670407634816982, 0.5754591976490111, 0.19743528302284327, -0.5705547055152701, -0.570568652465826, -0.573863999256603, -0.05286281112694863, 0.05111017460046927, 0.2528515845306761, 0.12426122063232535, -0.39632007229058186, 0.04911592334912515, -0.7993423533038654, -0.21859467335893773, 0.10996275164217832, 0.11078493132374607, -0.5484506875001239, -0.6022378276311057, -0.21337122505911243, -0.49904462846609493, -0.8316800218769652, -0.3503819891689082, -0.3425301918213097, -0.3503819891689082, -0.1933265625085121, -0.26638972936182637, -0.26638972936182637, -0.8179633323850208, -0.8179633323850208, 0.38534255492955155, 0.6453357780896031, 0.8654751134181982, 0.8443269282406944, 0.7818997758711794, -0.2614087362559331, 0.758458087827973, 0.7992963637348718, 0.799362348892399, 0.7992963637348718, -0.22062594527909588], [0.9974713712785924, 0.9937839876906694, 0.45341139830036625, 0.9986322576948589, 1.0, 0.9974713712785924, 0.9967708909220284, 0.9947941600683567, 0.9969621395947071, 0.9605115093719451, 0.9953448632914368, 0.9967894534052865, -0.3453933265848626, 0.9968204820975606, 0.9942688456176417, 0.9943240435863924, 0.24405321890321216, 0.9973641927816832, 0.9973618228483555, 0.9860750044937463, 0.9967807073356455, 0.06951233711499762, 0.6286223085224563, 0.990552767315831, 0.9905082293962719, 0.9846039093802326, 0.0491029813450875, -0.1149098013083442, 0.9877398711644303, 0.987675833476625, -0.048789143316837716, -0.10260067393337502, 0.9977113198598535, 0.9976488036468084, 0.7468868650238911, -0.538595431763091, 0.9971398705526526, 0.9979033594803729, 0.995143697196477, 0.22028801443689275, 0.997667426814814, 0.9976690451207836, 0.997667426814814, 0.9020426679704427, 0.6180750305473796, 0.8949462487273732, 0.8798948643406873, 0.7361621520530138, -0.0989014307044206, -0.5797829217236085, -0.23680448644489624, 0.9248491137650339, 0.3018958334665518, 0.9660730440338433, 0.9661367572497775, 0.8843049882989054, 0.8790458032291192, 0.9030951810853226, 0.8881926010096645, 0.9011742185958813, 0.901817964082412, 0.9011742185958813, 0.8031226121733623, 0.8341954198906903, 0.8358840253601889, 0.8341954198906903, 0.8777534407078731, 0.7692189664340866, 0.8574917358502965, 0.8588127738795854, 0.8574917358502965, 0.5591630108399255, 0.4221499287203951, 0.5416049136740532, -0.6451684238564127, 0.5381817714481216, 0.5151925064056426, 0.515423189779996, 0.5151925064056426, -0.1283768984985423, 0.8545055125228497, 0.8729829755508247, 0.8584237583672745, 0.894526606905386, 0.2932577425312669, 0.8558319758944913, 0.857477559150731, 0.8558319758944913, 0.8639571553331266, 0.8639571553331266, -0.21040656810689573, 0.6353960631121386, 0.05071281612232773, -0.6058954716910135, -0.6284965754173604, -0.6287178470986953, -0.08922278357265664, 0.07274155830810954, -0.14670258139810932, -0.1289149835427463, -0.4837462101025406, -0.32438361978086594, -0.8635643641594706, -0.51768974697894, 0.07551070984561872, 0.07620953344808137, -0.5793187918976043, -0.5937068839194606, -0.5124323307809225, -0.5425140034433609, -0.799186616211186, -0.5687586333055116, -0.5717273647035854, -0.5687586333055116, -0.23770552479014956, -0.30547110445809217, -0.30547110445809217, -0.7652228378507664, -0.7652228378507664, 0.3648139254465192, 0.6236222485686839, 0.814825692033312, 0.7892449836931936, 0.7688164863611099, -0.40056828255185895, 0.6073474981710764, 0.6896521744876026, 0.6898283401289452, 0.6896521744876026, 0.01320274732925481], [1.0, 0.999983168248154, 0.5703400971015397, 0.9997009206351078, 0.9974713712785924, 1.0, 0.9908379767670821, 0.9864015542074066, 0.9915037753780334, 0.973141674633822, 0.9821326817295533, 0.9908825256319259, -0.13022514044907063, 0.9909476990300456, 0.9893475401729227, 0.9913029924278011, 0.4532592938764597, 0.9919591998386416, 0.9919574375658141, 0.9838985980433456, 0.9908843054734361, 0.4458798079533467, 0.6650490443060961, 0.9778570401478179, 0.9778340981635617, 0.9604720944337376, 0.30687363689663, -0.1222590010852353, 0.9898330529599405, 0.9897918227537997, 0.27626484305533405, -0.20380057700253387, 0.9937628234293292, 0.9946316389550953, 0.81116885828775, -0.39020001741669846, 0.9875923777941782, 0.9943998181471589, 0.9924868392837554, 0.43559242032447576, 0.993949807081542, 0.9939452610125894, 0.993949807081542, 0.8883550831261486, 0.6700573531247118, 0.8646689055264286, 0.8794119491059166, 0.7925504498921365, 0.38839829382658886, -0.13219009591055994, 0.1916121192432656, 0.9454391254088133, 0.4627883247187903, 0.9769255653253714, 0.9711024109360884, 0.9146593036329455, 0.9106962283927883, 0.9328927933098021, 0.9085507612091787, 0.9296624625842984, 0.9305612055976991, 0.9296624625842984, 0.8435951040284233, 0.9060926572793586, 0.907310792064132, 0.9060926572793586, 0.8956098641614357, 0.7336082515655276, 0.8705978094857709, 0.8724400206457185, 0.8705978094857709, 0.6187502763886525, 0.30837829436602515, 0.5949854699724159, -0.5947616250814572, 0.49024855533686945, 0.5442466440418307, 0.5460519011571703, 0.5442466440418307, -0.10098297606022746, 0.8828213658149029, 0.9149296320473824, 0.8966882082648255, 0.9163027681592689, 0.44985011406051256, 0.8800034139242925, 0.8814438913122511, 0.8800034139242925, 0.8895886098692813, 0.8895886098692813, -0.16074637813694556, 0.5480599388721829, 0.19270489225983753, -0.5597161307073448, -0.5626653848938878, -0.5660460874354418, -0.04010811778270004, 0.056732412005635925, 0.2601199865540079, 0.13719541618433362, -0.383284110800658, 0.055854274549230726, -0.7924814707415411, -0.21045646857612763, 0.12124577995889116, 0.1220055785205853, -0.5408346259379861, -0.6053695989142232, -0.21152091401018644, -0.4865578488126651, -0.8291852457846931, -0.3484501292368341, -0.34003658829732425, -0.3484501292368341, -0.18370255378971012, -0.25599397209511476, -0.25599397209511476, -0.8176363044093412, -0.8176363044093412, 0.39913464434351614, 0.6574034922186995, 0.8730412051778502, 0.851834117310727, 0.7892213815934268, -0.2476437358807638, 0.7673449699576455, 0.8078765267091135, 0.8079375286531043, 0.8078765267091135, -0.2358297849364205], [0.9908379767670821, 0.9781178612290783, 0.559013793758802, 0.992440384111828, 0.9967708909220284, 0.9908379767670821, 1.0, 0.9971940695539926, 0.9999681547715008, 0.9516284172108233, 0.9995929097643498, 0.9999961735041203, -0.14813556691578636, 0.9999924677357452, 0.9987727897610726, 0.9929854297303611, 0.3896732078091744, 0.9998370646194388, 0.9998374388765425, 0.9885265505580211, 0.9999963743756557, 0.343418411535119, 0.6695364973665795, 0.9842808522820566, 0.9845181267449888, 0.985915950933597, 0.223518588558849, -0.18849876626344766, 0.9921408591523417, 0.9918682794860751, 0.16738286004316769, -0.2548625620588725, 0.9992938825190966, 0.9993856665953842, 0.3520164952404889, -0.3283432846701359, 0.9986904175188137, 0.9992994404877379, 0.9969720607795054, 0.37010606916851896, 0.9317407440858213, 0.9990220585670908, 0.9317407440858213, 0.9106036663904138, 0.6215908937603016, 0.917731913626352, 0.8893041179174542, 0.6895527932591077, 0.41413655798490273, -0.08090199300427867, -0.2112680462285166, 0.923349641245973, 0.4050085102914286, 0.9682801141314916, 0.9611890322408347, -0.0831849121397083, 0.8289612073876033, 0.802014341621334, 0.8492442922871533, 0.7953304226170149, 0.7631842390659805, 0.7953304226170149, 0.7590586044848118, 0.7628121768135145, 0.7613850863820266, 0.7628121768135145, 0.8362653374388664, 0.3086407555216434, 0.5254623785165793, 0.6086398953582207, 0.5254623785165793, 0.5266386333175704, -0.36170384060461075, 0.48738385348379604, -0.6631444604881854, 0.404956379582355, -0.12912845124851557, 0.369837118704023, -0.12912845124851557, -0.15230981995396617, 0.8117123958093619, 0.8215423226479968, 0.8107233331427108, 0.735868281473701, 0.3859885618468704, 0.8148436269543741, 0.8171538197579754, 0.8148436269543741, 0.722663967882495, 0.722663967882495, -0.2474552552428631, 0.685764495480645, 0.25218991616422287, -0.589149210406896, -0.6137661248273504, -0.6166251592034276, -0.10480784659361593, -0.0012934600575740757, 0.35662061177677673, 0.08518420830970916, -0.4236953423046625, 0.1001992098654793, -0.8266710517772373, -0.12250665854947101, 0.03806098033354851, 0.03901770216848828, -0.5944468489586853, -0.608119765862142, -0.053239524889935816, -0.5796516505173671, -0.844022259876547, -0.3469370185328833, -0.17394962550525686, -0.3469370185328833, -0.27341862955555185, -0.31659529500414646, -0.31659529500414646, -0.8374617915988407, -0.8374617915988407, 0.3621026461044777, 0.6007757787847506, 0.49751062067533075, 0.80710131133785, 0.7582983367339822, -0.3197980296515591, 0.0595978190827462, 0.7636109987713764, 0.7822067386639867, 0.7636109987713764, -0.14513287348133327], [0.9864015542074066, 0.9691938755214481, 0.5473842891002181, 0.9884860101321012, 0.9947941600683567, 0.9864015542074066, 0.9971940695539926, 1.0, 0.9994700487775392, 0.9432676160777265, 0.9982920566039711, 0.9979950464525804, -0.1575374202807093, 0.9990089751126822, 0.9975511493747017, 0.985628149683582, 0.3675593057642846, 0.9990607530324769, 0.9990637804483784, 0.9855970576380584, 0.9991708803120849, 0.31611702764537775, 0.668792816326044, 0.9918778613033458, 0.982204944558837, 0.981585942289596, 0.20368402581232445, -0.20354807363751093, 0.9884221742104953, 0.9918335154646553, 0.14684634807126964, -0.26188670665742814, 0.9981394909428504, 0.9980401829781855, 0.33109739252544873, -0.3358929582560894, 0.9961127235155132, 0.9978771072012568, 0.9962995899237647, 0.34750068681456076, 0.922886491177122, 0.9979724532923145, 0.922886491177122, 0.9079539632103778, 0.6055893378274125, 0.918161107400947, 0.8850376786268729, 0.6618880654876876, 0.4005533018851783, -0.09680039148293511, -0.22506863056342702, 0.9139526809857822, 0.3837855528572141, 0.9634376852054317, 0.9555109457641529, -0.09422167367505634, 0.8139650208312947, 0.7832549083540029, 0.838839163870371, 0.7777984484849029, 0.7495068950832223, 0.7777984484849029, 0.7439643804239539, 0.7414535526224546, 0.7464893990674519, 0.7414535526224546, 0.8261395412361171, 0.28663781393568205, 0.502147188418628, 0.5903265117876485, 0.502147188418628, 0.5111201757280941, -0.37777787394500245, 0.4699866203917162, -0.6724521466040018, 0.3949162184846387, -0.15311832089177257, 0.3513456962119533, -0.15311832089177257, -0.15973250543319548, 0.7994842226257405, 0.8020502117149908, 0.7947428814220954, 0.7195450362195003, 0.3684849235694462, 0.8032697519243585, 0.8058386367883826, 0.8032697519243585, 0.702161683238969, 0.702161683238969, -0.2646403210653997, 0.7158562249813708, 0.2602844601821266, -0.5992987845267177, -0.6280166337047673, -0.6306934082079564, -0.12068717891676513, -0.010228967549282916, 0.3496892275287599, 0.06532901583576993, -0.4375092427683841, 0.09076584523306618, -0.8338357215098677, -0.12914336008111177, 0.021066849555294125, 0.02206327672091486, -0.6074450740204468, -0.6095241445117521, -0.06024360817343085, -0.5986906331584106, -0.844534113874165, -0.3592593421713375, -0.18034502756284645, -0.3592593421713375, -0.2927872536808987, -0.33163542385627437, -0.33163542385627437, -0.8363547933727223, -0.8363547933727223, 0.33823289364992015, 0.5823643316217023, 0.47766200700908196, 0.7885025373308815, 0.7446085526994132, -0.3432945893687051, 0.044614264571034, 0.7437385449652354, 0.7659860022579553, 0.7437385449652354, -0.12713229479052193], [0.9915037753780334, 0.9778992184879876, 0.4599799711024123, 0.993449626466231, 0.9969621395947071, 0.9915037753780334, 0.9999681547715008, 0.9994700487775392, 1.0, 0.9503901922378363, 0.9995396368048922, 0.9999690800407561, -0.32001310365237684, 0.9999735950444651, 0.9976865468514309, 0.9950032464549973, 0.2817067667237354, 0.9997794085630847, 0.9997800051469332, 0.9883362385605009, 0.9999660136100303, 0.11805128687597552, 0.6276039076569628, 0.994164781877924, 0.9941099645399438, 0.9857628222117903, 0.032604333723119674, -0.12802459592190896, 0.9906580093849167, 0.9906211872032947, -0.030047099857639457, -0.21508797588322942, 0.9993156478122801, 0.9992736118710872, 0.759409356197362, -0.527640323733434, 0.9986009070126166, 0.9992786356064716, 0.9966943420518615, 0.25863051824761224, 0.9991573609799503, 0.9991627584718621, 0.9991573609799503, 0.910454798637081, 0.6225706057545175, 0.9174774964392951, 0.8887669078075113, 0.6888936253347686, 0.008509719198072306, -0.5258743183153639, -0.18598625502352403, 0.9184971537019543, 0.3530377924981345, 0.9623578419109324, 0.9614257353445524, 0.8559385122817276, 0.8301475511268581, 0.875659479429347, 0.8503480977424993, 0.873802256145515, 0.8745470859708216, 0.873802256145515, 0.7584964102330272, 0.8156897883535104, 0.8174160122115599, 0.8156897883535104, 0.8379762171900133, 0.7295962683040943, 0.8264770545530485, 0.8279621803408233, 0.8264770545530485, 0.5257277516767392, 0.3467602347696632, 0.4869205623351143, -0.6915790376825588, 0.4646769747040169, 0.42833076088942235, 0.42837717383757984, 0.42833076088942235, -0.10895809839002916, 0.8124679727067515, 0.8212729627848782, 0.8108747620770466, 0.8665630681782929, 0.310707664293973, 0.821201030964034, 0.8236052598044059, 0.821201030964034, 0.8293171206940099, 0.8293171206940099, -0.24975657791021688, 0.6867083934145795, 0.07569179737072902, -0.6024731466387234, -0.6551961688265648, -0.6560501636219044, -0.10848528877416443, 0.0015290770358565887, -0.15428260288641396, -0.10039612500946732, -0.47314102081602866, -0.3554399349924025, -0.8777849349210559, -0.5565930802235127, 0.03716272326241587, 0.03808794227553089, -0.5963825370475887, -0.6040708871250153, -0.5224474434184158, -0.5818255419329305, -0.8190523447293203, -0.5927936522698147, -0.594856251626306, -0.5927936522698147, -0.27613631547551964, -0.3207871228367759, -0.3207871228367759, -0.7987040527996037, -0.7987040527996037, 0.3626540691128536, 0.5993771771299129, 0.8224486948249704, 0.8009716705958319, 0.7565981667987155, -0.3492274739280867, 0.6407120305409034, 0.7104946613440757, 0.7106533398674625, 0.7104946613440757, 0.09663424958310965], [0.973141674633822, 0.9587191269425226, 0.4003794348789944, 0.970909592693552, 0.9605115093719451, 0.973141674633822, 0.9516284172108233, 0.9432676160777265, 0.9503901922378363, 1.0, 0.9243020472175544, 0.9516643031042549, -0.25947406281785357, 0.9513184196784654, 0.9467390239183547, 0.9471115224011968, 0.08883953152643723, 0.9572523095551048, 0.9572283207771541, 0.9518083940258608, 0.9517996660551143, 0.04625281287459384, 0.6761798721355229, 0.9535719469545353, 0.9537871710636069, 0.8264478152512773, 0.1339622253746331, -0.11013154247461883, 0.9601771582001234, 0.960309469853141, 0.11590735051186318, 0.05506222142977295, 0.9616003236260555, 0.9618868902913034, 0.8533164089508819, -0.45137531425972893, 0.9360225706420735, 0.9607545439198151, 0.9578585483936322, 0.06613786938140644, 0.9629798181909199, 0.9629431439123644, 0.9629798181909199, 0.7830715366893306, 0.41772897980047313, 0.7453341432003263, 0.8592488983227261, 0.8319595721203816, -0.5539854335763305, -0.6863083635856085, -0.3048666250739535, 0.868155912737518, 0.07016684788262473, 0.9025589462900033, 0.9026088852405109, 0.860021231526277, 0.8543284300852722, 0.8855168597736451, 0.8631372945971848, 0.8774442031802978, 0.878269990245474, 0.8774442031802978, 0.8031545204089683, 0.7815934367022338, 0.7837117619432126, 0.7815934367022338, 0.855285498631663, 0.8752827261917603, 0.8534312651830925, 0.8542177124589835, 0.8534312651830925, 0.624793737119014, 0.544484540403778, 0.6260313757350385, -0.4115867259975253, 0.6469872387458088, 0.6678478562148624, 0.6709568068949288, 0.6678478562148624, -0.26648389771474934, 0.8601620861127774, 0.9208928952834895, 0.8781550355485002, 0.8762056363203591, 0.18525338235945546, 0.8522375314266933, 0.8535826350926651, 0.8522375314266933, 0.8639368769703876, 0.8639368769703876, 0.012193340210437746, 0.29109313864852004, -0.09197407946912005, -0.5109082413493302, -0.4009818442911788, -0.4029290896987536, 0.057706857600140916, 0.38734020666363717, 0.09620031541622057, -0.03514348808020481, -0.36056027189774353, 0.0017735144681600159, -0.8115455060089306, -0.15990970501015866, 0.2759564490291687, 0.27503690819668847, -0.36063884796156354, -0.4388283441594375, -0.31562210529316725, -0.3212799312499485, -0.6852129831138123, -0.3367926471898372, -0.33878497636047844, -0.3367926471898372, -0.06585890948040586, -0.3542485213696542, -0.3542485213696542, -0.538602169271892, -0.538602169271892, 0.5668284310782712, 0.6716365260882243, 0.7601734525565088, 0.6704842098693397, 0.8376539962809063, -0.44534368731113755, 0.3858354199485953, 0.5618863196619787, 0.5621668533305416, 0.5618863196619787, -0.2295369372575119], [0.9821326817295533, 0.9800575727233551, 0.9966510899131884, 0.987129022353143, 0.9953448632914368, 0.9821326817295533, 0.9995929097643498, 0.9982920566039711, 0.9995396368048922, 0.9243020472175544, 1.0, 0.9995898986328063, 0.9995861632250342, 0.9995412443333579, 0.9914365373681334, 0.9882754417835102, -0.381802888334064, 0.9997368357758901, 0.999740792411676, 0.9995971986076769, 0.9995970483423464, -0.26762112274384026, 0.9620342412367523, 0.9924838539882718, 0.9924571973432295, 0.9889646868802514, 0.018586175317023126, 0.07943569351885466, 0.9893204314568683, 0.9893747961634585, 0.971808108741054, 0.011750404018740808, 0.9987143814878175, 0.9986574029939086, 0.9984665479352424, 0.9992462267066733, 0.9992009359240708, 0.9987145843266496, 0.9892797752549655, -0.3921875605748309, 0.9984051836181237, 0.998416280087275, 0.9984051836181237, 0.904057422292776, 0.47722581838128547, 0.9130746826361475, 0.8865869101975075, 0.690319744870518, -0.5371884643338612, -0.6587403236784991, 0.793243696107684, 0.806099203817973, -0.2919103260942859, 0.921385948980495, 0.9215847176397878, 0.8540047696287076, 0.86382619299153, 0.8304864586157613, 0.8331207515828597, 0.8397576274321003, 0.8407006456511374, 0.8397576274321003, 0.6645227731866458, 0.6189444785419806, 0.6216101880950194, 0.6189444785419806, 0.8647375805321587, 0.8738642046577708, 0.8632486717810457, 0.8647335894629707, 0.8632486717810457, 0.31304200049378555, 0.2432495884346228, 0.3713523054497037, 0.4951163063325845, 0.36534644682702133, 0.4137910376329151, 0.4164901102254457, 0.4137910376329151, -0.41293599114727264, 0.7745784226134899, 0.8256898147808223, 0.8055181382234029, 0.8629371416904579, -0.14171795864081052, 0.7673906882343591, 0.7679442467624452, 0.7673906882343591, 0.7819452264146547, 0.7819452264146547, -0.31058250482385547, 0.677901330557314, -0.40209280504224776, -0.6953179040379354, -0.5481702958461224, -0.5504383416448393, -0.3680985557892698, 0.15456529209058048, -0.2743707879596033, -0.44676980728405113, -0.6395843937436021, -0.3514141817286479, -0.6232679444966065, -0.41718465721015247, 0.025092851804901554, 0.021274159531485048, -0.5648900329679137, -0.5299605794550888, -0.5487328126770662, -0.5827801572081255, -0.5770802741751273, -0.5520047976602784, -0.5549517743407574, -0.5520047976602784, -0.43980411774615785, -0.6047822194553198, -0.6047822194553198, -0.6066253511707935, -0.6066253511707935, 0.3577533987446125, 0.35489132655318845, 0.46983210819551047, 0.5524764805799625, 0.5506365277560453, -0.5519266449145974, 0.2954356675491608, 0.3146030755881696, 0.31476906117080655, 0.3146030755881696, 0.22006767139218852], [0.9908825256319259, 0.9781658344111847, 0.5590269077041093, 0.9924727264060247, 0.9967894534052865, 0.9908825256319259, 0.9999961735041203, 0.9979950464525804, 0.9999690800407561, 0.9516643031042549, 0.9995898986328063, 1.0, -0.14780426955708084, 0.9999943505462242, 0.9987766847881228, 0.9937055296543135, 0.3897734680531908, 0.9998385128325419, 0.9998388591101394, 0.9885712344441593, 0.9999970183170942, 0.3437529167864483, 0.6696025629364009, 0.9897323788666154, 0.9845063571171535, 0.9858968183889741, 0.22379603574762258, -0.1884464765318106, 0.9921422576250281, 0.9918821156874308, 0.16762719519714894, -0.25483604687505507, 0.999296460422781, 0.9993905064052424, 0.35198444609472834, -0.3281242971477064, 0.9986924956749568, 0.999308309567475, 0.9969749903396156, 0.3702132799928245, 0.9317225590454169, 0.9990253396441667, 0.9317225590454169, 0.9106470001093764, 0.6217574855383192, 0.9179806045650011, 0.8895458242181181, 0.6897159079697548, 0.41454949582668554, -0.08042918110452499, -0.21088625383529083, 0.9234397349460239, 0.4051096430251346, 0.9683807238334037, 0.9612640955147653, -0.08298882214127114, 0.8291160699108062, 0.8021228461514502, 0.8493610943083663, 0.7954362772569824, 0.763122109618589, 0.7954362772569824, 0.7591320500645965, 0.7628741670600043, 0.7613180305247755, 0.7628741670600043, 0.8364233831189413, 0.3085032117557075, 0.5254691563482273, 0.6085455651463226, 0.5254691563482273, 0.5265748999747983, -0.3617278146125727, 0.4873326168092736, -0.6630397244825292, 0.40483250615764754, -0.1292646862613466, 0.3698758060803411, -0.1292646862613466, -0.15246199627273826, 0.8117816181155371, 0.8216783794746655, 0.8108171435361189, 0.735859222399677, 0.38609826255422836, 0.8149271192680804, 0.8172325577268315, 0.8149271192680804, 0.7227414702038699, 0.7227414702038699, -0.24744864223135027, 0.6857711956675046, 0.25231185469365947, -0.5891431391204859, -0.6136802829483599, -0.6165451613185344, -0.10488617680733839, -0.0014517025081775788, 0.3568018926258665, 0.08522094432903926, -0.42371607345517565, 0.10047208749058309, -0.8263949245632919, -0.12220199921669925, 0.03809358887105783, 0.039066692715270177, -0.5944354496358596, -0.6079394204794997, -0.05297645356694838, -0.5796332449308942, -0.8439135830158614, -0.3466973236583683, -0.1737308679993183, -0.3466973236583683, -0.27327324839491046, -0.316551137789251, -0.316551137789251, -0.8374105343817654, -0.8374105343817654, 0.36262647952070476, 0.6009389651493812, 0.49777019498539543, 0.807373933662092, 0.7583987288275549, -0.31956094343481073, 0.059891702954665636, 0.763875679003496, 0.7823328252710677, 0.763875679003496, -0.14515879565510234], [-0.13022514044907063, 0.9781258219283433, 0.5147711623140427, -0.13460414866332862, -0.3453933265848626, -0.13022514044907063, -0.14813556691578636, -0.1575374202807093, -0.32001310365237684, -0.25947406281785357, 0.9995861632250342, -0.14780426955708084, 1.0, -0.14717845126130025, -0.14360328347262802, -0.11934827336554692, -0.2931814224524277, -0.1486235626326771, -0.14864179469645944, -0.2709263156460911, -0.14823788175638647, 0.02569899224340296, 0.3091103612746742, -0.18204742902647875, -0.18238589870376595, 0.9858757966786665, 0.2482782466777499, 0.18646764693604134, -0.18444525363935352, -0.18506352851217148, 0.5373289543716091, 0.12073719703427732, -0.1459126851609975, -0.30567762408069027, 0.16735804229973933, 0.9597041674363969, 0.9986907513846972, -0.33678302561901075, -0.1411872632340532, -0.2830723663176678, -0.14625507039333624, -0.1466797666705752, -0.14625507039333624, 0.9107271709569698, -0.11824425713928761, 0.91795344973131, 0.8894897088724352, 0.6897020479653398, 0.08419766880848448, 0.25432552373690526, 0.6445620389244162, -0.2662720686538448, -0.2969443367611977, -0.06495611918133613, -0.3005737727262469, 0.029902950050905003, 0.27738375143367294, -0.0188240906724913, -0.30283339117888664, -0.016655934646926055, -0.006452585714657306, -0.016655934646926055, -0.40984607737136297, -0.1043582900779714, -0.10614843762323038, -0.1043582900779714, -0.2013805132464713, 0.07206290095245495, 0.048646793734743336, 0.048863087920204995, 0.048646793734743336, -0.40834723557864866, 0.006968888601882101, -0.3727163216480508, 0.6213783300215691, -0.34137083026852183, 0.00868008292553747, -0.05860361983007138, 0.00868008292553747, -0.30674005854285186, -0.3372254041699434, 0.8216523017957297, -0.11461455874166494, 0.0168563685780509, -0.22015136582784395, -0.2597700325301749, -0.2586176210029048, -0.2597700325301749, -0.0249371511664597, -0.0249371511664597, -0.2272911833715187, 0.6856996807044687, -0.16227618427860435, -0.0194723423359522, 0.1971278782621208, 0.19590827887849863, -0.25192608207367245, -0.008991228653056689, 0.01978413205610719, -0.17427454116669908, -0.11170821772773766, 0.041562024270254926, 0.38468126472956005, 0.11376995630729315, -0.040215221018934266, -0.044029831770045595, 0.08542421555943103, 0.5703048052992414, 0.09199264426771657, -0.1943745646089012, 0.6129735309355117, 0.09609981033054696, 0.10391128756007931, 0.09609981033054696, -0.23853294287681595, -0.19677202792122153, -0.19677202792122153, 0.3233184897590035, 0.3233184897590035, 0.36273680248886786, -0.25181556312132936, 0.017776022104677876, 0.0916509308784092, -0.2479625738010566, 0.07236879614258246, 0.1541154194967216, 0.10527629703766776, 0.10530193196023481, 0.10527629703766776, 0.12562999434917715], [0.9909476990300456, 0.9779449035268376, 0.5593584366360431, 0.9925099549987086, 0.9968204820975606, 0.9909476990300456, 0.9999924677357452, 0.9990089751126822, 0.9999735950444651, 0.9513184196784654, 0.9995412443333579, 0.9999943505462242, -0.14717845126130025, 1.0, 0.9987144050763, 0.9958285794439102, 0.3898916025520721, 0.9998415703121314, 0.9998418271864355, 0.9887320322526457, 0.9999943713589343, 0.3444447287795551, 0.6694430266739431, 0.993242455719915, 0.993130417926173, 0.9857759027814386, 0.22408679935630688, -0.1884917069612669, 0.9928862095522633, 0.992931372710393, 0.16842637262110338, -0.2546641032824836, 0.9993469697224499, 0.9993896178899272, 0.3509165833472107, -0.32725821650879905, 0.9986301549489174, 0.9993114944466305, 0.9972564518719119, 0.37035677863281313, 0.9312039908744325, 0.9990816463046193, 0.9312039908744325, 0.9109309708492078, 0.6224984908274946, 0.9183404709064753, 0.8899130403962497, 0.6894007730104063, 0.41597483669110774, -0.07879979223199268, -0.21109078165602171, 0.923842228351617, 0.40540197489044083, 0.9688041802231737, 0.9616322360365429, -0.08402565827068731, 0.8293969913242457, 0.8020425713560011, 0.8496229843156126, 0.7953971601008142, 0.7627196013937277, 0.7953971601008142, 0.7593275371159941, 0.7628287952442658, 0.7617402210562995, 0.7628287952442658, 0.8367755549132122, 0.3078089800587221, 0.5249463954451828, 0.6085779627198389, 0.5249463954451828, 0.5264026266109018, -0.36292018982232827, 0.4872306436935219, -0.6631947849611398, 0.4044323309415471, -0.13028857667383206, 0.36952195822697004, -0.13028857667383206, -0.15240470434231285, 0.8119175920518612, 0.8212741476414558, 0.8109148603290782, 0.72601058670812, 0.38649180778810116, 0.8150525617980675, 0.8173470599751306, 0.8150525617980675, 0.7225456638674027, 0.7225456638674027, -0.24911364500841493, 0.6866859070135253, 0.25282754510749805, -0.5891241776902663, -0.6140712212486367, -0.6169413395664894, -0.10608426385393525, -0.0027352350484783545, 0.3571083148402454, 0.08475887098744816, -0.4239874297160335, 0.10054913000046681, -0.8255064526171113, -0.12204292684899808, 0.03702459799826375, 0.03799421771345111, -0.5950882557933125, -0.6082382553031815, -0.05238507264761132, -0.5810214128948242, -0.8439016797504343, -0.3466328385751467, -0.17316242031881635, -0.3466328385751467, -0.27430035813253684, -0.3170406928617621, -0.3170406928617621, -0.8377629675818611, -0.8377629675818611, 0.36279663880441015, 0.6006111092606129, 0.4972123336065022, 0.8078266850281814, 0.7578313920789509, -0.31907240211769905, 0.05920368554187971, 0.7642797380497695, 0.7829427657559991, 0.7642797380497695, -0.14482978735128024], [0.9893475401729227, 0.967816804600483, 0.5604822744143103, 0.9908873181894964, 0.9942688456176417, 0.9893475401729227, 0.9987727897610726, 0.9975511493747017, 0.9976865468514309, 0.9467390239183547, 0.9914365373681334, 0.9987766847881228, -0.14360328347262802, 0.9987144050763, 1.0, 0.9976033257925977, 0.38895436256350574, 0.9984127866089335, 0.9984137849312907, 0.9867730166511306, 0.9986924182684894, 0.3448367728541454, 0.6690886252113853, 0.9913330461037909, 0.9825825811862062, 0.9659101733088088, 0.22456779785187375, -0.187682229183737, 0.99111881835443, 0.9911092898485871, 0.17089525541017142, -0.25544833526154453, 0.9981751996149115, 0.9972102749060042, 0.35024213737021487, -0.3230123818866106, 0.9907717664540727, 0.9969766151979806, 0.9985352354251174, 0.36946577996750807, 0.9289478390374036, 0.9979319252939833, 0.9289478390374036, 0.9018609659129415, 0.6222290289949264, 0.8971177485496027, 0.8686003741060517, 0.6812801121527975, 0.4164349051597582, -0.07689120203479123, -0.21169911855289272, 0.9218471164984576, 0.40321215822855755, 0.9681631667119426, 0.9593967140406011, -0.0870471245061757, 0.8221010481379588, 0.8009069959368844, 0.8464437738115589, 0.7942286332095533, 0.7639136890604971, 0.7942286332095533, 0.7541565179433602, 0.7611291796677683, 0.7619069034513636, 0.7611291796677683, 0.8333156786960895, 0.30729089122276765, 0.5237602961464954, 0.6089151633014352, 0.5237602961464954, 0.5233282253765803, -0.36516781902841966, 0.48399251138926175, -0.6605790780237271, 0.40179860469254675, -0.13141581245885292, 0.36879321820153316, -0.13141581245885292, -0.15568952041233364, 0.8086469126102475, 0.8118141329235286, 0.8048524691808361, 0.7367624015259033, 0.38671199258907474, 0.8124454544428741, 0.814730517905363, 0.8124454544428741, 0.7213636869680093, 0.7213636869680093, -0.2496360221803167, 0.679421134184285, 0.252785822336692, -0.5876194579492725, -0.6131352186231038, -0.6160211263000521, -0.10706872004525461, -0.004611436406214914, 0.3581945917714665, 0.08442291403984957, -0.4231943558340428, 0.10197651974644552, -0.8232771223366128, -0.11996721431408083, 0.035664292830286035, 0.03657868915938317, -0.5951295759279078, -0.6024728377358302, -0.05063495162798634, -0.5793107848083794, -0.8410954947993077, -0.3454996171809029, -0.17108871009535798, -0.3454996171809029, -0.27379854053394004, -0.3189308432178742, -0.3189308432178742, -0.8349934247304426, -0.8349934247304426, 0.35475925158862986, 0.597310094917052, 0.4950652300028276, 0.807969083118225, 0.754556949366826, -0.31944010636430986, 0.057126624143329606, 0.7645642472364446, 0.7840362884673606, 0.7645642472364446, -0.14387491753941503], [0.9913029924278011, 0.9738506398252912, 0.5960575009984046, 0.9928595482899719, 0.9943240435863924, 0.9913029924278011, 0.9929854297303611, 0.985628149683582, 0.99500324645499