var element=document.getElementById("correlationClose");if(element.style.display!='none'){var correlationClose={"data":[{"type":"heatmap","z":[[1.0,0.9999869998900105,0.6327900997767903,0.9997150822448233,0.9978481809598772,1.0,0.9919649796595065,0.9880977246898489,0.9880977246898489,0.9926476437625397,0.9757574834379458,0.985908576654041,0.9920046947203418,0.9924385871656497,0.992061553091081,0.864865508061005,0.8218120491632657,0.3528168457252856,0.9929516546426548,0.9929382953891392,0.985179230344632,0.9919917736492612,0.4482023535460781,0.7150092542850839,0.9805888447059073,0.9805888447059073,0.9805697503279702,0.9724066634403371,0.3518949533584015,-0.09916032325018588,0.9895677864342094,0.9895326270109506,0.3022362896358459,-0.17216705637781982,0.9944695312134315,0.9951827993873186,0.8355079585880407,-0.3722118775737371,0.9900271691900684,0.9951102817674378,0.856303019178902,0.3339885949897413,0.994623978888643,0.9946124830708633,0.994623978888643,0.8847479134002407,0.6577270581968562,0.8890304534005986,0.8964453593180851,0.8059264883228857,0.3760429360568481,-0.16138149518146713,0.19680343445679963,0.9453959759633344,0.40948656801976685,0.9750160276746139,0.9699350696126431,0.9798002015938815,0.9897497779754767,0.925552039008024,0.9304502320740676,0.9414151376705371,0.9236925597669894,0.9386404708029275,0.9393114458273577,0.9386404708029275,0.8709430827526476,0.9167110368474053,0.9176780321177539,0.9167110368474053,0.9142941996480942,0.769494527077357,0.8872444801871855,0.8886411247370332,0.8872444801871855,0.6689105030293798,0.3490562050542458,0.650672309678529,-0.5692312104444585,0.5556198786555869,0.5872162491432106,0.5879225780014428,0.5872162491432106,-0.10502488845460133,0.9024319075513695,0.9347066266129337,0.9175234104548636,0.9269366078861068,0.33745423943177644,0.8981190672495503,0.899015204987689,0.8981190672495503,0.9037667449336001,0.9037667449336001,-0.1137256176254275,0.5884585145741994,0.18137532618116495,-0.636550696187749,-0.5783073487705198,-0.5819367032455923,-0.08625477131488919,0.10382874849612182,0.2312754045329264,0.06403816410928802,-0.48852449162270095,0.017057060368419707,-0.7957227738112346,-0.2499532674543684,0.15911704696044465,0.16002856423093847,-0.5595675811090527,-0.5895473652462413,-0.2492502663579904,-0.5034154692697383,-0.8220852426758071,-0.38161797727979196,-0.37348775474597234,-0.38161797727979196,-0.1918987114117741,-0.29971612025423056,-0.29971612025423056,-0.810123043721629,-0.810123043721629,0.3981648952176077,0.64060733494937,0.861902391732911,0.8445049419964871,0.7706345918541532,-0.2975114973002134,0.7546303802675962,0.7911573763685472,0.7914736890748907,0.7911573763685472,-0.22030001921820389],[0.9999869998900105,1.0,0.9765490447127092,0.9993761287277017,0.9952277214478535,0.9999869998900104,0.9828205566849647,0.9760116000659534,0.9760116000659534,0.982672459378987,0.9673977985148103,0.9844884766568258,0.9828691665674548,0.9827944142022532,0.9827026248246866,0.426893033854749,0.34810456326965766,-0.3727579778661047,0.9870982430280323,0.9870786285738834,0.9829190194090744,0.9829125121236071,-0.08537271266826126,0.9756420480010227,0.9776893078684892,0.9776893078684892,0.9777446727496492,0.9725580816106493,0.1675885353303596,0.1861947912955849,0.9794491321614087,0.9795079493186722,0.9457533223614876,0.19951968000315148,0.9899976436021355,0.9900481228718636,0.990677293848172,0.984222077010743,0.9889380904850608,0.9901896394545106,0.3881144929464209,-0.37832154779711125,0.9907208901560783,0.9907076899157796,0.9907208901560783,0.8846812425448578,0.5133243739746872,0.8891712785559598,0.8963398032354627,0.8053143106196591,-0.3738514319280966,-0.5189234628104022,0.8247032283100264,0.8649600732593589,-0.23521817147626445,0.9324254658948001,0.9325586522063524,0.9511173590251848,0.9754962655852362,0.9419603192699999,0.9497230401717214,0.9329515074658326,0.9321245372137629,0.9381321058626529,0.9386917242880604,0.9381321058626529,0.8295901153548297,0.7979422233434371,0.7999229984759364,0.7979422233434371,0.9439065683319451,0.9477740026311915,0.9440002584158311,0.9449618240857562,0.9440002584158311,0.5527007570930448,0.4946496179588033,0.6008286015086178,0.6934272136000131,0.5946755350847135,0.6215491065237053,0.6222751434279413,0.6215491065237053,-0.2001503306748196,0.9003147598953405,0.9282654471328364,0.9182277603219031,0.9476758674228148,-0.22807328002028243,0.8958280932659203,0.896140739825396,0.8958280932659203,0.904523674607827,0.904523674607827,-0.20562247519625157,0.5892962155886743,-0.3598110911195673,-0.7366714900042077,-0.462511045594887,-0.46597194321583796,-0.3426198369529191,0.26022621490676134,-0.2401254165097513,-0.45341071998474614,-0.6817438584976162,-0.3219304699493299,-0.4852319506242905,-0.37833927576709314,0.1367175451044659,0.13306448724842052,-0.488992662047303,-0.45013810762581863,-0.4785762281654791,-0.5094045427002899,-0.5014940955547111,-0.4807217736820656,-0.484162525988513,-0.4807217736820656,-0.34560720619146706,-0.5127446322727359,-0.5127446322727359,-0.4891985650467663,-0.4891985650467663,0.3984972114745498,0.38368172101212056,0.5039031821305776,0.595667433638273,0.5458624095549246,-0.4223482742771611,0.36705781978781443,0.33531649535603136,0.33540726684244443,0.33531649535603136,0.12401090431560106],[0.6327900997767903,0.9765490447127092,1.0,0.6287060905498366,0.547169675978878,0.6327900997767903,0.6171695771005778,0.6078580480219237,0.6078580480219237,0.5460002562707879,0.5003786683453769,0.9961065028121802,0.617205368836116,0.6064761871263187,0.6174549982453515,0.4772282616797498,0.47523202981776946,-0.16705036291665512,0.5736271191496062,0.5727570664450197,0.5350001431431035,0.6161400669828031,0.22739500267326992,0.7570976344921805,0.5924027919708424,0.5924027919708424,0.5921620365094401,0.9875763100896974,0.34116297765863995,0.17563308474719896,0.5763669586713649,0.5759520460309484,0.7404037512206445,0.02662880460650779,0.6138125519685054,0.541531397419818,0.5872009802483548,0.32326508300038925,0.9938317025311858,0.5344871122354073,0.46868587141192514,-0.17514902797164586,0.6304388672971315,0.6117399343500897,0.6304388672971315,0.882566407325281,0.39566690703446955,0.9122002254167153,0.8848216268390009,0.6867362302411917,0.20606677446741853,-0.047973277250769546,0.049466695149921046,0.4861616701451805,-0.08694726123289538,0.5608885070081752,0.514848732686071,0.5427667070656056,0.5038752873923659,-0.03134449637278993,0.7584393592851806,0.694371829728829,0.5822953692691377,0.700210244175102,0.7401726369395181,0.700210244175102,0.4567504845861443,0.6007719283031989,0.6734938862869037,0.6007719283031989,0.6462615936966065,0.650959463666573,0.6984931920737673,0.7544104390127866,0.6984931920737673,0.32732322229859434,-0.087567469673411,0.3441514322186406,0.11436430978739703,0.34143286574017057,0.26111459932657016,0.4522945276796801,0.26111459932657016,-0.16871810335034743,0.5484810834198879,0.8581805915066159,0.62748106049959,0.7553125693774188,-0.016966739983966313,0.5971990668179588,0.5968739220264403,0.5971990668179588,0.6828246640809261,0.6828246640809261,-0.22595955466271914,0.7184485332474921,-0.19579864750307738,-0.6430821236501232,-0.4189433910062941,-0.4225483155938366,-0.4048693383500054,0.07132497658906164,0.02395710958199032,-0.30385242137555474,-0.6232387999346677,-0.1529359515410045,-0.2827309200805422,-0.2417375356562749,0.030388439977927197,0.027824140936516018,-0.473841102978806,-0.03530051134846959,-0.24372075079477334,-0.50033663649092,-0.16853318276809995,-0.38643278416815263,-0.2654590658970411,-0.38643278416815263,-0.4082932759540237,-0.5212106653364692,-0.5212106653364692,-0.2799422286970156,-0.2799422286970156,0.33658893802361833,0.1708476564908409,0.26894246373592495,0.5072336465591061,0.25977196363001637,-0.35401771241783264,-0.02382054076292755,0.4533155155435745,0.5601426093170541,0.4533155155435745,-0.03790067718175762],[0.9997150822448233,0.9993761287277017,0.6287060905498366,1.0,0.9988359700232834,0.9997150822448232,0.993342985859342,0.9899439772811657,0.9899439772811657,0.9942679550032325,0.9736624169340239,0.9896862410575047,0.9933723531578517,0.994114601226023,0.9934046259391365,0.8643694161957292,0.8210032325469645,0.33787023534088784,0.9941349745271544,0.9941242259753189,0.9853494059552544,0.9933518613123815,0.4397403670768988,0.7192910095694685,0.9833050991524173,0.9833050991524173,0.983285763942537,0.9794461613609636,0.3479939514068034,-0.10543394182093903,0.988965715187234,0.9889396410765596,0.2945423844935243,-0.17226996061427513,0.9950865032198479,0.9960064028624936,0.7998338676314897,-0.3769743825446829,0.9927322414439501,0.9961713061394801,0.8550027237270762,0.31872475498440367,0.9929524070042434,0.995136518990289,0.9929524070042434,0.8821416691461502,0.6451314397220212,0.8945884276800292,0.8938817458023431,0.7864874147563065,0.3707942297753905,-0.1667859649166258,0.19097238942576603,0.9397081096576666,0.3933151347312544,0.9704944399827723,0.9669222055890077,0.9776367005510573,0.9897647512908688,0.9045549513910455,0.9239125205825972,0.9285054724140281,0.9198016844198468,0.9217091571910877,0.9226301516147107,0.9217091571910877,0.8630295966662325,0.9046515087912914,0.9057118520578663,0.9046515087912914,0.9109582568158276,0.7098405928405014,0.8485225718850525,0.8499430887255203,0.8485225718850525,0.6607880391657972,0.12702164392200613,0.6408541828434295,-0.5737249573409051,0.5507619476920376,0.3246781568639542,0.558075065116889,0.3246781568639542,-0.11143649888102007,0.8972616903611883,0.9272483010613999,0.9099609052594271,0.9039478478869528,0.32321876897014523,0.893705956801886,0.8947355294215381,0.893705956801886,0.8845675185166966,0.8845675185166966,-0.11856214997707794,0.6098238953902644,0.18606772871003857,-0.6467718906698101,-0.5852555872497509,-0.5887930587691886,-0.09841442551912209,0.09923835045455658,0.22429875319282935,0.050989148682086316,-0.5008679304371074,0.010697424353966365,-0.801476522354517,-0.2576552349605375,0.1491321195019777,0.15009263578286455,-0.5662538433992313,-0.5859090086318687,-0.25050500987738944,-0.513958962550939,-0.8236017759777318,-0.3830030565336109,-0.375439167775448,-0.3830030565336109,-0.2003878685423053,-0.30928311589412827,-0.30928311589412827,-0.8096502226268342,-0.8096502226268342,0.38729141261457223,0.6288536629076762,0.8539597098596514,0.8367490234599042,0.7630724934075048,-0.3104531763852251,0.7455087192387329,0.7822082213247955,0.7825355215045856,0.7822082213247955,-0.20536828048098418],[0.9978481809598772,0.9952277214478535,0.547169675978878,0.9988359700232834,1.0,0.9978481809598772,0.9971180137626076,0.9954834828626912,0.9954834828626912,0.9973136616541679,0.965255465186767,0.996281337777046,0.9971378473939161,0.997216497371778,0.997167172573722,0.8069194672101263,0.7441753716845575,0.13418656539996382,0.9976455553097998,0.9976406519660546,0.9872156973117182,0.9971228334138429,0.09140995635478112,0.6947934865799965,0.9919290950240897,0.9919290950240897,0.9918905834899768,0.9891748764873292,0.12614839915263523,-0.08676482232386129,0.9871077225293773,0.9870451465681717,0.0019795934456596186,-0.0672018154995624,0.9978004544009965,0.9977311147172642,0.7869037453556346,-0.5049734210642035,0.9976086782801986,0.9980665643267334,0.789000385604842,0.10998554279676115,0.9977450628961378,0.9977465260092727,0.9977450628961378,0.8971378264151161,0.6080852294217151,0.9123081812091092,0.8991054296004097,0.7599929096162171,-0.09721801025973176,-0.5865852831676523,-0.21122747546604953,0.9274855875431915,0.24659454734254802,0.9652897402048545,0.965368251678461,0.9795557445826882,0.9903672884474083,0.9028623331807555,0.9054363745901158,0.9185232262213175,0.9070193335648479,0.9169277455394683,0.9172823026242842,0.9169277455394683,0.8376352045731238,0.8584433788124956,0.859634825241792,0.8584433788124956,0.8997642833054628,0.8071157934010382,0.8803074053575611,0.8811483593380258,0.8803074053575611,0.6185120609179787,0.49459375261936506,0.6051356313062222,-0.5999110084398681,0.6035448250994973,0.5812793321676462,0.5804907954694298,0.5812793321676462,-0.12961106157238358,0.8793120183658975,0.9025884733904903,0.8870061873723062,0.9111986651047809,0.17096142791705682,0.8791733187827003,0.8802634958787171,0.8791733187827003,0.8859847133734532,0.8859847133734532,-0.15869140297479453,0.659595294686141,0.04132926977919823,-0.678194419848747,-0.6357536737496909,-0.6363330386656233,-0.1313815980578046,0.12233335967379753,-0.16813926170903468,-0.1984082416929182,-0.5762780108971369,-0.3525697789317001,-0.8530191856566391,-0.541151836523854,0.11773046345534753,0.11854559525549802,-0.5933994226694254,-0.5788605726514092,-0.5330657505640776,-0.5531162956020296,-0.7841593234907143,-0.5858970351302738,-0.5888484896274108,-0.5858970351302738,-0.2406300434931559,-0.34432901531452736,-0.34432901531452736,-0.7518176657594755,-0.7518176657594755,0.3731099553492153,0.6100347901383915,0.8066721318662402,0.7893898001580016,0.7523574126569972,-0.440846959826583,0.6023185630290759,0.6738749744524477,0.6743375959927328,0.6738749744524477,0.021513671708273813],[1.0,0.9999869998900104,0.6327900997767903,0.9997150822448232,0.9978481809598772,1.0,0.9919649796595065,0.9880977246898489,0.9880977246898489,0.9926476437625397,0.9757574834379458,0.985908576654041,0.9920046947203418,0.9924385871656497,0.992061553091081,0.864865508061005,0.8218120491632657,0.3528168457252856,0.9929516546426548,0.9929382953891392,0.985179230344632,0.9919917736492612,0.4482023535460781,0.7150092542850839,0.9805888447059073,0.9805888447059073,0.9805697503279702,0.9724066634403371,0.3518949533584015,-0.09916032325018588,0.9895677864342094,0.9895326270109506,0.3022362896358459,-0.17216705637781982,0.9944695312134315,0.9951827993873186,0.8355079585880407,-0.3722118775737371,0.9900271691900684,0.9951102817674378,0.856303019178902,0.3339885949897413,0.994623978888643,0.9946124830708633,0.994623978888643,0.8847479134002407,0.6577270581968562,0.8890304534005986,0.8964453593180851,0.8059264883228857,0.3760429360568481,-0.16138149518146713,0.19680343445679963,0.9453959759633344,0.40948656801976685,0.9750160276746139,0.9699350696126431,0.9798002015938815,0.9897497779754767,0.925552039008024,0.9304502320740676,0.9414151376705371,0.9236925597669894,0.9386404708029275,0.9393114458273577,0.9386404708029275,0.8709430827526476,0.9167110368474053,0.9176780321177539,0.9167110368474053,0.9142941996480942,0.769494527077357,0.8872444801871855,0.8886411247370332,0.8872444801871855,0.6689105030293798,0.3490562050542458,0.650672309678529,-0.5692312104444585,0.5556198786555869,0.5872162491432106,0.5879225780014428,0.5872162491432106,-0.10502488845460133,0.9024319075513695,0.9347066266129337,0.9175234104548636,0.9269366078861068,0.33745423943177644,0.8981190672495503,0.899015204987689,0.8981190672495503,0.9037667449336001,0.9037667449336001,-0.1137256176254275,0.5884585145741994,0.18137532618116495,-0.636550696187749,-0.5783073487705198,-0.5819367032455923,-0.08625477131488919,0.10382874849612182,0.2312754045329264,0.06403816410928802,-0.48852449162270095,0.017057060368419707,-0.7957227738112346,-0.2499532674543684,0.15911704696044465,0.16002856423093847,-0.5595675811090527,-0.5895473652462413,-0.2492502663579904,-0.5034154692697383,-0.8220852426758071,-0.38161797727979196,-0.37348775474597234,-0.38161797727979196,-0.1918987114117741,-0.29971612025423056,-0.29971612025423056,-0.810123043721629,-0.810123043721629,0.3981648952176077,0.64060733494937,0.861902391732911,0.8445049419964871,0.7706345918541532,-0.2975114973002134,0.7546303802675962,0.7911573763685472,0.7914736890748907,0.7911573763685472,-0.22030001921820389],[0.9919649796595065,0.9828205566849647,0.6171695771005778,0.993342985859342,0.9971180137626076,0.9919649796595065,1.0,0.99743528229814,0.99743528229814,0.9999700619544243,0.9583494150660568,0.999667457333635,0.9999965111632528,0.9999862754103463,0.9999932345901227,0.9115937759566416,0.9020964847411821,0.2972352737063151,0.9998562906240812,0.99985640467615,0.9895519816964576,0.9999966988291492,0.35245921612085523,0.718140220631256,0.9853948738010123,0.9853948738010123,0.9862351448974066,0.9900254430508961,0.27424662064898164,-0.16151113294614464,0.9916218686178149,0.991480941206428,0.19884423313187752,-0.22064693184827106,0.9993321954345012,0.9994393861956707,0.410164018250127,-0.315139009862116,0.9989608597292412,0.9993938091161237,0.8996597431742495,0.2767158443561257,0.9397094702909974,0.9990758546993374,0.9397094702909974,0.9068880676340411,0.6145756914549603,0.9305666671730831,0.9077112455774419,0.722323307484832,0.40825441489772146,-0.10665149983428962,-0.20169264765942937,0.9265463912115243,0.35819039536353703,0.9675142812499101,0.9620045197430291,0.9783366690741753,0.995750003068865,-0.0480642736719557,0.8640306521482649,0.8263982231785826,0.8730387781796723,0.8206728989815226,0.7846039350527163,0.8206728989815226,0.7994269030979441,0.7884773406484775,0.7799318396286034,0.7884773406484775,0.8641658580035783,0.3658025320154972,0.5739060126248506,0.6416440875008597,0.5739060126248506,0.5876295372947566,-0.3488356511987124,0.5559663504744798,-0.6370220690402475,0.47959326102695216,-0.10209055769370134,0.42201120619581567,-0.10209055769370134,-0.15307497557898603,0.8418961859398545,0.8614437384265765,0.8469789744107454,0.7597699684556614,0.28212907179718805,0.8420763538114876,0.8435511546230866,0.8420763538114876,0.7566340284061668,0.7566340284061668,-0.1950095780022776,0.7027463048687812,0.24549270945568755,-0.6571890493017399,-0.6257243671491795,-0.6288186108079322,-0.14431724239724933,0.04917878079695201,0.3362483201532984,0.017970112937341316,-0.5185380920172549,0.06874047540128911,-0.827837841383168,-0.15779920031934822,0.08190317481178398,0.08291518966707583,-0.6090359133335246,-0.5947034929878686,-0.0875222818064862,-0.5879528252237869,-0.8369548851976877,-0.3764413207491564,-0.2077215856079839,-0.3764413207491564,-0.2738116633320036,-0.3537219149510427,-0.3537219149510427,-0.8294207062530619,-0.8294207062530619,0.37289217166258093,0.5918711070987889,0.5046670849479423,0.8039097305706727,0.7457940792907711,-0.36239312821434116,0.06483280612404821,0.753052113390254,0.7721003132375859,0.753052113390254,-0.13578502389193],[0.9880977246898489,0.9760116000659534,0.6078580480219237,0.9899439772811657,0.9954834828626912,0.9880977246898489,0.99743528229814,1.0,1.0,0.9995408011952535,0.9512594131726085,0.9986503990334407,0.9981951168137889,0.9993887762648017,0.9991184755290388,0.9094299848649048,0.8921255634483598,0.27544065124623346,0.999165092477252,0.9991665697234415,0.9868754394406399,0.9992596117624776,0.3269551330347662,0.7188834230362019,0.9925469530419556,0.9925469530419556,0.984259439484179,0.9869620014061583,0.2567087519314085,-0.1749908092798994,0.9879065858643,0.9913341130151143,0.1801301718325138,-0.22652824824007592,0.9982739761802746,0.9982325538917856,0.3917783979432695,-0.32189507553577534,0.996919571758083,0.998156683129637,0.8978261873234328,0.2544999055053186,0.9319971685300065,0.9981008941084345,0.9319971685300065,0.9043663092112614,0.5993503486128523,0.930821664868557,0.9044258225322661,0.6991240738872042,0.3952131625424583,-0.1217185084797345,-0.21443102198500805,0.9178317236612996,0.3376382297669059,0.9628298929518435,0.9567164954640281,0.9731878575854941,0.9947899529687019,-0.05794750966882883,0.8524693107686364,0.8103319289298774,0.864616937200978,0.8057297081888204,0.7723242212313588,0.8057297081888204,0.7870541754923565,0.7696983918230625,0.7663993232610665,0.7696983918230625,0.855979709092567,0.3463394661508068,0.5535088474333223,0.6252325137053271,0.5535088474333223,0.574669786452244,-0.36351478039503876,0.5412899972610214,-0.6447454236161171,0.4717475169579485,-0.12412569023546696,0.4057384017476579,-0.12412569023546696,-0.159850626173736,0.8320456771871773,0.8469117013831406,0.8344646046976498,0.7451041418779747,0.26453117322766084,0.8327936923057058,0.834458704150179,0.8327936923057058,0.7391452080860197,0.7391452080860197,-0.21020693996298773,0.7272601464876268,0.2527339068279026,-0.6666088410827062,-0.6385266552473134,-0.6414341385307499,-0.15911847145915153,0.041494799460594436,0.32928069828035644,-0.0012340572456145664,-0.5312323274860998,0.059458487114918364,-0.8338670403238042,-0.16429639496190201,0.06660068214618602,0.0676359635906295,-0.6207150093686412,-0.5957636341339576,-0.09438483722066904,-0.6047723155475547,-0.8366792731426197,-0.387968104771469,-0.2139526203236627,-0.387968104771469,-0.2912914774400958,-0.3674199402492445,-0.3674199402492445,-0.8275816363564898,-0.8275816363564898,0.35301258479807585,0.5749297302096116,0.48595741197742687,0.7861129886820664,0.7331429321739507,-0.3840603334476542,0.050781976826610196,0.7339611275775278,0.7563785228457226,0.7339611275775278,-0.11865696924341404],[0.9880977246898489,0.9760116000659534,0.6078580480219237,0.9899439772811657,0.9954834828626912,0.9880977246898489,0.99743528229814,1.0,1.0,0.9995408011952535,0.9512594131726085,0.9986503990334407,0.9981951168137889,0.9993887762648017,0.9991184755290388,0.9094299848649048,0.8921255634483598,0.27544065124623346,0.999165092477252,0.9991665697234415,0.9868754394406399,0.9992596117624776,0.3269551330347662,0.7188834230362019,0.9925469530419556,0.9925469530419556,0.984259439484179,0.9869620014061583,0.2567087519314085,-0.1749908092798994,0.9879065858643,0.9913341130151143,0.1801301718325138,-0.22652824824007592,0.9982739761802746,0.9982325538917856,0.3917783979432695,-0.32189507553577534,0.996919571758083,0.998156683129637,0.8978261873234328,0.2544999055053186,0.9319971685300065,0.9981008941084345,0.9319971685300065,0.9043663092112614,0.5993503486128523,0.930821664868557,0.9044258225322661,0.6991240738872042,0.3952131625424583,-0.1217185084797345,-0.21443102198500805,0.9178317236612996,0.3376382297669059,0.9628298929518435,0.9567164954640281,0.9731878575854941,0.9947899529687019,-0.05794750966882883,0.8524693107686364,0.8103319289298774,0.864616937200978,0.8057297081888204,0.7723242212313588,0.8057297081888204,0.7870541754923565,0.7696983918230625,0.7663993232610665,0.7696983918230625,0.855979709092567,0.3463394661508068,0.5535088474333223,0.6252325137053271,0.5535088474333223,0.574669786452244,-0.36351478039503876,0.5412899972610214,-0.6447454236161171,0.4717475169579485,-0.12412569023546696,0.4057384017476579,-0.12412569023546696,-0.159850626173736,0.8320456771871773,0.8469117013831406,0.8344646046976498,0.7451041418779747,0.26453117322766084,0.8327936923057058,0.834458704150179,0.8327936923057058,0.7391452080860197,0.7391452080860197,-0.21020693996298773,0.7272601464876268,0.2527339068279026,-0.6666088410827062,-0.6385266552473134,-0.6414341385307499,-0.15911847145915153,0.041494799460594436,0.32928069828035644,-0.0012340572456145664,-0.5312323274860998,0.059458487114918364,-0.8338670403238042,-0.16429639496190201,0.06660068214618602,0.0676359635906295,-0.6207150093686412,-0.5957636341339576,-0.09438483722066904,-0.6047723155475547,-0.8366792731426197,-0.387968104771469,-0.2139526203236627,-0.387968104771469,-0.2912914774400958,-0.3674199402492445,-0.3674199402492445,-0.8275816363564898,-0.8275816363564898,0.35301258479807585,0.5749297302096116,0.48595741197742687,0.7861129886820664,0.7331429321739507,-0.3840603334476542,0.050781976826610196,0.7339611275775278,0.7563785228457226,0.7339611275775278,-0.11865696924341404],[0.9926476437625397,0.982672459378987,0.5460002562707879,0.9942679550032325,0.9973136616541679,0.9926476437625397,0.9999700619544243,0.9995408011952535,0.9995408011952535,1.0,0.9572562446233764,0.9996286775739343,0.9999712192587505,0.9999701259343405,0.9999752704721189,0.8324770879511759,0.7718858960584845,0.18273839930868926,0.9998089340073708,0.9998095081368445,0.9894096051411736,0.9999683075748708,0.13861605202804297,0.6884038165526737,0.9949284604421645,0.9949284604421645,0.9948822993519102,0.9898660937431634,0.10836847507994159,-0.09964450450318552,0.9904043313401921,0.9903667217278963,0.01849590143840149,-0.17793799289179352,0.9993706762752723,0.9993281697821766,0.7943905989475037,-0.49926346934335897,0.9988902980606992,0.9993710147214161,0.814975798234198,0.1590366935990365,0.999226582911533,0.9992317574626077,0.999226582911533,0.9066792723288307,0.6152042496170362,0.9301933688231402,0.9070188401278341,0.7217507622368506,0.006955419290238449,-0.5367547700923407,-0.16410163224202529,0.9221778298063364,0.3045879090934272,0.9627432544093937,0.9620618631193679,0.9800971861492507,0.9949609119536339,0.8768769046669761,0.8647879785961553,0.8935989261000081,0.8739351415317866,0.8920338166382544,0.8926630172677384,0.8920338166382544,0.798776610515629,0.8404426658828836,0.8419744182597465,0.8404426658828836,0.8655039756209757,0.7703659442872316,0.8517633247751443,0.8530233351824065,0.8517633247751443,0.5871455537929932,0.42303760697237724,0.5550725439885573,-0.6514007451866867,0.5351896551009961,0.5004381979620174,0.5002341729460101,0.5004381979620174,-0.11050879990052613,0.8424764825691095,0.8613755002538243,0.8473604388915283,0.8859172618681029,0.20087125681397797,0.8475816072634849,0.8495948102164961,0.8475816072634849,0.8544907707747846,0.8544907707747846,-0.1968302504655771,0.7037378673459942,0.0671034275949772,-0.6693263958888592,-0.6626210710704699,-0.663639622283858,-0.14787779857743877,0.052355766808727014,-0.17395094981729828,-0.16646041048940566,-0.5610265272481528,-0.3814565274541842,-0.8699303015420975,-0.5776832809170673,0.08092956511402703,0.08232416612692672,-0.6106992238000496,-0.5907960895063673,-0.5428933887108612,-0.5897254092412046,-0.8070270360582419,-0.6091831481640336,-0.6115039208357822,-0.6091831481640336,-0.27617521204503453,-0.35711964010525743,-0.35711964010525743,-0.7868836886596857,-0.7868836886596857,0.3736398417733403,0.5905361932757167,0.8161792065554889,0.8012760913746779,0.7441893118271099,-0.3900515960880128,0.635869113632504,0.6974500904946052,0.697606605123677,0.6974500904946052,0.10036206555140777],[0.9757574834379458,0.9673977985148103,0.5003786683453769,0.9736624169340239,0.965255465186767,0.9757574834379458,0.9583494150660568,0.9512594131726085,0.9512594131726085,0.9572562446233764,1.0,0.9396031591307242,0.9583712521694601,0.9583868352153025,0.9580704241620871,0.6793854982474158,0.6059284283890221,-0.031518603996132,0.9630432600731649,0.9630219082513344,0.9584938639600489,0.9584859746790643,0.07019207505074282,0.730234347261368,0.9600166193739484,0.9600166193739484,0.9602031121014338,0.8766483047447414,0.21877090202163121,-0.08099840781108558,0.9657310870655336,0.9658411211366726,0.17969730311274532,0.10009927539617008,0.9668689895799015,0.9671265880641209,0.87547491943028,-0.4025531522211466,0.948769085350638,0.9660172915394298,0.6597539380293924,-0.053047452636440236,0.9680493006681238,0.968016652442455,0.9680493006681238,0.8011513953158367,0.4131503392077404,0.8015466670148694,0.8830809218279588,0.8420027850494842,-0.5339268742886272,-0.6829309325081024,-0.2652697713753546,0.8823614547670119,0.00612549537334316,0.9137859413619014,0.9138498152550466,0.9339531700398989,0.9640251909299931,0.8805831508172521,0.8799431961753821,0.901503871636759,0.8834368819202509,0.8946352780538446,0.8953099607952208,0.8946352780538446,0.8337350192059132,0.8155330460445589,0.8173456610150928,0.8155330460445589,0.8771071920740557,0.8936554147459704,0.8755026372560774,0.8761518036160044,0.8755026372560774,0.6755249081202302,0.6012475261439328,0.6763449991897981,-0.3466274836897649,0.697153616355351,0.7135399149514596,0.7160252828824238,0.7135399149514596,-0.2714344680511311,0.8808535176050543,0.9353976184647468,0.8960062621203233,0.893463269747581,0.05646500089857276,0.8742717331590217,0.8753921246311576,0.8742717331590217,0.8837850998640906,0.8837850998640906,0.03640768010079687,0.3801062522719517,-0.10154646778585585,-0.59671048231011,-0.4209596898841719,-0.42306503918072025,-0.00044350563179476084,0.4144912099357777,0.05591084194977877,-0.11757518186753232,-0.4697767176878034,-0.05095231371206233,-0.8013012659420362,-0.21266963469499708,0.29989094374847,0.2994511989949972,-0.3884157504091861,-0.43501648383071384,-0.34867531672335417,-0.357673949089419,-0.6712648786414303,-0.36888009814105005,-0.3712041268789758,-0.36888009814105005,-0.08523930825788419,-0.3951812848512617,-0.3951812848512617,-0.5393150145211677,-0.5393150145211677,0.5383709153144413,0.656999947979482,0.7546336243589932,0.6817082009698625,0.8232114710383005,-0.4818088403404554,0.38975582754400556,0.5448979929602864,0.5451760362672242,0.5448979929602864,-0.20203173850227882],[0.985908576654041,0.9844884766568258,0.9961065028121802,0.9896862410575047,0.996281337777046,0.985908576654041,0.999667457333635,0.9986503990334407,0.9986503990334407,0.9996286775739343,0.9396031591307242,1.0,0.9996660640221142,0.9996619286655465,0.9996287958149246,0.5041761646567736,0.4185099088290637,-0.46553600297066244,0.9997913514237592,0.9997946499410191,0.999671880757187,0.9996718413779687,-0.199202360905812,0.9694541847706224,0.9940456073459748,0.9940456073459748,0.9940253382833173,0.9922193475832393,0.1432747139685584,0.12529058314355793,0.9908091104234498,0.990857354919491,0.9508034578333825,0.084830143386233,0.9989421293823696,0.9988922550518122,0.9987528264623063,0.9993263478104797,0.9993601043112178,0.9989795214683592,0.4590560702093462,-0.47447965411740106,0.9986973614061446,0.9987065711086708,0.9986973614061446,0.9002225885413904,0.4567968603869663,0.9263730334265071,0.9048657689215724,0.7226100358372021,-0.4764182599980665,-0.6269533172435883,0.7999729859375507,0.8263000986099704,-0.33119402608075327,0.9255990534220656,0.9258192202453049,0.9663989838576236,0.9929551397102261,0.8864232644260568,0.8942330156259425,0.8685829686621553,0.8699438550702036,0.8758306303593398,0.8765670128941344,0.8758306303593398,0.7396605672783156,0.7025355794760517,0.7049032182034896,0.7025355794760517,0.893465721569594,0.9004532086185743,0.8925025827366594,0.8936994356779218,0.8925025827366594,0.4407139034105413,0.37246921786778836,0.48622596624427067,0.5958897610879618,0.4880476293662598,0.5211634034870527,0.5233028332398723,0.5211634034870527,-0.37882983748785976,0.8254588235848661,0.8655747515969721,0.850069116943738,0.8936574521756908,-0.2648715269657524,0.8198907259320194,0.8203129715890772,0.8198907259320194,0.8313840734895032,0.8313840734895032,-0.2508889564822625,0.6954515651463251,-0.3802187229043543,-0.7623940979867811,-0.5369854407359748,-0.539445351809885,-0.3936185036597842,0.20361282729069066,-0.28700869166623927,-0.49330791586117856,-0.7145982926377831,-0.3742234090141758,-0.6024512482024508,-0.44204582408124304,0.07569462536716687,0.07279195737571172,-0.5588192472970943,-0.5274295055414813,-0.5476129079017648,-0.5828056205448647,-0.5764508102264787,-0.5508627129839773,-0.5540589386017541,-0.5508627129839773,-0.4206669729593813,-0.6096138521356785,-0.6096138521356785,-0.6108771419977908,-0.6108771419977908,0.36901655675557815,0.3414748191128014,0.46911074163275646,0.5601208974531857,0.5338595286135536,-0.5651254794360537,0.29639139272013076,0.29428915101177366,0.29444520191044227,0.29428915101177366,0.21671789466196928],[0.9920046947203418,0.9828691665674548,0.617205368836116,0.9933723531578517,0.9971378473939161,0.9920046947203418,0.9999965111632528,0.9981951168137889,0.9981951168137889,0.9999712192587505,0.9583712521694601,0.9996660640221142,1.0,0.9999900508602194,0.9999949437058033,0.9115546650331082,0.8959148649276756,0.29727207021423124,0.9998575106053811,0.9998575913992759,0.9895862778853689,0.9999972661432746,0.3527523399514943,0.7182242634345519,0.990601421313835,0.990601421313835,0.986227003502757,0.990010012970192,0.2744910606422299,-0.16146130531778427,0.9916384864885099,0.9914883464448901,0.1990629656344884,-0.2206158919429729,0.9993334160293891,0.9994421634538277,0.41015020784043343,-0.31492175737966605,0.9989622050349015,0.999400957184503,0.8996110345280904,0.2767591763317009,0.9396966279368802,0.9990775770150091,0.9396966279368802,0.9068865537024862,0.6147048830959535,0.9307656134214426,0.9079170935445148,0.7224393901177957,0.40863154544075486,-0.1062159850918066,-0.20132549142890532,0.926612987162561,0.35824498383095815,0.9675978488508395,0.9620580320496243,0.9784186618885294,0.9957606314884541,-0.047866911860626984,0.8641964835830622,0.8265019409654285,0.8731644351522863,0.8207756233079131,0.7845504409091372,0.8207756233079131,0.7995249615758195,0.7885383567943516,0.7798709243317998,0.7885383567943516,0.8643278060177618,0.3656935361404386,0.5739242751117415,0.6415643818189847,0.5739242751117415,0.5875975230427821,-0.3488468899644966,0.5559547855336247,-0.6369021587524529,0.479513546381463,-0.10220891653111086,0.4220551511216139,-0.10220891653111086,-0.15321688840054778,0.8419851245822114,0.8615943922503738,0.8470906653506939,0.7597647841708016,0.282169083904348,0.8421715159277366,0.8436400421720768,0.8421715159277366,0.7567132525459741,0.7567132525459741,-0.19494878135241406,0.7026922357449206,0.24559339901572283,-0.6572431348602216,-0.6256367847037941,-0.6287359947178606,-0.14440920480192268,0.04905996483479085,0.3364038189729683,0.017968177235734756,-0.5186172656151972,0.06898493084141727,-0.8275720150573559,-0.15752335069511095,0.08196692876944936,0.08299438024556745,-0.6090168349420504,-0.5944926582608787,-0.08728844269477988,-0.5879097525074091,-0.8368372132780865,-0.3762251076232634,-0.20752677858146687,-0.3762251076232634,-0.27366412748882213,-0.35369512753254095,-0.35369512753254095,-0.8293551345205664,-0.8293551345205664,0.37330130454618393,0.5919785082889395,0.5049030374923862,0.8041466082528307,0.7458318326537214,-0.36219103319442486,0.06511010185906431,0.7532833533452976,0.7722019805072123,0.7532833533452976,-0.13580064858527785],[0.9924385871656497,0.9827944142022532,0.6064761871263187,0.994114601226023,0.997216497371778,0.9924385871656497,0.9999862754103463,0.9993887762648017,0.9993887762648017,0.9999701259343405,0.9583868352153025,0.9996619286655465,0.9999900508602194,1.0,0.9999873324374772,0.8706426653505948,0.8223559283064048,0.29937561461643,0.9998806800830297,0.9998812645101433,0.9895778998474803,0.999987220198224,0.35608355210987763,0.7137399253856969,0.9936249216083712,0.9936249216083712,0.9935866080125288,0.989913130260245,0.27060988759679105,-0.16188048035036418,0.9917989591003746,0.9918079377257956,0.22357890503572017,-0.2198730410167079,0.9995069598635107,0.9994428284280109,0.8370708436695288,-0.4089940035279895,0.9989579686267378,0.9994060541194623,0.8578897294713629,0.27890212101450024,0.9993946823361949,0.999399175075948,0.9993946823361949,0.9069231449338804,0.6148594940452341,0.9303678355698533,0.9073112575663806,0.7218960197492115,0.28868865354189366,-0.27793748766133136,0.09264450901806452,0.9265295814696961,0.3590940167554725,0.9643183907376927,0.9620848093605447,0.9768749741660875,0.9959979207122452,0.8851470759006953,0.863206951005085,0.89896226119457,0.8730215741929249,0.8980530990669562,0.8989255741176706,0.8980530990669562,0.7985795219940529,0.863210948818313,0.8646969570869425,0.863210948818313,0.8640547640477041,0.7538711599675776,0.8584464709129107,0.8601151214205959,0.8584464709129107,0.5869818414863208,0.4324940092529728,0.5545026177418152,-0.6422770474147026,0.4779480130851558,0.4881955549567401,0.48937197226005236,0.4881955549567401,-0.15500072308056903,0.841718786686472,0.861139689495666,0.8465007155493119,0.8923048669596553,0.2848589006005934,0.842014172114347,0.8437994434640312,0.842014172114347,0.8532804110377561,0.8532804110377561,-0.19538623888121098,0.7022510895185213,0.1662952058551636,-0.6558810467969799,-0.6252683127424252,-0.6281843368437647,-0.1443263431739502,0.04814323643103928,0.11428435944521673,0.019682463895651182,-0.5167862708354473,-0.11732933778908476,-0.8397532540412038,-0.37889527514945054,0.08129248858574947,0.0827277778956187,-0.6090743854736191,-0.593821906057486,-0.38086951667640356,-0.5876802051546075,-0.8307140762907249,-0.4964857527955302,-0.49213748348273567,-0.4964857527955302,-0.2733757898109159,-0.35384195539189356,-0.35384195539189356,-0.8216511939875514,-0.8216511939875514,0.3730386510180523,0.592330685517625,0.8255896241731463,0.8084278530021773,0.7465032310041348,-0.3615677744337811,0.704180581294582,0.7434638423853794,0.7435435418272464,0.7434638423853794,-0.10373778163130772],[0.992061553091081,0.9827026248246866,0.6174549982453515,0.9934046259391365,0.997167172573722,0.992061553091081,0.9999932345901227,0.9991184755290388,0.9991184755290388,0.9999752704721189,0.9580704241620871,0.9996287958149246,0.9999949437058033,0.9999873324374772,1.0,0.9061080836257124,0.8693776996214674,0.2973683368895926,0.9998601720028283,0.9998601584391895,0.9897249545162123,0.9999948881892291,0.3533943255184032,0.7180918083052769,0.993895332484787,0.993895332484787,0.9937967818035988,0.9899219471571628,0.2747440311273935,-0.16150073728991085,0.992435241287428,0.9924813188066882,0.19979515783956486,-0.22045347783836877,0.9993799312977593,0.9994405838158346,0.40916699283248964,-0.31412520528959975,0.9989127296998178,0.9994034069329941,0.8983112327594193,0.27687867964356067,0.9392337934374264,0.9991294835476672,0.9392337934374264,0.907136015692211,0.6153699070218881,0.9310240962644178,0.9081849390658606,0.7221758835285537,0.4099867108516531,-0.10468637784334042,-0.2015301594422529,0.9269666946610446,0.3585000174922144,0.9679905022090805,0.9623737501874594,0.9786862851504793,0.9957960163077418,-0.04885792468145112,0.8644832653114985,0.8264283706595662,0.8734085040315767,0.8207382222479398,0.784132969675218,0.8207382222479398,0.7997272483057567,0.7884927278631655,0.780254668705097,0.7884927278631655,0.8646559785440209,0.36504119238912786,0.5734452796817057,0.6415848990801257,0.5734452796817057,0.5874684397619766,-0.34998085804294504,0.5559043714404369,-0.6370568295476108,0.47917258047946,-0.10317827622737889,0.4217252714306008,-0.10317827622737889,-0.15316329835198728,0.84212924009811,0.8613311533431817,0.847230437612659,0.7513814594507708,0.2825160342623589,0.8422893495139883,0.8437474983722449,0.8422893495139883,0.7565365232928983,0.7565365232928983,-0.19636091992092405,0.7034584250337685,0.24607708032153888,-0.6572496763916501,-0.62599442879104,-0.629097809966613,-0.14552692848214913,0.04788844560097279,0.33670645178540604,0.017535821240829925,-0.5188642930803755,0.06906359919142775,-0.8267600424941951,-0.15736859971922318,0.08100810023838254,0.08203145482886767,-0.6096083129806662,-0.5947086260795811,-0.08672540216759157,-0.5890942123717803,-0.8368324145181785,-0.37616429731116624,-0.20698497642336197,-0.37616429731116624,-0.2745733100551055,-0.35414943757858525,-0.35414943757858525,-0.8296865516724917,-0.8296865516724917,0.37344276985278785,0.5916256209809644,0.5043928650639812,0.8045704395299184,0.7452535556289165,-0.36175173865758464,0.0644624372971893,0.753675646340538,0.7727967608639261,0.753675646340538,-0.13548954790153914],[0.864865508061005,0.426893033854749,0.4772282616797498,0.8643694161957292,0.8069194672101263,0.864865508061005,0.9115937759566416,0.9094299848649048,0.9094299848649048,0.8324770879511759,0.6793854982474158,0.5041761646567736,0.9115546650331082,0.8706426653505948,0.9061080836257124,1.0,0.9950987858266325,0.4067406340190028,0.894261538331971,0.8942573438603203,0.8487736200139274,0.9054887985335703,0.32658118143425313,0.5173680554680478,0.897175686727917,0.897175686727917,0.8853288170496489,0.13166253366024808,0.18988703870482945,-0.19102642110643175,0.9231410567887575,0.921622288727356,0.1506410766154606,-0.2582965532806117,0.9092730235618556,0.8470407870499823,0.30646966526649827,-0.31989662038094363,0.5185144210234398,0.8271110511784591,0.9984458404494416,0.3884647637416752,0.8371689108471709,0.9090856928364311,0.8371689108471709,0.4812915238848213,0.5810962020992954,0.13595531147133902,0.12231933527769062,0.33657645786144136,0.40898599460807283,-0.0658431978587457,-0.2099912401171251,0.819692644260221,0.40493789199971164,0.8998292868361442,0.8335167107441734,0.8854252978700111,0.9000969375542615,-0.0945343444458838,0.4316917209458605,0.6948677738599617,0.6362951652420201,0.687004576723412,0.7050979081378375,0.687004576723412,0.52765