var element=document.getElementById("correlationAdjClose");if(element.style.display!='none'){var correlationAdjClose={"data":[{"type":"heatmap","z":[[1.0,0.9999932521510196,0.985353464687121,0.9999261926675146,0.9990763356476465,0.9858154709233702,0.9978447505877448,0.9959599985592029,0.9691930834203006,0.9962896968935033,0.9943307086167431,0.993866712143322,0.9960825983868232,0.996115325158831,0.9960068205861792,0.9975826243104658,0.9978413413080617,0.9983527188810121,0.9966185373950297,0.9966290546554986,0.9966855658146787,0.9960377216136722,0.9871008841692895,0.9710926108785434,0.9895876097423688,0.9561020304361156,0.9885623048738059,0.987119476917364,0.9672824316235535,0.9508342624766631,0.9930271902544995,0.99412169350274,0.9921911062008907,0.9764602722788167,0.997749896800149,0.9979889228005657,0.9974996203035954,0.9961379695766005,0.9957540081069742,0.9978748477962687,0.9987569637475893,0.9988029560830408,0.9977056732706667,0.997714757686418,0.9767431816687087,0.9130422791897058,0.9483763567840721,0.9173804448960641,0.9183362446892821,0.8990493602479595,0.9634751534553703,0.9472244367677087,0.9651232814226268,0.9653076664154502,0.9555555811531561,0.9845268297284828,0.9815399498719369,0.9903796644377871,0.9944941859414442,0.9863994442494012,0.9819354232317192,0.9879659618899005,0.9860166590448615,0.9885302634626408,0.9883334071590697,0.9651297949731446,0.9735968641646997,0.975119147337626,0.9747939468608524,0.9519593507134613,0.9799159899912853,0.9772742621406323,0.984603857282377,0.9838603397573038,0.9420695085427744,0.8836625895936345,0.850420102353942,0.9000194171265585,0.918977056819213,0.9158571099564539,0.9169351397418201,0.9155871333919358,0.6826417899542313,-0.5627960776407588,0.9804084999616959,0.9752676948583408,0.9719389873535763,0.9871362046454251,0.974397836780384,0.9842833924643897,0.9842502914641911,0.949518751658467,0.9843991249034031,0.9527023958883758,0.7576433485762661,0.899930462829231,0.9259963130685481,0.7911422851207999,0.9489903757730056,0.9498053645083506,0.899245746331394,0.9639872007923516,0.8962413551993491,0.6113506768146375,0.7195382631866433,0.9030505037151675,0.8698166897317622,0.8940735255047518,0.9733251815419243,0.9735041262305736,0.7807291551110902,0.7305399718931287,0.8250974506485635,0.4045603832957835,0.8010937269184512,0.8293922233911312,0.8246142343339508,0.8156103149537138,0.774544452644127,0.7498839365483454,0.7322205863097133,-0.26669561004586706,-0.405653051806765,0.6615669731042356,0.8944657497987326,0.9374091865551897,0.9441300808189533,0.9115788132924232,0.8271412856079494,0.9112866655622307,0.930779220150029,0.9306446001911682,0.8651131579011815,-0.17902623779374893],[0.9999932521510196,1.0,0.9871379775397147,0.999820060783944,0.9981353622800576,0.9900907470517376,0.9943685225905644,0.9912236260792224,0.9838278623085119,0.9912439945260311,0.9912494623405076,0.9931236369724921,0.9913916666486436,0.991244134177159,0.9913102279755048,0.993660666919177,0.9964418948150034,0.9960671081593607,0.9938939204173878,0.9938942301702175,0.9913040212037312,0.9913511988781007,0.9911052602263979,0.9716687902929819,0.9879117454498625,0.9807335527847008,0.9877716904010649,0.9870146672289019,0.9792365500689524,0.9283023938390377,0.9884453432601156,0.9858513586365976,0.9787656374216274,0.9266808863756603,0.9955305975527438,0.9954150872691537,0.9956587851753494,0.9918845065837935,0.9951082198591252,0.9956614695721364,0.9970110903312908,0.9971411385573289,0.9956407270709029,0.9956476526818084,0.9891390539035383,0.9127754371770247,0.8844086479665514,0.9170896402693758,0.9182752119276292,0.8990247394760675,0.8740622013327463,0.9193037950451705,0.8770019214958557,0.9053958895442469,0.8734994433929503,0.9536075205225919,0.9535691695399966,0.9662740629577781,0.9839091691183753,0.9808380846506435,0.9835584368142722,0.978995291407671,0.9789505037247035,0.9810107879560743,0.9809404786784145,0.9491518781021919,0.9586364320821521,0.9338937412349836,0.9338233808769216,0.8594824113957492,0.9771584403739033,0.9788771389098113,0.9790761077082313,0.9786559500478821,0.9487424048551374,0.742197161851706,0.6952239549413423,0.8132560188389071,0.8839842569533486,0.8318089904299728,0.8586080089482543,0.8572265229592456,0.6969830735265523,-0.2342926988823281,0.967661282547398,0.9724009535204486,0.9674670200930013,0.981489053883932,0.96548393447225,0.9710659220096547,0.9703988428364236,0.9261588732635213,0.9731827084796856,0.9299122203717615,0.6620712413229063,0.8992778329836282,0.8968076047896122,0.44518916544045156,0.8095810109251799,0.8147804512515314,0.7289442221772106,0.9650609673204603,0.7012914889034043,-0.27903037502647166,0.19962555200126253,0.7290815452299986,0.6768296337712268,0.7213429460948463,0.9666037088742803,0.9665403651536235,0.10128792097064133,0.27165245593771137,0.1073360209010304,0.07969129401276219,0.10131534021154857,0.11657717643637762,0.11326112839884074,0.03564243244774148,0.47162814239661355,0.20336164216739813,0.15271102686479146,-0.4418570938083317,-0.48471970787624613,0.6618053138515643,0.7512060517750714,0.7754877477224652,0.834959578407058,0.8226565431579316,0.5639118373341993,0.747651075418644,0.7699905119302959,0.7687509924361223,0.4201115566832902,0.19396460060710624],[0.985353464687121,0.9871379775397147,1.0,0.9867797525110481,0.9930943992135173,0.9912262443168178,0.9901572852920816,0.9907602734098657,0.9904101148724791,0.9935347186531994,0.9975630127362595,0.9966573269886368,0.9906349379030869,0.9929322087865433,0.9908196029055173,0.9902230750733999,0.9909026267189022,0.9903131605880776,0.9894591390217029,0.9894382569017737,0.9923822169818945,0.9906556449735558,0.9944434968237187,0.9828387452874503,0.9912506067034154,0.9799367871650132,0.9917713081025219,0.9860689347790472,0.9852515206657692,0.9562179097309467,0.9702614004556955,0.9743423252854421,0.9761829721115926,0.9513699242096331,0.9874398581646971,0.9905302699661093,0.9888969397156692,0.9924850790699221,0.9948588612685392,0.9913107023852403,0.9852640000214804,0.9879886914442585,0.9877632053470677,0.9871439992208004,0.9917372692806198,0.9086949559156635,0.9313694853302479,0.932744206671475,0.9107625364067798,0.8507315698105324,0.9218812452136903,0.9019865836358204,0.924411698706316,0.9256505651581043,0.9116214212377476,0.9499461976024156,0.9580901605315097,0.9666441038192991,0.9784445455188768,0.9373723238433178,0.9612177975393879,0.9607684332955276,0.9676420599337364,0.9610664741260407,0.9353776934505129,0.9167582664383507,0.9415213126215453,0.9324812919470584,0.9141398101067921,0.8864482201219379,0.967939510830827,0.9459571904762453,0.9607576455415663,0.9395562788239803,0.8131121310721188,0.8360309644219164,0.7560659056666441,0.8552775152697257,0.8867393895612196,0.8875141926698101,0.8552469495709368,0.8695708717370559,0.376661800858179,-0.554976589457151,0.957100125308436,0.9416087904396154,0.9418571390016629,0.9375294695019726,0.9514043518570773,0.9600849915657204,0.9596579589398633,0.9291678243260342,0.9554014666496194,0.8686058000643643,0.7385094608233921,0.9478044487662516,0.9472470330876813,0.7638560336630599,0.93470848822383,0.9365242921977394,0.8720156952050501,0.9800199224546486,0.7769834107326795,0.5159804311719998,0.6614794742452929,0.797314029979563,0.7961087154369483,0.7785347555152856,0.9827695808819481,0.9828245984918875,0.707214328985766,0.6733043071972763,0.7114283730431024,0.3467093231106709,0.6993807334255709,0.7130270932444828,0.7280033781917793,0.7109540967482602,0.7340931722117541,0.6816296066347088,0.6626308616490448,-0.3319504574528764,-0.4705687465436671,0.624993381421663,0.8548472311461894,0.8851588930450497,0.8896251940997214,0.8833245861216448,0.7583341866393005,0.8613066057469729,0.8740469457492407,0.8816433088669696,0.7355519783703036,-0.1010369027456672],[0.9999261926675146,0.999820060783944,0.9867797525110481,1.0,0.9993357507396308,0.986946060181613,0.9981127516328114,0.9964141300242821,0.9714934757733387,0.9967900872587911,0.9950831888789725,0.9948780035421726,0.9965185485862224,0.9966426533684989,0.9964602215428774,0.9978769352033936,0.9981894430182179,0.9986338767128472,0.9970166047304707,0.9970244946742359,0.9971122852439932,0.9964780934302319,0.9883279994997446,0.9725215960159291,0.99059679572734,0.9587928998221427,0.9896808569818686,0.9887608226728039,0.9693434361593966,0.9520576346044191,0.9923640137671669,0.9936525171098821,0.9921235172122257,0.9759908775408014,0.9978525678541906,0.9982076036964801,0.9977489578027454,0.9966293241648662,0.9962713147792808,0.9981268095522219,0.9986635767301948,0.9988962297215237,0.9978030549508919,0.9978092015430813,0.9786154370159788,0.9088773109210531,0.9461383842946804,0.9179966925510556,0.9167277134957,0.8916746500125589,0.9604820455541807,0.9438383216459028,0.9620330875147464,0.9627041418668092,0.9526570856669604,0.9823953417329134,0.9799711793223809,0.9895106893576003,0.9943301692985078,0.9849115497586256,0.9807672800376755,0.9866596622088344,0.9853894394107635,0.9871434077477281,0.9869386485497017,0.9543994330423098,0.9723048298853706,0.9735806294324946,0.9732519669339685,0.946498250533827,0.9794464437966376,0.9742908065362148,0.9831096649109433,0.9823283172210105,0.9199580772717554,0.8820452388183089,0.8463826983640105,0.89820353058036,0.9160331843215933,0.9153158537325125,0.9144024048120302,0.913099871561706,0.5876520730267611,-0.5624094688404709,0.9795326966720845,0.9739287387911492,0.9704175241451298,0.9856510545665019,0.9735863198291927,0.9834708764350407,0.9834308840296956,0.9490240511133028,0.9829084402018097,0.93646027061968,0.7619035250958843,0.9059426271114467,0.9301911604060442,0.7928671803804439,0.9503328312024238,0.951178329045867,0.8987722200633805,0.9652978344529223,0.8900284897776974,0.6076431928651109,0.717710745200821,0.8974857077459449,0.8661163721460826,0.888234056795275,0.9742190365347837,0.9744051812092246,0.7794773603002533,0.7307145914160752,0.8170721130926633,0.40645270814009604,0.7952602315693551,0.8210869201311793,0.8162353801224304,0.810146948098068,0.7769322312025161,0.7497100152310096,0.7321293850876406,-0.2620935801664904,-0.4049222192634228,0.6605336362958926,0.8924309678071216,0.9354321063323501,0.942220727120795,0.9102110273153101,0.8242290769260457,0.9091671412953864,0.9283999217197619,0.9284203148117157,0.8576241782035389,-0.17180778397795],[0.9990763356476465,0.9981353622800576,0.9930943992135173,0.9993357507396308,1.0,0.9898294733961237,0.9991018521231174,0.998501911695062,0.9840830022053203,0.9985017277206613,0.9980713467054017,0.9981080391469621,0.9985349136631809,0.9985344412551382,0.9985345700104334,0.9990486679944499,0.9986492769513059,0.9992910173804548,0.9988714340963216,0.9988704462042288,0.9985980422865157,0.9985249767132399,0.9943546336828165,0.9801544658638228,0.9947434829256382,0.9765114491818154,0.99470144751901,0.9915593250294178,0.9824334601981799,0.9552830155034723,0.9891667459477216,0.9918533923972168,0.9891728357323294,0.9674115345602208,0.9989535659631336,0.9990010924574202,0.9990138171020891,0.9986157388334217,0.9986497819567544,0.9989910947151549,0.9989670297008247,0.9991936604259671,0.9989512129425807,0.998950186722356,0.9884527855484614,0.91911992440386,0.9451963144005698,0.9306400190654333,0.9215321232398026,0.8867391898001132,0.9459858550295458,0.9365117128739484,0.9502144420427965,0.9555110497365971,0.9448134284022142,0.9792096744730394,0.979155101639814,0.9892341854943291,0.9942057042823156,0.9816094606621538,0.975330089523422,0.982331019232671,0.9815781658334318,0.9826784038486974,0.982440492495229,0.9555962500600225,0.9635917889266937,0.9583729894693206,0.9579670990909974,0.9194068624751185,0.9767683842730803,0.9732133174091168,0.9791887734529573,0.9783496558237492,0.9393222225702019,0.8609428691690248,0.8211579618092858,0.8827879383087024,0.9203461771096152,0.9040487275872698,0.9115251626611892,0.910369230685291,0.7380548208484189,-0.5775312801131878,0.97327445530417,0.9637477411951365,0.9611285209733686,0.982569093029648,0.9640929641783549,0.976938980520327,0.9765471185231436,0.9402789370218668,0.9786089671660109,0.9433407599969678,0.7509379811543099,0.9221079731988938,0.950542395145178,0.7530516984602238,0.9367756310319149,0.9383404284835768,0.8926418074439438,0.9705367308291298,0.8865374160256999,0.4496592028401646,0.6568588533714876,0.8922721447028702,0.8387734558284321,0.8873394456603442,0.9778904631791753,0.9780333746208226,0.7424417583564219,0.7134716339818727,0.7463576436614295,0.38366777827618664,0.694167487948555,0.7515533430832751,0.7467236088899911,0.7093508481372292,0.762915867027958,0.734063052400667,0.7155862572302428,-0.4723031884347893,-0.552810670073501,0.6539320503186393,0.8864125621601011,0.9208809536272808,0.9356667067685,0.907595196443683,0.8040397534680023,0.8957175005135315,0.9144550993814278,0.9140193323614912,0.7936489632520097,0.03784193494598957],[0.9858154709233702,0.9900907470517376,0.9912262443168178,0.986946060181613,0.9898294733961237,1.0,0.9853826642792082,0.9860736891631422,0.9920089218663316,0.9854374983704457,0.9808423566361205,0.9796700669653772,0.9859621170322086,0.9864360980405467,0.9861435559894708,0.9857884685039358,0.9889533955473654,0.9870287242445662,0.9868743988467459,0.9868656091481733,0.9849673379561515,0.9860500832571785,0.9956945722980562,0.9929992325760219,0.9871292376071084,0.9857491974480198,0.98728037512916,0.9765150092941451,0.9875590491098507,0.9720193282669983,0.9649111976558089,0.9702308078169857,0.978245377103931,0.965934760591356,0.9851029514672349,0.9854243922097572,0.9862502081579235,0.9867527895330515,0.9805745904717721,0.9858364368113204,0.9842588061114728,0.9859190862512094,0.9852595855585994,0.9852628823290432,0.9957358958223941,0.8668869922986202,0.9249456517714892,0.8961018739599774,0.908957372363743,0.8719570084513096,0.9206331608752257,0.9088525238385077,0.9230570829066423,0.9356243241762149,0.9186877442900058,0.9531328837007553,0.9580479250947396,0.9636217069528701,0.9736988413294168,0.9697674462955496,0.9848662314225337,0.9712027382884012,0.9831537933562823,0.9708129566881839,0.9702517638025173,0.9744954163218641,0.9663380800044964,0.9462933299265018,0.9457627184901813,0.9421893273089859,0.9813453404153213,0.9738936015082713,0.9709928490343891,0.9695770333721782,0.9600164269105301,0.8823832013537678,0.8352618576575092,0.9004925324498415,0.9117020563744188,0.9207246559835234,0.9020545906400292,0.8998635170812037,0.710969345978992,-0.5159684503769301,0.9790501981400652,0.9794668725521327,0.9752257252250511,0.9707234697229947,0.9708172807773743,0.9780796765818978,0.9776758526887406,0.965231119282757,0.9674374299147747,0.9641348329484325,0.7627550940458278,0.878302620857614,0.9497580952498248,0.7992750966759675,0.939287823994024,0.9404052726205959,0.8696731750711362,0.9592731674078864,0.8396607840565208,0.5405118408173586,0.6860958453414172,0.849020319858876,0.8216542344275463,0.8382506100950419,0.9602564410023814,0.9603288566864042,0.7361364844266034,0.7079871487347654,0.7550615002072644,0.4079680044591697,0.7433827207985597,0.7606194475500413,0.7543826811738352,0.7504500122963248,0.7601936461797318,0.7140303235515058,0.698965007628667,-0.2904315128695204,-0.4203728866622435,0.6735677124075945,0.8653479259227557,0.8831074162926859,0.8950624258348021,0.8776114451233047,0.7881773887624771,0.8555676211755275,0.8748392126443049,0.8749456957554195,0.8172655970380798,-0.13934907096144114],[0.9978447505877448,0.9943685225905644,0.9901572852920816,0.9981127516328114,0.9991018521231174,0.9853826642792082,1.0,0.9974233070673252,0.9577101058337907,0.999586180094013,0.9995288834134416,0.9995434139494485,0.9983417244054948,0.9994509112725227,0.9991406867977392,0.9998874831079234,0.9964062688590037,0.9999025842641743,0.9993446583943331,0.9993495964311807,0.9996967128941115,0.9992923548564345,0.9908247558300625,0.9748481251318286,0.9853415227616554,0.9258909378240082,0.9932504651264372,0.9909917488109948,0.9734175419125627,0.9494512307095978,0.9916373274787396,0.991731285579089,0.9931813204636672,0.9733685350213426,0.9989575914728532,0.9998425120778304,0.99969830103203,0.9994594799454048,0.999743923391771,0.9998257110466194,0.9984382614345227,0.9997201894413126,0.9993560969914659,0.9989949159934283,0.9813604861486913,0.9268399612128128,0.9487979164772303,0.9416564957775881,0.930808305968763,0.8869520841029612,0.9568184921065693,0.9434876880896472,0.959080898104417,0.9597507200962923,0.9507723363953419,0.9812612308199815,0.9802490258938792,0.9914050565017957,0.9963734348588902,0.9474439839222664,0.9631942147513115,0.9730151904430275,0.973676657045244,0.9746182297937855,0.9474515109592342,0.9040188219445612,0.9548028691141537,0.9606609818368624,0.9385370674759809,0.8934867601564876,0.9671036643033821,0.9393147861002613,0.9674528827381123,0.947795217464987,0.7749374102909358,0.8551155164474539,0.7772593091857998,0.8703691494835947,0.8896682460174012,0.8942200265717853,0.8728337138040454,0.8849786546927778,0.3275039614289842,-0.5960230518736058,0.9644592822453549,0.9496617832742863,0.9484424426118138,0.9491326012403173,0.9606114914819915,0.9709454998087339,0.9709884722623385,0.9302541837841108,0.9675005195674414,0.8473707695869521,0.7459057144590365,0.9226471390385117,0.9297972898353624,0.7814896598483726,0.948394710579104,0.9494126879709344,0.8957061279629331,0.9698975979097729,0.8321296326029719,0.5989736065495777,0.709471004809987,0.8550552203947931,0.846055443850595,0.8365890895883983,0.9780424127657346,0.978240444425062,0.7688521857747885,0.7106676598599406,0.782176605799821,0.37839760324285693,0.7733104895934537,0.793388581779379,0.7889274897933911,0.7908551041204768,0.7595651107529408,0.7395430147998736,0.7201980293461744,-0.2778080243122648,-0.42802046986647213,0.6708641542209562,0.8896044030388993,0.9252190497712642,0.941665805212199,0.91251617944254,0.8241466771466783,0.9101403437875802,0.9304021594089371,0.929114045454983,0.7757427176280653,-0.13740892180048767],[0.9959599985592029,0.9912236260792224,0.9907602734098657,0.9964141300242821,0.998501911695062,0.9860736891631422,0.9974233070673252,1.0,0.9687135926026997,0.9999998199661208,0.999999259061572,0.9997255083980321,0.9999970298052799,0.9999921179245588,0.9999981193556311,0.9992765293450473,0.9909359867569867,0.9994124625108238,0.9999030044975838,0.999902600024124,0.9999623908739844,0.9999987277065345,0.9911741786952024,0.9762820044297922,0.992515538540308,0.9400548540944362,0.9937533775790238,0.9889656465413736,0.975612724997893,0.9485966737777557,0.9879194910178986,0.9938108958780075,0.9916518368815909,0.9700742349980247,0.9994529267332798,0.9995426501380863,0.9996542993781257,0.9997265671686275,0.9991195668633558,0.9994687901627596,0.9981337318289906,0.9987428618877142,0.9995238453611146,0.9993861078583003,0.9829696434096061,0.9266833911430407,0.9459238306802907,0.9460075581823799,0.928820446843905,0.8750866096190487,0.9550925764862165,0.9387924431649898,0.95697610897438,0.9537559371497515,0.9445290575238735,0.9792166443663525,0.9771801938787635,0.9903450738261671,0.9969658060220772,0.9423348455486124,0.9587191065250379,0.9663538741433275,0.9704426398311384,0.968360638011422,0.9456688180000381,0.8957557666542957,0.9498302546377518,0.9536683920498309,0.9329840701710685,0.8807550498563343,0.9642308603999478,0.9329168887199025,0.9618054241878605,0.9430413662001813,0.7614692109635315,0.8467062057947461,0.7726954262201087,0.8620360607134608,0.8822148685077584,0.8894095291065914,0.8682893217993891,0.87795440021233,0.3093180253023966,-0.6006656930028835,0.9600645461131093,0.9425494523171409,0.9420254165309492,0.9471139166827631,0.9557215196580611,0.9666239501979543,0.9666560090366556,0.9250186849396456,0.9604067324843286,0.8355400872008487,0.742595202306449,0.9378476805908791,0.9409327931417015,0.777470417448232,0.948072658813999,0.9492518994290271,0.8931388682081378,0.9740394624107994,0.8352533195397016,0.5846522746795804,0.7005414517968762,0.8561886994027459,0.8429180198181426,0.8389283471223028,0.9806285329299802,0.9808309796007223,0.7596520388777649,0.7026712348080615,0.7836163710993437,0.36532606031148773,0.7681244282804393,0.7888637671422732,0.78948500156902,0.7852489151910851,0.753079038765543,0.7335927047481664,0.7136438080905702,-0.29385553230432304,-0.4430413090437532,0.655997068482387,0.8818128889911878,0.92275101181214,0.9340481478634379,0.9065961771146677,0.8132037169631554,0.9036696750121493,0.9241020701966691,0.923095372166487,0.7565227730170379,-0.12024969815757439],[0.9691930834203006,0.9838278623085119,0.9904101148724791,0.9714934757733387,0.9840830022053203,0.9920089218663316,0.9577101058337907,0.9687135926026997,1.0,0.983707151993059,0.9877585294401212,0.9898208685052469,0.9724159570452265,0.9807316664947412,0.9773371802093163,0.9751277692415881,0.9489369596058934,0.9798494670322766,0.9780746662271952,0.9780423062619924,0.9821758322992584,0.9772185176268775,0.9940213122409765,0.9921479995519922,0.9816129754157505,0.9878731648615542,0.9845999387657811,0.9892650235791292,0.9900087065431644,0.965098959032052,0.9287382372634466,0.9503079913755385,0.9654765771706453,0.9474135008075193,0.9717683129810075,0.9800485048703172,0.9768610922695148,0.9792318438850958,0.9878550671927789,0.9811512937203459,0.9675841258828889,0.9768830885764975,0.972602133270744,0.9715620448103623,0.9989010418366426,0.8849931476105126,0.9152037880780537,0.9354967274198691,0.924093213422803,0.8463533262174194,0.8854349483591462,0.879667724932103,0.8891531252103481,0.9090074217068431,0.8913803016474235,0.9290707912456954,0.9441793143636855,0.9498285935040253,0.9628477124607114,0.8956711861436599,0.9619491781508949,0.9390317129141925,0.9608103483903536,0.9391138788012029,0.8936087433569893,0.9037424725661979,0.9341033320458353,0.906775554852791,0.8697114609481496,0.8666961836393801,0.9621041025584484,0.9116411263983599,0.937732141083934,0.8986599078371772,0.7973812845380781,0.8275734486325188,0.7099376719819221,0.8489515432712877,0.86635723036856,0.8799024741793129,0.8282695759203754,0.8468616916764643,0.351509902828028,-0.5418025178985273,0.950631479797836,0.9437882079245392,0.9404571360825711,0.8949564230998404,0.9399898891709921,0.9490021783162089,0.9484075289319568,0.9305746332564964,0.9330775597487502,0.8524367526033191,0.7448884549683333,0.9292960236865914,0.956450850027115,0.7717693078917495,0.927850871129053,0.9296310883236781,0.8500411901404091,0.9677964980980833,0.744079136475807,0.4801535601261903,0.6430544058483906,0.775641698176403,0.7737178630160086,0.753800854806937,0.9672946312718486,0.9673146742578009,0.6885290794858573,0.6625666164590298,0.6773664701878496,0.35409092647593715,0.6818948344235912,0.6921440505053386,0.6781140378512907,0.6900806811197879,0.7274095323238325,0.677073080825349,0.6593212373956148,-0.3392524202020969,-0.47433351261026685,0.6711813678426407,0.841257803240282,0.8390137200650312,0.8655026802151892,0.863994225586478,0.7526011888769771,0.8175198645547089,0.8448511943338788,0.8388935643543423,0.708705389116401,-0.06065047350534844],[0.9962896968935033,0.9912439945260311,0.9935347186531994,0.9967900872587911,0.9985017277206613,0.9854374983704457,0.999586180094013,0.9999998199661208,0.983707151993059,1.0,0.9999990920987445,0.9997307152282561,0.9999984863304824,0.9999908184934218,0.9999976041863133,0.9996533352515711,0.9977277624732976,0.9994057781656259,0.999873513501021,0.9998734544336999,0.9999754831296901,0.9999992564403838,0.9937589225808172,0.9776895843468663,0.995844121426565,0.9736533378263549,0.9959374803206962,0.988941154725013,0.9798901949959085,0.9497220069534188,0.9892198282972445,0.9934548466672259,0.9889611430195866,0.9662867905449928,0.9994645121864003,0.9995328397170213,0.9995437136784009,0.9998179296701855,0.9991340701363615,0.999476642865384,0.9983169620321044,0.9987805551501264,0.9994669024212516,0.9994616933323797,0.9872213940391346,0.926732662511941,0.9459615190781798,0.9458650681377068,0.9286434111407247,0.8752411101030461,0.9438528741143473,0.9310006169914586,0.9474776340276344,0.9516520604060978,0.9422787396037037,0.9775172816672747,0.9772142728254412,0.990781612955107,0.996728921054063,0.9714630876912318,0.9586157911562475,0.9722595384062848,0.9703857928339008,0.972694079701988,0.9724176891383968,0.9432916323484513,0.9497415077219316,0.9486262956252508,0.9482713425336734,0.9079220736141671,0.9641419874260124,0.9634897390214872,0.9692751318854932,0.968246765576819,0.9259313422787997,0.8467644736460225,0.8010942484417567,0.8617922081617485,0.9030253323119236,0.8892281518595772,0.8955917410500961,0.8946797770313429,0.6892402818086973,-0.612149147200754,0.9600005362251772,0.9425625087089583,0.9420463903650802,0.9726598745792429,0.9508661664040489,0.9661864444803026,0.9657755245951035,0.9255939015612163,0.9680970766505368,0.9289741375715238,0.7426136370768229,0.9374961956012796,0.9533823982759195,0.7587314666483563,0.9409413720879898,0.9423031220713247,0.8932098783361437,0.9731287331891454,0.8942387175198782,0.4862083435194315,0.6745617378943661,0.899939605167433,0.8470696451863517,0.8952168872021066,0.9805798104347317,0.980816566387409,0.7597199872003658,0.702400386917836,0.7628866760481569,0.36546117367764613,0.7122074337715617,0.7680405238976872,0.7632757474699695,0.7287656771275434,0.7528049268915931,0.7335521105760532,0.7135772174636575,-0.5183358824947815,-0.5996381755929051,0.6559745091285972,0.8819588118177693,0.9225038368989782,0.9372985030986534,0.906791046003913,0.809420507683939,0.8966683518507299,0.9158456792120229,0.9152980996468427,0.8050725709776786,0.10583490949006955],[0.9943307086167431,0.9912494623405076,0.9975630127362595,0.9950831888789725,0.9980713467054017,0.9808423566361205,0.9995288834134416,0.999999259061572,0.9877585294401212,0.9999990920987445,1.0,0.9997307301543623,0.9999962201712115,0.9999944169460123,0.9999981890239519,0.9996303144980545,0.9972894237195568,0.9990992388578329,0.9997604819567095,0.9997602886684621,0.9999983365507205,0.9999982044938396,0.9926258978148589,0.971751625618205,0.9947513579026147,0.9812333871594636,0.9953878412367344,0.988958277219347,0.9814202798231115,0.9395574888994261,0.9876292313982801,0.9924930292365005,0.9816596779664662,0.9373050922121118,0.9991953590739253,0.9992563024974845,0.9991875517170078,0.9998842937798879,0.9991147380382575,0.9991982791317994,0.9976494612319444,0.9983028407969246,0.9991628758037402,0.999159964297191,0.9890227434478734,0.9264102199063246,0.9072906713145401,0.9457903247849386,0.9285117498208704,0.8748643202246685,0.9071530719681143,0.8937609885637552,0.9121824308476567,0.9202645358465752,0.9052910193915124,0.9679814285816037,0.9679503109681099,0.9897140929836917,0.9950188740173906,0.9632885223770965,0.9587137447610399,0.959814739074142,0.9597326602396951,0.9617022397869696,0.9614205991254664,0.9174148511429108,0.9385811628154551,0.9139708935534246,0.9134544177886385,0.8316147312654889,0.9611844852251431,0.9677000704877345,0.9636334465861495,0.9625005526735214,0.915446030222354,0.7642888819589684,0.719673659387144,0.8150846969089859,0.8761476934641718,0.839780585684642,0.857918593938745,0.8563819579080726,0.6799150059208128,-0.43813611117783385,0.9452930816785554,0.9426670101245549,0.942113999116698,0.964645902321191,0.9361648428835929,0.9486722460004137,0.9479534525221175,0.8923682024208389,0.9519915734759694,0.898532442994526,0.7427595790687305,0.9378777505031974,0.9559503424183737,0.6250248875529584,0.8927599947788494,0.8958656634605023,0.847330256247211,0.9839641128693958,0.8348392459640736,0.15297004695446859,0.5186106424458593,0.8472902197914847,0.810298823415869,0.8411335331032639,0.9846891949131399,0.9847023419014361,0.4940285079139149,0.6046085172820866,0.5014485733884132,0.36535674313341227,0.4650305833363458,0.5143486533655129,0.5033540727024121,0.43973376748561976,0.7394192812600092,0.5827121702835756,0.5420053951041176,-0.4840244917513085,-0.5378566873222212,0.655321905473215,0.8601871579327004,0.8730973526664,0.9020875368210945,0.9002673986792838,0.6553447555509054,0.8353504952679696,0.864768251740106,0.8639797300114026,0.6059637887938121,0.04449597083064846],[0.993866712143322,0.9931236369724921,0.9966573269886368,0.9948780035421726,0.9981080391469621,0.9796700669653772,0.9995434139494485,0.9997255083980321,0.9898208685052469,0.9997307152282561,0.9997307301543623,1.0,0.9997457137057075,0.9997289172558809,0.9997364339442165,0.9996289218495903,0.9979297477303462,0.9993132431668441,0.9999655688538706,0.9999652405365299,0.9997353712729515,0.9997418593355365,0.9918073227589054,0.9667028409433174,0.9932123106165213,0.9811939055690472,0.9941001990613298,0.9920195384744914,0.9763579734242385,0.9159224305197838,0.9901839283589896,0.9934095328357304,0.9763515611481208,0.9139459938292652,0.9993216785787429,0.9993774636336468,0.9993312803026634,0.9995265237023238,0.9995506291180055,0.9993504323813711,0.9974447386698514,0.9983081123859924,0.9993066031429689,0.9993029967601676,0.9900030494923103,0.9212566443316601,0.8914423334437196,0.9425738850425,0.928030748999109,0.87496289581625,0.8659453249884502,0.9068284415227291,0.8702552601982575,0.8910461252092983,0.8637373355513764,0.9538476697655995,0.9538212606269323,0.979330240202491,0.9940408175767845,0.961795427434952,0.9633014385429083,0.9552233176628375,0.9571015941202303,0.9586027690593634,0.9584464965892882,0.9171506155525047,0.9292706628251411,0.8985478451708775,0.8984142260821296,0.8108326067339754,0.9591208556673739,0.9617252976785508,0.96184763229906,0.9612864502791336,0.921070995870464,0.6956887667629807,0.6451768485494952,0.7684026922381494,0.8465267452396642,0.7915310662881213,0.8199596445262435,0.8189601231536011,0.64465860384121,-0.35073009137363553,0.9387969608825107,0.9459757339421612,0.9385777239687658,0.9628647656849294,0.9361638362831309,0.9432895264514308,0.9423776513495048,0.8883539227965581,0.9464626589754187,0.8934077701593506,0.6813246846436899,0.9348677625164565,0.9290667266177031,0.4619984500239296,0.8232181628079367,0.8286928409496704,0.7290273483315171,0.9764607200223875,0.7045190738904203,-0.22099037278526587,0.24106928789788723,0.7290436341455094,0.6828503528624912,0.722372811924993,0.9776485197398693,0.9777182808757782,0.1515230143292367,0.3078336588075494,0.15606783745871042,0.12822131040363788,0.1483680157194787,0.16584612733612214,0.16325017701892428,0.08018274670956238,0.5038690720744545,0.23509282519376135,0.18235444671979,-0.5078818844270346,-0.5498624212450457,0.6560434206616439,0.7499811234241898,0.7742383776728543,0.8362408384553237,0.8261086281451347,0.551310160332117,0.744330580069176,0.7689992609610571,0.767840914058474,0.41914834575559134,0.23891303753336438],[0.9960825983868232,0.9913916666486436,0.9906349379030869,0.9965185485862224,0.9985349136631809,0.9859621170322086,0.9983417244054948,0.9999970298052799,0.9724159570452265,0.9999984863304824,0.9999962201712115,0.9997457137057075,1.0,0.9999906226003618,0.9999976706591452,0.9993283852509298,0.9926929066932775,0.9994556120269794,0.9999124782181867,0.9999122820553548,0.9999696272528893,0.999998931704181,0.9910721335957313,0.9761214012802372,0.9931781499735924,0.9449898728821773,0.9937085651279314,0.9891021925563998,0.9754282680391171,0.9485765734449085,0.9888228639253839,0.9938852807776638,0.9917445021884344,0.970229701119295,0.9994956146161952,0.9995838862341234,0.9996858969106294,0.9997272524510966,0.9991882859907388,0.9995118166117989,0.9982231015655004,0.9988149547163132,0.9995671199999455,0.9994296989506984,0.9827513416781279,0.9269826954204101,0.9461147450179014,0.945963749189654,0.9290221771689748,0.875857958386329,0.9554466125460052,0.939203835035108,0.9573358081245574,0.9541252439609844,0.9449419455057697,0.979472250366127,0.9773773004136831,0.9904888903710684,0.9970394374277296,0.942633836136529,0.9588410237273367,0.9666182763929752,0.9705560029575154,0.968621752959571,0.9459185898193709,0.8958611435419254,0.9500629860842684,0.9540594801954716,0.9334030479960993,0.8811066875428984,0.9642953281398886,0.933115152551795,0.9620109655014221,0.9433203743731915,0.761509208136031,0.847112940921846,0.7732161106866987,0.8624231179837478,0.8825110104110725,0.8896192888588013,0.8686684361159395,0.8783396129565629,0.30956369267415096,-0.6006394933880442,0.9602376261178258,0.942827565352688,0.942266237644345,0.9473510716610074,0.9559102684664947,0.9668101997641861,0.966843978451615,0.9251425010925439,0.9606913510938312,0.8356933524406264,0.7427290505272961,0.9371607510933598,0.9404173997051487,0.7776145247228683,0.9481052179282603,0.9492755217873449,0.8934784331792616,0.9738845518951025,0.8357234667892554,0.5857108765502569,0.7012105571568011,0.8566498250108756,0.8434486506988302,0.8393950677911041,0.9805556298261545,0.9807579663943965,0.7602851513050538,0.7032322582078745,0.7842118074548164,0.3660672861982975,0.7688035115470179,0.7895503073175277,0.7900911231727228,0.7859582146913118,0.7534485017121814,0.7340457875727687,0.7141186034950796,-0.2928853916661235,-0.44217310707293206,0.656492770148739,0.8823317841102556,0.9231999581726831,0.934574448559563,0.9070634710450893,0.8137684525304801,0.9042425097024176,0.9246661189811228,0.9236478378187325,0.7572015807726151,-0.12127968211260733],[0.996115325158831,0.991244134177159,0.9929322087865433,0.9966426533684989,0.9985344412551382,0.9864360980405467,0.9994509112725227,0.9999921179245588,0.9807316664947412,0.9999908184934218,0.9999944169460123,0.9997289172558809,0.9999906226003618,1.0,0.9999946374911594,0.9995297996693582,0.9976500655965638,0.9994098440263592,0.9998963174715644,0.9998952423082224,0.9999503043162704,0.9999907372661605,0.99307349998332,0.976527214852973,0.9955645421516808,0.9676616370690634,0.9953379511816377,0.9889025544347977,0.9757302882306426,0.9487335734300987,0.9889365589816576,0.9938351669103627,0.9909565582756666,0.9696895057939123,0.999464738589694,0.9995350585934976,0.9996004003369278,0.9998789044631045,0.9991457483526868,0.9994578273159724,0.9980495349608919,0.998731000910699,0.999481212557064,0.9994737655574916,0.9852163333798906,0.926896961898179,0.9458475609851027,0.9457238397243078,0.9284700989103236,0.8751540011649794,0.9491530596493826,0.930747559256856,0.9513101569049979,0.953469905220993,0.9442249773340234,0.9776309142158053,0.9770336080531999,0.989680705354101,0.9970387726007328,0.9716328356054303,0.9583783694650351,0.972226920794181,0.9703835981995106,0.9732280411727109,0.9729381518691809,0.9519004891620263,0.9494219397976592,0.9530049011956829,0.952631695702022,0.9244847745334646,0.964175020723407,0.9663782688208968,0.970909058520824,0.9697410546551677,0.9354219118100922,0.8464017161508853,0.8089235215119716,0.8615134437498048,0.8940458774549991,0.8891563914211627,0.8902219032705607,0.8889865858877342,0.6669363870224543,-0.6010044026722697,0.9600131763123042,0.9424530359265579,0.9417834085827438,0.9728354186484183,0.9557627201884983,0.9665859660675613,0.9666753704659821,0.9250282958420099,0.9671133685317649,0.9372060895746177,0.7424221891781356,0.937170315014782,0.9464510704262447,0.7765138997177468,0.9479128813314615,0.9490156436924585,0.8930826949055479,0.9742529397093586,0.883714446503825,0.5850093314661604,0.700051885580763,0.8912797879628278,0.8555615382694535,0.8818345500349509,0.9808509645922745,0.9810846230064069,0.7587904216914424,0.7018010264161185,0.7994846479175146,0.3653990566892801,0.7724314657101722,0.8041125861031582,0.7986158339664694,0.784031778561293,0.7528686274853106,0.73218368356691,0.712249185887427,-0.3853526787364357,-0.5059787913575754,0.6551763545498603,0.8819625751884389,0.919942596569108,0.9299256384759884,0.9071418980933627,0.812338845986475,0.8907508786073057,0.9127825335641404,0.9123651688911041,0.8430020130184901,-0.08840465918023213],[0.9960068205861792,0.9913102279755048,0.9908196029055173,0.9964602215428774,0.9985345700104334,0.9861435559894708,0.9991406867977392,0.9999981193556311,0.9773371802093163,0.9999976041863133,0.9999981890239519,0.9997364339442165,0.9999976706591452,0.9999946374911594,1.0,0.9994238234919984,0.9968749051118868,0.9994295741195295,0.9999061467289746,0.9999054331838788,0.9999636318728031,0.9999974942833645,0.9912186003959051,0.9763461821084887,0.9949131416489438,0.9589963516419299,0.994720730195676,0.9890505610406068,0.9756668327955671,0.9487721827613003,0.9912775781149312,0.9941595258222022,0.9915972627263986,0.969976469599412,0.9994654837301367,0.9995445792683486,0.9996621409516084,0.9997429184294279,0.9991507238909437,0.9994665580168676,0.9981604312787169,0.9987604893387904,0.9995345569618391,0.9993997005824484,0.9829671362227219,0.9267639606691299,0.9459445908547828,0.9460033343360857,0.9289473919665033,0.875416447380135,0.9551772603173565,0.9389346082357118,0.9570939581858984,0.953704779295462,0.9444461134120258,0.9792457987247223,0.9771250024970739,0.9903150272841236,0.9969298075784258,0.9426455233611367,0.9588144375506867,0.9665289025270745,0.9705199389627795,0.9685206929063043,0.9454620568228161,0.8959808572999731,0.9497251622672392,0.9537350933759674,0.933207593609802,0.8808914320244585,0.9643821047116621,0.9332813429239266,0.962018889916419,0.9433674057208752,0.7618326799785154,0.8466889128454197,0.7729688803990814,0.8620628896556143,0.8823917253567035,0.8894085639254087,0.8684481751911415,0.8781301386802074,0.30968211452853683,-0.6003626570950693,0.960146410353168,0.9427111961888722,0.942165561677977,0.9457049035331432,0.9559024419699101,0.9667043127297392,0.9667331341467149,0.9252107330844695,0.9605825608754638,0.8358195078740114,0.7426331486304848,0.9375183667821285,0.940823049725795,0.7774567119278417,0.9479918956656181,0.9491756700660966,0.8929556398523791,0.9740580231310761,0.8352909850308072,0.5844862959283579,0.7004292643514911,0.8562035296736407,0.8430510956637309,0.8389627884127745,0.9806720502751004,0.9808712730175222,0.75925126481247,0.7023124299245443,0.7836006783385818,0.365602622704833,0.76810474592379,0.7887860602795079,0.7896485234999674,0.7851503869824101,0.7529926106069144,0.7328267992319936,0.7129129910295625,-0.2936617200334724,-0.44284310957919676,0.6562577888783233,0.8817211017502772,0.9228812601046834,0.9340963508120291,0.9066383945764167,0.813000600985652,0.9038820768095752,0.9241451337916148,0.9232563816652604,0.7566254475064721,-0.12053432381251071],[0.9975826243104658,0.993660666919177,0.9902230750733999,0.9978769352033936,0.9990486679944499,0.9857884685039358,0.9998874831079234,0.9992765293450473,0.9751277692415881,0.9996533352515711,0.9996303144980545,0.9996289218495903,0.9993283852509298,0.9995297996693582,0.9994238234919984,1.0,0.9983031418120067,0.999839255917631,0.9995185784951323,0.9995237067746167,0.9997515979072877,0.9995035365306277,0.9908307713566245,0.97525136993196,0.9934662410046993,0.9508356904270342,0.9931015089992434,0.9908949736045627,0.9736673296280183,0.9493516439433686,0.9917768806147546,0.9925229916342929,0.9925442996680516,0.972258544555838,0.99924569503564,0.999724578528148,0.9997012137727822,0.9995423727196098,0.999555622671534,0.9996772851154634,0.9987967759363077,0.9995545281392887,0.9994899165904432,0.9992387591085724,0.9814421311566911,0.9254457532580399,0.9482566780888593,0.941559236647931,0.9291454250549899,0.8831229714531803,0.9574064798999531,0.9438084412807982,0.9596249885643204,0.9582321262157663,0.9490733895413255,0.9814006746416588,0.9793994484978923,0.9913526180466224,0.9964135284621429,0.9476308781360006,0.9625392963334181,0.972066098330129,0.9731794504001379,0.9737697571187928,0.9485776516293759,0.9025205436042734,0.9532533587879047,0.9595649325386554,0.9386260059771143,0.8905033849758786,0.9668972618164651,0.9387825744552271,0.966863320482282,0.9481703632868073,0.7715442225576928,0.8528125857449717,0.777839551877435,0.8678853406717956,0.8880317852702181,0.8924952315504433,0.8725856836773885,0.8839700364822434,0.322255034403292,-0.5969068961531064,0.9636088535821399,0.9481266288455957,0.9472192927705716,0.9503049872892916,0.9602266042668217,0.9701833653564711,0.970261994004331,0.9298017963481612,0.9664091727533078,0.8447310992736381,0.7442642830515844,0.9264490511797216,0.9320646641737111,0.7800826028073954,0.9480586885152815,0.9490265891511925,0.8933131346692174,0.9702659009257903,0.8345461582609538,0.5949106390483575,0.705974074411921,0.8562371573053149,0.8459428299527042,0.83845295