var config = { responsive: true }

var correlationAdjClose = {"data": [{"type": "heatmap", "z": [[1.0, 0.9999929981898299, 0.9839296729414695, 0.9999204820128785, 0.9988227501612779, 0.9888839619464093, 0.9973623594836833, 0.9949821225348479, 0.9952612437019789, 0.97972901088518, 0.9912453211711715, 0.9951351627848924, 0.99431040815923, 0.9950400036862154, 0.9951855865152381, 0.9963794222955605, 0.9980145242789781, 0.9958010359134802, 0.995815806949917, 0.995834053839445, 0.9950811202350794, 0.9848305746394582, 0.9675675558138747, 0.9871351349709893, 0.9859231815001688, 0.9780981488696426, 0.9615576935595156, 0.9395880464715651, 0.9946369654240231, 0.9947514687316523, 0.9917721736990386, 0.9746799744989249, 0.9972731263560617, 0.9975916045221194, 0.9969235512283939, 0.9952038298297015, 0.9946123323796192, 0.9974243158398103, 0.9974930209967298, 0.9986807663900483, 0.9972095636760047, 0.9972234673157795, 0.9758981844905638, 0.9266569730202907, 0.7630795415276102, 0.9022251511280411, 0.9170593845223798, 0.8514453106804023, 0.9706052956535813, 0.9445131814268843, 0.9717441008754615, 0.9678907046872539, 0.9629162323539928, 0.9864444979441458, 0.9828072469377156, 0.9831620814774182, 0.9757899362795338, 0.9851141063482058, 0.9823680692493815, 0.9857784979471399, 0.9855297543949155, 0.9631319185174235, 0.9646366392638273, 0.9705087860330085, 0.970188264968613, 0.9414370400182186, 0.9742786963658021, 0.9727449628646613, 0.9811265930090461, 0.9801847743672293, 0.9339676049727171, 0.8512917547437681, 0.819584391029348, 0.8702048025127986, 0.8994390818481345, 0.8934092601458411, 0.8979875200409623, 0.8966711204089627, 0.6059108630263951, -0.5163015377366921, 0.974966145837506, 0.9644188843357749, 0.9610317972787963, 0.9840996694104003, 0.9416560642845143, 0.9802784234478875, 0.9802297968416529, 0.9420087066116656, 0.9806353678735464, 0.9468027871836873, 0.5972089825150406, 0.8367619429090151, 0.9103852892540715, 0.18543766995355573, 0.9144713104530443, 0.9362806917076516, 0.8056673028652411, 0.9541242544921097, 0.8963367382099784, 0.6709953192932533, 0.5132599263533296, 0.892000712297543, 0.8611043782412194, 0.8880496330408244, 0.9655837651981586, 0.9658340884022362, 0.7380033098809284, 0.6978151074871164, 0.8287220207911811, 0.32709598302965975, 0.7948255232023589, 0.8329238638944642, 0.8194188860875328, 0.8176079795728797, 0.7330309531298854, 0.7369970100053129, 0.7163852048864446, -0.22766838854258153, -0.36095895623677837, 0.6145235873856553, 0.9010222922701356, 0.9472081244760938, 0.9506706583009448, 0.9198379337019966, 0.8279293537570331, 0.9184581999730648, 0.9406865348257976, 0.9405039529684034, 0.8758135057688081], [0.9999929981898299, 1.0, 0.9802940622679741, 0.9997485286559777, 0.9971953975624523, 0.9898968734997261, 0.9923312924498439, 0.9872852400648675, 0.9873306475343443, 0.9655698612120089, 0.9900088486232089, 0.9875798229113166, 0.9873678414100351, 0.987423133152823, 0.9875304834211572, 0.9928413715376735, 0.9947345934431463, 0.9911494783705748, 0.9911509545434362, 0.9874187056308354, 0.9874875157019084, 0.9866499787440776, 0.9579444458103018, 0.9822339421589915, 0.9817939899962778, 0.9779207690361388, 0.9689959675670322, 0.9012732004785765, 0.9880840154919545, 0.9831482933302972, 0.9759500818649407, 0.9095622667118395, 0.9942242374407892, 0.9940135455387147, 0.9943281818038284, 0.988893201704572, 0.993648124393479, 0.9943008984705108, 0.9946567478823144, 0.9965504196914855, 0.9943396956060665, 0.9943499094330451, 0.9841615909202699, 0.9264722410472884, 0.6480322245499541, 0.9022769323459267, 0.9179429313525914, 0.8515796882799196, 0.8891463990464741, 0.9142611556517369, 0.893078404733185, 0.9059340940174649, 0.8879751642690342, 0.9568806743607033, 0.9567610930361755, 0.9710723309839495, 0.9757525679062319, 0.9684226212370702, 0.9680848132998544, 0.9715372594088222, 0.9714446686931724, 0.9280248756686417, 0.9363913687713561, 0.897241551652981, 0.8971099104552792, 0.7786428825251439, 0.965552251024897, 0.9681493839661995, 0.9684900565504478, 0.9678796892875278, 0.9237913516092002, 0.6115918135562928, 0.549499490919721, 0.713810057363979, 0.8172582785092091, 0.7369312824564744, 0.7798594747957264, 0.7781935460867112, 0.5391110642565089, -0.2662765084164526, 0.9502568063733862, 0.9587172974160081, 0.9499185029865141, 0.972190667663006, 0.905169885807282, 0.955656963309461, 0.9545341733605278, 0.8877100220211673, 0.9592550198355037, 0.894851560768626, 0.3846032695219256, 0.8356833196837816, 0.8379939401360832, -0.22167277901963364, 0.5875185909885516, 0.6978107757872958, 0.6149961217639083, 0.9494063017843644, 0.6358370346234853, -0.18420486022583066, -0.07813680524395175, 0.6025938740464872, 0.6113271038703451, 0.657994519493705, 0.9512410492129021, 0.9510425473755441, -0.112374340208294, 0.11468959816903293, -0.0323007826880259, -0.06347260607126205, -0.036159079184036366, -0.020062432208227482, -0.05100316524034085, -0.08942090333767436, 0.28546939568097573, 0.041944190264964626, -0.004316264905585385, -0.45793501467704384, -0.4861510699953878, 0.6148935660102861, 0.7426542338817201, 0.764323100673253, 0.8275844063456285, 0.8210208075984856, 0.5221541924879934, 0.7291468533943376, 0.7632024582060082, 0.7617859626691248, 0.4146119552778643], [0.9839296729414695, 0.9802940622679741, 1.0, 0.9853953546981011, 0.9923270016256601, 0.989306069782991, 0.9905947515530141, 0.9909112749781875, 0.9942342101021115, 0.9530833880015616, 0.9966774930515749, 0.9908178676334746, 0.9927774326419999, 0.9909768867876331, 0.9908794570518854, 0.9914352526111668, 0.9899917850727046, 0.9894155601380185, 0.9893799293925861, 0.9927390445420379, 0.9908389938919188, 0.9929650903343364, 0.9775881330737086, 0.9902667731801039, 0.99064396643439, 0.9760556454622668, 0.9805761532646803, 0.9434062754374528, 0.9737883496763239, 0.9770461923302306, 0.9783668017357573, 0.9497691215695834, 0.9878164304057135, 0.9909406727531375, 0.9891218053122007, 0.9929848244482715, 0.9943099627961174, 0.9919305463777653, 0.987172635106068, 0.9868062891498299, 0.9880892981946863, 0.9874428406356679, 0.9899569966149225, 0.9262653158996463, 0.705073454157569, 0.9291715544994763, 0.9039506459886341, 0.7534920410385542, 0.9316174211607561, 0.8994530341779147, 0.9327736127568702, 0.9277617040324316, 0.9204542003489844, 0.9537418863447644, 0.9605201496969635, 0.9272297021171552, 0.9425139522365785, 0.9505596079752949, 0.9557254232586456, 0.9512851907562507, 0.9254722779829194, 0.8877215624485733, 0.9195696232003094, 0.9213028869705346, 0.905293825991203, 0.8540193845639821, 0.9556411443427724, 0.9325011018969354, 0.9511404446092994, 0.9291484645511205, 0.7505668097279794, 0.786815431601272, 0.7258493463855344, 0.8075735140225356, 0.8564611185628139, 0.8528057506422659, 0.8267767983928889, 0.8402216176861109, 0.27879866963496014, -0.5222508923653335, 0.940680256189794, 0.907903174344224, 0.9142194442734831, 0.9277954286706908, 0.9043080268173544, 0.9468050409719666, 0.9464490785072411, 0.9032508992822751, 0.9437950885307234, 0.8231258778993586, 0.5657983573871006, 0.9206810095697179, 0.9298859872016705, 0.10745993477416864, 0.8927763025317192, 0.9176080795908204, 0.7908101442944777, 0.9759144568841079, 0.7788660088762106, 0.5802241055216768, 0.43559930648439693, 0.7851494383703476, 0.7855772748041598, 0.7735219207288648, 0.9798956992362287, 0.9799461984602207, 0.6550219978406702, 0.6292783813979108, 0.7162575031813267, 0.25327991790800986, 0.6885136673262906, 0.712561123645417, 0.7281444209918642, 0.7090767949753896, 0.6831184983123337, 0.6600837252689562, 0.6373847014902397, -0.30577922068258273, -0.4383189568034102, 0.5622597660667243, 0.8594505665890178, 0.8976095383902323, 0.898234424572622, 0.8920187418589619, 0.7562497914277386, 0.871724350684365, 0.886081236318713, 0.8951661361165983, 0.7404156160786761], [0.9999204820128785, 0.9997485286559777, 0.9853953546981011, 1.0, 0.99914597458378, 0.9897594376467181, 0.9977412952546415, 0.9955434380038727, 0.9959362507238948, 0.9795101517518201, 0.9929418151651511, 0.9956788334892812, 0.9950675258152599, 0.9955994601896506, 0.9957213964229196, 0.996914420266849, 0.9983770435444004, 0.9962897450746032, 0.9963020104360325, 0.9964158065258498, 0.9956276862823203, 0.9861416318477583, 0.9689183720869339, 0.9882917456951563, 0.9871905921773187, 0.9810037624472796, 0.9637329619386668, 0.9408251420584963, 0.9942049500739958, 0.9944961530963223, 0.9919712195554654, 0.974443348059073, 0.9974660173520844, 0.9979487103105216, 0.9972733011524137, 0.9958167914245294, 0.9956157703771845, 0.9978220776734353, 0.9976321379278941, 0.9988244797501858, 0.9973924086309985, 0.9974033124126046, 0.9777356023892122, 0.9224652761506127, 0.7568018797967532, 0.9029406804716209, 0.9138063062801247, 0.8407220801791581, 0.9677927446684497, 0.941077577584508, 0.9688156142319184, 0.9652965809957148, 0.9601697451657055, 0.9844102145361422, 0.9813137215618093, 0.9811984999219695, 0.973589193628987, 0.9833680390397018, 0.9813025051678801, 0.9839527409228418, 0.9837008458670695, 0.947876493375592, 0.9627680739930504, 0.9687216384155849, 0.9684042464846713, 0.934245284484109, 0.9733299776891454, 0.9686332458553829, 0.979103150519141, 0.9781166149287924, 0.9026205930277867, 0.8489977398769593, 0.814453009418117, 0.8675697352387912, 0.8955303121806276, 0.8923803057344328, 0.8946977359392231, 0.893461385348839, 0.49874162913758285, -0.5165918957687634, 0.9735202800809306, 0.9615808914593709, 0.9584048481150502, 0.982140095564099, 0.9400099626529008, 0.9790159179380895, 0.9789692398568509, 0.9405124694619416, 0.9786624351020922, 0.9239928758717185, 0.6032221112346943, 0.8469640461984397, 0.9150424333915849, 0.18589559554674348, 0.9162458829779783, 0.9378056555485926, 0.8061093972642187, 0.9557049132211051, 0.8902587675471781, 0.6681248608962589, 0.5108903021652781, 0.887024281843976, 0.8576651887375566, 0.8827330123891399, 0.9667602391688935, 0.9670184599544179, 0.7372575671851286, 0.6983103132959161, 0.8208560117916707, 0.32943972738836896, 0.7893670840548584, 0.824771294737876, 0.811344128647662, 0.8124444694071823, 0.736226439127671, 0.7372839659327928, 0.7167341766281404, -0.2230441397805812, -0.36017451269484396, 0.6123274063296618, 0.8992586674860694, 0.9455894657061903, 0.9490844360233492, 0.9189078312190849, 0.8252156285377499, 0.9166381511687692, 0.9386396282830441, 0.9386164189760275, 0.8681065804688619], [0.9988227501612779, 0.9971953975624523, 0.9923270016256601, 0.99914597458378, 1.0, 0.9923554156294102, 0.99904989454475, 0.9981694034493082, 0.99822199235774, 0.9724856594873427, 0.9974090572034022, 0.9982248980616529, 0.9979631502082874, 0.9982056573452928, 0.9982719488102642, 0.9985269425224108, 0.9991309848921324, 0.9986280430267246, 0.9986309858539854, 0.998305706420654, 0.9982071473029297, 0.9931780105616026, 0.976616606843982, 0.9932393905207675, 0.9931427486745792, 0.9852213126473193, 0.9783710454139621, 0.944140681388676, 0.9908599612718616, 0.9929919099448784, 0.9899974035684546, 0.9651521711483533, 0.9989745519352284, 0.9989980541051342, 0.9989805279309896, 0.9983378559569469, 0.998549284847593, 0.9990786795336855, 0.9991421279896433, 0.9990116006937901, 0.9989567967699009, 0.9989602972560668, 0.9883838280145321, 0.9323343793549772, 0.7326495267740333, 0.9197344877955486, 0.9163350990610267, 0.8195372091911421, 0.9525636767957262, 0.9266985735832446, 0.9561298422358031, 0.9565435244628945, 0.9513575561360513, 0.980359585455485, 0.9803033448611372, 0.9763989069648902, 0.9664562530071852, 0.9773893560250523, 0.9761180586051258, 0.9777006170422684, 0.9773803220972315, 0.9492197323986595, 0.9510542833748667, 0.9472524330182267, 0.9468154076967235, 0.8962072346029131, 0.969619305068574, 0.9663465141002561, 0.973486354717626, 0.9724301439082004, 0.9272935389316475, 0.8215298894780225, 0.772352210895352, 0.8475503162083098, 0.8962119920339303, 0.8758284525044946, 0.8852095287008892, 0.8839728170707272, 0.6552501407430528, -0.5892070630733245, 0.96510389323259, 0.9470706398219674, 0.9456346592521296, 0.9776744598612136, 0.9194468563503233, 0.9701688887802402, 0.9696329534884404, 0.9275212707477656, 0.9724355981458292, 0.9323230494935678, 0.5879600954964129, 0.8738482096589806, 0.936651282090295, 0.08073174814326846, 0.8904935130130678, 0.919139773765121, 0.799307155659372, 0.9620297946040639, 0.8769804724941928, 0.5229045144855957, 0.39396347232693646, 0.8639488788505173, 0.8138769575338578, 0.8649568833010223, 0.9714618045283182, 0.971660516572061, 0.6883714542136776, 0.6771609851351552, 0.7328980506416043, 0.3017305772257278, 0.6655384095384452, 0.7388591762063305, 0.7143364044146886, 0.694660127125694, 0.7182107661648505, 0.7184420371580037, 0.6968404750492216, -0.4530697993968157, -0.5266762382721064, 0.5980870922317424, 0.8913258265014423, 0.9288839970707697, 0.9396213861596555, 0.9148186341188661, 0.7991743031561369, 0.897048009994927, 0.9220147810315846, 0.9215279189517892, 0.8010014337108025], [0.9888839619464093, 0.9898968734997261, 0.989306069782991, 0.9897594376467181, 0.9923554156294102, 1.0, 0.9893559396100803, 0.9890378521418338, 0.9883875711772625, 0.9664397933507975, 0.9779295816705517, 0.9890113650206074, 0.9900362287561317, 0.9891019053886, 0.9891960228813922, 0.9920197596618681, 0.9904023697246173, 0.9899804024430992, 0.9899565025336452, 0.9878239233067833, 0.9890332344384312, 0.9962106127984289, 0.9909087245872403, 0.9884380095893244, 0.9880915494771987, 0.9636720177419843, 0.9835284530009809, 0.9642348536464331, 0.9753000418239497, 0.9786910362507641, 0.9870736332104417, 0.9743217770522554, 0.9893861985995678, 0.9894973698453713, 0.9903173765681853, 0.990060413625145, 0.9814466964281462, 0.9901656500459987, 0.9897167751743569, 0.9895654464053417, 0.9894823568538383, 0.9894641443190539, 0.9941249207211651, 0.8868908337483172, 0.7429895733385465, 0.877278667409651, 0.916617571435636, 0.8508121303799738, 0.9419285409338036, 0.9142288329085996, 0.9434899850584101, 0.9497904681325187, 0.9403807645532682, 0.9652120103079277, 0.9697062816927546, 0.9657926874126629, 0.9767708500453772, 0.9671527101277738, 0.978758583088666, 0.9671390120147197, 0.9665477846518353, 0.9641992228313232, 0.9565708753066908, 0.9428155208839938, 0.9423306848627753, 0.9268442331334984, 0.9753206218474184, 0.9675747089751543, 0.9666285712735044, 0.9648379928594746, 0.9441424433340095, 0.8487315898234001, 0.8007285076877065, 0.8690132465307737, 0.8899973119682515, 0.8970288390668648, 0.8810886995593337, 0.8791764207496274, 0.6241728390667114, -0.4872848334840626, 0.9720196480344114, 0.9654482341339254, 0.9624815431101922, 0.9670055187100604, 0.9398927903095504, 0.9729108177060817, 0.972585252479659, 0.949688434374307, 0.9624477900754727, 0.9496542619247696, 0.6016921663766235, 0.8025916958688357, 0.9306753712251131, 0.18796850713304022, 0.9041241409762792, 0.9243792355265255, 0.8031494331785036, 0.951763288718706, 0.84930382176669, 0.6233723933119617, 0.4905379281991793, 0.8465558891860427, 0.8203215876324832, 0.8432357050782322, 0.9542812837175851, 0.9543652229793038, 0.7029244303660225, 0.6802777061864304, 0.7683505994558021, 0.33065333863848373, 0.7442433922975444, 0.7740354972318177, 0.7598349813405458, 0.7622467744088588, 0.7242897320024596, 0.7105489125682194, 0.6920538575223409, -0.2541143367419092, -0.3789277798005855, 0.6481931798435597, 0.8903954419979254, 0.9082025016681009, 0.9155347278045689, 0.9035239897347305, 0.8032604403182331, 0.8766699711759691, 0.8999207489675776, 0.8999176359273792, 0.8461661310376666], [0.9973623594836833, 0.9923312924498439, 0.9905947515530141, 0.9977412952546415, 0.99904989454475, 0.9893559396100803, 1.0, 0.9970266810028103, 0.9995105526900077, 0.9711334362573639, 0.9993845945192956, 0.9980350614772308, 0.9990448583376123, 0.9989652443284265, 0.9987261287265402, 0.9980561163014701, 0.9998765114511177, 0.999214512810097, 0.9992200481435622, 0.9996331543797489, 0.9991809581415195, 0.9906048897111192, 0.9734058628253673, 0.9834739898080498, 0.9921270712868933, 0.9843666812286356, 0.9704352001485734, 0.9394053901521215, 0.9925503758750016, 0.991803799371502, 0.9929605963874902, 0.970751085499008, 0.9987646046846107, 0.9998061330241589, 0.9996013492961595, 0.9993660327308883, 0.9996181100879088, 0.999838103989906, 0.9977935119506486, 0.9995120450459426, 0.9992343955969777, 0.9988213432000309, 0.9832573621962049, 0.935378162372921, 0.7456831729356206, 0.9299354405071756, 0.922066081986894, 0.8068990343907126, 0.9610466725952582, 0.9401073988794912, 0.9619604830439705, 0.9597657410722494, 0.9553177844617704, 0.9821538088382088, 0.9800258717491078, 0.9369639760265557, 0.9521002193531303, 0.9667476775238988, 0.9670765380243699, 0.9686892467364668, 0.9374679563051881, 0.8827443846045041, 0.9402620221324941, 0.9530191824231574, 0.9297221920683197, 0.8690029092169679, 0.9582519072510031, 0.9254202603655386, 0.9600068927134264, 0.9370992574643756, 0.7151582591459112, 0.815931066609688, 0.748266308666924, 0.832926506561905, 0.8636126166171619, 0.8669261906582943, 0.8479266550418064, 0.8603179828752108, 0.2337258270174676, -0.5526163003809296, 0.9549883048898059, 0.92930271472752, 0.9301786896253557, 0.9396398605227954, 0.9198925456657192, 0.963787125547701, 0.9638599474871832, 0.9182163076060107, 0.9598616778545814, 0.8083245747204575, 0.5848350213294846, 0.8765909058409527, 0.9147076682013934, 0.16349523629099832, 0.9136893793840881, 0.9364729963483579, 0.7995807655132607, 0.9620827526545062, 0.8308994884850984, 0.6539750760559956, 0.49408930702090315, 0.8427091213362563, 0.8351715227411173, 0.8281308727648821, 0.9718607108792746, 0.9721330916493837, 0.7216965186052824, 0.6725748674553059, 0.7850412138179459, 0.29639218293431674, 0.7650979199341912, 0.7936169864662443, 0.784918840794732, 0.7900472530356172, 0.7134685854557515, 0.7225024194049982, 0.7000724635086475, -0.2435325977958762, -0.3878011555208742, 0.6176523491737931, 0.8915546082773723, 0.931233640240298, 0.946298089541302, 0.9170816199566755, 0.8224248834106868, 0.9154186370670943, 0.9375802488548782, 0.9369519052147632, 0.774342984679222], [0.9949821225348479, 0.9872852400648675, 0.9909112749781875, 0.9955434380038727, 0.9981694034493082, 0.9890378521418338, 0.9970266810028103, 1.0, 0.999983587332111, 0.9648298164237897, 0.9996051351397511, 0.9999968401657398, 0.9996473649285471, 0.999997726054256, 0.9999808675516061, 0.9962787105587725, 0.9992123381604712, 0.9998805312111486, 0.9998802817455982, 0.9999539868436458, 0.9999942989448729, 0.990799521307394, 0.9742602589676841, 0.991363178479063, 0.992608600499909, 0.9807189600687433, 0.9725798926662613, 0.9377641026849498, 0.9888915125091672, 0.9945115220402541, 0.9916892812934787, 0.9673375676924423, 0.9994225875373076, 0.9994711438442323, 0.9996116316390675, 0.999666189475864, 0.9986471597723295, 0.9993730604925136, 0.9990879170248417, 0.9981800976239337, 0.9994929508347891, 0.9993521985513739, 0.984579533534543, 0.9365092286689959, 0.732588902776306, 0.9380472375797339, 0.92013381740526, 0.7842957609082063, 0.9598103783913169, 0.935152875381322, 0.9603816594774209, 0.9533442143983102, 0.9489511392262442, 0.9802727710363656, 0.9767798606220669, 0.9307904473087772, 0.9448401785902658, 0.958062149210148, 0.9623727699073398, 0.9605590736481965, 0.9353715802512, 0.8703191433276755, 0.9333741195527904, 0.9446212325148295, 0.9234003581768583, 0.8524164939807087, 0.9538783303334631, 0.9171124691369563, 0.9526530487492991, 0.9312873492296225, 0.6962746108210316, 0.8048724703229561, 0.7430721263492761, 0.8217393198404515, 0.8537940074916457, 0.86010439731853, 0.8423320216503458, 0.8514828466873183, 0.21142783638523066, -0.5600470132646153, 0.948698548278996, 0.9172700399614394, 0.920331454325275, 0.9372573935436412, 0.9110477234872034, 0.9577441315716787, 0.9578254125739025, 0.9096593510380431, 0.9506610255651062, 0.7913330932655712, 0.5790139570302223, 0.9009596181609376, 0.9280533374466182, 0.14945707486052265, 0.9125958225206737, 0.9357726839080998, 0.7966766659402019, 0.9671128089929107, 0.8353146045130037, 0.6401263589342949, 0.48106934627764253, 0.8445383657869965, 0.8323192835662745, 0.8321729391937552, 0.9751081410980628, 0.9753831297957081, 0.7113439231908523, 0.6630555228861084, 0.7876162672637275, 0.28035442238496994, 0.7600918103186831, 0.7896200181858021, 0.7867642700999222, 0.7847830812868082, 0.7053647151688909, 0.7158064324275938, 0.6926298149198888, -0.2614214148657548, -0.40478120363356107, 0.5967956010441617, 0.8826824937149601, 0.9292125862158479, 0.9385820086759791, 0.9104853573178692, 0.8106224538780427, 0.9089489745168531, 0.9313254488179021, 0.9309662756877779, 0.7533327526504637], [0.9952612437019789, 0.9873306475343443, 0.9942342101021115, 0.9959362507238948, 0.99822199235774, 0.9883875711772625, 0.9995105526900077, 0.999983587332111, 1.0, 0.9641122949295097, 0.9996038554385421, 0.9999811294287246, 0.999826357505283, 0.9999896120930029, 0.9999967249466805, 0.998942495376521, 0.9991660838816124, 0.9998109770352578, 0.9998102678742876, 0.9999657026635553, 0.9999821430110987, 0.993423665461343, 0.9752483972983604, 0.9946561409214324, 0.9948261606833804, 0.9807091091514205, 0.9766536960327861, 0.9387477949118739, 0.9894222683346717, 0.9935874775043932, 0.9886557084775489, 0.9626756203685738, 0.9993311904904046, 0.9994119135001425, 0.9994075507155122, 0.9998268674133056, 0.9986594508099006, 0.9993662921519141, 0.9993052219674757, 0.99814804391201, 0.9993238277900545, 0.9993185145989527, 0.9888236930107174, 0.9367034824258702, 0.7335318075807541, 0.9382671634076541, 0.9206913803571625, 0.7845173911897164, 0.9480783893853556, 0.9215560276850044, 0.9511930073759316, 0.9508412235909669, 0.946415047438873, 0.977490685891044, 0.9769394085090947, 0.9643063424406098, 0.945301850103866, 0.9652140165382951, 0.9624083026175719, 0.9656272148307867, 0.9652487397956282, 0.9347812654581629, 0.9325548137871964, 0.9353326894994448, 0.9349042011683564, 0.8830744124279396, 0.9542243907809643, 0.9555729446069905, 0.9619523443233696, 0.960623254412457, 0.9125606971663831, 0.8040884806921417, 0.748702410057532, 0.8208732734502189, 0.8751459198027861, 0.8579631186312823, 0.8660129148388725, 0.8649892905131962, 0.5970877836618862, -0.6240016077050872, 0.9485704125485459, 0.9172990669738567, 0.9204000610981012, 0.9658268772179157, 0.9010827056181928, 0.9571525882975351, 0.9565733953887048, 0.9103993161664551, 0.9596972096657664, 0.9155323138010198, 0.5770297578075072, 0.9004466908314916, 0.9434971277411445, 0.08999579158474191, 0.897257678855643, 0.9250068907661045, 0.7957331079551473, 0.9656500056464611, 0.8835473495544998, 0.5488897894527399, 0.41679182125106723, 0.8710650458787876, 0.8221326688410316, 0.8727552012616514, 0.9750105332442979, 0.9753057561609721, 0.7092170468816806, 0.6601208474528548, 0.7491386714203853, 0.27795470072688755, 0.6838284515358326, 0.7546355916987215, 0.7320165494405699, 0.7131799427479325, 0.7025623525180835, 0.712485015781675, 0.6892696381343938, -0.5037847386488606, -0.5791464124127311, 0.5967786377900559, 0.881598754038947, 0.9277270028382283, 0.939555057471486, 0.9095034636842371, 0.8053250988307122, 0.8969478922584346, 0.9209406526588176, 0.9203712352792524, 0.8097557071159548], [0.97972901088518, 0.9655698612120089, 0.9530833880015616, 0.9795101517518201, 0.9724856594873427, 0.9664397933507975, 0.9711334362573639, 0.9648298164237897, 0.9641122949295097, 1.0, 0.9477556045727132, 0.9652339981024005, 0.9641030917771461, 0.964954356214336, 0.9644968281679074, 0.9662593916926484, 0.9748345975546463, 0.9697545459306824, 0.9697620616713798, 0.965009473093597, 0.9650865246557531, 0.9650548789938945, 0.9508311830185098, 0.9721951352604776, 0.9700227011472893, 0.879895915733385, 0.9685372246005316, 0.9487671062214336, 0.9746419219264324, 0.9682879269787843, 0.9684726532493498, 0.9325885497427633, 0.973590263040092, 0.9731414049670802, 0.9736481368289319, 0.9652853761473198, 0.9561610875050899, 0.9726200702662011, 0.9734525869372678, 0.977963910695296, 0.9737872487662664, 0.9738050382262405, 0.9554555711995714, 0.8407039067578992, 0.5542564004190594, 0.7785977749276212, 0.8932669983760695, 0.8796873743362424, 0.9019676889046541, 0.820649583739991, 0.9064871188765009, 0.9144666447163112, 0.9036779423972718, 0.9295766697670951, 0.929423965023258, 0.9442840734395154, 0.9356561891608803, 0.9550003775001198, 0.9483713485675653, 0.9532114250017496, 0.9532367655093532, 0.913241809388007, 0.9513968528307558, 0.9346451637187893, 0.9343256558016707, 0.850461301208931, 0.9360098993360209, 0.9443902596543455, 0.9373520033023938, 0.93633514727902, 0.887820693135916, 0.8120393357383536, 0.7669179814397893, 0.856895626312175, 0.9111531052151346, 0.8812705918596517, 0.8962336263094991, 0.8954824881039672, 0.697787969437951, -0.30280379176926847, 0.9528820093875029, 0.9540039903895592, 0.9457622463454065, 0.9462010858362571, 0.9072233500834935, 0.9542093781825159, 0.9540682388153713, 0.8998711358158876, 0.9564490214750123, 0.9056402956181617, 0.6938200543677989, 0.6502161562206161, 0.8601952222550673, 0.09631342055000264, 0.8458989934987722, 0.8853575949876322, 0.8707790391430997, 0.9476871212333957, 0.9044821431011273, 0.4541438659118119, 0.4302553299002167, 0.8968484883581465, 0.8716974312891383, 0.9029596526727257, 0.94806924085814, 0.9484267642691766, 0.537177506995308, 0.6998742813714712, 0.6133743278882783, 0.482673995610134, 0.5712086981042767, 0.6281303659951257, 0.5887553812667086, 0.5654890610564894, 0.7990747046089165, 0.6761600478323299, 0.6407224048349058, -0.27206439578301334, -0.31726415814562664, 0.7420230601598976, 0.9163687232013026, 0.9224147689123795, 0.9085497704728346, 0.9411253675851414, 0.6505621438682816, 0.8385994707288489, 0.9084142197555388, 0.9075314236876999, 0.691312971892276], [0.9912453211711715, 0.9900088486232089, 0.9966774930515749, 0.9929418151651511, 0.9974090572034022, 0.9779295816705517, 0.9993845945192956, 0.9996051351397511, 0.9996038554385421, 0.9477556045727132, 1.0, 0.9996388340781165, 0.9996136762181884, 0.9996221489765396, 0.9996309338385018, 0.9993522138439388, 0.9987299340669674, 0.9999500914888173, 0.9999506688124321, 0.9996208950784028, 0.9996316385848012, 0.9890199717716941, 0.953046503644808, 0.9900952327924065, 0.991353804563075, 0.9859824587463928, 0.966716304812539, 0.8860750854809241, 0.9881825671784759, 0.9921222942764514, 0.9711618560717419, 0.8911842116217966, 0.9990944714830198, 0.9991669826658993, 0.999085374273533, 0.9994320033863814, 0.9993564562445786, 0.9991044452539249, 0.9989560116872989, 0.99701717854745, 0.9990612847549877, 0.999058145143215, 0.9885859339155971, 0.9306271058547096, 0.6013837615259474, 0.9332951004623211, 0.9200965006558213, 0.7895893887474564, 0.867114780651843, 0.8902386731295674, 0.8727998899490893, 0.8789101381007655, 0.863912048397588, 0.9504011662510883, 0.9503158340171399, 0.9448040168982879, 0.9474559526144661, 0.9350850938364099, 0.9375937611361882, 0.9401786596443774, 0.9399683504154813, 0.8841927779701454, 0.8957748093251165, 0.8488791094609537, 0.8486657018751491, 0.7133640176482611, 0.9405808876812157, 0.9443237543161925, 0.9446480768011718, 0.9439425049309189, 0.887003163964048, 0.5553298144746351, 0.488924904791099, 0.6571939506073367, 0.7688961980925769, 0.6872461367667703, 0.7312840586085275, 0.7303149529097249, 0.4755170814910807, -0.3966269667344321, 0.9097402980088201, 0.9216007550963754, 0.9093678582244279, 0.9465460047633668, 0.8546200633789, 0.916601982969745, 0.915148562639351, 0.8357719019283916, 0.9216881308541025, 0.844762141818903, 0.4481746015405969, 0.8958803091695373, 0.8945536234242504, -0.2090237704994192, 0.6384836485278538, 0.7369506502127517, 0.6298309197773937, 0.9670225149595492, 0.6491016944921008, -0.1328734225109213, -0.04586764529409142, 0.6208542975228893, 0.6261806752329148, 0.6684724234640678, 0.9684499560108348, 0.9685062681262903, -0.04869117070338089, 0.17054933350606086, 0.03334272238948879, 0.0007961772804101088, 0.026891149539170062, 0.04586709150409017, 0.013554147798916387, -0.03189878222167262, 0.3475516934891145, 0.08913988494299038, 0.038945408720780006, -0.5289963077539875, -0.5571189547725102, 0.5969501743469295, 0.732867744647633, 0.755605662525036, 0.8214109017841874, 0.81881993029047, 0.4990102402313475, 0.7161521836653503, 0.7539349489178742, 0.7526073291462405, 0.40116329482298446], [0.9951351627848924, 0.9875798229113166, 0.9908178676334746, 0.9956788334892812, 0.9982248980616529, 0.9890113650206074, 0.9980350614772308, 0.9999968401657398, 0.9999811294287246, 0.9652339981024005, 0.9996388340781165, 1.0, 0.9996337308723405, 0.9999976153484113, 0.9999839269651667, 0.9969422824374791, 0.9992695945496448, 0.9998926240305133, 0.9998924925086461, 0.9999619905556844, 0.9999947821121008, 0.9907185008000707, 0.9741495482958796, 0.9920139938168402, 0.9925770656958569, 0.9809664210359341, 0.9724275911818858, 0.9378071233267311, 0.9897684596586732, 0.9945539133497675, 0.9917522451598291, 0.9674714637022234, 0.9994638600076763, 0.9995154407825626, 0.9996456853840202, 0.9996688648061693, 0.9987453477325974, 0.999420043985463, 0.99912574931752, 0.9982727433924516, 0.9995357210174638, 0.9993942434693064, 0.984404046133259, 0.9367430460134385, 0.7332605678459944, 0.9379122297313711, 0.9203727696089609, 0.7854945739680225, 0.9601071367795287, 0.9355593110815977, 0.960687502236058, 0.9536977587722482, 0.9493199934651075, 0.9804984772709848, 0.9769522991115867, 0.9311503282606088, 0.9451484723161542, 0.9584307943331766, 0.9625873241968389, 0.9609178538168351, 0.9356627822996911, 0.8706274906417311, 0.9337361757753885, 0.9450850293459345, 0.9238611186924955, 0.8529452466878955, 0.9540478031411652, 0.9174082000245537, 0.9529480836029423, 0.9316304444202478, 0.6965279662595598, 0.8054502954785513, 0.7436647973947353, 0.8223132015969007, 0.8542265601751617, 0.8604513453951841, 0.8428057741483257, 0.8519861041014247, 0.21187568340754379, -0.5598232196923194, 0.9490014481515717, 0.9178596954557606, 0.9207948526505411, 0.9375327038571153, 0.9114352017967123, 0.9580399164185032, 0.9581211645529657, 0.910000398179976, 0.9510542759129454, 0.7917144421011441, 0.5793309402439856, 0.899868071086518, 0.9275039561722977, 0.15013050537187692, 0.9126863856422356, 0.9358539509354312, 0.7969833964016814, 0.9669400242152619, 0.8357314143536405, 0.6410791591670131, 0.4819437516169935, 0.8449810050333667, 0.8328451170606187, 0.8325761685869915, 0.9750243703405448, 0.9752995915814906, 0.7120029734225309, 0.6637054294541549, 0.7881573115171815, 0.28130099629881516, 0.7607674780022728, 0.7902725179245624, 0.7873094066586528, 0.7854661162505479, 0.7058174054936721, 0.7162670744248353, 0.69312349420801, -0.2603397633453941, -0.40379573300425486, 0.5974783134692713, 0.883188103236983, 0.9295991541303027, 0.9390649918970742, 0.9109239777872463, 0.811163877807428, 0.909473917263329, 0.9318375507038617, 0.9314635201014844, 0.7539923366981875], [0.99431040815923, 0.9873678414100351, 0.9927774326419999, 0.9950675258152599, 0.9979631502082874, 0.9900362287561317, 0.9990448583376123, 0.9996473649285471, 0.999826357505283, 0.9641030917771461, 0.9996136762181884, 0.9996337308723405, 1.0, 0.9996703472291958, 0.9996540756208429, 0.9990559137785188, 0.9987880312819291, 0.9994435945779846, 0.9994370414844548, 0.9996487947841215, 0.9996238120136747, 0.9926781586837385, 0.9757718058837629, 0.9954549196182684, 0.9953476956325276, 0.9807669663570994, 0.9752766660758978, 0.9404086505222444, 0.9889747736488763, 0.9925994463502045, 0.9908349724124474, 0.9650614226925712, 0.9987444422488994, 0.9990469378802619, 0.9992366128290443, 0.9999230925882298, 0.9986851903764211, 0.9989978152449418, 0.9985551160157145, 0.9974591341470651, 0.9987342555936176, 0.9986581613724477, 0.9883316368973497, 0.9367278411633404, 0.7294483412622658, 0.938077313337185, 0.9202963706241056, 0.7847549743550852, 0.9563460652296515, 0.9284480830865384, 0.9571917996825362, 0.9503483730367083, 0.9454362686214254, 0.976970838220643, 0.9748915194568903, 0.9554404525972658, 0.9447588709210745, 0.9586456274286554, 0.9615921924354653, 0.9606510126314362, 0.9599461129478967, 0.8747008180152739, 0.9303971770031378, 0.9433184650370133, 0.9430662507513476, 0.8507874181502235, 0.9542027604731641, 0.9298797403412208, 0.9548311090955947, 0.9533537059483747, 0.7005982327083606, 0.8020948593405741, 0.7661477037370499, 0.8196223142989078, 0.8556881187571513, 0.8593528945908582, 0.8507146202868552, 0.850949989259828, 0.19541079258612923, -0.554461454358123, 0.9478360792685868, 0.9174820255986262, 0.9195065198582206, 0.9585218582747266, 0.9112078484769306, 0.9565751945753076, 0.9566111493289533, 0.9093338715620969, 0.9513414047532645, 0.7985992696696229, 0.5798307835323454, 0.9005011694243676, 0.9278516144825862, 0.14494396491560466, 0.9103708509400104, 0.9339241662963325, 0.7980783349630968, 0.969744165172572, 0.829158582484427, 0.6331977923958884, 0.4764416637099517, 0.8360742949905166, 0.827507680683836, 0.8242141513973723, 0.9770591993802387, 0.977287995313783, 0.7026193697025369, 0.6580085064472498, 0.7668646035891677, 0.2809822574124638, 0.750634418132805, 0.7788195055778311, 0.7554354128897262, 0.7742933545507483, 0.7033211995069607, 0.7056341585277062, 0.6827567321820717, -0.26730356304645336, -0.40912757028064733, 0.5970080624835915, 0.8809713066549322, 0.931200669373195, 0.9346090698657016, 0.9101287626162955, 0.8031819141135843, 0.9029876800552654, 0.9248547998135265, 0.9251232419631742, 0.7483876720364849], [0.9950400036862154, 0.987423133152823, 0.9909768867876331, 0.9955994601896506, 0.9982056573452928, 0.9891019053886, 0.9989652443284265, 0.999997726054256, 0.9999896120930029, 0.964954356214336, 0.9996221489765396, 0.9999976153484113, 0.9996703472291958, 1.0, 0.9999881378707639, 0.9985599659246555, 0.9992325685730811, 0.9998843550476726, 0.9998837779152709, 0.9999561881905529, 0.9999920321410934, 0.9908386179305319, 0.9743172500942551, 0.9939126330380048, 0.9937766716465618, 0.9808647893785291, 0.9726257234494472, 0.9379577175121424, 0.9922605573118778, 0.9948887841736241, 0.9916289612012215, 0.9672320936642105, 0.9994392879548281, 0.9994767406529265, 0.999622405052644, 0.999686069539833, 0.998693032703893, 0.9993851734927615, 0.9991570299504925, 0.9982014769378398, 0.9995072192886915, 0.9993697447992078, 0.9845610088596328, 0.9365831815105334, 0.7326877750899028, 0.9380291254022136, 0.9203097530081507, 0.7848623743407002, 0.9599224376817646, 0.9353368962760404, 0.9605360685338012, 0.9533152019979684, 0.9488972371053827, 0.9803242581320504, 0.9767441883605471, 0.9311668982173084, 0.9450031909579909, 0.9582730282761671, 0.9624425319513475, 0.9607521959600136, 0.9350452626141449, 0.8705762427247951, 0.9332054583813822, 0.9447023073829237, 0.9236685379132188, 0.8525614246372157, 0.9540550712124174, 0.9175578970945205, 0.9529124977667078, 0.9316835330856846, 0.6966989903206939, 0.8048118304139554, 0.7433920311747716, 0.8217258699753707, 0.8539962526149035, 0.8600704265757447, 0.8425178106073218, 0.8516869918159644, 0.2118093673923197, -0.5597051905465547, 0.948766844005643, 0.91754846974, 0.9205507228341403, 0.9350837339481296, 0.9113570975796568, 0.9578240862459748, 0.9579021497779671, 0.9098463098339816, 0.9508717609299069, 0.7916528444801869, 0.5790951809721955, 0.9004433187425784, 0.9278860870322923, 0.14945572102039673, 0.9124520724698425, 0.935660437799532, 0.7966841076777865, 0.9671295922888404, 0.8353834283221787, 0.6400096711766731, 0.4809619951316837, 0.8445906043084064, 0.8324970333886823, 0.832234422531239, 0.9751630568604123, 0.9754342119506443, 0.710876522184626, 0.6626297970408273, 0.7876252616890774, 0.2806901734423849, 0.7600904540556338, 0.7895597993531925, 0.7869679753572904, 0.7846975684223741, 0.7052593523049727, 0.7149422411102403, 0.6918030068164052, -0.2612018299926336, -0.40455681651804726, 0.5971857027892121, 0.8826100622071835, 0.9293796021218828, 0.9386681778676543, 0.9105491421431925, 0.810436003271701, 0.9092090771009187, 0.9314067091372872, 0.9311661893573068, 0.7534749765691955], [0.9951855865152381, 0.9875304834211572, 0.9908794570518854, 0.9957213964229196, 0.9982719488102642, 0.9891960228813922, 0.9987261287265402, 0.9999808675516061, 0.9999967249466805, 0.9644968281679074, 0.9996309338385018, 0.9999839269651667, 0.9996540756208429, 0.9999881378707639, 1.0, 0.9985579826744236, 0.9992641992344411, 0.9998807200185268, 0.9998807372648103, 0.9999557882858204, 0.9999766331881116, 0.9907391419532383, 0.9743091640413892, 0.9923103506245881, 0.9923645649036399, 0.9809730644981043, 0.9723224453014032, 0.9378965942986269, 0.9923068139728599, 0.9944750717112307, 0.9914800618707222, 0.9671455852464105, 0.9994822629531572, 0.9994643184050975, 0.9996133573444056, 0.9996761367121844, 0.9987165430441016, 0.9993930953259164, 0.9991902286058458, 0.9982549678500992, 0.9995413162145009, 0.9994182801203313, 0.9843195480508956, 0.9365813790215496, 0.7334668028164447, 0.9380211886493033, 0.9207101811417321, 0.7851941714527008, 0.9605547252906402, 0.9364770620683714, 0.9612345384510544, 0.9535825845915232, 0.9491702878761056, 0.9808350441782552, 0.9769507443354492, 0.9320023983179635, 0.945486018895994, 0.9586905302444995, 0.962603549897901, 0.9611787700145944, 0.9364578137398232, 0.8707287424327793, 0.9327458203833768, 0.9450362860385217, 0.9244473633511099, 0.8524730050415869, 0.9544744320063651, 0.9182289828778585, 0.9534709467522121, 0.9326474979584396, 0.6964224572383002, 0.8044127963366314, 0.7444568741815744, 0.8211826396614629, 0.8539734026802528, 0.8595188001609246, 0.8430336701071982, 0.8521072473756008, 0.2112884933749214, -0.559202643832128, 0.9487891674886829, 0.9177740016301141, 0.9207811458477078, 0.9383895353146084, 0.9120017158585557, 0.9579688868146502, 0.9581044399987727, 0.910187014456121, 0.9512442056897092, 0.7915661026350848, 0.5777241062833044, 0.8999768024692307, 0.9275374214390645, 0.1482619576757, 0.9119495706292923, 0.9351332773446408, 0.7957660482062303, 0.9667213428413297, 0.836393590470347, 0.639788297404161, 0.48015017336753163, 0.8451366932675307, 0.8329432818122623, 0.8330028081804406, 0.9749148010629618, 0.9752100862121653, 0.7095588278482273, 0.6604981652122544, 0.7887635433944991, 0.27901134107467074, 0.76039941278149, 0.7899968538140216, 0.7882391721459054, 0.7849673558144681, 0.7034731489195422, 0.7126874271155178, 0.6895239645519947, -0.2602856517697449, -0.40373464255423586, 0.5970073307368989, 0.8818014888930336, 0.929994975996949, 0.9391937192709038, 0.9098206231571258, 0.8106410391908369, 0.9102664640985274, 0.932023307812296, 0.931900318767907, 0.7534013459153336], [0.9963794222955605, 0.9928413715376735, 0.9914352526111668, 0.996914420266849, 0.9985269425224108, 0.9920197596618681, 0.9980561163014701, 0.9962787105587725, 0.998942495376521, 0.9662593916926484, 0.9993522138439388, 0.9969422824374791, 0.9990559137785188, 0.9985599659246555, 0.9985579826744236, 1.0, 0.9989490016661009, 0.9989338680693698, 0.9989316049750266, 0.9987580888215479, 0.9984478568510352, 0.9921395335285921, 0.9770327828310899, 0.9828884447679541, 0.9894983328519412, 0.9874742919942702, 0.9743069506177754, 0.9455692154970953, 0.9934155515892148, 0.993281760972463, 0.9905707145425883, 0.9674999178183771, 0.9987809087106674, 0.9987386371771976, 0.9989615141168932, 0.998576639758756, 0.9993552888887076, 0.9988704248797868, 0.9989056210361692, 0.9980258064362147, 0.9986557166598132, 0.9987315345934558, 0.9831045606196609, 0.9296958626284691, 0.7397889450439761, 0.9306732239642985, 0.9234444928396355, 0.8035709256762589, 0.9640934210274191, 0.9407712491543476, 0.9653704912778462, 0.9539297198144239, 0.948187331975702, 0.9815520601576545, 0.9766390839197598, 0.9449562837507905, 0.9550564072068842, 0.9657309880744499, 0.967104156421628, 0.9673341454925197, 0.9483212329968977, 0.8828305625990575, 0.9367068338933114, 0.9501107790107343, 0.9356724293810127, 0.8636119335126334, 0.9608157238274333, 0.9321023707387093, 0.9611858466951406, 0.9456058775412954, 0.7144464879207625, 0.8123222459541067, 0.7624743583513226, 0.830360358972488, 0.8667581249668104, 0.866795001515139, 0.8