var config = { responsive: true }

var correlationClose = {"data": [{"type": "heatmap", "z": [[1.0, 0.9999848655342498, 0.9774083802699584, 0.9996912313773717, 0.9972962581074739, 1.0, 0.9902784414072616, 0.9855838498713936, 0.9908949542416225, 0.9725023847457737, 0.9800009589039568, 0.9903252692464793, 0.9904832970395117, 0.9903943640600451, 0.9904589597830592, 0.9932761764664914, 0.9935081781766032, 0.9914699300686243, 0.991467919752702, 0.991450263104084, 0.9903273327743499, 0.9775260108299202, 0.9645783159180419, 0.9765614234794205, 0.9765350504988753, 0.9528584227088176, 0.9532237821423437, 0.9441831144118051, 0.9898694117083863, 0.9898327077222869, 0.9857866090938386, 0.9738702921245044, 0.9933899809463212, 0.9943085587463127, 0.9934061626600604, 0.9916655101002583, 0.9862125848808405, 0.9940111702504724, 0.993952462173274, 0.9948602077867518, 0.9935928373625578, 0.9935884228001766, 0.9935928373625578, 0.8941276766107378, 0.6849637254418492, 0.8591630691511466, 0.8843632603055555, 0.8021899127980133, 0.9626487928689106, 0.928639586378372, 0.9530178984706684, 0.9480698813047871, 0.9508180671564658, 0.9777367252685422, 0.9716501398040625, 0.9094336724656634, 0.9002759642226428, 0.9288966883770025, 0.9009140885912738, 0.9253637560486622, 0.9263289587611278, 0.9253637560486622, 0.8332422429721619, 0.9029276192042751, 0.9041636019742595, 0.9029276192042751, 0.8859314568074262, 0.7154686230499699, 0.8622830320049808, 0.8642561725400209, 0.8622830320049808, 0.6026374329903865, 0.4889439251843481, 0.5777659924488083, 0.7300414523887123, 0.4678154995381479, 0.5303148377904797, 0.5324279082989793, 0.5303148377904797, -0.5994342683823446, 0.8732778638762555, 0.9042966165952802, 0.8859741874244836, 0.9110673342648413, 0.9355245610139208, 0.8711958195720925, 0.872796123227439, 0.8711958195720925, 0.8830939401862697, 0.8830939401862697, -0.17244706875323293, 0.5179850104830314, 0.20582927565677436, -0.5212412151395086, -0.5496720423338767, -0.5531223501598828, -0.009923092410185692, 0.03727273814275934, 0.27889666947991937, 0.17875122249840494, 0.10612443975764067, 0.08033764404107115, 0.10723789945998739, -0.1858067899961725, 0.10606417921694272, 0.10668118380998616, -0.5241683169474967, -0.42107019598429896, -0.18559088386432915, -0.467338261828152, -0.35062198721783916, -0.3254906539231796, -0.3167311576632881, -0.3254906539231796, -0.17157748610445858, -0.23035745510079209, -0.23035745510079209, -0.5291568995856463, -0.5291568995856463, 0.4022893575853612, 0.6664288188012908, 0.8773240819325466, 0.8557713973067581, 0.7950005755276159, 0.6750307120252105, 0.7747502538580995, 0.8153580218570858, 0.8154277643190713, 0.8153580218570858], [0.9999848655342498, 1.0, 0.9655034111771793, 0.9991342367588739, 0.9929860613814245, 0.9999848655342496, 0.9754078032589664, 0.965296933382828, 0.9751552117902724, 0.955183395876447, 0.9775398257618528, 0.9754677253147617, 0.9754204977493734, 0.9752169337981578, 0.9743727239259306, 0.9838192250470581, 0.9823532907420193, 0.9814582528316369, 0.981425495147504, 0.9755418962634064, 0.9755313270071118, 0.9802358085058844, 0.9643968633729366, 0.9677040602847554, 0.9677875019753933, 0.9533467203631436, 0.9724429479746964, 0.9246047504566121, 0.9741147607649645, 0.9742041173624761, 0.9699150651082646, 0.9153379785706943, 0.9861534816937235, 0.9862608230074099, 0.9871019906795045, 0.978000806298869, 0.9843203600765531, 0.986143049185289, 0.9868643159183211, 0.9866502784948021, 0.987223384795877, 0.9872010926669453, 0.987223384795877, 0.8941081370338265, 0.5875310694119634, 0.8598342411169885, 0.884530673086395, 0.801378239512529, 0.8554444089540438, 0.8791783776320827, 0.8447621241253327, 0.8644335857967363, 0.8516350044510662, 0.9357933656269418, 0.9358661576464627, 0.9139816777545436, 0.9250785350981374, 0.9003168502892379, 0.8999699655142667, 0.9075848228460214, 0.9084088772039645, 0.9075848228460214, 0.7553678853331808, 0.7146486702211194, 0.7167473567990864, 0.7146486702211194, 0.9186803671354007, 0.9243954390174824, 0.9184017094754459, 0.919763440450747, 0.9184017094754459, 0.4139164345439831, 0.35839368376997466, 0.4811705983887144, 0.5836821802182426, 0.45888105581976113, 0.5040755169252013, 0.50525767860149, 0.5040755169252013, -0.20408217600667772, 0.8526918686893368, 0.892090822546366, 0.8771440304500606, 0.9217499201956115, 0.9232949237329233, 0.8458187069644948, 0.8462796360341752, 0.8458187069644948, 0.8580663514317165, 0.8580663514317165, -0.2791939365693147, 0.5191582212361558, -0.3808549687014299, -0.46304124525426815, -0.4615254902250354, -0.4650290006047889, -0.2783726237487837, 0.20701021436364808, -0.19415596522439596, -0.3573442893500206, -0.20598016286554036, -0.26062526302395006, -0.2852306351343706, -0.3137953919040175, 0.08028503842722896, 0.07508458009061379, -0.4771028917039813, -0.42988079485879566, -0.4576381281533741, -0.4873182762127538, -0.47988602801313157, -0.46046729711008694, -0.4636364159687547, -0.46046729711008694, -0.3548404276360633, -0.4845822535187243, -0.4845822535187243, -0.4625658464368618, -0.4625658464368618, 0.4020349828231483, 0.4316772193835101, 0.5260628181994728, 0.6109585030560174, 0.5869563399738749, 0.26326519429963186, 0.40142315146750607, 0.3945152192131073, 0.39466432116513916, 0.3945152192131073], [0.9774083802699584, 0.9655034111771793, 1.0, 0.9814458279107929, 0.9910893084464705, 0.9774083802699585, 0.9854390065583619, 0.9836013675783799, 0.9923139246075485, 0.934607887393225, 0.9964064857732092, 0.9853956139638924, 0.9829261493925991, 0.9851607733205656, 0.9850760457035627, 0.9882142827899117, 0.9891777653219009, 0.9829025281408248, 0.9828985016400432, 0.9908313710841972, 0.9853133126741528, 0.9906703677286629, 0.9793248057326421, 0.9830289464056972, 0.983046091146277, 0.9806542009496408, 0.9777273178770383, 0.9469225951714763, 0.9669076917965321, 0.9669887630898261, 0.9717152867844557, 0.9470568720211371, 0.9813375434746097, 0.9877697259168616, 0.9796691412372273, 0.9827309160674008, 0.993533143255478, 0.9897396184621005, 0.9794802862258214, 0.9868082630444521, 0.9810090213679309, 0.9803173214398999, 0.9810090213679309, 0.9021900351999271, 0.600098031084647, 0.9033517388279583, 0.8691322087238601, 0.6505283263111425, 0.9057375394780592, 0.856873335279066, 0.8932264164039431, 0.8899558376433321, 0.896663212328301, 0.9287608076210435, 0.938272552023438, 0.7433700210811276, 0.807995555155327, 0.8193672685697825, 0.8412867182628184, 0.8116785918724492, 0.7796147227150155, 0.8116785918724492, 0.7276517119206871, 0.7652161871206556, 0.7641320906218894, 0.7652161871206556, 0.8342134429067711, 0.4040506860473614, 0.5945343327373833, 0.6622831648667038, 0.5945343327373833, 0.49793885604945054, 0.4638295233060281, 0.4631070678029146, 0.6215227471174477, 0.4025629757732115, 0.42918697223864133, 0.39660105813980395, 0.42918697223864133, -0.5902159031378456, 0.8006736193218198, 0.7834616747996686, 0.7838635827228059, 0.7579601083985457, 0.8848809565147132, 0.8059194034159958, 0.8086994277716039, 0.8059194034159958, 0.7499875562538986, 0.7499875562538986, -0.2790645100095712, 0.7067069589790611, 0.1607837584119713, -0.6155670263377312, -0.6398967621696192, -0.6424981804278879, -0.12153785052601858, -0.002324858416304233, 0.2774574759564175, 0.044585884310965156, -0.00036832700762977875, 0.03318618936057043, -0.0011348075853393786, -0.1811482316086075, 0.010879099252466062, 0.011325776024251371, -0.6131292542313059, -0.5331097815772562, -0.14043436645584545, -0.5883106715870916, -0.4465393656443046, -0.41025429952643516, -0.24314698494932616, -0.41025429952643516, -0.2948416213208391, -0.3647060079757474, -0.3647060079757474, -0.6304776292158641, -0.6304776292158641, 0.3197482699107473, 0.5719679372851247, 0.7835548525908591, 0.7627708988911005, 0.7319035125966117, 0.568251747137261, 0.7085634576510558, 0.7154705460824178, 0.7473292544024316, 0.7154705460824178], [0.9996912313773717, 0.9991342367588739, 0.9814458279107929, 1.0, 0.9985295287932263, 0.9996912313773716, 0.9919638510821585, 0.9877554086212678, 0.9929803965623809, 0.9702288895674221, 0.9856063334870167, 0.9919986695915538, 0.9920852305699616, 0.9920383206811101, 0.9920909588270271, 0.9948975963096349, 0.9950457895719428, 0.9929155146941121, 0.9929141550318316, 0.9933063102222174, 0.9919901271895285, 0.9808872778606788, 0.967688976929662, 0.9796311011730718, 0.9796057195269723, 0.9652560967893749, 0.9577833633566636, 0.9454870838052251, 0.9897339840217849, 0.9897089606616328, 0.986663192416314, 0.9732167268816094, 0.9942542732739179, 0.9955004145211257, 0.9942224669129607, 0.9928986327562177, 0.9903433951428444, 0.9954494361894989, 0.9946246489965447, 0.9959784987131953, 0.9943516709146506, 0.9943495882035099, 0.9943516709146506, 0.8930553952514666, 0.6721885949393681, 0.8684869280946774, 0.8795235042188652, 0.7784810630158469, 0.9567137990090118, 0.9206634600401702, 0.9461017439537697, 0.9422887348933894, 0.94573407478785, 0.973462487253176, 0.9688500059163313, 0.8836317059658224, 0.8900953074740006, 0.9129179885558001, 0.8952223872807785, 0.9044003856853386, 0.9057288732005324, 0.9044003856853386, 0.8225012283395989, 0.8887391643240663, 0.8901040994687365, 0.8887391643240663, 0.8808358098610152, 0.6440960978278422, 0.8151365603420808, 0.8172372781951149, 0.8151365603420808, 0.591901336273854, 0.46069983261840963, 0.5648903170051823, 0.7110496135027066, 0.4605819933382008, 0.4967890764546391, 0.4996361192683319, 0.4967890764546391, -0.6011380763312344, 0.8657585318642644, 0.8919722098442973, 0.8746799732898277, 0.8826361798158345, 0.9314102169338139, 0.8647842908381754, 0.8665850886991469, 0.8647842908381754, 0.8594237681518418, 0.8594237681518418, -0.17932341443789987, 0.5485504889140445, 0.21057061916653916, -0.5299138561891724, -0.5579213848881283, -0.5612850701154694, -0.02290263394046568, 0.031190924096601777, 0.2715150965590292, 0.1659276702406366, 0.09517732055782213, 0.07345779605383407, 0.10093332505038899, -0.1940742435805, 0.09416716060902447, 0.09484803560263018, -0.5320977576992356, -0.43262235700175133, -0.18763135735312092, -0.48066989458041615, -0.3533109291747673, -0.32755364452841024, -0.3193587711846964, -0.32755364452841024, -0.18162638993958435, -0.2410925493284694, -0.2410925493284694, -0.5406683934302439, -0.5406683934302439, 0.38643379128837313, 0.6541563139654208, 0.8698631971613664, 0.8483569115083645, 0.7876548844028977, 0.6662332733483071, 0.7659672970258599, 0.806896199771924, 0.8069712011767572, 0.806896199771924], [0.9972962581074739, 0.9929860613814245, 0.9910893084464705, 0.9985295287932263, 1.0, 0.9972962581074739, 0.9965649429903367, 0.9944082451671932, 0.9967557310487567, 0.9590419331703925, 0.9948076133399096, 0.9965868016845143, 0.9966854612282121, 0.9966191876285605, 0.9966301895250231, 0.9977101723823595, 0.9972881631152628, 0.9972001308140097, 0.9971992771550773, 0.9965802555302068, 0.9965800753414457, 0.993155706299902, 0.980121363323028, 0.9898195970631511, 0.9897727235560062, 0.981697521215953, 0.9791672696147529, 0.949156996241475, 0.9881356968995589, 0.9880849346997006, 0.9873599281030906, 0.9637439434010431, 0.9976516026394341, 0.9975970667728747, 0.997499617710034, 0.9970561893088671, 0.9968974657355404, 0.9978174802100415, 0.9979249269214687, 0.9976682387620999, 0.9976211608643601, 0.9976242967724378, 0.9976211608643601, 0.9092704024089102, 0.6335131502681642, 0.8931435525828824, 0.8823746492957442, 0.7417588908014855, 0.9350214527932954, 0.893772595198519, 0.9235967653227705, 0.9272357509649478, 0.9339157927353059, 0.9666756461336399, 0.9667415396510378, 0.8748403232911393, 0.8648532810543166, 0.8953047243957871, 0.8785484060890039, 0.8931435200195937, 0.8938524969606573, 0.8931435200195937, 0.7896856240309498, 0.8258085791220849, 0.8275233894714782, 0.8258085791220849, 0.865974158351541, 0.7490745902375078, 0.8455051614888568, 0.8469501835311929, 0.8455051614888568, 0.5396995081936615, 0.40079248758616903, 0.5212612938250247, 0.6980241660024377, 0.5154967446713492, 0.49180904087073285, 0.4922735096299049, 0.49180904087073285, -0.5907996982484873, 0.8423928578232709, 0.8569271611405163, 0.8435775780641599, 0.8857970401807761, 0.9047510757401057, 0.8444404655180401, 0.8462408674460361, 0.8444404655180401, 0.8530441630269804, 0.8530441630269804, -0.2249358855864758, 0.6151650640835857, 0.06491963064505005, -0.5867063359383269, -0.6192683240138785, -0.6194495205172268, -0.06065090861258742, 0.05173933607972366, -0.1286628236101303, -0.08705387060388042, -0.05901099486498242, -0.30315116652371327, -0.35587149464241785, -0.5000219767690126, 0.058094953655312226, 0.05864502524646056, -0.5647100313689707, -0.4731187603364862, -0.494079101394546, -0.5270259526280865, -0.5828691307107797, -0.5529651449630614, -0.55586286926461, -0.5529651449630614, -0.22818497238722488, -0.28204314508021133, -0.28204314508021133, -0.6450972724565014, -0.6450972724565014, 0.362805497082881, 0.6316681726557021, 0.817920143086333, 0.7912276831653424, 0.7741032657647234, 0.5939479732073171, 0.6148081794706958, 0.6978948159100067, 0.6980929745824264, 0.6978948159100067], [1.0, 0.9999848655342496, 0.9774083802699585, 0.9996912313773716, 0.9972962581074739, 1.0, 0.9902784414072616, 0.9855838498713936, 0.9908949542416225, 0.9725023847457737, 0.9800009589039568, 0.9903252692464793, 0.9904832970395117, 0.9903943640600451, 0.9904589597830592, 0.9932761764664914, 0.9935081781766032, 0.9914699300686243, 0.991467919752702, 0.991450263104084, 0.9903273327743499, 0.9775260108299202, 0.9645783159180419, 0.9765614234794205, 0.9765350504988753, 0.9528584227088176, 0.9532237821423437, 0.9441831144118051, 0.9898694117083863, 0.9898327077222869, 0.9857866090938386, 0.9738702921245044, 0.9933899809463212, 0.9943085587463127, 0.9934061626600604, 0.9916655101002583, 0.9862125848808405, 0.9940111702504724, 0.993952462173274, 0.9948602077867518, 0.9935928373625578, 0.9935884228001766, 0.9935928373625578, 0.8941276766107378, 0.6849637254418492, 0.8591630691511466, 0.8843632603055555, 0.8021899127980133, 0.9626487928689106, 0.928639586378372, 0.9530178984706684, 0.9480698813047871, 0.9508180671564658, 0.9777367252685422, 0.9716501398040625, 0.9094336724656634, 0.9002759642226428, 0.9288966883770025, 0.9009140885912738, 0.9253637560486622, 0.9263289587611278, 0.9253637560486622, 0.8332422429721619, 0.9029276192042751, 0.9041636019742595, 0.9029276192042751, 0.8859314568074262, 0.7154686230499699, 0.8622830320049808, 0.8642561725400209, 0.8622830320049808, 0.6026374329903865, 0.4889439251843481, 0.5777659924488083, 0.7300414523887123, 0.4678154995381479, 0.5303148377904797, 0.5324279082989793, 0.5303148377904797, -0.5994342683823446, 0.8732778638762555, 0.9042966165952802, 0.8859741874244836, 0.9110673342648413, 0.9355245610139208, 0.8711958195720925, 0.872796123227439, 0.8711958195720925, 0.8830939401862697, 0.8830939401862697, -0.17244706875323293, 0.5179850104830314, 0.20582927565677436, -0.5212412151395086, -0.5496720423338767, -0.5531223501598828, -0.009923092410185692, 0.03727273814275934, 0.27889666947991937, 0.17875122249840494, 0.10612443975764067, 0.08033764404107115, 0.10723789945998739, -0.1858067899961725, 0.10606417921694272, 0.10668118380998616, -0.5241683169474967, -0.42107019598429896, -0.18559088386432915, -0.467338261828152, -0.35062198721783916, -0.3254906539231796, -0.3167311576632881, -0.3254906539231796, -0.17157748610445858, -0.23035745510079209, -0.23035745510079209, -0.5291568995856463, -0.5291568995856463, 0.4022893575853612, 0.6664288188012908, 0.8773240819325466, 0.8557713973067581, 0.7950005755276159, 0.6750307120252105, 0.7747502538580995, 0.8153580218570858, 0.8154277643190713, 0.8153580218570858], [0.9902784414072616, 0.9754078032589664, 0.9854390065583619, 0.9919638510821585, 0.9965649429903367, 0.9902784414072616, 1.0, 0.9970760770319133, 0.9999672192611554, 0.9490604535835624, 0.999549484445952, 0.9999960049009473, 0.9999580437880087, 0.9999921096236102, 0.9999185840524758, 0.9938826260849635, 0.9998120871479184, 0.9998273550550676, 0.9998279470688696, 0.9999944213819301, 0.9999963926418747, 0.9910681142367843, 0.9752070066992243, 0.9837210914601909, 0.9923829676049724, 0.9833645791368751, 0.9713291084261407, 0.9396600682532064, 0.9924374871236107, 0.9921226869803322, 0.9920040784017137, 0.9677507270029909, 0.9992812613451567, 0.9993681960554427, 0.9993358060737082, 0.9997304093509898, 0.9985475535553497, 0.9992549387534688, 0.9981903728668959, 0.9993520020729258, 0.99908953118312, 0.9990058967720616, 0.99908953118312, 0.9172581215377068, 0.6345393361135337, 0.9176090145593335, 0.8906368175787601, 0.6905244080740953, 0.9466171361455091, 0.9119357091226012, 0.9341279649734708, 0.9247641684901847, 0.9347889506420449, 0.968792295880291, 0.9610783984248195, 0.7001034075561776, 0.8099552345647653, 0.7906428131367778, 0.836887164335363, 0.7833249606926708, 0.7535774233266223, 0.7833249606926708, 0.7425499686073964, 0.7535276335711232, 0.7552950810528383, 0.7535276335711232, 0.8212205595170402, 0.2815332956128626, 0.5018024054094956, 0.5925420312052261, 0.5018024054094956, 0.5057595366683767, 0.46173473782021324, 0.46441556958501756, 0.5985476729436975, 0.37833615569911083, 0.40330179036464187, 0.35208190053007316, 0.40330179036464187, -0.6537081082232867, 0.7966941873368617, 0.7997810545066995, 0.7916743960272175, 0.7248478566422435, 0.8883509715166334, 0.8013523959552369, 0.8039144529623204, 0.8013523959552369, 0.7073346431811606, 0.7073346431811606, -0.2629142495585644, 0.6704862198641969, 0.25983426650716374, -0.5767378389714649, -0.6030033718094423, -0.6059134965091183, -0.07780940631375327, -0.022802803372140558, 0.37047073131821845, 0.1244440537911036, 0.05205552127142766, 0.12077650492967688, 0.08784418340858817, -0.10012740808933587, 0.019700263471020364, 0.020520356665080796, -0.5803836616850497, -0.50537912308903, -0.02944350292939122, -0.5662688402432546, -0.35937953045954685, -0.3257590405185378, -0.15061807326017942, -0.3257590405185378, -0.2655628282887961, -0.29428160759375166, -0.29428160759375166, -0.6082357778767341, -0.6082357778767341, 0.35861892439649373, 0.6067000584586578, 0.803611253600499, 0.8095801065440191, 0.7620239461275703, 0.6472845665309116, 0.7465422211406986, 0.7687320631218897, 0.7870906303307551, 0.7687320631218897], [0.9855838498713936, 0.965296933382828, 0.9836013675783799, 0.9877554086212678, 0.9944082451671932, 0.9855838498713936, 0.9970760770319133, 1.0, 0.999434497814364, 0.9401364128765128, 0.998089601643116, 0.9978967314352223, 0.9992226974346305, 0.9989553750328096, 0.9986425063069743, 0.98620671453969, 0.99885374171657, 0.9990111623057991, 0.9990150748846902, 0.9994744152219802, 0.9991278170034151, 0.990968368557658, 0.9755341276608303, 0.9915254289160876, 0.9922357274059204, 0.9782011100077855, 0.9733881150504597, 0.9377105469804803, 0.9887509804284602, 0.9921721698628155, 0.9901470274058375, 0.9637807866472246, 0.998087022805377, 0.9979668363615434, 0.9979687619187348, 0.9989550297304262, 0.9956895205597964, 0.9977481687369626, 0.9975225999284979, 0.9978315104228407, 0.9978974185808843, 0.9979294650463562, 0.9978974185808843, 0.9149475919752038, 0.6184366376999167, 0.9185872743128921, 0.8863017905714409, 0.6612195346031821, 0.9441336955849691, 0.9045017881882251, 0.9302184955845424, 0.9152490519919201, 0.9266815665738878, 0.9639227087746877, 0.9552759453902773, 0.6832541944678261, 0.7930245927824585, 0.7706229493088976, 0.8254245612575346, 0.7645586143087078, 0.7392404581566092, 0.7645586143087078, 0.7262771317612188, 0.7311448796481376, 0.7398739582890824, 0.7311448796481376, 0.809918301133914, 0.2582038874676216, 0.4769634594057607, 0.5732468468307699, 0.4769634594057607, 0.48926638642271464, 0.4534978171467595, 0.44593721230427547, 0.5804564720461934, 0.36743310184592687, 0.38982931787425634, 0.3326786073831388, 0.38982931787425634, -0.6537938491248818, 0.783303188410767, 0.777567148715435, 0.7738588409464578, 0.7077181767990327, 0.8782342081502114, 0.7886808094397104, 0.7915240122689503, 0.7886808094397104, 0.6854503888650401, 0.6854503888650401, -0.2812384524011179, 0.703945397134494, 0.2684729989479068, -0.5923045053808133, -0.6179445243078824, -0.6206665948655198, -0.09410947087081381, -0.03242096413310879, 0.3636887326762, 0.10449346043783582, 0.03541228221335497, 0.1114197151797049, 0.07178426149957222, -0.10670125617262914, 0.001822561227950893, 0.002682358712244728, -0.5940022726496794, -0.5225572329443932, -0.03636677587155828, -0.5865663718462534, -0.37376200191780734, -0.3383386764630792, -0.1569554172054534, -0.3383386764630792, -0.2858871771263482, -0.30994977415407315, -0.30994977415407315, -0.622936807639756, -0.622936807639756, 0.33269240908650966, 0.5876971971555881, 0.7932172480727466, 0.7906954114106939, 0.7479179585672507, 0.6302584107483994, 0.7297436621155455, 0.748554807248132, 0.770693553323108, 0.748554807248132], [0.9908949542416225, 0.9751552117902724, 0.9923139246075485, 0.9929803965623809, 0.9967557310487567, 0.9908949542416225, 0.9999672192611554, 0.999434497814364, 1.0, 0.9477821503848347, 0.9994887777681799, 0.9999686707489019, 0.9999643806745447, 0.9999734501987769, 0.9999316267652788, 0.9980530675018423, 0.9997187739389245, 0.9997646353912698, 0.9997657158784183, 0.9999655554684895, 0.9999659644296419, 0.994251296755317, 0.9778993580562194, 0.993759368329319, 0.993699556523609, 0.9831859746489512, 0.9772640797274322, 0.941530758244227, 0.9909230849566175, 0.9908975294790761, 0.9885969813429487, 0.9628989322872097, 0.9992971639091625, 0.9992586445088194, 0.999118616379318, 0.9998506222577204, 0.9984515991675126, 0.9992391301996307, 0.9991399028173163, 0.9992326159087148, 0.9991362035258687, 0.9991428088694806, 0.9991362035258687, 0.9171338975927273, 0.6357650273827798, 0.9173341544805869, 0.8900495485971289, 0.6898654792217989, 0.9318256283088147, 0.886529733125129, 0.916140771160357, 0.9199263732834916, 0.9306554266146252, 0.962449973462951, 0.9614163343050872, 0.845097200337778, 0.8111614268502408, 0.8664457322498856, 0.8379646484566725, 0.8643491472766741, 0.8651652696824309, 0.8643491472766741, 0.7418921426657503, 0.8065042831900999, 0.8082635419300895, 0.8065042831900999, 0.8229309147207132, 0.7075836842432326, 0.8129817034551461, 0.8145990403620594, 0.8129817034551461, 0.5047382673933225, 0.3229670077503253, 0.4638472563663828, 0.6443173421697541, 0.43914860872235667, 0.40184832064442455, 0.40212492926812343, 0.40184832064442455, -0.6361850838382322, 0.7973957913505386, 0.7994080183507941, 0.7917228488783677, 0.8563837934378411, 0.8765630933142725, 0.808020623931342, 0.8106390254498099, 0.808020623931342, 0.8165669739005733, 0.8165669739005733, -0.2654391436272574, 0.671537816682231, 0.08929488548614715, -0.6056044453963452, -0.6465425347882406, -0.6473879349127682, -0.08149094917020605, -0.020351810727922907, -0.1373796599854051, -0.060204539259790704, -0.04635417146116692, -0.335865213764868, -0.3655470902281924, -0.5408132881729053, 0.018649645931383154, 0.01943689448345698, -0.5824042142553747, -0.5081711474632232, -0.5047378859958924, -0.5686087205278927, -0.5991012536890491, -0.5780345017717747, -0.5799959057707634, -0.5780345017717747, -0.26842602716432573, -0.29858689003775135, -0.29858689003775135, -0.703414661801107, -0.703414661801107, 0.359211847953952, 0.6054189818470556, 0.8249483995308498, 0.8026679890842154, 0.7604075849546322, 0.6320606000305502, 0.6472441157033049, 0.7175097706454071, 0.7176867808937734, 0.7175097706454071], [0.9725023847457737, 0.955183395876447, 0.934607887393225, 0.9702288895674221, 0.9590419331703925, 0.9725023847457737, 0.9490604535835624, 0.9401364128765128, 0.9477821503848347, 1.0, 0.9173890646262957, 0.949088935698733, 0.9492099134521729, 0.9487255198774587, 0.9480140406671891, 0.950182644411053, 0.9561320149076897, 0.955149833255961, 0.9551155790302858, 0.9492470246738706, 0.9492317220900615, 0.9487996493201761, 0.94143721140002, 0.9511444032625627, 0.9513645942008608, 0.8011084051324309, 0.9561883026656461, 0.9512108910214545, 0.9576018987781452, 0.9577422472955801, 0.9560325678934187, 0.930130364414582, 0.959610840128026, 0.9598880854685512, 0.9607205515297444, 0.9514558404008987, 0.9302411717433797, 0.958813753484531, 0.9603506793607451, 0.9601663164469404, 0.9610613717209112, 0.9610184391907064, 0.9610613717209112, 0.7759857750278667, 0.43267207813356184, 0.7214114549679187, 0.8554854269712089, 0.8378972963897187, 0.8727892165754012, 0.7573553165854985, 0.8501396734404462, 0.8652424984572448, 0.8737689367704031, 0.8970856745798443, 0.8971356950876672, 0.8506298661225228, 0.8424626856147375, 0.8780386231777, 0.8538250181074528, 0.8695183506532823, 0.87041392109666, 0.8695183506532823, 0.790543450474302, 0.7684793092244383, 0.7706455653907343, 0.7684793092244383, 0.8456605387301487, 0.8676182507230245, 0.8437329759007365, 0.8445796231800249, 0.8437329759007365, 0.609828462313771, 0.5296625071058145, 0.6109920186028696, 0.7396164372129758, 0.6307025809457159, 0.652738675797728, 0.6561820717075065, 0.652738675797728, -0.2793304376235259, 0.8504310230101412, 0.9141575271186447, 0.8696416417269708, 0.8685298897604644, 0.8798759817486018, 0.8419021028496156, 0.8433545387133372, 0.8419021028496156, 0.8545468130380955, 0.8545468130380955, 0.010602517451727524, 0.23917831342049645, -0.07771532580564881, -0.35384966515947, -0.3850402750272868, -0.38699797933784363, 0.09240203259023252, 0.3765124661365602, 0.12250344663777625, 0.01160293414391616, 0.12783538899945712, 0.034349265243560884, -0.07325649326116748, -0.12765305359190945, 0.2670184506063548, 0.265962561111057, -0.3390271766336035, -0.2873233418674377, -0.2912237536007905, -0.2945811428752106, -0.36467498930898284, -0.31336973569810106, -0.3152240956500757, -0.31336973569810106, -0.049903801789694495, -0.3306299572803382, -0.3306299572803382, -0.39559200345599976, -0.39559200345599976, 0.5808082148660205, 0.6784591843485174, 0.7609549633191195, 0.667920989607955, 0.8407996993455185, 0.301636208125998, 0.39150793775989245, 0.5703463743886353, 0.5706575989020588, 0.5703463743886353], [0.9800009589039568, 0.9775398257618528, 0.9964064857732092, 0.9856063334870167, 0.9948076133399096, 0.9800009589039568, 0.999549484445952, 0.998089601643116, 0.9994887777681799, 0.9173890646262957, 1.0, 0.9995475717728904, 0.99954319815824, 0.9994926708163625, 0.9995307724051801, 0.9984085206151597, 0.9995851808483727, 0.9997069790883126, 0.9997124184517986, 0.9995556873455277, 0.9995569835548377, 0.9916112465282262, 0.9576496417088263, 0.9915991701371165, 0.991570620197002, 0.9869000135742689, 0.973199711992137, 0.8932152064015276, 0.9888495335733881, 0.9889276288301304, 0.9701758940136104, 0.8871597618882456, 0.998608994875157, 0.9985559108579305, 0.9983284313726449, 0.999213085938633, 0.9991297641837369, 0.9985846802521181, 0.998349155428969, 0.998520973590391, 0.9982739819706679, 0.9982890323360012, 0.9982739819706679, 0.9109192675632903, 0.5075882270401461, 0.9128968745385906, 0.888288290531893, 0.691901516176127, 0.816771763749305, 0.8336019983003878, 0.8036171227794277, 0.8081685185513532, 0.812572724244871, 0.9207620072967251, 0.9209681455364656, 0.836504877910559, 0.8473701430673712, 0.810438423172044, 0.8134496801785248, 0.8203113631044914, 0.8213744132303987, 0.8203113631044914, 0.6330333059670156, 0.5861781049858479, 0.5887182362430643, 0.5861781049858479, 0.8484507382812139, 0.8586548990547563, 0.8466118275286739, 0.8482857257867183, 0.8466118275286739, 0.27110667674648264, 0.2041361105392161, 0.3336523230998545, 0.4565515497810721, 0.3220675848767227, 0.37565949772544305, 0.37879849643695246, 0.37565949772544305, -0.41006340336950375, 0.749120063694697, 0.8040837540010574, 0.7818275623385446, 0.8459906849048111, 0.8424893195620121, 0.7408341145289026, 0.7414720465120501, 0.7408341145289026, 0.7566283618712972, 0.7566283618712972, -0.3290832085478257, 0.6621315034297953, -0.4004058003860372, -0.5464696791077214, -0.545573688120098, -0.5478707671811528, -0.3453220532294917, 0.1334864633092919, -0.25765781948837635, -0.41341005518109125, -0.26812331032394215, -0.32957396728575644, -0.3641680558096098, -0.3949467019164119, 0.0032624236477747444, -0.0008903413443648846, -0.5570600595562497, -0.5201601201094357, -0.5381034250929146, -0.5723710706285199, -0.5668337503281606, -0.541989614057949, -0.5448443976809024, -0.541989614057949, -0.44055911674733594, -0.5972578535892972, -0.5972578535892972, -0.6046701425918574, -0.6046701425918574, 0.3542058191063436, 0.36544962233446243, 0.47061591305507994, 0.5561197008861771, 0.555930621587042, 0.1656830067385253, 0.3073253703426359, 0.3287236785277233, 0.32894738514576716, 0.3287236785277233], [0.9903252692464793, 0.9754677253147617, 0.9853956139638924, 0.9919986695915538, 0.9965868016845143, 0.9903252692464793, 0.9999960049009473, 0.9978967314352223, 0.9999686707489019, 0.949088935698733, 0.9995475717728904, 1.0, 0.9999631613898802, 0.9999940328039018, 0.9999240176050052, 0.9947248931606614, 0.9998140898513062, 0.999828817096726, 0.999829337910411, 0.9999961387029183, 0.9999970357993107, 0.9910263014592099, 0.975178888587078, 0.9892934503188754, 0.9923596070844085, 0.9833539480865324, 0.9712403375177273, 0.9396052085622287, 0.9924264374574868, 0.9921316063384561, 0.9919914223995204, 0.9677664127980472, 0.9992827096063072, 0.9993720276192172, 0.9993438993405268, 0.999735247322631, 0.9985487758753566, 0.9992638318012772, 0.9981934501011871, 0.9993585848915817, 0.9990931543714193, 0.9990078534775791, 0.9990931543714193, 0.9172314184531433, 0.6346854166785658, 0.9177938758817977, 0.8907940375924819, 0.6906452704802367, 0.9466513880548673, 0.9121285029898463, 0.9342025385836363, 0.9248424201608964, 0.9348494900054102, 0.9688868760340945, 0.9611474516460344, 0.7000326472287893, 0.8101552336854311, 0.7907642033457071, 0.8370257915949495, 0.7834446716836341, 0.7535126337375956, 0.7834446716836341, 0.7426298274600418, 0.7535900964633808, 0.7552189589297653, 0.7535900964633808, 0.8214134986485455, 0.2814075123194671, 0.5018260993338335, 0.5924499741184058, 0.5018260993338335, 0.5056981214510836, 0.46164029119910766, 0.46436773963413985, 0.5985835233148401, 0.3782189884086567, 0.4033983973081617, 0.35212865895327994, 0.4033983973081617, -0.653846906347656, 0.7967799396700227, 0.7999647290599805, 0.7917991272727664, 0.7248404307628682, 0.8884689825029369, 0.8014528469900888, 0.8040095651923587, 0.8014528469900888, 0.7074253123761173, 0.7074253123761173, -0.26287866616563843, 0.6704737255563422, 0.2599468355271368, -0.5767004104613171, -0.6029131250276427, -0.6058290956600849, -0.07790955885195482, -0.022951866922431088, 0.37063695113478545, 0.12444854273101703, 0.051989072866043345, 0.12103746260169645, 0.0880833280073153, -0.09982948104648023, 0.019745446358553298, 0.02058213707664836, -0.580374503527276, -0.5054119341238164, -0.02919019882092322, -0.5662451841158687, -0.3591165148660261, -0.32552285221214095, -0.15040710779711527, -0.32552285221214095, -0.26540914030471363, -0.2942454203273742, -0.2942454203273742, -0.608098514978282, -0.608098514978282, 0.3591495814835117, 0.6068483383933272, 0.8036396960145481, 0.8098447139548156, 0.762104420474917, 0.6475336914125841, 0.7466772140083325, 0.7689844827940304, 0.7872026537741574, 0.7689844827940304], [0.9904832970395117, 0.9754204977493734, 0.9829261493925991, 0.9920852305699616, 0.9966854612282121, 0.9904832970395117, 0.9999580437880087, 0.9992226974346305, 0.9999643806745447, 0.9492099134521729, 0.99954319815824, 0.9999631613898802, 1.0, 0.9999674450169236, 0.9999120612388944, 0.9975287776959609, 0.9998098913881391, 0.999869941483499, 0.9998706872363656, 0.9999831983324963, 0.9999623472950602, 0.9905722574899156, 0.9749910758367331, 0.9930858198406465, 0.9930467866481714, 0.9833222253033274, 0.9708623412303352, 0.9395316456203529, 0.9931931377079735, 0.9932173954755766, 0.9917600705467536, 0.9675713186772944, 0.9995063349872723, 0.9993759631028125, 0.9994008659930406, 0.999881661855133, 0.9985476886538819, 0.9992710439099106, 0.9992211989165836, 0.9993688579235539, 0.9993767629776743, 0.9993809924436089, 0.9993767629776743, 0.9173496051071789, 0.6348465103310409, 0.9178304966346368, 0.8908152185308997, 0.6906697809816068, 0.9503441263753619, 0.9096126972900265, 0.9355634541061715, 0.924927227344443, 0.9348485842284192, 0.9686100383128534, 0.9612177727611442, 0.6565004030185694, 0.8098649221847978, 0.7895434414194583, 0.8374765654023856, 0.782407180278172, 0.7284351417916014, 0.782407180278172, 0.742551234525192, 0.7439851571618252, 0.7484843443830551, 0.7439851571618252, 0.8218495274968991, 0.2129399468222197, 0.48942150643160176, 0.4957256650509189, 0.48942150643160176, 0.5058472591897331, 0.35697285488578845, 0.46461410712346585, 0.5980942917898289, 0.3784351576446995, 0.37112252348312325, 0.3517686022921698, 0.37112252348312325, -0.6540376730129598, 0.7972464804857023, 0.7999300554165715, 0.7915602986640922, 0.6677255617607408, 0.8889408956663705, 0.8019596056558052, 0.8045104073730032, 0.8019596056558052, 0.705930285641478, 0.705930285641478, -0.2625575117552057, 0.6703613923931346, 0.26352277938212143, -0.5765463245591983, -0.6025833792391359, -0.6054992652646538, -0.07828112706917202, -0.022851452630809545, 0.3222712279177322, 0.12462795330976283, 0.05174343269032811, 0.12443197311538498, 0.09044830544825966, -0.11007567599661594, 0.019864862810563266, 0.02070490305761548, -0.5805358188748715, -0.5054868904327646, -0.09489084633812393, -0.5659675323337557, -0.3571150725644195, -0.3232986456826302, -0.23728878841627066, -0.3232986456826302, -0.26495229347226484, -0.29533145371054675, -0.29533145371054675, -0.6073678866460149, -0.6073678866460149, 0.359279135355606, 0.6070293150425344, 0.7884810350300225, 0.8099067848000749, 0.7625014087790822, 0.6472783870876333, 0.7046539430312212, 0.7567180592248297, 0.7567984028364707, 0.7567180592248297], [0.9903943640600451, 0.9752169337981578, 0.9851607733205656, 0.9920383206811101, 0.9966191876285605, 0.9903943640600451, 0.9999921096236102, 0.9989553750328096, 0.9999734501987769, 0.9487255198774587, 0.9994926708163625, 0.9999940328039018, 0.9999674450169236, 1.0, 0.999936367873835, 0.9973922486371529, 0.9998046585424686, 0.99983205226145, 0.999832457350025, 0.9999940272012768, 0.9999942330922409, 0.9908789971507285, 0.9750764076158112, 0.9929095360714436, 0.9927894902902553, 0.9832160897162907, 0.970902934958223, 0.939223312061425, 0.993160457817498, 0.993211540326587, 0.9920337795154344, 0.967952671807036, 0.9993349266581147, 0.9993712781593379, 0.9993764574694841, 0.9997739336270821, 0.9984799784734049, 0.9992674683946168, 0.9985107490311715, 0.9993678687425133, 0.9991438583151985, 0.9990659882153818, 0.9991438583151985, 0.9175196746354067, 0.6354623450743581, 0.9181816561978547, 0.8911770354564456, 0.6902989034605483, 0.9472456216648718, 0.9128886454932782, 0.9348392221510498, 0.9252661421784565, 0.9352395641448377, 0.96932359972754, 0.961540576870881, 0.7003294126244195, 0.8104339211392328, 0.7906812423134802, 0.8372988311532602, 0.7834053339433469, 0.7531284788402222, 0.7834053339433469, 0.7428302008336711, 0.7535417307847383, 0.7556539201923911, 0.7535417307847383, 0.821777803394693, 0.2806962541281158, 0.5012843485273883, 0.592489389294092, 0.5012843485273883, 0.5055128616595592, 0.4622033090044702, 0.4642518961755043, 0.5983265663766715, 0.37779764017753875, 0.40342876156993274, 0.35176349248499483, 0.40342876156993274, -0.6542386674316458, 0.796916043107468, 0.7994902274531538, 0.7918799871134529, 0.7143112404265061, 0.8887427569476681, 0.8015841338179115, 0.8041294177134116, 0.8015841338179115, 0.7072211898048165, 0.7072211898048165, -0.2646635916165294, 0.6714818666283545, 0.26047535565409363, -0.5772431106716002, -0.6033215004282179, -0.6062429308152173, -0.07914967190792029, -0.024287465726876428, 0.3709399111270725, 0.12396562615511914, 0.051103808668181434, 0.12110899378256511, 0.08815435859874521, -0.09967280243681681, 0.018622974570795505, 0.01945603941565674, -0.5810590623677095, -0.5064892597279362, -0.028590022099585756, -0.5677309147204898, -0.35898062909714923, -0.3254599686763652, -0.14983083993893168, -0.3254599686763652, -0.2664878396409227, -0.29474939071647643, -0.29474939071647643, -0.6081963905961559, -0.6081963905961559, 0.35932562602448304, 0.6065319919132742, 0.804180119063442, 0.8103085821702215, 0.7615366013648126, 0.6483251875973556, 0.7474700064927429, 0.7693908210159218, 0.7878169809730019, 0.7693908210159218], [0.9904589597830592, 0.9743727239259306, 0.9850760457035627, 0.9920909588270271, 0.9966301895250231, 0.9904589597830592, 0.9999185840524758, 0.9986425063069743, 0.9999316267652788, 0.9480140406671891, 0.9995307724051801, 0.9999240176050052, 0.9999120612388944, 0.999936367873835, 1.0, 0.9975089232430632, 0.9997010031596388, 0.9997811444709532, 0.9997822972303839, 0.9999013474981594, 0.9999199000927003, 0.9906621440137227, 0.9748684567867466, 0.9922060796016979, 0.9918514542620932, 0.9832947296844081, 0.9706666256668637, 0.9392026260297126, 0.9922717192769078, 0.992284984920707, 0.9914213001984156, 0.966992989956989, 0.9993421877057055, 0.9992210526660822, 0.9993133648638199, 0.9997597185130173, 0.998386248453626, 0.9992410675366554, 0.9984930562552435, 0.9992435001009372, 0.9991574025264692, 0.999093195131927, 0.9991574025264692, 0.9159561643399541, 0.6356876458610948, 0.9166179763664838, 0.8893396750123852, 0.6873485227092769, 0.9477046336086593, 0.9136997367040344, 0.9356992057356615, 0.9245901954769109, 0.934361145121341, 0.9696516334001246, 0.9610852973180496, 0.7019340561661682, 0.8094971825032581, 0.7912044593436844, 0.8372994380018566, 0.7839338992863192, 0.755406530128356, 0.7839338992863192, 0.7412973999366755, 0.7531668562577856, 0.7568042559349466, 0.7531668562577856, 0.8221673184702807, 0.2812843362647902, 0.5014536697260855, 0.5939167857899055, 0.5014536697260855, 0.5041481616868313, 0.463960938651752, 0.4628991303997546, 0.5981218277799604, 0.37673131143119676, 0.4041290538638425, 0.35202125856620037, 0.4041290538638425, -0.6548171705080046, 0.7966495457777709, 0.798231431983987, 0.7909387286632671, 0.7268393199350824, 0.8892478434567612, 0.8014346981461581, 0.8039347614598311, 0.8014346981461581, 0.7076583548949478, 0.7076583548949478, -0.26527147718250993, 0.6740857740294958, 0.26047873874798627, -0.5778923770557899, -0.6033551430040918, -0.6063022713855156, -0.08120103351932403, -0.025447984458114123, 0.37187064475395026, 0.12248016450599813, 0.049337899032174344, 0.12209259837104675, 0.08865081571236562, -0.09822420580207357, 0.01807946273665196, 0.01885677054130694, -0.5824023196610927, -0.5085420304373297, -0.027443803072220295, -0.5687553658194133, -0.35871512737686884, -0.32518561069256685, -0.14841294600747768, -0.32518561069256685, -0.2670278697374221, -0.298194561626068, -0.298194561626068, -0.6083438672067402, -0.6083438672067402, 0.35672764640163246, 0.6041583746586622, 0.8052303575569116, 0.8110333568271272, 0.7598272313861145, 0.6471852203012293, 0.7491303270805919, 0.7700225787184874, 0.7892196400856613, 0.7700225787184874], [0.9932761764664914, 0.9838192250470581, 0.9882142827899117, 0.9948975963096349, 0.9977101723823595, 0.9932761764664914, 0.9938826260849635, 0.98620671453969, 0.9980530675018423, 0.950182644411053, 0.9984085206151597, 0.9947248931606614, 0.9975287776959609, 0.9973922486371529, 0.9975089232430632, 1.0, 0.9981222551259854, 0.9977483077520525, 0.9977458938951858, 0.9978212113292726, 0.9973242386617182, 0.9915187214955096, 0.977653084213578, 0.9702414146688989, 0.9874163711112204, 0.9874522377220445, 0.9722875675964591, 0.9481422222623601, 0.9915194336259632, 0.9892773565668841, 0.9881796991505943, 0.9655385782481591, 0.9975048765380906, 0.997498362150243, 0.9973206124753091, 0.9973283239884579, 0.9984954325299772, 0.9980235938432016, 0.9973189499600812, 0.9977333116228048, 0.9974257634942538, 0.9974037273605759, 0.9974257634942538, 0.9078341753356599, 0.6447959232223073, 0.9101863210790028, 0.8929090415261338, 0.7132718094218607, 0.9492343008386005, 0.916048689372033, 0.94044291