var element=document.getElementById("correlationAdjClose");if(element.style.display!='none'){var correlationAdjClose={"data":[{"type":"heatmap","z":[[1.0,0.9999939242695883,0.985634826663256,0.9999286393147389,0.9991339999263155,0.9848139844180135,0.9979254416119152,0.996166584072054,0.9695184331436029,0.9964764050084811,0.994654104926347,0.9942368459181591,0.9962803435095011,0.9963159996235099,0.9962112952896229,0.9977006635506933,0.9979550581827219,0.9984188025770635,0.9967879420831094,0.9967995164215623,0.9968373495560051,0.9962408067901019,0.9875030315168736,0.9716387641555609,0.9901500746994183,0.9571736006983228,0.989182081205311,0.9881235449463401,0.9686347363820684,0.9534525124887393,0.9928645310993958,0.9941013347469705,0.9925840542608118,0.9778408211587201,0.9978293693746458,0.9980387441111221,0.9976075396403267,0.996336746094081,0.9959368629277858,0.9979350517980539,0.9987830290747972,0.9988287391770733,0.9977929408732448,0.9978033373188593,0.9768929553617403,0.916205625570988,0.9505776621404022,0.9282110123582156,0.9295312555163191,0.9072214775012623,0.9634198406725581,0.9489466835783866,0.9651645956641595,0.9664435341307107,0.9559976549872976,0.9844132283146865,0.9817084226781657,0.9905869276025159,0.9944374997718478,0.9870933852905835,0.9829336448592955,0.9884563556457487,0.9867167442304511,0.9890025353892793,0.9888364687159342,0.963557804538158,0.9755208937476948,0.9764576031160227,0.9761494513232533,0.9533564961899005,0.9811274847472925,0.9782208144747117,0.985361359232757,0.9846711946008426,0.9427951796670431,0.8913395849681179,0.8588662049951566,0.9070575295747131,0.923545938995824,0.9209905047255765,0.9214982314953265,0.9201836972237141,0.7020435136107366,-0.556385888134962,0.9812939029874171,0.9769016891151997,0.973709042707638,0.9877893956016496,0.9751712267995865,0.9849211359251597,0.984918308860102,0.9493597671358754,0.9851245598112451,0.9523118950787216,0.7782294094381932,0.9093701450184442,0.9300222493589302,0.8051694703588655,0.9520206188313145,0.9527871684128532,0.9004853896589164,0.9658715355636333,0.8956554426734199,0.5974281512101838,0.7229145934444294,0.9026910626962241,0.8710818434339508,0.8938637194759448,0.974557160760616,0.9747325484438747,0.7841303370607686,0.7403868478705481,0.8250427270768111,0.4277730246910914,0.8038728100070417,0.8292841845630211,0.8245069236217482,0.8162626327209241,0.7827242602864543,0.7522322261260107,0.7353943816149918,-0.27728743142642887,-0.41674308463686255,0.6642768432114615,0.8911645379143306,0.9339060909511901,0.9418700727529311,0.9066952762276157,0.8257326928870501,0.9093632237114794,0.9273660320029355,0.9272179590549996,0.861441120854559,-0.16276152992527534],[0.9999939242695883,1.0,0.9884294270701113,0.9998377568319123,0.9982915704061804,0.9899288246985786,0.9946552808081082,0.9918543408643304,0.9853053642339551,0.9918699106800818,0.9918825336206314,0.9935654455822617,0.9919968643972357,0.9918704914244767,0.9919304592715686,0.9941135470472658,0.996655856265103,0.9962886211613691,0.9942747063665867,0.9942762387220185,0.9919240203655958,0.9919686881271611,0.9920335132669481,0.9745945870706413,0.9887629541040841,0.9825461515981072,0.9886828657762725,0.9880853727990226,0.9813537513751073,0.9356948210763353,0.9893483776981074,0.9870110419502477,0.9809733232698643,0.9345855948092194,0.9957044574513587,0.9956097282956219,0.9958362998133583,0.9923767912704425,0.9953499109088717,0.9958433006600989,0.997117062616217,0.9972656217491777,0.9958265198874202,0.9958341292388434,0.9900514967170468,0.915829457492328,0.8903054565820828,0.9278390963553523,0.9293897372625148,0.9071984049516113,0.8810590491811102,0.9250795194241928,0.8836262543221516,0.9128541185839854,0.8806951361705363,0.9553828751477366,0.9553570944378355,0.9692436749581609,0.9847045675513955,0.9826527889719904,0.9848648580261428,0.9804877584442702,0.980959799510587,0.9822241834822545,0.982152400216731,0.9505007353046514,0.9628164128249964,0.9402248751415957,0.9401249477734244,0.8734667674234448,0.9795081154114612,0.9810071922363545,0.9811934302730511,0.9807986592663714,0.952505265657037,0.7715532554459977,0.7295285808869817,0.8342562797942691,0.8967431410591628,0.8503333502735628,0.8740347299589333,0.8727903873632089,0.7308715928567148,-0.20671090677768358,0.970531247816115,0.9745046085161709,0.9703244168698519,0.983212255472109,0.9681242849381692,0.9735060129886653,0.9729128756330112,0.9313787897082069,0.9753039846281883,0.9343724803872098,0.6974274165084963,0.9088063420166894,0.9071002081374786,0.5051925856607322,0.8307603065661481,0.8353443420905555,0.7421810432399786,0.9667397620682483,0.7150478077108532,-0.29536845549722296,0.21928802754794227,0.7422133252625028,0.6911282341764785,0.7347798969909789,0.9682792655867092,0.9682654238329783,0.1438828458157298,0.31577811881317774,0.15025470324551932,0.12240724571883593,0.14379740118466625,0.1582873924935163,0.15528304022320916,0.07624050305847832,0.5081310613305773,0.23906294844133652,0.18832878974876865,-0.4406341677559215,-0.485753838850334,0.6641791123106977,0.7501425574450817,0.7742741928955416,0.8354946535420591,0.8172815273281584,0.5705049068208234,0.7536532046128108,0.7687418665172188,0.7675603751845821,0.41947347120309675,0.21490214756206122],[0.985634826663256,0.9884294270701113,1.0,0.9870338442816835,0.9931614711919091,0.9915326064978981,0.9898545272503642,0.9905215100883519,0.9907570398728334,0.9932168237309559,0.9972088974695708,0.9963706441667777,0.9903862277994432,0.9925843051407761,0.9905794265069094,0.9900072899434538,0.9908375241346923,0.9901470863680918,0.9892344270679003,0.9892070707599209,0.9920858452317951,0.9904071033977528,0.9947954879864815,0.9839988606310359,0.9912335066659448,0.9809486336210611,0.991801439195958,0.9871976209102927,0.9863080242963912,0.9595373152442976,0.9696707911781601,0.9738522264260943,0.9767333650973534,0.9541371899537343,0.9871569512874893,0.9902488214684182,0.9886260569528109,0.9921933593159619,0.9947386411218667,0.9910371541335865,0.9850570880375698,0.987889483208828,0.9875032757371707,0.9868766090712308,0.9921449878987919,0.9111893568749335,0.9334953130866006,0.9411545847635615,0.9229839322573209,0.8632720961322667,0.9212414002733924,0.9040917997376557,0.9238993565837194,0.9278149344317782,0.9125662715189433,0.9494940999806399,0.9581635288430211,0.9667300617069945,0.9776796767057009,0.9399594814971257,0.9649300375891258,0.9633136806823305,0.9702337867059705,0.9635632907052015,0.9381805840368064,0.9225110196137304,0.9463386376517355,0.9360327548729039,0.917312893747958,0.894747160312539,0.9706674262214806,0.9491540762523419,0.9630623638813772,0.9421458436808552,0.8273714777207052,0.8485081871628333,0.7658969227603363,0.8668915386603885,0.8938758878584818,0.8954558987076946,0.8623661550383902,0.8767477463209138,0.40551899330069785,-0.5453353826804495,0.9606073912958958,0.947919906651575,0.9473444068438245,0.9399870806343036,0.9550678414620509,0.9630971361397435,0.9626748648285423,0.9337455845970842,0.9582712073990102,0.8786166131646711,0.7613428177281892,0.9514568215711368,0.950903697252321,0.7825395814613852,0.9387381003023918,0.9404308679371205,0.8727315941786233,0.9801060223003554,0.7756711783228304,0.5010145341433804,0.6655286114999015,0.7969275888328841,0.7973667877804811,0.7780797782250433,0.9824694666658365,0.9825036458788703,0.7122732984569323,0.6858809418621302,0.7105826262450459,0.373890011210076,0.7032783546196054,0.7137751821207083,0.7261478902412892,0.7125020950470444,0.7439988653344786,0.6856331257461776,0.66765304386551,-0.3394996749422894,-0.47859042426815585,0.6296209965344753,0.8514472823597654,0.880749297726568,0.8864960606722312,0.8776629053983049,0.7571420152155754,0.8583199103621076,0.8697617238259127,0.877166286881588,0.7329464832507893,-0.084745143793301],[0.9999286393147389,0.9998377568319123,0.9870338442816835,1.0,0.9993760321906434,0.9859761782177943,0.998165423469617,0.9965891803219512,0.9717764515720823,0.9969360988333117,0.9953381896033119,0.9951291038282055,0.9966849064535382,0.9968079845138856,0.9966333451824716,0.9979709825357972,0.9982880779917419,0.9986736262700975,0.9971571503857285,0.9971663254596227,0.997227575268557,0.9966501192823439,0.9887073276947638,0.9730692193442916,0.9911088612985295,0.9598023083384005,0.9902480722603013,0.9896306506509998,0.9706426231594525,0.9546707969799081,0.9921781912145007,0.9936073711283545,0.9925087918722078,0.9774069885545001,0.9979098494653572,0.9982288154795491,0.9978308534667085,0.99679498610608,0.9963816067208606,0.9981559854428026,0.9986769745532078,0.9989030182793904,0.9978693616764736,0.9978766933662406,0.9787429761662063,0.9123391113857299,0.9484276480640778,0.928710044199111,0.9280643334700505,0.9005191372097443,0.9604553695812957,0.9456351771486379,0.9621088940359738,0.9639327872251076,0.9531667154078934,0.9822985221102002,0.9801696196208243,0.9897152222460555,0.9942328176143339,0.9857126113845264,0.9819179500569998,0.987259383590575,0.986166404384393,0.9877277463167179,0.9875537264019548,0.9539021044281735,0.9743467484336118,0.9750142318513487,0.9747016590508373,0.9483800764398496,0.9807262978659798,0.9754722698729614,0.9839814523391426,0.9832555953962707,0.9227552641068385,0.8899031208894032,0.8551283522502474,0.9054266435235239,0.9208155533978828,0.9205404481549418,0.9191376796527183,0.9178636738998801,0.6113224624636546,-0.5558627885673929,0.9805270084883799,0.975783599418475,0.9723707380903637,0.986411455881704,0.9744912906379956,0.9842072976119796,0.9841985635215659,0.9490533908135954,0.9837522722881359,0.9376374800809822,0.78216587460137,0.9147223243979339,0.9340437324082974,0.8069068118979847,0.9533099869341735,0.9541034982244254,0.8999547963516037,0.9670935958692931,0.8894385245254447,0.5936211507237353,0.7210788694601521,0.8971122252995802,0.8673335259781572,0.8880116285847658,0.9753723925566019,0.9755529949643593,0.7828519114092293,0.7405292066587115,0.8170042708295339,0.4295809462577889,0.7979656966110477,0.8209684987485886,0.8161143868817492,0.810749664956449,0.7849429810992444,0.7519927306483528,0.7352389852704683,-0.27269555033611464,-0.41601834134345816,0.6635820393482224,0.8891342360959916,0.9318825012024878,0.9399173577397301,0.9052929321823884,0.8228093717725208,0.9072131427097008,0.9249477630394614,0.9249482343366358,0.8540473904952846,-0.15556501218249905],[0.9991339999263155,0.9982915704061804,0.9931614711919091,0.9993760321906434,1.0,0.9888294484956899,0.9990974646376285,0.9985553730614949,0.9840235589065607,0.9985558793464816,0.9981600693662118,0.9981988436353642,0.9985827638886462,0.9985879489877472,0.9985875001232613,0.9990830300499661,0.9987348091654621,0.999304913366186,0.9989010378920524,0.9989018147521875,0.9986424874420748,0.9985773622885393,0.994542539741678,0.980649742543948,0.9950292099960388,0.9770373548259333,0.9950058291475007,0.9924004190984076,0.9833450328228748,0.9580140833118532,0.9892401915337138,0.9919186501344112,0.9897706498340222,0.9694831118214888,0.9989390396894879,0.9989926818394312,0.9990111223900444,0.9986639801104615,0.998684835161217,0.998984492729078,0.9989795593473234,0.9992032734562082,0.998944232505967,0.9989442746441777,0.9883167923225945,0.9223163647732802,0.9476620385268212,0.9395184469641574,0.93185060269762,0.8961668804439809,0.947231960126258,0.9400972309298792,0.9515152358860413,0.9574522988064621,0.9461019222004076,0.9795788528565791,0.9794953467350388,0.989646715228053,0.9940479338651358,0.982563238500729,0.976627250910556,0.9829996502878185,0.9825602453128686,0.9833545617239057,0.9831693253947063,0.9544010020029994,0.9662156715321991,0.9609896593395361,0.9606300030955499,0.9232491762273933,0.9781343223365658,0.9744948680950959,0.9802717498586474,0.9794962652387401,0.9404687591126758,0.8703442530901044,0.8334264843060164,0.8910137529255595,0.9256225610053086,0.9104044588814726,0.917385458771305,0.9163087549451248,0.757089196560926,-0.5663565075487564,0.9746436961707136,0.9662337032296258,0.9636449032624689,0.983475026007943,0.9654939423330883,0.9780758329440191,0.9777513299303956,0.9409683390617984,0.979583411304202,0.9435296409122408,0.7717799940577861,0.9294276650854121,0.9537677029069144,0.7708931035776214,0.9409319550102937,0.9423862013415505,0.8942391481742109,0.972022268771487,0.8882349990671796,0.43369163429885677,0.6630694240969345,0.894077660116279,0.8436500690283195,0.8895727173117228,0.9788752609308569,0.9790124322111734,0.7477378546195336,0.7242769771984892,0.7515739895418212,0.4078636783376152,0.703522770543673,0.7564318712609118,0.751909908102065,0.7153963910628323,0.7718740138156128,0.7372205156027366,0.7195974209260776,-0.4780972914132716,-0.5594095085839972,0.6585595488951673,0.8837778087096397,0.9177256161512171,0.9341189457823436,0.9032775037493157,0.8040194972624273,0.8955577568428139,0.9115833634336801,0.9111129391967888,0.7907946945682902,0.0544145714819603],[0.9848139844180135,0.9899288246985786,0.9915326064978981,0.9859761782177943,0.9888294484956899,1.0,0.9838572406583289,0.9847755937281579,0.9926809501238868,0.9842056217787856,0.9800032240675071,0.9791909285248701,0.9846402989580102,0.9851339619232518,0.984846678710682,0.9844923487164451,0.9878700335354306,0.9856394829682796,0.9855078959935748,0.9855214392574303,0.9836777658878163,0.9847621292078982,0.9953814393235767,0.9935327490147026,0.9860925026140361,0.9869477688445667,0.9863715524940317,0.9772231904989837,0.9881925973307732,0.97403832208771,0.9626717049035577,0.9682919559774409,0.977337780194468,0.9667240936711073,0.9835351318096736,0.9839173870106727,0.9847393672532857,0.9854206383534472,0.9799245658931108,0.9843630062859909,0.9827474343179187,0.9844731744602349,0.983726358216378,0.9837454362144035,0.9960383700422861,0.8705993036208632,0.9257498236539085,0.9096564395600413,0.9216928416589448,0.8810284049735986,0.9181392678026499,0.9094318028038948,0.9207776554544307,0.935335203273013,0.9169092514059224,0.9506749396148633,0.9559668128959572,0.962273917219205,0.971466185303308,0.9707353398281068,0.9865751976990077,0.972471804603315,0.9841288034886052,0.9720633590176727,0.9714871841248545,0.9764546363234846,0.968572744829362,0.9483474063070861,0.9477786180276273,0.947042958327617,0.9827314205471133,0.9753733976595085,0.9720620550492827,0.9707045993818141,0.9634633081397397,0.8917422686136155,0.845996655491067,0.9088776179297648,0.9168528432512709,0.9261823950137308,0.9071709192622713,0.9049360444416767,0.7335021908286019,-0.5048440056311639,0.9807049544574068,0.9821430209617368,0.9779208059450056,0.971607565154714,0.9731620062969407,0.9794506942171731,0.9790190035658347,0.968179318042916,0.9689141176474828,0.9671255343531844,0.7838435598414947,0.8886411060861065,0.9534494072927978,0.8166352019322983,0.942258262260714,0.9432887475194057,0.8677041943520849,0.9591443144463917,0.8358665270411306,0.5207378990824222,0.6867516081743549,0.8455219369542432,0.8202374845692606,0.8350205893544286,0.959550160990278,0.9596378802670452,0.7375175049025392,0.7168191100802062,0.7524978382762573,0.4317615520592231,0.7444767002854807,0.7579176110414423,0.7517485448100628,0.7486938700835299,0.766072389211323,0.7133959319176192,0.6993094006129106,-0.30033476427277056,-0.43034467975332485,0.6709906374495738,0.8565861694602996,0.8747243727327447,0.888488556714089,0.8670111622617585,0.7823411043780072,0.8496587444418894,0.8666536764328759,0.8667273258530254,0.8081765824896541,-0.11902128939774397],[0.9979254416119152,0.9946552808081082,0.9898545272503642,0.998165423469617,0.9990974646376285,0.9838572406583289,1.0,0.9975161115014557,0.9571870792291496,0.9996073098053081,0.9995624590561688,0.9995829171152588,0.9984116925440548,0.9994729167638737,0.9991802771436301,0.9998909521602316,0.9965632608603507,0.9999032787018634,0.999375419217283,0.9993802132233345,0.9997118291254331,0.9993247915577999,0.9907204266567019,0.9746338192764796,0.9858093546707849,0.926596194619938,0.9935265497277163,0.9920678327146087,0.9740163347001696,0.9516409353936708,0.9916161384043606,0.9918723433784482,0.9935162473996636,0.9747892914770298,0.9990019624303864,0.9998509038121577,0.999713160083322,0.9994798553358916,0.9997657443933412,0.9998352852109321,0.998502986323678,0.9997345803570509,0.9993846723116415,0.9990386041404365,0.9806462544734068,0.9301946392673045,0.9511492359384793,0.9487374898277473,0.9391450139197781,0.8963648536855466,0.9570751251949091,0.9452786601964056,0.9594024294991851,0.9613960447647053,0.9518674762528372,0.9814298882214684,0.9807934150364751,0.9916732596620672,0.9963631887819248,0.9499332141676659,0.9647523383214445,0.9741069503624843,0.9747772367173947,0.9756424007829814,0.9499425503058505,0.9066219796829934,0.9576936494372285,0.9626148045618999,0.9412080694441677,0.8981551276461331,0.9687182963518685,0.9423144190014836,0.9689865684736347,0.950300266718361,0.7876540746291445,0.8640572077837262,0.7860721144803036,0.8787548675960494,0.8955567183550945,0.90021398709706,0.8789160427844273,0.8908530971880818,0.35463824729696186,-0.5894755921403725,0.9659039078617415,0.9526444508022585,0.9512967501579268,0.9514321792809073,0.9617435941554122,0.9720314416445962,0.9721232148555453,0.9304964950311068,0.9689380588225204,0.8547040901994362,0.7663719761080168,0.9301555936017142,0.9333400469720735,0.7951723175703743,0.9512647777876687,0.9522139210236824,0.8977366530950073,0.9715134709388771,0.8321456832649585,0.5866329376504256,0.713734598844615,0.8556384887455302,0.8480187570108608,0.837157288166234,0.9792011588458315,0.9793890617117765,0.7732336175263154,0.7217543570243926,0.7820995724207802,0.4023211409486442,0.776581848670088,0.7941859006074602,0.7883349011142227,0.7922414357635813,0.7689889273511359,0.743148400217746,0.7246342265659383,-0.2872437733670976,-0.43807009787893497,0.6756234998520013,0.8878699801341037,0.9231289380763186,0.9401826753396947,0.9091559991023245,0.8236942184772431,0.9088809206577896,0.9280738137327225,0.9268266946512632,0.7753203498347199,-0.12318345254403125],[0.996166584072054,0.9918543408643304,0.9905215100883519,0.9965891803219512,0.9985553730614949,0.9847755937281579,0.9975161115014557,1.0,0.9680148991945848,0.9999998268303866,0.9999992963145466,0.9997499306611297,0.9999970690726457,0.9999925407033788,0.9999982089675155,0.9993117102800433,0.9913306898575388,0.9994450114249706,0.9999077875898215,0.9999074215635586,0.9999642418109654,0.9999987677110338,0.991156545641017,0.9762203816819933,0.9927944404864835,0.9406707093659181,0.9940244071745654,0.9902854660119667,0.976220816711168,0.9510168363581823,0.9879336719348938,0.9938289032151303,0.992071432817032,0.9717341835403634,0.999464797620357,0.9995628546599866,0.99966909306476,0.9997393090064084,0.9991968176074479,0.9994947184602744,0.9982043093929123,0.9988097363554667,0.999536426773221,0.9994020834356073,0.9823115775326613,0.9299850869780523,0.9483959353842416,0.9525546600553412,0.9374885627432622,0.8855632113885582,0.9553194514695307,0.9407265502071671,0.9572853296343383,0.9556582019096241,0.9458136111542689,0.9793933570195296,0.9778256475337723,0.9906146760566399,0.9968703893379759,0.9450896432093265,0.9607732078284368,0.9679486818659297,0.9718436331631745,0.9698617675079486,0.9482604033429421,0.8993914845285627,0.9531324317928922,0.9560345235934761,0.935907483774819,0.8865217196155704,0.9661220131197246,0.9363521554535436,0.9637283133135117,0.9458029786532351,0.7754386318403331,0.8563707851272675,0.7817387529445056,0.871123736029125,0.8886597348817878,0.8958629131025277,0.8746427311807573,0.884272465664984,0.33750369181928935,-0.593628014260909,0.9619213325421262,0.9464158778663371,0.9455466041342767,0.9495103632461485,0.9573813836871435,0.9681167200119588,0.9681921876578533,0.9260243787392078,0.9623669549691675,0.8441386565327703,0.7633745893116991,0.9437826081049215,0.9439608916552954,0.7917171687668876,0.9510375156342312,0.9521389676177,0.8951973647827106,0.9754218799181251,0.8349986867914412,0.572319809178676,0.7050088478757398,0.8565515966074785,0.8448257565614028,0.8392459264471053,0.9816201540328311,0.9818116537644567,0.7642942190004433,0.7141503980510334,0.7833229762500987,0.38996387905472985,0.7714266917611464,0.7896043942726536,0.7886917469661656,0.7866315528609519,0.7628258528825816,0.7373840035125951,0.7182969850328909,-0.30285718949932383,-0.4526231240565243,0.6617641494016682,0.8803367976765073,0.9205711121038841,0.9326050157124536,0.9033862066925931,0.812959615245896,0.902441037688428,0.9217772400916383,0.9207992964136268,0.7565180913260747,-0.10624675940769295],[0.9695184331436029,0.9853053642339551,0.9907570398728334,0.9717764515720823,0.9840235589065607,0.9926809501238868,0.9571870792291496,0.9680148991945848,1.0,0.9830439353490762,0.9873429708846703,0.9896509767202865,0.9716900070845336,0.9800099203602315,0.9766037695697984,0.974499404248512,0.9492439599385394,0.9793142218014379,0.9773606692726529,0.9773176835931959,0.9815248357935981,0.9764632407386438,0.9939688055902282,0.9927853930393058,0.9809443739857667,0.9888154099316457,0.9840104221440933,0.9900908269014632,0.990533371152131,0.9678112869520299,0.9277119103869679,0.9493194423771584,0.9656374905577532,0.9498157454546157,0.970994260455507,0.9793853318194158,0.9760997448015009,0.9784570339146809,0.987838864311437,0.9805172144700925,0.9669997352621938,0.9764264513095525,0.9718459013623421,0.9708024901208239,0.9989596273871537,0.8892085022930648,0.9171802108103603,0.9436506753117909,0.9343120486808981,0.8591841612013805,0.8844087089830991,0.8815544012928758,0.8882755250123381,0.9109915559226286,0.891910047081241,0.9279700725758707,0.9436660348657304,0.9495074029606272,0.9614559596775846,0.8998329567504374,0.9661424096152544,0.9428335148007071,0.963963573430247,0.9428463826603636,0.8979421900695019,0.9122066240505046,0.939576647854746,0.9114195015288751,0.8744204783933022,0.8776500542870473,0.9654984382882064,0.9167529681206649,0.9411386738621825,0.9028406300214082,0.8145831973391889,0.8414068666445096,0.7219253801138856,0.8617320181766018,0.874838984795123,0.8885943138528178,0.836559832849553,0.855170352421,0.38358336413382405,-0.529922988587806,0.9549362557442177,0.9505088421525674,0.9467787798737394,0.8985872572079029,0.9449186068774353,0.9529012812255102,0.9522764710834516,0.9366281676369438,0.9372401366515812,0.8654891542000674,0.7676094242647121,0.9351425009747653,0.9592490577425876,0.7912170580273361,0.9318712375130968,0.9335297248769345,0.850244590430947,0.9675324399624887,0.7419816889777263,0.46380375503404786,0.6465624337831187,0.7741775645528505,0.7741770800181601,0.752380007035076,0.9668873523782457,0.9668842445900063,0.693187726207121,0.6751976278889107,0.6758674722765803,0.3814212423780761,0.6850942211246136,0.6919274309643635,0.6759514147901906,0.6907756676819062,0.7367561458067108,0.6798201574485543,0.6631367797975144,-0.34600345768144986,-0.4813915796584483,0.6728228542939716,0.8360940394521537,0.8336078201213972,0.8610558173746813,0.856660164754652,0.7495070008469739,0.8137573487320364,0.8392222825105891,0.8333198004788483,0.7049120156963312,-0.04447345356280765],[0.9964764050084811,0.9918699106800818,0.9932168237309559,0.9969360988333117,0.9985558793464816,0.9842056217787856,0.9996073098053081,0.9999998268303866,0.9830439353490762,1.0,0.9999991187670862,0.9997546521898516,0.9999985224425855,0.9999913412159875,0.9999977146408568,0.9996729789765142,0.9978207785376492,0.9994403767613492,0.9998808606384436,0.9998808146263213,0.99997680247704,0.9999992983783113,0.9937274197017281,0.9777868136290906,0.9960841073607589,0.9736719269124782,0.9961681438033297,0.9902711422708478,0.9805745407430911,0.9522780832800932,0.98946622309391,0.9935986454832231,0.9895757607514075,0.9682450909259387,0.9994875282869063,0.9995545832172109,0.9995668454510984,0.9998284551998831,0.999210068444397,0.9995023951342865,0.9984120052244995,0.9988511403499459,0.9994919793480834,0.9994870874998004,0.9866411202299805,0.9299054607832867,0.9484329815677349,0.9524164253055921,0.9373616774490425,0.8857033010619008,0.9452656650267549,0.9345760551470412,0.9489581434871645,0.9537268198048229,0.9437407879687604,0.9781006599649885,0.9778604857306028,0.9911790459579694,0.9966535833202581,0.9728695715325291,0.9607471660313119,0.973367612142807,0.9718200559838075,0.9738208410187537,0.9735723316456872,0.942575177312228,0.9530756179230103,0.9515793840148379,0.9512456259321911,0.9120451005017809,0.9660733743037176,0.9650867530270375,0.9707704461725168,0.9698017068516337,0.9274441879228813,0.8564188274138965,0.8137269363756899,0.8709256474792038,0.9089044730976945,0.8959991004776938,0.9019544991292735,0.9011013943580733,0.7103555004141595,-0.6024614197606376,0.9619048937094133,0.946417708912813,0.9455583419760668,0.9739898824785462,0.9528455363747091,0.9677656540666355,0.9674003303328215,0.9267715851395898,0.9695034092743943,0.9296416441155233,0.7633847174641128,0.9434753434206526,0.9559456185899544,0.7747736207498306,0.9444991568282365,0.9457742439268053,0.8952697471516176,0.9745803474441272,0.8960709060141968,0.47213930936095105,0.6805915484703828,0.9018538878896417,0.851887836233719,0.8974649863981493,0.9815766520022695,0.9817992073550175,0.7643630231523253,0.7139191935823516,0.7675037865413924,0.39008706208920896,0.7207939242660223,0.7724293396995182,0.7678394590391221,0.7342544286772844,0.7625815770835405,0.7373488448769102,0.7182398094027559,-0.5233083461495577,-0.605229075765363,0.6614311836703494,0.8804078497036398,0.9200402698711226,0.9361831862158385,0.9034986151021925,0.8093441680506829,0.8967097647205348,0.9135996653283003,0.9130612292953821,0.802813418102827,0.1198802898904089],[0.994654104926347,0.9918825336206314,0.9972088974695708,0.9953381896033119,0.9981600693662118,0.9800032240675071,0.9995624590561688,0.9999992963145466,0.9873429708846703,0.9999991187670862,1.0,0.9997546775370956,0.9999963335388927,0.9999946829986538,0.9999982902735244,0.9996543128414475,0.9974572411154352,0.9991634741590113,0.9997779811358377,0.999777823818743,0.9999984049515799,0.9999983061882021,0.9928497885796682,0.9728987411836066,0.9951153781345152,0.9815723969967747,0.9957147779272338,0.9902869480274117,0.9825715419128512,0.9440269198450855,0.9883471154528616,0.9929140199719753,0.9829763991174165,0.9419386040115362,0.9992492710156486,0.9993068531342202,0.9992437721496389,0.9998897114966778,0.9991923382045436,0.9992541147200661,0.997822176744271,0.9984261230651862,0.9992208485477398,0.9992182944871388,0.9887017791257638,0.9295942960672154,0.9128681111243389,0.9523527253220255,0.937251366846352,0.8853619446707527,0.9121212648413244,0.9014801745403824,0.9168165389043827,0.9256871552127176,0.9104173995418237,0.9697210145920806,0.9696952643797349,0.99044968183585,0.9950624833694477,0.9654215883152116,0.9608570212834955,0.9617736510159537,0.9622119351718814,0.9634329978129502,0.9631732846053351,0.9187052042831886,0.942934195371458,0.91983827812593,0.9193484346874431,0.8430463847079607,0.9636385994332994,0.9695818513232247,0.9658334545146043,0.9647509725030717,0.9188820788420741,0.7831062142116181,0.7421103883091577,0.8296939898516198,0.8856820976664062,0.852187610685487,0.868862631552444,0.8674239317386131,0.7063987885978072,-0.42156081352144037,0.9486877233025046,0.9465375836706347,0.9456406338180924,0.9666644172559925,0.9395217486088592,0.9517339921491489,0.9510847431318342,0.8972297237750083,0.9547296355807494,0.9025413556458,0.7635383215494319,0.9438149292290853,0.9592528554319735,0.656042566634017,0.9009933618196916,0.9038424906452313,0.8509203261249669,0.9844831216572844,0.8385425419954037,0.13446514792353945,0.5283014199509177,0.8508355188081873,0.8159835637558387,0.8451583368224788,0.9852310020216118,0.9852479805988922,0.5126182240954567,0.6222596708462079,0.5198824983240871,0.39000221189775913,0.48542584517499876,0.531709316753041,0.5215057418594481,0.4584492739865844,0.7503261677256806,0.595885402164733,0.5561603357662459,-0.48707016099304046,-0.5427269538799214,0.660818781268352,0.8591090592004922,0.8719072487512051,0.9028515563754717,0.8969609045588275,0.6634347180483925,0.8400653357663274,0.8642282597257764,0.86347916056035,0.6074027979597727,0.06410607140027486],[0.9942368459181591,0.9935654455822617,0.9963706441667777,0.9951291038282055,0.9981988436353642,0.9791909285248701,0.9995829171152588,0.9997499306611297,0.9896509767202865,0.9997546521898516,0.9997546775370956,1.0,0.9997682219803165,0.9997530440613843,0.99975986528304,0.9996579030536937,0.9981018819658849,0.9993698473815233,0.9999684044724866,0.9999680869577132,0.9997588833664028,0.9997648167015499,0.992300113163452,0.9690805992144982,0.9937966382796508,0.9820398384065021,0.9946145899179795,0.9929779211989175,0.9783464034241314,0.9236642224478641,0.9910257467953664,0.9939704627684901,0.9783056601290725,0.9217092907323423,0.9993795482064579,0.9994307126234587,0.9993892852330809,0.9995627292197424,0.9995896775806765,0.9994069361090491,0.9976714039705302,0.9984537196589129,0.9993669585871753,0.9993637654127512,0.989907843203908,0.9248378145881738,0.8977949778809547,0.9494941207774286,0.9367075334088127,0.8854449455605301,0.874226833469775,0.9140143610745114,0.878088622829686,0.8996908424082422,0.8722975433899616,0.9565070616433409,0.9564889948912462,0.9811330407708574,0.994367143154806,0.9645684013411093,0.965646178385015,0.9579516827622097,0.9603356529036561,0.9609151162608612,0.9607621791453111,0.9195858932573638,0.9351489585509253,0.9067344127499388,0.9065707126769867,0.827099623791527,0.962414370198489,0.9647315950387528,0.9648245531273617,0.964270160354946,0.9256252032198089,0.7262791209461594,0.6807660295024608,0.7911802705631154,0.8611266425256736,0.8116726148235629,0.837123402852787,0.836210145662655,0.6801869532374144,-0.3222806852070653,0.9433492176654503,0.9495181844491891,0.9431096663030114,0.9654995313758094,0.940330326824488,0.9473328060864091,0.9465138293750638,0.8952355386487638,0.950083177845397,0.8993852425765604,0.7105575289366362,0.9411095660716358,0.9355428609100646,0.5142674037331438,0.8402656888860278,0.8451697608519473,0.740750964001976,0.9776970003607649,0.7166070712088713,-0.23675497294727352,0.2589356028970126,0.7406842690031733,0.6955390703302157,0.7342514451464865,0.9788823219001112,0.9789683394647031,0.1883198390296416,0.3458877001283326,0.19319511616907745,0.16535004132543735,0.1852912778985117,0.20189433258200085,0.19953344719063432,0.11592855255459103,0.5348218730447927,0.2672027898220984,0.2146498321090768,-0.505784258874746,-0.5499585277071036,0.6616845567091114,0.7516016836552313,0.7756155831396058,0.8388991300947474,0.8234745404280719,0.560699611975138,0.752376531600256,0.7703558670315891,0.7692488829376256,0.4216448821444606,0.2558649145854892],[0.9962803435095011,0.9919968643972357,0.9903862277994432,0.9966849064535382,0.9985827638886462,0.9846402989580102,0.9984116925440548,0.9999970690726457,0.9716900070845336,0.9999985224425855,0.9999963335388927,0.9997682219803165,1.0,0.9999910044761279,0.9999976790960178,0.9993607508718628,0.993026755723567,0.9994856764139768,0.999916873630719,0.9999167019223066,0.9999712911088021,0.9999989617887932,0.9910455311012979,0.9760424818247492,0.9934545245508145,0.9456081168398609,0.993977450282787,0.9904050292435507,0.9760272634607119,0.9509747118262978,0.9888410554532444,0.9939081227387105,0.9921589263668138,0.9718742467553821,0.9995074961398381,0.9996029728944876,0.9996999278518368,0.9997393501509922,0.9992595002134985,0.9995363569069252,0.9982916135497516,0.9988785236869635,0.999579393213477,0.99944561044264,0.9820808137708025,0.9302765606616201,0.9485824082087253,0.9525135729511963,0.9376550579830814,0.8862638007601958,0.9556781926768888,0.9411302326785508,0.9576485695802313,0.9560159651472872,0.9462223253813528,0.9796517937046073,0.9780229944994427,0.9907590528752481,0.9969495334506681,0.9453711256933213,0.9608565991575501,0.9681828018901253,0.9719326400707625,0.9700934934105859,0.9484951408202789,0.8994380857436575,0.9533334124068359,0.9563980718922921,0.9363077828965811,0.886811416422468,0.9661633299578222,0.9365253071482575,0.9639106148483412,0.9460643110043193,0.7754241427879974,0.8567231969247694,0.7822313523765061,0.8714578178477149,0.8889207767818176,0.8960381106784553,0.8749956405081658,0.8846260971397406,0.33769294966067337,-0.5936457203647383,0.9620611572850116,0.946631306730448,0.945737153701323,0.9497358661003723,0.9575316976412762,0.9682725726684906,0.9683501692336758,0.9260897763838707,0.9626203231709576,0.8442284829329937,0.7634745989061509,0.943168868830257,0.9434566875611352,0.7918101520465068,0.9510584011325187,0.952151562304204,0.8955401826879608,0.9752770521986668,0.8354826315243836,0.5733994593441325,0.705670952281614,0.8570242515989471,0.8453596905337963,0.8397247126985802,0.9815558440069766,0.9817473587863763,0.7649188305111964,0.7146856397430649,0.7839293768259821,0.39064915353285956,0.7721019086124488,0.7902959410159668,0.7893106207567478,0.7873427700908998,0.7631824837072915,0.7378373754496581,0.7187692975045884,-0.3019123037737319,-0.45178287067745543,0.6622413861861309,0.8808636867717311,0.9210380748382219,0.9331437865319718,0.9038687367722528,0.8135332779036348,0.9030254977001954,0.9223567375447446,0.921368175066355,0.7572046521058072,-0.10727989375311235],[0.9963159996235099,0.9918704914244767,0.9925843051407761,0.9968079845138856,0.9985879489877472,0.9851339619232518,0.9994729167638737,0.9999925407033788,0.9800099203602315,0.9999913412159875,0.9999946829986538,0.9997530440613843,0.9999910044761279,1.0,0.9999949259864446,0.9995550593166854,0.9977607690843907,0.9994426871827744,0.9999018742815803,0.9999008527095066,0.9999527745068594,0.9999912087261733,0.9930015224416203,0.9764471035270081,0.9957941477248065,0.967660929053526,0.9955694362636381,0.9902440756082553,0.9764017557420304,0.9511299569429098,0.9890711907714068,0.9939069969443374,0.9914183581544511,0.9713766946334496,0.999481924136616,0.9995552009207374,0.9996172733675204,0.9998853631888459,0.9992210036311503,0.9994842612456121,0.9981412634845952,0.9987985271602319,0.999500261893911,0.9994931555096487,0.9845792705593839,0.9300547361721263,0.9483256350871406,0.9523240937027736,0.937259204446688,0.8856563882878256,0.9498669986921924,0.9334315982433208,0.9521260237114381,0.9553508825753418,0.9454656447420111,0.9779596131313413,0.9776843912429233,0.9900019345941481,0.996940420998556,0.9730976658410759,0.9605155900180719,0.9735304407374119,0.9718263795664202,0.974491346806555,0.9742275679308698,0.9510042559497776,0.9527886371536824,0.9555326470681508,0.9551786167227122,0.9275446123929441,0.9661075869527964,0.9678529967356496,0.9723733278226108,0.9712785239536637,0.9362818952590483,0.8561140485888513,0.819868255187656,0.8706992619371371,0.9000212621714446,0.8956647908140619,0.8963292771827237,0.8951403308045113,0.6876452858625055,-0.5940502195709134,0.9619265043657745,0.9463098948137288,0.9453082140836093,0.9742295201776345,0.9574767886291671,0.9681241257847941,0.9682165124253477,0.9261666705822327,0.9687345150225473,0.9375994504539285,0.7632580477101837,0.943204939351288,0.9490402764582274,0.7909022987611243,0.9508951965858358,0.9519319497073968,0.8951399994731203,0.9756287706877366,0.8841974517772077,0.5726514929727515,0.7045538415434796,0.8919150862889342,0.8580191322101245,0.8826778712096972,0.9818321976889473,0.982051777842364,0.7634637397714232,0.7133686043778583,0.8010313787954799,0.3900668498105788,0.7769991414193108,0.8055688585683194,0.8000990926870631,0.7863293884245072,0.7626624824236302,0.7360265682449447,0.7169590580838784,-0.39330356373944825,-0.5143658763920202,0.6606971169615956,0.8804033041940951,0.9172977386199379,0.9284497753159876,0.9038363462191104,0.8120447836966274,0.8898490117551503,0.9102511991649149,0.9098369986464703,0.8401324725997839,-0.07415164151315115],[0.9962112952896229,0.9919304592715686,0.9905794265069094,0.9966333451824716,0.9985875001232613,0.984846678710682,0.9991802771436301,0.9999982089675155,0.9766037695697984,0.9999977146408568,0.9999982902735244,0.99975986528304,0.9999976790960178,0.9999949259864446,1.0,0.9994522831680125,0.9970203823365238,0.9994611705454045,0.9999107320227025,0.9999100711416791,0.999965297348693,0.9999975829217176,0.9912015235022308,0.9762858524182824,0.9951460100145648,0.9591805367237586,0.9949475495163532,0.9903601126468322,0.9762759632205752,0.9511878256612316,0.9913064932339012,0.9941755737476752,0.9920197294715589,0.9716440159116148,0.9994764799878741,0.9995642089627859,0.9996763570964227,0.9997549132188038,0.9992252433362177,0.9994921410587887,0.9982295087423348,0.9988261686825868,0.9995463985522896,0.9994147916400001,0.982312358825038,0.9300625445931457,0.948413451356005,0.952551091823231,0.9375976524035243,0.8858634549362945,0.9553985980122632,0.9408604656231121,0.9573964448649009,0.9556071488391232,0.9457292647037904,0.9794184714896638,0.9777692210945532,0.9905845176118675,0.996834175558908,0.9453856545575234,0.9608551598330267,0.968116486180457,0.971923147355858,0.9700153109000921,0.9480775950222682,0.8996094295260758,0.953040911663731,0.956099218559711,0.9361206314199713,0.8866570397676972,0.9662684057490397,0.936698895298097,0.9639322873015657,0.9461134669874642,0.7757877350700636,0.8563651041286774,0.7820014706138549,0.8711610161647101,0.8888305423127181,0.8958687315565032,0.87479543685535,0.8844413674868303,0.33786208617378577,-0.5933241618002926,0.9620069665094245,0.9465533356684875,0.945668912257746,0.9482565870529568,0.9575575202275822,0.9681984288488611,0.9682702819670463,0.9262177011806444,0.9625355992813402,0.8444081647216336,0.7634054038616419,0.9434877386795799,0.9438619745364614,0.7917185435738904,0.9509642378308949,0.9520700577102419,0.8950144043347008,0.9754388426175551,0.8350292972017783,0.5721440140057972,0.7048947789667886,0.8565603314652713,0.8449492686792682,0.8392736142468703,0.9816590196279554,0.9818474941942593,0.7639033638940407,0.7138087069055978,0.7833020894208436,0.3902231230740777,0.7714035823078124,0.7895234414309882,0.7888468184825183,0.7865309447579032,0.7627441632582538,0.7366404572148954,0.717588022118502,-0.30266984758882687,-0.4524312380622827,0.6620104699693669,0.8802417374355718,0.9206930434713834,0.9326449193228429,0.9034255474606222,0.8127530267474833,0.9026427175418763,0.9218117149031755,0.9209511826903534,0.7566116626266141,-0.10651736109678628],[0.9977006635506933,0.9941135470472658,0.9900072899434538,0.9979709825357972,0.9990830300499661,0.9844923487164451,0.9998909521602316,0.9993117102800433,0.974499404248512,0.9996729789765142,0.9996543128414475,0.9996579030536937,0.9993607508718628,0.9995550593166854,0.9994522831680125,1.0,0.9983795260147554,0.9998481120505495,0.9995428907460892,0.9995477422842537,0.9997645839047785,0.9995280228469042,0.9908271167222648,0.9752078870429446,0.9937653005129022,0.9514519105723553,0.9934093193911838,0.9919898783035481,0.9743758611729977,0.9517248579662685,0.9917546298138649,0.9925818942949889,0.9929159530965165,0.973798593780415,0.9992667248369483,0.999731263498759,0.9997133945417533,0.9995643684612165,0.9995883985855496,0.9996859066798168,0.9988335026492476,0.9995761257703005,0.999504523069588,0.9992619961855532,0.9808698521480606,0.9285489384037545,0.9505838945972193,0.9487348131680872,0.9379540705551549,0.8928920667423044,0.9575028373938689,0.9454930492896418,0.9597929678356584,0.9598545341173262,0.9500625031448139,0.9814547043351101,0.979889667254567,0.9915693152550111,0.9963413552455868,0.9501235680619293,0.9645265399369657,0.9733397865270301,0.9745123630475242,0.9749658417183038,0.951031132941127,0.9057020576418234,0.9564425382700524,0.9616264739755704,0.941289969877641,0.8957021593775335,0.968762097669713,0.941904148024007,0.9685168400006995,0.9506800093781901,0.7848529478941673,0.8621560365100539,0.7866090635307725,0.8767405084756158,0.8941503384530672,0.8987972974190869,0.8787184535468902,0.8899737467406388,0.34976997101515317,-0.590132539658787,0.9653713338267285,0.9516332279224133,0.9504778500492117,0.95255363742955,0.9616466760799507,0.9715182721874847,0.9715979386492871,0.9306514784968075,0.9680334828404049,0.8526964879118963,0.7651163910453299,0.9335258986476666,0.9356310295373403,0.7942516662537198,0.9510305695230111,0.9519404974800647,0.8952664555161503,0.971856469989581,0.8343069300035634,0.5822894338358454,0.7102306268