var element=document.getElementById("correlationClose");if(element.style.display!='none'){var correlationClose={"data":[{"type":"heatmap","z":[[1.0,0.9999837971930587,0.5795781429147163,0.999705202012222,0.9975282582015119,1.0,0.9910103041913338,0.9866586411296279,0.9916847830682246,0.9734056968402,0.982746441791005,0.9910541915635337,-0.12478397760254796,0.9911181558013675,0.9699348760236024,0.9644889216760167,0.43742588788601305,0.9921106520415983,0.9921088847530958,0.9841022663698988,0.9910558116865417,0.4470227998516581,0.6726326431751364,0.9782755908357545,0.9782531032230272,0.962349143100664,0.3140302806697459,-0.11990739245810769,0.9898090564255629,0.9897694205169832,0.2814293587974721,-0.19860146276678126,0.9938736390164956,0.9947212983603774,0.8148572259424058,-0.3879969134115576,0.98798561180741,0.994512374627159,0.9712098746473024,0.4195667833649533,0.9940551526460624,0.9940508075440934,0.9940551526460624,0.8881673572027905,0.6678236120993426,0.8703773163692398,0.8837020017101422,0.7927669508173172,0.386118358621258,-0.136884923146147,0.19188821360827368,0.9452554938731408,0.45428443308373284,0.9767920397261528,0.9711188786049006,0.9163150115850687,0.913864534005696,0.9341731983606958,0.9109005385252095,0.9310224356648593,0.9319026215333956,0.9310224356648593,0.8478655592492245,0.9075488633037728,0.9087604274046028,0.9075488633037728,0.8985442733650524,0.739158031776572,0.873153093078473,0.8749558700306015,0.873153093078473,0.6245032994823855,0.31233424573661833,0.6013152464030582,-0.5920391981955124,0.498477437689831,0.5495087239650327,0.5512182034349736,0.5495087239650327,-0.10329990013269678,0.885838496119761,0.918176452585571,0.9000107201476413,0.9179400991138682,0.4310964372014459,0.8827824989408509,0.8841722452452322,0.8827824989408509,0.8916943119017887,0.8916943119017887,-0.1550071210669695,0.5594052022866853,0.19247979437191312,-0.5723555769831856,-0.565699060723478,-0.5690307282421115,-0.0480513348843273,0.06488917612063734,0.2552537723765124,0.12468606730463648,-0.4009561364890339,0.04946159217570697,-0.7932680275012247,-0.21699701339933503,0.12880140160747242,0.1296922504337252,-0.5450937788540263,-0.6034405927827244,-0.21857609625281973,-0.49118068906493695,-0.8284469562826958,-0.35467816178969913,-0.34638923686501927,-0.35467816178969913,-0.18735387170503262,-0.2637605757946126,-0.2637605757946126,-0.8167227896247473,-0.8167227896247473,0.399089836211508,0.6555852703510715,0.8717246839397309,0.8507519340906938,0.7872615866159335,-0.2555459896887761,0.7653408049763354,0.805714667149388,0.8057747165594383,0.805714667149388,-0.2349064028832808],[0.9999837971930587,1.0,0.9706982656582722,0.9992496278562439,0.9940229885872489,0.9999837971930585,0.9788896859691477,0.9703188227468799,0.9786841619634167,0.9599270461822664,0.9807820175816436,0.9789413739370255,0.9789034543061108,0.9787303436139753,0.8631457183598154,0.8449170225129546,-0.2848200752713236,0.9841037995827604,0.9840761029072003,0.979001805400095,0.9789935441599713,-0.13588083265472756,0.9694693387043772,0.9722995771201755,0.9723685783411369,0.962726649308592,0.06068152484813427,0.15441319516674892,0.9764346184329222,0.9764961673205962,0.9718507343579645,0.1508248843059425,0.9879773107726597,0.9880474658869403,0.9888016038116177,0.980945630220349,0.9864705918908074,0.988029261691862,0.8595683662725256,-0.2912392487205513,0.9888704116767878,0.9888525619249343,0.9888704116767878,0.8881747503578118,0.5427315558374992,0.8710185684560061,0.883996232806523,0.7920574479624426,-0.4314571053482914,-0.5440626326300201,0.8271990824395106,0.8565532463944987,-0.1904589252290044,0.9341630323045561,0.9342507271170988,0.9266409985775877,0.936243770150186,0.9148425614620971,0.9144836678190762,0.9213934876168922,0.9220992275323848,0.9213934876168922,0.7848088441849369,0.7456833498393589,0.7479523459084461,0.7456833498393589,0.9305090714513805,0.9354777005386767,0.9304397615777927,0.9316030528354031,0.9304397615777927,0.4571703426298024,0.3978298645099101,0.5181515572177594,0.6228349624380205,0.5047869630466811,0.5437494575685756,0.5445886262515958,0.5437494575685756,-0.219978041728718,0.8732224404290085,0.9085674507815661,0.8955988625939199,0.9335793939001217,-0.11226916915734463,0.867589996968226,0.867983959095795,0.867589996968226,0.8784451547873345,0.8784451547873345,-0.2559387363313267,0.5603555104227078,-0.377560434593685,-0.671222151769999,-0.4685380686051703,-0.4718525114376077,-0.3142039714206879,0.22970122362166306,-0.2222014467696061,-0.4082169233424391,-0.6086412860326376,-0.29522131728982404,-0.49803769135022524,-0.34947128372093766,0.1052086669415386,0.10068199871127934,-0.491763592544412,-0.44819412925807767,-0.476410439837737,-0.5061078821396141,-0.4985399307058156,-0.4784507276928285,-0.4817459372526646,-0.4784507276928285,-0.3594114202526794,-0.502086430265083,-0.502086430265083,-0.4747023069133637,-0.4747023069133637,0.3989122532571524,0.4095361676372034,0.5174858840968328,0.59924733199268,0.5726829597331868,-0.39729001137599085,0.3779238163226361,0.36731845858688117,0.3674053610417323,0.36731845858688117,0.11258431751840034],[0.5795781429147163,0.9706982656582722,1.0,0.573417805278717,0.467362216240732,0.5795781429147162,0.5675784458761399,0.5562987525498279,0.4729444805321322,0.4148653225909323,0.9966790743413497,0.5676016865039495,0.5129721857414351,0.5679226554028529,0.5485201650345983,0.5784310258557144,-0.1144447412622543,0.514773332971206,0.514739219490447,0.4684467263831618,0.5672335352713426,0.21277310069351418,0.7066650921431514,0.5357474640414257,0.5354714115175319,0.9843815881275628,0.29951554896083976,0.17687302228615967,0.531908829053559,0.5314231897366046,0.7652391687838471,0.012656016390233048,0.5655721112789056,0.4702090689603708,0.5499670938612874,0.35466971608238346,0.9940614486986697,0.4595104654640065,0.545705331227922,-0.12101069261337531,0.5816680203632323,0.5643022858688318,0.5816680203632323,0.8929532124651929,0.38983671773637923,0.906701607253665,0.872844637072764,0.6540487350723647,0.20110382272749183,-0.01741866806823433,0.05602056821126091,0.4326392265202235,-0.07515124062018597,0.5224078827561628,0.4604884673725279,-0.06697252399238628,0.69983352702593,0.650849639226877,0.4986468523860254,0.6571518854665025,0.7172942143325636,0.6571518854665025,0.35015694118670365,0.5513621822498412,0.6474191637719103,0.5513621822498412,0.5737019543692127,0.6259061213195147,0.6673638658418339,0.7371395497157102,0.6673638658418339,0.21975050224298454,-0.0852518446981318,0.23765534412502834,0.14138553068366497,0.23782742581590594,0.26157423927175677,0.4030728107621336,0.26157423927175677,-0.17437897126905122,0.4549194092159696,0.8162775459194728,0.5410020001507162,0.7336940870078548,0.06302071285088928,0.5190003515562845,0.5201573714647607,0.5190003515562845,0.6377914221382223,0.6377914221382223,-0.27966649203709765,0.7220317243149471,-0.22248984386483625,-0.5603573567149891,-0.39441163873921714,-0.39749645468869493,-0.3949446251928728,0.02236534888332936,0.02390623189743901,-0.26789976357780676,-0.5427298711795634,-0.138637710392317,-0.23486555279180837,-0.21502402200033827,-0.016010937513369673,-0.018781774273713924,-0.45425200482366,0.0034159005629900213,-0.22436473239051072,-0.4875075034920044,-0.12135081956990977,-0.3629803951393332,-0.23957774245418495,-0.3629803951393332,-0.427887345636298,-0.5088708892482008,-0.5088708892482008,-0.24579302546992787,-0.24579302546992787,0.32781621907570974,0.1411372625787135,0.24822847440885643,0.4915445912964186,0.22416086358040282,-0.313674866674676,-0.03547826423016933,0.4483299628652075,0.5617932095705234,0.4483299628652075,-0.043686731460329226],[0.999705202012222,0.9992496278562439,0.573417805278717,1.0,0.9986639014916735,0.9997052020122218,0.9925825301314132,0.9887088813240228,0.9935859865147448,0.9712184821559544,0.9875598268919363,0.9926146903464053,-0.12904287143254145,0.9926512452873226,0.9713307062222062,0.9658799203027373,0.4231717865866948,0.9934612241175172,0.9934594898237252,0.984512577824331,0.9926056995746214,0.43831951722278906,0.6760844533147161,0.981197242354943,0.981175073763892,0.972183570667684,0.3092327387465338,-0.12711590496879177,0.9895112848119832,0.9894819381914471,0.27310870934668885,-0.19935964532636274,0.9946528086145513,0.9957765512969622,0.7749600213474451,-0.3936630020750606,0.9915070137038187,0.9958035465144883,0.9717015933754685,0.4049506674713267,0.9922712092614546,0.9947292392726971,0.9922712092614546,0.8865522417443952,0.655109463402467,0.8782483132011898,0.8804981261423316,0.7706268835998266,0.38064675040264356,-0.14280624076463322,0.18543184814354158,0.9394942155074462,0.43818453844127814,0.9724779972938351,0.9682971007406785,0.8924967194185938,0.9052490986103023,0.919415911572863,0.9059506358629165,0.9116973086801511,0.9129082002102636,0.9116973086801511,0.83817280009748,0.8940824951233747,0.8954213448786233,0.8940824951233747,0.8942318303433,0.6727553927248888,0.8296685362114684,0.831578542847279,0.8296685362114684,0.6145543113049797,0.10376723631779743,0.5894028583306133,-0.5971840455133581,0.4919624077335833,0.29038671865634696,0.519281644336765,0.29038671865634696,-0.11021367835649858,0.8792072914120845,0.907879031360011,0.8902359480230937,0.891792047144711,0.41766832408391835,0.877122454075631,0.8786918209196275,0.877122454075631,0.8697512508649236,0.8697512508649236,-0.1611693586325417,0.5857955567957547,0.19722762102330055,-0.5829719847686841,-0.5734857092899729,-0.5767326399559164,-0.06068079677089424,0.05939725164545924,0.2480652634590979,0.11179499837563733,-0.41375250796742763,0.04281313958481931,-0.8000041730629667,-0.22505345843683736,0.1177117496161031,0.11866550170083444,-0.5525993416346134,-0.6003151049290275,-0.2203289478158326,-0.5034155756763183,-0.8308511131572605,-0.35653442866525425,-0.34880593822767214,-0.35653442866525425,-0.19683574280599023,-0.27401669578408216,-0.27401669578408216,-0.8169842563138139,-0.8169842563138139,0.38596803935550966,0.6436610710137435,0.8641653924635601,0.84325672893689,0.7800193028788285,-0.2691623624811371,0.7564704586115019,0.7971456159224831,0.7972106157895053,0.7971456159224831,-0.21978860218479113],[0.9975282582015119,0.9940229885872489,0.467362216240732,0.9986639014916735,1.0,0.9975282582015119,0.9968251549410868,0.9949033244609372,0.9970180278156233,0.9610808113986503,0.995493505498154,0.9968448101877597,-0.3372794752120022,0.9968757675818956,0.9641427895013873,0.9531229366583416,0.22630349761594012,0.9974075606163826,0.9974050645590311,0.9862473630018533,0.9968353374776505,0.07369172912942115,0.6386985920908931,0.9907547417119714,0.9907112344622849,0.9852954759413391,0.06099574561327491,-0.11187187932580495,0.9876372443033512,0.987574569138098,-0.03956678653904201,-0.09655311569895045,0.9977260401970673,0.9976611192753219,0.7530827284552921,-0.5340559637191831,0.9972082219605335,0.9979265312318478,0.9618151926283816,0.20245217799720164,0.9976781632935386,0.9976800616742988,0.9976781632935386,0.9015589497076696,0.6160833022992291,0.899207245655839,0.8843798376218482,0.7379132205856982,-0.09955391281311815,-0.5812478389299116,-0.2337656167398899,0.9249882544411763,0.29284318946629456,0.9661396839336072,0.9662043863861692,0.8872076430526186,0.883323405310864,0.9055002723365765,0.8911555749500023,0.9036363431716529,0.9042630695366813,0.9036363431716529,0.8085458204442325,0.8376603264101254,0.8393386438089145,0.8376603264101254,0.8812515921445697,0.7752336358115024,0.8610864161545569,0.8623716177562507,0.8610864161545569,0.5660376069524659,0.42996411979688737,0.5489575427012353,-0.6397399141166568,0.5464872862857988,0.5237274324230409,0.5238976403919394,0.5237274324230409,-0.1307919502610891,0.8583221035369711,0.8778390857583127,0.8629896458701525,0.8971653073142298,0.27242973504779483,0.8594277620062729,0.8610281014742168,0.8594277620062729,0.8673684251684626,0.8673684251684626,-0.20388953875664198,0.6435976503558223,0.05101609409638899,-0.6179091668768277,-0.6302942660738841,-0.630495334102617,-0.09659212666137053,0.0814045821561343,-0.15082827832269108,-0.14119931165564562,-0.4993898151114771,-0.32941739189741226,-0.8622911097151775,-0.5219306999328451,0.08379336972472753,0.0846281172699116,-0.582904141100498,-0.5918725762978873,-0.5170416405645776,-0.5460591848186899,-0.7972760960098946,-0.5726863321091112,-0.5756990202985189,-0.5726863321091112,-0.240540357028263,-0.31250742395294967,-0.31250742395294967,-0.7633960973762033,-0.7633960973762033,0.36631697020588877,0.6222387694428076,0.8140931561340353,0.7891196229231928,0.7671189539706047,-0.40709450148744597,0.6060611240347695,0.6877657173531082,0.6879392482378395,0.6877657173531082,0.012675467655961942],[1.0,0.9999837971930585,0.5795781429147162,0.9997052020122218,0.9975282582015119,1.0,0.9910103041913338,0.9866586411296279,0.9916847830682246,0.9734056968402,0.982746441791005,0.9910541915635337,-0.12478397760254796,0.9911181558013675,0.9699348760236024,0.9644889216760167,0.43742588788601305,0.9921106520415983,0.9921088847530958,0.9841022663698988,0.9910558116865417,0.4470227998516581,0.6726326431751364,0.9782755908357545,0.9782531032230272,0.962349143100664,0.3140302806697459,-0.11990739245810769,0.9898090564255629,0.9897694205169832,0.2814293587974721,-0.19860146276678126,0.9938736390164956,0.9947212983603774,0.8148572259424058,-0.3879969134115576,0.98798561180741,0.994512374627159,0.9712098746473024,0.4195667833649533,0.9940551526460624,0.9940508075440934,0.9940551526460624,0.8881673572027905,0.6678236120993426,0.8703773163692398,0.8837020017101422,0.7927669508173172,0.386118358621258,-0.136884923146147,0.19188821360827368,0.9452554938731408,0.45428443308373284,0.9767920397261528,0.9711188786049006,0.9163150115850687,0.913864534005696,0.9341731983606958,0.9109005385252095,0.9310224356648593,0.9319026215333956,0.9310224356648593,0.8478655592492245,0.9075488633037728,0.9087604274046028,0.9075488633037728,0.8985442733650524,0.739158031776572,0.873153093078473,0.8749558700306015,0.873153093078473,0.6245032994823855,0.31233424573661833,0.6013152464030582,-0.5920391981955124,0.498477437689831,0.5495087239650327,0.5512182034349736,0.5495087239650327,-0.10329990013269678,0.885838496119761,0.918176452585571,0.9000107201476413,0.9179400991138682,0.4310964372014459,0.8827824989408509,0.8841722452452322,0.8827824989408509,0.8916943119017887,0.8916943119017887,-0.1550071210669695,0.5594052022866853,0.19247979437191312,-0.5723555769831856,-0.565699060723478,-0.5690307282421115,-0.0480513348843273,0.06488917612063734,0.2552537723765124,0.12468606730463648,-0.4009561364890339,0.04946159217570697,-0.7932680275012247,-0.21699701339933503,0.12880140160747242,0.1296922504337252,-0.5450937788540263,-0.6034405927827244,-0.21857609625281973,-0.49118068906493695,-0.8284469562826958,-0.35467816178969913,-0.34638923686501927,-0.35467816178969913,-0.18735387170503262,-0.2637605757946126,-0.2637605757946126,-0.8167227896247473,-0.8167227896247473,0.399089836211508,0.6555852703510715,0.8717246839397309,0.8507519340906938,0.7872615866159335,-0.2555459896887761,0.7653408049763354,0.805714667149388,0.8057747165594383,0.805714667149388,-0.2349064028832808],[0.9910103041913338,0.9788896859691477,0.5675784458761399,0.9925825301314132,0.9968251549410868,0.9910103041913338,1.0,0.9972299870700944,0.9999684331049252,0.9525410513384146,0.9996054043592844,0.9999962305788259,-0.1426314678022063,0.9999925953971931,0.985213938886169,0.978930594453344,0.3749891951495659,0.9998400111546524,0.9998403809314721,0.9886806658705605,0.9999964368411772,0.34550104510258806,0.6770006773565436,0.9844668118647034,0.9847901617426527,0.9866077303299882,0.23146718068401337,-0.18554996202426444,0.9920660819279894,0.9918125784868482,0.1733255025164183,-0.2492819673853758,0.9992999718503582,0.9993937228058168,0.3604685999966031,-0.326782791636802,0.9987338723804937,0.9993138870203971,0.9818347359742842,0.3552640839820423,0.9329607959037909,0.9990299948753157,0.9329607959037909,0.9103249598342558,0.6201224121958836,0.9210291674978964,0.8935098333200736,0.6927675042025361,0.412888956592653,-0.08504979016257846,-0.21016421094114512,0.9236360136952964,0.3974344492308676,0.9682811732889548,0.9614726865751803,-0.07824372642424168,0.8346028888844993,0.8056492884000606,0.8529740067549633,0.7991481705274794,0.7663575596411928,0.7991481705274794,0.7653794460865592,0.7664112198232292,0.7639257914417956,0.7664112198232292,0.8406763678187267,0.31716634410429406,0.5328035264278294,0.6136682059629437,0.5328035264278294,0.5338734279323278,-0.3602714886336611,0.4954993803281305,-0.6601814306497404,0.4144761861230706,-0.12595902577420653,0.37636213491003734,-0.12595902577420653,-0.15411518142960443,0.8163607625836002,0.8280297537870448,0.8164927492032257,0.739482712829074,0.3685126732334879,0.8190298861132712,0.8212606272974694,0.8190298861132712,0.7276374408864271,0.7276374408864271,-0.2408184957521755,0.6923229067990466,0.2520601918523234,-0.6002772790737955,-0.6161838795787915,-0.619001946458238,-0.11171049753679255,0.007389075592234112,0.35314898948077755,0.07357847155600929,-0.43961853267941936,0.09497544172916912,-0.8270988543374792,-0.12834852298913715,0.04649857939674283,0.04758384702515345,-0.5979615991636389,-0.606488835594012,-0.05965063991084627,-0.5826927959538615,-0.8432311162509621,-0.3525792042178298,-0.18028533424538282,-0.3525792042178298,-0.2757617174393692,-0.32327939808495665,-0.32327939808495665,-0.836416495465328,-0.836416495465328,0.36408115080416625,0.6000820170273724,0.4988557838431827,0.806589454966875,0.757174525595229,-0.3265920679920082,0.060203691166197754,0.7622938218373864,0.7808996148616246,0.7622938218373864,-0.1450792010059983],[0.9866586411296279,0.9703188227468799,0.5562987525498279,0.9887088813240228,0.9949033244609372,0.9866586411296279,0.9972299870700944,1.0,0.9994809323184766,0.9443645751194726,0.9983507008149324,0.9980253957239765,-0.15183967094288203,0.9990256884079337,0.9838079201863186,0.9711184223356677,0.3528731303905405,0.9990762128493957,0.999079145229459,0.985786079549414,0.9991844496160801,0.31847152344201807,0.6764948083859301,0.9919930787617413,0.9825281193929941,0.9824925426942108,0.21198421198360784,-0.20036739522400762,0.9883435044801313,0.9917567469039139,0.15309081108075215,-0.25610591410878375,0.998159355582066,0.9980680239253074,0.3399390560964991,-0.3342087908046067,0.9962417773516601,0.9979192197769188,0.9809393250209922,0.33266753716775915,0.9242838496034046,0.9979905865184259,0.9242838496034046,0.9076569960779421,0.6042147191888358,0.9214212712107664,0.8894234064441873,0.665729832102456,0.39937388763468706,-0.10083377538107231,-0.22380270171047995,0.9143224982511623,0.37627795597717933,0.9634623678850649,0.9558557655658246,-0.08909877109094845,0.8201953782097919,0.7872951588319159,0.842900596470585,0.7820126544375686,0.7528920113496047,0.7820126544375686,0.7507303632869734,0.7454217167936683,0.7492241295159935,0.7454217167936683,0.8308803498321626,0.2955623226402462,0.5099475016856927,0.5956533027037697,0.5099475016856927,0.5186745035701833,-0.37613163599639693,0.4784546917380321,-0.6692435132464697,0.40473171864183466,-0.14965751239347816,0.35817625842591805,-0.14965751239347816,-0.16146856759881936,0.8044999003476482,0.8093553679942422,0.8010722137335401,0.7234155084968457,0.3509347777324246,0.807810264130407,0.8102928968268176,0.807810264130407,0.707582149121499,0.707582149121499,-0.257671452092104,0.7214006550175222,0.2600322201012464,-0.6103522913529801,-0.6302154222509936,-0.6328525878582413,-0.12744225112348445,-0.001318629637472733,0.3461936193861315,0.053781484470281145,-0.4532938600598675,0.08554528047241157,-0.8340868757620543,-0.13498108624691332,0.02979989253977931,0.030926261586365564,-0.6107641692677369,-0.6078216867185247,-0.06665819389438839,-0.6013642951615296,-0.8436153430497754,-0.3648039810135699,-0.18667883155456028,-0.3648039810135699,-0.2948436904794084,-0.338122036754136,-0.338122036754136,-0.835186683925679,-0.835186683925679,0.34082855607907314,0.581880838799756,0.4791800695428672,0.7880965172161715,0.743627151797965,-0.34982439076872474,0.045358463870205264,0.7425306735458641,0.76474661764181,0.7425306735458641,-0.12722465789382992],[0.9916847830682246,0.9786841619634167,0.4729444805321322,0.9935859865147448,0.9970180278156233,0.9916847830682246,0.9999684331049252,0.9994809323184766,1.0,0.9513193055983377,0.9995546572394554,0.9999695094244032,-0.31269673218244837,0.99997397602056,0.9712877950536163,0.9585807775833214,0.2656340317722377,0.9997839673490507,0.9997845455621319,0.9884993627234123,0.9999664054047045,0.12184935675549216,0.6370122521873316,0.994289164573384,0.994235552539029,0.986461963841401,0.04416612688817124,-0.12496857483802079,0.9906144677599581,0.9905784660766319,-0.021357586878249478,-0.2090607766961682,0.9993243106438849,0.9992816486433975,0.764875296522472,-0.52381040014412,0.9986472125853183,0.9992923925820361,0.9675290438623195,0.2424449376792459,0.9991673386632357,0.9991727577469233,0.9991673386632357,0.9101658718460094,0.621042497974575,0.9207866029895186,0.8929980954474861,0.6921153055937231,0.00751589500118524,-0.527925106802228,-0.18337934134220837,0.9188473040593446,0.3450661540851588,0.962573151613064,0.9616837311238751,0.859236506567947,0.8357912549708093,0.8784745781176454,0.854094360124634,0.8766713673623131,0.8773978054875973,0.8766713673623131,0.7648822185025261,0.8192969842450606,0.8210109311937505,0.8192969842450606,0.8423867878890305,0.7361102477508757,0.830486012891504,0.8319334078767172,0.830486012891504,0.5330071143834586,0.35527747180434277,0.49508138856973244,-0.6867061386982595,0.47382664531300783,0.43780958084507504,0.4377961198569944,0.43780958084507504,-0.11125248087462523,0.8171426396263457,0.8277987982966822,0.8166838007366549,0.869614805647202,0.2918815245745937,0.8253038224157598,0.8276456164549719,0.8253038224157598,0.8332502493050213,0.8332502493050213,-0.2430414628478196,0.6932303166926533,0.07592780167904714,-0.6135598146281341,-0.6569467122171767,-0.6577753400502987,-0.11537963241608963,0.01035818111207689,-0.1581260433889791,-0.1121490646301199,-0.4880559912346132,-0.36007175777549183,-0.8768670599520237,-0.5603904675804242,0.04566812839567895,0.04672318803139987,-0.5998645745712106,-0.6024345750064605,-0.5269381026437067,-0.5848089044468087,-0.8175371062389936,-0.5965005775857523,-0.5986133695897334,-0.5965005775857523,-0.2784338109589883,-0.32743550505752755,-0.32743550505752755,-0.7970801103855544,-0.7970801103855544,0.36461125565702945,0.5986548431218178,0.8219103098315451,0.8008971374144325,0.7554457523880186,-0.35584576994887757,0.6395631758553086,0.7089168800335024,0.7090732901891683,0.7089168800335024,0.09557906629163056],[0.9734056968402,0.9599270461822664,0.4148653225909323,0.9712184821559544,0.9610808113986503,0.9734056968402,0.9525410513384146,0.9443645751194726,0.9513193055983377,1.0,0.926569722772766,0.9525716208683801,-0.24906056250247388,0.9522309058042003,0.903052853090513,0.8886390000441502,0.06949751487226938,0.9580212874374454,0.9579983615401158,0.9527141202513629,0.9527052111357657,0.0505626084060776,0.6841207215911684,0.9544819546365544,0.9546926185694428,0.8342470780974122,0.14698808618431536,-0.10721965958946203,0.9610070451356267,0.9611365178825216,0.1273796681101836,0.0628090421570084,0.9623030005978777,0.9625897460762368,0.856578216514873,-0.44493384816143094,0.9379119904843041,0.9614503735819049,0.9082928382348417,0.04697448275131023,0.9636579646360266,0.9636215324221445,0.9636579646360266,0.7865931900071487,0.4165125468393072,0.7558890431790019,0.8648253045265899,0.8323831536369741,-0.5522410337488259,-0.6864604059840027,-0.29998763981685367,0.8700662515127756,0.05979616758729861,0.9044624131342448,0.904513178495807,0.8629144966727886,0.8579978785839024,0.8878096738187359,0.8660129468565521,0.8798661856387493,0.8806683589798675,0.8798661856387493,0.8076680025815124,0.7864947099888668,0.7885816360282444,0.7864947099888668,0.8584176672307262,0.8778267611280544,0.856573394447072,0.857340758227654,0.856573394447072,0.6303208254620682,0.5502270024816632,0.6316715180021689,-0.4042364003152264,0.6531965626101662,0.6735997364132582,0.6766061506844647,0.6735997364132582,-0.269899098340466,0.8632216839572567,0.9230000993317392,0.8807839812944527,0.8785395051062095,0.16359690938195323,0.8554759781749779,0.8567884703880818,0.8554759781749779,0.8668538398012335,0.8668538398012335,0.014481404770367613,0.3097961265466885,-0.09186320948336198,-0.5247111819010739,-0.40479485921640573,-0.4067015751985867,0.048204826308516746,0.39251747614900834,0.08936858871174103,-0.049220693224568936,-0.37851707992658634,-0.006784994754924563,-0.8106401963858885,-0.1685213220424806,0.28127340193490014,0.28047378081228064,-0.3664239506865455,-0.4389652010563717,-0.3221877299580625,-0.3285603118427801,-0.6838267631435174,-0.3431173539377824,-0.3451763067237277,-0.3431173539377824,-0.07082841600804302,-0.3614620700474129,-0.3614620700474129,-0.5390407854884505,-0.5390407854884505,0.5630843723618557,0.6703310276378428,0.7602100797880661,0.6720009853043664,0.8364571775384324,-0.45127250671387714,0.38560919415783035,0.5602015864222776,0.560478448394521,0.5602015864222776,-0.2276518560041392],[0.982746441791005,0.9807820175816436,0.9966790743413497,0.9875598268919363,0.995493505498154,0.982746441791005,0.9996054043592844,0.9983507008149324,0.9995546572394554,0.926569722772766,1.0,0.9996031096080025,0.9995994283198197,0.9995563303748729,0.8996883650100964,0.8743666561416791,-0.39650760177390537,0.9997457683099354,0.9997496100336198,0.9996099701998991,0.9996098865457169,-0.2562811681118795,0.9633581620373808,0.9927213044957399,0.9926958807776296,0.9894979806945132,0.03851540365445432,0.08492174902754158,0.9895479520681383,0.9896028359405009,0.9725588720647773,0.024767286490625512,0.9987524438478359,0.9986955785410793,0.9985141771598639,0.9992629589922258,0.9992259582731172,0.998756778418982,0.8863411689100081,-0.40664064765409147,0.9984519921291327,0.9984629132951061,0.9984519921291327,0.903792427158858,0.4731304133219394,0.9165683579003366,0.8908970487883829,0.6934268174992461,-0.5294059910988418,-0.6544271146332873,0.7936488343666337,0.8083937129217666,-0.2992536184043288,0.9224657348015451,0.922666207888491,0.8593108209979897,0.8687991259657977,0.8366309038468062,0.8391663200522116,0.8456332728827987,0.8465441988094321,0.8456332728827987,0.6768402099291947,0.6316226221722032,0.6343186781511688,0.6316226221722032,0.8694609613247081,0.8782865258466203,0.8680949915716748,0.8695270384936601,0.8680949915716748,0.32778186006776894,0.257427932154042,0.38489200680425123,0.5087751009144696,0.38122152718155955,0.4278626749317528,0.4304427348330105,0.4278626749317528,-0.4122673962525712,0.7825794138912266,0.8321529187479956,0.8126836503559312,0.8679680352682276,-0.16409298510264322,0.775737611967596,0.7762684926357973,0.775737611967596,0.7898281918996078,0.7898281918996078,-0.3029175069129467,0.6846695309988048,-0.3968112380362363,-0.7071139669039812,-0.5474465116694691,-0.5496541618839392,-0.37327553282964393,0.1637491305139962,-0.2775734769352377,-0.4560839941069973,-0.6528661978665928,-0.35598157097131666,-0.6205709200305826,-0.4220476940072224,0.03534821023895846,0.0317473395653356,-0.5660441761639774,-0.5315756144601672,-0.5506261137479734,-0.5847890656171976,-0.5789674737672235,-0.5537841595830436,-0.5567905968847333,-0.5537841595830436,-0.4394919208808811,-0.6068992576768719,-0.6068992576768719,-0.6074839267333039,-0.6074839267333039,0.35976950251505474,0.3536651609379391,0.4707371653759473,0.552979636821282,0.5492376357240825,-0.5545342556510746,0.29423615739803105,0.3122446489838664,0.3124038204312571,0.3122446489838664,0.21705308898637835],[0.9910541915635337,0.9789413739370255,0.5676016865039495,0.9926146903464053,0.9968448101877597,0.9910541915635337,0.9999962305788259,0.9980253957239765,0.9999695094244032,0.9525716208683801,0.9996031096080025,1.0,-0.14229592902268914,0.9999944489238646,0.985195710318525,0.9785283153790661,0.3750646519969776,0.9998414119105373,0.9998417469768441,0.9887225122454651,0.9999970651206287,0.34583117918233214,0.6770789332244185,0.989879191795773,0.9847795877249971,0.9865894028481188,0.2317484169667402,-0.1854916100789925,0.9920679980038615,0.9918237231519562,0.17357237900181308,-0.2492445520312637,0.9993020159197463,0.9993978788546111,0.36044448522231204,-0.3265609460026236,0.9987357924673501,0.9993223806530184,0.9818129215265942,0.35534646139583786,0.9329444383777302,0.9990326321583963,0.9329444383777302,0.9103434713024976,0.6202756436015592,0.9212624219303025,0.8937388776743854,0.6929133883015844,0.4132929719247644,-0.08458527756677799,-0.20978256979693724,0.9237185207923976,0.3975181281048042,0.96837653938174,0.961541393415883,-0.07804344348778426,0.8347722663233332,0.8057595655771864,0.8530986122534665,0.7992563027600842,0.7662972042010324,0.7992563027600842,0.7654641581123547,0.7664739688647718,0.7638588202578234,0.7664739688647718,0.840842622985759,0.3170382368366684,0.532816490502878,0.6135781207598437,0.532816490502878,0.5338177690363936,-0.36029015758962435,0.49545790863673184,-0.6600674340738579,0.4143652982169899,-0.1260893296316505,0.37640507429717485,-0.1260893296316505,-0.15426632290585954,0.8164391188667754,0.8281825001240729,0.8165995933488265,0.7394752421220105,0.36859425820722425,0.8191204125466938,0.8213463064970035,0.8191204125466938,0.7277185254400665,0.7277185254400665,-0.24079015901544595,0.6923225113955563,0.2521781201997005,-0.600299258960481,-0.6160962241796621,-0.6189198495296381,-0.11179705145097535,0.0072454856152573445,0.3533214178599998,0.0735987160538194,-0.43966724077733127,0.09523898120358591,-0.8268205832845937,-0.1280522553267689,0.04654436444085249,0.04764596642023029,-0.5979489386366972,-0.6062949408455627,-0.05939673152687418,-0.5826665972003789,-0.8431156747141638,-0.3523460115062389,-0.18007437543116567,-0.3523460115062389,-0.27561612385712253,-0.32324225476947344,-0.32324225476947344,-0.8363572459976621,-0.8363572459976621,0.36457372285003664,0.6002287034611515,0.49911006155088333,0.8068516154939286,0.757255392899969,-0.3263644099720958,0.060495083836783925,0.7625478600425717,0.7810165413746043,0.7625478600425717,-0.14510324430724775],[-0.12478397760254796,0.9789034543061108,0.5129721857414351,-0.12904287143254145,-0.3372794752120022,-0.12478397760254796,-0.1426314678022063,-0.15183967094288203,-0.31269673218244837,-0.24906056250247388,0.9995994283198197,-0.14229592902268914,1.0,-0.14167676923504266,-0.1448713343984285,-0.12139780677349161,-0.29429196616514647,-0.14311252008208694,-0.14313184745170407,-0.2649697402060666,-0.14273102516882902,0.026876845332918894,0.309467541766198,-0.17597750425404773,-0.1763119335398977,0.9865694050731925,0.24972697252105616,0.18659580241629037,-0.1796020273279053,-0.1802130709744951,0.5379064964021544,0.12123873516521894,-0.14057780838025194,-0.2988366204466959,0.16948420792003574,0.958816093881605,0.9987341550781638,-0.3293620419853972,-0.14264469731953408,-0.28422971273761777,-0.1408983399274436,-0.14136505714219536,-0.1408983399274436,0.9104229826115586,-0.11711034702794099,0.9212370536441897,0.8936861206735542,0.6929001136764062,0.0846307233739439,0.2528213993681215,0.6447225184642624,-0.2621178137681847,-0.29736620131260216,-0.06139714744982795,-0.2953282501665964,0.03346209164906133,0.28843484758583615,-0.014667055948336647,-0.2938357448783805,-0.012421613660059583,-0.0024327817957218996,-0.012421613660059583,-0.39875928689909224,-0.10008758933223331,-0.10183335249082667,-0.10008758933223331,-0.1926403415463751,0.07459151205410623,0.05174015163417577,0.05196113643492274,0.05174015163417577,-0.4029427475416296,0.006870315617916475,-0.3675621420510766,0.620151721813974,-0.3358226500035978,0.00912033385308613,-0.05594635394653959,0.00912033385308613,-0.3072261792550297,-0.3281931423898975,0.8281538260554688,-0.10151975624918083,0.02064753592939099,-0.22164286378017203,-0.252127895115338,-0.25099442269137434,-0.252127895115338,-0.020825828128444634,-0.020825828128444634,-0.22163179812470368,0.6922544491950183,-0.16164304370925806,-0.024880177959480124,0.1945591565503508,0.19334509956744264,-0.2528458380843347,-0.007397444805118236,0.019603353198254063,-0.17581650340014088,-0.11473851043205223,0.04060345440050397,0.3810028040615865,0.11196508135260404,-0.038640286151230344,-0.042420740083510836,0.08302548155516777,0.5682829858262924,0.0901313023736386,-0.1995690276725862,0.6094586306508321,0.09369693749834371,0.1016636705470104,0.09369693749834371,-0.2399054936816218,-0.19807380628882754,-0.19807380628882754,0.32072061858004514,0.32072061858004514,0.36468055978593955,-0.24955037005174446,0.019598187113592316,0.09331016424232985,-0.24415773908519992,0.07013688246378819,0.1552161424158893,0.10653018366866182,0.10655566699620501,0.10653018366866182,0.12528363195230038],[0.9911181558013675,0.9787303436139753,0.5679226554028529,0.9926512452873226,0.9968757675818956,0.9911181558013675,0.9999925953971931,0.9990256884079337,0.99997397602056,0.9522309058042003,0.9995563303748729,0.9999944489238646,-0.14167676923504266,1.0,0.9842715831790745,0.9759865064729374,0.3751761962152812,0.9998444214800929,0.9998446683633795,0.9888796581282331,0.999994468743722,0.3465159595316813,0.6769251576451822,0.993353632367326,0.9932435254083135,0.986474392703783,0.23203531189891144,-0.185534816242401,0.9928178515195282,0.9928637157576502,0.1743626232559921,-0.24907171065723802,0.999351859025473,0.9993968246560068,0.359390105927557,-0.3257045170348811,0.9986754252467979,0.9993254079398141,0.981838684547312,0.35548304657804947,0.9324346135283631,0.9990882097048843,0.9324346135283631,0.9106189200547792,0.621003607666738,0.9216052080259983,0.8940898186037978,0.6926042878855017,0.4147074878282958,-0.08297130988872384,-0.20998653412951362,0.9241129135160336,0.3978025293849011,0.9687945948691482,0.961900979082005,-0.07907269004643129,0.8350584628099396,0.8056808416439193,0.8533594471903464,0.7992180637836184,0.765891047466936,0.7992180637836184,0.7656632112555464,0.7664290621147464,0.7642755746428223,0.7664290621147464,0.8411932867656211,0.31635114964974353,0.5323011605332579,0.6136089982959247,0.5323011605332579,0.5336511207462784,-0.3614728959633025,0.4953624436337892,-0.6602208569238316,0.41397431578770966,-0.1271042777401124,0.3760555695868763,-0.1271042777401124,-0.15420966933717298,0.8165774611015331,0.8278040957792167,0.8167061771702577,0.729849523994413,0.368976628788356,0.819245863548725,0.8214609045003393,0.819245863548725,0.7275263025478096,0.7275263025478096,-0.24241336935397026,0.6932081661282542,0.25268889529316885,-0.6002888560522153,-0.6164815989092594,-0.6193103470545803,-0.11298421754853652,0.005981719719585779,0.353626614621564,0.0731392148731409,-0.43993833343298894,0.09531559998906357,-0.8259430490839172,-0.127894264758806,0.04549665717314987,0.046594974383256514,-0.5985922040185936,-0.6065792640380749,-0.05881006061812785,-0.5840233663182164,-0.8431037018832113,-0.35228234179373896,-0.179510177192932,-0.35228234179373896,-0.2766271341587669,-0.3237284048262941,-0.3237284048262941,-0.8367052702580172,-0.8367052702580172,0.3647385934886843,0.5998962105687348,0.4985589244946167,0.8072990703388115,0.756685150292957,-0.32588444449472326,0.059813212928060806,0.7629490411991554,0.7816230405301424,0.7629490411991554,-0.14477710133168048],[0.9699348760236024,0.8631457183598154,0.5485201650345983,0.9713307062222062,0.9641427895013873,0.9699348760236024,0.985213938886169,0.9838079201863186,0.9712877950536163,0.903052853090513,0.8996883650100964,0.985195710318525,-0.1448713343984285,0.9842715831790745,1.0,0.9972182913050356,0.39195704377613577,0.9821518661145949,0.9821570541664403,0.9649200848455264,0.9841657435484015,0.3418793158987933,0.6467478509893564,0.9769512888999865,0.9677162812255748,0.7657482642001942,0.2193795124591974,-0.18772150303324325,0.9805569807991444,0.9803041726492892,0.1673489683158391,-0.25623263593132806,0.9843297378849171,0.9733563989834265,0.3436610836388077,-0.3223862873800515,0.9026630910320693,0.969867286286055,0.9985221525750044,0.37266959437792924,0.9146981621394106,0.9841215286848992,0.9146981621394106,0.8142860477259363,0.6159751292223751,0.6859900450137589,0.6579071462729269,0.6184141567069295,0.41537247788469883,-0.07505657882169857,-0.2113299573862279,0.9063482417888236,0.4036485404722807,0.9570709626889499,0.9384949898119993,-0.08814240290373791,0.7519545635602122,0.7848737305830257,0.8117821973454442,0.7777894163520743,0.7550684079759089,0.7777894163520743,0.7166760783426361,0.7493685437525955,0.7540730859920192,0.7493685437525955,0.7913174675940899,0.3017230173792573,0.5139735249869656,0.6013325269577174,0.5139735249869656,0.5085745394728616,-0.3641908560923722,0.46733080446002156,-0.6579149261819177,0.3898323205808287,-0.13195033990942936,0.3626434590429374,-0.13195033990942936,-0.15381987322227084,0.7761715762726418,0.7226918816021066,0.748654426448571,0.7284722809111018,0.39040978785891733,0.7861501620584973,0.7888329917225549,0.7861501620584973,0.7066974166591119,0.7066974166591119,-0.2472968148383574,0.5737364066331563,0.2513912882352416,-0.5542312210221466,-0.6049505263878191,-0.6078244886313413,-0.1011574990907311,-0.009399534898029064,0.35788677579590744,0.08914348531236087,-0.3976046477961809,0.10340041623926187,-0.8150317652232261,-0.11705318747471463,0.029403321931434488,0.030212947888032724,-0.5843349749810034,-0.5920045613627516,-0.04823756915705,-0.5527479842774609,-0.8342912863559185,-0.34009452482998176,-0.16823724722139635,-0.34009452482998176,-0.26480922210102464,-0.3080337854162497,-0.3080337854162497,-0.8285032588581042,-0.8285032588581042,0.28706987198403955,0.5844688018526847,0.49241496443920485,0.8014842535662033,0.7349995921387289,-0.3112601704350416,0.056750235193984935,0.7604536593973255,0.7805146832512639,0.7604536593973255,-0.1430627756273326],[0.9644889216760167,0.8449170225129546,0.5784310258557144,0.9658799203027373,0.9531229366583416,0.9644889216760167,0.978930594453344,0.9711184223356677,0.9585807775833214,0.8886390000441502,0.8743666561416791,0.9785283153790661,-0.12139780677349161,0.9759865064729374,0.9972182913050356,1.0,0.38562795928522403,0.9733026060396379,0.9733043341781517,0.950751475399507,0.9758090861382993,0.35672813256675784,0.6605750520570156,0.9548643431942507,0.9575495641506525,0.7253598748268203,0.24198747927940858,-0.1631122587811986,0.9789738671133017,0.9723038955204567,0.20100689943621053,-0.22942463120810513,0.976771642001364,0.9614247082648322,0.3694283311585749,-0.291917201163943,0.8785320246154247,0.95744220817395,0.9970564782858808,0.36691429776442064,0.9111020998116957,0.9766930830965868,0.9111020998116957,0.7824369056163389,0.6185746877025218,0.6445679194293603,0.6281969542072768,0.6223505136474872,0.40887787128444925,-0.06962305524862551,-0.21626228013960783,0.8974257197550035,0.3923266470601885,0.950672342954006,0.9277495961317596,-0.09874775327999707,0.7543918630639984,0.8031696991330358,0.8168893249982171,0.7947140107879715,0.7823386641551658,0.7947140107879715,0.7195981048512146,0.7652866677498931,0.7778721065883285,0.7652866677498931,0.7974784918320449,0.343716807437755,0.5462112000974475,0.6376001564620335,0.5462112000974475,0.520320411954625,-0.3530251614445753,0.4837118694405378,-0.6172272412424837,0.4087889607286709,-0.09411045402242191,0.3949017572763709,-0.09411045402242191,-0.1523728597605718,0.7835721436622612,0.7215806459219101,0.751204380102298,0.7597866438081329,0.3896338845320024,0.7944028882828276,0.7969752973844536,0.7944028882828276,0.7310977747933616,0.7310977747933616,-0.22267735279039685,0.5162231786914804,0.22421323870568796,-0.5574174102998949,-0.5920035181307323,-0.5950156706790561,-0.09737918026878237,0.011725663758706734,0.3569288559490674,0.08529156789808556,-0.40186222634992935,0.1055218865732041,-0.7967070919861059,-0.11163549234885661,0.04820904026984974,0.048718486367267444,-0.5725792641558113,-0.55922395213296,-0.04850898870395214,-0.5218100136943095,-0.8121206456116029,-0.3355159634898587,-0.1618128796323017,-0.3355159634898587,-0.24511026725216908,-0.30743105484964367,-0