var element=document.getElementById("correlationAdjClose");if(element.style.display!='none'){var correlationAdjClose={"data":[{"type":"heatmap","z":[[1.0,0.9945232636581,0.9768202395301853,0.9974041014060985,0.9619158269811257,0.982875153125105,-0.9484958736056287,0.989977453338828,0.9728881028640604,0.9975456339816339,0.9969903872639679,0.9974783024929904,0.993667015905115,0.9944448769753161,0.9970582435674166,0.9848546261416841,0.9996912618405613,0.9898893075231217,0.9015691494180391,0.9212890382762239,0.7173843307906881,0.9853060038966044,0.9278329502692586,0.3954148180697411,-0.3017399035429128,0.8995660388171324,0.9484540635426993,0.9583648667627499,0.9799651873207776,0.9662043716152099,0.977152146647735,0.972710024680102,0.9445006598612617,0.981392860455532,0.9728939612289864,0.9547814578884005],[0.9945232636581,1.0,0.9723623952126127,0.9915053474036992,0.9571883469966248,0.9787273499644441,-0.9440344527922501,0.9817639497810356,0.9665611813585252,0.9928397047025287,0.994961207790143,0.9943629378782894,0.9926495134585289,0.9921905198251358,0.9949827674485674,0.9794670202030018,0.9969802554784424,0.9842033543296271,0.9241498385997408,0.9109824873477481,0.7332162134115917,0.9681827244165527,0.9090439834719729,0.3952788536295222,-0.22988515961666237,0.8759882045414727,0.9388557005690513,0.9575852387466585,0.9595052380547727,0.953240577574893,0.9675164593832217,0.9582079954878966,0.9430671795790787,0.9711148303735165,0.9635713462123012,0.9493649899852449],[0.9768202395301853,0.9723623952126127,1.0,0.9841708922723257,0.9954315038128215,0.9770815752563323,-0.9773818566823446,0.9673643452221594,0.9827983151879444,0.9837955677527146,0.9904446971874609,0.9870590364629961,0.9969347819205439,0.9967164770695848,0.9901637198694087,0.9751486294630406,0.9870893455399489,0.967037509607497,0.8725739075408501,0.8294616003738156,0.5994417954711664,0.9913101132429774,0.9229961700873862,0.2265090597239903,-0.22600935079000448,0.8953421477232278,0.9403985412639552,0.9791089008700775,0.9282863111608141,0.915091640040266,0.9672391771115284,0.9198776258075598,0.9008356177563835,0.9664961404923317,0.9742028524734234,0.9200322112607682],[0.9974041014060985,0.9915053474036992,0.9841708922723257,1.0,0.9754148376629647,0.9749811525368826,-0.9444929187528137,0.9832901842055378,0.9701698277096219,0.9999667863331954,0.9999906254858613,0.9999601962979328,0.9924008873896946,0.990595708735834,0.999945638255603,0.9742557882406918,0.9958654269753495,0.9829397950057576,0.8879034830811375,0.9059410964392901,0.6835699899063282,0.9937154235673632,0.9308389943048683,0.3665291619649664,-0.2920693550315493,0.8944394961487365,0.9519348654362552,0.9641636745372549,0.9697511704324676,0.9625604755073396,0.9797486221493402,0.9620749933078873,0.9315500055499584,0.9790216975291874,0.9714806345140548,0.944953727504013],[0.9619158269811257,0.9571883469966248,0.9954315038128215,0.9754148376629647,1.0,0.9541728915487222,-0.9583224733323044,0.9482197216321075,0.967564572680884,0.9754238980495201,0.9846442428947371,0.9807005048939426,0.9848480504471685,0.9814967106254553,0.9841570046185747,0.9509180921834884,0.972467117327518,0.9476546995984837,0.8474564018843581,0.805037824035793,0.5572954599542111,0.9888502343392509,0.9187719734779243,0.19585575633180916,-0.2173991929859308,0.8696404711856653,0.9378731565731894,0.972992225738131,0.9042655427089208,0.8983289030433553,0.9595455062085635,0.8951702658662957,0.8701113132758069,0.9530153691667317,0.9598822679541894,0.8925182002015004],[0.982875153125105,0.9787273499644441,0.9770815752563323,0.9749811525368826,0.9541728915487222,1.0,-0.9817255759276247,0.9818883855977525,0.9814185312831964,0.9743441688467277,0.9698991804876781,0.9728571191770895,0.9766893401221113,0.9745548127913335,0.9698362980258007,0.9998995792051717,0.9868390386602932,0.9828646177741256,0.9018559655102942,0.868233610822308,0.6848763307343924,0.9679100642575388,0.8993519034815031,0.2662573974358931,-0.21851232321979397,0.933660032675086,0.9261685850730158,0.9624685874631064,0.9596276427748491,0.9328608226946485,0.9549190577462682,0.9543200942279765,0.9545569619201336,0.9601745115191912,0.9781268128555514,0.9561881862467836],[-0.9484958736056287,-0.9440344527922501,-0.9773818566823446,-0.9444929187528137,-0.9583224733323044,-0.9817255759276247,1.0,-0.9543788088677224,-0.984672561592375,-0.9430018124211543,-0.9545289093324452,-0.9504467212425753,-0.9762422808185103,-0.9774622116404037,-0.9542289066284488,-0.9844207057217501,-0.9681358209507495,-0.9570432165081542,-0.8697604524820437,-0.7858259450518748,-0.5808301928055383,-0.9489969327498363,-0.895096437981402,-0.1247967678844096,0.1555127289145454,-0.8993808480296551,-0.9032595346637934,-0.9610477670656166,-0.9040950770570453,-0.869060022858758,-0.9325566878175258,-0.8966000988185447,-0.9088055855647452,-0.9318290567795632,-0.9669680494721887,-0.9111039888497436],[0.989977453338828,0.9817639497810356,0.9673643452221594,0.9832901842055378,0.9482197216321075,0.9818883855977525,-0.9543788088677224,1.0,0.9833381884847143,0.9832401995303052,0.9789999987801481,0.9822683936033887,0.9753422949100593,0.9745294158688602,0.9791531199119499,0.9837332940057926,0.9879205458767416,0.9998767558693389,0.9274463067993821,0.9272722797232088,0.6521389640449721,0.9722133745574427,0.8994904218905201,0.24827568314960993,-0.3111780645920852,0.9053665028338628,0.9148346929703376,0.9416075866463244,0.978913007764735,0.9557184155821854,0.9684931831367523,0.9649566202422473,0.9372111299221346,0.9618742428427999,0.9599165930710605,0.9661813461234534],[0.9728881028640604,0.9665611813585252,0.9827983151879444,0.9701698277096219,0.967564572680884,0.9814185312831964,-0.984672561592375,0.9833381884847143,1.0,0.9693393341208069,0.9662979760539214,0.9683449732723304,0.9742650354659141,0.9714156138849052,0.9661589095732923,0.9804688979118674,0.9729598580117441,0.9826627197863018,0.9036585891257083,0.8581439355764001,0.574332948652115,0.9692921969102335,0.9133911381053094,0.10652135608414867,-0.23222674221011116,0.8849675091653242,0.9069555401910425,0.9632738818366032,0.9367881795610284,0.9028740318496495,0.9596470468072268,0.9212336097028611,0.9046554255178131,0.949852070216119,0.9719475284967345,0.9250533330353801],[0.9975456339816339,0.9928397047025287,0.9837955677527146,0.9999667863331954,0.9754238980495201,0.9743441688467277,-0.9430018124211543,0.9832401995303052,0.9693393341208069,1.0,0.9999889434863178,0.999983356235868,0.9922675478863314,0.990434470794517,0.9999512907118809,0.9736304035204518,0.9957288793840758,0.9829889513290404,0.8898058172659847,0.9070299623244401,0.6824237974753389,0.9939082494053298,0.9306728524347092,0.3717634111318148,-0.29145369717812397,0.8954990913122369,0.9503871414357975,0.9626824937477328,0.9694866218759112,0.9617891333983348,0.9786822221093124,0.9614715004421108,0.9300895977447686,0.9781883975235108,0.9702100588683249,0.9432956446272517],[0.9969903872639679,0.994961207790143,0.9904446971874609,0.9999906254858613,0.9846442428947371,0.9698991804876781,-0.9545289093324452,0.9789999987801481,0.9662979760539214,0.9999889434863178,1.0,0.9999730050278265,0.9924269055490819,0.9905920786700942,0.999954276232962,0.9698865924009329,0.9955179188256363,0.9797365452318214,0.9151602822601351,0.9331243316812056,0.5829531059370873,0.9971954438935703,0.9122587842290728,-0.10288152340860293,0.40759969929131595,0.9019141300191696,0.9220735490348395,0.9689537851764313,0.9611883664523456,0.9455567651244388,0.9694613173781806,0.9420260177490133,0.9131220184495749,0.9680491116821125,0.9816062437130061,0.9396301101556428],[0.9974783024929904,0.9943629378782894,0.9870590364629961,0.9999601962979328,0.9807005048939426,0.9728571191770895,-0.9504467212425753,0.9822683936033887,0.9683449732723304,0.999983356235868,0.9999730050278265,1.0,0.9922600002279741,0.9903945983490534,0.9999627574670551,0.972847655303858,0.9956513777317012,0.9825501166767661,0.8978825031217353,0.9232459247717273,0.6398240088818926,0.9961380476127852,0.9262729032438887,0.11239359970473298,-0.1949118532329442,0.9132973290518387,0.9366409965580156,0.9593668632943847,0.9643172296045472,0.9538065962551925,0.975045435877812,0.9529670753702087,0.9283938894944334,0.9742596011767394,0.9700897688455531,0.9489576891189058],[0.993667015905115,0.9926495134585289,0.9969347819205439,0.9924008873896946,0.9848480504471685,0.9766893401221113,-0.9762422808185103,0.9753422949100593,0.9742650354659141,0.9922675478863314,0.9924269055490819,0.9922600002279741,1.0,0.9997258630408039,0.9924186432027524,0.9768067824263388,0.9937555704893072,0.9762980827498386,0.9118375429193084,0.9192364856831785,0.5189188809389723,0.9876156398840249,0.9058813540861036,-0.37799525002690104,0.4298708643199047,0.8899003467889044,0.9145263997444575,0.97734198836534,0.9459411912478521,0.912925962838101,0.9524587235773159,0.9193017505669704,0.8846923608233476,0.966308749250265,0.9804272998224346,0.9327930890641619],[0.9944448769753161,0.9921905198251358,0.9967164770695848,0.990595708735834,0.9814967106254553,0.9745548127913335,-0.9774622116404037,0.9745294158688602,0.9714156138849052,0.990434470794517,0.9905920786700942,0.9903945983490534,0.9997258630408039,1.0,0.9907170891561432,0.9746107162584893,0.9943740221647922,0.9756840269592426,0.8981019503101066,0.9277564357448087,0.3886552128085947,0.9830592693696756,0.8973180432455791,-0.7421008885312763,0.40386628498620086,0.8597119607155588,0.909391552957752,0.9760102732940852,0.9396002742701443,0.899013464158862,0.9447884300300979,0.9185896316096775,0.8636221601494183,0.9679242660540774,0.9788085459653112,0.9255370439415568],[0.9970582435674166,0.9949827674485674,0.9901637198694087,0.999945638255603,0.9841570046185747,0.9698362980258007,-0.9542289066284488,0.9791531199119499,0.9661589095732923,0.9999512907118809,0.999954276232962,0.9999627574670551,0.9924186432027524,0.9907170891561432,1.0,0.9698106696952051,0.9955595622368532,0.9798488283510726,0.9154278310778124,0.9337881488092483,0.5829602747120292,0.9969968359908274,0.9123720415752083,-0.10102083939665155,0.40774397186114153,0.9018339668345242,0.9197351503839529,0.9683052421466215,0.9615361353410024,0.9460763758201849,0.9694376909283136,0.9426737337785778,0.9136518985335486,0.9679855872421431,0.9815328541343077,0.940241974304598],[0.9848546261416841,0.9794670202030018,0.9751486294630406,0.9742557882406918,0.9509180921834884,0.9998995792051717,-0.9844207057217501,0.9837332940057926,0.9804688979118674,0.9736304035204518,0.9698865924009329,0.972847655303858,0.9768067824263388,0.9746107162584893,0.9698106696952051,1.0,0.9870163748854289,0.9830520361590934,0.9048759453423713,0.8919879437758624,0.679773451038472,0.9658000995301976,0.894221068899037,0.12631033636599426,-0.1972033376186221,0.9416147249684623,0.9175914388715101,0.9593272818729667,0.9630593480703546,0.9300484744993844,0.9513914956613699,0.9554111692359519,0.953915581012414,0.9623905495619036,0.9774720292327838,0.9607564348461227],[0.9996912618405613,0.9969802554784424,0.9870893455399489,0.9958654269753495,0.972467117327518,0.9868390386602932,-0.9681358209507495,0.9879205458767416,0.9729598580117441,0.9957288793840758,0.9955179188256363,0.9956513777317012,0.9937555704893072,0.9943740221647922,0.9955595622368532,0.9870163748854289,1.0,0.9886084185184888,0.9293948810035586,0.9402597637464616,0.6328254656810741,0.9886606247660805,0.90631768085308,-0.04451008876516073,0.4312342078584455,0.9261801634683795,0.919112444353645,0.9674846445426991,0.9752488751121531,0.9511721099746662,0.9670268085852224,0.9583743282043072,0.9398193417456403,0.9738477374756846,0.9860408374470123,0.9629265887524731],[0.9898893075231217,0.9842033543296271,0.967037509607497,0.9829397950057576,0.9476546995984837,0.9828646177741256,-0.9570432165081542,0.9998767558693389,0.9826627197863018,0.9829889513290404,0.9797365452318214,0.9825501166767661,0.9762980827498386,0.9756840269592426,0.9798488283510726,0.9830520361590934,0.9886084185184888,1.0,0.9304332079700839,0.9335013112268089,0.6500629496969104,0.9708801045023644,0.9037752346576168,0.21284988308169275,-0.2926537296352432,0.9105217350282889,0.9098404795545812,0.9415847240842238,0.9793991791190592,0.9551274413484259,0.9669132305637287,0.9635660625528135,0.9370269249390082,0.9611514495253626,0.9579034850274166,0.9673830026948915],[0.9015691494180391,0.9241498385997408,0.8725739075408501,0.8879034830811375,0.8474564018843581,0.9018559655102942,-0.8697604524820437,0.9274463067993821,0.9036585891257083,0.8898058172659847,0.9151602822601351,0.8978825031217353,0.9118375429193084,0.8981019503101066,0.9154278310778124,0.9048759453423713,0.9293948810035586,0.9304332079700839,1.0,0.8225099577785693,0.709872218193131,0.8616776708097658,0.8125046225396728,0.28373177334193334,-0.16146197139117044,0.8531666830143632,0.7938047507882512,0.8520397106987038,0.8889392225799777,0.854270319269186,0.8556524893947146,0.8673250352493352,0.8532779401488816,0.8535629952365643,0.876086539861995,0.893120328369483],[0.9212890382762239,0.9109824873477481,0.8294616003738156,0.9059410964392901,0.805037824035793,0.868233610822308,-0.7858259450518748,0.9272722797232088,0.8581439355764001,0.9070299623244401,0.9331243316812056,0.9232459247717273,0.9192364856831785,0.9277564357448087,0.9337881488092483,0.8919879437758624,0.9402597637464616,0.9335013112268089,0.8225099577785693,1.0,0.8324407175306421,0.8575408080457919,0.8725408484190232,0.6539610665453455,-0.5280288000581774,0.7076473417852478,0.8732774954898916,0.8079240335756244,0.9585923215740016,0.9365288085798229,0.9005114029988098,0.9456368115738746,0.897661766668762,0.9003810921466605,0.8495834556758801,0.8834953299250918],[0.7173843307906881,0.7332162134115917,0.5994417954711664,0.6835699899063282,0.5572954599542111,0.6848763307343924,-0.5808301928055383,0.6521389640449721,0.574332948652115,0.6824237974753389,0.5829531059370873,0.6398240088818926,0.5189188809389723,0.3886552128085947,0.5829602747120292,0.679773451038472,0.6328254656810741,0.6500629496969104,0.709872218193131,0.8324407175306421,1.0,0.609794531972634,0.7197329056415973,0.7258660654489579,-0.1167562273215992,0.5373128319514202,0.6712756863059345,0.6196301033023512,0.7800996951098292,0.7116161953777158,0.6423774341695768,0.7489266957054429,0.7581141920045786,0.68020076774563,0.6451754724311837,0.6926941878409968],[0.9853060038966044,0.9681827244165527,0.9913101132429774,0.9937154235673632,0.9888502343392509,0.9679100642575388,-0.9489969327498363,0.9722133745574427,0.9692921969102335,0.9939082494053298,0.9971954438935703,0.9961380476127852,0.9876156398840249,0.9830592693696756,0.9969968359908274,0.9658000995301976,0.9886606247660805,0.9708801045023644,0.8616776708097658,0.8575408080457919,0.609794531972634,1.0,0.9056433547005608,0.29271522059296157,-0.28481071787296913,0.8790180791137694,0.946005308128718,0.9714913012579139,0.9382926105082571,0.9452072427366127,0.972042919248395,0.9397723126905209,0.9056548250953839,0.9690068589308123,0.9571682923590966,0.9255504934314726],[0.9278329502692586,0.9090439834719729,0.9229961700873862,0.9308389943048683,0.9187719734779243,0.8993519034815031,-0.895096437981402,0.8994904218905201,0.9133911381053094,0.9306728524347092,0.9122587842290728,0.9262729032438887,0.9058813540861036,0.8973180432455791,0.9123720415752083,0.894221068899037,0.90631768085308,0.9037752346576168,0.8125046225396728,0.8725408484190232,0.7197329056415973,0.9056433547005608,1.0,0.3349798554793893,-0.18993264320162215,0.7077444160773021,0.913926268006424,0.8951058838278239,0.8999161133534258,0.8561214332137778,0.9301113586859692,0.8720951191570774,0.8419192491193438,0.9257969141141037,0.8752218505966818,0.851628052236253],[0.3954148180697411,0.3952788536295222,0.2265090597239903,0.3665291619649664,0.19585575633180916,0.2662573974358931,-0.1247967678844096,0.24827568314960993,0.10652135608414867,0.3717634111318148,-0.10288152340860293,0.11239359970473298,-0.37799525002690104,-0.7421008885312763,-0.10102083939665155,0.12631033636599426,-0.04451008876516073,0.21284988308169275,0.28373177334193334,0.6539610665453455,0.7258660654489579,0.29271522059296157,0.3349798554793893,1.0,-0.38552392376270594,0.27416604349108714,0.3138794182480229,0.18741306216716064,0.4803824883677524,0.4737614204063891,0.3280489090973019,0.496477133274626,0.4172757484212913,0.35358794347854605,0.2743335160636293,0.39024430323689696],[-0.3017399035429128,-0.22988515961666237,-0.22600935079000448,-0.2920693550315493,-0.2173991929859308,-0.21851232321979397,0.1555127289145454,-0.3111780645920852,-0.23222674221011116,-0.29145369717812397,0.40759969929131595,-0.1949118532329442,0.4298708643199047,0.40386628498620086,0.40774397186114153,-0.1972033376186221,0.4312342078584455,-0.2926537296352432,-0.16146197139117044,-0.5280288000581774,-0.1167562273215992,-0.28481071787296913,-0.18993264320162215,-0.38552392376270594,1.0,-0.15274221305909463,-0.2992638718836874,-0.18003078311178863,-0.38784474316217543,-0.3768444789070741,-0.3217725538012162,-0.34514497079871365,-0.20682677604850971,-0.34741784445382584,-0.182166263184851,-0.3173589815877891],[0.8995660388171324,0.8759882045414727,0.8953421477232278,0.8944394961487365,0.8696404711856653,0.933660032675086,-0.8993808480296551,0.9053665028338628,0.8849675091653242,0.8954990913122369,0.9019141300191696,0.9132973290518387,0.8899003467889044,0.8597119607155588,0.9018339668345242,0.9416147249684623,0.9261801634683795,0.9105217350282889,0.8531666830143632,0.7076473417852478,0.5373128319514202,0.8790180791137694,0.7077444160773021,0.27416604349108714,-0.15274221305909463,1.0,0.7984167272214582,0.8836291037018661,0.8161041781730829,0.8612481634672929,0.827112420716342,0.8692892690387399,0.8648216599411132,0.858219350937063,0.8672542769956093,0.8970714442082566],[0.9484540635426993,0.9388557005690513,0.9403985412639552,0.9519348654362552,0.9378731565731894,0.9261685850730158,-0.9032595346637934,0.9148346929703376,0.9069555401910425,0.9503871414357975,0.9220735490348395,0.9366409965580156,0.9145263997444575,0.909391552957752,0.9197351503839529,0.9175914388715101,0.919112444353645,0.9098404795545812,0.7938047507882512,0.8732774954898916,0.6712756863059345,0.946005308128718,0.913926268006424,0.3138794182480229,-0.2992638718836874,0.7984167272214582,1.0,0.9170720028404387,0.9231890725283411,0.9079849032004729,0.9313634743072019,0.9083005975868571,0.8747485970842603,0.9379144950589413,0.910941735156436,0.8856830887368363],[0.9583648667627499,0.9575852387466585,0.9791089008700775,0.9641636745372549,0.972992225738131,0.9624685874631064,-0.9610477670656166,0.9416075866463244,0.9632738818366032,0.9626824937477328,0.9689537851764313,0.9593668632943847,0.97734198836534,0.9760102732940852,0.9683052421466215,0.9593272818729667,0.9674846445426991,0.9415847240842238,0.8520397106987038,0.8079240335756244,0.6196301033023512,0.9714913012579139,0.8951058838278239,0.18741306216716064,-0.18003078311178863,0.8836291037018661,0.9170720028404387,1.0,0.9079555875699309,0.8900766866169446,0.9428419115963941,0.8905221812729439,0.8858354569172949,0.9482444745346505,0.9728350711117046,0.8881054259522646],[0.9799651873207776,0.9595052380547727,0.9282863111608141,0.9697511704324676,0.9042655427089208,0.9596276427748491,-0.9040950770570453,0.978913007764735,0.9367881795610284,0.9694866218759112,0.9611883664523456,0.9643172296045472,0.9459411912478521,0.9396002742701443,0.9615361353410024,0.9630593480703546,0.9752488751121531,0.9793991791190592,0.8889392225799777,0.9585923215740016,0.7800996951098292,0.9382926105082571,0.8999161133534258,0.4803824883677524,-0.38784474316217543,0.8161041781730829,0.9231890725283411,0.9079555875699309,1.0,0.9860548912080199,0.9640033681663644,0.9902543189995662,0.9521589100382719,0.9600708445373659,0.914832141879783,0.9676473276821982],[0.9662043716152099,0.953240577574893,0.915091640040266,0.9625604755073396,0.8983289030433553,0.9328608226946485,-0.869060022858758,0.9557184155821854,0.9028740318496495,0.9617891333983348,0.9455567651244388,0.9538065962551925,0.912925962838101,0.899013464158862,0.9460763758201849,0.9300484744993844,0.9511721099746662,0.9551274413484259,0.854270319269186,0.9365288085798229,0.7116161953777158,0.9452072427366127,0.8561214332137778,0.4737614204063891,-0.3768444789070741,0.8612481634672929,0.9079849032004729,0.8900766866169446,0.9860548912080199,1.0,0.9519203851762474,0.9837367024367508,0.9551113055595489,0.9391251967747147,0.922792266926937,0.9625533172225053],[0.977152146647735,0.9675164593832217,0.9672391771115284,0.9797486221493402,0.9595455062085635,0.9549190577462682,-0.9325566878175258,0.9684931831367523,0.9596470468072268,0.9786822221093124,0.9694613173781806,0.975045435877812,0.9524587235773159,0.9447884300300979,0.9694376909283136,0.9513914956613699,0.9670268085852224,0.9669132305637287,0.8556524893947146,0.9005114029988098,0.6423774341695768,0.972042919248395,0.9301113586859692,0.3280489090973019,-0.3217725538012162,0.827112420716342,0.9313634743072019,0.9428419115963941,0.9640033681663644,0.9519203851762474,1.0,0.9531292866064449,0.9147275258991328,0.9768730732335253,0.9598333218233331,0.9415299219938646],[0.972710024680102,0.9582079954878966,0.9198776258075598,0.9620749933078873,0.8951702658662957,0.9543200942279765,-0.8966000988185447,0.9649566202422473,0.9212336097028611,0.9614715004421108,0.9420260177490133,0.9529670753702087,0.9193017505669704,0.9185896316096775,0.9426737337785778,0.9554111692359519,0.9583743282043072,0.9635660625528135,0.8673250352493352,0.9456368115738746,0.7489266957054429,0.9397723126905209,0.8720951191570774,0.496477133274626,-0.34514497079871365,0.8692892690387399,0.9083005975868571,0.8905221812729439,0.9902543189995662,0.9837367024367508,0.9531292866064449,1.0,0.9736351868596049,0.9456814713777314,0.9385147412970714,0.9633602648614067],[0.9445006598612617,0.9430671795790787,0.9008356177563835,0.9315500055499584,0.8701113132758069,0.9545569619201336,-0.9088055855647452,0.9372111299221346,0.9046554255178131,0.9300895977447686,0.9131220184495749,0.9283938894944334,0.8846923608233476,0.8636221601494183,0.9136518985335486,0.953915581012414,0.9398193417456403,0.9370269249390082,0.8532779401488816,0.897661766668762,0.7581141920045786,0.9056548250953839,0.8419192491193438,0.4172757484212913,-0.20682677604850971,0.8648216599411132,0.8747485970842603,0.8858354569172949,0.9521589100382719,0.9551113055595489,0.9147275258991328,0.9736351868596049,1.0,0.9072955561626788,0.9314920847009761,0.9541613916448263],[0.981392860455532,0.9711148303735165,0.9664961404923317,0.9790216975291874,0.9530153691667317,0.9601745115191912,-0.9318290567795632,0.9618742428427999,0.949852070216119,0.9781883975235108,0.9680491116821125,0.9742596011767394,0.966308749250265,0.9679242660540774,0.9679855872421431,0.9623905495619036,0.9738477374756846,0.9611514495253626,0.8535629952365643,0.9003810921466605,0.68020076774563,0.9690068589308123,0.9257969141141037,0.35358794347854605,-0.34741784445382584,0.858219350937063,0.9379144950589413,0.9482444745346505,0.9600708445373659,0.9391251967747147,0.9768730732335253,0.9456814713777314,0.9072955561626788,1.0,0.9567050266237926,0.941846738075519],[0.9728939612289864,0.9635713462123012,0.9742028524734234,0.9714806345140548,0.9598822679541894,0.9781268128555514,-0.9669680494721887,0.9599165930710605,0.9719475284967345,0.9702100588683249,0.9816062437130061,0.9700897688455531,0.9804272998224346,0.9788085459653112,0.9815328541343077,0.9774720292327838,0.9860408374470123,0.9579034850274166,0.876086539861995,0.8495834556758801,0.6451754724311837,0.9571682923590966,0.8752218505966818,0.2743335160636293,-0.182166263184851,0.8672542769956093,0.910941735156436,0.9728350711117046,0.914832141879783,0.922792266926937,0.9598333218233331,0.9385147412970714,0.9314920847009761,0.9567050266237926,1.0,0.9194048727375002],[0.9547814578884005,0.9493649899852449,0.9200322112607682,0.944953727504013,0.8925182002015004,0.9561881862467836,-0.9111039888497436,0.9661813461234534,0.9250533330353801,0.9432956446272517,0.9396301101556428,0.9489576891189058,0.9327930890641619,0.9255370439415568,0.940241974304598,0.9607564348461227,0.9629265887524731,0.9673830026948915,0.893120328369483,0.8834953299250918,0.6926941878409968,0.9255504934314726,0.851628052236253,0.39024430323689696,-0.3173589815877891,0.8970714442082566,0.8856830887368363,0.8881054259522646,0.9676473276821982,0.9625533172225053,0.9415299219938646,0.9633602648614067,0.9541613916448263,0.941846738075519,0.9194048727375002,1.0]],"x":["^TAIEX       \u81fa\u7063\u52a0\u6b0a\u5831\u916c\u6307\u6578","^TWII        \u81fa\u7063\u52a0\u6b0a\u6307\u6578","^TAIEXx2     \u81fa\u7063\u52a0\u6b0a\u5831\u916c\u6307\u6578_\u65e5\u6b632","^TAI50I      \u81fa\u706350\u5831\u916c\u6307\u6578","^TAI50Ix2    \u81fa\u706350\u5831\u916c\u6307\u6578_\u65e5\u6b632","^TAI100I     \u81fa\u7063\u4e2d\u578b100\u5831\u916c\u6307\u6578","^TAI100Ix2   \u81fa\u7063\u4e2d\u578b100\u5831\u916c\u6307\u6578_\u65e5\u6b632","^TAIDIVIDI   \u81fa\u7063\u9ad8\u80a1\u606f\u5831\u916c\u6307\u6578","^TAIDIVIDIx2 \u81fa\u7063\u9ad8\u80a1\u606f\u5831\u916c\u6307\u6578_\u65e5\u6b632","0050Fund     \u5143\u5927\u53f0\u7063\u5353\u8d8a50\u57fa\u91d1","006208Fund   \u5bcc\u90a6\u53f0\u7063\u91c6\u540950\u57fa\u91d1","0050         \u5143\u5927\u81fa\u706350","00631L       \u5143\u5927\u53f0\u706350\u6b632","00675L       \u5bcc\u90a6\u81fa\u7063\u52a0\u6b0a\u6b632","006208       \u5bcc\u90a6\u53f050","0051         \u5143\u5927\u4e2d\u578b100","006204       \u6c38\u8c50\u81fa\u7063\u52a0\u6b0a","0056         \u5143\u5927\u9ad8\u80a1\u606f","0056         \u5143\u5927\u9ad8\u80a1\u606f_\u80a1\u606f\u4e0d\u6295\u5165","2412         \u4e2d\u83ef\u96fb\u4fe1","2002         \u4e2d\u92fc","2330         \u53f0\u7a4d\u96fb","2317         \u9d3b\u6d77","6505         \u53f0\u5851\u77f3\u5316","3481         \u7fa4\u5275","2303         \u806f\u96fb","2308         \u53f0\u9054\u96fb","2454         \u806f\u767c\u79d1","2886         \u5146\u8c50\u91d1","2884         \u7389\u5c71\u91d1","2891         \u4e2d\u4fe1\u91d1","2892         \u7b2c\u4e00\u91d1","5880         \u5408\u5eab\u91d1","2881         \u5bcc\u90a6\u91d1","2885         \u5143\u5927\u91d1","2887         \u53f0\u65b0\u91d1"],"y":["^TAIEX       \u81fa\u7063\u52a0\u6b0a\u5831\u916c\u6307\u6578","^TWII        \u81fa\u7063\u52a0\u6b0a\u6307\u6578","^TAIEXx2     \u81fa\u7063\u52a0\u6b0a\u5831\u916c\u6307\u6578_\u65e5\u6b632","^TAI50I      \u81fa\u706350\u5831\u916c\u6307\u6578","^TAI50Ix2    \u81fa\u706350\u5831\u916c\u6307\u6578_\u65e5\u6b632","^TAI100I     \u81fa\u7063\u4e2d\u578b100\u5831\u916c\u6307\u6578","^TAI100Ix2   \u81fa\u7063\u4e2d\u578b100\u5831\u916c\u6307\u6578_\u65e5\u6b632","^TAIDIVIDI   \u81fa\u7063\u9ad8\u80a1\u606f\u5831\u916c\u6307\u6578","^TAIDIVIDIx2 \u81fa\u7063\u9ad8\u80a1\u606f\u5831\u916c\u6307\u6578_\u65e5\u6b632","0050Fund     \u5143\u5927\u53f0\u7063\u5353\u8d8a50\u57fa\u91d1","006208Fund   \u5bcc\u90a6\u53f0\u7063\u91c6\u540950\u57fa\u91d1","0050         \u5143\u5927\u81fa\u706350","00631L       \u5143\u5927\u53f0\u706350\u6b632","00675L       \u5bcc\u90a6\u81fa\u7063\u52a0\u6b0a\u6b632","006208       \u5bcc\u90a6\u53f050","0051         \u5143\u5927\u4e2d\u578b100","006204       \u6c38\u8c50\u81fa\u7063\u52a0\u6b0a","0056         \u5143\u5927\u9ad8\u80a1\u606f","0056         \u5143\u5927\u9ad8\u80a1\u606f_\u80a1\u606f\u4e0d\u6295\u5165","2412         \u4e2d\u83ef\u96fb\u4fe1","2002         \u4e2d\u92fc","2330         \u53f0\u7a4d\u96fb","2317         \u9d3b\u6d77","6505         \u53f0\u5851\u77f3\u5316","3481         \u7fa4\u5275","2303         \u806f\u96fb","2308         \u53f0\u9054\u96fb","2454         \u806f\u767c\u79d1","2886         \u5146\u8c50\u91d1","2884         \u7389\u5c71\u91d1","2891         \u4e2d\u4fe1\u91d1","2892         \u7b2c\u4e00\u91d1","5880         \u5408\u5eab\u91d1","2881         \u5bcc\u90a6\u91d1","2885         \u5143\u5927\u91d1","2887         \u53f0\u65b0\u91d1"],"zmin":-1,"zmax":1,"colorbar":{"x":-0.2}}],"layout":{"autotypenumbers":"strict","colorway":["#636efa","#EF553B","#00cc96","#ab63fa","#FFA15A","#19d3f3","#FF6692","#B6E880","#FF97FF","#FECB52"],"font":{"color":"#f2f5fa","family":"Courier New"},"hovermode":"closest","hoverlabel":{"align":"left"},"paper_bgcolor":"rgb(17,17,17)","plot_bgcolor":"rgb(17,17,17)","polar":{"bgcolor":"rgb(17,17,17)","angularaxis":{"gridcolor":"#506784","linecolor":"#506784","ticks":""},"radialaxis":{"gridcolor":"#506784","linecolor":"#506784","ticks":""}},"ternary":{"bgcolor":"rgb(17,17,17)","aaxis":{"gridcolor":"#506784","linecolor":"#506784","ticks":""},"baxis":{"gridcolor":"#506784","linecolor":"#506784","ticks":""},"caxis":{"gridcolor":"#506784","linecolor":"#506784","ticks":""}},"coloraxis":{"colorbar":{"outlinewidth":0,"ticks":""}},"colorscale":{"sequential":[[0.0,"#0d0887"],[0.1111111111111111,"#46039f"],[0.2222222222222222,"#7201a8"],[0.3333333333333333,"#9c179e"],[0.4444444444444444,"#bd3786"],[0.5555555555555556,"#d8576b"],[0.6666666666666666,"#ed7953"],[0.7777777777777778,"#fb9f3a"],[0.8888888888888888,"#fdca26"],[1.0,"#f0f921"]],"sequentialminus":[[0.0,"#0d0887"],[0.1111111111111111,"#46039f"],[0.2222222222222222,"#7201a8"],[0.3333333333333333,"#9c179e"],[0.4444444444444444,"#bd3786"],[0.5555555555555556,"#d8576b"],[0.6666666666666666,"#ed7953"],[0.7777777777777778,"#fb9f3a"],[0.8888888888888888,"#fdca26"],[1.0,"#f0f921"]],"diverging":[[0,"#8e0152"],[0.1,"#c51b7d"],[0.2,"#de77ae"],[0.3,"#f1b6da"],[0.4,"#fde0ef"],[0.5,"#f7f7f7"],[0.6,"#e6f5d0"],[0.7,"#b8e186"],[0.8,"#7fbc41"],[0.9,"#4d9221"],[1,"#276419"]]},"xaxis":{"gridcolor":"rgba(0, 0, 0, 0)","linecolor":"#506784","ticks":"","title":{"standoff":15},"zerolinecolor":"#283442","automargin":true,"zerolinewidth":2,"tickfont":{"family":"Courier New","size":14},"side":"top","tickangle":-90},"yaxis":{"gridcolor":"rgba(0, 0, 0, 0)","linecolor":"#506784","ticks":"","title":{"standoff":15},"zerolinecolor":"#283442","automargin":true,"zerolinewidth":2,"tickfont":{"family":"Courier New"},"side":"right"},"scene":{"xaxis":{"backgroundcolor":"rgb(17,17,17)","gridcolor":"#506784","linecolor":"#506784","showbackground":true,"ticks":"","zerolinecolor":"#C8D4E3","gridwidth":2},"yaxis":{"backgroundcolor":"rgb(17,17,17)","gridcolor":"#506784","linecolor":"#506784","showbackground":true,"ticks":"","zerolinecolor":"#C8D4E3","gridwidth":2},"zaxis":{"backgroundcolor":"rgb(17,17,17)","gridcolor":"#506784","linecolor":"#506784","showbackground":true,"ticks":"","zerolinecolor":"#C8D4E3","gridwidth":2}},"shapedefaults":{"line":{"color":"#f2f5fa"}},"annotationdefaults":{"arrowcolor":"#f2f5fa","arrowhead":0,"arrowwidth":1},"geo":{"bgcolor":"rgb(17,17,17)","landcolor":"rgb(17,17,17)","subunitcolor":"#506784","showland":true,"showlakes":true,"lakecolor":"rgb(17,17,17)"},"title":{"x":0.05,"font":{"family":"Times New Roman"},"y":0.05,"text":"<b>Correlation of Adj Close<b><br><i>2016-09-23 ~ 2025-10-13<i>"},"updatemenudefaults":{"bgcolor":"#506784","borderwidth":0},"sliderdefaults":{"bgcolor":"#C8D4E3","borderwidth":1,"bordercolor":"rgb(17,17,17)","tickwidth":0},"mapbox":{"style":"dark"},"annotations":[{"text":"<b>@zwindr<b>","textangle":0,"opacity":0.5,"font":{"color":"white","size":12},"xref":"paper","yref":"paper","xanchor":"left","yanchor":"bottom","x":1.0,"y":1.0,"showarrow":false}]},"config":{"responsive":true,"toImageButtonOptions":{"filename":"Correlation of Adj Close_2016-09-23~2025-10-13","scale":5}}};Plotly.newPlot("correlationAdjClose",correlationAdjClose.data,correlationAdjClose.layout||{},correlationAdjClose.config);}else{console.log("style display is none => correlationAdjClose");}