var element=document.getElementById("correlationClose");if(element.style.display!='none'){var correlationClose={"data":[{"type":"heatmap","z":[[1.0,0.9999999999999981,1.0,0.9953170436309772,0.9953170436309772,0.9644261165288319,0.9644261165288319,0.9033462947840618,0.9033462947840618,0.8774994147267242,0.9945643869930977,0.848922289719124,0.9927972712536575,0.992693713868085,0.994622051906178,0.9735614303492524,0.998993596793074,0.9230605474833183,0.9230605474833183,0.784947412675983,-0.1179458828079977,0.9776723586787655,0.12277639470563731,-0.07363934520455173,-0.2518729201701402,0.8174334194501444,0.9178341191838971,0.9125069805873636,0.9285455222338638,0.7811103960839075,0.531181751494122,0.6308797052067162,0.6354208710419911,0.9319252584891196,0.8255141839505064,0.1797643334526895],[0.9999999999999981,1.0,0.9999999999999984,0.9952799157194748,0.9952799157194748,0.9638506327406635,0.9638506327406635,0.9044059702083187,0.9044059702083187,0.8786553071767083,0.9945545238169661,0.8486011358267415,0.9925104354649807,0.9921476050275257,0.994597761439339,0.9729353569956735,0.9989958638815456,0.9233536435157528,0.9233536435157528,0.8040215458747163,0.09212201053426919,0.9692331710430038,-0.06633885966454779,-0.06625978455131513,-0.2521252507833324,0.6470794485166264,0.9183869368500192,0.8867698398910564,0.9229190142055002,0.7921970764662357,0.522786183968405,0.6279273489560189,0.6616198665649192,0.9293787681489801,0.6786501952328708,0.17663984735346006],[1.0,0.9999999999999984,1.0,0.9953170436309772,0.9953170436309772,0.9644261165288319,0.9644261165288319,0.9033462947840618,0.9033462947840618,0.8774994147267242,0.9945643869930977,0.848922289719124,0.9927972712536575,0.992693713868085,0.994622051906178,0.9735614303492524,0.998993596793074,0.9230605474833183,0.9230605474833183,0.784947412675983,-0.1179458828079977,0.9776723586787655,0.12277639470563731,-0.07363934520455173,-0.2518729201701402,0.8174334194501444,0.9178341191838971,0.9125069805873636,0.9285455222338638,0.7811103960839075,0.531181751494122,0.6308797052067162,0.6354208710419911,0.9319252584891196,0.8255141839505064,0.1797643334526895],[0.9953170436309772,0.9952799157194748,0.9953170436309772,1.0,1.0,0.9512754219588434,0.9512754219588434,0.8885364124690156,0.8885364124690156,0.8607739193419286,0.9995101879354102,0.8303451251910196,0.9899888962966543,0.986506089885838,0.9994709240848292,0.9561559227885476,0.9948951581471737,0.9012246521334272,0.9012246521334272,0.7619660927733439,-0.1250810663002809,0.989849638337753,0.1466798399644832,-0.10861660474319575,-0.2535439841406391,0.8119502377338568,0.9230289997118108,0.9160913603973585,0.9155904452334458,0.7896385363165588,0.5594387294896899,0.6251249580057906,0.6072291774399854,0.9235246646782381,0.8152670692919732,0.19170946478419992],[0.9953170436309772,0.9952799157194748,0.9953170436309772,1.0,1.0,0.9512754219588434,0.9512754219588434,0.8885364124690156,0.8885364124690156,0.8607739193419286,0.9995101879354102,0.8303451251910196,0.9899888962966543,0.986506089885838,0.9994709240848292,0.9561559227885476,0.9948951581471737,0.9012246521334272,0.9012246521334272,0.7619660927733439,-0.1250810663002809,0.989849638337753,0.1466798399644832,-0.10861660474319575,-0.2535439841406391,0.8119502377338568,0.9230289997118108,0.9160913603973585,0.9155904452334458,0.7896385363165588,0.5594387294896899,0.6251249580057906,0.6072291774399854,0.9235246646782381,0.8152670692919732,0.19170946478419992],[0.9644261165288319,0.9638506327406635,0.9644261165288319,0.9512754219588434,0.9512754219588434,1.0,1.0,0.9289418335450478,0.9289418335450478,0.8428219035467702,0.9519350337623734,0.8328112975810469,0.9729423789964319,0.9708114674137962,0.9517917806336618,0.9990682659837491,0.9732414519823862,0.9200667809765766,0.9200667809765766,0.640614722867015,-0.06467004011860379,0.9362473174617755,0.28984880090129195,-0.2644004926707901,-0.11467239146441657,0.8874512648100842,0.8711188154684271,0.9306095926068089,0.9001376814485946,0.7428567673004501,0.7343728027776273,0.7366922417352302,0.7107154994484365,0.8567504824490302,0.8578544446198665,0.464349138592295],[0.9644261165288319,0.9638506327406635,0.9644261165288319,0.9512754219588434,0.9512754219588434,1.0,1.0,0.9289418335450478,0.9289418335450478,0.8428219035467702,0.9519350337623734,0.8328112975810469,0.9729423789964319,0.9708114674137962,0.9517917806336618,0.9990682659837491,0.9732414519823862,0.9200667809765766,0.9200667809765766,0.640614722867015,-0.06467004011860379,0.9362473174617755,0.28984880090129195,-0.2644004926707901,-0.11467239146441657,0.8874512648100842,0.8711188154684271,0.9306095926068089,0.9001376814485946,0.7428567673004501,0.7343728027776273,0.7366922417352302,0.7107154994484365,0.8567504824490302,0.8578544446198665,0.464349138592295],[0.9033462947840618,0.9044059702083187,0.9033462947840618,0.8885364124690156,0.8885364124690156,0.9289418335450478,0.9289418335450478,1.0,1.0,0.7827866912299326,0.9384265049352403,0.8053182774798442,0.9451352741530096,0.9400990931408348,0.9383123649100894,0.9298057117354146,0.9435167387052793,0.9720401842592319,0.9720401842592319,0.5801531624662482,0.055631271610691604,0.848663289645581,0.5310031587450762,-0.2894538112204102,0.022995905757952618,0.7854778322570865,0.7694517747358744,0.8707099708941572,0.850013357210836,0.7545919862453052,0.8755893984739526,0.7786907094983554,0.7185331889134711,0.7862299305807381,0.8451950269868032,0.8001781910047214],[0.9033462947840618,0.9044059702083187,0.9033462947840618,0.8885364124690156,0.8885364124690156,0.9289418335450478,0.9289418335450478,1.0,1.0,0.7827866912299326,0.9384265049352403,0.8053182774798442,0.9451352741530096,0.9400990931408348,0.9383123649100894,0.9298057117354146,0.9435167387052793,0.9720401842592319,0.9720401842592319,0.5801531624662482,0.055631271610691604,0.848663289645581,0.5310031587450762,-0.2894538112204102,0.022995905757952618,0.7854778322570865,0.7694517747358744,0.8707099708941572,0.850013357210836,0.7545919862453052,0.8755893984739526,0.7786907094983554,0.7185331889134711,0.7862299305807381,0.8451950269868032,0.8001781910047214],[0.8774994147267242,0.8786553071767083,0.8774994147267242,0.8607739193419286,0.8607739193419286,0.8428219035467702,0.8428219035467702,0.7827866912299326,0.7827866912299326,1.0,0.7792177594122855,0.9999700505695208,0.7365611779369549,0.6693974561270749,0.7811893257944211,0.840228937077873,0.8178286106107032,0.8466005451317952,0.8466005451317952,0.7090434272588424,-0.10552627095185549,0.8383243288895746,0.04709373443387449,0.04339331612621377,-0.24575818800397084,0.8035432290260598,0.6796519393431172,0.8005661151918071,0.8402190238291812,0.7047657225051772,0.3886864561769129,0.5464023428364366,0.5710330980707956,0.8345340486723762,0.7004231048653894,0.17685601030098597],[0.9945643869930977,0.9945545238169661,0.9945643869930977,0.9995101879354102,0.9995101879354102,0.9519350337623734,0.9519350337623734,0.9384265049352403,0.9384265049352403,0.7792177594122855,1.0,0.7790380802397503,0.9897155035974443,0.9865901963909081,0.999921311582235,0.9522705616520206,0.9938099032144903,0.9148939393556133,0.9148939393556133,0.8532040189591722,0.07639631912839305,0.9962021939159968,0.873435435565432,-0.4854815951130751,0.3523058410405631,0.8376513613807937,0.8849311200695845,0.9403421996864695,0.9110967280315989,0.8153422282795785,0.9065377081765366,0.8733950634136007,0.7937628327202876,0.9001173322736405,0.9426676039292569,0.7749638632957331],[0.848922289719124,0.8486011358267415,0.848922289719124,0.8303451251910196,0.8303451251910196,0.8328112975810469,0.8328112975810469,0.8053182774798442,0.8053182774798442,0.9999700505695208,0.7790380802397503,1.0,0.7337358425174689,0.66580966163951,0.7789341103466757,0.8334844735954989,0.8160974849983224,0.844562217815177,0.844562217815177,0.6771389499242836,0.017332390772328343,0.8091028010350743,0.5010752461572154,-0.18766541455933902,-0.23337332612855513,0.8398901113349895,0.599252967273317,0.7816603296460282,0.8185866183620736,0.7370863236511915,0.656092993294451,0.7367909966107793,0.6968958418506428,0.8039489872997603,0.7043164310232998,0.7060322771036104],[0.9927972712536575,0.9925104354649807,0.9927972712536575,0.9899888962966543,0.9899888962966543,0.9729423789964319,0.9729423789964319,0.9451352741530096,0.9451352741530096,0.7365611779369549,0.9897155035974443,0.7337358425174689,1.0,0.9997365199638979,0.9897221366575188,0.9712798374502095,0.9904699562050071,0.9085116897868963,0.9085116897868963,0.8288047435175888,0.10944133408906749,0.9876329505274682,0.8947137160016949,-0.6524472395690335,0.4248097561709644,0.8139077770843726,0.8887268153730974,0.9530895298701936,0.9048207349319444,0.7479475670025176,0.906644617509346,0.8540563503739368,0.7798551768373319,0.8835435483811195,0.959362953992684,0.806280131905483],[0.992693713868085,0.9921476050275257,0.992693713868085,0.986506089885838,0.986506089885838,0.9708114674137962,0.9708114674137962,0.9400990931408348,0.9400990931408348,0.6693974561270749,0.9865901963909081,0.66580966163951,0.9997365199638979,1.0,0.9867719734176709,0.9682831440417199,0.9892706700340486,0.8945409310609952,0.8945409310609952,0.8492697718655656,-0.015144249174697862,0.9828380302985258,0.9031362407726466,-0.8395458862220959,0.4659651407569132,0.7654011423999947,0.8926027097047156,0.9489767205033194,0.8917668475752802,0.675718939559428,0.9158209149036128,0.8443655980679624,0.7259699070026495,0.9115603431149515,0.9605756643112279,0.7738665362548446],[0.994622051906178,0.994597761439339,0.994622051906178,0.9994709240848292,0.9994709240848292,0.9517917806336618,0.9517917806336618,0.9383123649100894,0.9383123649100894,0.7811893257944211,0.999921311582235,0.7789341103466757,0.9897221366575188,0.9867719734176709,1.0,0.952208379633765,0.9938586313420626,0.9152396596552437,0.9152396596552437,0.8541314708179654,0.07545337925018004,0.9960780483627186,0.8730492091486952,-0.4829596327046699,0.35132732229486235,0.8375930818866099,0.8821759632999583,0.9392909516841248,0.9114383291784768,0.8161549668377237,0.9060282741221126,0.8743184180869311,0.7945151893220262,0.9000287004208344,0.9425068052847364,0.7754686397943458],[0.9735614303492524,0.9729353569956735,0.9735614303492524,0.9561559227885476,0.9561559227885476,0.9990682659837491,0.9990682659837491,0.9298057117354146,0.9298057117354146,0.840228937077873,0.9522705616520206,0.8334844735954989,0.9712798374502095,0.9682831440417199,0.952208379633765,1.0,0.9746988936120605,0.9196707796930308,0.9196707796930308,0.689167951006153,-0.048019875796484486,0.9453559943667682,0.6189118088892621,-0.3972073466121516,-0.16474825121577782,0.8991035798352291,0.8699049302875226,0.9263334307859957,0.9075829981697721,0.7805752368642885,0.8485789684987017,0.7845981517964552,0.767162869196836,0.8794610827125032,0.8551900168355211,0.7877849739369518],[0.998993596793074,0.9989958638815456,0.998993596793074,0.9948951581471737,0.9948951581471737,0.9732414519823862,0.9732414519823862,0.9435167387052793,0.9435167387052793,0.8178286106107032,0.9938099032144903,0.8160974849983224,0.9904699562050071,0.9892706700340486,0.9938586313420626,0.9746988936120605,1.0,0.9363732679828034,0.9363732679828034,0.8604365226976883,0.08371026326046013,0.987226914157699,0.8421162466183562,-0.4637502784330578,0.36780413831956277,0.8787634513566847,0.8832791398225897,0.9471617819548491,0.9371716158716332,0.8345031886850122,0.8944401032346576,0.9015053819170349,0.8303667301147446,0.9131739673705596,0.9499862641824703,0.8323360566962147],[0.9230605474833183,0.9233536435157528,0.9230605474833183,0.9012246521334272,0.9012246521334272,0.9200667809765766,0.9200667809765766,0.9720401842592319,0.9720401842592319,0.8466005451317952,0.9148939393556133,0.844562217815177,0.9085116897868963,0.8945409310609952,0.9152396596552437,0.9196707796930308,0.9363732679828034,1.0,1.0,0.7383192766852852,-0.014561678963522928,0.8646478103121955,0.5371083803521818,-0.17852829274195825,-0.20501921349081834,0.8254209852920115,0.7640036071024366,0.8346693813971601,0.9155213107204603,0.8365048538778536,0.7993895397784235,0.7528234662535256,0.7049462896049458,0.8434184958475468,0.7747711006527389,0.8495320585550022],[0.9230605474833183,0.9233536435157528,0.9230605474833183,0.9012246521334272,0.9012246521334272,0.9200667809765766,0.9200667809765766,0.9720401842592319,0.9720401842592319,0.8466005451317952,0.9148939393556133,0.844562217815177,0.9085116897868963,0.8945409310609952,0.9152396596552437,0.9196707796930308,0.9363732679828034,1.0,1.0,0.7383192766852852,-0.014561678963522928,0.8646478103121955,0.5371083803521818,-0.17852829274195825,-0.20501921349081834,0.8254209852920115,0.7640036071024366,0.8346693813971601,0.9155213107204603,0.8365048538778536,0.7993895397784235,0.7528234662535256,0.7049462896049458,0.8434184958475468,0.7747711006527389,0.8495320585550022],[0.784947412675983,0.8040215458747163,0.784947412675983,0.7619660927733439,0.7619660927733439,0.640614722867015,0.640614722867015,0.5801531624662482,0.5801531624662482,0.7090434272588424,0.8532040189591722,0.6771389499242836,0.8288047435175888,0.8492697718655656,0.8541314708179654,0.689167951006153,0.8604365226976883,0.7383192766852852,0.7383192766852852,1.0,0.04361687161444574,0.7238580465034828,-0.39243686144997886,0.3349319173483704,-0.6579430483913733,0.34710601289068643,0.73979667853955,0.5035963671180007,0.8344695495860508,0.6912977565294146,0.09009465802034862,0.30154736281926614,0.5639011858804156,0.781928465041667,0.4709884201808349,-0.1579961642586837],[-0.1179458828079977,0.09212201053426919,-0.1179458828079977,-0.1250810663002809,-0.1250810663002809,-0.06467004011860379,-0.06467004011860379,0.055631271610691604,0.055631271610691604,-0.10552627095185549,0.07639631912839305,0.017332390772328343,0.10944133408906749,-0.015144249174697862,0.07545337925018004,-0.048019875796484486,0.08371026326046013,-0.014561678963522928,-0.014561678963522928,0.04361687161444574,1.0,-0.07724731990733906,0.1190957622772538,0.14445624782605165,0.7503588187483714,-0.0861926581905673,-0.014951295547838042,0.0026412213653170076,0.1736429835735721,0.01137267337132197,0.0744803194915412,0.35002056331068254,0.575360930090158,-0.10603531471842746,0.12098809080919362,0.16463261920548056],[0.9776723586787655,0.9692331710430038,0.9776723586787655,0.989849638337753,0.989849638337753,0.9362473174617755,0.9362473174617755,0.848663289645581,0.848663289645581,0.8383243288895746,0.9962021939159968,0.8091028010350743,0.9876329505274682,0.9828380302985258,0.9960780483627186,0.9453559943667682,0.987226914157699,0.8646478103121955,0.8646478103121955,0.7238580465034828,-0.07724731990733906,1.0,0.05577044190416191,-0.16933277307267666,-0.30723595042786467,0.6742418512903459,0.917219371788496,0.8999907703732977,0.8589666648533111,0.7582506345928938,0.558756703075582,0.5908125218974941,0.5359230893662166,0.9020568500942904,0.6564612614435419,0.1715765562384298],[0.12277639470563731,-0.06633885966454779,0.12277639470563731,0.1466798399644832,0.1466798399644832,0.28984880090129195,0.28984880090129195,0.5310031587450762,0.5310031587450762,0.04709373443387449,0.873435435565432,0.5010752461572154,0.8947137160016949,0.9031362407726466,0.8730492091486952,0.6189118088892621,0.8421162466183562,0.5371083803521818,0.5371083803521818,-0.39243686144997886,0.1190957622772538,0.05577044190416191,1.0,-0.4482545157099625,0.7416664022602597,0.37243712438260745,0.04994753756274938,0.2924510518103359,-0.11761039650654372,0.06008729015920734,0.5819497824043172,0.46836824097090607,0.1926902671406417,-0.028849838843247034,0.377736848863915,0.4659137234609891],[-0.07363934520455173,-0.06625978455131513,-0.07363934520455173,-0.10861660474319575,-0.10861660474319575,-0.2644004926707901,-0.2644004926707901,-0.2894538112204102,-0.2894538112204102,0.04339331612621377,-0.4854815951130751,-0.18766541455933902,-0.6524472395690335,-0.8395458862220959,-0.4829596327046699,-0.3972073466121516,-0.4637502784330578,-0.17852829274195825,-0.17852829274195825,0.3349319173483704,0.14445624782605165,-0.16933277307267666,-0.4482545157099625,1.0,-0.03350904273616924,-0.1539778395233064,-0.15659682730909127,-0.2892712228349902,-0.028593092083684685,-0.06270321867926375,-0.5615106652426033,-0.1903049754740623,-0.017071930333026657,-0.024167451672908225,-0.20242036892308932,-0.40423755792564225],[-0.2518729201701402,-0.2521252507833324,-0.2518729201701402,-0.2535439841406391,-0.2535439841406391,-0.11467239146441657,-0.11467239146441657,0.022995905757952618,0.022995905757952618,-0.24575818800397084,0.3523058410405631,-0.23337332612855513,0.4248097561709644,0.4659651407569132,0.35132732229486235,-0.16474825121577782,0.36780413831956277,-0.20501921349081834,-0.20501921349081834,-0.6579430483913733,0.7503588187483714,-0.30723595042786467,0.7416664022602597,-0.03350904273616924,1.0,-0.10369403174813031,-0.26218084575100903,-0.06131733608276501,-0.3504803787498687,-0.32810735912686667,0.08257929486335071,0.16699676863256296,0.2663610466156015,-0.3806581515821448,0.12330438867666495,0.09738534974968376],[0.8174334194501444,0.6470794485166264,0.8174334194501444,0.8119502377338568,0.8119502377338568,0.8874512648100842,0.8874512648100842,0.7854778322570865,0.7854778322570865,0.8035432290260598,0.8376513613807937,0.8398901113349895,0.8139077770843726,0.7654011423999947,0.8375930818866099,0.8991035798352291,0.8787634513566847,0.8254209852920115,0.8254209852920115,0.34710601289068643,-0.0861926581905673,0.6742418512903459,0.37243712438260745,-0.1539778395233064,-0.10369403174813031,1.0,0.5638225286901569,0.8382245296313994,0.48998103719600294,0.623439056336596,0.5410449152274652,0.6537057807675377,0.4222948498505859,0.7015744888483026,0.7015576148750462,0.4140550830402039],[0.9178341191838971,0.9183869368500192,0.9178341191838971,0.9230289997118108,0.9230289997118108,0.8711188154684271,0.8711188154684271,0.7694517747358744,0.7694517747358744,0.6796519393431172,0.8849311200695845,0.599252967273317,0.8887268153730974,0.8926027097047156,0.8821759632999583,0.8699049302875226,0.8832791398225897,0.7640036071024366,0.7640036071024366,0.73979667853955,-0.014951295547838042,0.917219371788496,0.04994753756274938,-0.15659682730909127,-0.26218084575100903,0.5638225286901569,1.0,0.8132648769234904,0.8103939863150641,0.6876604541856153,0.4484864707391323,0.5043941792626279,0.5457512708606697,0.8574252911134569,0.6209183680416419,0.0853919205631028],[0.9125069805873636,0.8867698398910564,0.9125069805873636,0.9160913603973585,0.9160913603973585,0.9306095926068089,0.9306095926068089,0.8707099708941572,0.8707099708941572,0.8005661151918071,0.9403421996864695,0.7816603296460282,0.9530895298701936,0.9489767205033194,0.9392909516841248,0.9263334307859957,0.9471617819548491,0.8346693813971601,0.8346693813971601,0.5035963671180007,0.0026412213653170076,0.8999907703732977,0.2924510518103359,-0.2892712228349902,-0.06131733608276501,0.8382245296313994,0.8132648769234904,1.0,0.7486958655481731,0.6065344985009719,0.5840865954153918,0.5965134388828995,0.5326067568598543,0.8142019788118118,0.8292816393995034,0.21434887725085522],[0.9285455222338638,0.9229190142055002,0.9285455222338638,0.9155904452334458,0.9155904452334458,0.9001376814485946,0.9001376814485946,0.850013357210836,0.850013357210836,0.8402190238291812,0.9110967280315989,0.8185866183620736,0.9048207349319444,0.8917668475752802,0.9114383291784768,0.9075829981697721,0.9371716158716332,0.9155213107204603,0.9155213107204603,0.8344695495860508,0.1736429835735721,0.8589666648533111,-0.11761039650654372,-0.028593092083684685,-0.3504803787498687,0.48998103719600294,0.8103939863150641,0.7486958655481731,1.0,0.9057158926692528,0.5356233073818184,0.6841898145084789,0.6658305834105743,0.8775253188197554,0.4990486327225587,0.2952618543018584],[0.7811103960839075,0.7921970764662357,0.7811103960839075,0.7896385363165588,0.7896385363165588,0.7428567673004501,0.7428567673004501,0.7545919862453052,0.7545919862453052,0.7047657225051772,0.8153422282795785,0.7370863236511915,0.7479475670025176,0.675718939559428,0.8161549668377237,0.7805752368642885,0.8345031886850122,0.8365048538778536,0.8365048538778536,0.6912977565294146,0.01137267337132197,0.7582506345928938,0.06008729015920734,-0.06270321867926375,-0.32810735912686667,0.623439056336596,0.6876604541856153,0.6065344985009719,0.9057158926692528,1.0,0.5744893051853066,0.6668785346691095,0.6084515878215451,0.7292207516244565,0.5804894877543616,0.4711000932028816],[0.531181751494122,0.522786183968405,0.531181751494122,0.5594387294896899,0.5594387294896899,0.7343728027776273,0.7343728027776273,0.8755893984739526,0.8755893984739526,0.3886864561769129,0.9065377081765366,0.656092993294451,0.906644617509346,0.9158209149036128,0.9060282741221126,0.8485789684987017,0.8944401032346576,0.7993895397784235,0.7993895397784235,0.09009465802034862,0.0744803194915412,0.558756703075582,0.5819497824043172,-0.5615106652426033,0.08257929486335071,0.5410449152274652,0.4484864707391323,0.5840865954153918,0.5356233073818184,0.5744893051853066,1.0,0.7433432323924485,0.37991352633073033,0.4803307482368905,0.5660009923224166,0.7643271774308847],[0.6308797052067162,0.6279273489560189,0.6308797052067162,0.6251249580057906,0.6251249580057906,0.7366922417352302,0.7366922417352302,0.7786907094983554,0.7786907094983554,0.5464023428364366,0.8733950634136007,0.7367909966107793,0.8540563503739368,0.8443655980679624,0.8743184180869311,0.7845981517964552,0.9015053819170349,0.7528234662535256,0.7528234662535256,0.30154736281926614,0.35002056331068254,0.5908125218974941,0.46836824097090607,-0.1903049754740623,0.16699676863256296,0.6537057807675377,0.5043941792626279,0.5965134388828995,0.6841898145084789,0.6668785346691095,0.7433432323924485,1.0,0.7783400837495852,0.49088605521135564,0.7269035637124902,0.5478237223471449],[0.6354208710419911,0.6616198665649192,0.6354208710419911,0.6072291774399854,0.6072291774399854,0.7107154994484365,0.7107154994484365,0.7185331889134711,0.7185331889134711,0.5710330980707956,0.7937628327202876,0.6968958418506428,0.7798551768373319,0.7259699070026495,0.7945151893220262,0.767162869196836,0.8303667301147446,0.7049462896049458,0.7049462896049458,0.5639011858804156,0.575360930090158,0.5359230893662166,0.1926902671406417,-0.017071930333026657,0.2663610466156015,0.4222948498505859,0.5457512708606697,0.5326067568598543,0.6658305834105743,0.6084515878215451,0.37991352633073033,0.7783400837495852,1.0,0.4912242409903112,0.6661544576166463,0.19957365485686782],[0.9319252584891196,0.9293787681489801,0.9319252584891196,0.9235246646782381,0.9235246646782381,0.8567504824490302,0.8567504824490302,0.7862299305807381,0.7862299305807381,0.8345340486723762,0.9001173322736405,0.8039489872997603,0.8835435483811195,0.9115603431149515,0.9000287004208344,0.8794610827125032,0.9131739673705596,0.8434184958475468,0.8434184958475468,0.781928465041667,-0.10603531471842746,0.9020568500942904,-0.028849838843247034,-0.024167451672908225,-0.3806581515821448,0.7015744888483026,0.8574252911134569,0.8142019788118118,0.8775253188197554,0.7292207516244565,0.4803307482368905,0.49088605521135564,0.4912242409903112,1.0,0.7259156493036125,0.16742906232118215],[0.8255141839505064,0.6786501952328708,0.8255141839505064,0.8152670692919732,0.8152670692919732,0.8578544446198665,0.8578544446198665,0.8451950269868032,0.8451950269868032,0.7004231048653894,0.9426676039292569,0.7043164310232998,0.959362953992684,0.9605756643112279,0.9425068052847364,0.8551900168355211,0.9499862641824703,0.7747711006527389,0.7747711006527389,0.4709884201808349,0.12098809080919362,0.6564612614435419,0.377736848863915,-0.20242036892308932,0.12330438867666495,0.7015576148750462,0.6209183680416419,0.8292816393995034,0.4990486327225587,0.5804894877543616,0.5660009923224166,0.7269035637124902,0.6661544576166463,0.7259156493036125,1.0,0.1762250911011004],[0.1797643334526895,0.17663984735346006,0.1797643334526895,0.19170946478419992,0.19170946478419992,0.464349138592295,0.464349138592295,0.8001781910047214,0.8001781910047214,0.17685601030098597,0.7749638632957331,0.7060322771036104,0.806280131905483,0.7738665362548446,0.7754686397943458,0.7877849739369518,0.8323360566962147,0.8495320585550022,0.8495320585550022,-0.1579961642586837,0.16463261920548056,0.1715765562384298,0.4659137234609891,-0.40423755792564225,0.09738534974968376,0.4140550830402039,0.0853919205631028,0.21434887725085522,0.2952618543018584,0.4711000932028816,0.7643271774308847,0.5478237223471449,0.19957365485686782,0.16742906232118215,0.1762250911011004,1.0]],"x":["^TAIEX       \u81fa\u7063\u52a0\u6b0a\u5831\u916c\u6307\u6578","^TWII        \u81fa\u7063\u52a0\u6b0a\u6307\u6578","^TAIEXx2     \u81fa\u7063\u52a0\u6b0a\u5831\u916c\u6307\u6578_\u65e5\u6b632","^TAI50I      \u81fa\u706350\u5831\u916c\u6307\u6578","^TAI50Ix2    \u81fa\u706350\u5831\u916c\u6307\u6578_\u65e5\u6b632","^TAI100I     \u81fa\u7063\u4e2d\u578b100\u5831\u916c\u6307\u6578","^TAI100Ix2   \u81fa\u7063\u4e2d\u578b100\u5831\u916c\u6307\u6578_\u65e5\u6b632","^TAIDIVIDI   \u81fa\u7063\u9ad8\u80a1\u606f\u5831\u916c\u6307\u6578","^TAIDIVIDIx2 \u81fa\u7063\u9ad8\u80a1\u606f\u5831\u916c\u6307\u6578_\u65e5\u6b632","0050Fund     \u5143\u5927\u53f0\u7063\u5353\u8d8a50\u57fa\u91d1","006208Fund   \u5bcc\u90a6\u53f0\u7063\u91c6\u540950\u57fa\u91d1","0050         \u5143\u5927\u81fa\u706350","00631L       \u5143\u5927\u53f0\u706350\u6b632","00675L       \u5bcc\u90a6\u81fa\u7063\u52a0\u6b0a\u6b632","006208       \u5bcc\u90a6\u53f050","0051         \u5143\u5927\u4e2d\u578b100","006204       \u6c38\u8c50\u81fa\u7063\u52a0\u6b0a","0056         \u5143\u5927\u9ad8\u80a1\u606f","0056         \u5143\u5927\u9ad8\u80a1\u606f_\u80a1\u606f\u4e0d\u6295\u5165","2412         \u4e2d\u83ef\u96fb\u4fe1","2002         \u4e2d\u92fc","2330         \u53f0\u7a4d\u96fb","2317         \u9d3b\u6d77","6505         \u53f0\u5851\u77f3\u5316","3481         \u7fa4\u5275","2303         \u806f\u96fb","2308         \u53f0\u9054\u96fb","2454         \u806f\u767c\u79d1","2886         \u5146\u8c50\u91d1","2884         \u7389\u5c71\u91d1","2891         \u4e2d\u4fe1\u91d1","2892         \u7b2c\u4e00\u91d1","5880         \u5408\u5eab\u91d1","2881         \u5bcc\u90a6\u91d1","2885         \u5143\u5927\u91d1","2887         \u53f0\u65b0\u91d1"],"y":["^TAIEX       \u81fa\u7063\u52a0\u6b0a\u5831\u916c\u6307\u6578","^TWII        \u81fa\u7063\u52a0\u6b0a\u6307\u6578","^TAIEXx2     \u81fa\u7063\u52a0\u6b0a\u5831\u916c\u6307\u6578_\u65e5\u6b632","^TAI50I      \u81fa\u706350\u5831\u916c\u6307\u6578","^TAI50Ix2    \u81fa\u706350\u5831\u916c\u6307\u6578_\u65e5\u6b632","^TAI100I     \u81fa\u7063\u4e2d\u578b100\u5831\u916c\u6307\u6578","^TAI100Ix2   \u81fa\u7063\u4e2d\u578b100\u5831\u916c\u6307\u6578_\u65e5\u6b632","^TAIDIVIDI   \u81fa\u7063\u9ad8\u80a1\u606f\u5831\u916c\u6307\u6578","^TAIDIVIDIx2 \u81fa\u7063\u9ad8\u80a1\u606f\u5831\u916c\u6307\u6578_\u65e5\u6b632","0050Fund     \u5143\u5927\u53f0\u7063\u5353\u8d8a50\u57fa\u91d1","006208Fund   \u5bcc\u90a6\u53f0\u7063\u91c6\u540950\u57fa\u91d1","0050         \u5143\u5927\u81fa\u706350","00631L       \u5143\u5927\u53f0\u706350\u6b632","00675L       \u5bcc\u90a6\u81fa\u7063\u52a0\u6b0a\u6b632","006208       \u5bcc\u90a6\u53f050","0051         \u5143\u5927\u4e2d\u578b100","006204       \u6c38\u8c50\u81fa\u7063\u52a0\u6b0a","0056         \u5143\u5927\u9ad8\u80a1\u606f","0056         \u5143\u5927\u9ad8\u80a1\u606f_\u80a1\u606f\u4e0d\u6295\u5165","2412         \u4e2d\u83ef\u96fb\u4fe1","2002         \u4e2d\u92fc","2330         \u53f0\u7a4d\u96fb","2317         \u9d3b\u6d77","6505         \u53f0\u5851\u77f3\u5316","3481         \u7fa4\u5275","2303         \u806f\u96fb","2308         \u53f0\u9054\u96fb","2454         \u806f\u767c\u79d1","2886         \u5146\u8c50\u91d1","2884         \u7389\u5c71\u91d1","2891         \u4e2d\u4fe1\u91d1","2892         \u7b2c\u4e00\u91d1","5880         \u5408\u5eab\u91d1","2881         \u5bcc\u90a6\u91d1","2885         \u5143\u5927\u91d1","2887         \u53f0\u65b0\u91d1"],"zmin":-1,"zmax":1,"colorbar":{"x":-0.2}}],"layout":{"autotypenumbers":"strict","colorway":["#636efa","#EF553B","#00cc96","#ab63fa","#FFA15A","#19d3f3","#FF6692","#B6E880","#FF97FF","#FECB52"],"font":{"color":"#f2f5fa","family":"Courier New"},"hovermode":"closest","hoverlabel":{"align":"left"},"paper_bgcolor":"rgb(17,17,17)","plot_bgcolor":"rgb(17,17,17)","polar":{"bgcolor":"rgb(17,17,17)","angularaxis":{"gridcolor":"#506784","linecolor":"#506784","ticks":""},"radialaxis":{"gridcolor":"#506784","linecolor":"#506784","ticks":""}},"ternary":{"bgcolor":"rgb(17,17,17)","aaxis":{"gridcolor":"#506784","linecolor":"#506784","ticks":""},"baxis":{"gridcolor":"#506784","linecolor":"#506784","ticks":""},"caxis":{"gridcolor":"#506784","linecolor":"#506784","ticks":""}},"coloraxis":{"colorbar":{"outlinewidth":0,"ticks":""}},"colorscale":{"sequential":[[0.0,"#0d0887"],[0.1111111111111111,"#46039f"],[0.2222222222222222,"#7201a8"],[0.3333333333333333,"#9c179e"],[0.4444444444444444,"#bd3786"],[0.5555555555555556,"#d8576b"],[0.6666666666666666,"#ed7953"],[0.7777777777777778,"#fb9f3a"],[0.8888888888888888,"#fdca26"],[1.0,"#f0f921"]],"sequentialminus":[[0.0,"#0d0887"],[0.1111111111111111,"#46039f"],[0.2222222222222222,"#7201a8"],[0.3333333333333333,"#9c179e"],[0.4444444444444444,"#bd3786"],[0.5555555555555556,"#d8576b"],[0.6666666666666666,"#ed7953"],[0.7777777777777778,"#fb9f3a"],[0.8888888888888888,"#fdca26"],[1.0,"#f0f921"]],"diverging":[[0,"#8e0152"],[0.1,"#c51b7d"],[0.2,"#de77ae"],[0.3,"#f1b6da"],[0.4,"#fde0ef"],[0.5,"#f7f7f7"],[0.6,"#e6f5d0"],[0.7,"#b8e186"],[0.8,"#7fbc41"],[0.9,"#4d9221"],[1,"#276419"]]},"xaxis":{"gridcolor":"rgba(0, 0, 0, 0)","linecolor":"#506784","ticks":"","title":{"standoff":15},"zerolinecolor":"#283442","automargin":true,"zerolinewidth":2,"tickfont":{"family":"Courier New","size":14},"side":"top","tickangle":-90},"yaxis":{"gridcolor":"rgba(0, 0, 0, 0)","linecolor":"#506784","ticks":"","title":{"standoff":15},"zerolinecolor":"#283442","automargin":true,"zerolinewidth":2,"tickfont":{"family":"Courier New"},"side":"right"},"scene":{"xaxis":{"backgroundcolor":"rgb(17,17,17)","gridcolor":"#506784","linecolor":"#506784","showbackground":true,"ticks":"","zerolinecolor":"#C8D4E3","gridwidth":2},"yaxis":{"backgroundcolor":"rgb(17,17,17)","gridcolor":"#506784","linecolor":"#506784","showbackground":true,"ticks":"","zerolinecolor":"#C8D4E3","gridwidth":2},"zaxis":{"backgroundcolor":"rgb(17,17,17)","gridcolor":"#506784","linecolor":"#506784","showbackground":true,"ticks":"","zerolinecolor":"#C8D4E3","gridwidth":2}},"shapedefaults":{"line":{"color":"#f2f5fa"}},"annotationdefaults":{"arrowcolor":"#f2f5fa","arrowhead":0,"arrowwidth":1},"geo":{"bgcolor":"rgb(17,17,17)","landcolor":"rgb(17,17,17)","subunitcolor":"#506784","showland":true,"showlakes":true,"lakecolor":"rgb(17,17,17)"},"title":{"x":0.05,"font":{"family":"Times New Roman"},"y":0.05,"text":"<b>Correlation of Close<b><br><i>2016-09-23 ~ 2025-10-27<i>"},"updatemenudefaults":{"bgcolor":"#506784","borderwidth":0},"sliderdefaults":{"bgcolor":"#C8D4E3","borderwidth":1,"bordercolor":"rgb(17,17,17)","tickwidth":0},"mapbox":{"style":"dark"},"annotations":[{"text":"<b>@zwindr<b>","textangle":0,"opacity":0.5,"font":{"color":"white","size":12},"xref":"paper","yref":"paper","xanchor":"left","yanchor":"bottom","x":1.0,"y":1.0,"showarrow":false}]},"config":{"responsive":true,"toImageButtonOptions":{"filename":"Correlation of Close_2016-09-23~2025-10-27","scale":5}}};Plotly.newPlot("correlationClose",correlationClose.data,correlationClose.layout||{},correlationClose.config);}else{console.log("style display is none => correlationClose");}