var element=document.getElementById("correlationAdjClose");if(element.style.display!='none'){var correlationAdjClose={"data":[{"type":"heatmap","z":[[1.0,0.9963198036566192,0.9557495400942171,0.9964270028927247,0.9232374630510903,0.9882012407176644,0.9627052045575839,0.9808629123812117,0.9807280303429816,0.9965525116374496,0.9964505435234373,0.9966962209460548,0.8621635249561144,0.9841765510576644,0.9965516425520949,0.9889320404744557,0.9997734965569479,0.9805470715824678,0.8936117135793296,0.8932725364210369,0.6037761035910066,0.9854420676792314,0.9445880595287653,0.2811070483812625,-0.22352845094927812,0.9154546949364655,0.8887464699379461,0.9529255420633409,0.9444741701435044,0.944606571357841,0.9829721519395268,0.9442260388664703,0.9024945311547201,0.9720687040887832,0.9824939925842947,0.9596907197183354],[0.9963198036566192,1.0,0.9592252887338835,0.9937317338136736,0.9276659530352553,0.9847312264646805,0.9630033539263668,0.9717491190609336,0.9759688509288539,0.9947803703134023,0.9963360775070869,0.9959030693492069,0.8691657107862298,0.9867760233218569,0.9963907410095002,0.9846488345569377,0.9979582741484067,0.9734231599823576,0.9053876911792927,0.8811778473390499,0.6279402830173421,0.9760257116980678,0.927656819871692,0.27591448729455537,-0.16360289618149407,0.9000852500069467,0.8920313117592464,0.9557051541915664,0.9260552645834738,0.9314304059739787,0.9756844177007404,0.9285596666137049,0.8997494863363095,0.9623103354278669,0.976456207295876,0.9538221679050622],[0.9557495400942171,0.9592252887338835,1.0,0.9730373401584389,0.9940962553418017,0.9478082251356835,0.9807432010219346,0.9040939303535376,0.9512720263076693,0.9731331878258549,0.9802892314400776,0.9769233768802994,0.891570260077738,0.9973748798525779,0.9803653517062704,0.9449363931348731,0.9665301421745905,0.9048204926035431,0.8074166770013866,0.7446850967823604,0.41865547264875136,0.9812445158577703,0.8986786056821661,0.10357076768946914,-0.11838824050955388,0.8795334640098215,0.9647506730009076,0.9645363508899233,0.8153490166040545,0.8267807799567596,0.9375738747279778,0.8196985018721946,0.7725427957318496,0.8923704603901367,0.9557426730611676,0.8825689881481652],[0.9964270028927247,0.9937317338136736,0.9730373401584389,1.0,0.9479802392485526,0.9797820517025562,0.9663810818404661,0.9658717000810266,0.9754212009674835,0.9999806149642553,0.9999947831782101,0.9999734108850379,0.8722478874547587,0.9897359545724194,0.9999664858914938,0.9781731820997891,0.9960058255533003,0.9652539072777724,0.8694549751433029,0.8643770413703283,0.5543417638175998,0.9952085476245273,0.9429792768090598,0.2415156408742565,-0.20422674605649505,0.9061616162597436,0.9139500460333082,0.9591586421537689,0.919340896746365,0.9267962261654428,0.9816720627338262,0.9200844924222773,0.8737499613438869,0.9601574619460423,0.9807753754455266,0.9454255043621187],[0.9232374630510903,0.9276659530352553,0.9940962553418017,0.9479802392485526,1.0,0.9093304704955069,0.9582442849839682,0.8581152191389003,0.91651728194731,0.9486120198852009,0.9600185879070954,0.9550491131688338,0.8849825390423787,0.9851292034305286,0.9599681718488517,0.9059975957552716,0.9372947842464405,0.858803825725885,0.7551910303081215,0.6900991717914601,0.3551596435019639,0.9623426971460962,0.8674272341043832,0.06725467115483771,-0.09557108772341263,0.8377774058704296,0.9774695959528978,0.9437904988735872,0.7569266119717419,0.7757983527585832,0.9056917962605696,0.7630937417160718,0.7088789524704943,0.8472087936519046,0.9237600569816147,0.8362796331902008],[0.9882012407176644,0.9847312264646805,0.9478082251356835,0.9797820517025562,0.9093304704955069,1.0,0.9775839713077571,0.9804783682927216,0.9865270158854071,0.9793994835099349,0.9743672393357563,0.9774749665543562,0.8427871691481449,0.9557018471976357,0.9743828827658875,0.9999240902791291,0.9897263563298179,0.9813074876639227,0.9016947917458562,0.8626271319219723,0.5745795910801577,0.9712870164607483,0.9253561214788013,0.1739887797770576,-0.16523236489359333,0.9396935921869649,0.863850814051746,0.951767364742297,0.9358038693894929,0.9248891038952812,0.9683560054547122,0.9365359185415572,0.9180467128969627,0.9600441631467792,0.9847192305173057,0.9632780186236485],[0.9627052045575839,0.9630033539263668,0.9807432010219346,0.9663810818404661,0.9582442849839682,0.9775839713077571,1.0,0.9363775295876251,0.9794555509092113,0.965603865839266,0.9743300995669963,0.9709958822080705,0.8766677307770865,0.9830982523530636,0.9740726180774824,0.9785553682116116,0.9774911257953258,0.9392176710338934,0.8488042322029403,0.7656253489717023,0.4397073024224141,0.9690669960398476,0.9118381423300091,0.041868790130099066,-0.09432510994616394,0.9057466049952224,0.9171725673417405,0.9651278256245115,0.8509432541597997,0.8418969706678527,0.9438533842458285,0.8531003443345739,0.8330140598232856,0.9115555199343018,0.9738215247327218,0.910043092760065],[0.9808629123812117,0.9717491190609336,0.9040939303535376,0.9658717000810266,0.8581152191389003,0.9804783682927216,0.9363775295876251,1.0,0.9812047595291294,0.9657724676060724,0.9602183843114777,0.964524373116739,0.8019141676237168,0.9244646397948939,0.960536147520545,0.9823225951591066,0.9777946396532513,0.9998965480921129,0.93466645160394,0.9299072358798813,0.5655353734858314,0.9510582371616987,0.9186860703161633,0.15168231882839595,-0.26066704924256756,0.9180574850354876,0.7960424914980714,0.9186682809731348,0.9715273198640116,0.957296207683319,0.9691314028813657,0.9628798609251726,0.92743383365231,0.9686465579394795,0.959076720452326,0.9723392496851241],[0.9807280303429816,0.9759688509288539,0.9512720263076693,0.9754212009674835,0.91651728194731,0.9865270158854071,0.9794555509092113,0.9812047595291294,1.0,0.9749118936839483,0.9705457506152964,0.9736378945787556,0.8414163692473173,0.9523401297185466,0.9703882452487954,0.9858604881238489,0.9796831354338111,0.9813417039667567,0.9044251748013235,0.8572411577230651,0.4644940529318098,0.9698555265566157,0.9346735859549367,0.013949652246122693,-0.1735320598199678,0.9093934517377082,0.853058083300877,0.9583316163598081,0.9162968340080244,0.8992947174375571,0.9689374719370477,0.9093019304248922,0.8752925042714498,0.9517394032976653,0.979320229279353,0.9377435101654638],[0.9965525116374496,0.9947803703134023,0.9731331878258549,0.9999806149642553,0.9486120198852009,0.9793994835099349,0.965603865839266,0.9657724676060724,0.9749118936839483,1.0,0.9999943342281814,0.9999845215304268,0.8741281889201686,0.9896711758450452,0.9999679857868977,0.9779002243976059,0.995897754923986,0.9650742387956134,0.8710488991491204,0.864427520951923,0.5454186939462276,0.9954405153082326,0.9435135654832272,0.24389707290079268,-0.20059654825341114,0.9070066493131725,0.9127878299556655,0.9577632029126619,0.9170935667974096,0.9242204122463564,0.980957461968557,0.9177503002986018,0.8703865538429711,0.9586153665712766,0.9804042204450545,0.9440593025495303],[0.9964505435234373,0.9963360775070869,0.9802892314400776,0.9999947831782101,0.9600185879070954,0.9743672393357563,0.9743300995669963,0.9602183843114777,0.9705457506152964,0.9999943342281814,1.0,0.9999786127775393,0.8742626140909365,0.9895837488793633,0.9999699730399819,0.9739760428107472,0.9957820767667566,0.9607816492754525,0.8866527392555742,0.893126541297285,0.3793524205048043,0.9978250980286051,0.9334280398634986,-0.22006976746736087,0.5926879386966796,0.8995707116184168,0.9030441307662878,0.9571976135397644,0.8960984600464682,0.9015034958921331,0.9752548173210472,0.8890168808426229,0.8260685059091952,0.9456991776554161,0.9855609404677841,0.9407166319309004],[0.9966962209460548,0.9959030693492069,0.9769233768802994,0.9999734108850379,0.9550491131688338,0.9774749665543562,0.9709958822080705,0.964524373116739,0.9736378945787556,0.9999845215304268,0.9999786127775393,1.0,0.8742539993104973,0.9897193299366028,0.9999762647544098,0.9771331767379876,0.9958148915639449,0.9646159096179522,0.8783714225076072,0.8814156784108961,0.4616641932589484,0.9970788546056535,0.9419001433553261,-0.023463880020060005,-0.02444611356601355,0.9127373921736902,0.9066403108343759,0.9541733047423265,0.9051919932115016,0.9106496696331171,0.978001136434517,0.9037790762469542,0.8547132989412564,0.9530700786772427,0.9806102998418386,0.9440220982258876],[0.8621635249561144,0.8691657107862298,0.891570260077738,0.8722478874547587,0.8849825390423787,0.8427871691481449,0.8766677307770865,0.8019141676237168,0.8414163692473173,0.8741281889201686,0.8742626140909365,0.8742539993104973,1.0,0.9998647729265425,0.8727551031044433,0.8436108660063062,0.8642084291044834,0.8040550869321719,0.7270648654545214,0.6960043578248868,0.2008188210601602,0.8728742703446601,0.8077996169781467,-0.48504160024205045,0.5979402172402736,0.7642105044516755,0.8582352675426895,0.8677254183110141,0.704588893873184,0.7052240757413691,0.8345205666802885,0.6941996913005611,0.6173885357847065,0.796229910418734,0.8570770130143343,0.7950948399602327],[0.9841765510576644,0.9867760233218569,0.9973748798525779,0.9897359545724194,0.9851292034305286,0.9557018471976357,0.9830982523530636,0.9244646397948939,0.9523401297185466,0.9896711758450452,0.9895837488793633,0.9897193299366028,0.9998647729265425,1.0,0.9898724427789986,0.9544526891775226,0.9829195754527993,0.9259239118153699,0.834478128581874,0.8595198537689963,0.10868105043233105,0.9842456871491734,0.8959989171217946,-0.6778295569223179,0.6367042730562078,0.855974985944407,0.9473091024353525,0.9598404867732426,0.8132804528643581,0.8281723883197989,0.9415532546796587,0.8224308015295696,0.7074081855373392,0.893326632930174,0.9663844080997485,0.9107702952672274],[0.9965516425520949,0.9963907410095002,0.9803653517062704,0.9999664858914938,0.9599681718488517,0.9743828827658875,0.9740726180774824,0.960536147520545,0.9703882452487954,0.9999679857868977,0.9999699730399819,0.9999762647544098,0.8727551031044433,0.9898724427789986,1.0,0.9740153565285624,0.9958710082061136,0.9611864286518723,0.8873151348266144,0.8947049716051044,0.38266017533570834,0.9977005976613753,0.9331487140574203,-0.21706260071897054,0.5883156647589491,0.8991384061557598,0.9019721641329013,0.9577722349347817,0.8978395525995346,0.9033158917106657,0.9753053309760491,0.8911132157889676,0.8285802645023734,0.9461499290646573,0.9855827207686476,0.9415965572495402],[0.9889320404744557,0.9846488345569377,0.9449363931348731,0.9781731820997891,0.9059975957552716,0.9999240902791291,0.9785553682116116,0.9823225951591066,0.9858604881238489,0.9779002243976059,0.9739760428107472,0.9771331767379876,0.8436108660063062,0.9544526891775226,0.9740153565285624,1.0,0.9896343704527456,0.9817410382257492,0.9047915030277941,0.8862215657057396,0.5462847216015986,0.9692310305447773,0.9220950688423684,0.02104831584290005,-0.10144747953629377,0.9445556949877517,0.8532983488427898,0.9472874267334707,0.9372020320846284,0.9213822166152308,0.9661137657759077,0.936376168192067,0.9133052910583053,0.9619405284037738,0.9840208954398707,0.9658300407975964],[0.9997734965569479,0.9979582741484067,0.9665301421745905,0.9960058255533003,0.9372947842464405,0.9897263563298179,0.9774911257953258,0.9777946396532513,0.9796831354338111,0.995897754923986,0.9957820767667566,0.9958148915639449,0.8642084291044834,0.9829195754527993,0.9958710082061136,0.9896343704527456,1.0,0.9783044066994829,0.9132799900120224,0.9145470940917687,0.45164883118435434,0.9900421855896663,0.9328079117690325,-0.1648994066091485,0.5944807293120669,0.9246029347771945,0.878052165338818,0.9550577559690316,0.9276278873998773,0.9229542112540227,0.9774011181360048,0.9202816988485916,0.8724540048646885,0.9618626205723784,0.99114845497169,0.9632961333335842],[0.9805470715824678,0.9734231599823576,0.9048204926035431,0.9652539072777724,0.858803825725885,0.9813074876639227,0.9392176710338934,0.9998965480921129,0.9813417039667567,0.9650742387956134,0.9607816492754525,0.9646159096179522,0.8040550869321719,0.9259239118153699,0.9611864286518723,0.9817410382257492,0.9783044066994829,1.0,0.9375038193083722,0.9357052402976725,0.5602768970300146,0.949618775512332,0.9217553110109753,0.11337647697395206,-0.20875285650744385,0.9225129793669997,0.7925556074034856,0.9196636264887761,0.9714365573640356,0.9563927209534819,0.9677156751094017,0.9613626258879784,0.9261317127109927,0.9678717152909718,0.9576031695241428,0.9729639100260309],[0.8936117135793296,0.9053876911792927,0.8074166770013866,0.8694549751433029,0.7551910303081215,0.9016947917458562,0.8488042322029403,0.93466645160394,0.9044251748013235,0.8710488991491204,0.8866527392555742,0.8783714225076072,0.7270648654545214,0.834478128581874,0.8873151348266144,0.9047915030277941,0.9132799900120224,0.9375038193083722,1.0,0.8449590139990436,0.6484369681098777,0.8420488373320286,0.8284861929519602,0.20323050861226208,-0.10895577610149633,0.8714736758799775,0.6818287134270735,0.8373206842435875,0.8999921791467124,0.8722233283675696,0.8625169527312836,0.882632054808133,0.8635957574922203,0.8711857230668748,0.8735939926574513,0.9031923729571155],[0.8932725364210369,0.8811778473390499,0.7446850967823604,0.8643770413703283,0.6900991717914601,0.8626271319219723,0.7656253489717023,0.9299072358798813,0.8572411577230651,0.864427520951923,0.893126541297285,0.8814156784108961,0.6960043578248868,0.8595198537689963,0.8947049716051044,0.8862215657057396,0.9145470940917687,0.9357052402976725,0.8449590139990436,1.0,0.8074370640349482,0.8140737561324759,0.8674537132513463,0.5936351066433622,-0.48602298374014685,0.7269695730699454,0.6808262118852849,0.7682973714396237,0.9627528786778826,0.9421912020516549,0.8833899650772541,0.9513556760933944,0.9081779994539761,0.9032736661484463,0.8351045178545807,0.886361442384169],[0.6037761035910066,0.6279402830173421,0.41865547264875136,0.5543417638175998,0.3551596435019639,0.5745795910801577,0.4397073024224141,0.5655353734858314,0.4644940529318098,0.5454186939462276,0.3793524205048043,0.4616641932589484,0.2008188210601602,0.10868105043233105,0.38266017533570834,0.5462847216015986,0.45164883118435434,0.5602768970300146,0.6484369681098777,0.8074370640349482,1.0,0.4973136712361961,0.6417136529617858,0.7213115952326385,-0.11566408512716916,0.493102854113833,0.3983407274156338,0.5034203646828124,0.7526428815027896,0.6750907041758747,0.5556083554163687,0.7101186795279281,0.7406046676857245,0.623284813153912,0.5591599592553821,0.6288889960732204],[0.9854420676792314,0.9760257116980678,0.9812445158577703,0.9952085476245273,0.9623426971460962,0.9712870164607483,0.9690669960398476,0.9510582371616987,0.9698555265566157,0.9954405153082326,0.9978250980286051,0.9970788546056535,0.8728742703446601,0.9842456871491734,0.9977005976613753,0.9692310305447773,0.9900421855896663,0.949618775512332,0.8420488373320286,0.8140737561324759,0.4973136712361961,1.0,0.9203808763161481,0.17668227799677722,-0.18997423032601876,0.8891437820370774,0.92610542968327,0.9577045464079826,0.8822252850111724,0.9023922503130047,0.9732919625568244,0.8914846897606663,0.8411352678837893,0.9447435551210073,0.9691996177399714,0.9259280597845455],[0.9445880595287653,0.927656819871692,0.8986786056821661,0.9429792768090598,0.8674272341043832,0.9253561214788013,0.9118381423300091,0.9186860703161633,0.9346735859549367,0.9435135654832272,0.9334280398634986,0.9419001433553261,0.8077996169781467,0.8959989171217946,0.9331487140574203,0.9220950688423684,0.9328079117690325,0.9217553110109753,0.8284861929519602,0.8674537132513463,0.6417136529617858,0.9203808763161481,1.0,0.24018595391701486,-0.14584369363497948,0.7682713664608162,0.8284489308678639,0.8906030794190786,0.8992485455792714,0.8725462846258834,0.9478730444996868,0.8799031533676526,0.8414198120400076,0.9417657996391704,0.9062930308003418,0.8852017856033914],[0.2811070483812625,0.27591448729455537,0.10357076768946914,0.2415156408742565,0.06725467115483771,0.1739887797770576,0.041868790130099066,0.15168231882839595,0.013949652246122693,0.24389707290079268,-0.22006976746736087,-0.023463880020060005,-0.48504160024205045,-0.6778295569223179,-0.21706260071897054,0.02104831584290005,-0.1648994066091485,0.11337647697395206,0.20323050861226208,0.5936351066433622,0.7213115952326385,0.17668227799677722,0.24018595391701486,1.0,-0.38088620118083705,0.20837503409757918,0.1087303926306486,0.10870099355549666,0.4242542904359444,0.40961189928936975,0.23250613348121,0.43491526777680917,0.3758960369424367,0.2800070223496974,0.18434687680509654,0.3083402186047284],[-0.22352845094927812,-0.16360289618149407,-0.11838824050955388,-0.20422674605649505,-0.09557108772341263,-0.16523236489359333,-0.09432510994616394,-0.26066704924256756,-0.1735320598199678,-0.20059654825341114,0.5926879386966796,-0.02444611356601355,0.5979402172402736,0.6367042730562078,0.5883156647589491,-0.10144747953629377,0.5944807293120669,-0.20875285650744385,-0.10895577610149633,-0.48602298374014685,-0.11566408512716916,-0.18997423032601876,-0.14584369363497948,-0.38088620118083705,1.0,-0.10997245907190108,-0.11007175003853421,-0.10539975951332366,-0.3560592535061085,-0.33983297311439525,-0.24683378429423763,-0.31370413218774545,-0.1938478742165081,-0.2955630029927739,-0.1272554197435258,-0.26384702997051573],[0.9154546949364655,0.9000852500069467,0.8795334640098215,0.9061616162597436,0.8377774058704296,0.9396935921869649,0.9057466049952224,0.9180574850354876,0.9093934517377082,0.9070066493131725,0.8995707116184168,0.9127373921736902,0.7642105044516755,0.855974985944407,0.8991384061557598,0.9445556949877517,0.9246029347771945,0.9225129793669997,0.8714736758799775,0.7269695730699454,0.493102854113833,0.8891437820370774,0.7682713664608162,0.20837503409757918,-0.10997245907190108,1.0,0.7835914816097072,0.9086853512893932,0.8189808886826184,0.8620172373325319,0.8591502247858293,0.8651886553829583,0.8473684494046709,0.8722373875009017,0.8935411184358386,0.9050930864883883],[0.8887464699379461,0.8920313117592464,0.9647506730009076,0.9139500460333082,0.9774695959528978,0.863850814051746,0.9171725673417405,0.7960424914980714,0.853058083300877,0.9127878299556655,0.9030441307662878,0.9066403108343759,0.8582352675426895,0.9473091024353525,0.9019721641329013,0.8532983488427898,0.878052165338818,0.7925556074034856,0.6818287134270735,0.6808262118852849,0.3983407274156338,0.92610542968327,0.8284489308678639,0.1087303926306486,-0.11007175003853421,0.7835914816097072,1.0,0.8995194031824185,0.7236405089310587,0.7375507911433963,0.8618894314745111,0.7234234912961324,0.6716085668284907,0.8015122429145737,0.8784476573527217,0.7985289776345517],[0.9529255420633409,0.9557051541915664,0.9645363508899233,0.9591586421537689,0.9437904988735872,0.951767364742297,0.9651278256245115,0.9186682809731348,0.9583316163598081,0.9577632029126619,0.9571976135397644,0.9541733047423265,0.8677254183110141,0.9598404867732426,0.9577722349347817,0.9472874267334707,0.9550577559690316,0.9196636264887761,0.8373206842435875,0.7682973714396237,0.5034203646828124,0.9577045464079826,0.8906030794190786,0.10870099355549666,-0.10539975951332366,0.9086853512893932,0.8995194031824185,1.0,0.847400397618175,0.8457530498708126,0.9289728965129217,0.8393987946662171,0.813826719320778,0.9099031020406181,0.9614168116675497,0.8778965362499762],[0.9444741701435044,0.9260552645834738,0.8153490166040545,0.919340896746365,0.7569266119717419,0.9358038693894929,0.8509432541597997,0.9715273198640116,0.9162968340080244,0.9170935667974096,0.8960984600464682,0.9051919932115016,0.704588893873184,0.8132804528643581,0.8978395525995346,0.9372020320846284,0.9276278873998773,0.9714365573640356,0.8999921791467124,0.9627528786778826,0.7526428815027896,0.8822252850111724,0.8992485455792714,0.4242542904359444,-0.3560592535061085,0.8189808886826184,0.7236405089310587,0.847400397618175,1.0,0.9870230205780669,0.9402657540998184,0.9913399772085142,0.9567054543772615,0.958399155932339,0.8933412084386941,0.959852695054939],[0.944606571357841,0.9314304059739787,0.8267807799567596,0.9267962261654428,0.7757983527585832,0.9248891038952812,0.8418969706678527,0.957296207683319,0.8992947174375571,0.9242204122463564,0.9015034958921331,0.9106496696331171,0.7052240757413691,0.8281723883197989,0.9033158917106657,0.9213822166152308,0.9229542112540227,0.9563927209534819,0.8722233283675696,0.9421912020516549,0.6750907041758747,0.9023922503130047,0.8725462846258834,0.40961189928936975,-0.33983297311439525,0.8620172373325319,0.7375507911433963,0.8457530498708126,0.9870230205780669,1.0,0.9412708286212306,0.9859547400092985,0.9568655577701334,0.946263237621381,0.9115335621320838,0.9624035840303596],[0.9829721519395268,0.9756844177007404,0.9375738747279778,0.9816720627338262,0.9056917962605696,0.9683560054547122,0.9438533842458285,0.9691314028813657,0.9689374719370477,0.980957461968557,0.9752548173210472,0.978001136434517,0.8345205666802885,0.9415532546796587,0.9753053309760491,0.9661137657759077,0.9774011181360048,0.9677156751094017,0.8625169527312836,0.8833899650772541,0.5556083554163687,0.9732919625568244,0.9478730444996868,0.23250613348121,-0.24683378429423763,0.8591502247858293,0.8618894314745111,0.9289728965129217,0.9402657540998184,0.9412708286212306,1.0,0.9367371674985564,0.8883878447839181,0.9747664324080614,0.9717452642284243,0.9537722871537083],[0.9442260388664703,0.9285596666137049,0.8196985018721946,0.9200844924222773,0.7630937417160718,0.9365359185415572,0.8531003443345739,0.9628798609251726,0.9093019304248922,0.9177503002986018,0.8890168808426229,0.9037790762469542,0.6941996913005611,0.8224308015295696,0.8911132157889676,0.936376168192067,0.9202816988485916,0.9613626258879784,0.882632054808133,0.9513556760933944,0.7101186795279281,0.8914846897606663,0.8799031533676526,0.43491526777680917,-0.31370413218774545,0.8651886553829583,0.7234234912961324,0.8393987946662171,0.9913399772085142,0.9859547400092985,0.9367371674985564,1.0,0.9744622200665561,0.9493939999778439,0.9164807320064816,0.9596008239672236],[0.9024945311547201,0.8997494863363095,0.7725427957318496,0.8737499613438869,0.7088789524704943,0.9180467128969627,0.8330140598232856,0.92743383365231,0.8752925042714498,0.8703865538429711,0.8260685059091952,0.8547132989412564,0.6173885357847065,0.7074081855373392,0.8285802645023734,0.9133052910583053,0.8724540048646885,0.9261317127109927,0.8635957574922203,0.9081779994539761,0.7406046676857245,0.8411352678837893,0.8414198120400076,0.3758960369424367,-0.1938478742165081,0.8473684494046709,0.6716085668284907,0.813826719320778,0.9567054543772615,0.9568655577701334,0.8883878447839181,0.9744622200665561,1.0,0.9062219354095127,0.8915572962125721,0.9397119192828116],[0.9720687040887832,0.9623103354278669,0.8923704603901367,0.9601574619460423,0.8472087936519046,0.9600441631467792,0.9115555199343018,0.9686465579394795,0.9517394032976653,0.9586153665712766,0.9456991776554161,0.9530700786772427,0.796229910418734,0.893326632930174,0.9461499290646573,0.9619405284037738,0.9618626205723784,0.9678717152909718,0.8711857230668748,0.9032736661484463,0.623284813153912,0.9447435551210073,0.9417657996391704,0.2800070223496974,-0.2955630029927739,0.8722373875009017,0.8015122429145737,0.9099031020406181,0.958399155932339,0.946263237621381,0.9747664324080614,0.9493939999778439,0.9062219354095127,1.0,0.9539839093156502,0.9522857044192996],[0.9824939925842947,0.976456207295876,0.9557426730611676,0.9807753754455266,0.9237600569816147,0.9847192305173057,0.9738215247327218,0.959076720452326,0.979320229279353,0.9804042204450545,0.9855609404677841,0.9806102998418386,0.8570770130143343,0.9663844080997485,0.9855827207686476,0.9840208954398707,0.99114845497169,0.9576031695241428,0.8735939926574513,0.8351045178545807,0.5591599592553821,0.9691996177399714,0.9062930308003418,0.18434687680509654,-0.1272554197435258,0.8935411184358386,0.8784476573527217,0.9614168116675497,0.8933412084386941,0.9115335621320838,0.9717452642284243,0.9164807320064816,0.8915572962125721,0.9539839093156502,1.0,0.9347572330964921],[0.9596907197183354,0.9538221679050622,0.8825689881481652,0.9454255043621187,0.8362796331902008,0.9632780186236485,0.910043092760065,0.9723392496851241,0.9377435101654638,0.9440593025495303,0.9407166319309004,0.9440220982258876,0.7950948399602327,0.9107702952672274,0.9415965572495402,0.9658300407975964,0.9632961333335842,0.9729639100260309,0.9031923729571155,0.886361442384169,0.6288889960732204,0.9259280597845455,0.8852017856033914,0.3083402186047284,-0.26384702997051573,0.9050930864883883,0.7985289776345517,0.8778965362499762,0.959852695054939,0.9624035840303596,0.9537722871537083,0.9596008239672236,0.9397119192828116,0.9522857044192996,0.9347572330964921,1.0]],"x":["^TAIEX       \u81fa\u7063\u52a0\u6b0a\u5831\u916c\u6307\u6578","^TWII        \u81fa\u7063\u52a0\u6b0a\u6307\u6578","^TAIEXx2     \u81fa\u7063\u52a0\u6b0a\u5831\u916c\u6307\u6578_\u65e5\u6b632","^TAI50I      \u81fa\u706350\u5831\u916c\u6307\u6578","^TAI50Ix2    \u81fa\u706350\u5831\u916c\u6307\u6578_\u65e5\u6b632","^TAI100I     \u81fa\u7063\u4e2d\u578b100\u5831\u916c\u6307\u6578","^TAI100Ix2   \u81fa\u7063\u4e2d\u578b100\u5831\u916c\u6307\u6578_\u65e5\u6b632","^TAIDIVIDI   \u81fa\u7063\u9ad8\u80a1\u606f\u5831\u916c\u6307\u6578","^TAIDIVIDIx2 \u81fa\u7063\u9ad8\u80a1\u606f\u5831\u916c\u6307\u6578_\u65e5\u6b632","0050Fund     \u5143\u5927\u53f0\u7063\u5353\u8d8a50\u57fa\u91d1","006208Fund   \u5bcc\u90a6\u53f0\u7063\u91c6\u540950\u57fa\u91d1","0050         \u5143\u5927\u81fa\u706350","00631L       \u5143\u5927\u53f0\u706350\u6b632","00675L       \u5bcc\u90a6\u81fa\u7063\u52a0\u6b0a\u6b632","006208       \u5bcc\u90a6\u53f050","0051         \u5143\u5927\u4e2d\u578b100","006204       \u6c38\u8c50\u81fa\u7063\u52a0\u6b0a","0056         \u5143\u5927\u9ad8\u80a1\u606f","0056         \u5143\u5927\u9ad8\u80a1\u606f_\u80a1\u606f\u4e0d\u6295\u5165","2412         \u4e2d\u83ef\u96fb\u4fe1","2002         \u4e2d\u92fc","2330         \u53f0\u7a4d\u96fb","2317         \u9d3b\u6d77","6505         \u53f0\u5851\u77f3\u5316","3481         \u7fa4\u5275","2303         \u806f\u96fb","2308         \u53f0\u9054\u96fb","2454         \u806f\u767c\u79d1","2886         \u5146\u8c50\u91d1","2884         \u7389\u5c71\u91d1","2891         \u4e2d\u4fe1\u91d1","2892         \u7b2c\u4e00\u91d1","5880         \u5408\u5eab\u91d1","2881         \u5bcc\u90a6\u91d1","2885         \u5143\u5927\u91d1","2887         \u53f0\u65b0\u91d1"],"y":["^TAIEX       \u81fa\u7063\u52a0\u6b0a\u5831\u916c\u6307\u6578","^TWII        \u81fa\u7063\u52a0\u6b0a\u6307\u6578","^TAIEXx2     \u81fa\u7063\u52a0\u6b0a\u5831\u916c\u6307\u6578_\u65e5\u6b632","^TAI50I      \u81fa\u706350\u5831\u916c\u6307\u6578","^TAI50Ix2    \u81fa\u706350\u5831\u916c\u6307\u6578_\u65e5\u6b632","^TAI100I     \u81fa\u7063\u4e2d\u578b100\u5831\u916c\u6307\u6578","^TAI100Ix2   \u81fa\u7063\u4e2d\u578b100\u5831\u916c\u6307\u6578_\u65e5\u6b632","^TAIDIVIDI   \u81fa\u7063\u9ad8\u80a1\u606f\u5831\u916c\u6307\u6578","^TAIDIVIDIx2 \u81fa\u7063\u9ad8\u80a1\u606f\u5831\u916c\u6307\u6578_\u65e5\u6b632","0050Fund     \u5143\u5927\u53f0\u7063\u5353\u8d8a50\u57fa\u91d1","006208Fund   \u5bcc\u90a6\u53f0\u7063\u91c6\u540950\u57fa\u91d1","0050         \u5143\u5927\u81fa\u706350","00631L       \u5143\u5927\u53f0\u706350\u6b632","00675L       \u5bcc\u90a6\u81fa\u7063\u52a0\u6b0a\u6b632","006208       \u5bcc\u90a6\u53f050","0051         \u5143\u5927\u4e2d\u578b100","006204       \u6c38\u8c50\u81fa\u7063\u52a0\u6b0a","0056         \u5143\u5927\u9ad8\u80a1\u606f","0056         \u5143\u5927\u9ad8\u80a1\u606f_\u80a1\u606f\u4e0d\u6295\u5165","2412         \u4e2d\u83ef\u96fb\u4fe1","2002         \u4e2d\u92fc","2330         \u53f0\u7a4d\u96fb","2317         \u9d3b\u6d77","6505         \u53f0\u5851\u77f3\u5316","3481         \u7fa4\u5275","2303         \u806f\u96fb","2308         \u53f0\u9054\u96fb","2454         \u806f\u767c\u79d1","2886         \u5146\u8c50\u91d1","2884         \u7389\u5c71\u91d1","2891         \u4e2d\u4fe1\u91d1","2892         \u7b2c\u4e00\u91d1","5880         \u5408\u5eab\u91d1","2881         \u5bcc\u90a6\u91d1","2885         \u5143\u5927\u91d1","2887         \u53f0\u65b0\u91d1"],"zmin":-1,"zmax":1,"colorbar":{"x":-0.2}}],"layout":{"autotypenumbers":"strict","colorway":["#636efa","#EF553B","#00cc96","#ab63fa","#FFA15A","#19d3f3","#FF6692","#B6E880","#FF97FF","#FECB52"],"font":{"color":"#f2f5fa","family":"Courier New"},"hovermode":"closest","hoverlabel":{"align":"left"},"paper_bgcolor":"rgb(17,17,17)","plot_bgcolor":"rgb(17,17,17)","polar":{"bgcolor":"rgb(17,17,17)","angularaxis":{"gridcolor":"#506784","linecolor":"#506784","ticks":""},"radialaxis":{"gridcolor":"#506784","linecolor":"#506784","ticks":""}},"ternary":{"bgcolor":"rgb(17,17,17)","aaxis":{"gridcolor":"#506784","linecolor":"#506784","ticks":""},"baxis":{"gridcolor":"#506784","linecolor":"#506784","ticks":""},"caxis":{"gridcolor":"#506784","linecolor":"#506784","ticks":""}},"coloraxis":{"colorbar":{"outlinewidth":0,"ticks":""}},"colorscale":{"sequential":[[0.0,"#0d0887"],[0.1111111111111111,"#46039f"],[0.2222222222222222,"#7201a8"],[0.3333333333333333,"#9c179e"],[0.4444444444444444,"#bd3786"],[0.5555555555555556,"#d8576b"],[0.6666666666666666,"#ed7953"],[0.7777777777777778,"#fb9f3a"],[0.8888888888888888,"#fdca26"],[1.0,"#f0f921"]],"sequentialminus":[[0.0,"#0d0887"],[0.1111111111111111,"#46039f"],[0.2222222222222222,"#7201a8"],[0.3333333333333333,"#9c179e"],[0.4444444444444444,"#bd3786"],[0.5555555555555556,"#d8576b"],[0.6666666666666666,"#ed7953"],[0.7777777777777778,"#fb9f3a"],[0.8888888888888888,"#fdca26"],[1.0,"#f0f921"]],"diverging":[[0,"#8e0152"],[0.1,"#c51b7d"],[0.2,"#de77ae"],[0.3,"#f1b6da"],[0.4,"#fde0ef"],[0.5,"#f7f7f7"],[0.6,"#e6f5d0"],[0.7,"#b8e186"],[0.8,"#7fbc41"],[0.9,"#4d9221"],[1,"#276419"]]},"xaxis":{"gridcolor":"rgba(0, 0, 0, 0)","linecolor":"#506784","ticks":"","title":{"standoff":15},"zerolinecolor":"#283442","automargin":true,"zerolinewidth":2,"tickfont":{"family":"Courier New","size":14},"side":"top","tickangle":-90},"yaxis":{"gridcolor":"rgba(0, 0, 0, 0)","linecolor":"#506784","ticks":"","title":{"standoff":15},"zerolinecolor":"#283442","automargin":true,"zerolinewidth":2,"tickfont":{"family":"Courier New"},"side":"right"},"scene":{"xaxis":{"backgroundcolor":"rgb(17,17,17)","gridcolor":"#506784","linecolor":"#506784","showbackground":true,"ticks":"","zerolinecolor":"#C8D4E3","gridwidth":2},"yaxis":{"backgroundcolor":"rgb(17,17,17)","gridcolor":"#506784","linecolor":"#506784","showbackground":true,"ticks":"","zerolinecolor":"#C8D4E3","gridwidth":2},"zaxis":{"backgroundcolor":"rgb(17,17,17)","gridcolor":"#506784","linecolor":"#506784","showbackground":true,"ticks":"","zerolinecolor":"#C8D4E3","gridwidth":2}},"shapedefaults":{"line":{"color":"#f2f5fa"}},"annotationdefaults":{"arrowcolor":"#f2f5fa","arrowhead":0,"arrowwidth":1},"geo":{"bgcolor":"rgb(17,17,17)","landcolor":"rgb(17,17,17)","subunitcolor":"#506784","showland":true,"showlakes":true,"lakecolor":"rgb(17,17,17)"},"title":{"x":0.05,"font":{"family":"Times New Roman"},"y":0.05,"text":"<b>Correlation of Adj Close<b><br><i>2016-09-23 ~ 2026-05-28<i>"},"updatemenudefaults":{"bgcolor":"#506784","borderwidth":0},"sliderdefaults":{"bgcolor":"#C8D4E3","borderwidth":1,"bordercolor":"rgb(17,17,17)","tickwidth":0},"mapbox":{"style":"dark"},"annotations":[{"text":"<b>@zwindr<b>","textangle":0,"opacity":0.5,"font":{"color":"white","size":12},"xref":"paper","yref":"paper","xanchor":"left","yanchor":"bottom","x":1.0,"y":1.0,"showarrow":false}]},"config":{"responsive":true,"toImageButtonOptions":{"filename":"Correlation of Adj Close_2016-09-23~2026-05-28","scale":5}}};Plotly.newPlot("correlationAdjClose",correlationAdjClose.data,correlationAdjClose.layout||{},correlationAdjClose.config);}else{console.log("style display is none => correlationAdjClose");}