var config = { responsive: true }

var correlationClose = {"data": [{"type": "heatmap", "z": [[1.0, 0.9999999999999983, 1.0, 0.9957197660112806, 0.9957197660112806, 0.9596410183304273, 0.9596410183304273, 0.8924018948168136, 0.8924018948168136, 0.9847575310726928, 0.9922189607431667, 0.9917818011363223, 0.9952534977926354, 0.9707920311296252, 0.9988378410375204, 0.9277760073671526, 0.8115029295700712, 0.255726367262816, 0.9778204117662199, 0.8055111618737361, 0.07418013033256361, -0.281414923348411, 0.7646951271081736, 0.9481075570261849, 0.920586761720175], [0.9999999999999983, 1.0, 0.9999999999999984, 0.9956569953756569, 0.9956569953756569, 0.9589696259350574, 0.9589696259350574, 0.893802334148489, 0.893802334148489, 0.9848570653112431, 0.991943478925199, 0.9911572550362506, 0.9952103650666086, 0.9699759198657464, 0.9988411653424704, 0.9284264187476647, 0.8187979508545485, 0.3950817459194654, 0.9705932099691105, 0.7770012029870902, 0.08235495872580798, -0.28102028401051443, 0.6608176314761917, 0.9487140820201319, 0.9262783509686335], [1.0, 0.9999999999999984, 1.0, 0.9957197660112806, 0.9957197660112806, 0.9596410183304273, 0.9596410183304273, 0.8924018948168136, 0.8924018948168136, 0.9847575310726928, 0.9922189607431667, 0.9917818011363223, 0.9952534977926354, 0.9707920311296252, 0.9988378410375204, 0.9277760073671526, 0.8115029295700712, 0.255726367262816, 0.9778204117662199, 0.8055111618737361, 0.07418013033256361, -0.281414923348411, 0.7646951271081736, 0.9481075570261849, 0.920586761720175], [0.9957197660112806, 0.9956569953756569, 0.9957197660112806, 1.0, 1.0, 0.9465157511583665, 0.9465157511583665, 0.8782733229721, 0.8782733229721, 0.9885284869959385, 0.9879766376940043, 0.9837643456651111, 0.9993641724990088, 0.9532012752242387, 0.9946798820778048, 0.9105450733482929, 0.7881983989404425, 0.23053191439872392, 0.9889938323750807, 0.7977325918027302, 0.04522855703493228, -0.2857319526780795, 0.7734623513301947, 0.9365031547955892, 0.9210254790744355], [0.9957197660112806, 0.9956569953756569, 0.9957197660112806, 1.0, 1.0, 0.9465157511583665, 0.9465157511583665, 0.8782733229721, 0.8782733229721, 0.9885284869959385, 0.9879766376940043, 0.9837643456651111, 0.9993641724990088, 0.9532012752242387, 0.9946798820778048, 0.9105450733482929, 0.7881983989404425, 0.23053191439872392, 0.9889938323750807, 0.7977325918027302, 0.04522855703493228, -0.2857319526780795, 0.7734623513301947, 0.9365031547955892, 0.9210254790744355], [0.9596410183304273, 0.9589696259350574, 0.9596410183304273, 0.9465157511583665, 0.9465157511583665, 1.0, 1.0, 0.92055226003399, 0.92055226003399, 0.9413247877457985, 0.9764134725816563, 0.9753265417543483, 0.950731713153733, 0.9989510934712073, 0.9713687624838773, 0.9191710553682491, 0.6854574034006289, 0.18939041166777798, 0.9306720308616249, 0.7332512329377454, -0.15205501630694399, -0.1341209827344215, 0.8721598878110717, 0.903054199537652, 0.9220239709115233], [0.9596410183304273, 0.9589696259350574, 0.9596410183304273, 0.9465157511583665, 0.9465157511583665, 1.0, 1.0, 0.92055226003399, 0.92055226003399, 0.9413247877457985, 0.9764134725816563, 0.9753265417543483, 0.950731713153733, 0.9989510934712073, 0.9713687624838773, 0.9191710553682491, 0.6854574034006289, 0.18939041166777798, 0.9306720308616249, 0.7332512329377454, -0.15205501630694399, -0.1341209827344215, 0.8721598878110717, 0.903054199537652, 0.9220239709115233], [0.8924018948168136, 0.893802334148489, 0.8924018948168136, 0.8782733229721, 0.8782733229721, 0.92055226003399, 0.92055226003399, 1.0, 1.0, 0.8901867786543376, 0.9455354512206412, 0.9404353968954529, 0.936321656259672, 0.9213000666803512, 0.9375730127128937, 0.9736377295843398, 0.6301577779687769, 0.23334190034670912, 0.8332673601865228, 0.7478680605889222, -0.19128002692582904, 0.011168352551351058, 0.7841231292779176, 0.7926058352935649, 0.8553255577404724], [0.8924018948168136, 0.893802334148489, 0.8924018948168136, 0.8782733229721, 0.8782733229721, 0.92055226003399, 0.92055226003399, 1.0, 1.0, 0.8901867786543376, 0.9455354512206412, 0.9404353968954529, 0.936321656259672, 0.9213000666803512, 0.9375730127128937, 0.9736377295843398, 0.6301577779687769, 0.23334190034670912, 0.8332673601865228, 0.7478680605889222, -0.19128002692582904, 0.011168352551351058, 0.7841231292779176, 0.7926058352935649, 0.8553255577404724], [0.9847575310726928, 0.9848570653112431, 0.9847575310726928, 0.9885284869959385, 0.9885284869959385, 0.9413247877457985, 0.9413247877457985, 0.8901867786543376, 0.8901867786543376, 1.0, 0.9689438907823478, 0.9594776304936332, 0.9820380713313192, 0.9424472265047283, 0.9805221898657412, 0.9051382230109527, 0.8206244864489415, 0.06839284118112242, 0.9776671297853397, 0.7874579980572012, -0.2025706203380563, -0.3157988964198465, 0.8807461195452595, 0.9196603543069028, 0.8961603007201575], [0.9922189607431667, 0.991943478925199, 0.9922189607431667, 0.9879766376940043, 0.9879766376940043, 0.9764134725816563, 0.9764134725816563, 0.9455354512206412, 0.9455354512206412, 0.9689438907823478, 1.0, 0.9996654720085563, 0.9877246152219352, 0.9748022877380041, 0.9890924210499888, 0.9245994287148079, 0.7982254565390209, 0.2433335890880566, 0.9858894630042064, 0.7211425805079272, -0.5835514094773335, 0.21823492736248803, 0.8543880561024889, 0.9319035623776373, 0.9554758499447265], [0.9917818011363223, 0.9911572550362506, 0.9917818011363223, 0.9837643456651111, 0.9837643456651111, 0.9753265417543483, 0.9753265417543483, 0.9404353968954529, 0.9404353968954529, 0.9594776304936332, 0.9996654720085563, 1.0, 0.9843993497789607, 0.9725947226774198, 0.9872520039961832, 0.9128598550255446, 0.817720255679222, 0.12621185198627635, 0.9802463244469203, 0.7252748106241582, -0.8091467500462046, 0.2608343433459527, 0.8136849994415655, 0.9382682443304837, 0.9532343392307838], [0.9952534977926354, 0.9952103650666086, 0.9952534977926354, 0.9993641724990088, 0.9993641724990088, 0.950731713153733, 0.950731713153733, 0.936321656259672, 0.936321656259672, 0.9820380713313192, 0.9877246152219352, 0.9843993497789607, 1.0, 0.9516840892197174, 0.9937854918129404, 0.9308233893958159, 0.8351413888778236, 0.23634626003219575, 0.9952332205974395, 0.762326496824174, -0.37880100698433405, 0.16040519527458577, 0.8752380182986875, 0.9106354413423042, 0.93663790643094], [0.9707920311296252, 0.9699759198657464, 0.9707920311296252, 0.9532012752242387, 0.9532012752242387, 0.9989510934712073, 0.9989510934712073, 0.9213000666803512, 0.9213000666803512, 0.9424472265047283, 0.9748022877380041, 0.9725947226774198, 0.9516840892197174, 1.0, 0.9732905988487188, 0.9186158294385749, 0.7581514701177703, 0.15598970083871566, 0.9430456825700686, 0.730299855065466, -0.302217890424542, -0.20785059315196708, 0.9097777439247753, 0.9221376255201746, 0.9183668881448145], [0.9988378410375204, 0.9988411653424704, 0.9988378410375204, 0.9946798820778048, 0.9946798820778048, 0.9713687624838773, 0.9713687624838773, 0.9375730127128937, 0.9375730127128937, 0.9805221898657412, 0.9890924210499888, 0.9872520039961832, 0.9937854918129404, 0.9732905988487188, 1.0, 0.9444358371013237, 0.8410490321086403, 0.24756565141772863, 0.9868122911190192, 0.748623856064058, -0.3664841896692608, 0.1733792683722935, 0.905695923635018, 0.929508310572842, 0.941555899596868], [0.9277760073671526, 0.9284264187476647, 0.9277760073671526, 0.9105450733482929, 0.9105450733482929, 0.9191710553682491, 0.9191710553682491, 0.9736377295843398, 0.9736377295843398, 0.9051382230109527, 0.9245994287148079, 0.9128598550255446, 0.9308233893958159, 0.9186158294385749, 0.9444358371013237, 1.0, 0.769029578623487, 0.19727265942707947, 0.8736610878903394, 0.7216650320298788, -0.08775736661292029, -0.24082378068325747, 0.8204642799224765, 0.8405939228987438, 0.8297877904598703], [0.8115029295700712, 0.8187979508545485, 0.8115029295700712, 0.7881983989404425, 0.7881983989404425, 0.6854574034006289, 0.6854574034006289, 0.6301577779687769, 0.6301577779687769, 0.8206244864489415, 0.7982254565390209, 0.817720255679222, 0.8351413888778236, 0.7581514701177703, 0.8410490321086403, 0.769029578623487, 1.0, 0.5197762533075975, 0.7424476102579007, 0.7791560656738685, 0.4667742259058619, -0.5801541756128821, 0.27164080167272575, 0.8305883222849385, 0.656536030220057], [0.255726367262816, 0.3950817459194654, 0.255726367262816, 0.23053191439872392, 0.23053191439872392, 0.18939041166777798, 0.18939041166777798, 0.23334190034670912, 0.23334190034670912, 0.06839284118112242, 0.2433335890880566, 0.12621185198627635, 0.23634626003219575, 0.15598970083871566, 0.24756565141772863, 0.19727265942707947, 0.5197762533075975, 1.0, 0.24399957953315302, 0.5584983448925979, 0.3901847322490246, 0.5551657548071885, 0.022324890851763878, 0.4104108947583011, 0.3749980726588618], [0.9778204117662199, 0.9705932099691105, 0.9778204117662199, 0.9889938323750807, 0.9889938323750807, 0.9306720308616249, 0.9306720308616249, 0.8332673601865228, 0.8332673601865228, 0.9776671297853397, 0.9858894630042064, 0.9802463244469203, 0.9952332205974395, 0.9430456825700686, 0.9868122911190192, 0.8736610878903394, 0.7424476102579007, 0.24399957953315302, 1.0, 0.7403812670932642, -0.013230751304831033, -0.34891497214390343, 0.6733223448693113, 0.9195994185520032, 0.9117071926333586], [0.8055111618737361, 0.7770012029870902, 0.8055111618737361, 0.7977325918027302, 0.7977325918027302, 0.7332512329377454, 0.7332512329377454, 0.7478680605889222, 0.7478680605889222, 0.7874579980572012, 0.7211425805079272, 0.7252748106241582, 0.762326496824174, 0.730299855065466, 0.748623856064058, 0.7216650320298788, 0.7791560656738685, 0.5584983448925979, 0.7403812670932642, 1.0, 0.18725730864196113, -0.05234031004775788, 0.23877054346831708, 0.8301748927786893, 0.7430910433469478], [0.07418013033256361, 0.08235495872580798, 0.07418013033256361, 0.04522855703493228, 0.04522855703493228, -0.15205501630694399, -0.15205501630694399, -0.19128002692582904, -0.19128002692582904, -0.2025706203380563, -0.5835514094773335, -0.8091467500462046, -0.37880100698433405, -0.302217890424542, -0.3664841896692608, -0.08775736661292029, 0.4667742259058619, 0.3901847322490246, -0.013230751304831033, 0.18725730864196113, 1.0, -0.07749340375088754, -0.17541218310295298, 0.07170576061845892, -0.1201487445803962], [-0.281414923348411, -0.28102028401051443, -0.281414923348411, -0.2857319526780795, -0.2857319526780795, -0.1341209827344215, -0.1341209827344215, 0.011168352551351058, 0.011168352551351058, -0.3157988964198465, 0.21823492736248803, 0.2608343433459527, 0.16040519527458577, -0.20785059315196708, 0.1733792683722935, -0.24082378068325747, -0.5801541756128821, 0.5551657548071885, -0.34891497214390343, -0.05234031004775788, -0.07749340375088754, 1.0, -0.06617817465091112, -0.3483504827498692, -0.08431414234655218], [0.7646951271081736, 0.6608176314761917, 0.7646951271081736, 0.7734623513301947, 0.7734623513301947, 0.8721598878110717, 0.8721598878110717, 0.7841231292779176, 0.7841231292779176, 0.8807461195452595, 0.8543880561024889, 0.8136849994415655, 0.8752380182986875, 0.9097777439247753, 0.905695923635018, 0.8204642799224765, 0.27164080167272575, 0.022324890851763878, 0.6733223448693113, 0.23877054346831708, -0.17541218310295298, -0.06617817465091112, 1.0, 0.5389798989029971, 0.7339673684389915], [0.9481075570261849, 0.9487140820201319, 0.9481075570261849, 0.9365031547955892, 0.9365031547955892, 0.903054199537652, 0.903054199537652, 0.7926058352935649, 0.7926058352935649, 0.9196603543069028, 0.9319035623776373, 0.9382682443304837, 0.9106354413423042, 0.9221376255201746, 0.929508310572842, 0.8405939228987438, 0.8305883222849385, 0.4104108947583011, 0.9195994185520032, 0.8301748927786893, 0.07170576061845892, -0.3483504827498692, 0.5389798989029971, 1.0, 0.8837866149921472], [0.920586761720175, 0.9262783509686335, 0.920586761720175, 0.9210254790744355, 0.9210254790744355, 0.9220239709115233, 0.9220239709115233, 0.8553255577404724, 0.8553255577404724, 0.8961603007201575, 0.9554758499447265, 0.9532343392307838, 0.93663790643094, 0.9183668881448145, 0.941555899596868, 0.8297877904598703, 0.656536030220057, 0.3749980726588618, 0.9117071926333586, 0.7430910433469478, -0.1201487445803962, -0.08431414234655218, 0.7339673684389915, 0.8837866149921472, 1.0]], "x": ["^TAIEX       \u81fa\u7063\u52a0\u6b0a\u5831\u916c\u6307\u6578", "^TWII        \u81fa\u7063\u52a0\u6b0a\u6307\u6578", "^TAIEXx2     \u81fa\u7063\u52a0\u6b0a\u5831\u916c\u6307\u6578_\u65e5\u6b632", "^TAI50I      \u81fa\u706350\u5831\u916c\u6307\u6578", "^TAI50Ix2    \u81fa\u706350\u5831\u916c\u6307\u6578_\u65e5\u6b632", "^TAI100I     \u81fa\u7063\u4e2d\u578b100\u5831\u916c\u6307\u6578", "^TAI100Ix2   \u81fa\u7063\u4e2d\u578b100\u5831\u916c\u6307\u6578_\u65e5\u6b632", "^TAIDIVIDI   \u81fa\u7063\u9ad8\u80a1\u606f\u5831\u916c\u6307\u6578", "^TAIDIVIDIx2 \u81fa\u7063\u9ad8\u80a1\u606f\u5831\u916c\u6307\u6578_\u65e5\u6b632", "0050         \u5143\u5927\u81fa\u706350", "00631L       \u5143\u5927\u53f0\u706350\u6b632", "00675L       \u5bcc\u90a6\u81fa\u7063\u52a0\u6b0a\u6b632", "006208       \u5bcc\u90a6\u53f050", "0051         \u5143\u5927\u4e2d\u578b100", "006204       \u6c38\u8c50\u81fa\u7063\u52a0\u6b0a", "0056         \u5143\u5927\u9ad8\u80a1\u606f", "2412         \u4e2d\u83ef\u96fb\u4fe1", "2002         \u4e2d\u92fc", "2330         \u53f0\u7a4d\u96fb", "2317         \u9d3b\u6d77", "6505         \u53f0\u5851\u77f3\u5316", "3481         \u7fa4\u5275", "2303         \u806f\u96fb", "2308         \u53f0\u9054\u96fb", "2454         \u806f\u767c\u79d1"], "y": ["^TAIEX       \u81fa\u7063\u52a0\u6b0a\u5831\u916c\u6307\u6578", "^TWII        \u81fa\u7063\u52a0\u6b0a\u6307\u6578", "^TAIEXx2     \u81fa\u7063\u52a0\u6b0a\u5831\u916c\u6307\u6578_\u65e5\u6b632", "^TAI50I      \u81fa\u706350\u5831\u916c\u6307\u6578", "^TAI50Ix2    \u81fa\u706350\u5831\u916c\u6307\u6578_\u65e5\u6b632", "^TAI100I     \u81fa\u7063\u4e2d\u578b100\u5831\u916c\u6307\u6578", "^TAI100Ix2   \u81fa\u7063\u4e2d\u578b100\u5831\u916c\u6307\u6578_\u65e5\u6b632", "^TAIDIVIDI   \u81fa\u7063\u9ad8\u80a1\u606f\u5831\u916c\u6307\u6578", "^TAIDIVIDIx2 \u81fa\u7063\u9ad8\u80a1\u606f\u5831\u916c\u6307\u6578_\u65e5\u6b632", "0050         \u5143\u5927\u81fa\u706350", "00631L       \u5143\u5927\u53f0\u706350\u6b632", "00675L       \u5bcc\u90a6\u81fa\u7063\u52a0\u6b0a\u6b632", "006208       \u5bcc\u90a6\u53f050", "0051         \u5143\u5927\u4e2d\u578b100", "006204       \u6c38\u8c50\u81fa\u7063\u52a0\u6b0a", "0056         \u5143\u5927\u9ad8\u80a1\u606f", "2412         \u4e2d\u83ef\u96fb\u4fe1", "2002         \u4e2d\u92fc", "2330         \u53f0\u7a4d\u96fb", "2317         \u9d3b\u6d77", "6505         \u53f0\u5851\u77f3\u5316", "3481         \u7fa4\u5275", "2303         \u806f\u96fb", "2308         \u53f0\u9054\u96fb", "2454         \u806f\u767c\u79d1"], "zmin": -1, "zmax": 1, "colorbar": {"x": -0.2}}], "layout": {"autotypenumbers": "strict", "colorway": ["#636efa", "#EF553B", "#00cc96", "#ab63fa", "#FFA15A", "#19d3f3", "#FF6692", "#B6E880", "#FF97FF", "#FECB52"], "font": {"color": "#f2f5fa", "family": "Courier New"}, "hovermode": "closest", "hoverlabel": {"align": "left"}, "paper_bgcolor": "rgb(17,17,17)", "plot_bgcolor": "rgb(17,17,17)", "polar": {"bgcolor": "rgb(17,17,17)", "angularaxis": {"gridcolor": "#506784", "linecolor": "#506784", "ticks": ""}, "radialaxis": {"gridcolor": "#506784", "linecolor": "#506784", "ticks": ""}}, "ternary": {"bgcolor": "rgb(17,17,17)", "aaxis": {"gridcolor": "#506784", "linecolor": "#506784", "ticks": ""}, "baxis": {"gridcolor": "#506784", "linecolor": "#506784", "ticks": ""}, "caxis": {"gridcolor": "#506784", "linecolor": "#506784", "ticks": ""}}, "coloraxis": {"colorbar": {"outlinewidth": 0, "ticks": ""}}, "colorscale": {"sequential": [[0.0, "#0d0887"], [0.1111111111111111, "#46039f"], [0.2222222222222222, "#7201a8"], [0.3333333333333333, "#9c179e"], [0.4444444444444444, "#bd3786"], [0.5555555555555556, "#d8576b"], [0.6666666666666666, "#ed7953"], [0.7777777777777778, "#fb9f3a"], [0.8888888888888888, "#fdca26"], [1.0, "#f0f921"]], "sequentialminus": [[0.0, "#0d0887"], [0.1111111111111111, "#46039f"], [0.2222222222222222, "#7201a8"], [0.3333333333333333, "#9c179e"], [0.4444444444444444, "#bd3786"], [0.5555555555555556, "#d8576b"], [0.6666666666666666, "#ed7953"], [0.7777777777777778, "#fb9f3a"], [0.8888888888888888, "#fdca26"], [1.0, "#f0f921"]], "diverging": [[0, "#8e0152"], [0.1, "#c51b7d"], [0.2, "#de77ae"], [0.3, "#f1b6da"], [0.4, "#fde0ef"], [0.5, "#f7f7f7"], [0.6, "#e6f5d0"], [0.7, "#b8e186"], [0.8, "#7fbc41"], [0.9, "#4d9221"], [1, "#276419"]]}, "xaxis": {"gridcolor": "rgba(0, 0, 0, 0)", "linecolor": "#506784", "ticks": "", "title": {"standoff": 15}, "zerolinecolor": "#283442", "automargin": true, "zerolinewidth": 2, "tickfont": {"family": "Courier New", "size": 14}, "side": "top", "tickangle": -90}, "yaxis": {"gridcolor": "rgba(0, 0, 0, 0)", "linecolor": "#506784", "ticks": "", "title": {"standoff": 15}, "zerolinecolor": "#283442", "automargin": true, "zerolinewidth": 2, "tickfont": {"family": "Courier New"}, "side": "right"}, "scene": {"xaxis": {"backgroundcolor": "rgb(17,17,17)", "gridcolor": "#506784", "linecolor": "#506784", "showbackground": true, "ticks": "", "zerolinecolor": "#C8D4E3", "gridwidth": 2}, "yaxis": {"backgroundcolor": "rgb(17,17,17)", "gridcolor": "#506784", "linecolor": "#506784", "showbackground": true, "ticks": "", "zerolinecolor": "#C8D4E3", "gridwidth": 2}, "zaxis": {"backgroundcolor": "rgb(17,17,17)", "gridcolor": "#506784", "linecolor": "#506784", "showbackground": true, "ticks": "", "zerolinecolor": "#C8D4E3", "gridwidth": 2}}, "shapedefaults": {"line": {"color": "#f2f5fa"}}, "annotationdefaults": {"arrowcolor": "#f2f5fa", "arrowhead": 0, "arrowwidth": 1}, "geo": {"bgcolor": "rgb(17,17,17)", "landcolor": "rgb(17,17,17)", "subunitcolor": "#506784", "showland": true, "showlakes": true, "lakecolor": "rgb(17,17,17)"}, "title": {"x": 0.05, "font": {"family": "Times New Roman"}, "y": 0.05, "text": "<b>Correlation of Close<b><br><i>2016/09/23 ~ 2025/06/17<i>"}, "updatemenudefaults": {"bgcolor": "#506784", "borderwidth": 0}, "sliderdefaults": {"bgcolor": "#C8D4E3", "borderwidth": 1, "bordercolor": "rgb(17,17,17)", "tickwidth": 0}, "mapbox": {"style": "dark"}, "height": 600}};

Plotly.newPlot("correlationClose",
    correlationClose.data,
    correlationClose.layout || {},
    config);