var element = document.getElementById("correlationAdjClose");

if (element.style.display != 'none') {
    var correlationAdjClose = {"data": [{"type": "heatmap", "z": [[1.0, 0.9941133071316516, 0.9770634964472037, 0.997587103907015, 0.9644885207146653, 0.9817491492815723, -0.9441479428264442, 0.9900749765299267, 0.9707053869816322, 0.9971693529724096, 0.997153750271199, 0.9976440558024487, 0.9933934599152049, 0.9940902960299333, 0.9971684423262894, 0.9841434933236887, 0.9996751394255005, 0.9900808150309949, 0.9205655632778588, 0.7355685975077337, 0.9853436225158725, 0.9226027098372065, 0.4324381509841853, -0.30388454867269676, 0.9009988437097937, 0.9714806792478113, 0.9554361237361688, 0.9802330864698421, 0.9644614135293441, 0.9757791506214196, 0.9722542312494925, 0.9456244062486089, 0.9801304831994747, 0.9708104493586299, 0.9545802096005255], [0.9941133071316516, 1.0, 0.9724272093425015, 0.9913126337855117, 0.9598156377224593, 0.9772734170205931, -0.9395013856927064, 0.9811575654711661, 0.9638859488064306, 0.9952404815734524, 0.9950839800188656, 0.9943545087944056, 0.9924570937485943, 0.9917580994933657, 0.9950429692802154, 0.9782520676473255, 0.9967179371757598, 0.9838494513721237, 0.909736727900457, 0.748342848911097, 0.9671683326714071, 0.9021353251583231, 0.4324894331138156, -0.22892744787845032, 0.8754743072199223, 0.9596081459105569, 0.9548103288410194, 0.958424558605662, 0.9505878457901249, 0.9655627999668869, 0.9566593458100983, 0.9436014108174476, 0.9690925231999288, 0.960922074346298, 0.9484371908774013], [0.9770634964472037, 0.9724272093425015, 1.0, 0.9833556797850229, 0.9958983069615672, 0.9788008259822721, -0.9760643695388629, 0.9700713607467095, 0.9839861631055398, 0.9889759680983922, 0.9896781761619532, 0.9862076554545447, 0.9970114412754878, 0.9968124986570709, 0.98945702302698, 0.9773027045989985, 0.9878365491643971, 0.9698748058051565, 0.828458250715978, 0.6240169767692366, 0.9904619701213984, 0.9139699290470329, 0.26674567281070055, -0.22739545688011706, 0.9049524776950123, 0.9445831203927108, 0.979826874450975, 0.930200818132209, 0.9127628935133945, 0.9648828310613142, 0.9204216220564635, 0.9064689611455614, 0.9668446288203616, 0.9740989300663078, 0.9234834676552788], [0.997587103907015, 0.9913126337855117, 0.9833556797850229, 1.0, 0.9764651064158024, 0.9739452974945938, -0.9391409813324508, 0.9842580695437897, 0.968166157947182, 0.9999716047067636, 0.9999895652038235, 0.999957684415047, 0.9915407261610368, 0.9895349774073039, 0.9999433390219336, 0.9736750230977607, 0.9960254859559597, 0.9840686291631868, 0.9064053523639812, 0.7050505592420264, 0.993385429069861, 0.9240450333111944, 0.40811136114840024, -0.29513487818276335, 0.8984912739144394, 0.9681858383706182, 0.9616940794644727, 0.9710013070968219, 0.9615012007028869, 0.9780352645168171, 0.9623652843298703, 0.9342649219537186, 0.9780730841607368, 0.9693650940582692, 0.9459822916210312], [0.9644885207146653, 0.9598156377224593, 0.9958983069615672, 0.9764651064158024, 1.0, 0.9580690258240268, -0.9574660288684771, 0.9544239855489345, 0.9713064774639019, 0.9849595929133422, 0.9857110712868777, 0.9817116688435259, 0.9860671338197111, 0.9824279644919176, 0.9853380225539704, 0.9554965634515251, 0.9756137258933, 0.9541402432689327, 0.8073469523891491, 0.5875505631881959, 0.9895443659203318, 0.9095663223429313, 0.2418995552622521, -0.22029342631221793, 0.8852828062218402, 0.9325384467185238, 0.977151701264549, 0.909484203216847, 0.8986800878735703, 0.9587886002680192, 0.8984899508831791, 0.8798268566006991, 0.9562072993815491, 0.9620988390336018, 0.8994893294946102], [0.9817491492815723, 0.9772734170205931, 0.9788008259822721, 0.9739452974945938, 0.9580690258240268, 1.0, -0.9810632673566599, 0.9808561587422804, 0.980132027319021, 0.9689532791472406, 0.9692796054835595, 0.971959602300661, 0.9772283332501601, 0.9752181356414188, 0.9691015822021343, 0.9999042097632155, 0.9862014982645788, 0.9819246670237475, 0.8629324094798609, 0.7027319774979999, 0.9673572462015791, 0.8933135950319665, 0.3003178613632821, -0.2165390893495215, 0.9361487969647173, 0.9535208256278365, 0.9600044829485777, 0.957876785324809, 0.9284789805613879, 0.9523518841219996, 0.9520439416534688, 0.9549669024860645, 0.9573082114329827, 0.9766824693856658, 0.9554179803838532], [-0.9441479428264442, -0.9395013856927064, -0.9760643695388629, -0.9391409813324508, -0.9574660288684771, -0.9810632673566599, 1.0, -0.9524947389655234, -0.9837392708028515, -0.9490505453542806, -0.9502318709415126, -0.9456488839153465, -0.9745319867208495, -0.9761456454325844, -0.9498782898868927, -0.9841223337901391, -0.9652454511908248, -0.9554311189364894, -0.7768608077995716, -0.6008787172836757, -0.9440780601208857, -0.884446122499755, -0.15851230677044367, 0.1515476072413798, -0.9042286085995308, -0.9136889470209, -0.958066586676648, -0.9001899853140717, -0.8602671817728131, -0.9260640025924053, -0.8917120433599882, -0.9096430845525364, -0.926703638197265, -0.9642014333773463, -0.9098652342853886], [0.9900749765299267, 0.9811575654711661, 0.9700713607467095, 0.9842580695437897, 0.9544239855489345, 0.9808561587422804, -0.9524947389655234, 1.0, 0.9826549108887658, 0.9800578778818184, 0.9799959740180797, 0.983204989569932, 0.9762468856600225, 0.9753124182057044, 0.9800220226425702, 0.9827529407087441, 0.9877612207526791, 0.9998718275514892, 0.9240358043372952, 0.6698707390552914, 0.9737183337889197, 0.8965692657548354, 0.2893996487944732, -0.31198785720558025, 0.9054565220002273, 0.95136274159075, 0.9384193906533309, 0.9778825212879565, 0.9530333447889908, 0.9685223152871025, 0.9630138679283681, 0.935941429468196, 0.9596423104131446, 0.9578960568416532, 0.965355752976908], [0.9707053869816322, 0.9638859488064306, 0.9839861631055398, 0.968166157947182, 0.9713064774639019, 0.980132027319021, -0.9837392708028515, 0.9826549108887658, 1.0, 0.9637838737898304, 0.9644282415041568, 0.9662823822975654, 0.9734951693579345, 0.9706426453082602, 0.9641919444182186, 0.9792163885215256, 0.9707935748523201, 0.9819748235835157, 0.8516386899933358, 0.594113163910982, 0.9679820525178614, 0.9079076182268025, 0.14697873210280143, -0.2313461167733871, 0.8865119207490433, 0.9311077810532251, 0.960736617297061, 0.9338625605980352, 0.8964719038864045, 0.956964165298724, 0.9169985353511565, 0.9033700829276268, 0.9460345336276468, 0.9697508049342339, 0.923203786581593], [0.9971693529724096, 0.9952404815734524, 0.9889759680983922, 0.9999716047067636, 0.9849595929133422, 0.9689532791472406, -0.9490505453542806, 0.9800578778818184, 0.9637838737898304, 1.0, 0.9999877647276271, 0.9999827146229407, 0.9913857357692022, 0.9893474995180714, 0.9999486039509407, 0.9693615685695797, 0.9956257563806634, 0.9810200055751145, 0.9315768983001047, 0.6248003355841502, 0.9967255413938364, 0.9025856153793896, -0.030454961489910018, 0.42709741577812826, 0.9141754936471592, 0.9507603358309732, 0.9668242612171091, 0.9621673635358164, 0.9438325518282836, 0.966165703438426, 0.9420971717563617, 0.919914448491675, 0.9656666691875707, 0.9803008904339353, 0.9427350244473448], [0.997153750271199, 0.9950839800188656, 0.9896781761619532, 0.9999895652038235, 0.9857110712868777, 0.9692796054835595, -0.9502318709415126, 0.9799959740180797, 0.9644282415041568, 0.9999877647276271, 1.0, 0.9999720036806324, 0.9915666397167372, 0.9895251223848944, 0.9999527667805147, 0.9696584758547928, 0.9956687289754377, 0.9809275995299643, 0.9307739785424772, 0.6210029161268471, 0.9970151016095655, 0.9018614258353599, -0.04530453121355411, 0.4226010124955293, 0.9134028533945759, 0.9505600296903862, 0.9676942106956642, 0.9616631323704781, 0.9425590431982543, 0.9662721891850242, 0.9410686960002532, 0.9186143129779403, 0.9658522092644947, 0.980809814125237, 0.9420198881402266], [0.9976440558024487, 0.9943545087944056, 0.9862076554545447, 0.999957684415047, 0.9817116688435259, 0.971959602300661, -0.9456488839153465, 0.983204989569932, 0.9662823822975654, 0.9999827146229407, 0.9999720036806324, 1.0, 0.9913631067506959, 0.9892874514879725, 0.9999621260544327, 0.9722982723034903, 0.995814492260491, 0.983713055912739, 0.9224784386460809, 0.6720248032945281, 0.9959174623930914, 0.9184619474703678, 0.16834635976583073, -0.1966057039599248, 0.9217602712017762, 0.9599831659508862, 0.9567483926883814, 0.9654216520570114, 0.9523748965658828, 0.9727154916148952, 0.9529824451467136, 0.9327527156603046, 0.972820891986808, 0.9677406272122379, 0.9515698606268692], [0.9933934599152049, 0.9924570937485943, 0.9970114412754878, 0.9915407261610368, 0.9860671338197111, 0.9772283332501601, -0.9745319867208495, 0.9762468856600225, 0.9734951693579345, 0.9913857357692022, 0.9915666397167372, 0.9913631067506959, 1.0, 0.9996907256488382, 0.9915320871780858, 0.9779124683740593, 0.9937066984548579, 0.9775436472190878, 0.9136218901751595, 0.5627145589873157, 0.9862792868550175, 0.8943738517731207, -0.3283872296486046, 0.44846969178686147, 0.9039640435928875, 0.9474153639309212, 0.9780308205188978, 0.9451661845889627, 0.905930576683655, 0.9473337781083873, 0.915721617778353, 0.8898751956485963, 0.9640735476181463, 0.9799590203327253, 0.9346878474747798], [0.9940902960299333, 0.9917580994933657, 0.9968124986570709, 0.9895349774073039, 0.9824279644919176, 0.9752181356414188, -0.9761456454325844, 0.9753124182057044, 0.9706426453082602, 0.9893474995180714, 0.9895251223848944, 0.9892874514879725, 0.9996907256488382, 1.0, 0.9896139415915094, 0.9759440486214722, 0.9942409506081217, 0.9768576135696572, 0.9212006627917481, 0.44117828586065105, 0.9811302595860687, 0.8836319233533136, -0.7148133541929519, 0.42544437112657807, 0.876383857963352, 0.9437018976020325, 0.9773848672694312, 0.9378130874031998, 0.8887858664911229, 0.9384120750323817, 0.9130804789351773, 0.8685092126691191, 0.9662054147838459, 0.9782534990666415, 0.9269435805280025], [0.9971684423262894, 0.9950429692802154, 0.98945702302698, 0.9999433390219336, 0.9853380225539704, 0.9691015822021343, -0.9498782898868927, 0.9800220226425702, 0.9641919444182186, 0.9999486039509407, 0.9999527667805147, 0.9999621260544327, 0.9915320871780858, 0.9896139415915094, 1.0, 0.9695133181200549, 0.9956588499952521, 0.9809793187197239, 0.9315385555976919, 0.6211631605329742, 0.9968447099901161, 0.9021110930405026, -0.04346922418847325, 0.42204728450843193, 0.9130617964745742, 0.9491334929141516, 0.9670717645851338, 0.9620124363473477, 0.9431824947481271, 0.9662839439583195, 0.9417494600448423, 0.9191603770882552, 0.9657680777591896, 0.9806939535073451, 0.9423583434542927], [0.9841434933236887, 0.9782520676473255, 0.9773027045989985, 0.9736750230977607, 0.9554965634515251, 0.9999042097632155, -0.9841223337901391, 0.9827529407087441, 0.9792163885215256, 0.9693615685695797, 0.9696584758547928, 0.9722982723034903, 0.9779124683740593, 0.9759440486214722, 0.9695133181200549, 1.0, 0.9865801229422619, 0.9820648662421558, 0.8866795936963355, 0.7015685083836671, 0.9657790045624102, 0.8887895553775051, 0.16803595390403284, -0.1954466567016529, 0.9445324449267891, 0.9534072077099114, 0.9567994650306116, 0.961268906061194, 0.9254693753860711, 0.9489561011197822, 0.9529913964727389, 0.9543478557013436, 0.9597791467529811, 0.9762003218308136, 0.96017306299328], [0.9996751394255005, 0.9967179371757598, 0.9878365491643971, 0.9960254859559597, 0.9756137258933, 0.9862014982645788, -0.9652454511908248, 0.9877612207526791, 0.9707935748523201, 0.9956257563806634, 0.9956687289754377, 0.995814492260491, 0.9937066984548579, 0.9942409506081217, 0.9956588499952521, 0.9865801229422619, 1.0, 0.9885927599531095, 0.9372390055889304, 0.6647028061564557, 0.9888791424512582, 0.8987028544315832, 0.008721910429295305, 0.4424185652832991, 0.9333216344034937, 0.9560914903247808, 0.9652425188768899, 0.9748711726536402, 0.9478716790713009, 0.9646258150544338, 0.9568803714925639, 0.9428739748094214, 0.9716746563910652, 0.9848937611217009, 0.9639993533274877], [0.9900808150309949, 0.9838494513721237, 0.9698748058051565, 0.9840686291631868, 0.9541402432689327, 0.9819246670237475, -0.9554311189364894, 0.9998718275514892, 0.9819748235835157, 0.9810200055751145, 0.9809275995299643, 0.983713055912739, 0.9775436472190878, 0.9768576135696572, 0.9809793187197239, 0.9820648662421558, 0.9885927599531095, 1.0, 0.9303664693584518, 0.6684415843951249, 0.9726631167424856, 0.9013904092617842, 0.25541736167462925, -0.2936119451801487, 0.9108367193739009, 0.9491437346953199, 0.9384715236560088, 0.9783599770254943, 0.9524339278741243, 0.9669783808369845, 0.9615236927330327, 0.9358138386722058, 0.958962191704477, 0.9558305124661423, 0.9665524053359308], [0.9205655632778588, 0.909736727900457, 0.828458250715978, 0.9064053523639812, 0.8073469523891491, 0.8629324094798609, -0.7768608077995716, 0.9240358043372952, 0.8516386899933358, 0.9315768983001047, 0.9307739785424772, 0.9224784386460809, 0.9136218901751595, 0.9212006627917481, 0.9315385555976919, 0.8866795936963355, 0.9372390055889304, 0.9303664693584518, 1.0, 0.8394752503972329, 0.857970690483029, 0.8730887924557073, 0.6826088629925011, -0.532366762457136, 0.699061104610839, 0.9108358519255204, 0.8015048662372597, 0.9574590298998147, 0.9351578298369927, 0.9009721039694312, 0.9438971056020335, 0.8941632544976796, 0.8981769253076141, 0.8455149814346246, 0.8792311168034807], [0.7355685975077337, 0.748342848911097, 0.6240169767692366, 0.7050505592420264, 0.5875505631881959, 0.7027319774979999, -0.6008787172836757, 0.6698707390552914, 0.594113163910982, 0.6248003355841502, 0.6210029161268471, 0.6720248032945281, 0.5627145589873157, 0.44117828586065105, 0.6211631605329742, 0.7015685083836671, 0.6647028061564557, 0.6684415843951249, 0.8394752503972329, 1.0, 0.6286600218116549, 0.7423661746786446, 0.7302960341565402, -0.11643933549610877, 0.537587646868341, 0.7387772977053841, 0.6334142892960309, 0.7894027164742882, 0.7241867760744144, 0.6617034264369702, 0.7609730688098196, 0.763367432041312, 0.6945133424207822, 0.6581542632552342, 0.7001791367783448], [0.9853436225158725, 0.9671683326714071, 0.9904619701213984, 0.993385429069861, 0.9895443659203318, 0.9673572462015791, -0.9440780601208857, 0.9737183337889197, 0.9679820525178614, 0.9967255413938364, 0.9970151016095655, 0.9959174623930914, 0.9862792868550175, 0.9811302595860687, 0.9968447099901161, 0.9657790045624102, 0.9888791424512582, 0.9726631167424856, 0.857970690483029, 0.6286600218116549, 1.0, 0.8957094727128102, 0.3343665654782892, -0.2888553798192836, 0.8847786297079512, 0.9530786070305163, 0.9706321417232574, 0.939900525395877, 0.9444504143154536, 0.9697679780909378, 0.9403672909798587, 0.9095702291696985, 0.9683980285991036, 0.9545866455520792, 0.927419974464453], [0.9226027098372065, 0.9021353251583231, 0.9139699290470329, 0.9240450333111944, 0.9095663223429313, 0.8933135950319665, -0.884446122499755, 0.8965692657548354, 0.9079076182268025, 0.9025856153793896, 0.9018614258353599, 0.9184619474703678, 0.8943738517731207, 0.8836319233533136, 0.9021110930405026, 0.8887895553775051, 0.8987028544315832, 0.9013904092617842, 0.8730887924557073, 0.7423661746786446, 0.8957094727128102, 1.0, 0.38159588398892996, -0.1892886190197203, 0.7010487640290616, 0.9181234205819364, 0.8864076705666659, 0.8974688859181487, 0.8472818555994283, 0.9231604799242246, 0.8672030810620558, 0.8400335067844217, 0.9209565813318012, 0.8646705031400528, 0.8477526262881199], [0.4324381509841853, 0.4324894331138156, 0.26674567281070055, 0.40811136114840024, 0.2418995552622521, 0.3003178613632821, -0.15851230677044367, 0.2893996487944732, 0.14697873210280143, -0.030454961489910018, -0.04530453121355411, 0.16834635976583073, -0.3283872296486046, -0.7148133541929519, -0.04346922418847325, 0.16803595390403284, 0.008721910429295305, 0.25541736167462925, 0.6826088629925011, 0.7302960341565402, 0.3343665654782892, 0.38159588398892996, 1.0, -0.39312338404798425, 0.2900971300368715, 0.40289682589607734, 0.21662388099504018, 0.5105058130367452, 0.5082094326134236, 0.3683633661079771, 0.5278585818991571, 0.43955565159557475, 0.38729304463075714, 0.307350129781886, 0.4151501942856982], [-0.30388454867269676, -0.22892744787845032, -0.22739545688011706, -0.29513487818276335, -0.22029342631221793, -0.2165390893495215, 0.1515476072413798, -0.31198785720558025, -0.2313461167733871, 0.42709741577812826, 0.4226010124955293, -0.1966057039599248, 0.44846969178686147, 0.42544437112657807, 0.42204728450843193, -0.1954466567016529, 0.4424185652832991, -0.2936119451801487, -0.532366762457136, -0.11643933549610877, -0.2888553798192836, -0.1892886190197203, -0.39312338404798425, 1.0, -0.14899294405746863, -0.32835054702275235, -0.1769569567015458, -0.3898870068838635, -0.3797483335286608, -0.32657362317789174, -0.3462043670597234, -0.20369769647810385, -0.3506741874575385, -0.17927357726842819, -0.31681420467243865], [0.9009988437097937, 0.8754743072199223, 0.9049524776950123, 0.8984912739144394, 0.8852828062218402, 0.9361487969647173, -0.9042286085995308, 0.9054565220002273, 0.8865119207490433, 0.9141754936471592, 0.9134028533945759, 0.9217602712017762, 0.9039640435928875, 0.876383857963352, 0.9130617964745742, 0.9445324449267891, 0.9333216344034937, 0.9108367193739009, 0.699061104610839, 0.537587646868341, 0.8847786297079512, 0.7010487640290616, 0.2900971300368715, -0.14899294405746863, 1.0, 0.8313373085805389, 0.8849367918263743, 0.81086995353316, 0.8588632479197286, 0.8272602607120491, 0.8664527029588589, 0.8610373268900418, 0.8568013108525818, 0.8670683122511775, 0.8945459327710136], [0.9714806792478113, 0.9596081459105569, 0.9445831203927108, 0.9681858383706182, 0.9325384467185238, 0.9535208256278365, -0.9136889470209, 0.95136274159075, 0.9311077810532251, 0.9507603358309732, 0.9505600296903862, 0.9599831659508862, 0.9474153639309212, 0.9437018976020325, 0.9491334929141516, 0.9534072077099114, 0.9560914903247808, 0.9491437346953199, 0.9108358519255204, 0.7387772977053841, 0.9530786070305163, 0.9181234205819364, 0.40289682589607734, -0.32835054702275235, 0.8313373085805389, 1.0, 0.9330895183244926, 0.9564797897913797, 0.9330994259088008, 0.9443158720535084, 0.9403894131447104, 0.9115290853021031, 0.9616012272938087, 0.9242460124665056, 0.9183606916945735], [0.9554361237361688, 0.9548103288410194, 0.979826874450975, 0.9616940794644727, 0.977151701264549, 0.9600044829485777, -0.958066586676648, 0.9384193906533309, 0.960736617297061, 0.9668242612171091, 0.9676942106956642, 0.9567483926883814, 0.9780308205188978, 0.9773848672694312, 0.9670717645851338, 0.9567994650306116, 0.9652425188768899, 0.9384715236560088, 0.8015048662372597, 0.6334142892960309, 0.9706321417232574, 0.8864076705666659, 0.21662388099504018, -0.1769569567015458, 0.8849367918263743, 0.9330895183244926, 1.0, 0.9040662651652096, 0.8829606314781868, 0.9381790085642102, 0.8848051625944745, 0.8842143533478611, 0.9445861109214536, 0.9708746702163339, 0.8844008209043235], [0.9802330864698421, 0.958424558605662, 0.930200818132209, 0.9710013070968219, 0.909484203216847, 0.957876785324809, -0.9001899853140717, 0.9778825212879565, 0.9338625605980352, 0.9621673635358164, 0.9616631323704781, 0.9654216520570114, 0.9451661845889627, 0.9378130874031998, 0.9620124363473477, 0.961268906061194, 0.9748711726536402, 0.9783599770254943, 0.9574590298998147, 0.7894027164742882, 0.939900525395877, 0.8974688859181487, 0.5105058130367452, -0.3898870068838635, 0.81086995353316, 0.9564797897913797, 0.9040662651652096, 1.0, 0.9856205344377614, 0.9650236273821499, 0.9897729540579522, 0.9507454073587898, 0.9586823506412019, 0.9113356093297962, 0.9663530175972894], [0.9644614135293441, 0.9505878457901249, 0.9127628935133945, 0.9615012007028869, 0.8986800878735703, 0.9284789805613879, -0.8602671817728131, 0.9530333447889908, 0.8964719038864045, 0.9438325518282836, 0.9425590431982543, 0.9523748965658828, 0.905930576683655, 0.8887858664911229, 0.9431824947481271, 0.9254693753860711, 0.9478716790713009, 0.9524339278741243, 0.9351578298369927, 0.7241867760744144, 0.9444504143154536, 0.8472818555994283, 0.5082094326134236, -0.3797483335286608, 0.8588632479197286, 0.9330994259088008, 0.8829606314781868, 0.9856205344377614, 1.0, 0.949962449848555, 0.9830307568699881, 0.9548554441124963, 0.9352958819501359, 0.9179582180358937, 0.961589399078589], [0.9757791506214196, 0.9655627999668869, 0.9648828310613142, 0.9780352645168171, 0.9587886002680192, 0.9523518841219996, -0.9260640025924053, 0.9685223152871025, 0.956964165298724, 0.966165703438426, 0.9662721891850242, 0.9727154916148952, 0.9473337781083873, 0.9384120750323817, 0.9662839439583195, 0.9489561011197822, 0.9646258150544338, 0.9669783808369845, 0.9009721039694312, 0.6617034264369702, 0.9697679780909378, 0.9231604799242246, 0.3683633661079771, -0.32657362317789174, 0.8272602607120491, 0.9443158720535084, 0.9381790085642102, 0.9650236273821499, 0.949962449848555, 1.0, 0.9529369616958058, 0.9166207242752752, 0.9757380688931788, 0.9567374513500659, 0.9426347198683517], [0.9722542312494925, 0.9566593458100983, 0.9204216220564635, 0.9623652843298703, 0.8984899508831791, 0.9520439416534688, -0.8917120433599882, 0.9630138679283681, 0.9169985353511565, 0.9420971717563617, 0.9410686960002532, 0.9529824451467136, 0.915721617778353, 0.9130804789351773, 0.9417494600448423, 0.9529913964727389, 0.9568803714925639, 0.9615236927330327, 0.9438971056020335, 0.7609730688098196, 0.9403672909798587, 0.8672030810620558, 0.5278585818991571, -0.3462043670597234, 0.8664527029588589, 0.9403894131447104, 0.8848051625944745, 0.9897729540579522, 0.9830307568699881, 0.9529369616958058, 1.0, 0.9733593410166798, 0.9430693432101127, 0.9358365871050086, 0.9619017838545774], [0.9456244062486089, 0.9436014108174476, 0.9064689611455614, 0.9342649219537186, 0.8798268566006991, 0.9549669024860645, -0.9096430845525364, 0.935941429468196, 0.9033700829276268, 0.919914448491675, 0.9186143129779403, 0.9327527156603046, 0.8898751956485963, 0.8685092126691191, 0.9191603770882552, 0.9543478557013436, 0.9428739748094214, 0.9358138386722058, 0.8941632544976796, 0.763367432041312, 0.9095702291696985, 0.8400335067844217, 0.43955565159557475, -0.20369769647810385, 0.8610373268900418, 0.9115290853021031, 0.8842143533478611, 0.9507454073587898, 0.9548554441124963, 0.9166207242752752, 0.9733593410166798, 1.0, 0.9057249071805337, 0.9320565357121395, 0.9527360922490281], [0.9801304831994747, 0.9690925231999288, 0.9668446288203616, 0.9780730841607368, 0.9562072993815491, 0.9573082114329827, -0.926703638197265, 0.9596423104131446, 0.9460345336276468, 0.9656666691875707, 0.9658522092644947, 0.972820891986808, 0.9640735476181463, 0.9662054147838459, 0.9657680777591896, 0.9597791467529811, 0.9716746563910652, 0.958962191704477, 0.8981769253076141, 0.6945133424207822, 0.9683980285991036, 0.9209565813318012, 0.38729304463075714, -0.3506741874575385, 0.8568013108525818, 0.9616012272938087, 0.9445861109214536, 0.9586823506412019, 0.9352958819501359, 0.9757380688931788, 0.9430693432101127, 0.9057249071805337, 1.0, 0.9535216048361265, 0.9403763902951239], [0.9708104493586299, 0.960922074346298, 0.9740989300663078, 0.9693650940582692, 0.9620988390336018, 0.9766824693856658, -0.9642014333773463, 0.9578960568416532, 0.9697508049342339, 0.9803008904339353, 0.980809814125237, 0.9677406272122379, 0.9799590203327253, 0.9782534990666415, 0.9806939535073451, 0.9762003218308136, 0.9848937611217009, 0.9558305124661423, 0.8455149814346246, 0.6581542632552342, 0.9545866455520792, 0.8646705031400528, 0.307350129781886, -0.17927357726842819, 0.8670683122511775, 0.9242460124665056, 0.9708746702163339, 0.9113356093297962, 0.9179582180358937, 0.9567374513500659, 0.9358365871050086, 0.9320565357121395, 0.9535216048361265, 1.0, 0.9170924912352012], [0.9545802096005255, 0.9484371908774013, 0.9234834676552788, 0.9459822916210312, 0.8994893294946102, 0.9554179803838532, -0.9098652342853886, 0.965355752976908, 0.923203786581593, 0.9427350244473448, 0.9420198881402266, 0.9515698606268692, 0.9346878474747798, 0.9269435805280025, 0.9423583434542927, 0.96017306299328, 0.9639993533274877, 0.9665524053359308, 0.8792311168034807, 0.7001791367783448, 0.927419974464453, 0.8477526262881199, 0.4151501942856982, -0.31681420467243865, 0.8945459327710136, 0.9183606916945735, 0.8844008209043235, 0.9663530175972894, 0.961589399078589, 0.9426347198683517, 0.9619017838545774, 0.9527360922490281, 0.9403763902951239, 0.9170924912352012, 1.0]], "x": ["^TAIEX       \u81fa\u7063\u52a0\u6b0a\u5831\u916c\u6307\u6578", "^TWII        \u81fa\u7063\u52a0\u6b0a\u6307\u6578", "^TAIEXx2     \u81fa\u7063\u52a0\u6b0a\u5831\u916c\u6307\u6578_\u65e5\u6b632", "^TAI50I      \u81fa\u706350\u5831\u916c\u6307\u6578", "^TAI50Ix2    \u81fa\u706350\u5831\u916c\u6307\u6578_\u65e5\u6b632", "^TAI100I     \u81fa\u7063\u4e2d\u578b100\u5831\u916c\u6307\u6578", "^TAI100Ix2   \u81fa\u7063\u4e2d\u578b100\u5831\u916c\u6307\u6578_\u65e5\u6b632", "^TAIDIVIDI   \u81fa\u7063\u9ad8\u80a1\u606f\u5831\u916c\u6307\u6578", "^TAIDIVIDIx2 \u81fa\u7063\u9ad8\u80a1\u606f\u5831\u916c\u6307\u6578_\u65e5\u6b632", "0050Fund     \u5143\u5927\u53f0\u7063\u5353\u8d8a50\u57fa\u91d1", "006208Fund   \u5bcc\u90a6\u53f0\u7063\u91c6\u540950\u57fa\u91d1", "0050         \u5143\u5927\u81fa\u706350", "00631L       \u5143\u5927\u53f0\u706350\u6b632", "00675L       \u5bcc\u90a6\u81fa\u7063\u52a0\u6b0a\u6b632", "006208       \u5bcc\u90a6\u53f050", "0051         \u5143\u5927\u4e2d\u578b100", "006204       \u6c38\u8c50\u81fa\u7063\u52a0\u6b0a", "0056         \u5143\u5927\u9ad8\u80a1\u606f", "2412         \u4e2d\u83ef\u96fb\u4fe1", "2002         \u4e2d\u92fc", "2330         \u53f0\u7a4d\u96fb", "2317         \u9d3b\u6d77", "6505         \u53f0\u5851\u77f3\u5316", "3481         \u7fa4\u5275", "2303         \u806f\u96fb", "2308         \u53f0\u9054\u96fb", "2454         \u806f\u767c\u79d1", "2886         \u5146\u8c50\u91d1", "2884         \u7389\u5c71\u91d1", "2891         \u4e2d\u4fe1\u91d1", "2892         \u7b2c\u4e00\u91d1", "5880         \u5408\u5eab\u91d1", "2881         \u5bcc\u90a6\u91d1", "2885         \u5143\u5927\u91d1", "2887         \u53f0\u65b0\u91d1"], "y": ["^TAIEX       \u81fa\u7063\u52a0\u6b0a\u5831\u916c\u6307\u6578", "^TWII        \u81fa\u7063\u52a0\u6b0a\u6307\u6578", "^TAIEXx2     \u81fa\u7063\u52a0\u6b0a\u5831\u916c\u6307\u6578_\u65e5\u6b632", "^TAI50I      \u81fa\u706350\u5831\u916c\u6307\u6578", "^TAI50Ix2    \u81fa\u706350\u5831\u916c\u6307\u6578_\u65e5\u6b632", "^TAI100I     \u81fa\u7063\u4e2d\u578b100\u5831\u916c\u6307\u6578", "^TAI100Ix2   \u81fa\u7063\u4e2d\u578b100\u5831\u916c\u6307\u6578_\u65e5\u6b632", "^TAIDIVIDI   \u81fa\u7063\u9ad8\u80a1\u606f\u5831\u916c\u6307\u6578", "^TAIDIVIDIx2 \u81fa\u7063\u9ad8\u80a1\u606f\u5831\u916c\u6307\u6578_\u65e5\u6b632", "0050Fund     \u5143\u5927\u53f0\u7063\u5353\u8d8a50\u57fa\u91d1", "006208Fund   \u5bcc\u90a6\u53f0\u7063\u91c6\u540950\u57fa\u91d1", "0050         \u5143\u5927\u81fa\u706350", "00631L       \u5143\u5927\u53f0\u706350\u6b632", "00675L       \u5bcc\u90a6\u81fa\u7063\u52a0\u6b0a\u6b632", "006208       \u5bcc\u90a6\u53f050", "0051         \u5143\u5927\u4e2d\u578b100", "006204       \u6c38\u8c50\u81fa\u7063\u52a0\u6b0a", "0056         \u5143\u5927\u9ad8\u80a1\u606f", "2412         \u4e2d\u83ef\u96fb\u4fe1", "2002         \u4e2d\u92fc", "2330         \u53f0\u7a4d\u96fb", "2317         \u9d3b\u6d77", "6505         \u53f0\u5851\u77f3\u5316", "3481         \u7fa4\u5275", "2303         \u806f\u96fb", "2308         \u53f0\u9054\u96fb", "2454         \u806f\u767c\u79d1", "2886         \u5146\u8c50\u91d1", "2884         \u7389\u5c71\u91d1", "2891         \u4e2d\u4fe1\u91d1", "2892         \u7b2c\u4e00\u91d1", "5880         \u5408\u5eab\u91d1", "2881         \u5bcc\u90a6\u91d1", "2885         \u5143\u5927\u91d1", "2887         \u53f0\u65b0\u91d1"], "zmin": -1, "zmax": 1, "colorbar": {"x": -0.2}}], "layout": {"autotypenumbers": "strict", "colorway": ["#636efa", "#EF553B", "#00cc96", "#ab63fa", "#FFA15A", "#19d3f3", "#FF6692", "#B6E880", "#FF97FF", "#FECB52"], "font": {"color": "#f2f5fa", "family": "Courier New"}, "hovermode": "closest", "hoverlabel": {"align": "left"}, "paper_bgcolor": "rgb(17,17,17)", "plot_bgcolor": "rgb(17,17,17)", "polar": {"bgcolor": "rgb(17,17,17)", "angularaxis": {"gridcolor": "#506784", "linecolor": "#506784", "ticks": ""}, "radialaxis": {"gridcolor": "#506784", "linecolor": "#506784", "ticks": ""}}, "ternary": {"bgcolor": "rgb(17,17,17)", "aaxis": {"gridcolor": "#506784", "linecolor": "#506784", "ticks": ""}, "baxis": {"gridcolor": "#506784", "linecolor": "#506784", "ticks": ""}, "caxis": {"gridcolor": "#506784", "linecolor": "#506784", "ticks": ""}}, "coloraxis": {"colorbar": {"outlinewidth": 0, "ticks": ""}}, "colorscale": {"sequential": [[0.0, "#0d0887"], [0.1111111111111111, "#46039f"], [0.2222222222222222, "#7201a8"], [0.3333333333333333, "#9c179e"], [0.4444444444444444, "#bd3786"], [0.5555555555555556, "#d8576b"], [0.6666666666666666, "#ed7953"], [0.7777777777777778, "#fb9f3a"], [0.8888888888888888, "#fdca26"], [1.0, "#f0f921"]], "sequentialminus": [[0.0, "#0d0887"], [0.1111111111111111, "#46039f"], [0.2222222222222222, "#7201a8"], [0.3333333333333333, "#9c179e"], [0.4444444444444444, "#bd3786"], [0.5555555555555556, "#d8576b"], [0.6666666666666666, "#ed7953"], [0.7777777777777778, "#fb9f3a"], [0.8888888888888888, "#fdca26"], [1.0, "#f0f921"]], "diverging": [[0, "#8e0152"], [0.1, "#c51b7d"], [0.2, "#de77ae"], [0.3, "#f1b6da"], [0.4, "#fde0ef"], [0.5, "#f7f7f7"], [0.6, "#e6f5d0"], [0.7, "#b8e186"], [0.8, "#7fbc41"], [0.9, "#4d9221"], [1, "#276419"]]}, "xaxis": {"gridcolor": "rgba(0, 0, 0, 0)", "linecolor": "#506784", "ticks": "", "title": {"standoff": 15}, "zerolinecolor": "#283442", "automargin": true, "zerolinewidth": 2, "tickfont": {"family": "Courier New", "size": 14}, "side": "top", "tickangle": -90}, "yaxis": {"gridcolor": "rgba(0, 0, 0, 0)", "linecolor": "#506784", "ticks": "", "title": {"standoff": 15}, "zerolinecolor": "#283442", "automargin": true, "zerolinewidth": 2, "tickfont": {"family": "Courier New"}, "side": "right"}, "scene": {"xaxis": {"backgroundcolor": "rgb(17,17,17)", "gridcolor": "#506784", "linecolor": "#506784", "showbackground": true, "ticks": "", "zerolinecolor": "#C8D4E3", "gridwidth": 2}, "yaxis": {"backgroundcolor": "rgb(17,17,17)", "gridcolor": "#506784", "linecolor": "#506784", "showbackground": true, "ticks": "", "zerolinecolor": "#C8D4E3", "gridwidth": 2}, "zaxis": {"backgroundcolor": "rgb(17,17,17)", "gridcolor": "#506784", "linecolor": "#506784", "showbackground": true, "ticks": "", "zerolinecolor": "#C8D4E3", "gridwidth": 2}}, "shapedefaults": {"line": {"color": "#f2f5fa"}}, "annotationdefaults": {"arrowcolor": "#f2f5fa", "arrowhead": 0, "arrowwidth": 1}, "geo": {"bgcolor": "rgb(17,17,17)", "landcolor": "rgb(17,17,17)", "subunitcolor": "#506784", "showland": true, "showlakes": true, "lakecolor": "rgb(17,17,17)"}, "title": {"x": 0.05, "font": {"family": "Times New Roman"}, "y": 0.05, "text": "<b>Correlation of Adj Close<b><br><i>2016-09-23 ~ 2025-08-14<i>"}, "updatemenudefaults": {"bgcolor": "#506784", "borderwidth": 0}, "sliderdefaults": {"bgcolor": "#C8D4E3", "borderwidth": 1, "bordercolor": "rgb(17,17,17)", "tickwidth": 0}, "mapbox": {"style": "dark"}, "annotations": [{"text": "<b>@zwindr<b>", "textangle": 0, "opacity": 0.5, "font": {"color": "white", "size": 12}, "xref": "paper", "yref": "paper", "xanchor": "left", "yanchor": "bottom", "x": 1.0, "y": 1.0, "showarrow": false}]}, "config": {"responsive": true, "toImageButtonOptions": {"filename": "Correlation of Adj Close_2016-09-23~2025-08-14", "scale": 5}}};

    Plotly.newPlot("correlationAdjClose",
        correlationAdjClose.data,
        correlationAdjClose.layout || {},
        correlationAdjClose.config);
} else {
    // The element with the specified ID does not exist
    console.log("style display is none => correlationAdjClose");
}