var element=document.getElementById("correlationAdjClose");if(element.style.display!='none'){var correlationAdjClose={"data":[{"type":"heatmap","z":[[1.0,0.9941709461031998,0.9771377302303399,0.9975677384478115,0.9643787364385363,0.9819478478669772,-0.9448833425991437,0.9900862826389435,0.9710622441877593,0.9971582737535437,0.9971404186423235,0.9976318519154385,0.9934774231469551,0.9941741900533411,0.997162634999129,0.984263810956699,0.9996786920599133,0.9900789023369588,0.9209295805702328,0.7333643613478698,0.9853855979243048,0.9233258834902128,0.4271982001736531,-0.3038327755380228,0.9008112472461752,0.9698233737374627,0.9559093758543413,0.9803242748256936,0.9648240874890089,0.9758554894345257,0.9724133721686032,0.9456585588786501,0.9803409557690516,0.9711229137563695,0.9545247183352681],[0.9941709461031998,1.0,0.9724996800552744,0.9913412164643656,0.9596465389919464,0.9775313658079144,-0.9402553007321869,0.9813004582280743,0.9643245347592503,0.9952146548403507,0.99505705262951,0.9943529474204711,0.9925274959692904,0.9918548752421373,0.995028148622825,0.9784500090193423,0.9967515924923235,0.9839252035848093,0.9101715207793941,0.7466195346874894,0.9673390896206121,0.9030847969259275,0.42745041744421436,-0.22933428705013595,0.8755891161835793,0.9581931643067455,0.9552190635989741,0.9587143083963905,0.9510678499693153,0.9656816159097154,0.9569838447005622,0.9437277943793,0.9693866419210844,0.9612950642354066,0.9485103756482186],[0.9771377302303399,0.9724996800552744,1.0,0.9835451908949339,0.9958683037920829,0.9787040444244489,-0.9763078676549436,0.9698776292187422,0.9838908688837924,0.989147677796004,0.9898408053624458,0.9863686960784965,0.9969897541307574,0.9967845358529349,0.9895727884534097,0.9771907211841057,0.9878568654791097,0.9697304439855519,0.8292610646290264,0.6212993076811049,0.9905929748580924,0.9153285855210962,0.2612978345084895,-0.2275894702407528,0.9038447434833455,0.9447649483757992,0.9800382563493855,0.9304151163022082,0.9135877606823558,0.9654182591064856,0.9207328355620068,0.906217656705182,0.9671369307342522,0.9742697052191581,0.9230234231065734],[0.9975677384478115,0.9913412164643656,0.9835451908949339,1.0,0.9764988660558209,0.9741567226502302,-0.9400114039745247,0.9841684304595834,0.9684932485383831,0.9999720238254591,0.9999897353054724,0.9999581900936954,0.9916506795414328,0.9896491959776671,0.9999438527574532,0.9738217355861217,0.996025729400362,0.9839677585596168,0.906726724825989,0.7020910094274327,0.9934548300116899,0.9251648003556112,0.4014291779610487,-0.29498485653087114,0.8978834350375111,0.9670131527457206,0.9622462178020056,0.9710512460624091,0.9619191522610991,0.9782948069831034,0.9625040614768465,0.9341417459220693,0.978360574073322,0.969753499631596,0.9457047651430205],[0.9643787364385363,0.9596465389919464,0.9958683037920829,0.9764988660558209,1.0,0.9578386675185486,-0.9577494500784454,0.9539095968813713,0.9709717985519992,0.9849851218551767,0.985731303679377,0.9817406655586107,0.9859150432547897,0.982311172701489,0.9853487380760452,0.9551907193353716,0.9754655763250574,0.9536598719909773,0.8080203907670551,0.5837808586655683,0.9895439912770105,0.9113510326394222,0.23484275948881106,-0.22039750612426245,0.8832648819619346,0.9338102686536912,0.9771583934343666,0.9095281195692886,0.8995373801355611,0.9594950185307157,0.8986797828279492,0.8791972596722263,0.9564089472275036,0.962122376361343,0.898524503855826],[0.9819478478669772,0.9775313658079144,0.9787040444244489,0.9741567226502302,0.9578386675185486,1.0,-0.9812280001862493,0.9810394510549567,0.980359158210924,0.9691283160797343,0.9694408646778043,0.972157867471933,0.9773306451873003,0.9753276218357679,0.9692423137977929,0.9999037123041374,0.9863119460349418,0.9820694650382987,0.8640749723547457,0.7002951921750443,0.9675445528735785,0.894267870587042,0.2947737822262323,-0.21713883711303816,0.9357367184318668,0.951150925982546,0.9604125625619024,0.9582806473049494,0.9293032417835831,0.9525965924461135,0.9524973691449228,0.9550724387853448,0.957787602611093,0.9769248592667498,0.9554492759599136],[-0.9448833425991437,-0.9402553007321869,-0.9763078676549436,-0.9400114039745247,-0.9577494500784454,-0.9812280001862493,1.0,-0.9529017099309373,-0.9839118661105984,-0.9497408929640881,-0.9509000810215913,-0.9464170301491892,-0.974844071570131,-0.9764057996968286,-0.950447624615266,-0.9842337824976175,-0.9657238478830563,-0.9557477853118044,-0.7788326329440286,-0.5984020951079276,-0.9448737864339702,-0.8861038693768208,-0.15323291914649434,0.15253269112120818,-0.9036041387612627,-0.913303433195117,-0.958663814885811,-0.901159047544099,-0.8620279064716736,-0.9270969342901505,-0.8927523441836502,-0.9099098302523041,-0.9277130894141568,-0.9646875417218251,-0.9100215489866266],[0.9900862826389435,0.9813004582280743,0.9698776292187422,0.9841684304595834,0.9539095968813713,0.9810394510549567,-0.9529017099309373,1.0,0.9828014139816681,0.979989580085751,0.9799182985515947,0.9831265231923061,0.9763196918759098,0.9754214533457849,0.9799658974472164,0.9829240223217148,0.9878028951152457,0.9998724825207929,0.9247252967347854,0.6674737628105434,0.9736133874799201,0.8969831342937803,0.28257514620345114,-0.3120894664765475,0.9054185923319701,0.9478714950399764,0.9389453144179254,0.9781006031995201,0.953505610521927,0.9682422308814626,0.963375074196725,0.936292686880311,0.9599580325136786,0.9582481140236939,0.9654014404808032],[0.9710622441877593,0.9643245347592503,0.9838908688837924,0.9684932485383831,0.9709717985519992,0.980359158210924,-0.9839118661105984,0.9828014139816681,1.0,0.9640999526292974,0.9647264676796239,0.9666182635310195,0.9737063068114823,0.9708650624732822,0.9644559754449744,0.9794418762482294,0.9711363103047301,0.9821008035444815,0.8530455485486377,0.5916129619947944,0.9682257760120869,0.908654365576723,0.14044091813534784,-0.23179789409280302,0.8863230026978307,0.9290350298660821,0.9611837320189972,0.9345326200164855,0.8977116618918808,0.9572081815468496,0.9178323925539513,0.9038644775451045,0.9466947009194924,0.9701064238242901,0.9234189924083492],[0.9971582737535437,0.9952146548403507,0.989147677796004,0.9999720238254591,0.9849851218551767,0.9691283160797343,-0.9497408929640881,0.979989580085751,0.9640999526292974,1.0,0.9999879486866601,0.9999827200384572,0.9915003622630841,0.9894674150538844,0.9999491734100998,0.9694801046297189,0.9956334583604696,0.980929709752173,0.9324182260399027,0.619620835463178,0.996769259535142,0.9042107758595901,-0.04008459009915621,0.42317058996650586,0.9124135772373808,0.9482141115865406,0.9673122212589352,0.962447463761536,0.9446561621313729,0.9666396168976552,0.942517250059491,0.9195094344884919,0.966221334439702,0.9805092041618438,0.9421391703744424],[0.9971404186423235,0.99505705262951,0.9898408053624458,0.9999897353054724,0.985731303679377,0.9694408646778043,-0.9509000810215913,0.9799182985515947,0.9647264676796239,0.9999879486866601,1.0,0.9999722527517994,0.9916774528244545,0.9896418265795986,0.9999531963238756,0.9697626234400952,0.9956729255924879,0.980829275006534,0.9316425364448692,0.6157677924507811,0.9970557486135302,0.9035176806128705,-0.054899270625145685,0.41864161942676353,0.9115991985083397,0.9479754536333732,0.9681664000173665,0.9619491983378131,0.9434105142945497,0.9667490361595638,0.9415029489024181,0.9182001965759048,0.9664075542745736,0.9810059718967502,0.9414176818536075],[0.9976318519154385,0.9943529474204711,0.9863686960784965,0.9999581900936954,0.9817406655586107,0.972157867471933,-0.9464170301491892,0.9831265231923061,0.9666182635310195,0.9999827200384572,0.9999722527517994,1.0,0.991456669037108,0.9893836594764354,0.9999623451522099,0.9724390011397147,0.9958184512286365,0.9836383414765845,0.9230178123916059,0.6683189956177873,0.9959595671859368,0.9195046250194816,0.1605310988433668,-0.19694071553546605,0.9206594352678061,0.958438092894353,0.9573117178853182,0.9655489913426535,0.952865398297539,0.973022280438602,0.9531982183702489,0.9325121249951513,0.9731652723993666,0.968121627385382,0.9510914304791841],[0.9934774231469551,0.9925274959692904,0.9969897541307574,0.9916506795414328,0.9859150432547897,0.9773306451873003,-0.974844071570131,0.9763196918759098,0.9737063068114823,0.9915003622630841,0.9916774528244545,0.991456669037108,1.0,0.999695136519921,0.9916104466505663,0.9779637928815084,0.9937807735269087,0.9775765890711402,0.9148279134258003,0.5579633017467351,0.9864237453623392,0.8956678874875085,-0.3353547613472562,0.44484439782483237,0.902390034806175,0.9443368081510307,0.9783039635991301,0.9457219296954734,0.9072538053433885,0.9478551289880075,0.9165767458067225,0.8898683704173442,0.9645757610151947,0.9801712102825326,0.9343788048088701],[0.9941741900533411,0.9918548752421373,0.9967845358529349,0.9896491959776671,0.982311172701489,0.9753276218357679,-0.9764057996968286,0.9754214533457849,0.9708650624732822,0.9894674150538844,0.9896418265795986,0.9893836594764354,0.999695136519921,1.0,0.9896939598925532,0.9759947305612063,0.9943190353254509,0.9769122148922608,0.9223633694883034,0.4353622711500823,0.9813355340682465,0.8852064160004459,-0.7188032461662358,0.4213196956596936,0.8744820016274303,0.9403758261086381,0.9776574596633141,0.9385450911272823,0.8904806462181383,0.9390335887444506,0.9141752938719921,0.8686577265525782,0.9666932812260748,0.9784968937540066,0.9266280277637216],[0.997162634999129,0.995028148622825,0.9895727884534097,0.9999438527574532,0.9853487380760452,0.9692423137977929,-0.950447624615266,0.9799658974472164,0.9644559754449744,0.9999491734100998,0.9999531963238756,0.9999623451522099,0.9916104466505663,0.9896939598925532,1.0,0.9695990349057971,0.9956664722316059,0.980911888494546,0.9321809893510495,0.6174406130145568,0.9968736529070591,0.9032613626999585,-0.05034628247017064,0.4192891208643635,0.9118395668009149,0.9474030710587688,0.967418069975476,0.9622374443161592,0.9437940650016009,0.9666034274689315,0.9420865464923489,0.9189062831166094,0.966161572939354,0.980843115594219,0.9419620729889454],[0.984263810956699,0.9784500090193423,0.9771907211841057,0.9738217355861217,0.9551907193353716,0.9999037123041374,-0.9842337824976175,0.9829240223217148,0.9794418762482294,0.9694801046297189,0.9697626234400952,0.9724390011397147,0.9779637928815084,0.9759947305612063,0.9695990349057971,1.0,0.9866544274416829,0.982187891714784,0.8876318175160527,0.6990155572908756,0.965904330483741,0.8894978883951479,0.16213818046870868,-0.19603048920747979,0.9441041821248123,0.9507179900964092,0.9571490478531608,0.9616008625288673,0.9261923857486222,0.9491066845735271,0.9533895277735192,0.9544328278677492,0.9601209814379131,0.9763820194886752,0.9601615268157473],[0.9996786920599133,0.9967515924923235,0.9878568654791097,0.996025729400362,0.9754655763250574,0.9863119460349418,-0.9657238478830563,0.9878028951152457,0.9711363103047301,0.9956334583604696,0.9956729255924879,0.9958184512286365,0.9937807735269087,0.9943190353254509,0.9956664722316059,0.9866544274416829,1.0,0.9886075252329185,0.9379138312808448,0.6609126044745557,0.9889203929200958,0.8997129177790988,0.0010932183914830892,0.43971663597735794,0.9322987080222979,0.9532788664757538,0.9656642695114094,0.9750760496775004,0.9484892662394989,0.9647912885554208,0.9572129022377539,0.942701985568236,0.9720113735226581,0.985069460737327,0.963679096129503],[0.9900789023369588,0.9839252035848093,0.9697304439855519,0.9839677585596168,0.9536598719909773,0.9820694650382987,-0.9557477853118044,0.9998724825207929,0.9821008035444815,0.980929709752173,0.980829275006534,0.9836383414765845,0.9775765890711402,0.9769122148922608,0.980911888494546,0.982187891714784,0.9886075252329185,1.0,0.9308423023604168,0.6666708519339415,0.9725763442473229,0.9016006887748779,0.2503394025442232,-0.29377311337486045,0.910791447086594,0.9466213481802954,0.9388320797933036,0.978512554201843,0.9527618936453031,0.9667415680646818,0.9617942238732872,0.9360701881573545,0.9591714718261601,0.9560845043129041,0.9665843655507204],[0.9209295805702328,0.9101715207793941,0.8292610646290264,0.906726724825989,0.8080203907670551,0.8640749723547457,-0.7788326329440286,0.9247252967347854,0.8530455485486377,0.9324182260399027,0.9316425364448692,0.9230178123916059,0.9148279134258003,0.9223633694883034,0.9321809893510495,0.8876318175160527,0.9379138312808448,0.9308423023604168,1.0,0.8384359516690909,0.8584259080541949,0.8732807061756918,0.6781125394720189,-0.5316972380165255,0.7003521426028023,0.9083520632410943,0.8026656781887413,0.9576670106140168,0.9354074593825233,0.9009279421938964,0.9442284319200618,0.8947428592211739,0.8985983386037768,0.846358944176496,0.879906313161326],[0.7333643613478698,0.7466195346874894,0.6212993076811049,0.7020910094274327,0.5837808586655683,0.7002951921750443,-0.5984020951079276,0.6674737628105434,0.5916129619947944,0.619620835463178,0.6157677924507811,0.6683189956177873,0.5579633017467351,0.4353622711500823,0.6174406130145568,0.6990155572908756,0.6609126044745557,0.6666708519339415,0.8384359516690909,1.0,0.626584004184253,0.7393176811101698,0.7295391133841492,-0.1165729759112219,0.5377441679508609,0.7322429334689138,0.6315258552822569,0.7880765657049383,0.7223486654264102,0.6587957815758184,0.7593976679240575,0.7626691241642773,0.692469848063111,0.6566076280981582,0.6995237344852272],[0.9853855979243048,0.9673390896206121,0.9905929748580924,0.9934548300116899,0.9895439912770105,0.9675445528735785,-0.9448737864339702,0.9736133874799201,0.9682257760120869,0.996769259535142,0.9970557486135302,0.9959595671859368,0.9864237453623392,0.9813355340682465,0.9968736529070591,0.965904330483741,0.9889203929200958,0.9725763442473229,0.8584259080541949,0.626584004184253,1.0,0.897184880330855,0.3287750418475345,-0.28865609418935345,0.8841090258225928,0.9530323071074385,0.9709885164152113,0.9400355993689714,0.9449187965954386,0.9701944733833266,0.9405699068779463,0.9094370715330744,0.9687167223356851,0.9550443941633858,0.9271129410369662],[0.9233258834902128,0.9030847969259275,0.9153285855210962,0.9251648003556112,0.9113510326394222,0.894267870587042,-0.8861038693768208,0.8969831342937803,0.908654365576723,0.9042107758595901,0.9035176806128705,0.9195046250194816,0.8956678874875085,0.8852064160004459,0.9032613626999585,0.8894978883951479,0.8997129177790988,0.9016006887748779,0.8732807061756918,0.7393176811101698,0.897184880330855,1.0,0.37477506370014807,-0.18965983411338674,0.7019379956258375,0.9189008535645681,0.8878871953265856,0.8980092650114619,0.8488782072083629,0.9243427715813819,0.8680467019732317,0.8405094600922881,0.9218364289292664,0.8662406254434453,0.8480263243767544],[0.4271982001736531,0.42745041744421436,0.2612978345084895,0.4014291779610487,0.23484275948881106,0.2947737822262323,-0.15323291914649434,0.28257514620345114,0.14044091813534784,-0.04008459009915621,-0.054899270625145685,0.1605310988433668,-0.3353547613472562,-0.7188032461662358,-0.05034628247017064,0.16213818046870868,0.0010932183914830892,0.2503394025442232,0.6781125394720189,0.7295391133841492,0.3287750418475345,0.37477506370014807,1.0,-0.39195876182627104,0.28792399385405776,0.3924633269746985,0.2122695932281273,0.5059081837223135,0.5028478932108146,0.36202906757606557,0.5232263727462744,0.43620291880945883,0.3821394865348342,0.3027149194724077,0.4119319313939491],[-0.3038327755380228,-0.22933428705013595,-0.2275894702407528,-0.29498485653087114,-0.22039750612426245,-0.21713883711303816,0.15253269112120818,-0.3120894664765475,-0.23179789409280302,0.42317058996650586,0.41864161942676353,-0.19694071553546605,0.44484439782483237,0.4213196956596936,0.4192891208643635,-0.19603048920747979,0.43971663597735794,-0.29377311337486045,-0.5316972380165255,-0.1165729759112219,-0.28865609418935345,-0.18965983411338674,-0.39195876182627104,1.0,-0.14965719673625025,-0.32586591942884285,-0.1776153066942632,-0.38966839166990774,-0.37937426958328674,-0.3259022338194591,-0.3461868707213876,-0.2043029844068582,-0.35028204887441666,-0.1799339783435051,-0.31710069713026184],[0.9008112472461752,0.8755891161835793,0.9038447434833455,0.8978834350375111,0.8832648819619346,0.9357367184318668,-0.9036041387612627,0.9054185923319701,0.8863230026978307,0.9124135772373808,0.9115991985083397,0.9206594352678061,0.902390034806175,0.8744820016274303,0.9118395668009149,0.9441041821248123,0.9322987080222979,0.910791447086594,0.7003521426028023,0.5377441679508609,0.8841090258225928,0.7019379956258375,0.28792399385405776,-0.14965719673625025,1.0,0.8286275000205034,0.8845669885970004,0.8115740103024017,0.859053238893777,0.8268801915300168,0.8668011217843595,0.8615761004917846,0.856810243071038,0.8670669761004803,0.8949310187819743],[0.9698233737374627,0.9581931643067455,0.9447649483757992,0.9670131527457206,0.9338102686536912,0.951150925982546,-0.913303433195117,0.9478714950399764,0.9290350298660821,0.9482141115865406,0.9479754536333732,0.958438092894353,0.9443368081510307,0.9403758261086381,0.9474030710587688,0.9507179900964092,0.9532788664757538,0.9466213481802954,0.9083520632410943,0.7322429334689138,0.9530323071074385,0.9189008535645681,0.3924633269746985,-0.32586591942884285,0.8286275000205034,1.0,0.9329555748369273,0.9543113791280173,0.9321043922039125,0.9445701344236459,0.9383164907005322,0.9089534763767323,0.9605641319835311,0.9239337808218656,0.9154383387049447],[0.9559093758543413,0.9552190635989741,0.9800382563493855,0.9622462178020056,0.9771583934343666,0.9604125625619024,-0.958663814885811,0.9389453144179254,0.9611837320189972,0.9673122212589352,0.9681664000173665,0.9573117178853182,0.9783039635991301,0.9776574596633141,0.967418069975476,0.9571490478531608,0.9656642695114094,0.9388320797933036,0.8026656781887413,0.6315258552822569,0.9709885164152113,0.8878871953265856,0.2122695932281273,-0.1776153066942632,0.8845669885970004,0.9329555748369273,1.0,0.9047493444119211,0.8841779512959286,0.9389521238681284,0.8857114249004877,0.8845272084092887,0.945224197550137,0.971187138158407,0.8847184945123001],[0.9803242748256936,0.9587143083963905,0.9304151163022082,0.9710512460624091,0.9095281195692886,0.9582806473049494,-0.901159047544099,0.9781006031995201,0.9345326200164855,0.962447463761536,0.9619491983378131,0.9655489913426535,0.9457219296954734,0.9385450911272823,0.9622374443161592,0.9616008625288673,0.9750760496775004,0.978512554201843,0.9576670106140168,0.7880765657049383,0.9400355993689714,0.8980092650114619,0.5059081837223135,-0.38966839166990774,0.8115740103024017,0.9543113791280173,0.9047493444119211,1.0,0.9856878102488857,0.9648109064473083,0.9898528538828111,0.9509758822343133,0.958910421094463,0.9119848847141938,0.9664650870233223],[0.9648240874890089,0.9510678499693153,0.9135877606823558,0.9619191522610991,0.8995373801355611,0.9293032417835831,-0.8620279064716736,0.953505610521927,0.8977116618918808,0.9446561621313729,0.9434105142945497,0.952865398297539,0.9072538053433885,0.8904806462181383,0.9437940650016009,0.9261923857486222,0.9484892662394989,0.9527618936453031,0.9354074593825233,0.7223486654264102,0.9449187965954386,0.8488782072083629,0.5028478932108146,-0.37937426958328674,0.859053238893777,0.9321043922039125,0.8841779512959286,0.9856878102488857,1.0,0.9502937962633969,0.9831211470526474,0.9548781174437685,0.9359485000657831,0.9187879271247097,0.9615559742982946],[0.9758554894345257,0.9656816159097154,0.9654182591064856,0.9782948069831034,0.9594950185307157,0.9525965924461135,-0.9270969342901505,0.9682422308814626,0.9572081815468496,0.9666396168976552,0.9667490361595638,0.973022280438602,0.9478551289880075,0.9390335887444506,0.9666034274689315,0.9491066845735271,0.9647912885554208,0.9667415680646818,0.9009279421938964,0.6587957815758184,0.9701944733833266,0.9243427715813819,0.36202906757606557,-0.3259022338194591,0.8268801915300168,0.9445701344236459,0.9389521238681284,0.9648109064473083,0.9502937962633969,1.0,0.9528478802826809,0.9162493714881473,0.975907817019782,0.9571189135289643,0.9419858623476935],[0.9724133721686032,0.9569838447005622,0.9207328355620068,0.9625040614768465,0.8986797828279492,0.9524973691449228,-0.8927523441836502,0.963375074196725,0.9178323925539513,0.942517250059491,0.9415029489024181,0.9531982183702489,0.9165767458067225,0.9141752938719921,0.9420865464923489,0.9533895277735192,0.9572129022377539,0.9617942238732872,0.9442284319200618,0.7593976679240575,0.9405699068779463,0.8680467019732317,0.5232263727462744,-0.3461868707213876,0.8668011217843595,0.9383164907005322,0.8857114249004877,0.9898528538828111,0.9831211470526474,0.9528478802826809,1.0,0.9734327657056603,0.9434563895658462,0.9363056837052793,0.9620438932916235],[0.9456585588786501,0.9437277943793,0.906217656705182,0.9341417459220693,0.8791972596722263,0.9550724387853448,-0.9099098302523041,0.936292686880311,0.9038644775451045,0.9195094344884919,0.9182001965759048,0.9325121249951513,0.8898683704173442,0.8686577265525782,0.9189062831166094,0.9544328278677492,0.942701985568236,0.9360701881573545,0.8947428592211739,0.7626691241642773,0.9094370715330744,0.8405094600922881,0.43620291880945883,-0.2043029844068582,0.8615761004917846,0.9089534763767323,0.8845272084092887,0.9509758822343133,0.9548781174437685,0.9162493714881473,0.9734327657056603,1.0,0.9059828085646497,0.9321338384633419,0.9529916423131183],[0.9803409557690516,0.9693866419210844,0.9671369307342522,0.978360574073322,0.9564089472275036,0.957787602611093,-0.9277130894141568,0.9599580325136786,0.9466947009194924,0.966221334439702,0.9664075542745736,0.9731652723993666,0.9645757610151947,0.9666932812260748,0.966161572939354,0.9601209814379131,0.9720113735226581,0.9591714718261601,0.8985983386037768,0.692469848063111,0.9687167223356851,0.9218364289292664,0.3821394865348342,-0.35028204887441666,0.856810243071038,0.9605641319835311,0.945224197550137,0.958910421094463,0.9359485000657831,0.975907817019782,0.9434563895658462,0.9059828085646497,1.0,0.9540319002279893,0.9403444047239071],[0.9711229137563695,0.9612950642354066,0.9742697052191581,0.969753499631596,0.962122376361343,0.9769248592667498,-0.9646875417218251,0.9582481140236939,0.9701064238242901,0.9805092041618438,0.9810059718967502,0.968121627385382,0.9801712102825326,0.9784968937540066,0.980843115594219,0.9763820194886752,0.985069460737327,0.9560845043129041,0.846358944176496,0.6566076280981582,0.9550443941633858,0.8662406254434453,0.3027149194724077,-0.1799339783435051,0.8670669761004803,0.9239337808218656,0.971187138158407,0.9119848847141938,0.9187879271247097,0.9571189135289643,0.9363056837052793,0.9321338384633419,0.9540319002279893,1.0,0.9172975049322899],[0.9545247183352681,0.9485103756482186,0.9230234231065734,0.9457047651430205,0.898524503855826,0.9554492759599136,-0.9100215489866266,0.9654014404808032,0.9234189924083492,0.9421391703744424,0.9414176818536075,0.9510914304791841,0.9343788048088701,0.9266280277637216,0.9419620729889454,0.9601615268157473,0.963679096129503,0.9665843655507204,0.879906313161326,0.6995237344852272,0.9271129410369662,0.8480263243767544,0.4119319313939491,-0.31710069713026184,0.8949310187819743,0.9154383387049447,0.8847184945123001,0.9664650870233223,0.9615559742982946,0.9419858623476935,0.9620438932916235,0.9529916423131183,0.9403444047239071,0.9172975049322899,1.0]],"x":["^TAIEX       \u81fa\u7063\u52a0\u6b0a\u5831\u916c\u6307\u6578","^TWII        \u81fa\u7063\u52a0\u6b0a\u6307\u6578","^TAIEXx2     \u81fa\u7063\u52a0\u6b0a\u5831\u916c\u6307\u6578_\u65e5\u6b632","^TAI50I      \u81fa\u706350\u5831\u916c\u6307\u6578","^TAI50Ix2    \u81fa\u706350\u5831\u916c\u6307\u6578_\u65e5\u6b632","^TAI100I     \u81fa\u7063\u4e2d\u578b100\u5831\u916c\u6307\u6578","^TAI100Ix2   \u81fa\u7063\u4e2d\u578b100\u5831\u916c\u6307\u6578_\u65e5\u6b632","^TAIDIVIDI   \u81fa\u7063\u9ad8\u80a1\u606f\u5831\u916c\u6307\u6578","^TAIDIVIDIx2 \u81fa\u7063\u9ad8\u80a1\u606f\u5831\u916c\u6307\u6578_\u65e5\u6b632","0050Fund     \u5143\u5927\u53f0\u7063\u5353\u8d8a50\u57fa\u91d1","006208Fund   \u5bcc\u90a6\u53f0\u7063\u91c6\u540950\u57fa\u91d1","0050         \u5143\u5927\u81fa\u706350","00631L       \u5143\u5927\u53f0\u706350\u6b632","00675L       \u5bcc\u90a6\u81fa\u7063\u52a0\u6b0a\u6b632","006208       \u5bcc\u90a6\u53f050","0051         \u5143\u5927\u4e2d\u578b100","006204       \u6c38\u8c50\u81fa\u7063\u52a0\u6b0a","0056         \u5143\u5927\u9ad8\u80a1\u606f","2412         \u4e2d\u83ef\u96fb\u4fe1","2002         \u4e2d\u92fc","2330         \u53f0\u7a4d\u96fb","2317         \u9d3b\u6d77","6505         \u53f0\u5851\u77f3\u5316","3481         \u7fa4\u5275","2303         \u806f\u96fb","2308         \u53f0\u9054\u96fb","2454         \u806f\u767c\u79d1","2886         \u5146\u8c50\u91d1","2884         \u7389\u5c71\u91d1","2891         \u4e2d\u4fe1\u91d1","2892         \u7b2c\u4e00\u91d1","5880         \u5408\u5eab\u91d1","2881         \u5bcc\u90a6\u91d1","2885         \u5143\u5927\u91d1","2887         \u53f0\u65b0\u91d1"],"y":["^TAIEX       \u81fa\u7063\u52a0\u6b0a\u5831\u916c\u6307\u6578","^TWII        \u81fa\u7063\u52a0\u6b0a\u6307\u6578","^TAIEXx2     \u81fa\u7063\u52a0\u6b0a\u5831\u916c\u6307\u6578_\u65e5\u6b632","^TAI50I      \u81fa\u706350\u5831\u916c\u6307\u6578","^TAI50Ix2    \u81fa\u706350\u5831\u916c\u6307\u6578_\u65e5\u6b632","^TAI100I     \u81fa\u7063\u4e2d\u578b100\u5831\u916c\u6307\u6578","^TAI100Ix2   \u81fa\u7063\u4e2d\u578b100\u5831\u916c\u6307\u6578_\u65e5\u6b632","^TAIDIVIDI   \u81fa\u7063\u9ad8\u80a1\u606f\u5831\u916c\u6307\u6578","^TAIDIVIDIx2 \u81fa\u7063\u9ad8\u80a1\u606f\u5831\u916c\u6307\u6578_\u65e5\u6b632","0050Fund     \u5143\u5927\u53f0\u7063\u5353\u8d8a50\u57fa\u91d1","006208Fund   \u5bcc\u90a6\u53f0\u7063\u91c6\u540950\u57fa\u91d1","0050         \u5143\u5927\u81fa\u706350","00631L       \u5143\u5927\u53f0\u706350\u6b632","00675L       \u5bcc\u90a6\u81fa\u7063\u52a0\u6b0a\u6b632","006208       \u5bcc\u90a6\u53f050","0051         \u5143\u5927\u4e2d\u578b100","006204       \u6c38\u8c50\u81fa\u7063\u52a0\u6b0a","0056         \u5143\u5927\u9ad8\u80a1\u606f","2412         \u4e2d\u83ef\u96fb\u4fe1","2002         \u4e2d\u92fc","2330         \u53f0\u7a4d\u96fb","2317         \u9d3b\u6d77","6505         \u53f0\u5851\u77f3\u5316","3481         \u7fa4\u5275","2303         \u806f\u96fb","2308         \u53f0\u9054\u96fb","2454         \u806f\u767c\u79d1","2886         \u5146\u8c50\u91d1","2884         \u7389\u5c71\u91d1","2891         \u4e2d\u4fe1\u91d1","2892         \u7b2c\u4e00\u91d1","5880         \u5408\u5eab\u91d1","2881         \u5bcc\u90a6\u91d1","2885         \u5143\u5927\u91d1","2887         \u53f0\u65b0\u91d1"],"zmin":-1,"zmax":1,"colorbar":{"x":-0.2}}],"layout":{"autotypenumbers":"strict","colorway":["#636efa","#EF553B","#00cc96","#ab63fa","#FFA15A","#19d3f3","#FF6692","#B6E880","#FF97FF","#FECB52"],"font":{"color":"#f2f5fa","family":"Courier New"},"hovermode":"closest","hoverlabel":{"align":"left"},"paper_bgcolor":"rgb(17,17,17)","plot_bgcolor":"rgb(17,17,17)","polar":{"bgcolor":"rgb(17,17,17)","angularaxis":{"gridcolor":"#506784","linecolor":"#506784","ticks":""},"radialaxis":{"gridcolor":"#506784","linecolor":"#506784","ticks":""}},"ternary":{"bgcolor":"rgb(17,17,17)","aaxis":{"gridcolor":"#506784","linecolor":"#506784","ticks":""},"baxis":{"gridcolor":"#506784","linecolor":"#506784","ticks":""},"caxis":{"gridcolor":"#506784","linecolor":"#506784","ticks":""}},"coloraxis":{"colorbar":{"outlinewidth":0,"ticks":""}},"colorscale":{"sequential":[[0.0,"#0d0887"],[0.1111111111111111,"#46039f"],[0.2222222222222222,"#7201a8"],[0.3333333333333333,"#9c179e"],[0.4444444444444444,"#bd3786"],[0.5555555555555556,"#d8576b"],[0.6666666666666666,"#ed7953"],[0.7777777777777778,"#fb9f3a"],[0.8888888888888888,"#fdca26"],[1.0,"#f0f921"]],"sequentialminus":[[0.0,"#0d0887"],[0.1111111111111111,"#46039f"],[0.2222222222222222,"#7201a8"],[0.3333333333333333,"#9c179e"],[0.4444444444444444,"#bd3786"],[0.5555555555555556,"#d8576b"],[0.6666666666666666,"#ed7953"],[0.7777777777777778,"#fb9f3a"],[0.8888888888888888,"#fdca26"],[1.0,"#f0f921"]],"diverging":[[0,"#8e0152"],[0.1,"#c51b7d"],[0.2,"#de77ae"],[0.3,"#f1b6da"],[0.4,"#fde0ef"],[0.5,"#f7f7f7"],[0.6,"#e6f5d0"],[0.7,"#b8e186"],[0.8,"#7fbc41"],[0.9,"#4d9221"],[1,"#276419"]]},"xaxis":{"gridcolor":"rgba(0, 0, 0, 0)","linecolor":"#506784","ticks":"","title":{"standoff":15},"zerolinecolor":"#283442","automargin":true,"zerolinewidth":2,"tickfont":{"family":"Courier New","size":14},"side":"top","tickangle":-90},"yaxis":{"gridcolor":"rgba(0, 0, 0, 0)","linecolor":"#506784","ticks":"","title":{"standoff":15},"zerolinecolor":"#283442","automargin":true,"zerolinewidth":2,"tickfont":{"family":"Courier New"},"side":"right"},"scene":{"xaxis":{"backgroundcolor":"rgb(17,17,17)","gridcolor":"#506784","linecolor":"#506784","showbackground":true,"ticks":"","zerolinecolor":"#C8D4E3","gridwidth":2},"yaxis":{"backgroundcolor":"rgb(17,17,17)","gridcolor":"#506784","linecolor":"#506784","showbackground":true,"ticks":"","zerolinecolor":"#C8D4E3","gridwidth":2},"zaxis":{"backgroundcolor":"rgb(17,17,17)","gridcolor":"#506784","linecolor":"#506784","showbackground":true,"ticks":"","zerolinecolor":"#C8D4E3","gridwidth":2}},"shapedefaults":{"line":{"color":"#f2f5fa"}},"annotationdefaults":{"arrowcolor":"#f2f5fa","arrowhead":0,"arrowwidth":1},"geo":{"bgcolor":"rgb(17,17,17)","landcolor":"rgb(17,17,17)","subunitcolor":"#506784","showland":true,"showlakes":true,"lakecolor":"rgb(17,17,17)"},"title":{"x":0.05,"font":{"family":"Times New Roman"},"y":0.05,"text":"<b>Correlation of Adj Close<b><br><i>2016-09-23 ~ 2025-08-22<i>"},"updatemenudefaults":{"bgcolor":"#506784","borderwidth":0},"sliderdefaults":{"bgcolor":"#C8D4E3","borderwidth":1,"bordercolor":"rgb(17,17,17)","tickwidth":0},"mapbox":{"style":"dark"},"annotations":[{"text":"<b>@zwindr<b>","textangle":0,"opacity":0.5,"font":{"color":"white","size":12},"xref":"paper","yref":"paper","xanchor":"left","yanchor":"bottom","x":1.0,"y":1.0,"showarrow":false}]},"config":{"responsive":true,"toImageButtonOptions":{"filename":"Correlation of Adj Close_2016-09-23~2025-08-22","scale":5}}};Plotly.newPlot("correlationAdjClose",correlationAdjClose.data,correlationAdjClose.layout||{},correlationAdjClose.config);}else{console.log("style display is none => correlationAdjClose");}