var element=document.getElementById("correlationAdjClose");if(element.style.display!='none'){var correlationAdjClose={"data":[{"type":"heatmap","z":[[1.0,0.9960641834758092,0.9642773473275542,0.9965014172017403,0.9346984538554667,0.987211316227698,0.962308052733406,0.9826119006728699,0.9789326474978678,0.996641629692954,0.9963722064888065,0.9967115072681663,0.8275664946172931,0.9893920740278109,0.996474362881335,0.9880822881982588,0.9997597073496889,0.9822013539851874,0.8907807345498726,0.9035117988143158,0.6289510519183977,0.9842793424722214,0.9424588444870874,0.30165846350276343,-0.25378639724719193,0.9085605505579945,0.8977296418111823,0.9674893859663718,0.9570093868993224,0.9552853928274861,0.9831108304569115,0.9558452261782364,0.9176488748095429,0.9770819764429736,0.9807088243691552,0.9623481727869354],[0.9960641834758092,1.0,0.9649350219755497,0.9931205429464077,0.9360536576054738,0.9838225890316914,0.9607039480955132,0.9744140340135854,0.9735242555946343,0.994205911386896,0.9958118645042967,0.995389411348425,0.8327498858145747,0.9899804079076923,0.9958701630018609,0.9838059775303497,0.9979481131236797,0.976008184007543,0.9049711302857288,0.8934492140075972,0.65470846433562,0.9733418266640713,0.9261459528599947,0.29997298456870636,-0.19321964668955652,0.8901366282586899,0.8994933582536264,0.9667758463795719,0.9400460595278086,0.9439995830228307,0.9760319384361443,0.9425977517611828,0.9170978584600411,0.9685549023304749,0.9738582659797125,0.9575774417317897],[0.9642773473275542,0.9649350219755497,1.0,0.9792591069742439,0.9937606988127977,0.9582853997202232,0.9795309124861417,0.921889096941832,0.9559407423321996,0.9792048113108719,0.9860823855823401,0.9830322991115251,0.8524585843547948,0.9971321571501225,0.9860008069395187,0.9558431221293742,0.9758854207684718,0.9218663580202497,0.8164464571610517,0.776826227849809,0.4630799880100562,0.9894784621110386,0.9139655993765261,0.12654187305353778,-0.1622209368073916,0.8650158788133121,0.9570486329231553,0.9561485224198275,0.8555169511048913,0.8645441900140817,0.9557413741530341,0.8585526808446506,0.8172383954279396,0.9215584335136419,0.9636881308111098,0.9065434137285927],[0.9965014172017403,0.9931205429464077,0.9792591069742439,1.0,0.9575067467779474,0.978753316037653,0.9637231425076199,0.9687781845688642,0.9729567166206539,0.9999782464493245,0.9999942121710451,0.9999710095675356,0.835809771681129,0.9927734889283668,0.9999625778424032,0.977123928515878,0.9960392175106344,0.9680250117072845,0.8670899327181997,0.877561948015424,0.581881878983368,0.9946594981538763,0.9427384386606353,0.2631714788958651,-0.23686564301714655,0.896165294454548,0.9202834022779762,0.9684876434885241,0.9353434952780527,0.9411358880344113,0.9836357259937348,0.9351169629451932,0.8925103203145608,0.96788161648886,0.9789910261659087,0.9500811357451864],[0.9346984538554667,0.9360536576054738,0.9937606988127977,0.9575067467779474,1.0,0.9221133192022997,0.9561296767206187,0.8792116253848061,0.9219922094825468,0.9579176547290396,0.968365778474439,0.9643140652256361,0.8457697174425027,0.9828957147834099,0.9682768684650908,0.9189409079035378,0.9491564632358739,0.8791475413218245,0.7656637891135598,0.7273346308785831,0.4006995694891558,0.9754699229740923,0.8889608371380714,0.0889246997280143,-0.14206345441662796,0.8188357697115239,0.970243392052169,0.9277819289369906,0.8031168330462464,0.8205141469173731,0.9300747486868255,0.8080248013388464,0.7590639491029955,0.8828388405654932,0.9347424896612894,0.8654283982640568],[0.987211316227698,0.9838225890316914,0.9582853997202232,0.978753316037653,0.9221133192022997,1.0,0.9816739231897204,0.9807287616559304,0.9859596258517115,0.9783464441818964,0.9730742148730778,0.976334670614591,0.8127774882589738,0.9630874954680606,0.9731031668445246,0.9999174316230407,0.9889028210794202,0.9814764822995584,0.8981519336812503,0.8683893405176529,0.5990800830387102,0.969221236762545,0.9205232703622886,0.19008387506353874,-0.18964560423624782,0.9367143722715651,0.872785139733327,0.970765050881068,0.9456954495573565,0.9325768751020754,0.9665521807412272,0.9456615658642842,0.9317250842960277,0.9627270156115895,0.9834867318248149,0.964931175672447],[0.962308052733406,0.9607039480955132,0.9795309124861417,0.9637231425076199,0.9561296767206187,0.9816739231897204,1.0,0.9442597070454132,0.9801298489872496,0.9627849030630846,0.9713152614234337,0.9680642210662491,0.8373607693111355,0.9806536063980358,0.9709678719115741,0.9827948901328083,0.9779326764729633,0.9465490548248388,0.8508739110820807,0.782580069369911,0.47661258174395205,0.9673786275318222,0.9146630564195424,0.05705140769326755,-0.12639494851423586,0.8935060096866274,0.9074579381224974,0.9639185246561087,0.8765349038530745,0.8637496030104552,0.9493819086310689,0.8774863553811374,0.8650093381771136,0.9265461148791199,0.9747661201649176,0.9222309763827022],[0.9826119006728699,0.9744140340135854,0.921889096941832,0.9687781845688642,0.8792116253848061,0.9807287616559304,0.9442597070454132,1.0,0.9838452419485503,0.9687302335535268,0.9627156741844122,0.9676112216886634,0.7767835644577087,0.9376007919689593,0.963311378127979,0.9826482630148312,0.9791355475910379,0.9998965789656786,0.9313571258570439,0.9322755191615246,0.5845824515895272,0.9520143362807246,0.9134526927120645,0.16774814884414857,-0.28274221605615274,0.9183942160113562,0.8123343472888024,0.9489929430341316,0.9763214135516811,0.9606229549017616,0.9672942776451866,0.9668450421001226,0.9341056029429766,0.9680552240566725,0.9591863862561313,0.9716826358702716],[0.9789326474978678,0.9735242555946343,0.9559407423321996,0.9729567166206539,0.9219922094825468,0.9859596258517115,0.9801298489872496,0.9838452419485503,1.0,0.9723871537821195,0.9673152229233559,0.970909406139856,0.805095660453353,0.9525437343021539,0.9673541915129253,0.9852133804749025,0.977528309575236,0.9832908811743843,0.9026113966099534,0.8665718551755905,0.49375568505280937,0.9669544026599217,0.9316898159787168,0.0303557957712946,-0.20312097079321575,0.8988297608422872,0.8496041094774409,0.9709517141863089,0.9310507960357298,0.9112035422357977,0.9689204238773835,0.9226814400894829,0.8936994779666051,0.957375909506601,0.9774109340800883,0.9414640632077919],[0.996641629692954,0.994205911386896,0.9792048113108719,0.9999782464493245,0.9579176547290396,0.9783464441818964,0.9627849030630846,0.9687302335535268,0.9723871537821195,1.0,0.9999934439580906,0.999985340180649,0.8356536261908983,0.9928171994391672,0.9999651079596311,0.9767141969949584,0.9959302982192363,0.9680625013149619,0.8685211583778051,0.8788376539038623,0.5763781787649588,0.9948715434441224,0.9430322012757756,0.26759094449467086,-0.2363091513227683,0.8962656226168553,0.9191691125029496,0.9673793454635476,0.9347321839427766,0.9400949282770836,0.9830115775170908,0.9343225978926126,0.8909888264166664,0.966985543790046,0.9783375006327605,0.9490966827471792],[0.9963722064888065,0.9958118645042967,0.9860823855823401,0.9999942121710451,0.968365778474439,0.9730742148730778,0.9713152614234337,0.9627156741844122,0.9673152229233559,0.9999934439580906,1.0,0.9999790402758864,0.835923888870787,0.9928196350398749,0.9999670663439404,0.9724931155364999,0.9957804314004584,0.9632451656067824,0.8838973469671801,0.9081999576111407,0.42127632235334195,0.9976622646897471,0.931760221933463,-0.2052122852349811,0.518063127037917,0.8857138446713301,0.9029480859161871,0.966174600418701,0.917956519271127,0.9212485159653244,0.9775000460425676,0.9096064352301109,0.8538739857784515,0.955547818460433,0.9844061386725431,0.9471229083404761],[0.9967115072681663,0.995389411348425,0.9830322991115251,0.9999710095675356,0.9643140652256361,0.976334670614591,0.9680642210662491,0.9676112216886634,0.970909406139856,0.999985340180649,0.9999790402758864,1.0,0.8357128644531061,0.9927926698255602,0.9999748448695485,0.975906738043602,0.9958541770830522,0.9675139737085086,0.8756563524790839,0.8969019260229756,0.5017647855710764,0.9967454175439017,0.9410219367511851,-0.001101636353369444,-0.09858498523238521,0.9018896770545246,0.9105459723917912,0.9631096810776987,0.925832105209932,0.9295165417587472,0.9805105362216394,0.9232940954466624,0.8800644759744602,0.9627985690825751,0.9783491403203566,0.9510392513736303],[0.8275664946172931,0.8327498858145747,0.8524585843547948,0.835809771681129,0.8457697174425027,0.8127774882589738,0.8373607693111355,0.7767835644577087,0.805095660453353,0.8356536261908983,0.835923888870787,0.8357128644531061,1.0,0.9998516772907149,0.8355111270467379,0.812188007000515,0.8292078498119095,0.7776359818156959,0.6970988823388958,0.6823933653231304,0.24232952577162328,0.837499510839847,0.7824527730638594,-0.4955995666763647,0.49371660082649754,0.7052809974069796,0.8104824862351755,0.8214066384895475,0.7101713509789443,0.7045682538171574,0.8096214562250514,0.6959266039042191,0.6321302358809114,0.7880763324562285,0.824186377211933,0.7785988644369648],[0.9893920740278109,0.9899804079076923,0.9971321571501225,0.9927734889283668,0.9828957147834099,0.9630874954680606,0.9806536063980358,0.9376007919689593,0.9525437343021539,0.9928171994391672,0.9928196350398749,0.9927926698255602,0.9998516772907149,1.0,0.9928235717371422,0.9622670844092153,0.9896263971206029,0.9381498050831796,0.8349431260186664,0.89478472022487,0.16893058300123903,0.9899791619766248,0.9071092865734962,-0.7137239184995902,0.5293587115782483,0.8252947720757643,0.931700182660023,0.9493345297330894,0.8641355323188504,0.8726271086021973,0.9565468499963191,0.8700088143918441,0.7671627972287076,0.9264894290519815,0.9726631668799248,0.934553181714915],[0.996474362881335,0.9958701630018609,0.9860008069395187,0.9999625778424032,0.9682768684650908,0.9731031668445246,0.9709678719115741,0.963311378127979,0.9673541915129253,0.9999651079596311,0.9999670663439404,0.9999748448695485,0.8355111270467379,0.9928235717371422,1.0,0.9726029484000407,0.9958726591507803,0.9636260544591264,0.8845760473633183,0.9095837149711045,0.4245177527449221,0.9974775861177698,0.9318650186418144,-0.20189780104884125,0.5165583313174082,0.8860120100529159,0.9025828903301527,0.9657333134478402,0.9194544913167891,0.9225788965451691,0.9775979188661447,0.9112551870423464,0.8560030391562746,0.9563113316609431,0.9844175049111602,0.9477500637394067],[0.9880822881982588,0.9838059775303497,0.9558431221293742,0.977123928515878,0.9189409079035378,0.9999174316230407,0.9827948901328083,0.9826482630148312,0.9852133804749025,0.9767141969949584,0.9724931155364999,0.975906738043602,0.812188007000515,0.9622670844092153,0.9726029484000407,1.0,0.9887525215938477,0.981900256621523,0.9010741762532327,0.8927684982523971,0.5786628982227437,0.9666400655972985,0.9160024844343911,0.03995835718518041,-0.1469688000258401,0.9419045701383563,0.8623115141711873,0.9685213892794289,0.9489515219707377,0.9304498595086358,0.9637100794054249,0.9472041418802554,0.9298761602332268,0.9649382028169107,0.9825764170530217,0.9681889116897159],[0.9997597073496889,0.9979481131236797,0.9758854207684718,0.9960392175106344,0.9491564632358739,0.9889028210794202,0.9779326764729633,0.9791355475910379,0.977528309575236,0.9959302982192363,0.9957804314004584,0.9958541770830522,0.8292078498119095,0.9896263971206029,0.9958726591507803,0.9887525215938477,1.0,0.9794579364956261,0.9102066031935344,0.9257607509527929,0.4916449479432376,0.9889008375071632,0.9285523984355539,-0.14677435297768415,0.5300333817936933,0.916726512762996,0.8830691963913719,0.971306436781157,0.9448991949209743,0.9377741517541862,0.9771569782809875,0.9365217221823917,0.8956021764754919,0.9684161331911062,0.9899907184720281,0.9678133452953042],[0.9822013539851874,0.976008184007543,0.9218663580202497,0.9680250117072845,0.8791475413218245,0.9814764822995584,0.9465490548248388,0.9998965789656786,0.9832908811743843,0.9680625013149619,0.9632451656067824,0.9675139737085086,0.7776359818156959,0.9381498050831796,0.9636260544591264,0.981900256621523,0.9794579364956261,1.0,0.9340467857649533,0.9384356826268848,0.5818025459591963,0.9504623747527553,0.9162282162170096,0.13125440425912271,-0.24682210816573133,0.9222921004660971,0.8097140338036756,0.9493067666743281,0.9769348826927539,0.9601686508878781,0.9655676172015484,0.9658191075637145,0.9337639683295667,0.9672734173053347,0.9573961145196602,0.9724290625220758],[0.8907807345498726,0.9049711302857288,0.8164464571610517,0.8670899327181997,0.7656637891135598,0.8981519336812503,0.8508739110820807,0.9313571258570439,0.9026113966099534,0.8685211583778051,0.8838973469671801,0.8756563524790839,0.6970988823388958,0.8349431260186664,0.8845760473633183,0.9010741762532327,0.9102066031935344,0.9340467857649533,1.0,0.8423070868623069,0.6684278334035313,0.8363521631387743,0.8181435565422258,0.2215317407867769,-0.139618268051609,0.8693976458864325,0.6854003363889893,0.859516850197971,0.9004734873416128,0.870767464253917,0.8545546252696707,0.8819890538293241,0.8662815984211436,0.8650806175554604,0.8690757895923092,0.8988335730591374],[0.9035117988143158,0.8934492140075972,0.776826227849809,0.877561948015424,0.7273346308785831,0.8683893405176529,0.782580069369911,0.9322755191615246,0.8665718551755905,0.8788376539038623,0.9081999576111407,0.8969019260229756,0.6823933653231304,0.89478472022487,0.9095837149711045,0.8927684982523971,0.9257607509527929,0.9384356826268848,0.8423070868623069,1.0,0.8117025409154831,0.8250118323467385,0.8687672492228704,0.6024010161757841,-0.5007366733747365,0.7369857872172856,0.7273642948447206,0.8153098483432926,0.9620655914623927,0.9411172452955544,0.8867897409921266,0.950422829051882,0.9068802455960009,0.9028421946964773,0.8433163536430387,0.8858521553681095],[0.6289510519183977,0.65470846433562,0.4630799880100562,0.581881878983368,0.4006995694891558,0.5990800830387102,0.47661258174395205,0.5845824515895272,0.49375568505280937,0.5763781787649588,0.42127632235334195,0.5017647855710764,0.24232952577162328,0.16893058300123903,0.4245177527449221,0.5786628982227437,0.4916449479432376,0.5818025459591963,0.6684278334035313,0.8117025409154831,1.0,0.5194661309496823,0.654850107146124,0.7217470287601344,-0.11566202006819776,0.5202121696485705,0.45364921130127017,0.5660060221313697,0.7565845562549768,0.6800307963717578,0.5706693354214017,0.7156105722575128,0.7428119618982615,0.6323594000719405,0.5805810610637693,0.6394786434730418],[0.9842793424722214,0.9733418266640713,0.9894784621110386,0.9946594981538763,0.9754699229740923,0.969221236762545,0.9673786275318222,0.9520143362807246,0.9669544026599217,0.9948715434441224,0.9976622646897471,0.9967454175439017,0.837499510839847,0.9899791619766248,0.9974775861177698,0.9666400655972985,0.9889008375071632,0.9504623747527553,0.8363521631387743,0.8250118323467385,0.5194661309496823,1.0,0.9188568249082176,0.1952857403956853,-0.2235275425397723,0.8768592263601802,0.9359528925765832,0.9675326632973471,0.8966280569232739,0.9158041765930182,0.9745440397258798,0.9053412897737873,0.8583480938542446,0.9515513164856125,0.9659278582038178,0.9291570880098439],[0.9424588444870874,0.9261459528599947,0.9139655993765261,0.9427384386606353,0.8889608371380714,0.9205232703622886,0.9146630564195424,0.9134526927120645,0.9316898159787168,0.9430322012757756,0.931760221933463,0.9410219367511851,0.7824527730638594,0.9071092865734962,0.9318650186418144,0.9160024844343911,0.9285523984355539,0.9162282162170096,0.8181435565422258,0.8687672492228704,0.654850107146124,0.9188568249082176,1.0,0.25361530689884354,-0.16722720806227215,0.7542759281267903,0.852245655679817,0.9129740265704187,0.900869405483541,0.8720989743404329,0.9444082030742019,0.8807025502386678,0.8439584894384267,0.9397676378827192,0.9015843734188408,0.8795802684778186],[0.30165846350276343,0.29997298456870636,0.12654187305353778,0.2631714788958651,0.0889246997280143,0.19008387506353874,0.05705140769326755,0.16774814884414857,0.0303557957712946,0.26759094449467086,-0.2052122852349811,-0.001101636353369444,-0.4955995666763647,-0.7137239184995902,-0.20189780104884125,0.03995835718518041,-0.14677435297768415,0.13125440425912271,0.2215317407867769,0.6024010161757841,0.7217470287601344,0.1952857403956853,0.25361530689884354,1.0,-0.3794616896183391,0.23203251848461018,0.14151162622948288,0.13682093249871452,0.43148205389866257,0.417495370782717,0.24660776545429652,0.4426761502445273,0.38080680847079473,0.2901686173229003,0.20146441471467175,0.3201745263765957],[-0.25378639724719193,-0.19321964668955652,-0.1622209368073916,-0.23686564301714655,-0.14206345441662796,-0.18964560423624782,-0.12639494851423586,-0.28274221605615274,-0.20312097079321575,-0.2363091513227683,0.518063127037917,-0.09858498523238521,0.49371660082649754,0.5293587115782483,0.5165583313174082,-0.1469688000258401,0.5300333817936933,-0.24682210816573133,-0.139618268051609,-0.5007366733747365,-0.11566202006819776,-0.2235275425397723,-0.16722720806227215,-0.3794616896183391,1.0,-0.1423852863357097,-0.16812035097062822,-0.1575960678490283,-0.36839169227239316,-0.35279129209230053,-0.27257033977104955,-0.3258559192091977,-0.20179355777241625,-0.31482426006355135,-0.154617193624206,-0.2827675297156318],[0.9085605505579945,0.8901366282586899,0.8650158788133121,0.896165294454548,0.8188357697115239,0.9367143722715651,0.8935060096866274,0.9183942160113562,0.8988297608422872,0.8962656226168553,0.8857138446713301,0.9018896770545246,0.7052809974069796,0.8252947720757643,0.8860120100529159,0.9419045701383563,0.916726512762996,0.9222921004660971,0.8693976458864325,0.7369857872172856,0.5202121696485705,0.8768592263601802,0.7542759281267903,0.23203251848461018,-0.1423852863357097,1.0,0.7513649822308911,0.900124329621221,0.8352025720956411,0.879126244038272,0.8516374359872625,0.8839675529100942,0.872584618111133,0.8770020266728031,0.883536436972898,0.9123103917925918],[0.8977296418111823,0.8994933582536264,0.9570486329231553,0.9202834022779762,0.970243392052169,0.872785139733327,0.9074579381224974,0.8123343472888024,0.8496041094774409,0.9191691125029496,0.9029480859161871,0.9105459723917912,0.8104824862351755,0.931700182660023,0.9025828903301527,0.8623115141711873,0.8830691963913719,0.8097140338036756,0.6854003363889893,0.7273642948447206,0.45364921130127017,0.9359528925765832,0.852245655679817,0.14151162622948288,-0.16812035097062822,0.7513649822308911,1.0,0.8681157655895327,0.7747245464894031,0.7865548990332395,0.8857705085231623,0.7730330665489836,0.7250558698719132,0.8379687643660498,0.8845690608585849,0.8297149258601638],[0.9674893859663718,0.9667758463795719,0.9561485224198275,0.9684876434885241,0.9277819289369906,0.970765050881068,0.9639185246561087,0.9489929430341316,0.9709517141863089,0.9673793454635476,0.966174600418701,0.9631096810776987,0.8214066384895475,0.9493345297330894,0.9657333134478402,0.9685213892794289,0.971306436781157,0.9493067666743281,0.859516850197971,0.8153098483432926,0.5660060221313697,0.9675326632973471,0.9129740265704187,0.13682093249871452,-0.1575960678490283,0.900124329621221,0.8681157655895327,1.0,0.9042439562218775,0.8985538232018758,0.9543253999470921,0.8945962283063641,0.8765164097207098,0.9516632380058042,0.9774932272379833,0.9114794598126211],[0.9570093868993224,0.9400460595278086,0.8555169511048913,0.9353434952780527,0.8031168330462464,0.9456954495573565,0.8765349038530745,0.9763214135516811,0.9310507960357298,0.9347321839427766,0.917956519271127,0.925832105209932,0.7101713509789443,0.8641355323188504,0.9194544913167891,0.9489515219707377,0.9448991949209743,0.9769348826927539,0.9004734873416128,0.9620655914623927,0.7565845562549768,0.8966280569232739,0.900869405483541,0.43148205389866257,-0.36839169227239316,0.8352025720956411,0.7747245464894031,0.9042439562218775,1.0,0.9868072096564273,0.9455263425033946,0.9912034239557624,0.9562581416461013,0.9592264640450203,0.9039438871911377,0.9613011322280277],[0.9552853928274861,0.9439995830228307,0.8645441900140817,0.9411358880344113,0.8205141469173731,0.9325768751020754,0.8637496030104552,0.9606229549017616,0.9112035422357977,0.9400949282770836,0.9212485159653244,0.9295165417587472,0.7045682538171574,0.8726271086021973,0.9225788965451691,0.9304498595086358,0.9377741517541862,0.9601686508878781,0.870767464253917,0.9411172452955544,0.6800307963717578,0.9158041765930182,0.8720989743404329,0.417495370782717,-0.35279129209230053,0.879126244038272,0.7865548990332395,0.8985538232018758,0.9868072096564273,1.0,0.9452263141555481,0.9856544021675767,0.9567263332458515,0.9460454032070512,0.9210228952203227,0.9631189948435647],[0.9831108304569115,0.9760319384361443,0.9557413741530341,0.9836357259937348,0.9300747486868255,0.9665521807412272,0.9493819086310689,0.9672942776451866,0.9689204238773835,0.9830115775170908,0.9775000460425676,0.9805105362216394,0.8096214562250514,0.9565468499963191,0.9775979188661447,0.9637100794054249,0.9771569782809875,0.9655676172015484,0.8545546252696707,0.8867897409921266,0.5706693354214017,0.9745440397258798,0.9444082030742019,0.24660776545429652,-0.27257033977104955,0.8516374359872625,0.8857705085231623,0.9543253999470921,0.9455263425033946,0.9452263141555481,1.0,0.9413406793222078,0.8952074358315518,0.9753142396470503,0.970947047740161,0.9523712027936829],[0.9558452261782364,0.9425977517611828,0.8585526808446506,0.9351169629451932,0.8080248013388464,0.9456615658642842,0.8774863553811374,0.9668450421001226,0.9226814400894829,0.9343225978926126,0.9096064352301109,0.9232940954466624,0.6959266039042191,0.8700088143918441,0.9112551870423464,0.9472041418802554,0.9365217221823917,0.9658191075637145,0.8819890538293241,0.950422829051882,0.7156105722575128,0.9053412897737873,0.8807025502386678,0.4426761502445273,-0.3258559192091977,0.8839675529100942,0.7730330665489836,0.8945962283063641,0.9912034239557624,0.9856544021675767,0.9413406793222078,1.0,0.9745124255937495,0.9496661140349916,0.9278325964391114,0.9607052038523093],[0.9176488748095429,0.9170978584600411,0.8172383954279396,0.8925103203145608,0.7590639491029955,0.9317250842960277,0.8650093381771136,0.9341056029429766,0.8936994779666051,0.8909888264166664,0.8538739857784515,0.8800644759744602,0.6321302358809114,0.7671627972287076,0.8560030391562746,0.9298761602332268,0.8956021764754919,0.9337639683295667,0.8662815984211436,0.9068802455960009,0.7428119618982615,0.8583480938542446,0.8439584894384267,0.38080680847079473,-0.20179355777241625,0.872584618111133,0.7250558698719132,0.8765164097207098,0.9562581416461013,0.9567263332458515,0.8952074358315518,0.9745124255937495,1.0,0.9076704127564439,0.9070699842693678,0.9429140475043107],[0.9770819764429736,0.9685549023304749,0.9215584335136419,0.96788161648886,0.8828388405654932,0.9627270156115895,0.9265461148791199,0.9680552240566725,0.957375909506601,0.966985543790046,0.955547818460433,0.9627985690825751,0.7880763324562285,0.9264894290519815,0.9563113316609431,0.9649382028169107,0.9684161331911062,0.9672734173053347,0.8650806175554604,0.9028421946964773,0.6323594000719405,0.9515513164856125,0.9397676378827192,0.2901686173229003,-0.31482426006355135,0.8770020266728031,0.8379687643660498,0.9516632380058042,0.9592264640450203,0.9460454032070512,0.9753142396470503,0.9496661140349916,0.9076704127564439,1.0,0.9579596187717433,0.9503710206334322],[0.9807088243691552,0.9738582659797125,0.9636881308111098,0.9789910261659087,0.9347424896612894,0.9834867318248149,0.9747661201649176,0.9591863862561313,0.9774109340800883,0.9783375006327605,0.9844061386725431,0.9783491403203566,0.824186377211933,0.9726631668799248,0.9844175049111602,0.9825764170530217,0.9899907184720281,0.9573961145196602,0.8690757895923092,0.8433163536430387,0.5805810610637693,0.9659278582038178,0.9015843734188408,0.20146441471467175,-0.154617193624206,0.883536436972898,0.8845690608585849,0.9774932272379833,0.9039438871911377,0.9210228952203227,0.970947047740161,0.9278325964391114,0.9070699842693678,0.9579596187717433,1.0,0.9358357776968027],[0.9623481727869354,0.9575774417317897,0.9065434137285927,0.9500811357451864,0.8654283982640568,0.964931175672447,0.9222309763827022,0.9716826358702716,0.9414640632077919,0.9490966827471792,0.9471229083404761,0.9510392513736303,0.7785988644369648,0.934553181714915,0.9477500637394067,0.9681889116897159,0.9678133452953042,0.9724290625220758,0.8988335730591374,0.8858521553681095,0.6394786434730418,0.9291570880098439,0.8795802684778186,0.3201745263765957,-0.2827675297156318,0.9123103917925918,0.8297149258601638,0.9114794598126211,0.9613011322280277,0.9631189948435647,0.9523712027936829,0.9607052038523093,0.9429140475043107,0.9503710206334322,0.9358357776968027,1.0]],"x":["^TAIEX       \u81fa\u7063\u52a0\u6b0a\u5831\u916c\u6307\u6578","^TWII        \u81fa\u7063\u52a0\u6b0a\u6307\u6578","^TAIEXx2     \u81fa\u7063\u52a0\u6b0a\u5831\u916c\u6307\u6578_\u65e5\u6b632","^TAI50I      \u81fa\u706350\u5831\u916c\u6307\u6578","^TAI50Ix2    \u81fa\u706350\u5831\u916c\u6307\u6578_\u65e5\u6b632","^TAI100I     \u81fa\u7063\u4e2d\u578b100\u5831\u916c\u6307\u6578","^TAI100Ix2   \u81fa\u7063\u4e2d\u578b100\u5831\u916c\u6307\u6578_\u65e5\u6b632","^TAIDIVIDI   \u81fa\u7063\u9ad8\u80a1\u606f\u5831\u916c\u6307\u6578","^TAIDIVIDIx2 \u81fa\u7063\u9ad8\u80a1\u606f\u5831\u916c\u6307\u6578_\u65e5\u6b632","0050Fund     \u5143\u5927\u53f0\u7063\u5353\u8d8a50\u57fa\u91d1","006208Fund   \u5bcc\u90a6\u53f0\u7063\u91c6\u540950\u57fa\u91d1","0050         \u5143\u5927\u81fa\u706350","00631L       \u5143\u5927\u53f0\u706350\u6b632","00675L       \u5bcc\u90a6\u81fa\u7063\u52a0\u6b0a\u6b632","006208       \u5bcc\u90a6\u53f050","0051         \u5143\u5927\u4e2d\u578b100","006204       \u6c38\u8c50\u81fa\u7063\u52a0\u6b0a","0056         \u5143\u5927\u9ad8\u80a1\u606f","0056         \u5143\u5927\u9ad8\u80a1\u606f_\u80a1\u606f\u4e0d\u6295\u5165","2412         \u4e2d\u83ef\u96fb\u4fe1","2002         \u4e2d\u92fc","2330         \u53f0\u7a4d\u96fb","2317         \u9d3b\u6d77","6505         \u53f0\u5851\u77f3\u5316","3481         \u7fa4\u5275","2303         \u806f\u96fb","2308         \u53f0\u9054\u96fb","2454         \u806f\u767c\u79d1","2886         \u5146\u8c50\u91d1","2884         \u7389\u5c71\u91d1","2891         \u4e2d\u4fe1\u91d1","2892         \u7b2c\u4e00\u91d1","5880         \u5408\u5eab\u91d1","2881         \u5bcc\u90a6\u91d1","2885         \u5143\u5927\u91d1","2887         \u53f0\u65b0\u91d1"],"y":["^TAIEX       \u81fa\u7063\u52a0\u6b0a\u5831\u916c\u6307\u6578","^TWII        \u81fa\u7063\u52a0\u6b0a\u6307\u6578","^TAIEXx2     \u81fa\u7063\u52a0\u6b0a\u5831\u916c\u6307\u6578_\u65e5\u6b632","^TAI50I      \u81fa\u706350\u5831\u916c\u6307\u6578","^TAI50Ix2    \u81fa\u706350\u5831\u916c\u6307\u6578_\u65e5\u6b632","^TAI100I     \u81fa\u7063\u4e2d\u578b100\u5831\u916c\u6307\u6578","^TAI100Ix2   \u81fa\u7063\u4e2d\u578b100\u5831\u916c\u6307\u6578_\u65e5\u6b632","^TAIDIVIDI   \u81fa\u7063\u9ad8\u80a1\u606f\u5831\u916c\u6307\u6578","^TAIDIVIDIx2 \u81fa\u7063\u9ad8\u80a1\u606f\u5831\u916c\u6307\u6578_\u65e5\u6b632","0050Fund     \u5143\u5927\u53f0\u7063\u5353\u8d8a50\u57fa\u91d1","006208Fund   \u5bcc\u90a6\u53f0\u7063\u91c6\u540950\u57fa\u91d1","0050         \u5143\u5927\u81fa\u706350","00631L       \u5143\u5927\u53f0\u706350\u6b632","00675L       \u5bcc\u90a6\u81fa\u7063\u52a0\u6b0a\u6b632","006208       \u5bcc\u90a6\u53f050","0051         \u5143\u5927\u4e2d\u578b100","006204       \u6c38\u8c50\u81fa\u7063\u52a0\u6b0a","0056         \u5143\u5927\u9ad8\u80a1\u606f","0056         \u5143\u5927\u9ad8\u80a1\u606f_\u80a1\u606f\u4e0d\u6295\u5165","2412         \u4e2d\u83ef\u96fb\u4fe1","2002         \u4e2d\u92fc","2330         \u53f0\u7a4d\u96fb","2317         \u9d3b\u6d77","6505         \u53f0\u5851\u77f3\u5316","3481         \u7fa4\u5275","2303         \u806f\u96fb","2308         \u53f0\u9054\u96fb","2454         \u806f\u767c\u79d1","2886         \u5146\u8c50\u91d1","2884         \u7389\u5c71\u91d1","2891         \u4e2d\u4fe1\u91d1","2892         \u7b2c\u4e00\u91d1","5880         \u5408\u5eab\u91d1","2881         \u5bcc\u90a6\u91d1","2885         \u5143\u5927\u91d1","2887         \u53f0\u65b0\u91d1"],"zmin":-1,"zmax":1,"colorbar":{"x":-0.2}}],"layout":{"autotypenumbers":"strict","colorway":["#636efa","#EF553B","#00cc96","#ab63fa","#FFA15A","#19d3f3","#FF6692","#B6E880","#FF97FF","#FECB52"],"font":{"color":"#f2f5fa","family":"Courier New"},"hovermode":"closest","hoverlabel":{"align":"left"},"paper_bgcolor":"rgb(17,17,17)","plot_bgcolor":"rgb(17,17,17)","polar":{"bgcolor":"rgb(17,17,17)","angularaxis":{"gridcolor":"#506784","linecolor":"#506784","ticks":""},"radialaxis":{"gridcolor":"#506784","linecolor":"#506784","ticks":""}},"ternary":{"bgcolor":"rgb(17,17,17)","aaxis":{"gridcolor":"#506784","linecolor":"#506784","ticks":""},"baxis":{"gridcolor":"#506784","linecolor":"#506784","ticks":""},"caxis":{"gridcolor":"#506784","linecolor":"#506784","ticks":""}},"coloraxis":{"colorbar":{"outlinewidth":0,"ticks":""}},"colorscale":{"sequential":[[0.0,"#0d0887"],[0.1111111111111111,"#46039f"],[0.2222222222222222,"#7201a8"],[0.3333333333333333,"#9c179e"],[0.4444444444444444,"#bd3786"],[0.5555555555555556,"#d8576b"],[0.6666666666666666,"#ed7953"],[0.7777777777777778,"#fb9f3a"],[0.8888888888888888,"#fdca26"],[1.0,"#f0f921"]],"sequentialminus":[[0.0,"#0d0887"],[0.1111111111111111,"#46039f"],[0.2222222222222222,"#7201a8"],[0.3333333333333333,"#9c179e"],[0.4444444444444444,"#bd3786"],[0.5555555555555556,"#d8576b"],[0.6666666666666666,"#ed7953"],[0.7777777777777778,"#fb9f3a"],[0.8888888888888888,"#fdca26"],[1.0,"#f0f921"]],"diverging":[[0,"#8e0152"],[0.1,"#c51b7d"],[0.2,"#de77ae"],[0.3,"#f1b6da"],[0.4,"#fde0ef"],[0.5,"#f7f7f7"],[0.6,"#e6f5d0"],[0.7,"#b8e186"],[0.8,"#7fbc41"],[0.9,"#4d9221"],[1,"#276419"]]},"xaxis":{"gridcolor":"rgba(0, 0, 0, 0)","linecolor":"#506784","ticks":"","title":{"standoff":15},"zerolinecolor":"#283442","automargin":true,"zerolinewidth":2,"tickfont":{"family":"Courier New","size":14},"side":"top","tickangle":-90},"yaxis":{"gridcolor":"rgba(0, 0, 0, 0)","linecolor":"#506784","ticks":"","title":{"standoff":15},"zerolinecolor":"#283442","automargin":true,"zerolinewidth":2,"tickfont":{"family":"Courier New"},"side":"right"},"scene":{"xaxis":{"backgroundcolor":"rgb(17,17,17)","gridcolor":"#506784","linecolor":"#506784","showbackground":true,"ticks":"","zerolinecolor":"#C8D4E3","gridwidth":2},"yaxis":{"backgroundcolor":"rgb(17,17,17)","gridcolor":"#506784","linecolor":"#506784","showbackground":true,"ticks":"","zerolinecolor":"#C8D4E3","gridwidth":2},"zaxis":{"backgroundcolor":"rgb(17,17,17)","gridcolor":"#506784","linecolor":"#506784","showbackground":true,"ticks":"","zerolinecolor":"#C8D4E3","gridwidth":2}},"shapedefaults":{"line":{"color":"#f2f5fa"}},"annotationdefaults":{"arrowcolor":"#f2f5fa","arrowhead":0,"arrowwidth":1},"geo":{"bgcolor":"rgb(17,17,17)","landcolor":"rgb(17,17,17)","subunitcolor":"#506784","showland":true,"showlakes":true,"lakecolor":"rgb(17,17,17)"},"title":{"x":0.05,"font":{"family":"Times New Roman"},"y":0.05,"text":"<b>Correlation of Adj Close<b><br><i>2016-09-23 ~ 2026-04-27<i>"},"updatemenudefaults":{"bgcolor":"#506784","borderwidth":0},"sliderdefaults":{"bgcolor":"#C8D4E3","borderwidth":1,"bordercolor":"rgb(17,17,17)","tickwidth":0},"mapbox":{"style":"dark"},"annotations":[{"text":"<b>@zwindr<b>","textangle":0,"opacity":0.5,"font":{"color":"white","size":12},"xref":"paper","yref":"paper","xanchor":"left","yanchor":"bottom","x":1.0,"y":1.0,"showarrow":false}]},"config":{"responsive":true,"toImageButtonOptions":{"filename":"Correlation of Adj Close_2016-09-23~2026-04-27","scale":5}}};Plotly.newPlot("correlationAdjClose",correlationAdjClose.data,correlationAdjClose.layout||{},correlationAdjClose.config);}else{console.log("style display is none => correlationAdjClose");}