var element=document.getElementById("correlationAdjClose");if(element.style.display!='none'){var correlationAdjClose={"data":[{"type":"heatmap","z":[[1.0,0.9966616534620087,0.9471469713938563,0.9965268722598091,0.9153828700548257,0.9894717086013997,0.9630050503865171,0.9814049334789339,0.9806923072668297,0.9966361111891183,0.9967579493885624,0.9968675229812591,0.8866920950338796,0.9802446207581816,0.9968404412064266,0.9899697079456645,0.9997935864587428,0.9813110066534035,0.9057348616700392,0.8797356235853581,0.5698541429335313,0.9873274534633516,0.9463720753040059,0.25850398797316293,-0.14841847504612143,0.9185599793613303,0.8981733687673528,0.9419922474596308,0.9321396915802278,0.9329717807854698,0.9851087318321942,0.9326793118527199,0.884229414339441,0.9729261170067355,0.9842154693225761,0.9637883800796134],[0.9966616534620087,1.0,0.9531084344981939,0.9945988422684002,0.9222421488760127,0.9859539368502382,0.9652948488449901,0.9721708224019814,0.9784375520879572,0.9955371168671132,0.9969899492909532,0.9965834913419953,0.8967305939997834,0.9843733099232833,0.9970500687018309,0.9858034404403082,0.998032658447731,0.9741328683664404,0.9159219410121183,0.8650377701985393,0.5921425159777449,0.9795277550368197,0.9288996095037048,0.24994854338815367,-0.08486843973803194,0.9084057905312164,0.9033745403782066,0.9469066363689527,0.9121088434968558,0.9175863556925161,0.9786917347747641,0.9146059977415273,0.8786743031177771,0.963299787064002,0.9796677620767427,0.9582036024076982],[0.9471469713938563,0.9531084344981939,1.0,0.9660002089831109,0.9951968174629667,0.9369719050025326,0.9829511647313164,0.8941925651889819,0.9583256072272407,0.9662810519322556,0.9741685253565766,0.9705757662683496,0.9194507903252682,0.9975923825913167,0.9739181288042376,0.9346768749867591,0.9583283152832031,0.8953035766792631,0.8193032801258927,0.7076124707990941,0.3653342572501263,0.9700014396798808,0.8793847503794894,0.08335844907562873,-0.018104773235479096,0.9099198548785066,0.9716367498364333,0.9742051089917316,0.7771964169171037,0.7881164135886876,0.9311308241530243,0.7824350175396915,0.7235481213569119,0.880852953285688,0.9539861035594909,0.8829851131129375],[0.9965268722598091,0.9945988422684002,0.9660002089831109,1.0,0.9406183189283496,0.9813664142115541,0.9689223566215592,0.9666734320653038,0.9782704619935125,0.9999835125329358,0.9999955059075111,0.9999758879004085,0.8975906998372707,0.9868426924916605,0.9999706426897217,0.9797913473067883,0.9962403751443696,0.9664212301135673,0.8839077128884203,0.8482222128112091,0.5188107566736991,0.9958148740673939,0.9426324174342839,0.21879020707697178,-0.12555792610152933,0.9158967349703554,0.9228988623118116,0.9525810590707007,0.9044475937245016,0.912001700791617,0.9835392576803519,0.9060100277663099,0.8524202463447422,0.9605492612330458,0.9835851932564077,0.9506862894703672],[0.9153828700548257,0.9222421488760127,0.9951968174629667,0.9406183189283496,1.0,0.9001207588407477,0.963689374395546,0.8509888251715186,0.9295173851097333,0.9415054813974165,0.9543893669085639,0.9487060848357574,0.9139071832988261,0.9882001716993263,0.9539227242343937,0.897833272996684,0.9305899152181223,0.8522380789967953,0.7728537978375957,0.6528084796550377,0.30532986453710764,0.9487017321009519,0.8456186652124112,0.05075969378996313,0.0066527988134336856,0.8797283772583541,0.9791203801478437,0.9602558844314479,0.7191440323636852,0.7360095955567323,0.8996868074275706,0.7260999821853737,0.6604349639983715,0.8373123929070474,0.9240857553519729,0.8404989152840487],[0.9894717086013997,0.9859539368502382,0.9369719050025326,0.9813664142115541,0.9001207588407477,1.0,0.9722050019046579,0.9821003762447506,0.9828807077023636,0.9810171704027921,0.9765129019512734,0.9791902635744079,0.8638858776818037,0.9506842618697359,0.976558205273881,0.9999318933033879,0.9907044193149876,0.9830072275749253,0.9128169640618271,0.8553316191783683,0.5419176333475685,0.9745493475781777,0.9308252736027458,0.15763987572107457,-0.1003764155638369,0.9354997356137399,0.8745287089464594,0.9363245683193978,0.9270182582991969,0.9173285869578384,0.9722056068440029,0.928322067119077,0.901886878443406,0.9631602397307385,0.984842043951946,0.9670092193945069],[0.9630050503865171,0.9652948488449901,0.9829511647313164,0.9689223566215592,0.963689374395546,0.9722050019046579,1.0,0.9326958781080686,0.9834682385133898,0.9683418207150079,0.9771954519993817,0.9735103522395399,0.9066328617316287,0.9865404371703584,0.9769143725032338,0.9732448737353633,0.976651963789132,0.9355965337830263,0.861134283299038,0.7440927292577204,0.39222444063209977,0.9693158551380651,0.9058253855905865,0.02967607167518761,-0.011290495026427162,0.926309983004628,0.9347783260464917,0.9696673922157468,0.825479281233802,0.8182643237696735,0.946273023932754,0.8285355577974605,0.7948749398719916,0.9093093277753732,0.9759153129103457,0.9148115831681444],[0.9814049334789339,0.9721708224019814,0.8941925651889819,0.9666734320653038,0.8509888251715186,0.9821003762447506,0.9326958781080686,1.0,0.9737694090927971,0.9665900073348064,0.9628216745146425,0.9657082749409265,0.8283583919059645,0.9248565076745875,0.9630176077593247,0.9838301666559774,0.9793457589296736,0.9999008945045198,0.9418312751302487,0.9231703112078646,0.533135729169201,0.9551168414901658,0.9259453959748807,0.13199249300086707,-0.19309660144072652,0.9112458367987942,0.8126462272499758,0.9007277944035595,0.9642654276182577,0.9510344181580033,0.9716283675496992,0.9567608722388145,0.9150092330980772,0.9716487349320321,0.9596940958434514,0.9745442699878374],[0.9806923072668297,0.9784375520879572,0.9583256072272407,0.9782704619935125,0.9295173851097333,0.9828807077023636,0.9834682385133898,0.9737694090927971,1.0,0.9779877919117588,0.9751253277322983,0.9770735472891039,0.8802620737390653,0.9644234934509613,0.9750618916000542,0.9821514568346189,0.9799634453941394,0.9743073949786735,0.910431520769932,0.8313339291165831,0.4106728176753461,0.9722788443339968,0.9296500899218588,-0.003397503512305049,-0.08143430270703143,0.9276229031249243,0.8845243927109309,0.9613463476567656,0.8878123499186127,0.8728783352053091,0.969792902200978,0.8828275404928566,0.8364661986571575,0.9475405597368738,0.982201873849843,0.9406366345928281],[0.9966361111891183,0.9955371168671132,0.9662810519322556,0.9999835125329358,0.9415054813974165,0.9810171704027921,0.9683418207150079,0.9665900073348064,0.9779877919117588,1.0,0.99999530930285,0.9999854813266625,0.8996718203492592,0.9870728368077403,0.9999717004561561,0.979610310291647,0.9961460699889204,0.9663564583852498,0.8857344892367599,0.8481662551220753,0.5081133019850729,0.9960062206929575,0.9433082457648728,0.2204419810011347,-0.11940217512163087,0.917082025005821,0.9228856371696633,0.9519810924886342,0.9021619177450433,0.9091832981163169,0.9830485068375214,0.9036330560337033,0.8488135731539328,0.9593114555850266,0.9833671838088232,0.9498673911618787],[0.9967579493885624,0.9969899492909532,0.9741685253565766,0.9999955059075111,0.9543893669085639,0.9765129019512734,0.9771954519993817,0.9628216745146425,0.9751253277322983,0.99999530930285,1.0,0.9999804050650014,0.899699150542795,0.9869188380581535,0.999973362049771,0.9761842756820515,0.9960746942489412,0.9637053065350315,0.9027147099455929,0.8785696090074778,0.3316094714553945,0.9977921578293765,0.9345628466892434,-0.22813216484233648,0.6787342288013504,0.9146996591508523,0.9188089429863855,0.9537601768137149,0.88139524874294,0.8856345513515672,0.978872098409604,0.8748017405668685,0.7991717854747857,0.949513908021384,0.9880630935553668,0.9488997621328346],[0.9968675229812591,0.9965834913419953,0.9705757662683496,0.9999758879004085,0.9487060848357574,0.9791902635744079,0.9735103522395399,0.9657082749409265,0.9770735472891039,0.9999854813266625,0.9999804050650014,1.0,0.901233830605194,0.9871967236172281,0.9999800815539653,0.9790408692861183,0.9960787907083272,0.96633170151666,0.8942154379510427,0.8652482688347483,0.4153818094030234,0.9972861185729767,0.9421578671547797,-0.04094009198312763,0.14372589572373062,0.9240246418382065,0.9202394677715644,0.950132387265219,0.8896071182884021,0.8941358657230227,0.9807814452915475,0.8889051257733311,0.8295014125483866,0.9552283650325127,0.9838763121345219,0.9503488790400836],[0.8866920950338796,0.8967305939997834,0.9194507903252682,0.8975906998372707,0.9139071832988261,0.8638858776818037,0.9066328617316287,0.8283583919059645,0.8802620737390653,0.8996718203492592,0.899699150542795,0.901233830605194,1.0,0.99989706148999,0.9008649925605324,0.8663334747823891,0.8886318581995062,0.8336072559870297,0.7756560455309037,0.7005719580115892,0.1502826423596966,0.8954269905487701,0.8221695591846616,-0.4618770160567575,0.7224043195571689,0.8287749420235134,0.8946143168103491,0.9036675377147632,0.7029745840140197,0.7042775365878261,0.8655889570529958,0.6953759935333481,0.596905265389307,0.8231710309992485,0.8871447941823828,0.8344528199757877],[0.9802446207581816,0.9843733099232833,0.9975923825913167,0.9868426924916605,0.9882001716993263,0.9506842618697359,0.9865404371703584,0.9248565076745875,0.9644234934509613,0.9870728368077403,0.9869188380581535,0.9871967236172281,0.99989706148999,1.0,0.9870149570117748,0.9500911772795962,0.978556590800522,0.9278181224521304,0.8644884224033575,0.831977485608477,0.04861464323119642,0.9779468171708068,0.8854021389356695,-0.626798807969363,0.7644005406936254,0.8999678047962322,0.9602979557499997,0.9712923112663591,0.7856909518021774,0.8004076536138751,0.9465792592424538,0.7976277601391801,0.6597392970416128,0.8960597997951372,0.9691836385934329,0.9254485952110141],[0.9968404412064266,0.9970500687018309,0.9739181288042376,0.9999706426897217,0.9539227242343937,0.976558205273881,0.9769143725032338,0.9630176077593247,0.9750618916000542,0.9999717004561561,0.999973362049771,0.9999800815539653,0.9008649925605324,0.9870149570117748,1.0,0.9764320649118151,0.9961705884819615,0.9642692752234606,0.9042410908204606,0.8788192846488602,0.33142643424840545,0.9976820223890825,0.9345118175310626,-0.2255924159357856,0.6810218103420277,0.9153726799011798,0.9187012006763572,0.9537047961422632,0.881790785143948,0.8859945990597935,0.9790011023702121,0.8753941973852475,0.7995345020126003,0.9498865855547524,0.9881892144374089,0.9497066529585192],[0.9899697079456645,0.9858034404403082,0.9346768749867591,0.9797913473067883,0.897833272996684,0.9999318933033879,0.9732448737353633,0.9838301666559774,0.9821514568346189,0.979610310291647,0.9761842756820515,0.9790408692861183,0.8663334747823891,0.9500911772795962,0.9764320649118151,1.0,0.9906656689071549,0.9835882929900928,0.916516914308045,0.8787199206162662,0.5064049172503942,0.9730484096614058,0.9284706438148516,0.005084453069708258,0.012872472478314377,0.9396177111682378,0.8678664199199881,0.932548502840815,0.928030785654273,0.9134303850273796,0.9705514216878767,0.9279384577958466,0.8953614073368524,0.9655057203433302,0.9839944205412877,0.9694849131202599],[0.9997935864587428,0.998032658447731,0.9583283152832031,0.9962403751443696,0.9305899152181223,0.9907044193149876,0.976651963789132,0.9793457589296736,0.9799634453941394,0.9961460699889204,0.9960746942489412,0.9960787907083272,0.8886318581995062,0.978556590800522,0.9961705884819615,0.9906656689071549,1.0,0.9801508159919307,0.9257247776725601,0.9026028141455981,0.40529639309238824,0.9916067030856438,0.9364451899791798,-0.17772749847307753,0.6640567120381295,0.9291014749972488,0.8943590296859815,0.946011252276176,0.9148823863542928,0.9101329924254157,0.9808617590816678,0.9080374427630452,0.8486684994735413,0.9647991613718836,0.9919883404613983,0.9677973534812189],[0.9813110066534035,0.9741328683664404,0.8953035766792631,0.9664212301135673,0.8522380789967953,0.9830072275749253,0.9355965337830263,0.9999008945045198,0.9743073949786735,0.9663564583852498,0.9637053065350315,0.96633170151666,0.8336072559870297,0.9278181224521304,0.9642692752234606,0.9835882929900928,0.9801508159919307,1.0,0.9448170090688595,0.9280553271594282,0.5242318589741972,0.95451679092172,0.9291335540375949,0.09246028217428559,-0.0894009986356871,0.9157211730222435,0.8123754476388286,0.9022183665189368,0.9631445346470531,0.9491500947377527,0.9707737577585949,0.9543081913280733,0.9118795689077713,0.9711235184924535,0.9590384800327408,0.9750766134551627],[0.9057348616700392,0.9159219410121183,0.8193032801258927,0.8839077128884203,0.7728537978375957,0.9128169640618271,0.861134283299038,0.9418312751302487,0.910431520769932,0.8857344892367599,0.9027147099455929,0.8942154379510427,0.7756560455309037,0.8644884224033575,0.9042410908204606,0.916516914308045,0.9257247776725601,0.9448170090688595,1.0,0.8439583801169355,0.6064824155018155,0.8621870216824805,0.8458738642297545,0.17658126674052713,0.001310588887668296,0.8757107749801887,0.7243415229322944,0.8398516241913887,0.8970619376911064,0.87135018944615,0.8797243835671412,0.8816040464266172,0.8533412325158914,0.8854551345691216,0.8881746159123864,0.914167225170331],[0.8797356235853581,0.8650377701985393,0.7076124707990941,0.8482222128112091,0.6528084796550377,0.8553316191783683,0.7440927292577204,0.9231703112078646,0.8313339291165831,0.8481662551220753,0.8785696090074778,0.8652482688347483,0.7005719580115892,0.831977485608477,0.8788192846488602,0.8787199206162662,0.9026028141455981,0.9280553271594282,0.8439583801169355,1.0,0.8012536398899078,0.8029623815272737,0.8666108151888271,0.5836503411738865,-0.4430021300673748,0.6961154168179273,0.6616487742718925,0.7215087284003412,0.963378474339693,0.9434745430582665,0.8707259557573325,0.9522990293801762,0.9103063367627573,0.8972502848384365,0.8181069865213376,0.8750394187276878],[0.5698541429335313,0.5921425159777449,0.3653342572501263,0.5188107566736991,0.30532986453710764,0.5419176333475685,0.39222444063209977,0.533135729169201,0.4106728176753461,0.5081133019850729,0.3316094714553945,0.4153818094030234,0.1502826423596966,0.04861464323119642,0.33142643424840545,0.5064049172503942,0.40529639309238824,0.5242318589741972,0.6064824155018155,0.8012536398899078,1.0,0.47059981877717133,0.6246140737383278,0.7209784373287002,-0.11465853453329665,0.4376640576281067,0.36041638249972613,0.4344155311087204,0.744570181688669,0.6665286764838892,0.525214468139263,0.6996850864664458,0.736669848868296,0.5994783671209432,0.5232955863764065,0.5962739934178392],[0.9873274534633516,0.9795277550368197,0.9700014396798808,0.9958148740673939,0.9487017321009519,0.9745493475781777,0.9693158551380651,0.9551168414901658,0.9722788443339968,0.9960062206929575,0.9977921578293765,0.9972861185729767,0.8954269905487701,0.9779468171708068,0.9976820223890825,0.9730484096614058,0.9916067030856438,0.95451679092172,0.8621870216824805,0.8029623815272737,0.47059981877717133,1.0,0.9225623798949947,0.16006983714009507,-0.10937029291853802,0.9006498414698955,0.9318387250638892,0.9498300511571114,0.8720517785330432,0.8916016843614736,0.9767983202816002,0.882148273349948,0.8245902548883469,0.948238688650531,0.9737838005442523,0.9349505314881629],[0.9463720753040059,0.9288996095037048,0.8793847503794894,0.9426324174342839,0.8456186652124112,0.9308252736027458,0.9058253855905865,0.9259453959748807,0.9296500899218588,0.9433082457648728,0.9345628466892434,0.9421578671547797,0.8221695591846616,0.8854021389356695,0.9345118175310626,0.9284706438148516,0.9364451899791798,0.9291335540375949,0.8458738642297545,0.8666108151888271,0.6246140737383278,0.9225623798949947,1.0,0.22718195674303057,-0.08903637878066452,0.7731670325219473,0.8285021998810062,0.8688677127625818,0.9002495675692328,0.8756136431750413,0.9494903751020624,0.882303634558536,0.8402258797341922,0.9457872690771322,0.9078766940556122,0.8928160169091589],[0.25850398797316293,0.24994854338815367,0.08335844907562873,0.21879020707697178,0.05075969378996313,0.15763987572107457,0.02967607167518761,0.13199249300086707,-0.003397503512305049,0.2204419810011347,-0.22813216484233648,-0.04094009198312763,-0.4618770160567575,-0.626798807969363,-0.2255924159357856,0.005084453069708258,-0.17772749847307753,0.09246028217428559,0.17658126674052713,0.5836503411738865,0.7209784373287002,0.16006983714009507,0.22718195674303057,1.0,-0.38033918946316,0.17495693229095882,0.08995443187341799,0.0861271735981757,0.4146343947646355,0.40007727818938693,0.21311959504483402,0.424680338103055,0.37054183507834654,0.2632981676747101,0.16485067267753667,0.28529892180590705],[-0.14841847504612143,-0.08486843973803194,-0.018104773235479096,-0.12555792610152933,0.0066527988134336856,-0.1003764155638369,-0.011290495026427162,-0.19309660144072652,-0.08143430270703143,-0.11940217512163087,0.6787342288013504,0.14372589572373062,0.7224043195571689,0.7644005406936254,0.6810218103420277,0.012872472478314377,0.6640567120381295,-0.0894009986356871,0.001310588887668296,-0.4430021300673748,-0.11465853453329665,-0.10937029291853802,-0.08903637878066452,-0.38033918946316,1.0,-0.009038051288588278,-0.01382939070416594,0.003404644697773947,-0.31231925772996527,-0.2968635183728159,-0.16499116832854216,-0.2703752403081782,-0.16507882790843623,-0.22379559805620536,-0.04569099691536957,-0.18452639549861172],[0.9185599793613303,0.9084057905312164,0.9099198548785066,0.9158967349703554,0.8797283772583541,0.9354997356137399,0.926309983004628,0.9112458367987942,0.9276229031249243,0.917082025005821,0.9146996591508523,0.9240246418382065,0.8287749420235134,0.8999678047962322,0.9153726799011798,0.9396177111682378,0.9291014749972488,0.9157211730222435,0.8757107749801887,0.6961154168179273,0.4376640576281067,0.9006498414698955,0.7731670325219473,0.17495693229095882,-0.009038051288588278,1.0,0.8344898510142641,0.930794412948093,0.7855129649940966,0.823934711463532,0.8726306020606764,0.8278151454991902,0.7932540996734707,0.8699522443089038,0.907944168130723,0.9066450784140582],[0.8981733687673528,0.9033745403782066,0.9716367498364333,0.9228988623118116,0.9791203801478437,0.8745287089464594,0.9347783260464917,0.8126462272499758,0.8845243927109309,0.9228856371696633,0.9188089429863855,0.9202394677715644,0.8946143168103491,0.9602979557499997,0.9187012006763572,0.8678664199199881,0.8943590296859815,0.8123754476388286,0.7243415229322944,0.6616487742718925,0.36041638249972613,0.9318387250638892,0.8285021998810062,0.08995443187341799,-0.01382939070416594,0.8344898510142641,1.0,0.9255914795879762,0.7089352309932325,0.7230927724095523,0.8765290091023953,0.7114257583643169,0.6488043550398689,0.8140089803293145,0.8968758394944981,0.8203878441452122],[0.9419922474596308,0.9469066363689527,0.9742051089917316,0.9525810590707007,0.9602558844314479,0.9363245683193978,0.9696673922157468,0.9007277944035595,0.9613463476567656,0.9519810924886342,0.9537601768137149,0.950132387265219,0.9036675377147632,0.9712923112663591,0.9537047961422632,0.932548502840815,0.946011252276176,0.9022183665189368,0.8398516241913887,0.7215087284003412,0.4344155311087204,0.9498300511571114,0.8688677127625818,0.0861271735981757,0.003404644697773947,0.930794412948093,0.9255914795879762,1.0,0.7989209688462124,0.799134784582913,0.9224385722116754,0.7939492144386394,0.7528064407145058,0.892450372306399,0.9563148195832004,0.8776355474210272],[0.9321396915802278,0.9121088434968558,0.7771964169171037,0.9044475937245016,0.7191440323636852,0.9270182582991969,0.825479281233802,0.9642654276182577,0.8878123499186127,0.9021619177450433,0.88139524874294,0.8896071182884021,0.7029745840140197,0.7856909518021774,0.881790785143948,0.928030785654273,0.9148823863542928,0.9631445346470531,0.8970619376911064,0.963378474339693,0.744570181688669,0.8720517785330432,0.9002495675692328,0.4146343947646355,-0.31231925772996527,0.7855129649940966,0.7089352309932325,0.7989209688462124,1.0,0.9874996516844887,0.9290404041452558,0.9916617987806953,0.9571323802428352,0.9533987065939543,0.8783144400196432,0.9489036534449815],[0.9329717807854698,0.9175863556925161,0.7881164135886876,0.912001700791617,0.7360095955567323,0.9173285869578384,0.8182643237696735,0.9510344181580033,0.8728783352053091,0.9091832981163169,0.8856345513515672,0.8941358657230227,0.7042775365878261,0.8004076536138751,0.8859945990597935,0.9134303850273796,0.9101329924254157,0.9491500947377527,0.87135018944615,0.9434745430582665,0.6665286764838892,0.8916016843614736,0.8756136431750413,0.40007727818938693,-0.2968635183728159,0.823934711463532,0.7230927724095523,0.799134784582913,0.9874996516844887,1.0,0.9306417521307359,0.9864855344910021,0.9570349243257948,0.9426055497756481,0.8961387171246559,0.9517978943854459],[0.9851087318321942,0.9786917347747641,0.9311308241530243,0.9835392576803519,0.8996868074275706,0.9722056068440029,0.946273023932754,0.9716283675496992,0.969792902200978,0.9830485068375214,0.978872098409604,0.9807814452915475,0.8655889570529958,0.9465792592424538,0.9790011023702121,0.9705514216878767,0.9808617590816678,0.9707737577585949,0.8797243835671412,0.8707259557573325,0.525214468139263,0.9767983202816002,0.9494903751020624,0.21311959504483402,-0.16499116832854216,0.8726306020606764,0.8765290091023953,0.9224385722116754,0.9290404041452558,0.9306417521307359,1.0,0.926537404238765,0.8718754519255629,0.9759688285534845,0.9749322699129163,0.9591377054049399],[0.9326793118527199,0.9146059977415273,0.7824350175396915,0.9060100277663099,0.7260999821853737,0.928322067119077,0.8285355577974605,0.9567608722388145,0.8828275404928566,0.9036330560337033,0.8748017405668685,0.8889051257733311,0.6953759935333481,0.7976277601391801,0.8753941973852475,0.9279384577958466,0.9080374427630452,0.9543081913280733,0.8816040464266172,0.9522990293801762,0.6996850864664458,0.882148273349948,0.882303634558536,0.424680338103055,-0.2703752403081782,0.8278151454991902,0.7114257583643169,0.7939492144386394,0.9916617987806953,0.9864855344910021,0.926537404238765,1.0,0.9739869152496606,0.9457002074222836,0.9003628331225352,0.9492282275543273],[0.884229414339441,0.8786743031177771,0.7235481213569119,0.8524202463447422,0.6604349639983715,0.901886878443406,0.7948749398719916,0.9150092330980772,0.8364661986571575,0.8488135731539328,0.7991717854747857,0.8295014125483866,0.596905265389307,0.6597392970416128,0.7995345020126003,0.8953614073368524,0.8486684994735413,0.9118795689077713,0.8533412325158914,0.9103063367627573,0.736669848868296,0.8245902548883469,0.8402258797341922,0.37054183507834654,-0.16507882790843623,0.7932540996734707,0.6488043550398689,0.7528064407145058,0.9571323802428352,0.9570349243257948,0.8718754519255629,0.9739869152496606,1.0,0.8976312979121974,0.8658435501438171,0.9215234105773361],[0.9729261170067355,0.963299787064002,0.880852953285688,0.9605492612330458,0.8373123929070474,0.9631602397307385,0.9093093277753732,0.9716487349320321,0.9475405597368738,0.9593114555850266,0.949513908021384,0.9552283650325127,0.8231710309992485,0.8960597997951372,0.9498865855547524,0.9655057203433302,0.9647991613718836,0.9711235184924535,0.8854551345691216,0.8972502848384365,0.5994783671209432,0.948238688650531,0.9457872690771322,0.2632981676747101,-0.22379559805620536,0.8699522443089038,0.8140089803293145,0.892450372306399,0.9533987065939543,0.9426055497756481,0.9759688285534845,0.9457002074222836,0.8976312979121974,1.0,0.9548234155191831,0.9562734391367226],[0.9842154693225761,0.9796677620767427,0.9539861035594909,0.9835851932564077,0.9240857553519729,0.984842043951946,0.9759153129103457,0.9596940958434514,0.982201873849843,0.9833671838088232,0.9880630935553668,0.9838763121345219,0.8871447941823828,0.9691836385934329,0.9881892144374089,0.9839944205412877,0.9919883404613983,0.9590384800327408,0.8881746159123864,0.8181069865213376,0.5232955863764065,0.9737838005442523,0.9078766940556122,0.16485067267753667,-0.04569099691536957,0.907944168130723,0.8968758394944981,0.9563148195832004,0.8783144400196432,0.8961387171246559,0.9749322699129163,0.9003628331225352,0.8658435501438171,0.9548234155191831,1.0,0.9422640172149119],[0.9637883800796134,0.9582036024076982,0.8829851131129375,0.9506862894703672,0.8404989152840487,0.9670092193945069,0.9148115831681444,0.9745442699878374,0.9406366345928281,0.9498673911618787,0.9488997621328346,0.9503488790400836,0.8344528199757877,0.9254485952110141,0.9497066529585192,0.9694849131202599,0.9677973534812189,0.9750766134551627,0.914167225170331,0.8750394187276878,0.5962739934178392,0.9349505314881629,0.8928160169091589,0.28529892180590705,-0.18452639549861172,0.9066450784140582,0.8203878441452122,0.8776355474210272,0.9489036534449815,0.9517978943854459,0.9591377054049399,0.9492282275543273,0.9215234105773361,0.9562734391367226,0.9422640172149119,1.0]],"x":["^TAIEX       \u81fa\u7063\u52a0\u6b0a\u5831\u916c\u6307\u6578","^TWII        \u81fa\u7063\u52a0\u6b0a\u6307\u6578","^TAIEXx2     \u81fa\u7063\u52a0\u6b0a\u5831\u916c\u6307\u6578_\u65e5\u6b632","^TAI50I      \u81fa\u706350\u5831\u916c\u6307\u6578","^TAI50Ix2    \u81fa\u706350\u5831\u916c\u6307\u6578_\u65e5\u6b632","^TAI100I     \u81fa\u7063\u4e2d\u578b100\u5831\u916c\u6307\u6578","^TAI100Ix2   \u81fa\u7063\u4e2d\u578b100\u5831\u916c\u6307\u6578_\u65e5\u6b632","^TAIDIVIDI   \u81fa\u7063\u9ad8\u80a1\u606f\u5831\u916c\u6307\u6578","^TAIDIVIDIx2 \u81fa\u7063\u9ad8\u80a1\u606f\u5831\u916c\u6307\u6578_\u65e5\u6b632","0050Fund     \u5143\u5927\u53f0\u7063\u5353\u8d8a50\u57fa\u91d1","006208Fund   \u5bcc\u90a6\u53f0\u7063\u91c6\u540950\u57fa\u91d1","0050         \u5143\u5927\u81fa\u706350","00631L       \u5143\u5927\u53f0\u706350\u6b632","00675L       \u5bcc\u90a6\u81fa\u7063\u52a0\u6b0a\u6b632","006208       \u5bcc\u90a6\u53f050","0051         \u5143\u5927\u4e2d\u578b100","006204       \u6c38\u8c50\u81fa\u7063\u52a0\u6b0a","0056         \u5143\u5927\u9ad8\u80a1\u606f","0056         \u5143\u5927\u9ad8\u80a1\u606f_\u80a1\u606f\u4e0d\u6295\u5165","2412         \u4e2d\u83ef\u96fb\u4fe1","2002         \u4e2d\u92fc","2330         \u53f0\u7a4d\u96fb","2317         \u9d3b\u6d77","6505         \u53f0\u5851\u77f3\u5316","3481         \u7fa4\u5275","2303         \u806f\u96fb","2308         \u53f0\u9054\u96fb","2454         \u806f\u767c\u79d1","2886         \u5146\u8c50\u91d1","2884         \u7389\u5c71\u91d1","2891         \u4e2d\u4fe1\u91d1","2892         \u7b2c\u4e00\u91d1","5880         \u5408\u5eab\u91d1","2881         \u5bcc\u90a6\u91d1","2885         \u5143\u5927\u91d1","2887         \u53f0\u65b0\u91d1"],"y":["^TAIEX       \u81fa\u7063\u52a0\u6b0a\u5831\u916c\u6307\u6578","^TWII        \u81fa\u7063\u52a0\u6b0a\u6307\u6578","^TAIEXx2     \u81fa\u7063\u52a0\u6b0a\u5831\u916c\u6307\u6578_\u65e5\u6b632","^TAI50I      \u81fa\u706350\u5831\u916c\u6307\u6578","^TAI50Ix2    \u81fa\u706350\u5831\u916c\u6307\u6578_\u65e5\u6b632","^TAI100I     \u81fa\u7063\u4e2d\u578b100\u5831\u916c\u6307\u6578","^TAI100Ix2   \u81fa\u7063\u4e2d\u578b100\u5831\u916c\u6307\u6578_\u65e5\u6b632","^TAIDIVIDI   \u81fa\u7063\u9ad8\u80a1\u606f\u5831\u916c\u6307\u6578","^TAIDIVIDIx2 \u81fa\u7063\u9ad8\u80a1\u606f\u5831\u916c\u6307\u6578_\u65e5\u6b632","0050Fund     \u5143\u5927\u53f0\u7063\u5353\u8d8a50\u57fa\u91d1","006208Fund   \u5bcc\u90a6\u53f0\u7063\u91c6\u540950\u57fa\u91d1","0050         \u5143\u5927\u81fa\u706350","00631L       \u5143\u5927\u53f0\u706350\u6b632","00675L       \u5bcc\u90a6\u81fa\u7063\u52a0\u6b0a\u6b632","006208       \u5bcc\u90a6\u53f050","0051         \u5143\u5927\u4e2d\u578b100","006204       \u6c38\u8c50\u81fa\u7063\u52a0\u6b0a","0056         \u5143\u5927\u9ad8\u80a1\u606f","0056         \u5143\u5927\u9ad8\u80a1\u606f_\u80a1\u606f\u4e0d\u6295\u5165","2412         \u4e2d\u83ef\u96fb\u4fe1","2002         \u4e2d\u92fc","2330         \u53f0\u7a4d\u96fb","2317         \u9d3b\u6d77","6505         \u53f0\u5851\u77f3\u5316","3481         \u7fa4\u5275","2303         \u806f\u96fb","2308         \u53f0\u9054\u96fb","2454         \u806f\u767c\u79d1","2886         \u5146\u8c50\u91d1","2884         \u7389\u5c71\u91d1","2891         \u4e2d\u4fe1\u91d1","2892         \u7b2c\u4e00\u91d1","5880         \u5408\u5eab\u91d1","2881         \u5bcc\u90a6\u91d1","2885         \u5143\u5927\u91d1","2887         \u53f0\u65b0\u91d1"],"zmin":-1,"zmax":1,"colorbar":{"x":-0.2}}],"layout":{"autotypenumbers":"strict","colorway":["#636efa","#EF553B","#00cc96","#ab63fa","#FFA15A","#19d3f3","#FF6692","#B6E880","#FF97FF","#FECB52"],"font":{"color":"#f2f5fa","family":"Courier New"},"hovermode":"closest","hoverlabel":{"align":"left"},"paper_bgcolor":"rgb(17,17,17)","plot_bgcolor":"rgb(17,17,17)","polar":{"bgcolor":"rgb(17,17,17)","angularaxis":{"gridcolor":"#506784","linecolor":"#506784","ticks":""},"radialaxis":{"gridcolor":"#506784","linecolor":"#506784","ticks":""}},"ternary":{"bgcolor":"rgb(17,17,17)","aaxis":{"gridcolor":"#506784","linecolor":"#506784","ticks":""},"baxis":{"gridcolor":"#506784","linecolor":"#506784","ticks":""},"caxis":{"gridcolor":"#506784","linecolor":"#506784","ticks":""}},"coloraxis":{"colorbar":{"outlinewidth":0,"ticks":""}},"colorscale":{"sequential":[[0.0,"#0d0887"],[0.1111111111111111,"#46039f"],[0.2222222222222222,"#7201a8"],[0.3333333333333333,"#9c179e"],[0.4444444444444444,"#bd3786"],[0.5555555555555556,"#d8576b"],[0.6666666666666666,"#ed7953"],[0.7777777777777778,"#fb9f3a"],[0.8888888888888888,"#fdca26"],[1.0,"#f0f921"]],"sequentialminus":[[0.0,"#0d0887"],[0.1111111111111111,"#46039f"],[0.2222222222222222,"#7201a8"],[0.3333333333333333,"#9c179e"],[0.4444444444444444,"#bd3786"],[0.5555555555555556,"#d8576b"],[0.6666666666666666,"#ed7953"],[0.7777777777777778,"#fb9f3a"],[0.8888888888888888,"#fdca26"],[1.0,"#f0f921"]],"diverging":[[0,"#8e0152"],[0.1,"#c51b7d"],[0.2,"#de77ae"],[0.3,"#f1b6da"],[0.4,"#fde0ef"],[0.5,"#f7f7f7"],[0.6,"#e6f5d0"],[0.7,"#b8e186"],[0.8,"#7fbc41"],[0.9,"#4d9221"],[1,"#276419"]]},"xaxis":{"gridcolor":"rgba(0, 0, 0, 0)","linecolor":"#506784","ticks":"","title":{"standoff":15},"zerolinecolor":"#283442","automargin":true,"zerolinewidth":2,"tickfont":{"family":"Courier New","size":14},"side":"top","tickangle":-90},"yaxis":{"gridcolor":"rgba(0, 0, 0, 0)","linecolor":"#506784","ticks":"","title":{"standoff":15},"zerolinecolor":"#283442","automargin":true,"zerolinewidth":2,"tickfont":{"family":"Courier New"},"side":"right"},"scene":{"xaxis":{"backgroundcolor":"rgb(17,17,17)","gridcolor":"#506784","linecolor":"#506784","showbackground":true,"ticks":"","zerolinecolor":"#C8D4E3","gridwidth":2},"yaxis":{"backgroundcolor":"rgb(17,17,17)","gridcolor":"#506784","linecolor":"#506784","showbackground":true,"ticks":"","zerolinecolor":"#C8D4E3","gridwidth":2},"zaxis":{"backgroundcolor":"rgb(17,17,17)","gridcolor":"#506784","linecolor":"#506784","showbackground":true,"ticks":"","zerolinecolor":"#C8D4E3","gridwidth":2}},"shapedefaults":{"line":{"color":"#f2f5fa"}},"annotationdefaults":{"arrowcolor":"#f2f5fa","arrowhead":0,"arrowwidth":1},"geo":{"bgcolor":"rgb(17,17,17)","landcolor":"rgb(17,17,17)","subunitcolor":"#506784","showland":true,"showlakes":true,"lakecolor":"rgb(17,17,17)"},"title":{"x":0.05,"font":{"family":"Times New Roman"},"y":0.05,"text":"<b>Correlation of Adj Close<b><br><i>2016-09-23 ~ 2026-07-13<i>"},"updatemenudefaults":{"bgcolor":"#506784","borderwidth":0},"sliderdefaults":{"bgcolor":"#C8D4E3","borderwidth":1,"bordercolor":"rgb(17,17,17)","tickwidth":0},"mapbox":{"style":"dark"},"annotations":[{"text":"<b>@zwindr<b>","textangle":0,"opacity":0.5,"font":{"color":"white","size":12},"xref":"paper","yref":"paper","xanchor":"left","yanchor":"bottom","x":1.0,"y":1.0,"showarrow":false}]},"config":{"responsive":true,"toImageButtonOptions":{"filename":"Correlation of Adj Close_2016-09-23~2026-07-13","scale":5}}};Plotly.newPlot("correlationAdjClose",correlationAdjClose.data,correlationAdjClose.layout||{},correlationAdjClose.config);}else{console.log("style display is none => correlationAdjClose");}