var element=document.getElementById("correlationAdjClose");if(element.style.display!='none'){var correlationAdjClose={"data":[{"type":"heatmap","z":[[1.0,0.9955055566922517,0.9716774158650509,0.9967617200174297,0.9473533790808941,0.9853059483796439,0.9578732734829601,0.9868016508524212,0.9767708610933358,0.9969141656489681,0.9964377476344344,0.9968853979102139,0.9913237049942263,0.9925649282958208,0.9965463474969055,0.9865118820866092,0.9997396556963308,0.9864346544147363,0.894590326504476,0.913827618889094,0.6640418993194876,0.9841526953209594,0.9398199717184407,0.3326110065820419,-0.28456325039626346,0.9028221656422383,0.9207204748862122,0.9634248526831671,0.9710630956328502,0.9629715484318816,0.9809647036798712,0.9667689036321732,0.9336389034307694,0.9829504507750885,0.9775222830987831,0.9586219832820313],[0.9955055566922517,1.0,0.9692881955413177,0.9922594732389615,0.944936639521403,0.9817223108670464,0.9546628499169363,0.9791594587483372,0.9712939197804233,0.9934665461319416,0.9951761763534421,0.9947567677297547,0.9910603494912456,0.9914035147498674,0.9952504822692023,0.9819569838251031,0.9976217077851626,0.9810012582113056,0.91273920488159,0.9039528699547119,0.6868420235814062,0.9706071684846455,0.92389721309697,0.33124857635477206,-0.2192863167328747,0.8830066717869117,0.9170964510628756,0.9628548926576034,0.9528765963088119,0.9514297311671465,0.9731107542950206,0.9535116155883765,0.9327699830408464,0.9741269476077439,0.9697271783561623,0.9539033263652115],[0.9716774158650509,0.9692881955413177,1.0,0.9833360492647725,0.9938615365583117,0.9672715280253202,0.9780647164031062,0.9465742773478584,0.9702213968294399,0.9831182515830245,0.9898089700370398,0.9865381777260464,0.9971879371181308,0.9970094021964249,0.9894723136423759,0.9645093381123899,0.9823139216812687,0.9457890459015695,0.8412617893293493,0.8074980934009255,0.519795034588528,0.9921874017313774,0.9338695208879906,0.15787582922479576,-0.203875456374737,0.8767814112715685,0.9506307764593686,0.9648289211176527,0.8981715967211228,0.8957242731056323,0.9659186208175328,0.8955434207827384,0.8640747649561709,0.9545639118233242,0.9690391163972804,0.9128879563575458],[0.9967617200174297,0.9922594732389615,0.9833360492647725,1.0,0.9667262759299429,0.9766814166984142,0.9565109124383672,0.9759674428449284,0.9721074472237108,0.9999737570710867,0.999992954911584,0.9999668538131916,0.9937774198403695,0.9929532367971552,0.9999558720219914,0.975196447460202,0.9958394371609043,0.975198910233262,0.8742590579685062,0.8924090177006397,0.6215090854136739,0.9941438221212442,0.9439205309388541,0.29656058140083796,-0.2711080342957317,0.8925825801211302,0.9367675143805391,0.9655024424405152,0.9547862558013633,0.9536321099941264,0.9829153492968681,0.9508518158190932,0.9139895952263887,0.9781839573674561,0.9755781684602364,0.9467321518892206],[0.9473533790808941,0.944936639521403,0.9938615365583117,0.9667262759299429,1.0,0.9351110706799678,0.9549039621319029,0.9124548827162989,0.9428793454527837,0.9669039898537474,0.9764858271786737,0.972419221524045,0.9831045769572999,0.9810557655837178,0.9758993407668629,0.9309688844212483,0.9593507507986528,0.9112444047879106,0.7981553224227649,0.7674157153489332,0.46239367499204337,0.9834038396775352,0.921510140776229,0.11977125691090595,-0.18852584106768597,0.8365824063524401,0.9597565184148145,0.9429522135210718,0.8571153923696007,0.8626051857319025,0.948174887662271,0.8554675347554428,0.8163777266777059,0.9280143821739999,0.9448620960987371,0.8757238876182267],[0.9853059483796439,0.9817223108670464,0.9672715280253202,0.9766814166984142,0.9351110706799678,1.0,0.9832178490359971,0.9825177966825374,0.9842501480172077,0.9762047831108689,0.9706566633064913,0.9741973080339903,0.9697621694942253,0.967306308367938,0.9707121476505888,0.999908025249855,0.987695302177841,0.9833105231779797,0.9000183811307202,0.871978357452321,0.6339131593612432,0.9673970032790126,0.9136277639746899,0.21444576084228462,-0.21237255478651237,0.9342807323524253,0.893594520841527,0.9675461230154808,0.9565533347006018,0.9363577839107343,0.9616835649970015,0.9536400018430932,0.9467064522611262,0.9655192972153003,0.9812534888129291,0.9611197786613396],[0.9578732734829601,0.9546628499169363,0.9780647164031062,0.9565109124383672,0.9549039621319029,0.9832178490359971,1.0,0.9531118318710328,0.9842012085483363,0.9553428786918184,0.9643757727798324,0.9613018152197826,0.9779089301498883,0.9779049242572528,0.9641794492897667,0.9843654129123748,0.9747643764631804,0.9552731257383996,0.8610608871791767,0.7916006696883341,0.520752541661757,0.9599003991338944,0.9161511198012993,0.07666572083708549,-0.1519432050804139,0.8958119587746621,0.9029188329516052,0.9628642870992956,0.8985937115143777,0.8743518342739721,0.9454720019374393,0.895010360584889,0.8940219516315638,0.9392977070429102,0.9721941032062493,0.9185017813863647],[0.9868016508524212,0.9791594587483372,0.9465742773478584,0.9759674428449284,0.9124548827162989,0.9825177966825374,0.9531118318710328,1.0,0.9841735773107103,0.9759621906649637,0.9705497769161037,0.9747242453483084,0.9585877776819596,0.9569567468474254,0.9708684990871801,0.9843268552087941,0.9839297548920675,0.9998896498686997,0.9288152528919236,0.9311165348600272,0.6075930448170063,0.9609450453165881,0.9054159546890046,0.19095494299094434,-0.3021684812552188,0.9115468693183613,0.8588267569125018,0.9478979910692109,0.9789287586500789,0.9594885858026148,0.967485306819791,0.967323092657474,0.9374111108660279,0.9658335997106267,0.9613866565411417,0.9699626305142752],[0.9767708610933358,0.9712939197804233,0.9702213968294399,0.9721074472237108,0.9428793454527837,0.9842501480172077,0.9842012085483363,0.9841735773107103,1.0,0.9714606186301107,0.9669848643676267,0.9701424054962499,0.9660486077047998,0.9620709596146905,0.9670039686085812,0.9834061380301473,0.9760026553165048,0.9835470788473535,0.9021859086811005,0.8655936922306139,0.5227614804535268,0.9676706632608868,0.9248014582845404,0.05130376374776816,-0.2248738849930715,0.8907933666874239,0.8756429987930555,0.9679217990998215,0.9372884097103527,0.9104525906785733,0.9650442048021703,0.9254259861604452,0.9023593615961997,0.957300477966864,0.9756057058906633,0.9342476025556402],[0.9969141656489681,0.9934665461319416,0.9831182515830245,0.9999737570710867,0.9669039898537474,0.9762047831108689,0.9553428786918184,0.9759621906649637,0.9714606186301107,1.0,0.999991787509386,0.9999841887920754,0.993717131292735,0.9928849702714273,0.9999593360418443,0.9747254238886631,0.9957312727137199,0.9752836095422848,0.8759296898307883,0.8936911753469251,0.617451488466219,0.9943429611133626,0.9440144241713836,0.3013856983996016,-0.27058955183586736,0.8930237285311079,0.9352502222625422,0.9642139519535585,0.9544519280425303,0.9527957324818254,0.9821434481662562,0.950232417044361,0.912648001763541,0.9774615327039016,0.9746998823609563,0.9454718371323695],[0.9964377476344344,0.9951761763534421,0.9898089700370398,0.999992954911584,0.9764858271786737,0.9706566633064913,0.9643757727798324,0.9705497769161037,0.9669848643676267,0.999991787509386,1.0,0.9999764835102273,0.9938116247219444,0.9929659472161297,0.9999616369354889,0.970202112301166,0.9955367685723008,0.9709563731423505,0.8942052196730115,0.9221818459830033,0.479022596280374,0.9973559113975702,0.9325312191643155,-0.18163308107326004,0.42352500504541934,0.8871237747828066,0.9116777018338719,0.9645640880147015,0.9428121404598749,0.9359395057198923,0.9755607066632049,0.929047056551818,0.8848612921176299,0.968878310715165,0.9823505361159017,0.9418849926968281],[0.9968853979102139,0.9947567677297547,0.9865381777260464,0.9999668538131916,0.972419221524045,0.9741973080339903,0.9613018152197826,0.9747242453483084,0.9701424054962499,0.9999841887920754,0.9999764835102273,1.0,0.9936979247411168,0.992846624408598,0.999969683083972,0.9738841446382697,0.9956534050197802,0.9746368565944897,0.8830872234198719,0.9106136228641696,0.5508910781867232,0.9963944975121912,0.9418421752748111,0.029220771875457113,-0.1631927488368609,0.9029148627751017,0.9232475226656802,0.9599881309031666,0.9470587690514048,0.9431331692889933,0.9793419893963182,0.9401633104228965,0.9050876429161243,0.9739895854391657,0.9746366587192198,0.9483893901864083],[0.9913237049942263,0.9910603494912456,0.9971879371181308,0.9937774198403695,0.9831045769572999,0.9697621694942253,0.9779089301498883,0.9585877776819596,0.9660486077047998,0.993717131292735,0.9938116247219444,0.9936979247411168,1.0,0.9998119454466879,0.9937072052327472,0.9691350263129331,0.991643308374838,0.9587994094569989,0.8745152750885633,0.9064333659248799,0.39003450561370495,0.9912156565806518,0.9276610209567975,-0.4344098752812376,0.44254680485693143,0.864016920626626,0.920608321953485,0.9620088619845782,0.9170663866000756,0.9025942957451678,0.9617777786815656,0.901047813848882,0.8431689113544468,0.9610014197118977,0.9763825039666885,0.9326888468320008],[0.9925649282958208,0.9914035147498674,0.9970094021964249,0.9929532367971552,0.9810557655837178,0.967306308367938,0.9779049242572528,0.9569567468474254,0.9620709596146905,0.9928849702714273,0.9929659472161297,0.992846624408598,0.9998119454466879,1.0,0.9929761687980402,0.9665626345324202,0.9926877114102198,0.9572906082007685,0.8579646758533918,0.9166259447771304,0.24327843983592984,0.9884178144211063,0.9216266282189625,-0.7496952767851145,0.4172696811974845,0.8331909322996488,0.9205971329443131,0.9569418416773185,0.9089480668656537,0.8942210211579427,0.9569994172209735,0.9026197106570987,0.8193553985441647,0.9597120330078415,0.9747791589518083,0.9297444374675187],[0.9965463474969055,0.9952504822692023,0.9894723136423759,0.9999558720219914,0.9758993407668629,0.9707121476505888,0.9641794492897667,0.9708684990871801,0.9670039686085812,0.9999593360418443,0.9999616369354889,0.999969683083972,0.9937072052327472,0.9929761687980402,1.0,0.9703305040915671,0.9956371115482259,0.9711744109213901,0.8946213028662552,0.9227160107982884,0.47950319283329185,0.9971601613899264,0.9325859317140446,-0.17952142018231265,0.4249213816541949,0.8875678549614398,0.9107488491430661,0.9643652993550862,0.9430280285136574,0.9364059999625699,0.9755855461950224,0.929561594988198,0.8853299413448718,0.9688474237060507,0.9824226924326362,0.9426415246783086],[0.9865118820866092,0.9819569838251031,0.9645093381123899,0.975196447460202,0.9309688844212483,0.999908025249855,0.9843654129123748,0.9843268552087941,0.9834061380301473,0.9747254238886631,0.970202112301166,0.9738841446382697,0.9691350263129331,0.9665626345324202,0.9703305040915671,1.0,0.987622466335022,0.9835872508984705,0.9029476606600437,0.8958906668485475,0.6176818451958009,0.964758045325111,0.9085787797638495,0.06478988532376033,-0.18429927787083417,0.9408203227474545,0.8816966001385622,0.9649679408327868,0.9597552994620413,0.9339542903378896,0.9585037380382903,0.9548749555824778,0.945172748613515,0.9674993166798784,0.9804451636020179,0.9649755333325268],[0.9997396556963308,0.9976217077851626,0.9823139216812687,0.9958394371609043,0.9593507507986528,0.987695302177841,0.9747643764631804,0.9839297548920675,0.9760026553165048,0.9957312727137199,0.9955367685723008,0.9956534050197802,0.991643308374838,0.9926877114102198,0.9956371115482259,0.987622466335022,1.0,0.9842844625039311,0.9168048581109789,0.9348797511712257,0.5422916063798265,0.9882662877341137,0.924784600807291,-0.1213077908896365,0.44823504067577197,0.9174381961743996,0.8971043498619053,0.9687685656051473,0.9630209212249805,0.9471703892582455,0.9737175625417591,0.9503646283429752,0.9193294635269861,0.9763764174856038,0.988207207489198,0.9646780006126133],[0.9864346544147363,0.9810012582113056,0.9457890459015695,0.975198910233262,0.9112444047879106,0.9833105231779797,0.9552731257383996,0.9998896498686997,0.9835470788473535,0.9752836095422848,0.9709563731423505,0.9746368565944897,0.9587994094569989,0.9572906082007685,0.9711744109213901,0.9835872508984705,0.9842844625039311,1.0,0.9316663289226715,0.9372830974173405,0.6044040666933546,0.9591263277896832,0.908883247333843,0.15381367807899687,-0.27815442418278813,0.9161485663132776,0.8538513275436928,0.9477122173278585,0.979423598425698,0.9590061781181374,0.9657795656320124,0.9661350237768038,0.9370349481289795,0.9650463645149194,0.9594246030283847,0.9709690696990582],[0.894590326504476,0.91273920488159,0.8412617893293493,0.8742590579685062,0.7981553224227649,0.9000183811307202,0.8610608871791767,0.9288152528919236,0.9021859086811005,0.8759296898307883,0.8942052196730115,0.8830872234198719,0.8745152750885633,0.8579646758533918,0.8946213028662552,0.9029476606600437,0.9168048581109789,0.9316663289226715,1.0,0.8346525850858655,0.6836975782833248,0.8440392945694535,0.8083381170240642,0.24049129814109574,-0.15892996701819315,0.8622200583115438,0.7256617761508437,0.8573953222165059,0.8961661568060036,0.8639935914781147,0.8524978243581612,0.8761959449472793,0.8622954773780844,0.8577761794563186,0.8721571943230265,0.8972018595327175],[0.913827618889094,0.9039528699547119,0.8074980934009255,0.8924090177006397,0.7674157153489332,0.871978357452321,0.7916006696883341,0.9311165348600272,0.8655936922306139,0.8936911753469251,0.9221818459830033,0.9106136228641696,0.9064333659248799,0.9166259447771304,0.9227160107982884,0.8958906668485475,0.9348797511712257,0.9372830974173405,0.8346525850858655,1.0,0.8183890943949005,0.8407510604078762,0.86608696373114,0.6172839498735934,-0.5166534031876228,0.7262730827891364,0.7958819857499364,0.8166307743150161,0.9606714337978223,0.9393369525128817,0.892863079638287,0.9485576045750915,0.9038201286786821,0.9002724077145465,0.8497370488057823,0.8877213078870649],[0.6640418993194876,0.6868420235814062,0.519795034588528,0.6215090854136739,0.46239367499204337,0.6339131593612432,0.520752541661757,0.6075930448170063,0.5227614804535268,0.617451488466219,0.479022596280374,0.5508910781867232,0.39003450561370495,0.24327843983592984,0.47950319283329185,0.6176818451958009,0.5422916063798265,0.6044040666933546,0.6836975782833248,0.8183890943949005,1.0,0.553682000047682,0.6688158289175077,0.7228043010929927,-0.11596076595726781,0.5282605196804864,0.5404238293332502,0.5903591770957689,0.7628206758059048,0.6896206595689377,0.5957845316168158,0.7250858019535033,0.7466195727425032,0.6439095716818014,0.6078891028994717,0.6626350299078989],[0.9841526953209594,0.9706071684846455,0.9921874017313774,0.9941438221212442,0.9834038396775352,0.9673970032790126,0.9599003991338944,0.9609450453165881,0.9676706632608868,0.9943429611133626,0.9973559113975702,0.9963944975121912,0.9912156565806518,0.9884178144211063,0.9971601613899264,0.964758045325111,0.9882662877341137,0.9591263277896832,0.8440392945694535,0.8407510604078762,0.553682000047682,1.0,0.9221660261254988,0.2242424756396963,-0.2597231502908479,0.8739575398565508,0.9461318730451069,0.9668975488524172,0.9183748156635462,0.9310823756514475,0.974584592924842,0.9236928672936372,0.8822901945365179,0.9651270805896256,0.9614745176558264,0.9254524083292993],[0.9398199717184407,0.92389721309697,0.9338695208879906,0.9439205309388541,0.921510140776229,0.9136277639746899,0.9161511198012993,0.9054159546890046,0.9248014582845404,0.9440144241713836,0.9325312191643155,0.9418421752748111,0.9276610209567975,0.9216266282189625,0.9325859317140446,0.9085787797638495,0.924784600807291,0.908883247333843,0.8083381170240642,0.86608696373114,0.6688158289175077,0.9221660261254988,1.0,0.2698308223905633,-0.18224802476320978,0.7338228934017275,0.904534917327274,0.9070786645988571,0.8987315553898292,0.8646255526030159,0.941286803907173,0.8756578721510727,0.8413335288616611,0.9355257301722549,0.8957420739754296,0.8682065089145768],[0.3326110065820419,0.33124857635477206,0.15787582922479576,0.29656058140083796,0.11977125691090595,0.21444576084228462,0.07666572083708549,0.19095494299094434,0.05130376374776816,0.3013856983996016,-0.18163308107326004,0.029220771875457113,-0.4344098752812376,-0.7496952767851145,-0.17952142018231265,0.06478988532376033,-0.1213077908896365,0.15381367807899687,0.24049129814109574,0.6172839498735934,0.7228043010929927,0.2242424756396963,0.2698308223905633,1.0,-0.37920355468761785,0.24575115588416996,0.19442582638546865,0.15241112849680982,0.44353150528326474,0.432743424211012,0.27002933418091274,0.45666489620938794,0.38946221700548267,0.3043716990693578,0.22453350632100455,0.344342918161245],[-0.28456325039626346,-0.2192863167328747,-0.203875456374737,-0.2711080342957317,-0.18852584106768597,-0.21237255478651237,-0.1519432050804139,-0.3021684812552188,-0.2248738849930715,-0.27058955183586736,0.42352500504541934,-0.1631927488368609,0.44254680485693143,0.4172696811974845,0.4249213816541949,-0.18429927787083417,0.44823504067577197,-0.27815442418278813,-0.15892996701819315,-0.5166534031876228,-0.11596076595726781,-0.2597231502908479,-0.18224802476320978,-0.37920355468761785,1.0,-0.15392466244773984,-0.23656672160561937,-0.17738236022662918,-0.3805943846021587,-0.36789251081487173,-0.3012641360645852,-0.33868539130941805,-0.20863393804893637,-0.33210430461420387,-0.17722579667617966,-0.30707752397292704],[0.9028221656422383,0.8830066717869117,0.8767814112715685,0.8925825801211302,0.8365824063524401,0.9342807323524253,0.8958119587746621,0.9115468693183613,0.8907933666874239,0.8930237285311079,0.8871237747828066,0.9029148627751017,0.864016920626626,0.8331909322996488,0.8875678549614398,0.9408203227474545,0.9174381961743996,0.9161485663132776,0.8622200583115438,0.7262730827891364,0.5282605196804864,0.8739575398565508,0.7338228934017275,0.24575115588416996,-0.15392466244773984,1.0,0.7685543941385304,0.8928340110441786,0.8291022655023038,0.8724266740775768,0.8392267250334807,0.8789928833630951,0.8717506796645424,0.8682552635081665,0.8755395463258047,0.9056178192863852],[0.9207204748862122,0.9170964510628756,0.9506307764593686,0.9367675143805391,0.9597565184148145,0.893594520841527,0.9029188329516052,0.8588267569125018,0.8756429987930555,0.9352502222625422,0.9116777018338719,0.9232475226656802,0.920608321953485,0.9205971329443131,0.9107488491430661,0.8816966001385622,0.8971043498619053,0.8538513275436928,0.7256617761508437,0.7958819857499364,0.5404238293332502,0.9461318730451069,0.904534917327274,0.19442582638546865,-0.23656672160561937,0.7685543941385304,1.0,0.8859284582473971,0.8499416731305182,0.8484578805312747,0.9133914120465372,0.8417507459185877,0.7999071592139402,0.9001656046274821,0.8970259216708931,0.8526582464572998],[0.9634248526831671,0.9628548926576034,0.9648289211176527,0.9655024424405152,0.9429522135210718,0.9675461230154808,0.9628642870992956,0.9478979910692109,0.9679217990998215,0.9642139519535585,0.9645640880147015,0.9599881309031666,0.9620088619845782,0.9569418416773185,0.9643652993550862,0.9649679408327868,0.9687685656051473,0.9477122173278585,0.8573953222165059,0.8166307743150161,0.5903591770957689,0.9668975488524172,0.9070786645988571,0.15241112849680982,-0.17738236022662918,0.8928340110441786,0.8859284582473971,1.0,0.9114632625904545,0.8994271379941322,0.9498589665424455,0.8981185890956791,0.8866741919256881,0.9540526760792079,0.9756815576706712,0.9023894619858934],[0.9710630956328502,0.9528765963088119,0.8981715967211228,0.9547862558013633,0.8571153923696007,0.9565533347006018,0.8985937115143777,0.9789287586500789,0.9372884097103527,0.9544519280425303,0.9428121404598749,0.9470587690514048,0.9170663866000756,0.9089480668656537,0.9430280285136574,0.9597552994620413,0.9630209212249805,0.979423598425698,0.8961661568060036,0.9606714337978223,0.7628206758059048,0.9183748156635462,0.8987315553898292,0.44353150528326474,-0.3805943846021587,0.8291022655023038,0.8499416731305182,0.9114632625904545,1.0,0.9867327460932418,0.9550409421536818,0.990939137797488,0.9549550964788781,0.9588995514180783,0.9139352517789874,0.9674797767750012],[0.9629715484318816,0.9514297311671465,0.8957242731056323,0.9536321099941264,0.8626051857319025,0.9363577839107343,0.8743518342739721,0.9594885858026148,0.9104525906785733,0.9527957324818254,0.9359395057198923,0.9431331692889933,0.9025942957451678,0.8942210211579427,0.9364059999625699,0.9339542903378896,0.9471703892582455,0.9590061781181374,0.8639935914781147,0.9393369525128817,0.6896206595689377,0.9310823756514475,0.8646255526030159,0.432743424211012,-0.36789251081487173,0.8724266740775768,0.8484578805312747,0.8994271379941322,0.9867327460932418,1.0,0.9492344812414615,0.9850514040454446,0.9565893010405857,0.9430106511602083,0.9258714364136917,0.9652097530212146],[0.9809647036798712,0.9731107542950206,0.9659186208175328,0.9829153492968681,0.948174887662271,0.9616835649970015,0.9454720019374393,0.967485306819791,0.9650442048021703,0.9821434481662562,0.9755607066632049,0.9793419893963182,0.9617777786815656,0.9569994172209735,0.9755855461950224,0.9585037380382903,0.9737175625417591,0.9657795656320124,0.8524978243581612,0.892863079638287,0.5957845316168158,0.974584592924842,0.941286803907173,0.27002933418091274,-0.3012641360645852,0.8392267250334807,0.9133914120465372,0.9498589665424455,0.9550409421536818,0.9492344812414615,1.0,0.9478744512136971,0.9054109467133269,0.9785465873747488,0.9670065135590447,0.9466637459738801],[0.9667689036321732,0.9535116155883765,0.8955434207827384,0.9508518158190932,0.8554675347554428,0.9536400018430932,0.895010360584889,0.967323092657474,0.9254259861604452,0.950232417044361,0.929047056551818,0.9401633104228965,0.901047813848882,0.9026197106570987,0.929561594988198,0.9548749555824778,0.9503646283429752,0.9661350237768038,0.8761959449472793,0.9485576045750915,0.7250858019535033,0.9236928672936372,0.8756578721510727,0.45666489620938794,-0.33868539130941805,0.8789928833630951,0.8417507459185877,0.8981185890956791,0.990939137797488,0.9850514040454446,0.9478744512136971,1.0,0.9743841316112952,0.9476740036663481,0.9371796768123608,0.9648731319065718],[0.9336389034307694,0.9327699830408464,0.8640747649561709,0.9139895952263887,0.8163777266777059,0.9467064522611262,0.8940219516315638,0.9374111108660279,0.9023593615961997,0.912648001763541,0.8848612921176299,0.9050876429161243,0.8431689113544468,0.8193553985441647,0.8853299413448718,0.945172748613515,0.9193294635269861,0.9370349481289795,0.8622954773780844,0.9038201286786821,0.7466195727425032,0.8822901945365179,0.8413335288616611,0.38946221700548267,-0.20863393804893637,0.8717506796645424,0.7999071592139402,0.8866741919256881,0.9549550964788781,0.9565893010405857,0.9054109467133269,0.9743841316112952,1.0,0.9068488439520116,0.9227614631669975,0.9518025793194151],[0.9829504507750885,0.9741269476077439,0.9545639118233242,0.9781839573674561,0.9280143821739999,0.9655192972153003,0.9392977070429102,0.9658335997106267,0.957300477966864,0.9774615327039016,0.968878310715165,0.9739895854391657,0.9610014197118977,0.9597120330078415,0.9688474237060507,0.9674993166798784,0.9763764174856038,0.9650463645149194,0.8577761794563186,0.9002724077145465,0.6439095716818014,0.9651270805896256,0.9355257301722549,0.3043716990693578,-0.33210430461420387,0.8682552635081665,0.9001656046274821,0.9540526760792079,0.9588995514180783,0.9430106511602083,0.9785465873747488,0.9476740036663481,0.9068488439520116,1.0,0.9622554281291276,0.9483414161362506],[0.9775222830987831,0.9697271783561623,0.9690391163972804,0.9755781684602364,0.9448620960987371,0.9812534888129291,0.9721941032062493,0.9613866565411417,0.9756057058906633,0.9746998823609563,0.9823505361159017,0.9746366587192198,0.9763825039666885,0.9747791589518083,0.9824226924326362,0.9804451636020179,0.988207207489198,0.9594246030283847,0.8721571943230265,0.8497370488057823,0.6078891028994717,0.9614745176558264,0.8957420739754296,0.22453350632100455,-0.17722579667617966,0.8755395463258047,0.8970259216708931,0.9756815576706712,0.9139352517789874,0.9258714364136917,0.9670065135590447,0.9371796768123608,0.9227614631669975,0.9622554281291276,1.0,0.9288280639208489],[0.9586219832820313,0.9539033263652115,0.9128879563575458,0.9467321518892206,0.8757238876182267,0.9611197786613396,0.9185017813863647,0.9699626305142752,0.9342476025556402,0.9454718371323695,0.9418849926968281,0.9483893901864083,0.9326888468320008,0.9297444374675187,0.9426415246783086,0.9649755333325268,0.9646780006126133,0.9709690696990582,0.8972018595327175,0.8877213078870649,0.6626350299078989,0.9254524083292993,0.8682065089145768,0.344342918161245,-0.30707752397292704,0.9056178192863852,0.8526582464572998,0.9023894619858934,0.9674797767750012,0.9652097530212146,0.9466637459738801,0.9648731319065718,0.9518025793194151,0.9483414161362506,0.9288280639208489,1.0]],"x":["^TAIEX       \u81fa\u7063\u52a0\u6b0a\u5831\u916c\u6307\u6578","^TWII        \u81fa\u7063\u52a0\u6b0a\u6307\u6578","^TAIEXx2     \u81fa\u7063\u52a0\u6b0a\u5831\u916c\u6307\u6578_\u65e5\u6b632","^TAI50I      \u81fa\u706350\u5831\u916c\u6307\u6578","^TAI50Ix2    \u81fa\u706350\u5831\u916c\u6307\u6578_\u65e5\u6b632","^TAI100I     \u81fa\u7063\u4e2d\u578b100\u5831\u916c\u6307\u6578","^TAI100Ix2   \u81fa\u7063\u4e2d\u578b100\u5831\u916c\u6307\u6578_\u65e5\u6b632","^TAIDIVIDI   \u81fa\u7063\u9ad8\u80a1\u606f\u5831\u916c\u6307\u6578","^TAIDIVIDIx2 \u81fa\u7063\u9ad8\u80a1\u606f\u5831\u916c\u6307\u6578_\u65e5\u6b632","0050Fund     \u5143\u5927\u53f0\u7063\u5353\u8d8a50\u57fa\u91d1","006208Fund   \u5bcc\u90a6\u53f0\u7063\u91c6\u540950\u57fa\u91d1","0050         \u5143\u5927\u81fa\u706350","00631L       \u5143\u5927\u53f0\u706350\u6b632","00675L       \u5bcc\u90a6\u81fa\u7063\u52a0\u6b0a\u6b632","006208       \u5bcc\u90a6\u53f050","0051         \u5143\u5927\u4e2d\u578b100","006204       \u6c38\u8c50\u81fa\u7063\u52a0\u6b0a","0056         \u5143\u5927\u9ad8\u80a1\u606f","0056         \u5143\u5927\u9ad8\u80a1\u606f_\u80a1\u606f\u4e0d\u6295\u5165","2412         \u4e2d\u83ef\u96fb\u4fe1","2002         \u4e2d\u92fc","2330         \u53f0\u7a4d\u96fb","2317         \u9d3b\u6d77","6505         \u53f0\u5851\u77f3\u5316","3481         \u7fa4\u5275","2303         \u806f\u96fb","2308         \u53f0\u9054\u96fb","2454         \u806f\u767c\u79d1","2886         \u5146\u8c50\u91d1","2884         \u7389\u5c71\u91d1","2891         \u4e2d\u4fe1\u91d1","2892         \u7b2c\u4e00\u91d1","5880         \u5408\u5eab\u91d1","2881         \u5bcc\u90a6\u91d1","2885         \u5143\u5927\u91d1","2887         \u53f0\u65b0\u91d1"],"y":["^TAIEX       \u81fa\u7063\u52a0\u6b0a\u5831\u916c\u6307\u6578","^TWII        \u81fa\u7063\u52a0\u6b0a\u6307\u6578","^TAIEXx2     \u81fa\u7063\u52a0\u6b0a\u5831\u916c\u6307\u6578_\u65e5\u6b632","^TAI50I      \u81fa\u706350\u5831\u916c\u6307\u6578","^TAI50Ix2    \u81fa\u706350\u5831\u916c\u6307\u6578_\u65e5\u6b632","^TAI100I     \u81fa\u7063\u4e2d\u578b100\u5831\u916c\u6307\u6578","^TAI100Ix2   \u81fa\u7063\u4e2d\u578b100\u5831\u916c\u6307\u6578_\u65e5\u6b632","^TAIDIVIDI   \u81fa\u7063\u9ad8\u80a1\u606f\u5831\u916c\u6307\u6578","^TAIDIVIDIx2 \u81fa\u7063\u9ad8\u80a1\u606f\u5831\u916c\u6307\u6578_\u65e5\u6b632","0050Fund     \u5143\u5927\u53f0\u7063\u5353\u8d8a50\u57fa\u91d1","006208Fund   \u5bcc\u90a6\u53f0\u7063\u91c6\u540950\u57fa\u91d1","0050         \u5143\u5927\u81fa\u706350","00631L       \u5143\u5927\u53f0\u706350\u6b632","00675L       \u5bcc\u90a6\u81fa\u7063\u52a0\u6b0a\u6b632","006208       \u5bcc\u90a6\u53f050","0051         \u5143\u5927\u4e2d\u578b100","006204       \u6c38\u8c50\u81fa\u7063\u52a0\u6b0a","0056         \u5143\u5927\u9ad8\u80a1\u606f","0056         \u5143\u5927\u9ad8\u80a1\u606f_\u80a1\u606f\u4e0d\u6295\u5165","2412         \u4e2d\u83ef\u96fb\u4fe1","2002         \u4e2d\u92fc","2330         \u53f0\u7a4d\u96fb","2317         \u9d3b\u6d77","6505         \u53f0\u5851\u77f3\u5316","3481         \u7fa4\u5275","2303         \u806f\u96fb","2308         \u53f0\u9054\u96fb","2454         \u806f\u767c\u79d1","2886         \u5146\u8c50\u91d1","2884         \u7389\u5c71\u91d1","2891         \u4e2d\u4fe1\u91d1","2892         \u7b2c\u4e00\u91d1","5880         \u5408\u5eab\u91d1","2881         \u5bcc\u90a6\u91d1","2885         \u5143\u5927\u91d1","2887         \u53f0\u65b0\u91d1"],"zmin":-1,"zmax":1,"colorbar":{"x":-0.2}}],"layout":{"autotypenumbers":"strict","colorway":["#636efa","#EF553B","#00cc96","#ab63fa","#FFA15A","#19d3f3","#FF6692","#B6E880","#FF97FF","#FECB52"],"font":{"color":"#f2f5fa","family":"Courier New"},"hovermode":"closest","hoverlabel":{"align":"left"},"paper_bgcolor":"rgb(17,17,17)","plot_bgcolor":"rgb(17,17,17)","polar":{"bgcolor":"rgb(17,17,17)","angularaxis":{"gridcolor":"#506784","linecolor":"#506784","ticks":""},"radialaxis":{"gridcolor":"#506784","linecolor":"#506784","ticks":""}},"ternary":{"bgcolor":"rgb(17,17,17)","aaxis":{"gridcolor":"#506784","linecolor":"#506784","ticks":""},"baxis":{"gridcolor":"#506784","linecolor":"#506784","ticks":""},"caxis":{"gridcolor":"#506784","linecolor":"#506784","ticks":""}},"coloraxis":{"colorbar":{"outlinewidth":0,"ticks":""}},"colorscale":{"sequential":[[0.0,"#0d0887"],[0.1111111111111111,"#46039f"],[0.2222222222222222,"#7201a8"],[0.3333333333333333,"#9c179e"],[0.4444444444444444,"#bd3786"],[0.5555555555555556,"#d8576b"],[0.6666666666666666,"#ed7953"],[0.7777777777777778,"#fb9f3a"],[0.8888888888888888,"#fdca26"],[1.0,"#f0f921"]],"sequentialminus":[[0.0,"#0d0887"],[0.1111111111111111,"#46039f"],[0.2222222222222222,"#7201a8"],[0.3333333333333333,"#9c179e"],[0.4444444444444444,"#bd3786"],[0.5555555555555556,"#d8576b"],[0.6666666666666666,"#ed7953"],[0.7777777777777778,"#fb9f3a"],[0.8888888888888888,"#fdca26"],[1.0,"#f0f921"]],"diverging":[[0,"#8e0152"],[0.1,"#c51b7d"],[0.2,"#de77ae"],[0.3,"#f1b6da"],[0.4,"#fde0ef"],[0.5,"#f7f7f7"],[0.6,"#e6f5d0"],[0.7,"#b8e186"],[0.8,"#7fbc41"],[0.9,"#4d9221"],[1,"#276419"]]},"xaxis":{"gridcolor":"rgba(0, 0, 0, 0)","linecolor":"#506784","ticks":"","title":{"standoff":15},"zerolinecolor":"#283442","automargin":true,"zerolinewidth":2,"tickfont":{"family":"Courier New","size":14},"side":"top","tickangle":-90},"yaxis":{"gridcolor":"rgba(0, 0, 0, 0)","linecolor":"#506784","ticks":"","title":{"standoff":15},"zerolinecolor":"#283442","automargin":true,"zerolinewidth":2,"tickfont":{"family":"Courier New"},"side":"right"},"scene":{"xaxis":{"backgroundcolor":"rgb(17,17,17)","gridcolor":"#506784","linecolor":"#506784","showbackground":true,"ticks":"","zerolinecolor":"#C8D4E3","gridwidth":2},"yaxis":{"backgroundcolor":"rgb(17,17,17)","gridcolor":"#506784","linecolor":"#506784","showbackground":true,"ticks":"","zerolinecolor":"#C8D4E3","gridwidth":2},"zaxis":{"backgroundcolor":"rgb(17,17,17)","gridcolor":"#506784","linecolor":"#506784","showbackground":true,"ticks":"","zerolinecolor":"#C8D4E3","gridwidth":2}},"shapedefaults":{"line":{"color":"#f2f5fa"}},"annotationdefaults":{"arrowcolor":"#f2f5fa","arrowhead":0,"arrowwidth":1},"geo":{"bgcolor":"rgb(17,17,17)","landcolor":"rgb(17,17,17)","subunitcolor":"#506784","showland":true,"showlakes":true,"lakecolor":"rgb(17,17,17)"},"title":{"x":0.05,"font":{"family":"Times New Roman"},"y":0.05,"text":"<b>Correlation of Adj Close<b><br><i>2016-09-23 ~ 2026-02-06<i>"},"updatemenudefaults":{"bgcolor":"#506784","borderwidth":0},"sliderdefaults":{"bgcolor":"#C8D4E3","borderwidth":1,"bordercolor":"rgb(17,17,17)","tickwidth":0},"mapbox":{"style":"dark"},"annotations":[{"text":"<b>@zwindr<b>","textangle":0,"opacity":0.5,"font":{"color":"white","size":12},"xref":"paper","yref":"paper","xanchor":"left","yanchor":"bottom","x":1.0,"y":1.0,"showarrow":false}]},"config":{"responsive":true,"toImageButtonOptions":{"filename":"Correlation of Adj Close_2016-09-23~2026-02-06","scale":5}}};Plotly.newPlot("correlationAdjClose",correlationAdjClose.data,correlationAdjClose.layout||{},correlationAdjClose.config);}else{console.log("style display is none => correlationAdjClose");}