var element=document.getElementById("correlationClose");if(element.style.display!='none'){var correlationClose={"data":[{"type":"heatmap","z":[[1.0,0.9999999999999976,1.0,0.99501589679132,0.99501589679132,0.9690905039956008,0.9690905039956008,0.9104122833942151,0.9104122833942151,0.7898231242590869,0.9947686164681757,0.7413296608380008,0.9915358924878135,0.9920108276287146,0.9948607811264811,0.9757541815446497,0.9991734589271332,0.9136154051117165,0.9136154051117165,0.7780573929669438,-0.16763387180932537,0.9791446538280087,0.21048489644711862,-0.13768029362110282,-0.24273399262220627,0.8178572011564376,0.9038410968157365,0.9199821062109768,0.9192107429370442,0.7857361199434517,0.6029539724162882,0.6473352171349479,0.622114231097313,0.9351385680352896,0.8485236070540911,0.21950111588994856],[0.9999999999999976,1.0,0.9999999999999978,0.9949851373455075,0.9949851373455075,0.9686104545144777,0.9686104545144777,0.911234895135438,0.911234895135438,0.7914112838904946,0.9947620198535588,0.7415529853309376,0.991211752972554,0.991509008111,0.9948670966565228,0.9753064274302459,0.9991745767259005,0.9135466765454445,0.9135466765454445,0.7958985553234794,0.04425288464142584,0.9715032288161799,-0.013042147938928987,-0.13069261917762182,-0.24281003337004944,0.6575381321493624,0.9038326021552708,0.8976340687857112,0.9141714197050974,0.7951931091473301,0.5952207659073206,0.6447928017000691,0.6468198051380576,0.9331296942495326,0.7132042052581926,0.2168887231950909],[1.0,0.9999999999999978,1.0,0.99501589679132,0.99501589679132,0.9690905039956008,0.9690905039956008,0.9104122833942151,0.9104122833942151,0.7898231242590869,0.9947686164681757,0.7413296608380008,0.9915358924878135,0.9920108276287146,0.9948607811264811,0.9757541815446497,0.9991734589271332,0.9136154051117165,0.9136154051117165,0.7780573929669438,-0.16763387180932537,0.9791446538280087,0.21048489644711862,-0.13768029362110282,-0.24273399262220627,0.8178572011564376,0.9038410968157365,0.9199821062109768,0.9192107429370442,0.7857361199434517,0.6029539724162882,0.6473352171349479,0.622114231097313,0.9351385680352896,0.8485236070540911,0.21950111588994856],[0.99501589679132,0.9949851373455075,0.99501589679132,1.0,1.0,0.9561404943109195,0.9561404943109195,0.8937776029508882,0.8937776029508882,0.7570228061739742,0.9995853361953924,0.7071284012028538,0.9920968011781024,0.9899274574923803,0.9995364900416676,0.9583021317432705,0.9949231157540737,0.8866469916248277,0.8866469916248277,0.7500229046835174,-0.17587292107762495,0.9915253711456283,0.23894122242573665,-0.17421140132025673,-0.2409006609677934,0.8061685526011924,0.920054220675081,0.9194799468302726,0.89997262330401,0.7872946062924527,0.6327114388101883,0.6389724639140203,0.58955172369758,0.9235196670229339,0.8391544217098904,0.23265789102254492],[0.99501589679132,0.9949851373455075,0.99501589679132,1.0,1.0,0.9561404943109195,0.9561404943109195,0.8937776029508882,0.8937776029508882,0.7570228061739742,0.9995853361953924,0.7071284012028538,0.9920968011781024,0.9899274574923803,0.9995364900416676,0.9583021317432705,0.9949231157540737,0.8866469916248277,0.8866469916248277,0.7500229046835174,-0.17587292107762495,0.9915253711456283,0.23894122242573665,-0.17421140132025673,-0.2409006609677934,0.8061685526011924,0.920054220675081,0.9194799468302726,0.89997262330401,0.7872946062924527,0.6327114388101883,0.6389724639140203,0.58955172369758,0.9235196670229339,0.8391544217098904,0.23265789102254492],[0.9690905039956008,0.9686104545144777,0.9690905039956008,0.9561404943109195,0.9561404943109195,1.0,1.0,0.935018103800262,0.935018103800262,0.7660579952823481,0.9550956780510392,0.7459863261125179,0.966397482219878,0.9636684250327318,0.9550852285013984,0.9990725089234817,0.9758158838838147,0.9168516813506218,0.9168516813506218,0.6516715479540082,-0.11957088148722898,0.9421888974681426,0.3556457499931748,-0.31339212988124243,-0.11850000292007509,0.8838467629739947,0.8576875319085521,0.9368126797674534,0.8974071587360695,0.7532994174138853,0.7737955547975732,0.7451075710785982,0.6960448872965029,0.8703339515100396,0.8764823939309533,0.4911364895970818],[0.9690905039956008,0.9686104545144777,0.9690905039956008,0.9561404943109195,0.9561404943109195,1.0,1.0,0.935018103800262,0.935018103800262,0.7660579952823481,0.9550956780510392,0.7459863261125179,0.966397482219878,0.9636684250327318,0.9550852285013984,0.9990725089234817,0.9758158838838147,0.9168516813506218,0.9168516813506218,0.6516715479540082,-0.11957088148722898,0.9421888974681426,0.3556457499931748,-0.31339212988124243,-0.11850000292007509,0.8838467629739947,0.8576875319085521,0.9368126797674534,0.8974071587360695,0.7532994174138853,0.7737955547975732,0.7451075710785982,0.6960448872965029,0.8703339515100396,0.8764823939309533,0.4911364895970818],[0.9104122833942151,0.911234895135438,0.9104122833942151,0.8937776029508882,0.8937776029508882,0.935018103800262,0.935018103800262,1.0,1.0,0.7258107792501554,0.9368413571913997,0.7388472066025383,0.9335621543923064,0.9280094052429944,0.9369307277638933,0.9365501540614664,0.9460952271218537,0.9704444247404183,0.9704444247404183,0.5999091002873828,0.0017683782034436503,0.8579804117542565,0.5759186082847797,-0.3396133486952866,0.011932218894551563,0.7945434868671887,0.7554526564662123,0.8828392057355074,0.8565890607434858,0.7673501892782817,0.8833245844217902,0.788547649180684,0.7133685062179026,0.8065693451432099,0.8607337848888345,0.8136222890796129],[0.9104122833942151,0.911234895135438,0.9104122833942151,0.8937776029508882,0.8937776029508882,0.935018103800262,0.935018103800262,1.0,1.0,0.7258107792501554,0.9368413571913997,0.7388472066025383,0.9335621543923064,0.9280094052429944,0.9369307277638933,0.9365501540614664,0.9460952271218537,0.9704444247404183,0.9704444247404183,0.5999091002873828,0.0017683782034436503,0.8579804117542565,0.5759186082847797,-0.3396133486952866,0.011932218894551563,0.7945434868671887,0.7554526564662123,0.8828392057355074,0.8565890607434858,0.7673501892782817,0.8833245844217902,0.788547649180684,0.7133685062179026,0.8065693451432099,0.8607337848888345,0.8136222890796129],[0.7898231242590869,0.7914112838904946,0.7898231242590869,0.7570228061739742,0.7570228061739742,0.7660579952823481,0.7660579952823481,0.7258107792501554,0.7258107792501554,1.0,0.6321806715185162,0.9999697932691154,0.5445970445492839,0.44465512720885125,0.6343014671925228,0.7614165261711674,0.6939144271275022,0.808343485892749,0.808343485892749,0.6914542199647327,-0.0980757180670247,0.7267205687621668,0.0360454733725902,0.04955142827361415,-0.24291163149764108,0.7768481371475445,0.5039029142013429,0.747661920336635,0.8095702789325024,0.6798434535778988,0.3444915424454276,0.5273710524543327,0.5632537568210195,0.7829035717986278,0.6421579983315525,0.1702874002173443],[0.9947686164681757,0.9947620198535588,0.9947686164681757,0.9995853361953924,0.9995853361953924,0.9550956780510392,0.9550956780510392,0.9368413571913997,0.9368413571913997,0.6321806715185162,1.0,0.6320165400299605,0.9916722448774747,0.9898062115191062,0.9999337926493936,0.9536270831710076,0.9941824114083475,0.8966362109712562,0.8966362109712562,0.8523172028080839,-0.03267930749909408,0.9967390031526981,0.9003158710627992,-0.5310391911310629,0.38246382422609754,0.8168176118394942,0.889422425937121,0.9342978271710579,0.8922526758330761,0.8124813320049354,0.9258900822554144,0.8623579556310632,0.7552622783402998,0.9056237255498709,0.9478825915714949,0.7975636042126445],[0.7413296608380008,0.7415529853309376,0.7413296608380008,0.7071284012028538,0.7071284012028538,0.7459863261125179,0.7459863261125179,0.7388472066025383,0.7388472066025383,0.9999697932691154,0.6320165400299605,1.0,0.5423496726975628,0.44186378995444914,0.6327328121743292,0.7513121990106917,0.6924787985991098,0.8030147078576004,0.8030147078576004,0.648760648377846,0.031149726221540386,0.6784891546619868,0.41044580569512185,-0.16577397333504718,-0.23153666455142444,0.8051416248963208,0.4039140237204915,0.7182743392145249,0.7802776721923073,0.7022338294141011,0.552066942072484,0.6971920573218546,0.6801914512057007,0.7370516794860889,0.6255044569484567,0.6562922175750563],[0.9915358924878135,0.991211752972554,0.9915358924878135,0.9920968011781024,0.9920968011781024,0.966397482219878,0.966397482219878,0.9335621543923064,0.9335621543923064,0.5445970445492839,0.9916722448774747,0.5423496726975628,1.0,0.9998072465130095,0.9915821590782198,0.9626056313132315,0.9897424373022292,0.8770327373824118,0.8770327373824118,0.8311808249676054,-0.013178003894344419,0.9907116790524042,0.916349757842571,-0.6719845751843629,0.4528589522285204,0.7821407822233931,0.9048872582062036,0.9352257791660941,0.872212341956095,0.7496679785047129,0.9269197845014479,0.833884347252469,0.7213066352974823,0.8869838774211741,0.9559078995063761,0.8220451042087674],[0.9920108276287146,0.991509008111,0.9920108276287146,0.9899274574923803,0.9899274574923803,0.9636684250327318,0.9636684250327318,0.9280094052429944,0.9280094052429944,0.44465512720885125,0.9898062115191062,0.44186378995444914,0.9998072465130095,1.0,0.9898695127390646,0.9589976610207637,0.989456985781622,0.8605989144007522,0.8605989144007522,0.8531640486564991,-0.13765534414328695,0.9875292996594487,0.9221070551535733,-0.8285405090447012,0.48836859601919647,0.7317562975017226,0.9109327391747457,0.9272155743234421,0.8553552617506878,0.6893536202762766,0.934068507326988,0.8263763543521137,0.6586714569739744,0.9070442598255639,0.956610473610328,0.7972736412232804],[0.9948607811264811,0.9948670966565228,0.9948607811264811,0.9995364900416676,0.9995364900416676,0.9550852285013984,0.9550852285013984,0.9369307277638933,0.9369307277638933,0.6343014671925228,0.9999337926493936,0.6327328121743292,0.9915821590782198,0.9898695127390646,1.0,0.9538343998106719,0.9942972888298659,0.8971546385044653,0.8971546385044653,0.8532653072573335,-0.032797805880958944,0.9965846877975295,0.8998527420842158,-0.5287179203772973,0.38327311959478866,0.8174847471245227,0.8878984552594402,0.9339720309360942,0.8925058169419069,0.8136808308988117,0.925551091014782,0.8633164635991385,0.7560691468309872,0.9055664322377224,0.9480375848076279,0.7986320294243455],[0.9757541815446497,0.9753064274302459,0.9757541815446497,0.9583021317432705,0.9583021317432705,0.9990725089234817,0.9990725089234817,0.9365501540614664,0.9365501540614664,0.7614165261711674,0.9536270831710076,0.7513121990106917,0.9626056313132315,0.9589976610207637,0.9538343998106719,1.0,0.976001811151013,0.9178441922680373,0.9178441922680373,0.7002394245731212,-0.1049209487480714,0.9473417502756871,0.674195217345682,-0.44417949660998945,-0.15906383206245253,0.8953589803311494,0.8483557659825463,0.9332919010543199,0.9047418588578111,0.7886218585249496,0.8683292257150617,0.7912189499715785,0.752694482772284,0.8913637252983819,0.8737534564421268,0.8036399607937126],[0.9991734589271332,0.9991745767259005,0.9991734589271332,0.9949231157540737,0.9949231157540737,0.9758158838838147,0.9758158838838147,0.9460952271218537,0.9460952271218537,0.6939144271275022,0.9941824114083475,0.6924787985991098,0.9897424373022292,0.989456985781622,0.9942972888298659,0.976001811151013,1.0,0.9242913519473652,0.9242913519473652,0.8639507931813949,-0.01644177479339043,0.9877262345725899,0.8709264960859013,-0.5116433358603019,0.3976439908047049,0.8634882820485001,0.8770419928861045,0.9465082790428531,0.9231268756794143,0.8342534053099363,0.9141101481316087,0.8945903285293844,0.7999226274943416,0.9194284261492301,0.9567501733058579,0.8483404245990255],[0.9136154051117165,0.9135466765454445,0.9136154051117165,0.8866469916248277,0.8866469916248277,0.9168516813506218,0.9168516813506218,0.9704444247404183,0.9704444247404183,0.808343485892749,0.8966362109712562,0.8030147078576004,0.8770327373824118,0.8605989144007522,0.8971546385044653,0.9178441922680373,0.9242913519473652,1.0,1.0,0.7493660530862833,-0.05308378458859175,0.8504738534093709,0.5705056467743314,-0.222951270806852,-0.20296144635620797,0.8328873182014297,0.7119604601943996,0.8427513380912292,0.9195438770588024,0.8442954818334643,0.7988748882193949,0.7646160019859531,0.7081224798038668,0.8512170531941998,0.7855200292025373,0.8572872728454672],[0.9136154051117165,0.9135466765454445,0.9136154051117165,0.8866469916248277,0.8866469916248277,0.9168516813506218,0.9168516813506218,0.9704444247404183,0.9704444247404183,0.808343485892749,0.8966362109712562,0.8030147078576004,0.8770327373824118,0.8605989144007522,0.8971546385044653,0.9178441922680373,0.9242913519473652,1.0,1.0,0.7493660530862833,-0.05308378458859175,0.8504738534093709,0.5705056467743314,-0.222951270806852,-0.20296144635620797,0.8328873182014297,0.7119604601943996,0.8427513380912292,0.9195438770588024,0.8442954818334643,0.7988748882193949,0.7646160019859531,0.7081224798038668,0.8512170531941998,0.7855200292025373,0.8572872728454672],[0.7780573929669438,0.7958985553234794,0.7780573929669438,0.7500229046835174,0.7500229046835174,0.6516715479540082,0.6516715479540082,0.5999091002873828,0.5999091002873828,0.6914542199647327,0.8523172028080839,0.648760648377846,0.8311808249676054,0.8531640486564991,0.8532653072573335,0.7002394245731212,0.8639507931813949,0.7493660530862833,0.7493660530862833,1.0,0.0241955595183891,0.7108356079461993,-0.33565815186835557,0.29365557079152366,-0.6521329972843638,0.3687623315807151,0.6762538494229117,0.5235331414656549,0.8394559640762979,0.7014818718339534,0.14733980292544083,0.3257110260980674,0.5707270264771782,0.7855541882348723,0.4935167929230078,-0.1305709130377532],[-0.16763387180932537,0.04425288464142584,-0.16763387180932537,-0.17587292107762495,-0.17587292107762495,-0.11957088148722898,-0.11957088148722898,0.0017683782034436503,0.0017683782034436503,-0.0980757180670247,-0.03267930749909408,0.031149726221540386,-0.013178003894344419,-0.13765534414328695,-0.032797805880958944,-0.1049209487480714,-0.01644177479339043,-0.05308378458859175,-0.05308378458859175,0.0241955595183891,1.0,-0.11505432181665898,0.09335260709493036,0.16894116114680263,0.7454215274376335,-0.10234987705537739,-0.0745406196322704,-0.03431850737813216,0.1462369900661917,-0.01665448484524644,0.015295967516420901,0.30790768015306275,0.5584605555079342,-0.13942981372415583,0.0846366071022185,0.14348664205623723],[0.9791446538280087,0.9715032288161799,0.9791446538280087,0.9915253711456283,0.9915253711456283,0.9421888974681426,0.9421888974681426,0.8579804117542565,0.8579804117542565,0.7267205687621668,0.9967390031526981,0.6784891546619868,0.9907116790524042,0.9875292996594487,0.9965846877975295,0.9473417502756871,0.9877262345725899,0.8504738534093709,0.8504738534093709,0.7108356079461993,-0.11505432181665898,1.0,0.1467146502369034,-0.22888262025323514,-0.28610345059244824,0.6724108796508937,0.9239129731547379,0.9030803536006339,0.8434880372743936,0.7550444015478279,0.6351225923904207,0.6065100208512648,0.5205402659752489,0.9019180462286244,0.6932711877186569,0.21553461444766528],[0.21048489644711862,-0.013042147938928987,0.21048489644711862,0.23894122242573665,0.23894122242573665,0.3556457499931748,0.3556457499931748,0.5759186082847797,0.5759186082847797,0.0360454733725902,0.9003158710627992,0.41044580569512185,0.916349757842571,0.9221070551535733,0.8998527420842158,0.674195217345682,0.8709264960859013,0.5705056467743314,0.5705056467743314,-0.33565815186835557,0.09335260709493036,0.1467146502369034,1.0,-0.4714643843298446,0.6974142650978986,0.3953345426727055,0.17045883528269892,0.34578654670856773,-0.06539599547985926,0.10936459848134003,0.6151232343029744,0.4947764130492302,0.20939722201496921,0.04918714723687421,0.41510629055092996,0.48028062685344575],[-0.13768029362110282,-0.13069261917762182,-0.13768029362110282,-0.17421140132025673,-0.17421140132025673,-0.31339212988124243,-0.31339212988124243,-0.3396133486952866,-0.3396133486952866,0.04955142827361415,-0.5310391911310629,-0.16577397333504718,-0.6719845751843629,-0.8285405090447012,-0.5287179203772973,-0.44417949660998945,-0.5116433358603019,-0.222951270806852,-0.222951270806852,0.29365557079152366,0.16894116114680263,-0.22888262025323514,-0.4714643843298446,1.0,-0.02481458430224491,-0.18507828792169936,-0.22989819161132014,-0.3252739179667259,-0.0671770485520687,-0.09823145453570985,-0.5768618404149306,-0.21904643274711882,-0.03569269582511036,-0.07639058295785227,-0.24870052557890035,-0.4186266575516366],[-0.24273399262220627,-0.24281003337004944,-0.24273399262220627,-0.2409006609677934,-0.2409006609677934,-0.11850000292007509,-0.11850000292007509,0.011932218894551563,0.011932218894551563,-0.24291163149764108,0.38246382422609754,-0.23153666455142444,0.4528589522285204,0.48836859601919647,0.38327311959478866,-0.15906383206245253,0.3976439908047049,-0.20296144635620797,-0.20296144635620797,-0.6521329972843638,0.7454215274376335,-0.28610345059244824,0.6974142650978986,-0.02481458430224491,1.0,-0.10726840239072648,-0.21908122386091772,-0.06806968433970334,-0.3491132489828739,-0.3269628061420201,0.06015035226108162,0.15625486213161804,0.2605526408143189,-0.3721007294258333,0.10306523652105941,0.08663684821393272],[0.8178572011564376,0.6575381321493624,0.8178572011564376,0.8061685526011924,0.8061685526011924,0.8838467629739947,0.8838467629739947,0.7945434868671887,0.7945434868671887,0.7768481371475445,0.8168176118394942,0.8051416248963208,0.7821407822233931,0.7317562975017226,0.8174847471245227,0.8953589803311494,0.8634882820485001,0.8328873182014297,0.8328873182014297,0.3687623315807151,-0.10234987705537739,0.6724108796508937,0.3953345426727055,-0.18507828792169936,-0.10726840239072648,1.0,0.548756529237446,0.8434310868995042,0.5086193107613218,0.6396473150790276,0.5697909990067361,0.6676960957020501,0.4310831939703673,0.7155667876047738,0.7126163966583391,0.43085762245877884],[0.9038410968157365,0.9038326021552708,0.9038410968157365,0.920054220675081,0.920054220675081,0.8576875319085521,0.8576875319085521,0.7554526564662123,0.7554526564662123,0.5039029142013429,0.889422425937121,0.4039140237204915,0.9048872582062036,0.9109327391747457,0.8878984552594402,0.8483557659825463,0.8770419928861045,0.7119604601943996,0.7119604601943996,0.6762538494229117,-0.0745406196322704,0.9239129731547379,0.17045883528269892,-0.22989819161132014,-0.21908122386091772,0.548756529237446,1.0,0.8010955921295515,0.7538604748336365,0.6570562902146571,0.5633898781345822,0.5109056241252148,0.48947644468884355,0.8267820948716511,0.6492022292596658,0.15370127809076978],[0.9199821062109768,0.8976340687857112,0.9199821062109768,0.9194799468302726,0.9194799468302726,0.9368126797674534,0.9368126797674534,0.8828392057355074,0.8828392057355074,0.747661920336635,0.9342978271710579,0.7182743392145249,0.9352257791660941,0.9272155743234421,0.9339720309360942,0.9332919010543199,0.9465082790428531,0.8427513380912292,0.8427513380912292,0.5235331414656549,-0.03431850737813216,0.9030803536006339,0.34578654670856773,-0.3252739179667259,-0.06806968433970334,0.8434310868995042,0.8010955921295515,1.0,0.7612191440898946,0.6291058069785856,0.63344714594262,0.6175593709437462,0.5353933248145989,0.8307740689931514,0.8471298618542281,0.24616602730377868],[0.9192107429370442,0.9141714197050974,0.9192107429370442,0.89997262330401,0.89997262330401,0.8974071587360695,0.8974071587360695,0.8565890607434858,0.8565890607434858,0.8095702789325024,0.8922526758330761,0.7802776721923073,0.872212341956095,0.8553552617506878,0.8925058169419069,0.9047418588578111,0.9231268756794143,0.9195438770588024,0.9195438770588024,0.8394559640762979,0.1462369900661917,0.8434880372743936,-0.06539599547985926,-0.0671770485520687,-0.3491132489828739,0.5086193107613218,0.7538604748336365,0.7612191440898946,1.0,0.9096781005958801,0.5666780144541192,0.6982042429746553,0.6689680587017616,0.8825751270489179,0.5289848200597906,0.3153932151602331],[0.7857361199434517,0.7951931091473301,0.7857361199434517,0.7872946062924527,0.7872946062924527,0.7532994174138853,0.7532994174138853,0.7673501892782817,0.7673501892782817,0.6798434535778988,0.8124813320049354,0.7022338294141011,0.7496679785047129,0.6893536202762766,0.8136808308988117,0.7886218585249496,0.8342534053099363,0.8442954818334643,0.8442954818334643,0.7014818718339534,-0.01665448484524644,0.7550444015478279,0.10936459848134003,-0.09823145453570985,-0.3269628061420201,0.6396473150790276,0.6570562902146571,0.6291058069785856,0.9096781005958801,1.0,0.6001674985105698,0.6813466217934514,0.6136961184265505,0.7431338675805113,0.6056751747444209,0.4855401404441635],[0.6029539724162882,0.5952207659073206,0.6029539724162882,0.6327114388101883,0.6327114388101883,0.7737955547975732,0.7737955547975732,0.8833245844217902,0.8833245844217902,0.3444915424454276,0.9258900822554144,0.552066942072484,0.9269197845014479,0.934068507326988,0.925551091014782,0.8683292257150617,0.9141101481316087,0.7988748882193949,0.7988748882193949,0.14733980292544083,0.015295967516420901,0.6351225923904207,0.6151232343029744,-0.5768618404149306,0.06015035226108162,0.5697909990067361,0.5633898781345822,0.63344714594262,0.5666780144541192,0.6001674985105698,1.0,0.7492477432851172,0.38912603839669163,0.5387300515936932,0.6236685679912315,0.7521107433581649],[0.6473352171349479,0.6447928017000691,0.6473352171349479,0.6389724639140203,0.6389724639140203,0.7451075710785982,0.7451075710785982,0.788547649180684,0.788547649180684,0.5273710524543327,0.8623579556310632,0.6971920573218546,0.833884347252469,0.8263763543521137,0.8633164635991385,0.7912189499715785,0.8945903285293844,0.7646160019859531,0.7646160019859531,0.3257110260980674,0.30790768015306275,0.6065100208512648,0.4947764130492302,-0.21904643274711882,0.15625486213161804,0.6676960957020501,0.5109056241252148,0.6175593709437462,0.6982042429746553,0.6813466217934514,0.7492477432851172,1.0,0.7794294217697733,0.5194659852283172,0.7373935453711328,0.5592653870432114],[0.622114231097313,0.6468198051380576,0.622114231097313,0.58955172369758,0.58955172369758,0.6960448872965029,0.6960448872965029,0.7133685062179026,0.7133685062179026,0.5632537568210195,0.7552622783402998,0.6801914512057007,0.7213066352974823,0.6586714569739744,0.7560691468309872,0.752694482772284,0.7999226274943416,0.7081224798038668,0.7081224798038668,0.5707270264771782,0.5584605555079342,0.5205402659752489,0.20939722201496921,-0.03569269582511036,0.2605526408143189,0.4310831939703673,0.48947644468884355,0.5353933248145989,0.6689680587017616,0.6136961184265505,0.38912603839669163,0.7794294217697733,1.0,0.4977920800230225,0.6629674580344856,0.21106505988935834],[0.9351385680352896,0.9331296942495326,0.9351385680352896,0.9235196670229339,0.9235196670229339,0.8703339515100396,0.8703339515100396,0.8065693451432099,0.8065693451432099,0.7829035717986278,0.9056237255498709,0.7370516794860889,0.8869838774211741,0.9070442598255639,0.9055664322377224,0.8913637252983819,0.9194284261492301,0.8512170531941998,0.8512170531941998,0.7855541882348723,-0.13942981372415583,0.9019180462286244,0.04918714723687421,-0.07639058295785227,-0.3721007294258333,0.7155667876047738,0.8267820948716511,0.8307740689931514,0.8825751270489179,0.7431338675805113,0.5387300515936932,0.5194659852283172,0.4977920800230225,1.0,0.7532171921362384,0.1998569817994646],[0.8485236070540911,0.7132042052581926,0.8485236070540911,0.8391544217098904,0.8391544217098904,0.8764823939309533,0.8764823939309533,0.8607337848888345,0.8607337848888345,0.6421579983315525,0.9478825915714949,0.6255044569484567,0.9559078995063761,0.956610473610328,0.9480375848076279,0.8737534564421268,0.9567501733058579,0.7855200292025373,0.7855200292025373,0.4935167929230078,0.0846366071022185,0.6932711877186569,0.41510629055092996,-0.24870052557890035,0.10306523652105941,0.7126163966583391,0.6492022292596658,0.8471298618542281,0.5289848200597906,0.6056751747444209,0.6236685679912315,0.7373935453711328,0.6629674580344856,0.7532171921362384,1.0,0.2125719862531226],[0.21950111588994856,0.2168887231950909,0.21950111588994856,0.23265789102254492,0.23265789102254492,0.4911364895970818,0.4911364895970818,0.8136222890796129,0.8136222890796129,0.1702874002173443,0.7975636042126445,0.6562922175750563,0.8220451042087674,0.7972736412232804,0.7986320294243455,0.8036399607937126,0.8483404245990255,0.8572872728454672,0.8572872728454672,-0.1305709130377532,0.14348664205623723,0.21553461444766528,0.48028062685344575,-0.4186266575516366,0.08663684821393272,0.43085762245877884,0.15370127809076978,0.24616602730377868,0.3153932151602331,0.4855401404441635,0.7521107433581649,0.5592653870432114,0.21106505988935834,0.1998569817994646,0.2125719862531226,1.0]],"x":["^TAIEX       \u81fa\u7063\u52a0\u6b0a\u5831\u916c\u6307\u6578","^TWII        \u81fa\u7063\u52a0\u6b0a\u6307\u6578","^TAIEXx2     \u81fa\u7063\u52a0\u6b0a\u5831\u916c\u6307\u6578_\u65e5\u6b632","^TAI50I      \u81fa\u706350\u5831\u916c\u6307\u6578","^TAI50Ix2    \u81fa\u706350\u5831\u916c\u6307\u6578_\u65e5\u6b632","^TAI100I     \u81fa\u7063\u4e2d\u578b100\u5831\u916c\u6307\u6578","^TAI100Ix2   \u81fa\u7063\u4e2d\u578b100\u5831\u916c\u6307\u6578_\u65e5\u6b632","^TAIDIVIDI   \u81fa\u7063\u9ad8\u80a1\u606f\u5831\u916c\u6307\u6578","^TAIDIVIDIx2 \u81fa\u7063\u9ad8\u80a1\u606f\u5831\u916c\u6307\u6578_\u65e5\u6b632","0050Fund     \u5143\u5927\u53f0\u7063\u5353\u8d8a50\u57fa\u91d1","006208Fund   \u5bcc\u90a6\u53f0\u7063\u91c6\u540950\u57fa\u91d1","0050         \u5143\u5927\u81fa\u706350","00631L       \u5143\u5927\u53f0\u706350\u6b632","00675L       \u5bcc\u90a6\u81fa\u7063\u52a0\u6b0a\u6b632","006208       \u5bcc\u90a6\u53f050","0051         \u5143\u5927\u4e2d\u578b100","006204       \u6c38\u8c50\u81fa\u7063\u52a0\u6b0a","0056         \u5143\u5927\u9ad8\u80a1\u606f","0056         \u5143\u5927\u9ad8\u80a1\u606f_\u80a1\u606f\u4e0d\u6295\u5165","2412         \u4e2d\u83ef\u96fb\u4fe1","2002         \u4e2d\u92fc","2330         \u53f0\u7a4d\u96fb","2317         \u9d3b\u6d77","6505         \u53f0\u5851\u77f3\u5316","3481         \u7fa4\u5275","2303         \u806f\u96fb","2308         \u53f0\u9054\u96fb","2454         \u806f\u767c\u79d1","2886         \u5146\u8c50\u91d1","2884         \u7389\u5c71\u91d1","2891         \u4e2d\u4fe1\u91d1","2892         \u7b2c\u4e00\u91d1","5880         \u5408\u5eab\u91d1","2881         \u5bcc\u90a6\u91d1","2885         \u5143\u5927\u91d1","2887         \u53f0\u65b0\u91d1"],"y":["^TAIEX       \u81fa\u7063\u52a0\u6b0a\u5831\u916c\u6307\u6578","^TWII        \u81fa\u7063\u52a0\u6b0a\u6307\u6578","^TAIEXx2     \u81fa\u7063\u52a0\u6b0a\u5831\u916c\u6307\u6578_\u65e5\u6b632","^TAI50I      \u81fa\u706350\u5831\u916c\u6307\u6578","^TAI50Ix2    \u81fa\u706350\u5831\u916c\u6307\u6578_\u65e5\u6b632","^TAI100I     \u81fa\u7063\u4e2d\u578b100\u5831\u916c\u6307\u6578","^TAI100Ix2   \u81fa\u7063\u4e2d\u578b100\u5831\u916c\u6307\u6578_\u65e5\u6b632","^TAIDIVIDI   \u81fa\u7063\u9ad8\u80a1\u606f\u5831\u916c\u6307\u6578","^TAIDIVIDIx2 \u81fa\u7063\u9ad8\u80a1\u606f\u5831\u916c\u6307\u6578_\u65e5\u6b632","0050Fund     \u5143\u5927\u53f0\u7063\u5353\u8d8a50\u57fa\u91d1","006208Fund   \u5bcc\u90a6\u53f0\u7063\u91c6\u540950\u57fa\u91d1","0050         \u5143\u5927\u81fa\u706350","00631L       \u5143\u5927\u53f0\u706350\u6b632","00675L       \u5bcc\u90a6\u81fa\u7063\u52a0\u6b0a\u6b632","006208       \u5bcc\u90a6\u53f050","0051         \u5143\u5927\u4e2d\u578b100","006204       \u6c38\u8c50\u81fa\u7063\u52a0\u6b0a","0056         \u5143\u5927\u9ad8\u80a1\u606f","0056         \u5143\u5927\u9ad8\u80a1\u606f_\u80a1\u606f\u4e0d\u6295\u5165","2412         \u4e2d\u83ef\u96fb\u4fe1","2002         \u4e2d\u92fc","2330         \u53f0\u7a4d\u96fb","2317         \u9d3b\u6d77","6505         \u53f0\u5851\u77f3\u5316","3481         \u7fa4\u5275","2303         \u806f\u96fb","2308         \u53f0\u9054\u96fb","2454         \u806f\u767c\u79d1","2886         \u5146\u8c50\u91d1","2884         \u7389\u5c71\u91d1","2891         \u4e2d\u4fe1\u91d1","2892         \u7b2c\u4e00\u91d1","5880         \u5408\u5eab\u91d1","2881         \u5bcc\u90a6\u91d1","2885         \u5143\u5927\u91d1","2887         \u53f0\u65b0\u91d1"],"zmin":-1,"zmax":1,"colorbar":{"x":-0.2}}],"layout":{"autotypenumbers":"strict","colorway":["#636efa","#EF553B","#00cc96","#ab63fa","#FFA15A","#19d3f3","#FF6692","#B6E880","#FF97FF","#FECB52"],"font":{"color":"#f2f5fa","family":"Courier New"},"hovermode":"closest","hoverlabel":{"align":"left"},"paper_bgcolor":"rgb(17,17,17)","plot_bgcolor":"rgb(17,17,17)","polar":{"bgcolor":"rgb(17,17,17)","angularaxis":{"gridcolor":"#506784","linecolor":"#506784","ticks":""},"radialaxis":{"gridcolor":"#506784","linecolor":"#506784","ticks":""}},"ternary":{"bgcolor":"rgb(17,17,17)","aaxis":{"gridcolor":"#506784","linecolor":"#506784","ticks":""},"baxis":{"gridcolor":"#506784","linecolor":"#506784","ticks":""},"caxis":{"gridcolor":"#506784","linecolor":"#506784","ticks":""}},"coloraxis":{"colorbar":{"outlinewidth":0,"ticks":""}},"colorscale":{"sequential":[[0.0,"#0d0887"],[0.1111111111111111,"#46039f"],[0.2222222222222222,"#7201a8"],[0.3333333333333333,"#9c179e"],[0.4444444444444444,"#bd3786"],[0.5555555555555556,"#d8576b"],[0.6666666666666666,"#ed7953"],[0.7777777777777778,"#fb9f3a"],[0.8888888888888888,"#fdca26"],[1.0,"#f0f921"]],"sequentialminus":[[0.0,"#0d0887"],[0.1111111111111111,"#46039f"],[0.2222222222222222,"#7201a8"],[0.3333333333333333,"#9c179e"],[0.4444444444444444,"#bd3786"],[0.5555555555555556,"#d8576b"],[0.6666666666666666,"#ed7953"],[0.7777777777777778,"#fb9f3a"],[0.8888888888888888,"#fdca26"],[1.0,"#f0f921"]],"diverging":[[0,"#8e0152"],[0.1,"#c51b7d"],[0.2,"#de77ae"],[0.3,"#f1b6da"],[0.4,"#fde0ef"],[0.5,"#f7f7f7"],[0.6,"#e6f5d0"],[0.7,"#b8e186"],[0.8,"#7fbc41"],[0.9,"#4d9221"],[1,"#276419"]]},"xaxis":{"gridcolor":"rgba(0, 0, 0, 0)","linecolor":"#506784","ticks":"","title":{"standoff":15},"zerolinecolor":"#283442","automargin":true,"zerolinewidth":2,"tickfont":{"family":"Courier New","size":14},"side":"top","tickangle":-90},"yaxis":{"gridcolor":"rgba(0, 0, 0, 0)","linecolor":"#506784","ticks":"","title":{"standoff":15},"zerolinecolor":"#283442","automargin":true,"zerolinewidth":2,"tickfont":{"family":"Courier New"},"side":"right"},"scene":{"xaxis":{"backgroundcolor":"rgb(17,17,17)","gridcolor":"#506784","linecolor":"#506784","showbackground":true,"ticks":"","zerolinecolor":"#C8D4E3","gridwidth":2},"yaxis":{"backgroundcolor":"rgb(17,17,17)","gridcolor":"#506784","linecolor":"#506784","showbackground":true,"ticks":"","zerolinecolor":"#C8D4E3","gridwidth":2},"zaxis":{"backgroundcolor":"rgb(17,17,17)","gridcolor":"#506784","linecolor":"#506784","showbackground":true,"ticks":"","zerolinecolor":"#C8D4E3","gridwidth":2}},"shapedefaults":{"line":{"color":"#f2f5fa"}},"annotationdefaults":{"arrowcolor":"#f2f5fa","arrowhead":0,"arrowwidth":1},"geo":{"bgcolor":"rgb(17,17,17)","landcolor":"rgb(17,17,17)","subunitcolor":"#506784","showland":true,"showlakes":true,"lakecolor":"rgb(17,17,17)"},"title":{"x":0.05,"font":{"family":"Times New Roman"},"y":0.05,"text":"<b>Correlation of Close<b><br><i>2016-09-23 ~ 2026-02-02<i>"},"updatemenudefaults":{"bgcolor":"#506784","borderwidth":0},"sliderdefaults":{"bgcolor":"#C8D4E3","borderwidth":1,"bordercolor":"rgb(17,17,17)","tickwidth":0},"mapbox":{"style":"dark"},"annotations":[{"text":"<b>@zwindr<b>","textangle":0,"opacity":0.5,"font":{"color":"white","size":12},"xref":"paper","yref":"paper","xanchor":"left","yanchor":"bottom","x":1.0,"y":1.0,"showarrow":false}]},"config":{"responsive":true,"toImageButtonOptions":{"filename":"Correlation of Close_2016-09-23~2026-02-02","scale":5}}};Plotly.newPlot("correlationClose",correlationClose.data,correlationClose.layout||{},correlationClose.config);}else{console.log("style display is none => correlationClose");}