var element=document.getElementById("correlationAdjClose");if(element.style.display!='none'){var correlationAdjClose={"data":[{"type":"heatmap","z":[[1.0,0.9959409534194549,0.9669425391527394,0.9965454556590809,0.9387172976865382,0.9867531927293242,0.9617652803234954,0.9838291063994742,0.9783673524841432,0.9966904434702498,0.9963587948062296,0.996730769791998,0.946851161240615,0.9907455053917683,0.9964595141528015,0.9876952203827675,0.9997519037664647,0.9833758659034285,0.8911990183996625,0.9068244596934025,0.6380983247294588,0.9840277847961146,0.9424359169962455,0.30995750765340935,-0.2609211015586583,0.906388339384333,0.9064666037003871,0.9664895170890075,0.9612622901703404,0.9581795395320631,0.9829502796498951,0.9596025020097675,0.9225306443962762,0.9795721409366902,0.9799562439967867,0.9622204901671542],[0.9959409534194549,1.0,0.9665822969280485,0.9928804182015045,0.9387948542728469,0.9833244285910783,0.9595566824650268,0.9758950877848999,0.9729775439485481,0.9939986273974262,0.9956226288727612,0.9952034932416128,0.9455716662659357,0.9907435365117462,0.9956819129470137,0.9833681395169283,0.9979054973439521,0.9775075496053679,0.9065001914530774,0.896975903186176,0.6633557580244379,0.9724704733585713,0.9263543005536939,0.30866770087340967,-0.19955719812332354,0.887726422963256,0.9064644118770758,0.9656583239398328,0.944197858668247,0.9469693272995768,0.9757705764813548,0.9465634209181565,0.9220204108626262,0.971117774847427,0.9728527090065715,0.9575242674375312],[0.9669425391527394,0.9665822969280485,1.0,0.9810235356612528,0.9937121012923886,0.9613431060931411,0.9789323561727009,0.9296642477699677,0.9602200139256576,0.9809193514509416,0.9877380390624152,0.9845691544205782,0.9334442109203817,0.9970572799656695,0.9875370880401877,0.9587484018773562,0.9784961968902192,0.9291976049674328,0.8226760976856112,0.7871440550493047,0.47882650505757374,0.9911255872026151,0.9217034275104741,0.1355884502158516,-0.17223532093908275,0.8668819608771006,0.956112327115068,0.9569032861318321,0.8690035623242748,0.8757262123958444,0.9613942855571006,0.8712342888015251,0.8319218206848401,0.9334863495273624,0.9661252808824852,0.9118855871212608],[0.9965454556590809,0.9928804182015045,0.9810235356612528,1.0,0.9606913292590773,0.9782279864870765,0.9622908034208224,0.970710376130426,0.9726376492620388,0.9999772013584809,0.9999939392851144,0.9999701823664474,0.9450292690607771,0.9933054499049376,0.9999611779277309,0.976611776040723,0.996035892388359,0.9698734744066269,0.868118244036266,0.8820300808901254,0.5920444431031792,0.9944575237969955,0.9438112992306685,0.2720135542444778,-0.24469663437748485,0.8942044771085405,0.9273387894801817,0.9672907132710781,0.9409663290067073,0.9453554037599182,0.9841651373622629,0.9401931889737237,0.8987848334395331,0.9716717041362001,0.9782473514427912,0.9504355705374828],[0.9387172976865382,0.9387948542728469,0.9937121012923886,0.9606913292590773,1.0,0.9261834808694507,0.9552736786388893,0.8890566586139679,0.9277914594608219,0.9610292411786746,0.9712075908467442,0.9670571004373804,0.9103552091300396,0.9821615743657482,0.9708919414775437,0.9226098948830701,0.9527880383188687,0.8883470597362646,0.7733254094599101,0.7400048696769758,0.41735592520536535,0.9788180371488062,0.9001255165819143,0.09771618908278394,-0.15289728036629271,0.821631881177414,0.9680915943339254,0.9292735689369894,0.8194056530198556,0.8346306447087664,0.9384195382168584,0.8234759474847848,0.7763078337063609,0.8981300832095652,0.9385817142636125,0.8725530599885453],[0.9867531927293242,0.9833244285910783,0.9613431060931411,0.9782279864870765,0.9261834808694507,1.0,0.9827163259656143,0.9813460137370412,0.9855110885512702,0.9778073525663384,0.9724188946545569,0.975758506147037,0.9300017568451068,0.9647192671285927,0.9724288887718667,0.9999154417088827,0.9885268628298393,0.9820657213616447,0.8981876280596812,0.8701016137089633,0.6081974675884138,0.9685238125911656,0.9194053861639961,0.196768537771443,-0.19489359983310628,0.9354037678239498,0.8809841015602864,0.970141739754188,0.949191889967833,0.9345203251499942,0.965650189964939,0.9487049797146486,0.9363730150071482,0.9644482912116917,0.9828992729968739,0.9646528696076615],[0.9617652803234954,0.9595566824650268,0.9789323561727009,0.9622908034208224,0.9552736786388893,0.9827163259656143,1.0,0.9479726988893687,0.9818178151548363,0.9612908061234026,0.9697759466001286,0.9666240890427751,0.9308557401288643,0.9796217794317955,0.9694413813014616,0.9838251410121805,0.9776694883847514,0.9500778905214187,0.8538941228137468,0.7873660001009524,0.489550034366573,0.965818538733019,0.9172281767015777,0.06307456364582702,-0.13273788524221664,0.8935156092825995,0.9067255555469572,0.9630559226788223,0.884830811715792,0.8694193153634368,0.9505219887447947,0.8850514669743625,0.8752867063570521,0.9329205248058013,0.9747528349065386,0.9240380097484958],[0.9838291063994742,0.9758950877848999,0.9296642477699677,0.970710376130426,0.8890566586139679,0.9813460137370412,0.9479726988893687,1.0,0.9841067041379193,0.9706814731518928,0.9647731938119195,0.9695246410476782,0.9243810962733321,0.9438587774047276,0.9652912546651163,0.9832227259956964,0.9803045799019235,0.999894817228162,0.9304481569045977,0.9322871273471309,0.5903847215900002,0.9538998719161019,0.9115934673146354,0.17383481348302862,-0.287097720648161,0.9165930517366268,0.827985435219405,0.9501249841253887,0.977241241206716,0.9607041971700061,0.9668141415602346,0.967379295257503,0.9353286261513756,0.9678036345353662,0.9597680024615964,0.9710797535352294],[0.9783673524841432,0.9729775439485481,0.9602200139256576,0.9726376492620388,0.9277914594608219,0.9855110885512702,0.9818178151548363,0.9841067041379193,1.0,0.9720535959449205,0.9670342079200607,0.9706047473199929,0.9313337313753591,0.9554687010467631,0.9670801706144528,0.9847397483013101,0.9769948457284663,0.9834832356113349,0.9021851122097865,0.8671752198218795,0.501550016719045,0.9666786064910933,0.9304935528180857,0.03618694212717333,-0.20821914976559688,0.8962326766276348,0.8586496223744723,0.9706658676297426,0.9334674975541194,0.9120654358988256,0.9679818716474261,0.9244808989900285,0.8968791063822235,0.9583468220945227,0.9768364960085767,0.9402696216414264],[0.9966904434702498,0.9939986273974262,0.9809193514509416,0.9999772013584809,0.9610292411786746,0.9778073525663384,0.9612908061234026,0.9706814731518928,0.9720535959449205,1.0,0.9999930708115318,0.9999851286269849,0.9448289862594271,0.9933088533618153,0.9999639170170981,0.9761900212360552,0.9959299838859633,0.9699300989794668,0.8696154218195572,0.883331149033696,0.5869054167767164,0.9946686525782397,0.944072942509649,0.2765393755377286,-0.2441547497718654,0.8943632938842779,0.9261020202130393,0.9661182252715163,0.9404466056759276,0.9443953228237068,0.9835225492127916,0.9394677462675578,0.8973378457500769,0.970852441150666,0.977543673754572,0.9494136481302254],[0.9963587948062296,0.9956226288727612,0.9877380390624152,0.9999939392851144,0.9712075908467442,0.9724188946545569,0.9697759466001286,0.9647731938119195,0.9670342079200607,0.9999930708115318,1.0,0.9999785516696592,0.9449759058871801,0.9933380996084243,0.9999659491447516,0.9718574869737708,0.9957694877902652,0.965175104461386,0.8854086601906105,0.9127066537504959,0.43565100703425974,0.9975347862753458,0.9330005005961363,-0.19898880707731428,0.4999747401518955,0.8842979200379405,0.9080416986608082,0.964794249393622,0.9251309135200382,0.9264441453459955,0.978055090166796,0.9160424104312278,0.862699244123395,0.9605799792587232,0.9840062499965838,0.9474637366135805],[0.996730769791998,0.9952034932416128,0.9845691544205782,0.9999701823664474,0.9670571004373804,0.975758506147037,0.9666240890427751,0.9695246410476782,0.9706047473199929,0.9999851286269849,0.9999785516696592,1.0,0.9448365331930049,0.993266789365763,0.9999737092055213,0.9753624371920357,0.9958534987868443,0.9693893056878132,0.8767575416303125,0.9012743500364149,0.5141621311473933,0.9966032122992085,0.9421538526814403,0.007122922618269774,-0.11318119563582206,0.9010268302666135,0.9165163117542743,0.9617653386659157,0.932113501656586,0.9341931451362263,0.981007495242412,0.9288683717567043,0.8873300268781626,0.9670372224419287,0.9775017641150191,0.9516684387624814],[0.946851161240615,0.9455716662659357,0.9334442109203817,0.9450292690607771,0.9103552091300396,0.9300017568451068,0.9308557401288643,0.9243810962733321,0.9313337313753591,0.9448289862594271,0.9449759058871801,0.9448365331930049,1.0,0.9341223082391977,0.944842280345237,0.9296447102186771,0.9471936220648924,0.9247628621671778,0.8463608339213237,0.8769777562947677,0.3559705724845621,0.9399169789615577,0.9036987887360028,-0.425776925226466,0.4750855669048198,0.8405967533540234,0.8237002167327583,0.9333881149087881,0.8833934074984231,0.875339408802038,0.9199557857296659,0.8712642611626908,0.8099452278118642,0.9279027644828358,0.9336444812229399,0.8993903504040767],[0.9907455053917683,0.9907435365117462,0.9970572799656695,0.9933054499049376,0.9821615743657482,0.9647192671285927,0.9796217794317955,0.9438587774047276,0.9554687010467631,0.9933088533618153,0.9933380996084243,0.993266789365763,0.9341223082391977,1.0,0.9933355807133631,0.9639987109191602,0.9912427296037122,0.944254682497132,0.8399796679081817,0.9036109065300753,0.1877683862583243,0.9902858543628591,0.9141877758400363,-0.7242380595273528,0.5076016181598234,0.825354941332793,0.929169829407972,0.9498595759247545,0.8789566993107273,0.8823362158547602,0.9599361174445398,0.8827281878357932,0.7837242002414169,0.9395249998892429,0.9741453702901095,0.9373673052041466],[0.9964595141528015,0.9956819129470137,0.9875370880401877,0.9999611779277309,0.9708919414775437,0.9724288887718667,0.9694413813014616,0.9652912546651163,0.9670801706144528,0.9999639170170981,0.9999659491447516,0.9999737092055213,0.944842280345237,0.9933355807133631,1.0,0.9719635594513921,0.9958605902853148,0.9655494114500818,0.88608610110868,0.9139044684833433,0.4381761954049347,0.9973522628094034,0.9331064458105471,-0.1958039330148059,0.497874688664315,0.8849426960939752,0.907432809941042,0.9645938953143687,0.9264047857769672,0.9274866977314118,0.978007878126941,0.9173774805186368,0.8643952833171121,0.9611011296352027,0.9839889302843998,0.9479411080874454],[0.9876952203827675,0.9833681395169283,0.9587484018773562,0.976611776040723,0.9226098948830701,0.9999154417088827,0.9838251410121805,0.9832227259956964,0.9847397483013101,0.9761900212360552,0.9718574869737708,0.9753624371920357,0.9296447102186771,0.9639987109191602,0.9719635594513921,1.0,0.9883947171589288,0.9824392423003737,0.901111640890848,0.8943482511663986,0.5887500077310451,0.9659111162306033,0.9147112937827875,0.04685262716253089,-0.15570227351913196,0.9410196694157711,0.870057143392632,0.9676852021296811,0.952490818996814,0.9322961075711305,0.962639990055542,0.9501821936913445,0.934605856740606,0.9665803540053496,0.9819931718212371,0.967994103366747],[0.9997519037664647,0.9979054973439521,0.9784961968902192,0.996035892388359,0.9527880383188687,0.9885268628298393,0.9776694883847514,0.9803045799019235,0.9769948457284663,0.9959299838859633,0.9957694877902652,0.9958534987868443,0.9471936220648924,0.9912427296037122,0.9958605902853148,0.9883947171589288,1.0,0.9805922691217741,0.9109437817808493,0.9287363006911167,0.504093007111636,0.9886647482894004,0.9283581039632754,-0.13992280781315522,0.5131055152724376,0.915720430087823,0.8899646387768183,0.9703362277936535,0.9501279523867963,0.9411369538667527,0.9767734372084004,0.9410674237372654,0.9022417438698005,0.971560969007626,0.9895584376024188,0.9679048373908797],[0.9833758659034285,0.9775075496053679,0.9291976049674328,0.9698734744066269,0.8883470597362646,0.9820657213616447,0.9500778905214187,0.999894817228162,0.9834832356113349,0.9699300989794668,0.965175104461386,0.9693893056878132,0.9247628621671778,0.944254682497132,0.9655494114500818,0.9824392423003737,0.9805922691217741,1.0,0.9331910317279432,0.9384508003920609,0.5875215606811981,0.9522888063406497,0.9144513726211885,0.13738285776072076,-0.2540839661055594,0.9206274179354729,0.8245423525019041,0.9498139852378665,0.9778755521397827,0.9602281715529682,0.965071969269933,0.9663212183410165,0.9349855932966223,0.9669960534014336,0.9579178343294872,0.971856531330137],[0.8911990183996625,0.9065001914530774,0.8226760976856112,0.868118244036266,0.7733254094599101,0.8981876280596812,0.8538941228137468,0.9304481569045977,0.9021851122097865,0.8696154218195572,0.8854086601906105,0.8767575416303125,0.8463608339213237,0.8399796679081817,0.88608610110868,0.901111640890848,0.9109437817808493,0.9331910317279432,1.0,0.84051208589107,0.6728540848918964,0.8370006804924796,0.8152155536608583,0.22707964312246628,-0.14439219903478814,0.8674683757630678,0.6968600660360054,0.8595080833546783,0.8996076873289721,0.8691358334835712,0.8527311337139121,0.8807227076653811,0.8656562036441895,0.863102930818492,0.8691155008649699,0.8974764853914144],[0.9068244596934025,0.896975903186176,0.7871440550493047,0.8820300808901254,0.7400048696769758,0.8701016137089633,0.7873660001009524,0.9322871273471309,0.8671752198218795,0.883331149033696,0.9127066537504959,0.9012743500364149,0.8769777562947677,0.9036109065300753,0.9139044684833433,0.8943482511663986,0.9287363006911167,0.9384508003920609,0.84051208589107,1.0,0.8132392361016028,0.8292860352311856,0.8681570930308707,0.6060782067731598,-0.5040624404615661,0.735099785264425,0.7501121586246959,0.8180534009645383,0.961761077063049,0.9406877318884775,0.8877510242389914,0.9500010152276167,0.9062375140815588,0.9021785471930048,0.8455264994838035,0.8859370067264692],[0.6380983247294588,0.6633557580244379,0.47882650505757374,0.5920444431031792,0.41735592520536535,0.6081974675884138,0.489550034366573,0.5903847215900002,0.501550016719045,0.5869054167767164,0.43565100703425974,0.5141621311473933,0.3559705724845621,0.1877683862583243,0.4381761954049347,0.5887500077310451,0.504093007111636,0.5875215606811981,0.6728540848918964,0.8132392361016028,1.0,0.527904697592966,0.6580028314647232,0.7220126635993971,-0.11571905434639153,0.5234039241525626,0.47904055567717096,0.5747526185946985,0.7580041148574542,0.6820724104413822,0.5758352794460166,0.7176032272471019,0.7436562673871778,0.6347071470065581,0.5876721434336265,0.6440919280065684],[0.9840277847961146,0.9724704733585713,0.9911255872026151,0.9944575237969955,0.9788180371488062,0.9685238125911656,0.965818538733019,0.9538998719161019,0.9666786064910933,0.9946686525782397,0.9975347862753458,0.9966032122992085,0.9399169789615577,0.9902858543628591,0.9973522628094034,0.9659111162306033,0.9886647482894004,0.9522888063406497,0.8370006804924796,0.8292860352311856,0.527904697592966,1.0,0.9202069321826971,0.202935729248823,-0.23149498666446736,0.8745406575255852,0.9420638326119987,0.9663912563765861,0.9023414823635391,0.9203313343824046,0.9752832182563754,0.9106694450802346,0.8647276428399195,0.9558244875357043,0.9648238786903945,0.9294341974310414],[0.9424359169962455,0.9263543005536939,0.9217034275104741,0.9438112992306685,0.9001255165819143,0.9194053861639961,0.9172281767015777,0.9115934673146354,0.9304935528180857,0.944072942509649,0.9330005005961363,0.9421538526814403,0.9036987887360028,0.9141877758400363,0.9331064458105471,0.9147112937827875,0.9283581039632754,0.9144513726211885,0.8152155536608583,0.8681570930308707,0.6580028314647232,0.9202069321826971,1.0,0.25774494989144914,-0.17023047284963344,0.7492801148064749,0.8710878315931874,0.9130941050123325,0.9004110068302869,0.8706291519027889,0.9435720964822993,0.8797784574286279,0.8434763174539806,0.9389640901599811,0.9007521511801289,0.8771862314135802],[0.30995750765340935,0.30866770087340967,0.1355884502158516,0.2720135542444778,0.09771618908278394,0.196768537771443,0.06307456364582702,0.17383481348302862,0.03618694212717333,0.2765393755377286,-0.19898880707731428,0.007122922618269774,-0.425776925226466,-0.7242380595273528,-0.1958039330148059,0.04685262716253089,-0.13992280781315522,0.13738285776072076,0.22707964312246628,0.6060782067731598,0.7220126635993971,0.202935729248823,0.25774494989144914,1.0,-0.3794045784960158,0.23667623468757734,0.15704229504593034,0.14236243530969697,0.4345094825388254,0.4211387959124612,0.2520993518831172,0.44599637733690156,0.3829990564723301,0.29355731291500825,0.2078347022440115,0.3256510078399082],[-0.2609211015586583,-0.19955719812332354,-0.17223532093908275,-0.24469663437748485,-0.15289728036629271,-0.19489359983310628,-0.13273788524221664,-0.287097720648161,-0.20821914976559688,-0.2441547497718654,0.4999747401518955,-0.11318119563582206,0.4750855669048198,0.5076016181598234,0.497874688664315,-0.15570227351913196,0.5131055152724376,-0.2540839661055594,-0.14439219903478814,-0.5040624404615661,-0.11571905434639153,-0.23149498666446736,-0.17023047284963344,-0.3794045784960158,1.0,-0.14542910603770529,-0.18533247521721305,-0.16309990767177304,-0.3708969928346433,-0.3557733035290397,-0.2781376554190695,-0.3283567892861819,-0.20314680551438874,-0.3181358758976038,-0.15970263528710937,-0.28739343166030107],[0.906388339384333,0.887726422963256,0.8668819608771006,0.8942044771085405,0.821631881177414,0.9354037678239498,0.8935156092825995,0.9165930517366268,0.8962326766276348,0.8943632938842779,0.8842979200379405,0.9010268302666135,0.8405967533540234,0.825354941332793,0.8849426960939752,0.9410196694157711,0.915720430087823,0.9206274179354729,0.8674683757630678,0.735099785264425,0.5234039241525626,0.8745406575255852,0.7492801148064749,0.23667623468757734,-0.14542910603770529,1.0,0.7551191040831465,0.8982557468093948,0.8345831285483343,0.8782587581631067,0.8477673906697764,0.8837069885818273,0.8735845762426814,0.8754140195869712,0.8806200604395145,0.9103276524587045],[0.9064666037003871,0.9064644118770758,0.956112327115068,0.9273387894801817,0.9680915943339254,0.8809841015602864,0.9067255555469572,0.827985435219405,0.8586496223744723,0.9261020202130393,0.9080416986608082,0.9165163117542743,0.8237002167327583,0.929169829407972,0.907432809941042,0.870057143392632,0.8899646387768183,0.8245423525019041,0.6968600660360054,0.7501121586246959,0.47904055567717096,0.9420638326119987,0.8710878315931874,0.15704229504593034,-0.18533247521721305,0.7551191040831465,1.0,0.8707822565595346,0.7995197633527519,0.8087385889695496,0.8998097416363751,0.7970853508158262,0.7498278858786374,0.860897176092898,0.8911861304329447,0.8430824903138069],[0.9664895170890075,0.9656583239398328,0.9569032861318321,0.9672907132710781,0.9292735689369894,0.970141739754188,0.9630559226788223,0.9501249841253887,0.9706658676297426,0.9661182252715163,0.964794249393622,0.9617653386659157,0.9333881149087881,0.9498595759247545,0.9645938953143687,0.9676852021296811,0.9703362277936535,0.9498139852378665,0.8595080833546783,0.8180534009645383,0.5747526185946985,0.9663912563765861,0.9130941050123325,0.14236243530969697,-0.16309990767177304,0.8982557468093948,0.8707822565595346,1.0,0.9087416178540874,0.9014036408203424,0.9539676856166216,0.8983880196369008,0.8820658131571972,0.9548007354371572,0.9770517411693472,0.9107074887594724],[0.9612622901703404,0.944197858668247,0.8690035623242748,0.9409663290067073,0.8194056530198556,0.949191889967833,0.884830811715792,0.977241241206716,0.9334674975541194,0.9404466056759276,0.9251309135200382,0.932113501656586,0.8833934074984231,0.8789566993107273,0.9264047857769672,0.952490818996814,0.9501279523867963,0.9778755521397827,0.8996076873289721,0.961761077063049,0.7580041148574542,0.9023414823635391,0.9004110068302869,0.4345094825388254,-0.3708969928346433,0.8345831285483343,0.7995197633527519,0.9087416178540874,1.0,0.9867580289392124,0.9472387439258289,0.9911328466172428,0.9559966361761683,0.959057205519112,0.9070513574442284,0.96229260091941],[0.9581795395320631,0.9469693272995768,0.8757262123958444,0.9453554037599182,0.8346306447087664,0.9345203251499942,0.8694193153634368,0.9607041971700061,0.9120654358988256,0.9443953228237068,0.9264441453459955,0.9341931451362263,0.875339408802038,0.8823362158547602,0.9274866977314118,0.9322961075711305,0.9411369538667527,0.9602281715529682,0.8691358334835712,0.9406877318884775,0.6820724104413822,0.9203313343824046,0.8706291519027889,0.4211387959124612,-0.3557733035290397,0.8782587581631067,0.8087385889695496,0.9014036408203424,0.9867580289392124,1.0,0.9459832130321898,0.9855342177461809,0.9566735714414687,0.945417153321928,0.9230900972783161,0.9634372845793092],[0.9829502796498951,0.9757705764813548,0.9613942855571006,0.9841651373622629,0.9384195382168584,0.965650189964939,0.9505219887447947,0.9668141415602346,0.9679818716474261,0.9835225492127916,0.978055090166796,0.981007495242412,0.9199557857296659,0.9599361174445398,0.978007878126941,0.962639990055542,0.9767734372084004,0.965071969269933,0.8527311337139121,0.8877510242389914,0.5758352794460166,0.9752832182563754,0.9435720964822993,0.2520993518831172,-0.2781376554190695,0.8477673906697764,0.8998097416363751,0.9539676856166216,0.9472387439258289,0.9459832130321898,1.0,0.9426525604752362,0.8971600677180818,0.9760132203961825,0.9703990787797045,0.9512884580450865],[0.9596025020097675,0.9465634209181565,0.8712342888015251,0.9401931889737237,0.8234759474847848,0.9487049797146486,0.8850514669743625,0.967379295257503,0.9244808989900285,0.9394677462675578,0.9160424104312278,0.9288683717567043,0.8712642611626908,0.8827281878357932,0.9173774805186368,0.9501821936913445,0.9410674237372654,0.9663212183410165,0.8807227076653811,0.9500010152276167,0.7176032272471019,0.9106694450802346,0.8797784574286279,0.44599637733690156,-0.3283567892861819,0.8837069885818273,0.7970853508158262,0.8983880196369008,0.9911328466172428,0.9855342177461809,0.9426525604752362,1.0,0.9744605729336525,0.9492504731697573,0.9310675353263029,0.9614559041224001],[0.9225306443962762,0.9220204108626262,0.8319218206848401,0.8987848334395331,0.7763078337063609,0.9363730150071482,0.8752867063570521,0.9353286261513756,0.8968791063822235,0.8973378457500769,0.862699244123395,0.8873300268781626,0.8099452278118642,0.7837242002414169,0.8643952833171121,0.934605856740606,0.9022417438698005,0.9349855932966223,0.8656562036441895,0.9062375140815588,0.7436562673871778,0.8647276428399195,0.8434763174539806,0.3829990564723301,-0.20314680551438874,0.8735845762426814,0.7498278858786374,0.8820658131571972,0.9559966361761683,0.9566735714414687,0.8971600677180818,0.9744605729336525,1.0,0.9074202325192896,0.9116575040719328,0.9445016449428221],[0.9795721409366902,0.971117774847427,0.9334863495273624,0.9716717041362001,0.8981300832095652,0.9644482912116917,0.9329205248058013,0.9678036345353662,0.9583468220945227,0.970852441150666,0.9605799792587232,0.9670372224419287,0.9279027644828358,0.9395249998892429,0.9611011296352027,0.9665803540053496,0.971560969007626,0.9669960534014336,0.863102930818492,0.9021785471930048,0.6347071470065581,0.9558244875357043,0.9389640901599811,0.29355731291500825,-0.3181358758976038,0.8754140195869712,0.860897176092898,0.9548007354371572,0.959057205519112,0.945417153321928,0.9760132203961825,0.9492504731697573,0.9074202325192896,1.0,0.9599374470588217,0.9499702850912012],[0.9799562439967867,0.9728527090065715,0.9661252808824852,0.9782473514427912,0.9385817142636125,0.9828992729968739,0.9747528349065386,0.9597680024615964,0.9768364960085767,0.977543673754572,0.9840062499965838,0.9775017641150191,0.9336444812229399,0.9741453702901095,0.9839889302843998,0.9819931718212371,0.9895584376024188,0.9579178343294872,0.8691155008649699,0.8455264994838035,0.5876721434336265,0.9648238786903945,0.9007521511801289,0.2078347022440115,-0.15970263528710937,0.8806200604395145,0.8911861304329447,0.9770517411693472,0.9070513574442284,0.9230900972783161,0.9703990787797045,0.9310675353263029,0.9116575040719328,0.9599374470588217,1.0,0.934926609338058],[0.9622204901671542,0.9575242674375312,0.9118855871212608,0.9504355705374828,0.8725530599885453,0.9646528696076615,0.9240380097484958,0.9710797535352294,0.9402696216414264,0.9494136481302254,0.9474637366135805,0.9516684387624814,0.8993903504040767,0.9373673052041466,0.9479411080874454,0.967994103366747,0.9679048373908797,0.971856531330137,0.8974764853914144,0.8859370067264692,0.6440919280065684,0.9294341974310414,0.8771862314135802,0.3256510078399082,-0.28739343166030107,0.9103276524587045,0.8430824903138069,0.9107074887594724,0.96229260091941,0.9634372845793092,0.9512884580450865,0.9614559041224001,0.9445016449428221,0.9499702850912012,0.934926609338058,1.0]],"x":["^TAIEX       \u81fa\u7063\u52a0\u6b0a\u5831\u916c\u6307\u6578","^TWII        \u81fa\u7063\u52a0\u6b0a\u6307\u6578","^TAIEXx2     \u81fa\u7063\u52a0\u6b0a\u5831\u916c\u6307\u6578_\u65e5\u6b632","^TAI50I      \u81fa\u706350\u5831\u916c\u6307\u6578","^TAI50Ix2    \u81fa\u706350\u5831\u916c\u6307\u6578_\u65e5\u6b632","^TAI100I     \u81fa\u7063\u4e2d\u578b100\u5831\u916c\u6307\u6578","^TAI100Ix2   \u81fa\u7063\u4e2d\u578b100\u5831\u916c\u6307\u6578_\u65e5\u6b632","^TAIDIVIDI   \u81fa\u7063\u9ad8\u80a1\u606f\u5831\u916c\u6307\u6578","^TAIDIVIDIx2 \u81fa\u7063\u9ad8\u80a1\u606f\u5831\u916c\u6307\u6578_\u65e5\u6b632","0050Fund     \u5143\u5927\u53f0\u7063\u5353\u8d8a50\u57fa\u91d1","006208Fund   \u5bcc\u90a6\u53f0\u7063\u91c6\u540950\u57fa\u91d1","0050         \u5143\u5927\u81fa\u706350","00631L       \u5143\u5927\u53f0\u706350\u6b632","00675L       \u5bcc\u90a6\u81fa\u7063\u52a0\u6b0a\u6b632","006208       \u5bcc\u90a6\u53f050","0051         \u5143\u5927\u4e2d\u578b100","006204       \u6c38\u8c50\u81fa\u7063\u52a0\u6b0a","0056         \u5143\u5927\u9ad8\u80a1\u606f","0056         \u5143\u5927\u9ad8\u80a1\u606f_\u80a1\u606f\u4e0d\u6295\u5165","2412         \u4e2d\u83ef\u96fb\u4fe1","2002         \u4e2d\u92fc","2330         \u53f0\u7a4d\u96fb","2317         \u9d3b\u6d77","6505         \u53f0\u5851\u77f3\u5316","3481         \u7fa4\u5275","2303         \u806f\u96fb","2308         \u53f0\u9054\u96fb","2454         \u806f\u767c\u79d1","2886         \u5146\u8c50\u91d1","2884         \u7389\u5c71\u91d1","2891         \u4e2d\u4fe1\u91d1","2892         \u7b2c\u4e00\u91d1","5880         \u5408\u5eab\u91d1","2881         \u5bcc\u90a6\u91d1","2885         \u5143\u5927\u91d1","2887         \u53f0\u65b0\u91d1"],"y":["^TAIEX       \u81fa\u7063\u52a0\u6b0a\u5831\u916c\u6307\u6578","^TWII        \u81fa\u7063\u52a0\u6b0a\u6307\u6578","^TAIEXx2     \u81fa\u7063\u52a0\u6b0a\u5831\u916c\u6307\u6578_\u65e5\u6b632","^TAI50I      \u81fa\u706350\u5831\u916c\u6307\u6578","^TAI50Ix2    \u81fa\u706350\u5831\u916c\u6307\u6578_\u65e5\u6b632","^TAI100I     \u81fa\u7063\u4e2d\u578b100\u5831\u916c\u6307\u6578","^TAI100Ix2   \u81fa\u7063\u4e2d\u578b100\u5831\u916c\u6307\u6578_\u65e5\u6b632","^TAIDIVIDI   \u81fa\u7063\u9ad8\u80a1\u606f\u5831\u916c\u6307\u6578","^TAIDIVIDIx2 \u81fa\u7063\u9ad8\u80a1\u606f\u5831\u916c\u6307\u6578_\u65e5\u6b632","0050Fund     \u5143\u5927\u53f0\u7063\u5353\u8d8a50\u57fa\u91d1","006208Fund   \u5bcc\u90a6\u53f0\u7063\u91c6\u540950\u57fa\u91d1","0050         \u5143\u5927\u81fa\u706350","00631L       \u5143\u5927\u53f0\u706350\u6b632","00675L       \u5bcc\u90a6\u81fa\u7063\u52a0\u6b0a\u6b632","006208       \u5bcc\u90a6\u53f050","0051         \u5143\u5927\u4e2d\u578b100","006204       \u6c38\u8c50\u81fa\u7063\u52a0\u6b0a","0056         \u5143\u5927\u9ad8\u80a1\u606f","0056         \u5143\u5927\u9ad8\u80a1\u606f_\u80a1\u606f\u4e0d\u6295\u5165","2412         \u4e2d\u83ef\u96fb\u4fe1","2002         \u4e2d\u92fc","2330         \u53f0\u7a4d\u96fb","2317         \u9d3b\u6d77","6505         \u53f0\u5851\u77f3\u5316","3481         \u7fa4\u5275","2303         \u806f\u96fb","2308         \u53f0\u9054\u96fb","2454         \u806f\u767c\u79d1","2886         \u5146\u8c50\u91d1","2884         \u7389\u5c71\u91d1","2891         \u4e2d\u4fe1\u91d1","2892         \u7b2c\u4e00\u91d1","5880         \u5408\u5eab\u91d1","2881         \u5bcc\u90a6\u91d1","2885         \u5143\u5927\u91d1","2887         \u53f0\u65b0\u91d1"],"zmin":-1,"zmax":1,"colorbar":{"x":-0.2}}],"layout":{"autotypenumbers":"strict","colorway":["#636efa","#EF553B","#00cc96","#ab63fa","#FFA15A","#19d3f3","#FF6692","#B6E880","#FF97FF","#FECB52"],"font":{"color":"#f2f5fa","family":"Courier New"},"hovermode":"closest","hoverlabel":{"align":"left"},"paper_bgcolor":"rgb(17,17,17)","plot_bgcolor":"rgb(17,17,17)","polar":{"bgcolor":"rgb(17,17,17)","angularaxis":{"gridcolor":"#506784","linecolor":"#506784","ticks":""},"radialaxis":{"gridcolor":"#506784","linecolor":"#506784","ticks":""}},"ternary":{"bgcolor":"rgb(17,17,17)","aaxis":{"gridcolor":"#506784","linecolor":"#506784","ticks":""},"baxis":{"gridcolor":"#506784","linecolor":"#506784","ticks":""},"caxis":{"gridcolor":"#506784","linecolor":"#506784","ticks":""}},"coloraxis":{"colorbar":{"outlinewidth":0,"ticks":""}},"colorscale":{"sequential":[[0.0,"#0d0887"],[0.1111111111111111,"#46039f"],[0.2222222222222222,"#7201a8"],[0.3333333333333333,"#9c179e"],[0.4444444444444444,"#bd3786"],[0.5555555555555556,"#d8576b"],[0.6666666666666666,"#ed7953"],[0.7777777777777778,"#fb9f3a"],[0.8888888888888888,"#fdca26"],[1.0,"#f0f921"]],"sequentialminus":[[0.0,"#0d0887"],[0.1111111111111111,"#46039f"],[0.2222222222222222,"#7201a8"],[0.3333333333333333,"#9c179e"],[0.4444444444444444,"#bd3786"],[0.5555555555555556,"#d8576b"],[0.6666666666666666,"#ed7953"],[0.7777777777777778,"#fb9f3a"],[0.8888888888888888,"#fdca26"],[1.0,"#f0f921"]],"diverging":[[0,"#8e0152"],[0.1,"#c51b7d"],[0.2,"#de77ae"],[0.3,"#f1b6da"],[0.4,"#fde0ef"],[0.5,"#f7f7f7"],[0.6,"#e6f5d0"],[0.7,"#b8e186"],[0.8,"#7fbc41"],[0.9,"#4d9221"],[1,"#276419"]]},"xaxis":{"gridcolor":"rgba(0, 0, 0, 0)","linecolor":"#506784","ticks":"","title":{"standoff":15},"zerolinecolor":"#283442","automargin":true,"zerolinewidth":2,"tickfont":{"family":"Courier New","size":14},"side":"top","tickangle":-90},"yaxis":{"gridcolor":"rgba(0, 0, 0, 0)","linecolor":"#506784","ticks":"","title":{"standoff":15},"zerolinecolor":"#283442","automargin":true,"zerolinewidth":2,"tickfont":{"family":"Courier New"},"side":"right"},"scene":{"xaxis":{"backgroundcolor":"rgb(17,17,17)","gridcolor":"#506784","linecolor":"#506784","showbackground":true,"ticks":"","zerolinecolor":"#C8D4E3","gridwidth":2},"yaxis":{"backgroundcolor":"rgb(17,17,17)","gridcolor":"#506784","linecolor":"#506784","showbackground":true,"ticks":"","zerolinecolor":"#C8D4E3","gridwidth":2},"zaxis":{"backgroundcolor":"rgb(17,17,17)","gridcolor":"#506784","linecolor":"#506784","showbackground":true,"ticks":"","zerolinecolor":"#C8D4E3","gridwidth":2}},"shapedefaults":{"line":{"color":"#f2f5fa"}},"annotationdefaults":{"arrowcolor":"#f2f5fa","arrowhead":0,"arrowwidth":1},"geo":{"bgcolor":"rgb(17,17,17)","landcolor":"rgb(17,17,17)","subunitcolor":"#506784","showland":true,"showlakes":true,"lakecolor":"rgb(17,17,17)"},"title":{"x":0.05,"font":{"family":"Times New Roman"},"y":0.05,"text":"<b>Correlation of Adj Close<b><br><i>2016-09-23 ~ 2026-04-13<i>"},"updatemenudefaults":{"bgcolor":"#506784","borderwidth":0},"sliderdefaults":{"bgcolor":"#C8D4E3","borderwidth":1,"bordercolor":"rgb(17,17,17)","tickwidth":0},"mapbox":{"style":"dark"},"annotations":[{"text":"<b>@zwindr<b>","textangle":0,"opacity":0.5,"font":{"color":"white","size":12},"xref":"paper","yref":"paper","xanchor":"left","yanchor":"bottom","x":1.0,"y":1.0,"showarrow":false}]},"config":{"responsive":true,"toImageButtonOptions":{"filename":"Correlation of Adj Close_2016-09-23~2026-04-13","scale":5}}};Plotly.newPlot("correlationAdjClose",correlationAdjClose.data,correlationAdjClose.layout||{},correlationAdjClose.config);}else{console.log("style display is none => correlationAdjClose");}