var config = { responsive: true }

var correlationAdjClose = {"data": [{"type": "heatmap", "z": [[1.0, 0.9934552725243269, 0.9749765312373971, 0.9978257192741959, 0.9632727987112605, 0.9798204570169967, -0.9375010061131855, 0.9890661554144553, 0.9668232060755733, 0.9965943035263622, 0.9932477855715328, 0.9945370246198002, 0.9972423629223698, 0.9772868198364444, 0.9995429979580389, 0.9860655712026474, 0.9109725458475243, 0.7640987638704377, 0.9857624095595662, 0.9206607740304802, 0.5052608504378, -0.334843785310198, 0.8962003663394512, 0.9726320746985708, 0.9508240010433656], [0.9934552725243269, 1.0, 0.9702856540333088, 0.9911819978660865, 0.9592049056821478, 0.9747720536276164, -0.9324918532798172, 0.9790525518864623, 0.9594650323737133, 0.9938607470751599, 0.9918344748551721, 0.9912060662342871, 0.9953190238806702, 0.9718726848520163, 0.9962654630772846, 0.9819879682241818, 0.8993960355451516, 0.7693068356774411, 0.9662656145671048, 0.8983904256022928, 0.50114938342424, -0.2554957849581925, 0.8675342899748656, 0.9595368118443227, 0.9515692152473928], [0.9749765312373971, 0.9702856540333088, 1.0, 0.9809654022432618, 0.9962825415985199, 0.9781581190720127, -0.9742456055140404, 0.9678532226302793, 0.9823866926687709, 0.9851182980231618, 0.9976705101121011, 0.9976774781938106, 0.9881707480084172, 0.9765237856210552, 0.9871229568172623, 0.9745652934585708, 0.8105977836130434, 0.6545147512738658, 0.9892555886018369, 0.9092819454846571, 0.3372279876218865, -0.25275337443571205, 0.9051368134769556, 0.9377541980491465, 0.9778224355353199], [0.9978257192741959, 0.9911819978660865, 0.9809654022432618, 1.0, 0.9744282480156071, 0.9719757350069027, -0.9320280813326971, 0.9834472413860845, 0.9639018187323822, 0.9992336680716314, 0.9929479344164678, 0.9920365702868709, 0.9999004343424504, 0.9670570366943286, 0.9959970074101582, 0.9807930145754811, 0.8966502000864561, 0.7374233770687286, 0.9931056312281549, 0.92263828061082, 0.48660650004885464, -0.3264262059354255, 0.8962009870203826, 0.9665478078220252, 0.9562997982258366], [0.9632727987112605, 0.9592049056821478, 0.9962825415985199, 0.9744282480156071, 1.0, 0.9579015659576343, -0.9557204243646348, 0.9530840404274733, 0.9699857385554954, 0.9812337091710501, 0.9887499804401633, 0.9853203662795809, 0.9842595826445145, 0.9554446091773882, 0.9754654082417099, 0.959945885745959, 0.7903229357523817, 0.6231369887087388, 0.9880140553393392, 0.9065293315699617, 0.31902108948944347, -0.24513694172502107, 0.88906667265446, 0.9225943023458864, 0.9750108596567088], [0.9798204570169967, 0.9747720536276164, 0.9781581190720127, 0.9719757350069027, 0.9579015659576343, 1.0, -0.9790601892346946, 0.9787675521731107, 0.9782751296380543, 0.9710902419866718, 0.9755403776400403, 0.9734876222455383, 0.9677847779141133, 0.9988396286040447, 0.985572159085665, 0.9853437594893699, 0.8480924674620569, 0.7302777532693118, 0.9665925871523721, 0.887227881054804, 0.366068544516563, -0.24330575140697475, 0.9343076555282543, 0.9542592531891834, 0.9579930837537086], [-0.9375010061131855, -0.9324918532798172, -0.9742456055140404, -0.9320280813326971, -0.9557204243646348, -0.9790601892346946, 1.0, -0.9473014575362729, -0.9822115333034678, -0.9400482012721963, -0.9721814985114111, -0.9742878359468707, -0.9461017457740395, -0.9855893487230681, -0.9624324456074117, -0.9638047075789427, -0.7539148747941363, -0.624825770077019, -0.9389522424317984, -0.8740152817267006, -0.21646908563396844, 0.172941724263624, -0.9007080687573404, -0.9067446737361217, -0.9557442420855242], [0.9890661554144553, 0.9790525518864623, 0.9678532226302793, 0.9834472413860845, 0.9530840404274733, 0.9787675521731107, -0.9473014575362729, 1.0, 0.980779100397325, 0.9802164802794018, 0.974334409464778, 0.9736181351737958, 0.9785747169293604, 0.9747024880915731, 0.9864793557369824, 0.996274504446031, 0.9184041096537006, 0.7035772404121585, 0.9733430345168861, 0.8928678064053163, 0.38206477775619685, -0.3423200439960747, 0.901856084822858, 0.9528581331212291, 0.9320902834505452], [0.9668232060755733, 0.9594650323737133, 0.9823866926687709, 0.9639018187323822, 0.9699857385554954, 0.9782751296380543, -0.9822115333034678, 0.980779100397325, 1.0, 0.9630337913821752, 0.9708188533208612, 0.9678001769373789, 0.9599305120042725, 0.9764555914375481, 0.9673982545287942, 0.9866032865550862, 0.8391748653652277, 0.6285910931636545, 0.9646072214123927, 0.901511159023233, 0.23435263426435765, -0.2564099421223664, 0.8830203568607528, 0.9265933658575838, 0.9563125607530449], [0.9965943035263622, 0.9938607470751599, 0.9851182980231618, 0.9992336680716314, 0.9812337091710501, 0.9710902419866718, -0.9400482012721963, 0.9802164802794018, 0.9630337913821752, 1.0, 0.9917080767510196, 0.9903703288573908, 0.999832716437877, 0.9680236450394505, 0.9951944093184208, 0.9809064522709607, 0.9084861345494647, 0.7173381908793349, 0.9955193545252551, 0.9158831986496879, 0.3220553799323246, -0.2814872281049595, 0.9297522931847648, 0.9554590446317232, 0.9541583352244056], [0.9932477855715328, 0.9918344748551721, 0.9976705101121011, 0.9929479344164678, 0.9887499804401633, 0.9755403776400403, -0.9721814985114111, 0.974334409464778, 0.9708188533208612, 0.9917080767510196, 1.0, 0.9996523673149367, 0.9925884115742691, 0.9765560801013581, 0.9935476837510551, 0.9756880978809809, 0.9036229010781134, 0.6175811158026824, 0.9891512216877044, 0.8864633361498103, -0.23653450325531059, 0.36861446746023563, 0.9067261266125184, 0.951260112071208, 0.9786940131854803], [0.9945370246198002, 0.9912060662342871, 0.9976774781938106, 0.9920365702868709, 0.9853203662795809, 0.9734876222455383, -0.9742878359468707, 0.9736181351737958, 0.9678001769373789, 0.9903703288573908, 0.9996523673149367, 1.0, 0.9916494391672671, 0.9745945280449553, 0.9945526452007494, 0.9751482239619084, 0.914351196189001, 0.5105892477779427, 0.9849687420623923, 0.8729482959852793, -0.6780519665394481, 0.38340362085537666, 0.8798188335485542, 0.9480313852928898, 0.978628997995733], [0.9972423629223698, 0.9953190238806702, 0.9881707480084172, 0.9999004343424504, 0.9842595826445145, 0.9677847779141133, -0.9461017457740395, 0.9785747169293604, 0.9599305120042725, 0.999832716437877, 0.9925884115742691, 0.9916494391672671, 1.0, 0.9686145181222712, 0.9955445562501299, 0.9796832798716832, 0.9256903627035257, 0.6818141818146194, 0.997077221955399, 0.8949463202781152, 0.07744628106393579, 0.29833508485872684, 0.9198207405460876, 0.9473314500286342, 0.962495870591891], [0.9772868198364444, 0.9718726848520163, 0.9765237856210552, 0.9670570366943286, 0.9554446091773882, 0.9988396286040447, -0.9855893487230681, 0.9747024880915731, 0.9764555914375481, 0.9680236450394505, 0.9765560801013581, 0.9745945280449553, 0.9686145181222712, 1.0, 0.9857578408421082, 0.9830097599034477, 0.861965691183174, 0.7343916666694302, 0.9619543532167785, 0.8764565154350493, 0.23222777026233096, -0.2067208925368557, 0.9437516482840524, 0.9490628252413948, 0.9571175229549115], [0.9995429979580389, 0.9962654630772846, 0.9871229568172623, 0.9959970074101582, 0.9754654082417099, 0.985572159085665, -0.9624324456074117, 0.9864793557369824, 0.9673982545287942, 0.9951944093184208, 0.9935476837510551, 0.9945526452007494, 0.9955445562501299, 0.9857578408421082, 1.0, 0.9868123631887759, 0.9330060741581125, 0.71685416637094, 0.9896163058862298, 0.8915549785143488, 0.11992769736000743, 0.2941030504045527, 0.937196789055372, 0.9578421228937639, 0.9620001086447737], [0.9860655712026474, 0.9819879682241818, 0.9745652934585708, 0.9807930145754811, 0.959945885745959, 0.9853437594893699, -0.9638047075789427, 0.996274504446031, 0.9866032865550862, 0.9809064522709607, 0.9756880978809809, 0.9751482239619084, 0.9796832798716832, 0.9830097599034477, 0.9868123631887759, 1.0, 0.9002118755603985, 0.7056020886693668, 0.9726429694097812, 0.8928667484348123, 0.31507115112188655, -0.2746520586633022, 0.9138493542724417, 0.9422719870427644, 0.9436511545124994], [0.9109725458475243, 0.8993960355451516, 0.8105977836130434, 0.8966502000864561, 0.7903229357523817, 0.8480924674620569, -0.7539148747941363, 0.9184041096537006, 0.8391748653652277, 0.9084861345494647, 0.9036229010781134, 0.914351196189001, 0.9256903627035257, 0.861965691183174, 0.9330060741581125, 0.9002118755603985, 1.0, 0.8616199550973861, 0.8447013797125209, 0.8691983952626957, 0.750760864809071, -0.5770389489675303, 0.6657875976230786, 0.9085869968933515, 0.7835264987072442], [0.7640987638704377, 0.7693068356774411, 0.6545147512738658, 0.7374233770687286, 0.6231369887087388, 0.7302777532693118, -0.624825770077019, 0.7035772404121585, 0.6285910931636545, 0.7173381908793349, 0.6175811158026824, 0.5105892477779427, 0.6818141818146194, 0.7343916666694302, 0.71685416637094, 0.7056020886693668, 0.8616199550973861, 1.0, 0.6574044855891085, 0.7595371196503103, 0.7382251827971924, -0.146415440495106, 0.5387640361134294, 0.7735450802239189, 0.6625116865257532], [0.9857624095595662, 0.9662656145671048, 0.9892555886018369, 0.9931056312281549, 0.9880140553393392, 0.9665925871523721, -0.9389522424317984, 0.9733430345168861, 0.9646072214123927, 0.9955193545252551, 0.9891512216877044, 0.9849687420623923, 0.997077221955399, 0.9619543532167785, 0.9896163058862298, 0.9726429694097812, 0.8447013797125209, 0.6574044855891085, 1.0, 0.8935263691900609, 0.4165628044559336, -0.32066909931412746, 0.8848016578774522, 0.9487232010902961, 0.9656280427904594], [0.9206607740304802, 0.8983904256022928, 0.9092819454846571, 0.92263828061082, 0.9065293315699617, 0.887227881054804, -0.8740152817267006, 0.8928678064053163, 0.901511159023233, 0.9158831986496879, 0.8864633361498103, 0.8729482959852793, 0.8949463202781152, 0.8764565154350493, 0.8915549785143488, 0.8928667484348123, 0.8691983952626957, 0.7595371196503103, 0.8935263691900609, 1.0, 0.45592268015912835, -0.22511696829387726, 0.6877873490330679, 0.9162328202961467, 0.8786891860575041], [0.5052608504378, 0.50114938342424, 0.3372279876218865, 0.48660650004885464, 0.31902108948944347, 0.366068544516563, -0.21646908563396844, 0.38206477775619685, 0.23435263426435765, 0.3220553799323246, -0.23653450325531059, -0.6780519665394481, 0.07744628106393579, 0.23222777026233096, 0.11992769736000743, 0.31507115112188655, 0.750760864809071, 0.7382251827971924, 0.4165628044559336, 0.45592268015912835, 1.0, -0.4295149680741835, 0.33004856569686764, 0.48710278887255426, 0.2844233081281979], [-0.334843785310198, -0.2554957849581925, -0.25275337443571205, -0.3264262059354255, -0.24513694172502107, -0.24330575140697475, 0.172941724263624, -0.3423200439960747, -0.2564099421223664, -0.2814872281049595, 0.36861446746023563, 0.38340362085537666, 0.29833508485872684, -0.2067208925368557, 0.2941030504045527, -0.2746520586633022, -0.5770389489675303, -0.146415440495106, -0.32066909931412746, -0.22511696829387726, -0.4295149680741835, 1.0, -0.1760602188422225, -0.36627703263801753, -0.1965501760694122], [0.8962003663394512, 0.8675342899748656, 0.9051368134769556, 0.8962009870203826, 0.88906667265446, 0.9343076555282543, -0.9007080687573404, 0.901856084822858, 0.8830203568607528, 0.9297522931847648, 0.9067261266125184, 0.8798188335485542, 0.9198207405460876, 0.9437516482840524, 0.937196789055372, 0.9138493542724417, 0.6657875976230786, 0.5387640361134294, 0.8848016578774522, 0.6877873490330679, 0.33004856569686764, -0.1760602188422225, 1.0, 0.8277789683536662, 0.8837826550905402], [0.9726320746985708, 0.9595368118443227, 0.9377541980491465, 0.9665478078220252, 0.9225943023458864, 0.9542592531891834, -0.9067446737361217, 0.9528581331212291, 0.9265933658575838, 0.9554590446317232, 0.951260112071208, 0.9480313852928898, 0.9473314500286342, 0.9490628252413948, 0.9578421228937639, 0.9422719870427644, 0.9085869968933515, 0.7735450802239189, 0.9487232010902961, 0.9162328202961467, 0.48710278887255426, -0.36627703263801753, 0.8277789683536662, 1.0, 0.9268776469241133], [0.9508240010433656, 0.9515692152473928, 0.9778224355353199, 0.9562997982258366, 0.9750108596567088, 0.9579930837537086, -0.9557442420855242, 0.9320902834505452, 0.9563125607530449, 0.9541583352244056, 0.9786940131854803, 0.978628997995733, 0.962495870591891, 0.9571175229549115, 0.9620001086447737, 0.9436511545124994, 0.7835264987072442, 0.6625116865257532, 0.9656280427904594, 0.8786891860575041, 0.2844233081281979, -0.1965501760694122, 0.8837826550905402, 0.9268776469241133, 1.0]], "x": ["^TAIEX       \u81fa\u7063\u52a0\u6b0a\u5831\u916c\u6307\u6578", "^TWII        \u81fa\u7063\u52a0\u6b0a\u6307\u6578", "^TAIEXx2     \u81fa\u7063\u52a0\u6b0a\u5831\u916c\u6307\u6578_\u65e5\u6b632", "^TAI50I      \u81fa\u706350\u5831\u916c\u6307\u6578", "^TAI50Ix2    \u81fa\u706350\u5831\u916c\u6307\u6578_\u65e5\u6b632", "^TAI100I     \u81fa\u7063\u4e2d\u578b100\u5831\u916c\u6307\u6578", "^TAI100Ix2   \u81fa\u7063\u4e2d\u578b100\u5831\u916c\u6307\u6578_\u65e5\u6b632", "^TAIDIVIDI   \u81fa\u7063\u9ad8\u80a1\u606f\u5831\u916c\u6307\u6578", "^TAIDIVIDIx2 \u81fa\u7063\u9ad8\u80a1\u606f\u5831\u916c\u6307\u6578_\u65e5\u6b632", "0050         \u5143\u5927\u81fa\u706350", "00631L       \u5143\u5927\u53f0\u706350\u6b632", "00675L       \u5bcc\u90a6\u81fa\u7063\u52a0\u6b0a\u6b632", "006208       \u5bcc\u90a6\u53f050", "0051         \u5143\u5927\u4e2d\u578b100", "006204       \u6c38\u8c50\u81fa\u7063\u52a0\u6b0a", "0056         \u5143\u5927\u9ad8\u80a1\u606f", "2412         \u4e2d\u83ef\u96fb\u4fe1", "2002         \u4e2d\u92fc", "2330         \u53f0\u7a4d\u96fb", "2317         \u9d3b\u6d77", "6505         \u53f0\u5851\u77f3\u5316", "3481         \u7fa4\u5275", "2303         \u806f\u96fb", "2308         \u53f0\u9054\u96fb", "2454         \u806f\u767c\u79d1"], "y": ["^TAIEX       \u81fa\u7063\u52a0\u6b0a\u5831\u916c\u6307\u6578", "^TWII        \u81fa\u7063\u52a0\u6b0a\u6307\u6578", "^TAIEXx2     \u81fa\u7063\u52a0\u6b0a\u5831\u916c\u6307\u6578_\u65e5\u6b632", "^TAI50I      \u81fa\u706350\u5831\u916c\u6307\u6578", "^TAI50Ix2    \u81fa\u706350\u5831\u916c\u6307\u6578_\u65e5\u6b632", "^TAI100I     \u81fa\u7063\u4e2d\u578b100\u5831\u916c\u6307\u6578", "^TAI100Ix2   \u81fa\u7063\u4e2d\u578b100\u5831\u916c\u6307\u6578_\u65e5\u6b632", "^TAIDIVIDI   \u81fa\u7063\u9ad8\u80a1\u606f\u5831\u916c\u6307\u6578", "^TAIDIVIDIx2 \u81fa\u7063\u9ad8\u80a1\u606f\u5831\u916c\u6307\u6578_\u65e5\u6b632", "0050         \u5143\u5927\u81fa\u706350", "00631L       \u5143\u5927\u53f0\u706350\u6b632", "00675L       \u5bcc\u90a6\u81fa\u7063\u52a0\u6b0a\u6b632", "006208       \u5bcc\u90a6\u53f050", "0051         \u5143\u5927\u4e2d\u578b100", "006204       \u6c38\u8c50\u81fa\u7063\u52a0\u6b0a", "0056         \u5143\u5927\u9ad8\u80a1\u606f", "2412         \u4e2d\u83ef\u96fb\u4fe1", "2002         \u4e2d\u92fc", "2330         \u53f0\u7a4d\u96fb", "2317         \u9d3b\u6d77", "6505         \u53f0\u5851\u77f3\u5316", "3481         \u7fa4\u5275", "2303         \u806f\u96fb", "2308         \u53f0\u9054\u96fb", "2454         \u806f\u767c\u79d1"], "zmin": -1, "zmax": 1, "colorbar": {"x": -0.2}}], "layout": {"title": {"text": "<b>Correlation of Adj Close <b><br><i>2016/09/23 ~ 2025/04/21<i>", "y": 0.05, "font": {"family": "Times New Roman"}, "x": 0.05}, "xaxis": {"side": "top", "tickangle": -90, "gridcolor": "rgba(0, 0, 0, 0)", "tickfont": {"family": "Courier New", "size": 14}, "automargin": true}, "yaxis": {"side": "right", "gridcolor": "rgba(0, 0, 0, 0)", "tickfont": {"family": "Courier New"}, "automargin": true}, "height": 600, "font": {"family": "Courier New", "color": "#ffffff"}, "plot_bgcolor": "#000", "paper_bgcolor": "#000"}};

Plotly.newPlot("correlationAdjClose",
    correlationAdjClose.data,
    correlationAdjClose.layout || {},
    config);