var element=document.getElementById("correlationClose");if(element.style.display!='none'){var correlationClose={"data":[{"type":"heatmap","z":[[1.0,0.9999999999999983,1.0,0.9954243580540009,0.9954243580540009,0.9639256439238002,0.9639256439238002,0.9021313674859396,0.9021313674859396,0.8910906449703156,0.9947365914287073,0.865784878147196,0.9929260185360332,0.9927313465331178,0.9947911090464056,0.9733382297123069,0.9989692740819118,0.9238767930510073,0.9238767930510073,0.7854627568913876,-0.11031251866814826,0.9776082657897465,0.10931275936222468,-0.061543407185292553,-0.2523609318585133,0.8187398374271216,0.9272556949012069,0.9115233683731722,0.9289262167981579,0.7797702870015802,0.521651741123848,0.6276764492788733,0.6371333571548654,0.9314442191338358,0.8229187238313359,0.174899480587349],[0.9999999999999983,1.0,0.9999999999999987,0.9953836897291924,0.9953836897291924,0.9633308809325124,0.9633308809325124,0.9032297736309509,0.9032297736309509,0.8921461109212262,0.9947233699840212,0.8654009725941184,0.992653330461762,0.9921858170773246,0.9947622512195039,0.9726840554083691,0.9989720356884982,0.9242392237672657,0.9242392237672657,0.8047826537233947,0.09932946425962925,0.9690465729773149,-0.07451604585326295,-0.05424749777614691,-0.25257723552231803,0.6471288221945833,0.9273621003647569,0.8853353281216343,0.9233295245559898,0.7913511072704984,0.5132147792785221,0.6247301429285964,0.6635556913565999,0.9287845861393033,0.6748468647978692,0.17170693727863479],[1.0,0.9999999999999987,1.0,0.9954243580540009,0.9954243580540009,0.9639256439238002,0.9639256439238002,0.9021313674859396,0.9021313674859396,0.8910906449703156,0.9947365914287073,0.865784878147196,0.9929260185360332,0.9927313465331178,0.9947911090464056,0.9733382297123069,0.9989692740819118,0.9238767930510073,0.9238767930510073,0.7854627568913876,-0.11031251866814826,0.9776082657897465,0.10931275936222468,-0.061543407185292553,-0.2523609318585133,0.8187398374271216,0.9272556949012069,0.9115233683731722,0.9289262167981579,0.7797702870015802,0.521651741123848,0.6276764492788733,0.6371333571548654,0.9314442191338358,0.8229187238313359,0.174899480587349],[0.9954243580540009,0.9953836897291924,0.9954243580540009,1.0,1.0,0.9510316989719395,0.9510316989719395,0.8876657544660614,0.8876657544660614,0.8774605945877808,0.9994991968433589,0.8503974977506579,0.9895672731264586,0.9858742511536759,0.9994577675699498,0.9561354355861337,0.9949247715798893,0.9029108842583571,0.9029108842583571,0.7633398605161178,-0.11707616037438369,0.9896039569334966,0.1321326274941904,-0.09573980369131986,-0.254566567192153,0.814675975988253,0.9289292993896237,0.915917131995478,0.9168512903274879,0.7893590458414054,0.5496809705977208,0.6222248185287433,0.6097594698072637,0.92368057966652,0.8129128626604749,0.1866681466756639],[0.9954243580540009,0.9953836897291924,0.9954243580540009,1.0,1.0,0.9510316989719395,0.9510316989719395,0.8876657544660614,0.8876657544660614,0.8774605945877808,0.9994991968433589,0.8503974977506579,0.9895672731264586,0.9858742511536759,0.9994577675699498,0.9561354355861337,0.9949247715798893,0.9029108842583571,0.9029108842583571,0.7633398605161178,-0.11707616037438369,0.9896039569334966,0.1321326274941904,-0.09573980369131986,-0.254566567192153,0.814675975988253,0.9289292993896237,0.915917131995478,0.9168512903274879,0.7893590458414054,0.5496809705977208,0.6222248185287433,0.6097594698072637,0.92368057966652,0.8129128626604749,0.1866681466756639],[0.9639256439238002,0.9633308809325124,0.9639256439238002,0.9510316989719395,0.9510316989719395,1.0,1.0,0.9277674815656191,0.9277674815656191,0.8533062479250976,0.9525210583891313,0.8447417715926279,0.9747165310506105,0.9729223505172973,0.9523596291186945,0.9990507499997912,0.9732618046460612,0.9196607189527363,0.9196607189527363,0.6381874742097297,-0.056596965719550425,0.9360556455532596,0.2801120237610318,-0.2552942975699624,-0.11322804809377278,0.8885305075655696,0.8835091185706508,0.9296979037972402,0.8992992104915397,0.7405190953233401,0.7290172098913149,0.7345218893817433,0.7119409863983387,0.8547009439398651,0.8555240620570161,0.46105720545562134],[0.9639256439238002,0.9633308809325124,0.9639256439238002,0.9510316989719395,0.9510316989719395,1.0,1.0,0.9277674815656191,0.9277674815656191,0.8533062479250976,0.9525210583891313,0.8447417715926279,0.9747165310506105,0.9729223505172973,0.9523596291186945,0.9990507499997912,0.9732618046460612,0.9196607189527363,0.9196607189527363,0.6381874742097297,-0.056596965719550425,0.9360556455532596,0.2801120237610318,-0.2552942975699624,-0.11322804809377278,0.8885305075655696,0.8835091185706508,0.9296979037972402,0.8992992104915397,0.7405190953233401,0.7290172098913149,0.7345218893817433,0.7119409863983387,0.8547009439398651,0.8555240620570161,0.46105720545562134],[0.9021313674859396,0.9032297736309509,0.9021313674859396,0.8876657544660614,0.8876657544660614,0.9277674815656191,0.9277674815656191,1.0,1.0,0.791967814632603,0.9389412585106038,0.8160547334963926,0.9464994446702693,0.9415696101880453,0.9388108025549087,0.9287009325683913,0.9430102143760186,0.9721065656116603,0.9721065656116603,0.5768427773170965,0.06387296594037849,0.8472354628943408,0.5239182092946009,-0.2800246327715186,0.025237029609339323,0.7850965121713025,0.7798602477236618,0.868899866084557,0.8484650206845854,0.7523309642038032,0.8737397827386066,0.7768563563622838,0.719220919822827,0.7831804626901778,0.8429318600069822,0.798473858250907],[0.9021313674859396,0.9032297736309509,0.9021313674859396,0.8876657544660614,0.8876657544660614,0.9277674815656191,0.9277674815656191,1.0,1.0,0.791967814632603,0.9389412585106038,0.8160547334963926,0.9464994446702693,0.9415696101880453,0.9388108025549087,0.9287009325683913,0.9430102143760186,0.9721065656116603,0.9721065656116603,0.5768427773170965,0.06387296594037849,0.8472354628943408,0.5239182092946009,-0.2800246327715186,0.025237029609339323,0.7850965121713025,0.7798602477236618,0.868899866084557,0.8484650206845854,0.7523309642038032,0.8737397827386066,0.7768563563622838,0.719220919822827,0.7831804626901778,0.8429318600069822,0.798473858250907],[0.8910906449703156,0.8921461109212262,0.8910906449703156,0.8774605945877808,0.8774605945877808,0.8533062479250976,0.8533062479250976,0.791967814632603,0.791967814632603,1.0,0.8048156422441206,0.9999701104388613,0.7679521185486338,0.7072568600285406,0.806821456470603,0.8519018097888555,0.8378268643241016,0.8533597935937021,0.8533597935937021,0.7121481979161155,-0.10686615371547947,0.8568333155664036,0.049120321514654286,0.0419463249230458,-0.24632513877101753,0.8065265924247345,0.7227237012554228,0.8082274923342736,0.8462388744194185,0.7092691432573741,0.3945224496918892,0.5499069460017183,0.572379319684039,0.8422315122018218,0.7075275262617161,0.1779052265034123],[0.9947365914287073,0.9947233699840212,0.9947365914287073,0.9994991968433589,0.9994991968433589,0.9525210583891313,0.9525210583891313,0.9389412585106038,0.9389412585106038,0.8048156422441206,1.0,0.8045869071790255,0.9892720908563791,0.9859738127724759,0.9999185376506547,0.9528006713255673,0.9938930512504719,0.9175611149942732,0.9175611149942732,0.8527023289265352,0.09463647135569815,0.9960754640781698,0.8682879955680538,-0.4750666571797767,0.354395686254985,0.8439860779371814,0.8925660880466744,0.9422868762340276,0.912712955168394,0.8151516881700422,0.903823850432426,0.8746487342464463,0.800157276876176,0.8998040222961875,0.9434483468562416,0.772602308266038],[0.865784878147196,0.8654009725941184,0.865784878147196,0.8503974977506579,0.8503974977506579,0.8447417715926279,0.8447417715926279,0.8160547334963926,0.8160547334963926,0.9999701104388613,0.8045869071790255,1.0,0.7625419151704512,0.7004893689889025,0.8023161976463077,0.8444962259238271,0.8341993076833928,0.8511400494969653,0.8511400494969653,0.6815010302669403,0.015210700833403364,0.8291645266987124,0.5169036353743526,-0.19168580108042807,-0.23380841939272617,0.8434018439273656,0.6461661982493572,0.7897581358429396,0.8251821949871047,0.7423193797886812,0.6684774587259557,0.7429922402817738,0.699343817667364,0.8130629886365961,0.7129089915297526,0.7124665704688267],[0.9929260185360332,0.992653330461762,0.9929260185360332,0.9895672731264586,0.9895672731264586,0.9747165310506105,0.9747165310506105,0.9464994446702693,0.9464994446702693,0.7679521185486338,0.9892720908563791,0.7625419151704512,1.0,0.9997256247168999,0.9893011148950472,0.9729169396257382,0.99049879929258,0.9119949123115272,0.9119949123115272,0.8271394928874493,0.12786670517442406,0.9871418127167987,0.8903397655414652,-0.6468047194421249,0.42889429548070657,0.8213831035169581,0.8958351237520841,0.9563989274037245,0.9071975660434628,0.7470876019513846,0.904395142135549,0.8558565978675572,0.7877265736695864,0.8829654692896676,0.9615131826345646,0.8048148019464744],[0.9927313465331178,0.9921858170773246,0.9927313465331178,0.9858742511536759,0.9858742511536759,0.9729223505172973,0.9729223505172973,0.9415696101880453,0.9415696101880453,0.7072568600285406,0.9859738127724759,0.7004893689889025,0.9997256247168999,1.0,0.9861905655024636,0.9701695990748905,0.9891598177425959,0.8982820862010875,0.8982820862010875,0.8471229447631219,0.0038656778779021374,0.9821093122308905,0.8988793913232852,-0.8384502698546412,0.4715161711686868,0.7740084897648063,0.8995625399238307,0.9531140614257873,0.8942744904559213,0.6730688102988689,0.9139802762807459,0.8456525756499337,0.7352167254803353,0.9121501279470031,0.9631711915286004,0.771527576117047],[0.9947911090464056,0.9947622512195039,0.9947911090464056,0.9994577675699498,0.9994577675699498,0.9523596291186945,0.9523596291186945,0.9388108025549087,0.9388108025549087,0.806821456470603,0.9999185376506547,0.8023161976463077,0.9893011148950472,0.9861905655024636,1.0,0.952724163385666,0.9939504543177504,0.9178162932723123,0.9178162932723123,0.8539538559259008,0.09231763088827674,0.9959567982175924,0.868229655378616,-0.47374891792937895,0.353803512471674,0.8435796012560227,0.8889034673838055,0.9412218124279021,0.9132022475634395,0.8166176954350692,0.9036125936292927,0.8757764531743952,0.8006192192014252,0.8997279604331851,0.9433819953939958,0.7729974036593221],[0.9733382297123069,0.9726840554083691,0.9733382297123069,0.9561354355861337,0.9561354355861337,0.9990507499997912,0.9990507499997912,0.9287009325683913,0.9287009325683913,0.8519018097888555,0.9528006713255673,0.8444962259238271,0.9729169396257382,0.9701695990748905,0.952724163385666,1.0,0.9747186062869453,0.9194209842347941,0.9194209842347941,0.6872241801431572,-0.040264202048378106,0.9455800407541455,0.6108994309074645,-0.3893111284571645,-0.16422545898634436,0.9004263020710475,0.8836079679617987,0.9254534113744913,0.9071138127692522,0.779155636516847,0.8458090294917769,0.7831791928842354,0.7686859676210758,0.8777730115798943,0.8531306203680254,0.7858252462152701],[0.9989692740819118,0.9989720356884982,0.9989692740819118,0.9949247715798893,0.9949247715798893,0.9732618046460612,0.9732618046460612,0.9430102143760186,0.9430102143760186,0.8378268643241016,0.9938930512504719,0.8341993076833928,0.99049879929258,0.9891598177425959,0.9939504543177504,0.9747186062869453,1.0,0.9375345998622723,0.9375345998622723,0.8593329279782985,0.09835487067286997,0.9872916301451269,0.8377344425685803,-0.45478271513636026,0.3694377704664878,0.8827335395364408,0.8941527309955329,0.9476725739062227,0.937950142144906,0.8342332386552573,0.8916793783161847,0.9019194448643904,0.8344170460236299,0.9123349936094254,0.9498066162704316,0.8304561399519219],[0.9238767930510073,0.9242392237672657,0.9238767930510073,0.9029108842583571,0.9029108842583571,0.9196607189527363,0.9196607189527363,0.9721065656116603,0.9721065656116603,0.8533597935937021,0.9175611149942732,0.8511400494969653,0.9119949123115272,0.8982820862010875,0.9178162932723123,0.9194209842347941,0.9375345998622723,1.0,1.0,0.7366582476265487,-0.008879227116748194,0.8663408420362279,0.5317347747831845,-0.17088332088906935,-0.2045413450031681,0.82482875291836,0.7806784282000854,0.8331762985977925,0.914821698685846,0.8353478074208519,0.7980190873684204,0.7510132046157326,0.7045704112002944,0.8420365373981363,0.7726566996441112,0.8482669170573589],[0.9238767930510073,0.9242392237672657,0.9238767930510073,0.9029108842583571,0.9029108842583571,0.9196607189527363,0.9196607189527363,0.9721065656116603,0.9721065656116603,0.8533597935937021,0.9175611149942732,0.8511400494969653,0.9119949123115272,0.8982820862010875,0.9178162932723123,0.9194209842347941,0.9375345998622723,1.0,1.0,0.7366582476265487,-0.008879227116748194,0.8663408420362279,0.5317347747831845,-0.17088332088906935,-0.2045413450031681,0.82482875291836,0.7806784282000854,0.8331762985977925,0.914821698685846,0.8353478074208519,0.7980190873684204,0.7510132046157326,0.7045704112002944,0.8420365373981363,0.7726566996441112,0.8482669170573589],[0.7854627568913876,0.8047826537233947,0.7854627568913876,0.7633398605161178,0.7633398605161178,0.6381874742097297,0.6381874742097297,0.5768427773170965,0.5768427773170965,0.7121481979161155,0.8527023289265352,0.6815010302669403,0.8271394928874493,0.8471229447631219,0.8539538559259008,0.6872241801431572,0.8593329279782985,0.7366582476265487,0.7366582476265487,1.0,0.046324379358665034,0.7255916787233974,-0.4007328782762746,0.3418302849379323,-0.6585049071841289,0.3446563839806792,0.75645845776772,0.5006573886398996,0.8337969482483524,0.6898165165986667,0.08295844754338078,0.29800003666472374,0.5629664340258794,0.7812087464063648,0.46782585972635304,-0.16141685074876969],[-0.11031251866814826,0.09932946425962925,-0.11031251866814826,-0.11707616037438369,-0.11707616037438369,-0.056596965719550425,-0.056596965719550425,0.06387296594037849,0.06387296594037849,-0.10686615371547947,0.09463647135569815,0.015210700833403364,0.12786670517442406,0.0038656778779021374,0.09231763088827674,-0.040264202048378106,0.09835487067286997,-0.008879227116748194,-0.008879227116748194,0.046324379358665034,1.0,-0.07168484533657907,0.12271425581899997,0.1404532168647429,0.7508250031028294,-0.0844181927931614,-0.003880624741528899,0.0074869319216129895,0.1778034669533323,0.01531758365514003,0.08152481901088039,0.356103335133542,0.57763209492078,-0.10153893711871087,0.12505115948509832,0.1672348809991695],[0.9776082657897465,0.9690465729773149,0.9776082657897465,0.9896039569334966,0.9896039569334966,0.9360556455532596,0.9360556455532596,0.8472354628943408,0.8472354628943408,0.8568333155664036,0.9960754640781698,0.8291645266987124,0.9871418127167987,0.9821093122308905,0.9959567982175924,0.9455800407541455,0.9872916301451269,0.8663408420362279,0.8663408420362279,0.7255916787233974,-0.07168484533657907,1.0,0.04190028922550082,-0.15848216140207338,-0.3094156193792163,0.6768237193464488,0.9197899229513907,0.9002316801175902,0.860339688448194,0.7586311365272365,0.5496372612752863,0.5880761603805563,0.5381680127413129,0.9023645533518182,0.6533537050866066,0.16632249514307837],[0.10931275936222468,-0.07451604585326295,0.10931275936222468,0.1321326274941904,0.1321326274941904,0.2801120237610318,0.2801120237610318,0.5239182092946009,0.5239182092946009,0.049120321514654286,0.8682879955680538,0.5169036353743526,0.8903397655414652,0.8988793913232852,0.868229655378616,0.6108994309074645,0.8377344425685803,0.5317347747831845,0.5317347747831845,-0.4007328782762746,0.12271425581899997,0.04190028922550082,1.0,-0.4441985635158339,0.7487832388067663,0.36996638679363975,0.026786355822332186,0.28502184864425034,-0.12576095252152067,0.05288236209187446,0.5770987644300698,0.4644076636577913,0.1903589314762055,-0.03982921020546338,0.37308198838649426,0.46422546999130243],[-0.061543407185292553,-0.05424749777614691,-0.061543407185292553,-0.09573980369131986,-0.09573980369131986,-0.2552942975699624,-0.2552942975699624,-0.2800246327715186,-0.2800246327715186,0.0419463249230458,-0.4750666571797767,-0.19168580108042807,-0.6468047194421249,-0.8384502698546412,-0.47374891792937895,-0.3893111284571645,-0.45478271513636026,-0.17088332088906935,-0.17088332088906935,0.3418302849379323,0.1404532168647429,-0.15848216140207338,-0.4441985635158339,1.0,-0.03537506443892344,-0.14994537719804332,-0.13995566687368916,-0.2833596675919109,-0.02157401504055342,-0.056789775789886233,-0.5579077214114375,-0.1854005954006008,-0.014076213752079937,-0.015828859639164767,-0.19558212848484777,-0.40223521334304857],[-0.2523609318585133,-0.25257723552231803,-0.2523609318585133,-0.254566567192153,-0.254566567192153,-0.11322804809377278,-0.11322804809377278,0.025237029609339323,0.025237029609339323,-0.24632513877101753,0.354395686254985,-0.23380841939272617,0.42889429548070657,0.4715161711686868,0.353803512471674,-0.16422545898634436,0.3694377704664878,-0.2045413450031681,-0.2045413450031681,-0.6585049071841289,0.7508250031028294,-0.3094156193792163,0.7487832388067663,-0.03537506443892344,1.0,-0.10286805752993447,-0.2715407383455401,-0.05983429612048763,-0.35046737893331115,-0.32788680772124096,0.08594007819575161,0.16892992161252657,0.26731169177765407,-0.38122320937815374,0.12605328601416277,0.09920702456580865],[0.8187398374271216,0.6471288221945833,0.8187398374271216,0.814675975988253,0.814675975988253,0.8885305075655696,0.8885305075655696,0.7850965121713025,0.7850965121713025,0.8065265924247345,0.8439860779371814,0.8434018439273656,0.8213831035169581,0.7740084897648063,0.8435796012560227,0.9004263020710475,0.8827335395364408,0.82482875291836,0.82482875291836,0.3446563839806792,-0.0844181927931614,0.6768237193464488,0.36996638679363975,-0.14994537719804332,-0.10286805752993447,1.0,0.5752116443374641,0.8381871752554467,0.48799461898206753,0.621744073324946,0.5385721815139487,0.6521115942537751,0.4212026168097406,0.7004444185115568,0.7007138238417112,0.412475973796343],[0.9272556949012069,0.9273621003647569,0.9272556949012069,0.9289292993896237,0.9289292993896237,0.8835091185706508,0.8835091185706508,0.7798602477236618,0.7798602477236618,0.7227237012554228,0.8925660880466744,0.6461661982493572,0.8958351237520841,0.8995625399238307,0.8889034673838055,0.8836079679617987,0.8941527309955329,0.7806784282000854,0.7806784282000854,0.75645845776772,-0.003880624741528899,0.9197899229513907,0.026786355822332186,-0.13995566687368916,-0.2715407383455401,0.5752116443374641,1.0,0.8226266491630716,0.8244289037097003,0.6979987771430786,0.43454253166597845,0.5059389562455634,0.5600977025613842,0.8694537208378463,0.6244578331462323,0.07539950632926988],[0.9115233683731722,0.8853353281216343,0.9115233683731722,0.915917131995478,0.915917131995478,0.9296979037972402,0.9296979037972402,0.868899866084557,0.868899866084557,0.8082274923342736,0.9422868762340276,0.7897581358429396,0.9563989274037245,0.9531140614257873,0.9412218124279021,0.9254534113744913,0.9476725739062227,0.8331762985977925,0.8331762985977925,0.5006573886398996,0.0074869319216129895,0.9002316801175902,0.28502184864425034,-0.2833596675919109,-0.05983429612048763,0.8381871752554467,0.8226266491630716,1.0,0.7463531505622183,0.6033726946881787,0.5783981664940263,0.5933174637032013,0.5319303670534479,0.8119511928925235,0.8272660577575673,0.21084509719005617],[0.9289262167981579,0.9233295245559898,0.9289262167981579,0.9168512903274879,0.9168512903274879,0.8992992104915397,0.8992992104915397,0.8484650206845854,0.8484650206845854,0.8462388744194185,0.912712955168394,0.8251821949871047,0.9071975660434628,0.8942744904559213,0.9132022475634395,0.9071138127692522,0.937950142144906,0.914821698685846,0.914821698685846,0.8337969482483524,0.1778034669533323,0.860339688448194,-0.12576095252152067,-0.02157401504055342,-0.35046737893331115,0.48799461898206753,0.8244289037097003,0.7463531505622183,1.0,0.9051019420754185,0.5306055541609912,0.6819647102037073,0.6655521682007611,0.8764523721296947,0.494995928258462,0.29262553804945085],[0.7797702870015802,0.7913511072704984,0.7797702870015802,0.7893590458414054,0.7893590458414054,0.7405190953233401,0.7405190953233401,0.7523309642038032,0.7523309642038032,0.7092691432573741,0.8151516881700422,0.7423193797886812,0.7470876019513846,0.6730688102988689,0.8166176954350692,0.779155636516847,0.8342332386552573,0.8353478074208519,0.8353478074208519,0.6898165165986667,0.01531758365514003,0.7586311365272365,0.05288236209187446,-0.056789775789886233,-0.32788680772124096,0.621744073324946,0.6979987771430786,0.6033726946881787,0.9051019420754185,1.0,0.570812414216072,0.6647572746281808,0.607738704467418,0.7271982323824839,0.5771114103754053,0.46943260712839907],[0.521651741123848,0.5132147792785221,0.521651741123848,0.5496809705977208,0.5496809705977208,0.7290172098913149,0.7290172098913149,0.8737397827386066,0.8737397827386066,0.3945224496918892,0.903823850432426,0.6684774587259557,0.904395142135549,0.9139802762807459,0.9036125936292927,0.8458090294917769,0.8916793783161847,0.7980190873684204,0.7980190873684204,0.08295844754338078,0.08152481901088039,0.5496372612752863,0.5770987644300698,-0.5579077214114375,0.08594007819575161,0.5385721815139487,0.43454253166597845,0.5783981664940263,0.5306055541609912,0.570812414216072,1.0,0.7416163708339291,0.378265013080122,0.4732569761347497,0.5601897499649374,0.7653350740438822],[0.6276764492788733,0.6247301429285964,0.6276764492788733,0.6222248185287433,0.6222248185287433,0.7345218893817433,0.7345218893817433,0.7768563563622838,0.7768563563622838,0.5499069460017183,0.8746487342464463,0.7429922402817738,0.8558565978675572,0.8456525756499337,0.8757764531743952,0.7831791928842354,0.9019194448643904,0.7510132046157326,0.7510132046157326,0.29800003666472374,0.356103335133542,0.5880761603805563,0.4644076636577913,-0.1854005954006008,0.16892992161252657,0.6521115942537751,0.5059389562455634,0.5933174637032013,0.6819647102037073,0.6647572746281808,0.7416163708339291,1.0,0.7782513702184397,0.48673015159450633,0.724907643511167,0.5464881740493357],[0.6371333571548654,0.6635556913565999,0.6371333571548654,0.6097594698072637,0.6097594698072637,0.7119409863983387,0.7119409863983387,0.719220919822827,0.719220919822827,0.572379319684039,0.800157276876176,0.699343817667364,0.7877265736695864,0.7352167254803353,0.8006192192014252,0.7686859676210758,0.8344170460236299,0.7045704112002944,0.7045704112002944,0.5629664340258794,0.57763209492078,0.5381680127413129,0.1903589314762055,-0.014076213752079937,0.26731169177765407,0.4212026168097406,0.5600977025613842,0.5319303670534479,0.6655521682007611,0.607738704467418,0.378265013080122,0.7782513702184397,1.0,0.4902544545942697,0.6659427674642141,0.19814149142038667],[0.9314442191338358,0.9287845861393033,0.9314442191338358,0.92368057966652,0.92368057966652,0.8547009439398651,0.8547009439398651,0.7831804626901778,0.7831804626901778,0.8422315122018218,0.8998040222961875,0.8130629886365961,0.8829654692896676,0.9121501279470031,0.8997279604331851,0.8777730115798943,0.9123349936094254,0.8420365373981363,0.8420365373981363,0.7812087464063648,-0.10153893711871087,0.9023645533518182,-0.03982921020546338,-0.015828859639164767,-0.38122320937815374,0.7004444185115568,0.8694537208378463,0.8119511928925235,0.8764523721296947,0.7271982323824839,0.4732569761347497,0.48673015159450633,0.4902544545942697,1.0,0.72264096701242,0.16361340569384034],[0.8229187238313359,0.6748468647978692,0.8229187238313359,0.8129128626604749,0.8129128626604749,0.8555240620570161,0.8555240620570161,0.8429318600069822,0.8429318600069822,0.7075275262617161,0.9434483468562416,0.7129089915297526,0.9615131826345646,0.9631711915286004,0.9433819953939958,0.8531306203680254,0.9498066162704316,0.7726566996441112,0.7726566996441112,0.46782585972635304,0.12505115948509832,0.6533537050866066,0.37308198838649426,-0.19558212848484777,0.12605328601416277,0.7007138238417112,0.6244578331462323,0.8272660577575673,0.494995928258462,0.5771114103754053,0.5601897499649374,0.724907643511167,0.6659427674642141,0.72264096701242,1.0,0.1724942916714947],[0.174899480587349,0.17170693727863479,0.174899480587349,0.1866681466756639,0.1866681466756639,0.46105720545562134,0.46105720545562134,0.798473858250907,0.798473858250907,0.1779052265034123,0.772602308266038,0.7124665704688267,0.8048148019464744,0.771527576117047,0.7729974036593221,0.7858252462152701,0.8304561399519219,0.8482669170573589,0.8482669170573589,-0.16141685074876969,0.1672348809991695,0.16632249514307837,0.46422546999130243,-0.40223521334304857,0.09920702456580865,0.412475973796343,0.07539950632926988,0.21084509719005617,0.29262553804945085,0.46943260712839907,0.7653350740438822,0.5464881740493357,0.19814149142038667,0.16361340569384034,0.1724942916714947,1.0]],"x":["^TAIEX       \u81fa\u7063\u52a0\u6b0a\u5831\u916c\u6307\u6578","^TWII        \u81fa\u7063\u52a0\u6b0a\u6307\u6578","^TAIEXx2     \u81fa\u7063\u52a0\u6b0a\u5831\u916c\u6307\u6578_\u65e5\u6b632","^TAI50I      \u81fa\u706350\u5831\u916c\u6307\u6578","^TAI50Ix2    \u81fa\u706350\u5831\u916c\u6307\u6578_\u65e5\u6b632","^TAI100I     \u81fa\u7063\u4e2d\u578b100\u5831\u916c\u6307\u6578","^TAI100Ix2   \u81fa\u7063\u4e2d\u578b100\u5831\u916c\u6307\u6578_\u65e5\u6b632","^TAIDIVIDI   \u81fa\u7063\u9ad8\u80a1\u606f\u5831\u916c\u6307\u6578","^TAIDIVIDIx2 \u81fa\u7063\u9ad8\u80a1\u606f\u5831\u916c\u6307\u6578_\u65e5\u6b632","0050Fund     \u5143\u5927\u53f0\u7063\u5353\u8d8a50\u57fa\u91d1","006208Fund   \u5bcc\u90a6\u53f0\u7063\u91c6\u540950\u57fa\u91d1","0050         \u5143\u5927\u81fa\u706350","00631L       \u5143\u5927\u53f0\u706350\u6b632","00675L       \u5bcc\u90a6\u81fa\u7063\u52a0\u6b0a\u6b632","006208       \u5bcc\u90a6\u53f050","0051         \u5143\u5927\u4e2d\u578b100","006204       \u6c38\u8c50\u81fa\u7063\u52a0\u6b0a","0056         \u5143\u5927\u9ad8\u80a1\u606f","0056         \u5143\u5927\u9ad8\u80a1\u606f_\u80a1\u606f\u4e0d\u6295\u5165","2412         \u4e2d\u83ef\u96fb\u4fe1","2002         \u4e2d\u92fc","2330         \u53f0\u7a4d\u96fb","2317         \u9d3b\u6d77","6505         \u53f0\u5851\u77f3\u5316","3481         \u7fa4\u5275","2303         \u806f\u96fb","2308         \u53f0\u9054\u96fb","2454         \u806f\u767c\u79d1","2886         \u5146\u8c50\u91d1","2884         \u7389\u5c71\u91d1","2891         \u4e2d\u4fe1\u91d1","2892         \u7b2c\u4e00\u91d1","5880         \u5408\u5eab\u91d1","2881         \u5bcc\u90a6\u91d1","2885         \u5143\u5927\u91d1","2887         \u53f0\u65b0\u91d1"],"y":["^TAIEX       \u81fa\u7063\u52a0\u6b0a\u5831\u916c\u6307\u6578","^TWII        \u81fa\u7063\u52a0\u6b0a\u6307\u6578","^TAIEXx2     \u81fa\u7063\u52a0\u6b0a\u5831\u916c\u6307\u6578_\u65e5\u6b632","^TAI50I      \u81fa\u706350\u5831\u916c\u6307\u6578","^TAI50Ix2    \u81fa\u706350\u5831\u916c\u6307\u6578_\u65e5\u6b632","^TAI100I     \u81fa\u7063\u4e2d\u578b100\u5831\u916c\u6307\u6578","^TAI100Ix2   \u81fa\u7063\u4e2d\u578b100\u5831\u916c\u6307\u6578_\u65e5\u6b632","^TAIDIVIDI   \u81fa\u7063\u9ad8\u80a1\u606f\u5831\u916c\u6307\u6578","^TAIDIVIDIx2 \u81fa\u7063\u9ad8\u80a1\u606f\u5831\u916c\u6307\u6578_\u65e5\u6b632","0050Fund     \u5143\u5927\u53f0\u7063\u5353\u8d8a50\u57fa\u91d1","006208Fund   \u5bcc\u90a6\u53f0\u7063\u91c6\u540950\u57fa\u91d1","0050         \u5143\u5927\u81fa\u706350","00631L       \u5143\u5927\u53f0\u706350\u6b632","00675L       \u5bcc\u90a6\u81fa\u7063\u52a0\u6b0a\u6b632","006208       \u5bcc\u90a6\u53f050","0051         \u5143\u5927\u4e2d\u578b100","006204       \u6c38\u8c50\u81fa\u7063\u52a0\u6b0a","0056         \u5143\u5927\u9ad8\u80a1\u606f","0056         \u5143\u5927\u9ad8\u80a1\u606f_\u80a1\u606f\u4e0d\u6295\u5165","2412         \u4e2d\u83ef\u96fb\u4fe1","2002         \u4e2d\u92fc","2330         \u53f0\u7a4d\u96fb","2317         \u9d3b\u6d77","6505         \u53f0\u5851\u77f3\u5316","3481         \u7fa4\u5275","2303         \u806f\u96fb","2308         \u53f0\u9054\u96fb","2454         \u806f\u767c\u79d1","2886         \u5146\u8c50\u91d1","2884         \u7389\u5c71\u91d1","2891         \u4e2d\u4fe1\u91d1","2892         \u7b2c\u4e00\u91d1","5880         \u5408\u5eab\u91d1","2881         \u5bcc\u90a6\u91d1","2885         \u5143\u5927\u91d1","2887         \u53f0\u65b0\u91d1"],"zmin":-1,"zmax":1,"colorbar":{"x":-0.2}}],"layout":{"autotypenumbers":"strict","colorway":["#636efa","#EF553B","#00cc96","#ab63fa","#FFA15A","#19d3f3","#FF6692","#B6E880","#FF97FF","#FECB52"],"font":{"color":"#f2f5fa","family":"Courier New"},"hovermode":"closest","hoverlabel":{"align":"left"},"paper_bgcolor":"rgb(17,17,17)","plot_bgcolor":"rgb(17,17,17)","polar":{"bgcolor":"rgb(17,17,17)","angularaxis":{"gridcolor":"#506784","linecolor":"#506784","ticks":""},"radialaxis":{"gridcolor":"#506784","linecolor":"#506784","ticks":""}},"ternary":{"bgcolor":"rgb(17,17,17)","aaxis":{"gridcolor":"#506784","linecolor":"#506784","ticks":""},"baxis":{"gridcolor":"#506784","linecolor":"#506784","ticks":""},"caxis":{"gridcolor":"#506784","linecolor":"#506784","ticks":""}},"coloraxis":{"colorbar":{"outlinewidth":0,"ticks":""}},"colorscale":{"sequential":[[0.0,"#0d0887"],[0.1111111111111111,"#46039f"],[0.2222222222222222,"#7201a8"],[0.3333333333333333,"#9c179e"],[0.4444444444444444,"#bd3786"],[0.5555555555555556,"#d8576b"],[0.6666666666666666,"#ed7953"],[0.7777777777777778,"#fb9f3a"],[0.8888888888888888,"#fdca26"],[1.0,"#f0f921"]],"sequentialminus":[[0.0,"#0d0887"],[0.1111111111111111,"#46039f"],[0.2222222222222222,"#7201a8"],[0.3333333333333333,"#9c179e"],[0.4444444444444444,"#bd3786"],[0.5555555555555556,"#d8576b"],[0.6666666666666666,"#ed7953"],[0.7777777777777778,"#fb9f3a"],[0.8888888888888888,"#fdca26"],[1.0,"#f0f921"]],"diverging":[[0,"#8e0152"],[0.1,"#c51b7d"],[0.2,"#de77ae"],[0.3,"#f1b6da"],[0.4,"#fde0ef"],[0.5,"#f7f7f7"],[0.6,"#e6f5d0"],[0.7,"#b8e186"],[0.8,"#7fbc41"],[0.9,"#4d9221"],[1,"#276419"]]},"xaxis":{"gridcolor":"rgba(0, 0, 0, 0)","linecolor":"#506784","ticks":"","title":{"standoff":15},"zerolinecolor":"#283442","automargin":true,"zerolinewidth":2,"tickfont":{"family":"Courier New","size":14},"side":"top","tickangle":-90},"yaxis":{"gridcolor":"rgba(0, 0, 0, 0)","linecolor":"#506784","ticks":"","title":{"standoff":15},"zerolinecolor":"#283442","automargin":true,"zerolinewidth":2,"tickfont":{"family":"Courier New"},"side":"right"},"scene":{"xaxis":{"backgroundcolor":"rgb(17,17,17)","gridcolor":"#506784","linecolor":"#506784","showbackground":true,"ticks":"","zerolinecolor":"#C8D4E3","gridwidth":2},"yaxis":{"backgroundcolor":"rgb(17,17,17)","gridcolor":"#506784","linecolor":"#506784","showbackground":true,"ticks":"","zerolinecolor":"#C8D4E3","gridwidth":2},"zaxis":{"backgroundcolor":"rgb(17,17,17)","gridcolor":"#506784","linecolor":"#506784","showbackground":true,"ticks":"","zerolinecolor":"#C8D4E3","gridwidth":2}},"shapedefaults":{"line":{"color":"#f2f5fa"}},"annotationdefaults":{"arrowcolor":"#f2f5fa","arrowhead":0,"arrowwidth":1},"geo":{"bgcolor":"rgb(17,17,17)","landcolor":"rgb(17,17,17)","subunitcolor":"#506784","showland":true,"showlakes":true,"lakecolor":"rgb(17,17,17)"},"title":{"x":0.05,"font":{"family":"Times New Roman"},"y":0.05,"text":"<b>Correlation of Close<b><br><i>2016-09-23 ~ 2025-10-09<i>"},"updatemenudefaults":{"bgcolor":"#506784","borderwidth":0},"sliderdefaults":{"bgcolor":"#C8D4E3","borderwidth":1,"bordercolor":"rgb(17,17,17)","tickwidth":0},"mapbox":{"style":"dark"},"annotations":[{"text":"<b>@zwindr<b>","textangle":0,"opacity":0.5,"font":{"color":"white","size":12},"xref":"paper","yref":"paper","xanchor":"left","yanchor":"bottom","x":1.0,"y":1.0,"showarrow":false}]},"config":{"responsive":true,"toImageButtonOptions":{"filename":"Correlation of Close_2016-09-23~2025-10-09","scale":5}}};Plotly.newPlot("correlationClose",correlationClose.data,correlationClose.layout||{},correlationClose.config);}else{console.log("style display is none => correlationClose");}