var element=document.getElementById("correlationClose");if(element.style.display!='none'){var correlationClose={"data":[{"type":"heatmap","z":[[1.0,0.999999999999998,1.0,0.9952267572519508,0.9952267572519508,0.9762829838072825,0.9762829838072825,0.9227258610140255,0.9227258610140255,0.6935844511760777,0.9958038226619691,0.6294182509214906,0.8690499583006834,0.9870748731858957,0.9958783443844429,0.9799760022785343,0.999364635903061,0.9059206706062959,0.9059206706062959,0.7553621354470479,-0.21556089199887302,0.9833415793176514,0.29892261837042317,-0.1953163727276575,-0.1914756010060639,0.8427801243501443,0.8818331827605802,0.9224951378424814,0.8828366259362062,0.7738036210554299,0.6928468512835424,0.6475687547690854,0.5804031365294053,0.9185292786744621,0.8856307587587156,0.30738361990204405],[0.999999999999998,1.0,0.9999999999999981,0.9951827979474136,0.9951827979474136,0.9759237742429094,0.9759237742429094,0.9232475473553736,0.9232475473553736,0.692595426672204,0.9958339869646344,0.626770468841104,0.8715008625765358,0.9861720841352393,0.9959331227682207,0.9798636210847632,0.9993710581026383,0.9062139249252857,0.9062139249252857,0.7703764428948522,-0.0113655004525646,0.9773348820354464,0.05113685969159812,-0.19073876241246343,-0.18765907343493465,0.7096127129194663,0.8784792472634428,0.9053053262446147,0.8786848184105779,0.7798563079675193,0.6893004269003159,0.644845882268879,0.6032200942123885,0.9178886907865491,0.775551894553183,0.30728995689667665],[1.0,0.9999999999999981,1.0,0.9952267572519508,0.9952267572519508,0.9762829838072825,0.9762829838072825,0.9227258610140255,0.9227258610140255,0.6935844511760777,0.9958038226619691,0.6294182509214906,0.8690499583006834,0.9870748731858957,0.9958783443844429,0.9799760022785343,0.999364635903061,0.9059206706062959,0.9059206706062959,0.7553621354470479,-0.21556089199887302,0.9833415793176514,0.29892261837042317,-0.1953163727276575,-0.1914756010060639,0.8427801243501443,0.8818331827605802,0.9224951378424814,0.8828366259362062,0.7738036210554299,0.6928468512835424,0.6475687547690854,0.5804031365294053,0.9185292786744621,0.8856307587587156,0.30738361990204405],[0.9952267572519508,0.9951827979474136,0.9952267572519508,1.0,1.0,0.9650730996536744,0.9650730996536744,0.9057645508742892,0.9057645508742892,0.6478680630199425,0.9997114639557749,0.5848110487450063,0.875959928796146,0.9900998404929366,0.9996650893368322,0.9643781168291218,0.9954426732976607,0.8760816710911222,0.8760816710911222,0.7210038327680707,-0.22174133441164967,0.9936481044165442,0.3264485322845807,-0.22820145941790718,-0.18383118654795405,0.8304447769983163,0.9066958392176259,0.9264430323065517,0.8538979064168705,0.7649848234362694,0.7198472128908776,0.6333103096242719,0.5422902656067358,0.8989134093968152,0.879474019119053,0.32253422134102333],[0.9952267572519508,0.9951827979474136,0.9952267572519508,1.0,1.0,0.9650730996536744,0.9650730996536744,0.9057645508742892,0.9057645508742892,0.6478680630199425,0.9997114639557749,0.5848110487450063,0.875959928796146,0.9900998404929366,0.9996650893368322,0.9643781168291218,0.9954426732976607,0.8760816710911222,0.8760816710911222,0.7210038327680707,-0.22174133441164967,0.9936481044165442,0.3264485322845807,-0.22820145941790718,-0.18383118654795405,0.8304447769983163,0.9066958392176259,0.9264430323065517,0.8538979064168705,0.7649848234362694,0.7198472128908776,0.6333103096242719,0.5422902656067358,0.8989134093968152,0.879474019119053,0.32253422134102333],[0.9762829838072825,0.9759237742429094,0.9762829838072825,0.9650730996536744,0.9650730996536744,1.0,1.0,0.9443364765946404,0.9443364765946404,0.6778661711566859,0.9636960300020576,0.6497682307301653,0.8465162467924232,0.9546235805009583,0.9636059952473606,0.9991498418755427,0.9808932123393492,0.9144113182533957,0.9144113182533957,0.6544859998327045,-0.17775915559719402,0.9548251733660325,0.4206737607836841,-0.35294728065879344,-0.08931828156522043,0.8945016001033518,0.8450365487172842,0.9303242111041076,0.8692619704206868,0.74931759304205,0.8257181069936204,0.7343676348743874,0.6479811001693009,0.8682048459097246,0.9063115599015893,0.5538223018139696],[0.9762829838072825,0.9759237742429094,0.9762829838072825,0.9650730996536744,0.9650730996536744,1.0,1.0,0.9443364765946404,0.9443364765946404,0.6778661711566859,0.9636960300020576,0.6497682307301653,0.8465162467924232,0.9546235805009583,0.9636059952473606,0.9991498418755427,0.9808932123393492,0.9144113182533957,0.9144113182533957,0.6544859998327045,-0.17775915559719402,0.9548251733660325,0.4206737607836841,-0.35294728065879344,-0.08931828156522043,0.8945016001033518,0.8450365487172842,0.9303242111041076,0.8692619704206868,0.74931759304205,0.8257181069936204,0.7343676348743874,0.6479811001693009,0.8682048459097246,0.9063115599015893,0.5538223018139696],[0.9227258610140255,0.9232475473553736,0.9227258610140255,0.9057645508742892,0.9057645508742892,0.9443364765946404,0.9443364765946404,1.0,1.0,0.6643221846518405,0.9402665930789229,0.6690029299104718,0.8078100703741682,0.9143105179448365,0.9400262965717451,0.9464159994702471,0.9517553551449867,0.9696655501563805,0.9696655501563805,0.619672161190918,-0.06091509928660434,0.8783615416306829,0.6220958962095555,-0.38570959760767043,0.024543016485460815,0.8247516925465884,0.747508154016428,0.8817923262358324,0.8478362610903709,0.7714252337599113,0.9013330920666663,0.7851233030828307,0.682921541074074,0.8227001465952921,0.884770350137226,0.8392105900279958],[0.9227258610140255,0.9232475473553736,0.9227258610140255,0.9057645508742892,0.9057645508742892,0.9443364765946404,0.9443364765946404,1.0,1.0,0.6643221846518405,0.9402665930789229,0.6690029299104718,0.8078100703741682,0.9143105179448365,0.9400262965717451,0.9464159994702471,0.9517553551449867,0.9696655501563805,0.9696655501563805,0.619672161190918,-0.06091509928660434,0.8783615416306829,0.6220958962095555,-0.38570959760767043,0.024543016485460815,0.8247516925465884,0.747508154016428,0.8817923262358324,0.8478362610903709,0.7714252337599113,0.9013330920666663,0.7851233030828307,0.682921541074074,0.8227001465952921,0.884770350137226,0.8392105900279958],[0.6935844511760777,0.692595426672204,0.6935844511760777,0.6478680630199425,0.6478680630199425,0.6778661711566859,0.6778661711566859,0.6643221846518405,0.6643221846518405,1.0,0.4906121127738513,0.9999689282983099,0.27297496524530157,0.24061315157255,0.4941289376747233,0.6711737919321943,0.5674096366232895,0.7655672764991921,0.7655672764991921,0.6820826926426716,-0.10040970398721463,0.6197729158213008,0.04167823651213686,0.04561712392572841,-0.24132452982672795,0.7169576656159045,0.335705972837103,0.6150526574527908,0.7943590624230918,0.6655452848070162,0.31588896311182335,0.5200580309509729,0.5621889187889084,0.7545704630944571,0.5687153386190025,0.1699773826068556],[0.9958038226619691,0.9958339869646344,0.9958038226619691,0.9997114639557749,0.9997114639557749,0.9636960300020576,0.9636960300020576,0.9402665930789229,0.9402665930789229,0.4906121127738513,1.0,0.4921926731847335,0.8756076861792811,0.9894524895515653,0.9999514625641728,0.9606333689386805,0.9952197379105334,0.8860676350347002,0.8860676350347002,0.838003651124242,-0.1385516635237145,0.9972961817035128,0.9111363925042144,-0.5460011331782942,0.5888352141389857,0.8349729609339013,0.893121966790405,0.9368346426435749,0.8334973367210732,0.7838619575012921,0.9445560813638886,0.8159619148050744,0.6687910315794223,0.8806841620646939,0.9622154164653743,0.844849173924377],[0.6294182509214906,0.626770468841104,0.6294182509214906,0.5848110487450063,0.5848110487450063,0.6497682307301653,0.6497682307301653,0.6690029299104718,0.6690029299104718,0.9999689282983099,0.4921926731847335,1.0,0.2724870634922879,0.23929042673689616,0.4933631394797038,0.658246258362748,0.5665964937500642,0.7552051693041716,0.7552051693041716,0.6308401065182564,0.03097699457602648,0.5600287880307793,0.37251823965437314,-0.16139948738123525,-0.22420844197387693,0.7340393245491343,0.24560589146258008,0.5730712187167059,0.7608815112884402,0.6808970343774287,0.4713096410123553,0.6754132161900918,0.6748248895551879,0.7007034925800207,0.5317432626220455,0.5897755609501373],[0.8690499583006834,0.8715008625765358,0.8690499583006834,0.875959928796146,0.875959928796146,0.8465162467924232,0.8465162467924232,0.8078100703741682,0.8078100703741682,0.27297496524530157,0.8756076861792811,0.2724870634922879,1.0,0.9998653382318763,0.876371059522369,0.841669271734651,0.8692637745428913,0.7310196323368358,0.7310196323368358,0.6337474277771498,-0.1128483945789824,0.8728991874942947,0.8188684554486402,-0.6378770952841707,0.6490575552315756,0.6972158107367834,0.8574965364971429,0.8586942952552314,0.6573911243730318,0.589340420205002,0.8452773239620471,0.6374690001573761,0.48512915966713066,0.7484685792289606,0.855161306691826,0.7703172173299772],[0.9870748731858957,0.9861720841352393,0.9870748731858957,0.9900998404929366,0.9900998404929366,0.9546235805009583,0.9546235805009583,0.9143105179448365,0.9143105179448365,0.24061315157255,0.9894524895515653,0.23929042673689616,0.9998653382318763,1.0,0.9891981163413828,0.9472633276644002,0.9838346548544481,0.8367751963449088,0.8367751963449088,0.8257316853880453,-0.2444189587340525,0.9834356200266311,0.8948876483859861,-0.7381045327395399,0.7068997291829527,0.7666744633517896,0.9436106417299454,0.9394516827310994,0.7405262946926463,0.653718331683674,0.9325477753476881,0.7364178439090394,0.506454233818067,0.8375262113460236,0.9569715894515974,0.8390274704357954],[0.9958783443844429,0.9959331227682207,0.9958783443844429,0.9996650893368322,0.9996650893368322,0.9636059952473606,0.9636059952473606,0.9400262965717451,0.9400262965717451,0.4941289376747233,0.9999514625641728,0.4933631394797038,0.876371059522369,0.9891981163413828,1.0,0.9609928065843322,0.9953556703053807,0.8876507040062775,0.8876507040062775,0.8389272117612008,-0.13749703691317888,0.9971916821203374,0.9107625615800865,-0.5436680988589481,0.5881881209199322,0.8355912899983717,0.8919395577355025,0.9364571168461266,0.8344825666080136,0.7851222444719159,0.944217856146148,0.8174102325471825,0.6705093532729643,0.8809451805414532,0.9623442863667108,0.8453512165411856],[0.9799760022785343,0.9798636210847632,0.9799760022785343,0.9643781168291218,0.9643781168291218,0.9991498418755427,0.9991498418755427,0.9464159994702471,0.9464159994702471,0.6711737919321943,0.9606333689386805,0.658246258362748,0.841669271734651,0.9472633276644002,0.9609928065843322,1.0,0.980021663090755,0.9181350772496015,0.9181350772496015,0.7040532209176243,-0.16721953845892049,0.956868161468188,0.7308995138797639,-0.47963842756127206,-0.09033795334269867,0.904618234251737,0.8296913097156896,0.924008502233205,0.8765034671080104,0.7810093525489025,0.8986545873857646,0.7778676067039847,0.7031983043301936,0.8894490159970478,0.9039806804007463,0.8358026521533182],[0.999364635903061,0.9993710581026383,0.999364635903061,0.9954426732976607,0.9954426732976607,0.9808932123393492,0.9808932123393492,0.9517553551449867,0.9517553551449867,0.5674096366232895,0.9952197379105334,0.5665964937500642,0.8692637745428913,0.9838346548544481,0.9953556703053807,0.980021663090755,1.0,0.9169267017008874,0.9169267017008874,0.8562033522067742,-0.11912977261040546,0.9906084875187963,0.8937370890377648,-0.5358983218599475,0.5818665262140951,0.8741202413429755,0.8709500228775315,0.9410077429016787,0.8741439956162765,0.8105979177439989,0.9370803273558104,0.8567575958101592,0.7247135935342885,0.9012105829627727,0.9690738079382581,0.8808378096145717],[0.9059206706062959,0.9062139249252857,0.9059206706062959,0.8760816710911222,0.8760816710911222,0.9144113182533957,0.9144113182533957,0.9696655501563805,0.9696655501563805,0.7655672764991921,0.8860676350347002,0.7552051693041716,0.7310196323368358,0.8367751963449088,0.8876507040062775,0.9181350772496015,0.9169267017008874,1.0,1.0,0.7606085194854966,-0.10154457253686296,0.8486496844181087,0.6247156108675953,-0.2728232394262898,-0.15435618173035565,0.8497343396556831,0.6696580597772307,0.8264675447306119,0.9158615951355816,0.8474822463469753,0.8155264982186125,0.7718470945318766,0.69526748571645,0.8644746254969915,0.805256258069906,0.8689589517791854],[0.9059206706062959,0.9062139249252857,0.9059206706062959,0.8760816710911222,0.8760816710911222,0.9144113182533957,0.9144113182533957,0.9696655501563805,0.9696655501563805,0.7655672764991921,0.8860676350347002,0.7552051693041716,0.7310196323368358,0.8367751963449088,0.8876507040062775,0.9181350772496015,0.9169267017008874,1.0,1.0,0.7606085194854966,-0.10154457253686296,0.8486496844181087,0.6247156108675953,-0.2728232394262898,-0.15435618173035565,0.8497343396556831,0.6696580597772307,0.8264675447306119,0.9158615951355816,0.8474822463469753,0.8155264982186125,0.7718470945318766,0.69526748571645,0.8644746254969915,0.805256258069906,0.8689589517791854],[0.7553621354470479,0.7703764428948522,0.7553621354470479,0.7210038327680707,0.7210038327680707,0.6544859998327045,0.6544859998327045,0.619672161190918,0.619672161190918,0.6820826926426716,0.838003651124242,0.6308401065182564,0.6337474277771498,0.8257316853880453,0.8389272117612008,0.7040532209176243,0.8562033522067742,0.7606085194854966,0.7606085194854966,1.0,0.0039946271743837684,0.6866373340228825,-0.27684373613721164,0.25380210576538254,-0.630082974117221,0.40071953634629,0.5606227810647851,0.5112605356625226,0.8455864338003011,0.7135650089236524,0.21648882185793344,0.35210101912200237,0.5759665293593625,0.7924299174729523,0.5143065575663908,-0.07671957187994949],[-0.21556089199887302,-0.0113655004525646,-0.21556089199887302,-0.22174133441164967,-0.22174133441164967,-0.17775915559719402,-0.17775915559719402,-0.06091509928660434,-0.06091509928660434,-0.10040970398721463,-0.1385516635237145,0.03097699457602648,-0.1128483945789824,-0.2444189587340525,-0.13749703691317888,-0.16721953845892049,-0.11912977261040546,-0.10154457253686296,-0.10154457253686296,0.0039946271743837684,1.0,-0.1491782210605695,0.07016062020265759,0.18888023503922038,0.7307486748555944,-0.1286865717065779,-0.12122588214629504,-0.08990107642755515,0.12165584014006094,-0.0441578600736996,-0.04772005986735253,0.26868640015032874,0.5444701080217559,-0.1683350875653795,0.03285918020021006,0.10628510163445835],[0.9833415793176514,0.9773348820354464,0.9833415793176514,0.9936481044165442,0.9936481044165442,0.9548251733660325,0.9548251733660325,0.8783615416306829,0.8783615416306829,0.6197729158213008,0.9972961817035128,0.5600287880307793,0.8728991874942947,0.9834356200266311,0.9971916821203374,0.956868161468188,0.9906084875187963,0.8486496844181087,0.8486496844181087,0.6866373340228825,-0.1491782210605695,1.0,0.23645500682523388,-0.2737039090246621,-0.2193414847624326,0.7166581110584442,0.9076070886240245,0.9094702022444544,0.8049130619157931,0.7368706748283531,0.7246642454943212,0.6066685452749059,0.4834585495815811,0.8817184421470596,0.7614988084576999,0.31048013279685494],[0.29892261837042317,0.05113685969159812,0.29892261837042317,0.3264485322845807,0.3264485322845807,0.4206737607836841,0.4206737607836841,0.6220958962095555,0.6220958962095555,0.04167823651213686,0.9111363925042144,0.37251823965437314,0.8188684554486402,0.8948876483859861,0.9107625615800865,0.7308995138797639,0.8937370890377648,0.6247156108675953,0.6247156108675953,-0.27684373613721164,0.07016062020265759,0.23645500682523388,1.0,-0.4889315698452851,0.6770269956852907,0.4369311061853721,0.26947145731894384,0.4108533851599933,-0.017831055393122543,0.15739731438752413,0.6423454401826427,0.5184177032082499,0.22265761741833812,0.11849546937537273,0.4580090332866355,0.5108488637201416],[-0.1953163727276575,-0.19073876241246343,-0.1953163727276575,-0.22820145941790718,-0.22820145941790718,-0.35294728065879344,-0.35294728065879344,-0.38570959760767043,-0.38570959760767043,0.04561712392572841,-0.5460011331782942,-0.16139948738123525,-0.6378770952841707,-0.7381045327395399,-0.5436680988589481,-0.47963842756127206,-0.5358983218599475,-0.2728232394262898,-0.2728232394262898,0.25380210576538254,0.18888023503922038,-0.2737039090246621,-0.4889315698452851,1.0,-0.030141148833122494,-0.22650503583991313,-0.2593308636811681,-0.34035388191477695,-0.09860813086387155,-0.12978436362551338,-0.5757924225764713,-0.24310060452183824,-0.04922250360124894,-0.11786744876645863,-0.2895680063044086,-0.43896861618005384],[-0.1914756010060639,-0.18765907343493465,-0.1914756010060639,-0.18383118654795405,-0.18383118654795405,-0.08931828156522043,-0.08931828156522043,0.024543016485460815,0.024543016485460815,-0.24132452982672795,0.5888352141389857,-0.22420844197387693,0.6490575552315756,0.7068997291829527,0.5881881209199322,-0.09033795334269867,0.5818665262140951,-0.15435618173035565,-0.15435618173035565,-0.630082974117221,0.7307486748555944,-0.2193414847624326,0.6770269956852907,-0.030141148833122494,1.0,-0.07867013628485565,-0.10452625695378562,-0.027381032295295104,-0.3342387546098145,-0.31157008178351775,0.06771080674040424,0.1580993264810535,0.2613703648807851,-0.34424363705053734,0.10523398136389432,0.09063832605842634],[0.8427801243501443,0.7096127129194663,0.8427801243501443,0.8304447769983163,0.8304447769983163,0.8945016001033518,0.8945016001033518,0.8247516925465884,0.8247516925465884,0.7169576656159045,0.8349729609339013,0.7340393245491343,0.6972158107367834,0.7666744633517896,0.8355912899983717,0.904618234251737,0.8741202413429755,0.8497343396556831,0.8497343396556831,0.40071953634629,-0.1286865717065779,0.7166581110584442,0.4369311061853721,-0.22650503583991313,-0.07867013628485565,1.0,0.6076657804726304,0.8625155841215119,0.5325454951231712,0.6482861070391812,0.6418367153587324,0.6676587425869296,0.4268409360088515,0.7376291215822719,0.7522973596571788,0.4725837801306948],[0.8818331827605802,0.8784792472634428,0.8818331827605802,0.9066958392176259,0.9066958392176259,0.8450365487172842,0.8450365487172842,0.747508154016428,0.747508154016428,0.335705972837103,0.893121966790405,0.24560589146258008,0.8574965364971429,0.9436106417299454,0.8919395577355025,0.8296913097156896,0.8709500228775315,0.6696580597772307,0.6696580597772307,0.5606227810647851,-0.12122588214629504,0.9076070886240245,0.26947145731894384,-0.2593308636811681,-0.10452625695378562,0.6076657804726304,1.0,0.8539331276494162,0.6237280466182862,0.5686662641004007,0.6682467593315387,0.464333721396151,0.37542023751946674,0.721442335699578,0.7075398836443404,0.28082445264946954],[0.9224951378424814,0.9053053262446147,0.9224951378424814,0.9264430323065517,0.9264430323065517,0.9303242111041076,0.9303242111041076,0.8817923262358324,0.8817923262358324,0.6150526574527908,0.9368346426435749,0.5730712187167059,0.8586942952552314,0.9394516827310994,0.9364571168461266,0.924008502233205,0.9410077429016787,0.8264675447306119,0.8264675447306119,0.5112605356625226,-0.08990107642755515,0.9094702022444544,0.4108533851599933,-0.34035388191477695,-0.027381032295295104,0.8625155841215119,0.8539331276494162,1.0,0.7073704107767083,0.6051682617491551,0.7058634901655964,0.5873680626067305,0.4726891744107946,0.7979920589546688,0.868063728642839,0.3231090975464292],[0.8828366259362062,0.8786848184105779,0.8828366259362062,0.8538979064168705,0.8538979064168705,0.8692619704206868,0.8692619704206868,0.8478362610903709,0.8478362610903709,0.7943590624230918,0.8334973367210732,0.7608815112884402,0.6573911243730318,0.7405262946926463,0.8344825666080136,0.8765034671080104,0.8741439956162765,0.9158615951355816,0.9158615951355816,0.8455864338003011,0.12165584014006094,0.8049130619157931,-0.017831055393122543,-0.09860813086387155,-0.3342387546098145,0.5325454951231712,0.6237280466182862,0.7073704107767083,1.0,0.9138576396455947,0.5902486346558283,0.7113775011138389,0.6705272511387769,0.8866463626457431,0.5563106859395915,0.3521173115999247],[0.7738036210554299,0.7798563079675193,0.7738036210554299,0.7649848234362694,0.7649848234362694,0.74931759304205,0.74931759304205,0.7714252337599113,0.7714252337599113,0.6655452848070162,0.7838619575012921,0.6808970343774287,0.589340420205002,0.653718331683674,0.7851222444719159,0.7810093525489025,0.8105979177439989,0.8474822463469753,0.8474822463469753,0.7135650089236524,-0.0441578600736996,0.7368706748283531,0.15739731438752413,-0.12978436362551338,-0.31157008178351775,0.6482861070391812,0.5686662641004007,0.6051682617491551,0.9138576396455947,1.0,0.6217242150592872,0.6960194762798088,0.6164639288662935,0.7572729135739453,0.6223914278081932,0.5142459983764873],[0.6928468512835424,0.6893004269003159,0.6928468512835424,0.7198472128908776,0.7198472128908776,0.8257181069936204,0.8257181069936204,0.9013330920666663,0.9013330920666663,0.31588896311182335,0.9445560813638886,0.4713096410123553,0.8452773239620471,0.9325477753476881,0.944217856146148,0.8986545873857646,0.9370803273558104,0.8155264982186125,0.8155264982186125,0.21648882185793344,-0.04772005986735253,0.7246642454943212,0.6423454401826427,-0.5757924225764713,0.06771080674040424,0.6418367153587324,0.6682467593315387,0.7058634901655964,0.5902486346558283,0.6217242150592872,1.0,0.7431173448986769,0.3860560050799963,0.5929160420906942,0.7080758195174224,0.7603239826970638],[0.6475687547690854,0.644845882268879,0.6475687547690854,0.6333103096242719,0.6333103096242719,0.7343676348743874,0.7343676348743874,0.7851233030828307,0.7851233030828307,0.5200580309509729,0.8159619148050744,0.6754132161900918,0.6374690001573761,0.7364178439090394,0.8174102325471825,0.7778676067039847,0.8567575958101592,0.7718470945318766,0.7718470945318766,0.35210101912200237,0.26868640015032874,0.6066685452749059,0.5184177032082499,-0.24310060452183824,0.1580993264810535,0.6676587425869296,0.464333721396151,0.5873680626067305,0.7113775011138389,0.6960194762798088,0.7431173448986769,1.0,0.77864621977208,0.5452153923531493,0.7254680142365892,0.580942923277936],[0.5804031365294053,0.6032200942123885,0.5804031365294053,0.5422902656067358,0.5422902656067358,0.6479811001693009,0.6479811001693009,0.682921541074074,0.682921541074074,0.5621889187889084,0.6687910315794223,0.6748248895551879,0.48512915966713066,0.506454233818067,0.6705093532729643,0.7031983043301936,0.7247135935342885,0.69526748571645,0.69526748571645,0.5759665293593625,0.5444701080217559,0.4834585495815811,0.22265761741833812,-0.04922250360124894,0.2613703648807851,0.4268409360088515,0.37542023751946674,0.4726891744107946,0.6705272511387769,0.6164639288662935,0.3860560050799963,0.77864621977208,1.0,0.5008140259659438,0.632302339070731,0.2269526937547653],[0.9185292786744621,0.9178886907865491,0.9185292786744621,0.8989134093968152,0.8989134093968152,0.8682048459097246,0.8682048459097246,0.8227001465952921,0.8227001465952921,0.7545704630944571,0.8806841620646939,0.7007034925800207,0.7484685792289606,0.8375262113460236,0.8809451805414532,0.8894490159970478,0.9012105829627727,0.8644746254969915,0.8644746254969915,0.7924299174729523,-0.1683350875653795,0.8817184421470596,0.11849546937537273,-0.11786744876645863,-0.34424363705053734,0.7376291215822719,0.721442335699578,0.7979920589546688,0.8866463626457431,0.7572729135739453,0.5929160420906942,0.5452153923531493,0.5008140259659438,1.0,0.7716026389979886,0.2580995146692607],[0.8856307587587156,0.775551894553183,0.8856307587587156,0.879474019119053,0.879474019119053,0.9063115599015893,0.9063115599015893,0.884770350137226,0.884770350137226,0.5687153386190025,0.9622154164653743,0.5317432626220455,0.855161306691826,0.9569715894515974,0.9623442863667108,0.9039806804007463,0.9690738079382581,0.805256258069906,0.805256258069906,0.5143065575663908,0.03285918020021006,0.7614988084576999,0.4580090332866355,-0.2895680063044086,0.10523398136389432,0.7522973596571788,0.7075398836443404,0.868063728642839,0.5563106859395915,0.6223914278081932,0.7080758195174224,0.7254680142365892,0.632302339070731,0.7716026389979886,1.0,0.2996423191753375],[0.30738361990204405,0.30728995689667665,0.30738361990204405,0.32253422134102333,0.32253422134102333,0.5538223018139696,0.5538223018139696,0.8392105900279958,0.8392105900279958,0.1699773826068556,0.844849173924377,0.5897755609501373,0.7703172173299772,0.8390274704357954,0.8453512165411856,0.8358026521533182,0.8808378096145717,0.8689589517791854,0.8689589517791854,-0.07671957187994949,0.10628510163445835,0.31048013279685494,0.5108488637201416,-0.43896861618005384,0.09063832605842634,0.4725837801306948,0.28082445264946954,0.3231090975464292,0.3521173115999247,0.5142459983764873,0.7603239826970638,0.580942923277936,0.2269526937547653,0.2580995146692607,0.2996423191753375,1.0]],"x":["^TAIEX       \u81fa\u7063\u52a0\u6b0a\u5831\u916c\u6307\u6578","^TWII        \u81fa\u7063\u52a0\u6b0a\u6307\u6578","^TAIEXx2     \u81fa\u7063\u52a0\u6b0a\u5831\u916c\u6307\u6578_\u65e5\u6b632","^TAI50I      \u81fa\u706350\u5831\u916c\u6307\u6578","^TAI50Ix2    \u81fa\u706350\u5831\u916c\u6307\u6578_\u65e5\u6b632","^TAI100I     \u81fa\u7063\u4e2d\u578b100\u5831\u916c\u6307\u6578","^TAI100Ix2   \u81fa\u7063\u4e2d\u578b100\u5831\u916c\u6307\u6578_\u65e5\u6b632","^TAIDIVIDI   \u81fa\u7063\u9ad8\u80a1\u606f\u5831\u916c\u6307\u6578","^TAIDIVIDIx2 \u81fa\u7063\u9ad8\u80a1\u606f\u5831\u916c\u6307\u6578_\u65e5\u6b632","0050Fund     \u5143\u5927\u53f0\u7063\u5353\u8d8a50\u57fa\u91d1","006208Fund   \u5bcc\u90a6\u53f0\u7063\u91c6\u540950\u57fa\u91d1","0050         \u5143\u5927\u81fa\u706350","00631L       \u5143\u5927\u53f0\u706350\u6b632","00675L       \u5bcc\u90a6\u81fa\u7063\u52a0\u6b0a\u6b632","006208       \u5bcc\u90a6\u53f050","0051         \u5143\u5927\u4e2d\u578b100","006204       \u6c38\u8c50\u81fa\u7063\u52a0\u6b0a","0056         \u5143\u5927\u9ad8\u80a1\u606f","0056         \u5143\u5927\u9ad8\u80a1\u606f_\u80a1\u606f\u4e0d\u6295\u5165","2412         \u4e2d\u83ef\u96fb\u4fe1","2002         \u4e2d\u92fc","2330         \u53f0\u7a4d\u96fb","2317         \u9d3b\u6d77","6505         \u53f0\u5851\u77f3\u5316","3481         \u7fa4\u5275","2303         \u806f\u96fb","2308         \u53f0\u9054\u96fb","2454         \u806f\u767c\u79d1","2886         \u5146\u8c50\u91d1","2884         \u7389\u5c71\u91d1","2891         \u4e2d\u4fe1\u91d1","2892         \u7b2c\u4e00\u91d1","5880         \u5408\u5eab\u91d1","2881         \u5bcc\u90a6\u91d1","2885         \u5143\u5927\u91d1","2887         \u53f0\u65b0\u91d1"],"y":["^TAIEX       \u81fa\u7063\u52a0\u6b0a\u5831\u916c\u6307\u6578","^TWII        \u81fa\u7063\u52a0\u6b0a\u6307\u6578","^TAIEXx2     \u81fa\u7063\u52a0\u6b0a\u5831\u916c\u6307\u6578_\u65e5\u6b632","^TAI50I      \u81fa\u706350\u5831\u916c\u6307\u6578","^TAI50Ix2    \u81fa\u706350\u5831\u916c\u6307\u6578_\u65e5\u6b632","^TAI100I     \u81fa\u7063\u4e2d\u578b100\u5831\u916c\u6307\u6578","^TAI100Ix2   \u81fa\u7063\u4e2d\u578b100\u5831\u916c\u6307\u6578_\u65e5\u6b632","^TAIDIVIDI   \u81fa\u7063\u9ad8\u80a1\u606f\u5831\u916c\u6307\u6578","^TAIDIVIDIx2 \u81fa\u7063\u9ad8\u80a1\u606f\u5831\u916c\u6307\u6578_\u65e5\u6b632","0050Fund     \u5143\u5927\u53f0\u7063\u5353\u8d8a50\u57fa\u91d1","006208Fund   \u5bcc\u90a6\u53f0\u7063\u91c6\u540950\u57fa\u91d1","0050         \u5143\u5927\u81fa\u706350","00631L       \u5143\u5927\u53f0\u706350\u6b632","00675L       \u5bcc\u90a6\u81fa\u7063\u52a0\u6b0a\u6b632","006208       \u5bcc\u90a6\u53f050","0051         \u5143\u5927\u4e2d\u578b100","006204       \u6c38\u8c50\u81fa\u7063\u52a0\u6b0a","0056         \u5143\u5927\u9ad8\u80a1\u606f","0056         \u5143\u5927\u9ad8\u80a1\u606f_\u80a1\u606f\u4e0d\u6295\u5165","2412         \u4e2d\u83ef\u96fb\u4fe1","2002         \u4e2d\u92fc","2330         \u53f0\u7a4d\u96fb","2317         \u9d3b\u6d77","6505         \u53f0\u5851\u77f3\u5316","3481         \u7fa4\u5275","2303         \u806f\u96fb","2308         \u53f0\u9054\u96fb","2454         \u806f\u767c\u79d1","2886         \u5146\u8c50\u91d1","2884         \u7389\u5c71\u91d1","2891         \u4e2d\u4fe1\u91d1","2892         \u7b2c\u4e00\u91d1","5880         \u5408\u5eab\u91d1","2881         \u5bcc\u90a6\u91d1","2885         \u5143\u5927\u91d1","2887         \u53f0\u65b0\u91d1"],"zmin":-1,"zmax":1,"colorbar":{"x":-0.2}}],"layout":{"autotypenumbers":"strict","colorway":["#636efa","#EF553B","#00cc96","#ab63fa","#FFA15A","#19d3f3","#FF6692","#B6E880","#FF97FF","#FECB52"],"font":{"color":"#f2f5fa","family":"Courier New"},"hovermode":"closest","hoverlabel":{"align":"left"},"paper_bgcolor":"rgb(17,17,17)","plot_bgcolor":"rgb(17,17,17)","polar":{"bgcolor":"rgb(17,17,17)","angularaxis":{"gridcolor":"#506784","linecolor":"#506784","ticks":""},"radialaxis":{"gridcolor":"#506784","linecolor":"#506784","ticks":""}},"ternary":{"bgcolor":"rgb(17,17,17)","aaxis":{"gridcolor":"#506784","linecolor":"#506784","ticks":""},"baxis":{"gridcolor":"#506784","linecolor":"#506784","ticks":""},"caxis":{"gridcolor":"#506784","linecolor":"#506784","ticks":""}},"coloraxis":{"colorbar":{"outlinewidth":0,"ticks":""}},"colorscale":{"sequential":[[0.0,"#0d0887"],[0.1111111111111111,"#46039f"],[0.2222222222222222,"#7201a8"],[0.3333333333333333,"#9c179e"],[0.4444444444444444,"#bd3786"],[0.5555555555555556,"#d8576b"],[0.6666666666666666,"#ed7953"],[0.7777777777777778,"#fb9f3a"],[0.8888888888888888,"#fdca26"],[1.0,"#f0f921"]],"sequentialminus":[[0.0,"#0d0887"],[0.1111111111111111,"#46039f"],[0.2222222222222222,"#7201a8"],[0.3333333333333333,"#9c179e"],[0.4444444444444444,"#bd3786"],[0.5555555555555556,"#d8576b"],[0.6666666666666666,"#ed7953"],[0.7777777777777778,"#fb9f3a"],[0.8888888888888888,"#fdca26"],[1.0,"#f0f921"]],"diverging":[[0,"#8e0152"],[0.1,"#c51b7d"],[0.2,"#de77ae"],[0.3,"#f1b6da"],[0.4,"#fde0ef"],[0.5,"#f7f7f7"],[0.6,"#e6f5d0"],[0.7,"#b8e186"],[0.8,"#7fbc41"],[0.9,"#4d9221"],[1,"#276419"]]},"xaxis":{"gridcolor":"rgba(0, 0, 0, 0)","linecolor":"#506784","ticks":"","title":{"standoff":15},"zerolinecolor":"#283442","automargin":true,"zerolinewidth":2,"tickfont":{"family":"Courier New","size":14},"side":"top","tickangle":-90},"yaxis":{"gridcolor":"rgba(0, 0, 0, 0)","linecolor":"#506784","ticks":"","title":{"standoff":15},"zerolinecolor":"#283442","automargin":true,"zerolinewidth":2,"tickfont":{"family":"Courier New"},"side":"right"},"scene":{"xaxis":{"backgroundcolor":"rgb(17,17,17)","gridcolor":"#506784","linecolor":"#506784","showbackground":true,"ticks":"","zerolinecolor":"#C8D4E3","gridwidth":2},"yaxis":{"backgroundcolor":"rgb(17,17,17)","gridcolor":"#506784","linecolor":"#506784","showbackground":true,"ticks":"","zerolinecolor":"#C8D4E3","gridwidth":2},"zaxis":{"backgroundcolor":"rgb(17,17,17)","gridcolor":"#506784","linecolor":"#506784","showbackground":true,"ticks":"","zerolinecolor":"#C8D4E3","gridwidth":2}},"shapedefaults":{"line":{"color":"#f2f5fa"}},"annotationdefaults":{"arrowcolor":"#f2f5fa","arrowhead":0,"arrowwidth":1},"geo":{"bgcolor":"rgb(17,17,17)","landcolor":"rgb(17,17,17)","subunitcolor":"#506784","showland":true,"showlakes":true,"lakecolor":"rgb(17,17,17)"},"title":{"x":0.05,"font":{"family":"Times New Roman"},"y":0.05,"text":"<b>Correlation of Close<b><br><i>2016-09-23 ~ 2026-06-01<i>"},"updatemenudefaults":{"bgcolor":"#506784","borderwidth":0},"sliderdefaults":{"bgcolor":"#C8D4E3","borderwidth":1,"bordercolor":"rgb(17,17,17)","tickwidth":0},"mapbox":{"style":"dark"},"annotations":[{"text":"<b>@zwindr<b>","textangle":0,"opacity":0.5,"font":{"color":"white","size":12},"xref":"paper","yref":"paper","xanchor":"left","yanchor":"bottom","x":1.0,"y":1.0,"showarrow":false}]},"config":{"responsive":true,"toImageButtonOptions":{"filename":"Correlation of Close_2016-09-23~2026-06-01","scale":5}}};Plotly.newPlot("correlationClose",correlationClose.data,correlationClose.layout||{},correlationClose.config);}else{console.log("style display is none => correlationClose");}