var config = { responsive: true }

var correlationAdjClose = {"data": [{"type": "heatmap", "z": [[1.0, 0.9935489435579448, 0.9754312582121625, 0.9978155067179038, 0.9638593755298211, 0.9801482632841612, -0.9384216093084228, 0.9892584462008096, 0.9674130441575767, 0.9966178333436038, 0.9929810778575177, 0.9940616808770999, 0.9972470901012755, 0.9776621824248732, 0.9995512289958892, 0.9863307156556003, 0.9120206391211212, 0.7610163573663614, 0.9857694901020145, 0.9227807714683582, 0.4917242710263954, -0.2854426440460674, 0.8974464136231947, 0.9730504854536777, 0.9508167878426008], [0.9935489435579448, 1.0, 0.9707649700620242, 0.9911983833271867, 0.9597106706716081, 0.9751638839764845, -0.9334864501789543, 0.9793627365637726, 0.9600993985800602, 0.9938487632442113, 0.9918087857748661, 0.9911060759259923, 0.9952541981146497, 0.9723197537207341, 0.9962962224567115, 0.9822617187204373, 0.9004846145957754, 0.7673106944657547, 0.9664253072336292, 0.9005551630789054, 0.48925651304065565, -0.20801256186657938, 0.869107009032286, 0.9601334036271383, 0.9511944716946645], [0.9754312582121625, 0.9707649700620242, 1.0, 0.9812950206469662, 0.9963004355498819, 0.9784984771549892, -0.9745685668684502, 0.9684101608652593, 0.9826964430276381, 0.9853704339076363, 0.9975152795834121, 0.997475160215328, 0.9882941455571427, 0.9768944918727434, 0.9873456826628352, 0.975035463699419, 0.8131538034299819, 0.6522532477757692, 0.9892898660226437, 0.9112228626040636, 0.3252331742471943, -0.20138549761622332, 0.9061561438031396, 0.9387645176392052, 0.9772584033173758], [0.9978155067179038, 0.9911983833271867, 0.9812950206469662, 1.0, 0.9749151669310054, 0.9723823647142098, -0.9329717930623831, 0.983724241720008, 0.9645643068668082, 0.9992479707230145, 0.9923003273983221, 0.9910810390145361, 0.9999010744066066, 0.9675029142406989, 0.9960261896881815, 0.9811177653901804, 0.8976860550184673, 0.7341874945089029, 0.9931571373705633, 0.924518663112795, 0.4730995623568448, -0.27826729522890264, 0.8971711928118482, 0.9669304624378365, 0.9565922536598247], [0.9638593755298211, 0.9597106706716081, 0.9963004355498819, 0.9749151669310054, 1.0, 0.9585210112287055, -0.9562236674579258, 0.9539107321612728, 0.9705265952000002, 0.9815932622596822, 0.9884484013929142, 0.9849629518764729, 0.9845534592741764, 0.9560737811069976, 0.9758859693556096, 0.960640591148381, 0.7929336035151372, 0.6208187056474432, 0.9882293222663502, 0.9082343858438474, 0.30713217444857416, -0.19594471683234338, 0.8900322832044711, 0.9236819904782668, 0.9749360415269719], [0.9801482632841612, 0.9751638839764845, 0.9784984771549892, 0.9723823647142098, 0.9585210112287055, 1.0, -0.9793496615891512, 0.9790988315819134, 0.9786024688008111, 0.9714904362677679, 0.9757600722117454, 0.9736762225255828, 0.9681599873426923, 0.9988573177105677, 0.9857605324245009, 0.9855585446225369, 0.8501458973815643, 0.7274050973183166, 0.9669021587989957, 0.8894799500136925, 0.35383515306984387, -0.18977046744203005, 0.9349126285345305, 0.9549429300671957, 0.9575480839493958], [-0.9384216093084228, -0.9334864501789543, -0.9745685668684502, -0.9329717930623831, -0.9562236674579258, -0.9793496615891512, 1.0, -0.9480206777015554, -0.9823614025345899, -0.9407947142570012, -0.9725013855195307, -0.9745516741054072, -0.9465385086587194, -0.9857696072048077, -0.9628113607781772, -0.9642477669223454, -0.7571686441655184, -0.6231934752551312, -0.9395599842020013, -0.8759129679134044, -0.20643576151563195, 0.1176400693027436, -0.9017992095005595, -0.9081031134943603, -0.9548921590008512], [0.9892584462008096, 0.9793627365637726, 0.9684101608652593, 0.983724241720008, 0.9539107321612728, 0.9790988315819134, -0.9480206777015554, 1.0, 0.9811168335503727, 0.9805587317225567, 0.9742761869946476, 0.9733404657042964, 0.9789669687276055, 0.9750852831068588, 0.9867193342629472, 0.9963403017111006, 0.9195875902134486, 0.6996348521228053, 0.9736866339178356, 0.8955628353018491, 0.3644438970480242, -0.29287377440145684, 0.902743747709498, 0.953566983762566, 0.9326094838206034], [0.9674130441575767, 0.9600993985800602, 0.9826964430276381, 0.9645643068668082, 0.9705265952000002, 0.9786024688008111, -0.9823614025345899, 0.9811168335503727, 1.0, 0.9637086951197387, 0.9709731572223838, 0.967905950547888, 0.9606268279889996, 0.9767982947485235, 0.9679698348462292, 0.9868354536506186, 0.8416122925906353, 0.6252329938058002, 0.9651784594318858, 0.9035068973729649, 0.21853424976320698, -0.20426181925500983, 0.8841344473094453, 0.9277453285509193, 0.9562711169316751], [0.9966178333436038, 0.9938487632442113, 0.9853704339076363, 0.9992479707230145, 0.9815932622596822, 0.9714904362677679, -0.9407947142570012, 0.9805587317225567, 0.9637086951197387, 1.0, 0.9911964827527212, 0.9895824664609505, 0.9998356324174128, 0.9684685471101738, 0.9952554243801673, 0.9812414464468803, 0.9098628551898444, 0.7124554815726047, 0.9955298865851262, 0.9178857941028074, 0.3027856040448351, -0.19586189879357865, 0.929989457513441, 0.9561076725508744, 0.9545577396085417], [0.9929810778575177, 0.9918087857748661, 0.9975152795834121, 0.9923003273983221, 0.9884484013929142, 0.9757600722117454, -0.9725013855195307, 0.9742761869946476, 0.9709731572223838, 0.9911964827527212, 1.0, 0.9996561950331883, 0.9920307621891563, 0.9768077369928208, 0.9933103941776055, 0.9757517000054535, 0.9043661276063408, 0.6131927363129438, 0.9880996463080898, 0.8883868429387826, -0.2510319897648467, 0.6608006896142169, 0.9074366709357514, 0.9517861843770471, 0.9766437061233882], [0.9940616808770999, 0.9911060759259923, 0.997475160215328, 0.9910810390145361, 0.9849629518764729, 0.9736762225255828, -0.9745516741054072, 0.9733404657042964, 0.967905950547888, 0.9895824664609505, 0.9996561950331883, 1.0, 0.9908058114752578, 0.9748268071193019, 0.9941403810045812, 0.975042776809609, 0.9138879022877702, 0.5046511075548842, 0.9835691049535977, 0.8744553420430652, -0.6791869502713994, 0.6734098383943512, 0.8806044079708931, 0.9485279868052323, 0.9761683974803532], [0.9972470901012755, 0.9952541981146497, 0.9882941455571427, 0.9999010744066066, 0.9845534592741764, 0.9681599873426923, -0.9465385086587194, 0.9789669687276055, 0.9606268279889996, 0.9998356324174128, 0.9920307621891563, 0.9908058114752578, 1.0, 0.9689364949887381, 0.9955880668817367, 0.980028374239245, 0.9271518545637052, 0.675493745062139, 0.9970582574632862, 0.8972714437932657, 0.0552113003598661, 0.5911342003762629, 0.919797065427239, 0.9481686111738936, 0.9627804831024779], [0.9776621824248732, 0.9723197537207341, 0.9768944918727434, 0.9675029142406989, 0.9560737811069976, 0.9988573177105677, -0.9857696072048077, 0.9750852831068588, 0.9767982947485235, 0.9684685471101738, 0.9768077369928208, 0.9748268071193019, 0.9689364949887381, 1.0, 0.9859274337774038, 0.9832619818485581, 0.8640717515453391, 0.7306487156973823, 0.9622783882741224, 0.8787504611870637, 0.21645362165198684, -0.11080657527447914, 0.944187609062751, 0.9498546944903252, 0.9566012025500572], [0.9995512289958892, 0.9962962224567115, 0.9873456826628352, 0.9960261896881815, 0.9758859693556096, 0.9857605324245009, -0.9628113607781772, 0.9867193342629472, 0.9679698348462292, 0.9952554243801673, 0.9933103941776055, 0.9941403810045812, 0.9955880668817367, 0.9859274337774038, 1.0, 0.9870524332730003, 0.9342319007046802, 0.7113528148590226, 0.9895925768292002, 0.8939273903418969, 0.09909087658189317, 0.6015172464888635, 0.9373226513677739, 0.9585197489408741, 0.9618756721222048], [0.9863307156556003, 0.9822617187204373, 0.975035463699419, 0.9811177653901804, 0.960640591148381, 0.9855585446225369, -0.9642477669223454, 0.9963403017111006, 0.9868354536506186, 0.9812414464468803, 0.9757517000054535, 0.975042776809609, 0.980028374239245, 0.9832619818485581, 0.9870524332730003, 1.0, 0.9017629892857725, 0.7014596846106654, 0.9729996814288447, 0.8952465919752198, 0.29700977775568965, -0.1852386341525835, 0.9145283705017785, 0.9431928128829333, 0.9439567163085155], [0.9120206391211212, 0.9004846145957754, 0.8131538034299819, 0.8976860550184673, 0.7929336035151372, 0.8501458973815643, -0.7571686441655184, 0.9195875902134486, 0.8416122925906353, 0.9098628551898444, 0.9043661276063408, 0.9138879022877702, 0.9271518545637052, 0.8640717515453391, 0.9342319007046802, 0.9017629892857725, 1.0, 0.8600736581972244, 0.8460212909342282, 0.8717462083612318, 0.7390430535267392, -0.5384259936585981, 0.6694327234700554, 0.9095561302022586, 0.7853579696955624], [0.7610163573663614, 0.7673106944657547, 0.6522532477757692, 0.7341874945089029, 0.6208187056474432, 0.7274050973183166, -0.6231934752551312, 0.6996348521228053, 0.6252329938058002, 0.7124554815726047, 0.6131927363129438, 0.5046511075548842, 0.675493745062139, 0.7306487156973823, 0.7113528148590226, 0.7014596846106654, 0.8600736581972244, 1.0, 0.6545979259950334, 0.7581040949243071, 0.7351639249350921, -0.11261329370052268, 0.5391836633841962, 0.7716637670724745, 0.6576183395696299], [0.9857694901020145, 0.9664253072336292, 0.9892898660226437, 0.9931571373705633, 0.9882293222663502, 0.9669021587989957, -0.9395599842020013, 0.9736866339178356, 0.9651784594318858, 0.9955298865851262, 0.9880996463080898, 0.9835691049535977, 0.9970582574632862, 0.9622783882741224, 0.9895925768292002, 0.9729996814288447, 0.8460212909342282, 0.6545979259950334, 1.0, 0.8956638188740629, 0.402279066731451, -0.2715846748685899, 0.8855739016907783, 0.9491425971413747, 0.9663034931662781], [0.9227807714683582, 0.9005551630789054, 0.9112228626040636, 0.924518663112795, 0.9082343858438474, 0.8894799500136925, -0.8759129679134044, 0.8955628353018491, 0.9035068973729649, 0.9178857941028074, 0.8883868429387826, 0.8744553420430652, 0.8972714437932657, 0.8787504611870637, 0.8939273903418969, 0.8952465919752198, 0.8717462083612318, 0.7581040949243071, 0.8956638188740629, 1.0, 0.44743021186940285, -0.1832501236572116, 0.6925264597425509, 0.9180352987068247, 0.8797160959372619], [0.4917242710263954, 0.48925651304065565, 0.3252331742471943, 0.4730995623568448, 0.30713217444857416, 0.35383515306984387, -0.20643576151563195, 0.3644438970480242, 0.21853424976320698, 0.3027856040448351, -0.2510319897648467, -0.6791869502713994, 0.0552113003598661, 0.21645362165198684, 0.09909087658189317, 0.29700977775568965, 0.7390430535267392, 0.7351639249350921, 0.402279066731451, 0.44743021186940285, 1.0, -0.4279503384663787, 0.3219169511333432, 0.4758214936186247, 0.2694744575911941], [-0.2854426440460674, -0.20801256186657938, -0.20138549761622332, -0.27826729522890264, -0.19594471683234338, -0.18977046744203005, 0.1176400693027436, -0.29287377440145684, -0.20426181925500983, -0.19586189879357865, 0.6608006896142169, 0.6734098383943512, 0.5911342003762629, -0.11080657527447914, 0.6015172464888635, -0.1852386341525835, -0.5384259936585981, -0.11261329370052268, -0.2715846748685899, -0.1832501236572116, -0.4279503384663787, 1.0, -0.1273361482647503, -0.31623390492875203, -0.1453736711048333], [0.8974464136231947, 0.869107009032286, 0.9061561438031396, 0.8971711928118482, 0.8900322832044711, 0.9349126285345305, -0.9017992095005595, 0.902743747709498, 0.8841344473094453, 0.929989457513441, 0.9074366709357514, 0.8806044079708931, 0.919797065427239, 0.944187609062751, 0.9373226513677739, 0.9145283705017785, 0.6694327234700554, 0.5391836633841962, 0.8855739016907783, 0.6925264597425509, 0.3219169511333432, -0.1273361482647503, 1.0, 0.8298601429689655, 0.8836608987340556], [0.9730504854536777, 0.9601334036271383, 0.9387645176392052, 0.9669304624378365, 0.9236819904782668, 0.9549429300671957, -0.9081031134943603, 0.953566983762566, 0.9277453285509193, 0.9561076725508744, 0.9517861843770471, 0.9485279868052323, 0.9481686111738936, 0.9498546944903252, 0.9585197489408741, 0.9431928128829333, 0.9095561302022586, 0.7716637670724745, 0.9491425971413747, 0.9180352987068247, 0.4758214936186247, -0.31623390492875203, 0.8298601429689655, 1.0, 0.9269316348893645], [0.9508167878426008, 0.9511944716946645, 0.9772584033173758, 0.9565922536598247, 0.9749360415269719, 0.9575480839493958, -0.9548921590008512, 0.9326094838206034, 0.9562711169316751, 0.9545577396085417, 0.9766437061233882, 0.9761683974803532, 0.9627804831024779, 0.9566012025500572, 0.9618756721222048, 0.9439567163085155, 0.7853579696955624, 0.6576183395696299, 0.9663034931662781, 0.8797160959372619, 0.2694744575911941, -0.1453736711048333, 0.8836608987340556, 0.9269316348893645, 1.0]], "x": ["^TAIEX       \u81fa\u7063\u52a0\u6b0a\u5831\u916c\u6307\u6578", "^TWII        \u81fa\u7063\u52a0\u6b0a\u6307\u6578", "^TAIEXx2     \u81fa\u7063\u52a0\u6b0a\u5831\u916c\u6307\u6578_\u65e5\u6b632", "^TAI50I      \u81fa\u706350\u5831\u916c\u6307\u6578", "^TAI50Ix2    \u81fa\u706350\u5831\u916c\u6307\u6578_\u65e5\u6b632", "^TAI100I     \u81fa\u7063\u4e2d\u578b100\u5831\u916c\u6307\u6578", "^TAI100Ix2   \u81fa\u7063\u4e2d\u578b100\u5831\u916c\u6307\u6578_\u65e5\u6b632", "^TAIDIVIDI   \u81fa\u7063\u9ad8\u80a1\u606f\u5831\u916c\u6307\u6578", "^TAIDIVIDIx2 \u81fa\u7063\u9ad8\u80a1\u606f\u5831\u916c\u6307\u6578_\u65e5\u6b632", "0050         \u5143\u5927\u81fa\u706350", "00631L       \u5143\u5927\u53f0\u706350\u6b632", "00675L       \u5bcc\u90a6\u81fa\u7063\u52a0\u6b0a\u6b632", "006208       \u5bcc\u90a6\u53f050", "0051         \u5143\u5927\u4e2d\u578b100", "006204       \u6c38\u8c50\u81fa\u7063\u52a0\u6b0a", "0056         \u5143\u5927\u9ad8\u80a1\u606f", "2412         \u4e2d\u83ef\u96fb\u4fe1", "2002         \u4e2d\u92fc", "2330         \u53f0\u7a4d\u96fb", "2317         \u9d3b\u6d77", "6505         \u53f0\u5851\u77f3\u5316", "3481         \u7fa4\u5275", "2303         \u806f\u96fb", "2308         \u53f0\u9054\u96fb", "2454         \u806f\u767c\u79d1"], "y": ["^TAIEX       \u81fa\u7063\u52a0\u6b0a\u5831\u916c\u6307\u6578", "^TWII        \u81fa\u7063\u52a0\u6b0a\u6307\u6578", "^TAIEXx2     \u81fa\u7063\u52a0\u6b0a\u5831\u916c\u6307\u6578_\u65e5\u6b632", "^TAI50I      \u81fa\u706350\u5831\u916c\u6307\u6578", "^TAI50Ix2    \u81fa\u706350\u5831\u916c\u6307\u6578_\u65e5\u6b632", "^TAI100I     \u81fa\u7063\u4e2d\u578b100\u5831\u916c\u6307\u6578", "^TAI100Ix2   \u81fa\u7063\u4e2d\u578b100\u5831\u916c\u6307\u6578_\u65e5\u6b632", "^TAIDIVIDI   \u81fa\u7063\u9ad8\u80a1\u606f\u5831\u916c\u6307\u6578", "^TAIDIVIDIx2 \u81fa\u7063\u9ad8\u80a1\u606f\u5831\u916c\u6307\u6578_\u65e5\u6b632", "0050         \u5143\u5927\u81fa\u706350", "00631L       \u5143\u5927\u53f0\u706350\u6b632", "00675L       \u5bcc\u90a6\u81fa\u7063\u52a0\u6b0a\u6b632", "006208       \u5bcc\u90a6\u53f050", "0051         \u5143\u5927\u4e2d\u578b100", "006204       \u6c38\u8c50\u81fa\u7063\u52a0\u6b0a", "0056         \u5143\u5927\u9ad8\u80a1\u606f", "2412         \u4e2d\u83ef\u96fb\u4fe1", "2002         \u4e2d\u92fc", "2330         \u53f0\u7a4d\u96fb", "2317         \u9d3b\u6d77", "6505         \u53f0\u5851\u77f3\u5316", "3481         \u7fa4\u5275", "2303         \u806f\u96fb", "2308         \u53f0\u9054\u96fb", "2454         \u806f\u767c\u79d1"], "zmin": -1, "zmax": 1, "colorbar": {"x": -0.2}}], "layout": {"autotypenumbers": "strict", "colorway": ["#636efa", "#EF553B", "#00cc96", "#ab63fa", "#FFA15A", "#19d3f3", "#FF6692", "#B6E880", "#FF97FF", "#FECB52"], "font": {"color": "#ffffff", "family": "Courier New"}, "hovermode": "closest", "hoverlabel": {"align": "left"}, "paper_bgcolor": "#000", "plot_bgcolor": "#000", "polar": {"bgcolor": "rgb(17,17,17)", "angularaxis": {"gridcolor": "#506784", "linecolor": "#506784", "ticks": ""}, "radialaxis": {"gridcolor": "#506784", "linecolor": "#506784", "ticks": ""}}, "ternary": {"bgcolor": "rgb(17,17,17)", "aaxis": {"gridcolor": "#506784", "linecolor": "#506784", "ticks": ""}, "baxis": {"gridcolor": "#506784", "linecolor": "#506784", "ticks": ""}, "caxis": {"gridcolor": "#506784", "linecolor": "#506784", "ticks": ""}}, "coloraxis": {"colorbar": {"outlinewidth": 0, "ticks": ""}}, "colorscale": {"sequential": [[0.0, "#0d0887"], [0.1111111111111111, "#46039f"], [0.2222222222222222, "#7201a8"], [0.3333333333333333, "#9c179e"], [0.4444444444444444, "#bd3786"], [0.5555555555555556, "#d8576b"], [0.6666666666666666, "#ed7953"], [0.7777777777777778, "#fb9f3a"], [0.8888888888888888, "#fdca26"], [1.0, "#f0f921"]], "sequentialminus": [[0.0, "#0d0887"], [0.1111111111111111, "#46039f"], [0.2222222222222222, "#7201a8"], [0.3333333333333333, "#9c179e"], [0.4444444444444444, "#bd3786"], [0.5555555555555556, "#d8576b"], [0.6666666666666666, "#ed7953"], [0.7777777777777778, "#fb9f3a"], [0.8888888888888888, "#fdca26"], [1.0, "#f0f921"]], "diverging": [[0, "#8e0152"], [0.1, "#c51b7d"], [0.2, "#de77ae"], [0.3, "#f1b6da"], [0.4, "#fde0ef"], [0.5, "#f7f7f7"], [0.6, "#e6f5d0"], [0.7, "#b8e186"], [0.8, "#7fbc41"], [0.9, "#4d9221"], [1, "#276419"]]}, "xaxis": {"gridcolor": "rgba(0, 0, 0, 0)", "linecolor": "#ccc", "ticks": "", "title": {"standoff": 15}, "zerolinecolor": "#ccc", "automargin": true, "zerolinewidth": 2, "tickfont": {"family": "Courier New", "size": 14}, "side": "top", "tickangle": -90}, "yaxis": {"gridcolor": "rgba(0, 0, 0, 0)", "linecolor": "#ccc", "ticks": "", "title": {"standoff": 15}, "zerolinecolor": "#ccc", "automargin": true, "zerolinewidth": 2, "tickfont": {"family": "Courier New"}, "side": "right"}, "scene": {"xaxis": {"backgroundcolor": "rgb(17,17,17)", "gridcolor": "#506784", "linecolor": "#506784", "showbackground": true, "ticks": "", "zerolinecolor": "#C8D4E3", "gridwidth": 2}, "yaxis": {"backgroundcolor": "rgb(17,17,17)", "gridcolor": "#506784", "linecolor": "#506784", "showbackground": true, "ticks": "", "zerolinecolor": "#C8D4E3", "gridwidth": 2}, "zaxis": {"backgroundcolor": "rgb(17,17,17)", "gridcolor": "#506784", "linecolor": "#506784", "showbackground": true, "ticks": "", "zerolinecolor": "#C8D4E3", "gridwidth": 2}}, "shapedefaults": {"line": {"color": "#f2f5fa"}}, "annotationdefaults": {"arrowcolor": "#f2f5fa", "arrowhead": 0, "arrowwidth": 1}, "geo": {"bgcolor": "rgb(17,17,17)", "landcolor": "rgb(17,17,17)", "subunitcolor": "#506784", "showland": true, "showlakes": true, "lakecolor": "rgb(17,17,17)"}, "title": {"x": 0.05, "font": {"family": "Times New Roman"}, "y": 0.05, "text": "<b>Correlation of Adj Close <b><br><i>2016/09/23 ~ 2025/05/13<i>"}, "updatemenudefaults": {"bgcolor": "#506784", "borderwidth": 0}, "sliderdefaults": {"bgcolor": "#C8D4E3", "borderwidth": 1, "bordercolor": "rgb(17,17,17)", "tickwidth": 0}, "mapbox": {"style": "dark"}, "height": 600, "legend": {"font": {"color": "#ffffff"}}}};

Plotly.newPlot("correlationAdjClose",
    correlationAdjClose.data,
    correlationAdjClose.layout || {},
    config);