var element=document.getElementById("correlationAdjClose");if(element.style.display!='none'){var correlationAdjClose={"data":[{"type":"heatmap","z":[[1.0,0.9943217646196252,0.9772301671530669,0.9975364225467783,0.9640561366512883,0.9824186537334553,-0.9464506694036712,0.9900981462845717,0.9718529410934794,0.9971487528755741,0.9971269776519095,0.9976188438001273,0.9936653264926659,0.9943758286792814,0.9971694749322964,0.9846126764019489,0.9996843938558829,0.990046656400566,0.9214777749722391,0.7268685141900828,0.9854980887862053,0.9252906813980933,0.4130025337420326,-0.30331919758922105,0.9001843727245086,0.9625703973967404,0.9571007236602505,0.9803230187913426,0.9656740093227326,0.9763512180862366,0.9727276528635798,0.9454329746747098,0.9808535792687934,0.9719207166888716,0.9545638395101841],[0.9943217646196252,1.0,0.9726164227069718,0.9914313568265077,0.9592443423842616,0.978117760018606,-0.9418519604813379,0.9815883528288352,0.9652940843320537,0.9951984037895767,0.99504012860995,0.9943904815849953,0.9926794741615448,0.992082191177622,0.9950387054205242,0.9789805053805377,0.9968457146059801,0.9841365062127146,0.9109303781518227,0.7415003512578437,0.9678092824761486,0.9055819064064191,0.41368753153813415,-0.22999805242299318,0.8757213893805634,0.9519168618338527,0.9562656926570695,0.9592335378629551,0.9522360080572833,0.9663436451850134,0.9577207878035159,0.9437637696023748,0.9701597365865731,0.9622580453412712,0.9488318141465419],[0.9772301671530669,0.9726164227069718,1.0,0.9838879614881183,0.9958293787630638,0.9785525997797458,-0.977027423272929,0.969290277201938,0.9836431906088958,0.9894715658659238,0.9901462831217208,0.9867091338719086,0.9969419146732502,0.9967234488443437,0.989883530383786,0.9768982538017811,0.9877576599874888,0.9690267855478398,0.8304462546131532,0.6129914054395165,0.9909003149792903,0.9187326516725022,0.24623368644686897,-0.22756167371994473,0.9005398968260512,0.9435849239541739,0.9805487008079388,0.9302274061196794,0.9152760791387494,0.966601211569519,0.9211601024918659,0.9048332409190191,0.9673808267387852,0.9746622844947802,0.9219851998541838],[0.9975364225467783,0.9914313568265077,0.9838879614881183,1.0,0.9764718997589863,0.9747211338807744,-0.9419957071318223,0.9839800068648006,0.9692514611674021,0.9999729553771316,0.9999901070607726,0.9999590354445236,0.9919389688035958,0.9899857195692978,0.999944028027199,0.9742577590636224,0.9960118525025636,0.9836958964291249,0.9070109689705815,0.6947780398844715,0.9935995815187687,0.9275991329657299,0.3861187641240324,-0.294238573648162,0.8964423489935773,0.9619269551018179,0.9634438581523386,0.970820779387572,0.9626807302446081,0.9789643555980968,0.9626925492942701,0.9335123070352389,0.9788247688637116,0.9706249785804015,0.9453987403386306],[0.9640561366512883,0.9592443423842616,0.9958293787630638,0.9764718997589863,1.0,0.9574950996877757,-0.9587628464443092,0.9526430652627401,0.9702538290473738,0.9849459958837024,0.9856803723847355,0.9816840917858274,0.9856851483162217,0.9821878471554514,0.985251366923187,0.9546561142698858,0.974963057577344,0.952194710042547,0.808577707121281,0.5742433215761636,0.9894770234171887,0.9149607867976639,0.2184461591810946,-0.22003893497931395,0.8784800228113779,0.9354783329486406,0.9771934213031309,0.9087205986527964,0.9008591526006434,0.9605305821668272,0.8986973458970224,0.8770236558691041,0.9561293350922766,0.9621970564688395,0.8967756712395734],[0.9824186537334553,0.978117760018606,0.9785525997797458,0.9747211338807744,0.9574950996877757,1.0,-0.9815052915973645,0.98139440737179,0.9808698904620209,0.9696902794695559,0.9699784763309628,0.972734345835569,0.97761242038423,0.9756462608423239,0.969855552669405,0.9999009305756955,0.9866399955741482,0.982403817624459,0.866174577696466,0.6935995188013054,0.9680999432644575,0.8967875775429726,0.2814908179529406,-0.21803012330298427,0.9344978290421898,0.9433388894927738,0.9613656942559002,0.9589090766933025,0.9310756197332635,0.953650550818111,0.9533725173402879,0.9548922776794295,0.9588926858559486,0.9774952136477489,0.9555741014833213],[-0.9464506694036712,-0.9418519604813379,-0.977027423272929,-0.9419957071318223,-0.9587628464443092,-0.9815052915973645,1.0,-0.9535347935042012,-0.9841692271438319,-0.9514793162036284,-0.9525986186999299,-0.948234152947786,-0.9756769335738019,-0.9771669736002168,-0.9522661641738839,-0.9843626255095212,-0.9667673920372241,-0.9563019672064392,-0.7824160365266496,-0.5909625402423617,-0.9467979448849778,-0.8902385289115667,-0.14009926363124814,0.1542261219659532,-0.9013976375952474,-0.9112753407519621,-0.9600377757243399,-0.9025993790611183,-0.865648088470884,-0.9296422290336305,-0.8946677191552125,-0.9096053716569539,-0.9296383406768891,-0.9657469654257244,-0.9102269176932299],[0.9900981462845717,0.9815883528288352,0.969290277201938,0.9839800068648006,0.9526430652627401,0.98139440737179,-0.9535347935042012,1.0,0.9830929607169197,0.9798534393635836,0.979763431488931,0.9829818925889526,0.976351074908182,0.9755283318616804,0.9798556935663807,0.9832711882765419,0.9879145018256775,0.9998739925806811,0.9260427639604648,0.6611160043093729,0.9733778571484791,0.8981704902950267,0.26686769072299404,-0.3119709797653694,0.9052439198504035,0.9364111843129038,0.940020199007778,0.9784999211100109,0.95454195641789,0.9681850673308675,0.9641320315134799,0.9368366852543135,0.96079567320438,0.9589645680615142,0.9656558959288224],[0.9718529410934794,0.9652940843320537,0.9836431906088958,0.9692514611674021,0.9702538290473738,0.9808698904620209,-0.9841692271438319,0.9830929607169197,1.0,0.9648653727327555,0.965456087162448,0.9674129895582487,0.9741477147945116,0.9713335008416548,0.9652718683650255,0.9799516670621262,0.9719160564202606,0.9824079207508246,0.8557162725390703,0.5847372861770317,0.9688135722777316,0.9106189879514596,0.1251711185684862,-0.23237527158756816,0.8856876520382116,0.9214943000322309,0.9621676151467005,0.9357031924351816,0.9003007928879582,0.9581464911759738,0.9195412760237209,0.9045473870102523,0.9481244263980374,0.9708928228177524,0.9240764326026336],[0.9971487528755741,0.9951984037895767,0.9894715658659238,0.9999729553771316,0.9849459958837024,0.9696902794695559,-0.9514793162036284,0.9798534393635836,0.9648653727327555,1.0,0.9999883508221712,0.9999829162415553,0.9917967934752224,0.9898141150607692,0.9999498092578365,0.9699045997607658,0.9956341603393015,0.9806905584384256,0.9337546177419537,0.6066378399576933,0.9968600878943843,0.9078060204002435,-0.0618512320942489,0.41712162622026605,0.9084341019764876,0.9386196447750809,0.9684075514854501,0.9625658487418312,0.9462302210403855,0.9678530700806113,0.9432605550291099,0.9180850088727985,0.9671879396151252,0.9810202498169802,0.9413427605634718],[0.9971269776519095,0.99504012860995,0.9901462831217208,0.9999901070607726,0.9856803723847355,0.9699784763309628,-0.9525986186999299,0.979763431488931,0.965456087162448,0.9999883508221712,1.0,0.9999727311102531,0.9919661866626381,0.9899815233434949,0.9999532243102501,0.9701610106064777,0.9956661356473038,0.9805698508112854,0.9330323043613055,0.6026554804296281,0.9971399397388964,0.9071764018432872,-0.07657723646957688,0.41254339112431493,0.9075305190514296,0.9382553161927242,0.9692297616958464,0.9620722998391351,0.945040767175066,0.9679691143861402,0.9422747321458126,0.9167489388524994,0.9673711914945781,0.9814931600119581,0.9406194820117327],[0.9976188438001273,0.9943904815849953,0.9867091338719086,0.9999590354445236,0.9816840917858274,0.972734345835569,-0.948234152947786,0.9829818925889526,0.9674129895582487,0.9999829162415553,0.9999727311102531,1.0,0.9917565052826687,0.9897370082770853,0.9999631128154312,0.9729117649131219,0.9958218871970004,0.9834075199626865,0.9238793393889061,0.6575012942428627,0.9960554998330461,0.9222192992397403,0.13975390798255785,-0.19696049927225812,0.9177388380495869,0.9508577480997744,0.9587469865941379,0.9654773736526963,0.9539249232378287,0.9739288396709711,0.9536123601508771,0.9314813137612008,0.9738549514983136,0.969115520198621,0.950239165505463],[0.9936653264926659,0.9926794741615448,0.9969419146732502,0.9919389688035958,0.9856851483162217,0.97761242038423,-0.9756769335738019,0.976351074908182,0.9741477147945116,0.9917967934752224,0.9919661866626381,0.9917565052826687,1.0,0.9997069463989697,0.9919288455788334,0.9780935999512498,0.993910694724015,0.9775083684145864,0.917532418178382,0.5434543822009948,0.9868650786861182,0.8995084045214186,-0.3540277173872739,0.437452078724134,0.8977344065484619,0.9323428183141806,0.9789902347950177,0.9465201721507425,0.9104742913338115,0.949746523157086,0.9184973674501961,0.8889393273926613,0.9656763991460338,0.9806920790634494,0.933854882480422],[0.9943758286792814,0.992082191177622,0.9967234488443437,0.9899857195692978,0.9821878471554514,0.9756462608423239,-0.9771669736002168,0.9755283318616804,0.9713335008416548,0.9898141150607692,0.9899815233434949,0.9897370082770853,0.9997069463989697,1.0,0.990069764377834,0.9761337651136336,0.9944719969732541,0.9769059401732406,0.9253271798318843,0.4177340034417573,0.9819660566319957,0.8897940439567502,-0.7293221145430016,0.4127955205680596,0.8688896392907498,0.9275219006310788,0.9783334391030759,0.9397417833659043,0.8947963221258287,0.9413516595139585,0.9167697328149339,0.8679486420392777,0.9676879708166438,0.9791020411255157,0.9262178609456128],[0.9971694749322964,0.9950387054205242,0.989883530383786,0.999944028027199,0.985251366923187,0.969855552669405,-0.9522661641738839,0.9798556935663807,0.9652718683650255,0.9999498092578365,0.9999532243102501,0.9999631128154312,0.9919288455788334,0.990069764377834,1.0,0.9700725246766442,0.9956879832634351,0.9807102855270289,0.9337002277247344,0.6037895972310111,0.9969551569095987,0.9070644841602669,-0.07323581904285635,0.4128611999097956,0.9076501250644705,0.9370943000048793,0.9685838567811543,0.962430025164318,0.9455336645779897,0.9678631298285494,0.9429311876882017,0.9174653453089299,0.9672291308463659,0.9813888261553357,0.9411620318866444],[0.9846126764019489,0.9789805053805377,0.9768982538017811,0.9742577590636224,0.9546561142698858,0.9999009305756955,-0.9843626255095212,0.9832711882765419,0.9799516670621262,0.9699045997607658,0.9701610106064777,0.9729117649131219,0.9780935999512498,0.9761337651136336,0.9700725246766442,1.0,0.9869215744475758,0.9825532215725701,0.889751662855166,0.69098091093875,0.9663406585693375,0.8917827706037167,0.14588469095062062,-0.19697166493689677,0.9427101323792133,0.9402948042839269,0.9580948182958255,0.9622602825912121,0.9280377727192879,0.9500855819299111,0.9543279441160513,0.9542743748680961,0.9611372927888524,0.9768856143428748,0.9602027792198266],[0.9996843938558829,0.9968457146059801,0.9877576599874888,0.9960118525025636,0.974963057577344,0.9866399955741482,-0.9667673920372241,0.9879145018256775,0.9719160564202606,0.9956341603393015,0.9956661356473038,0.9958218871970004,0.993910694724015,0.9944719969732541,0.9956879832634351,0.9869215744475758,1.0,0.9886673972033282,0.9393199156971683,0.6498394996064221,0.9889884612335628,0.9024254490032034,-0.019081842044748047,0.43480437496223007,0.9296096854663841,0.9413762642093816,0.9667100101794773,0.9753418185742866,0.9499640711872741,0.9656094103474681,0.9579651794745588,0.9418986395000332,0.9728468525021331,0.9855184137303529,0.9632126120199362],[0.990046656400566,0.9841365062127146,0.9690267855478398,0.9836958964291249,0.952194710042547,0.982403817624459,-0.9563019672064392,0.9998739925806811,0.9824079207508246,0.9806905584384256,0.9805698508112854,0.9834075199626865,0.9775083684145864,0.9769059401732406,0.9807102855270289,0.9825532215725701,0.9886673972033282,1.0,0.9322155876809869,0.6598562153299322,0.9722556140952279,0.9025688407690087,0.23315959742623413,-0.2937375690304227,0.9105164773704907,0.9338931348182897,0.9399202636555573,0.978947680789277,0.9538591471815532,0.9665877711983812,0.962639007889241,0.9366579587718032,0.9600172289329358,0.9568547425711085,0.9668357719378647],[0.9214777749722391,0.9109303781518227,0.8304462546131532,0.9070109689705815,0.808577707121281,0.866174577696466,-0.7824160365266496,0.9260427639604648,0.8557162725390703,0.9337546177419537,0.9330323043613055,0.9238793393889061,0.917532418178382,0.9253271798318843,0.9337002277247344,0.889751662855166,0.9393199156971683,0.9322155876809869,1.0,0.8357775558398494,0.8590033199004387,0.8734325386464933,0.6668846125948005,-0.5300982580156274,0.7035000262387449,0.8974089722050469,0.8050347962961877,0.9581465294575925,0.9358839616836093,0.9008809474761157,0.9449254780220271,0.8960915712607841,0.8995750012083249,0.8480414983539238,0.8815835059155657],[0.7268685141900828,0.7415003512578437,0.6129914054395165,0.6947780398844715,0.5742433215761636,0.6935995188013054,-0.5909625402423617,0.6611160043093729,0.5847372861770317,0.6066378399576933,0.6026554804296281,0.6575012942428627,0.5434543822009948,0.4177340034417573,0.6037895972310111,0.69098091093875,0.6498394996064221,0.6598562153299322,0.8357775558398494,1.0,0.6205129349014821,0.7313089384629461,0.7277253127617993,-0.11672797333411727,0.5378380116447065,0.7101597867702518,0.6257926221490113,0.7847314131610854,0.7173916761971448,0.6516671782655125,0.7549339309671989,0.760762074985609,0.68734830500221,0.6518903159114409,0.6970971026805745],[0.9854980887862053,0.9678092824761486,0.9909003149792903,0.9935995815187687,0.9894770234171887,0.9680999432644575,-0.9467979448849778,0.9733778571484791,0.9688135722777316,0.9968600878943843,0.9971399397388964,0.9960554998330461,0.9868650786861182,0.9819660566319957,0.9969551569095987,0.9663406585693375,0.9889884612335628,0.9722556140952279,0.8590033199004387,0.6205129349014821,1.0,0.9008253734954308,0.3136819023362696,-0.28772066633721777,0.8822212973120993,0.9509740404887613,0.9719053373086117,0.9399112674975306,0.9458743412292624,0.9712248808569766,0.9408995718944512,0.9086495083063146,0.9692281540215555,0.9562408310056727,0.9266195040656302],[0.9252906813980933,0.9055819064064191,0.9187326516725022,0.9275991329657299,0.9149607867976639,0.8967875775429726,-0.8902385289115667,0.8981704902950267,0.9106189879514596,0.9078060204002435,0.9071764018432872,0.9222192992397403,0.8995084045214186,0.8897940439567502,0.9070644841602669,0.8917827706037167,0.9024254490032034,0.9025688407690087,0.8734325386464933,0.7313089384629461,0.9008253734954308,1.0,0.357221581352004,-0.19023642636628693,0.704189236453939,0.9186792756109391,0.891645323762295,0.8990399474425051,0.8526383493582778,0.9270256048927067,0.8701222692519259,0.8414475928575947,0.9237089952511687,0.870258398897354,0.8493253536724141],[0.4130025337420326,0.41368753153813415,0.24623368644686897,0.3861187641240324,0.2184461591810946,0.2814908179529406,-0.14009926363124814,0.26686769072299404,0.1251711185684862,-0.0618512320942489,-0.07657723646957688,0.13975390798255785,-0.3540277173872739,-0.7293221145430016,-0.07323581904285635,0.14588469095062062,-0.019081842044748047,0.23315959742623413,0.6668846125948005,0.7277253127617993,0.3136819023362696,0.357221581352004,1.0,-0.3889037763696602,0.2820290026240572,0.36074395699751355,0.2002801879173858,0.49440027974407513,0.4890533522712909,0.3464589790079317,0.511058593250839,0.4275786606043086,0.3692937206771238,0.28999368540381304,0.4027178477879078],[-0.30331919758922105,-0.22999805242299318,-0.22756167371994473,-0.294238573648162,-0.22003893497931395,-0.21803012330298427,0.1542261219659532,-0.3119709797653694,-0.23237527158756816,0.41712162622026605,0.41254339112431493,-0.19696049927225812,0.437452078724134,0.4127955205680596,0.4128611999097956,-0.19697166493689677,0.43480437496223007,-0.2937375690304227,-0.5300982580156274,-0.11672797333411727,-0.28772066633721777,-0.19023642636628693,-0.3889037763696602,1.0,-0.1511563331551716,-0.3167572724117159,-0.1788885901681154,-0.3890721244454795,-0.37826975405625285,-0.32428218429759365,-0.34591595955576976,-0.2056074067778874,-0.34928548375059465,-0.18123485574269843,-0.3175301559963393],[0.9001843727245086,0.8757213893805634,0.9005398968260512,0.8964423489935773,0.8784800228113779,0.9344978290421898,-0.9013976375952474,0.9052439198504035,0.8856876520382116,0.9084341019764876,0.9075305190514296,0.9177388380495869,0.8977344065484619,0.8688896392907498,0.9076501250644705,0.9427101323792133,0.9296096854663841,0.9105164773704907,0.7035000262387449,0.5378380116447065,0.8822212973120993,0.704189236453939,0.2820290026240572,-0.1511563331551716,1.0,0.8179749185122904,0.8833770114723607,0.8133921232872202,0.8596173392849732,0.8264780125746077,0.8676770284656893,0.8629268144075873,0.857145690456797,0.8668638976876494,0.8958101885823871],[0.9625703973967404,0.9519168618338527,0.9435849239541739,0.9619269551018179,0.9354783329486406,0.9433388894927738,-0.9112753407519621,0.9364111843129038,0.9214943000322309,0.9386196447750809,0.9382553161927242,0.9508577480997744,0.9323428183141806,0.9275219006310788,0.9370943000048793,0.9402948042839269,0.9413762642093816,0.9338931348182897,0.8974089722050469,0.7101597867702518,0.9509740404887613,0.9186792756109391,0.36074395699751355,-0.3167572724117159,0.8179749185122904,1.0,0.9305575695122597,0.9444095681217722,0.925964338736683,0.9419096146054092,0.9291923977023102,0.8980238424195397,0.9539199482310099,0.9209623188565257,0.9050235737130494],[0.9571007236602505,0.9562656926570695,0.9805487008079388,0.9634438581523386,0.9771934213031309,0.9613656942559002,-0.9600377757243399,0.940020199007778,0.9621676151467005,0.9684075514854501,0.9692297616958464,0.9587469865941379,0.9789902347950177,0.9783334391030759,0.9685838567811543,0.9580948182958255,0.9667100101794773,0.9399202636555573,0.8050347962961877,0.6257926221490113,0.9719053373086117,0.891645323762295,0.2002801879173858,-0.1788885901681154,0.8833770114723607,0.9305575695122597,1.0,0.906033166130796,0.8870418861162158,0.940943259462569,0.8878266624528545,0.8848578615866928,0.9466042190778383,0.9719871746522782,0.8857497274452035],[0.9803230187913426,0.9592335378629551,0.9302274061196794,0.970820779387572,0.9087205986527964,0.9589090766933025,-0.9025993790611183,0.9784999211100109,0.9357031924351816,0.9625658487418312,0.9620722998391351,0.9654773736526963,0.9465201721507425,0.9397417833659043,0.962430025164318,0.9622602825912121,0.9753418185742866,0.978947680789277,0.9581465294575925,0.7847314131610854,0.9399112674975306,0.8990399474425051,0.49440027974407513,-0.3890721244454795,0.8133921232872202,0.9444095681217722,0.906033166130796,1.0,0.9857827680035276,0.9643806937596031,0.9900314474645577,0.9515322075221668,0.9594445137989223,0.9133004454162145,0.96693762376759],[0.9656740093227326,0.9522360080572833,0.9152760791387494,0.9626807302446081,0.9008591526006434,0.9310756197332635,-0.865648088470884,0.95454195641789,0.9003007928879582,0.9462302210403855,0.945040767175066,0.9539249232378287,0.9104742913338115,0.8947963221258287,0.9455336645779897,0.9280377727192879,0.9499640711872741,0.9538591471815532,0.9358839616836093,0.7173916761971448,0.9458743412292624,0.8526383493582778,0.4890533522712909,-0.37826975405625285,0.8596173392849732,0.925964338736683,0.8870418861162158,0.9857827680035276,1.0,0.951221680549698,0.9833556995977593,0.9548611795195606,0.9374998465854102,0.9207753778360488,0.9617705430142193],[0.9763512180862366,0.9663436451850134,0.966601211569519,0.9789643555980968,0.9605305821668272,0.953650550818111,-0.9296422290336305,0.9681850673308675,0.9581464911759738,0.9678530700806113,0.9679691143861402,0.9739288396709711,0.949746523157086,0.9413516595139585,0.9678631298285494,0.9500855819299111,0.9656094103474681,0.9665877711983812,0.9008809474761157,0.6516671782655125,0.9712248808569766,0.9270256048927067,0.3464589790079317,-0.32428218429759365,0.8264780125746077,0.9419096146054092,0.940943259462569,0.9643806937596031,0.951221680549698,1.0,0.952959381747287,0.9155608999706697,0.9763049135396425,0.9583064972239966,0.9413499680092611],[0.9727276528635798,0.9577207878035159,0.9211601024918659,0.9626925492942701,0.8986973458970224,0.9533725173402879,-0.8946677191552125,0.9641320315134799,0.9195412760237209,0.9432605550291099,0.9422747321458126,0.9536123601508771,0.9184973674501961,0.9167697328149339,0.9429311876882017,0.9543279441160513,0.9579651794745588,0.962639007889241,0.9449254780220271,0.7549339309671989,0.9408995718944512,0.8701222692519259,0.511058593250839,-0.34591595955576976,0.8676770284656893,0.9291923977023102,0.8878266624528545,0.9900314474645577,0.9833556995977593,0.952959381747287,1.0,0.9735318606048174,0.9444957416412273,0.9373689992434189,0.9625548144560699],[0.9454329746747098,0.9437637696023748,0.9048332409190191,0.9335123070352389,0.8770236558691041,0.9548922776794295,-0.9096053716569539,0.9368366852543135,0.9045473870102523,0.9180850088727985,0.9167489388524994,0.9314813137612008,0.8889393273926613,0.8679486420392777,0.9174653453089299,0.9542743748680961,0.9418986395000332,0.9366579587718032,0.8960915712607841,0.760762074985609,0.9086495083063146,0.8414475928575947,0.4275786606043086,-0.2056074067778874,0.8629268144075873,0.8980238424195397,0.8848578615866928,0.9515322075221668,0.9548611795195606,0.9155608999706697,0.9735318606048174,1.0,0.9066546522243387,0.9319702260529616,0.9535954718531294],[0.9808535792687934,0.9701597365865731,0.9673808267387852,0.9788247688637116,0.9561293350922766,0.9588926858559486,-0.9296383406768891,0.96079567320438,0.9481244263980374,0.9671879396151252,0.9673711914945781,0.9738549514983136,0.9656763991460338,0.9676879708166438,0.9672291308463659,0.9611372927888524,0.9728468525021331,0.9600172289329358,0.8995750012083249,0.68734830500221,0.9692281540215555,0.9237089952511687,0.3692937206771238,-0.34928548375059465,0.857145690456797,0.9539199482310099,0.9466042190778383,0.9594445137989223,0.9374998465854102,0.9763049135396425,0.9444957416412273,0.9066546522243387,1.0,0.955233494612335,0.9407992449852608],[0.9719207166888716,0.9622580453412712,0.9746622844947802,0.9706249785804015,0.9621970564688395,0.9774952136477489,-0.9657469654257244,0.9589645680615142,0.9708928228177524,0.9810202498169802,0.9814931600119581,0.969115520198621,0.9806920790634494,0.9791020411255157,0.9813888261553357,0.9768856143428748,0.9855184137303529,0.9568547425711085,0.8480414983539238,0.6518903159114409,0.9562408310056727,0.870258398897354,0.28999368540381304,-0.18123485574269843,0.8668638976876494,0.9209623188565257,0.9719871746522782,0.9133004454162145,0.9207753778360488,0.9583064972239966,0.9373689992434189,0.9319702260529616,0.955233494612335,1.0,0.9179984733237379],[0.9545638395101841,0.9488318141465419,0.9219851998541838,0.9453987403386306,0.8967756712395734,0.9555741014833213,-0.9102269176932299,0.9656558959288224,0.9240764326026336,0.9413427605634718,0.9406194820117327,0.950239165505463,0.933854882480422,0.9262178609456128,0.9411620318866444,0.9602027792198266,0.9632126120199362,0.9668357719378647,0.8815835059155657,0.6970971026805745,0.9266195040656302,0.8493253536724141,0.4027178477879078,-0.3175301559963393,0.8958101885823871,0.9050235737130494,0.8857497274452035,0.96693762376759,0.9617705430142193,0.9413499680092611,0.9625548144560699,0.9535954718531294,0.9407992449852608,0.9179984733237379,1.0]],"x":["^TAIEX       \u81fa\u7063\u52a0\u6b0a\u5831\u916c\u6307\u6578","^TWII        \u81fa\u7063\u52a0\u6b0a\u6307\u6578","^TAIEXx2     \u81fa\u7063\u52a0\u6b0a\u5831\u916c\u6307\u6578_\u65e5\u6b632","^TAI50I      \u81fa\u706350\u5831\u916c\u6307\u6578","^TAI50Ix2    \u81fa\u706350\u5831\u916c\u6307\u6578_\u65e5\u6b632","^TAI100I     \u81fa\u7063\u4e2d\u578b100\u5831\u916c\u6307\u6578","^TAI100Ix2   \u81fa\u7063\u4e2d\u578b100\u5831\u916c\u6307\u6578_\u65e5\u6b632","^TAIDIVIDI   \u81fa\u7063\u9ad8\u80a1\u606f\u5831\u916c\u6307\u6578","^TAIDIVIDIx2 \u81fa\u7063\u9ad8\u80a1\u606f\u5831\u916c\u6307\u6578_\u65e5\u6b632","0050Fund     \u5143\u5927\u53f0\u7063\u5353\u8d8a50\u57fa\u91d1","006208Fund   \u5bcc\u90a6\u53f0\u7063\u91c6\u540950\u57fa\u91d1","0050         \u5143\u5927\u81fa\u706350","00631L       \u5143\u5927\u53f0\u706350\u6b632","00675L       \u5bcc\u90a6\u81fa\u7063\u52a0\u6b0a\u6b632","006208       \u5bcc\u90a6\u53f050","0051         \u5143\u5927\u4e2d\u578b100","006204       \u6c38\u8c50\u81fa\u7063\u52a0\u6b0a","0056         \u5143\u5927\u9ad8\u80a1\u606f","2412         \u4e2d\u83ef\u96fb\u4fe1","2002         \u4e2d\u92fc","2330         \u53f0\u7a4d\u96fb","2317         \u9d3b\u6d77","6505         \u53f0\u5851\u77f3\u5316","3481         \u7fa4\u5275","2303         \u806f\u96fb","2308         \u53f0\u9054\u96fb","2454         \u806f\u767c\u79d1","2886         \u5146\u8c50\u91d1","2884         \u7389\u5c71\u91d1","2891         \u4e2d\u4fe1\u91d1","2892         \u7b2c\u4e00\u91d1","5880         \u5408\u5eab\u91d1","2881         \u5bcc\u90a6\u91d1","2885         \u5143\u5927\u91d1","2887         \u53f0\u65b0\u91d1"],"y":["^TAIEX       \u81fa\u7063\u52a0\u6b0a\u5831\u916c\u6307\u6578","^TWII        \u81fa\u7063\u52a0\u6b0a\u6307\u6578","^TAIEXx2     \u81fa\u7063\u52a0\u6b0a\u5831\u916c\u6307\u6578_\u65e5\u6b632","^TAI50I      \u81fa\u706350\u5831\u916c\u6307\u6578","^TAI50Ix2    \u81fa\u706350\u5831\u916c\u6307\u6578_\u65e5\u6b632","^TAI100I     \u81fa\u7063\u4e2d\u578b100\u5831\u916c\u6307\u6578","^TAI100Ix2   \u81fa\u7063\u4e2d\u578b100\u5831\u916c\u6307\u6578_\u65e5\u6b632","^TAIDIVIDI   \u81fa\u7063\u9ad8\u80a1\u606f\u5831\u916c\u6307\u6578","^TAIDIVIDIx2 \u81fa\u7063\u9ad8\u80a1\u606f\u5831\u916c\u6307\u6578_\u65e5\u6b632","0050Fund     \u5143\u5927\u53f0\u7063\u5353\u8d8a50\u57fa\u91d1","006208Fund   \u5bcc\u90a6\u53f0\u7063\u91c6\u540950\u57fa\u91d1","0050         \u5143\u5927\u81fa\u706350","00631L       \u5143\u5927\u53f0\u706350\u6b632","00675L       \u5bcc\u90a6\u81fa\u7063\u52a0\u6b0a\u6b632","006208       \u5bcc\u90a6\u53f050","0051         \u5143\u5927\u4e2d\u578b100","006204       \u6c38\u8c50\u81fa\u7063\u52a0\u6b0a","0056         \u5143\u5927\u9ad8\u80a1\u606f","2412         \u4e2d\u83ef\u96fb\u4fe1","2002         \u4e2d\u92fc","2330         \u53f0\u7a4d\u96fb","2317         \u9d3b\u6d77","6505         \u53f0\u5851\u77f3\u5316","3481         \u7fa4\u5275","2303         \u806f\u96fb","2308         \u53f0\u9054\u96fb","2454         \u806f\u767c\u79d1","2886         \u5146\u8c50\u91d1","2884         \u7389\u5c71\u91d1","2891         \u4e2d\u4fe1\u91d1","2892         \u7b2c\u4e00\u91d1","5880         \u5408\u5eab\u91d1","2881         \u5bcc\u90a6\u91d1","2885         \u5143\u5927\u91d1","2887         \u53f0\u65b0\u91d1"],"zmin":-1,"zmax":1,"colorbar":{"x":-0.2}}],"layout":{"autotypenumbers":"strict","colorway":["#636efa","#EF553B","#00cc96","#ab63fa","#FFA15A","#19d3f3","#FF6692","#B6E880","#FF97FF","#FECB52"],"font":{"color":"#f2f5fa","family":"Courier New"},"hovermode":"closest","hoverlabel":{"align":"left"},"paper_bgcolor":"rgb(17,17,17)","plot_bgcolor":"rgb(17,17,17)","polar":{"bgcolor":"rgb(17,17,17)","angularaxis":{"gridcolor":"#506784","linecolor":"#506784","ticks":""},"radialaxis":{"gridcolor":"#506784","linecolor":"#506784","ticks":""}},"ternary":{"bgcolor":"rgb(17,17,17)","aaxis":{"gridcolor":"#506784","linecolor":"#506784","ticks":""},"baxis":{"gridcolor":"#506784","linecolor":"#506784","ticks":""},"caxis":{"gridcolor":"#506784","linecolor":"#506784","ticks":""}},"coloraxis":{"colorbar":{"outlinewidth":0,"ticks":""}},"colorscale":{"sequential":[[0.0,"#0d0887"],[0.1111111111111111,"#46039f"],[0.2222222222222222,"#7201a8"],[0.3333333333333333,"#9c179e"],[0.4444444444444444,"#bd3786"],[0.5555555555555556,"#d8576b"],[0.6666666666666666,"#ed7953"],[0.7777777777777778,"#fb9f3a"],[0.8888888888888888,"#fdca26"],[1.0,"#f0f921"]],"sequentialminus":[[0.0,"#0d0887"],[0.1111111111111111,"#46039f"],[0.2222222222222222,"#7201a8"],[0.3333333333333333,"#9c179e"],[0.4444444444444444,"#bd3786"],[0.5555555555555556,"#d8576b"],[0.6666666666666666,"#ed7953"],[0.7777777777777778,"#fb9f3a"],[0.8888888888888888,"#fdca26"],[1.0,"#f0f921"]],"diverging":[[0,"#8e0152"],[0.1,"#c51b7d"],[0.2,"#de77ae"],[0.3,"#f1b6da"],[0.4,"#fde0ef"],[0.5,"#f7f7f7"],[0.6,"#e6f5d0"],[0.7,"#b8e186"],[0.8,"#7fbc41"],[0.9,"#4d9221"],[1,"#276419"]]},"xaxis":{"gridcolor":"rgba(0, 0, 0, 0)","linecolor":"#506784","ticks":"","title":{"standoff":15},"zerolinecolor":"#283442","automargin":true,"zerolinewidth":2,"tickfont":{"family":"Courier New","size":14},"side":"top","tickangle":-90},"yaxis":{"gridcolor":"rgba(0, 0, 0, 0)","linecolor":"#506784","ticks":"","title":{"standoff":15},"zerolinecolor":"#283442","automargin":true,"zerolinewidth":2,"tickfont":{"family":"Courier New"},"side":"right"},"scene":{"xaxis":{"backgroundcolor":"rgb(17,17,17)","gridcolor":"#506784","linecolor":"#506784","showbackground":true,"ticks":"","zerolinecolor":"#C8D4E3","gridwidth":2},"yaxis":{"backgroundcolor":"rgb(17,17,17)","gridcolor":"#506784","linecolor":"#506784","showbackground":true,"ticks":"","zerolinecolor":"#C8D4E3","gridwidth":2},"zaxis":{"backgroundcolor":"rgb(17,17,17)","gridcolor":"#506784","linecolor":"#506784","showbackground":true,"ticks":"","zerolinecolor":"#C8D4E3","gridwidth":2}},"shapedefaults":{"line":{"color":"#f2f5fa"}},"annotationdefaults":{"arrowcolor":"#f2f5fa","arrowhead":0,"arrowwidth":1},"geo":{"bgcolor":"rgb(17,17,17)","landcolor":"rgb(17,17,17)","subunitcolor":"#506784","showland":true,"showlakes":true,"lakecolor":"rgb(17,17,17)"},"title":{"x":0.05,"font":{"family":"Times New Roman"},"y":0.05,"text":"<b>Correlation of Adj Close<b><br><i>2016-09-23 ~ 2025-09-15<i>"},"updatemenudefaults":{"bgcolor":"#506784","borderwidth":0},"sliderdefaults":{"bgcolor":"#C8D4E3","borderwidth":1,"bordercolor":"rgb(17,17,17)","tickwidth":0},"mapbox":{"style":"dark"},"annotations":[{"text":"<b>@zwindr<b>","textangle":0,"opacity":0.5,"font":{"color":"white","size":12},"xref":"paper","yref":"paper","xanchor":"left","yanchor":"bottom","x":1.0,"y":1.0,"showarrow":false}]},"config":{"responsive":true,"toImageButtonOptions":{"filename":"Correlation of Adj Close_2016-09-23~2025-09-15","scale":5}}};Plotly.newPlot("correlationAdjClose",correlationAdjClose.data,correlationAdjClose.layout||{},correlationAdjClose.config);}else{console.log("style display is none => correlationAdjClose");}