var config = { responsive: true }

var correlationAdjClose = {"data": [{"type": "heatmap", "z": [[1.0, 0.9934874994976053, 0.9751580977075589, 0.9978219403627334, 0.9635408346687018, 0.9799623214911264, -0.9378701348471318, 0.989148418790024, 0.9670753675175713, 0.9966053460532709, 0.9930878225383305, 0.9942820240708772, 0.9972444317593773, 0.9774386588411855, 0.9995461789309095, 0.9861702546213577, 0.9114415906644491, 0.7627411148704569, 0.985692135743529, 0.9221438235027842, 0.49930627336722533, -0.30402548752568326, 0.8967408273252483, 0.9727733116082709, 0.9505627158280443], [0.9934874994976053, 1.0, 0.970478675889078, 0.9911794891165386, 0.9594358394548667, 0.9749366206059769, -0.9328997623453151, 0.9791737689916717, 0.9597301617838689, 0.993848659442859, 0.9918069255959511, 0.991143287953304, 0.9952792084125259, 0.9720658735012945, 0.9962739467281302, 0.9820989916760545, 0.899902964026969, 0.7683763253045708, 0.9662521619751148, 0.8998530280685767, 0.49552132402762755, -0.223554342053633, 0.8682477779275743, 0.9597858713007258, 0.9511491524703458], [0.9751580977075589, 0.970478675889078, 1.0, 0.981092064850246, 0.9962918487395153, 0.9783094288644781, -0.9743782933867072, 0.9680810351948507, 0.982510988319219, 0.985196552505083, 0.9976099096467262, 0.997598898126022, 0.9881851229889667, 0.9766812704843154, 0.987196771751905, 0.9747392043607295, 0.8116928263555341, 0.653585982032252, 0.9892951699684484, 0.9104092187228623, 0.3321067433587745, -0.22412188510062214, 0.9056173018785842, 0.9381262266860069, 0.977230204560959], [0.9978219403627334, 0.9911794891165386, 0.981092064850246, 1.0, 0.9746373368946093, 0.9721532405431256, -0.9323954551330559, 0.9835713483969123, 0.9641784400847754, 0.9992397577287357, 0.992606671735464, 0.9915493547456838, 0.9999008638986999, 0.9672535557801486, 0.9960096570988931, 0.9809383539045881, 0.8971497306705534, 0.7359031803721482, 0.9930825285341062, 0.9240575171906007, 0.4802720116959524, -0.29506534680280894, 0.8966681082911634, 0.9666659973993053, 0.9562354054650256], [0.9635408346687018, 0.9594358394548667, 0.9962918487395153, 0.9746373368946093, 1.0, 0.95818777353583, -0.9559308085358319, 0.9534467281095658, 0.9702143706707892, 0.9813825639722651, 0.9886280915364755, 0.9851734070229087, 0.984370456362066, 0.9557377442711825, 0.9756467394865347, 0.9602526828099277, 0.7915285247151772, 0.6221130255904307, 0.988195293391387, 0.9076038727133455, 0.3135962579256376, -0.2164350977152478, 0.8895751127190331, 0.9230200006439616, 0.9747093810703993], [0.9799623214911264, 0.9749366206059769, 0.9783094288644781, 0.9721532405431256, 0.95818777353583, 1.0, -0.9791705778467769, 0.9789084597608047, 0.9784215617824404, 0.971265970214554, 0.9755988501760635, 0.9735230060804324, 0.9679480308662904, 0.9988473545569184, 0.9856539671951741, 0.9854334365210766, 0.8490158179993776, 0.7288632907291257, 0.966663640751799, 0.8885315616162869, 0.36026132373149466, -0.213582147285961, 0.9345986419721392, 0.9545290089333797, 0.9575277403605243], [-0.9378701348471318, -0.9328997623453151, -0.9743782933867072, -0.9323954551330559, -0.9559308085358319, -0.9791705778467769, 1.0, -0.9475748922713714, -0.9822609380961107, -0.9403299201474846, -0.9723042460232731, -0.9743856520015013, -0.9462377747290899, -0.9856524198427663, -0.9625599319048926, -0.9639590062793868, -0.7553259033417149, -0.6240267452270686, -0.9392084801035075, -0.8747986022302026, -0.21181000582642856, 0.1460902486650388, -0.9012088919062866, -0.9072902182643092, -0.9549617955190498], [0.989148418790024, 0.9791737689916717, 0.9680810351948507, 0.9835713483969123, 0.9534467281095658, 0.9789084597608047, -0.9475748922713714, 1.0, 0.9809247463949665, 0.9803684596914809, 0.974230582519431, 0.97339674318229, 0.9787456083507631, 0.9748664481570417, 0.9865802834834251, 0.9963032198205056, 0.9189425998465847, 0.7015888707322248, 0.9734076505948847, 0.894688749652011, 0.3736484891428605, -0.31224625170968906, 0.9022751046205717, 0.9531192705576272, 0.9321132720535122], [0.9670753675175713, 0.9597301617838689, 0.982510988319219, 0.9641784400847754, 0.9702143706707892, 0.9784215617824404, -0.9822609380961107, 0.9809247463949665, 1.0, 0.9633152492143329, 0.9708494665801506, 0.9678008818917151, 0.9602131853838489, 0.976610718308822, 0.9676367802058355, 0.9867032300112653, 0.8402623773481998, 0.6269369238518766, 0.9648444123303785, 0.9026472085470226, 0.2269371078498025, -0.2286736352317259, 0.8835614657175289, 0.9270384171169255, 0.9560034358791429], [0.9966053460532709, 0.993848659442859, 0.985196552505083, 0.9992397577287357, 0.9813825639722651, 0.971265970214554, -0.9403299201474846, 0.9803684596914809, 0.9633152492143329, 1.0, 0.9914353082204753, 0.9899660108768247, 0.9998338360491766, 0.9682225057366296, 0.995221038118785, 0.9810547569688424, 0.909119775231799, 0.7149251728895916, 0.9954810774560661, 0.9171714830463618, 0.31282979249803133, -0.22640500891278295, 0.9299031658840686, 0.9556910305602017, 0.95414530241228], [0.9930878225383305, 0.9918069255959511, 0.9976099096467262, 0.992606671735464, 0.9886280915364755, 0.9755988501760635, -0.9723042460232731, 0.974230582519431, 0.9708494665801506, 0.9914353082204753, 1.0, 0.9996538350662445, 0.9922890387191867, 0.9766413616802776, 0.9934065281011003, 0.9756612833287361, 0.903812800211645, 0.6154687074350353, 0.9886248568431845, 0.8875008153784488, -0.24302217817952484, 0.4537908940300571, 0.9070710672779354, 0.9514859506616344, 0.9772471837033934], [0.9942820240708772, 0.991143287953304, 0.997598898126022, 0.9915493547456838, 0.9851734070229087, 0.9735230060804324, -0.9743856520015013, 0.97339674318229, 0.9678008818917151, 0.9899660108768247, 0.9996538350662445, 1.0, 0.9912122701154672, 0.9746642050021357, 0.9943270280134034, 0.9750312303401695, 0.9139337210375407, 0.5077341946268004, 0.9842667687521499, 0.873525174566335, -0.6773493494370508, 0.4301626082846105, 0.8801945757526244, 0.948240297280582, 0.976903789762469], [0.9972444317593773, 0.9952792084125259, 0.9881851229889667, 0.9999008638986999, 0.984370456362066, 0.9679480308662904, -0.9462377747290899, 0.9787456083507631, 0.9602131853838489, 0.9998338360491766, 0.9922890387191867, 0.9912122701154672, 1.0, 0.9687595147027871, 0.9955625062085252, 0.9798346867053588, 0.9263407930014402, 0.6786973417471156, 0.9970266690986744, 0.896369070291028, 0.06681781648590361, 0.4409902697377235, 0.9198662486295891, 0.947623930977599, 0.962423099296837], [0.9774386588411855, 0.9720658735012945, 0.9766812704843154, 0.9672535557801486, 0.9557377442711825, 0.9988473545569184, -0.9856524198427663, 0.9748664481570417, 0.976610718308822, 0.9682225057366296, 0.9766413616802776, 0.9746642050021357, 0.9687595147027871, 1.0, 0.985834831357634, 0.9831199354382929, 0.8629048309588039, 0.7324853213008019, 0.962029306990711, 0.8776474320762031, 0.22460539427272339, -0.15493054981628374, 0.9439643208620825, 0.949390662383642, 0.9566379998058439], [0.9995461789309095, 0.9962739467281302, 0.987196771751905, 0.9960096570988931, 0.9756467394865347, 0.9856539671951741, -0.9625599319048926, 0.9865802834834251, 0.9676367802058355, 0.995221038118785, 0.9934065281011003, 0.9943270280134034, 0.9955625062085252, 0.985834831357634, 1.0, 0.9869160102704014, 0.933543536993668, 0.714130092138212, 0.9895256255417877, 0.8929900641113149, 0.10996134529114704, 0.44925390818799915, 0.9372957304906901, 0.9580964661211995, 0.9617005762412447], [0.9861702546213577, 0.9820989916760545, 0.9747392043607295, 0.9809383539045881, 0.9602526828099277, 0.9854334365210766, -0.9639590062793868, 0.9963032198205056, 0.9867032300112653, 0.9810547569688424, 0.9756612833287361, 0.9750312303401695, 0.9798346867053588, 0.9831199354382929, 0.9869160102704014, 1.0, 0.9009139818561076, 0.7034969769024269, 0.9727191737909857, 0.8942602761348247, 0.30635796093929774, -0.2225436880773464, 0.9141773066307501, 0.942632993323524, 0.9435912001190958], [0.9114415906644491, 0.899902964026969, 0.8116928263555341, 0.8971497306705534, 0.7915285247151772, 0.8490158179993776, -0.7553259033417149, 0.9189425998465847, 0.8402623773481998, 0.909119775231799, 0.903812800211645, 0.9139337210375407, 0.9263407930014402, 0.8629048309588039, 0.933543536993668, 0.9009139818561076, 1.0, 0.8608280305633189, 0.8451257288973669, 0.8711290366079558, 0.7450419627797668, -0.5480321197309381, 0.6674407166254778, 0.9090467684845421, 0.7842436663409622], [0.7627411148704569, 0.7683763253045708, 0.653585982032252, 0.7359031803721482, 0.6221130255904307, 0.7288632907291257, -0.6240267452270686, 0.7015888707322248, 0.6269369238518766, 0.7149251728895916, 0.6154687074350353, 0.5077341946268004, 0.6786973417471156, 0.7324853213008019, 0.714130092138212, 0.7034969769024269, 0.8608280305633189, 1.0, 0.6557948561469625, 0.758836134533079, 0.7367874019144884, -0.11496468056226766, 0.5388584079712674, 0.772748088535302, 0.659806081228021], [0.985692135743529, 0.9662521619751148, 0.9892951699684484, 0.9930825285341062, 0.988195293391387, 0.966663640751799, -0.9392084801035075, 0.9734076505948847, 0.9648444123303785, 0.9954810774560661, 0.9886248568431845, 0.9842667687521499, 0.9970266690986744, 0.962029306990711, 0.9895256255417877, 0.9727191737909857, 0.8451257288973669, 0.6557948561469625, 1.0, 0.8952218794120144, 0.40935965578654854, -0.2900231359094748, 0.8850323855881937, 0.9487508727178462, 0.9657831077828087], [0.9221438235027842, 0.8998530280685767, 0.9104092187228623, 0.9240575171906007, 0.9076038727133455, 0.8885315616162869, -0.8747986022302026, 0.894688749652011, 0.9026472085470226, 0.9171714830463618, 0.8875008153784488, 0.873525174566335, 0.896369070291028, 0.8776474320762031, 0.8929900641113149, 0.8942602761348247, 0.8711290366079558, 0.758836134533079, 0.8952218794120144, 1.0, 0.4534582679101771, -0.2013030596137317, 0.6905301146175264, 0.9174837469170176, 0.8790411279759568], [0.49930627336722533, 0.49552132402762755, 0.3321067433587745, 0.4802720116959524, 0.3135962579256376, 0.36026132373149466, -0.21181000582642856, 0.3736484891428605, 0.2269371078498025, 0.31282979249803133, -0.24302217817952484, -0.6773493494370508, 0.06681781648590361, 0.22460539427272339, 0.10996134529114704, 0.30635796093929774, 0.7450419627797668, 0.7367874019144884, 0.40935965578654854, 0.4534582679101771, 1.0, -0.40665270038473794, 0.3260342129665512, 0.4819346793187265, 0.27673080927247246], [-0.30402548752568326, -0.223554342053633, -0.22412188510062214, -0.29506534680280894, -0.2164350977152478, -0.213582147285961, 0.1460902486650388, -0.31224625170968906, -0.2286736352317259, -0.22640500891278295, 0.4537908940300571, 0.4301626082846105, 0.4409902697377235, -0.15493054981628374, 0.44925390818799915, -0.2225436880773464, -0.5480321197309381, -0.11496468056226766, -0.2900231359094748, -0.2013030596137317, -0.40665270038473794, 1.0, -0.14332347378195182, -0.33664272404521156, -0.16938402397365754], [0.8967408273252483, 0.8682477779275743, 0.9056173018785842, 0.8966681082911634, 0.8895751127190331, 0.9345986419721392, -0.9012088919062866, 0.9022751046205717, 0.8835614657175289, 0.9299031658840686, 0.9070710672779354, 0.8801945757526244, 0.9198662486295891, 0.9439643208620825, 0.9372957304906901, 0.9141773066307501, 0.6674407166254778, 0.5388584079712674, 0.8850323855881937, 0.6905301146175264, 0.3260342129665512, -0.14332347378195182, 1.0, 0.8287066146603579, 0.8835479261739851], [0.9727733116082709, 0.9597858713007258, 0.9381262266860069, 0.9666659973993053, 0.9230200006439616, 0.9545290089333797, -0.9072902182643092, 0.9531192705576272, 0.9270384171169255, 0.9556910305602017, 0.9514859506616344, 0.948240297280582, 0.947623930977599, 0.949390662383642, 0.9580964661211995, 0.942632993323524, 0.9090467684845421, 0.772748088535302, 0.9487508727178462, 0.9174837469170176, 0.4819346793187265, -0.33664272404521156, 0.8287066146603579, 1.0, 0.9265618286202952], [0.9505627158280443, 0.9511491524703458, 0.977230204560959, 0.9562354054650256, 0.9747093810703993, 0.9575277403605243, -0.9549617955190498, 0.9321132720535122, 0.9560034358791429, 0.95414530241228, 0.9772471837033934, 0.976903789762469, 0.962423099296837, 0.9566379998058439, 0.9617005762412447, 0.9435912001190958, 0.7842436663409622, 0.659806081228021, 0.9657831077828087, 0.8790411279759568, 0.27673080927247246, -0.16938402397365754, 0.8835479261739851, 0.9265618286202952, 1.0]], "x": ["^TAIEX       \u81fa\u7063\u52a0\u6b0a\u5831\u916c\u6307\u6578", "^TWII        \u81fa\u7063\u52a0\u6b0a\u6307\u6578", "^TAIEXx2     \u81fa\u7063\u52a0\u6b0a\u5831\u916c\u6307\u6578_\u65e5\u6b632", "^TAI50I      \u81fa\u706350\u5831\u916c\u6307\u6578", "^TAI50Ix2    \u81fa\u706350\u5831\u916c\u6307\u6578_\u65e5\u6b632", "^TAI100I     \u81fa\u7063\u4e2d\u578b100\u5831\u916c\u6307\u6578", "^TAI100Ix2   \u81fa\u7063\u4e2d\u578b100\u5831\u916c\u6307\u6578_\u65e5\u6b632", "^TAIDIVIDI   \u81fa\u7063\u9ad8\u80a1\u606f\u5831\u916c\u6307\u6578", "^TAIDIVIDIx2 \u81fa\u7063\u9ad8\u80a1\u606f\u5831\u916c\u6307\u6578_\u65e5\u6b632", "0050         \u5143\u5927\u81fa\u706350", "00631L       \u5143\u5927\u53f0\u706350\u6b632", "00675L       \u5bcc\u90a6\u81fa\u7063\u52a0\u6b0a\u6b632", "006208       \u5bcc\u90a6\u53f050", "0051         \u5143\u5927\u4e2d\u578b100", "006204       \u6c38\u8c50\u81fa\u7063\u52a0\u6b0a", "0056         \u5143\u5927\u9ad8\u80a1\u606f", "2412         \u4e2d\u83ef\u96fb\u4fe1", "2002         \u4e2d\u92fc", "2330         \u53f0\u7a4d\u96fb", "2317         \u9d3b\u6d77", "6505         \u53f0\u5851\u77f3\u5316", "3481         \u7fa4\u5275", "2303         \u806f\u96fb", "2308         \u53f0\u9054\u96fb", "2454         \u806f\u767c\u79d1"], "y": ["^TAIEX       \u81fa\u7063\u52a0\u6b0a\u5831\u916c\u6307\u6578", "^TWII        \u81fa\u7063\u52a0\u6b0a\u6307\u6578", "^TAIEXx2     \u81fa\u7063\u52a0\u6b0a\u5831\u916c\u6307\u6578_\u65e5\u6b632", "^TAI50I      \u81fa\u706350\u5831\u916c\u6307\u6578", "^TAI50Ix2    \u81fa\u706350\u5831\u916c\u6307\u6578_\u65e5\u6b632", "^TAI100I     \u81fa\u7063\u4e2d\u578b100\u5831\u916c\u6307\u6578", "^TAI100Ix2   \u81fa\u7063\u4e2d\u578b100\u5831\u916c\u6307\u6578_\u65e5\u6b632", "^TAIDIVIDI   \u81fa\u7063\u9ad8\u80a1\u606f\u5831\u916c\u6307\u6578", "^TAIDIVIDIx2 \u81fa\u7063\u9ad8\u80a1\u606f\u5831\u916c\u6307\u6578_\u65e5\u6b632", "0050         \u5143\u5927\u81fa\u706350", "00631L       \u5143\u5927\u53f0\u706350\u6b632", "00675L       \u5bcc\u90a6\u81fa\u7063\u52a0\u6b0a\u6b632", "006208       \u5bcc\u90a6\u53f050", "0051         \u5143\u5927\u4e2d\u578b100", "006204       \u6c38\u8c50\u81fa\u7063\u52a0\u6b0a", "0056         \u5143\u5927\u9ad8\u80a1\u606f", "2412         \u4e2d\u83ef\u96fb\u4fe1", "2002         \u4e2d\u92fc", "2330         \u53f0\u7a4d\u96fb", "2317         \u9d3b\u6d77", "6505         \u53f0\u5851\u77f3\u5316", "3481         \u7fa4\u5275", "2303         \u806f\u96fb", "2308         \u53f0\u9054\u96fb", "2454         \u806f\u767c\u79d1"], "zmin": -1, "zmax": 1, "colorbar": {"x": -0.2}}], "layout": {"title": {"text": "<b>Correlation of Adj Close <b><br><i>2016/09/23 ~ 2025/04/30<i>", "y": 0.05, "font": {"family": "Times New Roman"}, "x": 0.05}, "xaxis": {"side": "top", "tickangle": -90, "gridcolor": "rgba(0, 0, 0, 0)", "tickfont": {"family": "Courier New", "size": 14}, "automargin": true}, "yaxis": {"side": "right", "gridcolor": "rgba(0, 0, 0, 0)", "tickfont": {"family": "Courier New"}, "automargin": true}, "height": 600, "font": {"family": "Courier New", "color": "#ffffff"}, "plot_bgcolor": "#000", "paper_bgcolor": "#000"}};

Plotly.newPlot("correlationAdjClose",
    correlationAdjClose.data,
    correlationAdjClose.layout || {},
    config);