var element=document.getElementById("correlationAdjClose");if(element.style.display!='none'){var correlationAdjClose={"data":[{"type":"heatmap","z":[[1.0,0.9949375814546759,0.9754487943164292,0.9970996042122856,0.9565332599627099,0.9837457883196151,0.9525300189035826,0.9891201255456037,0.9746420446695613,0.9972497138554276,0.9966870085899687,0.9971474182325437,0.9932349562148316,0.9941996107121699,0.996729758183142,0.9853376589756707,0.9997133266051391,0.9889633701370535,0.8989421402064579,0.9193475867886225,0.6942933733404512,0.984722122485155,0.9325080244788584,0.36927916679230816,-0.299262547635622,0.8983714019829974,0.9296047122075457,0.9596160775620659,0.9776107612196409,0.9647519093452699,0.9787828472394277,0.9709708077442156,0.9411358994597255,0.98249286793746,0.974652674473816,0.955742050692566],[0.9949375814546759,1.0,0.9715725168216306,0.9917172473670062,0.9523848627759096,0.9798550020203428,0.9484750199679853,0.9813512630416332,0.9687608404362865,0.9930081702193101,0.9949028057040759,0.9943820005329971,0.9923345852404073,0.9921836303787736,0.9949127885131139,0.980314650618118,0.9972353469936857,0.9836269560378524,0.920131670631396,0.9094965877886586,0.7144649612351903,0.9689272867117134,0.915466259601594,0.3699184557394392,-0.23042367033754496,0.8763609017672257,0.9236019803975877,0.9589312942501033,0.9583363404703531,0.952560728529654,0.9697437644464086,0.9572733583189774,0.9402785098223106,0.9728825176008198,0.9658631691979511,0.9506278924932553],[0.9754487943164292,0.9715725168216306,1.0,0.9844557591953867,0.9945662714545446,0.9732537270077519,0.9780044673540365,0.9610766788014452,0.9791367160004011,0.9841373211494884,0.9907942272095969,0.9875217090008738,0.997019542872751,0.9968033733796743,0.9905717443971073,0.9708678810273002,0.9856610900485101,0.9606635066592856,0.8614509961148417,0.82370656318092,0.5659680025191404,0.9920478309993945,0.9317357496213077,0.19802218642197206,-0.22350663694614228,0.8837351534102406,0.9405447908753163,0.971496588817111,0.9198751081232746,0.908064906275848,0.9662376953653132,0.9125885508127451,0.8890552415882957,0.9640745099175211,0.9713966456442347,0.9163647623281989],[0.9970996042122856,0.9917172473670062,0.9844557591953867,1.0,0.9725473471990047,0.9753276319714839,0.9495619903521747,0.980821292213515,0.9712217464873697,0.9999696635916063,0.9999916425449409,0.9999623782300339,0.993285490582748,0.9918546040213535,0.999950233699701,0.9741723012236057,0.9957404013837575,0.9803534704343463,0.8824146339536392,0.9016439752391623,0.6565094140446986,0.9938870839410541,0.937197068650404,0.33707706091004136,-0.288393786528964,0.8902718486680493,0.9399507730284717,0.9632565611705546,0.965175205031329,0.9586153980520831,0.9807046485751791,0.958277159264351,0.9255436657770403,0.9793686472910728,0.9725603301728849,0.9446779367853095],[0.9565332599627099,0.9523848627759096,0.9945662714545446,0.9725473471990047,1.0,0.9459799308525189,0.957100899035178,0.9357190864403273,0.9589227853565018,0.9726064359615597,0.9819123164672837,0.9780780747408383,0.9835311137867568,0.9805713923090945,0.9815429996208533,0.9421235820547027,0.9672453840003749,0.9349914763114772,0.8283520123806759,0.7928716544337785,0.5162698634647795,0.9871993608594432,0.9265427244434309,0.1633051022490714,-0.21269805782895082,0.8501409586377181,0.9461994496055658,0.9574654558353657,0.8890779831414432,0.884105737878817,0.9536047396849243,0.8815373664256989,0.8512186719360587,0.9455532618986103,0.9520788494677499,0.8840502227881404],[0.9837457883196151,0.9798550020203428,0.9732537270077519,0.9753276319714839,0.9459799308525189,1.0,0.9829702712233321,0.98260434853951,0.9825538182775568,0.9747649986629403,0.9695448798367371,0.9728866718937071,0.9738028993162944,0.971345684863947,0.9694567265937403,0.9999014254495691,0.9869909022451754,0.98352808972978,0.9017218315538952,0.8711306153782923,0.6632083739437971,0.9671107715036368,0.903736282661435,0.24515856880768025,-0.2203478618436921,0.9321498023231768,0.9026417924295187,0.9640377765581092,0.9598468425675193,0.9343903211884871,0.9578615977520624,0.9549375253740053,0.9527812090265411,0.9627464245910218,0.9795319886784097,0.9578584613394867],[0.9525300189035826,0.9484750199679853,0.9780044673540365,0.9495619903521747,0.957100899035178,0.9829702712233321,1.0,0.954832264149098,0.9849046274199158,0.9482045725480227,0.9585564347909972,0.9549789444338405,0.977219866636724,0.9779288546539029,0.9582880369710761,0.9842798580534818,0.9709520637125773,0.9573306079835585,0.8669396378676181,0.7901715716471895,0.5545698794052516,0.9534954109998531,0.9049759977653751,0.10460568681558159,-0.15907332289421144,0.8947008953889529,0.8965243328542821,0.9603560188290511,0.9041379769114034,0.871295190303306,0.9376580609289528,0.8973665751195754,0.904660333494173,0.9360751378675067,0.9687547472141119,0.9132659671735291],[0.9891201255456037,0.9813512630416332,0.9610766788014452,0.980821292213515,0.9357190864403273,0.98260434853951,0.954832264149098,1.0,0.9837888131361736,0.9808029316172745,0.9761151786221515,0.9796394510637794,0.970698811295532,0.9696969283386885,0.9762077040545756,0.9844038550718266,0.9869266248334577,0.9998827456575959,0.9277768121333185,0.9291847323414829,0.6310586065987811,0.9682112013704428,0.899569294306607,0.22338842121962676,-0.3106596064983904,0.9063904521162642,0.8824865199153756,0.9445464764035314,0.9792712416044868,0.9569987065742556,0.9693487768169375,0.9660327295440584,0.9375543345291051,0.9636267574226784,0.9616031004978551,0.9677224763420266],[0.9746420446695613,0.9687608404362865,0.9791367160004011,0.9712217464873697,0.9589227853565018,0.9825538182775568,0.9849046274199158,0.9837888131361736,1.0,0.9704762918890092,0.9668526441414631,0.9693012094593152,0.972368230705156,0.9691627402978542,0.9666941125322349,0.9816075565979225,0.9744747524981671,0.9831538090906099,0.9028860177706544,0.8619590065424032,0.5501975019019401,0.9689263552759759,0.9167810606764932,0.08252313400469047,-0.23308942775714037,0.8847060358744311,0.8860410502953405,0.9646411147288623,0.9378711201900876,0.905543909037005,0.9622992054475665,0.9233056808418542,0.9042940906966997,0.953215922861421,0.9737105609967457,0.9281630195539076],[0.9972497138554276,0.9930081702193101,0.9841373211494884,0.9999696635916063,0.9726064359615597,0.9747649986629403,0.9482045725480227,0.9808029316172745,0.9704762918890092,1.0,0.9999901547808178,0.9999826701626172,0.9931734911239135,0.991719329365309,0.9999552261314743,0.973619769684537,0.9956199001001348,0.9804306172126459,0.8842404250510247,0.9028464755976676,0.6539737445585386,0.9940787589756312,0.9370567452373646,0.34216937188245217,-0.28783798214932005,0.8910186029837928,0.9381992705247861,0.96181803508746,0.9649227655909253,0.9578134776346809,0.9797680997068067,0.9576867346731675,0.9241660375994634,0.9786033384026012,0.9714579106212481,0.9431665063147034],[0.9966870085899687,0.9949028057040759,0.9907942272095969,0.9999916425449409,0.9819123164672837,0.9695448798367371,0.9585564347909972,0.9761151786221515,0.9668526441414631,0.9999901547808178,1.0,0.9999735330759001,0.9933107473965824,0.9918529671961002,0.9999580034442473,0.9692937312000987,0.9954020592418967,0.9767743168711933,0.9064621299960923,0.9303278458635112,0.5354952532399009,0.9972545647970941,0.9219928906159478,-0.1379276284435974,0.38727601868322525,0.8905420524948219,0.9083231881896658,0.9645338722564216,0.9558248312651252,0.9408020654168249,0.9714534103672487,0.937653872954312,0.9029254270997739,0.9694106178288524,0.9807923886692987,0.938848443163351],[0.9971474182325437,0.9943820005329971,0.9875217090008738,0.9999623782300339,0.9780780747408383,0.9728866718937071,0.9549789444338405,0.9796394510637794,0.9693012094593152,0.9999826701626172,0.9999735330759001,1.0,0.9931641262051973,0.9916621232116705,0.9999660178397166,0.9727152956755913,0.9955086477573148,0.9799270000857662,0.8919403549166497,0.9195911358865181,0.600489764221066,0.9962641475595567,0.9334360327635055,0.07752347505423343,-0.1941167115510935,0.9048928644564049,0.9240142132581682,0.9574963589288024,0.9591879859276085,0.9489083511277437,0.9762723336881235,0.9486513952365135,0.9203403655522577,0.97498060839917,0.9710929386746612,0.9472662424246381],[0.9932349562148316,0.9923345852404073,0.997019542872751,0.993285490582748,0.9835311137867568,0.9738028993162944,0.977219866636724,0.970698811295532,0.972368230705156,0.9931734911239135,0.9933107473965824,0.9931641262051973,1.0,0.9997604023942065,0.9932902303582339,0.9736692326790188,0.9933133707508921,0.9716715609504638,0.898631805181683,0.9180271977917884,0.46336381063795967,0.9891221652776284,0.9179795447787493,-0.40409102275776865,0.40274419844217896,0.8737974627004051,0.9063610413187257,0.9686271601655698,0.9392661030454872,0.9090220579924866,0.9557101200234875,0.9149563619242955,0.8720517092723667,0.9669472603474786,0.9778760729997716,0.9312371292836706],[0.9941996107121699,0.9921836303787736,0.9968033733796743,0.9918546040213535,0.9805713923090945,0.971345684863947,0.9779288546539029,0.9696969283386885,0.9691627402978542,0.991719329365309,0.9918529671961002,0.9916621232116705,0.9997604023942065,1.0,0.9919373830193499,0.9711172901468652,0.9940911134762668,0.9708639054009371,0.8835073899071078,0.9276188382148103,0.324040142815357,0.9852456766387715,0.9115297411103039,-0.7500443528862146,0.37319890692258595,0.8414246147414846,0.9031068616336264,0.9650737997804727,0.9328813436884624,0.8968924186648114,0.949085960545271,0.9153642821984171,0.850220589948219,0.9678007739583111,0.9759714701777474,0.9251893631402431],[0.996729758183142,0.9949127885131139,0.9905717443971073,0.999950233699701,0.9815429996208533,0.9694567265937403,0.9582880369710761,0.9762077040545756,0.9666941125322349,0.9999552261314743,0.9999580034442473,0.9999660178397166,0.9932902303582339,0.9919373830193499,1.0,0.9692447820386814,0.9954373954208837,0.976919352962046,0.9068586651133298,0.9309313961831566,0.5366337325144912,0.997090864968342,0.9218878113900474,-0.13479258083217996,0.3876095379977178,0.8907203482672237,0.9074162660892696,0.963968744371712,0.9561576284275842,0.9412308553347983,0.9713498360114979,0.9382473637170735,0.9036181290058426,0.9693022338989773,0.9807142246377019,0.9393590605710864],[0.9853376589756707,0.980314650618118,0.9708678810273002,0.9741723012236057,0.9421235820547027,0.9999014254495691,0.9842798580534818,0.9844038550718266,0.9816075565979225,0.973619769684537,0.9692937312000987,0.9727152956755913,0.9736692326790188,0.9711172901468652,0.9692447820386814,1.0,0.9870353519441091,0.9837185888630373,0.9046672114403767,0.8948776110147784,0.6536885133067929,0.9646866379411403,0.8978678813767905,0.10177213964731241,-0.19924760914768067,0.9395176110213423,0.8915840251891408,0.9610336747885186,0.9632762555665979,0.9316683667288591,0.9543815564209708,0.9561195899499688,0.9519950344695032,0.9647562624988931,0.9788108641029187,0.9620618655066033],[0.9997133266051391,0.9972353469936857,0.9856610900485101,0.9957404013837575,0.9672453840003749,0.9869909022451754,0.9709520637125773,0.9869266248334577,0.9744747524981671,0.9956199001001348,0.9954020592418967,0.9955086477573148,0.9933133707508921,0.9940911134762668,0.9954373954208837,0.9870353519441091,1.0,0.9875731369833302,0.9247445469073015,0.9397530827914001,0.5934884448730456,0.9882792424015739,0.9133696073718841,-0.07660066358431214,0.4149271174135811,0.9191413859623133,0.8992853566452487,0.966479141224341,0.9723942077916777,0.949303265978737,0.9696879272904478,0.9562730869925703,0.9333641744264518,0.9756595976552114,0.9865440225853419,0.9626863856146771],[0.9889633701370535,0.9836269560378524,0.9606635066592856,0.9803534704343463,0.9349914763114772,0.98352808972978,0.9573306079835585,0.9998827456575959,0.9831538090906099,0.9804306172126459,0.9767743168711933,0.9799270000857662,0.9716715609504638,0.9708639054009371,0.976919352962046,0.9837185888630373,0.9875731369833302,1.0,0.9306626607822331,0.9353192319201472,0.6288917840628093,0.966912309722012,0.9033437677005857,0.18803220510404983,-0.2924321170007693,0.9112239976969527,0.8783654060061263,0.9444224287338464,0.979743775334679,0.9563831978852203,0.9678000515371962,0.9646839812388345,0.937276211666703,0.9628320245245376,0.9596482381917388,0.9688149288365759],[0.8989421402064579,0.920131670631396,0.8614509961148417,0.8824146339536392,0.8283520123806759,0.9017218315538952,0.8669396378676181,0.9277768121333185,0.9028860177706544,0.8842404250510247,0.9064621299960923,0.8919403549166497,0.898631805181683,0.8835073899071078,0.9068586651133298,0.9046672114403767,0.9247445469073015,0.9306626607822331,1.0,0.8273648724024502,0.6979312914026087,0.8546825078082517,0.8062113906456263,0.2660335026865284,-0.16459200668825516,0.8567276025019213,0.7556033847540236,0.8554616665511108,0.8917507128459817,0.8581546726042396,0.8558836362960285,0.8707872415348132,0.8569810777303538,0.8548499481690417,0.8760143935058806,0.895358125553028],[0.9193475867886225,0.9094965877886586,0.82370656318092,0.9016439752391623,0.7928716544337785,0.8711306153782923,0.7901715716471895,0.9291847323414829,0.8619590065424032,0.9028464755976676,0.9303278458635112,0.9195911358865181,0.9180271977917884,0.9276188382148103,0.9309313961831566,0.8948776110147784,0.9397530827914001,0.9353192319201472,0.8273648724024502,1.0,0.8257646289688053,0.8522831434696966,0.8674739102562085,0.6383742744106725,-0.5255390494844804,0.7151496330165041,0.835688311193343,0.8130845074095437,0.9594455998242261,0.9380390213148604,0.8998644945589036,0.9469551806534692,0.9002826445412767,0.9006261677345088,0.8517200300237936,0.8863113373960702],[0.6942933733404512,0.7144649612351903,0.5659680025191404,0.6565094140446986,0.5162698634647795,0.6632083739437971,0.5545698794052516,0.6310586065987811,0.5501975019019401,0.6539737445585386,0.5354952532399009,0.600489764221066,0.46336381063795967,0.324040142815357,0.5366337325144912,0.6536885133067929,0.5934884448730456,0.6288917840628093,0.6979312914026087,0.8257646289688053,1.0,0.5860497026661313,0.6927627021358603,0.7248500433998317,-0.11618629560615548,0.5348215288125081,0.6070333971139589,0.6094926410362711,0.7717488544060698,0.7024962851359785,0.6246907244532172,0.7379876675665791,0.7526063202451693,0.6638166451485149,0.6314711833828154,0.6813138632135537],[0.984722122485155,0.9689272867117134,0.9920478309993945,0.9938870839410541,0.9871993608594432,0.9671107715036368,0.9534954109998531,0.9682112013704428,0.9689263552759759,0.9940787589756312,0.9972545647970941,0.9962641475595567,0.9891221652776284,0.9852456766387715,0.997090864968342,0.9646866379411403,0.9882792424015739,0.966912309722012,0.8546825078082517,0.8522831434696966,0.5860497026661313,1.0,0.9149449827996659,0.2646266367880701,-0.28016101695330503,0.87276662212279,0.9426813469370939,0.9675350758006206,0.9321747432020531,0.9391510102413717,0.972266902058789,0.934324308917517,0.8976988791018802,0.9684498394549864,0.9578179636856392,0.9240740372920271],[0.9325080244788584,0.915466259601594,0.9317357496213077,0.937197068650404,0.9265427244434309,0.903736282661435,0.9049759977653751,0.899569294306607,0.9167810606764932,0.9370567452373646,0.9219928906159478,0.9334360327635055,0.9179795447787493,0.9115297411103039,0.9218878113900474,0.8978678813767905,0.9133696073718841,0.9033437677005857,0.8062113906456263,0.8674739102562085,0.6927627021358603,0.9149449827996659,1.0,0.30338381496235606,-0.19000097280008707,0.7137804308759014,0.9130242769327906,0.8974467456560453,0.8978407199781514,0.8566630568858903,0.9339196668339196,0.8712912144728638,0.8396572090561422,0.9290159504032238,0.8830591482631017,0.8559144940427764],[0.36927916679230816,0.3699184557394392,0.19802218642197206,0.33707706091004136,0.1633051022490714,0.24515856880768025,0.10460568681558159,0.22338842121962676,0.08252313400469047,0.34216937188245217,-0.1379276284435974,0.07752347505423343,-0.40409102275776865,-0.7500443528862146,-0.13479258083217996,0.10177213964731241,-0.07660066358431214,0.18803220510404983,0.2660335026865284,0.6383742744106725,0.7248500433998317,0.2646266367880701,0.30338381496235606,1.0,-0.38181632922056663,0.264832735983692,0.2569641484546967,0.17472752774271205,0.46436251991365135,0.45778681806246085,0.30644725935446904,0.47990114517549837,0.4055413453367337,0.33295333438157243,0.2558624921733912,0.3732544993422918],[-0.299262547635622,-0.23042367033754496,-0.22350663694614228,-0.288393786528964,-0.21269805782895082,-0.2203478618436921,-0.15907332289421144,-0.3106596064983904,-0.23308942775714037,-0.28783798214932005,0.38727601868322525,-0.1941167115510935,0.40274419844217896,0.37319890692258595,0.3876095379977178,-0.19924760914768067,0.4149271174135811,-0.2924321170007693,-0.16459200668825516,-0.5255390494844804,-0.11618629560615548,-0.28016101695330503,-0.19000097280008707,-0.38181632922056663,1.0,-0.15632639832259332,-0.2761763142534812,-0.183252674129486,-0.3871065743372239,-0.3763850969297157,-0.3191134589109927,-0.3451912431371664,-0.20972563398836339,-0.34457153206620866,-0.18498812568303724,-0.31742030857452],[0.8983714019829974,0.8763609017672257,0.8837351534102406,0.8902718486680493,0.8501409586377181,0.9321498023231768,0.8947008953889529,0.9063904521162642,0.8847060358744311,0.8910186029837928,0.8905420524948219,0.9048928644564049,0.8737974627004051,0.8414246147414846,0.8907203482672237,0.9395176110213423,0.9191413859623133,0.9112239976969527,0.8567276025019213,0.7151496330165041,0.5348215288125081,0.87276662212279,0.7137804308759014,0.264832735983692,-0.15632639832259332,1.0,0.7717726385591488,0.8860842842730227,0.8213265699881008,0.8650595347637043,0.8298148484792645,0.8728417581422249,0.8683218601405167,0.8603109407458336,0.8688505606528454,0.8993334093998985],[0.9296047122075457,0.9236019803975877,0.9405447908753163,0.9399507730284717,0.9461994496055658,0.9026417924295187,0.8965243328542821,0.8824865199153756,0.8860410502953405,0.9381992705247861,0.9083231881896658,0.9240142132581682,0.9063610413187257,0.9031068616336264,0.9074162660892696,0.8915840251891408,0.8992853566452487,0.8783654060061263,0.7556033847540236,0.835688311193343,0.6070333971139589,0.9426813469370939,0.9130242769327906,0.2569641484546967,-0.2761763142534812,0.7717726385591488,1.0,0.8924015906474687,0.8885082531616217,0.8748192069836968,0.9153363637010342,0.8743690948295876,0.8384870110968529,0.9179960616379673,0.8967990803190916,0.86221294383845],[0.9596160775620659,0.9589312942501033,0.971496588817111,0.9632565611705546,0.9574654558353657,0.9640377765581092,0.9603560188290511,0.9445464764035314,0.9646411147288623,0.96181803508746,0.9645338722564216,0.9574963589288024,0.9686271601655698,0.9650737997804727,0.963968744371712,0.9610336747885186,0.966479141224341,0.9444224287338464,0.8554616665511108,0.8130845074095437,0.6094926410362711,0.9675350758006206,0.8974467456560453,0.17472752774271205,-0.183252674129486,0.8860842842730227,0.8924015906474687,1.0,0.9111763758891119,0.8941755595283423,0.9450547788639468,0.8946830968163474,0.8881837693502065,0.9505256113053744,0.9736305089704673,0.8931864166651866],[0.9776107612196409,0.9583363404703531,0.9198751081232746,0.965175205031329,0.8890779831414432,0.9598468425675193,0.9041379769114034,0.9792712416044868,0.9378711201900876,0.9649227655909253,0.9558248312651252,0.9591879859276085,0.9392661030454872,0.9328813436884624,0.9561576284275842,0.9632762555665979,0.9723942077916777,0.979743775334679,0.8917507128459817,0.9594455998242261,0.7717488544060698,0.9321747432020531,0.8978407199781514,0.46436251991365135,-0.3871065743372239,0.8213265699881008,0.8885082531616217,0.9111763758891119,1.0,0.986535007937401,0.962886422506849,0.9906011714159076,0.9532998937787218,0.9599576242315379,0.9165984195502705,0.9686567902142955],[0.9647519093452699,0.952560728529654,0.908064906275848,0.9586153980520831,0.884105737878817,0.9343903211884871,0.871295190303306,0.9569987065742556,0.905543909037005,0.9578134776346809,0.9408020654168249,0.9489083511277437,0.9090220579924866,0.8968924186648114,0.9412308553347983,0.9316683667288591,0.949303265978737,0.9563831978852203,0.8581546726042396,0.9380390213148604,0.7024962851359785,0.9391510102413717,0.8566630568858903,0.45778681806246085,-0.3763850969297157,0.8650595347637043,0.8748192069836968,0.8941755595283423,0.986535007937401,1.0,0.9515818871605535,0.984308815089335,0.956059013428221,0.9401690986089186,0.9245506185897524,0.9638181633595727],[0.9787828472394277,0.9697437644464086,0.9662376953653132,0.9807046485751791,0.9536047396849243,0.9578615977520624,0.9376580609289528,0.9693487768169375,0.9622992054475665,0.9797680997068067,0.9714534103672487,0.9762723336881235,0.9557101200234875,0.949085960545271,0.9713498360114979,0.9543815564209708,0.9696879272904478,0.9678000515371962,0.8558836362960285,0.8998644945589036,0.6246907244532172,0.972266902058789,0.9339196668339196,0.30644725935446904,-0.3191134589109927,0.8298148484792645,0.9153363637010342,0.9450547788639468,0.962886422506849,0.9515818871605535,1.0,0.9527743309644323,0.9134031299240307,0.9782925152630323,0.9624499725870104,0.9433926873851262],[0.9709708077442156,0.9572733583189774,0.9125885508127451,0.958277159264351,0.8815373664256989,0.9549375253740053,0.8973665751195754,0.9660327295440584,0.9233056808418542,0.9576867346731675,0.937653872954312,0.9486513952365135,0.9149563619242955,0.9153642821984171,0.9382473637170735,0.9561195899499688,0.9562730869925703,0.9646839812388345,0.8707872415348132,0.9469551806534692,0.7379876675665791,0.934324308917517,0.8712912144728638,0.47990114517549837,-0.3451912431371664,0.8728417581422249,0.8743690948295876,0.8946830968163474,0.9906011714159076,0.984308815089335,0.9527743309644323,1.0,0.9740211014653353,0.9465232867504975,0.9395286651229029,0.964634291949715],[0.9411358994597255,0.9402785098223106,0.8890552415882957,0.9255436657770403,0.8512186719360587,0.9527812090265411,0.904660333494173,0.9375543345291051,0.9042940906966997,0.9241660375994634,0.9029254270997739,0.9203403655522577,0.8720517092723667,0.850220589948219,0.9036181290058426,0.9519950344695032,0.9333641744264518,0.937276211666703,0.8569810777303538,0.9002826445412767,0.7526063202451693,0.8976988791018802,0.8396572090561422,0.4055413453367337,-0.20972563398836339,0.8683218601405167,0.8384870110968529,0.8881837693502065,0.9532998937787218,0.956059013428221,0.9134031299240307,0.9740211014653353,1.0,0.907307092021921,0.9302557279486658,0.9544872120009994],[0.98249286793746,0.9728825176008198,0.9640745099175211,0.9793686472910728,0.9455532618986103,0.9627464245910218,0.9360751378675067,0.9636267574226784,0.953215922861421,0.9786033384026012,0.9694106178288524,0.97498060839917,0.9669472603474786,0.9678007739583111,0.9693022338989773,0.9647562624988931,0.9756595976552114,0.9628320245245376,0.8548499481690417,0.9006261677345088,0.6638166451485149,0.9684498394549864,0.9290159504032238,0.33295333438157243,-0.34457153206620866,0.8603109407458336,0.9179960616379673,0.9505256113053744,0.9599576242315379,0.9401690986089186,0.9782925152630323,0.9465232867504975,0.907307092021921,1.0,0.9594195335191792,0.9441202868521352],[0.974652674473816,0.9658631691979511,0.9713966456442347,0.9725603301728849,0.9520788494677499,0.9795319886784097,0.9687547472141119,0.9616031004978551,0.9737105609967457,0.9714579106212481,0.9807923886692987,0.9710929386746612,0.9778760729997716,0.9759714701777474,0.9807142246377019,0.9788108641029187,0.9865440225853419,0.9596482381917388,0.8760143935058806,0.8517200300237936,0.6314711833828154,0.9578179636856392,0.8830591482631017,0.2558624921733912,-0.18498812568303724,0.8688505606528454,0.8967990803190916,0.9736305089704673,0.9165984195502705,0.9245506185897524,0.9624499725870104,0.9395286651229029,0.9302557279486658,0.9594195335191792,1.0,0.9228133149647119],[0.955742050692566,0.9506278924932553,0.9163647623281989,0.9446779367853095,0.8840502227881404,0.9578584613394867,0.9132659671735291,0.9677224763420266,0.9281630195539076,0.9431665063147034,0.938848443163351,0.9472662424246381,0.9312371292836706,0.9251893631402431,0.9393590605710864,0.9620618655066033,0.9626863856146771,0.9688149288365759,0.895358125553028,0.8863113373960702,0.6813138632135537,0.9240740372920271,0.8559144940427764,0.3732544993422918,-0.31742030857452,0.8993334093998985,0.86221294383845,0.8931864166651866,0.9686567902142955,0.9638181633595727,0.9433926873851262,0.964634291949715,0.9544872120009994,0.9441202868521352,0.9228133149647119,1.0]],"x":["^TAIEX       \u81fa\u7063\u52a0\u6b0a\u5831\u916c\u6307\u6578","^TWII        \u81fa\u7063\u52a0\u6b0a\u6307\u6578","^TAIEXx2     \u81fa\u7063\u52a0\u6b0a\u5831\u916c\u6307\u6578_\u65e5\u6b632","^TAI50I      \u81fa\u706350\u5831\u916c\u6307\u6578","^TAI50Ix2    \u81fa\u706350\u5831\u916c\u6307\u6578_\u65e5\u6b632","^TAI100I     \u81fa\u7063\u4e2d\u578b100\u5831\u916c\u6307\u6578","^TAI100Ix2   \u81fa\u7063\u4e2d\u578b100\u5831\u916c\u6307\u6578_\u65e5\u6b632","^TAIDIVIDI   \u81fa\u7063\u9ad8\u80a1\u606f\u5831\u916c\u6307\u6578","^TAIDIVIDIx2 \u81fa\u7063\u9ad8\u80a1\u606f\u5831\u916c\u6307\u6578_\u65e5\u6b632","0050Fund     \u5143\u5927\u53f0\u7063\u5353\u8d8a50\u57fa\u91d1","006208Fund   \u5bcc\u90a6\u53f0\u7063\u91c6\u540950\u57fa\u91d1","0050         \u5143\u5927\u81fa\u706350","00631L       \u5143\u5927\u53f0\u706350\u6b632","00675L       \u5bcc\u90a6\u81fa\u7063\u52a0\u6b0a\u6b632","006208       \u5bcc\u90a6\u53f050","0051         \u5143\u5927\u4e2d\u578b100","006204       \u6c38\u8c50\u81fa\u7063\u52a0\u6b0a","0056         \u5143\u5927\u9ad8\u80a1\u606f","0056         \u5143\u5927\u9ad8\u80a1\u606f_\u80a1\u606f\u4e0d\u6295\u5165","2412         \u4e2d\u83ef\u96fb\u4fe1","2002         \u4e2d\u92fc","2330         \u53f0\u7a4d\u96fb","2317         \u9d3b\u6d77","6505         \u53f0\u5851\u77f3\u5316","3481         \u7fa4\u5275","2303         \u806f\u96fb","2308         \u53f0\u9054\u96fb","2454         \u806f\u767c\u79d1","2886         \u5146\u8c50\u91d1","2884         \u7389\u5c71\u91d1","2891         \u4e2d\u4fe1\u91d1","2892         \u7b2c\u4e00\u91d1","5880         \u5408\u5eab\u91d1","2881         \u5bcc\u90a6\u91d1","2885         \u5143\u5927\u91d1","2887         \u53f0\u65b0\u91d1"],"y":["^TAIEX       \u81fa\u7063\u52a0\u6b0a\u5831\u916c\u6307\u6578","^TWII        \u81fa\u7063\u52a0\u6b0a\u6307\u6578","^TAIEXx2     \u81fa\u7063\u52a0\u6b0a\u5831\u916c\u6307\u6578_\u65e5\u6b632","^TAI50I      \u81fa\u706350\u5831\u916c\u6307\u6578","^TAI50Ix2    \u81fa\u706350\u5831\u916c\u6307\u6578_\u65e5\u6b632","^TAI100I     \u81fa\u7063\u4e2d\u578b100\u5831\u916c\u6307\u6578","^TAI100Ix2   \u81fa\u7063\u4e2d\u578b100\u5831\u916c\u6307\u6578_\u65e5\u6b632","^TAIDIVIDI   \u81fa\u7063\u9ad8\u80a1\u606f\u5831\u916c\u6307\u6578","^TAIDIVIDIx2 \u81fa\u7063\u9ad8\u80a1\u606f\u5831\u916c\u6307\u6578_\u65e5\u6b632","0050Fund     \u5143\u5927\u53f0\u7063\u5353\u8d8a50\u57fa\u91d1","006208Fund   \u5bcc\u90a6\u53f0\u7063\u91c6\u540950\u57fa\u91d1","0050         \u5143\u5927\u81fa\u706350","00631L       \u5143\u5927\u53f0\u706350\u6b632","00675L       \u5bcc\u90a6\u81fa\u7063\u52a0\u6b0a\u6b632","006208       \u5bcc\u90a6\u53f050","0051         \u5143\u5927\u4e2d\u578b100","006204       \u6c38\u8c50\u81fa\u7063\u52a0\u6b0a","0056         \u5143\u5927\u9ad8\u80a1\u606f","0056         \u5143\u5927\u9ad8\u80a1\u606f_\u80a1\u606f\u4e0d\u6295\u5165","2412         \u4e2d\u83ef\u96fb\u4fe1","2002         \u4e2d\u92fc","2330         \u53f0\u7a4d\u96fb","2317         \u9d3b\u6d77","6505         \u53f0\u5851\u77f3\u5316","3481         \u7fa4\u5275","2303         \u806f\u96fb","2308         \u53f0\u9054\u96fb","2454         \u806f\u767c\u79d1","2886         \u5146\u8c50\u91d1","2884         \u7389\u5c71\u91d1","2891         \u4e2d\u4fe1\u91d1","2892         \u7b2c\u4e00\u91d1","5880         \u5408\u5eab\u91d1","2881         \u5bcc\u90a6\u91d1","2885         \u5143\u5927\u91d1","2887         \u53f0\u65b0\u91d1"],"zmin":-1,"zmax":1,"colorbar":{"x":-0.2}}],"layout":{"autotypenumbers":"strict","colorway":["#636efa","#EF553B","#00cc96","#ab63fa","#FFA15A","#19d3f3","#FF6692","#B6E880","#FF97FF","#FECB52"],"font":{"color":"#f2f5fa","family":"Courier New"},"hovermode":"closest","hoverlabel":{"align":"left"},"paper_bgcolor":"rgb(17,17,17)","plot_bgcolor":"rgb(17,17,17)","polar":{"bgcolor":"rgb(17,17,17)","angularaxis":{"gridcolor":"#506784","linecolor":"#506784","ticks":""},"radialaxis":{"gridcolor":"#506784","linecolor":"#506784","ticks":""}},"ternary":{"bgcolor":"rgb(17,17,17)","aaxis":{"gridcolor":"#506784","linecolor":"#506784","ticks":""},"baxis":{"gridcolor":"#506784","linecolor":"#506784","ticks":""},"caxis":{"gridcolor":"#506784","linecolor":"#506784","ticks":""}},"coloraxis":{"colorbar":{"outlinewidth":0,"ticks":""}},"colorscale":{"sequential":[[0.0,"#0d0887"],[0.1111111111111111,"#46039f"],[0.2222222222222222,"#7201a8"],[0.3333333333333333,"#9c179e"],[0.4444444444444444,"#bd3786"],[0.5555555555555556,"#d8576b"],[0.6666666666666666,"#ed7953"],[0.7777777777777778,"#fb9f3a"],[0.8888888888888888,"#fdca26"],[1.0,"#f0f921"]],"sequentialminus":[[0.0,"#0d0887"],[0.1111111111111111,"#46039f"],[0.2222222222222222,"#7201a8"],[0.3333333333333333,"#9c179e"],[0.4444444444444444,"#bd3786"],[0.5555555555555556,"#d8576b"],[0.6666666666666666,"#ed7953"],[0.7777777777777778,"#fb9f3a"],[0.8888888888888888,"#fdca26"],[1.0,"#f0f921"]],"diverging":[[0,"#8e0152"],[0.1,"#c51b7d"],[0.2,"#de77ae"],[0.3,"#f1b6da"],[0.4,"#fde0ef"],[0.5,"#f7f7f7"],[0.6,"#e6f5d0"],[0.7,"#b8e186"],[0.8,"#7fbc41"],[0.9,"#4d9221"],[1,"#276419"]]},"xaxis":{"gridcolor":"rgba(0, 0, 0, 0)","linecolor":"#506784","ticks":"","title":{"standoff":15},"zerolinecolor":"#283442","automargin":true,"zerolinewidth":2,"tickfont":{"family":"Courier New","size":14},"side":"top","tickangle":-90},"yaxis":{"gridcolor":"rgba(0, 0, 0, 0)","linecolor":"#506784","ticks":"","title":{"standoff":15},"zerolinecolor":"#283442","automargin":true,"zerolinewidth":2,"tickfont":{"family":"Courier New"},"side":"right"},"scene":{"xaxis":{"backgroundcolor":"rgb(17,17,17)","gridcolor":"#506784","linecolor":"#506784","showbackground":true,"ticks":"","zerolinecolor":"#C8D4E3","gridwidth":2},"yaxis":{"backgroundcolor":"rgb(17,17,17)","gridcolor":"#506784","linecolor":"#506784","showbackground":true,"ticks":"","zerolinecolor":"#C8D4E3","gridwidth":2},"zaxis":{"backgroundcolor":"rgb(17,17,17)","gridcolor":"#506784","linecolor":"#506784","showbackground":true,"ticks":"","zerolinecolor":"#C8D4E3","gridwidth":2}},"shapedefaults":{"line":{"color":"#f2f5fa"}},"annotationdefaults":{"arrowcolor":"#f2f5fa","arrowhead":0,"arrowwidth":1},"geo":{"bgcolor":"rgb(17,17,17)","landcolor":"rgb(17,17,17)","subunitcolor":"#506784","showland":true,"showlakes":true,"lakecolor":"rgb(17,17,17)"},"title":{"x":0.05,"font":{"family":"Times New Roman"},"y":0.05,"text":"<b>Correlation of Adj Close<b><br><i>2016-09-23 ~ 2025-12-01<i>"},"updatemenudefaults":{"bgcolor":"#506784","borderwidth":0},"sliderdefaults":{"bgcolor":"#C8D4E3","borderwidth":1,"bordercolor":"rgb(17,17,17)","tickwidth":0},"mapbox":{"style":"dark"},"annotations":[{"text":"<b>@zwindr<b>","textangle":0,"opacity":0.5,"font":{"color":"white","size":12},"xref":"paper","yref":"paper","xanchor":"left","yanchor":"bottom","x":1.0,"y":1.0,"showarrow":false}]},"config":{"responsive":true,"toImageButtonOptions":{"filename":"Correlation of Adj Close_2016-09-23~2025-12-01","scale":5}}};Plotly.newPlot("correlationAdjClose",correlationAdjClose.data,correlationAdjClose.layout||{},correlationAdjClose.config);}else{console.log("style display is none => correlationAdjClose");}