var config = { responsive: true }

var correlationAdjClose = {"data": [{"type": "heatmap", "z": [[1.0, 0.9938412786699805, 0.9764914354218973, 0.9977326858014841, 0.9648693967050294, 0.981026549187247, -0.9413468244157642, 0.9897848933533835, 0.9691632920023846, 0.9978081759980594, 0.9930094939959778, 0.9937707150114082, 0.9972657652566123, 0.9837120376872476, 0.9996568977679293, 0.9898430959712787, 0.9193217784046919, 0.7481326103536355, 0.9854893776487869, 0.9188571147447703, 0.45943582105461617, -0.30267291411943803, 0.9006567858556036, 0.9742663660777343, 0.9534660525205783], [0.9938412786699805, 1.0, 0.9718902241294141, 0.9913152308117349, 0.960530599245924, 0.9762911052380496, -0.9365817444210147, 0.9803750732205294, 0.9620924529630955, 0.9933494319646228, 0.992084021876643, 0.9912911642018893, 0.9952432579949699, 0.9774235759419229, 0.9965733541695643, 0.9832260635096828, 0.9081285898136355, 0.7574586811816097, 0.9667919478978109, 0.898021646484606, 0.45738659940261917, -0.22574197520165074, 0.8739003151634972, 0.9617721707793757, 0.9533334361236726], [0.9764914354218973, 0.9718902241294141, 1.0, 0.98241864461574, 0.9962117024076994, 0.979078781085326, -0.9754364280528363, 0.9698500311893192, 0.9836274830200724, 0.9845050504376522, 0.9971725583946461, 0.9970241960901917, 0.9887104632382054, 0.9778873497114637, 0.9875324464031467, 0.9697952236355063, 0.8252289628144851, 0.6387898380628588, 0.9898343999960679, 0.9092498024268654, 0.29436528061446315, -0.22464645423675328, 0.9078284397773475, 0.941749458171199, 0.9786724618329065], [0.9977326858014841, 0.9913152308117349, 0.98241864461574, 1.0, 0.9761003934180285, 0.9733462723777947, -0.936078274051072, 0.984295886578084, 0.9665723093319382, 0.9999549727454817, 0.9914917071883769, 0.989681130483742, 0.9999443623441348, 0.9734593343811191, 0.996107110143548, 0.9842146242538947, 0.9058236924047414, 0.7193134778228439, 0.9932076525852548, 0.9202761003498696, 0.43702988209872473, -0.29430788529308527, 0.8995547333498215, 0.9684397551840339, 0.959525365006437], [0.9648693967050294, 0.960530599245924, 0.9962117024076994, 0.9761003934180285, 1.0, 0.9592714349601326, -0.957284452894803, 0.955434632770691, 0.9717329416290158, 0.980273397623936, 0.9872915069438722, 0.9836755284227328, 0.9851365509502898, 0.9571435594753034, 0.9761495472838088, 0.9553386913633509, 0.805523543602803, 0.6051202577058099, 0.9892036414030275, 0.9057713295326077, 0.27225214387533764, -0.2180286961892406, 0.8907335189888774, 0.9270945897244189, 0.9765180826668949], [0.981026549187247, 0.9762911052380496, 0.979078781085326, 0.9733462723777947, 0.9592714349601326, 1.0, -0.9803071919470955, 0.9800333366982592, 0.9793935682681011, 0.9720703219429143, 0.9767578961869516, 0.9747283795543378, 0.9687748108025411, 0.9999098666386298, 0.9858914624278712, 0.981157050006981, 0.8589226069955854, 0.7144608508895277, 0.9672512392559994, 0.8887938674335777, 0.3236927079505229, -0.21296816807927235, 0.9364473146513613, 0.9567749537030231, 0.9590689287574097], [-0.9413468244157642, -0.9365817444210147, -0.9754364280528363, -0.936078274051072, -0.957284452894803, -0.9803071919470955, 1.0, -0.9504159948748886, -0.9829757388289866, -0.9411942598899987, -0.9735928465238054, -0.9754634600357336, -0.9479217563384699, -0.9835713296260341, -0.9636102086581025, -0.9535247945116407, -0.7698604854231541, -0.6120721322996056, -0.941801132232303, -0.8787092176764826, -0.18007359512875434, 0.1464726004399178, -0.9043769925787364, -0.9122389175473419, -0.9564191302888602], [0.9897848933533835, 0.9803750732205294, 0.9698500311893192, 0.984295886578084, 0.955434632770691, 0.9800333366982592, -0.9504159948748886, 1.0, 0.9820182773637872, 0.9836164281149117, 0.9753069492473053, 0.9742108597913617, 0.9798178795489496, 0.9820496162744595, 0.9873217983638509, 0.999869066512828, 0.9217308491576091, 0.6839336725623886, 0.9740010501433254, 0.8923505201186261, 0.3206008553524648, -0.31062294501013765, 0.9050054408429816, 0.9557072184684641, 0.9363058191504853], [0.9691632920023846, 0.9620924529630955, 0.9836274830200724, 0.9665723093319382, 0.9717329416290158, 0.9793935682681011, -0.9829757388289866, 0.9820182773637872, 1.0, 0.9652721438416653, 0.9721667258520085, 0.9691614672007158, 0.9625159922488998, 0.97856494657362, 0.9692349950286593, 0.9813442187065641, 0.8468406034186097, 0.6090525640520558, 0.9668444811520049, 0.9033277931815482, 0.1770998318518124, -0.2284191675796101, 0.8865465656089999, 0.9314897840004472, 0.9589338998463538], [0.9978081759980594, 0.9933494319646228, 0.9845050504376522, 0.9999549727454817, 0.980273397623936, 0.9720703219429143, -0.9411942598899987, 0.9836164281149117, 0.9652721438416653, 1.0, 0.9912318126729421, 0.9893202761329859, 0.9999608639839274, 0.9725976640984099, 0.9958514819195523, 0.9840435599521644, 0.92143177491812, 0.6869042391414195, 0.9953164351592367, 0.9174231326861937, 0.26186464175667507, -0.2579577492640146, 0.9267880512305343, 0.9629321107591866, 0.954422944895481], [0.9930094939959778, 0.992084021876643, 0.9971725583946461, 0.9914917071883769, 0.9872915069438722, 0.9767578961869516, -0.9735928465238054, 0.9753069492473053, 0.9721667258520085, 0.9912318126729421, 1.0, 0.9996717076821522, 0.9913574532420358, 0.9777312891047888, 0.9933561722416535, 0.9767674702112797, 0.9087876482321856, 0.5885184680638236, 0.9863676077319691, 0.8881078142416987, -0.2936378510857047, 0.473095584107734, 0.9082749930267585, 0.9535945152888885, 0.9770128873052348], [0.9937707150114082, 0.9912911642018893, 0.9970241960901917, 0.989681130483742, 0.9836755284227328, 0.9747283795543378, -0.9754634600357336, 0.9742108597913617, 0.9691614672007158, 0.9893202761329859, 0.9996717076821522, 1.0, 0.9895853753037609, 0.9757971413351003, 0.993920716106272, 0.9759329608315591, 0.9163410788772509, 0.47318015128422813, 0.9812200779439745, 0.8765279811414659, -0.6959474482328727, 0.45288675946949447, 0.881579261434894, 0.95041338090966, 0.9763354829157506], [0.9972657652566123, 0.9952432579949699, 0.9887104632382054, 0.9999443623441348, 0.9851365509502898, 0.9687748108025411, -0.9479217563384699, 0.9798178795489496, 0.9625159922488998, 0.9999608639839274, 0.9913574532420358, 0.9895853753037609, 1.0, 0.9694985592967833, 0.9956661287753794, 0.9809598120249575, 0.9289541853257164, 0.6471190038584332, 0.9968055817053789, 0.8959887514624905, -0.0010300970508053252, 0.4460952034100532, 0.9182148241496317, 0.9515243942371776, 0.965049122461593], [0.9837120376872476, 0.9774235759419229, 0.9778873497114637, 0.9734593343811191, 0.9571435594753034, 0.9999098666386298, -0.9835713296260341, 0.9820496162744595, 0.97856494657362, 0.9725976640984099, 0.9777312891047888, 0.9757971413351003, 0.9694985592967833, 1.0, 0.9864373833881859, 0.9813253380112046, 0.8827957986285129, 0.7158378709776795, 0.9660531749832869, 0.88445335964034, 0.19709396365724952, -0.19081530550728604, 0.9451543519745699, 0.9594980952748858, 0.9560118927532189], [0.9996568977679293, 0.9965733541695643, 0.9875324464031467, 0.996107110143548, 0.9761495472838088, 0.9858914624278712, -0.9636102086581025, 0.9873217983638509, 0.9692349950286593, 0.9958514819195523, 0.9933561722416535, 0.993920716106272, 0.9956661287753794, 0.9864373833881859, 1.0, 0.9882532428574052, 0.934653537042517, 0.6866241166553821, 0.989048644912595, 0.8932737624580195, 0.0477191888936278, 0.46291349475988863, 0.936463136108741, 0.9612445070956833, 0.9635094051973467], [0.9898430959712787, 0.9832260635096828, 0.9697952236355063, 0.9842146242538947, 0.9553386913633509, 0.981157050006981, -0.9535247945116407, 0.999869066512828, 0.9813442187065641, 0.9840435599521644, 0.9767674702112797, 0.9759329608315591, 0.9809598120249575, 0.9813253380112046, 0.9882532428574052, 1.0, 0.928092170035022, 0.6825395732633345, 0.9730895717513077, 0.897615789634783, 0.287517445972624, -0.29105736396121684, 0.9105961437677744, 0.9546735197780937, 0.9364657753346667], [0.9193217784046919, 0.9081285898136355, 0.8252289628144851, 0.9058236924047414, 0.805523543602803, 0.8589226069955854, -0.7698604854231541, 0.9217308491576091, 0.8468406034186097, 0.92143177491812, 0.9087876482321856, 0.9163410788772509, 0.9289541853257164, 0.8827957986285129, 0.934653537042517, 0.928092170035022, 1.0, 0.8446846739611037, 0.8571591555509764, 0.8708599014086547, 0.7035750323144381, -0.5338270463054925, 0.6927292215400036, 0.9170208768691256, 0.7973911407631072], [0.7481326103536355, 0.7574586811816097, 0.6387898380628588, 0.7193134778228439, 0.6051202577058099, 0.7144608508895277, -0.6120721322996056, 0.6839336725623886, 0.6090525640520558, 0.6869042391414195, 0.5885184680638236, 0.47318015128422813, 0.6471190038584332, 0.7158378709776795, 0.6866241166553821, 0.6825395732633345, 0.8446846739611037, 1.0, 0.6409847396613537, 0.7524382720945543, 0.7333317522031383, -0.11646178684656897, 0.538259557581003, 0.7616543559596883, 0.645351981568381], [0.9854893776487869, 0.9667919478978109, 0.9898343999960679, 0.9932076525852548, 0.9892036414030275, 0.9672512392559994, -0.941801132232303, 0.9740010501433254, 0.9668444811520049, 0.9953164351592367, 0.9863676077319691, 0.9812200779439745, 0.9968055817053789, 0.9660531749832869, 0.989048644912595, 0.9730895717513077, 0.8571591555509764, 0.6409847396613537, 1.0, 0.8909195636028929, 0.3637500337552939, -0.2884792413652303, 0.886987395319803, 0.9508254834768969, 0.9688786510718858], [0.9188571147447703, 0.898021646484606, 0.9092498024268654, 0.9202761003498696, 0.9057713295326077, 0.8887938674335777, -0.8787092176764826, 0.8923505201186261, 0.9033277931815482, 0.9174231326861937, 0.8881078142416987, 0.8765279811414659, 0.8959887514624905, 0.88445335964034, 0.8932737624580195, 0.897615789634783, 0.8708599014086547, 0.7524382720945543, 0.8909195636028929, 1.0, 0.40778840751926343, -0.185339437606175, 0.6944571919560387, 0.9159963303800701, 0.881001095982565], [0.45943582105461617, 0.45738659940261917, 0.29436528061446315, 0.43702988209872473, 0.27225214387533764, 0.3236927079505229, -0.18007359512875434, 0.3206008553524648, 0.1770998318518124, 0.26186464175667507, -0.2936378510857047, -0.6959474482328727, -0.0010300970508053252, 0.19709396365724952, 0.0477191888936278, 0.287517445972624, 0.7035750323144381, 0.7333317522031383, 0.3637500337552939, 0.40778840751926343, 1.0, -0.40017494698731854, 0.30255461542040263, 0.44388820944746055, 0.24025501240270306], [-0.30267291411943803, -0.22574197520165074, -0.22464645423675328, -0.29430788529308527, -0.2180286961892406, -0.21296816807927235, 0.1464726004399178, -0.31062294501013765, -0.2284191675796101, -0.2579577492640146, 0.473095584107734, 0.45288675946949447, 0.4460952034100532, -0.19081530550728604, 0.46291349475988863, -0.29105736396121684, -0.5338270463054925, -0.11646178684656897, -0.2884792413652303, -0.185339437606175, -0.40017494698731854, 1.0, -0.14502680403050358, -0.33334532103345227, -0.1725125054104156], [0.9006567858556036, 0.8739003151634972, 0.9078284397773475, 0.8995547333498215, 0.8907335189888774, 0.9364473146513613, -0.9043769925787364, 0.9050054408429816, 0.8865465656089999, 0.9267880512305343, 0.9082749930267585, 0.881579261434894, 0.9182148241496317, 0.9451543519745699, 0.936463136108741, 0.9105961437677744, 0.6927292215400036, 0.538259557581003, 0.886987395319803, 0.6944571919560387, 0.30255461542040263, -0.14502680403050358, 1.0, 0.8356081396109615, 0.8859974518771248], [0.9742663660777343, 0.9617721707793757, 0.941749458171199, 0.9684397551840339, 0.9270945897244189, 0.9567749537030231, -0.9122389175473419, 0.9557072184684641, 0.9314897840004472, 0.9629321107591866, 0.9535945152888885, 0.95041338090966, 0.9515243942371776, 0.9594980952748858, 0.9612445070956833, 0.9546735197780937, 0.9170208768691256, 0.7616543559596883, 0.9508254834768969, 0.9159963303800701, 0.44388820944746055, -0.33334532103345227, 0.8356081396109615, 1.0, 0.9306273023074086], [0.9534660525205783, 0.9533334361236726, 0.9786724618329065, 0.959525365006437, 0.9765180826668949, 0.9590689287574097, -0.9564191302888602, 0.9363058191504853, 0.9589338998463538, 0.954422944895481, 0.9770128873052348, 0.9763354829157506, 0.965049122461593, 0.9560118927532189, 0.9635094051973467, 0.9364657753346667, 0.7973911407631072, 0.645351981568381, 0.9688786510718858, 0.881001095982565, 0.24025501240270306, -0.1725125054104156, 0.8859974518771248, 0.9306273023074086, 1.0]], "x": ["^TAIEX       \u81fa\u7063\u52a0\u6b0a\u5831\u916c\u6307\u6578", "^TWII        \u81fa\u7063\u52a0\u6b0a\u6307\u6578", "^TAIEXx2     \u81fa\u7063\u52a0\u6b0a\u5831\u916c\u6307\u6578_\u65e5\u6b632", "^TAI50I      \u81fa\u706350\u5831\u916c\u6307\u6578", "^TAI50Ix2    \u81fa\u706350\u5831\u916c\u6307\u6578_\u65e5\u6b632", "^TAI100I     \u81fa\u7063\u4e2d\u578b100\u5831\u916c\u6307\u6578", "^TAI100Ix2   \u81fa\u7063\u4e2d\u578b100\u5831\u916c\u6307\u6578_\u65e5\u6b632", "^TAIDIVIDI   \u81fa\u7063\u9ad8\u80a1\u606f\u5831\u916c\u6307\u6578", "^TAIDIVIDIx2 \u81fa\u7063\u9ad8\u80a1\u606f\u5831\u916c\u6307\u6578_\u65e5\u6b632", "0050         \u5143\u5927\u81fa\u706350", "00631L       \u5143\u5927\u53f0\u706350\u6b632", "00675L       \u5bcc\u90a6\u81fa\u7063\u52a0\u6b0a\u6b632", "006208       \u5bcc\u90a6\u53f050", "0051         \u5143\u5927\u4e2d\u578b100", "006204       \u6c38\u8c50\u81fa\u7063\u52a0\u6b0a", "0056         \u5143\u5927\u9ad8\u80a1\u606f", "2412         \u4e2d\u83ef\u96fb\u4fe1", "2002         \u4e2d\u92fc", "2330         \u53f0\u7a4d\u96fb", "2317         \u9d3b\u6d77", "6505         \u53f0\u5851\u77f3\u5316", "3481         \u7fa4\u5275", "2303         \u806f\u96fb", "2308         \u53f0\u9054\u96fb", "2454         \u806f\u767c\u79d1"], "y": ["^TAIEX       \u81fa\u7063\u52a0\u6b0a\u5831\u916c\u6307\u6578", "^TWII        \u81fa\u7063\u52a0\u6b0a\u6307\u6578", "^TAIEXx2     \u81fa\u7063\u52a0\u6b0a\u5831\u916c\u6307\u6578_\u65e5\u6b632", "^TAI50I      \u81fa\u706350\u5831\u916c\u6307\u6578", "^TAI50Ix2    \u81fa\u706350\u5831\u916c\u6307\u6578_\u65e5\u6b632", "^TAI100I     \u81fa\u7063\u4e2d\u578b100\u5831\u916c\u6307\u6578", "^TAI100Ix2   \u81fa\u7063\u4e2d\u578b100\u5831\u916c\u6307\u6578_\u65e5\u6b632", "^TAIDIVIDI   \u81fa\u7063\u9ad8\u80a1\u606f\u5831\u916c\u6307\u6578", "^TAIDIVIDIx2 \u81fa\u7063\u9ad8\u80a1\u606f\u5831\u916c\u6307\u6578_\u65e5\u6b632", "0050         \u5143\u5927\u81fa\u706350", "00631L       \u5143\u5927\u53f0\u706350\u6b632", "00675L       \u5bcc\u90a6\u81fa\u7063\u52a0\u6b0a\u6b632", "006208       \u5bcc\u90a6\u53f050", "0051         \u5143\u5927\u4e2d\u578b100", "006204       \u6c38\u8c50\u81fa\u7063\u52a0\u6b0a", "0056         \u5143\u5927\u9ad8\u80a1\u606f", "2412         \u4e2d\u83ef\u96fb\u4fe1", "2002         \u4e2d\u92fc", "2330         \u53f0\u7a4d\u96fb", "2317         \u9d3b\u6d77", "6505         \u53f0\u5851\u77f3\u5316", "3481         \u7fa4\u5275", "2303         \u806f\u96fb", "2308         \u53f0\u9054\u96fb", "2454         \u806f\u767c\u79d1"], "zmin": -1, "zmax": 1, "colorbar": {"x": -0.2}}], "layout": {"autotypenumbers": "strict", "colorway": ["#636efa", "#EF553B", "#00cc96", "#ab63fa", "#FFA15A", "#19d3f3", "#FF6692", "#B6E880", "#FF97FF", "#FECB52"], "font": {"color": "#f2f5fa", "family": "Courier New"}, "hovermode": "closest", "hoverlabel": {"align": "left"}, "paper_bgcolor": "rgb(17,17,17)", "plot_bgcolor": "rgb(17,17,17)", "polar": {"bgcolor": "rgb(17,17,17)", "angularaxis": {"gridcolor": "#506784", "linecolor": "#506784", "ticks": ""}, "radialaxis": {"gridcolor": "#506784", "linecolor": "#506784", "ticks": ""}}, "ternary": {"bgcolor": "rgb(17,17,17)", "aaxis": {"gridcolor": "#506784", "linecolor": "#506784", "ticks": ""}, "baxis": {"gridcolor": "#506784", "linecolor": "#506784", "ticks": ""}, "caxis": {"gridcolor": "#506784", "linecolor": "#506784", "ticks": ""}}, "coloraxis": {"colorbar": {"outlinewidth": 0, "ticks": ""}}, "colorscale": {"sequential": [[0.0, "#0d0887"], [0.1111111111111111, "#46039f"], [0.2222222222222222, "#7201a8"], [0.3333333333333333, "#9c179e"], [0.4444444444444444, "#bd3786"], [0.5555555555555556, "#d8576b"], [0.6666666666666666, "#ed7953"], [0.7777777777777778, "#fb9f3a"], [0.8888888888888888, "#fdca26"], [1.0, "#f0f921"]], "sequentialminus": [[0.0, "#0d0887"], [0.1111111111111111, "#46039f"], [0.2222222222222222, "#7201a8"], [0.3333333333333333, "#9c179e"], [0.4444444444444444, "#bd3786"], [0.5555555555555556, "#d8576b"], [0.6666666666666666, "#ed7953"], [0.7777777777777778, "#fb9f3a"], [0.8888888888888888, "#fdca26"], [1.0, "#f0f921"]], "diverging": [[0, "#8e0152"], [0.1, "#c51b7d"], [0.2, "#de77ae"], [0.3, "#f1b6da"], [0.4, "#fde0ef"], [0.5, "#f7f7f7"], [0.6, "#e6f5d0"], [0.7, "#b8e186"], [0.8, "#7fbc41"], [0.9, "#4d9221"], [1, "#276419"]]}, "xaxis": {"gridcolor": "rgba(0, 0, 0, 0)", "linecolor": "#506784", "ticks": "", "title": {"standoff": 15}, "zerolinecolor": "#283442", "automargin": true, "zerolinewidth": 2, "tickfont": {"family": "Courier New", "size": 14}, "side": "top", "tickangle": -90}, "yaxis": {"gridcolor": "rgba(0, 0, 0, 0)", "linecolor": "#506784", "ticks": "", "title": {"standoff": 15}, "zerolinecolor": "#283442", "automargin": true, "zerolinewidth": 2, "tickfont": {"family": "Courier New"}, "side": "right"}, "scene": {"xaxis": {"backgroundcolor": "rgb(17,17,17)", "gridcolor": "#506784", "linecolor": "#506784", "showbackground": true, "ticks": "", "zerolinecolor": "#C8D4E3", "gridwidth": 2}, "yaxis": {"backgroundcolor": "rgb(17,17,17)", "gridcolor": "#506784", "linecolor": "#506784", "showbackground": true, "ticks": "", "zerolinecolor": "#C8D4E3", "gridwidth": 2}, "zaxis": {"backgroundcolor": "rgb(17,17,17)", "gridcolor": "#506784", "linecolor": "#506784", "showbackground": true, "ticks": "", "zerolinecolor": "#C8D4E3", "gridwidth": 2}}, "shapedefaults": {"line": {"color": "#f2f5fa"}}, "annotationdefaults": {"arrowcolor": "#f2f5fa", "arrowhead": 0, "arrowwidth": 1}, "geo": {"bgcolor": "rgb(17,17,17)", "landcolor": "rgb(17,17,17)", "subunitcolor": "#506784", "showland": true, "showlakes": true, "lakecolor": "rgb(17,17,17)"}, "title": {"x": 0.05, "font": {"family": "Times New Roman"}, "y": 0.05, "text": "<b>Correlation of Adj Close <b><br><i>2016/09/23 ~ 2025/07/04<i>"}, "updatemenudefaults": {"bgcolor": "#506784", "borderwidth": 0}, "sliderdefaults": {"bgcolor": "#C8D4E3", "borderwidth": 1, "bordercolor": "rgb(17,17,17)", "tickwidth": 0}, "mapbox": {"style": "dark"}, "height": 600}};

Plotly.newPlot("correlationAdjClose",
    correlationAdjClose.data,
    correlationAdjClose.layout || {},
    config);