var correlationAdjClose = {"data": [{"type": "heatmap", "z": [[1.0, 0.9940067106577853, 0.9769172394967344, 0.9976376439889918, 0.9647466257435942, 0.9814575864704999, -0.9430080027277751, 0.9899958875406987, 0.9701053246075944, 0.9972141616387802, 0.9972033413138299, 0.9976823459075767, 0.9932369161103225, 0.9939376887008912, 0.9972005417542794, 0.9839675355267603, 0.9996681596872092, 0.9900337381261749, 0.9201133591667527, 0.7399375992067815, 0.9853380491423214, 0.9212135721279958, 0.44173543299889306, -0.30365617497086056, 0.9013339103112339, 0.9740652955738147, 0.954622343827369, 0.980091225647791, 0.9638640318206212, 0.9756992461011943, 0.9720133338099457, 0.9454684514725273, 0.9797732148910743, 0.9702822908619749, 0.9548550286774605], [0.9940067106577853, 1.0, 0.9722858060042582, 0.9912955332170611, 0.9601851226686657, 0.9768826627200453, -0.9383219140906836, 0.9808792993501535, 0.9631749200776962, 0.9953222241470472, 0.9951690465337725, 0.9943777511654064, 0.9923218060176061, 0.9915744772356464, 0.9951010756234351, 0.9779205396544914, 0.996656305792221, 0.9836393129955566, 0.9091418915788545, 0.7516997100889484, 0.9669495421140435, 0.9004825107818059, 0.441426505731171, -0.22793339132101575, 0.8752971387708851, 0.9617825122186262, 0.954095384197853, 0.9579463716832619, 0.9497875359490933, 0.9654145628714668, 0.9561363685722384, 0.943289933068521, 0.9685810075870758, 0.961545685992981, 0.9484706843637519], [0.9769172394967344, 0.9722858060042582, 1.0, 0.9830176464882231, 0.9960077971778344, 0.9789881791281082, -0.9757762598015499, 0.9701761651569206, 0.98395174440192, 0.988679865930698, 0.989397759235685, 0.9858853994009549, 0.9970585679224452, 0.9968761605071177, 0.9891795135303808, 0.9776204593859386, 0.9877854876064284, 0.9700641552481986, 0.8274012213960749, 0.6294225243821329, 0.9902223073268244, 0.9118342247163178, 0.2764802572494867, -0.22668869974264644, 0.9068491296682943, 0.9441256948503617, 0.9795201039393989, 0.9298670988016524, 0.9114414091638636, 0.9639642162825753, 0.9199612340173006, 0.906720031878674, 0.9664574057374028, 0.9738665623239211, 0.9245626233381817], [0.9976376439889918, 0.9912955332170611, 0.9830176464882231, 1.0, 0.9764149065712292, 0.9736856789905317, -0.9378435958049784, 0.9843331270835615, 0.9675662387418854, 0.9999709412255183, 0.9999892916829861, 0.9999569316724566, 0.9914154481553044, 0.9894374300056054, 0.9999427275305971, 0.9735562569218517, 0.9960476329917219, 0.9841884692333893, 0.9061944979407642, 0.7101922468346138, 0.9933020017844313, 0.9224057908711001, 0.4182699000255412, -0.2950214115207466, 0.8994181092366909, 0.9692942824259897, 0.9609052731034807, 0.9709915095791875, 0.9609668908382375, 0.9776644040191679, 0.9622490243613401, 0.9343672772559392, 0.9777260758349764, 0.9688479980673734, 0.94667722028912], [0.9647466257435942, 0.9601851226686657, 0.9960077971778344, 0.9764149065712292, 1.0, 0.9586405649259141, -0.9573021244299081, 0.9551096874606442, 0.9716639629290814, 0.9849207865517954, 0.9856801478527981, 0.9816821090981204, 0.986463679956323, 0.9828079898817396, 0.9853287465369639, 0.9562451068673586, 0.9759279489428396, 0.9549050634840772, 0.8068370060984951, 0.5941652887925255, 0.9895077738221922, 0.907515494815107, 0.25275524102312513, -0.2197403988963987, 0.8883307380992823, 0.9304239670037273, 0.9772649309770729, 0.9095806344352229, 0.8976535771334467, 0.9577320651180768, 0.898416110652557, 0.8806415113063452, 0.9562125782664012, 0.9622509018999619, 0.901413830195636], [0.9814575864704999, 0.9768826627200453, 0.9789881791281082, 0.9736856789905317, 0.9586405649259141, 1.0, -0.9807845106779224, 0.9805358682960593, 0.9798163307357199, 0.9688036099988309, 0.9691557633260303, 0.9717308536807209, 0.9771080011681007, 0.9750946126299556, 0.9689451452775457, 0.9999062622368649, 0.9860669616477659, 0.9816278881471433, 0.8614406256402568, 0.706960387345879, 0.9672390607380269, 0.8917030362164275, 0.30853325636433065, -0.2153663199325996, 0.9366481086654942, 0.9564484963000811, 0.9594464932373363, 0.957300410611349, 0.9273334386283593, 0.9521577429317891, 0.9514078998520237, 0.9546950827050104, 0.9566293227968938, 0.9763436130525474, 0.955485823257883], [-0.9430080027277751, -0.9383219140906836, -0.9757762598015499, -0.9378435958049784, -0.9573021244299081, -0.9807845106779224, 1.0, -0.9517181857592135, -0.9834134423283175, -0.9481207624624045, -0.9493424103921742, -0.9445413751007392, -0.9741280472493015, -0.9758420784742581, -0.9489643688438744, -0.9839300297945458, -0.964536502674085, -0.9547262959439401, -0.774257036179315, -0.6051239958098409, -0.943069110331645, -0.8821266230047977, -0.16626117266254253, 0.14980494331742863, -0.9048947980145975, -0.9141349976796056, -0.9572612718427629, -0.898787510463792, -0.8578406307593166, -0.9247606704433425, -0.8902304594229032, -0.9090160554887954, -0.9253459982985625, -0.9635318678872444, -0.9097340942436097], [0.9899958875406987, 0.9808792993501535, 0.9701761651569206, 0.9843331270835615, 0.9551096874606442, 0.9805358682960593, -0.9517181857592135, 1.0, 0.9824231146278842, 0.9800777770564227, 0.9800295361424821, 0.983245974432838, 0.9759822985681712, 0.9749746247333061, 0.9800285807495759, 0.9824684005995385, 0.987626652195285, 0.9998706879972644, 0.9231557350623895, 0.6746265069054501, 0.9738586639443674, 0.8952588499380837, 0.30002007496005, -0.3116028813414719, 0.9056109582902996, 0.9552410776315595, 0.937543989892351, 0.9775787448554365, 0.9523102696302593, 0.9688660003299715, 0.9625114512898516, 0.9354131683173097, 0.959060717172843, 0.9572912262210244, 0.9655209803180598], [0.9701053246075944, 0.9631749200776962, 0.98395174440192, 0.9675662387418854, 0.9716639629290814, 0.9798163307357199, -0.9834134423283175, 0.9824231146278842, 1.0, 0.9631634345937982, 0.9638341196966789, 0.9656530742714308, 0.9730196680466058, 0.9701147784613691, 0.9635763633364692, 0.9789269265437684, 0.9701912885314483, 0.9817454014502072, 0.8498325828495722, 0.5992406138728891, 0.9675686537777904, 0.9062447802402301, 0.1572898602429846, -0.2304184735051804, 0.8869685479690124, 0.9329402672925624, 0.9600075100441268, 0.932953274732066, 0.8946902395425691, 0.9564891808034435, 0.9158666982833618, 0.9026510682715538, 0.9450370114753472, 0.9691904213808329, 0.9232606734967609], [0.9972141616387802, 0.9953222241470472, 0.988679865930698, 0.9999709412255183, 0.9849207865517954, 0.9688036099988309, -0.9481207624624045, 0.9800777770564227, 0.9631634345937982, 1.0, 0.9999874735224691, 0.9999824402813887, 0.9912513543989498, 0.989239056180948, 0.9999476660137033, 0.9693330566011232, 0.9956362930697727, 0.9811022331345554, 0.9306376854021952, 0.6341186873733939, 0.9966770584614539, 0.9000482239105312, -0.01564182900721156, 0.4353767061825442, 0.9168145198068245, 0.9534860667990781, 0.9661625038083177, 0.9618479082350153, 0.9427299232970028, 0.965485910152392, 0.9416209183166354, 0.9203909887493255, 0.9649576174282406, 0.9800840413176096, 0.9440784163734448], [0.9972033413138299, 0.9951690465337725, 0.989397759235685, 0.9999892916829861, 0.9856801478527981, 0.9691557633260303, -0.9493424103921742, 0.9800295361424821, 0.9638341196966789, 0.9999874735224691, 1.0, 0.9999714860386378, 0.991439030019412, 0.9894221341208946, 0.9999522187839557, 0.9696573989949632, 0.9956859724056388, 0.9810236556995304, 0.9297983194966261, 0.6304203278175105, 0.9969702390489975, 0.899281929400402, -0.030536803202116516, 0.43094792385089215, 0.9161057827655038, 0.953331396531356, 0.9670576666228099, 0.961337059739536, 0.9414175152032577, 0.9655876457289896, 0.9405748155616607, 0.9191031312947612, 0.9651444454320226, 0.9806138016497753, 0.9433831877383533], [0.9976823459075767, 0.9943777511654064, 0.9858853994009549, 0.9999569316724566, 0.9816821090981204, 0.9717308536807209, -0.9445413751007392, 0.983245974432838, 0.9656530742714308, 0.9999824402813887, 0.9999714860386378, 1.0, 0.9912188795020263, 0.9891625526595127, 0.9999614550315655, 0.9721571044434115, 0.995822965338935, 0.9838167599262031, 0.9218345230519911, 0.6796434239925726, 0.9958617908444584, 0.9165111797931242, 0.18242693426080173, -0.19519136018062822, 0.9237255921633829, 0.9622863051689104, 0.9558245563834973, 0.9652610239273819, 0.9516108066011421, 0.9722008446717503, 0.9527060593388703, 0.933051570687948, 0.972293623336041, 0.9671360122192075, 0.9527287553467222], [0.9932369161103225, 0.9923218060176061, 0.9970585679224452, 0.9914154481553044, 0.986463679956323, 0.9771080011681007, -0.9741280472493015, 0.9759822985681712, 0.9730196680466058, 0.9912513543989498, 0.991439030019412, 0.9912188795020263, 1.0, 0.9996826789448992, 0.9913809557429556, 0.9779123468524876, 0.9935664232750204, 0.9773624820208933, 0.9117036234332555, 0.5722882424763508, 0.9861078464021968, 0.8918469200050705, -0.315872644417879, 0.4572053759511193, 0.9066334574170346, 0.9525779904407357, 0.9776084837763385, 0.94424878652827, 0.9037182510756975, 0.9465629914285595, 0.9143407528478235, 0.8896494356080231, 0.9632449197995133, 0.9796343637658281, 0.9356035960025365], [0.9939376887008912, 0.9915744772356464, 0.9968761605071177, 0.9894374300056054, 0.9828079898817396, 0.9750946126299556, -0.9758420784742581, 0.9749746247333061, 0.9701147784613691, 0.989239056180948, 0.9894221341208946, 0.9891625526595127, 0.9996826789448992, 1.0, 0.9894795430741475, 0.9759635477479957, 0.9940963619339137, 0.97661409627185, 0.9192058739509095, 0.4529326462056133, 0.9808864827973405, 0.8806619340936196, -0.7076927439343459, 0.43523870322738056, 0.8796064439105776, 0.9493531983905084, 0.9769765956841536, 0.9365996737173272, 0.8859180490153629, 0.937513306745254, 0.9112930831355436, 0.8679513085440274, 0.965411155010581, 0.9778796554292691, 0.9279775543800485], [0.9972005417542794, 0.9951010756234351, 0.9891795135303808, 0.9999427275305971, 0.9853287465369639, 0.9689451452775457, -0.9489643688438744, 0.9800285807495759, 0.9635763633364692, 0.9999476660137033, 0.9999522187839557, 0.9999614550315655, 0.9913809557429556, 0.9894795430741475, 1.0, 0.9694679739265728, 0.9956590688372353, 0.9810607454789593, 0.9305130202033367, 0.6303241743132577, 0.9968008218277126, 0.8995488587015246, -0.028643197184261896, 0.43012226924980856, 0.915737254295958, 0.9523907587155505, 0.9664186795070823, 0.9616594983476173, 0.9420183606867485, 0.9656278945526193, 0.9412205452242006, 0.9196054084411306, 0.9650262724288341, 0.9804539826324471, 0.9436229493276932], [0.9839675355267603, 0.9779205396544914, 0.9776204593859386, 0.9735562569218517, 0.9562451068673586, 0.9999062622368649, -0.9839300297945458, 0.9824684005995385, 0.9789269265437684, 0.9693330566011232, 0.9696573989949632, 0.9721571044434115, 0.9779123468524876, 0.9759635477479957, 0.9694679739265728, 1.0, 0.9865058564400047, 0.9817718731117817, 0.8852013127923922, 0.7066325993182254, 0.965767785178447, 0.8873693772780159, 0.1783267226896262, -0.19395863475065603, 0.9451506674170603, 0.9580420300019794, 0.9562396061905606, 0.9607121211580673, 0.9242955245967792, 0.948918717759921, 0.952333150657151, 0.9540626693491462, 0.9592153435809847, 0.9759136872638355, 0.9602763463053513], [0.9996681596872092, 0.996656305792221, 0.9877854876064284, 0.9960476329917219, 0.9759279489428396, 0.9860669616477659, -0.964536502674085, 0.987626652195285, 0.9701912885314483, 0.9956362930697727, 0.9956859724056388, 0.995822965338935, 0.9935664232750204, 0.9940963619339137, 0.9956590688372353, 0.9865058564400047, 1.0, 0.9885024037074454, 0.9362339451798982, 0.6724349800624543, 0.9888772764959417, 0.8966682883052602, 0.022395762916810887, 0.44927511333948517, 0.9350846723432553, 0.9606446438205879, 0.9645313995119874, 0.9745415343000241, 0.9468449122379347, 0.9644172093010862, 0.9563629270746827, 0.9430253312333434, 0.9710944815106568, 0.9846032522367875, 0.9648185688341536], [0.9900337381261749, 0.9836393129955566, 0.9700641552481986, 0.9841884692333893, 0.9549050634840772, 0.9816278881471433, -0.9547262959439401, 0.9998706879972644, 0.9817454014502072, 0.9811022331345554, 0.9810236556995304, 0.9838167599262031, 0.9773624820208933, 0.97661409627185, 0.9810607454789593, 0.9817718731117817, 0.9885024037074454, 1.0, 0.9294866836314355, 0.6731574344427007, 0.9728490315339977, 0.9003339710861669, 0.2664597531868152, -0.29288101838826786, 0.9110555025361434, 0.9537986729590671, 0.9376205594216861, 0.9780554766107381, 0.9517155546187658, 0.9674043403681539, 0.9609875278691118, 0.9352743458848947, 0.9584178350222924, 0.9552212904135932, 0.9666949183625974], [0.9201133591667527, 0.9091418915788545, 0.8274012213960749, 0.9061944979407642, 0.8068370060984951, 0.8614406256402568, -0.774257036179315, 0.9231557350623895, 0.8498325828495722, 0.9306376854021952, 0.9297983194966261, 0.9218345230519911, 0.9117036234332555, 0.9192058739509095, 0.9305130202033367, 0.8852013127923922, 0.9362339451798982, 0.9294866836314355, 1.0, 0.8413536910066747, 0.8575713905013348, 0.8725978509146645, 0.690113539175407, -0.5330809691936607, 0.6969485125448375, 0.9151841029573979, 0.7997334470100976, 0.9571794305935625, 0.9348323549968773, 0.9014144718443243, 0.9434142693524489, 0.8932129810141399, 0.8975500205430289, 0.845555408544973, 0.8781871138288418], [0.7399375992067815, 0.7516997100889484, 0.6294225243821329, 0.7101922468346138, 0.5941652887925255, 0.706960387345879, -0.6051239958098409, 0.6746265069054501, 0.5992406138728891, 0.6341186873733939, 0.6304203278175105, 0.6796434239925726, 0.5722882424763508, 0.4529326462056133, 0.6303241743132577, 0.7066325993182254, 0.6724349800624543, 0.6731574344427007, 0.8413536910066747, 1.0, 0.6329644417533935, 0.7471082174764601, 0.731402442698825, -0.11637405354468701, 0.5375926873885015, 0.750240863426447, 0.6370222271670049, 0.7919847492102078, 0.7276909825109489, 0.667524896059981, 0.7640804540209823, 0.7669892767552655, 0.6982602892620938, 0.6659803920922049, 0.7014895320206667], [0.9853380491423214, 0.9669495421140435, 0.9902223073268244, 0.9933020017844313, 0.9895077738221922, 0.9672390607380269, -0.943069110331645, 0.9738586639443674, 0.9675686537777904, 0.9966770584614539, 0.9969702390489975, 0.9958617908444584, 0.9861078464021968, 0.9808864827973405, 0.9968008218277126, 0.965767785178447, 0.9888772764959417, 0.9728490315339977, 0.8575713905013348, 0.6329644417533935, 1.0, 0.8933970693819794, 0.3445959473156389, -0.28890366201757695, 0.8861123529928158, 0.9528326469824895, 0.9700945300385215, 0.9398010944622005, 0.9437815929890323, 0.969011855975997, 0.940183217588206, 0.9102484342230507, 0.9679955575429692, 0.9552200016027298, 0.9283690982700094], [0.9212135721279958, 0.9004825107818059, 0.9118342247163178, 0.9224057908711001, 0.907515494815107, 0.8917030362164275, -0.8821266230047977, 0.8952588499380837, 0.9062447802402301, 0.9000482239105312, 0.899281929400402, 0.9165111797931242, 0.8918469200050705, 0.8806619340936196, 0.8995488587015246, 0.8873693772780159, 0.8966682883052602, 0.9003339710861669, 0.8725978509146645, 0.7471082174764601, 0.8933970693819794, 1.0, 0.39243991012341517, -0.18811461535252208, 0.6992904695743803, 0.9174316689776921, 0.884049187294866, 0.8963388800008725, 0.8446202678266036, 0.921349721925167, 0.865584023015084, 0.8400284072103407, 0.9194995857457999, 0.8651676867460826, 0.847155621262171], [0.44173543299889306, 0.441426505731171, 0.2764802572494867, 0.4182699000255412, 0.25275524102312513, 0.30853325636433065, -0.16626117266254253, 0.30002007496005, 0.1572898602429846, -0.01564182900721156, -0.030536803202116516, 0.18242693426080173, -0.315872644417879, -0.7076927439343459, -0.028643197184261896, 0.1783267226896262, 0.022395762916810887, 0.2664597531868152, 0.690113539175407, 0.731402442698825, 0.3445959473156389, 0.39243991012341517, 1.0, -0.3954253870795382, 0.29398932692988716, 0.42098048830782947, 0.2242581407052108, 0.5185928097415287, 0.5174801729061234, 0.3798159449426814, 0.535939143672683, 0.44573383028295854, 0.39608762006257014, 0.31544291506184796, 0.4205720524087969], [-0.30365617497086056, -0.22793339132101575, -0.22668869974264644, -0.2950214115207466, -0.2197403988963987, -0.2153663199325996, 0.14980494331742863, -0.3116028813414719, -0.2304184735051804, 0.4353767061825442, 0.43094792385089215, -0.19519136018062822, 0.4572053759511193, 0.43523870322738056, 0.43012226924980856, -0.19395863475065603, 0.44927511333948517, -0.29288101838826786, -0.5330809691936607, -0.11637405354468701, -0.28890366201757695, -0.18811461535252208, -0.3954253870795382, 1.0, -0.147711112613539, -0.3318746729622299, -0.17549673840159508, -0.38997840466781997, -0.3800288348577306, -0.32738933227580347, -0.34594713336669825, -0.202451300121934, -0.3509041101233903, -0.17782710022190756, -0.3160992088401808], [0.9013339103112339, 0.8752971387708851, 0.9068491296682943, 0.8994181092366909, 0.8883307380992823, 0.9366481086654942, -0.9048947980145975, 0.9056109582902996, 0.8869685479690124, 0.9168145198068245, 0.9161057827655038, 0.9237255921633829, 0.9066334574170346, 0.8796064439105776, 0.915737254295958, 0.9451506674170603, 0.9350846723432553, 0.9110555025361434, 0.6969485125448375, 0.5375926873885015, 0.8861123529928158, 0.6992904695743803, 0.29398932692988716, -0.147711112613539, 1.0, 0.8356706001594568, 0.8854563775902564, 0.8096946859567951, 0.8585048059455134, 0.8280395815541245, 0.8658572817004898, 0.8595509558320903, 0.8566630712896166, 0.8665467426097955, 0.8938857641512338], [0.9740652955738147, 0.9617825122186262, 0.9441256948503617, 0.9692942824259897, 0.9304239670037273, 0.9564484963000811, -0.9141349976796056, 0.9552410776315595, 0.9329402672925624, 0.9534860667990781, 0.953331396531356, 0.9622863051689104, 0.9525779904407357, 0.9493531983905084, 0.9523907587155505, 0.9580420300019794, 0.9606446438205879, 0.9537986729590671, 0.9151841029573979, 0.750240863426447, 0.9528326469824895, 0.9174316689776921, 0.42098048830782947, -0.3318746729622299, 0.8356706001594568, 1.0, 0.933349613413198, 0.9599305161672798, 0.9347332940047075, 0.943637061174171, 0.9437600066792815, 0.9161245305394458, 0.9634603076130177, 0.9268699359955975, 0.9235055539729101], [0.954622343827369, 0.954095384197853, 0.9795201039393989, 0.9609052731034807, 0.9772649309770729, 0.9594464932373363, -0.9572612718427629, 0.937543989892351, 0.9600075100441268, 0.9661625038083177, 0.9670576666228099, 0.9558245563834973, 0.9776084837763385, 0.9769765956841536, 0.9664186795070823, 0.9562396061905606, 0.9645313995119874, 0.9376205594216861, 0.7997334470100976, 0.6370222271670049, 0.9700945300385215, 0.884049187294866, 0.2242581407052108, -0.17549673840159508, 0.8854563775902564, 0.933349613413198, 1.0, 0.9028889796409612, 0.8809570408639193, 0.9369484186001031, 0.8832868914120489, 0.883475064078426, 0.9435636724933955, 0.970565633503798, 0.8840190187618973], [0.980091225647791, 0.9579463716832619, 0.9298670988016524, 0.9709915095791875, 0.9095806344352229, 0.957300410611349, -0.898787510463792, 0.9775787448554365, 0.932953274732066, 0.9618479082350153, 0.961337059739536, 0.9652610239273819, 0.94424878652827, 0.9365996737173272, 0.9616594983476173, 0.9607121211580673, 0.9745415343000241, 0.9780554766107381, 0.9571794305935625, 0.7919847492102078, 0.9398010944622005, 0.8963388800008725, 0.5185928097415287, -0.38997840466781997, 0.8096946859567951, 0.9599305161672798, 0.9028889796409612, 1.0, 0.9854940034111115, 0.9654882503847577, 0.9896401288234841, 0.9514142861580077, 0.9582457558432351, 0.913003820773643, 0.9662476459971026], [0.9638640318206212, 0.9497875359490933, 0.9114414091638636, 0.9609668908382375, 0.8976535771334467, 0.9273334386283593, -0.8578406307593166, 0.9523102696302593, 0.8946902395425691, 0.9427299232970028, 0.9414175152032577, 0.9516108066011421, 0.9037182510756975, 0.8859180490153629, 0.9420183606867485, 0.9242955245967792, 0.9468449122379347, 0.9517155546187658, 0.9348323549968773, 0.7276909825109489, 0.9437815929890323, 0.8446202678266036, 0.5174801729061234, -0.3800288348577306, 0.8585048059455134, 0.9347332940047075, 0.8809570408639193, 0.9854940034111115, 1.0, 0.9495274330563683, 0.9828772557268484, 0.9546904786712067, 0.9342223726805564, 0.9166072675830601, 0.9617391856968859], [0.9756992461011943, 0.9654145628714668, 0.9639642162825753, 0.9776644040191679, 0.9577320651180768, 0.9521577429317891, -0.9247606704433425, 0.9688660003299715, 0.9564891808034435, 0.965485910152392, 0.9655876457289896, 0.9722008446717503, 0.9465629914285595, 0.937513306745254, 0.9656278945526193, 0.948918717759921, 0.9644172093010862, 0.9674043403681539, 0.9014144718443243, 0.667524896059981, 0.969011855975997, 0.921349721925167, 0.3798159449426814, -0.32738933227580347, 0.8280395815541245, 0.943637061174171, 0.9369484186001031, 0.9654882503847577, 0.9495274330563683, 1.0, 0.9532315184118587, 0.9171726999716546, 0.9756063508849474, 0.9561998223057465, 0.9441425534371298], [0.9720133338099457, 0.9561363685722384, 0.9199612340173006, 0.9622490243613401, 0.898416110652557, 0.9514078998520237, -0.8902304594229032, 0.9625114512898516, 0.9158666982833618, 0.9416209183166354, 0.9405748155616607, 0.9527060593388703, 0.9143407528478235, 0.9112930831355436, 0.9412205452242006, 0.952333150657151, 0.9563629270746827, 0.9609875278691118, 0.9434142693524489, 0.7640804540209823, 0.940183217588206, 0.865584023015084, 0.535939143672683, -0.34594713336669825, 0.8658572817004898, 0.9437600066792815, 0.8832868914120489, 0.9896401288234841, 0.9828772557268484, 0.9532315184118587, 1.0, 0.9731734446510583, 0.9423948424259003, 0.9350499328878961, 0.9617426108847632], [0.9454684514725273, 0.943289933068521, 0.906720031878674, 0.9343672772559392, 0.8806415113063452, 0.9546950827050104, -0.9090160554887954, 0.9354131683173097, 0.9026510682715538, 0.9203909887493255, 0.9191031312947612, 0.933051570687948, 0.8896494356080231, 0.8679513085440274, 0.9196054084411306, 0.9540626693491462, 0.9430253312333434, 0.9352743458848947, 0.8932129810141399, 0.7669892767552655, 0.9102484342230507, 0.8400284072103407, 0.44573383028295854, -0.202451300121934, 0.8595509558320903, 0.9161245305394458, 0.883475064078426, 0.9514142861580077, 0.9546904786712067, 0.9171726999716546, 0.9731734446510583, 1.0, 0.9050798171348864, 0.9327795195386814, 0.9523365794080991], [0.9797732148910743, 0.9685810075870758, 0.9664574057374028, 0.9777260758349764, 0.9562125782664012, 0.9566293227968938, -0.9253459982985625, 0.959060717172843, 0.9450370114753472, 0.9649576174282406, 0.9651444454320226, 0.972293623336041, 0.9632449197995133, 0.965411155010581, 0.9650262724288341, 0.9592153435809847, 0.9710944815106568, 0.9584178350222924, 0.8975500205430289, 0.6982602892620938, 0.9679955575429692, 0.9194995857457999, 0.39608762006257014, -0.3509041101233903, 0.8566630712896166, 0.9634603076130177, 0.9435636724933955, 0.9582457558432351, 0.9342223726805564, 0.9756063508849474, 0.9423948424259003, 0.9050798171348864, 1.0, 0.9527446354043122, 0.9404908316139514], [0.9702822908619749, 0.961545685992981, 0.9738665623239211, 0.9688479980673734, 0.9622509018999619, 0.9763436130525474, -0.9635318678872444, 0.9572912262210244, 0.9691904213808329, 0.9800840413176096, 0.9806138016497753, 0.9671360122192075, 0.9796343637658281, 0.9778796554292691, 0.9804539826324471, 0.9759136872638355, 0.9846032522367875, 0.9552212904135932, 0.845555408544973, 0.6659803920922049, 0.9552200016027298, 0.8651676867460826, 0.31544291506184796, -0.17782710022190756, 0.8665467426097955, 0.9268699359955975, 0.970565633503798, 0.913003820773643, 0.9166072675830601, 0.9561998223057465, 0.9350499328878961, 0.9327795195386814, 0.9527446354043122, 1.0, 0.9168781015053282], [0.9548550286774605, 0.9484706843637519, 0.9245626233381817, 0.94667722028912, 0.901413830195636, 0.955485823257883, -0.9097340942436097, 0.9655209803180598, 0.9232606734967609, 0.9440784163734448, 0.9433831877383533, 0.9527287553467222, 0.9356035960025365, 0.9279775543800485, 0.9436229493276932, 0.9602763463053513, 0.9648185688341536, 0.9666949183625974, 0.8781871138288418, 0.7014895320206667, 0.9283690982700094, 0.847155621262171, 0.4205720524087969, -0.3160992088401808, 0.8938857641512338, 0.9235055539729101, 0.8840190187618973, 0.9662476459971026, 0.9617391856968859, 0.9441425534371298, 0.9617426108847632, 0.9523365794080991, 0.9404908316139514, 0.9168781015053282, 1.0]], "x": ["^TAIEX       \u81fa\u7063\u52a0\u6b0a\u5831\u916c\u6307\u6578", "^TWII        \u81fa\u7063\u52a0\u6b0a\u6307\u6578", "^TAIEXx2     \u81fa\u7063\u52a0\u6b0a\u5831\u916c\u6307\u6578_\u65e5\u6b632", "^TAI50I      \u81fa\u706350\u5831\u916c\u6307\u6578", "^TAI50Ix2    \u81fa\u706350\u5831\u916c\u6307\u6578_\u65e5\u6b632", "^TAI100I     \u81fa\u7063\u4e2d\u578b100\u5831\u916c\u6307\u6578", "^TAI100Ix2   \u81fa\u7063\u4e2d\u578b100\u5831\u916c\u6307\u6578_\u65e5\u6b632", "^TAIDIVIDI   \u81fa\u7063\u9ad8\u80a1\u606f\u5831\u916c\u6307\u6578", "^TAIDIVIDIx2 \u81fa\u7063\u9ad8\u80a1\u606f\u5831\u916c\u6307\u6578_\u65e5\u6b632", "0050Fund     \u5143\u5927\u53f0\u7063\u5353\u8d8a50\u57fa\u91d1", "006208Fund   \u5bcc\u90a6\u53f0\u7063\u91c6\u540950\u57fa\u91d1", "0050         \u5143\u5927\u81fa\u706350", "00631L       \u5143\u5927\u53f0\u706350\u6b632", "00675L       \u5bcc\u90a6\u81fa\u7063\u52a0\u6b0a\u6b632", "006208       \u5bcc\u90a6\u53f050", "0051         \u5143\u5927\u4e2d\u578b100", "006204       \u6c38\u8c50\u81fa\u7063\u52a0\u6b0a", "0056         \u5143\u5927\u9ad8\u80a1\u606f", "2412         \u4e2d\u83ef\u96fb\u4fe1", "2002         \u4e2d\u92fc", "2330         \u53f0\u7a4d\u96fb", "2317         \u9d3b\u6d77", "6505         \u53f0\u5851\u77f3\u5316", "3481         \u7fa4\u5275", "2303         \u806f\u96fb", "2308         \u53f0\u9054\u96fb", "2454         \u806f\u767c\u79d1", "2886         \u5146\u8c50\u91d1", "2884         \u7389\u5c71\u91d1", "2891         \u4e2d\u4fe1\u91d1", "2892         \u7b2c\u4e00\u91d1", "5880         \u5408\u5eab\u91d1", "2881         \u5bcc\u90a6\u91d1", "2885         \u5143\u5927\u91d1", "2887         \u53f0\u65b0\u91d1"], "y": ["^TAIEX       \u81fa\u7063\u52a0\u6b0a\u5831\u916c\u6307\u6578", "^TWII        \u81fa\u7063\u52a0\u6b0a\u6307\u6578", "^TAIEXx2     \u81fa\u7063\u52a0\u6b0a\u5831\u916c\u6307\u6578_\u65e5\u6b632", "^TAI50I      \u81fa\u706350\u5831\u916c\u6307\u6578", "^TAI50Ix2    \u81fa\u706350\u5831\u916c\u6307\u6578_\u65e5\u6b632", "^TAI100I     \u81fa\u7063\u4e2d\u578b100\u5831\u916c\u6307\u6578", "^TAI100Ix2   \u81fa\u7063\u4e2d\u578b100\u5831\u916c\u6307\u6578_\u65e5\u6b632", "^TAIDIVIDI   \u81fa\u7063\u9ad8\u80a1\u606f\u5831\u916c\u6307\u6578", "^TAIDIVIDIx2 \u81fa\u7063\u9ad8\u80a1\u606f\u5831\u916c\u6307\u6578_\u65e5\u6b632", "0050Fund     \u5143\u5927\u53f0\u7063\u5353\u8d8a50\u57fa\u91d1", "006208Fund   \u5bcc\u90a6\u53f0\u7063\u91c6\u540950\u57fa\u91d1", "0050         \u5143\u5927\u81fa\u706350", "00631L       \u5143\u5927\u53f0\u706350\u6b632", "00675L       \u5bcc\u90a6\u81fa\u7063\u52a0\u6b0a\u6b632", "006208       \u5bcc\u90a6\u53f050", "0051         \u5143\u5927\u4e2d\u578b100", "006204       \u6c38\u8c50\u81fa\u7063\u52a0\u6b0a", "0056         \u5143\u5927\u9ad8\u80a1\u606f", "2412         \u4e2d\u83ef\u96fb\u4fe1", "2002         \u4e2d\u92fc", "2330         \u53f0\u7a4d\u96fb", "2317         \u9d3b\u6d77", "6505         \u53f0\u5851\u77f3\u5316", "3481         \u7fa4\u5275", "2303         \u806f\u96fb", "2308         \u53f0\u9054\u96fb", "2454         \u806f\u767c\u79d1", "2886         \u5146\u8c50\u91d1", "2884         \u7389\u5c71\u91d1", "2891         \u4e2d\u4fe1\u91d1", "2892         \u7b2c\u4e00\u91d1", "5880         \u5408\u5eab\u91d1", "2881         \u5bcc\u90a6\u91d1", "2885         \u5143\u5927\u91d1", "2887         \u53f0\u65b0\u91d1"], "zmin": -1, "zmax": 1, "colorbar": {"x": -0.2}}], "layout": {"autotypenumbers": "strict", "colorway": ["#636efa", "#EF553B", "#00cc96", "#ab63fa", "#FFA15A", "#19d3f3", "#FF6692", "#B6E880", "#FF97FF", "#FECB52"], "font": {"color": "#f2f5fa", "family": "Courier New"}, "hovermode": "closest", "hoverlabel": {"align": "left"}, "paper_bgcolor": "rgb(17,17,17)", "plot_bgcolor": "rgb(17,17,17)", "polar": {"bgcolor": "rgb(17,17,17)", "angularaxis": {"gridcolor": "#506784", "linecolor": "#506784", "ticks": ""}, "radialaxis": {"gridcolor": "#506784", "linecolor": "#506784", "ticks": ""}}, "ternary": {"bgcolor": "rgb(17,17,17)", "aaxis": {"gridcolor": "#506784", "linecolor": "#506784", "ticks": ""}, "baxis": {"gridcolor": "#506784", "linecolor": "#506784", "ticks": ""}, "caxis": {"gridcolor": "#506784", "linecolor": "#506784", "ticks": ""}}, "coloraxis": {"colorbar": {"outlinewidth": 0, "ticks": ""}}, "colorscale": {"sequential": [[0.0, "#0d0887"], [0.1111111111111111, "#46039f"], [0.2222222222222222, "#7201a8"], [0.3333333333333333, "#9c179e"], [0.4444444444444444, "#bd3786"], [0.5555555555555556, "#d8576b"], [0.6666666666666666, "#ed7953"], [0.7777777777777778, "#fb9f3a"], [0.8888888888888888, "#fdca26"], [1.0, "#f0f921"]], "sequentialminus": [[0.0, "#0d0887"], [0.1111111111111111, "#46039f"], [0.2222222222222222, "#7201a8"], [0.3333333333333333, "#9c179e"], [0.4444444444444444, "#bd3786"], [0.5555555555555556, "#d8576b"], [0.6666666666666666, "#ed7953"], [0.7777777777777778, "#fb9f3a"], [0.8888888888888888, "#fdca26"], [1.0, "#f0f921"]], "diverging": [[0, "#8e0152"], [0.1, "#c51b7d"], [0.2, "#de77ae"], [0.3, "#f1b6da"], [0.4, "#fde0ef"], [0.5, "#f7f7f7"], [0.6, "#e6f5d0"], [0.7, "#b8e186"], [0.8, "#7fbc41"], [0.9, "#4d9221"], [1, "#276419"]]}, "xaxis": {"gridcolor": "rgba(0, 0, 0, 0)", "linecolor": "#506784", "ticks": "", "title": {"standoff": 15}, "zerolinecolor": "#283442", "automargin": true, "zerolinewidth": 2, "tickfont": {"family": "Courier New", "size": 14}, "side": "top", "tickangle": -90}, "yaxis": {"gridcolor": "rgba(0, 0, 0, 0)", "linecolor": "#506784", "ticks": "", "title": {"standoff": 15}, "zerolinecolor": "#283442", "automargin": true, "zerolinewidth": 2, "tickfont": {"family": "Courier New"}, "side": "right"}, "scene": {"xaxis": {"backgroundcolor": "rgb(17,17,17)", "gridcolor": "#506784", "linecolor": "#506784", "showbackground": true, "ticks": "", "zerolinecolor": "#C8D4E3", "gridwidth": 2}, "yaxis": {"backgroundcolor": "rgb(17,17,17)", "gridcolor": "#506784", "linecolor": "#506784", "showbackground": true, "ticks": "", "zerolinecolor": "#C8D4E3", "gridwidth": 2}, "zaxis": {"backgroundcolor": "rgb(17,17,17)", "gridcolor": "#506784", "linecolor": "#506784", "showbackground": true, "ticks": "", "zerolinecolor": "#C8D4E3", "gridwidth": 2}}, "shapedefaults": {"line": {"color": "#f2f5fa"}}, "annotationdefaults": {"arrowcolor": "#f2f5fa", "arrowhead": 0, "arrowwidth": 1}, "geo": {"bgcolor": "rgb(17,17,17)", "landcolor": "rgb(17,17,17)", "subunitcolor": "#506784", "showland": true, "showlakes": true, "lakecolor": "rgb(17,17,17)"}, "title": {"x": 0.05, "font": {"family": "Times New Roman"}, "y": 0.05, "text": "<b>Correlation of Adj Close<b><br><i>2016-09-23 ~ 2025-07-30<i>"}, "updatemenudefaults": {"bgcolor": "#506784", "borderwidth": 0}, "sliderdefaults": {"bgcolor": "#C8D4E3", "borderwidth": 1, "bordercolor": "rgb(17,17,17)", "tickwidth": 0}, "mapbox": {"style": "dark"}, "annotations": [{"text": "<b>@zwindr<b>", "textangle": 0, "opacity": 0.5, "font": {"color": "white", "size": 12}, "xref": "paper", "yref": "paper", "xanchor": "left", "yanchor": "bottom", "x": 1.0, "y": 1.0, "showarrow": false}]}, "config": {"responsive": true, "toImageButtonOptions": {"filename": "Correlation of Adj Close_2016-09-23~2025-07-30", "scale": 5}}};

Plotly.newPlot("correlationAdjClose",
    correlationAdjClose.data,
    correlationAdjClose.layout || {},
    correlationAdjClose.config);