var correlationClose = {"data": [{"type": "heatmap", "z": [[1.0, 0.9999999999999982, 1.0, 0.9955825659442313, 0.9955825659442313, 0.9611835458770825, 0.9611835458770825, 0.8965303317363306, 0.8965303317363306, 0.9250426414808199, 0.9950833585824187, 0.9398278243683117, 0.9926010714847288, 0.9921804493159229, 0.9950307938478016, 0.9716141778656924, 0.99888267437273, 0.9267464942988185, 0.7829047599350875, -0.0803955869697657, 0.976693808014329, 0.061571818405253435, -0.004759139926550229, -0.25183471177744127, 0.8242814941798354, 0.9510228793608018, 0.904452878635738, 0.9275947967208962, 0.7682170238083488, 0.47838869032526155, 0.6108546766526326, 0.6389643422183087, 0.9282242230572092, 0.8109984051862645, 0.16919151577045788], [0.9999999999999982, 1.0, 0.9999999999999983, 0.9955305776538661, 0.9955305776538661, 0.9605393287144613, 0.9605393287144613, 0.8978024794353677, 0.8978024794353677, 0.9254435393439924, 0.9950571712460464, 0.94042014409562, 0.9923349792362326, 0.9915910665788829, 0.9950007616774609, 0.9708492672967813, 0.998884730999768, 0.9273187651867913, 0.8035093352943743, 0.1272498681150208, 0.9676354510622368, -0.10146111637067945, 0.0038542653975215994, -0.25208052362167954, 0.6483243581579424, 0.9511010438621775, 0.8762575104181889, 0.9220900654317363, 0.781246115439376, 0.46899767848710056, 0.6074012002827233, 0.6696769201636613, 0.9252215970067101, 0.6730126390456039, 0.1653647271928721], [1.0, 0.9999999999999983, 1.0, 0.9955825659442313, 0.9955825659442313, 0.9611835458770825, 0.9611835458770825, 0.8965303317363306, 0.8965303317363306, 0.9250426414808199, 0.9950833585824187, 0.9398278243683117, 0.9926010714847288, 0.9921804493159229, 0.9950307938478016, 0.9716141778656924, 0.99888267437273, 0.9267464942988185, 0.7829047599350875, -0.0803955869697657, 0.976693808014329, 0.061571818405253435, -0.004759139926550229, -0.25183471177744127, 0.8242814941798354, 0.9510228793608018, 0.904452878635738, 0.9275947967208962, 0.7682170238083488, 0.47838869032526155, 0.6108546766526326, 0.6389643422183087, 0.9282242230572092, 0.8109984051862645, 0.16919151577045788], [0.9955825659442313, 0.9955305776538661, 0.9955825659442313, 1.0, 1.0, 0.9481019032577606, 0.9481019032577606, 0.8824735010119406, 0.8824735010119406, 0.9181163203040356, 0.9994632078982877, 0.9349095024066825, 0.9881563095914188, 0.9838957609115082, 0.9993996940625071, 0.9540555016223877, 0.9947377605192194, 0.9080882152552323, 0.7623598617547462, -0.08607153983841823, 0.988595545339373, 0.08132861285951434, -0.03574549950283491, -0.2554197804344319, 0.8246428936793266, 0.9427046604285134, 0.9096604703058287, 0.9171600291174028, 0.7799043493710593, 0.5048444376928034, 0.6052968132517452, 0.6132168505113237, 0.9216730805246334, 0.8008342506482768, 0.1816443959616205], [0.9955825659442313, 0.9955305776538661, 0.9955825659442313, 1.0, 1.0, 0.9481019032577606, 0.9481019032577606, 0.8824735010119406, 0.8824735010119406, 0.9181163203040356, 0.9994632078982877, 0.9349095024066825, 0.9881563095914188, 0.9838957609115082, 0.9993996940625071, 0.9540555016223877, 0.9947377605192194, 0.9080882152552323, 0.7623598617547462, -0.08607153983841823, 0.988595545339373, 0.08132861285951434, -0.03574549950283491, -0.2554197804344319, 0.8246428936793266, 0.9427046604285134, 0.9096604703058287, 0.9171600291174028, 0.7799043493710593, 0.5048444376928034, 0.6052968132517452, 0.6132168505113237, 0.9216730805246334, 0.8008342506482768, 0.1816443959616205], [0.9611835458770825, 0.9605393287144613, 0.9611835458770825, 0.9481019032577606, 0.9481019032577606, 1.0, 1.0, 0.9234308054771888, 0.9234308054771888, 0.8947578823817239, 0.9515885188781785, 0.9052595110679666, 0.9765107759039254, 0.9752754432987353, 0.9512144939676022, 0.9989780312075724, 0.9720247598680551, 0.9196735499437093, 0.625422770513835, -0.0237635057561773, 0.9325095306026601, 0.24432185812125898, -0.20979853072226856, -0.10627997964361416, 0.895377281028751, 0.9107092724536371, 0.9244527894880059, 0.8949733204672761, 0.7264525063406018, 0.7051390748942167, 0.7236414972514348, 0.7146656826794962, 0.845709716219659, 0.8457457976711461, 0.46106352052883076], [0.9611835458770825, 0.9605393287144613, 0.9611835458770825, 0.9481019032577606, 0.9481019032577606, 1.0, 1.0, 0.9234308054771888, 0.9234308054771888, 0.8947578823817239, 0.9515885188781785, 0.9052595110679666, 0.9765107759039254, 0.9752754432987353, 0.9512144939676022, 0.9989780312075724, 0.9720247598680551, 0.9196735499437093, 0.625422770513835, -0.0237635057561773, 0.9325095306026601, 0.24432185812125898, -0.20979853072226856, -0.10627997964361416, 0.895377281028751, 0.9107092724536371, 0.9244527894880059, 0.8949733204672761, 0.7264525063406018, 0.7051390748942167, 0.7236414972514348, 0.7146656826794962, 0.845709716219659, 0.8457457976711461, 0.46106352052883076], [0.8965303317363306, 0.8978024794353677, 0.8965303317363306, 0.8824735010119406, 0.8824735010119406, 0.9234308054771888, 0.9234308054771888, 1.0, 1.0, 0.8741340375345575, 0.9384440597677456, 0.8679187609255816, 0.947346789086471, 0.9424667123427194, 0.9380653987715792, 0.9242381408155512, 0.940102474864175, 0.9728376087159948, 0.5602421000957675, 0.09694446662769965, 0.8393669428997038, 0.4973834641747829, -0.23441475362149022, 0.035577834888155996, 0.7847808749258867, 0.8033310153542406, 0.8609819766439382, 0.8410262381954731, 0.7396886584998671, 0.8686814527005821, 0.7674734332937424, 0.7187576251932355, 0.7705485397090893, 0.8334125336944773, 0.8001088516912204], [0.8965303317363306, 0.8978024794353677, 0.8965303317363306, 0.8824735010119406, 0.8824735010119406, 0.9234308054771888, 0.9234308054771888, 1.0, 1.0, 0.8741340375345575, 0.9384440597677456, 0.8679187609255816, 0.947346789086471, 0.9424667123427194, 0.9380653987715792, 0.9242381408155512, 0.940102474864175, 0.9728376087159948, 0.5602421000957675, 0.09694446662769965, 0.8393669428997038, 0.4973834641747829, -0.23441475362149022, 0.035577834888155996, 0.7847808749258867, 0.8033310153542406, 0.8609819766439382, 0.8410262381954731, 0.7396886584998671, 0.8686814527005821, 0.7674734332937424, 0.7187576251932355, 0.7705485397090893, 0.8334125336944773, 0.8001088516912204], [0.9250426414808199, 0.9254435393439924, 0.9250426414808199, 0.9181163203040356, 0.9181163203040356, 0.8947578823817239, 0.8947578823817239, 0.8741340375345575, 0.8741340375345575, 1.0, 0.914217165067999, 0.9999756908668264, 0.8971623439946711, 0.8675050873883386, 0.9153065949512692, 0.8966905695915874, 0.9224161080110193, 0.8940523237437633, 0.7745211621642867, 0.2330057291754233, 0.9047727883464735, 0.7665888119558499, -0.3092111723602686, 0.3967709941530682, 0.8548619163756813, 0.8161798032050092, 0.8714055810020401, 0.8525905914785513, 0.7454658937922977, 0.7582686801977492, 0.8152254172841175, 0.7924110866041224, 0.8327148084141602, 0.8764376183603773, 0.7725955266626092], [0.9950833585824187, 0.9950571712460464, 0.9950833585824187, 0.9994632078982877, 0.9994632078982877, 0.9515885188781785, 0.9515885188781785, 0.9384440597677456, 0.9384440597677456, 0.914217165067999, 1.0, 0.9140307724161534, 0.9878998522095793, 0.9842144986713809, 0.9999133598941035, 0.9519915357696621, 0.9938404763895768, 0.9263835717531417, 0.8414800215406786, 0.16224045923372118, 0.9955571002716047, 0.8486459505212428, -0.4218641528015475, 0.368845924504281, 0.8668650282340167, 0.9173613222643578, 0.9407979094480267, 0.9124655331180949, 0.8021365755865071, 0.8905159040430339, 0.8717439011058086, 0.8145727442809662, 0.8951913437705459, 0.9421513376518029, 0.7830487290634366], [0.9398278243683117, 0.94042014409562, 0.9398278243683117, 0.9349095024066825, 0.9349095024066825, 0.9052595110679666, 0.9052595110679666, 0.8679187609255816, 0.8679187609255816, 0.9999756908668264, 0.9140307724161534, 1.0, 0.8971591953118352, 0.8673887802571376, 0.9153461719764073, 0.9070975207203523, 0.9267530499576573, 0.886954784003412, 0.7136473626026856, 0.001051512032406518, 0.9214774315998006, 0.5975667433435713, -0.22410739629147505, -0.23797392379149676, 0.8630093180536726, 0.8551958524386712, 0.8501520330781693, 0.8687139208418609, 0.7844275921079465, 0.7555892706417209, 0.7857250958762576, 0.7187991169896985, 0.8653710547719563, 0.7651886861248215, 0.7319222107539344], [0.9926010714847288, 0.9923349792362326, 0.9926010714847288, 0.9881563095914188, 0.9881563095914188, 0.9765107759039254, 0.9765107759039254, 0.947346789086471, 0.947346789086471, 0.8971623439946711, 0.9878998522095793, 0.8971591953118352, 1.0, 0.9996833126358657, 0.9878120629836225, 0.9747342281114652, 0.9896564468430241, 0.9221375055945153, 0.8080198006264986, 0.2006914279729123, 0.985462700271222, 0.8735826255893644, -0.6081639532900213, 0.4470510956089961, 0.8479024442701658, 0.9328222398248415, 0.9576001857978489, 0.9067387613200971, 0.7243656728904608, 0.8909529009776186, 0.8514799460302808, 0.8061187183583739, 0.8758288531365699, 0.9629305500796576, 0.8191405510117168], [0.9921804493159229, 0.9915910665788829, 0.9921804493159229, 0.9838957609115082, 0.9838957609115082, 0.9752754432987353, 0.9752754432987353, 0.9424667123427194, 0.9424667123427194, 0.8675050873883386, 0.9842144986713809, 0.8673887802571376, 0.9996833126358657, 1.0, 0.9842895277803912, 0.9723946505748723, 0.9878920750968051, 0.909847489383811, 0.8265149897969518, 0.08073004234062994, 0.9796665889469762, 0.8825427976616583, -0.8200259675543136, 0.4948184858304526, 0.8056924419720553, 0.9387144988645849, 0.955406382114471, 0.8929486291583209, 0.6387335524178984, 0.9015493872815706, 0.8377432291042917, 0.7572799928952323, 0.9089466989669543, 0.9653592152263372, 0.7890213757881556], [0.9950307938478016, 0.9950007616774609, 0.9950307938478016, 0.9993996940625071, 0.9993996940625071, 0.9512144939676022, 0.9512144939676022, 0.9380653987715792, 0.9380653987715792, 0.9153065949512692, 0.9999133598941035, 0.9153461719764073, 0.9878120629836225, 0.9842895277803912, 1.0, 0.9517309227740023, 0.9938151033413918, 0.9266439326433846, 0.8424477473827156, 0.16256477120776947, 0.9954287458248857, 0.8478742838160961, -0.41827387637562985, 0.367901928321224, 0.8668626167855078, 0.9156406621502371, 0.939664017147729, 0.9128553180185961, 0.8033553545992709, 0.8898070348511352, 0.8727887157775478, 0.8156335735956294, 0.8948547518723046, 0.9418705524841366, 0.7830582356136946], [0.9716141778656924, 0.9708492672967813, 0.9716141778656924, 0.9540555016223877, 0.9540555016223877, 0.9989780312075724, 0.9989780312075724, 0.9242381408155512, 0.9242381408155512, 0.8966905695915874, 0.9519915357696621, 0.9070975207203523, 0.9747342281114652, 0.9723946505748723, 0.9517309227740023, 1.0, 0.9736465146103581, 0.9193160362966348, 0.6740031194137179, -0.004053329731233105, 0.9434445485128563, 0.5732087079018527, -0.34259336781966465, -0.15992060467629882, 0.9083504990842506, 0.9227907390402639, 0.9197451451152098, 0.9032685417333209, 0.7668972875621968, 0.8330412344087025, 0.7736690179503166, 0.7723412590350129, 0.8696284078297947, 0.8426222954539797, 0.7885762811255627], [0.99888267437273, 0.998884730999768, 0.99888267437273, 0.9947377605192194, 0.9947377605192194, 0.9720247598680551, 0.9720247598680551, 0.940102474864175, 0.940102474864175, 0.9224161080110193, 0.9938404763895768, 0.9267530499576573, 0.9896564468430241, 0.9878920750968051, 0.9938151033413918, 0.9736465146103581, 1.0, 0.942413725710482, 0.8478053860668482, 0.1616030740546517, 0.9867560226970176, 0.8180255626630979, -0.4023742687736943, 0.38086249804363786, 0.9000206205226924, 0.9314316180845004, 0.9444743727741598, 0.9369567893203947, 0.8229372797882217, 0.8791837673116425, 0.8982822301586785, 0.8447763046223727, 0.9070460743058714, 0.9465910400106781, 0.8385527821206706], [0.9267464942988185, 0.9273187651867913, 0.9267464942988185, 0.9080882152552323, 0.9080882152552323, 0.9196735499437093, 0.9196735499437093, 0.9728376087159948, 0.9728376087159948, 0.8940523237437633, 0.9263835717531417, 0.886954784003412, 0.9221375055945153, 0.909847489383811, 0.9266439326433846, 0.9193160362966348, 0.942413725710482, 1.0, 0.7278080896517384, 0.01600355400556222, 0.8710091436799287, 0.5080277903917975, -0.12980302262764729, -0.20110914431853308, 0.8226279180633279, 0.8372303581477699, 0.828791535286567, 0.9120184188450828, 0.8294081145610147, 0.7975449571316766, 0.7420137270109567, 0.7005198062841295, 0.8365766786091893, 0.7637538657994645, 0.8466867163220245], [0.7829047599350875, 0.8035093352943743, 0.7829047599350875, 0.7623598617547462, 0.7623598617547462, 0.625422770513835, 0.625422770513835, 0.5602421000957675, 0.5602421000957675, 0.7745211621642867, 0.8414800215406786, 0.7136473626026856, 0.8080198006264986, 0.8265149897969518, 0.8424477473827156, 0.6740031194137179, 0.8478053860668482, 0.7278080896517384, 1.0, 0.06021647488531401, 0.7248706077721644, -0.4376237406175176, 0.3868573390190832, -0.6619967521904923, 0.33305407332146175, 0.8011945821316613, 0.48256993790135977, 0.8295793332114471, 0.6804711585151986, 0.03931848238888611, 0.2768440685884039, 0.5571092495623667, 0.7756579981363406, 0.45763423089759975, -0.17072764510798108], [-0.0803955869697657, 0.1272498681150208, -0.0803955869697657, -0.08607153983841823, -0.08607153983841823, -0.0237635057561773, -0.0237635057561773, 0.09694446662769965, 0.09694446662769965, 0.2330057291754233, 0.16224045923372118, 0.001051512032406518, 0.2006914279729123, 0.08073004234062994, 0.16256477120776947, -0.004053329731233105, 0.1616030740546517, 0.01600355400556222, 0.06021647488531401, 1.0, -0.04795041230578462, 0.13636742376427105, 0.11810304697972698, 0.7524169223111303, -0.07717057288408583, 0.04224313949461444, 0.0339815033779503, 0.19867692334469692, 0.03765475863074408, 0.11910144819395087, 0.38799709384200093, 0.5959810527700244, -0.08055025259321295, 0.1606239540433883, 0.17314715684838441], [0.976693808014329, 0.9676354510622368, 0.976693808014329, 0.988595545339373, 0.988595545339373, 0.9325095306026601, 0.9325095306026601, 0.8393669428997038, 0.8393669428997038, 0.9047727883464735, 0.9955571002716047, 0.9214774315998006, 0.985462700271222, 0.9796665889469762, 0.9954287458248857, 0.9434445485128563, 0.9867560226970176, 0.8710091436799287, 0.7248706077721644, -0.04795041230578462, 1.0, -0.009753282508437107, -0.09843833890768511, -0.31488744454427536, 0.6870114356807896, 0.924690621223112, 0.8931504823909969, 0.8593841676796258, 0.7483115903160424, 0.5006115675989007, 0.5681853947289366, 0.543033122237926, 0.8999475561069873, 0.6481868073760799, 0.16017552597441992], [0.061571818405253435, -0.10146111637067945, 0.061571818405253435, 0.08132861285951434, 0.08132861285951434, 0.24432185812125898, 0.24432185812125898, 0.4973834641747829, 0.4973834641747829, 0.7665888119558499, 0.8486459505212428, 0.5975667433435713, 0.8735826255893644, 0.8825427976616583, 0.8478742838160961, 0.5732087079018527, 0.8180255626630979, 0.5080277903917975, -0.4376237406175176, 0.13636742376427105, -0.009753282508437107, 1.0, -0.42337233439887206, 0.7769585624879094, 0.3608385262856672, -0.058962798766651475, 0.25045129851281916, -0.16139897351012047, 0.01655506629151942, 0.5576792835294231, 0.4457998656936454, 0.1718870779513611, -0.08536328927250991, 0.3450983276341327, 0.46392805827412986], [-0.004759139926550229, 0.0038542653975215994, -0.004759139926550229, -0.03574549950283491, -0.03574549950283491, -0.20979853072226856, -0.20979853072226856, -0.23441475362149022, -0.23441475362149022, -0.3092111723602686, -0.4218641528015475, -0.22410739629147505, -0.6081639532900213, -0.8200259675543136, -0.41827387637562985, -0.34259336781966465, -0.4023742687736943, -0.12980302262764729, 0.3868573390190832, 0.11810304697972698, -0.09843833890768511, -0.42337233439887206, 1.0, -0.04768223875185702, -0.12912475715684488, -0.042714647104758884, -0.24270389902534448, 0.022433020732000007, -0.01478840662759481, -0.5331091338494145, -0.15408446089870545, 0.006281651164604257, 0.03286251694853117, -0.1540630285757502, -0.4012489874849327], [-0.25183471177744127, -0.25208052362167954, -0.25183471177744127, -0.2554197804344319, -0.2554197804344319, -0.10627997964361416, -0.10627997964361416, 0.035577834888155996, 0.035577834888155996, 0.3967709941530682, 0.368845924504281, -0.23797392379149676, 0.4470510956089961, 0.4948184858304526, 0.367901928321224, -0.15992060467629882, 0.38086249804363786, -0.20110914431853308, -0.6619967521904923, 0.7524169223111303, -0.31488744454427536, 0.7769585624879094, -0.04768223875185702, 1.0, -0.09868071768677655, -0.301598258867895, -0.05034324756822351, -0.3499848109182254, -0.3269066939215584, 0.10701800862380356, 0.18045415757413408, 0.2735530671663922, -0.3827823742411578, 0.14102747893752532, 0.10439514348336475], [0.8242814941798354, 0.6483243581579424, 0.8242814941798354, 0.8246428936793266, 0.8246428936793266, 0.895377281028751, 0.895377281028751, 0.7847808749258867, 0.7847808749258867, 0.8548619163756813, 0.8668650282340167, 0.8630093180536726, 0.8479024442701658, 0.8056924419720553, 0.8668626167855078, 0.9083504990842506, 0.9000206205226924, 0.8226279180633279, 0.33305407332146175, -0.07717057288408583, 0.6870114356807896, 0.3608385262856672, -0.12912475715684488, -0.09868071768677655, 1.0, 0.6140804249768688, 0.8439512547661192, 0.4800406476074285, 0.6146926201784442, 0.5299475795935488, 0.6454094850208576, 0.40829676843453155, 0.6968636373174634, 0.6951564403972195, 0.41033581559136423], [0.9510228793608018, 0.9511010438621775, 0.9510228793608018, 0.9427046604285134, 0.9427046604285134, 0.9107092724536371, 0.9107092724536371, 0.8033310153542406, 0.8033310153542406, 0.8161798032050092, 0.9173613222643578, 0.8551958524386712, 0.9328222398248415, 0.9387144988645849, 0.9156406621502371, 0.9227907390402639, 0.9314316180845004, 0.8372303581477699, 0.8011945821316613, 0.04224313949461444, 0.924690621223112, -0.058962798766651475, -0.042714647104758884, -0.301598258867895, 0.6140804249768688, 1.0, 0.8301524033328047, 0.8588484185127105, 0.7082419123714335, 0.34833629820379536, 0.4896978191809976, 0.6023910483961057, 0.9011705403448625, 0.6344396467719788, 0.059324193074056945], [0.904452878635738, 0.8762575104181889, 0.904452878635738, 0.9096604703058287, 0.9096604703058287, 0.9244527894880059, 0.9244527894880059, 0.8609819766439382, 0.8609819766439382, 0.8714055810020401, 0.9407979094480267, 0.8501520330781693, 0.9576001857978489, 0.955406382114471, 0.939664017147729, 0.9197451451152098, 0.9444743727741598, 0.828791535286567, 0.48256993790135977, 0.0339815033779503, 0.8931504823909969, 0.25045129851281916, -0.24270389902534448, -0.05034324756822351, 0.8439512547661192, 0.8301524033328047, 1.0, 0.7330021032078305, 0.5808526672747815, 0.5415151393843223, 0.5740299796700024, 0.5278677982936512, 0.7997455246531673, 0.8180125316302181, 0.20663847811502856], [0.9275947967208962, 0.9220900654317363, 0.9275947967208962, 0.9171600291174028, 0.9171600291174028, 0.8949733204672761, 0.8949733204672761, 0.8410262381954731, 0.8410262381954731, 0.8525905914785513, 0.9124655331180949, 0.8687139208418609, 0.9067387613200971, 0.8929486291583209, 0.9128553180185961, 0.9032685417333209, 0.9369567893203947, 0.9120184188450828, 0.8295793332114471, 0.19867692334469692, 0.8593841676796258, -0.16139897351012047, 0.022433020732000007, -0.3499848109182254, 0.4800406476074285, 0.8588484185127105, 0.7330021032078305, 1.0, 0.9008076306840721, 0.5013106389736882, 0.6690580341340773, 0.6690128885797123, 0.8703158832103369, 0.492023496921493, 0.2898668961166183], [0.7682170238083488, 0.781246115439376, 0.7682170238083488, 0.7799043493710593, 0.7799043493710593, 0.7264525063406018, 0.7264525063406018, 0.7396886584998671, 0.7396886584998671, 0.7454658937922977, 0.8021365755865071, 0.7844275921079465, 0.7243656728904608, 0.6387335524178984, 0.8033553545992709, 0.7668972875621968, 0.8229372797882217, 0.8294081145610147, 0.6804711585151986, 0.03765475863074408, 0.7483115903160424, 0.01655506629151942, -0.01478840662759481, -0.3269066939215584, 0.6146926201784442, 0.7082419123714335, 0.5808526672747815, 0.9008076306840721, 1.0, 0.5448662503725291, 0.6512227464721265, 0.6033705555041723, 0.7134278525460926, 0.555597480571508, 0.4709546951645882], [0.47838869032526155, 0.46899767848710056, 0.47838869032526155, 0.5048444376928034, 0.5048444376928034, 0.7051390748942167, 0.7051390748942167, 0.8686814527005821, 0.8686814527005821, 0.7582686801977492, 0.8905159040430339, 0.7555892706417209, 0.8909529009776186, 0.9015493872815706, 0.8898070348511352, 0.8330412344087025, 0.8791837673116425, 0.7975449571316766, 0.03931848238888611, 0.11910144819395087, 0.5006115675989007, 0.5576792835294231, -0.5331091338494145, 0.10701800862380356, 0.5299475795935488, 0.34833629820379536, 0.5415151393843223, 0.5013106389736882, 0.5448662503725291, 1.0, 0.7314736213171794, 0.3671528762774681, 0.4348868424768129, 0.5279536221713739, 0.7876309147173264], [0.6108546766526326, 0.6074012002827233, 0.6108546766526326, 0.6052968132517452, 0.6052968132517452, 0.7236414972514348, 0.7236414972514348, 0.7674734332937424, 0.7674734332937424, 0.8152254172841175, 0.8717439011058086, 0.7857250958762576, 0.8514799460302808, 0.8377432291042917, 0.8727887157775478, 0.7736690179503166, 0.8982822301586785, 0.7420137270109567, 0.2768440685884039, 0.38799709384200093, 0.5681853947289366, 0.4457998656936454, -0.15408446089870545, 0.18045415757413408, 0.6454094850208576, 0.4896978191809976, 0.5740299796700024, 0.6690580341340773, 0.6512227464721265, 0.7314736213171794, 1.0, 0.7771940766373283, 0.4638208341878013, 0.7131880926952662, 0.5482317640010156], [0.6389643422183087, 0.6696769201636613, 0.6389643422183087, 0.6132168505113237, 0.6132168505113237, 0.7146656826794962, 0.7146656826794962, 0.7187576251932355, 0.7187576251932355, 0.7924110866041224, 0.8145727442809662, 0.7187991169896985, 0.8061187183583739, 0.7572799928952323, 0.8156335735956294, 0.7723412590350129, 0.8447763046223727, 0.7005198062841295, 0.5571092495623667, 0.5959810527700244, 0.543033122237926, 0.1718870779513611, 0.006281651164604257, 0.2735530671663922, 0.40829676843453155, 0.6023910483961057, 0.5278677982936512, 0.6690128885797123, 0.6033705555041723, 0.3671528762774681, 0.7771940766373283, 1.0, 0.4829864414495577, 0.6697611516043231, 0.19490196755422304], [0.9282242230572092, 0.9252215970067101, 0.9282242230572092, 0.9216730805246334, 0.9216730805246334, 0.845709716219659, 0.845709716219659, 0.7705485397090893, 0.7705485397090893, 0.8327148084141602, 0.8951913437705459, 0.8653710547719563, 0.8758288531365699, 0.9089466989669543, 0.8948547518723046, 0.8696284078297947, 0.9070460743058714, 0.8365766786091893, 0.7756579981363406, -0.08055025259321295, 0.8999475561069873, -0.08536328927250991, 0.03286251694853117, -0.3827823742411578, 0.6968636373174634, 0.9011705403448625, 0.7997455246531673, 0.8703158832103369, 0.7134278525460926, 0.4348868424768129, 0.4638208341878013, 0.4829864414495577, 1.0, 0.7067314408235582, 0.15748605794285025], [0.8109984051862645, 0.6730126390456039, 0.8109984051862645, 0.8008342506482768, 0.8008342506482768, 0.8457457976711461, 0.8457457976711461, 0.8334125336944773, 0.8334125336944773, 0.8764376183603773, 0.9421513376518029, 0.7651886861248215, 0.9629305500796576, 0.9653592152263372, 0.9418705524841366, 0.8426222954539797, 0.9465910400106781, 0.7637538657994645, 0.45763423089759975, 0.1606239540433883, 0.6481868073760799, 0.3450983276341327, -0.1540630285757502, 0.14102747893752532, 0.6951564403972195, 0.6344396467719788, 0.8180125316302181, 0.492023496921493, 0.555597480571508, 0.5279536221713739, 0.7131880926952662, 0.6697611516043231, 0.7067314408235582, 1.0, 0.16644578391653445], [0.16919151577045788, 0.1653647271928721, 0.16919151577045788, 0.1816443959616205, 0.1816443959616205, 0.46106352052883076, 0.46106352052883076, 0.8001088516912204, 0.8001088516912204, 0.7725955266626092, 0.7830487290634366, 0.7319222107539344, 0.8191405510117168, 0.7890213757881556, 0.7830582356136946, 0.7885762811255627, 0.8385527821206706, 0.8466867163220245, -0.17072764510798108, 0.17314715684838441, 0.16017552597441992, 0.46392805827412986, -0.4012489874849327, 0.10439514348336475, 0.41033581559136423, 0.059324193074056945, 0.20663847811502856, 0.2898668961166183, 0.4709546951645882, 0.7876309147173264, 0.5482317640010156, 0.19490196755422304, 0.15748605794285025, 0.16644578391653445, 1.0]], "x": ["^TAIEX       \u81fa\u7063\u52a0\u6b0a\u5831\u916c\u6307\u6578", "^TWII        \u81fa\u7063\u52a0\u6b0a\u6307\u6578", "^TAIEXx2     \u81fa\u7063\u52a0\u6b0a\u5831\u916c\u6307\u6578_\u65e5\u6b632", "^TAI50I      \u81fa\u706350\u5831\u916c\u6307\u6578", "^TAI50Ix2    \u81fa\u706350\u5831\u916c\u6307\u6578_\u65e5\u6b632", "^TAI100I     \u81fa\u7063\u4e2d\u578b100\u5831\u916c\u6307\u6578", "^TAI100Ix2   \u81fa\u7063\u4e2d\u578b100\u5831\u916c\u6307\u6578_\u65e5\u6b632", "^TAIDIVIDI   \u81fa\u7063\u9ad8\u80a1\u606f\u5831\u916c\u6307\u6578", "^TAIDIVIDIx2 \u81fa\u7063\u9ad8\u80a1\u606f\u5831\u916c\u6307\u6578_\u65e5\u6b632", "0050Fund     \u5143\u5927\u53f0\u7063\u5353\u8d8a50\u57fa\u91d1", "006208Fund   \u5bcc\u90a6\u53f0\u7063\u91c6\u540950\u57fa\u91d1", "0050         \u5143\u5927\u81fa\u706350", "00631L       \u5143\u5927\u53f0\u706350\u6b632", "00675L       \u5bcc\u90a6\u81fa\u7063\u52a0\u6b0a\u6b632", "006208       \u5bcc\u90a6\u53f050", "0051         \u5143\u5927\u4e2d\u578b100", "006204       \u6c38\u8c50\u81fa\u7063\u52a0\u6b0a", "0056         \u5143\u5927\u9ad8\u80a1\u606f", "2412         \u4e2d\u83ef\u96fb\u4fe1", "2002         \u4e2d\u92fc", "2330         \u53f0\u7a4d\u96fb", "2317         \u9d3b\u6d77", "6505         \u53f0\u5851\u77f3\u5316", "3481         \u7fa4\u5275", "2303         \u806f\u96fb", "2308         \u53f0\u9054\u96fb", "2454         \u806f\u767c\u79d1", "2886         \u5146\u8c50\u91d1", "2884         \u7389\u5c71\u91d1", "2891         \u4e2d\u4fe1\u91d1", "2892         \u7b2c\u4e00\u91d1", "5880         \u5408\u5eab\u91d1", "2881         \u5bcc\u90a6\u91d1", "2885         \u5143\u5927\u91d1", "2887         \u53f0\u65b0\u91d1"], "y": ["^TAIEX       \u81fa\u7063\u52a0\u6b0a\u5831\u916c\u6307\u6578", "^TWII        \u81fa\u7063\u52a0\u6b0a\u6307\u6578", "^TAIEXx2     \u81fa\u7063\u52a0\u6b0a\u5831\u916c\u6307\u6578_\u65e5\u6b632", "^TAI50I      \u81fa\u706350\u5831\u916c\u6307\u6578", "^TAI50Ix2    \u81fa\u706350\u5831\u916c\u6307\u6578_\u65e5\u6b632", "^TAI100I     \u81fa\u7063\u4e2d\u578b100\u5831\u916c\u6307\u6578", "^TAI100Ix2   \u81fa\u7063\u4e2d\u578b100\u5831\u916c\u6307\u6578_\u65e5\u6b632", "^TAIDIVIDI   \u81fa\u7063\u9ad8\u80a1\u606f\u5831\u916c\u6307\u6578", "^TAIDIVIDIx2 \u81fa\u7063\u9ad8\u80a1\u606f\u5831\u916c\u6307\u6578_\u65e5\u6b632", "0050Fund     \u5143\u5927\u53f0\u7063\u5353\u8d8a50\u57fa\u91d1", "006208Fund   \u5bcc\u90a6\u53f0\u7063\u91c6\u540950\u57fa\u91d1", "0050         \u5143\u5927\u81fa\u706350", "00631L       \u5143\u5927\u53f0\u706350\u6b632", "00675L       \u5bcc\u90a6\u81fa\u7063\u52a0\u6b0a\u6b632", "006208       \u5bcc\u90a6\u53f050", "0051         \u5143\u5927\u4e2d\u578b100", "006204       \u6c38\u8c50\u81fa\u7063\u52a0\u6b0a", "0056         \u5143\u5927\u9ad8\u80a1\u606f", "2412         \u4e2d\u83ef\u96fb\u4fe1", "2002         \u4e2d\u92fc", "2330         \u53f0\u7a4d\u96fb", "2317         \u9d3b\u6d77", "6505         \u53f0\u5851\u77f3\u5316", "3481         \u7fa4\u5275", "2303         \u806f\u96fb", "2308         \u53f0\u9054\u96fb", "2454         \u806f\u767c\u79d1", "2886         \u5146\u8c50\u91d1", "2884         \u7389\u5c71\u91d1", "2891         \u4e2d\u4fe1\u91d1", "2892         \u7b2c\u4e00\u91d1", "5880         \u5408\u5eab\u91d1", "2881         \u5bcc\u90a6\u91d1", "2885         \u5143\u5927\u91d1", "2887         \u53f0\u65b0\u91d1"], "zmin": -1, "zmax": 1, "colorbar": {"x": -0.2}}], "layout": {"autotypenumbers": "strict", "colorway": ["#636efa", "#EF553B", "#00cc96", "#ab63fa", "#FFA15A", "#19d3f3", "#FF6692", "#B6E880", "#FF97FF", "#FECB52"], "font": {"color": "#f2f5fa", "family": "Courier New"}, "hovermode": "closest", "hoverlabel": {"align": "left"}, "paper_bgcolor": "rgb(17,17,17)", "plot_bgcolor": "rgb(17,17,17)", "polar": {"bgcolor": "rgb(17,17,17)", "angularaxis": {"gridcolor": "#506784", "linecolor": "#506784", "ticks": ""}, "radialaxis": {"gridcolor": "#506784", "linecolor": "#506784", "ticks": ""}}, "ternary": {"bgcolor": "rgb(17,17,17)", "aaxis": {"gridcolor": "#506784", "linecolor": "#506784", "ticks": ""}, "baxis": {"gridcolor": "#506784", "linecolor": "#506784", "ticks": ""}, "caxis": {"gridcolor": "#506784", "linecolor": "#506784", "ticks": ""}}, "coloraxis": {"colorbar": {"outlinewidth": 0, "ticks": ""}}, "colorscale": {"sequential": [[0.0, "#0d0887"], [0.1111111111111111, "#46039f"], [0.2222222222222222, "#7201a8"], [0.3333333333333333, "#9c179e"], [0.4444444444444444, "#bd3786"], [0.5555555555555556, "#d8576b"], [0.6666666666666666, "#ed7953"], [0.7777777777777778, "#fb9f3a"], [0.8888888888888888, "#fdca26"], [1.0, "#f0f921"]], "sequentialminus": [[0.0, "#0d0887"], [0.1111111111111111, "#46039f"], [0.2222222222222222, "#7201a8"], [0.3333333333333333, "#9c179e"], [0.4444444444444444, "#bd3786"], [0.5555555555555556, "#d8576b"], [0.6666666666666666, "#ed7953"], [0.7777777777777778, "#fb9f3a"], [0.8888888888888888, "#fdca26"], [1.0, "#f0f921"]], "diverging": [[0, "#8e0152"], [0.1, "#c51b7d"], [0.2, "#de77ae"], [0.3, "#f1b6da"], [0.4, "#fde0ef"], [0.5, "#f7f7f7"], [0.6, "#e6f5d0"], [0.7, "#b8e186"], [0.8, "#7fbc41"], [0.9, "#4d9221"], [1, "#276419"]]}, "xaxis": {"gridcolor": "rgba(0, 0, 0, 0)", "linecolor": "#506784", "ticks": "", "title": {"standoff": 15}, "zerolinecolor": "#283442", "automargin": true, "zerolinewidth": 2, "tickfont": {"family": "Courier New", "size": 14}, "side": "top", "tickangle": -90}, "yaxis": {"gridcolor": "rgba(0, 0, 0, 0)", "linecolor": "#506784", "ticks": "", "title": {"standoff": 15}, "zerolinecolor": "#283442", "automargin": true, "zerolinewidth": 2, "tickfont": {"family": "Courier New"}, "side": "right"}, "scene": {"xaxis": {"backgroundcolor": "rgb(17,17,17)", "gridcolor": "#506784", "linecolor": "#506784", "showbackground": true, "ticks": "", "zerolinecolor": "#C8D4E3", "gridwidth": 2}, "yaxis": {"backgroundcolor": "rgb(17,17,17)", "gridcolor": "#506784", "linecolor": "#506784", "showbackground": true, "ticks": "", "zerolinecolor": "#C8D4E3", "gridwidth": 2}, "zaxis": {"backgroundcolor": "rgb(17,17,17)", "gridcolor": "#506784", "linecolor": "#506784", "showbackground": true, "ticks": "", "zerolinecolor": "#C8D4E3", "gridwidth": 2}}, "shapedefaults": {"line": {"color": "#f2f5fa"}}, "annotationdefaults": {"arrowcolor": "#f2f5fa", "arrowhead": 0, "arrowwidth": 1}, "geo": {"bgcolor": "rgb(17,17,17)", "landcolor": "rgb(17,17,17)", "subunitcolor": "#506784", "showland": true, "showlakes": true, "lakecolor": "rgb(17,17,17)"}, "title": {"x": 0.05, "font": {"family": "Times New Roman"}, "y": 0.05, "text": "<b>Correlation of Close<b><br><i>2016-09-23 ~ 2025-08-01<i>"}, "updatemenudefaults": {"bgcolor": "#506784", "borderwidth": 0}, "sliderdefaults": {"bgcolor": "#C8D4E3", "borderwidth": 1, "bordercolor": "rgb(17,17,17)", "tickwidth": 0}, "mapbox": {"style": "dark"}, "annotations": [{"text": "<b>@zwindr<b>", "textangle": 0, "opacity": 0.5, "font": {"color": "white", "size": 12}, "xref": "paper", "yref": "paper", "xanchor": "left", "yanchor": "bottom", "x": 1.0, "y": 1.0, "showarrow": false}]}, "config": {"responsive": true, "toImageButtonOptions": {"filename": "Correlation of Close_2016-09-23~2025-08-01", "scale": 5}}};

Plotly.newPlot("correlationClose",
    correlationClose.data,
    correlationClose.layout || {},
    correlationClose.config);