var config = { responsive: true }

var correlationAdjClose = {"data": [{"type": "heatmap", "z": [[1.0, 0.9935489435579448, 0.9754312582121625, 0.9978139391713936, 0.9638935889151082, 0.980173590716678, -0.9385042499954428, 0.989274338122356, 0.9674610744525394, 0.9966178333436038, 0.9929810778575177, 0.9940616808770999, 0.9972470901012755, 0.9776621824248732, 0.9995512289958892, 0.9863307156556003, 0.9120206391211212, 0.7610163573663614, 0.9858112171887492, 0.9228489624511325, 0.4917242710263954, -0.2680224827712407, 0.8974464136231947, 0.9730504854536777, 0.9508167878426008], [0.9935489435579448, 1.0, 0.9707649700620242, 0.9912028486430355, 0.9597409160312679, 0.975196218260402, -0.933574152341849, 0.979391565229412, 0.9601534531632185, 0.99385040717522, 0.9918142757795332, 0.9911082729802855, 0.9952524073168542, 0.972354935100757, 0.9963005269071136, 0.9822857210917969, 0.9005521465111291, 0.7671350119962468, 0.9664979748382777, 0.9007134287484613, 0.48841880279543193, -0.189529977815408, 0.8692247708731986, 0.9601791763479663, 0.951209158292892], [0.9754312582121625, 0.9707649700620242, 1.0, 0.9813260900638122, 0.9963000267345182, 0.9785175833510651, -0.9745937311625043, 0.9684567634947429, 0.9827257198238014, 0.9853704339076363, 0.9975152795834121, 0.997475160215328, 0.9882941455571427, 0.9768944918727434, 0.9873456826628352, 0.975035463699419, 0.8131538034299819, 0.6522532477757692, 0.9893146927138846, 0.9112399473449062, 0.3252331742471943, -0.1862742044708334, 0.9061561438031396, 0.9387645176392052, 0.9772584033173758], [0.9978139391713936, 0.9912028486430355, 0.9813260900638122, 1.0, 0.9749505391121494, 0.9724114875232962, -0.9330597064410983, 0.9837456359830055, 0.9646238556649148, 0.99924922033997, 0.9922756609931649, 0.9910393766916519, 0.9999011823660853, 0.9675344705278713, 0.9960269456719916, 0.981144154888617, 0.8977287527380503, 0.7339297710812978, 0.9931858300019544, 0.9246669316726192, 0.4721482436905092, -0.2603708198718515, 0.8972300321131671, 0.966958517738831, 0.9566505381158872], [0.9638935889151082, 0.9597409160312679, 0.9963000267345182, 0.9749505391121494, 1.0, 0.958550848266353, -0.9562585594606818, 0.9539695661249581, 0.97057384609778, 0.9816205437026208, 0.9884202904312747, 0.9849320838573189, 0.9845795699987115, 0.9561033995521795, 0.9759112546619453, 0.9606903610839808, 0.7930743052181213, 0.620581518679843, 0.9882546668095377, 0.9083616961859279, 0.3062236630055666, -0.1806680520111191, 0.8900602752806196, 0.9237484540555924, 0.9749851149627505], [0.980173590716678, 0.975196218260402, 0.9785175833510651, 0.9724114875232962, 0.958550848266353, 1.0, -0.9793762729576515, 0.9791246836847599, 0.9786209751122449, 0.9715184574786313, 0.9757898338277993, 0.9737076784653245, 0.9681848532541911, 0.9988587413143475, 0.9857744813345808, 0.9855744411902762, 0.8502823343294754, 0.7272029567826631, 0.966962520979028, 0.8896204618884174, 0.35301476477684207, -0.17372774127326973, 0.9349525617531494, 0.9549985677219079, 0.957553748462351], [-0.9385042499954428, -0.933574152341849, -0.9745937311625043, -0.9330597064410983, -0.9562585594606818, -0.9793762729576515, 1.0, -0.9480886380156724, -0.9823736132922547, -0.9408669473097134, -0.9725327879566948, -0.9745782715533737, -0.9465885183987925, -0.9857875436930376, -0.962853552777267, -0.9642924154569663, -0.7574043266888786, -0.623060030070095, -0.9396595386206823, -0.8760147329352567, -0.2057248375756809, 0.10431909883011566, -0.9018732714892166, -0.9082174533766837, -0.9549041502126285], [0.989274338122356, 0.979391565229412, 0.9684567634947429, 0.9837456359830055, 0.9539695661249581, 0.9791246836847599, -0.9480886380156724, 1.0, 0.9811426346823185, 0.9805856544022252, 0.9743006814520117, 0.9733572742984149, 0.9789992126687365, 0.975115149642592, 0.9867394880041791, 0.9963456699554492, 0.9196569830650616, 0.6993577199425768, 0.9737444238816476, 0.8957614514203202, 0.3632504306114731, -0.27622131232058883, 0.9028004545154404, 0.9536257501462648, 0.9326878981535927], [0.9674610744525394, 0.9601534531632185, 0.9827257198238014, 0.9646238556649148, 0.97057384609778, 0.9786209751122449, -0.9823736132922547, 0.9811426346823185, 1.0, 0.9637694340041643, 0.9710002517362598, 0.9679336403878848, 0.9606940423903995, 0.976817507930421, 0.9680186359471535, 0.986853355284325, 0.8417686856445755, 0.6249618467556879, 0.9652494934894316, 0.90371678522722, 0.2173988026985899, -0.19009254846019008, 0.8841928443319261, 0.9278353047191107, 0.9563328817095893], [0.9966178333436038, 0.99385040717522, 0.9853704339076363, 0.99924922033997, 0.9816205437026208, 0.9715184574786313, -0.9408669473097134, 0.9805856544022252, 0.9637694340041643, 1.0, 0.991177370823255, 0.9895485592528995, 0.9998358660249865, 0.968500369974712, 0.9952602449604616, 0.9812678428561408, 0.9099506661973216, 0.7120756353812351, 0.9955565336164433, 0.9179615088512715, 0.30147143770244006, -0.164658334155073, 0.9299969143725361, 0.9561552409255747, 0.9546195612920769], [0.9929810778575177, 0.9918142757795332, 0.9975152795834121, 0.9922756609931649, 0.9884202904312747, 0.9757898338277993, -0.9725327879566948, 0.9743006814520117, 0.9710002517362598, 0.991177370823255, 1.0, 0.9996566001320265, 0.9920080268205286, 0.9768353499162032, 0.99330756883497, 0.9757756831525254, 0.9044851629190509, 0.6128071456352329, 0.9881778668277351, 0.8885310510700215, -0.25216288374719703, 0.6483138786918582, 0.9074798192756437, 0.9518463220733618, 0.9765967042884751], [0.9940616808770999, 0.9911082729802855, 0.997475160215328, 0.9910393766916519, 0.9849320838573189, 0.9737076784653245, -0.9745782715533737, 0.9733572742984149, 0.9679336403878848, 0.9895485592528995, 0.9996566001320265, 1.0, 0.990767256759297, 0.9748559097386141, 0.9941288599942086, 0.9750604920074291, 0.9139605572323241, 0.504141842254203, 0.9836699523800881, 0.8746131378545879, -0.6796268336886043, 0.6344725442065684, 0.8806545690812819, 0.9485900967869422, 0.9761125938439923], [0.9972470901012755, 0.9952524073168542, 0.9882941455571427, 0.9999011823660853, 0.9845795699987115, 0.9681848532541911, -0.9465885183987925, 0.9789992126687365, 0.9606940423903995, 0.9998358660249865, 0.9920080268205286, 0.990767256759297, 1.0, 0.9689569365109865, 0.9955913291839635, 0.9800559167418992, 0.9272560116006726, 0.6750009092936693, 0.9970847851488234, 0.8974284510672561, 0.05368885932041046, 0.62113318301177, 0.9197802029931746, 0.9482333243260148, 0.9628370740757132], [0.9776621824248732, 0.972354935100757, 0.9768944918727434, 0.9675344705278713, 0.9561033995521795, 0.9988587413143475, -0.9857875436930376, 0.975115149642592, 0.976817507930421, 0.968500369974712, 0.9768353499162032, 0.9748559097386141, 0.9689569365109865, 1.0, 0.9859385516790508, 0.983280625649885, 0.8642242743740935, 0.7303726901643214, 0.9623493372355301, 0.8789067650144549, 0.21540733005989723, -0.08335146454323067, 0.9442189075244714, 0.9499170662853729, 0.9565952288320418], [0.9995512289958892, 0.9963005269071136, 0.9873456826628352, 0.9960269456719916, 0.9759112546619453, 0.9857744813345808, -0.962853552777267, 0.9867394880041791, 0.9680186359471535, 0.9952602449604616, 0.99330756883497, 0.9941288599942086, 0.9955913291839635, 0.9859385516790508, 1.0, 0.9870720397919546, 0.9343235092687378, 0.7109285935515011, 0.9896399087560651, 0.8940715696913626, 0.09767383006174984, 0.6379070871156147, 0.9373226172878306, 0.9585734196925515, 0.9619060523809275], [0.9863307156556003, 0.9822857210917969, 0.975035463699419, 0.981144154888617, 0.9606903610839808, 0.9855744411902762, -0.9642924154569663, 0.9963456699554492, 0.986853355284325, 0.9812678428561408, 0.9757756831525254, 0.9750604920074291, 0.9800559167418992, 0.983280625649885, 0.9870720397919546, 1.0, 0.9018696413687933, 0.7011435054800633, 0.9730602787595589, 0.8953789462646081, 0.29578909689933397, -0.15682060475260673, 0.9145742242808638, 0.9432644185627022, 0.9440127412045322], [0.9120206391211212, 0.9005521465111291, 0.8131538034299819, 0.8977287527380503, 0.7930743052181213, 0.8502823343294754, -0.7574043266888786, 0.9196569830650616, 0.8417686856445755, 0.9099506661973216, 0.9044851629190509, 0.9139605572323241, 0.9272560116006726, 0.8642242743740935, 0.9343235092687378, 0.9018696413687933, 1.0, 0.8599718600326054, 0.8461547227281425, 0.8720204271197413, 0.73830217963993, -0.520324881477859, 0.6696951017654426, 0.9096208246400632, 0.7854829177011701], [0.7610163573663614, 0.7671350119962468, 0.6522532477757692, 0.7339297710812978, 0.620581518679843, 0.7272029567826631, -0.623060030070095, 0.6993577199425768, 0.6249618467556879, 0.7120756353812351, 0.6128071456352329, 0.504141842254203, 0.6750009092936693, 0.7303726901643214, 0.7109285935515011, 0.7011435054800633, 0.8599718600326054, 1.0, 0.6545114843903271, 0.7580514220125182, 0.734975267095637, -0.09206534215298036, 0.5392113424594289, 0.7715179666962423, 0.6572886691790596], [0.9858112171887492, 0.9664979748382777, 0.9893146927138846, 0.9931858300019544, 0.9882546668095377, 0.966962520979028, -0.9396595386206823, 0.9737444238816476, 0.9652494934894316, 0.9955565336164433, 0.9881778668277351, 0.9836699523800881, 0.9970847851488234, 0.9623493372355301, 0.9896399087560651, 0.9730602787595589, 0.8461547227281425, 0.6545114843903271, 1.0, 0.8958715101369978, 0.4015948912353703, -0.2548022558447424, 0.8857019345624022, 0.9492223530352031, 0.9662754362582053], [0.9228489624511325, 0.9007134287484613, 0.9112399473449062, 0.9246669316726192, 0.9083616961859279, 0.8896204618884174, -0.8760147329352567, 0.8957614514203202, 0.90371678522722, 0.9179615088512715, 0.8885310510700215, 0.8746131378545879, 0.8974284510672561, 0.8789067650144549, 0.8940715696913626, 0.8953789462646081, 0.8720204271197413, 0.7580514220125182, 0.8958715101369978, 1.0, 0.44702788899597484, -0.16756513487980776, 0.6927722149768963, 0.918207804445885, 0.8799124464407878], [0.4917242710263954, 0.48841880279543193, 0.3252331742471943, 0.4721482436905092, 0.3062236630055666, 0.35301476477684207, -0.2057248375756809, 0.3632504306114731, 0.2173988026985899, 0.30147143770244006, -0.25216288374719703, -0.6796268336886043, 0.05368885932041046, 0.21540733005989723, 0.09767383006174984, 0.29578909689933397, 0.73830217963993, 0.734975267095637, 0.4015948912353703, 0.44702788899597484, 1.0, -0.4091307659616011, 0.32138565393871066, 0.4750666270674813, 0.2685328178177218], [-0.2680224827712407, -0.189529977815408, -0.1862742044708334, -0.2603708198718515, -0.1806680520111191, -0.17372774127326973, 0.10431909883011566, -0.27622131232058883, -0.19009254846019008, -0.164658334155073, 0.6483138786918582, 0.6344725442065684, 0.62113318301177, -0.08335146454323067, 0.6379070871156147, -0.15682060475260673, -0.520324881477859, -0.09206534215298036, -0.2548022558447424, -0.16756513487980776, -0.4091307659616011, 1.0, -0.10850676494527074, -0.29923432837331654, -0.13193330845478918], [0.8974464136231947, 0.8692247708731986, 0.9061561438031396, 0.8972300321131671, 0.8900602752806196, 0.9349525617531494, -0.9018732714892166, 0.9028004545154404, 0.8841928443319261, 0.9299969143725361, 0.9074798192756437, 0.8806545690812819, 0.9197802029931746, 0.9442189075244714, 0.9373226172878306, 0.9145742242808638, 0.6696951017654426, 0.5392113424594289, 0.8857019345624022, 0.6927722149768963, 0.32138565393871066, -0.10850676494527074, 1.0, 0.8300181892899542, 0.8836770078254125], [0.9730504854536777, 0.9601791763479663, 0.9387645176392052, 0.966958517738831, 0.9237484540555924, 0.9549985677219079, -0.9082174533766837, 0.9536257501462648, 0.9278353047191107, 0.9561552409255747, 0.9518463220733618, 0.9485900967869422, 0.9482333243260148, 0.9499170662853729, 0.9585734196925515, 0.9432644185627022, 0.9096208246400632, 0.7715179666962423, 0.9492223530352031, 0.918207804445885, 0.4750666270674813, -0.29923432837331654, 0.8300181892899542, 1.0, 0.9269618353642353], [0.9508167878426008, 0.951209158292892, 0.9772584033173758, 0.9566505381158872, 0.9749851149627505, 0.957553748462351, -0.9549041502126285, 0.9326878981535927, 0.9563328817095893, 0.9546195612920769, 0.9765967042884751, 0.9761125938439923, 0.9628370740757132, 0.9565952288320418, 0.9619060523809275, 0.9440127412045322, 0.7854829177011701, 0.6572886691790596, 0.9662754362582053, 0.8799124464407878, 0.2685328178177218, -0.13193330845478918, 0.8836770078254125, 0.9269618353642353, 1.0]], "x": ["^TAIEX       \u81fa\u7063\u52a0\u6b0a\u5831\u916c\u6307\u6578", "^TWII        \u81fa\u7063\u52a0\u6b0a\u6307\u6578", "^TAIEXx2     \u81fa\u7063\u52a0\u6b0a\u5831\u916c\u6307\u6578_\u65e5\u6b632", "^TAI50I      \u81fa\u706350\u5831\u916c\u6307\u6578", "^TAI50Ix2    \u81fa\u706350\u5831\u916c\u6307\u6578_\u65e5\u6b632", "^TAI100I     \u81fa\u7063\u4e2d\u578b100\u5831\u916c\u6307\u6578", "^TAI100Ix2   \u81fa\u7063\u4e2d\u578b100\u5831\u916c\u6307\u6578_\u65e5\u6b632", "^TAIDIVIDI   \u81fa\u7063\u9ad8\u80a1\u606f\u5831\u916c\u6307\u6578", "^TAIDIVIDIx2 \u81fa\u7063\u9ad8\u80a1\u606f\u5831\u916c\u6307\u6578_\u65e5\u6b632", "0050         \u5143\u5927\u81fa\u706350", "00631L       \u5143\u5927\u53f0\u706350\u6b632", "00675L       \u5bcc\u90a6\u81fa\u7063\u52a0\u6b0a\u6b632", "006208       \u5bcc\u90a6\u53f050", "0051         \u5143\u5927\u4e2d\u578b100", "006204       \u6c38\u8c50\u81fa\u7063\u52a0\u6b0a", "0056         \u5143\u5927\u9ad8\u80a1\u606f", "2412         \u4e2d\u83ef\u96fb\u4fe1", "2002         \u4e2d\u92fc", "2330         \u53f0\u7a4d\u96fb", "2317         \u9d3b\u6d77", "6505         \u53f0\u5851\u77f3\u5316", "3481         \u7fa4\u5275", "2303         \u806f\u96fb", "2308         \u53f0\u9054\u96fb", "2454         \u806f\u767c\u79d1"], "y": ["^TAIEX       \u81fa\u7063\u52a0\u6b0a\u5831\u916c\u6307\u6578", "^TWII        \u81fa\u7063\u52a0\u6b0a\u6307\u6578", "^TAIEXx2     \u81fa\u7063\u52a0\u6b0a\u5831\u916c\u6307\u6578_\u65e5\u6b632", "^TAI50I      \u81fa\u706350\u5831\u916c\u6307\u6578", "^TAI50Ix2    \u81fa\u706350\u5831\u916c\u6307\u6578_\u65e5\u6b632", "^TAI100I     \u81fa\u7063\u4e2d\u578b100\u5831\u916c\u6307\u6578", "^TAI100Ix2   \u81fa\u7063\u4e2d\u578b100\u5831\u916c\u6307\u6578_\u65e5\u6b632", "^TAIDIVIDI   \u81fa\u7063\u9ad8\u80a1\u606f\u5831\u916c\u6307\u6578", "^TAIDIVIDIx2 \u81fa\u7063\u9ad8\u80a1\u606f\u5831\u916c\u6307\u6578_\u65e5\u6b632", "0050         \u5143\u5927\u81fa\u706350", "00631L       \u5143\u5927\u53f0\u706350\u6b632", "00675L       \u5bcc\u90a6\u81fa\u7063\u52a0\u6b0a\u6b632", "006208       \u5bcc\u90a6\u53f050", "0051         \u5143\u5927\u4e2d\u578b100", "006204       \u6c38\u8c50\u81fa\u7063\u52a0\u6b0a", "0056         \u5143\u5927\u9ad8\u80a1\u606f", "2412         \u4e2d\u83ef\u96fb\u4fe1", "2002         \u4e2d\u92fc", "2330         \u53f0\u7a4d\u96fb", "2317         \u9d3b\u6d77", "6505         \u53f0\u5851\u77f3\u5316", "3481         \u7fa4\u5275", "2303         \u806f\u96fb", "2308         \u53f0\u9054\u96fb", "2454         \u806f\u767c\u79d1"], "zmin": -1, "zmax": 1, "colorbar": {"x": -0.2}}], "layout": {"autotypenumbers": "strict", "colorway": ["#636efa", "#EF553B", "#00cc96", "#ab63fa", "#FFA15A", "#19d3f3", "#FF6692", "#B6E880", "#FF97FF", "#FECB52"], "font": {"color": "#ffffff", "family": "Courier New"}, "hovermode": "closest", "hoverlabel": {"align": "left"}, "paper_bgcolor": "#000", "plot_bgcolor": "#000", "polar": {"bgcolor": "rgb(17,17,17)", "angularaxis": {"gridcolor": "#506784", "linecolor": "#506784", "ticks": ""}, "radialaxis": {"gridcolor": "#506784", "linecolor": "#506784", "ticks": ""}}, "ternary": {"bgcolor": "rgb(17,17,17)", "aaxis": {"gridcolor": "#506784", "linecolor": "#506784", "ticks": ""}, "baxis": {"gridcolor": "#506784", "linecolor": "#506784", "ticks": ""}, "caxis": {"gridcolor": "#506784", "linecolor": "#506784", "ticks": ""}}, "coloraxis": {"colorbar": {"outlinewidth": 0, "ticks": ""}}, "colorscale": {"sequential": [[0.0, "#0d0887"], [0.1111111111111111, "#46039f"], [0.2222222222222222, "#7201a8"], [0.3333333333333333, "#9c179e"], [0.4444444444444444, "#bd3786"], [0.5555555555555556, "#d8576b"], [0.6666666666666666, "#ed7953"], [0.7777777777777778, "#fb9f3a"], [0.8888888888888888, "#fdca26"], [1.0, "#f0f921"]], "sequentialminus": [[0.0, "#0d0887"], [0.1111111111111111, "#46039f"], [0.2222222222222222, "#7201a8"], [0.3333333333333333, "#9c179e"], [0.4444444444444444, "#bd3786"], [0.5555555555555556, "#d8576b"], [0.6666666666666666, "#ed7953"], [0.7777777777777778, "#fb9f3a"], [0.8888888888888888, "#fdca26"], [1.0, "#f0f921"]], "diverging": [[0, "#8e0152"], [0.1, "#c51b7d"], [0.2, "#de77ae"], [0.3, "#f1b6da"], [0.4, "#fde0ef"], [0.5, "#f7f7f7"], [0.6, "#e6f5d0"], [0.7, "#b8e186"], [0.8, "#7fbc41"], [0.9, "#4d9221"], [1, "#276419"]]}, "xaxis": {"gridcolor": "rgba(0, 0, 0, 0)", "linecolor": "#ccc", "ticks": "", "title": {"standoff": 15}, "zerolinecolor": "#ccc", "automargin": true, "zerolinewidth": 2, "tickfont": {"family": "Courier New", "size": 14}, "side": "top", "tickangle": -90}, "yaxis": {"gridcolor": "rgba(0, 0, 0, 0)", "linecolor": "#ccc", "ticks": "", "title": {"standoff": 15}, "zerolinecolor": "#ccc", "automargin": true, "zerolinewidth": 2, "tickfont": {"family": "Courier New"}, "side": "right"}, "scene": {"xaxis": {"backgroundcolor": "rgb(17,17,17)", "gridcolor": "#506784", "linecolor": "#506784", "showbackground": true, "ticks": "", "zerolinecolor": "#C8D4E3", "gridwidth": 2}, "yaxis": {"backgroundcolor": "rgb(17,17,17)", "gridcolor": "#506784", "linecolor": "#506784", "showbackground": true, "ticks": "", "zerolinecolor": "#C8D4E3", "gridwidth": 2}, "zaxis": {"backgroundcolor": "rgb(17,17,17)", "gridcolor": "#506784", "linecolor": "#506784", "showbackground": true, "ticks": "", "zerolinecolor": "#C8D4E3", "gridwidth": 2}}, "shapedefaults": {"line": {"color": "#f2f5fa"}}, "annotationdefaults": {"arrowcolor": "#f2f5fa", "arrowhead": 0, "arrowwidth": 1}, "geo": {"bgcolor": "rgb(17,17,17)", "landcolor": "rgb(17,17,17)", "subunitcolor": "#506784", "showland": true, "showlakes": true, "lakecolor": "rgb(17,17,17)"}, "title": {"x": 0.05, "font": {"family": "Times New Roman"}, "y": 0.05, "text": "<b>Correlation of Adj Close <b><br><i>2016/09/23 ~ 2025/05/14<i>"}, "updatemenudefaults": {"bgcolor": "#506784", "borderwidth": 0}, "sliderdefaults": {"bgcolor": "#C8D4E3", "borderwidth": 1, "bordercolor": "rgb(17,17,17)", "tickwidth": 0}, "mapbox": {"style": "dark"}, "height": 600, "legend": {"font": {"color": "#ffffff"}}}};

Plotly.newPlot("correlationAdjClose",
    correlationAdjClose.data,
    correlationAdjClose.layout || {},
    config);