var element=document.getElementById("correlationAdjClose");if(element.style.display!='none'){var correlationAdjClose={"data":[{"type":"heatmap","z":[[1.0,0.9956731099656666,0.9691824583752021,0.996630911294411,0.9422734556529876,0.9857883194709044,0.9595196634605911,0.9856429042070664,0.9774482794559293,0.9967790898635235,0.9963470975390234,0.9967663252411805,0.9898368235953559,0.9912076373092055,0.9964562557884571,0.9868780244805158,0.9997418620873159,0.9851821062499779,0.8932638172796995,0.9110323690187001,0.6549271772764492,0.9839388221732217,0.9416419991515445,0.3240131476409577,-0.27627268042906106,0.9046832871330008,0.9176049781864006,0.9649366586526509,0.9674513314087665,0.9616140448300808,0.98173264821309,0.9642053435527531,0.9294779086526729,0.9819567408093954,0.9784623513226233,0.9600200479118499],[0.9956731099656666,1.0,0.9676509473659348,0.9924851010770642,0.9409347965640962,0.9822296431842488,0.956730776467626,0.9777875568598989,0.9720205586265862,0.9936581111711691,0.995332683118723,0.9949061842041531,0.9901597670483329,0.9906961844746716,0.9953982948535278,0.9823354803343233,0.9977340826372756,0.9795772021368776,0.9103491374735991,0.9009832585097369,0.6778607335991468,0.9712522903842455,0.9256918166637343,0.32246220296819056,-0.21180484166890234,0.8853604961380144,0.9150162634250868,0.9643620445776613,0.9494193235410568,0.9500592183180275,0.97417105408145,0.950814995275842,0.9284290554905533,0.9731276416338136,0.9710088337852177,0.9553686184773352],[0.9691824583752021,0.9676509473659348,1.0,0.9820850750998732,0.993565403920224,0.9636828056192753,0.9776857151611729,0.9389112079899088,0.965761993099297,0.9819184879826931,0.9886617861244344,0.985410044986094,0.9972461319146539,0.9970855212089552,0.9883313096289797,0.9608070082970639,0.9802028960964937,0.9379431316461503,0.832739749374382,0.7983193970711129,0.504018693673397,0.9916102879874231,0.9305722371806988,0.14881351095369422,-0.1920242287831479,0.87323175878794,0.9545865533849119,0.9627423978363385,0.8859007461380528,0.8879519602326793,0.963414928192873,0.8853367227645002,0.8505127713268399,0.9460707533504596,0.9674657500217607,0.9119317001485677],[0.996630911294411,0.9924851010770642,0.9820850750998732,1.0,0.9631455096966313,0.9770202382658347,0.958815765240822,0.9737545262926846,0.9723354239388677,0.9999751140859944,0.9999933238396317,0.9999682021116744,0.9934505498112425,0.9928655022298102,0.999958218594068,0.9754529685129574,0.9958960643233175,0.9728588497786743,0.871645256306689,0.8880860819031146,0.6108267095425961,0.9942317282167226,0.9449279027133387,0.28705212157631704,-0.26162954768883806,0.8937470180383941,0.9355742885669714,0.9668035325210469,0.9494315452730381,0.950882525382503,0.9833353162200925,0.9467837837138895,0.9080311875101853,0.9759340136992687,0.9766220447730815,0.9481283714075516],[0.9422734556529876,0.9409347965640962,0.993565403920224,0.9631455096966313,1.0,0.9290493768270348,0.9532900119308735,0.9008745827531622,0.9353147201700865,0.9633960914437238,0.9731766348470697,0.969049198068516,0.9829860169061808,0.9812984227163234,0.9726070453244545,0.9248883711213376,0.9551050959771235,0.899451020732369,0.7858068083945565,0.7541619500813863,0.4440634412365644,0.9807397701909635,0.9139227897813925,0.11043635588495714,-0.1745859274726493,0.8302102319089064,0.9642057797822899,0.9381179241828044,0.8400610149860311,0.8505798587485126,0.9425004192018246,0.8409168453291557,0.7982672578842072,0.9148356653327206,0.9410392984951771,0.8730011723318657],[0.9857883194709044,0.9822296431842488,0.9636828056192753,0.9770202382658347,0.9290493768270348,1.0,0.9830060458451327,0.9822855349261067,0.9848183824083034,0.9765631104786832,0.9709213913469497,0.974487289953076,0.9670239939052656,0.9645760057864232,0.9709862035757942,0.999910869375831,0.987844545302211,0.9830266667296145,0.8996718983750394,0.8714648248445889,0.6256353797886988,0.9673420442801179,0.9166499066641203,0.20803530976044504,-0.2066736421069422,0.9353663202864021,0.8901564868305963,0.9687472526829614,0.9542888154912986,0.9364140302942887,0.9631356591052315,0.9522878794384041,0.9433317483799668,0.9656244638843616,0.981756343886979,0.9625059469175873],[0.9595196634605911,0.956730776467626,0.9776857151611729,0.958815765240822,0.9532900119308735,0.9830060458451327,1.0,0.9515863252297986,0.9837585442525458,0.9577134076725309,0.9664388062307733,0.9634569549071369,0.9779045581309275,0.9776995134426242,0.9662532467279629,0.9841235816654044,0.9760519311544701,0.9536187110428712,0.8588215754809553,0.7902572345818101,0.5105881136161285,0.9621191450486234,0.9184531413905274,0.07161649390895777,-0.1456521607687203,0.8961754016324718,0.9053622685264201,0.9641510353165708,0.8941389017022279,0.8737326902017192,0.9475343389705498,0.8920296713312403,0.8876641692390767,0.9378606462624648,0.9733784052868676,0.9209142842979073],[0.9856429042070664,0.9777875568598989,0.9389112079899088,0.9737545262926846,0.9008745827531622,0.9822855349261067,0.9515863252297986,1.0,0.9840637760858858,0.9737345917807542,0.9680467024082271,0.972413637264253,0.9519594471674102,0.9500893824814267,0.9683731207337993,0.984095618564028,0.9823770270111983,0.9998915372893986,0.9294669169588391,0.9314877127380943,0.6020126143388411,0.9578351483343143,0.9077369397637924,0.18454815374642164,-0.2970339597266874,0.9136220774691142,0.8498162265707103,0.9482783801233917,0.9783596724982565,0.9601437517789166,0.9672860744407236,0.9674245554276324,0.9366714780409304,0.9666360397568071,0.9606667147477761,0.9703590308593518],[0.9774482794559293,0.9720205586265862,0.965761993099297,0.9723354239388677,0.9353147201700865,0.9848183824083034,0.9837585442525458,0.9840637760858858,1.0,0.9717107162811423,0.9670075459188858,0.9703266742412245,0.9626981321715482,0.9585068178947344,0.9670378898742438,0.9840086811077355,0.9764507193241214,0.9834274167020648,0.9020788007063125,0.8659268733624417,0.515589037503944,0.967210319821596,0.927484605882968,0.045512063790416495,-0.21906724570730593,0.8932133372756689,0.8722133122348502,0.9690087016000785,0.9357775045828273,0.9113833129091855,0.9662716739767403,0.9250750569225574,0.9001495279788391,0.9578466025753315,0.9761438131116156,0.9365748531411331],[0.9967790898635235,0.9936581111711691,0.9819184879826931,0.9999751140859944,0.9633960914437238,0.9765631104786832,0.9577134076725309,0.9737345917807542,0.9717107162811423,1.0,0.9999923020296414,0.9999846517786143,0.993424116898562,0.9928393042321557,0.9999613581482393,0.9749982216839894,0.9957868687725343,0.9729265610742602,0.8732400847799635,0.889359169257658,0.6064116719608001,0.9944386343840961,0.9451031389607686,0.2917572474184429,-0.2610989534740838,0.8940834703165856,0.9341881862992657,0.9655779700206456,0.9490146887624844,0.9500009653264752,0.9826132790081139,0.9461158758036821,0.9066363823896213,0.9751728996918381,0.97581421589744,0.9469610141608535],[0.9963470975390234,0.995332683118723,0.9886617861244344,0.9999933238396317,0.9731766348470697,0.9709213913469497,0.9664388062307733,0.9680467024082271,0.9670075459188858,0.9999923020296414,1.0,0.999977412537303,0.9934967072333909,0.9928924918720267,0.9999635493419695,0.9704382233302453,0.9956055455752957,0.9683477243676876,0.8904530970361232,0.9180213291106772,0.4636945100988756,0.9974037502207751,0.9342828877642431,-0.18814922104928833,0.45075832228058915,0.8867211242642684,0.9130614014980045,0.9656196689171065,0.9358684525858821,0.9329389661540334,0.9764535925961654,0.9240287008979531,0.8760279457962113,0.9660149167184836,0.9829926665110609,0.9440503411460099],[0.9967663252411805,0.9949061842041531,0.985410044986094,0.9999682021116744,0.969049198068516,0.974487289953076,0.9634569549071369,0.972413637264253,0.9703266742412245,0.9999846517786143,0.999977412537303,1.0,0.9934243557197344,0.9928056756787925,0.9999710889697497,0.9741175308190821,0.9957005692381119,0.972379646951054,0.8804926907998001,0.9066052482838979,0.5381277078095327,0.9964567434033537,0.9431205207148944,0.021124181115060984,-0.14578891127427399,0.9026648096280678,0.9231044960201041,0.9613732428486542,0.9412109350534846,0.9401534574049182,0.9798613184036076,0.9357945151901902,0.8980832315540466,0.9715108652490401,0.9757523148315862,0.9495469056301468],[0.9898368235953559,0.9901597670483329,0.9972461319146539,0.9934505498112425,0.9829860169061808,0.9670239939052656,0.9779045581309275,0.9519594471674102,0.9626981321715482,0.993424116898562,0.9934967072333909,0.9934243557197344,1.0,0.9998273036871711,0.9933958168898767,0.966478045165849,0.9904689964297301,0.9524066773128618,0.8659543541607027,0.8994486828661438,0.3703277716338807,0.9915391597013812,0.9270699885303237,-0.433013626856094,0.4723353243001558,0.8602107827190477,0.9263485861835039,0.9603703129438103,0.9049139767760885,0.8972693845013979,0.9617637751818701,0.8922079848562442,0.8287435578599913,0.9537158219202723,0.9754096927840372,0.9339648359482708],[0.9912076373092055,0.9906961844746716,0.9970855212089552,0.9928655022298102,0.9812984227163234,0.9645760057864232,0.9776995134426242,0.9500893824814267,0.9585068178947344,0.9928393042321557,0.9928924918720267,0.9928056756787925,0.9998273036871711,1.0,0.9928901865069986,0.9639183519494549,0.991632346144564,0.9506525659630334,0.849527010522142,0.9097240565787194,0.22342048535578413,0.989073432829818,0.9205821412375977,-0.7373767186806974,0.4503060460523795,0.8302815589527612,0.9272094093548304,0.9551155571198403,0.8957297820495939,0.8899446163939885,0.9573639382272137,0.8937843550901698,0.8037725762735374,0.9510533630715687,0.9739749761121729,0.9323336546518063],[0.9964562557884571,0.9953982948535278,0.9883313096289797,0.999958218594068,0.9726070453244545,0.9709862035757942,0.9662532467279629,0.9683731207337993,0.9670378898742438,0.9999613581482393,0.9999635493419695,0.9999710889697497,0.9933958168898767,0.9928901865069986,1.0,0.9705470420197367,0.9957004265854303,0.968736428337035,0.8911627165576614,0.9188649677465432,0.4652135303165207,0.9972122700498769,0.9342318367163089,-0.18524782709823936,0.45089603464328654,0.8871480912349167,0.911997274906459,0.9653206293955705,0.93653451642885,0.9335904629283023,0.9764021161350398,0.9248697273271075,0.8770673211467785,0.9661174048926856,0.9830284672593648,0.9446271881168372],[0.9868780244805158,0.9823354803343233,0.9608070082970639,0.9754529685129574,0.9248883711213376,0.999910869375831,0.9841235816654044,0.984095618564028,0.9840086811077355,0.9749982216839894,0.9704382233302453,0.9741175308190821,0.966478045165849,0.9639183519494549,0.9705470420197367,1.0,0.9877336710375857,0.9833434841470832,0.9026245067587552,0.8954929097663044,0.6086508645751596,0.9646762438445853,0.9116619465056515,0.05855708520719078,-0.17497430755247426,0.9415290337181289,0.8784072214994479,0.966195952165993,0.9575402841882228,0.9340654498248662,0.9599823657379417,0.9536103330347675,0.9417522420445374,0.9676074639242318,0.9808712981363249,0.9661413454467623],[0.9997418620873159,0.9977340826372756,0.9802028960964937,0.9958960643233175,0.9551050959771235,0.987844545302211,0.9760519311544701,0.9823770270111983,0.9764507193241214,0.9957868687725343,0.9956055455752957,0.9957005692381119,0.9904689964297301,0.991632346144564,0.9957004265854303,0.9877336710375857,1.0,0.9827522496606294,0.9145352669816631,0.93225955969998,0.5292892671031146,0.9883260879235913,0.9273039126764728,-0.12795126972822238,0.47121571161459475,0.9173269983814168,0.8968091773039706,0.9699654698598317,0.9581392060192045,0.9454455431964084,0.9748698525467964,0.9469168888874945,0.9127674248596237,0.9748118137057162,0.9887539300912994,0.9658970780447125],[0.9851821062499779,0.9795772021368776,0.9379431316461503,0.9728588497786743,0.899451020732369,0.9830266667296145,0.9536187110428712,0.9998915372893986,0.9834274167020648,0.9729265610742602,0.9683477243676876,0.972379646951054,0.9524066773128618,0.9506525659630334,0.968736428337035,0.9833434841470832,0.9827522496606294,1.0,0.9322611377597967,0.9376563499024984,0.5990807336531063,0.9560979149909857,0.9109156244547165,0.14794811487324488,-0.27007523867368477,0.9179584352390038,0.8451706174256218,0.9480642061112506,0.9789107184552541,0.9596420807271131,0.9655825026062947,0.9662763204843637,0.936319850104742,0.9658110625176037,0.9587141211063026,0.971268815501387],[0.8932638172796995,0.9103491374735991,0.832739749374382,0.871645256306689,0.7858068083945565,0.8996718983750394,0.8588215754809553,0.9294669169588391,0.9020788007063125,0.8732400847799635,0.8904530970361232,0.8804926907998001,0.8659543541607027,0.849527010522142,0.8911627165576614,0.9026245067587552,0.9145352669816631,0.9322611377597967,1.0,0.8367712905625698,0.6803275443873931,0.8410208375808008,0.8105571912488719,0.23565248131161312,-0.15413218195325082,0.864135677381866,0.717283779298129,0.8575077214295872,0.89744450568688,0.865929840920096,0.8527560167136633,0.8778826259345361,0.8635305280276178,0.8597111416087401,0.8709280712821764,0.8973160297610767],[0.9110323690187001,0.9009832585097369,0.7983193970711129,0.8880860819031146,0.7541619500813863,0.8714648248445889,0.7902572345818101,0.9314877127380943,0.8659268733624417,0.889359169257658,0.9180213291106772,0.9066052482838979,0.8994486828661438,0.9097240565787194,0.9188649677465432,0.8954929097663044,0.93225955969998,0.9376563499024984,0.8367712905625698,1.0,0.8166590547971941,0.8356909553493714,0.8662709338672485,0.6132292897780016,-0.5121688761564955,0.7295301380716194,0.780799144020498,0.8163102862136478,0.9610702586126705,0.9397192265082108,0.8908950110870191,0.9490694102768361,0.9047354715417968,0.9008223214557503,0.8479016904891588,0.8868764040864844],[0.6549271772764492,0.6778607335991468,0.504018693673397,0.6108267095425961,0.4440634412365644,0.6256353797886988,0.5105881136161285,0.6020126143388411,0.515589037503944,0.6064116719608001,0.4636945100988756,0.5381277078095327,0.3703277716338807,0.22342048535578413,0.4652135303165207,0.6086508645751596,0.5292892671031146,0.5990807336531063,0.6803275443873931,0.8166590547971941,1.0,0.5437016907765608,0.6638809978868508,0.7224134957580547,-0.11584868435353546,0.526333833384072,0.5197105173236596,0.5835541260836288,0.761126059602799,0.6866638367603751,0.5887428704744222,0.7224187253203604,0.7456420970859362,0.6404391582881366,0.600374155649472,0.6558477414895959],[0.9839388221732217,0.9712522903842455,0.9916102879874231,0.9942317282167226,0.9807397701909635,0.9673420442801179,0.9621191450486234,0.9578351483343143,0.967210319821596,0.9944386343840961,0.9974037502207751,0.9964567434033537,0.9915391597013812,0.989073432829818,0.9972122700498769,0.9646762438445853,0.9883260879235913,0.9560979149909857,0.8410208375808008,0.8356909553493714,0.5437016907765608,1.0,0.9225392367620909,0.21600700436577722,-0.24893608315722715,0.8746964685304911,0.9467952864833784,0.9674456646945376,0.9117575583025996,0.9271716355479392,0.9746351220555454,0.9183929837312881,0.8749698514780002,0.9615398155526251,0.9627383311140142,0.9269081132291304],[0.9416419991515445,0.9256918166637343,0.9305722371806988,0.9449279027133387,0.9139227897813925,0.9166499066641203,0.9184531413905274,0.9077369397637924,0.927484605882968,0.9451031389607686,0.9342828877642431,0.9431205207148944,0.9270699885303237,0.9205821412375977,0.9342318367163089,0.9116619465056515,0.9273039126764728,0.9109156244547165,0.8105571912488719,0.8662709338672485,0.6638809978868508,0.9225392367620909,1.0,0.2645560720216355,-0.1772920927487376,0.7405257466136466,0.897397024292294,0.9098783158181167,0.8989415142585331,0.8670398436348753,0.9429885745126004,0.8769652555205975,0.8416390940306887,0.9368571776497091,0.8986533800705698,0.8723196730983637],[0.3240131476409577,0.32246220296819056,0.14881351095369422,0.28705212157631704,0.11043635588495714,0.20803530976044504,0.07161649390895777,0.18454815374642164,0.045512063790416495,0.2917572474184429,-0.18814922104928833,0.021124181115060984,-0.433013626856094,-0.7373767186806974,-0.18524782709823936,0.05855708520719078,-0.12795126972822238,0.14794811487324488,0.23565248131161312,0.6132292897780016,0.7224134957580547,0.21600700436577722,0.2645560720216355,1.0,-0.3791835038163425,0.242155869297522,0.18139565505582997,0.14821361892417825,0.44017257916332364,0.4281103018018825,0.2634620970033842,0.4526318395893709,0.38710528939249916,0.30017276771396917,0.21829257086319212,0.3373154116250919],[-0.27627268042906106,-0.21180484166890234,-0.1920242287831479,-0.26162954768883806,-0.1745859274726493,-0.2066736421069422,-0.1456521607687203,-0.2970339597266874,-0.21906724570730593,-0.2610989534740838,0.45075832228058915,-0.14578891127427399,0.4723353243001558,0.4503060460523795,0.45089603464328654,-0.17497430755247426,0.47121571161459475,-0.27007523867368477,-0.15413218195325082,-0.5121688761564955,-0.11584868435353546,-0.24893608315722715,-0.1772920927487376,-0.3791835038163425,1.0,-0.15076783210672534,-0.21853238252862095,-0.17163855092102295,-0.3770864147711331,-0.36319118514774895,-0.292872837248001,-0.3349065132349733,-0.20674411530592693,-0.3268222330047145,-0.17080758885460487,-0.2998320045337873],[0.9046832871330008,0.8853604961380144,0.87323175878794,0.8937470180383941,0.8302102319089064,0.9353663202864021,0.8961754016324718,0.9136220774691142,0.8932133372756689,0.8940834703165856,0.8867211242642684,0.9026648096280678,0.8602107827190477,0.8302815589527612,0.8871480912349167,0.9415290337181289,0.9173269983814168,0.9179584352390038,0.864135677381866,0.7295301380716194,0.526333833384072,0.8746964685304911,0.7405257466136466,0.242155869297522,-0.15076783210672534,1.0,0.7673058257756922,0.8950080397548059,0.8311465948254859,0.8748578395933497,0.8431221942763801,0.8808101957661295,0.8722376772042099,0.8712083736401904,0.87803531912557,0.9077659912263291],[0.9176049781864006,0.9150162634250868,0.9545865533849119,0.9355742885669714,0.9642057797822899,0.8901564868305963,0.9053622685264201,0.8498162265707103,0.8722133122348502,0.9341881862992657,0.9130614014980045,0.9231044960201041,0.9263485861835039,0.9272094093548304,0.911997274906459,0.8784072214994479,0.8968091773039706,0.8451706174256218,0.717283779298129,0.780799144020498,0.5197105173236596,0.9467952864833784,0.897397024292294,0.18139565505582997,-0.21853238252862095,0.7673058257756922,1.0,0.8852186277591494,0.8336596345330491,0.837325275520658,0.9101426234379747,0.8278554674779522,0.7834706221735533,0.8887647630269778,0.8969938127532233,0.8514688571944784],[0.9649366586526509,0.9643620445776613,0.9627423978363385,0.9668035325210469,0.9381179241828044,0.9687472526829614,0.9641510353165708,0.9482783801233917,0.9690087016000785,0.9655779700206456,0.9656196689171065,0.9613732428486542,0.9603703129438103,0.9551155571198403,0.9653206293955705,0.966195952165993,0.9699654698598317,0.9480642061112506,0.8575077214295872,0.8163102862136478,0.5835541260836288,0.9674456646945376,0.9098783158181167,0.14821361892417825,-0.17163855092102295,0.8950080397548059,0.8852186277591494,1.0,0.9095886404900194,0.9000073058077924,0.9518440440704378,0.8976180319273035,0.8838945973984196,0.9540480334223399,0.976637761353269,0.9058274518628906],[0.9674513314087665,0.9494193235410568,0.8859007461380528,0.9494315452730381,0.8400610149860311,0.9542888154912986,0.8941389017022279,0.9783596724982565,0.9357775045828273,0.9490146887624844,0.9358684525858821,0.9412109350534846,0.9049139767760885,0.8957297820495939,0.93653451642885,0.9575402841882228,0.9581392060192045,0.9789107184552541,0.89744450568688,0.9610702586126705,0.761126059602799,0.9117575583025996,0.8989415142585331,0.44017257916332364,-0.3770864147711331,0.8311465948254859,0.8336596345330491,0.9095886404900194,1.0,0.9866616926603029,0.952235754963887,0.9910077610301817,0.9553470741869475,0.9588682141625507,0.9112601356170733,0.9654777376254463],[0.9616140448300808,0.9500592183180275,0.8879519602326793,0.950882525382503,0.8505798587485126,0.9364140302942887,0.8737326902017192,0.9601437517789166,0.9113833129091855,0.9500009653264752,0.9329389661540334,0.9401534574049182,0.8972693845013979,0.8899446163939885,0.9335904629283023,0.9340654498248662,0.9454455431964084,0.9596420807271131,0.865929840920096,0.9397192265082108,0.6866638367603751,0.9271716355479392,0.8670398436348753,0.4281103018018825,-0.36319118514774895,0.8748578395933497,0.837325275520658,0.9000073058077924,0.9866616926603029,1.0,0.9485204579205541,0.9852116150170764,0.956472234298463,0.9440267289694292,0.9252309175150857,0.964809707347379],[0.98173264821309,0.97417105408145,0.963414928192873,0.9833353162200925,0.9425004192018246,0.9631356591052315,0.9475343389705498,0.9672860744407236,0.9662716739767403,0.9826132790081139,0.9764535925961654,0.9798613184036076,0.9617637751818701,0.9573639382272137,0.9764021161350398,0.9599823657379417,0.9748698525467964,0.9655825026062947,0.8527560167136633,0.8908950110870191,0.5887428704744222,0.9746351220555454,0.9429885745126004,0.2634620970033842,-0.292872837248001,0.8431221942763801,0.9101426234379747,0.9518440440704378,0.952235754963887,0.9485204579205541,1.0,0.9461263227204671,0.9023659387400217,0.9778911354360489,0.9683167553372273,0.9485132319592613],[0.9642053435527531,0.950814995275842,0.8853367227645002,0.9467837837138895,0.8409168453291557,0.9522878794384041,0.8920296713312403,0.9674245554276324,0.9250750569225574,0.9461158758036821,0.9240287008979531,0.9357945151901902,0.8922079848562442,0.8937843550901698,0.9248697273271075,0.9536103330347675,0.9469168888874945,0.9662763204843637,0.8778826259345361,0.9490694102768361,0.7224187253203604,0.9183929837312881,0.8769652555205975,0.4526318395893709,-0.3349065132349733,0.8808101957661295,0.8278554674779522,0.8976180319273035,0.9910077610301817,0.9852116150170764,0.9461263227204671,1.0,0.97438249046327,0.9482521867244669,0.9348984909503446,0.9636124347008528],[0.9294779086526729,0.9284290554905533,0.8505127713268399,0.9080311875101853,0.7982672578842072,0.9433317483799668,0.8876641692390767,0.9366714780409304,0.9001495279788391,0.9066363823896213,0.8760279457962113,0.8980832315540466,0.8287435578599913,0.8037725762735374,0.8770673211467785,0.9417522420445374,0.9127674248596237,0.936319850104742,0.8635305280276178,0.9047354715417968,0.7456420970859362,0.8749698514780002,0.8416390940306887,0.38710528939249916,-0.20674411530592693,0.8722376772042099,0.7834706221735533,0.8838945973984196,0.9553470741869475,0.956472234298463,0.9023659387400217,0.97438249046327,1.0,0.9069256291843678,0.9183637534675289,0.9489256518690418],[0.9819567408093954,0.9731276416338136,0.9460707533504596,0.9759340136992687,0.9148356653327206,0.9656244638843616,0.9378606462624648,0.9666360397568071,0.9578466025753315,0.9751728996918381,0.9660149167184836,0.9715108652490401,0.9537158219202723,0.9510533630715687,0.9661174048926856,0.9676074639242318,0.9748118137057162,0.9658110625176037,0.8597111416087401,0.9008223214557503,0.6404391582881366,0.9615398155526251,0.9368571776497091,0.30017276771396917,-0.3268222330047145,0.8712083736401904,0.8887647630269778,0.9540480334223399,0.9588682141625507,0.9440267289694292,0.9778911354360489,0.9482521867244669,0.9069256291843678,1.0,0.9615821463245418,0.9491193531975952],[0.9784623513226233,0.9710088337852177,0.9674657500217607,0.9766220447730815,0.9410392984951771,0.981756343886979,0.9733784052868676,0.9606667147477761,0.9761438131116156,0.97581421589744,0.9829926665110609,0.9757523148315862,0.9754096927840372,0.9739749761121729,0.9830284672593648,0.9808712981363249,0.9887539300912994,0.9587141211063026,0.8709280712821764,0.8479016904891588,0.600374155649472,0.9627383311140142,0.8986533800705698,0.21829257086319212,-0.17080758885460487,0.87803531912557,0.8969938127532233,0.976637761353269,0.9112601356170733,0.9252309175150857,0.9683167553372273,0.9348984909503446,0.9183637534675289,0.9615821463245418,1.0,0.9312542283336832],[0.9600200479118499,0.9553686184773352,0.9119317001485677,0.9481283714075516,0.8730011723318657,0.9625059469175873,0.9209142842979073,0.9703590308593518,0.9365748531411331,0.9469610141608535,0.9440503411460099,0.9495469056301468,0.9339648359482708,0.9323336546518063,0.9446271881168372,0.9661413454467623,0.9658970780447125,0.971268815501387,0.8973160297610767,0.8868764040864844,0.6558477414895959,0.9269081132291304,0.8723196730983637,0.3373154116250919,-0.2998320045337873,0.9077659912263291,0.8514688571944784,0.9058274518628906,0.9654777376254463,0.964809707347379,0.9485132319592613,0.9636124347008528,0.9489256518690418,0.9491193531975952,0.9312542283336832,1.0]],"x":["^TAIEX       \u81fa\u7063\u52a0\u6b0a\u5831\u916c\u6307\u6578","^TWII        \u81fa\u7063\u52a0\u6b0a\u6307\u6578","^TAIEXx2     \u81fa\u7063\u52a0\u6b0a\u5831\u916c\u6307\u6578_\u65e5\u6b632","^TAI50I      \u81fa\u706350\u5831\u916c\u6307\u6578","^TAI50Ix2    \u81fa\u706350\u5831\u916c\u6307\u6578_\u65e5\u6b632","^TAI100I     \u81fa\u7063\u4e2d\u578b100\u5831\u916c\u6307\u6578","^TAI100Ix2   \u81fa\u7063\u4e2d\u578b100\u5831\u916c\u6307\u6578_\u65e5\u6b632","^TAIDIVIDI   \u81fa\u7063\u9ad8\u80a1\u606f\u5831\u916c\u6307\u6578","^TAIDIVIDIx2 \u81fa\u7063\u9ad8\u80a1\u606f\u5831\u916c\u6307\u6578_\u65e5\u6b632","0050Fund     \u5143\u5927\u53f0\u7063\u5353\u8d8a50\u57fa\u91d1","006208Fund   \u5bcc\u90a6\u53f0\u7063\u91c6\u540950\u57fa\u91d1","0050         \u5143\u5927\u81fa\u706350","00631L       \u5143\u5927\u53f0\u706350\u6b632","00675L       \u5bcc\u90a6\u81fa\u7063\u52a0\u6b0a\u6b632","006208       \u5bcc\u90a6\u53f050","0051         \u5143\u5927\u4e2d\u578b100","006204       \u6c38\u8c50\u81fa\u7063\u52a0\u6b0a","0056         \u5143\u5927\u9ad8\u80a1\u606f","0056         \u5143\u5927\u9ad8\u80a1\u606f_\u80a1\u606f\u4e0d\u6295\u5165","2412         \u4e2d\u83ef\u96fb\u4fe1","2002         \u4e2d\u92fc","2330         \u53f0\u7a4d\u96fb","2317         \u9d3b\u6d77","6505         \u53f0\u5851\u77f3\u5316","3481         \u7fa4\u5275","2303         \u806f\u96fb","2308         \u53f0\u9054\u96fb","2454         \u806f\u767c\u79d1","2886         \u5146\u8c50\u91d1","2884         \u7389\u5c71\u91d1","2891         \u4e2d\u4fe1\u91d1","2892         \u7b2c\u4e00\u91d1","5880         \u5408\u5eab\u91d1","2881         \u5bcc\u90a6\u91d1","2885         \u5143\u5927\u91d1","2887         \u53f0\u65b0\u91d1"],"y":["^TAIEX       \u81fa\u7063\u52a0\u6b0a\u5831\u916c\u6307\u6578","^TWII        \u81fa\u7063\u52a0\u6b0a\u6307\u6578","^TAIEXx2     \u81fa\u7063\u52a0\u6b0a\u5831\u916c\u6307\u6578_\u65e5\u6b632","^TAI50I      \u81fa\u706350\u5831\u916c\u6307\u6578","^TAI50Ix2    \u81fa\u706350\u5831\u916c\u6307\u6578_\u65e5\u6b632","^TAI100I     \u81fa\u7063\u4e2d\u578b100\u5831\u916c\u6307\u6578","^TAI100Ix2   \u81fa\u7063\u4e2d\u578b100\u5831\u916c\u6307\u6578_\u65e5\u6b632","^TAIDIVIDI   \u81fa\u7063\u9ad8\u80a1\u606f\u5831\u916c\u6307\u6578","^TAIDIVIDIx2 \u81fa\u7063\u9ad8\u80a1\u606f\u5831\u916c\u6307\u6578_\u65e5\u6b632","0050Fund     \u5143\u5927\u53f0\u7063\u5353\u8d8a50\u57fa\u91d1","006208Fund   \u5bcc\u90a6\u53f0\u7063\u91c6\u540950\u57fa\u91d1","0050         \u5143\u5927\u81fa\u706350","00631L       \u5143\u5927\u53f0\u706350\u6b632","00675L       \u5bcc\u90a6\u81fa\u7063\u52a0\u6b0a\u6b632","006208       \u5bcc\u90a6\u53f050","0051         \u5143\u5927\u4e2d\u578b100","006204       \u6c38\u8c50\u81fa\u7063\u52a0\u6b0a","0056         \u5143\u5927\u9ad8\u80a1\u606f","0056         \u5143\u5927\u9ad8\u80a1\u606f_\u80a1\u606f\u4e0d\u6295\u5165","2412         \u4e2d\u83ef\u96fb\u4fe1","2002         \u4e2d\u92fc","2330         \u53f0\u7a4d\u96fb","2317         \u9d3b\u6d77","6505         \u53f0\u5851\u77f3\u5316","3481         \u7fa4\u5275","2303         \u806f\u96fb","2308         \u53f0\u9054\u96fb","2454         \u806f\u767c\u79d1","2886         \u5146\u8c50\u91d1","2884         \u7389\u5c71\u91d1","2891         \u4e2d\u4fe1\u91d1","2892         \u7b2c\u4e00\u91d1","5880         \u5408\u5eab\u91d1","2881         \u5bcc\u90a6\u91d1","2885         \u5143\u5927\u91d1","2887         \u53f0\u65b0\u91d1"],"zmin":-1,"zmax":1,"colorbar":{"x":-0.2}}],"layout":{"autotypenumbers":"strict","colorway":["#636efa","#EF553B","#00cc96","#ab63fa","#FFA15A","#19d3f3","#FF6692","#B6E880","#FF97FF","#FECB52"],"font":{"color":"#f2f5fa","family":"Courier New"},"hovermode":"closest","hoverlabel":{"align":"left"},"paper_bgcolor":"rgb(17,17,17)","plot_bgcolor":"rgb(17,17,17)","polar":{"bgcolor":"rgb(17,17,17)","angularaxis":{"gridcolor":"#506784","linecolor":"#506784","ticks":""},"radialaxis":{"gridcolor":"#506784","linecolor":"#506784","ticks":""}},"ternary":{"bgcolor":"rgb(17,17,17)","aaxis":{"gridcolor":"#506784","linecolor":"#506784","ticks":""},"baxis":{"gridcolor":"#506784","linecolor":"#506784","ticks":""},"caxis":{"gridcolor":"#506784","linecolor":"#506784","ticks":""}},"coloraxis":{"colorbar":{"outlinewidth":0,"ticks":""}},"colorscale":{"sequential":[[0.0,"#0d0887"],[0.1111111111111111,"#46039f"],[0.2222222222222222,"#7201a8"],[0.3333333333333333,"#9c179e"],[0.4444444444444444,"#bd3786"],[0.5555555555555556,"#d8576b"],[0.6666666666666666,"#ed7953"],[0.7777777777777778,"#fb9f3a"],[0.8888888888888888,"#fdca26"],[1.0,"#f0f921"]],"sequentialminus":[[0.0,"#0d0887"],[0.1111111111111111,"#46039f"],[0.2222222222222222,"#7201a8"],[0.3333333333333333,"#9c179e"],[0.4444444444444444,"#bd3786"],[0.5555555555555556,"#d8576b"],[0.6666666666666666,"#ed7953"],[0.7777777777777778,"#fb9f3a"],[0.8888888888888888,"#fdca26"],[1.0,"#f0f921"]],"diverging":[[0,"#8e0152"],[0.1,"#c51b7d"],[0.2,"#de77ae"],[0.3,"#f1b6da"],[0.4,"#fde0ef"],[0.5,"#f7f7f7"],[0.6,"#e6f5d0"],[0.7,"#b8e186"],[0.8,"#7fbc41"],[0.9,"#4d9221"],[1,"#276419"]]},"xaxis":{"gridcolor":"rgba(0, 0, 0, 0)","linecolor":"#506784","ticks":"","title":{"standoff":15},"zerolinecolor":"#283442","automargin":true,"zerolinewidth":2,"tickfont":{"family":"Courier New","size":14},"side":"top","tickangle":-90},"yaxis":{"gridcolor":"rgba(0, 0, 0, 0)","linecolor":"#506784","ticks":"","title":{"standoff":15},"zerolinecolor":"#283442","automargin":true,"zerolinewidth":2,"tickfont":{"family":"Courier New"},"side":"right"},"scene":{"xaxis":{"backgroundcolor":"rgb(17,17,17)","gridcolor":"#506784","linecolor":"#506784","showbackground":true,"ticks":"","zerolinecolor":"#C8D4E3","gridwidth":2},"yaxis":{"backgroundcolor":"rgb(17,17,17)","gridcolor":"#506784","linecolor":"#506784","showbackground":true,"ticks":"","zerolinecolor":"#C8D4E3","gridwidth":2},"zaxis":{"backgroundcolor":"rgb(17,17,17)","gridcolor":"#506784","linecolor":"#506784","showbackground":true,"ticks":"","zerolinecolor":"#C8D4E3","gridwidth":2}},"shapedefaults":{"line":{"color":"#f2f5fa"}},"annotationdefaults":{"arrowcolor":"#f2f5fa","arrowhead":0,"arrowwidth":1},"geo":{"bgcolor":"rgb(17,17,17)","landcolor":"rgb(17,17,17)","subunitcolor":"#506784","showland":true,"showlakes":true,"lakecolor":"rgb(17,17,17)"},"title":{"x":0.05,"font":{"family":"Times New Roman"},"y":0.05,"text":"<b>Correlation of Adj Close<b><br><i>2016-09-23 ~ 2026-03-09<i>"},"updatemenudefaults":{"bgcolor":"#506784","borderwidth":0},"sliderdefaults":{"bgcolor":"#C8D4E3","borderwidth":1,"bordercolor":"rgb(17,17,17)","tickwidth":0},"mapbox":{"style":"dark"},"annotations":[{"text":"<b>@zwindr<b>","textangle":0,"opacity":0.5,"font":{"color":"white","size":12},"xref":"paper","yref":"paper","xanchor":"left","yanchor":"bottom","x":1.0,"y":1.0,"showarrow":false}]},"config":{"responsive":true,"toImageButtonOptions":{"filename":"Correlation of Adj Close_2016-09-23~2026-03-09","scale":5}}};Plotly.newPlot("correlationAdjClose",correlationAdjClose.data,correlationAdjClose.layout||{},correlationAdjClose.config);}else{console.log("style display is none => correlationAdjClose");}