var config = { responsive: true }

var correlationAdjClose = {"data": [{"type": "heatmap", "z": [[1.0, 0.9936358878677904, 0.975771478525109, 0.9978040602921237, 0.9642999609338515, 0.980445455322854, -0.9393718603290129, 0.9894407633258036, 0.967964650339502, 0.9966309621150964, 0.9929442788678512, 0.9939087437102783, 0.9972499392725803, 0.9779485657248975, 0.999558303586949, 0.9865439257719105, 0.9127178596534837, 0.7580859537507884, 0.9858129300090958, 0.9241805209673719, 0.48201986296398563, -0.29164102845766376, 0.8984173071536721, 0.9733883780246443, 0.951332078534555], [0.9936358878677904, 1.0, 0.9711290491660837, 0.9912529173605661, 0.9601037299463167, 0.9755387040230693, -0.9344923836679292, 0.9796899308373459, 0.9607152667102195, 0.9938644269832083, 0.9918592518854527, 0.9911138044223339, 0.9952400445747399, 0.9726928141324671, 0.9963425439942469, 0.9825114793219949, 0.9012715838728159, 0.7651399635229711, 0.9666616995115654, 0.9020007794136504, 0.4799933401882809, -0.21315912451933874, 0.8704141754503798, 0.9606313509531454, 0.9515270686841512], [0.975771478525109, 0.9711290491660837, 1.0, 0.9816469008157904, 0.996310129635621, 0.9787484456512588, -0.9748762345842885, 0.968952335840203, 0.9830262733283535, 0.9856236177948621, 0.9974060381070318, 0.9973307353076807, 0.9884813674202653, 0.9771284216923384, 0.9875477988840076, 0.9754343115131832, 0.8149443877415885, 0.6495586942632483, 0.9894403815358865, 0.9124234108559426, 0.31613166523919745, -0.21091649845873825, 0.9068480205349599, 0.9395181468708658, 0.9775503393344553], [0.9978040602921237, 0.9912529173605661, 0.9816469008157904, 1.0, 0.975335657653495, 0.9727385921256763, -0.9339874983711519, 0.9839780822099637, 0.9652389676801965, 0.9992621526897979, 0.9920052329735475, 0.9905847536214232, 0.9999024581441824, 0.9678903591390348, 0.9960501713301989, 0.9814302148821001, 0.8984075888880622, 0.730640719911386, 0.9932292001333577, 0.9258892903247847, 0.46175672821676467, -0.28312259150203123, 0.8980263342871732, 0.9672883536538714, 0.9573084250372639], [0.9642999609338515, 0.9601037299463167, 0.996310129635621, 0.975335657653495, 1.0, 0.9589439788449136, -0.9566832943658526, 0.9546276484046975, 0.9710759146883546, 0.9819228994947319, 0.988173383437392, 0.9846544299519692, 0.9848583758742797, 0.9564965041324138, 0.9762260063696209, 0.9612574802325097, 0.7949256714396828, 0.6175522883505762, 0.9884820046376954, 0.9094008068896022, 0.2964497977527507, -0.2040230347608934, 0.890659919733472, 0.9245495811405049, 0.9754838616367201], [0.980445455322854, 0.9755387040230693, 0.9787484456512588, 0.9727385921256763, 0.9589439788449136, 1.0, -0.9796574972012068, 0.9794015127154446, 0.9788370631101304, 0.9718309349109847, 0.976095353939441, 0.9740255160681444, 0.9684754451185954, 0.9988737031935782, 0.9859253106742035, 0.9857452426746677, 0.85188525653959, 0.7242981061857182, 0.9671948500519171, 0.8911946626098071, 0.3438520659535238, -0.20022230357151807, 0.9354647284179638, 0.9555935690382955, 0.9577855003716679], [-0.9393718603290129, -0.9344923836679292, -0.9748762345842885, -0.9339874983711519, -0.9566832943658526, -0.9796574972012068, 1.0, -0.9488013844904986, -0.9825129195013023, -0.9416283383015476, -0.9728615871504195, -0.9748597943744698, -0.9471247904561928, -0.9859765190865865, -0.9632915830857285, -0.9647583240754402, -0.7600974139427589, -0.6209067886805248, -0.9403452470786721, -0.8774965911027021, -0.1978050265048142, 0.1314116975513988, -0.902767105108395, -0.9094348042643634, -0.9551740322866583], [0.9894407633258036, 0.9796899308373459, 0.968952335840203, 0.9839780822099637, 0.9546276484046975, 0.9794015127154446, -0.9488013844904986, 1.0, 0.9814195635168949, 0.9808719212948249, 0.9745180358374079, 0.9734732422348435, 0.9793399382795854, 0.9754339287288952, 0.986951286879164, 0.9964019424302893, 0.9205468726113177, 0.6954173721572432, 0.9740292971511099, 0.8976023136131721, 0.35004200969943733, -0.2986758697223591, 0.9035400172019646, 0.9542572157165286, 0.933612321429155], [0.967964650339502, 0.9607152667102195, 0.9830262733283535, 0.9652389676801965, 0.9710759146883546, 0.9788370631101304, -0.9825129195013023, 0.9814195635168949, 1.0, 0.9643986154705995, 0.9712571619934988, 0.9681838901510162, 0.9613845245497247, 0.9770404710627099, 0.9685332319598186, 0.9870483399426985, 0.8436708529232768, 0.6210745761496308, 0.9658391433910541, 0.9051569141379175, 0.20492696740723423, -0.21385715761234528, 0.88501200185316, 0.9288136445752715, 0.9570294098520071], [0.9966309621150964, 0.9938644269832083, 0.9856236177948621, 0.9992621526897979, 0.9819228994947319, 0.9718309349109847, -0.9416283383015476, 0.9808719212948249, 0.9643986154705995, 1.0, 0.9909769973858245, 0.98919097618897, 0.9998384447287255, 0.9688110575298272, 0.9953014410622847, 0.9815261770516388, 0.9108887185520309, 0.7075825681179021, 0.9955715137162671, 0.9191294395949091, 0.2882641171832081, -0.20571831011897349, 0.9301610043679345, 0.9566493067860097, 0.9553022735935909], [0.9929442788678512, 0.9918592518854527, 0.9974060381070318, 0.9920052329735475, 0.988173383437392, 0.976095353939441, -0.9728615871504195, 0.9745180358374079, 0.9712571619934988, 0.9909769973858245, 1.0, 0.999660267533506, 0.9917891516518899, 0.9770956010860844, 0.9932771036855305, 0.9759780991050435, 0.9055236261217835, 0.6081806108051496, 0.9876716930049172, 0.8898457693812305, -0.2632209833651235, 0.5625453450860803, 0.9079849059788959, 0.9523979893731791, 0.9763950340400324], [0.9939087437102783, 0.9911138044223339, 0.9973307353076807, 0.9905847536214232, 0.9846544299519692, 0.9740255160681444, -0.9748597943744698, 0.9734732422348435, 0.9681838901510162, 0.98919097618897, 0.999660267533506, 1.0, 0.990388450493669, 0.9751270188396933, 0.994009260452261, 0.9751825351404805, 0.9143970358099774, 0.49811889056869296, 0.9829814487718691, 0.876021414350632, -0.6834087930732133, 0.5488867509766574, 0.8812501408846155, 0.9491534561258645, 0.9758425756233643], [0.9972499392725803, 0.9952400445747399, 0.9884813674202653, 0.9999024581441824, 0.9848583758742797, 0.9684754451185954, -0.9471247904561928, 0.9793399382795854, 0.9613845245497247, 0.9998384447287255, 0.9917891516518899, 0.990388450493669, 1.0, 0.9691720333712239, 0.9956216296233374, 0.9803305343427071, 0.9283256253279959, 0.6692791858915091, 0.9970763122746422, 0.8988288079724166, 0.03855951826165612, 0.5295804872557363, 0.9197606898072546, 0.9488996434942765, 0.9634380433067352], [0.9779485657248975, 0.9726928141324671, 0.9771284216923384, 0.9678903591390348, 0.9564965041324138, 0.9988737031935782, -0.9859765190865865, 0.9754339287288952, 0.9770404710627099, 0.9688110575298272, 0.9770956010860844, 0.9751270188396933, 0.9691720333712239, 1.0, 0.98605534726698, 0.9834571587033719, 0.8657479244208943, 0.7269601781507637, 0.9625660245926358, 0.8803361919800007, 0.20480928888374683, -0.12998227832003853, 0.9445658385481198, 0.9505242370449302, 0.9567714645170003], [0.999558303586949, 0.9963425439942469, 0.9875477988840076, 0.9960501713301989, 0.9762260063696209, 0.9859253106742035, -0.9632915830857285, 0.986951286879164, 0.9685332319598186, 0.9953014410622847, 0.9932771036855305, 0.994009260452261, 0.9956216296233374, 0.98605534726698, 1.0, 0.9872586405463569, 0.9352383711453166, 0.7059468286999008, 0.9896231464534653, 0.8955148840295672, 0.0835585196112471, 0.5399280087155782, 0.9374278461673926, 0.9591110557342656, 0.9623249171642008], [0.9865439257719105, 0.9825114793219949, 0.9754343115131832, 0.9814302148821001, 0.9612574802325097, 0.9857452426746677, -0.9647583240754402, 0.9964019424302893, 0.9870483399426985, 0.9815261770516388, 0.9759780991050435, 0.9751825351404805, 0.9803305343427071, 0.9834571587033719, 0.9872586405463569, 1.0, 0.9029647157339329, 0.6972565153774535, 0.9733464105459242, 0.8967929025444124, 0.28342001125900346, -0.1985788978751979, 0.915077551710731, 0.9439747627770164, 0.9447073264296508], [0.9127178596534837, 0.9012715838728159, 0.8149443877415885, 0.8984075888880622, 0.7949256714396828, 0.85188525653959, -0.7600974139427589, 0.9205468726113177, 0.8436708529232768, 0.9108887185520309, 0.9055236261217835, 0.9143970358099774, 0.9283256253279959, 0.8657479244208943, 0.9352383711453166, 0.9029647157339329, 1.0, 0.8586554972480556, 0.8469586469036384, 0.8737308168451646, 0.7305522370854158, -0.5379311348881148, 0.6723392010308428, 0.9102835932615381, 0.7870239546751427], [0.7580859537507884, 0.7651399635229711, 0.6495586942632483, 0.730640719911386, 0.6175522883505762, 0.7242981061857182, -0.6209067886805248, 0.6954173721572432, 0.6210745761496308, 0.7075825681179021, 0.6081806108051496, 0.49811889056869296, 0.6692791858915091, 0.7269601781507637, 0.7059468286999008, 0.6972565153774535, 0.8586554972480556, 1.0, 0.6518753767227751, 0.7566804538707868, 0.7332962054032786, -0.11236664743368102, 0.5391743271921194, 0.7697341181569866, 0.654109225281834], [0.9858129300090958, 0.9666616995115654, 0.9894403815358865, 0.9932292001333577, 0.9884820046376954, 0.9671948500519171, -0.9403452470786721, 0.9740292971511099, 0.9658391433910541, 0.9955715137162671, 0.9876716930049172, 0.9829814487718691, 0.9970763122746422, 0.9625660245926358, 0.9896231464534653, 0.9733464105459242, 0.8469586469036384, 0.6518753767227751, 1.0, 0.8970661546435118, 0.39167528723769957, -0.27739564213990475, 0.8862922595173647, 0.9495248484611469, 0.966964836040521], [0.9241805209673719, 0.9020007794136504, 0.9124234108559426, 0.9258892903247847, 0.9094008068896022, 0.8911946626098071, -0.8774965911027021, 0.8976023136131721, 0.9051569141379175, 0.9191294395949091, 0.8898457693812305, 0.876021414350632, 0.8988288079724166, 0.8803361919800007, 0.8955148840295672, 0.8967929025444124, 0.8737308168451646, 0.7566804538707868, 0.8970661546435118, 1.0, 0.4406649613788134, -0.1915604620204568, 0.6957525381159659, 0.919432331510958, 0.8810039356886658], [0.48201986296398563, 0.4799933401882809, 0.31613166523919745, 0.46175672821676467, 0.2964497977527507, 0.3438520659535238, -0.1978050265048142, 0.35004200969943733, 0.20492696740723423, 0.2882641171832081, -0.2632209833651235, -0.6834087930732133, 0.03855951826165612, 0.20480928888374683, 0.0835585196112471, 0.28342001125900346, 0.7305522370854158, 0.7332962054032786, 0.39167528723769957, 0.4406649613788134, 1.0, -0.408980345845411, 0.31582675223920637, 0.4672780552787483, 0.2596302995415548], [-0.29164102845766376, -0.21315912451933874, -0.21091649845873825, -0.28312259150203123, -0.2040230347608934, -0.20022230357151807, 0.1314116975513988, -0.2986758697223591, -0.21385715761234528, -0.20571831011897349, 0.5625453450860803, 0.5488867509766574, 0.5295804872557363, -0.12998227832003853, 0.5399280087155782, -0.1985788978751979, -0.5379311348881148, -0.11236664743368102, -0.27739564213990475, -0.1915604620204568, -0.408980345845411, 1.0, -0.13482122885762599, -0.3235881096154588, -0.15686996493216485], [0.8984173071536721, 0.8704141754503798, 0.9068480205349599, 0.8980263342871732, 0.890659919733472, 0.9354647284179638, -0.902767105108395, 0.9035400172019646, 0.88501200185316, 0.9301610043679345, 0.9079849059788959, 0.8812501408846155, 0.9197606898072546, 0.9445658385481198, 0.9374278461673926, 0.915077551710731, 0.6723392010308428, 0.5391743271921194, 0.8862922595173647, 0.6957525381159659, 0.31582675223920637, -0.13482122885762599, 1.0, 0.8315988549402585, 0.8841963117924359], [0.9733883780246443, 0.9606313509531454, 0.9395181468708658, 0.9672883536538714, 0.9245495811405049, 0.9555935690382955, -0.9094348042643634, 0.9542572157165286, 0.9288136445752715, 0.9566493067860097, 0.9523979893731791, 0.9491534561258645, 0.9488996434942765, 0.9505242370449302, 0.9591110557342656, 0.9439747627770164, 0.9102835932615381, 0.7697341181569866, 0.9495248484611469, 0.919432331510958, 0.4672780552787483, -0.3235881096154588, 0.8315988549402585, 1.0, 0.9275114908324399], [0.951332078534555, 0.9515270686841512, 0.9775503393344553, 0.9573084250372639, 0.9754838616367201, 0.9577855003716679, -0.9551740322866583, 0.933612321429155, 0.9570294098520071, 0.9553022735935909, 0.9763950340400324, 0.9758425756233643, 0.9634380433067352, 0.9567714645170003, 0.9623249171642008, 0.9447073264296508, 0.7870239546751427, 0.654109225281834, 0.966964836040521, 0.8810039356886658, 0.2596302995415548, -0.15686996493216485, 0.8841963117924359, 0.9275114908324399, 1.0]], "x": ["^TAIEX       \u81fa\u7063\u52a0\u6b0a\u5831\u916c\u6307\u6578", "^TWII        \u81fa\u7063\u52a0\u6b0a\u6307\u6578", "^TAIEXx2     \u81fa\u7063\u52a0\u6b0a\u5831\u916c\u6307\u6578_\u65e5\u6b632", "^TAI50I      \u81fa\u706350\u5831\u916c\u6307\u6578", "^TAI50Ix2    \u81fa\u706350\u5831\u916c\u6307\u6578_\u65e5\u6b632", "^TAI100I     \u81fa\u7063\u4e2d\u578b100\u5831\u916c\u6307\u6578", "^TAI100Ix2   \u81fa\u7063\u4e2d\u578b100\u5831\u916c\u6307\u6578_\u65e5\u6b632", "^TAIDIVIDI   \u81fa\u7063\u9ad8\u80a1\u606f\u5831\u916c\u6307\u6578", "^TAIDIVIDIx2 \u81fa\u7063\u9ad8\u80a1\u606f\u5831\u916c\u6307\u6578_\u65e5\u6b632", "0050         \u5143\u5927\u81fa\u706350", "00631L       \u5143\u5927\u53f0\u706350\u6b632", "00675L       \u5bcc\u90a6\u81fa\u7063\u52a0\u6b0a\u6b632", "006208       \u5bcc\u90a6\u53f050", "0051         \u5143\u5927\u4e2d\u578b100", "006204       \u6c38\u8c50\u81fa\u7063\u52a0\u6b0a", "0056         \u5143\u5927\u9ad8\u80a1\u606f", "2412         \u4e2d\u83ef\u96fb\u4fe1", "2002         \u4e2d\u92fc", "2330         \u53f0\u7a4d\u96fb", "2317         \u9d3b\u6d77", "6505         \u53f0\u5851\u77f3\u5316", "3481         \u7fa4\u5275", "2303         \u806f\u96fb", "2308         \u53f0\u9054\u96fb", "2454         \u806f\u767c\u79d1"], "y": ["^TAIEX       \u81fa\u7063\u52a0\u6b0a\u5831\u916c\u6307\u6578", "^TWII        \u81fa\u7063\u52a0\u6b0a\u6307\u6578", "^TAIEXx2     \u81fa\u7063\u52a0\u6b0a\u5831\u916c\u6307\u6578_\u65e5\u6b632", "^TAI50I      \u81fa\u706350\u5831\u916c\u6307\u6578", "^TAI50Ix2    \u81fa\u706350\u5831\u916c\u6307\u6578_\u65e5\u6b632", "^TAI100I     \u81fa\u7063\u4e2d\u578b100\u5831\u916c\u6307\u6578", "^TAI100Ix2   \u81fa\u7063\u4e2d\u578b100\u5831\u916c\u6307\u6578_\u65e5\u6b632", "^TAIDIVIDI   \u81fa\u7063\u9ad8\u80a1\u606f\u5831\u916c\u6307\u6578", "^TAIDIVIDIx2 \u81fa\u7063\u9ad8\u80a1\u606f\u5831\u916c\u6307\u6578_\u65e5\u6b632", "0050         \u5143\u5927\u81fa\u706350", "00631L       \u5143\u5927\u53f0\u706350\u6b632", "00675L       \u5bcc\u90a6\u81fa\u7063\u52a0\u6b0a\u6b632", "006208       \u5bcc\u90a6\u53f050", "0051         \u5143\u5927\u4e2d\u578b100", "006204       \u6c38\u8c50\u81fa\u7063\u52a0\u6b0a", "0056         \u5143\u5927\u9ad8\u80a1\u606f", "2412         \u4e2d\u83ef\u96fb\u4fe1", "2002         \u4e2d\u92fc", "2330         \u53f0\u7a4d\u96fb", "2317         \u9d3b\u6d77", "6505         \u53f0\u5851\u77f3\u5316", "3481         \u7fa4\u5275", "2303         \u806f\u96fb", "2308         \u53f0\u9054\u96fb", "2454         \u806f\u767c\u79d1"], "zmin": -1, "zmax": 1, "colorbar": {"x": -0.2}}], "layout": {"autotypenumbers": "strict", "colorway": ["#636efa", "#EF553B", "#00cc96", "#ab63fa", "#FFA15A", "#19d3f3", "#FF6692", "#B6E880", "#FF97FF", "#FECB52"], "font": {"color": "#f2f5fa", "family": "Courier New"}, "hovermode": "closest", "hoverlabel": {"align": "left"}, "paper_bgcolor": "rgb(17,17,17)", "plot_bgcolor": "rgb(17,17,17)", "polar": {"bgcolor": "rgb(17,17,17)", "angularaxis": {"gridcolor": "#506784", "linecolor": "#506784", "ticks": ""}, "radialaxis": {"gridcolor": "#506784", "linecolor": "#506784", "ticks": ""}}, "ternary": {"bgcolor": "rgb(17,17,17)", "aaxis": {"gridcolor": "#506784", "linecolor": "#506784", "ticks": ""}, "baxis": {"gridcolor": "#506784", "linecolor": "#506784", "ticks": ""}, "caxis": {"gridcolor": "#506784", "linecolor": "#506784", "ticks": ""}}, "coloraxis": {"colorbar": {"outlinewidth": 0, "ticks": ""}}, "colorscale": {"sequential": [[0.0, "#0d0887"], [0.1111111111111111, "#46039f"], [0.2222222222222222, "#7201a8"], [0.3333333333333333, "#9c179e"], [0.4444444444444444, "#bd3786"], [0.5555555555555556, "#d8576b"], [0.6666666666666666, "#ed7953"], [0.7777777777777778, "#fb9f3a"], [0.8888888888888888, "#fdca26"], [1.0, "#f0f921"]], "sequentialminus": [[0.0, "#0d0887"], [0.1111111111111111, "#46039f"], [0.2222222222222222, "#7201a8"], [0.3333333333333333, "#9c179e"], [0.4444444444444444, "#bd3786"], [0.5555555555555556, "#d8576b"], [0.6666666666666666, "#ed7953"], [0.7777777777777778, "#fb9f3a"], [0.8888888888888888, "#fdca26"], [1.0, "#f0f921"]], "diverging": [[0, "#8e0152"], [0.1, "#c51b7d"], [0.2, "#de77ae"], [0.3, "#f1b6da"], [0.4, "#fde0ef"], [0.5, "#f7f7f7"], [0.6, "#e6f5d0"], [0.7, "#b8e186"], [0.8, "#7fbc41"], [0.9, "#4d9221"], [1, "#276419"]]}, "xaxis": {"gridcolor": "rgba(0, 0, 0, 0)", "linecolor": "#506784", "ticks": "", "title": {"standoff": 15}, "zerolinecolor": "#283442", "automargin": true, "zerolinewidth": 2, "tickfont": {"family": "Courier New", "size": 14}, "side": "top", "tickangle": -90}, "yaxis": {"gridcolor": "rgba(0, 0, 0, 0)", "linecolor": "#506784", "ticks": "", "title": {"standoff": 15}, "zerolinecolor": "#283442", "automargin": true, "zerolinewidth": 2, "tickfont": {"family": "Courier New"}, "side": "right"}, "scene": {"xaxis": {"backgroundcolor": "rgb(17,17,17)", "gridcolor": "#506784", "linecolor": "#506784", "showbackground": true, "ticks": "", "zerolinecolor": "#C8D4E3", "gridwidth": 2}, "yaxis": {"backgroundcolor": "rgb(17,17,17)", "gridcolor": "#506784", "linecolor": "#506784", "showbackground": true, "ticks": "", "zerolinecolor": "#C8D4E3", "gridwidth": 2}, "zaxis": {"backgroundcolor": "rgb(17,17,17)", "gridcolor": "#506784", "linecolor": "#506784", "showbackground": true, "ticks": "", "zerolinecolor": "#C8D4E3", "gridwidth": 2}}, "shapedefaults": {"line": {"color": "#f2f5fa"}}, "annotationdefaults": {"arrowcolor": "#f2f5fa", "arrowhead": 0, "arrowwidth": 1}, "geo": {"bgcolor": "rgb(17,17,17)", "landcolor": "rgb(17,17,17)", "subunitcolor": "#506784", "showland": true, "showlakes": true, "lakecolor": "rgb(17,17,17)"}, "title": {"x": 0.05, "font": {"family": "Times New Roman"}, "y": 0.05, "text": "<b>Correlation of Adj Close <b><br><i>2016/09/23 ~ 2025/05/29<i>"}, "updatemenudefaults": {"bgcolor": "#506784", "borderwidth": 0}, "sliderdefaults": {"bgcolor": "#C8D4E3", "borderwidth": 1, "bordercolor": "rgb(17,17,17)", "tickwidth": 0}, "mapbox": {"style": "dark"}, "height": 600}};

Plotly.newPlot("correlationAdjClose",
    correlationAdjClose.data,
    correlationAdjClose.layout || {},
    config);