var correlationClose = {"data": [{"type": "heatmap", "z": [[1.0, 0.9999999999999986, 1.0, 0.9956394200418585, 0.9956394200418585, 0.9606399491762414, 0.9606399491762414, 0.8951626535731165, 0.8951626535731165, 0.94583025692373, 0.9951954790615255, 0.9548910578185292, 0.9924695473053672, 0.9920239649391525, 0.9950990032452277, 0.9713393190056331, 0.9988712920423656, 0.9272942125169028, 0.7824772077523267, -0.07405700015013407, 0.9766215123414083, 0.055887728128408296, 0.0070749862521940505, -0.2510421488092533, 0.8246953990602701, 0.951066368274636, 0.9028747524175323, 0.9267400307091342, 0.7658069357282962, 0.469242146489071, 0.6066143115334235, 0.6379960143899857, 0.9275797718859942, 0.8087992345955204, 0.1685075064603459], [0.9999999999999986, 1.0, 0.9999999999999988, 0.9955836331469988, 0.9955836331469988, 0.9599849371841838, 0.9599849371841838, 0.8964769370263916, 0.8964769370263916, 0.9461040874440894, 0.995165163710648, 0.9553229909463326, 0.9922020970655032, 0.9914251356439365, 0.9950650171864623, 0.9705576799855272, 0.9988737416975796, 0.9278902506853934, 0.8032817644163331, 0.1328472154404738, 0.9674679559255878, -0.10425028533017086, 0.015676057550246945, -0.25128827608065246, 0.6479577825493027, 0.9511484141291744, 0.8742947924227015, 0.921283279378071, 0.7791484197565547, 0.4598731016528419, 0.6031428561195441, 0.669178894322131, 0.9245221219869958, 0.6700611641800389, 0.1646154930137855], [1.0, 0.9999999999999988, 1.0, 0.9956394200418585, 0.9956394200418585, 0.9606399491762414, 0.9606399491762414, 0.8951626535731165, 0.8951626535731165, 0.94583025692373, 0.9951954790615255, 0.9548910578185292, 0.9924695473053672, 0.9920239649391525, 0.9950990032452277, 0.9713393190056331, 0.9988712920423656, 0.9272942125169028, 0.7824772077523267, -0.07405700015013407, 0.9766215123414083, 0.055887728128408296, 0.0070749862521940505, -0.2510421488092533, 0.8246953990602701, 0.951066368274636, 0.9028747524175323, 0.9267400307091342, 0.7658069357282962, 0.469242146489071, 0.6066143115334235, 0.6379960143899857, 0.9275797718859942, 0.8087992345955204, 0.1685075064603459], [0.9956394200418585, 0.9955836331469988, 0.9956394200418585, 1.0, 1.0, 0.9475695846222867, 0.9475695846222867, 0.8811357944579223, 0.8811357944579223, 0.9422919484906124, 0.9994541832950032, 0.9541874454548668, 0.9879799618096581, 0.9836866664945495, 0.9993855219937149, 0.9537683059146783, 0.9947038639404958, 0.9092306797239066, 0.7622887365980083, -0.07866467516249825, 0.9884067591732777, 0.07475162322342677, -0.021659036996789414, -0.25477447390148017, 0.8259952498100483, 0.9417116682100455, 0.9077976410978088, 0.9163241340858043, 0.7775222847126096, 0.49408865736820223, 0.6003425607038837, 0.6123370006558423, 0.9212326333232382, 0.7983911104051822, 0.18088663647506248], [0.9956394200418585, 0.9955836331469988, 0.9956394200418585, 1.0, 1.0, 0.9475695846222867, 0.9475695846222867, 0.8811357944579223, 0.8811357944579223, 0.9422919484906124, 0.9994541832950032, 0.9541874454548668, 0.9879799618096581, 0.9836866664945495, 0.9993855219937149, 0.9537683059146783, 0.9947038639404958, 0.9092306797239066, 0.7622887365980083, -0.07866467516249825, 0.9884067591732777, 0.07475162322342677, -0.021659036996789414, -0.25477447390148017, 0.8259952498100483, 0.9417116682100455, 0.9077976410978088, 0.9163241340858043, 0.7775222847126096, 0.49408865736820223, 0.6003425607038837, 0.6123370006558423, 0.9212326333232382, 0.7983911104051822, 0.18088663647506248], [0.9606399491762414, 0.9599849371841838, 0.9606399491762414, 0.9475695846222867, 0.9475695846222867, 1.0, 1.0, 0.9224229725717449, 0.9224229725717449, 0.9111199564701774, 0.9515272144205857, 0.9185909720161017, 0.9766368340046325, 0.9754833251811716, 0.9510858367891952, 0.9989653359868189, 0.9718364627955152, 0.9196023578058216, 0.6229185708044451, -0.01626730183161517, 0.9319592638513815, 0.24004613157826812, -0.19942411849024985, -0.10419392168244378, 0.896101751256451, 0.9107466314721573, 0.9233874656332026, 0.8935386245309227, 0.7232826332681668, 0.6999847189061432, 0.7205248695738368, 0.7137205659951293, 0.8438205186246533, 0.843774287876657, 0.4611712229522337], [0.9606399491762414, 0.9599849371841838, 0.9606399491762414, 0.9475695846222867, 0.9475695846222867, 1.0, 1.0, 0.9224229725717449, 0.9224229725717449, 0.9111199564701774, 0.9515272144205857, 0.9185909720161017, 0.9766368340046325, 0.9754833251811716, 0.9510858367891952, 0.9989653359868189, 0.9718364627955152, 0.9196023578058216, 0.6229185708044451, -0.01626730183161517, 0.9319592638513815, 0.24004613157826812, -0.19942411849024985, -0.10419392168244378, 0.896101751256451, 0.9107466314721573, 0.9233874656332026, 0.8935386245309227, 0.7232826332681668, 0.6999847189061432, 0.7205248695738368, 0.7137205659951293, 0.8438205186246533, 0.843774287876657, 0.4611712229522337], [0.8951626535731165, 0.8964769370263916, 0.8951626535731165, 0.8811357944579223, 0.8811357944579223, 0.9224229725717449, 0.9224229725717449, 1.0, 1.0, 0.8905759982431681, 0.9380339470867592, 0.8806132690757142, 0.9468902795278042, 0.9419418616572286, 0.9375935083618276, 0.9232255024645469, 0.9393027704935414, 0.9731462056588077, 0.5569340985442759, 0.10491924144716429, 0.8374558062371655, 0.4938911688080448, -0.22328383582954378, 0.03845259105072706, 0.7843283712070878, 0.8017368803724916, 0.8591384184348869, 0.8389912501802419, 0.736747574049078, 0.8678723209206566, 0.7648738975570536, 0.7175548118871241, 0.7677852865357685, 0.8313751395506724, 0.8007265624506684], [0.8951626535731165, 0.8964769370263916, 0.8951626535731165, 0.8811357944579223, 0.8811357944579223, 0.9224229725717449, 0.9224229725717449, 1.0, 1.0, 0.8905759982431681, 0.9380339470867592, 0.8806132690757142, 0.9468902795278042, 0.9419418616572286, 0.9375935083618276, 0.9232255024645469, 0.9393027704935414, 0.9731462056588077, 0.5569340985442759, 0.10491924144716429, 0.8374558062371655, 0.4938911688080448, -0.22328383582954378, 0.03845259105072706, 0.7843283712070878, 0.8017368803724916, 0.8591384184348869, 0.8389912501802419, 0.736747574049078, 0.8678723209206566, 0.7648738975570536, 0.7175548118871241, 0.7677852865357685, 0.8313751395506724, 0.8007265624506684], [0.94583025692373, 0.9461040874440894, 0.94583025692373, 0.9422919484906124, 0.9422919484906124, 0.9111199564701774, 0.9111199564701774, 0.8905759982431681, 0.8905759982431681, 1.0, 0.9393674210947419, 0.9999756056345867, 0.9249094099029722, 0.9027379366432363, 0.9401196305323575, 0.9127025198286756, 0.9439179718273966, 0.9046520851877881, 0.7885895824305996, 0.22876624125103476, 0.9313465452090387, 0.7859103568411119, -0.3224497939662061, 0.3961643370010015, 0.8617605971002528, 0.8517958460197138, 0.8916185382942601, 0.8705214863675527, 0.7609419740398693, 0.7876725394909566, 0.8316888981093397, 0.8016072054095793, 0.8476255397113666, 0.8925192392903448, 0.7794749153996264], [0.9951954790615255, 0.995165163710648, 0.9951954790615255, 0.9994541832950032, 0.9994541832950032, 0.9515272144205857, 0.9515272144205857, 0.9380339470867592, 0.9380339470867592, 0.9393674210947419, 1.0, 0.9392139660851848, 0.987767408406574, 0.9841022684079131, 0.9999130546725992, 0.9520401001477098, 0.9938318814150734, 0.9283218286382902, 0.8396601925812266, 0.1781455961594366, 0.9954707629812797, 0.8453399354241875, -0.408847572372347, 0.3776798658607085, 0.8706765979191889, 0.91596225536512, 0.9396566581740649, 0.9110611797088177, 0.7988773803933886, 0.8875751738803457, 0.8697874114305492, 0.8153085711648826, 0.8942685874444208, 0.9419377156649789, 0.7855203506116147], [0.9548910578185292, 0.9553229909463326, 0.9548910578185292, 0.9541874454548668, 0.9541874454548668, 0.9185909720161017, 0.9185909720161017, 0.8806132690757142, 0.8806132690757142, 0.9999756056345867, 0.9392139660851848, 1.0, 0.9223246249709453, 0.8993399961332074, 0.9378447515071833, 0.9189507754306514, 0.9451927137732213, 0.894083328464892, 0.7198737947475226, -0.002466794308075505, 0.9407955400206627, 0.608538757260985, -0.23198866188643982, -0.239512778230301, 0.8679205335202211, 0.8803586967610451, 0.8650248761169187, 0.880170227011859, 0.7935119656781965, 0.7767379762227565, 0.7967361916349991, 0.724586379490432, 0.8758553177243965, 0.7755171976774059, 0.7358369127364617], [0.9924695473053672, 0.9922020970655032, 0.9924695473053672, 0.9879799618096581, 0.9879799618096581, 0.9766368340046325, 0.9766368340046325, 0.9468902795278042, 0.9468902795278042, 0.9249094099029722, 0.987767408406574, 0.9223246249709453, 1.0, 0.9996768392809884, 0.9876613790112896, 0.9748784696456434, 0.9894482790933654, 0.9235321660932064, 0.8050028066020561, 0.21421741405112402, 0.9854258669307645, 0.8711829629187671, -0.6003057789509416, 0.45504391885594037, 0.850952238974143, 0.9333115651082298, 0.9568722527553823, 0.905182560944775, 0.7199156477122237, 0.8889559967522143, 0.8492108410689053, 0.8065667192135709, 0.8743695502561029, 0.9628860169637308, 0.8217242449819212], [0.9920239649391525, 0.9914251356439365, 0.9920239649391525, 0.9836866664945495, 0.9836866664945495, 0.9754833251811716, 0.9754833251811716, 0.9419418616572286, 0.9419418616572286, 0.9027379366432363, 0.9841022684079131, 0.8993399961332074, 0.9996768392809884, 1.0, 0.9841493974863929, 0.9725982158230091, 0.9876393826049196, 0.9115313958123494, 0.8232449585342032, 0.0951675761989253, 0.9796165762676583, 0.8803659012317803, -0.8161024602478979, 0.5039297363828531, 0.8093984092061256, 0.9394087269464472, 0.9546599145654022, 0.8910179039301152, 0.6323794215210261, 0.8998471213886335, 0.8347461523458057, 0.7576973143475356, 0.9080714222501673, 0.9654115774367187, 0.7923269795366493], [0.9950990032452277, 0.9950650171864623, 0.9950990032452277, 0.9993855219937149, 0.9993855219937149, 0.9510858367891952, 0.9510858367891952, 0.9375935083618276, 0.9375935083618276, 0.9401196305323575, 0.9999130546725992, 0.9378447515071833, 0.9876613790112896, 0.9841493974863929, 1.0, 0.9517002287727296, 0.9937802823417163, 0.9283522108484578, 0.8407593686202457, 0.1767174984716789, 0.9953634080426842, 0.8448269901661543, -0.4065685729028153, 0.37569962937269624, 0.8701872660881489, 0.9144800604593607, 0.9385932931456704, 0.9115436821767212, 0.8005467862015417, 0.8872077839819092, 0.8710093176689344, 0.8162341960756261, 0.8939755379139348, 0.9416251017510826, 0.7854746300551086], [0.9713393190056331, 0.9705576799855272, 0.9713393190056331, 0.9537683059146783, 0.9537683059146783, 0.9989653359868189, 0.9989653359868189, 0.9232255024645469, 0.9232255024645469, 0.9127025198286756, 0.9520401001477098, 0.9189507754306514, 0.9748784696456434, 0.9725982158230091, 0.9517002287727296, 1.0, 0.9735508191270086, 0.9192329252268643, 0.6718243900567865, 0.0029961739318391054, 0.9433091978051026, 0.5681053433554322, -0.3334202301875024, -0.15821132476989755, 0.9091077714316411, 0.9237416901264328, 0.9187861830390184, 0.9020967825862695, 0.7645290618536291, 0.8312718306550905, 0.7712667196687638, 0.7716237680541269, 0.8681641225061619, 0.8408138073779392, 0.7891639123750891], [0.9988712920423656, 0.9988737416975796, 0.9988712920423656, 0.9947038639404958, 0.9947038639404958, 0.9718364627955152, 0.9718364627955152, 0.9393027704935414, 0.9393027704935414, 0.9439179718273966, 0.9938318814150734, 0.9451927137732213, 0.9894482790933654, 0.9876393826049196, 0.9937802823417163, 0.9735508191270086, 1.0, 0.943395917796306, 0.8460156129271471, 0.17435038567044642, 0.9867340245006258, 0.8146447475950097, -0.3914950749880835, 0.3876261594518094, 0.9024396834203859, 0.9314944793052701, 0.9434748158996011, 0.9359973925187035, 0.8206305669767087, 0.8771560495326621, 0.8968052133791353, 0.8449537879821691, 0.9061048165751255, 0.9460410586875577, 0.8404653832986729], [0.9272942125169028, 0.9278902506853934, 0.9272942125169028, 0.9092306797239066, 0.9092306797239066, 0.9196023578058216, 0.9196023578058216, 0.9731462056588077, 0.9731462056588077, 0.9046520851877881, 0.9283218286382902, 0.894083328464892, 0.9235321660932064, 0.9115313958123494, 0.9283522108484578, 0.9192329252268643, 0.943395917796306, 1.0, 0.7262957981064323, 0.020867459928105642, 0.8721869980637363, 0.5042952607273875, -0.12171992832029044, -0.1998808969333514, 0.821989337742867, 0.8400597927948334, 0.8284937434184444, 0.9117802412095514, 0.8283441795155619, 0.7985023335859573, 0.7402770274174031, 0.6991265462147696, 0.8356043513243859, 0.7621908199322979, 0.846523513361112], [0.7824772077523267, 0.8032817644163331, 0.7824772077523267, 0.7622887365980083, 0.7622887365980083, 0.6229185708044451, 0.6229185708044451, 0.5569340985442759, 0.5569340985442759, 0.7885895824305996, 0.8396601925812266, 0.7198737947475226, 0.8050028066020561, 0.8232449585342032, 0.8407593686202457, 0.6718243900567865, 0.8460156129271471, 0.7262957981064323, 1.0, 0.06292123939301018, 0.7249297695728611, -0.44177627568284555, 0.3955866594187972, -0.6622147966042248, 0.3306727209683726, 0.8033342170048944, 0.47928127122625314, 0.8290704058931587, 0.6788282092559271, 0.0307390861249523, 0.2725351368530427, 0.5556157005836713, 0.774701048872945, 0.45446922580207827, -0.1721420369989129], [-0.07405700015013407, 0.1328472154404738, -0.07405700015013407, -0.07866467516249825, -0.07866467516249825, -0.01626730183161517, -0.01626730183161517, 0.10491924144716429, 0.10491924144716429, 0.22876624125103476, 0.1781455961594366, -0.002466794308075505, 0.21421741405112402, 0.0951675761989253, 0.1767174984716789, 0.0029961739318391054, 0.17435038567044642, 0.020867459928105642, 0.06292123939301018, 1.0, -0.04296041176431755, 0.13794769722357553, 0.1132253999053305, 0.7526105163299844, -0.07554645902085363, 0.04902655654957624, 0.04004790850535562, 0.20361136538833935, 0.042261442694433604, 0.12741686230306606, 0.39549202035806136, 0.5990891756361539, -0.07632428279580857, 0.16437971988236072, 0.17414338268029822], [0.9766215123414083, 0.9674679559255878, 0.9766215123414083, 0.9884067591732777, 0.9884067591732777, 0.9319592638513815, 0.9319592638513815, 0.8374558062371655, 0.8374558062371655, 0.9313465452090387, 0.9954707629812797, 0.9407955400206627, 0.9854258669307645, 0.9796165762676583, 0.9953634080426842, 0.9433091978051026, 0.9867340245006258, 0.8721869980637363, 0.7249297695728611, -0.04296041176431755, 1.0, -0.01564107911274531, -0.08587880627794978, -0.31517486031308206, 0.6883909484288758, 0.9229262947804212, 0.8911293343793169, 0.8582301909361, 0.7461380143030507, 0.4900837224617159, 0.5630608948317823, 0.542119260327956, 0.8995762475261292, 0.6451673378291618, 0.15962093314512582], [0.055887728128408296, -0.10425028533017086, 0.055887728128408296, 0.07475162322342677, 0.07475162322342677, 0.24004613157826812, 0.24004613157826812, 0.4938911688080448, 0.4938911688080448, 0.7859103568411119, 0.8453399354241875, 0.608538757260985, 0.8711829629187671, 0.8803659012317803, 0.8448269901661543, 0.5681053433554322, 0.8146447475950097, 0.5042952607273875, -0.44177627568284555, 0.13794769722357553, -0.01564107911274531, 1.0, -0.42109735564781126, 0.7801175312955737, 0.35970159182223604, -0.06624075513926124, 0.24667717125330327, -0.16625228483250615, 0.012251356733034019, 0.5569543329465564, 0.44367937368685545, 0.1702754309655296, -0.09069688647423874, 0.3433841389887472, 0.4637974983339355], [0.0070749862521940505, 0.015676057550246945, 0.0070749862521940505, -0.021659036996789414, -0.021659036996789414, -0.19942411849024985, -0.19942411849024985, -0.22328383582954378, -0.22328383582954378, -0.3224497939662061, -0.408847572372347, -0.23198866188643982, -0.6003057789509416, -0.8161024602478979, -0.4065685729028153, -0.3334202301875024, -0.3914950749880835, -0.12171992832029044, 0.3955866594187972, 0.1132253999053305, -0.08587880627794978, -0.42109735564781126, 1.0, -0.05081885876806056, -0.12443187110798486, -0.02738263369493172, -0.23345578522497426, 0.03280928293634912, -0.0061569197971754665, -0.5276336862098416, -0.14680636907916275, 0.011622334304087871, 0.04252068890362371, -0.14596751673725078, -0.4014571203045206], [-0.2510421488092533, -0.25128827608065246, -0.2510421488092533, -0.25477447390148017, -0.25477447390148017, -0.10419392168244378, -0.10419392168244378, 0.03845259105072706, 0.03845259105072706, 0.3961643370010015, 0.3776798658607085, -0.239512778230301, 0.45504391885594037, 0.5039297363828531, 0.37569962937269624, -0.15821132476989755, 0.3876261594518094, -0.1998808969333514, -0.6622147966042248, 0.7526105163299844, -0.31517486031308206, 0.7801175312955737, -0.05081885876806056, 1.0, -0.0975436988283466, -0.3026246015493541, -0.047724945734173865, -0.34965995105829767, -0.32630452702362206, 0.11237749363789883, 0.18352429476525442, 0.27550891528022897, -0.38253978800479194, 0.14418928634061884, 0.10549723155508971], [0.8246953990602701, 0.6479577825493027, 0.8246953990602701, 0.8259952498100483, 0.8259952498100483, 0.896101751256451, 0.896101751256451, 0.7843283712070878, 0.7843283712070878, 0.8617605971002528, 0.8706765979191889, 0.8679205335202211, 0.850952238974143, 0.8093984092061256, 0.8701872660881489, 0.9091077714316411, 0.9024396834203859, 0.821989337742867, 0.3306727209683726, -0.07554645902085363, 0.6883909484288758, 0.35970159182223604, -0.12443187110798486, -0.0975436988283466, 1.0, 0.6153659780155714, 0.8452245970380952, 0.4781745530650783, 0.6130077347464669, 0.527800059672304, 0.6438354222241148, 0.4068180792296883, 0.6957610418189711, 0.6943653663339258, 0.41015496693145664], [0.951066368274636, 0.9511484141291744, 0.951066368274636, 0.9417116682100455, 0.9417116682100455, 0.9107466314721573, 0.9107466314721573, 0.8017368803724916, 0.8017368803724916, 0.8517958460197138, 0.91596225536512, 0.8803586967610451, 0.9333115651082298, 0.9394087269464472, 0.9144800604593607, 0.9237416901264328, 0.9314944793052701, 0.8400597927948334, 0.8033342170048944, 0.04902655654957624, 0.9229262947804212, -0.06624075513926124, -0.02738263369493172, -0.3026246015493541, 0.6153659780155714, 1.0, 0.8268933160836476, 0.8582697483374117, 0.7058576100718355, 0.3331493583526644, 0.48307209152938263, 0.6029615210700308, 0.9016002585037798, 0.6315180237918708, 0.057508712533980946], [0.9028747524175323, 0.8742947924227015, 0.9028747524175323, 0.9077976410978088, 0.9077976410978088, 0.9233874656332026, 0.9233874656332026, 0.8591384184348869, 0.8591384184348869, 0.8916185382942601, 0.9396566581740649, 0.8650248761169187, 0.9568722527553823, 0.9546599145654022, 0.9385932931456704, 0.9187861830390184, 0.9434748158996011, 0.8284937434184444, 0.47928127122625314, 0.04004790850535562, 0.8911293343793169, 0.24667717125330327, -0.23345578522497426, -0.047724945734173865, 0.8452245970380952, 0.8268933160836476, 1.0, 0.7295666292545228, 0.5761929705306046, 0.5328915786532975, 0.5691956882532475, 0.5261982231370551, 0.7974755409107701, 0.8160962907782776, 0.20637288282882466], [0.9267400307091342, 0.921283279378071, 0.9267400307091342, 0.9163241340858043, 0.9163241340858043, 0.8935386245309227, 0.8935386245309227, 0.8389912501802419, 0.8389912501802419, 0.8705214863675527, 0.9110611797088177, 0.880170227011859, 0.905182560944775, 0.8910179039301152, 0.9115436821767212, 0.9020967825862695, 0.9359973925187035, 0.9117802412095514, 0.8290704058931587, 0.20361136538833935, 0.8582301909361, -0.16625228483250615, 0.03280928293634912, -0.34965995105829767, 0.4781745530650783, 0.8582697483374117, 0.7295666292545228, 1.0, 0.8999452124532089, 0.4941395497830904, 0.6658106879948766, 0.6681012198162215, 0.8689386301384316, 0.48772510012323755, 0.28985549040678665], [0.7658069357282962, 0.7791484197565547, 0.7658069357282962, 0.7775222847126096, 0.7775222847126096, 0.7232826332681668, 0.7232826332681668, 0.736747574049078, 0.736747574049078, 0.7609419740398693, 0.7988773803933886, 0.7935119656781965, 0.7199156477122237, 0.6323794215210261, 0.8005467862015417, 0.7645290618536291, 0.8206305669767087, 0.8283441795155619, 0.6788282092559271, 0.042261442694433604, 0.7461380143030507, 0.012251356733034019, -0.0061569197971754665, -0.32630452702362206, 0.6130077347464669, 0.7058576100718355, 0.5761929705306046, 0.8999452124532089, 1.0, 0.5395838145800043, 0.6481738098253799, 0.6018354207762261, 0.7108056173660676, 0.5515419623181486, 0.4715290452918846], [0.469242146489071, 0.4598731016528419, 0.469242146489071, 0.49408865736820223, 0.49408865736820223, 0.6999847189061432, 0.6999847189061432, 0.8678723209206566, 0.8678723209206566, 0.7876725394909566, 0.8875751738803457, 0.7767379762227565, 0.8889559967522143, 0.8998471213886335, 0.8872077839819092, 0.8312718306550905, 0.8771560495326621, 0.7985023335859573, 0.0307390861249523, 0.12741686230306606, 0.4900837224617159, 0.5569543329465564, -0.5276336862098416, 0.11237749363789883, 0.527800059672304, 0.3331493583526644, 0.5328915786532975, 0.4941395497830904, 0.5395838145800043, 1.0, 0.7287809975508991, 0.3636798024564726, 0.4272790504823261, 0.5217791739711798, 0.7931179294627129], [0.6066143115334235, 0.6031428561195441, 0.6066143115334235, 0.6003425607038837, 0.6003425607038837, 0.7205248695738368, 0.7205248695738368, 0.7648738975570536, 0.7648738975570536, 0.8316888981093397, 0.8697874114305492, 0.7967361916349991, 0.8492108410689053, 0.8347461523458057, 0.8710093176689344, 0.7712667196687638, 0.8968052133791353, 0.7402770274174031, 0.2725351368530427, 0.39549202035806136, 0.5630608948317823, 0.44367937368685545, -0.14680636907916275, 0.18352429476525442, 0.6438354222241148, 0.48307209152938263, 0.5691956882532475, 0.6658106879948766, 0.6481738098253799, 0.7287809975508991, 1.0, 0.7765922562745393, 0.45881933117728946, 0.7105124453976398, 0.5492064866222254], [0.6379960143899857, 0.669178894322131, 0.6379960143899857, 0.6123370006558423, 0.6123370006558423, 0.7137205659951293, 0.7137205659951293, 0.7175548118871241, 0.7175548118871241, 0.8016072054095793, 0.8153085711648826, 0.724586379490432, 0.8065667192135709, 0.7576973143475356, 0.8162341960756261, 0.7716237680541269, 0.8449537879821691, 0.6991265462147696, 0.5556157005836713, 0.5990891756361539, 0.542119260327956, 0.1702754309655296, 0.011622334304087871, 0.27550891528022897, 0.4068180792296883, 0.6029615210700308, 0.5261982231370551, 0.6681012198162215, 0.6018354207762261, 0.3636798024564726, 0.7765922562745393, 1.0, 0.4807003005966647, 0.6686628281162196, 0.19435289248872126], [0.9275797718859942, 0.9245221219869958, 0.9275797718859942, 0.9212326333232382, 0.9212326333232382, 0.8438205186246533, 0.8438205186246533, 0.7677852865357685, 0.7677852865357685, 0.8476255397113666, 0.8942685874444208, 0.8758553177243965, 0.8743695502561029, 0.9080714222501673, 0.8939755379139348, 0.8681641225061619, 0.9061048165751255, 0.8356043513243859, 0.774701048872945, -0.07632428279580857, 0.8995762475261292, -0.09069688647423874, 0.04252068890362371, -0.38253978800479194, 0.6957610418189711, 0.9016002585037798, 0.7974755409107701, 0.8689386301384316, 0.7108056173660676, 0.4272790504823261, 0.45881933117728946, 0.4807003005966647, 1.0, 0.7037844451058509, 0.15669957321105057], [0.8087992345955204, 0.6700611641800389, 0.8087992345955204, 0.7983911104051822, 0.7983911104051822, 0.843774287876657, 0.843774287876657, 0.8313751395506724, 0.8313751395506724, 0.8925192392903448, 0.9419377156649789, 0.7755171976774059, 0.9628860169637308, 0.9654115774367187, 0.9416251017510826, 0.8408138073779392, 0.9460410586875577, 0.7621908199322979, 0.45446922580207827, 0.16437971988236072, 0.6451673378291618, 0.3433841389887472, -0.14596751673725078, 0.14418928634061884, 0.6943653663339258, 0.6315180237918708, 0.8160962907782776, 0.48772510012323755, 0.5515419623181486, 0.5217791739711798, 0.7105124453976398, 0.6686628281162196, 0.7037844451058509, 1.0, 0.16570642874479036], [0.1685075064603459, 0.1646154930137855, 0.1685075064603459, 0.18088663647506248, 0.18088663647506248, 0.4611712229522337, 0.4611712229522337, 0.8007265624506684, 0.8007265624506684, 0.7794749153996264, 0.7855203506116147, 0.7358369127364617, 0.8217242449819212, 0.7923269795366493, 0.7854746300551086, 0.7891639123750891, 0.8404653832986729, 0.846523513361112, -0.1721420369989129, 0.17414338268029822, 0.15962093314512582, 0.4637974983339355, -0.4014571203045206, 0.10549723155508971, 0.41015496693145664, 0.057508712533980946, 0.20637288282882466, 0.28985549040678665, 0.4715290452918846, 0.7931179294627129, 0.5492064866222254, 0.19435289248872126, 0.15669957321105057, 0.16570642874479036, 1.0]], "x": ["^TAIEX       \u81fa\u7063\u52a0\u6b0a\u5831\u916c\u6307\u6578", "^TWII        \u81fa\u7063\u52a0\u6b0a\u6307\u6578", "^TAIEXx2     \u81fa\u7063\u52a0\u6b0a\u5831\u916c\u6307\u6578_\u65e5\u6b632", "^TAI50I      \u81fa\u706350\u5831\u916c\u6307\u6578", "^TAI50Ix2    \u81fa\u706350\u5831\u916c\u6307\u6578_\u65e5\u6b632", "^TAI100I     \u81fa\u7063\u4e2d\u578b100\u5831\u916c\u6307\u6578", "^TAI100Ix2   \u81fa\u7063\u4e2d\u578b100\u5831\u916c\u6307\u6578_\u65e5\u6b632", "^TAIDIVIDI   \u81fa\u7063\u9ad8\u80a1\u606f\u5831\u916c\u6307\u6578", "^TAIDIVIDIx2 \u81fa\u7063\u9ad8\u80a1\u606f\u5831\u916c\u6307\u6578_\u65e5\u6b632", "0050Fund     \u5143\u5927\u53f0\u7063\u5353\u8d8a50\u57fa\u91d1", "006208Fund   \u5bcc\u90a6\u53f0\u7063\u91c6\u540950\u57fa\u91d1", "0050         \u5143\u5927\u81fa\u706350", "00631L       \u5143\u5927\u53f0\u706350\u6b632", "00675L       \u5bcc\u90a6\u81fa\u7063\u52a0\u6b0a\u6b632", "006208       \u5bcc\u90a6\u53f050", "0051         \u5143\u5927\u4e2d\u578b100", "006204       \u6c38\u8c50\u81fa\u7063\u52a0\u6b0a", "0056         \u5143\u5927\u9ad8\u80a1\u606f", "2412         \u4e2d\u83ef\u96fb\u4fe1", "2002         \u4e2d\u92fc", "2330         \u53f0\u7a4d\u96fb", "2317         \u9d3b\u6d77", "6505         \u53f0\u5851\u77f3\u5316", "3481         \u7fa4\u5275", "2303         \u806f\u96fb", "2308         \u53f0\u9054\u96fb", "2454         \u806f\u767c\u79d1", "2886         \u5146\u8c50\u91d1", "2884         \u7389\u5c71\u91d1", "2891         \u4e2d\u4fe1\u91d1", "2892         \u7b2c\u4e00\u91d1", "5880         \u5408\u5eab\u91d1", "2881         \u5bcc\u90a6\u91d1", "2885         \u5143\u5927\u91d1", "2887         \u53f0\u65b0\u91d1"], "y": ["^TAIEX       \u81fa\u7063\u52a0\u6b0a\u5831\u916c\u6307\u6578", "^TWII        \u81fa\u7063\u52a0\u6b0a\u6307\u6578", "^TAIEXx2     \u81fa\u7063\u52a0\u6b0a\u5831\u916c\u6307\u6578_\u65e5\u6b632", "^TAI50I      \u81fa\u706350\u5831\u916c\u6307\u6578", "^TAI50Ix2    \u81fa\u706350\u5831\u916c\u6307\u6578_\u65e5\u6b632", "^TAI100I     \u81fa\u7063\u4e2d\u578b100\u5831\u916c\u6307\u6578", "^TAI100Ix2   \u81fa\u7063\u4e2d\u578b100\u5831\u916c\u6307\u6578_\u65e5\u6b632", "^TAIDIVIDI   \u81fa\u7063\u9ad8\u80a1\u606f\u5831\u916c\u6307\u6578", "^TAIDIVIDIx2 \u81fa\u7063\u9ad8\u80a1\u606f\u5831\u916c\u6307\u6578_\u65e5\u6b632", "0050Fund     \u5143\u5927\u53f0\u7063\u5353\u8d8a50\u57fa\u91d1", "006208Fund   \u5bcc\u90a6\u53f0\u7063\u91c6\u540950\u57fa\u91d1", "0050         \u5143\u5927\u81fa\u706350", "00631L       \u5143\u5927\u53f0\u706350\u6b632", "00675L       \u5bcc\u90a6\u81fa\u7063\u52a0\u6b0a\u6b632", "006208       \u5bcc\u90a6\u53f050", "0051         \u5143\u5927\u4e2d\u578b100", "006204       \u6c38\u8c50\u81fa\u7063\u52a0\u6b0a", "0056         \u5143\u5927\u9ad8\u80a1\u606f", "2412         \u4e2d\u83ef\u96fb\u4fe1", "2002         \u4e2d\u92fc", "2330         \u53f0\u7a4d\u96fb", "2317         \u9d3b\u6d77", "6505         \u53f0\u5851\u77f3\u5316", "3481         \u7fa4\u5275", "2303         \u806f\u96fb", "2308         \u53f0\u9054\u96fb", "2454         \u806f\u767c\u79d1", "2886         \u5146\u8c50\u91d1", "2884         \u7389\u5c71\u91d1", "2891         \u4e2d\u4fe1\u91d1", "2892         \u7b2c\u4e00\u91d1", "5880         \u5408\u5eab\u91d1", "2881         \u5bcc\u90a6\u91d1", "2885         \u5143\u5927\u91d1", "2887         \u53f0\u65b0\u91d1"], "zmin": -1, "zmax": 1, "colorbar": {"x": -0.2}}], "layout": {"autotypenumbers": "strict", "colorway": ["#636efa", "#EF553B", "#00cc96", "#ab63fa", "#FFA15A", "#19d3f3", "#FF6692", "#B6E880", "#FF97FF", "#FECB52"], "font": {"color": "#f2f5fa", "family": "Courier New"}, "hovermode": "closest", "hoverlabel": {"align": "left"}, "paper_bgcolor": "rgb(17,17,17)", "plot_bgcolor": "rgb(17,17,17)", "polar": {"bgcolor": "rgb(17,17,17)", "angularaxis": {"gridcolor": "#506784", "linecolor": "#506784", "ticks": ""}, "radialaxis": {"gridcolor": "#506784", "linecolor": "#506784", "ticks": ""}}, "ternary": {"bgcolor": "rgb(17,17,17)", "aaxis": {"gridcolor": "#506784", "linecolor": "#506784", "ticks": ""}, "baxis": {"gridcolor": "#506784", "linecolor": "#506784", "ticks": ""}, "caxis": {"gridcolor": "#506784", "linecolor": "#506784", "ticks": ""}}, "coloraxis": {"colorbar": {"outlinewidth": 0, "ticks": ""}}, "colorscale": {"sequential": [[0.0, "#0d0887"], [0.1111111111111111, "#46039f"], [0.2222222222222222, "#7201a8"], [0.3333333333333333, "#9c179e"], [0.4444444444444444, "#bd3786"], [0.5555555555555556, "#d8576b"], [0.6666666666666666, "#ed7953"], [0.7777777777777778, "#fb9f3a"], [0.8888888888888888, "#fdca26"], [1.0, "#f0f921"]], "sequentialminus": [[0.0, "#0d0887"], [0.1111111111111111, "#46039f"], [0.2222222222222222, "#7201a8"], [0.3333333333333333, "#9c179e"], [0.4444444444444444, "#bd3786"], [0.5555555555555556, "#d8576b"], [0.6666666666666666, "#ed7953"], [0.7777777777777778, "#fb9f3a"], [0.8888888888888888, "#fdca26"], [1.0, "#f0f921"]], "diverging": [[0, "#8e0152"], [0.1, "#c51b7d"], [0.2, "#de77ae"], [0.3, "#f1b6da"], [0.4, "#fde0ef"], [0.5, "#f7f7f7"], [0.6, "#e6f5d0"], [0.7, "#b8e186"], [0.8, "#7fbc41"], [0.9, "#4d9221"], [1, "#276419"]]}, "xaxis": {"gridcolor": "rgba(0, 0, 0, 0)", "linecolor": "#506784", "ticks": "", "title": {"standoff": 15}, "zerolinecolor": "#283442", "automargin": true, "zerolinewidth": 2, "tickfont": {"family": "Courier New", "size": 14}, "side": "top", "tickangle": -90}, "yaxis": {"gridcolor": "rgba(0, 0, 0, 0)", "linecolor": "#506784", "ticks": "", "title": {"standoff": 15}, "zerolinecolor": "#283442", "automargin": true, "zerolinewidth": 2, "tickfont": {"family": "Courier New"}, "side": "right"}, "scene": {"xaxis": {"backgroundcolor": "rgb(17,17,17)", "gridcolor": "#506784", "linecolor": "#506784", "showbackground": true, "ticks": "", "zerolinecolor": "#C8D4E3", "gridwidth": 2}, "yaxis": {"backgroundcolor": "rgb(17,17,17)", "gridcolor": "#506784", "linecolor": "#506784", "showbackground": true, "ticks": "", "zerolinecolor": "#C8D4E3", "gridwidth": 2}, "zaxis": {"backgroundcolor": "rgb(17,17,17)", "gridcolor": "#506784", "linecolor": "#506784", "showbackground": true, "ticks": "", "zerolinecolor": "#C8D4E3", "gridwidth": 2}}, "shapedefaults": {"line": {"color": "#f2f5fa"}}, "annotationdefaults": {"arrowcolor": "#f2f5fa", "arrowhead": 0, "arrowwidth": 1}, "geo": {"bgcolor": "rgb(17,17,17)", "landcolor": "rgb(17,17,17)", "subunitcolor": "#506784", "showland": true, "showlakes": true, "lakecolor": "rgb(17,17,17)"}, "title": {"x": 0.05, "font": {"family": "Times New Roman"}, "y": 0.05, "text": "<b>Correlation of Close<b><br><i>2016-09-23 ~ 2025-07-17<i>"}, "updatemenudefaults": {"bgcolor": "#506784", "borderwidth": 0}, "sliderdefaults": {"bgcolor": "#C8D4E3", "borderwidth": 1, "bordercolor": "rgb(17,17,17)", "tickwidth": 0}, "mapbox": {"style": "dark"}}, "config": {"responsive": true, "toImageButtonOptions": {"filename": "Correlation of Close_2016-09-23~2025-07-17", "scale": 5}}};

Plotly.newPlot("correlationClose",
    correlationClose.data,
    correlationClose.layout || {},
    correlationClose.config);