var element=document.getElementById("correlationClose");if(element.style.display!='none'){var correlationClose={"data":[{"type":"heatmap","z":[[1.0,0.9999999999999983,1.0,0.9955358118945365,0.9955358118945365,0.9623082495712411,0.9623082495712411,0.8987504630677917,0.8987504630677917,0.8865750228124851,0.994965975758313,0.908998202881492,0.9928360621053821,0.9924893618604433,0.9949498841014435,0.9723294153586901,0.9989107169524908,0.9253386199560163,0.7845267680727886,-0.09201164986381362,0.9770801404849175,0.07905168772761784,-0.027418337148106504,-0.25265556179096404,0.8220736824771421,0.945793832647898,0.9074805324906504,0.9284839938376109,0.7733843791530082,0.49625127393848245,0.6174059415816107,0.6392917980979101,0.9297917519980529,0.8155282407655704,0.16964168793916823],[0.9999999999999983,1.0,0.9999999999999984,0.9954885322214573,0.9954885322214573,0.961681885753393,0.961681885753393,0.899951210783579,0.899951210783579,0.8871835965216177,0.9949453312641066,0.908404928749412,0.9925838069907779,0.9919343191625447,0.9949270521476787,0.9716393132882338,0.9989138452763645,0.9257755142295114,0.8046441557742042,0.11628450322503749,0.9682424541214836,-0.09164793952771086,-0.01998737736078777,-0.25292841902032265,0.647678127373083,0.9459036194447155,0.8801935130759289,0.9229656063857857,0.7859877043342488,0.4876793199764623,0.6143281826675355,0.6664873277108709,0.9269515892346247,0.6643415909680266,0.16600584913084468],[1.0,0.9999999999999984,1.0,0.9955358118945365,0.9955358118945365,0.9623082495712411,0.9623082495712411,0.8987504630677917,0.8987504630677917,0.8865750228124851,0.994965975758313,0.908998202881492,0.9928360621053821,0.9924893618604433,0.9949498841014435,0.9723294153586901,0.9989107169524908,0.9253386199560163,0.7845267680727886,-0.09201164986381362,0.9770801404849175,0.07905168772761784,-0.027418337148106504,-0.25265556179096404,0.8220736824771421,0.945793832647898,0.9074805324906504,0.9284839938376109,0.7733843791530082,0.49625127393848245,0.6174059415816107,0.6392917980979101,0.9297917519980529,0.8155282407655704,0.16964168793916823],[0.9955358118945365,0.9954885322214573,0.9955358118945365,1.0,1.0,0.9493592250671271,0.9493592250671271,0.8845700136502677,0.8845700136502677,0.8744796181824356,0.9994779779693405,0.8999334264419016,0.988656525094134,0.9845648367727068,0.9994223522052431,0.9549667771155547,0.9948506774946205,0.9057522237466666,0.763555354007014,-0.09810248969819359,0.9889875961082508,0.09987346016324956,-0.059694217468231274,-0.255800728521655,0.820787679527789,0.9405758372752352,0.9125575091754105,0.9176121656199934,0.784463077320876,0.5234799295748551,0.6119489606539839,0.6131150359919525,0.9229634728039537,0.8054347793356265,0.18167014819311142],[0.9955358118945365,0.9954885322214573,0.9955358118945365,1.0,1.0,0.9493592250671271,0.9493592250671271,0.8845700136502677,0.8845700136502677,0.8744796181824356,0.9994779779693405,0.8999334264419016,0.988656525094134,0.9845648367727068,0.9994223522052431,0.9549667771155547,0.9948506774946205,0.9057522237466666,0.763555354007014,-0.09810248969819359,0.9889875961082508,0.09987346016324956,-0.059694217468231274,-0.255800728521655,0.820787679527789,0.9405758372752352,0.9125575091754105,0.9176121656199934,0.784463077320876,0.5234799295748551,0.6119489606539839,0.6131150359919525,0.9229634728039537,0.8054347793356265,0.18167014819311142],[0.9623082495712411,0.961681885753393,0.9623082495712411,0.9493592250671271,0.9493592250671271,1.0,1.0,0.9251270083739002,0.9251270083739002,0.8635833233409264,0.9521126072995112,0.8797067909653188,0.9762539114748594,0.9748705309089425,0.9518111869515581,0.9990067367964185,0.9725390193366347,0.9193943462487465,0.6309627401032507,-0.036577101899515116,0.9340082158252018,0.2574642690189981,-0.22810501234814565,-0.10947657806833896,0.8926027736416782,0.904910836236976,0.9266316797076383,0.8969022086054222,0.7324889607837893,0.7147860761465243,0.7278364377515137,0.7145362068937542,0.849468364977666,0.8494522962222629,0.45937581504788827],[0.9623082495712411,0.961681885753393,0.9623082495712411,0.9493592250671271,0.9493592250671271,1.0,1.0,0.9251270083739002,0.9251270083739002,0.8635833233409264,0.9521126072995112,0.8797067909653188,0.9762539114748594,0.9748705309089425,0.9518111869515581,0.9990067367964185,0.9725390193366347,0.9193943462487465,0.6309627401032507,-0.036577101899515116,0.9340082158252018,0.2574642690189981,-0.22810501234814565,-0.10947657806833896,0.8926027736416782,0.904910836236976,0.9266316797076383,0.8969022086054222,0.7324889607837893,0.7147860761465243,0.7278364377515137,0.7145362068937542,0.849468364977666,0.8494522962222629,0.45937581504788827],[0.8987504630677917,0.899951210783579,0.8987504630677917,0.8845700136502677,0.8845700136502677,0.9251270083739002,0.9251270083739002,1.0,1.0,0.8459420420494411,0.9387291662093156,0.8460817538918596,0.9473849382330366,0.9424997946651317,0.9384327318703148,0.9259907393254434,0.9412264652072524,0.9723982089420542,0.5671812015451922,0.08418454354933107,0.8424333796621565,0.5071424309368625,-0.25266381018243544,0.031161698864909528,0.7848424814766184,0.7985137529899047,0.8641029698682147,0.8441040274609541,0.7449697061556187,0.8699173350567195,0.7711116383564927,0.7198118190381533,0.7756063628730447,0.8370242001323829,0.7982457034011194],[0.8987504630677917,0.899951210783579,0.8987504630677917,0.8845700136502677,0.8845700136502677,0.9251270083739002,0.9251270083739002,1.0,1.0,0.8459420420494411,0.9387291662093156,0.8460817538918596,0.9473849382330366,0.9424997946651317,0.9384327318703148,0.9259907393254434,0.9412264652072524,0.9723982089420542,0.5671812015451922,0.08418454354933107,0.8424333796621565,0.5071424309368625,-0.25266381018243544,0.031161698864909528,0.7848424814766184,0.7985137529899047,0.8641029698682147,0.8441040274609541,0.7449697061556187,0.8699173350567195,0.7711116383564927,0.7198118190381533,0.7756063628730447,0.8370242001323829,0.7982457034011194],[0.8865750228124851,0.8871835965216177,0.8865750228124851,0.8744796181824356,0.8744796181824356,0.8635833233409264,0.8635833233409264,0.8459420420494411,0.8459420420494411,1.0,0.8687219928567815,0.9999757888833546,0.8445692372506345,0.8015380397392275,0.8701206410410673,0.8657294532874883,0.8827503037434188,0.8754030385725775,0.7441928835426658,0.23941732184424674,0.8607908588927843,0.717090149956273,-0.28815006726568837,0.39554558941763546,0.8448584637221173,0.7255485003073229,0.8403479270130396,0.8266212283206296,0.717962673757613,0.7105147959246088,0.7917332266095544,0.779160804284036,0.8043986993562203,0.8480994838272969,0.7632966776729293],[0.994965975758313,0.9949453312641066,0.994965975758313,0.9994779779693405,0.9994779779693405,0.9521126072995112,0.9521126072995112,0.9387291662093156,0.9387291662093156,0.8687219928567815,1.0,0.8684994395099008,0.9883574677599264,0.9847590458195793,0.9999159229794343,0.9524391890781232,0.9939161297273431,0.9224827155305626,0.8469788554906045,0.13645448334047092,0.9957563590576272,0.8561613425494131,-0.44360768320086247,0.3593912970745617,0.8581273925741116,0.9120286865332443,0.9421344108259609,0.9133692552529606,0.8084454576314489,0.8958236627871694,0.8731668670752896,0.8108661568640598,0.8977363220928536,0.9427042074854696,0.7760473752863778],[0.908998202881492,0.908404928749412,0.908998202881492,0.8999334264419016,0.8999334264419016,0.8797067909653188,0.8797067909653188,0.8460817538918596,0.8460817538918596,0.9999757888833546,0.8684994395099008,1.0,0.8421503463674292,0.7983784841179971,0.8680865428314728,0.8804240763980818,0.8875055110427122,0.8722982076035433,0.6990451466849288,0.007276818651424952,0.8842180938963439,0.5644873569616333,-0.20952351046855952,-0.23570315976489264,0.8547850649958548,0.7802339601993752,0.8237103984752582,0.8494015017918612,0.7652793881368214,0.7156227223387137,0.7676054828633815,0.7093393909478813,0.8423229737930861,0.7438420945828961,0.7254182411206509],[0.9928360621053821,0.9925838069907779,0.9928360621053821,0.988656525094134,0.988656525094134,0.9762539114748594,0.9762539114748594,0.9473849382330366,0.9473849382330366,0.8445692372506345,0.9883574677599264,0.8421503463674292,1.0,0.9996988627552914,0.9883170808749114,0.9745244472278092,0.9901040428917566,0.9181134518300518,0.8166102544674473,0.1737542564396526,0.9859976181619046,0.8795913257161558,-0.6240794764957825,0.4363701818150047,0.8383836890140703,0.9220716589949911,0.9583939711497788,0.9081089976365446,0.7348204342456954,0.89603452121236,0.8537556491215731,0.8016902310658544,0.8796157755837912,0.9627979708877124,0.8106551128962857],[0.9924893618604433,0.9919343191625447,0.9924893618604433,0.9845648367727068,0.9845648367727068,0.9748705309089425,0.9748705309089425,0.9424997946651317,0.9424997946651317,0.8015380397392275,0.9847590458195793,0.7983784841179971,0.9996988627552914,1.0,0.9848864628035513,0.9720962274471842,0.9884770092238464,0.905041079952492,0.835326916244545,0.05206407013365769,0.980429943626783,0.8883531368645454,-0.8280707178707164,0.4820455713780351,0.794176724647458,0.9269107738491504,0.9560487685032366,0.8947981859204578,0.6539214588577404,0.9062147759084912,0.8412264750758301,0.7519690752781018,0.9114137577406085,0.9649828948689269,0.7783343669170273],[0.9949498841014435,0.9949270521476787,0.9949498841014435,0.9994223522052431,0.9994223522052431,0.9518111869515581,0.9518111869515581,0.9384327318703148,0.9384327318703148,0.8701206410410673,0.9999159229794343,0.8680865428314728,0.9883170808749114,0.9848864628035513,1.0,0.9523094418970575,0.9939246386089681,0.9226879576259717,0.8481754331235641,0.1356979361621529,0.9956323976788615,0.8556961926244954,-0.441140924601737,0.3584324068226956,0.8579041148131039,0.9098625762170963,0.9411601969101895,0.9138404284656666,0.8099467240564093,0.8953252792866891,0.8742985068513358,0.8117386072270154,0.897550686520242,0.9425448426480408,0.7759107305970747],[0.9723294153586901,0.9716393132882338,0.9723294153586901,0.9549667771155547,0.9549667771155547,0.9990067367964185,0.9990067367964185,0.9259907393254434,0.9259907393254434,0.8657294532874883,0.9524391890781232,0.8804240763980818,0.9745244472278092,0.9720962274471842,0.9523094418970575,1.0,0.9741066431736187,0.919030438686173,0.6798127776197361,-0.01820577149858747,0.9444527243308479,0.5878907061328128,-0.3616851905023313,-0.16240712707215801,0.9050885304890166,0.9134602005244128,0.9221436210137299,0.9050155102634664,0.7722866062926246,0.8377664401172819,0.7773686047516969,0.7718186759336049,0.8730356440267542,0.8466266717374784,0.7857738582427339],[0.9989107169524908,0.9989138452763645,0.9989107169524908,0.9948506774946205,0.9948506774946205,0.9725390193366347,0.9725390193366347,0.9412264652072524,0.9412264652072524,0.8827503037434188,0.9939161297273431,0.8875055110427122,0.9901040428917566,0.9884770092238464,0.9939246386089681,0.9741066431736187,1.0,0.9399632224505282,0.8530934667229796,0.13713959843248943,0.9870390338094038,0.825773935888874,-0.42395301574715505,0.37274135889064947,0.8931234161951619,0.9225805422887698,0.9462177403814814,0.9378062647978569,0.8282938237859965,0.8838604763972355,0.8998196650648571,0.8421051826261362,0.9095631593937913,0.9478122392375637,0.8327320202292183],[0.9253386199560163,0.9257755142295114,0.9253386199560163,0.9057522237466666,0.9057522237466666,0.9193943462487465,0.9193943462487465,0.9723982089420542,0.9723982089420542,0.8754030385725775,0.9224827155305626,0.8722982076035433,0.9181134518300518,0.905041079952492,0.9226879576259717,0.919030438686173,0.9399632224505282,1.0,0.7313037033215833,0.006735504432453173,0.8688571971748856,0.5165091417364015,-0.14572960588330988,-0.20297247534417653,0.8234814496835255,0.8201587871248632,0.8299965243353815,0.9128824629282797,0.8315432172892906,0.7960357379349471,0.745322148341717,0.7026470056503814,0.8383135463667136,0.7669052510563505,0.8466249576020871],[0.7845267680727886,0.8046441557742042,0.7845267680727886,0.763555354007014,0.763555354007014,0.6309627401032507,0.6309627401032507,0.5671812015451922,0.5671812015451922,0.7441928835426658,0.8469788554906045,0.6990451466849288,0.8166102544674473,0.835326916244545,0.8481754331235641,0.6798127776197361,0.8530934667229796,0.7313037033215833,1.0,0.054563883981161854,0.7261590678187986,-0.42340391422868,0.3678189888643263,-0.6606417077016961,0.33762426020795794,0.790498657288217,0.4904045618334624,0.8314065364876938,0.6845117902347335,0.05835294897682915,0.28553937394549744,0.5597892171465358,0.7781005901287131,0.4571560165854153,-0.16797389059897497],[-0.09201164986381362,0.11628450322503749,-0.09201164986381362,-0.09810248969819359,-0.09810248969819359,-0.036577101899515116,-0.036577101899515116,0.08418454354933107,0.08418454354933107,0.23941732184424674,0.13645448334047092,0.007276818651424952,0.1737542564396526,0.05206407013365769,0.1356979361621529,-0.01820577149858747,0.13713959843248943,0.006735504432453173,0.054563883981161854,1.0,-0.05709548910733637,0.13150001030419317,0.1271252338216479,0.7519774654222815,-0.07986510386611409,0.025725554211015987,0.023255363778884517,0.19021536815066625,0.028429259978763975,0.10341573638554515,0.37553787452119214,0.5844955911036199,-0.08900507793978313,0.1369734615629659,0.17158852901743857],[0.9770801404849175,0.9682424541214836,0.9770801404849175,0.9889875961082508,0.9889875961082508,0.9340082158252018,0.9340082158252018,0.8424333796621565,0.8424333796621565,0.8607908588927843,0.9957563590576272,0.8842180938963439,0.9859976181619046,0.980429943626783,0.9956323976788615,0.9444527243308479,0.9870390338094038,0.8688571971748856,0.7261590678187986,-0.05709548910733637,1.0,0.008973512176313063,-0.1226871975286468,-0.31361245698755963,0.6829310824813462,0.9255544048242078,0.8966452823089676,0.8605350938105968,0.7535357859287496,0.5212190806990721,0.5760862145314443,0.5409702451287843,0.9015875195533002,0.6420974804306361,0.16031920008537695],[0.07905168772761784,-0.09164793952771086,0.07905168772761784,0.09987346016324956,0.09987346016324956,0.2574642690189981,0.2574642690189981,0.5071424309368625,0.5071424309368625,0.717090149956273,0.8561613425494131,0.5644873569616333,0.8795913257161558,0.8883531368645454,0.8556961926244954,0.5878907061328128,0.825773935888874,0.5165091417364015,-0.42340391422868,0.13150001030419317,0.008973512176313063,1.0,-0.43124382587801546,0.7663026900261114,0.36405231041563174,-0.029831190816190723,0.26359367014991025,-0.14780699952837176,0.030808675888043566,0.5645615838192101,0.45258750754687926,0.1836722234285408,-0.06782670644386997,0.36088328140622333,0.4631236236597],[-0.027418337148106504,-0.01998737736078777,-0.027418337148106504,-0.059694217468231274,-0.059694217468231274,-0.22810501234814565,-0.22810501234814565,-0.25266381018243544,-0.25266381018243544,-0.28815006726568837,-0.44360768320086247,-0.20952351046855952,-0.6240794764957825,-0.8280707178707164,-0.441140924601737,-0.3616851905023313,-0.42395301574715505,-0.14572960588330988,0.3678189888643263,0.1271252338216479,-0.1226871975286468,-0.43124382587801546,1.0,-0.04215628779105472,-0.13726118015116798,-0.08037736896405345,-0.2597622665074361,0.003950029318983407,-0.032726781842275295,-0.5435896116372384,-0.16667936970122488,-0.002825324852595557,0.012465965590114201,-0.17059959770988814,-0.4003431533846147],[-0.25265556179096404,-0.25292841902032265,-0.25265556179096404,-0.255800728521655,-0.255800728521655,-0.10947657806833896,-0.10947657806833896,0.031161698864909528,0.031161698864909528,0.39554558941763546,0.3593912970745617,-0.23570315976489264,0.4363701818150047,0.4820455713780351,0.3584324068226956,-0.16240712707215801,0.37274135889064947,-0.20297247534417653,-0.6606417077016961,0.7519774654222815,-0.31361245698755963,0.7663026900261114,-0.04215628779105472,1.0,-0.10050170709157953,-0.2937604900631054,-0.054704255821036774,-0.3504542796708505,-0.32753436030748895,0.09731377195962851,0.17556874476431808,0.270514837792028,-0.38243620088805286,0.13483179237120985,0.10265294614296536],[0.8220736824771421,0.647678127373083,0.8220736824771421,0.820787679527789,0.820787679527789,0.8926027736416782,0.8926027736416782,0.7848424814766184,0.7848424814766184,0.8448584637221173,0.8581273925741116,0.8547850649958548,0.8383836890140703,0.794176724647458,0.8579041148131039,0.9050885304890166,0.8931234161951619,0.8234814496835255,0.33762426020795794,-0.07986510386611409,0.6829310824813462,0.36405231041563174,-0.13726118015116798,-0.10050170709157953,1.0,0.602715099199815,0.8411174928209381,0.4829271246786626,0.6172456794445901,0.5327981267633254,0.6478870347976836,0.4179791873293671,0.697904541027236,0.6991193347442676,0.41048693970909994],[0.945793832647898,0.9459036194447155,0.945793832647898,0.9405758372752352,0.9405758372752352,0.904910836236976,0.904910836236976,0.7985137529899047,0.7985137529899047,0.7255485003073229,0.9120286865332443,0.7802339601993752,0.9220716589949911,0.9269107738491504,0.9098625762170963,0.9134602005244128,0.9225805422887698,0.8201587871248632,0.790498657288217,0.025725554211015987,0.9255544048242078,-0.029831190816190723,-0.08037736896405345,-0.2937604900631054,0.602715099199815,1.0,0.8325730074675088,0.8516904013279989,0.7102082942799333,0.38464829580158033,0.49838567527666416,0.5907142709823612,0.8950716978372739,0.625133576903641,0.06194807367397744],[0.9074805324906504,0.8801935130759289,0.9074805324906504,0.9125575091754105,0.9125575091754105,0.9266316797076383,0.9266316797076383,0.8641029698682147,0.8641029698682147,0.8403479270130396,0.9421344108259609,0.8237103984752582,0.9583939711497788,0.9560487685032366,0.9411601969101895,0.9221436210137299,0.9462177403814814,0.8299965243353815,0.4904045618334624,0.023255363778884517,0.8966452823089676,0.26359367014991025,-0.2597622665074361,-0.054704255821036774,0.8411174928209381,0.8325730074675088,1.0,0.7387301081308697,0.5906785250870195,0.5575001460693905,0.5816801990361135,0.5301295620165971,0.804972959559002,0.8205323009886772,0.2064916286011211],[0.9284839938376109,0.9229656063857857,0.9284839938376109,0.9176121656199934,0.9176121656199934,0.8969022086054222,0.8969022086054222,0.8441040274609541,0.8441040274609541,0.8266212283206296,0.9133692552529606,0.8494015017918612,0.9081089976365446,0.8947981859204578,0.9138404284656666,0.9050155102634664,0.9378062647978569,0.9128824629282797,0.8314065364876938,0.19021536815066625,0.8605350938105968,-0.14780699952837176,0.003950029318983407,-0.3504542796708505,0.4829271246786626,0.8516904013279989,0.7387301081308697,1.0,0.9026599811315739,0.5139273710274704,0.6742552061481161,0.6644259210604706,0.8729087447658104,0.4820101824210706,0.2895402586538142],[0.7733843791530082,0.7859877043342488,0.7733843791530082,0.784463077320876,0.784463077320876,0.7324889607837893,0.7324889607837893,0.7449697061556187,0.7449697061556187,0.717962673757613,0.8084454576314489,0.7652793881368214,0.7348204342456954,0.6539214588577404,0.8099467240564093,0.7722866062926246,0.8282938237859965,0.8315432172892906,0.6845117902347335,0.028429259978763975,0.7535357859287496,0.030808675888043566,-0.032726781842275295,-0.32753436030748895,0.6172456794445901,0.7102082942799333,0.5906785250870195,0.9026599811315739,1.0,0.5563047867759489,0.656708929614374,0.6054985992195702,0.7194044431209798,0.5644169249502398,0.4688421754477132],[0.49625127393848245,0.4876793199764623,0.49625127393848245,0.5234799295748551,0.5234799295748551,0.7147860761465243,0.7147860761465243,0.8699173350567195,0.8699173350567195,0.7105147959246088,0.8958236627871694,0.7156227223387137,0.89603452121236,0.9062147759084912,0.8953252792866891,0.8377664401172819,0.8838604763972355,0.7960357379349471,0.05835294897682915,0.10341573638554515,0.5212190806990721,0.5645615838192101,-0.5435896116372384,0.09731377195962851,0.5327981267633254,0.38464829580158033,0.5575001460693905,0.5139273710274704,0.5563047867759489,1.0,0.7352117404508163,0.37250671047831974,0.45142002271206355,0.5409331895148501,0.7758603546667631],[0.6174059415816107,0.6143281826675355,0.6174059415816107,0.6119489606539839,0.6119489606539839,0.7278364377515137,0.7278364377515137,0.7711116383564927,0.7711116383564927,0.7917332266095544,0.8731668670752896,0.7676054828633815,0.8537556491215731,0.8412264750758301,0.8742985068513358,0.7773686047516969,0.8998196650648571,0.745322148341717,0.28553937394549744,0.37553787452119214,0.5760862145314443,0.45258750754687926,-0.16667936970122488,0.17556874476431808,0.6478870347976836,0.49838567527666416,0.5816801990361135,0.6742552061481161,0.656708929614374,0.7352117404508163,1.0,0.7780368758905261,0.47302622678751094,0.717726059900238,0.5464804956844995],[0.6392917980979101,0.6664873277108709,0.6392917980979101,0.6131150359919525,0.6131150359919525,0.7145362068937542,0.7145362068937542,0.7198118190381533,0.7198118190381533,0.779160804284036,0.8108661568640598,0.7093393909478813,0.8016902310658544,0.7519690752781018,0.8117386072270154,0.7718186759336049,0.8421051826261362,0.7026470056503814,0.5597892171465358,0.5844955911036199,0.5409702451287843,0.1836722234285408,-0.002825324852595557,0.270514837792028,0.4179791873293671,0.5907142709823612,0.5301295620165971,0.6644259210604706,0.6054985992195702,0.37250671047831974,0.7780368758905261,1.0,0.48648738722885543,0.6649452563032622,0.19565080328958742],[0.9297917519980529,0.9269515892346247,0.9297917519980529,0.9229634728039537,0.9229634728039537,0.849468364977666,0.849468364977666,0.7756063628730447,0.7756063628730447,0.8043986993562203,0.8977363220928536,0.8423229737930861,0.8796157755837912,0.9114137577406085,0.897550686520242,0.8730356440267542,0.9095631593937913,0.8383135463667136,0.7781005901287131,-0.08900507793978313,0.9015875195533002,-0.06782670644386997,0.012465965590114201,-0.38243620088805286,0.697904541027236,0.8950716978372739,0.804972959559002,0.8729087447658104,0.7194044431209798,0.45142002271206355,0.47302622678751094,0.48648738722885543,1.0,0.7127882708036815,0.15834960554811137],[0.8155282407655704,0.6643415909680266,0.8155282407655704,0.8054347793356265,0.8054347793356265,0.8494522962222629,0.8494522962222629,0.8370242001323829,0.8370242001323829,0.8480994838272969,0.9427042074854696,0.7438420945828961,0.9627979708877124,0.9649828948689269,0.9425448426480408,0.8466266717374784,0.9478122392375637,0.7669052510563505,0.4571560165854153,0.1369734615629659,0.6420974804306361,0.36088328140622333,-0.17059959770988814,0.13483179237120985,0.6991193347442676,0.625133576903641,0.8205323009886772,0.4820101824210706,0.5644169249502398,0.5409331895148501,0.717726059900238,0.6649452563032622,0.7127882708036815,1.0,0.16726251862045302],[0.16964168793916823,0.16600584913084468,0.16964168793916823,0.18167014819311142,0.18167014819311142,0.45937581504788827,0.45937581504788827,0.7982457034011194,0.7982457034011194,0.7632966776729293,0.7760473752863778,0.7254182411206509,0.8106551128962857,0.7783343669170273,0.7759107305970747,0.7857738582427339,0.8327320202292183,0.8466249576020871,-0.16797389059897497,0.17158852901743857,0.16031920008537695,0.4631236236597,-0.4003431533846147,0.10265294614296536,0.41048693970909994,0.06194807367397744,0.2064916286011211,0.2895402586538142,0.4688421754477132,0.7758603546667631,0.5464804956844995,0.19565080328958742,0.15834960554811137,0.16726251862045302,1.0]],"x":["^TAIEX       \u81fa\u7063\u52a0\u6b0a\u5831\u916c\u6307\u6578","^TWII        \u81fa\u7063\u52a0\u6b0a\u6307\u6578","^TAIEXx2     \u81fa\u7063\u52a0\u6b0a\u5831\u916c\u6307\u6578_\u65e5\u6b632","^TAI50I      \u81fa\u706350\u5831\u916c\u6307\u6578","^TAI50Ix2    \u81fa\u706350\u5831\u916c\u6307\u6578_\u65e5\u6b632","^TAI100I     \u81fa\u7063\u4e2d\u578b100\u5831\u916c\u6307\u6578","^TAI100Ix2   \u81fa\u7063\u4e2d\u578b100\u5831\u916c\u6307\u6578_\u65e5\u6b632","^TAIDIVIDI   \u81fa\u7063\u9ad8\u80a1\u606f\u5831\u916c\u6307\u6578","^TAIDIVIDIx2 \u81fa\u7063\u9ad8\u80a1\u606f\u5831\u916c\u6307\u6578_\u65e5\u6b632","0050Fund     \u5143\u5927\u53f0\u7063\u5353\u8d8a50\u57fa\u91d1","006208Fund   \u5bcc\u90a6\u53f0\u7063\u91c6\u540950\u57fa\u91d1","0050         \u5143\u5927\u81fa\u706350","00631L       \u5143\u5927\u53f0\u706350\u6b632","00675L       \u5bcc\u90a6\u81fa\u7063\u52a0\u6b0a\u6b632","006208       \u5bcc\u90a6\u53f050","0051         \u5143\u5927\u4e2d\u578b100","006204       \u6c38\u8c50\u81fa\u7063\u52a0\u6b0a","0056         \u5143\u5927\u9ad8\u80a1\u606f","2412         \u4e2d\u83ef\u96fb\u4fe1","2002         \u4e2d\u92fc","2330         \u53f0\u7a4d\u96fb","2317         \u9d3b\u6d77","6505         \u53f0\u5851\u77f3\u5316","3481         \u7fa4\u5275","2303         \u806f\u96fb","2308         \u53f0\u9054\u96fb","2454         \u806f\u767c\u79d1","2886         \u5146\u8c50\u91d1","2884         \u7389\u5c71\u91d1","2891         \u4e2d\u4fe1\u91d1","2892         \u7b2c\u4e00\u91d1","5880         \u5408\u5eab\u91d1","2881         \u5bcc\u90a6\u91d1","2885         \u5143\u5927\u91d1","2887         \u53f0\u65b0\u91d1"],"y":["^TAIEX       \u81fa\u7063\u52a0\u6b0a\u5831\u916c\u6307\u6578","^TWII        \u81fa\u7063\u52a0\u6b0a\u6307\u6578","^TAIEXx2     \u81fa\u7063\u52a0\u6b0a\u5831\u916c\u6307\u6578_\u65e5\u6b632","^TAI50I      \u81fa\u706350\u5831\u916c\u6307\u6578","^TAI50Ix2    \u81fa\u706350\u5831\u916c\u6307\u6578_\u65e5\u6b632","^TAI100I     \u81fa\u7063\u4e2d\u578b100\u5831\u916c\u6307\u6578","^TAI100Ix2   \u81fa\u7063\u4e2d\u578b100\u5831\u916c\u6307\u6578_\u65e5\u6b632","^TAIDIVIDI   \u81fa\u7063\u9ad8\u80a1\u606f\u5831\u916c\u6307\u6578","^TAIDIVIDIx2 \u81fa\u7063\u9ad8\u80a1\u606f\u5831\u916c\u6307\u6578_\u65e5\u6b632","0050Fund     \u5143\u5927\u53f0\u7063\u5353\u8d8a50\u57fa\u91d1","006208Fund   \u5bcc\u90a6\u53f0\u7063\u91c6\u540950\u57fa\u91d1","0050         \u5143\u5927\u81fa\u706350","00631L       \u5143\u5927\u53f0\u706350\u6b632","00675L       \u5bcc\u90a6\u81fa\u7063\u52a0\u6b0a\u6b632","006208       \u5bcc\u90a6\u53f050","0051         \u5143\u5927\u4e2d\u578b100","006204       \u6c38\u8c50\u81fa\u7063\u52a0\u6b0a","0056         \u5143\u5927\u9ad8\u80a1\u606f","2412         \u4e2d\u83ef\u96fb\u4fe1","2002         \u4e2d\u92fc","2330         \u53f0\u7a4d\u96fb","2317         \u9d3b\u6d77","6505         \u53f0\u5851\u77f3\u5316","3481         \u7fa4\u5275","2303         \u806f\u96fb","2308         \u53f0\u9054\u96fb","2454         \u806f\u767c\u79d1","2886         \u5146\u8c50\u91d1","2884         \u7389\u5c71\u91d1","2891         \u4e2d\u4fe1\u91d1","2892         \u7b2c\u4e00\u91d1","5880         \u5408\u5eab\u91d1","2881         \u5bcc\u90a6\u91d1","2885         \u5143\u5927\u91d1","2887         \u53f0\u65b0\u91d1"],"zmin":-1,"zmax":1,"colorbar":{"x":-0.2}}],"layout":{"autotypenumbers":"strict","colorway":["#636efa","#EF553B","#00cc96","#ab63fa","#FFA15A","#19d3f3","#FF6692","#B6E880","#FF97FF","#FECB52"],"font":{"color":"#f2f5fa","family":"Courier New"},"hovermode":"closest","hoverlabel":{"align":"left"},"paper_bgcolor":"rgb(17,17,17)","plot_bgcolor":"rgb(17,17,17)","polar":{"bgcolor":"rgb(17,17,17)","angularaxis":{"gridcolor":"#506784","linecolor":"#506784","ticks":""},"radialaxis":{"gridcolor":"#506784","linecolor":"#506784","ticks":""}},"ternary":{"bgcolor":"rgb(17,17,17)","aaxis":{"gridcolor":"#506784","linecolor":"#506784","ticks":""},"baxis":{"gridcolor":"#506784","linecolor":"#506784","ticks":""},"caxis":{"gridcolor":"#506784","linecolor":"#506784","ticks":""}},"coloraxis":{"colorbar":{"outlinewidth":0,"ticks":""}},"colorscale":{"sequential":[[0.0,"#0d0887"],[0.1111111111111111,"#46039f"],[0.2222222222222222,"#7201a8"],[0.3333333333333333,"#9c179e"],[0.4444444444444444,"#bd3786"],[0.5555555555555556,"#d8576b"],[0.6666666666666666,"#ed7953"],[0.7777777777777778,"#fb9f3a"],[0.8888888888888888,"#fdca26"],[1.0,"#f0f921"]],"sequentialminus":[[0.0,"#0d0887"],[0.1111111111111111,"#46039f"],[0.2222222222222222,"#7201a8"],[0.3333333333333333,"#9c179e"],[0.4444444444444444,"#bd3786"],[0.5555555555555556,"#d8576b"],[0.6666666666666666,"#ed7953"],[0.7777777777777778,"#fb9f3a"],[0.8888888888888888,"#fdca26"],[1.0,"#f0f921"]],"diverging":[[0,"#8e0152"],[0.1,"#c51b7d"],[0.2,"#de77ae"],[0.3,"#f1b6da"],[0.4,"#fde0ef"],[0.5,"#f7f7f7"],[0.6,"#e6f5d0"],[0.7,"#b8e186"],[0.8,"#7fbc41"],[0.9,"#4d9221"],[1,"#276419"]]},"xaxis":{"gridcolor":"rgba(0, 0, 0, 0)","linecolor":"#506784","ticks":"","title":{"standoff":15},"zerolinecolor":"#283442","automargin":true,"zerolinewidth":2,"tickfont":{"family":"Courier New","size":14},"side":"top","tickangle":-90},"yaxis":{"gridcolor":"rgba(0, 0, 0, 0)","linecolor":"#506784","ticks":"","title":{"standoff":15},"zerolinecolor":"#283442","automargin":true,"zerolinewidth":2,"tickfont":{"family":"Courier New"},"side":"right"},"scene":{"xaxis":{"backgroundcolor":"rgb(17,17,17)","gridcolor":"#506784","linecolor":"#506784","showbackground":true,"ticks":"","zerolinecolor":"#C8D4E3","gridwidth":2},"yaxis":{"backgroundcolor":"rgb(17,17,17)","gridcolor":"#506784","linecolor":"#506784","showbackground":true,"ticks":"","zerolinecolor":"#C8D4E3","gridwidth":2},"zaxis":{"backgroundcolor":"rgb(17,17,17)","gridcolor":"#506784","linecolor":"#506784","showbackground":true,"ticks":"","zerolinecolor":"#C8D4E3","gridwidth":2}},"shapedefaults":{"line":{"color":"#f2f5fa"}},"annotationdefaults":{"arrowcolor":"#f2f5fa","arrowhead":0,"arrowwidth":1},"geo":{"bgcolor":"rgb(17,17,17)","landcolor":"rgb(17,17,17)","subunitcolor":"#506784","showland":true,"showlakes":true,"lakecolor":"rgb(17,17,17)"},"title":{"x":0.05,"font":{"family":"Times New Roman"},"y":0.05,"text":"<b>Correlation of Close<b><br><i>2016-09-23 ~ 2025-08-29<i>"},"updatemenudefaults":{"bgcolor":"#506784","borderwidth":0},"sliderdefaults":{"bgcolor":"#C8D4E3","borderwidth":1,"bordercolor":"rgb(17,17,17)","tickwidth":0},"mapbox":{"style":"dark"},"annotations":[{"text":"<b>@zwindr<b>","textangle":0,"opacity":0.5,"font":{"color":"white","size":12},"xref":"paper","yref":"paper","xanchor":"left","yanchor":"bottom","x":1.0,"y":1.0,"showarrow":false}]},"config":{"responsive":true,"toImageButtonOptions":{"filename":"Correlation of Close_2016-09-23~2025-08-29","scale":5}}};Plotly.newPlot("correlationClose",correlationClose.data,correlationClose.layout||{},correlationClose.config);}else{console.log("style display is none => correlationClose");}