var config = { responsive: true }

var correlationAdjClose = {"data": [{"type": "heatmap", "z": [[1.0, 0.99364953783219, 0.9758309251859006, 0.9978027179610928, 0.9643770218673792, 0.9804922976233211, -0.9395143319360276, 0.9894681584361272, 0.9680479438863357, 0.9966335349656953, 0.9929252927516978, 0.9938658594442767, 0.9972505247060642, 0.9779990174914136, 0.9995594727074922, 0.9865788686600157, 0.9128465022604331, 0.7574270297107967, 0.9858795818413133, 0.9244536190389314, 0.4802187331054031, -0.28128750022332377, 0.898588753648036, 0.9734519775185784, 0.9514240208176487], [0.99364953783219, 1.0, 0.9711915574656007, 0.9912592638390476, 0.9601714292202044, 0.9755958441084323, -0.9346424472631506, 0.9797369849223572, 0.9608055413882778, 0.9938668822483993, 0.9918660629581295, 0.9911073240200569, 0.9952335740904478, 0.9727896902080276, 0.9963533125892942, 0.9825730304204859, 0.901477216912194, 0.7644085216349745, 0.9667870798439736, 0.9024896242418717, 0.47739592568157757, -0.20455937406434593, 0.8707412555672356, 0.9607663624882357, 0.9516273611451904], [0.9758309251859006, 0.9711915574656007, 1.0, 0.9816982568482885, 0.9963125643254036, 0.9787957645665056, -0.9749276142608307, 0.969035940310548, 0.9830732642190461, 0.985662140473146, 0.9973864993051474, 0.997304526608849, 0.9885064134608803, 0.9771776454944365, 0.9875809465694162, 0.9755008147710768, 0.8152666980591285, 0.6489576650996518, 0.9894916892201752, 0.9128539445821622, 0.31448148710918966, -0.19888280641901565, 0.9069859849710346, 0.9396658058598424, 0.9775917827617625], [0.9978027179610928, 0.9912592638390476, 0.9816982568482885, 1.0, 0.9754036023638444, 0.9727973605435322, -0.9341394615084045, 0.9840184735240338, 0.9653390344674907, 0.999264297097622, 0.991941366699344, 0.9904840668785733, 0.9999027108341124, 0.9679556269242711, 0.9960539940664065, 0.9814785938305314, 0.8985375857229914, 0.7299170803836891, 0.9932720295479515, 0.9262138907285922, 0.4598375639327932, -0.27392664146524365, 0.8981719023673237, 0.9673599205159126, 0.957420570963678], [0.9643770218673792, 0.9601714292202044, 0.9963125643254036, 0.9754036023638444, 1.0, 0.9590273064021188, -0.9567633453456383, 0.9547460974259013, 0.9711592068570636, 0.9819752853392442, 0.9881321720903797, 0.9846058581185064, 0.9849045579052041, 0.9565818921447943, 0.9762836979603686, 0.9613590117888964, 0.7952676920676273, 0.6168956136396501, 0.9885189310382038, 0.909853912588489, 0.29469044627683133, -0.193419598726456, 0.8907935533277436, 0.9247225652695059, 0.9755602376091767], [0.9804922976233211, 0.9755958441084323, 0.9787957645665056, 0.9727973605435322, 0.9590273064021188, 1.0, -0.9797040940199305, 0.9794488629803232, 0.9788792314593635, 0.9718882177157963, 0.9761391392176949, 0.9740681680230121, 0.9685307674587889, 0.9988762780528453, 0.9859537318008746, 0.9857753384836899, 0.8521633036625812, 0.7235818188974518, 0.9673048093776657, 0.8915742089710279, 0.34210809829963623, -0.1871946363024847, 0.9355550269334295, 0.9556987316488517, 0.9578418637145534], [-0.9395143319360276, -0.9346424472631506, -0.9749276142608307, -0.9341394615084045, -0.9567633453456383, -0.9797040940199305, 1.0, -0.9489174050123486, -0.9825373023200341, -0.9417528219107744, -0.972913391772125, -0.9749041423198558, -0.9472118187720084, -0.9860075374891644, -0.963362736832563, -0.9648333913787748, -0.7605581447824664, -0.6203380232238808, -0.9405108024079817, -0.8779562618574238, -0.19631245936079228, 0.11647541283686892, -0.902925224446308, -0.9096450349268143, -0.9552247040478414], [0.9894681584361272, 0.9797369849223572, 0.969035940310548, 0.9840184735240338, 0.9547460974259013, 0.9794488629803232, -0.9489174050123486, 1.0, 0.9814677603980613, 0.980921238396698, 0.9745318376287683, 0.9734609648191554, 0.979397407674992, 0.9754889095381813, 0.9869853476933311, 0.9964114038085461, 0.9207027206414979, 0.6944482006704572, 0.9741287212051981, 0.8979306131438645, 0.34755639014250717, -0.2881296262855704, 0.9036712653855737, 0.9543724317546467, 0.9337763805947263], [0.9680479438863357, 0.9608055413882778, 0.9830732642190461, 0.9653390344674907, 0.9711592068570636, 0.9788792314593635, -0.9825373023200341, 0.9814677603980613, 1.0, 0.9645007238652534, 0.9712842248616784, 0.9682049631382497, 0.9614948990154221, 0.9770848537347797, 0.968616791563879, 0.9870820603239316, 0.8440018223387953, 0.6201261006630879, 0.9659530572039963, 0.9054123226090262, 0.20261695440492203, -0.2012577533804222, 0.8851659342448935, 0.9289965658416227, 0.9571438772677479], [0.9966335349656953, 0.9938668822483993, 0.985662140473146, 0.999264297097622, 0.9819752853392442, 0.9718882177157963, -0.9417528219107744, 0.980921238396698, 0.9645007238652534, 1.0, 0.9909055872561129, 0.9890704965872654, 0.999839119453331, 0.9689060875564837, 0.9953132262102269, 0.9815984763653809, 0.9111491154046534, 0.7058418035032515, 0.9956119545610621, 0.9196189723787739, 0.2841878257735137, -0.18936886615066695, 0.9301978065293888, 0.9568198596947652, 0.9554982730700963], [0.9929252927516978, 0.9918660629581295, 0.9973864993051474, 0.991941366699344, 0.9881321720903797, 0.9761391392176949, -0.972913391772125, 0.9745318376287683, 0.9712842248616784, 0.9909055872561129, 1.0, 0.9996612165732093, 0.9917100772539268, 0.9771645589032194, 0.9932575896144654, 0.9760202830854019, 0.9057846068621378, 0.6063816884819426, 0.9876974030651617, 0.8902995379092637, -0.26643535814456576, 0.6619509221594132, 0.9081200076233839, 0.9525188942173984, 0.97633380130783], [0.9938658594442767, 0.9911073240200569, 0.997304526608849, 0.9904840668785733, 0.9846058581185064, 0.9740681680230121, -0.9749041423198558, 0.9734609648191554, 0.9682049631382497, 0.9890704965872654, 0.9996612165732093, 1.0, 0.9902586279814478, 0.975196488503244, 0.9939608573265686, 0.9751964376638836, 0.9144843822886322, 0.49580917629483473, 0.9830074098098183, 0.8763958896300315, -0.6841816835426571, 0.6661272039629174, 0.8814050605129214, 0.9492722416830046, 0.975758523630173], [0.9972505247060642, 0.9952335740904478, 0.9885064134608803, 0.9999027108341124, 0.9849045579052041, 0.9685307674587889, -0.9472118187720084, 0.979397407674992, 0.9614948990154221, 0.999839119453331, 0.9917100772539268, 0.9902586279814478, 1.0, 0.969242147520929, 0.995629768693211, 0.9804063507692369, 0.9286160079205024, 0.667078298370449, 0.997113686318676, 0.8994146398244285, 0.0339317465658671, 0.6010073877879645, 0.9197401614763017, 0.9491214086866788, 0.9636090723401928], [0.9779990174914136, 0.9727896902080276, 0.9771776454944365, 0.9679556269242711, 0.9565818921447943, 0.9988762780528453, -0.9860075374891644, 0.9754889095381813, 0.9770848537347797, 0.9689060875564837, 0.9771645589032194, 0.975196488503244, 0.969242147520929, 1.0, 0.9860933622996312, 0.9835107521548578, 0.8661760946400137, 0.7255466516806796, 0.9627144393323575, 0.8808596624179507, 0.20146757715727154, -0.10632945059675743, 0.9446507994853998, 0.9507017202041688, 0.956853565025977], [0.9995594727074922, 0.9963533125892942, 0.9875809465694162, 0.9960539940664065, 0.9762836979603686, 0.9859537318008746, -0.963362736832563, 0.9869853476933311, 0.968616791563879, 0.9953132262102269, 0.9932575896144654, 0.9939608573265686, 0.995629768693211, 0.9860933622996312, 1.0, 0.9873102810951471, 0.9354887205807654, 0.7040054979188559, 0.9896905487119826, 0.8960892520154339, 0.07922869433306629, 0.6133622227676632, 0.9374467082118506, 0.9592767588005692, 0.962451898513963], [0.9865788686600157, 0.9825730304204859, 0.9755008147710768, 0.9814785938305314, 0.9613590117888964, 0.9857753384836899, -0.9648333913787748, 0.9964114038085461, 0.9870820603239316, 0.9815984763653809, 0.9760202830854019, 0.9751964376638836, 0.9804063507692369, 0.9835107521548578, 0.9873102810951471, 1.0, 0.9032695647655703, 0.6957064925807178, 0.9734746980043013, 0.8973426316794095, 0.2795870819583087, -0.17908831122022864, 0.9152099309457603, 0.9441949930100765, 0.9449124241682514], [0.9128465022604331, 0.901477216912194, 0.8152666980591285, 0.8985375857229914, 0.7952676920676273, 0.8521633036625812, -0.7605581447824664, 0.9207027206414979, 0.8440018223387953, 0.9111491154046534, 0.9057846068621378, 0.9144843822886322, 0.9286160079205024, 0.8661760946400137, 0.9354887205807654, 0.9032695647655703, 1.0, 0.8581439998191955, 0.8472874181086704, 0.8737465058631274, 0.7281392014018804, -0.5314521966381268, 0.6730835099505568, 0.9104516780403183, 0.787478542317413], [0.7574270297107967, 0.7644085216349745, 0.6489576650996518, 0.7299170803836891, 0.6168956136396501, 0.7235818188974518, -0.6203380232238808, 0.6944482006704572, 0.6201261006630879, 0.7058418035032515, 0.6063816884819426, 0.49580917629483473, 0.667078298370449, 0.7255466516806796, 0.7040054979188559, 0.6957064925807178, 0.8581439998191955, 1.0, 0.6511413265688918, 0.7555452375654023, 0.7328970541374344, -0.1092002623513044, 0.5390218926979906, 0.7689660364657279, 0.6529953209219898], [0.9858795818413133, 0.9667870798439736, 0.9894916892201752, 0.9932720295479515, 0.9885189310382038, 0.9673048093776657, -0.9405108024079817, 0.9741287212051981, 0.9659530572039963, 0.9956119545610621, 0.9876974030651617, 0.9830074098098183, 0.997113686318676, 0.9627144393323575, 0.9896905487119826, 0.9734746980043013, 0.8472874181086704, 0.6511413265688918, 1.0, 0.8977221585225036, 0.38906903755702416, -0.26765186552523823, 0.8865577018983901, 0.9497390346842943, 0.9670366124240717], [0.9244536190389314, 0.9024896242418717, 0.9128539445821622, 0.9262138907285922, 0.909853912588489, 0.8915742089710279, -0.8779562618574238, 0.8979306131438645, 0.9054123226090262, 0.9196189723787739, 0.8902995379092637, 0.8763958896300315, 0.8994146398244285, 0.8808596624179507, 0.8960892520154339, 0.8973426316794095, 0.8737465058631274, 0.7555452375654023, 0.8977221585225036, 1.0, 0.4379023341013116, -0.18169027956826542, 0.697155732652396, 0.9196492358836198, 0.8814267950041418], [0.4802187331054031, 0.47739592568157757, 0.31448148710918966, 0.4598375639327932, 0.29469044627683133, 0.34210809829963623, -0.19631245936079228, 0.34755639014250717, 0.20261695440492203, 0.2841878257735137, -0.26643535814456576, -0.6841816835426571, 0.0339317465658671, 0.20146757715727154, 0.07922869433306629, 0.2795870819583087, 0.7281392014018804, 0.7328970541374344, 0.38906903755702416, 0.4379023341013116, 1.0, -0.41871587633713975, 0.3140893398522094, 0.4646851767929354, 0.25691774319366634], [-0.28128750022332377, -0.20455937406434593, -0.19888280641901565, -0.27392664146524365, -0.193419598726456, -0.1871946363024847, 0.11647541283686892, -0.2881296262855704, -0.2012577533804222, -0.18936886615066695, 0.6619509221594132, 0.6661272039629174, 0.6010073877879645, -0.10632945059675743, 0.6133622227676632, -0.17908831122022864, -0.5314521966381268, -0.1092002623513044, -0.26765186552523823, -0.18169027956826542, -0.41871587633713975, 1.0, -0.12582202259173353, -0.31263314595792835, -0.1449490889337302], [0.898588753648036, 0.8707412555672356, 0.9069859849710346, 0.8981719023673237, 0.8907935533277436, 0.9355550269334295, -0.902925224446308, 0.9036712653855737, 0.8851659342448935, 0.9301978065293888, 0.9081200076233839, 0.8814050605129214, 0.9197401614763017, 0.9446507994853998, 0.9374467082118506, 0.9152099309457603, 0.6730835099505568, 0.5390218926979906, 0.8865577018983901, 0.697155732652396, 0.3140893398522094, -0.12582202259173353, 1.0, 0.8320373454660684, 0.8843492789074942], [0.9734519775185784, 0.9607663624882357, 0.9396658058598424, 0.9673599205159126, 0.9247225652695059, 0.9556987316488517, -0.9096450349268143, 0.9543724317546467, 0.9289965658416227, 0.9568198596947652, 0.9525188942173984, 0.9492722416830046, 0.9491214086866788, 0.9507017202041688, 0.9592767588005692, 0.9441949930100765, 0.9104516780403183, 0.7689660364657279, 0.9497390346842943, 0.9196492358836198, 0.4646851767929354, -0.31263314595792835, 0.8320373454660684, 1.0, 0.9277402335847721], [0.9514240208176487, 0.9516273611451904, 0.9775917827617625, 0.957420570963678, 0.9755602376091767, 0.9578418637145534, -0.9552247040478414, 0.9337763805947263, 0.9571438772677479, 0.9554982730700963, 0.97633380130783, 0.975758523630173, 0.9636090723401928, 0.956853565025977, 0.962451898513963, 0.9449124241682514, 0.787478542317413, 0.6529953209219898, 0.9670366124240717, 0.8814267950041418, 0.25691774319366634, -0.1449490889337302, 0.8843492789074942, 0.9277402335847721, 1.0]], "x": ["^TAIEX       \u81fa\u7063\u52a0\u6b0a\u5831\u916c\u6307\u6578", "^TWII        \u81fa\u7063\u52a0\u6b0a\u6307\u6578", "^TAIEXx2     \u81fa\u7063\u52a0\u6b0a\u5831\u916c\u6307\u6578_\u65e5\u6b632", "^TAI50I      \u81fa\u706350\u5831\u916c\u6307\u6578", "^TAI50Ix2    \u81fa\u706350\u5831\u916c\u6307\u6578_\u65e5\u6b632", "^TAI100I     \u81fa\u7063\u4e2d\u578b100\u5831\u916c\u6307\u6578", "^TAI100Ix2   \u81fa\u7063\u4e2d\u578b100\u5831\u916c\u6307\u6578_\u65e5\u6b632", "^TAIDIVIDI   \u81fa\u7063\u9ad8\u80a1\u606f\u5831\u916c\u6307\u6578", "^TAIDIVIDIx2 \u81fa\u7063\u9ad8\u80a1\u606f\u5831\u916c\u6307\u6578_\u65e5\u6b632", "0050         \u5143\u5927\u81fa\u706350", "00631L       \u5143\u5927\u53f0\u706350\u6b632", "00675L       \u5bcc\u90a6\u81fa\u7063\u52a0\u6b0a\u6b632", "006208       \u5bcc\u90a6\u53f050", "0051         \u5143\u5927\u4e2d\u578b100", "006204       \u6c38\u8c50\u81fa\u7063\u52a0\u6b0a", "0056         \u5143\u5927\u9ad8\u80a1\u606f", "2412         \u4e2d\u83ef\u96fb\u4fe1", "2002         \u4e2d\u92fc", "2330         \u53f0\u7a4d\u96fb", "2317         \u9d3b\u6d77", "6505         \u53f0\u5851\u77f3\u5316", "3481         \u7fa4\u5275", "2303         \u806f\u96fb", "2308         \u53f0\u9054\u96fb", "2454         \u806f\u767c\u79d1"], "y": ["^TAIEX       \u81fa\u7063\u52a0\u6b0a\u5831\u916c\u6307\u6578", "^TWII        \u81fa\u7063\u52a0\u6b0a\u6307\u6578", "^TAIEXx2     \u81fa\u7063\u52a0\u6b0a\u5831\u916c\u6307\u6578_\u65e5\u6b632", "^TAI50I      \u81fa\u706350\u5831\u916c\u6307\u6578", "^TAI50Ix2    \u81fa\u706350\u5831\u916c\u6307\u6578_\u65e5\u6b632", "^TAI100I     \u81fa\u7063\u4e2d\u578b100\u5831\u916c\u6307\u6578", "^TAI100Ix2   \u81fa\u7063\u4e2d\u578b100\u5831\u916c\u6307\u6578_\u65e5\u6b632", "^TAIDIVIDI   \u81fa\u7063\u9ad8\u80a1\u606f\u5831\u916c\u6307\u6578", "^TAIDIVIDIx2 \u81fa\u7063\u9ad8\u80a1\u606f\u5831\u916c\u6307\u6578_\u65e5\u6b632", "0050         \u5143\u5927\u81fa\u706350", "00631L       \u5143\u5927\u53f0\u706350\u6b632", "00675L       \u5bcc\u90a6\u81fa\u7063\u52a0\u6b0a\u6b632", "006208       \u5bcc\u90a6\u53f050", "0051         \u5143\u5927\u4e2d\u578b100", "006204       \u6c38\u8c50\u81fa\u7063\u52a0\u6b0a", "0056         \u5143\u5927\u9ad8\u80a1\u606f", "2412         \u4e2d\u83ef\u96fb\u4fe1", "2002         \u4e2d\u92fc", "2330         \u53f0\u7a4d\u96fb", "2317         \u9d3b\u6d77", "6505         \u53f0\u5851\u77f3\u5316", "3481         \u7fa4\u5275", "2303         \u806f\u96fb", "2308         \u53f0\u9054\u96fb", "2454         \u806f\u767c\u79d1"], "zmin": -1, "zmax": 1, "colorbar": {"x": -0.2}}], "layout": {"autotypenumbers": "strict", "colorway": ["#636efa", "#EF553B", "#00cc96", "#ab63fa", "#FFA15A", "#19d3f3", "#FF6692", "#B6E880", "#FF97FF", "#FECB52"], "font": {"color": "#f2f5fa", "family": "Courier New"}, "hovermode": "closest", "hoverlabel": {"align": "left"}, "paper_bgcolor": "rgb(17,17,17)", "plot_bgcolor": "rgb(17,17,17)", "polar": {"bgcolor": "rgb(17,17,17)", "angularaxis": {"gridcolor": "#506784", "linecolor": "#506784", "ticks": ""}, "radialaxis": {"gridcolor": "#506784", "linecolor": "#506784", "ticks": ""}}, "ternary": {"bgcolor": "rgb(17,17,17)", "aaxis": {"gridcolor": "#506784", "linecolor": "#506784", "ticks": ""}, "baxis": {"gridcolor": "#506784", "linecolor": "#506784", "ticks": ""}, "caxis": {"gridcolor": "#506784", "linecolor": "#506784", "ticks": ""}}, "coloraxis": {"colorbar": {"outlinewidth": 0, "ticks": ""}}, "colorscale": {"sequential": [[0.0, "#0d0887"], [0.1111111111111111, "#46039f"], [0.2222222222222222, "#7201a8"], [0.3333333333333333, "#9c179e"], [0.4444444444444444, "#bd3786"], [0.5555555555555556, "#d8576b"], [0.6666666666666666, "#ed7953"], [0.7777777777777778, "#fb9f3a"], [0.8888888888888888, "#fdca26"], [1.0, "#f0f921"]], "sequentialminus": [[0.0, "#0d0887"], [0.1111111111111111, "#46039f"], [0.2222222222222222, "#7201a8"], [0.3333333333333333, "#9c179e"], [0.4444444444444444, "#bd3786"], [0.5555555555555556, "#d8576b"], [0.6666666666666666, "#ed7953"], [0.7777777777777778, "#fb9f3a"], [0.8888888888888888, "#fdca26"], [1.0, "#f0f921"]], "diverging": [[0, "#8e0152"], [0.1, "#c51b7d"], [0.2, "#de77ae"], [0.3, "#f1b6da"], [0.4, "#fde0ef"], [0.5, "#f7f7f7"], [0.6, "#e6f5d0"], [0.7, "#b8e186"], [0.8, "#7fbc41"], [0.9, "#4d9221"], [1, "#276419"]]}, "xaxis": {"gridcolor": "rgba(0, 0, 0, 0)", "linecolor": "#506784", "ticks": "", "title": {"standoff": 15}, "zerolinecolor": "#283442", "automargin": true, "zerolinewidth": 2, "tickfont": {"family": "Courier New", "size": 14}, "side": "top", "tickangle": -90}, "yaxis": {"gridcolor": "rgba(0, 0, 0, 0)", "linecolor": "#506784", "ticks": "", "title": {"standoff": 15}, "zerolinecolor": "#283442", "automargin": true, "zerolinewidth": 2, "tickfont": {"family": "Courier New"}, "side": "right"}, "scene": {"xaxis": {"backgroundcolor": "rgb(17,17,17)", "gridcolor": "#506784", "linecolor": "#506784", "showbackground": true, "ticks": "", "zerolinecolor": "#C8D4E3", "gridwidth": 2}, "yaxis": {"backgroundcolor": "rgb(17,17,17)", "gridcolor": "#506784", "linecolor": "#506784", "showbackground": true, "ticks": "", "zerolinecolor": "#C8D4E3", "gridwidth": 2}, "zaxis": {"backgroundcolor": "rgb(17,17,17)", "gridcolor": "#506784", "linecolor": "#506784", "showbackground": true, "ticks": "", "zerolinecolor": "#C8D4E3", "gridwidth": 2}}, "shapedefaults": {"line": {"color": "#f2f5fa"}}, "annotationdefaults": {"arrowcolor": "#f2f5fa", "arrowhead": 0, "arrowwidth": 1}, "geo": {"bgcolor": "rgb(17,17,17)", "landcolor": "rgb(17,17,17)", "subunitcolor": "#506784", "showland": true, "showlakes": true, "lakecolor": "rgb(17,17,17)"}, "title": {"x": 0.05, "font": {"family": "Times New Roman"}, "y": 0.05, "text": "<b>Correlation of Adj Close <b><br><i>2016/09/23 ~ 2025/06/03<i>"}, "updatemenudefaults": {"bgcolor": "#506784", "borderwidth": 0}, "sliderdefaults": {"bgcolor": "#C8D4E3", "borderwidth": 1, "bordercolor": "rgb(17,17,17)", "tickwidth": 0}, "mapbox": {"style": "dark"}, "height": 600}};

Plotly.newPlot("correlationAdjClose",
    correlationAdjClose.data,
    correlationAdjClose.layout || {},
    config);