var element=document.getElementById("correlationAdjClose");if(element.style.display!='none'){var correlationAdjClose={"data":[{"type":"heatmap","z":[[1.0,0.9957579284686902,0.9683686791160262,0.996592644364499,0.9408386490156871,0.9860689339033529,0.9602454777693548,0.9851158121970559,0.9777729653852224,0.9967395007871356,0.9963356857412574,0.9967408600831664,0.9895287254326854,0.9909636891503751,0.9964440063937635,0.9871173090411515,0.9997429906931862,0.9846030841333009,0.8926261001031445,0.9098359064009289,0.6496436832211636,0.9839232555172575,0.9422386948255588,0.32029853632087724,-0.27088146358009035,0.9054094075085871,0.9153466268128002,0.9656331942767153,0.9655432550888549,0.9606704610715352,0.982105152999793,0.9628828693866375,0.9272266608762205,0.9812958813534614,0.9789213710302365,0.9607433461950029],[0.9957579284686902,1.0,0.9671884944133626,0.9926081392149575,0.9399132884326511,0.9825531229361919,0.9576741094659593,0.9771840829821092,0.972373076375792,0.993763737972077,0.9954222243578887,0.9950136901547239,0.9900137021728032,0.9906538727841071,0.9955022555427929,0.9826854009858851,0.9978022621573455,0.9788101434742442,0.9089635593970101,0.8996639930122471,0.6728165220240632,0.9716546697906271,0.9262284458596518,0.31831288150075093,-0.2069261533954624,0.8862979498233012,0.9131038599316834,0.9650327841728971,0.9475824961574439,0.9490258440236776,0.9746831768093279,0.9493905646814429,0.9260850651344851,0.9724655678638487,0.9716141723571501,0.9561287671338254],[0.9683686791160262,0.9671884944133626,1.0,0.9817017976273255,0.9935624364550881,0.9627131895623363,0.977922829577014,0.935927179070213,0.9640475108203064,0.9815562040634511,0.9883281364559414,0.9850705370216284,0.9972335515220513,0.9970796721546392,0.9880039652073531,0.9598240202900062,0.9795787078029784,0.9348673844684643,0.8292646638652362,0.7948376753015413,0.4958035776129476,0.9914477535174385,0.928518952220063,0.14542201076570618,-0.1848394033883635,0.8715451832132509,0.9558627052654071,0.9616552242768939,0.8804142991441152,0.8841921361783267,0.9625021030701465,0.8809322877876467,0.8443025691447027,0.9421376131870554,0.9666288585124481,0.9120170889820909],[0.996592644364499,0.9926081392149575,0.9817017976273255,1.0,0.9621602303455364,0.9773339435044133,0.9599015199293546,0.9728165497865463,0.9724756503231173,0.9999757652120553,0.9999935101875322,0.9999690513229619,0.9934791364020834,0.992989784810432,0.9999594899647863,0.9757511582218731,0.9959470363622351,0.9718542089599884,0.870486671326337,0.88628720619832,0.6048579799776308,0.9942923820190793,0.945027281382726,0.28303659894490063,-0.255639270991369,0.8941203750072673,0.9341845759655822,0.9673129929504023,0.9467619242103175,0.9492767893306364,0.9835354956035122,0.9448181382548787,0.9049893549926479,0.9746752705932397,0.9770370036194109,0.9489093578262656],[0.9408386490156871,0.9399132884326511,0.9935624364550881,0.9621602303455364,1.0,0.9276571878455842,0.9535436669340979,0.8968266565866164,0.9327865143547174,0.9624408021672965,0.9723508514431716,0.9681529157138005,0.9830383338137939,0.9815123654954105,0.9717946306351772,0.9235458167751155,0.9540923877361865,0.8953038111908219,0.7812537009461846,0.749514829021266,0.43510771212744237,0.9800018675436076,0.9102599268146224,0.10719930961295553,-0.1665534632419686,0.8276901977485281,0.9660067760258744,0.9361396660991447,0.8330796622021073,0.8454182110332649,0.9406540915628336,0.8352081111177807,0.7906512433060424,0.9093518568043197,0.9395109275942501,0.8728433409590943],[0.9860689339033529,0.9825531229361919,0.9627131895623363,0.9773339435044133,0.9276571878455842,1.0,0.982922277669462,0.9820775407174436,0.9850767727189079,0.9768876307031609,0.9712897979127311,0.9748201158019645,0.9666508436627443,0.9643173393630793,0.971356779821089,0.9999121986028842,0.9880142009263829,0.9827827977738264,0.8993165960904861,0.8712170678328957,0.6202772624945669,0.9675923310173715,0.9178645250487265,0.2052563085816937,-0.20248582897719883,0.9356203951492044,0.888280368569935,0.9693613416318635,0.9528097822186706,0.9360087034288159,0.9638962951311502,0.9513598016044974,0.941189925571646,0.9653884073757656,0.9821212547108183,0.963207104858066],[0.9602454777693548,0.9576741094659593,0.977922829577014,0.9599015199293546,0.9535436669340979,0.982922277669462,1.0,0.9506507007376366,0.9833448293249717,0.9588309521777375,0.9674593058059872,0.9644887791517499,0.9783860860353811,0.9781711257180794,0.9672788467365563,0.9840163580523826,0.9766257807051845,0.952601289020815,0.8574170803642619,0.7896385662919495,0.5040722051124219,0.9632413186957154,0.9188066323178297,0.06973666791128422,-0.14096959924600422,0.895799926558863,0.9064471033167326,0.9644256789533785,0.8914173087113759,0.8727047925153321,0.9484091831161978,0.8901676816565017,0.8838623082024495,0.9365931245286229,0.9736963075956032,0.9220710003234077],[0.9851158121970559,0.9771840829821092,0.935927179070213,0.9728165497865463,0.8968266565866164,0.9820775407174436,0.9506507007376366,1.0,0.9840520912313729,0.9727924599388693,0.9670262144305113,0.9714576620887009,0.949723407573983,0.9478520559480201,0.967353366138705,0.9838958095491676,0.9816767620070493,0.9998923484258887,0.9297823257130317,0.9317617702150809,0.598259975532481,0.9565774175007037,0.908973035991625,0.1818438274544629,-0.2934640170769877,0.9145977979609724,0.844657463892522,0.9486978428645951,0.9779838173806293,0.9603426493196425,0.9672816887408474,0.9674308975712925,0.9361490812768726,0.967004177986045,0.9606345872863464,0.970550970689789],[0.9777729653852224,0.972373076375792,0.9640475108203064,0.9724756503231173,0.9327865143547174,0.9850767727189079,0.9833448293249717,0.9840520912313729,1.0,0.9718629708318636,0.9670714955198554,0.9704597666959097,0.9616863518273235,0.9574726089863578,0.967106213989739,0.9842897450065963,0.9766572623411146,0.9834075973237544,0.9020602979129289,0.8663214801837946,0.5109532671373659,0.967080247862836,0.9286227443078077,0.043282919999942986,-0.21506234916396916,0.8942571369108707,0.8696517732701247,0.9695761785165771,0.9349514491679249,0.9116102946794353,0.9668844644652199,0.9248830030387488,0.8989106724583168,0.9579984516912449,0.9765111667049321,0.9377444491620145],[0.9967395007871356,0.993763737972077,0.9815562040634511,0.9999757652120553,0.9624408021672965,0.9768876307031609,0.9588309521777375,0.9727924599388693,0.9718629708318636,1.0,0.9999925445275256,0.9999850362310649,0.993462729132562,0.9929754952107763,0.9999625011077182,0.9753062710380942,0.995838570481027,0.9719166144807282,0.8720477773810117,0.8875689895239565,0.6002007647750414,0.9945014694008142,0.9452363247752861,0.28768506878848604,-0.2551014499508938,0.8944046076893093,0.9328525514160465,0.9661135169616208,0.9463082417053681,0.9483705692506414,0.9828377532856442,0.9441310190738069,0.9035687574462025,0.9738950671288684,0.9762623287440925,0.947788571684426],[0.9963356857412574,0.9954222243578887,0.9883281364559414,0.9999935101875322,0.9723508514431716,0.9712897979127311,0.9674593058059872,0.9670262144305113,0.9670714955198554,0.9999925445275256,1.0,0.9999780590087716,0.9935278359595452,0.9930198473419267,0.9999646351149997,0.9707926979636587,0.9956643616535751,0.967263008681267,0.8887870754625548,0.9165059391326413,0.4546356512787247,0.9974388851298551,0.9345399531639631,-0.1904678704645621,0.4691099603520558,0.8862791933713158,0.9127828729242602,0.965924059078641,0.932419269700099,0.9310660174209952,0.9768724625088102,0.921639805109396,0.8715760174680534,0.964397065874882,0.983154654367845,0.9452147492540446],[0.9967408600831664,0.9950136901547239,0.9850705370216284,0.9999690513229619,0.9681529157138005,0.9748201158019645,0.9644887791517499,0.9714576620887009,0.9704597666959097,0.9999850362310649,0.9999780590087716,1.0,0.993464710883163,0.9929594709281345,0.9999720479301614,0.9745129225688304,0.9957646798466907,0.9712501655528682,0.8791309663877156,0.9047061963347003,0.528915495294326,0.996506753817006,0.9432971876064365,0.016974070875287378,-0.13176575262669263,0.9022811324763926,0.9218856637532241,0.9620106399603575,0.9377241247774936,0.938004137795995,0.9801832195102419,0.933265732435233,0.8938064183415275,0.9698806787581481,0.9762869338688255,0.9503893619224822],[0.9895287254326854,0.9900137021728032,0.9972335515220513,0.9934791364020834,0.9830383338137939,0.9666508436627443,0.9783860860353811,0.949723407573983,0.9616863518273235,0.993462729132562,0.9935278359595452,0.993464710883163,1.0,0.9998355493511341,0.9934316930857832,0.9660905317013702,0.9902265216611262,0.9497874249106768,0.8620406690220536,0.896987348947367,0.35699424399979,0.9918300927745578,0.925985467388293,-0.431963513026631,0.4960225349412274,0.8582037614233091,0.9280383427269414,0.9594808838324996,0.8986501387234428,0.8940109302657485,0.9621419519744828,0.8879222666741496,0.8210073827250064,0.949908635149333,0.9748871673371468,0.9353208052029792],[0.9909636891503751,0.9906538727841071,0.9970796721546392,0.992989784810432,0.9815123654954105,0.9643173393630793,0.9781711257180794,0.9478520559480201,0.9574726089863578,0.9929754952107763,0.9930198473419267,0.9929594709281345,0.9998355493511341,1.0,0.9930359101253406,0.9636786084508971,0.991462135410915,0.948030550861254,0.8457829839746022,0.9075173890310747,0.20929959707278553,0.9895346818345535,0.9191417846144804,-0.7307872501647572,0.47647849615512544,0.8287125064584215,0.9293365671574799,0.9541279922598717,0.8889196904050949,0.8870635509498163,0.9579775703988903,0.8895378872571446,0.7953239663615436,0.9465580699109968,0.9735244142133223,0.934362058459782],[0.9964440063937635,0.9955022555427929,0.9880039652073531,0.9999594899647863,0.9717946306351772,0.971356779821089,0.9672788467365563,0.967353366138705,0.967106213989739,0.9999625011077182,0.9999646351149997,0.9999720479301614,0.9934316930857832,0.9930359101253406,1.0,0.9709918917820808,0.9957691581679623,0.967528580824765,0.8893079214563157,0.9171368283462925,0.45478998792922154,0.9972596658963028,0.9344702018322558,-0.1879985152971336,0.471447152401356,0.8865987360857629,0.9115625512161405,0.9656543860896366,0.9326284032045786,0.9314027812879775,0.9768855543484163,0.9221372086718806,0.8720032761941475,0.9642879672287343,0.9832232172864347,0.9459343718469535],[0.9871173090411515,0.9826854009858851,0.9598240202900062,0.9757511582218731,0.9235458167751155,0.9999121986028842,0.9840163580523826,0.9838958095491676,0.9842897450065963,0.9753062710380942,0.9707926979636587,0.9745129225688304,0.9660905317013702,0.9636786084508971,0.9709918917820808,1.0,0.987931076365133,0.9830632958411444,0.9021839452997629,0.8952152096063376,0.6012183840819719,0.965028019772203,0.9131586707706331,0.055148656895762135,-0.16680034902692517,0.9415563633231375,0.8763414328755631,0.9669568965762037,0.9557183629150355,0.9335346514155041,0.9609445475036471,0.9524769147028097,0.9390456965562674,0.9673177379650622,0.9813128406610128,0.9668548384958671],[0.9997429906931862,0.9978022621573455,0.9795787078029784,0.9959470363622351,0.9540923877361865,0.9880142009263829,0.9766257807051845,0.9816767620070493,0.9766572623411146,0.995838570481027,0.9956643616535751,0.9957646798466907,0.9902265216611262,0.991462135410915,0.9957691581679623,0.987931076365133,1.0,0.9819063760342143,0.9131941388692532,0.9310044683510854,0.5195524020625369,0.9884573501736246,0.9281846267196683,-0.13131800090537907,0.48932079271539397,0.9169122234301457,0.8957011191448452,0.9705001413685681,0.9550054379269299,0.943867478198539,0.9755360275577271,0.9447441746298821,0.9085169206660265,0.9735984541358456,0.9890000524929203,0.9666753140097865],[0.9846030841333009,0.9788101434742442,0.9348673844684643,0.9718542089599884,0.8953038111908219,0.9827827977738264,0.952601289020815,0.9998923484258887,0.9834075973237544,0.9719166144807282,0.967263008681267,0.9712501655528682,0.9497874249106768,0.948030550861254,0.967528580824765,0.9830632958411444,0.9819063760342143,1.0,0.9326160918147881,0.9379756981950501,0.594638186989632,0.9546305694437588,0.9122584282790298,0.1447541178246191,-0.2632756031295803,0.9189919967775128,0.8390602254609594,0.9485414894718435,0.978496507695585,0.9598718399328882,0.9655692406385363,0.9663076948447298,0.9357084195593979,0.9662500148909778,0.9586753797623218,0.9714512582191671],[0.8926261001031445,0.9089635593970101,0.8292646638652362,0.870486671326337,0.7812537009461846,0.8993165960904861,0.8574170803642619,0.9297823257130317,0.9020602979129289,0.8720477773810117,0.8887870754625548,0.8791309663877156,0.8620406690220536,0.8457829839746022,0.8893079214563157,0.9021839452997629,0.9131941388692532,0.9326160918147881,1.0,0.8381496838376606,0.6774034338928355,0.8395186242917089,0.8121806859246861,0.2330275575721731,-0.14984947953404756,0.8653488143935046,0.7112455849017411,0.8579186394963889,0.8982162917629616,0.8671016383646198,0.8530130239085499,0.8789237947074602,0.8642297248728401,0.8609589109670255,0.8706490160014833,0.8973423648216328],[0.9098359064009289,0.8996639930122471,0.7948376753015413,0.88628720619832,0.749514829021266,0.8712170678328957,0.7896385662919495,0.9317617702150809,0.8663214801837946,0.8875689895239565,0.9165059391326413,0.9047061963347003,0.896987348947367,0.9075173890310747,0.9171368283462925,0.8952152096063376,0.9310044683510854,0.9379756981950501,0.8381496838376606,1.0,0.8154649586250851,0.8336708240059548,0.8667540042536249,0.6111804520053008,-0.5091409857494126,0.7313201142431016,0.7724280376363849,0.8165962044626239,0.9612923389598116,0.940032225854132,0.8901511316578735,0.9493704540546051,0.905184023767558,0.9012617162808567,0.84750245981266,0.8865427656990751],[0.6496436832211636,0.6728165220240632,0.4958035776129476,0.6048579799776308,0.43510771212744237,0.6202772624945669,0.5040722051124219,0.598259975532481,0.5109532671373659,0.6002007647750414,0.4546356512787247,0.528915495294326,0.35699424399979,0.20929959707278553,0.45478998792922154,0.6012183840819719,0.5195524020625369,0.594638186989632,0.6774034338928355,0.8154649586250851,1.0,0.5383667849528249,0.661515600484345,0.7223578558063095,-0.11581551319009538,0.525165853103894,0.5073991462982048,0.57998288046023,0.7600838096403423,0.6850658074368798,0.584677604953425,0.7207432800997533,0.7450057977146677,0.6384437497753012,0.5965435896346273,0.6517855486089564],[0.9839232555172575,0.9716546697906271,0.9914477535174385,0.9942923820190793,0.9800018675436076,0.9675923310173715,0.9632413186957154,0.9565774175007037,0.967080247862836,0.9945014694008142,0.9974388851298551,0.996506753817006,0.9918300927745578,0.9895346818345535,0.9972596658963028,0.965028019772203,0.9884573501736246,0.9546305694437588,0.8395186242917089,0.8336708240059548,0.5383667849528249,1.0,0.9222816384320206,0.2123403741786221,-0.24247207889793393,0.8748637708995473,0.9461583614607804,0.96757544302929,0.9086128032318359,0.9249789138310882,0.974711458653244,0.9159254229596849,0.8714039502510633,0.9597304649626807,0.9632165982210112,0.9278062347312616],[0.9422386948255588,0.9262284458596518,0.928518952220063,0.945027281382726,0.9102599268146224,0.9178645250487265,0.9188066323178297,0.908973035991625,0.9286227443078077,0.9452363247752861,0.9345399531639631,0.9432971876064365,0.925985467388293,0.9191417846144804,0.9344702018322558,0.9131586707706331,0.9281846267196683,0.9122584282790298,0.8121806859246861,0.8667540042536249,0.661515600484345,0.9222816384320206,1.0,0.26248177664785294,-0.17423139547230082,0.7435542297363295,0.891409905701333,0.9110344659187443,0.8992407662515873,0.8681533429476235,0.943580752593495,0.8777834249793801,0.8419633706236134,0.9375329454632436,0.8998356152494206,0.8741260278800973],[0.32029853632087724,0.31831288150075093,0.14542201076570618,0.28303659894490063,0.10719930961295553,0.2052563085816937,0.06973666791128422,0.1818438274544629,0.043282919999942986,0.28768506878848604,-0.1904678704645621,0.016974070875287378,-0.431963513026631,-0.7307872501647572,-0.1879985152971336,0.055148656895762135,-0.13131800090537907,0.1447541178246191,0.2330275575721731,0.6111804520053008,0.7223578558063095,0.2123403741786221,0.26248177664785294,1.0,-0.37929040377369744,0.2406544154294546,0.17484690094669145,0.1465210162822117,0.43866734629975596,0.42617153180055894,0.2604610804824258,0.45078351926104476,0.3860974385220585,0.2983719711062787,0.21565240172240596,0.33393044755961837],[-0.27088146358009035,-0.2069261533954624,-0.1848394033883635,-0.255639270991369,-0.1665534632419686,-0.20248582897719883,-0.14096959924600422,-0.2934640170769877,-0.21506234916396916,-0.2551014499508938,0.4691099603520558,-0.13176575262669263,0.4960225349412274,0.47647849615512544,0.471447152401356,-0.16680034902692517,0.48932079271539397,-0.2632756031295803,-0.14984947953404756,-0.5091409857494126,-0.11581551319009538,-0.24247207889793393,-0.17423139547230082,-0.37929040377369744,1.0,-0.1485227532171986,-0.2071700178669301,-0.1679360490986428,-0.3747781894893952,-0.360377498710233,-0.2876862249614682,-0.3323909856174433,-0.20533554716690733,-0.3235313487319907,-0.16676569523998944,-0.2951358347209221],[0.9054094075085871,0.8862979498233012,0.8715451832132509,0.8941203750072673,0.8276901977485281,0.9356203951492044,0.895799926558863,0.9145977979609724,0.8942571369108707,0.8944046076893093,0.8862791933713158,0.9022811324763926,0.8582037614233091,0.8287125064584215,0.8865987360857629,0.9415563633231375,0.9169122234301457,0.9189919967775128,0.8653488143935046,0.7313201142431016,0.525165853103894,0.8748637708995473,0.7435542297363295,0.2406544154294546,-0.1485227532171986,1.0,0.7649895586850497,0.896022550638364,0.832180044621091,0.875948620181351,0.844855592648738,0.8817308442946382,0.8725134703214443,0.8725946405463568,0.8791950999874243,0.9086661180228899],[0.9153466268128002,0.9131038599316834,0.9558627052654071,0.9341845759655822,0.9660067760258744,0.888280368569935,0.9064471033167326,0.844657463892522,0.8696517732701247,0.9328525514160465,0.9127828729242602,0.9218856637532241,0.9280383427269414,0.9293365671574799,0.9115625512161405,0.8763414328755631,0.8957011191448452,0.8390602254609594,0.7112455849017411,0.7724280376363849,0.5073991462982048,0.9461583614607804,0.891409905701333,0.17484690094669145,-0.2071700178669301,0.7649895586850497,1.0,0.8831734846865592,0.8239747021526562,0.8295835615502763,0.9074182438296047,0.8194653433237328,0.7736158320602556,0.881330230716693,0.8953552693680513,0.8501308679823785],[0.9656331942767153,0.9650327841728971,0.9616552242768939,0.9673129929504023,0.9361396660991447,0.9693613416318635,0.9644256789533785,0.9486978428645951,0.9695761785165771,0.9661135169616208,0.965924059078641,0.9620106399603575,0.9594808838324996,0.9541279922598717,0.9656543860896366,0.9669568965762037,0.9705001413685681,0.9485414894718435,0.8579186394963889,0.8165962044626239,0.57998288046023,0.96757544302929,0.9110344659187443,0.1465210162822117,-0.1679360490986428,0.896022550638364,0.8831734846865592,1.0,0.9088729873387247,0.9002052565479317,0.9527732720848393,0.8975700000521437,0.8827082256774424,0.9540971972210703,0.9770781375607845,0.9075502267016571],[0.9655432550888549,0.9475824961574439,0.8804142991441152,0.9467619242103175,0.8330796622021073,0.9528097822186706,0.8914173087113759,0.9779838173806293,0.9349514491679249,0.9463082417053681,0.932419269700099,0.9377241247774936,0.8986501387234428,0.8889196904050949,0.9326284032045786,0.9557183629150355,0.9550054379269299,0.978496507695585,0.8982162917629616,0.9612923389598116,0.7600838096403423,0.9086128032318359,0.8992407662515873,0.43866734629975596,-0.3747781894893952,0.832180044621091,0.8239747021526562,0.9088729873387247,1.0,0.9866751991588233,0.950809746388409,0.9910379544162882,0.9555316051308256,0.9588907284674765,0.9101931750828749,0.9643241997163736],[0.9606704610715352,0.9490258440236776,0.8841921361783267,0.9492767893306364,0.8454182110332649,0.9360087034288159,0.8727047925153321,0.9603426493196425,0.9116102946794353,0.9483705692506414,0.9310660174209952,0.938004137795995,0.8940109302657485,0.8870635509498163,0.9314027812879775,0.9335346514155041,0.943867478198539,0.9598718399328882,0.8671016383646198,0.940032225854132,0.6850658074368798,0.9249789138310882,0.8681533429476235,0.42617153180055894,-0.360377498710233,0.875948620181351,0.8295835615502763,0.9002052565479317,0.9866751991588233,1.0,0.947912158252794,0.9853143917282238,0.956474367941729,0.9444683330619974,0.9248547868199909,0.9643198706523594],[0.982105152999793,0.9746831768093279,0.9625021030701465,0.9835354956035122,0.9406540915628336,0.9638962951311502,0.9484091831161978,0.9672816887408474,0.9668844644652199,0.9828377532856442,0.9768724625088102,0.9801832195102419,0.9621419519744828,0.9579775703988903,0.9768855543484163,0.9609445475036471,0.9755360275577271,0.9655692406385363,0.8530130239085499,0.8901511316578735,0.584677604953425,0.974711458653244,0.943580752593495,0.2604610804824258,-0.2876862249614682,0.844855592648738,0.9074182438296047,0.9527732720848393,0.950809746388409,0.947912158252794,1.0,0.9452524388978062,0.9007615192901718,0.977474192276774,0.9689583881943361,0.9494579021392735],[0.9628828693866375,0.9493905646814429,0.8809322877876467,0.9448181382548787,0.8352081111177807,0.9513598016044974,0.8901676816565017,0.9674308975712925,0.9248830030387488,0.9441310190738069,0.921639805109396,0.933265732435233,0.8879222666741496,0.8895378872571446,0.9221372086718806,0.9524769147028097,0.9447441746298821,0.9663076948447298,0.8789237947074602,0.9493704540546051,0.7207432800997533,0.9159254229596849,0.8777834249793801,0.45078351926104476,-0.3323909856174433,0.8817308442946382,0.8194653433237328,0.8975700000521437,0.9910379544162882,0.9853143917282238,0.9452524388978062,1.0,0.9743600318400085,0.9485701931973417,0.9340438542771013,0.962867628560593],[0.9272266608762205,0.9260850651344851,0.8443025691447027,0.9049893549926479,0.7906512433060424,0.941189925571646,0.8838623082024495,0.9361490812768726,0.8989106724583168,0.9035687574462025,0.8715760174680534,0.8938064183415275,0.8210073827250064,0.7953239663615436,0.8720032761941475,0.9390456965562674,0.9085169206660265,0.9357084195593979,0.8642297248728401,0.905184023767558,0.7450057977146677,0.8714039502510633,0.8419633706236134,0.3860974385220585,-0.20533554716690733,0.8725134703214443,0.7736158320602556,0.8827082256774424,0.9555316051308256,0.956474367941729,0.9007615192901718,0.9743600318400085,1.0,0.9069784163144188,0.9164416219341532,0.9472686229203854],[0.9812958813534614,0.9724655678638487,0.9421376131870554,0.9746752705932397,0.9093518568043197,0.9653884073757656,0.9365931245286229,0.967004177986045,0.9579984516912449,0.9738950671288684,0.964397065874882,0.9698806787581481,0.949908635149333,0.9465580699109968,0.9642879672287343,0.9673177379650622,0.9735984541358456,0.9662500148909778,0.8609589109670255,0.9012617162808567,0.6384437497753012,0.9597304649626807,0.9375329454632436,0.2983719711062787,-0.3235313487319907,0.8725946405463568,0.881330230716693,0.9540971972210703,0.9588907284674765,0.9444683330619974,0.977474192276774,0.9485701931973417,0.9069784163144188,1.0,0.9613379752934784,0.9493714436028374],[0.9789213710302365,0.9716141723571501,0.9666288585124481,0.9770370036194109,0.9395109275942501,0.9821212547108183,0.9736963075956032,0.9606345872863464,0.9765111667049321,0.9762623287440925,0.983154654367845,0.9762869338688255,0.9748871673371468,0.9735244142133223,0.9832232172864347,0.9813128406610128,0.9890000524929203,0.9586753797623218,0.8706490160014833,0.84750245981266,0.5965435896346273,0.9632165982210112,0.8998356152494206,0.21565240172240596,-0.16676569523998944,0.8791950999874243,0.8953552693680513,0.9770781375607845,0.9101931750828749,0.9248547868199909,0.9689583881943361,0.9340438542771013,0.9164416219341532,0.9613379752934784,1.0,0.9325213896108187],[0.9607433461950029,0.9561287671338254,0.9120170889820909,0.9489093578262656,0.8728433409590943,0.963207104858066,0.9220710003234077,0.970550970689789,0.9377444491620145,0.947788571684426,0.9452147492540446,0.9503893619224822,0.9353208052029792,0.934362058459782,0.9459343718469535,0.9668548384958671,0.9666753140097865,0.9714512582191671,0.8973423648216328,0.8865427656990751,0.6517855486089564,0.9278062347312616,0.8741260278800973,0.33393044755961837,-0.2951358347209221,0.9086661180228899,0.8501308679823785,0.9075502267016571,0.9643241997163736,0.9643198706523594,0.9494579021392735,0.962867628560593,0.9472686229203854,0.9493714436028374,0.9325213896108187,1.0]],"x":["^TAIEX       \u81fa\u7063\u52a0\u6b0a\u5831\u916c\u6307\u6578","^TWII        \u81fa\u7063\u52a0\u6b0a\u6307\u6578","^TAIEXx2     \u81fa\u7063\u52a0\u6b0a\u5831\u916c\u6307\u6578_\u65e5\u6b632","^TAI50I      \u81fa\u706350\u5831\u916c\u6307\u6578","^TAI50Ix2    \u81fa\u706350\u5831\u916c\u6307\u6578_\u65e5\u6b632","^TAI100I     \u81fa\u7063\u4e2d\u578b100\u5831\u916c\u6307\u6578","^TAI100Ix2   \u81fa\u7063\u4e2d\u578b100\u5831\u916c\u6307\u6578_\u65e5\u6b632","^TAIDIVIDI   \u81fa\u7063\u9ad8\u80a1\u606f\u5831\u916c\u6307\u6578","^TAIDIVIDIx2 \u81fa\u7063\u9ad8\u80a1\u606f\u5831\u916c\u6307\u6578_\u65e5\u6b632","0050Fund     \u5143\u5927\u53f0\u7063\u5353\u8d8a50\u57fa\u91d1","006208Fund   \u5bcc\u90a6\u53f0\u7063\u91c6\u540950\u57fa\u91d1","0050         \u5143\u5927\u81fa\u706350","00631L       \u5143\u5927\u53f0\u706350\u6b632","00675L       \u5bcc\u90a6\u81fa\u7063\u52a0\u6b0a\u6b632","006208       \u5bcc\u90a6\u53f050","0051         \u5143\u5927\u4e2d\u578b100","006204       \u6c38\u8c50\u81fa\u7063\u52a0\u6b0a","0056         \u5143\u5927\u9ad8\u80a1\u606f","0056         \u5143\u5927\u9ad8\u80a1\u606f_\u80a1\u606f\u4e0d\u6295\u5165","2412         \u4e2d\u83ef\u96fb\u4fe1","2002         \u4e2d\u92fc","2330         \u53f0\u7a4d\u96fb","2317         \u9d3b\u6d77","6505         \u53f0\u5851\u77f3\u5316","3481         \u7fa4\u5275","2303         \u806f\u96fb","2308         \u53f0\u9054\u96fb","2454         \u806f\u767c\u79d1","2886         \u5146\u8c50\u91d1","2884         \u7389\u5c71\u91d1","2891         \u4e2d\u4fe1\u91d1","2892         \u7b2c\u4e00\u91d1","5880         \u5408\u5eab\u91d1","2881         \u5bcc\u90a6\u91d1","2885         \u5143\u5927\u91d1","2887         \u53f0\u65b0\u91d1"],"y":["^TAIEX       \u81fa\u7063\u52a0\u6b0a\u5831\u916c\u6307\u6578","^TWII        \u81fa\u7063\u52a0\u6b0a\u6307\u6578","^TAIEXx2     \u81fa\u7063\u52a0\u6b0a\u5831\u916c\u6307\u6578_\u65e5\u6b632","^TAI50I      \u81fa\u706350\u5831\u916c\u6307\u6578","^TAI50Ix2    \u81fa\u706350\u5831\u916c\u6307\u6578_\u65e5\u6b632","^TAI100I     \u81fa\u7063\u4e2d\u578b100\u5831\u916c\u6307\u6578","^TAI100Ix2   \u81fa\u7063\u4e2d\u578b100\u5831\u916c\u6307\u6578_\u65e5\u6b632","^TAIDIVIDI   \u81fa\u7063\u9ad8\u80a1\u606f\u5831\u916c\u6307\u6578","^TAIDIVIDIx2 \u81fa\u7063\u9ad8\u80a1\u606f\u5831\u916c\u6307\u6578_\u65e5\u6b632","0050Fund     \u5143\u5927\u53f0\u7063\u5353\u8d8a50\u57fa\u91d1","006208Fund   \u5bcc\u90a6\u53f0\u7063\u91c6\u540950\u57fa\u91d1","0050         \u5143\u5927\u81fa\u706350","00631L       \u5143\u5927\u53f0\u706350\u6b632","00675L       \u5bcc\u90a6\u81fa\u7063\u52a0\u6b0a\u6b632","006208       \u5bcc\u90a6\u53f050","0051         \u5143\u5927\u4e2d\u578b100","006204       \u6c38\u8c50\u81fa\u7063\u52a0\u6b0a","0056         \u5143\u5927\u9ad8\u80a1\u606f","0056         \u5143\u5927\u9ad8\u80a1\u606f_\u80a1\u606f\u4e0d\u6295\u5165","2412         \u4e2d\u83ef\u96fb\u4fe1","2002         \u4e2d\u92fc","2330         \u53f0\u7a4d\u96fb","2317         \u9d3b\u6d77","6505         \u53f0\u5851\u77f3\u5316","3481         \u7fa4\u5275","2303         \u806f\u96fb","2308         \u53f0\u9054\u96fb","2454         \u806f\u767c\u79d1","2886         \u5146\u8c50\u91d1","2884         \u7389\u5c71\u91d1","2891         \u4e2d\u4fe1\u91d1","2892         \u7b2c\u4e00\u91d1","5880         \u5408\u5eab\u91d1","2881         \u5bcc\u90a6\u91d1","2885         \u5143\u5927\u91d1","2887         \u53f0\u65b0\u91d1"],"zmin":-1,"zmax":1,"colorbar":{"x":-0.2}}],"layout":{"autotypenumbers":"strict","colorway":["#636efa","#EF553B","#00cc96","#ab63fa","#FFA15A","#19d3f3","#FF6692","#B6E880","#FF97FF","#FECB52"],"font":{"color":"#f2f5fa","family":"Courier New"},"hovermode":"closest","hoverlabel":{"align":"left"},"paper_bgcolor":"rgb(17,17,17)","plot_bgcolor":"rgb(17,17,17)","polar":{"bgcolor":"rgb(17,17,17)","angularaxis":{"gridcolor":"#506784","linecolor":"#506784","ticks":""},"radialaxis":{"gridcolor":"#506784","linecolor":"#506784","ticks":""}},"ternary":{"bgcolor":"rgb(17,17,17)","aaxis":{"gridcolor":"#506784","linecolor":"#506784","ticks":""},"baxis":{"gridcolor":"#506784","linecolor":"#506784","ticks":""},"caxis":{"gridcolor":"#506784","linecolor":"#506784","ticks":""}},"coloraxis":{"colorbar":{"outlinewidth":0,"ticks":""}},"colorscale":{"sequential":[[0.0,"#0d0887"],[0.1111111111111111,"#46039f"],[0.2222222222222222,"#7201a8"],[0.3333333333333333,"#9c179e"],[0.4444444444444444,"#bd3786"],[0.5555555555555556,"#d8576b"],[0.6666666666666666,"#ed7953"],[0.7777777777777778,"#fb9f3a"],[0.8888888888888888,"#fdca26"],[1.0,"#f0f921"]],"sequentialminus":[[0.0,"#0d0887"],[0.1111111111111111,"#46039f"],[0.2222222222222222,"#7201a8"],[0.3333333333333333,"#9c179e"],[0.4444444444444444,"#bd3786"],[0.5555555555555556,"#d8576b"],[0.6666666666666666,"#ed7953"],[0.7777777777777778,"#fb9f3a"],[0.8888888888888888,"#fdca26"],[1.0,"#f0f921"]],"diverging":[[0,"#8e0152"],[0.1,"#c51b7d"],[0.2,"#de77ae"],[0.3,"#f1b6da"],[0.4,"#fde0ef"],[0.5,"#f7f7f7"],[0.6,"#e6f5d0"],[0.7,"#b8e186"],[0.8,"#7fbc41"],[0.9,"#4d9221"],[1,"#276419"]]},"xaxis":{"gridcolor":"rgba(0, 0, 0, 0)","linecolor":"#506784","ticks":"","title":{"standoff":15},"zerolinecolor":"#283442","automargin":true,"zerolinewidth":2,"tickfont":{"family":"Courier New","size":14},"side":"top","tickangle":-90},"yaxis":{"gridcolor":"rgba(0, 0, 0, 0)","linecolor":"#506784","ticks":"","title":{"standoff":15},"zerolinecolor":"#283442","automargin":true,"zerolinewidth":2,"tickfont":{"family":"Courier New"},"side":"right"},"scene":{"xaxis":{"backgroundcolor":"rgb(17,17,17)","gridcolor":"#506784","linecolor":"#506784","showbackground":true,"ticks":"","zerolinecolor":"#C8D4E3","gridwidth":2},"yaxis":{"backgroundcolor":"rgb(17,17,17)","gridcolor":"#506784","linecolor":"#506784","showbackground":true,"ticks":"","zerolinecolor":"#C8D4E3","gridwidth":2},"zaxis":{"backgroundcolor":"rgb(17,17,17)","gridcolor":"#506784","linecolor":"#506784","showbackground":true,"ticks":"","zerolinecolor":"#C8D4E3","gridwidth":2}},"shapedefaults":{"line":{"color":"#f2f5fa"}},"annotationdefaults":{"arrowcolor":"#f2f5fa","arrowhead":0,"arrowwidth":1},"geo":{"bgcolor":"rgb(17,17,17)","landcolor":"rgb(17,17,17)","subunitcolor":"#506784","showland":true,"showlakes":true,"lakecolor":"rgb(17,17,17)"},"title":{"x":0.05,"font":{"family":"Times New Roman"},"y":0.05,"text":"<b>Correlation of Adj Close<b><br><i>2016-09-23 ~ 2026-03-18<i>"},"updatemenudefaults":{"bgcolor":"#506784","borderwidth":0},"sliderdefaults":{"bgcolor":"#C8D4E3","borderwidth":1,"bordercolor":"rgb(17,17,17)","tickwidth":0},"mapbox":{"style":"dark"},"annotations":[{"text":"<b>@zwindr<b>","textangle":0,"opacity":0.5,"font":{"color":"white","size":12},"xref":"paper","yref":"paper","xanchor":"left","yanchor":"bottom","x":1.0,"y":1.0,"showarrow":false}]},"config":{"responsive":true,"toImageButtonOptions":{"filename":"Correlation of Adj Close_2016-09-23~2026-03-18","scale":5}}};Plotly.newPlot("correlationAdjClose",correlationAdjClose.data,correlationAdjClose.layout||{},correlationAdjClose.config);}else{console.log("style display is none => correlationAdjClose");}