var element=document.getElementById("correlationClose");if(element.style.display!='none'){var correlationClose={"data":[{"type":"heatmap","z":[[1.0,0.999999999999998,1.0,0.9955969523462778,0.9955969523462778,0.9790716496714575,0.9790716496714575,0.9334547194929042,0.9334547194929042,0.6629689795653949,0.996376290107616,0.5940704248907874,0.8945968328129323,0.9846486917195045,0.99644760386556,0.9819214406801683,0.9994470662795306,0.9152404957552874,0.9152404957552874,0.743531439707552,-0.2328523565971339,0.9855390378395499,0.34150935516432884,-0.21290964987826935,-0.13699366740544602,0.8633408097697935,0.8945380621059859,0.9208842226826504,0.8718783872821709,0.7676281896819258,0.7359776909744428,0.6554170312592957,0.5639648260640812,0.9232649411443912,0.9018994621548662,0.3741784016905722],[0.999999999999998,1.0,0.9999999999999981,0.9955332735675674,0.9955332735675674,0.9786798226820831,0.9786798226820831,0.9338725129392655,0.9338725129392655,0.6622018586226186,0.996400096307668,0.5932426463106297,0.8952962773477803,0.9843116788139078,0.9964827534054665,0.9817814585437793,0.9994500566680331,0.9152646617468904,0.9152646617468904,0.7586671546799058,-0.032005896557426555,0.9801130931727581,0.08107543004082225,-0.20841992518092642,-0.1356323802939634,0.7494265812424117,0.8904348232117459,0.9067991310927722,0.8686861869286244,0.7734880092602359,0.7305913191247378,0.6532598985455843,0.5869663642544865,0.922920720260101,0.8037779252724813,0.3708453005005449],[1.0,0.9999999999999981,1.0,0.9955969523462778,0.9955969523462778,0.9790716496714575,0.9790716496714575,0.9334547194929042,0.9334547194929042,0.6629689795653949,0.996376290107616,0.5940704248907874,0.8945968328129323,0.9846486917195045,0.99644760386556,0.9819214406801683,0.9994470662795306,0.9152404957552874,0.9152404957552874,0.743531439707552,-0.2328523565971339,0.9855390378395499,0.34150935516432884,-0.21290964987826935,-0.13699366740544602,0.8633408097697935,0.8945380621059859,0.9208842226826504,0.8718783872821709,0.7676281896819258,0.7359776909744428,0.6554170312592957,0.5639648260640812,0.9232649411443912,0.9018994621548662,0.3741784016905722],[0.9955969523462778,0.9955332735675674,0.9955969523462778,1.0,1.0,0.9687785659766881,0.9687785659766881,0.9189007904885811,0.9189007904885811,0.6155569953067722,0.9997612649068326,0.5489843840151817,0.9021391458205422,0.988571145212082,0.9997205877559401,0.9677169751313015,0.9958990849990221,0.888177255142716,0.888177255142716,0.7079385368695791,-0.237598925305071,0.9940683971901395,0.367757167446299,-0.2432193978744554,-0.12685826276052156,0.8567991431329572,0.9181809829111056,0.9289327143825297,0.8413990343475427,0.7557242524594517,0.7614814248288571,0.6404055927475416,0.5252526929832715,0.9041013850867431,0.8981812310454883,0.39072497093708664],[0.9955969523462778,0.9955332735675674,0.9955969523462778,1.0,1.0,0.9687785659766881,0.9687785659766881,0.9189007904885811,0.9189007904885811,0.6155569953067722,0.9997612649068326,0.5489843840151817,0.9021391458205422,0.988571145212082,0.9997205877559401,0.9677169751313015,0.9958990849990221,0.888177255142716,0.888177255142716,0.7079385368695791,-0.237598925305071,0.9940683971901395,0.367757167446299,-0.2432193978744554,-0.12685826276052156,0.8567991431329572,0.9181809829111056,0.9289327143825297,0.8413990343475427,0.7557242524594517,0.7614814248288571,0.6404055927475416,0.5252526929832715,0.9041013850867431,0.8981812310454883,0.39072497093708664],[0.9790716496714575,0.9786798226820831,0.9790716496714575,0.9687785659766881,0.9687785659766881,1.0,1.0,0.951443563252867,0.951443563252867,0.6512513916924741,0.9674261282528732,0.6199239413084215,0.8681968931198961,0.9511333187069979,0.9674153225659821,0.9992328350618991,0.9830638798233768,0.9233310121986528,0.9233310121986528,0.6545300726697334,-0.19940218270276872,0.9604862911308194,0.45271218784219885,-0.3628727852308928,-0.04726116329743105,0.9033782044001231,0.8608124271542733,0.9225767831964533,0.8624563061975529,0.7471911316096355,0.8489532731617838,0.7370689850087024,0.6302677169581499,0.8794073928263749,0.9176163286202965,0.6019356612505099],[0.9790716496714575,0.9786798226820831,0.9790716496714575,0.9687785659766881,0.9687785659766881,1.0,1.0,0.951443563252867,0.951443563252867,0.6512513916924741,0.9674261282528732,0.6199239413084215,0.8681968931198961,0.9511333187069979,0.9674153225659821,0.9992328350618991,0.9830638798233768,0.9233310121986528,0.9233310121986528,0.6545300726697334,-0.19940218270276872,0.9604862911308194,0.45271218784219885,-0.3628727852308928,-0.04726116329743105,0.9033782044001231,0.8608124271542733,0.9225767831964533,0.8624563061975529,0.7471911316096355,0.8489532731617838,0.7370689850087024,0.6302677169581499,0.8794073928263749,0.9176163286202965,0.6019356612505099],[0.9334547194929042,0.9338725129392655,0.9334547194929042,0.9189007904885811,0.9189007904885811,0.951443563252867,0.951443563252867,1.0,1.0,0.632998282203037,0.9500355811858963,0.6317467517149402,0.8441086087607914,0.9279210020055688,0.9499242869904646,0.9535006841737441,0.9597447465738606,0.9718393335815203,0.9718393335815203,0.6234450027240563,-0.09242485567769632,0.8952774338854823,0.6451213700565412,-0.3989528429591968,0.06217923154416688,0.8490795324582653,0.7859958909895989,0.8876947662299117,0.8401768060668908,0.7656343932913505,0.9155765700056536,0.7826434806185207,0.6600288906110159,0.840236264837862,0.9013600246368947,0.8613306416362884],[0.9334547194929042,0.9338725129392655,0.9334547194929042,0.9189007904885811,0.9189007904885811,0.951443563252867,0.951443563252867,1.0,1.0,0.632998282203037,0.9500355811858963,0.6317467517149402,0.8441086087607914,0.9279210020055688,0.9499242869904646,0.9535006841737441,0.9597447465738606,0.9718393335815203,0.9718393335815203,0.6234450027240563,-0.09242485567769632,0.8952774338854823,0.6451213700565412,-0.3989528429591968,0.06217923154416688,0.8490795324582653,0.7859958909895989,0.8876947662299117,0.8401768060668908,0.7656343932913505,0.9155765700056536,0.7826434806185207,0.6600288906110159,0.840236264837862,0.9013600246368947,0.8613306416362884],[0.6629689795653949,0.6622018586226186,0.6629689795653949,0.6155569953067722,0.6155569953067722,0.6512513916924741,0.6512513916924741,0.632998282203037,0.632998282203037,1.0,0.45491365540626577,0.9999685445629299,0.24111622910126357,0.19597323594265262,0.4577635284185715,0.6419699454228167,0.5305656709311378,0.7380675284352279,0.7380675284352279,0.6821588056283511,-0.10488349002566137,0.5952622867990734,0.050838627233148526,0.04078380361283366,-0.2348365031202187,0.6558721890280047,0.3183431761395642,0.5455204902480965,0.7900531767200978,0.6646695808416455,0.31137579022515577,0.5205851911575238,0.5637488040652469,0.7361098036244864,0.5389680786134177,0.17770903860508],[0.996376290107616,0.996400096307668,0.996376290107616,0.9997612649068326,0.9997612649068326,0.9674261282528732,0.9674261282528732,0.9500355811858963,0.9500355811858963,0.45491365540626577,1.0,0.455063381280016,0.9021440872538787,0.9881057163251268,0.9999580689226878,0.9646015066003503,0.9958006846717339,0.9009043570294412,0.9009043570294412,0.8344823123851856,-0.1765275684301902,0.9969293303752105,0.9152624426487448,-0.5425388557557702,0.6757286005458945,0.8655333732888638,0.911314485508111,0.9408008486417248,0.824107481213011,0.7755542154102147,0.954643851159826,0.8098843024097651,0.6397950062475094,0.8940586411748972,0.9690388052271848,0.873315388627142],[0.5940704248907874,0.5932426463106297,0.5940704248907874,0.5489843840151817,0.5489843840151817,0.6199239413084215,0.6199239413084215,0.6317467517149402,0.6317467517149402,0.9999685445629299,0.455063381280016,1.0,0.2414637969510013,0.19589476921524887,0.45760454803883416,0.6288229300454766,0.5303066038442213,0.7253728081212313,0.7253728081212313,0.6288040023296004,0.02552117353332824,0.5331226272096723,0.3669386111152785,-0.1651187692750599,-0.19613534528679027,0.6622096757213289,0.23320216514577122,0.4993263087176928,0.7547727458956437,0.6779884377495864,0.44391869183261395,0.6691771447463882,0.6752672618401698,0.6759555565702268,0.4951328775534001,0.549200642136577],[0.8945968328129323,0.8952962773477803,0.8945968328129323,0.9021391458205422,0.9021391458205422,0.8681968931198961,0.8681968931198961,0.8441086087607914,0.8441086087607914,0.24111622910126357,0.9021440872538787,0.2414637969510013,1.0,0.9998963490370762,0.9017742430406239,0.8636950823528039,0.8942379108666367,0.7730295580793467,0.7730295580793467,0.6589003515469007,-0.15797038288902765,0.8940847814511927,0.8301794808024147,-0.6132608312248061,0.7463220633385308,0.7724829757478235,0.8917999437607108,0.8951437266173018,0.6614917694848885,0.5988789868173235,0.8775526978122719,0.646568440135037,0.45901122591985577,0.7864706592866143,0.8863586816683893,0.8252895402246756],[0.9846486917195045,0.9843116788139078,0.9846486917195045,0.988571145212082,0.988571145212082,0.9511333187069979,0.9511333187069979,0.9279210020055688,0.9279210020055688,0.19597323594265262,0.9881057163251268,0.19589476921524887,0.9998963490370762,1.0,0.9881467838476652,0.9453167729419046,0.9819207438835738,0.8627571923450763,0.8627571923450763,0.8198871044886458,-0.2790425092144594,0.977901804884707,0.8841369059403442,-0.6897505350302056,0.7980519501124008,0.8321540679018437,0.9567216969556108,0.956744801163205,0.7256101557256023,0.6496950572265813,0.9439643209880042,0.7306248937583243,0.4610396878582731,0.8563096108660708,0.9647359539079818,0.8821281624185145],[0.99644760386556,0.9964827534054665,0.99644760386556,0.9997205877559401,0.9997205877559401,0.9674153225659821,0.9674153225659821,0.9499242869904646,0.9499242869904646,0.4577635284185715,0.9999580689226878,0.45760454803883416,0.9017742430406239,0.9881467838476652,1.0,0.9647953273959251,0.9959039731193231,0.9021507685868747,0.9021507685868747,0.8353987374815406,-0.1756425873341047,0.9968456866260048,0.9149424757563324,-0.5408499152329673,0.6750099287719253,0.8660438466703534,0.9103320248698625,0.9403986343477817,0.8250651911248875,0.776695485885813,0.9543380934276197,0.8111169916476964,0.641417764938052,0.8942731951816054,0.9690942148315089,0.8734675112025831],[0.9819214406801683,0.9817814585437793,0.9819214406801683,0.9677169751313015,0.9677169751313015,0.9992328350618991,0.9992328350618991,0.9535006841737441,0.9535006841737441,0.6419699454228167,0.9646015066003503,0.6288229300454766,0.8636950823528039,0.9453167729419046,0.9647953273959251,1.0,0.9820390673593842,0.9268990792373548,0.9268990792373548,0.7047477334481795,-0.19231106834778097,0.9624029854087552,0.7557988339106874,-0.48745068045777823,-0.0046198212468674515,0.9113767073637825,0.8487151364953934,0.916138942617915,0.8696045721962994,0.7770852551589877,0.9117158248970154,0.7790479906946822,0.6834081663963086,0.9004971462525152,0.9154492720734999,0.8571101860466164],[0.9994470662795306,0.9994500566680331,0.9994470662795306,0.9958990849990221,0.9958990849990221,0.9830638798233768,0.9830638798233768,0.9597447465738606,0.9597447465738606,0.5305656709311378,0.9958006846717339,0.5303066038442213,0.8942379108666367,0.9819207438835738,0.9959039731193231,0.9820390673593842,1.0,0.9274569870925452,0.9274569870925452,0.8532770134139724,-0.15940257585037165,0.9919601706143002,0.9022504364342692,-0.5367905884392891,0.660526967800846,0.8937158472235424,0.8907703201177808,0.9395860726367828,0.8641255231977367,0.8018404828966472,0.9476233629538751,0.8502971718175795,0.6963613732974531,0.9118945492493884,0.97355903763303,0.8993774624369005],[0.9152404957552874,0.9152646617468904,0.9152404957552874,0.888177255142716,0.888177255142716,0.9233310121986528,0.9233310121986528,0.9718393335815203,0.9718393335815203,0.7380675284352279,0.9009043570294412,0.7253728081212313,0.7730295580793467,0.8627571923450763,0.9021507685868747,0.9268990792373548,0.9274569870925452,1.0,1.0,0.7607317844634646,-0.12825077981625033,0.8654802972478919,0.6578396441923198,-0.29458039875489334,-0.07387696685278294,0.8598119141941735,0.709104748959768,0.83045988057216,0.9102764563931479,0.8428823300935743,0.8359697994075046,0.7760522805649721,0.6815533204194426,0.8774423909400573,0.8265726530578222,0.8816611158622032],[0.9152404957552874,0.9152646617468904,0.9152404957552874,0.888177255142716,0.888177255142716,0.9233310121986528,0.9233310121986528,0.9718393335815203,0.9718393335815203,0.7380675284352279,0.9009043570294412,0.7253728081212313,0.7730295580793467,0.8627571923450763,0.9021507685868747,0.9268990792373548,0.9274569870925452,1.0,1.0,0.7607317844634646,-0.12825077981625033,0.8654802972478919,0.6578396441923198,-0.29458039875489334,-0.07387696685278294,0.8598119141941735,0.709104748959768,0.83045988057216,0.9102764563931479,0.8428823300935743,0.8359697994075046,0.7760522805649721,0.6815533204194426,0.8774423909400573,0.8265726530578222,0.8816611158622032],[0.743531439707552,0.7586671546799058,0.743531439707552,0.7079385368695791,0.7079385368695791,0.6545300726697334,0.6545300726697334,0.6234450027240563,0.6234450027240563,0.6821588056283511,0.8344823123851856,0.6288040023296004,0.6589003515469007,0.8198871044886458,0.8353987374815406,0.7047477334481795,0.8532770134139724,0.7607317844634646,0.7607317844634646,1.0,-0.00432240163426279,0.6798490870558741,-0.24867388030918686,0.2389356239855774,-0.6049263071208373,0.408997283553111,0.5481250103669285,0.49592840679759004,0.8478135990903196,0.7187708267117203,0.24689369385690454,0.3660797209957914,0.5788753808049525,0.7887260294013749,0.5173271084698641,-0.03867105200696844],[-0.2328523565971339,-0.032005896557426555,-0.2328523565971339,-0.237598925305071,-0.237598925305071,-0.19940218270276872,-0.19940218270276872,-0.09242485567769632,-0.09242485567769632,-0.10488349002566137,-0.1765275684301902,0.02552117353332824,-0.15797038288902765,-0.2790425092144594,-0.1756425873341047,-0.19231106834778097,-0.15940257585037165,-0.12825077981625033,-0.12825077981625033,-0.00432240163426279,1.0,-0.16142939698472247,0.059080846644874646,0.19581763586252657,0.7129278032092491,-0.142554554974075,-0.1360383779931374,-0.11411597739930421,0.10914406121093156,-0.055705181251215576,-0.07605512927199175,0.24732114401156108,0.53777968218556,-0.1831668430940152,0.007309984626962803,0.07960279858959456],[0.9855390378395499,0.9801130931727581,0.9855390378395499,0.9940683971901395,0.9940683971901395,0.9604862911308194,0.9604862911308194,0.8952774338854823,0.8952774338854823,0.5952622867990734,0.9969293303752105,0.5331226272096723,0.8940847814511927,0.977901804884707,0.9968456866260048,0.9624029854087552,0.9919601706143002,0.8654802972478919,0.8654802972478919,0.6798490870558741,-0.16142939698472247,1.0,0.2755853983270004,-0.2856771988614435,-0.16372567236236446,0.7582385476363067,0.915519071596571,0.9106064291748571,0.800333779996751,0.7339570801224365,0.7630978756020551,0.6198672488661283,0.4744332914351353,0.8911114037165951,0.7935152211766338,0.378206157085151],[0.34150935516432884,0.08107543004082225,0.34150935516432884,0.367757167446299,0.367757167446299,0.45271218784219885,0.45271218784219885,0.6451213700565412,0.6451213700565412,0.050838627233148526,0.9152624426487448,0.3669386111152785,0.8301794808024147,0.8841369059403442,0.9149424757563324,0.7557988339106874,0.9022504364342692,0.6578396441923198,0.6578396441923198,-0.24867388030918686,0.059080846644874646,0.2755853983270004,1.0,-0.49481997216951945,0.6796282263666595,0.45621504879689534,0.31075101143353473,0.4387964420011968,0.009425751980385436,0.18084810972822915,0.6533324956110595,0.5332800795638841,0.23016716676786073,0.16402245970554863,0.4790346571727936,0.5320178591962539],[-0.21290964987826935,-0.20841992518092642,-0.21290964987826935,-0.2432193978744554,-0.2432193978744554,-0.3628727852308928,-0.3628727852308928,-0.3989528429591968,-0.3989528429591968,0.04078380361283366,-0.5425388557557702,-0.1651187692750599,-0.6132608312248061,-0.6897505350302056,-0.5408499152329673,-0.48745068045777823,-0.5367905884392891,-0.29458039875489334,-0.29458039875489334,0.2389356239855774,0.19581763586252657,-0.2856771988614435,-0.49481997216951945,1.0,-0.04160376617064826,-0.2394641384998807,-0.26864008168911796,-0.33346158814471955,-0.11220669027294604,-0.14143894431831927,-0.5626347112314197,-0.2535422438281071,-0.055255575871520336,-0.13792112729552738,-0.2984254617786001,-0.4436105939680925],[-0.13699366740544602,-0.1356323802939634,-0.13699366740544602,-0.12685826276052156,-0.12685826276052156,-0.04726116329743105,-0.04726116329743105,0.06217923154416688,0.06217923154416688,-0.2348365031202187,0.6757286005458945,-0.19613534528679027,0.7463220633385308,0.7980519501124008,0.6750099287719253,-0.0046198212468674515,0.660526967800846,-0.07387696685278294,-0.07387696685278294,-0.6049263071208373,0.7129278032092491,-0.16372567236236446,0.6796282263666595,-0.04160376617064826,1.0,-0.0185591823259942,-0.04100903598190021,0.03328505526142622,-0.30810049489561386,-0.28931376272669784,0.1043904435651276,0.17360520035393573,0.2671888672902456,-0.294328297033276,0.13945371331989712,0.12438287716812747],[0.8633408097697935,0.7494265812424117,0.8633408097697935,0.8567991431329572,0.8567991431329572,0.9033782044001231,0.9033782044001231,0.8490795324582653,0.8490795324582653,0.6558721890280047,0.8655333732888638,0.6622096757213289,0.7724829757478235,0.8321540679018437,0.8660438466703534,0.9113767073637825,0.8937158472235424,0.8598119141941735,0.8598119141941735,0.408997283553111,-0.142554554974075,0.7582385476363067,0.45621504879689534,-0.2394641384998807,-0.0185591823259942,1.0,0.6845813363739853,0.8913596076554591,0.5452017707127584,0.6368942509768237,0.7028104529070508,0.6619816108206986,0.41261871708257714,0.7582314845605995,0.7893858028595853,0.530490112320385],[0.8945380621059859,0.8904348232117459,0.8945380621059859,0.9181809829111056,0.9181809829111056,0.8608124271542733,0.8608124271542733,0.7859958909895989,0.7859958909895989,0.3183431761395642,0.911314485508111,0.23320216514577122,0.8917999437607108,0.9567216969556108,0.9103320248698625,0.8487151364953934,0.8907703201177808,0.709104748959768,0.709104748959768,0.5481250103669285,-0.1360383779931374,0.915519071596571,0.31075101143353473,-0.26864008168911796,-0.04100903598190021,0.6845813363739853,1.0,0.8886657849692948,0.6197896861674594,0.5664631253593462,0.7249840314715774,0.4836943662976441,0.3617386339665342,0.7437379824184328,0.752994036689532,0.36660729606405756],[0.9208842226826504,0.9067991310927722,0.9208842226826504,0.9289327143825297,0.9289327143825297,0.9225767831964533,0.9225767831964533,0.8876947662299117,0.8876947662299117,0.5455204902480965,0.9408008486417248,0.4993263087176928,0.8951437266173018,0.956744801163205,0.9403986343477817,0.916138942617915,0.9395860726367828,0.83045988057216,0.83045988057216,0.49592840679759004,-0.11411597739930421,0.9106064291748571,0.4387964420011968,-0.33346158814471955,0.03328505526142622,0.8913596076554591,0.8886657849692948,1.0,0.6813007163420003,0.5878580898227034,0.7564068057196726,0.5819086818608405,0.4370352373909238,0.8003546917956182,0.8860816208295752,0.40844423922447376],[0.8718783872821709,0.8686861869286244,0.8718783872821709,0.8413990343475427,0.8413990343475427,0.8624563061975529,0.8624563061975529,0.8401768060668908,0.8401768060668908,0.7900531767200978,0.824107481213011,0.7547727458956437,0.6614917694848885,0.7256101557256023,0.8250651911248875,0.8696045721962994,0.8641255231977367,0.9102764563931479,0.9102764563931479,0.8478135990903196,0.10914406121093156,0.800333779996751,0.009425751980385436,-0.11220669027294604,-0.30810049489561386,0.5452017707127584,0.6197896861674594,0.6813007163420003,1.0,0.9158731696081568,0.6036436074895106,0.7203439006302923,0.671008298417543,0.8859413603217755,0.5717262425980739,0.38148614492125926],[0.7676281896819258,0.7734880092602359,0.7676281896819258,0.7557242524594517,0.7557242524594517,0.7471911316096355,0.7471911316096355,0.7656343932913505,0.7656343932913505,0.6646695808416455,0.7755542154102147,0.6779884377495864,0.5988789868173235,0.6496950572265813,0.776695485885813,0.7770852551589877,0.8018404828966472,0.8428823300935743,0.8428823300935743,0.7187708267117203,-0.055705181251215576,0.7339570801224365,0.18084810972822915,-0.14143894431831927,-0.28931376272669784,0.6368942509768237,0.5664631253593462,0.5878580898227034,0.9158731696081568,1.0,0.6261971186104663,0.7041413611555994,0.6185533389558289,0.7606101396902819,0.6247382370462525,0.5304290819021792],[0.7359776909744428,0.7305913191247378,0.7359776909744428,0.7614814248288571,0.7614814248288571,0.8489532731617838,0.8489532731617838,0.9155765700056536,0.9155765700056536,0.31137579022515577,0.954643851159826,0.44391869183261395,0.8775526978122719,0.9439643209880042,0.9543380934276197,0.9117158248970154,0.9476233629538751,0.8359697994075046,0.8359697994075046,0.24689369385690454,-0.07605512927199175,0.7630978756020551,0.6533324956110595,-0.5626347112314197,0.1043904435651276,0.7028104529070508,0.7249840314715774,0.7564068057196726,0.6036436074895106,0.6261971186104663,1.0,0.7423164098012043,0.3827974118799181,0.6350452218469558,0.7532598974898256,0.7801644786101727],[0.6554170312592957,0.6532598985455843,0.6554170312592957,0.6404055927475416,0.6404055927475416,0.7370689850087024,0.7370689850087024,0.7826434806185207,0.7826434806185207,0.5205851911575238,0.8098843024097651,0.6691771447463882,0.646568440135037,0.7306248937583243,0.8111169916476964,0.7790479906946822,0.8502971718175795,0.7760522805649721,0.7760522805649721,0.3660797209957914,0.24732114401156108,0.6198672488661283,0.5332800795638841,-0.2535422438281071,0.17360520035393573,0.6619816108206986,0.4836943662976441,0.5819086818608405,0.7203439006302923,0.7041413611555994,0.7423164098012043,1.0,0.7772189189830971,0.5643361001991967,0.7233030208659315,0.5981914343272566],[0.5639648260640812,0.5869663642544865,0.5639648260640812,0.5252526929832715,0.5252526929832715,0.6302677169581499,0.6302677169581499,0.6600288906110159,0.6600288906110159,0.5637488040652469,0.6397950062475094,0.6752672618401698,0.45901122591985577,0.4610396878582731,0.641417764938052,0.6834081663963086,0.6963613732974531,0.6815533204194426,0.6815533204194426,0.5788753808049525,0.53777968218556,0.4744332914351353,0.23016716676786073,-0.055255575871520336,0.2671888672902456,0.41261871708257714,0.3617386339665342,0.4370352373909238,0.671008298417543,0.6185533389558289,0.3827974118799181,0.7772189189830971,1.0,0.4987467878770288,0.6115011133894311,0.23733172460522922],[0.9232649411443912,0.922920720260101,0.9232649411443912,0.9041013850867431,0.9041013850867431,0.8794073928263749,0.8794073928263749,0.840236264837862,0.840236264837862,0.7361098036244864,0.8940586411748972,0.6759555565702268,0.7864706592866143,0.8563096108660708,0.8942731951816054,0.9004971462525152,0.9118945492493884,0.8774423909400573,0.8774423909400573,0.7887260294013749,-0.1831668430940152,0.8911114037165951,0.16402245970554863,-0.13792112729552738,-0.294328297033276,0.7582314845605995,0.7437379824184328,0.8003546917956182,0.8859413603217755,0.7606101396902819,0.6350452218469558,0.5643361001991967,0.4987467878770288,1.0,0.7923036664258798,0.3169063130557874],[0.9018994621548662,0.8037779252724813,0.9018994621548662,0.8981812310454883,0.8981812310454883,0.9176163286202965,0.9176163286202965,0.9013600246368947,0.9013600246368947,0.5389680786134177,0.9690388052271848,0.4951328775534001,0.8863586816683893,0.9647359539079818,0.9690942148315089,0.9154492720734999,0.97355903763303,0.8265726530578222,0.8265726530578222,0.5173271084698641,0.007309984626962803,0.7935152211766338,0.4790346571727936,-0.2984254617786001,0.13945371331989712,0.7893858028595853,0.752994036689532,0.8860816208295752,0.5717262425980739,0.6247382370462525,0.7532598974898256,0.7233030208659315,0.6115011133894311,0.7923036664258798,1.0,0.3746615229094207],[0.3741784016905722,0.3708453005005449,0.3741784016905722,0.39072497093708664,0.39072497093708664,0.6019356612505099,0.6019356612505099,0.8613306416362884,0.8613306416362884,0.17770903860508,0.873315388627142,0.549200642136577,0.8252895402246756,0.8821281624185145,0.8734675112025831,0.8571101860466164,0.8993774624369005,0.8816611158622032,0.8816611158622032,-0.03867105200696844,0.07960279858959456,0.378206157085151,0.5320178591962539,-0.4436105939680925,0.12438287716812747,0.530490112320385,0.36660729606405756,0.40844423922447376,0.38148614492125926,0.5304290819021792,0.7801644786101727,0.5981914343272566,0.23733172460522922,0.3169063130557874,0.3746615229094207,1.0]],"x":["^TAIEX       \u81fa\u7063\u52a0\u6b0a\u5831\u916c\u6307\u6578","^TWII        \u81fa\u7063\u52a0\u6b0a\u6307\u6578","^TAIEXx2     \u81fa\u7063\u52a0\u6b0a\u5831\u916c\u6307\u6578_\u65e5\u6b632","^TAI50I      \u81fa\u706350\u5831\u916c\u6307\u6578","^TAI50Ix2    \u81fa\u706350\u5831\u916c\u6307\u6578_\u65e5\u6b632","^TAI100I     \u81fa\u7063\u4e2d\u578b100\u5831\u916c\u6307\u6578","^TAI100Ix2   \u81fa\u7063\u4e2d\u578b100\u5831\u916c\u6307\u6578_\u65e5\u6b632","^TAIDIVIDI   \u81fa\u7063\u9ad8\u80a1\u606f\u5831\u916c\u6307\u6578","^TAIDIVIDIx2 \u81fa\u7063\u9ad8\u80a1\u606f\u5831\u916c\u6307\u6578_\u65e5\u6b632","0050Fund     \u5143\u5927\u53f0\u7063\u5353\u8d8a50\u57fa\u91d1","006208Fund   \u5bcc\u90a6\u53f0\u7063\u91c6\u540950\u57fa\u91d1","0050         \u5143\u5927\u81fa\u706350","00631L       \u5143\u5927\u53f0\u706350\u6b632","00675L       \u5bcc\u90a6\u81fa\u7063\u52a0\u6b0a\u6b632","006208       \u5bcc\u90a6\u53f050","0051         \u5143\u5927\u4e2d\u578b100","006204       \u6c38\u8c50\u81fa\u7063\u52a0\u6b0a","0056         \u5143\u5927\u9ad8\u80a1\u606f","0056         \u5143\u5927\u9ad8\u80a1\u606f_\u80a1\u606f\u4e0d\u6295\u5165","2412         \u4e2d\u83ef\u96fb\u4fe1","2002         \u4e2d\u92fc","2330         \u53f0\u7a4d\u96fb","2317         \u9d3b\u6d77","6505         \u53f0\u5851\u77f3\u5316","3481         \u7fa4\u5275","2303         \u806f\u96fb","2308         \u53f0\u9054\u96fb","2454         \u806f\u767c\u79d1","2886         \u5146\u8c50\u91d1","2884         \u7389\u5c71\u91d1","2891         \u4e2d\u4fe1\u91d1","2892         \u7b2c\u4e00\u91d1","5880         \u5408\u5eab\u91d1","2881         \u5bcc\u90a6\u91d1","2885         \u5143\u5927\u91d1","2887         \u53f0\u65b0\u91d1"],"y":["^TAIEX       \u81fa\u7063\u52a0\u6b0a\u5831\u916c\u6307\u6578","^TWII        \u81fa\u7063\u52a0\u6b0a\u6307\u6578","^TAIEXx2     \u81fa\u7063\u52a0\u6b0a\u5831\u916c\u6307\u6578_\u65e5\u6b632","^TAI50I      \u81fa\u706350\u5831\u916c\u6307\u6578","^TAI50Ix2    \u81fa\u706350\u5831\u916c\u6307\u6578_\u65e5\u6b632","^TAI100I     \u81fa\u7063\u4e2d\u578b100\u5831\u916c\u6307\u6578","^TAI100Ix2   \u81fa\u7063\u4e2d\u578b100\u5831\u916c\u6307\u6578_\u65e5\u6b632","^TAIDIVIDI   \u81fa\u7063\u9ad8\u80a1\u606f\u5831\u916c\u6307\u6578","^TAIDIVIDIx2 \u81fa\u7063\u9ad8\u80a1\u606f\u5831\u916c\u6307\u6578_\u65e5\u6b632","0050Fund     \u5143\u5927\u53f0\u7063\u5353\u8d8a50\u57fa\u91d1","006208Fund   \u5bcc\u90a6\u53f0\u7063\u91c6\u540950\u57fa\u91d1","0050         \u5143\u5927\u81fa\u706350","00631L       \u5143\u5927\u53f0\u706350\u6b632","00675L       \u5bcc\u90a6\u81fa\u7063\u52a0\u6b0a\u6b632","006208       \u5bcc\u90a6\u53f050","0051         \u5143\u5927\u4e2d\u578b100","006204       \u6c38\u8c50\u81fa\u7063\u52a0\u6b0a","0056         \u5143\u5927\u9ad8\u80a1\u606f","0056         \u5143\u5927\u9ad8\u80a1\u606f_\u80a1\u606f\u4e0d\u6295\u5165","2412         \u4e2d\u83ef\u96fb\u4fe1","2002         \u4e2d\u92fc","2330         \u53f0\u7a4d\u96fb","2317         \u9d3b\u6d77","6505         \u53f0\u5851\u77f3\u5316","3481         \u7fa4\u5275","2303         \u806f\u96fb","2308         \u53f0\u9054\u96fb","2454         \u806f\u767c\u79d1","2886         \u5146\u8c50\u91d1","2884         \u7389\u5c71\u91d1","2891         \u4e2d\u4fe1\u91d1","2892         \u7b2c\u4e00\u91d1","5880         \u5408\u5eab\u91d1","2881         \u5bcc\u90a6\u91d1","2885         \u5143\u5927\u91d1","2887         \u53f0\u65b0\u91d1"],"zmin":-1,"zmax":1,"colorbar":{"x":-0.2}}],"layout":{"autotypenumbers":"strict","colorway":["#636efa","#EF553B","#00cc96","#ab63fa","#FFA15A","#19d3f3","#FF6692","#B6E880","#FF97FF","#FECB52"],"font":{"color":"#f2f5fa","family":"Courier New"},"hovermode":"closest","hoverlabel":{"align":"left"},"paper_bgcolor":"rgb(17,17,17)","plot_bgcolor":"rgb(17,17,17)","polar":{"bgcolor":"rgb(17,17,17)","angularaxis":{"gridcolor":"#506784","linecolor":"#506784","ticks":""},"radialaxis":{"gridcolor":"#506784","linecolor":"#506784","ticks":""}},"ternary":{"bgcolor":"rgb(17,17,17)","aaxis":{"gridcolor":"#506784","linecolor":"#506784","ticks":""},"baxis":{"gridcolor":"#506784","linecolor":"#506784","ticks":""},"caxis":{"gridcolor":"#506784","linecolor":"#506784","ticks":""}},"coloraxis":{"colorbar":{"outlinewidth":0,"ticks":""}},"colorscale":{"sequential":[[0.0,"#0d0887"],[0.1111111111111111,"#46039f"],[0.2222222222222222,"#7201a8"],[0.3333333333333333,"#9c179e"],[0.4444444444444444,"#bd3786"],[0.5555555555555556,"#d8576b"],[0.6666666666666666,"#ed7953"],[0.7777777777777778,"#fb9f3a"],[0.8888888888888888,"#fdca26"],[1.0,"#f0f921"]],"sequentialminus":[[0.0,"#0d0887"],[0.1111111111111111,"#46039f"],[0.2222222222222222,"#7201a8"],[0.3333333333333333,"#9c179e"],[0.4444444444444444,"#bd3786"],[0.5555555555555556,"#d8576b"],[0.6666666666666666,"#ed7953"],[0.7777777777777778,"#fb9f3a"],[0.8888888888888888,"#fdca26"],[1.0,"#f0f921"]],"diverging":[[0,"#8e0152"],[0.1,"#c51b7d"],[0.2,"#de77ae"],[0.3,"#f1b6da"],[0.4,"#fde0ef"],[0.5,"#f7f7f7"],[0.6,"#e6f5d0"],[0.7,"#b8e186"],[0.8,"#7fbc41"],[0.9,"#4d9221"],[1,"#276419"]]},"xaxis":{"gridcolor":"rgba(0, 0, 0, 0)","linecolor":"#506784","ticks":"","title":{"standoff":15},"zerolinecolor":"#283442","automargin":true,"zerolinewidth":2,"tickfont":{"family":"Courier New","size":14},"side":"top","tickangle":-90},"yaxis":{"gridcolor":"rgba(0, 0, 0, 0)","linecolor":"#506784","ticks":"","title":{"standoff":15},"zerolinecolor":"#283442","automargin":true,"zerolinewidth":2,"tickfont":{"family":"Courier New"},"side":"right"},"scene":{"xaxis":{"backgroundcolor":"rgb(17,17,17)","gridcolor":"#506784","linecolor":"#506784","showbackground":true,"ticks":"","zerolinecolor":"#C8D4E3","gridwidth":2},"yaxis":{"backgroundcolor":"rgb(17,17,17)","gridcolor":"#506784","linecolor":"#506784","showbackground":true,"ticks":"","zerolinecolor":"#C8D4E3","gridwidth":2},"zaxis":{"backgroundcolor":"rgb(17,17,17)","gridcolor":"#506784","linecolor":"#506784","showbackground":true,"ticks":"","zerolinecolor":"#C8D4E3","gridwidth":2}},"shapedefaults":{"line":{"color":"#f2f5fa"}},"annotationdefaults":{"arrowcolor":"#f2f5fa","arrowhead":0,"arrowwidth":1},"geo":{"bgcolor":"rgb(17,17,17)","landcolor":"rgb(17,17,17)","subunitcolor":"#506784","showland":true,"showlakes":true,"lakecolor":"rgb(17,17,17)"},"title":{"x":0.05,"font":{"family":"Times New Roman"},"y":0.05,"text":"<b>Correlation of Close<b><br><i>2016-09-23 ~ 2026-07-09<i>"},"updatemenudefaults":{"bgcolor":"#506784","borderwidth":0},"sliderdefaults":{"bgcolor":"#C8D4E3","borderwidth":1,"bordercolor":"rgb(17,17,17)","tickwidth":0},"mapbox":{"style":"dark"},"annotations":[{"text":"<b>@zwindr<b>","textangle":0,"opacity":0.5,"font":{"color":"white","size":12},"xref":"paper","yref":"paper","xanchor":"left","yanchor":"bottom","x":1.0,"y":1.0,"showarrow":false}]},"config":{"responsive":true,"toImageButtonOptions":{"filename":"Correlation of Close_2016-09-23~2026-07-09","scale":5}}};Plotly.newPlot("correlationClose",correlationClose.data,correlationClose.layout||{},correlationClose.config);}else{console.log("style display is none => correlationClose");}