var element=document.getElementById("correlationClose");if(element.style.display!='none'){var correlationClose={"data":[{"type":"heatmap","z":[[1.0,0.9999999999999973,1.0,0.9949552070338333,0.9949552070338333,0.9711234917602067,0.9711234917602067,0.9130738572747404,0.9130738572747404,0.758785579288559,0.9949874990742296,0.7039982261487029,0.9903478084169556,0.9911121532691076,0.9950886693267221,0.9768168519485483,0.9992412739840375,0.9092341091650282,0.9092341091650282,0.7733994044639437,-0.18142514545606306,0.9799270741259749,0.23747430878145676,-0.1549637135468276,-0.2315014729849346,0.8212745337566321,0.9008776807618687,0.9251530310121374,0.9111279891298637,0.7874270955616908,0.6317036019102836,0.6515670252288092,0.6126093524992781,0.9323023452031489,0.859154356548146,0.24925099859505548],[0.9999999999999973,1.0,0.9999999999999976,0.9949226070050828,0.9949226070050828,0.9706799023520092,0.9706799023520092,0.9138086806057327,0.9138086806057327,0.7604118107393993,0.9949806769662765,0.7042832742607659,0.9900253433743873,0.990650673182668,0.9950990931645364,0.9764370173933209,0.9992417316880916,0.909118651647149,0.909118651647149,0.7907863119280405,0.02915861318181627,0.9726296998555376,0.004512824061687388,-0.1479725763538957,-0.23138291452116364,0.6655773923098709,0.8998563437487413,0.9041103750588785,0.9066958855864988,0.7959286996647545,0.6242174616818333,0.6491796093745811,0.637095081398167,0.9306415016681826,0.7297831996981412,0.24664496324715546],[1.0,0.9999999999999976,1.0,0.9949552070338333,0.9949552070338333,0.9711234917602067,0.9711234917602067,0.9130738572747404,0.9130738572747404,0.758785579288559,0.9949874990742296,0.7039982261487029,0.9903478084169556,0.9911121532691076,0.9950886693267221,0.9768168519485483,0.9992412739840375,0.9092341091650282,0.9092341091650282,0.7733994044639437,-0.18142514545606306,0.9799270741259749,0.23747430878145676,-0.1549637135468276,-0.2315014729849346,0.8212745337566321,0.9008776807618687,0.9251530310121374,0.9111279891298637,0.7874270955616908,0.6317036019102836,0.6515670252288092,0.6126093524992781,0.9323023452031489,0.859154356548146,0.24925099859505548],[0.9949552070338333,0.9949226070050828,0.9949552070338333,1.0,1.0,0.9584591850274006,0.9584591850274006,0.8957420872549701,0.8957420872549701,0.7207388643547283,0.999621067299552,0.6650693411270481,0.9924811742533424,0.990865340400554,0.9995725084805674,0.9595699554951603,0.9951120151793127,0.8803922103774496,0.8803922103774496,0.7431995431556757,-0.18925731285634126,0.9922076652883809,0.26626867237933793,-0.19079371973553177,-0.22774292682784802,0.8077885360538598,0.9202922275236142,0.9240602055645932,0.8887007541644752,0.7861717855749185,0.6614961139494892,0.6416982035805943,0.5780379757358808,0.9182072468616157,0.8506594458654897,0.263923154769176],[0.9949552070338333,0.9949226070050828,0.9949552070338333,1.0,1.0,0.9584591850274006,0.9584591850274006,0.8957420872549701,0.8957420872549701,0.7207388643547283,0.999621067299552,0.6650693411270481,0.9924811742533424,0.990865340400554,0.9995725084805674,0.9595699554951603,0.9951120151793127,0.8803922103774496,0.8803922103774496,0.7431995431556757,-0.18925731285634126,0.9922076652883809,0.26626867237933793,-0.19079371973553177,-0.22774292682784802,0.8077885360538598,0.9202922275236142,0.9240602055645932,0.8887007541644752,0.7861717855749185,0.6614961139494892,0.6416982035805943,0.5780379757358808,0.9182072468616157,0.8506594458654897,0.263923154769176],[0.9711234917602067,0.9706799023520092,0.9711234917602067,0.9584591850274006,0.9584591850274006,1.0,1.0,0.9372688465328686,0.9372688465328686,0.7381453255227803,0.957139921034063,0.7148094221353752,0.9634242865579993,0.9608184697029912,0.9571669688209372,0.9990812729123635,0.9770212872743921,0.9147606824705936,0.9147606824705936,0.654464649273719,-0.13611821740943145,0.9451628309583637,0.3756633115138267,-0.3255650949811409,-0.1134144939904879,0.8845694952006549,0.856664714230632,0.9407989167359793,0.8919726374823933,0.7572692850625994,0.7900956310011151,0.7461144123551012,0.6853189557022246,0.871852994765728,0.8849562529821675,0.5133212145485383],[0.9711234917602067,0.9706799023520092,0.9711234917602067,0.9584591850274006,0.9584591850274006,1.0,1.0,0.9372688465328686,0.9372688465328686,0.7381453255227803,0.957139921034063,0.7148094221353752,0.9634242865579993,0.9608184697029912,0.9571669688209372,0.9990812729123635,0.9770212872743921,0.9147606824705936,0.9147606824705936,0.654464649273719,-0.13611821740943145,0.9451628309583637,0.3756633115138267,-0.3255650949811409,-0.1134144939904879,0.8845694952006549,0.856664714230632,0.9407989167359793,0.8919726374823933,0.7572692850625994,0.7900956310011151,0.7461144123551012,0.6853189557022246,0.871852994765728,0.8849562529821675,0.5133212145485383],[0.9130738572747404,0.9138086806057327,0.9130738572747404,0.8957420872549701,0.8957420872549701,0.9372688465328686,0.9372688465328686,1.0,1.0,0.7070325943794967,0.9361981907665193,0.7169831395256939,0.926968218278499,0.9215863915947433,0.9363497419595089,0.9391624526121677,0.9466746492454521,0.9697473176626572,0.9697473176626572,0.6072599830661887,-0.015096242221129564,0.8617468135988785,0.5898065717511434,-0.3533300615504358,0.01266557828552603,0.8006795586580326,0.7528917075592502,0.8881907788166968,0.856795641529182,0.7727944375529506,0.8872134786637185,0.7913208388103966,0.7082346871940347,0.8126491700580302,0.8669415702545151,0.8225797449964237],[0.9130738572747404,0.9138086806057327,0.9130738572747404,0.8957420872549701,0.8957420872549701,0.9372688465328686,0.9372688465328686,1.0,1.0,0.7070325943794967,0.9361981907665193,0.7169831395256939,0.926968218278499,0.9215863915947433,0.9363497419595089,0.9391624526121677,0.9466746492454521,0.9697473176626572,0.9697473176626572,0.6072599830661887,-0.015096242221129564,0.8617468135988785,0.5898065717511434,-0.3533300615504358,0.01266557828552603,0.8006795586580326,0.7528917075592502,0.8881907788166968,0.856795641529182,0.7727944375529506,0.8872134786637185,0.7913208388103966,0.7082346871940347,0.8126491700580302,0.8669415702545151,0.8225797449964237],[0.758785579288559,0.7604118107393993,0.758785579288559,0.7207388643547283,0.7207388643547283,0.7381453255227803,0.7381453255227803,0.7070325943794967,0.7070325943794967,1.0,0.5840236694148265,0.9999696902597469,0.47902998593425655,0.3716384818233161,0.5861610212948438,0.733289988246157,0.6508566525874042,0.7963143168991839,0.7963143168991839,0.687168166874384,-0.09758609623757915,0.6886143728025237,0.035472033799337485,0.04968867752251874,-0.2429068820007688,0.765950325660096,0.4511721700626905,0.7236201957638858,0.8030624649632058,0.6723596293963566,0.33168012102627825,0.5230943715348919,0.5622550473411023,0.7716827355364615,0.6192623244856219,0.16814339998760916],[0.9949874990742296,0.9949806769662765,0.9949874990742296,0.999621067299552,0.999621067299552,0.957139921034063,0.957139921034063,0.9361981907665193,0.9361981907665193,0.5840236694148265,1.0,0.5838796312960886,0.9919194301234814,0.9905969934527571,0.9999395940204914,0.9549302811181725,0.9945462149358674,0.8894866365108196,0.8894866365108196,0.8506817103101234,-0.06224344940560186,0.9969868118027619,0.9057963530748006,-0.5369051034903545,0.44044253468693945,0.8140099533786721,0.8942630333242609,0.936780310807452,0.8781946502864765,0.8124150314709583,0.9332587035397993,0.8544690741239802,0.7338088758797697,0.9006683123795023,0.9517263716746536,0.8176316329608492],[0.7039982261487029,0.7042832742607659,0.7039982261487029,0.6650693411270481,0.6650693411270481,0.7148094221353752,0.7148094221353752,0.7169831395256939,0.7169831395256939,0.9999696902597469,0.5838796312960886,1.0,0.47710014891255936,0.3692694229970804,0.5848132730362209,0.7221005380684201,0.6495335675059412,0.7897732318163351,0.7897732318163351,0.6411175756463352,0.03279158923383201,0.635085138296727,0.39396222818527454,-0.1625759743293381,-0.23208851765805805,0.7914118838879468,0.34944583836959864,0.6906877917290337,0.7720118099016247,0.6917034290373624,0.520383259454309,0.6870985277731861,0.6773450767865573,0.7226345830759767,0.5953645871518154,0.627792189635287],[0.9903478084169556,0.9900253433743873,0.9903478084169556,0.9924811742533424,0.9924811742533424,0.9634242865579993,0.9634242865579993,0.926968218278499,0.926968218278499,0.47902998593425655,0.9919194301234814,0.47710014891255936,1.0,0.9998346893713068,0.9918051263330789,0.958677084514844,0.9890123199906985,0.8624681476229948,0.8624681476229948,0.8291256400846223,-0.04815875905057769,0.9915137015835931,0.9158215793331662,-0.6633961325655733,0.5161273069304894,0.7738107194029984,0.9158210596178522,0.9325463820474174,0.8478644006084836,0.7498688541965925,0.9333200011964744,0.818730291068989,0.6873604698276283,0.8760564231072487,0.9558595912660423,0.8419767140403267],[0.9911121532691076,0.990650673182668,0.9911121532691076,0.990865340400554,0.990865340400554,0.9608184697029912,0.9608184697029912,0.9215863915947433,0.9215863915947433,0.3716384818233161,0.9905969934527571,0.3692694229970804,0.9998346893713068,1.0,0.9906343415891872,0.9552522184051112,0.9891589956441649,0.8461711229707388,0.8461711229707388,0.8519305239653823,-0.16961283010351894,0.9889804407028792,0.9189991283744581,-0.8066449110975051,0.5518223692610401,0.7250899225866498,0.9225035644037523,0.9243447814861816,0.8282703729427318,0.6959995316191885,0.9394301818988824,0.8118923862011072,0.6205631373648596,0.8917083601488397,0.9568992363505597,0.8234230314339028],[0.9950886693267221,0.9950990931645364,0.9950886693267221,0.9995725084805674,0.9995725084805674,0.9571669688209372,0.9571669688209372,0.9363497419595089,0.9363497419595089,0.5861610212948438,0.9999395940204914,0.5848132730362209,0.9918051263330789,0.9906343415891872,1.0,0.9552154581100882,0.9946739930810357,0.8902041010559574,0.8902041010559574,0.8517837646510081,-0.0626725188796651,0.9968414254653121,0.9052588353604235,-0.5343694476658795,0.44249058368697025,0.8146533174525569,0.8926768851469533,0.9364022219621224,0.8785162741955345,0.8133493471456408,0.9329600704231201,0.8553866934232993,0.734560096701723,0.9005350791833787,0.9519224451678422,0.818742282004592],[0.9768168519485483,0.9764370173933209,0.9768168519485483,0.9595699554951603,0.9595699554951603,0.9990812729123635,0.9990812729123635,0.9391624526121677,0.9391624526121677,0.733289988246157,0.9549302811181725,0.7221005380684201,0.958677084514844,0.9552522184051112,0.9552154581100882,1.0,0.9766683106011036,0.9165732426641959,0.9165732426641959,0.7034796012315591,-0.12218717367387939,0.9488646614010348,0.6919154727381409,-0.45516365646013707,-0.14531540292444056,0.8958756494277698,0.8447207982451544,0.9374107366569556,0.8995647916283436,0.79147788243882,0.8772040365396095,0.7915925632963154,0.7420965630608327,0.8927647703754844,0.882132067932079,0.8158069419685622],[0.9992412739840375,0.9992417316880916,0.9992412739840375,0.9951120151793127,0.9951120151793127,0.9770212872743921,0.9770212872743921,0.9466746492454521,0.9466746492454521,0.6508566525874042,0.9945462149358674,0.6495335675059412,0.9890123199906985,0.9891589956441649,0.9946739930810357,0.9766683106011036,1.0,0.9187523510277179,0.9187523510277179,0.8638210083704102,-0.045698989133186575,0.9883352822952027,0.8794428651120407,-0.5197148079784212,0.45119405890444064,0.86061745346821,0.8794283221617214,0.9490392302912884,0.9112210411363977,0.833775548984215,0.9221319566629121,0.8880517245688231,0.7809939423819972,0.9157755285927622,0.9602516420837927,0.862109265640351],[0.9092341091650282,0.909118651647149,0.9092341091650282,0.8803922103774496,0.8803922103774496,0.9147606824705936,0.9147606824705936,0.9697473176626572,0.9697473176626572,0.7963143168991839,0.8894866365108196,0.7897732318163351,0.8624681476229948,0.8461711229707388,0.8902041010559574,0.9165732426641959,0.9187523510277179,1.0,1.0,0.7537274200850903,-0.06517705352134089,0.8450232510187757,0.5839363896000006,-0.23611743560960805,-0.19512411158166634,0.8370596709263999,0.6958372440684478,0.8448453685939421,0.920478269849446,0.8476783900454031,0.7997667245749981,0.76897922725604,0.7075274767480036,0.8549742989789079,0.7888990432276476,0.8589545754465623],[0.9092341091650282,0.909118651647149,0.9092341091650282,0.8803922103774496,0.8803922103774496,0.9147606824705936,0.9147606824705936,0.9697473176626572,0.9697473176626572,0.7963143168991839,0.8894866365108196,0.7897732318163351,0.8624681476229948,0.8461711229707388,0.8902041010559574,0.9165732426641959,0.9187523510277179,1.0,1.0,0.7537274200850903,-0.06517705352134089,0.8450232510187757,0.5839363896000006,-0.23611743560960805,-0.19512411158166634,0.8370596709263999,0.6958372440684478,0.8448453685939421,0.920478269849446,0.8476783900454031,0.7997667245749981,0.76897922725604,0.7075274767480036,0.8549742989789079,0.7888990432276476,0.8589545754465623],[0.7733994044639437,0.7907863119280405,0.7733994044639437,0.7431995431556757,0.7431995431556757,0.654464649273719,0.654464649273719,0.6072599830661887,0.6072599830661887,0.687168166874384,0.8506817103101234,0.6411175756463352,0.8291256400846223,0.8519305239653823,0.8517837646510081,0.7034796012315591,0.8638210083704102,0.7537274200850903,0.7537274200850903,1.0,0.018456595489571678,0.7038850080791936,-0.3182672335620683,0.28192726009590074,-0.6469877458411768,0.37865414200737363,0.6507020211140645,0.5302894788666583,0.8413450965339747,0.7054133686708698,0.16921396885812448,0.33454187940229246,0.5725962479514798,0.7877905681264598,0.501298526930931,-0.11301839270733438],[-0.18142514545606306,0.02915861318181627,-0.18142514545606306,-0.18925731285634126,-0.18925731285634126,-0.13611821740943145,-0.13611821740943145,-0.015096242221129564,-0.015096242221129564,-0.09758609623757915,-0.06224344940560186,0.03279158923383201,-0.04815875905057769,-0.16961283010351894,-0.0626725188796651,-0.12218717367387939,-0.045698989133186575,-0.06517705352134089,-0.06517705352134089,0.018456595489571678,1.0,-0.12463054679712705,0.08711832481462739,0.17436591129816514,0.7425170971507287,-0.10821554297416477,-0.0885718534960023,-0.04739730536040437,0.13909803017539699,-0.025487953610287516,-0.003218265603169753,0.2954185882868139,0.5542605298933397,-0.14763569575048846,0.07140234055160001,0.1320625838085916],[0.9799270741259749,0.9726296998555376,0.9799270741259749,0.9922076652883809,0.9922076652883809,0.9451628309583637,0.9451628309583637,0.8617468135988785,0.8617468135988785,0.6886143728025237,0.9969868118027619,0.635085138296727,0.9915137015835931,0.9889804407028792,0.9968414254653121,0.9488646614010348,0.9883352822952027,0.8450232510187757,0.8450232510187757,0.7038850080791936,-0.12463054679712705,1.0,0.1738371963111814,-0.2422073886471161,-0.26938227175337554,0.6766785016953338,0.926189786478266,0.9082051064855629,0.8325279567038191,0.7535935911647327,0.6645440587356014,0.6098882421882446,0.510482191120877,0.8961096036980875,0.7116140056269415,0.2484797398994989],[0.23747430878145676,0.004512824061687388,0.23747430878145676,0.26626867237933793,0.26626867237933793,0.3756633115138267,0.3756633115138267,0.5898065717511434,0.5898065717511434,0.035472033799337485,0.9057963530748006,0.39396222818527454,0.9158215793331662,0.9189991283744581,0.9052588353604235,0.6919154727381409,0.8794428651120407,0.5839363896000006,0.5839363896000006,-0.3182672335620683,0.08711832481462739,0.1738371963111814,1.0,-0.4765609066992022,0.6895941959282805,0.40490070246334514,0.20142346427142238,0.3643615196529731,-0.05100696367913837,0.12582012120939698,0.6231196893961799,0.5030473987037815,0.21389950813187672,0.06969975884353033,0.42721869282113584,0.490237664107449],[-0.1549637135468276,-0.1479725763538957,-0.1549637135468276,-0.19079371973553177,-0.19079371973553177,-0.3255650949811409,-0.3255650949811409,-0.3533300615504358,-0.3533300615504358,0.04968867752251874,-0.5369051034903545,-0.1625759743293381,-0.6633961325655733,-0.8066449110975051,-0.5343694476658795,-0.45516365646013707,-0.5197148079784212,-0.23611743560960805,-0.23611743560960805,0.28192726009590074,0.17436591129816514,-0.2422073886471161,-0.4765609066992022,1.0,-0.025023001040605473,-0.19541361944835497,-0.24119199985705939,-0.3343708818959015,-0.07662224529361093,-0.10867481979946358,-0.5759534833316458,-0.22668997847375244,-0.040070280188406936,-0.08871955486957185,-0.26057589232570033,-0.4246304802557165],[-0.2315014729849346,-0.23138291452116364,-0.2315014729849346,-0.22774292682784802,-0.22774292682784802,-0.1134144939904879,-0.1134144939904879,0.01266557828552603,0.01266557828552603,-0.2429068820007688,0.44044253468693945,-0.23208851765805805,0.5161273069304894,0.5518223692610401,0.44249058368697025,-0.14531540292444056,0.45119405890444064,-0.19512411158166634,-0.19512411158166634,-0.6469877458411768,0.7425170971507287,-0.26938227175337554,0.6895941959282805,-0.025023001040605473,1.0,-0.10513007226313717,-0.19251067003976452,-0.06484411399276928,-0.345978189654543,-0.32288361164745316,0.05876947927203072,0.15553623500589647,0.2603390792715754,-0.3661239029533646,0.10038375425125966,0.08525576085395298],[0.8212745337566321,0.6655773923098709,0.8212745337566321,0.8077885360538598,0.8077885360538598,0.8845694952006549,0.8845694952006549,0.8006795586580326,0.8006795586580326,0.765950325660096,0.8140099533786721,0.7914118838879468,0.7738107194029984,0.7250899225866498,0.8146533174525569,0.8958756494277698,0.86061745346821,0.8370596709263999,0.8370596709263999,0.37865414200737363,-0.10821554297416477,0.6766785016953338,0.40490070246334514,-0.19541361944835497,-0.10513007226313717,1.0,0.550923392775585,0.8464486503286828,0.51689783248817,0.6476705127483955,0.585403420266527,0.6738280446799743,0.4338120782463583,0.7231307662256107,0.7194042969694153,0.44428703029871863],[0.9008776807618687,0.8998563437487413,0.9008776807618687,0.9202922275236142,0.9202922275236142,0.856664714230632,0.856664714230632,0.7528917075592502,0.7528917075592502,0.4511721700626905,0.8942630333242609,0.34944583836959864,0.9158210596178522,0.9225035644037523,0.8926768851469533,0.8447207982451544,0.8794283221617214,0.6958372440684478,0.6958372440684478,0.6507020211140645,-0.0885718534960023,0.926189786478266,0.20142346427142238,-0.24119199985705939,-0.19251067003976452,0.550923392775585,1.0,0.8055782660190687,0.7255353398939368,0.6458803385537498,0.603838701997283,0.5090760153668324,0.4634444965824906,0.8049232898201321,0.6665292145745669,0.20079759205847483],[0.9251530310121374,0.9041103750588785,0.9251530310121374,0.9240602055645932,0.9240602055645932,0.9407989167359793,0.9407989167359793,0.8881907788166968,0.8881907788166968,0.7236201957638858,0.936780310807452,0.6906877917290337,0.9325463820474174,0.9243447814861816,0.9364022219621224,0.9374107366569556,0.9490392302912884,0.8448453685939421,0.8448453685939421,0.5302894788666583,-0.04739730536040437,0.9082051064855629,0.3643615196529731,-0.3343708818959015,-0.06484411399276928,0.8464486503286828,0.8055782660190687,1.0,0.7621771315440555,0.6382080234270155,0.6572530111767437,0.6242195950544238,0.531867307241673,0.8347567207516207,0.856521861980407,0.27201820679054656],[0.9111279891298637,0.9066958855864988,0.9111279891298637,0.8887007541644752,0.8887007541644752,0.8919726374823933,0.8919726374823933,0.856795641529182,0.856795641529182,0.8030624649632058,0.8781946502864765,0.7720118099016247,0.8478644006084836,0.8282703729427318,0.8785162741955345,0.8995647916283436,0.9112210411363977,0.920478269849446,0.920478269849446,0.8413450965339747,0.13909803017539699,0.8325279567038191,-0.05100696367913837,-0.07662224529361093,-0.345978189654543,0.51689783248817,0.7255353398939368,0.7621771315440555,1.0,0.9110710398745153,0.5748540950507899,0.7027859583570241,0.6696928691887318,0.8841216838797026,0.5386352682744396,0.32755008595761537],[0.7874270955616908,0.7959286996647545,0.7874270955616908,0.7861717855749185,0.7861717855749185,0.7572692850625994,0.7572692850625994,0.7727944375529506,0.7727944375529506,0.6723596293963566,0.8124150314709583,0.6917034290373624,0.7498688541965925,0.6959995316191885,0.8133493471456408,0.79147788243882,0.833775548984215,0.8476783900454031,0.8476783900454031,0.7054133686708698,-0.025487953610287516,0.7535935911647327,0.12582012120939698,-0.10867481979946358,-0.32288361164745316,0.6476705127483955,0.6458803385537498,0.6382080234270155,0.9110710398745153,1.0,0.6102966539462676,0.6868226962507821,0.6145085867854022,0.7488207793145463,0.6156071766951846,0.49603875568252065],[0.6317036019102836,0.6242174616818333,0.6317036019102836,0.6614961139494892,0.6614961139494892,0.7900956310011151,0.7900956310011151,0.8872134786637185,0.8872134786637185,0.33168012102627825,0.9332587035397993,0.520383259454309,0.9333200011964744,0.9394301818988824,0.9329600704231201,0.8772040365396095,0.9221319566629121,0.7997667245749981,0.7997667245749981,0.16921396885812448,-0.003218265603169753,0.6645440587356014,0.6231196893961799,-0.5759534833316458,0.05876947927203072,0.585403420266527,0.603838701997283,0.6572530111767437,0.5748540950507899,0.6102966539462676,1.0,0.7496399433926938,0.3894013874837055,0.5559767982839264,0.6488627993600198,0.7562453578166287],[0.6515670252288092,0.6491796093745811,0.6515670252288092,0.6416982035805943,0.6416982035805943,0.7461144123551012,0.7461144123551012,0.7913208388103966,0.7913208388103966,0.5230943715348919,0.8544690741239802,0.6870985277731861,0.818730291068989,0.8118923862011072,0.8553866934232993,0.7915925632963154,0.8880517245688231,0.76897922725604,0.76897922725604,0.33454187940229246,0.2954185882868139,0.6098882421882446,0.5030473987037815,-0.22668997847375244,0.15553623500589647,0.6738280446799743,0.5090760153668324,0.6242195950544238,0.7027859583570241,0.6868226962507821,0.7496399433926938,1.0,0.7791354741490747,0.5287281306706556,0.7386719852239437,0.5670266426668021],[0.6126093524992781,0.637095081398167,0.6126093524992781,0.5780379757358808,0.5780379757358808,0.6853189557022246,0.6853189557022246,0.7082346871940347,0.7082346871940347,0.5622550473411023,0.7338088758797697,0.6773450767865573,0.6873604698276283,0.6205631373648596,0.734560096701723,0.7420965630608327,0.7809939423819972,0.7075274767480036,0.7075274767480036,0.5725962479514798,0.5542605298933397,0.510482191120877,0.21389950813187672,-0.040070280188406936,0.2603390792715754,0.4338120782463583,0.4634444965824906,0.531867307241673,0.6696928691887318,0.6145085867854022,0.3894013874837055,0.7791354741490747,1.0,0.4994218810024053,0.6574494045896434,0.2166025872561103],[0.9323023452031489,0.9306415016681826,0.9323023452031489,0.9182072468616157,0.9182072468616157,0.871852994765728,0.871852994765728,0.8126491700580302,0.8126491700580302,0.7716827355364615,0.9006683123795023,0.7226345830759767,0.8760564231072487,0.8917083601488397,0.9005350791833787,0.8927647703754844,0.9157755285927622,0.8549742989789079,0.8549742989789079,0.7877905681264598,-0.14763569575048846,0.8961096036980875,0.06969975884353033,-0.08871955486957185,-0.3661239029533646,0.7231307662256107,0.8049232898201321,0.8347567207516207,0.8841216838797026,0.7488207793145463,0.5559767982839264,0.5287281306706556,0.4994218810024053,1.0,0.7603708390939355,0.21905813987802783],[0.859154356548146,0.7297831996981412,0.859154356548146,0.8506594458654897,0.8506594458654897,0.8849562529821675,0.8849562529821675,0.8669415702545151,0.8669415702545151,0.6192623244856219,0.9517263716746536,0.5953645871518154,0.9558595912660423,0.9568992363505597,0.9519224451678422,0.882132067932079,0.9602516420837927,0.7888990432276476,0.7888990432276476,0.501298526930931,0.07140234055160001,0.7116140056269415,0.42721869282113584,-0.26057589232570033,0.10038375425125966,0.7194042969694153,0.6665292145745669,0.856521861980407,0.5386352682744396,0.6156071766951846,0.6488627993600198,0.7386719852239437,0.6574494045896434,0.7603708390939355,1.0,0.24052250550156637],[0.24925099859505548,0.24664496324715546,0.24925099859505548,0.263923154769176,0.263923154769176,0.5133212145485383,0.5133212145485383,0.8225797449964237,0.8225797449964237,0.16814339998760916,0.8176316329608492,0.627792189635287,0.8419767140403267,0.8234230314339028,0.818742282004592,0.8158069419685622,0.862109265640351,0.8589545754465623,0.8589545754465623,-0.11301839270733438,0.1320625838085916,0.2484797398994989,0.490237664107449,-0.4246304802557165,0.08525576085395298,0.44428703029871863,0.20079759205847483,0.27201820679054656,0.32755008595761537,0.49603875568252065,0.7562453578166287,0.5670266426668021,0.2166025872561103,0.21905813987802783,0.24052250550156637,1.0]],"x":["^TAIEX       \u81fa\u7063\u52a0\u6b0a\u5831\u916c\u6307\u6578","^TWII        \u81fa\u7063\u52a0\u6b0a\u6307\u6578","^TAIEXx2     \u81fa\u7063\u52a0\u6b0a\u5831\u916c\u6307\u6578_\u65e5\u6b632","^TAI50I      \u81fa\u706350\u5831\u916c\u6307\u6578","^TAI50Ix2    \u81fa\u706350\u5831\u916c\u6307\u6578_\u65e5\u6b632","^TAI100I     \u81fa\u7063\u4e2d\u578b100\u5831\u916c\u6307\u6578","^TAI100Ix2   \u81fa\u7063\u4e2d\u578b100\u5831\u916c\u6307\u6578_\u65e5\u6b632","^TAIDIVIDI   \u81fa\u7063\u9ad8\u80a1\u606f\u5831\u916c\u6307\u6578","^TAIDIVIDIx2 \u81fa\u7063\u9ad8\u80a1\u606f\u5831\u916c\u6307\u6578_\u65e5\u6b632","0050Fund     \u5143\u5927\u53f0\u7063\u5353\u8d8a50\u57fa\u91d1","006208Fund   \u5bcc\u90a6\u53f0\u7063\u91c6\u540950\u57fa\u91d1","0050         \u5143\u5927\u81fa\u706350","00631L       \u5143\u5927\u53f0\u706350\u6b632","00675L       \u5bcc\u90a6\u81fa\u7063\u52a0\u6b0a\u6b632","006208       \u5bcc\u90a6\u53f050","0051         \u5143\u5927\u4e2d\u578b100","006204       \u6c38\u8c50\u81fa\u7063\u52a0\u6b0a","0056         \u5143\u5927\u9ad8\u80a1\u606f","0056         \u5143\u5927\u9ad8\u80a1\u606f_\u80a1\u606f\u4e0d\u6295\u5165","2412         \u4e2d\u83ef\u96fb\u4fe1","2002         \u4e2d\u92fc","2330         \u53f0\u7a4d\u96fb","2317         \u9d3b\u6d77","6505         \u53f0\u5851\u77f3\u5316","3481         \u7fa4\u5275","2303         \u806f\u96fb","2308         \u53f0\u9054\u96fb","2454         \u806f\u767c\u79d1","2886         \u5146\u8c50\u91d1","2884         \u7389\u5c71\u91d1","2891         \u4e2d\u4fe1\u91d1","2892         \u7b2c\u4e00\u91d1","5880         \u5408\u5eab\u91d1","2881         \u5bcc\u90a6\u91d1","2885         \u5143\u5927\u91d1","2887         \u53f0\u65b0\u91d1"],"y":["^TAIEX       \u81fa\u7063\u52a0\u6b0a\u5831\u916c\u6307\u6578","^TWII        \u81fa\u7063\u52a0\u6b0a\u6307\u6578","^TAIEXx2     \u81fa\u7063\u52a0\u6b0a\u5831\u916c\u6307\u6578_\u65e5\u6b632","^TAI50I      \u81fa\u706350\u5831\u916c\u6307\u6578","^TAI50Ix2    \u81fa\u706350\u5831\u916c\u6307\u6578_\u65e5\u6b632","^TAI100I     \u81fa\u7063\u4e2d\u578b100\u5831\u916c\u6307\u6578","^TAI100Ix2   \u81fa\u7063\u4e2d\u578b100\u5831\u916c\u6307\u6578_\u65e5\u6b632","^TAIDIVIDI   \u81fa\u7063\u9ad8\u80a1\u606f\u5831\u916c\u6307\u6578","^TAIDIVIDIx2 \u81fa\u7063\u9ad8\u80a1\u606f\u5831\u916c\u6307\u6578_\u65e5\u6b632","0050Fund     \u5143\u5927\u53f0\u7063\u5353\u8d8a50\u57fa\u91d1","006208Fund   \u5bcc\u90a6\u53f0\u7063\u91c6\u540950\u57fa\u91d1","0050         \u5143\u5927\u81fa\u706350","00631L       \u5143\u5927\u53f0\u706350\u6b632","00675L       \u5bcc\u90a6\u81fa\u7063\u52a0\u6b0a\u6b632","006208       \u5bcc\u90a6\u53f050","0051         \u5143\u5927\u4e2d\u578b100","006204       \u6c38\u8c50\u81fa\u7063\u52a0\u6b0a","0056         \u5143\u5927\u9ad8\u80a1\u606f","0056         \u5143\u5927\u9ad8\u80a1\u606f_\u80a1\u606f\u4e0d\u6295\u5165","2412         \u4e2d\u83ef\u96fb\u4fe1","2002         \u4e2d\u92fc","2330         \u53f0\u7a4d\u96fb","2317         \u9d3b\u6d77","6505         \u53f0\u5851\u77f3\u5316","3481         \u7fa4\u5275","2303         \u806f\u96fb","2308         \u53f0\u9054\u96fb","2454         \u806f\u767c\u79d1","2886         \u5146\u8c50\u91d1","2884         \u7389\u5c71\u91d1","2891         \u4e2d\u4fe1\u91d1","2892         \u7b2c\u4e00\u91d1","5880         \u5408\u5eab\u91d1","2881         \u5bcc\u90a6\u91d1","2885         \u5143\u5927\u91d1","2887         \u53f0\u65b0\u91d1"],"zmin":-1,"zmax":1,"colorbar":{"x":-0.2}}],"layout":{"autotypenumbers":"strict","colorway":["#636efa","#EF553B","#00cc96","#ab63fa","#FFA15A","#19d3f3","#FF6692","#B6E880","#FF97FF","#FECB52"],"font":{"color":"#f2f5fa","family":"Courier New"},"hovermode":"closest","hoverlabel":{"align":"left"},"paper_bgcolor":"rgb(17,17,17)","plot_bgcolor":"rgb(17,17,17)","polar":{"bgcolor":"rgb(17,17,17)","angularaxis":{"gridcolor":"#506784","linecolor":"#506784","ticks":""},"radialaxis":{"gridcolor":"#506784","linecolor":"#506784","ticks":""}},"ternary":{"bgcolor":"rgb(17,17,17)","aaxis":{"gridcolor":"#506784","linecolor":"#506784","ticks":""},"baxis":{"gridcolor":"#506784","linecolor":"#506784","ticks":""},"caxis":{"gridcolor":"#506784","linecolor":"#506784","ticks":""}},"coloraxis":{"colorbar":{"outlinewidth":0,"ticks":""}},"colorscale":{"sequential":[[0.0,"#0d0887"],[0.1111111111111111,"#46039f"],[0.2222222222222222,"#7201a8"],[0.3333333333333333,"#9c179e"],[0.4444444444444444,"#bd3786"],[0.5555555555555556,"#d8576b"],[0.6666666666666666,"#ed7953"],[0.7777777777777778,"#fb9f3a"],[0.8888888888888888,"#fdca26"],[1.0,"#f0f921"]],"sequentialminus":[[0.0,"#0d0887"],[0.1111111111111111,"#46039f"],[0.2222222222222222,"#7201a8"],[0.3333333333333333,"#9c179e"],[0.4444444444444444,"#bd3786"],[0.5555555555555556,"#d8576b"],[0.6666666666666666,"#ed7953"],[0.7777777777777778,"#fb9f3a"],[0.8888888888888888,"#fdca26"],[1.0,"#f0f921"]],"diverging":[[0,"#8e0152"],[0.1,"#c51b7d"],[0.2,"#de77ae"],[0.3,"#f1b6da"],[0.4,"#fde0ef"],[0.5,"#f7f7f7"],[0.6,"#e6f5d0"],[0.7,"#b8e186"],[0.8,"#7fbc41"],[0.9,"#4d9221"],[1,"#276419"]]},"xaxis":{"gridcolor":"rgba(0, 0, 0, 0)","linecolor":"#506784","ticks":"","title":{"standoff":15},"zerolinecolor":"#283442","automargin":true,"zerolinewidth":2,"tickfont":{"family":"Courier New","size":14},"side":"top","tickangle":-90},"yaxis":{"gridcolor":"rgba(0, 0, 0, 0)","linecolor":"#506784","ticks":"","title":{"standoff":15},"zerolinecolor":"#283442","automargin":true,"zerolinewidth":2,"tickfont":{"family":"Courier New"},"side":"right"},"scene":{"xaxis":{"backgroundcolor":"rgb(17,17,17)","gridcolor":"#506784","linecolor":"#506784","showbackground":true,"ticks":"","zerolinecolor":"#C8D4E3","gridwidth":2},"yaxis":{"backgroundcolor":"rgb(17,17,17)","gridcolor":"#506784","linecolor":"#506784","showbackground":true,"ticks":"","zerolinecolor":"#C8D4E3","gridwidth":2},"zaxis":{"backgroundcolor":"rgb(17,17,17)","gridcolor":"#506784","linecolor":"#506784","showbackground":true,"ticks":"","zerolinecolor":"#C8D4E3","gridwidth":2}},"shapedefaults":{"line":{"color":"#f2f5fa"}},"annotationdefaults":{"arrowcolor":"#f2f5fa","arrowhead":0,"arrowwidth":1},"geo":{"bgcolor":"rgb(17,17,17)","landcolor":"rgb(17,17,17)","subunitcolor":"#506784","showland":true,"showlakes":true,"lakecolor":"rgb(17,17,17)"},"title":{"x":0.05,"font":{"family":"Times New Roman"},"y":0.05,"text":"<b>Correlation of Close<b><br><i>2016-09-23 ~ 2026-03-17<i>"},"updatemenudefaults":{"bgcolor":"#506784","borderwidth":0},"sliderdefaults":{"bgcolor":"#C8D4E3","borderwidth":1,"bordercolor":"rgb(17,17,17)","tickwidth":0},"mapbox":{"style":"dark"},"annotations":[{"text":"<b>@zwindr<b>","textangle":0,"opacity":0.5,"font":{"color":"white","size":12},"xref":"paper","yref":"paper","xanchor":"left","yanchor":"bottom","x":1.0,"y":1.0,"showarrow":false}]},"config":{"responsive":true,"toImageButtonOptions":{"filename":"Correlation of Close_2016-09-23~2026-03-17","scale":5}}};Plotly.newPlot("correlationClose",correlationClose.data,correlationClose.layout||{},correlationClose.config);}else{console.log("style display is none => correlationClose");}