var config = { responsive: true }

var correlationClose = {"data": [{"type": "heatmap", "z": [[1.0, 0.999999999999998, 1.0, 0.9957157346216832, 0.9957157346216832, 0.9578675315856464, 0.9578675315856464, 0.8874577342965896, 0.8874577342965896, 0.9959207416982142, 0.9921362841323189, 0.9918880302807616, 0.9952546192657526, 0.9698005543318355, 0.9987788116877893, 0.929133098203936, 0.8065392494862528, 0.28019279790612045, 0.9773701123455056, 0.7997694441289673, 0.1193020142109239, -0.27710261338272635, 0.7601502712143845, 0.9458597822112446, 0.9168791991323851], [0.999999999999998, 1.0, 0.9999999999999982, 0.9956454814042086, 0.9956454814042086, 0.95718195959191, 0.95718195959191, 0.8890200858169894, 0.8890200858169894, 0.9958774978797645, 0.9918346226417167, 0.9912060965888062, 0.9952021202091584, 0.9689370300387823, 0.9987836132374249, 0.9298583397716846, 0.8148403734864115, 0.41211330163920135, 0.9698871861705803, 0.7714704979698759, 0.1272900028890635, -0.2767017152480056, 0.6545381235368158, 0.9466159377936195, 0.9230518928112015], [1.0, 0.9999999999999982, 1.0, 0.9957157346216832, 0.9957157346216832, 0.9578675315856464, 0.9578675315856464, 0.8874577342965896, 0.8874577342965896, 0.9959207416982142, 0.9921362841323189, 0.9918880302807616, 0.9952546192657526, 0.9698005543318355, 0.9987788116877893, 0.929133098203936, 0.8065392494862528, 0.28019279790612045, 0.9773701123455056, 0.7997694441289673, 0.1193020142109239, -0.27710261338272635, 0.7601502712143845, 0.9458597822112446, 0.9168791991323851], [0.9957157346216832, 0.9956454814042086, 0.9957157346216832, 1.0, 1.0, 0.9443285142914384, 0.9443285142914384, 0.872663777917724, 0.872663777917724, 0.9996095868146752, 0.9884972082970768, 0.9846227045966216, 0.9993286348301854, 0.9518841829211259, 0.9946074644328694, 0.9127741388899602, 0.7832389768971929, 0.2546493377332923, 0.9885354564352591, 0.792384277168133, 0.09136405813816238, -0.2819106750525059, 0.7703696228347074, 0.9340660878332352, 0.9167902254611141], [0.9957157346216832, 0.9956454814042086, 0.9957157346216832, 1.0, 1.0, 0.9443285142914384, 0.9443285142914384, 0.872663777917724, 0.872663777917724, 0.9996095868146752, 0.9884972082970768, 0.9846227045966216, 0.9993286348301854, 0.9518841829211259, 0.9946074644328694, 0.9127741388899602, 0.7832389768971929, 0.2546493377332923, 0.9885354564352591, 0.792384277168133, 0.09136405813816238, -0.2819106750525059, 0.7703696228347074, 0.9340660878332352, 0.9167902254611141], [0.9578675315856464, 0.95718195959191, 0.9578675315856464, 0.9443285142914384, 0.9443285142914384, 1.0, 1.0, 0.9171880838292019, 0.9171880838292019, 0.9481114769285762, 0.9755577885000556, 0.9744927590149984, 0.9492426175716668, 0.9989524540405419, 0.9702734912781764, 0.9194100830590883, 0.6748224433653287, 0.2157903184583879, 0.9280940729951155, 0.7242670477193677, -0.1146717269777252, -0.12656056047432748, 0.8708453426766785, 0.8989487865850719, 0.9190235318495403], [0.9578675315856464, 0.95718195959191, 0.9578675315856464, 0.9443285142914384, 0.9443285142914384, 1.0, 1.0, 0.9171880838292019, 0.9171880838292019, 0.9481114769285762, 0.9755577885000556, 0.9744927590149984, 0.9492426175716668, 0.9989524540405419, 0.9702734912781764, 0.9194100830590883, 0.6748224433653287, 0.2157903184583879, 0.9280940729951155, 0.7242670477193677, -0.1146717269777252, -0.12656056047432748, 0.8708453426766785, 0.8989487865850719, 0.9190235318495403], [0.8874577342965896, 0.8890200858169894, 0.8874577342965896, 0.872663777917724, 0.872663777917724, 0.9171880838292019, 0.9171880838292019, 1.0, 1.0, 0.894985847727635, 0.9432949916447696, 0.9381587275460731, 0.9330698896310035, 0.918189057902293, 0.9344875742754205, 0.9759363746674072, 0.6158133698074542, 0.26414079929017226, 0.8253467799680891, 0.7390517658089426, -0.14683329085011504, 0.021896587198302498, 0.7800289220249615, 0.7835301336135447, 0.8488598826158373], [0.8874577342965896, 0.8890200858169894, 0.8874577342965896, 0.872663777917724, 0.872663777917724, 0.9171880838292019, 0.9171880838292019, 1.0, 1.0, 0.894985847727635, 0.9432949916447696, 0.9381587275460731, 0.9330698896310035, 0.918189057902293, 0.9344875742754205, 0.9759363746674072, 0.6158133698074542, 0.26414079929017226, 0.8253467799680891, 0.7390517658089426, -0.14683329085011504, 0.021896587198302498, 0.7800289220249615, 0.7835301336135447, 0.8488598826158373], [0.9959207416982142, 0.9958774978797645, 0.9959207416982142, 0.9996095868146752, 0.9996095868146752, 0.9481114769285762, 0.9481114769285762, 0.894985847727635, 0.894985847727635, 1.0, 0.987156495413439, 0.9834552697342144, 0.9993781556113017, 0.9502654054752214, 0.99441683352945, 0.9123919189781767, 0.8240802107046741, 0.08856441750455232, 0.9915524056195222, 0.7890131271376848, -0.16921345630890117, -0.31398401456977565, 0.8862029941689498, 0.9280976663445473, 0.9028935055697092], [0.9921362841323189, 0.9918346226417167, 0.9921362841323189, 0.9884972082970768, 0.9884972082970768, 0.9755577885000556, 0.9755577885000556, 0.9432949916447696, 0.9432949916447696, 0.987156495413439, 1.0, 0.9996523673149367, 0.9883218162135028, 0.9740497097231978, 0.9888391892605651, 0.9257566161507884, 0.7889355686567053, 0.2782765619211039, 0.987389786148728, 0.7112510425560196, -0.5604550644217545, 0.2411960994503718, 0.8543112614350303, 0.929011918582766, 0.9545999074260751], [0.9918880302807616, 0.9912060965888062, 0.9918880302807616, 0.9846227045966216, 0.9846227045966216, 0.9744927590149984, 0.9744927590149984, 0.9381587275460731, 0.9381587275460731, 0.9834552697342144, 0.9996523673149367, 1.0, 0.9854816961170835, 0.971849828329054, 0.9871057881644275, 0.9145748240317325, 0.8123570833496611, 0.16356160642705797, 0.9823138746412496, 0.7162798454752513, -0.805957130654345, 0.28494804519178474, 0.813903273750225, 0.9358268520679051, 0.952569344844185], [0.9952546192657526, 0.9952021202091584, 0.9952546192657526, 0.9993286348301854, 0.9993286348301854, 0.9492426175716668, 0.9492426175716668, 0.9330698896310035, 0.9330698896310035, 0.9993781556113017, 0.9883218162135028, 0.9854816961170835, 1.0, 0.9508495492805262, 0.9937079727965784, 0.9347450528866084, 0.825238791629199, 0.27927982552712644, 0.9950803086071499, 0.753267967593453, -0.3327125716717499, 0.18704693367555594, 0.8777063024519444, 0.9059573256818517, 0.9330913144862419], [0.9698005543318355, 0.9689370300387823, 0.9698005543318355, 0.9518841829211259, 0.9518841829211259, 0.9989524540405419, 0.9989524540405419, 0.918189057902293, 0.918189057902293, 0.9502654054752214, 0.9740497097231978, 0.971849828329054, 0.9508495492805262, 1.0, 0.972569020463173, 0.9183421909239857, 0.7487051295487319, 0.1837938349479495, 0.9419313898051187, 0.7207970983320512, -0.2650395736940226, -0.20055482058109214, 0.9088820709057789, 0.9190139229631719, 0.9158647097371768], [0.9987788116877893, 0.9987836132374249, 0.9987788116877893, 0.9946074644328694, 0.9946074644328694, 0.9702734912781764, 0.9702734912781764, 0.9344875742754205, 0.9344875742754205, 0.99441683352945, 0.9888391892605651, 0.9871057881644275, 0.9937079727965784, 0.972569020463173, 1.0, 0.9464702177554073, 0.8326448907085922, 0.2867270524668157, 0.9868468981026894, 0.7390402306679009, -0.32475548870702486, 0.19747848091714645, 0.9069434921976214, 0.9260963752818996, 0.9389095205462773], [0.929133098203936, 0.9298583397716846, 0.929133098203936, 0.9127741388899602, 0.9127741388899602, 0.9194100830590883, 0.9194100830590883, 0.9759363746674072, 0.9759363746674072, 0.9123919189781767, 0.9257566161507884, 0.9145748240317325, 0.9347450528866084, 0.9183421909239857, 0.9464702177554073, 1.0, 0.7645252317850806, 0.2164247777075299, 0.8761767953036433, 0.7157047547328563, -0.055156641198985654, -0.2355081728038524, 0.8172103462345416, 0.8387476927920988, 0.8301606943141738], [0.8065392494862528, 0.8148403734864115, 0.8065392494862528, 0.7832389768971929, 0.7832389768971929, 0.6748224433653287, 0.6748224433653287, 0.6158133698074542, 0.6158133698074542, 0.8240802107046741, 0.7889355686567053, 0.8123570833496611, 0.825238791629199, 0.7487051295487319, 0.8326448907085922, 0.7645252317850806, 1.0, 0.5319560207634785, 0.7371175366791745, 0.7742000912912217, 0.5118499506152023, -0.581449535817973, 0.25772875116850685, 0.8268027853777943, 0.6472931651443747], [0.28019279790612045, 0.41211330163920135, 0.28019279790612045, 0.2546493377332923, 0.2546493377332923, 0.2157903184583879, 0.2157903184583879, 0.26414079929017226, 0.26414079929017226, 0.08856441750455232, 0.2782765619211039, 0.16356160642705797, 0.27927982552712644, 0.1837938349479495, 0.2867270524668157, 0.2164247777075299, 0.5319560207634785, 1.0, 0.26116669517785296, 0.5706767361909147, 0.380843398560473, 0.5536645994944988, 0.026723800172056045, 0.42586210683198744, 0.39878762758611913], [0.9773701123455056, 0.9698871861705803, 0.9773701123455056, 0.9885354564352591, 0.9885354564352591, 0.9280940729951155, 0.9280940729951155, 0.8253467799680891, 0.8253467799680891, 0.9915524056195222, 0.987389786148728, 0.9823138746412496, 0.9950803086071499, 0.9419313898051187, 0.9868468981026894, 0.8761767953036433, 0.7371175366791745, 0.26116669517785296, 1.0, 0.7340668478114236, 0.0345126184780525, -0.34751998140114676, 0.669025547895966, 0.9169244659823772, 0.9063919425057898], [0.7997694441289673, 0.7714704979698759, 0.7997694441289673, 0.792384277168133, 0.792384277168133, 0.7242670477193677, 0.7242670477193677, 0.7390517658089426, 0.7390517658089426, 0.7890131271376848, 0.7112510425560196, 0.7162798454752513, 0.753267967593453, 0.7207970983320512, 0.7390402306679009, 0.7157047547328563, 0.7742000912912217, 0.5706767361909147, 0.7340668478114236, 1.0, 0.22433011146227497, -0.04397963950496279, 0.22459535936199213, 0.8259038203002418, 0.7362964136859462], [0.1193020142109239, 0.1272900028890635, 0.1193020142109239, 0.09136405813816238, 0.09136405813816238, -0.1146717269777252, -0.1146717269777252, -0.14683329085011504, -0.14683329085011504, -0.16921345630890117, -0.5604550644217545, -0.805957130654345, -0.3327125716717499, -0.2650395736940226, -0.32475548870702486, -0.055156641198985654, 0.5118499506152023, 0.380843398560473, 0.0345126184780525, 0.22433011146227497, 1.0, -0.09423824180459132, -0.15490877913249698, 0.11299928943514752, -0.07906959486671525], [-0.27710261338272635, -0.2767017152480056, -0.27710261338272635, -0.2819106750525059, -0.2819106750525059, -0.12656056047432748, -0.12656056047432748, 0.021896587198302498, 0.021896587198302498, -0.31398401456977565, 0.2411960994503718, 0.28494804519178474, 0.18704693367555594, -0.20055482058109214, 0.19747848091714645, -0.2355081728038524, -0.581449535817973, 0.5536645994944988, -0.34751998140114676, -0.04397963950496279, -0.09423824180459132, 1.0, -0.05972869810392902, -0.34563329476772986, -0.07391158960006268], [0.7601502712143845, 0.6545381235368158, 0.7601502712143845, 0.7703696228347074, 0.7703696228347074, 0.8708453426766785, 0.8708453426766785, 0.7800289220249615, 0.7800289220249615, 0.8862029941689498, 0.8543112614350303, 0.813903273750225, 0.8777063024519444, 0.9088820709057789, 0.9069434921976214, 0.8172103462345416, 0.25772875116850685, 0.026723800172056045, 0.669025547895966, 0.22459535936199213, -0.15490877913249698, -0.05972869810392902, 1.0, 0.5293028257684628, 0.7301741295408578], [0.9458597822112446, 0.9466159377936195, 0.9458597822112446, 0.9340660878332352, 0.9340660878332352, 0.8989487865850719, 0.8989487865850719, 0.7835301336135447, 0.7835301336135447, 0.9280976663445473, 0.929011918582766, 0.9358268520679051, 0.9059573256818517, 0.9190139229631719, 0.9260963752818996, 0.8387476927920988, 0.8268027853777943, 0.42586210683198744, 0.9169244659823772, 0.8259038203002418, 0.11299928943514752, -0.34563329476772986, 0.5293028257684628, 1.0, 0.879254982441869], [0.9168791991323851, 0.9230518928112015, 0.9168791991323851, 0.9167902254611141, 0.9167902254611141, 0.9190235318495403, 0.9190235318495403, 0.8488598826158373, 0.8488598826158373, 0.9028935055697092, 0.9545999074260751, 0.952569344844185, 0.9330913144862419, 0.9158647097371768, 0.9389095205462773, 0.8301606943141738, 0.6472931651443747, 0.39878762758611913, 0.9063919425057898, 0.7362964136859462, -0.07906959486671525, -0.07391158960006268, 0.7301741295408578, 0.879254982441869, 1.0]], "x": ["^TAIEX       \u81fa\u7063\u52a0\u6b0a\u5831\u916c\u6307\u6578", "^TWII        \u81fa\u7063\u52a0\u6b0a\u6307\u6578", "^TAIEXx2     \u81fa\u7063\u52a0\u6b0a\u5831\u916c\u6307\u6578_\u65e5\u6b632", "^TAI50I      \u81fa\u706350\u5831\u916c\u6307\u6578", "^TAI50Ix2    \u81fa\u706350\u5831\u916c\u6307\u6578_\u65e5\u6b632", "^TAI100I     \u81fa\u7063\u4e2d\u578b100\u5831\u916c\u6307\u6578", "^TAI100Ix2   \u81fa\u7063\u4e2d\u578b100\u5831\u916c\u6307\u6578_\u65e5\u6b632", "^TAIDIVIDI   \u81fa\u7063\u9ad8\u80a1\u606f\u5831\u916c\u6307\u6578", "^TAIDIVIDIx2 \u81fa\u7063\u9ad8\u80a1\u606f\u5831\u916c\u6307\u6578_\u65e5\u6b632", "0050         \u5143\u5927\u81fa\u706350", "00631L       \u5143\u5927\u53f0\u706350\u6b632", "00675L       \u5bcc\u90a6\u81fa\u7063\u52a0\u6b0a\u6b632", "006208       \u5bcc\u90a6\u53f050", "0051         \u5143\u5927\u4e2d\u578b100", "006204       \u6c38\u8c50\u81fa\u7063\u52a0\u6b0a", "0056         \u5143\u5927\u9ad8\u80a1\u606f", "2412         \u4e2d\u83ef\u96fb\u4fe1", "2002         \u4e2d\u92fc", "2330         \u53f0\u7a4d\u96fb", "2317         \u9d3b\u6d77", "6505         \u53f0\u5851\u77f3\u5316", "3481         \u7fa4\u5275", "2303         \u806f\u96fb", "2308         \u53f0\u9054\u96fb", "2454         \u806f\u767c\u79d1"], "y": ["^TAIEX       \u81fa\u7063\u52a0\u6b0a\u5831\u916c\u6307\u6578", "^TWII        \u81fa\u7063\u52a0\u6b0a\u6307\u6578", "^TAIEXx2     \u81fa\u7063\u52a0\u6b0a\u5831\u916c\u6307\u6578_\u65e5\u6b632", "^TAI50I      \u81fa\u706350\u5831\u916c\u6307\u6578", "^TAI50Ix2    \u81fa\u706350\u5831\u916c\u6307\u6578_\u65e5\u6b632", "^TAI100I     \u81fa\u7063\u4e2d\u578b100\u5831\u916c\u6307\u6578", "^TAI100Ix2   \u81fa\u7063\u4e2d\u578b100\u5831\u916c\u6307\u6578_\u65e5\u6b632", "^TAIDIVIDI   \u81fa\u7063\u9ad8\u80a1\u606f\u5831\u916c\u6307\u6578", "^TAIDIVIDIx2 \u81fa\u7063\u9ad8\u80a1\u606f\u5831\u916c\u6307\u6578_\u65e5\u6b632", "0050         \u5143\u5927\u81fa\u706350", "00631L       \u5143\u5927\u53f0\u706350\u6b632", "00675L       \u5bcc\u90a6\u81fa\u7063\u52a0\u6b0a\u6b632", "006208       \u5bcc\u90a6\u53f050", "0051         \u5143\u5927\u4e2d\u578b100", "006204       \u6c38\u8c50\u81fa\u7063\u52a0\u6b0a", "0056         \u5143\u5927\u9ad8\u80a1\u606f", "2412         \u4e2d\u83ef\u96fb\u4fe1", "2002         \u4e2d\u92fc", "2330         \u53f0\u7a4d\u96fb", "2317         \u9d3b\u6d77", "6505         \u53f0\u5851\u77f3\u5316", "3481         \u7fa4\u5275", "2303         \u806f\u96fb", "2308         \u53f0\u9054\u96fb", "2454         \u806f\u767c\u79d1"], "zmin": -1, "zmax": 1, "colorbar": {"x": -0.2}}], "layout": {"title": {"text": "<b>Correlation of Close<b><br><i>2016/09/23 ~ 2025/04/22<i>", "y": 0.05, "font": {"family": "Times New Roman"}, "x": 0.05}, "xaxis": {"side": "top", "tickangle": -90, "gridcolor": "rgba(0, 0, 0, 0)", "tickfont": {"family": "Courier New", "size": 14}, "automargin": true}, "yaxis": {"side": "right", "gridcolor": "rgba(0, 0, 0, 0)", "tickfont": {"family": "Courier New"}, "automargin": true}, "height": 600, "font": {"family": "Courier New", "color": "#ffffff"}, "plot_bgcolor": "#000", "paper_bgcolor": "#000"}};

Plotly.newPlot("correlationClose",
    correlationClose.data,
    correlationClose.layout || {},
    config);