var config = { responsive: true }

var correlationClose = {"data": [{"type": "heatmap", "z": [[1.0, 0.999999999999998, 1.0, 0.9957154329946039, 0.9957154329946039, 0.9578029546432963, 0.9578029546432963, 0.8873025778461938, 0.8873025778461938, 0.995918089276219, 0.9921513335464356, 0.9919127252922634, 0.9952580147733532, 0.9697612198890128, 0.9987772636897843, 0.9291680734645572, 0.806315168344694, 0.28121123505108303, 0.9773613640474981, 0.7996150308968499, 0.12134746940462217, -0.2769011010931481, 0.7599402851280825, 0.9458009102263678, 0.9168501724662426], [0.999999999999998, 1.0, 0.9999999999999982, 0.9956448747290817, 0.9956448747290817, 0.9571173218322084, 0.9571173218322084, 0.8888707123640938, 0.8888707123640938, 0.9958762261495362, 0.9918411341202235, 0.9912166844690566, 0.9952038301899225, 0.9689155932416845, 0.9987829692294732, 0.9298792402412768, 0.8147422632124102, 0.41243563395417, 0.9698781433878583, 0.7713933229709891, 0.12828772447977738, -0.2766014565762632, 0.6544000491960633, 0.9465869318112152, 0.9230397372006105], [1.0, 0.9999999999999982, 1.0, 0.9957154329946039, 0.9957154329946039, 0.9578029546432963, 0.9578029546432963, 0.8873025778461938, 0.8873025778461938, 0.995918089276219, 0.9921513335464356, 0.9919127252922634, 0.9952580147733532, 0.9697612198890128, 0.9987772636897843, 0.9291680734645572, 0.806315168344694, 0.28121123505108303, 0.9773613640474981, 0.7996150308968499, 0.12134746940462217, -0.2769011010931481, 0.7599402851280825, 0.9458009102263678, 0.9168501724662426], [0.9957154329946039, 0.9956448747290817, 0.9957154329946039, 1.0, 1.0, 0.9442456707533939, 0.9442456707533939, 0.8724924631187606, 0.8724924631187606, 0.99960916432513, 0.9885465874087757, 0.9846907091858129, 0.9993277308847173, 0.9518282021940214, 0.9946029706920053, 0.9128397150198837, 0.7829937497170053, 0.255682759687966, 0.9885229657366664, 0.7922442612201501, 0.0935102956315138, -0.28171686130695434, 0.7701977645241527, 0.9340103397070832, 0.916685974011504], [0.9957154329946039, 0.9956448747290817, 0.9957154329946039, 1.0, 1.0, 0.9442456707533939, 0.9442456707533939, 0.8724924631187606, 0.8724924631187606, 0.99960916432513, 0.9885465874087757, 0.9846907091858129, 0.9993277308847173, 0.9518282021940214, 0.9946029706920053, 0.9128397150198837, 0.7829937497170053, 0.255682759687966, 0.9885229657366664, 0.7922442612201501, 0.0935102956315138, -0.28171686130695434, 0.7701977645241527, 0.9340103397070832, 0.916685974011504], [0.9578029546432963, 0.9571173218322084, 0.9578029546432963, 0.9442456707533939, 0.9442456707533939, 1.0, 1.0, 0.9170786843927858, 0.9170786843927858, 0.9480365969916756, 0.9755413245967944, 0.9744818256322203, 0.9491848083683858, 0.9989521846845306, 0.97023391168373, 0.9194236074729625, 0.674387087116958, 0.216974135215868, 0.9279992625623652, 0.7240099419866635, -0.11289780863323344, -0.12624280166147198, 0.8707601286771753, 0.8988253530329071, 0.9190254173083576], [0.9578029546432963, 0.9571173218322084, 0.9578029546432963, 0.9442456707533939, 0.9442456707533939, 1.0, 1.0, 0.9170786843927858, 0.9170786843927858, 0.9480365969916756, 0.9755413245967944, 0.9744818256322203, 0.9491848083683858, 0.9989521846845306, 0.97023391168373, 0.9194236074729625, 0.674387087116958, 0.216974135215868, 0.9279992625623652, 0.7240099419866635, -0.11289780863323344, -0.12624280166147198, 0.8707601286771753, 0.8988253530329071, 0.9190254173083576], [0.8873025778461938, 0.8888707123640938, 0.8873025778461938, 0.8724924631187606, 0.8724924631187606, 0.9170786843927858, 0.9170786843927858, 1.0, 1.0, 0.8948391319644193, 0.9432485557385722, 0.938122549821631, 0.9329777257811104, 0.9180809386497837, 0.9343921492476739, 0.9759890003321608, 0.6152925007396137, 0.2654070503555391, 0.8251084347681004, 0.7388143367882614, -0.14491144482750107, 0.022294698309038182, 0.7798334119086225, 0.7832689095075136, 0.8487731144673254], [0.8873025778461938, 0.8888707123640938, 0.8873025778461938, 0.8724924631187606, 0.8724924631187606, 0.9170786843927858, 0.9170786843927858, 1.0, 1.0, 0.8948391319644193, 0.9432485557385722, 0.938122549821631, 0.9329777257811104, 0.9180809386497837, 0.9343921492476739, 0.9759890003321608, 0.6152925007396137, 0.2654070503555391, 0.8251084347681004, 0.7388143367882614, -0.14491144482750107, 0.022294698309038182, 0.7798334119086225, 0.7832689095075136, 0.8487731144673254], [0.995918089276219, 0.9958762261495362, 0.995918089276219, 0.99960916432513, 0.99960916432513, 0.9480365969916756, 0.9480365969916756, 0.8948391319644193, 0.8948391319644193, 1.0, 0.9871754550633606, 0.9834825896771479, 0.9993782207030061, 0.9502324972320799, 0.9944135354463813, 0.9124220678056936, 0.8239359270727197, 0.08918693544315695, 0.9915512371024158, 0.7889375857868373, -0.1681063764654428, -0.3138834068422873, 0.8861707452234188, 0.9280617669238026, 0.9028389488984304], [0.9921513335464356, 0.9918411341202235, 0.9921513335464356, 0.9885465874087757, 0.9885465874087757, 0.9755413245967944, 0.9755413245967944, 0.9432485557385722, 0.9432485557385722, 0.9871754550633606, 1.0, 0.9996522514143669, 0.9883505857356356, 0.9740397131210526, 0.9888478511938458, 0.925762445016587, 0.7888889883205565, 0.2788610592120932, 0.9874472732551021, 0.7111671951734428, -0.5602902331421298, 0.241416703485996, 0.8542702365956101, 0.9289809651400827, 0.9547309228885413], [0.9919127252922634, 0.9912166844690566, 0.9919127252922634, 0.9846907091858129, 0.9846907091858129, 0.9744818256322203, 0.9744818256322203, 0.938122549821631, 0.938122549821631, 0.9834825896771479, 0.9996522514143669, 1.0, 0.9855223392842861, 0.9718418495176322, 0.9871195946856394, 0.9145939364704788, 0.8124585358642258, 0.16415297719116156, 0.9823890786477033, 0.716213120686832, -0.8064705880480442, 0.28515480479615546, 0.8138661241107614, 0.9358046111238933, 0.9527356489407223], [0.9952580147733532, 0.9952038301899225, 0.9952580147733532, 0.9993277308847173, 0.9993277308847173, 0.9491848083683858, 0.9491848083683858, 0.9329777257811104, 0.9329777257811104, 0.9993782207030061, 0.9883505857356356, 0.9855223392842861, 1.0, 0.9508256913953022, 0.9937062944085352, 0.934811576841041, 0.825071775219218, 0.2801206517402923, 0.9950797586503767, 0.7531967720040987, -0.33177748445968014, 0.18737432819121566, 0.8776964258907083, 0.9059156529193716, 0.9330631345487642], [0.9697612198890128, 0.9689155932416845, 0.9697612198890128, 0.9518282021940214, 0.9518282021940214, 0.9989521846845306, 0.9989521846845306, 0.9180809386497837, 0.9180809386497837, 0.9502324972320799, 0.9740397131210526, 0.9718418495176322, 0.9508256913953022, 1.0, 0.9725526675656785, 0.9183473362342142, 0.7485244462132257, 0.18439656492000356, 0.9419042598722132, 0.720676781833081, -0.2642059274589194, -0.20041178168363433, 0.9088494015987366, 0.9189666256440885, 0.915874140181124], [0.9987772636897843, 0.9987829692294732, 0.9987772636897843, 0.9946029706920053, 0.9946029706920053, 0.97023391168373, 0.97023391168373, 0.9343921492476739, 0.9343921492476739, 0.9944135354463813, 0.9888478511938458, 0.9871195946856394, 0.9937062944085352, 0.9725526675656785, 1.0, 0.9465085620808971, 0.8325094923564215, 0.2875120258957641, 0.986849558152763, 0.7389454158505492, -0.32390924060735976, 0.197781355285817, 0.9069282839757571, 0.9260595014079241, 0.9389220020319428], [0.9291680734645572, 0.9298792402412768, 0.9291680734645572, 0.9128397150198837, 0.9128397150198837, 0.9194236074729625, 0.9194236074729625, 0.9759890003321608, 0.9759890003321608, 0.9124220678056936, 0.925762445016587, 0.9145939364704788, 0.934811576841041, 0.9183473362342142, 0.9465085620808971, 1.0, 0.7644694104721717, 0.21681768951465502, 0.8762262577193186, 0.7156185207625666, -0.054450995598735355, -0.23541013622402798, 0.8171553888347631, 0.838706692855903, 0.8302875808289744], [0.806315168344694, 0.8147422632124102, 0.806315168344694, 0.7829937497170053, 0.7829937497170053, 0.674387087116958, 0.674387087116958, 0.6152925007396137, 0.6152925007396137, 0.8239359270727197, 0.7888889883205565, 0.8124585358642258, 0.825071775219218, 0.7485244462132257, 0.8325094923564215, 0.7644694104721717, 1.0, 0.5322442493616761, 0.7369758295332313, 0.7741174523698459, 0.513024875995128, -0.5814720784355208, 0.25742544916368837, 0.8267152089033113, 0.6470904024609575], [0.28121123505108303, 0.41243563395417, 0.28121123505108303, 0.255682759687966, 0.255682759687966, 0.216974135215868, 0.216974135215868, 0.2654070503555391, 0.2654070503555391, 0.08918693544315695, 0.2788610592120932, 0.16415297719116156, 0.2801206517402923, 0.18439656492000356, 0.2875120258957641, 0.21681768951465502, 0.5322442493616761, 1.0, 0.26150594371636265, 0.570881417390888, 0.3805801291713607, 0.5536350592848609, 0.026830209946964924, 0.426125865227798, 0.39942915399273504], [0.9773613640474981, 0.9698781433878583, 0.9773613640474981, 0.9885229657366664, 0.9885229657366664, 0.9279992625623652, 0.9279992625623652, 0.8251084347681004, 0.8251084347681004, 0.9915512371024158, 0.9874472732551021, 0.9823890786477033, 0.9950797586503767, 0.9419042598722132, 0.986849558152763, 0.8762262577193186, 0.7369758295332313, 0.26150594371636265, 1.0, 0.7339936911246364, 0.03560303769557614, -0.3474632966924772, 0.6689117995842009, 0.9168999081473477, 0.9062876188252597], [0.7996150308968499, 0.7713933229709891, 0.7996150308968499, 0.7922442612201501, 0.7922442612201501, 0.7240099419866635, 0.7240099419866635, 0.7388143367882614, 0.7388143367882614, 0.7889375857868373, 0.7111671951734428, 0.716213120686832, 0.7531967720040987, 0.720676781833081, 0.7389454158505492, 0.7156185207625666, 0.7741174523698459, 0.570881417390888, 0.7339936911246364, 1.0, 0.22507208367402173, -0.04384469072392024, 0.22434938153562375, 0.8258435100593468, 0.7362772560272455], [0.12134746940462217, 0.12828772447977738, 0.12134746940462217, 0.0935102956315138, 0.0935102956315138, -0.11289780863323344, -0.11289780863323344, -0.14491144482750107, -0.14491144482750107, -0.1681063764654428, -0.5602902331421298, -0.8064705880480442, -0.33177748445968014, -0.2642059274589194, -0.32390924060735976, -0.054450995598735355, 0.513024875995128, 0.3805801291713607, 0.03560303769557614, 0.22507208367402173, 1.0, -0.09469038482159603, -0.15439195645935277, 0.11384795750778244, -0.0778946808145103], [-0.2769011010931481, -0.2766014565762632, -0.2769011010931481, -0.28171686130695434, -0.28171686130695434, -0.12624280166147198, -0.12624280166147198, 0.022294698309038182, 0.022294698309038182, -0.3138834068422873, 0.241416703485996, 0.28515480479615546, 0.18737432819121566, -0.20041178168363433, 0.197781355285817, -0.23541013622402798, -0.5814720784355208, 0.5536350592848609, -0.3474632966924772, -0.04384469072392024, -0.09469038482159603, 1.0, -0.05958729711380783, -0.34555721425542096, -0.07366055702906395], [0.7599402851280825, 0.6544000491960633, 0.7599402851280825, 0.7701977645241527, 0.7701977645241527, 0.8707601286771753, 0.8707601286771753, 0.7798334119086225, 0.7798334119086225, 0.8861707452234188, 0.8542702365956101, 0.8138661241107614, 0.8776964258907083, 0.9088494015987366, 0.9069282839757571, 0.8171553888347631, 0.25742544916368837, 0.026830209946964924, 0.6689117995842009, 0.22434938153562375, -0.15439195645935277, -0.05958729711380783, 1.0, 0.5291150096687114, 0.730122865009597], [0.9458009102263678, 0.9465869318112152, 0.9458009102263678, 0.9340103397070832, 0.9340103397070832, 0.8988253530329071, 0.8988253530329071, 0.7832689095075136, 0.7832689095075136, 0.9280617669238026, 0.9289809651400827, 0.9358046111238933, 0.9059156529193716, 0.9189666256440885, 0.9260595014079241, 0.838706692855903, 0.8267152089033113, 0.426125865227798, 0.9168999081473477, 0.8258435100593468, 0.11384795750778244, -0.34555721425542096, 0.5291150096687114, 1.0, 0.8792513645379527], [0.9168501724662426, 0.9230397372006105, 0.9168501724662426, 0.916685974011504, 0.916685974011504, 0.9190254173083576, 0.9190254173083576, 0.8487731144673254, 0.8487731144673254, 0.9028389488984304, 0.9547309228885413, 0.9527356489407223, 0.9330631345487642, 0.915874140181124, 0.9389220020319428, 0.8302875808289744, 0.6470904024609575, 0.39942915399273504, 0.9062876188252597, 0.7362772560272455, -0.0778946808145103, -0.07366055702906395, 0.730122865009597, 0.8792513645379527, 1.0]], "x": ["^TAIEX       \u81fa\u7063\u52a0\u6b0a\u5831\u916c\u6307\u6578", "^TWII        \u81fa\u7063\u52a0\u6b0a\u6307\u6578", "^TAIEXx2     \u81fa\u7063\u52a0\u6b0a\u5831\u916c\u6307\u6578_\u65e5\u6b632", "^TAI50I      \u81fa\u706350\u5831\u916c\u6307\u6578", "^TAI50Ix2    \u81fa\u706350\u5831\u916c\u6307\u6578_\u65e5\u6b632", "^TAI100I     \u81fa\u7063\u4e2d\u578b100\u5831\u916c\u6307\u6578", "^TAI100Ix2   \u81fa\u7063\u4e2d\u578b100\u5831\u916c\u6307\u6578_\u65e5\u6b632", "^TAIDIVIDI   \u81fa\u7063\u9ad8\u80a1\u606f\u5831\u916c\u6307\u6578", "^TAIDIVIDIx2 \u81fa\u7063\u9ad8\u80a1\u606f\u5831\u916c\u6307\u6578_\u65e5\u6b632", "0050         \u5143\u5927\u81fa\u706350", "00631L       \u5143\u5927\u53f0\u706350\u6b632", "00675L       \u5bcc\u90a6\u81fa\u7063\u52a0\u6b0a\u6b632", "006208       \u5bcc\u90a6\u53f050", "0051         \u5143\u5927\u4e2d\u578b100", "006204       \u6c38\u8c50\u81fa\u7063\u52a0\u6b0a", "0056         \u5143\u5927\u9ad8\u80a1\u606f", "2412         \u4e2d\u83ef\u96fb\u4fe1", "2002         \u4e2d\u92fc", "2330         \u53f0\u7a4d\u96fb", "2317         \u9d3b\u6d77", "6505         \u53f0\u5851\u77f3\u5316", "3481         \u7fa4\u5275", "2303         \u806f\u96fb", "2308         \u53f0\u9054\u96fb", "2454         \u806f\u767c\u79d1"], "y": ["^TAIEX       \u81fa\u7063\u52a0\u6b0a\u5831\u916c\u6307\u6578", "^TWII        \u81fa\u7063\u52a0\u6b0a\u6307\u6578", "^TAIEXx2     \u81fa\u7063\u52a0\u6b0a\u5831\u916c\u6307\u6578_\u65e5\u6b632", "^TAI50I      \u81fa\u706350\u5831\u916c\u6307\u6578", "^TAI50Ix2    \u81fa\u706350\u5831\u916c\u6307\u6578_\u65e5\u6b632", "^TAI100I     \u81fa\u7063\u4e2d\u578b100\u5831\u916c\u6307\u6578", "^TAI100Ix2   \u81fa\u7063\u4e2d\u578b100\u5831\u916c\u6307\u6578_\u65e5\u6b632", "^TAIDIVIDI   \u81fa\u7063\u9ad8\u80a1\u606f\u5831\u916c\u6307\u6578", "^TAIDIVIDIx2 \u81fa\u7063\u9ad8\u80a1\u606f\u5831\u916c\u6307\u6578_\u65e5\u6b632", "0050         \u5143\u5927\u81fa\u706350", "00631L       \u5143\u5927\u53f0\u706350\u6b632", "00675L       \u5bcc\u90a6\u81fa\u7063\u52a0\u6b0a\u6b632", "006208       \u5bcc\u90a6\u53f050", "0051         \u5143\u5927\u4e2d\u578b100", "006204       \u6c38\u8c50\u81fa\u7063\u52a0\u6b0a", "0056         \u5143\u5927\u9ad8\u80a1\u606f", "2412         \u4e2d\u83ef\u96fb\u4fe1", "2002         \u4e2d\u92fc", "2330         \u53f0\u7a4d\u96fb", "2317         \u9d3b\u6d77", "6505         \u53f0\u5851\u77f3\u5316", "3481         \u7fa4\u5275", "2303         \u806f\u96fb", "2308         \u53f0\u9054\u96fb", "2454         \u806f\u767c\u79d1"], "zmin": -1, "zmax": 1, "colorbar": {"x": -0.2}}], "layout": {"title": {"text": "<b>Correlation of Close<b><br><i>2016/09/23 ~ 2025/04/18<i>", "y": 0.05, "font": {"family": "Times New Roman"}, "x": 0.05}, "xaxis": {"side": "top", "tickangle": -90, "gridcolor": "rgba(0, 0, 0, 0)", "tickfont": {"family": "Courier New", "size": 14}, "automargin": true}, "yaxis": {"side": "right", "gridcolor": "rgba(0, 0, 0, 0)", "tickfont": {"family": "Courier New"}, "automargin": true}, "height": 600, "font": {"family": "Courier New", "color": "#ffffff"}, "plot_bgcolor": "#000", "paper_bgcolor": "#000"}};

Plotly.newPlot("correlationClose",
    correlationClose.data,
    correlationClose.layout || {},
    config);