var config = { responsive: true }

var correlationClose = {"data": [{"type": "heatmap", "z": [[1.0, 0.9999999999999979, 1.0, 0.995716220592729, 0.995716220592729, 0.9581425040406766, 0.9581425040406766, 0.888158394712425, 0.888158394712425, 0.9959362538545236, 0.9921036516483137, 0.9918155701046685, 0.9952516554287562, 0.9699563646561674, 0.9987871165780121, 0.9286985979499409, 0.8073199585201476, 0.27641864520909604, 0.9774134874725441, 0.8004968335043569, 0.1113528429594353, -0.27783009081657417, 0.7609036095428225, 0.9461482601464476, 0.9172408155039136], [0.9999999999999979, 1.0, 0.9999999999999981, 0.9956472450026227, 0.9956472450026227, 0.9574583473853442, 0.9574583473853442, 0.8896960690209483, 0.8896960690209483, 0.9958957691040563, 0.9918041514960837, 0.9911344358814139, 0.9952006128558598, 0.9691220050944416, 0.9987929748316002, 0.9293465362708426, 0.8155763481605439, 0.40920490591722924, 0.969982958476842, 0.7723248106377968, 0.11827598175662829, -0.2775316062730633, 0.6556769990221383, 0.9469396518087982, 0.923423452665163], [1.0, 0.9999999999999981, 1.0, 0.995716220592729, 0.995716220592729, 0.9581425040406766, 0.9581425040406766, 0.888158394712425, 0.888158394712425, 0.9959362538545236, 0.9921036516483137, 0.9918155701046685, 0.9952516554287562, 0.9699563646561674, 0.9987871165780121, 0.9286985979499409, 0.8073199585201476, 0.27641864520909604, 0.9774134874725441, 0.8004968335043569, 0.1113528429594353, -0.27783009081657417, 0.7609036095428225, 0.9461482601464476, 0.9172408155039136], [0.995716220592729, 0.9956472450026227, 0.995716220592729, 1.0, 1.0, 0.9446720302601778, 0.9446720302601778, 0.8734409748597591, 0.8734409748597591, 0.9996104534387712, 0.9883336982881314, 0.9843845962127373, 0.9993339525158836, 0.9520984492227483, 0.9946156671110633, 0.9121524790718449, 0.784058894713804, 0.2508055579505031, 0.9885938991803446, 0.7930540242709404, 0.08300711947554441, -0.28259057577007374, 0.770931972270546, 0.9343574030468939, 0.9173940363850555], [0.995716220592729, 0.9956472450026227, 0.995716220592729, 1.0, 1.0, 0.9446720302601778, 0.9446720302601778, 0.8734409748597591, 0.8734409748597591, 0.9996104534387712, 0.9883336982881314, 0.9843845962127373, 0.9993339525158836, 0.9520984492227483, 0.9946156671110633, 0.9121524790718449, 0.784058894713804, 0.2508055579505031, 0.9885938991803446, 0.7930540242709404, 0.08300711947554441, -0.28259057577007374, 0.770931972270546, 0.9343574030468939, 0.9173940363850555], [0.9581425040406766, 0.9574583473853442, 0.9581425040406766, 0.9446720302601778, 0.9446720302601778, 1.0, 1.0, 0.917677772115843, 0.917677772115843, 0.9484260539097736, 0.9756746441509806, 0.9745987023110557, 0.9494815643413216, 0.9989524743421778, 0.9704446323312347, 0.9191453278914672, 0.6764841518812776, 0.2115031450825251, 0.9284815035663504, 0.7254802376512155, -0.12147877790300274, -0.12779246913187897, 0.8711037234407412, 0.8995301185859954, 0.9192358663748782], [0.9581425040406766, 0.9574583473853442, 0.9581425040406766, 0.9446720302601778, 0.9446720302601778, 1.0, 1.0, 0.917677772115843, 0.917677772115843, 0.9484260539097736, 0.9756746441509806, 0.9745987023110557, 0.9494815643413216, 0.9989524743421778, 0.9704446323312347, 0.9191453278914672, 0.6764841518812776, 0.2115031450825251, 0.9284815035663504, 0.7254802376512155, -0.12147877790300274, -0.12779246913187897, 0.8711037234407412, 0.8995301185859954, 0.9192358663748782], [0.888158394712425, 0.8896960690209483, 0.888158394712425, 0.8734409748597591, 0.8734409748597591, 0.917677772115843, 0.917677772115843, 1.0, 1.0, 0.8956493594231075, 0.9435697629667001, 0.9384145796972677, 0.9335036353957399, 0.9186602093963611, 0.9349242085539615, 0.9754775769285183, 0.6179275854411186, 0.25939708821199403, 0.8264340587390137, 0.7401968261877571, -0.15449279858447346, 0.020266704573958523, 0.7807528229421137, 0.7847599539480231, 0.8495459170237558], [0.888158394712425, 0.8896960690209483, 0.888158394712425, 0.8734409748597591, 0.8734409748597591, 0.917677772115843, 0.917677772115843, 1.0, 1.0, 0.8956493594231075, 0.9435697629667001, 0.9384145796972677, 0.9335036353957399, 0.9186602093963611, 0.9349242085539615, 0.9754775769285183, 0.6179275854411186, 0.25939708821199403, 0.8264340587390137, 0.7401968261877571, -0.15449279858447346, 0.020266704573958523, 0.7807528229421137, 0.7847599539480231, 0.8495459170237558], [0.9959362538545236, 0.9958957691040563, 0.9959362538545236, 0.9996104534387712, 0.9996104534387712, 0.9484260539097736, 0.9484260539097736, 0.8956493594231075, 0.8956493594231075, 1.0, 0.9870325139828589, 0.9832543626400398, 0.9993796421097133, 0.950544549630019, 0.9944452352378776, 0.9117609056509258, 0.8253292890821771, 0.08319436772771294, 0.9915661146688508, 0.7900521087525602, -0.17936918400735022, -0.314817851913467, 0.8862444849399572, 0.9285585874573892, 0.9036788321361909], [0.9921036516483137, 0.9918041514960837, 0.9921036516483137, 0.9883336982881314, 0.9883336982881314, 0.9756746441509806, 0.9756746441509806, 0.9435697629667001, 0.9435697629667001, 0.9870325139828589, 1.0, 0.9996540803981311, 0.9881208134865187, 0.9741903126632661, 0.9888289057606303, 0.9253454574549494, 0.7902073599747316, 0.27273244907801214, 0.9869110139269555, 0.7125276066420992, -0.5637459086069444, 0.23836146536668626, 0.8545071466078268, 0.9294216973457904, 0.9541072574664776], [0.9918155701046685, 0.9911344358814139, 0.9918155701046685, 0.9843845962127373, 0.9843845962127373, 0.9745987023110557, 0.9745987023110557, 0.9384145796972677, 0.9384145796972677, 0.9832543626400398, 0.9996540803981311, 1.0, 0.9851711617204492, 0.971984489588557, 0.9870594642590522, 0.913955706605414, 0.8128584484189596, 0.1577026350971876, 0.9816723648202549, 0.7173830184670897, -0.8043317586405131, 0.2821015439592879, 0.8140501491310447, 0.9361518732537625, 0.9519089731800967], [0.9952516554287562, 0.9952006128558598, 0.9952516554287562, 0.9993339525158836, 0.9993339525158836, 0.9494815643413216, 0.9494815643413216, 0.9335036353957399, 0.9335036353957399, 0.9993796421097133, 0.9881208134865187, 0.9851711617204492, 1.0, 0.9510103434242091, 0.9937194445684787, 0.9336546279845291, 0.8268714744486703, 0.271881749643039, 0.9950842301311964, 0.7544337223489788, -0.34170791597097055, 0.1833403026884837, 0.8774378455871774, 0.9065814136457009, 0.9336398629269148], [0.9699563646561674, 0.9691220050944416, 0.9699563646561674, 0.9520984492227483, 0.9520984492227483, 0.9989524743421778, 0.9989524743421778, 0.9186602093963611, 0.9186602093963611, 0.950544549630019, 0.9741903126632661, 0.971984489588557, 0.9510103434242091, 1.0, 0.9727007999885835, 0.9181537641239382, 0.7503247195296077, 0.1788355175711399, 0.9420989678661383, 0.722239010158114, -0.27240795485042996, -0.20183193868846228, 0.9090895627665978, 0.919535847656286, 0.9159378272263926], [0.9987871165780121, 0.9987929748316002, 0.9987871165780121, 0.9946156671110633, 0.9946156671110633, 0.9704446323312347, 0.9704446323312347, 0.9349242085539615, 0.9349242085539615, 0.9944452352378776, 0.9888289057606303, 0.9870594642590522, 0.9937194445684787, 0.9727007999885835, 1.0, 0.9457956027033882, 0.8340372846606685, 0.2799482128313787, 0.9867978054602871, 0.7403718186846885, -0.3328225040410736, 0.19411615204830585, 0.9068449417204478, 0.9265928067098858, 0.9391018507861857], [0.9286985979499409, 0.9293465362708426, 0.9286985979499409, 0.9121524790718449, 0.9121524790718449, 0.9191453278914672, 0.9191453278914672, 0.9754775769285183, 0.9754775769285183, 0.9117609056509258, 0.9253454574549494, 0.913955706605414, 0.9336546279845291, 0.9181537641239382, 0.9457956027033882, 1.0, 0.7650043692313211, 0.2134646816118218, 0.8752566540396273, 0.7164712144740875, -0.060810084562085066, -0.23634324729707515, 0.8176651258679429, 0.8388905831385289, 0.8289216523849682], [0.8073199585201476, 0.8155763481605439, 0.8073199585201476, 0.784058894713804, 0.784058894713804, 0.6764841518812776, 0.6764841518812776, 0.6179275854411186, 0.6179275854411186, 0.8253292890821771, 0.7902073599747316, 0.8128584484189596, 0.8268714744486703, 0.7503247195296077, 0.8340372846606685, 0.7650043692313211, 1.0, 0.5298047534642978, 0.7380981310123725, 0.7750337558643425, 0.5025758040747478, -0.5812951256884247, 0.26022518485295126, 0.8275208489114921, 0.6488549984216778], [0.27641864520909604, 0.40920490591722924, 0.27641864520909604, 0.2508055579505031, 0.2508055579505031, 0.2115031450825251, 0.2115031450825251, 0.25939708821199403, 0.25939708821199403, 0.08319436772771294, 0.27273244907801214, 0.1577026350971876, 0.271881749643039, 0.1788355175711399, 0.2799482128313787, 0.2134646816118218, 0.5298047534642978, 1.0, 0.2581561226120428, 0.5687567942795848, 0.38268487685390445, 0.553948383149609, 0.025961021205307626, 0.42341692861108593, 0.3936302330045765], [0.9774134874725441, 0.969982958476842, 0.9774134874725441, 0.9885938991803446, 0.9885938991803446, 0.9284815035663504, 0.9284815035663504, 0.8264340587390137, 0.8264340587390137, 0.9915661146688508, 0.9869110139269555, 0.9816723648202549, 0.9950842301311964, 0.9420989678661383, 0.9867978054602871, 0.8752566540396273, 0.7380981310123725, 0.2581561226120428, 1.0, 0.7349515594933858, 0.02470913206580163, -0.3478439524222267, 0.6698101525830435, 0.9172435329980304, 0.9074758846047865], [0.8004968335043569, 0.7723248106377968, 0.8004968335043569, 0.7930540242709404, 0.7930540242709404, 0.7254802376512155, 0.7254802376512155, 0.7401968261877571, 0.7401968261877571, 0.7900521087525602, 0.7125276066420992, 0.7173830184670897, 0.7544337223489788, 0.722239010158114, 0.7403718186846885, 0.7164712144740875, 0.7750337558643425, 0.5687567942795848, 0.7349515594933858, 1.0, 0.21732630194933847, -0.04535499513317347, 0.22696505549395132, 0.8265743097503906, 0.736992962855264], [0.1113528429594353, 0.11827598175662829, 0.1113528429594353, 0.08300711947554441, 0.08300711947554441, -0.12147877790300274, -0.12147877790300274, -0.15449279858447346, -0.15449279858447346, -0.17936918400735022, -0.5637459086069444, -0.8043317586405131, -0.34170791597097055, -0.27240795485042996, -0.3328225040410736, -0.060810084562085066, 0.5025758040747478, 0.38268487685390445, 0.02470913206580163, 0.21732630194933847, 1.0, -0.09062659942514245, -0.15909583515066986, 0.10512853553871938, -0.08871907986592219], [-0.27783009081657417, -0.2775316062730633, -0.27783009081657417, -0.28259057577007374, -0.28259057577007374, -0.12779246913187897, -0.12779246913187897, 0.020266704573958523, 0.020266704573958523, -0.314817851913467, 0.23836146536668626, 0.2821015439592879, 0.1833403026884837, -0.20183193868846228, 0.19411615204830585, -0.23634324729707515, -0.5812951256884247, 0.553948383149609, -0.3478439524222267, -0.04535499513317347, -0.09062659942514245, 1.0, -0.06091534321663951, -0.3462231786908186, -0.07604835929984], [0.7609036095428225, 0.6556769990221383, 0.7609036095428225, 0.770931972270546, 0.770931972270546, 0.8711037234407412, 0.8711037234407412, 0.7807528229421137, 0.7807528229421137, 0.8862444849399572, 0.8545071466078268, 0.8140501491310447, 0.8774378455871774, 0.9090895627665978, 0.9068449417204478, 0.8176651258679429, 0.26022518485295126, 0.025961021205307626, 0.6698101525830435, 0.22696505549395132, -0.15909583515066986, -0.06091534321663951, 1.0, 0.53099671644233, 0.7305360289972683], [0.9461482601464476, 0.9469396518087982, 0.9461482601464476, 0.9343574030468939, 0.9343574030468939, 0.8995301185859954, 0.8995301185859954, 0.7847599539480231, 0.7847599539480231, 0.9285585874573892, 0.9294216973457904, 0.9361518732537625, 0.9065814136457009, 0.919535847656286, 0.9265928067098858, 0.8388905831385289, 0.8275208489114921, 0.42341692861108593, 0.9172435329980304, 0.8265743097503906, 0.10512853553871938, -0.3462231786908186, 0.53099671644233, 1.0, 0.8796824380515453], [0.9172408155039136, 0.923423452665163, 0.9172408155039136, 0.9173940363850555, 0.9173940363850555, 0.9192358663748782, 0.9192358663748782, 0.8495459170237558, 0.8495459170237558, 0.9036788321361909, 0.9541072574664776, 0.9519089731800967, 0.9336398629269148, 0.9159378272263926, 0.9391018507861857, 0.8289216523849682, 0.6488549984216778, 0.3936302330045765, 0.9074758846047865, 0.736992962855264, -0.08871907986592219, -0.07604835929984, 0.7305360289972683, 0.8796824380515453, 1.0]], "x": ["^TAIEX       \u81fa\u7063\u52a0\u6b0a\u5831\u916c\u6307\u6578", "^TWII        \u81fa\u7063\u52a0\u6b0a\u6307\u6578", "^TAIEXx2     \u81fa\u7063\u52a0\u6b0a\u5831\u916c\u6307\u6578_\u65e5\u6b632", "^TAI50I      \u81fa\u706350\u5831\u916c\u6307\u6578", "^TAI50Ix2    \u81fa\u706350\u5831\u916c\u6307\u6578_\u65e5\u6b632", "^TAI100I     \u81fa\u7063\u4e2d\u578b100\u5831\u916c\u6307\u6578", "^TAI100Ix2   \u81fa\u7063\u4e2d\u578b100\u5831\u916c\u6307\u6578_\u65e5\u6b632", "^TAIDIVIDI   \u81fa\u7063\u9ad8\u80a1\u606f\u5831\u916c\u6307\u6578", "^TAIDIVIDIx2 \u81fa\u7063\u9ad8\u80a1\u606f\u5831\u916c\u6307\u6578_\u65e5\u6b632", "0050         \u5143\u5927\u81fa\u706350", "00631L       \u5143\u5927\u53f0\u706350\u6b632", "00675L       \u5bcc\u90a6\u81fa\u7063\u52a0\u6b0a\u6b632", "006208       \u5bcc\u90a6\u53f050", "0051         \u5143\u5927\u4e2d\u578b100", "006204       \u6c38\u8c50\u81fa\u7063\u52a0\u6b0a", "0056         \u5143\u5927\u9ad8\u80a1\u606f", "2412         \u4e2d\u83ef\u96fb\u4fe1", "2002         \u4e2d\u92fc", "2330         \u53f0\u7a4d\u96fb", "2317         \u9d3b\u6d77", "6505         \u53f0\u5851\u77f3\u5316", "3481         \u7fa4\u5275", "2303         \u806f\u96fb", "2308         \u53f0\u9054\u96fb", "2454         \u806f\u767c\u79d1"], "y": ["^TAIEX       \u81fa\u7063\u52a0\u6b0a\u5831\u916c\u6307\u6578", "^TWII        \u81fa\u7063\u52a0\u6b0a\u6307\u6578", "^TAIEXx2     \u81fa\u7063\u52a0\u6b0a\u5831\u916c\u6307\u6578_\u65e5\u6b632", "^TAI50I      \u81fa\u706350\u5831\u916c\u6307\u6578", "^TAI50Ix2    \u81fa\u706350\u5831\u916c\u6307\u6578_\u65e5\u6b632", "^TAI100I     \u81fa\u7063\u4e2d\u578b100\u5831\u916c\u6307\u6578", "^TAI100Ix2   \u81fa\u7063\u4e2d\u578b100\u5831\u916c\u6307\u6578_\u65e5\u6b632", "^TAIDIVIDI   \u81fa\u7063\u9ad8\u80a1\u606f\u5831\u916c\u6307\u6578", "^TAIDIVIDIx2 \u81fa\u7063\u9ad8\u80a1\u606f\u5831\u916c\u6307\u6578_\u65e5\u6b632", "0050         \u5143\u5927\u81fa\u706350", "00631L       \u5143\u5927\u53f0\u706350\u6b632", "00675L       \u5bcc\u90a6\u81fa\u7063\u52a0\u6b0a\u6b632", "006208       \u5bcc\u90a6\u53f050", "0051         \u5143\u5927\u4e2d\u578b100", "006204       \u6c38\u8c50\u81fa\u7063\u52a0\u6b0a", "0056         \u5143\u5927\u9ad8\u80a1\u606f", "2412         \u4e2d\u83ef\u96fb\u4fe1", "2002         \u4e2d\u92fc", "2330         \u53f0\u7a4d\u96fb", "2317         \u9d3b\u6d77", "6505         \u53f0\u5851\u77f3\u5316", "3481         \u7fa4\u5275", "2303         \u806f\u96fb", "2308         \u53f0\u9054\u96fb", "2454         \u806f\u767c\u79d1"], "zmin": -1, "zmax": 1, "colorbar": {"x": -0.2}}], "layout": {"title": {"text": "<b>Correlation of Close<b><br><i>2016/09/23 ~ 2025/05/02<i>", "y": 0.05, "font": {"family": "Times New Roman"}, "x": 0.05}, "xaxis": {"side": "top", "tickangle": -90, "gridcolor": "rgba(0, 0, 0, 0)", "tickfont": {"family": "Courier New", "size": 14}, "automargin": true}, "yaxis": {"side": "right", "gridcolor": "rgba(0, 0, 0, 0)", "tickfont": {"family": "Courier New"}, "automargin": true}, "height": 600, "font": {"family": "Courier New", "color": "#ffffff"}, "plot_bgcolor": "#000", "paper_bgcolor": "#000"}};

Plotly.newPlot("correlationClose",
    correlationClose.data,
    correlationClose.layout || {},
    config);