var element=document.getElementById("correlationClose");if(element.style.display!='none'){var correlationClose={"data":[{"type":"heatmap","z":[[1.0,0.9999999999999979,1.0,0.9950421499817553,0.9950421499817553,0.9679857533710616,0.9679857533710616,0.9090743379453833,0.9090743379453833,0.8063159627749225,0.9946477906625558,0.7613679397197224,0.9921901120923012,0.9925307072550631,0.9947236672587759,0.9751386209152771,0.9991369031628526,0.9157792967136692,0.9157792967136692,0.7803355353617193,-0.1598058020339435,0.9787987922325952,0.19590135719160626,-0.1258694860888373,-0.24790202086507698,0.8142854753966056,0.9062615528370003,0.9178296864413894,0.9227881257810202,0.7847865620226506,0.5878473692925773,0.6447586813091024,0.62631252505026,0.9357601873722884,0.8434283152016464,0.20743870141393064],[0.9999999999999979,1.0,0.9999999999999981,0.9950118051290124,0.9950118051290124,0.9674893588213597,0.9674893588213597,0.9099424248885414,0.9099424248885414,0.8078583051278413,0.9946413220417346,0.7615308144491016,0.9918613130143921,0.9920032003557863,0.9947294630671822,0.9746457166619433,0.9991382085706645,0.9158350465436172,0.9158350465436172,0.7983828464858669,0.05226616538288891,0.9709973663873867,-0.022154643775989073,-0.11877954053692447,-0.24776372433475166,0.6513313269294905,0.9066802454654538,0.8946771571062088,0.9175548653290724,0.7946054577652798,0.5800503542878312,0.6422388231737777,0.6511949621484052,0.9336188061934437,0.7054997514533516,0.20478423511643448],[1.0,0.9999999999999981,1.0,0.9950421499817553,0.9950421499817553,0.9679857533710616,0.9679857533710616,0.9090743379453833,0.9090743379453833,0.8063159627749225,0.9946477906625558,0.7613679397197224,0.9921901120923012,0.9925307072550631,0.9947236672587759,0.9751386209152771,0.9991369031628526,0.9157792967136692,0.9157792967136692,0.7803355353617193,-0.1598058020339435,0.9787987922325952,0.19590135719160626,-0.1258694860888373,-0.24790202086507698,0.8142854753966056,0.9062615528370003,0.9178296864413894,0.9227881257810202,0.7847865620226506,0.5878473692925773,0.6447586813091024,0.62631252505026,0.9357601873722884,0.8434283152016464,0.20743870141393064],[0.9950421499817553,0.9950118051290124,0.9950421499817553,1.0,1.0,0.9548059169085216,0.9548059169085216,0.8927799246999322,0.8927799246999322,0.7762924752436838,0.9995675061971474,0.7297136103732094,0.9918775062749922,0.9894006225897298,0.9995221001922994,0.9575137202134608,0.9948335576680298,0.8897384918268881,0.8897384918268881,0.7533656210068854,-0.16814041384579556,0.9911950432326332,0.22401914837668566,-0.1624121890502134,-0.2470142326995303,0.8030237884763828,0.9206244732443936,0.9178357214702539,0.905056244195193,0.7877277208930891,0.6174460584790876,0.6370540611497119,0.5946973959824617,0.9251697080844156,0.8337735258020059,0.22006127638869258],[0.9950421499817553,0.9950118051290124,0.9950421499817553,1.0,1.0,0.9548059169085216,0.9548059169085216,0.8927799246999322,0.8927799246999322,0.7762924752436838,0.9995675061971474,0.7297136103732094,0.9918775062749922,0.9894006225897298,0.9995221001922994,0.9575137202134608,0.9948335576680298,0.8897384918268881,0.8897384918268881,0.7533656210068854,-0.16814041384579556,0.9911950432326332,0.22401914837668566,-0.1624121890502134,-0.2470142326995303,0.8030237884763828,0.9206244732443936,0.9178357214702539,0.905056244195193,0.7877277208930891,0.6174460584790876,0.6370540611497119,0.5946973959824617,0.9251697080844156,0.8337735258020059,0.22006127638869258],[0.9679857533710616,0.9674893588213597,0.9679857533710616,0.9548059169085216,0.9548059169085216,1.0,1.0,0.9339658567097888,0.9339658567097888,0.7813578697772977,0.9538625947227902,0.7631425723021412,0.9677606891450302,0.965017676007293,0.9538099970009517,0.9990720029655191,0.9750863434868937,0.9180420509996631,0.9180420509996631,0.6503753917148836,-0.1102753313339972,0.940540733834336,0.3446168564761825,-0.3043798589028877,-0.1206753714715962,0.8821004889185574,0.8586484814604519,0.9351444748292509,0.8999052972009556,0.7513207669529769,0.7650922190872169,0.7443544486191588,0.7010740547324604,0.8688880271563244,0.87225679545199,0.48226422615205333],[0.9679857533710616,0.9674893588213597,0.9679857533710616,0.9548059169085216,0.9548059169085216,1.0,1.0,0.9339658567097888,0.9339658567097888,0.7813578697772977,0.9538625947227902,0.7631425723021412,0.9677606891450302,0.965017676007293,0.9538099970009517,0.9990720029655191,0.9750863434868937,0.9180420509996631,0.9180420509996631,0.6503753917148836,-0.1102753313339972,0.940540733834336,0.3446168564761825,-0.3043798589028877,-0.1206753714715962,0.8821004889185574,0.8586484814604519,0.9351444748292509,0.8999052972009556,0.7513207669529769,0.7650922190872169,0.7443544486191588,0.7010740547324604,0.8688880271563244,0.87225679545199,0.48226422615205333],[0.9090743379453833,0.9099424248885414,0.9090743379453833,0.8927799246999322,0.8927799246999322,0.9339658567097888,0.9339658567097888,1.0,1.0,0.7359120045661863,0.9371729532197879,0.7506279215830747,0.9371871734395871,0.9317307465837966,0.937184324542653,0.9352763930252047,0.9457804062291019,0.9707738905983356,0.9707738905983356,0.596283664832748,0.010885390385354944,0.8561797220593205,0.5684122959099792,-0.33046634593867924,0.011894208529700344,0.7905115066494083,0.758016181989814,0.8801993825266149,0.8561792875011969,0.764579554495195,0.8816391131269121,0.7869108760780634,0.7154537121150647,0.8030341520780286,0.8574711241397006,0.8095365345279971],[0.9090743379453833,0.9099424248885414,0.9090743379453833,0.8927799246999322,0.8927799246999322,0.9339658567097888,0.9339658567097888,1.0,1.0,0.7359120045661863,0.9371729532197879,0.7506279215830747,0.9371871734395871,0.9317307465837966,0.937184324542653,0.9352763930252047,0.9457804062291019,0.9707738905983356,0.9707738905983356,0.596283664832748,0.010885390385354944,0.8561797220593205,0.5684122959099792,-0.33046634593867924,0.011894208529700344,0.7905115066494083,0.758016181989814,0.8801993825266149,0.8561792875011969,0.764579554495195,0.8816391131269121,0.7869108760780634,0.7154537121150647,0.8030341520780286,0.8574711241397006,0.8095365345279971],[0.8063159627749225,0.8078583051278413,0.8063159627749225,0.7762924752436838,0.7762924752436838,0.7813578697772977,0.7813578697772977,0.7359120045661863,0.7359120045661863,1.0,0.6583453406663067,0.9999698177675136,0.5812783334437192,0.4863321989190526,0.6603128941014322,0.776778554989438,0.7170664598525357,0.8149620321378489,0.8149620321378489,0.6939380205694442,-0.09864306347151147,0.7474171346922026,0.03686359770887759,0.049129575380676596,-0.2429293574839518,0.7850102167956937,0.534713204477984,0.7591365629773944,0.813519087361246,0.6840544138243517,0.35212507735964704,0.5300678792639201,0.5640326517603934,0.7899531088394046,0.6534371730419747,0.1714856463092891],[0.9946477906625558,0.9946413220417346,0.9946477906625558,0.9995675061971474,0.9995675061971474,0.9538625947227902,0.9538625947227902,0.9371729532197879,0.9371729532197879,0.6583453406663067,1.0,0.6581879236559403,0.9915428144025846,0.9893776158004857,0.9999314572091309,0.9528031924969933,0.9939964968875474,0.9002463779455113,0.9002463779455113,0.8533681884869597,-0.015772386960225437,0.9966434808400605,0.8964597343586033,-0.5240453854615233,0.3528182698341732,0.8153192366032657,0.8880416420841973,0.9340242954363559,0.8986471420960229,0.8124495589075222,0.9217869366117921,0.8657056787149409,0.765216931264167,0.9066937673728304,0.9462797270422151,0.7889917747289197],[0.7613679397197224,0.7615308144491016,0.7613679397197224,0.7297136103732094,0.7297136103732094,0.7631425723021412,0.7631425723021412,0.7506279215830747,0.7506279215830747,0.9999698177675136,0.6581879236559403,1.0,0.5788645412234691,0.48331670989838577,0.6586635808026207,0.7673670246987049,0.7155458603001607,0.8101846885772124,0.8101846885772124,0.6530079748160769,0.02985112889521608,0.7023766275371485,0.4207765157982676,-0.16852156067285876,-0.23103142973548013,0.8152970256479186,0.43676244395938385,0.7321760893522778,0.7851635301633477,0.7082124655989932,0.5704431921408728,0.7031164245280537,0.6821138163016245,0.7460765813274806,0.6404835293642018,0.6686059291703712],[0.9921901120923012,0.9918613130143921,0.9921901120923012,0.9918775062749922,0.9918775062749922,0.9677606891450302,0.9677606891450302,0.9371871734395871,0.9371871734395871,0.5812783334437192,0.9915428144025846,0.5788645412234691,1.0,0.9997919499681568,0.9914863938940448,0.9644824718415529,0.9901937057405308,0.8850247348429261,0.8850247348429261,0.8328937225383981,0.006603417409410451,0.9901806498374822,0.9152556969555062,-0.671606768492842,0.4221690498220335,0.7821812141914366,0.8993838770380931,0.9377531231585768,0.8843337314407598,0.7493544672128511,0.9229275576405379,0.8411777234593263,0.7379114238407986,0.8907088792317037,0.9568710786392013,0.8142832668135416],[0.9925307072550631,0.9920032003557863,0.9925307072550631,0.9894006225897298,0.9894006225897298,0.965017676007293,0.965017676007293,0.9317307465837966,0.9317307465837966,0.4863321989190526,0.9893776158004857,0.48331670989838577,0.9997919499681568,1.0,0.989475857600863,0.9608433940529932,0.9896932544785786,0.8688984287892927,0.8688984287892927,0.8546807466355391,-0.11902007803435014,0.9866317406212516,0.9222793932632559,-0.8352069974558332,0.4572597364196095,0.7301513932793456,0.904897780662094,0.930163907853591,0.8690972442725385,0.6857819415993354,0.9305612069801774,0.8334395873041316,0.6775439865792892,0.9129924831691983,0.9575830964560819,0.7865710529776648],[0.9947236672587759,0.9947294630671822,0.9947236672587759,0.9995221001922994,0.9995221001922994,0.9538099970009517,0.9538099970009517,0.937184324542653,0.937184324542653,0.6603128941014322,0.9999314572091309,0.6586635808026207,0.9914863938940448,0.989475857600863,1.0,0.9529196548829199,0.994099895552651,0.9007559687831627,0.9007559687831627,0.8542500113861988,-0.016359342920180812,0.996501039612527,0.8961127700267612,-0.5216572452797393,0.3552572819063908,0.815882350379771,0.8866126993674438,0.9333462530187822,0.8990113997079964,0.8135190790876928,0.9214501550710763,0.8667386536906596,0.7659989084772848,0.906670955476598,0.9464195233078093,0.789995033862808],[0.9751386209152771,0.9746457166619433,0.9751386209152771,0.9575137202134608,0.9575137202134608,0.9990720029655191,0.9990720029655191,0.9352763930252047,0.9352763930252047,0.776778554989438,0.9528031924969933,0.7673670246987049,0.9644824718415529,0.9608433940529932,0.9529196548829199,1.0,0.9755323665503185,0.9186754293061816,0.9186754293061816,0.6988024512897282,-0.09549310875329926,0.9464787720830562,0.664378834888795,-0.4357200199518019,-0.1648933339957632,0.8938014396716248,0.8509622336698973,0.9313858471356817,0.9072099426684637,0.7870863464246982,0.8636643593458627,0.7908597879432137,0.7576584374513188,0.8900361736736102,0.8695021376553782,0.7984114642091173],[0.9991369031628526,0.9991382085706645,0.9991369031628526,0.9948335576680298,0.9948335576680298,0.9750863434868937,0.9750863434868937,0.9457804062291019,0.9457804062291019,0.7170664598525357,0.9939964968875474,0.7155458603001607,0.9901937057405308,0.9896932544785786,0.994099895552651,0.9755323665503185,1.0,0.9271405456586541,0.9271405456586541,0.8641935767227437,-0.000494435874406965,0.9875042423362762,0.8657856297379765,-0.5037820935730751,0.3723955161519088,0.8624805172275233,0.877106533474609,0.945688642514131,0.928618209705347,0.8341977549942021,0.9098553553167346,0.8973745634775572,0.8085891843659373,0.9200852127897479,0.9551687991737958,0.8423928596984785],[0.9157792967136692,0.9158350465436172,0.9157792967136692,0.8897384918268881,0.8897384918268881,0.9180420509996631,0.9180420509996631,0.9707738905983356,0.9707738905983356,0.8149620321378489,0.9002463779455113,0.8101846885772124,0.8850247348429261,0.8688984287892927,0.9007559687831627,0.9186754293061816,0.9271405456586541,1.0,1.0,0.7472490865456362,-0.046706465684971166,0.853547088209275,0.5636840169993974,-0.21463553500739985,-0.20612727070708584,0.8307959173687756,0.7221479289088544,0.8416433558326701,0.9189803007941775,0.8425783329777186,0.7989270733456754,0.7623598244814316,0.708113200323413,0.849317852633481,0.7834938682027219,0.8558053608921125],[0.9157792967136692,0.9158350465436172,0.9157792967136692,0.8897384918268881,0.8897384918268881,0.9180420509996631,0.9180420509996631,0.9707738905983356,0.9707738905983356,0.8149620321378489,0.9002463779455113,0.8101846885772124,0.8850247348429261,0.8688984287892927,0.9007559687831627,0.9186754293061816,0.9271405456586541,1.0,1.0,0.7472490865456362,-0.046706465684971166,0.853547088209275,0.5636840169993974,-0.21463553500739985,-0.20612727070708584,0.8307959173687756,0.7221479289088544,0.8416433558326701,0.9189803007941775,0.8425783329777186,0.7989270733456754,0.7623598244814316,0.708113200323413,0.849317852633481,0.7834938682027219,0.8558053608921125],[0.7803355353617193,0.7983828464858669,0.7803355353617193,0.7533656210068854,0.7533656210068854,0.6503753917148836,0.6503753917148836,0.596283664832748,0.596283664832748,0.6939380205694442,0.8533681884869597,0.6530079748160769,0.8328937225383981,0.8546807466355391,0.8542500113861988,0.6988024512897282,0.8641935767227437,0.7472490865456362,0.7472490865456362,1.0,0.02719871230320408,0.7144663528636624,-0.3446522406098699,0.3010379546672358,-0.654301272005929,0.3633128744693063,0.6905469245111785,0.5200830803234715,0.8385120158039634,0.6995155364346671,0.13616298673692667,0.32125571587053375,0.5696704587866945,0.7846004885260189,0.4894686148455578,-0.1378028019645753],[-0.1598058020339435,0.05226616538288891,-0.1598058020339435,-0.16814041384579556,-0.16814041384579556,-0.1102753313339972,-0.1102753313339972,0.010885390385354944,0.010885390385354944,-0.09864306347151147,-0.015772386960225437,0.02985112889521608,0.006603417409410451,-0.11902007803435014,-0.016359342920180812,-0.09549310875329926,-0.000494435874406965,-0.046706465684971166,-0.046706465684971166,0.02719871230320408,1.0,-0.10962752264701832,0.09680067305312126,0.16520073999200505,0.7467998585411957,-0.09871156419463845,-0.06628023015093225,-0.027609273032146022,0.1501144194549952,-0.011928361125901175,0.025394876750594448,0.314619354726927,0.5608189430595671,-0.13474670555878776,0.09114450895639827,0.14840711728994774],[0.9787987922325952,0.9709973663873867,0.9787987922325952,0.9911950432326332,0.9911950432326332,0.940540733834336,0.940540733834336,0.8561797220593205,0.8561797220593205,0.7474171346922026,0.9966434808400605,0.7023766275371485,0.9901806498374822,0.9866317406212516,0.996501039612527,0.9464787720830562,0.9875042423362762,0.853547088209275,0.853547088209275,0.7144663528636624,-0.10962752264701832,1.0,0.13208335616778655,-0.21840991966615997,-0.29384521705686967,0.6675087688036706,0.9228511325428014,0.9011124739248257,0.8487958445756556,0.7556723151519267,0.6193408354013613,0.6044671041938264,0.5252186964019492,0.9039487636996221,0.6849477500855957,0.20210198265403218],[0.19590135719160626,-0.022154643775989073,0.19590135719160626,0.22401914837668566,0.22401914837668566,0.3446168564761825,0.3446168564761825,0.5684122959099792,0.5684122959099792,0.03686359770887759,0.8964597343586033,0.4207765157982676,0.9152556969555062,0.9222793932632559,0.8961127700267612,0.664378834888795,0.8657856297379765,0.5636840169993974,0.5636840169993974,-0.3446522406098699,0.09680067305312126,0.13208335616778655,1.0,-0.4677383297558161,0.7020235154967566,0.38966986267213277,0.15276797731877487,0.33622161018365226,-0.07303654727006079,0.1007608138916983,0.6105821639032627,0.49039400289401824,0.2069269005205221,0.03775079171519816,0.40881918052014676,0.47594824016677906],[-0.1258694860888373,-0.11877954053692447,-0.1258694860888373,-0.1624121890502134,-0.1624121890502134,-0.3043798589028877,-0.3043798589028877,-0.33046634593867924,-0.33046634593867924,0.049129575380676596,-0.5240453854615233,-0.16852156067285876,-0.671606768492842,-0.8352069974558332,-0.5216572452797393,-0.4357200199518019,-0.5037820935730751,-0.21463553500739985,-0.21463553500739985,0.3010379546672358,0.16520073999200505,-0.21840991966615997,-0.4677383297558161,1.0,-0.02495446206109153,-0.17721198156117868,-0.21837013497481825,-0.3184127914153021,-0.06094301811319364,-0.09141854374545892,-0.5748650021937943,-0.2139393378248132,-0.03274330027665262,-0.06787295593381165,-0.24004900821916345,-0.414875604430953],[-0.24790202086507698,-0.24776372433475166,-0.24790202086507698,-0.2470142326995303,-0.2470142326995303,-0.1206753714715962,-0.1206753714715962,0.011894208529700344,0.011894208529700344,-0.2429293574839518,0.3528182698341732,-0.23103142973548013,0.4221690498220335,0.4572597364196095,0.3552572819063908,-0.1648933339957632,0.3723955161519088,-0.20612727070708584,-0.20612727070708584,-0.654301272005929,0.7467998585411957,-0.29384521705686967,0.7020235154967566,-0.02495446206109153,1.0,-0.10821715744691748,-0.23247207449529436,-0.06890480791622189,-0.3504561982665582,-0.3286572383484001,0.061664051657453846,0.15693056165901734,0.26080239443004233,-0.3750891432811507,0.10490028378012853,0.0876424286358579],[0.8142854753966056,0.6513313269294905,0.8142854753966056,0.8030237884763828,0.8030237884763828,0.8821004889185574,0.8821004889185574,0.7905115066494083,0.7905115066494083,0.7850102167956937,0.8153192366032657,0.8152970256479186,0.7821812141914366,0.7301513932793456,0.815882350379771,0.8938014396716248,0.8624805172275233,0.8307959173687756,0.8307959173687756,0.3633128744693063,-0.09871156419463845,0.6675087688036706,0.38966986267213277,-0.17721198156117868,-0.10821715744691748,1.0,0.5429286006098072,0.8405808621773357,0.5038476045742943,0.6352432903716659,0.5594109798082032,0.6645158052279548,0.429685799002281,0.7108899735488743,0.7079029942699492,0.42474757622180326],[0.9062615528370003,0.9066802454654538,0.9062615528370003,0.9206244732443936,0.9206244732443936,0.8586484814604519,0.8586484814604519,0.758016181989814,0.758016181989814,0.534713204477984,0.8880416420841973,0.43676244395938385,0.8993838770380931,0.904897780662094,0.8866126993674438,0.8509622336698973,0.877106533474609,0.7221479289088544,0.7221479289088544,0.6905469245111785,-0.06628023015093225,0.9228511325428014,0.15276797731877487,-0.21837013497481825,-0.23247207449529436,0.5429286006098072,1.0,0.8003771439735647,0.7689920527434716,0.6631835441879669,0.5405661620492352,0.5117061915041774,0.503036172662417,0.8371568472679742,0.6423333178410845,0.13371840660905834],[0.9178296864413894,0.8946771571062088,0.9178296864413894,0.9178357214702539,0.9178357214702539,0.9351444748292509,0.9351444748292509,0.8801993825266149,0.8801993825266149,0.7591365629773944,0.9340242954363559,0.7321760893522778,0.9377531231585768,0.930163907853591,0.9333462530187822,0.9313858471356817,0.945688642514131,0.8416433558326701,0.8416433558326701,0.5200830803234715,-0.027609273032146022,0.9011124739248257,0.33622161018365226,-0.3184127914153021,-0.06890480791622189,0.8405808621773357,0.8003771439735647,1.0,0.7603014270932216,0.6244208463141583,0.6217459793141583,0.6139679803409669,0.5364899085575751,0.828173368157336,0.8428519326054977,0.236007658039617],[0.9227881257810202,0.9175548653290724,0.9227881257810202,0.905056244195193,0.905056244195193,0.8999052972009556,0.8999052972009556,0.8561792875011969,0.8561792875011969,0.813519087361246,0.8986471420960229,0.7851635301633477,0.8843337314407598,0.8690972442725385,0.8990113997079964,0.9072099426684637,0.928618209705347,0.9189803007941775,0.9189803007941775,0.8385120158039634,0.1501144194549952,0.8487958445756556,-0.07303654727006079,-0.06094301811319364,-0.3504561982665582,0.5038476045742943,0.7689920527434716,0.7603014270932216,1.0,0.9089402798441898,0.5622379102718483,0.695810150061415,0.668510899579925,0.881846752262953,0.5239102845291336,0.3101467635247815],[0.7847865620226506,0.7946054577652798,0.7847865620226506,0.7877277208930891,0.7877277208930891,0.7513207669529769,0.7513207669529769,0.764579554495195,0.764579554495195,0.6840544138243517,0.8124495589075222,0.7082124655989932,0.7493544672128511,0.6857819415993354,0.8135190790876928,0.7870863464246982,0.8341977549942021,0.8425783329777186,0.8425783329777186,0.6995155364346671,-0.011928361125901175,0.7556723151519267,0.1007608138916983,-0.09141854374545892,-0.3286572383484001,0.6352432903716659,0.6631835441879669,0.6244208463141583,0.9089402798441898,1.0,0.5949239749641453,0.6785277409009468,0.6131236790946573,0.7401668130233259,0.6004536783990987,0.4811460244957089],[0.5878473692925773,0.5800503542878312,0.5878473692925773,0.6174460584790876,0.6174460584790876,0.7650922190872169,0.7650922190872169,0.8816391131269121,0.8816391131269121,0.35212507735964704,0.9217869366117921,0.5704431921408728,0.9229275576405379,0.9305612069801774,0.9214501550710763,0.8636643593458627,0.9098553553167346,0.7989270733456754,0.7989270733456754,0.13616298673692667,0.025394876750594448,0.6193408354013613,0.6105821639032627,-0.5748650021937943,0.061664051657453846,0.5594109798082032,0.5405661620492352,0.6217459793141583,0.5622379102718483,0.5949239749641453,1.0,0.7489634799887214,0.38862575664102084,0.5288356623696353,0.6112740644079567,0.7521536159899788],[0.6447586813091024,0.6422388231737777,0.6447586813091024,0.6370540611497119,0.6370540611497119,0.7443544486191588,0.7443544486191588,0.7869108760780634,0.7869108760780634,0.5300678792639201,0.8657056787149409,0.7031164245280537,0.8411777234593263,0.8334395873041316,0.8667386536906596,0.7908597879432137,0.8973745634775572,0.7623598244814316,0.7623598244814316,0.32125571587053375,0.314619354726927,0.6044671041938264,0.49039400289401824,-0.2139393378248132,0.15693056165901734,0.6645158052279548,0.5117061915041774,0.6139679803409669,0.695810150061415,0.6785277409009468,0.7489634799887214,1.0,0.779477485674296,0.5144822002570366,0.7360677858646196,0.5558960844547897],[0.62631252505026,0.6511949621484052,0.62631252505026,0.5946973959824617,0.5946973959824617,0.7010740547324604,0.7010740547324604,0.7154537121150647,0.7154537121150647,0.5640326517603934,0.765216931264167,0.6821138163016245,0.7379114238407986,0.6775439865792892,0.7659989084772848,0.7576584374513188,0.8085891843659373,0.708113200323413,0.708113200323413,0.5696704587866945,0.5608189430595671,0.5252186964019492,0.2069269005205221,-0.03274330027665262,0.26080239443004233,0.429685799002281,0.503036172662417,0.5364899085575751,0.668510899579925,0.6131236790946573,0.38862575664102084,0.779477485674296,1.0,0.4968890041515192,0.6647936363696944,0.20843619393459598],[0.9357601873722884,0.9336188061934437,0.9357601873722884,0.9251697080844156,0.9251697080844156,0.8688880271563244,0.8688880271563244,0.8030341520780286,0.8030341520780286,0.7899531088394046,0.9066937673728304,0.7460765813274806,0.8907088792317037,0.9129924831691983,0.906670955476598,0.8900361736736102,0.9200852127897479,0.849317852633481,0.849317852633481,0.7846004885260189,-0.13474670555878776,0.9039487636996221,0.03775079171519816,-0.06787295593381165,-0.3750891432811507,0.7108899735488743,0.8371568472679742,0.828173368157336,0.881846752262953,0.7401668130233259,0.5288356623696353,0.5144822002570366,0.4968890041515192,1.0,0.7487342013678565,0.1913670837927612],[0.8434283152016464,0.7054997514533516,0.8434283152016464,0.8337735258020059,0.8337735258020059,0.87225679545199,0.87225679545199,0.8574711241397006,0.8574711241397006,0.6534371730419747,0.9462797270422151,0.6404835293642018,0.9568710786392013,0.9575830964560819,0.9464195233078093,0.8695021376553782,0.9551687991737958,0.7834938682027219,0.7834938682027219,0.4894686148455578,0.09114450895639827,0.6849477500855957,0.40881918052014676,-0.24004900821916345,0.10490028378012853,0.7079029942699492,0.6423333178410845,0.8428519326054977,0.5239102845291336,0.6004536783990987,0.6112740644079567,0.7360677858646196,0.6647936363696944,0.7487342013678565,1.0,0.20163539392091412],[0.20743870141393064,0.20478423511643448,0.20743870141393064,0.22006127638869258,0.22006127638869258,0.48226422615205333,0.48226422615205333,0.8095365345279971,0.8095365345279971,0.1714856463092891,0.7889917747289197,0.6686059291703712,0.8142832668135416,0.7865710529776648,0.789995033862808,0.7984114642091173,0.8423928596984785,0.8558053608921125,0.8558053608921125,-0.1378028019645753,0.14840711728994774,0.20210198265403218,0.47594824016677906,-0.414875604430953,0.0876424286358579,0.42474757622180326,0.13371840660905834,0.236007658039617,0.3101467635247815,0.4811460244957089,0.7521536159899788,0.5558960844547897,0.20843619393459598,0.1913670837927612,0.20163539392091412,1.0]],"x":["^TAIEX       \u81fa\u7063\u52a0\u6b0a\u5831\u916c\u6307\u6578","^TWII        \u81fa\u7063\u52a0\u6b0a\u6307\u6578","^TAIEXx2     \u81fa\u7063\u52a0\u6b0a\u5831\u916c\u6307\u6578_\u65e5\u6b632","^TAI50I      \u81fa\u706350\u5831\u916c\u6307\u6578","^TAI50Ix2    \u81fa\u706350\u5831\u916c\u6307\u6578_\u65e5\u6b632","^TAI100I     \u81fa\u7063\u4e2d\u578b100\u5831\u916c\u6307\u6578","^TAI100Ix2   \u81fa\u7063\u4e2d\u578b100\u5831\u916c\u6307\u6578_\u65e5\u6b632","^TAIDIVIDI   \u81fa\u7063\u9ad8\u80a1\u606f\u5831\u916c\u6307\u6578","^TAIDIVIDIx2 \u81fa\u7063\u9ad8\u80a1\u606f\u5831\u916c\u6307\u6578_\u65e5\u6b632","0050Fund     \u5143\u5927\u53f0\u7063\u5353\u8d8a50\u57fa\u91d1","006208Fund   \u5bcc\u90a6\u53f0\u7063\u91c6\u540950\u57fa\u91d1","0050         \u5143\u5927\u81fa\u706350","00631L       \u5143\u5927\u53f0\u706350\u6b632","00675L       \u5bcc\u90a6\u81fa\u7063\u52a0\u6b0a\u6b632","006208       \u5bcc\u90a6\u53f050","0051         \u5143\u5927\u4e2d\u578b100","006204       \u6c38\u8c50\u81fa\u7063\u52a0\u6b0a","0056         \u5143\u5927\u9ad8\u80a1\u606f","0056         \u5143\u5927\u9ad8\u80a1\u606f_\u80a1\u606f\u4e0d\u6295\u5165","2412         \u4e2d\u83ef\u96fb\u4fe1","2002         \u4e2d\u92fc","2330         \u53f0\u7a4d\u96fb","2317         \u9d3b\u6d77","6505         \u53f0\u5851\u77f3\u5316","3481         \u7fa4\u5275","2303         \u806f\u96fb","2308         \u53f0\u9054\u96fb","2454         \u806f\u767c\u79d1","2886         \u5146\u8c50\u91d1","2884         \u7389\u5c71\u91d1","2891         \u4e2d\u4fe1\u91d1","2892         \u7b2c\u4e00\u91d1","5880         \u5408\u5eab\u91d1","2881         \u5bcc\u90a6\u91d1","2885         \u5143\u5927\u91d1","2887         \u53f0\u65b0\u91d1"],"y":["^TAIEX       \u81fa\u7063\u52a0\u6b0a\u5831\u916c\u6307\u6578","^TWII        \u81fa\u7063\u52a0\u6b0a\u6307\u6578","^TAIEXx2     \u81fa\u7063\u52a0\u6b0a\u5831\u916c\u6307\u6578_\u65e5\u6b632","^TAI50I      \u81fa\u706350\u5831\u916c\u6307\u6578","^TAI50Ix2    \u81fa\u706350\u5831\u916c\u6307\u6578_\u65e5\u6b632","^TAI100I     \u81fa\u7063\u4e2d\u578b100\u5831\u916c\u6307\u6578","^TAI100Ix2   \u81fa\u7063\u4e2d\u578b100\u5831\u916c\u6307\u6578_\u65e5\u6b632","^TAIDIVIDI   \u81fa\u7063\u9ad8\u80a1\u606f\u5831\u916c\u6307\u6578","^TAIDIVIDIx2 \u81fa\u7063\u9ad8\u80a1\u606f\u5831\u916c\u6307\u6578_\u65e5\u6b632","0050Fund     \u5143\u5927\u53f0\u7063\u5353\u8d8a50\u57fa\u91d1","006208Fund   \u5bcc\u90a6\u53f0\u7063\u91c6\u540950\u57fa\u91d1","0050         \u5143\u5927\u81fa\u706350","00631L       \u5143\u5927\u53f0\u706350\u6b632","00675L       \u5bcc\u90a6\u81fa\u7063\u52a0\u6b0a\u6b632","006208       \u5bcc\u90a6\u53f050","0051         \u5143\u5927\u4e2d\u578b100","006204       \u6c38\u8c50\u81fa\u7063\u52a0\u6b0a","0056         \u5143\u5927\u9ad8\u80a1\u606f","0056         \u5143\u5927\u9ad8\u80a1\u606f_\u80a1\u606f\u4e0d\u6295\u5165","2412         \u4e2d\u83ef\u96fb\u4fe1","2002         \u4e2d\u92fc","2330         \u53f0\u7a4d\u96fb","2317         \u9d3b\u6d77","6505         \u53f0\u5851\u77f3\u5316","3481         \u7fa4\u5275","2303         \u806f\u96fb","2308         \u53f0\u9054\u96fb","2454         \u806f\u767c\u79d1","2886         \u5146\u8c50\u91d1","2884         \u7389\u5c71\u91d1","2891         \u4e2d\u4fe1\u91d1","2892         \u7b2c\u4e00\u91d1","5880         \u5408\u5eab\u91d1","2881         \u5bcc\u90a6\u91d1","2885         \u5143\u5927\u91d1","2887         \u53f0\u65b0\u91d1"],"zmin":-1,"zmax":1,"colorbar":{"x":-0.2}}],"layout":{"autotypenumbers":"strict","colorway":["#636efa","#EF553B","#00cc96","#ab63fa","#FFA15A","#19d3f3","#FF6692","#B6E880","#FF97FF","#FECB52"],"font":{"color":"#f2f5fa","family":"Courier New"},"hovermode":"closest","hoverlabel":{"align":"left"},"paper_bgcolor":"rgb(17,17,17)","plot_bgcolor":"rgb(17,17,17)","polar":{"bgcolor":"rgb(17,17,17)","angularaxis":{"gridcolor":"#506784","linecolor":"#506784","ticks":""},"radialaxis":{"gridcolor":"#506784","linecolor":"#506784","ticks":""}},"ternary":{"bgcolor":"rgb(17,17,17)","aaxis":{"gridcolor":"#506784","linecolor":"#506784","ticks":""},"baxis":{"gridcolor":"#506784","linecolor":"#506784","ticks":""},"caxis":{"gridcolor":"#506784","linecolor":"#506784","ticks":""}},"coloraxis":{"colorbar":{"outlinewidth":0,"ticks":""}},"colorscale":{"sequential":[[0.0,"#0d0887"],[0.1111111111111111,"#46039f"],[0.2222222222222222,"#7201a8"],[0.3333333333333333,"#9c179e"],[0.4444444444444444,"#bd3786"],[0.5555555555555556,"#d8576b"],[0.6666666666666666,"#ed7953"],[0.7777777777777778,"#fb9f3a"],[0.8888888888888888,"#fdca26"],[1.0,"#f0f921"]],"sequentialminus":[[0.0,"#0d0887"],[0.1111111111111111,"#46039f"],[0.2222222222222222,"#7201a8"],[0.3333333333333333,"#9c179e"],[0.4444444444444444,"#bd3786"],[0.5555555555555556,"#d8576b"],[0.6666666666666666,"#ed7953"],[0.7777777777777778,"#fb9f3a"],[0.8888888888888888,"#fdca26"],[1.0,"#f0f921"]],"diverging":[[0,"#8e0152"],[0.1,"#c51b7d"],[0.2,"#de77ae"],[0.3,"#f1b6da"],[0.4,"#fde0ef"],[0.5,"#f7f7f7"],[0.6,"#e6f5d0"],[0.7,"#b8e186"],[0.8,"#7fbc41"],[0.9,"#4d9221"],[1,"#276419"]]},"xaxis":{"gridcolor":"rgba(0, 0, 0, 0)","linecolor":"#506784","ticks":"","title":{"standoff":15},"zerolinecolor":"#283442","automargin":true,"zerolinewidth":2,"tickfont":{"family":"Courier New","size":14},"side":"top","tickangle":-90},"yaxis":{"gridcolor":"rgba(0, 0, 0, 0)","linecolor":"#506784","ticks":"","title":{"standoff":15},"zerolinecolor":"#283442","automargin":true,"zerolinewidth":2,"tickfont":{"family":"Courier New"},"side":"right"},"scene":{"xaxis":{"backgroundcolor":"rgb(17,17,17)","gridcolor":"#506784","linecolor":"#506784","showbackground":true,"ticks":"","zerolinecolor":"#C8D4E3","gridwidth":2},"yaxis":{"backgroundcolor":"rgb(17,17,17)","gridcolor":"#506784","linecolor":"#506784","showbackground":true,"ticks":"","zerolinecolor":"#C8D4E3","gridwidth":2},"zaxis":{"backgroundcolor":"rgb(17,17,17)","gridcolor":"#506784","linecolor":"#506784","showbackground":true,"ticks":"","zerolinecolor":"#C8D4E3","gridwidth":2}},"shapedefaults":{"line":{"color":"#f2f5fa"}},"annotationdefaults":{"arrowcolor":"#f2f5fa","arrowhead":0,"arrowwidth":1},"geo":{"bgcolor":"rgb(17,17,17)","landcolor":"rgb(17,17,17)","subunitcolor":"#506784","showland":true,"showlakes":true,"lakecolor":"rgb(17,17,17)"},"title":{"x":0.05,"font":{"family":"Times New Roman"},"y":0.05,"text":"<b>Correlation of Close<b><br><i>2016-09-23 ~ 2026-01-15<i>"},"updatemenudefaults":{"bgcolor":"#506784","borderwidth":0},"sliderdefaults":{"bgcolor":"#C8D4E3","borderwidth":1,"bordercolor":"rgb(17,17,17)","tickwidth":0},"mapbox":{"style":"dark"},"annotations":[{"text":"<b>@zwindr<b>","textangle":0,"opacity":0.5,"font":{"color":"white","size":12},"xref":"paper","yref":"paper","xanchor":"left","yanchor":"bottom","x":1.0,"y":1.0,"showarrow":false}]},"config":{"responsive":true,"toImageButtonOptions":{"filename":"Correlation of Close_2016-09-23~2026-01-15","scale":5}}};Plotly.newPlot("correlationClose",correlationClose.data,correlationClose.layout||{},correlationClose.config);}else{console.log("style display is none => correlationClose");}