var element=document.getElementById("correlationAdjClose");if(element.style.display!='none'){var correlationAdjClose={"data":[{"type":"heatmap","z":[[1.0,0.9946134440688807,0.9764640421383328,0.9973167557335862,0.9603906653744751,0.9830018230264141,0.949401409353362,0.9897914990487671,0.9732832717419502,0.9974601726653597,0.9968928485336218,0.9973825011770115,0.9935571195451586,0.9943795647038137,0.996962042361628,0.9848751736177578,0.9996962022923932,0.9896936288069351,0.9013260243077392,0.9209072667979732,0.7127686598872588,0.9850846466616566,0.9289579945163726,0.3885005867851072,-0.30096506566510794,0.8992626439362693,0.9419261907296246,0.9587833000677579,0.9796224410134866,0.9662043446248921,0.9775143491558067,0.9724640752663394,0.9437878787211815,0.9816095386400792,0.9732567224486537,0.9551515307384493],[0.9946134440688807,1.0,0.9721307540310736,0.991530737227878,0.955792036854107,0.9789092339138042,0.9450210977255648,0.9816769557034101,0.9670535043426364,0.9928566211441726,0.9949172469172994,0.9943471851678757,0.9925540911101931,0.9921693473437011,0.994945785973514,0.9795732933030319,0.997038282825176,0.9840867187835923,0.9235648058168856,0.9106862592913046,0.7293058017334196,0.9682729430321676,0.910503501958718,0.38847872107248216,-0.22977225794883546,0.8760235923393775,0.9333979948476344,0.9580123257069428,0.9593879582989386,0.953398110003471,0.9680228640054378,0.9581195231835599,0.9424570872392399,0.9714947854494288,0.9640680450478413,0.9498131876119823],[0.9764640421383328,0.9721307540310736,1.0,0.9842384863660825,0.9951342941229165,0.9759484541700049,0.9772234452733648,0.9658926596639338,0.981945087021192,0.9838765716670945,0.9905353887665802,0.987169090262372,0.9969447823703141,0.9967246545550463,0.9902598190996938,0.9738700615337874,0.986656293611875,0.9655587690109613,0.8705520355383888,0.8281824122265676,0.5924906850181285,0.9915005744515799,0.9246816977866629,0.21859143102926384,-0.2251163146919652,0.8926222762817423,0.9392086508940533,0.9776922712469778,0.9267112124224237,0.9141580122751788,0.9669645061742403,0.9184731498119899,0.8981791747227337,0.9657896659413302,0.9734068686079146,0.9195503586278906],[0.9973167557335862,0.991530737227878,0.9842384863660825,1.0,0.974594219248743,0.9748872824977459,0.9455000668198706,0.9826951581149291,0.9703867330818567,0.9999674319902986,0.9999908549322203,0.9999608863972893,0.9926107960834489,0.990890055954789,0.9999468986264586,0.9740388755307927,0.995782466464481,0.9823250077739948,0.8870314253471392,0.9049890862799209,0.6779946826249952,0.9937289057432906,0.9322341398469424,0.35866118572083294,-0.2909679827861472,0.8934106839905952,0.9474531697822095,0.9641430764186096,0.9689280706164066,0.9620834294292683,0.979942669371037,0.9613730941430165,0.930192465198361,0.979015853192073,0.9716347764386855,0.9450942330163408],[0.9603906653744751,0.955792036854107,0.9951342941229165,0.974594219248743,1.0,0.9516204426806499,0.9572840894419752,0.9449925569751703,0.9652853972435453,0.9746147086137893,0.9838443531497979,0.979929201438742,0.9843151518388312,0.9810143656850777,0.9833640343629828,0.9481615631340851,0.970822441687492,0.9444018754303655,0.8433814413785379,0.8020188791977857,0.5482927063858052,0.9884198104537087,0.919867157349444,0.1865406691575701,-0.21585280055211015,0.8647456076254222,0.9393991339688986,0.9695865587644525,0.9009407096679196,0.895676855909094,0.9578927383301807,0.8920980257442898,0.8654883874538445,0.9508320367333952,0.9576081066272847,0.8908153638712524],[0.9830018230264141,0.9789092339138042,0.9759484541700049,0.9748872824977459,0.9516204426806499,1.0,0.9829921601035798,0.9821024406350427,0.9816657062477132,0.9742672386490528,0.9695377525249315,0.9726523676273751,0.9757374544497949,0.9734583135484595,0.9694850345568339,0.9998999956617427,0.9867943299695383,0.9830687751383919,0.9023018710013195,0.8690108584783587,0.6809976427765185,0.967418000715588,0.9003875424956719,0.2607067082238383,-0.21877841996004924,0.9334771649049214,0.9175410799941944,0.9629199198265831,0.9599005381719032,0.9335087701746002,0.9555225505329387,0.9546394369111865,0.9543476544929151,0.9606759434375146,0.9784226499659296,0.9567084019978023],[0.949401409353362,0.9450210977255648,0.9772234452733648,0.9455000668198706,0.9572840894419752,0.9829921601035798,1.0,0.9547208085289323,0.9848819516779105,0.9440393480841314,0.9551722016383044,0.951280622245929,0.9761464132608637,0.9771763803582976,0.9548866122862996,0.9844510996155207,0.9687092590230802,0.9573561520401512,0.8699942834580453,0.7871057542322425,0.5763085263804094,0.9497340949037688,0.897120269045551,0.11936746891016536,-0.15614354281001114,0.8987342542142147,0.8986840676130452,0.9612692754102132,0.9046466863797602,0.8702618029073244,0.933714115103154,0.8972321052323872,0.9083303520874662,0.9327348339498469,0.9674083073366655,0.9120419036262097],[0.9897914990487671,0.9816769557034101,0.9658926596639338,0.9826951581149291,0.9449925569751703,0.9821024406350427,0.9547208085289323,1.0,0.9834321020601574,0.9826517777885432,0.9782844872290252,0.981635888813088,0.9742631897150151,0.9733917063691404,0.9784420587013806,0.9839149676404225,0.9877499531067785,0.9998781167849682,0.9277003282693186,0.9277125005807781,0.6480905141942024,0.9711702837146428,0.899865719010541,0.24153949568714925,-0.31087676567970696,0.9055537119275282,0.9042783741500282,0.9422928446301596,0.9790654235835308,0.9561537464199444,0.9687027104638016,0.9652506430764264,0.9372956714940912,0.9622837185181539,0.9603318272248471,0.9665617656112737],[0.9732832717419502,0.9670535043426364,0.981945087021192,0.9703867330818567,0.9652853972435453,0.9816657062477132,0.9848819516779105,0.9834321020601574,1.0,0.969574786062164,0.9663860592664317,0.968539595847827,0.97382368450182,0.970882088287397,0.9662552800450263,0.9806925771677507,0.9733308645516155,0.982769398627133,0.9037404057573638,0.859013348658769,0.5696377223296244,0.9691227502413635,0.9144053364100045,0.0998269567022573,-0.2321881532510397,0.8848532023339142,0.8994576841555185,0.9636848795715596,0.9371827140666833,0.9037890151522882,0.9602618607107463,0.9218109362776777,0.904584606623735,0.9505868774972513,0.9723601519531561,0.925882373808847],[0.9974601726653597,0.9928566211441726,0.9838765716670945,0.9999674319902986,0.9746147086137893,0.9742672386490528,0.9440393480841314,0.9826517777885432,0.969574786062164,1.0,0.9999892188138438,0.9999834379056436,0.9924822160217676,0.9907342302812989,0.9999524120310617,0.9734299996988073,0.9956493170381918,0.982379997099373,0.8889148087712673,0.9061024841993178,0.676576196224379,0.9939221300720094,0.9320926691374832,0.3638669799802986,-0.2903648962139885,0.8943974419847748,0.9457971003742839,0.9626748392945883,0.9686691285747767,0.9613132092318825,0.9789056288322693,0.9607734019590832,0.9287480069403758,0.978195530697549,0.9704013123056106,0.9434728488094952],[0.9968928485336218,0.9949172469172994,0.9905353887665802,0.9999908549322203,0.9838443531497979,0.9695377525249315,0.9551722016383044,0.9782844872290252,0.9663860592664317,0.9999892188138438,1.0,0.9999733998163296,0.9926366142168531,0.9908866679794851,0.9999553052973884,0.9694730709618555,0.9954322604449692,0.9790154411095235,0.9136508100287716,0.9325227567444009,0.5732474703790542,0.9971869594067494,0.9144930214408284,-0.1128401558346784,0.4048402689798812,0.8991964302665837,0.9158084295645883,0.9682264949931494,0.9602951593934186,0.9451464754630684,0.969880137590929,0.941268342854231,0.9107777561888462,0.9682238707880282,0.981269312998902,0.9397682065771266],[0.9973825011770115,0.9943471851678757,0.987169090262372,0.9999608863972893,0.979929201438742,0.9726523676273751,0.951280622245929,0.981635888813088,0.968539595847827,0.9999834379056436,0.9999733998163296,1.0,0.9924807126074879,0.9907022322754704,0.9999633758918177,0.9726100146499543,0.9955669396969515,0.9819207616058412,0.8968885542025338,0.9224245007082785,0.6315771898961393,0.9961490214640717,0.9279843851596816,0.10264591271658519,-0.19410979461542166,0.9112261351145323,0.9313021715955616,0.9591466999060005,0.9633614042758158,0.9531956810626865,0.9752866076771579,0.9521301851428339,0.9264998380580635,0.9743364023585912,0.97020381785171,0.9488381204324373],[0.9935571195451586,0.9925540911101931,0.9969447823703141,0.9926107960834489,0.9843151518388312,0.9757374544497949,0.9761464132608637,0.9742631897150151,0.97382368450182,0.9924822160217676,0.9926366142168531,0.9924807126074879,1.0,0.9997340567613265,0.9926302911951683,0.9757399062163676,0.9935907443263468,0.9752043298716363,0.9093677400340078,0.9190744111347967,0.5071781367940684,0.9879654952249249,0.9087224702056409,-0.38599065607473504,0.4254753273499896,0.8859907546297879,0.9093998340689327,0.9756439904526161,0.944818358917778,0.9129910836964812,0.9531771006847453,0.9186148055864227,0.881738088082215,0.9663313351143611,0.9796384368524795,0.9329253425605837],[0.9943795647038137,0.9921693473437011,0.9967246545550463,0.990890055954789,0.9810143656850777,0.9734583135484595,0.9771763803582976,0.9733917063691404,0.970882088287397,0.9907342302812989,0.9908866679794851,0.9907022322754704,0.9997340567613265,1.0,0.9910134260049234,0.9733841488004532,0.9942465383462897,0.9745360751465306,0.8954668822897545,0.9278856310321747,0.3750021905784611,0.9835671323210462,0.900642437671685,-0.7455871138700667,0.39880743605427715,0.8552346799551872,0.904535191949674,0.973838186886272,0.9385655806635781,0.8997521324413572,0.945753733776532,0.918253459870827,0.8604803044526446,0.9677368289802095,0.9779104661497499,0.9260632341432048],[0.996962042361628,0.994945785973514,0.9902598190996938,0.9999468986264586,0.9833640343629828,0.9694850345568339,0.9548866122862996,0.9784420587013806,0.9662552800450263,0.9999524120310617,0.9999553052973884,0.9999633758918177,0.9926302911951683,0.9910134260049234,1.0,0.9694185096077694,0.9954826003336235,0.9791473007604109,0.9139082062013678,0.9331795236912779,0.5732297035978724,0.9969967810260922,0.9146379961911315,-0.11070199488978885,0.4047456734116588,0.8991077894425089,0.9138143937455895,0.9675560949174957,0.9605897670828303,0.9456274402479995,0.9698387456873323,0.9418617981646824,0.9112923272713347,0.9681872681353317,0.9811912482662223,0.9403883760032815],[0.9848751736177578,0.9795732933030319,0.9738700615337874,0.9740388755307927,0.9481615631340851,0.9998999956617427,0.9844510996155207,0.9839149676404225,0.9806925771677507,0.9734299996988073,0.9694730709618555,0.9726100146499543,0.9757399062163676,0.9733841488004532,0.9694185096077694,1.0,0.9869393381264915,0.9832434171166583,0.9052031357337852,0.8927507848911779,0.6748970032399927,0.965208340066795,0.8949807464267628,0.11971281523343605,-0.19735957774887797,0.9412654230246309,0.9077676755211075,0.9598233763148397,0.9633098870275472,0.9307368715277209,0.9519980163273538,0.9557401957744915,0.953646472898538,0.9628807154276896,0.9777501255477175,0.961199936749961],[0.9996962022923932,0.997038282825176,0.986656293611875,0.995782466464481,0.970822441687492,0.9867943299695383,0.9687092590230802,0.9877499531067785,0.9733308645516155,0.9956493170381918,0.9954322604449692,0.9955669396969515,0.9935907443263468,0.9942465383462897,0.9954826003336235,0.9869393381264915,1.0,0.9884322067736871,0.928812529114641,0.9402726414501752,0.6249251174382338,0.9884373154160068,0.9079930386353882,-0.05341872041548349,0.42907038742362713,0.9246059522845733,0.9108238871184452,0.9675113257799884,0.9748959694735104,0.9512984193930689,0.9676330879129083,0.9581396837569288,0.9384599964518066,0.9742423134204393,0.9861276757222301,0.9631602516870534],[0.9896936288069351,0.9840867187835923,0.9655587690109613,0.9823250077739948,0.9444018754303655,0.9830687751383919,0.9573561520401512,0.9998781167849682,0.982769398627133,0.982379997099373,0.9790154411095235,0.9819207616058412,0.9752043298716363,0.9745360751465306,0.9791473007604109,0.9832434171166583,0.9884322067736871,1.0,0.9306529576858786,0.9339311590150531,0.6458294721452426,0.969852000091402,0.9039648779677026,0.2060130482539978,-0.29229669268838343,0.9106280049654676,0.8993218857261855,0.9422731646945943,0.9795415433583159,0.9555690287264289,0.9671632855629234,0.9638693471967792,0.9370799190624853,0.9615672414608949,0.9583603631993498,0.9677532595385632],[0.9013260243077392,0.9235648058168856,0.8705520355383888,0.8870314253471392,0.8433814413785379,0.9023018710013195,0.8699942834580453,0.9277003282693186,0.9037404057573638,0.8889148087712673,0.9136508100287716,0.8968885542025338,0.9093677400340078,0.8954668822897545,0.9139082062013678,0.9052031357337852,0.928812529114641,0.9306529576858786,1.0,0.8237209608163196,0.7072980222513988,0.8603795204213016,0.8119450999383296,0.2785505511294301,-0.16195444718967347,0.8539861428779991,0.7826475072014725,0.8529490809780695,0.8896651917286347,0.8552534623430028,0.856092211094157,0.8682199709072188,0.8541674030901393,0.8542064606969736,0.8764852867513298,0.8937063418219704],[0.9209072667979732,0.9106862592913046,0.8281824122265676,0.9049890862799209,0.8020188791977857,0.8690108584783587,0.7871057542322425,0.9277125005807781,0.859013348658769,0.9061024841993178,0.9325227567444009,0.9224245007082785,0.9190744111347967,0.9278856310321747,0.9331795236912779,0.8927507848911779,0.9402726414501752,0.9339311590150531,0.8237209608163196,1.0,0.8310916972867756,0.8562393742107309,0.8717421877177607,0.6497173017422668,-0.5273183309859005,0.7092974422678321,0.8621082966825274,0.8090668007316356,0.9587534461529762,0.9367924397825763,0.9004426323009252,0.9459125498883539,0.8982449038996864,0.9005176114411232,0.8501616392769485,0.8840644430663862],[0.7127686598872588,0.7293058017334196,0.5924906850181285,0.6779946826249952,0.5482927063858052,0.6809976427765185,0.5763085263804094,0.6480905141942024,0.5696377223296244,0.676576196224379,0.5732474703790542,0.6315771898961393,0.5071781367940684,0.3750021905784611,0.5732297035978724,0.6748970032399927,0.6249251174382338,0.6458294721452426,0.7072980222513988,0.8310916972867756,1.0,0.6045684044987681,0.7144725276420612,0.7254215630721073,-0.11671644312977568,0.536927688322937,0.6542579257874379,0.6173918156690176,0.7782345519118121,0.7093947677076015,0.6388453499971349,0.746582286357384,0.757036111651487,0.6769650585029733,0.6425429240389685,0.6901018381279886],[0.9850846466616566,0.9682729430321676,0.9915005744515799,0.9937289057432906,0.9884198104537087,0.967418000715588,0.9497340949037688,0.9711702837146428,0.9691227502413635,0.9939221300720094,0.9971869594067494,0.9961490214640717,0.9879654952249249,0.9835671323210462,0.9969967810260922,0.965208340066795,0.9884373154160068,0.969852000091402,0.8603795204213016,0.8562393742107309,0.6045684044987681,1.0,0.9076272568621854,0.28485974214939763,-0.2833978679300275,0.877361004081125,0.9441722696560222,0.9707250386688354,0.9370078609199147,0.9442340683164725,0.9719850748984443,0.9385897104969029,0.9036934901251789,0.9687099200936271,0.9571200256729364,0.9254315805484922],[0.9289579945163726,0.910503501958718,0.9246816977866629,0.9322341398469424,0.919867157349444,0.9003875424956719,0.897120269045551,0.899865719010541,0.9144053364100045,0.9320926691374832,0.9144930214408284,0.9279843851596816,0.9087224702056409,0.900642437671685,0.9146379961911315,0.8949807464267628,0.9079930386353882,0.9039648779677026,0.8119450999383296,0.8717421877177607,0.7144725276420612,0.9076272568621854,1.0,0.32694471800185765,-0.18975275100473482,0.7091722671976329,0.9117642112563996,0.8960511836913231,0.8999046935180532,0.857018007106329,0.9310428946239054,0.8723585724135743,0.8416733634301484,0.9265824948281591,0.876948433324486,0.8530819393800594],[0.3885005867851072,0.38847872107248216,0.21859143102926384,0.35866118572083294,0.1865406691575701,0.2607067082238383,0.11936746891016536,0.24153949568714925,0.0998269567022573,0.3638669799802986,-0.1128401558346784,0.10264591271658519,-0.38599065607473504,-0.7455871138700667,-0.11070199488978885,0.11971281523343605,-0.05341872041548349,0.2060130482539978,0.2785505511294301,0.6497173017422668,0.7254215630721073,0.28485974214939763,0.32694471800185765,1.0,-0.3844680300698803,0.2714840380614313,0.2966176864862971,0.18352461876573398,0.47576112590653746,0.468861167362463,0.32218180969696736,0.49177755865133,0.41396673203395995,0.34805790254922225,0.2693041684985571,0.38522681715725704],[-0.30096506566510794,-0.22977225794883546,-0.2251163146919652,-0.2909679827861472,-0.21585280055211015,-0.21877841996004924,-0.15614354281001114,-0.31087676567970696,-0.2321881532510397,-0.2903648962139885,0.4048402689798812,-0.19410979461542166,0.4254753273499896,0.39880743605427715,0.4047456734116588,-0.19735957774887797,0.42907038742362713,-0.29229669268838343,-0.16195444718967347,-0.5273183309859005,-0.11671644312977568,-0.2833978679300275,-0.18975275100473482,-0.3844680300698803,1.0,-0.1534007178732144,-0.29201493340019957,-0.18055164151155423,-0.38744283233147836,-0.37642120704460114,-0.32098872551363805,-0.34494558949252724,-0.20733222683442012,-0.3466277427433094,-0.1825957565315406,-0.3171043955219251],[0.8992626439362693,0.8760235923393775,0.8926222762817423,0.8934106839905952,0.8647456076254222,0.9334771649049214,0.8987342542142147,0.9055537119275282,0.8848532023339142,0.8943974419847748,0.8991964302665837,0.9112261351145323,0.8859907546297879,0.8552346799551872,0.8991077894425089,0.9412654230246309,0.9246059522845733,0.9106280049654676,0.8539861428779991,0.7092974422678321,0.536927688322937,0.877361004081125,0.7091722671976329,0.2714840380614313,-0.1534007178732144,1.0,0.7899316586007996,0.8840733881531524,0.8172454443132776,0.8620326163004901,0.82769522434106,0.870039230430112,0.8655875585885766,0.8586842402257031,0.8676428227946444,0.8974585164214931],[0.9419261907296246,0.9333979948476344,0.9392086508940533,0.9474531697822095,0.9393991339688986,0.9175410799941944,0.8986840676130452,0.9042783741500282,0.8994576841555185,0.9457971003742839,0.9158084295645883,0.9313021715955616,0.9093998340689327,0.904535191949674,0.9138143937455895,0.9077676755211075,0.9108238871184452,0.8993218857261855,0.7826475072014725,0.8621082966825274,0.6542579257874379,0.9441722696560222,0.9117642112563996,0.2966176864862971,-0.29201493340019957,0.7899316586007996,1.0,0.9097191447199716,0.9132211531880505,0.8990183271713987,0.9254705072815747,0.8982245577430942,0.8638956448900998,0.9308989058830525,0.905454463893849,0.8788018131874737],[0.9587833000677579,0.9580123257069428,0.9776922712469778,0.9641430764186096,0.9695865587644525,0.9629199198265831,0.9612692754102132,0.9422928446301596,0.9636848795715596,0.9626748392945883,0.9682264949931494,0.9591466999060005,0.9756439904526161,0.973838186886272,0.9675560949174957,0.9598233763148397,0.9675113257799884,0.9422731646945943,0.8529490809780695,0.8090668007316356,0.6173918156690176,0.9707250386688354,0.8960511836913231,0.18352461876573398,-0.18055164151155423,0.8840733881531524,0.9097191447199716,1.0,0.9087448010883352,0.8911801007983011,0.9434940951617813,0.8915286385000332,0.8863024037050115,0.948861550869061,0.973138482263633,0.8893751852717188],[0.9796224410134866,0.9593879582989386,0.9267112124224237,0.9689280706164066,0.9009407096679196,0.9599005381719032,0.9046466863797602,0.9790654235835308,0.9371827140666833,0.9686691285747767,0.9602951593934186,0.9633614042758158,0.944818358917778,0.9385655806635781,0.9605897670828303,0.9633098870275472,0.9748959694735104,0.9795415433583159,0.8896651917286347,0.9587534461529762,0.7782345519118121,0.9370078609199147,0.8999046935180532,0.47576112590653746,-0.38744283233147836,0.8172454443132776,0.9132211531880505,0.9087448010883352,1.0,0.9861672028420679,0.9639349161787363,0.9903388869460171,0.9523847267694538,0.9602036377501084,0.9154159106921519,0.967881536868872],[0.9662043446248921,0.953398110003471,0.9141580122751788,0.9620834294292683,0.895676855909094,0.9335087701746002,0.8702618029073244,0.9561537464199444,0.9037890151522882,0.9613132092318825,0.9451464754630684,0.9531956810626865,0.9129910836964812,0.8997521324413572,0.9456274402479995,0.9307368715277209,0.9512984193930689,0.9555690287264289,0.8552534623430028,0.9367924397825763,0.7093947677076015,0.9442340683164725,0.857018007106329,0.468861167362463,-0.37642120704460114,0.8620326163004901,0.8990183271713987,0.8911801007983011,0.9861672028420679,1.0,0.9521640936589122,0.983875074969042,0.9552279000709215,0.9396346925793312,0.9234934093618882,0.9629069053522209],[0.9775143491558067,0.9680228640054378,0.9669645061742403,0.979942669371037,0.9578927383301807,0.9555225505329387,0.933714115103154,0.9687027104638016,0.9602618607107463,0.9789056288322693,0.969880137590929,0.9752866076771579,0.9531771006847453,0.945753733776532,0.9698387456873323,0.9519980163273538,0.9676330879129083,0.9671632855629234,0.856092211094157,0.9004426323009252,0.6388453499971349,0.9719850748984443,0.9310428946239054,0.32218180969696736,-0.32098872551363805,0.82769522434106,0.9254705072815747,0.9434940951617813,0.9639349161787363,0.9521640936589122,1.0,0.9531994222902838,0.9144831970754917,0.9771816115571665,0.9603909448651156,0.9421275980177645],[0.9724640752663394,0.9581195231835599,0.9184731498119899,0.9613730941430165,0.8920980257442898,0.9546394369111865,0.8972321052323872,0.9652506430764264,0.9218109362776777,0.9607734019590832,0.941268342854231,0.9521301851428339,0.9186148055864227,0.918253459870827,0.9418617981646824,0.9557401957744915,0.9581396837569288,0.9638693471967792,0.8682199709072188,0.9459125498883539,0.746582286357384,0.9385897104969029,0.8723585724135743,0.49177755865133,-0.34494558949252724,0.870039230430112,0.8982245577430942,0.8915286385000332,0.9903388869460171,0.983875074969042,0.9531994222902838,1.0,0.9736870798363834,0.9460004282235049,0.9389054877595758,0.9636452401169688],[0.9437878787211815,0.9424570872392399,0.8981791747227337,0.930192465198361,0.8654883874538445,0.9543476544929151,0.9083303520874662,0.9372956714940912,0.904584606623735,0.9287480069403758,0.9107777561888462,0.9264998380580635,0.881738088082215,0.8604803044526446,0.9112923272713347,0.953646472898538,0.9384599964518066,0.9370799190624853,0.8541674030901393,0.8982449038996864,0.757036111651487,0.9036934901251789,0.8416733634301484,0.41396673203395995,-0.20733222683442012,0.8655875585885766,0.8638956448900998,0.8863024037050115,0.9523847267694538,0.9552279000709215,0.9144831970754917,0.9736870798363834,1.0,0.9073579347363105,0.9313190216459227,0.9541253894862292],[0.9816095386400792,0.9714947854494288,0.9657896659413302,0.979015853192073,0.9508320367333952,0.9606759434375146,0.9327348339498469,0.9622837185181539,0.9505868774972513,0.978195530697549,0.9682238707880282,0.9743364023585912,0.9663313351143611,0.9677368289802095,0.9681872681353317,0.9628807154276896,0.9742423134204393,0.9615672414608949,0.8542064606969736,0.9005176114411232,0.6769650585029733,0.9687099200936271,0.9265824948281591,0.34805790254922225,-0.3466277427433094,0.8586842402257031,0.9308989058830525,0.948861550869061,0.9602036377501084,0.9396346925793312,0.9771816115571665,0.9460004282235049,0.9073579347363105,1.0,0.9572958728144634,0.9424927532324926],[0.9732567224486537,0.9640680450478413,0.9734068686079146,0.9716347764386855,0.9576081066272847,0.9784226499659296,0.9674083073366655,0.9603318272248471,0.9723601519531561,0.9704013123056106,0.981269312998902,0.97020381785171,0.9796384368524795,0.9779104661497499,0.9811912482662223,0.9777501255477175,0.9861276757222301,0.9583603631993498,0.8764852867513298,0.8501616392769485,0.6425429240389685,0.9571200256729364,0.876948433324486,0.2693041684985571,-0.1825957565315406,0.8676428227946444,0.905454463893849,0.973138482263633,0.9154159106921519,0.9234934093618882,0.9603909448651156,0.9389054877595758,0.9313190216459227,0.9572958728144634,1.0,0.9203301013184576],[0.9551515307384493,0.9498131876119823,0.9195503586278906,0.9450942330163408,0.8908153638712524,0.9567084019978023,0.9120419036262097,0.9665617656112737,0.925882373808847,0.9434728488094952,0.9397682065771266,0.9488381204324373,0.9329253425605837,0.9260632341432048,0.9403883760032815,0.961199936749961,0.9631602516870534,0.9677532595385632,0.8937063418219704,0.8840644430663862,0.6901018381279886,0.9254315805484922,0.8530819393800594,0.38522681715725704,-0.3171043955219251,0.8974585164214931,0.8788018131874737,0.8893751852717188,0.967881536868872,0.9629069053522209,0.9421275980177645,0.9636452401169688,0.9541253894862292,0.9424927532324926,0.9203301013184576,1.0]],"x":["^TAIEX       \u81fa\u7063\u52a0\u6b0a\u5831\u916c\u6307\u6578","^TWII        \u81fa\u7063\u52a0\u6b0a\u6307\u6578","^TAIEXx2     \u81fa\u7063\u52a0\u6b0a\u5831\u916c\u6307\u6578_\u65e5\u6b632","^TAI50I      \u81fa\u706350\u5831\u916c\u6307\u6578","^TAI50Ix2    \u81fa\u706350\u5831\u916c\u6307\u6578_\u65e5\u6b632","^TAI100I     \u81fa\u7063\u4e2d\u578b100\u5831\u916c\u6307\u6578","^TAI100Ix2   \u81fa\u7063\u4e2d\u578b100\u5831\u916c\u6307\u6578_\u65e5\u6b632","^TAIDIVIDI   \u81fa\u7063\u9ad8\u80a1\u606f\u5831\u916c\u6307\u6578","^TAIDIVIDIx2 \u81fa\u7063\u9ad8\u80a1\u606f\u5831\u916c\u6307\u6578_\u65e5\u6b632","0050Fund     \u5143\u5927\u53f0\u7063\u5353\u8d8a50\u57fa\u91d1","006208Fund   \u5bcc\u90a6\u53f0\u7063\u91c6\u540950\u57fa\u91d1","0050         \u5143\u5927\u81fa\u706350","00631L       \u5143\u5927\u53f0\u706350\u6b632","00675L       \u5bcc\u90a6\u81fa\u7063\u52a0\u6b0a\u6b632","006208       \u5bcc\u90a6\u53f050","0051         \u5143\u5927\u4e2d\u578b100","006204       \u6c38\u8c50\u81fa\u7063\u52a0\u6b0a","0056         \u5143\u5927\u9ad8\u80a1\u606f","0056         \u5143\u5927\u9ad8\u80a1\u606f_\u80a1\u606f\u4e0d\u6295\u5165","2412         \u4e2d\u83ef\u96fb\u4fe1","2002         \u4e2d\u92fc","2330         \u53f0\u7a4d\u96fb","2317         \u9d3b\u6d77","6505         \u53f0\u5851\u77f3\u5316","3481         \u7fa4\u5275","2303         \u806f\u96fb","2308         \u53f0\u9054\u96fb","2454         \u806f\u767c\u79d1","2886         \u5146\u8c50\u91d1","2884         \u7389\u5c71\u91d1","2891         \u4e2d\u4fe1\u91d1","2892         \u7b2c\u4e00\u91d1","5880         \u5408\u5eab\u91d1","2881         \u5bcc\u90a6\u91d1","2885         \u5143\u5927\u91d1","2887         \u53f0\u65b0\u91d1"],"y":["^TAIEX       \u81fa\u7063\u52a0\u6b0a\u5831\u916c\u6307\u6578","^TWII        \u81fa\u7063\u52a0\u6b0a\u6307\u6578","^TAIEXx2     \u81fa\u7063\u52a0\u6b0a\u5831\u916c\u6307\u6578_\u65e5\u6b632","^TAI50I      \u81fa\u706350\u5831\u916c\u6307\u6578","^TAI50Ix2    \u81fa\u706350\u5831\u916c\u6307\u6578_\u65e5\u6b632","^TAI100I     \u81fa\u7063\u4e2d\u578b100\u5831\u916c\u6307\u6578","^TAI100Ix2   \u81fa\u7063\u4e2d\u578b100\u5831\u916c\u6307\u6578_\u65e5\u6b632","^TAIDIVIDI   \u81fa\u7063\u9ad8\u80a1\u606f\u5831\u916c\u6307\u6578","^TAIDIVIDIx2 \u81fa\u7063\u9ad8\u80a1\u606f\u5831\u916c\u6307\u6578_\u65e5\u6b632","0050Fund     \u5143\u5927\u53f0\u7063\u5353\u8d8a50\u57fa\u91d1","006208Fund   \u5bcc\u90a6\u53f0\u7063\u91c6\u540950\u57fa\u91d1","0050         \u5143\u5927\u81fa\u706350","00631L       \u5143\u5927\u53f0\u706350\u6b632","00675L       \u5bcc\u90a6\u81fa\u7063\u52a0\u6b0a\u6b632","006208       \u5bcc\u90a6\u53f050","0051         \u5143\u5927\u4e2d\u578b100","006204       \u6c38\u8c50\u81fa\u7063\u52a0\u6b0a","0056         \u5143\u5927\u9ad8\u80a1\u606f","0056         \u5143\u5927\u9ad8\u80a1\u606f_\u80a1\u606f\u4e0d\u6295\u5165","2412         \u4e2d\u83ef\u96fb\u4fe1","2002         \u4e2d\u92fc","2330         \u53f0\u7a4d\u96fb","2317         \u9d3b\u6d77","6505         \u53f0\u5851\u77f3\u5316","3481         \u7fa4\u5275","2303         \u806f\u96fb","2308         \u53f0\u9054\u96fb","2454         \u806f\u767c\u79d1","2886         \u5146\u8c50\u91d1","2884         \u7389\u5c71\u91d1","2891         \u4e2d\u4fe1\u91d1","2892         \u7b2c\u4e00\u91d1","5880         \u5408\u5eab\u91d1","2881         \u5bcc\u90a6\u91d1","2885         \u5143\u5927\u91d1","2887         \u53f0\u65b0\u91d1"],"zmin":-1,"zmax":1,"colorbar":{"x":-0.2}}],"layout":{"autotypenumbers":"strict","colorway":["#636efa","#EF553B","#00cc96","#ab63fa","#FFA15A","#19d3f3","#FF6692","#B6E880","#FF97FF","#FECB52"],"font":{"color":"#f2f5fa","family":"Courier New"},"hovermode":"closest","hoverlabel":{"align":"left"},"paper_bgcolor":"rgb(17,17,17)","plot_bgcolor":"rgb(17,17,17)","polar":{"bgcolor":"rgb(17,17,17)","angularaxis":{"gridcolor":"#506784","linecolor":"#506784","ticks":""},"radialaxis":{"gridcolor":"#506784","linecolor":"#506784","ticks":""}},"ternary":{"bgcolor":"rgb(17,17,17)","aaxis":{"gridcolor":"#506784","linecolor":"#506784","ticks":""},"baxis":{"gridcolor":"#506784","linecolor":"#506784","ticks":""},"caxis":{"gridcolor":"#506784","linecolor":"#506784","ticks":""}},"coloraxis":{"colorbar":{"outlinewidth":0,"ticks":""}},"colorscale":{"sequential":[[0.0,"#0d0887"],[0.1111111111111111,"#46039f"],[0.2222222222222222,"#7201a8"],[0.3333333333333333,"#9c179e"],[0.4444444444444444,"#bd3786"],[0.5555555555555556,"#d8576b"],[0.6666666666666666,"#ed7953"],[0.7777777777777778,"#fb9f3a"],[0.8888888888888888,"#fdca26"],[1.0,"#f0f921"]],"sequentialminus":[[0.0,"#0d0887"],[0.1111111111111111,"#46039f"],[0.2222222222222222,"#7201a8"],[0.3333333333333333,"#9c179e"],[0.4444444444444444,"#bd3786"],[0.5555555555555556,"#d8576b"],[0.6666666666666666,"#ed7953"],[0.7777777777777778,"#fb9f3a"],[0.8888888888888888,"#fdca26"],[1.0,"#f0f921"]],"diverging":[[0,"#8e0152"],[0.1,"#c51b7d"],[0.2,"#de77ae"],[0.3,"#f1b6da"],[0.4,"#fde0ef"],[0.5,"#f7f7f7"],[0.6,"#e6f5d0"],[0.7,"#b8e186"],[0.8,"#7fbc41"],[0.9,"#4d9221"],[1,"#276419"]]},"xaxis":{"gridcolor":"rgba(0, 0, 0, 0)","linecolor":"#506784","ticks":"","title":{"standoff":15},"zerolinecolor":"#283442","automargin":true,"zerolinewidth":2,"tickfont":{"family":"Courier New","size":14},"side":"top","tickangle":-90},"yaxis":{"gridcolor":"rgba(0, 0, 0, 0)","linecolor":"#506784","ticks":"","title":{"standoff":15},"zerolinecolor":"#283442","automargin":true,"zerolinewidth":2,"tickfont":{"family":"Courier New"},"side":"right"},"scene":{"xaxis":{"backgroundcolor":"rgb(17,17,17)","gridcolor":"#506784","linecolor":"#506784","showbackground":true,"ticks":"","zerolinecolor":"#C8D4E3","gridwidth":2},"yaxis":{"backgroundcolor":"rgb(17,17,17)","gridcolor":"#506784","linecolor":"#506784","showbackground":true,"ticks":"","zerolinecolor":"#C8D4E3","gridwidth":2},"zaxis":{"backgroundcolor":"rgb(17,17,17)","gridcolor":"#506784","linecolor":"#506784","showbackground":true,"ticks":"","zerolinecolor":"#C8D4E3","gridwidth":2}},"shapedefaults":{"line":{"color":"#f2f5fa"}},"annotationdefaults":{"arrowcolor":"#f2f5fa","arrowhead":0,"arrowwidth":1},"geo":{"bgcolor":"rgb(17,17,17)","landcolor":"rgb(17,17,17)","subunitcolor":"#506784","showland":true,"showlakes":true,"lakecolor":"rgb(17,17,17)"},"title":{"x":0.05,"font":{"family":"Times New Roman"},"y":0.05,"text":"<b>Correlation of Adj Close<b><br><i>2016-09-23 ~ 2025-10-22<i>"},"updatemenudefaults":{"bgcolor":"#506784","borderwidth":0},"sliderdefaults":{"bgcolor":"#C8D4E3","borderwidth":1,"bordercolor":"rgb(17,17,17)","tickwidth":0},"mapbox":{"style":"dark"},"annotations":[{"text":"<b>@zwindr<b>","textangle":0,"opacity":0.5,"font":{"color":"white","size":12},"xref":"paper","yref":"paper","xanchor":"left","yanchor":"bottom","x":1.0,"y":1.0,"showarrow":false}]},"config":{"responsive":true,"toImageButtonOptions":{"filename":"Correlation of Adj Close_2016-09-23~2025-10-22","scale":5}}};Plotly.newPlot("correlationAdjClose",correlationAdjClose.data,correlationAdjClose.layout||{},correlationAdjClose.config);}else{console.log("style display is none => correlationAdjClose");}