var element=document.getElementById("correlationAdjClose");if(element.style.display!='none'){var correlationAdjClose={"data":[{"type":"heatmap","z":[[1.0,0.9956973515628011,0.9689486728843487,0.9966131759433795,0.9417767634490068,0.9855813865275119,0.9587620373624531,0.9854741215815223,0.9775224623453408,0.9967609102149191,0.9963353430001795,0.9967506133709055,0.9897507286099104,0.991136959159211,0.9964450362148751,0.9869319543650681,0.999742354326084,0.9849980437523055,0.8930201353631851,0.9106758635631802,0.6534438585463385,0.9839096096836925,0.9418264107363209,0.3230458255492119,-0.27474288472932257,0.9049202131412399,0.917068647502376,0.965140313037402,0.966921025474114,0.9613916551946571,0.9818350033804003,0.9638448912449856,0.928851763379222,0.9817696029675734,0.9785939639500021,0.9602182439923507],[0.9956973515628011,1.0,0.9675183365984623,0.9925159167618419,0.940562707139794,0.9820112098270657,0.955809205506147,0.9775938532904201,0.9720971201338661,0.9936841616968273,0.9953531079316903,0.9949401067387432,0.9901088238698722,0.9906813604117692,0.9954309286192456,0.9824394701589484,0.9977599036187007,0.9792601201285502,0.9097437561506426,0.9005741321544187,0.6764240666383908,0.97135267460434,0.92587667795406,0.3212992334261287,-0.2101516529469301,0.8856601230123653,0.9145548840751638,0.9645736076139418,0.948871446176522,0.9497952238346787,0.9743092525923993,0.9503961514029271,0.927745097366074,0.9729323388842185,0.9711849084456267,0.955578492817712],[0.9689486728843487,0.9675183365984623,1.0,0.9819960003555436,0.9935365015254036,0.9650871250821829,0.9778748937750404,0.9380091893661247,0.9651972322608277,0.9818356412834728,0.9885882418710339,0.9853367116365419,0.9972409569507935,0.9970833463693235,0.9882577527384402,0.9604389778845016,0.9800209228855618,0.9370146369302119,0.8316325517039637,0.7972932198100431,0.5017020893284685,0.9915915112770753,0.9300215357148178,0.1479696674300748,-0.18997589057543773,0.872815089103035,0.9550032368099353,0.9624534172212796,0.8843566357702097,0.886975643008272,0.963119132974445,0.8841097315606837,0.8487633071900523,0.9449469287435118,0.9672327110934626,0.9119154165580181],[0.9966131759433795,0.9925159167618419,0.9819960003555436,1.0,0.9628242155535618,0.9768796584017866,0.9578207760949181,0.9734370268569396,0.9723297731293067,0.9999753043469993,0.9999933776512554,0.9999684207601891,0.9934737536526721,0.9929145430367022,0.999958593089078,0.9754946899393737,0.9959041829102626,0.9725207730087827,0.8712093145615264,0.8875246538663667,0.6091108107391457,0.9942437882696704,0.9449594818422794,0.2859851787567737,-0.25990162715575127,0.893875486724389,0.9353186354620777,0.9669505253469796,0.9486534346960871,0.9504561376910747,0.9833747233497098,0.9462141309188764,0.90714685315447,0.9755523221419441,0.9767377180090574,0.9483268467132606],[0.9417767634490068,0.940562707139794,0.9935365015254036,0.9628242155535618,1.0,0.9313514343543111,0.9539541790131858,0.8995339897435066,0.9343871363831414,0.9630838791813855,0.972901686619324,0.9687582917753712,0.9829462578033271,0.981306309230493,0.9723327056744898,0.9242906096745934,0.9547251499680582,0.8980797122605388,0.7842447677596351,0.7526811823135695,0.44143068283134,0.9805205761515736,0.9128088719021595,0.10961859254665267,-0.1722285235589066,0.8294701313112441,0.9647768751882719,0.9374897367100634,0.8379569307179626,0.8491004152515326,0.9418349353727752,0.8391956810017908,0.7959814596061026,0.9131400262000289,0.9405262229446281,0.8728210509284621],[0.9855813865275119,0.9820112098270657,0.9650871250821829,0.9768796584017866,0.9313514343543111,1.0,0.9830346851976678,0.9823846450362471,0.9845776840820454,0.976413508503068,0.9708147272171993,0.9743782327239561,0.9679934163534715,0.9655356289629665,0.9708906203954799,0.999909530158567,0.9877893677776881,0.983143341727491,0.8998675111507394,0.871489244955343,0.6297090649341686,0.9673694693687868,0.9153444540739093,0.2098985464832797,-0.20962521149035415,0.9349344352153377,0.8916973207040773,0.9682070866397465,0.955290608422264,0.9363501339422203,0.9624983861040055,0.9528602491645829,0.944821284420732,0.9656277973957846,0.9815496708515362,0.9618895139881611],[0.9587620373624531,0.955809205506147,0.9778748937750404,0.9578207760949181,0.9539541790131858,0.9830346851976678,1.0,0.9521328402028412,0.9839291116538693,0.9566904008999983,0.9655866392244866,0.96254369896686,0.9778955087872434,0.9777841471717587,0.9653976874144955,0.9841586250882334,0.975483686284457,0.9542096245580093,0.8597259111646456,0.7904105507087444,0.5154101870861261,0.9612014973897158,0.9174488288834507,0.07264387949906087,-0.14887073638385076,0.8960042383396587,0.9045778142054046,0.9635925739997251,0.8959356494950673,0.8738166639689866,0.9466255657664678,0.893153329314243,0.890270614744123,0.938467696791458,0.9728360042005436,0.9197690598613657],[0.9854741215815223,0.9775938532904201,0.9380091893661247,0.9734370268569396,0.8995339897435066,0.9823846450362471,0.9521328402028412,1.0,0.984068095388266,0.9734156170022825,0.9676900113894408,0.9720837569503699,0.9512675335775866,0.9493783441289747,0.9680192859423415,0.9840561387134504,0.9821532903279039,0.9998917778371623,0.9295385223865598,0.9315660379362265,0.6009975371289297,0.9573876411630297,0.9080810420190251,0.18388327065331933,-0.29604434113395417,0.9139096817767796,0.8484081066150785,0.9483768274474293,0.9782733941798663,0.9602276211739068,0.9672812217827961,0.967443468266845,0.9365492477329059,0.9667429800739176,0.9606339877919516,0.9704117401855314],[0.9775224623453408,0.9720971201338661,0.9651972322608277,0.9723297731293067,0.9343871363831414,0.9845776840820454,0.9839291116538693,0.984068095388266,1.0,0.971708237451706,0.9669609350672186,0.9703119874549363,0.9623320268873117,0.958114244018866,0.966994372795982,0.9840863298491654,0.9764812911814572,0.9834300012997677,0.9020608389495677,0.8660528437336067,0.5143588838746405,0.9670918566729652,0.927820591188807,0.04499969154028453,-0.2179710205274542,0.893550166851565,0.871472993587583,0.9691612332730148,0.9355968678729919,0.9115189567521189,0.9664342172171683,0.9250689098441552,0.8998600160874236,0.9579126381670267,0.9762290396503628,0.936896977000699],[0.9967609102149191,0.9936841616968273,0.9818356412834728,0.9999753043469993,0.9630838791813855,0.976413508503068,0.9566904008999983,0.9734156170022825,0.971708237451706,1.0,0.9999923731780919,0.9999847394605376,0.9934500862303088,0.9928915719897824,0.9999616812035195,0.9750425310330909,0.9957950268877174,0.9725867013370968,0.8727941387463033,0.888798820149648,0.6046270596877314,0.994451542650187,0.9451446292818618,0.29067359436595175,-0.2593687806508544,0.8941969414219294,0.933949673976108,0.965732470349752,0.9482254863423799,0.9495681371325679,0.9826594263878432,0.9455404060856449,0.905744242594388,0.9747850111647798,0.9759395361413995,0.9471725411234722],[0.9963353430001795,0.9953531079316903,0.9885882418710339,0.9999933776512554,0.972901686619324,0.9708147272171993,0.9655866392244866,0.9676900113894408,0.9669609350672186,0.9999923731780919,1.0,0.999977571057397,0.9935206173361012,0.9929423775177783,0.99996385792944,0.9704803255201819,0.9956154886593318,0.9679727320787272,0.8898430054997343,0.9175147113888603,0.46109999452154005,0.9974093404708441,0.9343617451643246,-0.18864998108516393,0.45613437362813697,0.8866184740835297,0.9131519489474629,0.9657046296140572,0.9348597238709953,0.9324577974929295,0.9765475733431501,0.9233349290044822,0.8747291178539658,0.9655178483198014,0.983030598016414,0.9443513267691347],[0.9967506133709055,0.9949401067387432,0.9853367116365419,0.9999684207601891,0.9687582917753712,0.9743782327239561,0.96254369896686,0.9720837569503699,0.9703119874549363,0.9999847394605376,0.999977571057397,1.0,0.993462365769225,0.9928841858364946,0.9999714212397781,0.9742025360236368,0.9957156266185198,0.9718789464380436,0.8798302497652375,0.9058145418110003,0.5346905359328454,0.9964706727168176,0.9432130589327823,0.019746957918285422,-0.13992038864879983,0.9025459830485758,0.9229039519534247,0.9616454337242551,0.9398460077840609,0.9394071758778806,0.9799505995730902,0.934816119155032,0.8964338208392366,0.9708677597683357,0.9759485192385106,0.9498330110776484],[0.9897507286099104,0.9901088238698722,0.9972409569507935,0.9934737536526721,0.9829462578033271,0.9679934163534715,0.9778955087872434,0.9512675335775866,0.9623320268873117,0.9934500862303088,0.9935206173361012,0.993462365769225,1.0,0.9998305744647097,0.99343032565644,0.9662164483718206,0.9903819089261539,0.9513530572669162,0.864307548739847,0.8984728578065686,0.36544808044904803,0.9916714229064771,0.9267749845460365,-0.4323608647291079,0.4822675642246222,0.8595733585958774,0.9271243811947285,0.9601507510261275,0.9025719418834521,0.8962689830841304,0.9618621921892234,0.8906492865108586,0.8258780680564187,0.9523128036219913,0.9752282658775859,0.9344550280691323],[0.991136959159211,0.9906813604117692,0.9970833463693235,0.9929145430367022,0.981306309230493,0.9655356289629665,0.9777841471717587,0.9493783441289747,0.958114244018866,0.9928915719897824,0.9929423775177783,0.9928841858364946,0.9998305744647097,1.0,0.9929638611830951,0.9636888878030138,0.9915690610351078,0.9495728954822839,0.8478844046953107,0.9088207567807912,0.2182524818508083,0.9892698622740865,0.9201594901416741,-0.7346235042755661,0.4613375159098445,0.8298214558611178,0.9281610235344534,0.9548694625023734,0.8931663064490691,0.8891268389511077,0.9575390374979945,0.892238212333165,0.8006314605346366,0.9493805264112858,0.973815981810934,0.9330742879630551],[0.9964450362148751,0.9954309286192456,0.9882577527384402,0.999958593089078,0.9723327056744898,0.9708906203954799,0.9653976874144955,0.9680192859423415,0.966994372795982,0.9999616812035195,0.99996385792944,0.9999714212397781,0.99343032565644,0.9929638611830951,1.0,0.9706354780061573,0.9957182044266076,0.9681956745996825,0.8902895414916318,0.91813068573176,0.46133438805797017,0.9972243655332484,0.9343574721883586,-0.18605733681453546,0.4594704959924785,0.8869760130541621,0.9121012105879853,0.9654855266406981,0.9350081834525967,0.9328562518397567,0.9765498782436278,0.923817325610626,0.8751203132663778,0.965398588073535,0.9830919809098773,0.9450924000339632],[0.9869319543650681,0.9824394701589484,0.9604389778845016,0.9754946899393737,0.9242906096745934,0.999909530158567,0.9841586250882334,0.9840561387134504,0.9840863298491654,0.9750425310330909,0.9704803255201819,0.9742025360236368,0.9662164483718206,0.9636888878030138,0.9706354780061573,1.0,0.9877758439794531,0.9832678869591295,0.90246414339449,0.8954432890520951,0.6060862905147542,0.9647022280895041,0.9122748986994612,0.057480950775069165,-0.17168664046282295,0.9416324567434018,0.8775928000827915,0.966489307243971,0.9569591584170595,0.9340143624498413,0.9603284530142405,0.9532862068757345,0.9408695550686288,0.9675645429132264,0.9810194602732614,0.9664124183548796],[0.999742354326084,0.9977599036187007,0.9800209228855618,0.9959041829102626,0.9547251499680582,0.9877893677776881,0.975483686284457,0.9821532903279039,0.9764812911814572,0.9957950268877174,0.9956154886593318,0.9957156266185198,0.9903819089261539,0.9915690610351078,0.9957182044266076,0.9877758439794531,1.0,0.9824003442063921,0.9139303376842379,0.9317600343579976,0.5257311583151176,0.9883475916779354,0.9276874702274028,-0.12901188128861657,0.478634193142996,0.9172308480640525,0.8965846468599684,0.9702052589054951,0.9569667640711014,0.9449647679092037,0.9751089139002938,0.9461255629021542,0.9111930799110332,0.9743684462665979,0.9888490246016458,0.966181203570542],[0.9849980437523055,0.9792601201285502,0.9370146369302119,0.9725207730087827,0.8980797122605388,0.983143341727491,0.9542096245580093,0.9998917778371623,0.9834300012997677,0.9725867013370968,0.9679727320787272,0.9718789464380436,0.9513530572669162,0.9495728954822839,0.9681956745996825,0.9832678869591295,0.9824003442063921,1.0,0.932371336004891,0.9377791378962298,0.5975158955936852,0.9554256606001341,0.9114105838594213,0.14689930660612785,-0.26730625278558173,0.9183606846045967,0.8430072746081344,0.9481902159031206,0.9787758986658607,0.9597690990601708,0.9655748014614233,0.9663086122553695,0.9361242579706316,0.9659796920864315,0.9586666998699018,0.9713291004242842],[0.8930201353631851,0.9097437561506426,0.8316325517039637,0.8712093145615264,0.7842447677596351,0.8998675111507394,0.8597259111646456,0.9295385223865598,0.9020608389495677,0.8727941387463033,0.8898430054997343,0.8798302497652375,0.864307548739847,0.8478844046953107,0.8902895414916318,0.90246414339449,0.9139303376842379,0.932371336004891,1.0,0.8372689335812485,0.6793395247026612,0.84025697337667,0.8110998091588207,0.23480601871220022,-0.1523861038028514,0.8645562405602976,0.7150216215149066,0.8575369267485448,0.8977314839195653,0.8663566982864864,0.8528009891558415,0.8782616083469974,0.8638059402764958,0.8601435657478694,0.8707313712864803,0.8972769167943391],[0.9106758635631802,0.9005741321544187,0.7972932198100431,0.8875246538663667,0.7526811823135695,0.871489244955343,0.7904105507087444,0.9315660379362265,0.8660528437336067,0.888798820149648,0.9175147113888603,0.9058145418110003,0.8984728578065686,0.9088207567807912,0.91813068573176,0.8954432890520951,0.9317600343579976,0.9377791378962298,0.8372689335812485,1.0,0.8163409463784467,0.8350092177416283,0.8663822444533995,0.6126742574882477,-0.511180189077062,0.7300349076460559,0.7784310039629373,0.8163291271668608,0.9611331083340758,0.9397988804138747,0.8906994719850438,0.9491530534715689,0.9048659933547085,0.9009402341839503,0.8477690554696155,0.8867821353862178],[0.6534438585463385,0.6764240666383908,0.5017020893284685,0.6091108107391457,0.44143068283134,0.6297090649341686,0.5154101870861261,0.6009975371289297,0.5143588838746405,0.6046270596877314,0.46109999452154005,0.5346905359328454,0.36544808044904803,0.2182524818508083,0.46133438805797017,0.6060862905147542,0.5257311583151176,0.5975158955936852,0.6793395247026612,0.8163409463784467,1.0,0.5421228534736391,0.6631824060982708,0.7223974994771699,-0.11582631148062948,0.525999619723241,0.5162912251979466,0.5824796415190001,0.7608449773297641,0.6861954517572799,0.5876595072541049,0.7219589732081036,0.7454703852436444,0.6398875136566853,0.599300934777594,0.6547406069882371],[0.9839096096836925,0.97135267460434,0.9915915112770753,0.9942437882696704,0.9805205761515736,0.9673694693687868,0.9612014973897158,0.9573876411630297,0.9670918566729652,0.994451542650187,0.9974093404708441,0.9964706727168176,0.9916714229064771,0.9892698622740865,0.9972243655332484,0.9647022280895041,0.9883475916779354,0.9554256606001341,0.84025697337667,0.8350092177416283,0.5421228534736391,1.0,0.922470293794935,0.21495793795961696,-0.2467391740851792,0.8747461613663322,0.9467559940101142,0.9675013822014995,0.9107562511492504,0.9265256211356273,0.9745978888731027,0.917605741563232,0.8738594603425859,0.9609541771104876,0.9628531085378954,0.9271174961261824],[0.9418264107363209,0.92587667795406,0.9300215357148178,0.9449594818422794,0.9128088719021595,0.9153444540739093,0.9174488288834507,0.9080810420190251,0.927820591188807,0.9451446292818618,0.9343617451643246,0.9432130589327823,0.9267749845460365,0.9201594901416741,0.9343574721883586,0.9122748986994612,0.9276874702274028,0.9114105838594213,0.8110998091588207,0.8663822444533995,0.6631824060982708,0.922470293794935,1.0,0.2639655030334366,-0.17619540611480203,0.7414384896829778,0.8958724607807145,0.910225303706478,0.8990073316074977,0.8673798653269612,0.9431985099718236,0.8771913189971491,0.8417168240674063,0.937050789619317,0.899028113338308,0.8728678589507867],[0.3230458255492119,0.3212992334261287,0.1479696674300748,0.2859851787567737,0.10961859254665267,0.2098985464832797,0.07264387949906087,0.18388327065331933,0.04499969154028453,0.29067359436595175,-0.18864998108516393,0.019746957918285422,-0.4323608647291079,-0.7346235042755661,-0.18605733681453546,0.057480950775069165,-0.12901188128861657,0.14689930660612785,0.23480601871220022,0.6126742574882477,0.7223974994771699,0.21495793795961696,0.2639655030334366,1.0,-0.3792196831784459,0.24173864764470251,0.17961019517972576,0.1477396593695475,0.439765180359531,0.42755005933947704,0.2626675191994879,0.4521225015844499,0.3868331224774842,0.29968201180494236,0.21757383739534278,0.33639779937586733],[-0.27474288472932257,-0.2101516529469301,-0.18997589057543773,-0.25990162715575127,-0.1722285235589066,-0.20962521149035415,-0.14887073638385076,-0.29604434113395417,-0.2179710205274542,-0.2593687806508544,0.45613437362813697,-0.13992038864879983,0.4822675642246222,0.4613375159098445,0.4594704959924785,-0.17168664046282295,0.478634193142996,-0.26730625278558173,-0.1523861038028514,-0.511180189077062,-0.11582631148062948,-0.2467391740851792,-0.17619540611480203,-0.3792196831784459,1.0,-0.14995144107810843,-0.2149002853460656,-0.1703080652009976,-0.37630386023154616,-0.3622053266444889,-0.29120268727537385,-0.3340465557655959,-0.20623572513923577,-0.3257102882266188,-0.16941792292210184,-0.29829671199266405],[0.9049202131412399,0.8856601230123653,0.872815089103035,0.893875486724389,0.8294701313112441,0.9349344352153377,0.8960042383396587,0.9139096817767796,0.893550166851565,0.8941969414219294,0.8866184740835297,0.9025459830485758,0.8595733585958774,0.8298214558611178,0.8869760130541621,0.9416324567434018,0.9172308480640525,0.9183606846045967,0.8645562405602976,0.7300349076460559,0.525999619723241,0.8747461613663322,0.7414384896829778,0.24173864764470251,-0.14995144107810843,1.0,0.7668142190859405,0.8953035867082402,0.8314360629528419,0.8751903596242876,0.8436644987464886,0.8810743995686436,0.8723064174472582,0.8716169178074854,0.8784009165278831,0.908054153039051],[0.917068647502376,0.9145548840751638,0.9550032368099353,0.9353186354620777,0.9647768751882719,0.8916973207040773,0.9045778142054046,0.8484081066150785,0.871472993587583,0.933949673976108,0.9131519489474629,0.9229039519534247,0.9271243811947285,0.9281610235344534,0.9121012105879853,0.8775928000827915,0.8965846468599684,0.8430072746081344,0.7150216215149066,0.7784310039629373,0.5162912251979466,0.9467559940101142,0.8958724607807145,0.17961019517972576,-0.2149002853460656,0.7668142190859405,1.0,0.8848625270104401,0.8309453039185838,0.83530510947827,0.9093405543732774,0.8255370746533595,0.7807326532777847,0.8867234867691408,0.8965944083509954,0.8511037413271122],[0.965140313037402,0.9645736076139418,0.9624534172212796,0.9669505253469796,0.9374897367100634,0.9682070866397465,0.9635925739997251,0.9483768274474293,0.9691612332730148,0.965732470349752,0.9657046296140572,0.9616454337242551,0.9601507510261275,0.9548694625023734,0.9654855266406981,0.966489307243971,0.9702052589054951,0.9481902159031206,0.8575369267485448,0.8163291271668608,0.5824796415190001,0.9675013822014995,0.910225303706478,0.1477396593695475,-0.1703080652009976,0.8953035867082402,0.8848625270104401,1.0,0.9093162187322839,0.9000612323626721,0.9521198048261658,0.8975580254633633,0.88348866885972,0.9540288049398354,0.9767757066106804,0.9063278865484228],[0.966921025474114,0.948871446176522,0.8843566357702097,0.9486534346960871,0.8379569307179626,0.955290608422264,0.8959356494950673,0.9782733941798663,0.9355968678729919,0.9482254863423799,0.9348597238709953,0.9398460077840609,0.9025719418834521,0.8931663064490691,0.9350081834525967,0.9569591584170595,0.9569667640711014,0.9787758986658607,0.8977314839195653,0.9611331083340758,0.7608449773297641,0.9107562511492504,0.8990073316074977,0.439765180359531,-0.37630386023154616,0.8314360629528419,0.8309453039185838,0.9093162187322839,1.0,0.9866567981221316,0.9518587196343267,0.9910154579755588,0.955401690828241,0.9588707193845143,0.9109457436543879,0.9651593337421938],[0.9613916551946571,0.9497952238346787,0.886975643008272,0.9504561376910747,0.8491004152515326,0.9363501339422203,0.8738166639689866,0.9602276211739068,0.9115189567521189,0.9495681371325679,0.9324577974929295,0.9394071758778806,0.8962689830841304,0.8891268389511077,0.9328562518397567,0.9340143624498413,0.9449647679092037,0.9597690990601708,0.8663566982864864,0.9397988804138747,0.6861954517572799,0.9265256211356273,0.8673798653269612,0.42755005933947704,-0.3622053266444889,0.8751903596242876,0.83530510947827,0.9000612323626721,0.9866567981221316,1.0,0.9484136709597393,0.9852391535059956,0.9564616540856241,0.9441659989790884,0.9251638040567797,0.9647136580588874],[0.9818350033804003,0.9743092525923993,0.963119132974445,0.9833747233497098,0.9418349353727752,0.9624983861040055,0.9466255657664678,0.9672812217827961,0.9664342172171683,0.9826594263878432,0.9765475733431501,0.9799505995730902,0.9618621921892234,0.9575390374979945,0.9765498782436278,0.9603284530142405,0.9751089139002938,0.9655748014614233,0.8528009891558415,0.8906994719850438,0.5876595072541049,0.9745978888731027,0.9431985099718236,0.2626675191994879,-0.29120268727537385,0.8436644987464886,0.9093405543732774,0.9521198048261658,0.9518587196343267,0.9484136709597393,1.0,0.9459123993847736,0.9019512562401947,0.9777990448025512,0.9684977308643427,0.948782507754345],[0.9638448912449856,0.9503961514029271,0.8841097315606837,0.9462141309188764,0.8391956810017908,0.9528602491645829,0.893153329314243,0.967443468266845,0.9250689098441552,0.9455404060856449,0.9233349290044822,0.934816119155032,0.8906492865108586,0.892238212333165,0.923817325610626,0.9532862068757345,0.9461255629021542,0.9663086122553695,0.8782616083469974,0.9491530534715689,0.7219589732081036,0.917605741563232,0.8771913189971491,0.4521225015844499,-0.3340465557655959,0.8810743995686436,0.8255370746533595,0.8975580254633633,0.9910154579755588,0.9852391535059956,0.9459123993847736,1.0,0.9743766517948441,0.9483443419272566,0.9346548352702568,0.9634170273100428],[0.928851763379222,0.927745097366074,0.8487633071900523,0.90714685315447,0.7959814596061026,0.944821284420732,0.890270614744123,0.9365492477329059,0.8998600160874236,0.905744242594388,0.8747291178539658,0.8964338208392366,0.8258780680564187,0.8006314605346366,0.8751203132663778,0.9408695550686288,0.9111930799110332,0.9361242579706316,0.8638059402764958,0.9048659933547085,0.7454703852436444,0.8738594603425859,0.8417168240674063,0.3868331224774842,-0.20623572513923577,0.8723064174472582,0.7807326532777847,0.88348866885972,0.955401690828241,0.9564616540856241,0.9019512562401947,0.9743766517948441,1.0,0.9069417862078063,0.917813262048274,0.94847464331047],[0.9817696029675734,0.9729323388842185,0.9449469287435118,0.9755523221419441,0.9131400262000289,0.9656277973957846,0.938467696791458,0.9667429800739176,0.9579126381670267,0.9747850111647798,0.9655178483198014,0.9708677597683357,0.9523128036219913,0.9493805264112858,0.965398588073535,0.9675645429132264,0.9743684462665979,0.9659796920864315,0.8601435657478694,0.9009402341839503,0.6398875136566853,0.9609541771104876,0.937050789619317,0.29968201180494236,-0.3257102882266188,0.8716169178074854,0.8867234867691408,0.9540288049398354,0.9588707193845143,0.9441659989790884,0.9777990448025512,0.9483443419272566,0.9069417862078063,1.0,0.9615151795612207,0.9492045798639668],[0.9785939639500021,0.9711849084456267,0.9672327110934626,0.9767377180090574,0.9405262229446281,0.9815496708515362,0.9728360042005436,0.9606339877919516,0.9762290396503628,0.9759395361413995,0.983030598016414,0.9759485192385106,0.9752282658775859,0.973815981810934,0.9830919809098773,0.9810194602732614,0.9888490246016458,0.9586666998699018,0.8707313712864803,0.8477690554696155,0.599300934777594,0.9628531085378954,0.899028113338308,0.21757383739534278,-0.16941792292210184,0.8784009165278831,0.8965944083509954,0.9767757066106804,0.9109457436543879,0.9251638040567797,0.9684977308643427,0.9346548352702568,0.917813262048274,0.9615151795612207,1.0,0.9316144629490266],[0.9602182439923507,0.955578492817712,0.9119154165580181,0.9483268467132606,0.8728210509284621,0.9618895139881611,0.9197690598613657,0.9704117401855314,0.936896977000699,0.9471725411234722,0.9443513267691347,0.9498330110776484,0.9344550280691323,0.9330742879630551,0.9450924000339632,0.9664124183548796,0.966181203570542,0.9713291004242842,0.8972769167943391,0.8867821353862178,0.6547406069882371,0.9271174961261824,0.8728678589507867,0.33639779937586733,-0.29829671199266405,0.908054153039051,0.8511037413271122,0.9063278865484228,0.9651593337421938,0.9647136580588874,0.948782507754345,0.9634170273100428,0.94847464331047,0.9492045798639668,0.9316144629490266,1.0]],"x":["^TAIEX       \u81fa\u7063\u52a0\u6b0a\u5831\u916c\u6307\u6578","^TWII        \u81fa\u7063\u52a0\u6b0a\u6307\u6578","^TAIEXx2     \u81fa\u7063\u52a0\u6b0a\u5831\u916c\u6307\u6578_\u65e5\u6b632","^TAI50I      \u81fa\u706350\u5831\u916c\u6307\u6578","^TAI50Ix2    \u81fa\u706350\u5831\u916c\u6307\u6578_\u65e5\u6b632","^TAI100I     \u81fa\u7063\u4e2d\u578b100\u5831\u916c\u6307\u6578","^TAI100Ix2   \u81fa\u7063\u4e2d\u578b100\u5831\u916c\u6307\u6578_\u65e5\u6b632","^TAIDIVIDI   \u81fa\u7063\u9ad8\u80a1\u606f\u5831\u916c\u6307\u6578","^TAIDIVIDIx2 \u81fa\u7063\u9ad8\u80a1\u606f\u5831\u916c\u6307\u6578_\u65e5\u6b632","0050Fund     \u5143\u5927\u53f0\u7063\u5353\u8d8a50\u57fa\u91d1","006208Fund   \u5bcc\u90a6\u53f0\u7063\u91c6\u540950\u57fa\u91d1","0050         \u5143\u5927\u81fa\u706350","00631L       \u5143\u5927\u53f0\u706350\u6b632","00675L       \u5bcc\u90a6\u81fa\u7063\u52a0\u6b0a\u6b632","006208       \u5bcc\u90a6\u53f050","0051         \u5143\u5927\u4e2d\u578b100","006204       \u6c38\u8c50\u81fa\u7063\u52a0\u6b0a","0056         \u5143\u5927\u9ad8\u80a1\u606f","0056         \u5143\u5927\u9ad8\u80a1\u606f_\u80a1\u606f\u4e0d\u6295\u5165","2412         \u4e2d\u83ef\u96fb\u4fe1","2002         \u4e2d\u92fc","2330         \u53f0\u7a4d\u96fb","2317         \u9d3b\u6d77","6505         \u53f0\u5851\u77f3\u5316","3481         \u7fa4\u5275","2303         \u806f\u96fb","2308         \u53f0\u9054\u96fb","2454         \u806f\u767c\u79d1","2886         \u5146\u8c50\u91d1","2884         \u7389\u5c71\u91d1","2891         \u4e2d\u4fe1\u91d1","2892         \u7b2c\u4e00\u91d1","5880         \u5408\u5eab\u91d1","2881         \u5bcc\u90a6\u91d1","2885         \u5143\u5927\u91d1","2887         \u53f0\u65b0\u91d1"],"y":["^TAIEX       \u81fa\u7063\u52a0\u6b0a\u5831\u916c\u6307\u6578","^TWII        \u81fa\u7063\u52a0\u6b0a\u6307\u6578","^TAIEXx2     \u81fa\u7063\u52a0\u6b0a\u5831\u916c\u6307\u6578_\u65e5\u6b632","^TAI50I      \u81fa\u706350\u5831\u916c\u6307\u6578","^TAI50Ix2    \u81fa\u706350\u5831\u916c\u6307\u6578_\u65e5\u6b632","^TAI100I     \u81fa\u7063\u4e2d\u578b100\u5831\u916c\u6307\u6578","^TAI100Ix2   \u81fa\u7063\u4e2d\u578b100\u5831\u916c\u6307\u6578_\u65e5\u6b632","^TAIDIVIDI   \u81fa\u7063\u9ad8\u80a1\u606f\u5831\u916c\u6307\u6578","^TAIDIVIDIx2 \u81fa\u7063\u9ad8\u80a1\u606f\u5831\u916c\u6307\u6578_\u65e5\u6b632","0050Fund     \u5143\u5927\u53f0\u7063\u5353\u8d8a50\u57fa\u91d1","006208Fund   \u5bcc\u90a6\u53f0\u7063\u91c6\u540950\u57fa\u91d1","0050         \u5143\u5927\u81fa\u706350","00631L       \u5143\u5927\u53f0\u706350\u6b632","00675L       \u5bcc\u90a6\u81fa\u7063\u52a0\u6b0a\u6b632","006208       \u5bcc\u90a6\u53f050","0051         \u5143\u5927\u4e2d\u578b100","006204       \u6c38\u8c50\u81fa\u7063\u52a0\u6b0a","0056         \u5143\u5927\u9ad8\u80a1\u606f","0056         \u5143\u5927\u9ad8\u80a1\u606f_\u80a1\u606f\u4e0d\u6295\u5165","2412         \u4e2d\u83ef\u96fb\u4fe1","2002         \u4e2d\u92fc","2330         \u53f0\u7a4d\u96fb","2317         \u9d3b\u6d77","6505         \u53f0\u5851\u77f3\u5316","3481         \u7fa4\u5275","2303         \u806f\u96fb","2308         \u53f0\u9054\u96fb","2454         \u806f\u767c\u79d1","2886         \u5146\u8c50\u91d1","2884         \u7389\u5c71\u91d1","2891         \u4e2d\u4fe1\u91d1","2892         \u7b2c\u4e00\u91d1","5880         \u5408\u5eab\u91d1","2881         \u5bcc\u90a6\u91d1","2885         \u5143\u5927\u91d1","2887         \u53f0\u65b0\u91d1"],"zmin":-1,"zmax":1,"colorbar":{"x":-0.2}}],"layout":{"autotypenumbers":"strict","colorway":["#636efa","#EF553B","#00cc96","#ab63fa","#FFA15A","#19d3f3","#FF6692","#B6E880","#FF97FF","#FECB52"],"font":{"color":"#f2f5fa","family":"Courier New"},"hovermode":"closest","hoverlabel":{"align":"left"},"paper_bgcolor":"rgb(17,17,17)","plot_bgcolor":"rgb(17,17,17)","polar":{"bgcolor":"rgb(17,17,17)","angularaxis":{"gridcolor":"#506784","linecolor":"#506784","ticks":""},"radialaxis":{"gridcolor":"#506784","linecolor":"#506784","ticks":""}},"ternary":{"bgcolor":"rgb(17,17,17)","aaxis":{"gridcolor":"#506784","linecolor":"#506784","ticks":""},"baxis":{"gridcolor":"#506784","linecolor":"#506784","ticks":""},"caxis":{"gridcolor":"#506784","linecolor":"#506784","ticks":""}},"coloraxis":{"colorbar":{"outlinewidth":0,"ticks":""}},"colorscale":{"sequential":[[0.0,"#0d0887"],[0.1111111111111111,"#46039f"],[0.2222222222222222,"#7201a8"],[0.3333333333333333,"#9c179e"],[0.4444444444444444,"#bd3786"],[0.5555555555555556,"#d8576b"],[0.6666666666666666,"#ed7953"],[0.7777777777777778,"#fb9f3a"],[0.8888888888888888,"#fdca26"],[1.0,"#f0f921"]],"sequentialminus":[[0.0,"#0d0887"],[0.1111111111111111,"#46039f"],[0.2222222222222222,"#7201a8"],[0.3333333333333333,"#9c179e"],[0.4444444444444444,"#bd3786"],[0.5555555555555556,"#d8576b"],[0.6666666666666666,"#ed7953"],[0.7777777777777778,"#fb9f3a"],[0.8888888888888888,"#fdca26"],[1.0,"#f0f921"]],"diverging":[[0,"#8e0152"],[0.1,"#c51b7d"],[0.2,"#de77ae"],[0.3,"#f1b6da"],[0.4,"#fde0ef"],[0.5,"#f7f7f7"],[0.6,"#e6f5d0"],[0.7,"#b8e186"],[0.8,"#7fbc41"],[0.9,"#4d9221"],[1,"#276419"]]},"xaxis":{"gridcolor":"rgba(0, 0, 0, 0)","linecolor":"#506784","ticks":"","title":{"standoff":15},"zerolinecolor":"#283442","automargin":true,"zerolinewidth":2,"tickfont":{"family":"Courier New","size":14},"side":"top","tickangle":-90},"yaxis":{"gridcolor":"rgba(0, 0, 0, 0)","linecolor":"#506784","ticks":"","title":{"standoff":15},"zerolinecolor":"#283442","automargin":true,"zerolinewidth":2,"tickfont":{"family":"Courier New"},"side":"right"},"scene":{"xaxis":{"backgroundcolor":"rgb(17,17,17)","gridcolor":"#506784","linecolor":"#506784","showbackground":true,"ticks":"","zerolinecolor":"#C8D4E3","gridwidth":2},"yaxis":{"backgroundcolor":"rgb(17,17,17)","gridcolor":"#506784","linecolor":"#506784","showbackground":true,"ticks":"","zerolinecolor":"#C8D4E3","gridwidth":2},"zaxis":{"backgroundcolor":"rgb(17,17,17)","gridcolor":"#506784","linecolor":"#506784","showbackground":true,"ticks":"","zerolinecolor":"#C8D4E3","gridwidth":2}},"shapedefaults":{"line":{"color":"#f2f5fa"}},"annotationdefaults":{"arrowcolor":"#f2f5fa","arrowhead":0,"arrowwidth":1},"geo":{"bgcolor":"rgb(17,17,17)","landcolor":"rgb(17,17,17)","subunitcolor":"#506784","showland":true,"showlakes":true,"lakecolor":"rgb(17,17,17)"},"title":{"x":0.05,"font":{"family":"Times New Roman"},"y":0.05,"text":"<b>Correlation of Adj Close<b><br><i>2016-09-23 ~ 2026-02-26<i>"},"updatemenudefaults":{"bgcolor":"#506784","borderwidth":0},"sliderdefaults":{"bgcolor":"#C8D4E3","borderwidth":1,"bordercolor":"rgb(17,17,17)","tickwidth":0},"mapbox":{"style":"dark"},"annotations":[{"text":"<b>@zwindr<b>","textangle":0,"opacity":0.5,"font":{"color":"white","size":12},"xref":"paper","yref":"paper","xanchor":"left","yanchor":"bottom","x":1.0,"y":1.0,"showarrow":false}]},"config":{"responsive":true,"toImageButtonOptions":{"filename":"Correlation of Adj Close_2016-09-23~2026-02-26","scale":5}}};Plotly.newPlot("correlationAdjClose",correlationAdjClose.data,correlationAdjClose.layout||{},correlationAdjClose.config);}else{console.log("style display is none => correlationAdjClose");}