var element=document.getElementById("correlationClose");if(element.style.display!='none'){var correlationClose={"data":[{"type":"heatmap","z":[[1.0,0.9999999999999974,1.0,0.9950047181862659,0.9950047181862659,0.9724419687447545,0.9724419687447545,0.9145616571152035,0.9145616571152035,0.7404845898658106,0.9951637042340201,0.6836633132550552,0.9562629934778741,0.9912057599580569,0.9952411772513601,0.9776551806650247,0.9992759012417802,0.907067429800799,0.907067429800799,0.7709232250771063,-0.19092298972134453,0.9805432445672935,0.24874809642783952,-0.16541159117592857,-0.22505683823362976,0.8219976334612574,0.895086347507174,0.9266970993074874,0.9062908132211761,0.7867295607657193,0.648659830862825,0.6531266142629125,0.60696275050213,0.9300000440466587,0.8654042251836218,0.26670128584157443],[0.9999999999999974,1.0,0.9999999999999977,0.9949671093681455,0.9949671093681455,0.9719178911041699,0.9719178911041699,0.9151441907360773,0.9151441907360773,0.7433688653677949,0.995143943957789,0.6855325272104097,0.9560335871046474,0.9907874523134405,0.9952363604974048,0.9772267945360926,0.9992732391207874,0.9070361051072502,0.9070361051072502,0.7884429211396873,0.02055590924229708,0.9733254656377364,0.010745563275349344,-0.1570859144275576,-0.22605635047814865,0.6683542054516959,0.894454529977583,0.9060789844235291,0.9029344156811661,0.7950868307262324,0.6388436840416933,0.6505979125674625,0.6322363889678749,0.928970448287012,0.7383469621250343,0.2614331272448036],[1.0,0.9999999999999977,1.0,0.9950047181862659,0.9950047181862659,0.9724419687447545,0.9724419687447545,0.9145616571152035,0.9145616571152035,0.7404845898658106,0.9951637042340201,0.6836633132550552,0.9562629934778741,0.9912057599580569,0.9952411772513601,0.9776551806650247,0.9992759012417802,0.907067429800799,0.907067429800799,0.7709232250771063,-0.19092298972134453,0.9805432445672935,0.24874809642783952,-0.16541159117592857,-0.22505683823362976,0.8219976334612574,0.895086347507174,0.9266970993074874,0.9062908132211761,0.7867295607657193,0.648659830862825,0.6531266142629125,0.60696275050213,0.9300000440466587,0.8654042251836218,0.26670128584157443],[0.9950047181862659,0.9949671093681455,0.9950047181862659,1.0,1.0,0.960236711495235,0.960236711495235,0.8970431012513702,0.8970431012513702,0.7001686982347871,0.9996423992888369,0.6429875319118891,0.9541190132570764,0.9914267788182514,0.9995952084916335,0.9608599104672948,0.9952618485723123,0.8776363706235233,0.8776363706235233,0.7398765366443935,-0.1985184033095264,0.9925955118272137,0.27713918479332605,-0.20074199973836232,-0.22046638078609807,0.807492423530962,0.9161296923454846,0.9247750043041594,0.8824710226686947,0.7839238277649578,0.6782882983571263,0.6424815787835492,0.5716213293638518,0.9146945531380063,0.8575104543724076,0.28196108254925417],[0.9950047181862659,0.9949671093681455,0.9950047181862659,1.0,1.0,0.960236711495235,0.960236711495235,0.8970431012513702,0.8970431012513702,0.7001686982347871,0.9996423992888369,0.6429875319118891,0.9541190132570764,0.9914267788182514,0.9995952084916335,0.9608599104672948,0.9952618485723123,0.8776363706235233,0.8776363706235233,0.7398765366443935,-0.1985184033095264,0.9925955118272137,0.27713918479332605,-0.20074199973836232,-0.22046638078609807,0.807492423530962,0.9161296923454846,0.9247750043041594,0.8824710226686947,0.7839238277649578,0.6782882983571263,0.6424815787835492,0.5716213293638518,0.9146945531380063,0.8575104543724076,0.28196108254925417],[0.9724419687447545,0.9719178911041699,0.9724419687447545,0.960236711495235,0.960236711495235,1.0,1.0,0.9382126555351772,0.9382126555351772,0.7201108537663483,0.9589473443921545,0.6960819214306861,0.9353812321707494,0.9615056382391531,0.9588382361892606,0.9990927145815528,0.9779564805657617,0.9131122285734701,0.9131122285734701,0.6558448829788248,-0.1476052595703658,0.9474918760743851,0.3835244210588171,-0.33309448264504393,-0.1102221323093834,0.8833217434593699,0.8538609370051995,0.9417802833258221,0.8878006985083639,0.7574144245236948,0.8000639797709143,0.7453028834547599,0.677917007420195,0.8714919771612575,0.8901365893913357,0.5266004161547548],[0.9724419687447545,0.9719178911041699,0.9724419687447545,0.960236711495235,0.960236711495235,1.0,1.0,0.9382126555351772,0.9382126555351772,0.7201108537663483,0.9589473443921545,0.6960819214306861,0.9353812321707494,0.9615056382391531,0.9588382361892606,0.9990927145815528,0.9779564805657617,0.9131122285734701,0.9131122285734701,0.6558448829788248,-0.1476052595703658,0.9474918760743851,0.3835244210588171,-0.33309448264504393,-0.1102221323093834,0.8833217434593699,0.8538609370051995,0.9417802833258221,0.8878006985083639,0.7574144245236948,0.8000639797709143,0.7453028834547599,0.677917007420195,0.8714919771612575,0.8901365893913357,0.5266004161547548],[0.9145616571152035,0.9151441907360773,0.9145616571152035,0.8970431012513702,0.8970431012513702,0.9382126555351772,0.9382126555351772,1.0,1.0,0.6957953336834545,0.9360574377607631,0.7048357121517519,0.9075427741810306,0.9198402952480645,0.9361964651995549,0.9402952829374546,0.9469882476629587,0.9694425319907966,0.9694425319907966,0.6117148447222667,-0.026205783874921732,0.8641657739224365,0.5954598579230423,-0.361710567996959,0.013089436190120833,0.8035386422011862,0.7468619038876307,0.8911659529897664,0.8568185925907016,0.7749298952492968,0.8889488422307749,0.7924506355731173,0.7051036266464134,0.8157333828451048,0.8702503025564389,0.8277162918900761],[0.9145616571152035,0.9151441907360773,0.9145616571152035,0.8970431012513702,0.8970431012513702,0.9382126555351772,0.9382126555351772,1.0,1.0,0.6957953336834545,0.9360574377607631,0.7048357121517519,0.9075427741810306,0.9198402952480645,0.9361964651995549,0.9402952829374546,0.9469882476629587,0.9694425319907966,0.9694425319907966,0.6117148447222667,-0.026205783874921732,0.8641657739224365,0.5954598579230423,-0.361710567996959,0.013089436190120833,0.8035386422011862,0.7468619038876307,0.8911659529897664,0.8568185925907016,0.7749298952492968,0.8889488422307749,0.7924506355731173,0.7051036266464134,0.8157333828451048,0.8702503025564389,0.8277162918900761],[0.7404845898658106,0.7433688653677949,0.7404845898658106,0.7001686982347871,0.7001686982347871,0.7201108537663483,0.7201108537663483,0.6957953336834545,0.6957953336834545,1.0,0.5568197842206644,0.999969590556726,0.47263058384503226,0.3358649330115207,0.5606303744771252,0.7161750979544037,0.6275804326244053,0.789341800455231,0.789341800455231,0.6844215924352952,-0.09715436979836847,0.6674644254580243,0.03513539832598894,0.049839155084449326,-0.24291328997890868,0.760390005799347,0.41588868711357696,0.7131387297680853,0.7991771701673014,0.668741296417975,0.3233204613565141,0.5207334223112797,0.5616269592468206,0.7656098114034324,0.6047928408771753,0.1666946417443598],[0.9951637042340201,0.995143943957789,0.9951637042340201,0.9996423992888369,0.9996423992888369,0.9589473443921545,0.9589473443921545,0.9360574377607631,0.9360574377607631,0.5568197842206644,1.0,0.5585550460697514,0.9541293441219504,0.9911395058157164,0.9999423614702144,0.9563811405861392,0.994761832907451,0.8863265576900826,0.8863265576900826,0.850184412674067,-0.0817511551959555,0.997146672462212,0.90557383368982,-0.5411108573249096,0.4720935552319608,0.8110015025408124,0.892097374552035,0.935692972057469,0.8703894181812095,0.8096555683546995,0.9374066191232521,0.8493844919184786,0.7220705676434165,0.8969679954475156,0.954175439449304,0.828303892989739],[0.6836633132550552,0.6855325272104097,0.6836633132550552,0.6429875319118891,0.6429875319118891,0.6960819214306861,0.6960819214306861,0.7048357121517519,0.7048357121517519,0.999969590556726,0.5585550460697514,1.0,0.4733979346137948,0.3365357938707755,0.5613168461813577,0.7057583394252148,0.6281473604946157,0.782770315141657,0.782770315141657,0.6369453729470291,0.03394882720532797,0.614347288863248,0.3878464099535638,-0.16065249033608403,-0.23252688363125942,0.7852550757664883,0.3188431430890818,0.6800948659812883,0.7677018582572301,0.687129991237336,0.5031556558244841,0.6822179203641813,0.6757897391322392,0.7158102288105832,0.5790376168082448,0.613343152364795],[0.9562629934778741,0.9560335871046474,0.9562629934778741,0.9541190132570764,0.9541190132570764,0.9353812321707494,0.9353812321707494,0.9075427741810306,0.9075427741810306,0.47263058384503226,0.9541293441219504,0.4733979346137948,1.0,0.9502758703273051,0.9538492297383233,0.932115512880906,0.9546546007731683,0.8499673965627311,0.8499673965627311,0.8140946543454277,-0.04730485278464181,0.9519865778293076,0.8991090787753909,-0.6549028375064526,0.5001651640580913,0.7638214029361109,0.8350223038718205,0.915165967620446,0.8378821521960215,0.7392962068122577,0.8982661897457916,0.8083763487558497,0.6812241716266128,0.8625821486498597,0.9252415048789167,0.8130834389488182],[0.9912057599580569,0.9907874523134405,0.9912057599580569,0.9914267788182514,0.9914267788182514,0.9615056382391531,0.9615056382391531,0.9198402952480645,0.9198402952480645,0.3358649330115207,0.9911395058157164,0.3365357938707755,0.9502758703273051,1.0,0.9911619561532071,0.9557455646196401,0.9894493237798812,0.8413816058376696,0.8413816058376696,0.852422521711095,-0.18744964382926702,0.9896713813646199,0.914558785007107,-0.7999273116725725,0.5782270193269194,0.7209916624772189,0.9225721622927237,0.9206870823840364,0.817419106659925,0.6953461156550601,0.9428478471737486,0.8052790472573191,0.6046750841625784,0.8851187620217121,0.9583614276155163,0.8344443813479382],[0.9952411772513601,0.9952363604974048,0.9952411772513601,0.9995952084916335,0.9995952084916335,0.9588382361892606,0.9588382361892606,0.9361964651995549,0.9361964651995549,0.5606303744771252,0.9999423614702144,0.5613168461813577,0.9538492297383233,0.9911619561532071,1.0,0.9565261441049591,0.9948610065787903,0.8871824843476024,0.8871824843476024,0.8512672050503987,-0.07966957254388693,0.996987322502649,0.9050479228622401,-0.5381242035356244,0.4689832908013268,0.8119785316404191,0.8909437353038351,0.9354478423699383,0.8718332678616801,0.8109768153809161,0.9365343474869828,0.8509745711555684,0.7244713061254525,0.8974244769806337,0.9540408370843858,0.8278416277266966],[0.9776551806650247,0.9772267945360926,0.9776551806650247,0.9608599104672948,0.9608599104672948,0.9990927145815528,0.9990927145815528,0.9402952829374546,0.9402952829374546,0.7161750979544037,0.9563811405861392,0.7057583394252148,0.932115512880906,0.9557455646196401,0.9565261441049591,1.0,0.9773664817564243,0.915433925025413,0.915433925025413,0.7048041272856816,-0.13260618545330483,0.9503288178899202,0.6980982391649682,-0.4611608593447006,-0.13833493821389223,0.8947538423022129,0.8410876623027104,0.9385178614594214,0.896152931109818,0.7912395290047547,0.8818571410382297,0.7906401083819464,0.7358484137258222,0.8925136845705081,0.8865534832599296,0.8219331018290867],[0.9992759012417802,0.9992732391207874,0.9992759012417802,0.9952618485723123,0.9952618485723123,0.9779564805657617,0.9779564805657617,0.9469882476629587,0.9469882476629587,0.6275804326244053,0.994761832907451,0.6281473604946157,0.9546546007731683,0.9894493237798812,0.9948610065787903,0.9773664817564243,1.0,0.9162293828691374,0.9162293828691374,0.8638415220927421,-0.06236967098170499,0.9887130568193132,0.8810679345781334,-0.5244912472639843,0.47556389558846485,0.858043158572332,0.8766162425411677,0.9486038595184995,0.9053798231100234,0.8316927212449867,0.9258664790802482,0.8842775788461924,0.7718935489833644,0.9133574297007166,0.9620165480676748,0.8684520611715895],[0.907067429800799,0.9070361051072502,0.907067429800799,0.8776363706235233,0.8776363706235233,0.9131122285734701,0.9131122285734701,0.9694425319907966,0.9694425319907966,0.789341800455231,0.8863265576900826,0.782770315141657,0.8499673965627311,0.8413816058376696,0.8871824843476024,0.915433925025413,0.9162293828691374,1.0,1.0,0.7559624247914905,-0.07218573348191894,0.8429498392747544,0.5897997157586348,-0.2431103471309052,-0.19134248197135145,0.838967692717985,0.6840142324492748,0.8467054311908137,0.9209099081199076,0.84906862482483,0.7996392303072055,0.7709420774237197,0.7071437481280423,0.8568169185052937,0.7902344508117441,0.85981931464807],[0.907067429800799,0.9070361051072502,0.907067429800799,0.8776363706235233,0.8776363706235233,0.9131122285734701,0.9131122285734701,0.9694425319907966,0.9694425319907966,0.789341800455231,0.8863265576900826,0.782770315141657,0.8499673965627311,0.8413816058376696,0.8871824843476024,0.915433925025413,0.9162293828691374,1.0,1.0,0.7559624247914905,-0.07218573348191894,0.8429498392747544,0.5897997157586348,-0.2431103471309052,-0.19134248197135145,0.838967692717985,0.6840142324492748,0.8467054311908137,0.9209099081199076,0.84906862482483,0.7996392303072055,0.7709420774237197,0.7071437481280423,0.8568169185052937,0.7902344508117441,0.85981931464807],[0.7709232250771063,0.7884429211396873,0.7709232250771063,0.7398765366443935,0.7398765366443935,0.6558448829788248,0.6558448829788248,0.6117148447222667,0.6117148447222667,0.6844215924352952,0.850184412674067,0.6369453729470291,0.8140946543454277,0.852422521711095,0.8512672050503987,0.7048041272856816,0.8638415220927421,0.7559624247914905,0.7559624247914905,1.0,0.014803246034357545,0.7009188571809445,-0.31075609178417934,0.27503900243367857,-0.6442315111401539,0.3838183354563892,0.63295832134328,0.5344648435326187,0.8424218200769392,0.7075473069450746,0.1815909219714698,0.3391973496549175,0.5736414855951252,0.7892129965959672,0.5055645522441278,-0.10318358431193776],[-0.19092298972134453,0.02055590924229708,-0.19092298972134453,-0.1985184033095264,-0.1985184033095264,-0.1476052595703658,-0.1476052595703658,-0.026205783874921732,-0.026205783874921732,-0.09715436979836847,-0.0817511551959555,0.03394882720532797,-0.04730485278464181,-0.18744964382926702,-0.07966957254388693,-0.13260618545330483,-0.06236967098170499,-0.07218573348191894,-0.07218573348191894,0.014803246034357545,1.0,-0.13088621844050316,0.08414717265080456,0.17795582520662334,0.740664493070783,-0.11170056826545682,-0.09770475189313375,-0.05445287753201985,0.13468173960000596,-0.03045071450799589,-0.014953767570972106,0.28827443048160883,0.5515892830839239,-0.15265433683368912,0.06290837842368353,0.1250205183828507],[0.9805432445672935,0.9733254656377364,0.9805432445672935,0.9925955118272137,0.9925955118272137,0.9474918760743851,0.9474918760743851,0.8641657739224365,0.8641657739224365,0.6674644254580243,0.997146672462212,0.614347288863248,0.9519865778293076,0.9896713813646199,0.996987322502649,0.9503288178899202,0.9887130568193132,0.8429498392747544,0.8429498392747544,0.7009188571809445,-0.13088621844050316,1.0,0.18368341785795597,-0.2500270919899452,-0.26119256623455855,0.6776659928044461,0.923499583063229,0.908862335043818,0.8272333050258747,0.751566332938005,0.6804452053255796,0.6110206146632866,0.5056139264303722,0.8928104902414571,0.7220395321897329,0.26578115543104547],[0.24874809642783952,0.010745563275349344,0.24874809642783952,0.27713918479332605,0.27713918479332605,0.3835244210588171,0.3835244210588171,0.5954598579230423,0.5954598579230423,0.03513539832598894,0.90557383368982,0.3878464099535638,0.8991090787753909,0.914558785007107,0.9050479228622401,0.6980982391649682,0.8810679345781334,0.5897997157586348,0.5897997157586348,-0.31075609178417934,0.08414717265080456,0.18368341785795597,1.0,-0.4791495807087952,0.6868777455706476,0.40840874880611916,0.2106510690463152,0.37070936017708167,-0.04497864691573451,0.13209158768401227,0.623798444452666,0.5063788452862087,0.21589729241544262,0.07794831140636377,0.4310118828085021,0.49428455380513026],[-0.16541159117592857,-0.1570859144275576,-0.16541159117592857,-0.20074199973836232,-0.20074199973836232,-0.33309448264504393,-0.33309448264504393,-0.361710567996959,-0.361710567996959,0.049839155084449326,-0.5411108573249096,-0.16065249033608403,-0.6549028375064526,-0.7999273116725725,-0.5381242035356244,-0.4611608593447006,-0.5244912472639843,-0.2431103471309052,-0.2431103471309052,0.27503900243367857,0.17795582520662334,-0.2500270919899452,-0.4791495807087952,1.0,-0.0251203457864934,-0.20098154376259722,-0.24732208704131672,-0.33961374193384003,-0.08202879879003541,-0.11410404329535888,-0.5755170834922583,-0.23091266799035817,-0.04257244095431445,-0.0954571241059694,-0.2676992594834391,-0.4282859306394121],[-0.22505683823362976,-0.22605635047814865,-0.22505683823362976,-0.22046638078609807,-0.22046638078609807,-0.1102221323093834,-0.1102221323093834,0.013089436190120833,0.013089436190120833,-0.24291328997890868,0.4720935552319608,-0.23252688363125942,0.5001651640580913,0.5782270193269194,0.4689832908013268,-0.13833493821389223,0.47556389558846485,-0.19134248197135145,-0.19134248197135145,-0.6442315111401539,0.740664493070783,-0.26119256623455855,0.6868777455706476,-0.0251203457864934,1.0,-0.10422366481823965,-0.17714516004726538,-0.06365424026132249,-0.34438115646633227,-0.3211627640662298,0.05771576485568056,0.15512438293868513,0.2602054028694405,-0.36328966884187713,0.09859347783218082,0.08431346561750927],[0.8219976334612574,0.6683542054516959,0.8219976334612574,0.807492423530962,0.807492423530962,0.8833217434593699,0.8833217434593699,0.8035386422011862,0.8035386422011862,0.760390005799347,0.8110015025408124,0.7852550757664883,0.7638214029361109,0.7209916624772189,0.8119785316404191,0.8947538423022129,0.858043158572332,0.838967692717985,0.838967692717985,0.3838183354563892,-0.11170056826545682,0.6776659928044461,0.40840874880611916,-0.20098154376259722,-0.10422366481823965,1.0,0.5461016974852035,0.8480914543435066,0.521048405754859,0.6512351350720161,0.592256424669089,0.6767571489792406,0.4353578314580513,0.7266825503061023,0.7219666670971331,0.45105746359754895],[0.895086347507174,0.894454529977583,0.895086347507174,0.9161296923454846,0.9161296923454846,0.8538609370051995,0.8538609370051995,0.7468619038876307,0.7468619038876307,0.41588868711357696,0.892097374552035,0.3188431430890818,0.8350223038718205,0.9225721622927237,0.8909437353038351,0.8410876623027104,0.8766162425411677,0.6840142324492748,0.6840142324492748,0.63295832134328,-0.09770475189313375,0.923499583063229,0.2106510690463152,-0.24732208704131672,-0.17714516004726538,0.5461016974852035,1.0,0.7980554973959649,0.7054105793843805,0.6328507346628864,0.6255260237311094,0.5033484308464653,0.4461528537551178,0.7868712096832498,0.6747355872924419,0.22598166635447772],[0.9266970993074874,0.9060789844235291,0.9266970993074874,0.9247750043041594,0.9247750043041594,0.9417802833258221,0.9417802833258221,0.8911659529897664,0.8911659529897664,0.7131387297680853,0.935692972057469,0.6800948659812883,0.915165967620446,0.9206870823840364,0.9354478423699383,0.9385178614594214,0.9486038595184995,0.8467054311908137,0.8467054311908137,0.5344648435326187,-0.05445287753201985,0.908862335043818,0.37070936017708167,-0.33961374193384003,-0.06365424026132249,0.8480914543435066,0.7980554973959649,1.0,0.7637117088671751,0.64219406404538,0.6675294285620111,0.6276844653910216,0.5312942266886075,0.8370696747979772,0.8601609210064166,0.28432882069949683],[0.9062908132211761,0.9029344156811661,0.9062908132211761,0.8824710226686947,0.8824710226686947,0.8878006985083639,0.8878006985083639,0.8568185925907016,0.8568185925907016,0.7991771701673014,0.8703894181812095,0.7677018582572301,0.8378821521960215,0.817419106659925,0.8718332678616801,0.896152931109818,0.9053798231100234,0.9209099081199076,0.9209099081199076,0.8424218200769392,0.13468173960000596,0.8272333050258747,-0.04497864691573451,-0.08202879879003541,-0.34438115646633227,0.521048405754859,0.7054105793843805,0.7637117088671751,1.0,0.9118216008359907,0.5788557030544074,0.7051162513876935,0.6701118343935816,0.8850331450915305,0.5437729826538338,0.33419235845300127],[0.7867295607657193,0.7950868307262324,0.7867295607657193,0.7839238277649578,0.7839238277649578,0.7574144245236948,0.7574144245236948,0.7749298952492968,0.7749298952492968,0.668741296417975,0.8096555683546995,0.687129991237336,0.7392962068122577,0.6953461156550601,0.8109768153809161,0.7912395290047547,0.8316927212449867,0.84906862482483,0.84906862482483,0.7075473069450746,-0.03045071450799589,0.751566332938005,0.13209158768401227,-0.11410404329535888,-0.3211627640662298,0.6512351350720161,0.6328507346628864,0.64219406404538,0.9118216008359907,1.0,0.6139451880741842,0.6893820862408936,0.6151713094311677,0.7513792259386574,0.6193777759020039,0.5011858303598404],[0.648659830862825,0.6388436840416933,0.648659830862825,0.6782882983571263,0.6782882983571263,0.8000639797709143,0.8000639797709143,0.8889488422307749,0.8889488422307749,0.3233204613565141,0.9374066191232521,0.5031556558244841,0.8982661897457916,0.9428478471737486,0.9365343474869828,0.8818571410382297,0.9258664790802482,0.7996392303072055,0.7996392303072055,0.1815909219714698,-0.014953767570972106,0.6804452053255796,0.623798444452666,-0.5755170834922583,0.05771576485568056,0.592256424669089,0.6255260237311094,0.6675294285620111,0.5788557030544074,0.6139451880741842,1.0,0.7485029526521156,0.38921082278745006,0.5643897258518104,0.6632228209244655,0.7581362533474222],[0.6531266142629125,0.6505979125674625,0.6531266142629125,0.6424815787835492,0.6424815787835492,0.7453028834547599,0.7453028834547599,0.7924506355731173,0.7924506355731173,0.5207334223112797,0.8493844919184786,0.6822179203641813,0.8083763487558497,0.8052790472573191,0.8509745711555684,0.7906401083819464,0.8842775788461924,0.7709420774237197,0.7709420774237197,0.3391973496549175,0.28827443048160883,0.6110206146632866,0.5063788452862087,-0.23091266799035817,0.15512438293868513,0.6767571489792406,0.5033484308464653,0.6276844653910216,0.7051162513876935,0.6893820862408936,0.7485029526521156,1.0,0.779116374714756,0.5332355695823685,0.7382246094998276,0.5709846630296542],[0.60696275050213,0.6322363889678749,0.60696275050213,0.5716213293638518,0.5716213293638518,0.677917007420195,0.677917007420195,0.7051036266464134,0.7051036266464134,0.5616269592468206,0.7220705676434165,0.6757897391322392,0.6812241716266128,0.6046750841625784,0.7244713061254525,0.7358484137258222,0.7718935489833644,0.7071437481280423,0.7071437481280423,0.5736414855951252,0.5515892830839239,0.5056139264303722,0.21589729241544262,-0.04257244095431445,0.2602054028694405,0.4353578314580513,0.4461528537551178,0.5312942266886075,0.6701118343935816,0.6151713094311677,0.38921082278745006,0.779116374714756,1.0,0.5004294412303261,0.6539526507699411,0.21967281925247098],[0.9300000440466587,0.928970448287012,0.9300000440466587,0.9146945531380063,0.9146945531380063,0.8714919771612575,0.8714919771612575,0.8157333828451048,0.8157333828451048,0.7656098114034324,0.8969679954475156,0.7158102288105832,0.8625821486498597,0.8851187620217121,0.8974244769806337,0.8925136845705081,0.9133574297007166,0.8568169185052937,0.8568169185052937,0.7892129965959672,-0.15265433683368912,0.8928104902414571,0.07794831140636377,-0.0954571241059694,-0.36328966884187713,0.7266825503061023,0.7868712096832498,0.8370696747979772,0.8850331450915305,0.7513792259386574,0.5643897258518104,0.5332355695823685,0.5004294412303261,1.0,0.7633981061855293,0.22911674800422266],[0.8654042251836218,0.7383469621250343,0.8654042251836218,0.8575104543724076,0.8575104543724076,0.8901365893913357,0.8901365893913357,0.8702503025564389,0.8702503025564389,0.6047928408771753,0.954175439449304,0.5790376168082448,0.9252415048789167,0.9583614276155163,0.9540408370843858,0.8865534832599296,0.9620165480676748,0.7902344508117441,0.7902344508117441,0.5055645522441278,0.06290837842368353,0.7220395321897329,0.4310118828085021,-0.2676992594834391,0.09859347783218082,0.7219666670971331,0.6747355872924419,0.8601609210064166,0.5437729826538338,0.6193777759020039,0.6632228209244655,0.7382246094998276,0.6539526507699411,0.7633981061855293,1.0,0.256065835644294],[0.26670128584157443,0.2614331272448036,0.26670128584157443,0.28196108254925417,0.28196108254925417,0.5266004161547548,0.5266004161547548,0.8277162918900761,0.8277162918900761,0.1666946417443598,0.828303892989739,0.613343152364795,0.8130834389488182,0.8344443813479382,0.8278416277266966,0.8219331018290867,0.8684520611715895,0.85981931464807,0.85981931464807,-0.10318358431193776,0.1250205183828507,0.26578115543104547,0.49428455380513026,-0.4282859306394121,0.08431346561750927,0.45105746359754895,0.22598166635447772,0.28432882069949683,0.33419235845300127,0.5011858303598404,0.7581362533474222,0.5709846630296542,0.21967281925247098,0.22911674800422266,0.256065835644294,1.0]],"x":["^TAIEX       \u81fa\u7063\u52a0\u6b0a\u5831\u916c\u6307\u6578","^TWII        \u81fa\u7063\u52a0\u6b0a\u6307\u6578","^TAIEXx2     \u81fa\u7063\u52a0\u6b0a\u5831\u916c\u6307\u6578_\u65e5\u6b632","^TAI50I      \u81fa\u706350\u5831\u916c\u6307\u6578","^TAI50Ix2    \u81fa\u706350\u5831\u916c\u6307\u6578_\u65e5\u6b632","^TAI100I     \u81fa\u7063\u4e2d\u578b100\u5831\u916c\u6307\u6578","^TAI100Ix2   \u81fa\u7063\u4e2d\u578b100\u5831\u916c\u6307\u6578_\u65e5\u6b632","^TAIDIVIDI   \u81fa\u7063\u9ad8\u80a1\u606f\u5831\u916c\u6307\u6578","^TAIDIVIDIx2 \u81fa\u7063\u9ad8\u80a1\u606f\u5831\u916c\u6307\u6578_\u65e5\u6b632","0050Fund     \u5143\u5927\u53f0\u7063\u5353\u8d8a50\u57fa\u91d1","006208Fund   \u5bcc\u90a6\u53f0\u7063\u91c6\u540950\u57fa\u91d1","0050         \u5143\u5927\u81fa\u706350","00631L       \u5143\u5927\u53f0\u706350\u6b632","00675L       \u5bcc\u90a6\u81fa\u7063\u52a0\u6b0a\u6b632","006208       \u5bcc\u90a6\u53f050","0051         \u5143\u5927\u4e2d\u578b100","006204       \u6c38\u8c50\u81fa\u7063\u52a0\u6b0a","0056         \u5143\u5927\u9ad8\u80a1\u606f","0056         \u5143\u5927\u9ad8\u80a1\u606f_\u80a1\u606f\u4e0d\u6295\u5165","2412         \u4e2d\u83ef\u96fb\u4fe1","2002         \u4e2d\u92fc","2330         \u53f0\u7a4d\u96fb","2317         \u9d3b\u6d77","6505         \u53f0\u5851\u77f3\u5316","3481         \u7fa4\u5275","2303         \u806f\u96fb","2308         \u53f0\u9054\u96fb","2454         \u806f\u767c\u79d1","2886         \u5146\u8c50\u91d1","2884         \u7389\u5c71\u91d1","2891         \u4e2d\u4fe1\u91d1","2892         \u7b2c\u4e00\u91d1","5880         \u5408\u5eab\u91d1","2881         \u5bcc\u90a6\u91d1","2885         \u5143\u5927\u91d1","2887         \u53f0\u65b0\u91d1"],"y":["^TAIEX       \u81fa\u7063\u52a0\u6b0a\u5831\u916c\u6307\u6578","^TWII        \u81fa\u7063\u52a0\u6b0a\u6307\u6578","^TAIEXx2     \u81fa\u7063\u52a0\u6b0a\u5831\u916c\u6307\u6578_\u65e5\u6b632","^TAI50I      \u81fa\u706350\u5831\u916c\u6307\u6578","^TAI50Ix2    \u81fa\u706350\u5831\u916c\u6307\u6578_\u65e5\u6b632","^TAI100I     \u81fa\u7063\u4e2d\u578b100\u5831\u916c\u6307\u6578","^TAI100Ix2   \u81fa\u7063\u4e2d\u578b100\u5831\u916c\u6307\u6578_\u65e5\u6b632","^TAIDIVIDI   \u81fa\u7063\u9ad8\u80a1\u606f\u5831\u916c\u6307\u6578","^TAIDIVIDIx2 \u81fa\u7063\u9ad8\u80a1\u606f\u5831\u916c\u6307\u6578_\u65e5\u6b632","0050Fund     \u5143\u5927\u53f0\u7063\u5353\u8d8a50\u57fa\u91d1","006208Fund   \u5bcc\u90a6\u53f0\u7063\u91c6\u540950\u57fa\u91d1","0050         \u5143\u5927\u81fa\u706350","00631L       \u5143\u5927\u53f0\u706350\u6b632","00675L       \u5bcc\u90a6\u81fa\u7063\u52a0\u6b0a\u6b632","006208       \u5bcc\u90a6\u53f050","0051         \u5143\u5927\u4e2d\u578b100","006204       \u6c38\u8c50\u81fa\u7063\u52a0\u6b0a","0056         \u5143\u5927\u9ad8\u80a1\u606f","0056         \u5143\u5927\u9ad8\u80a1\u606f_\u80a1\u606f\u4e0d\u6295\u5165","2412         \u4e2d\u83ef\u96fb\u4fe1","2002         \u4e2d\u92fc","2330         \u53f0\u7a4d\u96fb","2317         \u9d3b\u6d77","6505         \u53f0\u5851\u77f3\u5316","3481         \u7fa4\u5275","2303         \u806f\u96fb","2308         \u53f0\u9054\u96fb","2454         \u806f\u767c\u79d1","2886         \u5146\u8c50\u91d1","2884         \u7389\u5c71\u91d1","2891         \u4e2d\u4fe1\u91d1","2892         \u7b2c\u4e00\u91d1","5880         \u5408\u5eab\u91d1","2881         \u5bcc\u90a6\u91d1","2885         \u5143\u5927\u91d1","2887         \u53f0\u65b0\u91d1"],"zmin":-1,"zmax":1,"colorbar":{"x":-0.2}}],"layout":{"autotypenumbers":"strict","colorway":["#636efa","#EF553B","#00cc96","#ab63fa","#FFA15A","#19d3f3","#FF6692","#B6E880","#FF97FF","#FECB52"],"font":{"color":"#f2f5fa","family":"Courier New"},"hovermode":"closest","hoverlabel":{"align":"left"},"paper_bgcolor":"rgb(17,17,17)","plot_bgcolor":"rgb(17,17,17)","polar":{"bgcolor":"rgb(17,17,17)","angularaxis":{"gridcolor":"#506784","linecolor":"#506784","ticks":""},"radialaxis":{"gridcolor":"#506784","linecolor":"#506784","ticks":""}},"ternary":{"bgcolor":"rgb(17,17,17)","aaxis":{"gridcolor":"#506784","linecolor":"#506784","ticks":""},"baxis":{"gridcolor":"#506784","linecolor":"#506784","ticks":""},"caxis":{"gridcolor":"#506784","linecolor":"#506784","ticks":""}},"coloraxis":{"colorbar":{"outlinewidth":0,"ticks":""}},"colorscale":{"sequential":[[0.0,"#0d0887"],[0.1111111111111111,"#46039f"],[0.2222222222222222,"#7201a8"],[0.3333333333333333,"#9c179e"],[0.4444444444444444,"#bd3786"],[0.5555555555555556,"#d8576b"],[0.6666666666666666,"#ed7953"],[0.7777777777777778,"#fb9f3a"],[0.8888888888888888,"#fdca26"],[1.0,"#f0f921"]],"sequentialminus":[[0.0,"#0d0887"],[0.1111111111111111,"#46039f"],[0.2222222222222222,"#7201a8"],[0.3333333333333333,"#9c179e"],[0.4444444444444444,"#bd3786"],[0.5555555555555556,"#d8576b"],[0.6666666666666666,"#ed7953"],[0.7777777777777778,"#fb9f3a"],[0.8888888888888888,"#fdca26"],[1.0,"#f0f921"]],"diverging":[[0,"#8e0152"],[0.1,"#c51b7d"],[0.2,"#de77ae"],[0.3,"#f1b6da"],[0.4,"#fde0ef"],[0.5,"#f7f7f7"],[0.6,"#e6f5d0"],[0.7,"#b8e186"],[0.8,"#7fbc41"],[0.9,"#4d9221"],[1,"#276419"]]},"xaxis":{"gridcolor":"rgba(0, 0, 0, 0)","linecolor":"#506784","ticks":"","title":{"standoff":15},"zerolinecolor":"#283442","automargin":true,"zerolinewidth":2,"tickfont":{"family":"Courier New","size":14},"side":"top","tickangle":-90},"yaxis":{"gridcolor":"rgba(0, 0, 0, 0)","linecolor":"#506784","ticks":"","title":{"standoff":15},"zerolinecolor":"#283442","automargin":true,"zerolinewidth":2,"tickfont":{"family":"Courier New"},"side":"right"},"scene":{"xaxis":{"backgroundcolor":"rgb(17,17,17)","gridcolor":"#506784","linecolor":"#506784","showbackground":true,"ticks":"","zerolinecolor":"#C8D4E3","gridwidth":2},"yaxis":{"backgroundcolor":"rgb(17,17,17)","gridcolor":"#506784","linecolor":"#506784","showbackground":true,"ticks":"","zerolinecolor":"#C8D4E3","gridwidth":2},"zaxis":{"backgroundcolor":"rgb(17,17,17)","gridcolor":"#506784","linecolor":"#506784","showbackground":true,"ticks":"","zerolinecolor":"#C8D4E3","gridwidth":2}},"shapedefaults":{"line":{"color":"#f2f5fa"}},"annotationdefaults":{"arrowcolor":"#f2f5fa","arrowhead":0,"arrowwidth":1},"geo":{"bgcolor":"rgb(17,17,17)","landcolor":"rgb(17,17,17)","subunitcolor":"#506784","showland":true,"showlakes":true,"lakecolor":"rgb(17,17,17)"},"title":{"x":0.05,"font":{"family":"Times New Roman"},"y":0.05,"text":"<b>Correlation of Close<b><br><i>2016-09-23 ~ 2026-04-08<i>"},"updatemenudefaults":{"bgcolor":"#506784","borderwidth":0},"sliderdefaults":{"bgcolor":"#C8D4E3","borderwidth":1,"bordercolor":"rgb(17,17,17)","tickwidth":0},"mapbox":{"style":"dark"},"annotations":[{"text":"<b>@zwindr<b>","textangle":0,"opacity":0.5,"font":{"color":"white","size":12},"xref":"paper","yref":"paper","xanchor":"left","yanchor":"bottom","x":1.0,"y":1.0,"showarrow":false}]},"config":{"responsive":true,"toImageButtonOptions":{"filename":"Correlation of Close_2016-09-23~2026-04-08","scale":5}}};Plotly.newPlot("correlationClose",correlationClose.data,correlationClose.layout||{},correlationClose.config);}else{console.log("style display is none => correlationClose");}