var element=document.getElementById("correlationClose");if(element.style.display!='none'){var correlationClose={"data":[{"type":"heatmap","z":[[1.0,0.9999999999999978,1.0,0.9950184035356398,0.9950184035356398,0.9689999854680102,0.9689999854680102,0.9103296963942935,0.9103296963942935,0.7911417613125057,0.9947599909022171,0.7429311813640128,0.9915609281577786,0.9920254696830773,0.9948499742347027,0.9756975770037477,0.9991705225499684,0.9138426449362915,0.9138426449362915,0.7782253774240978,-0.16715401219439596,0.9791219325354462,0.20943895613491173,-0.1366975703514005,-0.24303524347057034,0.8176929865091628,0.9039439905435681,0.919767412004959,0.9195237498861485,0.7856445747586667,0.6017593872298596,0.6471820478113709,0.622482546947877,0.9352117106454029,0.8481139759427863,0.21856443314421595],[0.9999999999999978,1.0,0.9999999999999979,0.994987679680272,0.994987679680272,0.9685188125583708,0.9685188125583708,0.9111557242777857,0.9111557242777857,0.7927266206053866,0.9947534042560747,0.7431870007877263,0.9912557321328919,0.9915393625309252,0.994856087850678,0.9752485652653861,0.999171442707566,0.9137692782524623,0.9137692782524623,0.7961035666498012,0.044834719481651686,0.9714638506082455,-0.013740169423169657,-0.12968080528779524,-0.24312090097087838,0.6571992265871535,0.9039994466534397,0.8973340416797841,0.9144835240233645,0.7951470045254423,0.593985067266257,0.6446076402070259,0.64720375025925,0.9331867803764274,0.7125843996938331,0.2158758500748321],[1.0,0.9999999999999979,1.0,0.9950184035356398,0.9950184035356398,0.9689999854680102,0.9689999854680102,0.9103296963942935,0.9103296963942935,0.7911417613125057,0.9947599909022171,0.7429311813640128,0.9915609281577786,0.9920254696830773,0.9948499742347027,0.9756975770037477,0.9991705225499684,0.9138426449362915,0.9138426449362915,0.7782253774240978,-0.16715401219439596,0.9791219325354462,0.20943895613491173,-0.1366975703514005,-0.24303524347057034,0.8176929865091628,0.9039439905435681,0.919767412004959,0.9195237498861485,0.7856445747586667,0.6017593872298596,0.6471820478113709,0.622482546947877,0.9352117106454029,0.8481139759427863,0.21856443314421595],[0.9950184035356398,0.994987679680272,0.9950184035356398,1.0,1.0,0.9560268387636323,0.9560268387636323,0.8937300066961352,0.8937300066961352,0.7585634725147442,0.9995839476545572,0.708934899625142,0.9920675784429709,0.98987702605785,0.999535623132018,0.9582260762578495,0.9949216630959876,0.8869613558559335,0.8869613558559335,0.7502745304760762,-0.17541287660681631,0.9915009538498951,0.2378793160368925,-0.17322541954483295,-0.24126747245985328,0.806069434939103,0.9200247448573015,0.9192840367199954,0.9004119408435055,0.7873103263029542,0.6315023447381708,0.6388801633440898,0.5899994444241036,0.9236820358729101,0.8387175175562027,0.2316810953735249],[0.9950184035356398,0.994987679680272,0.9950184035356398,1.0,1.0,0.9560268387636323,0.9560268387636323,0.8937300066961352,0.8937300066961352,0.7585634725147442,0.9995839476545572,0.708934899625142,0.9920675784429709,0.98987702605785,0.999535623132018,0.9582260762578495,0.9949216630959876,0.8869613558559335,0.8869613558559335,0.7502745304760762,-0.17541287660681631,0.9915009538498951,0.2378793160368925,-0.17322541954483295,-0.24126747245985328,0.806069434939103,0.9200247448573015,0.9192840367199954,0.9004119408435055,0.7873103263029542,0.6315023447381708,0.6388801633440898,0.5899994444241036,0.9236820358729101,0.8387175175562027,0.2316810953735249],[0.9689999854680102,0.9685188125583708,0.9689999854680102,0.9560268387636323,0.9560268387636323,1.0,1.0,0.9349606634129503,0.9349606634129503,0.7673243383604745,0.9549862979044724,0.747408711943453,0.966435011965198,0.9636951896978924,0.9549715304699251,0.9990720570474344,0.9757479387895514,0.9170132905594579,0.9170132905594579,0.651569767043335,-0.11896592939845105,0.9420507230106845,0.35485842411926244,-0.3126240918010348,-0.11858053277817696,0.8838162121742917,0.8576321053832152,0.9366465310638689,0.8976559944230409,0.7531373455351925,0.7730952869736536,0.7451055384877492,0.6965108040006963,0.8702561510535054,0.8761402821432077,0.4904451976569587],[0.9689999854680102,0.9685188125583708,0.9689999854680102,0.9560268387636323,0.9560268387636323,1.0,1.0,0.9349606634129503,0.9349606634129503,0.7673243383604745,0.9549862979044724,0.747408711943453,0.966435011965198,0.9636951896978924,0.9549715304699251,0.9990720570474344,0.9757479387895514,0.9170132905594579,0.9170132905594579,0.651569767043335,-0.11896592939845105,0.9420507230106845,0.35485842411926244,-0.3126240918010348,-0.11858053277817696,0.8838162121742917,0.8576321053832152,0.9366465310638689,0.8976559944230409,0.7531373455351925,0.7730952869736536,0.7451055384877492,0.6965108040006963,0.8702561510535054,0.8761402821432077,0.4904451976569587],[0.9103296963942935,0.9111557242777857,0.9103296963942935,0.8937300066961352,0.8937300066961352,0.9349606634129503,0.9349606634129503,1.0,1.0,0.7265885815997086,0.9368998924049055,0.7397556084591845,0.9338287801560258,0.9282852466292157,0.9369790301270068,0.9364709689723323,0.9460829641284046,0.9704825286425622,0.9704825286425622,0.599614475994187,0.0023580409779358933,0.8578824328137422,0.5753882113194918,-0.3388678154652105,0.01200240101356671,0.7942876362074284,0.7556231131089102,0.8826449469361842,0.8565659969882587,0.7671190944946348,0.8832296019803748,0.7884366403400197,0.713546734032503,0.8063090823974436,0.8605001551496029,0.8133121510893139],[0.9103296963942935,0.9111557242777857,0.9103296963942935,0.8937300066961352,0.8937300066961352,0.9349606634129503,0.9349606634129503,1.0,1.0,0.7265885815997086,0.9368998924049055,0.7397556084591845,0.9338287801560258,0.9282852466292157,0.9369790301270068,0.9364709689723323,0.9460829641284046,0.9704825286425622,0.9704825286425622,0.599614475994187,0.0023580409779358933,0.8578824328137422,0.5753882113194918,-0.3388678154652105,0.01200240101356671,0.7942876362074284,0.7556231131089102,0.8826449469361842,0.8565659969882587,0.7671190944946348,0.8832296019803748,0.7884366403400197,0.713546734032503,0.8063090823974436,0.8605001551496029,0.8133121510893139],[0.7911417613125057,0.7927266206053866,0.7911417613125057,0.7585634725147442,0.7585634725147442,0.7673243383604745,0.7673243383604745,0.7265885815997086,0.7265885815997086,1.0,0.6342685432607578,0.9999697922342854,0.5473758655621006,0.44781294941818006,0.6363668223127094,0.7626973858919497,0.6957177551365269,0.8088251964537616,0.8088251964537616,0.6916644348503798,-0.09811723567795434,0.7283932433354533,0.03611463402631597,0.04950861917454275,-0.24292158108800313,0.7773565276156565,0.5061870173693197,0.7487170869514083,0.8098686564758497,0.680199721532479,0.3451279697582734,0.5275746658880168,0.5633129640350678,0.7834400529206379,0.6430970516973105,0.17039049566670036],[0.9947599909022171,0.9947534042560747,0.9947599909022171,0.9995839476545572,0.9995839476545572,0.9549862979044724,0.9549862979044724,0.9368998924049055,0.9368998924049055,0.6342685432607578,1.0,0.6341086465525071,0.991647361341396,0.9897605800371646,0.9999336817974543,0.9535444295185548,0.9941730240532455,0.8970085051777921,0.8970085051777921,0.8523908985731952,-0.03168995576708725,0.9967334605129083,0.9000775583294157,-0.5304249933124783,0.3808783343947195,0.8168890293235797,0.8892193248752298,0.934182685557543,0.8928217334563022,0.8124547140609983,0.9255695304349787,0.8626809092653879,0.7561015184988947,0.9057601329904006,0.9477441493002192,0.7969133113132889],[0.7429311813640128,0.7431870007877263,0.7429311813640128,0.708934899625142,0.708934899625142,0.747408711943453,0.747408711943453,0.7397556084591845,0.7397556084591845,0.9999697922342854,0.6341086465525071,1.0,0.5452687552762256,0.4451612136125556,0.6348466239308593,0.7526490569781032,0.6943396882759191,0.8035657952969556,0.8035657952969556,0.6491087779216259,0.031058423518740372,0.6804517300015305,0.4112106962195523,-0.1660021640536966,-0.2315096803308528,0.8057652160705271,0.40643777919567964,0.7196418337117042,0.7806449054580191,0.7027220473863743,0.5535445078169765,0.6976575568264278,0.6803366772478842,0.7377601554943805,0.6266955261015154,0.6573112473176276],[0.9915609281577786,0.9912557321328919,0.9915609281577786,0.9920675784429709,0.9920675784429709,0.966435011965198,0.966435011965198,0.9338287801560258,0.9338287801560258,0.5473758655621006,0.991647361341396,0.5452687552762256,1.0,0.9998060672739028,0.9915689684766217,0.9627266048154942,0.9897776831886397,0.877731869888716,0.877731869888716,0.831300806455744,-0.011842601724726736,0.9906641045976863,0.9163446792981578,-0.6718962816964824,0.45127461897717347,0.7824694648579602,0.9044177208947031,0.9352159969593675,0.8732730551106445,0.7496321437299331,0.9266019799230827,0.8344999958334028,0.7226888163442792,0.8873162785657901,0.9559951430961092,0.8214028158838835],[0.9920254696830773,0.9915393625309252,0.9920254696830773,0.98987702605785,0.98987702605785,0.9636951896978924,0.9636951896978924,0.9282852466292157,0.9282852466292157,0.44781294941818006,0.9897605800371646,0.4451612136125556,0.9998060672739028,1.0,0.989832626446934,0.959108552157153,0.9894745677635589,0.8613333970521923,0.8613333970521923,0.8532632769366413,-0.13643418520572892,0.9874528908201696,0.922211231774875,-0.8290093915561273,0.4868073698398893,0.7320257744489336,0.9104298086062576,0.9271972077793049,0.8565616105428774,0.689054878960572,0.9337887611607617,0.8269805047445328,0.6602465750299418,0.907552462943706,0.9566980351662534,0.7963975804014484],[0.9948499742347027,0.994856087850678,0.9948499742347027,0.999535623132018,0.999535623132018,0.9549715304699251,0.9549715304699251,0.9369790301270068,0.9369790301270068,0.6363668223127094,0.9999336817974543,0.6348466239308593,0.9915689684766217,0.989832626446934,1.0,0.9537513177340255,0.9942833980723804,0.8975009779535228,0.8975009779535228,0.8533454997707989,-0.031671876007777114,0.9965787885822301,0.8996070109081608,-0.5281050112851142,0.381722719236985,0.8175852093733132,0.887714831966795,0.9337989181637703,0.8931109585657199,0.8136716579743235,0.9252214986418561,0.8636291666430347,0.7569281196064983,0.9056900052071666,0.947919044800861,0.7979219554317079],[0.9756975770037477,0.9752485652653861,0.9756975770037477,0.9582260762578495,0.9582260762578495,0.9990720570474344,0.9990720570474344,0.9364709689723323,0.9364709689723323,0.7626973858919497,0.9535444295185548,0.7526490569781032,0.9627266048154942,0.959108552157153,0.9537513177340255,1.0,0.9759548981374351,0.9179471792809115,0.9179471792809115,0.7001255042156047,-0.10424343846698741,0.9472655679967017,0.673440009204068,-0.44345257475818506,-0.15938994155645858,0.8953444504184015,0.848459366373621,0.9331023306946973,0.9049916722624082,0.7885024584662703,0.8679385896410913,0.7912158580229239,0.7531464919235074,0.8912747931946188,0.8734070886788129,0.8032036859492968],[0.9991705225499684,0.999171442707566,0.9991705225499684,0.9949216630959876,0.9949216630959876,0.9757479387895514,0.9757479387895514,0.9460829641284046,0.9460829641284046,0.6957177551365269,0.9941730240532455,0.6943396882759191,0.9897776831886397,0.9894745677635589,0.9942833980723804,0.9759548981374351,1.0,0.924555938191414,0.924555938191414,0.8639620277615867,-0.015341721061544876,0.9877142182872255,0.8705541414068301,-0.5109658729046305,0.3962294382032395,0.8635821355012308,0.8769866394044806,0.9463513400858966,0.9236225901545835,0.8342436665567332,0.9137690033879784,0.8948341743447149,0.8006583255851231,0.9195001054413494,0.9566272164650778,0.8478506842561396],[0.9138426449362915,0.9137692782524623,0.9138426449362915,0.8869613558559335,0.8869613558559335,0.9170132905594579,0.9170132905594579,0.9704825286425622,0.9704825286425622,0.8088251964537616,0.8970085051777921,0.8035657952969556,0.877731869888716,0.8613333970521923,0.8975009779535228,0.9179471792809115,0.924555938191414,1.0,1.0,0.7491919851537083,-0.05263704876033193,0.8507801116017366,0.5699882973977441,-0.222273077838235,-0.20311389772538985,0.8327249680968243,0.7127702426066083,0.8427461352794627,0.9195029092488874,0.8441574949806372,0.798913338241744,0.7644394020420876,0.7081268185390389,0.8510715338171717,0.7853763462455597,0.8571875060778705],[0.9138426449362915,0.9137692782524623,0.9138426449362915,0.8869613558559335,0.8869613558559335,0.9170132905594579,0.9170132905594579,0.9704825286425622,0.9704825286425622,0.8088251964537616,0.8970085051777921,0.8035657952969556,0.877731869888716,0.8613333970521923,0.8975009779535228,0.9179471792809115,0.924555938191414,1.0,1.0,0.7491919851537083,-0.05263704876033193,0.8507801116017366,0.5699882973977441,-0.222273077838235,-0.20311389772538985,0.8327249680968243,0.7127702426066083,0.8427461352794627,0.9195029092488874,0.8441574949806372,0.798913338241744,0.7644394020420876,0.7081268185390389,0.8510715338171717,0.7853763462455597,0.8571875060778705],[0.7782253774240978,0.7961035666498012,0.7782253774240978,0.7502745304760762,0.7502745304760762,0.651569767043335,0.651569767043335,0.599614475994187,0.599614475994187,0.6916644348503798,0.8523908985731952,0.6491087779216259,0.831300806455744,0.8532632769366413,0.8533454997707989,0.7001255042156047,0.8639620277615867,0.7491919851537083,0.7491919851537083,1.0,0.024413413939698026,0.711139871069681,-0.3363562740865285,0.2942831940195021,-0.652273977239756,0.36835358038145316,0.6773300132746917,0.5232690574909082,0.8393778942133415,0.7013186846549117,0.14642183497594355,0.325349907498752,0.5706460786239306,0.7854695109827401,0.4931802072860701,-0.13117882530889413],[-0.16715401219439596,0.044834719481651686,-0.16715401219439596,-0.17541287660681631,-0.17541287660681631,-0.11896592939845105,-0.11896592939845105,0.0023580409779358933,0.0023580409779358933,-0.09811723567795434,-0.03168995576708725,0.031058423518740372,-0.011842601724726736,-0.13643418520572892,-0.031671876007777114,-0.10424343846698741,-0.015341721061544876,-0.05263704876033193,-0.05263704876033193,0.024413413939698026,1.0,-0.11470022655108338,0.09358544854570358,0.1686593806753674,0.7454850753580544,-0.10212918887104187,-0.07400792497265038,-0.03378405516329578,0.14650655421059636,-0.01630958538177365,0.01603250098187915,0.3083950846524221,0.5586235955868428,-0.13910324867608914,0.08510596824460792,0.143856323651837],[0.9791219325354462,0.9714638506082455,0.9791219325354462,0.9915009538498951,0.9915009538498951,0.9420507230106845,0.9420507230106845,0.8578824328137422,0.8578824328137422,0.7283932433354533,0.9967334605129083,0.6804517300015305,0.9906641045976863,0.9874528908201696,0.9965787885822301,0.9472655679967017,0.9877142182872255,0.8507801116017366,0.8507801116017366,0.711139871069681,-0.11470022655108338,1.0,0.14560326476575383,-0.22798729215182015,-0.28663242481414175,0.6722384191754617,0.9237744505177536,0.9028071885591339,0.843977581750994,0.7551039480808313,0.6338405979217338,0.6063784889111558,0.5209585540129454,0.9021164315398805,0.6926102581805824,0.21441022262228704],[0.20943895613491173,-0.013740169423169657,0.20943895613491173,0.2378793160368925,0.2378793160368925,0.35485842411926244,0.35485842411926244,0.5753882113194918,0.5753882113194918,0.03611463402631597,0.9000775583294157,0.4112106962195523,0.9163446792981578,0.922211231774875,0.8996070109081608,0.673440009204068,0.8705541414068301,0.5699882973977441,0.5699882973977441,-0.3363562740865285,0.09358544854570358,0.14560326476575383,1.0,-0.4711593622479048,0.6978069988530874,0.3949526712668638,0.16917016724149705,0.34501225679847447,-0.06596457496900636,0.10869651591143731,0.6148119600030527,0.49444285037226715,0.20921193253841722,0.04831885380276432,0.4146387872199561,0.47993697605411795],[-0.1366975703514005,-0.12968080528779524,-0.1366975703514005,-0.17322541954483295,-0.17322541954483295,-0.3126240918010348,-0.3126240918010348,-0.3388678154652105,-0.3388678154652105,0.04950861917454275,-0.5304249933124783,-0.1660021640536966,-0.6718962816964824,-0.8290093915561273,-0.5281050112851142,-0.44345257475818506,-0.5109658729046305,-0.222273077838235,-0.222273077838235,0.2942831940195021,0.1686593806753674,-0.22798729215182015,-0.4711593622479048,1.0,-0.024876020166535902,-0.18449197943916024,-0.22890778923071473,-0.32464346638998165,-0.06667200140571282,-0.09765275597521673,-0.5766700651145501,-0.21862292501181263,-0.035455325060969094,-0.07568332577919724,-0.24796707888698535,-0.41830097278991674],[-0.24303524347057034,-0.24312090097087838,-0.24303524347057034,-0.24126747245985328,-0.24126747245985328,-0.11858053277817696,-0.11858053277817696,0.01200240101356671,0.01200240101356671,-0.24292158108800313,0.3808783343947195,-0.2315096803308528,0.45127461897717347,0.4868073698398893,0.381722719236985,-0.15938994155645858,0.3962294382032395,-0.20311389772538985,-0.20311389772538985,-0.652273977239756,0.7454850753580544,-0.28663242481414175,0.6978069988530874,-0.024876020166535902,1.0,-0.10726788706792549,-0.2199544276853799,-0.06807224662113673,-0.34917238435513537,-0.3270535885900127,0.06037617337065448,0.15635208348304092,0.2605910561046622,-0.3722754819264511,0.10329833084914385,0.08679206482661568],[0.8176929865091628,0.6571992265871535,0.8176929865091628,0.806069434939103,0.806069434939103,0.8838162121742917,0.8838162121742917,0.7942876362074284,0.7942876362074284,0.7773565276156565,0.8168890293235797,0.8057652160705271,0.7824694648579602,0.7320257744489336,0.8175852093733132,0.8953444504184015,0.8635821355012308,0.8327249680968243,0.8327249680968243,0.36835358038145316,-0.10212918887104187,0.6722384191754617,0.3949526712668638,-0.18449197943916024,-0.10726788706792549,1.0,0.5486425331164049,0.8433355559162975,0.5082840307507033,0.6393118156595206,0.56913205869092,0.6674442065381625,0.43096558674815333,0.7152390401630316,0.7123260900296092,0.43039639554783937],[0.9039439905435681,0.9039994466534397,0.9039439905435681,0.9200247448573015,0.9200247448573015,0.8576321053832152,0.8576321053832152,0.7556231131089102,0.7556231131089102,0.5061870173693197,0.8892193248752298,0.40643777919567964,0.9044177208947031,0.9104298086062576,0.887714831966795,0.848459366373621,0.8769866394044806,0.7127702426066083,0.7127702426066083,0.6773300132746917,-0.07400792497265038,0.9237744505177536,0.16917016724149705,-0.22890778923071473,-0.2199544276853799,0.5486425331164049,1.0,0.8007153567953061,0.75507221917843,0.6574912715401221,0.561568217091896,0.5109718080447948,0.49055131273504926,0.8275846503000815,0.6486446296733974,0.1520719473104997],[0.919767412004959,0.8973340416797841,0.919767412004959,0.9192840367199954,0.9192840367199954,0.9366465310638689,0.9366465310638689,0.8826449469361842,0.8826449469361842,0.7487170869514083,0.934182685557543,0.7196418337117042,0.9352159969593675,0.9271972077793049,0.9337989181637703,0.9331023306946973,0.9463513400858966,0.8427461352794627,0.8427461352794627,0.5232690574909082,-0.03378405516329578,0.9028071885591339,0.34501225679847447,-0.32464346638998165,-0.06807224662113673,0.8433355559162975,0.8007153567953061,1.0,0.7612362128024014,0.6287308269226012,0.6323644331751327,0.6173067256166385,0.5355778913685146,0.8305959258787453,0.8467467544407467,0.24524681711041335],[0.9195237498861485,0.9144835240233645,0.9195237498861485,0.9004119408435055,0.9004119408435055,0.8976559944230409,0.8976559944230409,0.8565659969882587,0.8565659969882587,0.8098686564758497,0.8928217334563022,0.7806449054580191,0.8732730551106445,0.8565616105428774,0.8931109585657199,0.9049916722624082,0.9236225901545835,0.9195029092488874,0.9195029092488874,0.8393778942133415,0.14650655421059636,0.843977581750994,-0.06596457496900636,-0.06667200140571282,-0.34917238435513537,0.5082840307507033,0.75507221917843,0.7612362128024014,1.0,0.9096229369003743,0.5663565251752165,0.6980197279256509,0.6689329082728841,0.8825249280785378,0.5285963563189556,0.3149716534247119],[0.7856445747586667,0.7951470045254423,0.7856445747586667,0.7873103263029542,0.7873103263029542,0.7531373455351925,0.7531373455351925,0.7671190944946348,0.7671190944946348,0.680199721532479,0.8124547140609983,0.7027220473863743,0.7496321437299331,0.689054878960572,0.8136716579743235,0.7885024584662703,0.8342436665567332,0.8441574949806372,0.8441574949806372,0.7013186846549117,-0.01630958538177365,0.7551039480808313,0.10869651591143731,-0.09765275597521673,-0.3270535885900127,0.6393118156595206,0.6574912715401221,0.6287308269226012,0.9096229369003743,1.0,0.5997369766795215,0.6811207706143564,0.6136591913288624,0.7428905511725001,0.6052456655975608,0.48517108986512475],[0.6017593872298596,0.593985067266257,0.6017593872298596,0.6315023447381708,0.6315023447381708,0.7730952869736536,0.7730952869736536,0.8832296019803748,0.8832296019803748,0.3451279697582734,0.9255695304349787,0.5535445078169765,0.9266019799230827,0.9337887611607617,0.9252214986418561,0.8679385896410913,0.9137690033879784,0.798913338241744,0.798913338241744,0.14642183497594355,0.01603250098187915,0.6338405979217338,0.6148119600030527,-0.5766700651145501,0.06037617337065448,0.56913205869092,0.561568217091896,0.6323644331751327,0.5663565251752165,0.5997369766795215,1.0,0.749242991564644,0.38910875342605833,0.5379461863137761,0.6226737689260207,0.752098091351628],[0.6471820478113709,0.6446076402070259,0.6471820478113709,0.6388801633440898,0.6388801633440898,0.7451055384877492,0.7451055384877492,0.7884366403400197,0.7884366403400197,0.5275746658880168,0.8626809092653879,0.6976575568264278,0.8344999958334028,0.8269805047445328,0.8636291666430347,0.7912158580229239,0.8948341743447149,0.7644394020420876,0.7644394020420876,0.325349907498752,0.3083950846524221,0.6063784889111558,0.49444285037226715,-0.21862292501181263,0.15635208348304092,0.6674442065381625,0.5109718080447948,0.6173067256166385,0.6980197279256509,0.6811207706143564,0.749242991564644,1.0,0.7794372946122748,0.5190738155944254,0.7372950382817521,0.5589890508406068],[0.622482546947877,0.64720375025925,0.622482546947877,0.5899994444241036,0.5899994444241036,0.6965108040006963,0.6965108040006963,0.713546734032503,0.713546734032503,0.5633129640350678,0.7561015184988947,0.6803366772478842,0.7226888163442792,0.6602465750299418,0.7569281196064983,0.7531464919235074,0.8006583255851231,0.7081268185390389,0.7081268185390389,0.5706460786239306,0.5586235955868428,0.5209585540129454,0.20921193253841722,-0.035455325060969094,0.2605910561046622,0.43096558674815333,0.49055131273504926,0.5355778913685146,0.6689329082728841,0.6136591913288624,0.38910875342605833,0.7794372946122748,1.0,0.4977278068163726,0.6631256372807325,0.21085638859643757],[0.9352117106454029,0.9331867803764274,0.9352117106454029,0.9236820358729101,0.9236820358729101,0.8702561510535054,0.8702561510535054,0.8063090823974436,0.8063090823974436,0.7834400529206379,0.9057601329904006,0.7377601554943805,0.8873162785657901,0.907552462943706,0.9056900052071666,0.8912747931946188,0.9195001054413494,0.8510715338171717,0.8510715338171717,0.7854695109827401,-0.13910324867608914,0.9021164315398805,0.04831885380276432,-0.07568332577919724,-0.3722754819264511,0.7152390401630316,0.8275846503000815,0.8305959258787453,0.8825249280785378,0.7428905511725001,0.5379461863137761,0.5190738155944254,0.4977278068163726,1.0,0.7528634763866661,0.19915861348474648],[0.8481139759427863,0.7125843996938331,0.8481139759427863,0.8387175175562027,0.8387175175562027,0.8761402821432077,0.8761402821432077,0.8605001551496029,0.8605001551496029,0.6430970516973105,0.9477441493002192,0.6266955261015154,0.9559951430961092,0.9566980351662534,0.947919044800861,0.8734070886788129,0.9566272164650778,0.7853763462455597,0.7853763462455597,0.4931802072860701,0.08510596824460792,0.6926102581805824,0.4146387872199561,-0.24796707888698535,0.10329833084914385,0.7123260900296092,0.6486446296733974,0.8467467544407467,0.5285963563189556,0.6052456655975608,0.6226737689260207,0.7372950382817521,0.6631256372807325,0.7528634763866661,1.0,0.21166639043890967],[0.21856443314421595,0.2158758500748321,0.21856443314421595,0.2316810953735249,0.2316810953735249,0.4904451976569587,0.4904451976569587,0.8133121510893139,0.8133121510893139,0.17039049566670036,0.7969133113132889,0.6573112473176276,0.8214028158838835,0.7963975804014484,0.7979219554317079,0.8032036859492968,0.8478506842561396,0.8571875060778705,0.8571875060778705,-0.13117882530889413,0.143856323651837,0.21441022262228704,0.47993697605411795,-0.41830097278991674,0.08679206482661568,0.43039639554783937,0.1520719473104997,0.24524681711041335,0.3149716534247119,0.48517108986512475,0.752098091351628,0.5589890508406068,0.21085638859643757,0.19915861348474648,0.21166639043890967,1.0]],"x":["^TAIEX       \u81fa\u7063\u52a0\u6b0a\u5831\u916c\u6307\u6578","^TWII        \u81fa\u7063\u52a0\u6b0a\u6307\u6578","^TAIEXx2     \u81fa\u7063\u52a0\u6b0a\u5831\u916c\u6307\u6578_\u65e5\u6b632","^TAI50I      \u81fa\u706350\u5831\u916c\u6307\u6578","^TAI50Ix2    \u81fa\u706350\u5831\u916c\u6307\u6578_\u65e5\u6b632","^TAI100I     \u81fa\u7063\u4e2d\u578b100\u5831\u916c\u6307\u6578","^TAI100Ix2   \u81fa\u7063\u4e2d\u578b100\u5831\u916c\u6307\u6578_\u65e5\u6b632","^TAIDIVIDI   \u81fa\u7063\u9ad8\u80a1\u606f\u5831\u916c\u6307\u6578","^TAIDIVIDIx2 \u81fa\u7063\u9ad8\u80a1\u606f\u5831\u916c\u6307\u6578_\u65e5\u6b632","0050Fund     \u5143\u5927\u53f0\u7063\u5353\u8d8a50\u57fa\u91d1","006208Fund   \u5bcc\u90a6\u53f0\u7063\u91c6\u540950\u57fa\u91d1","0050         \u5143\u5927\u81fa\u706350","00631L       \u5143\u5927\u53f0\u706350\u6b632","00675L       \u5bcc\u90a6\u81fa\u7063\u52a0\u6b0a\u6b632","006208       \u5bcc\u90a6\u53f050","0051         \u5143\u5927\u4e2d\u578b100","006204       \u6c38\u8c50\u81fa\u7063\u52a0\u6b0a","0056         \u5143\u5927\u9ad8\u80a1\u606f","0056         \u5143\u5927\u9ad8\u80a1\u606f_\u80a1\u606f\u4e0d\u6295\u5165","2412         \u4e2d\u83ef\u96fb\u4fe1","2002         \u4e2d\u92fc","2330         \u53f0\u7a4d\u96fb","2317         \u9d3b\u6d77","6505         \u53f0\u5851\u77f3\u5316","3481         \u7fa4\u5275","2303         \u806f\u96fb","2308         \u53f0\u9054\u96fb","2454         \u806f\u767c\u79d1","2886         \u5146\u8c50\u91d1","2884         \u7389\u5c71\u91d1","2891         \u4e2d\u4fe1\u91d1","2892         \u7b2c\u4e00\u91d1","5880         \u5408\u5eab\u91d1","2881         \u5bcc\u90a6\u91d1","2885         \u5143\u5927\u91d1","2887         \u53f0\u65b0\u91d1"],"y":["^TAIEX       \u81fa\u7063\u52a0\u6b0a\u5831\u916c\u6307\u6578","^TWII        \u81fa\u7063\u52a0\u6b0a\u6307\u6578","^TAIEXx2     \u81fa\u7063\u52a0\u6b0a\u5831\u916c\u6307\u6578_\u65e5\u6b632","^TAI50I      \u81fa\u706350\u5831\u916c\u6307\u6578","^TAI50Ix2    \u81fa\u706350\u5831\u916c\u6307\u6578_\u65e5\u6b632","^TAI100I     \u81fa\u7063\u4e2d\u578b100\u5831\u916c\u6307\u6578","^TAI100Ix2   \u81fa\u7063\u4e2d\u578b100\u5831\u916c\u6307\u6578_\u65e5\u6b632","^TAIDIVIDI   \u81fa\u7063\u9ad8\u80a1\u606f\u5831\u916c\u6307\u6578","^TAIDIVIDIx2 \u81fa\u7063\u9ad8\u80a1\u606f\u5831\u916c\u6307\u6578_\u65e5\u6b632","0050Fund     \u5143\u5927\u53f0\u7063\u5353\u8d8a50\u57fa\u91d1","006208Fund   \u5bcc\u90a6\u53f0\u7063\u91c6\u540950\u57fa\u91d1","0050         \u5143\u5927\u81fa\u706350","00631L       \u5143\u5927\u53f0\u706350\u6b632","00675L       \u5bcc\u90a6\u81fa\u7063\u52a0\u6b0a\u6b632","006208       \u5bcc\u90a6\u53f050","0051         \u5143\u5927\u4e2d\u578b100","006204       \u6c38\u8c50\u81fa\u7063\u52a0\u6b0a","0056         \u5143\u5927\u9ad8\u80a1\u606f","0056         \u5143\u5927\u9ad8\u80a1\u606f_\u80a1\u606f\u4e0d\u6295\u5165","2412         \u4e2d\u83ef\u96fb\u4fe1","2002         \u4e2d\u92fc","2330         \u53f0\u7a4d\u96fb","2317         \u9d3b\u6d77","6505         \u53f0\u5851\u77f3\u5316","3481         \u7fa4\u5275","2303         \u806f\u96fb","2308         \u53f0\u9054\u96fb","2454         \u806f\u767c\u79d1","2886         \u5146\u8c50\u91d1","2884         \u7389\u5c71\u91d1","2891         \u4e2d\u4fe1\u91d1","2892         \u7b2c\u4e00\u91d1","5880         \u5408\u5eab\u91d1","2881         \u5bcc\u90a6\u91d1","2885         \u5143\u5927\u91d1","2887         \u53f0\u65b0\u91d1"],"zmin":-1,"zmax":1,"colorbar":{"x":-0.2}}],"layout":{"autotypenumbers":"strict","colorway":["#636efa","#EF553B","#00cc96","#ab63fa","#FFA15A","#19d3f3","#FF6692","#B6E880","#FF97FF","#FECB52"],"font":{"color":"#f2f5fa","family":"Courier New"},"hovermode":"closest","hoverlabel":{"align":"left"},"paper_bgcolor":"rgb(17,17,17)","plot_bgcolor":"rgb(17,17,17)","polar":{"bgcolor":"rgb(17,17,17)","angularaxis":{"gridcolor":"#506784","linecolor":"#506784","ticks":""},"radialaxis":{"gridcolor":"#506784","linecolor":"#506784","ticks":""}},"ternary":{"bgcolor":"rgb(17,17,17)","aaxis":{"gridcolor":"#506784","linecolor":"#506784","ticks":""},"baxis":{"gridcolor":"#506784","linecolor":"#506784","ticks":""},"caxis":{"gridcolor":"#506784","linecolor":"#506784","ticks":""}},"coloraxis":{"colorbar":{"outlinewidth":0,"ticks":""}},"colorscale":{"sequential":[[0.0,"#0d0887"],[0.1111111111111111,"#46039f"],[0.2222222222222222,"#7201a8"],[0.3333333333333333,"#9c179e"],[0.4444444444444444,"#bd3786"],[0.5555555555555556,"#d8576b"],[0.6666666666666666,"#ed7953"],[0.7777777777777778,"#fb9f3a"],[0.8888888888888888,"#fdca26"],[1.0,"#f0f921"]],"sequentialminus":[[0.0,"#0d0887"],[0.1111111111111111,"#46039f"],[0.2222222222222222,"#7201a8"],[0.3333333333333333,"#9c179e"],[0.4444444444444444,"#bd3786"],[0.5555555555555556,"#d8576b"],[0.6666666666666666,"#ed7953"],[0.7777777777777778,"#fb9f3a"],[0.8888888888888888,"#fdca26"],[1.0,"#f0f921"]],"diverging":[[0,"#8e0152"],[0.1,"#c51b7d"],[0.2,"#de77ae"],[0.3,"#f1b6da"],[0.4,"#fde0ef"],[0.5,"#f7f7f7"],[0.6,"#e6f5d0"],[0.7,"#b8e186"],[0.8,"#7fbc41"],[0.9,"#4d9221"],[1,"#276419"]]},"xaxis":{"gridcolor":"rgba(0, 0, 0, 0)","linecolor":"#506784","ticks":"","title":{"standoff":15},"zerolinecolor":"#283442","automargin":true,"zerolinewidth":2,"tickfont":{"family":"Courier New","size":14},"side":"top","tickangle":-90},"yaxis":{"gridcolor":"rgba(0, 0, 0, 0)","linecolor":"#506784","ticks":"","title":{"standoff":15},"zerolinecolor":"#283442","automargin":true,"zerolinewidth":2,"tickfont":{"family":"Courier New"},"side":"right"},"scene":{"xaxis":{"backgroundcolor":"rgb(17,17,17)","gridcolor":"#506784","linecolor":"#506784","showbackground":true,"ticks":"","zerolinecolor":"#C8D4E3","gridwidth":2},"yaxis":{"backgroundcolor":"rgb(17,17,17)","gridcolor":"#506784","linecolor":"#506784","showbackground":true,"ticks":"","zerolinecolor":"#C8D4E3","gridwidth":2},"zaxis":{"backgroundcolor":"rgb(17,17,17)","gridcolor":"#506784","linecolor":"#506784","showbackground":true,"ticks":"","zerolinecolor":"#C8D4E3","gridwidth":2}},"shapedefaults":{"line":{"color":"#f2f5fa"}},"annotationdefaults":{"arrowcolor":"#f2f5fa","arrowhead":0,"arrowwidth":1},"geo":{"bgcolor":"rgb(17,17,17)","landcolor":"rgb(17,17,17)","subunitcolor":"#506784","showland":true,"showlakes":true,"lakecolor":"rgb(17,17,17)"},"title":{"x":0.05,"font":{"family":"Times New Roman"},"y":0.05,"text":"<b>Correlation of Close<b><br><i>2016-09-23 ~ 2026-01-30<i>"},"updatemenudefaults":{"bgcolor":"#506784","borderwidth":0},"sliderdefaults":{"bgcolor":"#C8D4E3","borderwidth":1,"bordercolor":"rgb(17,17,17)","tickwidth":0},"mapbox":{"style":"dark"},"annotations":[{"text":"<b>@zwindr<b>","textangle":0,"opacity":0.5,"font":{"color":"white","size":12},"xref":"paper","yref":"paper","xanchor":"left","yanchor":"bottom","x":1.0,"y":1.0,"showarrow":false}]},"config":{"responsive":true,"toImageButtonOptions":{"filename":"Correlation of Close_2016-09-23~2026-01-30","scale":5}}};Plotly.newPlot("correlationClose",correlationClose.data,correlationClose.layout||{},correlationClose.config);}else{console.log("style display is none => correlationClose");}