var config = { responsive: true }

var correlationAdjClose = {"data": [{"type": "heatmap", "z": [[1.0, 0.9935003515482022, 0.975218354125701, 0.9978194630136797, 0.9636197923858082, 0.9800070468569178, -0.9379997803885014, 0.989175105247936, 0.9671578337632647, 0.9966079382066494, 0.9930563770032104, 0.9942231560958027, 0.9972448301257192, 0.97748662029445, 0.9995472330221363, 0.9862041356382428, 0.9115687805856146, 0.762324664501729, 0.985867853786304, 0.921951141331143, 0.49755130758759, -0.32733267832417823, 0.8968936908249515, 0.9728299952563605, 0.950613153987492], [0.9935003515482022, 1.0, 0.9705413474287201, 0.9911821555773315, 0.9595024932704205, 0.9749922788581056, -0.9330399133044849, 0.9792208689025287, 0.9598225174735335, 0.9938466889506112, 0.9918007343057474, 0.9911240791980144, 0.9952716519086229, 0.972126272003655, 0.996277295048982, 0.9821367137157131, 0.9000529860259362, 0.7681511085726318, 0.966442838477166, 0.8998005099109783, 0.49395471835495386, -0.2492852671680563, 0.8684553529671144, 0.9598685922630649, 0.9511494071849065], [0.975218354125701, 0.9705413474287201, 1.0, 0.9811414037461187, 0.9962924009278038, 0.97835531944261, -0.9744201586952672, 0.9681603025791639, 0.9825551757268629, 0.9852321572490719, 0.9975874327785387, 0.9975695396539083, 0.9882052994120043, 0.9767295038133473, 0.9872285505919328, 0.9748013673863295, 0.8120143594118857, 0.6532640079288168, 0.9892232124886714, 0.9104158191082876, 0.3305285242378428, -0.24354692917878734, 0.9057397756142241, 0.938259116136562, 0.9772242493855499], [0.9978194630136797, 0.9911821555773315, 0.9811414037461187, 1.0, 0.9747072375154697, 0.972206042284608, -0.9325268090842364, 0.9836048982197273, 0.9642670728701408, 0.9992418098502079, 0.9925179378684297, 0.9914160274565336, 0.9999009330531382, 0.9673126012175214, 0.9960121724100133, 0.9809780157485792, 0.8972759723459918, 0.7354253823008732, 0.9931928850187154, 0.923849922290944, 0.47838524826929196, -0.3195638808926209, 0.8967883401441894, 0.9667211868091775, 0.9563248535470202], [0.9636197923858082, 0.9595024932704205, 0.9962924009278038, 0.9747072375154697, 1.0, 0.9582663738511151, -0.9559918540252168, 0.9535557783929476, 0.9702829639969082, 0.9814350784091935, 0.9885750256835922, 0.98511058498504, 0.9844161658271487, 0.9558193009863606, 0.9757052931330276, 0.9603427784463717, 0.7918700191102673, 0.6217402775300419, 0.9880381465146392, 0.9076012391367912, 0.31189374703143735, -0.23682396582701634, 0.8896857443912706, 0.9231690292722305, 0.9747645327720293], [0.9800070468569178, 0.9749922788581056, 0.97835531944261, 0.972206042284608, 0.9582663738511151, 1.0, -0.9792125727741108, 0.9789549775149237, 0.9784681724148389, 0.9713178225258207, 0.9756374787365445, 0.9735593755085732, 0.9679951253332644, 0.9988498384719099, 0.985678288441069, 0.9854643634140432, 0.8492905533898835, 0.7284581470812601, 0.9668759253804249, 0.8886234882056138, 0.3585894283704337, -0.23425227049631567, 0.93467751102339, 0.9546271688536405, 0.9575213547455258], [-0.9379997803885014, -0.9330399133044849, -0.9744201586952672, -0.9325268090842364, -0.9559918540252168, -0.9792125727741108, 1.0, -0.9476795791519909, -0.9822865692576147, -0.9404333765433627, -0.9723507524652991, -0.9744244199659107, -0.9462970614057562, -0.9856790024650248, -0.9626134359374399, -0.9640263347505521, -0.7557699323766757, -0.6237844118238871, -0.9392716849541755, -0.8751163624944831, -0.21042201170975053, 0.161704522485009, -0.9013565105334537, -0.9074816053574977, -0.9549205338680973], [0.989175105247936, 0.9792208689025287, 0.9681603025791639, 0.9836048982197273, 0.9535557783929476, 0.9789549775149237, -0.9476795791519909, 1.0, 0.9809710164922216, 0.9804118223991907, 0.9742440678002758, 0.9733871126113312, 0.978795955863308, 0.9749210655299206, 0.9866140228313306, 0.9963120778271476, 0.9190998999629386, 0.7010515984718549, 0.9736680011518931, 0.8945434543666514, 0.37127355949111557, -0.33463766917389554, 0.9023946061194239, 0.9532238218744157, 0.9322191930323506], [0.9671578337632647, 0.9598225174735335, 0.9825551757268629, 0.9642670728701408, 0.9702829639969082, 0.9784681724148389, -0.9822865692576147, 0.9809710164922216, 1.0, 0.9634057827823719, 0.9708853655569953, 0.9678333879895071, 0.9603045810362929, 0.9766604778866336, 0.9677154549102149, 0.9867351927783732, 0.8405894277053465, 0.6264741803234737, 0.9649573819530282, 0.9027403195809154, 0.22479531800004865, -0.24655980519563636, 0.88371241103315, 0.9272032113009111, 0.9560427691093754], [0.9966079382066494, 0.9938466889506112, 0.9852321572490719, 0.9992418098502079, 0.9814350784091935, 0.9713178225258207, -0.9404333765433627, 0.9804118223991907, 0.9634057827823719, 1.0, 0.9913599499267433, 0.9898472652433267, 0.9998342966262982, 0.9682833550978356, 0.9952301003263806, 0.9810973184486038, 0.9093103399324605, 0.7143764331189725, 0.9955750570499512, 0.9172104703031505, 0.3102874709575735, -0.26845064487901693, 0.9299298398282697, 0.9557883283220251, 0.9542387521194637], [0.9930563770032104, 0.9918007343057474, 0.9975874327785387, 0.9925179378684297, 0.9885750256835922, 0.9756374787365445, -0.9723507524652991, 0.9742440678002758, 0.9708853655569953, 0.9913599499267433, 1.0, 0.9996542900959836, 0.9922112770309258, 0.9766741585932344, 0.993367550945291, 0.9756714728609491, 0.9039011084144701, 0.6150037484654887, 0.9885733056987664, 0.8876893988374671, -0.24493245755974508, 0.456753971955779, 0.9071684057790543, 0.9515468270763798, 0.9770579380290922], [0.9942231560958027, 0.9911240791980144, 0.9975695396539083, 0.9914160274565336, 0.98511058498504, 0.9735593755085732, -0.9744244199659107, 0.9733871126113312, 0.9678333879895071, 0.9898472652433267, 0.9996542900959836, 1.0, 0.9910913593874464, 0.9746926311493244, 0.9942588317157575, 0.9750169208703192, 0.9138402336440709, 0.5070942267167398, 0.9842059997552312, 0.8737155977157911, -0.6775319110435629, 0.4912583561295338, 0.8803027219114743, 0.9482935211315233, 0.9766689293735255], [0.9972448301257192, 0.9952716519086229, 0.9882052994120043, 0.9999009330531382, 0.9844161658271487, 0.9679951253332644, -0.9462970614057562, 0.978795955863308, 0.9603045810362929, 0.9998342966262982, 0.9922112770309258, 0.9910913593874464, 1.0, 0.9688059640458521, 0.9955700971899485, 0.979878429043961, 0.9265419037486915, 0.6779875137867866, 0.9971214386671045, 0.8964955059477929, 0.06389337935570363, 0.3708017599925484, 0.9198600025001901, 0.9477501350055902, 0.962500285678414], [0.97748662029445, 0.972126272003655, 0.9767295038133473, 0.9673126012175214, 0.9558193009863606, 0.9988498384719099, -0.9856790024650248, 0.9749210655299206, 0.9766604778866336, 0.9682833550978356, 0.9766741585932344, 0.9746926311493244, 0.9688059640458521, 1.0, 0.9858574469443597, 0.9831554358878168, 0.8631915548509683, 0.7320723070004382, 0.9622653229170915, 0.877926765093972, 0.22251903807416343, -0.1891394956988225, 0.9440183487937429, 0.9495016651690661, 0.9566287730720676], [0.9995472330221363, 0.996277295048982, 0.9872285505919328, 0.9960121724100133, 0.9757052931330276, 0.985678288441069, -0.9626134359374399, 0.9866140228313306, 0.9677154549102149, 0.9952301003263806, 0.993367550945291, 0.9942588317157575, 0.9955700971899485, 0.9858574469443597, 1.0, 0.9869474416195628, 0.9337122486559699, 0.7135022726869825, 0.9897135852643223, 0.893140181051213, 0.10719459270949096, 0.37161208672946877, 0.9373043110918586, 0.9581954830945746, 0.9617395510125698], [0.9862041356382428, 0.9821367137157131, 0.9748013673863295, 0.9809780157485792, 0.9603427784463717, 0.9854643634140432, -0.9640263347505521, 0.9963120778271476, 0.9867351927783732, 0.9810973184486038, 0.9756714728609491, 0.9750169208703192, 0.979878429043961, 0.9831554358878168, 0.9869474416195628, 1.0, 0.9011259947314277, 0.7030570491803523, 0.9729647404021577, 0.8944028595587502, 0.3040055440786866, -0.25915395081597875, 0.9142680029364415, 0.942764332760478, 0.9436665266748714], [0.9115687805856146, 0.9000529860259362, 0.8120143594118857, 0.8972759723459918, 0.7918700191102673, 0.8492905533898835, -0.7557699323766757, 0.9190998999629386, 0.8405894277053465, 0.9093103399324605, 0.9039011084144701, 0.9138402336440709, 0.9265419037486915, 0.8631915548509683, 0.9337122486559699, 0.9011259947314277, 1.0, 0.8606492528023273, 0.8457350330717407, 0.8707639253037317, 0.743485836601855, -0.5729923061326776, 0.6679280540668049, 0.9091787289136728, 0.7845330890901806], [0.762324664501729, 0.7681511085726318, 0.6532640079288168, 0.7354253823008732, 0.6217402775300419, 0.7284581470812601, -0.6237844118238871, 0.7010515984718549, 0.6264741803234737, 0.7143764331189725, 0.6150037484654887, 0.5070942267167398, 0.6779875137867866, 0.7320723070004382, 0.7135022726869825, 0.7030570491803523, 0.8606492528023273, 1.0, 0.6560732407261671, 0.7587705972149852, 0.7363405037443728, -0.1467152312284952, 0.5389530836836552, 0.7725171324841589, 0.6593091067843884], [0.985867853786304, 0.966442838477166, 0.9892232124886714, 0.9931928850187154, 0.9880381465146392, 0.9668759253804249, -0.9392716849541755, 0.9736680011518931, 0.9649573819530282, 0.9955750570499512, 0.9885733056987664, 0.9842059997552312, 0.9971214386671045, 0.9622653229170915, 0.9897135852643223, 0.9729647404021577, 0.8457350330717407, 0.6560732407261671, 1.0, 0.8949335670583954, 0.40843049394486886, -0.31337367110641184, 0.8855299284593124, 0.9490100373637641, 0.9658347806859664], [0.921951141331143, 0.8998005099109783, 0.9104158191082876, 0.923849922290944, 0.9076012391367912, 0.8886234882056138, -0.8751163624944831, 0.8945434543666514, 0.9027403195809154, 0.9172104703031505, 0.8876893988374671, 0.8737155977157911, 0.8964955059477929, 0.877926765093972, 0.893140181051213, 0.8944028595587502, 0.8707639253037317, 0.7587705972149852, 0.8949335670583954, 1.0, 0.4512841779810196, -0.2166397648970127, 0.6907889701418032, 0.9172929668934444, 0.8791043271899958], [0.49755130758759, 0.49395471835495386, 0.3305285242378428, 0.47838524826929196, 0.31189374703143735, 0.3585894283704337, -0.21042201170975053, 0.37127355949111557, 0.22479531800004865, 0.3102874709575735, -0.24493245755974508, -0.6775319110435629, 0.06389337935570363, 0.22251903807416343, 0.10719459270949096, 0.3040055440786866, 0.743485836601855, 0.7363405037443728, 0.40843049394486886, 0.4512841779810196, 1.0, -0.43544034237875695, 0.3249761999144007, 0.4804036167291268, 0.27487887004613176], [-0.32733267832417823, -0.2492852671680563, -0.24354692917878734, -0.3195638808926209, -0.23682396582701634, -0.23425227049631567, 0.161704522485009, -0.33463766917389554, -0.24655980519563636, -0.26845064487901693, 0.456753971955779, 0.4912583561295338, 0.3708017599925484, -0.1891394956988225, 0.37161208672946877, -0.25915395081597875, -0.5729923061326776, -0.1467152312284952, -0.31337367110641184, -0.2166397648970127, -0.43544034237875695, 1.0, -0.17087233184209938, -0.3578087527372602, -0.18715066311131956], [0.8968936908249515, 0.8684553529671144, 0.9057397756142241, 0.8967883401441894, 0.8896857443912706, 0.93467751102339, -0.9013565105334537, 0.9023946061194239, 0.88371241103315, 0.9299298398282697, 0.9071684057790543, 0.8803027219114743, 0.9198600025001901, 0.9440183487937429, 0.9373043110918586, 0.9142680029364415, 0.6679280540668049, 0.5389530836836552, 0.8855299284593124, 0.6907889701418032, 0.3249761999144007, -0.17087233184209938, 1.0, 0.8289842084764961, 0.8835754900141936], [0.9728299952563605, 0.9598685922630649, 0.938259116136562, 0.9667211868091775, 0.9231690292722305, 0.9546271688536405, -0.9074816053574977, 0.9532238218744157, 0.9272032113009111, 0.9557883283220251, 0.9515468270763798, 0.9482935211315233, 0.9477501350055902, 0.9495016651690661, 0.9581954830945746, 0.942764332760478, 0.9091787289136728, 0.7725171324841589, 0.9490100373637641, 0.9172929668934444, 0.4804036167291268, -0.3578087527372602, 0.8289842084764961, 1.0, 0.926641261829876], [0.950613153987492, 0.9511494071849065, 0.9772242493855499, 0.9563248535470202, 0.9747645327720293, 0.9575213547455258, -0.9549205338680973, 0.9322191930323506, 0.9560427691093754, 0.9542387521194637, 0.9770579380290922, 0.9766689293735255, 0.962500285678414, 0.9566287730720676, 0.9617395510125698, 0.9436665266748714, 0.7845330890901806, 0.6593091067843884, 0.9658347806859664, 0.8791043271899958, 0.27487887004613176, -0.18715066311131956, 0.8835754900141936, 0.926641261829876, 1.0]], "x": ["^TAIEX       \u81fa\u7063\u52a0\u6b0a\u5831\u916c\u6307\u6578", "^TWII        \u81fa\u7063\u52a0\u6b0a\u6307\u6578", "^TAIEXx2     \u81fa\u7063\u52a0\u6b0a\u5831\u916c\u6307\u6578_\u65e5\u6b632", "^TAI50I      \u81fa\u706350\u5831\u916c\u6307\u6578", "^TAI50Ix2    \u81fa\u706350\u5831\u916c\u6307\u6578_\u65e5\u6b632", "^TAI100I     \u81fa\u7063\u4e2d\u578b100\u5831\u916c\u6307\u6578", "^TAI100Ix2   \u81fa\u7063\u4e2d\u578b100\u5831\u916c\u6307\u6578_\u65e5\u6b632", "^TAIDIVIDI   \u81fa\u7063\u9ad8\u80a1\u606f\u5831\u916c\u6307\u6578", "^TAIDIVIDIx2 \u81fa\u7063\u9ad8\u80a1\u606f\u5831\u916c\u6307\u6578_\u65e5\u6b632", "0050         \u5143\u5927\u81fa\u706350", "00631L       \u5143\u5927\u53f0\u706350\u6b632", "00675L       \u5bcc\u90a6\u81fa\u7063\u52a0\u6b0a\u6b632", "006208       \u5bcc\u90a6\u53f050", "0051         \u5143\u5927\u4e2d\u578b100", "006204       \u6c38\u8c50\u81fa\u7063\u52a0\u6b0a", "0056         \u5143\u5927\u9ad8\u80a1\u606f", "2412         \u4e2d\u83ef\u96fb\u4fe1", "2002         \u4e2d\u92fc", "2330         \u53f0\u7a4d\u96fb", "2317         \u9d3b\u6d77", "6505         \u53f0\u5851\u77f3\u5316", "3481         \u7fa4\u5275", "2303         \u806f\u96fb", "2308         \u53f0\u9054\u96fb", "2454         \u806f\u767c\u79d1"], "y": ["^TAIEX       \u81fa\u7063\u52a0\u6b0a\u5831\u916c\u6307\u6578", "^TWII        \u81fa\u7063\u52a0\u6b0a\u6307\u6578", "^TAIEXx2     \u81fa\u7063\u52a0\u6b0a\u5831\u916c\u6307\u6578_\u65e5\u6b632", "^TAI50I      \u81fa\u706350\u5831\u916c\u6307\u6578", "^TAI50Ix2    \u81fa\u706350\u5831\u916c\u6307\u6578_\u65e5\u6b632", "^TAI100I     \u81fa\u7063\u4e2d\u578b100\u5831\u916c\u6307\u6578", "^TAI100Ix2   \u81fa\u7063\u4e2d\u578b100\u5831\u916c\u6307\u6578_\u65e5\u6b632", "^TAIDIVIDI   \u81fa\u7063\u9ad8\u80a1\u606f\u5831\u916c\u6307\u6578", "^TAIDIVIDIx2 \u81fa\u7063\u9ad8\u80a1\u606f\u5831\u916c\u6307\u6578_\u65e5\u6b632", "0050         \u5143\u5927\u81fa\u706350", "00631L       \u5143\u5927\u53f0\u706350\u6b632", "00675L       \u5bcc\u90a6\u81fa\u7063\u52a0\u6b0a\u6b632", "006208       \u5bcc\u90a6\u53f050", "0051         \u5143\u5927\u4e2d\u578b100", "006204       \u6c38\u8c50\u81fa\u7063\u52a0\u6b0a", "0056         \u5143\u5927\u9ad8\u80a1\u606f", "2412         \u4e2d\u83ef\u96fb\u4fe1", "2002         \u4e2d\u92fc", "2330         \u53f0\u7a4d\u96fb", "2317         \u9d3b\u6d77", "6505         \u53f0\u5851\u77f3\u5316", "3481         \u7fa4\u5275", "2303         \u806f\u96fb", "2308         \u53f0\u9054\u96fb", "2454         \u806f\u767c\u79d1"], "zmin": -1, "zmax": 1, "colorbar": {"x": -0.2}}], "layout": {"title": {"text": "<b>Correlation of Adj Close <b><br><i>2016/09/23 ~ 2025/05/05<i>", "y": 0.05, "font": {"family": "Times New Roman"}, "x": 0.05}, "xaxis": {"side": "top", "tickangle": -90, "gridcolor": "rgba(0, 0, 0, 0)", "tickfont": {"family": "Courier New", "size": 14}, "automargin": true}, "yaxis": {"side": "right", "gridcolor": "rgba(0, 0, 0, 0)", "tickfont": {"family": "Courier New"}, "automargin": true}, "height": 600, "font": {"family": "Courier New", "color": "#ffffff"}, "plot_bgcolor": "#000", "paper_bgcolor": "#000"}};

Plotly.newPlot("correlationAdjClose",
    correlationAdjClose.data,
    correlationAdjClose.layout || {},
    config);