var element=document.getElementById("correlationClose");if(element.style.display!='none'){var correlationClose={"data":[{"type":"heatmap","z":[[1.0,0.9999999999999973,1.0,0.9949515021078885,0.9949515021078885,0.9710269212927998,0.9710269212927998,0.9129391175104736,0.9129391175104736,0.7600909630124442,0.9949739152080684,0.7055628521404598,0.9903719812308028,0.99112382139955,0.9950747043083727,0.9767536828909292,0.9992384980307901,0.9093766427288256,0.9093766427288256,0.7735569805181014,-0.18074668372733219,0.9798796929508851,0.23649193080089348,-0.15428264157536478,-0.23204552525602126,0.8211757233632501,0.9011807953512065,0.9249671186260124,0.9114874832961837,0.787491795537908,0.6304954676193908,0.651411913654318,0.6130628668674246,0.9324585046619891,0.8587269870961795,0.24788902646114386],[0.9999999999999973,1.0,0.9999999999999976,0.9949190653416627,0.9949190653416627,0.97058217153811,0.97058217153811,0.9136777406360389,0.9136777406360389,0.7617165911238855,0.9949671303517388,0.7058772339853234,0.9900659607065292,0.9906738258729662,0.9950841568118101,0.976366115459798,0.9992387934760109,0.9092705589504967,0.9092705589504967,0.7909858707215048,0.029881720039404584,0.9725651433125776,0.003873516930751312,-0.14728158215586626,-0.2319521720543685,0.665283628008655,0.9001852425887626,0.9038718473297583,0.9070595651675154,0.7960408632252854,0.6229638756389249,0.6490523685566308,0.6375732673610707,0.9308072590321166,0.729110898670469,0.24535391217463043],[1.0,0.9999999999999976,1.0,0.9949515021078885,0.9949515021078885,0.9710269212927998,0.9710269212927998,0.9129391175104736,0.9129391175104736,0.7600909630124442,0.9949739152080684,0.7055628521404598,0.9903719812308028,0.99112382139955,0.9950747043083727,0.9767536828909292,0.9992384980307901,0.9093766427288256,0.9093766427288256,0.7735569805181014,-0.18074668372733219,0.9798796929508851,0.23649193080089348,-0.15428264157536478,-0.23204552525602126,0.8211757233632501,0.9011807953512065,0.9249671186260124,0.9114874832961837,0.787491795537908,0.6304954676193908,0.651411913654318,0.6130628668674246,0.9324585046619891,0.8587269870961795,0.24788902646114386],[0.9949515021078885,0.9949190653416627,0.9949515021078885,1.0,1.0,0.9583295425412317,0.9583295425412317,0.8956132486516626,0.8956132486516626,0.7222095283174815,0.9996194803999583,0.6667701317970127,0.9924634271368323,0.9908269111231783,0.9995708696270224,0.9594734777888738,0.9950982598570549,0.8805753498515126,0.8805753498515126,0.7434161397488923,-0.18859518586660412,0.992178416539089,0.2653007489466471,-0.19015368354900444,-0.2283534193574434,0.807755729395811,0.9204851095949323,0.9239087738066469,0.8891633309155407,0.7863513225713424,0.6603040573662337,0.6415940022998602,0.5785520119611777,0.9184495099384455,0.8502055682085012,0.2625079563882961],[0.9949515021078885,0.9949190653416627,0.9949515021078885,1.0,1.0,0.9583295425412317,0.9583295425412317,0.8956132486516626,0.8956132486516626,0.7222095283174815,0.9996194803999583,0.6667701317970127,0.9924634271368323,0.9908269111231783,0.9995708696270224,0.9594734777888738,0.9950982598570549,0.8805753498515126,0.8805753498515126,0.7434161397488923,-0.18859518586660412,0.992178416539089,0.2653007489466471,-0.19015368354900444,-0.2283534193574434,0.807755729395811,0.9204851095949323,0.9239087738066469,0.8891633309155407,0.7863513225713424,0.6603040573662337,0.6415940022998602,0.5785520119611777,0.9184495099384455,0.8502055682085012,0.2625079563882961],[0.9710269212927998,0.97058217153811,0.9710269212927998,0.9583295425412317,0.9583295425412317,1.0,1.0,0.9371765925133294,0.9371765925133294,0.7394196855169368,0.957008032300291,0.7162311016051474,0.9634348064017418,0.9608058065885121,0.9570337793699621,0.9990809664172425,0.9769493080487255,0.9148586444677539,0.9148586444677539,0.6543315262689752,-0.1352986376695551,0.9449911036206148,0.37494205629646404,-0.3250945811899822,-0.11371440922052359,0.8846143141776325,0.8567614303134505,0.9406582513567278,0.8922775410033649,0.7572686635082561,0.7893780473771901,0.7461303495194918,0.6858976151326209,0.8718623045249454,0.8845960159160883,0.5122750308690129],[0.9710269212927998,0.97058217153811,0.9710269212927998,0.9583295425412317,0.9583295425412317,1.0,1.0,0.9371765925133294,0.9371765925133294,0.7394196855169368,0.957008032300291,0.7162311016051474,0.9634348064017418,0.9608058065885121,0.9570337793699621,0.9990809664172425,0.9769493080487255,0.9148586444677539,0.9148586444677539,0.6543315262689752,-0.1352986376695551,0.9449911036206148,0.37494205629646404,-0.3250945811899822,-0.11371440922052359,0.8846143141776325,0.8567614303134505,0.9406582513567278,0.8922775410033649,0.7572686635082561,0.7893780473771901,0.7461303495194918,0.6858976151326209,0.8718623045249454,0.8845960159160883,0.5122750308690129],[0.9129391175104736,0.9136777406360389,0.9129391175104736,0.8956132486516626,0.8956132486516626,0.9371765925133294,0.9371765925133294,1.0,1.0,0.7078668996042314,0.9361728400493141,0.7179537016258787,0.9271330696400696,0.9217238972092867,0.9363214717929239,0.9390516020859404,0.9466261334901747,0.9697723452169422,0.9697723452169422,0.6069116427277913,-0.014278410882905197,0.8615269745222076,0.5892990057656192,-0.35277466552203784,0.012580062090291217,0.8004489080750492,0.7531103028039532,0.8879474908039318,0.8568154537955301,0.7726584902005762,0.8870268516262946,0.791227617172614,0.7085235002813441,0.8124193390299768,0.8666527816276682,0.8221783342619932],[0.9129391175104736,0.9136777406360389,0.9129391175104736,0.8956132486516626,0.8956132486516626,0.9371765925133294,0.9371765925133294,1.0,1.0,0.7078668996042314,0.9361728400493141,0.7179537016258787,0.9271330696400696,0.9217238972092867,0.9363214717929239,0.9390516020859404,0.9466261334901747,0.9697723452169422,0.9697723452169422,0.6069116427277913,-0.014278410882905197,0.8615269745222076,0.5892990057656192,-0.35277466552203784,0.012580062090291217,0.8004489080750492,0.7531103028039532,0.8879474908039318,0.8568154537955301,0.7726584902005762,0.8870268516262946,0.791227617172614,0.7085235002813441,0.8124193390299768,0.8666527816276682,0.8221783342619932],[0.7600909630124442,0.7617165911238855,0.7600909630124442,0.7222095283174815,0.7222095283174815,0.7394196855169368,0.7394196855169368,0.7078668996042314,0.7078668996042314,1.0,0.5859700125337426,0.9999696899500118,0.4816291996773891,0.374513110361075,0.5881047005634318,0.7345708903956454,0.6526560585858098,0.7968629394655596,0.7968629394655596,0.687364665480564,-0.09760786834401922,0.6901154455215075,0.03549087736620445,0.04968545762774748,-0.2429034537287581,0.7663731324574619,0.4535929801297809,0.724520889234166,0.8033260168173758,0.6726009699904808,0.3322257719440008,0.5232668562436484,0.5622892054471281,0.7721165340718136,0.6201766738842833,0.16824495144545512],[0.9949739152080684,0.9949671303517388,0.9949739152080684,0.9996194803999583,0.9996194803999583,0.957008032300291,0.957008032300291,0.9361728400493141,0.9361728400493141,0.5859700125337426,1.0,0.5858287671459804,0.9919045422574065,0.9905617411097296,0.9999393361036563,0.9548221936736283,0.9945271718260635,0.8896927547633557,0.8896927547633557,0.8506283313005918,-0.06081326604822475,0.9969740584695501,0.9056800022736499,-0.5366994371270881,0.4377055344002112,0.8141645140408028,0.8942964391622916,0.9367272616049237,0.8787749994429519,0.8126351845561078,0.932956075761641,0.8547943159164274,0.7347436824728883,0.9009137085973189,0.9515817980312727,0.8167750342676735],[0.7055628521404598,0.7058772339853234,0.7055628521404598,0.6667701317970127,0.6667701317970127,0.7162311016051474,0.7162311016051474,0.7179537016258787,0.7179537016258787,0.9999696899500118,0.5858287671459804,1.0,0.4798012139246445,0.3722316800744698,0.5867828247944891,0.7234762961279226,0.6513596871891633,0.7903834973886954,0.7903834973886954,0.6414680073387033,0.0327253747347639,0.6368297568516585,0.39450818461517195,-0.1626919078426515,-0.2320682049971156,0.7919467924278356,0.3519031031076344,0.6917122608285251,0.7723345293212054,0.692042829566535,0.5217153913322473,0.6874856052410515,0.6774429292757314,0.7231731218147959,0.5965338672290245,0.6289693187098199],[0.9903719812308028,0.9900659607065292,0.9903719812308028,0.9924634271368323,0.9924634271368323,0.9634348064017418,0.9634348064017418,0.9271330696400696,0.9271330696400696,0.4816291996773891,0.9919045422574065,0.4798012139246445,1.0,0.9998337036783426,0.9918022554451668,0.9587332978211729,0.989035018615265,0.8629742828115865,0.8629742828115865,0.829045933549916,-0.04646495261191014,0.9914924493722908,0.9161012013506892,-0.6638400785908005,0.5130695325867763,0.7742566595536307,0.9154975284679884,0.9327874687264561,0.8489748003296914,0.7502641629374024,0.9330471086146103,0.8194755777896374,0.6889175408525429,0.8766599203346899,0.9559318708860182,0.8411833295324378],[0.99112382139955,0.9906738258729662,0.99112382139955,0.9908269111231783,0.9908269111231783,0.9608058065885121,0.9608058065885121,0.9217238972092867,0.9217238972092867,0.374513110361075,0.9905617411097296,0.3722316800744698,0.9998337036783426,1.0,0.9906077585395511,0.9552750866311269,0.9891606374632745,0.846625983823716,0.846625983823716,0.8517778099556703,-0.16804566622930658,0.9889322079217645,0.9194063507199621,-0.8076275341761712,0.548771353665938,0.7254702737071929,0.9221640820594363,0.9246036119489841,0.8294914778589975,0.6962301631565014,0.9391956734877637,0.8126247072148802,0.6223088365110675,0.892494767009603,0.9569600473938962,0.8223918456536699],[0.9950747043083727,0.9950841568118101,0.9950747043083727,0.9995708696270224,0.9995708696270224,0.9570337793699621,0.9570337793699621,0.9363214717929239,0.9363214717929239,0.5881047005634318,0.9999393361036563,0.5867828247944891,0.9918022554451668,0.9906077585395511,1.0,0.9550927109393637,0.9946540088779187,0.8904082812257426,0.8904082812257426,0.8517324469557496,-0.06123531985403577,0.9968280105783748,0.9051840539362858,-0.5341878962327238,0.43967726339193997,0.8148232955161915,0.8926858685492419,0.9363672120624914,0.8791456643137548,0.8136043513426806,0.9326483435141956,0.8557771428765357,0.7355423795957252,0.9008248511211435,0.9517891470180398,0.817925136778074],[0.9767536828909292,0.976366115459798,0.9767536828909292,0.9594734777888738,0.9594734777888738,0.9990809664172425,0.9990809664172425,0.9390516020859404,0.9390516020859404,0.7345708903956454,0.9548221936736283,0.7234762961279226,0.9587332978211729,0.9552750866311269,0.9550927109393637,1.0,0.9766070137487206,0.9166439551096619,0.9166439551096619,0.7033281929727067,-0.1213196755828041,0.94872897360316,0.6912792739223173,-0.4547505003894956,-0.14607607883002982,0.8959401004595015,0.844882389918151,0.9372572434877298,0.8998978872034346,0.791536165201647,0.8767788942895299,0.7916781442668472,0.742709936981962,0.8928018824535804,0.8817578904341153,0.8152682623422438],[0.9992384980307901,0.9992387934760109,0.9992384980307901,0.9950982598570549,0.9950982598570549,0.9769493080487255,0.9769493080487255,0.9466261334901747,0.9466261334901747,0.6526560585858098,0.9945271718260635,0.6513596871891633,0.989035018615265,0.9891606374632745,0.9946540088779187,0.9766070137487206,1.0,0.9189399160814773,0.9189399160814773,0.8637512764231519,-0.04427749285270013,0.9882958384483734,0.8792240205773443,-0.5194374241155405,0.4486068002890226,0.8608064594904202,0.8794901632496535,0.948993728113157,0.9117940896106185,0.8340172719947845,0.9217901791222107,0.888405779749613,0.7819040779581076,0.9160200347900977,0.9601259197295484,0.8615367903541662],[0.9093766427288256,0.9092705589504967,0.9093766427288256,0.8805753498515126,0.8805753498515126,0.9148586444677539,0.9148586444677539,0.9697723452169422,0.9697723452169422,0.7968629394655596,0.8896927547633557,0.7903834973886954,0.8629742828115865,0.846625983823716,0.8904082812257426,0.9166439551096619,0.9189399160814773,1.0,1.0,0.7535157581727827,-0.0645718695822485,0.8451527922363422,0.5833626779927947,-0.23555392474423834,-0.19556001498045678,0.8368770132728622,0.6966162090926238,0.8446814775135798,0.9204560416743036,0.8475681209462305,0.7996749195517409,0.7688061457830363,0.7076055270399536,0.8548073744164103,0.7886774799720775,0.8588397606073687],[0.9093766427288256,0.9092705589504967,0.9093766427288256,0.8805753498515126,0.8805753498515126,0.9148586444677539,0.9148586444677539,0.9697723452169422,0.9697723452169422,0.7968629394655596,0.8896927547633557,0.7903834973886954,0.8629742828115865,0.846625983823716,0.8904082812257426,0.9166439551096619,0.9189399160814773,1.0,1.0,0.7535157581727827,-0.0645718695822485,0.8451527922363422,0.5833626779927947,-0.23555392474423834,-0.19556001498045678,0.8368770132728622,0.6966162090926238,0.8446814775135798,0.9204560416743036,0.8475681209462305,0.7996749195517409,0.7688061457830363,0.7076055270399536,0.8548073744164103,0.7886774799720775,0.8588397606073687],[0.7735569805181014,0.7909858707215048,0.7735569805181014,0.7434161397488923,0.7434161397488923,0.6543315262689752,0.6543315262689752,0.6069116427277913,0.6069116427277913,0.687364665480564,0.8506283313005918,0.6414680073387033,0.829045933549916,0.8517778099556703,0.8517324469557496,0.7033281929727067,0.8637512764231519,0.7535157581727827,0.7535157581727827,1.0,0.018742564771382676,0.7041071824784113,-0.31894552009022675,0.2824340266778877,-0.6472628539318181,0.37821714761719605,0.651952491777644,0.5299488333232776,0.841258160508223,0.7052419118963574,0.16821867613494626,0.3341591623952507,0.5725294625427,0.7876693215015588,0.5009207937843803,-0.11381441964239332],[-0.18074668372733219,0.029881720039404584,-0.18074668372733219,-0.18859518586660412,-0.18859518586660412,-0.1352986376695551,-0.1352986376695551,-0.014278410882905197,-0.014278410882905197,-0.09760786834401922,-0.06081326604822475,0.0327253747347639,-0.04646495261191014,-0.16804566622930658,-0.06123531985403577,-0.1213196755828041,-0.04427749285270013,-0.0645718695822485,-0.0645718695822485,0.018742564771382676,1.0,-0.124149712119083,0.08737694772729648,0.17412047012345017,0.7426825185900235,-0.10793586428356859,-0.08786306507375574,-0.04680438060743556,0.13942843812457922,-0.025117429573099526,-0.002337814407309476,0.2959739296623889,0.5544486339741174,-0.1472539785124669,0.0720070716825237,0.13260398367017617],[0.9798796929508851,0.9725651433125776,0.9798796929508851,0.992178416539089,0.992178416539089,0.9449911036206148,0.9449911036206148,0.8615269745222076,0.8615269745222076,0.6901154455215075,0.9969740584695501,0.6368297568516585,0.9914924493722908,0.9889322079217645,0.9968280105783748,0.94872897360316,0.9882958384483734,0.8451527922363422,0.8451527922363422,0.7041071824784113,-0.124149712119083,1.0,0.1729006697947563,-0.24170051290335862,-0.2701466294977336,0.6765346360222917,0.9262880121934064,0.9080426577344552,0.8329923079075743,0.7537980260326919,0.6633030522859235,0.6097899087258284,0.5109371166673725,0.8963905257857415,0.7108908635526646,0.2470878976851328],[0.23649193080089348,0.003873516930751312,0.23649193080089348,0.2653007489466471,0.2653007489466471,0.37494205629646404,0.37494205629646404,0.5892990057656192,0.5892990057656192,0.03549087736620445,0.9056800022736499,0.39450818461517195,0.9161012013506892,0.9194063507199621,0.9051840539362858,0.6912792739223173,0.8792240205773443,0.5833626779927947,0.5833626779927947,-0.31894552009022675,0.08737694772729648,0.1729006697947563,1.0,-0.4763698262325981,0.6898168302296828,0.40456448695472685,0.20042862703155426,0.363736620164261,-0.0515297806298993,0.12527950645120867,0.6229288803332941,0.502748831824186,0.21374133133977877,0.06897203406395915,0.4268207853875682,0.48986824181132876],[-0.15428264157536478,-0.14728158215586626,-0.15428264157536478,-0.19015368354900444,-0.19015368354900444,-0.3250945811899822,-0.3250945811899822,-0.35277466552203784,-0.35277466552203784,0.04968545762774748,-0.5366994371270881,-0.1626919078426515,-0.6638400785908005,-0.8076275341761712,-0.5341878962327238,-0.4547505003894956,-0.5194374241155405,-0.23555392474423834,-0.23555392474423834,0.2824340266778877,0.17412047012345017,-0.24170051290335862,-0.4763698262325981,1.0,-0.024984025846305328,-0.19501072519153848,-0.24085453109683597,-0.33402480764800146,-0.07625000181203533,-0.10830251980100006,-0.5760481942800256,-0.22639189718881242,-0.039910510798591335,-0.0882479775737646,-0.26011691379984503,-0.4243874841778296],[-0.23204552525602126,-0.2319521720543685,-0.23204552525602126,-0.2283534193574434,-0.2283534193574434,-0.11371440922052359,-0.11371440922052359,0.012580062090291217,0.012580062090291217,-0.2429034537287581,0.4377055344002112,-0.2320682049971156,0.5130695325867763,0.548771353665938,0.43967726339193997,-0.14607607883002982,0.4486068002890226,-0.19556001498045678,-0.19556001498045678,-0.6472628539318181,0.7426825185900235,-0.2701466294977336,0.6898168302296828,-0.024984025846305328,1.0,-0.10525600813312495,-0.19385758916634402,-0.06502783424442055,-0.34613564467950103,-0.3230521386596269,0.05875574044055574,0.15553362481592387,0.26033213681784173,-0.3663964034265347,0.1004237069569247,0.08525870492771703],[0.8211757233632501,0.665283628008655,0.8211757233632501,0.807755729395811,0.807755729395811,0.8846143141776325,0.8846143141776325,0.8004489080750492,0.8004489080750492,0.7663731324574619,0.8141645140408028,0.7919467924278356,0.7742566595536307,0.7254702737071929,0.8148232955161915,0.8959401004595015,0.8608064594904202,0.8368770132728622,0.8368770132728622,0.37821714761719605,-0.10793586428356859,0.6765346360222917,0.40456448695472685,-0.19501072519153848,-0.10525600813312495,1.0,0.551083811368812,0.8463185848021504,0.5165635223515629,0.6473894598860722,0.5847872596752827,0.6735871193455474,0.4337133520674707,0.722833961776036,0.7191359173085875,0.44372332454833524],[0.9011807953512065,0.9001852425887626,0.9011807953512065,0.9204851095949323,0.9204851095949323,0.8567614303134505,0.8567614303134505,0.7531103028039532,0.7531103028039532,0.4535929801297809,0.8942964391622916,0.3519031031076344,0.9154975284679884,0.9221640820594363,0.8926858685492419,0.844882389918151,0.8794901632496535,0.6966162090926238,0.6966162090926238,0.651952491777644,-0.08786306507375574,0.9262880121934064,0.20042862703155426,-0.24085453109683597,-0.19385758916634402,0.551083811368812,1.0,0.8057500672400041,0.7270607758626311,0.646865775744633,0.6021532559697231,0.5094182774750156,0.46482385415390426,0.8062376993537586,0.6660380623388026,0.19876584808580117],[0.9249671186260124,0.9038718473297583,0.9249671186260124,0.9239087738066469,0.9239087738066469,0.9406582513567278,0.9406582513567278,0.8879474908039318,0.8879474908039318,0.724520889234166,0.9367272616049237,0.6917122608285251,0.9327874687264561,0.9246036119489841,0.9363672120624914,0.9372572434877298,0.948993728113157,0.8446814775135798,0.8446814775135798,0.5299488333232776,-0.04680438060743556,0.9080426577344552,0.363736620164261,-0.33402480764800146,-0.06502783424442055,0.8463185848021504,0.8057500672400041,1.0,0.7621174243069319,0.6379250425631988,0.6563089719394971,0.6239555409772561,0.5320100682185366,0.8346005949060307,0.8561608686608594,0.2709547465669074],[0.9114874832961837,0.9070595651675154,0.9114874832961837,0.8891633309155407,0.8891633309155407,0.8922775410033649,0.8922775410033649,0.8568154537955301,0.8568154537955301,0.8033260168173758,0.8787749994429519,0.7723345293212054,0.8489748003296914,0.8294914778589975,0.8791456643137548,0.8998978872034346,0.9117940896106185,0.9204560416743036,0.9204560416743036,0.841258160508223,0.13942843812457922,0.8329923079075743,-0.0515297806298993,-0.07625000181203533,-0.34613564467950103,0.5165635223515629,0.7270607758626311,0.7621174243069319,1.0,0.9110144864178727,0.5745448188391685,0.7026032505081707,0.6696724475255735,0.8840552684284486,0.5382444702295531,0.32703830992523003],[0.787491795537908,0.7960408632252854,0.787491795537908,0.7863513225713424,0.7863513225713424,0.7572686635082561,0.7572686635082561,0.7726584902005762,0.7726584902005762,0.6726009699904808,0.8126351845561078,0.692042829566535,0.7502641629374024,0.6962301631565014,0.8136043513426806,0.791536165201647,0.8340172719947845,0.8475681209462305,0.8475681209462305,0.7052419118963574,-0.025117429573099526,0.7537980260326919,0.12527950645120867,-0.10830251980100006,-0.3230521386596269,0.6473894598860722,0.646865775744633,0.6379250425631988,0.9110144864178727,1.0,0.6100165267163045,0.6866214818006823,0.6144720289725092,0.7486274149789749,0.615304587979915,0.49564351068246415],[0.6304954676193908,0.6229638756389249,0.6304954676193908,0.6603040573662337,0.6603040573662337,0.7893780473771901,0.7893780473771901,0.8870268516262946,0.8870268516262946,0.3322257719440008,0.932956075761641,0.5217153913322473,0.9330471086146103,0.9391956734877637,0.9326483435141956,0.8767788942895299,0.9217901791222107,0.7996749195517409,0.7996749195517409,0.16821867613494626,-0.002337814407309476,0.6633030522859235,0.6229288803332941,-0.5760481942800256,0.05875574044055574,0.5847872596752827,0.6021532559697231,0.6563089719394971,0.5745448188391685,0.6100165267163045,1.0,0.7496820907222446,0.38944922926785963,0.5553095593939605,0.6478273444614944,0.7560691669797392],[0.651411913654318,0.6490523685566308,0.651411913654318,0.6415940022998602,0.6415940022998602,0.7461303495194918,0.7461303495194918,0.791227617172614,0.791227617172614,0.5232668562436484,0.8547943159164274,0.6874856052410515,0.8194755777896374,0.8126247072148802,0.8557771428765357,0.7916781442668472,0.888405779749613,0.7688061457830363,0.7688061457830363,0.3341591623952507,0.2959739296623889,0.6097899087258284,0.502748831824186,-0.22639189718881242,0.15553362481592387,0.6735871193455474,0.5094182774750156,0.6239555409772561,0.7026032505081707,0.6866214818006823,0.7496820907222446,1.0,0.7791550616978704,0.5283664649478117,0.7386307821930659,0.5667085329353996],[0.6130628668674246,0.6375732673610707,0.6130628668674246,0.5785520119611777,0.5785520119611777,0.6858976151326209,0.6858976151326209,0.7085235002813441,0.7085235002813441,0.5622892054471281,0.7347436824728883,0.6774429292757314,0.6889175408525429,0.6223088365110675,0.7355423795957252,0.742709936981962,0.7819040779581076,0.7076055270399536,0.7076055270399536,0.5725294625427,0.5544486339741174,0.5109371166673725,0.21374133133977877,-0.039910510798591335,0.26033213681784173,0.4337133520674707,0.46482385415390426,0.5320100682185366,0.6696724475255735,0.6144720289725092,0.38944922926785963,0.7791550616978704,1.0,0.49936796067459,0.6576916341323841,0.21638800565638006],[0.9324585046619891,0.9308072590321166,0.9324585046619891,0.9184495099384455,0.9184495099384455,0.8718623045249454,0.8718623045249454,0.8124193390299768,0.8124193390299768,0.7721165340718136,0.9009137085973189,0.7231731218147959,0.8766599203346899,0.892494767009603,0.9008248511211435,0.8928018824535804,0.9160200347900977,0.8548073744164103,0.8548073744164103,0.7876693215015588,-0.1472539785124669,0.8963905257857415,0.06897203406395915,-0.0882479775737646,-0.3663964034265347,0.722833961776036,0.8062376993537586,0.8346005949060307,0.8840552684284486,0.7486274149789749,0.5553095593939605,0.5283664649478117,0.49936796067459,1.0,0.760100545992714,0.2182649529963455],[0.8587269870961795,0.729110898670469,0.8587269870961795,0.8502055682085012,0.8502055682085012,0.8845960159160883,0.8845960159160883,0.8666527816276682,0.8666527816276682,0.6201766738842833,0.9515817980312727,0.5965338672290245,0.9559318708860182,0.9569600473938962,0.9517891470180398,0.8817578904341153,0.9601259197295484,0.7886774799720775,0.7886774799720775,0.5009207937843803,0.0720070716825237,0.7108908635526646,0.4268207853875682,-0.26011691379984503,0.1004237069569247,0.7191359173085875,0.6660380623388026,0.8561608686608594,0.5382444702295531,0.615304587979915,0.6478273444614944,0.7386307821930659,0.6576916341323841,0.760100545992714,1.0,0.23935286449876425],[0.24788902646114386,0.24535391217463043,0.24788902646114386,0.2625079563882961,0.2625079563882961,0.5122750308690129,0.5122750308690129,0.8221783342619932,0.8221783342619932,0.16824495144545512,0.8167750342676735,0.6289693187098199,0.8411833295324378,0.8223918456536699,0.817925136778074,0.8152682623422438,0.8615367903541662,0.8588397606073687,0.8588397606073687,-0.11381441964239332,0.13260398367017617,0.2470878976851328,0.48986824181132876,-0.4243874841778296,0.08525870492771703,0.44372332454833524,0.19876584808580117,0.2709547465669074,0.32703830992523003,0.49564351068246415,0.7560691669797392,0.5667085329353996,0.21638800565638006,0.2182649529963455,0.23935286449876425,1.0]],"x":["^TAIEX       \u81fa\u7063\u52a0\u6b0a\u5831\u916c\u6307\u6578","^TWII        \u81fa\u7063\u52a0\u6b0a\u6307\u6578","^TAIEXx2     \u81fa\u7063\u52a0\u6b0a\u5831\u916c\u6307\u6578_\u65e5\u6b632","^TAI50I      \u81fa\u706350\u5831\u916c\u6307\u6578","^TAI50Ix2    \u81fa\u706350\u5831\u916c\u6307\u6578_\u65e5\u6b632","^TAI100I     \u81fa\u7063\u4e2d\u578b100\u5831\u916c\u6307\u6578","^TAI100Ix2   \u81fa\u7063\u4e2d\u578b100\u5831\u916c\u6307\u6578_\u65e5\u6b632","^TAIDIVIDI   \u81fa\u7063\u9ad8\u80a1\u606f\u5831\u916c\u6307\u6578","^TAIDIVIDIx2 \u81fa\u7063\u9ad8\u80a1\u606f\u5831\u916c\u6307\u6578_\u65e5\u6b632","0050Fund     \u5143\u5927\u53f0\u7063\u5353\u8d8a50\u57fa\u91d1","006208Fund   \u5bcc\u90a6\u53f0\u7063\u91c6\u540950\u57fa\u91d1","0050         \u5143\u5927\u81fa\u706350","00631L       \u5143\u5927\u53f0\u706350\u6b632","00675L       \u5bcc\u90a6\u81fa\u7063\u52a0\u6b0a\u6b632","006208       \u5bcc\u90a6\u53f050","0051         \u5143\u5927\u4e2d\u578b100","006204       \u6c38\u8c50\u81fa\u7063\u52a0\u6b0a","0056         \u5143\u5927\u9ad8\u80a1\u606f","0056         \u5143\u5927\u9ad8\u80a1\u606f_\u80a1\u606f\u4e0d\u6295\u5165","2412         \u4e2d\u83ef\u96fb\u4fe1","2002         \u4e2d\u92fc","2330         \u53f0\u7a4d\u96fb","2317         \u9d3b\u6d77","6505         \u53f0\u5851\u77f3\u5316","3481         \u7fa4\u5275","2303         \u806f\u96fb","2308         \u53f0\u9054\u96fb","2454         \u806f\u767c\u79d1","2886         \u5146\u8c50\u91d1","2884         \u7389\u5c71\u91d1","2891         \u4e2d\u4fe1\u91d1","2892         \u7b2c\u4e00\u91d1","5880         \u5408\u5eab\u91d1","2881         \u5bcc\u90a6\u91d1","2885         \u5143\u5927\u91d1","2887         \u53f0\u65b0\u91d1"],"y":["^TAIEX       \u81fa\u7063\u52a0\u6b0a\u5831\u916c\u6307\u6578","^TWII        \u81fa\u7063\u52a0\u6b0a\u6307\u6578","^TAIEXx2     \u81fa\u7063\u52a0\u6b0a\u5831\u916c\u6307\u6578_\u65e5\u6b632","^TAI50I      \u81fa\u706350\u5831\u916c\u6307\u6578","^TAI50Ix2    \u81fa\u706350\u5831\u916c\u6307\u6578_\u65e5\u6b632","^TAI100I     \u81fa\u7063\u4e2d\u578b100\u5831\u916c\u6307\u6578","^TAI100Ix2   \u81fa\u7063\u4e2d\u578b100\u5831\u916c\u6307\u6578_\u65e5\u6b632","^TAIDIVIDI   \u81fa\u7063\u9ad8\u80a1\u606f\u5831\u916c\u6307\u6578","^TAIDIVIDIx2 \u81fa\u7063\u9ad8\u80a1\u606f\u5831\u916c\u6307\u6578_\u65e5\u6b632","0050Fund     \u5143\u5927\u53f0\u7063\u5353\u8d8a50\u57fa\u91d1","006208Fund   \u5bcc\u90a6\u53f0\u7063\u91c6\u540950\u57fa\u91d1","0050         \u5143\u5927\u81fa\u706350","00631L       \u5143\u5927\u53f0\u706350\u6b632","00675L       \u5bcc\u90a6\u81fa\u7063\u52a0\u6b0a\u6b632","006208       \u5bcc\u90a6\u53f050","0051         \u5143\u5927\u4e2d\u578b100","006204       \u6c38\u8c50\u81fa\u7063\u52a0\u6b0a","0056         \u5143\u5927\u9ad8\u80a1\u606f","0056         \u5143\u5927\u9ad8\u80a1\u606f_\u80a1\u606f\u4e0d\u6295\u5165","2412         \u4e2d\u83ef\u96fb\u4fe1","2002         \u4e2d\u92fc","2330         \u53f0\u7a4d\u96fb","2317         \u9d3b\u6d77","6505         \u53f0\u5851\u77f3\u5316","3481         \u7fa4\u5275","2303         \u806f\u96fb","2308         \u53f0\u9054\u96fb","2454         \u806f\u767c\u79d1","2886         \u5146\u8c50\u91d1","2884         \u7389\u5c71\u91d1","2891         \u4e2d\u4fe1\u91d1","2892         \u7b2c\u4e00\u91d1","5880         \u5408\u5eab\u91d1","2881         \u5bcc\u90a6\u91d1","2885         \u5143\u5927\u91d1","2887         \u53f0\u65b0\u91d1"],"zmin":-1,"zmax":1,"colorbar":{"x":-0.2}}],"layout":{"autotypenumbers":"strict","colorway":["#636efa","#EF553B","#00cc96","#ab63fa","#FFA15A","#19d3f3","#FF6692","#B6E880","#FF97FF","#FECB52"],"font":{"color":"#f2f5fa","family":"Courier New"},"hovermode":"closest","hoverlabel":{"align":"left"},"paper_bgcolor":"rgb(17,17,17)","plot_bgcolor":"rgb(17,17,17)","polar":{"bgcolor":"rgb(17,17,17)","angularaxis":{"gridcolor":"#506784","linecolor":"#506784","ticks":""},"radialaxis":{"gridcolor":"#506784","linecolor":"#506784","ticks":""}},"ternary":{"bgcolor":"rgb(17,17,17)","aaxis":{"gridcolor":"#506784","linecolor":"#506784","ticks":""},"baxis":{"gridcolor":"#506784","linecolor":"#506784","ticks":""},"caxis":{"gridcolor":"#506784","linecolor":"#506784","ticks":""}},"coloraxis":{"colorbar":{"outlinewidth":0,"ticks":""}},"colorscale":{"sequential":[[0.0,"#0d0887"],[0.1111111111111111,"#46039f"],[0.2222222222222222,"#7201a8"],[0.3333333333333333,"#9c179e"],[0.4444444444444444,"#bd3786"],[0.5555555555555556,"#d8576b"],[0.6666666666666666,"#ed7953"],[0.7777777777777778,"#fb9f3a"],[0.8888888888888888,"#fdca26"],[1.0,"#f0f921"]],"sequentialminus":[[0.0,"#0d0887"],[0.1111111111111111,"#46039f"],[0.2222222222222222,"#7201a8"],[0.3333333333333333,"#9c179e"],[0.4444444444444444,"#bd3786"],[0.5555555555555556,"#d8576b"],[0.6666666666666666,"#ed7953"],[0.7777777777777778,"#fb9f3a"],[0.8888888888888888,"#fdca26"],[1.0,"#f0f921"]],"diverging":[[0,"#8e0152"],[0.1,"#c51b7d"],[0.2,"#de77ae"],[0.3,"#f1b6da"],[0.4,"#fde0ef"],[0.5,"#f7f7f7"],[0.6,"#e6f5d0"],[0.7,"#b8e186"],[0.8,"#7fbc41"],[0.9,"#4d9221"],[1,"#276419"]]},"xaxis":{"gridcolor":"rgba(0, 0, 0, 0)","linecolor":"#506784","ticks":"","title":{"standoff":15},"zerolinecolor":"#283442","automargin":true,"zerolinewidth":2,"tickfont":{"family":"Courier New","size":14},"side":"top","tickangle":-90},"yaxis":{"gridcolor":"rgba(0, 0, 0, 0)","linecolor":"#506784","ticks":"","title":{"standoff":15},"zerolinecolor":"#283442","automargin":true,"zerolinewidth":2,"tickfont":{"family":"Courier New"},"side":"right"},"scene":{"xaxis":{"backgroundcolor":"rgb(17,17,17)","gridcolor":"#506784","linecolor":"#506784","showbackground":true,"ticks":"","zerolinecolor":"#C8D4E3","gridwidth":2},"yaxis":{"backgroundcolor":"rgb(17,17,17)","gridcolor":"#506784","linecolor":"#506784","showbackground":true,"ticks":"","zerolinecolor":"#C8D4E3","gridwidth":2},"zaxis":{"backgroundcolor":"rgb(17,17,17)","gridcolor":"#506784","linecolor":"#506784","showbackground":true,"ticks":"","zerolinecolor":"#C8D4E3","gridwidth":2}},"shapedefaults":{"line":{"color":"#f2f5fa"}},"annotationdefaults":{"arrowcolor":"#f2f5fa","arrowhead":0,"arrowwidth":1},"geo":{"bgcolor":"rgb(17,17,17)","landcolor":"rgb(17,17,17)","subunitcolor":"#506784","showland":true,"showlakes":true,"lakecolor":"rgb(17,17,17)"},"title":{"x":0.05,"font":{"family":"Times New Roman"},"y":0.05,"text":"<b>Correlation of Close<b><br><i>2016-09-23 ~ 2026-03-16<i>"},"updatemenudefaults":{"bgcolor":"#506784","borderwidth":0},"sliderdefaults":{"bgcolor":"#C8D4E3","borderwidth":1,"bordercolor":"rgb(17,17,17)","tickwidth":0},"mapbox":{"style":"dark"},"annotations":[{"text":"<b>@zwindr<b>","textangle":0,"opacity":0.5,"font":{"color":"white","size":12},"xref":"paper","yref":"paper","xanchor":"left","yanchor":"bottom","x":1.0,"y":1.0,"showarrow":false}]},"config":{"responsive":true,"toImageButtonOptions":{"filename":"Correlation of Close_2016-09-23~2026-03-16","scale":5}}};Plotly.newPlot("correlationClose",correlationClose.data,correlationClose.layout||{},correlationClose.config);}else{console.log("style display is none => correlationClose");}