var element=document.getElementById("correlationClose");if(element.style.display!='none'){var correlationClose={"data":[{"type":"heatmap","z":[[1.0,0.9999999999999979,1.0,0.9950569941213012,0.9950569941213012,0.9734867690593934,0.9734867690593934,0.9158828896895753,0.9158828896895753,0.7273083942212302,0.9953226935845533,0.6650180949264061,0.8322038174919428,0.9905322693384686,0.9954345337876739,0.9784555937295305,0.9993096181617602,0.9053613554880405,0.9053613554880405,0.7675352154811855,-0.1975756229143738,0.981234757207439,0.2593764562183812,-0.1742622434774698,-0.2189801537587916,0.8246153051401595,0.8874436638729829,0.9290562142381096,0.9008062699220998,0.785116003839275,0.6615881007280459,0.6529730813151291,0.601272035564404,0.9262430569430247,0.8710438889022911,0.2801553440958362],[0.9999999999999979,1.0,0.9999999999999981,0.9950200345627613,0.9950200345627613,0.9730732610811155,0.9730732610811155,0.9165279531480185,0.9165279531480185,0.7289126799685177,0.9953150799638052,0.666839838507703,0.8315354602564065,0.9901351925537193,0.9954293415956149,0.9780527831926875,0.999306931465112,0.9052565541574282,0.9052565541574282,0.7845950375932046,0.012311908519211068,0.9742730566217642,0.018619975651486004,-0.1669460770775076,-0.21948229941269404,0.6739976813267577,0.8858040933485456,0.9092944791677368,0.8975185000633722,0.7931023144763385,0.6531885993757707,0.6507057261172214,0.6260948056315087,0.9253387726902762,0.748235294144573,0.27607947584526527],[1.0,0.9999999999999981,1.0,0.9950569941213012,0.9950569941213012,0.9734867690593934,0.9734867690593934,0.9158828896895753,0.9158828896895753,0.7273083942212302,0.9953226935845533,0.6650180949264061,0.8322038174919428,0.9905322693384686,0.9954345337876739,0.9784555937295305,0.9993096181617602,0.9053613554880405,0.9053613554880405,0.7675352154811855,-0.1975756229143738,0.981234757207439,0.2593764562183812,-0.1742622434774698,-0.2189801537587916,0.8246153051401595,0.8874436638729829,0.9290562142381096,0.9008062699220998,0.785116003839275,0.6615881007280459,0.6529730813151291,0.601272035564404,0.9262430569430247,0.8710438889022911,0.2801553440958362],[0.9950569941213012,0.9950200345627613,0.9950569941213012,1.0,1.0,0.9616215468825599,0.9616215468825599,0.8982774664790766,0.8982774664790766,0.6854377198670767,0.9996598522609546,0.6246101166902798,0.8360966947180685,0.9915472871379521,0.9996136399971073,0.9620099743732633,0.995349996967255,0.8757839359389334,0.8757839359389334,0.7361672408230138,-0.20411259929748637,0.9929248608480084,0.28623899038011935,-0.20816411495269527,-0.21426099683355995,0.8093114079375017,0.9105891093419536,0.926516902698603,0.8764287856980802,0.7812492638357065,0.6895442673063732,0.6417162760927825,0.5660514345609859,0.9102169805943173,0.8631132454691739,0.29444774506418914],[0.9950569941213012,0.9950200345627613,0.9950569941213012,1.0,1.0,0.9616215468825599,0.9616215468825599,0.8982774664790766,0.8982774664790766,0.6854377198670767,0.9996598522609546,0.6246101166902798,0.8360966947180685,0.9915472871379521,0.9996136399971073,0.9620099743732633,0.995349996967255,0.8757839359389334,0.8757839359389334,0.7361672408230138,-0.20411259929748637,0.9929248608480084,0.28623899038011935,-0.20816411495269527,-0.21426099683355995,0.8093114079375017,0.9105891093419536,0.926516902698603,0.8764287856980802,0.7812492638357065,0.6895442673063732,0.6417162760927825,0.5660514345609859,0.9102169805943173,0.8631132454691739,0.29444774506418914],[0.9734867690593934,0.9730732610811155,0.9734867690593934,0.9616215468825599,0.9616215468825599,1.0,1.0,0.9391463544938508,0.9391463544938508,0.7074877979990375,0.960356845733252,0.6807599854755448,0.8144417406155764,0.960975281342089,0.9603992763553805,0.9991026653769719,0.9788560884116776,0.9122388655769783,0.9122388655769783,0.6561262475359481,-0.15503171081822123,0.9493902272032437,0.3901334636926777,-0.3385697370533662,-0.10742843391945112,0.8839729747540972,0.8491302620950225,0.9433306938457875,0.8836725856072267,0.7568759733490672,0.8070224232724523,0.7435356256768864,0.6717985759892906,0.8698424596742603,0.8943556075587744,0.5354485729610583],[0.9734867690593934,0.9730732610811155,0.9734867690593934,0.9616215468825599,0.9616215468825599,1.0,1.0,0.9391463544938508,0.9391463544938508,0.7074877979990375,0.960356845733252,0.6807599854755448,0.8144417406155764,0.960975281342089,0.9603992763553805,0.9991026653769719,0.9788560884116776,0.9122388655769783,0.9122388655769783,0.6561262475359481,-0.15503171081822123,0.9493902272032437,0.3901334636926777,-0.3385697370533662,-0.10742843391945112,0.8839729747540972,0.8491302620950225,0.9433306938457875,0.8836725856072267,0.7568759733490672,0.8070224232724523,0.7435356256768864,0.6717985759892906,0.8698424596742603,0.8943556075587744,0.5354485729610583],[0.9158828896895753,0.9165279531480185,0.9158828896895753,0.8982774664790766,0.8982774664790766,0.9391463544938508,0.9391463544938508,1.0,1.0,0.6879584807208193,0.9361299443560259,0.6948295662183783,0.7753354886684093,0.9169495656341989,0.9363050971897666,0.9415188101643039,0.9475666863712694,0.9693622664639228,0.9693622664639228,0.6147373089110729,-0.03396744537856681,0.8665833661838332,0.6001416674237321,-0.3680502696843682,0.013574096860652217,0.8069038528497111,0.7403751607074768,0.8936200166790049,0.8561912717885436,0.7761508352007591,0.8914606257998036,0.79250184824419,0.7022168555920166,0.8173247456531998,0.873087620482104,0.8315890784459917],[0.9158828896895753,0.9165279531480185,0.9158828896895753,0.8982774664790766,0.8982774664790766,0.9391463544938508,0.9391463544938508,1.0,1.0,0.6879584807208193,0.9361299443560259,0.6948295662183783,0.7753354886684093,0.9169495656341989,0.9363050971897666,0.9415188101643039,0.9475666863712694,0.9693622664639228,0.9693622664639228,0.6147373089110729,-0.03396744537856681,0.8665833661838332,0.6001416674237321,-0.3680502696843682,0.013574096860652217,0.8069038528497111,0.7403751607074768,0.8936200166790049,0.8561912717885436,0.7761508352007591,0.8914606257998036,0.79250184824419,0.7022168555920166,0.8173247456531998,0.873087620482104,0.8315890784459917],[0.7273083942212302,0.7289126799685177,0.7273083942212302,0.6854377198670767,0.6854377198670767,0.7074877979990375,0.7074877979990375,0.6879584807208193,0.6879584807208193,1.0,0.5380789494818653,0.999969509052452,0.3099153434683249,0.3056543952732581,0.5400981623028355,0.7022196847533787,0.6089603460508219,0.7833321086973659,0.7833321086973659,0.6831696968253401,-0.09741860649382092,0.6532107029314542,0.03562029050543356,0.04936434552121229,-0.24290552228359158,0.7552460494503956,0.38911233730049183,0.7034789100578778,0.7971788509592044,0.6669166897562248,0.31976259476628066,0.519850755075681,0.5614922856593012,0.7626395969181727,0.5946267878235537,0.16665416152945148],[0.9953226935845533,0.9953150799638052,0.9953226935845533,0.9996598522609546,0.9996598522609546,0.960356845733252,0.960356845733252,0.9361299443560259,0.9361299443560259,0.5380789494818653,1.0,0.5379435821380903,0.8335486322085423,0.9912094850622047,0.9999444830210523,0.9576854645872276,0.9949163014039349,0.884387179762742,0.884387179762742,0.848635721925008,-0.09430530101724813,0.9972905386300239,0.9049853964324203,-0.5433288475269666,0.4951522613158688,0.8112641449982256,0.8884360011795189,0.9364843864355619,0.8629042957533254,0.8064735468775387,0.9397518964842752,0.8434228385732857,0.7119749930163006,0.8917702034216288,0.956193823138288,0.8349978481892822],[0.6650180949264061,0.666839838507703,0.6650180949264061,0.6246101166902798,0.6246101166902798,0.6807599854755448,0.6807599854755448,0.6948295662183783,0.6948295662183783,0.999969509052452,0.5379435821380903,1.0,0.30890649204617227,0.3034965346184227,0.5388518150214493,0.6900862400332121,0.6078823066029798,0.7756181537354379,0.7756181537354379,0.6340119528830027,0.03401904816623012,0.5950297325344893,0.38305848735593057,-0.15984387141912587,-0.23235887268129896,0.7776467889872773,0.2886255408125414,0.6663773957520808,0.7645680933218745,0.6837688693854481,0.49091689691128243,0.6788631862761952,0.6748266015833417,0.7111090976641139,0.5634822533654302,0.6027328509764266],[0.8322038174919428,0.8315354602564065,0.8322038174919428,0.8360966947180685,0.8360966947180685,0.8144417406155764,0.8144417406155764,0.7753354886684093,0.7753354886684093,0.3099153434683249,0.8335486322085423,0.30890649204617227,1.0,0.9998504429019139,0.8342176878353927,0.8085396768690047,0.830324605988702,0.6969211804251879,0.6969211804251879,0.6037004161171042,-0.061037686270369845,0.835007476906151,0.7935816777817176,-0.6537898095276686,0.545009522089926,0.6299419110936532,0.8061283711637127,0.8061788773512245,0.6715067084761662,0.5904364515429833,0.8177501151676024,0.6485952138847435,0.5188803334818949,0.7415962502050296,0.8186537833144389,0.7448168835699736],[0.9905322693384686,0.9901351925537193,0.9905322693384686,0.9915472871379521,0.9915472871379521,0.960975281342089,0.960975281342089,0.9169495656341989,0.9169495656341989,0.3056543952732581,0.9912094850622047,0.3034965346184227,0.9998504429019139,1.0,0.99119664515125,0.9546129444809743,0.9886930296413151,0.8359579210736344,0.8359579210736344,0.8487961919414483,-0.20292403391025726,0.9896204160340372,0.905976047004617,-0.7865558895458726,0.6050067666697976,0.7203030366536226,0.9248742381715305,0.918764389410785,0.799652423984087,0.6910494424607142,0.9423788999873547,0.7913001072059286,0.5828250192011815,0.8700445205023448,0.958765296196741,0.8423703849490211],[0.9954345337876739,0.9954293415956149,0.9954345337876739,0.9996136399971073,0.9996136399971073,0.9603992763553805,0.9603992763553805,0.9363050971897666,0.9363050971897666,0.5400981623028355,0.9999444830210523,0.5388518150214493,0.8342176878353927,0.99119664515125,1.0,0.9579313054717452,0.9950260482000977,0.8849726321445339,0.8849726321445339,0.8492802253413335,-0.0949402621073726,0.9971630499801541,0.9044511639818271,-0.5410702959694468,0.4960624030987151,0.8121938418318533,0.8867293940726785,0.9365517936713795,0.8628735377450264,0.8070934420938581,0.9393644927690068,0.8438096436097904,0.7122401388480057,0.8912509336683238,0.9564039229429591,0.835803611305314],[0.9784555937295305,0.9780527831926875,0.9784555937295305,0.9620099743732633,0.9620099743732633,0.9991026653769719,0.9991026653769719,0.9415188101643039,0.9415188101643039,0.7022196847533787,0.9576854645872276,0.6900862400332121,0.8085396768690047,0.9546129444809743,0.9579313054717452,1.0,0.9781684045509023,0.9148720207549829,0.9148720207549829,0.7053848462841789,-0.14201756575396665,0.9520440720046438,0.7051158722176771,-0.4671749956682475,-0.13030619180877545,0.8953415737965617,0.8338961631088598,0.9404549420967928,0.8914560723297105,0.7901930544196633,0.8868481247723538,0.7883285366964146,0.7285024494898048,0.8907097032040814,0.8915597919829805,0.8274893937077111],[0.9993096181617602,0.999306931465112,0.9993096181617602,0.995349996967255,0.995349996967255,0.9788560884116776,0.9788560884116776,0.9475666863712694,0.9475666863712694,0.6089603460508219,0.9949163014039349,0.6078823066029798,0.830324605988702,0.9886930296413151,0.9950260482000977,0.9781684045509023,1.0,0.9145561469922445,0.9145561469922445,0.8628647425986209,-0.07744522337837044,0.9891768916298976,0.8827575112111326,-0.5288493925011067,0.5004758527540819,0.8579649739756408,0.8704559747083659,0.9497093026490221,0.8978294988343349,0.8284989887663928,0.9294476371713395,0.8784053729874656,0.7611733777336649,0.9086275154407915,0.9640255258582714,0.8740945765724472],[0.9053613554880405,0.9052565541574282,0.9053613554880405,0.8757839359389334,0.8757839359389334,0.9122388655769783,0.9122388655769783,0.9693622664639228,0.9693622664639228,0.7833321086973659,0.884387179762742,0.7756181537354379,0.6969211804251879,0.8359579210736344,0.8849726321445339,0.9148720207549829,0.9145561469922445,1.0,1.0,0.7581620657127143,-0.07924694561683411,0.8420143056700748,0.5970490406167746,-0.2511238493392097,-0.18654837152890547,0.8416752663640108,0.6702608822258739,0.8482508113017799,0.92090809957959,0.8503371882411273,0.8022207959517295,0.7726230547636934,0.7062274493480089,0.8586310734683497,0.7926360709263844,0.8620219289573907],[0.9053613554880405,0.9052565541574282,0.9053613554880405,0.8757839359389334,0.8757839359389334,0.9122388655769783,0.9122388655769783,0.9693622664639228,0.9693622664639228,0.7833321086973659,0.884387179762742,0.7756181537354379,0.6969211804251879,0.8359579210736344,0.8849726321445339,0.9148720207549829,0.9145561469922445,1.0,1.0,0.7581620657127143,-0.07924694561683411,0.8420143056700748,0.5970490406167746,-0.2511238493392097,-0.18654837152890547,0.8416752663640108,0.6702608822258739,0.8482508113017799,0.92090809957959,0.8503371882411273,0.8022207959517295,0.7726230547636934,0.7062274493480089,0.8586310734683497,0.7926360709263844,0.8620219289573907],[0.7675352154811855,0.7845950375932046,0.7675352154811855,0.7361672408230138,0.7361672408230138,0.6561262475359481,0.6561262475359481,0.6147373089110729,0.6147373089110729,0.6831696968253401,0.848635721925008,0.6340119528830027,0.6037004161171042,0.8487961919414483,0.8492802253413335,0.7053848462841789,0.8628647425986209,0.7581620657127143,0.7581620657127143,1.0,0.012031234827243815,0.6973136571832721,-0.30363191727248956,0.2691028778716578,-0.6417798804518903,0.3889044781897684,0.6107295716721317,0.5369674559691716,0.8433207557342169,0.7093483274926508,0.1913831427154317,0.3429961279888406,0.5745480267274605,0.7904469836817107,0.5086924566009741,-0.09527426732439523],[-0.1975756229143738,0.012311908519211068,-0.1975756229143738,-0.20411259929748637,-0.20411259929748637,-0.15503171081822123,-0.15503171081822123,-0.03396744537856681,-0.03396744537856681,-0.09741860649382092,-0.09430530101724813,0.03401904816623012,-0.061037686270369845,-0.20292403391025726,-0.0949402621073726,-0.14201756575396665,-0.07744522337837044,-0.07924694561683411,-0.07924694561683411,0.012031234827243815,1.0,-0.1353256662866578,0.08152866813504,0.1807927045282612,0.7392901818982778,-0.11495274670684298,-0.10359522228411931,-0.06106693685129788,0.13130587463527132,-0.03428359059434786,-0.02329388758405252,0.28293185129012527,0.5495299901368706,-0.15627151406171602,0.05574388252727509,0.11982771176191402],[0.981234757207439,0.9742730566217642,0.981234757207439,0.9929248608480084,0.9929248608480084,0.9493902272032437,0.9493902272032437,0.8665833661838332,0.8665833661838332,0.6532107029314542,0.9972905386300239,0.5950297325344893,0.835007476906151,0.9896204160340372,0.9971630499801541,0.9520440720046438,0.9891768916298976,0.8420143056700748,0.8420143056700748,0.6973136571832721,-0.1353256662866578,1.0,0.1938268283013446,-0.2567974283241836,-0.2533115483182904,0.681847169233674,0.9174504198476822,0.9114948645713625,0.8214650383173139,0.7489705175737992,0.6927084110485736,0.6107278034265349,0.5006837058890649,0.8881953411246888,0.7321319288105909,0.2797278025957726],[0.2593764562183812,0.018619975651486004,0.2593764562183812,0.28623899038011935,0.28623899038011935,0.3901334636926777,0.3901334636926777,0.6001416674237321,0.6001416674237321,0.03562029050543356,0.9049853964324203,0.38305848735593057,0.7935816777817176,0.905976047004617,0.9044511639818271,0.7051158722176771,0.8827575112111326,0.5970490406167746,0.5970490406167746,-0.30363191727248956,0.08152866813504,0.1938268283013446,1.0,-0.4816089883857901,0.6841115768978575,0.41257283147589363,0.2200808062513743,0.37771034105092854,-0.0392226507003379,0.13811454892017713,0.626048730511058,0.5094223437802886,0.21779563950935887,0.08541223282147582,0.43520577812644984,0.49809459260106026],[-0.1742622434774698,-0.1669460770775076,-0.1742622434774698,-0.20816411495269527,-0.20816411495269527,-0.3385697370533662,-0.3385697370533662,-0.3680502696843682,-0.3680502696843682,0.04936434552121229,-0.5433288475269666,-0.15984387141912587,-0.6537898095276686,-0.7865558895458726,-0.5410702959694468,-0.4671749956682475,-0.5288493925011067,-0.2511238493392097,-0.2511238493392097,0.2691028778716578,0.1807927045282612,-0.2567974283241836,-0.4816089883857901,1.0,-0.025288143176862597,-0.20685175658260047,-0.25086617516864995,-0.3441917739548221,-0.08669328380384726,-0.11884880565936645,-0.575923807810989,-0.23445490477114822,-0.04478948866965507,-0.10100271100718364,-0.2739393187995131,-0.43139038164207655],[-0.2189801537587916,-0.21948229941269404,-0.2189801537587916,-0.21426099683355995,-0.21426099683355995,-0.10742843391945112,-0.10742843391945112,0.013574096860652217,0.013574096860652217,-0.24290552228359158,0.4951522613158688,-0.23235887268129896,0.545009522089926,0.6050067666697976,0.4960624030987151,-0.13030619180877545,0.5004758527540819,-0.18654837152890547,-0.18654837152890547,-0.6417798804518903,0.7392901818982778,-0.2533115483182904,0.6841115768978575,-0.025288143176862597,1.0,-0.10289503061773612,-0.16106174678958773,-0.06192005593275508,-0.3429308791403229,-0.3195654329317437,0.05720850238743405,0.15489548877283774,0.2601341570615988,-0.3609987008167158,0.09703253726227676,0.08379844034470328],[0.8246153051401595,0.6739976813267577,0.8246153051401595,0.8093114079375017,0.8093114079375017,0.8839729747540972,0.8839729747540972,0.8069038528497111,0.8069038528497111,0.7552460494503956,0.8112641449982256,0.7776467889872773,0.6299419110936532,0.7203030366536226,0.8121938418318533,0.8953415737965617,0.8579649739756408,0.8416752663640108,0.8416752663640108,0.3889044781897684,-0.11495274670684298,0.681847169233674,0.41257283147589363,-0.20685175658260047,-0.10289503061773612,1.0,0.5457806008492528,0.8503079583727665,0.5251867660989038,0.6545001826272717,0.6011199949814465,0.6788750798056429,0.4364053466931667,0.7299317659170711,0.7263085604741544,0.4576680823924595],[0.8874436638729829,0.8858040933485456,0.8874436638729829,0.9105891093419536,0.9105891093419536,0.8491302620950225,0.8491302620950225,0.7403751607074768,0.7403751607074768,0.38911233730049183,0.8884360011795189,0.2886255408125414,0.8061283711637127,0.9248742381715305,0.8867293940726785,0.8338961631088598,0.8704559747083659,0.6702608822258739,0.6702608822258739,0.6107295716721317,-0.10359522228411931,0.9174504198476822,0.2200808062513743,-0.25086617516864995,-0.16106174678958773,0.5457806008492528,1.0,0.7955169592757461,0.6803943352176445,0.6153528864167038,0.6369067317931437,0.4923600341799485,0.4261653097891012,0.7617752848766962,0.6807483120141378,0.24492640569980303],[0.9290562142381096,0.9092944791677368,0.9290562142381096,0.926516902698603,0.926516902698603,0.9433306938457875,0.9433306938457875,0.8936200166790049,0.8936200166790049,0.7034789100578778,0.9364843864355619,0.6663773957520808,0.8061788773512245,0.918764389410785,0.9365517936713795,0.9404549420967928,0.9497093026490221,0.8482508113017799,0.8482508113017799,0.5369674559691716,-0.06106693685129788,0.9114948645713625,0.37771034105092854,-0.3441917739548221,-0.06192005593275508,0.8503079583727665,0.7955169592757461,1.0,0.7627447529896518,0.6445005024556425,0.678246679656081,0.62880983482988,0.5285186123192611,0.8367763832938347,0.8648136203779184,0.2959004593133393],[0.9008062699220998,0.8975185000633722,0.9008062699220998,0.8764287856980802,0.8764287856980802,0.8836725856072267,0.8836725856072267,0.8561912717885436,0.8561912717885436,0.7971788509592044,0.8629042957533254,0.7645680933218745,0.6715067084761662,0.799652423984087,0.8628735377450264,0.8914560723297105,0.8978294988343349,0.92090809957959,0.92090809957959,0.8433207557342169,0.13130587463527132,0.8214650383173139,-0.0392226507003379,-0.08669328380384726,-0.3429308791403229,0.5251867660989038,0.6803943352176445,0.7627447529896518,1.0,0.9124526131031452,0.5824325033228663,0.7070038550020231,0.6704951224855485,0.8858438455830059,0.5478349400589959,0.3395581602656291],[0.785116003839275,0.7931023144763385,0.785116003839275,0.7812492638357065,0.7812492638357065,0.7568759733490672,0.7568759733490672,0.7761508352007591,0.7761508352007591,0.6669166897562248,0.8064735468775387,0.6837688693854481,0.5904364515429833,0.6910494424607142,0.8070934420938581,0.7901930544196633,0.8284989887663928,0.8503371882411273,0.8503371882411273,0.7093483274926508,-0.03428359059434786,0.7489705175737992,0.13811454892017713,-0.11884880565936645,-0.3195654329317437,0.6545001826272717,0.6153528864167038,0.6445005024556425,0.9124526131031452,1.0,0.6174096633733198,0.6914717016382005,0.6157483892122839,0.7535253532735814,0.6221348767421356,0.5054156949323999],[0.6615881007280459,0.6531885993757707,0.6615881007280459,0.6895442673063732,0.6895442673063732,0.8070224232724523,0.8070224232724523,0.8914606257998036,0.8914606257998036,0.31976259476628066,0.9397518964842752,0.49091689691128243,0.8177501151676024,0.9423788999873547,0.9393644927690068,0.8868481247723538,0.9294476371713395,0.8022207959517295,0.8022207959517295,0.1913831427154317,-0.02329388758405252,0.6927084110485736,0.626048730511058,-0.575923807810989,0.05720850238743405,0.6011199949814465,0.6369067317931437,0.678246679656081,0.5824325033228663,0.6174096633733198,1.0,0.7479599880721551,0.3895426176745083,0.5707122657557544,0.6750932122553578,0.7597480991510263],[0.6529730813151291,0.6507057261172214,0.6529730813151291,0.6417162760927825,0.6417162760927825,0.7435356256768864,0.7435356256768864,0.79250184824419,0.79250184824419,0.519850755075681,0.8434228385732857,0.6788631862761952,0.6485952138847435,0.7913001072059286,0.8438096436097904,0.7883285366964146,0.8784053729874656,0.7726230547636934,0.7726230547636934,0.3429961279888406,0.28293185129012527,0.6107278034265349,0.5094223437802886,-0.23445490477114822,0.15489548877283774,0.6788750798056429,0.4923600341799485,0.62880983482988,0.7070038550020231,0.6914717016382005,0.7479599880721551,1.0,0.7791982194287378,0.5367508060887191,0.7364527763054154,0.5740923158935688],[0.601272035564404,0.6260948056315087,0.601272035564404,0.5660514345609859,0.5660514345609859,0.6717985759892906,0.6717985759892906,0.7022168555920166,0.7022168555920166,0.5614922856593012,0.7119749930163006,0.6748266015833417,0.5188803334818949,0.5828250192011815,0.7122401388480057,0.7285024494898048,0.7611733777336649,0.7062274493480089,0.7062274493480089,0.5745480267274605,0.5495299901368706,0.5006837058890649,0.21779563950935887,-0.04478948866965507,0.2601341570615988,0.4364053466931667,0.4261653097891012,0.5285186123192611,0.6704951224855485,0.6157483892122839,0.3895426176745083,0.7791982194287378,1.0,0.5014006552936903,0.6499611818208192,0.22225720154335993],[0.9262430569430247,0.9253387726902762,0.9262430569430247,0.9102169805943173,0.9102169805943173,0.8698424596742603,0.8698424596742603,0.8173247456531998,0.8173247456531998,0.7626395969181727,0.8917702034216288,0.7111090976641139,0.7415962502050296,0.8700445205023448,0.8912509336683238,0.8907097032040814,0.9086275154407915,0.8586310734683497,0.8586310734683497,0.7904469836817107,-0.15627151406171602,0.8881953411246888,0.08541223282147582,-0.10100271100718364,-0.3609987008167158,0.7299317659170711,0.7617752848766962,0.8367763832938347,0.8858438455830059,0.7535253532735814,0.5707122657557544,0.5367508060887191,0.5014006552936903,1.0,0.7646994260949612,0.23682738514080695],[0.8710438889022911,0.748235294144573,0.8710438889022911,0.8631132454691739,0.8631132454691739,0.8943556075587744,0.8943556075587744,0.873087620482104,0.873087620482104,0.5946267878235537,0.956193823138288,0.5634822533654302,0.8186537833144389,0.958765296196741,0.9564039229429591,0.8915597919829805,0.9640255258582714,0.7926360709263844,0.7926360709263844,0.5086924566009741,0.05574388252727509,0.7321319288105909,0.43520577812644984,-0.2739393187995131,0.09703253726227676,0.7263085604741544,0.6807483120141378,0.8648136203779184,0.5478349400589959,0.6221348767421356,0.6750932122553578,0.7364527763054154,0.6499611818208192,0.7646994260949612,1.0,0.26905763188174836],[0.2801553440958362,0.27607947584526527,0.2801553440958362,0.29444774506418914,0.29444774506418914,0.5354485729610583,0.5354485729610583,0.8315890784459917,0.8315890784459917,0.16665416152945148,0.8349978481892822,0.6027328509764266,0.7448168835699736,0.8423703849490211,0.835803611305314,0.8274893937077111,0.8740945765724472,0.8620219289573907,0.8620219289573907,-0.09527426732439523,0.11982771176191402,0.2797278025957726,0.49809459260106026,-0.43139038164207655,0.08379844034470328,0.4576680823924595,0.24492640569980303,0.2959004593133393,0.3395581602656291,0.5054156949323999,0.7597480991510263,0.5740923158935688,0.22225720154335993,0.23682738514080695,0.26905763188174836,1.0]],"x":["^TAIEX       \u81fa\u7063\u52a0\u6b0a\u5831\u916c\u6307\u6578","^TWII        \u81fa\u7063\u52a0\u6b0a\u6307\u6578","^TAIEXx2     \u81fa\u7063\u52a0\u6b0a\u5831\u916c\u6307\u6578_\u65e5\u6b632","^TAI50I      \u81fa\u706350\u5831\u916c\u6307\u6578","^TAI50Ix2    \u81fa\u706350\u5831\u916c\u6307\u6578_\u65e5\u6b632","^TAI100I     \u81fa\u7063\u4e2d\u578b100\u5831\u916c\u6307\u6578","^TAI100Ix2   \u81fa\u7063\u4e2d\u578b100\u5831\u916c\u6307\u6578_\u65e5\u6b632","^TAIDIVIDI   \u81fa\u7063\u9ad8\u80a1\u606f\u5831\u916c\u6307\u6578","^TAIDIVIDIx2 \u81fa\u7063\u9ad8\u80a1\u606f\u5831\u916c\u6307\u6578_\u65e5\u6b632","0050Fund     \u5143\u5927\u53f0\u7063\u5353\u8d8a50\u57fa\u91d1","006208Fund   \u5bcc\u90a6\u53f0\u7063\u91c6\u540950\u57fa\u91d1","0050         \u5143\u5927\u81fa\u706350","00631L       \u5143\u5927\u53f0\u706350\u6b632","00675L       \u5bcc\u90a6\u81fa\u7063\u52a0\u6b0a\u6b632","006208       \u5bcc\u90a6\u53f050","0051         \u5143\u5927\u4e2d\u578b100","006204       \u6c38\u8c50\u81fa\u7063\u52a0\u6b0a","0056         \u5143\u5927\u9ad8\u80a1\u606f","0056         \u5143\u5927\u9ad8\u80a1\u606f_\u80a1\u606f\u4e0d\u6295\u5165","2412         \u4e2d\u83ef\u96fb\u4fe1","2002         \u4e2d\u92fc","2330         \u53f0\u7a4d\u96fb","2317         \u9d3b\u6d77","6505         \u53f0\u5851\u77f3\u5316","3481         \u7fa4\u5275","2303         \u806f\u96fb","2308         \u53f0\u9054\u96fb","2454         \u806f\u767c\u79d1","2886         \u5146\u8c50\u91d1","2884         \u7389\u5c71\u91d1","2891         \u4e2d\u4fe1\u91d1","2892         \u7b2c\u4e00\u91d1","5880         \u5408\u5eab\u91d1","2881         \u5bcc\u90a6\u91d1","2885         \u5143\u5927\u91d1","2887         \u53f0\u65b0\u91d1"],"y":["^TAIEX       \u81fa\u7063\u52a0\u6b0a\u5831\u916c\u6307\u6578","^TWII        \u81fa\u7063\u52a0\u6b0a\u6307\u6578","^TAIEXx2     \u81fa\u7063\u52a0\u6b0a\u5831\u916c\u6307\u6578_\u65e5\u6b632","^TAI50I      \u81fa\u706350\u5831\u916c\u6307\u6578","^TAI50Ix2    \u81fa\u706350\u5831\u916c\u6307\u6578_\u65e5\u6b632","^TAI100I     \u81fa\u7063\u4e2d\u578b100\u5831\u916c\u6307\u6578","^TAI100Ix2   \u81fa\u7063\u4e2d\u578b100\u5831\u916c\u6307\u6578_\u65e5\u6b632","^TAIDIVIDI   \u81fa\u7063\u9ad8\u80a1\u606f\u5831\u916c\u6307\u6578","^TAIDIVIDIx2 \u81fa\u7063\u9ad8\u80a1\u606f\u5831\u916c\u6307\u6578_\u65e5\u6b632","0050Fund     \u5143\u5927\u53f0\u7063\u5353\u8d8a50\u57fa\u91d1","006208Fund   \u5bcc\u90a6\u53f0\u7063\u91c6\u540950\u57fa\u91d1","0050         \u5143\u5927\u81fa\u706350","00631L       \u5143\u5927\u53f0\u706350\u6b632","00675L       \u5bcc\u90a6\u81fa\u7063\u52a0\u6b0a\u6b632","006208       \u5bcc\u90a6\u53f050","0051         \u5143\u5927\u4e2d\u578b100","006204       \u6c38\u8c50\u81fa\u7063\u52a0\u6b0a","0056         \u5143\u5927\u9ad8\u80a1\u606f","0056         \u5143\u5927\u9ad8\u80a1\u606f_\u80a1\u606f\u4e0d\u6295\u5165","2412         \u4e2d\u83ef\u96fb\u4fe1","2002         \u4e2d\u92fc","2330         \u53f0\u7a4d\u96fb","2317         \u9d3b\u6d77","6505         \u53f0\u5851\u77f3\u5316","3481         \u7fa4\u5275","2303         \u806f\u96fb","2308         \u53f0\u9054\u96fb","2454         \u806f\u767c\u79d1","2886         \u5146\u8c50\u91d1","2884         \u7389\u5c71\u91d1","2891         \u4e2d\u4fe1\u91d1","2892         \u7b2c\u4e00\u91d1","5880         \u5408\u5eab\u91d1","2881         \u5bcc\u90a6\u91d1","2885         \u5143\u5927\u91d1","2887         \u53f0\u65b0\u91d1"],"zmin":-1,"zmax":1,"colorbar":{"x":-0.2}}],"layout":{"autotypenumbers":"strict","colorway":["#636efa","#EF553B","#00cc96","#ab63fa","#FFA15A","#19d3f3","#FF6692","#B6E880","#FF97FF","#FECB52"],"font":{"color":"#f2f5fa","family":"Courier New"},"hovermode":"closest","hoverlabel":{"align":"left"},"paper_bgcolor":"rgb(17,17,17)","plot_bgcolor":"rgb(17,17,17)","polar":{"bgcolor":"rgb(17,17,17)","angularaxis":{"gridcolor":"#506784","linecolor":"#506784","ticks":""},"radialaxis":{"gridcolor":"#506784","linecolor":"#506784","ticks":""}},"ternary":{"bgcolor":"rgb(17,17,17)","aaxis":{"gridcolor":"#506784","linecolor":"#506784","ticks":""},"baxis":{"gridcolor":"#506784","linecolor":"#506784","ticks":""},"caxis":{"gridcolor":"#506784","linecolor":"#506784","ticks":""}},"coloraxis":{"colorbar":{"outlinewidth":0,"ticks":""}},"colorscale":{"sequential":[[0.0,"#0d0887"],[0.1111111111111111,"#46039f"],[0.2222222222222222,"#7201a8"],[0.3333333333333333,"#9c179e"],[0.4444444444444444,"#bd3786"],[0.5555555555555556,"#d8576b"],[0.6666666666666666,"#ed7953"],[0.7777777777777778,"#fb9f3a"],[0.8888888888888888,"#fdca26"],[1.0,"#f0f921"]],"sequentialminus":[[0.0,"#0d0887"],[0.1111111111111111,"#46039f"],[0.2222222222222222,"#7201a8"],[0.3333333333333333,"#9c179e"],[0.4444444444444444,"#bd3786"],[0.5555555555555556,"#d8576b"],[0.6666666666666666,"#ed7953"],[0.7777777777777778,"#fb9f3a"],[0.8888888888888888,"#fdca26"],[1.0,"#f0f921"]],"diverging":[[0,"#8e0152"],[0.1,"#c51b7d"],[0.2,"#de77ae"],[0.3,"#f1b6da"],[0.4,"#fde0ef"],[0.5,"#f7f7f7"],[0.6,"#e6f5d0"],[0.7,"#b8e186"],[0.8,"#7fbc41"],[0.9,"#4d9221"],[1,"#276419"]]},"xaxis":{"gridcolor":"rgba(0, 0, 0, 0)","linecolor":"#506784","ticks":"","title":{"standoff":15},"zerolinecolor":"#283442","automargin":true,"zerolinewidth":2,"tickfont":{"family":"Courier New","size":14},"side":"top","tickangle":-90},"yaxis":{"gridcolor":"rgba(0, 0, 0, 0)","linecolor":"#506784","ticks":"","title":{"standoff":15},"zerolinecolor":"#283442","automargin":true,"zerolinewidth":2,"tickfont":{"family":"Courier New"},"side":"right"},"scene":{"xaxis":{"backgroundcolor":"rgb(17,17,17)","gridcolor":"#506784","linecolor":"#506784","showbackground":true,"ticks":"","zerolinecolor":"#C8D4E3","gridwidth":2},"yaxis":{"backgroundcolor":"rgb(17,17,17)","gridcolor":"#506784","linecolor":"#506784","showbackground":true,"ticks":"","zerolinecolor":"#C8D4E3","gridwidth":2},"zaxis":{"backgroundcolor":"rgb(17,17,17)","gridcolor":"#506784","linecolor":"#506784","showbackground":true,"ticks":"","zerolinecolor":"#C8D4E3","gridwidth":2}},"shapedefaults":{"line":{"color":"#f2f5fa"}},"annotationdefaults":{"arrowcolor":"#f2f5fa","arrowhead":0,"arrowwidth":1},"geo":{"bgcolor":"rgb(17,17,17)","landcolor":"rgb(17,17,17)","subunitcolor":"#506784","showland":true,"showlakes":true,"lakecolor":"rgb(17,17,17)"},"title":{"x":0.05,"font":{"family":"Times New Roman"},"y":0.05,"text":"<b>Correlation of Close<b><br><i>2016-09-23 ~ 2026-04-23<i>"},"updatemenudefaults":{"bgcolor":"#506784","borderwidth":0},"sliderdefaults":{"bgcolor":"#C8D4E3","borderwidth":1,"bordercolor":"rgb(17,17,17)","tickwidth":0},"mapbox":{"style":"dark"},"annotations":[{"text":"<b>@zwindr<b>","textangle":0,"opacity":0.5,"font":{"color":"white","size":12},"xref":"paper","yref":"paper","xanchor":"left","yanchor":"bottom","x":1.0,"y":1.0,"showarrow":false}]},"config":{"responsive":true,"toImageButtonOptions":{"filename":"Correlation of Close_2016-09-23~2026-04-23","scale":5}}};Plotly.newPlot("correlationClose",correlationClose.data,correlationClose.layout||{},correlationClose.config);}else{console.log("style display is none => correlationClose");}