var correlationAdjClose = {"data": [{"type": "heatmap", "z": [[1.0, 0.9938983987732475, 0.9766725426326979, 0.9976976799701749, 0.9648965316398832, 0.9811884640762242, -0.9419514965019905, 0.9898750287051883, 0.9695158967591639, 0.9972733551804295, 0.9972689636363101, 0.6777030473655634, 0.9930727782893858, 0.9937988914534988, 0.9972458417297103, 0.9838063761369362, 0.9996608213574867, 0.9899227496937363, 0.919678700188277, 0.7450440478493786, 0.9854387136492673, 0.9196724212684233, 0.45268508071314517, -0.30307546066786833, 0.9010011556923518, 0.9743575466772919, 0.9538614149268543, 0.9798632523549703, 0.9631656320634763, 0.9758066518442955, 0.9717050436585093, 0.9452592577136502, 0.9793671186512924, 0.9696859869649406, 0.9548991413353766], [0.9938983987732475, 1.0, 0.9720590249822448, 0.991303686269857, 0.9604688911269978, 0.9765132605610758, -0.9372189204762036, 0.9805713934489542, 0.9624923021613208, 0.9954372386626283, 0.9952900118997154, 0.6679946701887408, 0.9921745535531574, 0.9913913609803544, 0.9951869714482948, 0.9776131189735451, 0.9966031826234092, 0.9833893749908688, 0.9085744438342643, 0.7551711818338068, 0.966843725362983, 0.8989191092221964, 0.45091148006206017, -0.22661987567273564, 0.8745126483802043, 0.9619039387818047, 0.9535808652098025, 0.9573871748988778, 0.948947801471734, 0.9654581054116373, 0.9555588638249076, 0.9429485843769645, 0.9680510168069971, 0.9609063218128713, 0.9483135944044353], [0.9766725426326979, 0.9720590249822448, 1.0, 0.9826494541434073, 0.996141363528367, 0.9790909464529749, -0.9755603622287946, 0.970042969813926, 0.9837801369710708, 0.9883825509093843, 0.9891174523612423, 0.714894609360851, 0.9971172006327013, 0.9969546914711861, 0.9888719194869876, 0.9778551710807887, 0.9876420475597891, 0.969965810087653, 0.8261799391454061, 0.635389829858688, 0.9899572373415293, 0.9101301847513878, 0.2876465744475958, -0.22544706878589477, 0.9077144589950705, 0.9425775863844081, 0.9789602992534262, 0.9291739639169231, 0.9097476222537536, 0.9629796439759553, 0.919213569547244, 0.9067463795004927, 0.9659406120379997, 0.9735398360537488, 0.925090690418237], [0.9976976799701749, 0.991303686269857, 0.9826494541434073, 1.0, 0.9762656536101034, 0.9734759309612455, -0.9367042914689057, 0.9843370703965103, 0.9669505776600084, 0.9999703607502383, 0.9999890340098185, 0.6913257595791115, 0.9914002751748134, 0.9895028082196742, 0.9999432697736471, 0.9735047118301631, 0.9960816986947533, 0.984229618480522, 0.9060592839915996, 0.7157132852194418, 0.993244043328247, 0.9210434751963399, 0.429550854618478, -0.294631984030696, 0.899618135689128, 0.9688191082726119, 0.9600357783268807, 0.9708900950610956, 0.960333040144333, 0.9773670151829118, 0.962080614634337, 0.9344505062653465, 0.9773533240471466, 0.968303478893973, 0.9470286078700918], [0.9648965316398832, 0.9604688911269978, 0.996141363528367, 0.9762656536101034, 1.0, 0.9591276080908099, -0.9572997335727232, 0.9554539889898068, 0.9717913373548965, 0.9847938145153398, 0.9855595969411106, 0.7309860187442027, 0.986957813258504, 0.9833183939493213, 0.9852464286635431, 0.9569193267431085, 0.9761284974606714, 0.9553128199239774, 0.8062606833548223, 0.600960487139283, 0.9893401514551303, 0.9064197325259904, 0.2646006884514132, -0.2187618052068572, 0.8901273719185784, 0.9282449094762606, 0.9768293838401033, 0.9093054047480958, 0.8962400425528918, 0.9564487541458723, 0.898065517290835, 0.8812391100314758, 0.9560655880949948, 0.9622849112042264, 0.9025483450515189], [0.9811884640762242, 0.9765132605610758, 0.9790909464529749, 0.9734759309612455, 0.9591276080908099, 1.0, -0.9804909476004032, 0.9802209926879485, 0.9795478890306901, 0.9687284817404911, 0.9691097608299484, 0.6830304342471735, 0.9769265331324918, 0.9749064327539807, 0.9688467375414407, 0.9999089592357614, 0.9859611209721523, 0.9813332082349423, 0.859926556478059, 0.7114243325813371, 0.9672533985001949, 0.8898777584252633, 0.31758184095975306, -0.2139068046575672, 0.9365924605902147, 0.9568348338150806, 0.9591996584403657, 0.9566537490386726, 0.9261374655050598, 0.9522697417640256, 0.9507116899114559, 0.9543706625660349, 0.9559365576625587, 0.9760041878216387, 0.9553027598724436], [-0.9419514965019905, -0.9372189204762036, -0.9755603622287946, -0.9367042914689057, -0.9572997335727232, -0.9804909476004032, 1.0, -0.950906463705788, -0.9831229797670228, -0.9474180767853828, -0.9486847450835149, -0.6958546914146407, -0.9737945739135375, -0.9756114676987968, -0.9482650525563193, -0.983715044835834, -0.9639319388422448, -0.9539774591966637, -0.7715912478689565, -0.6093279956814928, -0.9422273375003604, -0.879944851574009, -0.1745720459938256, 0.14775268622773532, -0.9046965437341773, -0.9129950724704972, -0.956680811531568, -0.8972028312483956, -0.8552896345762836, -0.9237805687808693, -0.8885984845790428, -0.9082127020350412, -0.9239704019271007, -0.9628658155120716, -0.909114044320177], [0.9898750287051883, 0.9805713934489542, 0.970042969813926, 0.9843370703965103, 0.9554539889898068, 0.9802209926879485, -0.950906463705788, 1.0, 0.9821795991440446, 0.9800081949272244, 0.9799732400213123, 0.6691163715672513, 0.9755787901065954, 0.9745034323388347, 0.9799323882168012, 0.9822037799620438, 0.987448861218343, 0.9998694368117148, 0.9223058161673514, 0.6800462817602289, 0.9739916337422835, 0.8934578866084512, 0.3121966167563073, -0.31101948705781124, 0.9052871781737667, 0.9557914276396177, 0.9367970494531854, 0.977237622315782, 0.951515367037149, 0.9693813235644437, 0.9619720548323433, 0.9348888604170495, 0.9583942696947095, 0.9565945891642296, 0.9655343800786748], [0.9695158967591639, 0.9624923021613208, 0.9837801369710708, 0.9669505776600084, 0.9717913373548965, 0.9795478890306901, -0.9831229797670228, 0.9821795991440446, 1.0, 0.9625130357532059, 0.9632092558265721, 0.6969619410999438, 0.9724820972094559, 0.9695123014212428, 0.9629230161347089, 0.9786990036916546, 0.9695922796809091, 0.9815023579536644, 0.8480431438143604, 0.605004307219325, 0.9671287794649193, 0.904405347072178, 0.16905438723115068, -0.2292121109808601, 0.886796683244337, 0.9321785314721962, 0.9593363197157248, 0.9319300172217718, 0.8927243416145385, 0.9560991772807836, 0.9146494437869803, 0.9019180181181623, 0.9439596455120904, 0.9685863534202019, 0.9230209971680887], [0.9972733551804295, 0.9954372386626283, 0.9883825509093843, 0.9999703607502383, 0.9847938145153398, 0.9687284817404911, -0.9474180767853828, 0.9800081949272244, 0.9625130357532059, 1.0, 0.9999872161111792, 0.7148072379228627, 0.9912229816664544, 0.9892883447460104, 0.999947399643982, 0.9693927424398917, 0.9956578280944236, 0.9810881369645581, 0.9297943245474684, 0.6442782294713162, 0.9966587929370523, 0.8978273914971262, 0.001149612820659498, 0.44541146702578, 0.9185164929203389, 0.952949987429482, 0.9652866025648659, 0.9613880953449638, 0.9414758844506064, 0.9649471010630171, 0.9410587675673491, 0.9208692424729481, 0.9642033707389408, 0.9798626366557983, 0.944909567526413], [0.9972689636363101, 0.9952900118997154, 0.9891174523612423, 0.9999890340098185, 0.9855595969411106, 0.9691097608299484, -0.9486847450835149, 0.9799732400213123, 0.9632092558265721, 0.9999872161111792, 1.0, 0.7179484557369669, 0.9914193916153127, 0.9894789710093191, 0.9999526339906969, 0.969748348993652, 0.9957156837962821, 0.981023039298735, 0.9289210739967761, 0.6406976180073084, 0.9969537941597966, 0.8970328988787512, -0.01377883114788471, 0.4410719293882403, 0.9178651967671371, 0.9527866019505965, 0.9661993300753426, 0.960869842237897, 0.9401207351500738, 0.9650428419484065, 0.9399955840961491, 0.9195987091149086, 0.9643920810493222, 0.9804162205006753, 0.9442289650650035], [0.6777030473655634, 0.6679946701887408, 0.714894609360851, 0.6913257595791115, 0.7309860187442027, 0.6830304342471735, -0.6958546914146407, 0.6691163715672513, 0.6969619410999438, 0.7148072379228627, 0.7179484557369669, 1.0, 0.7067840268965986, 0.6728575004652287, 0.7136342338697598, 0.6742683571331113, 0.6925236397663493, 0.6631832767430377, 0.5523095092336037, 0.32607069828188245, 0.7121836271935662, 0.6224376822338885, -0.14765199349608615, -0.02186318402112996, 0.6022961929456673, 0.6678075702880883, 0.7179456705927366, 0.6247014845560158, 0.6077510285448053, 0.71037715210932, 0.6105852657845268, 0.6041699055889702, 0.6753696030236663, 0.7184811506649779, 0.5857212131064216], [0.9930727782893858, 0.9921745535531574, 0.9971172006327013, 0.9914002751748134, 0.986957813258504, 0.9769265331324918, -0.9737945739135375, 0.9755787901065954, 0.9724820972094559, 0.9912229816664544, 0.9914193916153127, 0.7067840268965986, 1.0, 0.9996755344930847, 0.9913161980640739, 0.9778484027037049, 0.9934237721837363, 0.9770180325237734, 0.9098808265198917, 0.5821285259985564, 0.9861773399263922, 0.8894163934862535, -0.30248394605069534, 0.4672977507409681, 0.907950219241625, 0.953380649698242, 0.9771583931354577, 0.9431592590027383, 0.9015099522252635, 0.9463461186706645, 0.9128312972936926, 0.8892338556635122, 0.9624255853401892, 0.9792840264635205, 0.935956205247651], [0.9937988914534988, 0.9913913609803544, 0.9969546914711861, 0.9895028082196742, 0.9833183939493213, 0.9749064327539807, -0.9756114676987968, 0.9745034323388347, 0.9695123014212428, 0.9892883447460104, 0.9894789710093191, 0.6728575004652287, 0.9996755344930847, 1.0, 0.989476461440779, 0.9759137949135928, 0.9939657562349499, 0.9762062408503311, 0.9173154042700177, 0.4651519066602422, 0.9809741721910542, 0.8779586189304517, -0.7002473986023798, 0.44646263293657107, 0.881179345474872, 0.9501929841209757, 0.9764929103032731, 0.9352349442451551, 0.8831842740286173, 0.9373549336367926, 0.9094271793865174, 0.8672284702889428, 0.9646290611102094, 0.9774839459192386, 0.9283582259346924], [0.9972458417297103, 0.9951869714482948, 0.9888719194869876, 0.9999432697736471, 0.9852464286635431, 0.9688467375414407, -0.9482650525563193, 0.9799323882168012, 0.9629230161347089, 0.999947399643982, 0.9999526339906969, 0.7136342338697598, 0.9913161980640739, 0.989476461440779, 1.0, 0.9694975105303011, 0.9956638182885998, 0.9810307045464103, 0.9296442455107562, 0.6402721439004199, 0.996799672265664, 0.8972496989361552, -0.01236089912778863, 0.44002023344164354, 0.9174694685101183, 0.9520342993975727, 0.9655591476011635, 0.9611710169111063, 0.9407611174331878, 0.9650961329557484, 0.940635207370004, 0.9200709107362859, 0.9642760839726818, 0.9802553078829415, 0.9445638482633486], [0.9838063761369362, 0.9776131189735451, 0.9778551710807887, 0.9735047118301631, 0.9569193267431085, 0.9999089592357614, -0.983715044835834, 0.9822037799620438, 0.9786990036916546, 0.9693927424398917, 0.969748348993652, 0.6742683571331113, 0.9778484027037049, 0.9759137949135928, 0.9694975105303011, 1.0, 0.9864679073928623, 0.9814914749190372, 0.8837456697239524, 0.7120023120944224, 0.96595072946172, 0.8855518278141737, 0.18935340094927433, -0.19205331571957399, 0.9452256138899333, 0.9592193003428083, 0.9560561192508933, 0.960111143931748, 0.9231012166529912, 0.949206851667931, 0.9516358438045135, 0.9537362782008495, 0.9586430863807767, 0.9756200553467501, 0.9602057895273134], [0.9996608213574867, 0.9966031826234092, 0.9876420475597891, 0.9960816986947533, 0.9761284974606714, 0.9859611209721523, -0.9639319388422448, 0.987448861218343, 0.9695922796809091, 0.9956578280944236, 0.9957156837962821, 0.6925236397663493, 0.9934237721837363, 0.9939657562349499, 0.9956638182885998, 0.9864679073928623, 1.0, 0.9883597682070248, 0.9353090751480145, 0.6808095798341073, 0.9889781923530082, 0.8945065331617584, 0.03733461523394447, 0.4577193437655363, 0.9360841417941884, 0.9612638765177868, 0.9638639345618357, 0.9741324147223078, 0.9457649020801301, 0.9644455735491259, 0.9557982929527511, 0.9431748055180407, 0.9704926866876327, 0.9843174586715457, 0.965406657562569], [0.9899227496937363, 0.9833893749908688, 0.969965810087653, 0.984229618480522, 0.9553128199239774, 0.9813332082349423, -0.9539774591966637, 0.9998694368117148, 0.9815023579536644, 0.9810881369645581, 0.981023039298735, 0.6631832767430377, 0.9770180325237734, 0.9762062408503311, 0.9810307045464103, 0.9814914749190372, 0.9883597682070248, 1.0, 0.928655877864829, 0.678553189836965, 0.9730361827348347, 0.8986560293144922, 0.278768888002683, -0.2917962824264714, 0.9108313172522534, 0.9546365680184704, 0.936899094706407, 0.9777150122238883, 0.9509235376630186, 0.9679341390312544, 0.9604191930217949, 0.9347601849650452, 0.9577615964173569, 0.9545005183112403, 0.9667766123738917], [0.919678700188277, 0.9085744438342643, 0.8261799391454061, 0.9060592839915996, 0.8062606833548223, 0.859926556478059, -0.7715912478689565, 0.9223058161673514, 0.8480431438143604, 0.9297943245474684, 0.9289210739967761, 0.5523095092336037, 0.9098808265198917, 0.9173154042700177, 0.9296442455107562, 0.8837456697239524, 0.9353090751480145, 0.928655877864829, 1.0, 0.8432363226752769, 0.857437774477876, 0.8716064219943161, 0.6978999217669193, -0.5335318948303928, 0.6944037399499511, 0.9166942288085073, 0.798356637100791, 0.9569689627032384, 0.9346114155354804, 0.9023023109041466, 0.9429628888309654, 0.8922359017451744, 0.8969579759506925, 0.8442999855642274, 0.8770795544475672], [0.7450440478493786, 0.7551711818338068, 0.635389829858688, 0.7157132852194418, 0.600960487139283, 0.7114243325813371, -0.6093279956814928, 0.6800462817602289, 0.605004307219325, 0.6442782294713162, 0.6406976180073084, 0.32607069828188245, 0.5821285259985564, 0.4651519066602422, 0.6402721439004199, 0.7120023120944224, 0.6808095798341073, 0.678553189836965, 0.8432363226752769, 1.0, 0.6377845642269143, 0.7504260829659665, 0.7325737163377042, -0.11634807026015567, 0.5378551260152066, 0.7576110244994843, 0.6419011827973544, 0.794873537642026, 0.7315513421753013, 0.67418194074466, 0.767444272309757, 0.7687125246129791, 0.7021666896960066, 0.6690445885222542, 0.7031796288999576], [0.9854387136492673, 0.966843725362983, 0.9899572373415293, 0.993244043328247, 0.9893401514551303, 0.9672533985001949, -0.9422273375003604, 0.9739916337422835, 0.9671287794649193, 0.9966587929370523, 0.9969537941597966, 0.7121836271935662, 0.9861773399263922, 0.9809741721910542, 0.996799672265664, 0.96595072946172, 0.9889781923530082, 0.9730361827348347, 0.857437774477876, 0.6377845642269143, 1.0, 0.8917712378846604, 0.35594750595714447, -0.28871037887320256, 0.8868045211865897, 0.9515659671187773, 0.9693453118080356, 0.9396786562261019, 0.9430896263350577, 0.96817711069004, 0.9400669245084898, 0.9106070848457452, 0.9676694370852177, 0.9546502899841496, 0.9292124490838222], [0.9196724212684233, 0.8989191092221964, 0.9101301847513878, 0.9210434751963399, 0.9064197325259904, 0.8898777584252633, -0.879944851574009, 0.8934578866084512, 0.904405347072178, 0.8978273914971262, 0.8970328988787512, 0.6224376822338885, 0.8894163934862535, 0.8779586189304517, 0.8972496989361552, 0.8855518278141737, 0.8945065331617584, 0.8986560293144922, 0.8716064219943161, 0.7504260829659665, 0.8917712378846604, 1.0, 0.4017145362736917, -0.18643941240121212, 0.69637430820071, 0.9165621120599997, 0.8820545757326652, 0.8948771285085977, 0.8420024845417647, 0.9203087995755014, 0.8636291156766865, 0.8383436160219877, 0.9181106173070533, 0.8629189756669644, 0.8457302681057995], [0.45268508071314517, 0.45091148006206017, 0.2876465744475958, 0.429550854618478, 0.2646006884514132, 0.31758184095975306, -0.1745720459938256, 0.3121966167563073, 0.16905438723115068, 0.001149612820659498, -0.01377883114788471, -0.14765199349608615, -0.30248394605069534, -0.7002473986023798, -0.01236089912778863, 0.18935340094927433, 0.03733461523394447, 0.278768888002683, 0.6978999217669193, 0.7325737163377042, 0.35594750595714447, 0.4017145362736917, 1.0, -0.3981061287741762, 0.2988673230397711, 0.4351586166446598, 0.23356167221814805, 0.5275280986317493, 0.5276145574446992, 0.3926905235522234, 0.5446627692511357, 0.45237731476527776, 0.40543887580525506, 0.3240092619779929, 0.4268478747639429], [-0.30307546066786833, -0.22661987567273564, -0.22544706878589477, -0.294631984030696, -0.2187618052068572, -0.2139068046575672, 0.14775268622773532, -0.31101948705781124, -0.2292121109808601, 0.44541146702578, 0.4410719293882403, -0.02186318402112996, 0.4672977507409681, 0.44646263293657107, 0.44002023344164354, -0.19205331571957399, 0.4577193437655363, -0.2917962824264714, -0.5335318948303928, -0.11634807026015567, -0.28871037887320256, -0.18643941240121212, -0.3981061287741762, 1.0, -0.14608922899611096, -0.3330420968782882, -0.17369632818167619, -0.389902803658387, -0.38010943210706927, -0.32807449991447407, -0.34546068495796134, -0.2009591638075769, -0.3508384345143856, -0.17603794537165038, -0.3152121928098315], [0.9010011556923518, 0.8745126483802043, 0.9077144589950705, 0.899618135689128, 0.8901273719185784, 0.9365924605902147, -0.9046965437341773, 0.9052871781737667, 0.886796683244337, 0.9185164929203389, 0.9178651967671371, 0.6022961929456673, 0.907950219241625, 0.881179345474872, 0.9174694685101183, 0.9452256138899333, 0.9360841417941884, 0.9108313172522534, 0.6944037399499511, 0.5378551260152066, 0.8868045211865897, 0.69637430820071, 0.2988673230397711, -0.14608922899611096, 1.0, 0.8359879940597812, 0.8858669072301605, 0.8080008003616173, 0.8575692380504779, 0.8280875250304474, 0.8647856909502757, 0.85834355104268, 0.8558114507307292, 0.8657810610866382, 0.8930094877074406], [0.9743575466772919, 0.9619039387818047, 0.9425775863844081, 0.9688191082726119, 0.9282449094762606, 0.9568348338150806, -0.9129950724704972, 0.9557914276396177, 0.9321785314721962, 0.952949987429482, 0.9527866019505965, 0.6678075702880883, 0.953380649698242, 0.9501929841209757, 0.9520342993975727, 0.9592193003428083, 0.9612638765177868, 0.9546365680184704, 0.9166942288085073, 0.7576110244994843, 0.9515659671187773, 0.9165621120599997, 0.4351586166446598, -0.3330420968782882, 0.8359879940597812, 1.0, 0.9316788008305971, 0.9606436350232571, 0.9341992322815652, 0.9420050690046783, 0.9443279085162152, 0.9171146176910436, 0.9633783918698705, 0.9258990213562146, 0.9249966695677527], [0.9538614149268543, 0.9535808652098025, 0.9789602992534262, 0.9600357783268807, 0.9768293838401033, 0.9591996584403657, -0.956680811531568, 0.9367970494531854, 0.9593363197157248, 0.9652866025648659, 0.9661993300753426, 0.7179456705927366, 0.9771583931354577, 0.9764929103032731, 0.9655591476011635, 0.9560561192508933, 0.9638639345618357, 0.936899094706407, 0.798356637100791, 0.6419011827973544, 0.9693453118080356, 0.8820545757326652, 0.23356167221814805, -0.17369632818167619, 0.8858669072301605, 0.9316788008305971, 1.0, 0.9018025058443911, 0.8788310830257179, 0.9353123546965612, 0.8819014411916958, 0.8831447352962103, 0.9426060010631935, 0.9702225102370193, 0.883826074491082], [0.9798632523549703, 0.9573871748988778, 0.9291739639169231, 0.9708900950610956, 0.9093054047480958, 0.9566537490386726, -0.8972028312483956, 0.977237622315782, 0.9319300172217718, 0.9613880953449638, 0.960869842237897, 0.6247014845560158, 0.9431592590027383, 0.9352349442451551, 0.9611710169111063, 0.960111143931748, 0.9741324147223078, 0.9777150122238883, 0.9569689627032384, 0.794873537642026, 0.9396786562261019, 0.8948771285085977, 0.5275280986317493, -0.389902803658387, 0.8080008003616173, 0.9606436350232571, 0.9018025058443911, 1.0, 0.9853481317971206, 0.9660529899229902, 0.9895009361087956, 0.9509864417474496, 0.9577131280695591, 0.9117958076646389, 0.9660948978109279], [0.9631656320634763, 0.948947801471734, 0.9097476222537536, 0.960333040144333, 0.8962400425528918, 0.9261374655050598, -0.8552896345762836, 0.951515367037149, 0.8927243416145385, 0.9414758844506064, 0.9401207351500738, 0.6077510285448053, 0.9015099522252635, 0.8831842740286173, 0.9407611174331878, 0.9231012166529912, 0.9457649020801301, 0.9509235376630186, 0.9346114155354804, 0.7315513421753013, 0.9430896263350577, 0.8420024845417647, 0.5276145574446992, -0.38010943210706927, 0.8575692380504779, 0.9341992322815652, 0.8788310830257179, 0.9853481317971206, 1.0, 0.9491295714868754, 0.9827265270999327, 0.9545492424863112, 0.9330722913740902, 0.9151569583416016, 0.9617670633003486], [0.9758066518442955, 0.9654581054116373, 0.9629796439759553, 0.9773670151829118, 0.9564487541458723, 0.9522697417640256, -0.9237805687808693, 0.9693813235644437, 0.9560991772807836, 0.9649471010630171, 0.9650428419484065, 0.71037715210932, 0.9463461186706645, 0.9373549336367926, 0.9650961329557484, 0.949206851667931, 0.9644455735491259, 0.9679341390312544, 0.9023023109041466, 0.67418194074466, 0.96817711069004, 0.9203087995755014, 0.3926905235522234, -0.32807449991447407, 0.8280875250304474, 0.9420050690046783, 0.9353123546965612, 0.9660529899229902, 0.9491295714868754, 1.0, 0.9537236505333572, 0.9179984405697291, 0.975633378535023, 0.9558196815964544, 0.9456562327749396], [0.9717050436585093, 0.9555588638249076, 0.919213569547244, 0.962080614634337, 0.898065517290835, 0.9507116899114559, -0.8885984845790428, 0.9619720548323433, 0.9146494437869803, 0.9410587675673491, 0.9399955840961491, 0.6105852657845268, 0.9128312972936926, 0.9094271793865174, 0.940635207370004, 0.9516358438045135, 0.9557982929527511, 0.9604191930217949, 0.9429628888309654, 0.767444272309757, 0.9400669245084898, 0.8636291156766865, 0.5446627692511357, -0.34546068495796134, 0.8647856909502757, 0.9443279085162152, 0.8819014411916958, 0.9895009361087956, 0.9827265270999327, 0.9537236505333572, 1.0, 0.9729819994820552, 0.9416508549548951, 0.9341823268166081, 0.9614917858721392], [0.9452592577136502, 0.9429485843769645, 0.9067463795004927, 0.9344505062653465, 0.8812391100314758, 0.9543706625660349, -0.9082127020350412, 0.9348888604170495, 0.9019180181181623, 0.9208692424729481, 0.9195987091149086, 0.6041699055889702, 0.8892338556635122, 0.8672284702889428, 0.9200709107362859, 0.9537362782008495, 0.9431748055180407, 0.9347601849650452, 0.8922359017451744, 0.7687125246129791, 0.9106070848457452, 0.8383436160219877, 0.45237731476527776, -0.2009591638075769, 0.85834355104268, 0.9171146176910436, 0.8831447352962103, 0.9509864417474496, 0.9545492424863112, 0.9179984405697291, 0.9729819994820552, 1.0, 0.9043617254676773, 0.9324279551563529, 0.9518975391941701], [0.9793671186512924, 0.9680510168069971, 0.9659406120379997, 0.9773533240471466, 0.9560655880949948, 0.9559365576625587, -0.9239704019271007, 0.9583942696947095, 0.9439596455120904, 0.9642033707389408, 0.9643920810493222, 0.6753696030236663, 0.9624255853401892, 0.9646290611102094, 0.9642760839726818, 0.9586430863807767, 0.9704926866876327, 0.9577615964173569, 0.8969579759506925, 0.7021666896960066, 0.9676694370852177, 0.9181106173070533, 0.40543887580525506, -0.3508384345143856, 0.8558114507307292, 0.9633783918698705, 0.9426060010631935, 0.9577131280695591, 0.9330722913740902, 0.975633378535023, 0.9416508549548951, 0.9043617254676773, 1.0, 0.9518908480278487, 0.9403676026513161], [0.9696859869649406, 0.9609063218128713, 0.9735398360537488, 0.968303478893973, 0.9622849112042264, 0.9760041878216387, -0.9628658155120716, 0.9565945891642296, 0.9685863534202019, 0.9798626366557983, 0.9804162205006753, 0.7184811506649779, 0.9792840264635205, 0.9774839459192386, 0.9802553078829415, 0.9756200553467501, 0.9843174586715457, 0.9545005183112403, 0.8442999855642274, 0.6690445885222542, 0.9546502899841496, 0.8629189756669644, 0.3240092619779929, -0.17603794537165038, 0.8657810610866382, 0.9258990213562146, 0.9702225102370193, 0.9117958076646389, 0.9151569583416016, 0.9558196815964544, 0.9341823268166081, 0.9324279551563529, 0.9518908480278487, 1.0, 0.9163901316607086], [0.9548991413353766, 0.9483135944044353, 0.925090690418237, 0.9470286078700918, 0.9025483450515189, 0.9553027598724436, -0.909114044320177, 0.9655343800786748, 0.9230209971680887, 0.944909567526413, 0.9442289650650035, 0.5857212131064216, 0.935956205247651, 0.9283582259346924, 0.9445638482633486, 0.9602057895273134, 0.965406657562569, 0.9667766123738917, 0.8770795544475672, 0.7031796288999576, 0.9292124490838222, 0.8457302681057995, 0.4268478747639429, -0.3152121928098315, 0.8930094877074406, 0.9249966695677527, 0.883826074491082, 0.9660948978109279, 0.9617670633003486, 0.9456562327749396, 0.9614917858721392, 0.9518975391941701, 0.9403676026513161, 0.9163901316607086, 1.0]], "x": ["^TAIEX       \u81fa\u7063\u52a0\u6b0a\u5831\u916c\u6307\u6578", "^TWII        \u81fa\u7063\u52a0\u6b0a\u6307\u6578", "^TAIEXx2     \u81fa\u7063\u52a0\u6b0a\u5831\u916c\u6307\u6578_\u65e5\u6b632", "^TAI50I      \u81fa\u706350\u5831\u916c\u6307\u6578", "^TAI50Ix2    \u81fa\u706350\u5831\u916c\u6307\u6578_\u65e5\u6b632", "^TAI100I     \u81fa\u7063\u4e2d\u578b100\u5831\u916c\u6307\u6578", "^TAI100Ix2   \u81fa\u7063\u4e2d\u578b100\u5831\u916c\u6307\u6578_\u65e5\u6b632", "^TAIDIVIDI   \u81fa\u7063\u9ad8\u80a1\u606f\u5831\u916c\u6307\u6578", "^TAIDIVIDIx2 \u81fa\u7063\u9ad8\u80a1\u606f\u5831\u916c\u6307\u6578_\u65e5\u6b632", "0050Fund     \u5143\u5927\u53f0\u7063\u5353\u8d8a50\u57fa\u91d1", "006208Fund   \u5bcc\u90a6\u53f0\u7063\u91c6\u540950\u57fa\u91d1", "0050         \u5143\u5927\u81fa\u706350", "00631L       \u5143\u5927\u53f0\u706350\u6b632", "00675L       \u5bcc\u90a6\u81fa\u7063\u52a0\u6b0a\u6b632", "006208       \u5bcc\u90a6\u53f050", "0051         \u5143\u5927\u4e2d\u578b100", "006204       \u6c38\u8c50\u81fa\u7063\u52a0\u6b0a", "0056         \u5143\u5927\u9ad8\u80a1\u606f", "2412         \u4e2d\u83ef\u96fb\u4fe1", "2002         \u4e2d\u92fc", "2330         \u53f0\u7a4d\u96fb", "2317         \u9d3b\u6d77", "6505         \u53f0\u5851\u77f3\u5316", "3481         \u7fa4\u5275", "2303         \u806f\u96fb", "2308         \u53f0\u9054\u96fb", "2454         \u806f\u767c\u79d1", "2886         \u5146\u8c50\u91d1", "2884         \u7389\u5c71\u91d1", "2891         \u4e2d\u4fe1\u91d1", "2892         \u7b2c\u4e00\u91d1", "5880         \u5408\u5eab\u91d1", "2881         \u5bcc\u90a6\u91d1", "2885         \u5143\u5927\u91d1", "2887         \u53f0\u65b0\u91d1"], "y": ["^TAIEX       \u81fa\u7063\u52a0\u6b0a\u5831\u916c\u6307\u6578", "^TWII        \u81fa\u7063\u52a0\u6b0a\u6307\u6578", "^TAIEXx2     \u81fa\u7063\u52a0\u6b0a\u5831\u916c\u6307\u6578_\u65e5\u6b632", "^TAI50I      \u81fa\u706350\u5831\u916c\u6307\u6578", "^TAI50Ix2    \u81fa\u706350\u5831\u916c\u6307\u6578_\u65e5\u6b632", "^TAI100I     \u81fa\u7063\u4e2d\u578b100\u5831\u916c\u6307\u6578", "^TAI100Ix2   \u81fa\u7063\u4e2d\u578b100\u5831\u916c\u6307\u6578_\u65e5\u6b632", "^TAIDIVIDI   \u81fa\u7063\u9ad8\u80a1\u606f\u5831\u916c\u6307\u6578", "^TAIDIVIDIx2 \u81fa\u7063\u9ad8\u80a1\u606f\u5831\u916c\u6307\u6578_\u65e5\u6b632", "0050Fund     \u5143\u5927\u53f0\u7063\u5353\u8d8a50\u57fa\u91d1", "006208Fund   \u5bcc\u90a6\u53f0\u7063\u91c6\u540950\u57fa\u91d1", "0050         \u5143\u5927\u81fa\u706350", "00631L       \u5143\u5927\u53f0\u706350\u6b632", "00675L       \u5bcc\u90a6\u81fa\u7063\u52a0\u6b0a\u6b632", "006208       \u5bcc\u90a6\u53f050", "0051         \u5143\u5927\u4e2d\u578b100", "006204       \u6c38\u8c50\u81fa\u7063\u52a0\u6b0a", "0056         \u5143\u5927\u9ad8\u80a1\u606f", "2412         \u4e2d\u83ef\u96fb\u4fe1", "2002         \u4e2d\u92fc", "2330         \u53f0\u7a4d\u96fb", "2317         \u9d3b\u6d77", "6505         \u53f0\u5851\u77f3\u5316", "3481         \u7fa4\u5275", "2303         \u806f\u96fb", "2308         \u53f0\u9054\u96fb", "2454         \u806f\u767c\u79d1", "2886         \u5146\u8c50\u91d1", "2884         \u7389\u5c71\u91d1", "2891         \u4e2d\u4fe1\u91d1", "2892         \u7b2c\u4e00\u91d1", "5880         \u5408\u5eab\u91d1", "2881         \u5bcc\u90a6\u91d1", "2885         \u5143\u5927\u91d1", "2887         \u53f0\u65b0\u91d1"], "zmin": -1, "zmax": 1, "colorbar": {"x": -0.2}}], "layout": {"autotypenumbers": "strict", "colorway": ["#636efa", "#EF553B", "#00cc96", "#ab63fa", "#FFA15A", "#19d3f3", "#FF6692", "#B6E880", "#FF97FF", "#FECB52"], "font": {"color": "#f2f5fa", "family": "Courier New"}, "hovermode": "closest", "hoverlabel": {"align": "left"}, "paper_bgcolor": "rgb(17,17,17)", "plot_bgcolor": "rgb(17,17,17)", "polar": {"bgcolor": "rgb(17,17,17)", "angularaxis": {"gridcolor": "#506784", "linecolor": "#506784", "ticks": ""}, "radialaxis": {"gridcolor": "#506784", "linecolor": "#506784", "ticks": ""}}, "ternary": {"bgcolor": "rgb(17,17,17)", "aaxis": {"gridcolor": "#506784", "linecolor": "#506784", "ticks": ""}, "baxis": {"gridcolor": "#506784", "linecolor": "#506784", "ticks": ""}, "caxis": {"gridcolor": "#506784", "linecolor": "#506784", "ticks": ""}}, "coloraxis": {"colorbar": {"outlinewidth": 0, "ticks": ""}}, "colorscale": {"sequential": [[0.0, "#0d0887"], [0.1111111111111111, "#46039f"], [0.2222222222222222, "#7201a8"], [0.3333333333333333, "#9c179e"], [0.4444444444444444, "#bd3786"], [0.5555555555555556, "#d8576b"], [0.6666666666666666, "#ed7953"], [0.7777777777777778, "#fb9f3a"], [0.8888888888888888, "#fdca26"], [1.0, "#f0f921"]], "sequentialminus": [[0.0, "#0d0887"], [0.1111111111111111, "#46039f"], [0.2222222222222222, "#7201a8"], [0.3333333333333333, "#9c179e"], [0.4444444444444444, "#bd3786"], [0.5555555555555556, "#d8576b"], [0.6666666666666666, "#ed7953"], [0.7777777777777778, "#fb9f3a"], [0.8888888888888888, "#fdca26"], [1.0, "#f0f921"]], "diverging": [[0, "#8e0152"], [0.1, "#c51b7d"], [0.2, "#de77ae"], [0.3, "#f1b6da"], [0.4, "#fde0ef"], [0.5, "#f7f7f7"], [0.6, "#e6f5d0"], [0.7, "#b8e186"], [0.8, "#7fbc41"], [0.9, "#4d9221"], [1, "#276419"]]}, "xaxis": {"gridcolor": "rgba(0, 0, 0, 0)", "linecolor": "#506784", "ticks": "", "title": {"standoff": 15}, "zerolinecolor": "#283442", "automargin": true, "zerolinewidth": 2, "tickfont": {"family": "Courier New", "size": 14}, "side": "top", "tickangle": -90}, "yaxis": {"gridcolor": "rgba(0, 0, 0, 0)", "linecolor": "#506784", "ticks": "", "title": {"standoff": 15}, "zerolinecolor": "#283442", "automargin": true, "zerolinewidth": 2, "tickfont": {"family": "Courier New"}, "side": "right"}, "scene": {"xaxis": {"backgroundcolor": "rgb(17,17,17)", "gridcolor": "#506784", "linecolor": "#506784", "showbackground": true, "ticks": "", "zerolinecolor": "#C8D4E3", "gridwidth": 2}, "yaxis": {"backgroundcolor": "rgb(17,17,17)", "gridcolor": "#506784", "linecolor": "#506784", "showbackground": true, "ticks": "", "zerolinecolor": "#C8D4E3", "gridwidth": 2}, "zaxis": {"backgroundcolor": "rgb(17,17,17)", "gridcolor": "#506784", "linecolor": "#506784", "showbackground": true, "ticks": "", "zerolinecolor": "#C8D4E3", "gridwidth": 2}}, "shapedefaults": {"line": {"color": "#f2f5fa"}}, "annotationdefaults": {"arrowcolor": "#f2f5fa", "arrowhead": 0, "arrowwidth": 1}, "geo": {"bgcolor": "rgb(17,17,17)", "landcolor": "rgb(17,17,17)", "subunitcolor": "#506784", "showland": true, "showlakes": true, "lakecolor": "rgb(17,17,17)"}, "title": {"x": 0.05, "font": {"family": "Times New Roman"}, "y": 0.05, "text": "<b>Correlation of Adj Close<b><br><i>2016-09-23 ~ 2025-07-15<i>"}, "updatemenudefaults": {"bgcolor": "#506784", "borderwidth": 0}, "sliderdefaults": {"bgcolor": "#C8D4E3", "borderwidth": 1, "bordercolor": "rgb(17,17,17)", "tickwidth": 0}, "mapbox": {"style": "dark"}}, "config": {"responsive": true, "toImageButtonOptions": {"filename": "Correlation of Adj Close_2016-09-23~2025-07-15", "scale": 5}}};

Plotly.newPlot("correlationAdjClose",
    correlationAdjClose.data,
    correlationAdjClose.layout || {},
    correlationAdjClose.config);