var element=document.getElementById("correlationAdjClose");if(element.style.display!='none'){var correlationAdjClose={"data":[{"type":"heatmap","z":[[1.0,0.9944361958948744,0.9770813777093674,0.9974742311598556,0.9631142371787786,0.9827031935253323,-0.9476188606150532,0.9900766905148431,0.9724595945683236,0.9970912726864642,0.9970665386079236,0.9975536548578797,0.9937138053767101,0.9944589865121902,0.9971230355469352,0.984781384755304,0.999688726722709,0.9899979596012874,0.9016826035636201,0.9215071126484589,0.7221516998671493,0.9854592735620378,0.9265729380450087,0.40366804420777525,-0.302680100532809,0.8998306206461313,0.9554793968004937,0.957842756699069,0.9801931171768701,0.9660406215453237,0.9767468702950485,0.9728220905232066,0.9450523692843553,0.9811512848954601,0.9724472757184134,0.954616996355356],[0.9944361958948744,1.0,0.9725315746829203,0.991477244194347,0.9583095029185313,0.9784946803417344,-0.9430872428547306,0.9817488733481229,0.9660329855968294,0.9951575591385199,0.9949997794582125,0.9943809141029224,0.9926988807442877,0.9921721725901606,0.9950154661616062,0.9792869996269746,0.9969184349282678,0.9842338262023256,0.9246388217810837,0.9110995054311907,0.737671625277303,0.9680413024072547,0.9072546179156732,0.404506343835833,-0.23013075108354725,0.8758314213284727,0.9457710812599853,0.9569746865432188,0.9594332744727357,0.9528286075937376,0.9668863748922054,0.9580803071542668,0.94354616612548,0.9706445426326153,0.9629122600904312,0.9490359819728382],[0.9770813777093674,0.9725315746829203,1.0,0.9840782021843446,0.9956599706441192,0.977912503591791,-0.9773243569233909,0.9684492975005291,0.9833370086188175,0.9896761704438739,0.9903364789359528,0.986931890135875,0.9969337812553858,0.9967137090158846,0.9900633411665837,0.9761123047963368,0.9874663609472538,0.9681314160568859,0.8741702368760337,0.830297366939909,0.6064124355703775,0.991104549648195,0.9210088719316476,0.23586714861867322,-0.2270355570345441,0.8979685308591674,0.9418762242958088,0.980312929542536,0.9294764584589457,0.9155322008324559,0.9671643127241222,0.9208621118358351,0.9031016386014064,0.9670975072796281,0.9746875662725134,0.920976325130529],[0.9974742311598556,0.991477244194347,0.9840782021843446,1.0,0.9760405832936757,0.9749406109561748,-0.9434351448794035,0.9836976520051434,0.9698335306317754,0.9999737377795431,0.999990401791472,0.9999596210544409,0.9921971097064471,0.9903182849633337,0.9999447217940189,0.974339561678611,0.9959477728109954,0.9833658169753795,0.8885404288902068,0.9066614125160565,0.6892562271652072,0.9936763770224186,0.9292623820016748,0.3757964982564365,-0.29333863993700504,0.8954130955348503,0.9568557139596314,0.964044104818311,0.9703824711451944,0.9627894250855507,0.9794226125363802,0.9625587624168545,0.9326719087683446,0.9789854285121188,0.971161985403993,0.9451196028170403],[0.9631142371787786,0.9583095029185313,0.9956599706441192,0.9760405832936757,1.0,0.9560595149983356,-0.9588015736342571,0.9506709230661706,0.9691536630137773,0.9845332499615347,0.985257134344825,0.9812894892842459,0.9852991471545318,0.9818851658389002,0.984795705015382,0.953007077961545,0.9738439176435394,0.9501321031945484,0.8507301977682871,0.8073695742410723,0.5661528747218136,0.9892145337874636,0.9171769292093466,0.2066965152314907,-0.2190560669192171,0.8742593053410175,0.9365072747532877,0.9759624733392926,0.906925492210946,0.9001901927366852,0.9605414287569265,0.8975308888064768,0.8740643997954398,0.9549252542849231,0.9615536062083415,0.8947389303463672],[0.9827031935253323,0.9784946803417344,0.977912503591791,0.9749406109561748,0.9560595149983356,1.0,-0.9816518675770111,0.9816868752262422,0.9811896883006579,0.9697817690346086,0.9700466102641274,0.9728927675701007,0.977296307847229,0.9752694767396023,0.9699564577386984,0.9998999304585798,0.9867878156937924,0.982673150576357,0.9015226143005668,0.8673216601139188,0.6891676463313187,0.9681452514426981,0.8981262607058222,0.27325491171510896,-0.21841355232924353,0.9339765669713415,0.93490609885559,0.9619413191461409,0.9592964352450852,0.9320599548829918,0.9542793278700763,0.9539182803743596,0.9547515466411114,0.9595680772043959,0.9778099194023454,0.955818287619741],[-0.9476188606150532,-0.9430872428547306,-0.9773243569233909,-0.9434351448794035,-0.9588015736342571,-0.9816518675770111,1.0,-0.9540633527415033,-0.9844716117265395,-0.9526554382474614,-0.9537398670449889,-0.9495211641359622,-0.9760963394488532,-0.9774598057284002,-0.9534240134734033,-0.9844133057959831,-0.967549965676784,-0.9567579429222676,-0.8696934074618174,-0.7843352641750667,-0.5858721529988191,-0.9479793419032337,-0.8927760625074628,-0.13183455317701628,0.15506152054326847,-0.9002622921670583,-0.9074597911075458,-0.9607438627649189,-0.9034283437780004,-0.8675656089566665,-0.9312141725222359,-0.895807885085975,-0.9092775171038343,-0.9308011567551437,-0.9664380521609203,-0.9105595143518553],[0.9900766905148431,0.9817488733481229,0.9684492975005291,0.9836976520051434,0.9506709230661706,0.9816868752262422,-0.9540633527415033,1.0,0.9832444254440466,0.9795772804087475,0.9794728835741152,0.9826953281465945,0.9760225377418876,0.9752367164543378,0.9795984575061762,0.9835440464468401,0.9879699485597047,0.9998753513410453,0.9272031171307354,0.9267305514443688,0.6565546271014971,0.9729695888676413,0.8988601230872147,0.25679191729226425,-0.3116700371912575,0.9052254243072227,0.9257340042628303,0.9408120027430764,0.9787202848129012,0.9551840651085473,0.9682791366495449,0.9645936025738948,0.9370581380770374,0.9613678572598097,0.9594365223643189,0.9658701652159741],[0.9724595945683236,0.9660329855968294,0.9833370086188175,0.9698335306317754,0.9691536630137773,0.9811896883006579,-0.9844716117265395,0.9832444254440466,1.0,0.9654611742398352,0.9660263244392646,0.9680121192511021,0.974382605164961,0.9715808092604352,0.9658662080113039,0.9802516295627026,0.9725330550698166,0.9825577993101587,0.9036081812746853,0.8570793058655232,0.5794816155867674,0.969174363128583,0.9120601154739072,0.11507221497912387,-0.23244033087335103,0.8852152916568249,0.9143906159811263,0.9628145707999336,0.93629152530609,0.9017323351697238,0.9589189246549604,0.9205099540542943,0.9046583170340382,0.9490341545124187,0.9714539311104483,0.9244740840897531],[0.9970912726864642,0.9951575591385199,0.9896761704438739,0.9999737377795431,0.9845332499615347,0.9697817690346086,-0.9526554382474614,0.9795772804087475,0.9654611742398352,1.0,0.9999886817419797,0.999982524371778,0.9920596817105332,0.9901523139357862,0.999950487365301,0.9698860264669039,0.995576566996678,0.9803563677504988,0.9175769500293407,0.9340363541620511,0.5969800001650979,0.9969078603495453,0.91034457726746,-0.07601743363950446,0.4137401986547461,0.9056163632287282,0.9301051021456146,0.9687195619590998,0.9622676194294244,0.9467226142824217,0.9687042309626752,0.9433972966126436,0.9164970021777566,0.9676275080193707,0.9812664250381071,0.9407322679352885],[0.9970665386079236,0.9949997794582125,0.9903364789359528,0.999990401791472,0.985257134344825,0.9700466102641274,-0.9537398670449889,0.9794728835741152,0.9660263244392646,0.9999886817419797,1.0,0.9999727621257081,0.9922235611412762,0.990314502906723,0.9999536315940845,0.9701181534997962,0.9956028277254412,0.9802214919658949,0.9163656172061319,0.9333465310843503,0.5929134534946465,0.9971830105145679,0.9097555612709874,-0.09066612058127346,0.4091410908188391,0.9046570605049851,0.929643631574295,0.9695104469214462,0.9617747679449496,0.9455639119720869,0.9688234026306214,0.942428654399552,0.9151391541793829,0.9678065090169196,0.9817210984406533,0.9400134019155447],[0.9975536548578797,0.9943809141029224,0.986931890135875,0.9999596210544409,0.9812894892842459,0.9728927675701007,-0.9495211641359622,0.9826953281465945,0.9680121192511021,0.999982524371778,0.9999727621257081,1.0,0.9920437125118534,0.9901015212231058,0.9999627346489703,0.9729787887148977,0.9957435012001427,0.9830404823826971,0.8986841615778692,0.9238384919475504,0.6493363884090588,0.9961115057074686,0.9241566121934773,0.12599978765397293,-0.1963950584205065,0.9156116695255136,0.9439092954980035,0.9594017511984149,0.9650665859469751,0.954109053898987,0.9745547731196331,0.9535529756214757,0.930230084054894,0.9741308744123188,0.969723171927907,0.949537299249577],[0.9937138053767101,0.9926988807442877,0.9969337812553858,0.9921971097064471,0.9852991471545318,0.977296307847229,-0.9760963394488532,0.9760225377418876,0.974382605164961,0.9920596817105332,0.9922235611412762,0.9920437125118534,1.0,0.9997177141462965,0.9922114332099292,0.9775919637217697,0.9938866058513472,0.9770824453431468,0.9138704547434674,0.9187407373277894,0.5322219776399616,0.9872210584249702,0.9025175859630994,-0.3662394440209876,0.43290324143451164,0.8940903602851884,0.9229703326870315,0.9788359015100684,0.9465125203040133,0.9120457080224519,0.9511977882582872,0.9193189158595482,0.8873391373516049,0.9661394340309848,0.9808550639153008,0.933246838032314],[0.9944589865121902,0.9921721725901606,0.9967137090158846,0.9903182849633337,0.9818851658389002,0.9752694767396023,-0.9774598057284002,0.9752367164543378,0.9715808092604352,0.9901523139357862,0.990314502906723,0.9901015212231058,0.9997177141462965,1.0,0.9904332704595832,0.9755358431929486,0.9944807354005173,0.9765083032178914,0.9002843290521673,0.9268905698946063,0.40433978173486795,0.9824825889054465,0.8933825819951475,-0.7360505157765944,0.40750217485852125,0.8645890787967767,0.9177910213502417,0.9780028139302528,0.9399757561354213,0.8972471568460426,0.9431729179024188,0.9181210540246825,0.866381820783073,0.9679976310158971,0.9793032560244169,0.9257322548339755],[0.9971230355469352,0.9950154661616062,0.9900633411665837,0.9999447217940189,0.984795705015382,0.9699564577386984,-0.9534240134734033,0.9795984575061762,0.9658662080113039,0.999950487365301,0.9999536315940845,0.9999627346489703,0.9922114332099292,0.9904332704595832,1.0,0.9700521332055813,0.9956358648491881,0.9803684158079139,0.9166856295868524,0.9340397381936062,0.5941578104420897,0.9969920838678333,0.9096019339576047,-0.08728968846039087,0.4095209677252296,0.9048652950825737,0.9283715528381029,0.9689004310523891,0.9621711234291651,0.9460767129446449,0.9687141653925009,0.9431118683087133,0.9159163984515125,0.967689601053001,0.9816387092222898,0.9406008648192896],[0.984781384755304,0.9792869996269746,0.9761123047963368,0.974339561678611,0.953007077961545,0.9998999304585798,-0.9844133057959831,0.9835440464468401,0.9802516295627026,0.9698860264669039,0.9701181534997962,0.9729787887148977,0.9775919637217697,0.9755358431929486,0.9700521332055813,1.0,0.987020683908092,0.9828571049382598,0.9045384335744279,0.8909262514597415,0.6856294434405503,0.9662669438725323,0.8929496786051585,0.13584221870481478,-0.19730239529584073,0.942077756875051,0.9297451356944592,0.9586849390607212,0.9626650237017808,0.9290821061750943,0.9506788278014568,0.9549114612620722,0.9541378133834179,0.961761988800404,0.9771472141344263,0.9603880198698175],[0.999688726722709,0.9969184349282678,0.9874663609472538,0.9959477728109954,0.9738439176435394,0.9867878156937924,-0.967549965676784,0.9879699485597047,0.9725330550698166,0.995576566996678,0.9956028277254412,0.9957435012001427,0.9938866058513472,0.9944807354005173,0.9956358648491881,0.987020683908092,1.0,0.9886930592022335,0.9298055416212967,0.9399365811992406,0.6418920577163444,0.9889071458533902,0.9042335549438923,-0.031985611545639864,0.4322810683418248,0.9279014730930352,0.9305402149454784,0.9672770808087308,0.9753713874619035,0.9506923312080015,0.9662662678207162,0.9583228157356511,0.9410506937183613,0.9733590059623819,0.9858173709464214,0.9629662506147743],[0.9899979596012874,0.9842338262023256,0.9681314160568859,0.9833658169753795,0.9501321031945484,0.982673150576357,-0.9567579429222676,0.9998753513410453,0.9825577993101587,0.9803563677504988,0.9802214919658949,0.9830404823826971,0.9770824453431468,0.9765083032178914,0.9803684158079139,0.9828571049382598,0.9886930592022335,1.0,0.930210274048253,0.932899489409515,0.6551939937143483,0.9718029367541999,0.90311119500675,0.22275220464144063,-0.29340207245710015,0.9104358050417407,0.9226999029590434,0.9406949471549076,0.9791766496071075,0.9545129557017896,0.966664749874384,0.9631292655919463,0.9368764354414948,0.9605844134419911,0.9573396997055548,0.9670400238844443],[0.9016826035636201,0.9246388217810837,0.8741702368760337,0.8885404288902068,0.8507301977682871,0.9015226143005668,-0.8696934074618174,0.9272031171307354,0.9036081812746853,0.9175769500293407,0.9163656172061319,0.8986841615778692,0.9138704547434674,0.9002843290521673,0.9166856295868524,0.9045384335744279,0.9298055416212967,0.930210274048253,1.0,0.8209587007523957,0.7129080204898248,0.8629006114238316,0.8127362958245516,0.2912003317179896,-0.1610496025892042,0.8521430164883512,0.8076027322032209,0.8509014759662079,0.8880466319085323,0.8530529392533478,0.8552590720630838,0.8662138156602683,0.8521156630558298,0.8526692693864566,0.8756765425896372,0.8922493185719221],[0.9215071126484589,0.9110995054311907,0.830297366939909,0.9066614125160565,0.8073695742410723,0.8673216601139188,-0.7843352641750667,0.9267305514443688,0.8570793058655232,0.9340363541620511,0.9333465310843503,0.9238384919475504,0.9187407373277894,0.9268905698946063,0.9340397381936062,0.8909262514597415,0.9399365811992406,0.932899489409515,0.8209587007523957,1.0,0.8341300046531493,0.8586457813858488,0.8730304707477192,0.6601677514986586,-0.5291108099156955,0.7055333231892268,0.8864426987885239,0.8063943890319512,0.9583902031890792,0.9362052002210606,0.9006507318175747,0.9452857742598061,0.89688935014783,0.9000414346105474,0.8488174537032744,0.8825814371479057],[0.7221516998671493,0.737671625277303,0.6064124355703775,0.6892562271652072,0.5661528747218136,0.6891676463313187,-0.5858721529988191,0.6565546271014971,0.5794816155867674,0.5969800001650979,0.5929134534946465,0.6493363884090588,0.5322219776399616,0.40433978173486795,0.5941578104420897,0.6856294434405503,0.6418920577163444,0.6551939937143483,0.7129080204898248,0.8341300046531493,1.0,0.6156987067499421,0.7255843684177001,0.7266923757807039,-0.11676618747941378,0.5376821263512116,0.6918684017552716,0.6223503871879871,0.7825030979249834,0.7145018695343,0.6469591025153015,0.751943923707289,0.7594818292448143,0.6839338411532796,0.6485156757421822,0.6951947869627852],[0.9854592735620378,0.9680413024072547,0.991104549648195,0.9936763770224186,0.9892145337874636,0.9681452514426981,-0.9479793419032337,0.9729695888676413,0.969174363128583,0.9969078603495453,0.9971830105145679,0.9961115057074686,0.9872210584249702,0.9824825889054465,0.9969920838678333,0.9662669438725323,0.9889071458533902,0.9718029367541999,0.8629006114238316,0.8586457813858488,0.6156987067499421,1.0,0.9032635547617248,0.30335893706157724,-0.286607176624355,0.8807724734082047,0.94851168294558,0.972130891774054,0.9393649237058141,0.9458724011753771,0.9718000192319207,0.9406936062512333,0.9075209632153141,0.9692732035942518,0.9569078569579664,0.9260953077406359],[0.9265729380450087,0.9072546179156732,0.9210088719316476,0.9292623820016748,0.9171769292093466,0.8981262607058222,-0.8927760625074628,0.8988601230872147,0.9120601154739072,0.91034457726746,0.9097555612709874,0.9241566121934773,0.9025175859630994,0.8933825819951475,0.9096019339576047,0.8929496786051585,0.9042335549438923,0.90311119500675,0.8127362958245516,0.8730304707477192,0.7255843684177001,0.9032635547617248,1.0,0.345732820908673,-0.19023958851197334,0.7057836819034635,0.9170314826103263,0.8936562302132012,0.8994594722157595,0.8544814476989969,0.9286445591741089,0.8711963987959025,0.841702682885236,0.924728795001929,0.8728292457676828,0.8502204514287173],[0.40366804420777525,0.404506343835833,0.23586714861867322,0.3757964982564365,0.2066965152314907,0.27325491171510896,-0.13183455317701628,0.25679191729226425,0.11507221497912387,-0.07601743363950446,-0.09066612058127346,0.12599978765397293,-0.3662394440209876,-0.7360505157765944,-0.08728968846039087,0.13584221870481478,-0.031985611545639864,0.22275220464144063,0.2912003317179896,0.6601677514986586,0.7266923757807039,0.30335893706157724,0.345732820908673,1.0,-0.38707848029915287,0.2780837998704336,0.33744610509486556,0.19317655825960808,0.4872265202937288,0.4810610972137863,0.3367798167653075,0.5034539632865337,0.4222466424259122,0.3612807021958514,0.2817928062412904,0.3965992222076753],[-0.302680100532809,-0.23013075108354725,-0.2270355570345441,-0.29333863993700504,-0.2190560669192171,-0.21841355232924353,0.15506152054326847,-0.3116700371912575,-0.23244033087335103,0.4137401986547461,0.4091410908188391,-0.1963950584205065,0.43290324143451164,0.40750217485852125,0.4095209677252296,-0.19730239529584073,0.4322810683418248,-0.29340207245710015,-0.1610496025892042,-0.5291108099156955,-0.11676618747941378,-0.286607176624355,-0.19023958851197334,-0.38707848029915287,1.0,-0.15201285179696242,-0.30870133995849286,-0.17952890715955847,-0.3885649087671258,-0.3776172457672614,-0.3230800128750932,-0.34560021567130794,-0.2062993840531113,-0.34849680953646894,-0.18181806723786484,-0.3176082207979553],[0.8998306206461313,0.8758314213284727,0.8979685308591674,0.8954130955348503,0.8742593053410175,0.9339765669713415,-0.9002622921670583,0.9052254243072227,0.8852152916568249,0.9056163632287282,0.9046570605049851,0.9156116695255136,0.8940903602851884,0.8645890787967767,0.9048652950825737,0.942077756875051,0.9279014730930352,0.9104358050417407,0.8521430164883512,0.7055333231892268,0.5376821263512116,0.8807724734082047,0.7057836819034635,0.2780837998704336,-0.15201285179696242,1.0,0.8086533162691826,0.8831115806002899,0.8146766291556686,0.8603176272624057,0.8265450954377094,0.8683881190400426,0.8638420581239951,0.857586529754129,0.8668701290816984,0.8964250342106026],[0.9554793968004937,0.9457710812599853,0.9418762242958088,0.9568557139596314,0.9365072747532877,0.93490609885559,-0.9074597911075458,0.9257340042628303,0.9143906159811263,0.9301051021456146,0.929643631574295,0.9439092954980035,0.9229703326870315,0.9177910213502417,0.9283715528381029,0.9297451356944592,0.9305402149454784,0.9226999029590434,0.8076027322032209,0.8864426987885239,0.6918684017552716,0.94851168294558,0.9170314826103263,0.33744610509486556,-0.30870133995849286,0.8086533162691826,1.0,0.9256419259971157,0.9346877040759258,0.9181197818933765,0.9377323452742405,0.9199179669092064,0.8874098457335351,0.9466487715103468,0.9169508971971616,0.8955775516218188],[0.957842756699069,0.9569746865432188,0.980312929542536,0.964044104818311,0.9759624733392926,0.9619413191461409,-0.9607438627649189,0.9408120027430764,0.9628145707999336,0.9687195619590998,0.9695104469214462,0.9594017511984149,0.9788359015100684,0.9780028139302528,0.9689004310523891,0.9586849390607212,0.9672770808087308,0.9406949471549076,0.8509014759662079,0.8063943890319512,0.6223503871879871,0.972130891774054,0.8936562302132012,0.19317655825960808,-0.17952890715955847,0.8831115806002899,0.9256419259971157,1.0,0.906881377547747,0.8885860763887652,0.9420345555955765,0.8891590160664747,0.8851594402110328,0.947438383326656,0.9724528638630893,0.8866980754183654],[0.9801931171768701,0.9594332744727357,0.9294764584589457,0.9703824711451944,0.906925492210946,0.9592964352450852,-0.9034283437780004,0.9787202848129012,0.93629152530609,0.9622676194294244,0.9617747679449496,0.9650665859469751,0.9465125203040133,0.9399757561354213,0.9621711234291651,0.9626650237017808,0.9753713874619035,0.9791766496071075,0.8880466319085323,0.9583902031890792,0.7825030979249834,0.9393649237058141,0.8994594722157595,0.4872265202937288,-0.3885649087671258,0.8146766291556686,0.9346877040759258,0.906881377547747,1.0,0.9859064411479804,0.9640997484074971,0.9901410506020615,0.9518570636028809,0.9597658403979167,0.9140283800175008,0.9672775534779298],[0.9660406215453237,0.9528286075937376,0.9155322008324559,0.9627894250855507,0.9001901927366852,0.9320599548829918,-0.8675656089566665,0.9551840651085473,0.9017323351697238,0.9467226142824217,0.9455639119720869,0.954109053898987,0.9120457080224519,0.8972471568460426,0.9460767129446449,0.9290821061750943,0.9506923312080015,0.9545129557017896,0.8530529392533478,0.9362052002210606,0.7145018695343,0.9458724011753771,0.8544814476989969,0.4810610972137863,-0.3776172457672614,0.8603176272624057,0.9181197818933765,0.8885860763887652,0.9859064411479804,1.0,0.9515727295146839,0.9835512201363541,0.9549669206585811,0.9383532628768322,0.9218172527004155,0.9621074137327974],[0.9767468702950485,0.9668863748922054,0.9671643127241222,0.9794226125363802,0.9605414287569265,0.9542793278700763,-0.9312141725222359,0.9682791366495449,0.9589189246549604,0.9687042309626752,0.9688234026306214,0.9745547731196331,0.9511977882582872,0.9431729179024188,0.9687141653925009,0.9506788278014568,0.9662662678207162,0.966664749874384,0.8552590720630838,0.9006507318175747,0.6469591025153015,0.9718000192319207,0.9286445591741089,0.3367798167653075,-0.3230800128750932,0.8265450954377094,0.9377323452742405,0.9420345555955765,0.9640997484074971,0.9515727295146839,1.0,0.9530279362313746,0.9150623942988814,0.9765433085373676,0.9590924414234996,0.9411938806133006],[0.9728220905232066,0.9580803071542668,0.9208621118358351,0.9625587624168545,0.8975308888064768,0.9539182803743596,-0.895807885085975,0.9645936025738948,0.9205099540542943,0.9433972966126436,0.942428654399552,0.9535529756214757,0.9193189158595482,0.9181210540246825,0.9431118683087133,0.9549114612620722,0.9583228157356511,0.9631292655919463,0.8662138156602683,0.9452857742598061,0.751943923707289,0.9406936062512333,0.8711963987959025,0.5034539632865337,-0.34560021567130794,0.8683881190400426,0.9199179669092064,0.8891590160664747,0.9901410506020615,0.9835512201363541,0.9530279362313746,1.0,0.973569893659831,0.9451360901197626,0.9379579661250842,0.962933975756375],[0.9450523692843553,0.94354616612548,0.9031016386014064,0.9326719087683446,0.8740643997954398,0.9547515466411114,-0.9092775171038343,0.9370581380770374,0.9046583170340382,0.9164970021777566,0.9151391541793829,0.930230084054894,0.8873391373516049,0.866381820783073,0.9159163984515125,0.9541378133834179,0.9410506937183613,0.9368764354414948,0.8521156630558298,0.89688935014783,0.7594818292448143,0.9075209632153141,0.841702682885236,0.4222466424259122,-0.2062993840531113,0.8638420581239951,0.8874098457335351,0.8851594402110328,0.9518570636028809,0.9549669206585811,0.9150623942988814,0.973569893659831,1.0,0.907018509398585,0.9316878278091882,0.9539346425322414],[0.9811512848954601,0.9706445426326153,0.9670975072796281,0.9789854285121188,0.9549252542849231,0.9595680772043959,-0.9308011567551437,0.9613678572598097,0.9490341545124187,0.9676275080193707,0.9678065090169196,0.9741308744123188,0.9661394340309848,0.9679976310158971,0.967689601053001,0.961761988800404,0.9733590059623819,0.9605844134419911,0.8526692693864566,0.9000414346105474,0.6839338411532796,0.9692732035942518,0.924728795001929,0.3612807021958514,-0.34849680953646894,0.857586529754129,0.9466487715103468,0.947438383326656,0.9597658403979167,0.9383532628768322,0.9765433085373676,0.9451360901197626,0.907018509398585,1.0,0.9559619602642614,0.9412301303455305],[0.9724472757184134,0.9629122600904312,0.9746875662725134,0.971161985403993,0.9615536062083415,0.9778099194023454,-0.9664380521609203,0.9594365223643189,0.9714539311104483,0.9812664250381071,0.9817210984406533,0.969723171927907,0.9808550639153008,0.9793032560244169,0.9816387092222898,0.9771472141344263,0.9858173709464214,0.9573396997055548,0.8756765425896372,0.8488174537032744,0.6485156757421822,0.9569078569579664,0.8728292457676828,0.2817928062412904,-0.18181806723786484,0.8668701290816984,0.9169508971971616,0.9724528638630893,0.9140283800175008,0.9218172527004155,0.9590924414234996,0.9379579661250842,0.9316878278091882,0.9559619602642614,1.0,0.9185299205275977],[0.954616996355356,0.9490359819728382,0.920976325130529,0.9451196028170403,0.8947389303463672,0.955818287619741,-0.9105595143518553,0.9658701652159741,0.9244740840897531,0.9407322679352885,0.9400134019155447,0.949537299249577,0.933246838032314,0.9257322548339755,0.9406008648192896,0.9603880198698175,0.9629662506147743,0.9670400238844443,0.8922493185719221,0.8825814371479057,0.6951947869627852,0.9260953077406359,0.8502204514287173,0.3965992222076753,-0.3176082207979553,0.8964250342106026,0.8955775516218188,0.8866980754183654,0.9672775534779298,0.9621074137327974,0.9411938806133006,0.962933975756375,0.9539346425322414,0.9412301303455305,0.9185299205275977,1.0]],"x":["^TAIEX       \u81fa\u7063\u52a0\u6b0a\u5831\u916c\u6307\u6578","^TWII        \u81fa\u7063\u52a0\u6b0a\u6307\u6578","^TAIEXx2     \u81fa\u7063\u52a0\u6b0a\u5831\u916c\u6307\u6578_\u65e5\u6b632","^TAI50I      \u81fa\u706350\u5831\u916c\u6307\u6578","^TAI50Ix2    \u81fa\u706350\u5831\u916c\u6307\u6578_\u65e5\u6b632","^TAI100I     \u81fa\u7063\u4e2d\u578b100\u5831\u916c\u6307\u6578","^TAI100Ix2   \u81fa\u7063\u4e2d\u578b100\u5831\u916c\u6307\u6578_\u65e5\u6b632","^TAIDIVIDI   \u81fa\u7063\u9ad8\u80a1\u606f\u5831\u916c\u6307\u6578","^TAIDIVIDIx2 \u81fa\u7063\u9ad8\u80a1\u606f\u5831\u916c\u6307\u6578_\u65e5\u6b632","0050Fund     \u5143\u5927\u53f0\u7063\u5353\u8d8a50\u57fa\u91d1","006208Fund   \u5bcc\u90a6\u53f0\u7063\u91c6\u540950\u57fa\u91d1","0050         \u5143\u5927\u81fa\u706350","00631L       \u5143\u5927\u53f0\u706350\u6b632","00675L       \u5bcc\u90a6\u81fa\u7063\u52a0\u6b0a\u6b632","006208       \u5bcc\u90a6\u53f050","0051         \u5143\u5927\u4e2d\u578b100","006204       \u6c38\u8c50\u81fa\u7063\u52a0\u6b0a","0056         \u5143\u5927\u9ad8\u80a1\u606f","0056         \u5143\u5927\u9ad8\u80a1\u606f_\u80a1\u606f\u4e0d\u6295\u5165","2412         \u4e2d\u83ef\u96fb\u4fe1","2002         \u4e2d\u92fc","2330         \u53f0\u7a4d\u96fb","2317         \u9d3b\u6d77","6505         \u53f0\u5851\u77f3\u5316","3481         \u7fa4\u5275","2303         \u806f\u96fb","2308         \u53f0\u9054\u96fb","2454         \u806f\u767c\u79d1","2886         \u5146\u8c50\u91d1","2884         \u7389\u5c71\u91d1","2891         \u4e2d\u4fe1\u91d1","2892         \u7b2c\u4e00\u91d1","5880         \u5408\u5eab\u91d1","2881         \u5bcc\u90a6\u91d1","2885         \u5143\u5927\u91d1","2887         \u53f0\u65b0\u91d1"],"y":["^TAIEX       \u81fa\u7063\u52a0\u6b0a\u5831\u916c\u6307\u6578","^TWII        \u81fa\u7063\u52a0\u6b0a\u6307\u6578","^TAIEXx2     \u81fa\u7063\u52a0\u6b0a\u5831\u916c\u6307\u6578_\u65e5\u6b632","^TAI50I      \u81fa\u706350\u5831\u916c\u6307\u6578","^TAI50Ix2    \u81fa\u706350\u5831\u916c\u6307\u6578_\u65e5\u6b632","^TAI100I     \u81fa\u7063\u4e2d\u578b100\u5831\u916c\u6307\u6578","^TAI100Ix2   \u81fa\u7063\u4e2d\u578b100\u5831\u916c\u6307\u6578_\u65e5\u6b632","^TAIDIVIDI   \u81fa\u7063\u9ad8\u80a1\u606f\u5831\u916c\u6307\u6578","^TAIDIVIDIx2 \u81fa\u7063\u9ad8\u80a1\u606f\u5831\u916c\u6307\u6578_\u65e5\u6b632","0050Fund     \u5143\u5927\u53f0\u7063\u5353\u8d8a50\u57fa\u91d1","006208Fund   \u5bcc\u90a6\u53f0\u7063\u91c6\u540950\u57fa\u91d1","0050         \u5143\u5927\u81fa\u706350","00631L       \u5143\u5927\u53f0\u706350\u6b632","00675L       \u5bcc\u90a6\u81fa\u7063\u52a0\u6b0a\u6b632","006208       \u5bcc\u90a6\u53f050","0051         \u5143\u5927\u4e2d\u578b100","006204       \u6c38\u8c50\u81fa\u7063\u52a0\u6b0a","0056         \u5143\u5927\u9ad8\u80a1\u606f","0056         \u5143\u5927\u9ad8\u80a1\u606f_\u80a1\u606f\u4e0d\u6295\u5165","2412         \u4e2d\u83ef\u96fb\u4fe1","2002         \u4e2d\u92fc","2330         \u53f0\u7a4d\u96fb","2317         \u9d3b\u6d77","6505         \u53f0\u5851\u77f3\u5316","3481         \u7fa4\u5275","2303         \u806f\u96fb","2308         \u53f0\u9054\u96fb","2454         \u806f\u767c\u79d1","2886         \u5146\u8c50\u91d1","2884         \u7389\u5c71\u91d1","2891         \u4e2d\u4fe1\u91d1","2892         \u7b2c\u4e00\u91d1","5880         \u5408\u5eab\u91d1","2881         \u5bcc\u90a6\u91d1","2885         \u5143\u5927\u91d1","2887         \u53f0\u65b0\u91d1"],"zmin":-1,"zmax":1,"colorbar":{"x":-0.2}}],"layout":{"autotypenumbers":"strict","colorway":["#636efa","#EF553B","#00cc96","#ab63fa","#FFA15A","#19d3f3","#FF6692","#B6E880","#FF97FF","#FECB52"],"font":{"color":"#f2f5fa","family":"Courier New"},"hovermode":"closest","hoverlabel":{"align":"left"},"paper_bgcolor":"rgb(17,17,17)","plot_bgcolor":"rgb(17,17,17)","polar":{"bgcolor":"rgb(17,17,17)","angularaxis":{"gridcolor":"#506784","linecolor":"#506784","ticks":""},"radialaxis":{"gridcolor":"#506784","linecolor":"#506784","ticks":""}},"ternary":{"bgcolor":"rgb(17,17,17)","aaxis":{"gridcolor":"#506784","linecolor":"#506784","ticks":""},"baxis":{"gridcolor":"#506784","linecolor":"#506784","ticks":""},"caxis":{"gridcolor":"#506784","linecolor":"#506784","ticks":""}},"coloraxis":{"colorbar":{"outlinewidth":0,"ticks":""}},"colorscale":{"sequential":[[0.0,"#0d0887"],[0.1111111111111111,"#46039f"],[0.2222222222222222,"#7201a8"],[0.3333333333333333,"#9c179e"],[0.4444444444444444,"#bd3786"],[0.5555555555555556,"#d8576b"],[0.6666666666666666,"#ed7953"],[0.7777777777777778,"#fb9f3a"],[0.8888888888888888,"#fdca26"],[1.0,"#f0f921"]],"sequentialminus":[[0.0,"#0d0887"],[0.1111111111111111,"#46039f"],[0.2222222222222222,"#7201a8"],[0.3333333333333333,"#9c179e"],[0.4444444444444444,"#bd3786"],[0.5555555555555556,"#d8576b"],[0.6666666666666666,"#ed7953"],[0.7777777777777778,"#fb9f3a"],[0.8888888888888888,"#fdca26"],[1.0,"#f0f921"]],"diverging":[[0,"#8e0152"],[0.1,"#c51b7d"],[0.2,"#de77ae"],[0.3,"#f1b6da"],[0.4,"#fde0ef"],[0.5,"#f7f7f7"],[0.6,"#e6f5d0"],[0.7,"#b8e186"],[0.8,"#7fbc41"],[0.9,"#4d9221"],[1,"#276419"]]},"xaxis":{"gridcolor":"rgba(0, 0, 0, 0)","linecolor":"#506784","ticks":"","title":{"standoff":15},"zerolinecolor":"#283442","automargin":true,"zerolinewidth":2,"tickfont":{"family":"Courier New","size":14},"side":"top","tickangle":-90},"yaxis":{"gridcolor":"rgba(0, 0, 0, 0)","linecolor":"#506784","ticks":"","title":{"standoff":15},"zerolinecolor":"#283442","automargin":true,"zerolinewidth":2,"tickfont":{"family":"Courier New"},"side":"right"},"scene":{"xaxis":{"backgroundcolor":"rgb(17,17,17)","gridcolor":"#506784","linecolor":"#506784","showbackground":true,"ticks":"","zerolinecolor":"#C8D4E3","gridwidth":2},"yaxis":{"backgroundcolor":"rgb(17,17,17)","gridcolor":"#506784","linecolor":"#506784","showbackground":true,"ticks":"","zerolinecolor":"#C8D4E3","gridwidth":2},"zaxis":{"backgroundcolor":"rgb(17,17,17)","gridcolor":"#506784","linecolor":"#506784","showbackground":true,"ticks":"","zerolinecolor":"#C8D4E3","gridwidth":2}},"shapedefaults":{"line":{"color":"#f2f5fa"}},"annotationdefaults":{"arrowcolor":"#f2f5fa","arrowhead":0,"arrowwidth":1},"geo":{"bgcolor":"rgb(17,17,17)","landcolor":"rgb(17,17,17)","subunitcolor":"#506784","showland":true,"showlakes":true,"lakecolor":"rgb(17,17,17)"},"title":{"x":0.05,"font":{"family":"Times New Roman"},"y":0.05,"text":"<b>Correlation of Adj Close<b><br><i>2016-09-23 ~ 2025-09-26<i>"},"updatemenudefaults":{"bgcolor":"#506784","borderwidth":0},"sliderdefaults":{"bgcolor":"#C8D4E3","borderwidth":1,"bordercolor":"rgb(17,17,17)","tickwidth":0},"mapbox":{"style":"dark"},"annotations":[{"text":"<b>@zwindr<b>","textangle":0,"opacity":0.5,"font":{"color":"white","size":12},"xref":"paper","yref":"paper","xanchor":"left","yanchor":"bottom","x":1.0,"y":1.0,"showarrow":false}]},"config":{"responsive":true,"toImageButtonOptions":{"filename":"Correlation of Adj Close_2016-09-23~2025-09-26","scale":5}}};Plotly.newPlot("correlationAdjClose",correlationAdjClose.data,correlationAdjClose.layout||{},correlationAdjClose.config);}else{console.log("style display is none => correlationAdjClose");}