var element=document.getElementById("correlationAdjClose");if(element.style.display!='none'){var correlationAdjClose={"data":[{"type":"heatmap","z":[[1.0,0.9952999014922358,0.9738681205428934,0.9968800688627882,0.9518893166135891,0.9846433447937164,0.9559956964846708,0.9879463263011977,0.9760048961102954,0.9970344013122325,0.9965105466868364,0.9969756576645059,0.9925543194130197,0.9936832948914102,0.9965931790188193,0.985952061472141,0.9997321533010373,0.9876679774006972,0.8963656509154857,0.9165954889500305,0.6745852974441849,0.9844181891477948,0.9374776271256627,0.3460680896045928,-0.2932822427988504,0.899528136530364,0.9250600969864212,0.9618734364818408,0.9746445087570482,0.9642218943371546,0.9800344370260929,0.9691445793040171,0.937685839115939,0.9834082026948797,0.9764337665706729,0.9573190539575329],[0.9952999014922358,1.0,0.9707021892712648,0.9920065843340214,0.9485272207936127,0.9809467984190614,0.9523338022307543,0.9804066091428076,0.9704300976001806,0.993249979335548,0.9950055914365673,0.994571186544836,0.9918611846398152,0.9920031772761844,0.9950625470662693,0.9812470140886699,0.9974793145556832,0.9823865310255149,0.9158350101910707,0.9068378286968201,0.6967183782768428,0.9699418117362993,0.9215007830137999,0.34529097356949306,-0.2264425881797561,0.8789402606134982,0.9201212922960423,0.9612578917560821,0.9561524343940389,0.9525350313353161,0.9717784195763679,0.9559143676210633,0.9368658111145441,0.9744115297227822,0.9682913360170324,0.9524946594661169],[0.9738681205428934,0.9707021892712648,1.0,0.9843398932315475,0.9940855566869168,0.9699199689027508,0.9778229614381674,0.9539196228059345,0.9746611872718343,0.9840752673201882,0.9907266599882864,0.9874612321840979,0.9971199223529609,0.9969178650076328,0.990450186481979,0.967248407945728,0.9842318971607522,0.9532991551558527,0.8505149070015687,0.8161643588419317,0.5372725636720751,0.9924417530344924,0.9360324710799092,0.17309087331740042,-0.21602513212635074,0.8767604481313737,0.9465276237268774,0.9672683998015471,0.9100012908985244,0.9029246082558625,0.9673071741770451,0.9049769034476238,0.8771626148312307,0.9614536330189073,0.9710532068032808,0.9144962650884687],[0.9968800688627882,0.9920065843340214,0.9843398932315475,1.0,0.969867417083638,0.975968772839302,0.9537934452538583,0.9781486102165534,0.9718161486450537,0.9999721973701755,0.9999924938285257,0.9999649817004789,0.9938719815867411,0.9927870636969203,0.9999537140377451,0.9745400551255726,0.9957704078076175,0.977499980665123,0.8774441836816343,0.8966992395647583,0.6337139256773714,0.9940845316850352,0.9423061607850056,0.3113429985057591,-0.28105026337557343,0.8894855364483034,0.9388904883993883,0.9643042850698168,0.960087192664103,0.9562695335855763,0.9821732834595942,0.9546651384124818,0.9198018950762805,0.9797005085337896,0.9745573844094619,0.945614933487269],[0.9518893166135891,0.9485272207936127,0.9940855566869168,0.969867417083638,1.0,0.9396417435630297,0.9553200691183538,0.9235124235166841,0.9502928842250356,0.9699838796251248,0.9794144443506057,0.9754426107672778,0.983109918456107,0.9806388567166364,0.9789277860477877,0.9354932699118884,0.9632043364865273,0.9224980225594397,0.8113387054890747,0.7799963029483751,0.4825368551166329,0.9854714728235773,0.9276512516669247,0.13597279933339648,-0.20284453619715048,0.8381577831678664,0.9544752126199254,0.9481922700635048,0.8735311411435654,0.8738525842568047,0.9522019098877188,0.8689465898265069,0.8337985383884269,0.9390419722593819,0.9492516708352767,0.8791961212306599],[0.9846433447937164,0.9809467984190614,0.9699199689027508,0.975968772839302,0.9396417435630297,1.0,0.983257673752953,0.9829168513684602,0.9836528577087069,0.975464476460503,0.9698811999086063,0.9734542193849844,0.9714868621781254,0.9689554299438643,0.9698866891171757,0.999904734635045,0.9872861845442591,0.9837655975460894,0.901091924981351,0.8725890334597995,0.644357662863258,0.9670398025699306,0.9099309849505445,0.22595060894637986,-0.21851113141412626,0.9323239738166369,0.8971801485869589,0.9661779679142383,0.9591509007538273,0.9363424102881164,0.959899424283407,0.9551128726402004,0.950502658052692,0.9650335706101087,0.9804049005047951,0.9597799593942999],[0.9559956964846708,0.9523338022307543,0.9778229614381674,0.9537934452538583,0.9553200691183538,0.983257673752953,1.0,0.954830229988895,0.9849436067587939,0.9525510467734821,0.9618509337577346,0.9587250222674546,0.9772974163873873,0.9774769615199331,0.9616444156909584,0.9844461316883647,0.9732943413007126,0.9571277592915545,0.8643434437765365,0.7927842596891842,0.5331794892661136,0.9571580277491395,0.9131475190844249,0.08712146172563841,-0.15845978024676657,0.8935896391939735,0.8999002385862983,0.961770010750672,0.903280774189566,0.8748019370484122,0.9427358815073317,0.8979024298457617,0.9007673554824981,0.9399670359083725,0.9711703553358895,0.9165331946972605],[0.9879463263011977,0.9804066091428076,0.9539196228059345,0.9781486102165534,0.9235124235166841,0.9829168513684602,0.954830229988895,1.0,0.9841582201477913,0.9781484293383572,0.97304679841033,0.9769591753540673,0.9649283250148123,0.9636572547268863,0.9732680406380536,0.9847173340415336,0.9854311396552082,0.9998872008872234,0.9282854691876554,0.9305878159856433,0.6145965903657825,0.9642616959145962,0.9027314335017836,0.20220655321938363,-0.3076100329086955,0.9089948933428446,0.8699499021258268,0.9471843834213706,0.9794402648985776,0.958688399994337,0.9679372936058283,0.9670583482782255,0.9379930571650374,0.964837503391549,0.9614869226871485,0.9692046402396036],[0.9760048961102954,0.9704300976001806,0.9746611872718343,0.9718161486450537,0.9502928842250356,0.9836528577087069,0.9849436067587939,0.9841582201477913,1.0,0.9711380470913578,0.9669600325776658,0.9698763518902574,0.9694011491251614,0.9657858604620535,0.96690750824086,0.9827602390208586,0.9754906391805591,0.9835311707687087,0.9024739221724798,0.864790927925192,0.5313925187288596,0.9682850541080011,0.9216467154686566,0.06229536126567897,-0.23078599207441208,0.887047385845544,0.880795474696823,0.966768421637073,0.9384768648180535,0.909094753776095,0.9637689897849236,0.9252920317671346,0.9041704086591866,0.9561309339638122,0.9747888351009246,0.9317738483597816],[0.9970344013122325,0.993249979335548,0.9840752673201882,0.9999721973701755,0.9699838796251248,0.975464476460503,0.9525510467734821,0.9781484293383572,0.9711380470913578,1.0,0.9999911814936823,0.9999834682813846,0.9937831387252707,0.9926813883459075,0.9999579064126495,0.974043493897915,0.9956604975178576,0.977592056202911,0.8791875399140032,0.8979744608805514,0.6301071530471649,0.9942769922270015,0.9422998427995113,0.3162863577073186,-0.28053300641445084,0.8900024085521895,0.9372655463232963,0.9629498084649565,0.9598229577528842,0.9554684986095814,0.9813376794023344,0.9540799475673498,0.9184914728357247,0.9789909904773813,0.9735955414205874,0.9442550626867731],[0.9965105466868364,0.9950055914365673,0.9907266599882864,0.9999924938285257,0.9794144443506057,0.9698811999086063,0.9618509337577346,0.97304679841033,0.9669600325776658,0.9999911814936823,1.0,0.9999751522306153,0.9938979756731251,0.9927890665632958,0.9999603342615618,0.9694650308365617,0.9954531180754354,0.9735476531586754,0.8988670644427631,0.926262183897917,0.4974358946371512,0.9973440061777566,0.9298818162479243,-0.16688734503000924,0.39313034645667655,0.8850149878514567,0.9112779789377191,0.9638597535021378,0.949755766744399,0.9388077637390371,0.9741446699612929,0.9337270522178606,0.8937236107707176,0.9706577141938368,0.981941325436843,0.9401392610898521],[0.9969756576645059,0.994571186544836,0.9874612321840979,0.9999649817004789,0.9754426107672778,0.9734542193849844,0.9587250222674546,0.9769591753540673,0.9698763518902574,0.9999834682813846,0.9999751522306153,1.0,0.9937677835485963,0.9926438355722521,0.9999684207839673,0.9731726240296791,0.9955744998516842,0.9769598043705535,0.8865124039944456,0.9148702350236826,0.566791091135259,0.9963689442124639,0.9398217550179851,0.045706660955747824,-0.18188229851330226,0.9009596991079316,0.9243299694615854,0.9584725064134403,0.9532870221432586,0.9461387453322423,0.9783332860844601,0.9445717471379519,0.9124754368337582,0.9756779036125603,0.9734655523052436,0.9474771230279974],[0.9925543194130197,0.9918611846398152,0.9971199223529609,0.9938719815867411,0.983109918456107,0.9714868621781254,0.9772974163873873,0.9649283250148123,0.9694011491251614,0.9937831387252707,0.9938979756731251,0.9937677835485963,1.0,0.9997919499681568,0.9938381619106909,0.9709335293969089,0.9926878298490126,0.965277164775128,0.8850247348429261,0.9133849892357977,0.41472791217594884,0.9905308682335606,0.9270541911775424,-0.42605930325106905,0.4096451196542825,0.8636868073325137,0.9145102465976734,0.9638837926721026,0.9297456712142279,0.9074820188997632,0.9603408832937136,0.9096436870057809,0.8582577370360363,0.966689936938214,0.9779344033085506,0.931831060421764],[0.9936832948914102,0.9920031772761844,0.9969178650076328,0.9927870636969203,0.9806388567166364,0.9689554299438643,0.9774769615199331,0.9636572547268863,0.9657858604620535,0.9926813883459075,0.9927890665632958,0.9926438355722521,0.9997919499681568,1.0,0.99284522131649,0.9682714365039635,0.9936220513086469,0.9641323391036027,0.8688984287892927,0.9235584960952984,0.2691934602909332,0.9873099865394864,0.9214842158882162,-0.7539101684710268,0.3807294753961095,0.8309949334803283,0.9132203913413529,0.9591697247523912,0.9229492741936284,0.8978738800198367,0.9549479109280915,0.9111804309697179,0.8358419378254018,0.9667695832535476,0.976299333121256,0.9274719325533163],[0.9965931790188193,0.9950625470662693,0.990450186481979,0.9999537140377451,0.9789277860477877,0.9698866891171757,0.9616444156909584,0.9732680406380536,0.96690750824086,0.9999579064126495,0.9999603342615618,0.9999684207839673,0.9938381619106909,0.99284522131649,1.0,0.9695385885898303,0.9955315629931075,0.9736668407739459,0.8992085211539669,0.9267547509424993,0.49749900841244105,0.9971598421765703,0.9300205398219091,-0.16485427480117085,0.39600754759108675,0.8853332930795846,0.9103434811553401,0.9634092914861113,0.9499275279214456,0.9391471439951374,0.9741512361675665,0.9342316354546477,0.8940932398115501,0.9705829247972424,0.9819558042634298,0.9407839667528918],[0.985952061472141,0.9812470140886699,0.967248407945728,0.9745400551255726,0.9354932699118884,0.999904734635045,0.9844461316883647,0.9847173340415336,0.9827602390208586,0.974043493897915,0.9694650308365617,0.9731726240296791,0.9709335293969089,0.9682714365039635,0.9695385885898303,1.0,0.9872392726970152,0.9840073569195954,0.9040662995719858,0.896466189231535,0.6298652571627009,0.9643951172082038,0.9045542552664086,0.07795432995766069,-0.19453575785372734,0.9391798361120374,0.8851920031587488,0.9634548924385222,0.9625265883771523,0.9338496932234056,0.9565523416015757,0.9563984392506727,0.9493287719148535,0.9669750564598019,0.9795776311061201,0.9637814455304079],[0.9997321533010373,0.9974793145556832,0.9842318971607522,0.9957704078076175,0.9632043364865273,0.9872861845442591,0.9732943413007126,0.9854311396552082,0.9754906391805591,0.9956604975178576,0.9954531180754354,0.9955744998516842,0.9926878298490126,0.9936220513086469,0.9955315629931075,0.9872392726970152,1.0,0.9858623541126719,0.9199533972778848,0.9376122534529326,0.5587230109918385,0.9882600825185116,0.9213420345866623,-0.10627986911133527,0.4225591882887649,0.9156314371736911,0.89851747973025,0.9675142265622113,0.9682394136160619,0.9487984832949209,0.972133187958531,0.9538113714563586,0.9263365416151215,0.9771637839390994,0.9876394655355514,0.9635678370443604],[0.9876679774006972,0.9823865310255149,0.9532991551558527,0.977499980665123,0.9224980225594397,0.9837655975460894,0.9571277592915545,0.9998872008872234,0.9835311707687087,0.977592056202911,0.9735476531586754,0.9769598043705535,0.965277164775128,0.9641323391036027,0.9736668407739459,0.9840073569195954,0.9858623541126719,1.0,0.9311784600238583,0.9367595334546887,0.6114666669054409,0.9625538529883955,0.906288159821528,0.16535508725049372,-0.28692890905385304,0.9137366882238881,0.8649574822427266,0.9471300828105403,0.9799404690153074,0.95816750693211,0.966258516956474,0.9658368593718489,0.9376640561353171,0.9640264741436891,0.9595333067293437,0.9702817847718385],[0.8963656509154857,0.9158350101910707,0.8505149070015687,0.8774441836816343,0.8113387054890747,0.901091924981351,0.8643434437765365,0.9282854691876554,0.9024739221724798,0.8791875399140032,0.8988670644427631,0.8865124039944456,0.8850247348429261,0.8688984287892927,0.8992085211539669,0.9040662995719858,0.9199533972778848,0.9311784600238583,1.0,0.8320465632398449,0.6878340686824642,0.8482785367477306,0.806097718526369,0.2493624759079352,-0.16366369337731168,0.8606011143271546,0.7380081275870801,0.8575975908819526,0.8945537726208221,0.8617488185996995,0.8531015578008229,0.87416049498536,0.8605722454252362,0.8558329674919464,0.8732832588054488,0.896826896891732],[0.9165954889500305,0.9068378286968201,0.8161643588419317,0.8966992395647583,0.7799963029483751,0.8725890334597995,0.7927842596891842,0.9305878159856433,0.864790927925192,0.8979744608805514,0.926262183897917,0.9148702350236826,0.9133849892357977,0.9235584960952984,0.9267547509424993,0.896466189231535,0.9376122534529326,0.9367595334546887,0.8320465632398449,1.0,0.8204269458562501,0.8461073137833802,0.8658536805726128,0.6242724645477968,-0.521207568450875,0.722737676049973,0.813361511740168,0.8166344154723557,0.9602010697934694,0.9388862137111182,0.8954226726643029,0.9479710653568985,0.9026805469611702,0.8998963718583151,0.8508502120411542,0.8879104784498778],[0.6745852974441849,0.6967183782768428,0.5372725636720751,0.6337139256773714,0.4825368551166329,0.644357662863258,0.5331794892661136,0.6145965903657825,0.5313925187288596,0.6301071530471649,0.4974358946371512,0.566791091135259,0.41472791217594884,0.2691934602909332,0.49749900841244105,0.6298652571627009,0.5587230109918385,0.6114666669054409,0.6878340686824642,0.8204269458562501,1.0,0.5649819714652685,0.6747860371662574,0.7237281870982679,-0.11598671875571921,0.5317223057941103,0.5649702219644575,0.5978438370552153,0.7649474821554046,0.693170287029698,0.6045237836105024,0.7284351787921368,0.7479227987433045,0.6487115150561413,0.6154760075534688,0.6693829134311869],[0.9844181891477948,0.9699418117362993,0.9924417530344924,0.9940845316850352,0.9854714728235773,0.9670398025699306,0.9571580277491395,0.9642616959145962,0.9682850541080011,0.9942769922270015,0.9973440061777566,0.9963689442124639,0.9905308682335606,0.9873099865394864,0.9971598421765703,0.9643951172082038,0.9882600825185116,0.9625538529883955,0.8482785367477306,0.8461073137833802,0.5649819714652685,1.0,0.9212124709797169,0.2386086223425551,-0.2707007929375903,0.8707941232162898,0.9454539641576718,0.9665090960017353,0.9252763997851372,0.9350976724225648,0.9740760786013757,0.9290575295456521,0.8897806650370645,0.9679851803365725,0.9604071302920447,0.9245004869795518],[0.9374776271256627,0.9215007830137999,0.9360324710799092,0.9423061607850056,0.9276512516669247,0.9099309849505445,0.9131475190844249,0.9027314335017836,0.9216467154686566,0.9422998427995113,0.9298818162479243,0.9398217550179851,0.9270541911775424,0.9214842158882162,0.9300205398219091,0.9045542552664086,0.9213420345866623,0.906288159821528,0.806097718526369,0.8658536805726128,0.6747860371662574,0.9212124709797169,1.0,0.27968800856666326,-0.18710581121327638,0.7247768441713053,0.9123359402184251,0.9037830307738801,0.8983351222628091,0.8616925429230056,0.9392053762000092,0.8739210724116827,0.8406833126216542,0.9336146547227991,0.8919601840921136,0.8634622385335606],[0.3460680896045928,0.34529097356949306,0.17309087331740042,0.3113429985057591,0.13597279933339648,0.22595060894637986,0.08712146172563841,0.20220655321938363,0.06229536126567897,0.3162863577073186,-0.16688734503000924,0.045706660955747824,-0.42605930325106905,-0.7539101684710268,-0.16485427480117085,0.07795432995766069,-0.10627986911133527,0.16535508725049372,0.2493624759079352,0.6242724645477968,0.7237281870982679,0.2386086223425551,0.27968800856666326,1.0,-0.3793923983046519,0.2541271684115452,0.21698422989613972,0.1608941057235768,0.4499014381739273,0.4409582489222358,0.28213610302283626,0.46407283285693873,0.39438891525389835,0.3128959831524353,0.235209787811482,0.35517814587018826],[-0.2932822427988504,-0.2264425881797561,-0.21602513212635074,-0.28105026337557343,-0.20284453619715048,-0.21851113141412626,-0.15845978024676657,-0.3076100329086955,-0.23078599207441208,-0.28053300641445084,0.39313034645667655,-0.18188229851330226,0.4096451196542825,0.3807294753961095,0.39600754759108675,-0.19453575785372734,0.4225591882887649,-0.28692890905385304,-0.16366369337731168,-0.521207568450875,-0.11598671875571921,-0.2707007929375903,-0.18710581121327638,-0.3793923983046519,1.0,-0.15736686942001968,-0.2562772510838042,-0.18257366431822114,-0.38417004554321305,-0.37263660906621004,-0.310264913688519,-0.34251917768993734,-0.21037873674524102,-0.3380301376940734,-0.18286543160005325,-0.31360545097603476],[0.899528136530364,0.8789402606134982,0.8767604481313737,0.8894855364483034,0.8381577831678664,0.9323239738166369,0.8935896391939735,0.9089948933428446,0.887047385845544,0.8900024085521895,0.8850149878514567,0.9009596991079316,0.8636868073325137,0.8309949334803283,0.8853332930795846,0.9391798361120374,0.9156314371736911,0.9137366882238881,0.8606011143271546,0.722737676049973,0.5317223057941103,0.8707941232162898,0.7247768441713053,0.2541271684115452,-0.15736686942001968,1.0,0.7652719642622442,0.8893333113185367,0.8270498589744959,0.8697280971790887,0.8333898552181979,0.8771594808416496,0.871818573355938,0.8643240391600847,0.8711913545628195,0.9025117359058843],[0.9250600969864212,0.9201212922960423,0.9465276237268774,0.9388904883993883,0.9544752126199254,0.8971801485869589,0.8999002385862983,0.8699499021258268,0.880795474696823,0.9372655463232963,0.9112779789377191,0.9243299694615854,0.9145102465976734,0.9132203913413529,0.9103434811553401,0.8851920031587488,0.89851747973025,0.8649574822427266,0.7380081275870801,0.813361511740168,0.5649702219644575,0.9454539641576718,0.9123359402184251,0.21698422989613972,-0.2562772510838042,0.7652719642622442,1.0,0.8873704734753785,0.8683622918766823,0.8611320277053718,0.9162393920094916,0.8573805147022073,0.8181564995041055,0.9114574765739962,0.8986160027682224,0.8561465175208849],[0.9618734364818408,0.9612578917560821,0.9672683998015471,0.9643042850698168,0.9481922700635048,0.9661779679142383,0.961770010750672,0.9471843834213706,0.966768421637073,0.9629498084649565,0.9638597535021378,0.9584725064134403,0.9638837926721026,0.9591697247523912,0.9634092914861113,0.9634548924385222,0.9675142265622113,0.9471300828105403,0.8575975908819526,0.8166344154723557,0.5978438370552153,0.9665090960017353,0.9037830307738801,0.1608941057235768,-0.18257366431822114,0.8893333113185367,0.8873704734753785,1.0,0.91312108841053,0.8984535767979471,0.9476563964083391,0.8982194141517152,0.8891565797042817,0.9534709754050157,0.97469816681125,0.8988439003992839],[0.9746445087570482,0.9561524343940389,0.9100012908985244,0.960087192664103,0.8735311411435654,0.9591509007538273,0.903280774189566,0.9794402648985776,0.9384768648180535,0.9598229577528842,0.949755766744399,0.9532870221432586,0.9297456712142279,0.9229492741936284,0.9499275279214456,0.9625265883771523,0.9682394136160619,0.9799404690153074,0.8945537726208221,0.9602010697934694,0.7649474821554046,0.9252763997851372,0.8983351222628091,0.4499014381739273,-0.38417004554321305,0.8270498589744959,0.8683622918766823,0.91312108841053,1.0,0.9867770744284357,0.9584341419924172,0.990853402784781,0.9544488942025285,0.9591388096041792,0.9157964048728012,0.9688259308995268],[0.9642218943371546,0.9525350313353161,0.9029246082558625,0.9562695335855763,0.8738525842568047,0.9363424102881164,0.8748019370484122,0.958688399994337,0.909094753776095,0.9554684986095814,0.9388077637390371,0.9461387453322423,0.9074820188997632,0.8978738800198367,0.9391471439951374,0.9338496932234056,0.9487984832949209,0.95816750693211,0.8617488185996995,0.9388862137111182,0.693170287029698,0.9350976724225648,0.8616925429230056,0.4409582489222358,-0.37263660906621004,0.8697280971790887,0.8611320277053718,0.8984535767979471,0.9867770744284357,1.0,0.9502166679960953,0.9848344892041244,0.9566033372867037,0.9418632269950242,0.925775676080372,0.9651038269930496],[0.9800344370260929,0.9717784195763679,0.9673071741770451,0.9821732834595942,0.9522019098877188,0.959899424283407,0.9427358815073317,0.9679372936058283,0.9637689897849236,0.9813376794023344,0.9741446699612929,0.9783332860844601,0.9603408832937136,0.9549479109280915,0.9741512361675665,0.9565523416015757,0.972133187958531,0.966258516956474,0.8531015578008229,0.8954226726643029,0.6045237836105024,0.9740760786013757,0.9392053762000092,0.28213610302283626,-0.310264913688519,0.8333898552181979,0.9162393920094916,0.9476563964083391,0.9584341419924172,0.9502166679960953,1.0,0.949976075997458,0.908912484759196,0.9789859364597991,0.9654162442293759,0.9449155746133614],[0.9691445793040171,0.9559143676210633,0.9049769034476238,0.9546651384124818,0.8689465898265069,0.9551128726402004,0.8979024298457617,0.9670583482782255,0.9252920317671346,0.9540799475673498,0.9337270522178606,0.9445717471379519,0.9096436870057809,0.9111804309697179,0.9342316354546477,0.9563984392506727,0.9538113714563586,0.9658368593718489,0.87416049498536,0.9479710653568985,0.7284351787921368,0.9290575295456521,0.8739210724116827,0.46407283285693873,-0.34251917768993734,0.8771594808416496,0.8573805147022073,0.8982194141517152,0.990853402784781,0.9848344892041244,0.949976075997458,1.0,0.9743397096605112,0.9470871845662523,0.9386315248413102,0.9654702176979288],[0.937685839115939,0.9368658111145441,0.8771626148312307,0.9198018950762805,0.8337985383884269,0.950502658052692,0.9007673554824981,0.9379930571650374,0.9041704086591866,0.9184914728357247,0.8937236107707176,0.9124754368337582,0.8582577370360363,0.8358419378254018,0.8940932398115501,0.9493287719148535,0.9263365416151215,0.9376640561353171,0.8605722454252362,0.9026805469611702,0.7479227987433045,0.8897806650370645,0.8406833126216542,0.39438891525389835,-0.21037873674524102,0.871818573355938,0.8181564995041055,0.8891565797042817,0.9544488942025285,0.9566033372867037,0.908912484759196,0.9743397096605112,1.0,0.9068948814270489,0.9263197343427956,0.9538885099871401],[0.9834082026948797,0.9744115297227822,0.9614536330189073,0.9797005085337896,0.9390419722593819,0.9650335706101087,0.9399670359083725,0.964837503391549,0.9561309339638122,0.9789909904773813,0.9706577141938368,0.9756779036125603,0.966689936938214,0.9667695832535476,0.9705829247972424,0.9669750564598019,0.9771637839390994,0.9640264741436891,0.8558329674919464,0.8998963718583151,0.6487115150561413,0.9679851803365725,0.9336146547227991,0.3128959831524353,-0.3380301376940734,0.8643240391600847,0.9114574765739962,0.9534709754050157,0.9591388096041792,0.9418632269950242,0.9789859364597991,0.9470871845662523,0.9068948814270489,1.0,0.9618751437219135,0.946836661156417],[0.9764337665706729,0.9682913360170324,0.9710532068032808,0.9745573844094619,0.9492516708352767,0.9804049005047951,0.9711703553358895,0.9614869226871485,0.9747888351009246,0.9735955414205874,0.981941325436843,0.9734655523052436,0.9779344033085506,0.976299333121256,0.9819558042634298,0.9795776311061201,0.9876394655355514,0.9595333067293437,0.8732832588054488,0.8508502120411542,0.6154760075534688,0.9604071302920447,0.8919601840921136,0.235209787811482,-0.18286543160005325,0.8711913545628195,0.8986160027682224,0.97469816681125,0.9157964048728012,0.925775676080372,0.9654162442293759,0.9386315248413102,0.9263197343427956,0.9618751437219135,1.0,0.9262678783453878],[0.9573190539575329,0.9524946594661169,0.9144962650884687,0.945614933487269,0.8791961212306599,0.9597799593942999,0.9165331946972605,0.9692046402396036,0.9317738483597816,0.9442550626867731,0.9401392610898521,0.9474771230279974,0.931831060421764,0.9274719325533163,0.9407839667528918,0.9637814455304079,0.9635678370443604,0.9702817847718385,0.896826896891732,0.8879104784498778,0.6693829134311869,0.9245004869795518,0.8634622385335606,0.35517814587018826,-0.31360545097603476,0.9025117359058843,0.8561465175208849,0.8988439003992839,0.9688259308995268,0.9651038269930496,0.9449155746133614,0.9654702176979288,0.9538885099871401,0.946836661156417,0.9262678783453878,1.0]],"x":["^TAIEX       \u81fa\u7063\u52a0\u6b0a\u5831\u916c\u6307\u6578","^TWII        \u81fa\u7063\u52a0\u6b0a\u6307\u6578","^TAIEXx2     \u81fa\u7063\u52a0\u6b0a\u5831\u916c\u6307\u6578_\u65e5\u6b632","^TAI50I      \u81fa\u706350\u5831\u916c\u6307\u6578","^TAI50Ix2    \u81fa\u706350\u5831\u916c\u6307\u6578_\u65e5\u6b632","^TAI100I     \u81fa\u7063\u4e2d\u578b100\u5831\u916c\u6307\u6578","^TAI100Ix2   \u81fa\u7063\u4e2d\u578b100\u5831\u916c\u6307\u6578_\u65e5\u6b632","^TAIDIVIDI   \u81fa\u7063\u9ad8\u80a1\u606f\u5831\u916c\u6307\u6578","^TAIDIVIDIx2 \u81fa\u7063\u9ad8\u80a1\u606f\u5831\u916c\u6307\u6578_\u65e5\u6b632","0050Fund     \u5143\u5927\u53f0\u7063\u5353\u8d8a50\u57fa\u91d1","006208Fund   \u5bcc\u90a6\u53f0\u7063\u91c6\u540950\u57fa\u91d1","0050         \u5143\u5927\u81fa\u706350","00631L       \u5143\u5927\u53f0\u706350\u6b632","00675L       \u5bcc\u90a6\u81fa\u7063\u52a0\u6b0a\u6b632","006208       \u5bcc\u90a6\u53f050","0051         \u5143\u5927\u4e2d\u578b100","006204       \u6c38\u8c50\u81fa\u7063\u52a0\u6b0a","0056         \u5143\u5927\u9ad8\u80a1\u606f","0056         \u5143\u5927\u9ad8\u80a1\u606f_\u80a1\u606f\u4e0d\u6295\u5165","2412         \u4e2d\u83ef\u96fb\u4fe1","2002         \u4e2d\u92fc","2330         \u53f0\u7a4d\u96fb","2317         \u9d3b\u6d77","6505         \u53f0\u5851\u77f3\u5316","3481         \u7fa4\u5275","2303         \u806f\u96fb","2308         \u53f0\u9054\u96fb","2454         \u806f\u767c\u79d1","2886         \u5146\u8c50\u91d1","2884         \u7389\u5c71\u91d1","2891         \u4e2d\u4fe1\u91d1","2892         \u7b2c\u4e00\u91d1","5880         \u5408\u5eab\u91d1","2881         \u5bcc\u90a6\u91d1","2885         \u5143\u5927\u91d1","2887         \u53f0\u65b0\u91d1"],"y":["^TAIEX       \u81fa\u7063\u52a0\u6b0a\u5831\u916c\u6307\u6578","^TWII        \u81fa\u7063\u52a0\u6b0a\u6307\u6578","^TAIEXx2     \u81fa\u7063\u52a0\u6b0a\u5831\u916c\u6307\u6578_\u65e5\u6b632","^TAI50I      \u81fa\u706350\u5831\u916c\u6307\u6578","^TAI50Ix2    \u81fa\u706350\u5831\u916c\u6307\u6578_\u65e5\u6b632","^TAI100I     \u81fa\u7063\u4e2d\u578b100\u5831\u916c\u6307\u6578","^TAI100Ix2   \u81fa\u7063\u4e2d\u578b100\u5831\u916c\u6307\u6578_\u65e5\u6b632","^TAIDIVIDI   \u81fa\u7063\u9ad8\u80a1\u606f\u5831\u916c\u6307\u6578","^TAIDIVIDIx2 \u81fa\u7063\u9ad8\u80a1\u606f\u5831\u916c\u6307\u6578_\u65e5\u6b632","0050Fund     \u5143\u5927\u53f0\u7063\u5353\u8d8a50\u57fa\u91d1","006208Fund   \u5bcc\u90a6\u53f0\u7063\u91c6\u540950\u57fa\u91d1","0050         \u5143\u5927\u81fa\u706350","00631L       \u5143\u5927\u53f0\u706350\u6b632","00675L       \u5bcc\u90a6\u81fa\u7063\u52a0\u6b0a\u6b632","006208       \u5bcc\u90a6\u53f050","0051         \u5143\u5927\u4e2d\u578b100","006204       \u6c38\u8c50\u81fa\u7063\u52a0\u6b0a","0056         \u5143\u5927\u9ad8\u80a1\u606f","0056         \u5143\u5927\u9ad8\u80a1\u606f_\u80a1\u606f\u4e0d\u6295\u5165","2412         \u4e2d\u83ef\u96fb\u4fe1","2002         \u4e2d\u92fc","2330         \u53f0\u7a4d\u96fb","2317         \u9d3b\u6d77","6505         \u53f0\u5851\u77f3\u5316","3481         \u7fa4\u5275","2303         \u806f\u96fb","2308         \u53f0\u9054\u96fb","2454         \u806f\u767c\u79d1","2886         \u5146\u8c50\u91d1","2884         \u7389\u5c71\u91d1","2891         \u4e2d\u4fe1\u91d1","2892         \u7b2c\u4e00\u91d1","5880         \u5408\u5eab\u91d1","2881         \u5bcc\u90a6\u91d1","2885         \u5143\u5927\u91d1","2887         \u53f0\u65b0\u91d1"],"zmin":-1,"zmax":1,"colorbar":{"x":-0.2}}],"layout":{"autotypenumbers":"strict","colorway":["#636efa","#EF553B","#00cc96","#ab63fa","#FFA15A","#19d3f3","#FF6692","#B6E880","#FF97FF","#FECB52"],"font":{"color":"#f2f5fa","family":"Courier New"},"hovermode":"closest","hoverlabel":{"align":"left"},"paper_bgcolor":"rgb(17,17,17)","plot_bgcolor":"rgb(17,17,17)","polar":{"bgcolor":"rgb(17,17,17)","angularaxis":{"gridcolor":"#506784","linecolor":"#506784","ticks":""},"radialaxis":{"gridcolor":"#506784","linecolor":"#506784","ticks":""}},"ternary":{"bgcolor":"rgb(17,17,17)","aaxis":{"gridcolor":"#506784","linecolor":"#506784","ticks":""},"baxis":{"gridcolor":"#506784","linecolor":"#506784","ticks":""},"caxis":{"gridcolor":"#506784","linecolor":"#506784","ticks":""}},"coloraxis":{"colorbar":{"outlinewidth":0,"ticks":""}},"colorscale":{"sequential":[[0.0,"#0d0887"],[0.1111111111111111,"#46039f"],[0.2222222222222222,"#7201a8"],[0.3333333333333333,"#9c179e"],[0.4444444444444444,"#bd3786"],[0.5555555555555556,"#d8576b"],[0.6666666666666666,"#ed7953"],[0.7777777777777778,"#fb9f3a"],[0.8888888888888888,"#fdca26"],[1.0,"#f0f921"]],"sequentialminus":[[0.0,"#0d0887"],[0.1111111111111111,"#46039f"],[0.2222222222222222,"#7201a8"],[0.3333333333333333,"#9c179e"],[0.4444444444444444,"#bd3786"],[0.5555555555555556,"#d8576b"],[0.6666666666666666,"#ed7953"],[0.7777777777777778,"#fb9f3a"],[0.8888888888888888,"#fdca26"],[1.0,"#f0f921"]],"diverging":[[0,"#8e0152"],[0.1,"#c51b7d"],[0.2,"#de77ae"],[0.3,"#f1b6da"],[0.4,"#fde0ef"],[0.5,"#f7f7f7"],[0.6,"#e6f5d0"],[0.7,"#b8e186"],[0.8,"#7fbc41"],[0.9,"#4d9221"],[1,"#276419"]]},"xaxis":{"gridcolor":"rgba(0, 0, 0, 0)","linecolor":"#506784","ticks":"","title":{"standoff":15},"zerolinecolor":"#283442","automargin":true,"zerolinewidth":2,"tickfont":{"family":"Courier New","size":14},"side":"top","tickangle":-90},"yaxis":{"gridcolor":"rgba(0, 0, 0, 0)","linecolor":"#506784","ticks":"","title":{"standoff":15},"zerolinecolor":"#283442","automargin":true,"zerolinewidth":2,"tickfont":{"family":"Courier New"},"side":"right"},"scene":{"xaxis":{"backgroundcolor":"rgb(17,17,17)","gridcolor":"#506784","linecolor":"#506784","showbackground":true,"ticks":"","zerolinecolor":"#C8D4E3","gridwidth":2},"yaxis":{"backgroundcolor":"rgb(17,17,17)","gridcolor":"#506784","linecolor":"#506784","showbackground":true,"ticks":"","zerolinecolor":"#C8D4E3","gridwidth":2},"zaxis":{"backgroundcolor":"rgb(17,17,17)","gridcolor":"#506784","linecolor":"#506784","showbackground":true,"ticks":"","zerolinecolor":"#C8D4E3","gridwidth":2}},"shapedefaults":{"line":{"color":"#f2f5fa"}},"annotationdefaults":{"arrowcolor":"#f2f5fa","arrowhead":0,"arrowwidth":1},"geo":{"bgcolor":"rgb(17,17,17)","landcolor":"rgb(17,17,17)","subunitcolor":"#506784","showland":true,"showlakes":true,"lakecolor":"rgb(17,17,17)"},"title":{"x":0.05,"font":{"family":"Times New Roman"},"y":0.05,"text":"<b>Correlation of Adj Close<b><br><i>2016-09-23 ~ 2026-01-15<i>"},"updatemenudefaults":{"bgcolor":"#506784","borderwidth":0},"sliderdefaults":{"bgcolor":"#C8D4E3","borderwidth":1,"bordercolor":"rgb(17,17,17)","tickwidth":0},"mapbox":{"style":"dark"},"annotations":[{"text":"<b>@zwindr<b>","textangle":0,"opacity":0.5,"font":{"color":"white","size":12},"xref":"paper","yref":"paper","xanchor":"left","yanchor":"bottom","x":1.0,"y":1.0,"showarrow":false}]},"config":{"responsive":true,"toImageButtonOptions":{"filename":"Correlation of Adj Close_2016-09-23~2026-01-15","scale":5}}};Plotly.newPlot("correlationAdjClose",correlationAdjClose.data,correlationAdjClose.layout||{},correlationAdjClose.config);}else{console.log("style display is none => correlationAdjClose");}