var correlationClose = {"data": [{"type": "heatmap", "z": [[1.0, 0.9999999999999983, 1.0, 0.9955965453222471, 0.9955965453222471, 0.9610327135505911, 0.9610327135505911, 0.8961731111652649, 0.8961731111652649, 0.9307122789096672, 0.9951118479650236, 0.944358668805389, 0.9925627339331787, 0.9921335788551288, 0.9950499230565474, 0.9715258097038914, 0.9988796505573484, 0.9269227338980095, 0.7827913430827724, -0.07849418781610486, 0.9766672805105387, 0.05969032186606603, -0.0014242720638720898, -0.2516071928640362, 0.824498433476524, 0.9511922588526022, 0.9039821227139757, 0.9273434710803525, 0.7675615238008859, 0.47573806496185184, 0.6095744239586407, 0.6386766736417677, 0.928046776658501, 0.8103652336616057, 0.16910618938881788], [0.9999999999999983, 1.0, 0.9999999999999984, 0.9955435920954087, 0.9955435920954087, 0.9603855765222528, 0.9603855765222528, 0.8974563977301636, 0.8974563977301636, 0.9310795030621706, 0.9950845998981034, 0.9449035473843076, 0.9922963186363893, 0.9915414373812084, 0.9950187516541595, 0.9707560096091132, 0.998881823639861, 0.9275021493942908, 0.8034547601239885, 0.12893331013302656, 0.9675802548240746, -0.10240313774886912, 0.007187532306326729, -0.25185296146906083, 0.6483081355477268, 0.9512605803450696, 0.8756756392166242, 0.9218531604663858, 0.7806792585393902, 0.46635118361277783, 0.606115302961666, 0.6695315476771431, 0.9250263317062694, 0.6721585892858766, 0.16525674446701819], [1.0, 0.9999999999999984, 1.0, 0.9955965453222471, 0.9955965453222471, 0.9610327135505911, 0.9610327135505911, 0.8961731111652649, 0.8961731111652649, 0.9307122789096672, 0.9951118479650236, 0.944358668805389, 0.9925627339331787, 0.9921335788551288, 0.9950499230565474, 0.9715258097038914, 0.9988796505573484, 0.9269227338980095, 0.7827913430827724, -0.07849418781610486, 0.9766672805105387, 0.05969032186606603, -0.0014242720638720898, -0.2516071928640362, 0.824498433476524, 0.9511922588526022, 0.9039821227139757, 0.9273434710803525, 0.7675615238008859, 0.47573806496185184, 0.6095744239586407, 0.6386766736417677, 0.928046776658501, 0.8103652336616057, 0.16910618938881788], [0.9955965453222471, 0.9955435920954087, 0.9955965453222471, 1.0, 1.0, 0.9479506502959979, 0.9479506502959979, 0.882131114248003, 0.882131114248003, 0.9246809429631552, 0.9994608390365421, 0.9401528840773843, 0.9881006939173328, 0.983827898906899, 0.9993959058668608, 0.9539626712977991, 0.9947248910320725, 0.9084230891109321, 0.7623530152116178, -0.08407262490070289, 0.9885428586309642, 0.07932497969895255, -0.03217185352591032, -0.25525613377468104, 0.8251201008682638, 0.9425362368295997, 0.9091864619235532, 0.9169366954827728, 0.7793722677476559, 0.502045735026286, 0.6039430311386379, 0.6129821014143237, 0.9215777789072204, 0.8002097134835306, 0.18162624897888596], [0.9955965453222471, 0.9955435920954087, 0.9955965453222471, 1.0, 1.0, 0.9479506502959979, 0.9479506502959979, 0.882131114248003, 0.882131114248003, 0.9246809429631552, 0.9994608390365421, 0.9401528840773843, 0.9881006939173328, 0.983827898906899, 0.9993959058668608, 0.9539626712977991, 0.9947248910320725, 0.9084230891109321, 0.7623530152116178, -0.08407262490070289, 0.9885428586309642, 0.07932497969895255, -0.03217185352591032, -0.25525613377468104, 0.8251201008682638, 0.9425362368295997, 0.9091864619235532, 0.9169366954827728, 0.7793722677476559, 0.502045735026286, 0.6039430311386379, 0.6129821014143237, 0.9215777789072204, 0.8002097134835306, 0.18162624897888596], [0.9610327135505911, 0.9603855765222528, 0.9610327135505911, 0.9479506502959979, 0.9479506502959979, 1.0, 1.0, 0.9231620871088208, 0.9231620871088208, 0.8992362229259768, 0.9515633928311026, 0.9089142958581164, 0.9765514592543909, 0.9753382666594475, 0.9511718720184564, 0.9989742250917982, 0.9719734414153629, 0.9196717507318388, 0.6247484483269289, -0.021725113843472327, 0.9323477857861435, 0.24299237820089534, -0.2071481342058149, -0.10571658815537127, 0.8956571452322374, 0.9109267269256104, 0.9241402549285404, 0.8945817731570533, 0.7256654102838856, 0.703735349179734, 0.7227865474641213, 0.7144144782925758, 0.8452081305494396, 0.8452264993018191, 0.4612619233250741], [0.9610327135505911, 0.9603855765222528, 0.9610327135505911, 0.9479506502959979, 0.9479506502959979, 1.0, 1.0, 0.9231620871088208, 0.9231620871088208, 0.8992362229259768, 0.9515633928311026, 0.9089142958581164, 0.9765514592543909, 0.9753382666594475, 0.9511718720184564, 0.9989742250917982, 0.9719734414153629, 0.9196717507318388, 0.6247484483269289, -0.021725113843472327, 0.9323477857861435, 0.24299237820089534, -0.2071481342058149, -0.10571658815537127, 0.8956571452322374, 0.9109267269256104, 0.9241402549285404, 0.8945817731570533, 0.7256654102838856, 0.703735349179734, 0.7227865474641213, 0.7144144782925758, 0.8452081305494396, 0.8452264993018191, 0.4612619233250741], [0.8961731111652649, 0.8974563977301636, 0.8961731111652649, 0.882131114248003, 0.882131114248003, 0.9231620871088208, 0.9231620871088208, 1.0, 1.0, 0.8785109106786899, 0.9383586552602223, 0.8713016521766545, 0.9472549464703818, 0.9423606465617094, 0.937962790051634, 0.9239651464372945, 0.9399035715309579, 0.9729181808096834, 0.5593524054694796, 0.09907205381946609, 0.8388720981358906, 0.4963082606844695, -0.23160737720790076, 0.036344080714988646, 0.7847176530016386, 0.8031522919171147, 0.8604812356754482, 0.8404797270023312, 0.7389551015356539, 0.8684077964595773, 0.7667686564988042, 0.7184246844115422, 0.7698175682103143, 0.832878035045423, 0.8004004705322176], [0.8961731111652649, 0.8974563977301636, 0.8961731111652649, 0.882131114248003, 0.882131114248003, 0.9231620871088208, 0.9231620871088208, 1.0, 1.0, 0.8785109106786899, 0.9383586552602223, 0.8713016521766545, 0.9472549464703818, 0.9423606465617094, 0.937962790051634, 0.9239651464372945, 0.9399035715309579, 0.9729181808096834, 0.5593524054694796, 0.09907205381946609, 0.8388720981358906, 0.4963082606844695, -0.23160737720790076, 0.036344080714988646, 0.7847176530016386, 0.8031522919171147, 0.8604812356754482, 0.8404797270023312, 0.7389551015356539, 0.8684077964595773, 0.7667686564988042, 0.7184246844115422, 0.7698175682103143, 0.832878035045423, 0.8004004705322176], [0.9307122789096672, 0.9310795030621706, 0.9307122789096672, 0.9246809429631552, 0.9246809429631552, 0.8992362229259768, 0.8992362229259768, 0.8785109106786899, 0.8785109106786899, 1.0, 0.9210515948947298, 0.9999756659232676, 0.9047861036076745, 0.8771444299803086, 0.9220534376480997, 0.9011112060939142, 0.9283107646092631, 0.896881072116766, 0.7782889316189542, 0.2318746555212891, 0.9119522395930271, 0.7723160181007006, -0.31252302996114495, 0.39663765268057605, 0.8565982207769486, 0.8270965967944938, 0.8765293922434797, 0.857430050078841, 0.7492372466657863, 0.7656941527188404, 0.8196879480489138, 0.7948951096551847, 0.836654286185523, 0.8806624550846018, 0.7741286618159295], [0.9951118479650236, 0.9950845998981034, 0.9951118479650236, 0.9994608390365421, 0.9994608390365421, 0.9515633928311026, 0.9515633928311026, 0.9383586552602223, 0.9383586552602223, 0.9210515948947298, 1.0, 0.920875502662391, 0.9878551558474512, 0.9841717088288747, 0.9999132573156976, 0.9519849900090896, 0.9938338140832145, 0.9269442599495168, 0.8410061187009604, 0.16652806532824546, 0.9955322498037344, 0.8476416834658785, -0.41857272922626937, 0.37116727211211015, 0.8680478505702098, 0.9172166993183922, 0.9405455581772423, 0.9120894436945527, 0.8014168812487359, 0.8896903892758874, 0.8712142411470837, 0.8147851904228787, 0.8949818084102278, 0.9421380381559025, 0.7840546473358212], [0.944358668805389, 0.9449035473843076, 0.944358668805389, 0.9401528840773843, 0.9401528840773843, 0.9089142958581164, 0.9089142958581164, 0.8713016521766545, 0.8713016521766545, 0.9999756659232676, 0.920875502662391, 1.0, 0.9047762203411732, 0.877023781070051, 0.9220891018259245, 0.9106994795257969, 0.9323181825758432, 0.8890747429723713, 0.7154850262983039, 1.1833264638307292e-05, 0.9272453561118208, 0.6011314720989567, -0.22628290990311872, -0.23842274597004073, 0.8643685270832975, 0.8636391900309973, 0.8542988015369231, 0.8721092849691782, 0.7869614608982072, 0.7614939082771527, 0.7890177838005189, 0.7205254198028803, 0.8684332062404383, 0.7681810450764263, 0.7329411822560165], [0.9925627339331787, 0.9922963186363893, 0.9925627339331787, 0.9881006939173328, 0.9881006939173328, 0.9765514592543909, 0.9765514592543909, 0.9472549464703818, 0.9472549464703818, 0.9047861036076745, 0.9878551558474512, 0.9047762203411732, 1.0, 0.9996813349294009, 0.987759464049614, 0.9747767465238558, 0.9895928127974134, 0.9225952371850507, 0.8071343897038011, 0.2047879928592677, 0.9854365751641485, 0.8727965943918701, -0.6059271397169421, 0.4494256794977219, 0.8489967402323204, 0.9332815516937919, 0.957419838852841, 0.9062814159435277, 0.7231538336235503, 0.8902684542733464, 0.8508003521505144, 0.8062815007303351, 0.8754311243968146, 0.9629648341643255, 0.8201832650185024], [0.9921335788551288, 0.9915414373812084, 0.9921335788551288, 0.983827898906899, 0.983827898906899, 0.9753382666594475, 0.9753382666594475, 0.9423606465617094, 0.9423606465617094, 0.8771444299803086, 0.9841717088288747, 0.877023781070051, 0.9996813349294009, 1.0, 0.9842368477430072, 0.972453168687702, 0.9878140749300194, 0.9103970358173595, 0.8255461268764636, 0.08509589793336564, 0.9796313231828492, 0.8818167226643053, -0.8188875791109432, 0.4975322085002803, 0.8070184027859559, 0.9392638973343458, 0.9552304519826167, 0.8923770197287632, 0.6369904748615013, 0.9009369273524359, 0.8368378824949182, 0.7574330937805483, 0.9087300424925658, 0.9654304373997947, 0.7903438059794008], [0.9950499230565474, 0.9950187516541595, 0.9950499230565474, 0.9993959058668608, 0.9993959058668608, 0.9511718720184564, 0.9511718720184564, 0.937962790051634, 0.937962790051634, 0.9220534376480997, 0.9999132573156976, 0.9220891018259245, 0.987759464049614, 0.9842368477430072, 1.0, 0.9517060983787483, 0.9938016912452015, 0.9271726012342619, 0.841967586832033, 0.1668022225013686, 0.995407720478637, 0.8468716462802914, -0.41499267001914314, 0.3701797529934726, 0.8680020187825852, 0.9155167618680197, 0.9393970228508918, 0.912473718754298, 0.8026345339659785, 0.8889972949482933, 0.8722572346600965, 0.8158236226375553, 0.8946281335824084, 0.9418384871080526, 0.7840248442476735], [0.9715258097038914, 0.9707560096091132, 0.9715258097038914, 0.9539626712977991, 0.9539626712977991, 0.9989742250917982, 0.9989742250917982, 0.9239651464372945, 0.9239651464372945, 0.9011112060939142, 0.9519849900090896, 0.9106994795257969, 0.9747767465238558, 0.972453168687702, 0.9517060983787483, 1.0, 0.973612469606974, 0.9193049393032322, 0.673359899783295, -0.0019202229157841639, 0.9433843325085275, 0.5715492419382157, -0.339967107460668, -0.15941582781166658, 0.9086644532869977, 0.9233175871679312, 0.9194250098307545, 0.9029159244050294, 0.7662332702638672, 0.8324213269754149, 0.7729409251675498, 0.7721341414447107, 0.8691973449285199, 0.8420926941932811, 0.7888785357169449], [0.9988796505573484, 0.998881823639861, 0.9988796505573484, 0.9947248910320725, 0.9947248910320725, 0.9719734414153629, 0.9719734414153629, 0.9399035715309579, 0.9399035715309579, 0.9283107646092631, 0.9938338140832145, 0.9323181825758432, 0.9895928127974134, 0.9878140749300194, 0.9938016912452015, 0.973612469606974, 1.0, 0.942730001250422, 0.847287791316812, 0.16544054164833397, 0.986741209628992, 0.8169446171912494, -0.3992913178521902, 0.3828510015369423, 0.9008758667777652, 0.9316994857208473, 0.9441943468407206, 0.9366759405064023, 0.822329834217766, 0.878501233080552, 0.8978407059368417, 0.8448445622393678, 0.9067917805690611, 0.9464552239694985, 0.839326169199721], [0.9269227338980095, 0.9275021493942908, 0.9269227338980095, 0.9084230891109321, 0.9084230891109321, 0.9196717507318388, 0.9196717507318388, 0.9729181808096834, 0.9729181808096834, 0.896881072116766, 0.9269442599495168, 0.8890747429723713, 0.9225952371850507, 0.9103970358173595, 0.9271726012342619, 0.9193049393032322, 0.942730001250422, 1.0, 0.7273575698387019, 0.017455556177869203, 0.8713684459180275, 0.5068651549533771, -0.1275181480260324, -0.20074773378835864, 0.8224678110079016, 0.8384487903874771, 0.8286424293837965, 0.9119449972147141, 0.8290837624676174, 0.7977150771678293, 0.7414937323503294, 0.7001005879983633, 0.8362817661382665, 0.7632845996049477, 0.8466841941376152], [0.7827913430827724, 0.8034547601239885, 0.7827913430827724, 0.7623530152116178, 0.7623530152116178, 0.6247484483269289, 0.6247484483269289, 0.5593524054694796, 0.5593524054694796, 0.7782889316189542, 0.8410061187009604, 0.7154850262983039, 0.8071343897038011, 0.8255461268764636, 0.841967586832033, 0.673359899783295, 0.847287791316812, 0.7273575698387019, 1.0, 0.06102148379426004, 0.7249016887000742, -0.43897426329013567, 0.3892808988661499, -0.6620624628078142, 0.3323902360819503, 0.8021135621486939, 0.4815957291672884, 0.8294293691422828, 0.679984716292972, 0.036862004658385364, 0.27555491727929665, 0.5566615770298289, 0.7753708815985123, 0.45670201922898734, -0.17108452487738632], [-0.07849418781610486, 0.12893331013302656, -0.07849418781610486, -0.08407262490070289, -0.08407262490070289, -0.021725113843472327, -0.021725113843472327, 0.09907205381946609, 0.09907205381946609, 0.2318746555212891, 0.16652806532824546, 1.1833264638307292e-05, 0.2047879928592677, 0.08509589793336564, 0.1668022225013686, -0.0019202229157841639, 0.16544054164833397, 0.017455556177869203, 0.06102148379426004, 1.0, -0.04646129364946638, 0.13689262463095608, 0.11673464914892462, 0.7524758355648844, -0.07671615539285918, 0.04442552126368082, 0.035713962847867556, 0.20014693693235888, 0.03897055513509126, 0.12147307927563798, 0.3902482347569662, 0.5969133817404682, -0.07930190860569586, 0.16172459064178774, 0.17339578620470664], [0.9766672805105387, 0.9675802548240746, 0.9766672805105387, 0.9885428586309642, 0.9885428586309642, 0.9323477857861435, 0.9323477857861435, 0.8388720981358906, 0.8388720981358906, 0.9119522395930271, 0.9955322498037344, 0.9272453561118208, 0.9854365751641485, 0.9796313231828492, 0.995407720478637, 0.9433843325085275, 0.986741209628992, 0.8713684459180275, 0.7249016887000742, -0.04646129364946638, 1.0, -0.011703517951973183, -0.09493304582943189, -0.314984701073932, 0.6875414038590724, 0.9241962261379172, 0.8926018771917786, 0.8590473663124155, 0.7477612412758683, 0.4976022266754837, 0.5666426624285806, 0.5427588898167828, 0.8998620346503429, 0.647329863548137, 0.16015207023079348], [0.05969032186606603, -0.10240313774886912, 0.05969032186606603, 0.07932497969895255, 0.07932497969895255, 0.24299237820089534, 0.24299237820089534, 0.4963082606844695, 0.4963082606844695, 0.7723160181007006, 0.8476416834658785, 0.6011314720989567, 0.8727965943918701, 0.8818167226643053, 0.8468716462802914, 0.5715492419382157, 0.8169446171912494, 0.5068651549533771, -0.43897426329013567, 0.13689262463095608, -0.011703517951973183, 1.0, -0.422615908588884, 0.7780131277840554, 0.36047833277128066, -0.06153516306881632, 0.2491834686802274, -0.16298157954903308, 0.015193932844462273, 0.5572683622118363, 0.44506521860999754, 0.1713467630828613, -0.08708411011410526, 0.3445033455566365, 0.4639330170823623], [-0.0014242720638720898, 0.007187532306326729, -0.0014242720638720898, -0.03217185352591032, -0.03217185352591032, -0.2071481342058149, -0.2071481342058149, -0.23160737720790076, -0.23160737720790076, -0.31252302996114495, -0.41857272922626937, -0.22628290990311872, -0.6059271397169421, -0.8188875791109432, -0.41499267001914314, -0.339967107460668, -0.3992913178521902, -0.1275181480260324, 0.3892808988661499, 0.11673464914892462, -0.09493304582943189, -0.422615908588884, 1.0, -0.048553194124769924, -0.12788862544483567, -0.03812236728996922, -0.24023312571641336, 0.02533223795180082, -0.012480572134406872, -0.5316599423783461, -0.15203490115431387, 0.007784511692540116, 0.035536241828213674, -0.1518394858743519, -0.4013565134424571], [-0.2516071928640362, -0.25185296146906083, -0.2516071928640362, -0.25525613377468104, -0.25525613377468104, -0.10571658815537127, -0.10571658815537127, 0.036344080714988646, 0.036344080714988646, 0.39663765268057605, 0.37116727211211015, -0.23842274597004073, 0.4494256794977219, 0.4975322085002803, 0.3701797529934726, -0.15941582781166658, 0.3828510015369423, -0.20074773378835864, -0.6620624628078142, 0.7524758355648844, -0.314984701073932, 0.7780131277840554, -0.048553194124769924, 1.0, -0.09836117662257506, -0.30206411582812753, -0.0495953910142745, -0.3498918217230389, -0.3267202608780816, 0.10853007150799515, 0.18137370539086345, 0.27413814804230446, -0.38270869593065093, 0.14194633909472987, 0.10468210138290265], [0.824498433476524, 0.6483081355477268, 0.824498433476524, 0.8251201008682638, 0.8251201008682638, 0.8956571452322374, 0.8956571452322374, 0.7847176530016386, 0.7847176530016386, 0.8565982207769486, 0.8680478505702098, 0.8643685270832975, 0.8489967402323204, 0.8070184027859559, 0.8680020187825852, 0.9086644532869977, 0.9008758667777652, 0.8224678110079016, 0.3323902360819503, -0.07671615539285918, 0.6875414038590724, 0.36047833277128066, -0.12788862544483567, -0.09836117662257506, 1.0, 0.6148147201170733, 0.8443295448494549, 0.4795562394902182, 0.6142461339220675, 0.5293929751954463, 0.6449971234277855, 0.40788311289798407, 0.6965924025047832, 0.6949623411509274, 0.4103199389795392], [0.9511922588526022, 0.9512605803450696, 0.9511922588526022, 0.9425362368295997, 0.9425362368295997, 0.9109267269256104, 0.9109267269256104, 0.8031522919171147, 0.8031522919171147, 0.8270965967944938, 0.9172166993183922, 0.8636391900309973, 0.9332815516937919, 0.9392638973343458, 0.9155167618680197, 0.9233175871679312, 0.9316994857208473, 0.8384487903874771, 0.8021135621486939, 0.04442552126368082, 0.9241962261379172, -0.06153516306881632, -0.03812236728996922, -0.30206411582812753, 0.6148147201170733, 1.0, 0.8293265821858868, 0.8588516678296794, 0.7077736047728974, 0.34373600279052047, 0.48767939370397156, 0.6027462307143425, 0.901535660201796, 0.6337158524301579, 0.058926225209456576], [0.9039821227139757, 0.8756756392166242, 0.9039821227139757, 0.9091864619235532, 0.9091864619235532, 0.9241402549285404, 0.9241402549285404, 0.8604812356754482, 0.8604812356754482, 0.8765293922434797, 0.9405455581772423, 0.8542988015369231, 0.957419838852841, 0.9552304519826167, 0.9393970228508918, 0.9194250098307545, 0.9441943468407206, 0.8286424293837965, 0.4815957291672884, 0.035713962847867556, 0.8926018771917786, 0.2491834686802274, -0.24023312571641336, -0.0495953910142745, 0.8443295448494549, 0.8293265821858868, 1.0, 0.7319925245470666, 0.5795765180258744, 0.539146386698077, 0.5726025849323614, 0.5273382795649475, 0.7990772232044976, 0.8174510968247256, 0.20666327056539682], [0.9273434710803525, 0.9218531604663858, 0.9273434710803525, 0.9169366954827728, 0.9169366954827728, 0.8945817731570533, 0.8945817731570533, 0.8404797270023312, 0.8404797270023312, 0.857430050078841, 0.9120894436945527, 0.8721092849691782, 0.9062814159435277, 0.8923770197287632, 0.912473718754298, 0.9029159244050294, 0.9366759405064023, 0.9119449972147141, 0.8294293691422828, 0.20014693693235888, 0.8590473663124155, -0.16298157954903308, 0.02533223795180082, -0.3498918217230389, 0.4795562394902182, 0.8588516678296794, 0.7319925245470666, 1.0, 0.9005745330191632, 0.4992379629491145, 0.6680826070969542, 0.6687360629180346, 0.8699110138473378, 0.49076650620441375, 0.2899573456726937], [0.7675615238008859, 0.7806792585393902, 0.7675615238008859, 0.7793722677476559, 0.7793722677476559, 0.7256654102838856, 0.7256654102838856, 0.7389551015356539, 0.7389551015356539, 0.7492372466657863, 0.8014168812487359, 0.7869614608982072, 0.7231538336235503, 0.6369904748615013, 0.8026345339659785, 0.7662332702638672, 0.822329834217766, 0.8290837624676174, 0.679984716292972, 0.03897055513509126, 0.7477612412758683, 0.015193932844462273, -0.012480572134406872, -0.3267202608780816, 0.6142461339220675, 0.7077736047728974, 0.5795765180258744, 0.9005745330191632, 1.0, 0.5434190778333473, 0.6503437996831313, 0.602906189856134, 0.7126900557515049, 0.5544580238561551, 0.471176623445015], [0.47573806496185184, 0.46635118361277783, 0.47573806496185184, 0.502045735026286, 0.502045735026286, 0.703735349179734, 0.703735349179734, 0.8684077964595773, 0.8684077964595773, 0.7656941527188404, 0.8896903892758874, 0.7614939082771527, 0.8902684542733464, 0.9009369273524359, 0.8889972949482933, 0.8324213269754149, 0.878501233080552, 0.7977150771678293, 0.036862004658385364, 0.12147307927563798, 0.4976022266754837, 0.5572683622118363, -0.5316599423783461, 0.10853007150799515, 0.5293929751954463, 0.34373600279052047, 0.539146386698077, 0.4992379629491145, 0.5434190778333473, 1.0, 0.7306478924667278, 0.36611617683312725, 0.43271398003626965, 0.52619756871951, 0.789239588816048], [0.6095744239586407, 0.606115302961666, 0.6095744239586407, 0.6039430311386379, 0.6039430311386379, 0.7227865474641213, 0.7227865474641213, 0.7667686564988042, 0.7667686564988042, 0.8196879480489138, 0.8712142411470837, 0.7890177838005189, 0.8508003521505144, 0.8368378824949182, 0.8722572346600965, 0.7729409251675498, 0.8978407059368417, 0.7414937323503294, 0.27555491727929665, 0.3902482347569662, 0.5666426624285806, 0.44506521860999754, -0.15203490115431387, 0.18137370539086345, 0.6449971234277855, 0.48767939370397156, 0.5726025849323614, 0.6680826070969542, 0.6503437996831313, 0.7306478924667278, 1.0, 0.7770135924623713, 0.46233325106874873, 0.7123942928275141, 0.5486070689869271], [0.6386766736417677, 0.6695315476771431, 0.6386766736417677, 0.6129821014143237, 0.6129821014143237, 0.7144144782925758, 0.7144144782925758, 0.7184246844115422, 0.7184246844115422, 0.7948951096551847, 0.8147851904228787, 0.7205254198028803, 0.8062815007303351, 0.7574330937805483, 0.8158236226375553, 0.7721341414447107, 0.8448445622393678, 0.7001005879983633, 0.5566615770298289, 0.5969133817404682, 0.5427588898167828, 0.1713467630828613, 0.007784511692540116, 0.27413814804230446, 0.40788311289798407, 0.6027462307143425, 0.5273382795649475, 0.6687360629180346, 0.602906189856134, 0.36611617683312725, 0.7770135924623713, 1.0, 0.4823008078793182, 0.6694284246888987, 0.19478529876060116], [0.928046776658501, 0.9250263317062694, 0.928046776658501, 0.9215777789072204, 0.9215777789072204, 0.8452081305494396, 0.8452081305494396, 0.7698175682103143, 0.7698175682103143, 0.836654286185523, 0.8949818084102278, 0.8684332062404383, 0.8754311243968146, 0.9087300424925658, 0.8946281335824084, 0.8691973449285199, 0.9067917805690611, 0.8362817661382665, 0.7753708815985123, -0.07930190860569586, 0.8998620346503429, -0.08708411011410526, 0.035536241828213674, -0.38270869593065093, 0.6965924025047832, 0.901535660201796, 0.7990772232044976, 0.8699110138473378, 0.7126900557515049, 0.43271398003626965, 0.46233325106874873, 0.4823008078793182, 1.0, 0.7058756535572166, 0.15734317312569865], [0.8103652336616057, 0.6721585892858766, 0.8103652336616057, 0.8002097134835306, 0.8002097134835306, 0.8452264993018191, 0.8452264993018191, 0.832878035045423, 0.832878035045423, 0.8806624550846018, 0.9421380381559025, 0.7681810450764263, 0.9629648341643255, 0.9654304373997947, 0.9418384871080526, 0.8420926941932811, 0.9464552239694985, 0.7632845996049477, 0.45670201922898734, 0.16172459064178774, 0.647329863548137, 0.3445033455566365, -0.1518394858743519, 0.14194633909472987, 0.6949623411509274, 0.6337158524301579, 0.8174510968247256, 0.49076650620441375, 0.5544580238561551, 0.52619756871951, 0.7123942928275141, 0.6694284246888987, 0.7058756535572166, 1.0, 0.16631471838840356], [0.16910618938881788, 0.16525674446701819, 0.16910618938881788, 0.18162624897888596, 0.18162624897888596, 0.4612619233250741, 0.4612619233250741, 0.8004004705322176, 0.8004004705322176, 0.7741286618159295, 0.7840546473358212, 0.7329411822560165, 0.8201832650185024, 0.7903438059794008, 0.7840248442476735, 0.7888785357169449, 0.839326169199721, 0.8466841941376152, -0.17108452487738632, 0.17339578620470664, 0.16015207023079348, 0.4639330170823623, -0.4013565134424571, 0.10468210138290265, 0.4103199389795392, 0.058926225209456576, 0.20666327056539682, 0.2899573456726937, 0.471176623445015, 0.789239588816048, 0.5486070689869271, 0.19478529876060116, 0.15734317312569865, 0.16631471838840356, 1.0]], "x": ["^TAIEX       \u81fa\u7063\u52a0\u6b0a\u5831\u916c\u6307\u6578", "^TWII        \u81fa\u7063\u52a0\u6b0a\u6307\u6578", "^TAIEXx2     \u81fa\u7063\u52a0\u6b0a\u5831\u916c\u6307\u6578_\u65e5\u6b632", "^TAI50I      \u81fa\u706350\u5831\u916c\u6307\u6578", "^TAI50Ix2    \u81fa\u706350\u5831\u916c\u6307\u6578_\u65e5\u6b632", "^TAI100I     \u81fa\u7063\u4e2d\u578b100\u5831\u916c\u6307\u6578", "^TAI100Ix2   \u81fa\u7063\u4e2d\u578b100\u5831\u916c\u6307\u6578_\u65e5\u6b632", "^TAIDIVIDI   \u81fa\u7063\u9ad8\u80a1\u606f\u5831\u916c\u6307\u6578", "^TAIDIVIDIx2 \u81fa\u7063\u9ad8\u80a1\u606f\u5831\u916c\u6307\u6578_\u65e5\u6b632", "0050Fund     \u5143\u5927\u53f0\u7063\u5353\u8d8a50\u57fa\u91d1", "006208Fund   \u5bcc\u90a6\u53f0\u7063\u91c6\u540950\u57fa\u91d1", "0050         \u5143\u5927\u81fa\u706350", "00631L       \u5143\u5927\u53f0\u706350\u6b632", "00675L       \u5bcc\u90a6\u81fa\u7063\u52a0\u6b0a\u6b632", "006208       \u5bcc\u90a6\u53f050", "0051         \u5143\u5927\u4e2d\u578b100", "006204       \u6c38\u8c50\u81fa\u7063\u52a0\u6b0a", "0056         \u5143\u5927\u9ad8\u80a1\u606f", "2412         \u4e2d\u83ef\u96fb\u4fe1", "2002         \u4e2d\u92fc", "2330         \u53f0\u7a4d\u96fb", "2317         \u9d3b\u6d77", "6505         \u53f0\u5851\u77f3\u5316", "3481         \u7fa4\u5275", "2303         \u806f\u96fb", "2308         \u53f0\u9054\u96fb", "2454         \u806f\u767c\u79d1", "2886         \u5146\u8c50\u91d1", "2884         \u7389\u5c71\u91d1", "2891         \u4e2d\u4fe1\u91d1", "2892         \u7b2c\u4e00\u91d1", "5880         \u5408\u5eab\u91d1", "2881         \u5bcc\u90a6\u91d1", "2885         \u5143\u5927\u91d1", "2887         \u53f0\u65b0\u91d1"], "y": ["^TAIEX       \u81fa\u7063\u52a0\u6b0a\u5831\u916c\u6307\u6578", "^TWII        \u81fa\u7063\u52a0\u6b0a\u6307\u6578", "^TAIEXx2     \u81fa\u7063\u52a0\u6b0a\u5831\u916c\u6307\u6578_\u65e5\u6b632", "^TAI50I      \u81fa\u706350\u5831\u916c\u6307\u6578", "^TAI50Ix2    \u81fa\u706350\u5831\u916c\u6307\u6578_\u65e5\u6b632", "^TAI100I     \u81fa\u7063\u4e2d\u578b100\u5831\u916c\u6307\u6578", "^TAI100Ix2   \u81fa\u7063\u4e2d\u578b100\u5831\u916c\u6307\u6578_\u65e5\u6b632", "^TAIDIVIDI   \u81fa\u7063\u9ad8\u80a1\u606f\u5831\u916c\u6307\u6578", "^TAIDIVIDIx2 \u81fa\u7063\u9ad8\u80a1\u606f\u5831\u916c\u6307\u6578_\u65e5\u6b632", "0050Fund     \u5143\u5927\u53f0\u7063\u5353\u8d8a50\u57fa\u91d1", "006208Fund   \u5bcc\u90a6\u53f0\u7063\u91c6\u540950\u57fa\u91d1", "0050         \u5143\u5927\u81fa\u706350", "00631L       \u5143\u5927\u53f0\u706350\u6b632", "00675L       \u5bcc\u90a6\u81fa\u7063\u52a0\u6b0a\u6b632", "006208       \u5bcc\u90a6\u53f050", "0051         \u5143\u5927\u4e2d\u578b100", "006204       \u6c38\u8c50\u81fa\u7063\u52a0\u6b0a", "0056         \u5143\u5927\u9ad8\u80a1\u606f", "2412         \u4e2d\u83ef\u96fb\u4fe1", "2002         \u4e2d\u92fc", "2330         \u53f0\u7a4d\u96fb", "2317         \u9d3b\u6d77", "6505         \u53f0\u5851\u77f3\u5316", "3481         \u7fa4\u5275", "2303         \u806f\u96fb", "2308         \u53f0\u9054\u96fb", "2454         \u806f\u767c\u79d1", "2886         \u5146\u8c50\u91d1", "2884         \u7389\u5c71\u91d1", "2891         \u4e2d\u4fe1\u91d1", "2892         \u7b2c\u4e00\u91d1", "5880         \u5408\u5eab\u91d1", "2881         \u5bcc\u90a6\u91d1", "2885         \u5143\u5927\u91d1", "2887         \u53f0\u65b0\u91d1"], "zmin": -1, "zmax": 1, "colorbar": {"x": -0.2}}], "layout": {"autotypenumbers": "strict", "colorway": ["#636efa", "#EF553B", "#00cc96", "#ab63fa", "#FFA15A", "#19d3f3", "#FF6692", "#B6E880", "#FF97FF", "#FECB52"], "font": {"color": "#f2f5fa", "family": "Courier New"}, "hovermode": "closest", "hoverlabel": {"align": "left"}, "paper_bgcolor": "rgb(17,17,17)", "plot_bgcolor": "rgb(17,17,17)", "polar": {"bgcolor": "rgb(17,17,17)", "angularaxis": {"gridcolor": "#506784", "linecolor": "#506784", "ticks": ""}, "radialaxis": {"gridcolor": "#506784", "linecolor": "#506784", "ticks": ""}}, "ternary": {"bgcolor": "rgb(17,17,17)", "aaxis": {"gridcolor": "#506784", "linecolor": "#506784", "ticks": ""}, "baxis": {"gridcolor": "#506784", "linecolor": "#506784", "ticks": ""}, "caxis": {"gridcolor": "#506784", "linecolor": "#506784", "ticks": ""}}, "coloraxis": {"colorbar": {"outlinewidth": 0, "ticks": ""}}, "colorscale": {"sequential": [[0.0, "#0d0887"], [0.1111111111111111, "#46039f"], [0.2222222222222222, "#7201a8"], [0.3333333333333333, "#9c179e"], [0.4444444444444444, "#bd3786"], [0.5555555555555556, "#d8576b"], [0.6666666666666666, "#ed7953"], [0.7777777777777778, "#fb9f3a"], [0.8888888888888888, "#fdca26"], [1.0, "#f0f921"]], "sequentialminus": [[0.0, "#0d0887"], [0.1111111111111111, "#46039f"], [0.2222222222222222, "#7201a8"], [0.3333333333333333, "#9c179e"], [0.4444444444444444, "#bd3786"], [0.5555555555555556, "#d8576b"], [0.6666666666666666, "#ed7953"], [0.7777777777777778, "#fb9f3a"], [0.8888888888888888, "#fdca26"], [1.0, "#f0f921"]], "diverging": [[0, "#8e0152"], [0.1, "#c51b7d"], [0.2, "#de77ae"], [0.3, "#f1b6da"], [0.4, "#fde0ef"], [0.5, "#f7f7f7"], [0.6, "#e6f5d0"], [0.7, "#b8e186"], [0.8, "#7fbc41"], [0.9, "#4d9221"], [1, "#276419"]]}, "xaxis": {"gridcolor": "rgba(0, 0, 0, 0)", "linecolor": "#506784", "ticks": "", "title": {"standoff": 15}, "zerolinecolor": "#283442", "automargin": true, "zerolinewidth": 2, "tickfont": {"family": "Courier New", "size": 14}, "side": "top", "tickangle": -90}, "yaxis": {"gridcolor": "rgba(0, 0, 0, 0)", "linecolor": "#506784", "ticks": "", "title": {"standoff": 15}, "zerolinecolor": "#283442", "automargin": true, "zerolinewidth": 2, "tickfont": {"family": "Courier New"}, "side": "right"}, "scene": {"xaxis": {"backgroundcolor": "rgb(17,17,17)", "gridcolor": "#506784", "linecolor": "#506784", "showbackground": true, "ticks": "", "zerolinecolor": "#C8D4E3", "gridwidth": 2}, "yaxis": {"backgroundcolor": "rgb(17,17,17)", "gridcolor": "#506784", "linecolor": "#506784", "showbackground": true, "ticks": "", "zerolinecolor": "#C8D4E3", "gridwidth": 2}, "zaxis": {"backgroundcolor": "rgb(17,17,17)", "gridcolor": "#506784", "linecolor": "#506784", "showbackground": true, "ticks": "", "zerolinecolor": "#C8D4E3", "gridwidth": 2}}, "shapedefaults": {"line": {"color": "#f2f5fa"}}, "annotationdefaults": {"arrowcolor": "#f2f5fa", "arrowhead": 0, "arrowwidth": 1}, "geo": {"bgcolor": "rgb(17,17,17)", "landcolor": "rgb(17,17,17)", "subunitcolor": "#506784", "showland": true, "showlakes": true, "lakecolor": "rgb(17,17,17)"}, "title": {"x": 0.05, "font": {"family": "Times New Roman"}, "y": 0.05, "text": "<b>Correlation of Close<b><br><i>2016-09-23 ~ 2025-07-29<i>"}, "updatemenudefaults": {"bgcolor": "#506784", "borderwidth": 0}, "sliderdefaults": {"bgcolor": "#C8D4E3", "borderwidth": 1, "bordercolor": "rgb(17,17,17)", "tickwidth": 0}, "mapbox": {"style": "dark"}, "annotations": [{"text": "<b>@zwindr<b>", "textangle": 0, "opacity": 0.5, "font": {"color": "white", "size": 12}, "xref": "paper", "yref": "paper", "xanchor": "left", "yanchor": "bottom", "x": 1.0, "y": 1.0, "showarrow": false}]}, "config": {"responsive": true, "toImageButtonOptions": {"filename": "Correlation of Close_2016-09-23~2025-07-29", "scale": 5}}};

Plotly.newPlot("correlationClose",
    correlationClose.data,
    correlationClose.layout || {},
    correlationClose.config);