var element=document.getElementById("correlationClose");if(element.style.display!='none'){var correlationClose={"data":[{"type":"heatmap","z":[[1.0,0.9999999999999981,1.0,0.9954807577313268,0.9954807577313268,0.9782703946397492,0.9782703946397492,0.9304369226191799,0.9304369226191799,0.6715703034936166,0.9962179532977995,0.6034708229067168,0.8879342534165008,0.9848437958947478,0.9963118795652955,0.9813672195672005,0.9994225806284184,0.9128138843636381,0.9128138843636381,0.7475617317040401,-0.22743483688123853,0.9848967569975804,0.33170363242709716,-0.20898532537046774,-0.15489740395910803,0.8576734816999299,0.8896357823982776,0.9191678781478103,0.8739998339371912,0.7695800325164593,0.723793577994877,0.651304829010185,0.5679967459304477,0.9223150386138853,0.8973198698982012,0.35098590836156535],[0.9999999999999981,1.0,0.9999999999999982,0.995476655958796,0.995476655958796,0.9782772224278498,0.9782772224278498,0.9324186867987437,0.9324186867987437,0.6663545672274953,0.9963255890177747,0.5977763201725605,0.892205063996609,0.984294466391629,0.9964129917715625,0.9815047362824506,0.999437841503956,0.9139128284078755,0.9139128284078755,0.7606291874421041,-0.028778453524542884,0.9797087808704408,0.07745174820815187,-0.20647108968799138,-0.14428979739240577,0.7435233594253287,0.8881361587077259,0.9055133974934516,0.8695964543896713,0.7742483804370398,0.7246411215345794,0.6509113414123884,0.5889902739504866,0.9223189314391533,0.7995203028162686,0.3592740233737425],[1.0,0.9999999999999982,1.0,0.9954807577313268,0.9954807577313268,0.9782703946397492,0.9782703946397492,0.9304369226191799,0.9304369226191799,0.6715703034936166,0.9962179532977995,0.6034708229067168,0.8879342534165008,0.9848437958947478,0.9963118795652955,0.9813672195672005,0.9994225806284184,0.9128138843636381,0.9128138843636381,0.7475617317040401,-0.22743483688123853,0.9848967569975804,0.33170363242709716,-0.20898532537046774,-0.15489740395910803,0.8576734816999299,0.8896357823982776,0.9191678781478103,0.8739998339371912,0.7695800325164593,0.723793577994877,0.651304829010185,0.5679967459304477,0.9223150386138853,0.8973198698982012,0.35098590836156535],[0.9954807577313268,0.995476655958796,0.9954807577313268,1.0,1.0,0.9682850608393233,0.9682850608393233,0.9171301014536531,0.9171301014536531,0.619868687253351,0.999754605114035,0.5535212687795329,0.8990173783684869,0.9884800405826741,0.9997131045475355,0.9672804793632213,0.9958307026348487,0.8863683108585853,0.8863683108585853,0.7101313965567767,-0.23504083230303424,0.9939669012226741,0.36339515557153224,-0.2418980427190915,-0.13548573120957436,0.8531992955838664,0.9161536907625155,0.9275948941183578,0.8422213373412729,0.7566500573495103,0.7559666808343654,0.6379413251849467,0.5269595673992287,0.903335367650541,0.8956312162335233,0.37852420948585996],[0.9954807577313268,0.995476655958796,0.9954807577313268,1.0,1.0,0.9682850608393233,0.9682850608393233,0.9171301014536531,0.9171301014536531,0.619868687253351,0.999754605114035,0.5535212687795329,0.8990173783684869,0.9884800405826741,0.9997131045475355,0.9672804793632213,0.9958307026348487,0.8863683108585853,0.8863683108585853,0.7101313965567767,-0.23504083230303424,0.9939669012226741,0.36339515557153224,-0.2418980427190915,-0.13548573120957436,0.8531992955838664,0.9161536907625155,0.9275948941183578,0.8422213373412729,0.7566500573495103,0.7559666808343654,0.6379413251849467,0.5269595673992287,0.903335367650541,0.8956312162335233,0.37852420948585996],[0.9782703946397492,0.9782772224278498,0.9782703946397492,0.9682850608393233,0.9682850608393233,1.0,1.0,0.9504934977990148,0.9504934977990148,0.6548198888110819,0.9669433577441728,0.6237495263252053,0.8654402308272252,0.951035357495957,0.9668855356179292,0.9992213469321606,0.9828000909831169,0.9220347293287292,0.9220347293287292,0.6549445519749453,-0.19605129588772346,0.9597338499216092,0.44936146364471885,-0.3621425333713561,-0.053785421170701266,0.9022518791885875,0.8580265765415777,0.9221084767412766,0.8626405683764341,0.747179916572766,0.8458695505323283,0.7355028700289474,0.6320494873152587,0.8778292179152649,0.9163342779939939,0.5936843603433682],[0.9782703946397492,0.9782772224278498,0.9782703946397492,0.9682850608393233,0.9682850608393233,1.0,1.0,0.9504934977990148,0.9504934977990148,0.6548198888110819,0.9669433577441728,0.6237495263252053,0.8654402308272252,0.951035357495957,0.9668855356179292,0.9992213469321606,0.9828000909831169,0.9220347293287292,0.9220347293287292,0.6549445519749453,-0.19605129588772346,0.9597338499216092,0.44936146364471885,-0.3621425333713561,-0.053785421170701266,0.9022518791885875,0.8580265765415777,0.9221084767412766,0.8626405683764341,0.747179916572766,0.8458695505323283,0.7355028700289474,0.6320494873152587,0.8778292179152649,0.9163342779939939,0.5936843603433682],[0.9304369226191799,0.9324186867987437,0.9304369226191799,0.9171301014536531,0.9171301014536531,0.9504934977990148,0.9504934977990148,1.0,1.0,0.6371061194866082,0.9488046822689594,0.6363991759570561,0.8398291458389802,0.926066484688447,0.948658432885228,0.9526317191380135,0.9587768412995981,0.9714955353690301,0.9714955353690301,0.6235318621360173,-0.08784759430014999,0.8930437005770533,0.6431090758213626,-0.39791698003255194,0.05647225618458317,0.8458721275230676,0.7809718048445333,0.8857337027067753,0.8403977038908854,0.7661210225239404,0.9137492054606701,0.7817843995382159,0.662419610770687,0.8379274122759075,0.8993584181353815,0.8583294666504592],[0.9304369226191799,0.9324186867987437,0.9304369226191799,0.9171301014536531,0.9171301014536531,0.9504934977990148,0.9504934977990148,1.0,1.0,0.6371061194866082,0.9488046822689594,0.6363991759570561,0.8398291458389802,0.926066484688447,0.948658432885228,0.9526317191380135,0.9587768412995981,0.9714955353690301,0.9714955353690301,0.6235318621360173,-0.08784759430014999,0.8930437005770533,0.6431090758213626,-0.39791698003255194,0.05647225618458317,0.8458721275230676,0.7809718048445333,0.8857337027067753,0.8403977038908854,0.7661210225239404,0.9137492054606701,0.7817843995382159,0.662419610770687,0.8379274122759075,0.8993584181353815,0.8583294666504592],[0.6715703034936166,0.6663545672274953,0.6715703034936166,0.619868687253351,0.619868687253351,0.6548198888110819,0.6548198888110819,0.6371061194866082,0.6371061194866082,1.0,0.4594715511650747,0.9999686111405622,0.24472114110552934,0.20082495799686403,0.46243174107625884,0.6455961268606654,0.5351333743926665,0.741904064296399,0.741904064296399,0.6820773055508544,-0.10419866350300959,0.5986637301227712,0.04970069260618274,0.04136684369247831,-0.23587351868289336,0.6641395834268183,0.3194396176607527,0.5518442192339676,0.7909125974756289,0.6648089130110472,0.31185169203346624,0.5206779641652621,0.5635027655716255,0.7384925620403009,0.5435266188124113,0.17658927809296993],[0.9962179532977995,0.9963255890177747,0.9962179532977995,0.999754605114035,0.999754605114035,0.9669433577441728,0.9669433577441728,0.9488046822689594,0.9488046822689594,0.4594715511650747,1.0,0.45959883739160184,0.8990814732589865,0.9879686876130073,0.9999573787970865,0.9641219365474861,0.9957276662382112,0.8988754109408689,0.8988754109408689,0.8360882879985774,-0.17092285023790624,0.9969136254287814,0.9156262143538846,-0.543779580405829,0.6652759485325047,0.8615638258314525,0.9087969723576218,0.9393664347742894,0.8240380946805278,0.7761548897464824,0.9534093566311129,0.8090335620573172,0.6426470442779638,0.8923283941156407,0.9682638642986269,0.8701768415768018],[0.6034708229067168,0.5977763201725605,0.6034708229067168,0.5535212687795329,0.5535212687795329,0.6237495263252053,0.6237495263252053,0.6363991759570561,0.6363991759570561,0.9999686111405622,0.45959883739160184,1.0,0.24590093362323936,0.20188299983801458,0.4633757372469395,0.6334302532209085,0.5359730968333627,0.7305979713876654,0.7305979713876654,0.628932267186121,0.026536808112419,0.537576235632744,0.36727358022684914,-0.1645245602707248,-0.20128939926978925,0.6738023751684972,0.23404006559745058,0.5074595016506492,0.7561864312631043,0.6785253172029809,0.44805744996268504,0.6708111200459825,0.675230958310466,0.6797593906276687,0.5016854908541443,0.5591794862095494],[0.8879342534165008,0.892205063996609,0.8879342534165008,0.8990173783684869,0.8990173783684869,0.8654402308272252,0.8654402308272252,0.8398291458389802,0.8398291458389802,0.24472114110552934,0.8990814732589865,0.24590093362323936,1.0,0.9998929324102657,0.8978333120392915,0.8602660043324288,0.8905071285761297,0.7660509690846428,0.7660509690846428,0.6576427652397874,-0.15019113979942167,0.8905982400518143,0.8299289994991919,-0.6175832201419396,0.7337145772561458,0.7615247108779236,0.8875193753066658,0.8902231229011206,0.6582568380118277,0.5962761837630549,0.8728638198936699,0.6419022705295682,0.46120452060627354,0.7807891680689741,0.8813560741729032,0.8166328576873481],[0.9848437958947478,0.984294466391629,0.9848437958947478,0.9884800405826741,0.9884800405826741,0.951035357495957,0.951035357495957,0.926066484688447,0.926066484688447,0.20082495799686403,0.9879686876130073,0.20188299983801458,0.9998929324102657,1.0,0.9880141401420224,0.9449905823393234,0.9817696602391192,0.8582235834106658,0.8582235834106658,0.8231674493334644,-0.272643398529744,0.9778926646293197,0.8867960135834202,-0.696855785383676,0.7871472477278886,0.8229708944082521,0.9553805105906684,0.9544799639321524,0.7241508951473687,0.6484735813504316,0.9420498701934916,0.7269040563055771,0.46511539482454917,0.8531601036038844,0.9630210788773788,0.8758918588493545],[0.9963118795652955,0.9964129917715625,0.9963118795652955,0.9997131045475355,0.9997131045475355,0.9668855356179292,0.9668855356179292,0.948658432885228,0.948658432885228,0.46243174107625884,0.9999573787970865,0.4633757372469395,0.8978333120392915,0.9880141401420224,1.0,0.9641511959922876,0.9958102689045194,0.8996478699744248,0.8996478699744248,0.8372149555677803,-0.16874559546623008,0.9968440262798749,0.9153911832026246,-0.5421945066782038,0.6619527335193093,0.8610099068511026,0.9070710200926545,0.93859897500272,0.8251935426292172,0.7775882614956238,0.952708472007838,0.8102826971977848,0.6452283834663236,0.8922968719436012,0.9680832405386212,0.8694182660358174],[0.9813672195672005,0.9815047362824506,0.9813672195672005,0.9672804793632213,0.9672804793632213,0.9992213469321606,0.9992213469321606,0.9526317191380135,0.9526317191380135,0.6455961268606654,0.9641219365474861,0.6334302532209085,0.8602660043324288,0.9449905823393234,0.9641511959922876,1.0,0.981733179131119,0.9253698555527885,0.9253698555527885,0.7053872931814557,-0.18782990590350115,0.9615643784082897,0.7527867963539787,-0.48693648589409133,-0.019739721382293286,0.9103377733039124,0.8450083776133017,0.9154512926908454,0.8698358000377098,0.7773486057453949,0.9096936660915595,0.7775331863843854,0.685795045062059,0.8987187176213225,0.9139700021999982,0.8541218308736803],[0.9994225806284184,0.999437841503956,0.9994225806284184,0.9958307026348487,0.9958307026348487,0.9828000909831169,0.9828000909831169,0.9587768412995981,0.9587768412995981,0.5351333743926665,0.9957276662382112,0.5359730968333627,0.8905071285761297,0.9817696602391192,0.9958102689045194,0.981733179131119,1.0,0.9256387479661777,0.9256387479661777,0.8551261708589871,-0.15229599734800453,0.9917282559729577,0.9018419737278122,-0.5375208920691007,0.6487903359640564,0.8905989658337341,0.8872748996648088,0.938306038185333,0.86444827121871,0.8027317897785075,0.9460205321309797,0.8496679985748473,0.6998625950247706,0.9102122366801523,0.9730825608265771,0.8975685419212138],[0.9128138843636381,0.9139128284078755,0.9128138843636381,0.8863683108585853,0.8863683108585853,0.9220347293287292,0.9220347293287292,0.9714955353690301,0.9714955353690301,0.741904064296399,0.8988754109408689,0.7305979713876654,0.7660509690846428,0.8582235834106658,0.8996478699744248,0.9253698555527885,0.9256387479661777,1.0,1.0,0.7613520641622723,-0.12330812641262126,0.8625603864924025,0.6531809714658967,-0.2915420174446228,-0.08970439437606392,0.8580200874261751,0.7020394504248424,0.8278158103754608,0.910720120092455,0.8435774286408546,0.8324048029032476,0.7743417324739217,0.6834397451941718,0.8752786159493054,0.8230389926132117,0.8801908738731921],[0.9128138843636381,0.9139128284078755,0.9128138843636381,0.8863683108585853,0.8863683108585853,0.9220347293287292,0.9220347293287292,0.9714955353690301,0.9714955353690301,0.741904064296399,0.8988754109408689,0.7305979713876654,0.7660509690846428,0.8582235834106658,0.8996478699744248,0.9253698555527885,0.9256387479661777,1.0,1.0,0.7613520641622723,-0.12330812641262126,0.8625603864924025,0.6531809714658967,-0.2915420174446228,-0.08970439437606392,0.8580200874261751,0.7020394504248424,0.8278158103754608,0.910720120092455,0.8435774286408546,0.8324048029032476,0.7743417324739217,0.6834397451941718,0.8752786159493054,0.8230389926132117,0.8801908738731921],[0.7475617317040401,0.7606291874421041,0.7475617317040401,0.7101313965567767,0.7101313965567767,0.6549445519749453,0.6549445519749453,0.6235318621360173,0.6235318621360173,0.6820773055508544,0.8360882879985774,0.628932267186121,0.6576427652397874,0.8231674493334644,0.8372149555677803,0.7053872931814557,0.8551261708589871,0.7613520641622723,0.7613520641622723,1.0,-0.0028961277652680174,0.681663501942751,-0.25252674344916154,0.24093206982385398,-0.6091931615900216,0.4083880886128248,0.5492687824638303,0.497552406086693,0.8476555843405503,0.7179889689688086,0.2424898347215696,0.36363577125528385,0.5782550161603616,0.7896246907851713,0.5178289771178882,-0.04615943938032477],[-0.22743483688123853,-0.028778453524542884,-0.22743483688123853,-0.23504083230303424,-0.23504083230303424,-0.19605129588772346,-0.19605129588772346,-0.08784759430014999,-0.08784759430014999,-0.10419866350300959,-0.17092285023790624,0.026536808112419,-0.15019113979942167,-0.272643398529744,-0.16874559546623008,-0.18782990590350115,-0.15229599734800453,-0.12330812641262126,-0.12330812641262126,-0.0028961277652680174,1.0,-0.15905216270990485,0.06084572880448806,0.1947403676659206,0.7165939752772844,-0.13982201940475472,-0.1332012068884417,-0.10985926679169203,0.11173749303547632,-0.053480320715910114,-0.07094332448603057,0.2520010179391626,0.5391961783081057,-0.18037559865720024,0.012225850130405355,0.08572372374965212],[0.9848967569975804,0.9797087808704408,0.9848967569975804,0.9939669012226741,0.9939669012226741,0.9597338499216092,0.9597338499216092,0.8930437005770533,0.8930437005770533,0.5986637301227712,0.9969136254287814,0.537576235632744,0.8905982400518143,0.9778926646293197,0.9968440262798749,0.9615643784082897,0.9917282559729577,0.8625603864924025,0.8625603864924025,0.681663501942751,-0.15905216270990485,1.0,0.27020489688761584,-0.2844985489695384,-0.17417602270297855,0.7510292018424016,0.9132762999337064,0.9088134229995577,0.8004643312458742,0.7343046417455014,0.7567405926489837,0.6162611363588664,0.4755360952720816,0.8896340197028706,0.7878713551248717,0.3636642635974867],[0.33170363242709716,0.07745174820815187,0.33170363242709716,0.36339515557153224,0.36339515557153224,0.44936146364471885,0.44936146364471885,0.6431090758213626,0.6431090758213626,0.04970069260618274,0.9156262143538846,0.36727358022684914,0.8299289994991919,0.8867960135834202,0.9153911832026246,0.7527867963539787,0.9018419737278122,0.6531809714658967,0.6531809714658967,-0.25252674344916154,0.06084572880448806,0.27020489688761584,1.0,-0.49408666139911195,0.6786836170648939,0.4543534494363186,0.3057510547520177,0.4355451758908712,0.004868413587816261,0.17717183015844962,0.6526094965632556,0.5306271746415159,0.22877405192346106,0.15745574081221836,0.4768341074162621,0.5290592431174462],[-0.20898532537046774,-0.20647108968799138,-0.20898532537046774,-0.2418980427190915,-0.2418980427190915,-0.3621425333713561,-0.3621425333713561,-0.39791698003255194,-0.39791698003255194,0.04136684369247831,-0.543779580405829,-0.1645245602707248,-0.6175832201419396,-0.696855785383676,-0.5421945066782038,-0.48693648589409133,-0.5375208920691007,-0.2915420174446228,-0.2915420174446228,0.24093206982385398,0.1947403676659206,-0.2844985489695384,-0.49408666139911195,1.0,-0.03962438864612765,-0.23835656550981002,-0.2676225305644292,-0.33460524892562354,-0.11003060595159689,-0.13969763553383466,-0.5655405011240693,-0.2519158470650038,-0.0542112564250609,-0.13519000123518798,-0.2980973969840264,-0.44405938086206154],[-0.15489740395910803,-0.14428979739240577,-0.15489740395910803,-0.13548573120957436,-0.13548573120957436,-0.053785421170701266,-0.053785421170701266,0.05647225618458317,0.05647225618458317,-0.23587351868289336,0.6652759485325047,-0.20128939926978925,0.7337145772561458,0.7871472477278886,0.6619527335193093,-0.019739721382293286,0.6487903359640564,-0.08970439437606392,-0.08970439437606392,-0.6091931615900216,0.7165939752772844,-0.17417602270297855,0.6786836170648939,-0.03962438864612765,1.0,-0.029571736399337866,-0.051102679664445955,0.02335887150660439,-0.313705115707377,-0.2937481290187111,0.09741639868229494,0.17015552981487136,0.2658734426817457,-0.3033594493817432,0.13260165009322278,0.11702191751493274],[0.8576734816999299,0.7435233594253287,0.8576734816999299,0.8531992955838664,0.8531992955838664,0.9022518791885875,0.9022518791885875,0.8458721275230676,0.8458721275230676,0.6641395834268183,0.8615638258314525,0.6738023751684972,0.7615247108779236,0.8229708944082521,0.8610099068511026,0.9103377733039124,0.8905989658337341,0.8580200874261751,0.8580200874261751,0.4083880886128248,-0.13982201940475472,0.7510292018424016,0.4543534494363186,-0.23835656550981002,-0.029571736399337866,1.0,0.6728974221473798,0.8863851880104041,0.5419660011911082,0.6384252990226633,0.6929230243614503,0.6610161823160093,0.41447295432622605,0.7550049803600921,0.7824932842256576,0.5170847850170228],[0.8896357823982776,0.8881361587077259,0.8896357823982776,0.9161536907625155,0.9161536907625155,0.8580265765415777,0.8580265765415777,0.7809718048445333,0.7809718048445333,0.3194396176607527,0.9087969723576218,0.23404006559745058,0.8875193753066658,0.9553805105906684,0.9070710200926545,0.8450083776133017,0.8872748996648088,0.7020394504248424,0.7020394504248424,0.5492687824638303,-0.1332012068884417,0.9132762999337064,0.3057510547520177,-0.2676225305644292,-0.051102679664445955,0.6728974221473798,1.0,0.8845573911818034,0.6177394815072194,0.5650441056364467,0.7165505143496377,0.4777235212228159,0.36208124009836257,0.7394080603550204,0.7451979855850701,0.34968825638846335],[0.9191678781478103,0.9055133974934516,0.9191678781478103,0.9275948941183578,0.9275948941183578,0.9221084767412766,0.9221084767412766,0.8857337027067753,0.8857337027067753,0.5518442192339676,0.9393664347742894,0.5074595016506492,0.8902231229011206,0.9544799639321524,0.93859897500272,0.9154512926908454,0.938306038185333,0.8278158103754608,0.8278158103754608,0.497552406086693,-0.10985926679169203,0.9088134229995577,0.4355451758908712,-0.33460524892562354,0.02335887150660439,0.8863851880104041,0.8845573911818034,1.0,0.681831531064033,0.5882841361811396,0.7484908856402777,0.5788576401154254,0.4400760072862252,0.7985088416503754,0.8819094696318684,0.3908558733033542],[0.8739998339371912,0.8695964543896713,0.8739998339371912,0.8422213373412729,0.8422213373412729,0.8626405683764341,0.8626405683764341,0.8403977038908854,0.8403977038908854,0.7909125974756289,0.8240380946805278,0.7561864312631043,0.6582568380118277,0.7241508951473687,0.8251935426292172,0.8698358000377098,0.86444827121871,0.910720120092455,0.910720120092455,0.8476555843405503,0.11173749303547632,0.8004643312458742,0.004868413587816261,-0.11003060595159689,-0.313705115707377,0.5419660011911082,0.6177394815072194,0.681831531064033,1.0,0.9155134576088265,0.6003419631787827,0.7183346276828261,0.6708728533811574,0.8855202878349693,0.5683607213432288,0.3748783612288243],[0.7695800325164593,0.7742483804370398,0.7695800325164593,0.7566500573495103,0.7566500573495103,0.747179916572766,0.747179916572766,0.7661210225239404,0.7661210225239404,0.6648089130110472,0.7761548897464824,0.6785253172029809,0.5962761837630549,0.6484735813504316,0.7775882614956238,0.7773486057453949,0.8027317897785075,0.8435774286408546,0.8435774286408546,0.7179889689688086,-0.053480320715910114,0.7343046417455014,0.17717183015844962,-0.13969763553383466,-0.2937481290187111,0.6384252990226633,0.5650441056364467,0.5882841361811396,0.9155134576088265,1.0,0.6250634662559897,0.702493744751247,0.6180211195663237,0.7598027340701006,0.6244318583097032,0.5274694243490093],[0.723793577994877,0.7246411215345794,0.723793577994877,0.7559666808343654,0.7559666808343654,0.8458695505323283,0.8458695505323283,0.9137492054606701,0.9137492054606701,0.31185169203346624,0.9534093566311129,0.44805744996268504,0.8728638198936699,0.9420498701934916,0.952708472007838,0.9096936660915595,0.9460205321309797,0.8324048029032476,0.8324048029032476,0.2424898347215696,-0.07094332448603057,0.7567405926489837,0.6526094965632556,-0.5655405011240693,0.09741639868229494,0.6929230243614503,0.7165505143496377,0.7484908856402777,0.6003419631787827,0.6250634662559897,1.0,0.7409619382614014,0.38264305848159413,0.628242045760372,0.7457083123177211,0.7750076587628053],[0.651304829010185,0.6509113414123884,0.651304829010185,0.6379413251849467,0.6379413251849467,0.7355028700289474,0.7355028700289474,0.7817843995382159,0.7817843995382159,0.5206779641652621,0.8090335620573172,0.6708111200459825,0.6419022705295682,0.7269040563055771,0.8102826971977848,0.7775331863843854,0.8496679985748473,0.7743417324739217,0.7743417324739217,0.36363577125528385,0.2520010179391626,0.6162611363588664,0.5306271746415159,-0.2519158470650038,0.17015552981487136,0.6610161823160093,0.4777235212228159,0.5788576401154254,0.7183346276828261,0.702493744751247,0.7409619382614014,1.0,0.7776002102807914,0.5600703090990866,0.7225287480202152,0.5941561070885141],[0.5679967459304477,0.5889902739504866,0.5679967459304477,0.5269595673992287,0.5269595673992287,0.6320494873152587,0.6320494873152587,0.662419610770687,0.662419610770687,0.5635027655716255,0.6426470442779638,0.675230958310466,0.46120452060627354,0.46511539482454917,0.6452283834663236,0.685795045062059,0.6998625950247706,0.6834397451941718,0.6834397451941718,0.5782550161603616,0.5391961783081057,0.4755360952720816,0.22877405192346106,-0.0542112564250609,0.2658734426817457,0.41447295432622605,0.36208124009836257,0.4400760072862252,0.6708728533811574,0.6180211195663237,0.38264305848159413,0.7776002102807914,1.0,0.49859983060062835,0.6151436552725184,0.2350217698818086],[0.9223150386138853,0.9223189314391533,0.9223150386138853,0.903335367650541,0.903335367650541,0.8778292179152649,0.8778292179152649,0.8379274122759075,0.8379274122759075,0.7384925620403009,0.8923283941156407,0.6797593906276687,0.7807891680689741,0.8531601036038844,0.8922968719436012,0.8987187176213225,0.9102122366801523,0.8752786159493054,0.8752786159493054,0.7896246907851713,-0.18037559865720024,0.8896340197028706,0.15745574081221836,-0.13519000123518798,-0.3033594493817432,0.7550049803600921,0.7394080603550204,0.7985088416503754,0.8855202878349693,0.7598027340701006,0.628242045760372,0.5600703090990866,0.49859983060062835,1.0,0.7891704907176248,0.3048428855269556],[0.8973198698982012,0.7995203028162686,0.8973198698982012,0.8956312162335233,0.8956312162335233,0.9163342779939939,0.9163342779939939,0.8993584181353815,0.8993584181353815,0.5435266188124113,0.9682638642986269,0.5016854908541443,0.8813560741729032,0.9630210788773788,0.9680832405386212,0.9139700021999982,0.9730825608265771,0.8230389926132117,0.8230389926132117,0.5178289771178882,0.012225850130405355,0.7878713551248717,0.4768341074162621,-0.2980973969840264,0.13260165009322278,0.7824932842256576,0.7451979855850701,0.8819094696318684,0.5683607213432288,0.6244318583097032,0.7457083123177211,0.7225287480202152,0.6151436552725184,0.7891704907176248,1.0,0.35803142451391873],[0.35098590836156535,0.3592740233737425,0.35098590836156535,0.37852420948585996,0.37852420948585996,0.5936843603433682,0.5936843603433682,0.8583294666504592,0.8583294666504592,0.17658927809296993,0.8701768415768018,0.5591794862095494,0.8166328576873481,0.8758918588493545,0.8694182660358174,0.8541218308736803,0.8975685419212138,0.8801908738731921,0.8801908738731921,-0.04615943938032477,0.08572372374965212,0.3636642635974867,0.5290592431174462,-0.44405938086206154,0.11702191751493274,0.5170847850170228,0.34968825638846335,0.3908558733033542,0.3748783612288243,0.5274694243490093,0.7750076587628053,0.5941561070885141,0.2350217698818086,0.3048428855269556,0.35803142451391873,1.0]],"x":["^TAIEX       \u81fa\u7063\u52a0\u6b0a\u5831\u916c\u6307\u6578","^TWII        \u81fa\u7063\u52a0\u6b0a\u6307\u6578","^TAIEXx2     \u81fa\u7063\u52a0\u6b0a\u5831\u916c\u6307\u6578_\u65e5\u6b632","^TAI50I      \u81fa\u706350\u5831\u916c\u6307\u6578","^TAI50Ix2    \u81fa\u706350\u5831\u916c\u6307\u6578_\u65e5\u6b632","^TAI100I     \u81fa\u7063\u4e2d\u578b100\u5831\u916c\u6307\u6578","^TAI100Ix2   \u81fa\u7063\u4e2d\u578b100\u5831\u916c\u6307\u6578_\u65e5\u6b632","^TAIDIVIDI   \u81fa\u7063\u9ad8\u80a1\u606f\u5831\u916c\u6307\u6578","^TAIDIVIDIx2 \u81fa\u7063\u9ad8\u80a1\u606f\u5831\u916c\u6307\u6578_\u65e5\u6b632","0050Fund     \u5143\u5927\u53f0\u7063\u5353\u8d8a50\u57fa\u91d1","006208Fund   \u5bcc\u90a6\u53f0\u7063\u91c6\u540950\u57fa\u91d1","0050         \u5143\u5927\u81fa\u706350","00631L       \u5143\u5927\u53f0\u706350\u6b632","00675L       \u5bcc\u90a6\u81fa\u7063\u52a0\u6b0a\u6b632","006208       \u5bcc\u90a6\u53f050","0051         \u5143\u5927\u4e2d\u578b100","006204       \u6c38\u8c50\u81fa\u7063\u52a0\u6b0a","0056         \u5143\u5927\u9ad8\u80a1\u606f","0056         \u5143\u5927\u9ad8\u80a1\u606f_\u80a1\u606f\u4e0d\u6295\u5165","2412         \u4e2d\u83ef\u96fb\u4fe1","2002         \u4e2d\u92fc","2330         \u53f0\u7a4d\u96fb","2317         \u9d3b\u6d77","6505         \u53f0\u5851\u77f3\u5316","3481         \u7fa4\u5275","2303         \u806f\u96fb","2308         \u53f0\u9054\u96fb","2454         \u806f\u767c\u79d1","2886         \u5146\u8c50\u91d1","2884         \u7389\u5c71\u91d1","2891         \u4e2d\u4fe1\u91d1","2892         \u7b2c\u4e00\u91d1","5880         \u5408\u5eab\u91d1","2881         \u5bcc\u90a6\u91d1","2885         \u5143\u5927\u91d1","2887         \u53f0\u65b0\u91d1"],"y":["^TAIEX       \u81fa\u7063\u52a0\u6b0a\u5831\u916c\u6307\u6578","^TWII        \u81fa\u7063\u52a0\u6b0a\u6307\u6578","^TAIEXx2     \u81fa\u7063\u52a0\u6b0a\u5831\u916c\u6307\u6578_\u65e5\u6b632","^TAI50I      \u81fa\u706350\u5831\u916c\u6307\u6578","^TAI50Ix2    \u81fa\u706350\u5831\u916c\u6307\u6578_\u65e5\u6b632","^TAI100I     \u81fa\u7063\u4e2d\u578b100\u5831\u916c\u6307\u6578","^TAI100Ix2   \u81fa\u7063\u4e2d\u578b100\u5831\u916c\u6307\u6578_\u65e5\u6b632","^TAIDIVIDI   \u81fa\u7063\u9ad8\u80a1\u606f\u5831\u916c\u6307\u6578","^TAIDIVIDIx2 \u81fa\u7063\u9ad8\u80a1\u606f\u5831\u916c\u6307\u6578_\u65e5\u6b632","0050Fund     \u5143\u5927\u53f0\u7063\u5353\u8d8a50\u57fa\u91d1","006208Fund   \u5bcc\u90a6\u53f0\u7063\u91c6\u540950\u57fa\u91d1","0050         \u5143\u5927\u81fa\u706350","00631L       \u5143\u5927\u53f0\u706350\u6b632","00675L       \u5bcc\u90a6\u81fa\u7063\u52a0\u6b0a\u6b632","006208       \u5bcc\u90a6\u53f050","0051         \u5143\u5927\u4e2d\u578b100","006204       \u6c38\u8c50\u81fa\u7063\u52a0\u6b0a","0056         \u5143\u5927\u9ad8\u80a1\u606f","0056         \u5143\u5927\u9ad8\u80a1\u606f_\u80a1\u606f\u4e0d\u6295\u5165","2412         \u4e2d\u83ef\u96fb\u4fe1","2002         \u4e2d\u92fc","2330         \u53f0\u7a4d\u96fb","2317         \u9d3b\u6d77","6505         \u53f0\u5851\u77f3\u5316","3481         \u7fa4\u5275","2303         \u806f\u96fb","2308         \u53f0\u9054\u96fb","2454         \u806f\u767c\u79d1","2886         \u5146\u8c50\u91d1","2884         \u7389\u5c71\u91d1","2891         \u4e2d\u4fe1\u91d1","2892         \u7b2c\u4e00\u91d1","5880         \u5408\u5eab\u91d1","2881         \u5bcc\u90a6\u91d1","2885         \u5143\u5927\u91d1","2887         \u53f0\u65b0\u91d1"],"zmin":-1,"zmax":1,"colorbar":{"x":-0.2}}],"layout":{"autotypenumbers":"strict","colorway":["#636efa","#EF553B","#00cc96","#ab63fa","#FFA15A","#19d3f3","#FF6692","#B6E880","#FF97FF","#FECB52"],"font":{"color":"#f2f5fa","family":"Courier New"},"hovermode":"closest","hoverlabel":{"align":"left"},"paper_bgcolor":"rgb(17,17,17)","plot_bgcolor":"rgb(17,17,17)","polar":{"bgcolor":"rgb(17,17,17)","angularaxis":{"gridcolor":"#506784","linecolor":"#506784","ticks":""},"radialaxis":{"gridcolor":"#506784","linecolor":"#506784","ticks":""}},"ternary":{"bgcolor":"rgb(17,17,17)","aaxis":{"gridcolor":"#506784","linecolor":"#506784","ticks":""},"baxis":{"gridcolor":"#506784","linecolor":"#506784","ticks":""},"caxis":{"gridcolor":"#506784","linecolor":"#506784","ticks":""}},"coloraxis":{"colorbar":{"outlinewidth":0,"ticks":""}},"colorscale":{"sequential":[[0.0,"#0d0887"],[0.1111111111111111,"#46039f"],[0.2222222222222222,"#7201a8"],[0.3333333333333333,"#9c179e"],[0.4444444444444444,"#bd3786"],[0.5555555555555556,"#d8576b"],[0.6666666666666666,"#ed7953"],[0.7777777777777778,"#fb9f3a"],[0.8888888888888888,"#fdca26"],[1.0,"#f0f921"]],"sequentialminus":[[0.0,"#0d0887"],[0.1111111111111111,"#46039f"],[0.2222222222222222,"#7201a8"],[0.3333333333333333,"#9c179e"],[0.4444444444444444,"#bd3786"],[0.5555555555555556,"#d8576b"],[0.6666666666666666,"#ed7953"],[0.7777777777777778,"#fb9f3a"],[0.8888888888888888,"#fdca26"],[1.0,"#f0f921"]],"diverging":[[0,"#8e0152"],[0.1,"#c51b7d"],[0.2,"#de77ae"],[0.3,"#f1b6da"],[0.4,"#fde0ef"],[0.5,"#f7f7f7"],[0.6,"#e6f5d0"],[0.7,"#b8e186"],[0.8,"#7fbc41"],[0.9,"#4d9221"],[1,"#276419"]]},"xaxis":{"gridcolor":"rgba(0, 0, 0, 0)","linecolor":"#506784","ticks":"","title":{"standoff":15},"zerolinecolor":"#283442","automargin":true,"zerolinewidth":2,"tickfont":{"family":"Courier New","size":14},"side":"top","tickangle":-90},"yaxis":{"gridcolor":"rgba(0, 0, 0, 0)","linecolor":"#506784","ticks":"","title":{"standoff":15},"zerolinecolor":"#283442","automargin":true,"zerolinewidth":2,"tickfont":{"family":"Courier New"},"side":"right"},"scene":{"xaxis":{"backgroundcolor":"rgb(17,17,17)","gridcolor":"#506784","linecolor":"#506784","showbackground":true,"ticks":"","zerolinecolor":"#C8D4E3","gridwidth":2},"yaxis":{"backgroundcolor":"rgb(17,17,17)","gridcolor":"#506784","linecolor":"#506784","showbackground":true,"ticks":"","zerolinecolor":"#C8D4E3","gridwidth":2},"zaxis":{"backgroundcolor":"rgb(17,17,17)","gridcolor":"#506784","linecolor":"#506784","showbackground":true,"ticks":"","zerolinecolor":"#C8D4E3","gridwidth":2}},"shapedefaults":{"line":{"color":"#f2f5fa"}},"annotationdefaults":{"arrowcolor":"#f2f5fa","arrowhead":0,"arrowwidth":1},"geo":{"bgcolor":"rgb(17,17,17)","landcolor":"rgb(17,17,17)","subunitcolor":"#506784","showland":true,"showlakes":true,"lakecolor":"rgb(17,17,17)"},"title":{"x":0.05,"font":{"family":"Times New Roman"},"y":0.05,"text":"<b>Correlation of Close<b><br><i>2016-09-23 ~ 2026-06-29<i>"},"updatemenudefaults":{"bgcolor":"#506784","borderwidth":0},"sliderdefaults":{"bgcolor":"#C8D4E3","borderwidth":1,"bordercolor":"rgb(17,17,17)","tickwidth":0},"mapbox":{"style":"dark"},"annotations":[{"text":"<b>@zwindr<b>","textangle":0,"opacity":0.5,"font":{"color":"white","size":12},"xref":"paper","yref":"paper","xanchor":"left","yanchor":"bottom","x":1.0,"y":1.0,"showarrow":false}]},"config":{"responsive":true,"toImageButtonOptions":{"filename":"Correlation of Close_2016-09-23~2026-06-29","scale":5}}};Plotly.newPlot("correlationClose",correlationClose.data,correlationClose.layout||{},correlationClose.config);}else{console.log("style display is none => correlationClose");}