var correlationAdjClose = {"data": [{"type": "heatmap", "z": [[1.0, 0.9939795885627035, 0.9768591707799418, 0.9976470308133941, 0.9647672844325651, 0.9814062342471241, -0.9428129046906158, 0.9899762370883837, 0.9699999286530986, 0.9972228593539642, 0.9972130583903056, 0.997693763369555, 0.9931955859082828, 0.9939013533858226, 0.9972095734005566, 0.9839221241117939, 0.999666264867277, 0.990009854523871, 0.9200193677453934, 0.7411574310994682, 0.9853593843770965, 0.9208123119031402, 0.4442649164672162, -0.30353799693499184, 0.9013026794859677, 0.9742242837610148, 0.9544050278283341, 0.9800353614263526, 0.963701420434576, 0.9756736981499226, 0.9719415467989034, 0.9454301018747836, 0.9796738701769366, 0.9701376422466794, 0.9549590810080483], [0.9939795885627035, 1.0, 0.9722323403148496, 0.991295286121518, 0.9602294773133634, 0.9768140112060035, -0.9381200995608505, 0.9808253222657373, 0.9630518019195426, 0.9953403950257528, 0.9951881230660241, 0.9943853625200576, 0.992296187156773, 0.9915414105432072, 0.9951149807395825, 0.9778625969367789, 0.9966466739230121, 0.9835965506752294, 0.9090484293638003, 0.7523074440859391, 0.9669278946029535, 0.9001838786170271, 0.44297207026237356, -0.2277117468488393, 0.8751958400999127, 0.9618715373186884, 0.9539764637176826, 0.9578462251922223, 0.9496388804335248, 0.9653805945259585, 0.9560362319610091, 0.9432361871927731, 0.9684830054391357, 0.9614287078825751, 0.9484887110803591], [0.9768591707799418, 0.9722323403148496, 1.0, 0.9829526760760945, 0.9960275309073381, 0.9790002719333306, -0.9757263789019093, 0.9701594054862251, 0.9839272633473377, 0.98862667586176, 0.9893475297601274, 0.9857941908761787, 0.9970712509256109, 0.9968935213793446, 0.9891034692536247, 0.9776732502217471, 0.987750245212791, 0.9700542553050773, 0.8271264662210768, 0.6308560902498797, 0.9901546422604205, 0.9113640503839937, 0.279048616185085, -0.22641156294172118, 0.9071480195390162, 0.9437612970190074, 0.9793888745172565, 0.9297014317867479, 0.9110769431425022, 0.9637088329309447, 0.9197914631914311, 0.9067567365414051, 0.9663550156625471, 0.9738144840918741, 0.9248570356031464], [0.9976470308133941, 0.991295286121518, 0.9829526760760945, 1.0, 0.976387196487277, 0.9736398088837259, -0.9376270322681082, 0.9843359920198319, 0.9674587610980645, 0.9999708350709352, 0.999989245588986, 0.9999568705815334, 0.9914095400506596, 0.9894440392411598, 0.9999429822176741, 0.9735366778506357, 0.9960510644857686, 0.9841964923667971, 0.9061752441003801, 0.7111320708282838, 0.9932916907641676, 0.9221421714359169, 0.42018064856666504, -0.2949724682832981, 0.899479429990443, 0.9692277772262828, 0.960747167621865, 0.970968428837268, 0.9608723440912849, 0.9775958532716391, 0.9622169994826628, 0.9343859877416296, 0.9776662247328989, 0.9687568827444498, 0.946824831575779], [0.9647672844325651, 0.9602294773133634, 0.9960275309073381, 0.976387196487277, 1.0, 0.9587080516997046, -0.9572738208174116, 0.9551743537737999, 0.9716923942006318, 0.9848973749864902, 0.985658009579085, 0.9816622292766591, 0.9865441598958715, 0.9828893365961495, 0.9853158149430381, 0.956344105131495, 0.975955250418744, 0.9549777125267136, 0.8067402434708827, 0.5953152066623982, 0.989477159055183, 0.9072774757870259, 0.25474256858866473, -0.219589911794302, 0.8886872466402128, 0.9300216778087792, 0.9772145382950629, 0.9095190736102838, 0.8974523129875384, 0.9575166815646532, 0.898347895651851, 0.8807524897159201, 0.9562065151325072, 0.9622736505091124, 0.9017546943883818], [0.9814062342471241, 0.9768140112060035, 0.9790002719333306, 0.9736398088837259, 0.9587080516997046, 1.0, -0.9807315437772206, 0.9804785441913637, 0.9797619606316894, 0.9687768445031099, 0.9691337619886109, 0.9716882440463077, 0.9770683829354185, 0.9750523684357116, 0.9689120959374007, 0.9999067369505004, 0.9860437991604806, 0.9815742589526638, 0.8611747478190263, 0.7077312271958874, 0.9672291813487581, 0.8913639985584516, 0.31008047962627583, -0.21512192623936086, 0.9366639158441163, 0.9565412404344541, 0.9593628862659176, 0.9571824492382314, 0.9271176040060374, 0.9521268236549171, 0.9512827175654993, 0.9546444195489612, 0.9564984182803243, 0.9762752036475034, 0.9555107181668031], [-0.9428129046906158, -0.9381200995608505, -0.9757263789019093, -0.9376270322681082, -0.9572738208174116, -0.9807315437772206, 1.0, -0.9515737863249395, -0.9833570988945504, -0.9479750938643865, -0.9492042582108239, -0.9443596335914705, -0.974057472538905, -0.9757874756139014, -0.9488181830201141, -0.9838918655337274, -0.9644200405788792, -0.9545928173689462, -0.7737852219583251, -0.6058562708359512, -0.9428994259500626, -0.8817152149770917, -0.16768361879423788, 0.14945194396537687, -0.904897417779588, -0.913928646515208, -0.9571236264734305, -0.8984986755194047, -0.857393374387403, -0.9245366675117097, -0.8899367081792929, -0.9088849869396588, -0.9250969255552047, -0.9634089889302893, -0.9097068141327906], [0.9899762370883837, 0.9808253222657373, 0.9701594054862251, 0.9843359920198319, 0.9551743537737999, 0.9804785441913637, -0.9515737863249395, 1.0, 0.9823791556403393, 0.9800682539947807, 0.9800223625060961, 0.9832401326740172, 0.9759131628360087, 0.9748933979249117, 0.9800121223101603, 0.9824187719872463, 0.9875976010036744, 0.9998703957902365, 0.9230055502847203, 0.6755224681403927, 0.9738859722155685, 0.8949353676753703, 0.3020645644648494, -0.3115142116440917, 0.9055688992141232, 0.955393288272073, 0.9373880920337289, 0.9775161063129092, 0.9521693046759924, 0.9689225865345867, 0.9624136674866192, 0.9353201529153853, 0.9589399330885993, 0.9571653371980064, 0.9655746048271534], [0.9699999286530986, 0.9630518019195426, 0.9839272633473377, 0.9674587610980645, 0.9716923942006318, 0.9797619606316894, -0.9833570988945504, 0.9823791556403393, 1.0, 0.9630512972315564, 0.9637266071010838, 0.9655392791227604, 0.9729260628682476, 0.9700103214495019, 0.9634622969990381, 0.978878440840246, 0.9700852236062624, 0.98170063036229, 0.8495152780040829, 0.6001853755412219, 0.9674947103134184, 0.9059072534375527, 0.15925151128958226, -0.2302199802394298, 0.8869554935751554, 0.9328463662650297, 0.9598752961028488, 0.9327645695202779, 0.8943578565012296, 0.9563990694734109, 0.9156454400291322, 0.9025194805298654, 0.9448489911596246, 0.9690845090970578, 0.9232921445264344], [0.9972228593539642, 0.9953403950257528, 0.98862667586176, 0.9999708350709352, 0.9848973749864902, 0.9687768445031099, -0.9479750938643865, 0.9800682539947807, 0.9630512972315564, 1.0, 0.9999874261886104, 0.999982398498563, 0.9912432508590696, 0.9892430123050671, 0.9999477370943659, 0.9693296357255786, 0.9956374761153352, 0.9811006378740919, 0.9304947965608222, 0.6358322578979809, 0.9966738696716595, 0.8996235691445712, -0.012818384358955805, 0.43700001763629936, 0.9171542496334315, 0.9534332697656793, 0.9660130681652224, 0.9617590086211607, 0.9425332638766443, 0.9653625012972022, 0.9415175515184037, 0.9204822930530236, 0.9648334915983191, 0.9800549337406876, 0.9443618535632723], [0.9972130583903056, 0.9951881230660241, 0.9893475297601274, 0.999989245588986, 0.985658009579085, 0.9691337619886109, -0.9492042582108239, 0.9800223625060961, 0.9637266071010838, 0.9999874261886104, 1.0, 0.9999714411936094, 0.9914323819003211, 0.9894273113814868, 0.9999524346874226, 0.969659105513183, 0.9956884563922027, 0.9810243834922038, 0.9296494615296699, 0.6321534796414208, 0.996967423271506, 0.8988515483843095, -0.027720184184861798, 0.4325855020678335, 0.916456037063641, 0.9532778211020794, 0.966912078675674, 0.9612466060898804, 0.9412139471766668, 0.9654630955237135, 0.9404682427241852, 0.9191974394870644, 0.9650209139893193, 0.9805891827303889, 0.9436718416578983], [0.997693763369555, 0.9943853625200576, 0.9857941908761787, 0.9999568705815334, 0.9816622292766591, 0.9716882440463077, -0.9443596335914705, 0.9832401326740172, 0.9655392791227604, 0.999982398498563, 0.9999714411936094, 1.0, 0.9912025941028458, 0.9891552558345881, 0.9999613679750665, 0.9721376186901364, 0.9958237846647041, 0.9838266452802954, 0.9217608626448992, 0.6810604994640727, 0.9958578164415514, 0.9161611162875885, 0.18490696469015175, -0.19485918183345835, 0.9240085083677414, 0.962299839098675, 0.9556309916433912, 0.9652165827445225, 0.9514847058013072, 0.9720948741418192, 0.9526607419255416, 0.9331247647571798, 0.9722074731202055, 0.9670438779743543, 0.9529836705309591], [0.9931955859082828, 0.992296187156773, 0.9970712509256109, 0.9914095400506596, 0.9865441598958715, 0.9770683829354185, -0.974057472538905, 0.9759131628360087, 0.9729260628682476, 0.9912432508590696, 0.9914323819003211, 0.9912025941028458, 1.0, 0.9996813349294009, 0.9913622097733344, 0.9779036508853803, 0.9935399045990959, 0.9773104027107155, 0.9113794970456884, 0.5740070706002416, 0.9861084489787986, 0.891374969053636, -0.3136823551965055, 0.45896475385313845, 0.9069785561022506, 0.9528588427654547, 0.9775144859202889, 0.9440542066745683, 0.9033199990928276, 0.9464295728384229, 0.91407928257219, 0.8896058225926012, 0.9630975357923622, 0.9795889164581014, 0.9357949429258053], [0.9939013533858226, 0.9915414105432072, 0.9968935213793446, 0.9894440392411598, 0.9828893365961495, 0.9750523684357116, -0.9757874756139014, 0.9748933979249117, 0.9700103214495019, 0.9892430123050671, 0.9894273113814868, 0.9891552558345881, 0.9996813349294009, 1.0, 0.9894686817600238, 0.9759572489736156, 0.9940711907552607, 0.976549992102175, 0.9188574673508072, 0.4550584135471163, 0.9808861780808081, 0.8801315209859891, -0.7064178866524585, 0.43720055999821755, 0.8800209003850341, 0.9496547600655698, 0.9768780146078228, 0.9363518172030979, 0.885401340112297, 0.937362790125447, 0.9109610301187611, 0.8678552406108861, 0.9652725487587107, 0.9778284904349226, 0.9282030218306733], [0.9972095734005566, 0.9951149807395825, 0.9891034692536247, 0.9999429822176741, 0.9853158149430381, 0.9689120959374007, -0.9488181830201141, 0.9800121223101603, 0.9634622969990381, 0.9999477370943659, 0.9999524346874226, 0.9999613679750665, 0.9913622097733344, 0.9894686817600238, 1.0, 0.9694661157456737, 0.9956578351917522, 0.9810640014819982, 0.930371781246634, 0.6320264254547215, 0.9968005715779935, 0.8990972376774597, -0.02602325154793319, 0.4318079970091973, 0.9161334284073406, 0.952435855096175, 0.9662696151364314, 0.9615754191495445, 0.9418179493135326, 0.9654938721138243, 0.941128387923895, 0.9197096882585339, 0.9649023243716143, 0.9804384883866407, 0.9439074440026566], [0.9839221241117939, 0.9778625969367789, 0.9776732502217471, 0.9735366778506357, 0.956344105131495, 0.9999067369505004, -0.9838918655337274, 0.9824187719872463, 0.978878440840246, 0.9693296357255786, 0.969659105513183, 0.9721376186901364, 0.9779036508853803, 0.9759572489736156, 0.9694661157456737, 1.0, 0.9864974836636663, 0.9817196404493034, 0.8849424130820897, 0.707552888990771, 0.9657937701002931, 0.8870342028173767, 0.18010592313872453, -0.19363548447215354, 0.9452058509879351, 0.9583725819277686, 0.9561639101057755, 0.9606017140151322, 0.9240745036308845, 0.9489041156805575, 0.95220808440934, 0.9540122840258058, 0.9591013870434384, 0.9758499086527747, 0.9603080370814308], [0.999666264867277, 0.9966466739230121, 0.987750245212791, 0.9960510644857686, 0.975955250418744, 0.9860437991604806, -0.9644200405788792, 0.9875976010036744, 0.9700852236062624, 0.9956374761153352, 0.9956884563922027, 0.9958237846647041, 0.9935399045990959, 0.9940711907552607, 0.9956578351917522, 0.9864974836636663, 1.0, 0.9884818730133912, 0.9360774345066026, 0.6738773182465435, 0.9888915461533624, 0.8962560270872607, 0.024816382392753245, 0.45072021203737267, 0.9353361525927991, 0.9608795203304598, 0.9643942427299068, 0.9744703545879934, 0.946658382557334, 0.9643605175879534, 0.9562704842085709, 0.9430713176566377, 0.9709861955951675, 0.9845593076936978, 0.9650102375372364], [0.990009854523871, 0.9835965506752294, 0.9700542553050773, 0.9841964923667971, 0.9549777125267136, 0.9815742589526638, -0.9545928173689462, 0.9998703957902365, 0.98170063036229, 0.9811006378740919, 0.9810243834922038, 0.9838266452802954, 0.9773104027107155, 0.976549992102175, 0.9810640014819982, 0.9817196404493034, 0.9884818730133912, 1.0, 0.9293395949169515, 0.6740467038407456, 0.9728937693894244, 0.9000362886976963, 0.2684176933166699, -0.2927071873419403, 0.9110477200950211, 0.9540910024011172, 0.9374696931625384, 0.977993664323633, 0.9515731106992343, 0.9674548677052077, 0.9608862109200704, 0.9351836121156873, 0.9582977390805534, 0.9550898833208986, 0.9667470511971511], [0.9200193677453934, 0.9090484293638003, 0.8271264662210768, 0.9061752441003801, 0.8067402434708827, 0.8611747478190263, -0.7737852219583251, 0.9230055502847203, 0.8495152780040829, 0.9304947965608222, 0.9296494615296699, 0.9217608626448992, 0.9113794970456884, 0.9188574673508072, 0.930371781246634, 0.8849424130820897, 0.9360774345066026, 0.9293395949169515, 1.0, 0.8416631070807327, 0.8575648566633276, 0.8724408029954234, 0.6913525924895029, -0.5331689807290225, 0.6965116530153992, 0.9155955348027933, 0.799464478031029, 0.9571444232924257, 0.9347777424653477, 0.9015278544616372, 0.9433337917484278, 0.8930380065218139, 0.897438923153845, 0.8453251698046714, 0.8779967250726297], [0.7411574310994682, 0.7523074440859391, 0.6308560902498797, 0.7111320708282838, 0.5953152066623982, 0.7077312271958874, -0.6058562708359512, 0.6755224681403927, 0.6001853755412219, 0.6358322578979809, 0.6321534796414208, 0.6810604994640727, 0.5740070706002416, 0.4550584135471163, 0.6320264254547215, 0.707552888990771, 0.6738773182465435, 0.6740467038407456, 0.8416631070807327, 1.0, 0.6338030513079077, 0.7477393121048059, 0.7315841966624629, -0.11635345967323964, 0.5375986928101512, 0.7517229332975829, 0.6377790689750686, 0.7924778658609738, 0.7282912992333093, 0.6685730908794709, 0.7646373951235873, 0.7672697789392005, 0.6988952611867043, 0.6664668797707612, 0.7017034946165038], [0.9853593843770965, 0.9669278946029535, 0.9901546422604205, 0.9932916907641676, 0.989477159055183, 0.9672291813487581, -0.9428994259500626, 0.9738859722155685, 0.9674947103134184, 0.9966738696716595, 0.996967423271506, 0.9958578164415514, 0.9861084489787986, 0.9808861780808081, 0.9968005715779935, 0.9657937701002931, 0.9888915461533624, 0.9728937693894244, 0.8575648566633276, 0.6338030513079077, 1.0, 0.8930627142159133, 0.3464380004867495, -0.28889188018373146, 0.8863069695624818, 0.952612026867077, 0.9699713286348787, 0.9397849999767738, 0.9436914103726132, 0.9688608699526565, 0.9401762953064611, 0.910329890981579, 0.9679533586790214, 0.9551387364711995, 0.9286149226380391], [0.9208123119031402, 0.9001838786170271, 0.9113640503839937, 0.9221421714359169, 0.9072774757870259, 0.8913639985584516, -0.8817152149770917, 0.8949353676753703, 0.9059072534375527, 0.8996235691445712, 0.8988515483843095, 0.9161611162875885, 0.891374969053636, 0.8801315209859891, 0.8990972376774597, 0.8870342028173767, 0.8962560270872607, 0.9000362886976963, 0.8724408029954234, 0.7477393121048059, 0.8930627142159133, 1.0, 0.3940161129086868, -0.18782851855051708, 0.6988106689968069, 0.9172813821728151, 0.8836449735633702, 0.8960730599883283, 0.8441449512894612, 0.9210962708071658, 0.8652343772214452, 0.8397352515222564, 0.9192384288640296, 0.8647488049668401, 0.846963143441471], [0.4442649164672162, 0.44297207026237356, 0.279048616185085, 0.42018064856666504, 0.25474256858866473, 0.31008047962627583, -0.16768361879423788, 0.3020645644648494, 0.15925151128958226, -0.012818384358955805, -0.027720184184861798, 0.18490696469015175, -0.3136823551965055, -0.7064178866524585, -0.02602325154793319, 0.18010592313872453, 0.024816382392753245, 0.2684176933166699, 0.6913525924895029, 0.7315841966624629, 0.3464380004867495, 0.3940161129086868, 1.0, -0.3958187554049005, 0.29470412595242873, 0.42351038623875265, 0.2256561744567406, 0.5200331179666382, 0.5190420359117254, 0.38179508693972763, 0.5373307070137965, 0.44677726486496633, 0.3975527684564184, 0.31676413162542855, 0.4214684484929893], [-0.30353799693499184, -0.2277117468488393, -0.22641156294172118, -0.2949724682832981, -0.219589911794302, -0.21512192623936086, 0.14945194396537687, -0.3115142116440917, -0.2302199802394298, 0.43700001763629936, 0.4325855020678335, -0.19485918183345835, 0.45896475385313845, 0.43720055999821755, 0.4318079970091973, -0.19363548447215354, 0.45072021203737267, -0.2927071873419403, -0.5331689807290225, -0.11635345967323964, -0.28889188018373146, -0.18782851855051708, -0.3958187554049005, 1.0, -0.14743527662957603, -0.3321905107274786, -0.1751865709889776, -0.3899783213427624, -0.3800378966379393, -0.32749753544043214, -0.34586968619016184, -0.2021923640800258, -0.35089802919321694, -0.17751915006816155, -0.31594152186555535], [0.9013026794859677, 0.8751958400999127, 0.9071480195390162, 0.899479429990443, 0.8886872466402128, 0.9366639158441163, -0.904897417779588, 0.9055688992141232, 0.8869554935751554, 0.9171542496334315, 0.916456037063641, 0.9240085083677414, 0.9069785561022506, 0.8800209003850341, 0.9161334284073406, 0.9452058509879351, 0.9353361525927991, 0.9110477200950211, 0.6965116530153992, 0.5375986928101512, 0.8863069695624818, 0.6988106689968069, 0.29470412595242873, -0.14743527662957603, 1.0, 0.8359098071556708, 0.8855373596457156, 0.809418770800885, 0.8583556805084094, 0.8280628596715516, 0.8656896541033309, 0.859348572381488, 0.8565401602737255, 0.8664344953543813, 0.8937378144561984], [0.9742242837610148, 0.9618715373186884, 0.9437612970190074, 0.9692277772262828, 0.9300216778087792, 0.9565412404344541, -0.913928646515208, 0.955393288272073, 0.9328463662650297, 0.9534332697656793, 0.9532778211020794, 0.962299839098675, 0.9528588427654547, 0.9496547600655698, 0.952435855096175, 0.9583725819277686, 0.9608795203304598, 0.9540910024011172, 0.9155955348027933, 0.7517229332975829, 0.952612026867077, 0.9172813821728151, 0.42351038623875265, -0.3321905107274786, 0.8359098071556708, 1.0, 0.9331023805638121, 0.9601579308802558, 0.9347533369586261, 0.9433730929428884, 0.943979864147667, 0.9164279287610516, 0.9635375508506008, 0.9267795827818954, 0.9240075687606785], [0.9544050278283341, 0.9539764637176826, 0.9793888745172565, 0.960747167621865, 0.9772145382950629, 0.9593628862659176, -0.9571236264734305, 0.9373880920337289, 0.9598752961028488, 0.9660130681652224, 0.966912078675674, 0.9556309916433912, 0.9775144859202889, 0.9768780146078228, 0.9662696151364314, 0.9561639101057755, 0.9643942427299068, 0.9374696931625384, 0.799464478031029, 0.6377790689750686, 0.9699713286348787, 0.8836449735633702, 0.2256561744567406, -0.1751865709889776, 0.8855373596457156, 0.9331023805638121, 1.0, 0.9026702158420934, 0.8805957234674463, 0.9366731761474163, 0.8830217508324227, 0.8833858720105707, 0.9433888849696109, 0.9704986379379855, 0.8840228912662667], [0.9800353614263526, 0.9578462251922223, 0.9297014317867479, 0.970968428837268, 0.9095190736102838, 0.9571824492382314, -0.8984986755194047, 0.9775161063129092, 0.9327645695202779, 0.9617590086211607, 0.9612466060898804, 0.9652165827445225, 0.9440542066745683, 0.9363518172030979, 0.9615754191495445, 0.9606017140151322, 0.9744703545879934, 0.977993664323633, 0.9571444232924257, 0.7924778658609738, 0.9397849999767738, 0.8960730599883283, 0.5200331179666382, -0.3899783213427624, 0.809418770800885, 0.9601579308802558, 0.9026702158420934, 1.0, 0.9854601423934491, 0.9655455844750138, 0.9896153260240974, 0.9513389879824178, 0.9581450612278095, 0.9127825402385927, 0.9662449226024555], [0.963701420434576, 0.9496388804335248, 0.9110769431425022, 0.9608723440912849, 0.8974523129875384, 0.9271176040060374, -0.857393374387403, 0.9521693046759924, 0.8943578565012296, 0.9425332638766443, 0.9412139471766668, 0.9514847058013072, 0.9033199990928276, 0.885401340112297, 0.9418179493135326, 0.9240745036308845, 0.946658382557334, 0.9515731106992343, 0.9347777424653477, 0.7282912992333093, 0.9436914103726132, 0.8441449512894612, 0.5190420359117254, -0.3800378966379393, 0.8583556805084094, 0.9347533369586261, 0.8805957234674463, 0.9854601423934491, 1.0, 0.9494585607572129, 0.9828429139639546, 0.9546510190600063, 0.9340257128542174, 0.916359043380189, 0.9617644846170236], [0.9756736981499226, 0.9653805945259585, 0.9637088329309447, 0.9775958532716391, 0.9575166815646532, 0.9521268236549171, -0.9245366675117097, 0.9689225865345867, 0.9563990694734109, 0.9653625012972022, 0.9654630955237135, 0.9720948741418192, 0.9464295728384229, 0.937362790125447, 0.9654938721138243, 0.9489041156805575, 0.9643605175879534, 0.9674548677052077, 0.9015278544616372, 0.6685730908794709, 0.9688608699526565, 0.9210962708071658, 0.38179508693972763, -0.32749753544043214, 0.8280628596715516, 0.9433730929428884, 0.9366731761474163, 0.9655455844750138, 0.9494585607572129, 1.0, 0.9532813461864539, 0.9172754250440835, 0.97559526876773, 0.9561228684478071, 0.9444401831335184], [0.9719415467989034, 0.9560362319610091, 0.9197914631914311, 0.9622169994826628, 0.898347895651851, 0.9512827175654993, -0.8899367081792929, 0.9624136674866192, 0.9156454400291322, 0.9415175515184037, 0.9404682427241852, 0.9526607419255416, 0.91407928257219, 0.9109610301187611, 0.941128387923895, 0.95220808440934, 0.9562704842085709, 0.9608862109200704, 0.9433337917484278, 0.7646373951235873, 0.9401762953064611, 0.8652343772214452, 0.5373307070137965, -0.34586968619016184, 0.8656896541033309, 0.943979864147667, 0.8830217508324227, 0.9896153260240974, 0.9828429139639546, 0.9532813461864539, 1.0, 0.9731391409297134, 0.9422594581618365, 0.9348919271332103, 0.9617193623836943], [0.9454301018747836, 0.9432361871927731, 0.9067567365414051, 0.9343859877416296, 0.8807524897159201, 0.9546444195489612, -0.9088849869396588, 0.9353201529153853, 0.9025194805298654, 0.9204822930530236, 0.9191974394870644, 0.9331247647571798, 0.8896058225926012, 0.8678552406108861, 0.9197096882585339, 0.9540122840258058, 0.9430713176566377, 0.9351836121156873, 0.8930380065218139, 0.7672697789392005, 0.910329890981579, 0.8397352515222564, 0.44677726486496633, -0.2021923640800258, 0.859348572381488, 0.9164279287610516, 0.8833858720105707, 0.9513389879824178, 0.9546510190600063, 0.9172754250440835, 0.9731391409297134, 1.0, 0.904946566273271, 0.9327086144908301, 0.952263189154199], [0.9796738701769366, 0.9684830054391357, 0.9663550156625471, 0.9776662247328989, 0.9562065151325072, 0.9564984182803243, -0.9250969255552047, 0.9589399330885993, 0.9448489911596246, 0.9648334915983191, 0.9650209139893193, 0.9722074731202055, 0.9630975357923622, 0.9652725487587107, 0.9649023243716143, 0.9591013870434384, 0.9709861955951675, 0.9582977390805534, 0.897438923153845, 0.6988952611867043, 0.9679533586790214, 0.9192384288640296, 0.3975527684564184, -0.35089802919321694, 0.8565401602737255, 0.9635375508506008, 0.9433888849696109, 0.9581450612278095, 0.9340257128542174, 0.97559526876773, 0.9422594581618365, 0.904946566273271, 1.0, 0.9525960030221855, 0.9405055379369962], [0.9701376422466794, 0.9614287078825751, 0.9738144840918741, 0.9687568827444498, 0.9622736505091124, 0.9762752036475034, -0.9634089889302893, 0.9571653371980064, 0.9690845090970578, 0.9800549337406876, 0.9805891827303889, 0.9670438779743543, 0.9795889164581014, 0.9778284904349226, 0.9804384883866407, 0.9758499086527747, 0.9845593076936978, 0.9550898833208986, 0.8453251698046714, 0.6664668797707612, 0.9551387364711995, 0.8647488049668401, 0.31676413162542855, -0.17751915006816155, 0.8664344953543813, 0.9267795827818954, 0.9704986379379855, 0.9127825402385927, 0.916359043380189, 0.9561228684478071, 0.9348919271332103, 0.9327086144908301, 0.9525960030221855, 1.0, 0.9168261921380928], [0.9549590810080483, 0.9484887110803591, 0.9248570356031464, 0.946824831575779, 0.9017546943883818, 0.9555107181668031, -0.9097068141327906, 0.9655746048271534, 0.9232921445264344, 0.9443618535632723, 0.9436718416578983, 0.9529836705309591, 0.9357949429258053, 0.9282030218306733, 0.9439074440026566, 0.9603080370814308, 0.9650102375372364, 0.9667470511971511, 0.8779967250726297, 0.7017034946165038, 0.9286149226380391, 0.846963143441471, 0.4214684484929893, -0.31594152186555535, 0.8937378144561984, 0.9240075687606785, 0.8840228912662667, 0.9662449226024555, 0.9617644846170236, 0.9444401831335184, 0.9617193623836943, 0.952263189154199, 0.9405055379369962, 0.9168261921380928, 1.0]], "x": ["^TAIEX       \u81fa\u7063\u52a0\u6b0a\u5831\u916c\u6307\u6578", "^TWII        \u81fa\u7063\u52a0\u6b0a\u6307\u6578", "^TAIEXx2     \u81fa\u7063\u52a0\u6b0a\u5831\u916c\u6307\u6578_\u65e5\u6b632", "^TAI50I      \u81fa\u706350\u5831\u916c\u6307\u6578", "^TAI50Ix2    \u81fa\u706350\u5831\u916c\u6307\u6578_\u65e5\u6b632", "^TAI100I     \u81fa\u7063\u4e2d\u578b100\u5831\u916c\u6307\u6578", "^TAI100Ix2   \u81fa\u7063\u4e2d\u578b100\u5831\u916c\u6307\u6578_\u65e5\u6b632", "^TAIDIVIDI   \u81fa\u7063\u9ad8\u80a1\u606f\u5831\u916c\u6307\u6578", "^TAIDIVIDIx2 \u81fa\u7063\u9ad8\u80a1\u606f\u5831\u916c\u6307\u6578_\u65e5\u6b632", "0050Fund     \u5143\u5927\u53f0\u7063\u5353\u8d8a50\u57fa\u91d1", "006208Fund   \u5bcc\u90a6\u53f0\u7063\u91c6\u540950\u57fa\u91d1", "0050         \u5143\u5927\u81fa\u706350", "00631L       \u5143\u5927\u53f0\u706350\u6b632", "00675L       \u5bcc\u90a6\u81fa\u7063\u52a0\u6b0a\u6b632", "006208       \u5bcc\u90a6\u53f050", "0051         \u5143\u5927\u4e2d\u578b100", "006204       \u6c38\u8c50\u81fa\u7063\u52a0\u6b0a", "0056         \u5143\u5927\u9ad8\u80a1\u606f", "2412         \u4e2d\u83ef\u96fb\u4fe1", "2002         \u4e2d\u92fc", "2330         \u53f0\u7a4d\u96fb", "2317         \u9d3b\u6d77", "6505         \u53f0\u5851\u77f3\u5316", "3481         \u7fa4\u5275", "2303         \u806f\u96fb", "2308         \u53f0\u9054\u96fb", "2454         \u806f\u767c\u79d1", "2886         \u5146\u8c50\u91d1", "2884         \u7389\u5c71\u91d1", "2891         \u4e2d\u4fe1\u91d1", "2892         \u7b2c\u4e00\u91d1", "5880         \u5408\u5eab\u91d1", "2881         \u5bcc\u90a6\u91d1", "2885         \u5143\u5927\u91d1", "2887         \u53f0\u65b0\u91d1"], "y": ["^TAIEX       \u81fa\u7063\u52a0\u6b0a\u5831\u916c\u6307\u6578", "^TWII        \u81fa\u7063\u52a0\u6b0a\u6307\u6578", "^TAIEXx2     \u81fa\u7063\u52a0\u6b0a\u5831\u916c\u6307\u6578_\u65e5\u6b632", "^TAI50I      \u81fa\u706350\u5831\u916c\u6307\u6578", "^TAI50Ix2    \u81fa\u706350\u5831\u916c\u6307\u6578_\u65e5\u6b632", "^TAI100I     \u81fa\u7063\u4e2d\u578b100\u5831\u916c\u6307\u6578", "^TAI100Ix2   \u81fa\u7063\u4e2d\u578b100\u5831\u916c\u6307\u6578_\u65e5\u6b632", "^TAIDIVIDI   \u81fa\u7063\u9ad8\u80a1\u606f\u5831\u916c\u6307\u6578", "^TAIDIVIDIx2 \u81fa\u7063\u9ad8\u80a1\u606f\u5831\u916c\u6307\u6578_\u65e5\u6b632", "0050Fund     \u5143\u5927\u53f0\u7063\u5353\u8d8a50\u57fa\u91d1", "006208Fund   \u5bcc\u90a6\u53f0\u7063\u91c6\u540950\u57fa\u91d1", "0050         \u5143\u5927\u81fa\u706350", "00631L       \u5143\u5927\u53f0\u706350\u6b632", "00675L       \u5bcc\u90a6\u81fa\u7063\u52a0\u6b0a\u6b632", "006208       \u5bcc\u90a6\u53f050", "0051         \u5143\u5927\u4e2d\u578b100", "006204       \u6c38\u8c50\u81fa\u7063\u52a0\u6b0a", "0056         \u5143\u5927\u9ad8\u80a1\u606f", "2412         \u4e2d\u83ef\u96fb\u4fe1", "2002         \u4e2d\u92fc", "2330         \u53f0\u7a4d\u96fb", "2317         \u9d3b\u6d77", "6505         \u53f0\u5851\u77f3\u5316", "3481         \u7fa4\u5275", "2303         \u806f\u96fb", "2308         \u53f0\u9054\u96fb", "2454         \u806f\u767c\u79d1", "2886         \u5146\u8c50\u91d1", "2884         \u7389\u5c71\u91d1", "2891         \u4e2d\u4fe1\u91d1", "2892         \u7b2c\u4e00\u91d1", "5880         \u5408\u5eab\u91d1", "2881         \u5bcc\u90a6\u91d1", "2885         \u5143\u5927\u91d1", "2887         \u53f0\u65b0\u91d1"], "zmin": -1, "zmax": 1, "colorbar": {"x": -0.2}}], "layout": {"autotypenumbers": "strict", "colorway": ["#636efa", "#EF553B", "#00cc96", "#ab63fa", "#FFA15A", "#19d3f3", "#FF6692", "#B6E880", "#FF97FF", "#FECB52"], "font": {"color": "#f2f5fa", "family": "Courier New"}, "hovermode": "closest", "hoverlabel": {"align": "left"}, "paper_bgcolor": "rgb(17,17,17)", "plot_bgcolor": "rgb(17,17,17)", "polar": {"bgcolor": "rgb(17,17,17)", "angularaxis": {"gridcolor": "#506784", "linecolor": "#506784", "ticks": ""}, "radialaxis": {"gridcolor": "#506784", "linecolor": "#506784", "ticks": ""}}, "ternary": {"bgcolor": "rgb(17,17,17)", "aaxis": {"gridcolor": "#506784", "linecolor": "#506784", "ticks": ""}, "baxis": {"gridcolor": "#506784", "linecolor": "#506784", "ticks": ""}, "caxis": {"gridcolor": "#506784", "linecolor": "#506784", "ticks": ""}}, "coloraxis": {"colorbar": {"outlinewidth": 0, "ticks": ""}}, "colorscale": {"sequential": [[0.0, "#0d0887"], [0.1111111111111111, "#46039f"], [0.2222222222222222, "#7201a8"], [0.3333333333333333, "#9c179e"], [0.4444444444444444, "#bd3786"], [0.5555555555555556, "#d8576b"], [0.6666666666666666, "#ed7953"], [0.7777777777777778, "#fb9f3a"], [0.8888888888888888, "#fdca26"], [1.0, "#f0f921"]], "sequentialminus": [[0.0, "#0d0887"], [0.1111111111111111, "#46039f"], [0.2222222222222222, "#7201a8"], [0.3333333333333333, "#9c179e"], [0.4444444444444444, "#bd3786"], [0.5555555555555556, "#d8576b"], [0.6666666666666666, "#ed7953"], [0.7777777777777778, "#fb9f3a"], [0.8888888888888888, "#fdca26"], [1.0, "#f0f921"]], "diverging": [[0, "#8e0152"], [0.1, "#c51b7d"], [0.2, "#de77ae"], [0.3, "#f1b6da"], [0.4, "#fde0ef"], [0.5, "#f7f7f7"], [0.6, "#e6f5d0"], [0.7, "#b8e186"], [0.8, "#7fbc41"], [0.9, "#4d9221"], [1, "#276419"]]}, "xaxis": {"gridcolor": "rgba(0, 0, 0, 0)", "linecolor": "#506784", "ticks": "", "title": {"standoff": 15}, "zerolinecolor": "#283442", "automargin": true, "zerolinewidth": 2, "tickfont": {"family": "Courier New", "size": 14}, "side": "top", "tickangle": -90}, "yaxis": {"gridcolor": "rgba(0, 0, 0, 0)", "linecolor": "#506784", "ticks": "", "title": {"standoff": 15}, "zerolinecolor": "#283442", "automargin": true, "zerolinewidth": 2, "tickfont": {"family": "Courier New"}, "side": "right"}, "scene": {"xaxis": {"backgroundcolor": "rgb(17,17,17)", "gridcolor": "#506784", "linecolor": "#506784", "showbackground": true, "ticks": "", "zerolinecolor": "#C8D4E3", "gridwidth": 2}, "yaxis": {"backgroundcolor": "rgb(17,17,17)", "gridcolor": "#506784", "linecolor": "#506784", "showbackground": true, "ticks": "", "zerolinecolor": "#C8D4E3", "gridwidth": 2}, "zaxis": {"backgroundcolor": "rgb(17,17,17)", "gridcolor": "#506784", "linecolor": "#506784", "showbackground": true, "ticks": "", "zerolinecolor": "#C8D4E3", "gridwidth": 2}}, "shapedefaults": {"line": {"color": "#f2f5fa"}}, "annotationdefaults": {"arrowcolor": "#f2f5fa", "arrowhead": 0, "arrowwidth": 1}, "geo": {"bgcolor": "rgb(17,17,17)", "landcolor": "rgb(17,17,17)", "subunitcolor": "#506784", "showland": true, "showlakes": true, "lakecolor": "rgb(17,17,17)"}, "title": {"x": 0.05, "font": {"family": "Times New Roman"}, "y": 0.05, "text": "<b>Correlation of Adj Close<b><br><i>2016-09-23 ~ 2025-07-28<i>"}, "updatemenudefaults": {"bgcolor": "#506784", "borderwidth": 0}, "sliderdefaults": {"bgcolor": "#C8D4E3", "borderwidth": 1, "bordercolor": "rgb(17,17,17)", "tickwidth": 0}, "mapbox": {"style": "dark"}}, "config": {"responsive": true, "toImageButtonOptions": {"filename": "Correlation of Adj Close_2016-09-23~2025-07-28", "scale": 5}}};

Plotly.newPlot("correlationAdjClose",
    correlationAdjClose.data,
    correlationAdjClose.layout || {},
    correlationAdjClose.config);