var element=document.getElementById("correlationAdjClose");if(element.style.display!='none'){var correlationAdjClose={"data":[{"type":"heatmap","z":[[1.0,0.9963790211664902,0.9532574711664118,0.9964322005983469,0.9204225888421549,0.9884535930879219,0.9624826798006402,0.9809459720241602,0.98055784460204,0.996553707302211,0.9964984529450235,0.9967158213748464,0.8673130968327747,0.9825847821644212,0.9965990723137189,0.9891120954444143,0.9997785180776398,0.9807266089971407,0.8961204232508863,0.8904657202816822,0.5974405988038557,0.9858148291713605,0.945671159229312,0.2765431091432026,-0.21107062680653452,0.9173199366325974,0.8886122733676022,0.9485806894158602,0.9412686571061079,0.9417630617754269,0.9833417077405263,0.9409373777681892,0.898372317699108,0.9716258438161349,0.9829017509002613,0.9599040181828811],[0.9963790211664902,1.0,0.9572330796854709,0.9939094573916429,0.9253627495913537,0.9849728641816643,0.9631981905249523,0.9717615146293468,0.9763538639723454,0.9949309566073872,0.9964705881680085,0.9960364763389975,0.8747594050587748,0.9855304495180861,0.9965230510633156,0.9848577855221106,0.9979672609328911,0.9735449846260371,0.9074337950438264,0.8778894814808363,0.6214345235859611,0.976691073889875,0.9287784906379888,0.270859539001466,-0.15073164662831187,0.90259595537721,0.8924636683041854,0.9517962349058732,0.9225246730427699,0.928000404287587,0.9760745520897359,0.9245404372182277,0.89510419959241,0.9616017821149526,0.9770780738008387,0.9536036400225859],[0.9532574711664118,0.9572330796854709,1.0,0.9710348745342924,0.994285543928991,0.9448118498976448,0.9811670799682057,0.90112946890714,0.952659762656462,0.9711749470225461,0.9784421900123846,0.9750540567159236,0.8981494284813856,0.9974663741792247,0.9782532572369593,0.9423602955379983,0.9640879562825209,0.90192142560003,0.8094193177465326,0.7357792535213706,0.4074289782901421,0.9782099410187926,0.8964887256577997,0.09891333046603008,-0.10043661963667623,0.8845799342983189,0.9670539725125092,0.9667888852719622,0.8047673187625025,0.8165616694325679,0.9349397605050683,0.8087819192182767,0.7603601438163451,0.8868943944801447,0.9541871995350358,0.8788667049787551],[0.9964322005983469,0.9939094573916429,0.9710348745342924,1.0,0.9454641760503153,0.9800781923977291,0.9667368085665051,0.965956921022537,0.9759254173831691,0.9999811881872752,0.9999949149887494,0.999973973833464,0.8777380431216646,0.9885488353647457,0.9999673956262808,0.9784394319607287,0.996044674028286,0.965496884778893,0.8724567194986563,0.8609353990704326,0.5475817367542031,0.9953235009670268,0.943852086119082,0.2368423065384129,-0.1910216958105257,0.9090408580701486,0.9140880831608913,0.9561001887172242,0.915409822446028,0.9231490712264486,0.9819021007194756,0.916029217863036,0.8688457061244474,0.9593545134636179,0.9813142457791094,0.9454920383974857],[0.9204225888421549,0.9253627495913537,0.994285543928991,0.9454641760503153,1.0,0.9062025720425038,0.9592108640209827,0.8552611142716775,0.9190184417431382,0.9461592495248208,0.9578759164170948,0.9527778429605311,0.8917756276013501,0.9858810742233521,0.9575149602222262,0.9034103392250653,0.9347562258602747,0.8561063923339927,0.7581920336601364,0.6805576411830736,0.3442823202722079,0.9582793551549099,0.864588283834728,0.06326599115943135,-0.07693458870457877,0.8444789217888896,0.9790193206001989,0.9480020296745884,0.7456273531470009,0.7645813487794333,0.9025494762688528,0.751355456995997,0.6960873416974054,0.8411900345011283,0.9220583354285459,0.832367583832639],[0.9884535930879219,0.9849728641816643,0.9448118498976448,0.9800781923977291,0.9062025720425038,1.0,0.9761473169148743,0.980782754012846,0.9855856823246295,0.9797010330056619,0.9747619921331793,0.9777956994337691,0.8469983883032801,0.9536212101090913,0.9748180548196367,0.9999255150707317,0.9899201101524848,0.9816564534844635,0.90396794689153,0.8610078931380528,0.5685176873310238,0.9719364488781082,0.9270309381926087,0.1706282892108777,-0.1546335784248261,0.9403973088264952,0.8638485756685411,0.9462385277669672,0.9332981385921038,0.9228367379019335,0.9691008243200175,0.9339169796533637,0.9143281822025832,0.9601319114520458,0.9848897099450555,0.963623291900974],[0.9624826798006402,0.9631981905249523,0.9811670799682057,0.9667368085665051,0.9592108640209827,0.9761473169148743,1.0,0.9351818744515377,0.9803159270276585,0.9660045258162152,0.9748065371919761,0.9714076357357809,0.8835680888894331,0.983788095979888,0.9744644616543315,0.9772391707562034,0.9770997497374477,0.9379756281056003,0.8511091557230179,0.7604269006573585,0.4301243222232967,0.9688463733219576,0.9122151301328283,0.03905900707299082,-0.08004090761937682,0.9097755536588822,0.9209899261062008,0.9655468401484769,0.8437532518943407,0.8354893244251883,0.9436524451036457,0.8456633569478095,0.8237397095853162,0.9089685653278577,0.9737085609850876,0.9084940455015558],[0.9809459720241602,0.9717615146293468,0.90112946890714,0.965956921022537,0.8552611142716775,0.980782754012846,0.9351818744515377,1.0,0.9794282625420314,0.9658486448695871,0.9606374012550074,0.9646819823599684,0.8070480350787537,0.9235767376674839,0.960959788785354,0.9825622762125654,0.978074842281386,0.999894686945654,0.9360516019538575,0.9285250496013805,0.5598616985858703,0.9518040870594263,0.9203617159731616,0.14783777986413443,-0.2500906551937749,0.9184883669169303,0.796954182927847,0.912259502643956,0.9695358226453296,0.9556819408851148,0.9696664642171684,0.9609044737400873,0.9246348821336527,0.9689707395890994,0.9593773415972496,0.9727294743413917],[0.98055784460204,0.9763538639723454,0.952659762656462,0.9759254173831691,0.9190184417431382,0.9855856823246295,0.9803159270276585,0.9794282625420314,1.0,0.975447190240312,0.9713946788819604,0.9742670067102036,0.8500716435692135,0.9550270742195993,0.971240821503052,0.9849532274583922,0.9795736477728014,0.979622823640515,0.9054582793302014,0.8514897270083767,0.4542351966827833,0.9701708945521315,0.9351646167391543,0.010238921935471322,-0.15820068139934002,0.9131744677242158,0.8596324837175755,0.9579926908588571,0.9089208606908258,0.89273872493405,0.968605717670467,0.9019115703152727,0.8663668463122861,0.9491594331982443,0.9795514585175246,0.9362140147824357],[0.996553707302211,0.9949309566073872,0.9711749470225461,0.9999811881872752,0.9461592495248208,0.9797010330056619,0.9660045258162152,0.9658486448695871,0.975447190240312,1.0,0.999994524094048,0.9999849072413762,0.8794984748157934,0.9886077928416461,0.9999688526282066,0.978168796556028,0.995935354535905,0.965324994202916,0.8739936434657,0.8610502176946508,0.5385550436208427,0.9955426667986313,0.9444267526861498,0.23922655161158862,-0.1874932661419223,0.9098818675005034,0.9132067514364837,0.9549344303175779,0.9132029244894729,0.9205987422298645,0.981218019836189,0.9137376977622871,0.8655274347834886,0.957849974261642,0.9809590528591033,0.9441868527431209],[0.9964984529450235,0.9964705881680085,0.9784421900123846,0.9999949149887494,0.9578759164170948,0.9747619921331793,0.9748065371919761,0.9606374012550074,0.9713946788819604,0.999994524094048,1.0,0.9999791872279584,0.8796049867641315,0.9884990675810993,0.9999707943164571,0.9743233390070338,0.9958289708863265,0.961372204852113,0.8899546272241331,0.8898324486912876,0.37059245260146373,0.9977960148484774,0.9349407055970219,-0.22190223292990927,0.6122695798498485,0.9034065872961634,0.9049426328026746,0.9546821218426854,0.8915918830242342,0.8972404150022742,0.9757873884295563,0.8842088722966204,0.8197393029703466,0.9452251212894427,0.98599399172293,0.9411198866491849],[0.9967158213748464,0.9960364763389975,0.9750540567159236,0.999973973833464,0.9527778429605311,0.9777956994337691,0.9714076357357809,0.9646819823599684,0.9742670067102036,0.9999849072413762,0.9999791872279584,1.0,0.8796346271531867,0.9886683329414134,0.9999768165752455,0.9774133235632297,0.9958521903612352,0.9649148361937757,0.8813785346950699,0.8780290543815268,0.4534524393970874,0.9971022155017816,0.9430564671222007,-0.027073042834680594,0.003088135433286781,0.9157411967382845,0.907811618727769,0.9515453288447298,0.9009348610628753,0.9065891211517583,0.9783540478919963,0.8993146705451912,0.8490601260892603,0.9524086523643807,0.9812078100780922,0.9440111543872146],[0.8673130968327747,0.8747594050587748,0.8981494284813856,0.8777380431216646,0.8917756276013501,0.8469983883032801,0.8835680888894331,0.8070480350787537,0.8500716435692135,0.8794984748157934,0.8796049867641315,0.8796346271531867,1.0,0.9998703168435282,0.8783059838659629,0.846988691310434,0.8690251784371662,0.8095820817614018,0.7367006492345226,0.695651584109977,0.19136104567458923,0.8770676404589222,0.8132234828301775,-0.4805241062600176,0.6271239607147469,0.776468164050184,0.8668556493901639,0.8754522901829397,0.7008904661900672,0.7024070601496549,0.8398830885313229,0.6902982269856865,0.6110305248810889,0.7984569548070495,0.8623145039315611,0.7993525370380913],[0.9825847821644212,0.9855304495180861,0.9974663741792247,0.9885488353647457,0.9858810742233521,0.9536212101090913,0.983788095979888,0.9235767376674839,0.9550270742195993,0.9886077928416461,0.9884990675810993,0.9886683329414134,0.9998703168435282,1.0,0.9885015918050487,0.9526770291567462,0.9812849131207091,0.9252471898938742,0.8402443079606633,0.8517479691047167,0.09721225251825258,0.9820342768683893,0.8962623926737269,-0.6667961764609905,0.6681842239665812,0.8644921645635663,0.9511089798655961,0.9622560338644642,0.8027988099333168,0.818582205215287,0.9411443081879257,0.8114290023110953,0.6941282328619769,0.8896404885172535,0.9656462350755993,0.9095905069056683],[0.9965990723137189,0.9965230510633156,0.9782532572369593,0.9999673956262808,0.9575149602222262,0.9748180548196367,0.9744644616543315,0.960959788785354,0.971240821503052,0.9999688526282066,0.9999707943164571,0.9999768165752455,0.8783059838659629,0.9885015918050487,1.0,0.9744565007996843,0.9959266691668733,0.9617650398170998,0.8905944539549482,0.8912414611236389,0.37377347660503724,0.997665140838557,0.9348056477818433,-0.21888264656938794,0.6086492643960066,0.9030073573345034,0.9038080975400788,0.9546063878708185,0.8930870957448391,0.8986192368454493,0.9757093349911163,0.8858315293505274,0.8219028676584803,0.945422903895437,0.9859610199170273,0.9415293636482999],[0.9891120954444143,0.9848577855221106,0.9423602955379983,0.9784394319607287,0.9034103392250653,0.9999255150707317,0.9772391707562034,0.9825622762125654,0.9849532274583922,0.978168796556028,0.9743233390070338,0.9774133235632297,0.846988691310434,0.9526770291567462,0.9744565007996843,1.0,0.9897955382098645,0.9820831117473872,0.9069727827016654,0.8848789816679165,0.5406912054096419,0.96983106827412,0.9236192520201185,0.01857544459258768,-0.08649254186082103,0.9450463469678,0.8538756359870224,0.9426383741556501,0.9350266823801162,0.9195727849229176,0.9667889589374612,0.9340723100592316,0.9100178837829614,0.9619974206188467,0.9841795020481366,0.9660156505888219],[0.9997785180776398,0.9979672609328911,0.9640879562825209,0.996044674028286,0.9347562258602747,0.9899201101524848,0.9770997497374477,0.978074842281386,0.9795736477728014,0.995935354535905,0.9958289708863265,0.9958521903612352,0.8690251784371662,0.9812849131207091,0.9959266691668733,0.9897955382098645,1.0,0.9786657312003669,0.9157312529997033,0.9119437915571151,0.44327642619281465,0.9903481322128208,0.9344861629531899,-0.16751378236400774,0.6102870230766206,0.926754139437504,0.8796087137550606,0.9510194936634712,0.9239190327355372,0.9195993785901196,0.9780083793259624,0.9163385328763771,0.8670452774819492,0.9616107713952544,0.9913794349267976,0.9634868115767043],[0.9807266089971407,0.9735449846260371,0.90192142560003,0.965496884778893,0.8561063923339927,0.9816564534844635,0.9379756281056003,0.999894686945654,0.979622823640515,0.965324994202916,0.961372204852113,0.9649148361937757,0.8095820817614018,0.9252471898938742,0.9617650398170998,0.9820831117473872,0.9786657312003669,1.0,0.9388533522173784,0.934091221328044,0.5541738804597942,0.9505581803822128,0.9234860721632192,0.10940683563054333,-0.1898642609238267,0.9227041477755941,0.794225936147577,0.9131410102066336,0.9691265121077856,0.9543944134472268,0.9683768719028566,0.9589708659983105,0.9228755392072769,0.9681158356064223,0.9581890314112944,0.9731719176727553],[0.8961204232508863,0.9074337950438264,0.8094193177465326,0.8724567194986563,0.7581920336601364,0.90396794689153,0.8511091557230179,0.9360516019538575,0.9054582793302014,0.8739936434657,0.8899546272241331,0.8813785346950699,0.7367006492345226,0.8402443079606633,0.8905944539549482,0.9069727827016654,0.9157312529997033,0.9388533522173784,1.0,0.8444859721172223,0.6412042926225909,0.8458220900962959,0.8323952258765965,0.19818923744436287,-0.09146316159568829,0.8735225056943593,0.6891503604591058,0.8354869731688142,0.8985244342917995,0.8712588225056364,0.865652553874889,0.881165732448128,0.8609687232856459,0.8731535059327546,0.8764898141507492,0.9046749401201252],[0.8904657202816822,0.8778894814808363,0.7357792535213706,0.8609353990704326,0.6805576411830736,0.8610078931380528,0.7604269006573585,0.9285250496013805,0.8514897270083767,0.8610502176946508,0.8898324486912876,0.8780290543815268,0.695651584109977,0.8517479691047167,0.8912414611236389,0.8848789816679165,0.9119437915571151,0.934091221328044,0.8444859721172223,1.0,0.8065076686384373,0.8119252899691718,0.8663877541315731,0.5918932161213175,-0.48012839065266855,0.7236431150017331,0.6732166973997072,0.7560802978551862,0.9629100535531554,0.942438400703128,0.881358729336693,0.9515782206350298,0.908475565647828,0.9028599582819222,0.8324203361186756,0.8857407330496918],[0.5974405988038557,0.6214345235859611,0.4074289782901421,0.5475817367542031,0.3442823202722079,0.5685176873310238,0.4301243222232967,0.5598616985858703,0.4542351966827833,0.5385550436208427,0.37059245260146373,0.4534524393970874,0.19136104567458923,0.09721225251825258,0.37377347660503724,0.5406912054096419,0.44327642619281465,0.5541738804597942,0.6412042926225909,0.8065076686384373,1.0,0.4927684996188533,0.6376832549121061,0.7212426655449267,-0.11547015106619155,0.4857807485612072,0.3885481101901259,0.48817829671426965,0.751713021131829,0.6740033201712538,0.5508681449362863,0.7090053859880938,0.7401499062969292,0.6203624397545714,0.553547538606632,0.6253348679880184],[0.9858148291713605,0.976691073889875,0.9782099410187926,0.9953235009670268,0.9582793551549099,0.9719364488781082,0.9688463733219576,0.9518040870594263,0.9701708945521315,0.9955426667986313,0.9977960148484774,0.9971022155017816,0.8770676404589222,0.9820342768683893,0.997665140838557,0.96983106827412,0.9903481322128208,0.9505581803822128,0.8458220900962959,0.8119252899691718,0.4927684996188533,1.0,0.9217065456547296,0.17338771018702034,-0.17797411536641886,0.8921700998690935,0.9251394926992597,0.9542607628613232,0.879528095032507,0.8998113754263999,0.9738333660341768,0.8886005086120301,0.8375706193747446,0.9446083780939158,0.9700271135205936,0.9266462351621729],[0.945671159229312,0.9287784906379888,0.8964887256577997,0.943852086119082,0.864588283834728,0.9270309381926087,0.9122151301328283,0.9203617159731616,0.9351646167391543,0.9444267526861498,0.9349407055970219,0.9430564671222007,0.8132234828301775,0.8962623926737269,0.9348056477818433,0.9236192520201185,0.9344861629531899,0.9234860721632192,0.8323952258765965,0.8663877541315731,0.6376832549121061,0.9217065456547296,1.0,0.2369832011221859,-0.1359325397645253,0.7727816828424641,0.8279600699232558,0.8867064084471504,0.8982591094650089,0.8720411125182352,0.9488786512602732,0.8788484622385532,0.8399839186885556,0.9424141767853114,0.9078516621809706,0.8870487676856729],[0.2765431091432026,0.270859539001466,0.09891333046603008,0.2368423065384129,0.06326599115943135,0.1706282892108777,0.03905900707299082,0.14783777986413443,0.010238921935471322,0.23922655161158862,-0.22190223292990927,-0.027073042834680594,-0.4805241062600176,-0.6667961764609905,-0.21888264656938794,0.01857544459258768,-0.16751378236400774,0.10940683563054333,0.19818923744436287,0.5918932161213175,0.7212426655449267,0.17338771018702034,0.2369832011221859,1.0,-0.38110801219629953,0.20309647596409916,0.10370444143847515,0.1032566605900197,0.4228005386169893,0.4080696367960311,0.2290026469127712,0.4334696545013692,0.3750114865175834,0.2774777404819539,0.18074492410470863,0.3051998603579738],[-0.21107062680653452,-0.15073164662831187,-0.10043661963667623,-0.1910216958105257,-0.07693458870457877,-0.1546335784248261,-0.08004090761937682,-0.2500906551937749,-0.15820068139934002,-0.1874932661419223,0.6122695798498485,0.003088135433286781,0.6271239607147469,0.6681842239665812,0.6086492643960066,-0.08649254186082103,0.6102870230766206,-0.1898642609238267,-0.09146316159568829,-0.48012839065266855,-0.11547015106619155,-0.17797411536641886,-0.1359325397645253,-0.38110801219629953,1.0,-0.09678826760246652,-0.09191643188206852,-0.08623609774670914,-0.35075837158812395,-0.3343759571218502,-0.23512378527132966,-0.3086720569668072,-0.19028918333127473,-0.2866009276725017,-0.11567210840562692,-0.2545479516091269],[0.9173199366325974,0.90259595537721,0.8845799342983189,0.9090408580701486,0.8444789217888896,0.9403973088264952,0.9097755536588822,0.9184883669169303,0.9131744677242158,0.9098818675005034,0.9034065872961634,0.9157411967382845,0.776468164050184,0.8644921645635663,0.9030073573345034,0.9450463469678,0.926754139437504,0.9227041477755941,0.8735225056943593,0.7236431150017331,0.4857807485612072,0.8921700998690935,0.7727816828424641,0.20309647596409916,-0.09678826760246652,1.0,0.7934076346430312,0.9114175171388968,0.8142823620849422,0.8570105431421287,0.8621908122967187,0.8594859628102479,0.839995767281896,0.871913285326767,0.8964873297164184,0.904634302994572],[0.8886122733676022,0.8924636683041854,0.9670539725125092,0.9140880831608913,0.9790193206001989,0.8638485756685411,0.9209899261062008,0.796954182927847,0.8596324837175755,0.9132067514364837,0.9049426328026746,0.907811618727769,0.8668556493901639,0.9511089798655961,0.9038080975400788,0.8538756359870224,0.8796087137550606,0.794225936147577,0.6891503604591058,0.6732166973997072,0.3885481101901259,0.9251394926992597,0.8279600699232558,0.10370444143847515,-0.09191643188206852,0.7934076346430312,1.0,0.9064144555258026,0.7155779148060863,0.7298154003304944,0.8620102196069136,0.7151723573253492,0.6624851226027108,0.7990202918715154,0.8799733481898611,0.7975793511847771],[0.9485806894158602,0.9517962349058732,0.9667888852719622,0.9561001887172242,0.9480020296745884,0.9462385277669672,0.9655468401484769,0.912259502643956,0.9579926908588571,0.9549344303175779,0.9546821218426854,0.9515453288447298,0.8754522901829397,0.9622560338644642,0.9546063878708185,0.9426383741556501,0.9510194936634712,0.9131410102066336,0.8354869731688142,0.7560802978551862,0.48817829671426965,0.9542607628613232,0.8867064084471504,0.1032566605900197,-0.08623609774670914,0.9114175171388968,0.9064144555258026,1.0,0.8331898345052525,0.832348233926538,0.9249368530512786,0.8250508806156756,0.7977530345355955,0.9015948051998565,0.9579889338347536,0.872381503686506],[0.9412686571061079,0.9225246730427699,0.8047673187625025,0.915409822446028,0.7456273531470009,0.9332981385921038,0.8437532518943407,0.9695358226453296,0.9089208606908258,0.9132029244894729,0.8915918830242342,0.9009348610628753,0.7008904661900672,0.8027988099333168,0.8930870957448391,0.9350266823801162,0.9239190327355372,0.9691265121077856,0.8985244342917995,0.9629100535531554,0.751713021131829,0.879528095032507,0.8982591094650089,0.4228005386169893,-0.35075837158812395,0.8142823620849422,0.7155779148060863,0.8331898345052525,1.0,0.9870830334005177,0.9378648010164284,0.9913817163094731,0.9567865832782337,0.9577432055905135,0.8902452637429737,0.9587846146538819],[0.9417630617754269,0.928000404287587,0.8165616694325679,0.9231490712264486,0.7645813487794333,0.9228367379019335,0.8354893244251883,0.9556819408851148,0.89273872493405,0.9205987422298645,0.8972404150022742,0.9065891211517583,0.7024070601496549,0.818582205215287,0.8986192368454493,0.9195727849229176,0.9195993785901196,0.9543944134472268,0.8712588225056364,0.942438400703128,0.6740033201712538,0.8998113754263999,0.8720411125182352,0.4080696367960311,-0.3343759571218502,0.8570105431421287,0.7298154003304944,0.832348233926538,0.9870830334005177,1.0,0.9391880477961736,0.9860184571248736,0.9568781423859744,0.9459132712424986,0.9086188529166607,0.9615369936471733],[0.9833417077405263,0.9760745520897359,0.9349397605050683,0.9819021007194756,0.9025494762688528,0.9691008243200175,0.9436524451036457,0.9696664642171684,0.968605717670467,0.981218019836189,0.9757873884295563,0.9783540478919963,0.8398830885313229,0.9411443081879257,0.9757093349911163,0.9667889589374612,0.9780083793259624,0.9683768719028566,0.865652553874889,0.881358729336693,0.5508681449362863,0.9738333660341768,0.9488786512602732,0.2290026469127712,-0.23512378527132966,0.8621908122967187,0.8620102196069136,0.9249368530512786,0.9378648010164284,0.9391880477961736,1.0,0.9342690703628205,0.8853095737046784,0.9745985864221753,0.9722913917400932,0.9543185035379409],[0.9409373777681892,0.9245404372182277,0.8087819192182767,0.916029217863036,0.751355456995997,0.9339169796533637,0.8456633569478095,0.9609044737400873,0.9019115703152727,0.9137376977622871,0.8842088722966204,0.8993146705451912,0.6902982269856865,0.8114290023110953,0.8858315293505274,0.9340723100592316,0.9163385328763771,0.9589708659983105,0.881165732448128,0.9515782206350298,0.7090053859880938,0.8886005086120301,0.8788484622385532,0.4334696545013692,-0.3086720569668072,0.8594859628102479,0.7151723573253492,0.8250508806156756,0.9913817163094731,0.9860184571248736,0.9342690703628205,1.0,0.9744650649097543,0.9487823486971202,0.9128689913130196,0.9584542606594142],[0.898372317699108,0.89510419959241,0.7603601438163451,0.8688457061244474,0.6960873416974054,0.9143281822025832,0.8237397095853162,0.9246348821336527,0.8663668463122861,0.8655274347834886,0.8197393029703466,0.8490601260892603,0.6110305248810889,0.6941282328619769,0.8219028676584803,0.9100178837829614,0.8670452774819492,0.9228755392072769,0.8609687232856459,0.908475565647828,0.7401499062969292,0.8375706193747446,0.8399839186885556,0.3750114865175834,-0.19028918333127473,0.839995767281896,0.6624851226027108,0.7977530345355955,0.9567865832782337,0.9568781423859744,0.8853095737046784,0.9744650649097543,1.0,0.9051849719474014,0.8869713786169635,0.937891883526883],[0.9716258438161349,0.9616017821149526,0.8868943944801447,0.9593545134636179,0.8411900345011283,0.9601319114520458,0.9089685653278577,0.9689707395890994,0.9491594331982443,0.957849974261642,0.9452251212894427,0.9524086523643807,0.7984569548070495,0.8896404885172535,0.945422903895437,0.9619974206188467,0.9616107713952544,0.9681158356064223,0.8731535059327546,0.9028599582819222,0.6203624397545714,0.9446083780939158,0.9424141767853114,0.2774777404819539,-0.2866009276725017,0.871913285326767,0.7990202918715154,0.9015948051998565,0.9577432055905135,0.9459132712424986,0.9745985864221753,0.9487823486971202,0.9051849719474014,1.0,0.953557138066448,0.9529301528844677],[0.9829017509002613,0.9770780738008387,0.9541871995350358,0.9813142457791094,0.9220583354285459,0.9848897099450555,0.9737085609850876,0.9593773415972496,0.9795514585175246,0.9809590528591033,0.98599399172293,0.9812078100780922,0.8623145039315611,0.9656462350755993,0.9859610199170273,0.9841795020481366,0.9913794349267976,0.9581890314112944,0.8764898141507492,0.8324203361186756,0.553547538606632,0.9700271135205936,0.9078516621809706,0.18074492410470863,-0.11567210840562692,0.8964873297164184,0.8799733481898611,0.9579889338347536,0.8902452637429737,0.9086188529166607,0.9722913917400932,0.9128689913130196,0.8869713786169635,0.953557138066448,1.0,0.9352301829549491],[0.9599040181828811,0.9536036400225859,0.8788667049787551,0.9454920383974857,0.832367583832639,0.963623291900974,0.9084940455015558,0.9727294743413917,0.9362140147824357,0.9441868527431209,0.9411198866491849,0.9440111543872146,0.7993525370380913,0.9095905069056683,0.9415293636482999,0.9660156505888219,0.9634868115767043,0.9731719176727553,0.9046749401201252,0.8857407330496918,0.6253348679880184,0.9266462351621729,0.8870487676856729,0.3051998603579738,-0.2545479516091269,0.904634302994572,0.7975793511847771,0.872381503686506,0.9587846146538819,0.9615369936471733,0.9543185035379409,0.9584542606594142,0.937891883526883,0.9529301528844677,0.9352301829549491,1.0]],"x":["^TAIEX       \u81fa\u7063\u52a0\u6b0a\u5831\u916c\u6307\u6578","^TWII        \u81fa\u7063\u52a0\u6b0a\u6307\u6578","^TAIEXx2     \u81fa\u7063\u52a0\u6b0a\u5831\u916c\u6307\u6578_\u65e5\u6b632","^TAI50I      \u81fa\u706350\u5831\u916c\u6307\u6578","^TAI50Ix2    \u81fa\u706350\u5831\u916c\u6307\u6578_\u65e5\u6b632","^TAI100I     \u81fa\u7063\u4e2d\u578b100\u5831\u916c\u6307\u6578","^TAI100Ix2   \u81fa\u7063\u4e2d\u578b100\u5831\u916c\u6307\u6578_\u65e5\u6b632","^TAIDIVIDI   \u81fa\u7063\u9ad8\u80a1\u606f\u5831\u916c\u6307\u6578","^TAIDIVIDIx2 \u81fa\u7063\u9ad8\u80a1\u606f\u5831\u916c\u6307\u6578_\u65e5\u6b632","0050Fund     \u5143\u5927\u53f0\u7063\u5353\u8d8a50\u57fa\u91d1","006208Fund   \u5bcc\u90a6\u53f0\u7063\u91c6\u540950\u57fa\u91d1","0050         \u5143\u5927\u81fa\u706350","00631L       \u5143\u5927\u53f0\u706350\u6b632","00675L       \u5bcc\u90a6\u81fa\u7063\u52a0\u6b0a\u6b632","006208       \u5bcc\u90a6\u53f050","0051         \u5143\u5927\u4e2d\u578b100","006204       \u6c38\u8c50\u81fa\u7063\u52a0\u6b0a","0056         \u5143\u5927\u9ad8\u80a1\u606f","0056         \u5143\u5927\u9ad8\u80a1\u606f_\u80a1\u606f\u4e0d\u6295\u5165","2412         \u4e2d\u83ef\u96fb\u4fe1","2002         \u4e2d\u92fc","2330         \u53f0\u7a4d\u96fb","2317         \u9d3b\u6d77","6505         \u53f0\u5851\u77f3\u5316","3481         \u7fa4\u5275","2303         \u806f\u96fb","2308         \u53f0\u9054\u96fb","2454         \u806f\u767c\u79d1","2886         \u5146\u8c50\u91d1","2884         \u7389\u5c71\u91d1","2891         \u4e2d\u4fe1\u91d1","2892         \u7b2c\u4e00\u91d1","5880         \u5408\u5eab\u91d1","2881         \u5bcc\u90a6\u91d1","2885         \u5143\u5927\u91d1","2887         \u53f0\u65b0\u91d1"],"y":["^TAIEX       \u81fa\u7063\u52a0\u6b0a\u5831\u916c\u6307\u6578","^TWII        \u81fa\u7063\u52a0\u6b0a\u6307\u6578","^TAIEXx2     \u81fa\u7063\u52a0\u6b0a\u5831\u916c\u6307\u6578_\u65e5\u6b632","^TAI50I      \u81fa\u706350\u5831\u916c\u6307\u6578","^TAI50Ix2    \u81fa\u706350\u5831\u916c\u6307\u6578_\u65e5\u6b632","^TAI100I     \u81fa\u7063\u4e2d\u578b100\u5831\u916c\u6307\u6578","^TAI100Ix2   \u81fa\u7063\u4e2d\u578b100\u5831\u916c\u6307\u6578_\u65e5\u6b632","^TAIDIVIDI   \u81fa\u7063\u9ad8\u80a1\u606f\u5831\u916c\u6307\u6578","^TAIDIVIDIx2 \u81fa\u7063\u9ad8\u80a1\u606f\u5831\u916c\u6307\u6578_\u65e5\u6b632","0050Fund     \u5143\u5927\u53f0\u7063\u5353\u8d8a50\u57fa\u91d1","006208Fund   \u5bcc\u90a6\u53f0\u7063\u91c6\u540950\u57fa\u91d1","0050         \u5143\u5927\u81fa\u706350","00631L       \u5143\u5927\u53f0\u706350\u6b632","00675L       \u5bcc\u90a6\u81fa\u7063\u52a0\u6b0a\u6b632","006208       \u5bcc\u90a6\u53f050","0051         \u5143\u5927\u4e2d\u578b100","006204       \u6c38\u8c50\u81fa\u7063\u52a0\u6b0a","0056         \u5143\u5927\u9ad8\u80a1\u606f","0056         \u5143\u5927\u9ad8\u80a1\u606f_\u80a1\u606f\u4e0d\u6295\u5165","2412         \u4e2d\u83ef\u96fb\u4fe1","2002         \u4e2d\u92fc","2330         \u53f0\u7a4d\u96fb","2317         \u9d3b\u6d77","6505         \u53f0\u5851\u77f3\u5316","3481         \u7fa4\u5275","2303         \u806f\u96fb","2308         \u53f0\u9054\u96fb","2454         \u806f\u767c\u79d1","2886         \u5146\u8c50\u91d1","2884         \u7389\u5c71\u91d1","2891         \u4e2d\u4fe1\u91d1","2892         \u7b2c\u4e00\u91d1","5880         \u5408\u5eab\u91d1","2881         \u5bcc\u90a6\u91d1","2885         \u5143\u5927\u91d1","2887         \u53f0\u65b0\u91d1"],"zmin":-1,"zmax":1,"colorbar":{"x":-0.2}}],"layout":{"autotypenumbers":"strict","colorway":["#636efa","#EF553B","#00cc96","#ab63fa","#FFA15A","#19d3f3","#FF6692","#B6E880","#FF97FF","#FECB52"],"font":{"color":"#f2f5fa","family":"Courier New"},"hovermode":"closest","hoverlabel":{"align":"left"},"paper_bgcolor":"rgb(17,17,17)","plot_bgcolor":"rgb(17,17,17)","polar":{"bgcolor":"rgb(17,17,17)","angularaxis":{"gridcolor":"#506784","linecolor":"#506784","ticks":""},"radialaxis":{"gridcolor":"#506784","linecolor":"#506784","ticks":""}},"ternary":{"bgcolor":"rgb(17,17,17)","aaxis":{"gridcolor":"#506784","linecolor":"#506784","ticks":""},"baxis":{"gridcolor":"#506784","linecolor":"#506784","ticks":""},"caxis":{"gridcolor":"#506784","linecolor":"#506784","ticks":""}},"coloraxis":{"colorbar":{"outlinewidth":0,"ticks":""}},"colorscale":{"sequential":[[0.0,"#0d0887"],[0.1111111111111111,"#46039f"],[0.2222222222222222,"#7201a8"],[0.3333333333333333,"#9c179e"],[0.4444444444444444,"#bd3786"],[0.5555555555555556,"#d8576b"],[0.6666666666666666,"#ed7953"],[0.7777777777777778,"#fb9f3a"],[0.8888888888888888,"#fdca26"],[1.0,"#f0f921"]],"sequentialminus":[[0.0,"#0d0887"],[0.1111111111111111,"#46039f"],[0.2222222222222222,"#7201a8"],[0.3333333333333333,"#9c179e"],[0.4444444444444444,"#bd3786"],[0.5555555555555556,"#d8576b"],[0.6666666666666666,"#ed7953"],[0.7777777777777778,"#fb9f3a"],[0.8888888888888888,"#fdca26"],[1.0,"#f0f921"]],"diverging":[[0,"#8e0152"],[0.1,"#c51b7d"],[0.2,"#de77ae"],[0.3,"#f1b6da"],[0.4,"#fde0ef"],[0.5,"#f7f7f7"],[0.6,"#e6f5d0"],[0.7,"#b8e186"],[0.8,"#7fbc41"],[0.9,"#4d9221"],[1,"#276419"]]},"xaxis":{"gridcolor":"rgba(0, 0, 0, 0)","linecolor":"#506784","ticks":"","title":{"standoff":15},"zerolinecolor":"#283442","automargin":true,"zerolinewidth":2,"tickfont":{"family":"Courier New","size":14},"side":"top","tickangle":-90},"yaxis":{"gridcolor":"rgba(0, 0, 0, 0)","linecolor":"#506784","ticks":"","title":{"standoff":15},"zerolinecolor":"#283442","automargin":true,"zerolinewidth":2,"tickfont":{"family":"Courier New"},"side":"right"},"scene":{"xaxis":{"backgroundcolor":"rgb(17,17,17)","gridcolor":"#506784","linecolor":"#506784","showbackground":true,"ticks":"","zerolinecolor":"#C8D4E3","gridwidth":2},"yaxis":{"backgroundcolor":"rgb(17,17,17)","gridcolor":"#506784","linecolor":"#506784","showbackground":true,"ticks":"","zerolinecolor":"#C8D4E3","gridwidth":2},"zaxis":{"backgroundcolor":"rgb(17,17,17)","gridcolor":"#506784","linecolor":"#506784","showbackground":true,"ticks":"","zerolinecolor":"#C8D4E3","gridwidth":2}},"shapedefaults":{"line":{"color":"#f2f5fa"}},"annotationdefaults":{"arrowcolor":"#f2f5fa","arrowhead":0,"arrowwidth":1},"geo":{"bgcolor":"rgb(17,17,17)","landcolor":"rgb(17,17,17)","subunitcolor":"#506784","showland":true,"showlakes":true,"lakecolor":"rgb(17,17,17)"},"title":{"x":0.05,"font":{"family":"Times New Roman"},"y":0.05,"text":"<b>Correlation of Adj Close<b><br><i>2016-09-23 ~ 2026-06-05<i>"},"updatemenudefaults":{"bgcolor":"#506784","borderwidth":0},"sliderdefaults":{"bgcolor":"#C8D4E3","borderwidth":1,"bordercolor":"rgb(17,17,17)","tickwidth":0},"mapbox":{"style":"dark"},"annotations":[{"text":"<b>@zwindr<b>","textangle":0,"opacity":0.5,"font":{"color":"white","size":12},"xref":"paper","yref":"paper","xanchor":"left","yanchor":"bottom","x":1.0,"y":1.0,"showarrow":false}]},"config":{"responsive":true,"toImageButtonOptions":{"filename":"Correlation of Adj Close_2016-09-23~2026-06-05","scale":5}}};Plotly.newPlot("correlationAdjClose",correlationAdjClose.data,correlationAdjClose.layout||{},correlationAdjClose.config);}else{console.log("style display is none => correlationAdjClose");}