var element=document.getElementById("correlationClose");if(element.style.display!='none'){var correlationClose={"data":[{"type":"heatmap","z":[[1.0,0.9999999999999981,1.0,0.9952125912572372,0.9952125912572372,0.9652152231999926,0.9652152231999926,0.9050452546293031,0.9050452546293031,0.8599250673999776,0.9944104244701196,0.8288311633719123,0.9925983437615731,0.9926042078691543,0.9944614782796607,0.9739824443786728,0.9990250108343496,0.921704921001382,0.921704921001382,0.7838948753177613,-0.12845528218120403,0.9778929516305039,0.14383696896133305,-0.08710968023406937,-0.2514705038823176,0.8157488853291415,0.9113763895085378,0.9132476652892145,0.9272191993432423,0.7804957819539875,0.5432397251246514,0.6339551404560001,0.6328379683360539,0.9326244347152944,0.8288748960327191,0.18510736537396288],[0.9999999999999981,1.0,0.9999999999999983,0.9951786392948575,0.9951786392948575,0.9646621220509362,0.9646621220509362,0.9060538674282063,0.9060538674282063,0.8611977058751548,0.9944035343572635,0.8303345102873464,0.9923247720089385,0.9920751404545802,0.9944551563168914,0.9733528994988948,0.9990244260578789,0.9220630328311092,0.9220630328311092,0.8028418920121527,0.08293844512441713,0.9695748724056352,-0.05467325898001026,-0.07866199520881817,-0.25177479666070696,0.6470885217485757,0.912840252905313,0.8880061414057666,0.9217955457964628,0.7914382278941713,0.5339977746514297,0.6308415991696377,0.6590419579721938,0.9301490928685019,0.6832922203691718,0.1815897693120848],[1.0,0.9999999999999983,1.0,0.9952125912572372,0.9952125912572372,0.9652152231999926,0.9652152231999926,0.9050452546293031,0.9050452546293031,0.8599250673999776,0.9944104244701196,0.8288311633719123,0.9925983437615731,0.9926042078691543,0.9944614782796607,0.9739824443786728,0.9990250108343496,0.921704921001382,0.921704921001382,0.7838948753177613,-0.12845528218120403,0.9778929516305039,0.14383696896133305,-0.08710968023406937,-0.2514705038823176,0.8157488853291415,0.9113763895085378,0.9132476652892145,0.9272191993432423,0.7804957819539875,0.5432397251246514,0.6339551404560001,0.6328379683360539,0.9326244347152944,0.8288748960327191,0.18510736537396288],[0.9952125912572372,0.9951786392948575,0.9952125912572372,1.0,1.0,0.9519241485031188,0.9519241485031188,0.8899011407060825,0.8899011407060825,0.8395146884937105,0.9995252686403706,0.8067680143875515,0.990474537000752,0.9872537174832392,0.9994848657540132,0.9564998747411831,0.9947937303341784,0.8988243945620106,0.8988243945620106,0.7598240989317967,-0.1360309062538357,0.9901925900912828,0.16934656516393018,-0.12270500429942997,-0.252518517879733,0.8085438290200246,0.9198461593434875,0.9156482447180091,0.9129781548115019,0.7872826647441241,0.5716188390225945,0.6276211275038309,0.6036410266545637,0.9234940602881417,0.8183300102002096,0.19711002675436465],[0.9952125912572372,0.9951786392948575,0.9952125912572372,1.0,1.0,0.9519241485031188,0.9519241485031188,0.8899011407060825,0.8899011407060825,0.8395146884937105,0.9995252686403706,0.8067680143875515,0.990474537000752,0.9872537174832392,0.9994848657540132,0.9564998747411831,0.9947937303341784,0.8988243945620106,0.8988243945620106,0.7598240989317967,-0.1360309062538357,0.9901925900912828,0.16934656516393018,-0.12270500429942997,-0.252518517879733,0.8085438290200246,0.9198461593434875,0.9156482447180091,0.9129781548115019,0.7872826647441241,0.5716188390225945,0.6276211275038309,0.6036410266545637,0.9234940602881417,0.8183300102002096,0.19711002675436465],[0.9652152231999926,0.9646621220509362,0.9652152231999926,0.9519241485031188,0.9519241485031188,1.0,1.0,0.9303756518195364,0.9303756518195364,0.8283097156356116,0.9517662150567441,0.8177043221715814,0.9711336349122516,0.9687030978287788,0.9515672190967605,0.9990891246674718,0.9735498113652745,0.9200397797466058,0.9200397797466058,0.6431813885033208,-0.07581205957825592,0.9370167004849472,0.3053716231516251,-0.27453816360828953,-0.11662560232025561,0.8856454407878231,0.86313958709662,0.9313944268615048,0.9003177454219847,0.7436889304333103,0.7411645917986431,0.7384303683170671,0.7082526493706905,0.8595242464451048,0.860744777191223,0.4675090771339842],[0.9652152231999926,0.9646621220509362,0.9652152231999926,0.9519241485031188,0.9519241485031188,1.0,1.0,0.9303756518195364,0.9303756518195364,0.8283097156356116,0.9517662150567441,0.8177043221715814,0.9711336349122516,0.9687030978287788,0.9515672190967605,0.9990891246674718,0.9735498113652745,0.9200397797466058,0.9200397797466058,0.6431813885033208,-0.07581205957825592,0.9370167004849472,0.3053716231516251,-0.27453816360828953,-0.11662560232025561,0.8856454407878231,0.86313958709662,0.9313944268615048,0.9003177454219847,0.7436889304333103,0.7411645917986431,0.7384303683170671,0.7082526493706905,0.8595242464451048,0.860744777191223,0.4675090771339842],[0.9050452546293031,0.9060538674282063,0.9050452546293031,0.8899011407060825,0.8899011407060825,0.9303756518195364,0.9303756518195364,1.0,1.0,0.7706825534003504,0.9380793772602027,0.7922219866540171,0.943618337493844,0.938523084934108,0.9379855518546992,0.9311696108294153,0.9443696029280516,0.9717414469947196,0.9717414469947196,0.5841721141346398,0.044170640416959395,0.8509095073515659,0.5418476085092482,-0.3002700098212081,0.019784513898925372,0.7859426751616188,0.7633284951346266,0.8728435625540478,0.8514902702152849,0.7559385098493318,0.878175021790362,0.7804404280184096,0.7172444394659561,0.7903401671320162,0.848187380718271,0.8017592140299525],[0.9050452546293031,0.9060538674282063,0.9050452546293031,0.8899011407060825,0.8899011407060825,0.9303756518195364,0.9303756518195364,1.0,1.0,0.7706825534003504,0.9380793772602027,0.7922219866540171,0.943618337493844,0.938523084934108,0.9379855518546992,0.9311696108294153,0.9443696029280516,0.9717414469947196,0.9717414469947196,0.5841721141346398,0.044170640416959395,0.8509095073515659,0.5418476085092482,-0.3002700098212081,0.019784513898925372,0.7859426751616188,0.7633284951346266,0.8728435625540478,0.8514902702152849,0.7559385098493318,0.878175021790362,0.7804404280184096,0.7172444394659561,0.7903401671320162,0.848187380718271,0.8017592140299525],[0.8599250673999776,0.8611977058751548,0.8599250673999776,0.8395146884937105,0.8395146884937105,0.8283097156356116,0.8283097156356116,0.7706825534003504,0.7706825534003504,1.0,0.7470323018524511,0.9999699474165191,0.6992757498975346,0.6248266886011895,0.7511914519260244,0.825531086730237,0.7949089874392045,0.8390606445562018,0.8390606445562018,0.7053235666236536,-0.10380511888855838,0.8152796092335477,0.04408997738267856,0.04489439874454667,-0.24501380793587488,0.7997014782078627,0.6353805411832122,0.791795153870975,0.8336514939450487,0.7008936458765944,0.3815659796987212,0.5425962341129043,0.5694494012435317,0.8244134944614427,0.6913202408937046,0.17573418388559536],[0.9944104244701196,0.9944035343572635,0.9944104244701196,0.9995252686403706,0.9995252686403706,0.9517662150567441,0.9517662150567441,0.9380793772602027,0.9380793772602027,0.7470323018524511,1.0,0.7492591141690736,0.9902421983476175,0.9873441813603608,0.9999241890292057,0.9521295122232627,0.9936368657448758,0.9112630973880254,0.9112630973880254,0.853046078704325,0.05164833078166868,0.9963790638848018,0.879883027926655,-0.4960181884065998,0.34613826793093616,0.8297465086535308,0.8827232349648475,0.936950423898317,0.9074217528665903,0.8110430513292228,0.9097048706081748,0.8703966028642435,0.7851303364248048,0.9008592999177587,0.941719797065453,0.7762590647798073],[0.8288311633719123,0.8303345102873464,0.8288311633719123,0.8067680143875515,0.8067680143875515,0.8177043221715814,0.8177043221715814,0.7922219866540171,0.7922219866540171,0.9999699474165191,0.7492591141690736,1.0,0.6997739004781048,0.6252123094620222,0.7516059389384582,0.819455376632923,0.7951994712557361,0.8370738698260867,0.8370738698260867,0.6720798010779521,0.019986097048850508,0.7860368473416126,0.4791221335943628,-0.1834084692734156,-0.23273447444978884,0.835545916500411,0.5563287109855022,0.7727728853158605,0.8116186464251588,0.732496390483492,0.6415989002652522,0.7301263976205528,0.6940871784615275,0.7928797057520959,0.6937991671002246,0.6996735993556942],[0.9925983437615731,0.9923247720089385,0.9925983437615731,0.990474537000752,0.990474537000752,0.9711336349122516,0.9711336349122516,0.943618337493844,0.943618337493844,0.6992757498975346,0.9902421983476175,0.6997739004781048,1.0,0.9997492513184362,0.990208224503212,0.9698178470357536,0.9902979593947461,0.9038045525010413,0.9038045525010413,0.8300387684969422,0.08625195794135015,0.9882248517344814,0.8999240136397271,-0.6574329669577651,0.41726991803377317,0.8052802906824342,0.8880917823916167,0.9482960121761421,0.9004683951928422,0.7445149659456886,0.9090452266975916,0.8506539374494737,0.770048599919089,0.884356149863302,0.9569145694517147,0.8057717871152973],[0.9926042078691543,0.9920751404545802,0.9926042078691543,0.9872537174832392,0.9872537174832392,0.9687030978287788,0.9687030978287788,0.938523084934108,0.938523084934108,0.6248266886011895,0.9873441813603608,0.6252123094620222,0.9997492513184362,1.0,0.9874550623780277,0.9666461537804276,0.9892505092564483,0.889407835405249,0.889407835405249,0.8508992700290207,-0.038949076894348775,0.9837242413932197,0.9083313384120655,-0.8392980886256622,0.4564400356160548,0.7555374926254528,0.8924497690311679,0.9430686222774507,0.8868998031082789,0.6729630815565002,0.9176988322015243,0.8411733656266195,0.7144358484623154,0.9110149123805776,0.95764188394992,0.7738410515423854],[0.9944614782796607,0.9944551563168914,0.9944614782796607,0.9994848657540132,0.9994848657540132,0.9515672190967605,0.9515672190967605,0.9379855518546992,0.9379855518546992,0.7511914519260244,0.9999241890292057,0.7516059389384582,0.990208224503212,0.9874550623780277,1.0,0.9520857321672653,0.9936944773874988,0.9118644292356304,0.9118644292356304,0.8539312801613419,0.054344000410186624,0.9962342918056987,0.8786021942220565,-0.4921307180737532,0.34607814885343263,0.8308805302738279,0.8809632824204527,0.9364050469540378,0.9082602873185947,0.8124135466257354,0.9087197519109984,0.8717178679210414,0.7870707400181052,0.900585924687318,0.9416667702282732,0.7765169488715049],[0.9739824443786728,0.9733528994988948,0.9739824443786728,0.9564998747411831,0.9564998747411831,0.9990891246674718,0.9990891246674718,0.9311696108294153,0.9311696108294153,0.825531086730237,0.9521295122232627,0.819455376632923,0.9698178470357536,0.9666461537804276,0.9520857321672653,1.0,0.9749829917423545,0.919590041317544,0.919590041317544,0.6912216376929502,-0.05824107546149663,0.9456173311042136,0.6294969372138636,-0.4058629073987609,-0.1656651248632446,0.8972808684905531,0.8621062968359708,0.9270416123885639,0.9075047352743725,0.7807621779434716,0.8520789206752731,0.7856572949470991,0.7647758484084216,0.8815131428789027,0.8577330648284267,0.7891932188488772],[0.9990250108343496,0.9990244260578789,0.9990250108343496,0.9947937303341784,0.9947937303341784,0.9735498113652745,0.9735498113652745,0.9443696029280516,0.9443696029280516,0.7949089874392045,0.9936368657448758,0.7951994712557361,0.9902979593947461,0.9892505092564483,0.9936944773874988,0.9749829917423545,1.0,0.9348732199330838,0.9348732199330838,0.8615234860926326,0.06551845542378627,0.9871593403091252,0.8464854425170416,-0.47290741131223435,0.36397235746161216,0.8745112649054037,0.8775657077880894,0.9462340064346202,0.9356175470468521,0.8326570776701564,0.8975761262216561,0.9005028192183355,0.8255562459733173,0.9143604507099484,0.950377384708986,0.8333645115265369],[0.921704921001382,0.9220630328311092,0.921704921001382,0.8988243945620106,0.8988243945620106,0.9200397797466058,0.9200397797466058,0.9717414469947196,0.9717414469947196,0.8390606445562018,0.9112630973880254,0.8370738698260867,0.9038045525010413,0.889407835405249,0.9118644292356304,0.919590041317544,0.9348732199330838,1.0,1.0,0.7402171936889632,-0.021557707087971462,0.8625211851602742,0.5428126403129246,-0.18664720073388852,-0.20582089097260928,0.8262436181843558,0.7510940169408183,0.8363513545109666,0.9162721800383121,0.8374231900998302,0.8007977541988349,0.7547593149768244,0.7053568608746192,0.8449333371724671,0.7771367406339125,0.8507808387362986],[0.921704921001382,0.9220630328311092,0.921704921001382,0.8988243945620106,0.8988243945620106,0.9200397797466058,0.9200397797466058,0.9717414469947196,0.9717414469947196,0.8390606445562018,0.9112630973880254,0.8370738698260867,0.9038045525010413,0.889407835405249,0.9118644292356304,0.919590041317544,0.9348732199330838,1.0,1.0,0.7402171936889632,-0.021557707087971462,0.8625211851602742,0.5428126403129246,-0.18664720073388852,-0.20582089097260928,0.8262436181843558,0.7510940169408183,0.8363513545109666,0.9162721800383121,0.8374231900998302,0.8007977541988349,0.7547593149768244,0.7053568608746192,0.8449333371724671,0.7771367406339125,0.8507808387362986],[0.7838948753177613,0.8028418920121527,0.7838948753177613,0.7598240989317967,0.7598240989317967,0.6431813885033208,0.6431813885033208,0.5841721141346398,0.5841721141346398,0.7053235666236536,0.853046078704325,0.6720798010779521,0.8300387684969422,0.8508992700290207,0.8539312801613419,0.6912216376929502,0.8615234860926326,0.7402171936889632,0.7402171936889632,1.0,0.03987592399614915,0.721678329311768,-0.379784689371079,0.3270394336989233,-0.6573489519113084,0.3503480851851823,0.72467138633395,0.5072790118439866,0.8353821221804091,0.6929824345417538,0.09925899277632537,0.3058223903635797,0.5650833225523333,0.7827368214136027,0.4750752113780741,-0.1541814447416415],[-0.12845528218120403,0.08293844512441713,-0.12845528218120403,-0.1360309062538357,-0.1360309062538357,-0.07581205957825592,-0.07581205957825592,0.044170640416959395,0.044170640416959395,-0.10380511888855838,0.05164833078166868,0.019986097048850508,0.08625195794135015,-0.038949076894348775,0.054344000410186624,-0.05824107546149663,0.06551845542378627,-0.021557707087971462,-0.021557707087971462,0.03987592399614915,1.0,-0.08495767811638984,0.11312482448952077,0.14935925964303595,0.7496959943193323,-0.0887487004392508,-0.028396395846572695,-0.003743044979997533,0.16828188464027793,0.006842512627754003,0.06478708554749746,0.3422698569085723,0.5722237644806482,-0.11241239875077208,0.11518088491820551,0.1615026111474712],[0.9778929516305039,0.9695748724056352,0.9778929516305039,0.9901925900912828,0.9901925900912828,0.9370167004849472,0.9370167004849472,0.8509095073515659,0.8509095073515659,0.8152796092335477,0.9963790638848018,0.7860368473416126,0.9882248517344814,0.9837242413932197,0.9962342918056987,0.9456173311042136,0.9871593403091252,0.8625211851602742,0.8625211851602742,0.721678329311768,-0.08495767811638984,1.0,0.0765160270971806,-0.1812313313655403,-0.30484532757739913,0.6713494904943013,0.9170607766747392,0.899218651324224,0.8566060186184634,0.7557398498911692,0.5703103845549157,0.5934347394206533,0.5330437302704973,0.9020217918322039,0.6608480085986956,0.17688265359003236],[0.14383696896133305,-0.05467325898001026,0.14383696896133305,0.16934656516393018,0.16934656516393018,0.3053716231516251,0.3053716231516251,0.5418476085092482,0.5418476085092482,0.04408997738267856,0.879883027926655,0.4791221335943628,0.8999240136397271,0.9083313384120655,0.8786021942220565,0.6294969372138636,0.8464854425170416,0.5428126403129246,0.5428126403129246,-0.379784689371079,0.11312482448952077,0.0765160270971806,1.0,-0.4532826228836594,0.7298664386912412,0.37613560904902016,0.0808958229892351,0.3031235908224605,-0.10595732387163226,0.069095615502401,0.5895545220017865,0.47361408831729257,0.19604765447453706,-0.012070930356150483,0.38505439896191546,0.46730963882756515],[-0.08710968023406937,-0.07866199520881817,-0.08710968023406937,-0.12270500429942997,-0.12270500429942997,-0.27453816360828953,-0.27453816360828953,-0.3002700098212081,-0.3002700098212081,0.04489439874454667,-0.4960181884065998,-0.1834084692734156,-0.6574329669577651,-0.8392980886256622,-0.4921307180737532,-0.4058629073987609,-0.47290741131223435,-0.18664720073388852,-0.18664720073388852,0.3270394336989233,0.14935925964303595,-0.1812313313655403,-0.4532826228836594,1.0,-0.031191916461855467,-0.15879901991407172,-0.17290813077878242,-0.29570210862542956,-0.036141935834561725,-0.06830334618421198,-0.565181796657374,-0.1955806884163116,-0.020463466591307315,-0.033956851494054724,-0.21032662613247594,-0.4061537818360087],[-0.2514705038823176,-0.25177479666070696,-0.2514705038823176,-0.252518517879733,-0.252518517879733,-0.11662560232025561,-0.11662560232025561,0.019784513898925372,0.019784513898925372,-0.24501380793587488,0.34613826793093616,-0.23273447444978884,0.41726991803377317,0.4564400356160548,0.34607814885343263,-0.1656651248632446,0.36397235746161216,-0.20582089097260928,-0.20582089097260928,-0.6573489519113084,0.7496959943193323,-0.30484532757739913,0.7298664386912412,-0.031191916461855467,1.0,-0.10489410073333967,-0.25423022542445406,-0.06333991892327691,-0.3507584230435175,-0.32866261021105625,0.07799160362742452,0.16455958847573257,0.2650825912053938,-0.38002177348319655,0.11941883396841607,0.09519589423548205],[0.8157488853291415,0.6470885217485757,0.8157488853291415,0.8085438290200246,0.8085438290200246,0.8856454407878231,0.8856454407878231,0.7859426751616188,0.7859426751616188,0.7997014782078627,0.8297465086535308,0.835545916500411,0.8052802906824342,0.7555374926254528,0.8308805302738279,0.8972808684905531,0.8745112649054037,0.8262436181843558,0.8262436181843558,0.3503480851851823,-0.0887487004392508,0.6713494904943013,0.37613560904902016,-0.15879901991407172,-0.10489410073333967,1.0,0.5543638530472358,0.8385834914197565,0.4926022660762315,0.6254517847250946,0.5444095603392527,0.6557589831000704,0.423716384513826,0.7031169736880799,0.7027077643530222,0.41576711708561753],[0.9113763895085378,0.912840252905313,0.9113763895085378,0.9198461593434875,0.9198461593434875,0.86313958709662,0.86313958709662,0.7633284951346266,0.7633284951346266,0.6353805411832122,0.8827232349648475,0.5563287109855022,0.8880917823916167,0.8924497690311679,0.8809632824204527,0.8621062968359708,0.8775657077880894,0.7510940169408183,0.7510940169408183,0.72467138633395,-0.028396395846572695,0.9170607766747392,0.0808958229892351,-0.17290813077878242,-0.25423022542445406,0.5543638530472358,1.0,0.8052150431402556,0.797131562870582,0.6756917306142408,0.465941918177289,0.5036422431750504,0.5322862863951588,0.8485212063558375,0.6205298074200531,0.09488343970542344],[0.9132476652892145,0.8880061414057666,0.9132476652892145,0.9156482447180091,0.9156482447180091,0.9313944268615048,0.9313944268615048,0.8728435625540478,0.8728435625540478,0.791795153870975,0.936950423898317,0.7727728853158605,0.9482960121761421,0.9430686222774507,0.9364050469540378,0.9270416123885639,0.9462340064346202,0.8363513545109666,0.8363513545109666,0.5072790118439866,-0.003743044979997533,0.899218651324224,0.3031235908224605,-0.29570210862542956,-0.06333991892327691,0.8385834914197565,0.8052150431402556,1.0,0.7513627539400097,0.6094821058063903,0.5909797437788603,0.6001385208299601,0.533531550715003,0.8169804073240653,0.8317912842577536,0.21792221241531207],[0.9272191993432423,0.9217955457964628,0.9272191993432423,0.9129781548115019,0.9129781548115019,0.9003177454219847,0.9003177454219847,0.8514902702152849,0.8514902702152849,0.8336514939450487,0.9074217528665903,0.8116186464251588,0.9004683951928422,0.8868998031082789,0.9082602873185947,0.9075047352743725,0.9356175470468521,0.9162721800383121,0.9162721800383121,0.8353821221804091,0.16828188464027793,0.8566060186184634,-0.10595732387163226,-0.036141935834561725,-0.3507584230435175,0.4926022660762315,0.797131562870582,0.7513627539400097,1.0,0.9061892301308343,0.5414995691340493,0.6866985543460613,0.6662822318957529,0.8786223338969059,0.5040722570142838,0.2979074847560816],[0.7804957819539875,0.7914382278941713,0.7804957819539875,0.7872826647441241,0.7872826647441241,0.7436889304333103,0.7436889304333103,0.7559385098493318,0.7559385098493318,0.7008936458765944,0.8110430513292228,0.732496390483492,0.7445149659456886,0.6729630815565002,0.8124135466257354,0.7807621779434716,0.8326570776701564,0.8374231900998302,0.8374231900998302,0.6929824345417538,0.006842512627754003,0.7557398498911692,0.069095615502401,-0.06830334618421198,-0.32866261021105625,0.6254517847250946,0.6756917306142408,0.6094821058063903,0.9061892301308343,1.0,0.5777898732625112,0.6689894480897964,0.6094482691971648,0.7308223994177564,0.5837274879820785,0.472656890359387],[0.5432397251246514,0.5339977746514297,0.5432397251246514,0.5716188390225945,0.5716188390225945,0.7411645917986431,0.7411645917986431,0.878175021790362,0.878175021790362,0.3815659796987212,0.9097048706081748,0.6415989002652522,0.9090452266975916,0.9176988322015243,0.9087197519109984,0.8520789206752731,0.8975761262216561,0.8007977541988349,0.8007977541988349,0.09925899277632537,0.06478708554749746,0.5703103845549157,0.5895545220017865,-0.565181796657374,0.07799160362742452,0.5444095603392527,0.465941918177289,0.5909797437788603,0.5414995691340493,0.5777898732625112,1.0,0.7450896972098882,0.3819412911826541,0.4896676424925564,0.5737197621601328,0.762198231798685],[0.6339551404560001,0.6308415991696377,0.6339551404560001,0.6276211275038309,0.6276211275038309,0.7384303683170671,0.7384303683170671,0.7804404280184096,0.7804404280184096,0.5425962341129043,0.8703966028642435,0.7301263976205528,0.8506539374494737,0.8411733656266195,0.8717178679210414,0.7856572949470991,0.9005028192183355,0.7547593149768244,0.7547593149768244,0.3058223903635797,0.3422698569085723,0.5934347394206533,0.47361408831729257,-0.1955806884163116,0.16455958847573257,0.6557589831000704,0.5036422431750504,0.6001385208299601,0.6866985543460613,0.6689894480897964,0.7450896972098882,1.0,0.77854846510957,0.4958140616096,0.729071968322771,0.549089970137374],[0.6328379683360539,0.6590419579721938,0.6328379683360539,0.6036410266545637,0.6036410266545637,0.7082526493706905,0.7082526493706905,0.7172444394659561,0.7172444394659561,0.5694494012435317,0.7851303364248048,0.6940871784615275,0.770048599919089,0.7144358484623154,0.7870707400181052,0.7647758484084216,0.8255562459733173,0.7053568608746192,0.7053568608746192,0.5650833225523333,0.5722237644806482,0.5330437302704973,0.19604765447453706,-0.020463466591307315,0.2650825912053938,0.423716384513826,0.5322862863951588,0.533531550715003,0.6662822318957529,0.6094482691971648,0.3819412911826541,0.77854846510957,1.0,0.49234929074166595,0.6662945242979168,0.20114567599279684],[0.9326244347152944,0.9301490928685019,0.9326244347152944,0.9234940602881417,0.9234940602881417,0.8595242464451048,0.8595242464451048,0.7903401671320162,0.7903401671320162,0.8244134944614427,0.9008592999177587,0.7928797057520959,0.884356149863302,0.9110149123805776,0.900585924687318,0.8815131428789027,0.9143604507099484,0.8449333371724671,0.8449333371724671,0.7827368214136027,-0.11241239875077208,0.9020217918322039,-0.012070930356150483,-0.033956851494054724,-0.38002177348319655,0.7031169736880799,0.8485212063558375,0.8169804073240653,0.8786223338969059,0.7308223994177564,0.4896676424925564,0.4958140616096,0.49234929074166595,1.0,0.730323385396595,0.17159006763155096],[0.8288748960327191,0.6832922203691718,0.8288748960327191,0.8183300102002096,0.8183300102002096,0.860744777191223,0.860744777191223,0.848187380718271,0.848187380718271,0.6913202408937046,0.941719797065453,0.6937991671002246,0.9569145694517147,0.95764188394992,0.9416667702282732,0.8577330648284267,0.950377384708986,0.7771367406339125,0.7771367406339125,0.4750752113780741,0.11518088491820551,0.6608480085986956,0.38505439896191546,-0.21032662613247594,0.11941883396841607,0.7027077643530222,0.6205298074200531,0.8317912842577536,0.5040722570142838,0.5837274879820785,0.5737197621601328,0.729071968322771,0.6662945242979168,0.730323385396595,1.0,0.1802792691915646],[0.18510736537396288,0.1815897693120848,0.18510736537396288,0.19711002675436465,0.19711002675436465,0.4675090771339842,0.4675090771339842,0.8017592140299525,0.8017592140299525,0.17573418388559536,0.7762590647798073,0.6996735993556942,0.8057717871152973,0.7738410515423854,0.7765169488715049,0.7891932188488772,0.8333645115265369,0.8507808387362986,0.8507808387362986,-0.1541814447416415,0.1615026111474712,0.17688265359003236,0.46730963882756515,-0.4061537818360087,0.09519589423548205,0.41576711708561753,0.09488343970542344,0.21792221241531207,0.2979074847560816,0.472656890359387,0.762198231798685,0.549089970137374,0.20114567599279684,0.17159006763155096,0.1802792691915646,1.0]],"x":["^TAIEX       \u81fa\u7063\u52a0\u6b0a\u5831\u916c\u6307\u6578","^TWII        \u81fa\u7063\u52a0\u6b0a\u6307\u6578","^TAIEXx2     \u81fa\u7063\u52a0\u6b0a\u5831\u916c\u6307\u6578_\u65e5\u6b632","^TAI50I      \u81fa\u706350\u5831\u916c\u6307\u6578","^TAI50Ix2    \u81fa\u706350\u5831\u916c\u6307\u6578_\u65e5\u6b632","^TAI100I     \u81fa\u7063\u4e2d\u578b100\u5831\u916c\u6307\u6578","^TAI100Ix2   \u81fa\u7063\u4e2d\u578b100\u5831\u916c\u6307\u6578_\u65e5\u6b632","^TAIDIVIDI   \u81fa\u7063\u9ad8\u80a1\u606f\u5831\u916c\u6307\u6578","^TAIDIVIDIx2 \u81fa\u7063\u9ad8\u80a1\u606f\u5831\u916c\u6307\u6578_\u65e5\u6b632","0050Fund     \u5143\u5927\u53f0\u7063\u5353\u8d8a50\u57fa\u91d1","006208Fund   \u5bcc\u90a6\u53f0\u7063\u91c6\u540950\u57fa\u91d1","0050         \u5143\u5927\u81fa\u706350","00631L       \u5143\u5927\u53f0\u706350\u6b632","00675L       \u5bcc\u90a6\u81fa\u7063\u52a0\u6b0a\u6b632","006208       \u5bcc\u90a6\u53f050","0051         \u5143\u5927\u4e2d\u578b100","006204       \u6c38\u8c50\u81fa\u7063\u52a0\u6b0a","0056         \u5143\u5927\u9ad8\u80a1\u606f","0056         \u5143\u5927\u9ad8\u80a1\u606f_\u80a1\u606f\u4e0d\u6295\u5165","2412         \u4e2d\u83ef\u96fb\u4fe1","2002         \u4e2d\u92fc","2330         \u53f0\u7a4d\u96fb","2317         \u9d3b\u6d77","6505         \u53f0\u5851\u77f3\u5316","3481         \u7fa4\u5275","2303         \u806f\u96fb","2308         \u53f0\u9054\u96fb","2454         \u806f\u767c\u79d1","2886         \u5146\u8c50\u91d1","2884         \u7389\u5c71\u91d1","2891         \u4e2d\u4fe1\u91d1","2892         \u7b2c\u4e00\u91d1","5880         \u5408\u5eab\u91d1","2881         \u5bcc\u90a6\u91d1","2885         \u5143\u5927\u91d1","2887         \u53f0\u65b0\u91d1"],"y":["^TAIEX       \u81fa\u7063\u52a0\u6b0a\u5831\u916c\u6307\u6578","^TWII        \u81fa\u7063\u52a0\u6b0a\u6307\u6578","^TAIEXx2     \u81fa\u7063\u52a0\u6b0a\u5831\u916c\u6307\u6578_\u65e5\u6b632","^TAI50I      \u81fa\u706350\u5831\u916c\u6307\u6578","^TAI50Ix2    \u81fa\u706350\u5831\u916c\u6307\u6578_\u65e5\u6b632","^TAI100I     \u81fa\u7063\u4e2d\u578b100\u5831\u916c\u6307\u6578","^TAI100Ix2   \u81fa\u7063\u4e2d\u578b100\u5831\u916c\u6307\u6578_\u65e5\u6b632","^TAIDIVIDI   \u81fa\u7063\u9ad8\u80a1\u606f\u5831\u916c\u6307\u6578","^TAIDIVIDIx2 \u81fa\u7063\u9ad8\u80a1\u606f\u5831\u916c\u6307\u6578_\u65e5\u6b632","0050Fund     \u5143\u5927\u53f0\u7063\u5353\u8d8a50\u57fa\u91d1","006208Fund   \u5bcc\u90a6\u53f0\u7063\u91c6\u540950\u57fa\u91d1","0050         \u5143\u5927\u81fa\u706350","00631L       \u5143\u5927\u53f0\u706350\u6b632","00675L       \u5bcc\u90a6\u81fa\u7063\u52a0\u6b0a\u6b632","006208       \u5bcc\u90a6\u53f050","0051         \u5143\u5927\u4e2d\u578b100","006204       \u6c38\u8c50\u81fa\u7063\u52a0\u6b0a","0056         \u5143\u5927\u9ad8\u80a1\u606f","0056         \u5143\u5927\u9ad8\u80a1\u606f_\u80a1\u606f\u4e0d\u6295\u5165","2412         \u4e2d\u83ef\u96fb\u4fe1","2002         \u4e2d\u92fc","2330         \u53f0\u7a4d\u96fb","2317         \u9d3b\u6d77","6505         \u53f0\u5851\u77f3\u5316","3481         \u7fa4\u5275","2303         \u806f\u96fb","2308         \u53f0\u9054\u96fb","2454         \u806f\u767c\u79d1","2886         \u5146\u8c50\u91d1","2884         \u7389\u5c71\u91d1","2891         \u4e2d\u4fe1\u91d1","2892         \u7b2c\u4e00\u91d1","5880         \u5408\u5eab\u91d1","2881         \u5bcc\u90a6\u91d1","2885         \u5143\u5927\u91d1","2887         \u53f0\u65b0\u91d1"],"zmin":-1,"zmax":1,"colorbar":{"x":-0.2}}],"layout":{"autotypenumbers":"strict","colorway":["#636efa","#EF553B","#00cc96","#ab63fa","#FFA15A","#19d3f3","#FF6692","#B6E880","#FF97FF","#FECB52"],"font":{"color":"#f2f5fa","family":"Courier New"},"hovermode":"closest","hoverlabel":{"align":"left"},"paper_bgcolor":"rgb(17,17,17)","plot_bgcolor":"rgb(17,17,17)","polar":{"bgcolor":"rgb(17,17,17)","angularaxis":{"gridcolor":"#506784","linecolor":"#506784","ticks":""},"radialaxis":{"gridcolor":"#506784","linecolor":"#506784","ticks":""}},"ternary":{"bgcolor":"rgb(17,17,17)","aaxis":{"gridcolor":"#506784","linecolor":"#506784","ticks":""},"baxis":{"gridcolor":"#506784","linecolor":"#506784","ticks":""},"caxis":{"gridcolor":"#506784","linecolor":"#506784","ticks":""}},"coloraxis":{"colorbar":{"outlinewidth":0,"ticks":""}},"colorscale":{"sequential":[[0.0,"#0d0887"],[0.1111111111111111,"#46039f"],[0.2222222222222222,"#7201a8"],[0.3333333333333333,"#9c179e"],[0.4444444444444444,"#bd3786"],[0.5555555555555556,"#d8576b"],[0.6666666666666666,"#ed7953"],[0.7777777777777778,"#fb9f3a"],[0.8888888888888888,"#fdca26"],[1.0,"#f0f921"]],"sequentialminus":[[0.0,"#0d0887"],[0.1111111111111111,"#46039f"],[0.2222222222222222,"#7201a8"],[0.3333333333333333,"#9c179e"],[0.4444444444444444,"#bd3786"],[0.5555555555555556,"#d8576b"],[0.6666666666666666,"#ed7953"],[0.7777777777777778,"#fb9f3a"],[0.8888888888888888,"#fdca26"],[1.0,"#f0f921"]],"diverging":[[0,"#8e0152"],[0.1,"#c51b7d"],[0.2,"#de77ae"],[0.3,"#f1b6da"],[0.4,"#fde0ef"],[0.5,"#f7f7f7"],[0.6,"#e6f5d0"],[0.7,"#b8e186"],[0.8,"#7fbc41"],[0.9,"#4d9221"],[1,"#276419"]]},"xaxis":{"gridcolor":"rgba(0, 0, 0, 0)","linecolor":"#506784","ticks":"","title":{"standoff":15},"zerolinecolor":"#283442","automargin":true,"zerolinewidth":2,"tickfont":{"family":"Courier New","size":14},"side":"top","tickangle":-90},"yaxis":{"gridcolor":"rgba(0, 0, 0, 0)","linecolor":"#506784","ticks":"","title":{"standoff":15},"zerolinecolor":"#283442","automargin":true,"zerolinewidth":2,"tickfont":{"family":"Courier New"},"side":"right"},"scene":{"xaxis":{"backgroundcolor":"rgb(17,17,17)","gridcolor":"#506784","linecolor":"#506784","showbackground":true,"ticks":"","zerolinecolor":"#C8D4E3","gridwidth":2},"yaxis":{"backgroundcolor":"rgb(17,17,17)","gridcolor":"#506784","linecolor":"#506784","showbackground":true,"ticks":"","zerolinecolor":"#C8D4E3","gridwidth":2},"zaxis":{"backgroundcolor":"rgb(17,17,17)","gridcolor":"#506784","linecolor":"#506784","showbackground":true,"ticks":"","zerolinecolor":"#C8D4E3","gridwidth":2}},"shapedefaults":{"line":{"color":"#f2f5fa"}},"annotationdefaults":{"arrowcolor":"#f2f5fa","arrowhead":0,"arrowwidth":1},"geo":{"bgcolor":"rgb(17,17,17)","landcolor":"rgb(17,17,17)","subunitcolor":"#506784","showland":true,"showlakes":true,"lakecolor":"rgb(17,17,17)"},"title":{"x":0.05,"font":{"family":"Times New Roman"},"y":0.05,"text":"<b>Correlation of Close<b><br><i>2016-09-23 ~ 2025-11-12<i>"},"updatemenudefaults":{"bgcolor":"#506784","borderwidth":0},"sliderdefaults":{"bgcolor":"#C8D4E3","borderwidth":1,"bordercolor":"rgb(17,17,17)","tickwidth":0},"mapbox":{"style":"dark"},"annotations":[{"text":"<b>@zwindr<b>","textangle":0,"opacity":0.5,"font":{"color":"white","size":12},"xref":"paper","yref":"paper","xanchor":"left","yanchor":"bottom","x":1.0,"y":1.0,"showarrow":false}]},"config":{"responsive":true,"toImageButtonOptions":{"filename":"Correlation of Close_2016-09-23~2025-11-12","scale":5}}};Plotly.newPlot("correlationClose",correlationClose.data,correlationClose.layout||{},correlationClose.config);}else{console.log("style display is none => correlationClose");}