var element=document.getElementById("correlationClose");if(element.style.display!='none'){var correlationClose={"data":[{"type":"heatmap","z":[[1.0,0.999999999999998,1.0,0.9951190277305987,0.9951190277305987,0.9751151412866542,0.9751151412866542,0.9191053126288671,0.9191053126288671,0.7067917709511191,0.9955812834914998,0.642897814448279,0.8595072354645416,0.9883985494221889,0.9956622491521463,0.9793122335171656,0.9993381331061549,0.9043120784698788,0.9043120784698788,0.760517802103931,-0.2084134976306701,0.9824476580883151,0.2806968875769832,-0.18615852310686637,-0.20703960377270356,0.8334991152553144,0.881621195166019,0.9283492285187392,0.8904369390475161,0.7793483435490941,0.6788315641155305,0.6514533093827071,0.5895664436377338,0.9206086651984415,0.8795245288161068,0.2959249182772181],[0.999999999999998,1.0,0.9999999999999982,0.9950728478275508,0.9950728478275508,0.9746310823218838,0.9746310823218838,0.9194288814177148,0.9194288814177148,0.7083820301651833,0.9955725442202219,0.6446962592109367,0.8587586223199601,0.9880582168721421,0.9956687731324665,0.9789587247900062,0.9993368855483286,0.9039219845544105,0.9039219845544105,0.7774603947491464,-0.0001315046615752755,0.9758014660630197,0.033382198967663916,-0.17886528204853017,-0.2082481297926,0.6879655471316143,0.8785185549182912,0.9105178249182234,0.8880010291355354,0.7872014508512405,0.6705939043606403,0.6494740361647082,0.6148322551355103,0.9201416165697434,0.7621118437192519,0.2919035349592094],[1.0,0.9999999999999982,1.0,0.9951190277305987,0.9951190277305987,0.9751151412866542,0.9751151412866542,0.9191053126288671,0.9191053126288671,0.7067917709511191,0.9955812834914998,0.642897814448279,0.8595072354645416,0.9883985494221889,0.9956622491521463,0.9793122335171656,0.9993381331061549,0.9043120784698788,0.9043120784698788,0.760517802103931,-0.2084134976306701,0.9824476580883151,0.2806968875769832,-0.18615852310686637,-0.20703960377270356,0.8334991152553144,0.881621195166019,0.9283492285187392,0.8904369390475161,0.7793483435490941,0.6788315641155305,0.6514533093827071,0.5895664436377338,0.9206086651984415,0.8795245288161068,0.2959249182772181],[0.9951190277305987,0.9950728478275508,0.9951190277305987,1.0,1.0,0.9635512708406143,0.9635512708406143,0.9015101444393552,0.9015101444393552,0.6622557792143504,0.9996912866158363,0.598917045453273,0.8659253062083282,0.9908329111969572,0.9996446809334258,0.9633037487957006,0.9953382207137186,0.8740263668329301,0.8740263668329301,0.7269725799704384,-0.21508946358072922,0.9934514946839335,0.3084304099265137,-0.21986175324574153,-0.20044412901024508,0.8189978923250475,0.9060950718008116,0.9294275063722856,0.8628105811976859,0.7722809929960025,0.706645750149001,0.6383429776584314,0.5521211500951582,0.9018277751147546,0.8728661511956107,0.3112897298725633],[0.9951190277305987,0.9950728478275508,0.9951190277305987,1.0,1.0,0.9635512708406143,0.9635512708406143,0.9015101444393552,0.9015101444393552,0.6622557792143504,0.9996912866158363,0.598917045453273,0.8659253062083282,0.9908329111969572,0.9996446809334258,0.9633037487957006,0.9953382207137186,0.8740263668329301,0.8740263668329301,0.7269725799704384,-0.21508946358072922,0.9934514946839335,0.3084304099265137,-0.21986175324574153,-0.20044412901024508,0.8189978923250475,0.9060950718008116,0.9294275063722856,0.8628105811976859,0.7722809929960025,0.706645750149001,0.6383429776584314,0.5521211500951582,0.9018277751147546,0.8728661511956107,0.3112897298725633],[0.9751151412866542,0.9746310823218838,0.9751151412866542,0.9635512708406143,0.9635512708406143,1.0,1.0,0.9417684269636437,0.9417684269636437,0.6896762675720669,0.9621498356754451,0.6612813679693599,0.8385248649814144,0.9565412426160187,0.962098627264555,0.9991292132020456,0.9800925478975515,0.9124548011723145,0.9124548011723145,0.6552577658810245,-0.1689092428964723,0.9525166159969586,0.40674456585483676,-0.34692659271923926,-0.10056134664705763,0.8894416202427637,0.8434000061363193,0.9391918619191784,0.8753562311696784,0.7533557878026012,0.8176258380699698,0.7397789768064954,0.6583017261789917,0.8677675176594165,0.90143222450917,0.5465147733058221],[0.9751151412866542,0.9746310823218838,0.9751151412866542,0.9635512708406143,0.9635512708406143,1.0,1.0,0.9417684269636437,0.9417684269636437,0.6896762675720669,0.9621498356754451,0.6612813679693599,0.8385248649814144,0.9565412426160187,0.962098627264555,0.9991292132020456,0.9800925478975515,0.9124548011723145,0.9124548011723145,0.6552577658810245,-0.1689092428964723,0.9525166159969586,0.40674456585483676,-0.34692659271923926,-0.10056134664705763,0.8894416202427637,0.8434000061363193,0.9391918619191784,0.8753562311696784,0.7533557878026012,0.8176258380699698,0.7397789768064954,0.6583017261789917,0.8677675176594165,0.90143222450917,0.5465147733058221],[0.9191053126288671,0.9194288814177148,0.9191053126288671,0.9015101444393552,0.9015101444393552,0.9417684269636437,0.9417684269636437,1.0,1.0,0.6751900777090318,0.9373268280360546,0.679946483371715,0.7975716334128017,0.912659327956123,0.9373691554794114,0.9442505576224166,0.9495693988417421,0.9692957449371307,0.9692957449371307,0.6182058899032503,-0.04957267105287261,0.8725232510833997,0.6118939459530841,-0.37831077745722086,0.016355112822425463,0.8159698348226403,0.7382261425839279,0.8880231010163936,0.8525592420509621,0.7751661497791363,0.896797592368507,0.7907192816137112,0.692769449437347,0.8198924959839555,0.879200324447156,0.8365879505288119],[0.9191053126288671,0.9194288814177148,0.9191053126288671,0.9015101444393552,0.9015101444393552,0.9417684269636437,0.9417684269636437,1.0,1.0,0.6751900777090318,0.9373268280360546,0.679946483371715,0.7975716334128017,0.912659327956123,0.9373691554794114,0.9442505576224166,0.9495693988417421,0.9692957449371307,0.9692957449371307,0.6182058899032503,-0.04957267105287261,0.8725232510833997,0.6118939459530841,-0.37831077745722086,0.016355112822425463,0.8159698348226403,0.7382261425839279,0.8880231010163936,0.8525592420509621,0.7751661497791363,0.896797592368507,0.7907192816137112,0.692769449437347,0.8198924959839555,0.879200324447156,0.8365879505288119],[0.7067917709511191,0.7083820301651833,0.7067917709511191,0.6622557792143504,0.6622557792143504,0.6896762675720669,0.6896762675720669,0.6751900777090318,0.6751900777090318,1.0,0.508621136774529,0.9999693199661442,0.2885485869589328,0.2632610868599826,0.5122636890690996,0.6830326005942875,0.582858002833302,0.7746629248093656,0.7746629248093656,0.6823478726186172,-0.09899169559968167,0.6319120482420674,0.03850656778627402,0.047452015631021555,-0.24257827329578424,0.7404743210251782,0.3527675785898165,0.6581016530250694,0.795342124391309,0.6657549102705218,0.3172665476785488,0.5196443104232152,0.5618438318193686,0.7585396477981114,0.5789783003024896,0.16827693753873693],[0.9955812834914998,0.9955725442202219,0.9955812834914998,0.9996912866158363,0.9996912866158363,0.9621498356754451,0.9621498356754451,0.9373268280360546,0.9373268280360546,0.508621136774529,1.0,0.5085366676783045,0.8644900831390521,0.9903954360098342,0.9999484575700402,0.9592495622120809,0.9950364526980964,0.8826994282460352,0.8826994282460352,0.8419561072981462,-0.12151235380872898,0.9974395717353102,0.9073093913631965,-0.5445983554330364,0.5413300928374849,0.8205389349398761,0.8886902997481657,0.9400329694716161,0.8451477003812975,0.794422485981007,0.9418114918123488,0.829458635883239,0.6868395750945903,0.88227411731387,0.9596900395946513,0.8413049189067858],[0.642897814448279,0.6446962592109367,0.642897814448279,0.598917045453273,0.598917045453273,0.6612813679693599,0.6612813679693599,0.679946483371715,0.679946483371715,0.9999693199661442,0.5085366676783045,1.0,0.28944956144504097,0.26399650630109267,0.5130051694453662,0.6715933235590563,0.5834889587196385,0.7665559844528991,0.7665559844528991,0.6319562404590587,0.032536460127623464,0.5731864495252538,0.377062819640883,-0.1604121392655501,-0.23027318387134155,0.760609409129321,0.25942423994931396,0.618719786843114,0.7622531598057588,0.681695176669774,0.47994339078082193,0.6762153072861828,0.6747102101426131,0.7059326693218961,0.5447001462603883,0.5947013421119197],[0.8595072354645416,0.8587586223199601,0.8595072354645416,0.8659253062083282,0.8659253062083282,0.8385248649814144,0.8385248649814144,0.7975716334128017,0.7975716334128017,0.2885485869589328,0.8644900831390521,0.28944956144504097,1.0,0.9998544118353665,0.8629089487595547,0.8321578416918785,0.8578448134873145,0.7156027351099672,0.7156027351099672,0.6268879231036935,-0.09294986697785823,0.8630109101828743,0.8101799756699072,-0.6459054150268057,0.5939746260388804,0.6636366585340991,0.8390212761015216,0.8410572399729009,0.667897678468099,0.5964486232504991,0.8361124277520714,0.6504488842783696,0.5043960927715352,0.745083612506369,0.8441956172704029,0.7641291252605605],[0.9883985494221889,0.9880582168721421,0.9883985494221889,0.9908329111969572,0.9908329111969572,0.9565412426160187,0.9565412426160187,0.912659327956123,0.912659327956123,0.2632610868599826,0.9903954360098342,0.26399650630109267,0.9998544118353665,1.0,0.9904066795388243,0.9500550007638423,0.9859305679087931,0.8304501563214078,0.8304501563214078,0.835297725188445,-0.22892184817445463,0.9872249365889898,0.897192675810586,-0.7588343865909383,0.6503443466056682,0.7359383145181523,0.9348096218497226,0.9312037032706001,0.7651886175099343,0.6723023482312446,0.934958175092017,0.7645953393245432,0.5395261734860167,0.8463036305605957,0.957790958659323,0.8413608499518552],[0.9956622491521463,0.9956687731324665,0.9956622491521463,0.9996446809334258,0.9996446809334258,0.962098627264555,0.962098627264555,0.9373691554794114,0.9373691554794114,0.5122636890690996,0.9999484575700402,0.5130051694453662,0.8629089487595547,0.9904066795388243,1.0,0.9593307133784009,0.995138181234808,0.8835818065217319,0.8835818065217319,0.8432860372745327,-0.11883459425761232,0.9973070571671019,0.9066037925121507,-0.5420536253083059,0.536508417971031,0.8201640916983017,0.8869858227923756,0.9394930804872317,0.8471547323435669,0.7963316250159382,0.9411884416283004,0.8315731158720521,0.6900565729620048,0.8829333007242832,0.9595540261566957,0.8412489146474157],[0.9793122335171656,0.9789587247900062,0.9793122335171656,0.9633037487957006,0.9633037487957006,0.9991292132020456,0.9991292132020456,0.9442505576224166,0.9442505576224166,0.6830326005942875,0.9592495622120809,0.6715933235590563,0.8321578416918785,0.9500550007638423,0.9593307133784009,1.0,0.9791690332994292,0.9153982012199565,0.9153982012199565,0.7047884363027748,-0.1568855876271725,0.9545762041221796,0.7187403276955021,-0.47416841326454023,-0.1151649833665785,0.9001553856399516,0.8277799560580384,0.9349956669940885,0.8832409681896054,0.7859953776748676,0.8932819415758037,0.7841612754523161,0.7148235572621455,0.8887973201002456,0.8985809434693653,0.8325086991320391],[0.9993381331061549,0.9993368855483286,0.9993381331061549,0.9953382207137186,0.9953382207137186,0.9800925478975515,0.9800925478975515,0.9495693988417421,0.9495693988417421,0.582858002833302,0.9950364526980964,0.5834889587196385,0.8578448134873145,0.9859305679087931,0.995138181234808,0.9791690332994292,1.0,0.9139049840024516,0.9139049840024516,0.8590930334981185,-0.1022187918047929,0.9899988572744867,0.8882291975375441,-0.5328108432140395,0.5404713448152784,0.8646548099952369,0.867464867775034,0.9481748731046035,0.8844042655267796,0.8195849687253683,0.9333746019404102,0.8682567268003692,0.7410663803237918,0.9024755107188545,0.9669222566843071,0.8783363483254089],[0.9043120784698788,0.9039219845544105,0.9043120784698788,0.8740263668329301,0.8740263668329301,0.9124548011723145,0.9124548011723145,0.9692957449371307,0.9692957449371307,0.7746629248093656,0.8826994282460352,0.7665559844528991,0.7156027351099672,0.8304501563214078,0.8835818065217319,0.9153982012199565,0.9139049840024516,1.0,1.0,0.760161846650493,-0.09049764887879282,0.8431535466951295,0.6095420116809089,-0.26169338389554087,-0.17702963932426258,0.8460290187479863,0.6607612315749785,0.8370380144448488,0.9195289756425767,0.8504190371656288,0.8078746917282297,0.77416196472951,0.7022592923211256,0.8612321318289723,0.7973279036579977,0.8655785082280689],[0.9043120784698788,0.9039219845544105,0.9043120784698788,0.8740263668329301,0.8740263668329301,0.9124548011723145,0.9124548011723145,0.9692957449371307,0.9692957449371307,0.7746629248093656,0.8826994282460352,0.7665559844528991,0.7156027351099672,0.8304501563214078,0.8835818065217319,0.9153982012199565,0.9139049840024516,1.0,1.0,0.760161846650493,-0.09049764887879282,0.8431535466951295,0.6095420116809089,-0.26169338389554087,-0.17702963932426258,0.8460290187479863,0.6607612315749785,0.8370380144448488,0.9195289756425767,0.8504190371656288,0.8078746917282297,0.77416196472951,0.7022592923211256,0.8612321318289723,0.7973279036579977,0.8655785082280689],[0.760517802103931,0.7774603947491464,0.760517802103931,0.7269725799704384,0.7269725799704384,0.6552577658810245,0.6552577658810245,0.6182058899032503,0.6182058899032503,0.6823478726186172,0.8419561072981462,0.6319562404590587,0.6268879231036935,0.835297725188445,0.8432860372745327,0.7047884363027748,0.8590930334981185,0.760161846650493,0.760161846650493,1.0,0.007550281630364224,0.6908058659596104,-0.29039468231866594,0.260940265273086,-0.6374749908155564,0.3963820323852241,0.579082080589151,0.527162123737774,0.8445398145274184,0.7116964279079688,0.20460876087989227,0.3483469254870863,0.5753814052209477,0.7919052666798319,0.5118666930131135,-0.08534257565524246],[-0.2084134976306701,-0.0001315046615752755,-0.2084134976306701,-0.21508946358072922,-0.21508946358072922,-0.1689092428964723,-0.1689092428964723,-0.04957267105287261,-0.04957267105287261,-0.09899169559968167,-0.12151235380872898,0.032536460127623464,-0.09294986697785823,-0.22892184817445463,-0.11883459425761232,-0.1568855876271725,-0.1022187918047929,-0.09049764887879282,-0.09049764887879282,0.007550281630364224,1.0,-0.1434226871682899,0.07569384709356461,0.1852568391452221,0.7360588777418429,-0.1221761100409245,-0.11429403167820096,-0.07736626101417114,0.12595312849356072,-0.04000121994622925,-0.03650632392420374,0.2742843991911022,0.5466316087807893,-0.16271114764480285,0.043024100315317414,0.11233164499798581],[0.9824476580883151,0.9758014660630197,0.9824476580883151,0.9934514946839335,0.9934514946839335,0.9525166159969586,0.9525166159969586,0.8725232510833997,0.8725232510833997,0.6319120482420674,0.9974395717353102,0.5731864495252538,0.8630109101828743,0.9872249365889898,0.9973070571671019,0.9545762041221796,0.9899988572744867,0.8431535466951295,0.8431535466951295,0.6908058659596104,-0.1434226871682899,1.0,0.21514112118945192,-0.2658788136343741,-0.23899673748166372,0.696684784890936,0.9105054279217618,0.9148067044957225,0.8115276025226701,0.7424273816427491,0.7092796975267927,0.6097698475832767,0.4909218707840483,0.8823335282018236,0.7482358556064822,0.2965623820407559],[0.2806968875769832,0.033382198967663916,0.2806968875769832,0.3084304099265137,0.3084304099265137,0.40674456585483676,0.40674456585483676,0.6118939459530841,0.6118939459530841,0.03850656778627402,0.9073093913631965,0.377062819640883,0.8101799756699072,0.897192675810586,0.9066037925121507,0.7187403276955021,0.8882291975375441,0.6095420116809089,0.6095420116809089,-0.29039468231866594,0.07569384709356461,0.21514112118945192,1.0,-0.4855274051188736,0.6788187655452327,0.4233827314756467,0.2437738518162292,0.3935671418074829,-0.02865133921019175,0.1482755212300754,0.6335622198922176,0.514924323156781,0.220435810686811,0.10055556580551363,0.445880747178613,0.5045164011770361],[-0.18615852310686637,-0.17886528204853017,-0.18615852310686637,-0.21986175324574153,-0.21986175324574153,-0.34692659271923926,-0.34692659271923926,-0.37831077745722086,-0.37831077745722086,0.047452015631021555,-0.5445983554330364,-0.1604121392655501,-0.6459054150268057,-0.7588343865909383,-0.5420536253083059,-0.47416841326454023,-0.5328108432140395,-0.26169338389554087,-0.26169338389554087,0.260940265273086,0.1852568391452221,-0.2658788136343741,-0.4855274051188736,1.0,-0.0263766770604954,-0.21690208350637238,-0.2544401527145047,-0.34432690941920896,-0.09303697098686721,-0.12494049490564736,-0.5764473898368615,-0.23949284701405,-0.04724063640965884,-0.10940859236999288,-0.28235435929285474,-0.43546576678137744],[-0.20703960377270356,-0.2082481297926,-0.20703960377270356,-0.20044412901024508,-0.20044412901024508,-0.10056134664705763,-0.10056134664705763,0.016355112822425463,0.016355112822425463,-0.24257827329578424,0.5413300928374849,-0.23027318387134155,0.5939746260388804,0.6503443466056682,0.536508417971031,-0.1151649833665785,0.5404713448152784,-0.17702963932426258,-0.17702963932426258,-0.6374749908155564,0.7360588777418429,-0.23899673748166372,0.6788187655452327,-0.0263766770604954,1.0,-0.0969822728424034,-0.1354777710488581,-0.05170713356544011,-0.3400958252777163,-0.3167513380011009,0.0586175734530731,0.15541478560938163,0.26037085412604244,-0.35579577775018784,0.0968542160144856,0.08465982261201556],[0.8334991152553144,0.6879655471316143,0.8334991152553144,0.8189978923250475,0.8189978923250475,0.8894416202427637,0.8894416202427637,0.8159698348226403,0.8159698348226403,0.7404743210251782,0.8205389349398761,0.760609409129321,0.6636366585340991,0.7359383145181523,0.8201640916983017,0.9001553856399516,0.8646548099952369,0.8460290187479863,0.8460290187479863,0.3963820323852241,-0.1221761100409245,0.696684784890936,0.4233827314756467,-0.21690208350637238,-0.0969822728424034,1.0,0.5656737466198803,0.8510861169405636,0.5307555607482776,0.6559883470703387,0.6194694070519093,0.6793555614411346,0.4345757260517601,0.7346620758274697,0.7380737216768724,0.4666145439594349],[0.881621195166019,0.8785185549182912,0.881621195166019,0.9060950718008116,0.9060950718008116,0.8434000061363193,0.8434000061363193,0.7382261425839279,0.7382261425839279,0.3527675785898165,0.8886902997481657,0.25942423994931396,0.8390212761015216,0.9348096218497226,0.8869858227923756,0.8277799560580384,0.867464867775034,0.6607612315749785,0.6607612315749785,0.579082080589151,-0.11429403167820096,0.9105054279217618,0.2437738518162292,-0.2544401527145047,-0.1354777710488581,0.5656737466198803,1.0,0.8256098685019725,0.6445313015468351,0.587208032802749,0.6498239927480822,0.4773708609645512,0.3953240020218926,0.7310100483341492,0.6935101610136891,0.264653508633397],[0.9283492285187392,0.9105178249182234,0.9283492285187392,0.9294275063722856,0.9294275063722856,0.9391918619191784,0.9391918619191784,0.8880231010163936,0.8880231010163936,0.6581016530250694,0.9400329694716161,0.618719786843114,0.8410572399729009,0.9312037032706001,0.9394930804872317,0.9349956669940885,0.9481748731046035,0.8370380144448488,0.8370380144448488,0.527162123737774,-0.07736626101417114,0.9148067044957225,0.3935671418074829,-0.34432690941920896,-0.05170713356544011,0.8510861169405636,0.8256098685019725,1.0,0.7387934296932088,0.6296835524856723,0.6931286463909133,0.6145742788685288,0.5035675233621245,0.8180508654114891,0.869771773255649,0.311574808680365],[0.8904369390475161,0.8880010291355354,0.8904369390475161,0.8628105811976859,0.8628105811976859,0.8753562311696784,0.8753562311696784,0.8525592420509621,0.8525592420509621,0.795342124391309,0.8451477003812975,0.7622531598057588,0.667897678468099,0.7651886175099343,0.8471547323435669,0.8832409681896054,0.8844042655267796,0.9195289756425767,0.9195289756425767,0.8445398145274184,0.12595312849356072,0.8115276025226701,-0.02865133921019175,-0.09303697098686721,-0.3400958252777163,0.5307555607482776,0.6445313015468351,0.7387934296932088,1.0,0.9132606801184233,0.5870067283275562,0.709645208154679,0.6705960046856533,0.8866692763614548,0.5524930451769718,0.3462642327874035],[0.7793483435490941,0.7872014508512405,0.7793483435490941,0.7722809929960025,0.7722809929960025,0.7533557878026012,0.7533557878026012,0.7751661497791363,0.7751661497791363,0.6657549102705218,0.794422485981007,0.681695176669774,0.5964486232504991,0.6723023482312446,0.7963316250159382,0.7859953776748676,0.8195849687253683,0.8504190371656288,0.8504190371656288,0.7116964279079688,-0.04000121994622925,0.7424273816427491,0.1482755212300754,-0.12494049490564736,-0.3167513380011009,0.6559883470703387,0.587208032802749,0.6296835524856723,0.9132606801184233,1.0,0.6209436889418568,0.6942668339471976,0.6161369364819016,0.7561038730572992,0.6231976253107999,0.5103869196813299],[0.6788315641155305,0.6705939043606403,0.6788315641155305,0.706645750149001,0.706645750149001,0.8176258380699698,0.8176258380699698,0.896797592368507,0.896797592368507,0.3172665476785488,0.9418114918123488,0.47994339078082193,0.8361124277520714,0.934958175092017,0.9411884416283004,0.8932819415758037,0.9333746019404102,0.8078746917282297,0.8078746917282297,0.20460876087989227,-0.03650632392420374,0.7092796975267927,0.6335622198922176,-0.5764473898368615,0.0586175734530731,0.6194694070519093,0.6498239927480822,0.6931286463909133,0.5870067283275562,0.6209436889418568,1.0,0.7475506378597816,0.38844155040623063,0.5810527140384639,0.6920517249834742,0.7606486723681658],[0.6514533093827071,0.6494740361647082,0.6514533093827071,0.6383429776584314,0.6383429776584314,0.7397789768064954,0.7397789768064954,0.7907192816137112,0.7907192816137112,0.5196443104232152,0.829458635883239,0.6762153072861828,0.6504488842783696,0.7645953393245432,0.8315731158720521,0.7841612754523161,0.8682567268003692,0.77416196472951,0.77416196472951,0.3483469254870863,0.2742843991911022,0.6097698475832767,0.514924323156781,-0.23949284701405,0.15541478560938163,0.6793555614411346,0.4773708609645512,0.6145742788685288,0.709645208154679,0.6942668339471976,0.7475506378597816,1.0,0.7787262175015887,0.5421042577964805,0.7323155741277605,0.5782183244970968],[0.5895664436377338,0.6148322551355103,0.5895664436377338,0.5521211500951582,0.5521211500951582,0.6583017261789917,0.6583017261789917,0.692769449437347,0.692769449437347,0.5618438318193686,0.6868395750945903,0.6747102101426131,0.5043960927715352,0.5395261734860167,0.6900565729620048,0.7148235572621455,0.7410663803237918,0.7022592923211256,0.7022592923211256,0.5753814052209477,0.5466316087807893,0.4909218707840483,0.220435810686811,-0.04724063640965884,0.26037085412604244,0.4345757260517601,0.3953240020218926,0.5035675233621245,0.6705960046856533,0.6161369364819016,0.38844155040623063,0.7787262175015887,1.0,0.5016586396901039,0.6408898360150717,0.22489134499175464],[0.9206086651984415,0.9201416165697434,0.9206086651984415,0.9018277751147546,0.9018277751147546,0.8677675176594165,0.8677675176594165,0.8198924959839555,0.8198924959839555,0.7585396477981114,0.88227411731387,0.7059326693218961,0.745083612506369,0.8463036305605957,0.8829333007242832,0.8887973201002456,0.9024755107188545,0.8612321318289723,0.8612321318289723,0.7919052666798319,-0.16271114764480285,0.8823335282018236,0.10055556580551363,-0.10940859236999288,-0.35579577775018784,0.7346620758274697,0.7310100483341492,0.8180508654114891,0.8866692763614548,0.7561038730572992,0.5810527140384639,0.5421042577964805,0.5016586396901039,1.0,0.7668970599446033,0.2474465439541792],[0.8795245288161068,0.7621118437192519,0.8795245288161068,0.8728661511956107,0.8728661511956107,0.90143222450917,0.90143222450917,0.879200324447156,0.879200324447156,0.5789783003024896,0.9596900395946513,0.5447001462603883,0.8441956172704029,0.957790958659323,0.9595540261566957,0.8985809434693653,0.9669222566843071,0.7973279036579977,0.7973279036579977,0.5118666930131135,0.043024100315317414,0.7482358556064822,0.445880747178613,-0.28235435929285474,0.0968542160144856,0.7380737216768724,0.6935101610136891,0.869771773255649,0.5524930451769718,0.6231976253107999,0.6920517249834742,0.7323155741277605,0.6408898360150717,0.7668970599446033,1.0,0.28553405841438434],[0.2959249182772181,0.2919035349592094,0.2959249182772181,0.3112897298725633,0.3112897298725633,0.5465147733058221,0.5465147733058221,0.8365879505288119,0.8365879505288119,0.16827693753873693,0.8413049189067858,0.5947013421119197,0.7641291252605605,0.8413608499518552,0.8412489146474157,0.8325086991320391,0.8783363483254089,0.8655785082280689,0.8655785082280689,-0.08534257565524246,0.11233164499798581,0.2965623820407559,0.5045164011770361,-0.43546576678137744,0.08465982261201556,0.4666145439594349,0.264653508633397,0.311574808680365,0.3462642327874035,0.5103869196813299,0.7606486723681658,0.5782183244970968,0.22489134499175464,0.2474465439541792,0.28553405841438434,1.0]],"x":["^TAIEX       \u81fa\u7063\u52a0\u6b0a\u5831\u916c\u6307\u6578","^TWII        \u81fa\u7063\u52a0\u6b0a\u6307\u6578","^TAIEXx2     \u81fa\u7063\u52a0\u6b0a\u5831\u916c\u6307\u6578_\u65e5\u6b632","^TAI50I      \u81fa\u706350\u5831\u916c\u6307\u6578","^TAI50Ix2    \u81fa\u706350\u5831\u916c\u6307\u6578_\u65e5\u6b632","^TAI100I     \u81fa\u7063\u4e2d\u578b100\u5831\u916c\u6307\u6578","^TAI100Ix2   \u81fa\u7063\u4e2d\u578b100\u5831\u916c\u6307\u6578_\u65e5\u6b632","^TAIDIVIDI   \u81fa\u7063\u9ad8\u80a1\u606f\u5831\u916c\u6307\u6578","^TAIDIVIDIx2 \u81fa\u7063\u9ad8\u80a1\u606f\u5831\u916c\u6307\u6578_\u65e5\u6b632","0050Fund     \u5143\u5927\u53f0\u7063\u5353\u8d8a50\u57fa\u91d1","006208Fund   \u5bcc\u90a6\u53f0\u7063\u91c6\u540950\u57fa\u91d1","0050         \u5143\u5927\u81fa\u706350","00631L       \u5143\u5927\u53f0\u706350\u6b632","00675L       \u5bcc\u90a6\u81fa\u7063\u52a0\u6b0a\u6b632","006208       \u5bcc\u90a6\u53f050","0051         \u5143\u5927\u4e2d\u578b100","006204       \u6c38\u8c50\u81fa\u7063\u52a0\u6b0a","0056         \u5143\u5927\u9ad8\u80a1\u606f","0056         \u5143\u5927\u9ad8\u80a1\u606f_\u80a1\u606f\u4e0d\u6295\u5165","2412         \u4e2d\u83ef\u96fb\u4fe1","2002         \u4e2d\u92fc","2330         \u53f0\u7a4d\u96fb","2317         \u9d3b\u6d77","6505         \u53f0\u5851\u77f3\u5316","3481         \u7fa4\u5275","2303         \u806f\u96fb","2308         \u53f0\u9054\u96fb","2454         \u806f\u767c\u79d1","2886         \u5146\u8c50\u91d1","2884         \u7389\u5c71\u91d1","2891         \u4e2d\u4fe1\u91d1","2892         \u7b2c\u4e00\u91d1","5880         \u5408\u5eab\u91d1","2881         \u5bcc\u90a6\u91d1","2885         \u5143\u5927\u91d1","2887         \u53f0\u65b0\u91d1"],"y":["^TAIEX       \u81fa\u7063\u52a0\u6b0a\u5831\u916c\u6307\u6578","^TWII        \u81fa\u7063\u52a0\u6b0a\u6307\u6578","^TAIEXx2     \u81fa\u7063\u52a0\u6b0a\u5831\u916c\u6307\u6578_\u65e5\u6b632","^TAI50I      \u81fa\u706350\u5831\u916c\u6307\u6578","^TAI50Ix2    \u81fa\u706350\u5831\u916c\u6307\u6578_\u65e5\u6b632","^TAI100I     \u81fa\u7063\u4e2d\u578b100\u5831\u916c\u6307\u6578","^TAI100Ix2   \u81fa\u7063\u4e2d\u578b100\u5831\u916c\u6307\u6578_\u65e5\u6b632","^TAIDIVIDI   \u81fa\u7063\u9ad8\u80a1\u606f\u5831\u916c\u6307\u6578","^TAIDIVIDIx2 \u81fa\u7063\u9ad8\u80a1\u606f\u5831\u916c\u6307\u6578_\u65e5\u6b632","0050Fund     \u5143\u5927\u53f0\u7063\u5353\u8d8a50\u57fa\u91d1","006208Fund   \u5bcc\u90a6\u53f0\u7063\u91c6\u540950\u57fa\u91d1","0050         \u5143\u5927\u81fa\u706350","00631L       \u5143\u5927\u53f0\u706350\u6b632","00675L       \u5bcc\u90a6\u81fa\u7063\u52a0\u6b0a\u6b632","006208       \u5bcc\u90a6\u53f050","0051         \u5143\u5927\u4e2d\u578b100","006204       \u6c38\u8c50\u81fa\u7063\u52a0\u6b0a","0056         \u5143\u5927\u9ad8\u80a1\u606f","0056         \u5143\u5927\u9ad8\u80a1\u606f_\u80a1\u606f\u4e0d\u6295\u5165","2412         \u4e2d\u83ef\u96fb\u4fe1","2002         \u4e2d\u92fc","2330         \u53f0\u7a4d\u96fb","2317         \u9d3b\u6d77","6505         \u53f0\u5851\u77f3\u5316","3481         \u7fa4\u5275","2303         \u806f\u96fb","2308         \u53f0\u9054\u96fb","2454         \u806f\u767c\u79d1","2886         \u5146\u8c50\u91d1","2884         \u7389\u5c71\u91d1","2891         \u4e2d\u4fe1\u91d1","2892         \u7b2c\u4e00\u91d1","5880         \u5408\u5eab\u91d1","2881         \u5bcc\u90a6\u91d1","2885         \u5143\u5927\u91d1","2887         \u53f0\u65b0\u91d1"],"zmin":-1,"zmax":1,"colorbar":{"x":-0.2}}],"layout":{"autotypenumbers":"strict","colorway":["#636efa","#EF553B","#00cc96","#ab63fa","#FFA15A","#19d3f3","#FF6692","#B6E880","#FF97FF","#FECB52"],"font":{"color":"#f2f5fa","family":"Courier New"},"hovermode":"closest","hoverlabel":{"align":"left"},"paper_bgcolor":"rgb(17,17,17)","plot_bgcolor":"rgb(17,17,17)","polar":{"bgcolor":"rgb(17,17,17)","angularaxis":{"gridcolor":"#506784","linecolor":"#506784","ticks":""},"radialaxis":{"gridcolor":"#506784","linecolor":"#506784","ticks":""}},"ternary":{"bgcolor":"rgb(17,17,17)","aaxis":{"gridcolor":"#506784","linecolor":"#506784","ticks":""},"baxis":{"gridcolor":"#506784","linecolor":"#506784","ticks":""},"caxis":{"gridcolor":"#506784","linecolor":"#506784","ticks":""}},"coloraxis":{"colorbar":{"outlinewidth":0,"ticks":""}},"colorscale":{"sequential":[[0.0,"#0d0887"],[0.1111111111111111,"#46039f"],[0.2222222222222222,"#7201a8"],[0.3333333333333333,"#9c179e"],[0.4444444444444444,"#bd3786"],[0.5555555555555556,"#d8576b"],[0.6666666666666666,"#ed7953"],[0.7777777777777778,"#fb9f3a"],[0.8888888888888888,"#fdca26"],[1.0,"#f0f921"]],"sequentialminus":[[0.0,"#0d0887"],[0.1111111111111111,"#46039f"],[0.2222222222222222,"#7201a8"],[0.3333333333333333,"#9c179e"],[0.4444444444444444,"#bd3786"],[0.5555555555555556,"#d8576b"],[0.6666666666666666,"#ed7953"],[0.7777777777777778,"#fb9f3a"],[0.8888888888888888,"#fdca26"],[1.0,"#f0f921"]],"diverging":[[0,"#8e0152"],[0.1,"#c51b7d"],[0.2,"#de77ae"],[0.3,"#f1b6da"],[0.4,"#fde0ef"],[0.5,"#f7f7f7"],[0.6,"#e6f5d0"],[0.7,"#b8e186"],[0.8,"#7fbc41"],[0.9,"#4d9221"],[1,"#276419"]]},"xaxis":{"gridcolor":"rgba(0, 0, 0, 0)","linecolor":"#506784","ticks":"","title":{"standoff":15},"zerolinecolor":"#283442","automargin":true,"zerolinewidth":2,"tickfont":{"family":"Courier New","size":14},"side":"top","tickangle":-90},"yaxis":{"gridcolor":"rgba(0, 0, 0, 0)","linecolor":"#506784","ticks":"","title":{"standoff":15},"zerolinecolor":"#283442","automargin":true,"zerolinewidth":2,"tickfont":{"family":"Courier New"},"side":"right"},"scene":{"xaxis":{"backgroundcolor":"rgb(17,17,17)","gridcolor":"#506784","linecolor":"#506784","showbackground":true,"ticks":"","zerolinecolor":"#C8D4E3","gridwidth":2},"yaxis":{"backgroundcolor":"rgb(17,17,17)","gridcolor":"#506784","linecolor":"#506784","showbackground":true,"ticks":"","zerolinecolor":"#C8D4E3","gridwidth":2},"zaxis":{"backgroundcolor":"rgb(17,17,17)","gridcolor":"#506784","linecolor":"#506784","showbackground":true,"ticks":"","zerolinecolor":"#C8D4E3","gridwidth":2}},"shapedefaults":{"line":{"color":"#f2f5fa"}},"annotationdefaults":{"arrowcolor":"#f2f5fa","arrowhead":0,"arrowwidth":1},"geo":{"bgcolor":"rgb(17,17,17)","landcolor":"rgb(17,17,17)","subunitcolor":"#506784","showland":true,"showlakes":true,"lakecolor":"rgb(17,17,17)"},"title":{"x":0.05,"font":{"family":"Times New Roman"},"y":0.05,"text":"<b>Correlation of Close<b><br><i>2016-09-23 ~ 2026-05-15<i>"},"updatemenudefaults":{"bgcolor":"#506784","borderwidth":0},"sliderdefaults":{"bgcolor":"#C8D4E3","borderwidth":1,"bordercolor":"rgb(17,17,17)","tickwidth":0},"mapbox":{"style":"dark"},"annotations":[{"text":"<b>@zwindr<b>","textangle":0,"opacity":0.5,"font":{"color":"white","size":12},"xref":"paper","yref":"paper","xanchor":"left","yanchor":"bottom","x":1.0,"y":1.0,"showarrow":false}]},"config":{"responsive":true,"toImageButtonOptions":{"filename":"Correlation of Close_2016-09-23~2026-05-15","scale":5}}};Plotly.newPlot("correlationClose",correlationClose.data,correlationClose.layout||{},correlationClose.config);}else{console.log("style display is none => correlationClose");}