var element=document.getElementById("correlationClose");if(element.style.display!='none'){var correlationClose={"data":[{"type":"heatmap","z":[[1.0,0.9999999999999974,1.0,0.9949819163802608,0.9949819163802608,0.9699008495380979,0.9699008495380979,0.9114516096230473,0.9114516096230473,0.7775570969959321,0.9948457630233842,0.7264976311824768,0.991004801954561,0.9915963103134355,0.9949506204232442,0.9761835528218498,0.9992008487405979,0.9118275054759414,0.9118275054759414,0.7760675941671283,-0.1724683865185459,0.9794074369074273,0.2210372227462097,-0.14633299348157944,-0.23939124065932582,0.819485600405421,0.903225432302269,0.922144686731508,0.9163548276240953,0.7866847730802119,0.6144489249553501,0.6491972975434179,0.61881591507444,0.9345458928664293,0.8526362219445327,0.23048447446956413],[0.9999999999999974,1.0,0.9999999999999976,0.994950737970688,0.994950737970688,0.9694343614114526,0.9694343614114526,0.9122397849622954,0.9122397849622954,0.7791679374792502,0.9948391419121682,0.7265775420745051,0.99058891535553,0.9910224788012078,0.9949596842360457,0.9757453309808226,0.9992024371434274,0.9117515078167858,0.9117515078167858,0.793647422550574,0.03891433968128385,0.9719052154256871,-0.005837717376591507,-0.13922995676105182,-0.23925596093681167,0.6610657524712916,0.9027447285354944,0.9003585197457561,0.9114530883548438,0.7958118233750457,0.6070027804120298,0.6467743034179764,0.6432965408868331,0.9325714897231863,0.7197775669902756,0.22823592801732032],[1.0,0.9999999999999976,1.0,0.9949819163802608,0.9949819163802608,0.9699008495380979,0.9699008495380979,0.9114516096230473,0.9114516096230473,0.7775570969959321,0.9948457630233842,0.7264976311824768,0.991004801954561,0.9915963103134355,0.9949506204232442,0.9761835528218498,0.9992008487405979,0.9118275054759414,0.9118275054759414,0.7760675941671283,-0.1724683865185459,0.9794074369074273,0.2210372227462097,-0.14633299348157944,-0.23939124065932582,0.819485600405421,0.903225432302269,0.922144686731508,0.9163548276240953,0.7866847730802119,0.6144489249553501,0.6491972975434179,0.61881591507444,0.9345458928664293,0.8526362219445327,0.23048447446956413],[0.9949819163802608,0.994950737970688,0.9949819163802608,1.0,1.0,0.9570719434547055,0.9570719434547055,0.8945232663152222,0.8945232663152222,0.7425944259912386,0.9995992322520314,0.6903122107279711,0.9922504484754728,0.9903120227280581,0.9995481979858998,0.9588059455689412,0.9949785186232633,0.8840633768457983,0.8840633768457983,0.747122584557285,-0.18052392694573896,0.9917849577925305,0.24967938269612713,-0.18280215979432274,-0.23686473784347672,0.8071402378135651,0.9206821373087759,0.9215132029386661,0.8958748385998611,0.7871674391713127,0.6443213480507622,0.6402659901578877,0.5854663845025673,0.9220552212454824,0.8435966361602796,0.24422650861183498],[0.9949819163802608,0.994950737970688,0.9949819163802608,1.0,1.0,0.9570719434547055,0.9570719434547055,0.8945232663152222,0.8945232663152222,0.7425944259912386,0.9995992322520314,0.6903122107279711,0.9922504484754728,0.9903120227280581,0.9995481979858998,0.9588059455689412,0.9949785186232633,0.8840633768457983,0.8840633768457983,0.747122584557285,-0.18052392694573896,0.9917849577925305,0.24967938269612713,-0.18280215979432274,-0.23686473784347672,0.8071402378135651,0.9206821373087759,0.9215132029386661,0.8958748385998611,0.7871674391713127,0.6443213480507622,0.6402659901578877,0.5854663845025673,0.9220552212454824,0.8435966361602796,0.24422650861183498],[0.9699008495380979,0.9694343614114526,0.9699008495380979,0.9570719434547055,0.9570719434547055,1.0,1.0,0.9358669407975452,0.9358669407975452,0.7548829575542092,0.9559215112731801,0.7334701011043135,0.9651760770923918,0.9624805063315288,0.955943694245225,0.9990737825270942,0.9763205107414019,0.915910524930619,0.915910524930619,0.6524918296262031,-0.1255071006536378,0.9433553889122644,0.3635113925531513,-0.31991023735010377,-0.11742933585978055,0.8843388622886237,0.8579781081524281,0.9384608659581813,0.8954966376044317,0.7550918736961265,0.7803216754800658,0.7456504082395938,0.692237348986154,0.8713908411432648,0.879790627964182,0.4993316711734943],[0.9699008495380979,0.9694343614114526,0.9699008495380979,0.9570719434547055,0.9570719434547055,1.0,1.0,0.9358669407975452,0.9358669407975452,0.7548829575542092,0.9559215112731801,0.7334701011043135,0.9651760770923918,0.9624805063315288,0.955943694245225,0.9990737825270942,0.9763205107414019,0.915910524930619,0.915910524930619,0.6524918296262031,-0.1255071006536378,0.9433553889122644,0.3635113925531513,-0.31991023735010377,-0.11742933585978055,0.8843388622886237,0.8579781081524281,0.9384608659581813,0.8954966376044317,0.7550918736961265,0.7803216754800658,0.7456504082395938,0.692237348986154,0.8713908411432648,0.879790627964182,0.4993316711734943],[0.9114516096230473,0.9122397849622954,0.9114516096230473,0.8945232663152222,0.8945232663152222,0.9358669407975452,0.9358669407975452,1.0,1.0,0.7183465315260421,0.9365626738632373,0.730137482662751,0.9308093697861981,0.9252777119100358,0.936709977543408,0.9375522815453834,0.9463483692978828,0.9701350661924303,0.9701350661924303,0.6025357243391781,-0.004316121329737782,0.859377431544668,0.5813582588081833,-0.34635683947540175,0.011487274098817146,0.7970826448533904,0.755046635287661,0.8848555023036754,0.8568495481274697,0.7696329146045315,0.8846733787482226,0.7897468091073085,0.7117084508861926,0.8092445819936573,0.8631712430125545,0.8170488542083125],[0.9114516096230473,0.9122397849622954,0.9114516096230473,0.8945232663152222,0.8945232663152222,0.9358669407975452,0.9358669407975452,1.0,1.0,0.7183465315260421,0.9365626738632373,0.730137482662751,0.9308093697861981,0.9252777119100358,0.936709977543408,0.9375522815453834,0.9463483692978828,0.9701350661924303,0.9701350661924303,0.6025357243391781,-0.004316121329737782,0.859377431544668,0.5813582588081833,-0.34635683947540175,0.011487274098817146,0.7970826448533904,0.755046635287661,0.8848555023036754,0.8568495481274697,0.7696329146045315,0.8846733787482226,0.7897468091073085,0.7117084508861926,0.8092445819936573,0.8631712430125545,0.8170488542083125],[0.7775570969959321,0.7791679374792502,0.7775570969959321,0.7425944259912386,0.7425944259912386,0.7548829575542092,0.7548829575542092,0.7183465315260421,0.7183465315260421,1.0,0.6128639499465649,0.9999697665289512,0.5179135055183937,0.41475360273940015,0.6150874167664412,0.7501915269857224,0.6768605980249579,0.8036299722223119,0.8036299722223119,0.689787092007611,-0.09783542771667039,0.7113742497027067,0.03568143864202358,0.049703182331299396,-0.24286433741750987,0.7722261109780058,0.4835957283505087,0.7374697149823224,0.8067818304979734,0.6766509725552086,0.3390460665692068,0.5255333957667166,0.5627583973155457,0.7778636738550669,0.6331797300912038,0.16938567729084983],[0.9948457630233842,0.9948391419121682,0.9948457630233842,0.9995992322520314,0.9995992322520314,0.9559215112731801,0.9559215112731801,0.9365626738632373,0.9365626738632373,0.6128639499465649,1.0,0.612679987632258,0.9917643232805279,0.9901250088213628,0.9999356144023633,0.954140607772325,0.994310669328462,0.8936464267199302,0.8936464267199302,0.8510108348966812,-0.042989313833801314,0.9968242303633429,0.9026491680417895,-0.5357274681325114,0.39938511787854836,0.8161244635619567,0.8919151525452298,0.9355956625751024,0.8871814477047245,0.8129052247458445,0.9289330673230968,0.8595372970307648,0.747451907046852,0.9045855581711931,0.9493507146683632,0.805240839434803],[0.7264976311824768,0.7265775420745051,0.7264976311824768,0.6903122107279711,0.6903122107279711,0.7334701011043135,0.7334701011043135,0.730137482662751,0.730137482662751,0.9999697665289512,0.612679987632258,1.0,0.5151907756752223,0.41153221993726746,0.6133459676087929,0.7396544371342365,0.6752417256519322,0.7977419727304192,0.7977419727304192,0.6459072204300933,0.03178603682638798,0.6607038288962322,0.40338717732366836,-0.16413605938061396,-0.23175267832753416,0.7992995436304878,0.38229884799235525,0.7065305322178637,0.7767349683563644,0.6977217506898273,0.5388103521758818,0.6929582152586028,0.6788853087534421,0.7306009668142921,0.6133744653288333,0.6452691717773362],[0.991004801954561,0.99058891535553,0.991004801954561,0.9922504484754728,0.9922504484754728,0.9651760770923918,0.9651760770923918,0.9308093697861981,0.9308093697861981,0.5179135055183937,0.9917643232805279,0.5151907756752223,1.0,0.9998187001056595,0.9916042568461765,0.9606699897445998,0.9892933770754213,0.8706576789387013,0.8706576789387013,0.8288815007244426,-0.025395012530578433,0.9910456016122146,0.9164972852363874,-0.670541231373971,0.4718460156917577,0.7790911982284021,0.9101413740354309,0.9343734050937448,0.8626255404915201,0.7504238679264618,0.9296452782093277,0.8278206511451917,0.7079734159598609,0.8834533376871361,0.9557014836611684,0.8298898999928682],[0.9915963103134355,0.9910224788012078,0.9915963103134355,0.9903120227280581,0.9903120227280581,0.9624805063315288,0.9624805063315288,0.9252777119100358,0.9252777119100358,0.41475360273940015,0.9901250088213628,0.41153221993726746,0.9998187001056595,1.0,0.9901286734940228,0.9570835549532224,0.9891892134793857,0.8541798037442047,0.8541798037442047,0.8509475539276936,-0.14850048564319288,0.9881453456593192,0.9212063448466037,-0.8214788629368832,0.5073038058549225,0.7294776996583356,0.9164645181720469,0.92631911089624,0.844726453617026,0.693017636226581,0.9363706206598996,0.8206632290134196,0.6438334011920365,0.9017670108866492,0.9565285287120988,0.8077425280821245],[0.9949506204232442,0.9949596842360457,0.9949506204232442,0.9995481979858998,0.9995481979858998,0.955943694245225,0.955943694245225,0.936709977543408,0.936709977543408,0.6150874167664412,0.9999356144023633,0.6133459676087929,0.9916042568461765,0.9901286734940228,1.0,0.9543497807654386,0.9944427664450987,0.8943014513946677,0.8943014513946677,0.8519164476286915,-0.043012001049807895,0.99666985008816,0.902418093417564,-0.5330275693022396,0.401230663807212,0.8168009275856539,0.8903450041142768,0.9352549221985585,0.887392980155979,0.8141465979084099,0.9286432472554129,0.8604432788430574,0.7480896881747191,0.9043782828245951,0.9496152067076408,0.8065779776597994],[0.9761835528218498,0.9757453309808226,0.9761835528218498,0.9588059455689412,0.9588059455689412,0.9990737825270942,0.9990737825270942,0.9375522815453834,0.9375522815453834,0.7501915269857224,0.954140607772325,0.7396544371342365,0.9606699897445998,0.9570835549532224,0.9543497807654386,1.0,0.9762566889326181,0.9173309605017645,0.9173309605017645,0.7011897941025842,-0.11093109552890965,0.9478585435197008,0.6815669685078702,-0.4500303100132305,-0.15524726750664633,0.8958276528314689,0.8473318277953568,0.9349935018113888,0.9029804418926173,0.7900922694661492,0.8718419642154093,0.791586434999665,0.748966960128906,0.8923621335684211,0.8770960062325713,0.8083493904530804],[0.9992008487405979,0.9992024371434274,0.9992008487405979,0.9949785186232633,0.9949785186232633,0.9763205107414019,0.9763205107414019,0.9463483692978828,0.9463483692978828,0.6768605980249579,0.994310669328462,0.6752417256519322,0.9892933770754213,0.9891892134793857,0.9944427664450987,0.9762566889326181,1.0,0.9220659655119607,0.9220659655119607,0.8633156880789319,-0.02650985806190403,0.9879195146146391,0.8746782364578906,-0.5167390382871693,0.4140113186987144,0.8627553514130404,0.8784545733112884,0.9477503003989148,0.9188373919721942,0.8345868144363693,0.917379044831094,0.8922816942191504,0.7929950848298917,0.9186778147674126,0.958176361328802,0.8537625434259892],[0.9118275054759414,0.9117515078167858,0.9118275054759414,0.8840633768457983,0.8840633768457983,0.915910524930619,0.915910524930619,0.9701350661924303,0.9701350661924303,0.8036299722223119,0.8936464267199302,0.7977419727304192,0.8706576789387013,0.8541798037442047,0.8943014513946677,0.9173309605017645,0.9220659655119607,1.0,1.0,0.7509503271647279,-0.05732665110714233,0.8481053800805547,0.5758832833488667,-0.22904822222305635,-0.20088396454622792,0.8345644534424312,0.7060204100731506,0.8433469299233932,0.9199901289827381,0.8457022355851641,0.7989768258588448,0.7664033571960666,0.708124440272369,0.8527121403991181,0.786837076152065,0.8580441299797201],[0.9118275054759414,0.9117515078167858,0.9118275054759414,0.8840633768457983,0.8840633768457983,0.915910524930619,0.915910524930619,0.9701350661924303,0.9701350661924303,0.8036299722223119,0.8936464267199302,0.7977419727304192,0.8706576789387013,0.8541798037442047,0.8943014513946677,0.9173309605017645,0.9220659655119607,1.0,1.0,0.7509503271647279,-0.05732665110714233,0.8481053800805547,0.5758832833488667,-0.22904822222305635,-0.20088396454622792,0.8345644534424312,0.7060204100731506,0.8433469299233932,0.9199901289827381,0.8457022355851641,0.7989768258588448,0.7664033571960666,0.708124440272369,0.8527121403991181,0.786837076152065,0.8580441299797201],[0.7760675941671283,0.793647422550574,0.7760675941671283,0.747122584557285,0.747122584557285,0.6524918296262031,0.6524918296262031,0.6025357243391781,0.6025357243391781,0.689787092007611,0.8510108348966812,0.6459072204300933,0.8288815007244426,0.8509475539276936,0.8519164476286915,0.7011897941025842,0.8633156880789319,0.7509503271647279,0.7509503271647279,1.0,0.022262129336813447,0.7076272166562716,-0.3287897560129263,0.28838315767383593,-0.6506645890477805,0.37259493880711536,0.6662267404050927,0.5258735814459564,0.8401602107275111,0.7029569832005181,0.155781368518679,0.3291355981385844,0.5715593663255012,0.786225144075824,0.49634775325767877,-0.12411394771009958],[-0.1724683865185459,0.03891433968128385,-0.1724683865185459,-0.18052392694573896,-0.18052392694573896,-0.1255071006536378,-0.1255071006536378,-0.004316121329737782,-0.004316121329737782,-0.09783542771667039,-0.042989313833801314,0.03178603682638798,-0.025395012530578433,-0.14850048564319288,-0.043012001049807895,-0.11093109552890965,-0.02650985806190403,-0.05732665110714233,-0.05732665110714233,0.022262129336813447,1.0,-0.11814817608651688,0.0910832013218032,0.17129489896498618,0.7447441549025796,-0.10440200875610332,-0.07911365953507485,-0.03904348613659958,0.1436310848044536,-0.019889245828080066,0.00854365928739986,0.30327482603473127,0.5568976812283052,-0.1424025915448901,0.07995715027651755,0.13955717823538524],[0.9794074369074273,0.9719052154256871,0.9794074369074273,0.9917849577925305,0.9917849577925305,0.9433553889122644,0.9433553889122644,0.859377431544668,0.859377431544668,0.7113742497027067,0.9968242303633429,0.6607038288962322,0.9910456016122146,0.9881453456593192,0.99666985008816,0.9478585435197008,0.9879195146146391,0.8481053800805547,0.8481053800805547,0.7076272166562716,-0.11814817608651688,1.0,0.1580409777334372,-0.23610618483551205,-0.28045039754517315,0.6744636710560606,0.9254043517907234,0.9053857403426993,0.8392853084385019,0.7547784289565017,0.647262975886657,0.6080756987502942,0.5168108972668292,0.9000915275841538,0.7005598640103674,0.22819828378301663],[0.2210372227462097,-0.005837717376591507,0.2210372227462097,0.24967938269612713,0.24967938269612713,0.3635113925531513,0.3635113925531513,0.5813582588081833,0.5813582588081833,0.03568143864202358,0.9026491680417895,0.40338717732366836,0.9164972852363874,0.9212063448466037,0.902418093417564,0.6815669685078702,0.8746782364578906,0.5758832833488667,0.5758832833488667,-0.3287897560129263,0.0910832013218032,0.1580409777334372,1.0,-0.4740805961362553,0.6936355144813229,0.39934653169292456,0.18356631367743262,0.353597923430432,-0.059384902565633786,0.11626334164618354,0.6185544364984751,0.4982129562811069,0.21133656447055318,0.05796652088032686,0.4201455484397425,0.48422611305940266],[-0.14633299348157944,-0.13922995676105182,-0.14633299348157944,-0.18280215979432274,-0.18280215979432274,-0.31991023735010377,-0.31991023735010377,-0.34635683947540175,-0.34635683947540175,0.049703182331299396,-0.5357274681325114,-0.16413605938061396,-0.670541231373971,-0.8214788629368832,-0.5330275693022396,-0.4500303100132305,-0.5167390382871693,-0.22904822222305635,-0.22904822222305635,0.28838315767383593,0.17129489896498618,-0.23610618483551205,-0.4740805961362553,1.0,-0.024512336321811337,-0.19019968865121148,-0.23728818207983776,-0.33028984882285056,-0.07176373113944161,-0.10334577820494804,-0.5777714881079915,-0.22277484720741433,-0.03788207756454846,-0.08252889788101157,-0.25494440173383215,-0.4216366313859525],[-0.23939124065932582,-0.23925596093681167,-0.23939124065932582,-0.23686473784347672,-0.23686473784347672,-0.11742933585978055,-0.11742933585978055,0.011487274098817146,0.011487274098817146,-0.24286433741750987,0.39938511787854836,-0.23175267832753416,0.4718460156917577,0.5073038058549225,0.401230663807212,-0.15524726750664633,0.4140113186987144,-0.20088396454622792,-0.20088396454622792,-0.6506645890477805,0.7447441549025796,-0.28045039754517315,0.6936355144813229,-0.024512336321811337,1.0,-0.10693362079647153,-0.21030648005838148,-0.06758739144340298,-0.34821902061183385,-0.32574679567043446,0.05856871677487687,0.15553228525734056,0.260262071458227,-0.370061830624263,0.10109825650429788,0.0853402511163145],[0.819485600405421,0.6610657524712916,0.819485600405421,0.8071402378135651,0.8071402378135651,0.8843388622886237,0.8843388622886237,0.7970826448533904,0.7970826448533904,0.7722261109780058,0.8161244635619567,0.7992995436304878,0.7790911982284021,0.7294776996583356,0.8168009275856539,0.8958276528314689,0.8627553514130404,0.8345644534424312,0.8345644534424312,0.37259493880711536,-0.10440200875610332,0.6744636710560606,0.39934653169292456,-0.19019968865121148,-0.10693362079647153,1.0,0.5507804152154222,0.8447102071668161,0.5120809193462881,0.643026180837967,0.5763872191725933,0.6702358666201853,0.43229621184628186,0.7188074652282125,0.7155362672166886,0.4361193595766355],[0.903225432302269,0.9027447285354944,0.903225432302269,0.9206821373087759,0.9206821373087759,0.8579781081524281,0.8579781081524281,0.755046635287661,0.755046635287661,0.4835957283505087,0.8919151525452298,0.38229884799235525,0.9101413740354309,0.9164645181720469,0.8903450041142768,0.8473318277953568,0.8784545733112884,0.7060204100731506,0.7060204100731506,0.6662267404050927,-0.07911365953507485,0.9254043517907234,0.18356631367743262,-0.23728818207983776,-0.21030648005838148,0.5507804152154222,1.0,0.8041410652113364,0.7437913789785071,0.6538912606025725,0.5803925098146747,0.5110913529820656,0.4801758657621032,0.8198758518338501,0.6564796005797789,0.17171239044780434],[0.922144686731508,0.9003585197457561,0.922144686731508,0.9215132029386661,0.9215132029386661,0.9384608659581813,0.9384608659581813,0.8848555023036754,0.8848555023036754,0.7374697149823224,0.9355956625751024,0.7065305322178637,0.9343734050937448,0.92631911089624,0.9352549221985585,0.9349935018113888,0.9477503003989148,0.8433469299233932,0.8433469299233932,0.5258735814459564,-0.03904348613659958,0.9053857403426993,0.353597923430432,-0.33028984882285056,-0.06758739144340298,0.8447102071668161,0.8041410652113364,1.0,0.7616209339032834,0.6329611879460345,0.6434171959864262,0.6202968458990327,0.5340591650155088,0.8326296988061185,0.8509794090670527,0.2562427541612296],[0.9163548276240953,0.9114530883548438,0.9163548276240953,0.8958748385998611,0.8958748385998611,0.8954966376044317,0.8954966376044317,0.8568495481274697,0.8568495481274697,0.8067818304979734,0.8871814477047245,0.7767349683563644,0.8626255404915201,0.844726453617026,0.887392980155979,0.9029804418926173,0.9188373919721942,0.9199901289827381,0.9199901289827381,0.8401602107275111,0.1436310848044536,0.8392853084385019,-0.059384902565633786,-0.07176373113944161,-0.34821902061183385,0.5120809193462881,0.7437913789785071,0.7616209339032834,1.0,0.9102654052719422,0.5701810075789171,0.7001083605342364,0.6693248995123029,0.8831832218564654,0.5330243621129019,0.32019395942310125],[0.7866847730802119,0.7958118233750457,0.7866847730802119,0.7871674391713127,0.7871674391713127,0.7550918736961265,0.7550918736961265,0.7696329146045315,0.7696329146045315,0.6766509725552086,0.8129052247458445,0.6977217506898273,0.7504238679264618,0.693017636226581,0.8141465979084099,0.7900922694661492,0.8345868144363693,0.8457022355851641,0.8457022355851641,0.7029569832005181,-0.019889245828080066,0.7547784289565017,0.11626334164618354,-0.10334577820494804,-0.32574679567043446,0.643026180837967,0.6538912606025725,0.6329611879460345,0.9102654052719422,1.0,0.6045186334636862,0.6836252530939788,0.6141101634208169,0.7455544364011686,0.6099335646155711,0.4896894166928107],[0.6144489249553501,0.6070027804120298,0.6144489249553501,0.6443213480507622,0.6443213480507622,0.7803216754800658,0.7803216754800658,0.8846733787482226,0.8846733787482226,0.3390460665692068,0.9289330673230968,0.5388103521758818,0.9296452782093277,0.9363706206598996,0.9286432472554129,0.8718419642154093,0.917379044831094,0.7989768258588448,0.7989768258588448,0.155781368518679,0.00854365928739986,0.647262975886657,0.6185544364984751,-0.5777714881079915,0.05856871677487687,0.5763872191725933,0.5803925098146747,0.6434171959864262,0.5701810075789171,0.6045186334636862,1.0,0.7494799995262293,0.389514103049325,0.5462626723549555,0.6338654546364341,0.7533460047968347],[0.6491972975434179,0.6467743034179764,0.6491972975434179,0.6402659901578877,0.6402659901578877,0.7456504082395938,0.7456504082395938,0.7897468091073085,0.7897468091073085,0.5255333957667166,0.8595372970307648,0.6929582152586028,0.8278206511451917,0.8206632290134196,0.8604432788430574,0.791586434999665,0.8922816942191504,0.7664033571960666,0.7664033571960666,0.3291355981385844,0.30327482603473127,0.6080756987502942,0.4982129562811069,-0.22277484720741433,0.15553228525734056,0.6702358666201853,0.5110913529820656,0.6202968458990327,0.7001083605342364,0.6836252530939788,0.7494799995262293,1.0,0.7793918395710434,0.5233649628561905,0.738111288173089,0.5623304945168485],[0.61881591507444,0.6432965408868331,0.61881591507444,0.5854663845025673,0.5854663845025673,0.692237348986154,0.692237348986154,0.7117084508861926,0.7117084508861926,0.5627583973155457,0.747451907046852,0.6788853087534421,0.7079734159598609,0.6438334011920365,0.7480896881747191,0.748966960128906,0.7929950848298917,0.708124440272369,0.708124440272369,0.5715593663255012,0.5568976812283052,0.5168108972668292,0.21133656447055318,-0.03788207756454846,0.260262071458227,0.43229621184628186,0.4801758657621032,0.5340591650155088,0.6693248995123029,0.6141101634208169,0.389514103049325,0.7793918395710434,1.0,0.49853024696545883,0.661067845693986,0.21338410167089755],[0.9345458928664293,0.9325714897231863,0.9345458928664293,0.9220552212454824,0.9220552212454824,0.8713908411432648,0.8713908411432648,0.8092445819936573,0.8092445819936573,0.7778636738550669,0.9045855581711931,0.7306009668142921,0.8834533376871361,0.9017670108866492,0.9043782828245951,0.8923621335684211,0.9186778147674126,0.8527121403991181,0.8527121403991181,0.786225144075824,-0.1424025915448901,0.9000915275841538,0.05796652088032686,-0.08252889788101157,-0.370061830624263,0.7188074652282125,0.8198758518338501,0.8326296988061185,0.8831832218564654,0.7455544364011686,0.5462626723549555,0.5233649628561905,0.49853024696545883,1.0,0.7565158974685656,0.207559737693062],[0.8526362219445327,0.7197775669902756,0.8526362219445327,0.8435966361602796,0.8435966361602796,0.879790627964182,0.879790627964182,0.8631712430125545,0.8631712430125545,0.6331797300912038,0.9493507146683632,0.6133744653288333,0.9557014836611684,0.9565285287120988,0.9496152067076408,0.8770960062325713,0.958176361328802,0.786837076152065,0.786837076152065,0.49634775325767877,0.07995715027651755,0.7005598640103674,0.4201455484397425,-0.25494440173383215,0.10109825650429788,0.7155362672166886,0.6564796005797789,0.8509794090670527,0.5330243621129019,0.6099335646155711,0.6338654546364341,0.738111288173089,0.661067845693986,0.7565158974685656,1.0,0.2232295173242687],[0.23048447446956413,0.22823592801732032,0.23048447446956413,0.24422650861183498,0.24422650861183498,0.4993316711734943,0.4993316711734943,0.8170488542083125,0.8170488542083125,0.16938567729084983,0.805240839434803,0.6452691717773362,0.8298898999928682,0.8077425280821245,0.8065779776597994,0.8083493904530804,0.8537625434259892,0.8580441299797201,0.8580441299797201,-0.12411394771009958,0.13955717823538524,0.22819828378301663,0.48422611305940266,-0.4216366313859525,0.0853402511163145,0.4361193595766355,0.17171239044780434,0.2562427541612296,0.32019395942310125,0.4896894166928107,0.7533460047968347,0.5623304945168485,0.21338410167089755,0.207559737693062,0.2232295173242687,1.0]],"x":["^TAIEX       \u81fa\u7063\u52a0\u6b0a\u5831\u916c\u6307\u6578","^TWII        \u81fa\u7063\u52a0\u6b0a\u6307\u6578","^TAIEXx2     \u81fa\u7063\u52a0\u6b0a\u5831\u916c\u6307\u6578_\u65e5\u6b632","^TAI50I      \u81fa\u706350\u5831\u916c\u6307\u6578","^TAI50Ix2    \u81fa\u706350\u5831\u916c\u6307\u6578_\u65e5\u6b632","^TAI100I     \u81fa\u7063\u4e2d\u578b100\u5831\u916c\u6307\u6578","^TAI100Ix2   \u81fa\u7063\u4e2d\u578b100\u5831\u916c\u6307\u6578_\u65e5\u6b632","^TAIDIVIDI   \u81fa\u7063\u9ad8\u80a1\u606f\u5831\u916c\u6307\u6578","^TAIDIVIDIx2 \u81fa\u7063\u9ad8\u80a1\u606f\u5831\u916c\u6307\u6578_\u65e5\u6b632","0050Fund     \u5143\u5927\u53f0\u7063\u5353\u8d8a50\u57fa\u91d1","006208Fund   \u5bcc\u90a6\u53f0\u7063\u91c6\u540950\u57fa\u91d1","0050         \u5143\u5927\u81fa\u706350","00631L       \u5143\u5927\u53f0\u706350\u6b632","00675L       \u5bcc\u90a6\u81fa\u7063\u52a0\u6b0a\u6b632","006208       \u5bcc\u90a6\u53f050","0051         \u5143\u5927\u4e2d\u578b100","006204       \u6c38\u8c50\u81fa\u7063\u52a0\u6b0a","0056         \u5143\u5927\u9ad8\u80a1\u606f","0056         \u5143\u5927\u9ad8\u80a1\u606f_\u80a1\u606f\u4e0d\u6295\u5165","2412         \u4e2d\u83ef\u96fb\u4fe1","2002         \u4e2d\u92fc","2330         \u53f0\u7a4d\u96fb","2317         \u9d3b\u6d77","6505         \u53f0\u5851\u77f3\u5316","3481         \u7fa4\u5275","2303         \u806f\u96fb","2308         \u53f0\u9054\u96fb","2454         \u806f\u767c\u79d1","2886         \u5146\u8c50\u91d1","2884         \u7389\u5c71\u91d1","2891         \u4e2d\u4fe1\u91d1","2892         \u7b2c\u4e00\u91d1","5880         \u5408\u5eab\u91d1","2881         \u5bcc\u90a6\u91d1","2885         \u5143\u5927\u91d1","2887         \u53f0\u65b0\u91d1"],"y":["^TAIEX       \u81fa\u7063\u52a0\u6b0a\u5831\u916c\u6307\u6578","^TWII        \u81fa\u7063\u52a0\u6b0a\u6307\u6578","^TAIEXx2     \u81fa\u7063\u52a0\u6b0a\u5831\u916c\u6307\u6578_\u65e5\u6b632","^TAI50I      \u81fa\u706350\u5831\u916c\u6307\u6578","^TAI50Ix2    \u81fa\u706350\u5831\u916c\u6307\u6578_\u65e5\u6b632","^TAI100I     \u81fa\u7063\u4e2d\u578b100\u5831\u916c\u6307\u6578","^TAI100Ix2   \u81fa\u7063\u4e2d\u578b100\u5831\u916c\u6307\u6578_\u65e5\u6b632","^TAIDIVIDI   \u81fa\u7063\u9ad8\u80a1\u606f\u5831\u916c\u6307\u6578","^TAIDIVIDIx2 \u81fa\u7063\u9ad8\u80a1\u606f\u5831\u916c\u6307\u6578_\u65e5\u6b632","0050Fund     \u5143\u5927\u53f0\u7063\u5353\u8d8a50\u57fa\u91d1","006208Fund   \u5bcc\u90a6\u53f0\u7063\u91c6\u540950\u57fa\u91d1","0050         \u5143\u5927\u81fa\u706350","00631L       \u5143\u5927\u53f0\u706350\u6b632","00675L       \u5bcc\u90a6\u81fa\u7063\u52a0\u6b0a\u6b632","006208       \u5bcc\u90a6\u53f050","0051         \u5143\u5927\u4e2d\u578b100","006204       \u6c38\u8c50\u81fa\u7063\u52a0\u6b0a","0056         \u5143\u5927\u9ad8\u80a1\u606f","0056         \u5143\u5927\u9ad8\u80a1\u606f_\u80a1\u606f\u4e0d\u6295\u5165","2412         \u4e2d\u83ef\u96fb\u4fe1","2002         \u4e2d\u92fc","2330         \u53f0\u7a4d\u96fb","2317         \u9d3b\u6d77","6505         \u53f0\u5851\u77f3\u5316","3481         \u7fa4\u5275","2303         \u806f\u96fb","2308         \u53f0\u9054\u96fb","2454         \u806f\u767c\u79d1","2886         \u5146\u8c50\u91d1","2884         \u7389\u5c71\u91d1","2891         \u4e2d\u4fe1\u91d1","2892         \u7b2c\u4e00\u91d1","5880         \u5408\u5eab\u91d1","2881         \u5bcc\u90a6\u91d1","2885         \u5143\u5927\u91d1","2887         \u53f0\u65b0\u91d1"],"zmin":-1,"zmax":1,"colorbar":{"x":-0.2}}],"layout":{"autotypenumbers":"strict","colorway":["#636efa","#EF553B","#00cc96","#ab63fa","#FFA15A","#19d3f3","#FF6692","#B6E880","#FF97FF","#FECB52"],"font":{"color":"#f2f5fa","family":"Courier New"},"hovermode":"closest","hoverlabel":{"align":"left"},"paper_bgcolor":"rgb(17,17,17)","plot_bgcolor":"rgb(17,17,17)","polar":{"bgcolor":"rgb(17,17,17)","angularaxis":{"gridcolor":"#506784","linecolor":"#506784","ticks":""},"radialaxis":{"gridcolor":"#506784","linecolor":"#506784","ticks":""}},"ternary":{"bgcolor":"rgb(17,17,17)","aaxis":{"gridcolor":"#506784","linecolor":"#506784","ticks":""},"baxis":{"gridcolor":"#506784","linecolor":"#506784","ticks":""},"caxis":{"gridcolor":"#506784","linecolor":"#506784","ticks":""}},"coloraxis":{"colorbar":{"outlinewidth":0,"ticks":""}},"colorscale":{"sequential":[[0.0,"#0d0887"],[0.1111111111111111,"#46039f"],[0.2222222222222222,"#7201a8"],[0.3333333333333333,"#9c179e"],[0.4444444444444444,"#bd3786"],[0.5555555555555556,"#d8576b"],[0.6666666666666666,"#ed7953"],[0.7777777777777778,"#fb9f3a"],[0.8888888888888888,"#fdca26"],[1.0,"#f0f921"]],"sequentialminus":[[0.0,"#0d0887"],[0.1111111111111111,"#46039f"],[0.2222222222222222,"#7201a8"],[0.3333333333333333,"#9c179e"],[0.4444444444444444,"#bd3786"],[0.5555555555555556,"#d8576b"],[0.6666666666666666,"#ed7953"],[0.7777777777777778,"#fb9f3a"],[0.8888888888888888,"#fdca26"],[1.0,"#f0f921"]],"diverging":[[0,"#8e0152"],[0.1,"#c51b7d"],[0.2,"#de77ae"],[0.3,"#f1b6da"],[0.4,"#fde0ef"],[0.5,"#f7f7f7"],[0.6,"#e6f5d0"],[0.7,"#b8e186"],[0.8,"#7fbc41"],[0.9,"#4d9221"],[1,"#276419"]]},"xaxis":{"gridcolor":"rgba(0, 0, 0, 0)","linecolor":"#506784","ticks":"","title":{"standoff":15},"zerolinecolor":"#283442","automargin":true,"zerolinewidth":2,"tickfont":{"family":"Courier New","size":14},"side":"top","tickangle":-90},"yaxis":{"gridcolor":"rgba(0, 0, 0, 0)","linecolor":"#506784","ticks":"","title":{"standoff":15},"zerolinecolor":"#283442","automargin":true,"zerolinewidth":2,"tickfont":{"family":"Courier New"},"side":"right"},"scene":{"xaxis":{"backgroundcolor":"rgb(17,17,17)","gridcolor":"#506784","linecolor":"#506784","showbackground":true,"ticks":"","zerolinecolor":"#C8D4E3","gridwidth":2},"yaxis":{"backgroundcolor":"rgb(17,17,17)","gridcolor":"#506784","linecolor":"#506784","showbackground":true,"ticks":"","zerolinecolor":"#C8D4E3","gridwidth":2},"zaxis":{"backgroundcolor":"rgb(17,17,17)","gridcolor":"#506784","linecolor":"#506784","showbackground":true,"ticks":"","zerolinecolor":"#C8D4E3","gridwidth":2}},"shapedefaults":{"line":{"color":"#f2f5fa"}},"annotationdefaults":{"arrowcolor":"#f2f5fa","arrowhead":0,"arrowwidth":1},"geo":{"bgcolor":"rgb(17,17,17)","landcolor":"rgb(17,17,17)","subunitcolor":"#506784","showland":true,"showlakes":true,"lakecolor":"rgb(17,17,17)"},"title":{"x":0.05,"font":{"family":"Times New Roman"},"y":0.05,"text":"<b>Correlation of Close<b><br><i>2016-09-23 ~ 2026-02-24<i>"},"updatemenudefaults":{"bgcolor":"#506784","borderwidth":0},"sliderdefaults":{"bgcolor":"#C8D4E3","borderwidth":1,"bordercolor":"rgb(17,17,17)","tickwidth":0},"mapbox":{"style":"dark"},"annotations":[{"text":"<b>@zwindr<b>","textangle":0,"opacity":0.5,"font":{"color":"white","size":12},"xref":"paper","yref":"paper","xanchor":"left","yanchor":"bottom","x":1.0,"y":1.0,"showarrow":false}]},"config":{"responsive":true,"toImageButtonOptions":{"filename":"Correlation of Close_2016-09-23~2026-02-24","scale":5}}};Plotly.newPlot("correlationClose",correlationClose.data,correlationClose.layout||{},correlationClose.config);}else{console.log("style display is none => correlationClose");}