var config = { responsive: true }

var correlationClose = {"data": [{"type": "heatmap", "z": [[1.0, 0.9999999999999983, 1.0, 0.9957012252793077, 0.9957012252793077, 0.9599668354149496, 0.9599668354149496, 0.8932993106940241, 0.8932993106940241, 0.9765516800553043, 0.9922724882322298, 0.9918222548751489, 0.9952266604805231, 0.9709292506483681, 0.9988480329027439, 0.9275886092805562, 0.7812063703174125, -0.06345485339547785, 0.9765244981964908, 0.04872039320222527, 0.027298004403164145, -0.24969198280778088, 0.8247227035348801, 0.950198384764421, 0.9005213109263094], [0.9999999999999983, 1.0, 0.9999999999999984, 0.9956405000992535, 0.9956405000992535, 0.9593005377982163, 0.9593005377982163, 0.8946716078953133, 0.8946716078953133, 0.975351731607413, 0.9920091638326445, 0.991212390610995, 0.9951832495975759, 0.9701486427750236, 0.9988528486326089, 0.9281907684467173, 0.8024937845405095, 0.14151131298179426, 0.9672411236619058, -0.1073232321123474, 0.03456685272145661, -0.2500169049111676, 0.6468994108027233, 0.9504105128235725, 0.8715507922999886], [1.0, 0.9999999999999984, 1.0, 0.9957012252793077, 0.9957012252793077, 0.9599668354149496, 0.9599668354149496, 0.8932993106940241, 0.8932993106940241, 0.9765516800553043, 0.9922724882322298, 0.9918222548751489, 0.9952266604805231, 0.9709292506483681, 0.9988480329027439, 0.9275886092805562, 0.7812063703174125, -0.06345485339547785, 0.9765244981964908, 0.04872039320222527, 0.027298004403164145, -0.24969198280778088, 0.8247227035348801, 0.950198384764421, 0.9005213109263094], [0.9957012252793077, 0.9956405000992535, 0.9957012252793077, 1.0, 1.0, 0.9468707218676213, 0.9468707218676213, 0.8792327664464806, 0.8792327664464806, 0.9775208850274418, 0.9879251875353973, 0.983664862230531, 0.999371659540136, 0.9533748475723345, 0.9946789198896079, 0.9100830146652789, 0.761387832237143, -0.06819352511529607, 0.9881761399068647, 0.06771930052473223, -0.0012681845948802342, -0.25377116391181537, 0.8270000018235316, 0.9401583228790567, 0.9055059708622148], [0.9957012252793077, 0.9956405000992535, 0.9957012252793077, 1.0, 1.0, 0.9468707218676213, 0.9468707218676213, 0.8792327664464806, 0.8792327664464806, 0.9775208850274418, 0.9879251875353973, 0.983664862230531, 0.999371659540136, 0.9533748475723345, 0.9946789198896079, 0.9100830146652789, 0.761387832237143, -0.06819352511529607, 0.9881761399068647, 0.06771930052473223, -0.0012681845948802342, -0.25377116391181537, 0.8270000018235316, 0.9401583228790567, 0.9055059708622148], [0.9599668354149496, 0.9593005377982163, 0.9599668354149496, 0.9468707218676213, 0.9468707218676213, 1.0, 1.0, 0.9211760933183086, 0.9211760933183086, 0.9333402353281849, 0.9765380678322614, 0.9754409137377565, 0.950887179955232, 0.9989538838809907, 0.9715408416930821, 0.9192573027573173, 0.6193616858363749, -0.006367402939483736, 0.9312351994165684, 0.235914251231972, -0.18526448840620666, -0.1015862559070152, 0.8965982814632664, 0.9096441202951162, 0.9220829696295325], [0.9599668354149496, 0.9593005377982163, 0.9599668354149496, 0.9468707218676213, 0.9468707218676213, 1.0, 1.0, 0.9211760933183086, 0.9211760933183086, 0.9333402353281849, 0.9765380678322614, 0.9754409137377565, 0.950887179955232, 0.9989538838809907, 0.9715408416930821, 0.9192573027573173, 0.6193616858363749, -0.006367402939483736, 0.9312351994165684, 0.235914251231972, -0.18526448840620666, -0.1015862559070152, 0.8965982814632664, 0.9096441202951162, 0.9220829696295325], [0.8932993106940241, 0.8946716078953133, 0.8932993106940241, 0.8792327664464806, 0.8792327664464806, 0.9211760933183086, 0.9211760933183086, 1.0, 1.0, 0.8824271384299791, 0.94600724346747, 0.9409535479282509, 0.936807300006559, 0.9218997208089665, 0.9381465409490194, 0.9733971517426333, 0.5519439201056305, 0.11630041061122222, 0.8347773099601805, 0.4902203543722222, -0.20686124010310825, 0.04230323786335351, 0.7833832490034834, 0.7983556962728956, 0.8566518058005331], [0.8932993106940241, 0.8946716078953133, 0.8932993106940241, 0.8792327664464806, 0.8792327664464806, 0.9211760933183086, 0.9211760933183086, 1.0, 1.0, 0.8824271384299791, 0.94600724346747, 0.9409535479282509, 0.936807300006559, 0.9218997208089665, 0.9381465409490194, 0.9733971517426333, 0.5519439201056305, 0.11630041061122222, 0.8347773099601805, 0.4902203543722222, -0.20686124010310825, 0.04230323786335351, 0.7833832490034834, 0.7983556962728956, 0.8566518058005331], [0.9765516800553043, 0.975351731607413, 0.9765516800553043, 0.9775208850274418, 0.9775208850274418, 0.9333402353281849, 0.9333402353281849, 0.8824271384299791, 0.8824271384299791, 1.0, 0.9534596009575416, 0.9393497362138608, 0.9669652136498721, 0.9348577602743686, 0.9684808503395969, 0.9003460001644984, 0.7393378786917431, -0.08835207545936613, 0.9653622230959216, 0.493247459773162, -0.20825161720080929, -0.26455898034930747, 0.8759820407963513, 0.9099134618387476, 0.8847225692501428], [0.9922724882322298, 0.9920091638326445, 0.9922724882322298, 0.9879251875353973, 0.9879251875353973, 0.9765380678322614, 0.9765380678322614, 0.94600724346747, 0.94600724346747, 0.9534596009575416, 1.0, 0.9996686074530932, 0.9876511545847823, 0.9748806169900147, 0.9891855969662019, 0.924296794703777, 0.8002324288768178, 0.23446469329931036, 0.985653505163064, 0.8683054392762064, -0.5885576446728352, 0.4654822692413332, 0.8538303940127978, 0.9325301543876531, 0.9558844169008248], [0.9918222548751489, 0.991212390610995, 0.9918222548751489, 0.983664862230531, 0.983664862230531, 0.9754409137377565, 0.9754409137377565, 0.9409535479282509, 0.9409535479282509, 0.9393497362138608, 0.9996686074530932, 1.0, 0.9842452345571214, 0.9726611287831933, 0.9873442646909888, 0.9124612275124808, 0.8186258569443541, 0.11677913738419335, 0.9799239686800715, 0.8778354236714281, -0.8109463009258511, 0.515705666051659, 0.8129659107568166, 0.9388184271486254, 0.9536480844573929], [0.9952266604805231, 0.9951832495975759, 0.9952266604805231, 0.999371659540136, 0.999371659540136, 0.950887179955232, 0.950887179955232, 0.936807300006559, 0.936807300006559, 0.9669652136498721, 0.9876511545847823, 0.9842452345571214, 1.0, 0.9517077502424865, 0.9937799204802943, 0.9300024142282259, 0.8374184102078176, 0.19918058712130132, 0.9952671155963125, 0.8411503506792164, -0.38756733314590697, 0.3867540729279282, 0.8741090976622877, 0.91180022470163, 0.9371926420342745], [0.9709292506483681, 0.9701486427750236, 0.9709292506483681, 0.9533748475723345, 0.9533748475723345, 0.9989538838809907, 0.9989538838809907, 0.9218997208089665, 0.9218997208089665, 0.9348577602743686, 0.9748806169900147, 0.9726611287831933, 0.9517077502424865, 1.0, 0.9733834690082424, 0.918762161623658, 0.6681826324017781, 0.013977243864280972, 0.9431467562401906, 0.5617612078917135, -0.3189297522166421, -0.1556810518415261, 0.9097283175780895, 0.923463540911522, 0.9174293881431259], [0.9988480329027439, 0.9988528486326089, 0.9988480329027439, 0.9946789198896079, 0.9946789198896079, 0.9715408416930821, 0.9715408416930821, 0.9381465409490194, 0.9381465409490194, 0.9684808503395969, 0.9891855969662019, 0.9873442646909888, 0.9937799204802943, 0.9733834690082424, 1.0, 0.9440760162853395, 0.8428423781789031, 0.19421203635376405, 0.9867698668541439, 0.8103599000117587, -0.3743228310258809, 0.39698476486693285, 0.9050303565436533, 0.9302604660434188, 0.9421258239808276], [0.9275886092805562, 0.9281907684467173, 0.9275886092805562, 0.9100830146652789, 0.9100830146652789, 0.9192573027573173, 0.9192573027573173, 0.9733971517426333, 0.9733971517426333, 0.9003460001644984, 0.924296794703777, 0.9124612275124808, 0.9300024142282259, 0.918762161623658, 0.9440760162853395, 1.0, 0.7238086511251144, 0.029064343813929062, 0.8731085363384801, 0.49893589996657367, -0.10781583255426036, -0.19799065983192343, 0.8209287473731719, 0.840776126258129, 0.8273850414817002], [0.7812063703174125, 0.8024937845405095, 0.7812063703174125, 0.761387832237143, 0.761387832237143, 0.6193616858363749, 0.6193616858363749, 0.5519439201056305, 0.5519439201056305, 0.7393378786917431, 0.8002324288768178, 0.8186258569443541, 0.8374184102078176, 0.6681826324017781, 0.8428423781789031, 0.7238086511251144, 1.0, 0.06747129773566071, 0.7243247977094238, -0.44719998718047704, 0.4107093008291479, -0.6626929297252809, 0.32676616094314553, 0.8039866240243437, 0.4739988611194078], [-0.06345485339547785, 0.14151131298179426, -0.06345485339547785, -0.06819352511529607, -0.06819352511529607, -0.006367402939483736, -0.006367402939483736, 0.11630041061122222, 0.11630041061122222, -0.08835207545936613, 0.23446469329931036, 0.11677913738419335, 0.19918058712130132, 0.013977243864280972, 0.19421203635376405, 0.029064343813929062, 0.06747129773566071, 1.0, -0.03496636644610323, 0.1399747019791062, 0.10465222469223702, 0.7530464738144256, -0.07277341708275827, 0.05823110343876268, 0.04935548088703726], [0.9765244981964908, 0.9672411236619058, 0.9765244981964908, 0.9881761399068647, 0.9881761399068647, 0.9312351994165684, 0.9312351994165684, 0.8347773099601805, 0.8347773099601805, 0.9653622230959216, 0.985653505163064, 0.9799239686800715, 0.9952671155963125, 0.9431467562401906, 0.9867698668541439, 0.8731085363384801, 0.7243247977094238, -0.03496636644610323, 1.0, -0.022496759819961076, -0.06554476346332175, -0.3153989236385047, 0.6896569962157785, 0.9205910432333987, 0.8883692891790504], [0.04872039320222527, -0.1073232321123474, 0.04872039320222527, 0.06771930052473223, 0.06771930052473223, 0.235914251231972, 0.235914251231972, 0.4902203543722222, 0.4902203543722222, 0.493247459773162, 0.8683054392762064, 0.8778354236714281, 0.8411503506792164, 0.5617612078917135, 0.8103599000117587, 0.49893589996657367, -0.44719998718047704, 0.1399747019791062, -0.022496759819961076, 1.0, -0.41863022044433784, 0.7838321418678409, 0.35836656221692037, -0.07363161547691578, 0.24265253417911203], [0.027298004403164145, 0.03456685272145661, 0.027298004403164145, -0.0012681845948802342, -0.0012681845948802342, -0.18526448840620666, -0.18526448840620666, -0.20686124010310825, -0.20686124010310825, -0.20825161720080929, -0.5885576446728352, -0.8109463009258511, -0.38756733314590697, -0.3189297522166421, -0.3743228310258809, -0.10781583255426036, 0.4107093008291479, 0.10465222469223702, -0.06554476346332175, -0.41863022044433784, 1.0, -0.05605148593446975, -0.11635570454891841, -0.00576626123530849, -0.21870665866254357], [-0.24969198280778088, -0.2500169049111676, -0.24969198280778088, -0.25377116391181537, -0.25377116391181537, -0.1015862559070152, -0.1015862559070152, 0.04230323786335351, 0.04230323786335351, -0.26455898034930747, 0.4654822692413332, 0.515705666051659, 0.3867540729279282, -0.1556810518415261, 0.39698476486693285, -0.19799065983192343, -0.6626929297252809, 0.7530464738144256, -0.3153989236385047, 0.7838321418678409, -0.05605148593446975, 1.0, -0.09576228168168831, -0.3028691471227617, -0.0439410061797078], [0.8247227035348801, 0.6468994108027233, 0.8247227035348801, 0.8270000018235316, 0.8270000018235316, 0.8965982814632664, 0.8965982814632664, 0.7833832490034834, 0.7833832490034834, 0.8759820407963513, 0.8538303940127978, 0.8129659107568166, 0.8741090976622877, 0.9097283175780895, 0.9050303565436533, 0.8209287473731719, 0.32676616094314553, -0.07277341708275827, 0.6896569962157785, 0.35836656221692037, -0.11635570454891841, -0.09576228168168831, 1.0, 0.6150799582353571, 0.8463379952196455], [0.950198384764421, 0.9504105128235725, 0.950198384764421, 0.9401583228790567, 0.9401583228790567, 0.9096441202951162, 0.9096441202951162, 0.7983556962728956, 0.7983556962728956, 0.9099134618387476, 0.9325301543876531, 0.9388184271486254, 0.91180022470163, 0.923463540911522, 0.9302604660434188, 0.840776126258129, 0.8039866240243437, 0.05823110343876268, 0.9205910432333987, -0.07363161547691578, -0.00576626123530849, -0.3028691471227617, 0.6150799582353571, 1.0, 0.8223578058822827], [0.9005213109263094, 0.8715507922999886, 0.9005213109263094, 0.9055059708622148, 0.9055059708622148, 0.9220829696295325, 0.9220829696295325, 0.8566518058005331, 0.8566518058005331, 0.8847225692501428, 0.9558844169008248, 0.9536480844573929, 0.9371926420342745, 0.9174293881431259, 0.9421258239808276, 0.8273850414817002, 0.4739988611194078, 0.04935548088703726, 0.8883692891790504, 0.24265253417911203, -0.21870665866254357, -0.0439410061797078, 0.8463379952196455, 0.8223578058822827, 1.0]], "x": ["^TAIEX       \u81fa\u7063\u52a0\u6b0a\u5831\u916c\u6307\u6578", "^TWII        \u81fa\u7063\u52a0\u6b0a\u6307\u6578", "^TAIEXx2     \u81fa\u7063\u52a0\u6b0a\u5831\u916c\u6307\u6578_\u65e5\u6b632", "^TAI50I      \u81fa\u706350\u5831\u916c\u6307\u6578", "^TAI50Ix2    \u81fa\u706350\u5831\u916c\u6307\u6578_\u65e5\u6b632", "^TAI100I     \u81fa\u7063\u4e2d\u578b100\u5831\u916c\u6307\u6578", "^TAI100Ix2   \u81fa\u7063\u4e2d\u578b100\u5831\u916c\u6307\u6578_\u65e5\u6b632", "^TAIDIVIDI   \u81fa\u7063\u9ad8\u80a1\u606f\u5831\u916c\u6307\u6578", "^TAIDIVIDIx2 \u81fa\u7063\u9ad8\u80a1\u606f\u5831\u916c\u6307\u6578_\u65e5\u6b632", "0050         \u5143\u5927\u81fa\u706350", "00631L       \u5143\u5927\u53f0\u706350\u6b632", "00675L       \u5bcc\u90a6\u81fa\u7063\u52a0\u6b0a\u6b632", "006208       \u5bcc\u90a6\u53f050", "0051         \u5143\u5927\u4e2d\u578b100", "006204       \u6c38\u8c50\u81fa\u7063\u52a0\u6b0a", "0056         \u5143\u5927\u9ad8\u80a1\u606f", "2412         \u4e2d\u83ef\u96fb\u4fe1", "2002         \u4e2d\u92fc", "2330         \u53f0\u7a4d\u96fb", "2317         \u9d3b\u6d77", "6505         \u53f0\u5851\u77f3\u5316", "3481         \u7fa4\u5275", "2303         \u806f\u96fb", "2308         \u53f0\u9054\u96fb", "2454         \u806f\u767c\u79d1"], "y": ["^TAIEX       \u81fa\u7063\u52a0\u6b0a\u5831\u916c\u6307\u6578", "^TWII        \u81fa\u7063\u52a0\u6b0a\u6307\u6578", "^TAIEXx2     \u81fa\u7063\u52a0\u6b0a\u5831\u916c\u6307\u6578_\u65e5\u6b632", "^TAI50I      \u81fa\u706350\u5831\u916c\u6307\u6578", "^TAI50Ix2    \u81fa\u706350\u5831\u916c\u6307\u6578_\u65e5\u6b632", "^TAI100I     \u81fa\u7063\u4e2d\u578b100\u5831\u916c\u6307\u6578", "^TAI100Ix2   \u81fa\u7063\u4e2d\u578b100\u5831\u916c\u6307\u6578_\u65e5\u6b632", "^TAIDIVIDI   \u81fa\u7063\u9ad8\u80a1\u606f\u5831\u916c\u6307\u6578", "^TAIDIVIDIx2 \u81fa\u7063\u9ad8\u80a1\u606f\u5831\u916c\u6307\u6578_\u65e5\u6b632", "0050         \u5143\u5927\u81fa\u706350", "00631L       \u5143\u5927\u53f0\u706350\u6b632", "00675L       \u5bcc\u90a6\u81fa\u7063\u52a0\u6b0a\u6b632", "006208       \u5bcc\u90a6\u53f050", "0051         \u5143\u5927\u4e2d\u578b100", "006204       \u6c38\u8c50\u81fa\u7063\u52a0\u6b0a", "0056         \u5143\u5927\u9ad8\u80a1\u606f", "2412         \u4e2d\u83ef\u96fb\u4fe1", "2002         \u4e2d\u92fc", "2330         \u53f0\u7a4d\u96fb", "2317         \u9d3b\u6d77", "6505         \u53f0\u5851\u77f3\u5316", "3481         \u7fa4\u5275", "2303         \u806f\u96fb", "2308         \u53f0\u9054\u96fb", "2454         \u806f\u767c\u79d1"], "zmin": -1, "zmax": 1, "colorbar": {"x": -0.2}}], "layout": {"autotypenumbers": "strict", "colorway": ["#636efa", "#EF553B", "#00cc96", "#ab63fa", "#FFA15A", "#19d3f3", "#FF6692", "#B6E880", "#FF97FF", "#FECB52"], "font": {"color": "#f2f5fa", "family": "Courier New"}, "hovermode": "closest", "hoverlabel": {"align": "left"}, "paper_bgcolor": "rgb(17,17,17)", "plot_bgcolor": "rgb(17,17,17)", "polar": {"bgcolor": "rgb(17,17,17)", "angularaxis": {"gridcolor": "#506784", "linecolor": "#506784", "ticks": ""}, "radialaxis": {"gridcolor": "#506784", "linecolor": "#506784", "ticks": ""}}, "ternary": {"bgcolor": "rgb(17,17,17)", "aaxis": {"gridcolor": "#506784", "linecolor": "#506784", "ticks": ""}, "baxis": {"gridcolor": "#506784", "linecolor": "#506784", "ticks": ""}, "caxis": {"gridcolor": "#506784", "linecolor": "#506784", "ticks": ""}}, "coloraxis": {"colorbar": {"outlinewidth": 0, "ticks": ""}}, "colorscale": {"sequential": [[0.0, "#0d0887"], [0.1111111111111111, "#46039f"], [0.2222222222222222, "#7201a8"], [0.3333333333333333, "#9c179e"], [0.4444444444444444, "#bd3786"], [0.5555555555555556, "#d8576b"], [0.6666666666666666, "#ed7953"], [0.7777777777777778, "#fb9f3a"], [0.8888888888888888, "#fdca26"], [1.0, "#f0f921"]], "sequentialminus": [[0.0, "#0d0887"], [0.1111111111111111, "#46039f"], [0.2222222222222222, "#7201a8"], [0.3333333333333333, "#9c179e"], [0.4444444444444444, "#bd3786"], [0.5555555555555556, "#d8576b"], [0.6666666666666666, "#ed7953"], [0.7777777777777778, "#fb9f3a"], [0.8888888888888888, "#fdca26"], [1.0, "#f0f921"]], "diverging": [[0, "#8e0152"], [0.1, "#c51b7d"], [0.2, "#de77ae"], [0.3, "#f1b6da"], [0.4, "#fde0ef"], [0.5, "#f7f7f7"], [0.6, "#e6f5d0"], [0.7, "#b8e186"], [0.8, "#7fbc41"], [0.9, "#4d9221"], [1, "#276419"]]}, "xaxis": {"gridcolor": "rgba(0, 0, 0, 0)", "linecolor": "#506784", "ticks": "", "title": {"standoff": 15}, "zerolinecolor": "#283442", "automargin": true, "zerolinewidth": 2, "tickfont": {"family": "Courier New", "size": 14}, "side": "top", "tickangle": -90}, "yaxis": {"gridcolor": "rgba(0, 0, 0, 0)", "linecolor": "#506784", "ticks": "", "title": {"standoff": 15}, "zerolinecolor": "#283442", "automargin": true, "zerolinewidth": 2, "tickfont": {"family": "Courier New"}, "side": "right"}, "scene": {"xaxis": {"backgroundcolor": "rgb(17,17,17)", "gridcolor": "#506784", "linecolor": "#506784", "showbackground": true, "ticks": "", "zerolinecolor": "#C8D4E3", "gridwidth": 2}, "yaxis": {"backgroundcolor": "rgb(17,17,17)", "gridcolor": "#506784", "linecolor": "#506784", "showbackground": true, "ticks": "", "zerolinecolor": "#C8D4E3", "gridwidth": 2}, "zaxis": {"backgroundcolor": "rgb(17,17,17)", "gridcolor": "#506784", "linecolor": "#506784", "showbackground": true, "ticks": "", "zerolinecolor": "#C8D4E3", "gridwidth": 2}}, "shapedefaults": {"line": {"color": "#f2f5fa"}}, "annotationdefaults": {"arrowcolor": "#f2f5fa", "arrowhead": 0, "arrowwidth": 1}, "geo": {"bgcolor": "rgb(17,17,17)", "landcolor": "rgb(17,17,17)", "subunitcolor": "#506784", "showland": true, "showlakes": true, "lakecolor": "rgb(17,17,17)"}, "title": {"x": 0.05, "font": {"family": "Times New Roman"}, "y": 0.05, "text": "<b>Correlation of Close<b><br><i>2016/09/23 ~ 2025/06/26<i>"}, "updatemenudefaults": {"bgcolor": "#506784", "borderwidth": 0}, "sliderdefaults": {"bgcolor": "#C8D4E3", "borderwidth": 1, "bordercolor": "rgb(17,17,17)", "tickwidth": 0}, "mapbox": {"style": "dark"}, "height": 600}};

Plotly.newPlot("correlationClose",
    correlationClose.data,
    correlationClose.layout || {},
    config);