var element = document.getElementById("correlationAdjClose");

if (element.style.display != 'none') {
    var correlationAdjClose = {"data": [{"type": "heatmap", "z": [[1.0, 0.9941031064151142, 0.9770552491784364, 0.997587103907015, 0.9644885207146653, 0.9817491492815723, -0.9441479428264442, 0.9900749765299267, 0.9707053869816322, 0.9971693529724096, 0.997153750271199, 0.9976469927747131, 0.9933790646040764, 0.9940752415696715, 0.9971703356974251, 0.9841272296734433, 0.9996744802607296, 0.9900828173689945, 0.9205192754663066, 0.7359374457810391, 0.9853387399260579, 0.9224749617090388, 0.4333367807410832, -0.30387980834019807, 0.9010351406919795, 0.9718412025102467, 0.9553521294124809, 0.9802155873421283, 0.9643991294276202, 0.9757598533832825, 0.9722286325512012, 0.9456177982523006, 0.9800935182024205, 0.97075652030417, 0.9546000612705237], [0.9941031064151142, 1.0, 0.9724183892339805, 0.9913126337847047, 0.9598156377179143, 0.9772734170205931, -0.9395013856927064, 0.9811575654711661, 0.9638859488064306, 0.9952404815734524, 0.9950839800188656, 0.9943549768045015, 0.9924453462956928, 0.9917412162576854, 0.9950459159361461, 0.9782214514451762, 0.9967117669924064, 0.9838354512071883, 0.9096767112694659, 0.7486358397566584, 0.9671401206096216, 0.9019680624962099, 0.4333571326165482, -0.22884355616369584, 0.8754586923538376, 0.9599141319550821, 0.9547351553384534, 0.9583731788567367, 0.9505046212282896, 0.9655341927548047, 0.9566050257715694, 0.9435798526945461, 0.969040186475565, 0.960855928527818, 0.9484344210342456], [0.9770552491784364, 0.9724183892339805, 1.0, 0.9833556797850229, 0.9958983069615672, 0.9788008259822721, -0.9760643695388629, 0.9700713607467095, 0.9839861631055398, 0.9889759680983922, 0.9896781761619532, 0.9861800992908295, 0.9970159018709852, 0.996818374504917, 0.9894332341541151, 0.9773417429741594, 0.9878371290666689, 0.9699171523251812, 0.828357319846185, 0.6244873599045334, 0.9904388806064075, 0.9137296788565791, 0.2676956851234024, -0.22734810168599803, 0.9051636092462478, 0.9445783986281137, 0.9798009063485064, 0.9301660541449212, 0.9126276419880025, 0.9647888655648996, 0.9203795710134759, 0.9065212065235955, 0.966799471685816, 0.9740836995185161, 0.9235916622141582], [0.997587103907015, 0.9913126337847047, 0.9833556797850229, 1.0, 0.9764651064158024, 0.9739452974945938, -0.9391409813324508, 0.9842580695437897, 0.968166157947182, 0.9999716047067636, 0.9999895652038235, 0.999957684415047, 0.9915407261610368, 0.9895349774073039, 0.9999433390219336, 0.9736750230977607, 0.9960254859559597, 0.9840686291631868, 0.9064053523639812, 0.7050505592420264, 0.993385429069861, 0.9240450333111944, 0.40811136114840024, -0.29513487818276335, 0.8984912739144394, 0.9681858383706182, 0.9616940794644727, 0.9710013070968219, 0.9615012007028869, 0.9780352645168171, 0.9623652843298703, 0.9342649219537186, 0.9780730841607368, 0.9693650940582692, 0.9459822916210312], [0.9644885207146653, 0.9598156377179143, 0.9958983069615672, 0.9764651064158024, 1.0, 0.9580690258240268, -0.9574660288684771, 0.9544239855489345, 0.9713064774639019, 0.9849595929133422, 0.9857110712868777, 0.9817116688435259, 0.9860671338197111, 0.9824279644919176, 0.9853380225539704, 0.9554965634515251, 0.9756137258933, 0.9541402432689327, 0.8073469523891491, 0.5875505631881959, 0.9895443659203318, 0.9095663223429313, 0.2418995552622521, -0.22029342631221793, 0.8852828062218402, 0.9325384467185238, 0.977151701264549, 0.909484203216847, 0.8986800878735703, 0.9587886002680192, 0.8984899508831791, 0.8798268566006991, 0.9562072993815491, 0.9620988390336018, 0.8994893294946102], [0.9817491492815723, 0.9772734170205931, 0.9788008259822721, 0.9739452974945938, 0.9580690258240268, 1.0, -0.9810632673566599, 0.9808561587422804, 0.980132027319021, 0.9689532791472406, 0.9692796054835595, 0.971959602300661, 0.9772283332501601, 0.9752181356414188, 0.9691015822021343, 0.9999042097632155, 0.9862014982645788, 0.9819246670237475, 0.8629324094798609, 0.7027319774979999, 0.9673572462015791, 0.8933135950319665, 0.3003178613632821, -0.2165390893495215, 0.9361487969647173, 0.9535208256278365, 0.9600044829485777, 0.957876785324809, 0.9284789805613879, 0.9523518841219996, 0.9520439416534688, 0.9549669024860645, 0.9573082114329827, 0.9766824693856658, 0.9554179803838532], [-0.9441479428264442, -0.9395013856927064, -0.9760643695388629, -0.9391409813324508, -0.9574660288684771, -0.9810632673566599, 1.0, -0.9524947389655234, -0.9837392708028515, -0.9490505453542806, -0.9502318709415126, -0.9456488839153465, -0.9745319867208495, -0.9761456454325844, -0.9498782898868927, -0.9841223337901391, -0.9652454511908248, -0.9554311189364894, -0.7768608077995716, -0.6008787172836757, -0.9440780601208857, -0.884446122499755, -0.15851230677044367, 0.1515476072413798, -0.9042286085995308, -0.9136889470209, -0.958066586676648, -0.9001899853140717, -0.8602671817728131, -0.9260640025924053, -0.8917120433599882, -0.9096430845525364, -0.926703638197265, -0.9642014333773463, -0.9098652342853886], [0.9900749765299267, 0.9811575654711661, 0.9700713607467095, 0.9842580695437897, 0.9544239855489345, 0.9808561587422804, -0.9524947389655234, 1.0, 0.9826549108887658, 0.9800578778818184, 0.9799959740180797, 0.983204989569932, 0.9762468856600225, 0.9753124182057044, 0.9800220226425702, 0.9827529407087441, 0.9877612207526791, 0.9998718275514892, 0.9240358043372952, 0.6698707390552914, 0.9737183337889197, 0.8965692657548354, 0.2893996487944732, -0.31198785720558025, 0.9054565220002273, 0.95136274159075, 0.9384193906533309, 0.9778825212879565, 0.9530333447889908, 0.9685223152871025, 0.9630138679283681, 0.935941429468196, 0.9596423104131446, 0.9578960568416532, 0.965355752976908], [0.9707053869816322, 0.9638859488064306, 0.9839861631055398, 0.968166157947182, 0.9713064774639019, 0.980132027319021, -0.9837392708028515, 0.9826549108887658, 1.0, 0.9637838737898304, 0.9644282415041568, 0.9662823822975654, 0.9734951693579345, 0.9706426453082602, 0.9641919444182186, 0.9792163885215256, 0.9707935748523201, 0.9819748235835157, 0.8516386899933358, 0.594113163910982, 0.9679820525178614, 0.9079076182268025, 0.14697873210280143, -0.2313461167733871, 0.8865119207490433, 0.9311077810532251, 0.960736617297061, 0.9338625605980352, 0.8964719038864045, 0.956964165298724, 0.9169985353511565, 0.9033700829276268, 0.9460345336276468, 0.9697508049342339, 0.923203786581593], [0.9971693529724096, 0.9952404815734524, 0.9889759680983922, 0.9999716047067636, 0.9849595929133422, 0.9689532791472406, -0.9490505453542806, 0.9800578778818184, 0.9637838737898304, 1.0, 0.9999877647276271, 0.9999827146229407, 0.9913857357692022, 0.9893474995180714, 0.9999486039509407, 0.9693615685695797, 0.9956257563806634, 0.9810200055751145, 0.9315768983001047, 0.6248003355841502, 0.9967255413938364, 0.9025856153793896, -0.030454961489910018, 0.42709741577812826, 0.9141754936471592, 0.9507603358309732, 0.9668242612171091, 0.9621673635358164, 0.9438325518282836, 0.966165703438426, 0.9420971717563617, 0.919914448491675, 0.9656666691875707, 0.9803008904339353, 0.9427350244473448], [0.997153750271199, 0.9950839800188656, 0.9896781761619532, 0.9999895652038235, 0.9857110712868777, 0.9692796054835595, -0.9502318709415126, 0.9799959740180797, 0.9644282415041568, 0.9999877647276271, 1.0, 0.9999720036806324, 0.9915666397167372, 0.9895251223848944, 0.9999527667805147, 0.9696584758547928, 0.9956687289754377, 0.9809275995299643, 0.9307739785424772, 0.6210029161268471, 0.9970151016095655, 0.9018614258353599, -0.04530453121355411, 0.4226010124955293, 0.9134028533945759, 0.9505600296903862, 0.9676942106956642, 0.9616631323704781, 0.9425590431982543, 0.9662721891850242, 0.9410686960002532, 0.9186143129779403, 0.9658522092644947, 0.980809814125237, 0.9420198881402266], [0.9976469927747131, 0.9943549768045015, 0.9861800992908295, 0.999957684415047, 0.9817116688435259, 0.971959602300661, -0.9456488839153465, 0.983204989569932, 0.9662823822975654, 0.9999827146229407, 0.9999720036806324, 1.0, 0.9913452673100617, 0.9892687385325836, 0.999962073747144, 0.9722843754996444, 0.9958147768138443, 0.9837328706361173, 0.9224100891919856, 0.6726450190838112, 0.9959103284337568, 0.9182742485999408, 0.16969140156672632, -0.19650152541711163, 0.9219624976353183, 0.9603348644380745, 0.9566549586935962, 0.965397866358853, 0.9522931932167603, 0.9726562168864579, 0.9529510353131417, 0.9327968350148327, 0.9727615782674578, 0.967680625080739, 0.951673255659661], [0.9933790646040764, 0.9924453462956928, 0.9970159018709852, 0.9915407261610368, 0.9860671338197111, 0.9772283332501601, -0.9745319867208495, 0.9762468856600225, 0.9734951693579345, 0.9913857357692022, 0.9915666397167372, 0.9913452673100617, 1.0, 0.9996899318068561, 0.9915137600740115, 0.9779190114825215, 0.993694288559835, 0.9775438500082901, 0.9134202343128677, 0.563516280427681, 0.9862526684521657, 0.8941310446769, -0.3271794608274184, 0.44927867389116605, 0.9042577771901755, 0.9480929282636648, 0.9779905079601596, 0.9450650043377006, 0.905695593521807, 0.9472242935711751, 0.9155763892116152, 0.8898799457441757, 0.9639833064529183, 0.9799308184495105, 0.9347710517203396], [0.9940752415696715, 0.9917412162576854, 0.996818374504917, 0.9895349774073039, 0.9824279644919176, 0.9752181356414188, -0.9761456454325844, 0.9753124182057044, 0.9706426453082602, 0.9893474995180714, 0.9895251223848944, 0.9892687385325836, 0.9996899318068561, 1.0, 0.9895944506804675, 0.9759533295366094, 0.9942272524347235, 0.9768532802549555, 0.920987630750965, 0.44215308606136744, 0.9810925615548586, 0.8833371730014141, -0.714114361121179, 0.4263569149615522, 0.8767368589865352, 0.9444411873490854, 0.9773473859704647, 0.93767832969585, 0.8884787699853756, 0.9382799772482475, 0.912888844784821, 0.8684833982948166, 0.9661176932851239, 0.9782207262688594, 0.9270328033883041], [0.9971703356974251, 0.9950459159361461, 0.9894332341541151, 0.9999433390219336, 0.9853380225539704, 0.9691015822021343, -0.9498782898868927, 0.9800220226425702, 0.9641919444182186, 0.9999486039509407, 0.9999527667805147, 0.999962073747144, 0.9915137600740115, 0.9895944506804675, 1.0, 0.969507328922077, 0.9956580351077491, 0.9809984144785872, 0.9314297728849069, 0.6219078019643897, 0.9968389013269976, 0.9018618525691201, -0.04206048554660986, 0.42276589063719716, 0.913334679624398, 0.9496210559552931, 0.9670061391818573, 0.9619664830809783, 0.9430589375091321, 0.9662075084355221, 0.9416899408487887, 0.9192211432927166, 0.9656853719857027, 0.9806714384222167, 0.9424653584324335], [0.9841272296734433, 0.9782214514451762, 0.9773417429741594, 0.9736750230977607, 0.9554965634515251, 0.9999042097632155, -0.9841223337901391, 0.9827529407087441, 0.9792163885215256, 0.9693615685695797, 0.9696584758547928, 0.9722843754996444, 0.9779190114825215, 0.9759533295366094, 0.969507328922077, 1.0, 0.9865731790370452, 0.9820387959494427, 0.8865267241052767, 0.7019641433231639, 0.9657717845123982, 0.8886836793018075, 0.16901767893585662, -0.19531862396301514, 0.9445971108476784, 0.9540212359299944, 0.9567402529455478, 0.9612096813926806, 0.9253481211747904, 0.948935307101807, 0.9529226376054051, 0.9543253958810983, 0.9597253145226681, 0.9761692194633689, 0.9601758330527664], [0.9996744802607296, 0.9967117669924064, 0.9878371290666689, 0.9960254859559597, 0.9756137258933, 0.9862014982645788, -0.9652454511908248, 0.9877612207526791, 0.9707935748523201, 0.9956257563806634, 0.9956687289754377, 0.9958147768138443, 0.993694288559835, 0.9942272524347235, 0.9956580351077491, 0.9865731790370452, 1.0, 0.9885912068184661, 0.9371342488078074, 0.6653287009257137, 0.9888742686800293, 0.8985222363521029, 0.010028570277941854, 0.4430279602501129, 0.9335052507957424, 0.956711814557176, 0.9651696226050167, 0.9748327618421021, 0.947764333684792, 0.9645876056818793, 0.9568249571326013, 0.9429027883947242, 0.9716148531918294, 0.9848647302223649, 0.9640698873916115], [0.9900828173689945, 0.9838354512071883, 0.9699171523251812, 0.9840686291631868, 0.9541402432689327, 0.9819246670237475, -0.9554311189364894, 0.9998718275514892, 0.9819748235835157, 0.9810200055751145, 0.9809275995299643, 0.9837328706361173, 0.9775438500082901, 0.9768532802549555, 0.9809984144785872, 0.9820387959494427, 0.9885912068184661, 1.0, 0.9302747843799184, 0.6687800568992801, 0.9726886378283108, 0.9013477571427531, 0.2564429691331885, -0.29355744097725184, 0.9108491208859044, 0.9498010644943099, 0.9383919519245957, 0.9783281240982226, 0.9523648879807906, 0.9670189389695811, 0.9614682808713115, 0.9357605123015578, 0.9589190382161152, 0.9557735065272047, 0.9665514925005185], [0.9205192754663066, 0.9096767112694659, 0.828357319846185, 0.9064053523639812, 0.8073469523891491, 0.8629324094798609, -0.7768608077995716, 0.9240358043372952, 0.8516386899933358, 0.9315768983001047, 0.9307739785424772, 0.9224100891919856, 0.9134202343128677, 0.920987630750965, 0.9314297728849069, 0.8865267241052767, 0.9371342488078074, 0.9302747843799184, 1.0, 0.8396286414591448, 0.8579229871297811, 0.8730798903060007, 0.6833348702649431, -0.5324544772578327, 0.6988442451430255, 0.9113970811673414, 0.8013210828539549, 0.9574317182567872, 0.9351260616016612, 0.9009971877174289, 0.9438471185553798, 0.8940663058394994, 0.8981205401193869, 0.8453819759023283, 0.879120752416942], [0.7359374457810391, 0.7486358397566584, 0.6244873599045334, 0.7050505592420264, 0.5875505631881959, 0.7027319774979999, -0.6008787172836757, 0.6698707390552914, 0.594113163910982, 0.6248003355841502, 0.6210029161268471, 0.6726450190838112, 0.563516280427681, 0.44215308606136744, 0.6219078019643897, 0.7019641433231639, 0.6653287009257137, 0.6687800568992801, 0.8396286414591448, 1.0, 0.6290184276905308, 0.7428779652877818, 0.730430101129172, -0.11641087838185073, 0.5375548105040944, 0.7400036189985191, 0.6337060071410174, 0.7896288825509653, 0.724485793737349, 0.6621744123240041, 0.7612274635035415, 0.7634830106653162, 0.6948495545080818, 0.6583925502600748, 0.700275075266118], [0.9853387399260579, 0.9671401206096216, 0.9904388806064075, 0.993385429069861, 0.9895443659203318, 0.9673572462015791, -0.9440780601208857, 0.9737183337889197, 0.9679820525178614, 0.9967255413938364, 0.9970151016095655, 0.9959103284337568, 0.9862526684521657, 0.9810925615548586, 0.9968389013269976, 0.9657717845123982, 0.9888742686800293, 0.9726886378283108, 0.8579229871297811, 0.6290184276905308, 1.0, 0.8954513075818241, 0.3353362622263892, -0.288877311726831, 0.8849067216615389, 0.953117030343617, 0.9705770377472996, 0.9398779502370004, 0.9443750394123261, 0.9696919900864159, 0.9403406630212862, 0.9095980668330851, 0.968345792113604, 0.954517553732837, 0.9274948102513796], [0.9224749617090388, 0.9019680624962099, 0.9137296788565791, 0.9240450333111944, 0.9095663223429313, 0.8933135950319665, -0.884446122499755, 0.8965692657548354, 0.9079076182268025, 0.9025856153793896, 0.9018614258353599, 0.9182742485999408, 0.8941310446769, 0.8833371730014141, 0.9018618525691201, 0.8886836793018075, 0.8985222363521029, 0.9013477571427531, 0.8730798903060007, 0.7428779652877818, 0.8954513075818241, 1.0, 0.3827611963324858, -0.1892043482729016, 0.7008974438062321, 0.9180247212258431, 0.8861626090678371, 0.8973692268859577, 0.847009454859321, 0.9229580598756967, 0.8670607469266051, 0.8399470821920114, 0.920805434716761, 0.8644109944938229, 0.8477206025744325], [0.4333367807410832, 0.4333571326165482, 0.2676956851234024, 0.40811136114840024, 0.2418995552622521, 0.3003178613632821, -0.15851230677044367, 0.2893996487944732, 0.14697873210280143, -0.030454961489910018, -0.04530453121355411, 0.16969140156672632, -0.3271794608274184, -0.714114361121179, -0.04206048554660986, 0.16901767893585662, 0.010028570277941854, 0.2564429691331885, 0.6833348702649431, 0.730430101129172, 0.3353362622263892, 0.3827611963324858, 1.0, -0.39332619369118943, 0.29046293372633514, 0.4048094471995094, 0.21734371818959577, 0.5112991792419401, 0.5091154122852131, 0.3694287990004268, 0.5286406263001837, 0.44012913108699014, 0.38816831320518946, 0.30811605938039915, 0.4156819494704003], [-0.30387980834019807, -0.22884355616369584, -0.22734810168599803, -0.29513487818276335, -0.22029342631221793, -0.2165390893495215, 0.1515476072413798, -0.31198785720558025, -0.2313461167733871, 0.42709741577812826, 0.4226010124955293, -0.19650152541711163, 0.44927867389116605, 0.4263569149615522, 0.42276589063719716, -0.19531862396301514, 0.4430279602501129, -0.29355744097725184, -0.5324544772578327, -0.11641087838185073, -0.288877311726831, -0.1892043482729016, -0.39332619369118943, 1.0, -0.14887087808491692, -0.3288152231493174, -0.17682579051582195, -0.389915453622622, -0.3797966589706988, -0.3266655500987191, -0.3461936090119994, -0.20358289612963773, -0.3507253699131138, -0.17914298268711437, -0.31675327889975197], [0.9010351406919795, 0.8754586923538376, 0.9051636092462478, 0.8984912739144394, 0.8852828062218402, 0.9361487969647173, -0.9042286085995308, 0.9054565220002273, 0.8865119207490433, 0.9141754936471592, 0.9134028533945759, 0.9219624976353183, 0.9042577771901755, 0.8767368589865352, 0.913334679624398, 0.9445971108476784, 0.9335052507957424, 0.9108491208859044, 0.6988442451430255, 0.5375548105040944, 0.8849067216615389, 0.7008974438062321, 0.29046293372633514, -0.14887087808491692, 1.0, 0.8318956486578811, 0.8849869444471746, 0.8107514271725493, 0.8588299379574301, 0.8273197367208662, 0.8663928003140449, 0.8609456598909887, 0.8568001644758815, 0.8670590744951441, 0.8944790835605976], [0.9718412025102467, 0.9599141319550821, 0.9445783986281137, 0.9681858383706182, 0.9325384467185238, 0.9535208256278365, -0.9136889470209, 0.95136274159075, 0.9311077810532251, 0.9507603358309732, 0.9505600296903862, 0.9603348644380745, 0.9480929282636648, 0.9444411873490854, 0.9496210559552931, 0.9540212359299944, 0.956711814557176, 0.9498010644943099, 0.9113970811673414, 0.7400036189985191, 0.953117030343617, 0.9180247212258431, 0.4048094471995094, -0.3288152231493174, 0.8318956486578811, 1.0, 0.9331936239635493, 0.9569234527260172, 0.9333468641922565, 0.9443254820797037, 0.9408413133185016, 0.9120547212412333, 0.9618495180070707, 0.9243826942414681, 0.9189885272069028], [0.9553521294124809, 0.9547351553384534, 0.9798009063485064, 0.9616940794644727, 0.977151701264549, 0.9600044829485777, -0.958066586676648, 0.9384193906533309, 0.960736617297061, 0.9668242612171091, 0.9676942106956642, 0.9566549586935962, 0.9779905079601596, 0.9773473859704647, 0.9670061391818573, 0.9567402529455478, 0.9651696226050167, 0.9383919519245957, 0.8013210828539549, 0.6337060071410174, 0.9705770377472996, 0.8861626090678371, 0.21734371818959577, -0.17682579051582195, 0.8849869444471746, 0.9331936239635493, 1.0, 0.9039391345173365, 0.8827529277285886, 0.9380518747365835, 0.8846469847587739, 0.8841476290685122, 0.9444771245141975, 0.9708227623519456, 0.8843472177874454], [0.9802155873421283, 0.9583731788567367, 0.9301660541449212, 0.9710013070968219, 0.909484203216847, 0.957876785324809, -0.9001899853140717, 0.9778825212879565, 0.9338625605980352, 0.9621673635358164, 0.9616631323704781, 0.965397866358853, 0.9450650043377006, 0.93767832969585, 0.9619664830809783, 0.9612096813926806, 0.9748327618421021, 0.9783281240982226, 0.9574317182567872, 0.7896288825509653, 0.9398779502370004, 0.8973692268859577, 0.5112991792419401, -0.389915453622622, 0.8107514271725493, 0.9569234527260172, 0.9039391345173365, 1.0, 0.9856063900147977, 0.9650480108856857, 0.9897591910977747, 0.9507058615611851, 0.958638825159213, 0.9112172490285905, 0.9663397878499832], [0.9643991294276202, 0.9505046212282896, 0.9126276419880025, 0.9615012007028869, 0.8986800878735703, 0.9284789805613879, -0.8602671817728131, 0.9530333447889908, 0.8964719038864045, 0.9438325518282836, 0.9425590431982543, 0.9522931932167603, 0.905695593521807, 0.8884787699853756, 0.9430589375091321, 0.9253481211747904, 0.947764333684792, 0.9523648879807906, 0.9351260616016612, 0.724485793737349, 0.9443750394123261, 0.847009454859321, 0.5091154122852131, -0.3797966589706988, 0.8588299379574301, 0.9333468641922565, 0.8827529277285886, 0.9856063900147977, 1.0, 0.9499039043104545, 0.9830152714097352, 0.9548477691682737, 0.9351841900487842, 0.917817442061321, 0.961600122519777], [0.9757598533832825, 0.9655341927548047, 0.9647888655648996, 0.9780352645168171, 0.9587886002680192, 0.9523518841219996, -0.9260640025924053, 0.9685223152871025, 0.956964165298724, 0.966165703438426, 0.9662721891850242, 0.9726562168864579, 0.9472242935711751, 0.9382799772482475, 0.9662075084355221, 0.948935307101807, 0.9645876056818793, 0.9670189389695811, 0.9009971877174289, 0.6621744123240041, 0.9696919900864159, 0.9229580598756967, 0.3694287990004268, -0.3266655500987191, 0.8273197367208662, 0.9443254820797037, 0.9380518747365835, 0.9650480108856857, 0.9499039043104545, 1.0, 0.9529490110751573, 0.9166726987179706, 0.9757064547999291, 0.9566776783697549, 0.942751144197962], [0.9722286325512012, 0.9566050257715694, 0.9203795710134759, 0.9623652843298703, 0.8984899508831791, 0.9520439416534688, -0.8917120433599882, 0.9630138679283681, 0.9169985353511565, 0.9420971717563617, 0.9410686960002532, 0.9529510353131417, 0.9155763892116152, 0.912888844784821, 0.9416899408487887, 0.9529226376054051, 0.9568249571326013, 0.9614682808713115, 0.9438471185553798, 0.7612274635035415, 0.9403406630212862, 0.8670607469266051, 0.5286406263001837, -0.3461936090119994, 0.8663928003140449, 0.9408413133185016, 0.8846469847587739, 0.9897591910977747, 0.9830152714097352, 0.9529490110751573, 1.0, 0.9733446025322703, 0.9430034601029037, 0.9357534355143278, 0.9618807942553332], [0.9456177982523006, 0.9435798526945461, 0.9065212065235955, 0.9342649219537186, 0.8798268566006991, 0.9549669024860645, -0.9096430845525364, 0.935941429468196, 0.9033700829276268, 0.919914448491675, 0.9186143129779403, 0.9327968350148327, 0.8898799457441757, 0.8684833982948166, 0.9192211432927166, 0.9543253958810983, 0.9429027883947242, 0.9357605123015578, 0.8940663058394994, 0.7634830106653162, 0.9095980668330851, 0.8399470821920114, 0.44012913108699014, -0.20358289612963773, 0.8609456598909887, 0.9120547212412333, 0.8841476290685122, 0.9507058615611851, 0.9548477691682737, 0.9166726987179706, 0.9733446025322703, 1.0, 0.9056766722228604, 0.9320322955510353, 0.9526929697652864], [0.9800935182024205, 0.969040186475565, 0.966799471685816, 0.9780730841607368, 0.9562072993815491, 0.9573082114329827, -0.926703638197265, 0.9596423104131446, 0.9460345336276468, 0.9656666691875707, 0.9658522092644947, 0.9727615782674578, 0.9639833064529183, 0.9661176932851239, 0.9656853719857027, 0.9597253145226681, 0.9716148531918294, 0.9589190382161152, 0.8981205401193869, 0.6948495545080818, 0.968345792113604, 0.920805434716761, 0.38816831320518946, -0.3507253699131138, 0.8568001644758815, 0.9618495180070707, 0.9444771245141975, 0.958638825159213, 0.9351841900487842, 0.9757064547999291, 0.9430034601029037, 0.9056766722228604, 1.0, 0.9534365495283194, 0.9403900710512588], [0.97075652030417, 0.960855928527818, 0.9740836995185161, 0.9693650940582692, 0.9620988390336018, 0.9766824693856658, -0.9642014333773463, 0.9578960568416532, 0.9697508049342339, 0.9803008904339353, 0.980809814125237, 0.967680625080739, 0.9799308184495105, 0.9782207262688594, 0.9806714384222167, 0.9761692194633689, 0.9848647302223649, 0.9557735065272047, 0.8453819759023283, 0.6583925502600748, 0.954517553732837, 0.8644109944938229, 0.30811605938039915, -0.17914298268711437, 0.8670590744951441, 0.9243826942414681, 0.9708227623519456, 0.9112172490285905, 0.917817442061321, 0.9566776783697549, 0.9357534355143278, 0.9320322955510353, 0.9534365495283194, 1.0, 0.9170579072727932], [0.9546000612705237, 0.9484344210342456, 0.9235916622141582, 0.9459822916210312, 0.8994893294946102, 0.9554179803838532, -0.9098652342853886, 0.965355752976908, 0.923203786581593, 0.9427350244473448, 0.9420198881402266, 0.951673255659661, 0.9347710517203396, 0.9270328033883041, 0.9424653584324335, 0.9601758330527664, 0.9640698873916115, 0.9665514925005185, 0.879120752416942, 0.700275075266118, 0.9274948102513796, 0.8477206025744325, 0.4156819494704003, -0.31675327889975197, 0.8944790835605976, 0.9189885272069028, 0.8843472177874454, 0.9663397878499832, 0.961600122519777, 0.942751144197962, 0.9618807942553332, 0.9526929697652864, 0.9403900710512588, 0.9170579072727932, 1.0]], "x": ["^TAIEX       \u81fa\u7063\u52a0\u6b0a\u5831\u916c\u6307\u6578", "^TWII        \u81fa\u7063\u52a0\u6b0a\u6307\u6578", "^TAIEXx2     \u81fa\u7063\u52a0\u6b0a\u5831\u916c\u6307\u6578_\u65e5\u6b632", "^TAI50I      \u81fa\u706350\u5831\u916c\u6307\u6578", "^TAI50Ix2    \u81fa\u706350\u5831\u916c\u6307\u6578_\u65e5\u6b632", "^TAI100I     \u81fa\u7063\u4e2d\u578b100\u5831\u916c\u6307\u6578", "^TAI100Ix2   \u81fa\u7063\u4e2d\u578b100\u5831\u916c\u6307\u6578_\u65e5\u6b632", "^TAIDIVIDI   \u81fa\u7063\u9ad8\u80a1\u606f\u5831\u916c\u6307\u6578", "^TAIDIVIDIx2 \u81fa\u7063\u9ad8\u80a1\u606f\u5831\u916c\u6307\u6578_\u65e5\u6b632", "0050Fund     \u5143\u5927\u53f0\u7063\u5353\u8d8a50\u57fa\u91d1", "006208Fund   \u5bcc\u90a6\u53f0\u7063\u91c6\u540950\u57fa\u91d1", "0050         \u5143\u5927\u81fa\u706350", "00631L       \u5143\u5927\u53f0\u706350\u6b632", "00675L       \u5bcc\u90a6\u81fa\u7063\u52a0\u6b0a\u6b632", "006208       \u5bcc\u90a6\u53f050", "0051         \u5143\u5927\u4e2d\u578b100", "006204       \u6c38\u8c50\u81fa\u7063\u52a0\u6b0a", "0056         \u5143\u5927\u9ad8\u80a1\u606f", "2412         \u4e2d\u83ef\u96fb\u4fe1", "2002         \u4e2d\u92fc", "2330         \u53f0\u7a4d\u96fb", "2317         \u9d3b\u6d77", "6505         \u53f0\u5851\u77f3\u5316", "3481         \u7fa4\u5275", "2303         \u806f\u96fb", "2308         \u53f0\u9054\u96fb", "2454         \u806f\u767c\u79d1", "2886         \u5146\u8c50\u91d1", "2884         \u7389\u5c71\u91d1", "2891         \u4e2d\u4fe1\u91d1", "2892         \u7b2c\u4e00\u91d1", "5880         \u5408\u5eab\u91d1", "2881         \u5bcc\u90a6\u91d1", "2885         \u5143\u5927\u91d1", "2887         \u53f0\u65b0\u91d1"], "y": ["^TAIEX       \u81fa\u7063\u52a0\u6b0a\u5831\u916c\u6307\u6578", "^TWII        \u81fa\u7063\u52a0\u6b0a\u6307\u6578", "^TAIEXx2     \u81fa\u7063\u52a0\u6b0a\u5831\u916c\u6307\u6578_\u65e5\u6b632", "^TAI50I      \u81fa\u706350\u5831\u916c\u6307\u6578", "^TAI50Ix2    \u81fa\u706350\u5831\u916c\u6307\u6578_\u65e5\u6b632", "^TAI100I     \u81fa\u7063\u4e2d\u578b100\u5831\u916c\u6307\u6578", "^TAI100Ix2   \u81fa\u7063\u4e2d\u578b100\u5831\u916c\u6307\u6578_\u65e5\u6b632", "^TAIDIVIDI   \u81fa\u7063\u9ad8\u80a1\u606f\u5831\u916c\u6307\u6578", "^TAIDIVIDIx2 \u81fa\u7063\u9ad8\u80a1\u606f\u5831\u916c\u6307\u6578_\u65e5\u6b632", "0050Fund     \u5143\u5927\u53f0\u7063\u5353\u8d8a50\u57fa\u91d1", "006208Fund   \u5bcc\u90a6\u53f0\u7063\u91c6\u540950\u57fa\u91d1", "0050         \u5143\u5927\u81fa\u706350", "00631L       \u5143\u5927\u53f0\u706350\u6b632", "00675L       \u5bcc\u90a6\u81fa\u7063\u52a0\u6b0a\u6b632", "006208       \u5bcc\u90a6\u53f050", "0051         \u5143\u5927\u4e2d\u578b100", "006204       \u6c38\u8c50\u81fa\u7063\u52a0\u6b0a", "0056         \u5143\u5927\u9ad8\u80a1\u606f", "2412         \u4e2d\u83ef\u96fb\u4fe1", "2002         \u4e2d\u92fc", "2330         \u53f0\u7a4d\u96fb", "2317         \u9d3b\u6d77", "6505         \u53f0\u5851\u77f3\u5316", "3481         \u7fa4\u5275", "2303         \u806f\u96fb", "2308         \u53f0\u9054\u96fb", "2454         \u806f\u767c\u79d1", "2886         \u5146\u8c50\u91d1", "2884         \u7389\u5c71\u91d1", "2891         \u4e2d\u4fe1\u91d1", "2892         \u7b2c\u4e00\u91d1", "5880         \u5408\u5eab\u91d1", "2881         \u5bcc\u90a6\u91d1", "2885         \u5143\u5927\u91d1", "2887         \u53f0\u65b0\u91d1"], "zmin": -1, "zmax": 1, "colorbar": {"x": -0.2}}], "layout": {"autotypenumbers": "strict", "colorway": ["#636efa", "#EF553B", "#00cc96", "#ab63fa", "#FFA15A", "#19d3f3", "#FF6692", "#B6E880", "#FF97FF", "#FECB52"], "font": {"color": "#f2f5fa", "family": "Courier New"}, "hovermode": "closest", "hoverlabel": {"align": "left"}, "paper_bgcolor": "rgb(17,17,17)", "plot_bgcolor": "rgb(17,17,17)", "polar": {"bgcolor": "rgb(17,17,17)", "angularaxis": {"gridcolor": "#506784", "linecolor": "#506784", "ticks": ""}, "radialaxis": {"gridcolor": "#506784", "linecolor": "#506784", "ticks": ""}}, "ternary": {"bgcolor": "rgb(17,17,17)", "aaxis": {"gridcolor": "#506784", "linecolor": "#506784", "ticks": ""}, "baxis": {"gridcolor": "#506784", "linecolor": "#506784", "ticks": ""}, "caxis": {"gridcolor": "#506784", "linecolor": "#506784", "ticks": ""}}, "coloraxis": {"colorbar": {"outlinewidth": 0, "ticks": ""}}, "colorscale": {"sequential": [[0.0, "#0d0887"], [0.1111111111111111, "#46039f"], [0.2222222222222222, "#7201a8"], [0.3333333333333333, "#9c179e"], [0.4444444444444444, "#bd3786"], [0.5555555555555556, "#d8576b"], [0.6666666666666666, "#ed7953"], [0.7777777777777778, "#fb9f3a"], [0.8888888888888888, "#fdca26"], [1.0, "#f0f921"]], "sequentialminus": [[0.0, "#0d0887"], [0.1111111111111111, "#46039f"], [0.2222222222222222, "#7201a8"], [0.3333333333333333, "#9c179e"], [0.4444444444444444, "#bd3786"], [0.5555555555555556, "#d8576b"], [0.6666666666666666, "#ed7953"], [0.7777777777777778, "#fb9f3a"], [0.8888888888888888, "#fdca26"], [1.0, "#f0f921"]], "diverging": [[0, "#8e0152"], [0.1, "#c51b7d"], [0.2, "#de77ae"], [0.3, "#f1b6da"], [0.4, "#fde0ef"], [0.5, "#f7f7f7"], [0.6, "#e6f5d0"], [0.7, "#b8e186"], [0.8, "#7fbc41"], [0.9, "#4d9221"], [1, "#276419"]]}, "xaxis": {"gridcolor": "rgba(0, 0, 0, 0)", "linecolor": "#506784", "ticks": "", "title": {"standoff": 15}, "zerolinecolor": "#283442", "automargin": true, "zerolinewidth": 2, "tickfont": {"family": "Courier New", "size": 14}, "side": "top", "tickangle": -90}, "yaxis": {"gridcolor": "rgba(0, 0, 0, 0)", "linecolor": "#506784", "ticks": "", "title": {"standoff": 15}, "zerolinecolor": "#283442", "automargin": true, "zerolinewidth": 2, "tickfont": {"family": "Courier New"}, "side": "right"}, "scene": {"xaxis": {"backgroundcolor": "rgb(17,17,17)", "gridcolor": "#506784", "linecolor": "#506784", "showbackground": true, "ticks": "", "zerolinecolor": "#C8D4E3", "gridwidth": 2}, "yaxis": {"backgroundcolor": "rgb(17,17,17)", "gridcolor": "#506784", "linecolor": "#506784", "showbackground": true, "ticks": "", "zerolinecolor": "#C8D4E3", "gridwidth": 2}, "zaxis": {"backgroundcolor": "rgb(17,17,17)", "gridcolor": "#506784", "linecolor": "#506784", "showbackground": true, "ticks": "", "zerolinecolor": "#C8D4E3", "gridwidth": 2}}, "shapedefaults": {"line": {"color": "#f2f5fa"}}, "annotationdefaults": {"arrowcolor": "#f2f5fa", "arrowhead": 0, "arrowwidth": 1}, "geo": {"bgcolor": "rgb(17,17,17)", "landcolor": "rgb(17,17,17)", "subunitcolor": "#506784", "showland": true, "showlakes": true, "lakecolor": "rgb(17,17,17)"}, "title": {"x": 0.05, "font": {"family": "Times New Roman"}, "y": 0.05, "text": "<b>Correlation of Adj Close<b><br><i>2016-09-23 ~ 2025-08-14<i>"}, "updatemenudefaults": {"bgcolor": "#506784", "borderwidth": 0}, "sliderdefaults": {"bgcolor": "#C8D4E3", "borderwidth": 1, "bordercolor": "rgb(17,17,17)", "tickwidth": 0}, "mapbox": {"style": "dark"}, "annotations": [{"text": "<b>@zwindr<b>", "textangle": 0, "opacity": 0.5, "font": {"color": "white", "size": 12}, "xref": "paper", "yref": "paper", "xanchor": "left", "yanchor": "bottom", "x": 1.0, "y": 1.0, "showarrow": false}]}, "config": {"responsive": true, "toImageButtonOptions": {"filename": "Correlation of Adj Close_2016-09-23~2025-08-14", "scale": 5}}};

    Plotly.newPlot("correlationAdjClose",
        correlationAdjClose.data,
        correlationAdjClose.layout || {},
        correlationAdjClose.config);
} else {
    // The element with the specified ID does not exist
    console.log("style display is none => correlationAdjClose");
}