var element = document.getElementById("correlationClose");

if (element.style.display != 'none') {
    var correlationClose = {"data": [{"type": "heatmap", "z": [[1.0, 0.9999999999999981, 1.0, 0.9955673888842216, 0.9955673888842216, 0.9613892364149291, 0.9613892364149291, 0.8970321153304017, 0.8970321153304017, 0.9174601530250337, 0.9950509978866754, 0.9322014512296758, 0.99266547099507, 0.9922601624390706, 0.995003638241929, 0.971773422185303, 0.998889508534693, 0.9264902974147013, 0.7832072817880816, -0.08307037561766109, 0.976755182337144, 0.06470147733556837, -0.00977859599398364, -0.25210589541041023, 0.8238543378357355, 0.9501726189874601, 0.9050682662605146, 0.927832003530223, 0.7692395161164146, 0.48224312026554617, 0.6124333553226302, 0.6395336704826523, 0.9285222919073607, 0.8120112786251318, 0.16947907147098173], [0.9999999999999981, 1.0, 0.9999999999999982, 0.9955165573164775, 0.9955165573164775, 0.9607488721798108, 0.9607488721798108, 0.8982890090785765, 0.8982890090785765, 0.9179049123057753, 0.9950261044686313, 0.9328720236814059, 0.9923999155171696, 0.9916754614129286, 0.9949753895381455, 0.9710165139667397, 0.9988913632724316, 0.9270498660608666, 0.8037073624958099, 0.12487474494983028, 0.9677359765221939, -0.09983419137453717, -0.001160805267153384, -0.2523522269668933, 0.6482193177981618, 0.9503088995197424, 0.8770192410418197, 0.9223152225469021, 0.7821362467435823, 0.47284262700413243, 0.6089900566900103, 0.6700141469415454, 0.9255406140302569, 0.6743749886244784, 0.16567927552322737], [1.0, 0.9999999999999982, 1.0, 0.9955673888842216, 0.9955673888842216, 0.9613892364149291, 0.9613892364149291, 0.8970321153304017, 0.8970321153304017, 0.9174601530250337, 0.9950509978866754, 0.9322014512296758, 0.99266547099507, 0.9922601624390706, 0.995003638241929, 0.971773422185303, 0.998889508534693, 0.9264902974147013, 0.7832072817880816, -0.08307037561766109, 0.976755182337144, 0.06470147733556837, -0.00977859599398364, -0.25210589541041023, 0.8238543378357355, 0.9501726189874601, 0.9050682662605146, 0.927832003530223, 0.7692395161164146, 0.48224312026554617, 0.6124333553226302, 0.6395336704826523, 0.9285222919073607, 0.8120112786251318, 0.16947907147098173], [0.9955673888842216, 0.9955165573164775, 0.9955673888842216, 1.0, 1.0, 0.9483152231387828, 0.9483152231387828, 0.8829696527974311, 0.8829696527974311, 0.9094010957305799, 0.999466320537064, 0.9279360599589358, 0.9882358037791561, 0.9839955729753381, 0.9994047708641023, 0.9541968845637882, 0.9947544222544954, 0.9076991830038172, 0.7625014649659968, -0.08816189587566416, 0.9886544634223792, 0.08375772353483368, -0.039763712177015076, -0.25555951364727325, 0.8240730909983812, 0.9425402738750848, 0.9100905074424095, 0.9173211984157976, 0.7805622245285749, 0.507894968168805, 0.6066561511167023, 0.6136362716384585, 0.9218394683696414, 0.8016320989908562, 0.18182322568490455], [0.9955673888842216, 0.9955165573164775, 0.9955673888842216, 1.0, 1.0, 0.9483152231387828, 0.9483152231387828, 0.8829696527974311, 0.8829696527974311, 0.9094010957305799, 0.999466320537064, 0.9279360599589358, 0.9882358037791561, 0.9839955729753381, 0.9994047708641023, 0.9541968845637882, 0.9947544222544954, 0.9076991830038172, 0.7625014649659968, -0.08816189587566416, 0.9886544634223792, 0.08375772353483368, -0.039763712177015076, -0.25555951364727325, 0.8240730909983812, 0.9425402738750848, 0.9100905074424095, 0.9173211984157976, 0.7805622245285749, 0.507894968168805, 0.6066561511167023, 0.6136362716384585, 0.9218394683696414, 0.8016320989908562, 0.18182322568490455], [0.9613892364149291, 0.9607488721798108, 0.9613892364149291, 0.9483152231387828, 0.9483152231387828, 1.0, 1.0, 0.9238032232763003, 0.9238032232763003, 0.8887424156667022, 0.951639741946651, 0.9003408200826792, 0.9764606828935021, 0.975195839883597, 0.9512884239485536, 0.9989832954958139, 0.9721043187786139, 0.9197005616231319, 0.6262358796958588, -0.025900800951178627, 0.9326993157434127, 0.24597645006969074, -0.21279235435579436, -0.10683294141686862, 0.8950215336266288, 0.9099228045149138, 0.9247753327370446, 0.8953357047535713, 0.7273403740636174, 0.7066042607344144, 0.724497222585024, 0.7150740848937535, 0.8462661557877176, 0.8463559287462195, 0.46099862147393844], [0.9613892364149291, 0.9607488721798108, 0.9613892364149291, 0.9483152231387828, 0.9483152231387828, 1.0, 1.0, 0.9238032232763003, 0.9238032232763003, 0.8887424156667022, 0.951639741946651, 0.9003408200826792, 0.9764606828935021, 0.975195839883597, 0.9512884239485536, 0.9989832954958139, 0.9721043187786139, 0.9197005616231319, 0.6262358796958588, -0.025900800951178627, 0.9326993157434127, 0.24597645006969074, -0.21279235435579436, -0.10683294141686862, 0.8950215336266288, 0.9099228045149138, 0.9247753327370446, 0.8953357047535713, 0.7273403740636174, 0.7066042607344144, 0.724497222585024, 0.7150740848937535, 0.8462661557877176, 0.8463559287462195, 0.46099862147393844], [0.8970321153304017, 0.8982890090785765, 0.8970321153304017, 0.8829696527974311, 0.8829696527974311, 0.9238032232763003, 0.9238032232763003, 1.0, 1.0, 0.8681727687024314, 0.9385992950626918, 0.8633000223587595, 0.9474963488458418, 0.9426409113716421, 0.9382421590122132, 0.9246155591652464, 0.9403949284797772, 0.9727336596875483, 0.5612952910450285, 0.09468169436693664, 0.8399228012427388, 0.49872006409732883, -0.23758706539487043, 0.03480296767562063, 0.7847660208938225, 0.8030247918615792, 0.8615152177586967, 0.841560874465412, 0.7405098864766879, 0.8688777468968268, 0.7681840398642732, 0.7192233076390024, 0.7713498574835793, 0.8340253532263984, 0.7999105506341337], [0.8970321153304017, 0.8982890090785765, 0.8970321153304017, 0.8829696527974311, 0.8829696527974311, 0.9238032232763003, 0.9238032232763003, 1.0, 1.0, 0.8681727687024314, 0.9385992950626918, 0.8633000223587595, 0.9474963488458418, 0.9426409113716421, 0.9382421590122132, 0.9246155591652464, 0.9403949284797772, 0.9727336596875483, 0.5612952910450285, 0.09468169436693664, 0.8399228012427388, 0.49872006409732883, -0.23758706539487043, 0.03480296767562063, 0.7847660208938225, 0.8030247918615792, 0.8615152177586967, 0.841560874465412, 0.7405098864766879, 0.8688777468968268, 0.7681840398642732, 0.7192233076390024, 0.7713498574835793, 0.8340253532263984, 0.7999105506341337], [0.9174601530250337, 0.9179049123057753, 0.9174601530250337, 0.9094010957305799, 0.9094010957305799, 0.8887424156667022, 0.8887424156667022, 0.8681727687024314, 0.8681727687024314, 1.0, 0.9051423544042384, 0.9999757246490073, 0.886977675683895, 0.854652177120392, 0.9063462484798529, 0.8907242994186084, 0.9145931815336151, 0.8901689219051313, 0.7700188515551716, 0.23417610044348605, 0.8977362559982046, 0.7598395637167172, -0.30554045729767526, 0.39684094649625323, 0.8532299249398103, 0.802446726627705, 0.8666423756167926, 0.8480043899000987, 0.7412942909526031, 0.7500590387704017, 0.8107039423472334, 0.7896241785806672, 0.828434241851792, 0.871650429944, 0.7708269698591792], [0.9950509978866754, 0.9950261044686313, 0.9950509978866754, 0.999466320537064, 0.999466320537064, 0.951639741946651, 0.951639741946651, 0.9385992950626918, 0.9385992950626918, 0.9051423544042384, 1.0, 0.9049378564662782, 0.9879658520213211, 0.9842826535443108, 0.9999135607298325, 0.9520254823505148, 0.9938485451211976, 0.9257119641739933, 0.8422550193182046, 0.15772756436019558, 0.9955867095278182, 0.8497925952005395, -0.42554339438518174, 0.3666867380371654, 0.8655525435431987, 0.9167862752507377, 0.9409735150330814, 0.912742339335785, 0.8030453430158613, 0.8913187267226657, 0.8722367044699617, 0.8145860960804499, 0.8955264974125013, 0.942323151974541, 0.782314528746224], [0.9322014512296758, 0.9328720236814059, 0.9322014512296758, 0.9279360599589358, 0.9279360599589358, 0.9003408200826792, 0.9003408200826792, 0.8633000223587595, 0.8633000223587595, 0.9999757246490073, 0.9049378564662782, 1.0, 0.8843327415376053, 0.8512042181055132, 0.9040680727457866, 0.9009667098399633, 0.9174670120728137, 0.883306872472824, 0.7108265337716301, 0.002473649502270989, 0.9138766474499636, 0.5917756252216443, -0.22091101940933464, -0.23740943754272162, 0.861327763489636, 0.8409379230965783, 0.8450037773701329, 0.8645810236942962, 0.7807206255818724, 0.7469080977639916, 0.7815678805274496, 0.7162227066108939, 0.8609391288989481, 0.7606506585897025, 0.7303922281827198], [0.99266547099507, 0.9923999155171696, 0.99266547099507, 0.9882358037791561, 0.9882358037791561, 0.9764606828935021, 0.9764606828935021, 0.9474963488458418, 0.9474963488458418, 0.886977675683895, 0.9879658520213211, 0.8843327415376053, 1.0, 0.999686756404348, 0.9879095650521484, 0.9746744058998796, 0.9897630554575726, 0.9214215297778012, 0.8096340585040459, 0.19481945364011674, 0.9855354486924308, 0.8747652522147785, -0.6115058166872447, 0.44399652526127004, 0.846160150685867, 0.9309112405212218, 0.9577495859881275, 0.9071328436955018, 0.7263067914234953, 0.8918388447334564, 0.8521691606223363, 0.8061324086146923, 0.8765160030644982, 0.9630271429424907, 0.8179982924177572], [0.9922601624390706, 0.9916754614129286, 0.9922601624390706, 0.9839955729753381, 0.9839955729753381, 0.975195839883597, 0.975195839883597, 0.9426409113716421, 0.9426409113716421, 0.854652177120392, 0.9842826535443108, 0.8512042181055132, 0.999686756404348, 1.0, 0.9843937688081165, 0.9723103517566921, 0.9880260878865167, 0.9089990035629238, 0.828201979115711, 0.07447506102440589, 0.9797690833976817, 0.883671503348176, -0.8217064505173562, 0.4912927544086746, 0.8035782584283359, 0.9365828382392678, 0.9555258214951118, 0.8934544100175043, 0.6415351247511976, 0.9023277960037849, 0.8386815260423334, 0.7574046261001094, 0.9093831223425262, 0.9654301072918632, 0.7875727542632691], [0.995003638241929, 0.9949753895381455, 0.995003638241929, 0.9994047708641023, 0.9994047708641023, 0.9512884239485536, 0.9512884239485536, 0.9382421590122132, 0.9382421590122132, 0.9063462484798529, 0.9999135607298325, 0.9040680727457866, 0.9879095650521484, 0.9843937688081165, 1.0, 0.9518052011402307, 0.9938355666875892, 0.9258354821353427, 0.8435020637044389, 0.15656470321682026, 0.9954658423857555, 0.8494202474070205, -0.4231656013576289, 0.365028024579511, 0.8651163613230518, 0.9148491091475158, 0.9399212681988682, 0.9131466998951111, 0.8045737975654036, 0.8908757609038503, 0.8732947131002536, 0.8156240448254308, 0.8953133806143364, 0.9420970972854643, 0.7820558330037222], [0.971773422185303, 0.9710165139667397, 0.971773422185303, 0.9541968845637882, 0.9541968845637882, 0.9989832954958139, 0.9989832954958139, 0.9246155591652464, 0.9246155591652464, 0.8907242994186084, 0.9520254823505148, 0.9009667098399633, 0.9746744058998796, 0.9723103517566921, 0.9518052011402307, 1.0, 0.9737261664803922, 0.9193546339174948, 0.6750903024642622, -0.007087334820326627, 0.9435822025334293, 0.5758248770201919, -0.3465261349524198, -0.1605667294551019, 0.9077888187863717, 0.9211501814289264, 0.9201999712398671, 0.9036696377001447, 0.7679119979530435, 0.8338313173151798, 0.7745465613702156, 0.7727737633025781, 0.8702736532435462, 0.8434512400912961, 0.7882924232618419], [0.998889508534693, 0.9988913632724316, 0.998889508534693, 0.9947544222544954, 0.9947544222544954, 0.9721043187786139, 0.9721043187786139, 0.9403949284797772, 0.9403949284797772, 0.9145931815336151, 0.9938485451211976, 0.9174670120728137, 0.9897630554575726, 0.9880260878865167, 0.9938355666875892, 0.9737261664803922, 1.0, 0.9419522060967427, 0.848799669168991, 0.15618928956276038, 0.9867933836752776, 0.8195871859115098, -0.4069328387957145, 0.37837321522682676, 0.8987081226278543, 0.9300073749916674, 0.9447999676921441, 0.9371953636752955, 0.8239358768919852, 0.8800185696546494, 0.8987289835763604, 0.8448909537871456, 0.9075000192217509, 0.9468970453847976, 0.8377587372738293], [0.9264902974147013, 0.9270498660608666, 0.9264902974147013, 0.9076991830038172, 0.9076991830038172, 0.9197005616231319, 0.9197005616231319, 0.9727336596875483, 0.9727336596875483, 0.8901689219051313, 0.9257119641739933, 0.883306872472824, 0.9214215297778012, 0.9089990035629238, 0.9258354821353427, 0.9193546339174948, 0.9419522060967427, 1.0, 0.7285123521106012, 0.013908009931756839, 0.8706417991070755, 0.5097904934440713, -0.13326841073910164, -0.20158034863680527, 0.8227888356620883, 0.8344669987806136, 0.8291265912891206, 0.9121902355736418, 0.8298754083129843, 0.7971736746959446, 0.742715233477646, 0.7011832644131282, 0.8369916860162202, 0.7644198674668092, 0.8467516177340579], [0.7832072817880816, 0.8037073624958099, 0.7832072817880816, 0.7625014649659968, 0.7625014649659968, 0.6262358796958588, 0.6262358796958588, 0.5612952910450285, 0.5612952910450285, 0.7700188515551716, 0.8422550193182046, 0.7108265337716301, 0.8096340585040459, 0.828201979115711, 0.8435020637044389, 0.6750903024642622, 0.848799669168991, 0.7285123521106012, 1.0, 0.05899837376176876, 0.7250531266542474, -0.43524199181895595, 0.38291547349588717, -0.6618125568162533, 0.3339469716211011, 0.7993300901913295, 0.4840615983498835, 0.8299015568745591, 0.6812355591814137, 0.043167346844187174, 0.2786624030015497, 0.5578151323962051, 0.7761246158855312, 0.45910522792860164, -0.17009436572998896], [-0.08307037561766109, 0.12487474494983028, -0.08307037561766109, -0.08816189587566416, -0.08816189587566416, -0.025900800951178627, -0.025900800951178627, 0.09468169436693664, 0.09468169436693664, 0.23417610044348605, 0.15772756436019558, 0.002473649502270989, 0.19481945364011674, 0.07447506102440589, 0.15656470321682026, -0.007087334820326627, 0.15618928956276038, 0.013908009931756839, 0.05899837376176876, 1.0, -0.050032686764222185, 0.1354521083675681, 0.12019579722100017, 0.7523104208759699, -0.07777183362591268, 0.03872298587502184, 0.031675030314709016, 0.1967564420411599, 0.03569210656012753, 0.11553469521106743, 0.38502150958325415, 0.5945514838129043, -0.08238151203621309, 0.15891823611357486, 0.17272380179604208], [0.976755182337144, 0.9677359765221939, 0.976755182337144, 0.9886544634223792, 0.9886544634223792, 0.9326993157434127, 0.9326993157434127, 0.8399228012427388, 0.8399228012427388, 0.8977362559982046, 0.9955867095278182, 0.9138766474499636, 0.9855354486924308, 0.9797690833976817, 0.9954658423857555, 0.9435822025334293, 0.9867933836752776, 0.8706417991070755, 0.7250531266542474, -0.050032686764222185, 1.0, -0.006530477230513835, -0.10364795152277943, -0.31473386378738333, 0.6861836596106444, 0.925075947467653, 0.8938023624646386, 0.8596818181170146, 0.749262676211756, 0.5049598030238709, 0.5700535034828328, 0.5436295592238028, 0.9002009954682991, 0.6496506510897773, 0.16041823565073823], [0.06470147733556837, -0.09983419137453717, 0.06470147733556837, 0.08375772353483368, 0.08375772353483368, 0.24597645006969074, 0.24597645006969074, 0.49872006409732883, 0.49872006409732883, 0.7598395637167172, 0.8497925952005395, 0.5917756252216443, 0.8747652522147785, 0.883671503348176, 0.8494202474070205, 0.5758248770201919, 0.8195871859115098, 0.5097904934440713, -0.43524199181895595, 0.1354521083675681, -0.006530477230513835, 1.0, -0.4247665607488102, 0.7751527697853006, 0.3613980803316333, -0.05412248549859836, 0.25260325324119154, -0.15898458937369303, 0.018935120823821597, 0.5586357867166665, 0.44701047799655486, 0.1728696849633739, -0.08242137823156978, 0.3462411512299942, 0.4639341479858649], [-0.00977859599398364, -0.001160805267153384, -0.00977859599398364, -0.039763712177015076, -0.039763712177015076, -0.21279235435579436, -0.21279235435579436, -0.23758706539487043, -0.23758706539487043, -0.30554045729767526, -0.42554339438518174, -0.22091101940933464, -0.6115058166872447, -0.8217064505173562, -0.4231656013576289, -0.3465261349524198, -0.4069328387957145, -0.13326841073910164, 0.38291547349588717, 0.12019579722100017, -0.10364795152277943, -0.4247665607488102, 1.0, -0.046413303144560804, -0.1308434466844035, -0.05052410404660244, -0.24627763111886555, 0.01836675214000917, -0.018472728058276582, -0.5354617089123274, -0.15700311626142682, 0.003809234166955049, 0.028665556204816593, -0.15768880504671495, -0.4011456521388865], [-0.25210589541041023, -0.2523522269668933, -0.25210589541041023, -0.25555951364727325, -0.25555951364727325, -0.10683294141686862, -0.10683294141686862, 0.03480296767562063, 0.03480296767562063, 0.39684094649625323, 0.3666867380371654, -0.23740943754272162, 0.44399652526127004, 0.4912927544086746, 0.365028024579511, -0.1605667294551019, 0.37837321522682676, -0.20158034863680527, -0.6618125568162533, 0.7523104208759699, -0.31473386378738333, 0.7751527697853006, -0.046413303144560804, 1.0, -0.09907948253716599, -0.30040542043708673, -0.051285222964608114, -0.3501226718410116, -0.32711651104125367, 0.10484001802530467, 0.1792965376266169, 0.2726686908255474, -0.3828202255943649, 0.13965564754171816, 0.10396145534924689], [0.8238543378357355, 0.6482193177981618, 0.8238543378357355, 0.8240730909983812, 0.8240730909983812, 0.8950215336266288, 0.8950215336266288, 0.7847660208938225, 0.7847660208938225, 0.8532299249398103, 0.8655525435431987, 0.861327763489636, 0.846160150685867, 0.8035782584283359, 0.8651163613230518, 0.9077888187863717, 0.8987081226278543, 0.8227888356620883, 0.3339469716211011, -0.07777183362591268, 0.6861836596106444, 0.3613980803316333, -0.1308434466844035, -0.09907948253716599, 1.0, 0.6121430926996282, 0.8434604045701376, 0.4806130536631562, 0.6152139017159536, 0.5304772974553011, 0.6458854989733156, 0.408853305082102, 0.6971081276810142, 0.6953030190249561, 0.4104327087077345], [0.9501726189874601, 0.9503088995197424, 0.9501726189874601, 0.9425402738750848, 0.9425402738750848, 0.9099228045149138, 0.9099228045149138, 0.8030247918615792, 0.8030247918615792, 0.802446726627705, 0.9167862752507377, 0.8409379230965783, 0.9309112405212218, 0.9365828382392678, 0.9148491091475158, 0.9211501814289264, 0.9300073749916674, 0.8344669987806136, 0.7993300901913295, 0.03872298587502184, 0.925075947467653, -0.05412248549859836, -0.05052410404660244, -0.30040542043708673, 0.6121430926996282, 1.0, 0.8307225839665213, 0.8579183580597458, 0.7086958061293798, 0.35585405768221023, 0.49208110777946074, 0.6015576589161248, 0.9001352195652468, 0.6354866937651134, 0.060158336548876], [0.9050682662605146, 0.8770192410418197, 0.9050682662605146, 0.9100905074424095, 0.9100905074424095, 0.9247753327370446, 0.9247753327370446, 0.8615152177586967, 0.8615152177586967, 0.8666423756167926, 0.9409735150330814, 0.8450037773701329, 0.9577495859881275, 0.9555258214951118, 0.9399212681988682, 0.9201999712398671, 0.9447999676921441, 0.8291265912891206, 0.4840615983498835, 0.031675030314709016, 0.8938023624646386, 0.25260325324119154, -0.24627763111886555, -0.051285222964608114, 0.8434604045701376, 0.8307225839665213, 1.0, 0.7342047913885588, 0.5827084141430638, 0.5447521164105287, 0.5757560915156932, 0.5287845534948052, 0.8007351057262452, 0.8189261490302263, 0.20680359506881094], [0.927832003530223, 0.9223152225469021, 0.927832003530223, 0.9173211984157976, 0.9173211984157976, 0.8953357047535713, 0.8953357047535713, 0.841560874465412, 0.841560874465412, 0.8480043899000987, 0.912742339335785, 0.8645810236942962, 0.9071328436955018, 0.8934544100175043, 0.9131466998951111, 0.9036696377001447, 0.9371953636752955, 0.9121902355736418, 0.8299015568745591, 0.1967564420411599, 0.8596818181170146, -0.15898458937369303, 0.01836675214000917, -0.3501226718410116, 0.4806130536631562, 0.8579183580597458, 0.7342047913885588, 1.0, 0.9011652081124634, 0.5040233937042714, 0.6702550284012284, 0.6695220083153973, 0.8708507302775006, 0.4938096128248495, 0.28992077022172663], [0.7692395161164146, 0.7821362467435823, 0.7692395161164146, 0.7805622245285749, 0.7805622245285749, 0.7273403740636174, 0.7273403740636174, 0.7405098864766879, 0.7405098864766879, 0.7412942909526031, 0.8030453430158613, 0.7807206255818724, 0.7263067914234953, 0.6415351247511976, 0.8045737975654036, 0.7679119979530435, 0.8239358768919852, 0.8298754083129843, 0.6812355591814137, 0.03569210656012753, 0.749262676211756, 0.018935120823821597, -0.018472728058276582, -0.32711651104125367, 0.6152139017159536, 0.7086958061293798, 0.5827084141430638, 0.9011652081124634, 1.0, 0.5470966107759021, 0.6523996231575804, 0.6041121104056639, 0.7145503420843268, 0.5573805100152837, 0.47070270341183124], [0.48224312026554617, 0.47284262700413243, 0.48224312026554617, 0.507894968168805, 0.507894968168805, 0.7066042607344144, 0.7066042607344144, 0.8688777468968268, 0.8688777468968268, 0.7500590387704017, 0.8913187267226657, 0.7469080977639916, 0.8918388447334564, 0.9023277960037849, 0.8908757609038503, 0.8338313173151798, 0.8800185696546494, 0.7971736746959446, 0.043167346844187174, 0.11553469521106743, 0.5049598030238709, 0.5586357867166665, -0.5354617089123274, 0.10484001802530467, 0.5304772974553011, 0.35585405768221023, 0.5447521164105287, 0.5040233937042714, 0.5470966107759021, 1.0, 0.7324041607396298, 0.3688089265097769, 0.43817776401391756, 0.5307372279394081, 0.7852566763577559], [0.6124333553226302, 0.6089900566900103, 0.6124333553226302, 0.6066561511167023, 0.6066561511167023, 0.724497222585024, 0.724497222585024, 0.7681840398642732, 0.7681840398642732, 0.8107039423472334, 0.8722367044699617, 0.7815678805274496, 0.8521691606223363, 0.8386815260423334, 0.8732947131002536, 0.7745465613702156, 0.8987289835763604, 0.742715233477646, 0.2786624030015497, 0.38502150958325415, 0.5700535034828328, 0.44701047799655486, -0.15700311626142682, 0.1792965376266169, 0.6458854989733156, 0.49208110777946074, 0.5757560915156932, 0.6702550284012284, 0.6523996231575804, 0.7324041607396298, 1.0, 0.7775338122970356, 0.46580116922386544, 0.7142273112184926, 0.5478870339361225], [0.6395336704826523, 0.6700141469415454, 0.6395336704826523, 0.6136362716384585, 0.6136362716384585, 0.7150740848937535, 0.7150740848937535, 0.7192233076390024, 0.7192233076390024, 0.7896241785806672, 0.8145860960804499, 0.7162227066108939, 0.8061324086146923, 0.7574046261001094, 0.8156240448254308, 0.7727737633025781, 0.8448909537871456, 0.7011832644131282, 0.5578151323962051, 0.5945514838129043, 0.5436295592238028, 0.1728696849633739, 0.003809234166955049, 0.2726686908255474, 0.408853305082102, 0.6015576589161248, 0.5287845534948052, 0.6695220083153973, 0.6041121104056639, 0.3688089265097769, 0.7775338122970356, 1.0, 0.48407116304233777, 0.6702874906936436, 0.1951411232015698], [0.9285222919073607, 0.9255406140302569, 0.9285222919073607, 0.9218394683696414, 0.9218394683696414, 0.8462661557877176, 0.8462661557877176, 0.7713498574835793, 0.7713498574835793, 0.828434241851792, 0.8955264974125013, 0.8609391288989481, 0.8765160030644982, 0.9093831223425262, 0.8953133806143364, 0.8702736532435462, 0.9075000192217509, 0.8369916860162202, 0.7761246158855312, -0.08238151203621309, 0.9002009954682991, -0.08242137823156978, 0.028665556204816593, -0.3828202255943649, 0.6971081276810142, 0.9001352195652468, 0.8007351057262452, 0.8708507302775006, 0.7145503420843268, 0.43817776401391756, 0.46580116922386544, 0.48407116304233777, 1.0, 0.7080545464759659, 0.15781401018755878], [0.8120112786251318, 0.6743749886244784, 0.8120112786251318, 0.8016320989908562, 0.8016320989908562, 0.8463559287462195, 0.8463559287462195, 0.8340253532263984, 0.8340253532263984, 0.871650429944, 0.942323151974541, 0.7606506585897025, 0.9630271429424907, 0.9654301072918632, 0.9420970972854643, 0.8434512400912961, 0.9468970453847976, 0.7644198674668092, 0.45910522792860164, 0.15891823611357486, 0.6496506510897773, 0.3462411512299942, -0.15768880504671495, 0.13965564754171816, 0.6953030190249561, 0.6354866937651134, 0.8189261490302263, 0.4938096128248495, 0.5573805100152837, 0.5307372279394081, 0.7142273112184926, 0.6702874906936436, 0.7080545464759659, 1.0, 0.16675136111652636], [0.16947907147098173, 0.16567927552322737, 0.16947907147098173, 0.18182322568490455, 0.18182322568490455, 0.46099862147393844, 0.46099862147393844, 0.7999105506341337, 0.7999105506341337, 0.7708269698591792, 0.782314528746224, 0.7303922281827198, 0.8179982924177572, 0.7875727542632691, 0.7820558330037222, 0.7882924232618419, 0.8377587372738293, 0.8467516177340579, -0.17009436572998896, 0.17272380179604208, 0.16041823565073823, 0.4639341479858649, -0.4011456521388865, 0.10396145534924689, 0.4104327087077345, 0.060158336548876, 0.20680359506881094, 0.28992077022172663, 0.47070270341183124, 0.7852566763577559, 0.5478870339361225, 0.1951411232015698, 0.15781401018755878, 0.16675136111652636, 1.0]], "x": ["^TAIEX       \u81fa\u7063\u52a0\u6b0a\u5831\u916c\u6307\u6578", "^TWII        \u81fa\u7063\u52a0\u6b0a\u6307\u6578", "^TAIEXx2     \u81fa\u7063\u52a0\u6b0a\u5831\u916c\u6307\u6578_\u65e5\u6b632", "^TAI50I      \u81fa\u706350\u5831\u916c\u6307\u6578", "^TAI50Ix2    \u81fa\u706350\u5831\u916c\u6307\u6578_\u65e5\u6b632", "^TAI100I     \u81fa\u7063\u4e2d\u578b100\u5831\u916c\u6307\u6578", "^TAI100Ix2   \u81fa\u7063\u4e2d\u578b100\u5831\u916c\u6307\u6578_\u65e5\u6b632", "^TAIDIVIDI   \u81fa\u7063\u9ad8\u80a1\u606f\u5831\u916c\u6307\u6578", "^TAIDIVIDIx2 \u81fa\u7063\u9ad8\u80a1\u606f\u5831\u916c\u6307\u6578_\u65e5\u6b632", "0050Fund     \u5143\u5927\u53f0\u7063\u5353\u8d8a50\u57fa\u91d1", "006208Fund   \u5bcc\u90a6\u53f0\u7063\u91c6\u540950\u57fa\u91d1", "0050         \u5143\u5927\u81fa\u706350", "00631L       \u5143\u5927\u53f0\u706350\u6b632", "00675L       \u5bcc\u90a6\u81fa\u7063\u52a0\u6b0a\u6b632", "006208       \u5bcc\u90a6\u53f050", "0051         \u5143\u5927\u4e2d\u578b100", "006204       \u6c38\u8c50\u81fa\u7063\u52a0\u6b0a", "0056         \u5143\u5927\u9ad8\u80a1\u606f", "2412         \u4e2d\u83ef\u96fb\u4fe1", "2002         \u4e2d\u92fc", "2330         \u53f0\u7a4d\u96fb", "2317         \u9d3b\u6d77", "6505         \u53f0\u5851\u77f3\u5316", "3481         \u7fa4\u5275", "2303         \u806f\u96fb", "2308         \u53f0\u9054\u96fb", "2454         \u806f\u767c\u79d1", "2886         \u5146\u8c50\u91d1", "2884         \u7389\u5c71\u91d1", "2891         \u4e2d\u4fe1\u91d1", "2892         \u7b2c\u4e00\u91d1", "5880         \u5408\u5eab\u91d1", "2881         \u5bcc\u90a6\u91d1", "2885         \u5143\u5927\u91d1", "2887         \u53f0\u65b0\u91d1"], "y": ["^TAIEX       \u81fa\u7063\u52a0\u6b0a\u5831\u916c\u6307\u6578", "^TWII        \u81fa\u7063\u52a0\u6b0a\u6307\u6578", "^TAIEXx2     \u81fa\u7063\u52a0\u6b0a\u5831\u916c\u6307\u6578_\u65e5\u6b632", "^TAI50I      \u81fa\u706350\u5831\u916c\u6307\u6578", "^TAI50Ix2    \u81fa\u706350\u5831\u916c\u6307\u6578_\u65e5\u6b632", "^TAI100I     \u81fa\u7063\u4e2d\u578b100\u5831\u916c\u6307\u6578", "^TAI100Ix2   \u81fa\u7063\u4e2d\u578b100\u5831\u916c\u6307\u6578_\u65e5\u6b632", "^TAIDIVIDI   \u81fa\u7063\u9ad8\u80a1\u606f\u5831\u916c\u6307\u6578", "^TAIDIVIDIx2 \u81fa\u7063\u9ad8\u80a1\u606f\u5831\u916c\u6307\u6578_\u65e5\u6b632", "0050Fund     \u5143\u5927\u53f0\u7063\u5353\u8d8a50\u57fa\u91d1", "006208Fund   \u5bcc\u90a6\u53f0\u7063\u91c6\u540950\u57fa\u91d1", "0050         \u5143\u5927\u81fa\u706350", "00631L       \u5143\u5927\u53f0\u706350\u6b632", "00675L       \u5bcc\u90a6\u81fa\u7063\u52a0\u6b0a\u6b632", "006208       \u5bcc\u90a6\u53f050", "0051         \u5143\u5927\u4e2d\u578b100", "006204       \u6c38\u8c50\u81fa\u7063\u52a0\u6b0a", "0056         \u5143\u5927\u9ad8\u80a1\u606f", "2412         \u4e2d\u83ef\u96fb\u4fe1", "2002         \u4e2d\u92fc", "2330         \u53f0\u7a4d\u96fb", "2317         \u9d3b\u6d77", "6505         \u53f0\u5851\u77f3\u5316", "3481         \u7fa4\u5275", "2303         \u806f\u96fb", "2308         \u53f0\u9054\u96fb", "2454         \u806f\u767c\u79d1", "2886         \u5146\u8c50\u91d1", "2884         \u7389\u5c71\u91d1", "2891         \u4e2d\u4fe1\u91d1", "2892         \u7b2c\u4e00\u91d1", "5880         \u5408\u5eab\u91d1", "2881         \u5bcc\u90a6\u91d1", "2885         \u5143\u5927\u91d1", "2887         \u53f0\u65b0\u91d1"], "zmin": -1, "zmax": 1, "colorbar": {"x": -0.2}}], "layout": {"autotypenumbers": "strict", "colorway": ["#636efa", "#EF553B", "#00cc96", "#ab63fa", "#FFA15A", "#19d3f3", "#FF6692", "#B6E880", "#FF97FF", "#FECB52"], "font": {"color": "#f2f5fa", "family": "Courier New"}, "hovermode": "closest", "hoverlabel": {"align": "left"}, "paper_bgcolor": "rgb(17,17,17)", "plot_bgcolor": "rgb(17,17,17)", "polar": {"bgcolor": "rgb(17,17,17)", "angularaxis": {"gridcolor": "#506784", "linecolor": "#506784", "ticks": ""}, "radialaxis": {"gridcolor": "#506784", "linecolor": "#506784", "ticks": ""}}, "ternary": {"bgcolor": "rgb(17,17,17)", "aaxis": {"gridcolor": "#506784", "linecolor": "#506784", "ticks": ""}, "baxis": {"gridcolor": "#506784", "linecolor": "#506784", "ticks": ""}, "caxis": {"gridcolor": "#506784", "linecolor": "#506784", "ticks": ""}}, "coloraxis": {"colorbar": {"outlinewidth": 0, "ticks": ""}}, "colorscale": {"sequential": [[0.0, "#0d0887"], [0.1111111111111111, "#46039f"], [0.2222222222222222, "#7201a8"], [0.3333333333333333, "#9c179e"], [0.4444444444444444, "#bd3786"], [0.5555555555555556, "#d8576b"], [0.6666666666666666, "#ed7953"], [0.7777777777777778, "#fb9f3a"], [0.8888888888888888, "#fdca26"], [1.0, "#f0f921"]], "sequentialminus": [[0.0, "#0d0887"], [0.1111111111111111, "#46039f"], [0.2222222222222222, "#7201a8"], [0.3333333333333333, "#9c179e"], [0.4444444444444444, "#bd3786"], [0.5555555555555556, "#d8576b"], [0.6666666666666666, "#ed7953"], [0.7777777777777778, "#fb9f3a"], [0.8888888888888888, "#fdca26"], [1.0, "#f0f921"]], "diverging": [[0, "#8e0152"], [0.1, "#c51b7d"], [0.2, "#de77ae"], [0.3, "#f1b6da"], [0.4, "#fde0ef"], [0.5, "#f7f7f7"], [0.6, "#e6f5d0"], [0.7, "#b8e186"], [0.8, "#7fbc41"], [0.9, "#4d9221"], [1, "#276419"]]}, "xaxis": {"gridcolor": "rgba(0, 0, 0, 0)", "linecolor": "#506784", "ticks": "", "title": {"standoff": 15}, "zerolinecolor": "#283442", "automargin": true, "zerolinewidth": 2, "tickfont": {"family": "Courier New", "size": 14}, "side": "top", "tickangle": -90}, "yaxis": {"gridcolor": "rgba(0, 0, 0, 0)", "linecolor": "#506784", "ticks": "", "title": {"standoff": 15}, "zerolinecolor": "#283442", "automargin": true, "zerolinewidth": 2, "tickfont": {"family": "Courier New"}, "side": "right"}, "scene": {"xaxis": {"backgroundcolor": "rgb(17,17,17)", "gridcolor": "#506784", "linecolor": "#506784", "showbackground": true, "ticks": "", "zerolinecolor": "#C8D4E3", "gridwidth": 2}, "yaxis": {"backgroundcolor": "rgb(17,17,17)", "gridcolor": "#506784", "linecolor": "#506784", "showbackground": true, "ticks": "", "zerolinecolor": "#C8D4E3", "gridwidth": 2}, "zaxis": {"backgroundcolor": "rgb(17,17,17)", "gridcolor": "#506784", "linecolor": "#506784", "showbackground": true, "ticks": "", "zerolinecolor": "#C8D4E3", "gridwidth": 2}}, "shapedefaults": {"line": {"color": "#f2f5fa"}}, "annotationdefaults": {"arrowcolor": "#f2f5fa", "arrowhead": 0, "arrowwidth": 1}, "geo": {"bgcolor": "rgb(17,17,17)", "landcolor": "rgb(17,17,17)", "subunitcolor": "#506784", "showland": true, "showlakes": true, "lakecolor": "rgb(17,17,17)"}, "title": {"x": 0.05, "font": {"family": "Times New Roman"}, "y": 0.05, "text": "<b>Correlation of Close<b><br><i>2016-09-23 ~ 2025-08-07<i>"}, "updatemenudefaults": {"bgcolor": "#506784", "borderwidth": 0}, "sliderdefaults": {"bgcolor": "#C8D4E3", "borderwidth": 1, "bordercolor": "rgb(17,17,17)", "tickwidth": 0}, "mapbox": {"style": "dark"}, "annotations": [{"text": "<b>@zwindr<b>", "textangle": 0, "opacity": 0.5, "font": {"color": "white", "size": 12}, "xref": "paper", "yref": "paper", "xanchor": "left", "yanchor": "bottom", "x": 1.0, "y": 1.0, "showarrow": false}]}, "config": {"responsive": true, "toImageButtonOptions": {"filename": "Correlation of Close_2016-09-23~2025-08-07", "scale": 5}}};

    Plotly.newPlot("correlationClose",
        correlationClose.data,
        correlationClose.layout || {},
        correlationClose.config);
} else {
    // The element with the specified ID does not exist
    console.log("style display is none => correlationClose");
}