var element=document.getElementById("correlationAdjClose");if(element.style.display!='none'){var correlationAdjClose={"data":[{"type":"heatmap","z":[[1.0,0.9964375644191154,0.9518561080129485,0.9964426690589394,0.9190687749581014,0.9886657254525235,0.9627621604215152,0.9810204837621688,0.9806696598695869,0.9965612522517295,0.9965455710626102,0.9967411252888787,0.8719057589642006,0.9820535311811549,0.9966433971563162,0.9893232180242791,0.9997832634639129,0.9808310894920631,0.898017700746827,0.8884714290303845,0.5915201911323366,0.9861498933582965,0.9462688175305226,0.2717178862658347,-0.20113883626656096,0.9188925205417423,0.8892356461018028,0.9452866973402366,0.939060328494805,0.9397742474170407,0.9837395602262291,0.9388318929625761,0.8951736745381148,0.9718655962939501,0.9832207477298646,0.9606092265450538],[0.9964375644191154,1.0,0.9564201772522265,0.9940563754980013,0.9246171368787609,0.9851579525393126,0.9638444419823595,0.9717967742185292,0.9768766770207181,0.9950552999293337,0.9965793428571575,0.996170474040293,0.8803563672780452,0.9853084354771139,0.9966543522563126,0.9850562867474534,0.9979841534438729,0.9736173369659941,0.909244552377691,0.8751235869229401,0.6144529100747641,0.977379897844853,0.9293931372940463,0.2647061474849488,-0.13918970267823746,0.905327541589904,0.8936230761681531,0.948851572823798,0.9196926178737146,0.9253527997660613,0.9767331980822528,0.9216461445754109,0.8909584530565078,0.9618791199555485,0.9777367796362549,0.9544118470418211],[0.9518561080129485,0.9564201772522265,1.0,0.9699399538922244,0.9944638952470733,0.942919592396562,0.9814241055602004,0.899431431467721,0.9538056628834012,0.9701120833533626,0.9775030550067478,0.9740628906575156,0.9031242167300054,0.9974880042164241,0.9773941017562681,0.9402176671203198,0.9627920418586676,0.9004634638728717,0.8111267212772334,0.730120529614208,0.3980972955179241,0.9762912293097231,0.8939643771790735,0.09403796189836665,-0.08718840772213064,0.8893657827617044,0.9688234643420834,0.9684652862160599,0.7981014082759599,0.8100122444488899,0.9343008170263837,0.8021993832864512,0.7518784465019868,0.8852902191602611,0.9540535486789515,0.8785734644222932],[0.9964426690589394,0.9940563754980013,0.9699399538922244,1.0,0.9442484553038035,0.9803218935056437,0.9673834850112475,0.966047330831331,0.976522913510302,0.9999817041631888,0.9999950441939215,0.9999745981741001,0.8824902585170058,0.988221013292329,0.9999683732350688,0.9787456338580252,0.9960890522962181,0.9656340116483965,0.8746757954360845,0.8584846532945355,0.5413189421596474,0.9954242637338488,0.9441194507651226,0.23189937542887465,-0.18054891934251985,0.9115369719391879,0.9148303735000728,0.9538222675215954,0.912696709173521,0.920567161438132,0.982295770139055,0.9134172482298214,0.8650546689426974,0.9595203658240786,0.9818362035586466,0.9463121273053574],[0.9190687749581014,0.9246171368787609,0.9944638952470733,0.9442484553038035,1.0,0.9044825969376642,0.9599197241995322,0.8539394752987478,0.9211300044733124,0.9449887227909138,0.9569670902075301,0.9517369248229928,0.8968901682712139,0.9863813904981358,0.9566828776633574,0.9015700871077856,0.9336766087465213,0.855044689084497,0.7607397771410477,0.674769331994079,0.33541099410588543,0.9558313902714666,0.8615774313718352,0.05891316758477831,-0.0633938193754807,0.8509088667464089,0.9801819829066514,0.9513187975883937,0.7388516746845138,0.7576769478561699,0.9019970793272912,0.7446372942076286,0.6875165487919837,0.8398270477584143,0.9222564470568915,0.8325724118560182],[0.9886657254525235,0.9851579525393126,0.942919592396562,0.9803218935056437,0.9044825969376642,1.0,0.9754187042812947,0.9810683280604747,0.9850500655408189,0.9799502378580298,0.9750843642064431,0.978062561671226,0.8508805060134669,0.9527793544489087,0.9751331033227417,0.9999273900201444,0.9900679132787874,0.9819461885712952,0.9057463417830911,0.8601535608609924,0.5628723708919714,0.9725009852113514,0.9282479393382931,0.16689971368184411,-0.14633138094527076,0.9408242331720494,0.8644881834552414,0.9418289072885974,0.931771276742576,0.9216135958209788,0.9697580243996148,0.9324581482748969,0.9115714432436515,0.960770941551224,0.9848952041486995,0.9643284872848096],[0.9627621604215152,0.9638444419823595,0.9814241055602004,0.9673834850112475,0.9599197241995322,0.9754187042812947,1.0,0.9348002287988295,0.981030924009265,0.9666842431130599,0.9754905372368974,0.9720569273677826,0.8888525858054568,0.9843240053957011,0.9751672788539996,0.9764293267320668,0.9772164654544473,0.9377138518307021,0.8531366555217484,0.7577212092032151,0.4221439955478638,0.9690806675666449,0.9120700252306924,0.03573714881110648,-0.06960896013212992,0.9133226937454507,0.9238821170130086,0.9654307982086955,0.8396870281495945,0.8319034107182303,0.9445413357183549,0.8416922924771674,0.8175919094587261,0.9091051980507361,0.9742877907668909,0.9092929099600547],[0.9810204837621688,0.9717967742185292,0.899431431467721,0.966047330831331,0.8539394752987478,0.9810683280604747,0.9348002287988295,1.0,0.9783094919355595,0.9659329474936451,0.9610165888032454,0.9648431660691108,0.8117862860725794,0.9237589933643693,0.9613103055868358,0.9828701547426546,0.9783116592051633,0.9998960345065145,0.9371896747193172,0.9277311955214542,0.5544018716344176,0.9524793486188049,0.9217651103029999,0.14351674772494344,-0.24164315028200375,0.918697852904286,0.7985263080130839,0.9072976833594212,0.9682914248259188,0.9546906367786959,0.9700023185873324,0.9598250696568231,0.9225610776129336,0.9695265250548776,0.9594390537931646,0.9732211166362978],[0.9806696598695869,0.9768766770207181,0.9538056628834012,0.976522913510302,0.9211300044733124,0.9850500655408189,0.981030924009265,0.9783094919355595,1.0,0.9760674093021205,0.9722805418706597,0.974960109892985,0.8568095543294588,0.9571439371810043,0.9721278293087964,0.9843546729927347,0.979767349510423,0.9786543921481048,0.9063274519866246,0.848008391499839,0.44528538779632637,0.9706678680780453,0.9350462565603854,0.0058673960763169315,-0.14665909407875605,0.9164238305912648,0.8649084122702818,0.9574167485356057,0.9042954448625821,0.8886376686039588,0.9690511385856879,0.8975613414494997,0.8601012553444581,0.948810945702034,0.9801450610551947,0.9365881935926034],[0.9965612522517295,0.9950552999293337,0.9701120833533626,0.9999817041631888,0.9449887227909138,0.9799502378580298,0.9666842431130599,0.9659329474936451,0.9760674093021205,1.0,0.999994693203056,0.9999852636790442,0.8841410866980672,0.9883401505009435,0.9999696441346171,0.9784796696677492,0.9959794526620062,0.9654711126658934,0.8761699444721734,0.8586747365045847,0.5321763641978926,0.9956324485067557,0.9447319271775618,0.2342905231918824,-0.17710941902990388,0.9123749083697871,0.9141422742475861,0.9528319110504908,0.9105446483635914,0.918054264162283,0.9816380552881996,0.9111769214045119,0.86179452505896,0.9580612667484277,0.981492388455646,0.9450664806982557],[0.9965455710626102,0.9965793428571575,0.9775030550067478,0.9999950441939215,0.9569670902075301,0.9750843642064431,0.9754905372368974,0.9610165888032454,0.9722805418706597,0.999994693203056,1.0,0.9999797443578754,0.8842294464394399,0.9882204764285799,0.9999715894816321,0.9747227222359653,0.9958809418174334,0.9617809791268445,0.8923705901571718,0.8879314611182024,0.36225027056628345,0.9977722021492014,0.9355790462117478,-0.2249190924455753,0.6288494409550571,0.9067200438899657,0.9070710881332718,0.9529176488806937,0.8888411908231111,0.8944916864962524,0.9764921449928573,0.8814879106306017,0.8149896764582916,0.9460153792212465,0.9864583164187927,0.9424511381485184],[0.9967411252888787,0.996170474040293,0.9740628906575156,0.9999745981741001,0.9517369248229928,0.978062561671226,0.9720569273677826,0.9648431660691108,0.974960109892985,0.9999852636790442,0.9999797443578754,1.0,0.8852240711638371,0.9882820721348027,0.9999775337827108,0.9778011207878274,0.995908578416931,0.9651467551838138,0.8841051708943257,0.8754062958486678,0.4440895911697969,0.9971272976208692,0.9435661527833631,-0.03228655720225699,0.029383751113899195,0.9188302369487173,0.9097883722412996,0.9492673787153397,0.8976051335209959,0.9032672324837293,0.9790030634891977,0.8960640545783684,0.8438880978254545,0.9529756924296608,0.9819032722880524,0.9451847373293968],[0.8719057589642006,0.8803563672780452,0.9031242167300054,0.8824902585170058,0.8968901682712139,0.8508805060134669,0.8888525858054568,0.8117862860725794,0.8568095543294588,0.8841410866980672,0.8842294464394399,0.8852240711638371,1.0,0.9998763124744834,0.8838708465188445,0.8523714458942994,0.8742633275948186,0.8152525276089498,0.7454567643083573,0.698177207164905,0.18115517656402896,0.8816709467210827,0.8172303803154951,-0.4786017099204225,0.6526729705499906,0.7890818258555965,0.8747473120307947,0.8822938848855767,0.7004009051886433,0.7024398623086011,0.8466971864874239,0.6902313067229685,0.6069369221167068,0.804425518154788,0.8685914675728271,0.8071378125152963],[0.9820535311811549,0.9853084354771139,0.9974880042164241,0.988221013292329,0.9863813904981358,0.9527793544489087,0.9843240053957011,0.9237589933643693,0.9571439371810043,0.9883401505009435,0.9882204764285799,0.9882820721348027,0.9998763124744834,1.0,0.9881877879244807,0.9516651320555736,0.9805485100495758,0.92566734001186,0.8455224762694694,0.8480001697795858,0.08469784138449292,0.9807698492347483,0.8952567919681961,-0.6595452525931355,0.6947691360227496,0.8734287409793552,0.9544585084211586,0.9640453844734426,0.7968357372269392,0.8130699173496975,0.942752347109571,0.8058811413744259,0.6842350764882331,0.890799640262314,0.9664593476239225,0.9126682599802233],[0.9966433971563162,0.9966543522563126,0.9773941017562681,0.9999683732350688,0.9566828776633574,0.9751331033227417,0.9751672788539996,0.9613103055868358,0.9721278293087964,0.9999696441346171,0.9999715894816321,0.9999775337827108,0.8838708465188445,0.9881877879244807,1.0,0.9748670930209676,0.9959852325880688,0.9622553797511998,0.893536611186566,0.888823872217691,0.36367952013991117,0.9976463911345913,0.9356347537755452,-0.22252520490140112,0.6285710398291152,0.9069608769216291,0.9062810482768914,0.9525817389240706,0.8896445181798104,0.8952527094694033,0.9765281704759498,0.8824024775427479,0.8161239411115995,0.9462550759020518,0.9865144149147452,0.9430204379339472],[0.9893232180242791,0.9850562867474534,0.9402176671203198,0.9787456338580252,0.9015700871077856,0.9999273900201444,0.9764293267320668,0.9828701547426546,0.9843546729927347,0.9784796696677492,0.9747227222359653,0.9778011207878274,0.8523714458942994,0.9516651320555736,0.9748670930209676,1.0,0.990013056761088,0.9824199683515733,0.9090570226077802,0.8836846402232231,0.5315069231425937,0.9707053661832107,0.925502511725542,0.013282935498364403,-0.06671559310070335,0.9455448190232216,0.8556178312070183,0.9367789119579959,0.932755695683026,0.9177829814618222,0.9677986580131999,0.9319154939238721,0.9058372329043726,0.9628974326612406,0.9841619196532434,0.9669234221815821],[0.9997832634639129,0.9979841534438729,0.9627920418586676,0.9960890522962181,0.9336766087465213,0.9900679132787874,0.9772164654544473,0.9783116592051633,0.979767349510423,0.9959794526620062,0.9958809418174334,0.995908578416931,0.8742633275948186,0.9805485100495758,0.9959852325880688,0.990013056761088,1.0,0.9789726814383212,0.9179928552923093,0.910093451154769,0.4335824609326871,0.9906742851443453,0.9356458753954316,-0.17174852514848338,0.6273778372694577,0.9288687349872939,0.882161154349676,0.947494781235321,0.9211001271095418,0.9169557152512418,0.9787601267919558,0.9135688078831525,0.862034922353225,0.9623547296522171,0.9915910342856383,0.9644878987245381],[0.9808310894920631,0.9736173369659941,0.9004634638728717,0.9656340116483965,0.855044689084497,0.9819461885712952,0.9377138518307021,0.9998960345065145,0.9786543921481048,0.9654711126658934,0.9617809791268445,0.9651467551838138,0.8152525276089498,0.92566734001186,0.9622553797511998,0.9824199683515733,0.9789726814383212,1.0,0.9401763794930724,0.9330682908318406,0.5473690284652165,0.9514442537687343,0.9251053202339554,0.10419463318886756,-0.1730830632906911,0.9230655335223727,0.7964755107415372,0.9077438810988785,0.9675297794811288,0.9531340930513997,0.9688634896901801,0.9575784743730859,0.920229516178201,0.9687944254386438,0.9583700526764619,0.9737456754678121],[0.898017700746827,0.909244552377691,0.8111267212772334,0.8746757954360845,0.7607397771410477,0.9057463417830911,0.8531366555217484,0.9371896747193172,0.9063274519866246,0.8761699444721734,0.8923705901571718,0.8841051708943257,0.7454567643083573,0.8455224762694694,0.893536611186566,0.9090570226077802,0.9179928552923093,0.9401763794930724,1.0,0.8448774341459054,0.6336712671337046,0.8493894174192088,0.8359122328943148,0.19209700887746342,-0.07644734867417464,0.8753636766831889,0.6959628259674213,0.8337738390674434,0.8980789539871061,0.871331960904599,0.8687201166664028,0.8810278236047698,0.8592862703371538,0.8758524907756936,0.8789576539972048,0.9067575110416628],[0.8884714290303845,0.8751235869229401,0.730120529614208,0.8584846532945355,0.674769331994079,0.8601535608609924,0.7577212092032151,0.9277311955214542,0.848008391499839,0.8586747365045847,0.8879314611182024,0.8754062958486678,0.698177207164905,0.8480001697795858,0.888823872217691,0.8836846402232231,0.910093451154769,0.9330682908318406,0.8448774341459054,1.0,0.8051650212473592,0.8103087281311105,0.8662785064667052,0.589272366682025,-0.4736782814613373,0.7204565754067613,0.6678335854704328,0.7451328913751158,0.9631068494149548,0.9427591751544286,0.8790688164886586,0.9518636978674613,0.9088691314895115,0.9019641002672762,0.8296412049213251,0.8844933256592354],[0.5915201911323366,0.6144529100747641,0.3980972955179241,0.5413189421596474,0.33541099410588543,0.5628723708919714,0.4221439955478638,0.5544018716344176,0.44528538779632637,0.5321763641978926,0.36225027056628345,0.4440895911697969,0.18115517656402896,0.08469784138449292,0.36367952013991117,0.5315069231425937,0.4335824609326871,0.5473690284652165,0.6336712671337046,0.8051650212473592,1.0,0.4877165967978621,0.634057242623563,0.7211293855044939,-0.11542717636404298,0.47711303002332156,0.3790665701417548,0.4722744781989919,0.7502734003071366,0.6723892857438051,0.5447298929168548,0.7071653863635955,0.7394384554592166,0.6157432192790928,0.54666857470133,0.6197690623301744],[0.9861498933582965,0.977379897844853,0.9762912293097231,0.9954242637338488,0.9558313902714666,0.9725009852113514,0.9690806675666449,0.9524793486188049,0.9706678680780453,0.9956324485067557,0.9977722021492014,0.9971272976208692,0.8816709467210827,0.9807698492347483,0.9976463911345913,0.9707053661832107,0.9906742851443453,0.9514442537687343,0.8493894174192088,0.8103087281311105,0.4877165967978621,1.0,0.9225654132566388,0.16903332148247438,-0.16624583295988,0.8952506104197712,0.9250119537368248,0.951041295577426,0.8774984334507248,0.8978048683378824,0.9745808236611311,0.886662061346304,0.8343878162952164,0.9454124573774569,0.970922337877519,0.928303558429935],[0.9462688175305226,0.9293931372940463,0.8939643771790735,0.9441194507651226,0.8615774313718352,0.9282479393382931,0.9120700252306924,0.9217651103029999,0.9350462565603854,0.9447319271775618,0.9355790462117478,0.9435661527833631,0.8172303803154951,0.8952567919681961,0.9356347537755452,0.925502511725542,0.9356458753954316,0.9251053202339554,0.8359122328943148,0.8662785064667052,0.634057242623563,0.9225654132566388,1.0,0.2333996176593449,-0.12733995166171927,0.7760188167145332,0.8267163231433385,0.8810851652355973,0.8982875700111775,0.8725411678080747,0.9494466981490058,0.8791278725160132,0.8395248349622821,0.9434544664257593,0.9086886455070664,0.8891471005545217],[0.2717178862658347,0.2647061474849488,0.09403796189836665,0.23189937542887465,0.05891316758477831,0.16689971368184411,0.03573714881110648,0.14351674772494344,0.0058673960763169315,0.2342905231918824,-0.2249190924455753,-0.03228655720225699,-0.4786017099204225,-0.6595452525931355,-0.22252520490140112,0.013282935498364403,-0.17174852514848338,0.10419463318886756,0.19209700887746342,0.589272366682025,0.7211293855044939,0.16903332148247438,0.2333996176593449,1.0,-0.38163556326356096,0.19611135969289867,0.09762727419535945,0.09639207534114062,0.4204562476903141,0.40566458285569396,0.22397155336993382,0.43103117064223445,0.3735649624729521,0.2732727543335865,0.17568875248209373,0.3000655029919589],[-0.20113883626656096,-0.13918970267823746,-0.08718840772213064,-0.18054891934251985,-0.0633938193754807,-0.14633138094527076,-0.06960896013212992,-0.24164315028200375,-0.14665909407875605,-0.17710941902990388,0.6288494409550571,0.029383751113899195,0.6526729705499906,0.6947691360227496,0.6285710398291152,-0.06671559310070335,0.6273778372694577,-0.1730830632906911,-0.07644734867417464,-0.4736782814613373,-0.11542717636404298,-0.16624583295988,-0.12733995166171927,-0.38163556326356096,1.0,-0.08353028006183394,-0.07562529771893343,-0.06840845646106737,-0.34482589805761377,-0.3283969067473482,-0.222663200856344,-0.30285828809960363,-0.1864665257502477,-0.2759819924772206,-0.10383515488915783,-0.24355575498894144],[0.9188925205417423,0.905327541589904,0.8893657827617044,0.9115369719391879,0.8509088667464089,0.9408242331720494,0.9133226937454507,0.918697852904286,0.9164238305912648,0.9123749083697871,0.9067200438899657,0.9188302369487173,0.7890818258555965,0.8734287409793552,0.9069608769216291,0.9455448190232216,0.9288687349872939,0.9230655335223727,0.8753636766831889,0.7204565754067613,0.47711303002332156,0.8952506104197712,0.7760188167145332,0.19611135969289867,-0.08353028006183394,1.0,0.8041428884342537,0.9149796535580051,0.8098179914255363,0.8520489693855546,0.866064951526806,0.8542867013523883,0.8321392423952183,0.8730517471428257,0.900014956847716,0.9056473591941003],[0.8892356461018028,0.8936230761681531,0.9688234643420834,0.9148303735000728,0.9801819829066514,0.8644881834552414,0.9238821170130086,0.7985263080130839,0.8649084122702818,0.9141422742475861,0.9070710881332718,0.9097883722412996,0.8747473120307947,0.9544585084211586,0.9062810482768914,0.8556178312070183,0.882161154349676,0.7964755107415372,0.6959628259674213,0.6678335854704328,0.3790665701417548,0.9250119537368248,0.8267163231433385,0.09762727419535945,-0.07562529771893343,0.8041428884342537,1.0,0.9128911225146262,0.7102101349712582,0.7246719796868362,0.8642830608035057,0.7102541579671849,0.6554820053554595,0.8004732365715108,0.8831136617185349,0.8005598263148931],[0.9452866973402366,0.948851572823798,0.9684652862160599,0.9538222675215954,0.9513187975883937,0.9418289072885974,0.9654307982086955,0.9072976833594212,0.9574167485356057,0.9528319110504908,0.9529176488806937,0.9492673787153397,0.8822938848855767,0.9640453844734426,0.9525817389240706,0.9367789119579959,0.947494781235321,0.9077438810988785,0.8337738390674434,0.7451328913751158,0.4722744781989919,0.951041295577426,0.8810851652355973,0.09639207534114062,-0.06840845646106737,0.9149796535580051,0.9128911225146262,1.0,0.8206840904340272,0.8204974881709797,0.9225017682934288,0.8130369845983434,0.7827168405999807,0.8964641371821425,0.95570909208573,0.8702826081380349],[0.939060328494805,0.9196926178737146,0.7981014082759599,0.912696709173521,0.7388516746845138,0.931771276742576,0.8396870281495945,0.9682914248259188,0.9042954448625821,0.9105446483635914,0.8888411908231111,0.8976051335209959,0.7004009051886433,0.7968357372269392,0.8896445181798104,0.932755695683026,0.9211001271095418,0.9675297794811288,0.8980789539871061,0.9631068494149548,0.7502734003071366,0.8774984334507248,0.8982875700111775,0.4204562476903141,-0.34482589805761377,0.8098179914255363,0.7102101349712582,0.8206840904340272,1.0,0.9871705275903543,0.935304153299937,0.9914420642949481,0.9568740339961023,0.9566437854680788,0.8871887679789989,0.9570587380684298],[0.9397742474170407,0.9253527997660613,0.8100122444488899,0.920567161438132,0.7576769478561699,0.9216135958209788,0.8319034107182303,0.9546906367786959,0.8886376686039588,0.918054264162283,0.8944916864962524,0.9032672324837293,0.7024398623086011,0.8130699173496975,0.8952527094694033,0.9177829814618222,0.9169557152512418,0.9531340930513997,0.871331960904599,0.9427591751544286,0.6723892857438051,0.8978048683378824,0.8725411678080747,0.40566458285569396,-0.3283969067473482,0.8520489693855546,0.7246719796868362,0.8204974881709797,0.9871705275903543,1.0,0.9368815624317626,0.9861206756753261,0.9568924361569572,0.9451657513095526,0.9056443722704242,0.9599956718964633],[0.9837395602262291,0.9767331980822528,0.9343008170263837,0.982295770139055,0.9019970793272912,0.9697580243996148,0.9445413357183549,0.9700023185873324,0.9690511385856879,0.9816380552881996,0.9764921449928573,0.9790030634891977,0.8466971864874239,0.942752347109571,0.9765281704759498,0.9677986580131999,0.9787601267919558,0.9688634896901801,0.8687201166664028,0.8790688164886586,0.5447298929168548,0.9745808236611311,0.9494466981490058,0.22397155336993382,-0.222663200856344,0.866064951526806,0.8642830608035057,0.9225017682934288,0.935304153299937,0.9368815624317626,1.0,0.9318494954825413,0.8817490590538682,0.9748186517895876,0.973013895462183,0.9553192830168141],[0.9388318929625761,0.9216461445754109,0.8021993832864512,0.9134172482298214,0.7446372942076286,0.9324581482748969,0.8416922924771674,0.9598250696568231,0.8975613414494997,0.9111769214045119,0.8814879106306017,0.8960640545783684,0.6902313067229685,0.8058811413744259,0.8824024775427479,0.9319154939238721,0.9135688078831525,0.9575784743730859,0.8810278236047698,0.9518636978674613,0.7071653863635955,0.886662061346304,0.8791278725160132,0.43103117064223445,-0.30285828809960363,0.8542867013523883,0.7102541579671849,0.8130369845983434,0.9914420642949481,0.9861206756753261,0.9318494954825413,1.0,0.9744057381534231,0.9478881818753776,0.9095068732944902,0.9567735208203861],[0.8951736745381148,0.8909584530565078,0.7518784465019868,0.8650546689426974,0.6875165487919837,0.9115714432436515,0.8175919094587261,0.9225610776129336,0.8601012553444581,0.86179452505896,0.8149896764582916,0.8438880978254545,0.6069369221167068,0.6842350764882331,0.8161239411115995,0.9058372329043726,0.862034922353225,0.920229516178201,0.8592862703371538,0.9088691314895115,0.7394384554592166,0.8343878162952164,0.8395248349622821,0.3735649624729521,-0.1864665257502477,0.8321392423952183,0.6554820053554595,0.7827168405999807,0.9568740339961023,0.9568924361569572,0.8817490590538682,0.9744057381534231,1.0,0.9034191657013997,0.8819363501072818,0.9349581473816947],[0.9718655962939501,0.9618791199555485,0.8852902191602611,0.9595203658240786,0.8398270477584143,0.960770941551224,0.9091051980507361,0.9695265250548776,0.948810945702034,0.9580612667484277,0.9460153792212465,0.9529756924296608,0.804425518154788,0.890799640262314,0.9462550759020518,0.9628974326612406,0.9623547296522171,0.9687944254386438,0.8758524907756936,0.9019641002672762,0.6157432192790928,0.9454124573774569,0.9434544664257593,0.2732727543335865,-0.2759819924772206,0.8730517471428257,0.8004732365715108,0.8964641371821425,0.9566437854680788,0.9451657513095526,0.9748186517895876,0.9478881818753776,0.9034191657013997,1.0,0.9538130313821921,0.9538540750145696],[0.9832207477298646,0.9777367796362549,0.9540535486789515,0.9818362035586466,0.9222564470568915,0.9848952041486995,0.9742877907668909,0.9594390537931646,0.9801450610551947,0.981492388455646,0.9864583164187927,0.9819032722880524,0.8685914675728271,0.9664593476239225,0.9865144149147452,0.9841619196532434,0.9915910342856383,0.9583700526764619,0.8789576539972048,0.8296412049213251,0.54666857470133,0.970922337877519,0.9086886455070664,0.17568875248209373,-0.10383515488915783,0.900014956847716,0.8831136617185349,0.95570909208573,0.8871887679789989,0.9056443722704242,0.973013895462183,0.9095068732944902,0.8819363501072818,0.9538130313821921,1.0,0.9364790031545952],[0.9606092265450538,0.9544118470418211,0.8785734644222932,0.9463121273053574,0.8325724118560182,0.9643284872848096,0.9092929099600547,0.9732211166362978,0.9365881935926034,0.9450664806982557,0.9424511381485184,0.9451847373293968,0.8071378125152963,0.9126682599802233,0.9430204379339472,0.9669234221815821,0.9644878987245381,0.9737456754678121,0.9067575110416628,0.8844933256592354,0.6197690623301744,0.928303558429935,0.8891471005545217,0.3000655029919589,-0.24355575498894144,0.9056473591941003,0.8005598263148931,0.8702826081380349,0.9570587380684298,0.9599956718964633,0.9553192830168141,0.9567735208203861,0.9349581473816947,0.9538540750145696,0.9364790031545952,1.0]],"x":["^TAIEX       \u81fa\u7063\u52a0\u6b0a\u5831\u916c\u6307\u6578","^TWII        \u81fa\u7063\u52a0\u6b0a\u6307\u6578","^TAIEXx2     \u81fa\u7063\u52a0\u6b0a\u5831\u916c\u6307\u6578_\u65e5\u6b632","^TAI50I      \u81fa\u706350\u5831\u916c\u6307\u6578","^TAI50Ix2    \u81fa\u706350\u5831\u916c\u6307\u6578_\u65e5\u6b632","^TAI100I     \u81fa\u7063\u4e2d\u578b100\u5831\u916c\u6307\u6578","^TAI100Ix2   \u81fa\u7063\u4e2d\u578b100\u5831\u916c\u6307\u6578_\u65e5\u6b632","^TAIDIVIDI   \u81fa\u7063\u9ad8\u80a1\u606f\u5831\u916c\u6307\u6578","^TAIDIVIDIx2 \u81fa\u7063\u9ad8\u80a1\u606f\u5831\u916c\u6307\u6578_\u65e5\u6b632","0050Fund     \u5143\u5927\u53f0\u7063\u5353\u8d8a50\u57fa\u91d1","006208Fund   \u5bcc\u90a6\u53f0\u7063\u91c6\u540950\u57fa\u91d1","0050         \u5143\u5927\u81fa\u706350","00631L       \u5143\u5927\u53f0\u706350\u6b632","00675L       \u5bcc\u90a6\u81fa\u7063\u52a0\u6b0a\u6b632","006208       \u5bcc\u90a6\u53f050","0051         \u5143\u5927\u4e2d\u578b100","006204       \u6c38\u8c50\u81fa\u7063\u52a0\u6b0a","0056         \u5143\u5927\u9ad8\u80a1\u606f","0056         \u5143\u5927\u9ad8\u80a1\u606f_\u80a1\u606f\u4e0d\u6295\u5165","2412         \u4e2d\u83ef\u96fb\u4fe1","2002         \u4e2d\u92fc","2330         \u53f0\u7a4d\u96fb","2317         \u9d3b\u6d77","6505         \u53f0\u5851\u77f3\u5316","3481         \u7fa4\u5275","2303         \u806f\u96fb","2308         \u53f0\u9054\u96fb","2454         \u806f\u767c\u79d1","2886         \u5146\u8c50\u91d1","2884         \u7389\u5c71\u91d1","2891         \u4e2d\u4fe1\u91d1","2892         \u7b2c\u4e00\u91d1","5880         \u5408\u5eab\u91d1","2881         \u5bcc\u90a6\u91d1","2885         \u5143\u5927\u91d1","2887         \u53f0\u65b0\u91d1"],"y":["^TAIEX       \u81fa\u7063\u52a0\u6b0a\u5831\u916c\u6307\u6578","^TWII        \u81fa\u7063\u52a0\u6b0a\u6307\u6578","^TAIEXx2     \u81fa\u7063\u52a0\u6b0a\u5831\u916c\u6307\u6578_\u65e5\u6b632","^TAI50I      \u81fa\u706350\u5831\u916c\u6307\u6578","^TAI50Ix2    \u81fa\u706350\u5831\u916c\u6307\u6578_\u65e5\u6b632","^TAI100I     \u81fa\u7063\u4e2d\u578b100\u5831\u916c\u6307\u6578","^TAI100Ix2   \u81fa\u7063\u4e2d\u578b100\u5831\u916c\u6307\u6578_\u65e5\u6b632","^TAIDIVIDI   \u81fa\u7063\u9ad8\u80a1\u606f\u5831\u916c\u6307\u6578","^TAIDIVIDIx2 \u81fa\u7063\u9ad8\u80a1\u606f\u5831\u916c\u6307\u6578_\u65e5\u6b632","0050Fund     \u5143\u5927\u53f0\u7063\u5353\u8d8a50\u57fa\u91d1","006208Fund   \u5bcc\u90a6\u53f0\u7063\u91c6\u540950\u57fa\u91d1","0050         \u5143\u5927\u81fa\u706350","00631L       \u5143\u5927\u53f0\u706350\u6b632","00675L       \u5bcc\u90a6\u81fa\u7063\u52a0\u6b0a\u6b632","006208       \u5bcc\u90a6\u53f050","0051         \u5143\u5927\u4e2d\u578b100","006204       \u6c38\u8c50\u81fa\u7063\u52a0\u6b0a","0056         \u5143\u5927\u9ad8\u80a1\u606f","0056         \u5143\u5927\u9ad8\u80a1\u606f_\u80a1\u606f\u4e0d\u6295\u5165","2412         \u4e2d\u83ef\u96fb\u4fe1","2002         \u4e2d\u92fc","2330         \u53f0\u7a4d\u96fb","2317         \u9d3b\u6d77","6505         \u53f0\u5851\u77f3\u5316","3481         \u7fa4\u5275","2303         \u806f\u96fb","2308         \u53f0\u9054\u96fb","2454         \u806f\u767c\u79d1","2886         \u5146\u8c50\u91d1","2884         \u7389\u5c71\u91d1","2891         \u4e2d\u4fe1\u91d1","2892         \u7b2c\u4e00\u91d1","5880         \u5408\u5eab\u91d1","2881         \u5bcc\u90a6\u91d1","2885         \u5143\u5927\u91d1","2887         \u53f0\u65b0\u91d1"],"zmin":-1,"zmax":1,"colorbar":{"x":-0.2}}],"layout":{"autotypenumbers":"strict","colorway":["#636efa","#EF553B","#00cc96","#ab63fa","#FFA15A","#19d3f3","#FF6692","#B6E880","#FF97FF","#FECB52"],"font":{"color":"#f2f5fa","family":"Courier New"},"hovermode":"closest","hoverlabel":{"align":"left"},"paper_bgcolor":"rgb(17,17,17)","plot_bgcolor":"rgb(17,17,17)","polar":{"bgcolor":"rgb(17,17,17)","angularaxis":{"gridcolor":"#506784","linecolor":"#506784","ticks":""},"radialaxis":{"gridcolor":"#506784","linecolor":"#506784","ticks":""}},"ternary":{"bgcolor":"rgb(17,17,17)","aaxis":{"gridcolor":"#506784","linecolor":"#506784","ticks":""},"baxis":{"gridcolor":"#506784","linecolor":"#506784","ticks":""},"caxis":{"gridcolor":"#506784","linecolor":"#506784","ticks":""}},"coloraxis":{"colorbar":{"outlinewidth":0,"ticks":""}},"colorscale":{"sequential":[[0.0,"#0d0887"],[0.1111111111111111,"#46039f"],[0.2222222222222222,"#7201a8"],[0.3333333333333333,"#9c179e"],[0.4444444444444444,"#bd3786"],[0.5555555555555556,"#d8576b"],[0.6666666666666666,"#ed7953"],[0.7777777777777778,"#fb9f3a"],[0.8888888888888888,"#fdca26"],[1.0,"#f0f921"]],"sequentialminus":[[0.0,"#0d0887"],[0.1111111111111111,"#46039f"],[0.2222222222222222,"#7201a8"],[0.3333333333333333,"#9c179e"],[0.4444444444444444,"#bd3786"],[0.5555555555555556,"#d8576b"],[0.6666666666666666,"#ed7953"],[0.7777777777777778,"#fb9f3a"],[0.8888888888888888,"#fdca26"],[1.0,"#f0f921"]],"diverging":[[0,"#8e0152"],[0.1,"#c51b7d"],[0.2,"#de77ae"],[0.3,"#f1b6da"],[0.4,"#fde0ef"],[0.5,"#f7f7f7"],[0.6,"#e6f5d0"],[0.7,"#b8e186"],[0.8,"#7fbc41"],[0.9,"#4d9221"],[1,"#276419"]]},"xaxis":{"gridcolor":"rgba(0, 0, 0, 0)","linecolor":"#506784","ticks":"","title":{"standoff":15},"zerolinecolor":"#283442","automargin":true,"zerolinewidth":2,"tickfont":{"family":"Courier New","size":14},"side":"top","tickangle":-90},"yaxis":{"gridcolor":"rgba(0, 0, 0, 0)","linecolor":"#506784","ticks":"","title":{"standoff":15},"zerolinecolor":"#283442","automargin":true,"zerolinewidth":2,"tickfont":{"family":"Courier New"},"side":"right"},"scene":{"xaxis":{"backgroundcolor":"rgb(17,17,17)","gridcolor":"#506784","linecolor":"#506784","showbackground":true,"ticks":"","zerolinecolor":"#C8D4E3","gridwidth":2},"yaxis":{"backgroundcolor":"rgb(17,17,17)","gridcolor":"#506784","linecolor":"#506784","showbackground":true,"ticks":"","zerolinecolor":"#C8D4E3","gridwidth":2},"zaxis":{"backgroundcolor":"rgb(17,17,17)","gridcolor":"#506784","linecolor":"#506784","showbackground":true,"ticks":"","zerolinecolor":"#C8D4E3","gridwidth":2}},"shapedefaults":{"line":{"color":"#f2f5fa"}},"annotationdefaults":{"arrowcolor":"#f2f5fa","arrowhead":0,"arrowwidth":1},"geo":{"bgcolor":"rgb(17,17,17)","landcolor":"rgb(17,17,17)","subunitcolor":"#506784","showland":true,"showlakes":true,"lakecolor":"rgb(17,17,17)"},"title":{"x":0.05,"font":{"family":"Times New Roman"},"y":0.05,"text":"<b>Correlation of Adj Close<b><br><i>2016-09-23 ~ 2026-06-12<i>"},"updatemenudefaults":{"bgcolor":"#506784","borderwidth":0},"sliderdefaults":{"bgcolor":"#C8D4E3","borderwidth":1,"bordercolor":"rgb(17,17,17)","tickwidth":0},"mapbox":{"style":"dark"},"annotations":[{"text":"<b>@zwindr<b>","textangle":0,"opacity":0.5,"font":{"color":"white","size":12},"xref":"paper","yref":"paper","xanchor":"left","yanchor":"bottom","x":1.0,"y":1.0,"showarrow":false}]},"config":{"responsive":true,"toImageButtonOptions":{"filename":"Correlation of Adj Close_2016-09-23~2026-06-12","scale":5}}};Plotly.newPlot("correlationAdjClose",correlationAdjClose.data,correlationAdjClose.layout||{},correlationAdjClose.config);}else{console.log("style display is none => correlationAdjClose");}