var config = { responsive: true }

var correlationAdjClose = {"data": [{"type": "heatmap", "z": [[1.0, 0.9937992872168675, 0.9763569954457801, 0.9977517757748195, 0.9648087859078549, 0.980927861287548, -0.9409929163209649, 0.9897196305583037, 0.9689117866385923, 0.9978244012258788, 0.9929654082494739, 0.9937537289785014, 0.9972800098476258, 0.9836328827838291, 0.9996541495176888, 0.9897847345118924, 0.9190384745889845, 0.7502588933460971, 0.9855227367526517, 0.9182728510702226, 0.4640944281573931, -0.30241997185071395, 0.9003531914791978, 0.9741051913423344, 0.9531101310754031], [0.9937992872168675, 1.0, 0.9717572092799569, 0.9913115514383585, 0.9605176554144449, 0.9761604168652842, -0.9362114804292023, 0.9802346223819198, 0.9618039485479085, 0.9933552131979299, 0.9920208173966243, 0.9912243716068013, 0.9952758298013943, 0.9772823850966113, 0.9965514776629422, 0.9831095801494791, 0.9077877392710944, 0.7590147194286664, 0.9667448376095111, 0.8973703544164015, 0.4617842406294261, -0.22516000608977568, 0.8734203165729749, 0.9615679660112031, 0.9530419772207872], [0.9763569954457801, 0.9717572092799569, 1.0, 0.9822560363898205, 0.9962445405096411, 0.9790506943726756, -0.9753439305613879, 0.9697029304525285, 0.9835164651952251, 0.9843542865066927, 0.9972077759621146, 0.9970704923903166, 0.9885972730123868, 0.9778781006858368, 0.9874466002637602, 0.969662350619492, 0.8244933315634974, 0.6411010466646873, 0.9897492023775974, 0.9086096181760533, 0.29896588445843203, -0.22411184541701504, 0.9078154304391469, 0.9411960505567758, 0.9784780584334225], [0.9977517757748195, 0.9913115514383585, 0.9822560363898205, 1.0, 0.9759680777750456, 0.9732520040587538, -0.9357000549681224, 0.9842552425241192, 0.9663010624655392, 0.9999549224345426, 0.9915459309334377, 0.989795963860793, 0.9999443190341274, 0.9733933519933943, 0.9961134630597196, 0.9841904021364195, 0.9056029784169498, 0.7217601664381613, 0.9931867585889782, 0.9197196461972054, 0.4421512504618082, -0.29410511565458997, 0.8994195020139252, 0.9681616422430649, 0.9591622915365061], [0.9648087859078549, 0.9605176554144449, 0.9962445405096411, 0.9759680777750456, 1.0, 0.9592881611284182, -0.9572105583907232, 0.9553689705729269, 0.9716583383731979, 0.9801539868416304, 0.9874776813913149, 0.9838748103177728, 0.9850345430820152, 0.9572090585612535, 0.9761130201260751, 0.9553007601293128, 0.8048864849727211, 0.6078818143758277, 0.9890961018010967, 0.9052599342241089, 0.277420136708224, -0.2175339908676488, 0.8909885557638162, 0.9264238040896585, 0.9763977417400902], [0.980927861287548, 0.9761604168652842, 0.9790506943726756, 0.9732520040587538, 0.9592881611284182, 1.0, -0.9801732904907857, 0.9799232189336887, 0.9792972544039737, 0.9719852731908661, 0.9766531644177249, 0.9746158311917479, 0.968715991596934, 0.9999101803359588, 0.985846956715233, 0.9810539455463624, 0.8583358905055717, 0.7161730677465334, 0.9672250145320113, 0.8881635197361631, 0.32708142641528465, -0.21245421594145053, 0.9363423704988062, 0.9566124204786708, 0.9588749236342164], [-0.9409929163209649, -0.9362114804292023, -0.9753439305613879, -0.9357000549681224, -0.9572105583907232, -0.9801732904907857, 1.0, -0.9501310193665531, -0.9828839116686356, -0.9408694304859241, -0.9734672421946073, -0.9753657606566806, -0.9477027132791669, -0.9834871406401076, -0.963417114136614, -0.9532621487956303, -0.7688483732222913, -0.6136203617117679, -0.9415287324025501, -0.8779885494277512, -0.1831207645272303, 0.14576032608245593, -0.9041690618364324, -0.9117189785338198, -0.9561717730031363], [0.9897196305583037, 0.9802346223819198, 0.9697029304525285, 0.9842552425241192, 0.9553689705729269, 0.9799232189336887, -0.9501310193665531, 1.0, 0.9819010159121808, 0.9835666860826072, 0.9751127577429832, 0.9740035294276304, 0.9797331275662989, 0.981934104139126, 0.9872317771308096, 0.999868775275154, 0.9212983952835536, 0.6866039761860289, 0.97400065722022, 0.8915579002676624, 0.3264220892578305, -0.3103738711713326, 0.9047510815877142, 0.9554814862320914, 0.9358551401044725], [0.9689117866385923, 0.9618039485479085, 0.9835164651952251, 0.9663010624655392, 0.9716583383731979, 0.9792972544039737, -0.9828839116686356, 0.9819010159121808, 1.0, 0.964990864035585, 0.97194323213097, 0.9689139077030293, 0.9622286793181574, 0.9784547690031489, 0.9689803457884599, 0.9812284791393089, 0.8459427112565063, 0.6118106358724931, 0.966642551319515, 0.9025561495962279, 0.18264471469499283, -0.22788926895483996, 0.8862937613192384, 0.9309256310669439, 0.9585917199837904], [0.9978244012258788, 0.9933552131979299, 0.9843542865066927, 0.9999549224345426, 0.9801539868416304, 0.9719852731908661, -0.9408694304859241, 0.9835666860826072, 0.964990864035585, 1.0, 0.9912752105648572, 0.9894206049712723, 0.9999605579728325, 0.9725203573857677, 0.99585196166036, 0.9840117145232473, 0.9210816520687838, 0.6905369514596572, 0.9953103493490448, 0.9167366864450729, 0.26880300829546033, -0.25745968811449527, 0.9269893624472881, 0.9625849907574239, 0.9539946217784842], [0.9929654082494739, 0.9920208173966243, 0.9972077759621146, 0.9915459309334377, 0.9874776813913149, 0.9766531644177249, -0.9734672421946073, 0.9751127577429832, 0.97194323213097, 0.9912752105648572, 1.0, 0.9996690858290237, 0.9913956516986673, 0.9776246933961901, 0.9933125340969937, 0.9765876775363693, 0.908019154514136, 0.5927714722944974, 0.9865181992202315, 0.8871769126666152, -0.28758588464859863, 0.4767129888224475, 0.9083935139216788, 0.9534579552022182, 0.9768336456748057], [0.9937537289785014, 0.9912243716068013, 0.9970704923903166, 0.989795963860793, 0.9838748103177728, 0.9746158311917479, -0.9753657606566806, 0.9740035294276304, 0.9689139077030293, 0.9894206049712723, 0.9996690858290237, 1.0, 0.989678507388781, 0.9756850215292409, 0.9938971888148834, 0.9757399264727755, 0.9157124030239785, 0.4785346922917302, 0.9814209117434312, 0.8755095460381082, -0.692972744218814, 0.45689538614742864, 0.8817222615616509, 0.9502607283044203, 0.9761488841316268], [0.9972800098476258, 0.9952758298013943, 0.9885972730123868, 0.9999443190341274, 0.9850345430820152, 0.968715991596934, -0.9477027132791669, 0.9797331275662989, 0.9622286793181574, 0.9999605579728325, 0.9913956516986673, 0.989678507388781, 1.0, 0.9694667184738263, 0.9956643291011966, 0.9809005393452513, 0.9284135294195388, 0.6517349407536167, 0.9968102820367734, 0.8950593796587717, 0.006714248413424827, 0.44993697478796457, 0.9186353232391217, 0.951043836471998, 0.964724598936259], [0.9836328827838291, 0.9772823850966113, 0.9778781006858368, 0.9733933519933943, 0.9572090585612535, 0.9999101803359588, -0.9834871406401076, 0.981934104139126, 0.9784547690031489, 0.9725203573857677, 0.9776246933961901, 0.9756850215292409, 0.9694667184738263, 1.0, 0.986402338134322, 0.9812034211215568, 0.8820964553771902, 0.7184685715647768, 0.9660903818125682, 0.8836543662226616, 0.2024106567847416, -0.1900067105053017, 0.9450778388032194, 0.9594344882982744, 0.9557910881746359], [0.9996541495176888, 0.9965514776629422, 0.9874466002637602, 0.9961134630597196, 0.9761130201260751, 0.985846956715233, -0.963417114136614, 0.9872317771308096, 0.9689803457884599, 0.99585196166036, 0.9933125340969937, 0.9938971888148834, 0.9956643291011966, 0.986402338134322, 1.0, 0.9881760903661538, 0.9341609500508156, 0.6905556035630878, 0.9890930347573273, 0.8923803493577954, 0.05482863469959682, 0.46619408591790834, 0.9366611559792581, 0.9610233572898315, 0.9631965633693554], [0.9897847345118924, 0.9831095801494791, 0.969662350619492, 0.9841904021364195, 0.9553007601293128, 0.9810539455463624, -0.9532621487956303, 0.999868775275154, 0.9812284791393089, 0.9840117145232473, 0.9765876775363693, 0.9757399264727755, 0.9809005393452513, 0.9812034211215568, 0.9881760903661538, 1.0, 0.9276708848785155, 0.6852267662141286, 0.9731154935096344, 0.8968689932431905, 0.2934772550376268, -0.290606534593522, 0.9103828281794732, 0.9544963958252186, 0.9360355263279744], [0.9190384745889845, 0.9077877392710944, 0.8244933315634974, 0.9056029784169498, 0.8048864849727211, 0.8583358905055717, -0.7688483732222913, 0.9212983952835536, 0.8459427112565063, 0.9210816520687838, 0.908019154514136, 0.9157124030239785, 0.9284135294195388, 0.8820964553771902, 0.9341609500508156, 0.9276708848785155, 1.0, 0.8456987246360566, 0.8568983499677623, 0.870310870350852, 0.707503986679997, -0.5340956490256289, 0.691489883726833, 0.9169865192136833, 0.796515035843441], [0.7502588933460971, 0.7590147194286664, 0.6411010466646873, 0.7217601664381613, 0.6078818143758277, 0.7161730677465334, -0.6136203617117679, 0.6866039761860289, 0.6118106358724931, 0.6905369514596572, 0.5927714722944974, 0.4785346922917302, 0.6517349407536167, 0.7184685715647768, 0.6905556035630878, 0.6852267662141286, 0.8456987246360566, 1.0, 0.6431447664874776, 0.7538465232727886, 0.7338550802582583, -0.11651200074357351, 0.5385261583357152, 0.7639480843374756, 0.647233506165776], [0.9855227367526517, 0.9667448376095111, 0.9897492023775974, 0.9931867585889782, 0.9890961018010967, 0.9672250145320113, -0.9415287324025501, 0.97400065722022, 0.966642551319515, 0.9953103493490448, 0.9865181992202315, 0.9814209117434312, 0.9968102820367734, 0.9660903818125682, 0.9890930347573273, 0.9731154935096344, 0.8568983499677623, 0.6431447664874776, 1.0, 0.8902714028963092, 0.36903165387032183, -0.288357970601023, 0.8870245585818164, 0.9503727885156733, 0.968614404755567], [0.9182728510702226, 0.8973703544164015, 0.9086096181760533, 0.9197196461972054, 0.9052599342241089, 0.8881635197361631, -0.8779885494277512, 0.8915579002676624, 0.9025561495962279, 0.9167366864450729, 0.8871769126666152, 0.8755095460381082, 0.8950593796587717, 0.8836543662226616, 0.8923803493577954, 0.8968689932431905, 0.870310870350852, 0.7538465232727886, 0.8902714028963092, 1.0, 0.41197682031102645, -0.18460038498222173, 0.6930301402566613, 0.9154705022861751, 0.880157361852539], [0.4640944281573931, 0.4617842406294261, 0.29896588445843203, 0.4421512504618082, 0.277420136708224, 0.32708142641528465, -0.1831207645272303, 0.3264220892578305, 0.18264471469499283, 0.26880300829546033, -0.28758588464859863, -0.692972744218814, 0.006714248413424827, 0.2024106567847416, 0.05482863469959682, 0.2934772550376268, 0.707503986679997, 0.7338550802582583, 0.36903165387032183, 0.41197682031102645, 1.0, -0.4015181566657209, 0.30510070148811685, 0.4492092447787837, 0.24429240241502648], [-0.30241997185071395, -0.22516000608977568, -0.22411184541701504, -0.29410511565458997, -0.2175339908676488, -0.21245421594145053, 0.14576032608245593, -0.3103738711713326, -0.22788926895483996, -0.25745968811449527, 0.4767129888224475, 0.45689538614742864, 0.44993697478796457, -0.1900067105053017, 0.46619408591790834, -0.290606534593522, -0.5340956490256289, -0.11651200074357351, -0.288357970601023, -0.18460038498222173, -0.4015181566657209, 1.0, -0.14428971596053167, -0.33343610131594814, -0.17171417964684774], [0.9003531914791978, 0.8734203165729749, 0.9078154304391469, 0.8994195020139252, 0.8909885557638162, 0.9363423704988062, -0.9041690618364324, 0.9047510815877142, 0.8862937613192384, 0.9269893624472881, 0.9083935139216788, 0.8817222615616509, 0.9186353232391217, 0.9450778388032194, 0.9366611559792581, 0.9103828281794732, 0.691489883726833, 0.5385261583357152, 0.8870245585818164, 0.6930301402566613, 0.30510070148811685, -0.14428971596053167, 1.0, 0.8350902887521239, 0.8857808686318766], [0.9741051913423344, 0.9615679660112031, 0.9411960505567758, 0.9681616422430649, 0.9264238040896585, 0.9566124204786708, -0.9117189785338198, 0.9554814862320914, 0.9309256310669439, 0.9625849907574239, 0.9534579552022182, 0.9502607283044203, 0.951043836471998, 0.9594344882982744, 0.9610233572898315, 0.9544963958252186, 0.9169865192136833, 0.7639480843374756, 0.9503727885156733, 0.9154705022861751, 0.4492092447787837, -0.33343610131594814, 0.8350902887521239, 1.0, 0.9299938504090579], [0.9531101310754031, 0.9530419772207872, 0.9784780584334225, 0.9591622915365061, 0.9763977417400902, 0.9588749236342164, -0.9561717730031363, 0.9358551401044725, 0.9585917199837904, 0.9539946217784842, 0.9768336456748057, 0.9761488841316268, 0.964724598936259, 0.9557910881746359, 0.9631965633693554, 0.9360355263279744, 0.796515035843441, 0.647233506165776, 0.968614404755567, 0.880157361852539, 0.24429240241502648, -0.17171417964684774, 0.8857808686318766, 0.9299938504090579, 1.0]], "x": ["^TAIEX       \u81fa\u7063\u52a0\u6b0a\u5831\u916c\u6307\u6578", "^TWII        \u81fa\u7063\u52a0\u6b0a\u6307\u6578", "^TAIEXx2     \u81fa\u7063\u52a0\u6b0a\u5831\u916c\u6307\u6578_\u65e5\u6b632", "^TAI50I      \u81fa\u706350\u5831\u916c\u6307\u6578", "^TAI50Ix2    \u81fa\u706350\u5831\u916c\u6307\u6578_\u65e5\u6b632", "^TAI100I     \u81fa\u7063\u4e2d\u578b100\u5831\u916c\u6307\u6578", "^TAI100Ix2   \u81fa\u7063\u4e2d\u578b100\u5831\u916c\u6307\u6578_\u65e5\u6b632", "^TAIDIVIDI   \u81fa\u7063\u9ad8\u80a1\u606f\u5831\u916c\u6307\u6578", "^TAIDIVIDIx2 \u81fa\u7063\u9ad8\u80a1\u606f\u5831\u916c\u6307\u6578_\u65e5\u6b632", "0050         \u5143\u5927\u81fa\u706350", "00631L       \u5143\u5927\u53f0\u706350\u6b632", "00675L       \u5bcc\u90a6\u81fa\u7063\u52a0\u6b0a\u6b632", "006208       \u5bcc\u90a6\u53f050", "0051         \u5143\u5927\u4e2d\u578b100", "006204       \u6c38\u8c50\u81fa\u7063\u52a0\u6b0a", "0056         \u5143\u5927\u9ad8\u80a1\u606f", "2412         \u4e2d\u83ef\u96fb\u4fe1", "2002         \u4e2d\u92fc", "2330         \u53f0\u7a4d\u96fb", "2317         \u9d3b\u6d77", "6505         \u53f0\u5851\u77f3\u5316", "3481         \u7fa4\u5275", "2303         \u806f\u96fb", "2308         \u53f0\u9054\u96fb", "2454         \u806f\u767c\u79d1"], "y": ["^TAIEX       \u81fa\u7063\u52a0\u6b0a\u5831\u916c\u6307\u6578", "^TWII        \u81fa\u7063\u52a0\u6b0a\u6307\u6578", "^TAIEXx2     \u81fa\u7063\u52a0\u6b0a\u5831\u916c\u6307\u6578_\u65e5\u6b632", "^TAI50I      \u81fa\u706350\u5831\u916c\u6307\u6578", "^TAI50Ix2    \u81fa\u706350\u5831\u916c\u6307\u6578_\u65e5\u6b632", "^TAI100I     \u81fa\u7063\u4e2d\u578b100\u5831\u916c\u6307\u6578", "^TAI100Ix2   \u81fa\u7063\u4e2d\u578b100\u5831\u916c\u6307\u6578_\u65e5\u6b632", "^TAIDIVIDI   \u81fa\u7063\u9ad8\u80a1\u606f\u5831\u916c\u6307\u6578", "^TAIDIVIDIx2 \u81fa\u7063\u9ad8\u80a1\u606f\u5831\u916c\u6307\u6578_\u65e5\u6b632", "0050         \u5143\u5927\u81fa\u706350", "00631L       \u5143\u5927\u53f0\u706350\u6b632", "00675L       \u5bcc\u90a6\u81fa\u7063\u52a0\u6b0a\u6b632", "006208       \u5bcc\u90a6\u53f050", "0051         \u5143\u5927\u4e2d\u578b100", "006204       \u6c38\u8c50\u81fa\u7063\u52a0\u6b0a", "0056         \u5143\u5927\u9ad8\u80a1\u606f", "2412         \u4e2d\u83ef\u96fb\u4fe1", "2002         \u4e2d\u92fc", "2330         \u53f0\u7a4d\u96fb", "2317         \u9d3b\u6d77", "6505         \u53f0\u5851\u77f3\u5316", "3481         \u7fa4\u5275", "2303         \u806f\u96fb", "2308         \u53f0\u9054\u96fb", "2454         \u806f\u767c\u79d1"], "zmin": -1, "zmax": 1, "colorbar": {"x": -0.2}}], "layout": {"autotypenumbers": "strict", "colorway": ["#636efa", "#EF553B", "#00cc96", "#ab63fa", "#FFA15A", "#19d3f3", "#FF6692", "#B6E880", "#FF97FF", "#FECB52"], "font": {"color": "#f2f5fa", "family": "Courier New"}, "hovermode": "closest", "hoverlabel": {"align": "left"}, "paper_bgcolor": "rgb(17,17,17)", "plot_bgcolor": "rgb(17,17,17)", "polar": {"bgcolor": "rgb(17,17,17)", "angularaxis": {"gridcolor": "#506784", "linecolor": "#506784", "ticks": ""}, "radialaxis": {"gridcolor": "#506784", "linecolor": "#506784", "ticks": ""}}, "ternary": {"bgcolor": "rgb(17,17,17)", "aaxis": {"gridcolor": "#506784", "linecolor": "#506784", "ticks": ""}, "baxis": {"gridcolor": "#506784", "linecolor": "#506784", "ticks": ""}, "caxis": {"gridcolor": "#506784", "linecolor": "#506784", "ticks": ""}}, "coloraxis": {"colorbar": {"outlinewidth": 0, "ticks": ""}}, "colorscale": {"sequential": [[0.0, "#0d0887"], [0.1111111111111111, "#46039f"], [0.2222222222222222, "#7201a8"], [0.3333333333333333, "#9c179e"], [0.4444444444444444, "#bd3786"], [0.5555555555555556, "#d8576b"], [0.6666666666666666, "#ed7953"], [0.7777777777777778, "#fb9f3a"], [0.8888888888888888, "#fdca26"], [1.0, "#f0f921"]], "sequentialminus": [[0.0, "#0d0887"], [0.1111111111111111, "#46039f"], [0.2222222222222222, "#7201a8"], [0.3333333333333333, "#9c179e"], [0.4444444444444444, "#bd3786"], [0.5555555555555556, "#d8576b"], [0.6666666666666666, "#ed7953"], [0.7777777777777778, "#fb9f3a"], [0.8888888888888888, "#fdca26"], [1.0, "#f0f921"]], "diverging": [[0, "#8e0152"], [0.1, "#c51b7d"], [0.2, "#de77ae"], [0.3, "#f1b6da"], [0.4, "#fde0ef"], [0.5, "#f7f7f7"], [0.6, "#e6f5d0"], [0.7, "#b8e186"], [0.8, "#7fbc41"], [0.9, "#4d9221"], [1, "#276419"]]}, "xaxis": {"gridcolor": "rgba(0, 0, 0, 0)", "linecolor": "#506784", "ticks": "", "title": {"standoff": 15}, "zerolinecolor": "#283442", "automargin": true, "zerolinewidth": 2, "tickfont": {"family": "Courier New", "size": 14}, "side": "top", "tickangle": -90}, "yaxis": {"gridcolor": "rgba(0, 0, 0, 0)", "linecolor": "#506784", "ticks": "", "title": {"standoff": 15}, "zerolinecolor": "#283442", "automargin": true, "zerolinewidth": 2, "tickfont": {"family": "Courier New"}, "side": "right"}, "scene": {"xaxis": {"backgroundcolor": "rgb(17,17,17)", "gridcolor": "#506784", "linecolor": "#506784", "showbackground": true, "ticks": "", "zerolinecolor": "#C8D4E3", "gridwidth": 2}, "yaxis": {"backgroundcolor": "rgb(17,17,17)", "gridcolor": "#506784", "linecolor": "#506784", "showbackground": true, "ticks": "", "zerolinecolor": "#C8D4E3", "gridwidth": 2}, "zaxis": {"backgroundcolor": "rgb(17,17,17)", "gridcolor": "#506784", "linecolor": "#506784", "showbackground": true, "ticks": "", "zerolinecolor": "#C8D4E3", "gridwidth": 2}}, "shapedefaults": {"line": {"color": "#f2f5fa"}}, "annotationdefaults": {"arrowcolor": "#f2f5fa", "arrowhead": 0, "arrowwidth": 1}, "geo": {"bgcolor": "rgb(17,17,17)", "landcolor": "rgb(17,17,17)", "subunitcolor": "#506784", "showland": true, "showlakes": true, "lakecolor": "rgb(17,17,17)"}, "title": {"x": 0.05, "font": {"family": "Times New Roman"}, "y": 0.05, "text": "<b>Correlation of Adj Close <b><br><i>2016/09/23 ~ 2025/06/27<i>"}, "updatemenudefaults": {"bgcolor": "#506784", "borderwidth": 0}, "sliderdefaults": {"bgcolor": "#C8D4E3", "borderwidth": 1, "bordercolor": "rgb(17,17,17)", "tickwidth": 0}, "mapbox": {"style": "dark"}, "height": 600}};

Plotly.newPlot("correlationAdjClose",
    correlationAdjClose.data,
    correlationAdjClose.layout || {},
    config);