var element=document.getElementById("correlationAdjClose");if(element.style.display!='none'){var correlationAdjClose={"data":[{"type":"heatmap","z":[[1.0,0.9964741158357479,0.9507000655335315,0.9964527735667559,0.917941547342191,0.9888022609055395,0.9627770904896613,0.9810544964587519,0.9806881421758674,0.9965694090920227,0.9965797056224619,0.9967667234756233,0.8747890054461925,0.9815542057119127,0.9966899904668067,0.9894305108625346,0.9997840629495774,0.9808977146073956,0.8997440211271037,0.8870455901845933,0.5876774659119826,0.9863665002059201,0.9465688648143414,0.26873805972015813,-0.19294934127881866,0.9197090559959479,0.8903966953292812,0.9435638289117154,0.9376647092273543,0.9385118705372173,0.9839945004213243,0.9375943147671251,0.8931569014301025,0.9721408866539176,0.983418269738643,0.9611708115295107],[0.9964741158357479,1.0,0.9556677135206979,0.9941521579868956,0.9238676792538424,0.9852659840352931,0.9641767374357703,0.971798491798891,0.97718195027388,0.9951363292310762,0.9966500270732751,0.9962188386181231,0.8823069130893022,0.9851451530736387,0.9967011249520953,0.9851073910769227,0.9979812719677533,0.973621204599809,0.9099106353947086,0.8740869869156936,0.6119382228605865,0.9776244961208492,0.9295566500886858,0.26256622329064633,-0.13432110942937286,0.9062076481650333,0.8944771751287053,0.9478280043444289,0.9186989233762778,0.9244372859200396,0.9769690951336459,0.9207219015333878,0.8895152297398681,0.9620862198679954,0.9779708252817757,0.9548058757601783],[0.9507000655335315,0.9556677135206979,1.0,0.9689880623690293,0.9945896448760062,0.9414343656730093,0.9816260977946105,0.8979862855896652,0.95449255997684,0.969182774508351,0.9766585065409948,0.9731424657200543,0.9064137297394529,0.9974985630065673,0.9762750780222615,0.9387481002786375,0.9616059939076942,0.898664200258615,0.8125161898552816,0.7258447470846546,0.3917928087133908,0.9747570048874132,0.8917359697317077,0.09102016440155093,-0.07593832148783387,0.8927118291969471,0.9697825996727139,0.9696444453358319,0.7934932801256943,0.8054588771210057,0.9335949432233784,0.7978465426592368,0.7461148257119524,0.8845425089244218,0.9537911726005643,0.8787740908713783],[0.9964527735667559,0.9941521579868956,0.9689880623690293,1.0,0.943201623270818,0.9804846779163374,0.9676622546339592,0.9660954344734244,0.9768638706299413,0.9999820301703739,0.9999951228144484,0.9999750026852885,0.8854758392901012,0.9878519093737048,0.9999690785142785,0.9789075611105902,0.9961055692631868,0.9657329298512531,0.8767180253748363,0.8567678141648749,0.5372816956651078,0.9954860021253175,0.9441893701369114,0.22887256243097606,-0.17195071886741017,0.9130165396008251,0.9159562295167519,0.9526701787094327,0.9110032734438881,0.9189486296767335,0.9825430166600325,0.9118970772225233,0.8626881635883283,0.9598181416939443,0.9821653756131155,0.9470314240949408],[0.917941547342191,0.9238676792538424,0.9945896448760062,0.943201623270818,1.0,0.9031172579469069,0.9604600241171865,0.8527450456788647,0.9224486618023722,0.9439734954778795,0.9561336549891807,0.95076110215934,0.9002820582937162,0.9867181051474696,0.9555625453767882,0.9002854223491517,0.9326119738445082,0.8535918243371935,0.7629117273891834,0.6704346026292549,0.3294770111547248,0.9539393066714918,0.8590048372889381,0.05628837227602114,-0.05188907189048991,0.8554134725545587,0.9804874869452134,0.9533727509616079,0.7342357389929832,0.7529519633913851,0.9013288367561911,0.7402841471409078,0.6817740723770499,0.8393506688497216,0.9221984657533501,0.8332272618968506],[0.9888022609055395,0.9852659840352931,0.9414343656730093,0.9804846779163374,0.9031172579469069,1.0,0.9747451851412593,0.9812426942342443,0.9846367807471698,0.9801163802835314,0.9753040169072777,0.9782543683344336,0.8532798336944913,0.9520572478584689,0.9754262340163204,0.9999281431360098,0.9901807330808099,0.982184406054964,0.9073457236147082,0.8594645245136165,0.5592197078234347,0.9728692440054124,0.9289632679754667,0.1646374791640197,-0.13933215175905025,0.9408465396046959,0.8657291144210577,0.9394599588097109,0.9308124389020622,0.9208416449993475,0.9701852878759786,0.931629378794478,0.9098364624131294,0.961269553379896,0.984891559440219,0.9648367781366193],[0.9627770904896613,0.9641767374357703,0.9816260977946105,0.9676622546339592,0.9604600241171865,0.9747451851412593,1.0,0.9342778609963913,0.9814789568213452,0.9669858814682024,0.9758143923258918,0.97232931953832,0.8923921660770191,0.9847189663111147,0.9756148567014714,0.9757431837133437,0.9770801827803991,0.9371005459436039,0.8548357271872501,0.7554126228307269,0.4166905260851215,0.9690429312325243,0.9115213301024012,0.0337361590707643,-0.0604812028039309,0.9157659426631134,0.9260767558552081,0.9657866795562566,0.8367545601113411,0.8292740157985303,0.9449306078698568,0.8389889444469385,0.8132964468050824,0.9093820761057619,0.9745725831483717,0.9100533803380255],[0.9810544964587519,0.971798491798891,0.8979862855896652,0.9660954344734244,0.8527450456788647,0.9812426942342443,0.9342778609963913,1.0,0.9774632405559426,0.9659766986823443,0.9612522485032017,0.964954446978149,0.8146812407916955,0.9236347688462575,0.9616249591332008,0.9830365853412276,0.9784773967906567,0.9998974825088367,0.9381929771022587,0.9271371212204115,0.5509326643199978,0.9529103722561291,0.9226339368437559,0.1409290826440326,-0.2346780165109424,0.9184823018250312,0.8002962252946199,0.9045569338140221,0.9675412910036847,0.9540943336014661,0.9702181469469904,0.9592513870178215,0.9212997051384868,0.9698871560019093,0.9594402268018273,0.9735030059958799],[0.9806881421758674,0.97718195027388,0.95449255997684,0.9768638706299413,0.9224486618023722,0.9846367807471698,0.9814789568213452,0.9774632405559426,1.0,0.9764237959242511,0.9728064772082229,0.9753492948235258,0.8612350059413422,0.9585015941239474,0.9728232261840908,0.9839140520727243,0.9797912986745644,0.9775932756367923,0.9070902872069094,0.8454009580057553,0.4394134528247594,0.9709151404672892,0.9346984270013914,0.003290695785101715,-0.13699660346844672,0.9186005928751563,0.8685280287662048,0.9574422790599413,0.9012126457031,0.8858805357009419,0.969263954843872,0.8948132169452394,0.8559681221119911,0.9488302938468582,0.9805102027618852,0.9371121434034066],[0.9965694090920227,0.9951363292310762,0.969182774508351,0.9999820301703739,0.9439734954778795,0.9801163802835314,0.9669858814682024,0.9659766986823443,0.9764237959242511,1.0,0.9999948006548582,0.9999853119257222,0.8870633493069086,0.9880151612064412,0.9999700677870647,0.9786437150145941,0.9959954648783541,0.9655766471555021,0.8781735742604619,0.8570033919467573,0.5280694400747707,0.9956869358453354,0.9448258779074656,0.23126562105387333,-0.1685698591481109,0.9138602410139561,0.9153491349668521,0.9517814526732398,0.9088873291422523,0.9164600112715022,0.9819020868132696,0.9096902758766157,0.8594677250526448,0.9583896811121743,0.98182860829067,0.9458234565126096],[0.9965797056224619,0.9966500270732751,0.9766585065409948,0.9999951228144484,0.9561336549891807,0.9753040169072777,0.9758143923258918,0.9612522485032017,0.9728064772082229,0.9999948006548582,1.0,0.9999799603324988,0.8871392366252322,0.9878874485360596,0.99997206059137,0.9749362151067934,0.9959018522046216,0.9621157761642201,0.8945842797482201,0.8865402535461732,0.3569892155868897,0.9977528675463011,0.9358605544486843,-0.22650363444172825,0.6385514210866035,0.9087727574957511,0.9089666557608663,0.9521385705230943,0.8872063640993705,0.892836246293004,0.9769370631441933,0.8800290209598822,0.8120898082044863,0.9467776882061133,0.9867523840610406,0.9435338700670101],[0.9967667234756233,0.9962188386181231,0.9731424657200543,0.9999750026852885,0.95076110215934,0.9782543683344336,0.97232931953832,0.964954446978149,0.9753492948235258,0.9999853119257222,0.9999799603324988,1.0,0.8871560879259376,0.9880343131885527,0.9999779975925649,0.9779270253785275,0.9959236247789477,0.965276388170386,0.8856574009872076,0.8743368815807213,0.4408020536998408,0.997141715351774,0.9437012715211831,-0.034014193549653626,0.04181987292037768,0.9198814441152472,0.9108804879616678,0.9487075322576948,0.8965222782248701,0.9021684332916147,0.9792383771041504,0.8951324830293192,0.842168634826614,0.95340366004467,0.9821424149869294,0.9457277118660411],[0.8747890054461925,0.8823069130893022,0.9064137297394529,0.8854758392901012,0.9002820582937162,0.8532798336944913,0.8923921660770191,0.8146812407916955,0.8612350059413422,0.8870633493069086,0.8871392366252322,0.8871560879259376,1.0,0.9998790786496256,0.8867664735266011,0.853930783498216,0.876019869629424,0.8181230827663687,0.7502855404472847,0.6986261504819369,0.17746996561235392,0.8832564554393603,0.8184157573396067,-0.4775268352944276,0.6620873800155606,0.7937673870431257,0.8775328340124512,0.8849543001686886,0.7002725162440006,0.7024670880523115,0.8490962145013551,0.6905288145924395,0.6055185987787678,0.8071351783171824,0.8708515606729679,0.8102180062906279],[0.9815542057119127,0.9851451530736387,0.9974985630065673,0.9878519093737048,0.9867181051474696,0.9520572478584689,0.9847189663111147,0.9236347688462575,0.9585015941239474,0.9880151612064412,0.9878874485360596,0.9880343131885527,0.9998790786496256,1.0,0.9878450968866187,0.9512102445930753,0.980125313187997,0.9256366735082892,0.8484213974239686,0.8461061894961515,0.08032416990417864,0.9802161723856054,0.8945894775783213,-0.6564355478467158,0.7045887338729426,0.8767268933373167,0.9555086517315375,0.9648903545091584,0.794806525588106,0.8111601756055282,0.9432437825953475,0.8043615367727702,0.6808539994582117,0.8918441821749042,0.9667222458841845,0.9140277340878247],[0.9966899904668067,0.9967011249520953,0.9762750780222615,0.9999690785142785,0.9555625453767882,0.9754262340163204,0.9756148567014714,0.9616249591332008,0.9728232261840908,0.9999700677870647,0.99997206059137,0.9999779975925649,0.8867664735266011,0.9878450968866187,1.0,0.9750834815937524,0.996008198252037,0.9625150852104598,0.8952027575647834,0.8874214921852589,0.35848931234858394,0.9976407920265232,0.9359377726741644,-0.2241465986063625,0.6382016915988548,0.9089858058555688,0.9081872049741735,0.9517608020202031,0.8880014947462347,0.8935990951114917,0.9769753923051905,0.8809495814117415,0.8132228699081271,0.9470144330495882,0.9868054255681572,0.9440667664501345],[0.9894305108625346,0.9851073910769227,0.9387481002786375,0.9789075611105902,0.9002854223491517,0.9999281431360098,0.9757431837133437,0.9830365853412276,0.9839140520727243,0.9786437150145941,0.9749362151067934,0.9779270253785275,0.853930783498216,0.9512102445930753,0.9750834815937524,1.0,0.9900872091298801,0.9825985794462571,0.9102162186840245,0.8832261180005747,0.5287098928892445,0.9709711510040434,0.9260368228584397,0.011751966323800236,-0.058460408589659445,0.9455587917779925,0.8567304748280237,0.9353191920475132,0.9321416396330156,0.9172894243864886,0.9681044838211603,0.9314249158364768,0.904643780007789,0.9632655053946005,0.9841277890100699,0.9672447962273523],[0.9997840629495774,0.9979812719677533,0.9616059939076942,0.9961055692631868,0.9326119738445082,0.9901807330808099,0.9770801827803991,0.9784773967906567,0.9797912986745644,0.9959954648783541,0.9959018522046216,0.9959236247789477,0.876019869629424,0.980125313187997,0.996008198252037,0.9900872091298801,1.0,0.97914733558751,0.9192629290748181,0.9093263505657716,0.4302186397828345,0.9907890470957758,0.9360264546040729,-0.1731096166641478,0.6321101653598997,0.92951493967217,0.8834654839685969,0.9465083714956533,0.9202327545361876,0.9161307573630321,0.9790235351806846,0.912839740411719,0.8604117432088635,0.9627821669545237,0.9916413114882286,0.9649086563112431],[0.9808977146073956,0.973621204599809,0.898664200258615,0.9657329298512531,0.8535918243371935,0.982184406054964,0.9371005459436039,0.9998974825088367,0.9775932756367923,0.9655766471555021,0.9621157761642201,0.965276388170386,0.8181230827663687,0.9256366735082892,0.9625150852104598,0.9825985794462571,0.97914733558751,1.0,0.940898080989158,0.9324538694565522,0.5438286926372667,0.9519080248718949,0.9259340133350967,0.10158805638387855,-0.16166310374638196,0.922871405976307,0.7984714893411802,0.905185081397559,0.9667493754657457,0.9525113569889512,0.9691084122483562,0.9569937173280236,0.9188966213745228,0.9691694628821603,0.958433419320982,0.9740374946976281],[0.8997440211271037,0.9099106353947086,0.8125161898552816,0.8767180253748363,0.7629117273891834,0.9073457236147082,0.8548357271872501,0.9381929771022587,0.9070902872069094,0.8781735742604619,0.8945842797482201,0.8856574009872076,0.7502855404472847,0.8484213974239686,0.8952027575647834,0.9102162186840245,0.9192629290748181,0.940898080989158,1.0,0.8449374630765504,0.6295580187140813,0.8513771282011909,0.8377598680182775,0.18891882107369273,-0.06591171075832764,0.8761848783150428,0.7002660578935218,0.8333775332689501,0.8978325598224923,0.8713495501542424,0.870431466545814,0.8810496700321626,0.8583550295667669,0.8774241335878844,0.8803638821876186,0.9079459547433717],[0.8870455901845933,0.8740869869156936,0.7258447470846546,0.8567678141648749,0.6704346026292549,0.8594645245136165,0.7554126228307269,0.9271371212204115,0.8454009580057553,0.8570033919467573,0.8865402535461732,0.8743368815807213,0.6986261504819369,0.8461061894961515,0.8874214921852589,0.8832261180005747,0.9093263505657716,0.9324538694565522,0.8449374630765504,1.0,0.8047225459426423,0.8095989876533468,0.8662064547050079,0.5884163958042794,-0.47064668528791337,0.7189271410180822,0.6665774538084307,0.7414132750144904,0.9631611355737336,0.9428535198397283,0.8781272734817932,0.9519388790171561,0.9090191029692545,0.9013118792848083,0.8284489059790567,0.8837808599855722],[0.5876774659119826,0.6119382228605865,0.3917928087133908,0.5372816956651078,0.3294770111547248,0.5592197078234347,0.4166905260851215,0.5509326643199978,0.4394134528247594,0.5280694400747707,0.3569892155868897,0.4408020536998408,0.17746996561235392,0.08032416990417864,0.35848931234858394,0.5287098928892445,0.4302186397828345,0.5438286926372667,0.6295580187140813,0.8047225459426423,1.0,0.4858766254192623,0.6327990170933908,0.7210929651645167,-0.11536266067115812,0.47377005515948495,0.376409256244156,0.46697069285984627,0.7497257593942792,0.6717829131023787,0.5425099328386435,0.7064208610141254,0.739157820030791,0.6137360853853668,0.5441160896747829,0.6175278469648618],[0.9863665002059201,0.9776244961208492,0.9747570048874132,0.9954860021253175,0.9539393066714918,0.9728692440054124,0.9690429312325243,0.9529103722561291,0.9709151404672892,0.9956869358453354,0.9977528675463011,0.997141715351774,0.8832564554393603,0.9802161723856054,0.9976407920265232,0.9709711510040434,0.9907890470957758,0.9519080248718949,0.8513771282011909,0.8095989876533468,0.4858766254192623,1.0,0.9228190593177454,0.16752433109866266,-0.16063501268418928,0.8962947676690577,0.9255027097838663,0.950181137406736,0.876804767912224,0.8971138861328337,0.9748470444508124,0.8861032128130109,0.8332967533564928,0.9458554417576679,0.971233667673528,0.9289804226765424],[0.9465688648143414,0.9295566500886858,0.8917359697317077,0.9441893701369114,0.8590048372889381,0.9289632679754667,0.9115213301024012,0.9226339368437559,0.9346984270013914,0.9448258779074656,0.9358605544486843,0.9437012715211831,0.8184157573396067,0.8945894775783213,0.9359377726741644,0.9260368228584397,0.9360264546040729,0.9259340133350967,0.8377598680182775,0.8662064547050079,0.6327990170933908,0.9228190593177454,1.0,0.23219488122843404,-0.12321096345302886,0.7769607967827948,0.8268481858375348,0.8792772402250294,0.8983502742376852,0.8727685714497948,0.9496059787737362,0.8793436930792947,0.8394348001140821,0.9437848172555774,0.9088899039873899,0.8898564199312425],[0.26873805972015813,0.26256622329064633,0.09102016440155093,0.22887256243097606,0.05628837227602114,0.1646374791640197,0.0337361590707643,0.1409290826440326,0.003290695785101715,0.23126562105387333,-0.22650363444172825,-0.034014193549653626,-0.4775268352944276,-0.6564355478467158,-0.2241465986063625,0.011751966323800236,-0.1731096166641478,0.10158805638387855,0.18891882107369273,0.5884163958042794,0.7210929651645167,0.16752433109866266,0.23219488122843404,1.0,-0.381790362796819,0.19355643818684118,0.09586994359895727,0.09416266858818052,0.41961629013258644,0.4048078174494124,0.22221935902209078,0.43011030529606786,0.37304490240359495,0.2715917787002487,0.17390694711601443,0.2981103016955979],[-0.19294934127881866,-0.13432110942937286,-0.07593832148783387,-0.17195071886741017,-0.05188907189048991,-0.13933215175905025,-0.0604812028039309,-0.2346780165109424,-0.13699660346844672,-0.1685698591481109,0.6385514210866035,0.04181987292037768,0.6620873800155606,0.7045887338729426,0.6382016915988548,-0.058460408589659445,0.6321101653598997,-0.16166310374638196,-0.06591171075832764,-0.47064668528791337,-0.11536266067115812,-0.16063501268418928,-0.12321096345302886,-0.381790362796819,1.0,-0.07690075931060848,-0.06867471617952464,-0.06022694999911889,-0.3418273666186063,-0.32539561730518607,-0.2167772291099086,-0.29981602945135766,-0.1844637961389138,-0.27042992713105873,-0.09802234190013696,-0.2380371789208519],[0.9197090559959479,0.9062076481650333,0.8927118291969471,0.9130165396008251,0.8554134725545587,0.9408465396046959,0.9157659426631134,0.9184823018250312,0.9186005928751563,0.9138602410139561,0.9087727574957511,0.9198814441152472,0.7937673870431257,0.8767268933373167,0.9089858058555688,0.9455587917779925,0.92951493967217,0.922871405976307,0.8761848783150428,0.7189271410180822,0.47377005515948495,0.8962947676690577,0.7769607967827948,0.19355643818684118,-0.07690075931060848,1.0,0.8078919214397782,0.9164948579133185,0.808060480564867,0.8500919509681536,0.8674014690852759,0.852410993981445,0.8291354302311332,0.8737740553406865,0.9012826732900919,0.9061094116512904],[0.8903966953292812,0.8944771751287053,0.9697825996727139,0.9159562295167519,0.9804874869452134,0.8657291144210577,0.9260767558552081,0.8002962252946199,0.8685280287662048,0.9153491349668521,0.9089666557608663,0.9108804879616678,0.8775328340124512,0.9555086517315375,0.9081872049741735,0.8567304748280237,0.8834654839685969,0.7984714893411802,0.7002660578935218,0.6665774538084307,0.376409256244156,0.9255027097838663,0.8268481858375348,0.09586994359895727,-0.06867471617952464,0.8078919214397782,1.0,0.9146886709051475,0.7092518775589374,0.7238002341239681,0.8655371459504863,0.7096498357367499,0.6539993597466243,0.8020694971388846,0.8845896852450756,0.802389515153638],[0.9435638289117154,0.9478280043444289,0.9696444453358319,0.9526701787094327,0.9533727509616079,0.9394599588097109,0.9657866795562566,0.9045569338140221,0.9574422790599413,0.9517814526732398,0.9521385705230943,0.9487075322576948,0.8849543001686886,0.9648903545091584,0.9517608020202031,0.9353191920475132,0.9465083714956533,0.905185081397559,0.8333775332689501,0.7414132750144904,0.46697069285984627,0.950181137406736,0.8792772402250294,0.09416266858818052,-0.06022694999911889,0.9164948579133185,0.9146886709051475,1.0,0.8167764111954422,0.8168030853824316,0.9219101995279286,0.8095205661257214,0.777960533859556,0.8955920331183738,0.9552012706265877,0.8701853313719219],[0.9376647092273543,0.9186989233762778,0.7934932801256943,0.9110032734438881,0.7342357389929832,0.9308124389020622,0.8367545601113411,0.9675412910036847,0.9012126457031,0.9088873291422523,0.8872063640993705,0.8965222782248701,0.7002725162440006,0.794806525588106,0.8880014947462347,0.9321416396330156,0.9202327545361876,0.9667493754657457,0.8978325598224923,0.9631611355737336,0.7497257593942792,0.876804767912224,0.8983502742376852,0.41961629013258644,-0.3418273666186063,0.808060480564867,0.7092518775589374,0.8167764111954422,1.0,0.987203003216901,0.9344223879886996,0.991462908759307,0.9569092966393427,0.956041601201216,0.8860773218534249,0.9563043807835383],[0.9385118705372173,0.9244372859200396,0.8054588771210057,0.9189486296767335,0.7529519633913851,0.9208416449993475,0.8292740157985303,0.9540943336014661,0.8858805357009419,0.9164600112715022,0.892836246293004,0.9021684332916147,0.7024670880523115,0.8111601756055282,0.8935990951114917,0.9172894243864886,0.9161307573630321,0.9525113569889512,0.8713495501542424,0.9428535198397283,0.6717829131023787,0.8971138861328337,0.8727685714497948,0.4048078174494124,-0.32539561730518607,0.8500919509681536,0.7238002341239681,0.8168030853824316,0.987203003216901,1.0,0.936081583969342,0.9861599565304153,0.9569035679781338,0.944702630226246,0.9045553583638369,0.9593059863195867],[0.9839945004213243,0.9769690951336459,0.9335949432233784,0.9825430166600325,0.9013288367561911,0.9701852878759786,0.9449306078698568,0.9702181469469904,0.969263954843872,0.9819020868132696,0.9769370631441933,0.9792383771041504,0.8490962145013551,0.9432437825953475,0.9769753923051905,0.9681044838211603,0.9790235351806846,0.9691084122483562,0.870431466545814,0.8781272734817932,0.5425099328386435,0.9748470444508124,0.9496059787737362,0.22221935902209078,-0.2167772291099086,0.8674014690852759,0.8655371459504863,0.9219101995279286,0.9344223879886996,0.936081583969342,1.0,0.9311073320609453,0.8805244357059211,0.9750119464040922,0.9732616971968209,0.955738249018846],[0.9375943147671251,0.9207219015333878,0.7978465426592368,0.9118970772225233,0.7402841471409078,0.931629378794478,0.8389889444469385,0.9592513870178215,0.8948132169452394,0.9096902758766157,0.8800290209598822,0.8951324830293192,0.6905288145924395,0.8043615367727702,0.8809495814117415,0.9314249158364768,0.912839740411719,0.9569937173280236,0.8810496700321626,0.9519388790171561,0.7064208610141254,0.8861032128130109,0.8793436930792947,0.43011030529606786,-0.29981602945135766,0.852410993981445,0.7096498357367499,0.8095205661257214,0.991462908759307,0.9861599565304153,0.9311073320609453,1.0,0.9743688460287224,0.9474351295614928,0.9083994548712728,0.9561101754076374],[0.8931569014301025,0.8895152297398681,0.7461148257119524,0.8626881635883283,0.6817740723770499,0.9098364624131294,0.8132964468050824,0.9212997051384868,0.8559681221119911,0.8594677250526448,0.8120898082044863,0.842168634826614,0.6055185987787678,0.6808539994582117,0.8132228699081271,0.904643780007789,0.8604117432088635,0.9188966213745228,0.8583550295667669,0.9090191029692545,0.739157820030791,0.8332967533564928,0.8394348001140821,0.37304490240359495,-0.1844637961389138,0.8291354302311332,0.6539993597466243,0.777960533859556,0.9569092966393427,0.9569035679781338,0.8805244357059211,0.9743688460287224,1.0,0.9025453425646086,0.8801203843857461,0.933743416442156],[0.9721408866539176,0.9620862198679954,0.8845425089244218,0.9598181416939443,0.8393506688497216,0.961269553379896,0.9093820761057619,0.9698871560019093,0.9488302938468582,0.9583896811121743,0.9467776882061133,0.95340366004467,0.8071351783171824,0.8918441821749042,0.9470144330495882,0.9632655053946005,0.9627821669545237,0.9691694628821603,0.8774241335878844,0.9013118792848083,0.6137360853853668,0.9458554417576679,0.9437848172555774,0.2715917787002487,-0.27042992713105873,0.8737740553406865,0.8020694971388846,0.8955920331183738,0.956041601201216,0.944702630226246,0.9750119464040922,0.9474351295614928,0.9025453425646086,1.0,0.9540852490739771,0.9542599454609925],[0.983418269738643,0.9779708252817757,0.9537911726005643,0.9821653756131155,0.9221984657533501,0.984891559440219,0.9745725831483717,0.9594402268018273,0.9805102027618852,0.98182860829067,0.9867523840610406,0.9821424149869294,0.8708515606729679,0.9667222458841845,0.9868054255681572,0.9841277890100699,0.9916413114882286,0.958433419320982,0.8803638821876186,0.8284489059790567,0.5441160896747829,0.971233667673528,0.9088899039873899,0.17390694711601443,-0.09802234190013696,0.9012826732900919,0.8845896852450756,0.9552012706265877,0.8860773218534249,0.9045553583638369,0.9732616971968209,0.9083994548712728,0.8801203843857461,0.9540852490739771,1.0,0.9370223757503431],[0.9611708115295107,0.9548058757601783,0.8787740908713783,0.9470314240949408,0.8332272618968506,0.9648367781366193,0.9100533803380255,0.9735030059958799,0.9371121434034066,0.9458234565126096,0.9435338700670101,0.9457277118660411,0.8102180062906279,0.9140277340878247,0.9440667664501345,0.9672447962273523,0.9649086563112431,0.9740374946976281,0.9079459547433717,0.8837808599855722,0.6175278469648618,0.9289804226765424,0.8898564199312425,0.2981103016955979,-0.2380371789208519,0.9061094116512904,0.802389515153638,0.8701853313719219,0.9563043807835383,0.9593059863195867,0.955738249018846,0.9561101754076374,0.933743416442156,0.9542599454609925,0.9370223757503431,1.0]],"x":["^TAIEX       \u81fa\u7063\u52a0\u6b0a\u5831\u916c\u6307\u6578","^TWII        \u81fa\u7063\u52a0\u6b0a\u6307\u6578","^TAIEXx2     \u81fa\u7063\u52a0\u6b0a\u5831\u916c\u6307\u6578_\u65e5\u6b632","^TAI50I      \u81fa\u706350\u5831\u916c\u6307\u6578","^TAI50Ix2    \u81fa\u706350\u5831\u916c\u6307\u6578_\u65e5\u6b632","^TAI100I     \u81fa\u7063\u4e2d\u578b100\u5831\u916c\u6307\u6578","^TAI100Ix2   \u81fa\u7063\u4e2d\u578b100\u5831\u916c\u6307\u6578_\u65e5\u6b632","^TAIDIVIDI   \u81fa\u7063\u9ad8\u80a1\u606f\u5831\u916c\u6307\u6578","^TAIDIVIDIx2 \u81fa\u7063\u9ad8\u80a1\u606f\u5831\u916c\u6307\u6578_\u65e5\u6b632","0050Fund     \u5143\u5927\u53f0\u7063\u5353\u8d8a50\u57fa\u91d1","006208Fund   \u5bcc\u90a6\u53f0\u7063\u91c6\u540950\u57fa\u91d1","0050         \u5143\u5927\u81fa\u706350","00631L       \u5143\u5927\u53f0\u706350\u6b632","00675L       \u5bcc\u90a6\u81fa\u7063\u52a0\u6b0a\u6b632","006208       \u5bcc\u90a6\u53f050","0051         \u5143\u5927\u4e2d\u578b100","006204       \u6c38\u8c50\u81fa\u7063\u52a0\u6b0a","0056         \u5143\u5927\u9ad8\u80a1\u606f","0056         \u5143\u5927\u9ad8\u80a1\u606f_\u80a1\u606f\u4e0d\u6295\u5165","2412         \u4e2d\u83ef\u96fb\u4fe1","2002         \u4e2d\u92fc","2330         \u53f0\u7a4d\u96fb","2317         \u9d3b\u6d77","6505         \u53f0\u5851\u77f3\u5316","3481         \u7fa4\u5275","2303         \u806f\u96fb","2308         \u53f0\u9054\u96fb","2454         \u806f\u767c\u79d1","2886         \u5146\u8c50\u91d1","2884         \u7389\u5c71\u91d1","2891         \u4e2d\u4fe1\u91d1","2892         \u7b2c\u4e00\u91d1","5880         \u5408\u5eab\u91d1","2881         \u5bcc\u90a6\u91d1","2885         \u5143\u5927\u91d1","2887         \u53f0\u65b0\u91d1"],"y":["^TAIEX       \u81fa\u7063\u52a0\u6b0a\u5831\u916c\u6307\u6578","^TWII        \u81fa\u7063\u52a0\u6b0a\u6307\u6578","^TAIEXx2     \u81fa\u7063\u52a0\u6b0a\u5831\u916c\u6307\u6578_\u65e5\u6b632","^TAI50I      \u81fa\u706350\u5831\u916c\u6307\u6578","^TAI50Ix2    \u81fa\u706350\u5831\u916c\u6307\u6578_\u65e5\u6b632","^TAI100I     \u81fa\u7063\u4e2d\u578b100\u5831\u916c\u6307\u6578","^TAI100Ix2   \u81fa\u7063\u4e2d\u578b100\u5831\u916c\u6307\u6578_\u65e5\u6b632","^TAIDIVIDI   \u81fa\u7063\u9ad8\u80a1\u606f\u5831\u916c\u6307\u6578","^TAIDIVIDIx2 \u81fa\u7063\u9ad8\u80a1\u606f\u5831\u916c\u6307\u6578_\u65e5\u6b632","0050Fund     \u5143\u5927\u53f0\u7063\u5353\u8d8a50\u57fa\u91d1","006208Fund   \u5bcc\u90a6\u53f0\u7063\u91c6\u540950\u57fa\u91d1","0050         \u5143\u5927\u81fa\u706350","00631L       \u5143\u5927\u53f0\u706350\u6b632","00675L       \u5bcc\u90a6\u81fa\u7063\u52a0\u6b0a\u6b632","006208       \u5bcc\u90a6\u53f050","0051         \u5143\u5927\u4e2d\u578b100","006204       \u6c38\u8c50\u81fa\u7063\u52a0\u6b0a","0056         \u5143\u5927\u9ad8\u80a1\u606f","0056         \u5143\u5927\u9ad8\u80a1\u606f_\u80a1\u606f\u4e0d\u6295\u5165","2412         \u4e2d\u83ef\u96fb\u4fe1","2002         \u4e2d\u92fc","2330         \u53f0\u7a4d\u96fb","2317         \u9d3b\u6d77","6505         \u53f0\u5851\u77f3\u5316","3481         \u7fa4\u5275","2303         \u806f\u96fb","2308         \u53f0\u9054\u96fb","2454         \u806f\u767c\u79d1","2886         \u5146\u8c50\u91d1","2884         \u7389\u5c71\u91d1","2891         \u4e2d\u4fe1\u91d1","2892         \u7b2c\u4e00\u91d1","5880         \u5408\u5eab\u91d1","2881         \u5bcc\u90a6\u91d1","2885         \u5143\u5927\u91d1","2887         \u53f0\u65b0\u91d1"],"zmin":-1,"zmax":1,"colorbar":{"x":-0.2}}],"layout":{"autotypenumbers":"strict","colorway":["#636efa","#EF553B","#00cc96","#ab63fa","#FFA15A","#19d3f3","#FF6692","#B6E880","#FF97FF","#FECB52"],"font":{"color":"#f2f5fa","family":"Courier New"},"hovermode":"closest","hoverlabel":{"align":"left"},"paper_bgcolor":"rgb(17,17,17)","plot_bgcolor":"rgb(17,17,17)","polar":{"bgcolor":"rgb(17,17,17)","angularaxis":{"gridcolor":"#506784","linecolor":"#506784","ticks":""},"radialaxis":{"gridcolor":"#506784","linecolor":"#506784","ticks":""}},"ternary":{"bgcolor":"rgb(17,17,17)","aaxis":{"gridcolor":"#506784","linecolor":"#506784","ticks":""},"baxis":{"gridcolor":"#506784","linecolor":"#506784","ticks":""},"caxis":{"gridcolor":"#506784","linecolor":"#506784","ticks":""}},"coloraxis":{"colorbar":{"outlinewidth":0,"ticks":""}},"colorscale":{"sequential":[[0.0,"#0d0887"],[0.1111111111111111,"#46039f"],[0.2222222222222222,"#7201a8"],[0.3333333333333333,"#9c179e"],[0.4444444444444444,"#bd3786"],[0.5555555555555556,"#d8576b"],[0.6666666666666666,"#ed7953"],[0.7777777777777778,"#fb9f3a"],[0.8888888888888888,"#fdca26"],[1.0,"#f0f921"]],"sequentialminus":[[0.0,"#0d0887"],[0.1111111111111111,"#46039f"],[0.2222222222222222,"#7201a8"],[0.3333333333333333,"#9c179e"],[0.4444444444444444,"#bd3786"],[0.5555555555555556,"#d8576b"],[0.6666666666666666,"#ed7953"],[0.7777777777777778,"#fb9f3a"],[0.8888888888888888,"#fdca26"],[1.0,"#f0f921"]],"diverging":[[0,"#8e0152"],[0.1,"#c51b7d"],[0.2,"#de77ae"],[0.3,"#f1b6da"],[0.4,"#fde0ef"],[0.5,"#f7f7f7"],[0.6,"#e6f5d0"],[0.7,"#b8e186"],[0.8,"#7fbc41"],[0.9,"#4d9221"],[1,"#276419"]]},"xaxis":{"gridcolor":"rgba(0, 0, 0, 0)","linecolor":"#506784","ticks":"","title":{"standoff":15},"zerolinecolor":"#283442","automargin":true,"zerolinewidth":2,"tickfont":{"family":"Courier New","size":14},"side":"top","tickangle":-90},"yaxis":{"gridcolor":"rgba(0, 0, 0, 0)","linecolor":"#506784","ticks":"","title":{"standoff":15},"zerolinecolor":"#283442","automargin":true,"zerolinewidth":2,"tickfont":{"family":"Courier New"},"side":"right"},"scene":{"xaxis":{"backgroundcolor":"rgb(17,17,17)","gridcolor":"#506784","linecolor":"#506784","showbackground":true,"ticks":"","zerolinecolor":"#C8D4E3","gridwidth":2},"yaxis":{"backgroundcolor":"rgb(17,17,17)","gridcolor":"#506784","linecolor":"#506784","showbackground":true,"ticks":"","zerolinecolor":"#C8D4E3","gridwidth":2},"zaxis":{"backgroundcolor":"rgb(17,17,17)","gridcolor":"#506784","linecolor":"#506784","showbackground":true,"ticks":"","zerolinecolor":"#C8D4E3","gridwidth":2}},"shapedefaults":{"line":{"color":"#f2f5fa"}},"annotationdefaults":{"arrowcolor":"#f2f5fa","arrowhead":0,"arrowwidth":1},"geo":{"bgcolor":"rgb(17,17,17)","landcolor":"rgb(17,17,17)","subunitcolor":"#506784","showland":true,"showlakes":true,"lakecolor":"rgb(17,17,17)"},"title":{"x":0.05,"font":{"family":"Times New Roman"},"y":0.05,"text":"<b>Correlation of Adj Close<b><br><i>2016-09-23 ~ 2026-06-17<i>"},"updatemenudefaults":{"bgcolor":"#506784","borderwidth":0},"sliderdefaults":{"bgcolor":"#C8D4E3","borderwidth":1,"bordercolor":"rgb(17,17,17)","tickwidth":0},"mapbox":{"style":"dark"},"annotations":[{"text":"<b>@zwindr<b>","textangle":0,"opacity":0.5,"font":{"color":"white","size":12},"xref":"paper","yref":"paper","xanchor":"left","yanchor":"bottom","x":1.0,"y":1.0,"showarrow":false}]},"config":{"responsive":true,"toImageButtonOptions":{"filename":"Correlation of Adj Close_2016-09-23~2026-06-17","scale":5}}};Plotly.newPlot("correlationAdjClose",correlationAdjClose.data,correlationAdjClose.layout||{},correlationAdjClose.config);}else{console.log("style display is none => correlationAdjClose");}