var config = { responsive: true }

var correlationClose = {"data": [{"type": "heatmap", "z": [[1.0, 0.9999999999999979, 1.0, 0.9957178437768762, 0.9957178437768762, 0.9583153214637787, 0.9583153214637787, 0.8886084591382448, 0.8886084591382448, 0.9959455083383042, 0.9920911890205308, 0.9917774628918272, 0.9952515870847138, 0.9700543549979849, 0.9987923382463233, 0.9284781824072368, 0.8078201388967976, 0.27447662756945534, 0.9774473765017994, 0.8009698536425749, 0.10695595215206635, -0.27823784667824625, 0.761341926681766, 0.9463683977435706, 0.9175903494519625], [0.9999999999999979, 1.0, 0.9999999999999981, 0.9956495769532371, 0.9956495769532371, 0.9576320195633389, 0.9576320195633389, 0.8901307229362121, 0.8901307229362121, 0.9959062749679851, 0.991797710782073, 0.9911066571521648, 0.9952024733965705, 0.9692268941370014, 0.9987981659469425, 0.9291403009850883, 0.8159904962923635, 0.40786178128160305, 0.9700472664342329, 0.7728154421533093, 0.11391684725973242, -0.277937403750754, 0.6562735524157151, 0.9471520091524805, 0.9237317011479036], [1.0, 0.9999999999999981, 1.0, 0.9957178437768762, 0.9957178437768762, 0.9583153214637787, 0.9583153214637787, 0.8886084591382448, 0.8886084591382448, 0.9959455083383042, 0.9920911890205308, 0.9917774628918272, 0.9952515870847138, 0.9700543549979849, 0.9987923382463233, 0.9284781824072368, 0.8078201388967976, 0.27447662756945534, 0.9774473765017994, 0.8009698536425749, 0.10695595215206635, -0.27823784667824625, 0.761341926681766, 0.9463683977435706, 0.9175903494519625], [0.9957178437768762, 0.9956495769532371, 0.9957178437768762, 1.0, 1.0, 0.9448903307219115, 0.9448903307219115, 0.8739454093339846, 0.8739454093339846, 0.9996112057252508, 0.9882507815378657, 0.9842565978731183, 0.9993366480786584, 0.9522357382303122, 0.9946267621322236, 0.9118329565231099, 0.7845879488025327, 0.2488343180390614, 0.9886321166363218, 0.7934964247027528, 0.07839778003555015, -0.2829659987245264, 0.7712506177310167, 0.934613506679251, 0.9178232768639377], [0.9957178437768762, 0.9956495769532371, 0.9957178437768762, 1.0, 1.0, 0.9448903307219115, 0.9448903307219115, 0.8739454093339846, 0.8739454093339846, 0.9996112057252508, 0.9882507815378657, 0.9842565978731183, 0.9993366480786584, 0.9522357382303122, 0.9946267621322236, 0.9118329565231099, 0.7845879488025327, 0.2488343180390614, 0.9886321166363218, 0.7934964247027528, 0.07839778003555015, -0.2829659987245264, 0.7712506177310167, 0.934613506679251, 0.9178232768639377], [0.9583153214637787, 0.9576320195633389, 0.9583153214637787, 0.9448903307219115, 0.9448903307219115, 1.0, 1.0, 0.9179922321588688, 0.9179922321588688, 0.9486252341839903, 0.9757544087309855, 0.974673306955028, 0.9496384622682211, 0.9989518116543145, 0.9705523436421392, 0.9190219595621244, 0.6775462716351413, 0.20928181103537247, 0.9287342402095076, 0.7262667081167242, -0.12527885908771552, -0.12852029310354218, 0.871235062642105, 0.8999377355248303, 0.9195324231553995], [0.9583153214637787, 0.9576320195633389, 0.9583153214637787, 0.9448903307219115, 0.9448903307219115, 1.0, 1.0, 0.9179922321588688, 0.9179922321588688, 0.9486252341839903, 0.9757544087309855, 0.974673306955028, 0.9496384622682211, 0.9989518116543145, 0.9705523436421392, 0.9190219595621244, 0.6775462716351413, 0.20928181103537247, 0.9287342402095076, 0.7262667081167242, -0.12527885908771552, -0.12852029310354218, 0.871235062642105, 0.8999377355248303, 0.9195324231553995], [0.8886084591382448, 0.8901307229362121, 0.8886084591382448, 0.8739454093339846, 0.8739454093339846, 0.9179922321588688, 0.9179922321588688, 1.0, 1.0, 0.8960777064526024, 0.9437534562867845, 0.9385889173775785, 0.9337909281751133, 0.9189580260176813, 0.9352074512379754, 0.9752100677839312, 0.6193029336151987, 0.25687894405204115, 0.827143422384205, 0.740947665448447, -0.15886698376470088, 0.019273176221196484, 0.7811716473190929, 0.7856159102354492, 0.8501393929745854], [0.8886084591382448, 0.8901307229362121, 0.8886084591382448, 0.8739454093339846, 0.8739454093339846, 0.9179922321588688, 0.9179922321588688, 1.0, 1.0, 0.8960777064526024, 0.9437534562867845, 0.9385889173775785, 0.9337909281751133, 0.9189580260176813, 0.9352074512379754, 0.9752100677839312, 0.6193029336151987, 0.25687894405204115, 0.827143422384205, 0.740947665448447, -0.15886698376470088, 0.019273176221196484, 0.7811716473190929, 0.7856159102354492, 0.8501393929745854], [0.9959455083383042, 0.9959062749679851, 0.9959455083383042, 0.9996112057252508, 0.9996112057252508, 0.9486252341839903, 0.9486252341839903, 0.8960777064526024, 0.8960777064526024, 1.0, 0.9869839013978501, 0.983167063636193, 0.9993809896413838, 0.9507043022013809, 0.9944631115637379, 0.9115044924942831, 0.8260501901513405, 0.08078477566419276, 0.991582384268802, 0.7906856525137899, -0.18432734065909437, -0.3152181409556476, 0.8862345000005746, 0.9288877566565087, 0.90418183022456], [0.9920911890205308, 0.991797710782073, 0.9920911890205308, 0.9882507815378657, 0.9882507815378657, 0.9757544087309855, 0.9757544087309855, 0.9437534562867845, 0.9437534562867845, 0.9869839013978501, 1.0, 0.9996551040646234, 0.9880367870715253, 0.9742719903756386, 0.9888320221940408, 0.925185769657791, 0.7909442180681779, 0.27018770410176435, 0.9867150785214984, 0.7133258623355795, -0.565770852772066, 0.23678884979874024, 0.8545737866339828, 0.9296464161507655, 0.9541445259480495], [0.9917774628918272, 0.9911066571521648, 0.9917774628918272, 0.9842565978731183, 0.9842565978731183, 0.974673306955028, 0.974673306955028, 0.9385889173775785, 0.9385889173775785, 0.983167063636193, 0.9996551040646234, 1.0, 0.9850321698561607, 0.9720649854031916, 0.9870434666920345, 0.9137151388009976, 0.813103377856929, 0.15496199405617908, 0.9814043640928201, 0.718088831332099, -0.8042693137497282, 0.2804954948981713, 0.8140906173274749, 0.936324893105567, 0.9519143224354993], [0.9952515870847138, 0.9952024733965705, 0.9952515870847138, 0.9993366480786584, 0.9993366480786584, 0.9496384622682211, 0.9496384622682211, 0.9337909281751133, 0.9337909281751133, 0.9993809896413838, 0.9880367870715253, 0.9850321698561607, 1.0, 0.9511112929666867, 0.9937307555315402, 0.9331847918328898, 0.8278168335753893, 0.26857494675079113, 0.995093274395723, 0.7551755920761388, -0.34617788072320643, 0.18136920863413017, 0.877253124464927, 0.9070502172810112, 0.9340105740756437], [0.9700543549979849, 0.9692268941370014, 0.9700543549979849, 0.9522357382303122, 0.9522357382303122, 0.9989518116543145, 0.9989518116543145, 0.9189580260176813, 0.9189580260176813, 0.9507043022013809, 0.9742719903756386, 0.9720649854031916, 0.9511112929666867, 1.0, 0.9727760247497244, 0.9181060457163417, 0.7512463599741159, 0.1765784669674036, 0.9422187135853816, 0.7230832575044572, -0.2760892618941155, -0.2024869200190532, 0.9091776741097781, 0.9198377315330591, 0.9161731804721222], [0.9987923382463233, 0.9987981659469425, 0.9987923382463233, 0.9946267621322236, 0.9946267621322236, 0.9705523436421392, 0.9705523436421392, 0.9352074512379754, 0.9352074512379754, 0.9944631115637379, 0.9888320221940408, 0.9870434666920345, 0.9937307555315402, 0.9727760247497244, 1.0, 0.9455091422623868, 0.834836818683906, 0.2768907558787959, 0.9867935752921417, 0.7411837972256686, -0.33690161789630774, 0.1923101751761675, 0.906749351621448, 0.926926371883875, 0.939361454224172], [0.9284781824072368, 0.9291403009850883, 0.9284781824072368, 0.9118329565231099, 0.9118329565231099, 0.9190219595621244, 0.9190219595621244, 0.9752100677839312, 0.9752100677839312, 0.9115044924942831, 0.925185769657791, 0.9137151388009976, 0.9331847918328898, 0.9181060457163417, 0.9455091422623868, 1.0, 0.7653315109530253, 0.2120544763516715, 0.8749044037478911, 0.716953544731485, -0.06378705819897865, -0.2367976535820784, 0.817946982647581, 0.838940301961677, 0.8287176268666523], [0.8078201388967976, 0.8159904962923635, 0.8078201388967976, 0.7845879488025327, 0.7845879488025327, 0.6775462716351413, 0.6775462716351413, 0.6193029336151987, 0.6193029336151987, 0.8260501901513405, 0.7909442180681779, 0.813103377856929, 0.8278168335753893, 0.7512463599741159, 0.834836818683906, 0.7653315109530253, 1.0, 0.5288082591247474, 0.7386653270819957, 0.7755060585793156, 0.49806534584483625, -0.5811456408558866, 0.2615756213837788, 0.8279033403525884, 0.6497937046458292], [0.27447662756945534, 0.40786178128160305, 0.27447662756945534, 0.2488343180390614, 0.2488343180390614, 0.20928181103537247, 0.20928181103537247, 0.25687894405204115, 0.25687894405204115, 0.08078477566419276, 0.27018770410176435, 0.15496199405617908, 0.26857494675079113, 0.1765784669674036, 0.2768907558787959, 0.2120544763516715, 0.5288082591247474, 1.0, 0.2568285082781997, 0.5678467921665311, 0.3833383276994295, 0.554103774449054, 0.02568275413729949, 0.4221381244456976, 0.3915774262271381], [0.9774473765017994, 0.9700472664342329, 0.9774473765017994, 0.9886321166363218, 0.9886321166363218, 0.9287342402095076, 0.9287342402095076, 0.827143422384205, 0.827143422384205, 0.991582384268802, 0.9867150785214984, 0.9814043640928201, 0.995093274395723, 0.9422187135853816, 0.9867935752921417, 0.8749044037478911, 0.7386653270819957, 0.2568285082781997, 1.0, 0.7354931209822088, 0.02004736195060899, -0.3479763279069474, 0.6702216080242295, 0.9175406536712727, 0.9080285584759809], [0.8009698536425749, 0.7728154421533093, 0.8009698536425749, 0.7934964247027528, 0.7934964247027528, 0.7262667081167242, 0.7262667081167242, 0.740947665448447, 0.740947665448447, 0.7906856525137899, 0.7133258623355795, 0.718088831332099, 0.7551755920761388, 0.7230832575044572, 0.7411837972256686, 0.716953544731485, 0.7755060585793156, 0.5678467921665311, 0.7354931209822088, 1.0, 0.2138494103515334, -0.04610214727679464, 0.2282642718920715, 0.8269390452078056, 0.7375680710376723], [0.10695595215206635, 0.11391684725973242, 0.10695595215206635, 0.07839778003555015, 0.07839778003555015, -0.12527885908771552, -0.12527885908771552, -0.15886698376470088, -0.15886698376470088, -0.18432734065909437, -0.565770852772066, -0.8042693137497282, -0.34617788072320643, -0.2760892618941155, -0.33690161789630774, -0.06378705819897865, 0.49806534584483625, 0.3833383276994295, 0.02004736195060899, 0.2138494103515334, 1.0, -0.08898164754204976, -0.161096800640599, 0.10096853962428787, -0.0928665594170986], [-0.27823784667824625, -0.277937403750754, -0.27823784667824625, -0.2829659987245264, -0.2829659987245264, -0.12852029310354218, -0.12852029310354218, 0.019273176221196484, 0.019273176221196484, -0.3152181409556476, 0.23678884979874024, 0.2804954948981713, 0.18136920863413017, -0.2024869200190532, 0.1923101751761675, -0.2367976535820784, -0.5811456408558866, 0.554103774449054, -0.3479763279069474, -0.04610214727679464, -0.08898164754204976, 1.0, -0.06152161961541901, -0.3464643671057003, -0.07705592404336722], [0.761341926681766, 0.6562735524157151, 0.761341926681766, 0.7712506177310167, 0.7712506177310167, 0.871235062642105, 0.871235062642105, 0.7811716473190929, 0.7811716473190929, 0.8862345000005746, 0.8545737866339828, 0.8140906173274749, 0.877253124464927, 0.9091776741097781, 0.906749351621448, 0.817946982647581, 0.2615756213837788, 0.02568275413729949, 0.6702216080242295, 0.2282642718920715, -0.161096800640599, -0.06152161961541901, 1.0, 0.5319237369319578, 0.7308668251018029], [0.9463683977435706, 0.9471520091524805, 0.9463683977435706, 0.934613506679251, 0.934613506679251, 0.8999377355248303, 0.8999377355248303, 0.7856159102354492, 0.7856159102354492, 0.9288877566565087, 0.9296464161507655, 0.936324893105567, 0.9070502172810112, 0.9198377315330591, 0.926926371883875, 0.838940301961677, 0.8279033403525884, 0.4221381244456976, 0.9175406536712727, 0.8269390452078056, 0.10096853962428787, -0.3464643671057003, 0.5319237369319578, 1.0, 0.880173204428869], [0.9175903494519625, 0.9237317011479036, 0.9175903494519625, 0.9178232768639377, 0.9178232768639377, 0.9195324231553995, 0.9195324231553995, 0.8501393929745854, 0.8501393929745854, 0.90418183022456, 0.9541445259480495, 0.9519143224354993, 0.9340105740756437, 0.9161731804721222, 0.939361454224172, 0.8287176268666523, 0.6497937046458292, 0.3915774262271381, 0.9080285584759809, 0.7375680710376723, -0.0928665594170986, -0.07705592404336722, 0.7308668251018029, 0.880173204428869, 1.0]], "x": ["^TAIEX       \u81fa\u7063\u52a0\u6b0a\u5831\u916c\u6307\u6578", "^TWII        \u81fa\u7063\u52a0\u6b0a\u6307\u6578", "^TAIEXx2     \u81fa\u7063\u52a0\u6b0a\u5831\u916c\u6307\u6578_\u65e5\u6b632", "^TAI50I      \u81fa\u706350\u5831\u916c\u6307\u6578", "^TAI50Ix2    \u81fa\u706350\u5831\u916c\u6307\u6578_\u65e5\u6b632", "^TAI100I     \u81fa\u7063\u4e2d\u578b100\u5831\u916c\u6307\u6578", "^TAI100Ix2   \u81fa\u7063\u4e2d\u578b100\u5831\u916c\u6307\u6578_\u65e5\u6b632", "^TAIDIVIDI   \u81fa\u7063\u9ad8\u80a1\u606f\u5831\u916c\u6307\u6578", "^TAIDIVIDIx2 \u81fa\u7063\u9ad8\u80a1\u606f\u5831\u916c\u6307\u6578_\u65e5\u6b632", "0050         \u5143\u5927\u81fa\u706350", "00631L       \u5143\u5927\u53f0\u706350\u6b632", "00675L       \u5bcc\u90a6\u81fa\u7063\u52a0\u6b0a\u6b632", "006208       \u5bcc\u90a6\u53f050", "0051         \u5143\u5927\u4e2d\u578b100", "006204       \u6c38\u8c50\u81fa\u7063\u52a0\u6b0a", "0056         \u5143\u5927\u9ad8\u80a1\u606f", "2412         \u4e2d\u83ef\u96fb\u4fe1", "2002         \u4e2d\u92fc", "2330         \u53f0\u7a4d\u96fb", "2317         \u9d3b\u6d77", "6505         \u53f0\u5851\u77f3\u5316", "3481         \u7fa4\u5275", "2303         \u806f\u96fb", "2308         \u53f0\u9054\u96fb", "2454         \u806f\u767c\u79d1"], "y": ["^TAIEX       \u81fa\u7063\u52a0\u6b0a\u5831\u916c\u6307\u6578", "^TWII        \u81fa\u7063\u52a0\u6b0a\u6307\u6578", "^TAIEXx2     \u81fa\u7063\u52a0\u6b0a\u5831\u916c\u6307\u6578_\u65e5\u6b632", "^TAI50I      \u81fa\u706350\u5831\u916c\u6307\u6578", "^TAI50Ix2    \u81fa\u706350\u5831\u916c\u6307\u6578_\u65e5\u6b632", "^TAI100I     \u81fa\u7063\u4e2d\u578b100\u5831\u916c\u6307\u6578", "^TAI100Ix2   \u81fa\u7063\u4e2d\u578b100\u5831\u916c\u6307\u6578_\u65e5\u6b632", "^TAIDIVIDI   \u81fa\u7063\u9ad8\u80a1\u606f\u5831\u916c\u6307\u6578", "^TAIDIVIDIx2 \u81fa\u7063\u9ad8\u80a1\u606f\u5831\u916c\u6307\u6578_\u65e5\u6b632", "0050         \u5143\u5927\u81fa\u706350", "00631L       \u5143\u5927\u53f0\u706350\u6b632", "00675L       \u5bcc\u90a6\u81fa\u7063\u52a0\u6b0a\u6b632", "006208       \u5bcc\u90a6\u53f050", "0051         \u5143\u5927\u4e2d\u578b100", "006204       \u6c38\u8c50\u81fa\u7063\u52a0\u6b0a", "0056         \u5143\u5927\u9ad8\u80a1\u606f", "2412         \u4e2d\u83ef\u96fb\u4fe1", "2002         \u4e2d\u92fc", "2330         \u53f0\u7a4d\u96fb", "2317         \u9d3b\u6d77", "6505         \u53f0\u5851\u77f3\u5316", "3481         \u7fa4\u5275", "2303         \u806f\u96fb", "2308         \u53f0\u9054\u96fb", "2454         \u806f\u767c\u79d1"], "zmin": -1, "zmax": 1, "colorbar": {"x": -0.2}}], "layout": {"title": {"text": "<b>Correlation of Close<b><br><i>2016/09/23 ~ 2025/05/08<i>", "y": 0.05, "font": {"family": "Times New Roman"}, "x": 0.05}, "xaxis": {"side": "top", "tickangle": -90, "gridcolor": "rgba(0, 0, 0, 0)", "tickfont": {"family": "Courier New", "size": 14}, "automargin": true}, "yaxis": {"side": "right", "gridcolor": "rgba(0, 0, 0, 0)", "tickfont": {"family": "Courier New"}, "automargin": true}, "height": 600, "font": {"family": "Courier New", "color": "#ffffff"}, "plot_bgcolor": "#000", "paper_bgcolor": "#000"}};

Plotly.newPlot("correlationClose",
    correlationClose.data,
    correlationClose.layout || {},
    config);