var element=document.getElementById("correlationClose");if(element.style.display!='none'){var correlationClose={"data":[{"type":"heatmap","z":[[1.0,0.9999999999999974,1.0,0.9949526783148169,0.9949526783148169,0.9706713296168774,0.9706713296168774,0.9124864022357703,0.9124864022357703,0.7652920265315244,0.9949306110077317,0.7117979915735403,0.9904367550672911,0.9911476288538494,0.9950316558362576,0.9765483241415155,0.9992280461604363,0.9100886011423842,0.9100886011423842,0.7742423740418499,-0.17803849678058525,0.9797280701518971,0.23230960917814553,-0.151772032311142,-0.2345362347731382,0.8207534885842723,0.9019800865129268,0.9241792997858337,0.9129951358946847,0.7875011414573876,0.6258929818414299,0.6508578935796553,0.614902756037795,0.9331314988758156,0.8570535208595719,0.24270421482168983],[0.9999999999999974,1.0,0.9999999999999977,0.9949207217775384,0.9949207217775384,0.9702209959707919,0.9702209959707919,0.9132397023228822,0.9132397023228822,0.766914446095418,0.9949239214225377,0.7136774037606395,0.9901540790586765,0.9907016648757311,0.9950272149477589,0.9760872784839747,0.9992256551266315,0.9101504258278069,0.9101504258278069,0.7917140322970987,0.03273113664839048,0.9723425340860032,0.0012131518184638362,-0.14469011321432726,-0.23431515831149805,0.6641317004720834,0.9012109342705199,0.9028778973456998,0.908408676548573,0.7962288293183933,0.6182826195974234,0.6484580545134462,0.6393723202886854,0.9313636428221115,0.7264984305459098,0.24013093484022519],[1.0,0.9999999999999977,1.0,0.9949526783148169,0.9949526783148169,0.9706713296168774,0.9706713296168774,0.9124864022357703,0.9124864022357703,0.7652920265315244,0.9949306110077317,0.7117979915735403,0.9904367550672911,0.9911476288538494,0.9950316558362576,0.9765483241415155,0.9992280461604363,0.9100886011423842,0.9100886011423842,0.7742423740418499,-0.17803849678058525,0.9797280701518971,0.23230960917814553,-0.151772032311142,-0.2345362347731382,0.8207534885842723,0.9019800865129268,0.9241792997858337,0.9129951358946847,0.7875011414573876,0.6258929818414299,0.6508578935796553,0.614902756037795,0.9331314988758156,0.8570535208595719,0.24270421482168983],[0.9949526783148169,0.9949207217775384,0.9949526783148169,1.0,1.0,0.9578966285774135,0.9578966285774135,0.8952520904662952,0.8952520904662952,0.7282055044301037,0.999613670595748,0.6737022619776146,0.9923484780266391,0.9906349526307651,0.9995644772476672,0.9591981659171266,0.9950548233302123,0.8815548384627702,0.8815548384627702,0.7444133605750953,-0.18593625814844453,0.9920639017855238,0.2611241461786437,-0.18780916657467783,-0.23118949372531697,0.8076419271038335,0.9207702534847877,0.9232583293797604,0.8911835174407458,0.7868481183878657,0.6557594655760384,0.6412955072140437,0.5807102843546439,0.9195486130489892,0.8484441672946038,0.2570859188056456],[0.9949526783148169,0.9949207217775384,0.9949526783148169,1.0,1.0,0.9578966285774135,0.9578966285774135,0.8952520904662952,0.8952520904662952,0.7282055044301037,0.999613670595748,0.6737022619776146,0.9923484780266391,0.9906349526307651,0.9995644772476672,0.9591981659171266,0.9950548233302123,0.8815548384627702,0.8815548384627702,0.7444133605750953,-0.18593625814844453,0.9920639017855238,0.2611241461786437,-0.18780916657467783,-0.23118949372531697,0.8076419271038335,0.9207702534847877,0.9232583293797604,0.8911835174407458,0.7868481183878657,0.6557594655760384,0.6412955072140437,0.5807102843546439,0.9195486130489892,0.8484441672946038,0.2570859188056456],[0.9706713296168774,0.9702209959707919,0.9706713296168774,0.9578966285774135,0.9578966285774135,1.0,1.0,0.9368180478051262,0.9368180478051262,0.7442332886867115,0.9565977998653905,0.7216054366240785,0.9636034458307158,0.960920351854168,0.9566204903617522,0.9990793150366971,0.9767203481066427,0.915252000593922,0.915252000593922,0.6537923146655575,-0.13209500230248472,0.9444277169444087,0.37185679719438297,-0.32340824187482076,-0.11514949435982366,0.8846646978390693,0.8570822527793295,0.9400443371933987,0.8934122273338448,0.7569244372593774,0.7866990332409384,0.746147080055522,0.6880678671473418,0.8718534145063174,0.8832097529907124,0.508365982376416],[0.9706713296168774,0.9702209959707919,0.9706713296168774,0.9578966285774135,0.9578966285774135,1.0,1.0,0.9368180478051262,0.9368180478051262,0.7442332886867115,0.9565977998653905,0.7216054366240785,0.9636034458307158,0.960920351854168,0.9566204903617522,0.9990793150366971,0.9767203481066427,0.915252000593922,0.915252000593922,0.6537923146655575,-0.13209500230248472,0.9444277169444087,0.37185679719438297,-0.32340824187482076,-0.11514949435982366,0.8846646978390693,0.8570822527793295,0.9400443371933987,0.8934122273338448,0.7569244372593774,0.7866990332409384,0.746147080055522,0.6880678671473418,0.8718534145063174,0.8832097529907124,0.508365982376416],[0.9124864022357703,0.9132397023228822,0.9124864022357703,0.8952520904662952,0.8952520904662952,0.9368180478051262,0.9368180478051262,1.0,1.0,0.7110470533064522,0.9362335003525994,0.7216534602846273,0.9279047298964663,0.9224395047695277,0.9363782951185248,0.9386259384189307,0.9465313315841627,0.9698874054653521,0.9698874054653521,0.6055817276698068,-0.011096311106010257,0.860848307492423,0.5871453791233756,-0.35074040429510966,0.01201262029681518,0.7995034515380127,0.7538407298376826,0.8870273947157692,0.8568926627559432,0.7719266582388458,0.8862803930151347,0.7908538719968479,0.7096159430952583,0.8115308042341891,0.8655654335142646,0.8206576603066429],[0.9124864022357703,0.9132397023228822,0.9124864022357703,0.8952520904662952,0.8952520904662952,0.9368180478051262,0.9368180478051262,1.0,1.0,0.7110470533064522,0.9362335003525994,0.7216534602846273,0.9279047298964663,0.9224395047695277,0.9363782951185248,0.9386259384189307,0.9465313315841627,0.9698874054653521,0.9698874054653521,0.6055817276698068,-0.011096311106010257,0.860848307492423,0.5871453791233756,-0.35074040429510966,0.01201262029681518,0.7995034515380127,0.7538407298376826,0.8870273947157692,0.8568926627559432,0.7719266582388458,0.8862803930151347,0.7908538719968479,0.7096159430952583,0.8115308042341891,0.8655654335142646,0.8206576603066429],[0.7652920265315244,0.766914446095418,0.7652920265315244,0.7282055044301037,0.7282055044301037,0.7442332886867115,0.7442332886867115,0.7110470533064522,0.7110470533064522,1.0,0.5938758397864417,0.9999696938941871,0.49190103064755997,0.3859497595568078,0.5960283024993881,0.7394249330787723,0.6598705864553245,0.7989125094923779,0.7989125094923779,0.6881241773843806,-0.09769874332038857,0.6963434255564095,0.035576688172935876,0.0496689225653665,-0.24288172090683213,0.7680793600160152,0.46272401597926727,0.728260967759829,0.8043297747215074,0.6736902639434935,0.33423229167653923,0.52393464258064,0.5624215992560683,0.7737944486199475,0.6237409239691047,0.1686280926683686],[0.9949306110077317,0.9949239214225377,0.9949306110077317,0.999613670595748,0.999613670595748,0.9565977998653905,0.9565977998653905,0.9362335003525994,0.9362335003525994,0.5938758397864417,1.0,0.5937368153393892,0.9918031275702429,0.9903850831901542,0.9999382424373852,0.9545217878295331,0.9944576703469449,0.8907993209453924,0.8907993209453924,0.8506356763269151,-0.05505454356976283,0.9969299246189353,0.9050252426630937,-0.5361489412141279,0.4248828128268184,0.8148038735913085,0.8938858853787844,0.9364554832102351,0.8813395173829882,0.8131372426097733,0.9318360444918312,0.8562453694035207,0.7386279056448217,0.9020674836215653,0.9510638582766276,0.8134395795696457],[0.7117979915735403,0.7136774037606395,0.7117979915735403,0.6737022619776146,0.6737022619776146,0.7216054366240785,0.7216054366240785,0.7216534602846273,0.7216534602846273,0.9999696938941871,0.5937368153393892,1.0,0.4926647042569662,0.38653986157686737,0.5966441184350779,0.7298421131933549,0.6603662235990212,0.7932341111334208,0.7932341111334208,0.6431887546267505,0.03233600299350597,0.645662606248121,0.39763247727296563,-0.16330431108780538,-0.23194234804648653,0.7946696493453885,0.3636933055542569,0.6971257390356613,0.7739589308692907,0.6939723203446918,0.5280313109229083,0.689515371171505,0.6779532439572639,0.7259155739767966,0.6024320496570957,0.6352217856882316],[0.9904367550672911,0.9901540790586765,0.9904367550672911,0.9923484780266391,0.9923484780266391,0.9636034458307158,0.9636034458307158,0.9279047298964663,0.9279047298964663,0.49190103064755997,0.9918031275702429,0.4926647042569662,1.0,0.9998282808136002,0.9916849465084131,0.9590860934180819,0.9890319993396973,0.8654493440397292,0.8654493440397292,0.8287004440276151,-0.03823180904998882,0.9912928222044206,0.9164864645630979,-0.6657009398624186,0.4965326588401497,0.7759654977727998,0.9140722111973937,0.9333564487129051,0.8539108507206943,0.7510286977143202,0.9317988612479531,0.8224435634333963,0.6959540822148532,0.87910034517296,0.9559994003010492,0.8370064467470001],[0.9911476288538494,0.9907016648757311,0.9911476288538494,0.9906349526307651,0.9906349526307651,0.960920351854168,0.960920351854168,0.9224395047695277,0.9224395047695277,0.3859497595568078,0.9903850831901542,0.38653986157686737,0.9998282808136002,1.0,0.9903958755798343,0.9555376528774342,0.9890793367824307,0.8490159232721215,0.8490159232721215,0.8511741460192626,-0.16029459322176254,0.9886143190068545,0.9203183123450194,-0.8119830424372493,0.5322065753936204,0.7269078200489331,0.9206120531876048,0.9252253569181149,0.8350330374749428,0.6960517254871218,0.9381502475385886,0.8155286870458069,0.6303558304079054,0.8958129104333264,0.9569873555526478,0.8170506730367897],[0.9950316558362576,0.9950272149477589,0.9950316558362576,0.9995644772476672,0.9995644772476672,0.9566204903617522,0.9566204903617522,0.9363782951185248,0.9363782951185248,0.5960283024993881,0.9999382424373852,0.5966441184350779,0.9916849465084131,0.9903958755798343,1.0,0.9546808655786979,0.9945658294107151,0.8917186215648724,0.8917186215648724,0.8516921960727686,-0.05404341938034491,0.9967689484984074,0.9043937625363713,-0.5333874429762141,0.42412752136467985,0.8156143219600873,0.8922698280437313,0.9360265445538251,0.8822822276866291,0.8143305141194183,0.9312114386743265,0.8575546476041022,0.7403594326050296,0.9022108705306319,0.9511226646268547,0.8137453665155073],[0.9765483241415155,0.9760872784839747,0.9765483241415155,0.9591981659171266,0.9591981659171266,0.9990793150366971,0.9990793150366971,0.9386259384189307,0.9386259384189307,0.7394249330787723,0.9545217878295331,0.7298421131933549,0.9590860934180819,0.9555376528774342,0.9546808655786979,1.0,0.976409981253265,0.9169600063655368,0.9169600063655368,0.7025489452159679,-0.11712641598171822,0.9482707385676055,0.6878429707062426,-0.4527682698216683,-0.1500938592176817,0.8960436299534701,0.8458377783305576,0.9364329907819089,0.9012589646394084,0.7913536545108961,0.8748554174553176,0.791809032117389,0.7453832421593812,0.8927810258309277,0.8799962937210565,0.8126145385160395],[0.9992280461604363,0.9992256551266315,0.9992280461604363,0.9950548233302123,0.9950548233302123,0.9767203481066427,0.9767203481066427,0.9465313315841627,0.9465313315841627,0.6598705864553245,0.9944576703469449,0.6603662235990212,0.9890319993396973,0.9890793367824307,0.9945658294107151,0.976409981253265,1.0,0.9200556996166789,0.9200556996166789,0.8635420505263844,-0.037225977918688875,0.9881350217291047,0.8777618959736954,-0.518136128117748,0.434572038493888,0.8616359869729646,0.8794450971733161,0.948613890674373,0.9145570882946649,0.8347063578030853,0.9201798000339297,0.8899528929412114,0.7862689118541335,0.917124494089524,0.9594892053622048,0.8586475857053182],[0.9100886011423842,0.9101504258278069,0.9100886011423842,0.8815548384627702,0.8815548384627702,0.915252000593922,0.915252000593922,0.9698874054653521,0.9698874054653521,0.7989125094923779,0.8907993209453924,0.7932341111334208,0.8654493440397292,0.8490159232721215,0.8917186215648724,0.9169600063655368,0.9200556996166789,1.0,1.0,0.7525308216370525,-0.06168000365394581,0.8461178047643446,0.5805952529319001,-0.23294810281227496,-0.19788699793995948,0.8360149276352162,0.7004106218854097,0.8440981793859227,0.9203117841918279,0.8469402160239798,0.7993024944393669,0.767930952413972,0.7079110670860312,0.8540228377400283,0.7877987660704063,0.8585354241914037],[0.9100886011423842,0.9101504258278069,0.9100886011423842,0.8815548384627702,0.8815548384627702,0.915252000593922,0.915252000593922,0.9698874054653521,0.9698874054653521,0.7989125094923779,0.8907993209453924,0.7932341111334208,0.8654493440397292,0.8490159232721215,0.8917186215648724,0.9169600063655368,0.9200556996166789,1.0,1.0,0.7525308216370525,-0.06168000365394581,0.8461178047643446,0.5805952529319001,-0.23294810281227496,-0.19788699793995948,0.8360149276352162,0.7004106218854097,0.8440981793859227,0.9203117841918279,0.8469402160239798,0.7993024944393669,0.767930952413972,0.7079110670860312,0.8540228377400283,0.7877987660704063,0.8585354241914037],[0.7742423740418499,0.7917140322970987,0.7742423740418499,0.7444133605750953,0.7444133605750953,0.6537923146655575,0.6537923146655575,0.6055817276698068,0.6055817276698068,0.6881241773843806,0.8506356763269151,0.6431887546267505,0.8287004440276151,0.8511741460192626,0.8516921960727686,0.7025489452159679,0.8635420505263844,0.7525308216370525,0.7525308216370525,1.0,0.01987727760989486,0.7049857005332604,-0.32174669047181004,0.28434577964026864,-0.6483993756132759,0.3765368363877235,0.6563658292981789,0.5286624147167364,0.8409245425503532,0.7045622561524697,0.16446385788979043,0.3326652391144959,0.5722746708155022,0.7872097408258378,0.49947302436965796,-0.11701621326391166],[-0.17803849678058525,0.03273113664839048,-0.17803849678058525,-0.18593625814844453,-0.18593625814844453,-0.13209500230248472,-0.13209500230248472,-0.011096311106010257,-0.011096311106010257,-0.09769874332038857,-0.05505454356976283,0.03233600299350597,-0.03823180904998882,-0.16029459322176254,-0.05404341938034491,-0.11712641598171822,-0.037225977918688875,-0.06168000365394581,-0.06168000365394581,0.01987727760989486,1.0,-0.12219194231841528,0.08848597245132549,0.17316445011219211,0.7434260023720216,-0.10681879054958134,-0.08498579096906775,-0.04437439812734302,0.14073733877637476,-0.023564384207003918,0.0010808168615633583,0.2982159840561879,0.5551944670799009,-0.14571499043257655,0.07442190899928167,0.13485550605802632],[0.9797280701518971,0.9723425340860032,0.9797280701518971,0.9920639017855238,0.9920639017855238,0.9444277169444087,0.9444277169444087,0.860848307492423,0.860848307492423,0.6963434255564095,0.9969299246189353,0.645662606248121,0.9912928222044206,0.9886143190068545,0.9967689484984074,0.9482707385676055,0.9881350217291047,0.8461178047643446,0.8461178047643446,0.7049857005332604,-0.12219194231841528,1.0,0.16889968355017565,-0.23980751760610539,-0.27334377871915955,0.6759892943363853,0.9263644130702846,0.9073023444953929,0.834808636471693,0.7543437944870394,0.6586513423997521,0.6093298319354232,0.5127176632352228,0.8974396383340452,0.7080601556988575,0.24137838272145787],[0.23230960917814553,0.0012131518184638362,0.23230960917814553,0.2611241461786437,0.2611241461786437,0.37185679719438297,0.37185679719438297,0.5871453791233756,0.5871453791233756,0.035576688172935876,0.9050252426630937,0.39763247727296563,0.9164864645630979,0.9203183123450194,0.9043937625363713,0.6878429707062426,0.8777618959736954,0.5805952529319001,0.5805952529319001,-0.32174669047181004,0.08848597245132549,0.16889968355017565,1.0,-0.4756279765881647,0.69071845724735,0.40315000237587595,0.19599101300739302,0.36101845718208203,-0.05369138499792442,0.1229227429285431,0.6218657206882008,0.5014965727148313,0.21310078987636713,0.06592836440836104,0.42506657805919124,0.4882642718966059],[-0.151772032311142,-0.14469011321432726,-0.151772032311142,-0.18780916657467783,-0.18780916657467783,-0.32340824187482076,-0.32340824187482076,-0.35074040429510966,-0.35074040429510966,0.0496689225653665,-0.5361489412141279,-0.16330431108780538,-0.6657009398624186,-0.8119830424372493,-0.5333874429762141,-0.4527682698216683,-0.518136128117748,-0.23294810281227496,-0.23294810281227496,0.28434577964026864,0.17316445011219211,-0.23980751760610539,-0.4756279765881647,1.0,-0.024766504828787325,-0.19348984805544833,-0.2395429820635034,-0.33274315762622375,-0.07484652378144031,-0.10682175655132685,-0.5763696966820208,-0.22524885273604753,-0.03931398751502874,-0.08644737355775882,-0.25839603634550595,-0.4234655285486711],[-0.2345362347731382,-0.23431515831149805,-0.2345362347731382,-0.23118949372531697,-0.23118949372531697,-0.11514949435982366,-0.11514949435982366,0.01201262029681518,0.01201262029681518,-0.24288172090683213,0.4248828128268184,-0.23194234804648653,0.4965326588401497,0.5322065753936204,0.42412752136467985,-0.1500938592176817,0.434572038493888,-0.19788699793995948,-0.19788699793995948,-0.6483993756132759,0.7434260023720216,-0.27334377871915955,0.69071845724735,-0.024766504828787325,1.0,-0.10585305990642448,-0.19919565856998891,-0.06594475385823147,-0.34682151166835956,-0.3238664290020286,0.05849181250297194,0.15544353950196194,0.2602740140604084,-0.36758102807419274,0.10039812059575703,0.08511809399947877],[0.8207534885842723,0.6641317004720834,0.8207534885842723,0.8076419271038335,0.8076419271038335,0.8846646978390693,0.8846646978390693,0.7995034515380127,0.7995034515380127,0.7680793600160152,0.8148038735913085,0.7946696493453885,0.7759654977727998,0.7269078200489331,0.8156143219600873,0.8960436299534701,0.8616359869729646,0.8360149276352162,0.8360149276352162,0.3765368363877235,-0.10681879054958134,0.6759892943363853,0.40315000237587595,-0.19348984805544833,-0.10585305990642448,1.0,0.5514254052835945,0.8458686938460781,0.5152780658593824,0.6462226019397502,0.582405166628089,0.6726311195928123,0.4333372921138055,0.7216769810747095,0.7181059049106969,0.4414485154097178],[0.9019800865129268,0.9012109342705199,0.9019800865129268,0.9207702534847877,0.9207702534847877,0.8570822527793295,0.8570822527793295,0.7538407298376826,0.7538407298376826,0.46272401597926727,0.8938858853787844,0.3636933055542569,0.9140722111973937,0.9206120531876048,0.8922698280437313,0.8458377783305576,0.8794450971733161,0.7004106218854097,0.7004106218854097,0.6563658292981789,-0.08498579096906775,0.9263644130702846,0.19599101300739302,-0.2395429820635034,-0.19919565856998891,0.5514254052835945,1.0,0.8057492654589237,0.7324751061767287,0.6498150946251421,0.5958965024975139,0.5102968065956504,0.46981224923743364,0.8107232138629902,0.6638275750343892,0.19045872874198044],[0.9241792997858337,0.9028778973456998,0.9241792997858337,0.9232583293797604,0.9232583293797604,0.9400443371933987,0.9400443371933987,0.8870273947157692,0.8870273947157692,0.728260967759829,0.9364554832102351,0.6971257390356613,0.9333564487129051,0.9252253569181149,0.9360265445538251,0.9364329907819089,0.948613890674373,0.8440981793859227,0.8440981793859227,0.5286624147167364,-0.04437439812734302,0.9073023444953929,0.36101845718208203,-0.33274315762622375,-0.06594475385823147,0.8458686938460781,0.8057492654589237,1.0,0.7619676900795936,0.6366813873659437,0.6526066121315218,0.6229156870850935,0.532655890848464,0.8340152732173901,0.8547110961815503,0.26652939687669613],[0.9129951358946847,0.908408676548573,0.9129951358946847,0.8911835174407458,0.8911835174407458,0.8934122273338448,0.8934122273338448,0.8568926627559432,0.8568926627559432,0.8043297747215074,0.8813395173829882,0.7739589308692907,0.8539108507206943,0.8350330374749428,0.8822822276866291,0.9012589646394084,0.9145570882946649,0.9203117841918279,0.9203117841918279,0.8409245425503532,0.14073733877637476,0.834808636471693,-0.05369138499792442,-0.07484652378144031,-0.34682151166835956,0.5152780658593824,0.7324751061767287,0.7619676900795936,1.0,0.9107965490570328,0.5733186516311379,0.701888930820262,0.6695962756251495,0.8838078303905064,0.5367404999878856,0.3249936748283599],[0.7875011414573876,0.7962288293183933,0.7875011414573876,0.7868481183878657,0.7868481183878657,0.7569244372593774,0.7569244372593774,0.7719266582388458,0.7719266582388458,0.6736902639434935,0.8131372426097733,0.6939723203446918,0.7510286977143202,0.6960517254871218,0.8143305141194183,0.7913536545108961,0.8347063578030853,0.8469402160239798,0.8469402160239798,0.7045622561524697,-0.023564384207003918,0.7543437944870394,0.1229227429285431,-0.10682175655132685,-0.3238664290020286,0.6462226019397502,0.6498150946251421,0.6366813873659437,0.9107965490570328,1.0,0.6086760998984745,0.6857961991119236,0.6143683587907819,0.7478099279304468,0.6139524041720285,0.4939634031733016],[0.6258929818414299,0.6182826195974234,0.6258929818414299,0.6557594655760384,0.6557594655760384,0.7866990332409384,0.7866990332409384,0.8862803930151347,0.8862803930151347,0.33423229167653923,0.9318360444918312,0.5280313109229083,0.9317988612479531,0.9381502475385886,0.9312114386743265,0.8748554174553176,0.9201798000339297,0.7993024944393669,0.7993024944393669,0.16446385788979043,0.0010808168615633583,0.6586513423997521,0.6218657206882008,-0.5763696966820208,0.05849181250297194,0.582405166628089,0.5958965024975139,0.6526066121315218,0.5733186516311379,0.6086760998984745,1.0,0.7496847715517629,0.3895856556464579,0.5526897513320113,0.6438788774708484,0.7551544476170279],[0.6508578935796553,0.6484580545134462,0.6508578935796553,0.6412955072140437,0.6412955072140437,0.746147080055522,0.746147080055522,0.7908538719968479,0.7908538719968479,0.52393464258064,0.8562453694035207,0.689515371171505,0.8224435634333963,0.8155286870458069,0.8575546476041022,0.791809032117389,0.8899528929412114,0.767930952413972,0.767930952413972,0.3326652391144959,0.2982159840561879,0.6093298319354232,0.5014965727148313,-0.22524885273604753,0.15544353950196194,0.6726311195928123,0.5102968065956504,0.6229156870850935,0.701888930820262,0.6857961991119236,0.7496847715517629,1.0,0.7792514235563768,0.5269297278393665,0.7384333590743098,0.5654164626223486],[0.614902756037795,0.6393723202886854,0.614902756037795,0.5807102843546439,0.5807102843546439,0.6880678671473418,0.6880678671473418,0.7096159430952583,0.7096159430952583,0.5624215992560683,0.7386279056448217,0.6779532439572639,0.6959540822148532,0.6303558304079054,0.7403594326050296,0.7453832421593812,0.7862689118541335,0.7079110670860312,0.7079110670860312,0.5722746708155022,0.5551944670799009,0.5127176632352228,0.21310078987636713,-0.03931398751502874,0.2602740140604084,0.4333372921138055,0.46981224923743364,0.532655890848464,0.6695962756251495,0.6143683587907819,0.3895856556464579,0.7792514235563768,1.0,0.4991748936347462,0.6586508439731014,0.21554897125278513],[0.9331314988758156,0.9313636428221115,0.9331314988758156,0.9195486130489892,0.9195486130489892,0.8718534145063174,0.8718534145063174,0.8115308042341891,0.8115308042341891,0.7737944486199475,0.9020674836215653,0.7259155739767966,0.87910034517296,0.8958129104333264,0.9022108705306319,0.8927810258309277,0.917124494089524,0.8540228377400283,0.8540228377400283,0.7872097408258378,-0.14571499043257655,0.8974396383340452,0.06592836440836104,-0.08644737355775882,-0.36758102807419274,0.7216769810747095,0.8107232138629902,0.8340152732173901,0.8838078303905064,0.7478099279304468,0.5526897513320113,0.5269297278393665,0.4991748936347462,1.0,0.759028383310832,0.21503375050134796],[0.8570535208595719,0.7264984305459098,0.8570535208595719,0.8484441672946038,0.8484441672946038,0.8832097529907124,0.8832097529907124,0.8655654335142646,0.8655654335142646,0.6237409239691047,0.9510638582766276,0.6024320496570957,0.9559994003010492,0.9569873555526478,0.9511226646268547,0.8799962937210565,0.9594892053622048,0.7877987660704063,0.7877987660704063,0.49947302436965796,0.07442190899928167,0.7080601556988575,0.42506657805919124,-0.25839603634550595,0.10039812059575703,0.7181059049106969,0.6638275750343892,0.8547110961815503,0.5367404999878856,0.6139524041720285,0.6438788774708484,0.7384333590743098,0.6586508439731014,0.759028383310832,1.0,0.23457073057530256],[0.24270421482168983,0.24013093484022519,0.24270421482168983,0.2570859188056456,0.2570859188056456,0.508365982376416,0.508365982376416,0.8206576603066429,0.8206576603066429,0.1686280926683686,0.8134395795696457,0.6352217856882316,0.8370064467470001,0.8170506730367897,0.8137453665155073,0.8126145385160395,0.8586475857053182,0.8585354241914037,0.8585354241914037,-0.11701621326391166,0.13485550605802632,0.24137838272145787,0.4882642718966059,-0.4234655285486711,0.08511809399947877,0.4414485154097178,0.19045872874198044,0.26652939687669613,0.3249936748283599,0.4939634031733016,0.7551544476170279,0.5654164626223486,0.21554897125278513,0.21503375050134796,0.23457073057530256,1.0]],"x":["^TAIEX       \u81fa\u7063\u52a0\u6b0a\u5831\u916c\u6307\u6578","^TWII        \u81fa\u7063\u52a0\u6b0a\u6307\u6578","^TAIEXx2     \u81fa\u7063\u52a0\u6b0a\u5831\u916c\u6307\u6578_\u65e5\u6b632","^TAI50I      \u81fa\u706350\u5831\u916c\u6307\u6578","^TAI50Ix2    \u81fa\u706350\u5831\u916c\u6307\u6578_\u65e5\u6b632","^TAI100I     \u81fa\u7063\u4e2d\u578b100\u5831\u916c\u6307\u6578","^TAI100Ix2   \u81fa\u7063\u4e2d\u578b100\u5831\u916c\u6307\u6578_\u65e5\u6b632","^TAIDIVIDI   \u81fa\u7063\u9ad8\u80a1\u606f\u5831\u916c\u6307\u6578","^TAIDIVIDIx2 \u81fa\u7063\u9ad8\u80a1\u606f\u5831\u916c\u6307\u6578_\u65e5\u6b632","0050Fund     \u5143\u5927\u53f0\u7063\u5353\u8d8a50\u57fa\u91d1","006208Fund   \u5bcc\u90a6\u53f0\u7063\u91c6\u540950\u57fa\u91d1","0050         \u5143\u5927\u81fa\u706350","00631L       \u5143\u5927\u53f0\u706350\u6b632","00675L       \u5bcc\u90a6\u81fa\u7063\u52a0\u6b0a\u6b632","006208       \u5bcc\u90a6\u53f050","0051         \u5143\u5927\u4e2d\u578b100","006204       \u6c38\u8c50\u81fa\u7063\u52a0\u6b0a","0056         \u5143\u5927\u9ad8\u80a1\u606f","0056         \u5143\u5927\u9ad8\u80a1\u606f_\u80a1\u606f\u4e0d\u6295\u5165","2412         \u4e2d\u83ef\u96fb\u4fe1","2002         \u4e2d\u92fc","2330         \u53f0\u7a4d\u96fb","2317         \u9d3b\u6d77","6505         \u53f0\u5851\u77f3\u5316","3481         \u7fa4\u5275","2303         \u806f\u96fb","2308         \u53f0\u9054\u96fb","2454         \u806f\u767c\u79d1","2886         \u5146\u8c50\u91d1","2884         \u7389\u5c71\u91d1","2891         \u4e2d\u4fe1\u91d1","2892         \u7b2c\u4e00\u91d1","5880         \u5408\u5eab\u91d1","2881         \u5bcc\u90a6\u91d1","2885         \u5143\u5927\u91d1","2887         \u53f0\u65b0\u91d1"],"y":["^TAIEX       \u81fa\u7063\u52a0\u6b0a\u5831\u916c\u6307\u6578","^TWII        \u81fa\u7063\u52a0\u6b0a\u6307\u6578","^TAIEXx2     \u81fa\u7063\u52a0\u6b0a\u5831\u916c\u6307\u6578_\u65e5\u6b632","^TAI50I      \u81fa\u706350\u5831\u916c\u6307\u6578","^TAI50Ix2    \u81fa\u706350\u5831\u916c\u6307\u6578_\u65e5\u6b632","^TAI100I     \u81fa\u7063\u4e2d\u578b100\u5831\u916c\u6307\u6578","^TAI100Ix2   \u81fa\u7063\u4e2d\u578b100\u5831\u916c\u6307\u6578_\u65e5\u6b632","^TAIDIVIDI   \u81fa\u7063\u9ad8\u80a1\u606f\u5831\u916c\u6307\u6578","^TAIDIVIDIx2 \u81fa\u7063\u9ad8\u80a1\u606f\u5831\u916c\u6307\u6578_\u65e5\u6b632","0050Fund     \u5143\u5927\u53f0\u7063\u5353\u8d8a50\u57fa\u91d1","006208Fund   \u5bcc\u90a6\u53f0\u7063\u91c6\u540950\u57fa\u91d1","0050         \u5143\u5927\u81fa\u706350","00631L       \u5143\u5927\u53f0\u706350\u6b632","00675L       \u5bcc\u90a6\u81fa\u7063\u52a0\u6b0a\u6b632","006208       \u5bcc\u90a6\u53f050","0051         \u5143\u5927\u4e2d\u578b100","006204       \u6c38\u8c50\u81fa\u7063\u52a0\u6b0a","0056         \u5143\u5927\u9ad8\u80a1\u606f","0056         \u5143\u5927\u9ad8\u80a1\u606f_\u80a1\u606f\u4e0d\u6295\u5165","2412         \u4e2d\u83ef\u96fb\u4fe1","2002         \u4e2d\u92fc","2330         \u53f0\u7a4d\u96fb","2317         \u9d3b\u6d77","6505         \u53f0\u5851\u77f3\u5316","3481         \u7fa4\u5275","2303         \u806f\u96fb","2308         \u53f0\u9054\u96fb","2454         \u806f\u767c\u79d1","2886         \u5146\u8c50\u91d1","2884         \u7389\u5c71\u91d1","2891         \u4e2d\u4fe1\u91d1","2892         \u7b2c\u4e00\u91d1","5880         \u5408\u5eab\u91d1","2881         \u5bcc\u90a6\u91d1","2885         \u5143\u5927\u91d1","2887         \u53f0\u65b0\u91d1"],"zmin":-1,"zmax":1,"colorbar":{"x":-0.2}}],"layout":{"autotypenumbers":"strict","colorway":["#636efa","#EF553B","#00cc96","#ab63fa","#FFA15A","#19d3f3","#FF6692","#B6E880","#FF97FF","#FECB52"],"font":{"color":"#f2f5fa","family":"Courier New"},"hovermode":"closest","hoverlabel":{"align":"left"},"paper_bgcolor":"rgb(17,17,17)","plot_bgcolor":"rgb(17,17,17)","polar":{"bgcolor":"rgb(17,17,17)","angularaxis":{"gridcolor":"#506784","linecolor":"#506784","ticks":""},"radialaxis":{"gridcolor":"#506784","linecolor":"#506784","ticks":""}},"ternary":{"bgcolor":"rgb(17,17,17)","aaxis":{"gridcolor":"#506784","linecolor":"#506784","ticks":""},"baxis":{"gridcolor":"#506784","linecolor":"#506784","ticks":""},"caxis":{"gridcolor":"#506784","linecolor":"#506784","ticks":""}},"coloraxis":{"colorbar":{"outlinewidth":0,"ticks":""}},"colorscale":{"sequential":[[0.0,"#0d0887"],[0.1111111111111111,"#46039f"],[0.2222222222222222,"#7201a8"],[0.3333333333333333,"#9c179e"],[0.4444444444444444,"#bd3786"],[0.5555555555555556,"#d8576b"],[0.6666666666666666,"#ed7953"],[0.7777777777777778,"#fb9f3a"],[0.8888888888888888,"#fdca26"],[1.0,"#f0f921"]],"sequentialminus":[[0.0,"#0d0887"],[0.1111111111111111,"#46039f"],[0.2222222222222222,"#7201a8"],[0.3333333333333333,"#9c179e"],[0.4444444444444444,"#bd3786"],[0.5555555555555556,"#d8576b"],[0.6666666666666666,"#ed7953"],[0.7777777777777778,"#fb9f3a"],[0.8888888888888888,"#fdca26"],[1.0,"#f0f921"]],"diverging":[[0,"#8e0152"],[0.1,"#c51b7d"],[0.2,"#de77ae"],[0.3,"#f1b6da"],[0.4,"#fde0ef"],[0.5,"#f7f7f7"],[0.6,"#e6f5d0"],[0.7,"#b8e186"],[0.8,"#7fbc41"],[0.9,"#4d9221"],[1,"#276419"]]},"xaxis":{"gridcolor":"rgba(0, 0, 0, 0)","linecolor":"#506784","ticks":"","title":{"standoff":15},"zerolinecolor":"#283442","automargin":true,"zerolinewidth":2,"tickfont":{"family":"Courier New","size":14},"side":"top","tickangle":-90},"yaxis":{"gridcolor":"rgba(0, 0, 0, 0)","linecolor":"#506784","ticks":"","title":{"standoff":15},"zerolinecolor":"#283442","automargin":true,"zerolinewidth":2,"tickfont":{"family":"Courier New"},"side":"right"},"scene":{"xaxis":{"backgroundcolor":"rgb(17,17,17)","gridcolor":"#506784","linecolor":"#506784","showbackground":true,"ticks":"","zerolinecolor":"#C8D4E3","gridwidth":2},"yaxis":{"backgroundcolor":"rgb(17,17,17)","gridcolor":"#506784","linecolor":"#506784","showbackground":true,"ticks":"","zerolinecolor":"#C8D4E3","gridwidth":2},"zaxis":{"backgroundcolor":"rgb(17,17,17)","gridcolor":"#506784","linecolor":"#506784","showbackground":true,"ticks":"","zerolinecolor":"#C8D4E3","gridwidth":2}},"shapedefaults":{"line":{"color":"#f2f5fa"}},"annotationdefaults":{"arrowcolor":"#f2f5fa","arrowhead":0,"arrowwidth":1},"geo":{"bgcolor":"rgb(17,17,17)","landcolor":"rgb(17,17,17)","subunitcolor":"#506784","showland":true,"showlakes":true,"lakecolor":"rgb(17,17,17)"},"title":{"x":0.05,"font":{"family":"Times New Roman"},"y":0.05,"text":"<b>Correlation of Close<b><br><i>2016-09-23 ~ 2026-03-10<i>"},"updatemenudefaults":{"bgcolor":"#506784","borderwidth":0},"sliderdefaults":{"bgcolor":"#C8D4E3","borderwidth":1,"bordercolor":"rgb(17,17,17)","tickwidth":0},"mapbox":{"style":"dark"},"annotations":[{"text":"<b>@zwindr<b>","textangle":0,"opacity":0.5,"font":{"color":"white","size":12},"xref":"paper","yref":"paper","xanchor":"left","yanchor":"bottom","x":1.0,"y":1.0,"showarrow":false}]},"config":{"responsive":true,"toImageButtonOptions":{"filename":"Correlation of Close_2016-09-23~2026-03-10","scale":5}}};Plotly.newPlot("correlationClose",correlationClose.data,correlationClose.layout||{},correlationClose.config);}else{console.log("style display is none => correlationClose");}