var config = { responsive: true }

var correlationAdjClose = {"data": [{"type": "heatmap", "z": [[1.0, 0.9937818354168693, 0.9763019704069031, 0.9977594040202594, 0.9647814004559033, 0.9808800879092091, -0.9408207291038203, 0.9896945055428776, 0.9688120672138358, 0.9978282665639228, 0.9929575890435578, 0.9937629029202268, 0.9972826220791987, 0.9836035567939466, 0.9996532352149179, 0.989761955053379, 0.9189073541778857, 0.7511051332830643, 0.9855387775884158, 0.9180451938176677, 0.46600821431384076, -0.30231832631161026, 0.9002379143088349, 0.974028155528898, 0.9529688318413336], [0.9937818354168693, 1.0, 0.9716986709047041, 0.9913073441150928, 0.9605021805821151, 0.9760967531498744, -0.9360286120227127, 0.9801794809691037, 0.9616870242738721, 0.9933570582721211, 0.9919998982794163, 0.9912055965961581, 0.9952870279336216, 0.9772260438364022, 0.9965427191928373, 0.9830637610119957, 0.9076427275940275, 0.7596398781179299, 0.9667231927974238, 0.897124634709512, 0.4636191664527238, -0.22492970920441385, 0.873218114998082, 0.961466827285622, 0.9529215722806433], [0.9763019704069031, 0.9716986709047041, 1.0, 0.9821907390270621, 0.9962575066910155, 0.979037555818524, -0.9753035705335907, 0.9696451691327267, 0.9834750764248803, 0.9842946868932075, 0.9972360831546986, 0.9971071013161341, 0.9885519655932624, 0.9778764511804651, 0.9874144467561325, 0.9696088286383396, 0.8241663974898122, 0.6420148954929212, 0.9897168564858213, 0.9083655301817378, 0.30085424716407655, -0.22389693223818802, 0.907814605107362, 0.940987362326732, 0.9783982502777255], [0.9977594040202594, 0.9913073441150928, 0.9821907390270621, 1.0, 0.9759130950476835, 0.9732078142087871, -0.9355194728649244, 0.9842412917983687, 0.9661965704744562, 0.9999550400484027, 0.9915914542301694, 0.9898764594843416, 0.9999446940852196, 0.9733712504036217, 0.9961195769925224, 0.9841819607039873, 0.9054903920773646, 0.7227343104314672, 0.9931798242633048, 0.9195073344486634, 0.4442540127941571, -0.2940233207839094, 0.8993729160650228, 0.9680530505233053, 0.9590156298617225], [0.9647814004559033, 0.9605021805821151, 0.9962575066910155, 0.9759130950476835, 1.0, 0.959297036798564, -0.9571829678751905, 0.9553438739715192, 0.9716345745722131, 0.9801091361987273, 0.9875829474780752, 0.9839938136533017, 0.9849966013746494, 0.9572383581328368, 0.9761034410295444, 0.955284260707384, 0.804588074013657, 0.6089741882177744, 0.9890511338093815, 0.9050718388686596, 0.2795407155095171, -0.21733424402760967, 0.8910951591414217, 0.9261887618223926, 0.9763419505510159], [0.9808800879092091, 0.9760967531498744, 0.979037555818524, 0.9732078142087871, 0.959297036798564, 1.0, -0.9801200617215579, 0.9798691044864435, 0.9792481070763235, 0.9719408152446174, 0.9765952759671347, 0.9745533127385428, 0.9686836918628953, 0.9999104074498536, 0.9858229993352905, 0.9810032974070068, 0.8580235890061952, 0.7170099765967127, 0.9672200573303527, 0.8878555244949433, 0.3288242464954356, -0.21220051186925715, 0.9362907737346539, 0.9565081226414682, 0.9587841931175226], [-0.9408207291038203, -0.9360286120227127, -0.9753035705335907, -0.9355194728649244, -0.9571829678751905, -0.9801200617215579, 1.0, -0.9499920847218586, -0.9828395868514, -0.9407130984361108, -0.9734023340936065, -0.975311679912048, -0.9475988636269154, -0.983445364452864, -0.9633244219866183, -0.9531335999302754, -0.7683183639062364, -0.6143637864226952, -0.9414073140747231, -0.8776411812945698, -0.18468012785748203, 0.14541043378188914, -0.904062485319719, -0.9114584114392117, -0.9560573247228755], [0.9896945055428776, 0.9801794809691037, 0.9696451691327267, 0.9842412917983687, 0.9553438739715192, 0.9798691044864435, -0.9499920847218586, 1.0, 0.9818536325839039, 0.9835453300693079, 0.9750388990886519, 0.9739282136172069, 0.9796979189880244, 0.9818887828327307, 0.9871956575641437, 0.9998685595447722, 0.9211115076306272, 0.6876582508661498, 0.9740074973818708, 0.8912466229660911, 0.3288069751072783, -0.31027239889716834, 0.9046530836530315, 0.9553699459037545, 0.9356794154932455], [0.9688120672138358, 0.9616870242738721, 0.9834750764248803, 0.9661965704744562, 0.9716345745722131, 0.9792481070763235, -0.9828395868514, 0.9818536325839039, 1.0, 0.9648809891021392, 0.9718598301626229, 0.9688225395602824, 0.9621171991749196, 0.9784102143974553, 0.9688807960847867, 0.9811808899392016, 0.8455590609623136, 0.6128880891639883, 0.9665710285897695, 0.9022570124661393, 0.18490644360765623, -0.22767571546401735, 0.8861927910143788, 0.930697811116632, 0.9584590405555145], [0.9978282665639228, 0.9933570582721211, 0.9842946868932075, 0.9999550400484027, 0.9801091361987273, 0.9719408152446174, -0.9407130984361108, 0.9835453300693079, 0.9648809891021392, 1.0, 0.9913094535577517, 0.9894852612892333, 0.999960483601747, 0.9724866000598421, 0.9958535192433485, 0.9839980133933103, 0.9209254624655916, 0.6920042179732392, 0.9953075715274452, 0.9164870428323598, 0.2717000655858358, -0.2572643084874685, 0.9270461556946765, 0.962448236778729, 0.9538303195469633], [0.9929575890435578, 0.9919998982794163, 0.9972360831546986, 0.9915914542301694, 0.9875829474780752, 0.9765952759671347, -0.9734023340936065, 0.9750388990886519, 0.9718598301626229, 0.9913094535577517, 1.0, 0.9996681358254469, 0.9914256877827614, 0.977574324289763, 0.9933007710179853, 0.9765183960065141, 0.9077414877626652, 0.5944217299347591, 0.9866012857827637, 0.8868374219883648, -0.2851454349276255, 0.47804293105062634, 0.9083921176363994, 0.9533576816430259, 0.9767686919136543], [0.9937629029202268, 0.9912055965961581, 0.9971071013161341, 0.9898764594843416, 0.9839938136533017, 0.9745533127385428, -0.975311679912048, 0.9739282136172069, 0.9688225395602824, 0.9894852612892333, 0.9996681358254469, 1.0, 0.9897371763715714, 0.9756310442534706, 0.9938966282319192, 0.975668759129781, 0.9155269863157274, 0.4806162857012834, 0.9815330475526938, 0.8751431314514282, -0.6918918349393142, 0.4583630300317796, 0.8817202861833631, 0.9501531083857909, 0.9760822206280648], [0.9972826220791987, 0.9952870279336216, 0.9885519655932624, 0.9999446940852196, 0.9849966013746494, 0.9686836918628953, -0.9475988636269154, 0.9796979189880244, 0.9621171991749196, 0.999960483601747, 0.9914256877827614, 0.9897371763715714, 1.0, 0.9694481978466585, 0.9956643077246216, 0.9808748953671089, 0.9281831766194986, 0.6535913842601637, 0.9968125446193062, 0.8947226697852578, 0.00994357230012253, 0.4514071646475063, 0.9187690834084321, 0.9508459370668302, 0.9646036546951697], [0.9836035567939466, 0.9772260438364022, 0.9778764511804651, 0.9733712504036217, 0.9572383581328368, 0.9999104074498536, -0.983445364452864, 0.9818887828327307, 0.9784102143974553, 0.9724866000598421, 0.977574324289763, 0.9756310442534706, 0.9694481978466585, 1.0, 0.9863848869300175, 0.9811548590749379, 0.8818117569898238, 0.7195458408485269, 0.9660983190602506, 0.8833419149725313, 0.20465048527582622, -0.1896893793672675, 0.9450378955667865, 0.9593562515753203, 0.9556944014393902], [0.9996532352149179, 0.9965427191928373, 0.9874144467561325, 0.9961195769925224, 0.9761034410295444, 0.9858229993352905, -0.9633244219866183, 0.9871956575641437, 0.9688807960847867, 0.9958535192433485, 0.9933007710179853, 0.9938966282319192, 0.9956643077246216, 0.9863848869300175, 1.0, 0.9881447162396165, 0.9339584976181409, 0.6921339828972557, 0.9891122924098187, 0.8920469978442312, 0.05778724290621658, 0.4674441868261551, 0.9367137673271941, 0.9609017180123646, 0.9630752385222817], [0.989761955053379, 0.9830637610119957, 0.9696088286383396, 0.9841819607039873, 0.955284260707384, 0.9810032974070068, -0.9531335999302754, 0.9998685595447722, 0.9811808899392016, 0.9839980133933103, 0.9765183960065141, 0.975668759129781, 0.9808748953671089, 0.9811548590749379, 0.9881447162396165, 1.0, 0.9274968350994989, 0.6863208120239305, 0.9731222828418997, 0.8965806071293907, 0.29597474049380146, -0.29043036959517005, 0.9102850624848144, 0.9543851918833351, 0.9358613044450118], [0.9189073541778857, 0.9076427275940275, 0.8241663974898122, 0.9054903920773646, 0.804588074013657, 0.8580235890061952, -0.7683183639062364, 0.9211115076306272, 0.8455590609623136, 0.9209254624655916, 0.9077414877626652, 0.9155269863157274, 0.9281831766194986, 0.8818117569898238, 0.9339584976181409, 0.9274968350994989, 1.0, 0.8461265105609113, 0.8567695214141439, 0.870079355158366, 0.7091828632748272, -0.5342136712854447, 0.6909827824094684, 0.9169035169247776, 0.7961431936974342], [0.7511051332830643, 0.7596398781179299, 0.6420148954929212, 0.7227343104314672, 0.6089741882177744, 0.7170099765967127, -0.6143637864226952, 0.6876582508661498, 0.6128880891639883, 0.6920042179732392, 0.5944217299347591, 0.4806162857012834, 0.6535913842601637, 0.7195458408485269, 0.6921339828972557, 0.6863208120239305, 0.8461265105609113, 1.0, 0.6440040419196921, 0.7543691760406016, 0.7340802082625432, -0.11653860856667553, 0.5386498166578668, 0.7647201115637043, 0.647959034630994], [0.9855387775884158, 0.9667231927974238, 0.9897168564858213, 0.9931798242633048, 0.9890511338093815, 0.9672200573303527, -0.9414073140747231, 0.9740074973818708, 0.9665710285897695, 0.9953075715274452, 0.9866012857827637, 0.9815330475526938, 0.9968125446193062, 0.9660983190602506, 0.9891122924098187, 0.9731222828418997, 0.8567695214141439, 0.6440040419196921, 1.0, 0.8900444345303395, 0.3712230323635964, -0.2883065164970611, 0.8870118821043098, 0.9502304364335099, 0.9685170114049204], [0.9180451938176677, 0.897124634709512, 0.9083655301817378, 0.9195073344486634, 0.9050718388686596, 0.8878555244949433, -0.8776411812945698, 0.8912466229660911, 0.9022570124661393, 0.9164870428323598, 0.8868374219883648, 0.8751431314514282, 0.8947226697852578, 0.8833419149725313, 0.8920469978442312, 0.8965806071293907, 0.870079355158366, 0.7543691760406016, 0.8900444345303395, 1.0, 0.4136547094949544, -0.18430900756659868, 0.6924585223565671, 0.9152646492538501, 0.8798447186682973], [0.46600821431384076, 0.4636191664527238, 0.30085424716407655, 0.4442540127941571, 0.2795407155095171, 0.3288242464954356, -0.18468012785748203, 0.3288069751072783, 0.18490644360765623, 0.2717000655858358, -0.2851454349276255, -0.6918918349393142, 0.00994357230012253, 0.20465048527582622, 0.05778724290621658, 0.29597474049380146, 0.7091828632748272, 0.7340802082625432, 0.3712230323635964, 0.4136547094949544, 1.0, -0.40209826243134067, 0.3062007144082612, 0.45121567808177415, 0.24595184365449965], [-0.30231832631161026, -0.22492970920441385, -0.22389693223818802, -0.2940233207839094, -0.21733424402760967, -0.21220051186925715, 0.14541043378188914, -0.31027239889716834, -0.22767571546401735, -0.2572643084874685, 0.47804293105062634, 0.4583630300317796, 0.4514071646475063, -0.1896893793672675, 0.4674441868261551, -0.29043036959517005, -0.5342136712854447, -0.11653860856667553, -0.2883065164970611, -0.18430900756659868, -0.40209826243134067, 1.0, -0.14399499953415462, -0.3334202541921025, -0.17139870693525472], [0.9002379143088349, 0.873218114998082, 0.907814605107362, 0.8993729160650228, 0.8910951591414217, 0.9362907737346539, -0.904062485319719, 0.9046530836530315, 0.8861927910143788, 0.9270461556946765, 0.9083921176363994, 0.8817202861833631, 0.9187690834084321, 0.9450378955667865, 0.9367137673271941, 0.9102850624848144, 0.6909827824094684, 0.5386498166578668, 0.8870118821043098, 0.6924585223565671, 0.3062007144082612, -0.14399499953415462, 1.0, 0.8348286663657567, 0.8856637529219735], [0.974028155528898, 0.961466827285622, 0.940987362326732, 0.9680530505233053, 0.9261887618223926, 0.9565081226414682, -0.9114584114392117, 0.9553699459037545, 0.930697811116632, 0.962448236778729, 0.9533576816430259, 0.9501531083857909, 0.9508459370668302, 0.9593562515753203, 0.9609017180123646, 0.9543851918833351, 0.9169035169247776, 0.7647201115637043, 0.9502304364335099, 0.9152646492538501, 0.45121567808177415, -0.3334202541921025, 0.8348286663657567, 1.0, 0.9297640888201634], [0.9529688318413336, 0.9529215722806433, 0.9783982502777255, 0.9590156298617225, 0.9763419505510159, 0.9587841931175226, -0.9560573247228755, 0.9356794154932455, 0.9584590405555145, 0.9538303195469633, 0.9767686919136543, 0.9760822206280648, 0.9646036546951697, 0.9556944014393902, 0.9630752385222817, 0.9358613044450118, 0.7961431936974342, 0.647959034630994, 0.9685170114049204, 0.8798447186682973, 0.24595184365449965, -0.17139870693525472, 0.8856637529219735, 0.9297640888201634, 1.0]], "x": ["^TAIEX       \u81fa\u7063\u52a0\u6b0a\u5831\u916c\u6307\u6578", "^TWII        \u81fa\u7063\u52a0\u6b0a\u6307\u6578", "^TAIEXx2     \u81fa\u7063\u52a0\u6b0a\u5831\u916c\u6307\u6578_\u65e5\u6b632", "^TAI50I      \u81fa\u706350\u5831\u916c\u6307\u6578", "^TAI50Ix2    \u81fa\u706350\u5831\u916c\u6307\u6578_\u65e5\u6b632", "^TAI100I     \u81fa\u7063\u4e2d\u578b100\u5831\u916c\u6307\u6578", "^TAI100Ix2   \u81fa\u7063\u4e2d\u578b100\u5831\u916c\u6307\u6578_\u65e5\u6b632", "^TAIDIVIDI   \u81fa\u7063\u9ad8\u80a1\u606f\u5831\u916c\u6307\u6578", "^TAIDIVIDIx2 \u81fa\u7063\u9ad8\u80a1\u606f\u5831\u916c\u6307\u6578_\u65e5\u6b632", "0050         \u5143\u5927\u81fa\u706350", "00631L       \u5143\u5927\u53f0\u706350\u6b632", "00675L       \u5bcc\u90a6\u81fa\u7063\u52a0\u6b0a\u6b632", "006208       \u5bcc\u90a6\u53f050", "0051         \u5143\u5927\u4e2d\u578b100", "006204       \u6c38\u8c50\u81fa\u7063\u52a0\u6b0a", "0056         \u5143\u5927\u9ad8\u80a1\u606f", "2412         \u4e2d\u83ef\u96fb\u4fe1", "2002         \u4e2d\u92fc", "2330         \u53f0\u7a4d\u96fb", "2317         \u9d3b\u6d77", "6505         \u53f0\u5851\u77f3\u5316", "3481         \u7fa4\u5275", "2303         \u806f\u96fb", "2308         \u53f0\u9054\u96fb", "2454         \u806f\u767c\u79d1"], "y": ["^TAIEX       \u81fa\u7063\u52a0\u6b0a\u5831\u916c\u6307\u6578", "^TWII        \u81fa\u7063\u52a0\u6b0a\u6307\u6578", "^TAIEXx2     \u81fa\u7063\u52a0\u6b0a\u5831\u916c\u6307\u6578_\u65e5\u6b632", "^TAI50I      \u81fa\u706350\u5831\u916c\u6307\u6578", "^TAI50Ix2    \u81fa\u706350\u5831\u916c\u6307\u6578_\u65e5\u6b632", "^TAI100I     \u81fa\u7063\u4e2d\u578b100\u5831\u916c\u6307\u6578", "^TAI100Ix2   \u81fa\u7063\u4e2d\u578b100\u5831\u916c\u6307\u6578_\u65e5\u6b632", "^TAIDIVIDI   \u81fa\u7063\u9ad8\u80a1\u606f\u5831\u916c\u6307\u6578", "^TAIDIVIDIx2 \u81fa\u7063\u9ad8\u80a1\u606f\u5831\u916c\u6307\u6578_\u65e5\u6b632", "0050         \u5143\u5927\u81fa\u706350", "00631L       \u5143\u5927\u53f0\u706350\u6b632", "00675L       \u5bcc\u90a6\u81fa\u7063\u52a0\u6b0a\u6b632", "006208       \u5bcc\u90a6\u53f050", "0051         \u5143\u5927\u4e2d\u578b100", "006204       \u6c38\u8c50\u81fa\u7063\u52a0\u6b0a", "0056         \u5143\u5927\u9ad8\u80a1\u606f", "2412         \u4e2d\u83ef\u96fb\u4fe1", "2002         \u4e2d\u92fc", "2330         \u53f0\u7a4d\u96fb", "2317         \u9d3b\u6d77", "6505         \u53f0\u5851\u77f3\u5316", "3481         \u7fa4\u5275", "2303         \u806f\u96fb", "2308         \u53f0\u9054\u96fb", "2454         \u806f\u767c\u79d1"], "zmin": -1, "zmax": 1, "colorbar": {"x": -0.2}}], "layout": {"autotypenumbers": "strict", "colorway": ["#636efa", "#EF553B", "#00cc96", "#ab63fa", "#FFA15A", "#19d3f3", "#FF6692", "#B6E880", "#FF97FF", "#FECB52"], "font": {"color": "#f2f5fa", "family": "Courier New"}, "hovermode": "closest", "hoverlabel": {"align": "left"}, "paper_bgcolor": "rgb(17,17,17)", "plot_bgcolor": "rgb(17,17,17)", "polar": {"bgcolor": "rgb(17,17,17)", "angularaxis": {"gridcolor": "#506784", "linecolor": "#506784", "ticks": ""}, "radialaxis": {"gridcolor": "#506784", "linecolor": "#506784", "ticks": ""}}, "ternary": {"bgcolor": "rgb(17,17,17)", "aaxis": {"gridcolor": "#506784", "linecolor": "#506784", "ticks": ""}, "baxis": {"gridcolor": "#506784", "linecolor": "#506784", "ticks": ""}, "caxis": {"gridcolor": "#506784", "linecolor": "#506784", "ticks": ""}}, "coloraxis": {"colorbar": {"outlinewidth": 0, "ticks": ""}}, "colorscale": {"sequential": [[0.0, "#0d0887"], [0.1111111111111111, "#46039f"], [0.2222222222222222, "#7201a8"], [0.3333333333333333, "#9c179e"], [0.4444444444444444, "#bd3786"], [0.5555555555555556, "#d8576b"], [0.6666666666666666, "#ed7953"], [0.7777777777777778, "#fb9f3a"], [0.8888888888888888, "#fdca26"], [1.0, "#f0f921"]], "sequentialminus": [[0.0, "#0d0887"], [0.1111111111111111, "#46039f"], [0.2222222222222222, "#7201a8"], [0.3333333333333333, "#9c179e"], [0.4444444444444444, "#bd3786"], [0.5555555555555556, "#d8576b"], [0.6666666666666666, "#ed7953"], [0.7777777777777778, "#fb9f3a"], [0.8888888888888888, "#fdca26"], [1.0, "#f0f921"]], "diverging": [[0, "#8e0152"], [0.1, "#c51b7d"], [0.2, "#de77ae"], [0.3, "#f1b6da"], [0.4, "#fde0ef"], [0.5, "#f7f7f7"], [0.6, "#e6f5d0"], [0.7, "#b8e186"], [0.8, "#7fbc41"], [0.9, "#4d9221"], [1, "#276419"]]}, "xaxis": {"gridcolor": "rgba(0, 0, 0, 0)", "linecolor": "#506784", "ticks": "", "title": {"standoff": 15}, "zerolinecolor": "#283442", "automargin": true, "zerolinewidth": 2, "tickfont": {"family": "Courier New", "size": 14}, "side": "top", "tickangle": -90}, "yaxis": {"gridcolor": "rgba(0, 0, 0, 0)", "linecolor": "#506784", "ticks": "", "title": {"standoff": 15}, "zerolinecolor": "#283442", "automargin": true, "zerolinewidth": 2, "tickfont": {"family": "Courier New"}, "side": "right"}, "scene": {"xaxis": {"backgroundcolor": "rgb(17,17,17)", "gridcolor": "#506784", "linecolor": "#506784", "showbackground": true, "ticks": "", "zerolinecolor": "#C8D4E3", "gridwidth": 2}, "yaxis": {"backgroundcolor": "rgb(17,17,17)", "gridcolor": "#506784", "linecolor": "#506784", "showbackground": true, "ticks": "", "zerolinecolor": "#C8D4E3", "gridwidth": 2}, "zaxis": {"backgroundcolor": "rgb(17,17,17)", "gridcolor": "#506784", "linecolor": "#506784", "showbackground": true, "ticks": "", "zerolinecolor": "#C8D4E3", "gridwidth": 2}}, "shapedefaults": {"line": {"color": "#f2f5fa"}}, "annotationdefaults": {"arrowcolor": "#f2f5fa", "arrowhead": 0, "arrowwidth": 1}, "geo": {"bgcolor": "rgb(17,17,17)", "landcolor": "rgb(17,17,17)", "subunitcolor": "#506784", "showland": true, "showlakes": true, "lakecolor": "rgb(17,17,17)"}, "title": {"x": 0.05, "font": {"family": "Times New Roman"}, "y": 0.05, "text": "<b>Correlation of Adj Close <b><br><i>2016/09/23 ~ 2025/06/25<i>"}, "updatemenudefaults": {"bgcolor": "#506784", "borderwidth": 0}, "sliderdefaults": {"bgcolor": "#C8D4E3", "borderwidth": 1, "bordercolor": "rgb(17,17,17)", "tickwidth": 0}, "mapbox": {"style": "dark"}, "height": 600}};

Plotly.newPlot("correlationAdjClose",
    correlationAdjClose.data,
    correlationAdjClose.layout || {},
    config);