var element=document.getElementById("correlationClose");if(element.style.display!='none'){var correlationClose={"data":[{"type":"heatmap","z":[[1.0,0.9999999999999979,1.0,0.9956575520767221,0.9956575520767221,0.9794459961505634,0.9794459961505634,0.935072547276952,0.935072547276952,0.6581624051106307,0.9964663185855449,0.5888159704664254,0.8979380428209421,0.9848702971503025,0.9965296359599636,0.9821876166906169,0.9994593479677902,0.9168686241148363,0.9168686241148363,0.741368448994564,-0.23615497051422152,0.9858779740370518,0.34709352338811866,-0.21146579993663406,-0.1291105815785239,0.8664563369052517,0.8971262811704468,0.9225642813659859,0.871397773557689,0.7674486078881279,0.7416258746830764,0.6585140638553407,0.5625164996599754,0.9242511220305037,0.9043088467773114,0.38782945307345534],[0.9999999999999979,1.0,0.999999999999998,0.995606171474901,0.995606171474901,0.9791500756092549,0.9791500756092549,0.9357985655334224,0.9357985655334224,0.6564684854791656,0.9965045261005814,0.5859628161684045,0.8998581933224197,0.9846536768121562,0.9965802044500267,0.9821549796826606,0.9994652343630569,0.9170632048990872,0.9170632048990872,0.7555239534493423,-0.037367390022093716,0.9807246148263697,0.0870393352502281,-0.20667969842456543,-0.12470008413063284,0.7581856329214869,0.8939613096571506,0.9094934831339764,0.8679400779361321,0.773134219634142,0.7385946182415747,0.6577102411632356,0.584508766376736,0.924305058718768,0.8100537722430082,0.3893397207910799],[1.0,0.999999999999998,1.0,0.9956575520767221,0.9956575520767221,0.9794459961505634,0.9794459961505634,0.935072547276952,0.935072547276952,0.6581624051106307,0.9964663185855449,0.5888159704664254,0.8979380428209421,0.9848702971503025,0.9965296359599636,0.9821876166906169,0.9994593479677902,0.9168686241148363,0.9168686241148363,0.741368448994564,-0.23615497051422152,0.9858779740370518,0.34709352338811866,-0.21146579993663406,-0.1291105815785239,0.8664563369052517,0.8971262811704468,0.9225642813659859,0.871397773557689,0.7674486078881279,0.7416258746830764,0.6585140638553407,0.5625164996599754,0.9242511220305037,0.9043088467773114,0.38782945307345534],[0.9956575520767221,0.995606171474901,0.9956575520767221,1.0,1.0,0.9692667256205085,0.9692667256205085,0.9208918932831321,0.9208918932831321,0.6105504760813794,0.9997633471333317,0.5437033747256884,0.9054660897015104,0.9887978996718404,0.9997268575070019,0.9681815143909043,0.9959715593818359,0.890297749301409,0.890297749301409,0.705607584144837,-0.2406899604007214,0.9941960568644482,0.3730496372590638,-0.24115831416562614,-0.11867617716091626,0.8607335984185037,0.9204175553899657,0.9307687738522228,0.8408823581579784,0.7551778285596336,0.7667646638573302,0.6435918789803732,0.5238168222153519,0.9052305853951907,0.9009633671357472,0.4047314176732456],[0.9956575520767221,0.995606171474901,0.9956575520767221,1.0,1.0,0.9692667256205085,0.9692667256205085,0.9208918932831321,0.9208918932831321,0.6105504760813794,0.9997633471333317,0.5437033747256884,0.9054660897015104,0.9887978996718404,0.9997268575070019,0.9681815143909043,0.9959715593818359,0.890297749301409,0.890297749301409,0.705607584144837,-0.2406899604007214,0.9941960568644482,0.3730496372590638,-0.24115831416562614,-0.11867617716091626,0.8607335984185037,0.9204175553899657,0.9307687738522228,0.8408823581579784,0.7551778285596336,0.7667646638573302,0.6435918789803732,0.5238168222153519,0.9052305853951907,0.9009633671357472,0.4047314176732456],[0.9794459961505634,0.9791500756092549,0.9794459961505634,0.9692667256205085,0.9692667256205085,1.0,1.0,0.9524584354226231,0.9524584354226231,0.6472431333732453,0.9679316656784855,0.6156208102728694,0.8711322496220517,0.9513851788869433,0.9679154886214232,0.9992478202900935,0.9833113178352447,0.9248333292298813,0.9248333292298813,0.6542585441624194,-0.20335067226581188,0.9612642181296566,0.45680777823352636,-0.36057682560984833,-0.041296568948051074,0.9045556178603867,0.8637740117544155,0.9236335962696538,0.8626558660387134,0.7477070165254749,0.8520890387155037,0.7391912132443988,0.6288580545926526,0.8813729101890242,0.9191198328920582,0.6111157934340884],[0.9794459961505634,0.9791500756092549,0.9794459961505634,0.9692667256205085,0.9692667256205085,1.0,1.0,0.9524584354226231,0.9524584354226231,0.6472431333732453,0.9679316656784855,0.6156208102728694,0.8711322496220517,0.9513851788869433,0.9679154886214232,0.9992478202900935,0.9833113178352447,0.9248333292298813,0.9248333292298813,0.6542585441624194,-0.20335067226581188,0.9612642181296566,0.45680777823352636,-0.36057682560984833,-0.041296568948051074,0.9045556178603867,0.8637740117544155,0.9236335962696538,0.8626558660387134,0.7477070165254749,0.8520890387155037,0.7391912132443988,0.6288580545926526,0.8813729101890242,0.9191198328920582,0.6111157934340884],[0.935072547276952,0.9357985655334224,0.935072547276952,0.9208918932831321,0.9208918932831321,0.9524584354226231,0.9524584354226231,1.0,1.0,0.6280782201678194,0.9514106321461309,0.6262164591341912,0.8488161425260053,0.9301077483062801,0.9513579998105387,0.9544450890933739,0.9608140494214745,0.9722472921879621,0.9722472921879621,0.6233806570364053,-0.0978281096422738,0.8977970986464299,0.6477014557311767,-0.3964937359369261,0.06734556608758446,0.8527216077259006,0.7916006122250799,0.8903594540652284,0.8402314855477307,0.7654722506781714,0.9175025258503652,0.7839024471990036,0.6577684596409611,0.8430550946402803,0.9037543595995754,0.8646418146811637],[0.935072547276952,0.9357985655334224,0.935072547276952,0.9208918932831321,0.9208918932831321,0.9524584354226231,0.9524584354226231,1.0,1.0,0.6280782201678194,0.9514106321461309,0.6262164591341912,0.8488161425260053,0.9301077483062801,0.9513579998105387,0.9544450890933739,0.9608140494214745,0.9722472921879621,0.9722472921879621,0.6233806570364053,-0.0978281096422738,0.8977970986464299,0.6477014557311767,-0.3964937359369261,0.06734556608758446,0.8527216077259006,0.7916006122250799,0.8903594540652284,0.8402314855477307,0.7654722506781714,0.9175025258503652,0.7839024471990036,0.6577684596409611,0.8430550946402803,0.9037543595995754,0.8646418146811637],[0.6581624051106307,0.6564684854791656,0.6581624051106307,0.6105504760813794,0.6105504760813794,0.6472431333732453,0.6472431333732453,0.6280782201678194,0.6280782201678194,1.0,0.44966588414831626,0.9999683992885257,0.23688704067497052,0.19030834429840593,0.45229829766661134,0.6377518654086664,0.525187959196678,0.7334220093469834,0.7334220093469834,0.6821855790632553,-0.10563407067121716,0.5911351977342147,0.05209791535383353,0.04061749055646503,-0.23396318965494536,0.6468637717031849,0.31695276506370323,0.5397249575022701,0.7887764790339026,0.6643197823020504,0.31110344597462336,0.5202778921053461,0.5639988681419468,0.7329425387618046,0.5342753961027962,0.17877734091352507],[0.9964663185855449,0.9965045261005814,0.9964663185855449,0.9997633471333317,0.9997633471333317,0.9679316656784855,0.9679316656784855,0.9514106321461309,0.9514106321461309,0.44966588414831626,1.0,0.4498750154625256,0.9053357399824723,0.988315379203638,0.9999585609814503,0.9651572564427102,0.9958915390661047,0.9032516613927645,0.9032516613927645,0.8328748449906861,-0.18300560621914239,0.9969846170434057,0.9153333696380872,-0.5372560937264241,0.6873294200768569,0.8696639788202198,0.9139927116733041,0.9425429538855308,0.8247973887161321,0.7756594827712736,0.9557154532848484,0.8113559202752024,0.637466875544827,0.8962802719253105,0.9699162023154891,0.8763200159318516],[0.5888159704664254,0.5859628161684045,0.5888159704664254,0.5437033747256884,0.5437033747256884,0.6156208102728694,0.6156208102728694,0.6262164591341912,0.6262164591341912,0.9999683992885257,0.4498750154625256,1.0,0.23655463442452077,0.18931177155588905,0.45124189803312514,0.623773100839898,0.5240459491837107,0.7195933468547318,0.7195933468547318,0.6285043709440113,0.024496256865928105,0.5279039882906413,0.3662027497269336,-0.16531143619174166,-0.19216206184724405,0.650749127066125,0.23201421334903613,0.492110562152762,0.7527171560821657,0.6770142715074576,0.4404715873308877,0.6668904663481138,0.6751595918887033,0.6711860256751206,0.4888779645006469,0.5384469504768815],[0.8979380428209421,0.8998581933224197,0.8979380428209421,0.9054660897015104,0.9054660897015104,0.8711322496220517,0.8711322496220517,0.8488161425260053,0.8488161425260053,0.23688704067497052,0.9053357399824723,0.23655463442452077,1.0,0.9998963562121633,0.9057651832441697,0.8672628103605948,0.8980029256346339,0.7802343022784086,0.7802343022784086,0.6610589298009589,-0.16630628929957822,0.8978269010267127,0.831619930858963,-0.6033521232052476,0.7588611598924161,0.7827342701541209,0.8960926373856791,0.8996328632959785,0.6662058523251785,0.6033581410565501,0.8812302440487195,0.6525238124716208,0.4581988359101456,0.7929221392064344,0.8909237233469484,0.8332833260155009],[0.9848702971503025,0.9846536768121562,0.9848702971503025,0.9887978996718404,0.9887978996718404,0.9513851788869433,0.9513851788869433,0.9301077483062801,0.9301077483062801,0.19030834429840593,0.988315379203638,0.18931177155588905,0.9998963562121633,1.0,0.9884224560171551,0.9459468695670872,0.9822532790717977,0.8674786048808728,0.8674786048808728,0.8178262953607683,-0.2861406509137082,0.9783137006251408,0.8830374805137767,-0.6770581342220345,0.8089072349980442,0.8405324921305335,0.9582502198603481,0.9587023111834847,0.7288398343008068,0.653208482791969,0.9449690867074982,0.7358020365987313,0.4587462392278637,0.8603804673050636,0.9661836171871405,0.8875161429170572],[0.9965296359599636,0.9965802044500267,0.9965296359599636,0.9997268575070019,0.9997268575070019,0.9679154886214232,0.9679154886214232,0.9513579998105387,0.9513579998105387,0.45229829766661134,0.9999585609814503,0.45124189803312514,0.9057651832441697,0.9884224560171551,1.0,0.9654379292759792,0.9959955205201813,0.9047680440915169,0.9047680440915169,0.8329672894549366,-0.18350607489451606,0.9969006225346382,0.9149688008982673,-0.5345193623910578,0.6893821814036087,0.8711621429499307,0.9136935937577175,0.942563049118331,0.8257342011368134,0.776698260805619,0.9556827393477486,0.8127589887778885,0.6383532263830308,0.8969123094245156,0.9701897209718088,0.8775418244478961],[0.9821876166906169,0.9821549796826606,0.9821876166906169,0.9681815143909043,0.9681815143909043,0.9992478202900935,0.9992478202900935,0.9544450890933739,0.9544450890933739,0.6377518654086664,0.9651572564427102,0.623773100839898,0.8672628103605948,0.9459468695670872,0.9654379292759792,1.0,0.9823476592391899,0.9285222145580131,0.9285222145580131,0.7044213436593697,-0.19731720076985715,0.9632237327873552,0.7594340130912304,-0.4836749897814942,0.008457994414480322,0.9126480249276958,0.8525198874019402,0.91755343155798,0.8698829148428038,0.7775115117261518,0.9138741246778291,0.7811401005584285,0.681565653269358,0.9025563049271647,0.9172387648136454,0.8601202156272721],[0.9994593479677902,0.9994652343630569,0.9994593479677902,0.9959715593818359,0.9959715593818359,0.9833113178352447,0.9833113178352447,0.9608140494214745,0.9608140494214745,0.525187959196678,0.9958915390661047,0.5240459491837107,0.8980029256346339,0.9822532790717977,0.9959955205201813,0.9823476592391899,1.0,0.9293663169031713,0.9293663169031713,0.851792631190071,-0.16721235571831727,0.992204761549715,0.903185213013422,-0.5309605763774545,0.6735154175000947,0.8969315571773426,0.8943394527510536,0.9413319955337276,0.8645011596157903,0.8018795761724768,0.9491283848738576,0.8515572545383604,0.693558593899621,0.9139392916028956,0.9742464812314441,0.9012245888581123],[0.9168686241148363,0.9170632048990872,0.9168686241148363,0.890297749301409,0.890297749301409,0.9248333292298813,0.9248333292298813,0.9722472921879621,0.9722472921879621,0.7334220093469834,0.9032516613927645,0.7195933468547318,0.7802343022784086,0.8674786048808728,0.9047680440915169,0.9285222145580131,0.9293663169031713,1.0,1.0,0.7598577107372143,-0.13391268567085013,0.8685609913132064,0.6631747379735357,-0.2940237719727799,-0.05973274129842803,0.8620432051345568,0.7165629281547417,0.8339224379954505,0.9101403681798719,0.8425629848937614,0.8397805213260323,0.7782964291689358,0.6800865157137512,0.8799684906959881,0.8305111762192054,0.8831461752415761],[0.9168686241148363,0.9170632048990872,0.9168686241148363,0.890297749301409,0.890297749301409,0.9248333292298813,0.9248333292298813,0.9722472921879621,0.9722472921879621,0.7334220093469834,0.9032516613927645,0.7195933468547318,0.7802343022784086,0.8674786048808728,0.9047680440915169,0.9285222145580131,0.9293663169031713,1.0,1.0,0.7598577107372143,-0.13391268567085013,0.8685609913132064,0.6631747379735357,-0.2940237719727799,-0.05973274129842803,0.8620432051345568,0.7165629281547417,0.8339224379954505,0.9101403681798719,0.8425629848937614,0.8397805213260323,0.7782964291689358,0.6800865157137512,0.8799684906959881,0.8305111762192054,0.8831461752415761],[0.741368448994564,0.7555239534493423,0.741368448994564,0.705607584144837,0.705607584144837,0.6542585441624194,0.6542585441624194,0.6233806570364053,0.6233806570364053,0.6821855790632553,0.8328748449906861,0.6285043709440113,0.6610589298009589,0.8178262953607683,0.8329672894549366,0.7044213436593697,0.851792631190071,0.7598577107372143,0.7598577107372143,1.0,-0.005997983800163531,0.6780515556252621,-0.24404091048792192,0.23830222675894103,-0.6010311401374113,0.41029629777229326,0.5473255032527413,0.4955915968016859,0.8479607721742408,0.7196984984086637,0.25171680195398605,0.36900227372418226,0.5796781730736507,0.7876964636855552,0.5176027038056138,-0.03023060388805151],[-0.23615497051422152,-0.037367390022093716,-0.23615497051422152,-0.2406899604007214,-0.2406899604007214,-0.20335067226581188,-0.20335067226581188,-0.0978281096422738,-0.0978281096422738,-0.10563407067121716,-0.18300560621914239,0.024496256865928105,-0.16630628929957822,-0.2861406509137082,-0.18350607489451606,-0.19731720076985715,-0.16721235571831727,-0.13391268567085013,-0.13391268567085013,-0.005997983800163531,1.0,-0.16414308724421292,0.05697850081741116,0.1958340578045717,0.7096626831174773,-0.14562256962086373,-0.1392410547832888,-0.11869359218234732,0.10602267989827543,-0.05842619938740711,-0.08123553715293946,0.2417345242921932,0.5360156637573571,-0.1864014207586938,0.002178225841927504,0.0727857391271931],[0.9858779740370518,0.9807246148263697,0.9858779740370518,0.9941960568644482,0.9941960568644482,0.9612642181296566,0.9612642181296566,0.8977970986464299,0.8977970986464299,0.5911351977342147,0.9969846170434057,0.5279039882906413,0.8978269010267127,0.9783137006251408,0.9969006225346382,0.9632237327873552,0.992204761549715,0.8685609913132064,0.8685609913132064,0.6780515556252621,-0.16414308724421292,1.0,0.2819417852221515,-0.28243496889288966,-0.15427667479112955,0.7657457372286784,0.9179753888296615,0.9130931390515679,0.8006309708021717,0.7341899683505028,0.7690726769665196,0.6242816899611687,0.47368111942765156,0.8929058548142904,0.7992447374685395,0.3939058162650608],[0.34709352338811866,0.0870393352502281,0.34709352338811866,0.3730496372590638,0.3730496372590638,0.45680777823352636,0.45680777823352636,0.6477014557311767,0.6477014557311767,0.05209791535383353,0.9153333696380872,0.3662027497269336,0.831619930858963,0.8830374805137767,0.9149688008982673,0.7594340130912304,0.903185213013422,0.6631747379735357,0.6631747379735357,-0.24404091048792192,0.05697850081741116,0.2819417852221515,1.0,-0.4937520463850891,0.6800423756265426,0.4590051133391933,0.3167137235661911,0.4433989507014574,0.015023938042881784,0.18545863236027396,0.6552554812951186,0.5364992077663209,0.23195193246281898,0.1718358602337637,0.4820884202295276,0.5356439752827685],[-0.21146579993663406,-0.20667969842456543,-0.21146579993663406,-0.24115831416562614,-0.24115831416562614,-0.36057682560984833,-0.36057682560984833,-0.3964937359369261,-0.3964937359369261,0.04061749055646503,-0.5372560937264241,-0.16531143619174166,-0.6033521232052476,-0.6770581342220345,-0.5345193623910578,-0.4836749897814942,-0.5309605763774545,-0.2940237719727799,-0.2940237719727799,0.23830222675894103,0.1958340578045717,-0.28243496889288966,-0.4937520463850891,1.0,-0.04211520984242871,-0.23528506841735863,-0.2646817560294845,-0.3276325781484411,-0.11216115079456858,-0.14135760501244643,-0.5567808161971187,-0.2528236244613077,-0.055405760356548955,-0.13737938731675362,-0.2941677776668273,-0.4391442024786688],[-0.1291105815785239,-0.12470008413063284,-0.1291105815785239,-0.11867617716091626,-0.11867617716091626,-0.041296568948051074,-0.041296568948051074,0.06734556608758446,0.06734556608758446,-0.23396318965494536,0.6873294200768569,-0.19216206184724405,0.7588611598924161,0.8089072349980442,0.6893821814036087,0.008457994414480322,0.6735154175000947,-0.05973274129842803,-0.05973274129842803,-0.6010311401374113,0.7096626831174773,-0.15427667479112955,0.6800423756265426,-0.04211520984242871,1.0,-0.009606999168422621,-0.03241831218751009,0.040811401020913685,-0.3027118760279462,-0.2850182945153472,0.10948054569300865,0.1765506636579028,0.26846321606882084,-0.28573185843674287,0.1445026710485785,0.1299987426457912],[0.8664563369052517,0.7581856329214869,0.8664563369052517,0.8607335984185037,0.8607335984185037,0.9045556178603867,0.9045556178603867,0.8527216077259006,0.8527216077259006,0.6468637717031849,0.8696639788202198,0.650749127066125,0.7827342701541209,0.8405324921305335,0.8711621429499307,0.9126480249276958,0.8969315571773426,0.8620432051345568,0.8620432051345568,0.41029629777229326,-0.14562256962086373,0.7657457372286784,0.4590051133391933,-0.23528506841735863,-0.009606999168422621,1.0,0.6961911958630667,0.8957696083412695,0.5495632960473111,0.6367619360947145,0.7109878167215887,0.6641413465785458,0.41163636904190226,0.7624438084667783,0.7958151199514415,0.5442788987078705],[0.8971262811704468,0.8939613096571506,0.8971262811704468,0.9204175553899657,0.9204175553899657,0.8637740117544155,0.8637740117544155,0.7916006122250799,0.7916006122250799,0.31695276506370323,0.9139927116733041,0.23201421334903613,0.8960926373856791,0.9582502198603481,0.9136935937577175,0.8525198874019402,0.8943394527510536,0.7165629281547417,0.7165629281547417,0.5473255032527413,-0.1392410547832888,0.9179753888296615,0.3167137235661911,-0.2646817560294845,-0.03241831218751009,0.6961911958630667,1.0,0.8928515511275998,0.6227728383094047,0.5689598584826948,0.732418742946006,0.49081891676382783,0.3620416301730498,0.7488273459061152,0.7605356789757541,0.3844493063126866],[0.9225642813659859,0.9094934831339764,0.9225642813659859,0.9307687738522228,0.9307687738522228,0.9236335962696538,0.9236335962696538,0.8903594540652284,0.8903594540652284,0.5397249575022701,0.9425429538855308,0.492110562152762,0.8996328632959785,0.9587023111834847,0.942563049118331,0.91755343155798,0.9413319955337276,0.8339224379954505,0.8339224379954505,0.4955915968016859,-0.11869359218234732,0.9130931390515679,0.4433989507014574,-0.3276325781484411,0.040811401020913685,0.8957696083412695,0.8928515511275998,1.0,0.6826660369620066,0.5894274191846681,0.7629420657645994,0.5865518914146167,0.4355533825714973,0.8036191056403498,0.8899334681062393,0.42585308534347543],[0.871397773557689,0.8679400779361321,0.871397773557689,0.8408823581579784,0.8408823581579784,0.8626558660387134,0.8626558660387134,0.8402314855477307,0.8402314855477307,0.7887764790339026,0.8247973887161321,0.7527171560821657,0.6662058523251785,0.7288398343008068,0.8257342011368134,0.8698829148428038,0.8645011596157903,0.9101403681798719,0.9101403681798719,0.8479607721742408,0.10602267989827543,0.8006309708021717,0.015023938042881784,-0.11216115079456858,-0.3027118760279462,0.5495632960473111,0.6227728383094047,0.6826660369620066,1.0,0.9163525121324694,0.6080213973650395,0.7228121075960584,0.6712470262319522,0.8865470422753169,0.5761174883529656,0.3892706312093031],[0.7674486078881279,0.773134219634142,0.7674486078881279,0.7551778285596336,0.7551778285596336,0.7477070165254749,0.7477070165254749,0.7654722506781714,0.7654722506781714,0.6643197823020504,0.7756594827712736,0.6770142715074576,0.6033581410565501,0.653208482791969,0.776698260805619,0.7775115117261518,0.8018795761724768,0.8425629848937614,0.8425629848937614,0.7196984984086637,-0.05842619938740711,0.7341899683505028,0.18545863236027396,-0.14135760501244643,-0.2850182945153472,0.6367619360947145,0.5689598584826948,0.5894274191846681,0.9163525121324694,1.0,0.628719560294801,0.7062435112280844,0.6192662878820816,0.7618059160360213,0.626389899741444,0.5342916761817135],[0.7416258746830764,0.7385946182415747,0.7416258746830764,0.7667646638573302,0.7667646638573302,0.8520890387155037,0.8520890387155037,0.9175025258503652,0.9175025258503652,0.31110344597462336,0.9557154532848484,0.4404715873308877,0.8812302440487195,0.9449690867074982,0.9556827393477486,0.9138741246778291,0.9491283848738576,0.8397805213260323,0.8397805213260323,0.25171680195398605,-0.08123553715293946,0.7690726769665196,0.6552554812951186,-0.5567808161971187,0.10948054569300865,0.7109878167215887,0.732418742946006,0.7629420657645994,0.6080213973650395,0.628719560294801,1.0,0.7448231448304974,0.38402243147706094,0.6422235200273535,0.7597274426420847,0.7852087842384317],[0.6585140638553407,0.6577102411632356,0.6585140638553407,0.6435918789803732,0.6435918789803732,0.7391912132443988,0.7391912132443988,0.7839024471990036,0.7839024471990036,0.5202778921053461,0.8113559202752024,0.6668904663481138,0.6525238124716208,0.7358020365987313,0.8127589887778885,0.7811401005584285,0.8515572545383604,0.7782964291689358,0.7782964291689358,0.36900227372418226,0.2417345242921932,0.6242816899611687,0.5364992077663209,-0.2528236244613077,0.1765506636579028,0.6641413465785458,0.49081891676382783,0.5865518914146167,0.7228121075960584,0.7062435112280844,0.7448231448304974,1.0,0.7768719083619203,0.5694303049341013,0.725258243921615,0.6030207565748676],[0.5625164996599754,0.584508766376736,0.5625164996599754,0.5238168222153519,0.5238168222153519,0.6288580545926526,0.6288580545926526,0.6577684596409611,0.6577684596409611,0.5639988681419468,0.637466875544827,0.6751595918887033,0.4581988359101456,0.4587462392278637,0.6383532263830308,0.681565653269358,0.693558593899621,0.6800865157137512,0.6800865157137512,0.5796781730736507,0.5360156637573571,0.47368111942765156,0.23195193246281898,-0.055405760356548955,0.26846321606882084,0.41163636904190226,0.3620416301730498,0.4355533825714973,0.6712470262319522,0.6192662878820816,0.38402243147706094,0.7768719083619203,1.0,0.4991769128479376,0.6087994522484257,0.24034765181053833],[0.9242511220305037,0.924305058718768,0.9242511220305037,0.9052305853951907,0.9052305853951907,0.8813729101890242,0.8813729101890242,0.8430550946402803,0.8430550946402803,0.7329425387618046,0.8962802719253105,0.6711860256751206,0.7929221392064344,0.8603804673050636,0.8969123094245156,0.9025563049271647,0.9139392916028956,0.8799684906959881,0.8799684906959881,0.7876964636855552,-0.1864014207586938,0.8929058548142904,0.1718358602337637,-0.13737938731675362,-0.28573185843674287,0.7624438084667783,0.7488273459061152,0.8036191056403498,0.8865470422753169,0.7618059160360213,0.6422235200273535,0.5694303049341013,0.4991769128479376,1.0,0.7962555309627524,0.33040896373635054],[0.9043088467773114,0.8100537722430082,0.9043088467773114,0.9009633671357472,0.9009633671357472,0.9191198328920582,0.9191198328920582,0.9037543595995754,0.9037543595995754,0.5342753961027962,0.9699162023154891,0.4888779645006469,0.8909237233469484,0.9661836171871405,0.9701897209718088,0.9172387648136454,0.9742464812314441,0.8305111762192054,0.8305111762192054,0.5176027038056138,0.002178225841927504,0.7992447374685395,0.4820884202295276,-0.2941677776668273,0.1445026710485785,0.7958151199514415,0.7605356789757541,0.8899334681062393,0.5761174883529656,0.626389899741444,0.7597274426420847,0.725258243921615,0.6087994522484257,0.7962555309627524,1.0,0.3914905849147352],[0.38782945307345534,0.3893397207910799,0.38782945307345534,0.4047314176732456,0.4047314176732456,0.6111157934340884,0.6111157934340884,0.8646418146811637,0.8646418146811637,0.17877734091352507,0.8763200159318516,0.5384469504768815,0.8332833260155009,0.8875161429170572,0.8775418244478961,0.8601202156272721,0.9012245888581123,0.8831461752415761,0.8831461752415761,-0.03023060388805151,0.0727857391271931,0.3939058162650608,0.5356439752827685,-0.4391442024786688,0.1299987426457912,0.5442788987078705,0.3844493063126866,0.42585308534347543,0.3892706312093031,0.5342916761817135,0.7852087842384317,0.6030207565748676,0.24034765181053833,0.33040896373635054,0.3914905849147352,1.0]],"x":["^TAIEX       \u81fa\u7063\u52a0\u6b0a\u5831\u916c\u6307\u6578","^TWII        \u81fa\u7063\u52a0\u6b0a\u6307\u6578","^TAIEXx2     \u81fa\u7063\u52a0\u6b0a\u5831\u916c\u6307\u6578_\u65e5\u6b632","^TAI50I      \u81fa\u706350\u5831\u916c\u6307\u6578","^TAI50Ix2    \u81fa\u706350\u5831\u916c\u6307\u6578_\u65e5\u6b632","^TAI100I     \u81fa\u7063\u4e2d\u578b100\u5831\u916c\u6307\u6578","^TAI100Ix2   \u81fa\u7063\u4e2d\u578b100\u5831\u916c\u6307\u6578_\u65e5\u6b632","^TAIDIVIDI   \u81fa\u7063\u9ad8\u80a1\u606f\u5831\u916c\u6307\u6578","^TAIDIVIDIx2 \u81fa\u7063\u9ad8\u80a1\u606f\u5831\u916c\u6307\u6578_\u65e5\u6b632","0050Fund     \u5143\u5927\u53f0\u7063\u5353\u8d8a50\u57fa\u91d1","006208Fund   \u5bcc\u90a6\u53f0\u7063\u91c6\u540950\u57fa\u91d1","0050         \u5143\u5927\u81fa\u706350","00631L       \u5143\u5927\u53f0\u706350\u6b632","00675L       \u5bcc\u90a6\u81fa\u7063\u52a0\u6b0a\u6b632","006208       \u5bcc\u90a6\u53f050","0051         \u5143\u5927\u4e2d\u578b100","006204       \u6c38\u8c50\u81fa\u7063\u52a0\u6b0a","0056         \u5143\u5927\u9ad8\u80a1\u606f","0056         \u5143\u5927\u9ad8\u80a1\u606f_\u80a1\u606f\u4e0d\u6295\u5165","2412         \u4e2d\u83ef\u96fb\u4fe1","2002         \u4e2d\u92fc","2330         \u53f0\u7a4d\u96fb","2317         \u9d3b\u6d77","6505         \u53f0\u5851\u77f3\u5316","3481         \u7fa4\u5275","2303         \u806f\u96fb","2308         \u53f0\u9054\u96fb","2454         \u806f\u767c\u79d1","2886         \u5146\u8c50\u91d1","2884         \u7389\u5c71\u91d1","2891         \u4e2d\u4fe1\u91d1","2892         \u7b2c\u4e00\u91d1","5880         \u5408\u5eab\u91d1","2881         \u5bcc\u90a6\u91d1","2885         \u5143\u5927\u91d1","2887         \u53f0\u65b0\u91d1"],"y":["^TAIEX       \u81fa\u7063\u52a0\u6b0a\u5831\u916c\u6307\u6578","^TWII        \u81fa\u7063\u52a0\u6b0a\u6307\u6578","^TAIEXx2     \u81fa\u7063\u52a0\u6b0a\u5831\u916c\u6307\u6578_\u65e5\u6b632","^TAI50I      \u81fa\u706350\u5831\u916c\u6307\u6578","^TAI50Ix2    \u81fa\u706350\u5831\u916c\u6307\u6578_\u65e5\u6b632","^TAI100I     \u81fa\u7063\u4e2d\u578b100\u5831\u916c\u6307\u6578","^TAI100Ix2   \u81fa\u7063\u4e2d\u578b100\u5831\u916c\u6307\u6578_\u65e5\u6b632","^TAIDIVIDI   \u81fa\u7063\u9ad8\u80a1\u606f\u5831\u916c\u6307\u6578","^TAIDIVIDIx2 \u81fa\u7063\u9ad8\u80a1\u606f\u5831\u916c\u6307\u6578_\u65e5\u6b632","0050Fund     \u5143\u5927\u53f0\u7063\u5353\u8d8a50\u57fa\u91d1","006208Fund   \u5bcc\u90a6\u53f0\u7063\u91c6\u540950\u57fa\u91d1","0050         \u5143\u5927\u81fa\u706350","00631L       \u5143\u5927\u53f0\u706350\u6b632","00675L       \u5bcc\u90a6\u81fa\u7063\u52a0\u6b0a\u6b632","006208       \u5bcc\u90a6\u53f050","0051         \u5143\u5927\u4e2d\u578b100","006204       \u6c38\u8c50\u81fa\u7063\u52a0\u6b0a","0056         \u5143\u5927\u9ad8\u80a1\u606f","0056         \u5143\u5927\u9ad8\u80a1\u606f_\u80a1\u606f\u4e0d\u6295\u5165","2412         \u4e2d\u83ef\u96fb\u4fe1","2002         \u4e2d\u92fc","2330         \u53f0\u7a4d\u96fb","2317         \u9d3b\u6d77","6505         \u53f0\u5851\u77f3\u5316","3481         \u7fa4\u5275","2303         \u806f\u96fb","2308         \u53f0\u9054\u96fb","2454         \u806f\u767c\u79d1","2886         \u5146\u8c50\u91d1","2884         \u7389\u5c71\u91d1","2891         \u4e2d\u4fe1\u91d1","2892         \u7b2c\u4e00\u91d1","5880         \u5408\u5eab\u91d1","2881         \u5bcc\u90a6\u91d1","2885         \u5143\u5927\u91d1","2887         \u53f0\u65b0\u91d1"],"zmin":-1,"zmax":1,"colorbar":{"x":-0.2}}],"layout":{"autotypenumbers":"strict","colorway":["#636efa","#EF553B","#00cc96","#ab63fa","#FFA15A","#19d3f3","#FF6692","#B6E880","#FF97FF","#FECB52"],"font":{"color":"#f2f5fa","family":"Courier New"},"hovermode":"closest","hoverlabel":{"align":"left"},"paper_bgcolor":"rgb(17,17,17)","plot_bgcolor":"rgb(17,17,17)","polar":{"bgcolor":"rgb(17,17,17)","angularaxis":{"gridcolor":"#506784","linecolor":"#506784","ticks":""},"radialaxis":{"gridcolor":"#506784","linecolor":"#506784","ticks":""}},"ternary":{"bgcolor":"rgb(17,17,17)","aaxis":{"gridcolor":"#506784","linecolor":"#506784","ticks":""},"baxis":{"gridcolor":"#506784","linecolor":"#506784","ticks":""},"caxis":{"gridcolor":"#506784","linecolor":"#506784","ticks":""}},"coloraxis":{"colorbar":{"outlinewidth":0,"ticks":""}},"colorscale":{"sequential":[[0.0,"#0d0887"],[0.1111111111111111,"#46039f"],[0.2222222222222222,"#7201a8"],[0.3333333333333333,"#9c179e"],[0.4444444444444444,"#bd3786"],[0.5555555555555556,"#d8576b"],[0.6666666666666666,"#ed7953"],[0.7777777777777778,"#fb9f3a"],[0.8888888888888888,"#fdca26"],[1.0,"#f0f921"]],"sequentialminus":[[0.0,"#0d0887"],[0.1111111111111111,"#46039f"],[0.2222222222222222,"#7201a8"],[0.3333333333333333,"#9c179e"],[0.4444444444444444,"#bd3786"],[0.5555555555555556,"#d8576b"],[0.6666666666666666,"#ed7953"],[0.7777777777777778,"#fb9f3a"],[0.8888888888888888,"#fdca26"],[1.0,"#f0f921"]],"diverging":[[0,"#8e0152"],[0.1,"#c51b7d"],[0.2,"#de77ae"],[0.3,"#f1b6da"],[0.4,"#fde0ef"],[0.5,"#f7f7f7"],[0.6,"#e6f5d0"],[0.7,"#b8e186"],[0.8,"#7fbc41"],[0.9,"#4d9221"],[1,"#276419"]]},"xaxis":{"gridcolor":"rgba(0, 0, 0, 0)","linecolor":"#506784","ticks":"","title":{"standoff":15},"zerolinecolor":"#283442","automargin":true,"zerolinewidth":2,"tickfont":{"family":"Courier New","size":14},"side":"top","tickangle":-90},"yaxis":{"gridcolor":"rgba(0, 0, 0, 0)","linecolor":"#506784","ticks":"","title":{"standoff":15},"zerolinecolor":"#283442","automargin":true,"zerolinewidth":2,"tickfont":{"family":"Courier New"},"side":"right"},"scene":{"xaxis":{"backgroundcolor":"rgb(17,17,17)","gridcolor":"#506784","linecolor":"#506784","showbackground":true,"ticks":"","zerolinecolor":"#C8D4E3","gridwidth":2},"yaxis":{"backgroundcolor":"rgb(17,17,17)","gridcolor":"#506784","linecolor":"#506784","showbackground":true,"ticks":"","zerolinecolor":"#C8D4E3","gridwidth":2},"zaxis":{"backgroundcolor":"rgb(17,17,17)","gridcolor":"#506784","linecolor":"#506784","showbackground":true,"ticks":"","zerolinecolor":"#C8D4E3","gridwidth":2}},"shapedefaults":{"line":{"color":"#f2f5fa"}},"annotationdefaults":{"arrowcolor":"#f2f5fa","arrowhead":0,"arrowwidth":1},"geo":{"bgcolor":"rgb(17,17,17)","landcolor":"rgb(17,17,17)","subunitcolor":"#506784","showland":true,"showlakes":true,"lakecolor":"rgb(17,17,17)"},"title":{"x":0.05,"font":{"family":"Times New Roman"},"y":0.05,"text":"<b>Correlation of Close<b><br><i>2016-09-23 ~ 2026-07-17<i>"},"updatemenudefaults":{"bgcolor":"#506784","borderwidth":0},"sliderdefaults":{"bgcolor":"#C8D4E3","borderwidth":1,"bordercolor":"rgb(17,17,17)","tickwidth":0},"mapbox":{"style":"dark"},"annotations":[{"text":"<b>@zwindr<b>","textangle":0,"opacity":0.5,"font":{"color":"white","size":12},"xref":"paper","yref":"paper","xanchor":"left","yanchor":"bottom","x":1.0,"y":1.0,"showarrow":false}]},"config":{"responsive":true,"toImageButtonOptions":{"filename":"Correlation of Close_2016-09-23~2026-07-17","scale":5}}};Plotly.newPlot("correlationClose",correlationClose.data,correlationClose.layout||{},correlationClose.config);}else{console.log("style display is none => correlationClose");}