var config = { responsive: true }

var correlationAdjClose = {"data": [{"type": "heatmap", "z": [[1.0, 0.9934481521899602, 0.974929888794623, 0.9978262932889919, 0.9631998767759483, 0.9797822978380485, -0.9374088224405279, 0.9890451331894493, 0.9667565485522913, 0.9965911446215143, 0.9933025913892412, 0.9946203280174255, 0.9972418684528175, 0.9772457639161126, 0.9995422166165814, 0.9860388310530047, 0.9108344155100502, 0.7644762893528397, 0.9855230740153843, 0.9205400473263873, 0.5068679093738109, -0.30836253128648433, 0.8960489622179172, 0.9726015448276385, 0.9509577387280203], [0.9934481521899602, 1.0, 0.9702349751759467, 0.991184931526532, 0.9591415256138208, 0.9747299778236825, -0.9323878236554026, 0.9790263267468697, 0.9593986793782369, 0.9938699081377865, 0.9918482025345838, 0.9912284454076282, 0.9953378295279688, 0.9718299106760885, 0.9962709269333339, 0.9819739307956474, 0.89925273766012, 0.7695180650924162, 0.9660206514345794, 0.898249585426223, 0.5025562651910642, -0.22903196601744155, 0.8673464369384178, 0.9594802258699442, 0.9517772697084443], [0.974929888794623, 0.9702349751759467, 1.0, 0.9809363902374709, 0.9962794069587254, 0.9781180020300027, -0.9742106162517322, 0.9677989006450888, 0.9823575130782878, 0.9851031882786464, 0.9976865429377223, 0.9976987901263393, 0.9881752471629063, 0.9764822762950967, 0.9871086795269659, 0.9745261560528968, 0.8102910909607347, 0.6547569254937018, 0.9893210005451458, 0.9091407464392899, 0.3385713357850662, -0.22449972898146328, 0.9049980311251404, 0.9376609321749304, 0.9780780333829532], [0.9978262932889919, 0.991184931526532, 0.9809363902374709, 1.0, 0.9743749434087264, 0.9719268121727167, -0.931937816603367, 0.9834120438754812, 0.9638278885170651, 0.9992320514446815, 0.9930528347515882, 0.9921840600704513, 0.9999002541086283, 0.9670025547920905, 0.9959924641321525, 0.9807518204140938, 0.8964984914486129, 0.737841146070789, 0.9929622032865449, 0.9225336841737459, 0.4883099028767458, -0.3003322019002507, 0.8960661905355027, 0.9665262550522198, 0.9563732901887357], [0.9631998767759483, 0.9591415256138208, 0.9962794069587254, 0.9743749434087264, 1.0, 0.9578218767124557, -0.9556634478949343, 0.9529885078548784, 0.9699255487982609, 0.9811973679915584, 0.9887797659725014, 0.9853579299604298, 0.984236108984543, 0.9553631753237279, 0.9754190685174959, 0.9598652867851905, 0.7899799357000182, 0.6233977814427424, 0.9881951123038927, 0.9063907388431671, 0.32043421227964225, -0.21771658992486181, 0.8889135839737834, 0.9224866813233493, 0.9751796511957702], [0.9797822978380485, 0.9747299778236825, 0.9781180020300027, 0.9719268121727167, 0.9578218767124557, 1.0, -0.9790348523418029, 0.9787310913484693, 0.9782357966085289, 0.9710418498322286, 0.9755372492954243, 0.9734944992942928, 0.9677395441795035, 0.9988375654634097, 0.9855501593824328, 0.9853217851552069, 0.8478333187934027, 0.73068570949104, 0.9663209989051739, 0.8870443061349974, 0.3676517236864709, -0.21420489024911238, 0.9342248279753196, 0.9541955406526227, 0.9581822523960105], [-0.9374088224405279, -0.9323878236554026, -0.9742106162517322, -0.931937816603367, -0.9556634478949343, -0.9790348523418029, 1.0, -0.9472396938346246, -0.9822047301218719, -0.9399808641060727, -0.9721527339659362, -0.9742661736880865, -0.9460748913907342, -0.9855769610610712, -0.9624068810269144, -0.9637760093949327, -0.7535343269077833, -0.6250498647835097, -0.9388868806507726, -0.8738253795619244, -0.21770822161357933, 0.14250551642790246, -0.9005705225371465, -0.9066074218795451, -0.956057351488583], [0.9890451331894493, 0.9790263267468697, 0.9677989006450888, 0.9834120438754812, 0.9529885078548784, 0.9787310913484693, -0.9472396938346246, 1.0, 0.9807400341771344, 0.9801743422765077, 0.9743922922988917, 0.9737177573081996, 0.9785281333020666, 0.9746598256228373, 0.9864536098781407, 0.9962666309817656, 0.9182501740879798, 0.7041714313946348, 0.9730260697733244, 0.8926939746722803, 0.3843984759966957, -0.3158719152563856, 0.9017403013798062, 0.9528044756034721, 0.9321246067632862], [0.9667565485522913, 0.9593986793782369, 0.9823575130782878, 0.9638278885170651, 0.9699255487982609, 0.9782357966085289, -0.9822047301218719, 0.9807400341771344, 1.0, 0.9629587627782195, 0.970827670265277, 0.9678220050518795, 0.9598554395778922, 0.9764138946323588, 0.967335375893686, 0.9865767843383763, 0.8388704617928462, 0.6290775938940597, 0.9644877409595989, 0.9013515852579315, 0.23637987440907146, -0.22781919796305775, 0.8828678802793871, 0.9264884004480478, 0.9564588675354916], [0.9965911446215143, 0.9938699081377865, 0.9851031882786464, 0.9992320514446815, 0.9811973679915584, 0.9710418498322286, -0.9399808641060727, 0.9801743422765077, 0.9629587627782195, 1.0, 0.9918034047941353, 0.9905028616473506, 0.9998325076746354, 0.9679717875294753, 0.9951867159845164, 0.9808675267880109, 0.9083075011496027, 0.7179760605510742, 0.9953939928649128, 0.9157633275840956, 0.3244508486967893, -0.2344443392153615, 0.9296843208121996, 0.9554190512325711, 0.9542377484544718], [0.9933025913892412, 0.9918482025345838, 0.9976865429377223, 0.9930528347515882, 0.9887797659725014, 0.9755372492954243, -0.9721527339659362, 0.9743922922988917, 0.970827670265277, 0.9918034047941353, 1.0, 0.999652118343032, 0.9926926085525063, 0.9765606069131074, 0.9936142879502624, 0.9757483769778752, 0.9037330951766056, 0.6180881794372691, 0.9890740904085369, 0.886356383386107, -0.23510771589721416, 0.539249609627498, 0.9066411413284485, 0.9512194610026365, 0.9792935397474668], [0.9946203280174255, 0.9912284454076282, 0.9976987901263393, 0.9921840600704513, 0.9853579299604298, 0.9734944992942928, -0.9742661736880865, 0.9737177573081996, 0.9678220050518795, 0.9905028616473506, 0.999652118343032, 1.0, 0.9917929436909926, 0.9746091856223301, 0.9946468666043312, 0.9752462295278623, 0.914708785368141, 0.5112780810572587, 0.9848504455360587, 0.8728517953352135, -0.6789048810488646, 0.5530110391657372, 0.8797303371864509, 0.9479985469016102, 0.9793450687845464], [0.9972418684528175, 0.9953378295279688, 0.9881752471629063, 0.9999002541086283, 0.984236108984543, 0.9677395441795035, -0.9460748913907342, 0.9785281333020666, 0.9598554395778922, 0.9998325076746354, 0.9926926085525063, 0.9917929436909926, 1.0, 0.968574382519023, 0.9955387508322773, 0.9796427099857157, 0.9255319134175588, 0.6826362815798284, 0.9969465552070729, 0.8948046910287704, 0.0801964343959585, 0.4742843697947153, 0.9197699393994155, 0.9472874768853429, 0.9625995999399911], [0.9772457639161126, 0.9718299106760885, 0.9764822762950967, 0.9670025547920905, 0.9553631753237279, 0.9988375654634097, -0.9855769610610712, 0.9746598256228373, 0.9764138946323588, 0.9679717875294753, 0.9765606069131074, 0.9746091856223301, 0.968574382519023, 1.0, 0.9857381346388879, 0.9829849474372423, 0.8617201705180871, 0.7349263899201508, 0.9616617302877362, 0.8762678049472085, 0.23425561454541136, -0.15462943558005815, 0.9436850100472769, 0.9489945396911846, 0.9573098732044687], [0.9995422166165814, 0.9962709269333339, 0.9871086795269659, 0.9959924641321525, 0.9754190685174959, 0.9855501593824328, -0.9624068810269144, 0.9864536098781407, 0.967335375893686, 0.9951867159845164, 0.9936142879502624, 0.9946468666043312, 0.9955387508322773, 0.9857381346388879, 1.0, 0.9867880638386983, 0.9328803939449051, 0.717596898337337, 0.989366517853868, 0.8913986670546012, 0.1225499539601924, 0.4783304933912853, 0.9371477117480341, 0.957800560980839, 0.962155519798288], [0.9860388310530047, 0.9819739307956474, 0.9745261560528968, 0.9807518204140938, 0.9598652867851905, 0.9853217851552069, -0.9637760093949327, 0.9962666309817656, 0.9865767843383763, 0.9808675267880109, 0.9757483769778752, 0.9752462295278623, 0.9796427099857157, 0.9829849474372423, 0.9867880638386983, 1.0, 0.9000178173698233, 0.7062168423043826, 0.9723516912569515, 0.8927057940591642, 0.3174339359579367, -0.2257057378698897, 0.9137527292857673, 0.9422073144109416, 0.9437053090841323], [0.9108344155100502, 0.89925273766012, 0.8102910909607347, 0.8964984914486129, 0.7899799357000182, 0.8478333187934027, -0.7535343269077833, 0.9182501740879798, 0.8388704617928462, 0.9083075011496027, 0.9037330951766056, 0.914708785368141, 0.9255319134175588, 0.8617201705180871, 0.9328803939449051, 0.9000178173698233, 1.0, 0.8618740208516337, 0.8439806646848623, 0.8690211844494564, 0.7523924464416472, -0.5581252006600201, 0.665328742865519, 0.9084618971472744, 0.7833077490156662], [0.7644762893528397, 0.7695180650924162, 0.6547569254937018, 0.737841146070789, 0.6233977814427424, 0.73068570949104, -0.6250498647835097, 0.7041714313946348, 0.6290775938940597, 0.7179760605510742, 0.6180881794372691, 0.5112780810572587, 0.6826362815798284, 0.7349263899201508, 0.717596898337337, 0.7062168423043826, 0.8618740208516337, 1.0, 0.6569486168671429, 0.7596939552490265, 0.738594891373434, -0.1277486822902218, 0.5387612415357382, 0.773719155240061, 0.6633139308588599], [0.9855230740153843, 0.9660206514345794, 0.9893210005451458, 0.9929622032865449, 0.9881951123038927, 0.9663209989051739, -0.9388868806507726, 0.9730260697733244, 0.9644877409595989, 0.9953939928649128, 0.9890740904085369, 0.9848504455360587, 0.9969465552070729, 0.9616617302877362, 0.989366517853868, 0.9723516912569515, 0.8439806646848623, 0.6569486168671429, 1.0, 0.8934361919885973, 0.4169625721256527, -0.29386313343708326, 0.8841665540756142, 0.94845087195141, 0.965824697389661], [0.9205400473263873, 0.898249585426223, 0.9091407464392899, 0.9225336841737459, 0.9063907388431671, 0.8870443061349974, -0.8738253795619244, 0.8926939746722803, 0.9013515852579315, 0.9157633275840956, 0.886356383386107, 0.8728517953352135, 0.8948046910287704, 0.8762678049472085, 0.8913986670546012, 0.8927057940591642, 0.8690211844494564, 0.7596939552490265, 0.8934361919885973, 1.0, 0.4572006116148597, -0.20020224712149762, 0.6873662077537914, 0.9161194669289943, 0.8787495215565645], [0.5068679093738109, 0.5025562651910642, 0.3385713357850662, 0.4883099028767458, 0.32043421227964225, 0.3676517236864709, -0.21770822161357933, 0.3843984759966957, 0.23637987440907146, 0.3244508486967893, -0.23510771589721416, -0.6789048810488646, 0.0801964343959585, 0.23425561454541136, 0.1225499539601924, 0.3174339359579367, 0.7523924464416472, 0.738594891373434, 0.4169625721256527, 0.4572006116148597, 1.0, -0.4306959983011439, 0.3311658227147659, 0.4883817726974464, 0.28658235331810566], [-0.30836253128648433, -0.22903196601744155, -0.22449972898146328, -0.3003322019002507, -0.21771658992486181, -0.21420489024911238, 0.14250551642790246, -0.3158719152563856, -0.22781919796305775, -0.2344443392153615, 0.539249609627498, 0.5530110391657372, 0.4742843697947153, -0.15462943558005815, 0.4783304933912853, -0.2257057378698897, -0.5581252006600201, -0.1277486822902218, -0.29386313343708326, -0.20020224712149762, -0.4306959983011439, 1.0, -0.14862720654725378, -0.33944897899783, -0.16747479257046777], [0.8960489622179172, 0.8673464369384178, 0.9049980311251404, 0.8960661905355027, 0.8889135839737834, 0.9342248279753196, -0.9005705225371465, 0.9017403013798062, 0.8828678802793871, 0.9296843208121996, 0.9066411413284485, 0.8797303371864509, 0.9197699393994155, 0.9436850100472769, 0.9371477117480341, 0.9137527292857673, 0.665328742865519, 0.5387612415357382, 0.8841665540756142, 0.6873662077537914, 0.3311658227147659, -0.14862720654725378, 1.0, 0.8275435707786689, 0.8838564603542259], [0.9726015448276385, 0.9594802258699442, 0.9376609321749304, 0.9665262550522198, 0.9224866813233493, 0.9541955406526227, -0.9066074218795451, 0.9528044756034721, 0.9264884004480478, 0.9554190512325711, 0.9512194610026365, 0.9479985469016102, 0.9472874768853429, 0.9489945396911846, 0.957800560980839, 0.9422073144109416, 0.9084618971472744, 0.773719155240061, 0.94845087195141, 0.9161194669289943, 0.4883817726974464, -0.33944897899783, 0.8275435707786689, 1.0, 0.9270727925224013], [0.9509577387280203, 0.9517772697084443, 0.9780780333829532, 0.9563732901887357, 0.9751796511957702, 0.9581822523960105, -0.956057351488583, 0.9321246067632862, 0.9564588675354916, 0.9542377484544718, 0.9792935397474668, 0.9793450687845464, 0.9625995999399911, 0.9573098732044687, 0.962155519798288, 0.9437053090841323, 0.7833077490156662, 0.6633139308588599, 0.965824697389661, 0.8787495215565645, 0.28658235331810566, -0.16747479257046777, 0.8838564603542259, 0.9270727925224013, 1.0]], "x": ["^TAIEX       \u81fa\u7063\u52a0\u6b0a\u5831\u916c\u6307\u6578", "^TWII        \u81fa\u7063\u52a0\u6b0a\u6307\u6578", "^TAIEXx2     \u81fa\u7063\u52a0\u6b0a\u5831\u916c\u6307\u6578_\u65e5\u6b632", "^TAI50I      \u81fa\u706350\u5831\u916c\u6307\u6578", "^TAI50Ix2    \u81fa\u706350\u5831\u916c\u6307\u6578_\u65e5\u6b632", "^TAI100I     \u81fa\u7063\u4e2d\u578b100\u5831\u916c\u6307\u6578", "^TAI100Ix2   \u81fa\u7063\u4e2d\u578b100\u5831\u916c\u6307\u6578_\u65e5\u6b632", "^TAIDIVIDI   \u81fa\u7063\u9ad8\u80a1\u606f\u5831\u916c\u6307\u6578", "^TAIDIVIDIx2 \u81fa\u7063\u9ad8\u80a1\u606f\u5831\u916c\u6307\u6578_\u65e5\u6b632", "0050         \u5143\u5927\u81fa\u706350", "00631L       \u5143\u5927\u53f0\u706350\u6b632", "00675L       \u5bcc\u90a6\u81fa\u7063\u52a0\u6b0a\u6b632", "006208       \u5bcc\u90a6\u53f050", "0051         \u5143\u5927\u4e2d\u578b100", "006204       \u6c38\u8c50\u81fa\u7063\u52a0\u6b0a", "0056         \u5143\u5927\u9ad8\u80a1\u606f", "2412         \u4e2d\u83ef\u96fb\u4fe1", "2002         \u4e2d\u92fc", "2330         \u53f0\u7a4d\u96fb", "2317         \u9d3b\u6d77", "6505         \u53f0\u5851\u77f3\u5316", "3481         \u7fa4\u5275", "2303         \u806f\u96fb", "2308         \u53f0\u9054\u96fb", "2454         \u806f\u767c\u79d1"], "y": ["^TAIEX       \u81fa\u7063\u52a0\u6b0a\u5831\u916c\u6307\u6578", "^TWII        \u81fa\u7063\u52a0\u6b0a\u6307\u6578", "^TAIEXx2     \u81fa\u7063\u52a0\u6b0a\u5831\u916c\u6307\u6578_\u65e5\u6b632", "^TAI50I      \u81fa\u706350\u5831\u916c\u6307\u6578", "^TAI50Ix2    \u81fa\u706350\u5831\u916c\u6307\u6578_\u65e5\u6b632", "^TAI100I     \u81fa\u7063\u4e2d\u578b100\u5831\u916c\u6307\u6578", "^TAI100Ix2   \u81fa\u7063\u4e2d\u578b100\u5831\u916c\u6307\u6578_\u65e5\u6b632", "^TAIDIVIDI   \u81fa\u7063\u9ad8\u80a1\u606f\u5831\u916c\u6307\u6578", "^TAIDIVIDIx2 \u81fa\u7063\u9ad8\u80a1\u606f\u5831\u916c\u6307\u6578_\u65e5\u6b632", "0050         \u5143\u5927\u81fa\u706350", "00631L       \u5143\u5927\u53f0\u706350\u6b632", "00675L       \u5bcc\u90a6\u81fa\u7063\u52a0\u6b0a\u6b632", "006208       \u5bcc\u90a6\u53f050", "0051         \u5143\u5927\u4e2d\u578b100", "006204       \u6c38\u8c50\u81fa\u7063\u52a0\u6b0a", "0056         \u5143\u5927\u9ad8\u80a1\u606f", "2412         \u4e2d\u83ef\u96fb\u4fe1", "2002         \u4e2d\u92fc", "2330         \u53f0\u7a4d\u96fb", "2317         \u9d3b\u6d77", "6505         \u53f0\u5851\u77f3\u5316", "3481         \u7fa4\u5275", "2303         \u806f\u96fb", "2308         \u53f0\u9054\u96fb", "2454         \u806f\u767c\u79d1"], "zmin": -1, "zmax": 1, "colorbar": {"x": -0.2}}], "layout": {"title": {"text": "<b>Correlation of Adj Close <b><br><i>2016/09/23 ~ 2025/04/17<i>", "y": 0.05, "font": {"family": "Times New Roman"}, "x": 0.05}, "xaxis": {"side": "top", "tickangle": -90, "gridcolor": "rgba(0, 0, 0, 0)", "tickfont": {"family": "Courier New", "size": 14}, "automargin": true}, "yaxis": {"side": "right", "gridcolor": "rgba(0, 0, 0, 0)", "tickfont": {"family": "Courier New"}, "automargin": true}, "height": 600, "font": {"family": "Courier New", "color": "#ffffff"}, "plot_bgcolor": "#000", "paper_bgcolor": "#000"}};

Plotly.newPlot("correlationAdjClose",
    correlationAdjClose.data,
    correlationAdjClose.layout || {},
    config);