var element=document.getElementById("correlationAdjClose");if(element.style.display!='none'){var correlationAdjClose={"data":[{"type":"heatmap","z":[[1.0,0.9946004854940976,0.9765182474061236,0.9973274689875615,0.9605964078697,0.9829794588572076,0.9492717825236624,0.9898117060574038,0.9732201204233739,0.9974706077477629,0.9969041258210236,0.9973944962934695,0.993576480638107,0.9943923769109417,0.996974707892851,0.9848673612853674,0.9996953432444001,0.9897151416935263,0.9013311044256227,0.920959322099738,0.7134385648892136,0.9851059796148295,0.9288192622514413,0.3894419197386496,-0.30106740854739195,0.8993067802280824,0.9427972891452718,0.9587255392480314,0.9796771868900263,0.9662077315471577,0.9774646433085692,0.9725027758331861,0.9438905782383125,0.9815743608492656,0.9732035970110574,0.9550962139595571],[0.9946004854940976,1.0,0.9721658002946273,0.9915249646954938,0.9559776973708074,0.9788794003582001,0.9448790867729373,0.9816832332108141,0.9669758041121449,0.9928521312459266,0.9949203540386343,0.9943475329971395,0.9925636291990806,0.9921690835102542,0.9949483322131881,0.9795550523271365,0.9970299877411688,0.9840958181783594,0.9236731264882081,0.9107166649744601,0.7298517522146558,0.9682512232419258,0.9102980333712065,0.389347219508473,-0.22977421279490642,0.8760158750830808,0.9341007990307169,0.9579624957536729,0.9594066851547283,0.9533727470538123,0.9679528941898413,0.958132829975762,0.9425363648087813,0.9714360856809792,0.9639945706520723,0.9497541958723806],[0.9765182474061236,0.9721658002946273,1.0,0.9842339731142303,0.9951686612018472,0.9761032135671335,0.9772257730015468,0.9660916852332679,0.9820447408490628,0.9838701988355885,0.9905272220362962,0.9871575671603801,0.9969421367221594,0.9967219968049585,0.9902489446681142,0.9740441159468785,0.9867169195278604,0.9657588362048968,0.8707978914176654,0.8283658558381013,0.5935040271387534,0.9914781759821366,0.9243824023556357,0.2196656882447087,-0.22523454224413422,0.8930200800526239,0.9393326307854932,0.9779066112006667,0.9269550305412694,0.9143050345683059,0.9670261754351497,0.9186875042683114,0.8985670919100538,0.9658766367700478,0.9735213580326272,0.919618299309662],[0.9973274689875615,0.9915249646954938,0.9842339731142303,1.0,0.9747085425116044,0.9748881573846078,0.9453434903154816,0.9827652611805797,0.9703385011285386,0.9999673407195755,0.999990822349878,0.9999607939387072,0.9925819390963831,0.9908477733877875,0.9999467255204039,0.9740573694011656,0.9957897130791835,0.9823976388588348,0.8871120230493604,0.905116411262893,0.6787928864954923,0.9937237314357072,0.932029127332537,0.3597246554697265,-0.2911126268079286,0.8935531312814521,0.9480557045208305,0.9641465681219424,0.9690490929746477,0.9621525535468781,0.9799211357478153,0.9614738202612712,0.9303814333719864,0.9790051667560171,0.971608456809711,0.9450674154889647],[0.9605964078697,0.9559776973708074,0.9951686612018472,0.9747085425116044,1.0,0.9519496097242495,0.9573769856247971,0.9454124707805186,0.965554138720099,0.974727463624816,0.9839551231722489,0.980034694406759,0.9843710914093676,0.9810593795870897,0.98346893477385,0.9485184058867117,0.9710342455286405,0.9448250179889365,0.843880712756972,0.8024288103849263,0.5495727608915408,0.9884885954481191,0.9195899231409769,0.18778497847534786,-0.21605444428346232,0.8654293577635471,0.9391753867002505,0.9700671963969646,0.9014173842530235,0.8960527165058353,0.9581467850471059,0.8925323578970403,0.8661327026047602,0.9511029497065118,0.9579144171079368,0.8910378706726501],[0.9829794588572076,0.9788794003582001,0.9761032135671335,0.9748881573846078,0.9519496097242495,1.0,0.9829892153935514,0.9820735154189223,0.9816336408366866,0.9742656868036906,0.9695689287472887,0.9726669671990138,0.9758663333204853,0.9736050260545552,0.969518545374932,0.9998999683943335,0.9867958764325053,0.9830411881213567,0.9022386902988646,0.8689062168028395,0.6815874046271793,0.9674616388732011,0.9002942830406211,0.2614696351056778,-0.21874267352401372,0.9335174348523564,0.9186512241260412,0.9628550778236189,0.959871008864319,0.9334201367305762,0.9554341684963998,0.9546002351677095,0.9543891057632642,0.960597347156899,0.9783803415117935,0.9566362717711294],[0.9492717825236624,0.9448790867729373,0.9772257730015468,0.9453434903154816,0.9573769856247971,0.9829892153935514,1.0,0.9546822984139931,0.98485325565986,0.943878515184952,0.9550545480322546,0.9511435838689014,0.9761391932807719,0.9771917434084235,0.9547689154857917,0.9844544053387159,0.9686207877411286,0.9573216015122492,0.8699722745174255,0.7869431249761288,0.577022194719182,0.9496017145626723,0.8968319973938588,0.12012943981019046,-0.15606025240658788,0.8988617138470225,0.8991834219605986,0.961245392968855,0.9045975840118192,0.8701084080782964,0.9335604248092979,0.8971655025020981,0.9084311875661117,0.9325932040254816,0.9673506469643587,0.9119196951840952],[0.9898117060574038,0.9816832332108141,0.9660916852332679,0.9827652611805797,0.9454124707805186,0.9820735154189223,0.9546822984139931,1.0,0.9834215423385285,0.9827209361170093,0.9783658710146984,0.9817109536137505,0.9744062947730969,0.9735393557229717,0.9785266706468242,0.9838877628650864,0.9877690469535454,0.9998779077558881,0.9276523346957539,0.9276506150478538,0.6486972882047564,0.9712870904920824,0.899879917164922,0.24246659267827397,-0.3109174671891466,0.9055333076370005,0.9056491503932433,0.9421927022012917,0.9790480533784353,0.9560932645100572,0.9686600528985586,0.9652116187555497,0.9372893748057003,0.9622233624670072,0.9602674749013457,0.9665059385190397],[0.9732201204233739,0.9669758041121449,0.9820447408490628,0.9703385011285386,0.965554138720099,0.9816336408366866,0.98485325565986,0.9834215423385285,1.0,0.9695239227370755,0.9663474337677493,0.9684927586715284,0.9738636166649188,0.9709294913686548,0.9662179339538575,0.9806617535306396,0.9732693124204975,0.9827569946543612,0.9037202287265744,0.8588955263051836,0.5703583973947047,0.9691129175629905,0.9142879668631284,0.1007549437752742,-0.23219248719639357,0.884889731408792,0.9003624984842686,0.9636329914426534,0.9371421017467745,0.9036677484561112,0.9601696136721843,0.9217407763240322,0.9046130770585046,0.9504760966892827,0.9722988837482349,0.9257655921333396],[0.9974706077477629,0.9928521312459266,0.9838701988355885,0.9999673407195755,0.974727463624816,0.9742656868036906,0.943878515184952,0.9827209361170093,0.9695239227370755,1.0,0.9999891799651545,0.9999834377475099,0.9924526440046182,0.9906910628371759,0.9999522578835026,0.973446139942394,0.9956560579952303,0.9824518067938974,0.8889981992896032,0.9062259696579409,0.6774133065040135,0.9939169430884217,0.9318877111813866,0.36493454021320837,-0.29050770284837646,0.8945500744450012,0.9464132016198071,0.962676450096109,0.9687893441025871,0.9613821159294169,0.9788799669442418,0.9608735176105564,0.9289344553244887,0.9781826992229594,0.9703696275791346,0.9434406160307487],[0.9969041258210236,0.9949203540386343,0.9905272220362962,0.999990822349878,0.9839551231722489,0.9695689287472887,0.9550545480322546,0.9783658710146984,0.9663474337677493,0.9999891799651545,1.0,0.9999733524891559,0.9926077684070544,0.9908443202499937,0.9999551543404397,0.9695145330902861,0.9954395117030861,0.9790980265738232,0.9138099247371708,0.9325935209307721,0.5746344501436877,0.9971849521541988,0.9141769179016263,-0.1115164616820247,0.4053203751748545,0.8995756827989845,0.916614273227955,0.9683297545877787,0.9604276162458333,0.94520606644213,0.9698305533737923,0.941376523867683,0.911102838588708,0.9681804459587269,0.9813093563210441,0.9397373164129554],[0.9973944962934695,0.9943475329971395,0.9871575671603801,0.9999607939387072,0.980034694406759,0.9726669671990138,0.9511435838689014,0.9817109536137505,0.9684927586715284,0.9999834377475099,0.9999733524891559,1.0,0.9924503261920875,0.9906599949516467,0.9999633065839364,0.9726330798323084,0.9955743560457726,0.9819920527735294,0.8970568758106159,0.9225125114840398,0.6327123607471248,0.9961447218390662,0.9277489336145368,0.10386609055804359,-0.19418377144817278,0.9115039028533635,0.9319750768884807,0.9591961949909328,0.9634937398724346,0.9532695305697848,0.975255611952955,0.9522430644483657,0.9267454775531137,0.9743070651868089,0.9701732047291852,0.9488584420760966],[0.993576480638107,0.9925636291990806,0.9969421367221594,0.9925819390963831,0.9843710914093676,0.9758663333204853,0.9761391932807719,0.9744062947730969,0.9738636166649188,0.9924526440046182,0.9926077684070544,0.9924503261920875,1.0,0.9997329085386164,0.9926012659387702,0.9758694992823886,0.9936066493834302,0.9753281766586982,0.9097549723138345,0.9190553542401608,0.5087899389601405,0.987915764404409,0.9083227869400486,-0.3850277116221065,0.4261901624787488,0.886515541302103,0.9100104225467056,0.9759064167901309,0.9449731245044706,0.912963785556599,0.9530821942349653,0.9187044934436157,0.8821176426017521,0.9662955439070515,0.979719795400189,0.9329136093912225],[0.9943923769109417,0.9921690835102542,0.9967219968049585,0.9908477733877875,0.9810593795870897,0.9736050260545552,0.9771917434084235,0.9735393557229717,0.9709294913686548,0.9906910628371759,0.9908443202499937,0.9906599949516467,0.9997329085386164,1.0,0.9909727989531723,0.9735330722160292,0.9942574604092553,0.974663269831339,0.8958922881082776,0.9278220148224646,0.37687821098620017,0.9834946632310178,0.9001673049369362,-0.7452177859069504,0.3996257391023399,0.8558362418428702,0.9050965705488111,0.9741725356575495,0.9387100200928304,0.8996302276951526,0.9456267155314856,0.9182961177909971,0.8608796780082602,0.9677236763968206,0.9780022130625564,0.9260004207161898],[0.996974707892851,0.9949483322131881,0.9902489446681142,0.9999467255204039,0.98346893477385,0.969518545374932,0.9547689154857917,0.9785266706468242,0.9662179339538575,0.9999522578835026,0.9999551543404397,0.9999633065839364,0.9926012659387702,0.9909727989531723,1.0,0.9694591966269304,0.9954884940158544,0.9792236931635072,0.9141535363949469,0.9332313162929916,0.5745652262784956,0.9969940703282257,0.9143251478722465,-0.10950425100611542,0.405253954996895,0.8994718253526924,0.9145459690346688,0.96768127942353,0.9607196578863004,0.9456753777640087,0.9697859086032949,0.941969245006085,0.9115961398414903,0.9681359024335187,0.9812187854068994,0.9403723217325362],[0.9848673612853674,0.9795550523271365,0.9740441159468785,0.9740573694011656,0.9485184058867117,0.9998999683943335,0.9844544053387159,0.9838877628650864,0.9806617535306396,0.973446139942394,0.9695145330902861,0.9726330798323084,0.9758694992823886,0.9735330722160292,0.9694591966269304,1.0,0.9869482494242232,0.9832151047086651,0.905179065817313,0.8926353306991844,0.6755874863502145,0.9652678150529361,0.8949024138052346,0.12054802512255133,-0.1973193414250374,0.9413172583472261,0.9090068147433408,0.9597589076545725,0.9632782064763732,0.9306386239686254,0.9519081946292004,0.9556963592921212,0.9536829607291663,0.9628121566162318,0.977711323879016,0.9611400519141827],[0.9996953432444001,0.9970299877411688,0.9867169195278604,0.9957897130791835,0.9710342455286405,0.9867958764325053,0.9686207877411286,0.9877690469535454,0.9732693124204975,0.9956560579952303,0.9954395117030861,0.9955743560457726,0.9936066493834302,0.9942574604092553,0.9954884940158544,0.9869482494242232,1.0,0.988451136677345,0.9289303842916529,0.9402568840631148,0.6260346338441407,0.9884539758309071,0.9077741830788929,-0.05229557035527058,0.42946185063965586,0.9248288031201044,0.9118374663495243,0.9675282825907352,0.9749525362256565,0.9512783882269917,0.9675501541320352,0.9581774039029055,0.938645380619172,0.9741797550235334,0.986109899134883,0.9631355174427587],[0.9897151416935263,0.9840958181783594,0.9657588362048968,0.9823976388588348,0.9448250179889365,0.9830411881213567,0.9573216015122492,0.9998779077558881,0.9827569946543612,0.9824518067938974,0.9790980265738232,0.9819920527735294,0.9753281766586982,0.974663269831339,0.9792236931635072,0.9832151047086651,0.988451136677345,1.0,0.9306431866895892,0.9338666292655138,0.6464375763205116,0.9699628549320015,0.9039666564241016,0.20689291063082374,-0.29233346801362836,0.910617853702253,0.9006334968008713,0.9421782180639551,0.9795251885501927,0.9555063536948587,0.9671186891302916,0.9638292340590832,0.9370735604558119,0.9615087008097322,0.9582941177606151,0.9677019218325508],[0.9013311044256227,0.9236731264882081,0.8707978914176654,0.8871120230493604,0.843880712756972,0.9022386902988646,0.8699722745174255,0.9276523346957539,0.9037202287265744,0.8889981992896032,0.9138099247371708,0.8970568758106159,0.9097549723138345,0.8958922881082776,0.9141535363949469,0.905179065817313,0.9289303842916529,0.9306431866895892,1.0,0.8235587000864165,0.707630307624682,0.8605795121237159,0.812135335145416,0.279174366915448,-0.16187198373588504,0.8538719007940885,0.7841890460749804,0.8528318279243416,0.8895730378759318,0.8551288255627528,0.8560491331258439,0.8681049306387045,0.8540441706760802,0.8541532632838953,0.876462090372705,0.8936359360411836],[0.920959322099738,0.9107166649744601,0.8283658558381013,0.905116411262893,0.8024288103849263,0.8689062168028395,0.7869431249761288,0.9276506150478538,0.8588955263051836,0.9062259696579409,0.9325935209307721,0.9225125114840398,0.9190553542401608,0.9278220148224646,0.9332313162929916,0.8926353306991844,0.9402568840631148,0.9338666292655138,0.8235587000864165,1.0,0.8312888732434969,0.856384023026438,0.8718867341033031,0.6502732503010847,-0.527418311757914,0.7090593207254171,0.8635537101077938,0.8088920479754431,0.9587263016982597,0.9367511058309917,0.9004345610257823,0.9458690867256531,0.898160089215644,0.9005009395001434,0.8500766357577154,0.8839741525124256],[0.7134385648892136,0.7298517522146558,0.5935040271387534,0.6787928864954923,0.5495727608915408,0.6815874046271793,0.577022194719182,0.6486972882047564,0.5703583973947047,0.6774133065040135,0.5746344501436877,0.6327123607471248,0.5087899389601405,0.37687821098620017,0.5745652262784956,0.6755874863502145,0.6260346338441407,0.6464375763205116,0.707630307624682,0.8312888732434969,1.0,0.6052708497891319,0.7152897380524277,0.7254703187606103,-0.11672135806370496,0.5369801113903085,0.6565456252489461,0.6176799140881859,0.778491053619836,0.7097086654717741,0.6393248922076287,0.7469068778249618,0.7571905676334065,0.6774447271354725,0.6429267537084361,0.6904536529912952],[0.9851059796148295,0.9682512232419258,0.9914781759821366,0.9937237314357072,0.9884885954481191,0.9674616388732011,0.9496017145626723,0.9712870904920824,0.9691129175629905,0.9939169430884217,0.9971849521541988,0.9961447218390662,0.987915764404409,0.9834946632310178,0.9969940703282257,0.9652678150529361,0.9884539758309071,0.9699628549320015,0.8605795121237159,0.856384023026438,0.6052708497891319,1.0,0.9073203634761801,0.285835232857059,-0.28356872951428497,0.8775688727337737,0.944419395600757,0.9708407200972794,0.937173853764995,0.9443474100017285,0.9719899565561874,0.9387388173568096,0.9039364994035894,0.9687206658930515,0.9571024276608684,0.925443470994579],[0.9288192622514413,0.9102980333712065,0.9243824023556357,0.932029127332537,0.9195899231409769,0.9002942830406211,0.8968319973938588,0.899879917164922,0.9142879668631284,0.9318877111813866,0.9141769179016263,0.9277489336145368,0.9083227869400486,0.9001673049369362,0.9143251478722465,0.8949024138052346,0.9077741830788929,0.9039666564241016,0.812135335145416,0.8718867341033031,0.7152897380524277,0.9073203634761801,1.0,0.3280515778042015,-0.1897796377805175,0.7089923429368699,0.9119038342549657,0.8959647897853005,0.8999446803750177,0.8569127352779948,0.9309307064134643,0.8723608322009412,0.8417388129896909,0.9264711123467141,0.8766978546567762,0.8529066873247707],[0.3894419197386496,0.389347219508473,0.2196656882447087,0.3597246554697265,0.18778497847534786,0.2614696351056778,0.12012943981019046,0.24246659267827397,0.1007549437752742,0.36493454021320837,-0.1115164616820247,0.10386609055804359,-0.3850277116221065,-0.7452177859069504,-0.10950425100611542,0.12054802512255133,-0.05229557035527058,0.20689291063082374,0.279174366915448,0.6502732503010847,0.7254703187606103,0.285835232857059,0.3280515778042015,1.0,-0.38459702525125855,0.2718138783583441,0.2987921761691562,0.18398272761105053,0.4763418941007413,0.4694889933803297,0.3229114176189791,0.4923716579020298,0.41438591613078546,0.3487852377827987,0.26994977266705944,0.38585098409904994],[-0.30106740854739195,-0.22977421279490642,-0.22523454224413422,-0.2911126268079286,-0.21605444428346232,-0.21874267352401372,-0.15606025240658788,-0.3109174671891466,-0.23219248719639357,-0.29050770284837646,0.4053203751748545,-0.19418377144817278,0.4261901624787488,0.3996257391023399,0.405253954996895,-0.1973193414250374,0.42946185063965586,-0.29233346801362836,-0.16187198373588504,-0.527418311757914,-0.11672135806370496,-0.28356872951428497,-0.1897796377805175,-0.38459702525125855,1.0,-0.15330011315690903,-0.2929501383857993,-0.1804649641272927,-0.3874883724744903,-0.37647305787145624,-0.3210808159536011,-0.34496353118359296,-0.20725313529486752,-0.3467396421895668,-0.1825249756596144,-0.31712665438618554],[0.8993067802280824,0.8760158750830808,0.8930200800526239,0.8935531312814521,0.8654293577635471,0.9335174348523564,0.8988617138470225,0.9055333076370005,0.884889731408792,0.8945500744450012,0.8995756827989845,0.9115039028533635,0.886515541302103,0.8558362418428702,0.8994718253526924,0.9413172583472261,0.9248288031201044,0.910617853702253,0.8538719007940885,0.7090593207254171,0.5369801113903085,0.8775688727337737,0.7089923429368699,0.2718138783583441,-0.15330011315690903,1.0,0.7910427424003826,0.8840003455880105,0.8170830795592948,0.8619211036938548,0.8276051076001592,0.8699317514610716,0.865477798109292,0.858627649877086,0.8675934527979738,0.897399158424367],[0.9427972891452718,0.9341007990307169,0.9393326307854932,0.9480557045208305,0.9391753867002505,0.9186512241260412,0.8991834219605986,0.9056491503932433,0.9003624984842686,0.9464132016198071,0.916614273227955,0.9319750768884807,0.9100104225467056,0.9050965705488111,0.9145459690346688,0.9090068147433408,0.9118374663495243,0.9006334968008713,0.7841890460749804,0.8635537101077938,0.6565456252489461,0.944419395600757,0.9119038342549657,0.2987921761691562,-0.2929501383857993,0.7910427424003826,1.0,0.9107437958446982,0.9145489082693475,0.9001802637751831,0.926253187408166,0.899553351821548,0.8653141228619946,0.9317484024337197,0.9061202123949886,0.8797185814682454],[0.9587255392480314,0.9579624957536729,0.9779066112006667,0.9641465681219424,0.9700671963969646,0.9628550778236189,0.961245392968855,0.9421927022012917,0.9636329914426534,0.962676450096109,0.9683297545877787,0.9591961949909328,0.9759064167901309,0.9741725356575495,0.96768127942353,0.9597589076545725,0.9675282825907352,0.9421782180639551,0.8528318279243416,0.8088920479754431,0.6176799140881859,0.9708407200972794,0.8959647897853005,0.18398272761105053,-0.1804649641272927,0.8840003455880105,0.9107437958446982,1.0,0.9086326049417001,0.8910237557734221,0.9434104329978198,0.8913863923762787,0.8862235066442176,0.9487840363371745,0.9731038302865471,0.8892025864121222],[0.9796771868900263,0.9594066851547283,0.9269550305412694,0.9690490929746477,0.9014173842530235,0.959871008864319,0.9045975840118192,0.9790480533784353,0.9371421017467745,0.9687893441025871,0.9604276162458333,0.9634937398724346,0.9449731245044706,0.9387100200928304,0.9607196578863004,0.9632782064763732,0.9749525362256565,0.9795251885501927,0.8895730378759318,0.9587263016982597,0.778491053619836,0.937173853764995,0.8999446803750177,0.4763418941007413,-0.3874883724744903,0.8170830795592948,0.9145489082693475,0.9086326049417001,1.0,0.9861521420355863,0.9639418234304703,0.9903270370030555,0.9523500822318106,0.9601960188753146,0.9153408401600487,0.9678481366821209],[0.9662077315471577,0.9533727470538123,0.9143050345683059,0.9621525535468781,0.8960527165058353,0.9334201367305762,0.8701084080782964,0.9560932645100572,0.9036677484561112,0.9613821159294169,0.94520606644213,0.9532695305697848,0.912963785556599,0.8996302276951526,0.9456753777640087,0.9306386239686254,0.9512783882269917,0.9555063536948587,0.8551288255627528,0.9367511058309917,0.7097086654717741,0.9443474100017285,0.8569127352779948,0.4694889933803297,-0.37647305787145624,0.8619211036938548,0.9001802637751831,0.8910237557734221,0.9861521420355863,1.0,0.9521234191174024,0.9838560040073755,0.9552097442613283,0.9395663987189524,0.9233956003472604,0.9628556209151202],[0.9774646433085692,0.9679528941898413,0.9670261754351497,0.9799211357478153,0.9581467850471059,0.9554341684963998,0.9335604248092979,0.9686600528985586,0.9601696136721843,0.9788799669442418,0.9698305533737923,0.975255611952955,0.9530821942349653,0.9456267155314856,0.9697859086032949,0.9519081946292004,0.9675501541320352,0.9671186891302916,0.8560491331258439,0.9004345610257823,0.6393248922076287,0.9719899565561874,0.9309307064134643,0.3229114176189791,-0.3210808159536011,0.8276051076001592,0.926253187408166,0.9434104329978198,0.9639418234304703,0.9521234191174024,1.0,0.9531857514274251,0.914504009071133,0.9771341116010721,0.9603091637564473,0.9420450315151617],[0.9725027758331861,0.958132829975762,0.9186875042683114,0.9614738202612712,0.8925323578970403,0.9546002351677095,0.8971655025020981,0.9652116187555497,0.9217407763240322,0.9608735176105564,0.941376523867683,0.9522430644483657,0.9187044934436157,0.9182961177909971,0.941969245006085,0.9556963592921212,0.9581774039029055,0.9638292340590832,0.8681049306387045,0.9458690867256531,0.7469068778249618,0.9387388173568096,0.8723608322009412,0.4923716579020298,-0.34496353118359296,0.8699317514610716,0.899553351821548,0.8913863923762787,0.9903270370030555,0.9838560040073755,0.9531857514274251,1.0,0.9736769506822922,0.9459646149248412,0.9388569298471628,0.9636041363502739],[0.9438905782383125,0.9425363648087813,0.8985670919100538,0.9303814333719864,0.8661327026047602,0.9543891057632642,0.9084311875661117,0.9372893748057003,0.9046130770585046,0.9289344553244887,0.911102838588708,0.9267454775531137,0.8821176426017521,0.8608796780082602,0.9115961398414903,0.9536829607291663,0.938645380619172,0.9370735604558119,0.8540441706760802,0.898160089215644,0.7571905676334065,0.9039364994035894,0.8417388129896909,0.41438591613078546,-0.20725313529486752,0.865477798109292,0.8653141228619946,0.8862235066442176,0.9523500822318106,0.9552097442613283,0.914504009071133,0.9736769506822922,1.0,0.907356216391775,0.931347426846471,0.9541228288896798],[0.9815743608492656,0.9714360856809792,0.9658766367700478,0.9790051667560171,0.9511029497065118,0.960597347156899,0.9325932040254816,0.9622233624670072,0.9504760966892827,0.9781826992229594,0.9681804459587269,0.9743070651868089,0.9662955439070515,0.9677236763968206,0.9681359024335187,0.9628121566162318,0.9741797550235334,0.9615087008097322,0.8541532632838953,0.9005009395001434,0.6774447271354725,0.9687206658930515,0.9264711123467141,0.3487852377827987,-0.3467396421895668,0.858627649877086,0.9317484024337197,0.9487840363371745,0.9601960188753146,0.9395663987189524,0.9771341116010721,0.9459646149248412,0.907356216391775,1.0,0.9572091125723349,0.9424076106404916],[0.9732035970110574,0.9639945706520723,0.9735213580326272,0.971608456809711,0.9579144171079368,0.9783803415117935,0.9673506469643587,0.9602674749013457,0.9722988837482349,0.9703696275791346,0.9813093563210441,0.9701732047291852,0.979719795400189,0.9780022130625564,0.9812187854068994,0.977711323879016,0.986109899134883,0.9582941177606151,0.876462090372705,0.8500766357577154,0.6429267537084361,0.9571024276608684,0.8766978546567762,0.26994977266705944,-0.1825249756596144,0.8675934527979738,0.9061202123949886,0.9731038302865471,0.9153408401600487,0.9233956003472604,0.9603091637564473,0.9388569298471628,0.931347426846471,0.9572091125723349,1.0,0.9202042021757728],[0.9550962139595571,0.9497541958723806,0.919618299309662,0.9450674154889647,0.8910378706726501,0.9566362717711294,0.9119196951840952,0.9665059385190397,0.9257655921333396,0.9434406160307487,0.9397373164129554,0.9488584420760966,0.9329136093912225,0.9260004207161898,0.9403723217325362,0.9611400519141827,0.9631355174427587,0.9677019218325508,0.8936359360411836,0.8839741525124256,0.6904536529912952,0.925443470994579,0.8529066873247707,0.38585098409904994,-0.31712665438618554,0.897399158424367,0.8797185814682454,0.8892025864121222,0.9678481366821209,0.9628556209151202,0.9420450315151617,0.9636041363502739,0.9541228288896798,0.9424076106404916,0.9202042021757728,1.0]],"x":["^TAIEX       \u81fa\u7063\u52a0\u6b0a\u5831\u916c\u6307\u6578","^TWII        \u81fa\u7063\u52a0\u6b0a\u6307\u6578","^TAIEXx2     \u81fa\u7063\u52a0\u6b0a\u5831\u916c\u6307\u6578_\u65e5\u6b632","^TAI50I      \u81fa\u706350\u5831\u916c\u6307\u6578","^TAI50Ix2    \u81fa\u706350\u5831\u916c\u6307\u6578_\u65e5\u6b632","^TAI100I     \u81fa\u7063\u4e2d\u578b100\u5831\u916c\u6307\u6578","^TAI100Ix2   \u81fa\u7063\u4e2d\u578b100\u5831\u916c\u6307\u6578_\u65e5\u6b632","^TAIDIVIDI   \u81fa\u7063\u9ad8\u80a1\u606f\u5831\u916c\u6307\u6578","^TAIDIVIDIx2 \u81fa\u7063\u9ad8\u80a1\u606f\u5831\u916c\u6307\u6578_\u65e5\u6b632","0050Fund     \u5143\u5927\u53f0\u7063\u5353\u8d8a50\u57fa\u91d1","006208Fund   \u5bcc\u90a6\u53f0\u7063\u91c6\u540950\u57fa\u91d1","0050         \u5143\u5927\u81fa\u706350","00631L       \u5143\u5927\u53f0\u706350\u6b632","00675L       \u5bcc\u90a6\u81fa\u7063\u52a0\u6b0a\u6b632","006208       \u5bcc\u90a6\u53f050","0051         \u5143\u5927\u4e2d\u578b100","006204       \u6c38\u8c50\u81fa\u7063\u52a0\u6b0a","0056         \u5143\u5927\u9ad8\u80a1\u606f","0056         \u5143\u5927\u9ad8\u80a1\u606f_\u80a1\u606f\u4e0d\u6295\u5165","2412         \u4e2d\u83ef\u96fb\u4fe1","2002         \u4e2d\u92fc","2330         \u53f0\u7a4d\u96fb","2317         \u9d3b\u6d77","6505         \u53f0\u5851\u77f3\u5316","3481         \u7fa4\u5275","2303         \u806f\u96fb","2308         \u53f0\u9054\u96fb","2454         \u806f\u767c\u79d1","2886         \u5146\u8c50\u91d1","2884         \u7389\u5c71\u91d1","2891         \u4e2d\u4fe1\u91d1","2892         \u7b2c\u4e00\u91d1","5880         \u5408\u5eab\u91d1","2881         \u5bcc\u90a6\u91d1","2885         \u5143\u5927\u91d1","2887         \u53f0\u65b0\u91d1"],"y":["^TAIEX       \u81fa\u7063\u52a0\u6b0a\u5831\u916c\u6307\u6578","^TWII        \u81fa\u7063\u52a0\u6b0a\u6307\u6578","^TAIEXx2     \u81fa\u7063\u52a0\u6b0a\u5831\u916c\u6307\u6578_\u65e5\u6b632","^TAI50I      \u81fa\u706350\u5831\u916c\u6307\u6578","^TAI50Ix2    \u81fa\u706350\u5831\u916c\u6307\u6578_\u65e5\u6b632","^TAI100I     \u81fa\u7063\u4e2d\u578b100\u5831\u916c\u6307\u6578","^TAI100Ix2   \u81fa\u7063\u4e2d\u578b100\u5831\u916c\u6307\u6578_\u65e5\u6b632","^TAIDIVIDI   \u81fa\u7063\u9ad8\u80a1\u606f\u5831\u916c\u6307\u6578","^TAIDIVIDIx2 \u81fa\u7063\u9ad8\u80a1\u606f\u5831\u916c\u6307\u6578_\u65e5\u6b632","0050Fund     \u5143\u5927\u53f0\u7063\u5353\u8d8a50\u57fa\u91d1","006208Fund   \u5bcc\u90a6\u53f0\u7063\u91c6\u540950\u57fa\u91d1","0050         \u5143\u5927\u81fa\u706350","00631L       \u5143\u5927\u53f0\u706350\u6b632","00675L       \u5bcc\u90a6\u81fa\u7063\u52a0\u6b0a\u6b632","006208       \u5bcc\u90a6\u53f050","0051         \u5143\u5927\u4e2d\u578b100","006204       \u6c38\u8c50\u81fa\u7063\u52a0\u6b0a","0056         \u5143\u5927\u9ad8\u80a1\u606f","0056         \u5143\u5927\u9ad8\u80a1\u606f_\u80a1\u606f\u4e0d\u6295\u5165","2412         \u4e2d\u83ef\u96fb\u4fe1","2002         \u4e2d\u92fc","2330         \u53f0\u7a4d\u96fb","2317         \u9d3b\u6d77","6505         \u53f0\u5851\u77f3\u5316","3481         \u7fa4\u5275","2303         \u806f\u96fb","2308         \u53f0\u9054\u96fb","2454         \u806f\u767c\u79d1","2886         \u5146\u8c50\u91d1","2884         \u7389\u5c71\u91d1","2891         \u4e2d\u4fe1\u91d1","2892         \u7b2c\u4e00\u91d1","5880         \u5408\u5eab\u91d1","2881         \u5bcc\u90a6\u91d1","2885         \u5143\u5927\u91d1","2887         \u53f0\u65b0\u91d1"],"zmin":-1,"zmax":1,"colorbar":{"x":-0.2}}],"layout":{"autotypenumbers":"strict","colorway":["#636efa","#EF553B","#00cc96","#ab63fa","#FFA15A","#19d3f3","#FF6692","#B6E880","#FF97FF","#FECB52"],"font":{"color":"#f2f5fa","family":"Courier New"},"hovermode":"closest","hoverlabel":{"align":"left"},"paper_bgcolor":"rgb(17,17,17)","plot_bgcolor":"rgb(17,17,17)","polar":{"bgcolor":"rgb(17,17,17)","angularaxis":{"gridcolor":"#506784","linecolor":"#506784","ticks":""},"radialaxis":{"gridcolor":"#506784","linecolor":"#506784","ticks":""}},"ternary":{"bgcolor":"rgb(17,17,17)","aaxis":{"gridcolor":"#506784","linecolor":"#506784","ticks":""},"baxis":{"gridcolor":"#506784","linecolor":"#506784","ticks":""},"caxis":{"gridcolor":"#506784","linecolor":"#506784","ticks":""}},"coloraxis":{"colorbar":{"outlinewidth":0,"ticks":""}},"colorscale":{"sequential":[[0.0,"#0d0887"],[0.1111111111111111,"#46039f"],[0.2222222222222222,"#7201a8"],[0.3333333333333333,"#9c179e"],[0.4444444444444444,"#bd3786"],[0.5555555555555556,"#d8576b"],[0.6666666666666666,"#ed7953"],[0.7777777777777778,"#fb9f3a"],[0.8888888888888888,"#fdca26"],[1.0,"#f0f921"]],"sequentialminus":[[0.0,"#0d0887"],[0.1111111111111111,"#46039f"],[0.2222222222222222,"#7201a8"],[0.3333333333333333,"#9c179e"],[0.4444444444444444,"#bd3786"],[0.5555555555555556,"#d8576b"],[0.6666666666666666,"#ed7953"],[0.7777777777777778,"#fb9f3a"],[0.8888888888888888,"#fdca26"],[1.0,"#f0f921"]],"diverging":[[0,"#8e0152"],[0.1,"#c51b7d"],[0.2,"#de77ae"],[0.3,"#f1b6da"],[0.4,"#fde0ef"],[0.5,"#f7f7f7"],[0.6,"#e6f5d0"],[0.7,"#b8e186"],[0.8,"#7fbc41"],[0.9,"#4d9221"],[1,"#276419"]]},"xaxis":{"gridcolor":"rgba(0, 0, 0, 0)","linecolor":"#506784","ticks":"","title":{"standoff":15},"zerolinecolor":"#283442","automargin":true,"zerolinewidth":2,"tickfont":{"family":"Courier New","size":14},"side":"top","tickangle":-90},"yaxis":{"gridcolor":"rgba(0, 0, 0, 0)","linecolor":"#506784","ticks":"","title":{"standoff":15},"zerolinecolor":"#283442","automargin":true,"zerolinewidth":2,"tickfont":{"family":"Courier New"},"side":"right"},"scene":{"xaxis":{"backgroundcolor":"rgb(17,17,17)","gridcolor":"#506784","linecolor":"#506784","showbackground":true,"ticks":"","zerolinecolor":"#C8D4E3","gridwidth":2},"yaxis":{"backgroundcolor":"rgb(17,17,17)","gridcolor":"#506784","linecolor":"#506784","showbackground":true,"ticks":"","zerolinecolor":"#C8D4E3","gridwidth":2},"zaxis":{"backgroundcolor":"rgb(17,17,17)","gridcolor":"#506784","linecolor":"#506784","showbackground":true,"ticks":"","zerolinecolor":"#C8D4E3","gridwidth":2}},"shapedefaults":{"line":{"color":"#f2f5fa"}},"annotationdefaults":{"arrowcolor":"#f2f5fa","arrowhead":0,"arrowwidth":1},"geo":{"bgcolor":"rgb(17,17,17)","landcolor":"rgb(17,17,17)","subunitcolor":"#506784","showland":true,"showlakes":true,"lakecolor":"rgb(17,17,17)"},"title":{"x":0.05,"font":{"family":"Times New Roman"},"y":0.05,"text":"<b>Correlation of Adj Close<b><br><i>2016-09-23 ~ 2025-10-21<i>"},"updatemenudefaults":{"bgcolor":"#506784","borderwidth":0},"sliderdefaults":{"bgcolor":"#C8D4E3","borderwidth":1,"bordercolor":"rgb(17,17,17)","tickwidth":0},"mapbox":{"style":"dark"},"annotations":[{"text":"<b>@zwindr<b>","textangle":0,"opacity":0.5,"font":{"color":"white","size":12},"xref":"paper","yref":"paper","xanchor":"left","yanchor":"bottom","x":1.0,"y":1.0,"showarrow":false}]},"config":{"responsive":true,"toImageButtonOptions":{"filename":"Correlation of Adj Close_2016-09-23~2025-10-21","scale":5}}};Plotly.newPlot("correlationAdjClose",correlationAdjClose.data,correlationAdjClose.layout||{},correlationAdjClose.config);}else{console.log("style display is none => correlationAdjClose");}