var element=document.getElementById("correlationAdjClose");if(element.style.display!='none'){var correlationAdjClose={"data":[{"type":"heatmap","z":[[1.0,0.9961141182210642,0.9626262855048863,0.9964725566731704,0.9321450974379321,0.987389974664442,0.9625465736601586,0.9820011763429447,0.979209689406341,0.9966098559163724,0.9963697410727281,0.996691726506644,0.8436223205755395,0.9884637396727878,0.9964687123710321,0.9882184962810723,0.9997607757998938,0.9815602489782909,0.8904178131985403,0.9016453509626503,0.6243157150489428,0.9844430396093246,0.9426651651901942,0.2982141450330555,-0.250482758425866,0.9098039271223928,0.8941330883931378,0.9665102593559524,0.9547129640939166,0.9534353359658337,0.983010613829595,0.9538023749510866,0.9149754581379248,0.975912920760017,0.9810490311554758,0.962031365206078],[0.9961141182210642,1.0,0.9638576189160473,0.9932282695152467,0.9341860441178298,0.9839850272299685,0.9612524897885263,0.9735697136078896,0.973730712501525,0.9943201948017235,0.9959169469169774,0.9954901911058479,0.8497252590436717,0.9893186466984325,0.9959717207980454,0.9839781907522789,0.9979505008500266,0.9749945601215297,0.9038391046042664,0.8910771999488564,0.649248756927386,0.9738699581930816,0.9260869342395365,0.29542177638877454,-0.18996033673249055,0.8917222568472117,0.895600017430086,0.9667741987573385,0.937314929223508,0.9416920647448499,0.9758894835204794,0.9399202321135028,0.9137580372776071,0.966986036875467,0.9744091169772018,0.9571523469485322],[0.9626262855048863,0.9638576189160473,1.0,0.9781298176478158,0.9937485890706687,0.9561573157051408,0.9796131586006952,0.9175773318694871,0.9536806050191685,0.9781033410189153,0.9850160002235925,0.9820440833072933,0.8686379152810935,0.9971722975124543,0.9850228093693236,0.9537912149883309,0.9741554672772846,0.917643608525411,0.8126836325955592,0.7707646997730592,0.45466017764282923,0.9882243459137485,0.9104148931393073,0.12273898060666072,-0.15733847099847897,0.8646363310369021,0.9580045355975507,0.957618020099493,0.8479125002827251,0.8576148436618687,0.9519239508493675,0.8513742792297095,0.8089737387712649,0.9153473024042463,0.9622264124923402,0.9024267704811547],[0.9964725566731704,0.9932282695152467,0.9781298176478158,1.0,0.9554641175156644,0.9789052363551917,0.964388252814653,0.9677938491691355,0.9731373754540232,0.9999787096298639,0.9999943234153945,0.9999715641309366,0.852157808818356,0.9923291212321357,0.9999634697876408,0.9772534834942936,0.9960033922380191,0.9670025793902955,0.8663729783953414,0.8750631331106326,0.5767057504832466,0.9947684525112371,0.9424828640562676,0.2594856524423346,-0.23321547950497779,0.8974322214701135,0.9174994323018927,0.9682551049554596,0.9323086350511163,0.9385335037652248,0.9831124109277123,0.932361304980868,0.8890821911883001,0.9660738121178226,0.9793331865495377,0.9493830435653373],[0.9321450974379321,0.9341860441178298,0.9937485890706687,0.9554641175156644,1.0,0.9191594946943186,0.9561097853214374,0.8736367078996781,0.9188241732647444,0.9559164228733437,0.9665120191543886,0.9624947774227482,0.861537505907124,0.9831819971595674,0.9665349495853781,0.9161418383148627,0.9466062287230852,0.8736696683187857,0.7608958682294361,0.7198319515656124,0.39168056597978057,0.973073256675285,0.8836544329945445,0.08528764592166412,-0.13674041398140022,0.8180492465506107,0.971609315068129,0.9300203640270454,0.7938210639714339,0.811751597364469,0.9245423559489996,0.7991736914828502,0.7492321454457036,0.8747612389568585,0.9323888520430315,0.8599550875257268],[0.987389974664442,0.9839850272299685,0.9561573157051408,0.9789052363551917,0.9191594946943186,1.0,0.9810401701538922,0.9805003757310107,0.9861694603387466,0.9785027668737795,0.9732469820702633,0.9764871109957631,0.8274926230931441,0.9616255230144348,0.973275858131691,0.9999183974615298,0.9890438246727585,0.9812254944051627,0.8981096210542697,0.8674130689869772,0.5946475567197167,0.9695099891719227,0.9212771368507746,0.18751105745152497,-0.18730895441473147,0.9375310345773479,0.8689498688499352,0.9690941492532663,0.943956130759235,0.931340860941025,0.9668485948188625,0.9441438382070901,0.9293967762775168,0.9620556830067235,0.9837023406678215,0.9648158382429745],[0.9625465736601586,0.9612524897885263,0.9796131586006952,0.964388252814653,0.9561097853214374,0.9810401701538922,1.0,0.9424644876679125,0.9794582060253391,0.9634793673892973,0.972034097800915,0.9687443182683495,0.8533253100192826,0.9809539046989831,0.9716897673336157,0.9821888549967513,0.9780026229450872,0.9447716971662765,0.8492538746509213,0.7797966423986217,0.47004399832298155,0.9680115050845095,0.9139301791175372,0.05479419286597619,-0.12344596174532373,0.8940980571143268,0.9079208967944691,0.9647326208986526,0.8721797230341092,0.860253151136316,0.9483706376148836,0.8734967682561833,0.8596493457528976,0.9235923795954013,0.9747953885085863,0.9206041221872496],[0.9820011763429447,0.9735697136078896,0.9175773318694871,0.9677938491691355,0.8736367078996781,0.9805003757310107,0.9424644876679125,1.0,0.9836308241639603,0.9677338112720449,0.961671985252851,0.9665427749065911,0.7900419519108254,0.9338518234767386,0.9621885008306885,0.9823951472271452,0.9785506519270776,0.9998973594516304,0.9317390612315348,0.9321037543196756,0.5815401001829203,0.9512397080219903,0.914309304176463,0.16538595429234837,-0.2807555884202658,0.9191511935630245,0.8055867124901509,0.9450731346100276,0.9757488386694823,0.9603469395919328,0.9675715422295983,0.9664642817369956,0.9333161087411728,0.9681727298136001,0.9588336963858688,0.9719267426942182],[0.979209689406341,0.973730712501525,0.9536806050191685,0.9731373754540232,0.9188241732647444,0.9861694603387466,0.9794582060253391,0.9836308241639603,1.0,0.9725734857224654,0.9675023388530452,0.9709953642143743,0.8194260270333655,0.9506931279394273,0.9674178737592662,0.9854296155322686,0.9777753021004845,0.9831541896647373,0.9026986401771486,0.865826557040421,0.489476055913032,0.9672169808214577,0.9323819543369728,0.028119072108007053,-0.20066828502235348,0.9002308075081985,0.8462483730544933,0.9691031905429083,0.9294727890039479,0.9101762705971497,0.9692010000176582,0.9214216522366301,0.891667200745563,0.9568123876012371,0.9777018471003589,0.9416258500052285],[0.9966098559163724,0.9943201948017235,0.9781033410189153,0.9999787096298639,0.9559164228733437,0.9785027668737795,0.9634793673892973,0.9677338112720449,0.9725734857224654,1.0,0.9999936434157307,0.9999853201076754,0.8530654523797098,0.992333958139233,0.9999658453126998,0.9769084109740633,0.9958953175896585,0.9668234273306523,0.867600755739943,0.875840273357439,0.5698386601023115,0.9950025728783227,0.942693012944068,0.2631064524562267,-0.23194965070640425,0.8977650795616404,0.9157159061656334,0.9673070877847247,0.9310259260936552,0.9369405659017431,0.9824029839235138,0.931018514114677,0.8868191585769273,0.9647775352476777,0.9787858170244956,0.9483239908932175],[0.9963697410727281,0.9959169469169774,0.9850160002235925,0.9999943234153945,0.9665120191543886,0.9732469820702633,0.972034097800915,0.961671985252851,0.9675023388530452,0.9999936434157307,1.0,0.9999791145950035,0.8532990566408298,0.9923182702840881,0.999967718940756,0.9727263303851621,0.9957511045545359,0.9619551620310917,0.8827167746919303,0.9049971113095022,0.4122622809803197,0.9977334882459528,0.931465165652488,-0.20758989034010414,0.5272448798277527,0.8871860763281652,0.9007493931856342,0.9663911138334915,0.9132551032326085,0.9172820255488666,0.9767482682992368,0.9054566484332497,0.8481419475764284,0.9527477487648317,0.9846500359416335,0.9461318417994335],[0.996691726506644,0.9954901911058479,0.9820440833072933,0.9999715641309366,0.9624947774227482,0.9764871109957631,0.9687443182683495,0.9665427749065911,0.9709953642143743,0.9999853201076754,0.9999791145950035,1.0,0.8531499696591162,0.9923308879826652,0.9999755598228749,0.9761016433993793,0.9958142252567289,0.9662513423715131,0.8747089417238623,0.8938806556430829,0.4936180530778165,0.9968381870554687,0.9405095877411315,-0.005054599540815496,-0.09143280284622493,0.9027367535708505,0.9074411874872923,0.9637540763384163,0.9217422625699474,0.9260047795974011,0.9797894723426771,0.9195685822423014,0.8751747775066469,0.9602585072940942,0.9787896578748893,0.9500166329035881],[0.8436223205755395,0.8497252590436717,0.8686379152810935,0.852157808818356,0.861537505907124,0.8274926230931441,0.8533253100192826,0.7900419519108254,0.8194260270333655,0.8530654523797098,0.8532990566408298,0.8531499696591162,1.0,0.999842283452786,0.8529392135322361,0.8276813559704594,0.8458442760778089,0.79133984404026,0.7090654365811724,0.6967928474431319,0.23821569831758055,0.85456568903021,0.7945882960728955,-0.4915108907881997,0.5066348468368416,0.7210884264174231,0.826628682170525,0.8391840601578644,0.7191038215695548,0.7156362255724913,0.8233672298361738,0.7062870474956123,0.639223402494187,0.7973927787295583,0.8399109019460596,0.7924142751265454],[0.9884637396727878,0.9893186466984325,0.9971722975124543,0.9923291212321357,0.9831819971595674,0.9616255230144348,0.9809539046989831,0.9338518234767386,0.9506931279394273,0.992333958139233,0.9923182702840881,0.9923308879826652,0.999842283452786,1.0,0.9923443550417848,0.9606091344830947,0.9882800828608579,0.9338407531020776,0.8310580716520553,0.8880413518126792,0.15631314592728635,0.9893878069659058,0.9030893948819947,-0.7058247965804205,0.538157057731987,0.8259348977786138,0.9337386007936379,0.951753739905238,0.8540699584249509,0.8645155567110129,0.9530133813778007,0.861025811142942,0.7556185338792217,0.918387737236852,0.9713947876624701,0.9309334630481634],[0.9964687123710321,0.9959717207980454,0.9850228093693236,0.9999634697876408,0.9665349495853781,0.973275858131691,0.9716897673336157,0.9621885008306885,0.9674178737592662,0.9999658453126998,0.999967718940756,0.9999755598228749,0.8529392135322361,0.9923443550417848,1.0,0.9728279911468629,0.995837325120247,0.9623134793545244,0.883366085966978,0.9064896854974919,0.41553220205773733,0.9975557255277693,0.9313349038355321,-0.2044754856349425,0.5249127377820256,0.8870668267109056,0.9002140188127066,0.9664656228337567,0.9148931486748324,0.9187554412557086,0.9768527729778734,0.9071211168169641,0.850352895904731,0.9534573189559041,0.9846163730022104,0.9468708437693469],[0.9882184962810723,0.9839781907522789,0.9537912149883309,0.9772534834942936,0.9161418383148627,0.9999183974615298,0.9821888549967513,0.9823951472271452,0.9854296155322686,0.9769084109740633,0.9727263303851621,0.9761016433993793,0.8276813559704594,0.9606091344830947,0.9728279911468629,1.0,0.9889236403709285,0.9815939101973935,0.9009688352890605,0.8916673499073402,0.5723154833516232,0.9670244462214399,0.9168844530607527,0.03669405159068749,-0.1427911437351319,0.9426522283384284,0.8575318559560585,0.9675299562283326,0.9468061547204667,0.9289895636251589,0.9641413400949201,0.9453401481955567,0.9268972445559746,0.9640819829056475,0.9828683954679523,0.9680341174488288],[0.9997607757998938,0.9979505008500266,0.9741554672772846,0.9960033922380191,0.9466062287230852,0.9890438246727585,0.9780026229450872,0.9785506519270776,0.9777753021004845,0.9958953175896585,0.9957511045545359,0.9958142252567289,0.8458442760778089,0.9882800828608579,0.995837325120247,0.9889236403709285,1.0,0.9787614863688258,0.9096302038226005,0.9237262769192058,0.4836713221254064,0.9890611482980788,0.9288783191508067,-0.1498684010613649,0.5376797186250194,0.9176792510749403,0.8791296411904522,0.9710313227841679,0.9416343400583518,0.9352172038539313,0.9771023567298484,0.9336014722110272,0.8913185161830022,0.9666748030065699,0.9902296942636061,0.9673257134806699],[0.9815602489782909,0.9749945601215297,0.917643608525411,0.9670025793902955,0.8736696683187857,0.9812254944051627,0.9447716971662765,0.9998973594516304,0.9831541896647373,0.9668234273306523,0.9619551620310917,0.9662513423715131,0.79133984404026,0.9338407531020776,0.9623134793545244,0.9815939101973935,0.9787614863688258,1.0,0.93447801530663,0.9383090918246783,0.578034075912754,0.9494484880584327,0.9172114088796652,0.12830723024444146,-0.24332213894825147,0.9232038119723504,0.8010552610835602,0.9460489366945833,0.9763107920667528,0.9599174881619039,0.9659087748767122,0.9654226271400418,0.9328521221885676,0.9674359234426071,0.957030875922317,0.9727296404497884],[0.8904178131985403,0.9038391046042664,0.8126836325955592,0.8663729783953414,0.7608958682294361,0.8981096210542697,0.8492538746509213,0.9317390612315348,0.9026986401771486,0.867600755739943,0.8827167746919303,0.8747089417238623,0.7090654365811724,0.8310580716520553,0.883366085966978,0.9009688352890605,0.9096302038226005,0.93447801530663,1.0,0.8431778457871393,0.6655222392459205,0.8358777076015127,0.819671340543515,0.2188738289078777,-0.13739132570472318,0.8702985648895523,0.6783597028009233,0.8562876481819823,0.9008593771971279,0.8714902671204607,0.8555824789609479,0.882579060133897,0.8664419014578555,0.8661270067697249,0.8688834840118126,0.8995973819622407],[0.9016453509626503,0.8910771999488564,0.7707646997730592,0.8750631331106326,0.7198319515656124,0.8674130689869772,0.7797966423986217,0.9321037543196756,0.865826557040421,0.875840273357439,0.9049971113095022,0.8938806556430829,0.6967928474431319,0.8880413518126792,0.9064896854974919,0.8916673499073402,0.9237262769192058,0.9383090918246783,0.8431778457871393,1.0,0.8108109332890068,0.8224314721373035,0.86878937377317,0.600771813905663,-0.49910290818110087,0.7374642750664601,0.7143410750225775,0.8092716309861927,0.9622136612287995,0.9413431524733084,0.8862945175440747,0.9506265614156557,0.9071764245821505,0.9030886383801376,0.8416514772611757,0.8858782078861475],[0.6243157150489428,0.649248756927386,0.45466017764282923,0.5767057504832466,0.39168056597978057,0.5946475567197167,0.47004399832298155,0.5815401001829203,0.489476055913032,0.5698386601023115,0.4122622809803197,0.4936180530778165,0.23821569831758055,0.15631314592728635,0.41553220205773733,0.5723154833516232,0.4836713221254064,0.578034075912754,0.6655222392459205,0.8108109332890068,1.0,0.514499523873992,0.6525565085037887,0.7216922116775238,-0.11567329425369585,0.5175967409004079,0.43920070699656977,0.5562762281862383,0.7557654833028444,0.6789395690999891,0.5677716239697419,0.7144067790394991,0.7423214973202445,0.6307588206711173,0.5761104089520722,0.63706165698077],[0.9844430396093246,0.9738699581930816,0.9882243459137485,0.9947684525112371,0.973073256675285,0.9695099891719227,0.9680115050845095,0.9512397080219903,0.9672169808214577,0.9950025728783227,0.9977334882459528,0.9968381870554687,0.85456568903021,0.9893878069659058,0.9975557255277693,0.9670244462214399,0.9890611482980788,0.9494484880584327,0.8358777076015127,0.8224314721373035,0.514499523873992,1.0,0.9185577314561454,0.1917018839560597,-0.21930595998362412,0.8787291283165092,0.9323694845487053,0.9676563383523034,0.8932551107468462,0.912811520323157,0.9739319778232878,0.90224414671025,0.8545133213022712,0.9494079651555792,0.9665953415539645,0.9285362506006736],[0.9426651651901942,0.9260869342395365,0.9104148931393073,0.9424828640562676,0.8836544329945445,0.9212771368507746,0.9139301791175372,0.914309304176463,0.9323819543369728,0.942693012944068,0.931465165652488,0.9405095877411315,0.7945882960728955,0.9030893948819947,0.9313349038355321,0.9168844530607527,0.9288783191508067,0.9172114088796652,0.819671340543515,0.86878937377317,0.6525565085037887,0.9185577314561454,1.0,0.25148132819427316,-0.1654046011711316,0.7573157367901466,0.8430165807662265,0.9103681272386788,0.9008104051183378,0.8725314745486843,0.945042975690598,0.8809242239122757,0.843824325704251,0.9401518743927865,0.9022498717268113,0.8808722368957072],[0.2982141450330555,0.29542177638877454,0.12273898060666072,0.2594856524423346,0.08528764592166412,0.18751105745152497,0.05479419286597619,0.16538595429234837,0.028119072108007053,0.2631064524562267,-0.20758989034010414,-0.005054599540815496,-0.4915108907881997,-0.7058247965804205,-0.2044754856349425,0.03669405159068749,-0.1498684010613649,0.12830723024444146,0.2188738289078777,0.600771813905663,0.7216922116775238,0.1917018839560597,0.25148132819427316,1.0,-0.379499989170184,0.22950713769587197,0.1341520796009253,0.1327567280654464,0.4301834366327105,0.4160079858975492,0.24420561491617243,0.4412129602946015,0.3799202080087939,0.2885575268378236,0.19835584522620564,0.31786287883422976],[-0.250482758425866,-0.18996033673249055,-0.15733847099847897,-0.23321547950497779,-0.13674041398140022,-0.18730895441473147,-0.12344596174532373,-0.2807555884202658,-0.20066828502235348,-0.23194965070640425,0.5272448798277527,-0.09143280284622493,0.5066348468368416,0.538157057731987,0.5249127377820256,-0.1427911437351319,0.5376797186250194,-0.24332213894825147,-0.13739132570472318,-0.49910290818110087,-0.11567329425369585,-0.21930595998362412,-0.1654046011711316,-0.379499989170184,1.0,-0.14045871343081773,-0.15909490270659796,-0.15263377385699198,-0.3671685966922881,-0.35142039730438995,-0.2698131463474283,-0.32460908629395857,-0.20115391956287254,-0.31299868279131254,-0.15178878894579464,-0.2805868598676825],[0.9098039271223928,0.8917222568472117,0.8646363310369021,0.8974322214701135,0.8180492465506107,0.9375310345773479,0.8940980571143268,0.9191511935630245,0.9002308075081985,0.8977650795616404,0.8871860763281652,0.9027367535708505,0.7210884264174231,0.8259348977786138,0.8870668267109056,0.9426522283384284,0.9176792510749403,0.9232038119723504,0.8702985648895523,0.7374642750664601,0.5175967409004079,0.8787291283165092,0.7573157367901466,0.22950713769587197,-0.14045871343081773,1.0,0.7509353086798861,0.8999241227227259,0.8349022061380008,0.8788724272117148,0.853776866945625,0.8835284401675922,0.8712132323995515,0.8776791960585061,0.8854833664771747,0.9131402724105349],[0.8941330883931378,0.895600017430086,0.9580045355975507,0.9174994323018927,0.971609315068129,0.8689498688499352,0.9079208967944691,0.8055867124901509,0.8462483730544933,0.9157159061656334,0.9007493931856342,0.9074411874872923,0.826628682170525,0.9337386007936379,0.9002140188127066,0.8575318559560585,0.8791296411904522,0.8010552610835602,0.6783597028009233,0.7143410750225775,0.43920070699656977,0.9323694845487053,0.8430165807662265,0.1341520796009253,-0.15909490270659796,0.7509353086798861,1.0,0.8725171985009795,0.7604944935253686,0.7731031145726266,0.8771451603150827,0.759390436600079,0.7106722445353523,0.8257848253862075,0.8812177061680808,0.8209015263188383],[0.9665102593559524,0.9667741987573385,0.957618020099493,0.9682551049554596,0.9300203640270454,0.9690941492532663,0.9647326208986526,0.9450731346100276,0.9691031905429083,0.9673070877847247,0.9663911138334915,0.9637540763384163,0.8391840601578644,0.951753739905238,0.9664656228337567,0.9675299562283326,0.9710313227841679,0.9460489366945833,0.8562876481819823,0.8092716309861927,0.5562762281862383,0.9676563383523034,0.9103681272386788,0.1327567280654464,-0.15263377385699198,0.8999241227227259,0.8725171985009795,1.0,0.8965801729713109,0.8918933995753872,0.9515751879331138,0.8875508477771065,0.8679672914040567,0.9458364354305314,0.9764488609881954,0.9083476854001532],[0.9547129640939166,0.937314929223508,0.8479125002827251,0.9323086350511163,0.7938210639714339,0.943956130759235,0.8721797230341092,0.9757488386694823,0.9294727890039479,0.9310259260936552,0.9132551032326085,0.9217422625699474,0.7191038215695548,0.8540699584249509,0.9148931486748324,0.9468061547204667,0.9416343400583518,0.9763107920667528,0.9008593771971279,0.9622136612287995,0.7557654833028444,0.8932551107468462,0.9008104051183378,0.4301834366327105,-0.3671685966922881,0.8349022061380008,0.7604944935253686,0.8965801729713109,1.0,0.9868471552401448,0.9446428555517057,0.991234784902101,0.9563718276778372,0.9592133530106454,0.9017574967097279,0.960883508453296],[0.9534353359658337,0.9416920647448499,0.8576148436618687,0.9385335037652248,0.811751597364469,0.931340860941025,0.860253151136316,0.9603469395919328,0.9101762705971497,0.9369405659017431,0.9172820255488666,0.9260047795974011,0.7156362255724913,0.8645155567110129,0.9187554412557086,0.9289895636251589,0.9352172038539313,0.9599174881619039,0.8714902671204607,0.9413431524733084,0.6789395690999891,0.912811520323157,0.8725314745486843,0.4160079858975492,-0.35142039730438995,0.8788724272117148,0.7731031145726266,0.8918933995753872,0.9868471552401448,1.0,0.944697361489796,0.9857231104344518,0.9567604913651826,0.9462658026828571,0.9192147585850025,0.9629339656353515],[0.983010613829595,0.9758894835204794,0.9519239508493675,0.9831124109277123,0.9245423559489996,0.9668485948188625,0.9483706376148836,0.9675715422295983,0.9692010000176582,0.9824029839235138,0.9767482682992368,0.9797894723426771,0.8233672298361738,0.9530133813778007,0.9768527729778734,0.9641413400949201,0.9771023567298484,0.9659087748767122,0.8555824789609479,0.8862945175440747,0.5677716239697419,0.9739319778232878,0.945042975690598,0.24420561491617243,-0.2698131463474283,0.853776866945625,0.8771451603150827,0.9515751879331138,0.9446428555517057,0.944697361489796,1.0,0.9406977596521431,0.8941206077539182,0.975134365120842,0.9710053110614225,0.9528435992985811],[0.9538023749510866,0.9399202321135028,0.8513742792297095,0.932361304980868,0.7991736914828502,0.9441438382070901,0.8734967682561833,0.9664642817369956,0.9214216522366301,0.931018514114677,0.9054566484332497,0.9195685822423014,0.7062870474956123,0.861025811142942,0.9071211168169641,0.9453401481955567,0.9336014722110272,0.9654226271400418,0.882579060133897,0.9506265614156557,0.7144067790394991,0.90224414671025,0.8809242239122757,0.4412129602946015,-0.32460908629395857,0.8835284401675922,0.759390436600079,0.8875508477771065,0.991234784902101,0.9857231104344518,0.9406977596521431,1.0,0.9745083287970481,0.9498131459201138,0.9256297729592351,0.9604306904037099],[0.9149754581379248,0.9137580372776071,0.8089737387712649,0.8890821911883001,0.7492321454457036,0.9293967762775168,0.8596493457528976,0.9333161087411728,0.891667200745563,0.8868191585769273,0.8481419475764284,0.8751747775066469,0.639223402494187,0.7556185338792217,0.850352895904731,0.9268972445559746,0.8913185161830022,0.9328521221885676,0.8664419014578555,0.9071764245821505,0.7423214973202445,0.8545133213022712,0.843824325704251,0.3799202080087939,-0.20115391956287254,0.8712132323995515,0.7106722445353523,0.8679672914040567,0.9563718276778372,0.9567604913651826,0.8941206077539182,0.9745083287970481,1.0,0.9076257545555572,0.9039726041903566,0.9421593936844816],[0.975912920760017,0.966986036875467,0.9153473024042463,0.9660738121178226,0.8747612389568585,0.9620556830067235,0.9235923795954013,0.9681727298136001,0.9568123876012371,0.9647775352476777,0.9527477487648317,0.9602585072940942,0.7973927787295583,0.918387737236852,0.9534573189559041,0.9640819829056475,0.9666748030065699,0.9674359234426071,0.8661270067697249,0.9030886383801376,0.6307588206711173,0.9494079651555792,0.9401518743927865,0.2885575268378236,-0.31299868279131254,0.8776791960585061,0.8257848253862075,0.9458364354305314,0.9592133530106454,0.9462658026828571,0.975134365120842,0.9498131459201138,0.9076257545555572,1.0,0.9567929426342536,0.9507136514794853],[0.9810490311554758,0.9744091169772018,0.9622264124923402,0.9793331865495377,0.9323888520430315,0.9837023406678215,0.9747953885085863,0.9588336963858688,0.9777018471003589,0.9787858170244956,0.9846500359416335,0.9787896578748893,0.8399109019460596,0.9713947876624701,0.9846163730022104,0.9828683954679523,0.9902296942636061,0.957030875922317,0.8688834840118126,0.8416514772611757,0.5761104089520722,0.9665953415539645,0.9022498717268113,0.19835584522620564,-0.15178878894579464,0.8854833664771747,0.8812177061680808,0.9764488609881954,0.9017574967097279,0.9192147585850025,0.9710053110614225,0.9256297729592351,0.9039726041903566,0.9567929426342536,1.0,0.9358550494783371],[0.962031365206078,0.9571523469485322,0.9024267704811547,0.9493830435653373,0.8599550875257268,0.9648158382429745,0.9206041221872496,0.9719267426942182,0.9416258500052285,0.9483239908932175,0.9461318417994335,0.9500166329035881,0.7924142751265454,0.9309334630481634,0.9468708437693469,0.9680341174488288,0.9673257134806699,0.9727296404497884,0.8995973819622407,0.8858782078861475,0.63706165698077,0.9285362506006736,0.8808722368957072,0.31786287883422976,-0.2805868598676825,0.9131402724105349,0.8209015263188383,0.9083476854001532,0.960883508453296,0.9629339656353515,0.9528435992985811,0.9604306904037099,0.9421593936844816,0.9507136514794853,0.9358550494783371,1.0]],"x":["^TAIEX       \u81fa\u7063\u52a0\u6b0a\u5831\u916c\u6307\u6578","^TWII        \u81fa\u7063\u52a0\u6b0a\u6307\u6578","^TAIEXx2     \u81fa\u7063\u52a0\u6b0a\u5831\u916c\u6307\u6578_\u65e5\u6b632","^TAI50I      \u81fa\u706350\u5831\u916c\u6307\u6578","^TAI50Ix2    \u81fa\u706350\u5831\u916c\u6307\u6578_\u65e5\u6b632","^TAI100I     \u81fa\u7063\u4e2d\u578b100\u5831\u916c\u6307\u6578","^TAI100Ix2   \u81fa\u7063\u4e2d\u578b100\u5831\u916c\u6307\u6578_\u65e5\u6b632","^TAIDIVIDI   \u81fa\u7063\u9ad8\u80a1\u606f\u5831\u916c\u6307\u6578","^TAIDIVIDIx2 \u81fa\u7063\u9ad8\u80a1\u606f\u5831\u916c\u6307\u6578_\u65e5\u6b632","0050Fund     \u5143\u5927\u53f0\u7063\u5353\u8d8a50\u57fa\u91d1","006208Fund   \u5bcc\u90a6\u53f0\u7063\u91c6\u540950\u57fa\u91d1","0050         \u5143\u5927\u81fa\u706350","00631L       \u5143\u5927\u53f0\u706350\u6b632","00675L       \u5bcc\u90a6\u81fa\u7063\u52a0\u6b0a\u6b632","006208       \u5bcc\u90a6\u53f050","0051         \u5143\u5927\u4e2d\u578b100","006204       \u6c38\u8c50\u81fa\u7063\u52a0\u6b0a","0056         \u5143\u5927\u9ad8\u80a1\u606f","0056         \u5143\u5927\u9ad8\u80a1\u606f_\u80a1\u606f\u4e0d\u6295\u5165","2412         \u4e2d\u83ef\u96fb\u4fe1","2002         \u4e2d\u92fc","2330         \u53f0\u7a4d\u96fb","2317         \u9d3b\u6d77","6505         \u53f0\u5851\u77f3\u5316","3481         \u7fa4\u5275","2303         \u806f\u96fb","2308         \u53f0\u9054\u96fb","2454         \u806f\u767c\u79d1","2886         \u5146\u8c50\u91d1","2884         \u7389\u5c71\u91d1","2891         \u4e2d\u4fe1\u91d1","2892         \u7b2c\u4e00\u91d1","5880         \u5408\u5eab\u91d1","2881         \u5bcc\u90a6\u91d1","2885         \u5143\u5927\u91d1","2887         \u53f0\u65b0\u91d1"],"y":["^TAIEX       \u81fa\u7063\u52a0\u6b0a\u5831\u916c\u6307\u6578","^TWII        \u81fa\u7063\u52a0\u6b0a\u6307\u6578","^TAIEXx2     \u81fa\u7063\u52a0\u6b0a\u5831\u916c\u6307\u6578_\u65e5\u6b632","^TAI50I      \u81fa\u706350\u5831\u916c\u6307\u6578","^TAI50Ix2    \u81fa\u706350\u5831\u916c\u6307\u6578_\u65e5\u6b632","^TAI100I     \u81fa\u7063\u4e2d\u578b100\u5831\u916c\u6307\u6578","^TAI100Ix2   \u81fa\u7063\u4e2d\u578b100\u5831\u916c\u6307\u6578_\u65e5\u6b632","^TAIDIVIDI   \u81fa\u7063\u9ad8\u80a1\u606f\u5831\u916c\u6307\u6578","^TAIDIVIDIx2 \u81fa\u7063\u9ad8\u80a1\u606f\u5831\u916c\u6307\u6578_\u65e5\u6b632","0050Fund     \u5143\u5927\u53f0\u7063\u5353\u8d8a50\u57fa\u91d1","006208Fund   \u5bcc\u90a6\u53f0\u7063\u91c6\u540950\u57fa\u91d1","0050         \u5143\u5927\u81fa\u706350","00631L       \u5143\u5927\u53f0\u706350\u6b632","00675L       \u5bcc\u90a6\u81fa\u7063\u52a0\u6b0a\u6b632","006208       \u5bcc\u90a6\u53f050","0051         \u5143\u5927\u4e2d\u578b100","006204       \u6c38\u8c50\u81fa\u7063\u52a0\u6b0a","0056         \u5143\u5927\u9ad8\u80a1\u606f","0056         \u5143\u5927\u9ad8\u80a1\u606f_\u80a1\u606f\u4e0d\u6295\u5165","2412         \u4e2d\u83ef\u96fb\u4fe1","2002         \u4e2d\u92fc","2330         \u53f0\u7a4d\u96fb","2317         \u9d3b\u6d77","6505         \u53f0\u5851\u77f3\u5316","3481         \u7fa4\u5275","2303         \u806f\u96fb","2308         \u53f0\u9054\u96fb","2454         \u806f\u767c\u79d1","2886         \u5146\u8c50\u91d1","2884         \u7389\u5c71\u91d1","2891         \u4e2d\u4fe1\u91d1","2892         \u7b2c\u4e00\u91d1","5880         \u5408\u5eab\u91d1","2881         \u5bcc\u90a6\u91d1","2885         \u5143\u5927\u91d1","2887         \u53f0\u65b0\u91d1"],"zmin":-1,"zmax":1,"colorbar":{"x":-0.2}}],"layout":{"autotypenumbers":"strict","colorway":["#636efa","#EF553B","#00cc96","#ab63fa","#FFA15A","#19d3f3","#FF6692","#B6E880","#FF97FF","#FECB52"],"font":{"color":"#f2f5fa","family":"Courier New"},"hovermode":"closest","hoverlabel":{"align":"left"},"paper_bgcolor":"rgb(17,17,17)","plot_bgcolor":"rgb(17,17,17)","polar":{"bgcolor":"rgb(17,17,17)","angularaxis":{"gridcolor":"#506784","linecolor":"#506784","ticks":""},"radialaxis":{"gridcolor":"#506784","linecolor":"#506784","ticks":""}},"ternary":{"bgcolor":"rgb(17,17,17)","aaxis":{"gridcolor":"#506784","linecolor":"#506784","ticks":""},"baxis":{"gridcolor":"#506784","linecolor":"#506784","ticks":""},"caxis":{"gridcolor":"#506784","linecolor":"#506784","ticks":""}},"coloraxis":{"colorbar":{"outlinewidth":0,"ticks":""}},"colorscale":{"sequential":[[0.0,"#0d0887"],[0.1111111111111111,"#46039f"],[0.2222222222222222,"#7201a8"],[0.3333333333333333,"#9c179e"],[0.4444444444444444,"#bd3786"],[0.5555555555555556,"#d8576b"],[0.6666666666666666,"#ed7953"],[0.7777777777777778,"#fb9f3a"],[0.8888888888888888,"#fdca26"],[1.0,"#f0f921"]],"sequentialminus":[[0.0,"#0d0887"],[0.1111111111111111,"#46039f"],[0.2222222222222222,"#7201a8"],[0.3333333333333333,"#9c179e"],[0.4444444444444444,"#bd3786"],[0.5555555555555556,"#d8576b"],[0.6666666666666666,"#ed7953"],[0.7777777777777778,"#fb9f3a"],[0.8888888888888888,"#fdca26"],[1.0,"#f0f921"]],"diverging":[[0,"#8e0152"],[0.1,"#c51b7d"],[0.2,"#de77ae"],[0.3,"#f1b6da"],[0.4,"#fde0ef"],[0.5,"#f7f7f7"],[0.6,"#e6f5d0"],[0.7,"#b8e186"],[0.8,"#7fbc41"],[0.9,"#4d9221"],[1,"#276419"]]},"xaxis":{"gridcolor":"rgba(0, 0, 0, 0)","linecolor":"#506784","ticks":"","title":{"standoff":15},"zerolinecolor":"#283442","automargin":true,"zerolinewidth":2,"tickfont":{"family":"Courier New","size":14},"side":"top","tickangle":-90},"yaxis":{"gridcolor":"rgba(0, 0, 0, 0)","linecolor":"#506784","ticks":"","title":{"standoff":15},"zerolinecolor":"#283442","automargin":true,"zerolinewidth":2,"tickfont":{"family":"Courier New"},"side":"right"},"scene":{"xaxis":{"backgroundcolor":"rgb(17,17,17)","gridcolor":"#506784","linecolor":"#506784","showbackground":true,"ticks":"","zerolinecolor":"#C8D4E3","gridwidth":2},"yaxis":{"backgroundcolor":"rgb(17,17,17)","gridcolor":"#506784","linecolor":"#506784","showbackground":true,"ticks":"","zerolinecolor":"#C8D4E3","gridwidth":2},"zaxis":{"backgroundcolor":"rgb(17,17,17)","gridcolor":"#506784","linecolor":"#506784","showbackground":true,"ticks":"","zerolinecolor":"#C8D4E3","gridwidth":2}},"shapedefaults":{"line":{"color":"#f2f5fa"}},"annotationdefaults":{"arrowcolor":"#f2f5fa","arrowhead":0,"arrowwidth":1},"geo":{"bgcolor":"rgb(17,17,17)","landcolor":"rgb(17,17,17)","subunitcolor":"#506784","showland":true,"showlakes":true,"lakecolor":"rgb(17,17,17)"},"title":{"x":0.05,"font":{"family":"Times New Roman"},"y":0.05,"text":"<b>Correlation of Adj Close<b><br><i>2016-09-23 ~ 2026-05-05<i>"},"updatemenudefaults":{"bgcolor":"#506784","borderwidth":0},"sliderdefaults":{"bgcolor":"#C8D4E3","borderwidth":1,"bordercolor":"rgb(17,17,17)","tickwidth":0},"mapbox":{"style":"dark"},"annotations":[{"text":"<b>@zwindr<b>","textangle":0,"opacity":0.5,"font":{"color":"white","size":12},"xref":"paper","yref":"paper","xanchor":"left","yanchor":"bottom","x":1.0,"y":1.0,"showarrow":false}]},"config":{"responsive":true,"toImageButtonOptions":{"filename":"Correlation of Adj Close_2016-09-23~2026-05-05","scale":5}}};Plotly.newPlot("correlationAdjClose",correlationAdjClose.data,correlationAdjClose.layout||{},correlationAdjClose.config);}else{console.log("style display is none => correlationAdjClose");}