var config = { responsive: true }

var correlationAdjClose = {"data": [{"type": "heatmap", "z": [[1.0, 0.9935256539161504, 0.9753374114021894, 0.9978172254334566, 0.9637813512894943, 0.9800992310235301, -0.9382698246445944, 0.9892290166182761, 0.9673233135188559, 0.9966140352188428, 0.9929966577401862, 0.994109910761079, 0.9972465856235487, 0.9775837723757995, 0.9995492977574378, 0.9862727507863444, 0.9118444453916309, 0.7616457816502991, 0.9858003533782245, 0.9227107425566576, 0.494270551823732, -0.3122703070145236, 0.8972040118852451, 0.9729563275507385, 0.9507183643388235], [0.9935256539161504, 1.0, 0.9706653685406759, 0.991191119811165, 0.9596424712776004, 0.9751030696149479, -0.9333261183198266, 0.9793111264207454, 0.9600009407826517, 0.99384543458262, 0.9917975656575773, 0.9911066273023552, 0.9952599413318834, 0.9722180455115592, 0.9962839878318066, 0.9821939428210801, 0.9002812173321748, 0.767777692032424, 0.9664142390759592, 0.9004162717838029, 0.4916765454095039, -0.23378063320734352, 0.8687713683577101, 0.9599967010802288, 0.9511561918939183], [0.9753374114021894, 0.9706653685406759, 1.0, 0.9812389437605783, 0.9962983631724935, 0.9784520588114278, -0.9745168302468713, 0.9683214760388348, 0.9826446959528063, 0.9853024521096857, 0.997545880727205, 0.9975146650401137, 0.9882453138614311, 0.9768278806553786, 0.9872909236920501, 0.9749279289983732, 0.8126855816220615, 0.6527878697341789, 0.9892765134309087, 0.9109984060215102, 0.3275996101856059, -0.2291075649777212, 0.9059917704485368, 0.9385531951888152, 0.9772162732961688], [0.9978172254334566, 0.991191119811165, 0.9812389437605783, 1.0, 0.974843928290289, 0.9723222884356855, -0.9328102627369421, 0.9836826215769701, 0.9644568331486346, 0.9992456618584787, 0.9923608223459014, 0.9911774344144046, 0.9999008275338443, 0.9674376049422987, 0.996022000261969, 0.9810682909326836, 0.8975624634760605, 0.734652273492162, 0.9931675158230198, 0.9245677120375632, 0.47488529300120363, -0.3042239803712365, 0.8970421019602361, 0.9668654416767412, 0.9564958978151531], [0.9637813512894943, 0.9596424712776004, 0.9962983631724935, 0.974843928290289, 1.0, 0.95844080429619, -0.9561446463760909, 0.9537892114322605, 0.9704386771059739, 0.9815379171622864, 0.9884927486650101, 0.9850128993738895, 0.9845033391236574, 0.9559933153131994, 0.9758258971144937, 0.9605383828891708, 0.7925942443894262, 0.6212012751010094, 0.9881921179186776, 0.9081472579041807, 0.30877682891566705, -0.2223302176892068, 0.8899300289993677, 0.9235218621242979, 0.9748629127107498], [0.9800992310235301, 0.9751030696149479, 0.9784520588114278, 0.9723222884356855, 0.95844080429619, 1.0, -0.9793001496391301, 0.9790489503872076, 0.9785594227251823, 0.9714322440400027, 0.975709287688005, 0.9736245575514021, 0.9681052268380811, 0.9988546601891855, 0.985732358844155, 0.9855264509400553, 0.8498606225769799, 0.7277957990659478, 0.9668881084708975, 0.8892550276361013, 0.35541823917860865, -0.21908513483661451, 0.9348314890491606, 0.954834864545101, 0.9575412666083347], [-0.9382698246445944, -0.9333261183198266, -0.9745168302468713, -0.9328102627369421, -0.9561446463760909, -0.9793001496391301, 1.0, -0.94789669484209, -0.9823356554285098, -0.9406626361011869, -0.9724449702252829, -0.9745033484347977, -0.9464474050486698, -0.9857364972376758, -0.962736440269323, -0.9641665771018165, -0.7566917421275058, -0.6234369090869925, -0.9394682636819607, -0.8755154682274683, -0.20778219114599564, 0.14771484396120158, -0.9016484602107523, -0.907885253120423, -0.9548895835953746], [0.9892290166182761, 0.9793111264207454, 0.9683214760388348, 0.9836826215769701, 0.9537892114322605, 0.9790489503872076, -0.94789669484209, 1.0, 0.9810663387197829, 0.980507427383494, 0.9742489587673776, 0.9733348807982287, 0.9789064892837489, 0.9750279611528263, 0.9866820793509414, 0.9963303205235157, 0.9194291935783057, 0.7001622903456961, 0.9736589367122085, 0.8954765606297455, 0.36672904859153305, -0.31954543380230566, 0.9026249146090587, 0.9534510842976343, 0.9324712782981465], [0.9673233135188559, 0.9600009407826517, 0.9826446959528063, 0.9644568331486346, 0.9704386771059739, 0.9785594227251823, -0.9823356554285098, 0.9810663387197829, 1.0, 0.9635990283219532, 0.970934218784283, 0.9678694719514652, 0.9605078807635521, 0.9767538862609313, 0.9678790577703419, 0.9868007248192323, 0.8412726637606927, 0.6257215568919001, 0.9650877009306573, 0.9032958207002371, 0.2206631583582741, -0.2322012887306866, 0.8839981083005152, 0.9275634652763153, 0.9561770331174552], [0.9966140352188428, 0.99384543458262, 0.9853024521096857, 0.9992456618584787, 0.9815379171622864, 0.9714322440400027, -0.9406626361011869, 0.980507427383494, 0.9635990283219532, 1.0, 0.9912638951297896, 0.9896980097094102, 0.9998348918874445, 0.96837418615462, 0.9952432535068299, 0.9811654336802131, 0.9096022363030983, 0.7134851923957265, 0.9955418209814647, 0.9176105274337287, 0.3066126190060782, -0.2414639962743821, 0.9299710649431817, 0.9559554615702416, 0.9543819223562667], [0.9929966577401862, 0.9917975656575773, 0.997545880727205, 0.9923608223459014, 0.9884927486650101, 0.975709287688005, -0.9724449702252829, 0.9742489587673776, 0.970934218784283, 0.9912638951297896, 1.0, 0.9996551040646234, 0.9921058104824896, 0.9767311777679377, 0.9933238729712359, 0.9756933283232665, 0.9040567600111529, 0.6142031116792359, 0.9883465655517788, 0.8879920517702736, -0.24780299372465014, 0.5257193748643506, 0.9073114478234344, 0.9516272281154151, 0.9768068919976676], [0.994109910761079, 0.9911066273023552, 0.9975146650401137, 0.9911774344144046, 0.9850128993738895, 0.9736245575514021, -0.9745033484347977, 0.9733348807982287, 0.9678694719514652, 0.9896980097094102, 0.9996551040646234, 1.0, 0.9909306221410185, 0.9747475712981656, 0.9941809550043499, 0.9750076279065563, 0.9137369827350179, 0.5059979254766044, 0.9838980498922137, 0.8740282383679306, -0.6780704204132111, 0.5422700160332868, 0.8804613812286431, 0.9483659955565155, 0.9763659261932847], [0.9972465856235487, 0.9952599413318834, 0.9882453138614311, 0.9999008275338443, 0.9845033391236574, 0.9681052268380811, -0.9464474050486698, 0.9789064892837489, 0.9605078807635521, 0.9998348918874445, 0.9921058104824896, 0.9909306221410185, 1.0, 0.9688718647484647, 0.9955797998274043, 0.97994863979073, 0.9268504206265241, 0.6768262594570353, 0.997077917415868, 0.8968837119614063, 0.0596391879167174, 0.45659220776765796, 0.9198459834214965, 0.94796469091319, 0.9626239989026838], [0.9775837723757995, 0.9722180455115592, 0.9768278806553786, 0.9674376049422987, 0.9559933153131994, 0.9988546601891855, -0.9857364972376758, 0.9750279611528263, 0.9767538862609313, 0.96837418615462, 0.9767311777679377, 0.9747475712981656, 0.9688718647484647, 1.0, 0.9858913879330213, 0.9832072279660733, 0.8636279566116782, 0.731400551581736, 0.9622442474975718, 0.8782613554149756, 0.2195203387079601, -0.16241688338827678, 0.9441026532541437, 0.9496711826874167, 0.9566123339229287], [0.9995492977574378, 0.9962839878318066, 0.9872909236920501, 0.996022000261969, 0.9758258971144937, 0.985732358844155, -0.962736440269323, 0.9866820793509414, 0.9678790577703419, 0.9952432535068299, 0.9933238729712359, 0.9941809550043499, 0.9955797998274043, 0.9858913879330213, 1.0, 0.9869967192818155, 0.9339686248314596, 0.7124906864157664, 0.9896298534111826, 0.893542264219863, 0.10320285554010232, 0.46045422304130723, 0.9373207452757993, 0.9583558907540985, 0.9617977548952239], [0.9862727507863444, 0.9821939428210801, 0.9749279289983732, 0.9810682909326836, 0.9605383828891708, 0.9855264509400553, -0.9641665771018165, 0.9963303205235157, 0.9868007248192323, 0.9811654336802131, 0.9756933283232665, 0.9750076279065563, 0.97994863979073, 0.9832072279660733, 0.9869967192818155, 1.0, 0.9014508516686508, 0.7023140772525739, 0.9729381008865801, 0.8948339114410921, 0.3005707006368801, -0.23264644088911393, 0.9144008169787562, 0.9429767504322668, 0.9437957644326603], [0.9118444453916309, 0.9002812173321748, 0.8126855816220615, 0.8975624634760605, 0.7925942443894262, 0.8498606225769799, -0.7566917421275058, 0.9194291935783057, 0.8412726637606927, 0.9096022363030983, 0.9040567600111529, 0.9137369827350179, 0.9268504206265241, 0.8636279566116782, 0.9339686248314596, 0.9014508516686508, 1.0, 0.8603554999376485, 0.8458454999782855, 0.8717622290867376, 0.741223435533982, -0.559866598936616, 0.6686712893778396, 0.9093694412641348, 0.7849764741596081], [0.7616457816502991, 0.767777692032424, 0.6527878697341789, 0.734652273492162, 0.6212012751010094, 0.7277957990659478, -0.6234369090869925, 0.7001622903456961, 0.6257215568919001, 0.7134851923957265, 0.6142031116792359, 0.5059979254766044, 0.6768262594570353, 0.731400551581736, 0.7124906864157664, 0.7023140772525739, 0.8603554999376485, 1.0, 0.6553225395713108, 0.7583184211437763, 0.7357418449784056, -0.13168223662461814, 0.5390737009618096, 0.7720854053242416, 0.6585150393494728], [0.9858003533782245, 0.9664142390759592, 0.9892765134309087, 0.9931675158230198, 0.9881921179186776, 0.9668881084708975, -0.9394682636819607, 0.9736589367122085, 0.9650877009306573, 0.9955418209814647, 0.9883465655517788, 0.9838980498922137, 0.997077917415868, 0.9622442474975718, 0.9896298534111826, 0.9729381008865801, 0.8458454999782855, 0.6553225395713108, 1.0, 0.8956531460086751, 0.4053461962091609, -0.29794697088948086, 0.8854840075543768, 0.9490815890718208, 0.9660424362560198], [0.9227107425566576, 0.9004162717838029, 0.9109984060215102, 0.9245677120375632, 0.9081472579041807, 0.8892550276361013, -0.8755154682274683, 0.8954765606297455, 0.9032958207002371, 0.9176105274337287, 0.8879920517702736, 0.8740282383679306, 0.8968837119614063, 0.8782613554149756, 0.893542264219863, 0.8948339114410921, 0.8717622290867376, 0.7583184211437763, 0.8956531460086751, 1.0, 0.4503209550733251, -0.2085703688239113, 0.6919354651379168, 0.9179827338522581, 0.8794247834715427], [0.494270551823732, 0.4916765454095039, 0.3275996101856059, 0.47488529300120363, 0.30877682891566705, 0.35541823917860865, -0.20778219114599564, 0.36672904859153305, 0.2206631583582741, 0.3066126190060782, -0.24780299372465014, -0.6780704204132111, 0.0596391879167174, 0.2195203387079601, 0.10320285554010232, 0.3005707006368801, 0.741223435533982, 0.7357418449784056, 0.4053461962091609, 0.4503209550733251, 1.0, -0.42799802528711267, 0.3234549055595574, 0.4780773242974433, 0.2722106831283665], [-0.3122703070145236, -0.23378063320734352, -0.2291075649777212, -0.3042239803712365, -0.2223302176892068, -0.21908513483661451, 0.14771484396120158, -0.31954543380230566, -0.2322012887306866, -0.2414639962743821, 0.5257193748643506, 0.5422700160332868, 0.45659220776765796, -0.16241688338827678, 0.46045422304130723, -0.23264644088911393, -0.559866598936616, -0.13168223662461814, -0.29794697088948086, -0.2085703688239113, -0.42799802528711267, 1.0, -0.15425147947219855, -0.3432729598573731, -0.1724343964384948], [0.8972040118852451, 0.8687713683577101, 0.9059917704485368, 0.8970421019602361, 0.8899300289993677, 0.9348314890491606, -0.9016484602107523, 0.9026249146090587, 0.8839981083005152, 0.9299710649431817, 0.9073114478234344, 0.8804613812286431, 0.9198459834214965, 0.9441026532541437, 0.9373207452757993, 0.9144008169787562, 0.6686712893778396, 0.5390737009618096, 0.8854840075543768, 0.6919354651379168, 0.3234549055595574, -0.15425147947219855, 1.0, 0.8294066940251543, 0.8836210501492695], [0.9729563275507385, 0.9599967010802288, 0.9385531951888152, 0.9668654416767412, 0.9235218621242979, 0.954834864545101, -0.907885253120423, 0.9534510842976343, 0.9275634652763153, 0.9559554615702416, 0.9516272281154151, 0.9483659955565155, 0.94796469091319, 0.9496711826874167, 0.9583558907540985, 0.9429767504322668, 0.9093694412641348, 0.7720854053242416, 0.9490815890718208, 0.9179827338522581, 0.4780773242974433, -0.3432729598573731, 0.8294066940251543, 1.0, 0.9268118681775884], [0.9507183643388235, 0.9511561918939183, 0.9772162732961688, 0.9564958978151531, 0.9748629127107498, 0.9575412666083347, -0.9548895835953746, 0.9324712782981465, 0.9561770331174552, 0.9543819223562667, 0.9768068919976676, 0.9763659261932847, 0.9626239989026838, 0.9566123339229287, 0.9617977548952239, 0.9437957644326603, 0.7849764741596081, 0.6585150393494728, 0.9660424362560198, 0.8794247834715427, 0.2722106831283665, -0.1724343964384948, 0.8836210501492695, 0.9268118681775884, 1.0]], "x": ["^TAIEX       \u81fa\u7063\u52a0\u6b0a\u5831\u916c\u6307\u6578", "^TWII        \u81fa\u7063\u52a0\u6b0a\u6307\u6578", "^TAIEXx2     \u81fa\u7063\u52a0\u6b0a\u5831\u916c\u6307\u6578_\u65e5\u6b632", "^TAI50I      \u81fa\u706350\u5831\u916c\u6307\u6578", "^TAI50Ix2    \u81fa\u706350\u5831\u916c\u6307\u6578_\u65e5\u6b632", "^TAI100I     \u81fa\u7063\u4e2d\u578b100\u5831\u916c\u6307\u6578", "^TAI100Ix2   \u81fa\u7063\u4e2d\u578b100\u5831\u916c\u6307\u6578_\u65e5\u6b632", "^TAIDIVIDI   \u81fa\u7063\u9ad8\u80a1\u606f\u5831\u916c\u6307\u6578", "^TAIDIVIDIx2 \u81fa\u7063\u9ad8\u80a1\u606f\u5831\u916c\u6307\u6578_\u65e5\u6b632", "0050         \u5143\u5927\u81fa\u706350", "00631L       \u5143\u5927\u53f0\u706350\u6b632", "00675L       \u5bcc\u90a6\u81fa\u7063\u52a0\u6b0a\u6b632", "006208       \u5bcc\u90a6\u53f050", "0051         \u5143\u5927\u4e2d\u578b100", "006204       \u6c38\u8c50\u81fa\u7063\u52a0\u6b0a", "0056         \u5143\u5927\u9ad8\u80a1\u606f", "2412         \u4e2d\u83ef\u96fb\u4fe1", "2002         \u4e2d\u92fc", "2330         \u53f0\u7a4d\u96fb", "2317         \u9d3b\u6d77", "6505         \u53f0\u5851\u77f3\u5316", "3481         \u7fa4\u5275", "2303         \u806f\u96fb", "2308         \u53f0\u9054\u96fb", "2454         \u806f\u767c\u79d1"], "y": ["^TAIEX       \u81fa\u7063\u52a0\u6b0a\u5831\u916c\u6307\u6578", "^TWII        \u81fa\u7063\u52a0\u6b0a\u6307\u6578", "^TAIEXx2     \u81fa\u7063\u52a0\u6b0a\u5831\u916c\u6307\u6578_\u65e5\u6b632", "^TAI50I      \u81fa\u706350\u5831\u916c\u6307\u6578", "^TAI50Ix2    \u81fa\u706350\u5831\u916c\u6307\u6578_\u65e5\u6b632", "^TAI100I     \u81fa\u7063\u4e2d\u578b100\u5831\u916c\u6307\u6578", "^TAI100Ix2   \u81fa\u7063\u4e2d\u578b100\u5831\u916c\u6307\u6578_\u65e5\u6b632", "^TAIDIVIDI   \u81fa\u7063\u9ad8\u80a1\u606f\u5831\u916c\u6307\u6578", "^TAIDIVIDIx2 \u81fa\u7063\u9ad8\u80a1\u606f\u5831\u916c\u6307\u6578_\u65e5\u6b632", "0050         \u5143\u5927\u81fa\u706350", "00631L       \u5143\u5927\u53f0\u706350\u6b632", "00675L       \u5bcc\u90a6\u81fa\u7063\u52a0\u6b0a\u6b632", "006208       \u5bcc\u90a6\u53f050", "0051         \u5143\u5927\u4e2d\u578b100", "006204       \u6c38\u8c50\u81fa\u7063\u52a0\u6b0a", "0056         \u5143\u5927\u9ad8\u80a1\u606f", "2412         \u4e2d\u83ef\u96fb\u4fe1", "2002         \u4e2d\u92fc", "2330         \u53f0\u7a4d\u96fb", "2317         \u9d3b\u6d77", "6505         \u53f0\u5851\u77f3\u5316", "3481         \u7fa4\u5275", "2303         \u806f\u96fb", "2308         \u53f0\u9054\u96fb", "2454         \u806f\u767c\u79d1"], "zmin": -1, "zmax": 1, "colorbar": {"x": -0.2}}], "layout": {"title": {"text": "<b>Correlation of Adj Close <b><br><i>2016/09/23 ~ 2025/05/09<i>", "y": 0.05, "font": {"family": "Times New Roman"}, "x": 0.05}, "xaxis": {"side": "top", "tickangle": -90, "gridcolor": "rgba(0, 0, 0, 0)", "tickfont": {"family": "Courier New", "size": 14}, "automargin": true}, "yaxis": {"side": "right", "gridcolor": "rgba(0, 0, 0, 0)", "tickfont": {"family": "Courier New"}, "automargin": true}, "height": 600, "font": {"family": "Courier New", "color": "#ffffff"}, "plot_bgcolor": "#000", "paper_bgcolor": "#000"}};

Plotly.newPlot("correlationAdjClose",
    correlationAdjClose.data,
    correlationAdjClose.layout || {},
    config);