var element=document.getElementById("correlationAdjClose");if(element.style.display!='none'){var correlationAdjClose={"data":[{"type":"heatmap","z":[[1.0,0.9942287952185433,0.9772066269674983,0.9975593890807634,0.9643423515696751,0.982136628603796,-0.9454947887046738,0.9900889219613417,0.9713598304672274,0.9971594941046963,0.997140049272313,0.9976308244699593,0.993559709065592,0.9942577300876696,0.9971682002853522,0.9844074814070414,0.9996815706174365,0.9900656297749888,0.9211687344424055,0.7310433128075451,0.9854312947373836,0.9240870756464951,0.4217691205515884,-0.3036399938567982,0.9006002861435383,0.9676114198171903,0.9563859690997427,0.9803229190228144,0.9651717961380656,0.976032068092691,0.9725050292653068,0.945573984495305,0.9805432599278664,0.9714334853198823,0.9544533520057908],[0.9942287952185433,1.0,0.9725691223212384,0.9913760635560334,0.9595659968975238,0.9777638560203139,-0.9408701502854588,0.9814150774239123,0.9646929398047892,0.9952081052106594,0.9950499478524366,0.9943671839786478,0.992595718162877,0.9919503629175637,0.99502924592736,0.9786642161278913,0.9967867195572098,0.9840209588108766,0.9105559551678281,0.7444916107732984,0.9675449839487472,0.9042060088487168,0.42132170280174647,-0.22965612629652757,0.8756994833340457,0.9560238565328244,0.9557040749347727,0.9589637413021117,0.9516150774558793,0.9659466998671398,0.9572988828016865,0.9437669208857682,0.9697371215921203,0.9617287988803539,0.9486017273578816],[0.9772066269674983,0.9725691223212384,1.0,0.9836917570159125,0.9958672159582076,0.9787084550396858,-0.9766058805800437,0.9696947308630025,0.9837926809949923,0.9892816817475212,0.9899676585471382,0.9865120717914106,0.9969696326137871,0.9967574518601192,0.9897184666298207,0.9771461986025267,0.9878608685079405,0.9694874126201465,0.8298217254641957,0.6184239129002421,0.9907207546893159,0.9166509569834814,0.2556293725698593,-0.22761057684498248,0.9026932631567502,0.9446097457769245,0.9802228028298762,0.9303947416834962,0.9143392404254368,0.96591136485482,0.9208726295095714,0.9057536394924723,0.9672864516676437,0.9744241940879037,0.9225271661644373],[0.9975593890807634,0.9913760635560334,0.9836917570159125,1.0,0.9765441680914406,0.9743946700412957,-0.9407833224969162,0.9841012861750633,0.9687698206366803,0.9999723702286881,0.999989876739397,0.9999584708985864,0.9917536119623553,0.9897631010249526,0.9999441547633718,0.9740136624564112,0.9960301822574712,0.9838621481022782,0.9068827031791359,0.6994902236406791,0.9935085375408305,0.9261042440003997,0.39559906421237573,-0.2947111050376859,0.8973791484007536,0.9655325986094142,0.9627062904939314,0.9709716743418926,0.9622520973956172,0.9785496366569832,0.9625416299548624,0.9339156987506225,0.9785543286998778,0.9700846704464328,0.9454888144735346],[0.9643423515696751,0.9595659968975238,0.9958672159582076,0.9765441680914406,1.0,0.9578389972597766,-0.9582053783080354,0.9535283384501064,0.970729155250205,0.9850212369888618,0.985763048716029,0.9817723001112306,0.9858506053811547,0.9822845435275231,0.9853700628920098,0.9551258198068984,0.9753795404034543,0.9531631930593045,0.8084088321197286,0.5805250693187939,0.9895676544889881,0.9127842975012451,0.22872483382424436,-0.2203143938582949,0.881635589954454,0.9345968133360836,0.9771787964053961,0.9093335458700501,0.9002228083357157,0.9599940600003303,0.8986991907140386,0.8785017912717191,0.9564225648770833,0.9621906439581088,0.897786257173809],[0.982136628603796,0.9777638560203139,0.9787084550396858,0.9743946700412957,0.9578389972597766,1.0,-0.981349189871043,0.9811703290928157,0.9805604206461005,0.9693772011669277,0.9696807057544693,0.9724051943821159,0.9774946834046956,0.9755154964584856,0.9695288614361481,0.9999025049140711,0.9864462793209158,0.9822070469175075,0.8649077659065075,0.6978816584134149,0.9677830042625525,0.8952785317354526,0.2896438744873119,-0.21748370096543584,0.935254368755736,0.9488640204183837,0.9608159159472662,0.9585132206790268,0.9300122011542247,0.9530057599256178,0.9527996157589191,0.9549834616229245,0.9582224061057907,0.9771597295114196,0.9553965972495563],[-0.9454947887046738,-0.9408701502854588,-0.9766058805800437,-0.9407833224969162,-0.9582053783080354,-0.981349189871043,1.0,-0.9531425486610137,-0.9839901795438624,-0.9504196108993427,-0.9515636230539253,-0.9471253220668285,-0.9751787346449993,-0.9767187442671366,-0.9512241901687707,-0.9842968477363542,-0.9661351114170212,-0.9559883519029049,-0.7802669893597888,-0.5957822463713193,-0.9456270849206554,-0.8877241930506647,-0.14821030209601027,0.15319624153656808,-0.9027818796777756,-0.9130396514469794,-0.9591830132863111,-0.9017145032314439,-0.8634881036787669,-0.9280992047243288,-0.8934309092881345,-0.9097907058225025,-0.9284745507150085,-0.9650850058844046,-0.9099621657320563],[0.9900889219613417,0.9814150774239123,0.9696947308630025,0.9841012861750633,0.9535283384501064,0.9811703290928157,-0.9531425486610137,1.0,0.9829252554859643,0.9799429948887604,0.9798640472442887,0.9830763557771217,0.976362566051357,0.9754944833132394,0.9799198425972883,0.9830539202639766,0.9878376088910842,0.9998733004557815,0.9252511768603816,0.6652780747672179,0.973519775825591,0.897420010231906,0.27656528593015217,-0.31205042489005486,0.9053817188465813,0.94419222180458,0.9393948973870809,0.9782551672683453,0.9539070394293727,0.9681750234563608,0.9636558071693492,0.9365073242921135,0.9602764685811525,0.9585386865821568,0.9654428957735169],[0.9713598304672274,0.9646929398047892,0.9837926809949923,0.9687698206366803,0.970729155250205,0.9805604206461005,-0.9839901795438624,0.9829252554859643,1.0,0.9643698851528318,0.9649816835109097,0.9669069496967243,0.9738679025754842,0.9710340231703696,0.9647717613395116,0.9796467658361195,0.9714230753532309,0.9822458632605781,0.8541191933467656,0.5893179466640198,0.9684241798768322,0.909345142671591,0.1346784646717065,-0.23204122003485922,0.8861608396625964,0.9266392889446963,0.9615623896662582,0.935000159506537,0.8987366709746737,0.9575205201792584,0.9184666620560756,0.9041633975662023,0.9472454608454868,0.9704020986807402,0.9236070717667691],[0.9971594941046963,0.9952081052106594,0.9892816817475212,0.9999723702286881,0.9850212369888618,0.9693772011669277,-0.9504196108993427,0.9799429948887604,0.9643698851528318,1.0,0.9999880996333508,0.9999827395270006,0.9916068269952593,0.9895857968497985,0.9999496528969071,0.9696762353134378,0.9956442747283131,0.9808393372556207,0.9329790502595685,0.615028322419098,0.9968017082471196,0.9055818648010475,-0.04845489169323558,0.4210430488330932,0.9109538022231011,0.9452520088266043,0.9677166964788266,0.962500454696636,0.9453163395092444,0.967098500310675,0.942741201710961,0.9189810456240515,0.9666140457525241,0.9806956725182061,0.941669213531267],[0.997140049272313,0.9950499478524366,0.9899676585471382,0.999989876739397,0.985763048716029,0.9696807057544693,-0.9515636230539253,0.9798640472442887,0.9649816835109097,0.9999880996333508,1.0,0.9999723826854064,0.9917808151505184,0.9897574018402765,0.9999534450961783,0.9699489611868293,0.9956809223330909,0.9807298845058688,0.9322239086806638,0.6111266753704119,0.9970858699343067,0.9049139952148345,-0.06323875033899147,0.416495183871366,0.9101046461508454,0.9449735169040872,0.9685576868162638,0.9620033987153673,0.9440930540239416,0.9672107495766015,0.9417359063141623,0.917660532220837,0.9667992302949161,0.9811826835364523,0.9409427080605366],[0.9976308244699593,0.9943671839786478,0.9865120717914106,0.9999584708985864,0.9817723001112306,0.9724051943821159,-0.9471253220668285,0.9830763557771217,0.9669069496967243,0.9999827395270006,0.9999723826854064,1.0,0.991564475805487,0.989504466158886,0.9999628038177475,0.9726466790273784,0.9958297126135528,0.9835503184904573,0.9233964486500418,0.6645013515026355,0.9959940848435156,0.9205409875021996,0.15256902453253943,-0.1969187179515191,0.919594446671037,0.9561447132352175,0.9578563941993177,0.9655301105042876,0.9533232078512477,0.973367450665145,0.9533108316873082,0.9321330899049749,0.973447828457672,0.9684982192946111,0.9506395268852289],[0.993559709065592,0.992595718162877,0.9969696326137871,0.9917536119623553,0.9858506053811547,0.9774946834046956,-0.9751787346449993,0.976362566051357,0.9738679025754842,0.9916068269952593,0.9917808151505184,0.991564475805487,1.0,0.999699521971886,0.9917373815038963,0.978072964725091,0.993848853554975,0.9775883105645384,0.9159073364335187,0.5529189965071218,0.9865756188577589,0.8970674548018497,-0.3425109167209856,0.44228051683121317,0.9007542035656092,0.9403797048602502,0.9785570955270845,0.946057147452614,0.908540440451889,0.9485393629359911,0.9172550491757155,0.8895752070501663,0.9650241093592216,0.9803708352457965,0.9340227495145099],[0.9942577300876696,0.9919503629175637,0.9967574518601192,0.9897631010249526,0.9822845435275231,0.9755154964584856,-0.9767187442671366,0.9754944833132394,0.9710340231703696,0.9895857968497985,0.9897574018402765,0.989504466158886,0.999699521971886,1.0,0.9898365752136079,0.976118177845125,0.9943933049091191,0.9769522366381754,0.9235124319170414,0.4292068890356221,0.9815501327157721,0.8868779908773892,-0.7228542576271433,0.418354241170848,0.8725142363278905,0.9360927641199577,0.9779035656169138,0.9390280776792412,0.8921579396399005,0.9398619770454175,0.9150923093313499,0.8684427651528358,0.9671090711784107,0.9787269668795153,0.9262614063776818],[0.9971682002853522,0.99502924592736,0.9897184666298207,0.9999441547633718,0.9853700628920098,0.9695288614361481,-0.9512241901687707,0.9799198425972883,0.9647717613395116,0.9999496528969071,0.9999534450961783,0.9999628038177475,0.9917373815038963,0.9898365752136079,1.0,0.9698275319821192,0.9956843659424336,0.98083183946659,0.9328773071684686,0.6121277126086014,0.9969067911959376,0.9048612419472515,-0.059965859873798176,0.4167319504335012,0.910120823992529,0.943959597626868,0.9678961478343293,0.9623271489389557,0.9445835460518055,0.9671231614719322,0.9423711398571359,0.918312650748121,0.966641073292523,0.9810627781717233,0.9414351909255069],[0.9844074814070414,0.9786642161278913,0.9771461986025267,0.9740136624564112,0.9551258198068984,0.9999025049140711,-0.9842968477363542,0.9830539202639766,0.9796467658361195,0.9696762353134378,0.9699489611868293,0.9726466790273784,0.978072964725091,0.976118177845125,0.9698275319821192,1.0,0.9867646810665982,0.9823399171603675,0.888469872572974,0.6961330085751283,0.9660977293106723,0.8904136195947547,0.15584634919763354,-0.1963780957106884,0.9435627674297206,0.9475396332037509,0.9575556176287232,0.9618463263601261,0.9269271863105233,0.9494803289992526,0.9537208339807638,0.9543527394340814,0.9605188194804787,0.9765966456808387,0.960077338728844],[0.9996815706174365,0.9967867195572098,0.9878608685079405,0.9960301822574712,0.9753795404034543,0.9864462793209158,-0.9661351114170212,0.9878376088910842,0.9714230753532309,0.9956442747283131,0.9956809223330909,0.9958297126135528,0.993848853554975,0.9943933049091191,0.9956843659424336,0.9867646810665982,1.0,0.9886255746642508,0.9384758603236396,0.656944548003826,0.9889551145452914,0.9007726901880556,-0.006721941666122046,0.4379692819466307,0.9312747937299107,0.9495818697495095,0.9660782515627274,0.9751677859417971,0.9490840912775431,0.9650924105284104,0.9574513958363652,0.942375621612858,0.9723389563171798,0.9852426415465807,0.9633567389034245],[0.9900656297749888,0.9840209588108766,0.9694874126201465,0.9838621481022782,0.9531631930593045,0.9822070469175075,-0.9559883519029049,0.9998733004557815,0.9822458632605781,0.9808393372556207,0.9807298845058688,0.9835503184904573,0.9775883105645384,0.9769522366381754,0.98083183946659,0.9823399171603675,0.9886255746642508,1.0,0.9314426515521329,0.6640836051005716,0.9724426148194097,0.901982491934965,0.24315410484900501,-0.2937546997371227,0.9106989557804372,0.94215635497364,0.939333089864417,0.978697949134589,0.9532285855404844,0.9666141753886114,0.9621415989788052,0.9363241576204845,0.9595167756997949,0.9564297107585009,0.9666273953974464],[0.9211687344424055,0.9105559551678281,0.8298217254641957,0.9068827031791359,0.8084088321197286,0.8649077659065075,-0.7802669893597888,0.9252511768603816,0.8541191933467656,0.9329790502595685,0.9322239086806638,0.9233964486500418,0.9159073364335187,0.9235124319170414,0.9328773071684686,0.888469872572974,0.9384758603236396,0.9314426515521329,1.0,0.8373040290372217,0.8587505085227232,0.8734006024483139,0.6730098505904986,-0.5309584201175892,0.7018057155046084,0.9044036169663539,0.8038310905136606,0.9578937032136616,0.9356147992520626,0.9008921869518554,0.9445713343727601,0.8953615006027126,0.8990568969858667,0.8471806936454567,0.8806624093271355],[0.7310433128075451,0.7444916107732984,0.6184239129002421,0.6994902236406791,0.5805250693187939,0.6978816584134149,-0.5957822463713193,0.6652780747672179,0.5893179466640198,0.615028322419098,0.6111266753704119,0.6645013515026355,0.5529189965071218,0.4292068890356221,0.6121277126086014,0.6961330085751283,0.656944548003826,0.6640836051005716,0.8373040290372217,1.0,0.6240465751893471,0.7358818002200955,0.7286490107494493,-0.11668339048804094,0.5378666142075881,0.7235975782568603,0.6292510975084695,0.7866689752504442,0.7201726801631019,0.6556710791630871,0.7576165172299613,0.7618990000009873,0.6902846126717547,0.6546941107225823,0.6986437694706505],[0.9854312947373836,0.9675449839487472,0.9907207546893159,0.9935085375408305,0.9895676544889881,0.9677830042625525,-0.9456270849206554,0.973519775825591,0.9684241798768322,0.9968017082471196,0.9970858699343067,0.9959940848435156,0.9865756188577589,0.9815501327157721,0.9969067911959376,0.9660977293106723,0.9889551145452914,0.9724426148194097,0.8587505085227232,0.6240465751893471,1.0,0.8988374119734525,0.3220175984016369,-0.2882574280657494,0.8833171383452619,0.952603235329177,0.9713859530141872,0.9400046292831497,0.9454170368674079,0.9706757960901112,0.9406758908779931,0.9091091052393094,0.9689737390027875,0.9555721061190858,0.926786992877228],[0.9240870756464951,0.9042060088487168,0.9166509569834814,0.9261042440003997,0.9127842975012451,0.8952785317354526,-0.8877241930506647,0.897420010231906,0.909345142671591,0.9055818648010475,0.9049139952148345,0.9205409875021996,0.8970674548018497,0.8868779908773892,0.9048612419472515,0.8904136195947547,0.9007726901880556,0.901982491934965,0.8734006024483139,0.7358818002200955,0.8988374119734525,1.0,0.36688349799909376,-0.18994045998703368,0.7030174377713011,0.9192804772420659,0.8895518863522494,0.8984918121431615,0.8506674718756939,0.9255912597216905,0.8689182910525513,0.840953370261578,0.9227126013775546,0.8680370148077362,0.8484787300140496],[0.4217691205515884,0.42132170280174647,0.2556293725698593,0.39559906421237573,0.22872483382424436,0.2896438744873119,-0.14821030209601027,0.27656528593015217,0.1346784646717065,-0.04845489169323558,-0.06323875033899147,0.15256902453253943,-0.3425109167209856,-0.7228542576271433,-0.059965859873798176,0.15584634919763354,-0.006721941666122046,0.24315410484900501,0.6730098505904986,0.7286490107494493,0.3220175984016369,0.36688349799909376,1.0,-0.3905838877614116,0.2852608139435346,0.37912966927080216,0.20701640434147708,0.5007260688784873,0.49650441671366946,0.35489637952204156,0.5178785558895797,0.43232978317960485,0.37632056216457666,0.29707617709316453,0.4079539793566101],[-0.3036399938567982,-0.22965612629652757,-0.22761057684498248,-0.2947111050376859,-0.2203143938582949,-0.21748370096543584,0.15319624153656808,-0.31205042489005486,-0.23204122003485922,0.4210430488330932,0.416495183871366,-0.1969187179515191,0.44228051683121317,0.418354241170848,0.4167319504335012,-0.1963780957106884,0.4379692819466307,-0.2937546997371227,-0.5309584201175892,-0.11668339048804094,-0.2882574280657494,-0.18994045998703368,-0.3905838877614116,1.0,-0.1503456135599087,-0.3222981428922121,-0.17822253905573676,-0.38940477785920785,-0.37884198125747404,-0.32513603589707546,-0.34610286794238154,-0.20490129686500003,-0.34982680816038225,-0.18054401900199857,-0.31732768153508595],[0.9006002861435383,0.8756994833340457,0.9026932631567502,0.8973791484007536,0.881635589954454,0.935254368755736,-0.9027818796777756,0.9053817188465813,0.8861608396625964,0.9109538022231011,0.9101046461508454,0.919594446671037,0.9007542035656092,0.8725142363278905,0.910120823992529,0.9435627674297206,0.9312747937299107,0.9106989557804372,0.7018057155046084,0.5378666142075881,0.8833171383452619,0.7030174377713011,0.2852608139435346,-0.1503456135599087,1.0,0.8247634465793868,0.8841631916725837,0.8124179174132656,0.8592962417526145,0.8266785247584751,0.867246419129724,0.8622005506714435,0.8569758612901605,0.867047002812103,0.8953640222560404],[0.9676114198171903,0.9560238565328244,0.9446097457769245,0.9655325986094142,0.9345968133360836,0.9488640204183837,-0.9130396514469794,0.94419222180458,0.9266392889446963,0.9452520088266043,0.9449735169040872,0.9561447132352175,0.9403797048602502,0.9360927641199577,0.943959597626868,0.9475396332037509,0.9495818697495095,0.94215635497364,0.9044036169663539,0.7235975782568603,0.952603235329177,0.9192804772420659,0.37912966927080216,-0.3222981428922121,0.8247634465793868,1.0,0.9322844915847741,0.9507253997577847,0.9302713067365068,0.9441052947752592,0.9349193978810163,0.904931470121382,0.9583873667210839,0.9231125641531779,0.911369023166329],[0.9563859690997427,0.9557040749347727,0.9802228028298762,0.9627062904939314,0.9771787964053961,0.9608159159472662,-0.9591830132863111,0.9393948973870809,0.9615623896662582,0.9677166964788266,0.9685576868162638,0.9578563941993177,0.9785570955270845,0.9779035656169138,0.9678961478343293,0.9575556176287232,0.9660782515627274,0.939333089864417,0.8038310905136606,0.6292510975084695,0.9713859530141872,0.8895518863522494,0.20701640434147708,-0.17822253905573676,0.8841631916725837,0.9322844915847741,1.0,0.9053869353210523,0.8855420387237408,0.9398407742888597,0.8866517116059253,0.8847584255845287,0.9458815913568777,0.971548762051707,0.8851359342631977],[0.9803229190228144,0.9589637413021117,0.9303947416834962,0.9709716743418926,0.9093335458700501,0.9585132206790268,-0.9017145032314439,0.9782551672683453,0.935000159506537,0.962500454696636,0.9620033987153673,0.9655301105042876,0.946057147452614,0.9390280776792412,0.9623271489389557,0.9618463263601261,0.9751677859417971,0.978697949134589,0.9578937032136616,0.7866689752504442,0.9400046292831497,0.8984918121431615,0.5007260688784873,-0.38940477785920785,0.8124179174132656,0.9507253997577847,0.9053869353210523,1.0,0.9857142369850195,0.9645745095026131,0.9899375161065515,0.9512294328722645,0.9591481235568277,0.9126082960186568,0.9666534949621993],[0.9651717961380656,0.9516150774558793,0.9143392404254368,0.9622520973956172,0.9002228083357157,0.9300122011542247,-0.8634881036787669,0.9539070394293727,0.8987366709746737,0.9453163395092444,0.9440930540239416,0.9533232078512477,0.908540440451889,0.8921579396399005,0.9445835460518055,0.9269271863105233,0.9490840912775431,0.9532285855404844,0.9356147992520626,0.7201726801631019,0.9454170368674079,0.8506674718756939,0.49650441671366946,-0.37884198125747404,0.8592962417526145,0.9302713067365068,0.8855420387237408,0.9857142369850195,1.0,0.9507382569283991,0.983195798129689,0.954838046182828,0.9366749718762758,0.9197248073326205,0.9615672151019098],[0.976032068092691,0.9659466998671398,0.96591136485482,0.9785496366569832,0.9599940600003303,0.9530057599256178,-0.9280992047243288,0.9681750234563608,0.9575205201792584,0.967098500310675,0.9672107495766015,0.973367450665145,0.9485393629359911,0.9398619770454175,0.9671231614719322,0.9494803289992526,0.9650924105284104,0.9666141753886114,0.9008921869518554,0.6556710791630871,0.9706757960901112,0.9255912597216905,0.35489637952204156,-0.32513603589707546,0.8266785247584751,0.9441052947752592,0.9398407742888597,0.9645745095026131,0.9507382569283991,1.0,0.9528025569014925,0.9158846641021178,0.9760793221696958,0.9576306737181886,0.9415280415037781],[0.9725050292653068,0.9572988828016865,0.9208726295095714,0.9625416299548624,0.8986991907140386,0.9527996157589191,-0.8934309092881345,0.9636558071693492,0.9184666620560756,0.942741201710961,0.9417359063141623,0.9533108316873082,0.9172550491757155,0.9150923093313499,0.9423711398571359,0.9537208339807638,0.9574513958363652,0.9621415989788052,0.9445713343727601,0.7576165172299613,0.9406758908779931,0.8689182910525513,0.5178785558895797,-0.34610286794238154,0.867246419129724,0.9349193978810163,0.8866517116059253,0.9899375161065515,0.983195798129689,0.9528025569014925,1.0,0.9735016760752485,0.9438939756017759,0.9367675439104277,0.9622534421085893],[0.945573984495305,0.9437669208857682,0.9057536394924723,0.9339156987506225,0.8785017912717191,0.9549834616229245,-0.9097907058225025,0.9365073242921135,0.9041633975662023,0.9189810456240515,0.917660532220837,0.9321330899049749,0.8895752070501663,0.8684427651528358,0.918312650748121,0.9543527394340814,0.942375621612858,0.9363241576204845,0.8953615006027126,0.7618990000009873,0.9091091052393094,0.840953370261578,0.43232978317960485,-0.20490129686500003,0.8622005506714435,0.904931470121382,0.8847584255845287,0.9512294328722645,0.954838046182828,0.9158846641021178,0.9735016760752485,1.0,0.9062802087475418,0.9321010880203714,0.9532710690972583],[0.9805432599278664,0.9697371215921203,0.9672864516676437,0.9785543286998778,0.9564225648770833,0.9582224061057907,-0.9284745507150085,0.9602764685811525,0.9472454608454868,0.9666140457525241,0.9667992302949161,0.973447828457672,0.9650241093592216,0.9671090711784107,0.966641073292523,0.9605188194804787,0.9723389563171798,0.9595167756997949,0.8990568969858667,0.6902846126717547,0.9689737390027875,0.9227126013775546,0.37632056216457666,-0.34982680816038225,0.8569758612901605,0.9583873667210839,0.9458815913568777,0.9591481235568277,0.9366749718762758,0.9760793221696958,0.9438939756017759,0.9062802087475418,1.0,0.9545850503984713,0.9404659663642764],[0.9714334853198823,0.9617287988803539,0.9744241940879037,0.9700846704464328,0.9621906439581088,0.9771597295114196,-0.9650850058844046,0.9585386865821568,0.9704020986807402,0.9806956725182061,0.9811826835364523,0.9684982192946111,0.9803708352457965,0.9787269668795153,0.9810627781717233,0.9765966456808387,0.9852426415465807,0.9564297107585009,0.8471806936454567,0.6546941107225823,0.9555721061190858,0.8680370148077362,0.29707617709316453,-0.18054401900199857,0.867047002812103,0.9231125641531779,0.971548762051707,0.9126082960186568,0.9197248073326205,0.9576306737181886,0.9367675439104277,0.9321010880203714,0.9545850503984713,1.0,0.9175550081949024],[0.9544533520057908,0.9486017273578816,0.9225271661644373,0.9454888144735346,0.897786257173809,0.9553965972495563,-0.9099621657320563,0.9654428957735169,0.9236070717667691,0.941669213531267,0.9409427080605366,0.9506395268852289,0.9340227495145099,0.9262614063776818,0.9414351909255069,0.960077338728844,0.9633567389034245,0.9666273953974464,0.8806624093271355,0.6986437694706505,0.926786992877228,0.8484787300140496,0.4079539793566101,-0.31732768153508595,0.8953640222560404,0.911369023166329,0.8851359342631977,0.9666534949621993,0.9615672151019098,0.9415280415037781,0.9622534421085893,0.9532710690972583,0.9404659663642764,0.9175550081949024,1.0]],"x":["^TAIEX       \u81fa\u7063\u52a0\u6b0a\u5831\u916c\u6307\u6578","^TWII        \u81fa\u7063\u52a0\u6b0a\u6307\u6578","^TAIEXx2     \u81fa\u7063\u52a0\u6b0a\u5831\u916c\u6307\u6578_\u65e5\u6b632","^TAI50I      \u81fa\u706350\u5831\u916c\u6307\u6578","^TAI50Ix2    \u81fa\u706350\u5831\u916c\u6307\u6578_\u65e5\u6b632","^TAI100I     \u81fa\u7063\u4e2d\u578b100\u5831\u916c\u6307\u6578","^TAI100Ix2   \u81fa\u7063\u4e2d\u578b100\u5831\u916c\u6307\u6578_\u65e5\u6b632","^TAIDIVIDI   \u81fa\u7063\u9ad8\u80a1\u606f\u5831\u916c\u6307\u6578","^TAIDIVIDIx2 \u81fa\u7063\u9ad8\u80a1\u606f\u5831\u916c\u6307\u6578_\u65e5\u6b632","0050Fund     \u5143\u5927\u53f0\u7063\u5353\u8d8a50\u57fa\u91d1","006208Fund   \u5bcc\u90a6\u53f0\u7063\u91c6\u540950\u57fa\u91d1","0050         \u5143\u5927\u81fa\u706350","00631L       \u5143\u5927\u53f0\u706350\u6b632","00675L       \u5bcc\u90a6\u81fa\u7063\u52a0\u6b0a\u6b632","006208       \u5bcc\u90a6\u53f050","0051         \u5143\u5927\u4e2d\u578b100","006204       \u6c38\u8c50\u81fa\u7063\u52a0\u6b0a","0056         \u5143\u5927\u9ad8\u80a1\u606f","2412         \u4e2d\u83ef\u96fb\u4fe1","2002         \u4e2d\u92fc","2330         \u53f0\u7a4d\u96fb","2317         \u9d3b\u6d77","6505         \u53f0\u5851\u77f3\u5316","3481         \u7fa4\u5275","2303         \u806f\u96fb","2308         \u53f0\u9054\u96fb","2454         \u806f\u767c\u79d1","2886         \u5146\u8c50\u91d1","2884         \u7389\u5c71\u91d1","2891         \u4e2d\u4fe1\u91d1","2892         \u7b2c\u4e00\u91d1","5880         \u5408\u5eab\u91d1","2881         \u5bcc\u90a6\u91d1","2885         \u5143\u5927\u91d1","2887         \u53f0\u65b0\u91d1"],"y":["^TAIEX       \u81fa\u7063\u52a0\u6b0a\u5831\u916c\u6307\u6578","^TWII        \u81fa\u7063\u52a0\u6b0a\u6307\u6578","^TAIEXx2     \u81fa\u7063\u52a0\u6b0a\u5831\u916c\u6307\u6578_\u65e5\u6b632","^TAI50I      \u81fa\u706350\u5831\u916c\u6307\u6578","^TAI50Ix2    \u81fa\u706350\u5831\u916c\u6307\u6578_\u65e5\u6b632","^TAI100I     \u81fa\u7063\u4e2d\u578b100\u5831\u916c\u6307\u6578","^TAI100Ix2   \u81fa\u7063\u4e2d\u578b100\u5831\u916c\u6307\u6578_\u65e5\u6b632","^TAIDIVIDI   \u81fa\u7063\u9ad8\u80a1\u606f\u5831\u916c\u6307\u6578","^TAIDIVIDIx2 \u81fa\u7063\u9ad8\u80a1\u606f\u5831\u916c\u6307\u6578_\u65e5\u6b632","0050Fund     \u5143\u5927\u53f0\u7063\u5353\u8d8a50\u57fa\u91d1","006208Fund   \u5bcc\u90a6\u53f0\u7063\u91c6\u540950\u57fa\u91d1","0050         \u5143\u5927\u81fa\u706350","00631L       \u5143\u5927\u53f0\u706350\u6b632","00675L       \u5bcc\u90a6\u81fa\u7063\u52a0\u6b0a\u6b632","006208       \u5bcc\u90a6\u53f050","0051         \u5143\u5927\u4e2d\u578b100","006204       \u6c38\u8c50\u81fa\u7063\u52a0\u6b0a","0056         \u5143\u5927\u9ad8\u80a1\u606f","2412         \u4e2d\u83ef\u96fb\u4fe1","2002         \u4e2d\u92fc","2330         \u53f0\u7a4d\u96fb","2317         \u9d3b\u6d77","6505         \u53f0\u5851\u77f3\u5316","3481         \u7fa4\u5275","2303         \u806f\u96fb","2308         \u53f0\u9054\u96fb","2454         \u806f\u767c\u79d1","2886         \u5146\u8c50\u91d1","2884         \u7389\u5c71\u91d1","2891         \u4e2d\u4fe1\u91d1","2892         \u7b2c\u4e00\u91d1","5880         \u5408\u5eab\u91d1","2881         \u5bcc\u90a6\u91d1","2885         \u5143\u5927\u91d1","2887         \u53f0\u65b0\u91d1"],"zmin":-1,"zmax":1,"colorbar":{"x":-0.2}}],"layout":{"autotypenumbers":"strict","colorway":["#636efa","#EF553B","#00cc96","#ab63fa","#FFA15A","#19d3f3","#FF6692","#B6E880","#FF97FF","#FECB52"],"font":{"color":"#f2f5fa","family":"Courier New"},"hovermode":"closest","hoverlabel":{"align":"left"},"paper_bgcolor":"rgb(17,17,17)","plot_bgcolor":"rgb(17,17,17)","polar":{"bgcolor":"rgb(17,17,17)","angularaxis":{"gridcolor":"#506784","linecolor":"#506784","ticks":""},"radialaxis":{"gridcolor":"#506784","linecolor":"#506784","ticks":""}},"ternary":{"bgcolor":"rgb(17,17,17)","aaxis":{"gridcolor":"#506784","linecolor":"#506784","ticks":""},"baxis":{"gridcolor":"#506784","linecolor":"#506784","ticks":""},"caxis":{"gridcolor":"#506784","linecolor":"#506784","ticks":""}},"coloraxis":{"colorbar":{"outlinewidth":0,"ticks":""}},"colorscale":{"sequential":[[0.0,"#0d0887"],[0.1111111111111111,"#46039f"],[0.2222222222222222,"#7201a8"],[0.3333333333333333,"#9c179e"],[0.4444444444444444,"#bd3786"],[0.5555555555555556,"#d8576b"],[0.6666666666666666,"#ed7953"],[0.7777777777777778,"#fb9f3a"],[0.8888888888888888,"#fdca26"],[1.0,"#f0f921"]],"sequentialminus":[[0.0,"#0d0887"],[0.1111111111111111,"#46039f"],[0.2222222222222222,"#7201a8"],[0.3333333333333333,"#9c179e"],[0.4444444444444444,"#bd3786"],[0.5555555555555556,"#d8576b"],[0.6666666666666666,"#ed7953"],[0.7777777777777778,"#fb9f3a"],[0.8888888888888888,"#fdca26"],[1.0,"#f0f921"]],"diverging":[[0,"#8e0152"],[0.1,"#c51b7d"],[0.2,"#de77ae"],[0.3,"#f1b6da"],[0.4,"#fde0ef"],[0.5,"#f7f7f7"],[0.6,"#e6f5d0"],[0.7,"#b8e186"],[0.8,"#7fbc41"],[0.9,"#4d9221"],[1,"#276419"]]},"xaxis":{"gridcolor":"rgba(0, 0, 0, 0)","linecolor":"#506784","ticks":"","title":{"standoff":15},"zerolinecolor":"#283442","automargin":true,"zerolinewidth":2,"tickfont":{"family":"Courier New","size":14},"side":"top","tickangle":-90},"yaxis":{"gridcolor":"rgba(0, 0, 0, 0)","linecolor":"#506784","ticks":"","title":{"standoff":15},"zerolinecolor":"#283442","automargin":true,"zerolinewidth":2,"tickfont":{"family":"Courier New"},"side":"right"},"scene":{"xaxis":{"backgroundcolor":"rgb(17,17,17)","gridcolor":"#506784","linecolor":"#506784","showbackground":true,"ticks":"","zerolinecolor":"#C8D4E3","gridwidth":2},"yaxis":{"backgroundcolor":"rgb(17,17,17)","gridcolor":"#506784","linecolor":"#506784","showbackground":true,"ticks":"","zerolinecolor":"#C8D4E3","gridwidth":2},"zaxis":{"backgroundcolor":"rgb(17,17,17)","gridcolor":"#506784","linecolor":"#506784","showbackground":true,"ticks":"","zerolinecolor":"#C8D4E3","gridwidth":2}},"shapedefaults":{"line":{"color":"#f2f5fa"}},"annotationdefaults":{"arrowcolor":"#f2f5fa","arrowhead":0,"arrowwidth":1},"geo":{"bgcolor":"rgb(17,17,17)","landcolor":"rgb(17,17,17)","subunitcolor":"#506784","showland":true,"showlakes":true,"lakecolor":"rgb(17,17,17)"},"title":{"x":0.05,"font":{"family":"Times New Roman"},"y":0.05,"text":"<b>Correlation of Adj Close<b><br><i>2016-09-23 ~ 2025-09-02<i>"},"updatemenudefaults":{"bgcolor":"#506784","borderwidth":0},"sliderdefaults":{"bgcolor":"#C8D4E3","borderwidth":1,"bordercolor":"rgb(17,17,17)","tickwidth":0},"mapbox":{"style":"dark"},"annotations":[{"text":"<b>@zwindr<b>","textangle":0,"opacity":0.5,"font":{"color":"white","size":12},"xref":"paper","yref":"paper","xanchor":"left","yanchor":"bottom","x":1.0,"y":1.0,"showarrow":false}]},"config":{"responsive":true,"toImageButtonOptions":{"filename":"Correlation of Adj Close_2016-09-23~2025-09-02","scale":5}}};Plotly.newPlot("correlationAdjClose",correlationAdjClose.data,correlationAdjClose.layout||{},correlationAdjClose.config);}else{console.log("style display is none => correlationAdjClose");}