var element=document.getElementById("correlationClose");if(element.style.display!='none'){var correlationClose={"data":[{"type":"heatmap","z":[[1.0,0.999999999999998,1.0,0.9953569755197809,0.9953569755197809,0.9773706682284993,0.9773706682284993,0.9270379463650559,0.9270379463650559,0.6810379947091524,0.9960326316525601,0.615232853057015,0.8793503768316151,0.9857382541865043,0.9961093288705425,0.9806853529425249,0.99939698406412,0.9094708612463712,0.9094708612463712,0.7510392349329221,-0.22238530627365036,0.9842185469153119,0.31861108421298,-0.20311057489834466,-0.1739814402431032,0.8519698901889942,0.8845657119259853,0.9189938794401914,0.8771017712851741,0.7708514224037607,0.7101623790876197,0.6479864251004775,0.5728362197032092,0.9198384672176921,0.8921911565512406,0.3297111725816673],[0.999999999999998,1.0,0.9999999999999981,0.9952975472380251,0.9952975472380251,0.9769301296436643,0.9769301296436643,0.9270838871521913,0.9270838871521913,0.6813835805038473,0.996037035054652,0.6142693262433513,0.8803476651470639,0.985309567114035,0.9961328836390096,0.9805042902316801,0.9994004047693718,0.9092439940600042,0.9092439940600042,0.7668445157803078,-0.018077216135239133,0.9782444368041668,0.06223478119341769,-0.19715514531912853,-0.17444523206120105,0.7218116315091943,0.8803506184682571,0.9038685650576302,0.8745209432405051,0.7774687118190301,0.7028934000734725,0.6454561446170165,0.5972942942813061,0.9191069685794426,0.7846836637611291,0.32467598045860796],[1.0,0.9999999999999981,1.0,0.9953569755197809,0.9953569755197809,0.9773706682284993,0.9773706682284993,0.9270379463650559,0.9270379463650559,0.6810379947091524,0.9960326316525601,0.615232853057015,0.8793503768316151,0.9857382541865043,0.9961093288705425,0.9806853529425249,0.99939698406412,0.9094708612463712,0.9094708612463712,0.7510392349329221,-0.22238530627365036,0.9842185469153119,0.31861108421298,-0.20311057489834466,-0.1739814402431032,0.8519698901889942,0.8845657119259853,0.9189938794401914,0.8771017712851741,0.7708514224037607,0.7101623790876197,0.6479864251004775,0.5728362197032092,0.9198384672176921,0.8921911565512406,0.3297111725816673],[0.9953569755197809,0.9952975472380251,0.9953569755197809,1.0,1.0,0.9664813265654713,0.9664813265654713,0.9110468083619403,0.9110468083619403,0.6344316869826537,0.9997313185163392,0.5702366618124942,0.88664183475748,0.989262234942228,0.999686990279606,0.9655733827895573,0.9956044810120155,0.8806642941377005,0.8806642941377005,0.7160940718302614,-0.22801621588068752,0.9937787646537894,0.34588184811694683,-0.23504044359543486,-0.1653626090031899,0.8413382780736284,0.9093995145706808,0.9252317192638105,0.8472504087229114,0.7606523120059564,0.7366758954648971,0.633107186302758,0.534306734066727,0.9002023457072251,0.886980245719804,0.34530265540950417],[0.9953569755197809,0.9952975472380251,0.9953569755197809,1.0,1.0,0.9664813265654713,0.9664813265654713,0.9110468083619403,0.9110468083619403,0.6344316869826537,0.9997313185163392,0.5702366618124942,0.88664183475748,0.989262234942228,0.999686990279606,0.9655733827895573,0.9956044810120155,0.8806642941377005,0.8806642941377005,0.7160940718302614,-0.22801621588068752,0.9937787646537894,0.34588184811694683,-0.23504044359543486,-0.1653626090031899,0.8413382780736284,0.9093995145706808,0.9252317192638105,0.8472504087229114,0.7606523120059564,0.7366758954648971,0.633107186302758,0.534306734066727,0.9002023457072251,0.886980245719804,0.34530265540950417],[0.9773706682284993,0.9769301296436643,0.9773706682284993,0.9664813265654713,0.9664813265654713,1.0,1.0,0.9471552583579989,0.9471552583579989,0.6671007334801708,0.96509723102929,0.6379527070711726,0.8549600719064133,0.9524647187773162,0.9650754779750058,0.9991788612393422,0.9817086275113149,0.9178577833660979,0.9178577833660979,0.654941102397421,-0.18625618630154486,0.9570716661163979,0.435784394626932,-0.3576863551176698,-0.07649642041200927,0.8996706804867192,0.8486556115493035,0.9236097193242737,0.8653352989791474,0.7480708691549973,0.834958673882168,0.7331266388916873,0.639895391357694,0.8721051357970357,0.9109100142918681,0.5700122116220839],[0.9773706682284993,0.9769301296436643,0.9773706682284993,0.9664813265654713,0.9664813265654713,1.0,1.0,0.9471552583579989,0.9471552583579989,0.6671007334801708,0.96509723102929,0.6379527070711726,0.8549600719064133,0.9524647187773162,0.9650754779750058,0.9991788612393422,0.9817086275113149,0.9178577833660979,0.9178577833660979,0.654941102397421,-0.18625618630154486,0.9570716661163979,0.435784394626932,-0.3576863551176698,-0.07649642041200927,0.8996706804867192,0.8486556115493035,0.9236097193242737,0.8653352989791474,0.7480708691549973,0.834958673882168,0.7331266388916873,0.639895391357694,0.8721051357970357,0.9109100142918681,0.5700122116220839],[0.9270379463650559,0.9270838871521913,0.9270379463650559,0.9110468083619403,0.9110468083619403,0.9471552583579989,0.9471552583579989,1.0,1.0,0.6519063681434389,0.9441172291403492,0.6545600859870448,0.8219951589796616,0.9194947771289409,0.943944194949068,0.9490333582632398,0.9548054237275958,0.9703762559251746,0.9703762559251746,0.6215555077766328,-0.0728829082071931,0.8848980764818515,0.6333652410447272,-0.3916456047572838,0.035048845481029954,0.8349031174418378,0.7617871083456214,0.8813234854464757,0.8433369006493158,0.7686804365543832,0.9068637406780665,0.7816596544215612,0.6728633057990121,0.8286912223969637,0.8912968306255538,0.846945450610989],[0.9270379463650559,0.9270838871521913,0.9270379463650559,0.9110468083619403,0.9110468083619403,0.9471552583579989,0.9471552583579989,1.0,1.0,0.6519063681434389,0.9441172291403492,0.6545600859870448,0.8219951589796616,0.9194947771289409,0.943944194949068,0.9490333582632398,0.9548054237275958,0.9703762559251746,0.9703762559251746,0.6215555077766328,-0.0728829082071931,0.8848980764818515,0.6333652410447272,-0.3916456047572838,0.035048845481029954,0.8349031174418378,0.7617871083456214,0.8813234854464757,0.8433369006493158,0.7686804365543832,0.9068637406780665,0.7816596544215612,0.6728633057990121,0.8286912223969637,0.8912968306255538,0.846945450610989],[0.6810379947091524,0.6813835805038473,0.6810379947091524,0.6344316869826537,0.6344316869826537,0.6671007334801708,0.6671007334801708,0.6519063681434389,0.6519063681434389,1.0,0.4759724455524287,0.9999688679621231,0.2596901102097815,0.22160561977484883,0.47926902074857175,0.6601044310682191,0.5529926066254984,0.7550726409458997,0.7550726409458997,0.681920367407797,-0.1019331523439577,0.6100674305907285,0.04519783414055393,0.04384347709634217,-0.23975693969625625,0.6994999769956869,0.3248121239019711,0.5819147315084376,0.7930940449834342,0.6651425959866779,0.3136155338733413,0.5203797047161347,0.5626618764859969,0.7480939303478191,0.5573429882472251,0.17242141598235905],[0.9960326316525601,0.996037035054652,0.9960326316525601,0.9997313185163392,0.9997313185163392,0.96509723102929,0.96509723102929,0.9441172291403492,0.9441172291403492,0.4759724455524287,1.0,0.4774043539249995,0.8860431159640545,0.9886685873085749,0.9999544688590033,0.9620118514294086,0.9954333590285983,0.8916296059172838,0.8916296059172838,0.8374057798374209,-0.15319464076865855,0.9970990572743532,0.9148693612036691,-0.5456404882008983,0.6272897968811683,0.8468178319857371,0.8989852143543754,0.9361248369999577,0.8271528365318552,0.7796213787286925,0.948579189380987,0.810058838267367,0.6556939492889311,0.8849851901252236,0.9649642043193201,0.8558172144543894],[0.615232853057015,0.6142693262433513,0.615232853057015,0.5702366618124942,0.5702366618124942,0.6379527070711726,0.6379527070711726,0.6545600859870448,0.6545600859870448,0.9999688679621231,0.4774043539249995,1.0,0.26076282114938515,0.22253997996930722,0.48014346284409176,0.6481741401323882,0.5537494270860465,0.7450067894191991,0.7450067894191991,0.6298387219634533,0.02944603466042676,0.5505996945199495,0.3690566784808074,-0.16243135465775302,-0.21815487137559914,0.7158566545298367,0.23786580668778629,0.5418731191446514,0.759315995900587,0.6799036046900861,0.4614852961467399,0.6740929067291868,0.6749412268219332,0.6932384857112855,0.519412406753902,0.5798977537209654],[0.8793503768316151,0.8803476651470639,0.8793503768316151,0.88664183475748,0.88664183475748,0.8549600719064133,0.8549600719064133,0.8219951589796616,0.8219951589796616,0.2596901102097815,0.8860431159640545,0.26076282114938515,1.0,0.9998754548221723,0.885563245183841,0.8490248173013538,0.8780080879225357,0.745447770517777,0.745447770517777,0.6437149113940464,-0.12814159582162798,0.880147571884426,0.8265656211691654,-0.6306930260646435,0.6868460377845024,0.7204352037429932,0.8708144288292077,0.871477680044149,0.6546621497623023,0.5906372334704214,0.8564831582035873,0.6348562121135531,0.4735966902580955,0.75956578212771,0.8656577053980962,0.7869533073925612],[0.9857382541865043,0.985309567114035,0.9857382541865043,0.989262234942228,0.989262234942228,0.9524647187773162,0.9524647187773162,0.9194947771289409,0.9194947771289409,0.22160561977484883,0.9886685873085749,0.22253997996930722,0.9998754548221723,1.0,0.98865696722672,0.9459033376458734,0.9829236496613786,0.8455210523250469,0.8455210523250469,0.8248399970835769,-0.25628391706466475,0.9809992046254081,0.8950707276546856,-0.7220550499464737,0.744023526433009,0.7869164147255386,0.9497699777148312,0.945438991596062,0.7295489570221204,0.6492887601397377,0.9362899298325543,0.7261848912561889,0.48657497101600583,0.8414728057143076,0.959174796684227,0.8519443432927352],[0.9961093288705425,0.9961328836390096,0.9961093288705425,0.999686990279606,0.999686990279606,0.9650754779750058,0.9650754779750058,0.943944194949068,0.943944194949068,0.47926902074857175,0.9999544688590033,0.48014346284409176,0.885563245183841,0.98865696722672,1.0,0.9622136068501853,0.9955482796178438,0.8924618978961867,0.8924618978961867,0.8383198769134768,-0.15074364123250406,0.9970392851738641,0.9142646390177687,-0.5436067927186413,0.6225594664255293,0.8461067231158549,0.8971060206845702,0.9357546828343895,0.8286928546273205,0.7810533091410036,0.9477770236237972,0.8117034174363127,0.6585881424580392,0.8846269138804389,0.9647450373663181,0.8548555763861425],[0.9806853529425249,0.9805042902316801,0.9806853529425249,0.9655733827895573,0.9655733827895573,0.9991788612393422,0.9991788612393422,0.9490333582632398,0.9490333582632398,0.6601044310682191,0.9620118514294086,0.6481741401323882,0.8490248173013538,0.9459033376458734,0.9622136068501853,1.0,0.980641630580256,0.9210351360682231,0.9210351360682231,0.7047761580330958,-0.17545248229544508,0.9587012181401573,0.7410179589905252,-0.48309043592835005,-0.06835261853109403,0.9084955988588127,0.8334253300115719,0.917755993155582,0.8729397098233673,0.7792206305882691,0.9029541659085375,0.7759486505414336,0.6954901435562095,0.8926166149488295,0.9079037954016701,0.8424932406803151],[0.99939698406412,0.9994004047693718,0.99939698406412,0.9956044810120155,0.9956044810120155,0.9817086275113149,0.9817086275113149,0.9548054237275958,0.9548054237275958,0.5529926066254984,0.9954333590285983,0.5537494270860465,0.8780080879225357,0.9829236496613786,0.9955482796178438,0.980641630580256,1.0,0.9204163798616917,0.9204163798616917,0.8559114608985644,-0.13254174425251491,0.9910561917972754,0.8983775886473727,-0.5371646626771074,0.6125622070186404,0.8814368461345126,0.8759362404931162,0.9378374630352636,0.8686092152143885,0.8067012218978291,0.9406819518064168,0.8515115326355227,0.7135239871236503,0.9040373119288778,0.970716421284651,0.8874403313016351],[0.9094708612463712,0.9092439940600042,0.9094708612463712,0.8806642941377005,0.8806642941377005,0.9178577833660979,0.9178577833660979,0.9703762559251746,0.9703762559251746,0.7550726409458997,0.8916296059172838,0.7450067894191991,0.745447770517777,0.8455210523250469,0.8924618978961867,0.9210351360682231,0.9204163798616917,1.0,1.0,0.7611023212292495,-0.11048918880153658,0.8542417190904286,0.6376523195799291,-0.2808124427931623,-0.13324000267905198,0.8547532185716639,0.6817612150561145,0.8244896075613383,0.9131049194057995,0.8456664700466341,0.8222791739375939,0.7714194211650008,0.6897519444961617,0.8684704142433416,0.8123958720412836,0.8735236402594597],[0.9094708612463712,0.9092439940600042,0.9094708612463712,0.8806642941377005,0.8806642941377005,0.9178577833660979,0.9178577833660979,0.9703762559251746,0.9703762559251746,0.7550726409458997,0.8916296059172838,0.7450067894191991,0.745447770517777,0.8455210523250469,0.8924618978961867,0.9210351360682231,0.9204163798616917,1.0,1.0,0.7611023212292495,-0.11048918880153658,0.8542417190904286,0.6376523195799291,-0.2808124427931623,-0.13324000267905198,0.8547532185716639,0.6817612150561145,0.8244896075613383,0.9131049194057995,0.8456664700466341,0.8222791739375939,0.7714194211650008,0.6897519444961617,0.8684704142433416,0.8123958720412836,0.8735236402594597],[0.7510392349329221,0.7668445157803078,0.7510392349329221,0.7160940718302614,0.7160940718302614,0.654941102397421,0.654941102397421,0.6215555077766328,0.6215555077766328,0.681920367407797,0.8374057798374209,0.6298387219634533,0.6437149113940464,0.8248399970835769,0.8383198769134768,0.7047761580330958,0.8559114608985644,0.7611023212292495,0.7611023212292495,1.0,0.0011129319755646125,0.684810566855211,-0.2658694095946784,0.24825692633491062,-0.6233389999661901,0.40566391450138695,0.5526911981694672,0.503904007008569,0.8465101311703663,0.7153758720737753,0.22742640959556626,0.3563859387166538,0.5767292802975399,0.7918283493653273,0.5160574316992419,-0.06531626059064317],[-0.22238530627365036,-0.018077216135239133,-0.22238530627365036,-0.22801621588068752,-0.22801621588068752,-0.18625618630154486,-0.18625618630154486,-0.0728829082071931,-0.0728829082071931,-0.1019331523439577,-0.15319464076865855,0.02944603466042676,-0.12814159582162798,-0.25628391706466475,-0.15074364123250406,-0.17545248229544508,-0.13254174425251491,-0.11048918880153658,-0.11048918880153658,0.0011129319755646125,1.0,-0.15338005353234924,0.06593265684306343,0.19142661853477208,0.7264176981983975,-0.13345020044376807,-0.12633673975187204,-0.09871298562049102,0.1178701668474316,-0.047935168920981715,-0.05747762728438599,0.26269968368965524,0.5424773920451469,-0.17329985787702115,0.024339733714538556,0.09867690747613372],[0.9842185469153119,0.9782444368041668,0.9842185469153119,0.9937787646537894,0.9937787646537894,0.9570716661163979,0.9570716661163979,0.8848980764818515,0.8848980764818515,0.6100674305907285,0.9970990572743532,0.5505996945199495,0.880147571884426,0.9809992046254081,0.9970392851738641,0.9587012181401573,0.9910561917972754,0.8542417190904286,0.8542417190904286,0.684810566855211,-0.15338005353234924,1.0,0.2520926373838485,-0.2787056023741529,-0.2044122087879123,0.730139216238887,0.9077575775196927,0.9073063844504304,0.8022285850268033,0.7355987716020674,0.7380268908029565,0.6088212748645371,0.4796279929262251,0.8845925435352442,0.7723528724692742,0.3299880399883753],[0.31861108421298,0.06223478119341769,0.31861108421298,0.34588184811694683,0.34588184811694683,0.435784394626932,0.435784394626932,0.6333652410447272,0.6333652410447272,0.04519783414055393,0.9148693612036691,0.3690566784808074,0.8265656211691654,0.8950707276546856,0.9142646390177687,0.7410179589905252,0.8983775886473727,0.6376523195799291,0.6376523195799291,-0.2658694095946784,0.06593265684306343,0.2520926373838485,1.0,-0.4911976087694531,0.6760431218698452,0.44685181466907936,0.2875738996789748,0.42361384909779304,-0.008382328617648316,0.16593370546770697,0.6482426710491829,0.5230135986943447,0.22499609629639922,0.13532269263567415,0.46736539241222463,0.5187685436642996],[-0.20311057489834466,-0.19715514531912853,-0.20311057489834466,-0.23504044359543486,-0.23504044359543486,-0.3576863551176698,-0.3576863551176698,-0.3916456047572838,-0.3916456047572838,0.04384347709634217,-0.5456404882008983,-0.16243135465775302,-0.6306930260646435,-0.7220550499464737,-0.5436067927186413,-0.48309043592835005,-0.5371646626771074,-0.2808124427931623,-0.2808124427931623,0.24825692633491062,0.19142661853477208,-0.2787056023741529,-0.4911976087694531,1.0,-0.03311446529727662,-0.23270568813251752,-0.26254992423463885,-0.33758155583759225,-0.10319279950732244,-0.13394631377572713,-0.57214114158775,-0.24657271323307542,-0.051124009924308274,-0.125172974634144,-0.2937718920652219,-0.4416447699981775],[-0.1739814402431032,-0.17444523206120105,-0.1739814402431032,-0.1653626090031899,-0.1653626090031899,-0.07649642041200927,-0.07649642041200927,0.035048845481029954,0.035048845481029954,-0.23975693969625625,0.6272897968811683,-0.21815487137559914,0.6868460377845024,0.744023526433009,0.6225594664255293,-0.06835261853109403,0.6125622070186404,-0.13324000267905198,-0.13324000267905198,-0.6233389999661901,0.7264176981983975,-0.2044122087879123,0.6760431218698452,-0.03311446529727662,1.0,-0.06546594118777936,-0.08390780909225783,-0.010131630684473572,-0.32844418572384326,-0.30618048102646284,0.07624754571072441,0.16113000103660266,0.26255359028645725,-0.33144605677083727,0.11267361757226285,0.09754413098129916],[0.8519698901889942,0.7218116315091943,0.8519698901889942,0.8413382780736284,0.8413382780736284,0.8996706804867192,0.8996706804867192,0.8349031174418378,0.8349031174418378,0.6994999769956869,0.8468178319857371,0.7158566545298367,0.7204352037429932,0.7869164147255386,0.8461067231158549,0.9084955988588127,0.8814368461345126,0.8547532185716639,0.8547532185716639,0.40566391450138695,-0.13345020044376807,0.730139216238887,0.44685181466907936,-0.23270568813251752,-0.06546594118777936,1.0,0.632899890190505,0.868970502916629,0.5367879394701055,0.6473533977810172,0.6618399027354678,0.6659353087591983,0.42359072882577214,0.7455227181225375,0.7641343359519229,0.48782539853943957],[0.8845657119259853,0.8803506184682571,0.8845657119259853,0.9093995145706808,0.9093995145706808,0.8486556115493035,0.8486556115493035,0.7617871083456214,0.7617871083456214,0.3248121239019711,0.8989852143543754,0.23786580668778629,0.8708144288292077,0.9497699777148312,0.8971060206845702,0.8334253300115719,0.8759362404931162,0.6817612150561145,0.6817612150561145,0.5526911981694672,-0.12633673975187204,0.9077575775196927,0.2875738996789748,-0.26254992423463885,-0.08390780909225783,0.632899890190505,1.0,0.8701116904519135,0.6162567626787044,0.5635966585261099,0.6895287353184041,0.46518918943473087,0.36627968654989373,0.7258091969592321,0.7230474440787374,0.30801469964789296],[0.9189938794401914,0.9038685650576302,0.9189938794401914,0.9252317192638105,0.9252317192638105,0.9236097193242737,0.9236097193242737,0.8813234854464757,0.8813234854464757,0.5819147315084376,0.9361248369999577,0.5418731191446514,0.871477680044149,0.945438991596062,0.9357546828343895,0.917755993155582,0.9378374630352636,0.8244896075613383,0.8244896075613383,0.503904007008569,-0.09871298562049102,0.9073063844504304,0.42361384909779304,-0.33758155583759225,-0.010131630684473572,0.868970502916629,0.8701116904519135,1.0,0.6920722950451403,0.5953033477991108,0.7238515451228785,0.5785285318103903,0.4556823934924856,0.794850148498911,0.872637246674808,0.3482997114435737],[0.8771017712851741,0.8745209432405051,0.8771017712851741,0.8472504087229114,0.8472504087229114,0.8653352989791474,0.8653352989791474,0.8433369006493158,0.8433369006493158,0.7930940449834342,0.8271528365318552,0.759315995900587,0.6546621497623023,0.7295489570221204,0.8286928546273205,0.8729397098233673,0.8686092152143885,0.9131049194057995,0.9131049194057995,0.8465101311703663,0.1178701668474316,0.8022285850268033,-0.008382328617648316,-0.10319279950732244,-0.32844418572384326,0.5367879394701055,0.6162567626787044,0.6920722950451403,1.0,0.9145240189349704,0.5931953954859507,0.7136767474175151,0.6706123427092271,0.88602542403965,0.5602825798146719,0.35997339258928795],[0.7708514224037607,0.7774687118190301,0.7708514224037607,0.7606523120059564,0.7606523120059564,0.7480708691549973,0.7480708691549973,0.7686804365543832,0.7686804365543832,0.6651425959866779,0.7796213787286925,0.6799036046900861,0.5906372334704214,0.6492887601397377,0.7810533091410036,0.7792206305882691,0.8067012218978291,0.8456664700466341,0.8456664700466341,0.7153758720737753,-0.047935168920981715,0.7355987716020674,0.16593370546770697,-0.13394631377572713,-0.30618048102646284,0.6473533977810172,0.5635966585261099,0.5953033477991108,0.9145240189349704,1.0,0.6227855563781409,0.6983334534218358,0.6169073043101129,0.7583999197657938,0.6230153210817513,0.519344093974907],[0.7101623790876197,0.7028934000734725,0.7101623790876197,0.7366758954648971,0.7366758954648971,0.834958673882168,0.834958673882168,0.9068637406780665,0.9068637406780665,0.3136155338733413,0.948579189380987,0.4614852961467399,0.8564831582035873,0.9362899298325543,0.9477770236237972,0.9029541659085375,0.9406819518064168,0.8222791739375939,0.8222791739375939,0.22742640959556626,-0.05747762728438599,0.7380268908029565,0.6482426710491829,-0.57214114158775,0.07624754571072441,0.6618399027354678,0.6895287353184041,0.7238515451228785,0.5931953954859507,0.6227855563781409,1.0,0.740394481058841,0.3838861189848323,0.6067208709058085,0.7237370036664704,0.764709729899128],[0.6479864251004775,0.6454561446170165,0.6479864251004775,0.633107186302758,0.633107186302758,0.7331266388916873,0.7331266388916873,0.7816596544215612,0.7816596544215612,0.5203797047161347,0.810058838267367,0.6740929067291868,0.6348562121135531,0.7261848912561889,0.8117034174363127,0.7759486505414336,0.8515115326355227,0.7714194211650008,0.7714194211650008,0.3563859387166538,0.26269968368965524,0.6088212748645371,0.5230135986943447,-0.24657271323307542,0.16113000103660266,0.6659353087591983,0.46518918943473087,0.5785285318103903,0.7136767474175151,0.6983334534218358,0.740394481058841,1.0,0.778368580762426,0.5499946718237496,0.722393835713602,0.5851587380915085],[0.5728362197032092,0.5972942942813061,0.5728362197032092,0.534306734066727,0.534306734066727,0.639895391357694,0.639895391357694,0.6728633057990121,0.6728633057990121,0.5626618764859969,0.6556939492889311,0.6749412268219332,0.4735966902580955,0.48657497101600583,0.6585881424580392,0.6954901435562095,0.7135239871236503,0.6897519444961617,0.6897519444961617,0.5767292802975399,0.5424773920451469,0.4796279929262251,0.22499609629639922,-0.051124009924308274,0.26255359028645725,0.42359072882577214,0.36627968654989373,0.4556823934924856,0.6706123427092271,0.6169073043101129,0.3838861189848323,0.778368580762426,1.0,0.4997283367710266,0.6249058513309098,0.22967840279592552],[0.9198384672176921,0.9191069685794426,0.9198384672176921,0.9002023457072251,0.9002023457072251,0.8721051357970357,0.8721051357970357,0.8286912223969637,0.8286912223969637,0.7480939303478191,0.8849851901252236,0.6932384857112855,0.75956578212771,0.8414728057143076,0.8846269138804389,0.8926166149488295,0.9040373119288778,0.8684704142433416,0.8684704142433416,0.7918283493653273,-0.17329985787702115,0.8845925435352442,0.13532269263567415,-0.125172974634144,-0.33144605677083727,0.7455227181225375,0.7258091969592321,0.794850148498911,0.88602542403965,0.7583999197657938,0.6067208709058085,0.5499946718237496,0.4997283367710266,1.0,0.7782199043653059,0.2748315589559941],[0.8921911565512406,0.7846836637611291,0.8921911565512406,0.886980245719804,0.886980245719804,0.9109100142918681,0.9109100142918681,0.8912968306255538,0.8912968306255538,0.5573429882472251,0.9649642043193201,0.519412406753902,0.8656577053980962,0.959174796684227,0.9647450373663181,0.9079037954016701,0.970716421284651,0.8123958720412836,0.8123958720412836,0.5160574316992419,0.024339733714538556,0.7723528724692742,0.46736539241222463,-0.2937718920652219,0.11267361757226285,0.7641343359519229,0.7230474440787374,0.872637246674808,0.5602825798146719,0.6230153210817513,0.7237370036664704,0.722393835713602,0.6249058513309098,0.7782199043653059,1.0,0.3209520236352876],[0.3297111725816673,0.32467598045860796,0.3297111725816673,0.34530265540950417,0.34530265540950417,0.5700122116220839,0.5700122116220839,0.846945450610989,0.846945450610989,0.17242141598235905,0.8558172144543894,0.5798977537209654,0.7869533073925612,0.8519443432927352,0.8548555763861425,0.8424932406803151,0.8874403313016351,0.8735236402594597,0.8735236402594597,-0.06531626059064317,0.09867690747613372,0.3299880399883753,0.5187685436642996,-0.4416447699981775,0.09754413098129916,0.48782539853943957,0.30801469964789296,0.3482997114435737,0.35997339258928795,0.519344093974907,0.764709729899128,0.5851587380915085,0.22967840279592552,0.2748315589559941,0.3209520236352876,1.0]],"x":["^TAIEX       \u81fa\u7063\u52a0\u6b0a\u5831\u916c\u6307\u6578","^TWII        \u81fa\u7063\u52a0\u6b0a\u6307\u6578","^TAIEXx2     \u81fa\u7063\u52a0\u6b0a\u5831\u916c\u6307\u6578_\u65e5\u6b632","^TAI50I      \u81fa\u706350\u5831\u916c\u6307\u6578","^TAI50Ix2    \u81fa\u706350\u5831\u916c\u6307\u6578_\u65e5\u6b632","^TAI100I     \u81fa\u7063\u4e2d\u578b100\u5831\u916c\u6307\u6578","^TAI100Ix2   \u81fa\u7063\u4e2d\u578b100\u5831\u916c\u6307\u6578_\u65e5\u6b632","^TAIDIVIDI   \u81fa\u7063\u9ad8\u80a1\u606f\u5831\u916c\u6307\u6578","^TAIDIVIDIx2 \u81fa\u7063\u9ad8\u80a1\u606f\u5831\u916c\u6307\u6578_\u65e5\u6b632","0050Fund     \u5143\u5927\u53f0\u7063\u5353\u8d8a50\u57fa\u91d1","006208Fund   \u5bcc\u90a6\u53f0\u7063\u91c6\u540950\u57fa\u91d1","0050         \u5143\u5927\u81fa\u706350","00631L       \u5143\u5927\u53f0\u706350\u6b632","00675L       \u5bcc\u90a6\u81fa\u7063\u52a0\u6b0a\u6b632","006208       \u5bcc\u90a6\u53f050","0051         \u5143\u5927\u4e2d\u578b100","006204       \u6c38\u8c50\u81fa\u7063\u52a0\u6b0a","0056         \u5143\u5927\u9ad8\u80a1\u606f","0056         \u5143\u5927\u9ad8\u80a1\u606f_\u80a1\u606f\u4e0d\u6295\u5165","2412         \u4e2d\u83ef\u96fb\u4fe1","2002         \u4e2d\u92fc","2330         \u53f0\u7a4d\u96fb","2317         \u9d3b\u6d77","6505         \u53f0\u5851\u77f3\u5316","3481         \u7fa4\u5275","2303         \u806f\u96fb","2308         \u53f0\u9054\u96fb","2454         \u806f\u767c\u79d1","2886         \u5146\u8c50\u91d1","2884         \u7389\u5c71\u91d1","2891         \u4e2d\u4fe1\u91d1","2892         \u7b2c\u4e00\u91d1","5880         \u5408\u5eab\u91d1","2881         \u5bcc\u90a6\u91d1","2885         \u5143\u5927\u91d1","2887         \u53f0\u65b0\u91d1"],"y":["^TAIEX       \u81fa\u7063\u52a0\u6b0a\u5831\u916c\u6307\u6578","^TWII        \u81fa\u7063\u52a0\u6b0a\u6307\u6578","^TAIEXx2     \u81fa\u7063\u52a0\u6b0a\u5831\u916c\u6307\u6578_\u65e5\u6b632","^TAI50I      \u81fa\u706350\u5831\u916c\u6307\u6578","^TAI50Ix2    \u81fa\u706350\u5831\u916c\u6307\u6578_\u65e5\u6b632","^TAI100I     \u81fa\u7063\u4e2d\u578b100\u5831\u916c\u6307\u6578","^TAI100Ix2   \u81fa\u7063\u4e2d\u578b100\u5831\u916c\u6307\u6578_\u65e5\u6b632","^TAIDIVIDI   \u81fa\u7063\u9ad8\u80a1\u606f\u5831\u916c\u6307\u6578","^TAIDIVIDIx2 \u81fa\u7063\u9ad8\u80a1\u606f\u5831\u916c\u6307\u6578_\u65e5\u6b632","0050Fund     \u5143\u5927\u53f0\u7063\u5353\u8d8a50\u57fa\u91d1","006208Fund   \u5bcc\u90a6\u53f0\u7063\u91c6\u540950\u57fa\u91d1","0050         \u5143\u5927\u81fa\u706350","00631L       \u5143\u5927\u53f0\u706350\u6b632","00675L       \u5bcc\u90a6\u81fa\u7063\u52a0\u6b0a\u6b632","006208       \u5bcc\u90a6\u53f050","0051         \u5143\u5927\u4e2d\u578b100","006204       \u6c38\u8c50\u81fa\u7063\u52a0\u6b0a","0056         \u5143\u5927\u9ad8\u80a1\u606f","0056         \u5143\u5927\u9ad8\u80a1\u606f_\u80a1\u606f\u4e0d\u6295\u5165","2412         \u4e2d\u83ef\u96fb\u4fe1","2002         \u4e2d\u92fc","2330         \u53f0\u7a4d\u96fb","2317         \u9d3b\u6d77","6505         \u53f0\u5851\u77f3\u5316","3481         \u7fa4\u5275","2303         \u806f\u96fb","2308         \u53f0\u9054\u96fb","2454         \u806f\u767c\u79d1","2886         \u5146\u8c50\u91d1","2884         \u7389\u5c71\u91d1","2891         \u4e2d\u4fe1\u91d1","2892         \u7b2c\u4e00\u91d1","5880         \u5408\u5eab\u91d1","2881         \u5bcc\u90a6\u91d1","2885         \u5143\u5927\u91d1","2887         \u53f0\u65b0\u91d1"],"zmin":-1,"zmax":1,"colorbar":{"x":-0.2}}],"layout":{"autotypenumbers":"strict","colorway":["#636efa","#EF553B","#00cc96","#ab63fa","#FFA15A","#19d3f3","#FF6692","#B6E880","#FF97FF","#FECB52"],"font":{"color":"#f2f5fa","family":"Courier New"},"hovermode":"closest","hoverlabel":{"align":"left"},"paper_bgcolor":"rgb(17,17,17)","plot_bgcolor":"rgb(17,17,17)","polar":{"bgcolor":"rgb(17,17,17)","angularaxis":{"gridcolor":"#506784","linecolor":"#506784","ticks":""},"radialaxis":{"gridcolor":"#506784","linecolor":"#506784","ticks":""}},"ternary":{"bgcolor":"rgb(17,17,17)","aaxis":{"gridcolor":"#506784","linecolor":"#506784","ticks":""},"baxis":{"gridcolor":"#506784","linecolor":"#506784","ticks":""},"caxis":{"gridcolor":"#506784","linecolor":"#506784","ticks":""}},"coloraxis":{"colorbar":{"outlinewidth":0,"ticks":""}},"colorscale":{"sequential":[[0.0,"#0d0887"],[0.1111111111111111,"#46039f"],[0.2222222222222222,"#7201a8"],[0.3333333333333333,"#9c179e"],[0.4444444444444444,"#bd3786"],[0.5555555555555556,"#d8576b"],[0.6666666666666666,"#ed7953"],[0.7777777777777778,"#fb9f3a"],[0.8888888888888888,"#fdca26"],[1.0,"#f0f921"]],"sequentialminus":[[0.0,"#0d0887"],[0.1111111111111111,"#46039f"],[0.2222222222222222,"#7201a8"],[0.3333333333333333,"#9c179e"],[0.4444444444444444,"#bd3786"],[0.5555555555555556,"#d8576b"],[0.6666666666666666,"#ed7953"],[0.7777777777777778,"#fb9f3a"],[0.8888888888888888,"#fdca26"],[1.0,"#f0f921"]],"diverging":[[0,"#8e0152"],[0.1,"#c51b7d"],[0.2,"#de77ae"],[0.3,"#f1b6da"],[0.4,"#fde0ef"],[0.5,"#f7f7f7"],[0.6,"#e6f5d0"],[0.7,"#b8e186"],[0.8,"#7fbc41"],[0.9,"#4d9221"],[1,"#276419"]]},"xaxis":{"gridcolor":"rgba(0, 0, 0, 0)","linecolor":"#506784","ticks":"","title":{"standoff":15},"zerolinecolor":"#283442","automargin":true,"zerolinewidth":2,"tickfont":{"family":"Courier New","size":14},"side":"top","tickangle":-90},"yaxis":{"gridcolor":"rgba(0, 0, 0, 0)","linecolor":"#506784","ticks":"","title":{"standoff":15},"zerolinecolor":"#283442","automargin":true,"zerolinewidth":2,"tickfont":{"family":"Courier New"},"side":"right"},"scene":{"xaxis":{"backgroundcolor":"rgb(17,17,17)","gridcolor":"#506784","linecolor":"#506784","showbackground":true,"ticks":"","zerolinecolor":"#C8D4E3","gridwidth":2},"yaxis":{"backgroundcolor":"rgb(17,17,17)","gridcolor":"#506784","linecolor":"#506784","showbackground":true,"ticks":"","zerolinecolor":"#C8D4E3","gridwidth":2},"zaxis":{"backgroundcolor":"rgb(17,17,17)","gridcolor":"#506784","linecolor":"#506784","showbackground":true,"ticks":"","zerolinecolor":"#C8D4E3","gridwidth":2}},"shapedefaults":{"line":{"color":"#f2f5fa"}},"annotationdefaults":{"arrowcolor":"#f2f5fa","arrowhead":0,"arrowwidth":1},"geo":{"bgcolor":"rgb(17,17,17)","landcolor":"rgb(17,17,17)","subunitcolor":"#506784","showland":true,"showlakes":true,"lakecolor":"rgb(17,17,17)"},"title":{"x":0.05,"font":{"family":"Times New Roman"},"y":0.05,"text":"<b>Correlation of Close<b><br><i>2016-09-23 ~ 2026-06-15<i>"},"updatemenudefaults":{"bgcolor":"#506784","borderwidth":0},"sliderdefaults":{"bgcolor":"#C8D4E3","borderwidth":1,"bordercolor":"rgb(17,17,17)","tickwidth":0},"mapbox":{"style":"dark"},"annotations":[{"text":"<b>@zwindr<b>","textangle":0,"opacity":0.5,"font":{"color":"white","size":12},"xref":"paper","yref":"paper","xanchor":"left","yanchor":"bottom","x":1.0,"y":1.0,"showarrow":false}]},"config":{"responsive":true,"toImageButtonOptions":{"filename":"Correlation of Close_2016-09-23~2026-06-15","scale":5}}};Plotly.newPlot("correlationClose",correlationClose.data,correlationClose.layout||{},correlationClose.config);}else{console.log("style display is none => correlationClose");}