var element=document.getElementById("correlationClose");if(element.style.display!='none'){var correlationClose={"data":[{"type":"heatmap","z":[[1.0,0.9999999999999982,1.0,0.9951046355927418,0.9951046355927418,0.9673614789037929,0.9673614789037929,0.9082424416853008,0.9082424416853008,0.8181633265946866,0.9946074481738966,0.7758347513990587,0.9925253519531527,0.9927748867696827,0.9946623542859714,0.9749509037786903,0.9991104967433883,0.9171765098961211,0.9171765098961211,0.7815501337309525,-0.15349024295910665,0.9786566333678837,0.18403991431371652,-0.11660520667018166,-0.25081404439481764,0.8142634866109564,0.9062345948201178,0.9167148288242555,0.9244912608783972,0.7839745059470054,0.5770285775703431,0.6419822724214435,0.6285689520456526,0.9354847679200964,0.8398741434350281,0.2008709669894912],[0.9999999999999982,1.0,0.9999999999999984,0.9950735821692046,0.9950735821692046,0.966849775777046,0.966849775777046,0.9091420453875795,0.9091420453875795,0.819662859576842,0.9946007346920287,0.7760169043515658,0.9922132182082408,0.9922553330381455,0.9946600664924399,0.974397041587444,0.9991119150579896,0.9172509520477192,0.9172509520477192,0.7998125592453008,0.05855134940997359,0.970731928372721,-0.029617244333283527,-0.10945075929108852,-0.2508956880352064,0.6496199350428676,0.9070343271536784,0.893125910824641,0.9191457528074639,0.7941917247695596,0.5691399766759578,0.6394288450654935,0.653709911064265,0.9332990819806211,0.7000735760094099,0.19808882910490255],[1.0,0.9999999999999984,1.0,0.9951046355927418,0.9951046355927418,0.9673614789037929,0.9673614789037929,0.9082424416853008,0.9082424416853008,0.8181633265946866,0.9946074481738966,0.7758347513990587,0.9925253519531527,0.9927748867696827,0.9946623542859714,0.9749509037786903,0.9991104967433883,0.9171765098961211,0.9171765098961211,0.7815501337309525,-0.15349024295910665,0.9786566333678837,0.18403991431371652,-0.11660520667018166,-0.25081404439481764,0.8142634866109564,0.9062345948201178,0.9167148288242555,0.9244912608783972,0.7839745059470054,0.5770285775703431,0.6419822724214435,0.6285689520456526,0.9354847679200964,0.8398741434350281,0.2008709669894912],[0.9951046355927418,0.9950735821692046,0.9951046355927418,1.0,1.0,0.954231657660725,0.954231657660725,0.8923310702078213,0.8923310702078213,0.7904940972641499,0.9995550560952016,0.7464567679589423,0.9915946804949276,0.9889070527124297,0.9995140912420838,0.9574618785880308,0.9948411715848484,0.8919617276616211,0.8919617276616211,0.7554270887672516,-0.16174957657920092,0.990967862440296,0.2115910399730957,-0.15293320326534518,-0.25063825753733565,0.8039895717419426,0.9193707150778001,0.9173619912254893,0.9078428532302772,0.7879693044572053,0.6063160040003666,0.6346419128864033,0.5977016020946353,0.9255070847041309,0.8300246982068057,0.2132302877180154],[0.9951046355927418,0.9950735821692046,0.9951046355927418,1.0,1.0,0.954231657660725,0.954231657660725,0.8923310702078213,0.8923310702078213,0.7904940972641499,0.9995550560952016,0.7464567679589423,0.9915946804949276,0.9889070527124297,0.9995140912420838,0.9574618785880308,0.9948411715848484,0.8919617276616211,0.8919617276616211,0.7554270887672516,-0.16174957657920092,0.990967862440296,0.2115910399730957,-0.15293320326534518,-0.25063825753733565,0.8039895717419426,0.9193707150778001,0.9173619912254893,0.9078428532302772,0.7879693044572053,0.6063160040003666,0.6346419128864033,0.5977016020946353,0.9255070847041309,0.8300246982068057,0.2132302877180154],[0.9673614789037929,0.966849775777046,0.9673614789037929,0.954231657660725,0.954231657660725,1.0,1.0,0.9331392226603582,0.9331392226603582,0.7913680217159423,0.9535164525748572,0.7744309734992866,0.9692208836996994,0.9666077485604877,0.9534072918848883,0.9990777371026159,0.9747943437972758,0.9183936227001354,0.9183936227001354,0.6488712028505512,-0.10325722784449377,0.9398994483413335,0.3358078904128525,-0.297369561853774,-0.12146957980746506,0.8825526768281986,0.8585957831733656,0.9341892912668531,0.9004664183872572,0.7496093813415724,0.7593586596000274,0.7427332306551846,0.7033414983900576,0.8670476936069261,0.8694541422808818,0.4777158651699883],[0.9673614789037929,0.966849775777046,0.9673614789037929,0.954231657660725,0.954231657660725,1.0,1.0,0.9331392226603582,0.9331392226603582,0.7913680217159423,0.9535164525748572,0.7744309734992866,0.9692208836996994,0.9666077485604877,0.9534072918848883,0.9990777371026159,0.9747943437972758,0.9183936227001354,0.9183936227001354,0.6488712028505512,-0.10325722784449377,0.9398994483413335,0.3358078904128525,-0.297369561853774,-0.12146957980746506,0.8825526768281986,0.8585957831733656,0.9341892912668531,0.9004664183872572,0.7496093813415724,0.7593586596000274,0.7427332306551846,0.7033414983900576,0.8670476936069261,0.8694541422808818,0.4777158651699883],[0.9082424416853008,0.9091420453875795,0.9082424416853008,0.8923310702078213,0.8923310702078213,0.9331392226603582,0.9331392226603582,1.0,1.0,0.743070386086944,0.9376964487850525,0.7589878640110027,0.9396721415499343,0.9343646029006781,0.9376259572556952,0.9343345067914577,0.9456175980928297,0.9709098335543351,0.9709098335543351,0.593504282689556,0.017790964768040346,0.8552601671649357,0.5624375578192191,-0.32342255326174196,0.012325061710473033,0.7890982025457477,0.7581482500608057,0.8784149116294173,0.8553521464437829,0.7625755941846705,0.880796092011238,0.7852190930744605,0.7162839187229242,0.800223927055846,0.8552890408176245,0.8072116681210847],[0.9082424416853008,0.9091420453875795,0.9082424416853008,0.8923310702078213,0.8923310702078213,0.9331392226603582,0.9331392226603582,1.0,1.0,0.743070386086944,0.9376964487850525,0.7589878640110027,0.9396721415499343,0.9343646029006781,0.9376259572556952,0.9343345067914577,0.9456175980928297,0.9709098335543351,0.9709098335543351,0.593504282689556,0.017790964768040346,0.8552601671649357,0.5624375578192191,-0.32342255326174196,0.012325061710473033,0.7890982025457477,0.7581482500608057,0.8784149116294173,0.8553521464437829,0.7625755941846705,0.880796092011238,0.7852190930744605,0.7162839187229242,0.800223927055846,0.8552890408176245,0.8072116681210847],[0.8181633265946866,0.819662859576842,0.8181633265946866,0.7904940972641499,0.7904940972641499,0.7913680217159423,0.7913680217159423,0.743070386086944,0.743070386086944,1.0,0.6778822669061351,0.999969844620106,0.6076603452879676,0.5167114500846002,0.6796690913897234,0.7867639260473908,0.7336791670599464,0.8199058352019934,0.8199058352019934,0.6959869447697595,-0.09925052703421706,0.7628933121180234,0.03779251554809307,0.04862709114733718,-0.2430109036639043,0.7883002283353276,0.5540128503632822,0.7660816848627612,0.8170663423147088,0.6872939831773973,0.35806906105420033,0.5325637367408766,0.5648092836098239,0.7962443933540689,0.6616061478051811,0.17227505269111862],[0.9946074481738966,0.9946007346920287,0.9946074481738966,0.9995550560952016,0.9995550560952016,0.9535164525748572,0.9535164525748572,0.9376964487850525,0.9376964487850525,0.6778822669061351,1.0,0.6777274858151818,0.991306302973328,0.9889350955086927,0.9999302834353938,0.9528657076431022,0.9939248753881511,0.9028779311049556,0.9028779311049556,0.853641463938623,-0.0019531249772489537,0.9965937340890331,0.8927451669626093,-0.5177656904423988,0.3349551632081378,0.8183874315936212,0.8850478328985926,0.9348310525563903,0.9019478410992349,0.8124163771103285,0.9187443998243787,0.8669070723247821,0.7713520464661817,0.9062423788295344,0.9452081351811706,0.784721475416881],[0.7758347513990587,0.7760169043515658,0.7758347513990587,0.7464567679589423,0.7464567679589423,0.7744309734992866,0.7744309734992866,0.7589878640110027,0.7589878640110027,0.999969844620106,0.6777274858151818,1.0,0.6053409853913417,0.5138017624880362,0.6779847562145915,0.777943082598853,0.7322177152322304,0.8156430576944608,0.8156430576944608,0.656428784829879,0.028608632533877312,0.7203665224652754,0.4305792027575006,-0.1709711523524412,-0.23063652629383116,0.8197938354937576,0.4581716386042598,0.7403036512284893,0.7896492174545182,0.7126394479518684,0.5845859546056452,0.7084283635559578,0.683895641900182,0.7541242658942358,0.6515860273527148,0.6757222703262512],[0.9925253519531527,0.9922132182082408,0.9925253519531527,0.9915946804949276,0.9915946804949276,0.9692208836996994,0.9692208836996994,0.9396721415499343,0.9396721415499343,0.6076603452879676,0.991306302973328,0.6053409853913417,1.0,0.9997810400792568,0.9912934886773782,0.9664078382510627,0.9904498605314811,0.8900415037790178,0.8900415037790178,0.833068960041809,0.02262722495373428,0.9897100671330563,0.9124598034011793,-0.6695345415386051,0.40101814558575394,0.7871537216102924,0.8945601156580445,0.9410769455115132,0.8902987539512834,0.7491927604560877,0.9197321157099995,0.8440739621208276,0.7479066255600066,0.8911236726570242,0.9572449654767767,0.8110724835894434],[0.9927748867696827,0.9922553330381455,0.9927748867696827,0.9889070527124297,0.9889070527124297,0.9666077485604877,0.9666077485604877,0.9343646029006781,0.9343646029006781,0.5167114500846002,0.9889350955086927,0.5138017624880362,0.9997810400792568,1.0,0.9890770947051166,0.9629294386364906,0.9898101482502193,0.8741687873227436,0.8741687873227436,0.854614297557669,-0.10342021067755719,0.985903703086559,0.9200497207758762,-0.8379609766503726,0.4356332627150463,0.7352667847180635,0.8997472899685545,0.934151879953948,0.8757450114623162,0.6835679864357546,0.9276456725029245,0.8356857034627289,0.6889093825973143,0.9147266049484781,0.9579615396906261,0.7818449924431611],[0.9946623542859714,0.9946600664924399,0.9946623542859714,0.9995140912420838,0.9995140912420838,0.9534072918848883,0.9534072918848883,0.9376259572556952,0.9376259572556952,0.6796690913897234,0.9999302834353938,0.6779847562145915,0.9912934886773782,0.9890770947051166,1.0,0.9528227401337429,0.9939985073811334,0.9032110532477448,0.9032110532477448,0.8545093187101366,-0.0027864713301734103,0.9964670554179653,0.8924067735344187,-0.5153780592552103,0.3359058258272597,0.8184601874005756,0.8838170595724371,0.9341176931939988,0.9021923133220924,0.8136355629243898,0.9184067870542094,0.8679244803437849,0.7721391397000306,0.9062542722532133,0.9452472391888541,0.7855796804946875],[0.9749509037786903,0.974397041587444,0.9749509037786903,0.9574618785880308,0.9574618785880308,0.9990777371026159,0.9990777371026159,0.9343345067914577,0.9343345067914577,0.7867639260473908,0.9528657076431022,0.777943082598853,0.9664078382510627,0.9629294386364906,0.9528227401337429,1.0,0.9754737492752673,0.918769078353102,0.918769078353102,0.6972504599750204,-0.08830476666910342,0.9464932772276302,0.6568848749447007,-0.429092526321957,-0.16826769661946234,0.8940664067883408,0.8520727737008547,0.9303135564824229,0.9077096452171715,0.7857982833511383,0.8608911447490829,0.7895442519363314,0.7599078086501336,0.8883997153739662,0.8667180002262209,0.7956006846134588],[0.9991104967433883,0.9991119150579896,0.9991104967433883,0.9948411715848484,0.9948411715848484,0.9747943437972758,0.9747943437972758,0.9456175980928297,0.9456175980928297,0.7336791670599464,0.9939248753881511,0.7322177152322304,0.9904498605314811,0.9898101482502193,0.9939985073811334,0.9754737492752673,1.0,0.928871960300816,0.928871960300816,0.863854624045238,0.012330951371398951,0.9874752488442001,0.8613978398240915,-0.49707676201027867,0.35521527235706013,0.8645787466088183,0.8755151269726869,0.9458734014191503,0.9311015285354093,0.8341839993535305,0.9068482857259187,0.8981523914845398,0.813646516836165,0.9194882895785351,0.9539998148263759,0.839356641122107],[0.9171765098961211,0.9172509520477192,0.9171765098961211,0.8919617276616211,0.8919617276616211,0.9183936227001354,0.9183936227001354,0.9709098335543351,0.9709098335543351,0.8199058352019934,0.9028779311049556,0.8156430576944608,0.8900415037790178,0.8741687873227436,0.9032110532477448,0.918769078353102,0.928871960300816,1.0,1.0,0.7456581196508275,-0.04162191141258722,0.8557452316847053,0.5586043893977287,-0.20816341246563203,-0.20810492614656817,0.8295394233819128,0.7265681834514716,0.840297626713048,0.9184072971811529,0.8413842829506781,0.7990084666471939,0.7605081477788542,0.7078220674187798,0.8480152788023657,0.7819435631912274,0.854505429732836],[0.9171765098961211,0.9172509520477192,0.9171765098961211,0.8919617276616211,0.8919617276616211,0.9183936227001354,0.9183936227001354,0.9709098335543351,0.9709098335543351,0.8199058352019934,0.9028779311049556,0.8156430576944608,0.8900415037790178,0.8741687873227436,0.9032110532477448,0.918769078353102,0.928871960300816,1.0,1.0,0.7456581196508275,-0.04162191141258722,0.8557452316847053,0.5586043893977287,-0.20816341246563203,-0.20810492614656817,0.8295394233819128,0.7265681834514716,0.840297626713048,0.9184072971811529,0.8413842829506781,0.7990084666471939,0.7605081477788542,0.7078220674187798,0.8480152788023657,0.7819435631912274,0.854505429732836],[0.7815501337309525,0.7998125592453008,0.7815501337309525,0.7554270887672516,0.7554270887672516,0.6488712028505512,0.6488712028505512,0.593504282689556,0.593504282689556,0.6959869447697595,0.853641463938623,0.656428784829879,0.833068960041809,0.854614297557669,0.8545093187101366,0.6972504599750204,0.863854624045238,0.7456581196508275,0.7456581196508275,1.0,0.02965451725869671,0.7168488985256545,-0.35224247399128256,0.3069057520320049,-0.6557932599547049,0.3600940211868889,0.6976868683405193,0.5172591329554009,0.8378092481441882,0.6980528004182388,0.12781956182362122,0.3176667535580812,0.568774381105569,0.7840393299073312,0.4863532687306431,-0.14213959323719005],[-0.15349024295910665,0.05855134940997359,-0.15349024295910665,-0.16174957657920092,-0.16174957657920092,-0.10325722784449377,-0.10325722784449377,0.017790964768040346,0.017790964768040346,-0.09925052703421706,-0.0019531249772489537,0.028608632533877312,0.02262722495373428,-0.10342021067755719,-0.0027864713301734103,-0.08830476666910342,0.012330951371398951,-0.04162191141258722,-0.04162191141258722,0.02965451725869671,1.0,-0.10495547060397128,0.09995659558692868,0.16201452274179143,0.7478594357491097,-0.0965070334906227,-0.05954769671875156,-0.022810157740012438,0.1535198346868091,-0.008233574926957511,0.03345535843865219,0.32046464516321227,0.5628770344551274,-0.13066687689722048,0.0962173609381406,0.1515436990906102],[0.9786566333678837,0.970731928372721,0.9786566333678837,0.990967862440296,0.990967862440296,0.9398994483413335,0.9398994483413335,0.8552601671649357,0.8552601671649357,0.7628933121180234,0.9965937340890331,0.7203665224652754,0.9897100671330563,0.985903703086559,0.9964670554179653,0.9464932772276302,0.9874752488442001,0.8557452316847053,0.8557452316847053,0.7168488985256545,-0.10495547060397128,1.0,0.11960064102227044,-0.20982452810529229,-0.29909313932640735,0.6676685807393045,0.9206932811935669,0.9008587711477839,0.8516979062314354,0.756310011111997,0.6077118562472603,0.6018236953647832,0.5280347130273406,0.9045193615530672,0.6790654780609201,0.19469715179395633],[0.18403991431371652,-0.029617244333283527,0.18403991431371652,0.2115910399730957,0.2115910399730957,0.3358078904128525,0.3358078904128525,0.5624375578192191,0.5624375578192191,0.03779251554809307,0.8927451669626093,0.4305792027575006,0.9124598034011793,0.9200497207758762,0.8924067735344187,0.6568848749447007,0.8613978398240915,0.5586043893977287,0.5586043893977287,-0.35224247399128256,0.09995659558692868,0.11960064102227044,1.0,-0.46448172744655136,0.7064714923051643,0.38618810318732694,0.13795711867709654,0.3288370322922707,-0.07991748812466547,0.09385672601872423,0.606057293532721,0.48646025094788525,0.2047400506120626,0.027525606564911254,0.4034082097321308,0.4733116101886026],[-0.11660520667018166,-0.10945075929108852,-0.11660520667018166,-0.15293320326534518,-0.15293320326534518,-0.297369561853774,-0.297369561853774,-0.32342255326174196,-0.32342255326174196,0.04862709114733718,-0.5177656904423988,-0.1709711523524412,-0.6695345415386051,-0.8379609766503726,-0.5153780592552103,-0.429092526321957,-0.49707676201027867,-0.20816341246563203,-0.20816341246563203,0.3069057520320049,0.16201452274179143,-0.20982452810529229,-0.46448172744655136,1.0,-0.02525903641188992,-0.1725311257792499,-0.2085332036920762,-0.31317234036114416,-0.05558375884600427,-0.086211324602284,-0.572749008095553,-0.20956913846804598,-0.030192683359702786,-0.06063111414338831,-0.23312825703498555,-0.41246481923754547],[-0.25081404439481764,-0.2508956880352064,-0.25081404439481764,-0.25063825753733565,-0.25063825753733565,-0.12146957980746506,-0.12146957980746506,0.012325061710473033,0.012325061710473033,-0.2430109036639043,0.3349551632081378,-0.23063652629383116,0.40101814558575394,0.4356332627150463,0.3359058258272597,-0.16826769661946234,0.35521527235706013,-0.20810492614656817,-0.20810492614656817,-0.6557932599547049,0.7478594357491097,-0.29909313932640735,0.7064714923051643,-0.02525903641188992,1.0,-0.10841619047575207,-0.24020820724017072,-0.06916080689857546,-0.35147635153666185,-0.32965662439631827,0.06311985769035071,0.15769018324830938,0.26111001755370294,-0.3774240105541171,0.10646858612952231,0.08835361553519688],[0.8142634866109564,0.6496199350428676,0.8142634866109564,0.8039895717419426,0.8039895717419426,0.8825526768281986,0.8825526768281986,0.7890982025457477,0.7890982025457477,0.7883002283353276,0.8183874315936212,0.8197938354937576,0.7871537216102924,0.7352667847180635,0.8184601874005756,0.8940664067883408,0.8645787466088183,0.8295394233819128,0.8295394233819128,0.3600940211868889,-0.0965070334906227,0.6676685807393045,0.38618810318732694,-0.1725311257792499,-0.10841619047575207,1.0,0.5432320963283894,0.8396785921791785,0.5009864109731481,0.6327626133146975,0.5550720329725998,0.6621981030853554,0.42840734014943893,0.7085223818117606,0.7062291390282807,0.4220122296704947],[0.9062345948201178,0.9070343271536784,0.9062345948201178,0.9193707150778001,0.9193707150778001,0.8585957831733656,0.8585957831733656,0.7581482500608057,0.7581482500608057,0.5540128503632822,0.8850478328985926,0.4581716386042598,0.8945601156580445,0.8997472899685545,0.8838170595724371,0.8520727737008547,0.8755151269726869,0.7265681834514716,0.7265681834514716,0.6976868683405193,-0.05954769671875156,0.9206932811935669,0.13795711867709654,-0.2085332036920762,-0.24020820724017072,0.5432320963283894,1.0,0.8006080006777088,0.7754144407213601,0.6656400920412754,0.5238337046074654,0.5089390129953713,0.5097623071490618,0.8402733472971745,0.6363903714709856,0.12305660350508216],[0.9167148288242555,0.893125910824641,0.9167148288242555,0.9173619912254893,0.9173619912254893,0.9341892912668531,0.9341892912668531,0.8784149116294173,0.8784149116294173,0.7660816848627612,0.9348310525563903,0.7403036512284893,0.9410769455115132,0.934151879953948,0.9341176931939988,0.9303135564824229,0.9458734014191503,0.840297626713048,0.840297626713048,0.5172591329554009,-0.022810157740012438,0.9008587711477839,0.3288370322922707,-0.31317234036114416,-0.06916080689857546,0.8396785921791785,0.8006080006777088,1.0,0.7585420066514224,0.621106158965429,0.6145428758384209,0.6105445851140736,0.5362139321828183,0.8257687241256426,0.8402346812061832,0.23084839020692804],[0.9244912608783972,0.9191457528074639,0.9244912608783972,0.9078428532302772,0.9078428532302772,0.9004664183872572,0.9004664183872572,0.8553521464437829,0.8553521464437829,0.8170663423147088,0.9019478410992349,0.7896492174545182,0.8902987539512834,0.8757450114623162,0.9021923133220924,0.9077096452171715,0.9311015285354093,0.9184072971811529,0.9184072971811529,0.8378092481441882,0.1535198346868091,0.8516979062314354,-0.07991748812466547,-0.05558375884600427,-0.35147635153666185,0.5009864109731481,0.7754144407213601,0.7585420066514224,1.0,0.9083215493225246,0.558075923101817,0.6937147441444346,0.6681254021990051,0.8811824539829775,0.5196511598478272,0.30682973151216925],[0.7839745059470054,0.7941917247695596,0.7839745059470054,0.7879693044572053,0.7879693044572053,0.7496093813415724,0.7496093813415724,0.7625755941846705,0.7625755941846705,0.6872939831773973,0.8124163771103285,0.7126394479518684,0.7491927604560877,0.6835679864357546,0.8136355629243898,0.7857982833511383,0.8341839993535305,0.8413842829506781,0.8413842829506781,0.6980528004182388,-0.008233574926957511,0.756310011111997,0.09385672601872423,-0.086211324602284,-0.32965662439631827,0.6327626133146975,0.6656400920412754,0.621106158965429,0.9083215493225246,1.0,0.5912923724436402,0.6762838883571238,0.6124778657575902,0.7380798238116482,0.5968202505923765,0.47872883632742114],[0.5770285775703431,0.5691399766759578,0.5770285775703431,0.6063160040003666,0.6063160040003666,0.7593586596000274,0.7593586596000274,0.880796092011238,0.880796092011238,0.35806906105420033,0.9187443998243787,0.5845859546056452,0.9197321157099995,0.9276456725029245,0.9184067870542094,0.8608911447490829,0.9068482857259187,0.7990084666471939,0.7990084666471939,0.12781956182362122,0.03345535843865219,0.6077118562472603,0.606057293532721,-0.572749008095553,0.06311985769035071,0.5550720329725998,0.5238337046074654,0.6145428758384209,0.558075923101817,0.5912923724436402,1.0,0.7479468110255103,0.3877291364039298,0.5206406673700077,0.602346661249425,0.7536601165464984],[0.6419822724214435,0.6394288450654935,0.6419822724214435,0.6346419128864033,0.6346419128864033,0.7427332306551846,0.7427332306551846,0.7852190930744605,0.7852190930744605,0.5325637367408766,0.8669070723247821,0.7084283635559578,0.8440739621208276,0.8356857034627289,0.8679244803437849,0.7895442519363314,0.8981523914845398,0.7605081477788542,0.7605081477788542,0.3176667535580812,0.32046464516321227,0.6018236953647832,0.48646025094788525,-0.20956913846804598,0.15769018324830938,0.6621981030853554,0.5089390129953713,0.6105445851140736,0.6937147441444346,0.6762838883571238,0.7479468110255103,1.0,0.7795129574666171,0.5101453771944863,0.7343600141649912,0.553862698217905],[0.6285689520456526,0.653709911064265,0.6285689520456526,0.5977016020946353,0.5977016020946353,0.7033414983900576,0.7033414983900576,0.7162839187229242,0.7162839187229242,0.5648092836098239,0.7713520464661817,0.683895641900182,0.7479066255600066,0.6889093825973143,0.7721391397000306,0.7599078086501336,0.813646516836165,0.7078220674187798,0.7078220674187798,0.568774381105569,0.5628770344551274,0.5280347130273406,0.2047400506120626,-0.030192683359702786,0.26111001755370294,0.42840734014943893,0.5097623071490618,0.5362139321828183,0.6681254021990051,0.6124778657575902,0.3877291364039298,0.7795129574666171,1.0,0.4960900777312699,0.6656781165452488,0.20666037521092118],[0.9354847679200964,0.9332990819806211,0.9354847679200964,0.9255070847041309,0.9255070847041309,0.8670476936069261,0.8670476936069261,0.800223927055846,0.800223927055846,0.7962443933540689,0.9062423788295344,0.7541242658942358,0.8911236726570242,0.9147266049484781,0.9062542722532133,0.8883997153739662,0.9194882895785351,0.8480152788023657,0.8480152788023657,0.7840393299073312,-0.13066687689722048,0.9045193615530672,0.027525606564911254,-0.06063111414338831,-0.3774240105541171,0.7085223818117606,0.8402733472971745,0.8257687241256426,0.8811824539829775,0.7380798238116482,0.5206406673700077,0.5101453771944863,0.4960900777312699,1.0,0.744901442639196,0.18613036113886647],[0.8398741434350281,0.7000735760094099,0.8398741434350281,0.8300246982068057,0.8300246982068057,0.8694541422808818,0.8694541422808818,0.8552890408176245,0.8552890408176245,0.6616061478051811,0.9452081351811706,0.6515860273527148,0.9572449654767767,0.9579615396906261,0.9452472391888541,0.8667180002262209,0.9539998148263759,0.7819435631912274,0.7819435631912274,0.4863532687306431,0.0962173609381406,0.6790654780609201,0.4034082097321308,-0.23312825703498555,0.10646858612952231,0.7062291390282807,0.6363903714709856,0.8402346812061832,0.5196511598478272,0.5968202505923765,0.602346661249425,0.7343600141649912,0.6656781165452488,0.744901442639196,1.0,0.19552869389643365],[0.2008709669894912,0.19808882910490255,0.2008709669894912,0.2132302877180154,0.2132302877180154,0.4777158651699883,0.4777158651699883,0.8072116681210847,0.8072116681210847,0.17227505269111862,0.784721475416881,0.6757222703262512,0.8110724835894434,0.7818449924431611,0.7855796804946875,0.7956006846134588,0.839356641122107,0.854505429732836,0.854505429732836,-0.14213959323719005,0.1515436990906102,0.19469715179395633,0.4733116101886026,-0.41246481923754547,0.08835361553519688,0.4220122296704947,0.12305660350508216,0.23084839020692804,0.30682973151216925,0.47872883632742114,0.7536601165464984,0.553862698217905,0.20666037521092118,0.18613036113886647,0.19552869389643365,1.0]],"x":["^TAIEX       \u81fa\u7063\u52a0\u6b0a\u5831\u916c\u6307\u6578","^TWII        \u81fa\u7063\u52a0\u6b0a\u6307\u6578","^TAIEXx2     \u81fa\u7063\u52a0\u6b0a\u5831\u916c\u6307\u6578_\u65e5\u6b632","^TAI50I      \u81fa\u706350\u5831\u916c\u6307\u6578","^TAI50Ix2    \u81fa\u706350\u5831\u916c\u6307\u6578_\u65e5\u6b632","^TAI100I     \u81fa\u7063\u4e2d\u578b100\u5831\u916c\u6307\u6578","^TAI100Ix2   \u81fa\u7063\u4e2d\u578b100\u5831\u916c\u6307\u6578_\u65e5\u6b632","^TAIDIVIDI   \u81fa\u7063\u9ad8\u80a1\u606f\u5831\u916c\u6307\u6578","^TAIDIVIDIx2 \u81fa\u7063\u9ad8\u80a1\u606f\u5831\u916c\u6307\u6578_\u65e5\u6b632","0050Fund     \u5143\u5927\u53f0\u7063\u5353\u8d8a50\u57fa\u91d1","006208Fund   \u5bcc\u90a6\u53f0\u7063\u91c6\u540950\u57fa\u91d1","0050         \u5143\u5927\u81fa\u706350","00631L       \u5143\u5927\u53f0\u706350\u6b632","00675L       \u5bcc\u90a6\u81fa\u7063\u52a0\u6b0a\u6b632","006208       \u5bcc\u90a6\u53f050","0051         \u5143\u5927\u4e2d\u578b100","006204       \u6c38\u8c50\u81fa\u7063\u52a0\u6b0a","0056         \u5143\u5927\u9ad8\u80a1\u606f","0056         \u5143\u5927\u9ad8\u80a1\u606f_\u80a1\u606f\u4e0d\u6295\u5165","2412         \u4e2d\u83ef\u96fb\u4fe1","2002         \u4e2d\u92fc","2330         \u53f0\u7a4d\u96fb","2317         \u9d3b\u6d77","6505         \u53f0\u5851\u77f3\u5316","3481         \u7fa4\u5275","2303         \u806f\u96fb","2308         \u53f0\u9054\u96fb","2454         \u806f\u767c\u79d1","2886         \u5146\u8c50\u91d1","2884         \u7389\u5c71\u91d1","2891         \u4e2d\u4fe1\u91d1","2892         \u7b2c\u4e00\u91d1","5880         \u5408\u5eab\u91d1","2881         \u5bcc\u90a6\u91d1","2885         \u5143\u5927\u91d1","2887         \u53f0\u65b0\u91d1"],"y":["^TAIEX       \u81fa\u7063\u52a0\u6b0a\u5831\u916c\u6307\u6578","^TWII        \u81fa\u7063\u52a0\u6b0a\u6307\u6578","^TAIEXx2     \u81fa\u7063\u52a0\u6b0a\u5831\u916c\u6307\u6578_\u65e5\u6b632","^TAI50I      \u81fa\u706350\u5831\u916c\u6307\u6578","^TAI50Ix2    \u81fa\u706350\u5831\u916c\u6307\u6578_\u65e5\u6b632","^TAI100I     \u81fa\u7063\u4e2d\u578b100\u5831\u916c\u6307\u6578","^TAI100Ix2   \u81fa\u7063\u4e2d\u578b100\u5831\u916c\u6307\u6578_\u65e5\u6b632","^TAIDIVIDI   \u81fa\u7063\u9ad8\u80a1\u606f\u5831\u916c\u6307\u6578","^TAIDIVIDIx2 \u81fa\u7063\u9ad8\u80a1\u606f\u5831\u916c\u6307\u6578_\u65e5\u6b632","0050Fund     \u5143\u5927\u53f0\u7063\u5353\u8d8a50\u57fa\u91d1","006208Fund   \u5bcc\u90a6\u53f0\u7063\u91c6\u540950\u57fa\u91d1","0050         \u5143\u5927\u81fa\u706350","00631L       \u5143\u5927\u53f0\u706350\u6b632","00675L       \u5bcc\u90a6\u81fa\u7063\u52a0\u6b0a\u6b632","006208       \u5bcc\u90a6\u53f050","0051         \u5143\u5927\u4e2d\u578b100","006204       \u6c38\u8c50\u81fa\u7063\u52a0\u6b0a","0056         \u5143\u5927\u9ad8\u80a1\u606f","0056         \u5143\u5927\u9ad8\u80a1\u606f_\u80a1\u606f\u4e0d\u6295\u5165","2412         \u4e2d\u83ef\u96fb\u4fe1","2002         \u4e2d\u92fc","2330         \u53f0\u7a4d\u96fb","2317         \u9d3b\u6d77","6505         \u53f0\u5851\u77f3\u5316","3481         \u7fa4\u5275","2303         \u806f\u96fb","2308         \u53f0\u9054\u96fb","2454         \u806f\u767c\u79d1","2886         \u5146\u8c50\u91d1","2884         \u7389\u5c71\u91d1","2891         \u4e2d\u4fe1\u91d1","2892         \u7b2c\u4e00\u91d1","5880         \u5408\u5eab\u91d1","2881         \u5bcc\u90a6\u91d1","2885         \u5143\u5927\u91d1","2887         \u53f0\u65b0\u91d1"],"zmin":-1,"zmax":1,"colorbar":{"x":-0.2}}],"layout":{"autotypenumbers":"strict","colorway":["#636efa","#EF553B","#00cc96","#ab63fa","#FFA15A","#19d3f3","#FF6692","#B6E880","#FF97FF","#FECB52"],"font":{"color":"#f2f5fa","family":"Courier New"},"hovermode":"closest","hoverlabel":{"align":"left"},"paper_bgcolor":"rgb(17,17,17)","plot_bgcolor":"rgb(17,17,17)","polar":{"bgcolor":"rgb(17,17,17)","angularaxis":{"gridcolor":"#506784","linecolor":"#506784","ticks":""},"radialaxis":{"gridcolor":"#506784","linecolor":"#506784","ticks":""}},"ternary":{"bgcolor":"rgb(17,17,17)","aaxis":{"gridcolor":"#506784","linecolor":"#506784","ticks":""},"baxis":{"gridcolor":"#506784","linecolor":"#506784","ticks":""},"caxis":{"gridcolor":"#506784","linecolor":"#506784","ticks":""}},"coloraxis":{"colorbar":{"outlinewidth":0,"ticks":""}},"colorscale":{"sequential":[[0.0,"#0d0887"],[0.1111111111111111,"#46039f"],[0.2222222222222222,"#7201a8"],[0.3333333333333333,"#9c179e"],[0.4444444444444444,"#bd3786"],[0.5555555555555556,"#d8576b"],[0.6666666666666666,"#ed7953"],[0.7777777777777778,"#fb9f3a"],[0.8888888888888888,"#fdca26"],[1.0,"#f0f921"]],"sequentialminus":[[0.0,"#0d0887"],[0.1111111111111111,"#46039f"],[0.2222222222222222,"#7201a8"],[0.3333333333333333,"#9c179e"],[0.4444444444444444,"#bd3786"],[0.5555555555555556,"#d8576b"],[0.6666666666666666,"#ed7953"],[0.7777777777777778,"#fb9f3a"],[0.8888888888888888,"#fdca26"],[1.0,"#f0f921"]],"diverging":[[0,"#8e0152"],[0.1,"#c51b7d"],[0.2,"#de77ae"],[0.3,"#f1b6da"],[0.4,"#fde0ef"],[0.5,"#f7f7f7"],[0.6,"#e6f5d0"],[0.7,"#b8e186"],[0.8,"#7fbc41"],[0.9,"#4d9221"],[1,"#276419"]]},"xaxis":{"gridcolor":"rgba(0, 0, 0, 0)","linecolor":"#506784","ticks":"","title":{"standoff":15},"zerolinecolor":"#283442","automargin":true,"zerolinewidth":2,"tickfont":{"family":"Courier New","size":14},"side":"top","tickangle":-90},"yaxis":{"gridcolor":"rgba(0, 0, 0, 0)","linecolor":"#506784","ticks":"","title":{"standoff":15},"zerolinecolor":"#283442","automargin":true,"zerolinewidth":2,"tickfont":{"family":"Courier New"},"side":"right"},"scene":{"xaxis":{"backgroundcolor":"rgb(17,17,17)","gridcolor":"#506784","linecolor":"#506784","showbackground":true,"ticks":"","zerolinecolor":"#C8D4E3","gridwidth":2},"yaxis":{"backgroundcolor":"rgb(17,17,17)","gridcolor":"#506784","linecolor":"#506784","showbackground":true,"ticks":"","zerolinecolor":"#C8D4E3","gridwidth":2},"zaxis":{"backgroundcolor":"rgb(17,17,17)","gridcolor":"#506784","linecolor":"#506784","showbackground":true,"ticks":"","zerolinecolor":"#C8D4E3","gridwidth":2}},"shapedefaults":{"line":{"color":"#f2f5fa"}},"annotationdefaults":{"arrowcolor":"#f2f5fa","arrowhead":0,"arrowwidth":1},"geo":{"bgcolor":"rgb(17,17,17)","landcolor":"rgb(17,17,17)","subunitcolor":"#506784","showland":true,"showlakes":true,"lakecolor":"rgb(17,17,17)"},"title":{"x":0.05,"font":{"family":"Times New Roman"},"y":0.05,"text":"<b>Correlation of Close<b><br><i>2016-09-23 ~ 2026-01-02<i>"},"updatemenudefaults":{"bgcolor":"#506784","borderwidth":0},"sliderdefaults":{"bgcolor":"#C8D4E3","borderwidth":1,"bordercolor":"rgb(17,17,17)","tickwidth":0},"mapbox":{"style":"dark"},"annotations":[{"text":"<b>@zwindr<b>","textangle":0,"opacity":0.5,"font":{"color":"white","size":12},"xref":"paper","yref":"paper","xanchor":"left","yanchor":"bottom","x":1.0,"y":1.0,"showarrow":false}]},"config":{"responsive":true,"toImageButtonOptions":{"filename":"Correlation of Close_2016-09-23~2026-01-02","scale":5}}};Plotly.newPlot("correlationClose",correlationClose.data,correlationClose.layout||{},correlationClose.config);}else{console.log("style display is none => correlationClose");}