var element=document.getElementById("correlationClose");if(element.style.display!='none'){var correlationClose={"data":[{"type":"heatmap","z":[[1.0,0.9999999999999984,1.0,0.9951218309304396,0.9951218309304396,0.9671163980537638,0.9671163980537638,0.907853278204343,0.907853278204343,0.8231385936523553,0.9945848961199802,0.7819419887199452,0.9925705550378245,0.9927908417764758,0.9946341406508381,0.9748817215875826,0.9991000800402327,0.91770404703917,0.91770404703917,0.7819381615104934,-0.15073304626538492,0.9785611674991066,0.17910895903041046,-0.11271525903378303,-0.25129180223898373,0.8144376090088119,0.906350873573856,0.9162002728879931,0.9249996898032404,0.7831805416311167,0.5723429367486527,0.6406884570607496,0.6291554015644688,0.9351549995276359,0.8384139824287793,0.19842356412521675],[0.9999999999999984,1.0,0.9999999999999987,0.995090503936767,0.995090503936767,0.9665987723070283,0.9665987723070283,0.9087660892312992,0.9087660892312992,0.824616333009635,0.9945781495704575,0.7821674586042998,0.9922864215491044,0.9922899180139757,0.9946367675227006,0.9743346260063697,0.9991012506251005,0.9178287921267061,0.9178287921267061,0.8003068356953633,0.06131328918481562,0.9706064395257605,-0.03272886646701792,-0.10541872499704788,-0.251546791842771,0.6493471866446509,0.9072271228708224,0.8923861836548169,0.9196700749896852,0.7935575635540738,0.5643992699957551,0.6380909680496614,0.654484372394394,0.9329722737094746,0.697911273838357,0.19553047249402192],[1.0,0.9999999999999987,1.0,0.9951218309304396,0.9951218309304396,0.9671163980537638,0.9671163980537638,0.907853278204343,0.907853278204343,0.8231385936523553,0.9945848961199802,0.7819419887199452,0.9925705550378245,0.9927908417764758,0.9946341406508381,0.9748817215875826,0.9991000800402327,0.91770404703917,0.91770404703917,0.7819381615104934,-0.15073304626538492,0.9785611674991066,0.17910895903041046,-0.11271525903378303,-0.25129180223898373,0.8144376090088119,0.906350873573856,0.9162002728879931,0.9249996898032404,0.7831805416311167,0.5723429367486527,0.6406884570607496,0.6291554015644688,0.9351549995276359,0.8384139824287793,0.19842356412521675],[0.9951218309304396,0.995090503936767,0.9951218309304396,1.0,1.0,0.9539942977764652,0.9539942977764652,0.8920517942206617,0.8920517942206617,0.7963733049681598,0.9995506506234808,0.753441217880805,0.9914639985165282,0.9887060029728507,0.9995109993016563,0.9574337886333882,0.9948379858797195,0.8927810594420728,0.8927810594420728,0.7561038661970705,-0.1589432071014577,0.9908692176205235,0.20642001110686253,-0.14894006421295045,-0.2513155890023668,0.8045614322256756,0.9190015294391128,0.9170509973545498,0.9087088038831952,0.787476581380453,0.6014314923128649,0.6334392325004328,0.59851899018908,0.9253071603568236,0.8284470637438668,0.2106939111658338],[0.9951218309304396,0.995090503936767,0.9951218309304396,1.0,1.0,0.9539942977764652,0.9539942977764652,0.8920517942206617,0.8920517942206617,0.7963733049681598,0.9995506506234808,0.753441217880805,0.9914639985165282,0.9887060029728507,0.9995109993016563,0.9574337886333882,0.9948379858797195,0.8927810594420728,0.8927810594420728,0.7561038661970705,-0.1589432071014577,0.9908692176205235,0.20642001110686253,-0.14894006421295045,-0.2513155890023668,0.8045614322256756,0.9190015294391128,0.9170509973545498,0.9087088038831952,0.787476581380453,0.6014314923128649,0.6334392325004328,0.59851899018908,0.9253071603568236,0.8284470637438668,0.2106939111658338],[0.9671163980537638,0.9665987723070283,0.9671163980537638,0.9539942977764652,0.9539942977764652,1.0,1.0,0.9327803387024015,0.9327803387024015,0.7956038131831601,0.9533625419113706,0.7792397623577448,0.9696136694063361,0.9670456987103478,0.9532367284073906,0.9990814159220244,0.974678385138324,0.9185214072493565,0.9185214072493565,0.6482125777145518,-0.10023745843137233,0.939596273795851,0.33213225322034784,-0.2943900820351332,-0.12120437346114141,0.8828724215420064,0.8587302330616386,0.9337624532999728,0.9005475310170408,0.748512570101893,0.7570560435080094,0.7419289704447343,0.7039318332192952,0.8661284240298783,0.8683327424317877,0.47601971677203403],[0.9671163980537638,0.9665987723070283,0.9671163980537638,0.9539942977764652,0.9539942977764652,1.0,1.0,0.9327803387024015,0.9327803387024015,0.7956038131831601,0.9533625419113706,0.7792397623577448,0.9696136694063361,0.9670456987103478,0.9532367284073906,0.9990814159220244,0.974678385138324,0.9185214072493565,0.9185214072493565,0.6482125777145518,-0.10023745843137233,0.939596273795851,0.33213225322034784,-0.2943900820351332,-0.12120437346114141,0.8828724215420064,0.8587302330616386,0.9337624532999728,0.9005475310170408,0.748512570101893,0.7570560435080094,0.7419289704447343,0.7039318332192952,0.8661284240298783,0.8683327424317877,0.47601971677203403],[0.907853278204343,0.9087660892312992,0.907853278204343,0.8920517942206617,0.8920517942206617,0.9327803387024015,0.9327803387024015,1.0,1.0,0.7462877374970666,0.9377749232849792,0.7627489954711169,0.9402810189121389,0.9350071545894665,0.9376818085595391,0.9339389387251379,0.9454830817126955,0.9709916455594124,0.9709916455594124,0.592381795219824,0.020785628460539655,0.8547322633030555,0.5599116125845646,-0.3204071008911888,0.012977889799695587,0.7886845343085407,0.758180464125543,0.8776809811208822,0.8549593552725157,0.7615171432947948,0.8807838511090309,0.7844595683763805,0.7164249360336439,0.7989944611514983,0.8544049859863162,0.8063181920586685],[0.907853278204343,0.9087660892312992,0.907853278204343,0.8920517942206617,0.8920517942206617,0.9327803387024015,0.9327803387024015,1.0,1.0,0.7462877374970666,0.9377749232849792,0.7627489954711169,0.9402810189121389,0.9350071545894665,0.9376818085595391,0.9339389387251379,0.9454830817126955,0.9709916455594124,0.9709916455594124,0.592381795219824,0.020785628460539655,0.8547322633030555,0.5599116125845646,-0.3204071008911888,0.012977889799695587,0.7886845343085407,0.758180464125543,0.8776809811208822,0.8549593552725157,0.7615171432947948,0.8807838511090309,0.7844595683763805,0.7164249360336439,0.7989944611514983,0.8544049859863162,0.8063181920586685],[0.8231385936523553,0.824616333009635,0.8231385936523553,0.7963733049681598,0.7963733049681598,0.7956038131831601,0.7956038131831601,0.7462877374970666,0.7462877374970666,1.0,0.6860595460446313,0.9999698440996507,0.6183139443552434,0.5291455309946368,0.6877947124312024,0.7909853867762945,0.7406957520772995,0.8220917817364538,0.8220917817364538,0.6969832218868484,-0.0996490289382648,0.7691267920514593,0.03839677954703528,0.048260555209757375,-0.24315294379638208,0.7896127258547325,0.5624617859442895,0.7692528203364469,0.818799417488917,0.6891670392829056,0.3612761000950891,0.5338393550584793,0.5652931858024826,0.7994893548824771,0.6653167912850818,0.17269747278780065],[0.9945848961199802,0.9945781495704575,0.9945848961199802,0.9995506506234808,0.9995506506234808,0.9533625419113706,0.9533625419113706,0.9377749232849792,0.9377749232849792,0.6860595460446313,1.0,0.6859268766528513,0.9911871376260463,0.9887470109655988,0.9999296818848787,0.9528797868317554,0.9938904304534315,0.9038547313866917,0.9038547313866917,0.853693761410877,0.003926166535195515,0.996562594306553,0.8911752098171767,-0.514921818693303,0.33295794169384,0.8198111095013275,0.8840916005941054,0.9349635472670736,0.9029376929253782,0.8115712766732276,0.917552508168086,0.8670438585624404,0.7731950539096488,0.9056195065583253,0.9446794363380089,0.7830965346929752],[0.7819419887199452,0.7821674586042998,0.7819419887199452,0.753441217880805,0.753441217880805,0.7792397623577448,0.7792397623577448,0.7627489954711169,0.7627489954711169,0.9999698440996507,0.6859268766528513,1.0,0.6162695880038445,0.5265122734323856,0.686272219235945,0.7823189704812865,0.7393191104958525,0.8180158975382043,0.8180158975382043,0.658014204693723,0.027882361827443882,0.7278842343869812,0.4353742335135907,-0.1722752589755833,-0.2306142731563189,0.8214474959719559,0.46760655298006765,0.74417416447091,0.7917778382831626,0.7151779717283497,0.5917504371978993,0.7110319004846067,0.6848932428658969,0.7582243682231836,0.6564088641558048,0.6787927232787605],[0.9925705550378245,0.9922864215491044,0.9925705550378245,0.9914639985165282,0.9914639985165282,0.9696136694063361,0.9696136694063361,0.9402810189121389,0.9402810189121389,0.6183139443552434,0.9911871376260463,0.6162695880038445,1.0,0.9997770145479836,0.9911788202493487,0.967144716476097,0.9904877489168132,0.8918831532821487,0.8918831532821487,0.8329992816526763,0.029609397995477293,0.9895212527116135,0.9110600834355943,-0.6680927810403707,0.39767956413966205,0.7896725815000264,0.8929007189521797,0.9418776816647046,0.8922131078330847,0.7477592810199845,0.9182515433820823,0.8446346204569276,0.7510672538126792,0.8905730246404475,0.9572629989415133,0.8097726915325579],[0.9927908417764758,0.9922899180139757,0.9927908417764758,0.9887060029728507,0.9887060029728507,0.9670456987103478,0.9670456987103478,0.9350071545894665,0.9350071545894665,0.5291455309946368,0.9887470109655988,0.5265122734323856,0.9997770145479836,1.0,0.9888878578797025,0.9637441970848191,0.9897946604342854,0.8761498678261368,0.8761498678261368,0.8544688758900251,-0.09648017391347329,0.9856207837193948,0.918799330721662,-0.8383117578313038,0.43242460330373655,0.7380372525390012,0.8979692613429182,0.9351294016356296,0.8778812821900858,0.6810126131134886,0.9262319634800412,0.8359150488356824,0.6924882606007143,0.9145941063849039,0.9579730555104009,0.7799964451764911],[0.9946341406508381,0.9946367675227006,0.9946341406508381,0.9995109993016563,0.9995109993016563,0.9532367284073906,0.9532367284073906,0.9376818085595391,0.9376818085595391,0.6877947124312024,0.9999296818848787,0.686272219235945,0.9911788202493487,0.9888878578797025,1.0,0.9528727539682895,0.9939624159231498,0.90424494140704,0.90424494140704,0.8545993877067294,0.0033095934642736417,0.9964425495836343,0.8907950760878259,-0.5124459412281546,0.3324763406940504,0.820057432467231,0.8827595814407702,0.9342000835716818,0.9033010082357235,0.8128419855976129,0.9171658853864305,0.8681081482362308,0.77416180273411,0.9056983633871433,0.9447744023623316,0.783869811718373],[0.9748817215875826,0.9743346260063697,0.9748817215875826,0.9574337886333882,0.9574337886333882,0.9990814159220244,0.9990814159220244,0.9339389387251379,0.9339389387251379,0.7909853867762945,0.9528797868317554,0.7823189704812865,0.967144716476097,0.9637441970848191,0.9528727539682895,1.0,0.975497889182369,0.9187752755699755,0.9187752755699755,0.6965641605245463,-0.08516549061504818,0.9465467100698688,0.6538514780763752,-0.426223790163739,-0.16870341363332586,0.8943810385496376,0.852801227271189,0.9298275040082986,0.9077654559282379,0.7848694698151917,0.8600658460019044,0.7888366325225409,0.7604745339859258,0.8876098234338494,0.8656479152246563,0.7945058086409604],[0.9991000800402327,0.9991012506251005,0.9991000800402327,0.9948379858797195,0.9948379858797195,0.974678385138324,0.974678385138324,0.9454830817126955,0.9454830817126955,0.7406957520772995,0.9938904304534315,0.7393191104958525,0.9904877489168132,0.9897946604342854,0.9939624159231498,0.975497889182369,1.0,0.929585471872621,0.929585471872621,0.8636934616599623,0.018041684957995154,0.9874498466974131,0.8595819893908361,-0.49403048457163384,0.352126989893088,0.8658592407351191,0.8749864983609663,0.9457707056791299,0.931939089386521,0.8335063547799321,0.9057409187775567,0.8982181800588701,0.8152677861406763,0.9189539272491446,0.9535298588970512,0.8381763269787736],[0.91770404703917,0.9178287921267061,0.91770404703917,0.8927810594420728,0.8927810594420728,0.9185214072493565,0.9185214072493565,0.9709916455594124,0.9709916455594124,0.8220917817364538,0.9038547313866917,0.8180158975382043,0.8918831532821487,0.8761498678261368,0.90424494140704,0.9187752755699755,0.929585471872621,1.0,1.0,0.7450151984703247,-0.03939949653129702,0.8565966234649246,0.5566187196589152,-0.20542695716854745,-0.20831499092868294,0.8291442997020129,0.7285142023249186,0.8398263089660639,0.9181622060321639,0.8408357182085512,0.7995319310596886,0.759728915839799,0.707565271326318,0.8475835195466255,0.7813556566090258,0.8539997282490723],[0.91770404703917,0.9178287921267061,0.91770404703917,0.8927810594420728,0.8927810594420728,0.9185214072493565,0.9185214072493565,0.9709916455594124,0.9709916455594124,0.8220917817364538,0.9038547313866917,0.8180158975382043,0.8918831532821487,0.8761498678261368,0.90424494140704,0.9187752755699755,0.929585471872621,1.0,1.0,0.7450151984703247,-0.03939949653129702,0.8565966234649246,0.5566187196589152,-0.20542695716854745,-0.20831499092868294,0.8291442997020129,0.7285142023249186,0.8398263089660639,0.9181622060321639,0.8408357182085512,0.7995319310596886,0.759728915839799,0.707565271326318,0.8475835195466255,0.7813556566090258,0.8539997282490723],[0.7819381615104934,0.8003068356953633,0.7819381615104934,0.7561038661970705,0.7561038661970705,0.6482125777145518,0.6482125777145518,0.592381795219824,0.592381795219824,0.6969832218868484,0.853693761410877,0.658014204693723,0.8329992816526763,0.8544688758900251,0.8545993877067294,0.6965641605245463,0.8636934616599623,0.7450151984703247,0.7450151984703247,1.0,0.030765812899236154,0.7176503070351671,-0.355506511168032,0.30946423794625555,-0.6561657948982366,0.3589235822281017,0.7004953693393212,0.5160761752465953,0.8375175180511167,0.6974299025349695,0.1241308021848939,0.31612536086598975,0.568344875708,0.7838952671074191,0.4850382293995799,-0.14384775033865158],[-0.15073304626538492,0.06131328918481562,-0.15073304626538492,-0.1589432071014577,-0.1589432071014577,-0.10023745843137233,-0.10023745843137233,0.020785628460539655,0.020785628460539655,-0.0996490289382648,0.003926166535195515,0.027882361827443882,0.029609397995477293,-0.09648017391347329,0.0033095934642736417,-0.08516549061504818,0.018041684957995154,-0.03939949653129702,-0.03939949653129702,0.030765812899236154,1.0,-0.10279713234469663,0.1014178306897545,0.16051234721845248,0.748177048331153,-0.09564098862269875,-0.056410531431940227,-0.02056847479991994,0.15507637875590988,-0.006347623085681562,0.03734665974754896,0.32317374123318254,0.5638887228514207,-0.12869604810005938,0.09843085273486284,0.15287401193032252],[0.9785611674991066,0.9706064395257605,0.9785611674991066,0.9908692176205235,0.9908692176205235,0.939596273795851,0.939596273795851,0.8547322633030555,0.8547322633030555,0.7691267920514593,0.996562594306553,0.7278842343869812,0.9895212527116135,0.9856207837193948,0.9964425495836343,0.9465467100698688,0.9874498466974131,0.8565966234649246,0.8565966234649246,0.7176503070351671,-0.10279713234469663,1.0,0.11434367568647147,-0.2060515533392741,-0.3004654907632023,0.6682234968724398,0.919890379821255,0.9005162269669633,0.8526436208901941,0.7558729672655399,0.6025530464429357,0.6004601197023741,0.5288290638943597,0.9043640182699948,0.6767148365017537,0.19188110221150478],[0.17910895903041046,-0.03272886646701792,0.17910895903041046,0.20642001110686253,0.20642001110686253,0.33213225322034784,0.33213225322034784,0.5599116125845646,0.5599116125845646,0.03839677954703528,0.8911752098171767,0.4353742335135907,0.9110600834355943,0.918799330721662,0.8907950760878259,0.6538514780763752,0.8595819893908361,0.5566187196589152,0.5566187196589152,-0.355506511168032,0.1014178306897545,0.11434367568647147,1.0,-0.46300554091403245,0.7088550037955208,0.3849477466835352,0.13153976997455508,0.32556969782129913,-0.08291093895166896,0.09049810879554852,0.6040609032870128,0.48471120673073276,0.2037112572076017,0.02283789556323955,0.40111025273611994,0.4722883035022819],[-0.11271525903378303,-0.10541872499704788,-0.11271525903378303,-0.14894006421295045,-0.14894006421295045,-0.2943900820351332,-0.2943900820351332,-0.3204071008911888,-0.3204071008911888,0.048260555209757375,-0.514921818693303,-0.1722752589755833,-0.6680927810403707,-0.8383117578313038,-0.5124459412281546,-0.426223790163739,-0.49403048457163384,-0.20542695716854745,-0.20542695716854745,0.30946423794625555,0.16051234721845248,-0.2060515533392741,-0.46300554091403245,1.0,-0.0257237085841601,-0.17075742005476713,-0.20404088469059123,-0.3107919087650802,-0.05320472561887205,-0.08362376117523161,-0.5717991729389151,-0.20758947517004533,-0.028964650346909596,-0.057246909504795475,-0.23009715815346288,-0.41147809039205807],[-0.25129180223898373,-0.251546791842771,-0.25129180223898373,-0.2513155890023668,-0.2513155890023668,-0.12120437346114141,-0.12120437346114141,0.012977889799695587,0.012977889799695587,-0.24315294379638208,0.33295794169384,-0.2306142731563189,0.39767956413966205,0.43242460330373655,0.3324763406940504,-0.16870341363332586,0.352126989893088,-0.20831499092868294,-0.20831499092868294,-0.6561657948982366,0.748177048331153,-0.3004654907632023,0.7088550037955208,-0.0257237085841601,1.0,-0.10820617520642087,-0.2424330339358287,-0.06881931663743095,-0.35161827013595837,-0.3298681112734,0.06451265213531018,0.1583446812183028,0.26142839697328124,-0.37810292058458783,0.1076361202767895,0.0890001902867818],[0.8144376090088119,0.6493471866446509,0.8144376090088119,0.8045614322256756,0.8045614322256756,0.8828724215420064,0.8828724215420064,0.7886845343085407,0.7886845343085407,0.7896127258547325,0.8198111095013275,0.8214474959719559,0.7896725815000264,0.7380372525390012,0.820057432467231,0.8943810385496376,0.8658592407351191,0.8291442997020129,0.8291442997020129,0.3589235822281017,-0.09564098862269875,0.6682234968724398,0.3849477466835352,-0.17075742005476713,-0.10820617520642087,1.0,0.544186953650758,0.8396344178050686,0.49999096224546946,0.6318078734198109,0.5539056536789683,0.6613504616324718,0.4278505291384959,0.7078546492152865,0.705833711488603,0.42106921709864487],[0.906350873573856,0.9072271228708224,0.906350873573856,0.9190015294391128,0.9190015294391128,0.8587302330616386,0.8587302330616386,0.758180464125543,0.758180464125543,0.5624617859442895,0.8840916005941054,0.46760655298006765,0.8929007189521797,0.8979692613429182,0.8827595814407702,0.852801227271189,0.8749864983609663,0.7285142023249186,0.7285142023249186,0.7004953693393212,-0.056410531431940227,0.919890379821255,0.13153976997455508,-0.20404088469059123,-0.2424330339358287,0.544186953650758,1.0,0.8003455098743862,0.777829155962421,0.6656552686418823,0.5160272370586743,0.5074184559455069,0.5121376308386101,0.8409462858924197,0.6340193717477508,0.11891640120962313],[0.9162002728879931,0.8923861836548169,0.9162002728879931,0.9170509973545498,0.9170509973545498,0.9337624532999728,0.9337624532999728,0.8776809811208822,0.8776809811208822,0.7692528203364469,0.9349635472670736,0.74417416447091,0.9418776816647046,0.9351294016356296,0.9342000835716818,0.9298275040082986,0.9457707056791299,0.8398263089660639,0.8398263089660639,0.5160761752465953,-0.02056847479991994,0.9005162269669633,0.32556969782129913,-0.3107919087650802,-0.06881931663743095,0.8396344178050686,0.8003455098743862,1.0,0.757792036073347,0.6193812833349427,0.6112778503127064,0.6090115273709829,0.5359923808680302,0.8246518057056222,0.8390987796922924,0.22880312172226916],[0.9249996898032404,0.9196700749896852,0.9249996898032404,0.9087088038831952,0.9087088038831952,0.9005475310170408,0.9005475310170408,0.8549593552725157,0.8549593552725157,0.818799417488917,0.9029376929253782,0.7917778382831626,0.8922131078330847,0.8778812821900858,0.9033010082357235,0.9077654559282379,0.931939089386521,0.9181622060321639,0.9181622060321639,0.8375175180511167,0.15507637875590988,0.8526436208901941,-0.08291093895166896,-0.05320472561887205,-0.35161827013595837,0.49999096224546946,0.777829155962421,0.757792036073347,1.0,0.9080399293617742,0.5563041855088813,0.6927956653748406,0.6678980205490035,0.880946825974975,0.5178502319639956,0.3055204740353719],[0.7831805416311167,0.7935575635540738,0.7831805416311167,0.787476581380453,0.787476581380453,0.748512570101893,0.748512570101893,0.7615171432947948,0.7615171432947948,0.6891670392829056,0.8115712766732276,0.7151779717283497,0.7477592810199845,0.6810126131134886,0.8128419855976129,0.7848694698151917,0.8335063547799321,0.8408357182085512,0.8408357182085512,0.6974299025349695,-0.006347623085681562,0.7558729672655399,0.09049810879554852,-0.08362376117523161,-0.3298681112734,0.6318078734198109,0.6656552686418823,0.6193812833349427,0.9080399293617742,1.0,0.589276311890804,0.6751981815208864,0.6121777241828069,0.7369606268828967,0.5948947290765977,0.4777294816369053],[0.5723429367486527,0.5643992699957551,0.5723429367486527,0.6014314923128649,0.6014314923128649,0.7570560435080094,0.7570560435080094,0.8807838511090309,0.8807838511090309,0.3612761000950891,0.917552508168086,0.5917504371978993,0.9182515433820823,0.9262319634800412,0.9171658853864305,0.8600658460019044,0.9057409187775567,0.7995319310596886,0.7995319310596886,0.1241308021848939,0.03734665974754896,0.6025530464429357,0.6040609032870128,-0.5717991729389151,0.06451265213531018,0.5539056536789683,0.5160272370586743,0.6112778503127064,0.5563041855088813,0.589276311890804,1.0,0.7475718449087414,0.387233555730959,0.5167177236166646,0.5985106341904635,0.7547575880852053],[0.6406884570607496,0.6380909680496614,0.6406884570607496,0.6334392325004328,0.6334392325004328,0.7419289704447343,0.7419289704447343,0.7844595683763805,0.7844595683763805,0.5338393550584793,0.8670438585624404,0.7110319004846067,0.8446346204569276,0.8359150488356824,0.8681081482362308,0.7888366325225409,0.8982181800588701,0.759728915839799,0.759728915839799,0.31612536086598975,0.32317374123318254,0.6004601197023741,0.48471120673073276,-0.20758947517004533,0.1583446812183028,0.6613504616324718,0.5074184559455069,0.6090115273709829,0.6927956653748406,0.6751981815208864,0.7475718449087414,1.0,0.779476883639056,0.508165142308293,0.7335125089270428,0.5530706936705725],[0.6291554015644688,0.654484372394394,0.6291554015644688,0.59851899018908,0.59851899018908,0.7039318332192952,0.7039318332192952,0.7164249360336439,0.7164249360336439,0.5652931858024826,0.7731950539096488,0.6848932428658969,0.7510672538126792,0.6924882606007143,0.77416180273411,0.7604745339859258,0.8152677861406763,0.707565271326318,0.707565271326318,0.568344875708,0.5638887228514207,0.5288290638943597,0.2037112572076017,-0.028964650346909596,0.26142839697328124,0.4278505291384959,0.5121376308386101,0.5359923808680302,0.6678980205490035,0.6121777241828069,0.387233555730959,0.779476883639056,1.0,0.4956709509785527,0.6658592446060959,0.2058873674670038],[0.9351549995276359,0.9329722737094746,0.9351549995276359,0.9253071603568236,0.9253071603568236,0.8661284240298783,0.8661284240298783,0.7989944611514983,0.7989944611514983,0.7994893548824771,0.9056195065583253,0.7582243682231836,0.8905730246404475,0.9145941063849039,0.9056983633871433,0.8876098234338494,0.9189539272491446,0.8475835195466255,0.8475835195466255,0.7838952671074191,-0.12869604810005938,0.9043640182699948,0.02283789556323955,-0.057246909504795475,-0.37810292058458783,0.7078546492152865,0.8409462858924197,0.8246518057056222,0.880946825974975,0.7369606268828967,0.5167177236166646,0.508165142308293,0.4956709509785527,1.0,0.7431416149864738,0.18397347703835712],[0.8384139824287793,0.697911273838357,0.8384139824287793,0.8284470637438668,0.8284470637438668,0.8683327424317877,0.8683327424317877,0.8544049859863162,0.8544049859863162,0.6653167912850818,0.9446794363380089,0.6564088641558048,0.9572629989415133,0.9579730555104009,0.9447744023623316,0.8656479152246563,0.9535298588970512,0.7813556566090258,0.7813556566090258,0.4850382293995799,0.09843085273486284,0.6767148365017537,0.40111025273611994,-0.23009715815346288,0.1076361202767895,0.705833711488603,0.6340193717477508,0.8390987796922924,0.5178502319639956,0.5948947290765977,0.5985106341904635,0.7335125089270428,0.6658592446060959,0.7431416149864738,1.0,0.1931948633587662],[0.19842356412521675,0.19553047249402192,0.19842356412521675,0.2106939111658338,0.2106939111658338,0.47601971677203403,0.47601971677203403,0.8063181920586685,0.8063181920586685,0.17269747278780065,0.7830965346929752,0.6787927232787605,0.8097726915325579,0.7799964451764911,0.783869811718373,0.7945058086409604,0.8381763269787736,0.8539997282490723,0.8539997282490723,-0.14384775033865158,0.15287401193032252,0.19188110221150478,0.4722883035022819,-0.41147809039205807,0.0890001902867818,0.42106921709864487,0.11891640120962313,0.22880312172226916,0.3055204740353719,0.4777294816369053,0.7547575880852053,0.5530706936705725,0.2058873674670038,0.18397347703835712,0.1931948633587662,1.0]],"x":["^TAIEX       \u81fa\u7063\u52a0\u6b0a\u5831\u916c\u6307\u6578","^TWII        \u81fa\u7063\u52a0\u6b0a\u6307\u6578","^TAIEXx2     \u81fa\u7063\u52a0\u6b0a\u5831\u916c\u6307\u6578_\u65e5\u6b632","^TAI50I      \u81fa\u706350\u5831\u916c\u6307\u6578","^TAI50Ix2    \u81fa\u706350\u5831\u916c\u6307\u6578_\u65e5\u6b632","^TAI100I     \u81fa\u7063\u4e2d\u578b100\u5831\u916c\u6307\u6578","^TAI100Ix2   \u81fa\u7063\u4e2d\u578b100\u5831\u916c\u6307\u6578_\u65e5\u6b632","^TAIDIVIDI   \u81fa\u7063\u9ad8\u80a1\u606f\u5831\u916c\u6307\u6578","^TAIDIVIDIx2 \u81fa\u7063\u9ad8\u80a1\u606f\u5831\u916c\u6307\u6578_\u65e5\u6b632","0050Fund     \u5143\u5927\u53f0\u7063\u5353\u8d8a50\u57fa\u91d1","006208Fund   \u5bcc\u90a6\u53f0\u7063\u91c6\u540950\u57fa\u91d1","0050         \u5143\u5927\u81fa\u706350","00631L       \u5143\u5927\u53f0\u706350\u6b632","00675L       \u5bcc\u90a6\u81fa\u7063\u52a0\u6b0a\u6b632","006208       \u5bcc\u90a6\u53f050","0051         \u5143\u5927\u4e2d\u578b100","006204       \u6c38\u8c50\u81fa\u7063\u52a0\u6b0a","0056         \u5143\u5927\u9ad8\u80a1\u606f","0056         \u5143\u5927\u9ad8\u80a1\u606f_\u80a1\u606f\u4e0d\u6295\u5165","2412         \u4e2d\u83ef\u96fb\u4fe1","2002         \u4e2d\u92fc","2330         \u53f0\u7a4d\u96fb","2317         \u9d3b\u6d77","6505         \u53f0\u5851\u77f3\u5316","3481         \u7fa4\u5275","2303         \u806f\u96fb","2308         \u53f0\u9054\u96fb","2454         \u806f\u767c\u79d1","2886         \u5146\u8c50\u91d1","2884         \u7389\u5c71\u91d1","2891         \u4e2d\u4fe1\u91d1","2892         \u7b2c\u4e00\u91d1","5880         \u5408\u5eab\u91d1","2881         \u5bcc\u90a6\u91d1","2885         \u5143\u5927\u91d1","2887         \u53f0\u65b0\u91d1"],"y":["^TAIEX       \u81fa\u7063\u52a0\u6b0a\u5831\u916c\u6307\u6578","^TWII        \u81fa\u7063\u52a0\u6b0a\u6307\u6578","^TAIEXx2     \u81fa\u7063\u52a0\u6b0a\u5831\u916c\u6307\u6578_\u65e5\u6b632","^TAI50I      \u81fa\u706350\u5831\u916c\u6307\u6578","^TAI50Ix2    \u81fa\u706350\u5831\u916c\u6307\u6578_\u65e5\u6b632","^TAI100I     \u81fa\u7063\u4e2d\u578b100\u5831\u916c\u6307\u6578","^TAI100Ix2   \u81fa\u7063\u4e2d\u578b100\u5831\u916c\u6307\u6578_\u65e5\u6b632","^TAIDIVIDI   \u81fa\u7063\u9ad8\u80a1\u606f\u5831\u916c\u6307\u6578","^TAIDIVIDIx2 \u81fa\u7063\u9ad8\u80a1\u606f\u5831\u916c\u6307\u6578_\u65e5\u6b632","0050Fund     \u5143\u5927\u53f0\u7063\u5353\u8d8a50\u57fa\u91d1","006208Fund   \u5bcc\u90a6\u53f0\u7063\u91c6\u540950\u57fa\u91d1","0050         \u5143\u5927\u81fa\u706350","00631L       \u5143\u5927\u53f0\u706350\u6b632","00675L       \u5bcc\u90a6\u81fa\u7063\u52a0\u6b0a\u6b632","006208       \u5bcc\u90a6\u53f050","0051         \u5143\u5927\u4e2d\u578b100","006204       \u6c38\u8c50\u81fa\u7063\u52a0\u6b0a","0056         \u5143\u5927\u9ad8\u80a1\u606f","0056         \u5143\u5927\u9ad8\u80a1\u606f_\u80a1\u606f\u4e0d\u6295\u5165","2412         \u4e2d\u83ef\u96fb\u4fe1","2002         \u4e2d\u92fc","2330         \u53f0\u7a4d\u96fb","2317         \u9d3b\u6d77","6505         \u53f0\u5851\u77f3\u5316","3481         \u7fa4\u5275","2303         \u806f\u96fb","2308         \u53f0\u9054\u96fb","2454         \u806f\u767c\u79d1","2886         \u5146\u8c50\u91d1","2884         \u7389\u5c71\u91d1","2891         \u4e2d\u4fe1\u91d1","2892         \u7b2c\u4e00\u91d1","5880         \u5408\u5eab\u91d1","2881         \u5bcc\u90a6\u91d1","2885         \u5143\u5927\u91d1","2887         \u53f0\u65b0\u91d1"],"zmin":-1,"zmax":1,"colorbar":{"x":-0.2}}],"layout":{"autotypenumbers":"strict","colorway":["#636efa","#EF553B","#00cc96","#ab63fa","#FFA15A","#19d3f3","#FF6692","#B6E880","#FF97FF","#FECB52"],"font":{"color":"#f2f5fa","family":"Courier New"},"hovermode":"closest","hoverlabel":{"align":"left"},"paper_bgcolor":"rgb(17,17,17)","plot_bgcolor":"rgb(17,17,17)","polar":{"bgcolor":"rgb(17,17,17)","angularaxis":{"gridcolor":"#506784","linecolor":"#506784","ticks":""},"radialaxis":{"gridcolor":"#506784","linecolor":"#506784","ticks":""}},"ternary":{"bgcolor":"rgb(17,17,17)","aaxis":{"gridcolor":"#506784","linecolor":"#506784","ticks":""},"baxis":{"gridcolor":"#506784","linecolor":"#506784","ticks":""},"caxis":{"gridcolor":"#506784","linecolor":"#506784","ticks":""}},"coloraxis":{"colorbar":{"outlinewidth":0,"ticks":""}},"colorscale":{"sequential":[[0.0,"#0d0887"],[0.1111111111111111,"#46039f"],[0.2222222222222222,"#7201a8"],[0.3333333333333333,"#9c179e"],[0.4444444444444444,"#bd3786"],[0.5555555555555556,"#d8576b"],[0.6666666666666666,"#ed7953"],[0.7777777777777778,"#fb9f3a"],[0.8888888888888888,"#fdca26"],[1.0,"#f0f921"]],"sequentialminus":[[0.0,"#0d0887"],[0.1111111111111111,"#46039f"],[0.2222222222222222,"#7201a8"],[0.3333333333333333,"#9c179e"],[0.4444444444444444,"#bd3786"],[0.5555555555555556,"#d8576b"],[0.6666666666666666,"#ed7953"],[0.7777777777777778,"#fb9f3a"],[0.8888888888888888,"#fdca26"],[1.0,"#f0f921"]],"diverging":[[0,"#8e0152"],[0.1,"#c51b7d"],[0.2,"#de77ae"],[0.3,"#f1b6da"],[0.4,"#fde0ef"],[0.5,"#f7f7f7"],[0.6,"#e6f5d0"],[0.7,"#b8e186"],[0.8,"#7fbc41"],[0.9,"#4d9221"],[1,"#276419"]]},"xaxis":{"gridcolor":"rgba(0, 0, 0, 0)","linecolor":"#506784","ticks":"","title":{"standoff":15},"zerolinecolor":"#283442","automargin":true,"zerolinewidth":2,"tickfont":{"family":"Courier New","size":14},"side":"top","tickangle":-90},"yaxis":{"gridcolor":"rgba(0, 0, 0, 0)","linecolor":"#506784","ticks":"","title":{"standoff":15},"zerolinecolor":"#283442","automargin":true,"zerolinewidth":2,"tickfont":{"family":"Courier New"},"side":"right"},"scene":{"xaxis":{"backgroundcolor":"rgb(17,17,17)","gridcolor":"#506784","linecolor":"#506784","showbackground":true,"ticks":"","zerolinecolor":"#C8D4E3","gridwidth":2},"yaxis":{"backgroundcolor":"rgb(17,17,17)","gridcolor":"#506784","linecolor":"#506784","showbackground":true,"ticks":"","zerolinecolor":"#C8D4E3","gridwidth":2},"zaxis":{"backgroundcolor":"rgb(17,17,17)","gridcolor":"#506784","linecolor":"#506784","showbackground":true,"ticks":"","zerolinecolor":"#C8D4E3","gridwidth":2}},"shapedefaults":{"line":{"color":"#f2f5fa"}},"annotationdefaults":{"arrowcolor":"#f2f5fa","arrowhead":0,"arrowwidth":1},"geo":{"bgcolor":"rgb(17,17,17)","landcolor":"rgb(17,17,17)","subunitcolor":"#506784","showland":true,"showlakes":true,"lakecolor":"rgb(17,17,17)"},"title":{"x":0.05,"font":{"family":"Times New Roman"},"y":0.05,"text":"<b>Correlation of Close<b><br><i>2016-09-23 ~ 2025-12-26<i>"},"updatemenudefaults":{"bgcolor":"#506784","borderwidth":0},"sliderdefaults":{"bgcolor":"#C8D4E3","borderwidth":1,"bordercolor":"rgb(17,17,17)","tickwidth":0},"mapbox":{"style":"dark"},"annotations":[{"text":"<b>@zwindr<b>","textangle":0,"opacity":0.5,"font":{"color":"white","size":12},"xref":"paper","yref":"paper","xanchor":"left","yanchor":"bottom","x":1.0,"y":1.0,"showarrow":false}]},"config":{"responsive":true,"toImageButtonOptions":{"filename":"Correlation of Close_2016-09-23~2025-12-26","scale":5}}};Plotly.newPlot("correlationClose",correlationClose.data,correlationClose.layout||{},correlationClose.config);}else{console.log("style display is none => correlationClose");}