var element=document.getElementById("correlationClose");if(element.style.display!='none'){var correlationClose={"data":[{"type":"heatmap","z":[[1.0,0.9999999999999977,1.0,0.9950263846034121,0.9950263846034121,0.97304164300426,0.97304164300426,0.9152391094469869,0.9152391094469869,0.7326571917605711,0.9952491599586707,0.674427584409214,0.9344512719843117,0.9909947287016778,0.9953329464949378,0.978021998963445,0.9992924521959355,0.9060490012203805,0.9060490012203805,0.7692388627401433,-0.1943050527559351,0.9808712922267543,0.2539813409328985,-0.16997756609000225,-0.2216833704853167,0.8226985400702207,0.8915765841526015,0.927588851484953,0.9035346639317936,0.7859949883424664,0.6557400964507576,0.6532516589838024,0.6042836817663566,0.9281457384236178,0.8684239932541752,0.27427912661688675],[0.9999999999999977,1.0,0.9999999999999979,0.9949838137716419,0.9949838137716419,0.9725136432725978,0.9725136432725978,0.9157552362727411,0.9157552362727411,0.7355954922071576,0.9952244759925882,0.6762780955097635,0.9342466294972496,0.9905865799296983,0.995327938467242,0.9776062792343725,0.9992897780420478,0.9059831025213384,0.9059831025213384,0.7866840437368858,0.016708763306512046,0.9737283789037677,0.014253957108445146,-0.16181079104879006,-0.2227175594019176,0.6700584497915939,0.8908275883684235,0.9071703505005579,0.900502076797509,0.7942687263843881,0.6460607782196098,0.6508932738941607,0.6295741820908054,0.9273823638148079,0.7431394169779361,0.2689967944151484],[1.0,0.9999999999999979,1.0,0.9950263846034121,0.9950263846034121,0.97304164300426,0.97304164300426,0.9152391094469869,0.9152391094469869,0.7326571917605711,0.9952491599586707,0.674427584409214,0.9344512719843117,0.9909947287016778,0.9953329464949378,0.978021998963445,0.9992924521959355,0.9060490012203805,0.9060490012203805,0.7692388627401433,-0.1943050527559351,0.9808712922267543,0.2539813409328985,-0.16997756609000225,-0.2216833704853167,0.8226985400702207,0.8915765841526015,0.927588851484953,0.9035346639317936,0.7859949883424664,0.6557400964507576,0.6532516589838024,0.6042836817663566,0.9281457384236178,0.8684239932541752,0.27427912661688675],[0.9950263846034121,0.9949838137716419,0.9950263846034121,1.0,1.0,0.9610090072499324,0.9610090072499324,0.8976172950516214,0.8976172950516214,0.6913392375471846,0.9996527394201122,0.6329213204130406,0.9295172428075453,0.9915857913309735,0.9996035100046352,0.9613988497684705,0.9952853644738519,0.8763166691720894,0.8763166691720894,0.7377117984186219,-0.20170099058992583,0.9927891632522824,0.28214764687133553,-0.20501206495693508,-0.21667683139636632,0.8077631103891556,0.9134542739588292,0.9253210343797644,0.8789718716294681,0.7823800223446975,0.6851183575615024,0.6421428745684465,0.568558812303374,0.9121125784804588,0.8608235771222738,0.2897256555548499],[0.9950263846034121,0.9949838137716419,0.9950263846034121,1.0,1.0,0.9610090072499324,0.9610090072499324,0.8976172950516214,0.8976172950516214,0.6913392375471846,0.9996527394201122,0.6329213204130406,0.9295172428075453,0.9915857913309735,0.9996035100046352,0.9613988497684705,0.9952853644738519,0.8763166691720894,0.8763166691720894,0.7377117984186219,-0.20170099058992583,0.9927891632522824,0.28214764687133553,-0.20501206495693508,-0.21667683139636632,0.8077631103891556,0.9134542739588292,0.9253210343797644,0.8789718716294681,0.7823800223446975,0.6851183575615024,0.6421428745684465,0.568558812303374,0.9121125784804588,0.8608235771222738,0.2897256555548499],[0.97304164300426,0.9725136432725978,0.97304164300426,0.9610090072499324,0.9610090072499324,1.0,1.0,0.938717186137695,0.938717186137695,0.7127429298767067,0.9597129987183586,0.6879585244582914,0.9179737402724524,0.9611997068168392,0.9596031834044693,0.9990977179958576,0.9784115686128574,0.9125174018483195,0.9125174018483195,0.6561126844172471,-0.15183915358880454,0.9485408969508431,0.3871095261607128,-0.3362307003444229,-0.10850349768505704,0.8831786274615906,0.8513490887029838,0.942451053944725,0.8855669583735915,0.7572218064780434,0.8042313686732823,0.7444633368540448,0.6746923308123766,0.8706841340948883,0.8925916510172056,0.5321391378381517],[0.97304164300426,0.9725136432725978,0.97304164300426,0.9610090072499324,0.9610090072499324,1.0,1.0,0.938717186137695,0.938717186137695,0.7127429298767067,0.9597129987183586,0.6879585244582914,0.9179737402724524,0.9611997068168392,0.9596031834044693,0.9990977179958576,0.9784115686128574,0.9125174018483195,0.9125174018483195,0.6561126844172471,-0.15183915358880454,0.9485408969508431,0.3871095261607128,-0.3362307003444229,-0.10850349768505704,0.8831786274615906,0.8513490887029838,0.942451053944725,0.8855669583735915,0.7572218064780434,0.8042313686732823,0.7444633368540448,0.6746923308123766,0.8706841340948883,0.8925916510172056,0.5321391378381517],[0.9152391094469869,0.9157552362727411,0.9152391094469869,0.8976172950516214,0.8976172950516214,0.938717186137695,0.938717186137695,1.0,1.0,0.691263231589291,0.935931075976489,0.6995971134190706,0.8957219655209644,0.9181464926930448,0.9360764193821801,0.9408925803582199,0.9471955681308409,0.9693616489045939,0.9693616489045939,0.6135344322517493,-0.030597036978141985,0.8653605736846307,0.5980185162938342,-0.36533837792808993,0.01345776919760117,0.8051468385183254,0.7431518959910389,0.8926255234413532,0.8565860813271917,0.7757295959210322,0.8902965038819155,0.792628872156904,0.7037119135916392,0.8167555839405584,0.8718061745032852,0.8300522422067865],[0.9152391094469869,0.9157552362727411,0.9152391094469869,0.8976172950516214,0.8976172950516214,0.938717186137695,0.938717186137695,1.0,1.0,0.691263231589291,0.935931075976489,0.6995971134190706,0.8957219655209644,0.9181464926930448,0.9360764193821801,0.9408925803582199,0.9471955681308409,0.9693616489045939,0.9693616489045939,0.6135344322517493,-0.030597036978141985,0.8653605736846307,0.5980185162938342,-0.36533837792808993,0.01345776919760117,0.8051468385183254,0.7431518959910389,0.8926255234413532,0.8565860813271917,0.7757295959210322,0.8902965038819155,0.792628872156904,0.7037119135916392,0.8167555839405584,0.8718061745032852,0.8300522422067865],[0.7326571917605711,0.7355954922071576,0.7326571917605711,0.6913392375471846,0.6913392375471846,0.7127429298767067,0.7127429298767067,0.691263231589291,0.691263231589291,1.0,0.5455265189321438,0.9999695677620719,0.4730695393828128,0.31959186064946987,0.5494662654076826,0.7088162624406273,0.6175943988761332,0.7863021270041531,0.7863021270041531,0.6836373037927155,-0.09727460438109711,0.6586778900438603,0.03536180967186024,0.0496041961073998,-0.24290922002440665,0.7579118575941695,0.4003803576748959,0.7084926293645016,0.7979279516155537,0.6676071152545271,0.3210309992175184,0.5201516378295016,0.5615112909894076,0.763770051591808,0.598699282076493,0.16659687025710593],[0.9952491599586707,0.9952244759925882,0.9952491599586707,0.9996527394201122,0.9996527394201122,0.9597129987183586,0.9597129987183586,0.935931075976489,0.935931075976489,0.5455265189321438,1.0,0.5472175231303201,0.9298812574559333,0.9912764653874151,0.9999431351346852,0.956980609780931,0.9948228381421764,0.8848780869098545,0.8848780869098545,0.8492654838169025,-0.08887557585207627,0.9972337408015928,0.9049517404234824,-0.5423156155816645,0.48666651070570743,0.8101115488166125,0.8905603075448026,0.9354663579539361,0.8660493747555281,0.8078068326058168,0.9388962173764706,0.8460009930496845,0.7164408529294513,0.8939695855681266,0.955372681172434,0.8326149655361685],[0.674427584409214,0.6762780955097635,0.674427584409214,0.6329213204130406,0.6329213204130406,0.6879585244582914,0.6879585244582914,0.6995971134190706,0.6995971134190706,0.9999695677620719,0.5472175231303201,1.0,0.4738423181000639,0.320174604071668,0.5501000451882913,0.6981013758058114,0.6181171734136487,0.7793984841650555,0.7793984841650555,0.6353933227084699,0.03408909263752256,0.6043344258358253,0.3854734405113071,-0.16013306984059733,-0.232488462020763,0.7823482274294988,0.3040114446303852,0.6750578825787882,0.7659979977481182,0.6853306032312929,0.4965053767240081,0.6803666912584277,0.6751842628683107,0.7132995302388838,0.5711485284485063,0.6074234763611945],[0.9344512719843117,0.9342466294972496,0.9344512719843117,0.9295172428075453,0.9295172428075453,0.9179737402724524,0.9179737402724524,0.8957219655209644,0.8957219655209644,0.4730695393828128,0.9298812574559333,0.4738423181000639,1.0,0.915784683193384,0.9299042182702576,0.9157425622482716,0.9334518113551614,0.8423429688303848,0.8423429688303848,0.8056804655231429,-0.04549106006779531,0.9271987556353244,0.889614440559998,-0.6506175133251891,0.4866904067723135,0.7580254146835351,0.7832801299749906,0.9040968420285231,0.8332849133844816,0.7336756529591572,0.8800443085406815,0.8033748968831633,0.6792011932185781,0.8561000963852758,0.9062756728139243,0.7964192293751382],[0.9909947287016778,0.9905865799296983,0.9909947287016778,0.9915857913309735,0.9915857913309735,0.9611997068168392,0.9611997068168392,0.9181464926930448,0.9181464926930448,0.31959186064946987,0.9912764653874151,0.320174604071668,0.915784683193384,1.0,0.991265614277666,0.9552720850482229,0.9891879069401457,0.8384105130661106,0.8384105130661106,0.8510065744074277,-0.1945112365386864,0.9898939846017151,0.9103593337689304,-0.7940132657803632,0.5933255718027569,0.7183833472645269,0.9236518202977441,0.9178696396220235,0.8096767263689018,0.6938133931844328,0.9433345276439751,0.799505315830355,0.5953815902977956,0.8786263469478035,0.9588410891975161,0.8393910057968231],[0.9953329464949378,0.995327938467242,0.9953329464949378,0.9996035100046352,0.9996035100046352,0.9596031834044693,0.9596031834044693,0.9360764193821801,0.9360764193821801,0.5494662654076826,0.9999431351346852,0.5501000451882913,0.9299042182702576,0.991265614277666,1.0,0.9571570400484009,0.9949360132889273,0.8858112801734312,0.8858112801734312,0.8503774372566838,-0.08670294938707046,0.997069173327021,0.9045334694905067,-0.5395965433478731,0.48366084122308517,0.8107438105113008,0.8893990684611784,0.934997033660068,0.8677875537158926,0.8092984785436215,0.938113732948135,0.8478768096651992,0.7191264026527543,0.8946890006652778,0.9552283284575247,0.8322108484669961],[0.978021998963445,0.9776062792343725,0.978021998963445,0.9613988497684705,0.9613988497684705,0.9990977179958576,0.9990977179958576,0.9408925803582199,0.9408925803582199,0.7088162624406273,0.956980609780931,0.6981013758058114,0.9157425622482716,0.9552720850482229,0.9571570400484009,1.0,0.9777324083653709,0.9150447930663106,0.9150447930663106,0.7051880606292834,-0.136977058931816,0.9510455344887722,0.701248701591686,-0.46408394259210556,-0.13416067915465144,0.8943575804337374,0.8379578427141203,0.9391872687804228,0.8941462151433132,0.7909183647227803,0.8843040070815612,0.7898145989454929,0.7327764520259397,0.8918560940715048,0.8889323690670138,0.8249149317047684],[0.9992924521959355,0.9992897780420478,0.9992924521959355,0.9952853644738519,0.9952853644738519,0.9784115686128574,0.9784115686128574,0.9471955681308409,0.9471955681308409,0.6175943988761332,0.9948228381421764,0.6181171734136487,0.9334518113551614,0.9891879069401457,0.9949360132889273,0.9777324083653709,1.0,0.9152036235582667,0.9152036235582667,0.8634528384315268,-0.069319852679238,0.9888843001006125,0.8817076557101164,-0.5266449066788069,0.48890048473130854,0.8569503007157678,0.8740777932794397,0.9484985643200682,0.90202101259737,0.8303509140675112,0.9277193813771106,0.8817886988225593,0.7672661871416114,0.9113181174025865,0.962998306928007,0.8715257587721265],[0.9060490012203805,0.9059831025213384,0.9060490012203805,0.8763166691720894,0.8763166691720894,0.9125174018483195,0.9125174018483195,0.9693616489045939,0.9693616489045939,0.7863021270041531,0.8848780869098545,0.7793984841650555,0.8423429688303848,0.8384105130661106,0.8858112801734312,0.9150447930663106,0.9152036235582667,1.0,1.0,0.7570511816493797,-0.07538920578412571,0.8420377066409884,0.5930554057253161,-0.24684853343570518,-0.18891642823363625,0.8400787086729693,0.6772793371523974,0.8478156027147132,0.9210323877694803,0.8497475421475836,0.800479721571795,0.771865704383492,0.7069905362356997,0.8577279056818784,0.7911090922168615,0.860667361100242],[0.9060490012203805,0.9059831025213384,0.9060490012203805,0.8763166691720894,0.8763166691720894,0.9125174018483195,0.9125174018483195,0.9693616489045939,0.9693616489045939,0.7863021270041531,0.8848780869098545,0.7793984841650555,0.8423429688303848,0.8384105130661106,0.8858112801734312,0.9150447930663106,0.9152036235582667,1.0,1.0,0.7570511816493797,-0.07538920578412571,0.8420377066409884,0.5930554057253161,-0.24684853343570518,-0.18891642823363625,0.8400787086729693,0.6772793371523974,0.8478156027147132,0.9210323877694803,0.8497475421475836,0.800479721571795,0.771865704383492,0.7069905362356997,0.8577279056818784,0.7911090922168615,0.860667361100242],[0.7692388627401433,0.7866840437368858,0.7692388627401433,0.7377117984186219,0.7377117984186219,0.6561126844172471,0.6561126844172471,0.6135344322517493,0.6135344322517493,0.6836373037927155,0.8492654838169025,0.6353933227084699,0.8056804655231429,0.8510065744074277,0.8503774372566838,0.7051880606292834,0.8634528384315268,0.7570511816493797,0.7570511816493797,1.0,0.013369072137371192,0.6989430942493614,-0.30714153759477947,0.2719183297023687,-0.6428462568402424,0.38639420007606984,0.6220150277169316,0.5362215319168404,0.8429086966858034,0.7085210712341783,0.1869506729133105,0.34127913096372614,0.5741878343419856,0.7898789727697696,0.5072799657370981,-0.09875558391327623],[-0.1943050527559351,0.016708763306512046,-0.1943050527559351,-0.20170099058992583,-0.20170099058992583,-0.15183915358880454,-0.15183915358880454,-0.030597036978141985,-0.030597036978141985,-0.09727460438109711,-0.08887557585207627,0.03408909263752256,-0.04549106006779531,-0.1945112365386864,-0.08670294938707046,-0.136977058931816,-0.069319852679238,-0.07538920578412571,-0.07538920578412571,0.013369072137371192,1.0,-0.13310269021307794,0.08289144970784017,0.1793927379982335,0.739923501949997,-0.11320492711638604,-0.10063771522502248,-0.0574770227069924,0.13292106090863529,-0.03244260600832566,-0.019357872251962498,0.28543441212807635,0.5504639714006287,-0.15452507160728549,0.059213542746425776,0.12220486993380031],[0.9808712922267543,0.9737283789037677,0.9808712922267543,0.9927891632522824,0.9927891632522824,0.9485408969508431,0.9485408969508431,0.8653605736846307,0.8653605736846307,0.6586778900438603,0.9972337408015928,0.6043344258358253,0.9271987556353244,0.9898939846017151,0.997069173327021,0.9510455344887722,0.9888843001006125,0.8420377066409884,0.8420377066409884,0.6989430942493614,-0.13310269021307794,1.0,0.1886936809813536,-0.2535027388916988,-0.25670837919715234,0.6788467386132606,0.9212017451235933,0.9095637686974198,0.8241127847976709,0.7501464381242596,0.6872752076999166,0.610963514097514,0.5031553435413998,0.8903060096687305,0.7274763926352894,0.27374781981124563],[0.2539813409328985,0.014253957108445146,0.2539813409328985,0.28214764687133553,0.28214764687133553,0.3871095261607128,0.3871095261607128,0.5980185162938342,0.5980185162938342,0.03536180967186024,0.9049517404234824,0.3854734405113071,0.889614440559998,0.9103593337689304,0.9045334694905067,0.701248701591686,0.8817076557101164,0.5930554057253161,0.5930554057253161,-0.30714153759477947,0.08289144970784017,0.1886936809813536,1.0,-0.4803725904273054,0.6856298397413823,0.4103086418795481,0.2150650697287779,0.3739903706292132,-0.042047960422355195,0.13515820531592135,0.624643556256317,0.5079650949997286,0.21693826564840069,0.08175338162654101,0.4329537451026082,0.4962612615325332],[-0.16997756609000225,-0.16181079104879006,-0.16997756609000225,-0.20501206495693508,-0.20501206495693508,-0.3362307003444229,-0.3362307003444229,-0.36533837792808993,-0.36533837792808993,0.0496041961073998,-0.5423156155816645,-0.16013306984059733,-0.6506175133251891,-0.7940132657803632,-0.5395965433478731,-0.46408394259210556,-0.5266449066788069,-0.24684853343570518,-0.24684853343570518,0.2719183297023687,0.1793927379982335,-0.2535027388916988,-0.4803725904273054,1.0,-0.025271993460939154,-0.2037787869426429,-0.2492034871135891,-0.3419935935990965,-0.08449002599987304,-0.11659325001577367,-0.5755443425436657,-0.23279619468257576,-0.04382387853110782,-0.09837508160328982,-0.27090097294949816,-0.4299303666798721],[-0.2216833704853167,-0.2227175594019176,-0.2216833704853167,-0.21667683139636632,-0.21667683139636632,-0.10850349768505704,-0.10850349768505704,0.01345776919760117,0.01345776919760117,-0.24290922002440665,0.48666651070570743,-0.232488462020763,0.4866904067723135,0.5933255718027569,0.48366084122308517,-0.13416067915465144,0.48890048473130854,-0.18891642823363625,-0.18891642823363625,-0.6428462568402424,0.739923501949997,-0.25670837919715234,0.6856298397413823,-0.025271993460939154,1.0,-0.10353706904527789,-0.1685076365988335,-0.06276229785161597,-0.34352532943514374,-0.3202286312712691,0.05758096725705574,0.15505456186504823,0.2601838772579446,-0.3619626795626345,0.09792460510915071,0.08412613319596596],[0.8226985400702207,0.6700584497915939,0.8226985400702207,0.8077631103891556,0.8077631103891556,0.8831786274615906,0.8831786274615906,0.8051468385183254,0.8051468385183254,0.7579118575941695,0.8101115488166125,0.7823482274294988,0.7580254146835351,0.7183833472645269,0.8107438105113008,0.8943575804337374,0.8569503007157678,0.8400787086729693,0.8400787086729693,0.38639420007606984,-0.11320492711638604,0.6788467386132606,0.4103086418795481,-0.2037787869426429,-0.10353706904527789,1.0,0.5442434219317137,0.8491284946711327,0.5231549462086892,0.6529853855080818,0.5962890212586084,0.6780494203236134,0.4361277772649525,0.7283888446109017,0.7236609292999988,0.4544995793279134],[0.8915765841526015,0.8908275883684235,0.8915765841526015,0.9134542739588292,0.9134542739588292,0.8513490887029838,0.8513490887029838,0.7431518959910389,0.7431518959910389,0.4003803576748959,0.8905603075448026,0.3040114446303852,0.7832801299749906,0.9236518202977441,0.8893990684611784,0.8379578427141203,0.8740777932794397,0.6772793371523974,0.6772793371523974,0.6220150277169316,-0.10063771522502248,0.9212017451235933,0.2150650697287779,-0.2492034871135891,-0.1685076365988335,0.5442434219317137,1.0,0.7943759488534944,0.6931487994487753,0.6244268394418971,0.6327143462316517,0.498439189753499,0.4365838718998751,0.7746335354849463,0.6785434508958751,0.23709122279179728],[0.927588851484953,0.9071703505005579,0.927588851484953,0.9253210343797644,0.9253210343797644,0.942451053944725,0.942451053944725,0.8926255234413532,0.8926255234413532,0.7084926293645016,0.9354663579539361,0.6750578825787882,0.9040968420285231,0.9178696396220235,0.934997033660068,0.9391872687804228,0.9484985643200682,0.8478156027147132,0.8478156027147132,0.5362215319168404,-0.0574770227069924,0.9095637686974198,0.3739903706292132,-0.3419935935990965,-0.06276229785161597,0.8491284946711327,0.7943759488534944,1.0,0.764045585550472,0.6439279513834661,0.672777618181971,0.6289737278002684,0.530807497499363,0.8376771803356424,0.8622986223517345,0.29037656501021464],[0.9035346639317936,0.900502076797509,0.9035346639317936,0.8789718716294681,0.8789718716294681,0.8855669583735915,0.8855669583735915,0.8565860813271917,0.8565860813271917,0.7979279516155537,0.8660493747555281,0.7659979977481182,0.8332849133844816,0.8096767263689018,0.8677875537158926,0.8941462151433132,0.90202101259737,0.9210323877694803,0.9210323877694803,0.8429086966858034,0.13292106090863529,0.8241127847976709,-0.042047960422355195,-0.08449002599987304,-0.34352532943514374,0.5231549462086892,0.6931487994487753,0.764045585550472,1.0,0.9121655791514531,0.5807994782943047,0.7061596415963498,0.6703775998708722,0.8854771890836838,0.5460151490084045,0.33720364367422057],[0.7859949883424664,0.7942687263843881,0.7859949883424664,0.7823800223446975,0.7823800223446975,0.7572218064780434,0.7572218064780434,0.7757295959210322,0.7757295959210322,0.6676071152545271,0.8078068326058168,0.6853306032312929,0.7336756529591572,0.6938133931844328,0.8092984785436215,0.7909183647227803,0.8303509140675112,0.8497475421475836,0.8497475421475836,0.7085210712341783,-0.03244260600832566,0.7501464381242596,0.13515820531592135,-0.11659325001577367,-0.3202286312712691,0.6529853855080818,0.6244268394418971,0.6439279513834661,0.9121655791514531,1.0,0.6157956267414576,0.6905341469017972,0.6155594894776157,0.7525435393122927,0.620904327398814,0.5035462543896546],[0.6557400964507576,0.6460607782196098,0.6557400964507576,0.6851183575615024,0.6851183575615024,0.8042313686732823,0.8042313686732823,0.8902965038819155,0.8902965038819155,0.3210309992175184,0.9388962173764706,0.4965053767240081,0.8800443085406815,0.9433345276439751,0.938113732948135,0.8843040070815612,0.9277193813771106,0.800479721571795,0.800479721571795,0.1869506729133105,-0.019357872251962498,0.6872752076999166,0.624643556256317,-0.5755443425436657,0.05758096725705574,0.5962890212586084,0.6327143462316517,0.672777618181971,0.5807994782943047,0.6157956267414576,1.0,0.74820589945346,0.3895547114251795,0.567843403246726,0.6697449696762493,0.759153577437011],[0.6532516589838024,0.6508932738941607,0.6532516589838024,0.6421428745684465,0.6421428745684465,0.7444633368540448,0.7444633368540448,0.792628872156904,0.792628872156904,0.5201516378295016,0.8460009930496845,0.6803666912584277,0.8033748968831633,0.799505315830355,0.8478768096651992,0.7898145989454929,0.8817886988225593,0.771865704383492,0.771865704383492,0.34127913096372614,0.28543441212807635,0.610963514097514,0.5079650949997286,-0.23279619468257576,0.15505456186504823,0.6780494203236134,0.498439189753499,0.6289737278002684,0.7061596415963498,0.6905341469017972,0.74820589945346,1.0,0.7792092511820178,0.5351791824476606,0.7373994189420412,0.5727357617701221],[0.6042836817663566,0.6295741820908054,0.6042836817663566,0.568558812303374,0.568558812303374,0.6746923308123766,0.6746923308123766,0.7037119135916392,0.7037119135916392,0.5615112909894076,0.7164408529294513,0.6751842628683107,0.6792011932185781,0.5953815902977956,0.7191264026527543,0.7327764520259397,0.7672661871416114,0.7069905362356997,0.7069905362356997,0.5741878343419856,0.5504639714006287,0.5031553435413998,0.21693826564840069,-0.04382387853110782,0.2601838772579446,0.4361277772649525,0.4365838718998751,0.530807497499363,0.6703775998708722,0.6155594894776157,0.3895547114251795,0.7792092511820178,1.0,0.5010530062440576,0.6520136702105475,0.22120854991494],[0.9281457384236178,0.9273823638148079,0.9281457384236178,0.9121125784804588,0.9121125784804588,0.8706841340948883,0.8706841340948883,0.8167555839405584,0.8167555839405584,0.763770051591808,0.8939695855681266,0.7132995302388838,0.8561000963852758,0.8786263469478035,0.8946890006652778,0.8918560940715048,0.9113181174025865,0.8577279056818784,0.8577279056818784,0.7898789727697696,-0.15452507160728549,0.8903060096687305,0.08175338162654101,-0.09837508160328982,-0.3619626795626345,0.7283888446109017,0.7746335354849463,0.8376771803356424,0.8854771890836838,0.7525435393122927,0.567843403246726,0.5351791824476606,0.5010530062440576,1.0,0.7641596984458073,0.23344988188876947],[0.8684239932541752,0.7431394169779361,0.8684239932541752,0.8608235771222738,0.8608235771222738,0.8925916510172056,0.8925916510172056,0.8718061745032852,0.8718061745032852,0.598699282076493,0.955372681172434,0.5711485284485063,0.9062756728139243,0.9588410891975161,0.9552283284575247,0.8889323690670138,0.962998306928007,0.7911090922168615,0.7911090922168615,0.5072799657370981,0.059213542746425776,0.7274763926352894,0.4329537451026082,-0.27090097294949816,0.09792460510915071,0.7236609292999988,0.6785434508958751,0.8622986223517345,0.5460151490084045,0.620904327398814,0.6697449696762493,0.7373994189420412,0.6520136702105475,0.7641596984458073,1.0,0.2634040997130686],[0.27427912661688675,0.2689967944151484,0.27427912661688675,0.2897256555548499,0.2897256555548499,0.5321391378381517,0.5321391378381517,0.8300522422067865,0.8300522422067865,0.16659687025710593,0.8326149655361685,0.6074234763611945,0.7964192293751382,0.8393910057968231,0.8322108484669961,0.8249149317047684,0.8715257587721265,0.860667361100242,0.860667361100242,-0.09875558391327623,0.12220486993380031,0.27374781981124563,0.4962612615325332,-0.4299303666798721,0.08412613319596596,0.4544995793279134,0.23709122279179728,0.29037656501021464,0.33720364367422057,0.5035462543896546,0.759153577437011,0.5727357617701221,0.22120854991494,0.23344988188876947,0.2634040997130686,1.0]],"x":["^TAIEX       \u81fa\u7063\u52a0\u6b0a\u5831\u916c\u6307\u6578","^TWII        \u81fa\u7063\u52a0\u6b0a\u6307\u6578","^TAIEXx2     \u81fa\u7063\u52a0\u6b0a\u5831\u916c\u6307\u6578_\u65e5\u6b632","^TAI50I      \u81fa\u706350\u5831\u916c\u6307\u6578","^TAI50Ix2    \u81fa\u706350\u5831\u916c\u6307\u6578_\u65e5\u6b632","^TAI100I     \u81fa\u7063\u4e2d\u578b100\u5831\u916c\u6307\u6578","^TAI100Ix2   \u81fa\u7063\u4e2d\u578b100\u5831\u916c\u6307\u6578_\u65e5\u6b632","^TAIDIVIDI   \u81fa\u7063\u9ad8\u80a1\u606f\u5831\u916c\u6307\u6578","^TAIDIVIDIx2 \u81fa\u7063\u9ad8\u80a1\u606f\u5831\u916c\u6307\u6578_\u65e5\u6b632","0050Fund     \u5143\u5927\u53f0\u7063\u5353\u8d8a50\u57fa\u91d1","006208Fund   \u5bcc\u90a6\u53f0\u7063\u91c6\u540950\u57fa\u91d1","0050         \u5143\u5927\u81fa\u706350","00631L       \u5143\u5927\u53f0\u706350\u6b632","00675L       \u5bcc\u90a6\u81fa\u7063\u52a0\u6b0a\u6b632","006208       \u5bcc\u90a6\u53f050","0051         \u5143\u5927\u4e2d\u578b100","006204       \u6c38\u8c50\u81fa\u7063\u52a0\u6b0a","0056         \u5143\u5927\u9ad8\u80a1\u606f","0056         \u5143\u5927\u9ad8\u80a1\u606f_\u80a1\u606f\u4e0d\u6295\u5165","2412         \u4e2d\u83ef\u96fb\u4fe1","2002         \u4e2d\u92fc","2330         \u53f0\u7a4d\u96fb","2317         \u9d3b\u6d77","6505         \u53f0\u5851\u77f3\u5316","3481         \u7fa4\u5275","2303         \u806f\u96fb","2308         \u53f0\u9054\u96fb","2454         \u806f\u767c\u79d1","2886         \u5146\u8c50\u91d1","2884         \u7389\u5c71\u91d1","2891         \u4e2d\u4fe1\u91d1","2892         \u7b2c\u4e00\u91d1","5880         \u5408\u5eab\u91d1","2881         \u5bcc\u90a6\u91d1","2885         \u5143\u5927\u91d1","2887         \u53f0\u65b0\u91d1"],"y":["^TAIEX       \u81fa\u7063\u52a0\u6b0a\u5831\u916c\u6307\u6578","^TWII        \u81fa\u7063\u52a0\u6b0a\u6307\u6578","^TAIEXx2     \u81fa\u7063\u52a0\u6b0a\u5831\u916c\u6307\u6578_\u65e5\u6b632","^TAI50I      \u81fa\u706350\u5831\u916c\u6307\u6578","^TAI50Ix2    \u81fa\u706350\u5831\u916c\u6307\u6578_\u65e5\u6b632","^TAI100I     \u81fa\u7063\u4e2d\u578b100\u5831\u916c\u6307\u6578","^TAI100Ix2   \u81fa\u7063\u4e2d\u578b100\u5831\u916c\u6307\u6578_\u65e5\u6b632","^TAIDIVIDI   \u81fa\u7063\u9ad8\u80a1\u606f\u5831\u916c\u6307\u6578","^TAIDIVIDIx2 \u81fa\u7063\u9ad8\u80a1\u606f\u5831\u916c\u6307\u6578_\u65e5\u6b632","0050Fund     \u5143\u5927\u53f0\u7063\u5353\u8d8a50\u57fa\u91d1","006208Fund   \u5bcc\u90a6\u53f0\u7063\u91c6\u540950\u57fa\u91d1","0050         \u5143\u5927\u81fa\u706350","00631L       \u5143\u5927\u53f0\u706350\u6b632","00675L       \u5bcc\u90a6\u81fa\u7063\u52a0\u6b0a\u6b632","006208       \u5bcc\u90a6\u53f050","0051         \u5143\u5927\u4e2d\u578b100","006204       \u6c38\u8c50\u81fa\u7063\u52a0\u6b0a","0056         \u5143\u5927\u9ad8\u80a1\u606f","0056         \u5143\u5927\u9ad8\u80a1\u606f_\u80a1\u606f\u4e0d\u6295\u5165","2412         \u4e2d\u83ef\u96fb\u4fe1","2002         \u4e2d\u92fc","2330         \u53f0\u7a4d\u96fb","2317         \u9d3b\u6d77","6505         \u53f0\u5851\u77f3\u5316","3481         \u7fa4\u5275","2303         \u806f\u96fb","2308         \u53f0\u9054\u96fb","2454         \u806f\u767c\u79d1","2886         \u5146\u8c50\u91d1","2884         \u7389\u5c71\u91d1","2891         \u4e2d\u4fe1\u91d1","2892         \u7b2c\u4e00\u91d1","5880         \u5408\u5eab\u91d1","2881         \u5bcc\u90a6\u91d1","2885         \u5143\u5927\u91d1","2887         \u53f0\u65b0\u91d1"],"zmin":-1,"zmax":1,"colorbar":{"x":-0.2}}],"layout":{"autotypenumbers":"strict","colorway":["#636efa","#EF553B","#00cc96","#ab63fa","#FFA15A","#19d3f3","#FF6692","#B6E880","#FF97FF","#FECB52"],"font":{"color":"#f2f5fa","family":"Courier New"},"hovermode":"closest","hoverlabel":{"align":"left"},"paper_bgcolor":"rgb(17,17,17)","plot_bgcolor":"rgb(17,17,17)","polar":{"bgcolor":"rgb(17,17,17)","angularaxis":{"gridcolor":"#506784","linecolor":"#506784","ticks":""},"radialaxis":{"gridcolor":"#506784","linecolor":"#506784","ticks":""}},"ternary":{"bgcolor":"rgb(17,17,17)","aaxis":{"gridcolor":"#506784","linecolor":"#506784","ticks":""},"baxis":{"gridcolor":"#506784","linecolor":"#506784","ticks":""},"caxis":{"gridcolor":"#506784","linecolor":"#506784","ticks":""}},"coloraxis":{"colorbar":{"outlinewidth":0,"ticks":""}},"colorscale":{"sequential":[[0.0,"#0d0887"],[0.1111111111111111,"#46039f"],[0.2222222222222222,"#7201a8"],[0.3333333333333333,"#9c179e"],[0.4444444444444444,"#bd3786"],[0.5555555555555556,"#d8576b"],[0.6666666666666666,"#ed7953"],[0.7777777777777778,"#fb9f3a"],[0.8888888888888888,"#fdca26"],[1.0,"#f0f921"]],"sequentialminus":[[0.0,"#0d0887"],[0.1111111111111111,"#46039f"],[0.2222222222222222,"#7201a8"],[0.3333333333333333,"#9c179e"],[0.4444444444444444,"#bd3786"],[0.5555555555555556,"#d8576b"],[0.6666666666666666,"#ed7953"],[0.7777777777777778,"#fb9f3a"],[0.8888888888888888,"#fdca26"],[1.0,"#f0f921"]],"diverging":[[0,"#8e0152"],[0.1,"#c51b7d"],[0.2,"#de77ae"],[0.3,"#f1b6da"],[0.4,"#fde0ef"],[0.5,"#f7f7f7"],[0.6,"#e6f5d0"],[0.7,"#b8e186"],[0.8,"#7fbc41"],[0.9,"#4d9221"],[1,"#276419"]]},"xaxis":{"gridcolor":"rgba(0, 0, 0, 0)","linecolor":"#506784","ticks":"","title":{"standoff":15},"zerolinecolor":"#283442","automargin":true,"zerolinewidth":2,"tickfont":{"family":"Courier New","size":14},"side":"top","tickangle":-90},"yaxis":{"gridcolor":"rgba(0, 0, 0, 0)","linecolor":"#506784","ticks":"","title":{"standoff":15},"zerolinecolor":"#283442","automargin":true,"zerolinewidth":2,"tickfont":{"family":"Courier New"},"side":"right"},"scene":{"xaxis":{"backgroundcolor":"rgb(17,17,17)","gridcolor":"#506784","linecolor":"#506784","showbackground":true,"ticks":"","zerolinecolor":"#C8D4E3","gridwidth":2},"yaxis":{"backgroundcolor":"rgb(17,17,17)","gridcolor":"#506784","linecolor":"#506784","showbackground":true,"ticks":"","zerolinecolor":"#C8D4E3","gridwidth":2},"zaxis":{"backgroundcolor":"rgb(17,17,17)","gridcolor":"#506784","linecolor":"#506784","showbackground":true,"ticks":"","zerolinecolor":"#C8D4E3","gridwidth":2}},"shapedefaults":{"line":{"color":"#f2f5fa"}},"annotationdefaults":{"arrowcolor":"#f2f5fa","arrowhead":0,"arrowwidth":1},"geo":{"bgcolor":"rgb(17,17,17)","landcolor":"rgb(17,17,17)","subunitcolor":"#506784","showland":true,"showlakes":true,"lakecolor":"rgb(17,17,17)"},"title":{"x":0.05,"font":{"family":"Times New Roman"},"y":0.05,"text":"<b>Correlation of Close<b><br><i>2016-09-23 ~ 2026-04-16<i>"},"updatemenudefaults":{"bgcolor":"#506784","borderwidth":0},"sliderdefaults":{"bgcolor":"#C8D4E3","borderwidth":1,"bordercolor":"rgb(17,17,17)","tickwidth":0},"mapbox":{"style":"dark"},"annotations":[{"text":"<b>@zwindr<b>","textangle":0,"opacity":0.5,"font":{"color":"white","size":12},"xref":"paper","yref":"paper","xanchor":"left","yanchor":"bottom","x":1.0,"y":1.0,"showarrow":false}]},"config":{"responsive":true,"toImageButtonOptions":{"filename":"Correlation of Close_2016-09-23~2026-04-16","scale":5}}};Plotly.newPlot("correlationClose",correlationClose.data,correlationClose.layout||{},correlationClose.config);}else{console.log("style display is none => correlationClose");}