var element=document.getElementById("correlationClose");if(element.style.display!='none'){var correlationClose={"data":[{"type":"heatmap","z":[[1.0,0.9999999999999977,1.0,0.995010736335774,0.995010736335774,0.9726340451158529,0.9726340451158529,0.9147581660667816,0.9147581660667816,0.7379355144442219,0.9951896778040061,0.6791179529361712,0.945788434242065,0.9911570101389781,0.9952694279673255,0.9777781910512824,0.9992843169822482,0.9067153218898993,0.9067153218898993,0.7704201858279924,-0.19204857104784565,0.980639108971591,0.25033596924320267,-0.16699956672382682,-0.22403112454075766,0.8221197998565976,0.8938113700980608,0.9268261068749633,0.9054820261172883,0.7864776474213291,0.6510236788404334,0.6531842802385955,0.6061569013024215,0.9294591247934153,0.8663316062657316,0.2691374383081201],[0.9999999999999977,1.0,0.9999999999999978,0.9949719594940714,0.9949719594940714,0.9721108512490165,0.9721108512490165,0.9153382197509707,0.9153382197509707,0.7408362053911746,0.9951686704681,0.6825029859265375,0.949087083182205,0.990759328282285,0.995264549553186,0.97735366653765,0.9992787665584777,0.9066731480637354,0.9066731480637354,0.7879389519985472,0.019299041590801737,0.9734474288730144,0.011817216588494217,-0.15878944760828298,-0.2250302539834987,0.6688972709949117,0.8932534540290333,0.9063086836224296,0.9022425640925568,0.7948610589988315,0.6412865070247007,0.6507886557766656,0.6314431003813441,0.9285463515364327,0.7398494710300859,0.26392962254821734],[1.0,0.9999999999999978,1.0,0.995010736335774,0.995010736335774,0.9726340451158529,0.9726340451158529,0.9147581660667816,0.9147581660667816,0.7379355144442219,0.9951896778040061,0.6791179529361712,0.945788434242065,0.9911570101389781,0.9952694279673255,0.9777781910512824,0.9992843169822482,0.9067153218898993,0.9067153218898993,0.7704201858279924,-0.19204857104784565,0.980639108971591,0.25033596924320267,-0.16699956672382682,-0.22403112454075766,0.8221197998565976,0.8938113700980608,0.9268261068749633,0.9054820261172883,0.7864776474213291,0.6510236788404334,0.6531842802385955,0.6061569013024215,0.9294591247934153,0.8663316062657316,0.2691374383081201],[0.995010736335774,0.9949719594940714,0.995010736335774,1.0,1.0,0.9604857116208136,0.9604857116208136,0.8971997667188633,0.8971997667188633,0.6972877178206693,0.9996456608631988,0.6380366487685345,0.9423060299153636,0.9915328077815875,0.9995978618326165,0.9610419914284579,0.995276697949126,0.8771800647428399,0.8771800647428399,0.7392215567749593,-0.19958562395623264,0.9926554927860275,0.27865282230198174,-0.20225031052985298,-0.21930868900488448,0.8074574572548814,0.9151426248404588,0.9247411991622271,0.8814313891066735,0.7834105455364001,0.6805948189271588,0.6423925533127892,0.5706941307876873,0.913926960273997,0.8585141582971216,0.2844641026494717],[0.995010736335774,0.9949719594940714,0.995010736335774,1.0,1.0,0.9604857116208136,0.9604857116208136,0.8971997667188633,0.8971997667188633,0.6972877178206693,0.9996456608631988,0.6380366487685345,0.9423060299153636,0.9915328077815875,0.9995978618326165,0.9610419914284579,0.995276697949126,0.8771800647428399,0.8771800647428399,0.7392215567749593,-0.19958562395623264,0.9926554927860275,0.27865282230198174,-0.20225031052985298,-0.21930868900488448,0.8074574572548814,0.9151426248404588,0.9247411991622271,0.8814313891066735,0.7834105455364001,0.6805948189271588,0.6423925533127892,0.5706941307876873,0.913926960273997,0.8585141582971216,0.2844641026494717],[0.9726340451158529,0.9721108512490165,0.9726340451158529,0.9604857116208136,0.9604857116208136,1.0,1.0,0.9383530437294066,0.9383530437294066,0.7176864307121593,0.9591949802044036,0.6920087986591982,0.9268788316142977,0.9614922277075699,0.9590931668011065,0.999094127640249,0.9781815509070774,0.9128766517822388,0.9128766517822388,0.6559480948008469,-0.14900498208373797,0.9478232990585218,0.3845990965876898,-0.3342272810633049,-0.10971040435707924,0.8831777678834585,0.8529311268897956,0.9418508309017214,0.8871435261477482,0.7573242603697339,0.8014541764772644,0.7450462699957938,0.676925928231854,0.8712719338349165,0.8909021362999661,0.528397158433612],[0.9726340451158529,0.9721108512490165,0.9726340451158529,0.9604857116208136,0.9604857116208136,1.0,1.0,0.9383530437294066,0.9383530437294066,0.7176864307121593,0.9591949802044036,0.6920087986591982,0.9268788316142977,0.9614922277075699,0.9590931668011065,0.999094127640249,0.9781815509070774,0.9128766517822388,0.9128766517822388,0.6559480948008469,-0.14900498208373797,0.9478232990585218,0.3845990965876898,-0.3342272810633049,-0.10971040435707924,0.8831777678834585,0.8529311268897956,0.9418508309017214,0.8871435261477482,0.7573242603697339,0.8014541764772644,0.7450462699957938,0.676925928231854,0.8712719338349165,0.8909021362999661,0.528397158433612],[0.9147581660667816,0.9153382197509707,0.9147581660667816,0.8971997667188633,0.8971997667188633,0.9383530437294066,0.9383530437294066,1.0,1.0,0.6943248423809524,0.9359905316082276,0.7022308492713589,0.901844108556829,0.9191519827961673,0.9361576177673103,0.9404774237944802,0.9470806042633398,0.9694038066241255,0.9694038066241255,0.6123060326732073,-0.02762308756144599,0.8644997180726356,0.596233841000927,-0.36296197608188013,0.013180119783082514,0.8039894160433461,0.7454302034059562,0.8915877297569574,0.8567968211030166,0.77517616154499,0.8893118518471502,0.792529738161556,0.7047109427714591,0.8160881539784901,0.8707488856739047,0.8284542447284907],[0.9147581660667816,0.9153382197509707,0.9147581660667816,0.8971997667188633,0.8971997667188633,0.9383530437294066,0.9383530437294066,1.0,1.0,0.6943248423809524,0.9359905316082276,0.7022308492713589,0.901844108556829,0.9191519827961673,0.9361576177673103,0.9404774237944802,0.9470806042633398,0.9694038066241255,0.9694038066241255,0.6123060326732073,-0.02762308756144599,0.8644997180726356,0.596233841000927,-0.36296197608188013,0.013180119783082514,0.8039894160433461,0.7454302034059562,0.8915877297569574,0.8567968211030166,0.77517616154499,0.8893118518471502,0.792529738161556,0.7047109427714591,0.8160881539784901,0.8707488856739047,0.8284542447284907],[0.7379355144442219,0.7408362053911746,0.7379355144442219,0.6972877178206693,0.6972877178206693,0.7176864307121593,0.7176864307121593,0.6943248423809524,0.6943248423809524,1.0,0.5530994878729343,0.9999695703061566,0.47288170972075,0.32792874622350754,0.5569527109494781,0.7137276048156459,0.6226341572858597,0.7883577348845736,0.7883577348845736,0.6841375414594364,-0.09716993279446844,0.664542998579036,0.0351739653720077,0.04978507899815739,-0.24291431078690134,0.7596546463976073,0.41062423811161486,0.7119121031409096,0.7987228324803051,0.668358251022763,0.32244280069929926,0.5205155082022942,0.5615712272194153,0.7649621623900955,0.6028916811227794,0.16661854237154855],[0.9951896778040061,0.9951686704681,0.9951896778040061,0.9996456608631988,0.9996456608631988,0.9591949802044036,0.9591949802044036,0.9359905316082276,0.9359905316082276,0.5530994878729343,1.0,0.5529508280057354,0.942488106452718,0.9912371536864384,0.9999426278973258,0.9565844624619492,0.9947943036484855,0.8858154012041557,0.8858154012041557,0.8499075976804944,-0.08409490378166226,0.9971729446832318,0.9053417599228758,-0.5416881731325708,0.4766667483458609,0.8105625283567364,0.8914257641038597,0.9353372295302135,0.869107134444263,0.809012068094021,0.9379545033460138,0.8483445453496331,0.7203537588702861,0.896080777301556,0.954520895442431,0.8297184168778202],[0.6791179529361712,0.6825029859265375,0.6791179529361712,0.6380366487685345,0.6380366487685345,0.6920087986591982,0.6920087986591982,0.7022308492713589,0.7022308492713589,0.9999695703061566,0.5529508280057354,1.0,0.4736532081998851,0.3285422705965916,0.5576147208302495,0.703204917488723,0.623170838043582,0.7816772317502964,0.7816772317502964,0.6361180972543441,0.034066231087459736,0.6093742485662725,0.38663593611046315,-0.16032054921578118,-0.2325498107234821,0.7838191633935526,0.311298877741772,0.6779002693479147,0.7667833716765018,0.6862060049424803,0.4995498076278312,0.6812246328801461,0.6754452055198487,0.7144745194044144,0.575224724216963,0.6102906283249758],[0.945788434242065,0.949087083182205,0.945788434242065,0.9423060299153636,0.9423060299153636,0.9268788316142977,0.9268788316142977,0.901844108556829,0.901844108556829,0.47288170972075,0.942488106452718,0.4736532081998851,1.0,0.9341223082391977,0.9461960811591623,0.9268127133247221,0.9444215795040425,0.8475874882629859,0.8475874882629859,0.8099263490029278,-0.04638074753730027,0.9399818454456683,0.8945692780557004,-0.6526513176187553,0.4936565259554838,0.7610564639743798,0.8094880550365137,0.9104088215417127,0.8355483547694469,0.7365897323969254,0.8887794287154184,0.805851538123038,0.680188820693433,0.8593062065527027,0.9162992195385398,0.8047754264251668],[0.9911570101389781,0.990759328282285,0.9911570101389781,0.9915328077815875,0.9915328077815875,0.9614922277075699,0.9614922277075699,0.9191519827961673,0.9191519827961673,0.32792874622350754,0.9912371536864384,0.3285422705965916,0.9341223082391977,1.0,0.9912204606339836,0.9556879224797679,0.9893918128039019,0.8404313544640716,0.8404313544640716,0.8519864250423853,-0.19096144130266324,0.9898198882034128,0.9126840669020292,-0.7976550367968473,0.5853093725495618,0.7197871497179934,0.9227394369964327,0.9189927698506363,0.8141295351326001,0.6946560707237261,0.9434165461788869,0.8028826098964663,0.6005730487086003,0.8824191012637534,0.9585908446646253,0.8369553792837203],[0.9952694279673255,0.995264549553186,0.9952694279673255,0.9995978618326165,0.9995978618326165,0.9590931668011065,0.9590931668011065,0.9361576177673103,0.9361576177673103,0.5569527109494781,0.9999426278973258,0.5576147208302495,0.9461960811591623,0.9912204606339836,1.0,0.9567385669638799,0.9948855981990208,0.886695676434628,0.886695676434628,0.8510740291147746,-0.08199191722967976,0.9970116456811295,0.9048778927911663,-0.5388621573546742,0.4736432758137994,0.811597430079021,0.8903788097013607,0.9350954681744569,0.8706890533911251,0.8104844607792623,0.9371191414974666,0.8501288914081236,0.7228665256011552,0.8966883367787423,0.9544110670763654,0.8293180538621189],[0.9777781910512824,0.97735366653765,0.9777781910512824,0.9610419914284579,0.9610419914284579,0.999094127640249,0.999094127640249,0.9404774237944802,0.9404774237944802,0.7137276048156459,0.9565844624619492,0.703204917488723,0.9268127133247221,0.9556879224797679,0.9567385669638799,1.0,0.9774884249779205,0.9152696797098516,0.9152696797098516,0.7049687479899897,-0.13405731068443036,0.9505615597704227,0.6990773101356595,-0.4622861165008692,-0.13702962014227024,0.8946218976475929,0.8400882827898017,0.9386288357394599,0.8955770997707075,0.791152917004225,0.8826575511072012,0.7904484433743699,0.7349096254011388,0.8923673065372547,0.8873154907773135,0.8229343213532986],[0.9992843169822482,0.9992787665584777,0.9992843169822482,0.995276697949126,0.995276697949126,0.9781815509070774,0.9781815509070774,0.9470806042633398,0.9470806042633398,0.6226341572858597,0.9947943036484855,0.623170838043582,0.9444215795040425,0.9893918128039019,0.9948855981990208,0.9774884249779205,1.0,0.915859643432333,0.915859643432333,0.8637096235280255,-0.06579311657760827,0.988792495492031,0.8813400059211287,-0.5257512829067282,0.48189592070617643,0.85748211192493,0.8752533529486151,0.9483448862418384,0.9038729245717387,0.8310338492293038,0.926803866264099,0.8831748111558416,0.7697706321008917,0.9124764718110674,0.9624764129321475,0.8699606919289934],[0.9067153218898993,0.9066731480637354,0.9067153218898993,0.8771800647428399,0.8771800647428399,0.9128766517822388,0.9128766517822388,0.9694038066241255,0.9694038066241255,0.7883577348845736,0.8858154012041557,0.7816772317502964,0.8475874882629859,0.8404313544640716,0.886695676434628,0.9152696797098516,0.915859643432333,1.0,1.0,0.7563274374560384,-0.07321807947134437,0.8426000455555266,0.5908011620766123,-0.24439681634423618,-0.19060933523676946,0.8393160355415971,0.6817055230267378,0.8470718396834351,0.9209816247403112,0.8492943091990228,0.7997531421745266,0.7712690541786507,0.7071346072346782,0.8571209156810176,0.7904834595411043,0.8600305660296779],[0.9067153218898993,0.9066731480637354,0.9067153218898993,0.8771800647428399,0.8771800647428399,0.9128766517822388,0.9128766517822388,0.9694038066241255,0.9694038066241255,0.7883577348845736,0.8858154012041557,0.7816772317502964,0.8475874882629859,0.8404313544640716,0.886695676434628,0.9152696797098516,0.915859643432333,1.0,1.0,0.7563274374560384,-0.07321807947134437,0.8426000455555266,0.5908011620766123,-0.24439681634423618,-0.19060933523676946,0.8393160355415971,0.6817055230267378,0.8470718396834351,0.9209816247403112,0.8492943091990228,0.7997531421745266,0.7712690541786507,0.7071346072346782,0.8571209156810176,0.7904834595411043,0.8600305660296779],[0.7704201858279924,0.7879389519985472,0.7704201858279924,0.7392215567749593,0.7392215567749593,0.6559480948008469,0.6559480948008469,0.6123060326732073,0.6123060326732073,0.6841375414594364,0.8499075976804944,0.6361180972543441,0.8099263490029278,0.8519864250423853,0.8510740291147746,0.7049687479899897,0.8637096235280255,0.7563274374560384,0.7563274374560384,1.0,0.014329937527917662,0.7002969069897989,-0.3096342189496797,0.27397502104291915,-0.6438015714121541,0.3846184416969277,0.6293651701287377,0.5350751073878267,0.8425803682162124,0.7078584793443332,0.18336977080781494,0.33986650242283917,0.5738233441867431,0.7894275944225347,0.5061563806829484,-0.10174981341310947],[-0.19204857104784565,0.019299041590801737,-0.19204857104784565,-0.19958562395623264,-0.19958562395623264,-0.14900498208373797,-0.14900498208373797,-0.02762308756144599,-0.02762308756144599,-0.09716993279446844,-0.08409490378166226,0.034066231087459736,-0.04638074753730027,-0.19096144130266324,-0.08199191722967976,-0.13405731068443036,-0.06579311657760827,-0.07321807947134437,-0.07321807947134437,0.014329937527917662,1.0,-0.13163220184958266,0.08375230394330996,0.1784565546753534,0.7404267349219739,-0.11217279053360096,-0.0987101091815532,-0.05535768011534086,0.13409146978383768,-0.03109335379972763,-0.016455346600932567,0.28734585009642677,0.5512129387024824,-0.15327766439018348,0.06174482986262792,0.1240931281830166],[0.980639108971591,0.9734474288730144,0.980639108971591,0.9926554927860275,0.9926554927860275,0.9478232990585218,0.9478232990585218,0.8644997180726356,0.8644997180726356,0.664542998579036,0.9971729446832318,0.6093742485662725,0.9399818454456683,0.9898198882034128,0.9970116456811295,0.9505615597704227,0.988792495492031,0.8426000455555266,0.8426000455555266,0.7002969069897989,-0.13163220184958266,1.0,0.18520031880220061,-0.25128592679412354,-0.2597928462444918,0.6778791132092171,0.9227052658325378,0.9088393370129,0.826279361020593,0.7510640715303762,0.6827707054976693,0.6110000495350045,0.5048519851082981,0.8920358401745073,0.7236803541311582,0.26836296168473645],[0.25033596924320267,0.011817216588494217,0.25033596924320267,0.27865282230198174,0.27865282230198174,0.3845990965876898,0.3845990965876898,0.596233841000927,0.596233841000927,0.0351739653720077,0.9053417599228758,0.38663593611046315,0.8945692780557004,0.9126840669020292,0.9048778927911663,0.6990773101356595,0.8813400059211287,0.5908011620766123,0.5908011620766123,-0.3096342189496797,0.08375230394330996,0.18520031880220061,1.0,-0.47956113640234194,0.6864900022231452,0.4089666568316217,0.21191561276199597,0.3716628784237948,-0.04405643308912944,0.1330212819885049,0.6239583599693483,0.5068681649426658,0.2162263196189142,0.07913749986519598,0.4315852037655714,0.4948908479358139],[-0.16699956672382682,-0.15878944760828298,-0.16699956672382682,-0.20225031052985298,-0.20225031052985298,-0.3342272810633049,-0.3342272810633049,-0.36296197608188013,-0.36296197608188013,0.04978507899815739,-0.5416881731325708,-0.16032054921578118,-0.6526513176187553,-0.7976550367968473,-0.5388621573546742,-0.4622861165008692,-0.5257512829067282,-0.24439681634423618,-0.24439681634423618,0.27397502104291915,0.1784565546753534,-0.25128592679412354,-0.47956113640234194,1.0,-0.025157247531304393,-0.20190569644018636,-0.2481623355807595,-0.3404512814138104,-0.08288672766427375,-0.11493912215919501,-0.5755686037399397,-0.23155667995253792,-0.043006101945951496,-0.0964666854237282,-0.26884553305800996,-0.4288653245201344],[-0.22403112454075766,-0.2250302539834987,-0.22403112454075766,-0.21930868900488448,-0.21930868900488448,-0.10971040435707924,-0.10971040435707924,0.013180119783082514,0.013180119783082514,-0.24291431078690134,0.4766667483458609,-0.2325498107234821,0.4936565259554838,0.5853093725495618,0.4736432758137994,-0.13702962014227024,0.48189592070617643,-0.19060933523676946,-0.19060933523676946,-0.6438015714121541,0.7404267349219739,-0.2597928462444918,0.6864900022231452,-0.025157247531304393,1.0,-0.1040428093417026,-0.17437319167865178,-0.06344097490212025,-0.34411127442636835,-0.3208898198192918,0.05762796501977149,0.1550886350763163,0.26019061700298224,-0.3628738974136898,0.09836439669924985,0.0842234388323087],[0.8221197998565976,0.6688972709949117,0.8221197998565976,0.8074574572548814,0.8074574572548814,0.8831777678834585,0.8831777678834585,0.8039894160433461,0.8039894160433461,0.7596546463976073,0.8105625283567364,0.7838191633935526,0.7610564639743798,0.7197871497179934,0.811597430079021,0.8946218976475929,0.85748211192493,0.8393160355415971,0.8393160355415971,0.3846184416969277,-0.11217279053360096,0.6778791132092171,0.4089666568316217,-0.20190569644018636,-0.1040428093417026,1.0,0.5450870939947364,0.848409873279753,0.5217147402536645,0.6517741210669211,0.5934300957691097,0.6771793261966297,0.43562499881548533,0.7272234904346794,0.7224326471632406,0.4521170757487746],[0.8938113700980608,0.8932534540290333,0.8938113700980608,0.9151426248404588,0.9151426248404588,0.8529311268897956,0.8529311268897956,0.7454302034059562,0.7454302034059562,0.41062423811161486,0.8914257641038597,0.311298877741772,0.8094880550365137,0.9227394369964327,0.8903788097013607,0.8400882827898017,0.8752533529486151,0.6817055230267378,0.6817055230267378,0.6293651701287377,-0.0987101091815532,0.9227052658325378,0.21191561276199597,-0.2481623355807595,-0.17437319167865178,0.5450870939947364,1.0,0.796022395207337,0.7014588453770322,0.629962330040892,0.6281633629120369,0.5017017258508655,0.44304840003217466,0.782887469647546,0.6756510444998104,0.22962696520624823],[0.9268261068749633,0.9063086836224296,0.9268261068749633,0.9247411991622271,0.9247411991622271,0.9418508309017214,0.9418508309017214,0.8915877297569574,0.8915877297569574,0.7119121031409096,0.9353372295302135,0.6779002693479147,0.9104088215417127,0.9189927698506363,0.9350954681744569,0.9386288357394599,0.9483448862418384,0.8470718396834351,0.8470718396834351,0.5350751073878267,-0.05535768011534086,0.9088393370129,0.3716628784237948,-0.3404512814138104,-0.06344097490212025,0.848409873279753,0.796022395207337,1.0,0.7639653594767726,0.6427703373858425,0.6690271592170597,0.6281659136992026,0.5312892578750056,0.8373732101413697,0.8606883258840784,0.2861167925731508],[0.9054820261172883,0.9022425640925568,0.9054820261172883,0.8814313891066735,0.8814313891066735,0.8871435261477482,0.8871435261477482,0.8567968211030166,0.8567968211030166,0.7987228324803051,0.869107134444263,0.7667833716765018,0.8355483547694469,0.8141295351326001,0.8706890533911251,0.8955770997707075,0.9038729245717387,0.9209816247403112,0.9209816247403112,0.8425803682162124,0.13409146978383768,0.826279361020593,-0.04405643308912944,-0.08288672766427375,-0.34411127442636835,0.5217147402536645,0.7014588453770322,0.7639653594767726,1.0,0.9119338192930014,0.5794961736429631,0.7054559501665096,0.6701997756654658,0.8851830446585605,0.544546042282778,0.3351850669134421],[0.7864776474213291,0.7948610589988315,0.7864776474213291,0.7834105455364001,0.7834105455364001,0.7573242603697339,0.7573242603697339,0.77517616154499,0.77517616154499,0.668358251022763,0.809012068094021,0.6862060049424803,0.7365897323969254,0.6946560707237261,0.8104844607792623,0.791152917004225,0.8310338492293038,0.8492943091990228,0.8492943091990228,0.7078584793443332,-0.03109335379972763,0.7510640715303762,0.1330212819885049,-0.11493912215919501,-0.3208898198192918,0.6517741210669211,0.629962330040892,0.6427703373858425,0.9119338192930014,1.0,0.6144710910620967,0.6897455471525824,0.6153076614347464,0.7517439483320377,0.6198682919937286,0.5019296711573216],[0.6510236788404334,0.6412865070247007,0.6510236788404334,0.6805948189271588,0.6805948189271588,0.8014541764772644,0.8014541764772644,0.8893118518471502,0.8893118518471502,0.32244280069929926,0.9379545033460138,0.4995498076278312,0.8887794287154184,0.9434165461788869,0.9371191414974666,0.8826575511072012,0.926803866264099,0.7997531421745266,0.7997531421745266,0.18336977080781494,-0.016455346600932567,0.6827707054976693,0.6239583599693483,-0.5755686037399397,0.05762796501977149,0.5934300957691097,0.6281633629120369,0.6690271592170597,0.5794961736429631,0.6144710910620967,1.0,0.7483342655716723,0.3893080355247212,0.5655257058877423,0.6653474740684232,0.7584267752464118],[0.6531842802385955,0.6507886557766656,0.6531842802385955,0.6423925533127892,0.6423925533127892,0.7450462699957938,0.7450462699957938,0.792529738161556,0.792529738161556,0.5205155082022942,0.8483445453496331,0.6812246328801461,0.805851538123038,0.8028826098964663,0.8501288914081236,0.7904484433743699,0.8831748111558416,0.7712690541786507,0.7712690541786507,0.33986650242283917,0.28734585009642677,0.6110000495350045,0.5068681649426658,-0.23155667995253792,0.1550886350763163,0.6771793261966297,0.5017017258508655,0.6281659136992026,0.7054559501665096,0.6897455471525824,0.7483342655716723,1.0,0.7791527878321549,0.5338625446110093,0.7380401689305667,0.5715469523765614],[0.6061569013024215,0.6314431003813441,0.6061569013024215,0.5706941307876873,0.5706941307876873,0.676925928231854,0.676925928231854,0.7047109427714591,0.7047109427714591,0.5615712272194153,0.7203537588702861,0.6754452055198487,0.680188820693433,0.6005730487086003,0.7228665256011552,0.7349096254011388,0.7697706321008917,0.7071346072346782,0.7071346072346782,0.5738233441867431,0.5512129387024824,0.5048519851082981,0.2162263196189142,-0.043006101945951496,0.26019061700298224,0.43562499881548533,0.44304840003217466,0.5312892578750056,0.6701997756654658,0.6153076614347464,0.3893080355247212,0.7791527878321549,1.0,0.5006383418387683,0.6534301069565022,0.22017923065961192],[0.9294591247934153,0.9285463515364327,0.9294591247934153,0.913926960273997,0.913926960273997,0.8712719338349165,0.8712719338349165,0.8160881539784901,0.8160881539784901,0.7649621623900955,0.896080777301556,0.7144745194044144,0.8593062065527027,0.8824191012637534,0.8966883367787423,0.8923673065372547,0.9124764718110674,0.8571209156810176,0.8571209156810176,0.7894275944225347,-0.15327766439018348,0.8920358401745073,0.07913749986519598,-0.0964666854237282,-0.3628738974136898,0.7272234904346794,0.782887469647546,0.8373732101413697,0.8851830446585605,0.7517439483320377,0.5655257058877423,0.5338625446110093,0.5006383418387683,1.0,0.7637218476714737,0.23053051089608062],[0.8663316062657316,0.7398494710300859,0.8663316062657316,0.8585141582971216,0.8585141582971216,0.8909021362999661,0.8909021362999661,0.8707488856739047,0.8707488856739047,0.6028916811227794,0.954520895442431,0.575224724216963,0.9162992195385398,0.9585908446646253,0.9544110670763654,0.8873154907773135,0.9624764129321475,0.7904834595411043,0.7904834595411043,0.5061563806829484,0.06174482986262792,0.7236803541311582,0.4315852037655714,-0.26884553305800996,0.09836439669924985,0.7224326471632406,0.6756510444998104,0.8606883258840784,0.544546042282778,0.6198682919937286,0.6653474740684232,0.7380401689305667,0.6534301069565022,0.7637218476714737,1.0,0.25838185243008893],[0.2691374383081201,0.26392962254821734,0.2691374383081201,0.2844641026494717,0.2844641026494717,0.528397158433612,0.528397158433612,0.8284542447284907,0.8284542447284907,0.16661854237154855,0.8297184168778202,0.6102906283249758,0.8047754264251668,0.8369553792837203,0.8293180538621189,0.8229343213532986,0.8699606919289934,0.8600305660296779,0.8600305660296779,-0.10174981341310947,0.1240931281830166,0.26836296168473645,0.4948908479358139,-0.4288653245201344,0.0842234388323087,0.4521170757487746,0.22962696520624823,0.2861167925731508,0.3351850669134421,0.5019296711573216,0.7584267752464118,0.5715469523765614,0.22017923065961192,0.23053051089608062,0.25838185243008893,1.0]],"x":["^TAIEX       \u81fa\u7063\u52a0\u6b0a\u5831\u916c\u6307\u6578","^TWII        \u81fa\u7063\u52a0\u6b0a\u6307\u6578","^TAIEXx2     \u81fa\u7063\u52a0\u6b0a\u5831\u916c\u6307\u6578_\u65e5\u6b632","^TAI50I      \u81fa\u706350\u5831\u916c\u6307\u6578","^TAI50Ix2    \u81fa\u706350\u5831\u916c\u6307\u6578_\u65e5\u6b632","^TAI100I     \u81fa\u7063\u4e2d\u578b100\u5831\u916c\u6307\u6578","^TAI100Ix2   \u81fa\u7063\u4e2d\u578b100\u5831\u916c\u6307\u6578_\u65e5\u6b632","^TAIDIVIDI   \u81fa\u7063\u9ad8\u80a1\u606f\u5831\u916c\u6307\u6578","^TAIDIVIDIx2 \u81fa\u7063\u9ad8\u80a1\u606f\u5831\u916c\u6307\u6578_\u65e5\u6b632","0050Fund     \u5143\u5927\u53f0\u7063\u5353\u8d8a50\u57fa\u91d1","006208Fund   \u5bcc\u90a6\u53f0\u7063\u91c6\u540950\u57fa\u91d1","0050         \u5143\u5927\u81fa\u706350","00631L       \u5143\u5927\u53f0\u706350\u6b632","00675L       \u5bcc\u90a6\u81fa\u7063\u52a0\u6b0a\u6b632","006208       \u5bcc\u90a6\u53f050","0051         \u5143\u5927\u4e2d\u578b100","006204       \u6c38\u8c50\u81fa\u7063\u52a0\u6b0a","0056         \u5143\u5927\u9ad8\u80a1\u606f","0056         \u5143\u5927\u9ad8\u80a1\u606f_\u80a1\u606f\u4e0d\u6295\u5165","2412         \u4e2d\u83ef\u96fb\u4fe1","2002         \u4e2d\u92fc","2330         \u53f0\u7a4d\u96fb","2317         \u9d3b\u6d77","6505         \u53f0\u5851\u77f3\u5316","3481         \u7fa4\u5275","2303         \u806f\u96fb","2308         \u53f0\u9054\u96fb","2454         \u806f\u767c\u79d1","2886         \u5146\u8c50\u91d1","2884         \u7389\u5c71\u91d1","2891         \u4e2d\u4fe1\u91d1","2892         \u7b2c\u4e00\u91d1","5880         \u5408\u5eab\u91d1","2881         \u5bcc\u90a6\u91d1","2885         \u5143\u5927\u91d1","2887         \u53f0\u65b0\u91d1"],"y":["^TAIEX       \u81fa\u7063\u52a0\u6b0a\u5831\u916c\u6307\u6578","^TWII        \u81fa\u7063\u52a0\u6b0a\u6307\u6578","^TAIEXx2     \u81fa\u7063\u52a0\u6b0a\u5831\u916c\u6307\u6578_\u65e5\u6b632","^TAI50I      \u81fa\u706350\u5831\u916c\u6307\u6578","^TAI50Ix2    \u81fa\u706350\u5831\u916c\u6307\u6578_\u65e5\u6b632","^TAI100I     \u81fa\u7063\u4e2d\u578b100\u5831\u916c\u6307\u6578","^TAI100Ix2   \u81fa\u7063\u4e2d\u578b100\u5831\u916c\u6307\u6578_\u65e5\u6b632","^TAIDIVIDI   \u81fa\u7063\u9ad8\u80a1\u606f\u5831\u916c\u6307\u6578","^TAIDIVIDIx2 \u81fa\u7063\u9ad8\u80a1\u606f\u5831\u916c\u6307\u6578_\u65e5\u6b632","0050Fund     \u5143\u5927\u53f0\u7063\u5353\u8d8a50\u57fa\u91d1","006208Fund   \u5bcc\u90a6\u53f0\u7063\u91c6\u540950\u57fa\u91d1","0050         \u5143\u5927\u81fa\u706350","00631L       \u5143\u5927\u53f0\u706350\u6b632","00675L       \u5bcc\u90a6\u81fa\u7063\u52a0\u6b0a\u6b632","006208       \u5bcc\u90a6\u53f050","0051         \u5143\u5927\u4e2d\u578b100","006204       \u6c38\u8c50\u81fa\u7063\u52a0\u6b0a","0056         \u5143\u5927\u9ad8\u80a1\u606f","0056         \u5143\u5927\u9ad8\u80a1\u606f_\u80a1\u606f\u4e0d\u6295\u5165","2412         \u4e2d\u83ef\u96fb\u4fe1","2002         \u4e2d\u92fc","2330         \u53f0\u7a4d\u96fb","2317         \u9d3b\u6d77","6505         \u53f0\u5851\u77f3\u5316","3481         \u7fa4\u5275","2303         \u806f\u96fb","2308         \u53f0\u9054\u96fb","2454         \u806f\u767c\u79d1","2886         \u5146\u8c50\u91d1","2884         \u7389\u5c71\u91d1","2891         \u4e2d\u4fe1\u91d1","2892         \u7b2c\u4e00\u91d1","5880         \u5408\u5eab\u91d1","2881         \u5bcc\u90a6\u91d1","2885         \u5143\u5927\u91d1","2887         \u53f0\u65b0\u91d1"],"zmin":-1,"zmax":1,"colorbar":{"x":-0.2}}],"layout":{"autotypenumbers":"strict","colorway":["#636efa","#EF553B","#00cc96","#ab63fa","#FFA15A","#19d3f3","#FF6692","#B6E880","#FF97FF","#FECB52"],"font":{"color":"#f2f5fa","family":"Courier New"},"hovermode":"closest","hoverlabel":{"align":"left"},"paper_bgcolor":"rgb(17,17,17)","plot_bgcolor":"rgb(17,17,17)","polar":{"bgcolor":"rgb(17,17,17)","angularaxis":{"gridcolor":"#506784","linecolor":"#506784","ticks":""},"radialaxis":{"gridcolor":"#506784","linecolor":"#506784","ticks":""}},"ternary":{"bgcolor":"rgb(17,17,17)","aaxis":{"gridcolor":"#506784","linecolor":"#506784","ticks":""},"baxis":{"gridcolor":"#506784","linecolor":"#506784","ticks":""},"caxis":{"gridcolor":"#506784","linecolor":"#506784","ticks":""}},"coloraxis":{"colorbar":{"outlinewidth":0,"ticks":""}},"colorscale":{"sequential":[[0.0,"#0d0887"],[0.1111111111111111,"#46039f"],[0.2222222222222222,"#7201a8"],[0.3333333333333333,"#9c179e"],[0.4444444444444444,"#bd3786"],[0.5555555555555556,"#d8576b"],[0.6666666666666666,"#ed7953"],[0.7777777777777778,"#fb9f3a"],[0.8888888888888888,"#fdca26"],[1.0,"#f0f921"]],"sequentialminus":[[0.0,"#0d0887"],[0.1111111111111111,"#46039f"],[0.2222222222222222,"#7201a8"],[0.3333333333333333,"#9c179e"],[0.4444444444444444,"#bd3786"],[0.5555555555555556,"#d8576b"],[0.6666666666666666,"#ed7953"],[0.7777777777777778,"#fb9f3a"],[0.8888888888888888,"#fdca26"],[1.0,"#f0f921"]],"diverging":[[0,"#8e0152"],[0.1,"#c51b7d"],[0.2,"#de77ae"],[0.3,"#f1b6da"],[0.4,"#fde0ef"],[0.5,"#f7f7f7"],[0.6,"#e6f5d0"],[0.7,"#b8e186"],[0.8,"#7fbc41"],[0.9,"#4d9221"],[1,"#276419"]]},"xaxis":{"gridcolor":"rgba(0, 0, 0, 0)","linecolor":"#506784","ticks":"","title":{"standoff":15},"zerolinecolor":"#283442","automargin":true,"zerolinewidth":2,"tickfont":{"family":"Courier New","size":14},"side":"top","tickangle":-90},"yaxis":{"gridcolor":"rgba(0, 0, 0, 0)","linecolor":"#506784","ticks":"","title":{"standoff":15},"zerolinecolor":"#283442","automargin":true,"zerolinewidth":2,"tickfont":{"family":"Courier New"},"side":"right"},"scene":{"xaxis":{"backgroundcolor":"rgb(17,17,17)","gridcolor":"#506784","linecolor":"#506784","showbackground":true,"ticks":"","zerolinecolor":"#C8D4E3","gridwidth":2},"yaxis":{"backgroundcolor":"rgb(17,17,17)","gridcolor":"#506784","linecolor":"#506784","showbackground":true,"ticks":"","zerolinecolor":"#C8D4E3","gridwidth":2},"zaxis":{"backgroundcolor":"rgb(17,17,17)","gridcolor":"#506784","linecolor":"#506784","showbackground":true,"ticks":"","zerolinecolor":"#C8D4E3","gridwidth":2}},"shapedefaults":{"line":{"color":"#f2f5fa"}},"annotationdefaults":{"arrowcolor":"#f2f5fa","arrowhead":0,"arrowwidth":1},"geo":{"bgcolor":"rgb(17,17,17)","landcolor":"rgb(17,17,17)","subunitcolor":"#506784","showland":true,"showlakes":true,"lakecolor":"rgb(17,17,17)"},"title":{"x":0.05,"font":{"family":"Times New Roman"},"y":0.05,"text":"<b>Correlation of Close<b><br><i>2016-09-23 ~ 2026-04-10<i>"},"updatemenudefaults":{"bgcolor":"#506784","borderwidth":0},"sliderdefaults":{"bgcolor":"#C8D4E3","borderwidth":1,"bordercolor":"rgb(17,17,17)","tickwidth":0},"mapbox":{"style":"dark"},"annotations":[{"text":"<b>@zwindr<b>","textangle":0,"opacity":0.5,"font":{"color":"white","size":12},"xref":"paper","yref":"paper","xanchor":"left","yanchor":"bottom","x":1.0,"y":1.0,"showarrow":false}]},"config":{"responsive":true,"toImageButtonOptions":{"filename":"Correlation of Close_2016-09-23~2026-04-10","scale":5}}};Plotly.newPlot("correlationClose",correlationClose.data,correlationClose.layout||{},correlationClose.config);}else{console.log("style display is none => correlationClose");}