var element=document.getElementById("correlationClose");if(element.style.display!='none'){var correlationClose={"data":[{"type":"heatmap","z":[[1.0,0.9999999999999974,1.0,0.9949927092961763,0.9949927092961763,0.9720088605932942,0.9720088605932942,0.9140982111789111,0.9140982111789111,0.7465184056509708,0.9951091567371786,0.6893761197837917,0.9687645813500291,0.9911770371946659,0.9951964886259637,0.9774316698728149,0.9992653563389924,0.9077266076143925,0.9077266076143925,0.7718331658908921,-0.18795664291707678,0.9803475467443745,0.24512936947065914,-0.16181635545194734,-0.22721356191849476,0.8218153403148423,0.8970726497839345,0.9264601095224778,0.907872732519632,0.7868833364372758,0.642747326985344,0.6525854536244784,0.608592401584768,0.9308031230174667,0.8632341242017106,0.2607714541535839],[0.9999999999999974,1.0,0.9999999999999976,0.9949586137681223,0.9949586137681223,0.9715751329734266,0.9715751329734266,0.9147993868132483,0.9147993868132483,0.7481484213411618,0.9951019691418543,0.6912502497445556,0.9685177246513057,0.9907529941980497,0.9951917679961962,0.9769966594436247,0.9992627287727084,0.9077145947162318,0.9077145947162318,0.7892087178235972,0.02310502999759417,0.9731224051941658,0.008879508963741324,-0.15425995180957347,-0.2276842026938399,0.6675431479819376,0.8960840288551801,0.9056973000352072,0.9040668062480297,0.7952778382105222,0.6341111964815246,0.6501553164536977,0.6335751153166519,0.9294920552570006,0.7355896580942287,0.2567923978521567],[1.0,0.9999999999999976,1.0,0.9949927092961763,0.9949927092961763,0.9720088605932942,0.9720088605932942,0.9140982111789111,0.9140982111789111,0.7465184056509708,0.9951091567371786,0.6893761197837917,0.9687645813500291,0.9911770371946659,0.9951964886259637,0.9774316698728149,0.9992653563389924,0.9077266076143925,0.9077266076143925,0.7718331658908921,-0.18795664291707678,0.9803475467443745,0.24512936947065914,-0.16181635545194734,-0.22721356191849476,0.8218153403148423,0.8970726497839345,0.9264601095224778,0.907872732519632,0.7868833364372758,0.642747326985344,0.6525854536244784,0.608592401584768,0.9308031230174667,0.8632341242017106,0.2607714541535839],[0.9949927092961763,0.9949586137681223,0.9949927092961763,1.0,1.0,0.9596677813505763,0.9596677813505763,0.896666029780871,0.896666029780871,0.7069887037983146,0.9996352230647599,0.6492277357319979,0.9682702125331485,0.9912649519221678,0.9995896844922353,0.9605271981201842,0.9952355654647375,0.8784916011923807,0.8784916011923807,0.7411023446650448,-0.19564716143336747,0.9924666760928423,0.2736708625745961,-0.19730993317648982,-0.22291456024374517,0.8076799489070017,0.9175307558961789,0.924916702762941,0.8845402397649162,0.7846097497845959,0.6723850782863424,0.6422154443754968,0.5735098894734225,0.9159318707808294,0.8550920397085021,0.27582380357153397],[0.9949927092961763,0.9949586137681223,0.9949927092961763,1.0,1.0,0.9596677813505763,0.9596677813505763,0.896666029780871,0.896666029780871,0.7069887037983146,0.9996352230647599,0.6492277357319979,0.9682702125331485,0.9912649519221678,0.9995896844922353,0.9605271981201842,0.9952355654647375,0.8784916011923807,0.8784916011923807,0.7411023446650448,-0.19564716143336747,0.9924666760928423,0.2736708625745961,-0.19730993317648982,-0.22291456024374517,0.8076799489070017,0.9175307558961789,0.924916702762941,0.8845402397649162,0.7846097497845959,0.6723850782863424,0.6422154443754968,0.5735098894734225,0.9159318707808294,0.8550920397085021,0.27582380357153397],[0.9720088605932942,0.9715751329734266,0.9720088605932942,0.9596677813505763,0.9596677813505763,1.0,1.0,0.9379000599703297,0.9379000599703297,0.725950920730954,0.9583797852725197,0.7012519884060774,0.9456350679175065,0.961358447680621,0.9583906297761093,0.9990895734439774,0.977697347272736,0.9135777993358426,0.9135777993358426,0.6554316268528366,-0.1440013555026556,0.9467496848794098,0.3810461839079493,-0.33048873173733323,-0.11126674400757285,0.8837513896325164,0.8549892034188763,0.9416932656543714,0.8890923703519934,0.7572400712553699,0.7966777316214623,0.7455155551729106,0.6800104863966188,0.8716003578477208,0.888366596500286,0.522117078216894],[0.9720088605932942,0.9715751329734266,0.9720088605932942,0.9596677813505763,0.9596677813505763,1.0,1.0,0.9379000599703297,0.9379000599703297,0.725950920730954,0.9583797852725197,0.7012519884060774,0.9456350679175065,0.961358447680621,0.9583906297761093,0.9990895734439774,0.977697347272736,0.9135777993358426,0.9135777993358426,0.6554316268528366,-0.1440013555026556,0.9467496848794098,0.3810461839079493,-0.33048873173733323,-0.11126674400757285,0.8837513896325164,0.8549892034188763,0.9416932656543714,0.8890923703519934,0.7572400712553699,0.7966777316214623,0.7455155551729106,0.6800104863966188,0.8716003578477208,0.888366596500286,0.522117078216894],[0.9140982111789111,0.9147993868132483,0.9140982111789111,0.896666029780871,0.896666029780871,0.9379000599703297,0.9379000599703297,1.0,1.0,0.6994223909418952,0.9361717397909926,0.708189482980118,0.9144347962859803,0.9203899245602224,0.9362774393472502,0.9399806122150302,0.9469021884819675,0.9695303154783705,0.9695303154783705,0.610271622257071,-0.022674423870600216,0.8634287925953211,0.5936658066485173,-0.35884418100220333,0.0129584221296423,0.8026023267162872,0.749043639312779,0.8902520405430385,0.8567535443210795,0.7741434304944893,0.888589421404148,0.7920427049152625,0.7058845878980189,0.8147047018975676,0.869242056842182,0.826014137472919],[0.9140982111789111,0.9147993868132483,0.9140982111789111,0.896666029780871,0.896666029780871,0.9379000599703297,0.9379000599703297,1.0,1.0,0.6994223909418952,0.9361717397909926,0.708189482980118,0.9144347962859803,0.9203899245602224,0.9362774393472502,0.9399806122150302,0.9469021884819675,0.9695303154783705,0.9695303154783705,0.610271622257071,-0.022674423870600216,0.8634287925953211,0.5936658066485173,-0.35884418100220333,0.0129584221296423,0.8026023267162872,0.749043639312779,0.8902520405430385,0.8567535443210795,0.7741434304944893,0.888589421404148,0.7920427049152625,0.7058845878980189,0.8147047018975676,0.869242056842182,0.826014137472919],[0.7465184056509708,0.7481484213411618,0.7465184056509708,0.7069887037983146,0.7069887037983146,0.725950920730954,0.725950920730954,0.6994223909418952,0.6994223909418952,1.0,0.5657769556795849,0.9999695939653153,0.4721964853873239,0.34571782600692874,0.5677250471240923,0.7208789592341553,0.6339636767641481,0.7912471857014843,0.7912471857014843,0.6852725353220502,-0.09725084615394779,0.6744971057214941,0.03519683235276724,0.04983118228996831,-0.24291218529955552,0.7621578493586499,0.42741786209222893,0.7160485025738175,0.8004672104015179,0.6699491903514952,0.3262485328241077,0.5214844586508476,0.5618528950522065,0.7675701677439657,0.6098436659486662,0.16712376680768318],[0.9951091567371786,0.9951019691418543,0.9951091567371786,0.9996352230647599,0.9996352230647599,0.9583797852725197,0.9583797852725197,0.9361717397909926,0.9361717397909926,0.5657769556795849,1.0,0.5656913977832592,0.9680717095028495,0.9909815706329145,0.9999415733100452,0.9560113476192951,0.9947156586454472,0.8873079704554342,0.8873079704554342,0.8505337637753773,-0.07568526853531543,0.9970945232440598,0.9058640872533809,-0.5396416237435143,0.46180386165385634,0.8121189958199723,0.8927688633996766,0.9365714688275942,0.8729323894850192,0.8104456078864921,0.9359808031305021,0.8511068821325516,0.7256120328670163,0.8982731024617522,0.9532748065850146,0.8247482618255302],[0.6893761197837917,0.6912502497445556,0.6893761197837917,0.6492277357319979,0.6492277357319979,0.7012519884060774,0.7012519884060774,0.708189482980118,0.708189482980118,0.9999695939653153,0.5656913977832592,1.0,0.47296331977567235,0.34641410243056137,0.5684259009921975,0.7106498546003911,0.6345419067175386,0.7848651634244179,0.7848651634244179,0.6381774762660317,0.03363261887082758,0.6207377074990077,0.38961099307434455,-0.1612165225865989,-0.23240917120886231,0.7870841353454643,0.3279447320814964,0.6828412672327275,0.76904293829096,0.6885680264263393,0.5088726862356403,0.6836963728122425,0.6763286151097881,0.717885446666593,0.5842834799898808,0.6177874365633685],[0.9687645813500291,0.9685177246513057,0.9687645813500291,0.9682702125331485,0.9682702125331485,0.9456350679175065,0.9456350679175065,0.9144347962859803,0.9144347962859803,0.4721964853873239,0.9680717095028495,0.47296331977567235,1.0,0.9685710279345604,0.9677105918835416,0.9417763317453051,0.9670640478954018,0.8542155348590948,0.8542155348590948,0.8194435385431986,-0.04872347008223847,0.9666225261423776,0.9049144210006749,-0.6577563952362613,0.5078022864883092,0.7670998130204008,0.8640504877631088,0.9207628218214522,0.8409078536173449,0.7430226462993018,0.9121839307601961,0.8117275351441111,0.6825790354975659,0.8671808347992801,0.9368022670884226,0.8243800783255758],[0.9911770371946659,0.9907529941980497,0.9911770371946659,0.9912649519221678,0.9912649519221678,0.961358447680621,0.961358447680621,0.9203899245602224,0.9203899245602224,0.34571782600692874,0.9909815706329145,0.34641410243056137,0.9685710279345604,1.0,0.9910090343698872,0.9556630965980252,0.9893970885446295,0.8429351358155557,0.8429351358155557,0.8524462243199024,-0.18235059575027787,0.9894574517334176,0.9161230013395939,-0.8020275583599318,0.5704714964676525,0.7223497942530688,0.9224603031888133,0.9224602727342386,0.8206078733570604,0.6952700402331387,0.9416494214488937,0.8073080387435485,0.6089888864253459,0.8871506981333008,0.9577946522679872,0.8310844348510212],[0.9951964886259637,0.9951917679961962,0.9951964886259637,0.9995896844922353,0.9995896844922353,0.9583906297761093,0.9583906297761093,0.9362774393472502,0.9362774393472502,0.5677250471240923,0.9999415733100452,0.5684259009921975,0.9677105918835416,0.9910090343698872,1.0,0.9561490564616658,0.9948120384690928,0.8881447235652399,0.8881447235652399,0.851505782741148,-0.07474736035211621,0.9969480293145908,0.9052264032632855,-0.5369664471166106,0.46112894805379745,0.8128544569991136,0.8914416571774063,0.9361277818600443,0.8737847801147235,0.8115479216365422,0.9354046741221996,0.8523168534889993,0.7272263152914452,0.8983645394233151,0.9533297736072976,0.8250461758445644],[0.9774316698728149,0.9769966594436247,0.9774316698728149,0.9605271981201842,0.9605271981201842,0.9990895734439774,0.9990895734439774,0.9399806122150302,0.9399806122150302,0.7208789592341553,0.9560113476192951,0.7106498546003911,0.9417763317453051,0.9556630965980252,0.9561490564616658,1.0,0.9771559619873661,0.9157762034532844,0.9157762034532844,0.7044160646741643,-0.12956821630752968,0.949922809513248,0.6962917221473194,-0.4593018333096411,-0.14042055083347527,0.8951038245100209,0.8422905250626193,0.9383561921336683,0.8971104428067367,0.7912025360386316,0.8804940445331206,0.7908915797835665,0.7374777570789718,0.8925572680194084,0.8851941529106938,0.8200434420259556],[0.9992653563389924,0.9992627287727084,0.9992653563389924,0.9952355654647375,0.9952355654647375,0.977697347272736,0.977697347272736,0.9469021884819675,0.9469021884819675,0.6339636767641481,0.9947156586454472,0.6345419067175386,0.9670640478954018,0.9893970885446295,0.9948120384690928,0.9771559619873661,1.0,0.9169900856966253,0.9169900856966253,0.8638680637745753,-0.057552737391249824,0.9886241072885529,0.8806436893537588,-0.523002952776024,0.46837405171883434,0.8588366776842635,0.877554795534881,0.949012674979816,0.9070343669424284,0.8321620969025335,0.9247557904971633,0.885377626453879,0.7743199394569851,0.9140451625099311,0.9614532986443224,0.8665163288700514],[0.9077266076143925,0.9077145947162318,0.9077266076143925,0.8784916011923807,0.8784916011923807,0.9135777993358426,0.9135777993358426,0.9695303154783705,0.9695303154783705,0.7912471857014843,0.8873079704554342,0.7848651634244179,0.8542155348590948,0.8429351358155557,0.8881447235652399,0.9157762034532844,0.9169900856966253,1.0,1.0,0.7552869090273312,-0.07012030253679502,0.8436740230682249,0.5880389222584782,-0.24095481307591743,-0.1924767486777366,0.8383896883522028,0.6876635113714631,0.8460812529076651,0.9207575727750378,0.8486145686438383,0.799975343672833,0.7703310544158127,0.7071253205710744,0.856251400446849,0.7899604180610714,0.8595938300854024],[0.9077266076143925,0.9077145947162318,0.9077266076143925,0.8784916011923807,0.8784916011923807,0.9135777993358426,0.9135777993358426,0.9695303154783705,0.9695303154783705,0.7912471857014843,0.8873079704554342,0.7848651634244179,0.8542155348590948,0.8429351358155557,0.8881447235652399,0.9157762034532844,0.9169900856966253,1.0,1.0,0.7552869090273312,-0.07012030253679502,0.8436740230682249,0.5880389222584782,-0.24095481307591743,-0.1924767486777366,0.8383896883522028,0.6876635113714631,0.8460812529076651,0.9207575727750378,0.8486145686438383,0.799975343672833,0.7703310544158127,0.7071253205710744,0.856251400446849,0.7899604180610714,0.8595938300854024],[0.7718331658908921,0.7892087178235972,0.7718331658908921,0.7411023446650448,0.7411023446650448,0.6554316268528366,0.6554316268528366,0.610271622257071,0.610271622257071,0.6852725353220502,0.8505337637753773,0.6381774762660317,0.8194435385431986,0.8524462243199024,0.851505782741148,0.7044160646741643,0.8638680637745753,0.7552869090273312,0.7552869090273312,1.0,0.015787498697877333,0.7018934149567341,-0.3128675437210774,0.27705525113398577,-0.6450256056662285,0.38234371194385697,0.6383814372641134,0.5332704692393005,0.8421129165859415,0.7069296165864741,0.1779256131745495,0.33784050791947273,0.5732851720336689,0.7888132510099383,0.5044024446828471,-0.10607286014282884],[-0.18795664291707678,0.02310502999759417,-0.18795664291707678,-0.19564716143336747,-0.19564716143336747,-0.1440013555026556,-0.1440013555026556,-0.022674423870600216,-0.022674423870600216,-0.09725084615394779,-0.07568526853531543,0.03363261887082758,-0.04872347008223847,-0.18235059575027787,-0.07474736035211621,-0.12956821630752968,-0.057552737391249824,-0.07012030253679502,-0.07012030253679502,0.015787498697877333,1.0,-0.1292634639080955,0.08493626698111892,0.1769507939178076,0.7411533742323142,-0.11076675505756742,-0.09541660229182619,-0.05265194251497491,0.13591302511198255,-0.02906804869077713,-0.011585235648575963,0.2902745806679424,0.5523740948147885,-0.1512996306993766,0.06530161397442968,0.12700285376685186],[0.9803475467443745,0.9731224051941658,0.9803475467443745,0.9924666760928423,0.9924666760928423,0.9467496848794098,0.9467496848794098,0.8634287925953211,0.8634287925953211,0.6744971057214941,0.9970945232440598,0.6207377074990077,0.9666225261423776,0.9894574517334176,0.9969480293145908,0.949922809513248,0.9886241072885529,0.8436740230682249,0.8436740230682249,0.7018934149567341,-0.1292634639080955,1.0,0.18092116038956324,-0.2476870888054259,-0.263641780740466,0.6774369971612241,0.924330331418772,0.9089664355474805,0.8287769034202387,0.7521337767186991,0.6755396493626845,0.610674476931341,0.5068830006985531,0.8938479681836882,0.7188771152225855,0.2606151378725032],[0.24512936947065914,0.008879508963741324,0.24512936947065914,0.2736708625745961,0.2736708625745961,0.3810461839079493,0.3810461839079493,0.5936658066485173,0.5936658066485173,0.03519683235276724,0.9058640872533809,0.38961099307434455,0.9049144210006749,0.9161230013395939,0.9052264032632855,0.6962917221473194,0.8806436893537588,0.5880389222584782,0.5880389222584782,-0.3128675437210774,0.08493626698111892,0.18092116038956324,1.0,-0.4783903966557129,0.6876222326149002,0.40742021166084313,0.20821149816712478,0.36897965567897517,-0.046721853182164,0.1302770064459888,0.623872840384685,0.5054217414223682,0.21527516512003878,0.07561273576020265,0.4299917576676918,0.4931320614569285],[-0.16181635545194734,-0.15425995180957347,-0.16181635545194734,-0.19730993317648982,-0.19730993317648982,-0.33048873173733323,-0.33048873173733323,-0.35884418100220333,-0.35884418100220333,0.04983118228996831,-0.5396416237435143,-0.1612165225865989,-0.6577563952362613,-0.8020275583599318,-0.5369664471166106,-0.4593018333096411,-0.523002952776024,-0.24095481307591743,-0.24095481307591743,0.27705525113398577,0.1769507939178076,-0.2476870888054259,-0.4783903966557129,1.0,-0.02508053016534425,-0.1993324543666846,-0.24550476489799672,-0.3380717801115579,-0.08039386451536214,-0.11246198287192741,-0.5757816690002748,-0.22964085077367194,-0.041748084496458455,-0.09346209680164866,-0.2655562168931109,-0.4271799292687864],[-0.22721356191849476,-0.2276842026938399,-0.22721356191849476,-0.22291456024374517,-0.22291456024374517,-0.11126674400757285,-0.11126674400757285,0.0129584221296423,0.0129584221296423,-0.24291218529955552,0.46180386165385634,-0.23240917120886231,0.5078022864883092,0.5704714964676525,0.46112894805379745,-0.14042055083347527,0.46837405171883434,-0.1924767486777366,-0.1924767486777366,-0.6450256056662285,0.7411533742323142,-0.263641780740466,0.6876222326149002,-0.02508053016534425,1.0,-0.10450023792111443,-0.1816797623134466,-0.06398129898710272,-0.344875297163475,-0.32169368690033967,0.05803447965412017,0.15523853182536299,0.2602509500942362,-0.3641248861260168,0.09911762442963226,0.08457802421031987],[0.8218153403148423,0.6675431479819376,0.8218153403148423,0.8076799489070017,0.8076799489070017,0.8837513896325164,0.8837513896325164,0.8026023267162872,0.8026023267162872,0.7621578493586499,0.8121189958199723,0.7870841353454643,0.7670998130204008,0.7223497942530688,0.8128544569991136,0.8951038245100209,0.8588366776842635,0.8383896883522028,0.8383896883522028,0.38234371194385697,-0.11076675505756742,0.6774369971612241,0.40742021166084313,-0.1993324543666846,-0.10450023792111443,1.0,0.5476670469595272,0.8475550730573689,0.5198244734704209,0.6501789713875075,0.5903384524395883,0.6758891476422291,0.4348357761939298,0.7256609371364157,0.7212734301684711,0.44905719751082096],[0.8970726497839345,0.8960840288551801,0.8970726497839345,0.9175307558961789,0.9175307558961789,0.8549892034188763,0.8549892034188763,0.749043639312779,0.749043639312779,0.42741786209222893,0.8927688633996766,0.3279447320814964,0.8640504877631088,0.9224603031888133,0.8914416571774063,0.8422905250626193,0.877554795534881,0.6876635113714631,0.6876635113714631,0.6383814372641134,-0.09541660229182619,0.924330331418772,0.20821149816712478,-0.24550476489799672,-0.1816797623134466,0.5476670469595272,1.0,0.8011134722969834,0.7113173531142026,0.6366561774477031,0.6186402103515481,0.5050405872106236,0.4509674924215766,0.7923465816171272,0.6721770550265107,0.21855677221393902],[0.9264601095224778,0.9056973000352072,0.9264601095224778,0.924916702762941,0.924916702762941,0.9416932656543714,0.9416932656543714,0.8902520405430385,0.8902520405430385,0.7160485025738175,0.9365714688275942,0.6828412672327275,0.9207628218214522,0.9224602727342386,0.9361277818600443,0.9383561921336683,0.949012674979816,0.8460812529076651,0.8460812529076651,0.5332704692393005,-0.05265194251497491,0.9089664355474805,0.36897965567897517,-0.3380717801115579,-0.06398129898710272,0.8475550730573689,0.8011134722969834,1.0,0.7631442252660761,0.6409669021986075,0.6648054912481098,0.6266082418569977,0.5312138137999526,0.836364583829903,0.8592926737733694,0.2808626559610345],[0.907872732519632,0.9040668062480297,0.907872732519632,0.8845402397649162,0.8845402397649162,0.8890923703519934,0.8890923703519934,0.8567535443210795,0.8567535443210795,0.8004672104015179,0.8729323894850192,0.76904293829096,0.8409078536173449,0.8206078733570604,0.8737847801147235,0.8971104428067367,0.9070343669424284,0.9207575727750378,0.9207575727750378,0.8421129165859415,0.13591302511198255,0.8287769034202387,-0.046721853182164,-0.08039386451536214,-0.344875297163475,0.5198244734704209,0.7113173531142026,0.7631442252660761,1.0,0.9115949080383715,0.5777274280173028,0.7044162333041426,0.6699407069468278,0.8847498341949228,0.5422381239727279,0.3321852461000658],[0.7868833364372758,0.7952778382105222,0.7868833364372758,0.7846097497845959,0.7846097497845959,0.7572400712553699,0.7572400712553699,0.7741434304944893,0.7741434304944893,0.6699491903514952,0.8104456078864921,0.6885680264263393,0.7430226462993018,0.6952700402331387,0.8115479216365422,0.7912025360386316,0.8321620969025335,0.8486145686438383,0.8486145686438383,0.7069296165864741,-0.02906804869077713,0.7521337767186991,0.1302770064459888,-0.11246198287192741,-0.32169368690033967,0.6501789713875075,0.6366561774477031,0.6409669021986075,0.9115949080383715,1.0,0.6129294352447962,0.6886127745838397,0.614916843648225,0.7506121168300756,0.6182585699987511,0.499628634146216],[0.642747326985344,0.6341111964815246,0.642747326985344,0.6723850782863424,0.6723850782863424,0.7966777316214623,0.7966777316214623,0.888589421404148,0.888589421404148,0.3262485328241077,0.9359808031305021,0.5088726862356403,0.9121839307601961,0.9416494214488937,0.9354046741221996,0.8804940445331206,0.9247557904971633,0.799975343672833,0.799975343672833,0.1779256131745495,-0.011585235648575963,0.6755396493626845,0.623872840384685,-0.5757816690002748,0.05803447965412017,0.5903384524395883,0.6186402103515481,0.6648054912481098,0.5777274280173028,0.6129294352447962,1.0,0.7490231948692583,0.38919741122616225,0.5619785564158508,0.658774506272565,0.7576687231236173],[0.6525854536244784,0.6501553164536977,0.6525854536244784,0.6422154443754968,0.6422154443754968,0.7455155551729106,0.7455155551729106,0.7920427049152625,0.7920427049152625,0.5214844586508476,0.8511068821325516,0.6836963728122425,0.8117275351441111,0.8073080387435485,0.8523168534889993,0.7908915797835665,0.885377626453879,0.7703310544158127,0.7703310544158127,0.33784050791947273,0.2902745806679424,0.610674476931341,0.5054217414223682,-0.22964085077367194,0.15523853182536299,0.6758891476422291,0.5050405872106236,0.6266082418569977,0.7044162333041426,0.6886127745838397,0.7490231948692583,1.0,0.7790686070822818,0.5319024792580057,0.7384000437605588,0.5697960656486207],[0.608592401584768,0.6335751153166519,0.608592401584768,0.5735098894734225,0.5735098894734225,0.6800104863966188,0.6800104863966188,0.7058845878980189,0.7058845878980189,0.5618528950522065,0.7256120328670163,0.6763286151097881,0.6825790354975659,0.6089888864253459,0.7272263152914452,0.7374777570789718,0.7743199394569851,0.7071253205710744,0.7071253205710744,0.5732851720336689,0.5523740948147885,0.5068830006985531,0.21527516512003878,-0.041748084496458455,0.2602509500942362,0.4348357761939298,0.4509674924215766,0.5312138137999526,0.6699407069468278,0.614916843648225,0.38919741122616225,0.7790686070822818,1.0,0.5000374356944519,0.6549382774775302,0.21866030405777157],[0.9308031230174667,0.9294920552570006,0.9308031230174667,0.9159318707808294,0.9159318707808294,0.8716003578477208,0.8716003578477208,0.8147047018975676,0.8147047018975676,0.7675701677439657,0.8982731024617522,0.717885446666593,0.8671808347992801,0.8871506981333008,0.8983645394233151,0.8925572680194084,0.9140451625099311,0.856251400446849,0.856251400446849,0.7888132510099383,-0.1512996306993766,0.8938479681836882,0.07561273576020265,-0.09346209680164866,-0.3641248861260168,0.7256609371364157,0.7923465816171272,0.836364583829903,0.8847498341949228,0.7506121168300756,0.5619785564158508,0.5319024792580057,0.5000374356944519,1.0,0.76258290728492,0.22613962889221464],[0.8632341242017106,0.7355896580942287,0.8632341242017106,0.8550920397085021,0.8550920397085021,0.888366596500286,0.888366596500286,0.869242056842182,0.869242056842182,0.6098436659486662,0.9532748065850146,0.5842834799898808,0.9368022670884226,0.9577946522679872,0.9533297736072976,0.8851941529106938,0.9614532986443224,0.7899604180610714,0.7899604180610714,0.5044024446828471,0.06530161397442968,0.7188771152225855,0.4299917576676918,-0.2655562168931109,0.09911762442963226,0.7212734301684711,0.6721770550265107,0.8592926737733694,0.5422381239727279,0.6182585699987511,0.658774506272565,0.7384000437605588,0.6549382774775302,0.76258290728492,1.0,0.2513608772756025],[0.2607714541535839,0.2567923978521567,0.2607714541535839,0.27582380357153397,0.27582380357153397,0.522117078216894,0.522117078216894,0.826014137472919,0.826014137472919,0.16712376680768318,0.8247482618255302,0.6177874365633685,0.8243800783255758,0.8310844348510212,0.8250461758445644,0.8200434420259556,0.8665163288700514,0.8595938300854024,0.8595938300854024,-0.10607286014282884,0.12700285376685186,0.2606151378725032,0.4931320614569285,-0.4271799292687864,0.08457802421031987,0.44905719751082096,0.21855677221393902,0.2808626559610345,0.3321852461000658,0.499628634146216,0.7576687231236173,0.5697960656486207,0.21866030405777157,0.22613962889221464,0.2513608772756025,1.0]],"x":["^TAIEX       \u81fa\u7063\u52a0\u6b0a\u5831\u916c\u6307\u6578","^TWII        \u81fa\u7063\u52a0\u6b0a\u6307\u6578","^TAIEXx2     \u81fa\u7063\u52a0\u6b0a\u5831\u916c\u6307\u6578_\u65e5\u6b632","^TAI50I      \u81fa\u706350\u5831\u916c\u6307\u6578","^TAI50Ix2    \u81fa\u706350\u5831\u916c\u6307\u6578_\u65e5\u6b632","^TAI100I     \u81fa\u7063\u4e2d\u578b100\u5831\u916c\u6307\u6578","^TAI100Ix2   \u81fa\u7063\u4e2d\u578b100\u5831\u916c\u6307\u6578_\u65e5\u6b632","^TAIDIVIDI   \u81fa\u7063\u9ad8\u80a1\u606f\u5831\u916c\u6307\u6578","^TAIDIVIDIx2 \u81fa\u7063\u9ad8\u80a1\u606f\u5831\u916c\u6307\u6578_\u65e5\u6b632","0050Fund     \u5143\u5927\u53f0\u7063\u5353\u8d8a50\u57fa\u91d1","006208Fund   \u5bcc\u90a6\u53f0\u7063\u91c6\u540950\u57fa\u91d1","0050         \u5143\u5927\u81fa\u706350","00631L       \u5143\u5927\u53f0\u706350\u6b632","00675L       \u5bcc\u90a6\u81fa\u7063\u52a0\u6b0a\u6b632","006208       \u5bcc\u90a6\u53f050","0051         \u5143\u5927\u4e2d\u578b100","006204       \u6c38\u8c50\u81fa\u7063\u52a0\u6b0a","0056         \u5143\u5927\u9ad8\u80a1\u606f","0056         \u5143\u5927\u9ad8\u80a1\u606f_\u80a1\u606f\u4e0d\u6295\u5165","2412         \u4e2d\u83ef\u96fb\u4fe1","2002         \u4e2d\u92fc","2330         \u53f0\u7a4d\u96fb","2317         \u9d3b\u6d77","6505         \u53f0\u5851\u77f3\u5316","3481         \u7fa4\u5275","2303         \u806f\u96fb","2308         \u53f0\u9054\u96fb","2454         \u806f\u767c\u79d1","2886         \u5146\u8c50\u91d1","2884         \u7389\u5c71\u91d1","2891         \u4e2d\u4fe1\u91d1","2892         \u7b2c\u4e00\u91d1","5880         \u5408\u5eab\u91d1","2881         \u5bcc\u90a6\u91d1","2885         \u5143\u5927\u91d1","2887         \u53f0\u65b0\u91d1"],"y":["^TAIEX       \u81fa\u7063\u52a0\u6b0a\u5831\u916c\u6307\u6578","^TWII        \u81fa\u7063\u52a0\u6b0a\u6307\u6578","^TAIEXx2     \u81fa\u7063\u52a0\u6b0a\u5831\u916c\u6307\u6578_\u65e5\u6b632","^TAI50I      \u81fa\u706350\u5831\u916c\u6307\u6578","^TAI50Ix2    \u81fa\u706350\u5831\u916c\u6307\u6578_\u65e5\u6b632","^TAI100I     \u81fa\u7063\u4e2d\u578b100\u5831\u916c\u6307\u6578","^TAI100Ix2   \u81fa\u7063\u4e2d\u578b100\u5831\u916c\u6307\u6578_\u65e5\u6b632","^TAIDIVIDI   \u81fa\u7063\u9ad8\u80a1\u606f\u5831\u916c\u6307\u6578","^TAIDIVIDIx2 \u81fa\u7063\u9ad8\u80a1\u606f\u5831\u916c\u6307\u6578_\u65e5\u6b632","0050Fund     \u5143\u5927\u53f0\u7063\u5353\u8d8a50\u57fa\u91d1","006208Fund   \u5bcc\u90a6\u53f0\u7063\u91c6\u540950\u57fa\u91d1","0050         \u5143\u5927\u81fa\u706350","00631L       \u5143\u5927\u53f0\u706350\u6b632","00675L       \u5bcc\u90a6\u81fa\u7063\u52a0\u6b0a\u6b632","006208       \u5bcc\u90a6\u53f050","0051         \u5143\u5927\u4e2d\u578b100","006204       \u6c38\u8c50\u81fa\u7063\u52a0\u6b0a","0056         \u5143\u5927\u9ad8\u80a1\u606f","0056         \u5143\u5927\u9ad8\u80a1\u606f_\u80a1\u606f\u4e0d\u6295\u5165","2412         \u4e2d\u83ef\u96fb\u4fe1","2002         \u4e2d\u92fc","2330         \u53f0\u7a4d\u96fb","2317         \u9d3b\u6d77","6505         \u53f0\u5851\u77f3\u5316","3481         \u7fa4\u5275","2303         \u806f\u96fb","2308         \u53f0\u9054\u96fb","2454         \u806f\u767c\u79d1","2886         \u5146\u8c50\u91d1","2884         \u7389\u5c71\u91d1","2891         \u4e2d\u4fe1\u91d1","2892         \u7b2c\u4e00\u91d1","5880         \u5408\u5eab\u91d1","2881         \u5bcc\u90a6\u91d1","2885         \u5143\u5927\u91d1","2887         \u53f0\u65b0\u91d1"],"zmin":-1,"zmax":1,"colorbar":{"x":-0.2}}],"layout":{"autotypenumbers":"strict","colorway":["#636efa","#EF553B","#00cc96","#ab63fa","#FFA15A","#19d3f3","#FF6692","#B6E880","#FF97FF","#FECB52"],"font":{"color":"#f2f5fa","family":"Courier New"},"hovermode":"closest","hoverlabel":{"align":"left"},"paper_bgcolor":"rgb(17,17,17)","plot_bgcolor":"rgb(17,17,17)","polar":{"bgcolor":"rgb(17,17,17)","angularaxis":{"gridcolor":"#506784","linecolor":"#506784","ticks":""},"radialaxis":{"gridcolor":"#506784","linecolor":"#506784","ticks":""}},"ternary":{"bgcolor":"rgb(17,17,17)","aaxis":{"gridcolor":"#506784","linecolor":"#506784","ticks":""},"baxis":{"gridcolor":"#506784","linecolor":"#506784","ticks":""},"caxis":{"gridcolor":"#506784","linecolor":"#506784","ticks":""}},"coloraxis":{"colorbar":{"outlinewidth":0,"ticks":""}},"colorscale":{"sequential":[[0.0,"#0d0887"],[0.1111111111111111,"#46039f"],[0.2222222222222222,"#7201a8"],[0.3333333333333333,"#9c179e"],[0.4444444444444444,"#bd3786"],[0.5555555555555556,"#d8576b"],[0.6666666666666666,"#ed7953"],[0.7777777777777778,"#fb9f3a"],[0.8888888888888888,"#fdca26"],[1.0,"#f0f921"]],"sequentialminus":[[0.0,"#0d0887"],[0.1111111111111111,"#46039f"],[0.2222222222222222,"#7201a8"],[0.3333333333333333,"#9c179e"],[0.4444444444444444,"#bd3786"],[0.5555555555555556,"#d8576b"],[0.6666666666666666,"#ed7953"],[0.7777777777777778,"#fb9f3a"],[0.8888888888888888,"#fdca26"],[1.0,"#f0f921"]],"diverging":[[0,"#8e0152"],[0.1,"#c51b7d"],[0.2,"#de77ae"],[0.3,"#f1b6da"],[0.4,"#fde0ef"],[0.5,"#f7f7f7"],[0.6,"#e6f5d0"],[0.7,"#b8e186"],[0.8,"#7fbc41"],[0.9,"#4d9221"],[1,"#276419"]]},"xaxis":{"gridcolor":"rgba(0, 0, 0, 0)","linecolor":"#506784","ticks":"","title":{"standoff":15},"zerolinecolor":"#283442","automargin":true,"zerolinewidth":2,"tickfont":{"family":"Courier New","size":14},"side":"top","tickangle":-90},"yaxis":{"gridcolor":"rgba(0, 0, 0, 0)","linecolor":"#506784","ticks":"","title":{"standoff":15},"zerolinecolor":"#283442","automargin":true,"zerolinewidth":2,"tickfont":{"family":"Courier New"},"side":"right"},"scene":{"xaxis":{"backgroundcolor":"rgb(17,17,17)","gridcolor":"#506784","linecolor":"#506784","showbackground":true,"ticks":"","zerolinecolor":"#C8D4E3","gridwidth":2},"yaxis":{"backgroundcolor":"rgb(17,17,17)","gridcolor":"#506784","linecolor":"#506784","showbackground":true,"ticks":"","zerolinecolor":"#C8D4E3","gridwidth":2},"zaxis":{"backgroundcolor":"rgb(17,17,17)","gridcolor":"#506784","linecolor":"#506784","showbackground":true,"ticks":"","zerolinecolor":"#C8D4E3","gridwidth":2}},"shapedefaults":{"line":{"color":"#f2f5fa"}},"annotationdefaults":{"arrowcolor":"#f2f5fa","arrowhead":0,"arrowwidth":1},"geo":{"bgcolor":"rgb(17,17,17)","landcolor":"rgb(17,17,17)","subunitcolor":"#506784","showland":true,"showlakes":true,"lakecolor":"rgb(17,17,17)"},"title":{"x":0.05,"font":{"family":"Times New Roman"},"y":0.05,"text":"<b>Correlation of Close<b><br><i>2016-09-23 ~ 2026-03-31<i>"},"updatemenudefaults":{"bgcolor":"#506784","borderwidth":0},"sliderdefaults":{"bgcolor":"#C8D4E3","borderwidth":1,"bordercolor":"rgb(17,17,17)","tickwidth":0},"mapbox":{"style":"dark"},"annotations":[{"text":"<b>@zwindr<b>","textangle":0,"opacity":0.5,"font":{"color":"white","size":12},"xref":"paper","yref":"paper","xanchor":"left","yanchor":"bottom","x":1.0,"y":1.0,"showarrow":false}]},"config":{"responsive":true,"toImageButtonOptions":{"filename":"Correlation of Close_2016-09-23~2026-03-31","scale":5}}};Plotly.newPlot("correlationClose",correlationClose.data,correlationClose.layout||{},correlationClose.config);}else{console.log("style display is none => correlationClose");}