var element=document.getElementById("correlationClose");if(element.style.display!='none'){var correlationClose={"data":[{"type":"heatmap","z":[[1.0,0.9999999999999984,1.0,0.9955056956268422,0.9955056956268422,0.9632979626214847,0.9632979626214847,0.9006381360270361,0.9006381360270361,0.8554172246259917,0.9948847623181736,0.8838768645181524,0.9929646186696922,0.992693630684994,0.9949127677868921,0.972981210386165,0.998943663556164,0.9243718234518902,0.9243718234518902,0.7854714440675478,-0.10251968232332087,0.9774639224659276,0.09552313457296313,-0.04745113356959891,-0.2528099254792398,0.8199528759502861,0.9359594875233287,0.9102193960777412,0.9288743955850319,0.777547621547752,0.5110361530114904,0.6235667386517877,0.6382739414604335,0.9309482205669826,0.8198650484405372,0.17187386067709082],[0.9999999999999984,1.0,0.9999999999999986,0.9954615632473995,0.9954615632473995,0.9626860889127753,0.9626860889127753,0.9017805128884447,0.9017805128884447,0.8561658554446483,0.9948679051020256,0.8833442944963737,0.9927002270194183,0.9921448540500308,0.994886560037232,0.9723092877415977,0.998946762898962,0.9247992883616154,0.9247992883616154,0.8050841701048518,0.10661713974853505,0.9687911305189268,-0.08233308461705045,-0.04017184523729113,-0.2530516638751441,0.6470648592466688,0.9361389217659646,0.883597835240047,0.9233042784457416,0.7895442928470208,0.5026372567188414,0.6206534033044546,0.6650393715711406,0.9282063408828078,0.6705194858516829,0.16850391247052793],[1.0,0.9999999999999986,1.0,0.9955056956268422,0.9955056956268422,0.9632979626214847,0.9632979626214847,0.9006381360270361,0.9006381360270361,0.8554172246259917,0.9948847623181736,0.8838768645181524,0.9929646186696922,0.992693630684994,0.9949127677868921,0.972981210386165,0.998943663556164,0.9243718234518902,0.9243718234518902,0.7854714440675478,-0.10251968232332087,0.9774639224659276,0.09552313457296313,-0.04745113356959891,-0.2528099254792398,0.8199528759502861,0.9359594875233287,0.9102193960777412,0.9288743955850319,0.777547621547752,0.5110361530114904,0.6235667386517877,0.6382739414604335,0.9309482205669826,0.8198650484405372,0.17187386067709082],[0.9955056956268422,0.9954615632473995,0.9955056956268422,1.0,1.0,0.9505006248719975,0.9505006248719975,0.8863595107427145,0.8863595107427145,0.8393491447565655,0.9994896328006457,0.8715763330924404,0.9891435317306038,0.9852519387728427,0.999442685614791,0.9558340726823049,0.9949228992419712,0.9040991001818507,0.9040991001818507,0.76403127166254,-0.1089396011999695,0.9893421681972518,0.11729776857743493,-0.08073874538751055,-0.2555116112211754,0.8172070881010893,0.9343004853082022,0.9152501597581362,0.917466810952598,0.7879701965103834,0.5387092673053707,0.6182153457630897,0.6115607216997863,0.9237625172668347,0.8099171019039653,0.1836921053984922],[0.9955056956268422,0.9954615632473995,0.9955056956268422,1.0,1.0,0.9505006248719975,0.9505006248719975,0.8863595107427145,0.8863595107427145,0.8393491447565655,0.9994896328006457,0.8715763330924404,0.9891435317306038,0.9852519387728427,0.999442685614791,0.9558340726823049,0.9949228992419712,0.9040991001818507,0.9040991001818507,0.76403127166254,-0.1089396011999695,0.9893421681972518,0.11729776857743493,-0.08073874538751055,-0.2555116112211754,0.8172070881010893,0.9343004853082022,0.9152501597581362,0.917466810952598,0.7879701965103834,0.5387092673053707,0.6182153457630897,0.6115607216997863,0.9237625172668347,0.8099171019039653,0.1836921053984922],[0.9632979626214847,0.9626860889127753,0.9632979626214847,0.9505006248719975,0.9505006248719975,1.0,1.0,0.9265663228065156,0.9265663228065156,0.8379850459647258,0.9526826237446994,0.8585789528803517,0.9758863456088879,0.9743608516660188,0.9524630099737718,0.9990324248699894,0.9730776351904189,0.9192708907250339,0.9192708907250339,0.6354128578211521,-0.04828971248668407,0.9354666324333125,0.27000422869904356,-0.2444201091218427,-0.11186458800877544,0.8898558925672893,0.8942229615937141,0.9286075575567612,0.8982814341214426,0.7375220891961675,0.723207397281138,0.7318573237156804,0.7130251631550518,0.8526065257425149,0.8530086096715319,0.45957176951391404],[0.9632979626214847,0.9626860889127753,0.9632979626214847,0.9505006248719975,0.9505006248719975,1.0,1.0,0.9265663228065156,0.9265663228065156,0.8379850459647258,0.9526826237446994,0.8585789528803517,0.9758863456088879,0.9743608516660188,0.9524630099737718,0.9990324248699894,0.9730776351904189,0.9192708907250339,0.9192708907250339,0.6354128578211521,-0.04828971248668407,0.9354666324333125,0.27000422869904356,-0.2444201091218427,-0.11186458800877544,0.8898558925672893,0.8942229615937141,0.9286075575567612,0.8982814341214426,0.7375220891961675,0.723207397281138,0.7318573237156804,0.7130251631550518,0.8526065257425149,0.8530086096715319,0.45957176951391404],[0.9006381360270361,0.9017805128884447,0.9006381360270361,0.8863595107427145,0.8863595107427145,0.9265663228065156,0.9265663228065156,1.0,1.0,0.8234040103450803,0.9389587344545111,0.8285144359972171,0.9471409339756177,0.9422414803997958,0.9387677379599124,0.9274810709140233,0.9422262793507605,0.9721627923779327,0.9721627923779327,0.5729689594065082,0.07261465208127932,0.8452272921535773,0.5163157707245091,-0.26866422497017806,0.02761997448337221,0.7847956839248709,0.7885267911527872,0.8668634086012252,0.8466208151068544,0.7494442585153687,0.8718142328668463,0.7745417952424045,0.719630732944658,0.7799990306240674,0.8403813792543814,0.7979407510764928],[0.9006381360270361,0.9017805128884447,0.9006381360270361,0.8863595107427145,0.8863595107427145,0.9265663228065156,0.9265663228065156,1.0,1.0,0.8234040103450803,0.9389587344545111,0.8285144359972171,0.9471409339756177,0.9422414803997958,0.9387677379599124,0.9274810709140233,0.9422262793507605,0.9721627923779327,0.9721627923779327,0.5729689594065082,0.07261465208127932,0.8452272921535773,0.5163157707245091,-0.26866422497017806,0.02761997448337221,0.7847956839248709,0.7885267911527872,0.8668634086012252,0.8466208151068544,0.7494442585153687,0.8718142328668463,0.7745417952424045,0.719630732944658,0.7799990306240674,0.8403813792543814,0.7979407510764928],[0.8554172246259917,0.8561658554446483,0.8554172246259917,0.8393491447565655,0.8393491447565655,0.8379850459647258,0.8379850459647258,0.8234040103450803,0.8234040103450803,1.0,0.8320764184299647,0.9999758439112095,0.8009906555808688,0.7476132044117052,0.8339090424186528,0.8402515125001236,0.8511688681155911,0.8598899949257003,0.8598899949257003,0.7209431909469008,0.24471894777416184,0.8239383724027354,0.6758180567374771,-0.27130064528134173,0.39317107067683077,0.8367910090085928,0.6353698713967816,0.8130167099854602,0.8067832994145417,0.6963561615881771,0.675274444779727,0.7717878270684495,0.7702154131279854,0.7819975810489622,0.8230780652251469,0.7530472099033617],[0.9948847623181736,0.9948679051020256,0.9948847623181736,0.9994896328006457,0.9994896328006457,0.9526826237446994,0.9526826237446994,0.9389587344545111,0.9389587344545111,0.8320764184299647,1.0,0.8318189506934163,0.9888367639338982,0.9853813337454255,0.9999165988959,0.9529621469403875,0.993945014912002,0.9196334280171509,0.9196334280171509,0.851025139849435,0.11291028825371513,0.9959370263579926,0.8628534950005157,-0.46224536731917104,0.35498038128932957,0.8501020463973569,0.9006339438016476,0.9435351670713545,0.9133743830808263,0.813278886818783,0.9004834533330337,0.8746734337665556,0.8054685695191767,0.8994819418188019,0.9435232821712523,0.773158182570333],[0.8838768645181524,0.8833442944963737,0.8838768645181524,0.8715763330924404,0.8715763330924404,0.8585789528803517,0.8585789528803517,0.8285144359972171,0.8285144359972171,0.9999758439112095,0.8318189506934163,1.0,0.7981227862361024,0.7439318279007294,0.8315876900357988,0.8594615416397237,0.8574385618829833,0.8604762307540623,0.8604762307540623,0.6883580462692179,0.012069370515385888,0.8540162119941832,0.5375460218583541,-0.19858179665148035,-0.23438739130605526,0.8484468827579756,0.7052731347774891,0.8015081592041656,0.8352940188386667,0.7510651657057918,0.6873211268051799,0.7527853586505372,0.7033341462289745,0.8248255101672307,0.7256219736387742,0.718597750187268],[0.9929646186696922,0.9927002270194183,0.9929646186696922,0.9891435317306038,0.9891435317306038,0.9758863456088879,0.9758863456088879,0.9471409339756177,0.9471409339756177,0.8009906555808688,0.9888367639338982,0.7981227862361024,1.0,0.9997128359721523,0.9888287651892835,0.9741045667939255,0.9903812220250282,0.914868633761351,0.914868633761351,0.8231908670891143,0.14900086667167103,0.9865951889873628,0.8852603252045644,-0.6373130032196526,0.4305495773217112,0.8291241179508528,0.9063330969210529,0.958922399222745,0.9080971128239528,0.7427841839054449,0.900792974061064,0.8558429216118744,0.7950028645552378,0.8821811548791243,0.9626973915345236,0.8065231958644135],[0.992693630684994,0.9921448540500308,0.992693630684994,0.9852519387728427,0.9852519387728427,0.9743608516660188,0.9743608516660188,0.9422414803997958,0.9422414803997958,0.7476132044117052,0.9853813337454255,0.7439318279007294,0.9997128359721523,1.0,0.985554176739523,0.9715782360448707,0.9888985200370555,0.9013559115059735,0.9013559115059735,0.8425115549797589,0.025941362389787784,0.9813028231627587,0.8939036134011272,-0.8345210120926688,0.47450587858114474,0.7830907608366939,0.9102204585318897,0.956408763238232,0.8950370089465444,0.6658882729046928,0.9106990144666708,0.8446910085994526,0.7438598573585893,0.9126913152557418,0.9646960025701063,0.7733106626322103],[0.9949127677868921,0.994886560037232,0.9949127677868921,0.999442685614791,0.999442685614791,0.9524630099737718,0.9524630099737718,0.9387677379599124,0.9387677379599124,0.8339090424186528,0.9999165988959,0.8315876900357988,0.9888287651892835,0.985554176739523,1.0,0.9528634994468002,0.9939859664280536,0.9200226834986722,0.9200226834986722,0.8521281665124459,0.1120610166858807,0.9958114079055435,0.8624158004550493,-0.4598644412167315,0.3541320525798814,0.8499877851254575,0.8977308632016848,0.9425438379727361,0.9138581045337817,0.8146521633356664,0.9000166506513213,0.8758643590036328,0.8063635276753698,0.899352646759377,0.9434389040718729,0.773341822954924],[0.972981210386165,0.9723092877415977,0.972981210386165,0.9558340726823049,0.9558340726823049,0.9990324248699894,0.9990324248699894,0.9274810709140233,0.9274810709140233,0.8402515125001236,0.9529621469403875,0.8594615416397237,0.9741045667939255,0.9715782360448707,0.9528634994468002,1.0,0.9745621172691984,0.9190080716306751,0.9190080716306751,0.6842426370591392,-0.030662878345588607,0.9453997354969744,0.600766302181108,-0.37775369534805137,-0.1637816989234946,0.9020683818292397,0.8983463073969903,0.9242185947854812,0.9061776694689092,0.7764985109406763,0.84230713308315,0.7808260987743117,0.7701096237880346,0.8758037623922346,0.850335015325243,0.7850873836528678],[0.998943663556164,0.998946762898962,0.998943663556164,0.9949228992419712,0.9949228992419712,0.9730776351904189,0.9730776351904189,0.9422262793507605,0.9422262793507605,0.8511688681155911,0.993945014912002,0.8574385618829833,0.9903812220250282,0.9888985200370555,0.9939859664280536,0.9745621172691984,1.0,0.9384836939903091,0.9384836939903091,0.8570002474255114,0.11576359884412336,0.9872671768900075,0.8323082862364217,-0.4416542924142036,0.3692751825124583,0.8871493640230647,0.9070655751668032,0.9477699787056101,0.9380437741656807,0.8322438813657551,0.8881359934170311,0.9014077388547472,0.8382715597645566,0.9114190753601286,0.9490973181862364,0.8306356093940312],[0.9243718234518902,0.9247992883616154,0.9243718234518902,0.9040991001818507,0.9040991001818507,0.9192708907250339,0.9192708907250339,0.9721627923779327,0.9721627923779327,0.8598899949257003,0.9196334280171509,0.8604762307540623,0.914868633761351,0.9013559115059735,0.9200226834986722,0.9190080716306751,0.9384836939903091,1.0,1.0,0.734316620758754,-0.0017471051494698674,0.8675539466850362,0.5245481861148263,-0.1597479454243385,-0.20409957512212532,0.8241048422634004,0.7986055894806278,0.8312376744116994,0.9138857927386776,0.8335985880162724,0.7965189709289853,0.7484650085308432,0.7038302164434045,0.8402080012178111,0.7698945074981746,0.8472955407797126],[0.9243718234518902,0.9247992883616154,0.9243718234518902,0.9040991001818507,0.9040991001818507,0.9192708907250339,0.9192708907250339,0.9721627923779327,0.9721627923779327,0.8598899949257003,0.9196334280171509,0.8604762307540623,0.914868633761351,0.9013559115059735,0.9200226834986722,0.9190080716306751,0.9384836939903091,1.0,1.0,0.734316620758754,-0.0017471051494698674,0.8675539466850362,0.5245481861148263,-0.1597479454243385,-0.20409957512212532,0.8241048422634004,0.7986055894806278,0.8312376744116994,0.9138857927386776,0.8335985880162724,0.7965189709289853,0.7484650085308432,0.7038302164434045,0.8402080012178111,0.7698945074981746,0.8472955407797126],[0.7854714440675478,0.8050841701048518,0.7854714440675478,0.76403127166254,0.76403127166254,0.6354128578211521,0.6354128578211521,0.5729689594065082,0.5729689594065082,0.7209431909469008,0.851025139849435,0.6883580462692179,0.8231908670891143,0.8425115549797589,0.8521281665124459,0.6842426370591392,0.8570002474255114,0.734316620758754,0.734316620758754,1.0,0.049841998684028166,0.7265520160246133,-0.41096033377351443,0.3524960199602173,-0.6594479951112481,0.3413972620496722,0.7735693979385122,0.49650997086178333,0.832839232165852,0.6876376226882165,0.07275173396372729,0.29283493742057287,0.561607844176521,0.7799410403521689,0.4633599848451528,-0.1646539797028316],[-0.10251968232332087,0.10661713974853505,-0.10251968232332087,-0.1089396011999695,-0.1089396011999695,-0.04828971248668407,-0.04828971248668407,0.07261465208127932,0.07261465208127932,0.24471894777416184,0.11291028825371513,0.012069370515385888,0.14900086667167103,0.025941362389787784,0.1120610166858807,-0.030662878345588607,0.11576359884412336,-0.0017471051494698674,-0.0017471051494698674,0.049841998684028166,1.0,-0.06509630715044257,0.12680993476013921,0.13481673923115595,0.7514042704284628,-0.08226294873870663,0.009380388892814229,0.013650932829291902,0.1832650422623287,0.020769992219316073,0.09084992838209027,0.3643609847916953,0.5806198237950597,-0.09615722892888744,0.1302558640525401,0.16946956518418693],[0.9774639224659276,0.9687911305189268,0.9774639224659276,0.9893421681972518,0.9893421681972518,0.9354666324333125,0.9354666324333125,0.8452272921535773,0.8452272921535773,0.8239383724027354,0.9959370263579926,0.8540162119941832,0.9865951889873628,0.9813028231627587,0.9958114079055435,0.9453997354969744,0.9872671768900075,0.8675539466850362,0.8675539466850362,0.7265520160246133,-0.06509630715044257,1.0,0.026183486038614347,-0.14293358936319853,-0.31184597037706924,0.679433715552722,0.9224258374484108,0.8997373855050336,0.8608322448448306,0.7572393850502999,0.5373028788638443,0.5832961474805072,0.539890315365211,0.902577304702391,0.6486479322026392,0.1627272054062361],[0.09552313457296313,-0.08233308461705045,0.09552313457296313,0.11729776857743493,0.11729776857743493,0.27000422869904356,0.27000422869904356,0.5163157707245091,0.5163157707245091,0.6758180567374771,0.8628534950005157,0.5375460218583541,0.8852603252045644,0.8939036134011272,0.8624158004550493,0.600766302181108,0.8323082862364217,0.5245481861148263,0.5245481861148263,-0.41096033377351443,0.12680993476013921,0.026183486038614347,1.0,-0.43843177218495455,0.7568196726673353,0.3670120899136098,0.00023926082264458777,0.2759561533012652,-0.1359597797145494,0.04320533221423063,0.5712204266349726,0.45912110866921185,0.18731982896641883,-0.05241962534742797,0.3674218419890265,0.46337173483923166],[-0.04745113356959891,-0.04017184523729113,-0.04745113356959891,-0.08073874538751055,-0.08073874538751055,-0.2444201091218427,-0.2444201091218427,-0.26866422497017806,-0.26866422497017806,-0.27130064528134173,-0.46224536731917104,-0.19858179665148035,-0.6373130032196526,-0.8345210120926688,-0.4598644412167315,-0.37775369534805137,-0.4416542924142036,-0.1597479454243385,-0.1597479454243385,0.3524960199602173,0.13481673923115595,-0.14293358936319853,-0.43843177218495455,1.0,-0.038032930339108366,-0.14415124202847424,-0.11481194783535756,-0.2743905310818603,-0.010753373438568185,-0.047155933559149446,-0.5520523426136852,-0.17768695848892674,-0.009354226685834416,-0.0041395117771721255,-0.18513572929781094,-0.40088502794774417],[-0.2528099254792398,-0.2530516638751441,-0.2528099254792398,-0.2555116112211754,-0.2555116112211754,-0.11186458800877544,-0.11186458800877544,0.02761997448337221,0.02761997448337221,0.39317107067683077,0.35498038128932957,-0.23438739130605526,0.4305495773217112,0.47450587858114474,0.3541320525798814,-0.1637816989234946,0.3692751825124583,-0.20409957512212532,-0.20409957512212532,-0.6594479951112481,0.7514042704284628,-0.31184597037706924,0.7568196726673353,-0.038032930339108366,1.0,-0.10186244887412073,-0.2824833199775962,-0.05797831656538603,-0.35062461747414553,-0.32779662651952063,0.09047663657710338,0.17159296205699986,0.2686213637560515,-0.3818588027192221,0.12965939841206311,0.1008256378377048],[0.8199528759502861,0.6470648592466688,0.8199528759502861,0.8172070881010893,0.8172070881010893,0.8898558925672893,0.8898558925672893,0.7847956839248709,0.7847956839248709,0.8367910090085928,0.8501020463973569,0.8484468827579756,0.8291241179508528,0.7830907608366939,0.8499877851254575,0.9020683818292397,0.8871493640230647,0.8241048422634004,0.8241048422634004,0.3413972620496722,-0.08226294873870663,0.679433715552722,0.3670120899136098,-0.14415124202847424,-0.10186244887412073,1.0,0.5874886737612379,0.83828468539522,0.48545092583020605,0.6194800663906801,0.5354961262527272,0.6500244958037049,0.4197062877226385,0.6989430560683184,0.6997208109392553,0.4113055897338686],[0.9359594875233287,0.9361389217659646,0.9359594875233287,0.9343004853082022,0.9343004853082022,0.8942229615937141,0.8942229615937141,0.7885267911527872,0.7885267911527872,0.6353698713967816,0.9006339438016476,0.7052731347774891,0.9063330969210529,0.9102204585318897,0.8977308632016848,0.8983463073969903,0.9070655751668032,0.7986055894806278,0.7986055894806278,0.7735693979385122,0.009380388892814229,0.9224258374484108,0.00023926082264458777,-0.11481194783535756,-0.2824833199775962,0.5874886737612379,1.0,0.8311023950310806,0.8379768158812918,0.7058492912195506,0.41390870882160474,0.5042373998974519,0.5750360685450057,0.8828113607570037,0.6260196577513383,0.06785853060839263],[0.9102193960777412,0.883597835240047,0.9102193960777412,0.9152501597581362,0.9152501597581362,0.9286075575567612,0.9286075575567612,0.8668634086012252,0.8668634086012252,0.8130167099854602,0.9435351670713545,0.8015081592041656,0.958922399222745,0.956408763238232,0.9425438379727361,0.9242185947854812,0.9477699787056101,0.8312376744116994,0.8312376744116994,0.49650997086178333,0.013650932829291902,0.8997373855050336,0.2759561533012652,-0.2743905310818603,-0.05797831656538603,0.83828468539522,0.8311023950310806,1.0,0.7430444142418836,0.5985310938563472,0.5705107141569574,0.5886629842474334,0.5308136976699345,0.8091235517024578,0.8245076176844603,0.2082287990921549],[0.9288743955850319,0.9233042784457416,0.9288743955850319,0.917466810952598,0.917466810952598,0.8982814341214426,0.8982814341214426,0.8466208151068544,0.8466208151068544,0.8067832994145417,0.9133743830808263,0.8352940188386667,0.9080971128239528,0.8950370089465444,0.9138581045337817,0.9061776694689092,0.9380437741656807,0.9138857927386776,0.9138857927386776,0.832839232165852,0.1832650422623287,0.8608322448448306,-0.1359597797145494,-0.010753373438568185,-0.35062461747414553,0.48545092583020605,0.8379768158812918,0.7430444142418836,1.0,0.9041002941020668,0.5234060483163699,0.6786923847733748,0.6651003966127781,0.874903670326569,0.4893315859889375,0.29073562433999184],[0.777547621547752,0.7895442928470208,0.777547621547752,0.7879701965103834,0.7879701965103834,0.7375220891961675,0.7375220891961675,0.7494442585153687,0.7494442585153687,0.6963561615881771,0.813278886818783,0.7510651657057918,0.7427841839054449,0.6658882729046928,0.8146521633356664,0.7764985109406763,0.8322438813657551,0.8335985880162724,0.8335985880162724,0.6876376226882165,0.020769992219316073,0.7572393850502999,0.04320533221423063,-0.047155933559149446,-0.32779662651952063,0.6194800663906801,0.7058492912195506,0.5985310938563472,0.9041002941020668,1.0,0.5650212515244373,0.6614799347080494,0.6067124582906738,0.724067367901245,0.5719345028328755,0.4685822309251446],[0.5110361530114904,0.5026372567188414,0.5110361530114904,0.5387092673053707,0.5387092673053707,0.723207397281138,0.723207397281138,0.8718142328668463,0.8718142328668463,0.675274444779727,0.9004834533330337,0.6873211268051799,0.900792974061064,0.9106990144666708,0.9000166506513213,0.84230713308315,0.8881359934170311,0.7965189709289853,0.7965189709289853,0.07275173396372729,0.09084992838209027,0.5373028788638443,0.5712204266349726,-0.5520523426136852,0.09047663657710338,0.5354961262527272,0.41390870882160474,0.5705107141569574,0.5234060483163699,0.5650212515244373,1.0,0.7389714489769629,0.37578838971163575,0.46414936047871874,0.5520257507441185,0.7689859125984275],[0.6235667386517877,0.6206534033044546,0.6235667386517877,0.6182153457630897,0.6182153457630897,0.7318573237156804,0.7318573237156804,0.7745417952424045,0.7745417952424045,0.7717878270684495,0.8746734337665556,0.7527853586505372,0.8558429216118744,0.8446910085994526,0.8758643590036328,0.7808260987743117,0.9014077388547472,0.7484650085308432,0.7484650085308432,0.29283493742057287,0.3643609847916953,0.5832961474805072,0.45912110866921185,-0.17768695848892674,0.17159296205699986,0.6500244958037049,0.5042373998974519,0.5886629842474334,0.6786923847733748,0.6614799347080494,0.7389714489769629,1.0,0.7781182698241371,0.4810247918302302,0.7219211668427874,0.5459968300884234],[0.6382739414604335,0.6650393715711406,0.6382739414604335,0.6115607216997863,0.6115607216997863,0.7130251631550518,0.7130251631550518,0.719630732944658,0.719630732944658,0.7702154131279854,0.8054685695191767,0.7033341462289745,0.7950028645552378,0.7438598573585893,0.8063635276753698,0.7701096237880346,0.8382715597645566,0.7038302164434045,0.7038302164434045,0.561607844176521,0.5806198237950597,0.539890315365211,0.18731982896641883,-0.009354226685834416,0.2686213637560515,0.4197062877226385,0.5750360685450057,0.5308136976699345,0.6651003966127781,0.6067124582906738,0.37578838971163575,0.7781182698241371,1.0,0.4886293022377712,0.66553028934347,0.19683228493261978],[0.9309482205669826,0.9282063408828078,0.9309482205669826,0.9237625172668347,0.9237625172668347,0.8526065257425149,0.8526065257425149,0.7799990306240674,0.7799990306240674,0.7819975810489622,0.8994819418188019,0.8248255101672307,0.8821811548791243,0.9126913152557418,0.899352646759377,0.8758037623922346,0.9114190753601286,0.8402080012178111,0.8402080012178111,0.7799410403521689,-0.09615722892888744,0.902577304702391,-0.05241962534742797,-0.0041395117771721255,-0.3818588027192221,0.6989430560683184,0.8828113607570037,0.8091235517024578,0.874903670326569,0.724067367901245,0.46414936047871874,0.4810247918302302,0.4886293022377712,1.0,0.7184689162065349,0.160702511306072],[0.8198650484405372,0.6705194858516829,0.8198650484405372,0.8099171019039653,0.8099171019039653,0.8530086096715319,0.8530086096715319,0.8403813792543814,0.8403813792543814,0.8230780652251469,0.9435232821712523,0.7256219736387742,0.9626973915345236,0.9646960025701063,0.9434389040718729,0.850335015325243,0.9490973181862364,0.7698945074981746,0.7698945074981746,0.4633599848451528,0.1302558640525401,0.6486479322026392,0.3674218419890265,-0.18513572929781094,0.12965939841206311,0.6997208109392553,0.6260196577513383,0.8245076176844603,0.4893315859889375,0.5719345028328755,0.5520257507441185,0.7219211668427874,0.66553028934347,0.7184689162065349,1.0,0.16955626498136903],[0.17187386067709082,0.16850391247052793,0.17187386067709082,0.1836921053984922,0.1836921053984922,0.45957176951391404,0.45957176951391404,0.7979407510764928,0.7979407510764928,0.7530472099033617,0.773158182570333,0.718597750187268,0.8065231958644135,0.7733106626322103,0.773341822954924,0.7850873836528678,0.8306356093940312,0.8472955407797126,0.8472955407797126,-0.1646539797028316,0.16946956518418693,0.1627272054062361,0.46337173483923166,-0.40088502794774417,0.1008256378377048,0.4113055897338686,0.06785853060839263,0.2082287990921549,0.29073562433999184,0.4685822309251446,0.7689859125984275,0.5459968300884234,0.19683228493261978,0.160702511306072,0.16955626498136903,1.0]],"x":["^TAIEX       \u81fa\u7063\u52a0\u6b0a\u5831\u916c\u6307\u6578","^TWII        \u81fa\u7063\u52a0\u6b0a\u6307\u6578","^TAIEXx2     \u81fa\u7063\u52a0\u6b0a\u5831\u916c\u6307\u6578_\u65e5\u6b632","^TAI50I      \u81fa\u706350\u5831\u916c\u6307\u6578","^TAI50Ix2    \u81fa\u706350\u5831\u916c\u6307\u6578_\u65e5\u6b632","^TAI100I     \u81fa\u7063\u4e2d\u578b100\u5831\u916c\u6307\u6578","^TAI100Ix2   \u81fa\u7063\u4e2d\u578b100\u5831\u916c\u6307\u6578_\u65e5\u6b632","^TAIDIVIDI   \u81fa\u7063\u9ad8\u80a1\u606f\u5831\u916c\u6307\u6578","^TAIDIVIDIx2 \u81fa\u7063\u9ad8\u80a1\u606f\u5831\u916c\u6307\u6578_\u65e5\u6b632","0050Fund     \u5143\u5927\u53f0\u7063\u5353\u8d8a50\u57fa\u91d1","006208Fund   \u5bcc\u90a6\u53f0\u7063\u91c6\u540950\u57fa\u91d1","0050         \u5143\u5927\u81fa\u706350","00631L       \u5143\u5927\u53f0\u706350\u6b632","00675L       \u5bcc\u90a6\u81fa\u7063\u52a0\u6b0a\u6b632","006208       \u5bcc\u90a6\u53f050","0051         \u5143\u5927\u4e2d\u578b100","006204       \u6c38\u8c50\u81fa\u7063\u52a0\u6b0a","0056         \u5143\u5927\u9ad8\u80a1\u606f","0056         \u5143\u5927\u9ad8\u80a1\u606f_\u80a1\u606f\u4e0d\u6295\u5165","2412         \u4e2d\u83ef\u96fb\u4fe1","2002         \u4e2d\u92fc","2330         \u53f0\u7a4d\u96fb","2317         \u9d3b\u6d77","6505         \u53f0\u5851\u77f3\u5316","3481         \u7fa4\u5275","2303         \u806f\u96fb","2308         \u53f0\u9054\u96fb","2454         \u806f\u767c\u79d1","2886         \u5146\u8c50\u91d1","2884         \u7389\u5c71\u91d1","2891         \u4e2d\u4fe1\u91d1","2892         \u7b2c\u4e00\u91d1","5880         \u5408\u5eab\u91d1","2881         \u5bcc\u90a6\u91d1","2885         \u5143\u5927\u91d1","2887         \u53f0\u65b0\u91d1"],"y":["^TAIEX       \u81fa\u7063\u52a0\u6b0a\u5831\u916c\u6307\u6578","^TWII        \u81fa\u7063\u52a0\u6b0a\u6307\u6578","^TAIEXx2     \u81fa\u7063\u52a0\u6b0a\u5831\u916c\u6307\u6578_\u65e5\u6b632","^TAI50I      \u81fa\u706350\u5831\u916c\u6307\u6578","^TAI50Ix2    \u81fa\u706350\u5831\u916c\u6307\u6578_\u65e5\u6b632","^TAI100I     \u81fa\u7063\u4e2d\u578b100\u5831\u916c\u6307\u6578","^TAI100Ix2   \u81fa\u7063\u4e2d\u578b100\u5831\u916c\u6307\u6578_\u65e5\u6b632","^TAIDIVIDI   \u81fa\u7063\u9ad8\u80a1\u606f\u5831\u916c\u6307\u6578","^TAIDIVIDIx2 \u81fa\u7063\u9ad8\u80a1\u606f\u5831\u916c\u6307\u6578_\u65e5\u6b632","0050Fund     \u5143\u5927\u53f0\u7063\u5353\u8d8a50\u57fa\u91d1","006208Fund   \u5bcc\u90a6\u53f0\u7063\u91c6\u540950\u57fa\u91d1","0050         \u5143\u5927\u81fa\u706350","00631L       \u5143\u5927\u53f0\u706350\u6b632","00675L       \u5bcc\u90a6\u81fa\u7063\u52a0\u6b0a\u6b632","006208       \u5bcc\u90a6\u53f050","0051         \u5143\u5927\u4e2d\u578b100","006204       \u6c38\u8c50\u81fa\u7063\u52a0\u6b0a","0056         \u5143\u5927\u9ad8\u80a1\u606f","0056         \u5143\u5927\u9ad8\u80a1\u606f_\u80a1\u606f\u4e0d\u6295\u5165","2412         \u4e2d\u83ef\u96fb\u4fe1","2002         \u4e2d\u92fc","2330         \u53f0\u7a4d\u96fb","2317         \u9d3b\u6d77","6505         \u53f0\u5851\u77f3\u5316","3481         \u7fa4\u5275","2303         \u806f\u96fb","2308         \u53f0\u9054\u96fb","2454         \u806f\u767c\u79d1","2886         \u5146\u8c50\u91d1","2884         \u7389\u5c71\u91d1","2891         \u4e2d\u4fe1\u91d1","2892         \u7b2c\u4e00\u91d1","5880         \u5408\u5eab\u91d1","2881         \u5bcc\u90a6\u91d1","2885         \u5143\u5927\u91d1","2887         \u53f0\u65b0\u91d1"],"zmin":-1,"zmax":1,"colorbar":{"x":-0.2}}],"layout":{"autotypenumbers":"strict","colorway":["#636efa","#EF553B","#00cc96","#ab63fa","#FFA15A","#19d3f3","#FF6692","#B6E880","#FF97FF","#FECB52"],"font":{"color":"#f2f5fa","family":"Courier New"},"hovermode":"closest","hoverlabel":{"align":"left"},"paper_bgcolor":"rgb(17,17,17)","plot_bgcolor":"rgb(17,17,17)","polar":{"bgcolor":"rgb(17,17,17)","angularaxis":{"gridcolor":"#506784","linecolor":"#506784","ticks":""},"radialaxis":{"gridcolor":"#506784","linecolor":"#506784","ticks":""}},"ternary":{"bgcolor":"rgb(17,17,17)","aaxis":{"gridcolor":"#506784","linecolor":"#506784","ticks":""},"baxis":{"gridcolor":"#506784","linecolor":"#506784","ticks":""},"caxis":{"gridcolor":"#506784","linecolor":"#506784","ticks":""}},"coloraxis":{"colorbar":{"outlinewidth":0,"ticks":""}},"colorscale":{"sequential":[[0.0,"#0d0887"],[0.1111111111111111,"#46039f"],[0.2222222222222222,"#7201a8"],[0.3333333333333333,"#9c179e"],[0.4444444444444444,"#bd3786"],[0.5555555555555556,"#d8576b"],[0.6666666666666666,"#ed7953"],[0.7777777777777778,"#fb9f3a"],[0.8888888888888888,"#fdca26"],[1.0,"#f0f921"]],"sequentialminus":[[0.0,"#0d0887"],[0.1111111111111111,"#46039f"],[0.2222222222222222,"#7201a8"],[0.3333333333333333,"#9c179e"],[0.4444444444444444,"#bd3786"],[0.5555555555555556,"#d8576b"],[0.6666666666666666,"#ed7953"],[0.7777777777777778,"#fb9f3a"],[0.8888888888888888,"#fdca26"],[1.0,"#f0f921"]],"diverging":[[0,"#8e0152"],[0.1,"#c51b7d"],[0.2,"#de77ae"],[0.3,"#f1b6da"],[0.4,"#fde0ef"],[0.5,"#f7f7f7"],[0.6,"#e6f5d0"],[0.7,"#b8e186"],[0.8,"#7fbc41"],[0.9,"#4d9221"],[1,"#276419"]]},"xaxis":{"gridcolor":"rgba(0, 0, 0, 0)","linecolor":"#506784","ticks":"","title":{"standoff":15},"zerolinecolor":"#283442","automargin":true,"zerolinewidth":2,"tickfont":{"family":"Courier New","size":14},"side":"top","tickangle":-90},"yaxis":{"gridcolor":"rgba(0, 0, 0, 0)","linecolor":"#506784","ticks":"","title":{"standoff":15},"zerolinecolor":"#283442","automargin":true,"zerolinewidth":2,"tickfont":{"family":"Courier New"},"side":"right"},"scene":{"xaxis":{"backgroundcolor":"rgb(17,17,17)","gridcolor":"#506784","linecolor":"#506784","showbackground":true,"ticks":"","zerolinecolor":"#C8D4E3","gridwidth":2},"yaxis":{"backgroundcolor":"rgb(17,17,17)","gridcolor":"#506784","linecolor":"#506784","showbackground":true,"ticks":"","zerolinecolor":"#C8D4E3","gridwidth":2},"zaxis":{"backgroundcolor":"rgb(17,17,17)","gridcolor":"#506784","linecolor":"#506784","showbackground":true,"ticks":"","zerolinecolor":"#C8D4E3","gridwidth":2}},"shapedefaults":{"line":{"color":"#f2f5fa"}},"annotationdefaults":{"arrowcolor":"#f2f5fa","arrowhead":0,"arrowwidth":1},"geo":{"bgcolor":"rgb(17,17,17)","landcolor":"rgb(17,17,17)","subunitcolor":"#506784","showland":true,"showlakes":true,"lakecolor":"rgb(17,17,17)"},"title":{"x":0.05,"font":{"family":"Times New Roman"},"y":0.05,"text":"<b>Correlation of Close<b><br><i>2016-09-23 ~ 2025-09-22<i>"},"updatemenudefaults":{"bgcolor":"#506784","borderwidth":0},"sliderdefaults":{"bgcolor":"#C8D4E3","borderwidth":1,"bordercolor":"rgb(17,17,17)","tickwidth":0},"mapbox":{"style":"dark"},"annotations":[{"text":"<b>@zwindr<b>","textangle":0,"opacity":0.5,"font":{"color":"white","size":12},"xref":"paper","yref":"paper","xanchor":"left","yanchor":"bottom","x":1.0,"y":1.0,"showarrow":false}]},"config":{"responsive":true,"toImageButtonOptions":{"filename":"Correlation of Close_2016-09-23~2025-09-22","scale":5}}};Plotly.newPlot("correlationClose",correlationClose.data,correlationClose.layout||{},correlationClose.config);}else{console.log("style display is none => correlationClose");}