var element=document.getElementById("correlationAdjClose");if(element.style.display!='none'){var correlationAdjClose={"data":[{"type":"heatmap","z":[[1.0,0.9955180862990025,0.9715472189438922,0.9967524078324165,0.9470634252618465,0.9853438905137627,0.9579970380637076,0.9867314256270793,0.9768197310433426,0.9969046829014474,0.9964308731525378,0.9968767604762366,0.9912407722425853,0.9924895806932115,0.9965396273344245,0.9865422464165514,0.9997394823189034,0.9863576336597573,0.8944758425305033,0.9136331533705382,0.66342823720349,0.984135268978521,0.9399483093463977,0.3317948400971058,-0.284133578059753,0.9029813882780112,0.9206126648134298,0.963535004415496,0.9708406216500327,0.9628940520990148,0.9810222029854785,0.9666074281212226,0.9333833009577241,0.9829232005324463,0.9775901431997647,0.9587246498207149],[0.9955180862990025,1.0,0.9692068437110226,0.9922739808855128,0.9447074051315896,0.9817652689682226,0.9548121361083179,0.9790816962388879,0.9713485356789868,0.9934787971829071,0.9951852798529299,0.9947670755380673,0.9909817671810297,0.9913540944426875,0.995261903851807,0.9819897140892299,0.9976303329729905,0.9808971044535866,0.912533939078347,0.903722440804509,0.6862185982888728,0.9706433638166793,0.924027708254867,0.33031385731989316,-0.21892220333996573,0.88319602735194,0.9170993100501015,0.9629754217444461,0.9526393240180269,0.9513352656987097,0.9731930413837858,0.953327220901946,0.9324821922949268,0.9740982634170675,0.9698226591569732,0.954009504983841],[0.9715472189438922,0.9692068437110226,1.0,0.9832835869139825,0.9938408269827328,0.9670913447987984,0.9780586598666505,0.9461323276936483,0.9699610112647632,0.9830688129269339,0.9897629684889522,0.9864936938429502,0.9971964517542079,0.9970197972893435,0.9894267852043263,0.9643222125390929,0.9822135418010342,0.945334064614859,0.8406929268515022,0.8069288712434661,0.51878713263854,0.9921752852952263,0.9336831227659689,0.15697119593243422,-0.20328622720886577,0.8766537567283732,0.9509179307470439,0.964815273590255,0.8974517258152831,0.8952883448566855,0.9658449115533748,0.8949407546472083,0.8632700613272012,0.9541502094673385,0.9689646185605012,0.9128825781929735],[0.9967524078324165,0.9922739808855128,0.9832835869139825,1.0,0.9665334479796777,0.9767143878525607,0.95667880298329,0.9758267818628148,0.9721244159607512,0.9999738539620254,0.9999929829446176,0.9999669749420674,0.9937710405907109,0.9929629911435099,0.9999560711408179,0.9752238148201519,0.9958447598279435,0.9750487624944135,0.874047695864734,0.8921067489383377,0.6207864040993955,0.9941490790471071,0.9439899956075486,0.29565786181428655,-0.270608238045329,0.8927025873438124,0.9367790530044959,0.9656208705602065,0.9544481849196499,0.9534616398568332,0.9829615179982439,0.9505890577436699,0.9136143707575184,0.9780858831698631,0.975651992121337,0.9468373305248522],[0.9470634252618465,0.9447074051315896,0.9938408269827328,0.9665334479796777,1.0,0.9347873889249337,0.9548265061189378,0.9117641029419326,0.9424201873618927,0.9667153106626403,0.9763094337421163,0.9722395571281781,0.9831077527088443,0.9810843572175417,0.9757240265676514,0.9306431278360919,0.9591235974670262,0.9105375470716984,0.7973210415001634,0.7665756013223477,0.46121285213459207,0.9832716452820365,0.921041212858922,0.11880483536313728,-0.18781716296900886,0.836293389261464,0.9600633146139108,0.9428140204050859,0.8560899820963107,0.8618991204921875,0.9479272966132447,0.854586001294481,0.8152815681143254,0.9273263367625351,0.9446489272873588,0.8756194993497087],[0.9853438905137627,0.9817652689682226,0.9670913447987984,0.9767143878525607,0.9347873889249337,1.0,0.9832203470428487,0.9825024409246702,0.9842900272885116,0.9762393796717446,0.9706878071655597,0.9742284461542143,0.9696221755633528,0.9671684690181823,0.9707440787241253,0.9999082260491987,0.9877111023963144,0.983290939960644,0.8999633403116134,0.8719314814959368,0.633337251678315,0.9674040059020661,0.9138424853332509,0.2137665869292783,-0.2121044795562752,0.9343733017119487,0.8935051909672227,0.9676261372552377,0.956409261996528,0.9363696686485534,0.9617885045914966,0.9535498644865992,0.9464863522533218,0.9655577837121757,0.9812965140836127,0.9612206236921959],[0.9579970380637076,0.9548121361083179,0.9780586598666505,0.95667880298329,0.9548265061189378,0.9832203470428487,1.0,0.9530354268998202,0.9841778964879349,0.9555152814626376,0.964523692578207,0.9614578751803214,0.9779157040348837,0.9778962961266974,0.9643283224778293,0.9843650370683996,0.9748607781719263,0.9551868819668289,0.8608900130647196,0.791525363488739,0.5200844699221467,0.9600598523192888,0.9163175604057101,0.0760595798709573,-0.15167711610285928,0.8958906735983702,0.9031580997972933,0.9629944515951585,0.8983450816657116,0.8743530330388907,0.9456499433662768,0.8948465422869385,0.8936447421714212,0.9392854176595805,0.9722824976469197,0.9186893713219796],[0.9867314256270793,0.9790816962388879,0.9461323276936483,0.9758267818628148,0.9117641029419326,0.9825024409246702,0.9530354268998202,1.0,0.9841735314341197,0.9758210327706555,0.9703905357364179,0.9745774697131842,0.9581892226485745,0.9565412200386666,0.9707101138965389,0.9843121340571018,0.9838298261760133,0.9998897824047842,0.928846022896774,0.9311362299515243,0.6072083684408157,0.9607392788830276,0.9055912544331685,0.19027412103744445,-0.3019125512165735,0.9117030118288071,0.8583812402075846,0.9478895541446277,0.978897211498045,0.9595386590543675,0.9674540087175565,0.9673333604700364,0.937372371856652,0.9658962047056939,0.9613545257940816,0.9699961044377833],[0.9768197310433426,0.9713485356789868,0.9699610112647632,0.9721244159607512,0.9424201873618927,0.9842900272885116,0.9841778964879349,0.9841735314341197,1.0,0.9714794194008721,0.9669860879215872,0.9701562186085873,0.9658404384961863,0.9618450437846011,0.9670063246302083,0.9834487769405031,0.9760325453729882,0.9835462495320718,0.9021617990217567,0.8656187345030462,0.522283996848934,0.967635389896325,0.9249910033967291,0.05064125335698828,-0.2246035938098082,0.8909875446771605,0.875525822321114,0.9679806664331554,0.9372127413082991,0.9105361704254857,0.9651239199937904,0.925419807639383,0.9022404213412267,0.9573739099012792,0.9756470365426247,0.9344156671578226],[0.9969046829014474,0.9934787971829071,0.9830688129269339,0.9999738539620254,0.9667153106626403,0.9762393796717446,0.9555152814626376,0.9758210327706555,0.9714794194008721,1.0,0.9999918246105098,0.9999842438388016,0.9937125669599635,0.9928970370235668,0.9999595133164664,0.9747542404845102,0.9957366756657197,0.9751328124960201,0.8757135672168983,0.8933883342803796,0.6167050010840921,0.9943486441133657,0.9440897909220418,0.3004752661796504,-0.27008984949406606,0.8931372755693727,0.9352707416292765,0.9643380008403345,0.9541093991125609,0.9526229450347781,0.9821935175987733,0.9499670681626207,0.912270613066115,0.977362563468352,0.974778831038437,0.9455838752631819],[0.9964308731525378,0.9951852798529299,0.9897629684889522,0.9999929829446176,0.9763094337421163,0.9706878071655597,0.964523692578207,0.9703905357364179,0.9669860879215872,0.9999918246105098,1.0,0.9999765786359299,0.9938057796359946,0.9929763740265861,0.9999618051229384,0.9702302029557959,0.9955430720233946,0.9707886383781941,0.8939020155806096,0.9218737474536469,0.47797379611896545,0.9973581373173537,0.932649738334631,-0.18250347486916485,0.42476698217241987,0.8871460594946636,0.9118796118301267,0.9646878739299086,0.9423761180658828,0.9357569242459968,0.9756482199437205,0.9287222027161609,0.8842978756140679,0.9687655844763089,0.9823944231760604,0.9420453380957962],[0.9968767604762366,0.9947670755380673,0.9864936938429502,0.9999669749420674,0.9722395571281781,0.9742284461542143,0.9614578751803214,0.9745774697131842,0.9701562186085873,0.9999842438388016,0.9999765786359299,1.0,0.9936810741187028,0.9928578392314544,0.9999696506679431,0.973902321512935,0.9956525061786,0.9744591237951415,0.8828504041406992,0.9102600193970879,0.5499308294001146,0.9963947931379317,0.9419292678516769,0.028133399327966817,-0.16227488457189376,0.9029079623732456,0.9234058930138201,0.9601330113760013,0.9466073322522613,0.9428945948260016,0.9793884158302709,0.9398261636619184,0.9045654498628041,0.9738560669678983,0.9747184590281334,0.9484717903892858],[0.9912407722425853,0.9909817671810297,0.9971964517542079,0.9937710405907109,0.9831077527088443,0.9696221755633528,0.9779157040348837,0.9581892226485745,0.9658404384961863,0.9937125669599635,0.9938057796359946,0.9936810741187028,1.0,0.9998121061776968,0.9936826838118353,0.9689168008959642,0.9915351270278754,0.9582889420035036,0.8737638747667297,0.9057967532626873,0.388523818264234,0.9912569098899096,0.92757056784151,-0.43490730314712117,0.4438289379227397,0.8637303198718098,0.921170548480365,0.9619714467598097,0.9161157598970323,0.9021630588857712,0.9617924769904421,0.9003576830096258,0.8420732933684546,0.9605483036790097,0.9762727725066525,0.9327733520126288],[0.9924895806932115,0.9913540944426875,0.9970197972893435,0.9929629911435099,0.9810843572175417,0.9671684690181823,0.9778962961266974,0.9565412200386666,0.9618450437846011,0.9928970370235668,0.9929763740265861,0.9928578392314544,0.9998121061776968,1.0,0.9929796559195858,0.9663672210218562,0.9926034812346268,0.9567903051026497,0.8572384683542584,0.9160094191959127,0.24178501868677338,0.9884914091308485,0.9215150789034687,-0.7493534878495538,0.4186777642420842,0.833005425097371,0.9212006060657016,0.9569238591664057,0.9079546811763278,0.8938998559602679,0.9570626260786794,0.9019660319890537,0.8182207456429734,0.9592006409816226,0.9746970286769604,0.9299493759115803],[0.9965396273344245,0.995261903851807,0.9894267852043263,0.9999560711408179,0.9757240265676514,0.9707440787241253,0.9643283224778293,0.9707101138965389,0.9670063246302083,0.9999595133164664,0.9999618051229384,0.9999696506679431,0.9936826838118353,0.9929796559195858,1.0,0.9703505518262505,0.9956394549600125,0.9709886506092474,0.8943164184658269,0.9223710928168922,0.4784372092465788,0.9971573582493058,0.9327022025959992,-0.18047209967394526,0.42615818992176646,0.8875549874761512,0.9110138446241123,0.9644867935346572,0.9425367907228175,0.936186522634672,0.9756589901680504,0.9292085895272513,0.8847239775485027,0.9687136253146837,0.9824619134804298,0.942792824252168],[0.9865422464165514,0.9819897140892299,0.9643222125390929,0.9752238148201519,0.9306431278360919,0.9999082260491987,0.9843650370683996,0.9843121340571018,0.9834487769405031,0.9747542404845102,0.9702302029557959,0.973902321512935,0.9689168008959642,0.9663672210218562,0.9703505518262505,1.0,0.9876362450076394,0.9835707145828528,0.9029055849752122,0.8958419532331888,0.617012117179763,0.9647364470403709,0.908821519051404,0.06395305991857474,-0.18383249831807097,0.9408850761110593,0.8816469572042152,0.9650579000498376,0.9595922091948473,0.9339661294384028,0.9586231716631081,0.9547845306912134,0.9449284097161195,0.967541334060696,0.9804876307093513,0.9650679503485342],[0.9997394823189034,0.9976303329729905,0.9822135418010342,0.9958447598279435,0.9591235974670262,0.9877111023963144,0.9748607781719263,0.9838298261760133,0.9760325453729882,0.9957366756657197,0.9955430720233946,0.9956525061786,0.9915351270278754,0.9926034812346268,0.9956394549600125,0.9876362450076394,1.0,0.9841772057373266,0.9166123271878613,0.9346547494817072,0.541339088834736,0.9882520584021202,0.9249782513047069,-0.12227921342214826,0.4493561007029927,0.9174531150061912,0.8972471565967053,0.968886225256147,0.9626679816936582,0.9470477148835111,0.9738144575279901,0.9501197302307238,0.9188666288929581,0.9763216248028201,0.9882495046831394,0.9647739926805119],[0.9863576336597573,0.9808971044535866,0.945334064614859,0.9750487624944135,0.9105375470716984,0.983290939960644,0.9551868819668289,0.9998897824047842,0.9835462495320718,0.9751328124960201,0.9707886383781941,0.9744591237951415,0.9582889420035036,0.9567903051026497,0.9709886506092474,0.9835707145828528,0.9841772057373266,1.0,0.9317040553495377,0.9373020007284891,0.6040162509385083,0.9588634388338506,0.9090541874443209,0.15306393673348603,-0.27773348051584623,0.9162968119576809,0.8534334371122879,0.9477048452634836,0.9793872129823922,0.9590571056079367,0.9657627271451198,0.9661495502263135,0.9369930111016296,0.9651117161183582,0.9593922695076745,0.971000809411667],[0.8944758425305033,0.912533939078347,0.8406929268515022,0.874047695864734,0.7973210415001634,0.8999633403116134,0.8608900130647196,0.928846022896774,0.9021617990217567,0.8757135672168983,0.8939020155806096,0.8828504041406992,0.8737638747667297,0.8572384683542584,0.8943164184658269,0.9029055849752122,0.9166123271878613,0.9317040553495377,1.0,0.8348165577970886,0.683472185252177,0.8437393993936638,0.8085075417116208,0.2399035029226923,-0.15872635814426878,0.8623628616737388,0.725192715118292,0.8573262468105638,0.8962700980759887,0.8641429038778775,0.8524923527638323,0.8763290628441318,0.8624053031875992,0.8579085024239576,0.8720636168675993,0.8972064567696043],[0.9136331533705382,0.903722440804509,0.8069288712434661,0.8921067489383377,0.7665756013223477,0.8719314814959368,0.791525363488739,0.9311362299515243,0.8656187345030462,0.8933883342803796,0.9218737474536469,0.9102600193970879,0.9057967532626873,0.9160094191959127,0.9223710928168922,0.8958419532331888,0.9346547494817072,0.9373020007284891,0.8348165577970886,1.0,0.8182861300118665,0.840321427455783,0.8660991541522852,0.6168492627276204,-0.5164334714300797,0.7265050394480908,0.7949983210594039,0.8165346477071465,0.9606989039856104,0.9393593918234712,0.8926936638270232,0.9485909366543465,0.9038909421968163,0.9002811644483841,0.8496063310716525,0.8876568343470415],[0.66342823720349,0.6862185982888728,0.51878713263854,0.6207864040993955,0.46121285213459207,0.633337251678315,0.5200844699221467,0.6072083684408157,0.522283996848934,0.6167050010840921,0.47797379611896545,0.5499308294001146,0.388523818264234,0.24178501868677338,0.4784372092465788,0.617012117179763,0.541339088834736,0.6040162509385083,0.683472185252177,0.8182861300118665,1.0,0.5529550900090949,0.6684905046980467,0.7227318728380386,-0.11596228932995026,0.5281389585209031,0.5391825583542109,0.5898145575700546,0.762705884949441,0.6894262942326813,0.5952945541643092,0.724907493174211,0.7465523415612704,0.6436342682114187,0.6073953211727017,0.6621867964868727],[0.984135268978521,0.9706433638166793,0.9921752852952263,0.9941490790471071,0.9832716452820365,0.9674040059020661,0.9600598523192888,0.9607392788830276,0.967635389896325,0.9943486441133657,0.9973581373173537,0.9963947931379317,0.9912569098899096,0.9884914091308485,0.9971573582493058,0.9647364470403709,0.9882520584021202,0.9588634388338506,0.8437393993936638,0.840321427455783,0.5529550900090949,1.0,0.9221670270021849,0.22327508452655112,-0.2591151829131274,0.8740137697886446,0.9463155756386895,0.9669736905709709,0.9178689228503267,0.9307670445719128,0.9745831649972108,0.9232818390533655,0.8817513811469756,0.9649060322348121,0.961548816008505,0.9255356330109952],[0.9399483093463977,0.924027708254867,0.9336831227659689,0.9439899956075486,0.921041212858922,0.9138424853332509,0.9163175604057101,0.9055912544331685,0.9249910033967291,0.9440897909220418,0.932649738334631,0.9419292678516769,0.92757056784151,0.9215150789034687,0.9327022025959992,0.908821519051404,0.9249782513047069,0.9090541874443209,0.8085075417116208,0.8660991541522852,0.6684905046980467,0.9221670270021849,1.0,0.2692150979422069,-0.1820451382598017,0.7343295638139655,0.9041981636039234,0.9072688674439916,0.898764775726896,0.8648123919316426,0.9414098294326861,0.8757706838571387,0.8413860816127028,0.9356492401601066,0.8959598225236336,0.8685107269430717],[0.3317948400971058,0.33031385731989316,0.15697119593243422,0.29565786181428655,0.11880483536313728,0.2137665869292783,0.0760595798709573,0.19027412103744445,0.05064125335698828,0.3004752661796504,-0.18250347486916485,0.028133399327966817,-0.43490730314712117,-0.7493534878495538,-0.18047209967394526,0.06395305991857474,-0.12227921342214826,0.15306393673348603,0.2399035029226923,0.6168492627276204,0.7227318728380386,0.22327508452655112,0.2692150979422069,1.0,-0.3791690379391944,0.2452772955884138,0.193145519351226,0.1517873825985815,0.443121063546851,0.4322154836400443,0.2692642348716279,0.456191741403002,0.3891405531485475,0.30381535268252957,0.22380448378102766,0.34358581583225944],[-0.284133578059753,-0.21892220333996573,-0.20328622720886577,-0.270608238045329,-0.18781716296900886,-0.2121044795562752,-0.15167711610285928,-0.3019125512165735,-0.2246035938098082,-0.27008984949406606,0.42476698217241987,-0.16227488457189376,0.4438289379227397,0.4186777642420842,0.42615818992176646,-0.18383249831807097,0.4493561007029927,-0.27773348051584623,-0.15872635814426878,-0.5164334714300797,-0.11596228932995026,-0.2591151829131274,-0.1820451382598017,-0.3791690379391944,1.0,-0.15381610221678013,-0.23565784337812806,-0.1770984502180003,-0.38042577876315636,-0.36765989130835147,-0.30080999963912525,-0.33850759542808156,-0.20857176837710828,-0.3318043589867048,-0.17694875788494183,-0.306711975376741],[0.9029813882780112,0.88319602735194,0.8766537567283732,0.8927025873438124,0.836293389261464,0.9343733017119487,0.8958906735983702,0.9117030118288071,0.8909875446771605,0.8931372755693727,0.8871460594946636,0.9029079623732456,0.8637303198718098,0.833005425097371,0.8875549874761512,0.9408850761110593,0.9174531150061912,0.9162968119576809,0.8623628616737388,0.7265050394480908,0.5281389585209031,0.8740137697886446,0.7343295638139655,0.2452772955884138,-0.15381610221678013,1.0,0.7686682418488195,0.8929816994458399,0.8292618913312936,0.8726102971838041,0.83952860309041,0.8791326758058193,0.87180006453407,0.8684936869109998,0.8757465612626262,0.9057886571181176],[0.9206126648134298,0.9170993100501015,0.9509179307470439,0.9367790530044959,0.9600633146139108,0.8935051909672227,0.9031580997972933,0.8583812402075846,0.875525822321114,0.9352707416292765,0.9118796118301267,0.9234058930138201,0.921170548480365,0.9212006060657016,0.9110138446241123,0.8816469572042152,0.8972471565967053,0.8534334371122879,0.725192715118292,0.7949983210594039,0.5391825583542109,0.9463155756386895,0.9041981636039234,0.193145519351226,-0.23565784337812806,0.7686682418488195,1.0,0.8861548732742366,0.8490443240173398,0.8478904604108709,0.9133485084888059,0.8410158948749074,0.7990211244013693,0.899699165735705,0.8971402551140909,0.8527200360652365],[0.963535004415496,0.9629754217444461,0.964815273590255,0.9656208705602065,0.9428140204050859,0.9676261372552377,0.9629944515951585,0.9478895541446277,0.9679806664331554,0.9643380008403345,0.9646878739299086,0.9601330113760013,0.9619714467598097,0.9569238591664057,0.9644867935346572,0.9650579000498376,0.968886225256147,0.9477048452634836,0.8573262468105638,0.8165346477071465,0.5898145575700546,0.9669736905709709,0.9072688674439916,0.1517873825985815,-0.1770984502180003,0.8929816994458399,0.8861548732742366,1.0,0.9112742256540131,0.8994302245241169,0.9500141153072763,0.8980381717252148,0.8864260157981835,0.9540577682433667,0.9757595478523884,0.9026392925050366],[0.9708406216500327,0.9526393240180269,0.8974517258152831,0.9544481849196499,0.8560899820963107,0.956409261996528,0.8983450816657116,0.978897211498045,0.9372127413082991,0.9541093991125609,0.9423761180658828,0.9466073322522613,0.9161157598970323,0.9079546811763278,0.9425367907228175,0.9595922091948473,0.9626679816936582,0.9793872129823922,0.8962700980759887,0.9606989039856104,0.762705884949441,0.9178689228503267,0.898764775726896,0.443121063546851,-0.38042577876315636,0.8292618913312936,0.8490443240173398,0.9112742256540131,1.0,0.9867303130807108,0.9548375516715145,0.9909449084929629,0.9549875104471196,0.9588799768624537,0.9137741506198357,0.9673540607266731],[0.9628940520990148,0.9513352656987097,0.8952883448566855,0.9534616398568332,0.8618991204921875,0.9363696686485534,0.8743530330388907,0.9595386590543675,0.9105361704254857,0.9526229450347781,0.9357569242459968,0.9428945948260016,0.9021630588857712,0.8938998559602679,0.936186522634672,0.9339661294384028,0.9470477148835111,0.9590571056079367,0.8641429038778775,0.9393593918234712,0.6894262942326813,0.9307670445719128,0.8648123919316426,0.4322154836400443,-0.36765989130835147,0.8726102971838041,0.8478904604108709,0.8994302245241169,0.9867303130807108,1.0,0.9491786177660002,0.9850647271037817,0.9565901461059368,0.943080817333391,0.9258441703668806,0.9651902020190616],[0.9810222029854785,0.9731930413837858,0.9658449115533748,0.9829615179982439,0.9479272966132447,0.9617885045914966,0.9456499433662768,0.9674540087175565,0.9651239199937904,0.9821935175987733,0.9756482199437205,0.9793884158302709,0.9617924769904421,0.9570626260786794,0.9756589901680504,0.9586231716631081,0.9738144575279901,0.9657627271451198,0.8524923527638323,0.8926936638270232,0.5952945541643092,0.9745831649972108,0.9414098294326861,0.2692642348716279,-0.30080999963912525,0.83952860309041,0.9133485084888059,0.9500141153072763,0.9548375516715145,0.9491786177660002,1.0,0.9477472371122718,0.9052051235518529,0.9785292434463458,0.9671077260759717,0.9467977811594512],[0.9666074281212226,0.953327220901946,0.8949407546472083,0.9505890577436699,0.854586001294481,0.9535498644865992,0.8948465422869385,0.9673333604700364,0.925419807639383,0.9499670681626207,0.9287222027161609,0.9398261636619184,0.9003576830096258,0.9019660319890537,0.9292085895272513,0.9547845306912134,0.9501197302307238,0.9661495502263135,0.8763290628441318,0.9485909366543465,0.724907493174211,0.9232818390533655,0.8757706838571387,0.456191741403002,-0.33850759542808156,0.8791326758058193,0.8410158948749074,0.8980381717252148,0.9909449084929629,0.9850647271037817,0.9477472371122718,1.0,0.974388801295111,0.9477058529316692,0.937042893547387,0.9647979871521609],[0.9333833009577241,0.9324821922949268,0.8632700613272012,0.9136143707575184,0.8152815681143254,0.9464863522533218,0.8936447421714212,0.937372371856652,0.9022404213412267,0.912270613066115,0.8842978756140679,0.9045654498628041,0.8420732933684546,0.8182207456429734,0.8847239775485027,0.9449284097161195,0.9188666288929581,0.9369930111016296,0.8624053031875992,0.9038909421968163,0.7465523415612704,0.8817513811469756,0.8413860816127028,0.3891405531485475,-0.20857176837710828,0.87180006453407,0.7990211244013693,0.8864260157981835,0.9549875104471196,0.9565901461059368,0.9052051235518529,0.974388801295111,1.0,0.9068433687065914,0.9224901848852982,0.9516262743524396],[0.9829232005324463,0.9740982634170675,0.9541502094673385,0.9780858831698631,0.9273263367625351,0.9655577837121757,0.9392854176595805,0.9658962047056939,0.9573739099012792,0.977362563468352,0.9687655844763089,0.9738560669678983,0.9605483036790097,0.9592006409816226,0.9687136253146837,0.967541334060696,0.9763216248028201,0.9651117161183582,0.8579085024239576,0.9002811644483841,0.6436342682114187,0.9649060322348121,0.9356492401601066,0.30381535268252957,-0.3318043589867048,0.8684936869109998,0.899699165735705,0.9540577682433667,0.9588799768624537,0.943080817333391,0.9785292434463458,0.9477058529316692,0.9068433687065914,1.0,0.9622624091999885,0.948431290626324],[0.9775901431997647,0.9698226591569732,0.9689646185605012,0.975651992121337,0.9446489272873588,0.9812965140836127,0.9722824976469197,0.9613545257940816,0.9756470365426247,0.974778831038437,0.9823944231760604,0.9747184590281334,0.9762727725066525,0.9746970286769604,0.9824619134804298,0.9804876307093513,0.9882495046831394,0.9593922695076745,0.8720636168675993,0.8496063310716525,0.6073953211727017,0.961548816008505,0.8959598225236336,0.22380448378102766,-0.17694875788494183,0.8757465612626262,0.8971402551140909,0.9757595478523884,0.9137741506198357,0.9258441703668806,0.9671077260759717,0.937042893547387,0.9224901848852982,0.9622624091999885,1.0,0.9290071485382978],[0.9587246498207149,0.954009504983841,0.9128825781929735,0.9468373305248522,0.8756194993497087,0.9612206236921959,0.9186893713219796,0.9699961044377833,0.9344156671578226,0.9455838752631819,0.9420453380957962,0.9484717903892858,0.9327733520126288,0.9299493759115803,0.942792824252168,0.9650679503485342,0.9647739926805119,0.971000809411667,0.8972064567696043,0.8876568343470415,0.6621867964868727,0.9255356330109952,0.8685107269430717,0.34358581583225944,-0.306711975376741,0.9057886571181176,0.8527200360652365,0.9026392925050366,0.9673540607266731,0.9651902020190616,0.9467977811594512,0.9647979871521609,0.9516262743524396,0.948431290626324,0.9290071485382978,1.0]],"x":["^TAIEX       \u81fa\u7063\u52a0\u6b0a\u5831\u916c\u6307\u6578","^TWII        \u81fa\u7063\u52a0\u6b0a\u6307\u6578","^TAIEXx2     \u81fa\u7063\u52a0\u6b0a\u5831\u916c\u6307\u6578_\u65e5\u6b632","^TAI50I      \u81fa\u706350\u5831\u916c\u6307\u6578","^TAI50Ix2    \u81fa\u706350\u5831\u916c\u6307\u6578_\u65e5\u6b632","^TAI100I     \u81fa\u7063\u4e2d\u578b100\u5831\u916c\u6307\u6578","^TAI100Ix2   \u81fa\u7063\u4e2d\u578b100\u5831\u916c\u6307\u6578_\u65e5\u6b632","^TAIDIVIDI   \u81fa\u7063\u9ad8\u80a1\u606f\u5831\u916c\u6307\u6578","^TAIDIVIDIx2 \u81fa\u7063\u9ad8\u80a1\u606f\u5831\u916c\u6307\u6578_\u65e5\u6b632","0050Fund     \u5143\u5927\u53f0\u7063\u5353\u8d8a50\u57fa\u91d1","006208Fund   \u5bcc\u90a6\u53f0\u7063\u91c6\u540950\u57fa\u91d1","0050         \u5143\u5927\u81fa\u706350","00631L       \u5143\u5927\u53f0\u706350\u6b632","00675L       \u5bcc\u90a6\u81fa\u7063\u52a0\u6b0a\u6b632","006208       \u5bcc\u90a6\u53f050","0051         \u5143\u5927\u4e2d\u578b100","006204       \u6c38\u8c50\u81fa\u7063\u52a0\u6b0a","0056         \u5143\u5927\u9ad8\u80a1\u606f","0056         \u5143\u5927\u9ad8\u80a1\u606f_\u80a1\u606f\u4e0d\u6295\u5165","2412         \u4e2d\u83ef\u96fb\u4fe1","2002         \u4e2d\u92fc","2330         \u53f0\u7a4d\u96fb","2317         \u9d3b\u6d77","6505         \u53f0\u5851\u77f3\u5316","3481         \u7fa4\u5275","2303         \u806f\u96fb","2308         \u53f0\u9054\u96fb","2454         \u806f\u767c\u79d1","2886         \u5146\u8c50\u91d1","2884         \u7389\u5c71\u91d1","2891         \u4e2d\u4fe1\u91d1","2892         \u7b2c\u4e00\u91d1","5880         \u5408\u5eab\u91d1","2881         \u5bcc\u90a6\u91d1","2885         \u5143\u5927\u91d1","2887         \u53f0\u65b0\u91d1"],"y":["^TAIEX       \u81fa\u7063\u52a0\u6b0a\u5831\u916c\u6307\u6578","^TWII        \u81fa\u7063\u52a0\u6b0a\u6307\u6578","^TAIEXx2     \u81fa\u7063\u52a0\u6b0a\u5831\u916c\u6307\u6578_\u65e5\u6b632","^TAI50I      \u81fa\u706350\u5831\u916c\u6307\u6578","^TAI50Ix2    \u81fa\u706350\u5831\u916c\u6307\u6578_\u65e5\u6b632","^TAI100I     \u81fa\u7063\u4e2d\u578b100\u5831\u916c\u6307\u6578","^TAI100Ix2   \u81fa\u7063\u4e2d\u578b100\u5831\u916c\u6307\u6578_\u65e5\u6b632","^TAIDIVIDI   \u81fa\u7063\u9ad8\u80a1\u606f\u5831\u916c\u6307\u6578","^TAIDIVIDIx2 \u81fa\u7063\u9ad8\u80a1\u606f\u5831\u916c\u6307\u6578_\u65e5\u6b632","0050Fund     \u5143\u5927\u53f0\u7063\u5353\u8d8a50\u57fa\u91d1","006208Fund   \u5bcc\u90a6\u53f0\u7063\u91c6\u540950\u57fa\u91d1","0050         \u5143\u5927\u81fa\u706350","00631L       \u5143\u5927\u53f0\u706350\u6b632","00675L       \u5bcc\u90a6\u81fa\u7063\u52a0\u6b0a\u6b632","006208       \u5bcc\u90a6\u53f050","0051         \u5143\u5927\u4e2d\u578b100","006204       \u6c38\u8c50\u81fa\u7063\u52a0\u6b0a","0056         \u5143\u5927\u9ad8\u80a1\u606f","0056         \u5143\u5927\u9ad8\u80a1\u606f_\u80a1\u606f\u4e0d\u6295\u5165","2412         \u4e2d\u83ef\u96fb\u4fe1","2002         \u4e2d\u92fc","2330         \u53f0\u7a4d\u96fb","2317         \u9d3b\u6d77","6505         \u53f0\u5851\u77f3\u5316","3481         \u7fa4\u5275","2303         \u806f\u96fb","2308         \u53f0\u9054\u96fb","2454         \u806f\u767c\u79d1","2886         \u5146\u8c50\u91d1","2884         \u7389\u5c71\u91d1","2891         \u4e2d\u4fe1\u91d1","2892         \u7b2c\u4e00\u91d1","5880         \u5408\u5eab\u91d1","2881         \u5bcc\u90a6\u91d1","2885         \u5143\u5927\u91d1","2887         \u53f0\u65b0\u91d1"],"zmin":-1,"zmax":1,"colorbar":{"x":-0.2}}],"layout":{"autotypenumbers":"strict","colorway":["#636efa","#EF553B","#00cc96","#ab63fa","#FFA15A","#19d3f3","#FF6692","#B6E880","#FF97FF","#FECB52"],"font":{"color":"#f2f5fa","family":"Courier New"},"hovermode":"closest","hoverlabel":{"align":"left"},"paper_bgcolor":"rgb(17,17,17)","plot_bgcolor":"rgb(17,17,17)","polar":{"bgcolor":"rgb(17,17,17)","angularaxis":{"gridcolor":"#506784","linecolor":"#506784","ticks":""},"radialaxis":{"gridcolor":"#506784","linecolor":"#506784","ticks":""}},"ternary":{"bgcolor":"rgb(17,17,17)","aaxis":{"gridcolor":"#506784","linecolor":"#506784","ticks":""},"baxis":{"gridcolor":"#506784","linecolor":"#506784","ticks":""},"caxis":{"gridcolor":"#506784","linecolor":"#506784","ticks":""}},"coloraxis":{"colorbar":{"outlinewidth":0,"ticks":""}},"colorscale":{"sequential":[[0.0,"#0d0887"],[0.1111111111111111,"#46039f"],[0.2222222222222222,"#7201a8"],[0.3333333333333333,"#9c179e"],[0.4444444444444444,"#bd3786"],[0.5555555555555556,"#d8576b"],[0.6666666666666666,"#ed7953"],[0.7777777777777778,"#fb9f3a"],[0.8888888888888888,"#fdca26"],[1.0,"#f0f921"]],"sequentialminus":[[0.0,"#0d0887"],[0.1111111111111111,"#46039f"],[0.2222222222222222,"#7201a8"],[0.3333333333333333,"#9c179e"],[0.4444444444444444,"#bd3786"],[0.5555555555555556,"#d8576b"],[0.6666666666666666,"#ed7953"],[0.7777777777777778,"#fb9f3a"],[0.8888888888888888,"#fdca26"],[1.0,"#f0f921"]],"diverging":[[0,"#8e0152"],[0.1,"#c51b7d"],[0.2,"#de77ae"],[0.3,"#f1b6da"],[0.4,"#fde0ef"],[0.5,"#f7f7f7"],[0.6,"#e6f5d0"],[0.7,"#b8e186"],[0.8,"#7fbc41"],[0.9,"#4d9221"],[1,"#276419"]]},"xaxis":{"gridcolor":"rgba(0, 0, 0, 0)","linecolor":"#506784","ticks":"","title":{"standoff":15},"zerolinecolor":"#283442","automargin":true,"zerolinewidth":2,"tickfont":{"family":"Courier New","size":14},"side":"top","tickangle":-90},"yaxis":{"gridcolor":"rgba(0, 0, 0, 0)","linecolor":"#506784","ticks":"","title":{"standoff":15},"zerolinecolor":"#283442","automargin":true,"zerolinewidth":2,"tickfont":{"family":"Courier New"},"side":"right"},"scene":{"xaxis":{"backgroundcolor":"rgb(17,17,17)","gridcolor":"#506784","linecolor":"#506784","showbackground":true,"ticks":"","zerolinecolor":"#C8D4E3","gridwidth":2},"yaxis":{"backgroundcolor":"rgb(17,17,17)","gridcolor":"#506784","linecolor":"#506784","showbackground":true,"ticks":"","zerolinecolor":"#C8D4E3","gridwidth":2},"zaxis":{"backgroundcolor":"rgb(17,17,17)","gridcolor":"#506784","linecolor":"#506784","showbackground":true,"ticks":"","zerolinecolor":"#C8D4E3","gridwidth":2}},"shapedefaults":{"line":{"color":"#f2f5fa"}},"annotationdefaults":{"arrowcolor":"#f2f5fa","arrowhead":0,"arrowwidth":1},"geo":{"bgcolor":"rgb(17,17,17)","landcolor":"rgb(17,17,17)","subunitcolor":"#506784","showland":true,"showlakes":true,"lakecolor":"rgb(17,17,17)"},"title":{"x":0.05,"font":{"family":"Times New Roman"},"y":0.05,"text":"<b>Correlation of Adj Close<b><br><i>2016-09-23 ~ 2026-02-09<i>"},"updatemenudefaults":{"bgcolor":"#506784","borderwidth":0},"sliderdefaults":{"bgcolor":"#C8D4E3","borderwidth":1,"bordercolor":"rgb(17,17,17)","tickwidth":0},"mapbox":{"style":"dark"},"annotations":[{"text":"<b>@zwindr<b>","textangle":0,"opacity":0.5,"font":{"color":"white","size":12},"xref":"paper","yref":"paper","xanchor":"left","yanchor":"bottom","x":1.0,"y":1.0,"showarrow":false}]},"config":{"responsive":true,"toImageButtonOptions":{"filename":"Correlation of Adj Close_2016-09-23~2026-02-09","scale":5}}};Plotly.newPlot("correlationAdjClose",correlationAdjClose.data,correlationAdjClose.layout||{},correlationAdjClose.config);}else{console.log("style display is none => correlationAdjClose");}