var element=document.getElementById("correlationAdjClose");if(element.style.display!='none'){var correlationAdjClose={"data":[{"type":"heatmap","z":[[1.0,0.9950626482886725,0.9751316603407496,0.9970400882376327,0.9554718556527743,0.9840794954445329,0.9536813149020477,0.9888317493802491,0.9751479755865051,0.9971924153073547,0.9966437737539787,0.9971063052754584,0.9931638893576932,0.9941839646152305,0.9966945399028222,0.9855862542246522,0.9997197971895858,0.9886425393606718,0.8980438394545855,0.918545053553834,0.6874973252139902,0.9846961616441662,0.9342050377330702,0.36198851600480164,-0.2983854566001889,0.898672947330331,0.9269781519015488,0.9604554988295704,0.9768732383685137,0.9645670179944291,0.9792938924674738,0.9702574862302146,0.9401761526894487,0.9828935237957843,0.9752773013547203,0.9560884408033292],[0.9950626482886725,1.0,0.971439331069284,0.991815286943749,0.9515018925784247,0.9802696232765638,0.9497677845608115,0.9811841803948186,0.9693913657293532,0.9930908721922668,0.99493529968901,0.9944475703662915,0.9923078086940008,0.9922576255123845,0.994955173854888,0.9807089670885883,0.9973218308711621,0.9833818171873032,0.9186459403798019,0.9087810396506473,0.7082069484810989,0.9693352533284704,0.9176937705526688,0.36180745783287604,-0.23051328915893485,0.8772217763756287,0.9213728413777639,0.9598512993354151,0.9579217056198062,0.9526566550400901,0.9705068835981693,0.9567959112027612,0.9394097085899606,0.973558801213842,0.9667305102538777,0.9511673246533213],[0.9751316603407496,0.971439331069284,1.0,0.9845355570862148,0.9944682893545743,0.9725068180887002,0.9785260044061609,0.959268047895035,0.9780423892631075,0.9842329271377162,0.9908784949315984,0.9876100414539033,0.9970445903941532,0.9968277927580539,0.9906495161912602,0.970058801451977,0.9853848405113119,0.958805128966528,0.8581159957134321,0.8217586534913887,0.5564716830152753,0.9922173307890625,0.933759556564399,0.19049502464450999,-0.22265875953533987,0.8815597369276937,0.9419239734089511,0.9705719577020584,0.9174726428573168,0.9066594025472157,0.9665145959603737,0.9101848683314249,0.8858220027271232,0.9638296489856637,0.9714044280340102,0.9155224357158636],[0.9970400882376327,0.991815286943749,0.9845355570862148,1.0,0.971999895982787,0.9756312553809685,0.9511413609233864,0.9801203966592721,0.9715281472718018,0.9999705089489489,0.9999919375548483,0.999963273032307,0.993533372195175,0.992206468351316,0.9999515675217252,0.9744023607123511,0.9957655437816517,0.979604105297953,0.8807595877432084,0.900188177421014,0.6487347906943511,0.9939779795751426,0.939067175959293,0.32902778457514187,-0.2872052887091117,0.8899353008070185,0.9386409406092556,0.9637611969466211,0.9638589530797519,0.9578563761728918,0.9811823297272929,0.9569765196748719,0.9239192999157952,0.9796807956043061,0.9732337743419134,0.9447399249988194],[0.9554718556527743,0.9515018925784247,0.9944682893545743,0.971999895982787,1.0,0.9445818028112845,0.9576674889551426,0.9326401929477018,0.9568092415625726,0.9720738929933707,0.9814162956244499,0.9775314188383311,0.9834512322733778,0.9806368125157847,0.9810299431331027,0.9406731147837745,0.9663808110258213,0.9318431004626578,0.8232903567991116,0.7894917622050024,0.5052868303059822,0.9868172523137181,0.9279831015516962,0.15512408455213103,-0.21136835455603228,0.846550771396921,0.9488138565508368,0.9552542003036169,0.8852561305216313,0.8813019640328911,0.9531247970860849,0.8777319844752922,0.8465532217818386,0.9444677750337956,0.9514761082129588,0.8823277036269074],[0.9840794954445329,0.9802696232765638,0.9725068180887002,0.9756312553809685,0.9445818028112845,1.0,0.9829120075551642,0.9827467621940423,0.9829377445791434,0.9750895251024155,0.9697822692535979,0.9731829153056833,0.9734189156770778,0.9709826130432285,0.9697141701822024,0.9999027830001925,0.9871386428195263,0.9836473264683532,0.9014034620901062,0.8716794363115992,0.6564852856006776,0.9672741695397731,0.9058376880001764,0.2391013743209824,-0.22073258696385648,0.9320632668173323,0.8997935288886889,0.9648027082472951,0.9597820537194723,0.9350069635351661,0.9587568378797848,0.954855694543546,0.9521064978458191,0.9635869300720528,0.9799109937245635,0.9583506388034105],[0.9536813149020477,0.9497677845608115,0.9785260044061609,0.9511413609233864,0.9576674889551426,0.9829120075551642,1.0,0.9546203067763223,0.9847446637249062,0.9498228012128649,0.9599667961648217,0.9564475941540506,0.9778811553145471,0.9785399970505707,0.9597067090015367,0.9841727441804754,0.9718049563003773,0.9570475470125204,0.8654423727225553,0.7908223985373177,0.5462412035804255,0.9550546525644117,0.9081001254755326,0.09889461440266287,-0.15993613397650136,0.8936775212950013,0.8979192031788514,0.9607413475697978,0.903756143057819,0.8721283012763787,0.9393938856462491,0.896949433080306,0.9029993771039438,0.9374747966077548,0.9695267483537445,0.9137421146817886],[0.9888317493802491,0.9811841803948186,0.959268047895035,0.9801203966592721,0.9326401929477018,0.9827467621940423,0.9546203067763223,1.0,0.9839430200874069,0.9801110185951796,0.9753270672912404,0.9789527513744419,0.9693887551006278,0.968368345497556,0.9754446271027363,0.9845412012240062,0.9865557050420884,0.9998843911771985,0.9278506932045419,0.9296626789948078,0.6250276246223868,0.9672286135480338,0.9005315950569083,0.2165916395918662,-0.3104279908597897,0.9071720290082427,0.8770660203026565,0.9454832376341435,0.979393668276276,0.9575396755850072,0.9693236167860001,0.966289433074779,0.9377421383328983,0.964036459997734,0.9617777830150588,0.9682177863751646],[0.9751479755865051,0.9693913657293532,0.9780423892631075,0.9715281472718018,0.9568092415625726,0.9829377445791434,0.9847446637249062,0.9839430200874069,1.0,0.9708073097210977,0.967028300453646,0.9696128173734847,0.971805926473079,0.9685234095956478,0.9668922486091616,0.9820096159427393,0.9748801028781527,0.9833136052694474,0.9026423601581394,0.8629717887966204,0.5433996402366437,0.9689208568983999,0.9183658110718353,0.07617214437133638,-0.2332881088770578,0.885352904980737,0.8832014858047328,0.9653969965954989,0.938255356913707,0.906690483635808,0.9630282126702151,0.9238247458159977,0.9043598582179185,0.9542590689698549,0.9741721928313909,0.9292044097805943],[0.9971924153073547,0.9930908721922668,0.9842329271377162,0.9999705089489489,0.9720738929933707,0.9750895251024155,0.9498228012128649,0.9801110185951796,0.9708073097210977,1.0,0.9999905021239814,0.9999829594376345,0.9934271019154703,0.9920783205288374,0.9999563733061465,0.9738704090235031,0.9956497575288923,0.9796891138795693,0.8825620860069442,0.9014202535799578,0.6458159549270903,0.9941685585997099,0.938962858181563,0.3340743805755794,-0.2866671637208469,0.8906055145414561,0.9369050653924526,0.9623560854565341,0.963613124236298,0.9570571082467665,0.9802835637434689,0.9563888294546854,0.9225733823737698,0.9789401008021239,0.9721807576900898,0.9432755140977115],[0.9966437737539787,0.99493529968901,0.9908784949315984,0.9999919375548483,0.9814162956244499,0.9697822692535979,0.9599667961648217,0.9753270672912404,0.967028300453646,0.9999905021239814,1.0,0.9999740941662377,0.9935579287842826,0.9922050503204174,0.9999590150033543,0.9694862044340528,0.9954354507346064,0.9759418929440978,0.9038961499333447,0.9291857473336819,0.5221788457186999,0.997305223884495,0.9248520293763,-0.14706280721055834,0.3823415847322401,0.8885453511104958,0.9079990868406651,0.9645393681193184,0.9543577058158277,0.9401240092637572,0.9723389401746091,0.9361278662784703,0.900244791534931,0.9701269378790889,0.9811681791971989,0.9388662834007367],[0.9971063052754584,0.9944475703662915,0.9876100414539033,0.999963273032307,0.9775314188383311,0.9731829153056833,0.9564475941540506,0.9789527513744419,0.9696128173734847,0.9999829594376345,0.9999740941662377,1.0,0.9934362183346385,0.9920504615314508,0.9999672526065718,0.9729970256216341,0.9955499037477632,0.9791483441666088,0.8900433132117508,0.9182224077266297,0.5881732391684071,0.9963248231283038,0.9358333862197217,0.06690948354751093,-0.19361591377113785,0.9034426842408391,0.9229788742216707,0.9580760052790758,0.9576877100367714,0.9480841240361344,0.9769847176953566,0.9471818750905692,0.9180892471253834,0.9755416412207396,0.9719506590021002,0.9471099417933099],[0.9931638893576932,0.9923078086940008,0.9970445903941532,0.993533372195175,0.9834512322733778,0.9734189156770778,0.9778811553145471,0.9693887551006278,0.971805926473079,0.9934271019154703,0.9935579287842826,0.9934362183346385,1.0,0.99977087476482,0.993555017620864,0.9731926636455916,0.9932796934625042,0.9702181346467977,0.8942955882989642,0.9171445074435862,0.44598466199580805,0.9896123648125772,0.9216299219661136,-0.4115950632011269,0.39494077291177554,0.8705047659788219,0.9076181935819821,0.9677075177905361,0.9372918158274431,0.9090118904467697,0.9573487399124451,0.9133173274039962,0.8684829515126055,0.9676918964244356,0.9781253734437249,0.9312713865027031],[0.9941839646152305,0.9922576255123845,0.9968277927580539,0.992206468351316,0.9806368125157847,0.9709826130432285,0.9785399970505707,0.968368345497556,0.9685234095956478,0.9920783205288374,0.9922050503204174,0.9920504615314508,0.99977087476482,1.0,0.9923117261832939,0.9706596052493202,0.9941139992424093,0.9693862035361788,0.8787669814029013,0.9269801806458082,0.3040602660912744,0.9859505419305953,0.9156222634113894,-0.751793283641647,0.3644271838099211,0.8379479924994351,0.90501653787898,0.9638775612029025,0.930973247779878,0.8977596202957691,0.9511462374076294,0.9140314976578428,0.8466143493247144,0.968431686486204,0.9763367921281073,0.9257075979995711],[0.9966945399028222,0.994955173854888,0.9906495161912602,0.9999515675217252,0.9810299431331027,0.9697141701822024,0.9597067090015367,0.9754446271027363,0.9668922486091616,0.9999563733061465,0.9999590150033543,0.9999672526065718,0.993555017620864,0.9923117261832939,1.0,0.9694745520635519,0.9954809405760213,0.9760525014819026,0.9041152733837129,0.9297320176848622,0.5221852400285496,0.9971462043351608,0.9249607418965146,-0.14491337931212184,0.38198679554850445,0.8886791189199744,0.9072053746552596,0.9640363887628319,0.9546088308941031,0.9406160791694405,0.9723247998048558,0.9367149375678072,0.9008214510401282,0.9701148197265285,0.9811626699745953,0.939533569653548],[0.9855862542246522,0.9807089670885883,0.970058801451977,0.9744023607123511,0.9406731147837745,0.9999027830001925,0.9841727441804754,0.9845412012240062,0.9820096159427393,0.9738704090235031,0.9694862044340528,0.9729970256216341,0.9731926636455916,0.9706596052493202,0.9694745520635519,1.0,0.9871644284569959,0.9838687495968816,0.9043328725210117,0.8955184709255194,0.6446848497708544,0.9648178665106505,0.9002215525042038,0.09374884076209625,-0.19972995519178233,0.9392417197013881,0.8882724436493719,0.9619401147342398,0.9632223702329596,0.9324515615407228,0.9553533284953222,0.9561078010659708,0.9512247086358964,0.965600353547993,0.9791592623798141,0.9625281498852307],[0.9997197971895858,0.9973218308711621,0.9853848405113119,0.9957655437816517,0.9663808110258213,0.9871386428195263,0.9718049563003773,0.9865557050420884,0.9748801028781527,0.9956497575288923,0.9954354507346064,0.9955499037477632,0.9932796934625042,0.9941139992424093,0.9954809405760213,0.9871644284569959,1.0,0.9871407783757268,0.9229876374850924,0.9391847445742668,0.5806207683479562,0.9883548159765372,0.916237698336155,-0.08659382096434386,0.4101524034265709,0.9177628446379699,0.8976969084486566,0.9670036630351481,0.9713864985443057,0.9491920511488252,0.970615922841612,0.9552946785820497,0.9312981966586031,0.9763772748196684,0.9869375362952436,0.9627590729104483],[0.9886425393606718,0.9833818171873032,0.958805128966528,0.979604105297953,0.9318431004626578,0.9836473264683532,0.9570475470125204,0.9998843911771985,0.9833136052694474,0.9796891138795693,0.9759418929440978,0.9791483441666088,0.9702181346467977,0.9693862035361788,0.9760525014819026,0.9838687495968816,0.9871407783757268,1.0,0.9307227722105784,0.9358381211965127,0.6221203203569682,0.9658132967500445,0.9042955466036935,0.18026645549326215,-0.2922403184669095,0.9120084958585901,0.8726041365300112,0.9454331427044289,0.9798868575620407,0.95700597192716,0.9676762116936518,0.9650156653353895,0.9374883085403456,0.9632310768002478,0.9598119986497462,0.9693301028782745],[0.8980438394545855,0.9186459403798019,0.8581159957134321,0.8807595877432084,0.8232903567991116,0.9014034620901062,0.8654423727225553,0.9278506932045419,0.9026423601581394,0.8825620860069442,0.9038961499333447,0.8900433132117508,0.8942955882989642,0.8787669814029013,0.9041152733837129,0.9043328725210117,0.9229876374850924,0.9307227722105784,1.0,0.829014077918094,0.6941759797267429,0.8525781106575806,0.8056153959991101,0.2605601934805485,-0.16560400585278606,0.8580728457059195,0.7476166759119416,0.8560488609932337,0.8926936778951333,0.8594000057660667,0.855210219654053,0.8719701016328706,0.8582904310113754,0.8548883662382895,0.8750711629375106,0.8959671271171024],[0.918545053553834,0.9087810396506473,0.8217586534913887,0.900188177421014,0.7894917622050024,0.8716794363115992,0.7908223985373177,0.9296626789948078,0.8629717887966204,0.9014202535799578,0.9291857473336819,0.9182224077266297,0.9171445074435862,0.9269801806458082,0.9297320176848622,0.8955184709255194,0.9391847445742668,0.9358381211965127,0.829014077918094,1.0,0.8237283004115077,0.8505585022158652,0.8666929405226663,0.6335730926268623,-0.5247373414247904,0.7179054051253516,0.8267035994569386,0.8143921698794527,0.9596923935598667,0.9383887399559032,0.8988170686190055,0.9473785944663816,0.9011754931945862,0.9002414733929532,0.8516534255202588,0.8870884579055404],[0.6874973252139902,0.7082069484810989,0.5564716830152753,0.6487347906943511,0.5052868303059822,0.6564852856006776,0.5462412035804255,0.6250276246223868,0.5433996402366437,0.6458159549270903,0.5221788457186999,0.5881732391684071,0.44598466199580805,0.3040602660912744,0.5221852400285496,0.6446848497708544,0.5806207683479562,0.6221203203569682,0.6941759797267429,0.8237283004115077,1.0,0.5787238142850568,0.6856734583003707,0.7245648557443537,-0.11606850927468125,0.5337399556279203,0.5903793077717563,0.6050162072261618,0.7690029493376546,0.6990670478250325,0.61789236001546,0.7345925819368029,0.7507390570643973,0.6578580229588854,0.625825559196269,0.6773165093543778],[0.9846961616441662,0.9693352533284704,0.9922173307890625,0.9939779795751426,0.9868172523137181,0.9672741695397731,0.9550546525644117,0.9672286135480338,0.9689208568983999,0.9941685585997099,0.997305223884495,0.9963248231283038,0.9896123648125772,0.9859505419305953,0.9971462043351608,0.9648178665106505,0.9883548159765372,0.9658132967500445,0.8525781106575806,0.8505585022158652,0.5787238142850568,1.0,0.9175504509421433,0.2561664903317436,-0.2786511568074718,0.8721009409921138,0.9429491501627976,0.967502083810771,0.9304393410623875,0.9380066906075728,0.9728663440391148,0.9325823336424823,0.8955422452487918,0.9687537036274286,0.9587964768732706,0.9240763774042481],[0.9342050377330702,0.9176937705526688,0.933759556564399,0.939067175959293,0.9279831015516962,0.9058376880001764,0.9081001254755326,0.9005315950569083,0.9183658110718353,0.938962858181563,0.9248520293763,0.9358333862197217,0.9216299219661136,0.9156222634113894,0.9249607418965146,0.9002215525042038,0.916237698336155,0.9042955466036935,0.8056153959991101,0.8666929405226663,0.6856734583003707,0.9175504509421433,1.0,0.29497301291163497,-0.190339076239984,0.7174893562731234,0.9128023832805258,0.8998009648776135,0.8980773253716101,0.8582917641104654,0.9358193263863402,0.8718345374054483,0.8400247310619633,0.9307881012060863,0.886341132153649,0.8582308179625198],[0.36198851600480164,0.36180745783287604,0.19049502464450999,0.32902778457514187,0.15512408455213103,0.2391013743209824,0.09889461440266287,0.2165916395918662,0.07617214437133638,0.3340743805755794,-0.14706280721055834,0.06690948354751093,-0.4115950632011269,-0.751793283641647,-0.14491337931212184,0.09374884076209625,-0.08659382096434386,0.18026645549326215,0.2605601934805485,0.6335730926268623,0.7245648557443537,0.2561664903317436,0.29497301291163497,1.0,-0.3807020604750099,0.2614646954042684,0.24241519742682074,0.17012294249193197,0.459253788326461,0.4521783543583917,0.29875620430169875,0.4747758590422482,0.4017095360435554,0.3259040470132988,0.24912811971304688,0.36760027562643055],[-0.2983854566001889,-0.23051328915893485,-0.22265875953533987,-0.2872052887091117,-0.21136835455603228,-0.22073258696385648,-0.15993613397650136,-0.3104279908597897,-0.2332881088770578,-0.2866671637208469,0.3823415847322401,-0.19361591377113785,0.39494077291177554,0.3644271838099211,0.38198679554850445,-0.19972995519178233,0.4101524034265709,-0.2922403184669095,-0.16560400585278606,-0.5247373414247904,-0.11606850927468125,-0.2786511568074718,-0.190339076239984,-0.3807020604750099,1.0,-0.15759018696032615,-0.2706020462247337,-0.18421316739215854,-0.386795237007266,-0.37599804864718306,-0.3176888316237093,-0.34520678674544913,-0.21069078653709558,-0.3432531401102897,-0.18570649225154653,-0.3173012594457722],[0.898672947330331,0.8772217763756287,0.8815597369276937,0.8899353008070185,0.846550771396921,0.9320632668173323,0.8936775212950013,0.9071720290082427,0.885352904980737,0.8906055145414561,0.8885453511104958,0.9034426842408391,0.8705047659788219,0.8379479924994351,0.8886791189199744,0.9392417197013881,0.9177628446379699,0.9120084958585901,0.8580728457059195,0.7179054051253516,0.5337399556279203,0.8721009409921138,0.7174893562731234,0.2614646954042684,-0.15759018696032615,1.0,0.7681827257329346,0.8870956231691514,0.8234368176561625,0.8667102801948311,0.8311931580262057,0.8743510491135079,0.8696710480647192,0.8615402677612514,0.8696300487140376,0.9004685915980057],[0.9269781519015488,0.9213728413777639,0.9419239734089511,0.9386409406092556,0.9488138565508368,0.8997935288886889,0.8979192031788514,0.8770660203026565,0.8832014858047328,0.9369050653924526,0.9079990868406651,0.9229788742216707,0.9076181935819821,0.90501653787898,0.9072053746552596,0.8882724436493719,0.8976969084486566,0.8726041365300112,0.7476166759119416,0.8267035994569386,0.5903793077717563,0.9429491501627976,0.9128023832805258,0.24241519742682074,-0.2706020462247337,0.7681827257329346,1.0,0.8901252341325893,0.8808085700279614,0.8688112386938388,0.9143314908709552,0.8667371481286598,0.8305660859596258,0.9154509150746784,0.8966199645442828,0.8583335726362575],[0.9604554988295704,0.9598512993354151,0.9705719577020584,0.9637611969466211,0.9552542003036169,0.9648027082472951,0.9607413475697978,0.9454832376341435,0.9653969965954989,0.9623560854565341,0.9645393681193184,0.9580760052790758,0.9677075177905361,0.9638775612029025,0.9640363887628319,0.9619401147342398,0.9670036630351481,0.9454331427044289,0.8560488609932337,0.8143921698794527,0.6050162072261618,0.967502083810771,0.8998009648776135,0.17012294249193197,-0.18421316739215854,0.8870956231691514,0.8901252341325893,1.0,0.91202815482645,0.8956965738308957,0.9462215798656828,0.8958266711116138,0.8886397516861633,0.9516545593741282,0.9741269572796636,0.8950878089145595],[0.9768732383685137,0.9579217056198062,0.9174726428573168,0.9638589530797519,0.8852561305216313,0.9597820537194723,0.903756143057819,0.979393668276276,0.938255356913707,0.963613124236298,0.9543577058158277,0.9576877100367714,0.9372918158274431,0.930973247779878,0.9546088308941031,0.9632223702329596,0.9713864985443057,0.9798868575620407,0.8926936778951333,0.9596923935598667,0.7690029493376546,0.9304393410623875,0.8980773253716101,0.459253788326461,-0.386795237007266,0.8234368176561625,0.8808085700279614,0.91202815482645,1.0,0.9866744688462418,0.9619745044005976,0.9907156679742604,0.9537290408073497,0.9596897181201194,0.916710903555986,0.9689400723116105],[0.9645670179944291,0.9526566550400901,0.9066594025472157,0.9578563761728918,0.8813019640328911,0.9350069635351661,0.8721283012763787,0.9575396755850072,0.906690483635808,0.9570571082467665,0.9401240092637572,0.9480841240361344,0.9090118904467697,0.8977596202957691,0.9406160791694405,0.9324515615407228,0.9491920511488252,0.95700597192716,0.8594000057660667,0.9383887399559032,0.6990670478250325,0.9380066906075728,0.8582917641104654,0.4521783543583917,-0.37599804864718306,0.8667102801948311,0.8688112386938388,0.8956965738308957,0.9866744688462418,1.0,0.9513939662135448,0.9844809985074299,0.9563388874675246,0.9406560871782416,0.9250837680896892,0.9643317898053005],[0.9792938924674738,0.9705068835981693,0.9665145959603737,0.9811823297272929,0.9531247970860849,0.9587568378797848,0.9393938856462491,0.9693236167860001,0.9630282126702151,0.9802835637434689,0.9723389401746091,0.9769847176953566,0.9573487399124451,0.9511462374076294,0.9723247998048558,0.9553533284953222,0.970615922841612,0.9676762116936518,0.855210219654053,0.8988170686190055,0.61789236001546,0.9728663440391148,0.9358193263863402,0.29875620430169875,-0.3176888316237093,0.8311931580262057,0.9143314908709552,0.9462215798656828,0.9619745044005976,0.9513939662135448,1.0,0.9520013299746304,0.9124697298338258,0.9787818768560198,0.963505848103979,0.943903913581585],[0.9702574862302146,0.9567959112027612,0.9101848683314249,0.9569765196748719,0.8777319844752922,0.954855694543546,0.896949433080306,0.966289433074779,0.9238247458159977,0.9563888294546854,0.9361278662784703,0.9471818750905692,0.9133173274039962,0.9140314976578428,0.9367149375678072,0.9561078010659708,0.9552946785820497,0.9650156653353895,0.8719701016328706,0.9473785944663816,0.7345925819368029,0.9325823336424823,0.8718345374054483,0.4747758590422482,-0.34520678674544913,0.8743510491135079,0.8667371481286598,0.8958266711116138,0.9907156679742604,0.9844809985074299,0.9520013299746304,1.0,0.9742225143568211,0.9464785318586717,0.9391993658249699,0.9649759481805611],[0.9401761526894487,0.9394097085899606,0.8858220027271232,0.9239192999157952,0.8465532217818386,0.9521064978458191,0.9029993771039438,0.9377421383328983,0.9043598582179185,0.9225733823737698,0.900244791534931,0.9180892471253834,0.8684829515126055,0.8466143493247144,0.9008214510401282,0.9512247086358964,0.9312981966586031,0.9374883085403456,0.8582904310113754,0.9011754931945862,0.7507390570643973,0.8955422452487918,0.8400247310619633,0.4017095360435554,-0.21069078653709558,0.8696710480647192,0.8305660859596258,0.8886397516861633,0.9537290408073497,0.9563388874675246,0.9124697298338258,0.9742225143568211,1.0,0.9071423117690977,0.9292164635587811,0.95456620251651],[0.9828935237957843,0.973558801213842,0.9638296489856637,0.9796807956043061,0.9444677750337956,0.9635869300720528,0.9374747966077548,0.964036459997734,0.9542590689698549,0.9789401008021239,0.9701269378790889,0.9755416412207396,0.9676918964244356,0.968431686486204,0.9701148197265285,0.965600353547993,0.9763772748196684,0.9632310768002478,0.8548883662382895,0.9002414733929532,0.6578580229588854,0.9687537036274286,0.9307881012060863,0.3259040470132988,-0.3432531401102897,0.8615402677612514,0.9154509150746784,0.9516545593741282,0.9596897181201194,0.9406560871782416,0.9787818768560198,0.9464785318586717,0.9071423117690977,1.0,0.9604404707856374,0.9449087469685399],[0.9752773013547203,0.9667305102538777,0.9714044280340102,0.9732337743419134,0.9514761082129588,0.9799109937245635,0.9695267483537445,0.9617777830150588,0.9741721928313909,0.9721807576900898,0.9811681791971989,0.9719506590021002,0.9781253734437249,0.9763367921281073,0.9811626699745953,0.9791592623798141,0.9869375362952436,0.9598119986497462,0.8750711629375106,0.8516534255202588,0.625825559196269,0.9587964768732706,0.886341132153649,0.24912811971304688,-0.18570649225154653,0.8696300487140376,0.8966199645442828,0.9741269572796636,0.916710903555986,0.9250837680896892,0.963505848103979,0.9391993658249699,0.9292164635587811,0.9604404707856374,1.0,0.9238827702532104],[0.9560884408033292,0.9511673246533213,0.9155224357158636,0.9447399249988194,0.8823277036269074,0.9583506388034105,0.9137421146817886,0.9682177863751646,0.9292044097805943,0.9432755140977115,0.9388662834007367,0.9471099417933099,0.9312713865027031,0.9257075979995711,0.939533569653548,0.9625281498852307,0.9627590729104483,0.9693301028782745,0.8959671271171024,0.8870884579055404,0.6773165093543778,0.9240763774042481,0.8582308179625198,0.36760027562643055,-0.3173012594457722,0.9004685915980057,0.8583335726362575,0.8950878089145595,0.9689400723116105,0.9643317898053005,0.943903913581585,0.9649759481805611,0.95456620251651,0.9449087469685399,0.9238827702532104,1.0]],"x":["^TAIEX       \u81fa\u7063\u52a0\u6b0a\u5831\u916c\u6307\u6578","^TWII        \u81fa\u7063\u52a0\u6b0a\u6307\u6578","^TAIEXx2     \u81fa\u7063\u52a0\u6b0a\u5831\u916c\u6307\u6578_\u65e5\u6b632","^TAI50I      \u81fa\u706350\u5831\u916c\u6307\u6578","^TAI50Ix2    \u81fa\u706350\u5831\u916c\u6307\u6578_\u65e5\u6b632","^TAI100I     \u81fa\u7063\u4e2d\u578b100\u5831\u916c\u6307\u6578","^TAI100Ix2   \u81fa\u7063\u4e2d\u578b100\u5831\u916c\u6307\u6578_\u65e5\u6b632","^TAIDIVIDI   \u81fa\u7063\u9ad8\u80a1\u606f\u5831\u916c\u6307\u6578","^TAIDIVIDIx2 \u81fa\u7063\u9ad8\u80a1\u606f\u5831\u916c\u6307\u6578_\u65e5\u6b632","0050Fund     \u5143\u5927\u53f0\u7063\u5353\u8d8a50\u57fa\u91d1","006208Fund   \u5bcc\u90a6\u53f0\u7063\u91c6\u540950\u57fa\u91d1","0050         \u5143\u5927\u81fa\u706350","00631L       \u5143\u5927\u53f0\u706350\u6b632","00675L       \u5bcc\u90a6\u81fa\u7063\u52a0\u6b0a\u6b632","006208       \u5bcc\u90a6\u53f050","0051         \u5143\u5927\u4e2d\u578b100","006204       \u6c38\u8c50\u81fa\u7063\u52a0\u6b0a","0056         \u5143\u5927\u9ad8\u80a1\u606f","0056         \u5143\u5927\u9ad8\u80a1\u606f_\u80a1\u606f\u4e0d\u6295\u5165","2412         \u4e2d\u83ef\u96fb\u4fe1","2002         \u4e2d\u92fc","2330         \u53f0\u7a4d\u96fb","2317         \u9d3b\u6d77","6505         \u53f0\u5851\u77f3\u5316","3481         \u7fa4\u5275","2303         \u806f\u96fb","2308         \u53f0\u9054\u96fb","2454         \u806f\u767c\u79d1","2886         \u5146\u8c50\u91d1","2884         \u7389\u5c71\u91d1","2891         \u4e2d\u4fe1\u91d1","2892         \u7b2c\u4e00\u91d1","5880         \u5408\u5eab\u91d1","2881         \u5bcc\u90a6\u91d1","2885         \u5143\u5927\u91d1","2887         \u53f0\u65b0\u91d1"],"y":["^TAIEX       \u81fa\u7063\u52a0\u6b0a\u5831\u916c\u6307\u6578","^TWII        \u81fa\u7063\u52a0\u6b0a\u6307\u6578","^TAIEXx2     \u81fa\u7063\u52a0\u6b0a\u5831\u916c\u6307\u6578_\u65e5\u6b632","^TAI50I      \u81fa\u706350\u5831\u916c\u6307\u6578","^TAI50Ix2    \u81fa\u706350\u5831\u916c\u6307\u6578_\u65e5\u6b632","^TAI100I     \u81fa\u7063\u4e2d\u578b100\u5831\u916c\u6307\u6578","^TAI100Ix2   \u81fa\u7063\u4e2d\u578b100\u5831\u916c\u6307\u6578_\u65e5\u6b632","^TAIDIVIDI   \u81fa\u7063\u9ad8\u80a1\u606f\u5831\u916c\u6307\u6578","^TAIDIVIDIx2 \u81fa\u7063\u9ad8\u80a1\u606f\u5831\u916c\u6307\u6578_\u65e5\u6b632","0050Fund     \u5143\u5927\u53f0\u7063\u5353\u8d8a50\u57fa\u91d1","006208Fund   \u5bcc\u90a6\u53f0\u7063\u91c6\u540950\u57fa\u91d1","0050         \u5143\u5927\u81fa\u706350","00631L       \u5143\u5927\u53f0\u706350\u6b632","00675L       \u5bcc\u90a6\u81fa\u7063\u52a0\u6b0a\u6b632","006208       \u5bcc\u90a6\u53f050","0051         \u5143\u5927\u4e2d\u578b100","006204       \u6c38\u8c50\u81fa\u7063\u52a0\u6b0a","0056         \u5143\u5927\u9ad8\u80a1\u606f","0056         \u5143\u5927\u9ad8\u80a1\u606f_\u80a1\u606f\u4e0d\u6295\u5165","2412         \u4e2d\u83ef\u96fb\u4fe1","2002         \u4e2d\u92fc","2330         \u53f0\u7a4d\u96fb","2317         \u9d3b\u6d77","6505         \u53f0\u5851\u77f3\u5316","3481         \u7fa4\u5275","2303         \u806f\u96fb","2308         \u53f0\u9054\u96fb","2454         \u806f\u767c\u79d1","2886         \u5146\u8c50\u91d1","2884         \u7389\u5c71\u91d1","2891         \u4e2d\u4fe1\u91d1","2892         \u7b2c\u4e00\u91d1","5880         \u5408\u5eab\u91d1","2881         \u5bcc\u90a6\u91d1","2885         \u5143\u5927\u91d1","2887         \u53f0\u65b0\u91d1"],"zmin":-1,"zmax":1,"colorbar":{"x":-0.2}}],"layout":{"autotypenumbers":"strict","colorway":["#636efa","#EF553B","#00cc96","#ab63fa","#FFA15A","#19d3f3","#FF6692","#B6E880","#FF97FF","#FECB52"],"font":{"color":"#f2f5fa","family":"Courier New"},"hovermode":"closest","hoverlabel":{"align":"left"},"paper_bgcolor":"rgb(17,17,17)","plot_bgcolor":"rgb(17,17,17)","polar":{"bgcolor":"rgb(17,17,17)","angularaxis":{"gridcolor":"#506784","linecolor":"#506784","ticks":""},"radialaxis":{"gridcolor":"#506784","linecolor":"#506784","ticks":""}},"ternary":{"bgcolor":"rgb(17,17,17)","aaxis":{"gridcolor":"#506784","linecolor":"#506784","ticks":""},"baxis":{"gridcolor":"#506784","linecolor":"#506784","ticks":""},"caxis":{"gridcolor":"#506784","linecolor":"#506784","ticks":""}},"coloraxis":{"colorbar":{"outlinewidth":0,"ticks":""}},"colorscale":{"sequential":[[0.0,"#0d0887"],[0.1111111111111111,"#46039f"],[0.2222222222222222,"#7201a8"],[0.3333333333333333,"#9c179e"],[0.4444444444444444,"#bd3786"],[0.5555555555555556,"#d8576b"],[0.6666666666666666,"#ed7953"],[0.7777777777777778,"#fb9f3a"],[0.8888888888888888,"#fdca26"],[1.0,"#f0f921"]],"sequentialminus":[[0.0,"#0d0887"],[0.1111111111111111,"#46039f"],[0.2222222222222222,"#7201a8"],[0.3333333333333333,"#9c179e"],[0.4444444444444444,"#bd3786"],[0.5555555555555556,"#d8576b"],[0.6666666666666666,"#ed7953"],[0.7777777777777778,"#fb9f3a"],[0.8888888888888888,"#fdca26"],[1.0,"#f0f921"]],"diverging":[[0,"#8e0152"],[0.1,"#c51b7d"],[0.2,"#de77ae"],[0.3,"#f1b6da"],[0.4,"#fde0ef"],[0.5,"#f7f7f7"],[0.6,"#e6f5d0"],[0.7,"#b8e186"],[0.8,"#7fbc41"],[0.9,"#4d9221"],[1,"#276419"]]},"xaxis":{"gridcolor":"rgba(0, 0, 0, 0)","linecolor":"#506784","ticks":"","title":{"standoff":15},"zerolinecolor":"#283442","automargin":true,"zerolinewidth":2,"tickfont":{"family":"Courier New","size":14},"side":"top","tickangle":-90},"yaxis":{"gridcolor":"rgba(0, 0, 0, 0)","linecolor":"#506784","ticks":"","title":{"standoff":15},"zerolinecolor":"#283442","automargin":true,"zerolinewidth":2,"tickfont":{"family":"Courier New"},"side":"right"},"scene":{"xaxis":{"backgroundcolor":"rgb(17,17,17)","gridcolor":"#506784","linecolor":"#506784","showbackground":true,"ticks":"","zerolinecolor":"#C8D4E3","gridwidth":2},"yaxis":{"backgroundcolor":"rgb(17,17,17)","gridcolor":"#506784","linecolor":"#506784","showbackground":true,"ticks":"","zerolinecolor":"#C8D4E3","gridwidth":2},"zaxis":{"backgroundcolor":"rgb(17,17,17)","gridcolor":"#506784","linecolor":"#506784","showbackground":true,"ticks":"","zerolinecolor":"#C8D4E3","gridwidth":2}},"shapedefaults":{"line":{"color":"#f2f5fa"}},"annotationdefaults":{"arrowcolor":"#f2f5fa","arrowhead":0,"arrowwidth":1},"geo":{"bgcolor":"rgb(17,17,17)","landcolor":"rgb(17,17,17)","subunitcolor":"#506784","showland":true,"showlakes":true,"lakecolor":"rgb(17,17,17)"},"title":{"x":0.05,"font":{"family":"Times New Roman"},"y":0.05,"text":"<b>Correlation of Adj Close<b><br><i>2016-09-23 ~ 2025-12-16<i>"},"updatemenudefaults":{"bgcolor":"#506784","borderwidth":0},"sliderdefaults":{"bgcolor":"#C8D4E3","borderwidth":1,"bordercolor":"rgb(17,17,17)","tickwidth":0},"mapbox":{"style":"dark"},"annotations":[{"text":"<b>@zwindr<b>","textangle":0,"opacity":0.5,"font":{"color":"white","size":12},"xref":"paper","yref":"paper","xanchor":"left","yanchor":"bottom","x":1.0,"y":1.0,"showarrow":false}]},"config":{"responsive":true,"toImageButtonOptions":{"filename":"Correlation of Adj Close_2016-09-23~2025-12-16","scale":5}}};Plotly.newPlot("correlationAdjClose",correlationAdjClose.data,correlationAdjClose.layout||{},correlationAdjClose.config);}else{console.log("style display is none => correlationAdjClose");}