var config = { responsive: true }

var correlationAdjClose = {"data": [{"type": "heatmap", "z": [[1.0, 0.9936285094842641, 0.9757411165746973, 0.9978052621869571, 0.964223288145945, 0.9803964365416415, -0.9392189057239552, 0.9894119104376913, 0.9678768970518644, 0.9966304150366735, 0.992947600827015, 0.9939215835367732, 0.9972504737389831, 0.9779217955402321, 0.9995576946160083, 0.9865255697427342, 0.912661936826767, 0.7583959692085288, 0.9859362793913248, 0.923661480265898, 0.4828947961319587, -0.29396972201553484, 0.8983368930895004, 0.9733562065385859, 0.9512778573390727], [0.9936285094842641, 1.0, 0.9710968670767772, 0.9912445669109539, 0.9600354362804102, 0.975478410815108, -0.9343318278460121, 0.9796389285425173, 0.9606183624840142, 0.9938644508547763, 0.9918545543365412, 0.9911122516462021, 0.9952430772860397, 0.9726593768153283, 0.9963389784912551, 0.9824906411582374, 0.9012064155561591, 0.7653641296302248, 0.9667715685390269, 0.9016713199549015, 0.4808250980870282, -0.21544253320558976, 0.870304024419463, 0.9605861992100657, 0.9514878360681155], [0.9757411165746973, 0.9710968670767772, 1.0, 0.9815918767378197, 0.9963072561438522, 0.9787015455255443, -0.9748212363446256, 0.9688654846993415, 0.9829753021779793, 0.9856025502423804, 0.9974133582971878, 0.9973403536333384, 0.9884670126867482, 0.9771034243548671, 0.9875300547972949, 0.9753990775649323, 0.814794415801446, 0.6498460460381976, 0.9894278325053646, 0.9122805022832458, 0.3169425170589046, -0.21411172364671996, 0.9067900607823618, 0.9394449562598037, 0.9775210236830632], [0.9978052621869571, 0.9912445669109539, 0.9815918767378197, 1.0, 0.9752664804056282, 0.9726770502207427, -0.9338221997144607, 0.9839369831202562, 0.96513352191706, 0.9992599392571554, 0.992053682107819, 0.9906649003988378, 0.9999021625021087, 0.9678234841352533, 0.9960450489895604, 0.9813797090156259, 0.8982863805565175, 0.7313038397889621, 0.9932882943150173, 0.9253741734337174, 0.46361392364053716, -0.28540691466399976, 0.8978933075867646, 0.9672222155523723, 0.9571870224096526], [0.964223288145945, 0.9600354362804102, 0.9963072561438522, 0.9752664804056282, 1.0, 0.9588615919043749, -0.9565972413456557, 0.9545085569086462, 0.9709890771904606, 0.9818676662010223, 0.9882085453321733, 0.9846939384408447, 0.9848086350564026, 0.9564143403589773, 0.9761663764291787, 0.9611538224028419, 0.7945938882569216, 0.6181601276270541, 0.9883595393548523, 0.9092301474817442, 0.29817118406183957, -0.20711030791407023, 0.8905528312077445, 0.9243890975670827, 0.9753992600024198], [0.9803964365416415, 0.975478410815108, 0.9787015455255443, 0.9726770502207427, 0.9588615919043749, 1.0, -0.9796076005390947, 0.9793513059924513, 0.9787932448233253, 0.9717725264621221, 0.9760434284649555, 0.9739723727101288, 0.9684201393865733, 0.9988710857691627, 0.9858962052643198, 0.985713445154146, 0.8516063311474129, 0.7249334573547211, 0.9672736862643733, 0.8908015258457641, 0.3455266761762812, -0.20283692345212329, 0.9353835747819534, 0.9554862051837287, 0.9577172149674377], [-0.9392189057239552, -0.9343318278460121, -0.9748212363446256, -0.9338221997144607, -0.9565972413456557, -0.9796076005390947, 1.0, -0.9486752051073464, -0.9824831877167064, -0.9414923446866176, -0.9728038250225289, -0.974809819793317, -0.9470276824246568, -0.9859430485440783, -0.9632125464304174, -0.9646752110319773, -0.759626668469415, -0.6214061516234185, -0.9402626611841015, -0.8774370441620574, -0.19925071211703646, 0.13494016631654512, -0.9026184524871084, -0.9092164429143264, -0.9551015294566798], [0.9894119104376913, 0.9796389285425173, 0.9688654846993415, 0.9839369831202562, 0.9545085569086462, 0.9793513059924513, -0.9486752051073464, 1.0, 0.9813703109892579, 0.9808222896247223, 0.9744848391327651, 0.9734592336116523, 0.9792814358984298, 0.9753764595629432, 0.9869145930897907, 0.9963921952549374, 0.9203927627255719, 0.6962613408309226, 0.9741192843040124, 0.8968144302719051, 0.35242099124834836, -0.30156733435202837, 0.9034183345223857, 0.9541421725573577, 0.933438736733452], [0.9678768970518644, 0.9606183624840142, 0.9829753021779793, 0.96513352191706, 0.9709890771904606, 0.9787932448233253, -0.9824831877167064, 0.9813703109892579, 1.0, 0.9642904590784279, 0.9712141166652826, 0.9681426383102101, 0.9612673441004463, 0.9769957420594255, 0.9684438762098667, 0.9870132405664807, 0.8433396971814143, 0.6219049519014567, 0.9657929382313363, 0.9047170599838843, 0.207153151434868, -0.21766640034147158, 0.8848737008585397, 0.9286330801352665, 0.9569037188793208], [0.9966304150366735, 0.9938644508547763, 0.9856025502423804, 0.9992599392571554, 0.9818676662010223, 0.9717725264621221, -0.9414923446866176, 0.9808222896247223, 0.9642904590784279, 1.0, 0.9909983948688311, 0.9892274592081427, 0.9998381969433732, 0.9687782719820813, 0.995297708222803, 0.9815010500321629, 0.9108081708875939, 0.7081140953046925, 0.9956321083446183, 0.918939417770287, 0.28958031393225003, -0.20997121176585343, 0.9301529944202607, 0.9565964775456667, 0.9552321829630743], [0.992947600827015, 0.9918545543365412, 0.9974133582971878, 0.992053682107819, 0.9882085453321733, 0.9760434284649555, -0.9728038250225289, 0.9744848391327651, 0.9712141166652826, 0.9909983948688311, 1.0, 0.9996599182250813, 0.9918126096280075, 0.9770705036430861, 0.9932808590610664, 0.9759606378306876, 0.9054197646606057, 0.608732814093185, 0.9878883867221678, 0.8897192829660413, -0.2621443974224759, 0.5373243525326626, 0.9079422102660804, 0.9523476456962162, 0.9763998971899056], [0.9939215835367732, 0.9911122516462021, 0.9973403536333384, 0.9906649003988378, 0.9846939384408447, 0.9739723727101288, -0.974809819793317, 0.9734592336116523, 0.9681426383102101, 0.9892274592081427, 0.9996599182250813, 1.0, 0.9904273506345911, 0.975101094347395, 0.9940213845878921, 0.9751732519409574, 0.9143358236532353, 0.49883363372663786, 0.983272682957906, 0.8758853449374547, -0.6830723483793704, 0.5171012195724958, 0.8812013082080344, 0.9491020044171405, 0.9758515166802179], [0.9972504737389831, 0.9952430772860397, 0.9884670126867482, 0.9999021625021087, 0.9848086350564026, 0.9684201393865733, -0.9470276824246568, 0.9792814358984298, 0.9612673441004463, 0.9998381969433732, 0.9918126096280075, 0.9904273506345911, 1.0, 0.9691475177591079, 0.9956190473281035, 0.9803038948365349, 0.928232142654704, 0.6699522354150443, 0.9971451874605878, 0.8986892760674725, 0.040060552859019584, 0.5117463996419167, 0.9197730841501667, 0.9488295412575039, 0.9633774161047937], [0.9779217955402321, 0.9726593768153283, 0.9771034243548671, 0.9678234841352533, 0.9564143403589773, 0.9988710857691627, -0.9859430485440783, 0.9753764595629432, 0.9769957420594255, 0.9687782719820813, 0.9770705036430861, 0.975101094347395, 0.9691475177591079, 1.0, 0.9860418709027665, 0.9834387199790295, 0.8656066421698808, 0.7273860512577328, 0.9626826553882292, 0.8802289032417222, 0.20588381707098394, -0.13500929181323257, 0.944539415526612, 0.9504633822808451, 0.956735996902684], [0.9995576946160083, 0.9963389784912551, 0.9875300547972949, 0.9960450489895604, 0.9761663764291787, 0.9858962052643198, -0.9632125464304174, 0.9869145930897907, 0.9684438762098667, 0.995297708222803, 0.9932808590610664, 0.9940213845878921, 0.9956190473281035, 0.9860418709027665, 1.0, 0.9872407455934982, 0.9351555955189212, 0.7065348172226145, 0.9897575062840008, 0.8953754917368983, 0.084957190939535, 0.5230036093019527, 0.9374245881537385, 0.9590561747451716, 0.9622769161800759], [0.9865255697427342, 0.9824906411582374, 0.9753990775649323, 0.9813797090156259, 0.9611538224028419, 0.985713445154146, -0.9646752110319773, 0.9963921952549374, 0.9870132405664807, 0.9815010500321629, 0.9759606378306876, 0.9751732519409574, 0.9803038948365349, 0.9834387199790295, 0.9872407455934982, 1.0, 0.902867402482632, 0.6977262979447038, 0.9734509378560905, 0.896579157386112, 0.28465680070280736, -0.2041361560451749, 0.9150363877195973, 0.9439024991452054, 0.9446323547051269], [0.912661936826767, 0.9012064155561591, 0.814794415801446, 0.8982863805565175, 0.7945938882569216, 0.8516063311474129, -0.759626668469415, 0.9203927627255719, 0.8433396971814143, 0.9108081708875939, 0.9054197646606057, 0.9143358236532353, 0.928232142654704, 0.8656066421698808, 0.9351555955189212, 0.902867402482632, 1.0, 0.858801042843544, 0.8471305840840814, 0.8725289416765613, 0.7313023700074694, -0.5386616781522885, 0.672093205130244, 0.9102269069602755, 0.7868759161414028], [0.7583959692085288, 0.7653641296302248, 0.6498460460381976, 0.7313038397889621, 0.6181601276270541, 0.7249334573547211, -0.6214061516234185, 0.6962613408309226, 0.6219049519014567, 0.7081140953046925, 0.608732814093185, 0.49883363372663786, 0.6699522354150443, 0.7273860512577328, 0.7065348172226145, 0.6977262979447038, 0.858801042843544, 1.0, 0.6525689374984422, 0.7563869113872227, 0.7334353814986044, -0.11110598330843176, 0.5392035989053342, 0.7699534474909611, 0.6544355347170971], [0.9859362793913248, 0.9667715685390269, 0.9894278325053646, 0.9932882943150173, 0.9883595393548523, 0.9672736862643733, -0.9402626611841015, 0.9741192843040124, 0.9657929382313363, 0.9956321083446183, 0.9878883867221678, 0.983272682957906, 0.9971451874605878, 0.9626826553882292, 0.9897575062840008, 0.9734509378560905, 0.8471305840840814, 0.6525689374984422, 1.0, 0.8967861426755445, 0.39334712505895225, -0.28007177722208887, 0.8865210831493683, 0.9496118423330886, 0.9667639304844123], [0.923661480265898, 0.9016713199549015, 0.9122805022832458, 0.9253741734337174, 0.9092301474817442, 0.8908015258457641, -0.8774370441620574, 0.8968144302719051, 0.9047170599838843, 0.918939417770287, 0.8897192829660413, 0.8758853449374547, 0.8986892760674725, 0.8802289032417222, 0.8953754917368983, 0.896579157386112, 0.8725289416765613, 0.7563869113872227, 0.8967861426755445, 1.0, 0.4397051893035848, -0.1911176417541033, 0.695633725179521, 0.9188387862592694, 0.8808773430522172], [0.4828947961319587, 0.4808250980870282, 0.3169425170589046, 0.46361392364053716, 0.29817118406183957, 0.3455266761762812, -0.19925071211703646, 0.35242099124834836, 0.207153151434868, 0.28958031393225003, -0.2621443974224759, -0.6830723483793704, 0.040060552859019584, 0.20588381707098394, 0.084957190939535, 0.28465680070280736, 0.7313023700074694, 0.7334353814986044, 0.39334712505895225, 0.4397051893035848, 1.0, -0.40621521287465767, 0.31637168251958897, 0.4680790133964246, 0.2604758842765239], [-0.29396972201553484, -0.21544253320558976, -0.21411172364671996, -0.28540691466399976, -0.20711030791407023, -0.20283692345212329, 0.13494016631654512, -0.30156733435202837, -0.21766640034147158, -0.20997121176585343, 0.5373243525326626, 0.5171012195724958, 0.5117463996419167, -0.13500929181323257, 0.5230036093019527, -0.2041361560451749, -0.5386616781522885, -0.11110598330843176, -0.28007177722208887, -0.1911176417541033, -0.40621521287465767, 1.0, -0.13609416049840972, -0.32571395669359793, -0.16036731067305102], [0.8983368930895004, 0.870304024419463, 0.9067900607823618, 0.8978933075867646, 0.8905528312077445, 0.9353835747819534, -0.9026184524871084, 0.9034183345223857, 0.8848737008585397, 0.9301529944202607, 0.9079422102660804, 0.8812013082080344, 0.9197730841501667, 0.944539415526612, 0.9374245881537385, 0.9150363877195973, 0.672093205130244, 0.5392035989053342, 0.8865210831493683, 0.695633725179521, 0.31637168251958897, -0.13609416049840972, 1.0, 0.8314506879469765, 0.8841408155475187], [0.9733562065385859, 0.9605861992100657, 0.9394449562598037, 0.9672222155523723, 0.9243890975670827, 0.9554862051837287, -0.9092164429143264, 0.9541421725573577, 0.9286330801352665, 0.9565964775456667, 0.9523476456962162, 0.9491020044171405, 0.9488295412575039, 0.9504633822808451, 0.9590561747451716, 0.9439024991452054, 0.9102269069602755, 0.7699534474909611, 0.9496118423330886, 0.9188387862592694, 0.4680790133964246, -0.32571395669359793, 0.8314506879469765, 1.0, 0.9274388170543966], [0.9512778573390727, 0.9514878360681155, 0.9775210236830632, 0.9571870224096526, 0.9753992600024198, 0.9577172149674377, -0.9551015294566798, 0.933438736733452, 0.9569037188793208, 0.9552321829630743, 0.9763998971899056, 0.9758515166802179, 0.9633774161047937, 0.956735996902684, 0.9622769161800759, 0.9446323547051269, 0.7868759161414028, 0.6544355347170971, 0.9667639304844123, 0.8808773430522172, 0.2604758842765239, -0.16036731067305102, 0.8841408155475187, 0.9274388170543966, 1.0]], "x": ["^TAIEX       \u81fa\u7063\u52a0\u6b0a\u5831\u916c\u6307\u6578", "^TWII        \u81fa\u7063\u52a0\u6b0a\u6307\u6578", "^TAIEXx2     \u81fa\u7063\u52a0\u6b0a\u5831\u916c\u6307\u6578_\u65e5\u6b632", "^TAI50I      \u81fa\u706350\u5831\u916c\u6307\u6578", "^TAI50Ix2    \u81fa\u706350\u5831\u916c\u6307\u6578_\u65e5\u6b632", "^TAI100I     \u81fa\u7063\u4e2d\u578b100\u5831\u916c\u6307\u6578", "^TAI100Ix2   \u81fa\u7063\u4e2d\u578b100\u5831\u916c\u6307\u6578_\u65e5\u6b632", "^TAIDIVIDI   \u81fa\u7063\u9ad8\u80a1\u606f\u5831\u916c\u6307\u6578", "^TAIDIVIDIx2 \u81fa\u7063\u9ad8\u80a1\u606f\u5831\u916c\u6307\u6578_\u65e5\u6b632", "0050         \u5143\u5927\u81fa\u706350", "00631L       \u5143\u5927\u53f0\u706350\u6b632", "00675L       \u5bcc\u90a6\u81fa\u7063\u52a0\u6b0a\u6b632", "006208       \u5bcc\u90a6\u53f050", "0051         \u5143\u5927\u4e2d\u578b100", "006204       \u6c38\u8c50\u81fa\u7063\u52a0\u6b0a", "0056         \u5143\u5927\u9ad8\u80a1\u606f", "2412         \u4e2d\u83ef\u96fb\u4fe1", "2002         \u4e2d\u92fc", "2330         \u53f0\u7a4d\u96fb", "2317         \u9d3b\u6d77", "6505         \u53f0\u5851\u77f3\u5316", "3481         \u7fa4\u5275", "2303         \u806f\u96fb", "2308         \u53f0\u9054\u96fb", "2454         \u806f\u767c\u79d1"], "y": ["^TAIEX       \u81fa\u7063\u52a0\u6b0a\u5831\u916c\u6307\u6578", "^TWII        \u81fa\u7063\u52a0\u6b0a\u6307\u6578", "^TAIEXx2     \u81fa\u7063\u52a0\u6b0a\u5831\u916c\u6307\u6578_\u65e5\u6b632", "^TAI50I      \u81fa\u706350\u5831\u916c\u6307\u6578", "^TAI50Ix2    \u81fa\u706350\u5831\u916c\u6307\u6578_\u65e5\u6b632", "^TAI100I     \u81fa\u7063\u4e2d\u578b100\u5831\u916c\u6307\u6578", "^TAI100Ix2   \u81fa\u7063\u4e2d\u578b100\u5831\u916c\u6307\u6578_\u65e5\u6b632", "^TAIDIVIDI   \u81fa\u7063\u9ad8\u80a1\u606f\u5831\u916c\u6307\u6578", "^TAIDIVIDIx2 \u81fa\u7063\u9ad8\u80a1\u606f\u5831\u916c\u6307\u6578_\u65e5\u6b632", "0050         \u5143\u5927\u81fa\u706350", "00631L       \u5143\u5927\u53f0\u706350\u6b632", "00675L       \u5bcc\u90a6\u81fa\u7063\u52a0\u6b0a\u6b632", "006208       \u5bcc\u90a6\u53f050", "0051         \u5143\u5927\u4e2d\u578b100", "006204       \u6c38\u8c50\u81fa\u7063\u52a0\u6b0a", "0056         \u5143\u5927\u9ad8\u80a1\u606f", "2412         \u4e2d\u83ef\u96fb\u4fe1", "2002         \u4e2d\u92fc", "2330         \u53f0\u7a4d\u96fb", "2317         \u9d3b\u6d77", "6505         \u53f0\u5851\u77f3\u5316", "3481         \u7fa4\u5275", "2303         \u806f\u96fb", "2308         \u53f0\u9054\u96fb", "2454         \u806f\u767c\u79d1"], "zmin": -1, "zmax": 1, "colorbar": {"x": -0.2}}], "layout": {"autotypenumbers": "strict", "colorway": ["#636efa", "#EF553B", "#00cc96", "#ab63fa", "#FFA15A", "#19d3f3", "#FF6692", "#B6E880", "#FF97FF", "#FECB52"], "font": {"color": "#f2f5fa", "family": "Courier New"}, "hovermode": "closest", "hoverlabel": {"align": "left"}, "paper_bgcolor": "rgb(17,17,17)", "plot_bgcolor": "rgb(17,17,17)", "polar": {"bgcolor": "rgb(17,17,17)", "angularaxis": {"gridcolor": "#506784", "linecolor": "#506784", "ticks": ""}, "radialaxis": {"gridcolor": "#506784", "linecolor": "#506784", "ticks": ""}}, "ternary": {"bgcolor": "rgb(17,17,17)", "aaxis": {"gridcolor": "#506784", "linecolor": "#506784", "ticks": ""}, "baxis": {"gridcolor": "#506784", "linecolor": "#506784", "ticks": ""}, "caxis": {"gridcolor": "#506784", "linecolor": "#506784", "ticks": ""}}, "coloraxis": {"colorbar": {"outlinewidth": 0, "ticks": ""}}, "colorscale": {"sequential": [[0.0, "#0d0887"], [0.1111111111111111, "#46039f"], [0.2222222222222222, "#7201a8"], [0.3333333333333333, "#9c179e"], [0.4444444444444444, "#bd3786"], [0.5555555555555556, "#d8576b"], [0.6666666666666666, "#ed7953"], [0.7777777777777778, "#fb9f3a"], [0.8888888888888888, "#fdca26"], [1.0, "#f0f921"]], "sequentialminus": [[0.0, "#0d0887"], [0.1111111111111111, "#46039f"], [0.2222222222222222, "#7201a8"], [0.3333333333333333, "#9c179e"], [0.4444444444444444, "#bd3786"], [0.5555555555555556, "#d8576b"], [0.6666666666666666, "#ed7953"], [0.7777777777777778, "#fb9f3a"], [0.8888888888888888, "#fdca26"], [1.0, "#f0f921"]], "diverging": [[0, "#8e0152"], [0.1, "#c51b7d"], [0.2, "#de77ae"], [0.3, "#f1b6da"], [0.4, "#fde0ef"], [0.5, "#f7f7f7"], [0.6, "#e6f5d0"], [0.7, "#b8e186"], [0.8, "#7fbc41"], [0.9, "#4d9221"], [1, "#276419"]]}, "xaxis": {"gridcolor": "rgba(0, 0, 0, 0)", "linecolor": "#506784", "ticks": "", "title": {"standoff": 15}, "zerolinecolor": "#283442", "automargin": true, "zerolinewidth": 2, "tickfont": {"family": "Courier New", "size": 14}, "side": "top", "tickangle": -90}, "yaxis": {"gridcolor": "rgba(0, 0, 0, 0)", "linecolor": "#506784", "ticks": "", "title": {"standoff": 15}, "zerolinecolor": "#283442", "automargin": true, "zerolinewidth": 2, "tickfont": {"family": "Courier New"}, "side": "right"}, "scene": {"xaxis": {"backgroundcolor": "rgb(17,17,17)", "gridcolor": "#506784", "linecolor": "#506784", "showbackground": true, "ticks": "", "zerolinecolor": "#C8D4E3", "gridwidth": 2}, "yaxis": {"backgroundcolor": "rgb(17,17,17)", "gridcolor": "#506784", "linecolor": "#506784", "showbackground": true, "ticks": "", "zerolinecolor": "#C8D4E3", "gridwidth": 2}, "zaxis": {"backgroundcolor": "rgb(17,17,17)", "gridcolor": "#506784", "linecolor": "#506784", "showbackground": true, "ticks": "", "zerolinecolor": "#C8D4E3", "gridwidth": 2}}, "shapedefaults": {"line": {"color": "#f2f5fa"}}, "annotationdefaults": {"arrowcolor": "#f2f5fa", "arrowhead": 0, "arrowwidth": 1}, "geo": {"bgcolor": "rgb(17,17,17)", "landcolor": "rgb(17,17,17)", "subunitcolor": "#506784", "showland": true, "showlakes": true, "lakecolor": "rgb(17,17,17)"}, "title": {"x": 0.05, "font": {"family": "Times New Roman"}, "y": 0.05, "text": "<b>Correlation of Adj Close <b><br><i>2016/09/23 ~ 2025/05/27<i>"}, "updatemenudefaults": {"bgcolor": "#506784", "borderwidth": 0}, "sliderdefaults": {"bgcolor": "#C8D4E3", "borderwidth": 1, "bordercolor": "rgb(17,17,17)", "tickwidth": 0}, "mapbox": {"style": "dark"}, "height": 600}};

Plotly.newPlot("correlationAdjClose",
    correlationAdjClose.data,
    correlationAdjClose.layout || {},
    config);