var element=document.getElementById("correlationAdjClose");if(element.style.display!='none'){var correlationAdjClose={"data":[{"type":"heatmap","z":[[1.0,0.9957818644582378,0.968168827464946,0.9965905382719673,0.9405850547780156,0.9861573693502641,0.9603767879831895,0.9849725978211433,0.9778634127566033,0.9967371917007065,0.9963428478035161,0.9967426800619891,0.9894672842662435,0.9909240673219117,0.9964491546975305,0.9871995240058559,0.9997440978954589,0.9844529471982228,0.8924757734983569,0.9094743790480693,0.648135143650222,0.9839476657859324,0.9423201327607492,0.3191601519099673,-0.269568272582627,0.9055260787663443,0.9144287432346734,0.9658098815544311,0.9650012724410736,0.9603399618717336,0.9822090477939869,0.9624931882115346,0.9265802831261158,0.9811021173895598,0.9790495392642656,0.960942097635975],[0.9957818644582378,1.0,0.9670778987611868,0.9926467535359562,0.9397567059451098,0.9826630995283189,0.9578792107834608,0.9770243951715731,0.9724729067058384,0.9937973092571034,0.9954520649977717,0.9950395830189134,0.9900144432271071,0.9906772095592761,0.9955270012865947,0.9827838123562803,0.997817574361037,0.9786512285852367,0.9086422759646343,0.8993177092211422,0.6715096302600037,0.9717674955091173,0.9262862557512032,0.31705997648548934,-0.20591191897435726,0.8864745631270371,0.9123827089984963,0.9651968846556702,0.947113377853783,0.9487269663607132,0.9748279394626769,0.9490223113194279,0.9254709092975153,0.9723053619544162,0.971779155544801,0.9563345869994373],[0.968168827464946,0.9670778987611868,1.0,0.9815871489498074,0.9935943564740664,0.9625833546069221,0.9781054436322343,0.9351500875608812,0.9636046539374782,0.9814466023423403,0.9882247870539581,0.984967826809368,0.9972269432446005,0.9970717139955431,0.9879081708184199,0.9596968904944962,0.9794162542625509,0.9340839902663332,0.8283926083946755,0.7938613163615471,0.4935182670236446,0.991380921483347,0.927772201708715,0.14435789744243321,-0.18313046025089302,0.8709278707821907,0.9560405804129634,0.9612902046991764,0.878923331127208,0.8830525194067195,0.9622741918204243,0.8797145658235676,0.8425984707626984,0.9410685609065204,0.9664220559912695,0.9120517923460579],[0.9965905382719673,0.9926467535359562,0.9815871489498074,1.0,0.9619671693729539,0.9774656598340409,0.9601635329173567,0.9725920881485084,0.9725320773111664,0.9999759399838577,0.9999935621714102,0.9999692826991686,0.993483708424483,0.993021891359027,0.9999598076953445,0.9758862742076632,0.9959655107189297,0.9716225660000603,0.8702365853637876,0.8857926444208393,0.6032088143646203,0.9943146975350762,0.9449643934994351,0.28183625750240415,-0.2542114160397614,0.8941393400674827,0.9334721776286854,0.9674303186517278,0.9460506954495642,0.9487828714646214,0.9836006533336545,0.9442844936932593,0.9041671418652454,0.9743443768937818,0.9771592358658198,0.9491319146254451],[0.9405850547780156,0.9397567059451098,0.9935943564740664,0.9619671693729539,1.0,0.9275728143228532,0.953888540978709,0.8959220473908527,0.9322604256684711,0.9622546713944932,0.9721989927323612,0.9679842544894584,0.9831056928687089,0.981617795239848,0.9716552539071233,0.9234846781220121,0.9539323566565402,0.8943974958171363,0.7802586735747551,0.7483662515398093,0.43275862758021216,0.9798373076480208,0.9091787256311485,0.1062074911094331,-0.16472500061861942,0.8269455755525011,0.9663426183150149,0.9356261357422466,0.8313600939219525,0.8440356009941573,0.9402931030643983,0.8337975504729059,0.7887428162568901,0.908026074415478,0.9392313443659915,0.8729152196731853],[0.9861573693502641,0.9826630995283189,0.9625833546069221,0.9774656598340409,0.9275728143228532,1.0,0.982861118728112,0.9819680465392687,0.985131372094796,0.9770225486000421,0.9714638056031174,0.9749678940251656,0.9666933304068247,0.9644153262274779,0.9715289619094842,0.9999125637370515,0.9880914225420068,0.9826682009122766,0.8991597596578341,0.871038878967691,0.6186010633578991,0.9677491112959882,0.9180898786120463,0.20431471301095452,-0.20142706863162282,0.9355538254324605,0.8876921970743161,0.9695154440773566,0.9522876433705761,0.9357503508578816,0.9641146048196791,0.9509935362611632,0.9404582859167113,0.9652520810831672,0.9822336274419564,0.9633929705743752],[0.9603767879831895,0.9578792107834608,0.9781054436322343,0.9601635329173567,0.953888540978709,0.982861118728112,1.0,0.9502058632322622,0.9830912715886406,0.9591018768123759,0.9677346655035054,0.9647501664651386,0.9786166749329737,0.9784178849864774,0.9675578999101325,0.9839465422702175,0.9767298155906138,0.9521432254362965,0.8568339709228634,0.7892205667952198,0.5019370934210987,0.9635545493413379,0.9185907013751501,0.06902744426923839,-0.13976451906025356,0.8953664147612109,0.9068702341049371,0.9643366829566208,0.8903843440158301,0.8720938143772061,0.9485686954544236,0.8893813718752005,0.8824848932784017,0.9360181198876617,0.9737038646457961,0.9222895047368499],[0.9849725978211433,0.9770243951715731,0.9351500875608812,0.9725920881485084,0.8959220473908527,0.9819680465392687,0.9502058632322622,1.0,0.9840514010206413,0.9725675573539642,0.9667898848348316,0.9712299286477799,0.9491686642340673,0.9473165328638525,0.9671101579095565,0.9837912427245934,0.9814986740349831,0.9998926967545613,0.929880894503365,0.9318205160016995,0.5971641971609918,0.9563012511381898,0.909309412631319,0.1809811653021202,-0.2926042949267159,0.9148372705508699,0.8428671635197881,0.948845183210196,0.9778713478825068,0.9603666434696975,0.9672848643008637,0.9674211709776642,0.9359887454438219,0.9671043093674562,0.9606311639329221,0.9706107153675632],[0.9778634127566033,0.9724729067058384,0.9636046539374782,0.9725320773111664,0.9322604256684711,0.985131372094796,0.9830912715886406,0.9840514010206413,1.0,0.9719230603617232,0.9671154577781712,0.9705158960174269,0.9614484836247901,0.9572440632979768,0.9671469945153669,0.9843527129864764,0.9767208633027893,0.9834088982828707,0.9020758091558234,0.8664037615818292,0.5096113869968448,0.9670878423970034,0.9288826109750328,0.04254052446975729,-0.2141132090260852,0.8944771572253185,0.8686105009362798,0.9697367546313196,0.9347139233670962,0.911613427081697,0.9670552661091196,0.9248121673631485,0.8985497298690248,0.9580345706690218,0.9766150314572861,0.9380694731461349],[0.9967371917007065,0.9937973092571034,0.9814466023423403,0.9999759399838577,0.9622546713944932,0.9770225486000421,0.9591018768123759,0.9725675573539642,0.9719230603617232,1.0,0.9999926094410757,0.9999851431203333,0.9934696327815908,0.9930103830111483,0.9999628157725072,0.9754445125423352,0.9958574850983586,0.9716842313834545,0.8717893109888815,0.8870771547677674,0.5984833615980163,0.9945240015052604,0.9451813965568145,0.2864700165839132,-0.2536728837975405,0.8944084664300631,0.9321507846572049,0.966237414476239,0.9455883874775116,0.9478694100212561,0.9829097658341711,0.9435930313472943,0.9027406029644504,0.9735600419170378,0.9763936011772911,0.9480239657817499],[0.9963428478035161,0.9954520649977717,0.9882247870539581,0.9999935621714102,0.9721989927323612,0.9714638056031174,0.9677346655035054,0.9667898848348316,0.9671154577781712,0.9999926094410757,1.0,0.9999782357259633,0.99353284346391,0.9930525124623776,0.9999649280415721,0.9709628748663985,0.995685324225367,0.967021857736126,0.8884168970277979,0.9160745617790836,0.4521111336551148,0.9974527858211669,0.9344750407858161,-0.19130000822543589,0.473356401885033,0.8860454982575314,0.9123172787195746,0.9659733201555135,0.9315075833937209,0.9304655779393212,0.9770010910223144,0.9209931580420695,0.8703793713116711,0.9639776226226001,0.9832155465336104,0.9455413480107604],[0.9967426800619891,0.9950395830189134,0.984967826809368,0.9999692826991686,0.9679842544894584,0.9749678940251656,0.9647501664651386,0.9712299286477799,0.9705158960174269,0.9999851431203333,0.9999782357259633,1.0,0.9934923771824266,0.9930100610171985,0.9999722814057772,0.9746389900330955,0.995779589095143,0.9710194748260578,0.8788231677181085,0.904262080977834,0.5268138983807773,0.9965215470085298,0.9432048027579338,0.015699535722731195,-0.1291861631198843,0.9020902913342187,0.9213299218852113,0.9621270637146694,0.9369388876526552,0.9374528099157989,0.9802817460654542,0.9326865484160924,0.8928234946968775,0.9695264649884875,0.9764297506836712,0.9505930022105488],[0.9894672842662435,0.9900144432271071,0.9972269432446005,0.993483708424483,0.9831056928687089,0.9666933304068247,0.9786166749329737,0.9491686642340673,0.9614484836247901,0.9934696327815908,0.99353284346391,0.9934923771824266,1.0,0.9998372415977291,0.9934592282885205,0.9661342479828806,0.9902040914920132,0.9493246507481874,0.8612529457096841,0.8964709781569783,0.35406635421098726,0.9918998487414474,0.9255693617934734,-0.43222709200678333,0.5001409480592642,0.8576520763120694,0.9280446987062472,0.9592865158149062,0.897357370795337,0.8932428197517471,0.9623212223724138,0.887040795919755,0.8193567785277442,0.9491733767709688,0.9748762055743749,0.935677783830931],[0.9909240673219117,0.9906772095592761,0.9970717139955431,0.993021891359027,0.981617795239848,0.9644153262274779,0.9784178849864774,0.9473165328638525,0.9572440632979768,0.9930103830111483,0.9930525124623776,0.9930100610171985,0.9998372415977291,1.0,0.9930855346261694,0.9637718184066001,0.9914561855303676,0.9475866474226082,0.845041028277823,0.9070511513621926,0.2061772684886787,0.9896395436453383,0.9186266819229457,-0.7299007100536316,0.4809651461196447,0.8282278625904824,0.9294183196870436,0.9539164558865496,0.8875236055229695,0.8863547592741862,0.9582203118789357,0.8886688885405007,0.7935170901706472,0.9456979808178432,0.9735427684585722,0.9348592271032379],[0.9964491546975305,0.9955270012865947,0.9879081708184199,0.9999598076953445,0.9716552539071233,0.9715289619094842,0.9675578999101325,0.9671101579095565,0.9671469945153669,0.9999628157725072,0.9999649280415721,0.9999722814057772,0.9934592282885205,0.9930855346261694,1.0,0.9711376030291385,0.9957846561392169,0.9672842703169641,0.8888859834092881,0.9167204505926931,0.4524105540088575,0.9972737862602158,0.9343599412603621,-0.18900158931680394,0.4752100169980183,0.8863466017871816,0.9111728427880557,0.9656940229960955,0.9317469592540298,0.9308230289395094,0.9770233993978675,0.9215080643726071,0.870838003696633,0.9638912917166214,0.9832957516908,0.9462407421687296],[0.9871995240058559,0.9827838123562803,0.9596968904944962,0.9758862742076632,0.9234846781220121,0.9999125637370515,0.9839465422702175,0.9837912427245934,0.9843527129864764,0.9754445125423352,0.9709628748663985,0.9746389900330955,0.9661342479828806,0.9637718184066001,0.9711376030291385,1.0,0.9879981269352679,0.9829766361158098,0.9020265279176116,0.8950890520296488,0.5994081675804459,0.9651680278984216,0.9133991473758667,0.054065528441714146,-0.16524214469300702,0.9414510174007625,0.87574573849141,0.967124223034101,0.9552344384647571,0.9333171543113425,0.9611798377497011,0.952153027618813,0.9383323697016654,0.9672203818936385,0.9814228873305123,0.9670185131386556],[0.9997440978954589,0.997817574361037,0.9794162542625509,0.9959655107189297,0.9539323566565402,0.9880914225420068,0.9767298155906138,0.9814986740349831,0.9767208633027893,0.9958574850983586,0.995685324225367,0.995779589095143,0.9902040914920132,0.9914561855303676,0.9957846561392169,0.9879981269352679,1.0,0.9817369305012748,0.9128893046684108,0.9307019054779482,0.5173278329900973,0.9884943698237191,0.9282576637400972,-0.13243132749977862,0.4927040486387318,0.916718281768013,0.8951379585782047,0.9705997537348036,0.9542993182163108,0.9434454160732835,0.9757015326539614,0.9442454055138508,0.907539633926079,0.9733386004743231,0.9890680245432921,0.9668593238228043],[0.9844529471982228,0.9786512285852367,0.9340839902663332,0.9716225660000603,0.8943974958171363,0.9826682009122766,0.9521432254362965,0.9998926967545613,0.9834088982828707,0.9716842313834545,0.967021857736126,0.9710194748260578,0.9493246507481874,0.9475866474226082,0.9672842703169641,0.9829766361158098,0.9817369305012748,1.0,0.9326904500896832,0.9380374186216082,0.5935910801584007,0.9543479028862023,0.9125640190268205,0.1437918879671595,-0.261993915133346,0.9192027144298832,0.8373727388500012,0.9486842145294493,0.9783922636363279,0.9599009981150364,0.965552409976743,0.9663057043245512,0.935548733209716,0.9663530895063953,0.9586510196284044,0.971500752818204],[0.8924757734983569,0.9086422759646343,0.8283926083946755,0.8702365853637876,0.7802586735747551,0.8991597596578341,0.8568339709228634,0.929880894503365,0.9020758091558234,0.8717893109888815,0.8884168970277979,0.8788231677181085,0.8612529457096841,0.845041028277823,0.8888859834092881,0.9020265279176116,0.9128893046684108,0.9326904500896832,1.0,0.8384676817900496,0.6767324594452362,0.8392025072657254,0.8125848138402303,0.23225865727275494,-0.1490899115766883,0.8656335965763351,0.7095225986512906,0.8580487636356777,0.8983976427142693,0.8673720949258913,0.8530318487439799,0.8791665527219582,0.8643917635583279,0.8612477878330381,0.8705371081892493,0.897342703934291],[0.9094743790480693,0.8993177092211422,0.7938613163615471,0.8857926444208393,0.7483662515398093,0.871038878967691,0.7892205667952198,0.9318205160016995,0.8664037615818292,0.8870771547677674,0.9160745617790836,0.904262080977834,0.8964709781569783,0.9070511513621926,0.9167204505926931,0.8950890520296488,0.9307019054779482,0.9380374186216082,0.8384676817900496,1.0,0.8151580614833588,0.8331672735165896,0.8669228592283654,0.6105543828468774,-0.5084927816860063,0.7317972125501109,0.7699288240800011,0.8167028773420417,0.9613516116674232,0.9401197185334433,0.889907752076223,0.9494497509070415,0.9053040380922441,0.9013739508142964,0.847353702195501,0.8864465129549098],[0.648135143650222,0.6715096302600037,0.4935182670236446,0.6032088143646203,0.43275862758021216,0.6186010633578991,0.5019370934210987,0.5971641971609918,0.5096113869968448,0.5984833615980163,0.4521111336551148,0.5268138983807773,0.35406635421098726,0.2061772684886787,0.4524105540088575,0.5994081675804459,0.5173278329900973,0.5935910801584007,0.6767324594452362,0.8151580614833588,1.0,0.5370183283333473,0.6610091036610878,0.722328317249564,-0.11581058680640051,0.5249200111279371,0.5039455785333775,0.5791134893619234,0.7598108388746238,0.6846765217965628,0.5835622446848971,0.720308108736676,0.7448456710047124,0.6379179402907846,0.5954917002351664,0.650719133151943],[0.9839476657859324,0.9717674955091173,0.991380921483347,0.9943146975350762,0.9798373076480208,0.9677491112959882,0.9635545493413379,0.9563012511381898,0.9670878423970034,0.9945240015052604,0.9974527858211669,0.9965215470085298,0.9918998487414474,0.9896395436453383,0.9972737862602158,0.9651680278984216,0.9884943698237191,0.9543479028862023,0.8392025072657254,0.8331672735165896,0.5370183283333473,1.0,0.9220971095358512,0.21120945441865194,-0.241095808763843,0.8748207695249262,0.9457834716536134,0.9675869645027273,0.9078346752974827,0.9243885130042131,0.9747754030664841,0.9153110063762523,0.8705002182116425,0.9592984565685196,0.9633821687920535,0.9280636839183092],[0.9423201327607492,0.9262862557512032,0.927772201708715,0.9449643934994351,0.9091787256311485,0.9180898786120463,0.9185907013751501,0.909309412631319,0.9288826109750328,0.9451813965568145,0.9344750407858161,0.9432048027579338,0.9255693617934734,0.9186266819229457,0.9343599412603621,0.9133991473758667,0.9282576637400972,0.9125640190268205,0.8125848138402303,0.8669228592283654,0.6610091036610878,0.9220971095358512,1.0,0.26188655015116796,-0.17369802158695372,0.7442759132113557,0.8892522708198397,0.9112819975413761,0.8993680054821146,0.8684482486137384,0.9436415199342651,0.8780304294392921,0.8420990523713381,0.9377183291601954,0.9000393201227103,0.8745308795531124],[0.3191601519099673,0.31705997648548934,0.14435789744243321,0.28183625750240415,0.1062074911094331,0.20431471301095452,0.06902744426923839,0.1809811653021202,0.04254052446975729,0.2864700165839132,-0.19130000822543589,0.015699535722731195,-0.43222709200678333,-0.7299007100536316,-0.18900158931680394,0.054065528441714146,-0.13243132749977862,0.1437918879671595,0.23225865727275494,0.6105543828468774,0.722328317249564,0.21120945441865194,0.26188655015116796,1.0,-0.37930613120316536,0.24018695534818743,0.1727432538886864,0.145952705183414,0.4381780632631442,0.42558290323015596,0.25947913962365293,0.4501999989711068,0.38575862509332154,0.2977779484892324,0.21476635557111246,0.332885580783048],[-0.269568272582627,-0.20591191897435726,-0.18313046025089302,-0.2542114160397614,-0.16472500061861942,-0.20142706863162282,-0.13976451906025356,-0.2926042949267159,-0.2141132090260852,-0.2536728837975405,0.473356401885033,-0.1291861631198843,0.5001409480592642,0.4809651461196447,0.4752100169980183,-0.16524214469300702,0.4927040486387318,-0.261993915133346,-0.1490899115766883,-0.5084927816860063,-0.11581058680640051,-0.241095808763843,-0.17369802158695372,-0.37930613120316536,1.0,-0.14813267753842124,-0.20449057727036063,-0.16722824866442096,-0.37429849783072616,-0.3598132920542931,-0.28651727479816075,-0.33187445819156586,-0.20507763615867264,-0.3228308466267418,-0.16592176691143853,-0.2941182668804684],[0.9055260787663443,0.8864745631270371,0.8709278707821907,0.8941393400674827,0.8269455755525011,0.9355538254324605,0.8953664147612109,0.9148372705508699,0.8944771572253185,0.8944084664300631,0.8860454982575314,0.9020902913342187,0.8576520763120694,0.8282278625904824,0.8863466017871816,0.9414510174007625,0.916718281768013,0.9192027144298832,0.8656335965763351,0.7317972125501109,0.5249200111279371,0.8748207695249262,0.7442759132113557,0.24018695534818743,-0.14813267753842124,1.0,0.7639231107456287,0.8962509218927067,0.8324729430744312,0.8762281487476712,0.845225554638885,0.8819820935794093,0.8726174572344012,0.8729477124352912,0.8794085414285239,0.9088500362741316],[0.9144287432346734,0.9123827089984963,0.9560405804129634,0.9334721776286854,0.9663426183150149,0.8876921970743161,0.9068702341049371,0.8428671635197881,0.8686105009362798,0.9321507846572049,0.9123172787195746,0.9213299218852113,0.9280446987062472,0.9294183196870436,0.9111728427880557,0.87574573849141,0.8951379585782047,0.8373727388500012,0.7095225986512906,0.7699288240800011,0.5039455785333775,0.9457834716536134,0.8892522708198397,0.1727432538886864,-0.20449057727036063,0.7639231107456287,1.0,0.8822985180506004,0.8211437966135858,0.8271640440244292,0.9065897997234432,0.8169630236167322,0.7707188212483725,0.8791169410117861,0.8948305680739259,0.8495890244995514],[0.9658098815544311,0.9651968846556702,0.9612902046991764,0.9674303186517278,0.9356261357422466,0.9695154440773566,0.9643366829566208,0.948845183210196,0.9697367546313196,0.966237414476239,0.9659733201555135,0.9621270637146694,0.9592865158149062,0.9539164558865496,0.9656940229960955,0.967124223034101,0.9705997537348036,0.9486842145294493,0.8580487636356777,0.8167028773420417,0.5791134893619234,0.9675869645027273,0.9112819975413761,0.145952705183414,-0.16722824866442096,0.8962509218927067,0.8822985180506004,1.0,0.9087352977126113,0.9002608869579796,0.953009374986827,0.8975938000200637,0.8824424225950035,0.954143173350187,0.9771783454784065,0.9080009876043669],[0.9650012724410736,0.947113377853783,0.878923331127208,0.9460506954495642,0.8313600939219525,0.9522876433705761,0.8903843440158301,0.9778713478825068,0.9347139233670962,0.9455883874775116,0.9315075833937209,0.9369388876526552,0.897357370795337,0.8875236055229695,0.9317469592540298,0.9552344384647571,0.9542993182163108,0.9783922636363279,0.8983976427142693,0.9613516116674232,0.7598108388746238,0.9078346752974827,0.8993680054821146,0.4381780632631442,-0.37429849783072616,0.8324729430744312,0.8211437966135858,0.9087352977126113,1.0,0.9866864262585198,0.9503933964366625,0.9910470301993883,0.9555800442937772,0.9588968597096208,0.909875381082754,0.9640210846851657],[0.9603399618717336,0.9487269663607132,0.8830525194067195,0.9487828714646214,0.8440356009941573,0.9357503508578816,0.8720938143772061,0.9603666434696975,0.911613427081697,0.9478694100212561,0.9304655779393212,0.9374528099157989,0.8932428197517471,0.8863547592741862,0.9308230289395094,0.9333171543113425,0.9434454160732835,0.9599009981150364,0.8673720949258913,0.9401197185334433,0.6846765217965628,0.9243885130042131,0.8684482486137384,0.42558290323015596,-0.3598132920542931,0.8762281487476712,0.8271640440244292,0.9002608869579796,0.9866864262585198,1.0,0.9476851302749691,0.985343610189943,0.9564846583335886,0.9445756345209578,0.924686244989496,0.9641630795588215],[0.9822090477939869,0.9748279394626769,0.9622741918204243,0.9836006533336545,0.9402931030643983,0.9641146048196791,0.9485686954544236,0.9672848643008637,0.9670552661091196,0.9829097658341711,0.9770010910223144,0.9802817460654542,0.9623212223724138,0.9582203118789357,0.9770233993978675,0.9611798377497011,0.9757015326539614,0.965552409976743,0.8530318487439799,0.889907752076223,0.5835622446848971,0.9747754030664841,0.9436415199342651,0.25947913962365293,-0.28651727479816075,0.845225554638885,0.9065897997234432,0.953009374986827,0.9503933964366625,0.9476851302749691,1.0,0.9449802011990336,0.9002839998936116,0.977342066726211,0.96913604958205,0.9497082323950004],[0.9624931882115346,0.9490223113194279,0.8797145658235676,0.9442844936932593,0.8337975504729059,0.9509935362611632,0.8893813718752005,0.9674211709776642,0.9248121673631485,0.9435930313472943,0.9209931580420695,0.9326865484160924,0.887040795919755,0.8886688885405007,0.9215080643726071,0.952153027618813,0.9442454055138508,0.9663057043245512,0.8791665527219582,0.9494497509070415,0.720308108736676,0.9153110063762523,0.8780304294392921,0.4501999989711068,-0.33187445819156586,0.8819820935794093,0.8169630236167322,0.8975938000200637,0.9910470301993883,0.985343610189943,0.9449802011990336,1.0,0.9743535383518004,0.9486529810700276,0.9337738058750399,0.9626668786065213],[0.9265802831261158,0.9254709092975153,0.8425984707626984,0.9041671418652454,0.7887428162568901,0.9404582859167113,0.8824848932784017,0.9359887454438219,0.8985497298690248,0.9027406029644504,0.8703793713116711,0.8928234946968775,0.8193567785277442,0.7935170901706472,0.870838003696633,0.9383323697016654,0.907539633926079,0.935548733209716,0.8643917635583279,0.9053040380922441,0.7448456710047124,0.8705002182116425,0.8420990523713381,0.38575862509332154,-0.20507763615867264,0.8726174572344012,0.7707188212483725,0.8824424225950035,0.9555800442937772,0.9564846583335886,0.9002839998936116,0.9743535383518004,1.0,0.9069873574513124,0.915875913107747,0.9468220413659993],[0.9811021173895598,0.9723053619544162,0.9410685609065204,0.9743443768937818,0.908026074415478,0.9652520810831672,0.9360181198876617,0.9671043093674562,0.9580345706690218,0.9735600419170378,0.9639776226226001,0.9695264649884875,0.9491733767709688,0.9456979808178432,0.9638912917166214,0.9672203818936385,0.9733386004743231,0.9663530895063953,0.8612477878330381,0.9013739508142964,0.6379179402907846,0.9592984565685196,0.9377183291601954,0.2977779484892324,-0.3228308466267418,0.8729477124352912,0.8791169410117861,0.954143173350187,0.9588968597096208,0.9445756345209578,0.977342066726211,0.9486529810700276,0.9069873574513124,1.0,0.9612509978425737,0.9494433122881795],[0.9790495392642656,0.971779155544801,0.9664220559912695,0.9771592358658198,0.9392313443659915,0.9822336274419564,0.9737038646457961,0.9606311639329221,0.9766150314572861,0.9763936011772911,0.9832155465336104,0.9764297506836712,0.9748762055743749,0.9735427684585722,0.9832957516908,0.9814228873305123,0.9890680245432921,0.9586510196284044,0.8705371081892493,0.847353702195501,0.5954917002351664,0.9633821687920535,0.9000393201227103,0.21476635557111246,-0.16592176691143853,0.8794085414285239,0.8948305680739259,0.9771783454784065,0.909875381082754,0.924686244989496,0.96913604958205,0.9337738058750399,0.915875913107747,0.9612509978425737,1.0,0.9328566561068012],[0.960942097635975,0.9563345869994373,0.9120517923460579,0.9491319146254451,0.8729152196731853,0.9633929705743752,0.9222895047368499,0.9706107153675632,0.9380694731461349,0.9480239657817499,0.9455413480107604,0.9505930022105488,0.935677783830931,0.9348592271032379,0.9462407421687296,0.9670185131386556,0.9668593238228043,0.971500752818204,0.897342703934291,0.8864465129549098,0.650719133151943,0.9280636839183092,0.8745308795531124,0.332885580783048,-0.2941182668804684,0.9088500362741316,0.8495890244995514,0.9080009876043669,0.9640210846851657,0.9641630795588215,0.9497082323950004,0.9626668786065213,0.9468220413659993,0.9494433122881795,0.9328566561068012,1.0]],"x":["^TAIEX       \u81fa\u7063\u52a0\u6b0a\u5831\u916c\u6307\u6578","^TWII        \u81fa\u7063\u52a0\u6b0a\u6307\u6578","^TAIEXx2     \u81fa\u7063\u52a0\u6b0a\u5831\u916c\u6307\u6578_\u65e5\u6b632","^TAI50I      \u81fa\u706350\u5831\u916c\u6307\u6578","^TAI50Ix2    \u81fa\u706350\u5831\u916c\u6307\u6578_\u65e5\u6b632","^TAI100I     \u81fa\u7063\u4e2d\u578b100\u5831\u916c\u6307\u6578","^TAI100Ix2   \u81fa\u7063\u4e2d\u578b100\u5831\u916c\u6307\u6578_\u65e5\u6b632","^TAIDIVIDI   \u81fa\u7063\u9ad8\u80a1\u606f\u5831\u916c\u6307\u6578","^TAIDIVIDIx2 \u81fa\u7063\u9ad8\u80a1\u606f\u5831\u916c\u6307\u6578_\u65e5\u6b632","0050Fund     \u5143\u5927\u53f0\u7063\u5353\u8d8a50\u57fa\u91d1","006208Fund   \u5bcc\u90a6\u53f0\u7063\u91c6\u540950\u57fa\u91d1","0050         \u5143\u5927\u81fa\u706350","00631L       \u5143\u5927\u53f0\u706350\u6b632","00675L       \u5bcc\u90a6\u81fa\u7063\u52a0\u6b0a\u6b632","006208       \u5bcc\u90a6\u53f050","0051         \u5143\u5927\u4e2d\u578b100","006204       \u6c38\u8c50\u81fa\u7063\u52a0\u6b0a","0056         \u5143\u5927\u9ad8\u80a1\u606f","0056         \u5143\u5927\u9ad8\u80a1\u606f_\u80a1\u606f\u4e0d\u6295\u5165","2412         \u4e2d\u83ef\u96fb\u4fe1","2002         \u4e2d\u92fc","2330         \u53f0\u7a4d\u96fb","2317         \u9d3b\u6d77","6505         \u53f0\u5851\u77f3\u5316","3481         \u7fa4\u5275","2303         \u806f\u96fb","2308         \u53f0\u9054\u96fb","2454         \u806f\u767c\u79d1","2886         \u5146\u8c50\u91d1","2884         \u7389\u5c71\u91d1","2891         \u4e2d\u4fe1\u91d1","2892         \u7b2c\u4e00\u91d1","5880         \u5408\u5eab\u91d1","2881         \u5bcc\u90a6\u91d1","2885         \u5143\u5927\u91d1","2887         \u53f0\u65b0\u91d1"],"y":["^TAIEX       \u81fa\u7063\u52a0\u6b0a\u5831\u916c\u6307\u6578","^TWII        \u81fa\u7063\u52a0\u6b0a\u6307\u6578","^TAIEXx2     \u81fa\u7063\u52a0\u6b0a\u5831\u916c\u6307\u6578_\u65e5\u6b632","^TAI50I      \u81fa\u706350\u5831\u916c\u6307\u6578","^TAI50Ix2    \u81fa\u706350\u5831\u916c\u6307\u6578_\u65e5\u6b632","^TAI100I     \u81fa\u7063\u4e2d\u578b100\u5831\u916c\u6307\u6578","^TAI100Ix2   \u81fa\u7063\u4e2d\u578b100\u5831\u916c\u6307\u6578_\u65e5\u6b632","^TAIDIVIDI   \u81fa\u7063\u9ad8\u80a1\u606f\u5831\u916c\u6307\u6578","^TAIDIVIDIx2 \u81fa\u7063\u9ad8\u80a1\u606f\u5831\u916c\u6307\u6578_\u65e5\u6b632","0050Fund     \u5143\u5927\u53f0\u7063\u5353\u8d8a50\u57fa\u91d1","006208Fund   \u5bcc\u90a6\u53f0\u7063\u91c6\u540950\u57fa\u91d1","0050         \u5143\u5927\u81fa\u706350","00631L       \u5143\u5927\u53f0\u706350\u6b632","00675L       \u5bcc\u90a6\u81fa\u7063\u52a0\u6b0a\u6b632","006208       \u5bcc\u90a6\u53f050","0051         \u5143\u5927\u4e2d\u578b100","006204       \u6c38\u8c50\u81fa\u7063\u52a0\u6b0a","0056         \u5143\u5927\u9ad8\u80a1\u606f","0056         \u5143\u5927\u9ad8\u80a1\u606f_\u80a1\u606f\u4e0d\u6295\u5165","2412         \u4e2d\u83ef\u96fb\u4fe1","2002         \u4e2d\u92fc","2330         \u53f0\u7a4d\u96fb","2317         \u9d3b\u6d77","6505         \u53f0\u5851\u77f3\u5316","3481         \u7fa4\u5275","2303         \u806f\u96fb","2308         \u53f0\u9054\u96fb","2454         \u806f\u767c\u79d1","2886         \u5146\u8c50\u91d1","2884         \u7389\u5c71\u91d1","2891         \u4e2d\u4fe1\u91d1","2892         \u7b2c\u4e00\u91d1","5880         \u5408\u5eab\u91d1","2881         \u5bcc\u90a6\u91d1","2885         \u5143\u5927\u91d1","2887         \u53f0\u65b0\u91d1"],"zmin":-1,"zmax":1,"colorbar":{"x":-0.2}}],"layout":{"autotypenumbers":"strict","colorway":["#636efa","#EF553B","#00cc96","#ab63fa","#FFA15A","#19d3f3","#FF6692","#B6E880","#FF97FF","#FECB52"],"font":{"color":"#f2f5fa","family":"Courier New"},"hovermode":"closest","hoverlabel":{"align":"left"},"paper_bgcolor":"rgb(17,17,17)","plot_bgcolor":"rgb(17,17,17)","polar":{"bgcolor":"rgb(17,17,17)","angularaxis":{"gridcolor":"#506784","linecolor":"#506784","ticks":""},"radialaxis":{"gridcolor":"#506784","linecolor":"#506784","ticks":""}},"ternary":{"bgcolor":"rgb(17,17,17)","aaxis":{"gridcolor":"#506784","linecolor":"#506784","ticks":""},"baxis":{"gridcolor":"#506784","linecolor":"#506784","ticks":""},"caxis":{"gridcolor":"#506784","linecolor":"#506784","ticks":""}},"coloraxis":{"colorbar":{"outlinewidth":0,"ticks":""}},"colorscale":{"sequential":[[0.0,"#0d0887"],[0.1111111111111111,"#46039f"],[0.2222222222222222,"#7201a8"],[0.3333333333333333,"#9c179e"],[0.4444444444444444,"#bd3786"],[0.5555555555555556,"#d8576b"],[0.6666666666666666,"#ed7953"],[0.7777777777777778,"#fb9f3a"],[0.8888888888888888,"#fdca26"],[1.0,"#f0f921"]],"sequentialminus":[[0.0,"#0d0887"],[0.1111111111111111,"#46039f"],[0.2222222222222222,"#7201a8"],[0.3333333333333333,"#9c179e"],[0.4444444444444444,"#bd3786"],[0.5555555555555556,"#d8576b"],[0.6666666666666666,"#ed7953"],[0.7777777777777778,"#fb9f3a"],[0.8888888888888888,"#fdca26"],[1.0,"#f0f921"]],"diverging":[[0,"#8e0152"],[0.1,"#c51b7d"],[0.2,"#de77ae"],[0.3,"#f1b6da"],[0.4,"#fde0ef"],[0.5,"#f7f7f7"],[0.6,"#e6f5d0"],[0.7,"#b8e186"],[0.8,"#7fbc41"],[0.9,"#4d9221"],[1,"#276419"]]},"xaxis":{"gridcolor":"rgba(0, 0, 0, 0)","linecolor":"#506784","ticks":"","title":{"standoff":15},"zerolinecolor":"#283442","automargin":true,"zerolinewidth":2,"tickfont":{"family":"Courier New","size":14},"side":"top","tickangle":-90},"yaxis":{"gridcolor":"rgba(0, 0, 0, 0)","linecolor":"#506784","ticks":"","title":{"standoff":15},"zerolinecolor":"#283442","automargin":true,"zerolinewidth":2,"tickfont":{"family":"Courier New"},"side":"right"},"scene":{"xaxis":{"backgroundcolor":"rgb(17,17,17)","gridcolor":"#506784","linecolor":"#506784","showbackground":true,"ticks":"","zerolinecolor":"#C8D4E3","gridwidth":2},"yaxis":{"backgroundcolor":"rgb(17,17,17)","gridcolor":"#506784","linecolor":"#506784","showbackground":true,"ticks":"","zerolinecolor":"#C8D4E3","gridwidth":2},"zaxis":{"backgroundcolor":"rgb(17,17,17)","gridcolor":"#506784","linecolor":"#506784","showbackground":true,"ticks":"","zerolinecolor":"#C8D4E3","gridwidth":2}},"shapedefaults":{"line":{"color":"#f2f5fa"}},"annotationdefaults":{"arrowcolor":"#f2f5fa","arrowhead":0,"arrowwidth":1},"geo":{"bgcolor":"rgb(17,17,17)","landcolor":"rgb(17,17,17)","subunitcolor":"#506784","showland":true,"showlakes":true,"lakecolor":"rgb(17,17,17)"},"title":{"x":0.05,"font":{"family":"Times New Roman"},"y":0.05,"text":"<b>Correlation of Adj Close<b><br><i>2016-09-23 ~ 2026-03-20<i>"},"updatemenudefaults":{"bgcolor":"#506784","borderwidth":0},"sliderdefaults":{"bgcolor":"#C8D4E3","borderwidth":1,"bordercolor":"rgb(17,17,17)","tickwidth":0},"mapbox":{"style":"dark"},"annotations":[{"text":"<b>@zwindr<b>","textangle":0,"opacity":0.5,"font":{"color":"white","size":12},"xref":"paper","yref":"paper","xanchor":"left","yanchor":"bottom","x":1.0,"y":1.0,"showarrow":false}]},"config":{"responsive":true,"toImageButtonOptions":{"filename":"Correlation of Adj Close_2016-09-23~2026-03-20","scale":5}}};Plotly.newPlot("correlationAdjClose",correlationAdjClose.data,correlationAdjClose.layout||{},correlationAdjClose.config);}else{console.log("style display is none => correlationAdjClose");}