var config = { responsive: true }

var correlationAdjClose = {"data": [{"type": "heatmap", "z": [[1.0, 0.9937575622430656, 0.9762155366888153, 0.9977700070464238, 0.9647196409539007, 0.980811331885095, -0.940582868604468, 0.9896547198226334, 0.968669801667565, 0.9978363260499881, 0.9929446175475984, 0.9937708203101142, 0.9972907193388224, 0.9835601082956765, 0.9996516325196192, 0.9897254938711801, 0.918699916215532, 0.7523776402927802, 0.9855568836422066, 0.9177304393513666, 0.46880159809092414, -0.302117951092359, 0.9000201110436529, 0.973919133924413, 0.9527719243073595], [0.9937575622430656, 1.0, 0.9716083370795833, 0.9913033462149292, 0.9604603291431518, 0.9760054312874988, -0.9357747231252068, 0.9800983410151548, 0.9615226058311178, 0.9933553851081076, 0.9919678480664753, 0.9911766527283823, 0.9952995329073673, 0.9771465211485799, 0.9965284053011799, 0.9829949079789181, 0.9074140150602914, 0.760586017243085, 0.9666897089319315, 0.896761008643822, 0.46638084153395626, -0.2245533190226922, 0.8729179365195547, 0.9613172851670636, 0.9527499727783265], [0.9762155366888153, 0.9716083370795833, 1.0, 0.9820978328117115, 0.9962740035897998, 0.9790037380088962, -0.9752460599806776, 0.9695414802382051, 0.9834064965970245, 0.98421115064647, 0.9972586472905136, 0.997136213057677, 0.9884938353481829, 0.9778554879915041, 0.9873609345504976, 0.9695117715223888, 0.8236542236964346, 0.6433382832446202, 0.9896780207884723, 0.9080284215417791, 0.3035539350813023, -0.22352500929499636, 0.9077177891307974, 0.9406897217387584, 0.978283653974735], [0.9977700070464238, 0.9913033462149292, 0.9820978328117115, 1.0, 0.9758215675283238, 0.9731428678872008, -0.9352753618312236, 0.9842106351326391, 0.9660442631135208, 0.9999549375759637, 0.991650618502898, 0.9899796931984176, 0.9999446255524724, 0.9733362318713938, 0.9961248306615527, 0.9841599850513724, 0.9053006840304982, 0.7241907045696253, 0.9931677166134166, 0.9192200770125722, 0.447319301568998, -0.2938456783281982, 0.8992371404844708, 0.9678979295733819, 0.958804447995495], [0.9647196409539007, 0.9604603291431518, 0.9962740035897998, 0.9758215675283238, 1.0, 0.9592789111806691, -0.9571388985263543, 0.9552625043071871, 0.9715722901107211, 0.9800284363606759, 0.9876905220718508, 0.9841110224353166, 0.9849269544336408, 0.95724437136782, 0.9760623231330695, 0.9552167099015672, 0.8040932673901173, 0.6105410681447921, 0.9889852620808713, 0.9048084929253789, 0.2825632278990822, -0.21697302474090271, 0.8911117831482631, 0.9258398970940571, 0.9762376827960293], [0.980811331885095, 0.9760054312874988, 0.9790037380088962, 0.9731428678872008, 0.9592789111806691, 1.0, -0.9800442167053811, 0.9797923353457313, 0.9791795924329962, 0.9718796206418514, 0.9765150139470473, 0.9744679579568427, 0.9686433736002894, 0.9999106610720724, 0.9857902404737435, 0.9809312566651721, 0.8575605426295407, 0.7182943961566887, 0.9672048539963408, 0.8874227012256253, 0.33138456320404136, -0.21178881725925303, 0.9361764891020435, 0.9563596549677936, 0.9586627921004627], [-0.940582868604468, -0.9357747231252068, -0.9752460599806776, -0.9352753618312236, -0.9571388985263543, -0.9800442167053811, 1.0, -0.9497968985776155, -0.982784441767287, -0.9405076654597719, -0.9733193881321343, -0.9752472879673022, -0.9474772166020582, -0.9833849065740276, -0.9632046840885421, -0.9529530492821011, -0.7675448307270564, -0.6154759445587349, -0.9412495038122916, -0.8771633508970502, -0.18693130569200356, 0.14486498748663743, -0.9038536352771599, -0.9111012962436773, -0.9559148882065652], [0.9896547198226334, 0.9800983410151548, 0.9695414802382051, 0.9842106351326391, 0.9552625043071871, 0.9797923353457313, -0.9497968985776155, 1.0, 0.9817827870927293, 0.9835082410932462, 0.9749360674068166, 0.9738254898613872, 0.9796412357482731, 0.9818256806004272, 0.9871415212786222, 0.9998683784204092, 0.9208331837005794, 0.6893284272120617, 0.9739946979937936, 0.8908042457750177, 0.3323677267396514, -0.31008288074744333, 0.9044710743434238, 0.9552014371874606, 0.9354227522812982], [0.968669801667565, 0.9615226058311178, 0.9834064965970245, 0.9660442631135208, 0.9715722901107211, 0.9791795924329962, -0.982784441767287, 0.9817827870927293, 1.0, 0.9647226883478182, 0.9717428759854909, 0.9686947707826946, 0.9619577359939303, 0.9783481109130975, 0.9687384034031405, 0.9811104701363591, 0.8449892684844579, 0.6145740307304968, 0.966459093105504, 0.9018417121761535, 0.18825629556621887, -0.22731751676149578, 0.8859903602849103, 0.9303698295765229, 0.9582702423525116], [0.9978363260499881, 0.9933553851081076, 0.98421115064647, 0.9999549375759637, 0.9800284363606759, 0.9718796206418514, -0.9405076654597719, 0.9835082410932462, 0.9647226883478182, 1.0, 0.991354117029428, 0.9895720332595804, 0.9999603099538975, 0.9724433856428542, 0.9958536786757056, 0.9839732037940434, 0.9206672052615731, 0.6942034762078807, 0.995306139714049, 0.9161183904493939, 0.27603536415355256, -0.25690995676206513, 0.9271243146047382, 0.9622409807261028, 0.9535763914838331], [0.9929446175475984, 0.9919678480664753, 0.9972586472905136, 0.991650618502898, 0.9876905220718508, 0.9765150139470473, -0.9733193881321343, 0.9749360674068166, 0.9717428759854909, 0.991354117029428, 1.0, 0.9996667176337752, 0.9914661733564916, 0.9775061476755886, 0.9932828002880802, 0.9764149757281426, 0.907335186459324, 0.5969213116714657, 0.9867262718063473, 0.8863322563344961, -0.2814658389916742, 0.48026858380691445, 0.908392896684103, 0.953219235580587, 0.976678230766363], [0.9937708203101142, 0.9911766527283823, 0.997136213057677, 0.9899796931984176, 0.9841110224353166, 0.9744679579568427, -0.9752472879673022, 0.9738254898613872, 0.9686947707826946, 0.9895720332595804, 0.9996667176337752, 1.0, 0.9898180668509612, 0.9755590254873185, 0.9938948640956754, 0.9755626769098792, 0.9152865493379341, 0.48377265269800357, 0.9817014690670455, 0.8745992248704871, -0.690282970462722, 0.46081092580175376, 0.8817216965457901, 0.9500043439295124, 0.9759888951735175], [0.9972907193388224, 0.9952995329073673, 0.9884938353481829, 0.9999446255524724, 0.9849269544336408, 0.9686433736002894, -0.9474772166020582, 0.9796412357482731, 0.9619577359939303, 0.9999603099538975, 0.9914661733564916, 0.9898180668509612, 1.0, 0.969432126155137, 0.9956629566102193, 0.9808328036698089, 0.9278184223182769, 0.6563823844484227, 0.9968182774184337, 0.8942272242046719, 0.01479407586358987, 0.4538447639054397, 0.9189628287226417, 0.9505490085126876, 0.9644076585691349], [0.9835601082956765, 0.9771465211485799, 0.9778554879915041, 0.9733362318713938, 0.95724437136782, 0.9999106610720724, -0.9833849065740276, 0.9818256806004272, 0.9783481109130975, 0.9724433856428542, 0.9775061476755886, 0.9755590254873185, 0.969432126155137, 1.0, 0.9863661871483193, 0.9810851289419277, 0.8813806169223987, 0.7211400987665698, 0.9661281386151587, 0.8828845519363812, 0.20797587923809707, -0.18916727507007086, 0.9449710124104757, 0.9592592432826861, 0.95557690572113], [0.9996516325196192, 0.9965284053011799, 0.9873609345504976, 0.9961248306615527, 0.9760623231330695, 0.9857902404737435, -0.9632046840885421, 0.9871415212786222, 0.9687384034031405, 0.9958536786757056, 0.9932828002880802, 0.9938948640956754, 0.9956629566102193, 0.9863661871483193, 1.0, 0.9880972577135465, 0.9336459944634835, 0.6945181562238425, 0.989142566237514, 0.8915532206540303, 0.062240114973319674, 0.4695379843591089, 0.9367926671669297, 0.9607246486685538, 0.9628939488827647], [0.9897254938711801, 0.9829949079789181, 0.9695117715223888, 0.9841599850513724, 0.9552167099015672, 0.9809312566651721, -0.9529530492821011, 0.9998683784204092, 0.9811104701363591, 0.9839732037940434, 0.9764149757281426, 0.9755626769098792, 0.9808328036698089, 0.9810851289419277, 0.9880972577135465, 1.0, 0.927227256613545, 0.6879827617067624, 0.9731317567049479, 0.8961506182236515, 0.2997375376192682, -0.2901162820578974, 0.9101407489968062, 0.9542236023141177, 0.9356082321129803], [0.918699916215532, 0.9074140150602914, 0.8236542236964346, 0.9053006840304982, 0.8040932673901173, 0.8575605426295407, -0.7675448307270564, 0.9208331837005794, 0.8449892684844579, 0.9206672052615731, 0.907335186459324, 0.9152865493379341, 0.9278184223182769, 0.8813806169223987, 0.9336459944634835, 0.927227256613545, 1.0, 0.8467967408555162, 0.8565509866333428, 0.8697209513484704, 0.7117554016550462, -0.5343810233450653, 0.6902160235172086, 0.9167724252894008, 0.7955749817798928], [0.7523776402927802, 0.760586017243085, 0.6433382832446202, 0.7241907045696253, 0.6105410681447921, 0.7182943961566887, -0.6154759445587349, 0.6893284272120617, 0.6145740307304968, 0.6942034762078807, 0.5969213116714657, 0.48377265269800357, 0.6563823844484227, 0.7211400987665698, 0.6945181562238425, 0.6879827617067624, 0.8467967408555162, 1.0, 0.6453020214504065, 0.7551446527511718, 0.7344132820675897, -0.11658520914269158, 0.5388422298436938, 0.7659151050623639, 0.6491215310215891], [0.9855568836422066, 0.9666897089319315, 0.9896780207884723, 0.9931677166134166, 0.9889852620808713, 0.9672048539963408, -0.9412495038122916, 0.9739946979937936, 0.966459093105504, 0.995306139714049, 0.9867262718063473, 0.9817014690670455, 0.9968182774184337, 0.9661281386151587, 0.989142566237514, 0.9731317567049479, 0.8565509866333428, 0.6453020214504065, 1.0, 0.8897153249513653, 0.3745194812471545, -0.28819031933895994, 0.8869956032982765, 0.9500071107837733, 0.9683546100631897], [0.9177304393513666, 0.896761008643822, 0.9080284215417791, 0.9192200770125722, 0.9048084929253789, 0.8874227012256253, -0.8771633508970502, 0.8908042457750177, 0.9018417121761535, 0.9161183904493939, 0.8863322563344961, 0.8745992248704871, 0.8942272242046719, 0.8828845519363812, 0.8915532206540303, 0.8961506182236515, 0.8697209513484704, 0.7551446527511718, 0.8897153249513653, 1.0, 0.41615316612814374, -0.1838416123227856, 0.6916080776012302, 0.9149652615462058, 0.8793903246354469], [0.46880159809092414, 0.46638084153395626, 0.3035539350813023, 0.447319301568998, 0.2825632278990822, 0.33138456320404136, -0.18693130569200356, 0.3323677267396514, 0.18825629556621887, 0.27603536415355256, -0.2814658389916742, -0.690282970462722, 0.01479407586358987, 0.20797587923809707, 0.062240114973319674, 0.2997375376192682, 0.7117554016550462, 0.7344132820675897, 0.3745194812471545, 0.41615316612814374, 1.0, -0.40299588919174245, 0.30785567783387086, 0.45427650056524355, 0.24852313451562513], [-0.302117951092359, -0.2245533190226922, -0.22352500929499636, -0.2938456783281982, -0.21697302474090271, -0.21178881725925303, 0.14486498748663743, -0.31008288074744333, -0.22731751676149578, -0.25690995676206513, 0.48026858380691445, 0.46081092580175376, 0.4538447639054397, -0.18916727507007086, 0.4695379843591089, -0.2901162820578974, -0.5343810233450653, -0.11658520914269158, -0.28819031933895994, -0.1838416123227856, -0.40299588919174245, 1.0, -0.14353177772109116, -0.3333705871161606, -0.17088948518942446], [0.9000201110436529, 0.8729179365195547, 0.9077177891307974, 0.8992371404844708, 0.8911117831482631, 0.9361764891020435, -0.9038536352771599, 0.9044710743434238, 0.8859903602849103, 0.9271243146047382, 0.908392896684103, 0.8817216965457901, 0.9189628287226417, 0.9449710124104757, 0.9367926671669297, 0.9101407489968062, 0.6902160235172086, 0.5388422298436938, 0.8869956032982765, 0.6916080776012302, 0.30785567783387086, -0.14353177772109116, 1.0, 0.8344445098599731, 0.8855153752048422], [0.973919133924413, 0.9613172851670636, 0.9406897217387584, 0.9678979295733819, 0.9258398970940571, 0.9563596549677936, -0.9111012962436773, 0.9552014371874606, 0.9303698295765229, 0.9622409807261028, 0.953219235580587, 0.9500043439295124, 0.9505490085126876, 0.9592592432826861, 0.9607246486685538, 0.9542236023141177, 0.9167724252894008, 0.7659151050623639, 0.9500071107837733, 0.9149652615462058, 0.45427650056524355, -0.3333705871161606, 0.8344445098599731, 1.0, 0.9294106274708173], [0.9527719243073595, 0.9527499727783265, 0.978283653974735, 0.958804447995495, 0.9762376827960293, 0.9586627921004627, -0.9559148882065652, 0.9354227522812982, 0.9582702423525116, 0.9535763914838331, 0.976678230766363, 0.9759888951735175, 0.9644076585691349, 0.95557690572113, 0.9628939488827647, 0.9356082321129803, 0.7955749817798928, 0.6491215310215891, 0.9683546100631897, 0.8793903246354469, 0.24852313451562513, -0.17088948518942446, 0.8855153752048422, 0.9294106274708173, 1.0]], "x": ["^TAIEX       \u81fa\u7063\u52a0\u6b0a\u5831\u916c\u6307\u6578", "^TWII        \u81fa\u7063\u52a0\u6b0a\u6307\u6578", "^TAIEXx2     \u81fa\u7063\u52a0\u6b0a\u5831\u916c\u6307\u6578_\u65e5\u6b632", "^TAI50I      \u81fa\u706350\u5831\u916c\u6307\u6578", "^TAI50Ix2    \u81fa\u706350\u5831\u916c\u6307\u6578_\u65e5\u6b632", "^TAI100I     \u81fa\u7063\u4e2d\u578b100\u5831\u916c\u6307\u6578", "^TAI100Ix2   \u81fa\u7063\u4e2d\u578b100\u5831\u916c\u6307\u6578_\u65e5\u6b632", "^TAIDIVIDI   \u81fa\u7063\u9ad8\u80a1\u606f\u5831\u916c\u6307\u6578", "^TAIDIVIDIx2 \u81fa\u7063\u9ad8\u80a1\u606f\u5831\u916c\u6307\u6578_\u65e5\u6b632", "0050         \u5143\u5927\u81fa\u706350", "00631L       \u5143\u5927\u53f0\u706350\u6b632", "00675L       \u5bcc\u90a6\u81fa\u7063\u52a0\u6b0a\u6b632", "006208       \u5bcc\u90a6\u53f050", "0051         \u5143\u5927\u4e2d\u578b100", "006204       \u6c38\u8c50\u81fa\u7063\u52a0\u6b0a", "0056         \u5143\u5927\u9ad8\u80a1\u606f", "2412         \u4e2d\u83ef\u96fb\u4fe1", "2002         \u4e2d\u92fc", "2330         \u53f0\u7a4d\u96fb", "2317         \u9d3b\u6d77", "6505         \u53f0\u5851\u77f3\u5316", "3481         \u7fa4\u5275", "2303         \u806f\u96fb", "2308         \u53f0\u9054\u96fb", "2454         \u806f\u767c\u79d1"], "y": ["^TAIEX       \u81fa\u7063\u52a0\u6b0a\u5831\u916c\u6307\u6578", "^TWII        \u81fa\u7063\u52a0\u6b0a\u6307\u6578", "^TAIEXx2     \u81fa\u7063\u52a0\u6b0a\u5831\u916c\u6307\u6578_\u65e5\u6b632", "^TAI50I      \u81fa\u706350\u5831\u916c\u6307\u6578", "^TAI50Ix2    \u81fa\u706350\u5831\u916c\u6307\u6578_\u65e5\u6b632", "^TAI100I     \u81fa\u7063\u4e2d\u578b100\u5831\u916c\u6307\u6578", "^TAI100Ix2   \u81fa\u7063\u4e2d\u578b100\u5831\u916c\u6307\u6578_\u65e5\u6b632", "^TAIDIVIDI   \u81fa\u7063\u9ad8\u80a1\u606f\u5831\u916c\u6307\u6578", "^TAIDIVIDIx2 \u81fa\u7063\u9ad8\u80a1\u606f\u5831\u916c\u6307\u6578_\u65e5\u6b632", "0050         \u5143\u5927\u81fa\u706350", "00631L       \u5143\u5927\u53f0\u706350\u6b632", "00675L       \u5bcc\u90a6\u81fa\u7063\u52a0\u6b0a\u6b632", "006208       \u5bcc\u90a6\u53f050", "0051         \u5143\u5927\u4e2d\u578b100", "006204       \u6c38\u8c50\u81fa\u7063\u52a0\u6b0a", "0056         \u5143\u5927\u9ad8\u80a1\u606f", "2412         \u4e2d\u83ef\u96fb\u4fe1", "2002         \u4e2d\u92fc", "2330         \u53f0\u7a4d\u96fb", "2317         \u9d3b\u6d77", "6505         \u53f0\u5851\u77f3\u5316", "3481         \u7fa4\u5275", "2303         \u806f\u96fb", "2308         \u53f0\u9054\u96fb", "2454         \u806f\u767c\u79d1"], "zmin": -1, "zmax": 1, "colorbar": {"x": -0.2}}], "layout": {"autotypenumbers": "strict", "colorway": ["#636efa", "#EF553B", "#00cc96", "#ab63fa", "#FFA15A", "#19d3f3", "#FF6692", "#B6E880", "#FF97FF", "#FECB52"], "font": {"color": "#f2f5fa", "family": "Courier New"}, "hovermode": "closest", "hoverlabel": {"align": "left"}, "paper_bgcolor": "rgb(17,17,17)", "plot_bgcolor": "rgb(17,17,17)", "polar": {"bgcolor": "rgb(17,17,17)", "angularaxis": {"gridcolor": "#506784", "linecolor": "#506784", "ticks": ""}, "radialaxis": {"gridcolor": "#506784", "linecolor": "#506784", "ticks": ""}}, "ternary": {"bgcolor": "rgb(17,17,17)", "aaxis": {"gridcolor": "#506784", "linecolor": "#506784", "ticks": ""}, "baxis": {"gridcolor": "#506784", "linecolor": "#506784", "ticks": ""}, "caxis": {"gridcolor": "#506784", "linecolor": "#506784", "ticks": ""}}, "coloraxis": {"colorbar": {"outlinewidth": 0, "ticks": ""}}, "colorscale": {"sequential": [[0.0, "#0d0887"], [0.1111111111111111, "#46039f"], [0.2222222222222222, "#7201a8"], [0.3333333333333333, "#9c179e"], [0.4444444444444444, "#bd3786"], [0.5555555555555556, "#d8576b"], [0.6666666666666666, "#ed7953"], [0.7777777777777778, "#fb9f3a"], [0.8888888888888888, "#fdca26"], [1.0, "#f0f921"]], "sequentialminus": [[0.0, "#0d0887"], [0.1111111111111111, "#46039f"], [0.2222222222222222, "#7201a8"], [0.3333333333333333, "#9c179e"], [0.4444444444444444, "#bd3786"], [0.5555555555555556, "#d8576b"], [0.6666666666666666, "#ed7953"], [0.7777777777777778, "#fb9f3a"], [0.8888888888888888, "#fdca26"], [1.0, "#f0f921"]], "diverging": [[0, "#8e0152"], [0.1, "#c51b7d"], [0.2, "#de77ae"], [0.3, "#f1b6da"], [0.4, "#fde0ef"], [0.5, "#f7f7f7"], [0.6, "#e6f5d0"], [0.7, "#b8e186"], [0.8, "#7fbc41"], [0.9, "#4d9221"], [1, "#276419"]]}, "xaxis": {"gridcolor": "rgba(0, 0, 0, 0)", "linecolor": "#506784", "ticks": "", "title": {"standoff": 15}, "zerolinecolor": "#283442", "automargin": true, "zerolinewidth": 2, "tickfont": {"family": "Courier New", "size": 14}, "side": "top", "tickangle": -90}, "yaxis": {"gridcolor": "rgba(0, 0, 0, 0)", "linecolor": "#506784", "ticks": "", "title": {"standoff": 15}, "zerolinecolor": "#283442", "automargin": true, "zerolinewidth": 2, "tickfont": {"family": "Courier New"}, "side": "right"}, "scene": {"xaxis": {"backgroundcolor": "rgb(17,17,17)", "gridcolor": "#506784", "linecolor": "#506784", "showbackground": true, "ticks": "", "zerolinecolor": "#C8D4E3", "gridwidth": 2}, "yaxis": {"backgroundcolor": "rgb(17,17,17)", "gridcolor": "#506784", "linecolor": "#506784", "showbackground": true, "ticks": "", "zerolinecolor": "#C8D4E3", "gridwidth": 2}, "zaxis": {"backgroundcolor": "rgb(17,17,17)", "gridcolor": "#506784", "linecolor": "#506784", "showbackground": true, "ticks": "", "zerolinecolor": "#C8D4E3", "gridwidth": 2}}, "shapedefaults": {"line": {"color": "#f2f5fa"}}, "annotationdefaults": {"arrowcolor": "#f2f5fa", "arrowhead": 0, "arrowwidth": 1}, "geo": {"bgcolor": "rgb(17,17,17)", "landcolor": "rgb(17,17,17)", "subunitcolor": "#506784", "showland": true, "showlakes": true, "lakecolor": "rgb(17,17,17)"}, "title": {"x": 0.05, "font": {"family": "Times New Roman"}, "y": 0.05, "text": "<b>Correlation of Adj Close <b><br><i>2016/09/23 ~ 2025/06/20<i>"}, "updatemenudefaults": {"bgcolor": "#506784", "borderwidth": 0}, "sliderdefaults": {"bgcolor": "#C8D4E3", "borderwidth": 1, "bordercolor": "rgb(17,17,17)", "tickwidth": 0}, "mapbox": {"style": "dark"}, "height": 600}};

Plotly.newPlot("correlationAdjClose",
    correlationAdjClose.data,
    correlationAdjClose.layout || {},
    config);