var element=document.getElementById("correlationAdjClose");if(element.style.display!='none'){var correlationAdjClose={"data":[{"type":"heatmap","z":[[1.0,0.9966111520431363,0.9475994707496256,0.9965069671074689,0.9154889686049266,0.9890939309122002,0.962626933236187,0.9812634914821667,0.9807128854712781,0.9966177287507715,0.9967140917973876,0.9968390585344106,0.8835998320479476,0.9802429576314549,0.9968029031957762,0.9898410430926879,0.9997911857354764,0.9811735569594359,0.9041448256643505,0.8815721729612882,0.5744175281398946,0.9871044165050846,0.9464620811369617,0.26020697789375474,-0.15877993633120946,0.9182573622559882,0.8961892719651632,0.941692568928336,0.9332215679186167,0.9340551801179494,0.9848349843491405,0.9335579457055324,0.8861618534607496,0.9726753020552025,0.9841024011730577,0.963117164532689],[0.9966111520431363,1.0,0.9534082887744213,0.9944936507107333,0.9222219988933296,0.9856037835235462,0.9645747311594083,0.9720010368482741,0.9781775657134167,0.9954493002579355,0.9969167158154537,0.9964900074388653,0.8930306415040461,0.9842591181446593,0.9969623656544054,0.9856279548444228,0.9980145463889434,0.9739211383139738,0.9142739595559995,0.8674488523401661,0.5975902089708489,0.9790211418730148,0.9291199088812241,0.25223842845152644,-0.09755031689524583,0.907325183948205,0.9009251491553044,0.946469565534777,0.9135070941921998,0.9190036374752345,0.9782316092143905,0.9157767013856424,0.881240721976769,0.9628989285367311,0.9793005076373222,0.9571336601959269],[0.9475994707496256,0.9534082887744213,1.0,0.9663719515037724,0.995055699637627,0.9392547329904505,0.9822577685553642,0.8944128479144817,0.9572136311841997,0.9666360153624632,0.974429081690501,0.9709269764153309,0.9163660534986285,0.9976000496024228,0.9741955133125998,0.9354074064676385,0.958799036330669,0.8956267802473499,0.8171876804104529,0.7114807440049283,0.37151951565091507,0.9706092998366188,0.8818896354929614,0.08388926629152356,-0.03079927000424894,0.9061672736147808,0.9712545311736649,0.9733024422403735,0.7799328462293642,0.7910893572736081,0.9312961014271256,0.7848397735929594,0.7278543361248736,0.8810831911580227,0.9533423983808142,0.8804974487346706],[0.9965069671074689,0.9944936507107333,0.9663719515037724,1.0,0.9407789146355915,0.9808751074040373,0.9680180506425542,0.966446840749548,0.9779507286435045,0.9999831514623554,0.9999954073932457,0.9999756730478124,0.8944856529077233,0.9868152191875241,0.9999705443225516,0.9795817432236325,0.9962045322985164,0.9661955274945524,0.8819970271134118,0.850351142466554,0.523518313365484,0.9957259460183513,0.9430568277471465,0.2203942169378262,-0.13631622097804538,0.9147667227241799,0.9211603700978986,0.9520535112952413,0.9057241552418255,0.9133729565147345,0.9832899049062122,0.907056065992043,0.8546330584939184,0.960286673237354,0.9832680227781587,0.9495905671403646],[0.9154889686049266,0.9222219988933296,0.995055699637627,0.9407789146355915,1.0,0.901461280982229,0.9619321897762447,0.8506025056891354,0.927569035415513,0.9416446239615524,0.9543861017437328,0.9488346538407186,0.9106836264706107,0.9879020333084982,0.9539320246523438,0.8980813909097797,0.930659695578122,0.8519516383145853,0.7698779312406475,0.6564394168374726,0.3109280154405241,0.9492600282558193,0.8482448500899162,0.050735809423562706,-0.006094517207614569,0.8745034187637164,0.9794245580625129,0.9589530680373287,0.7214351427236916,0.7387162322163819,0.8995428396291908,0.7280350084860656,0.6643094580979547,0.8370256155260246,0.9228536625357014,0.8369585590126657],[0.9890939309122002,0.9856037835235462,0.9392547329904505,0.9808751074040373,0.901461280982229,1.0,0.9734232262365397,0.981587223675135,0.9838382183500618,0.9805147004718933,0.9758401739097816,0.9786802255229696,0.8580203752277744,0.9510818508798895,0.9759512021325764,0.9999300902374509,0.9904252553179106,0.9825511250868199,0.9098031077566393,0.8578258145448279,0.5522959352616624,0.9736113213673359,0.9298994765540579,0.16081160112873022,-0.1226784164564471,0.9376324950668122,0.869364148834591,0.9374028424697247,0.9289653697236554,0.9191691912779063,0.9710370860296177,0.9299884917530521,0.9062923430142308,0.9621984220912241,0.9849676142658661,0.9657889509578478],[0.962626933236187,0.9645747311594083,0.9822577685553642,0.9680180506425542,0.9619321897762447,0.9734232262365397,1.0,0.9332484465497196,0.9823391990552697,0.9673849481731279,0.9762587512351688,0.9727498980318534,0.8990868466698111,0.9855560222953856,0.9760875931872832,0.9744339845734082,0.97669473651134,0.936201037529874,0.85756431994951,0.7503899750537832,0.40643994863135374,0.9688450252646308,0.9091358033382332,0.030746179986923396,-0.03889548526022579,0.9203462827423227,0.9299429772033754,0.9674196051116246,0.8310846273909975,0.8238351557632377,0.9453096552335125,0.8336697287786347,0.8046705811929818,0.9096289480813865,0.9749617700495347,0.9110526199747384],[0.9812634914821667,0.9720010368482741,0.8944128479144817,0.966446840749548,0.8506025056891354,0.981587223675135,0.9332484465497196,1.0,0.974498464376925,0.9663630127669569,0.9623739457686669,0.9654481874269748,0.8248087224966901,0.9239635418610926,0.9626079874898962,0.9836013192450023,0.9790882971893409,0.9998994185457172,0.9409205592593228,0.924239849284769,0.5376688330145911,0.9545888986030973,0.9252426389438746,0.1331852550880788,-0.2023466959847707,0.9119147873543809,0.80956832898784,0.9004717463739633,0.9649010248374453,0.9516023343976033,0.9712642702173362,0.9571668741925763,0.916357226630482,0.9712217034734208,0.9597296582501179,0.9745174931199653],[0.9807128854712781,0.9781775657134167,0.9572136311841997,0.9779507286435045,0.927569035415513,0.9838382183500618,0.9823391990552697,0.974498464376925,1.0,0.9776545643697641,0.9746312917132404,0.9766668292050033,0.8759155691909825,0.9630031475540181,0.974528153190182,0.9826245185747452,0.9799257751687233,0.9750346126483942,0.9095910622507138,0.8346575802166392,0.4176473176962009,0.9719068454449284,0.9309164067721795,-0.0031783096005934303,-0.0934042952372343,0.9254076631012571,0.8811047714423261,0.9601862661062543,0.8904265172898332,0.8753766343103039,0.969685712843048,0.8850161319502906,0.8405333076784615,0.9477260403430331,0.9817386529567724,0.9392367797367471],[0.9966177287507715,0.9954493002579355,0.9666360153624632,0.9999831514623554,0.9416446239615524,0.9805147004718933,0.9673849481731279,0.9663630127669569,0.9776545643697641,1.0,0.9999951953758047,0.9999854182733975,0.8966787848617144,0.9870174231757903,0.9999714402596478,0.9793985504690349,0.9961099715046766,0.9661246167360885,0.8838743204724846,0.8502173228353865,0.5128737150746177,0.9959229748572421,0.9436969172781497,0.22203304226353276,-0.13000863400235776,0.9159365354868511,0.921142335626867,0.9513927068555132,0.9033597246270793,0.9104903284495617,0.982783208765967,0.9046107400324505,0.8509347891351032,0.9590138043650666,0.9830507338432194,0.9487532561544159],[0.9967140917973876,0.9969167158154537,0.974429081690501,0.9999954073932457,0.9543861017437328,0.9758401739097816,0.9762587512351688,0.9623739457686669,0.9746312917132404,0.9999951953758047,1.0,0.9999802517196753,0.8967154971192779,0.9868666387357227,0.9999731981423892,0.9759111595564304,0.9960334614660769,0.9632789998081763,0.9007444461780232,0.8804855889691885,0.3378056215434793,0.997757229693744,0.9349143747172184,-0.2290866223256575,0.6690606013896339,0.9129870834021452,0.9166375977728519,0.9528888688840059,0.8822216341707806,0.8867508192284795,0.9784356453296476,0.8753987403333533,0.8016585493038798,0.9487939000406312,0.9877916349905969,0.9475681787199445],[0.9968390585344106,0.9964900074388653,0.9709269764153309,0.9999756730478124,0.9488346538407186,0.9786802255229696,0.9727498980318534,0.9654481874269748,0.9766668292050033,0.9999854182733975,0.9999802517196753,1.0,0.8968274501450839,0.9870955589307611,0.9999793568627462,0.9787063828945005,0.9960306218246994,0.9659122646721479,0.8914167543959685,0.8682302171594344,0.4241029235791706,0.9972122784431778,0.9427130492730597,-0.04019018261415993,0.11285590578947836,0.9221357536985058,0.9172358734991513,0.9490245555354633,0.8912982604459941,0.8961295914608676,0.980268970037328,0.8902782098718994,0.8330959741234905,0.9545296497417932,0.9833759102284919,0.948535434213977],[0.8835998320479476,0.8930306415040461,0.9163660534986285,0.8944856529077233,0.9106836264706107,0.8580203752277744,0.8990868466698111,0.8248087224966901,0.8759155691909825,0.8966787848617144,0.8967154971192779,0.8968274501450839,1.0,0.9998929324102657,0.8964320657985047,0.8623496964623975,0.8850475032222028,0.8284031962960429,0.7675620231217749,0.6998010955848838,0.15941146963813532,0.8912949447498589,0.8207585049110274,-0.46832421475647557,0.704869188992264,0.81865272402381,0.8896378563698124,0.8982769823709026,0.7006828902172292,0.7021350985521077,0.8602662735062514,0.692222116953371,0.5983157991079987,0.8177364453263642,0.8816247271307286,0.825632044808367],[0.9802429576314549,0.9842591181446593,0.9976000496024228,0.9868152191875241,0.9879020333084982,0.9510818508798895,0.9855560222953856,0.9239635418610926,0.9630031475540181,0.9870174231757903,0.9868666387357227,0.9870955589307611,0.9998929324102657,1.0,0.986893526981424,0.9499379629610049,0.9785707030732547,0.9264252625594852,0.8591870194630349,0.8357326713808182,0.05927833780324099,0.9779164173585195,0.8875221169657763,-0.6371203295406161,0.7477598716116235,0.8934225074528432,0.9588556145945388,0.9695085551767122,0.7864004621180247,0.8014445658347941,0.9450318291328652,0.79737345196164,0.6643073765070829,0.8939266248442929,0.9677184454258717,0.9207942280660256],[0.9968029031957762,0.9969623656544054,0.9741955133125998,0.9999705443225516,0.9539320246523438,0.9759512021325764,0.9760875931872832,0.9626079874898962,0.974528153190182,0.9999714402596478,0.9999731981423892,0.9999793568627462,0.8964320657985047,0.986893526981424,1.0,0.9760362746172708,0.9961247570102251,0.96363554784529,0.9013197801533912,0.8817048033042775,0.3407749017697724,0.9976344297554665,0.9350535844937281,-0.226758067786683,0.6664928063618581,0.9127534193954047,0.9153830959247978,0.9524473371701947,0.8831630004606736,0.8877416640381227,0.9783453673120329,0.8764392476276917,0.8033800775619728,0.9488539088580552,0.9877767359113021,0.9477124365364914],[0.9898410430926879,0.9856279548444228,0.9354074064676385,0.9795817432236325,0.8980813909097797,0.9999300902374509,0.9744339845734082,0.9836013192450023,0.9826245185747452,0.9793985504690349,0.9759111595564304,0.9787063828945005,0.8623496964623975,0.9499379629610049,0.9760362746172708,1.0,0.9905157906954739,0.9832327371906462,0.9144602768557831,0.8801630679817338,0.5140042770004918,0.9724313404582353,0.927700590361,0.005995461584089051,-0.00912116747908915,0.9406661207406212,0.864240871769061,0.9325439928499873,0.9289360136327306,0.9142009699608533,0.9697873252158916,0.9285790168562503,0.8979366041454113,0.9647206298108256,0.9843116307001702,0.9689179136996806],[0.9997911857354764,0.9980145463889434,0.958799036330669,0.9962045322985164,0.930659695578122,0.9904252553179106,0.97669473651134,0.9790882971893409,0.9799257751687233,0.9961099715046766,0.9960334614660769,0.9960306218246994,0.8850475032222028,0.9785707030732547,0.9961247570102251,0.9905157906954739,1.0,0.9798312094711643,0.9238765762478928,0.9046139911062281,0.41294859412277446,0.9913778873251904,0.9364037440087946,-0.1773138351563921,0.6538736877915307,0.9284760834499397,0.8912429143959731,0.9454778130839433,0.9159718831949183,0.9113605625882736,0.9803322481408536,0.9088873191646264,0.8516512874801102,0.9641720546272399,0.9920296594655245,0.9670456809319851],[0.9811735569594359,0.9739211383139738,0.8956267802473499,0.9661955274945524,0.8519516383145853,0.9825511250868199,0.936201037529874,0.9998994185457172,0.9750346126483942,0.9661246167360885,0.9632789998081763,0.9659122646721479,0.8284031962960429,0.9264252625594852,0.96363554784529,0.9832327371906462,0.9798312094711643,1.0,0.9435235258558969,0.929631363463865,0.5311680787479754,0.9536684511216679,0.9281555251274125,0.09431800312793132,-0.11215318455633588,0.9167716177710635,0.8076287409985673,0.9019267328341544,0.96411430485017,0.9499953411561364,0.970220050721877,0.9549186134918771,0.913972405379154,0.9704607518859836,0.9590439769816104,0.975055925648957],[0.9041448256643505,0.9142739595559995,0.8171876804104529,0.8819970271134118,0.7698779312406475,0.9098031077566393,0.85756431994951,0.9409205592593228,0.9095910622507138,0.8838743204724846,0.9007444461780232,0.8914167543959685,0.7675620231217749,0.8591870194630349,0.9013197801533912,0.9144602768557831,0.9238765762478928,0.9435235258558969,1.0,0.8443730337096244,0.6145248185147867,0.858654981249952,0.8432946807899152,0.17946563843560126,-0.01975130329474196,0.8748644469700134,0.7165367659601175,0.8368936921446428,0.8970249350858094,0.8710074578464106,0.8766908516126154,0.8810641396674808,0.8547052731868153,0.8827889223777183,0.8857689993905506,0.9122505748740355],[0.8815721729612882,0.8674488523401661,0.7114807440049283,0.850351142466554,0.6564394168374726,0.8578258145448279,0.7503899750537832,0.924239849284769,0.8346575802166392,0.8502173228353865,0.8804855889691885,0.8682302171594344,0.6998010955848838,0.8357326713808182,0.8817048033042775,0.8801630679817338,0.9046139911062281,0.929631363463865,0.8443730337096244,1.0,0.8023786334921907,0.8051857207745187,0.8664767504486002,0.5845981547629941,-0.4510476217478244,0.7018014247380676,0.662722188695514,0.7259351526831547,0.9633757739680667,0.9433523759548453,0.8730565044394624,0.9522843092722402,0.9098794970906763,0.8986558667091756,0.8217353512926322,0.8790615255832922],[0.5744175281398946,0.5975902089708489,0.37151951565091507,0.523518313365484,0.3109280154405241,0.5522959352616624,0.40643994863135374,0.5376688330145911,0.4176473176962009,0.5128737150746177,0.3378056215434793,0.4241029235791706,0.15941146963813532,0.05927833780324099,0.3407749017697724,0.5140042770004918,0.41294859412277446,0.5311680787479754,0.6145248185147867,0.8023786334921907,1.0,0.47558927350548585,0.6272073089776135,0.7209853424343942,-0.11467731762185739,0.4476351904602139,0.36504977698047136,0.44301890917072045,0.7464417672704523,0.6684832094735288,0.5307451597886664,0.7021890474569608,0.7376131242026784,0.6042080747800769,0.5302658199729544,0.6045143139740758],[0.9871044165050846,0.9790211418730148,0.9706092998366188,0.9957259460183513,0.9492600282558193,0.9736113213673359,0.9688450252646308,0.9545888986030973,0.9719068454449284,0.9959229748572421,0.997757229693744,0.9972122784431778,0.8912949447498589,0.9779164173585195,0.9976344297554665,0.9724313404582353,0.9913778873251904,0.9536684511216679,0.858654981249952,0.8051857207745187,0.47558927350548585,1.0,0.9227773690046358,0.16112008153514193,-0.12452016336687892,0.8985031030504997,0.9297078012748907,0.9489739171808534,0.8732548960170535,0.8929909174901417,0.9762288781426399,0.8829995453538028,0.8270345357930894,0.9474494918894283,0.9730093985905536,0.9328640568568709],[0.9464620811369617,0.9291199088812241,0.8818896354929614,0.9430568277471465,0.8482448500899162,0.9298994765540579,0.9091358033382332,0.9252426389438746,0.9309164067721795,0.9436969172781497,0.9349143747172184,0.9427130492730597,0.8207585049110274,0.8875221169657763,0.9350535844937281,0.927700590361,0.9364037440087946,0.9281555251274125,0.8432946807899152,0.8664767504486002,0.6272073089776135,0.9227773690046358,1.0,0.22782317718607112,-0.09895452365613999,0.7734667141070385,0.8276809593562814,0.8706550279171152,0.899496803070539,0.8745345064900242,0.9495743933429961,0.8811745252212708,0.8397635174286716,0.9452299680049736,0.9085088007585782,0.8925098708131348],[0.26020697789375474,0.25223842845152644,0.08388926629152356,0.2203942169378262,0.050735809423562706,0.16081160112873022,0.030746179986923396,0.1331852550880788,-0.0031783096005934303,0.22203304226353276,-0.2290866223256575,-0.04019018261415993,-0.46832421475647557,-0.6371203295406161,-0.226758067786683,0.005995461584089051,-0.1773138351563921,0.09431800312793132,0.17946563843560126,0.5845981547629941,0.7209853424343942,0.16112008153514193,0.22782317718607112,1.0,-0.3813498231762155,0.1782193604327912,0.09011252074670413,0.08651051040824857,0.4156812797754352,0.40105950827260517,0.21472846019775896,0.425894238009025,0.3709045223091982,0.2648686170954752,0.16638491417031492,0.28877758235707013],[-0.15877993633120946,-0.09755031689524583,-0.03079927000424894,-0.13631622097804538,-0.006094517207614569,-0.1226784164564471,-0.03889548526022579,-0.2023466959847707,-0.0934042952372343,-0.13000863400235776,0.6690606013896339,0.11285590578947836,0.704869188992264,0.7477598716116235,0.6664928063618581,-0.00912116747908915,0.6538736877915307,-0.11215318455633588,-0.01975130329474196,-0.4510476217478244,-0.11467731762185739,-0.12452016336687892,-0.09895452365613999,-0.3813498231762155,1.0,-0.02740650006524174,-0.029046949466986476,-0.013420203038570092,-0.3214707107684076,-0.30576884184721836,-0.18014350500155152,-0.2796089975904714,-0.1710907682237657,-0.23772843060378598,-0.061310443066329656,-0.20207201308069023],[0.9182573622559882,0.907325183948205,0.9061672736147808,0.9147667227241799,0.8745034187637164,0.9376324950668122,0.9203462827423227,0.9119147873543809,0.9254076631012571,0.9159365354868511,0.9129870834021452,0.9221357536985058,0.81865272402381,0.8934225074528432,0.9127534193954047,0.9406661207406212,0.9284760834499397,0.9167716177710635,0.8748644469700134,0.7018014247380676,0.4476351904602139,0.8985031030504997,0.7734667141070385,0.1782193604327912,-0.02740650006524174,1.0,0.827113184466879,0.9271211744019716,0.7902622876442185,0.829567884454029,0.8703954628884053,0.8329115022845767,0.8018589134006779,0.8698796397146862,0.9050030035988809,0.9041671570604386],[0.8961892719651632,0.9009251491553044,0.9712545311736649,0.9211603700978986,0.9794245580625129,0.869364148834591,0.9299429772033754,0.80956832898784,0.8811047714423261,0.921142335626867,0.9166375977728519,0.9172358734991513,0.8896378563698124,0.9588556145945388,0.9153830959247978,0.864240871769061,0.8912429143959731,0.8076287409985673,0.7165367659601175,0.662722188695514,0.36504977698047136,0.9297078012748907,0.8276809593562814,0.09011252074670413,-0.029046949466986476,0.827113184466879,1.0,0.9224844910968527,0.7080326026387999,0.7222173976332813,0.8730808483038843,0.7097421009182743,0.6493846760880067,0.8099846232950253,0.892986964125668,0.8138558938749529],[0.941692568928336,0.946469565534777,0.9733024422403735,0.9520535112952413,0.9589530680373287,0.9374028424697247,0.9674196051116246,0.9004717463739633,0.9601862661062543,0.9513927068555132,0.9528888688840059,0.9490245555354633,0.8982769823709026,0.9695085551767122,0.9524473371701947,0.9325439928499873,0.9454778130839433,0.9019267328341544,0.8368936921446428,0.7259351526831547,0.44301890917072045,0.9489739171808534,0.8706550279171152,0.08651051040824857,-0.013420203038570092,0.9271211744019716,0.9224844910968527,1.0,0.8019806458465886,0.8020468498155725,0.9213419710637537,0.7961694859931575,0.7579829604831287,0.891999228338065,0.9550152478632548,0.8733375420768197],[0.9332215679186167,0.9135070941921998,0.7799328462293642,0.9057241552418255,0.7214351427236916,0.9289653697236554,0.8310846273909975,0.9649010248374453,0.8904265172898332,0.9033597246270793,0.8822216341707806,0.8912982604459941,0.7006828902172292,0.7864004621180247,0.8831630004606736,0.9289360136327306,0.9159718831949183,0.96411430485017,0.8970249350858094,0.9633757739680667,0.7464417672704523,0.8732548960170535,0.899496803070539,0.4156812797754352,-0.3214707107684076,0.7902622876442185,0.7080326026387999,0.8019806458465886,1.0,0.9873950850281912,0.9303744007502672,0.991595866495362,0.9570504316129312,0.9540672450657363,0.8806416339814649,0.9520233779993091],[0.9340551801179494,0.9190036374752345,0.7910893572736081,0.9133729565147345,0.7387162322163819,0.9191691912779063,0.8238351557632377,0.9516023343976033,0.8753766343103039,0.9104903284495617,0.8867508192284795,0.8961295914608676,0.7021350985521077,0.8014445658347941,0.8877416640381227,0.9142009699608533,0.9113605625882736,0.9499953411561364,0.8710074578464106,0.9433523759548453,0.6684832094735288,0.8929909174901417,0.8745345064900242,0.40105950827260517,-0.30576884184721836,0.829567884454029,0.7222173976332813,0.8020468498155725,0.9873950850281912,1.0,0.9319520383107225,0.986371279502218,0.9569910907854264,0.9430731501779115,0.8986193989468689,0.9549047298041066],[0.9848349843491405,0.9782316092143905,0.9312961014271256,0.9832899049062122,0.8995428396291908,0.9710370860296177,0.9453096552335125,0.9712642702173362,0.969685712843048,0.982783208765967,0.9784356453296476,0.980268970037328,0.8602662735062514,0.9450318291328652,0.9783453673120329,0.9697873252158916,0.9803322481408536,0.970220050721877,0.8766908516126154,0.8730565044394624,0.5307451597886664,0.9762288781426399,0.9495743933429961,0.21472846019775896,-0.18014350500155152,0.8703954628884053,0.8730808483038843,0.9213419710637537,0.9303744007502672,0.9319520383107225,1.0,0.927539818414815,0.8741998467768458,0.9756250393666963,0.9745197184610784,0.9581129494198877],[0.9335579457055324,0.9157767013856424,0.7848397735929594,0.907056065992043,0.7280350084860656,0.9299884917530521,0.8336697287786347,0.9571668741925763,0.8850161319502906,0.9046107400324505,0.8753987403333533,0.8902782098718994,0.692222116953371,0.79737345196164,0.8764392476276917,0.9285790168562503,0.9088873191646264,0.9549186134918771,0.8810641396674808,0.9522843092722402,0.7021890474569608,0.8829995453538028,0.8811745252212708,0.425894238009025,-0.2796089975904714,0.8329115022845767,0.7097421009182743,0.7961694859931575,0.991595866495362,0.986371279502218,0.927539818414815,1.0,0.9741303261807861,0.9460274654659403,0.9026609092591041,0.9520841584136923],[0.8861618534607496,0.881240721976769,0.7278543361248736,0.8546330584939184,0.6643094580979547,0.9062923430142308,0.8046705811929818,0.916357226630482,0.8405333076784615,0.8509347891351032,0.8016585493038798,0.8330959741234905,0.5983157991079987,0.6643073765070829,0.8033800775619728,0.8979366041454113,0.8516512874801102,0.913972405379154,0.8547052731868153,0.9098794970906763,0.7376131242026784,0.8270345357930894,0.8397635174286716,0.3709045223091982,-0.1710907682237657,0.8018589134006779,0.6493846760880067,0.7579829604831287,0.9570504316129312,0.9569910907854264,0.8741998467768458,0.9741303261807861,1.0,0.8989983072399286,0.8702736354824238,0.9263853905622221],[0.9726753020552025,0.9628989285367311,0.8810831911580227,0.960286673237354,0.8370256155260246,0.9621984220912241,0.9096289480813865,0.9712217034734208,0.9477260403430331,0.9590138043650666,0.9487939000406312,0.9545296497417932,0.8177364453263642,0.8939266248442929,0.9488539088580552,0.9647206298108256,0.9641720546272399,0.9704607518859836,0.8827889223777183,0.8986558667091756,0.6042080747800769,0.9474494918894283,0.9452299680049736,0.2648686170954752,-0.23772843060378598,0.8698796397146862,0.8099846232950253,0.891999228338065,0.9540672450657363,0.9430731501779115,0.9756250393666963,0.9460274654659403,0.8989983072399286,1.0,0.9546562316859979,0.9558863973424961],[0.9841024011730577,0.9793005076373222,0.9533423983808142,0.9832680227781587,0.9228536625357014,0.9849676142658661,0.9749617700495347,0.9597296582501179,0.9817386529567724,0.9830507338432194,0.9877916349905969,0.9833759102284919,0.8816247271307286,0.9677184454258717,0.9877767359113021,0.9843116307001702,0.9920296594655245,0.9590439769816104,0.8857689993905506,0.8217353512926322,0.5302658199729544,0.9730093985905536,0.9085088007585782,0.16638491417031492,-0.061310443066329656,0.9050030035988809,0.892986964125668,0.9550152478632548,0.8806416339814649,0.8986193989468689,0.9745197184610784,0.9026609092591041,0.8702736354824238,0.9546562316859979,1.0,0.9402791669525415],[0.963117164532689,0.9571336601959269,0.8804974487346706,0.9495905671403646,0.8369585590126657,0.9657889509578478,0.9110526199747384,0.9745174931199653,0.9392367797367471,0.9487532561544159,0.9475681787199445,0.948535434213977,0.825632044808367,0.9207942280660256,0.9477124365364914,0.9689179136996806,0.9670456809319851,0.975055925648957,0.9122505748740355,0.8790615255832922,0.6045143139740758,0.9328640568568709,0.8925098708131348,0.28877758235707013,-0.20207201308069023,0.9041671570604386,0.8138558938749529,0.8733375420768197,0.9520233779993091,0.9549047298041066,0.9581129494198877,0.9520841584136923,0.9263853905622221,0.9558863973424961,0.9402791669525415,1.0]],"x":["^TAIEX       \u81fa\u7063\u52a0\u6b0a\u5831\u916c\u6307\u6578","^TWII        \u81fa\u7063\u52a0\u6b0a\u6307\u6578","^TAIEXx2     \u81fa\u7063\u52a0\u6b0a\u5831\u916c\u6307\u6578_\u65e5\u6b632","^TAI50I      \u81fa\u706350\u5831\u916c\u6307\u6578","^TAI50Ix2    \u81fa\u706350\u5831\u916c\u6307\u6578_\u65e5\u6b632","^TAI100I     \u81fa\u7063\u4e2d\u578b100\u5831\u916c\u6307\u6578","^TAI100Ix2   \u81fa\u7063\u4e2d\u578b100\u5831\u916c\u6307\u6578_\u65e5\u6b632","^TAIDIVIDI   \u81fa\u7063\u9ad8\u80a1\u606f\u5831\u916c\u6307\u6578","^TAIDIVIDIx2 \u81fa\u7063\u9ad8\u80a1\u606f\u5831\u916c\u6307\u6578_\u65e5\u6b632","0050Fund     \u5143\u5927\u53f0\u7063\u5353\u8d8a50\u57fa\u91d1","006208Fund   \u5bcc\u90a6\u53f0\u7063\u91c6\u540950\u57fa\u91d1","0050         \u5143\u5927\u81fa\u706350","00631L       \u5143\u5927\u53f0\u706350\u6b632","00675L       \u5bcc\u90a6\u81fa\u7063\u52a0\u6b0a\u6b632","006208       \u5bcc\u90a6\u53f050","0051         \u5143\u5927\u4e2d\u578b100","006204       \u6c38\u8c50\u81fa\u7063\u52a0\u6b0a","0056         \u5143\u5927\u9ad8\u80a1\u606f","0056         \u5143\u5927\u9ad8\u80a1\u606f_\u80a1\u606f\u4e0d\u6295\u5165","2412         \u4e2d\u83ef\u96fb\u4fe1","2002         \u4e2d\u92fc","2330         \u53f0\u7a4d\u96fb","2317         \u9d3b\u6d77","6505         \u53f0\u5851\u77f3\u5316","3481         \u7fa4\u5275","2303         \u806f\u96fb","2308         \u53f0\u9054\u96fb","2454         \u806f\u767c\u79d1","2886         \u5146\u8c50\u91d1","2884         \u7389\u5c71\u91d1","2891         \u4e2d\u4fe1\u91d1","2892         \u7b2c\u4e00\u91d1","5880         \u5408\u5eab\u91d1","2881         \u5bcc\u90a6\u91d1","2885         \u5143\u5927\u91d1","2887         \u53f0\u65b0\u91d1"],"y":["^TAIEX       \u81fa\u7063\u52a0\u6b0a\u5831\u916c\u6307\u6578","^TWII        \u81fa\u7063\u52a0\u6b0a\u6307\u6578","^TAIEXx2     \u81fa\u7063\u52a0\u6b0a\u5831\u916c\u6307\u6578_\u65e5\u6b632","^TAI50I      \u81fa\u706350\u5831\u916c\u6307\u6578","^TAI50Ix2    \u81fa\u706350\u5831\u916c\u6307\u6578_\u65e5\u6b632","^TAI100I     \u81fa\u7063\u4e2d\u578b100\u5831\u916c\u6307\u6578","^TAI100Ix2   \u81fa\u7063\u4e2d\u578b100\u5831\u916c\u6307\u6578_\u65e5\u6b632","^TAIDIVIDI   \u81fa\u7063\u9ad8\u80a1\u606f\u5831\u916c\u6307\u6578","^TAIDIVIDIx2 \u81fa\u7063\u9ad8\u80a1\u606f\u5831\u916c\u6307\u6578_\u65e5\u6b632","0050Fund     \u5143\u5927\u53f0\u7063\u5353\u8d8a50\u57fa\u91d1","006208Fund   \u5bcc\u90a6\u53f0\u7063\u91c6\u540950\u57fa\u91d1","0050         \u5143\u5927\u81fa\u706350","00631L       \u5143\u5927\u53f0\u706350\u6b632","00675L       \u5bcc\u90a6\u81fa\u7063\u52a0\u6b0a\u6b632","006208       \u5bcc\u90a6\u53f050","0051         \u5143\u5927\u4e2d\u578b100","006204       \u6c38\u8c50\u81fa\u7063\u52a0\u6b0a","0056         \u5143\u5927\u9ad8\u80a1\u606f","0056         \u5143\u5927\u9ad8\u80a1\u606f_\u80a1\u606f\u4e0d\u6295\u5165","2412         \u4e2d\u83ef\u96fb\u4fe1","2002         \u4e2d\u92fc","2330         \u53f0\u7a4d\u96fb","2317         \u9d3b\u6d77","6505         \u53f0\u5851\u77f3\u5316","3481         \u7fa4\u5275","2303         \u806f\u96fb","2308         \u53f0\u9054\u96fb","2454         \u806f\u767c\u79d1","2886         \u5146\u8c50\u91d1","2884         \u7389\u5c71\u91d1","2891         \u4e2d\u4fe1\u91d1","2892         \u7b2c\u4e00\u91d1","5880         \u5408\u5eab\u91d1","2881         \u5bcc\u90a6\u91d1","2885         \u5143\u5927\u91d1","2887         \u53f0\u65b0\u91d1"],"zmin":-1,"zmax":1,"colorbar":{"x":-0.2}}],"layout":{"autotypenumbers":"strict","colorway":["#636efa","#EF553B","#00cc96","#ab63fa","#FFA15A","#19d3f3","#FF6692","#B6E880","#FF97FF","#FECB52"],"font":{"color":"#f2f5fa","family":"Courier New"},"hovermode":"closest","hoverlabel":{"align":"left"},"paper_bgcolor":"rgb(17,17,17)","plot_bgcolor":"rgb(17,17,17)","polar":{"bgcolor":"rgb(17,17,17)","angularaxis":{"gridcolor":"#506784","linecolor":"#506784","ticks":""},"radialaxis":{"gridcolor":"#506784","linecolor":"#506784","ticks":""}},"ternary":{"bgcolor":"rgb(17,17,17)","aaxis":{"gridcolor":"#506784","linecolor":"#506784","ticks":""},"baxis":{"gridcolor":"#506784","linecolor":"#506784","ticks":""},"caxis":{"gridcolor":"#506784","linecolor":"#506784","ticks":""}},"coloraxis":{"colorbar":{"outlinewidth":0,"ticks":""}},"colorscale":{"sequential":[[0.0,"#0d0887"],[0.1111111111111111,"#46039f"],[0.2222222222222222,"#7201a8"],[0.3333333333333333,"#9c179e"],[0.4444444444444444,"#bd3786"],[0.5555555555555556,"#d8576b"],[0.6666666666666666,"#ed7953"],[0.7777777777777778,"#fb9f3a"],[0.8888888888888888,"#fdca26"],[1.0,"#f0f921"]],"sequentialminus":[[0.0,"#0d0887"],[0.1111111111111111,"#46039f"],[0.2222222222222222,"#7201a8"],[0.3333333333333333,"#9c179e"],[0.4444444444444444,"#bd3786"],[0.5555555555555556,"#d8576b"],[0.6666666666666666,"#ed7953"],[0.7777777777777778,"#fb9f3a"],[0.8888888888888888,"#fdca26"],[1.0,"#f0f921"]],"diverging":[[0,"#8e0152"],[0.1,"#c51b7d"],[0.2,"#de77ae"],[0.3,"#f1b6da"],[0.4,"#fde0ef"],[0.5,"#f7f7f7"],[0.6,"#e6f5d0"],[0.7,"#b8e186"],[0.8,"#7fbc41"],[0.9,"#4d9221"],[1,"#276419"]]},"xaxis":{"gridcolor":"rgba(0, 0, 0, 0)","linecolor":"#506784","ticks":"","title":{"standoff":15},"zerolinecolor":"#283442","automargin":true,"zerolinewidth":2,"tickfont":{"family":"Courier New","size":14},"side":"top","tickangle":-90},"yaxis":{"gridcolor":"rgba(0, 0, 0, 0)","linecolor":"#506784","ticks":"","title":{"standoff":15},"zerolinecolor":"#283442","automargin":true,"zerolinewidth":2,"tickfont":{"family":"Courier New"},"side":"right"},"scene":{"xaxis":{"backgroundcolor":"rgb(17,17,17)","gridcolor":"#506784","linecolor":"#506784","showbackground":true,"ticks":"","zerolinecolor":"#C8D4E3","gridwidth":2},"yaxis":{"backgroundcolor":"rgb(17,17,17)","gridcolor":"#506784","linecolor":"#506784","showbackground":true,"ticks":"","zerolinecolor":"#C8D4E3","gridwidth":2},"zaxis":{"backgroundcolor":"rgb(17,17,17)","gridcolor":"#506784","linecolor":"#506784","showbackground":true,"ticks":"","zerolinecolor":"#C8D4E3","gridwidth":2}},"shapedefaults":{"line":{"color":"#f2f5fa"}},"annotationdefaults":{"arrowcolor":"#f2f5fa","arrowhead":0,"arrowwidth":1},"geo":{"bgcolor":"rgb(17,17,17)","landcolor":"rgb(17,17,17)","subunitcolor":"#506784","showland":true,"showlakes":true,"lakecolor":"rgb(17,17,17)"},"title":{"x":0.05,"font":{"family":"Times New Roman"},"y":0.05,"text":"<b>Correlation of Adj Close<b><br><i>2016-09-23 ~ 2026-06-29<i>"},"updatemenudefaults":{"bgcolor":"#506784","borderwidth":0},"sliderdefaults":{"bgcolor":"#C8D4E3","borderwidth":1,"bordercolor":"rgb(17,17,17)","tickwidth":0},"mapbox":{"style":"dark"},"annotations":[{"text":"<b>@zwindr<b>","textangle":0,"opacity":0.5,"font":{"color":"white","size":12},"xref":"paper","yref":"paper","xanchor":"left","yanchor":"bottom","x":1.0,"y":1.0,"showarrow":false}]},"config":{"responsive":true,"toImageButtonOptions":{"filename":"Correlation of Adj Close_2016-09-23~2026-06-29","scale":5}}};Plotly.newPlot("correlationAdjClose",correlationAdjClose.data,correlationAdjClose.layout||{},correlationAdjClose.config);}else{console.log("style display is none => correlationAdjClose");}