var element=document.getElementById("correlationClose");if(element.style.display!='none'){var correlationClose={"data":[{"type":"heatmap","z":[[1.0,0.9999999999999981,1.0,0.9954637050227826,0.9954637050227826,0.9637026783816887,0.9637026783816887,0.9015947780885625,0.9015947780885625,0.8965445501601623,0.9948033199434847,0.8708993408536756,0.9929633038113186,0.9927380944811404,0.9948320507954006,0.9732504857745518,0.9989615449961197,0.9240405556575247,0.9240405556575247,0.7855740205190916,-0.1080427401302252,0.977580593644547,0.1053653771115238,-0.05770314189359573,-0.2525760506704743,0.8191452222262382,0.9302455413951966,0.9111860081903963,0.9289942319580443,0.7792468545516266,0.5187302451006296,0.6267143217576471,0.6376220485056903,0.9313485749137175,0.8221221610225719,0.17385763500900664],[0.9999999999999981,1.0,0.9999999999999983,0.9954215750622598,0.9954215750622598,0.9631006305946923,0.9631006305946923,0.9027093932667187,0.9027093932667187,0.8975571231990191,0.9947886313106568,0.872120849808845,0.9926968719926108,0.9921861606111834,0.9948157244239149,0.972557567815388,0.9989618307273009,0.9244888207331159,0.9244888207331159,0.805013031401192,0.1021477446782541,0.9689663010383529,-0.07743620977968824,-0.04911660974507005,-0.2528494560406697,0.647142013440761,0.931418806741412,0.8847081241437152,0.9234131674775647,0.7907970400283498,0.5093412952713537,0.6234221015904016,0.6642904164418072,0.9286098699943829,0.6733019878508718,0.17031115289614526],[1.0,0.9999999999999983,1.0,0.9954637050227826,0.9954637050227826,0.9637026783816887,0.9637026783816887,0.9015947780885625,0.9015947780885625,0.8965445501601623,0.9948033199434847,0.8708993408536756,0.9929633038113186,0.9927380944811404,0.9948320507954006,0.9732504857745518,0.9989615449961197,0.9240405556575247,0.9240405556575247,0.7855740205190916,-0.1080427401302252,0.977580593644547,0.1053653771115238,-0.05770314189359573,-0.2525760506704743,0.8191452222262382,0.9302455413951966,0.9111860081903963,0.9289942319580443,0.7792468545516266,0.5187302451006296,0.6267143217576471,0.6376220485056903,0.9313485749137175,0.8221221610225719,0.17385763500900664],[0.9954637050227826,0.9954215750622598,0.9954637050227826,1.0,1.0,0.9508760044225932,0.9508760044225932,0.8872347971382181,0.8872347971382181,0.8841288258824089,0.9994951223985331,0.8584427981311736,0.9893600153316393,0.9855666097687042,0.999451116703473,0.9560779915769135,0.9949372019244122,0.9034385306191879,0.9034385306191879,0.7637877727760938,-0.11391761097295998,0.9895043995630293,0.12645037840854412,-0.09018612949500528,-0.25504134712077703,0.8157834858800022,0.9313572797709673,0.9157563257837447,0.9172471960765434,0.7890419597172451,0.5456933419119171,0.6209953123159047,0.6106640689617565,0.9238353450557294,0.8119406829228929,0.18532995193618867],[0.9954637050227826,0.9954215750622598,0.9954637050227826,1.0,1.0,0.9508760044225932,0.9508760044225932,0.8872347971382181,0.8872347971382181,0.8841288258824089,0.9994951223985331,0.8584427981311736,0.9893600153316393,0.9855666097687042,0.999451116703473,0.9560779915769135,0.9949372019244122,0.9034385306191879,0.9034385306191879,0.7637877727760938,-0.11391761097295998,0.9895043995630293,0.12645037840854412,-0.09018612949500528,-0.25504134712077703,0.8157834858800022,0.9313572797709673,0.9157563257837447,0.9172471960765434,0.7890419597172451,0.5456933419119171,0.6209953123159047,0.6106640689617565,0.9238353450557294,0.8119406829228929,0.18532995193618867],[0.9637026783816887,0.9631006305946923,0.9637026783816887,0.9508760044225932,0.9508760044225932,1.0,1.0,0.9273174036912694,0.9273174036912694,0.8577193648680639,0.952663795890036,0.8497687456065711,0.9754074171894715,0.9737631931960314,0.9524715618137661,0.9990438138095328,0.9732163456745938,0.9195029484169457,0.9195029484169457,0.637227718362603,-0.053432665298644565,0.935902306020822,0.27631155302321375,-0.2513508131483893,-0.1127705786421834,0.8890625952544036,0.8883582443076737,0.929301935592159,0.8989656547331482,0.7394946127578521,0.7268922800625426,0.733676231553038,0.7124704911316152,0.8539466290226643,0.8546326646644626,0.4603265386178894],[0.9637026783816887,0.9631006305946923,0.9637026783816887,0.9508760044225932,0.9508760044225932,1.0,1.0,0.9273174036912694,0.9273174036912694,0.8577193648680639,0.952663795890036,0.8497687456065711,0.9754074171894715,0.9737631931960314,0.9524715618137661,0.9990438138095328,0.9732163456745938,0.9195029484169457,0.9195029484169457,0.637227718362603,-0.053432665298644565,0.935902306020822,0.27631155302321375,-0.2513508131483893,-0.1127705786421834,0.8890625952544036,0.8883582443076737,0.929301935592159,0.8989656547331482,0.7394946127578521,0.7268922800625426,0.733676231553038,0.7124704911316152,0.8539466290226643,0.8546326646644626,0.4603265386178894],[0.9015947780885625,0.9027093932667187,0.9015947780885625,0.8872347971382181,0.8872347971382181,0.9273174036912694,0.9273174036912694,1.0,1.0,0.7958014159291353,0.9390450380226878,0.8205477487153165,0.9469563226607848,0.9420601656810426,0.9388825642477885,0.9282438000176397,0.9427448016773494,0.9721167618237455,0.9721167618237455,0.5754663143422881,0.06719483257380471,0.8465565445130758,0.5210723871033786,-0.2759024723959053,0.026082355029962426,0.7850084097107575,0.7839389735015367,0.8681453578809167,0.8478115914118257,0.7513254681861817,0.8729722525490669,0.7761026152190026,0.7194766418743725,0.7820137679309705,0.84200849366334,0.7981472453248671],[0.9015947780885625,0.9027093932667187,0.9015947780885625,0.8872347971382181,0.8872347971382181,0.9273174036912694,0.9273174036912694,1.0,1.0,0.7958014159291353,0.9390450380226878,0.8205477487153165,0.9469563226607848,0.9420601656810426,0.9388825642477885,0.9282438000176397,0.9427448016773494,0.9721167618237455,0.9721167618237455,0.5754663143422881,0.06719483257380471,0.8465565445130758,0.5210723871033786,-0.2759024723959053,0.026082355029962426,0.7850084097107575,0.7839389735015367,0.8681453578809167,0.8478115914118257,0.7513254681861817,0.8729722525490669,0.7761026152190026,0.7194766418743725,0.7820137679309705,0.84200849366334,0.7981472453248671],[0.8965445501601623,0.8975571231990191,0.8965445501601623,0.8841288258824089,0.8841288258824089,0.8577193648680639,0.8577193648680639,0.7958014159291353,0.7958014159291353,1.0,0.8151317820144142,0.9999701236019631,0.7835308473672268,0.7262162439615625,0.817040297498172,0.8567136308009984,0.8458408527950947,0.8562387348205652,0.8562387348205652,0.7134612696459002,-0.10742982677449948,0.864207295403486,0.04996997546754294,0.04128200710244397,-0.2465495937808217,0.8077140424787618,0.7403705140410036,0.8114578104774667,0.8487795906343281,0.7112451660146003,0.39698543263135455,0.5513779394948547,0.5729632016877737,0.8451601188594401,0.7104360452036604,0.17824089563891218],[0.9948033199434847,0.9947886313106568,0.9948033199434847,0.9994951223985331,0.9994951223985331,0.952663795890036,0.952663795890036,0.9390450380226878,0.9390450380226878,0.8151317820144142,1.0,0.8148971325322254,0.9890569432155387,0.9856774915126373,0.9999178898836153,0.9529482062979219,0.9939291270039524,0.9184449496958081,0.9184449496958081,0.8523266854809448,0.10184230978483033,0.9960227612289989,0.8661520019916039,-0.47041035391439845,0.35424772009391053,0.8465443275349792,0.8960956752830216,0.9429298645076715,0.91320119673009,0.814747503945236,0.9026561091063952,0.8750412541128345,0.8025506107938188,0.8998589685262791,0.9437069257707061,0.7726044473356554],[0.8708993408536756,0.872120849808845,0.8708993408536756,0.8584427981311736,0.8584427981311736,0.8497687456065711,0.8497687456065711,0.8205477487153165,0.8205477487153165,0.9999701236019631,0.8148971325322254,1.0,0.7779671174269899,0.7192588390354548,0.8124525943776136,0.8495050050253246,0.8421423052352521,0.8542453910633918,0.8542453910633918,0.6842247441146069,0.013943795762152184,0.8397824207343297,0.5250859123558479,-0.19437743068288765,-0.2340070188310702,0.845464699441157,0.6721320081907062,0.7945755708644575,0.8292175656609848,0.7457615039052147,0.6759346424797831,0.7467298087632358,0.7008448795474188,0.8178665086341983,0.7179928448919816,0.7151305527430173],[0.9929633038113186,0.9926968719926108,0.9929633038113186,0.9893600153316393,0.9893600153316393,0.9754074171894715,0.9754074171894715,0.9469563226607848,0.9469563226607848,0.7835308473672268,0.9890569432155387,0.7779671174269899,1.0,0.9997197879827299,0.9890858626687945,0.9735553796416692,0.9904716318502492,0.9134004090979998,0.9134004090979998,0.8253859725751274,0.13888599249845146,0.986854932816594,0.8877072330290385,-0.642207133669867,0.4294168791175931,0.8255519873550553,0.9014214442040508,0.9578978586971997,0.9079056877447301,0.7451884080981293,0.9026632631813337,0.8562777546336129,0.7918755430144295,0.8827011607525158,0.962340654841502,0.8055028428912755],[0.9927380944811404,0.9921861606111834,0.9927380944811404,0.9855666097687042,0.9855666097687042,0.9737631931960314,0.9737631931960314,0.9420601656810426,0.9420601656810426,0.7262162439615625,0.9856774915126373,0.7192588390354548,0.9997197879827299,1.0,0.985894886459806,0.9709245084953669,0.9890667341680865,0.8997814495428765,0.8997814495428765,0.8450412693004681,0.015349473419807866,0.9816843135470121,0.8963193059924361,-0.8367081797887257,0.47271660322899217,0.7788884096094996,0.9051840149197,0.9550517544435483,0.8949564371797751,0.6697518326411788,0.9124388948728086,0.8456793937258125,0.7401617837816659,0.9125986128229424,0.9642150650314741,0.7721784336757509],[0.9948320507954006,0.9948157244239149,0.9948320507954006,0.999451116703473,0.999451116703473,0.9524715618137661,0.9524715618137661,0.9388825642477885,0.9388825642477885,0.817040297498172,0.9999178898836153,0.8124525943776136,0.9890858626687945,0.985894886459806,1.0,0.9528353058269883,0.9939744861908739,0.9186773125855628,0.9186773125855628,0.8533755050616181,0.10089406846687621,0.9958955270051828,0.8657271145003439,-0.46808749196517124,0.3535525491986629,0.8464200287313366,0.8932280309800623,0.9418837901870097,0.913672321435744,0.8160234025120529,0.9021682261551245,0.8761596838945729,0.8034345796354503,0.8996658129802702,0.9435569824097116,0.7729520505917036],[0.9732504857745518,0.972557567815388,0.9732504857745518,0.9560779915769135,0.9560779915769135,0.9990438138095328,0.9990438138095328,0.9282438000176397,0.9282438000176397,0.8567136308009984,0.9529482062979219,0.8495050050253246,0.9735553796416692,0.9709245084953669,0.9528353058269883,1.0,0.9746839142867982,0.919273138663386,0.919273138663386,0.6860287029925033,-0.03616330438498944,0.9455652422015705,0.6066739584178011,-0.38457769801761044,-0.1641168014209912,0.9011187069071029,0.8907664403847791,0.92493504299433,0.9067617863205313,0.778110338484362,0.8443215861614347,0.7823254822309028,0.7694378736679146,0.8769508474183788,0.8519813624233279,0.7853912330087169],[0.9989615449961197,0.9989618307273009,0.9989615449961197,0.9949372019244122,0.9949372019244122,0.9732163456745938,0.9732163456745938,0.9427448016773494,0.9427448016773494,0.8458408527950947,0.9939291270039524,0.8421423052352521,0.9904716318502492,0.9890667341680865,0.9939744861908739,0.9746839142867982,1.0,0.9378982124411194,0.9378982124411194,0.8584609863719477,0.1058730215185319,0.987303031573235,0.8353639899497278,-0.44940724541318333,0.3690124866429931,0.8846591767791482,0.900392504764701,0.9477550096539425,0.9380991854361173,0.8335431829586394,0.890192597188674,0.9019228967326162,0.8363162835634838,0.9119920790982696,0.9495791689778867,0.8303727626355445],[0.9240405556575247,0.9244888207331159,0.9240405556575247,0.9034385306191879,0.9034385306191879,0.9195029484169457,0.9195029484169457,0.9721167618237455,0.9721167618237455,0.8562387348205652,0.9184449496958081,0.8542453910633918,0.9134004090979998,0.8997814495428765,0.9186773125855628,0.919273138663386,0.9378982124411194,1.0,1.0,0.7356931742882011,-0.005820887739645176,0.8669411149972682,0.5286805115846406,-0.16628491886344818,-0.2044102382187835,0.8245204693807301,0.7891755342019517,0.8323466911953148,0.9144255908324075,0.8346241367175491,0.797299107711822,0.7499899303651714,0.7043506283710361,0.8412555313238694,0.7714780742298097,0.847802915035058],[0.9240405556575247,0.9244888207331159,0.9240405556575247,0.9034385306191879,0.9034385306191879,0.9195029484169457,0.9195029484169457,0.9721167618237455,0.9721167618237455,0.8562387348205652,0.9184449496958081,0.8542453910633918,0.9134004090979998,0.8997814495428765,0.9186773125855628,0.919273138663386,0.9378982124411194,1.0,1.0,0.7356931742882011,-0.005820887739645176,0.8669411149972682,0.5286805115846406,-0.16628491886344818,-0.2044102382187835,0.8245204693807301,0.7891755342019517,0.8323466911953148,0.9144255908324075,0.8346241367175491,0.797299107711822,0.7499899303651714,0.7043506283710361,0.8412555313238694,0.7714780742298097,0.847802915035058],[0.7855740205190916,0.805013031401192,0.7855740205190916,0.7637877727760938,0.7637877727760938,0.637227718362603,0.637227718362603,0.5754663143422881,0.5754663143422881,0.7134612696459002,0.8523266854809448,0.6842247441146069,0.8253859725751274,0.8450412693004681,0.8533755050616181,0.6860287029925033,0.8584609863719477,0.7356931742882011,0.7356931742882011,1.0,0.047804827439443635,0.7261658548268054,-0.40491388633340986,0.3461328999640295,-0.6589035103827584,0.34328982866913416,0.7646973331702362,0.49895120457487574,0.8334039900974358,0.6889272143508938,0.07881596455764853,0.2959491952836511,0.5624389938283849,0.7807005189207645,0.46599862616058096,-0.16284862144306342],[-0.1080427401302252,0.1021477446782541,-0.1080427401302252,-0.11391761097295998,-0.11391761097295998,-0.053432665298644565,-0.053432665298644565,0.06719483257380471,0.06719483257380471,-0.10742982677449948,0.10184230978483033,0.013943795762152184,0.13888599249845146,0.015349473419807866,0.10089406846687621,-0.03616330438498944,0.1058730215185319,-0.005820887739645176,-0.005820887739645176,0.047804827439443635,1.0,-0.06882707632123485,0.12443302300752719,0.13811769651509267,0.751094364567037,-0.08348864761327608,0.0019522995443429418,0.010113602479029326,0.18009228117628787,0.017586176496532446,0.08539422430267973,0.35943310460635236,0.5788498457245815,-0.0992502670428205,0.12723676045355375,0.16825397104822754],[0.977580593644547,0.9689663010383529,0.977580593644547,0.9895043995630293,0.9895043995630293,0.935902306020822,0.935902306020822,0.8465565445130758,0.8465565445130758,0.864207295403486,0.9960227612289989,0.8397824207343297,0.986854932816594,0.9816843135470121,0.9958955270051828,0.9455652422015705,0.987303031573235,0.8669411149972682,0.8669411149972682,0.7261658548268054,-0.06882707632123485,1.0,0.035287681095297355,-0.1520514983167387,-0.31057559182609634,0.6780099059962142,0.9212536713655675,0.9001015513454325,0.8607169250282781,0.758240681290885,0.5445550181320983,0.5863624266917233,0.5391365003980592,0.9025574113503617,0.6514908261748752,0.1646005905928212],[0.1053653771115238,-0.07743620977968824,0.1053653771115238,0.12645037840854412,0.12645037840854412,0.27631155302321375,0.27631155302321375,0.5210723871033786,0.5210723871033786,0.04996997546754294,0.8661520019916039,0.5250859123558479,0.8877072330290385,0.8963193059924361,0.8657271145003439,0.6066739584178011,0.8353639899497278,0.5286805115846406,0.5286805115846406,-0.40491388633340986,0.12443302300752719,0.035287681095297355,1.0,-0.441878471885264,0.7520340584689318,0.3687233085798724,0.01549307222336216,0.28127555336264587,-0.12992542670722784,0.048965366398209774,0.5747121720474265,0.4623242676771717,0.18916026119631918,-0.045028247235544834,0.3707697666821,0.46376537993476374],[-0.05770314189359573,-0.04911660974507005,-0.05770314189359573,-0.09018612949500528,-0.09018612949500528,-0.2513508131483893,-0.2513508131483893,-0.2759024723959053,-0.2759024723959053,0.04128200710244397,-0.47041035391439845,-0.19437743068288765,-0.642207133669867,-0.8367081797887257,-0.46808749196517124,-0.38457769801761044,-0.44940724541318333,-0.16628491886344818,-0.16628491886344818,0.3461328999640295,0.13811769651509267,-0.1520514983167387,-0.441878471885264,1.0,-0.036421942104197115,-0.14754904337338035,-0.1295831072681227,-0.2797000140932252,-0.017213567813691526,-0.0529394309501722,-0.5555733522400443,-0.1823903128529773,-0.01224925237276496,-0.011058163579733687,-0.191375842712984,-0.4015726270024698],[-0.2525760506704743,-0.2528494560406697,-0.2525760506704743,-0.25504134712077703,-0.25504134712077703,-0.1127705786421834,-0.1127705786421834,0.026082355029962426,0.026082355029962426,-0.2465495937808217,0.35424772009391053,-0.2340070188310702,0.4294168791175931,0.47271660322899217,0.3535525491986629,-0.1641168014209912,0.3690124866429931,-0.2044102382187835,-0.2044102382187835,-0.6589035103827584,0.751094364567037,-0.31057559182609634,0.7520340584689318,-0.036421942104197115,1.0,-0.10246287592681112,-0.27670432694620223,-0.05909234637037675,-0.3505511457730695,-0.32786308825525745,0.08773822923157479,0.16995453618203174,0.2678072658386491,-0.38152430912820723,0.1274987677745902,0.0999054171208132],[0.8191452222262382,0.647142013440761,0.8191452222262382,0.8157834858800022,0.8157834858800022,0.8890625952544036,0.8890625952544036,0.7850084097107575,0.7850084097107575,0.8077140424787618,0.8465443275349792,0.845464699441157,0.8255519873550553,0.7788884096094996,0.8464200287313366,0.9011187069071029,0.8846591767791482,0.8245204693807301,0.8245204693807301,0.34328982866913416,-0.08348864761327608,0.6780099059962142,0.3687233085798724,-0.14754904337338035,-0.10246287592681112,1.0,0.581016190016307,0.8382139664418379,0.4869122019719906,0.6207852707520556,0.5372444913528788,0.6512376489865238,0.4206006804661581,0.6997959217963653,0.7002720528219027,0.4119217681135446],[0.9302455413951966,0.931418806741412,0.9302455413951966,0.9313572797709673,0.9313572797709673,0.8883582443076737,0.8883582443076737,0.7839389735015367,0.7839389735015367,0.7403705140410036,0.8960956752830216,0.6721320081907062,0.9014214442040508,0.9051840149197,0.8932280309800623,0.8907664403847791,0.900392504764701,0.7891755342019517,0.7891755342019517,0.7646973331702362,0.0019522995443429418,0.9212536713655675,0.01549307222336216,-0.1295831072681227,-0.27670432694620223,0.581016190016307,1.0,0.8269754821326168,0.8311724671464621,0.7022756224903944,0.42631255572800114,0.5062022974598253,0.5673749940524733,0.8760060625080308,0.625833222037509,0.07183431585505609],[0.9111860081903963,0.8847081241437152,0.9111860081903963,0.9157563257837447,0.9157563257837447,0.929301935592159,0.929301935592159,0.8681453578809167,0.8681453578809167,0.8114578104774667,0.9429298645076715,0.7945755708644575,0.9578978586971997,0.9550517544435483,0.9418837901870097,0.92493504299433,0.9477550096539425,0.8323466911953148,0.8323466911953148,0.49895120457487574,0.010113602479029326,0.9001015513454325,0.28127555336264587,-0.2797000140932252,-0.05909234637037675,0.8382139664418379,0.8269754821326168,1.0,0.7449924702513758,0.6013998417514327,0.5751413180161868,0.5914916864111494,0.5315517150919432,0.8107647140886238,0.8261238210435539,0.20961096684107658],[0.9289942319580443,0.9234131674775647,0.9289942319580443,0.9172471960765434,0.9172471960765434,0.8989656547331482,0.8989656547331482,0.8478115914118257,0.8478115914118257,0.8487795906343281,0.91320119673009,0.8292175656609848,0.9079056877447301,0.8949564371797751,0.913672321435744,0.9067617863205313,0.9380991854361173,0.9144255908324075,0.9144255908324075,0.8334039900974358,0.18009228117628787,0.8607169250282781,-0.12992542670722784,-0.017213567813691526,-0.3505511457730695,0.4869122019719906,0.8311724671464621,0.7449924702513758,1.0,0.9046988627354783,0.5276842325013044,0.6806853628186339,0.6654109501419473,0.8758187479968951,0.4926804271321114,0.2917263190130321],[0.7792468545516266,0.7907970400283498,0.7792468545516266,0.7890419597172451,0.7890419597172451,0.7394946127578521,0.7394946127578521,0.7513254681861817,0.7513254681861817,0.7112451660146003,0.814747503945236,0.7457615039052147,0.7451884080981293,0.6697518326411788,0.8160234025120529,0.778110338484362,0.8335431829586394,0.8346241367175491,0.8346241367175491,0.6889272143508938,0.017586176496532446,0.758240681290885,0.048965366398209774,-0.0529394309501722,-0.32786308825525745,0.6207852707520556,0.7022756224903944,0.6013998417514327,0.9046988627354783,1.0,0.5684890771049737,0.6634784926363534,0.6073607000507858,0.7259285932003451,0.5750219131802585,0.4689729778847984],[0.5187302451006296,0.5093412952713537,0.5187302451006296,0.5456933419119171,0.5456933419119171,0.7268922800625426,0.7268922800625426,0.8729722525490669,0.8729722525490669,0.39698543263135455,0.9026561091063952,0.6759346424797831,0.9026632631813337,0.9124388948728086,0.9021682261551245,0.8443215861614347,0.890192597188674,0.797299107711822,0.797299107711822,0.07881596455764853,0.08539422430267973,0.5445550181320983,0.5747121720474265,-0.5555733522400443,0.08773822923157479,0.5372444913528788,0.42631255572800114,0.5751413180161868,0.5276842325013044,0.5684890771049737,1.0,0.7406282917914765,0.37733740319654097,0.46951055694127997,0.5568795693572142,0.7666413348661077],[0.6267143217576471,0.6234221015904016,0.6267143217576471,0.6209953123159047,0.6209953123159047,0.733676231553038,0.733676231553038,0.7761026152190026,0.7761026152190026,0.5513779394948547,0.8750412541128345,0.7467298087632358,0.8562777546336129,0.8456793937258125,0.8761596838945729,0.7823254822309028,0.9019228967326162,0.7499899303651714,0.7499899303651714,0.2959491952836511,0.35943310460635236,0.5863624266917233,0.4623242676771717,-0.1823903128529773,0.16995453618203174,0.6512376489865238,0.5062022974598253,0.5914916864111494,0.6806853628186339,0.6634784926363534,0.7406282917914765,1.0,0.778206259876546,0.48447147903943366,0.7237639186433251,0.5461703274900177],[0.6376220485056903,0.6642904164418072,0.6376220485056903,0.6106640689617565,0.6106640689617565,0.7124704911316152,0.7124704911316152,0.7194766418743725,0.7194766418743725,0.5729632016877737,0.8025506107938188,0.7008448795474188,0.7918755430144295,0.7401617837816659,0.8034345796354503,0.7694378736679146,0.8363162835634838,0.7043506283710361,0.7043506283710361,0.5624389938283849,0.5788498457245815,0.5391365003980592,0.18916026119631918,-0.01224925237276496,0.2678072658386491,0.4206006804661581,0.5673749940524733,0.5315517150919432,0.6654109501419473,0.6073607000507858,0.37733740319654097,0.778206259876546,1.0,0.4896596185323308,0.665819113354304,0.19757172970463974],[0.9313485749137175,0.9286098699943829,0.9313485749137175,0.9238353450557294,0.9238353450557294,0.8539466290226643,0.8539466290226643,0.7820137679309705,0.7820137679309705,0.8451601188594401,0.8998589685262791,0.8178665086341983,0.8827011607525158,0.9125986128229424,0.8996658129802702,0.8769508474183788,0.9119920790982696,0.8412555313238694,0.8412555313238694,0.7807005189207645,-0.0992502670428205,0.9025574113503617,-0.045028247235544834,-0.011058163579733687,-0.38152430912820723,0.6997959217963653,0.8760060625080308,0.8107647140886238,0.8758187479968951,0.7259285932003451,0.46951055694127997,0.48447147903943366,0.4896596185323308,1.0,0.7209151855184014,0.16226471525586614],[0.8221221610225719,0.6733019878508718,0.8221221610225719,0.8119406829228929,0.8119406829228929,0.8546326646644626,0.8546326646644626,0.84200849366334,0.84200849366334,0.7104360452036604,0.9437069257707061,0.7179928448919816,0.962340654841502,0.9642150650314741,0.9435569824097116,0.8519813624233279,0.9495791689778867,0.7714780742298097,0.7714780742298097,0.46599862616058096,0.12723676045355375,0.6514908261748752,0.3707697666821,-0.191375842712984,0.1274987677745902,0.7002720528219027,0.625833222037509,0.8261238210435539,0.4926804271321114,0.5750219131802585,0.5568795693572142,0.7237639186433251,0.665819113354304,0.7209151855184014,1.0,0.17113682939075464],[0.17385763500900664,0.17031115289614526,0.17385763500900664,0.18532995193618867,0.18532995193618867,0.4603265386178894,0.4603265386178894,0.7981472453248671,0.7981472453248671,0.17824089563891218,0.7726044473356554,0.7151305527430173,0.8055028428912755,0.7721784336757509,0.7729520505917036,0.7853912330087169,0.8303727626355445,0.847802915035058,0.847802915035058,-0.16284862144306342,0.16825397104822754,0.1646005905928212,0.46376537993476374,-0.4015726270024698,0.0999054171208132,0.4119217681135446,0.07183431585505609,0.20961096684107658,0.2917263190130321,0.4689729778847984,0.7666413348661077,0.5461703274900177,0.19757172970463974,0.16226471525586614,0.17113682939075464,1.0]],"x":["^TAIEX       \u81fa\u7063\u52a0\u6b0a\u5831\u916c\u6307\u6578","^TWII        \u81fa\u7063\u52a0\u6b0a\u6307\u6578","^TAIEXx2     \u81fa\u7063\u52a0\u6b0a\u5831\u916c\u6307\u6578_\u65e5\u6b632","^TAI50I      \u81fa\u706350\u5831\u916c\u6307\u6578","^TAI50Ix2    \u81fa\u706350\u5831\u916c\u6307\u6578_\u65e5\u6b632","^TAI100I     \u81fa\u7063\u4e2d\u578b100\u5831\u916c\u6307\u6578","^TAI100Ix2   \u81fa\u7063\u4e2d\u578b100\u5831\u916c\u6307\u6578_\u65e5\u6b632","^TAIDIVIDI   \u81fa\u7063\u9ad8\u80a1\u606f\u5831\u916c\u6307\u6578","^TAIDIVIDIx2 \u81fa\u7063\u9ad8\u80a1\u606f\u5831\u916c\u6307\u6578_\u65e5\u6b632","0050Fund     \u5143\u5927\u53f0\u7063\u5353\u8d8a50\u57fa\u91d1","006208Fund   \u5bcc\u90a6\u53f0\u7063\u91c6\u540950\u57fa\u91d1","0050         \u5143\u5927\u81fa\u706350","00631L       \u5143\u5927\u53f0\u706350\u6b632","00675L       \u5bcc\u90a6\u81fa\u7063\u52a0\u6b0a\u6b632","006208       \u5bcc\u90a6\u53f050","0051         \u5143\u5927\u4e2d\u578b100","006204       \u6c38\u8c50\u81fa\u7063\u52a0\u6b0a","0056         \u5143\u5927\u9ad8\u80a1\u606f","0056         \u5143\u5927\u9ad8\u80a1\u606f_\u80a1\u606f\u4e0d\u6295\u5165","2412         \u4e2d\u83ef\u96fb\u4fe1","2002         \u4e2d\u92fc","2330         \u53f0\u7a4d\u96fb","2317         \u9d3b\u6d77","6505         \u53f0\u5851\u77f3\u5316","3481         \u7fa4\u5275","2303         \u806f\u96fb","2308         \u53f0\u9054\u96fb","2454         \u806f\u767c\u79d1","2886         \u5146\u8c50\u91d1","2884         \u7389\u5c71\u91d1","2891         \u4e2d\u4fe1\u91d1","2892         \u7b2c\u4e00\u91d1","5880         \u5408\u5eab\u91d1","2881         \u5bcc\u90a6\u91d1","2885         \u5143\u5927\u91d1","2887         \u53f0\u65b0\u91d1"],"y":["^TAIEX       \u81fa\u7063\u52a0\u6b0a\u5831\u916c\u6307\u6578","^TWII        \u81fa\u7063\u52a0\u6b0a\u6307\u6578","^TAIEXx2     \u81fa\u7063\u52a0\u6b0a\u5831\u916c\u6307\u6578_\u65e5\u6b632","^TAI50I      \u81fa\u706350\u5831\u916c\u6307\u6578","^TAI50Ix2    \u81fa\u706350\u5831\u916c\u6307\u6578_\u65e5\u6b632","^TAI100I     \u81fa\u7063\u4e2d\u578b100\u5831\u916c\u6307\u6578","^TAI100Ix2   \u81fa\u7063\u4e2d\u578b100\u5831\u916c\u6307\u6578_\u65e5\u6b632","^TAIDIVIDI   \u81fa\u7063\u9ad8\u80a1\u606f\u5831\u916c\u6307\u6578","^TAIDIVIDIx2 \u81fa\u7063\u9ad8\u80a1\u606f\u5831\u916c\u6307\u6578_\u65e5\u6b632","0050Fund     \u5143\u5927\u53f0\u7063\u5353\u8d8a50\u57fa\u91d1","006208Fund   \u5bcc\u90a6\u53f0\u7063\u91c6\u540950\u57fa\u91d1","0050         \u5143\u5927\u81fa\u706350","00631L       \u5143\u5927\u53f0\u706350\u6b632","00675L       \u5bcc\u90a6\u81fa\u7063\u52a0\u6b0a\u6b632","006208       \u5bcc\u90a6\u53f050","0051         \u5143\u5927\u4e2d\u578b100","006204       \u6c38\u8c50\u81fa\u7063\u52a0\u6b0a","0056         \u5143\u5927\u9ad8\u80a1\u606f","0056         \u5143\u5927\u9ad8\u80a1\u606f_\u80a1\u606f\u4e0d\u6295\u5165","2412         \u4e2d\u83ef\u96fb\u4fe1","2002         \u4e2d\u92fc","2330         \u53f0\u7a4d\u96fb","2317         \u9d3b\u6d77","6505         \u53f0\u5851\u77f3\u5316","3481         \u7fa4\u5275","2303         \u806f\u96fb","2308         \u53f0\u9054\u96fb","2454         \u806f\u767c\u79d1","2886         \u5146\u8c50\u91d1","2884         \u7389\u5c71\u91d1","2891         \u4e2d\u4fe1\u91d1","2892         \u7b2c\u4e00\u91d1","5880         \u5408\u5eab\u91d1","2881         \u5bcc\u90a6\u91d1","2885         \u5143\u5927\u91d1","2887         \u53f0\u65b0\u91d1"],"zmin":-1,"zmax":1,"colorbar":{"x":-0.2}}],"layout":{"autotypenumbers":"strict","colorway":["#636efa","#EF553B","#00cc96","#ab63fa","#FFA15A","#19d3f3","#FF6692","#B6E880","#FF97FF","#FECB52"],"font":{"color":"#f2f5fa","family":"Courier New"},"hovermode":"closest","hoverlabel":{"align":"left"},"paper_bgcolor":"rgb(17,17,17)","plot_bgcolor":"rgb(17,17,17)","polar":{"bgcolor":"rgb(17,17,17)","angularaxis":{"gridcolor":"#506784","linecolor":"#506784","ticks":""},"radialaxis":{"gridcolor":"#506784","linecolor":"#506784","ticks":""}},"ternary":{"bgcolor":"rgb(17,17,17)","aaxis":{"gridcolor":"#506784","linecolor":"#506784","ticks":""},"baxis":{"gridcolor":"#506784","linecolor":"#506784","ticks":""},"caxis":{"gridcolor":"#506784","linecolor":"#506784","ticks":""}},"coloraxis":{"colorbar":{"outlinewidth":0,"ticks":""}},"colorscale":{"sequential":[[0.0,"#0d0887"],[0.1111111111111111,"#46039f"],[0.2222222222222222,"#7201a8"],[0.3333333333333333,"#9c179e"],[0.4444444444444444,"#bd3786"],[0.5555555555555556,"#d8576b"],[0.6666666666666666,"#ed7953"],[0.7777777777777778,"#fb9f3a"],[0.8888888888888888,"#fdca26"],[1.0,"#f0f921"]],"sequentialminus":[[0.0,"#0d0887"],[0.1111111111111111,"#46039f"],[0.2222222222222222,"#7201a8"],[0.3333333333333333,"#9c179e"],[0.4444444444444444,"#bd3786"],[0.5555555555555556,"#d8576b"],[0.6666666666666666,"#ed7953"],[0.7777777777777778,"#fb9f3a"],[0.8888888888888888,"#fdca26"],[1.0,"#f0f921"]],"diverging":[[0,"#8e0152"],[0.1,"#c51b7d"],[0.2,"#de77ae"],[0.3,"#f1b6da"],[0.4,"#fde0ef"],[0.5,"#f7f7f7"],[0.6,"#e6f5d0"],[0.7,"#b8e186"],[0.8,"#7fbc41"],[0.9,"#4d9221"],[1,"#276419"]]},"xaxis":{"gridcolor":"rgba(0, 0, 0, 0)","linecolor":"#506784","ticks":"","title":{"standoff":15},"zerolinecolor":"#283442","automargin":true,"zerolinewidth":2,"tickfont":{"family":"Courier New","size":14},"side":"top","tickangle":-90},"yaxis":{"gridcolor":"rgba(0, 0, 0, 0)","linecolor":"#506784","ticks":"","title":{"standoff":15},"zerolinecolor":"#283442","automargin":true,"zerolinewidth":2,"tickfont":{"family":"Courier New"},"side":"right"},"scene":{"xaxis":{"backgroundcolor":"rgb(17,17,17)","gridcolor":"#506784","linecolor":"#506784","showbackground":true,"ticks":"","zerolinecolor":"#C8D4E3","gridwidth":2},"yaxis":{"backgroundcolor":"rgb(17,17,17)","gridcolor":"#506784","linecolor":"#506784","showbackground":true,"ticks":"","zerolinecolor":"#C8D4E3","gridwidth":2},"zaxis":{"backgroundcolor":"rgb(17,17,17)","gridcolor":"#506784","linecolor":"#506784","showbackground":true,"ticks":"","zerolinecolor":"#C8D4E3","gridwidth":2}},"shapedefaults":{"line":{"color":"#f2f5fa"}},"annotationdefaults":{"arrowcolor":"#f2f5fa","arrowhead":0,"arrowwidth":1},"geo":{"bgcolor":"rgb(17,17,17)","landcolor":"rgb(17,17,17)","subunitcolor":"#506784","showland":true,"showlakes":true,"lakecolor":"rgb(17,17,17)"},"title":{"x":0.05,"font":{"family":"Times New Roman"},"y":0.05,"text":"<b>Correlation of Close<b><br><i>2016-09-23 ~ 2025-10-01<i>"},"updatemenudefaults":{"bgcolor":"#506784","borderwidth":0},"sliderdefaults":{"bgcolor":"#C8D4E3","borderwidth":1,"bordercolor":"rgb(17,17,17)","tickwidth":0},"mapbox":{"style":"dark"},"annotations":[{"text":"<b>@zwindr<b>","textangle":0,"opacity":0.5,"font":{"color":"white","size":12},"xref":"paper","yref":"paper","xanchor":"left","yanchor":"bottom","x":1.0,"y":1.0,"showarrow":false}]},"config":{"responsive":true,"toImageButtonOptions":{"filename":"Correlation of Close_2016-09-23~2025-10-01","scale":5}}};Plotly.newPlot("correlationClose",correlationClose.data,correlationClose.layout||{},correlationClose.config);}else{console.log("style display is none => correlationClose");}