var element=document.getElementById("correlationClose");if(element.style.display!='none'){var correlationClose={"data":[{"type":"heatmap","z":[[1.0,0.9999999999999979,1.0,0.9956796353808508,0.9956796353808508,0.9795803887165241,0.9795803887165241,0.9357080282644858,0.9357080282644858,0.6562766475952743,0.9965040303361523,0.5877719318473293,0.8985802702401534,0.9849393942020772,0.9965638700735819,0.9822405639043951,0.9994599245426552,0.9173397003213642,0.9173397003213642,0.7406698975545952,-0.23741177736006489,0.9860113125740811,0.3496554840438054,-0.20998139710484265,-0.1262934781020665,0.8678104490460496,0.8981347416929584,0.9231212907862903,0.8713761471720789,0.7676829819709841,0.7438547880053561,0.6599274230877606,0.5620231170398017,0.9246309710792143,0.9052371177628304,0.3928715088641006],[0.9999999999999979,1.0,0.9999999999999979,0.9956279434236511,0.9956279434236511,0.9792880657804227,0.9792880657804227,0.9364204191913518,0.9364204191913518,0.6546094400761439,0.9965412100356216,0.5849271622459049,0.9004959044650162,0.9847269552370301,0.9966145264438323,0.9822154865331504,0.9994654532344976,0.9175570112668734,0.9175570112668734,0.7547860560669453,-0.03880769089601418,0.9808987641878113,0.08905312595223812,-0.204855095783351,-0.12186879592091755,0.7605646475223459,0.8949436842479223,0.9100906533498694,0.8678072560286245,0.7731504791487255,0.7408041250275841,0.6590635648600693,0.5838307200630966,0.9247294218606636,0.8117278318325721,0.3943051037615228],[1.0,0.9999999999999979,1.0,0.9956796353808508,0.9956796353808508,0.9795803887165241,0.9795803887165241,0.9357080282644858,0.9357080282644858,0.6562766475952743,0.9965040303361523,0.5877719318473293,0.8985802702401534,0.9849393942020772,0.9965638700735819,0.9822405639043951,0.9994599245426552,0.9173397003213642,0.9173397003213642,0.7406698975545952,-0.23741177736006489,0.9860113125740811,0.3496554840438054,-0.20998139710484265,-0.1262934781020665,0.8678104490460496,0.8981347416929584,0.9231212907862903,0.8713761471720789,0.7676829819709841,0.7438547880053561,0.6599274230877606,0.5620231170398017,0.9246309710792143,0.9052371177628304,0.3928715088641006],[0.9956796353808508,0.9956279434236511,0.9956796353808508,1.0,1.0,0.9694344938075459,0.9694344938075459,0.9216742682627554,0.9216742682627554,0.6085736570607012,0.9997629673102056,0.5426402669849243,0.9061059580018965,0.9888660991800946,0.9997262909989975,0.9682701240925253,0.9959766634047025,0.8909041269101424,0.8909041269101424,0.7048429475673306,-0.24185942594244947,0.9942445259563958,0.3755157278705741,-0.23937309200201548,-0.11574494571714762,0.8623014799432098,0.9212972877436256,0.9314263004521789,0.8408598336330574,0.75528599252426,0.7688511371116921,0.6450566438220627,0.5233239805725106,0.9056580637311609,0.901977616129239,0.4098991959800326],[0.9956796353808508,0.9956279434236511,0.9956796353808508,1.0,1.0,0.9694344938075459,0.9694344938075459,0.9216742682627554,0.9216742682627554,0.6085736570607012,0.9997629673102056,0.5426402669849243,0.9061059580018965,0.9888660991800946,0.9997262909989975,0.9682701240925253,0.9959766634047025,0.8909041269101424,0.8909041269101424,0.7048429475673306,-0.24185942594244947,0.9942445259563958,0.3755157278705741,-0.23937309200201548,-0.11574494571714762,0.8623014799432098,0.9212972877436256,0.9314263004521789,0.8408598336330574,0.75528599252426,0.7688511371116921,0.6450566438220627,0.5233239805725106,0.9056580637311609,0.901977616129239,0.4098991959800326],[0.9795803887165241,0.9792880657804227,0.9795803887165241,0.9694344938075459,0.9694344938075459,1.0,1.0,0.9528426439836599,0.9528426439836599,0.6457253508674533,0.9681157966439305,0.6148008176384864,0.8716808163584145,0.9514484490434386,0.9680878886814802,0.999250842459622,0.9833579257435784,0.9253075826378983,0.9253075826378983,0.654349186600994,-0.20485668896001805,0.9615555421410149,0.45872480459171455,-0.35883219019151164,-0.03922813909235608,0.9052765225386975,0.8648809353246496,0.9238517902798687,0.8629116970136536,0.7482149345259782,0.8533083071187416,0.7401974184658264,0.6284242148381995,0.8821421147258904,0.9197724279678248,0.6144985643647253],[0.9795803887165241,0.9792880657804227,0.9795803887165241,0.9694344938075459,0.9694344938075459,1.0,1.0,0.9528426439836599,0.9528426439836599,0.6457253508674533,0.9681157966439305,0.6148008176384864,0.8716808163584145,0.9514484490434386,0.9680878886814802,0.999250842459622,0.9833579257435784,0.9253075826378983,0.9253075826378983,0.654349186600994,-0.20485668896001805,0.9615555421410149,0.45872480459171455,-0.35883219019151164,-0.03922813909235608,0.9052765225386975,0.8648809353246496,0.9238517902798687,0.8629116970136536,0.7482149345259782,0.8533083071187416,0.7401974184658264,0.6284242148381995,0.8821421147258904,0.9197724279678248,0.6144985643647253],[0.9357080282644858,0.9364204191913518,0.9357080282644858,0.9216742682627554,0.9216742682627554,0.9528426439836599,0.9528426439836599,1.0,1.0,0.6261425059611794,0.9519480313592779,0.6251551742483781,0.8496961721275975,0.9305243291837039,0.9518486698272258,0.9546313294873878,0.9610140063617602,0.9723317664546652,0.9723317664546652,0.6235686623046345,-0.09991334741449585,0.8987856911617724,0.6490213180792659,-0.39450490523792303,0.06911413541512636,0.8542329301501411,0.7938094334962451,0.891329850029227,0.840432767792596,0.7657151346392124,0.9182641674150526,0.7845658322148021,0.6569636163920527,0.8441529453208194,0.9047095302313938,0.8660063979106151],[0.9357080282644858,0.9364204191913518,0.9357080282644858,0.9216742682627554,0.9216742682627554,0.9528426439836599,0.9528426439836599,1.0,1.0,0.6261425059611794,0.9519480313592779,0.6251551742483781,0.8496961721275975,0.9305243291837039,0.9518486698272258,0.9546313294873878,0.9610140063617602,0.9723317664546652,0.9723317664546652,0.6235686623046345,-0.09991334741449585,0.8987856911617724,0.6490213180792659,-0.39450490523792303,0.06911413541512636,0.8542329301501411,0.7938094334962451,0.891329850029227,0.840432767792596,0.7657151346392124,0.9182641674150526,0.7845658322148021,0.6569636163920527,0.8441529453208194,0.9047095302313938,0.8660063979106151],[0.6562766475952743,0.6546094400761439,0.6562766475952743,0.6085736570607012,0.6085736570607012,0.6457253508674533,0.6457253508674533,0.6261425059611794,0.6261425059611794,1.0,0.4476518194761932,0.9999683958026333,0.2360923281031034,0.1892452696035427,0.4502661164679507,0.6369223328198584,0.5241832863671211,0.7318757146463156,0.7318757146463156,0.6821881077107057,-0.10593432311768382,0.5895236831560792,0.052656284187923404,0.04067252346534102,-0.23365886151009704,0.6443138213316062,0.3163952397047143,0.5371440776804846,0.7881871738022571,0.6641043453664658,0.31101362657487774,0.5201220433813326,0.5641033311274245,0.7317205732865358,0.5328422799774238,0.17923463932278688],[0.9965040303361523,0.9965412100356216,0.9965040303361523,0.9997629673102056,0.9997629673102056,0.9681157966439305,0.9681157966439305,0.9519480313592779,0.9519480313592779,0.4476518194761932,1.0,0.44884941026033354,0.9059410525016308,0.9883731178635361,0.9999588514420519,0.9652703052735366,0.9959059614197674,0.9039480442371572,0.9039480442371572,0.832675071026166,-0.18544534654237638,0.9970105587461224,0.9156299670410312,-0.5340443445898246,0.6917120930157993,0.871230569948771,0.9150311835004974,0.9431452865255457,0.8253650120713155,0.776207605358048,0.9561441824166659,0.8121640549780967,0.6367011999548393,0.8971430674583946,0.9702591128208725,0.8776792412678494],[0.5877719318473293,0.5849271622459049,0.5877719318473293,0.5426402669849243,0.5426402669849243,0.6148008176384864,0.6148008176384864,0.6251551742483781,0.6251551742483781,0.9999683958026333,0.44884941026033354,1.0,0.23578250885374177,0.188271333706102,0.44925319092403915,0.6228976550250777,0.5240332715539487,0.7178594492097119,0.7178594492097119,0.628432109604294,0.0243309549650392,0.5270643433883795,0.3660172971134795,-0.16525368829160517,-0.19156314941483632,0.649171625838449,0.23181217433305193,0.49056489264645126,0.7523650356607908,0.6768515609584139,0.43994547555693825,0.6665124259827913,0.6751463827185294,0.6703401131969284,0.48797468303943053,0.5368504026106335],[0.8985802702401534,0.9004959044650162,0.8985802702401534,0.9061059580018965,0.9061059580018965,0.8716808163584145,0.8716808163584145,0.8496961721275975,0.8496961721275975,0.2360923281031034,0.9059410525016308,0.23578250885374177,1.0,0.9998966189960032,0.9068915941573922,0.8678992222022152,0.8980179021754333,0.7822403355168223,0.7822403355168223,0.6618387772131687,-0.16753490577113833,0.8984350690229805,0.8321313239180351,-0.600648435164463,0.7608183900057544,0.7842836810024917,0.8968087069694505,0.9003905658868838,0.6670845250171926,0.6041966517283112,0.8818123716455349,0.6535509171801708,0.4580927697081913,0.7940553308261749,0.8916215613207129,0.8345722759914599],[0.9849393942020772,0.9847269552370301,0.9849393942020772,0.9888660991800946,0.9888660991800946,0.9514484490434386,0.9514484490434386,0.9305243291837039,0.9305243291837039,0.1892452696035427,0.9883731178635361,0.188271333706102,0.9998966189960032,1.0,0.9885337769086451,0.9461140522062843,0.9822586383886442,0.8687826424229221,0.8687826424229221,0.8179930832068855,-0.28716217229699553,0.9783929361933096,0.8831768112393747,-0.6738310186881014,0.8106010383537336,0.8417910013918345,0.9585303032977233,0.9590403137942879,0.7295033654012152,0.6539197702756991,0.945128053740172,0.7367153260610647,0.45840718553294696,0.861138016526897,0.9663971673719254,0.8884208683839472],[0.9965638700735819,0.9966145264438323,0.9965638700735819,0.9997262909989975,0.9997262909989975,0.9680878886814802,0.9680878886814802,0.9518486698272258,0.9518486698272258,0.4502661164679507,0.9999588514420519,0.44925319092403915,0.9068915941573922,0.9885337769086451,1.0,0.9656595529442106,0.9960158900207492,0.9055011230213719,0.9055011230213719,0.8329751561328298,-0.1858818059749579,0.9969282182157626,0.9152603585657412,-0.5314415333712625,0.6934493147257301,0.8726246769763204,0.9146582423297502,0.9431049826118385,0.8262966409361967,0.7771006173516609,0.9560794574941841,0.8134895014994685,0.6376536921232158,0.8977983215505693,0.9705133308849633,0.8786411946648588],[0.9822405639043951,0.9822154865331504,0.9822405639043951,0.9682701240925253,0.9682701240925253,0.999250842459622,0.999250842459622,0.9546313294873878,0.9546313294873878,0.6369223328198584,0.9652703052735366,0.6228976550250777,0.8678992222022152,0.9461140522062843,0.9656595529442106,1.0,0.9823571692648733,0.9289857317031665,0.9289857317031665,0.7044714577876655,-0.19809409875498712,0.9633766615510347,0.7601831971460542,-0.482197638635226,0.010504363921683548,0.9129840220503601,0.8531725296027038,0.9176484423175478,0.8699426285406866,0.7775937894032136,0.9142433520584805,0.7814930372047321,0.6812285163650514,0.9029183139481817,0.9175910805833355,0.8607020218274257],[0.9994599245426552,0.9994654532344976,0.9994599245426552,0.9959766634047025,0.9959766634047025,0.9833579257435784,0.9833579257435784,0.9610140063617602,0.9610140063617602,0.5241832863671211,0.9959059614197674,0.5240332715539487,0.8980179021754333,0.9822586383886442,0.9960158900207492,0.9823571692648733,1.0,0.9296242156260821,0.9296242156260821,0.8518490353221125,-0.16723507627912915,0.992205887354144,0.903177087259182,-0.5309285809828839,0.673562941693947,0.8969452857060333,0.8943531846040661,0.9413235106989638,0.8644964431396872,0.8018729080773279,0.9491278279961813,0.85155877655816,0.6935254231519402,0.9139359672684488,0.9742493429882837,0.9011796444065123],[0.9173397003213642,0.9175570112668734,0.9173397003213642,0.8909041269101424,0.8909041269101424,0.9253075826378983,0.9253075826378983,0.9723317664546652,0.9723317664546652,0.7318757146463156,0.9039480442371572,0.7178594492097119,0.7822403355168223,0.8687826424229221,0.9055011230213719,0.9289857317031665,0.9296242156260821,1.0,1.0,0.7599612966113174,-0.1356370101587514,0.8694328286084959,0.6649672518259275,-0.2929516310990615,-0.05597349474556156,0.8628569429901782,0.7186907397928374,0.834751262385616,0.9102935186167438,0.8426950345656178,0.8408839664702419,0.779113483896992,0.6797973411558592,0.8807439300991569,0.8316418682525585,0.8834648753282882],[0.9173397003213642,0.9175570112668734,0.9173397003213642,0.8909041269101424,0.8909041269101424,0.9253075826378983,0.9253075826378983,0.9723317664546652,0.9723317664546652,0.7318757146463156,0.9039480442371572,0.7178594492097119,0.7822403355168223,0.8687826424229221,0.9055011230213719,0.9289857317031665,0.9296242156260821,1.0,1.0,0.7599612966113174,-0.1356370101587514,0.8694328286084959,0.6649672518259275,-0.2929516310990615,-0.05597349474556156,0.8628569429901782,0.7186907397928374,0.834751262385616,0.9102935186167438,0.8426950345656178,0.8408839664702419,0.779113483896992,0.6797973411558592,0.8807439300991569,0.8316418682525585,0.8834648753282882],[0.7406698975545952,0.7547860560669453,0.7406698975545952,0.7048429475673306,0.7048429475673306,0.654349186600994,0.654349186600994,0.6235686623046345,0.6235686623046345,0.6821881077107057,0.832675071026166,0.628432109604294,0.6618387772131687,0.8179930832068855,0.8329751561328298,0.7044714577876655,0.8518490353221125,0.7599612966113174,0.7599612966113174,1.0,-0.0065665697467709415,0.6776265501046581,-0.2421868988070139,0.23844230741347933,-0.5996937418182676,0.4111128129176338,0.5471831961433923,0.4953692192079631,0.8480407328003048,0.7200518622043452,0.25347764102611386,0.37008160712367927,0.5799576218244088,0.7874064432238077,0.5179701090972375,-0.027378868516074854],[-0.23741177736006489,-0.03880769089601418,-0.23741177736006489,-0.24185942594244947,-0.24185942594244947,-0.20485668896001805,-0.20485668896001805,-0.09991334741449585,-0.09991334741449585,-0.10593432311768382,-0.18544534654237638,0.0243309549650392,-0.16753490577113833,-0.28716217229699553,-0.1858818059749579,-0.19809409875498712,-0.16723507627912915,-0.1356370101587514,-0.1356370101587514,-0.0065665697467709415,1.0,-0.16496829541032165,0.0562140405999828,0.1955355122355908,0.7086907118090067,-0.14655401617767497,-0.1402190593795682,-0.12016221943615149,0.10499353610978755,-0.059324049176244585,-0.08287096195689256,0.23988043439691512,0.5354467823625331,-0.18742369408306497,0.0006283507832583233,0.07070032702615996],[0.9860113125740811,0.9808987641878113,0.9860113125740811,0.9942445259563958,0.9942445259563958,0.9615555421410149,0.9615555421410149,0.8987856911617724,0.8987856911617724,0.5895236831560792,0.9970105587461224,0.5270643433883795,0.8984350690229805,0.9783929361933096,0.9969282182157626,0.9633766615510347,0.992205887354144,0.8694328286084959,0.8694328286084959,0.6776265501046581,-0.16496829541032165,1.0,0.28445401910770046,-0.2802469028003379,-0.15135935290772043,0.7681063970743462,0.918754915297713,0.9137307563154818,0.8008286527645483,0.7343867216899552,0.7710214815385209,0.6258341532027121,0.4734601845309037,0.8935535115345501,0.801027214736438,0.39881950822133905],[0.3496554840438054,0.08905312595223812,0.3496554840438054,0.3755157278705741,0.3755157278705741,0.45872480459171455,0.45872480459171455,0.6490213180792659,0.6490213180792659,0.052656284187923404,0.9156299670410312,0.3660172971134795,0.8321313239180351,0.8831768112393747,0.9152603585657412,0.7601831971460542,0.903177087259182,0.6649672518259275,0.6649672518259275,-0.2421868988070139,0.0562140405999828,0.28445401910770046,1.0,-0.4927179527493818,0.6800474408393907,0.4604932632719111,0.319171832332447,0.4453547679509913,0.017187428391792475,0.18723907794354933,0.6562074273142063,0.5377575883191867,0.23261325360343924,0.17485327213887303,0.4834996060678699,0.5371744860330306],[-0.20998139710484265,-0.204855095783351,-0.20998139710484265,-0.23937309200201548,-0.23937309200201548,-0.35883219019151164,-0.35883219019151164,-0.39450490523792303,-0.39450490523792303,0.04067252346534102,-0.5340443445898246,-0.16525368829160517,-0.600648435164463,-0.6738310186881014,-0.5314415333712625,-0.482197638635226,-0.5309285809828839,-0.2929516310990615,-0.2929516310990615,0.23844230741347933,0.1955355122355908,-0.2802469028003379,-0.4927179527493818,1.0,-0.04198204343470634,-0.23282021284008092,-0.26200225997066723,-0.32379801983713824,-0.11150509051624456,-0.1407978587382719,-0.5538114613592552,-0.25192300835258347,-0.05518123181113818,-0.13626493530095554,-0.2916983912410726,-0.4367998029158905],[-0.1262934781020665,-0.12186879592091755,-0.1262934781020665,-0.11574494571714762,-0.11574494571714762,-0.03922813909235608,-0.03922813909235608,0.06911413541512636,0.06911413541512636,-0.23365886151009704,0.6917120930157993,-0.19156314941483632,0.7608183900057544,0.8106010383537336,0.6934493147257301,0.010504363921683548,0.673562941693947,-0.05597349474556156,-0.05597349474556156,-0.5996937418182676,0.7086907118090067,-0.15135935290772043,0.6800474408393907,-0.04198204343470634,1.0,-0.007114527237030622,-0.029732650262647774,0.04326088253570195,-0.30095712890491705,-0.28361579957401695,0.11099996625849635,0.17746194584549135,0.26886167497200747,-0.2829463066732282,0.1459388922366409,0.13159786717356928],[0.8678104490460496,0.7605646475223459,0.8678104490460496,0.8623014799432098,0.8623014799432098,0.9052765225386975,0.9052765225386975,0.8542329301501411,0.8542329301501411,0.6443138213316062,0.871230569948771,0.649171625838449,0.7842836810024917,0.8417910013918345,0.8726246769763204,0.9129840220503601,0.8969452857060333,0.8628569429901782,0.8628569429901782,0.4111128129176338,-0.14655401617767497,0.7681063970743462,0.4604932632719111,-0.23282021284008092,-0.007114527237030622,1.0,0.6997663636614085,0.8971388167089324,0.5512519573665786,0.6372046562034708,0.7136529368422125,0.6652394088604886,0.4115588055961423,0.7640800898819926,0.7977231078021841,0.5483501869727826],[0.8981347416929584,0.8949436842479223,0.8981347416929584,0.9212972877436256,0.9212972877436256,0.8648809353246496,0.8648809353246496,0.7938094334962451,0.7938094334962451,0.3163952397047143,0.9150311835004974,0.23181217433305193,0.8968087069694505,0.9585303032977233,0.9146582423297502,0.8531725296027038,0.8943531846040661,0.7186907397928374,0.7186907397928374,0.5471831961433923,-0.1402190593795682,0.918754915297713,0.319171832332447,-0.26200225997066723,-0.029732650262647774,0.6997663636614085,1.0,0.8942910116804217,0.623837029625145,0.5698816958127587,0.7348632583389677,0.4932930910308771,0.36211882012183616,0.7505839906890344,0.7628568975983583,0.39011828870400317],[0.9231212907862903,0.9100906533498694,0.9231212907862903,0.9314263004521789,0.9314263004521789,0.9238517902798687,0.9238517902798687,0.891329850029227,0.891329850029227,0.5371440776804846,0.9431452865255457,0.49056489264645126,0.9003905658868838,0.9590403137942879,0.9431049826118385,0.9176484423175478,0.9413235106989638,0.834751262385616,0.834751262385616,0.4953692192079631,-0.12016221943615149,0.9137307563154818,0.4453547679509913,-0.32379801983713824,0.04326088253570195,0.8971388167089324,0.8942910116804217,1.0,0.6829177623525136,0.5898038391988274,0.7650210352516269,0.5880408337597262,0.43474807221262496,0.8045698139542047,0.890965767482752,0.43161373573024414],[0.8713761471720789,0.8678072560286245,0.8713761471720789,0.8408598336330574,0.8408598336330574,0.8629116970136536,0.8629116970136536,0.840432767792596,0.840432767792596,0.7881871738022571,0.8253650120713155,0.7523650356607908,0.6670845250171926,0.7295033654012152,0.8262966409361967,0.8699426285406866,0.8644964431396872,0.9102935186167438,0.9102935186167438,0.8480407328003048,0.10499353610978755,0.8008286527645483,0.017187428391792475,-0.11150509051624456,-0.30095712890491705,0.5512519573665786,0.623837029625145,0.6829177623525136,1.0,0.9165245193981602,0.6095556950527625,0.7236758367783529,0.671315059752702,0.8867686015894173,0.5776872890085166,0.3918837355445766],[0.7676829819709841,0.7731504791487255,0.7676829819709841,0.75528599252426,0.75528599252426,0.7482149345259782,0.7482149345259782,0.7657151346392124,0.7657151346392124,0.6641043453664658,0.776207605358048,0.6768515609584139,0.6041966517283112,0.6539197702756991,0.7771006173516609,0.7775937894032136,0.8018729080773279,0.8426950345656178,0.8426950345656178,0.7200518622043452,-0.059324049176244585,0.7343867216899552,0.18723907794354933,-0.1407978587382719,-0.28361579957401695,0.6372046562034708,0.5698816958127587,0.5898038391988274,0.9165245193981602,1.0,0.6296522726243531,0.7069882428476127,0.6195015188199924,0.7622456801681499,0.62716574499341,0.5356865045218752],[0.7438547880053561,0.7408041250275841,0.7438547880053561,0.7688511371116921,0.7688511371116921,0.8533083071187416,0.8533083071187416,0.9182641674150526,0.9182641674150526,0.31101362657487774,0.9561441824166659,0.43994547555693825,0.8818123716455349,0.945128053740172,0.9560794574941841,0.9142433520584805,0.9491278279961813,0.8408839664702419,0.8408839664702419,0.25347764102611386,-0.08287096195689256,0.7710214815385209,0.6562074273142063,-0.5538114613592552,0.11099996625849635,0.7136529368422125,0.7348632583389677,0.7650210352516269,0.6095556950527625,0.6296522726243531,1.0,0.7457234940150791,0.3844443151023491,0.644656521539397,0.7618000605870612,0.7867992083372916],[0.6599274230877606,0.6590635648600693,0.6599274230877606,0.6450566438220627,0.6450566438220627,0.7401974184658264,0.7401974184658264,0.7845658322148021,0.7845658322148021,0.5201220433813326,0.8121640549780967,0.6665124259827913,0.6535509171801708,0.7367153260610647,0.8134895014994685,0.7814930372047321,0.85155877655816,0.779113483896992,0.779113483896992,0.37008160712367927,0.23988043439691512,0.6258341532027121,0.5377575883191867,-0.25192300835258347,0.17746194584549135,0.6652394088604886,0.4932930910308771,0.5880408337597262,0.7236758367783529,0.7069882428476127,0.7457234940150791,1.0,0.7767349983820158,0.5712040781652984,0.7261083860495913,0.6046883042184662],[0.5620231170398017,0.5838307200630966,0.5620231170398017,0.5233239805725106,0.5233239805725106,0.6284242148381995,0.6284242148381995,0.6569636163920527,0.6569636163920527,0.5641033311274245,0.6367011999548393,0.6751463827185294,0.4580927697081913,0.45840718553294696,0.6376536921232158,0.6812285163650514,0.6935254231519402,0.6797973411558592,0.6797973411558592,0.5799576218244088,0.5354467823625331,0.4734601845309037,0.23261325360343924,-0.05518123181113818,0.26886167497200747,0.4115588055961423,0.36211882012183616,0.43474807221262496,0.671315059752702,0.6195015188199924,0.3844443151023491,0.7767349983820158,1.0,0.4993022804407766,0.6080836855956051,0.24135727479210037],[0.9246309710792143,0.9247294218606636,0.9246309710792143,0.9056580637311609,0.9056580637311609,0.8821421147258904,0.8821421147258904,0.8441529453208194,0.8441529453208194,0.7317205732865358,0.8971430674583946,0.6703401131969284,0.7940553308261749,0.861138016526897,0.8977983215505693,0.9029183139481817,0.9139359672684488,0.8807439300991569,0.8807439300991569,0.7874064432238077,-0.18742369408306497,0.8935535115345501,0.17485327213887303,-0.13626493530095554,-0.2829463066732282,0.7640800898819926,0.7505839906890344,0.8045698139542047,0.8867686015894173,0.7622456801681499,0.644656521539397,0.5712040781652984,0.4993022804407766,1.0,0.7976533855379896,0.33479305334300163],[0.9052371177628304,0.8117278318325721,0.9052371177628304,0.901977616129239,0.901977616129239,0.9197724279678248,0.9197724279678248,0.9047095302313938,0.9047095302313938,0.5328422799774238,0.9702591128208725,0.48797468303943053,0.8916215613207129,0.9663971673719254,0.9705133308849633,0.9175910805833355,0.9742493429882837,0.8316418682525585,0.8316418682525585,0.5179701090972375,0.0006283507832583233,0.801027214736438,0.4834996060678699,-0.2916983912410726,0.1459388922366409,0.7977231078021841,0.7628568975983583,0.890965767482752,0.5776872890085166,0.62716574499341,0.7618000605870612,0.7261083860495913,0.6080836855956051,0.7976533855379896,1.0,0.3965389986487379],[0.3928715088641006,0.3943051037615228,0.3928715088641006,0.4098991959800326,0.4098991959800326,0.6144985643647253,0.6144985643647253,0.8660063979106151,0.8660063979106151,0.17923463932278688,0.8776792412678494,0.5368504026106335,0.8345722759914599,0.8884208683839472,0.8786411946648588,0.8607020218274257,0.9011796444065123,0.8834648753282882,0.8834648753282882,-0.027378868516074854,0.07070032702615996,0.39881950822133905,0.5371744860330306,-0.4367998029158905,0.13159786717356928,0.5483501869727826,0.39011828870400317,0.43161373573024414,0.3918837355445766,0.5356865045218752,0.7867992083372916,0.6046883042184662,0.24135727479210037,0.33479305334300163,0.3965389986487379,1.0]],"x":["^TAIEX       \u81fa\u7063\u52a0\u6b0a\u5831\u916c\u6307\u6578","^TWII        \u81fa\u7063\u52a0\u6b0a\u6307\u6578","^TAIEXx2     \u81fa\u7063\u52a0\u6b0a\u5831\u916c\u6307\u6578_\u65e5\u6b632","^TAI50I      \u81fa\u706350\u5831\u916c\u6307\u6578","^TAI50Ix2    \u81fa\u706350\u5831\u916c\u6307\u6578_\u65e5\u6b632","^TAI100I     \u81fa\u7063\u4e2d\u578b100\u5831\u916c\u6307\u6578","^TAI100Ix2   \u81fa\u7063\u4e2d\u578b100\u5831\u916c\u6307\u6578_\u65e5\u6b632","^TAIDIVIDI   \u81fa\u7063\u9ad8\u80a1\u606f\u5831\u916c\u6307\u6578","^TAIDIVIDIx2 \u81fa\u7063\u9ad8\u80a1\u606f\u5831\u916c\u6307\u6578_\u65e5\u6b632","0050Fund     \u5143\u5927\u53f0\u7063\u5353\u8d8a50\u57fa\u91d1","006208Fund   \u5bcc\u90a6\u53f0\u7063\u91c6\u540950\u57fa\u91d1","0050         \u5143\u5927\u81fa\u706350","00631L       \u5143\u5927\u53f0\u706350\u6b632","00675L       \u5bcc\u90a6\u81fa\u7063\u52a0\u6b0a\u6b632","006208       \u5bcc\u90a6\u53f050","0051         \u5143\u5927\u4e2d\u578b100","006204       \u6c38\u8c50\u81fa\u7063\u52a0\u6b0a","0056         \u5143\u5927\u9ad8\u80a1\u606f","0056         \u5143\u5927\u9ad8\u80a1\u606f_\u80a1\u606f\u4e0d\u6295\u5165","2412         \u4e2d\u83ef\u96fb\u4fe1","2002         \u4e2d\u92fc","2330         \u53f0\u7a4d\u96fb","2317         \u9d3b\u6d77","6505         \u53f0\u5851\u77f3\u5316","3481         \u7fa4\u5275","2303         \u806f\u96fb","2308         \u53f0\u9054\u96fb","2454         \u806f\u767c\u79d1","2886         \u5146\u8c50\u91d1","2884         \u7389\u5c71\u91d1","2891         \u4e2d\u4fe1\u91d1","2892         \u7b2c\u4e00\u91d1","5880         \u5408\u5eab\u91d1","2881         \u5bcc\u90a6\u91d1","2885         \u5143\u5927\u91d1","2887         \u53f0\u65b0\u91d1"],"y":["^TAIEX       \u81fa\u7063\u52a0\u6b0a\u5831\u916c\u6307\u6578","^TWII        \u81fa\u7063\u52a0\u6b0a\u6307\u6578","^TAIEXx2     \u81fa\u7063\u52a0\u6b0a\u5831\u916c\u6307\u6578_\u65e5\u6b632","^TAI50I      \u81fa\u706350\u5831\u916c\u6307\u6578","^TAI50Ix2    \u81fa\u706350\u5831\u916c\u6307\u6578_\u65e5\u6b632","^TAI100I     \u81fa\u7063\u4e2d\u578b100\u5831\u916c\u6307\u6578","^TAI100Ix2   \u81fa\u7063\u4e2d\u578b100\u5831\u916c\u6307\u6578_\u65e5\u6b632","^TAIDIVIDI   \u81fa\u7063\u9ad8\u80a1\u606f\u5831\u916c\u6307\u6578","^TAIDIVIDIx2 \u81fa\u7063\u9ad8\u80a1\u606f\u5831\u916c\u6307\u6578_\u65e5\u6b632","0050Fund     \u5143\u5927\u53f0\u7063\u5353\u8d8a50\u57fa\u91d1","006208Fund   \u5bcc\u90a6\u53f0\u7063\u91c6\u540950\u57fa\u91d1","0050         \u5143\u5927\u81fa\u706350","00631L       \u5143\u5927\u53f0\u706350\u6b632","00675L       \u5bcc\u90a6\u81fa\u7063\u52a0\u6b0a\u6b632","006208       \u5bcc\u90a6\u53f050","0051         \u5143\u5927\u4e2d\u578b100","006204       \u6c38\u8c50\u81fa\u7063\u52a0\u6b0a","0056         \u5143\u5927\u9ad8\u80a1\u606f","0056         \u5143\u5927\u9ad8\u80a1\u606f_\u80a1\u606f\u4e0d\u6295\u5165","2412         \u4e2d\u83ef\u96fb\u4fe1","2002         \u4e2d\u92fc","2330         \u53f0\u7a4d\u96fb","2317         \u9d3b\u6d77","6505         \u53f0\u5851\u77f3\u5316","3481         \u7fa4\u5275","2303         \u806f\u96fb","2308         \u53f0\u9054\u96fb","2454         \u806f\u767c\u79d1","2886         \u5146\u8c50\u91d1","2884         \u7389\u5c71\u91d1","2891         \u4e2d\u4fe1\u91d1","2892         \u7b2c\u4e00\u91d1","5880         \u5408\u5eab\u91d1","2881         \u5bcc\u90a6\u91d1","2885         \u5143\u5927\u91d1","2887         \u53f0\u65b0\u91d1"],"zmin":-1,"zmax":1,"colorbar":{"x":-0.2}}],"layout":{"autotypenumbers":"strict","colorway":["#636efa","#EF553B","#00cc96","#ab63fa","#FFA15A","#19d3f3","#FF6692","#B6E880","#FF97FF","#FECB52"],"font":{"color":"#f2f5fa","family":"Courier New"},"hovermode":"closest","hoverlabel":{"align":"left"},"paper_bgcolor":"rgb(17,17,17)","plot_bgcolor":"rgb(17,17,17)","polar":{"bgcolor":"rgb(17,17,17)","angularaxis":{"gridcolor":"#506784","linecolor":"#506784","ticks":""},"radialaxis":{"gridcolor":"#506784","linecolor":"#506784","ticks":""}},"ternary":{"bgcolor":"rgb(17,17,17)","aaxis":{"gridcolor":"#506784","linecolor":"#506784","ticks":""},"baxis":{"gridcolor":"#506784","linecolor":"#506784","ticks":""},"caxis":{"gridcolor":"#506784","linecolor":"#506784","ticks":""}},"coloraxis":{"colorbar":{"outlinewidth":0,"ticks":""}},"colorscale":{"sequential":[[0.0,"#0d0887"],[0.1111111111111111,"#46039f"],[0.2222222222222222,"#7201a8"],[0.3333333333333333,"#9c179e"],[0.4444444444444444,"#bd3786"],[0.5555555555555556,"#d8576b"],[0.6666666666666666,"#ed7953"],[0.7777777777777778,"#fb9f3a"],[0.8888888888888888,"#fdca26"],[1.0,"#f0f921"]],"sequentialminus":[[0.0,"#0d0887"],[0.1111111111111111,"#46039f"],[0.2222222222222222,"#7201a8"],[0.3333333333333333,"#9c179e"],[0.4444444444444444,"#bd3786"],[0.5555555555555556,"#d8576b"],[0.6666666666666666,"#ed7953"],[0.7777777777777778,"#fb9f3a"],[0.8888888888888888,"#fdca26"],[1.0,"#f0f921"]],"diverging":[[0,"#8e0152"],[0.1,"#c51b7d"],[0.2,"#de77ae"],[0.3,"#f1b6da"],[0.4,"#fde0ef"],[0.5,"#f7f7f7"],[0.6,"#e6f5d0"],[0.7,"#b8e186"],[0.8,"#7fbc41"],[0.9,"#4d9221"],[1,"#276419"]]},"xaxis":{"gridcolor":"rgba(0, 0, 0, 0)","linecolor":"#506784","ticks":"","title":{"standoff":15},"zerolinecolor":"#283442","automargin":true,"zerolinewidth":2,"tickfont":{"family":"Courier New","size":14},"side":"top","tickangle":-90},"yaxis":{"gridcolor":"rgba(0, 0, 0, 0)","linecolor":"#506784","ticks":"","title":{"standoff":15},"zerolinecolor":"#283442","automargin":true,"zerolinewidth":2,"tickfont":{"family":"Courier New"},"side":"right"},"scene":{"xaxis":{"backgroundcolor":"rgb(17,17,17)","gridcolor":"#506784","linecolor":"#506784","showbackground":true,"ticks":"","zerolinecolor":"#C8D4E3","gridwidth":2},"yaxis":{"backgroundcolor":"rgb(17,17,17)","gridcolor":"#506784","linecolor":"#506784","showbackground":true,"ticks":"","zerolinecolor":"#C8D4E3","gridwidth":2},"zaxis":{"backgroundcolor":"rgb(17,17,17)","gridcolor":"#506784","linecolor":"#506784","showbackground":true,"ticks":"","zerolinecolor":"#C8D4E3","gridwidth":2}},"shapedefaults":{"line":{"color":"#f2f5fa"}},"annotationdefaults":{"arrowcolor":"#f2f5fa","arrowhead":0,"arrowwidth":1},"geo":{"bgcolor":"rgb(17,17,17)","landcolor":"rgb(17,17,17)","subunitcolor":"#506784","showland":true,"showlakes":true,"lakecolor":"rgb(17,17,17)"},"title":{"x":0.05,"font":{"family":"Times New Roman"},"y":0.05,"text":"<b>Correlation of Close<b><br><i>2016-09-23 ~ 2026-07-21<i>"},"updatemenudefaults":{"bgcolor":"#506784","borderwidth":0},"sliderdefaults":{"bgcolor":"#C8D4E3","borderwidth":1,"bordercolor":"rgb(17,17,17)","tickwidth":0},"mapbox":{"style":"dark"},"annotations":[{"text":"<b>@zwindr<b>","textangle":0,"opacity":0.5,"font":{"color":"white","size":12},"xref":"paper","yref":"paper","xanchor":"left","yanchor":"bottom","x":1.0,"y":1.0,"showarrow":false}]},"config":{"responsive":true,"toImageButtonOptions":{"filename":"Correlation of Close_2016-09-23~2026-07-21","scale":5}}};Plotly.newPlot("correlationClose",correlationClose.data,correlationClose.layout||{},correlationClose.config);}else{console.log("style display is none => correlationClose");}