var element=document.getElementById("correlationClose");if(element.style.display!='none'){var correlationClose={"data":[{"type":"heatmap","z":[[1.0,0.9999999999999977,1.0,0.9950017663865401,0.9950017663865401,0.9723471978429351,0.9723471978429351,0.914455988057487,0.914455988057487,0.7417401868148257,0.9951512417634423,0.6851620529793805,0.9596797294879948,0.9912225841597679,0.9952277465858496,0.977596773824838,0.9992730157271559,0.9072438112894621,0.9072438112894621,0.7711455969956943,-0.19037208945794595,0.980497327156429,0.24796316491338702,-0.1645921827894419,-0.22557881091214144,0.8219453879368295,0.8955657376756953,0.9266333766593591,0.9066490256087063,0.7867892246690803,0.6474427349800751,0.6529948860665941,0.6073125061723788,0.9302100456649408,0.8649376531152356,0.2654439210940431],[0.9999999999999977,1.0,0.9999999999999978,0.9949647534224229,0.9949647534224229,0.9718234401931347,0.9718234401931347,0.9150454484714744,0.9150454484714744,0.7446260382914254,0.995131909901848,0.6855302989564283,0.9560336921861492,0.9907968294503863,0.9952371064698236,0.9772325800744724,0.9992732091674306,0.9070386184362785,0.9070386184362785,0.7884527719844101,0.020571082794021135,0.9733293460797874,0.01071637283662444,-0.15713565963643994,-0.22601922885155526,0.6683236015151864,0.8944679969484285,0.9060792786495925,0.9029409446127361,0.7950792228053802,0.6387806419749344,0.6505912642219156,0.6322371195259389,0.9289419549455362,0.738366042743897,0.2614159852825941],[1.0,0.9999999999999978,1.0,0.9950017663865401,0.9950017663865401,0.9723471978429351,0.9723471978429351,0.914455988057487,0.914455988057487,0.7417401868148257,0.9951512417634423,0.6851620529793805,0.9596797294879948,0.9912225841597679,0.9952277465858496,0.977596773824838,0.9992730157271559,0.9072438112894621,0.9072438112894621,0.7711455969956943,-0.19037208945794595,0.980497327156429,0.24796316491338702,-0.1645921827894419,-0.22557881091214144,0.8219453879368295,0.8955657376756953,0.9266333766593591,0.9066490256087063,0.7867892246690803,0.6474427349800751,0.6529948860665941,0.6073125061723788,0.9302100456649408,0.8649376531152356,0.2654439210940431],[0.9950017663865401,0.9949647534224229,0.9950017663865401,1.0,1.0,0.9601112637475339,0.9601112637475339,0.8969536202221636,0.8969536202221636,0.7015868012019416,0.9996408309541754,0.6446243974845903,0.9579841310923394,0.9913916049441124,0.9995938059890092,0.9607741092527203,0.9952562186613942,0.8778648837866319,0.8778648837866319,0.740169374804199,-0.19799495741274073,0.9925666702125227,0.27638791785977074,-0.19995640857196492,-0.22105416125304297,0.8075171042976063,0.9164811326857195,0.9247891548555611,0.8829355463390577,0.7841014381816861,0.6770864407917129,0.6424070042053702,0.5720260106495125,0.9150043040233796,0.8569945048753121,0.2806633677437879],[0.9950017663865401,0.9949647534224229,0.9950017663865401,1.0,1.0,0.9601112637475339,0.9601112637475339,0.8969536202221636,0.8969536202221636,0.7015868012019416,0.9996408309541754,0.6446243974845903,0.9579841310923394,0.9913916049441124,0.9995938059890092,0.9607741092527203,0.9952562186613942,0.8778648837866319,0.8778648837866319,0.740169374804199,-0.19799495741274073,0.9925666702125227,0.27638791785977074,-0.19995640857196492,-0.22105416125304297,0.8075171042976063,0.9164811326857195,0.9247891548555611,0.8829355463390577,0.7841014381816861,0.6770864407917129,0.6424070042053702,0.5720260106495125,0.9150043040233796,0.8569945048753121,0.2806633677437879],[0.9723471978429351,0.9718234401931347,0.9723471978429351,0.9601112637475339,0.9601112637475339,1.0,1.0,0.9381420325813095,0.9381420325813095,0.7213289679650863,0.9588206639947965,0.6974243997262932,0.9381522196072594,0.9615126015526844,0.9587145137947127,0.999092551888075,0.9778842608951192,0.9132304923257445,0.9132304923257445,0.6557818943049507,-0.14691747290421123,0.9473256767757378,0.3829879611511372,-0.33249472024625504,-0.11049943171943977,0.8834067830772029,0.8541426769794982,0.9417514370138347,0.8880993146376683,0.7574051346012731,0.7993499215031585,0.7453392104444765,0.6783656085926558,0.8715552041229802,0.8897522013867647,0.5256559618736091],[0.9723471978429351,0.9718234401931347,0.9723471978429351,0.9601112637475339,0.9601112637475339,1.0,1.0,0.9381420325813095,0.9381420325813095,0.7213289679650863,0.9588206639947965,0.6974243997262932,0.9381522196072594,0.9615126015526844,0.9587145137947127,0.999092551888075,0.9778842608951192,0.9132304923257445,0.9132304923257445,0.6557818943049507,-0.14691747290421123,0.9473256767757378,0.3829879611511372,-0.33249472024625504,-0.11049943171943977,0.8834067830772029,0.8541426769794982,0.9417514370138347,0.8880993146376683,0.7574051346012731,0.7993499215031585,0.7453392104444765,0.6783656085926558,0.8715552041229802,0.8897522013867647,0.5256559618736091],[0.914455988057487,0.9150454484714744,0.914455988057487,0.8969536202221636,0.8969536202221636,0.9381420325813095,0.9381420325813095,1.0,1.0,0.6965435398961396,0.9360742806170546,0.7057051470970417,0.9094163154178335,0.920057584798607,0.9362120168614985,0.9402016855624754,0.9469567971768943,0.9694650237822311,0.9694650237822311,0.6114167388576112,-0.025509247627019414,0.8639903618373771,0.5950736722957582,-0.3610621794444375,0.013024322307734598,0.8033276206785211,0.7473659410519076,0.8909610868226694,0.85681528747974,0.7747763888612942,0.8888048338665632,0.7923567470261846,0.7052708746383946,0.8155316766035922,0.8700173682318106,0.8273442850348666],[0.914455988057487,0.9150454484714744,0.914455988057487,0.8969536202221636,0.8969536202221636,0.9381420325813095,0.9381420325813095,1.0,1.0,0.6965435398961396,0.9360742806170546,0.7057051470970417,0.9094163154178335,0.920057584798607,0.9362120168614985,0.9402016855624754,0.9469567971768943,0.9694650237822311,0.9694650237822311,0.6114167388576112,-0.025509247627019414,0.8639903618373771,0.5950736722957582,-0.3610621794444375,0.013024322307734598,0.8033276206785211,0.7473659410519076,0.8909610868226694,0.85681528747974,0.7747763888612942,0.8888048338665632,0.7923567470261846,0.7052708746383946,0.8155316766035922,0.8700173682318106,0.8273442850348666],[0.7417401868148257,0.7446260382914254,0.7417401868148257,0.7015868012019416,0.7015868012019416,0.7213289679650863,0.7213289679650863,0.6965435398961396,0.6965435398961396,1.0,0.5586626385193777,0.9999695911936498,0.47254039865958875,0.33852406234513716,0.5624686661177585,0.7173813252736753,0.6292299156371058,0.7898311566104882,0.7898311566104882,0.684575237395342,-0.09715496648973407,0.66890633415365,0.03512749391876305,0.049857072164019176,-0.24291190238241991,0.760753445972785,0.41833862453853066,0.713750355910358,0.7994241245579168,0.6689644841832194,0.3238310304607994,0.520876847231326,0.5616643249516969,0.7659739576095894,0.6058084477256553,0.1667531233756315],[0.9951512417634423,0.995131909901848,0.9951512417634423,0.9996408309541754,0.9996408309541754,0.9588206639947965,0.9588206639947965,0.9360742806170546,0.9360742806170546,0.5586626385193777,1.0,0.5604136844497438,0.9579377745997034,0.991107080888792,0.999942184338197,0.9562860577863239,0.9947505100242008,0.8865844063183276,0.8865844063183276,0.8502832469013836,-0.08061561756518752,0.9971341570452217,0.9056562295014915,-0.5407605801562381,0.4696765842506546,0.8112235801031104,0.8922856438003061,0.935861765260206,0.8709539181621768,0.8098604855356291,0.9371089802278161,0.8497457234927035,0.7228344602588058,0.8973061973403299,0.9539847287135166,0.8275568228891429],[0.6851620529793805,0.6855302989564283,0.6851620529793805,0.6446243974845903,0.6446243974845903,0.6974243997262932,0.6974243997262932,0.7057051470970417,0.7057051470970417,0.9999695911936498,0.5604136844497438,1.0,0.47339886989466123,0.33657030691534573,0.5613235200224855,0.705718991006935,0.6281469445366006,0.7827664746349468,0.7827664746349468,0.6369361174058769,0.03394903981227349,0.6143719378833743,0.3878673196551375,-0.16064391681419948,-0.2325261493366892,0.7852775266060973,0.3188522332885854,0.6800921788671366,0.7676956760071384,0.6871336867464397,0.5032824807674771,0.6822202030807015,0.6757887313236144,0.7158410194836646,0.5789862921660421,0.6133592506548469],[0.9596797294879948,0.9560336921861492,0.9596797294879948,0.9579841310923394,0.9579841310923394,0.9381522196072594,0.9381522196072594,0.9094163154178335,0.9094163154178335,0.47254039865958875,0.9579377745997034,0.47339886989466123,1.0,0.9503641295330998,0.9538692282071898,0.93204464048417,0.9546590803254021,0.8499621963238886,0.8499621963238886,0.8140482535577757,-0.04731375949739738,0.9520486905078342,0.8991797731482015,-0.6548651030689645,0.49989042797207245,0.7638590241356695,0.8350689828784147,0.9151636401358142,0.8378696450384949,0.7393103926190231,0.8985738329916791,0.8083834865599131,0.6812232004825057,0.8626540944892039,0.9251405585643635,0.8131282426769226],[0.9912225841597679,0.9907968294503863,0.9912225841597679,0.9913916049441124,0.9913916049441124,0.9615126015526844,0.9615126015526844,0.920057584798607,0.920057584798607,0.33852406234513716,0.991107080888792,0.33657030691534573,0.9503641295330998,1.0,0.9911655066539595,0.955790232655658,0.9894584176070546,0.8414178171699558,0.8414178171699558,0.8525024716228239,-0.1873932647628299,0.9896704696029255,0.9145255114234081,-0.8000291885854569,0.5784509557026305,0.7209490415788709,0.9225422420177679,0.9207194954683734,0.817482142099046,0.6953401510307667,0.9427914297624207,0.8052964635016023,0.6047129894723577,0.8850626981228369,0.958402570545801,0.834424277979852],[0.9952277465858496,0.9952371064698236,0.9952277465858496,0.9995938059890092,0.9995938059890092,0.9587145137947127,0.9587145137947127,0.9362120168614985,0.9362120168614985,0.5624686661177585,0.999942184338197,0.5613235200224855,0.9538692282071898,0.9911655066539595,1.0,0.9565412691348155,0.9948616147804663,0.8871916308917097,0.8871916308917097,0.8513014716524234,-0.07962632008236978,0.996988093578944,0.9050113062422659,-0.5381862023329275,0.46917719835447586,0.8119428243403528,0.8909452500859113,0.935453485480083,0.8718544264535727,0.8109676882445565,0.9365200592354436,0.8509730085150098,0.7244802663042196,0.8973753785902724,0.9540530809765656,0.8278293443223262],[0.977596773824838,0.9772325800744724,0.977596773824838,0.9607741092527203,0.9607741092527203,0.999092551888075,0.999092551888075,0.9402016855624754,0.9402016855624754,0.7173813252736753,0.9562860577863239,0.705718991006935,0.93204464048417,0.955790232655658,0.9565412691348155,1.0,0.9773740991360442,0.9154202092986825,0.9154202092986825,0.7048061818690111,-0.1325943657480244,0.9503466935232495,0.6980600237131044,-0.46120592413748335,-0.13825802657378503,0.8947138076404472,0.8411615303629538,0.9385098254426391,0.8961384031498091,0.791216388786225,0.8818814696969773,0.7906178716877997,0.7358253451859652,0.8924672124269963,0.8865653042276278,0.8219310577510323],[0.9992730157271559,0.9992732091674306,0.9992730157271559,0.9952562186613942,0.9952562186613942,0.9778842608951192,0.9778842608951192,0.9469567971768943,0.9469567971768943,0.6292299156371058,0.9947505100242008,0.6281469445366006,0.9546590803254021,0.9894584176070546,0.9948616147804663,0.9773740991360442,1.0,0.9162334310887104,0.9162334310887104,0.8638665822597846,-0.062332451892452394,0.988716505227717,0.8810335447946407,-0.5245454125652951,0.47573273127669363,0.8580102474921607,0.8766279757755728,0.948605431917739,0.9053928351538074,0.8316820981586701,0.9258686194991583,0.8842722994645408,0.7718965164922625,0.9133138038130098,0.9620205907472589,0.8684453158951623],[0.9072438112894621,0.9070386184362785,0.9072438112894621,0.8778648837866319,0.8778648837866319,0.9132304923257445,0.9132304923257445,0.9694650237822311,0.9694650237822311,0.7898311566104882,0.8865844063183276,0.7827664746349468,0.8499621963238886,0.8414178171699558,0.8871916308917097,0.9154202092986825,0.9162334310887104,1.0,1.0,0.7559677081475377,-0.0721747403150174,0.8429674477284848,0.5897871233383645,-0.24313906711714353,-0.19130306045804907,0.8389620778952143,0.6840378046626211,0.8467062410249987,0.9209116425218072,0.8490660305449881,0.7997113457312064,0.7709397098794941,0.7071432077330551,0.8568110440761391,0.7902184831797532,0.8598260988536744],[0.9072438112894621,0.9070386184362785,0.9072438112894621,0.8778648837866319,0.8778648837866319,0.9132304923257445,0.9132304923257445,0.9694650237822311,0.9694650237822311,0.7898311566104882,0.8865844063183276,0.7827664746349468,0.8499621963238886,0.8414178171699558,0.8871916308917097,0.9154202092986825,0.9162334310887104,1.0,1.0,0.7559677081475377,-0.0721747403150174,0.8429674477284848,0.5897871233383645,-0.24313906711714353,-0.19130306045804907,0.8389620778952143,0.6840378046626211,0.8467062410249987,0.9209116425218072,0.8490660305449881,0.7997113457312064,0.7709397098794941,0.7071432077330551,0.8568110440761391,0.7902184831797532,0.8598260988536744],[0.7711455969956943,0.7884527719844101,0.7711455969956943,0.740169374804199,0.740169374804199,0.6557818943049507,0.6557818943049507,0.6114167388576112,0.6114167388576112,0.684575237395342,0.8502832469013836,0.6369361174058769,0.8140482535577757,0.8525024716228239,0.8513014716524234,0.7048061818690111,0.8638665822597846,0.7559677081475377,0.7559677081475377,1.0,0.01480195585077576,0.7009267785499936,-0.3107729702407821,0.2750513168678669,-0.6442323160956093,0.3838075131905353,0.632885161358198,0.5344575885272629,0.8424200461238551,0.7075430610410294,0.18157798095001546,0.3391773837569534,0.5736348909204251,0.7892113365981246,0.5055584144387983,-0.10319542645786477],[-0.19037208945794595,0.020571082794021135,-0.19037208945794595,-0.19799495741274073,-0.19799495741274073,-0.14691747290421123,-0.14691747290421123,-0.025509247627019414,-0.025509247627019414,-0.09715496648973407,-0.08061561756518752,0.03394903981227349,-0.04731375949739738,-0.1873932647628299,-0.07962632008236978,-0.1325943657480244,-0.062332451892452394,-0.0721747403150174,-0.0721747403150174,0.01480195585077576,1.0,-0.13089616963626755,0.08414832639582445,0.17795657555959288,0.740658060498579,-0.1117011973567012,-0.09772246898153543,-0.05446228873313598,0.134683760925995,-0.030448859107226084,-0.01496523158835393,0.28829422960926343,0.5515938250809014,-0.15265582519873425,0.06290653932480422,0.12501707874890747],[0.980497327156429,0.9733293460797874,0.980497327156429,0.9925666702125227,0.9925666702125227,0.9473256767757378,0.9473256767757378,0.8639903618373771,0.8639903618373771,0.66890633415365,0.9971341570452217,0.6143719378833743,0.9520486905078342,0.9896704696029255,0.996988093578944,0.9503466935232495,0.988716505227717,0.8429674477284848,0.8429674477284848,0.7009267785499936,-0.13089616963626755,1.0,0.18365561612425882,-0.2500127157790544,-0.26119528695746036,0.6776529253050756,0.9234248553933551,0.9088815134879947,0.8272344517775296,0.7515592921133314,0.6804347102571594,0.6109741545110838,0.5056033548857678,0.8928125246790708,0.7220220006248311,0.2657612049940326],[0.24796316491338702,0.01071637283662444,0.24796316491338702,0.27638791785977074,0.27638791785977074,0.3829879611511372,0.3829879611511372,0.5950736722957582,0.5950736722957582,0.03512749391876305,0.9056562295014915,0.3878673196551375,0.8991797731482015,0.9145255114234081,0.9050113062422659,0.6980600237131044,0.8810335447946407,0.5897871233383645,0.5897871233383645,-0.3107729702407821,0.08414832639582445,0.18365561612425882,1.0,-0.47914346053746965,0.6868894651260696,0.4083975555616754,0.21060604435041536,0.3706961067928925,-0.044997293050058396,0.13207233408842842,0.623779718792947,0.5063628069981078,0.2158873658357415,0.07792653337780801,0.4309979719251448,0.4942751494291977],[-0.1645921827894419,-0.15713565963643994,-0.1645921827894419,-0.19995640857196492,-0.19995640857196492,-0.33249472024625504,-0.33249472024625504,-0.3610621794444375,-0.3610621794444375,0.049857072164019176,-0.5407605801562381,-0.16064391681419948,-0.6548651030689645,-0.8000291885854569,-0.5381862023329275,-0.46120592413748335,-0.5245454125652951,-0.24313906711714353,-0.24313906711714353,0.2750513168678669,0.17795657555959288,-0.2500127157790544,-0.47914346053746965,1.0,-0.02512491165189446,-0.20096818447596465,-0.24729079818637031,-0.3396072848154939,-0.08201446186451053,-0.11408967896364433,-0.5755073621945772,-0.23089310967486204,-0.04255889571593541,-0.09544264826030638,-0.26768634563975635,-0.42828026200207375],[-0.22557881091214144,-0.22601922885155526,-0.22557881091214144,-0.22105416125304297,-0.22105416125304297,-0.11049943171943977,-0.11049943171943977,0.013024322307734598,0.013024322307734598,-0.24291190238241991,0.4696765842506546,-0.2325261493366892,0.49989042797207245,0.5784509557026305,0.46917719835447586,-0.13825802657378503,0.47573273127669363,-0.19130306045804907,-0.19130306045804907,-0.6442323160956093,0.740658060498579,-0.26119528695746036,0.6868894651260696,-0.02512491165189446,1.0,-0.10422054880374874,-0.17709731424875133,-0.06364503527332117,-0.3443821428495984,-0.3211635505536519,0.05772822987655931,0.15513182985061275,0.2602090228651801,-0.36329087114684294,0.09860814641702403,0.08432358618824622],[0.8219453879368295,0.6683236015151864,0.8219453879368295,0.8075171042976063,0.8075171042976063,0.8834067830772029,0.8834067830772029,0.8033276206785211,0.8033276206785211,0.760753445972785,0.8112235801031104,0.7852775266060973,0.7638590241356695,0.7209490415788709,0.8119428243403528,0.8947138076404472,0.8580102474921607,0.8389620778952143,0.8389620778952143,0.3838075131905353,-0.1117011973567012,0.6776529253050756,0.4083975555616754,-0.20096818447596465,-0.10422054880374874,1.0,0.5460146247019028,0.8480807920457253,0.5210355204758425,0.6512238184984386,0.5922321884979979,0.676737850996678,0.43534767797975193,0.7266729177646976,0.7219542400410224,0.45104443736599936],[0.8955657376756953,0.8944679969484285,0.8955657376756953,0.9164811326857195,0.9164811326857195,0.8541426769794982,0.8541426769794982,0.7473659410519076,0.7473659410519076,0.41833862453853066,0.8922856438003061,0.3188522332885854,0.8350689828784147,0.9225422420177679,0.8909452500859113,0.8411615303629538,0.8766279757755728,0.6840378046626211,0.6840378046626211,0.632885161358198,-0.09772246898153543,0.9234248553933551,0.21060604435041536,-0.24729079818637031,-0.17709731424875133,0.5460146247019028,1.0,0.798021379043673,0.705309522655519,0.6327523297468791,0.6255148842995816,0.503201328585914,0.4460664946776778,0.7867680329539937,0.6746716353468095,0.22597155653787152],[0.9266333766593591,0.9060792786495925,0.9266333766593591,0.9247891548555611,0.9247891548555611,0.9417514370138347,0.9417514370138347,0.8909610868226694,0.8909610868226694,0.713750355910358,0.935861765260206,0.6800921788671366,0.9151636401358142,0.9207194954683734,0.935453485480083,0.9385098254426391,0.948605431917739,0.8467062410249987,0.8467062410249987,0.5344575885272629,-0.05446228873313598,0.9088815134879947,0.3706961067928925,-0.3396072848154939,-0.06364503527332117,0.8480807920457253,0.798021379043673,1.0,0.7636984095397333,0.6421797506579543,0.6675353355746865,0.627652570532186,0.5312754112358837,0.8370607207217745,0.8601685001368246,0.2843269531732462],[0.9066490256087063,0.9029409446127361,0.9066490256087063,0.8829355463390577,0.8829355463390577,0.8880993146376683,0.8880993146376683,0.85681528747974,0.85681528747974,0.7994241245579168,0.8709539181621768,0.7676956760071384,0.8378696450384949,0.817482142099046,0.8718544264535727,0.8961384031498091,0.9053928351538074,0.9209116425218072,0.9209116425218072,0.8424200461238551,0.134683760925995,0.8272344517775296,-0.044997293050058396,-0.08201446186451053,-0.3443821428495984,0.5210355204758425,0.705309522655519,0.7636984095397333,1.0,0.9118191916560939,0.578832534622311,0.7051032446884833,0.6701064787523798,0.8850297106422261,0.5437564844619942,0.3341781412439995],[0.7867892246690803,0.7950792228053802,0.7867892246690803,0.7841014381816861,0.7841014381816861,0.7574051346012731,0.7574051346012731,0.7747763888612942,0.7747763888612942,0.6689644841832194,0.8098604855356291,0.6871336867464397,0.7393103926190231,0.6953401510307667,0.8109676882445565,0.791216388786225,0.8316820981586701,0.8490660305449881,0.8490660305449881,0.7075430610410294,-0.030448859107226084,0.7515592921133314,0.13207233408842842,-0.11408967896364433,-0.3211635505536519,0.6512238184984386,0.6327523297468791,0.6421797506579543,0.9118191916560939,1.0,0.6139216145974399,0.6893672524148265,0.6151641168975658,0.7513714399845278,0.6193606684646695,0.5011743039048948],[0.6474427349800751,0.6387806419749344,0.6474427349800751,0.6770864407917129,0.6770864407917129,0.7993499215031585,0.7993499215031585,0.8888048338665632,0.8888048338665632,0.3238310304607994,0.9371089802278161,0.5032824807674771,0.8985738329916791,0.9427914297624207,0.9365200592354436,0.8818814696969773,0.9258686194991583,0.7997113457312064,0.7997113457312064,0.18157798095001546,-0.01496523158835393,0.6804347102571594,0.623779718792947,-0.5755073621945772,0.05772822987655931,0.5922321884979979,0.6255148842995816,0.6675353355746865,0.578832534622311,0.6139216145974399,1.0,0.7484567161739893,0.38918363835808684,0.5643688523073804,0.6632109615296572,0.7581304706101436],[0.6529948860665941,0.6505912642219156,0.6529948860665941,0.6424070042053702,0.6424070042053702,0.7453392104444765,0.7453392104444765,0.7923567470261846,0.7923567470261846,0.520876847231326,0.8497457234927035,0.6822202030807015,0.8083834865599131,0.8052964635016023,0.8509730085150098,0.7906178716877997,0.8842722994645408,0.7709397098794941,0.7709397098794941,0.3391773837569534,0.28829422960926343,0.6109741545110838,0.5063628069981078,-0.23089310967486204,0.15513182985061275,0.676737850996678,0.503201328585914,0.627652570532186,0.7051032446884833,0.6893672524148265,0.7484567161739893,1.0,0.779115855232713,0.5332103169881651,0.7381894062667199,0.5709640076033035],[0.6073125061723788,0.6322371195259389,0.6073125061723788,0.5720260106495125,0.5720260106495125,0.6783656085926558,0.6783656085926558,0.7052708746383946,0.7052708746383946,0.5616643249516969,0.7228344602588058,0.6757887313236144,0.6812232004825057,0.6047129894723577,0.7244802663042196,0.7358253451859652,0.7718965164922625,0.7071432077330551,0.7071432077330551,0.5736348909204251,0.5515938250809014,0.5056033548857678,0.2158873658357415,-0.04255889571593541,0.2602090228651801,0.43534767797975193,0.4460664946776778,0.5312754112358837,0.6701064787523798,0.6151641168975658,0.38918363835808684,0.779115855232713,1.0,0.5004186769776309,0.6539442923783856,0.219657860121332],[0.9302100456649408,0.9289419549455362,0.9302100456649408,0.9150043040233796,0.9150043040233796,0.8715552041229802,0.8715552041229802,0.8155316766035922,0.8155316766035922,0.7659739576095894,0.8973061973403299,0.7158410194836646,0.8626540944892039,0.8850626981228369,0.8973753785902724,0.8924672124269963,0.9133138038130098,0.8568110440761391,0.8568110440761391,0.7892113365981246,-0.15265582519873425,0.8928125246790708,0.07792653337780801,-0.09544264826030638,-0.36329087114684294,0.7266729177646976,0.7867680329539937,0.8370607207217745,0.8850297106422261,0.7513714399845278,0.5643688523073804,0.5332103169881651,0.5004186769776309,1.0,0.7633880907522042,0.22910058356407811],[0.8649376531152356,0.738366042743897,0.8649376531152356,0.8569945048753121,0.8569945048753121,0.8897522013867647,0.8897522013867647,0.8700173682318106,0.8700173682318106,0.6058084477256553,0.9539847287135166,0.5789862921660421,0.9251405585643635,0.958402570545801,0.9540530809765656,0.8865653042276278,0.9620205907472589,0.7902184831797532,0.7902184831797532,0.5055584144387983,0.06290653932480422,0.7220220006248311,0.4309979719251448,-0.26768634563975635,0.09860814641702403,0.7219542400410224,0.6746716353468095,0.8601685001368246,0.5437564844619942,0.6193606684646695,0.6632109615296572,0.7381894062667199,0.6539442923783856,0.7633880907522042,1.0,0.25604839934568124],[0.2654439210940431,0.2614159852825941,0.2654439210940431,0.2806633677437879,0.2806633677437879,0.5256559618736091,0.5256559618736091,0.8273442850348666,0.8273442850348666,0.1667531233756315,0.8275568228891429,0.6133592506548469,0.8131282426769226,0.834424277979852,0.8278293443223262,0.8219310577510323,0.8684453158951623,0.8598260988536744,0.8598260988536744,-0.10319542645786477,0.12501707874890747,0.2657612049940326,0.4942751494291977,-0.42828026200207375,0.08432358618824622,0.45104443736599936,0.22597155653787152,0.2843269531732462,0.3341781412439995,0.5011743039048948,0.7581304706101436,0.5709640076033035,0.219657860121332,0.22910058356407811,0.25604839934568124,1.0]],"x":["^TAIEX       \u81fa\u7063\u52a0\u6b0a\u5831\u916c\u6307\u6578","^TWII        \u81fa\u7063\u52a0\u6b0a\u6307\u6578","^TAIEXx2     \u81fa\u7063\u52a0\u6b0a\u5831\u916c\u6307\u6578_\u65e5\u6b632","^TAI50I      \u81fa\u706350\u5831\u916c\u6307\u6578","^TAI50Ix2    \u81fa\u706350\u5831\u916c\u6307\u6578_\u65e5\u6b632","^TAI100I     \u81fa\u7063\u4e2d\u578b100\u5831\u916c\u6307\u6578","^TAI100Ix2   \u81fa\u7063\u4e2d\u578b100\u5831\u916c\u6307\u6578_\u65e5\u6b632","^TAIDIVIDI   \u81fa\u7063\u9ad8\u80a1\u606f\u5831\u916c\u6307\u6578","^TAIDIVIDIx2 \u81fa\u7063\u9ad8\u80a1\u606f\u5831\u916c\u6307\u6578_\u65e5\u6b632","0050Fund     \u5143\u5927\u53f0\u7063\u5353\u8d8a50\u57fa\u91d1","006208Fund   \u5bcc\u90a6\u53f0\u7063\u91c6\u540950\u57fa\u91d1","0050         \u5143\u5927\u81fa\u706350","00631L       \u5143\u5927\u53f0\u706350\u6b632","00675L       \u5bcc\u90a6\u81fa\u7063\u52a0\u6b0a\u6b632","006208       \u5bcc\u90a6\u53f050","0051         \u5143\u5927\u4e2d\u578b100","006204       \u6c38\u8c50\u81fa\u7063\u52a0\u6b0a","0056         \u5143\u5927\u9ad8\u80a1\u606f","0056         \u5143\u5927\u9ad8\u80a1\u606f_\u80a1\u606f\u4e0d\u6295\u5165","2412         \u4e2d\u83ef\u96fb\u4fe1","2002         \u4e2d\u92fc","2330         \u53f0\u7a4d\u96fb","2317         \u9d3b\u6d77","6505         \u53f0\u5851\u77f3\u5316","3481         \u7fa4\u5275","2303         \u806f\u96fb","2308         \u53f0\u9054\u96fb","2454         \u806f\u767c\u79d1","2886         \u5146\u8c50\u91d1","2884         \u7389\u5c71\u91d1","2891         \u4e2d\u4fe1\u91d1","2892         \u7b2c\u4e00\u91d1","5880         \u5408\u5eab\u91d1","2881         \u5bcc\u90a6\u91d1","2885         \u5143\u5927\u91d1","2887         \u53f0\u65b0\u91d1"],"y":["^TAIEX       \u81fa\u7063\u52a0\u6b0a\u5831\u916c\u6307\u6578","^TWII        \u81fa\u7063\u52a0\u6b0a\u6307\u6578","^TAIEXx2     \u81fa\u7063\u52a0\u6b0a\u5831\u916c\u6307\u6578_\u65e5\u6b632","^TAI50I      \u81fa\u706350\u5831\u916c\u6307\u6578","^TAI50Ix2    \u81fa\u706350\u5831\u916c\u6307\u6578_\u65e5\u6b632","^TAI100I     \u81fa\u7063\u4e2d\u578b100\u5831\u916c\u6307\u6578","^TAI100Ix2   \u81fa\u7063\u4e2d\u578b100\u5831\u916c\u6307\u6578_\u65e5\u6b632","^TAIDIVIDI   \u81fa\u7063\u9ad8\u80a1\u606f\u5831\u916c\u6307\u6578","^TAIDIVIDIx2 \u81fa\u7063\u9ad8\u80a1\u606f\u5831\u916c\u6307\u6578_\u65e5\u6b632","0050Fund     \u5143\u5927\u53f0\u7063\u5353\u8d8a50\u57fa\u91d1","006208Fund   \u5bcc\u90a6\u53f0\u7063\u91c6\u540950\u57fa\u91d1","0050         \u5143\u5927\u81fa\u706350","00631L       \u5143\u5927\u53f0\u706350\u6b632","00675L       \u5bcc\u90a6\u81fa\u7063\u52a0\u6b0a\u6b632","006208       \u5bcc\u90a6\u53f050","0051         \u5143\u5927\u4e2d\u578b100","006204       \u6c38\u8c50\u81fa\u7063\u52a0\u6b0a","0056         \u5143\u5927\u9ad8\u80a1\u606f","0056         \u5143\u5927\u9ad8\u80a1\u606f_\u80a1\u606f\u4e0d\u6295\u5165","2412         \u4e2d\u83ef\u96fb\u4fe1","2002         \u4e2d\u92fc","2330         \u53f0\u7a4d\u96fb","2317         \u9d3b\u6d77","6505         \u53f0\u5851\u77f3\u5316","3481         \u7fa4\u5275","2303         \u806f\u96fb","2308         \u53f0\u9054\u96fb","2454         \u806f\u767c\u79d1","2886         \u5146\u8c50\u91d1","2884         \u7389\u5c71\u91d1","2891         \u4e2d\u4fe1\u91d1","2892         \u7b2c\u4e00\u91d1","5880         \u5408\u5eab\u91d1","2881         \u5bcc\u90a6\u91d1","2885         \u5143\u5927\u91d1","2887         \u53f0\u65b0\u91d1"],"zmin":-1,"zmax":1,"colorbar":{"x":-0.2}}],"layout":{"autotypenumbers":"strict","colorway":["#636efa","#EF553B","#00cc96","#ab63fa","#FFA15A","#19d3f3","#FF6692","#B6E880","#FF97FF","#FECB52"],"font":{"color":"#f2f5fa","family":"Courier New"},"hovermode":"closest","hoverlabel":{"align":"left"},"paper_bgcolor":"rgb(17,17,17)","plot_bgcolor":"rgb(17,17,17)","polar":{"bgcolor":"rgb(17,17,17)","angularaxis":{"gridcolor":"#506784","linecolor":"#506784","ticks":""},"radialaxis":{"gridcolor":"#506784","linecolor":"#506784","ticks":""}},"ternary":{"bgcolor":"rgb(17,17,17)","aaxis":{"gridcolor":"#506784","linecolor":"#506784","ticks":""},"baxis":{"gridcolor":"#506784","linecolor":"#506784","ticks":""},"caxis":{"gridcolor":"#506784","linecolor":"#506784","ticks":""}},"coloraxis":{"colorbar":{"outlinewidth":0,"ticks":""}},"colorscale":{"sequential":[[0.0,"#0d0887"],[0.1111111111111111,"#46039f"],[0.2222222222222222,"#7201a8"],[0.3333333333333333,"#9c179e"],[0.4444444444444444,"#bd3786"],[0.5555555555555556,"#d8576b"],[0.6666666666666666,"#ed7953"],[0.7777777777777778,"#fb9f3a"],[0.8888888888888888,"#fdca26"],[1.0,"#f0f921"]],"sequentialminus":[[0.0,"#0d0887"],[0.1111111111111111,"#46039f"],[0.2222222222222222,"#7201a8"],[0.3333333333333333,"#9c179e"],[0.4444444444444444,"#bd3786"],[0.5555555555555556,"#d8576b"],[0.6666666666666666,"#ed7953"],[0.7777777777777778,"#fb9f3a"],[0.8888888888888888,"#fdca26"],[1.0,"#f0f921"]],"diverging":[[0,"#8e0152"],[0.1,"#c51b7d"],[0.2,"#de77ae"],[0.3,"#f1b6da"],[0.4,"#fde0ef"],[0.5,"#f7f7f7"],[0.6,"#e6f5d0"],[0.7,"#b8e186"],[0.8,"#7fbc41"],[0.9,"#4d9221"],[1,"#276419"]]},"xaxis":{"gridcolor":"rgba(0, 0, 0, 0)","linecolor":"#506784","ticks":"","title":{"standoff":15},"zerolinecolor":"#283442","automargin":true,"zerolinewidth":2,"tickfont":{"family":"Courier New","size":14},"side":"top","tickangle":-90},"yaxis":{"gridcolor":"rgba(0, 0, 0, 0)","linecolor":"#506784","ticks":"","title":{"standoff":15},"zerolinecolor":"#283442","automargin":true,"zerolinewidth":2,"tickfont":{"family":"Courier New"},"side":"right"},"scene":{"xaxis":{"backgroundcolor":"rgb(17,17,17)","gridcolor":"#506784","linecolor":"#506784","showbackground":true,"ticks":"","zerolinecolor":"#C8D4E3","gridwidth":2},"yaxis":{"backgroundcolor":"rgb(17,17,17)","gridcolor":"#506784","linecolor":"#506784","showbackground":true,"ticks":"","zerolinecolor":"#C8D4E3","gridwidth":2},"zaxis":{"backgroundcolor":"rgb(17,17,17)","gridcolor":"#506784","linecolor":"#506784","showbackground":true,"ticks":"","zerolinecolor":"#C8D4E3","gridwidth":2}},"shapedefaults":{"line":{"color":"#f2f5fa"}},"annotationdefaults":{"arrowcolor":"#f2f5fa","arrowhead":0,"arrowwidth":1},"geo":{"bgcolor":"rgb(17,17,17)","landcolor":"rgb(17,17,17)","subunitcolor":"#506784","showland":true,"showlakes":true,"lakecolor":"rgb(17,17,17)"},"title":{"x":0.05,"font":{"family":"Times New Roman"},"y":0.05,"text":"<b>Correlation of Close<b><br><i>2016-09-23 ~ 2026-04-07<i>"},"updatemenudefaults":{"bgcolor":"#506784","borderwidth":0},"sliderdefaults":{"bgcolor":"#C8D4E3","borderwidth":1,"bordercolor":"rgb(17,17,17)","tickwidth":0},"mapbox":{"style":"dark"},"annotations":[{"text":"<b>@zwindr<b>","textangle":0,"opacity":0.5,"font":{"color":"white","size":12},"xref":"paper","yref":"paper","xanchor":"left","yanchor":"bottom","x":1.0,"y":1.0,"showarrow":false}]},"config":{"responsive":true,"toImageButtonOptions":{"filename":"Correlation of Close_2016-09-23~2026-04-07","scale":5}}};Plotly.newPlot("correlationClose",correlationClose.data,correlationClose.layout||{},correlationClose.config);}else{console.log("style display is none => correlationClose");}