var element = document.getElementById("correlationClose");

if (element.style.display != 'none') {
    var correlationClose = {"data": [{"type": "heatmap", "z": [[1.0, 0.9999999999999981, 1.0, 0.9955416907295367, 0.9955416907295367, 0.9617751103566776, 0.9617751103566776, 0.8978522109794811, 0.8978522109794811, 0.9037240363854672, 0.9949952947986398, 0.9227536405341408, 0.9927342725689801, 0.9923543824297617, 0.9949683955266025, 0.971967957444476, 0.9988984140488294, 0.926041438550464, 0.783720357107315, -0.08680751451664313, 0.9768742381850926, 0.0703741610732579, -0.017020143571559464, -0.2524015965588367, 0.8230666649467019, 0.948497708496877, 0.9060507341395173, 0.9281810342877693, 0.7709500139237537, 0.4880897428218948, 0.6145138989240738, 0.6397302761357462, 0.9290576606062739, 0.8134359333593694, 0.16952526916966554], [0.9999999999999981, 1.0, 0.9999999999999982, 0.9954928321067169, 0.9954928321067169, 0.9611421714306241, 0.9611421714306241, 0.8990830995468906, 0.8990830995468906, 0.9042439954279897, 0.9949726680918696, 0.9219649404781758, 0.9924805131117278, 0.9917916884083976, 0.9949383853277021, 0.9712593793676242, 0.9989008122824808, 0.9265012276298552, 0.8041291337547875, 0.12097366222128962, 0.9679473803337815, -0.09624651460326974, -0.009615048654654177, -0.25268847685694024, 0.6479194746047262, 0.9485211624112557, 0.8784398119209709, 0.9226996084475552, 0.7838870104633135, 0.4796423805055735, 0.6114752488449339, 0.6671656087413705, 0.9261993322497287, 0.6614176135750751, 0.16579173139295184], [1.0, 0.9999999999999982, 1.0, 0.9955416907295367, 0.9955416907295367, 0.9617751103566776, 0.9617751103566776, 0.8978522109794811, 0.8978522109794811, 0.9037240363854672, 0.9949952947986398, 0.9227536405341408, 0.9927342725689801, 0.9923543824297617, 0.9949683955266025, 0.971967957444476, 0.9988984140488294, 0.926041438550464, 0.783720357107315, -0.08680751451664313, 0.9768742381850926, 0.0703741610732579, -0.017020143571559464, -0.2524015965588367, 0.8230666649467019, 0.948497708496877, 0.9060507341395173, 0.9281810342877693, 0.7709500139237537, 0.4880897428218948, 0.6145138989240738, 0.6397302761357462, 0.9290576606062739, 0.8134359333593694, 0.16952526916966554], [0.9955416907295367, 0.9954928321067169, 0.9955416907295367, 1.0, 1.0, 0.9487180668015842, 0.9487180668015842, 0.8837325263975248, 0.8837325263975248, 0.893645052252038, 0.999471897805449, 0.9153126340130504, 0.9884221921068249, 0.984245087717135, 0.9994133413775919, 0.9544584698614292, 0.9947888840859481, 0.9068202122812704, 0.7629027550086497, -0.0927647303293871, 0.9888060230148427, 0.09072393675909927, -0.048803689847356294, -0.2557458908310873, 0.8224801222687597, 0.9418792583021122, 0.9111700927014998, 0.9175202144836592, 0.7822979562190492, 0.5150544497472525, 0.6090365057122116, 0.6137834009717289, 0.9223317463802861, 0.8033107814033371, 0.18174895545764702], [0.9955416907295367, 0.9954928321067169, 0.9955416907295367, 1.0, 1.0, 0.9487180668015842, 0.9487180668015842, 0.8837325263975248, 0.8837325263975248, 0.893645052252038, 0.999471897805449, 0.9153126340130504, 0.9884221921068249, 0.984245087717135, 0.9994133413775919, 0.9544584698614292, 0.9947888840859481, 0.9068202122812704, 0.7629027550086497, -0.0927647303293871, 0.9888060230148427, 0.09072393675909927, -0.048803689847356294, -0.2557458908310873, 0.8224801222687597, 0.9418792583021122, 0.9111700927014998, 0.9175202144836592, 0.7822979562190492, 0.5150544497472525, 0.6090365057122116, 0.6137834009717289, 0.9223317463802861, 0.8033107814033371, 0.18174895545764702], [0.9617751103566776, 0.9611421714306241, 0.9617751103566776, 0.9487180668015842, 0.9487180668015842, 1.0, 1.0, 0.9244421523077653, 0.9244421523077653, 0.8779291817584083, 0.9517380386348843, 0.8914795678312335, 0.97627901008317, 0.9749416731974985, 0.9514144845300527, 0.998993237360111, 0.9722521202488094, 0.9196597835675532, 0.6283176513677476, -0.030691331196711972, 0.9331992123262342, 0.25079903273443926, -0.2195477739970449, -0.10808251937901513, 0.8939927153759246, 0.9076274487259863, 0.9255791925580129, 0.8961296641191406, 0.7296258445252926, 0.7101948653160703, 0.7260238124720988, 0.7153088871421538, 0.8477012589112786, 0.8477271450019032, 0.4603394366856919], [0.9617751103566776, 0.9611421714306241, 0.9617751103566776, 0.9487180668015842, 0.9487180668015842, 1.0, 1.0, 0.9244421523077653, 0.9244421523077653, 0.8779291817584083, 0.9517380386348843, 0.8914795678312335, 0.97627901008317, 0.9749416731974985, 0.9514144845300527, 0.998993237360111, 0.9722521202488094, 0.9196597835675532, 0.6283176513677476, -0.030691331196711972, 0.9331992123262342, 0.25079903273443926, -0.2195477739970449, -0.10808251937901513, 0.8939927153759246, 0.9076274487259863, 0.9255791925580129, 0.8961296641191406, 0.7296258445252926, 0.7101948653160703, 0.7260238124720988, 0.7153088871421538, 0.8477012589112786, 0.8477271450019032, 0.4603394366856919], [0.8978522109794811, 0.8990830995468906, 0.8978522109794811, 0.8837325263975248, 0.8837325263975248, 0.9244421523077653, 0.9244421523077653, 1.0, 1.0, 0.8580962878614184, 0.938696303922825, 0.8554932270097687, 0.9475125174816399, 0.942660420657944, 0.9383700509233097, 0.9252720552300159, 0.9408198517198472, 0.9725688715364464, 0.5639263088107745, 0.089801976231908, 0.8411079647026619, 0.50240278937177, -0.24448727457210603, 0.03307538549569918, 0.7847162001542675, 0.8013817247120584, 0.8627266801836048, 0.8427537108211104, 0.742533532888293, 0.8693773746572501, 0.7695017537800556, 0.7197782506599187, 0.7732992354205337, 0.8353899078137846, 0.7991044534724453], [0.8978522109794811, 0.8990830995468906, 0.8978522109794811, 0.8837325263975248, 0.8837325263975248, 0.9244421523077653, 0.9244421523077653, 1.0, 1.0, 0.8580962878614184, 0.938696303922825, 0.8554932270097687, 0.9475125174816399, 0.942660420657944, 0.9383700509233097, 0.9252720552300159, 0.9408198517198472, 0.9725688715364464, 0.5639263088107745, 0.089801976231908, 0.8411079647026619, 0.50240278937177, -0.24448727457210603, 0.03307538549569918, 0.7847162001542675, 0.8013817247120584, 0.8627266801836048, 0.8427537108211104, 0.742533532888293, 0.8693773746572501, 0.7695017537800556, 0.7197782506599187, 0.7732992354205337, 0.8353899078137846, 0.7991044534724453], [0.9037240363854672, 0.9042439954279897, 0.9037240363854672, 0.893645052252038, 0.893645052252038, 0.8779291817584083, 0.8779291817584083, 0.8580962878614184, 0.8580962878614184, 1.0, 0.8887142673827191, 0.9999757713009334, 0.8680205515013485, 0.8308430039745804, 0.890028183961173, 0.8800342500652368, 0.9004247342339375, 0.8835549938492174, 0.7587219049269858, 0.23656294814740886, 0.8810452687012386, 0.7415059226771459, -0.2978119203106342, 0.3967315347720309, 0.8496290177456973, 0.7682974690967465, 0.855164727166895, 0.8381271102833566, 0.7309406008858974, 0.7320260642270909, 0.8022926041529449, 0.784442391478903, 0.8177498546954398, 0.8612710073458077, 0.7675226369894328], [0.9949952947986398, 0.9949726680918696, 0.9949952947986398, 0.999471897805449, 0.999471897805449, 0.9517380386348843, 0.9517380386348843, 0.938696303922825, 0.938696303922825, 0.8887142673827191, 1.0, 0.888490771772114, 0.9881360040887277, 0.9844850824864931, 0.9999146291852997, 0.9520817776032693, 0.9938667678525783, 0.9242539486520059, 0.8443565463426754, 0.14775168755052226, 0.9956642338234815, 0.8527366421688811, -0.4337833732061023, 0.3621856428289282, 0.8620337633480529, 0.9149708643578512, 0.941429703578886, 0.9131524072481724, 0.8054790327161846, 0.8934006612312686, 0.8726336657295177, 0.8134125514277406, 0.8965176688556281, 0.9424428818704085, 0.7794076643578718], [0.9227536405341408, 0.9219649404781758, 0.9227536405341408, 0.9153126340130504, 0.9153126340130504, 0.8914795678312335, 0.8914795678312335, 0.8554932270097687, 0.8554932270097687, 0.9999757713009334, 0.888490771772114, 1.0, 0.8653531705252832, 0.8273705176936361, 0.8877824801758291, 0.8922063926365471, 0.9040447870770609, 0.8783892322417575, 0.7055986308630536, 0.0046063141687966895, 0.9004650092588938, 0.5798736120901664, -0.21590145835446767, -0.23657003609107125, 0.858515235519091, 0.814179089368387, 0.8356516095780159, 0.85747764335493, 0.7738277101154124, 0.7325764443876718, 0.7752567787386112, 0.7128245967772964, 0.8525483677430582, 0.7533157866435024, 0.7282589177353918], [0.9927342725689801, 0.9924805131117278, 0.9927342725689801, 0.9884221921068249, 0.9884221921068249, 0.97627901008317, 0.97627901008317, 0.9475125174816399, 0.9475125174816399, 0.8680205515013485, 0.9881360040887277, 0.8653531705252832, 1.0, 0.9996923450045587, 0.988092717380501, 0.9744855039525487, 0.9899195005719194, 0.9199443570367599, 0.8128909636314795, 0.18508911712010825, 0.9857418798184037, 0.8770206738308624, -0.6172209666890812, 0.439332215893064, 0.8425064203051545, 0.927234210728035, 0.9579990331174417, 0.9078131306056879, 0.7302450883413418, 0.8937759012255346, 0.8529819414358428, 0.8046265209988701, 0.8779936424815238, 0.9628562845450978, 0.8145303993139031], [0.9923543824297617, 0.9917916884083976, 0.9923543824297617, 0.984245087717135, 0.984245087717135, 0.9749416731974985, 0.9749416731974985, 0.942660420657944, 0.942660420657944, 0.8308430039745804, 0.9844850824864931, 0.8273705176936361, 0.9996923450045587, 1.0, 0.9846122550001892, 0.9720665726721792, 0.9882343312615117, 0.90724245901322, 0.8315502230921498, 0.0641081326038259, 0.9800646883428517, 0.8858652061870252, -0.8246090195759835, 0.4857750847907917, 0.7991639467442113, 0.9325520196347702, 0.9557096378381978, 0.8943663713127032, 0.6472932330373303, 0.904129957459551, 0.8399762577226366, 0.7556470543199388, 0.9103768988340945, 0.9651478738250868, 0.783216825834547], [0.9949683955266025, 0.9949383853277021, 0.9949683955266025, 0.9994133413775919, 0.9994133413775919, 0.9514144845300527, 0.9514144845300527, 0.9383700509233097, 0.9383700509233097, 0.890028183961173, 0.9999146291852997, 0.8877824801758291, 0.988092717380501, 0.9846122550001892, 1.0, 0.9518967204084543, 0.9938685222780341, 0.9243921141753644, 0.8456681249721276, 0.14689238340643085, 0.9955430847522868, 0.8523398698847963, -0.43135124431855165, 0.36086819634605094, 0.8616779961310794, 0.9129709021696795, 0.9404288538947839, 0.9136516141114167, 0.8070476814699501, 0.8929450367686387, 0.8738002366046306, 0.8142846779914427, 0.8963692274445683, 0.9422176992440136, 0.7790985402054803], [0.971967957444476, 0.9712593793676242, 0.971967957444476, 0.9544584698614292, 0.9544584698614292, 0.998993237360111, 0.998993237360111, 0.9252720552300159, 0.9252720552300159, 0.8800342500652368, 0.9520817776032693, 0.8922063926365471, 0.9744855039525487, 0.9720665726721792, 0.9518967204084543, 1.0, 0.9738313762735927, 0.9193164130011179, 0.6772300436712486, -0.012006288275251471, 0.9438587800007422, 0.5810243351911288, -0.35316443984360385, -0.1615423206953456, 0.9066658419324496, 0.9175956922866604, 0.9210379995117239, 0.9044043793327448, 0.7698802212531127, 0.8354340841938851, 0.7759030913475057, 0.7727798761648309, 0.871533210383151, 0.84484297911757, 0.7872391177275758], [0.9988984140488294, 0.9989008122824808, 0.9988984140488294, 0.9947888840859481, 0.9947888840859481, 0.9722521202488094, 0.9722521202488094, 0.9408198517198472, 0.9408198517198472, 0.9004247342339375, 0.9938667678525783, 0.9040447870770609, 0.9899195005719194, 0.9882343312615117, 0.9938685222780341, 0.9738313762735927, 1.0, 0.9410741793014566, 0.8507852700424302, 0.1474342179779078, 0.9868959790728625, 0.822447715746203, -0.4146399687529566, 0.3748018045069541, 0.8960898337267772, 0.926943758335512, 0.9454211458344319, 0.9376194622551083, 0.8259360125541876, 0.8817592986119568, 0.8992798279144003, 0.8440227664611392, 0.9084746808970748, 0.9472728390561881, 0.8353854911306144], [0.926041438550464, 0.9265012276298552, 0.926041438550464, 0.9068202122812704, 0.9068202122812704, 0.9196597835675532, 0.9196597835675532, 0.9725688715364464, 0.9725688715364464, 0.8835549938492174, 0.9242539486520059, 0.8783892322417575, 0.9199443570367599, 0.90724245901322, 0.9243921141753644, 0.9193164130011179, 0.9410741793014566, 1.0, 0.7297870255588367, 0.010625656249568894, 0.8698230998375335, 0.5128719571585139, -0.1389174743379894, -0.20229770414396847, 0.8230718073228047, 0.8283787378775668, 0.8295705236108885, 0.9124806960025184, 0.8306391425820739, 0.7966059100965338, 0.7439145266736453, 0.7020045056707185, 0.8375982499978155, 0.7655682489991978, 0.8466579515476217], [0.783720357107315, 0.8041291337547875, 0.783720357107315, 0.7629027550086497, 0.7629027550086497, 0.6283176513677476, 0.6283176513677476, 0.5639263088107745, 0.5639263088107745, 0.7587219049269858, 0.8443565463426754, 0.7055986308630536, 0.8128909636314795, 0.8315502230921498, 0.8456681249721276, 0.6772300436712486, 0.8507852700424302, 0.7297870255588367, 1.0, 0.05698947446103255, 0.7255177034634764, -0.4300548047708402, 0.3761553482714425, -0.6613237537963994, 0.33555877224299563, 0.7956017070634168, 0.4869071544655035, 0.8305594914848061, 0.6827068423558456, 0.05009959532734131, 0.28179733074295765, 0.5588266770190247, 0.7770024215973933, 0.4537820929274042, -0.1691648524388839], [-0.08680751451664313, 0.12097366222128962, -0.08680751451664313, -0.0927647303293871, -0.0927647303293871, -0.030691331196711972, -0.030691331196711972, 0.089801976231908, 0.089801976231908, 0.23656294814740886, 0.14775168755052226, 0.0046063141687966895, 0.18508911712010825, 0.0641081326038259, 0.14689238340643085, -0.012006288275251471, 0.1474342179779078, 0.010625656249568894, 0.05698947446103255, 1.0, -0.05328024569807571, 0.13370854924575082, 0.1233234186818603, 0.7521778047584585, -0.07870440611615417, 0.03287750370311316, 0.027881857635105946, 0.19368016434202046, 0.032388502728608666, 0.10993994001315202, 0.38065648123798285, 0.5863796698729126, -0.08541141620950773, 0.14005250822688176, 0.17222107501907016], [0.9768742381850926, 0.9679473803337815, 0.9768742381850926, 0.9888060230148427, 0.9888060230148427, 0.9331992123262342, 0.9331992123262342, 0.8411079647026619, 0.8411079647026619, 0.8810452687012386, 0.9956642338234815, 0.9004650092588938, 0.9857418798184037, 0.9800646883428517, 0.9955430847522868, 0.9438587800007422, 0.9868959790728625, 0.8698230998375335, 0.7255177034634764, -0.05328024569807571, 1.0, 0.0003337978213018923, -0.11226579268824267, -0.31429136946939407, 0.6845982412220215, 0.9254945666943598, 0.8950517332177859, 0.8601927885878314, 0.7512000963280064, 0.5124911532467998, 0.572872763503689, 0.5414195154785374, 0.9008437518033989, 0.6390539110025882, 0.16032319760601388], [0.0703741610732579, -0.09624651460326974, 0.0703741610732579, 0.09072393675909927, 0.09072393675909927, 0.25079903273443926, 0.25079903273443926, 0.50240278937177, 0.50240278937177, 0.7415059226771459, 0.8527366421688811, 0.5798736120901664, 0.8770206738308624, 0.8858652061870252, 0.8523398698847963, 0.5810243351911288, 0.822447715746203, 0.5128719571585139, -0.4300548047708402, 0.13370854924575082, 0.0003337978213018923, 1.0, -0.42759697850946005, 0.7712461102268661, 0.36253774527519456, -0.04354666372736145, 0.2573817533208125, -0.15390746748492987, 0.02417373680106901, 0.5611829515866655, 0.44950301039931134, 0.18181921884346924, -0.07594879355272192, 0.35774081194076585, 0.4635815730179285], [-0.017020143571559464, -0.009615048654654177, -0.017020143571559464, -0.048803689847356294, -0.048803689847356294, -0.2195477739970449, -0.2195477739970449, -0.24448727457210603, -0.24448727457210603, -0.2978119203106342, -0.4337833732061023, -0.21590145835446767, -0.6172209666890812, -0.8246090195759835, -0.43135124431855165, -0.35316443984360385, -0.4146399687529566, -0.1389174743379894, 0.3761553482714425, 0.1233234186818603, -0.11226579268824267, -0.42759697850946005, 1.0, -0.04443540935724869, -0.1336592297237217, -0.06383512112242504, -0.2522867872477136, 0.01167224442264213, -0.024889741184207084, -0.5391332124977959, -0.16140976141755714, 0.0005190367286159311, 0.021334456174476032, -0.16341529015861342, -0.40076846586128395], [-0.2524015965588367, -0.25268847685694024, -0.2524015965588367, -0.2557458908310873, -0.2557458908310873, -0.10808251937901513, -0.10808251937901513, 0.03307538549569918, 0.03307538549569918, 0.3967315347720309, 0.3621856428289282, -0.23657003609107125, 0.439332215893064, 0.4857750847907917, 0.36086819634605094, -0.1615423206953456, 0.3748018045069541, -0.20229770414396847, -0.6613237537963994, 0.7521778047584585, -0.31429136946939407, 0.7712461102268661, -0.04443540935724869, 1.0, -0.099736502255556, -0.29767241340803974, -0.0528894503368643, -0.3502860163401104, -0.3273555941654546, 0.10127809782190447, 0.1775382166259193, 0.2715339393375106, -0.38269202423834603, 0.13745246466326633, 0.10336476868584786], [0.8230666649467019, 0.6479194746047262, 0.8230666649467019, 0.8224801222687597, 0.8224801222687597, 0.8939927153759246, 0.8939927153759246, 0.7847162001542675, 0.7847162001542675, 0.8496290177456973, 0.8620337633480529, 0.858515235519091, 0.8425064203051545, 0.7991639467442113, 0.8616779961310794, 0.9066658419324496, 0.8960898337267772, 0.8230718073228047, 0.33555877224299563, -0.07870440611615417, 0.6845982412220215, 0.36253774527519456, -0.1336592297237217, -0.099736502255556, 1.0, 0.608002887186289, 0.8423916734991402, 0.48160276581270456, 0.6160772698044216, 0.5314156912432919, 0.6467519565545449, 0.417076036171567, 0.6974010625539839, 0.6987087782059221, 0.4104508532760215], [0.948497708496877, 0.9485211624112557, 0.948497708496877, 0.9418792583021122, 0.9418792583021122, 0.9076274487259863, 0.9076274487259863, 0.8013817247120584, 0.8013817247120584, 0.7682974690967465, 0.9149708643578512, 0.814179089368387, 0.927234210728035, 0.9325520196347702, 0.9129709021696795, 0.9175956922866604, 0.926943758335512, 0.8283787378775668, 0.7956017070634168, 0.03287750370311316, 0.9254945666943598, -0.04354666372736145, -0.06383512112242504, -0.29767241340803974, 0.608002887186289, 1.0, 0.8316327331167527, 0.8556658247351877, 0.7095970527774382, 0.3690980960495241, 0.4952321946249704, 0.5962578697683651, 0.8981783895591894, 0.6237732387681447, 0.06091606947599496], [0.9060507341395173, 0.8784398119209709, 0.9060507341395173, 0.9111700927014998, 0.9111700927014998, 0.9255791925580129, 0.9255791925580129, 0.8627266801836048, 0.8627266801836048, 0.855164727166895, 0.941429703578886, 0.8356516095780159, 0.9579990331174417, 0.9557096378381978, 0.9404288538947839, 0.9210379995117239, 0.9454211458344319, 0.8295705236108885, 0.4869071544655035, 0.027881857635105946, 0.8950517332177859, 0.2573817533208125, -0.2522867872477136, -0.0528894503368643, 0.8423916734991402, 0.8316327331167527, 1.0, 0.73637806782365, 0.5863043173551571, 0.5505423397476965, 0.5785032437381351, 0.5296835621568616, 0.8026685512705568, 0.8186252149598011, 0.2066408123918014], [0.9281810342877693, 0.9226996084475552, 0.9281810342877693, 0.9175202144836592, 0.9175202144836592, 0.8961296641191406, 0.8961296641191406, 0.8427537108211104, 0.8427537108211104, 0.8381271102833566, 0.9131524072481724, 0.85747764335493, 0.9078131306056879, 0.8943663713127032, 0.9136516141114167, 0.9044043793327448, 0.9376194622551083, 0.9124806960025184, 0.8305594914848061, 0.19368016434202046, 0.8601927885878314, -0.15390746748492987, 0.01167224442264213, -0.3502860163401104, 0.48160276581270456, 0.8556658247351877, 0.73637806782365, 1.0, 0.9018680372677438, 0.5087401919149804, 0.6721321204593624, 0.6640893437049752, 0.8718404723610599, 0.47834653120929144, 0.28968463398096145], [0.7709500139237537, 0.7838870104633135, 0.7709500139237537, 0.7822979562190492, 0.7822979562190492, 0.7296258445252926, 0.7296258445252926, 0.742533532888293, 0.742533532888293, 0.7309406008858974, 0.8054790327161846, 0.7738277101154124, 0.7302450883413418, 0.6472932330373303, 0.8070476814699501, 0.7698802212531127, 0.8259360125541876, 0.8306391425820739, 0.6827068423558456, 0.032388502728608666, 0.7512000963280064, 0.02417373680106901, -0.024889741184207084, -0.3273555941654546, 0.6160772698044216, 0.7095970527774382, 0.5863043173551571, 0.9018680372677438, 1.0, 0.5513088847841834, 0.6543912851652129, 0.6049251164011117, 0.7167627665576958, 0.5604309982305078, 0.4698315807120429], [0.4880897428218948, 0.4796423805055735, 0.4880897428218948, 0.5150544497472525, 0.5150544497472525, 0.7101948653160703, 0.7101948653160703, 0.8693773746572501, 0.8693773746572501, 0.7320260642270909, 0.8934006612312686, 0.7325764443876718, 0.8937759012255346, 0.904129957459551, 0.8929450367686387, 0.8354340841938851, 0.8817592986119568, 0.7966059100965338, 0.05009959532734131, 0.10993994001315202, 0.5124911532467998, 0.5611829515866655, -0.5391332124977959, 0.10127809782190447, 0.5314156912432919, 0.3690980960495241, 0.5505423397476965, 0.5087401919149804, 0.5513088847841834, 1.0, 0.7337100197401896, 0.3708177082936584, 0.4442792853976139, 0.535313295812476, 0.7808500075707981], [0.6145138989240738, 0.6114752488449339, 0.6145138989240738, 0.6090365057122116, 0.6090365057122116, 0.7260238124720988, 0.7260238124720988, 0.7695017537800556, 0.7695017537800556, 0.8022926041529449, 0.8726336657295177, 0.7752567787386112, 0.8529819414358428, 0.8399762577226366, 0.8738002366046306, 0.7759030913475057, 0.8992798279144003, 0.7439145266736453, 0.28179733074295765, 0.38065648123798285, 0.572872763503689, 0.44950301039931134, -0.16140976141755714, 0.1775382166259193, 0.6467519565545449, 0.4952321946249704, 0.5785032437381351, 0.6721321204593624, 0.6543912851652129, 0.7337100197401896, 1.0, 0.7778717993808405, 0.46914167069900437, 0.7158392389474226, 0.5472036581694577], [0.6397302761357462, 0.6671656087413705, 0.6397302761357462, 0.6137834009717289, 0.6137834009717289, 0.7153088871421538, 0.7153088871421538, 0.7197782506599187, 0.7197782506599187, 0.784442391478903, 0.8134125514277406, 0.7128245967772964, 0.8046265209988701, 0.7556470543199388, 0.8142846779914427, 0.7727798761648309, 0.8440227664611392, 0.7020045056707185, 0.5588266770190247, 0.5863796698729126, 0.5414195154785374, 0.18181921884346924, 0.0005190367286159311, 0.2715339393375106, 0.417076036171567, 0.5962578697683651, 0.5296835621568616, 0.6640893437049752, 0.6049251164011117, 0.3708177082936584, 0.7778717993808405, 1.0, 0.48539487334499065, 0.6645459320272327, 0.19536530140572042], [0.9290576606062739, 0.9261993322497287, 0.9290576606062739, 0.9223317463802861, 0.9223317463802861, 0.8477012589112786, 0.8477012589112786, 0.7732992354205337, 0.7732992354205337, 0.8177498546954398, 0.8965176688556281, 0.8525483677430582, 0.8779936424815238, 0.9103768988340945, 0.8963692274445683, 0.871533210383151, 0.9084746808970748, 0.8375982499978155, 0.7770024215973933, -0.08541141620950773, 0.9008437518033989, -0.07594879355272192, 0.021334456174476032, -0.38269202423834603, 0.6974010625539839, 0.8981783895591894, 0.8026685512705568, 0.8718404723610599, 0.7167627665576958, 0.4442792853976139, 0.46914167069900437, 0.48539487334499065, 1.0, 0.709876993041986, 0.15802203562706998], [0.8134359333593694, 0.6614176135750751, 0.8134359333593694, 0.8033107814033371, 0.8033107814033371, 0.8477271450019032, 0.8477271450019032, 0.8353899078137846, 0.8353899078137846, 0.8612710073458077, 0.9424428818704085, 0.7533157866435024, 0.9628562845450978, 0.9651478738250868, 0.9422176992440136, 0.84484297911757, 0.9472728390561881, 0.7655682489991978, 0.4537820929274042, 0.14005250822688176, 0.6390539110025882, 0.35774081194076585, -0.16341529015861342, 0.13745246466326633, 0.6987087782059221, 0.6237732387681447, 0.8186252149598011, 0.47834653120929144, 0.5604309982305078, 0.535313295812476, 0.7158392389474226, 0.6645459320272327, 0.709876993041986, 1.0, 0.16695897951512603], [0.16952526916966554, 0.16579173139295184, 0.16952526916966554, 0.18174895545764702, 0.18174895545764702, 0.4603394366856919, 0.4603394366856919, 0.7991044534724453, 0.7991044534724453, 0.7675226369894328, 0.7794076643578718, 0.7282589177353918, 0.8145303993139031, 0.783216825834547, 0.7790985402054803, 0.7872391177275758, 0.8353854911306144, 0.8466579515476217, -0.1691648524388839, 0.17222107501907016, 0.16032319760601388, 0.4635815730179285, -0.40076846586128395, 0.10336476868584786, 0.4104508532760215, 0.06091606947599496, 0.2066408123918014, 0.28968463398096145, 0.4698315807120429, 0.7808500075707981, 0.5472036581694577, 0.19536530140572042, 0.15802203562706998, 0.16695897951512603, 1.0]], "x": ["^TAIEX       \u81fa\u7063\u52a0\u6b0a\u5831\u916c\u6307\u6578", "^TWII        \u81fa\u7063\u52a0\u6b0a\u6307\u6578", "^TAIEXx2     \u81fa\u7063\u52a0\u6b0a\u5831\u916c\u6307\u6578_\u65e5\u6b632", "^TAI50I      \u81fa\u706350\u5831\u916c\u6307\u6578", "^TAI50Ix2    \u81fa\u706350\u5831\u916c\u6307\u6578_\u65e5\u6b632", "^TAI100I     \u81fa\u7063\u4e2d\u578b100\u5831\u916c\u6307\u6578", "^TAI100Ix2   \u81fa\u7063\u4e2d\u578b100\u5831\u916c\u6307\u6578_\u65e5\u6b632", "^TAIDIVIDI   \u81fa\u7063\u9ad8\u80a1\u606f\u5831\u916c\u6307\u6578", "^TAIDIVIDIx2 \u81fa\u7063\u9ad8\u80a1\u606f\u5831\u916c\u6307\u6578_\u65e5\u6b632", "0050Fund     \u5143\u5927\u53f0\u7063\u5353\u8d8a50\u57fa\u91d1", "006208Fund   \u5bcc\u90a6\u53f0\u7063\u91c6\u540950\u57fa\u91d1", "0050         \u5143\u5927\u81fa\u706350", "00631L       \u5143\u5927\u53f0\u706350\u6b632", "00675L       \u5bcc\u90a6\u81fa\u7063\u52a0\u6b0a\u6b632", "006208       \u5bcc\u90a6\u53f050", "0051         \u5143\u5927\u4e2d\u578b100", "006204       \u6c38\u8c50\u81fa\u7063\u52a0\u6b0a", "0056         \u5143\u5927\u9ad8\u80a1\u606f", "2412         \u4e2d\u83ef\u96fb\u4fe1", "2002         \u4e2d\u92fc", "2330         \u53f0\u7a4d\u96fb", "2317         \u9d3b\u6d77", "6505         \u53f0\u5851\u77f3\u5316", "3481         \u7fa4\u5275", "2303         \u806f\u96fb", "2308         \u53f0\u9054\u96fb", "2454         \u806f\u767c\u79d1", "2886         \u5146\u8c50\u91d1", "2884         \u7389\u5c71\u91d1", "2891         \u4e2d\u4fe1\u91d1", "2892         \u7b2c\u4e00\u91d1", "5880         \u5408\u5eab\u91d1", "2881         \u5bcc\u90a6\u91d1", "2885         \u5143\u5927\u91d1", "2887         \u53f0\u65b0\u91d1"], "y": ["^TAIEX       \u81fa\u7063\u52a0\u6b0a\u5831\u916c\u6307\u6578", "^TWII        \u81fa\u7063\u52a0\u6b0a\u6307\u6578", "^TAIEXx2     \u81fa\u7063\u52a0\u6b0a\u5831\u916c\u6307\u6578_\u65e5\u6b632", "^TAI50I      \u81fa\u706350\u5831\u916c\u6307\u6578", "^TAI50Ix2    \u81fa\u706350\u5831\u916c\u6307\u6578_\u65e5\u6b632", "^TAI100I     \u81fa\u7063\u4e2d\u578b100\u5831\u916c\u6307\u6578", "^TAI100Ix2   \u81fa\u7063\u4e2d\u578b100\u5831\u916c\u6307\u6578_\u65e5\u6b632", "^TAIDIVIDI   \u81fa\u7063\u9ad8\u80a1\u606f\u5831\u916c\u6307\u6578", "^TAIDIVIDIx2 \u81fa\u7063\u9ad8\u80a1\u606f\u5831\u916c\u6307\u6578_\u65e5\u6b632", "0050Fund     \u5143\u5927\u53f0\u7063\u5353\u8d8a50\u57fa\u91d1", "006208Fund   \u5bcc\u90a6\u53f0\u7063\u91c6\u540950\u57fa\u91d1", "0050         \u5143\u5927\u81fa\u706350", "00631L       \u5143\u5927\u53f0\u706350\u6b632", "00675L       \u5bcc\u90a6\u81fa\u7063\u52a0\u6b0a\u6b632", "006208       \u5bcc\u90a6\u53f050", "0051         \u5143\u5927\u4e2d\u578b100", "006204       \u6c38\u8c50\u81fa\u7063\u52a0\u6b0a", "0056         \u5143\u5927\u9ad8\u80a1\u606f", "2412         \u4e2d\u83ef\u96fb\u4fe1", "2002         \u4e2d\u92fc", "2330         \u53f0\u7a4d\u96fb", "2317         \u9d3b\u6d77", "6505         \u53f0\u5851\u77f3\u5316", "3481         \u7fa4\u5275", "2303         \u806f\u96fb", "2308         \u53f0\u9054\u96fb", "2454         \u806f\u767c\u79d1", "2886         \u5146\u8c50\u91d1", "2884         \u7389\u5c71\u91d1", "2891         \u4e2d\u4fe1\u91d1", "2892         \u7b2c\u4e00\u91d1", "5880         \u5408\u5eab\u91d1", "2881         \u5bcc\u90a6\u91d1", "2885         \u5143\u5927\u91d1", "2887         \u53f0\u65b0\u91d1"], "zmin": -1, "zmax": 1, "colorbar": {"x": -0.2}}], "layout": {"autotypenumbers": "strict", "colorway": ["#636efa", "#EF553B", "#00cc96", "#ab63fa", "#FFA15A", "#19d3f3", "#FF6692", "#B6E880", "#FF97FF", "#FECB52"], "font": {"color": "#f2f5fa", "family": "Courier New"}, "hovermode": "closest", "hoverlabel": {"align": "left"}, "paper_bgcolor": "rgb(17,17,17)", "plot_bgcolor": "rgb(17,17,17)", "polar": {"bgcolor": "rgb(17,17,17)", "angularaxis": {"gridcolor": "#506784", "linecolor": "#506784", "ticks": ""}, "radialaxis": {"gridcolor": "#506784", "linecolor": "#506784", "ticks": ""}}, "ternary": {"bgcolor": "rgb(17,17,17)", "aaxis": {"gridcolor": "#506784", "linecolor": "#506784", "ticks": ""}, "baxis": {"gridcolor": "#506784", "linecolor": "#506784", "ticks": ""}, "caxis": {"gridcolor": "#506784", "linecolor": "#506784", "ticks": ""}}, "coloraxis": {"colorbar": {"outlinewidth": 0, "ticks": ""}}, "colorscale": {"sequential": [[0.0, "#0d0887"], [0.1111111111111111, "#46039f"], [0.2222222222222222, "#7201a8"], [0.3333333333333333, "#9c179e"], [0.4444444444444444, "#bd3786"], [0.5555555555555556, "#d8576b"], [0.6666666666666666, "#ed7953"], [0.7777777777777778, "#fb9f3a"], [0.8888888888888888, "#fdca26"], [1.0, "#f0f921"]], "sequentialminus": [[0.0, "#0d0887"], [0.1111111111111111, "#46039f"], [0.2222222222222222, "#7201a8"], [0.3333333333333333, "#9c179e"], [0.4444444444444444, "#bd3786"], [0.5555555555555556, "#d8576b"], [0.6666666666666666, "#ed7953"], [0.7777777777777778, "#fb9f3a"], [0.8888888888888888, "#fdca26"], [1.0, "#f0f921"]], "diverging": [[0, "#8e0152"], [0.1, "#c51b7d"], [0.2, "#de77ae"], [0.3, "#f1b6da"], [0.4, "#fde0ef"], [0.5, "#f7f7f7"], [0.6, "#e6f5d0"], [0.7, "#b8e186"], [0.8, "#7fbc41"], [0.9, "#4d9221"], [1, "#276419"]]}, "xaxis": {"gridcolor": "rgba(0, 0, 0, 0)", "linecolor": "#506784", "ticks": "", "title": {"standoff": 15}, "zerolinecolor": "#283442", "automargin": true, "zerolinewidth": 2, "tickfont": {"family": "Courier New", "size": 14}, "side": "top", "tickangle": -90}, "yaxis": {"gridcolor": "rgba(0, 0, 0, 0)", "linecolor": "#506784", "ticks": "", "title": {"standoff": 15}, "zerolinecolor": "#283442", "automargin": true, "zerolinewidth": 2, "tickfont": {"family": "Courier New"}, "side": "right"}, "scene": {"xaxis": {"backgroundcolor": "rgb(17,17,17)", "gridcolor": "#506784", "linecolor": "#506784", "showbackground": true, "ticks": "", "zerolinecolor": "#C8D4E3", "gridwidth": 2}, "yaxis": {"backgroundcolor": "rgb(17,17,17)", "gridcolor": "#506784", "linecolor": "#506784", "showbackground": true, "ticks": "", "zerolinecolor": "#C8D4E3", "gridwidth": 2}, "zaxis": {"backgroundcolor": "rgb(17,17,17)", "gridcolor": "#506784", "linecolor": "#506784", "showbackground": true, "ticks": "", "zerolinecolor": "#C8D4E3", "gridwidth": 2}}, "shapedefaults": {"line": {"color": "#f2f5fa"}}, "annotationdefaults": {"arrowcolor": "#f2f5fa", "arrowhead": 0, "arrowwidth": 1}, "geo": {"bgcolor": "rgb(17,17,17)", "landcolor": "rgb(17,17,17)", "subunitcolor": "#506784", "showland": true, "showlakes": true, "lakecolor": "rgb(17,17,17)"}, "title": {"x": 0.05, "font": {"family": "Times New Roman"}, "y": 0.05, "text": "<b>Correlation of Close<b><br><i>2016-09-23 ~ 2025-08-18<i>"}, "updatemenudefaults": {"bgcolor": "#506784", "borderwidth": 0}, "sliderdefaults": {"bgcolor": "#C8D4E3", "borderwidth": 1, "bordercolor": "rgb(17,17,17)", "tickwidth": 0}, "mapbox": {"style": "dark"}, "annotations": [{"text": "<b>@zwindr<b>", "textangle": 0, "opacity": 0.5, "font": {"color": "white", "size": 12}, "xref": "paper", "yref": "paper", "xanchor": "left", "yanchor": "bottom", "x": 1.0, "y": 1.0, "showarrow": false}]}, "config": {"responsive": true, "toImageButtonOptions": {"filename": "Correlation of Close_2016-09-23~2025-08-18", "scale": 5}}};

    Plotly.newPlot("correlationClose",
        correlationClose.data,
        correlationClose.layout || {},
        correlationClose.config);
} else {
    // The element with the specified ID does not exist
    console.log("style display is none => correlationClose");
}