var element=document.getElementById("correlationClose");if(element.style.display!='none'){var correlationClose={"data":[{"type":"heatmap","z":[[1.0,0.999999999999998,1.0,0.9956909263724038,0.9956909263724038,0.9796502077914803,0.9796502077914803,0.9360291319313108,0.9360291319313108,0.6553411596982434,0.9965229764148222,0.586727361432114,0.8992392684456127,0.985010862223264,0.9965831891462938,0.9822922455559827,0.999462304993452,0.9176047459241636,0.9176047459241636,0.7402912555170765,-0.23800072490182567,0.9860785858121248,0.35106539585223967,-0.20885169481971508,-0.1248694564231844,0.8684897391474478,0.8986396840656213,0.9233712257851503,0.8713405877314796,0.7677087170515325,0.7449673777553052,0.6605891053050928,0.5617644044209043,0.9248536364081337,0.9057075891318715,0.3953604525224098],[0.999999999999998,1.0,0.999999999999998,0.9956390800975392,0.9956390800975392,0.979359660667543,0.979359660667543,0.9367347139347956,0.9367347139347956,0.6536869550113369,0.99655964561598,0.5839204338979734,0.9010968771877164,0.9848048909834206,0.9966318711869389,0.9822631508391884,0.9994677617007872,0.9178112869584535,0.9178112869584535,0.7544189014664308,-0.03949192798669931,0.9809812503812412,0.09006349159572397,-0.204146387254754,-0.12056537261232768,0.7616499694291271,0.8954134509136862,0.9103867479708125,0.8678116203700185,0.7731867982435057,0.7419041533500205,0.6597989102297291,0.5835443990237785,0.9249535321572225,0.812545812898791,0.39673406180854953],[1.0,0.999999999999998,1.0,0.9956909263724038,0.9956909263724038,0.9796502077914803,0.9796502077914803,0.9360291319313108,0.9360291319313108,0.6553411596982434,0.9965229764148222,0.586727361432114,0.8992392684456127,0.985010862223264,0.9965831891462938,0.9822922455559827,0.999462304993452,0.9176047459241636,0.9176047459241636,0.7402912555170765,-0.23800072490182567,0.9860785858121248,0.35106539585223967,-0.20885169481971508,-0.1248694564231844,0.8684897391474478,0.8986396840656213,0.9233712257851503,0.8713405877314796,0.7677087170515325,0.7449673777553052,0.6605891053050928,0.5617644044209043,0.9248536364081337,0.9057075891318715,0.3953604525224098],[0.9956909263724038,0.9956390800975392,0.9956909263724038,1.0,1.0,0.969522808764629,0.969522808764629,0.9220703668067708,0.9220703668067708,0.6075953523216849,0.9997628357759065,0.5415891489127364,0.9067568784117049,0.9889335860045785,0.9997255971258303,0.9683598775086998,0.9959895288252351,0.8912476838206239,0.8912476838206239,0.7044301001687064,-0.24240220143645688,0.9942665747893905,0.3768835438862715,-0.2380712781826067,-0.11426479192012147,0.8630890943400642,0.9217374752684776,0.9317337524293224,0.840820848393393,0.7552397638323396,0.7698905555070257,0.6457382437052044,0.5230658549956708,0.9059149567827705,0.9024963017452706,0.4124456270279115],[0.9956909263724038,0.9956390800975392,0.9956909263724038,1.0,1.0,0.969522808764629,0.969522808764629,0.9220703668067708,0.9220703668067708,0.6075953523216849,0.9997628357759065,0.5415891489127364,0.9067568784117049,0.9889335860045785,0.9997255971258303,0.9683598775086998,0.9959895288252351,0.8912476838206239,0.8912476838206239,0.7044301001687064,-0.24240220143645688,0.9942665747893905,0.3768835438862715,-0.2380712781826067,-0.11426479192012147,0.8630890943400642,0.9217374752684776,0.9317337524293224,0.840820848393393,0.7552397638323396,0.7698905555070257,0.6457382437052044,0.5230658549956708,0.9059149567827705,0.9024963017452706,0.4124456270279115],[0.9796502077914803,0.979359660667543,0.9796502077914803,0.969522808764629,0.969522808764629,1.0,1.0,0.9530377984012852,0.9530377984012852,0.6449651602115959,0.9682129440946854,0.6139618227300488,0.8722679662448444,0.9515349937743871,0.9681903088115443,0.9992539261198671,0.9834045955177505,0.9255699067100459,0.9255699067100459,0.6543626360472888,-0.20557541126115472,0.9617078506426544,0.45979236764314574,-0.3575743482910644,-0.0381760460213924,0.9056414081573426,0.865442236764958,0.9239281503863831,0.8630154336672816,0.748384227139198,0.8539216593004939,0.7406629669532316,0.6281894956035654,0.8825547523199901,0.9200995028939474,0.6161819555813811],[0.9796502077914803,0.979359660667543,0.9796502077914803,0.969522808764629,0.969522808764629,1.0,1.0,0.9530377984012852,0.9530377984012852,0.6449651602115959,0.9682129440946854,0.6139618227300488,0.8722679662448444,0.9515349937743871,0.9681903088115443,0.9992539261198671,0.9834045955177505,0.9255699067100459,0.9255699067100459,0.6543626360472888,-0.20557541126115472,0.9617078506426544,0.45979236764314574,-0.3575743482910644,-0.0381760460213924,0.9056414081573426,0.865442236764958,0.9239281503863831,0.8630154336672816,0.748384227139198,0.8539216593004939,0.7406629669532316,0.6281894956035654,0.8825547523199901,0.9200995028939474,0.6161819555813811],[0.9360291319313108,0.9367347139347956,0.9360291319313108,0.9220703668067708,0.9220703668067708,0.9530377984012852,0.9530377984012852,1.0,1.0,0.6251749231539274,0.9522199538284671,0.6240113075648009,0.8506490852333624,0.9309956356245006,0.9521263693525739,0.9548147092226679,0.9612277457944574,0.9723663310987289,0.9723663310987289,0.6236242627604746,-0.10091910223063325,0.8992817947195842,0.6497836937075869,-0.3930592439809238,0.07001220409714055,0.8549965761447783,0.7949247714645301,0.8917982675579731,0.8405039113675157,0.7657395796032939,0.9186448103155818,0.7848529436728771,0.6565407288512288,0.8447446055966762,0.9051939213131955,0.8667025862682753],[0.9360291319313108,0.9367347139347956,0.9360291319313108,0.9220703668067708,0.9220703668067708,0.9530377984012852,0.9530377984012852,1.0,1.0,0.6251749231539274,0.9522199538284671,0.6240113075648009,0.8506490852333624,0.9309956356245006,0.9521263693525739,0.9548147092226679,0.9612277457944574,0.9723663310987289,0.9723663310987289,0.6236242627604746,-0.10091910223063325,0.8992817947195842,0.6497836937075869,-0.3930592439809238,0.07001220409714055,0.8549965761447783,0.7949247714645301,0.8917982675579731,0.8405039113675157,0.7657395796032939,0.9186448103155818,0.7848529436728771,0.6565407288512288,0.8447446055966762,0.9051939213131955,0.8667025862682753],[0.6553411596982434,0.6536869550113369,0.6553411596982434,0.6075953523216849,0.6075953523216849,0.6449651602115959,0.6449651602115959,0.6251749231539274,0.6251749231539274,1.0,0.44666277474404276,0.9999683972261952,0.2353293468929286,0.1882138606783478,0.44927068873801135,0.6360988568189218,0.5231428480486225,0.7310715226833105,0.7310715226833105,0.6821967492343871,-0.10608490931689457,0.5887476687986418,0.052962338125731014,0.04075001325119169,-0.23349987960359844,0.6430315997007576,0.3161290744472979,0.5357869592538881,0.7879133973302617,0.6640310220414198,0.31098565303028425,0.520065430765235,0.5641590339594067,0.7310592414631013,0.5321038802740287,0.17948015071927967],[0.9965229764148222,0.99655964561598,0.9965229764148222,0.9997628357759065,0.9997628357759065,0.9682129440946854,0.9682129440946854,0.9522199538284671,0.9522199538284671,0.44666277474404276,1.0,0.4478440438896579,0.9065573297542266,0.9884295628914694,0.9999590206458222,0.9653850826369601,0.9959257152589898,0.9043411243946191,0.9043411243946191,0.8325168207117185,-0.18658602173937527,0.997021428333086,0.9158522763161727,-0.5319237588721258,0.6938983653889882,0.8720186493507887,0.9155518144683488,0.9434267807757689,0.8256128753451629,0.7763423438682021,0.9563553710825995,0.8125158230852093,0.6363016361754553,0.8976204712448892,0.9704344864346592,0.8783831299528838],[0.586727361432114,0.5839204338979734,0.586727361432114,0.5415891489127364,0.5415891489127364,0.6139618227300488,0.6139618227300488,0.6240113075648009,0.6240113075648009,0.9999683972261952,0.4478440438896579,1.0,0.2350273428823401,0.18725216716589357,0.4482644135429109,0.6220839784669515,0.5229987280340838,0.71698976517886,0.71698976517886,0.6283660166856218,0.024171237877770854,0.5262287199040332,0.365837237161186,-0.16529187919222418,-0.19100817908646428,0.6478520376724115,0.2316022139533721,0.4891878593849767,0.7519464527951325,0.6766494642524675,0.4393162500775687,0.6660411126490096,0.6751213963581675,0.6695156822516742,0.48704693045601466,0.5352300992767218],[0.8992392684456127,0.9010968771877164,0.8992392684456127,0.9067568784117049,0.9067568784117049,0.8722679662448444,0.8722679662448444,0.8506490852333624,0.8506490852333624,0.2353293468929286,0.9065573297542266,0.2350273428823401,1.0,0.9998967677689262,0.9074654789463116,0.8684759034860096,0.8986452542326702,0.7832695213581798,0.7832695213581798,0.6624629989112004,-0.16879350038147137,0.8990201410643716,0.8325943211773464,-0.599229662945535,0.7626197901642899,0.7856317250987546,0.8974748675431926,0.9010774760466314,0.6681271288033519,0.6051992973130476,0.8824752896229615,0.6547798578492694,0.45808897502343504,0.7951220769522992,0.8922983404171969,0.8357501119081286],[0.985010862223264,0.9848048909834206,0.985010862223264,0.9889335860045785,0.9889335860045785,0.9515349937743871,0.9515349937743871,0.9309956356245006,0.9309956356245006,0.1882138606783478,0.9884295628914694,0.18725216716589357,0.9998967677689262,1.0,0.9885938156777149,0.9462589782555337,0.9823378408240095,0.8694575081610473,0.8694575081610473,0.8180380401517615,-0.28824412897797547,0.9784880503596549,0.8832964785846835,-0.6720296096046021,0.8121527473973008,0.8428694874525158,0.9587954272938461,0.9593424695101451,0.7303782224389277,0.6548463608602618,0.9454061200559045,0.7378753477433114,0.4582067564339635,0.8618565798426352,0.9666192820518401,0.8892198794514409],[0.9965831891462938,0.9966318711869389,0.9965831891462938,0.9997255971258303,0.9997255971258303,0.9681903088115443,0.9681903088115443,0.9521263693525739,0.9521263693525739,0.44927068873801135,0.9999590206458222,0.4482644135429109,0.9074654789463116,0.9885938156777149,1.0,0.9657634815258228,0.9960357377500235,0.9058763824232217,0.9058763824232217,0.8328659987643562,-0.18705799627887576,0.9969409663979533,0.9154324553482835,-0.5303993998145822,0.695504264716077,0.8733435048890538,0.9151532811303864,0.9433756862280694,0.8266405893233457,0.7773594050089623,0.9563119325635212,0.8139671212313213,0.6373056534026428,0.8982423764346759,0.9706800546872711,0.8792516614445308],[0.9822922455559827,0.9822631508391884,0.9822922455559827,0.9683598775086998,0.9683598775086998,0.9992539261198671,0.9992539261198671,0.9548147092226679,0.9548147092226679,0.6360988568189218,0.9653850826369601,0.6220839784669515,0.8684759034860096,0.9462589782555337,0.9657634815258228,1.0,0.9824091623856657,0.9292247925066767,0.9292247925066767,0.7045021352415494,-0.1988790414670794,0.9635077529614412,0.7608739063515668,-0.48161608188238997,0.012411079097871702,0.9133176757894095,0.8537673639909759,0.9177671345147262,0.8700918133031773,0.7777678700422638,0.9145904609156306,0.7819515055619763,0.6809772640614643,0.9032607159708076,0.9178947713097583,0.8612029885789702],[0.999462304993452,0.9994677617007872,0.999462304993452,0.9959895288252351,0.9959895288252351,0.9834045955177505,0.9834045955177505,0.9612277457944574,0.9612277457944574,0.5231428480486225,0.9959257152589898,0.5229987280340838,0.8986452542326702,0.9823378408240095,0.9960357377500235,0.9824091623856657,1.0,0.9299021471886197,0.9299021471886197,0.8517282122397654,-0.1684824545069432,0.9922468764267052,0.9034407428555301,-0.5294952782218387,0.6757084002281823,0.8975240041874536,0.8949475345709644,0.9415521171303792,0.8646236464021287,0.8019715779314025,0.9493849761093093,0.8518265387786361,0.693067801962901,0.9142902150229716,0.974386805284275,0.901611145297855],[0.9176047459241636,0.9178112869584535,0.9176047459241636,0.8912476838206239,0.8912476838206239,0.9255699067100459,0.9255699067100459,0.9723663310987289,0.9723663310987289,0.7310715226833105,0.9043411243946191,0.71698976517886,0.7832695213581798,0.8694575081610473,0.9058763824232217,0.9292247925066767,0.9299021471886197,1.0,1.0,0.7599613905881177,-0.1364965530600922,0.8698815204296426,0.6659087409930005,-0.29278185382304694,-0.05407922261344955,0.8633123687241063,0.719781225712385,0.8351614027714552,0.9103936509511573,0.8427844614191076,0.8414492824139296,0.7795911307293535,0.6796558983459404,0.8811380171276417,0.8322237235070662,0.8836707397129844],[0.9176047459241636,0.9178112869584535,0.9176047459241636,0.8912476838206239,0.8912476838206239,0.9255699067100459,0.9255699067100459,0.9723663310987289,0.9723663310987289,0.7310715226833105,0.9043411243946191,0.71698976517886,0.7832695213581798,0.8694575081610473,0.9058763824232217,0.9292247925066767,0.9299021471886197,1.0,1.0,0.7599613905881177,-0.1364965530600922,0.8698815204296426,0.6659087409930005,-0.29278185382304694,-0.05407922261344955,0.8633123687241063,0.719781225712385,0.8351614027714552,0.9103936509511573,0.8427844614191076,0.8414492824139296,0.7795911307293535,0.6796558983459404,0.8811380171276417,0.8322237235070662,0.8836707397129844],[0.7402912555170765,0.7544189014664308,0.7402912555170765,0.7044301001687064,0.7044301001687064,0.6543626360472888,0.6543626360472888,0.6236242627604746,0.6236242627604746,0.6821967492343871,0.8325168207117185,0.6283660166856218,0.6624629989112004,0.8180380401517615,0.8328659987643562,0.7045021352415494,0.8517282122397654,0.7599613905881177,0.7599613905881177,1.0,-0.006834149177039459,0.6773945328091698,-0.2412736414120782,0.23845755560283516,-0.5990929327822055,0.4115213595272979,0.5471093009379303,0.49526222048371826,0.8480543405975474,0.7202148214523927,0.2543156984395021,0.37060422589461367,0.5800989851197584,0.7872278751319737,0.5181040574059554,-0.026000372468970176],[-0.23800072490182567,-0.03949192798669931,-0.23800072490182567,-0.24240220143645688,-0.24240220143645688,-0.20557541126115472,-0.20557541126115472,-0.10091910223063325,-0.10091910223063325,-0.10608490931689457,-0.18658602173937527,0.024171237877770854,-0.16879350038147137,-0.28824412897797547,-0.18705799627887576,-0.1988790414670794,-0.1684824545069432,-0.1364965530600922,-0.1364965530600922,-0.006834149177039459,1.0,-0.1653589721280874,0.055834174964337104,0.19543764376931744,0.7082434523750433,-0.14699013459374954,-0.14068093286503072,-0.12085501425109337,0.10447204982365592,-0.059761885587238564,-0.0836756361029481,0.23893503918200937,0.535162408328482,-0.1879170195645227,-0.0001277397651457632,0.06967791984808884],[0.9860785858121248,0.9809812503812412,0.9860785858121248,0.9942665747893905,0.9942665747893905,0.9617078506426544,0.9617078506426544,0.8992817947195842,0.8992817947195842,0.5887476687986418,0.997021428333086,0.5262287199040332,0.8990201410643716,0.9784880503596549,0.9969409663979533,0.9635077529614412,0.9922468764267052,0.8698815204296426,0.8698815204296426,0.6773945328091698,-0.1653589721280874,1.0,0.2857274557832353,-0.27935060128455536,-0.1499987300151486,0.7691870382696053,0.919137315702126,0.9140590939093391,0.8009893718143873,0.7345005683555074,0.772002131012281,0.6266671025522985,0.47338483946983884,0.8938852646304342,0.8019072486853541,0.40124124467239897],[0.35106539585223967,0.09006349159572397,0.35106539585223967,0.3768835438862715,0.3768835438862715,0.45979236764314574,0.45979236764314574,0.6497836937075869,0.6497836937075869,0.052962338125731014,0.9158522763161727,0.365837237161186,0.8325943211773464,0.8832964785846835,0.9154324553482835,0.7608739063515668,0.9034407428555301,0.6659087409930005,0.6659087409930005,-0.2412736414120782,0.055834174964337104,0.2857274557832353,1.0,-0.4922835537546778,0.6800157367393493,0.461283692559016,0.3204194471536191,0.44638411214039236,0.01832306412794972,0.18814295377938942,0.6566978036240709,0.5384161844509984,0.2329567804080869,0.1763896599115509,0.48422884068960886,0.5379637259954139],[-0.20885169481971508,-0.204146387254754,-0.20885169481971508,-0.2380712781826067,-0.2380712781826067,-0.3575743482910644,-0.3575743482910644,-0.3930592439809238,-0.3930592439809238,0.04075001325119169,-0.5319237588721258,-0.16529187919222418,-0.599229662945535,-0.6720296096046021,-0.5303993998145822,-0.48161608188238997,-0.5294952782218387,-0.29278185382304694,-0.29278185382304694,0.23845755560283516,0.19543764376931744,-0.27935060128455536,-0.4922835537546778,1.0,-0.0419599598225251,-0.23193307261375373,-0.2609293978276155,-0.3222270545077724,-0.11126230479107092,-0.14060112798912097,-0.5524501894780992,-0.2515528746185945,-0.05510932199123377,-0.13584949631559692,-0.29064348394492767,-0.4357713578088214],[-0.1248694564231844,-0.12056537261232768,-0.1248694564231844,-0.11426479192012147,-0.11426479192012147,-0.0381760460213924,-0.0381760460213924,0.07001220409714055,0.07001220409714055,-0.23349987960359844,0.6938983653889882,-0.19100817908646428,0.7626197901642899,0.8121527473973008,0.695504264716077,0.012411079097871702,0.6757084002281823,-0.05407922261344955,-0.05407922261344955,-0.5990929327822055,0.7082434523750433,-0.1499987300151486,0.6800157367393493,-0.0419599598225251,1.0,-0.00604336589903655,-0.028515758605952495,0.044357696522010166,-0.30008453830664816,-0.28295159398823466,0.11170199287411103,0.17788995723764106,0.26905198820767384,-0.2816102569714314,0.1465856296340879,0.13231767050111898],[0.8684897391474478,0.7616499694291271,0.8684897391474478,0.8630890943400642,0.8630890943400642,0.9056414081573426,0.9056414081573426,0.8549965761447783,0.8549965761447783,0.6430315997007576,0.8720186493507887,0.6478520376724115,0.7856317250987546,0.8428694874525158,0.8733435048890538,0.9133176757894095,0.8975240041874536,0.8633123687241063,0.8633123687241063,0.4115213595272979,-0.14699013459374954,0.7691870382696053,0.461283692559016,-0.23193307261375373,-0.00604336589903655,1.0,0.7013352337299499,0.8976974509795651,0.5521702649492815,0.6375270369842602,0.714962985004398,0.665922391517816,0.41162294821004775,0.7649194048739628,0.7986341497430214,0.5502831611847853],[0.8986396840656213,0.8954134509136862,0.8986396840656213,0.9217374752684776,0.9217374752684776,0.865442236764958,0.865442236764958,0.7949247714645301,0.7949247714645301,0.3161290744472979,0.9155518144683488,0.2316022139533721,0.8974748675431926,0.9587954272938461,0.9151532811303864,0.8537673639909759,0.8949475345709644,0.719781225712385,0.719781225712385,0.5471093009379303,-0.14068093286503072,0.919137315702126,0.3204194471536191,-0.2609293978276155,-0.028515758605952495,0.7013352337299499,1.0,0.8949577340611561,0.6244620464132197,0.5703702310546653,0.7360991230424966,0.49459935521926107,0.3622113774277784,0.7514724989412908,0.7640047193396586,0.3928786470912439],[0.9233712257851503,0.9103867479708125,0.9233712257851503,0.9317337524293224,0.9317337524293224,0.9239281503863831,0.9239281503863831,0.8917982675579731,0.8917982675579731,0.5357869592538881,0.9434267807757689,0.4891878593849767,0.9010774760466314,0.9593424695101451,0.9433756862280694,0.9177671345147262,0.9415521171303792,0.8351614027714552,0.8351614027714552,0.49526222048371826,-0.12085501425109337,0.9140590939093391,0.44638411214039236,-0.3222270545077724,0.044357696522010166,0.8976974509795651,0.8949577340611561,1.0,0.6831910801725509,0.5900493112844323,0.7661100489425142,0.5889060029918298,0.4344419496420696,0.8050980818846201,0.8915134495869664,0.43442935470939126],[0.8713405877314796,0.8678116203700185,0.8713405877314796,0.840820848393393,0.840820848393393,0.8630154336672816,0.8630154336672816,0.8405039113675157,0.8405039113675157,0.7879133973302617,0.8256128753451629,0.7519464527951325,0.6681271288033519,0.7303782224389277,0.8266405893233457,0.8700918133031773,0.8646236464021287,0.9103936509511573,0.9103936509511573,0.8480543405975474,0.10447204982365592,0.8009893718143873,0.01832306412794972,-0.11126230479107092,-0.30008453830664816,0.5521702649492815,0.6244620464132197,0.6831910801725509,1.0,0.9166060260721691,0.6103731096526742,0.7241367146859953,0.6713463400018019,0.8869058426537031,0.5785214318578698,0.3932449266246835],[0.7677087170515325,0.7731867982435057,0.7677087170515325,0.7552397638323396,0.7552397638323396,0.748384227139198,0.748384227139198,0.7657395796032939,0.7657395796032939,0.6640310220414198,0.7763423438682021,0.6766494642524675,0.6051992973130476,0.6548463608602618,0.7773594050089623,0.7777678700422638,0.8019715779314025,0.8427844614191076,0.8427844614191076,0.7202148214523927,-0.059761885587238564,0.7345005683555074,0.18814295377938942,-0.14060112798912097,-0.28295159398823466,0.6375270369842602,0.5703702310546653,0.5900493112844323,0.9166060260721691,1.0,0.6301104502045604,0.7073659705366677,0.6196271540689624,0.7624640227760712,0.6275472037567756,0.5363784797448423],[0.7449673777553052,0.7419041533500205,0.7449673777553052,0.7698905555070257,0.7698905555070257,0.8539216593004939,0.8539216593004939,0.9186448103155818,0.9186448103155818,0.31098565303028425,0.9563553710825995,0.4393162500775687,0.8824752896229615,0.9454061200559045,0.9563119325635212,0.9145904609156306,0.9493849761093093,0.8414492824139296,0.8414492824139296,0.2543156984395021,-0.0836756361029481,0.772002131012281,0.6566978036240709,-0.5524501894780992,0.11170199287411103,0.714962985004398,0.7360991230424966,0.7661100489425142,0.6103731096526742,0.6301104502045604,1.0,0.7462094496097349,0.3846675046964857,0.6458887646014098,0.7628547814839464,0.7876036104352339],[0.6605891053050928,0.6597989102297291,0.6605891053050928,0.6457382437052044,0.6457382437052044,0.7406629669532316,0.7406629669532316,0.7848529436728771,0.7848529436728771,0.520065430765235,0.8125158230852093,0.6660411126490096,0.6547798578492694,0.7378753477433114,0.8139671212313213,0.7819515055619763,0.8518265387786361,0.7795911307293535,0.7795911307293535,0.37060422589461367,0.23893503918200937,0.6266671025522985,0.5384161844509984,-0.2515528746185945,0.17788995723764106,0.665922391517816,0.49459935521926107,0.5889060029918298,0.7241367146859953,0.7073659705366677,0.7462094496097349,1.0,0.776657807946099,0.5721353673382354,0.7265845603760295,0.6055649040617852],[0.5617644044209043,0.5835443990237785,0.5617644044209043,0.5230658549956708,0.5230658549956708,0.6281894956035654,0.6281894956035654,0.6565407288512288,0.6565407288512288,0.5641590339594067,0.6363016361754553,0.6751213963581675,0.45808897502343504,0.4582067564339635,0.6373056534026428,0.6809772640614643,0.693067801962901,0.6796558983459404,0.6796558983459404,0.5800989851197584,0.535162408328482,0.47338483946983884,0.2329567804080869,-0.05510932199123377,0.26905198820767384,0.41162294821004775,0.3622113774277784,0.4344419496420696,0.6713463400018019,0.6196271540689624,0.3846675046964857,0.776657807946099,1.0,0.49937942742339564,0.607737031995719,0.24188027117337912],[0.9248536364081337,0.9249535321572225,0.9248536364081337,0.9059149567827705,0.9059149567827705,0.8825547523199901,0.8825547523199901,0.8447446055966762,0.8447446055966762,0.7310592414631013,0.8976204712448892,0.6695156822516742,0.7951220769522992,0.8618565798426352,0.8982423764346759,0.9032607159708076,0.9142902150229716,0.8811380171276417,0.8811380171276417,0.7872278751319737,-0.1879170195645227,0.8938852646304342,0.1763896599115509,-0.13584949631559692,-0.2816102569714314,0.7649194048739628,0.7514724989412908,0.8050980818846201,0.8869058426537031,0.7624640227760712,0.6458887646014098,0.5721353673382354,0.49937942742339564,1.0,0.7983536958800358,0.3369941943639198],[0.9057075891318715,0.812545812898791,0.9057075891318715,0.9024963017452706,0.9024963017452706,0.9200995028939474,0.9200995028939474,0.9051939213131955,0.9051939213131955,0.5321038802740287,0.9704344864346592,0.48704693045601466,0.8922983404171969,0.9666192820518401,0.9706800546872711,0.9178947713097583,0.974386805284275,0.8322237235070662,0.8322237235070662,0.5181040574059554,-0.0001277397651457632,0.8019072486853541,0.48422884068960886,-0.29064348394492767,0.1465856296340879,0.7986341497430214,0.7640047193396586,0.8915134495869664,0.5785214318578698,0.6275472037567756,0.7628547814839464,0.7265845603760295,0.607737031995719,0.7983536958800358,1.0,0.3990683926828138],[0.3953604525224098,0.39673406180854953,0.3953604525224098,0.4124456270279115,0.4124456270279115,0.6161819555813811,0.6161819555813811,0.8667025862682753,0.8667025862682753,0.17948015071927967,0.8783831299528838,0.5352300992767218,0.8357501119081286,0.8892198794514409,0.8792516614445308,0.8612029885789702,0.901611145297855,0.8836707397129844,0.8836707397129844,-0.026000372468970176,0.06967791984808884,0.40124124467239897,0.5379637259954139,-0.4357713578088214,0.13231767050111898,0.5502831611847853,0.3928786470912439,0.43442935470939126,0.3932449266246835,0.5363784797448423,0.7876036104352339,0.6055649040617852,0.24188027117337912,0.3369941943639198,0.3990683926828138,1.0]],"x":["^TAIEX       \u81fa\u7063\u52a0\u6b0a\u5831\u916c\u6307\u6578","^TWII        \u81fa\u7063\u52a0\u6b0a\u6307\u6578","^TAIEXx2     \u81fa\u7063\u52a0\u6b0a\u5831\u916c\u6307\u6578_\u65e5\u6b632","^TAI50I      \u81fa\u706350\u5831\u916c\u6307\u6578","^TAI50Ix2    \u81fa\u706350\u5831\u916c\u6307\u6578_\u65e5\u6b632","^TAI100I     \u81fa\u7063\u4e2d\u578b100\u5831\u916c\u6307\u6578","^TAI100Ix2   \u81fa\u7063\u4e2d\u578b100\u5831\u916c\u6307\u6578_\u65e5\u6b632","^TAIDIVIDI   \u81fa\u7063\u9ad8\u80a1\u606f\u5831\u916c\u6307\u6578","^TAIDIVIDIx2 \u81fa\u7063\u9ad8\u80a1\u606f\u5831\u916c\u6307\u6578_\u65e5\u6b632","0050Fund     \u5143\u5927\u53f0\u7063\u5353\u8d8a50\u57fa\u91d1","006208Fund   \u5bcc\u90a6\u53f0\u7063\u91c6\u540950\u57fa\u91d1","0050         \u5143\u5927\u81fa\u706350","00631L       \u5143\u5927\u53f0\u706350\u6b632","00675L       \u5bcc\u90a6\u81fa\u7063\u52a0\u6b0a\u6b632","006208       \u5bcc\u90a6\u53f050","0051         \u5143\u5927\u4e2d\u578b100","006204       \u6c38\u8c50\u81fa\u7063\u52a0\u6b0a","0056         \u5143\u5927\u9ad8\u80a1\u606f","0056         \u5143\u5927\u9ad8\u80a1\u606f_\u80a1\u606f\u4e0d\u6295\u5165","2412         \u4e2d\u83ef\u96fb\u4fe1","2002         \u4e2d\u92fc","2330         \u53f0\u7a4d\u96fb","2317         \u9d3b\u6d77","6505         \u53f0\u5851\u77f3\u5316","3481         \u7fa4\u5275","2303         \u806f\u96fb","2308         \u53f0\u9054\u96fb","2454         \u806f\u767c\u79d1","2886         \u5146\u8c50\u91d1","2884         \u7389\u5c71\u91d1","2891         \u4e2d\u4fe1\u91d1","2892         \u7b2c\u4e00\u91d1","5880         \u5408\u5eab\u91d1","2881         \u5bcc\u90a6\u91d1","2885         \u5143\u5927\u91d1","2887         \u53f0\u65b0\u91d1"],"y":["^TAIEX       \u81fa\u7063\u52a0\u6b0a\u5831\u916c\u6307\u6578","^TWII        \u81fa\u7063\u52a0\u6b0a\u6307\u6578","^TAIEXx2     \u81fa\u7063\u52a0\u6b0a\u5831\u916c\u6307\u6578_\u65e5\u6b632","^TAI50I      \u81fa\u706350\u5831\u916c\u6307\u6578","^TAI50Ix2    \u81fa\u706350\u5831\u916c\u6307\u6578_\u65e5\u6b632","^TAI100I     \u81fa\u7063\u4e2d\u578b100\u5831\u916c\u6307\u6578","^TAI100Ix2   \u81fa\u7063\u4e2d\u578b100\u5831\u916c\u6307\u6578_\u65e5\u6b632","^TAIDIVIDI   \u81fa\u7063\u9ad8\u80a1\u606f\u5831\u916c\u6307\u6578","^TAIDIVIDIx2 \u81fa\u7063\u9ad8\u80a1\u606f\u5831\u916c\u6307\u6578_\u65e5\u6b632","0050Fund     \u5143\u5927\u53f0\u7063\u5353\u8d8a50\u57fa\u91d1","006208Fund   \u5bcc\u90a6\u53f0\u7063\u91c6\u540950\u57fa\u91d1","0050         \u5143\u5927\u81fa\u706350","00631L       \u5143\u5927\u53f0\u706350\u6b632","00675L       \u5bcc\u90a6\u81fa\u7063\u52a0\u6b0a\u6b632","006208       \u5bcc\u90a6\u53f050","0051         \u5143\u5927\u4e2d\u578b100","006204       \u6c38\u8c50\u81fa\u7063\u52a0\u6b0a","0056         \u5143\u5927\u9ad8\u80a1\u606f","0056         \u5143\u5927\u9ad8\u80a1\u606f_\u80a1\u606f\u4e0d\u6295\u5165","2412         \u4e2d\u83ef\u96fb\u4fe1","2002         \u4e2d\u92fc","2330         \u53f0\u7a4d\u96fb","2317         \u9d3b\u6d77","6505         \u53f0\u5851\u77f3\u5316","3481         \u7fa4\u5275","2303         \u806f\u96fb","2308         \u53f0\u9054\u96fb","2454         \u806f\u767c\u79d1","2886         \u5146\u8c50\u91d1","2884         \u7389\u5c71\u91d1","2891         \u4e2d\u4fe1\u91d1","2892         \u7b2c\u4e00\u91d1","5880         \u5408\u5eab\u91d1","2881         \u5bcc\u90a6\u91d1","2885         \u5143\u5927\u91d1","2887         \u53f0\u65b0\u91d1"],"zmin":-1,"zmax":1,"colorbar":{"x":-0.2}}],"layout":{"autotypenumbers":"strict","colorway":["#636efa","#EF553B","#00cc96","#ab63fa","#FFA15A","#19d3f3","#FF6692","#B6E880","#FF97FF","#FECB52"],"font":{"color":"#f2f5fa","family":"Courier New"},"hovermode":"closest","hoverlabel":{"align":"left"},"paper_bgcolor":"rgb(17,17,17)","plot_bgcolor":"rgb(17,17,17)","polar":{"bgcolor":"rgb(17,17,17)","angularaxis":{"gridcolor":"#506784","linecolor":"#506784","ticks":""},"radialaxis":{"gridcolor":"#506784","linecolor":"#506784","ticks":""}},"ternary":{"bgcolor":"rgb(17,17,17)","aaxis":{"gridcolor":"#506784","linecolor":"#506784","ticks":""},"baxis":{"gridcolor":"#506784","linecolor":"#506784","ticks":""},"caxis":{"gridcolor":"#506784","linecolor":"#506784","ticks":""}},"coloraxis":{"colorbar":{"outlinewidth":0,"ticks":""}},"colorscale":{"sequential":[[0.0,"#0d0887"],[0.1111111111111111,"#46039f"],[0.2222222222222222,"#7201a8"],[0.3333333333333333,"#9c179e"],[0.4444444444444444,"#bd3786"],[0.5555555555555556,"#d8576b"],[0.6666666666666666,"#ed7953"],[0.7777777777777778,"#fb9f3a"],[0.8888888888888888,"#fdca26"],[1.0,"#f0f921"]],"sequentialminus":[[0.0,"#0d0887"],[0.1111111111111111,"#46039f"],[0.2222222222222222,"#7201a8"],[0.3333333333333333,"#9c179e"],[0.4444444444444444,"#bd3786"],[0.5555555555555556,"#d8576b"],[0.6666666666666666,"#ed7953"],[0.7777777777777778,"#fb9f3a"],[0.8888888888888888,"#fdca26"],[1.0,"#f0f921"]],"diverging":[[0,"#8e0152"],[0.1,"#c51b7d"],[0.2,"#de77ae"],[0.3,"#f1b6da"],[0.4,"#fde0ef"],[0.5,"#f7f7f7"],[0.6,"#e6f5d0"],[0.7,"#b8e186"],[0.8,"#7fbc41"],[0.9,"#4d9221"],[1,"#276419"]]},"xaxis":{"gridcolor":"rgba(0, 0, 0, 0)","linecolor":"#506784","ticks":"","title":{"standoff":15},"zerolinecolor":"#283442","automargin":true,"zerolinewidth":2,"tickfont":{"family":"Courier New","size":14},"side":"top","tickangle":-90},"yaxis":{"gridcolor":"rgba(0, 0, 0, 0)","linecolor":"#506784","ticks":"","title":{"standoff":15},"zerolinecolor":"#283442","automargin":true,"zerolinewidth":2,"tickfont":{"family":"Courier New"},"side":"right"},"scene":{"xaxis":{"backgroundcolor":"rgb(17,17,17)","gridcolor":"#506784","linecolor":"#506784","showbackground":true,"ticks":"","zerolinecolor":"#C8D4E3","gridwidth":2},"yaxis":{"backgroundcolor":"rgb(17,17,17)","gridcolor":"#506784","linecolor":"#506784","showbackground":true,"ticks":"","zerolinecolor":"#C8D4E3","gridwidth":2},"zaxis":{"backgroundcolor":"rgb(17,17,17)","gridcolor":"#506784","linecolor":"#506784","showbackground":true,"ticks":"","zerolinecolor":"#C8D4E3","gridwidth":2}},"shapedefaults":{"line":{"color":"#f2f5fa"}},"annotationdefaults":{"arrowcolor":"#f2f5fa","arrowhead":0,"arrowwidth":1},"geo":{"bgcolor":"rgb(17,17,17)","landcolor":"rgb(17,17,17)","subunitcolor":"#506784","showland":true,"showlakes":true,"lakecolor":"rgb(17,17,17)"},"title":{"x":0.05,"font":{"family":"Times New Roman"},"y":0.05,"text":"<b>Correlation of Close<b><br><i>2016-09-23 ~ 2026-07-22<i>"},"updatemenudefaults":{"bgcolor":"#506784","borderwidth":0},"sliderdefaults":{"bgcolor":"#C8D4E3","borderwidth":1,"bordercolor":"rgb(17,17,17)","tickwidth":0},"mapbox":{"style":"dark"},"annotations":[{"text":"<b>@zwindr<b>","textangle":0,"opacity":0.5,"font":{"color":"white","size":12},"xref":"paper","yref":"paper","xanchor":"left","yanchor":"bottom","x":1.0,"y":1.0,"showarrow":false}]},"config":{"responsive":true,"toImageButtonOptions":{"filename":"Correlation of Close_2016-09-23~2026-07-22","scale":5}}};Plotly.newPlot("correlationClose",correlationClose.data,correlationClose.layout||{},correlationClose.config);}else{console.log("style display is none => correlationClose");}