var element = document.getElementById("correlationClose");

if (element.style.display != 'none') {
    var correlationClose = {"data": [{"type": "heatmap", "z": [[1.0, 0.9999999999999981, 1.0, 0.9955724251437154, 0.9955724251437154, 0.9613374287856211, 0.9613374287856211, 0.8969080184052709, 0.8969080184052709, 0.9194038597979665, 0.995061100381571, 0.9353168657209456, 0.992640365018604, 0.9922274771298709, 0.9950180193358904, 0.9717080175309081, 0.9988865120896775, 0.9266057506265745, 0.7830663407375128, -0.08171399250116514, 0.9767266598713449, 0.06299684028161713, -0.007282579416108998, -0.25197368494726624, 0.8241072603237231, 0.9505543562525203, 0.904750719019909, 0.9277718673985904, 0.7687195475225647, 0.4803022058232774, 0.6118392566036293, 0.6392723796390052, 0.9283791166024514, 0.811500929860637, 0.1693651698300677], [0.9999999999999981, 1.0, 0.9999999999999982, 0.9955212646317629, 0.9955212646317629, 0.9606959520378168, 0.9606959520378168, 0.8981687407624697, 0.8981687407624697, 0.9198375946080581, 0.9950358426381578, 0.9344132761813857, 0.9923870199822024, 0.9916580253379175, 0.9949818021736158, 0.9709802700088607, 0.9988899316789239, 0.9271089629574688, 0.8036554951502282, 0.1254806627191418, 0.9677105389996388, -0.10028277752146551, 9.423304763179699e-05, -0.2522860231028491, 0.6482607358648763, 0.9505064067126335, 0.8768235420809969, 0.9222864332192092, 0.7819086198593348, 0.4718744813940183, 0.6086960957055502, 0.66994766076796, 0.9254618973000923, 0.6740396636231728, 0.16561503996598825], [1.0, 0.9999999999999982, 1.0, 0.9955724251437154, 0.9955724251437154, 0.9613374287856211, 0.9613374287856211, 0.8969080184052709, 0.8969080184052709, 0.9194038597979665, 0.995061100381571, 0.9353168657209456, 0.992640365018604, 0.9922274771298709, 0.9950180193358904, 0.9717080175309081, 0.9988865120896775, 0.9266057506265745, 0.7830663407375128, -0.08171399250116514, 0.9767266598713449, 0.06299684028161713, -0.007282579416108998, -0.25197368494726624, 0.8241072603237231, 0.9505543562525203, 0.904750719019909, 0.9277718673985904, 0.7687195475225647, 0.4803022058232774, 0.6118392566036293, 0.6392723796390052, 0.9283791166024514, 0.811500929860637, 0.1693651698300677], [0.9955724251437154, 0.9955212646317629, 0.9955724251437154, 1.0, 1.0, 0.9482649121965033, 0.9482649121965033, 0.8828521754506609, 0.8828521754506609, 0.911655196503434, 0.9994654987377757, 0.9297426807530953, 0.9882120489789966, 0.9839650745467998, 0.9994034708965234, 0.9541650784890924, 0.9947511074652953, 0.9078134737526047, 0.7624743292726189, -0.08745043110977214, 0.9886342283188374, 0.08284242306902463, -0.0384341699660212, -0.2555178543804836, 0.8243021993821245, 0.9425539333341438, 0.9099401540844292, 0.9173281965854406, 0.7803424702130721, 0.5068666908884708, 0.6063558268508246, 0.613511485383677, 0.9217956165813781, 0.8013606424378963, 0.1817875087770517], [0.9955724251437154, 0.9955212646317629, 0.9955724251437154, 1.0, 1.0, 0.9482649121965033, 0.9482649121965033, 0.8828521754506609, 0.8828521754506609, 0.911655196503434, 0.9994654987377757, 0.9297426807530953, 0.9882120489789966, 0.9839650745467998, 0.9994034708965234, 0.9541650784890924, 0.9947511074652953, 0.9078134737526047, 0.7624743292726189, -0.08745043110977214, 0.9886342283188374, 0.08284242306902463, -0.0384341699660212, -0.2555178543804836, 0.8243021993821245, 0.9425539333341438, 0.9099401540844292, 0.9173281965854406, 0.7803424702130721, 0.5068666908884708, 0.6063558268508246, 0.613511485383677, 0.9217956165813781, 0.8013606424378963, 0.1817875087770517], [0.9613374287856211, 0.9606959520378168, 0.9613374287856211, 0.9482649121965033, 0.9482649121965033, 1.0, 1.0, 0.923708936023999, 0.923708936023999, 0.8902515913602022, 0.9516362885280264, 0.9015778541249548, 0.9764880269627506, 0.9752332438583593, 0.9512800027455831, 0.9989818860253215, 0.9720869567988453, 0.9196938669951771, 0.6259699400845145, -0.025181316635067695, 0.9326416366866904, 0.24535584859651424, -0.2118154482939753, -0.10664590715656783, 0.8951582397926214, 0.910146861638761, 0.9246648805969739, 0.8952423057261187, 0.7270383482255757, 0.7061074127203973, 0.7243034376602404, 0.7149449111999762, 0.8460809208936033, 0.8461478938586992, 0.4610429124486065], [0.9613374287856211, 0.9606959520378168, 0.9613374287856211, 0.9482649121965033, 0.9482649121965033, 1.0, 1.0, 0.923708936023999, 0.923708936023999, 0.8902515913602022, 0.9516362885280264, 0.9015778541249548, 0.9764880269627506, 0.9752332438583593, 0.9512800027455831, 0.9989818860253215, 0.9720869567988453, 0.9196938669951771, 0.6259699400845145, -0.025181316635067695, 0.9326416366866904, 0.24535584859651424, -0.2118154482939753, -0.10664590715656783, 0.8951582397926214, 0.910146861638761, 0.9246648805969739, 0.8952423057261187, 0.7270383482255757, 0.7061074127203973, 0.7243034376602404, 0.7149449111999762, 0.8460809208936033, 0.8461478938586992, 0.4610429124486065], [0.8969080184052709, 0.8981687407624697, 0.8969080184052709, 0.8828521754506609, 0.8828521754506609, 0.923708936023999, 0.923708936023999, 1.0, 1.0, 0.8696472486793917, 0.9385744695424583, 0.8644442683802113, 0.9474755870114748, 0.9426157072820078, 0.9382123920616502, 0.924519660937837, 0.9403255303454918, 0.9727575526308951, 0.5609495271935937, 0.09543440189092041, 0.8397476908677858, 0.49822662574167725, -0.2365603153415275, 0.035062528380128785, 0.7847810815105298, 0.8031056818353158, 0.8613372135240179, 0.8414075814348343, 0.7402325624725691, 0.8688027110653016, 0.768014064870078, 0.7190717050606529, 0.7710835568113268, 0.8338190955065241, 0.7999933820771019], [0.8969080184052709, 0.8981687407624697, 0.8969080184052709, 0.8828521754506609, 0.8828521754506609, 0.923708936023999, 0.923708936023999, 1.0, 1.0, 0.8696472486793917, 0.9385744695424583, 0.8644442683802113, 0.9474755870114748, 0.9426157072820078, 0.9382123920616502, 0.924519660937837, 0.9403255303454918, 0.9727575526308951, 0.5609495271935937, 0.09543440189092041, 0.8397476908677858, 0.49822662574167725, -0.2365603153415275, 0.035062528380128785, 0.7847810815105298, 0.8031056818353158, 0.8613372135240179, 0.8414075814348343, 0.7402325624725691, 0.8688027110653016, 0.768014064870078, 0.7190717050606529, 0.7710835568113268, 0.8338190955065241, 0.7999933820771019], [0.9194038597979665, 0.9198375946080581, 0.9194038597979665, 0.911655196503434, 0.911655196503434, 0.8902515913602022, 0.8902515913602022, 0.8696472486793917, 0.8696472486793917, 1.0, 0.9074911202882616, 0.9999757155302609, 0.889641569552691, 0.8580036803161158, 0.9086740447020432, 0.892226482422431, 0.9165948913056478, 0.8911368645490898, 0.7714682549557973, 0.23379673267577142, 0.9001689848617096, 0.7622908014083786, -0.30669822476341824, 0.3968105277717614, 0.8537443374558268, 0.8068713098748965, 0.8682646535110274, 0.8492672178373271, 0.7426831366246553, 0.7526998348657337, 0.8118409605747938, 0.7905261311852996, 0.8298315008394779, 0.8732506167663892, 0.7713708081601526], [0.995061100381571, 0.9950358426381578, 0.995061100381571, 0.9994654987377757, 0.9994654987377757, 0.9516362885280264, 0.9516362885280264, 0.9385744695424583, 0.9385744695424583, 0.9074911202882616, 1.0, 0.9072937558262147, 0.9879451876308692, 0.9842600412308877, 0.9999134241285029, 0.9520250118242083, 0.9938479611848381, 0.9259047419699403, 0.8420141604200748, 0.15927948697591218, 0.9955764497064206, 0.8493758066021126, -0.4243246641713267, 0.36746217318485724, 0.866054503682154, 0.9168895090798292, 0.9409132411148763, 0.9127419468464114, 0.8027378906719442, 0.8910242829957261, 0.8722136699780136, 0.8146120594206832, 0.895430535425041, 0.9422724090421818, 0.7826334850668653], [0.9353168657209456, 0.9344132761813857, 0.9353168657209456, 0.9297426807530953, 0.9297426807530953, 0.9015778541249548, 0.9015778541249548, 0.8644442683802113, 0.8644442683802113, 0.9999757155302609, 0.9072937558262147, 1.0, 0.8869779660264125, 0.8545346697608756, 0.906386438514614, 0.9022260049649964, 0.9193611605007774, 0.8840391699879233, 0.7115450683654102, 0.0021246304342389744, 0.9158126321103944, 0.5933182785934024, -0.22168297581849553, -0.2375485701677995, 0.8617321497441809, 0.8445345857005122, 0.8463034178157682, 0.86548056143516, 0.7816517691635102, 0.7490192819592107, 0.7823784319649113, 0.7168336604401003, 0.8620418919385543, 0.7617529464280051, 0.730752174348099], [0.992640365018604, 0.9923870199822024, 0.992640365018604, 0.9882120489789966, 0.9882120489789966, 0.9764880269627506, 0.9764880269627506, 0.9474755870114748, 0.9474755870114748, 0.889641569552691, 0.9879451876308692, 0.8869779660264125, 1.0, 0.9996860120434484, 0.9878877842679603, 0.9746878836646624, 0.9897407662710802, 0.921583665487712, 0.809204697826426, 0.1963373123884733, 0.9855141416170379, 0.8744522975041283, -0.6106607857799644, 0.44481014825093845, 0.8466455566688856, 0.9313614067002204, 0.9577154505376664, 0.9070967546647, 0.725801960821605, 0.8915877239525727, 0.8521111586586402, 0.8061717739620007, 0.8763463128862872, 0.9630199713740617, 0.8183449624440237], [0.9922274771298709, 0.9916580253379175, 0.9922274771298709, 0.9839650745467998, 0.9839650745467998, 0.9752332438583593, 0.9752332438583593, 0.9426157072820078, 0.9426157072820078, 0.8580036803161158, 0.9842600412308877, 0.8545346697608756, 0.9996860120434484, 1.0, 0.9843698347551941, 0.9723286816773844, 0.987997345445682, 0.9091895391975197, 0.8277548840500131, 0.07609117497448711, 0.9797391052473203, 0.8833705996216282, -0.8212765102480325, 0.49223390379137083, 0.8041653287847857, 0.9370835533651126, 0.9555003983244696, 0.8934017696351605, 0.6408011788289442, 0.9020998260549417, 0.8385769710698104, 0.7574250322240034, 0.9092797056068871, 0.9654322808892083, 0.7880091338464071], [0.9950180193358904, 0.9949818021736158, 0.9950180193358904, 0.9994034708965234, 0.9994034708965234, 0.9512800027455831, 0.9512800027455831, 0.9382123920616502, 0.9382123920616502, 0.9086740447020432, 0.9999134241285029, 0.906386438514614, 0.9878877842679603, 0.9843698347551941, 1.0, 0.9517882651297278, 0.9938322323489548, 0.926013077777217, 0.8432213968139799, 0.15810719109200982, 0.9954556956857017, 0.8490097772657599, -0.4219371048752788, 0.36578787929345813, 0.8655980039335197, 0.9150262835805109, 0.9398585137012881, 0.913140565103039, 0.8042610499564715, 0.8905878327389802, 0.8732828111259954, 0.8156671044431494, 0.8952045446957979, 0.9420574070131407, 0.7823617213796663], [0.9717080175309081, 0.9709802700088607, 0.9717080175309081, 0.9541650784890924, 0.9541650784890924, 0.9989818860253215, 0.9989818860253215, 0.924519660937837, 0.924519660937837, 0.892226482422431, 0.9520250118242083, 0.9022260049649964, 0.9746878836646624, 0.9723286816773844, 0.9517882651297278, 1.0, 0.9737073686439432, 0.919350826566125, 0.6748052452621479, -0.006310062720371695, 0.9435439311565129, 0.5751231030072481, -0.3455339664125491, -0.16040229531457267, 0.9079504457571256, 0.921552439385421, 0.9200815156938275, 0.9035921001291448, 0.7676510268123514, 0.8336089686894926, 0.7743943548786283, 0.7726851511484988, 0.8701096181549917, 0.8432441710910198, 0.7883897726715592], [0.9988865120896775, 0.9988899316789239, 0.9988865120896775, 0.9947511074652953, 0.9947511074652953, 0.9720869567988453, 0.9720869567988453, 0.9403255303454918, 0.9403255303454918, 0.9165948913056478, 0.9938479611848381, 0.9193611605007774, 0.9897407662710802, 0.987997345445682, 0.9938322323489548, 0.9737073686439432, 1.0, 0.9420515802874988, 0.8485373040693652, 0.1575738393836332, 0.986783589108622, 0.8191805972608589, -0.4057895721028189, 0.37902711886774215, 0.8990674907615646, 0.9303566440635159, 0.9447169680622761, 0.9371766950489455, 0.823679337382806, 0.8797877591258938, 0.898691620655222, 0.8448908631830598, 0.9073883577463984, 0.9468283208119496, 0.8379979135194693], [0.9266057506265745, 0.9271089629574688, 0.9266057506265745, 0.9078134737526047, 0.9078134737526047, 0.9196938669951771, 0.9196938669951771, 0.9727575526308951, 0.9727575526308951, 0.8911368645490898, 0.9259047419699403, 0.8840391699879233, 0.921583665487712, 0.9091895391975197, 0.926013077777217, 0.919350826566125, 0.9420515802874988, 1.0, 0.7283308270136638, 0.01443758537700318, 0.8707437183630725, 0.509335278586779, -0.1324058424834467, -0.20146095291035837, 0.8227527803876701, 0.8351764447774522, 0.8290434807939667, 0.9121335491930893, 0.8297567068721944, 0.7972480562753445, 0.7425521282923899, 0.7010228777714176, 0.8368857893622385, 0.7642492642648482, 0.8467435972725156], [0.7830663407375128, 0.8036554951502282, 0.7830663407375128, 0.7624743292726189, 0.7624743292726189, 0.6259699400845145, 0.6259699400845145, 0.5609495271935937, 0.5609495271935937, 0.7714682549557973, 0.8420141604200748, 0.7115450683654102, 0.809204697826426, 0.8277548840500131, 0.8432213968139799, 0.6748052452621479, 0.8485373040693652, 0.7283308270136638, 1.0, 0.059309323246405005, 0.7250057606077405, -0.43589109293471096, 0.38390409659134406, -0.6618640633472852, 0.33372517386488915, 0.7997992361581775, 0.48367642957424295, 0.8298088305088699, 0.6810376770943105, 0.042196490062559065, 0.27826684802617146, 0.5576415654386966, 0.7760019971113934, 0.4587307976060136, -0.17024878032444252], [-0.08171399250116514, 0.1254806627191418, -0.08171399250116514, -0.08745043110977214, -0.08745043110977214, -0.025181316635067695, -0.025181316635067695, 0.09543440189092041, 0.09543440189092041, 0.23379673267577142, 0.15927948697591218, 0.0021246304342389744, 0.1963373123884733, 0.07609117497448711, 0.15810719109200982, -0.006310062720371695, 0.1575738393836332, 0.01443758537700318, 0.059309323246405005, 1.0, -0.04950275547990232, 0.13570034176657106, 0.1196790888842975, 0.7523370279133149, -0.0776237637549094, 0.03961452359191755, 0.03226120964977761, 0.197198328630652, 0.0361901090924639, 0.11641727121204702, 0.38563392221411497, 0.5948998614005598, -0.08192068293191071, 0.15934075471598078, 0.17282428174413375], [0.9767266598713449, 0.9677105389996388, 0.9767266598713449, 0.9886342283188374, 0.9886342283188374, 0.9326416366866904, 0.9326416366866904, 0.8397476908677858, 0.8397476908677858, 0.9001689848617096, 0.9955764497064206, 0.9158126321103944, 0.9855141416170379, 0.9797391052473203, 0.9954556956857017, 0.9435439311565129, 0.986783589108622, 0.8707437183630725, 0.7250057606077405, -0.04950275547990232, 1.0, -0.007411636550435506, -0.10234597827914084, -0.3147786262625776, 0.686416259716064, 0.9249721146487082, 0.8936358921295917, 0.8596624868429105, 0.7490208640653175, 0.5038693740616919, 0.5697314123176646, 0.5435046225460634, 0.9001432696306186, 0.649296766910393, 0.1603759584787657], [0.06299684028161713, -0.10028277752146551, 0.06299684028161713, 0.08284242306902463, 0.08284242306902463, 0.24535584859651424, 0.24535584859651424, 0.49822662574167725, 0.49822662574167725, 0.7622908014083786, 0.8493758066021126, 0.5933182785934024, 0.8744522975041283, 0.8833705996216282, 0.8490097772657599, 0.5751231030072481, 0.8191805972608589, 0.509335278586779, -0.43589109293471096, 0.13570034176657106, -0.007411636550435506, 1.0, -0.4243895958801364, 0.7756484060315579, 0.36125114701402933, -0.05543149257919686, 0.2520114392636938, -0.15958503470111748, 0.01828983336803097, 0.5583449605310553, 0.44671778865257217, 0.1726106423152699, -0.08321122758236224, 0.34592809947885733, 0.4639449193091917], [-0.007282579416108998, 9.423304763179699e-05, -0.007282579416108998, -0.0384341699660212, -0.0384341699660212, -0.2118154482939753, -0.2118154482939753, -0.2365603153415275, -0.2365603153415275, -0.30669822476341824, -0.4243246641713267, -0.22168297581849553, -0.6106607857799644, -0.8212765102480325, -0.4219371048752788, -0.3455339664125491, -0.4057895721028189, -0.1324058424834467, 0.38390409659134406, 0.1196790888842975, -0.10234597827914084, -0.4243895958801364, 1.0, -0.04672609318959955, -0.1304277527307912, -0.04858476145559643, -0.24538872289635058, 0.0192888145618012, -0.017553137900217328, -0.5348898083155336, -0.15640420562040022, 0.004400907787094284, 0.02970432098589396, -0.15680512239131192, -0.40117791648837203], [-0.25197368494726624, -0.2522860231028491, -0.25197368494726624, -0.2555178543804836, -0.2555178543804836, -0.10664590715656783, -0.10664590715656783, 0.035062528380128785, 0.035062528380128785, 0.3968105277717614, 0.36746217318485724, -0.2375485701677995, 0.44481014825093845, 0.49223390379137083, 0.36578787929345813, -0.16040229531457267, 0.37902711886774215, -0.20146095291035837, -0.6618640633472852, 0.7523370279133149, -0.3147786262625776, 0.7756484060315579, -0.04672609318959955, 1.0, -0.09898092687435384, -0.3007144643607555, -0.05104596438650966, -0.3500764034632506, -0.3270648229884336, 0.10537752487258704, 0.1795294865381018, 0.27288176196691644, -0.38281131809463415, 0.1399943731151219, 0.10406573181842473], [0.8241072603237231, 0.6482607358648763, 0.8241072603237231, 0.8243021993821245, 0.8243021993821245, 0.8951582397926214, 0.8951582397926214, 0.7847810815105298, 0.7847810815105298, 0.8537443374558268, 0.866054503682154, 0.8617321497441809, 0.8466455566688856, 0.8041653287847857, 0.8655980039335197, 0.9079504457571256, 0.8990674907615646, 0.8227527803876701, 0.33372517386488915, -0.0776237637549094, 0.686416259716064, 0.36125114701402933, -0.1304277527307912, -0.09898092687435384, 1.0, 0.6126613157939945, 0.8435992879537254, 0.480473277971158, 0.6150899305753077, 0.5303524134811662, 0.6457648560682849, 0.40871988420915917, 0.6970543681522712, 0.6952692817871804, 0.4104129709698353], [0.9505543562525203, 0.9505064067126335, 0.9505543562525203, 0.9425539333341438, 0.9425539333341438, 0.910146861638761, 0.910146861638761, 0.8031056818353158, 0.8031056818353158, 0.8068713098748965, 0.9168895090798292, 0.8445345857005122, 0.9313614067002204, 0.9370835533651126, 0.9150262835805109, 0.921552439385421, 0.9303566440635159, 0.8351764447774522, 0.7997992361581775, 0.03961452359191755, 0.9249721146487082, -0.05543149257919686, -0.04858476145559643, -0.3007144643607555, 0.6126613157939945, 1.0, 0.8305756917598112, 0.8582555595547238, 0.7085782990512018, 0.3539856380862038, 0.49173519558581935, 0.6018058936054663, 0.9004069645162378, 0.6352489713748602, 0.05997105120626501], [0.904750719019909, 0.8768235420809969, 0.904750719019909, 0.9099401540844292, 0.9099401540844292, 0.9246648805969739, 0.9246648805969739, 0.8613372135240179, 0.8613372135240179, 0.8682646535110274, 0.9409132411148763, 0.8463034178157682, 0.9577154505376664, 0.9555003983244696, 0.9398585137012881, 0.9200815156938275, 0.9447169680622761, 0.8290434807939667, 0.48367642957424295, 0.03226120964977761, 0.8936358921295917, 0.2520114392636938, -0.24538872289635058, -0.05104596438650966, 0.8435992879537254, 0.8305756917598112, 1.0, 0.733939166299986, 0.5822333953054377, 0.5439393783345902, 0.5754269381656459, 0.5285707736936287, 0.800485454284973, 0.8187023748973934, 0.2067773363174623], [0.9277718673985904, 0.9222864332192092, 0.9277718673985904, 0.9173281965854406, 0.9173281965854406, 0.8952423057261187, 0.8952423057261187, 0.8414075814348343, 0.8414075814348343, 0.8492672178373271, 0.9127419468464114, 0.86548056143516, 0.9070967546647, 0.8934017696351605, 0.913140565103039, 0.9035921001291448, 0.9371766950489455, 0.9121335491930893, 0.8298088305088699, 0.197198328630652, 0.8596624868429105, -0.15958503470111748, 0.0192888145618012, -0.3500764034632506, 0.480473277971158, 0.8582555595547238, 0.733939166299986, 1.0, 0.9010772681757689, 0.5034209746555288, 0.67003264845935, 0.6693970002569776, 0.8707304213286343, 0.49339699785995883, 0.2899080456609229], [0.7687195475225647, 0.7819086198593348, 0.7687195475225647, 0.7803424702130721, 0.7803424702130721, 0.7270383482255757, 0.7270383482255757, 0.7402325624725691, 0.7402325624725691, 0.7426831366246553, 0.8027378906719442, 0.7816517691635102, 0.725801960821605, 0.6408011788289442, 0.8042610499564715, 0.7676510268123514, 0.823679337382806, 0.8297567068721944, 0.6810376770943105, 0.0361901090924639, 0.7490208640653175, 0.01828983336803097, -0.017553137900217328, -0.3270648229884336, 0.6150899305753077, 0.7085782990512018, 0.5822333953054377, 0.9010772681757689, 1.0, 0.5465311357450702, 0.6521590417925525, 0.6039355661386389, 0.7142643882914135, 0.5569325062126477, 0.4707783191250007], [0.4803022058232774, 0.4718744813940183, 0.4803022058232774, 0.5068666908884708, 0.5068666908884708, 0.7061074127203973, 0.7061074127203973, 0.8688027110653016, 0.8688027110653016, 0.7526998348657337, 0.8910242829957261, 0.7490192819592107, 0.8915877239525727, 0.9020998260549417, 0.8905878327389802, 0.8336089686894926, 0.8797877591258938, 0.7972480562753445, 0.042196490062559065, 0.11641727121204702, 0.5038693740616919, 0.5583449605310553, -0.5348898083155336, 0.10537752487258704, 0.5303524134811662, 0.3539856380862038, 0.5439393783345902, 0.5034209746555288, 0.5465311357450702, 1.0, 0.7322830479507347, 0.36841507806223434, 0.43735734563307754, 0.5300559761339504, 0.7858499728380425], [0.6118392566036293, 0.6086960957055502, 0.6118392566036293, 0.6063558268508246, 0.6063558268508246, 0.7243034376602404, 0.7243034376602404, 0.768014064870078, 0.768014064870078, 0.8118409605747938, 0.8722136699780136, 0.7823784319649113, 0.8521111586586402, 0.8385769710698104, 0.8732828111259954, 0.7743943548786283, 0.898691620655222, 0.7425521282923899, 0.27826684802617146, 0.38563392221411497, 0.5697314123176646, 0.44671778865257217, -0.15640420562040022, 0.1795294865381018, 0.6457648560682849, 0.49173519558581935, 0.5754269381656459, 0.67003264845935, 0.6521590417925525, 0.7322830479507347, 1.0, 0.7774434330873322, 0.46539657680601015, 0.7140327433738753, 0.5479349169230511], [0.6392723796390052, 0.66994766076796, 0.6392723796390052, 0.613511485383677, 0.613511485383677, 0.7149449111999762, 0.7149449111999762, 0.7190717050606529, 0.7190717050606529, 0.7905261311852996, 0.8146120594206832, 0.7168336604401003, 0.8061717739620007, 0.7574250322240034, 0.8156671044431494, 0.7726851511484988, 0.8448908631830598, 0.7010228777714176, 0.5576415654386966, 0.5948998614005598, 0.5435046225460634, 0.1726106423152699, 0.004400907787094284, 0.27288176196691644, 0.40871988420915917, 0.6018058936054663, 0.5285707736936287, 0.6693970002569776, 0.6039355661386389, 0.36841507806223434, 0.7774434330873322, 1.0, 0.4838112687671712, 0.6701628064113636, 0.19508777786948112], [0.9283791166024514, 0.9254618973000923, 0.9283791166024514, 0.9217956165813781, 0.9217956165813781, 0.8460809208936033, 0.8460809208936033, 0.7710835568113268, 0.7710835568113268, 0.8298315008394779, 0.895430535425041, 0.8620418919385543, 0.8763463128862872, 0.9092797056068871, 0.8952045446957979, 0.8701096181549917, 0.9073883577463984, 0.8368857893622385, 0.7760019971113934, -0.08192068293191071, 0.9001432696306186, -0.08321122758236224, 0.02970432098589396, -0.38281131809463415, 0.6970543681522712, 0.9004069645162378, 0.800485454284973, 0.8707304213286343, 0.7142643882914135, 0.43735734563307754, 0.46539657680601015, 0.4838112687671712, 1.0, 0.7077256090529881, 0.157742889936245], [0.811500929860637, 0.6740396636231728, 0.811500929860637, 0.8013606424378963, 0.8013606424378963, 0.8461478938586992, 0.8461478938586992, 0.8338190955065241, 0.8338190955065241, 0.8732506167663892, 0.9422724090421818, 0.7617529464280051, 0.9630199713740617, 0.9654322808892083, 0.9420574070131407, 0.8432441710910198, 0.9468283208119496, 0.7642492642648482, 0.4587307976060136, 0.15934075471598078, 0.649296766910393, 0.34592809947885733, -0.15680512239131192, 0.1399943731151219, 0.6952692817871804, 0.6352489713748602, 0.8187023748973934, 0.49339699785995883, 0.5569325062126477, 0.5300559761339504, 0.7140327433738753, 0.6701628064113636, 0.7077256090529881, 1.0, 0.1666854949832371], [0.1693651698300677, 0.16561503996598825, 0.1693651698300677, 0.1817875087770517, 0.1817875087770517, 0.4610429124486065, 0.4610429124486065, 0.7999933820771019, 0.7999933820771019, 0.7713708081601526, 0.7826334850668653, 0.730752174348099, 0.8183449624440237, 0.7880091338464071, 0.7823617213796663, 0.7883897726715592, 0.8379979135194693, 0.8467435972725156, -0.17024878032444252, 0.17282428174413375, 0.1603759584787657, 0.4639449193091917, -0.40117791648837203, 0.10406573181842473, 0.4104129709698353, 0.05997105120626501, 0.2067773363174623, 0.2899080456609229, 0.4707783191250007, 0.7858499728380425, 0.5479349169230511, 0.19508777786948112, 0.157742889936245, 0.1666854949832371, 1.0]], "x": ["^TAIEX       \u81fa\u7063\u52a0\u6b0a\u5831\u916c\u6307\u6578", "^TWII        \u81fa\u7063\u52a0\u6b0a\u6307\u6578", "^TAIEXx2     \u81fa\u7063\u52a0\u6b0a\u5831\u916c\u6307\u6578_\u65e5\u6b632", "^TAI50I      \u81fa\u706350\u5831\u916c\u6307\u6578", "^TAI50Ix2    \u81fa\u706350\u5831\u916c\u6307\u6578_\u65e5\u6b632", "^TAI100I     \u81fa\u7063\u4e2d\u578b100\u5831\u916c\u6307\u6578", "^TAI100Ix2   \u81fa\u7063\u4e2d\u578b100\u5831\u916c\u6307\u6578_\u65e5\u6b632", "^TAIDIVIDI   \u81fa\u7063\u9ad8\u80a1\u606f\u5831\u916c\u6307\u6578", "^TAIDIVIDIx2 \u81fa\u7063\u9ad8\u80a1\u606f\u5831\u916c\u6307\u6578_\u65e5\u6b632", "0050Fund     \u5143\u5927\u53f0\u7063\u5353\u8d8a50\u57fa\u91d1", "006208Fund   \u5bcc\u90a6\u53f0\u7063\u91c6\u540950\u57fa\u91d1", "0050         \u5143\u5927\u81fa\u706350", "00631L       \u5143\u5927\u53f0\u706350\u6b632", "00675L       \u5bcc\u90a6\u81fa\u7063\u52a0\u6b0a\u6b632", "006208       \u5bcc\u90a6\u53f050", "0051         \u5143\u5927\u4e2d\u578b100", "006204       \u6c38\u8c50\u81fa\u7063\u52a0\u6b0a", "0056         \u5143\u5927\u9ad8\u80a1\u606f", "2412         \u4e2d\u83ef\u96fb\u4fe1", "2002         \u4e2d\u92fc", "2330         \u53f0\u7a4d\u96fb", "2317         \u9d3b\u6d77", "6505         \u53f0\u5851\u77f3\u5316", "3481         \u7fa4\u5275", "2303         \u806f\u96fb", "2308         \u53f0\u9054\u96fb", "2454         \u806f\u767c\u79d1", "2886         \u5146\u8c50\u91d1", "2884         \u7389\u5c71\u91d1", "2891         \u4e2d\u4fe1\u91d1", "2892         \u7b2c\u4e00\u91d1", "5880         \u5408\u5eab\u91d1", "2881         \u5bcc\u90a6\u91d1", "2885         \u5143\u5927\u91d1", "2887         \u53f0\u65b0\u91d1"], "y": ["^TAIEX       \u81fa\u7063\u52a0\u6b0a\u5831\u916c\u6307\u6578", "^TWII        \u81fa\u7063\u52a0\u6b0a\u6307\u6578", "^TAIEXx2     \u81fa\u7063\u52a0\u6b0a\u5831\u916c\u6307\u6578_\u65e5\u6b632", "^TAI50I      \u81fa\u706350\u5831\u916c\u6307\u6578", "^TAI50Ix2    \u81fa\u706350\u5831\u916c\u6307\u6578_\u65e5\u6b632", "^TAI100I     \u81fa\u7063\u4e2d\u578b100\u5831\u916c\u6307\u6578", "^TAI100Ix2   \u81fa\u7063\u4e2d\u578b100\u5831\u916c\u6307\u6578_\u65e5\u6b632", "^TAIDIVIDI   \u81fa\u7063\u9ad8\u80a1\u606f\u5831\u916c\u6307\u6578", "^TAIDIVIDIx2 \u81fa\u7063\u9ad8\u80a1\u606f\u5831\u916c\u6307\u6578_\u65e5\u6b632", "0050Fund     \u5143\u5927\u53f0\u7063\u5353\u8d8a50\u57fa\u91d1", "006208Fund   \u5bcc\u90a6\u53f0\u7063\u91c6\u540950\u57fa\u91d1", "0050         \u5143\u5927\u81fa\u706350", "00631L       \u5143\u5927\u53f0\u706350\u6b632", "00675L       \u5bcc\u90a6\u81fa\u7063\u52a0\u6b0a\u6b632", "006208       \u5bcc\u90a6\u53f050", "0051         \u5143\u5927\u4e2d\u578b100", "006204       \u6c38\u8c50\u81fa\u7063\u52a0\u6b0a", "0056         \u5143\u5927\u9ad8\u80a1\u606f", "2412         \u4e2d\u83ef\u96fb\u4fe1", "2002         \u4e2d\u92fc", "2330         \u53f0\u7a4d\u96fb", "2317         \u9d3b\u6d77", "6505         \u53f0\u5851\u77f3\u5316", "3481         \u7fa4\u5275", "2303         \u806f\u96fb", "2308         \u53f0\u9054\u96fb", "2454         \u806f\u767c\u79d1", "2886         \u5146\u8c50\u91d1", "2884         \u7389\u5c71\u91d1", "2891         \u4e2d\u4fe1\u91d1", "2892         \u7b2c\u4e00\u91d1", "5880         \u5408\u5eab\u91d1", "2881         \u5bcc\u90a6\u91d1", "2885         \u5143\u5927\u91d1", "2887         \u53f0\u65b0\u91d1"], "zmin": -1, "zmax": 1, "colorbar": {"x": -0.2}}], "layout": {"autotypenumbers": "strict", "colorway": ["#636efa", "#EF553B", "#00cc96", "#ab63fa", "#FFA15A", "#19d3f3", "#FF6692", "#B6E880", "#FF97FF", "#FECB52"], "font": {"color": "#f2f5fa", "family": "Courier New"}, "hovermode": "closest", "hoverlabel": {"align": "left"}, "paper_bgcolor": "rgb(17,17,17)", "plot_bgcolor": "rgb(17,17,17)", "polar": {"bgcolor": "rgb(17,17,17)", "angularaxis": {"gridcolor": "#506784", "linecolor": "#506784", "ticks": ""}, "radialaxis": {"gridcolor": "#506784", "linecolor": "#506784", "ticks": ""}}, "ternary": {"bgcolor": "rgb(17,17,17)", "aaxis": {"gridcolor": "#506784", "linecolor": "#506784", "ticks": ""}, "baxis": {"gridcolor": "#506784", "linecolor": "#506784", "ticks": ""}, "caxis": {"gridcolor": "#506784", "linecolor": "#506784", "ticks": ""}}, "coloraxis": {"colorbar": {"outlinewidth": 0, "ticks": ""}}, "colorscale": {"sequential": [[0.0, "#0d0887"], [0.1111111111111111, "#46039f"], [0.2222222222222222, "#7201a8"], [0.3333333333333333, "#9c179e"], [0.4444444444444444, "#bd3786"], [0.5555555555555556, "#d8576b"], [0.6666666666666666, "#ed7953"], [0.7777777777777778, "#fb9f3a"], [0.8888888888888888, "#fdca26"], [1.0, "#f0f921"]], "sequentialminus": [[0.0, "#0d0887"], [0.1111111111111111, "#46039f"], [0.2222222222222222, "#7201a8"], [0.3333333333333333, "#9c179e"], [0.4444444444444444, "#bd3786"], [0.5555555555555556, "#d8576b"], [0.6666666666666666, "#ed7953"], [0.7777777777777778, "#fb9f3a"], [0.8888888888888888, "#fdca26"], [1.0, "#f0f921"]], "diverging": [[0, "#8e0152"], [0.1, "#c51b7d"], [0.2, "#de77ae"], [0.3, "#f1b6da"], [0.4, "#fde0ef"], [0.5, "#f7f7f7"], [0.6, "#e6f5d0"], [0.7, "#b8e186"], [0.8, "#7fbc41"], [0.9, "#4d9221"], [1, "#276419"]]}, "xaxis": {"gridcolor": "rgba(0, 0, 0, 0)", "linecolor": "#506784", "ticks": "", "title": {"standoff": 15}, "zerolinecolor": "#283442", "automargin": true, "zerolinewidth": 2, "tickfont": {"family": "Courier New", "size": 14}, "side": "top", "tickangle": -90}, "yaxis": {"gridcolor": "rgba(0, 0, 0, 0)", "linecolor": "#506784", "ticks": "", "title": {"standoff": 15}, "zerolinecolor": "#283442", "automargin": true, "zerolinewidth": 2, "tickfont": {"family": "Courier New"}, "side": "right"}, "scene": {"xaxis": {"backgroundcolor": "rgb(17,17,17)", "gridcolor": "#506784", "linecolor": "#506784", "showbackground": true, "ticks": "", "zerolinecolor": "#C8D4E3", "gridwidth": 2}, "yaxis": {"backgroundcolor": "rgb(17,17,17)", "gridcolor": "#506784", "linecolor": "#506784", "showbackground": true, "ticks": "", "zerolinecolor": "#C8D4E3", "gridwidth": 2}, "zaxis": {"backgroundcolor": "rgb(17,17,17)", "gridcolor": "#506784", "linecolor": "#506784", "showbackground": true, "ticks": "", "zerolinecolor": "#C8D4E3", "gridwidth": 2}}, "shapedefaults": {"line": {"color": "#f2f5fa"}}, "annotationdefaults": {"arrowcolor": "#f2f5fa", "arrowhead": 0, "arrowwidth": 1}, "geo": {"bgcolor": "rgb(17,17,17)", "landcolor": "rgb(17,17,17)", "subunitcolor": "#506784", "showland": true, "showlakes": true, "lakecolor": "rgb(17,17,17)"}, "title": {"x": 0.05, "font": {"family": "Times New Roman"}, "y": 0.05, "text": "<b>Correlation of Close<b><br><i>2016-09-23 ~ 2025-08-06<i>"}, "updatemenudefaults": {"bgcolor": "#506784", "borderwidth": 0}, "sliderdefaults": {"bgcolor": "#C8D4E3", "borderwidth": 1, "bordercolor": "rgb(17,17,17)", "tickwidth": 0}, "mapbox": {"style": "dark"}, "annotations": [{"text": "<b>@zwindr<b>", "textangle": 0, "opacity": 0.5, "font": {"color": "white", "size": 12}, "xref": "paper", "yref": "paper", "xanchor": "left", "yanchor": "bottom", "x": 1.0, "y": 1.0, "showarrow": false}]}, "config": {"responsive": true, "toImageButtonOptions": {"filename": "Correlation of Close_2016-09-23~2025-08-06", "scale": 5}}};

    Plotly.newPlot("correlationClose",
        correlationClose.data,
        correlationClose.layout || {},
        correlationClose.config);
} else {
    // The element with the specified ID does not exist
    console.log("style display is none => correlationClose");
}