var element=document.getElementById("correlationAdjClose");if(element.style.display!='none'){var correlationAdjClose={"data":[{"type":"heatmap","z":[[1.0,0.9952872768408743,0.9739724907286376,0.9968871537741614,0.9521222774815904,0.984606505995789,0.9558684619829566,0.9880030657362623,0.9759558005171338,0.9970415098208586,0.9965152234565167,0.9969829679819481,0.9926196593479713,0.9937420791229257,0.9965974141450475,0.9859237229039499,0.9997314903563598,0.9877309083214878,0.8964324611814172,0.9167270016745207,0.6752507152761904,0.9844337873994504,0.9373027891713039,0.34685589113102433,-0.2938465197332542,0.8994576358058003,0.925131852321033,0.9617979961951931,0.974798100841264,0.964297482571521,0.9799797296565467,0.9692339916790275,0.9378768560395101,0.9834062295271321,0.9763677742539953,0.9572535214330823],[0.9952872768408743,1.0,0.9707682001499381,0.9919928416433753,0.948714376860626,0.9809036450231486,0.952187202083789,0.9804636263397402,0.9703726496040307,0.9932382512543783,0.9949971516116972,0.9945608237384382,0.9919128573623597,0.9920446478749257,0.9950519426685647,0.9812120423517372,0.9974701784983431,0.9824695557882973,0.9159851375562744,0.907003128779288,0.6973839029114703,0.9699059871043276,0.9213017103842017,0.3462079411254781,-0.22701898269320478,0.8787732595455089,0.9202536072861623,0.9611866732964041,0.9563002249803674,0.9526150134138031,0.9716941014507787,0.9560180155463753,0.9370898703235306,0.9743989631850124,0.9682004544631907,0.9524265095556933],[0.9739724907286376,0.9707682001499381,1.0,0.9843797760335078,0.9940993628646997,0.9700702610084956,0.9778420205310199,0.9542884605426163,0.9748818869575937,0.984112698971307,0.9907624410169797,0.9874923083179337,0.9971120558299462,0.9969084459431844,0.9904863340576837,0.9674107533060898,0.9843263545938334,0.9536802142007463,0.8509528000142574,0.8165756653176142,0.5383313384539311,0.9924439292631363,0.9359733519557311,0.17396576090546836,-0.21679392157466829,0.8770323697316587,0.9462421683157775,0.9675008450234871,0.9105386182959757,0.9033150766946164,0.9673285404460673,0.9053828521871149,0.8778028338684499,0.9617380707398432,0.9711051465907622,0.9146027476352153],[0.9968871537741614,0.9919928416433753,0.9843797760335078,1.0,0.9700223564571572,0.9759338411633883,0.9536340432317226,0.9782628096529493,0.9717929802962267,0.9999721045978763,0.9999924648073887,0.9999649020630971,0.9938712822358926,0.992770530519339,0.999953525602911,0.974512611651053,0.9957675745773072,0.9776228416033721,0.8775872413300654,0.896914315849257,0.63448230704131,0.9940807394136322,0.942142908089959,0.31221084381077424,-0.2816931251558464,0.8894750495908802,0.9388599320793827,0.9642754127353004,0.9603281869757669,0.9564281531439648,0.9821202975888393,0.954824673624635,0.9200878377906712,0.9797466901683891,0.9744840685296917,0.9455680418529804],[0.9521222774815904,0.948714376860626,0.9940993628646997,0.9700223564571572,1.0,0.9399033610158746,0.9554030109376122,0.9240861578917257,0.9506768888235898,0.9701357948270375,0.979559603714903,0.9755840815979471,0.9831010238597755,0.980605723850883,0.9790734780052622,0.9357651490026705,0.9634073825833704,0.9230872481256326,0.8119912526931311,0.7806219102133731,0.483763659995212,0.985569016370955,0.9277576583944551,0.13691218698236415,-0.203754215815788,0.8386062490799403,0.9541680116118729,0.9486310526793653,0.8743075720916222,0.874476613657505,0.9523502899014091,0.8695580054111121,0.8346729704059019,0.9395351258946805,0.9494122574277132,0.87941805380959],[0.984606505995789,0.9809036450231486,0.9700702610084956,0.9759338411633883,0.9399033610158746,1.0,0.983240081598335,0.9829232464684007,0.983613678451752,0.975427766013164,0.9698481746724796,0.9734222649679003,0.9716046046517507,0.9690741077070745,0.969852392684623,0.9999046225169482,0.9872667691188336,0.9837759073782109,0.9011078168452085,0.8725793715090439,0.6450056648683163,0.9670308419047507,0.9096903257501292,0.22660941065445292,-0.2189085453138734,0.9323049885418805,0.897232256851643,0.9661051233456306,0.959232394517018,0.9363327937940162,0.9598016796272167,0.9551381907723993,0.9506626717723674,0.9649725357273475,0.9803634912128448,0.959706598203508],[0.9558684619829566,0.952187202083789,0.9778420205310199,0.9536340432317226,0.9554030109376122,0.983240081598335,1.0,0.9548580845343486,0.9849449473265857,0.9523874182122966,0.9617176545470815,0.9585799972045025,0.9773106347299807,0.9775117860704335,0.9615100029213641,0.9844328486879355,0.9732024871789039,0.9571644543722925,0.8644158026004328,0.7927431951592995,0.5338905884405883,0.9570144668507307,0.9128722207507096,0.08769633538269184,-0.1588635012855149,0.8936015761886136,0.8996895972292928,0.9617324469217818,0.9033925761009896,0.8747725513205028,0.9425498017245263,0.8979258482105325,0.9010098303459476,0.9399034721687557,0.9710799660051409,0.9164053675748716],[0.9880030657362623,0.9804636263397402,0.9542884605426163,0.9782628096529493,0.9240861578917257,0.9829232464684007,0.9548580845343486,1.0,0.984153407004511,0.9782625795579057,0.9731774127123237,0.9770814291079621,0.9652614098772732,0.9640095758898477,0.9733968996993543,0.9847219583488274,0.985503437371519,0.9998870706789874,0.9282425711546289,0.930545020363019,0.6150856457136471,0.9644388841330731,0.9026033101377249,0.2028839633726076,-0.30797844211874725,0.9088793400465466,0.8703130199955199,0.9470948909179913,0.9794478611479005,0.9586450560660528,0.9679749975907066,0.9670247518127598,0.938006574885556,0.9647774907328892,0.9615056947079759,0.9691515158449765],[0.9759558005171338,0.9703726496040307,0.9748818869575937,0.9717929802962267,0.9506768888235898,0.983613678451752,0.9849449473265857,0.984153407004511,1.0,0.9711128112690859,0.9669517283870014,0.9698575158889643,0.9695771140793286,0.9659826850245521,0.9668974849123034,0.9827184250850566,0.9754538667431695,0.9835269738207801,0.9024672154781636,0.8647166545917594,0.5319818813755887,0.9683131852475875,0.9214549145282857,0.06295104881939505,-0.23118414743383736,0.8869358970141744,0.8808694130743348,0.966693861103559,0.9384976561228677,0.9090197153511429,0.9636974473678553,0.9252404166863293,0.9042379095264119,0.9560411978897874,0.9747470285634778,0.931635547068362],[0.9970415098208586,0.9932382512543783,0.984112698971307,0.9999721045978763,0.9701357948270375,0.975427766013164,0.9523874182122966,0.9782625795579057,0.9711128112690859,1.0,0.9999911449555485,0.9999834578561643,0.9937809953690777,0.9926629134453037,0.9999577423335729,0.9740143967011364,0.9956574804925965,0.9777149989082341,0.8793345271239618,0.898187966816651,0.6309074140296527,0.9942729120181482,0.9421308336655111,0.31716071145095004,-0.2811757334407661,0.8899999158243457,0.9372276704601811,0.9629183779534488,0.9600660719292409,0.9556291505522321,0.981280790181991,0.9542401902439136,0.9187774513098332,0.9790367163325502,0.973517161049121,0.9442025614224264],[0.9965152234565167,0.9949971516116972,0.9907624410169797,0.9999924648073887,0.979559603714903,0.9698481746724796,0.9617176545470815,0.9731774127123237,0.9669517283870014,0.9999911449555485,1.0,0.999975108521323,0.993896983828443,0.9927721016241051,0.9999601798784138,0.9694379363487343,0.995449459100229,0.9736862816166,0.8990894402405059,0.9264487765394668,0.4986484526871534,0.9973432766227193,0.9296257293510586,-0.16599407569542837,0.39092530283981375,0.8851520380770893,0.9110736814511142,0.9638952415273295,0.9500555089135739,0.9389890175721889,0.9740468015086485,0.9339047940227306,0.8941669305068447,0.9706986497450396,0.9818962659161318,0.9400664809116803],[0.9969829679819481,0.9945608237384382,0.9874923083179337,0.9999649020630971,0.9755840815979471,0.9734222649679003,0.9585799972045025,0.9770814291079621,0.9698575158889643,0.9999834578561643,0.999975108521323,1.0,0.9937681515974878,0.9926276057239598,0.9999683603956641,0.973148026569187,0.995570120321975,0.9771072769813464,0.8866817756668929,0.9151253291360252,0.5679464056016401,0.9963687913361877,0.9396193595166376,0.04682107005134513,-0.1834310608118447,0.9009846201271492,0.9243308757426423,0.9584611431504196,0.9535942218497268,0.9463546390248195,0.9782665108645727,0.9447870211610189,0.9129013748172877,0.9757368760042827,0.9733887476663423,0.9474615031696026],[0.9926196593479713,0.9919128573623597,0.9971120558299462,0.9938712822358926,0.9831010238597755,0.9716046046517507,0.9773106347299807,0.9652614098772732,0.9695771140793286,0.9937809953690777,0.993896983828443,0.9937681515974878,1.0,0.999790595039862,0.9938429836586858,0.9710936277627491,0.992751436976659,0.9656845725808788,0.8856024682318955,0.9137939505463709,0.41652370748588086,0.9904819927300385,0.9268283483498693,-0.4254069275523421,0.4065728867770163,0.8639567627320289,0.914073655669877,0.964203591022378,0.9303746960991884,0.9078415174280035,0.9602339650738778,0.9100572479751551,0.8591354249610224,0.9669449608754981,0.9780207551887862,0.931856040801091],[0.9937420791229257,0.9920446478749257,0.9969084459431844,0.992770530519339,0.980605723850883,0.9690741077070745,0.9775117860704335,0.9640095758898477,0.9659826850245521,0.9926629134453037,0.9927721016241051,0.9926276057239598,0.999790595039862,1.0,0.992834270011076,0.968440549225102,0.9936813212378119,0.9645735361461639,0.8694955196259572,0.9239711695131674,0.2711410056456869,0.9872333872132182,0.9212553841086851,-0.7540495656533592,0.3772784499562429,0.8312238610500807,0.9126942127510583,0.9595598892268408,0.9236346235085912,0.8981789875865632,0.9548011320916998,0.9115708129359918,0.8368041963231831,0.9671022956767319,0.9763867782654609,0.9274226419761091],[0.9965974141450475,0.9950519426685647,0.9904863340576837,0.999953525602911,0.9790734780052622,0.969852392684623,0.9615100029213641,0.9733968996993543,0.9668974849123034,0.9999577423335729,0.9999601798784138,0.9999683603956641,0.9938429836586858,0.992834270011076,1.0,0.9695141339353996,0.9955252140383254,0.973825983861388,0.8994431434299632,0.9269943970550448,0.49881763789650174,0.9971617304621766,0.9297641202821996,-0.1638389723577179,0.3934359053945416,0.8853757877852141,0.9102494332288238,0.9634557693941567,0.9502565321030338,0.9393544165259708,0.9740565107762987,0.9344492456225411,0.8945991719215192,0.9706349579974166,0.9819229455955365,0.9407146264772773],[0.9859237229039499,0.9812120423517372,0.9674107533060898,0.974512611651053,0.9357651490026705,0.9999046225169482,0.9844328486879355,0.9847219583488274,0.9827184250850566,0.9740143967011364,0.9694379363487343,0.973148026569187,0.9710936277627491,0.968440549225102,0.9695141339353996,1.0,0.9872280232238891,0.9840174743046917,0.9040783539353233,0.8964674684031722,0.6306982729134214,0.964405552049512,0.9042894743221753,0.07880942901007666,-0.19536024241489314,0.9391334157739332,0.8854164842503213,0.9633725886433088,0.9626146741175233,0.9338381822511514,0.9564416866490084,0.9564296516373567,0.9495237240563832,0.9669100032978277,0.9795323753034305,0.9637153298646151],[0.9997314903563598,0.9974701784983431,0.9843263545938334,0.9957675745773072,0.9634073825833704,0.9872667691188336,0.9732024871789039,0.985503437371519,0.9754538667431695,0.9956574804925965,0.995449459100229,0.995570120321975,0.992751436976659,0.9936813212378119,0.9955252140383254,0.9872280232238891,1.0,0.9859614257648687,0.9201052355065606,0.9377699698216602,0.5599179342808074,0.9882638984820405,0.9210637370244853,-0.10525441340109198,0.4203203350946452,0.915651105790727,0.8985383641580862,0.9674990141309363,0.9684814215474195,0.9489254870763235,0.9720315145912566,0.9539659735331653,0.9267359450646754,0.9771713203327402,0.987601628511648,0.9635282723390108],[0.9877309083214878,0.9824695557882973,0.9536802142007463,0.9776228416033721,0.9230872481256326,0.9837759073782109,0.9571644543722925,0.9998870706789874,0.9835269738207801,0.9777149989082341,0.9736862816166,0.9771072769813464,0.9656845725808788,0.9645735361461639,0.973825983861388,0.9840174743046917,0.9859614257648687,1.0,0.9311317783333741,0.9367221440676203,0.6120040741839943,0.9627783663331326,0.9061668473492334,0.16612326729768856,-0.28765020739110947,0.9136013664321733,0.8655702695063958,0.947040497585045,0.9799460985687735,0.9581212067232671,0.9662937782242467,0.9658015742282133,0.9376866422759567,0.9639660061842087,0.9595437108147831,0.9702312083918287],[0.8964324611814172,0.9159851375562744,0.8509528000142574,0.8775872413300654,0.8119912526931311,0.9011078168452085,0.8644158026004328,0.9282425711546289,0.9024672154781636,0.8793345271239618,0.8990894402405059,0.8866817756668929,0.8856024682318955,0.8694955196259572,0.8994431434299632,0.9040783539353233,0.9201052355065606,0.9311317783333741,1.0,0.831875878592048,0.6881872363034541,0.8485012134600743,0.8059941077778157,0.24997902871683303,-0.16410336249663426,0.8604484564410789,0.7386096442202382,0.8574855560610904,0.8944420037595203,0.861596994506286,0.8531070914556552,0.8740229698383488,0.8604573886829023,0.8557064333633025,0.8733212852757412,0.8967568066530197],[0.9167270016745207,0.907003128779288,0.8165756653176142,0.896914315849257,0.7806219102133731,0.8725793715090439,0.7927431951592995,0.930545020363019,0.8647166545917594,0.898187966816651,0.9264487765394668,0.9151253291360252,0.9137939505463709,0.9239711695131674,0.9269943970550448,0.8964674684031722,0.9377699698216602,0.9367221440676203,0.831875878592048,1.0,0.8205845281089043,0.8464384746422213,0.8659036693879884,0.6247375728914304,-0.5215671797774447,0.7224860362135535,0.8143399817297121,0.8165403679153711,0.9601753867159849,0.9388509654703178,0.8955803925130809,0.9479398363931888,0.9026067827542882,0.8998913271639087,0.8509148783758061,0.8878899150312476],[0.6752507152761904,0.6973839029114703,0.5383313384539311,0.63448230704131,0.483763659995212,0.6450056648683163,0.5338905884405883,0.6150856457136471,0.5319818813755887,0.6309074140296527,0.4986484526871534,0.5679464056016401,0.41652370748588086,0.2711410056456869,0.49881763789650174,0.6306982729134214,0.5599179342808074,0.6120040741839943,0.6881872363034541,0.8205845281089043,1.0,0.5657712432017835,0.6753286103289617,0.7237745406928918,-0.11598964430844037,0.5318851821860547,0.5665206953725869,0.5982302365951961,0.7651423146151483,0.6934202468207135,0.6051525317863606,0.7287238149835503,0.7480398671762538,0.6491103707681704,0.6160134242095012,0.6698115558445696],[0.9844337873994504,0.9699059871043276,0.9924439292631363,0.9940807394136322,0.985569016370955,0.9670308419047507,0.9570144668507307,0.9644388841330731,0.9683131852475875,0.9942729120181482,0.9973432766227193,0.9963687913361877,0.9904819927300385,0.9872333872132182,0.9971617304621766,0.964405552049512,0.9882638984820405,0.9627783663331326,0.8485012134600743,0.8464384746422213,0.5657712432017835,1.0,0.921053529754052,0.23957123859681356,-0.2715512181217801,0.8707572744122829,0.9453526446259766,0.9665856299102586,0.9256409136279887,0.9353819043946847,0.9740420556420761,0.9293399285173706,0.8902230561652063,0.9681183703095524,0.9603383386363661,0.9244923945364574],[0.9373027891713039,0.9213017103842017,0.9359733519557311,0.942142908089959,0.9277576583944551,0.9096903257501292,0.9128722207507096,0.9026033101377249,0.9214549145282857,0.9421308336655111,0.9296257293510586,0.9396193595166376,0.9268283483498693,0.9212553841086851,0.9297641202821996,0.9042894743221753,0.9210637370244853,0.9061668473492334,0.8059941077778157,0.8659036693879884,0.6753286103289617,0.921053529754052,1.0,0.2804555951382868,-0.18760357479744544,0.7242740836972346,0.9125388303934766,0.9035637278707359,0.8983273433918746,0.8615585874649947,0.939033441029906,0.8738269821196297,0.840685252602652,0.9334902935840841,0.8916717656160802,0.8631715670235571],[0.34685589113102433,0.3462079411254781,0.17396576090546836,0.31221084381077424,0.13691218698236415,0.22660941065445292,0.08769633538269184,0.2028839633726076,0.06295104881939505,0.31716071145095004,-0.16599407569542837,0.04682107005134513,-0.4254069275523421,-0.7540495656533592,-0.1638389723577179,0.07880942901007666,-0.10525441340109198,0.16612326729768856,0.24997902871683303,0.6247375728914304,0.7237745406928918,0.23957123859681356,0.2804555951382868,1.0,-0.3793814833927169,0.25458243270245595,0.2184352627496128,0.1613799679433786,0.45036904071954986,0.44148021184687974,0.2829455912839378,0.46460120106928043,0.39473281277901595,0.3135051393713808,0.23592714831033323,0.3558430926510347],[-0.2938465197332542,-0.22701898269320478,-0.21679392157466829,-0.2816931251558464,-0.203754215815788,-0.2189085453138734,-0.1588635012855149,-0.30797844211874725,-0.23118414743383736,-0.2811757334407661,0.39092530283981375,-0.1834310608118447,0.4065728867770163,0.3772784499562429,0.3934359053945416,-0.19536024241489314,0.4203203350946452,-0.28765020739110947,-0.16410336249663426,-0.5215671797774447,-0.11598964430844037,-0.2715512181217801,-0.18760357479744544,-0.3793814833927169,1.0,-0.15762034462418403,-0.2576875831770471,-0.18294422276288785,-0.38450064423521585,-0.373001014816975,-0.3109646591127537,-0.34286434085200573,-0.2105572300147537,-0.33854025347084316,-0.18335118746542028,-0.314081578465222],[0.8994576358058003,0.8787732595455089,0.8770323697316587,0.8894750495908802,0.8386062490799403,0.9323049885418805,0.8936015761886136,0.9088793400465466,0.8869358970141744,0.8899999158243457,0.8851520380770893,0.9009846201271492,0.8639567627320289,0.8312238610500807,0.8853757877852141,0.9391334157739332,0.915651105790727,0.9136013664321733,0.8604484564410789,0.7224860362135535,0.5318851821860547,0.8707572744122829,0.7242740836972346,0.25458243270245595,-0.15762034462418403,1.0,0.7653197109504071,0.8891528792858665,0.8268555168918228,0.8695537206618623,0.8331300497945727,0.8769977763684794,0.8717411060021961,0.8640978948588067,0.8710062012216346,0.9023527620125537],[0.925131852321033,0.9202536072861623,0.9462421683157775,0.9388599320793827,0.9541680116118729,0.897232256851643,0.8996895972292928,0.8703130199955199,0.8808694130743348,0.9372276704601811,0.9110736814511142,0.9243308757426423,0.914073655669877,0.9126942127510583,0.9102494332288238,0.8854164842503213,0.8985383641580862,0.8655702695063958,0.7386096442202382,0.8143399817297121,0.5665206953725869,0.9453526446259766,0.9125388303934766,0.2184352627496128,-0.2576875831770471,0.7653197109504071,1.0,0.8876491274355368,0.8692894683061146,0.861878205389284,0.9163341868614036,0.8581557290098774,0.8191444066516662,0.9119701707718807,0.8986372803264759,0.8563866345044491],[0.9617979961951931,0.9611866732964041,0.9675008450234871,0.9642754127353004,0.9486310526793653,0.9661051233456306,0.9617324469217818,0.9470948909179913,0.966693861103559,0.9629183779534488,0.9638952415273295,0.9584611431504196,0.964203591022378,0.9595598892268408,0.9634557693941567,0.9633725886433088,0.9674990141309363,0.947040497585045,0.8574855560610904,0.8165403679153711,0.5982302365951961,0.9665856299102586,0.9035637278707359,0.1613799679433786,-0.18294422276288785,0.8891528792858665,0.8876491274355368,1.0,0.9130829208339676,0.8983430949160404,0.94755426891678,0.898113616276567,0.8891761950710065,0.9533777456522197,0.9746592191560424,0.8986364864131238],[0.974798100841264,0.9563002249803674,0.9105386182959757,0.9603281869757669,0.8743075720916222,0.959232394517018,0.9033925761009896,0.9794478611479005,0.9384976561228677,0.9600660719292409,0.9500555089135739,0.9535942218497268,0.9303746960991884,0.9236346235085912,0.9502565321030338,0.9626146741175233,0.9684814215474195,0.9799460985687735,0.8944420037595203,0.9601753867159849,0.7651423146151483,0.9256409136279887,0.8983273433918746,0.45036904071954986,-0.38450064423521585,0.8268555168918228,0.8692894683061146,0.9130829208339676,1.0,0.9867660829601859,0.9585988110954274,0.990845753998372,0.9544181785810139,0.9591469970210896,0.9158643794153286,0.9688502420716832],[0.964297482571521,0.9526150134138031,0.9033150766946164,0.9564281531439648,0.874476613657505,0.9363327937940162,0.8747725513205028,0.9586450560660528,0.9090197153511429,0.9556291505522321,0.9389890175721889,0.9463546390248195,0.9078415174280035,0.8981789875865632,0.9393544165259708,0.9338381822511514,0.9489254870763235,0.9581212067232671,0.861596994506286,0.9388509654703178,0.6934202468207135,0.9353819043946847,0.8615585874649947,0.44148021184687974,-0.373001014816975,0.8695537206618623,0.861878205389284,0.8983430949160404,0.9867660829601859,1.0,0.950299397186978,0.9848156667482004,0.9565900089391364,0.9418094123303365,0.9257883237532194,0.9650885166092031],[0.9799797296565467,0.9716941014507787,0.9673285404460673,0.9821202975888393,0.9523502899014091,0.9598016796272167,0.9425498017245263,0.9679749975907066,0.9636974473678553,0.981280790181991,0.9740468015086485,0.9782665108645727,0.9602339650738778,0.9548011320916998,0.9740565107762987,0.9564416866490084,0.9720315145912566,0.9662937782242467,0.8531070914556552,0.8955803925130809,0.6051525317863606,0.9740420556420761,0.939033441029906,0.2829455912839378,-0.3109646591127537,0.8331300497945727,0.9163341868614036,0.94755426891678,0.9585988110954274,0.950299397186978,1.0,0.9500724440160477,0.909111665533172,0.978989547236845,0.9653149008123858,0.9448312276303101],[0.9692339916790275,0.9560180155463753,0.9053828521871149,0.954824673624635,0.8695580054111121,0.9551381907723993,0.8979258482105325,0.9670247518127598,0.9252404166863293,0.9542401902439136,0.9339047940227306,0.9447870211610189,0.9100572479751551,0.9115708129359918,0.9344492456225411,0.9564296516373567,0.9539659735331653,0.9658015742282133,0.8740229698383488,0.9479398363931888,0.7287238149835503,0.9293399285173706,0.8738269821196297,0.46460120106928043,-0.34286434085200573,0.8769977763684794,0.8581557290098774,0.898113616276567,0.990845753998372,0.9848156667482004,0.9500724440160477,1.0,0.974340958223179,0.9470458849249376,0.9386859562836977,0.9654619713516525],[0.9378768560395101,0.9370898703235306,0.8778028338684499,0.9200878377906712,0.8346729704059019,0.9506626717723674,0.9010098303459476,0.938006574885556,0.9042379095264119,0.9187774513098332,0.8941669305068447,0.9129013748172877,0.8591354249610224,0.8368041963231831,0.8945991719215192,0.9495237240563832,0.9267359450646754,0.9376866422759567,0.8604573886829023,0.9026067827542882,0.7480398671762538,0.8902230561652063,0.840685252602652,0.39473281277901595,-0.2105572300147537,0.8717411060021961,0.8191444066516662,0.8891761950710065,0.9544181785810139,0.9565900089391364,0.909111665533172,0.974340958223179,1.0,0.906907376737668,0.9265221916048099,0.9539671792056695],[0.9834062295271321,0.9743989631850124,0.9617380707398432,0.9797466901683891,0.9395351258946805,0.9649725357273475,0.9399034721687557,0.9647774907328892,0.9560411978897874,0.9790367163325502,0.9706986497450396,0.9757368760042827,0.9669449608754981,0.9671022956767319,0.9706349579974166,0.9669100032978277,0.9771713203327402,0.9639660061842087,0.8557064333633025,0.8998913271639087,0.6491103707681704,0.9681183703095524,0.9334902935840841,0.3135051393713808,-0.33854025347084316,0.8640978948588067,0.9119701707718807,0.9533777456522197,0.9591469970210896,0.9418094123303365,0.978989547236845,0.9470458849249376,0.906907376737668,1.0,0.9618266626442968,0.9467321382532049],[0.9763677742539953,0.9682004544631907,0.9711051465907622,0.9744840685296917,0.9494122574277132,0.9803634912128448,0.9710799660051409,0.9615056947079759,0.9747470285634778,0.973517161049121,0.9818962659161318,0.9733887476663423,0.9780207551887862,0.9763867782654609,0.9819229455955365,0.9795323753034305,0.987601628511648,0.9595437108147831,0.8733212852757412,0.8509148783758061,0.6160134242095012,0.9603383386363661,0.8916717656160802,0.23592714831033323,-0.18335118746542028,0.8710062012216346,0.8986372803264759,0.9746592191560424,0.9158643794153286,0.9257883237532194,0.9653149008123858,0.9386859562836977,0.9265221916048099,0.9618266626442968,1.0,0.9261311131655474],[0.9572535214330823,0.9524265095556933,0.9146027476352153,0.9455680418529804,0.87941805380959,0.959706598203508,0.9164053675748716,0.9691515158449765,0.931635547068362,0.9442025614224264,0.9400664809116803,0.9474615031696026,0.931856040801091,0.9274226419761091,0.9407146264772773,0.9637153298646151,0.9635282723390108,0.9702312083918287,0.8967568066530197,0.8878899150312476,0.6698115558445696,0.9244923945364574,0.8631715670235571,0.3558430926510347,-0.314081578465222,0.9023527620125537,0.8563866345044491,0.8986364864131238,0.9688502420716832,0.9650885166092031,0.9448312276303101,0.9654619713516525,0.9539671792056695,0.9467321382532049,0.9261311131655474,1.0]],"x":["^TAIEX       \u81fa\u7063\u52a0\u6b0a\u5831\u916c\u6307\u6578","^TWII        \u81fa\u7063\u52a0\u6b0a\u6307\u6578","^TAIEXx2     \u81fa\u7063\u52a0\u6b0a\u5831\u916c\u6307\u6578_\u65e5\u6b632","^TAI50I      \u81fa\u706350\u5831\u916c\u6307\u6578","^TAI50Ix2    \u81fa\u706350\u5831\u916c\u6307\u6578_\u65e5\u6b632","^TAI100I     \u81fa\u7063\u4e2d\u578b100\u5831\u916c\u6307\u6578","^TAI100Ix2   \u81fa\u7063\u4e2d\u578b100\u5831\u916c\u6307\u6578_\u65e5\u6b632","^TAIDIVIDI   \u81fa\u7063\u9ad8\u80a1\u606f\u5831\u916c\u6307\u6578","^TAIDIVIDIx2 \u81fa\u7063\u9ad8\u80a1\u606f\u5831\u916c\u6307\u6578_\u65e5\u6b632","0050Fund     \u5143\u5927\u53f0\u7063\u5353\u8d8a50\u57fa\u91d1","006208Fund   \u5bcc\u90a6\u53f0\u7063\u91c6\u540950\u57fa\u91d1","0050         \u5143\u5927\u81fa\u706350","00631L       \u5143\u5927\u53f0\u706350\u6b632","00675L       \u5bcc\u90a6\u81fa\u7063\u52a0\u6b0a\u6b632","006208       \u5bcc\u90a6\u53f050","0051         \u5143\u5927\u4e2d\u578b100","006204       \u6c38\u8c50\u81fa\u7063\u52a0\u6b0a","0056         \u5143\u5927\u9ad8\u80a1\u606f","0056         \u5143\u5927\u9ad8\u80a1\u606f_\u80a1\u606f\u4e0d\u6295\u5165","2412         \u4e2d\u83ef\u96fb\u4fe1","2002         \u4e2d\u92fc","2330         \u53f0\u7a4d\u96fb","2317         \u9d3b\u6d77","6505         \u53f0\u5851\u77f3\u5316","3481         \u7fa4\u5275","2303         \u806f\u96fb","2308         \u53f0\u9054\u96fb","2454         \u806f\u767c\u79d1","2886         \u5146\u8c50\u91d1","2884         \u7389\u5c71\u91d1","2891         \u4e2d\u4fe1\u91d1","2892         \u7b2c\u4e00\u91d1","5880         \u5408\u5eab\u91d1","2881         \u5bcc\u90a6\u91d1","2885         \u5143\u5927\u91d1","2887         \u53f0\u65b0\u91d1"],"y":["^TAIEX       \u81fa\u7063\u52a0\u6b0a\u5831\u916c\u6307\u6578","^TWII        \u81fa\u7063\u52a0\u6b0a\u6307\u6578","^TAIEXx2     \u81fa\u7063\u52a0\u6b0a\u5831\u916c\u6307\u6578_\u65e5\u6b632","^TAI50I      \u81fa\u706350\u5831\u916c\u6307\u6578","^TAI50Ix2    \u81fa\u706350\u5831\u916c\u6307\u6578_\u65e5\u6b632","^TAI100I     \u81fa\u7063\u4e2d\u578b100\u5831\u916c\u6307\u6578","^TAI100Ix2   \u81fa\u7063\u4e2d\u578b100\u5831\u916c\u6307\u6578_\u65e5\u6b632","^TAIDIVIDI   \u81fa\u7063\u9ad8\u80a1\u606f\u5831\u916c\u6307\u6578","^TAIDIVIDIx2 \u81fa\u7063\u9ad8\u80a1\u606f\u5831\u916c\u6307\u6578_\u65e5\u6b632","0050Fund     \u5143\u5927\u53f0\u7063\u5353\u8d8a50\u57fa\u91d1","006208Fund   \u5bcc\u90a6\u53f0\u7063\u91c6\u540950\u57fa\u91d1","0050         \u5143\u5927\u81fa\u706350","00631L       \u5143\u5927\u53f0\u706350\u6b632","00675L       \u5bcc\u90a6\u81fa\u7063\u52a0\u6b0a\u6b632","006208       \u5bcc\u90a6\u53f050","0051         \u5143\u5927\u4e2d\u578b100","006204       \u6c38\u8c50\u81fa\u7063\u52a0\u6b0a","0056         \u5143\u5927\u9ad8\u80a1\u606f","0056         \u5143\u5927\u9ad8\u80a1\u606f_\u80a1\u606f\u4e0d\u6295\u5165","2412         \u4e2d\u83ef\u96fb\u4fe1","2002         \u4e2d\u92fc","2330         \u53f0\u7a4d\u96fb","2317         \u9d3b\u6d77","6505         \u53f0\u5851\u77f3\u5316","3481         \u7fa4\u5275","2303         \u806f\u96fb","2308         \u53f0\u9054\u96fb","2454         \u806f\u767c\u79d1","2886         \u5146\u8c50\u91d1","2884         \u7389\u5c71\u91d1","2891         \u4e2d\u4fe1\u91d1","2892         \u7b2c\u4e00\u91d1","5880         \u5408\u5eab\u91d1","2881         \u5bcc\u90a6\u91d1","2885         \u5143\u5927\u91d1","2887         \u53f0\u65b0\u91d1"],"zmin":-1,"zmax":1,"colorbar":{"x":-0.2}}],"layout":{"autotypenumbers":"strict","colorway":["#636efa","#EF553B","#00cc96","#ab63fa","#FFA15A","#19d3f3","#FF6692","#B6E880","#FF97FF","#FECB52"],"font":{"color":"#f2f5fa","family":"Courier New"},"hovermode":"closest","hoverlabel":{"align":"left"},"paper_bgcolor":"rgb(17,17,17)","plot_bgcolor":"rgb(17,17,17)","polar":{"bgcolor":"rgb(17,17,17)","angularaxis":{"gridcolor":"#506784","linecolor":"#506784","ticks":""},"radialaxis":{"gridcolor":"#506784","linecolor":"#506784","ticks":""}},"ternary":{"bgcolor":"rgb(17,17,17)","aaxis":{"gridcolor":"#506784","linecolor":"#506784","ticks":""},"baxis":{"gridcolor":"#506784","linecolor":"#506784","ticks":""},"caxis":{"gridcolor":"#506784","linecolor":"#506784","ticks":""}},"coloraxis":{"colorbar":{"outlinewidth":0,"ticks":""}},"colorscale":{"sequential":[[0.0,"#0d0887"],[0.1111111111111111,"#46039f"],[0.2222222222222222,"#7201a8"],[0.3333333333333333,"#9c179e"],[0.4444444444444444,"#bd3786"],[0.5555555555555556,"#d8576b"],[0.6666666666666666,"#ed7953"],[0.7777777777777778,"#fb9f3a"],[0.8888888888888888,"#fdca26"],[1.0,"#f0f921"]],"sequentialminus":[[0.0,"#0d0887"],[0.1111111111111111,"#46039f"],[0.2222222222222222,"#7201a8"],[0.3333333333333333,"#9c179e"],[0.4444444444444444,"#bd3786"],[0.5555555555555556,"#d8576b"],[0.6666666666666666,"#ed7953"],[0.7777777777777778,"#fb9f3a"],[0.8888888888888888,"#fdca26"],[1.0,"#f0f921"]],"diverging":[[0,"#8e0152"],[0.1,"#c51b7d"],[0.2,"#de77ae"],[0.3,"#f1b6da"],[0.4,"#fde0ef"],[0.5,"#f7f7f7"],[0.6,"#e6f5d0"],[0.7,"#b8e186"],[0.8,"#7fbc41"],[0.9,"#4d9221"],[1,"#276419"]]},"xaxis":{"gridcolor":"rgba(0, 0, 0, 0)","linecolor":"#506784","ticks":"","title":{"standoff":15},"zerolinecolor":"#283442","automargin":true,"zerolinewidth":2,"tickfont":{"family":"Courier New","size":14},"side":"top","tickangle":-90},"yaxis":{"gridcolor":"rgba(0, 0, 0, 0)","linecolor":"#506784","ticks":"","title":{"standoff":15},"zerolinecolor":"#283442","automargin":true,"zerolinewidth":2,"tickfont":{"family":"Courier New"},"side":"right"},"scene":{"xaxis":{"backgroundcolor":"rgb(17,17,17)","gridcolor":"#506784","linecolor":"#506784","showbackground":true,"ticks":"","zerolinecolor":"#C8D4E3","gridwidth":2},"yaxis":{"backgroundcolor":"rgb(17,17,17)","gridcolor":"#506784","linecolor":"#506784","showbackground":true,"ticks":"","zerolinecolor":"#C8D4E3","gridwidth":2},"zaxis":{"backgroundcolor":"rgb(17,17,17)","gridcolor":"#506784","linecolor":"#506784","showbackground":true,"ticks":"","zerolinecolor":"#C8D4E3","gridwidth":2}},"shapedefaults":{"line":{"color":"#f2f5fa"}},"annotationdefaults":{"arrowcolor":"#f2f5fa","arrowhead":0,"arrowwidth":1},"geo":{"bgcolor":"rgb(17,17,17)","landcolor":"rgb(17,17,17)","subunitcolor":"#506784","showland":true,"showlakes":true,"lakecolor":"rgb(17,17,17)"},"title":{"x":0.05,"font":{"family":"Times New Roman"},"y":0.05,"text":"<b>Correlation of Adj Close<b><br><i>2016-09-23 ~ 2026-01-14<i>"},"updatemenudefaults":{"bgcolor":"#506784","borderwidth":0},"sliderdefaults":{"bgcolor":"#C8D4E3","borderwidth":1,"bordercolor":"rgb(17,17,17)","tickwidth":0},"mapbox":{"style":"dark"},"annotations":[{"text":"<b>@zwindr<b>","textangle":0,"opacity":0.5,"font":{"color":"white","size":12},"xref":"paper","yref":"paper","xanchor":"left","yanchor":"bottom","x":1.0,"y":1.0,"showarrow":false}]},"config":{"responsive":true,"toImageButtonOptions":{"filename":"Correlation of Adj Close_2016-09-23~2026-01-14","scale":5}}};Plotly.newPlot("correlationAdjClose",correlationAdjClose.data,correlationAdjClose.layout||{},correlationAdjClose.config);}else{console.log("style display is none => correlationAdjClose");}