var correlationAdjClose = {"data": [{"type": "heatmap", "z": [[1.0, 0.9939253857626109, 0.9767369468078925, 0.9976861602027008, 0.9648750438611496, 0.9812356985581745, -0.9421377304372284, 0.9898995536935937, 0.9696225530348346, 0.9972616693476234, 0.9972560071426333, 0.997722288276696, 0.9931129455826455, 0.9938314757827604, 0.9972335082516938, 0.9838446684817626, 0.9996626435408259, 0.9899527365310788, 0.9198024999251814, 0.7436451715301975, 0.9854078760778741, 0.9200385571032396, 0.44977581458675925, -0.30324095430432313, 0.9011073775629718, 0.9743420680082491, 0.9540474950485588, 0.9799157272555098, 0.9633498314228695, 0.9757420539539103, 0.9717905205968557, 0.9453296495932026, 0.9794692513392499, 0.9698371500276578, 0.9550161028077884], [0.9939253857626109, 1.0, 0.97211904126593, 0.9913006999213989, 0.9604219546869871, 0.9765789492347531, -0.9374144354931117, 0.9806288803873099, 0.9626143982773251, 0.9954142735741979, 0.9952658017982137, 0.9944194566380645, 0.9922019643622778, 0.9914251084799663, 0.995170344885791, 0.9776678904735883, 0.996613384775822, 0.9834355651252292, 0.9086829177732311, 0.754483947949549, 0.9668590719281158, 0.8991898103360235, 0.44909363944391884, -0.22687032298776322, 0.8746684647043143, 0.9619221611068081, 0.9536749798996353, 0.9574849599435062, 0.9491050480900945, 0.9654285436669523, 0.9556685116750228, 0.9430196255945361, 0.9681465880210094, 0.9610226760454255, 0.9484191360445826], [0.9767369468078925, 0.97211904126593, 1.0, 0.9827175426979016, 0.9961156712668193, 0.9790753937853749, -0.9755940214685073, 0.9700805333010863, 0.9838192375731842, 0.9884359024954268, 0.9891675925174813, 0.9856075177695256, 0.9971006080746979, 0.9969333182335125, 0.9889494141176748, 0.9777976896892181, 0.9876799472365083, 0.9700011360978855, 0.8265168228743669, 0.6337621512385115, 0.9900217189501395, 0.9105026011763786, 0.28467481266761185, -0.22578285259549624, 0.9075401179550012, 0.9429750266241204, 0.979102969734895, 0.9293399243317467, 0.9102314948128002, 0.9632151957677204, 0.9194255441352854, 0.9067774920843662, 0.9660951410659385, 0.9736473291854028, 0.9251859134501622], [0.9976861602027008, 0.9913006999213989, 0.9827175426979016, 1.0, 0.9762980651423043, 0.9735101792506853, -0.9369003762980922, 0.9843414542744003, 0.9670648731708653, 0.9999704610274566, 0.9999890798889336, 0.9999564557667505, 0.9913950508965726, 0.9894797683511073, 0.9999431221507328, 0.9735132946365846, 0.9960752839946083, 0.9842267820642393, 0.9061077187314892, 0.714635188571253, 0.9932543420009272, 0.9212654875960814, 0.42737388288771455, -0.29471854485483234, 0.8995993138556543, 0.9689205656450615, 0.9601931095695463, 0.9709049132551724, 0.9604698639857732, 0.9774037516516313, 0.9621232332874374, 0.9344545968387716, 0.977430650877661, 0.968412897183545, 0.9470856062094337], [0.9648750438611496, 0.9604219546869871, 0.9961156712668193, 0.9762980651423043, 1.0, 0.9590413897552587, -0.9572881308429283, 0.9554122131002392, 0.9717836874749426, 0.9848215140917754, 0.9855861784036425, 0.9815892992826837, 0.9868619025317094, 0.9832180526872905, 0.9852656520702883, 0.95680646806495, 0.9760994362967647, 0.9552584104822568, 0.8064146611060328, 0.5996488536172941, 0.9893737676081737, 0.9065716929460677, 0.2623157415866646, -0.21896102932799058, 0.889842117729012, 0.9286241592173418, 0.9769162514411667, 0.9093564352981626, 0.896568564242611, 0.9566925996285625, 0.8981631293521198, 0.8811745202975534, 0.9561329594286302, 0.9623193269100985, 0.9025607868441577], [0.9812356985581745, 0.9765789492347531, 0.9790753937853749, 0.9735101792506853, 0.9590413897552587, 1.0, -0.9805445561144582, 0.98027724167364, 0.9795920605942902, 0.9687361378370863, 0.9691118777482418, 0.9715856255595978, 0.9769613304554935, 0.9749421507418821, 0.9688595649023517, 0.9999087465620844, 0.9859773948719999, 0.9813859153379757, 0.860216981344434, 0.7105391455545946, 0.967244873105648, 0.8902002242897089, 0.31583142677992815, -0.2141829499134929, 0.9366173110863999, 0.9567954208619289, 0.9592354193699824, 0.9567690562952599, 0.9263515343102373, 0.9522053894590888, 0.9508419643942582, 0.9544416915465802, 0.9560541332292748, 0.9760551861088109, 0.9554054611567185], [-0.9421377304372284, -0.9374144354931117, -0.9755940214685073, -0.9369003762980922, -0.9572881308429283, -0.9805445561144582, 1.0, -0.9510543143771446, -0.9831708375883206, -0.9475298331125874, -0.9487879507121665, -0.9437711225443134, -0.9738502676800026, -0.9756478555174746, -0.9483773067769166, -0.9837562091179798, -0.9640338343129772, -0.9541139204435799, -0.7720963098955815, -0.6085000033106283, -0.9423647030744747, -0.8803188128419142, -0.17296981824612764, 0.1481339455257424, -0.9047582190688422, -0.9132046988604435, -0.956771048069926, -0.8974851866654656, -0.8557632807108421, -0.9239117736190612, -0.8889027981420533, -0.9083794828076291, -0.9242166397828699, -0.9629806498035706, -0.909331414004128], [0.9898995536935937, 0.9806288803873099, 0.9700805333010863, 0.9843414542744003, 0.9554122131002392, 0.98027724167364, -0.9510543143771446, 1.0, 0.9822245608640363, 0.9800272872918504, 0.9799900029625558, 0.9832220001350325, 0.9756575496023977, 0.9745933117128771, 0.9799566588475301, 0.9822507569092565, 0.98748365522599, 0.9998696264626887, 0.9224712956188348, 0.6789317008523723, 0.9739748254955491, 0.8937849626866113, 0.309808105146923, -0.31113521267554545, 0.9053527412855529, 0.9557467434923964, 0.9369365968654921, 0.977297585908839, 0.9516597629637905, 0.9692576532280696, 0.9620733966759366, 0.9349924773691581, 0.9585124924712648, 0.9567181444624459, 0.965601795080993], [0.9696225530348346, 0.9626143982773251, 0.9838192375731842, 0.9670648731708653, 0.9717836874749426, 0.9795920605942902, -0.9831708375883206, 0.9822245608640363, 1.0, 0.9626352085047417, 0.9633269069045651, 0.9651252811104757, 0.9725815430981202, 0.9696239258826365, 0.9630458853338816, 0.9787371888234503, 0.9697015601707096, 0.9815468056983571, 0.8483880881891237, 0.6038171373168236, 0.9672133382754983, 0.9047260354963037, 0.1667408793162464, -0.22944307551750698, 0.8868373702598377, 0.9323544063062709, 0.9594606154540039, 0.9321098330889697, 0.8931040663103469, 0.9561497872464769, 0.9148789061880114, 0.902064341810709, 0.9441610437031849, 0.9686986980280794, 0.9231749375070123], [0.9972616693476234, 0.9954142735741979, 0.9884359024954268, 0.9999704610274566, 0.9848215140917754, 0.9687361378370863, -0.9475298331125874, 0.9800272872918504, 0.9626352085047417, 1.0, 0.9999872609207747, 0.9999822724837321, 0.9912204699899851, 0.9892686277315236, 0.9999474300518975, 0.9693808956509946, 0.99565376226123, 0.9810963524492773, 0.9299770736957707, 0.6422631899815873, 0.9966617407159286, 0.8981938372778699, -0.002118511997679283, 0.4435179864673582, 0.9182337964534523, 0.953083731896337, 0.9654464107651776, 0.9614655709205538, 0.9417325982886445, 0.9650135512997492, 0.941178970957975, 0.9208122287262748, 0.9643542891177589, 0.9799211607048146, 0.9449493223827118], [0.9972560071426333, 0.9952658017982137, 0.9891675925174813, 0.9999890798889336, 0.9855861784036425, 0.9691118777482418, -0.9487879507121665, 0.9799900029625558, 0.9633269069045651, 0.9999872609207747, 1.0, 0.9999711706487798, 0.991415138801873, 0.9894577133227803, 0.9999525236554956, 0.9697306769296734, 0.9957100627384484, 0.9810288558412228, 0.9291103671845414, 0.6386591332983504, 0.9969564784484873, 0.8974034595133107, -0.017041744847728885, 0.43916119210728227, 0.9175722066417755, 0.9529226132628076, 0.9663561143765992, 0.960948412965034, 0.9403860008728853, 0.9651102730027667, 0.9401191624247824, 0.9195389015275507, 0.9645430482865638, 0.9804709658196156, 0.9442698222362215], [0.997722288276696, 0.9944194566380645, 0.9856075177695256, 0.9999564557667505, 0.9815892992826837, 0.9715856255595978, -0.9437711225443134, 0.9832220001350325, 0.9651252811104757, 0.9999822724837321, 0.9999711706487798, 1.0, 0.9911789725937986, 0.9891787594222579, 0.9999612027779898, 0.972093001203884, 0.9958353994708358, 0.9838313608790674, 0.9214429770532543, 0.6862678296101767, 0.9958414249250019, 0.9150242568292215, 0.1948471729611116, -0.19353189709911522, 0.9247204068075204, 0.9620383589382299, 0.9549475612313236, 0.9650309553227472, 0.9509531133448026, 0.9718216588538544, 0.9524606682707396, 0.933329926065604, 0.9718693618622491, 0.9666625925424218, 0.9536310271610837], [0.9931129455826455, 0.9922019643622778, 0.9971006080746979, 0.9913950508965726, 0.9868619025317094, 0.9769613304554935, -0.9738502676800026, 0.9756575496023977, 0.9725815430981202, 0.9912204699899851, 0.991415138801873, 0.9911789725937986, 1.0, 0.9996768392809884, 0.991325706587433, 0.977858239440545, 0.9934497980562739, 0.9770833296491052, 0.9102200973192224, 0.5801522664297235, 0.9861566813153713, 0.8898380767156184, -0.30505864577372127, 0.46537567168207933, 0.9077391708078112, 0.953323676384239, 0.9772422123015233, 0.9433503165414763, 0.901920315099024, 0.9463387098590236, 0.9131184461633641, 0.8893359004379785, 0.9625766840949151, 0.979356588876471, 0.9360832803503326], [0.9938314757827604, 0.9914251084799663, 0.9969333182335125, 0.9894797683511073, 0.9832180526872905, 0.9749421507418821, -0.9756478555174746, 0.9745933117128771, 0.9696239258826365, 0.9892686277315236, 0.9894577133227803, 0.9891787594222579, 0.9996768392809884, 1.0, 0.9894734596182404, 0.9759201074350352, 0.9939897486514031, 0.9762828923684255, 0.9176615740830284, 0.46269405161436344, 0.9809475636810887, 0.8784213466286374, -0.7016539319547053, 0.44432618091621545, 0.8809273150526109, 0.9501393524157352, 0.9765835820882234, 0.9354759776381444, 0.8836693462335936, 0.9373226969262366, 0.9097777554626447, 0.8673925906236829, 0.9647743518010078, 0.977565843109599, 0.9285255412243664], [0.9972335082516938, 0.995170344885791, 0.9889494141176748, 0.9999431221507328, 0.9852656520702883, 0.9688595649023517, -0.9483773067769166, 0.9799566588475301, 0.9630458853338816, 0.9999474300518975, 0.9999525236554956, 0.9999612027779898, 0.991325706587433, 0.9894734596182404, 1.0, 0.9694860670384595, 0.9956606753408521, 0.9810369336970366, 0.9298122046323369, 0.6382674803465845, 0.9967983798810218, 0.8976342262064855, -0.015506220737364951, 0.43812130948815475, 0.9171739177317719, 0.9521635144455479, 0.96571938128281, 0.9612464454352564, 0.9410198309619394, 0.9651733865623996, 0.9407538903060206, 0.920006337605931, 0.9644236574277688, 0.98030338799969, 0.9445867206923668], [0.9838446684817626, 0.9776678904735883, 0.9777976896892181, 0.9735132946365846, 0.95680646806495, 0.9999087465620844, -0.9837562091179798, 0.9822507569092565, 0.9787371888234503, 0.9693808956509946, 0.9697306769296734, 0.972093001203884, 0.977858239440545, 0.9759201074350352, 0.9694860670384595, 1.0, 0.9864743153357626, 0.9815421731869485, 0.8840162168847491, 0.7109134719879613, 0.9659069635516931, 0.8858835499187703, 0.18723760329788547, -0.19241692286457332, 0.9452263046412237, 0.9590723425221079, 0.9560855437933934, 0.9602191272986959, 0.9233158148979487, 0.9491166856020713, 0.9517654151355947, 0.9538057468720449, 0.958739317536001, 0.975665866713638, 0.9602896877426512], [0.9996626435408259, 0.996613384775822, 0.9876799472365083, 0.9960752839946083, 0.9760994362967647, 0.9859773948719999, -0.9640338343129772, 0.98748365522599, 0.9697015601707096, 0.99565376226123, 0.9957100627384484, 0.9958353994708358, 0.9934497980562739, 0.9939897486514031, 0.9956606753408521, 0.9864743153357626, 1.0, 0.9883877859711999, 0.9354856022500082, 0.6791303213464792, 0.9889523545728762, 0.8948836901507505, 0.03446811403991317, 0.45610988051706486, 0.9359255970242923, 0.9612197359423628, 0.9639852282534136, 0.9742020565057989, 0.9459704983661215, 0.9644036154362334, 0.9559103384225222, 0.9431673836120664, 0.9706028988247962, 0.9843737993788525, 0.9654371897998516], [0.9899527365310788, 0.9834355651252292, 0.9700011360978855, 0.9842267820642393, 0.9552584104822568, 0.9813859153379757, -0.9541139204435799, 0.9998696264626887, 0.9815468056983571, 0.9810963524492773, 0.9810288558412228, 0.9838313608790674, 0.9770833296491052, 0.9762828923684255, 0.9810369336970366, 0.9815421731869485, 0.9883877859711999, 1.0, 0.9288114872198604, 0.6774424420018487, 0.9729989867636839, 0.898965594595248, 0.27639526113179147, -0.2920103929117157, 0.9108831766657827, 0.9545574956189665, 0.9370330037753687, 0.9777751234268636, 0.9510668569538715, 0.9678083071920015, 0.9605258805572977, 0.9348628039320429, 0.9578782300471026, 0.9546302052727133, 0.9668366350913999], [0.9198024999251814, 0.9086829177732311, 0.8265168228743669, 0.9061077187314892, 0.8064146611060328, 0.860216981344434, -0.7720963098955815, 0.9224712956188348, 0.8483880881891237, 0.9299770736957707, 0.9291103671845414, 0.9214429770532543, 0.9102200973192224, 0.9176615740830284, 0.9298122046323369, 0.8840162168847491, 0.9354856022500082, 0.9288114872198604, 1.0, 0.8428478168410665, 0.8574654819102464, 0.8718100031929755, 0.6963936073188496, -0.533452637432558, 0.6948780628093044, 0.9164979781736814, 0.7986164290185197, 0.9570149461683078, 0.9346289369564129, 0.9021147809484743, 0.9430454682164272, 0.8924170402191475, 0.8970597231888247, 0.8445272363919991, 0.8772970873642931], [0.7436451715301975, 0.754483947949549, 0.6337621512385115, 0.714635188571253, 0.5996488536172941, 0.7105391455545946, -0.6085000033106283, 0.6789317008523723, 0.6038171373168236, 0.6422631899815873, 0.6386591332983504, 0.6862678296101767, 0.5801522664297235, 0.46269405161436344, 0.6382674803465845, 0.7109134719879613, 0.6791303213464792, 0.6774424420018487, 0.8428478168410665, 1.0, 0.6368216143207346, 0.7498362163955905, 0.7323712443928541, -0.11632875466976957, 0.5377628329605438, 0.7563068854823878, 0.6409277811534404, 0.7943181348397711, 0.7307019296435873, 0.6728126929023036, 0.7667489018043213, 0.7683444585051523, 0.701349158482715, 0.668399410937195, 0.7026916343960419], [0.9854078760778741, 0.9668590719281158, 0.9900217189501395, 0.9932543420009272, 0.9893737676081737, 0.967244873105648, -0.9423647030744747, 0.9739748254955491, 0.9672133382754983, 0.9966617407159286, 0.9969564784484873, 0.9958414249250019, 0.9861566813153713, 0.9809475636810887, 0.9967983798810218, 0.9659069635516931, 0.9889523545728762, 0.9729989867636839, 0.8574654819102464, 0.6368216143207346, 1.0, 0.8920206950997113, 0.353756178580356, -0.28875605857530257, 0.8866919348216573, 0.9518009914198351, 0.9694847407140161, 0.9396821642894462, 0.9432516673382313, 0.9683312380177829, 0.9400951835528876, 0.9105535497358622, 0.9677408417338629, 0.9547664599211156, 0.9292135071461698], [0.9200385571032396, 0.8991898103360235, 0.9105026011763786, 0.9212654875960814, 0.9065716929460677, 0.8902002242897089, -0.8803188128419142, 0.8937849626866113, 0.9047260354963037, 0.8981938372778699, 0.8974034595133107, 0.9150242568292215, 0.8898380767156184, 0.8784213466286374, 0.8976342262064855, 0.8858835499187703, 0.8948836901507505, 0.898965594595248, 0.8718100031929755, 0.7498362163955905, 0.8920206950997113, 1.0, 0.4000348270274597, -0.18675791013238122, 0.6969212966162711, 0.9167053464189596, 0.8823805106579845, 0.8951371186693983, 0.8424778769687742, 0.9204349964688074, 0.8639911256751002, 0.8386680740501458, 0.918351012558792, 0.8633116602795797, 0.8461022436704364], [0.44977581458675925, 0.44909363944391884, 0.28467481266761185, 0.42737388288771455, 0.2623157415866646, 0.31583142677992815, -0.17296981824612764, 0.309808105146923, 0.1667408793162464, -0.002118511997679283, -0.017041744847728885, 0.1948471729611116, -0.30505864577372127, -0.7016539319547053, -0.015506220737364951, 0.18723760329788547, 0.03446811403991317, 0.27639526113179147, 0.6963936073188496, 0.7323712443928541, 0.353756178580356, 0.4000348270274597, 1.0, -0.3975719579980792, 0.29790439872850577, 0.4325876369037645, 0.23176061201470577, 0.525847780759724, 0.525561544496409, 0.39015688606991056, 0.5429677612799629, 0.4510728567341484, 0.4035973982722346, 0.3223210002605975, 0.4254247910628694], [-0.30324095430432313, -0.22687032298776322, -0.22578285259549624, -0.29471854485483234, -0.21896102932799058, -0.2141829499134929, 0.1481339455257424, -0.31113521267554545, -0.22944307551750698, 0.4435179864673582, 0.43916119210728227, -0.19353189709911522, 0.46537567168207933, 0.44432618091621545, 0.43812130948815475, -0.19241692286457332, 0.45610988051706486, -0.2920103929117157, -0.533452637432558, -0.11632875466976957, -0.28875605857530257, -0.18675791013238122, -0.3975719579980792, 1.0, -0.1463945256626291, -0.33289034107633986, -0.17403801567831828, -0.38993306372319914, -0.38007735962589173, -0.32794151451789605, -0.34555482113450564, -0.20124042117982147, -0.350849452890152, -0.17637607847179823, -0.3153652408017517], [0.9011073775629718, 0.8746684647043143, 0.9075401179550012, 0.8995993138556543, 0.889842117729012, 0.9366173110863999, -0.9047582190688422, 0.9053527412855529, 0.8868373702598377, 0.9182337964534523, 0.9175722066417755, 0.9247204068075204, 0.9077391708078112, 0.8809273150526109, 0.9171739177317719, 0.9452263046412237, 0.9359255970242923, 0.9108831766657827, 0.6948780628093044, 0.5377628329605438, 0.8866919348216573, 0.6969212966162711, 0.29790439872850577, -0.1463945256626291, 1.0, 0.8360129851519775, 0.8858084096508216, 0.8083212367015264, 0.8577305169233592, 0.8280711375264689, 0.8649886260653642, 0.8585704341183572, 0.8559693615772157, 0.8659237334121007, 0.8931712192795959], [0.9743420680082491, 0.9619221611068081, 0.9429750266241204, 0.9689205656450615, 0.9286241592173418, 0.9567954208619289, -0.9132046988604435, 0.9557467434923964, 0.9323544063062709, 0.953083731896337, 0.9529226132628076, 0.9620383589382299, 0.953323676384239, 0.9501393524157352, 0.9521635144455479, 0.9590723425221079, 0.9612197359423628, 0.9545574956189665, 0.9164979781736814, 0.7563068854823878, 0.9518009914198351, 0.9167053464189596, 0.4325876369037645, -0.33289034107633986, 0.8360129851519775, 1.0, 0.9319957845784622, 0.9605515350697699, 0.9343809886481905, 0.9423085370699386, 0.9442950206293972, 0.917015788395041, 0.9634489359273865, 0.9261239165809514, 0.9249754943834715], [0.9540474950485588, 0.9536749798996353, 0.979102969734895, 0.9601931095695463, 0.9769162514411667, 0.9592354193699824, -0.956771048069926, 0.9369365968654921, 0.9594606154540039, 0.9654464107651776, 0.9663561143765992, 0.9549475612313236, 0.9772422123015233, 0.9765835820882234, 0.96571938128281, 0.9560855437933934, 0.9639852282534136, 0.9370330037753687, 0.7986164290185197, 0.6409277811534404, 0.9694847407140161, 0.8823805106579845, 0.23176061201470577, -0.17403801567831828, 0.8858084096508216, 0.9319957845784622, 1.0, 0.9019865918068781, 0.8792607631975031, 0.9356126464881893, 0.8821667565360743, 0.8832214095061587, 0.9427947645910414, 0.9702960662148356, 0.8840183126703315], [0.9799157272555098, 0.9574849599435062, 0.9293399243317467, 0.9709049132551724, 0.9093564352981626, 0.9567690562952599, -0.8974851866654656, 0.977297585908839, 0.9321098330889697, 0.9614655709205538, 0.960948412965034, 0.9650309553227472, 0.9433503165414763, 0.9354759776381444, 0.9612464454352564, 0.9602191272986959, 0.9742020565057989, 0.9777751234268636, 0.9570149461683078, 0.7943181348397711, 0.9396821642894462, 0.8951371186693983, 0.525847780759724, -0.38993306372319914, 0.8083212367015264, 0.9605515350697699, 0.9019865918068781, 1.0, 0.9853579323843268, 0.9659054061663942, 0.9895272370802631, 0.9510722814616341, 0.9577982700405429, 0.9120060335834528, 0.9661711181951432], [0.9633498314228695, 0.9491050480900945, 0.9102314948128002, 0.9604698639857732, 0.896568564242611, 0.9263515343102373, -0.8557632807108421, 0.9516597629637905, 0.8931040663103469, 0.9417325982886445, 0.9403860008728853, 0.9509531133448026, 0.901920315099024, 0.8836693462335936, 0.9410198309619394, 0.9233158148979487, 0.9459704983661215, 0.9510668569538715, 0.9346289369564129, 0.7307019296435873, 0.9432516673382313, 0.8424778769687742, 0.525561544496409, -0.38007735962589173, 0.8577305169233592, 0.9343809886481905, 0.8792607631975031, 0.9853579323843268, 1.0, 0.9492293073425787, 0.9827443288815674, 0.9545591501410292, 0.9332976234610041, 0.9154393654337256, 0.9618182709629884], [0.9757420539539103, 0.9654285436669523, 0.9632151957677204, 0.9774037516516313, 0.9566925996285625, 0.9522053894590888, -0.9239117736190612, 0.9692576532280696, 0.9561497872464769, 0.9650135512997492, 0.9651102730027667, 0.9718216588538544, 0.9463387098590236, 0.9373226969262366, 0.9651733865623996, 0.9491166856020713, 0.9644036154362334, 0.9678083071920015, 0.9021147809484743, 0.6728126929023036, 0.9683312380177829, 0.9204349964688074, 0.39015688606991056, -0.32794151451789605, 0.8280711375264689, 0.9423085370699386, 0.9356126464881893, 0.9659054061663942, 0.9492293073425787, 1.0, 0.953618144342221, 0.9178341563267265, 0.9756278009104195, 0.9558899923095561, 0.9455204954110079], [0.9717905205968557, 0.9556685116750228, 0.9194255441352854, 0.9621232332874374, 0.8981631293521198, 0.9508419643942582, -0.8889027981420533, 0.9620733966759366, 0.9148789061880114, 0.941178970957975, 0.9401191624247824, 0.9524606682707396, 0.9131184461633641, 0.9097777554626447, 0.9407538903060206, 0.9517654151355947, 0.9559103384225222, 0.9605258805572977, 0.9430454682164272, 0.7667489018043213, 0.9400951835528876, 0.8639911256751002, 0.5429677612799629, -0.34555482113450564, 0.8649886260653642, 0.9442950206293972, 0.8821667565360743, 0.9895272370802631, 0.9827443288815674, 0.953618144342221, 1.0, 0.9730191860092823, 0.9417873718322132, 0.9343426433940147, 0.9615801470887327], [0.9453296495932026, 0.9430196255945361, 0.9067774920843662, 0.9344545968387716, 0.8811745202975534, 0.9544416915465802, -0.9083794828076291, 0.9349924773691581, 0.902064341810709, 0.9208122287262748, 0.9195389015275507, 0.933329926065604, 0.8893359004379785, 0.8673925906236829, 0.920006337605931, 0.9538057468720449, 0.9431673836120664, 0.9348628039320429, 0.8924170402191475, 0.7683444585051523, 0.9105535497358622, 0.8386680740501458, 0.4510728567341484, -0.20124042117982147, 0.8585704341183572, 0.917015788395041, 0.8832214095061587, 0.9510722814616341, 0.9545591501410292, 0.9178341563267265, 0.9730191860092823, 1.0, 0.9044942060511532, 0.9324920918057488, 0.9519866888863966], [0.9794692513392499, 0.9681465880210094, 0.9660951410659385, 0.977430650877661, 0.9561329594286302, 0.9560541332292748, -0.9242166397828699, 0.9585124924712648, 0.9441610437031849, 0.9643542891177589, 0.9645430482865638, 0.9718693618622491, 0.9625766840949151, 0.9647743518010078, 0.9644236574277688, 0.958739317536001, 0.9706028988247962, 0.9578782300471026, 0.8970597231888247, 0.701349158482715, 0.9677408417338629, 0.918351012558792, 0.4035973982722346, -0.350849452890152, 0.8559693615772157, 0.9634489359273865, 0.9427947645910414, 0.9577982700405429, 0.9332976234610041, 0.9756278009104195, 0.9417873718322132, 0.9044942060511532, 1.0, 0.952052720638338, 0.9404730969157195], [0.9698371500276578, 0.9610226760454255, 0.9736473291854028, 0.968412897183545, 0.9623193269100985, 0.9760551861088109, -0.9629806498035706, 0.9567181444624459, 0.9686986980280794, 0.9799211607048146, 0.9804709658196156, 0.9666625925424218, 0.979356588876471, 0.977565843109599, 0.98030338799969, 0.975665866713638, 0.9843737993788525, 0.9546302052727133, 0.8445272363919991, 0.668399410937195, 0.9547664599211156, 0.8633116602795797, 0.3223210002605975, -0.17637607847179823, 0.8659237334121007, 0.9261239165809514, 0.9702960662148356, 0.9120060335834528, 0.9154393654337256, 0.9558899923095561, 0.9343426433940147, 0.9324920918057488, 0.952052720638338, 1.0, 0.9165675141090429], [0.9550161028077884, 0.9484191360445826, 0.9251859134501622, 0.9470856062094337, 0.9025607868441577, 0.9554054611567185, -0.909331414004128, 0.965601795080993, 0.9231749375070123, 0.9449493223827118, 0.9442698222362215, 0.9536310271610837, 0.9360832803503326, 0.9285255412243664, 0.9445867206923668, 0.9602896877426512, 0.9654371897998516, 0.9668366350913999, 0.8772970873642931, 0.7026916343960419, 0.9292135071461698, 0.8461022436704364, 0.4254247910628694, -0.3153652408017517, 0.8931712192795959, 0.9249754943834715, 0.8840183126703315, 0.9661711181951432, 0.9618182709629884, 0.9455204954110079, 0.9615801470887327, 0.9519866888863966, 0.9404730969157195, 0.9165675141090429, 1.0]], "x": ["^TAIEX       \u81fa\u7063\u52a0\u6b0a\u5831\u916c\u6307\u6578", "^TWII        \u81fa\u7063\u52a0\u6b0a\u6307\u6578", "^TAIEXx2     \u81fa\u7063\u52a0\u6b0a\u5831\u916c\u6307\u6578_\u65e5\u6b632", "^TAI50I      \u81fa\u706350\u5831\u916c\u6307\u6578", "^TAI50Ix2    \u81fa\u706350\u5831\u916c\u6307\u6578_\u65e5\u6b632", "^TAI100I     \u81fa\u7063\u4e2d\u578b100\u5831\u916c\u6307\u6578", "^TAI100Ix2   \u81fa\u7063\u4e2d\u578b100\u5831\u916c\u6307\u6578_\u65e5\u6b632", "^TAIDIVIDI   \u81fa\u7063\u9ad8\u80a1\u606f\u5831\u916c\u6307\u6578", "^TAIDIVIDIx2 \u81fa\u7063\u9ad8\u80a1\u606f\u5831\u916c\u6307\u6578_\u65e5\u6b632", "0050Fund     \u5143\u5927\u53f0\u7063\u5353\u8d8a50\u57fa\u91d1", "006208Fund   \u5bcc\u90a6\u53f0\u7063\u91c6\u540950\u57fa\u91d1", "0050         \u5143\u5927\u81fa\u706350", "00631L       \u5143\u5927\u53f0\u706350\u6b632", "00675L       \u5bcc\u90a6\u81fa\u7063\u52a0\u6b0a\u6b632", "006208       \u5bcc\u90a6\u53f050", "0051         \u5143\u5927\u4e2d\u578b100", "006204       \u6c38\u8c50\u81fa\u7063\u52a0\u6b0a", "0056         \u5143\u5927\u9ad8\u80a1\u606f", "2412         \u4e2d\u83ef\u96fb\u4fe1", "2002         \u4e2d\u92fc", "2330         \u53f0\u7a4d\u96fb", "2317         \u9d3b\u6d77", "6505         \u53f0\u5851\u77f3\u5316", "3481         \u7fa4\u5275", "2303         \u806f\u96fb", "2308         \u53f0\u9054\u96fb", "2454         \u806f\u767c\u79d1", "2886         \u5146\u8c50\u91d1", "2884         \u7389\u5c71\u91d1", "2891         \u4e2d\u4fe1\u91d1", "2892         \u7b2c\u4e00\u91d1", "5880         \u5408\u5eab\u91d1", "2881         \u5bcc\u90a6\u91d1", "2885         \u5143\u5927\u91d1", "2887         \u53f0\u65b0\u91d1"], "y": ["^TAIEX       \u81fa\u7063\u52a0\u6b0a\u5831\u916c\u6307\u6578", "^TWII        \u81fa\u7063\u52a0\u6b0a\u6307\u6578", "^TAIEXx2     \u81fa\u7063\u52a0\u6b0a\u5831\u916c\u6307\u6578_\u65e5\u6b632", "^TAI50I      \u81fa\u706350\u5831\u916c\u6307\u6578", "^TAI50Ix2    \u81fa\u706350\u5831\u916c\u6307\u6578_\u65e5\u6b632", "^TAI100I     \u81fa\u7063\u4e2d\u578b100\u5831\u916c\u6307\u6578", "^TAI100Ix2   \u81fa\u7063\u4e2d\u578b100\u5831\u916c\u6307\u6578_\u65e5\u6b632", "^TAIDIVIDI   \u81fa\u7063\u9ad8\u80a1\u606f\u5831\u916c\u6307\u6578", "^TAIDIVIDIx2 \u81fa\u7063\u9ad8\u80a1\u606f\u5831\u916c\u6307\u6578_\u65e5\u6b632", "0050Fund     \u5143\u5927\u53f0\u7063\u5353\u8d8a50\u57fa\u91d1", "006208Fund   \u5bcc\u90a6\u53f0\u7063\u91c6\u540950\u57fa\u91d1", "0050         \u5143\u5927\u81fa\u706350", "00631L       \u5143\u5927\u53f0\u706350\u6b632", "00675L       \u5bcc\u90a6\u81fa\u7063\u52a0\u6b0a\u6b632", "006208       \u5bcc\u90a6\u53f050", "0051         \u5143\u5927\u4e2d\u578b100", "006204       \u6c38\u8c50\u81fa\u7063\u52a0\u6b0a", "0056         \u5143\u5927\u9ad8\u80a1\u606f", "2412         \u4e2d\u83ef\u96fb\u4fe1", "2002         \u4e2d\u92fc", "2330         \u53f0\u7a4d\u96fb", "2317         \u9d3b\u6d77", "6505         \u53f0\u5851\u77f3\u5316", "3481         \u7fa4\u5275", "2303         \u806f\u96fb", "2308         \u53f0\u9054\u96fb", "2454         \u806f\u767c\u79d1", "2886         \u5146\u8c50\u91d1", "2884         \u7389\u5c71\u91d1", "2891         \u4e2d\u4fe1\u91d1", "2892         \u7b2c\u4e00\u91d1", "5880         \u5408\u5eab\u91d1", "2881         \u5bcc\u90a6\u91d1", "2885         \u5143\u5927\u91d1", "2887         \u53f0\u65b0\u91d1"], "zmin": -1, "zmax": 1, "colorbar": {"x": -0.2}}], "layout": {"autotypenumbers": "strict", "colorway": ["#636efa", "#EF553B", "#00cc96", "#ab63fa", "#FFA15A", "#19d3f3", "#FF6692", "#B6E880", "#FF97FF", "#FECB52"], "font": {"color": "#f2f5fa", "family": "Courier New"}, "hovermode": "closest", "hoverlabel": {"align": "left"}, "paper_bgcolor": "rgb(17,17,17)", "plot_bgcolor": "rgb(17,17,17)", "polar": {"bgcolor": "rgb(17,17,17)", "angularaxis": {"gridcolor": "#506784", "linecolor": "#506784", "ticks": ""}, "radialaxis": {"gridcolor": "#506784", "linecolor": "#506784", "ticks": ""}}, "ternary": {"bgcolor": "rgb(17,17,17)", "aaxis": {"gridcolor": "#506784", "linecolor": "#506784", "ticks": ""}, "baxis": {"gridcolor": "#506784", "linecolor": "#506784", "ticks": ""}, "caxis": {"gridcolor": "#506784", "linecolor": "#506784", "ticks": ""}}, "coloraxis": {"colorbar": {"outlinewidth": 0, "ticks": ""}}, "colorscale": {"sequential": [[0.0, "#0d0887"], [0.1111111111111111, "#46039f"], [0.2222222222222222, "#7201a8"], [0.3333333333333333, "#9c179e"], [0.4444444444444444, "#bd3786"], [0.5555555555555556, "#d8576b"], [0.6666666666666666, "#ed7953"], [0.7777777777777778, "#fb9f3a"], [0.8888888888888888, "#fdca26"], [1.0, "#f0f921"]], "sequentialminus": [[0.0, "#0d0887"], [0.1111111111111111, "#46039f"], [0.2222222222222222, "#7201a8"], [0.3333333333333333, "#9c179e"], [0.4444444444444444, "#bd3786"], [0.5555555555555556, "#d8576b"], [0.6666666666666666, "#ed7953"], [0.7777777777777778, "#fb9f3a"], [0.8888888888888888, "#fdca26"], [1.0, "#f0f921"]], "diverging": [[0, "#8e0152"], [0.1, "#c51b7d"], [0.2, "#de77ae"], [0.3, "#f1b6da"], [0.4, "#fde0ef"], [0.5, "#f7f7f7"], [0.6, "#e6f5d0"], [0.7, "#b8e186"], [0.8, "#7fbc41"], [0.9, "#4d9221"], [1, "#276419"]]}, "xaxis": {"gridcolor": "rgba(0, 0, 0, 0)", "linecolor": "#506784", "ticks": "", "title": {"standoff": 15}, "zerolinecolor": "#283442", "automargin": true, "zerolinewidth": 2, "tickfont": {"family": "Courier New", "size": 14}, "side": "top", "tickangle": -90}, "yaxis": {"gridcolor": "rgba(0, 0, 0, 0)", "linecolor": "#506784", "ticks": "", "title": {"standoff": 15}, "zerolinecolor": "#283442", "automargin": true, "zerolinewidth": 2, "tickfont": {"family": "Courier New"}, "side": "right"}, "scene": {"xaxis": {"backgroundcolor": "rgb(17,17,17)", "gridcolor": "#506784", "linecolor": "#506784", "showbackground": true, "ticks": "", "zerolinecolor": "#C8D4E3", "gridwidth": 2}, "yaxis": {"backgroundcolor": "rgb(17,17,17)", "gridcolor": "#506784", "linecolor": "#506784", "showbackground": true, "ticks": "", "zerolinecolor": "#C8D4E3", "gridwidth": 2}, "zaxis": {"backgroundcolor": "rgb(17,17,17)", "gridcolor": "#506784", "linecolor": "#506784", "showbackground": true, "ticks": "", "zerolinecolor": "#C8D4E3", "gridwidth": 2}}, "shapedefaults": {"line": {"color": "#f2f5fa"}}, "annotationdefaults": {"arrowcolor": "#f2f5fa", "arrowhead": 0, "arrowwidth": 1}, "geo": {"bgcolor": "rgb(17,17,17)", "landcolor": "rgb(17,17,17)", "subunitcolor": "#506784", "showland": true, "showlakes": true, "lakecolor": "rgb(17,17,17)"}, "title": {"x": 0.05, "font": {"family": "Times New Roman"}, "y": 0.05, "text": "<b>Correlation of Adj Close<b><br><i>2016-09-23 ~ 2025-07-17<i>"}, "updatemenudefaults": {"bgcolor": "#506784", "borderwidth": 0}, "sliderdefaults": {"bgcolor": "#C8D4E3", "borderwidth": 1, "bordercolor": "rgb(17,17,17)", "tickwidth": 0}, "mapbox": {"style": "dark"}}, "config": {"responsive": true, "toImageButtonOptions": {"filename": "Correlation of Adj Close_2016-09-23~2025-07-17", "scale": 5}}};

Plotly.newPlot("correlationAdjClose",
    correlationAdjClose.data,
    correlationAdjClose.layout || {},
    correlationAdjClose.config);