var config = { responsive: true }

var correlationClose = {"data": [{"type": "heatmap", "z": [[1.0, 0.999999999999998, 1.0, 0.9957137917800329, 0.9957137917800329, 0.9576578447073498, 0.9576578447073498, 0.8869370328930939, 0.8869370328930939, 0.9959112664794898, 0.9921760653700544, 0.9919597480139448, 0.9952621716861032, 0.9696759968129062, 0.9987730905870369, 0.9292154579776949, 0.8058407155671692, 0.2831762718014852, 0.977334146747552, 0.7992839133120493, 0.12564081262919818, -0.27646709814448767, 0.7595045657844552, 0.9456662614631527, 0.916758700644506], [0.999999999999998, 1.0, 0.9999999999999982, 0.9956425996533239, 0.9956425996533239, 0.9569717710159444, 0.9569717710159444, 0.8885184142066872, 0.8885184142066872, 0.9958694658741797, 0.9918657176510053, 0.9912605953034558, 0.9952080280504502, 0.9688317141365721, 0.9987792271635889, 0.9299374962898425, 0.8143569418487424, 0.41378375382736077, 0.9698324468428177, 0.7710414564106419, 0.1325100267790599, -0.27617362694286157, 0.6538518756199531, 0.9464653936527003, 0.9229917011007702], [1.0, 0.9999999999999982, 1.0, 0.9957137917800329, 0.9957137917800329, 0.9576578447073498, 0.9576578447073498, 0.8869370328930939, 0.8869370328930939, 0.9959112664794898, 0.9921760653700544, 0.9919597480139448, 0.9952621716861032, 0.9696759968129062, 0.9987730905870369, 0.9292154579776949, 0.8058407155671692, 0.2831762718014852, 0.977334146747552, 0.7992839133120493, 0.12564081262919818, -0.27646709814448767, 0.7595045657844552, 0.9456662614631527, 0.916758700644506], [0.9957137917800329, 0.9956425996533239, 0.9957137917800329, 1.0, 1.0, 0.9440611827456984, 0.9440611827456984, 0.8720849691552508, 0.8720849691552508, 0.9996080588913824, 0.9886391671825495, 0.9848236284524126, 0.9993254248828665, 0.9517073915384681, 0.9945936474002892, 0.9129439619590424, 0.7824804701296735, 0.25767301289229044, 0.988491829749556, 0.7919481536824072, 0.09800665647341517, -0.28130210085843416, 0.7698525811317094, 0.9338806643622447, 0.9164355823486061], [0.9957137917800329, 0.9956425996533239, 0.9957137917800329, 1.0, 1.0, 0.9440611827456984, 0.9440611827456984, 0.8720849691552508, 0.8720849691552508, 0.9996080588913824, 0.9886391671825495, 0.9848236284524126, 0.9993254248828665, 0.9517073915384681, 0.9945936474002892, 0.9129439619590424, 0.7824804701296735, 0.25767301289229044, 0.988491829749556, 0.7919481536824072, 0.09800665647341517, -0.28130210085843416, 0.7698525811317094, 0.9338806643622447, 0.9164355823486061], [0.9576578447073498, 0.9569717710159444, 0.9576578447073498, 0.9440611827456984, 0.9440611827456984, 1.0, 1.0, 0.9168226020036282, 0.9168226020036282, 0.9478698869665961, 0.9754891113903021, 0.9744385806987749, 0.9490565455479567, 0.9989519348558598, 0.9701446485414842, 0.9194128208892153, 0.6734395335905959, 0.2192389435114276, 0.9277858519129377, 0.7234393053533892, -0.10918708581750067, -0.1255468055880929, 0.8705954711396319, 0.8985412562988551, 0.91901829997829], [0.9576578447073498, 0.9569717710159444, 0.9576578447073498, 0.9440611827456984, 0.9440611827456984, 1.0, 1.0, 0.9168226020036282, 0.9168226020036282, 0.9478698869665961, 0.9754891113903021, 0.9744385806987749, 0.9490565455479567, 0.9989519348558598, 0.9701446485414842, 0.9194128208892153, 0.6734395335905959, 0.2192389435114276, 0.9277858519129377, 0.7234393053533892, -0.10918708581750067, -0.1255468055880929, 0.8705954711396319, 0.8985412562988551, 0.91901829997829], [0.8869370328930939, 0.8885184142066872, 0.8869370328930939, 0.8720849691552508, 0.8720849691552508, 0.9168226020036282, 0.9168226020036282, 1.0, 1.0, 0.894491662798104, 0.9431246001843488, 0.9380171130740926, 0.9327515178256198, 0.9178333465222684, 0.934165418908873, 0.9760944602933962, 0.614111231459447, 0.26790738667656594, 0.82453654380897, 0.738280395853921, -0.14073969632448693, 0.023195474552558142, 0.7794215238749835, 0.7826566908184204, 0.8485112612248343], [0.8869370328930939, 0.8885184142066872, 0.8869370328930939, 0.8720849691552508, 0.8720849691552508, 0.9168226020036282, 0.9168226020036282, 1.0, 1.0, 0.894491662798104, 0.9431246001843488, 0.9380171130740926, 0.9327515178256198, 0.9178333465222684, 0.934165418908873, 0.9760944602933962, 0.614111231459447, 0.26790738667656594, 0.82453654380897, 0.738280395853921, -0.14073969632448693, 0.023195474552558142, 0.7794215238749835, 0.7826566908184204, 0.8485112612248343], [0.9959112664794898, 0.9958694658741797, 0.9959112664794898, 0.9996080588913824, 0.9996080588913824, 0.9478698869665961, 0.9478698869665961, 0.894491662798104, 0.894491662798104, 1.0, 0.9872505484396199, 0.9835952854675548, 0.9993780295167642, 0.9501065101722123, 0.9943997217867122, 0.912510581641863, 0.8233322114017244, 0.09174937019714151, 0.9915423095714104, 0.7885565168199818, -0.16335525525608255, -0.3134398068963689, 0.8860921759068695, 0.9279085179225228, 0.902595154834132], [0.9921760653700544, 0.9918657176510053, 0.9921760653700544, 0.9886391671825495, 0.9886391671825495, 0.9754891113903021, 0.9754891113903021, 0.9431246001843488, 0.9431246001843488, 0.9872505484396199, 1.0, 0.9996516503921378, 0.988464742306633, 0.9739843063069006, 0.9888729841096758, 0.9257553007632361, 0.7884995305850084, 0.28135255090951916, 0.9876754926532805, 0.7107250208155823, -0.5592143328255551, 0.24265161458286758, 0.854129150037267, 0.9288301985073716, 0.9552799054014314], [0.9919597480139448, 0.9912605953034558, 0.9919597480139448, 0.9848236284524126, 0.9848236284524126, 0.9744385806987749, 0.9744385806987749, 0.9380171130740926, 0.9380171130740926, 0.9835952854675548, 0.9996516503921378, 1.0, 0.9856891625385092, 0.971791999006412, 0.9871656827150924, 0.9146286117303519, 0.8125673907787578, 0.1667306800436144, 0.982691343587786, 0.7158484930738716, -0.8080518412627082, 0.28635421300686703, 0.8137441856307193, 0.9356900139975678, 0.9534288696779514], [0.9952621716861032, 0.9952080280504502, 0.9952621716861032, 0.9993254248828665, 0.9993254248828665, 0.9490565455479567, 0.9490565455479567, 0.9327515178256198, 0.9327515178256198, 0.9993780295167642, 0.988464742306633, 0.9856891625385092, 1.0, 0.9507498325073904, 0.9936996913522607, 0.9350435077604784, 0.824329489086188, 0.2836071024884359, 0.9950746695678242, 0.7528052488862209, -0.32766417472307724, 0.18908761275164665, 0.8777358800757323, 0.9057298674905258, 0.932932735443667], [0.9696759968129062, 0.9688317141365721, 0.9696759968129062, 0.9517073915384681, 0.9517073915384681, 0.9989519348558598, 0.9989519348558598, 0.9178333465222684, 0.9178333465222684, 0.9501065101722123, 0.9739843063069006, 0.971791999006412, 0.9507498325073904, 1.0, 0.9724942425690082, 0.918309495820495, 0.7477753220640496, 0.18678097498364757, 0.9418157241308404, 0.7201080889530859, -0.2607614731525, -0.19978765061970244, 0.9087276786077014, 0.9187578286832296, 0.916007978098286], [0.9987730905870369, 0.9987792271635889, 0.9987730905870369, 0.9945936474002892, 0.9945936474002892, 0.9701446485414842, 0.9701446485414842, 0.934165418908873, 0.934165418908873, 0.9943997217867122, 0.9888729841096758, 0.9871656827150924, 0.9936996913522607, 0.9724942425690082, 1.0, 0.9466233398862322, 0.8318924681323162, 0.29074041003341544, 0.9868600161003142, 0.7384598723993958, -0.32020406272247864, 0.19935186986433717, 0.9069188497893612, 0.9258943717201448, 0.9389888718080193], [0.9292154579776949, 0.9299374962898425, 0.9292154579776949, 0.9129439619590424, 0.9129439619590424, 0.9194128208892153, 0.9194128208892153, 0.9760944602933962, 0.9760944602933962, 0.912510581641863, 0.9257553007632361, 0.9146286117303519, 0.9350435077604784, 0.918309495820495, 0.9466233398862322, 1.0, 0.7641280530643124, 0.21849969237866518, 0.8763750036004264, 0.7151923793310296, -0.05127599526909137, -0.2349562541095462, 0.8168891785870551, 0.8384820689126679, 0.8307828333251213], [0.8058407155671692, 0.8143569418487424, 0.8058407155671692, 0.7824804701296735, 0.7824804701296735, 0.6734395335905959, 0.6734395335905959, 0.614111231459447, 0.614111231459447, 0.8233322114017244, 0.7884995305850084, 0.8125673907787578, 0.824329489086188, 0.7477753220640496, 0.8318924681323162, 0.7641280530643124, 1.0, 0.5333474574057346, 0.7364346081096501, 0.7737493079906347, 0.5176849295087042, -0.5815373378604739, 0.2562154169362367, 0.8263587836256595, 0.6463283442813689], [0.2831762718014852, 0.41378375382736077, 0.2831762718014852, 0.25767301289229044, 0.25767301289229044, 0.2192389435114276, 0.2192389435114276, 0.26790738667656594, 0.26790738667656594, 0.09174937019714151, 0.28135255090951916, 0.1667306800436144, 0.2836071024884359, 0.18678097498364757, 0.29074041003341544, 0.21849969237866518, 0.5333474574057346, 1.0, 0.26290245253407696, 0.5717440196379409, 0.37959925819376816, 0.5534962985249328, 0.02722336052185742, 0.42719628584660096, 0.40215998608057396], [0.977334146747552, 0.9698324468428177, 0.977334146747552, 0.988491829749556, 0.988491829749556, 0.9277858519129377, 0.9277858519129377, 0.82453654380897, 0.82453654380897, 0.9915423095714104, 0.9876754926532805, 0.982691343587786, 0.9950746695678242, 0.9418157241308404, 0.9868600161003142, 0.8763750036004264, 0.7364346081096501, 0.26290245253407696, 1.0, 0.7336431322257143, 0.04018290111370474, -0.34723478921795636, 0.6684939178049261, 0.9168040531989344, 0.9058287305259978], [0.7992839133120493, 0.7710414564106419, 0.7992839133120493, 0.7919481536824072, 0.7919481536824072, 0.7234393053533892, 0.7234393053533892, 0.738280395853921, 0.738280395853921, 0.7885565168199818, 0.7107250208155823, 0.7158484930738716, 0.7528052488862209, 0.7201080889530859, 0.7384598723993958, 0.7151923793310296, 0.7737493079906347, 0.5717440196379409, 0.7336431322257143, 1.0, 0.22825109734611082, -0.04323303817853478, 0.2232990541390083, 0.8255635719589662, 0.7361703002656338], [0.12564081262919818, 0.1325100267790599, 0.12564081262919818, 0.09800665647341517, 0.09800665647341517, -0.10918708581750067, -0.10918708581750067, -0.14073969632448693, -0.14073969632448693, -0.16335525525608255, -0.5592143328255551, -0.8080518412627082, -0.32766417472307724, -0.2607614731525, -0.32020406272247864, -0.05127599526909137, 0.5176849295087042, 0.37959925819376816, 0.04018290111370474, 0.22825109734611082, 1.0, -0.09653794334406408, -0.15233826059511119, 0.117372692237831, -0.07290747780711414], [-0.27646709814448767, -0.27617362694286157, -0.27646709814448767, -0.28130210085843416, -0.28130210085843416, -0.1255468055880929, -0.1255468055880929, 0.023195474552558142, 0.023195474552558142, -0.3134398068963689, 0.24265161458286758, 0.28635421300686703, 0.18908761275164665, -0.19978765061970244, 0.19935186986433717, -0.2349562541095462, -0.5815373378604739, 0.5534962985249328, -0.34723478921795636, -0.04323303817853478, -0.09653794334406408, 1.0, -0.05900263283713324, -0.34523412631282324, -0.07255884690087436], [0.7595045657844552, 0.6538518756199531, 0.7595045657844552, 0.7698525811317094, 0.7698525811317094, 0.8705954711396319, 0.8705954711396319, 0.7794215238749835, 0.7794215238749835, 0.8860921759068695, 0.854129150037267, 0.8137441856307193, 0.8777358800757323, 0.9087276786077014, 0.9069188497893612, 0.8168891785870551, 0.2562154169362367, 0.02722336052185742, 0.6684939178049261, 0.2232990541390083, -0.15233826059511119, -0.05900263283713324, 1.0, 0.528345698131335, 0.7300283007811482], [0.9456662614631527, 0.9464653936527003, 0.9456662614631527, 0.9338806643622447, 0.9338806643622447, 0.8985412562988551, 0.8985412562988551, 0.7826566908184204, 0.7826566908184204, 0.9279085179225228, 0.9288301985073716, 0.9356900139975678, 0.9057298674905258, 0.9187578286832296, 0.9258943717201448, 0.8384820689126679, 0.8263587836256595, 0.42719628584660096, 0.9168040531989344, 0.8255635719589662, 0.117372692237831, -0.34523412631282324, 0.528345698131335, 1.0, 0.8792775431382076], [0.916758700644506, 0.9229917011007702, 0.916758700644506, 0.9164355823486061, 0.9164355823486061, 0.91901829997829, 0.91901829997829, 0.8485112612248343, 0.8485112612248343, 0.902595154834132, 0.9552799054014314, 0.9534288696779514, 0.932932735443667, 0.916007978098286, 0.9389888718080193, 0.8307828333251213, 0.6463283442813689, 0.40215998608057396, 0.9058287305259978, 0.7361703002656338, -0.07290747780711414, -0.07255884690087436, 0.7300283007811482, 0.8792775431382076, 1.0]], "x": ["^TAIEX       \u81fa\u7063\u52a0\u6b0a\u5831\u916c\u6307\u6578", "^TWII        \u81fa\u7063\u52a0\u6b0a\u6307\u6578", "^TAIEXx2     \u81fa\u7063\u52a0\u6b0a\u5831\u916c\u6307\u6578_\u65e5\u6b632", "^TAI50I      \u81fa\u706350\u5831\u916c\u6307\u6578", "^TAI50Ix2    \u81fa\u706350\u5831\u916c\u6307\u6578_\u65e5\u6b632", "^TAI100I     \u81fa\u7063\u4e2d\u578b100\u5831\u916c\u6307\u6578", "^TAI100Ix2   \u81fa\u7063\u4e2d\u578b100\u5831\u916c\u6307\u6578_\u65e5\u6b632", "^TAIDIVIDI   \u81fa\u7063\u9ad8\u80a1\u606f\u5831\u916c\u6307\u6578", "^TAIDIVIDIx2 \u81fa\u7063\u9ad8\u80a1\u606f\u5831\u916c\u6307\u6578_\u65e5\u6b632", "0050         \u5143\u5927\u81fa\u706350", "00631L       \u5143\u5927\u53f0\u706350\u6b632", "00675L       \u5bcc\u90a6\u81fa\u7063\u52a0\u6b0a\u6b632", "006208       \u5bcc\u90a6\u53f050", "0051         \u5143\u5927\u4e2d\u578b100", "006204       \u6c38\u8c50\u81fa\u7063\u52a0\u6b0a", "0056         \u5143\u5927\u9ad8\u80a1\u606f", "2412         \u4e2d\u83ef\u96fb\u4fe1", "2002         \u4e2d\u92fc", "2330         \u53f0\u7a4d\u96fb", "2317         \u9d3b\u6d77", "6505         \u53f0\u5851\u77f3\u5316", "3481         \u7fa4\u5275", "2303         \u806f\u96fb", "2308         \u53f0\u9054\u96fb", "2454         \u806f\u767c\u79d1"], "y": ["^TAIEX       \u81fa\u7063\u52a0\u6b0a\u5831\u916c\u6307\u6578", "^TWII        \u81fa\u7063\u52a0\u6b0a\u6307\u6578", "^TAIEXx2     \u81fa\u7063\u52a0\u6b0a\u5831\u916c\u6307\u6578_\u65e5\u6b632", "^TAI50I      \u81fa\u706350\u5831\u916c\u6307\u6578", "^TAI50Ix2    \u81fa\u706350\u5831\u916c\u6307\u6578_\u65e5\u6b632", "^TAI100I     \u81fa\u7063\u4e2d\u578b100\u5831\u916c\u6307\u6578", "^TAI100Ix2   \u81fa\u7063\u4e2d\u578b100\u5831\u916c\u6307\u6578_\u65e5\u6b632", "^TAIDIVIDI   \u81fa\u7063\u9ad8\u80a1\u606f\u5831\u916c\u6307\u6578", "^TAIDIVIDIx2 \u81fa\u7063\u9ad8\u80a1\u606f\u5831\u916c\u6307\u6578_\u65e5\u6b632", "0050         \u5143\u5927\u81fa\u706350", "00631L       \u5143\u5927\u53f0\u706350\u6b632", "00675L       \u5bcc\u90a6\u81fa\u7063\u52a0\u6b0a\u6b632", "006208       \u5bcc\u90a6\u53f050", "0051         \u5143\u5927\u4e2d\u578b100", "006204       \u6c38\u8c50\u81fa\u7063\u52a0\u6b0a", "0056         \u5143\u5927\u9ad8\u80a1\u606f", "2412         \u4e2d\u83ef\u96fb\u4fe1", "2002         \u4e2d\u92fc", "2330         \u53f0\u7a4d\u96fb", "2317         \u9d3b\u6d77", "6505         \u53f0\u5851\u77f3\u5316", "3481         \u7fa4\u5275", "2303         \u806f\u96fb", "2308         \u53f0\u9054\u96fb", "2454         \u806f\u767c\u79d1"], "zmin": -1, "zmax": 1, "colorbar": {"x": -0.2}}], "layout": {"title": {"text": "<b>Correlation of Close<b><br><i>2016/09/23 ~ 2025/04/14<i>", "y": 0.05, "font": {"family": "Times New Roman"}, "x": 0.05}, "xaxis": {"side": "top", "tickangle": -90, "gridcolor": "rgba(0, 0, 0, 0)", "tickfont": {"family": "Courier New", "size": 14}, "automargin": true}, "yaxis": {"side": "right", "gridcolor": "rgba(0, 0, 0, 0)", "tickfont": {"family": "Courier New"}, "automargin": true}, "height": 600, "font": {"family": "Courier New", "color": "#ffffff"}, "plot_bgcolor": "#000", "paper_bgcolor": "#000"}};

Plotly.newPlot("correlationClose",
    correlationClose.data,
    correlationClose.layout || {},
    config);