var correlationClose = {"data": [{"type": "heatmap", "z": [[1.0, 0.9999999999999986, 1.0, 0.9956329249991467, 0.9956329249991467, 0.9606873767667545, 0.9606873767667545, 0.8952886704048992, 0.8952886704048992, 0.9439173051669156, 0.9951833551167203, 0.9548910578185292, 0.9924695473053672, 0.9920239649391525, 0.9950990032452277, 0.9713393190056331, 0.9988712920423656, 0.9272942125169028, 0.7824772077523267, -0.07405700015013407, 0.9766215123414083, 0.055887728128408296, 0.0070749862521940505, -0.2510421488092533, 0.8246953990602701, 0.951066368274636, 0.9028747524175323, 0.9267400307091342, 0.7658069357282962, 0.469242146489071, 0.6066143115334235, 0.6379960143899857, 0.9275797718859942, 0.8087992345955204, 0.1685075064603459], [0.9999999999999986, 1.0, 0.9999999999999988, 0.9955775385866737, 0.9955775385866737, 0.9600334824815032, 0.9600334824815032, 0.8965990385440852, 0.8965990385440852, 0.9442031804110456, 0.9951534685711091, 0.9538145859142833, 0.9922161782855755, 0.9914423149430139, 0.9950589829585378, 0.9705883354549734, 0.998875375753837, 0.9278327242162621, 0.8032992589118932, 0.13226244453856215, 0.967482101945775, -0.10401642631759278, 0.014431733781527189, -0.2513739379734198, 0.6480087133619403, 0.9511711276423177, 0.8744965974805085, 0.9213580134027948, 0.7794052130821978, 0.4608144344919028, 0.6035707029039669, 0.6692256377380453, 0.9245946055586907, 0.6703598006599761, 0.16481413410110918], [1.0, 0.9999999999999988, 1.0, 0.9956329249991467, 0.9956329249991467, 0.9606873767667545, 0.9606873767667545, 0.8952886704048992, 0.8952886704048992, 0.9439173051669156, 0.9951833551167203, 0.9548910578185292, 0.9924695473053672, 0.9920239649391525, 0.9950990032452277, 0.9713393190056331, 0.9988712920423656, 0.9272942125169028, 0.7824772077523267, -0.07405700015013407, 0.9766215123414083, 0.055887728128408296, 0.0070749862521940505, -0.2510421488092533, 0.8246953990602701, 0.951066368274636, 0.9028747524175323, 0.9267400307091342, 0.7658069357282962, 0.469242146489071, 0.6066143115334235, 0.6379960143899857, 0.9275797718859942, 0.8087992345955204, 0.1685075064603459], [0.9956329249991467, 0.9955775385866737, 0.9956329249991467, 1.0, 1.0, 0.9476115353707598, 0.9476115353707598, 0.8812568612284107, 0.8812568612284107, 0.9400440273235119, 0.9994550782768515, 0.9523973591282112, 0.987994499516796, 0.9837036998165684, 0.999386938260384, 0.9537866645216077, 0.9947045037483201, 0.9091671867357927, 0.7622830381990011, -0.0793912288981938, 0.9884239242251807, 0.07528366901947874, -0.023020055061650908, -0.254836514343768, 0.8258766808179713, 0.941825720351987, 0.9079745484018862, 0.916386695461935, 0.7778428027390375, 0.49511854214725093, 0.6008053357861715, 0.6124263618254417, 0.921278885836741, 0.798627468492227, 0.18113777872866924], [0.9956329249991467, 0.9955775385866737, 0.9956329249991467, 1.0, 1.0, 0.9476115353707598, 0.9476115353707598, 0.8812568612284107, 0.8812568612284107, 0.9400440273235119, 0.9994550782768515, 0.9523973591282112, 0.987994499516796, 0.9837036998165684, 0.999386938260384, 0.9537866645216077, 0.9947045037483201, 0.9091671867357927, 0.7622830381990011, -0.0793912288981938, 0.9884239242251807, 0.07528366901947874, -0.023020055061650908, -0.254836514343768, 0.8258766808179713, 0.941825720351987, 0.9079745484018862, 0.916386695461935, 0.7778428027390375, 0.49511854214725093, 0.6008053357861715, 0.6124263618254417, 0.921278885836741, 0.798627468492227, 0.18113777872866924], [0.9606873767667545, 0.9600334824815032, 0.9606873767667545, 0.9476115353707598, 0.9476115353707598, 1.0, 1.0, 0.9225157330299402, 0.9225157330299402, 0.9096514176874002, 0.951520748153241, 0.9173956586666596, 0.9766187599084205, 0.9754554282698136, 0.9510877602716109, 0.998966513883232, 0.9718509375697176, 0.919639385704444, 0.6231431524906305, -0.016983221259421342, 0.9319982643393765, 0.24037760426919574, -0.2004056534570853, -0.10438791213342824, 0.8960493760006243, 0.9107792851689644, 0.9234817112518541, 0.893665174482139, 0.7236404064859326, 0.7004546686784969, 0.7208130542024588, 0.7138207285754006, 0.8439996747286748, 0.8439608320258317, 0.46131925982137634], [0.9606873767667545, 0.9600334824815032, 0.9606873767667545, 0.9476115353707598, 0.9476115353707598, 1.0, 1.0, 0.9225157330299402, 0.9225157330299402, 0.9096514176874002, 0.951520748153241, 0.9173956586666596, 0.9766187599084205, 0.9754554282698136, 0.9510877602716109, 0.998966513883232, 0.9718509375697176, 0.919639385704444, 0.6231431524906305, -0.016983221259421342, 0.9319982643393765, 0.24037760426919574, -0.2004056534570853, -0.10438791213342824, 0.8960493760006243, 0.9107792851689644, 0.9234817112518541, 0.893665174482139, 0.7236404064859326, 0.7004546686784969, 0.7208130542024588, 0.7138207285754006, 0.8439996747286748, 0.8439608320258317, 0.46131925982137634], [0.8952886704048992, 0.8965990385440852, 0.8952886704048992, 0.8812568612284107, 0.8812568612284107, 0.9225157330299402, 0.9225157330299402, 1.0, 1.0, 0.8890746283236416, 0.9380678625718885, 0.8794554634384207, 0.9469323432241896, 0.9419897857473186, 0.9376347896115815, 0.9233184164274868, 0.9393777093617733, 0.9731390484042803, 0.5572316358375511, 0.10415087755134149, 0.8376281544370695, 0.49416298645265977, -0.22434578075820027, 0.03818470761237227, 0.784378544639103, 0.801926983224393, 0.8593080818120034, 0.8391738677346527, 0.7370708055899952, 0.8679299540944632, 0.7651154137343464, 0.7176747644214259, 0.7680459657181574, 0.8315675835039742, 0.8007997493631559], [0.8952886704048992, 0.8965990385440852, 0.8952886704048992, 0.8812568612284107, 0.8812568612284107, 0.9225157330299402, 0.9225157330299402, 1.0, 1.0, 0.8890746283236416, 0.9380678625718885, 0.8794554634384207, 0.9469323432241896, 0.9419897857473186, 0.9376347896115815, 0.9233184164274868, 0.9393777093617733, 0.9731390484042803, 0.5572316358375511, 0.10415087755134149, 0.8376281544370695, 0.49416298645265977, -0.22434578075820027, 0.03818470761237227, 0.784378544639103, 0.801926983224393, 0.8593080818120034, 0.8391738677346527, 0.7370708055899952, 0.8679299540944632, 0.7651154137343464, 0.7176747644214259, 0.7680459657181574, 0.8315675835039742, 0.8007997493631559], [0.9439173051669156, 0.9442031804110456, 0.9439173051669156, 0.9400440273235119, 0.9400440273235119, 0.9096514176874002, 0.9096514176874002, 0.8890746283236416, 0.8890746283236416, 1.0, 0.9370305360692367, 0.9999756152025735, 0.9223571210503038, 0.8994798062320336, 0.9378241146050316, 0.9112643183953917, 0.9419593198059133, 0.9035755557759724, 0.7873384177923523, 0.22917616647687356, 0.9288571069253364, 0.7843330783816868, -0.3211919996468798, 0.39623981161666455, 0.8611199332537672, 0.8487920028482951, 0.8897422721490591, 0.8689520302474562, 0.7591169195445892, 0.78485827746348, 0.8301732974110466, 0.8007517566999101, 0.8462234936461174, 0.8910113376428334, 0.7785275511660013], [0.9951833551167203, 0.9951534685711091, 0.9951833551167203, 0.9994550782768515, 0.9994550782768515, 0.951520748153241, 0.951520748153241, 0.9380678625718885, 0.9380678625718885, 0.9370305360692367, 1.0, 0.9368730377401616, 0.9877775879928787, 0.9841098792188263, 0.9999130141969182, 0.9520234683434369, 0.9938295735790748, 0.9281980388229176, 0.8398115355209022, 0.1765641424731754, 0.9954783218317623, 0.845601926128861, -0.4101128258114923, 0.37679334833154166, 0.8703289079081292, 0.9161453250788115, 0.9397667525974949, 0.9111714455928666, 0.7993187163311513, 0.8878517098743306, 0.869970641549919, 0.8152485902536741, 0.8943655486202305, 0.9419648782365176, 0.7855844651481837], [0.9548910578185292, 0.9538145859142833, 0.9548910578185292, 0.9523973591282112, 0.9523973591282112, 0.9173956586666596, 0.9173956586666596, 0.8794554634384207, 0.8794554634384207, 0.9999756152025735, 0.9368730377401616, 1.0, 0.9197925589022149, 0.8961155690042258, 0.9355669078138255, 0.917744711797379, 0.9433511678474851, 0.8933630888010919, 0.7192594108792293, -0.0020983137584303555, 0.9388131001711226, 0.60757744824146, -0.23115768072785406, -0.2393506319075121, 0.8674095741209248, 0.8779783571733983, 0.8634561713802144, 0.8790583655416021, 0.7924620197675495, 0.7745297301232145, 0.7956309363301295, 0.7240089108625085, 0.8747876918482912, 0.7744734649775572, 0.7352901513254796], [0.9924695473053672, 0.9922161782855755, 0.9924695473053672, 0.987994499516796, 0.987994499516796, 0.9766187599084205, 0.9766187599084205, 0.9469323432241896, 0.9469323432241896, 0.9223571210503038, 0.9877775879928787, 0.9197925589022149, 1.0, 0.9996774870904418, 0.9876751851347424, 0.974869090124169, 0.9894690941622639, 0.9233979060863179, 0.8052962231587015, 0.21279823615514618, 0.985422825431343, 0.8713900705920501, -0.6011301431840516, 0.45416445599261257, 0.8506719084170199, 0.9333171575916622, 0.9569544346944062, 0.905328665882941, 0.7204583144319253, 0.8891463708211274, 0.8494398104858523, 0.8065206704424573, 0.8745241073196905, 0.9628943688135709, 0.8217016089611934], [0.9920239649391525, 0.9914423149430139, 0.9920239649391525, 0.9837036998165684, 0.9837036998165684, 0.9754554282698136, 0.9754554282698136, 0.9419897857473186, 0.9419897857473186, 0.8994798062320336, 0.9841098792188263, 0.8961155690042258, 0.9996774870904418, 1.0, 0.9841610719794857, 0.972584082796356, 0.9876648048615715, 0.9113697103430176, 0.8235649200621729, 0.0936523112116768, 0.9796119808328451, 0.8805455905331198, -0.8165096637463406, 0.5029319554342329, 0.8090581385241307, 0.9393978439220103, 0.9547461935667991, 0.8911998635802973, 0.6331512870019501, 0.9000044762645407, 0.8350483636961189, 0.7576534589098597, 0.9081679349131936, 0.9654110195205848, 0.7922925804205825], [0.9950990032452277, 0.9950589829585378, 0.9950990032452277, 0.999386938260384, 0.999386938260384, 0.9510877602716109, 0.9510877602716109, 0.9376347896115815, 0.9376347896115815, 0.9378241146050316, 0.9999130141969182, 0.9355669078138255, 0.9876751851347424, 0.9841610719794857, 1.0, 0.9517068215331985, 0.9937819488279096, 0.9281811265810139, 0.8409171197952108, 0.1752230281212166, 0.9953684933372131, 0.8450866223331476, -0.4078064613762809, 0.3748336669123649, 0.8698712527320254, 0.914638248135203, 0.9387137395103665, 0.9116616233262882, 0.800916546730087, 0.8874691490186583, 0.8711881130147936, 0.816168436406405, 0.8940699619110842, 0.9416513650990731, 0.7854663294915751], [0.9713393190056331, 0.9705883354549734, 0.9713393190056331, 0.9537866645216077, 0.9537866645216077, 0.998966513883232, 0.998966513883232, 0.9233184164274868, 0.9233184164274868, 0.9112643183953917, 0.9520234683434369, 0.917744711797379, 0.974869090124169, 0.972584082796356, 0.9517068215331985, 1.0, 0.9735649928022836, 0.919240311096217, 0.6720372373528772, 0.0022545881968026836, 0.9433215525821652, 0.568564781646506, -0.33438871677821147, -0.1583941610266301, 0.9090395197965274, 0.923698508557083, 0.9188821513055878, 0.9022113528116517, 0.7648070550602272, 0.8314486972156012, 0.7715088465601668, 0.7716916215430245, 0.8683145854108136, 0.8409981752374869, 0.7892169006667527], [0.9988712920423656, 0.998875375753837, 0.9988712920423656, 0.9947045037483201, 0.9947045037483201, 0.9718509375697176, 0.9718509375697176, 0.9393777093617733, 0.9393777093617733, 0.9419593198059133, 0.9938295735790748, 0.9433511678474851, 0.9894690941622639, 0.9876648048615715, 0.9937819488279096, 0.9735649928022836, 1.0, 0.9433040644732544, 0.8461886575301222, 0.17301923937690458, 0.9867295179640071, 0.8149507233670492, -0.392631035032584, 0.3868825416460758, 0.9022201888649797, 0.9315273634824938, 0.943580109143435, 0.9360872082418227, 0.8209223121639053, 0.877345998363133, 0.8969544402953323, 0.8449371167495126, 0.9062058235602262, 0.9460997767327369, 0.8404610851277677], [0.9272942125169028, 0.9278327242162621, 0.9272942125169028, 0.9091671867357927, 0.9091671867357927, 0.919639385704444, 0.919639385704444, 0.9731390484042803, 0.9731390484042803, 0.9035755557759724, 0.9281980388229176, 0.8933630888010919, 0.9233979060863179, 0.9113697103430176, 0.9281811265810139, 0.919240311096217, 0.9433040644732544, 1.0, 0.7264461333301625, 0.020358415870983807, 0.8720609094035628, 0.5046475333810917, -0.12256750275924914, -0.20001124950713003, 0.8220588178306845, 0.839839802519169, 0.8285110671277465, 0.9118114072417774, 0.8284466160746311, 0.7983881307220277, 0.7404530118908943, 0.6992656654017444, 0.8357026220931116, 0.7623495750299827, 0.8465903250075326], [0.7824772077523267, 0.8032992589118932, 0.7824772077523267, 0.7622830381990011, 0.7622830381990011, 0.6231431524906305, 0.6231431524906305, 0.5572316358375511, 0.5572316358375511, 0.7873384177923523, 0.8398115355209022, 0.7192594108792293, 0.8052962231587015, 0.8235649200621729, 0.8409171197952108, 0.6720372373528772, 0.8461886575301222, 0.7264461333301625, 1.0, 0.06264193044866258, 0.7249102000736516, -0.4414156172312638, 0.39467896309845263, -0.662197924904856, 0.33091770614414534, 0.8031574198023623, 0.47960581246056516, 0.8291232123137675, 0.6789896739671574, 0.03161058190550812, 0.272961946816209, 0.5557635600966937, 0.7747929438537011, 0.45478362407900497, -0.17193382090352116], [-0.07405700015013407, 0.13226244453856215, -0.07405700015013407, -0.0793912288981938, -0.0793912288981938, -0.016983221259421342, -0.016983221259421342, 0.10415087755134149, 0.10415087755134149, 0.22917616647687356, 0.1765641424731754, -0.0020983137584303555, 0.21279823615514618, 0.0936523112116768, 0.1752230281212166, 0.0022545881968026836, 0.17301923937690458, 0.020358415870983807, 0.06264193044866258, 1.0, -0.0434914749964044, 0.13780774091401135, 0.11375270993250808, 0.7525886497910409, -0.07572217531994258, 0.048345126991341046, 0.039394483774324536, 0.2031114447715249, 0.04173272869440458, 0.12653357292459086, 0.3947192132754579, 0.598767772642033, -0.07676930850782421, 0.16398765188352366, 0.17398491759999363], [0.9766215123414083, 0.967482101945775, 0.9766215123414083, 0.9884239242251807, 0.9884239242251807, 0.9319982643393765, 0.9319982643393765, 0.8376281544370695, 0.8376281544370695, 0.9288571069253364, 0.9954783218317623, 0.9388131001711226, 0.985422825431343, 0.9796119808328451, 0.9953684933372131, 0.9433215525821652, 0.9867295179640071, 0.8720609094035628, 0.7249102000736516, -0.0434914749964044, 1.0, -0.015130913233234981, -0.08721495634448542, -0.3151491780193001, 0.6882628320326414, 0.9231128817115803, 0.8913473992881996, 0.8583278044088497, 0.7464293585184284, 0.49118241267873297, 0.563576450077508, 0.5422032325947934, 0.8996129940752485, 0.6454715722798138, 0.15982720279315657], [0.055887728128408296, -0.10401642631759278, 0.055887728128408296, 0.07528366901947874, 0.07528366901947874, 0.24037760426919574, 0.24037760426919574, 0.49416298645265977, 0.49416298645265977, 0.7843330783816868, 0.845601926128861, 0.60757744824146, 0.8713900705920501, 0.8805455905331198, 0.8450866223331476, 0.568564781646506, 0.8149507233670492, 0.5046475333810917, -0.4414156172312638, 0.13780774091401135, -0.015130913233234981, 1.0, -0.4212817147001696, 0.7798484095356387, 0.35979847975489543, -0.06563540870335756, 0.2469828938716108, -0.16583858216517464, 0.012663223407852232, 0.5569461901474153, 0.4438451974695607, 0.17040992060639595, -0.09022498305910684, 0.3435151103701558, 0.46385011938435156], [0.0070749862521940505, 0.014431733781527189, 0.0070749862521940505, -0.023020055061650908, -0.023020055061650908, -0.2004056534570853, -0.2004056534570853, -0.22434578075820027, -0.22434578075820027, -0.3211919996468798, -0.4101128258114923, -0.23115768072785406, -0.6011301431840516, -0.8165096637463406, -0.4078064613762809, -0.33438871677821147, -0.392631035032584, -0.12256750275924914, 0.39467896309845263, 0.11375270993250808, -0.08721495634448542, -0.4212817147001696, 1.0, -0.050483276690010244, -0.12493716722115825, -0.028941181657520083, -0.2344567055384904, 0.0317472958503463, -0.007154905820183631, -0.5282260527984022, -0.14756651807136473, 0.011066874549325617, 0.04150097037101337, -0.14681867832655726, -0.4015182524647084], [-0.2510421488092533, -0.2513739379734198, -0.2510421488092533, -0.254836514343768, -0.254836514343768, -0.10438791213342824, -0.10438791213342824, 0.03818470761237227, 0.03818470761237227, 0.39623981161666455, 0.37679334833154166, -0.2393506319075121, 0.45416445599261257, 0.5029319554342329, 0.3748336669123649, -0.1583941610266301, 0.3868825416460758, -0.20001124950713003, -0.662197924904856, 0.7525886497910409, -0.3151491780193001, 0.7798484095356387, -0.050483276690010244, 1.0, -0.09766390199272675, -0.30255478812742953, -0.04800243528760036, -0.3497015417829061, -0.32636029149390167, 0.1118136702790818, 0.1832119225981143, 0.2753109118624081, -0.38256759398001805, 0.14386496178174216, 0.1053408170972117], [0.8246953990602701, 0.6480087133619403, 0.8246953990602701, 0.8258766808179713, 0.8258766808179713, 0.8960493760006243, 0.8960493760006243, 0.784378544639103, 0.784378544639103, 0.8611199332537672, 0.8703289079081292, 0.8674095741209248, 0.8506719084170199, 0.8090581385241307, 0.8698712527320254, 0.9090395197965274, 0.9022201888649797, 0.8220588178306845, 0.33091770614414534, -0.07572217531994258, 0.6882628320326414, 0.35979847975489543, -0.12493716722115825, -0.09766390199272675, 1.0, 0.6152956331801619, 0.8450893658898656, 0.4783747175826667, 0.6131878540843978, 0.5280319974225154, 0.6440038978081781, 0.4069709357463732, 0.6958819377960941, 0.694452787718045, 0.41022349614104237], [0.951066368274636, 0.9511711276423177, 0.951066368274636, 0.941825720351987, 0.941825720351987, 0.9107792851689644, 0.9107792851689644, 0.801926983224393, 0.801926983224393, 0.8487920028482951, 0.9161453250788115, 0.8779783571733983, 0.9333171575916622, 0.9393978439220103, 0.914638248135203, 0.923698508557083, 0.9315273634824938, 0.839839802519169, 0.8031574198023623, 0.048345126991341046, 0.9231128817115803, -0.06563540870335756, -0.028941181657520083, -0.30255478812742953, 0.6152956331801619, 1.0, 0.8272532323392848, 0.8583401760810583, 0.7062074189081678, 0.3346723788437484, 0.4837328789540812, 0.602932463397596, 0.9015978527704787, 0.6318313226779857, 0.05785323350460721], [0.9028747524175323, 0.8744965974805085, 0.9028747524175323, 0.9079745484018862, 0.9079745484018862, 0.9234817112518541, 0.9234817112518541, 0.8593080818120034, 0.8593080818120034, 0.8897422721490591, 0.9397667525974949, 0.8634561713802144, 0.9569544346944062, 0.9547461935667991, 0.9387137395103665, 0.9188821513055878, 0.943580109143435, 0.8285110671277465, 0.47960581246056516, 0.039394483774324536, 0.8913473992881996, 0.2469828938716108, -0.2344567055384904, -0.04800243528760036, 0.8450893658898656, 0.8272532323392848, 1.0, 0.7299017422895807, 0.576743305026032, 0.5338065445209389, 0.5696876592826908, 0.5263564148604527, 0.7977062554906336, 0.816286624032564, 0.2065288842989024], [0.9267400307091342, 0.9213580134027948, 0.9267400307091342, 0.916386695461935, 0.916386695461935, 0.893665174482139, 0.893665174482139, 0.8391738677346527, 0.8391738677346527, 0.8689520302474562, 0.9111714455928666, 0.8790583655416021, 0.905328665882941, 0.8911998635802973, 0.9116616233262882, 0.9022113528116517, 0.9360872082418227, 0.9118114072417774, 0.8291232123137675, 0.2031114447715249, 0.8583278044088497, -0.16583858216517464, 0.0317472958503463, -0.3497015417829061, 0.4783747175826667, 0.8583401760810583, 0.7299017422895807, 1.0, 0.9000497893219755, 0.49485212900657466, 0.6661310255908018, 0.66819453703221, 0.8690763575838103, 0.48815086259104523, 0.2899598583553006], [0.7658069357282962, 0.7794052130821978, 0.7658069357282962, 0.7778428027390375, 0.7778428027390375, 0.7236404064859326, 0.7236404064859326, 0.7370708055899952, 0.7370708055899952, 0.7591169195445892, 0.7993187163311513, 0.7924620197675495, 0.7204583144319253, 0.6331512870019501, 0.800916546730087, 0.7648070550602272, 0.8209223121639053, 0.8284466160746311, 0.6789896739671574, 0.04173272869440458, 0.7464293585184284, 0.012663223407852232, -0.007154905820183631, -0.32636029149390167, 0.6131878540843978, 0.7062074189081678, 0.576743305026032, 0.9000497893219755, 1.0, 0.5402039212891191, 0.6485082096622381, 0.601984663540646, 0.7111018388562527, 0.5519943664878999, 0.4715353663163927], [0.469242146489071, 0.4608144344919028, 0.469242146489071, 0.49511854214725093, 0.49511854214725093, 0.7004546686784969, 0.7004546686784969, 0.8679299540944632, 0.8679299540944632, 0.78485827746348, 0.8878517098743306, 0.7745297301232145, 0.8891463708211274, 0.9000044762645407, 0.8874691490186583, 0.8314486972156012, 0.877345998363133, 0.7983881307220277, 0.03161058190550812, 0.12653357292459086, 0.49118241267873297, 0.5569461901474153, -0.5282260527984022, 0.1118136702790818, 0.5280319974225154, 0.3346723788437484, 0.5338065445209389, 0.49485212900657466, 0.5402039212891191, 1.0, 0.7290487385743648, 0.36402694429335525, 0.42806510283426547, 0.5224116064696582, 0.7926667033823462], [0.6066143115334235, 0.6035707029039669, 0.6066143115334235, 0.6008053357861715, 0.6008053357861715, 0.7208130542024588, 0.7208130542024588, 0.7651154137343464, 0.7651154137343464, 0.8301732974110466, 0.869970641549919, 0.7956309363301295, 0.8494398104858523, 0.8350483636961189, 0.8711881130147936, 0.7715088465601668, 0.8969544402953323, 0.7404530118908943, 0.272961946816209, 0.3947192132754579, 0.563576450077508, 0.4438451974695607, -0.14756651807136473, 0.1832119225981143, 0.6440038978081781, 0.4837328789540812, 0.5696876592826908, 0.6661310255908018, 0.6485082096622381, 0.7290487385743648, 1.0, 0.7766516286576487, 0.4593247031443299, 0.7107814396671839, 0.5491931774929023], [0.6379960143899857, 0.6692256377380453, 0.6379960143899857, 0.6124263618254417, 0.6124263618254417, 0.7138207285754006, 0.7138207285754006, 0.7176747644214259, 0.7176747644214259, 0.8007517566999101, 0.8152485902536741, 0.7240089108625085, 0.8065206704424573, 0.7576534589098597, 0.816168436406405, 0.7716916215430245, 0.8449371167495126, 0.6992656654017444, 0.5557635600966937, 0.598767772642033, 0.5422032325947934, 0.17040992060639595, 0.011066874549325617, 0.2753109118624081, 0.4069709357463732, 0.602932463397596, 0.5263564148604527, 0.66819453703221, 0.601984663540646, 0.36402694429335525, 0.7766516286576487, 1.0, 0.48092822485680287, 0.6687717053380358, 0.19445844841160526], [0.9275797718859942, 0.9245946055586907, 0.9275797718859942, 0.921278885836741, 0.921278885836741, 0.8439996747286748, 0.8439996747286748, 0.7680459657181574, 0.7680459657181574, 0.8462234936461174, 0.8943655486202305, 0.8747876918482912, 0.8745241073196905, 0.9081679349131936, 0.8940699619110842, 0.8683145854108136, 0.9062058235602262, 0.8357026220931116, 0.7747929438537011, -0.07676930850782421, 0.8996129940752485, -0.09022498305910684, 0.04150097037101337, -0.38256759398001805, 0.6958819377960941, 0.9015978527704787, 0.7977062554906336, 0.8690763575838103, 0.7111018388562527, 0.42806510283426547, 0.4593247031443299, 0.48092822485680287, 1.0, 0.7040840701390605, 0.15687788526118598], [0.8087992345955204, 0.6703598006599761, 0.8087992345955204, 0.798627468492227, 0.798627468492227, 0.8439608320258317, 0.8439608320258317, 0.8315675835039742, 0.8315675835039742, 0.8910113376428334, 0.9419648782365176, 0.7744734649775572, 0.9628943688135709, 0.9654110195205848, 0.9416513650990731, 0.8409981752374869, 0.9460997767327369, 0.7623495750299827, 0.45478362407900497, 0.16398765188352366, 0.6454715722798138, 0.3435151103701558, -0.14681867832655726, 0.14386496178174216, 0.694452787718045, 0.6318313226779857, 0.816286624032564, 0.48815086259104523, 0.5519943664878999, 0.5224116064696582, 0.7107814396671839, 0.6687717053380358, 0.7040840701390605, 1.0, 0.16587843355460988], [0.1685075064603459, 0.16481413410110918, 0.1685075064603459, 0.18113777872866924, 0.18113777872866924, 0.46131925982137634, 0.46131925982137634, 0.8007997493631559, 0.8007997493631559, 0.7785275511660013, 0.7855844651481837, 0.7352901513254796, 0.8217016089611934, 0.7922925804205825, 0.7854663294915751, 0.7892169006667527, 0.8404610851277677, 0.8465903250075326, -0.17193382090352116, 0.17398491759999363, 0.15982720279315657, 0.46385011938435156, -0.4015182524647084, 0.1053408170972117, 0.41022349614104237, 0.05785323350460721, 0.2065288842989024, 0.2899598583553006, 0.4715353663163927, 0.7926667033823462, 0.5491931774929023, 0.19445844841160526, 0.15687788526118598, 0.16587843355460988, 1.0]], "x": ["^TAIEX       \u81fa\u7063\u52a0\u6b0a\u5831\u916c\u6307\u6578", "^TWII        \u81fa\u7063\u52a0\u6b0a\u6307\u6578", "^TAIEXx2     \u81fa\u7063\u52a0\u6b0a\u5831\u916c\u6307\u6578_\u65e5\u6b632", "^TAI50I      \u81fa\u706350\u5831\u916c\u6307\u6578", "^TAI50Ix2    \u81fa\u706350\u5831\u916c\u6307\u6578_\u65e5\u6b632", "^TAI100I     \u81fa\u7063\u4e2d\u578b100\u5831\u916c\u6307\u6578", "^TAI100Ix2   \u81fa\u7063\u4e2d\u578b100\u5831\u916c\u6307\u6578_\u65e5\u6b632", "^TAIDIVIDI   \u81fa\u7063\u9ad8\u80a1\u606f\u5831\u916c\u6307\u6578", "^TAIDIVIDIx2 \u81fa\u7063\u9ad8\u80a1\u606f\u5831\u916c\u6307\u6578_\u65e5\u6b632", "0050Fund     \u5143\u5927\u53f0\u7063\u5353\u8d8a50\u57fa\u91d1", "006208Fund   \u5bcc\u90a6\u53f0\u7063\u91c6\u540950\u57fa\u91d1", "0050         \u5143\u5927\u81fa\u706350", "00631L       \u5143\u5927\u53f0\u706350\u6b632", "00675L       \u5bcc\u90a6\u81fa\u7063\u52a0\u6b0a\u6b632", "006208       \u5bcc\u90a6\u53f050", "0051         \u5143\u5927\u4e2d\u578b100", "006204       \u6c38\u8c50\u81fa\u7063\u52a0\u6b0a", "0056         \u5143\u5927\u9ad8\u80a1\u606f", "2412         \u4e2d\u83ef\u96fb\u4fe1", "2002         \u4e2d\u92fc", "2330         \u53f0\u7a4d\u96fb", "2317         \u9d3b\u6d77", "6505         \u53f0\u5851\u77f3\u5316", "3481         \u7fa4\u5275", "2303         \u806f\u96fb", "2308         \u53f0\u9054\u96fb", "2454         \u806f\u767c\u79d1", "2886         \u5146\u8c50\u91d1", "2884         \u7389\u5c71\u91d1", "2891         \u4e2d\u4fe1\u91d1", "2892         \u7b2c\u4e00\u91d1", "5880         \u5408\u5eab\u91d1", "2881         \u5bcc\u90a6\u91d1", "2885         \u5143\u5927\u91d1", "2887         \u53f0\u65b0\u91d1"], "y": ["^TAIEX       \u81fa\u7063\u52a0\u6b0a\u5831\u916c\u6307\u6578", "^TWII        \u81fa\u7063\u52a0\u6b0a\u6307\u6578", "^TAIEXx2     \u81fa\u7063\u52a0\u6b0a\u5831\u916c\u6307\u6578_\u65e5\u6b632", "^TAI50I      \u81fa\u706350\u5831\u916c\u6307\u6578", "^TAI50Ix2    \u81fa\u706350\u5831\u916c\u6307\u6578_\u65e5\u6b632", "^TAI100I     \u81fa\u7063\u4e2d\u578b100\u5831\u916c\u6307\u6578", "^TAI100Ix2   \u81fa\u7063\u4e2d\u578b100\u5831\u916c\u6307\u6578_\u65e5\u6b632", "^TAIDIVIDI   \u81fa\u7063\u9ad8\u80a1\u606f\u5831\u916c\u6307\u6578", "^TAIDIVIDIx2 \u81fa\u7063\u9ad8\u80a1\u606f\u5831\u916c\u6307\u6578_\u65e5\u6b632", "0050Fund     \u5143\u5927\u53f0\u7063\u5353\u8d8a50\u57fa\u91d1", "006208Fund   \u5bcc\u90a6\u53f0\u7063\u91c6\u540950\u57fa\u91d1", "0050         \u5143\u5927\u81fa\u706350", "00631L       \u5143\u5927\u53f0\u706350\u6b632", "00675L       \u5bcc\u90a6\u81fa\u7063\u52a0\u6b0a\u6b632", "006208       \u5bcc\u90a6\u53f050", "0051         \u5143\u5927\u4e2d\u578b100", "006204       \u6c38\u8c50\u81fa\u7063\u52a0\u6b0a", "0056         \u5143\u5927\u9ad8\u80a1\u606f", "2412         \u4e2d\u83ef\u96fb\u4fe1", "2002         \u4e2d\u92fc", "2330         \u53f0\u7a4d\u96fb", "2317         \u9d3b\u6d77", "6505         \u53f0\u5851\u77f3\u5316", "3481         \u7fa4\u5275", "2303         \u806f\u96fb", "2308         \u53f0\u9054\u96fb", "2454         \u806f\u767c\u79d1", "2886         \u5146\u8c50\u91d1", "2884         \u7389\u5c71\u91d1", "2891         \u4e2d\u4fe1\u91d1", "2892         \u7b2c\u4e00\u91d1", "5880         \u5408\u5eab\u91d1", "2881         \u5bcc\u90a6\u91d1", "2885         \u5143\u5927\u91d1", "2887         \u53f0\u65b0\u91d1"], "zmin": -1, "zmax": 1, "colorbar": {"x": -0.2}}], "layout": {"autotypenumbers": "strict", "colorway": ["#636efa", "#EF553B", "#00cc96", "#ab63fa", "#FFA15A", "#19d3f3", "#FF6692", "#B6E880", "#FF97FF", "#FECB52"], "font": {"color": "#f2f5fa", "family": "Courier New"}, "hovermode": "closest", "hoverlabel": {"align": "left"}, "paper_bgcolor": "rgb(17,17,17)", "plot_bgcolor": "rgb(17,17,17)", "polar": {"bgcolor": "rgb(17,17,17)", "angularaxis": {"gridcolor": "#506784", "linecolor": "#506784", "ticks": ""}, "radialaxis": {"gridcolor": "#506784", "linecolor": "#506784", "ticks": ""}}, "ternary": {"bgcolor": "rgb(17,17,17)", "aaxis": {"gridcolor": "#506784", "linecolor": "#506784", "ticks": ""}, "baxis": {"gridcolor": "#506784", "linecolor": "#506784", "ticks": ""}, "caxis": {"gridcolor": "#506784", "linecolor": "#506784", "ticks": ""}}, "coloraxis": {"colorbar": {"outlinewidth": 0, "ticks": ""}}, "colorscale": {"sequential": [[0.0, "#0d0887"], [0.1111111111111111, "#46039f"], [0.2222222222222222, "#7201a8"], [0.3333333333333333, "#9c179e"], [0.4444444444444444, "#bd3786"], [0.5555555555555556, "#d8576b"], [0.6666666666666666, "#ed7953"], [0.7777777777777778, "#fb9f3a"], [0.8888888888888888, "#fdca26"], [1.0, "#f0f921"]], "sequentialminus": [[0.0, "#0d0887"], [0.1111111111111111, "#46039f"], [0.2222222222222222, "#7201a8"], [0.3333333333333333, "#9c179e"], [0.4444444444444444, "#bd3786"], [0.5555555555555556, "#d8576b"], [0.6666666666666666, "#ed7953"], [0.7777777777777778, "#fb9f3a"], [0.8888888888888888, "#fdca26"], [1.0, "#f0f921"]], "diverging": [[0, "#8e0152"], [0.1, "#c51b7d"], [0.2, "#de77ae"], [0.3, "#f1b6da"], [0.4, "#fde0ef"], [0.5, "#f7f7f7"], [0.6, "#e6f5d0"], [0.7, "#b8e186"], [0.8, "#7fbc41"], [0.9, "#4d9221"], [1, "#276419"]]}, "xaxis": {"gridcolor": "rgba(0, 0, 0, 0)", "linecolor": "#506784", "ticks": "", "title": {"standoff": 15}, "zerolinecolor": "#283442", "automargin": true, "zerolinewidth": 2, "tickfont": {"family": "Courier New", "size": 14}, "side": "top", "tickangle": -90}, "yaxis": {"gridcolor": "rgba(0, 0, 0, 0)", "linecolor": "#506784", "ticks": "", "title": {"standoff": 15}, "zerolinecolor": "#283442", "automargin": true, "zerolinewidth": 2, "tickfont": {"family": "Courier New"}, "side": "right"}, "scene": {"xaxis": {"backgroundcolor": "rgb(17,17,17)", "gridcolor": "#506784", "linecolor": "#506784", "showbackground": true, "ticks": "", "zerolinecolor": "#C8D4E3", "gridwidth": 2}, "yaxis": {"backgroundcolor": "rgb(17,17,17)", "gridcolor": "#506784", "linecolor": "#506784", "showbackground": true, "ticks": "", "zerolinecolor": "#C8D4E3", "gridwidth": 2}, "zaxis": {"backgroundcolor": "rgb(17,17,17)", "gridcolor": "#506784", "linecolor": "#506784", "showbackground": true, "ticks": "", "zerolinecolor": "#C8D4E3", "gridwidth": 2}}, "shapedefaults": {"line": {"color": "#f2f5fa"}}, "annotationdefaults": {"arrowcolor": "#f2f5fa", "arrowhead": 0, "arrowwidth": 1}, "geo": {"bgcolor": "rgb(17,17,17)", "landcolor": "rgb(17,17,17)", "subunitcolor": "#506784", "showland": true, "showlakes": true, "lakecolor": "rgb(17,17,17)"}, "title": {"x": 0.05, "font": {"family": "Times New Roman"}, "y": 0.05, "text": "<b>Correlation of Close<b><br><i>2016-09-23 ~ 2025-07-18<i>"}, "updatemenudefaults": {"bgcolor": "#506784", "borderwidth": 0}, "sliderdefaults": {"bgcolor": "#C8D4E3", "borderwidth": 1, "bordercolor": "rgb(17,17,17)", "tickwidth": 0}, "mapbox": {"style": "dark"}}, "config": {"responsive": true, "toImageButtonOptions": {"filename": "Correlation of Close_2016-09-23~2025-07-18", "scale": 5}}};

Plotly.newPlot("correlationClose",
    correlationClose.data,
    correlationClose.layout || {},
    correlationClose.config);