var element=document.getElementById("correlationAdjClose");if(element.style.display!='none'){var correlationAdjClose={"data":[{"type":"heatmap","z":[[1.0,0.9957454762852129,0.9685140473936812,0.9965950241044039,0.9410468742509576,0.9860223859312686,0.9601787804997903,0.9851922950777594,0.9777169968171177,0.9967420935631172,0.9963332189192348,0.9967407234325292,0.9895998803978698,0.991020806807315,0.9964415704963987,0.9870756414064391,0.9997425479987413,0.9846874271940262,0.8926892678341248,0.9100211005029761,0.6504338149521728,0.9839161266128064,0.9421852319989903,0.32089611716431904,-0.2716282293563679,0.9053161397477074,0.9157530890166592,0.9655384678813544,0.9658408587771008,0.9608517633092547,0.9820483801579336,0.9631022398673278,0.9275791320266401,0.9814076438313863,0.978854716272651,0.9606471268879132],[0.9957454762852129,1.0,0.9672776226444223,0.9925874510987766,0.9400579708123507,0.9824966443824751,0.9575638851221819,0.9772729817401284,0.9723111361950669,0.9937457913385073,0.995406082079941,0.9949982409948901,0.9900252092579747,0.9906506506411366,0.9954874186424507,0.9826300980154362,0.9977940054283058,0.9788982284497006,0.909118685551436,0.8998513875775883,0.6735554018179224,0.9715911543995285,0.9261880335866193,0.3189017902646127,-0.2075326935029631,0.8861964192893826,0.9134541012187891,0.9649500971838222,0.9478375485749342,0.9491965086497044,0.9746127032641777,0.949599081850404,0.9264175049337541,0.9725629342306533,0.971529270928619,0.9560258946353138],[0.9685140473936812,0.9672776226444223,1.0,0.9817890917753443,0.9935501281667899,0.962835858184282,0.9778340969313415,0.9364036761760848,0.9643012198219248,0.9816402196409453,0.9884082912389678,0.9851523154415781,0.9972310291784217,0.9970775134022096,0.9880837298771112,0.9599559853048993,0.9796985933650865,0.9353585421453536,0.8297633196565076,0.7954079098167872,0.4970684363552332,0.9914976972087958,0.9289519582970456,0.146001185717558,-0.18585167428002355,0.8718634682023757,0.9556799226289274,0.9618946170572511,0.8813024517562572,0.8848797617774292,0.9626511096999626,0.8816763967223519,0.8453043369678216,0.94279564287407,0.9668021463893548,0.912083163916658],[0.9965950241044039,0.9925874510987766,0.9817890917753443,1.0,0.9623199270099774,0.9772684624696707,0.9597601182260441,0.9729411043279983,0.9724349906869908,0.9999756703391691,0.999993483868677,0.9999689182393227,0.9934984142910928,0.9929914891234479,0.9999592978821525,0.9756873635243515,0.9959373273224489,0.971988261766588,0.8706054853769445,0.8865484089861653,0.6057308690688499,0.9942821115002931,0.945051852268319,0.28367120757714626,-0.2564561214711352,0.8940751188107168,0.934477909406916,0.9672516219618399,0.9471586233213538,0.9495525688951477,0.9834984227825034,0.9451233469301475,0.9054445054339197,0.9748677819401819,0.9769791642669047,0.9488096634513863],[0.9410468742509576,0.9400579708123507,0.9935501281667899,0.9623199270099774,1.0,0.9277922892382668,0.9533856804620032,0.8974121566257774,0.9331120600181232,0.962595872422665,0.9724860774638994,0.9683004148014844,0.9829952956573547,0.9814472429010641,0.9719285864840571,0.9236818929026502,0.9542413643288395,0.8959039953189396,0.7818508723319867,0.7502137690889534,0.4364349017687126,0.9801293917852673,0.9109125143482203,0.10774477533717267,-0.16765303672215812,0.8281001370172585,0.9657559486263043,0.9364962877567115,0.834138651262083,0.8462822665183086,0.9409061495671921,0.8361032914457147,0.7918092461042239,0.9101976129865458,0.9397660986525039,0.8729329520421828],[0.9860223859312686,0.9824966443824751,0.962835858184282,0.9772684624696707,0.9277922892382668,1.0,0.9829689068729898,0.9821277067366572,0.9850388926290187,0.9768205345137772,0.9712045923823341,0.9747467950336812,0.9666890708621709,0.9643268884786169,0.9712712645928446,0.9999121522846179,0.9879760518976627,0.9828392271912388,0.8993723156442065,0.8712909559607664,0.6211300256822483,0.9675204657780435,0.9177277690138752,0.2057376570929559,-0.20308556208895515,0.9356165564901346,0.8885430670110234,0.9692767626120785,0.9530826766030653,0.9361400716300599,0.9637782994443221,0.9515544551362173,0.9415711770229451,0.9654608566763301,0.9820627405591761,0.9631157296411548],[0.9601787804997903,0.9575638851221819,0.9778340969313415,0.9597601182260441,0.9533856804620032,0.9829689068729898,1.0,0.9508960752911318,0.9834649786521046,0.9586844517873149,0.9673086730166319,0.9643475763792363,0.9782687284875526,0.9780452494261621,0.9671279891191282,0.9840724548323722,0.9765695914542408,0.9528614452550528,0.8577117021847165,0.7898553285194053,0.5051955829934088,0.9630692687766073,0.9189082697996428,0.07010251919728339,-0.14167310340335604,0.8959854909421026,0.9061530500847272,0.964477528491264,0.8919945413058272,0.8730495453984787,0.9483179152231961,0.8906180279385832,0.8846220745682113,0.9369262600012972,0.973711511163277,0.9219920574369559],[0.9851922950777594,0.9772729817401284,0.9364036761760848,0.9729411043279983,0.8974121566257774,0.9821277067366572,0.9508960752911318,1.0,0.9840608803236606,0.9729177106645189,0.9671577068483804,0.9715825647997048,0.9500999182116409,0.9482190180584067,0.9674842808017142,0.9839399556812846,0.9817741337532532,0.9998922325397166,0.9297222406082734,0.9317246931004068,0.5988199824456752,0.9567386473313308,0.9087908678343084,0.18228827578644424,-0.2939567737062288,0.9144573146009218,0.8455051194151706,0.9486189931845811,0.9780482787045764,0.9603321828319652,0.9672853428926836,0.9674416828783743,0.9362393177770254,0.9669530919088104,0.9606250912297571,0.9705098238448975],[0.9777169968171177,0.9723111361950669,0.9643012198219248,0.9724349906869908,0.9331120600181232,0.9850388926290187,0.9834649786521046,0.9840608803236606,1.0,0.9718205013082301,0.9670336109611712,0.9704174089072394,0.961843152018941,0.9576224651137298,0.9670674968394026,0.9842471204269299,0.976612668971077,0.9834180522671653,0.9020531380340528,0.8662810672001087,0.5116671721231485,0.9670670437835509,0.9284800675332708,0.043668845056313375,-0.2156255899718257,0.8941213145178661,0.8700527479787977,0.9694881939506259,0.9351056074914764,0.9116278581091759,0.966788136083765,0.9249475925601084,0.899133011073554,0.9579970750066648,0.9764457420006771,0.937574575651708],[0.9967420935631172,0.9937457913385073,0.9816402196409453,0.9999756703391691,0.962595872422665,0.9768205345137772,0.9586844517873149,0.9729177106645189,0.9718205013082301,1.0,0.9999925092419154,0.9999849720261557,0.993480056805577,0.9929748392235931,0.9999623293825566,0.9752409694439941,0.995828735243889,0.9720515470391401,0.8721716711450549,0.8878287649834266,0.6011084929806386,0.9944908861380596,0.945256631186289,0.2883280575364775,-0.25591931212532204,0.8943672023038304,0.9331382496183435,0.9660488021187448,0.9467104966200364,0.9486510110267434,0.9827970406113788,0.9444394129174065,0.9040279574713606,0.9740906250536749,0.976199691144907,0.9476823668701924],[0.9963332189192348,0.995406082079941,0.9884082912389678,0.999993483868677,0.9724860774638994,0.9712045923823341,0.9673086730166319,0.9671577068483804,0.9670336109611712,0.9999925092419154,1.0,0.9999779550132789,0.9935464649030262,0.9930207972111166,0.9999644716893702,0.9707132013665779,0.995653386385584,0.9674041889262005,0.8889658262642172,0.9167177319718427,0.45594842694763554,0.9974324587863918,0.9345595529650172,-0.19006275349404164,0.4666779386798725,0.8863554777753002,0.9129229229462704,0.96590101024983,0.9329291343481321,0.931402138473106,0.9767993494106201,0.9220137523917049,0.8722387650165536,0.9646443569218183,0.9831351778446016,0.9450638540688457],[0.9967407234325292,0.9949982409948901,0.9851523154415781,0.9999689182393227,0.9683004148014844,0.9747467950336812,0.9643475763792363,0.9715825647997048,0.9704174089072394,0.9999849720261557,0.9999779550132789,1.0,0.9934627238257112,0.9929424258140336,0.9999719277089686,0.9744370043637443,0.9957540279753325,0.9713663593423044,0.8792620696434643,0.9049293058414427,0.5301095340971739,0.9964990284981023,0.9433193373410176,0.01751894301255603,-0.133285290445272,0.9023600226621332,0.9221715558565979,0.9619521506711303,0.9381319982042271,0.9382989622617272,0.9801420439427858,0.9335757455850109,0.8943190256085637,0.9700748173912213,0.9762179841162798,0.9502874826676352],[0.9895998803978698,0.9900252092579747,0.9972310291784217,0.9934984142910928,0.9829952956573547,0.9666890708621709,0.9782687284875526,0.9500999182116409,0.961843152018941,0.993480056805577,0.9935464649030262,0.9934627238257112,1.0,0.9998346893713068,0.9934287782719258,0.9660689290563339,0.9902505098194804,0.9500751457315219,0.8624681476229948,0.8972908475644187,0.3587358541399928,0.9917995263077084,0.9262090455491402,-0.43202402773206805,0.4934918378881814,0.8585151254578184,0.9279430797436438,0.9596340870591019,0.899397605283534,0.8944892115057658,0.9620976166776753,0.88846443230875,0.8219507478376188,0.9503741762688888,0.9749401654351584,0.9351643802388087],[0.991020806807315,0.9906506506411366,0.9970775134022096,0.9929914891234479,0.9814472429010641,0.9643268884786169,0.9780452494261621,0.9482190180584067,0.9576224651137298,0.9929748392235931,0.9930207972111166,0.9929424258140336,0.9998346893713068,1.0,0.9930184013710377,0.9636262478839124,0.9914747788892521,0.9483061799787922,0.8461711229707388,0.9077853818392168,0.2111555153659777,0.9894832217325916,0.9194148313567235,-0.7314969126558821,0.4737085750207635,0.8289786779739734,0.929199903717642,0.9542942371038445,0.8897202219242681,0.8875099519727382,0.9579018446442031,0.8900740115398849,0.7963462362613127,0.9470968332082471,0.9735630255110179,0.9341245970836836],[0.9964415704963987,0.9954874186424507,0.9880837298771112,0.9999592978821525,0.9719285864840571,0.9712712645928446,0.9671279891191282,0.9674842808017142,0.9670674968394026,0.9999623293825566,0.9999644716893702,0.9999719277089686,0.9934287782719258,0.9930184013710377,1.0,0.9709031783297971,0.9957585007427293,0.9676530333272216,0.8894955814490426,0.9173436465166268,0.4561493273017327,0.9972517976689049,0.9344976857355459,-0.18761269746079565,0.46921977377812446,0.8867077051966639,0.91175468940601,0.9656383663150354,0.9330887221747505,0.9317165595783424,0.9768259530074263,0.9224779071872957,0.8726149226832456,0.9645090385733875,0.9831940876058225,0.9457790008518481],[0.9870756414064391,0.9826300980154362,0.9599559853048993,0.9756873635243515,0.9236818929026502,0.9999121522846179,0.9840724548323722,0.9839399556812846,0.9842471204269299,0.9752409694439941,0.9707132013665779,0.9744370043637443,0.9660689290563339,0.9636262478839124,0.9709031783297971,1.0,0.9878922140905801,0.9831212968498153,0.9022667409407957,0.8952967439039502,0.6022890273104712,0.9649398352998434,0.913024355580455,0.05562440917291889,-0.16774848023422662,0.9416163587358135,0.8765813552824308,0.9668743251712186,0.9559987850327972,0.9336773796509266,0.9608230272716254,0.9526775423789808,0.939451831070284,0.9673932875578642,0.9812516762850965,0.9667758529982804],[0.9997425479987413,0.9977940054283058,0.9796985933650865,0.9959373273224489,0.9542413643288395,0.9879760518976627,0.9765695914542408,0.9817741337532532,0.976612668971077,0.995828735243889,0.995653386385584,0.9957540279753325,0.9902505098194804,0.9914747788892521,0.9957585007427293,0.9878922140905801,1.0,0.9820013261336172,0.9133385588183158,0.9311660635853658,0.5208411363864387,0.9884324775729579,0.9281293796581241,-0.1308610746975808,0.48731794703604564,0.9170062702584751,0.895954849108902,0.9704555081437702,0.9553899841504432,0.9441101908566035,0.9754564809087288,0.9450286640276304,0.9090479153072457,0.9737557523619772,0.9889694991160324,0.9665847370442405],[0.9846874271940262,0.9788982284497006,0.9353585421453536,0.971988261766588,0.8959039953189396,0.9828392271912388,0.9528614452550528,0.9998922325397166,0.9834180522671653,0.9720515470391401,0.9674041889262005,0.9713663593423044,0.9500751457315219,0.9483061799787922,0.9676530333272216,0.9831212968498153,0.9820013261336172,1.0,0.9325685797308232,0.9379420062953775,0.5952526274100346,0.9547737111880775,0.9120944344772766,0.14517904037043666,-0.26403436271452496,0.9188766958461754,0.8399249961532563,0.9484635943445865,0.978552433848579,0.959860505513145,0.9655613295077027,0.9663129875373625,0.9357943476216943,0.9661982171045618,0.9586736504930606,0.9714212735285982],[0.8926892678341248,0.909118685551436,0.8297633196565076,0.8706054853769445,0.7818508723319867,0.8993723156442065,0.8577117021847165,0.9297222406082734,0.9020531380340528,0.8721716711450549,0.8889658262642172,0.8792620696434643,0.8624681476229948,0.8461711229707388,0.8894955814490426,0.9022667409407957,0.9133385588183158,0.9325685797308232,1.0,0.8379782835155266,0.6778200447224179,0.839651961977467,0.811959692210093,0.23337892221553774,-0.15032194155631468,0.8651928850210499,0.712076946042557,0.8578294519663388,0.898120805818642,0.8669573665557008,0.8529611649921898,0.8787949154900977,0.8641478567392157,0.86079817398126,0.8706672206224836,0.8973199390644261],[0.9100211005029761,0.8998513875775883,0.7954079098167872,0.8865484089861653,0.7502137690889534,0.8712909559607664,0.7898553285194053,0.9317246931004068,0.8662810672001087,0.8878287649834266,0.9167177319718427,0.9049293058414427,0.8972908475644187,0.9077853818392168,0.9173436465166268,0.8952967439039502,0.9311660635853658,0.9379420062953775,0.8379782835155266,1.0,0.8156465266896953,0.8339306420753778,0.8666708462627382,0.6114700432828061,-0.5095201239457268,0.7310707372060697,0.7737196898995836,0.8165356282625545,0.9612613824258992,0.9399855282253528,0.89025314818429,0.9493282169168715,0.905121883542178,0.9011998851919898,0.8475632462149226,0.8865853396977705],[0.6504338149521728,0.6735554018179224,0.4970684363552332,0.6057308690688499,0.4364349017687126,0.6211300256822483,0.5051955829934088,0.5988199824456752,0.5116671721231485,0.6011084929806386,0.45594842694763554,0.5301095340971739,0.3587358541399928,0.2111555153659777,0.4561493273017327,0.6022890273104712,0.5208411363864387,0.5952526274100346,0.6778200447224179,0.8156465266896953,1.0,0.5391227512961702,0.6618273676525551,0.7223632171917048,-0.11581324130388336,0.52533272677904,0.5092792130107765,0.5804753986142096,0.7602462803325583,0.6852931331251884,0.5852786332276863,0.72099576372358,0.745106274672814,0.6387446182951841,0.5971142937116064,0.6523778005164352],[0.9839161266128064,0.9715911543995285,0.9914976972087958,0.9942821115002931,0.9801293917852673,0.9675204657780435,0.9630692687766073,0.9567386473313308,0.9670670437835509,0.9944908861380596,0.9974324587863918,0.9964990284981023,0.9917995263077084,0.9894832217325916,0.9972517976689049,0.9649398352998434,0.9884324775729579,0.9547737111880775,0.839651961977467,0.8339306420753778,0.5391227512961702,1.0,0.9223537559560016,0.21284777081636905,-0.24326784108048297,0.8748655772109513,0.9463481318799397,0.9675722094042778,0.9090195149823185,0.9252948988939335,0.9746927843907948,0.9162546856912619,0.8718769059567175,0.9599659385402091,0.9631396949730601,0.9276778001343698],[0.9421852319989903,0.9261880335866193,0.9289519582970456,0.945051852268319,0.9109125143482203,0.9177277690138752,0.9189082697996428,0.9087908678343084,0.9284800675332708,0.945256631186289,0.9345595529650172,0.9433193373410176,0.9262090455491402,0.9194148313567235,0.9344976857355459,0.913024355580455,0.9281293796581241,0.9120944344772766,0.811959692210093,0.8666708462627382,0.6618273676525551,0.9223537559560016,1.0,0.2627513787047916,-0.17457148338094045,0.7431642433929538,0.8924753259845366,0.9108922969944261,0.8991807636201866,0.8680048716079444,0.9435232633371586,0.8776620154125927,0.8419009809796166,0.937437482586691,0.8997053667290564,0.8739009617682292],[0.32089611716431904,0.3189017902646127,0.146001185717558,0.28367120757714626,0.10774477533717267,0.2057376570929559,0.07010251919728339,0.18228827578644424,0.043668845056313375,0.2883280575364775,-0.19006275349404164,0.01751894301255603,-0.43202402773206805,-0.7314969126558821,-0.18761269746079565,0.05562440917291889,-0.1308610746975808,0.14517904037043666,0.23337892221553774,0.6114700432828061,0.7223632171917048,0.21284777081636905,0.2627513787047916,1.0,-0.3792779307167491,0.2408572296599082,0.17581845169273017,0.14675169973266586,0.4388838707679438,0.4264317729641061,0.2608850092755986,0.45104200413182294,0.38624111159956787,0.29862711152972066,0.21603183572949103,0.3344041621210057],[-0.2716282293563679,-0.2075326935029631,-0.18585167428002355,-0.2564561214711352,-0.16765303672215812,-0.20308556208895515,-0.14167310340335604,-0.2939567737062288,-0.2156255899718257,-0.25591931212532204,0.4666779386798725,-0.133285290445272,0.4934918378881814,0.4737085750207635,0.46921977377812446,-0.16774848023422662,0.48731794703604564,-0.26403436271452496,-0.15032194155631468,-0.5095201239457268,-0.11581324130388336,-0.24326784108048297,-0.17457148338094045,-0.3792779307167491,1.0,-0.14877518007333704,-0.20868963194539694,-0.16836235621309034,-0.375063992015408,-0.3607072789082006,-0.2883369310893514,-0.33269508636438117,-0.20549930150349038,-0.3239367516328542,-0.16726178711449183,-0.29571957572746915],[0.9053161397477074,0.8861964192893826,0.8718634682023757,0.8940751188107168,0.8281001370172585,0.9356165564901346,0.8959854909421026,0.9144573146009218,0.8941213145178661,0.8943672023038304,0.8863554777753002,0.9023600226621332,0.8585151254578184,0.8289786779739734,0.8867077051966639,0.9416163587358135,0.9170062702584751,0.9188766958461754,0.8651928850210499,0.7310707372060697,0.52533272677904,0.8748655772109513,0.7431642433929538,0.2408572296599082,-0.14877518007333704,1.0,0.7654941316612425,0.8958911493095394,0.8320298443041386,0.875805343367352,0.8446396900841338,0.8816031526211534,0.872465359799093,0.872408649585481,0.8790615327336433,0.9085574244736195],[0.9157530890166592,0.9134541012187891,0.9556799226289274,0.934477909406916,0.9657559486263043,0.8885430670110234,0.9061530500847272,0.8455051194151706,0.8700527479787977,0.9331382496183435,0.9129229229462704,0.9221715558565979,0.9279430797436438,0.929199903717642,0.91175468940601,0.8765813552824308,0.895954849108902,0.8399249961532563,0.712076946042557,0.7737196898995836,0.5092792130107765,0.9463481318799397,0.8924753259845366,0.17581845169273017,-0.20868963194539694,0.7654941316612425,1.0,0.8836352823272293,0.8254464907183783,0.8308566701052817,0.9079030997690262,0.8207835895174562,0.7751240508168957,0.8825025016106508,0.8956610055933415,0.8504264090696335],[0.9655384678813544,0.9649500971838222,0.9618946170572511,0.9672516219618399,0.9364962877567115,0.9692767626120785,0.964477528491264,0.9486189931845811,0.9694881939506259,0.9660488021187448,0.96590101024983,0.9619521506711303,0.9596340870591019,0.9542942371038445,0.9656383663150354,0.9668743251712186,0.9704555081437702,0.9484635943445865,0.8578294519663388,0.8165356282625545,0.5804753986142096,0.9675722094042778,0.9108922969944261,0.14675169973266586,-0.16836235621309034,0.8958911493095394,0.8836352823272293,1.0,0.9089415412309761,0.900178594893265,0.9526500546401038,0.8975603028770521,0.8828438193660121,0.9540761330792802,0.9770234649233327,0.9073178545153555],[0.9658408587771008,0.9478375485749342,0.8813024517562572,0.9471586233213538,0.834138651262083,0.9530826766030653,0.8919945413058272,0.9780482787045764,0.9351056074914764,0.9467104966200364,0.9329291343481321,0.9381319982042271,0.899397605283534,0.8897202219242681,0.9330887221747505,0.9559987850327972,0.9553899841504432,0.978552433848579,0.898120805818642,0.9612613824258992,0.7602462803325583,0.9090195149823185,0.8991807636201866,0.4388838707679438,-0.375063992015408,0.8320298443041386,0.8254464907183783,0.9089415412309761,1.0,0.9866686477985672,0.951001788159134,0.9910326329539246,0.9555065966058466,0.9588848883445206,0.9103429036146324,0.964475991946607],[0.9608517633092547,0.9491965086497044,0.8848797617774292,0.9495525688951477,0.8462822665183086,0.9361400716300599,0.8730495453984787,0.9603321828319652,0.9116278581091759,0.9486510110267434,0.931402138473106,0.9382989622617272,0.8944892115057658,0.8875099519727382,0.9317165595783424,0.9336773796509266,0.9441101908566035,0.959860505513145,0.8669573665557008,0.9399855282253528,0.6852931331251884,0.9252948988939335,0.8680048716079444,0.4264317729641061,-0.3607072789082006,0.875805343367352,0.8308566701052817,0.900178594893265,0.9866686477985672,1.0,0.9480149355305658,0.9852994386964787,0.9564678652636756,0.9444130247782172,0.9249338263020599,0.9644007717059938],[0.9820483801579336,0.9746127032641777,0.9626511096999626,0.9834984227825034,0.9409061495671921,0.9637782994443221,0.9483179152231961,0.9672853428926836,0.966788136083765,0.9827970406113788,0.9767993494106201,0.9801420439427858,0.9620976166776753,0.9579018446442031,0.9768259530074263,0.9608230272716254,0.9754564809087288,0.9655613295077027,0.8529611649921898,0.89025314818429,0.5852786332276863,0.9746927843907948,0.9435232633371586,0.2608850092755986,-0.2883369310893514,0.8446396900841338,0.9079030997690262,0.9526500546401038,0.951001788159134,0.9480149355305658,1.0,0.9453777881390903,0.9009843156737422,0.9775327862619264,0.9688693923462172,0.9493281846442047],[0.9631022398673278,0.949599081850404,0.8816763967223519,0.9451233469301475,0.8361032914457147,0.9515544551362173,0.8906180279385832,0.9674416828783743,0.9249475925601084,0.9444394129174065,0.9220137523917049,0.9335757455850109,0.88846443230875,0.8900740115398849,0.9224779071872957,0.9526775423789808,0.9450286640276304,0.9663129875373625,0.8787949154900977,0.9493282169168715,0.72099576372358,0.9162546856912619,0.8776620154125927,0.45104200413182294,-0.33269508636438117,0.8816031526211534,0.8207835895174562,0.8975603028770521,0.9910326329539246,0.9852994386964787,0.9453777881390903,1.0,0.9743621426649653,0.9485274851720243,0.934174442105278,0.9629715902963573],[0.9275791320266401,0.9264175049337541,0.8453043369678216,0.9054445054339197,0.7918092461042239,0.9415711770229451,0.8846220745682113,0.9362393177770254,0.899133011073554,0.9040279574713606,0.8722387650165536,0.8943190256085637,0.8219507478376188,0.7963462362613127,0.8726149226832456,0.939451831070284,0.9090479153072457,0.9357943476216943,0.8641478567392157,0.905121883542178,0.745106274672814,0.8718769059567175,0.8419009809796166,0.38624111159956787,-0.20549930150349038,0.872465359799093,0.7751240508168957,0.8828438193660121,0.9555065966058466,0.9564678652636756,0.9009843156737422,0.9743621426649653,1.0,0.9069708123637842,0.9167175129310857,0.9474947616056844],[0.9814076438313863,0.9725629342306533,0.94279564287407,0.9748677819401819,0.9101976129865458,0.9654608566763301,0.9369262600012972,0.9669530919088104,0.9579970750066648,0.9740906250536749,0.9646443569218183,0.9700748173912213,0.9503741762688888,0.9470968332082471,0.9645090385733875,0.9673932875578642,0.9737557523619772,0.9661982171045618,0.86079817398126,0.9011998851919898,0.6387446182951841,0.9599659385402091,0.937437482586691,0.29862711152972066,-0.3239367516328542,0.872408649585481,0.8825025016106508,0.9540761330792802,0.9588848883445206,0.9444130247782172,0.9775327862619264,0.9485274851720243,0.9069708123637842,1.0,0.9613781889317192,0.949335950123239],[0.978854716272651,0.971529270928619,0.9668021463893548,0.9769791642669047,0.9397660986525039,0.9820627405591761,0.973711511163277,0.9606250912297571,0.9764457420006771,0.976199691144907,0.9831351778446016,0.9762179841162798,0.9749401654351584,0.9735630255110179,0.9831940876058225,0.9812516762850965,0.9889694991160324,0.9586736504930606,0.8706672206224836,0.8475632462149226,0.5971142937116064,0.9631396949730601,0.8997053667290564,0.21603183572949103,-0.16726178711449183,0.8790615327336433,0.8956610055933415,0.9770234649233327,0.9103429036146324,0.9249338263020599,0.9688693923462172,0.934174442105278,0.9167175129310857,0.9613781889317192,1.0,0.9323477869794784],[0.9606471268879132,0.9560258946353138,0.912083163916658,0.9488096634513863,0.8729329520421828,0.9631157296411548,0.9219920574369559,0.9705098238448975,0.937574575651708,0.9476823668701924,0.9450638540688457,0.9502874826676352,0.9351643802388087,0.9341245970836836,0.9457790008518481,0.9667758529982804,0.9665847370442405,0.9714212735285982,0.8973199390644261,0.8865853396977705,0.6523778005164352,0.9276778001343698,0.8739009617682292,0.3344041621210057,-0.29571957572746915,0.9085574244736195,0.8504264090696335,0.9073178545153555,0.964475991946607,0.9644007717059938,0.9493281846442047,0.9629715902963573,0.9474947616056844,0.949335950123239,0.9323477869794784,1.0]],"x":["^TAIEX       \u81fa\u7063\u52a0\u6b0a\u5831\u916c\u6307\u6578","^TWII        \u81fa\u7063\u52a0\u6b0a\u6307\u6578","^TAIEXx2     \u81fa\u7063\u52a0\u6b0a\u5831\u916c\u6307\u6578_\u65e5\u6b632","^TAI50I      \u81fa\u706350\u5831\u916c\u6307\u6578","^TAI50Ix2    \u81fa\u706350\u5831\u916c\u6307\u6578_\u65e5\u6b632","^TAI100I     \u81fa\u7063\u4e2d\u578b100\u5831\u916c\u6307\u6578","^TAI100Ix2   \u81fa\u7063\u4e2d\u578b100\u5831\u916c\u6307\u6578_\u65e5\u6b632","^TAIDIVIDI   \u81fa\u7063\u9ad8\u80a1\u606f\u5831\u916c\u6307\u6578","^TAIDIVIDIx2 \u81fa\u7063\u9ad8\u80a1\u606f\u5831\u916c\u6307\u6578_\u65e5\u6b632","0050Fund     \u5143\u5927\u53f0\u7063\u5353\u8d8a50\u57fa\u91d1","006208Fund   \u5bcc\u90a6\u53f0\u7063\u91c6\u540950\u57fa\u91d1","0050         \u5143\u5927\u81fa\u706350","00631L       \u5143\u5927\u53f0\u706350\u6b632","00675L       \u5bcc\u90a6\u81fa\u7063\u52a0\u6b0a\u6b632","006208       \u5bcc\u90a6\u53f050","0051         \u5143\u5927\u4e2d\u578b100","006204       \u6c38\u8c50\u81fa\u7063\u52a0\u6b0a","0056         \u5143\u5927\u9ad8\u80a1\u606f","0056         \u5143\u5927\u9ad8\u80a1\u606f_\u80a1\u606f\u4e0d\u6295\u5165","2412         \u4e2d\u83ef\u96fb\u4fe1","2002         \u4e2d\u92fc","2330         \u53f0\u7a4d\u96fb","2317         \u9d3b\u6d77","6505         \u53f0\u5851\u77f3\u5316","3481         \u7fa4\u5275","2303         \u806f\u96fb","2308         \u53f0\u9054\u96fb","2454         \u806f\u767c\u79d1","2886         \u5146\u8c50\u91d1","2884         \u7389\u5c71\u91d1","2891         \u4e2d\u4fe1\u91d1","2892         \u7b2c\u4e00\u91d1","5880         \u5408\u5eab\u91d1","2881         \u5bcc\u90a6\u91d1","2885         \u5143\u5927\u91d1","2887         \u53f0\u65b0\u91d1"],"y":["^TAIEX       \u81fa\u7063\u52a0\u6b0a\u5831\u916c\u6307\u6578","^TWII        \u81fa\u7063\u52a0\u6b0a\u6307\u6578","^TAIEXx2     \u81fa\u7063\u52a0\u6b0a\u5831\u916c\u6307\u6578_\u65e5\u6b632","^TAI50I      \u81fa\u706350\u5831\u916c\u6307\u6578","^TAI50Ix2    \u81fa\u706350\u5831\u916c\u6307\u6578_\u65e5\u6b632","^TAI100I     \u81fa\u7063\u4e2d\u578b100\u5831\u916c\u6307\u6578","^TAI100Ix2   \u81fa\u7063\u4e2d\u578b100\u5831\u916c\u6307\u6578_\u65e5\u6b632","^TAIDIVIDI   \u81fa\u7063\u9ad8\u80a1\u606f\u5831\u916c\u6307\u6578","^TAIDIVIDIx2 \u81fa\u7063\u9ad8\u80a1\u606f\u5831\u916c\u6307\u6578_\u65e5\u6b632","0050Fund     \u5143\u5927\u53f0\u7063\u5353\u8d8a50\u57fa\u91d1","006208Fund   \u5bcc\u90a6\u53f0\u7063\u91c6\u540950\u57fa\u91d1","0050         \u5143\u5927\u81fa\u706350","00631L       \u5143\u5927\u53f0\u706350\u6b632","00675L       \u5bcc\u90a6\u81fa\u7063\u52a0\u6b0a\u6b632","006208       \u5bcc\u90a6\u53f050","0051         \u5143\u5927\u4e2d\u578b100","006204       \u6c38\u8c50\u81fa\u7063\u52a0\u6b0a","0056         \u5143\u5927\u9ad8\u80a1\u606f","0056         \u5143\u5927\u9ad8\u80a1\u606f_\u80a1\u606f\u4e0d\u6295\u5165","2412         \u4e2d\u83ef\u96fb\u4fe1","2002         \u4e2d\u92fc","2330         \u53f0\u7a4d\u96fb","2317         \u9d3b\u6d77","6505         \u53f0\u5851\u77f3\u5316","3481         \u7fa4\u5275","2303         \u806f\u96fb","2308         \u53f0\u9054\u96fb","2454         \u806f\u767c\u79d1","2886         \u5146\u8c50\u91d1","2884         \u7389\u5c71\u91d1","2891         \u4e2d\u4fe1\u91d1","2892         \u7b2c\u4e00\u91d1","5880         \u5408\u5eab\u91d1","2881         \u5bcc\u90a6\u91d1","2885         \u5143\u5927\u91d1","2887         \u53f0\u65b0\u91d1"],"zmin":-1,"zmax":1,"colorbar":{"x":-0.2}}],"layout":{"autotypenumbers":"strict","colorway":["#636efa","#EF553B","#00cc96","#ab63fa","#FFA15A","#19d3f3","#FF6692","#B6E880","#FF97FF","#FECB52"],"font":{"color":"#f2f5fa","family":"Courier New"},"hovermode":"closest","hoverlabel":{"align":"left"},"paper_bgcolor":"rgb(17,17,17)","plot_bgcolor":"rgb(17,17,17)","polar":{"bgcolor":"rgb(17,17,17)","angularaxis":{"gridcolor":"#506784","linecolor":"#506784","ticks":""},"radialaxis":{"gridcolor":"#506784","linecolor":"#506784","ticks":""}},"ternary":{"bgcolor":"rgb(17,17,17)","aaxis":{"gridcolor":"#506784","linecolor":"#506784","ticks":""},"baxis":{"gridcolor":"#506784","linecolor":"#506784","ticks":""},"caxis":{"gridcolor":"#506784","linecolor":"#506784","ticks":""}},"coloraxis":{"colorbar":{"outlinewidth":0,"ticks":""}},"colorscale":{"sequential":[[0.0,"#0d0887"],[0.1111111111111111,"#46039f"],[0.2222222222222222,"#7201a8"],[0.3333333333333333,"#9c179e"],[0.4444444444444444,"#bd3786"],[0.5555555555555556,"#d8576b"],[0.6666666666666666,"#ed7953"],[0.7777777777777778,"#fb9f3a"],[0.8888888888888888,"#fdca26"],[1.0,"#f0f921"]],"sequentialminus":[[0.0,"#0d0887"],[0.1111111111111111,"#46039f"],[0.2222222222222222,"#7201a8"],[0.3333333333333333,"#9c179e"],[0.4444444444444444,"#bd3786"],[0.5555555555555556,"#d8576b"],[0.6666666666666666,"#ed7953"],[0.7777777777777778,"#fb9f3a"],[0.8888888888888888,"#fdca26"],[1.0,"#f0f921"]],"diverging":[[0,"#8e0152"],[0.1,"#c51b7d"],[0.2,"#de77ae"],[0.3,"#f1b6da"],[0.4,"#fde0ef"],[0.5,"#f7f7f7"],[0.6,"#e6f5d0"],[0.7,"#b8e186"],[0.8,"#7fbc41"],[0.9,"#4d9221"],[1,"#276419"]]},"xaxis":{"gridcolor":"rgba(0, 0, 0, 0)","linecolor":"#506784","ticks":"","title":{"standoff":15},"zerolinecolor":"#283442","automargin":true,"zerolinewidth":2,"tickfont":{"family":"Courier New","size":14},"side":"top","tickangle":-90},"yaxis":{"gridcolor":"rgba(0, 0, 0, 0)","linecolor":"#506784","ticks":"","title":{"standoff":15},"zerolinecolor":"#283442","automargin":true,"zerolinewidth":2,"tickfont":{"family":"Courier New"},"side":"right"},"scene":{"xaxis":{"backgroundcolor":"rgb(17,17,17)","gridcolor":"#506784","linecolor":"#506784","showbackground":true,"ticks":"","zerolinecolor":"#C8D4E3","gridwidth":2},"yaxis":{"backgroundcolor":"rgb(17,17,17)","gridcolor":"#506784","linecolor":"#506784","showbackground":true,"ticks":"","zerolinecolor":"#C8D4E3","gridwidth":2},"zaxis":{"backgroundcolor":"rgb(17,17,17)","gridcolor":"#506784","linecolor":"#506784","showbackground":true,"ticks":"","zerolinecolor":"#C8D4E3","gridwidth":2}},"shapedefaults":{"line":{"color":"#f2f5fa"}},"annotationdefaults":{"arrowcolor":"#f2f5fa","arrowhead":0,"arrowwidth":1},"geo":{"bgcolor":"rgb(17,17,17)","landcolor":"rgb(17,17,17)","subunitcolor":"#506784","showland":true,"showlakes":true,"lakecolor":"rgb(17,17,17)"},"title":{"x":0.05,"font":{"family":"Times New Roman"},"y":0.05,"text":"<b>Correlation of Adj Close<b><br><i>2016-09-23 ~ 2026-03-17<i>"},"updatemenudefaults":{"bgcolor":"#506784","borderwidth":0},"sliderdefaults":{"bgcolor":"#C8D4E3","borderwidth":1,"bordercolor":"rgb(17,17,17)","tickwidth":0},"mapbox":{"style":"dark"},"annotations":[{"text":"<b>@zwindr<b>","textangle":0,"opacity":0.5,"font":{"color":"white","size":12},"xref":"paper","yref":"paper","xanchor":"left","yanchor":"bottom","x":1.0,"y":1.0,"showarrow":false}]},"config":{"responsive":true,"toImageButtonOptions":{"filename":"Correlation of Adj Close_2016-09-23~2026-03-17","scale":5}}};Plotly.newPlot("correlationAdjClose",correlationAdjClose.data,correlationAdjClose.layout||{},correlationAdjClose.config);}else{console.log("style display is none => correlationAdjClose");}