var config = { responsive: true }

var correlationAdjClose = {"data": [{"type": "heatmap", "z": [[1.0, 0.993741488746068, 0.9761568879843673, 0.9977772478637259, 0.9646758288116809, 0.9807665761084926, -0.9404289772625583, 0.9896286216801201, 0.9685764356443426, 0.9890601753479117, 0.9929408066805102, 0.9937830812260825, 0.9972951134985371, 0.9835300060731192, 0.9996506234661363, 0.9896999712923931, 0.9182975966739328, 0.7527618817494725, 0.9855960037430793, 0.9231663707256577, 0.4708586098056928, -0.3115046304709683, 0.8984786735691052, 0.9738021917965242, 0.9529299510233641], [0.993741488746068, 1.0, 0.9715468316187337, 0.9913009132509231, 0.9604294296577426, 0.9759455606624218, -0.9356096180045673, 0.9800448010031149, 0.9614141790774847, 0.9839971399475709, 0.9919523370274492, 0.9911647495021854, 0.9953113034155521, 0.9770951421152235, 0.9965201685167216, 0.982950735139211, 0.9069881846409102, 0.7600379488639014, 0.9667079940616325, 0.8961548877705972, 0.4682823929401319, -0.23401430395984055, 0.8702461292781766, 0.9609053445308651, 0.9531509855281819], [0.9761568879843673, 0.9715468316187337, 1.0, 0.9820362696108754, 0.9962853877623002, 0.9789801262420373, -0.9752108950641774, 0.969471461528918, 0.9833619760198465, 0.9739768220006924, 0.9972776374052135, 0.9971603323171824, 0.9884556632199806, 0.9778362938623346, 0.9873243014925279, 0.9694418461464638, 0.8229352584297908, 0.6408809154666179, 0.9896526593131669, 0.9066145433131986, 0.30555051515151305, -0.23250962799809946, 0.9067956634246677, 0.940297918907356, 0.9781531022344028], [0.9977772478637259, 0.9913009132509231, 0.9820362696108754, 1.0, 0.9757587506296634, 0.9731016824446944, -0.9351200804839787, 0.9841912743958895, 0.9659463047965351, 0.9899236377039538, 0.9917012682767423, 0.9900636904204573, 0.9999448142527316, 0.9733109449209789, 0.9961284324569097, 0.984142173109774, 0.904866085140104, 0.7245981379659361, 0.9931784309994486, 0.9234399895626925, 0.4495337778226248, -0.3032413614752023, 0.8978593979219893, 0.9677207335172366, 0.9588860470835132], [0.9646758288116809, 0.9604294296577426, 0.9962853877623002, 0.9757587506296634, 1.0, 0.9592656681772831, -0.9571155087386201, 0.9552064370490622, 0.9715334278874984, 0.9680130509034393, 0.9877722174822886, 0.9842014797122739, 0.9848805650745354, 0.9572402064132389, 0.9760318821879705, 0.9551616829521151, 0.8033593191278623, 0.608768960328399, 0.988932206267111, 0.9024911776036032, 0.28477335069094817, -0.22580311906348335, 0.8903275934053674, 0.9253991455090819, 0.9760559531089013], [0.9807665761084926, 0.9759455606624218, 0.9789801262420373, 0.9731016824446944, 0.9592656681772831, 1.0, -0.9799944674771688, 0.979741954042579, 0.9791337346211195, 0.9640111480372502, 0.9764606361980541, 0.974410321305619, 0.9686168632257901, 0.9999105821291242, 0.9857698823798803, 0.9808843545077574, 0.8570422022721056, 0.7172278750512007, 0.9672035399638554, 0.8886575050016883, 0.3332531550093964, -0.22127157195141162, 0.9355986754266895, 0.9561523084232569, 0.958618861892402], [-0.9404289772625583, -0.9356096180045673, -0.9752108950641774, -0.9351200804839787, -0.9571155087386201, -0.9799944674771688, 1.0, -0.9496699637397943, -0.9827493125880906, -0.9321554079797435, -0.9732650768554322, -0.9752047466411689, -0.9474028300230326, -0.9833447085398976, -0.9631302107804124, -0.952835400969974, -0.7667807433626992, -0.6121481877293937, -0.9411512812447821, -0.8723999531125982, -0.18858858000739367, 0.15378655466756075, -0.9034454628547433, -0.9106975069784599, -0.9557585168358683], [0.9896286216801201, 0.9800448010031149, 0.969471461528918, 0.9841912743958895, 0.9552064370490622, 0.979741954042579, -0.9496699637397943, 1.0, 0.9817354722351598, 0.9751349395766371, 0.9748706344837718, 0.9737619528253694, 0.9796032693745234, 0.981783025453975, 0.9871060222839928, 0.9998680469865322, 0.9206027916041793, 0.6994410166977605, 0.9739941470230434, 0.8984693542589706, 0.33484710212221336, -0.3193501109652698, 0.9042635924033069, 0.9550816182121046, 0.9353285480583861], [0.9685764356443426, 0.9614141790774847, 0.9833619760198465, 0.9659463047965351, 0.9715334278874984, 0.9791337346211195, -0.9827493125880906, 0.9817354722351598, 1.0, 0.9551683332889231, 0.9716685857402668, 0.9686141670833043, 0.9618550194679534, 0.9783039902377119, 0.96864533932896, 0.9810614157156675, 0.8445488292973413, 0.621827179151856, 0.9663928425170609, 0.904280659075733, 0.19057024452628465, -0.23620526350656487, 0.8857855640867162, 0.9301224225719062, 0.958179517915239], [0.9890601753479117, 0.9839971399475709, 0.9739768220006924, 0.9899236377039538, 0.9680130509034393, 0.9640111480372502, -0.9321554079797435, 0.9751349395766371, 0.9551683332889231, 1.0, 0.9765287983383304, 0.9703453057494136, 0.9848096526651872, 0.9638751805548516, 0.983382349166183, 0.9748458640712881, 0.9123070141354829, 0.7075777800340585, 0.9823882886147443, 0.9106339343973091, 0.29213290021674687, -0.27169332782420297, 0.9217571820610424, 0.9517539502124118, 0.941387450111067], [0.9929408066805102, 0.9919523370274492, 0.9972776374052135, 0.9917012682767423, 0.9877722174822886, 0.9764606361980541, -0.9732650768554322, 0.9748706344837718, 0.9716685857402668, 0.9765287983383304, 1.0, 0.9996659027967586, 0.9915114041731383, 0.9774583550249989, 0.9932793553449738, 0.9763560466950263, 0.9071338947072393, 0.5985240119970107, 0.9868386630834487, 0.8867918381910429, -0.2792269637853702, 0.4477696694115645, 0.9083307034501504, 0.9531317127891166, 0.976636314349609], [0.9937830812260825, 0.9911647495021854, 0.9971603323171824, 0.9900636904204573, 0.9842014797122739, 0.974410321305619, -0.9752047466411689, 0.9737619528253694, 0.9686141670833043, 0.9703453057494136, 0.9996659027967586, 1.0, 0.9898937712556184, 0.9755090357288428, 0.9939038166141474, 0.9755063755711406, 0.9152407095111922, 0.4858096634769377, 0.9818490226672721, 0.8742953102766784, -0.6894004395292379, 0.4355966188931462, 0.8816501663102698, 0.9499116918186365, 0.9759465432880668], [0.9972951134985371, 0.9953113034155521, 0.9884556632199806, 0.9999448142527316, 0.9848805650745354, 0.9686168632257901, -0.9474028300230326, 0.9796032693745234, 0.9618550194679534, 0.9848096526651872, 0.9915114041731383, 0.9898937712556184, 1.0, 0.9694203538824755, 0.9956635021255189, 0.9808030288926559, 0.9275733054667284, 0.6584591565106428, 0.996823538946, 0.8955049736241942, 0.01786265376444126, 0.41273105073475364, 0.9190297846861182, 0.9503699944906885, 0.9642858152037368], [0.9835300060731192, 0.9770951421152235, 0.9778362938623346, 0.9733109449209789, 0.9572402064132389, 0.9999105821291242, -0.9833447085398976, 0.981783025453975, 0.9783039902377119, 0.9638751805548516, 0.9774583550249989, 0.9755090357288428, 0.9694203538824755, 1.0, 0.9863521557195826, 0.9810415880828661, 0.8810759524140175, 0.7266248161782134, 0.9661468596517263, 0.8837808300055381, 0.21013805839151445, -0.20575424186336105, 0.9449096680877507, 0.9591651848588054, 0.9555273386156976], [0.9996506234661363, 0.9965201685167216, 0.9873243014925279, 0.9961284324569097, 0.9760318821879705, 0.9857698823798803, -0.9631302107804124, 0.9871060222839928, 0.96864533932896, 0.983382349166183, 0.9932793553449738, 0.9939038166141474, 0.9956635021255189, 0.9863521557195826, 1.0, 0.9880659482541483, 0.9334448852430253, 0.6965175628366302, 0.9891666106226935, 0.8928379721051614, 0.06504433585038036, 0.4257145639289276, 0.9367983231219639, 0.9606075527823962, 0.9627826339769578], [0.9896999712923931, 0.982950735139211, 0.9694418461464638, 0.984142173109774, 0.9551616829521151, 0.9808843545077574, -0.952835400969974, 0.9998680469865322, 0.9810614157156675, 0.9748458640712881, 0.9763560466950263, 0.9755063755711406, 0.9808030288926559, 0.9810415880828661, 0.9880659482541483, 1.0, 0.9270344476666534, 0.6959994211030219, 0.973134929092968, 0.9000651872552761, 0.3022034094700712, -0.3061999861412987, 0.9100386443746162, 0.9541077664942201, 0.9354970335252748], [0.9182975966739328, 0.9069881846409102, 0.8229352584297908, 0.904866085140104, 0.8033593191278623, 0.8570422022721056, -0.7667807433626992, 0.9206027916041793, 0.8445488292973413, 0.9123070141354829, 0.9071338947072393, 0.9152407095111922, 0.9275733054667284, 0.8810759524140175, 0.9334448852430253, 0.9270344476666534, 1.0, 0.8551278210159157, 0.8559687025269241, 0.8868354698645834, 0.7140759942636854, -0.5430849365317851, 0.6854500874448283, 0.9170284006699146, 0.7963942282779718], [0.7527618817494725, 0.7600379488639014, 0.6408809154666179, 0.7245981379659361, 0.608768960328399, 0.7172278750512007, -0.6121481877293937, 0.6994410166977605, 0.621827179151856, 0.7075777800340585, 0.5985240119970107, 0.4858096634769377, 0.6584591565106428, 0.7266248161782134, 0.6965175628366302, 0.6959994211030219, 0.8551278210159157, 1.0, 0.6464132700164011, 0.7727132935791182, 0.7490738955958613, -0.15941035021430472, 0.526056741196292, 0.7710645139064842, 0.6513336047783695], [0.9855960037430793, 0.9667079940616325, 0.9896526593131669, 0.9931784309994486, 0.988932206267111, 0.9672035399638554, -0.9411512812447821, 0.9739941470230434, 0.9663928425170609, 0.9823882886147443, 0.9868386630834487, 0.9818490226672721, 0.996823538946, 0.9661468596517263, 0.9891666106226935, 0.973134929092968, 0.8559687025269241, 0.6464132700164011, 1.0, 0.8898323194073038, 0.3768252443541455, -0.2974349586787284, 0.8849030216805432, 0.9494728056143372, 0.9682132773768], [0.9231663707256577, 0.8961548877705972, 0.9066145433131986, 0.9234399895626925, 0.9024911776036032, 0.8886575050016883, -0.8723999531125982, 0.8984693542589706, 0.904280659075733, 0.9106339343973091, 0.8867918381910429, 0.8742953102766784, 0.8955049736241942, 0.8837808300055381, 0.8928379721051614, 0.9000651872552761, 0.8868354698645834, 0.7727132935791182, 0.8898323194073038, 1.0, 0.44810848049266955, -0.2353692407159404, 0.6803269040807006, 0.9210850207193565, 0.8778528048599583], [0.4708586098056928, 0.4682823929401319, 0.30555051515151305, 0.4495337778226248, 0.28477335069094817, 0.3332531550093964, -0.18858858000739367, 0.33484710212221336, 0.19057024452628465, 0.29213290021674687, -0.2792269637853702, -0.6894004395292379, 0.01786265376444126, 0.21013805839151445, 0.06504433585038036, 0.3022034094700712, 0.7140759942636854, 0.7490738955958613, 0.3768252443541455, 0.44810848049266955, 1.0, -0.40788514089059114, 0.30618563896462997, 0.45703053520493464, 0.25161519671559185], [-0.3115046304709683, -0.23401430395984055, -0.23250962799809946, -0.3032413614752023, -0.22580311906348335, -0.22127157195141162, 0.15378655466756075, -0.3193501109652698, -0.23620526350656487, -0.27169332782420297, 0.4477696694115645, 0.4355966188931462, 0.41273105073475364, -0.20575424186336105, 0.4257145639289276, -0.3061999861412987, -0.5430849365317851, -0.15941035021430472, -0.2974349586787284, -0.2353692407159404, -0.40788514089059114, 1.0, -0.15322594943059262, -0.3430033851444168, -0.17992451292236647], [0.8984786735691052, 0.8702461292781766, 0.9067956634246677, 0.8978593979219893, 0.8903275934053674, 0.9355986754266895, -0.9034454628547433, 0.9042635924033069, 0.8857855640867162, 0.9217571820610424, 0.9083307034501504, 0.8816501663102698, 0.9190297846861182, 0.9449096680877507, 0.9367983231219639, 0.9100386443746162, 0.6854500874448283, 0.526056741196292, 0.8849030216805432, 0.6803269040807006, 0.30618563896462997, -0.15322594943059262, 1.0, 0.8296760016402553, 0.8831448482908977], [0.9738021917965242, 0.9609053445308651, 0.940297918907356, 0.9677207335172366, 0.9253991455090819, 0.9561523084232569, -0.9106975069784599, 0.9550816182121046, 0.9301224225719062, 0.9517539502124118, 0.9531317127891166, 0.9499116918186365, 0.9503699944906885, 0.9591651848588054, 0.9606075527823962, 0.9541077664942201, 0.9170284006699146, 0.7710645139064842, 0.9494728056143372, 0.9210850207193565, 0.45703053520493464, -0.3430033851444168, 0.8296760016402553, 1.0, 0.9296362067355236], [0.9529299510233641, 0.9531509855281819, 0.9781531022344028, 0.9588860470835132, 0.9760559531089013, 0.958618861892402, -0.9557585168358683, 0.9353285480583861, 0.958179517915239, 0.941387450111067, 0.976636314349609, 0.9759465432880668, 0.9642858152037368, 0.9555273386156976, 0.9627826339769578, 0.9354970335252748, 0.7963942282779718, 0.6513336047783695, 0.9682132773768, 0.8778528048599583, 0.25161519671559185, -0.17992451292236647, 0.8831448482908977, 0.9296362067355236, 1.0]], "x": ["^TAIEX       \u81fa\u7063\u52a0\u6b0a\u5831\u916c\u6307\u6578", "^TWII        \u81fa\u7063\u52a0\u6b0a\u6307\u6578", "^TAIEXx2     \u81fa\u7063\u52a0\u6b0a\u5831\u916c\u6307\u6578_\u65e5\u6b632", "^TAI50I      \u81fa\u706350\u5831\u916c\u6307\u6578", "^TAI50Ix2    \u81fa\u706350\u5831\u916c\u6307\u6578_\u65e5\u6b632", "^TAI100I     \u81fa\u7063\u4e2d\u578b100\u5831\u916c\u6307\u6578", "^TAI100Ix2   \u81fa\u7063\u4e2d\u578b100\u5831\u916c\u6307\u6578_\u65e5\u6b632", "^TAIDIVIDI   \u81fa\u7063\u9ad8\u80a1\u606f\u5831\u916c\u6307\u6578", "^TAIDIVIDIx2 \u81fa\u7063\u9ad8\u80a1\u606f\u5831\u916c\u6307\u6578_\u65e5\u6b632", "0050         \u5143\u5927\u81fa\u706350", "00631L       \u5143\u5927\u53f0\u706350\u6b632", "00675L       \u5bcc\u90a6\u81fa\u7063\u52a0\u6b0a\u6b632", "006208       \u5bcc\u90a6\u53f050", "0051         \u5143\u5927\u4e2d\u578b100", "006204       \u6c38\u8c50\u81fa\u7063\u52a0\u6b0a", "0056         \u5143\u5927\u9ad8\u80a1\u606f", "2412         \u4e2d\u83ef\u96fb\u4fe1", "2002         \u4e2d\u92fc", "2330         \u53f0\u7a4d\u96fb", "2317         \u9d3b\u6d77", "6505         \u53f0\u5851\u77f3\u5316", "3481         \u7fa4\u5275", "2303         \u806f\u96fb", "2308         \u53f0\u9054\u96fb", "2454         \u806f\u767c\u79d1"], "y": ["^TAIEX       \u81fa\u7063\u52a0\u6b0a\u5831\u916c\u6307\u6578", "^TWII        \u81fa\u7063\u52a0\u6b0a\u6307\u6578", "^TAIEXx2     \u81fa\u7063\u52a0\u6b0a\u5831\u916c\u6307\u6578_\u65e5\u6b632", "^TAI50I      \u81fa\u706350\u5831\u916c\u6307\u6578", "^TAI50Ix2    \u81fa\u706350\u5831\u916c\u6307\u6578_\u65e5\u6b632", "^TAI100I     \u81fa\u7063\u4e2d\u578b100\u5831\u916c\u6307\u6578", "^TAI100Ix2   \u81fa\u7063\u4e2d\u578b100\u5831\u916c\u6307\u6578_\u65e5\u6b632", "^TAIDIVIDI   \u81fa\u7063\u9ad8\u80a1\u606f\u5831\u916c\u6307\u6578", "^TAIDIVIDIx2 \u81fa\u7063\u9ad8\u80a1\u606f\u5831\u916c\u6307\u6578_\u65e5\u6b632", "0050         \u5143\u5927\u81fa\u706350", "00631L       \u5143\u5927\u53f0\u706350\u6b632", "00675L       \u5bcc\u90a6\u81fa\u7063\u52a0\u6b0a\u6b632", "006208       \u5bcc\u90a6\u53f050", "0051         \u5143\u5927\u4e2d\u578b100", "006204       \u6c38\u8c50\u81fa\u7063\u52a0\u6b0a", "0056         \u5143\u5927\u9ad8\u80a1\u606f", "2412         \u4e2d\u83ef\u96fb\u4fe1", "2002         \u4e2d\u92fc", "2330         \u53f0\u7a4d\u96fb", "2317         \u9d3b\u6d77", "6505         \u53f0\u5851\u77f3\u5316", "3481         \u7fa4\u5275", "2303         \u806f\u96fb", "2308         \u53f0\u9054\u96fb", "2454         \u806f\u767c\u79d1"], "zmin": -1, "zmax": 1, "colorbar": {"x": -0.2}}], "layout": {"autotypenumbers": "strict", "colorway": ["#636efa", "#EF553B", "#00cc96", "#ab63fa", "#FFA15A", "#19d3f3", "#FF6692", "#B6E880", "#FF97FF", "#FECB52"], "font": {"color": "#f2f5fa", "family": "Courier New"}, "hovermode": "closest", "hoverlabel": {"align": "left"}, "paper_bgcolor": "rgb(17,17,17)", "plot_bgcolor": "rgb(17,17,17)", "polar": {"bgcolor": "rgb(17,17,17)", "angularaxis": {"gridcolor": "#506784", "linecolor": "#506784", "ticks": ""}, "radialaxis": {"gridcolor": "#506784", "linecolor": "#506784", "ticks": ""}}, "ternary": {"bgcolor": "rgb(17,17,17)", "aaxis": {"gridcolor": "#506784", "linecolor": "#506784", "ticks": ""}, "baxis": {"gridcolor": "#506784", "linecolor": "#506784", "ticks": ""}, "caxis": {"gridcolor": "#506784", "linecolor": "#506784", "ticks": ""}}, "coloraxis": {"colorbar": {"outlinewidth": 0, "ticks": ""}}, "colorscale": {"sequential": [[0.0, "#0d0887"], [0.1111111111111111, "#46039f"], [0.2222222222222222, "#7201a8"], [0.3333333333333333, "#9c179e"], [0.4444444444444444, "#bd3786"], [0.5555555555555556, "#d8576b"], [0.6666666666666666, "#ed7953"], [0.7777777777777778, "#fb9f3a"], [0.8888888888888888, "#fdca26"], [1.0, "#f0f921"]], "sequentialminus": [[0.0, "#0d0887"], [0.1111111111111111, "#46039f"], [0.2222222222222222, "#7201a8"], [0.3333333333333333, "#9c179e"], [0.4444444444444444, "#bd3786"], [0.5555555555555556, "#d8576b"], [0.6666666666666666, "#ed7953"], [0.7777777777777778, "#fb9f3a"], [0.8888888888888888, "#fdca26"], [1.0, "#f0f921"]], "diverging": [[0, "#8e0152"], [0.1, "#c51b7d"], [0.2, "#de77ae"], [0.3, "#f1b6da"], [0.4, "#fde0ef"], [0.5, "#f7f7f7"], [0.6, "#e6f5d0"], [0.7, "#b8e186"], [0.8, "#7fbc41"], [0.9, "#4d9221"], [1, "#276419"]]}, "xaxis": {"gridcolor": "rgba(0, 0, 0, 0)", "linecolor": "#506784", "ticks": "", "title": {"standoff": 15}, "zerolinecolor": "#283442", "automargin": true, "zerolinewidth": 2, "tickfont": {"family": "Courier New", "size": 14}, "side": "top", "tickangle": -90}, "yaxis": {"gridcolor": "rgba(0, 0, 0, 0)", "linecolor": "#506784", "ticks": "", "title": {"standoff": 15}, "zerolinecolor": "#283442", "automargin": true, "zerolinewidth": 2, "tickfont": {"family": "Courier New"}, "side": "right"}, "scene": {"xaxis": {"backgroundcolor": "rgb(17,17,17)", "gridcolor": "#506784", "linecolor": "#506784", "showbackground": true, "ticks": "", "zerolinecolor": "#C8D4E3", "gridwidth": 2}, "yaxis": {"backgroundcolor": "rgb(17,17,17)", "gridcolor": "#506784", "linecolor": "#506784", "showbackground": true, "ticks": "", "zerolinecolor": "#C8D4E3", "gridwidth": 2}, "zaxis": {"backgroundcolor": "rgb(17,17,17)", "gridcolor": "#506784", "linecolor": "#506784", "showbackground": true, "ticks": "", "zerolinecolor": "#C8D4E3", "gridwidth": 2}}, "shapedefaults": {"line": {"color": "#f2f5fa"}}, "annotationdefaults": {"arrowcolor": "#f2f5fa", "arrowhead": 0, "arrowwidth": 1}, "geo": {"bgcolor": "rgb(17,17,17)", "landcolor": "rgb(17,17,17)", "subunitcolor": "#506784", "showland": true, "showlakes": true, "lakecolor": "rgb(17,17,17)"}, "title": {"x": 0.05, "font": {"family": "Times New Roman"}, "y": 0.05, "text": "<b>Correlation of Adj Close <b><br><i>2016/09/23 ~ 2025/06/18<i>"}, "updatemenudefaults": {"bgcolor": "#506784", "borderwidth": 0}, "sliderdefaults": {"bgcolor": "#C8D4E3", "borderwidth": 1, "bordercolor": "rgb(17,17,17)", "tickwidth": 0}, "mapbox": {"style": "dark"}, "height": 600}};

Plotly.newPlot("correlationAdjClose",
    correlationAdjClose.data,
    correlationAdjClose.layout || {},
    config);