var element=document.getElementById("correlationClose");if(element.style.display!='none'){var correlationClose={"data":[{"type":"heatmap","z":[[1.0,0.9999999999999984,1.0,0.9951248588659561,0.9951248588659561,0.9670547799702741,0.9670547799702741,0.9077548245624698,0.9077548245624698,0.8243681962081691,0.9945784103281923,0.784937958909354,0.9925810015720522,0.9927867721898901,0.9946185396125435,0.9748332078362624,0.9990951287510613,0.9179259154493579,0.9179259154493579,0.7820166450750389,-0.15003345328942425,0.9785356783114009,0.17794950628112147,-0.11177375734917,-0.2513174658010338,0.8144475826943911,0.9063943946200327,0.916092777823186,0.9250925500772579,0.782954939863955,0.571205840042837,0.6403635947221679,0.6292724862748675,0.9350621238122726,0.8380415268386472,0.19779082582940968],[0.9999999999999984,1.0,0.9999999999999987,0.9950934767123802,0.9950934767123802,0.9665357833553895,0.9665357833553895,0.9086708974374246,0.9086708974374246,0.8258402506859776,0.9945716653128814,0.7851624543690038,0.9922996073307024,0.9922872959046511,0.9946213840717899,0.974285921381571,0.9990962976802563,0.9180585223962641,0.9180585223962641,0.8004056490952758,0.061972844163268016,0.9705695388745135,-0.033490151640737924,-0.10447085410661072,-0.2516138463418622,0.6492461900405352,0.907281641324715,0.8922182175945693,0.9197750991656517,0.7934005274586551,0.5632259574530449,0.6377637792365242,0.6546371334583624,0.9328669086955013,0.6973564237045783,0.194926947558802],[1.0,0.9999999999999987,1.0,0.9951248588659561,0.9951248588659561,0.9670547799702741,0.9670547799702741,0.9077548245624698,0.9077548245624698,0.8243681962081691,0.9945784103281923,0.784937958909354,0.9925810015720522,0.9927867721898901,0.9946185396125435,0.9748332078362624,0.9990951287510613,0.9179259154493579,0.9179259154493579,0.7820166450750389,-0.15003345328942425,0.9785356783114009,0.17794950628112147,-0.11177375734917,-0.2513174658010338,0.8144475826943911,0.9063943946200327,0.916092777823186,0.9250925500772579,0.782954939863955,0.571205840042837,0.6403635947221679,0.6292724862748675,0.9350621238122726,0.8380415268386472,0.19779082582940968],[0.9951248588659561,0.9950934767123802,0.9951248588659561,1.0,1.0,0.953930824659263,0.953930824659263,0.8919757580286756,0.8919757580286756,0.7978149411720015,0.9995496068625682,0.756826690742942,0.9914021794725885,0.9886124087282719,0.9995093169792729,0.9573874262725361,0.9948330446576973,0.8931198918360959,0.8931198918360959,0.7562454721529642,-0.15823042990530534,0.9908452095937711,0.20520889304487985,-0.1479757966109879,-0.25137878810037084,0.8046577202361359,0.9189291739897012,0.916997666675336,0.9088765447449547,0.7873145489061755,0.6002497937777039,0.6331324746792046,0.5986851163026632,0.9252372750965667,0.8280351599677565,0.21003602246976066],[0.9951248588659561,0.9950934767123802,0.9951248588659561,1.0,1.0,0.953930824659263,0.953930824659263,0.8919757580286756,0.8919757580286756,0.7978149411720015,0.9995496068625682,0.756826690742942,0.9914021794725885,0.9886124087282719,0.9995093169792729,0.9573874262725361,0.9948330446576973,0.8931198918360959,0.8931198918360959,0.7562454721529642,-0.15823042990530534,0.9908452095937711,0.20520889304487985,-0.1479757966109879,-0.25137878810037084,0.8046577202361359,0.9189291739897012,0.916997666675336,0.9088765447449547,0.7873145489061755,0.6002497937777039,0.6331324746792046,0.5986851163026632,0.9252372750965667,0.8280351599677565,0.21003602246976066],[0.9670547799702741,0.9665357833553895,0.9670547799702741,0.953930824659263,0.953930824659263,1.0,1.0,0.9326925592011889,0.9326925592011889,0.7966664433983859,0.9533170457252131,0.7816656167531741,0.9697451102324777,0.9671877925809388,0.9531298241896271,0.9990822292197061,0.9746108964531259,0.9185781830390007,0.9185781830390007,0.6480404899301482,-0.09947084560380756,0.9395145166594936,0.33126489304880163,-0.2936643251948821,-0.12106127066978667,0.8829289184841591,0.8587669126676398,0.9336714932347144,0.9005449062702808,0.7482185053494372,0.7564895150398944,0.7417272287423414,0.7040555444224965,0.8658942872302797,0.8680518931149409,0.47557203051671965],[0.9670547799702741,0.9665357833553895,0.9670547799702741,0.953930824659263,0.953930824659263,1.0,1.0,0.9326925592011889,0.9326925592011889,0.7966664433983859,0.9533170457252131,0.7816656167531741,0.9697451102324777,0.9671877925809388,0.9531298241896271,0.9990822292197061,0.9746108964531259,0.9185781830390007,0.9185781830390007,0.6480404899301482,-0.09947084560380756,0.9395145166594936,0.33126489304880163,-0.2936643251948821,-0.12106127066978667,0.8829289184841591,0.8587669126676398,0.9336714932347144,0.9005449062702808,0.7482185053494372,0.7564895150398944,0.7417272287423414,0.7040555444224965,0.8658942872302797,0.8680518931149409,0.47557203051671965],[0.9077548245624698,0.9086708974374246,0.9077548245624698,0.8919757580286756,0.8919757580286756,0.9326925592011889,0.9326925592011889,1.0,1.0,0.7470971852910966,0.9377838156919271,0.7646811066466089,0.9404840118943322,0.9352108854032668,0.93766027519811,0.9337426146335719,0.9453901191568409,0.9710343004792917,0.9710343004792917,0.5920979220214161,0.021541751541196127,0.8545939190089965,0.5593108038999313,-0.3196717123223427,0.01320435733123467,0.7885654180896007,0.7581946489657488,0.877507073906631,0.8548467075058624,0.7612418636734366,0.8807768586373199,0.7842702357967447,0.7164423615254373,0.7986887392536135,0.8541947327034461,0.8060848466653636],[0.9077548245624698,0.9086708974374246,0.9077548245624698,0.8919757580286756,0.8919757580286756,0.9326925592011889,0.9326925592011889,1.0,1.0,0.7470971852910966,0.9377838156919271,0.7646811066466089,0.9404840118943322,0.9352108854032668,0.93766027519811,0.9337426146335719,0.9453901191568409,0.9710343004792917,0.9710343004792917,0.5920979220214161,0.021541751541196127,0.8545939190089965,0.5593108038999313,-0.3196717123223427,0.01320435733123467,0.7885654180896007,0.7581946489657488,0.877507073906631,0.8548467075058624,0.7612418636734366,0.8807768586373199,0.7842702357967447,0.7164423615254373,0.7986887392536135,0.8541947327034461,0.8060848466653636],[0.8243681962081691,0.8258402506859776,0.8243681962081691,0.7978149411720015,0.7978149411720015,0.7966664433983859,0.7966664433983859,0.7470971852910966,0.7470971852910966,1.0,0.6880718242936099,0.9999698422260559,0.6234704536733807,0.5351758023598849,0.6917537625403938,0.7931339074554009,0.7441377186577588,0.8232169354604228,0.8232169354604228,0.6972446363258221,-0.09975991710014157,0.7706510157072164,0.03855392286049347,0.0481602354747202,-0.24320518930060248,0.7899679611475604,0.5645890139981411,0.7699951174589516,0.8192686015785886,0.689672072569817,0.36208145354112614,0.5341688973258399,0.5654261188919157,0.8003323292960368,0.6663050539389682,0.172815758628982],[0.9945784103281923,0.9945716653128814,0.9945784103281923,0.9995496068625682,0.9995496068625682,0.9533170457252131,0.9533170457252131,0.9377838156919271,0.9377838156919271,0.6880718242936099,1.0,0.6899129790187477,0.9911302345080371,0.9886587287608415,0.9999293116672626,0.9528456433513438,0.9938712466786568,0.9042597180957721,0.9042597180957721,0.8536733852219218,0.005408783626484303,0.9965548572453695,0.8908010940030656,-0.5142278156943633,0.3333317471910331,0.8201010739186354,0.883887260403712,0.9350241459351838,0.9031149143791558,0.8113090777273225,0.9172680195891173,0.8670555202576118,0.7735930320464022,0.9054410506312821,0.9445276457751121,0.7826476743726193],[0.784937958909354,0.7851624543690038,0.784937958909354,0.756826690742942,0.756826690742942,0.7816656167531741,0.7816656167531741,0.7646811066466089,0.7646811066466089,0.9999698422260559,0.6899129790187477,1.0,0.6214668577202727,0.5325955259408386,0.6902562816189034,0.7845531924349176,0.742781711638863,0.8192510979305241,0.8192510979305241,0.658856433384729,0.027468140276462643,0.7314107647617236,0.4378194707337765,-0.17297263815472713,-0.23071929582574113,0.8224055801430548,0.4723936293390118,0.7460437848178074,0.7929968877560383,0.7164650254180094,0.5955773517120456,0.7124634285648797,0.6855008733853127,0.760527463193349,0.6590560700843371,0.6805172779806338],[0.9925810015720522,0.9922996073307024,0.9925810015720522,0.9914021794725885,0.9914021794725885,0.9697451102324777,0.9697451102324777,0.9404840118943322,0.9404840118943322,0.6234704536733807,0.9911302345080371,0.6214668577202727,1.0,0.999775183282462,0.991123358937338,0.9673789922986085,0.9904856481279942,0.8925936609026468,0.8925936609026468,0.8328497863070434,0.032868865029367346,0.9894380892248155,0.910386447919305,-0.6673473078769007,0.3986401987665476,0.7905248366865634,0.8922739976375508,0.9422219826971825,0.8927804192798295,0.7470576592820308,0.9175628322103064,0.844670857614,0.7521895668750803,0.8900867919745192,0.9571135723326106,0.8089535507161387],[0.9927867721898901,0.9922872959046511,0.9927867721898901,0.9886124087282719,0.9886124087282719,0.9671877925809388,0.9671877925809388,0.9352108854032668,0.9352108854032668,0.5351758023598849,0.9886587287608415,0.5325955259408386,0.999775183282462,1.0,0.9888010018755918,0.9640021481238421,0.9897702733031537,0.8769141452505579,0.8769141452505579,0.8542792569753924,-0.09321439002727408,0.9854962088640795,0.9181829859694187,-0.8383521004290612,0.4336485613267224,0.7389626565870142,0.8972912920161804,0.9355560067250758,0.8784946214059474,0.6798207698187414,0.9255718176963895,0.835769994224342,0.6937379079661524,0.9142733744049426,0.9578040254174524,0.7788955108889506],[0.9946185396125435,0.9946213840717899,0.9946185396125435,0.9995093169792729,0.9995093169792729,0.9531298241896271,0.9531298241896271,0.93766027519811,0.93766027519811,0.6917537625403938,0.9999293116672626,0.6902562816189034,0.991123358937338,0.9888010018755918,1.0,0.9528423425252702,0.9939415008603262,0.9046436016711141,0.9046436016711141,0.854562904021014,0.006191333837148953,0.9964266779845172,0.8900458019065126,-0.5110538982153545,0.33304936265724994,0.8205824134860307,0.882386676821698,0.9342438740388591,0.9036044586593497,0.8124467200392451,0.9166279157456567,0.8680478307697536,0.774860096575985,0.9052938773357462,0.9444736561118536,0.7829207493726626],[0.9748332078362624,0.974285921381571,0.9748332078362624,0.9573874262725361,0.9573874262725361,0.9990822292197061,0.9990822292197061,0.9337426146335719,0.9337426146335719,0.7931339074554009,0.9528456433513438,0.7845531924349176,0.9673789922986085,0.9640021481238421,0.9528423425252702,1.0,0.9754832452507859,0.9187755977937572,0.9187755977937572,0.6962234169501549,-0.08362445315999911,0.9465004532250729,0.6523850469226901,-0.4248526779823108,-0.16856091144946345,0.8944638737156912,0.8531403164081615,0.9296064263429638,0.907733243237437,0.7844342026540336,0.8597066887389808,0.7884507267308412,0.7606497738895729,0.8872000436253121,0.8651244210299867,0.793925327995001],[0.9990951287510613,0.9990962976802563,0.9990951287510613,0.9948330446576973,0.9948330446576973,0.9746108964531259,0.9746108964531259,0.9453901191568409,0.9453901191568409,0.7441377186577588,0.9938712466786568,0.742781711638863,0.9904856481279942,0.9897702733031537,0.9939415008603262,0.9754832452507859,1.0,0.92987163743776,0.92987163743776,0.8635701950797162,0.020765721487109045,0.9874198210661849,0.8587389039223529,-0.49259023167507493,0.35263408188597134,0.8662968809651077,0.8748296367714707,0.9457387263943929,0.9321813236492905,0.8331787440321652,0.9052814588196363,0.8981506451381528,0.8158394086939853,0.9186103580975846,0.9532768756160858,0.8375238320934297],[0.9179259154493579,0.9180585223962641,0.9179259154493579,0.8931198918360959,0.8931198918360959,0.9185781830390007,0.9185781830390007,0.9710343004792917,0.9710343004792917,0.8232169354604228,0.9042597180957721,0.8192510979305241,0.8925936609026468,0.8769141452505579,0.9046436016711141,0.9187755977937572,0.92987163743776,1.0,1.0,0.7447007318154106,-0.0383081403406655,0.8568851095469465,0.5556497177011261,-0.2041130692811229,-0.20818622414208562,0.828925044467574,0.7294360377555226,0.8395788345013505,0.9180340839079782,0.8405706442537215,0.799861614226998,0.7593376327271861,0.7073868746719856,0.847406118712167,0.7811067675466723,0.8537624907130538],[0.9179259154493579,0.9180585223962641,0.9179259154493579,0.8931198918360959,0.8931198918360959,0.9185781830390007,0.9185781830390007,0.9710343004792917,0.9710343004792917,0.8232169354604228,0.9042597180957721,0.8192510979305241,0.8925936609026468,0.8769141452505579,0.9046436016711141,0.9187755977937572,0.92987163743776,1.0,1.0,0.7447007318154106,-0.0383081403406655,0.8568851095469465,0.5556497177011261,-0.2041130692811229,-0.20818622414208562,0.828925044467574,0.7294360377555226,0.8395788345013505,0.9180340839079782,0.8405706442537215,0.799861614226998,0.7593376327271861,0.7073868746719856,0.847406118712167,0.7811067675466723,0.8537624907130538],[0.7820166450750389,0.8004056490952758,0.7820166450750389,0.7562454721529642,0.7562454721529642,0.6480404899301482,0.6480404899301482,0.5920979220214161,0.5920979220214161,0.6972446363258221,0.8536733852219218,0.658856433384729,0.8328497863070434,0.8542792569753924,0.854562904021014,0.6962234169501549,0.8635701950797162,0.7447007318154106,0.7447007318154106,1.0,0.031039044540968307,0.7177995087432529,-0.3563295264713941,0.31008478822897273,-0.6562280593596095,0.3586199327033935,0.7011458871770605,0.5157737311090741,0.8374432199201742,0.6972707355077232,0.12318699677839551,0.3157404800180167,0.5682298510245205,0.7838695485488891,0.4847027747163815,-0.14426453379660953],[-0.15003345328942425,0.061972844163268016,-0.15003345328942425,-0.15823042990530534,-0.15823042990530534,-0.09947084560380756,-0.09947084560380756,0.021541751541196127,0.021541751541196127,-0.09975991710014157,0.005408783626484303,0.027468140276462643,0.032868865029367346,-0.09321439002727408,0.006191333837148953,-0.08362445315999911,0.020765721487109045,-0.0383081403406655,-0.0383081403406655,0.031039044540968307,1.0,-0.10228715278212201,0.1017735612828601,0.1601591921617528,0.7482247880597239,-0.0954247969675648,-0.05565686548728351,-0.020043197563088835,0.15546120630846305,-0.005894241675712553,0.03831101542546814,0.32382693766286147,0.5641457088179404,-0.12820207873241557,0.09898438259967707,0.15318749273757687],[0.9785356783114009,0.9705695388745135,0.9785356783114009,0.9908452095937711,0.9908452095937711,0.9395145166594936,0.9395145166594936,0.8545939190089965,0.8545939190089965,0.7706510157072164,0.9965548572453695,0.7314107647617236,0.9894380892248155,0.9854962088640795,0.9964266779845172,0.9465004532250729,0.9874198210661849,0.8568851095469465,0.8568851095469465,0.7177995087432529,-0.10228715278212201,1.0,0.11306433014573829,-0.20517487750085722,-0.30068110476039883,0.6682969239282752,0.9197182334410806,0.9004416301894167,0.8528217468377655,0.7557495672032359,0.6012785526620156,0.6001179573479009,0.528963861705547,0.9042652427016056,0.6760947485857378,0.19122209197331116],[0.17794950628112147,-0.033490151640737924,0.17794950628112147,0.20520889304487985,0.20520889304487985,0.33126489304880163,0.33126489304880163,0.5593108038999313,0.5593108038999313,0.03855392286049347,0.8908010940030656,0.4378194707337765,0.910386447919305,0.9181829859694187,0.8900458019065126,0.6523850469226901,0.8587389039223529,0.5556497177011261,0.5556497177011261,-0.3563295264713941,0.1017735612828601,0.11306433014573829,1.0,-0.46265544728774205,0.7095173383259734,0.38462687722837824,0.12994569479578644,0.32477982743950623,-0.08366819445262678,0.08967079670226762,0.6035609229981127,0.4842807881284984,0.20344106758098612,0.021621340555100826,0.40052657102062533,0.47204609745703957],[-0.11177375734917,-0.10447085410661072,-0.11177375734917,-0.1479757966109879,-0.1479757966109879,-0.2936643251948821,-0.2936643251948821,-0.3196717123223427,-0.3196717123223427,0.0481602354747202,-0.5142278156943633,-0.17297263815472713,-0.6673473078769007,-0.8383521004290612,-0.5110538982153545,-0.4248526779823108,-0.49259023167507493,-0.2041130692811229,-0.2041130692811229,0.31008478822897273,0.1601591921617528,-0.20517487750085722,-0.46265544728774205,1.0,-0.025883675788916247,-0.1703198822843099,-0.20298626918883184,-0.3102424956787899,-0.05262609975859067,-0.08301278016515234,-0.5716049787380407,-0.2071216197737059,-0.028653591321219637,-0.05640509573120527,-0.22936400687083183,-0.41124870841518757],[-0.2513174658010338,-0.2516138463418622,-0.2513174658010338,-0.25137878810037084,-0.25137878810037084,-0.12106127066978667,-0.12106127066978667,0.01320435733123467,0.01320435733123467,-0.24320518930060248,0.3333317471910331,-0.23071929582574113,0.3986401987665476,0.4336485613267224,0.33304936265724994,-0.16856091144946345,0.35263408188597134,-0.20818622414208562,-0.20818622414208562,-0.6562280593596095,0.7482247880597239,-0.30068110476039883,0.7095173383259734,-0.025883675788916247,1.0,-0.10811447765144307,-0.24283327905994628,-0.06866853748906718,-0.3516126776161233,-0.32986863204688854,0.06497300261543791,0.1585524837337977,0.2615411128633274,-0.37822443749014295,0.10801979374068414,0.0892101089139847],[0.8144475826943911,0.6492461900405352,0.8144475826943911,0.8046577202361359,0.8046577202361359,0.8829289184841591,0.8829289184841591,0.7885654180896007,0.7885654180896007,0.7899679611475604,0.8201010739186354,0.8224055801430548,0.7905248366865634,0.7389626565870142,0.8205824134860307,0.8944638737156912,0.8662968809651077,0.828925044467574,0.828925044467574,0.3586199327033935,-0.0954247969675648,0.6682969239282752,0.38462687722837824,-0.1703198822843099,-0.10811447765144307,1.0,0.5443587465174978,0.8395915249600883,0.49973039124283963,0.631561393742461,0.5535895318101469,0.6611331603908486,0.4277006916449659,0.7076797909656951,0.7057265013409338,0.42083776333921435],[0.9063943946200327,0.907281641324715,0.9063943946200327,0.9189291739897012,0.9189291739897012,0.8587669126676398,0.8587669126676398,0.7581946489657488,0.7581946489657488,0.5645890139981411,0.883887260403712,0.4723936293390118,0.8922739976375508,0.8972912920161804,0.882386676821698,0.8531403164081615,0.8748296367714707,0.7294360377555226,0.7294360377555226,0.7011458871770605,-0.05565686548728351,0.9197182334410806,0.12994569479578644,-0.20298626918883184,-0.24283327905994628,0.5443587465174978,1.0,0.8003258774301706,0.7783746374738606,0.6656571826808342,0.5140465013242902,0.5070449592552161,0.5126611763920409,0.8410170705595347,0.6333638851712018,0.11793225319842708],[0.916092777823186,0.8922182175945693,0.916092777823186,0.916997666675336,0.916997666675336,0.9336714932347144,0.9336714932347144,0.877507073906631,0.877507073906631,0.7699951174589516,0.9350241459351838,0.7460437848178074,0.9422219826971825,0.9355560067250758,0.9342438740388591,0.9296064263429638,0.9457387263943929,0.8395788345013505,0.8395788345013505,0.5157737311090741,-0.020043197563088835,0.9004416301894167,0.32477982743950623,-0.3102424956787899,-0.06866853748906718,0.8395915249600883,0.8003258774301706,1.0,0.757591233967215,0.6189667333731752,0.6105030767915444,0.6086411909353753,0.5359047504598825,0.824372167768657,0.8388283429299838,0.22832775819027953],[0.9250925500772579,0.9197750991656517,0.9250925500772579,0.9088765447449547,0.9088765447449547,0.9005449062702808,0.9005449062702808,0.8548467075058624,0.8548467075058624,0.8192686015785886,0.9031149143791558,0.7929968877560383,0.8927804192798295,0.8784946214059474,0.9036044586593497,0.907733243237437,0.9321813236492905,0.9180340839079782,0.9180340839079782,0.8374432199201742,0.15546120630846305,0.8528217468377655,-0.08366819445262678,-0.05262609975859067,-0.3516126776161233,0.49973039124283963,0.7783746374738606,0.757591233967215,1.0,0.9079676940461925,0.5558474797284754,0.692566267956462,0.6678327725601206,0.8808938764973648,0.5173861982104048,0.3052031016262536],[0.782954939863955,0.7934005274586551,0.782954939863955,0.7873145489061755,0.7873145489061755,0.7482185053494372,0.7482185053494372,0.7612418636734366,0.7612418636734366,0.689672072569817,0.8113090777273225,0.7164650254180094,0.7470576592820308,0.6798207698187414,0.8124467200392451,0.7844342026540336,0.8331787440321652,0.8405706442537215,0.8405706442537215,0.6972707355077232,-0.005894241675712553,0.7557495672032359,0.08967079670226762,-0.08301278016515234,-0.32986863204688854,0.631561393742461,0.6656571826808342,0.6189667333731752,0.9079676940461925,1.0,0.5887898265262136,0.6749346265983114,0.6120875063569785,0.736688112624292,0.5944222663684754,0.47749401617251075],[0.571205840042837,0.5632259574530449,0.571205840042837,0.6002497937777039,0.6002497937777039,0.7564895150398944,0.7564895150398944,0.8807768586373199,0.8807768586373199,0.36208145354112614,0.9172680195891173,0.5955773517120456,0.9175628322103064,0.9255718176963895,0.9166279157456567,0.8597066887389808,0.9052814588196363,0.799861614226998,0.799861614226998,0.12318699677839551,0.03831101542546814,0.6012785526620156,0.6035609229981127,-0.5716049787380407,0.06497300261543791,0.5535895318101469,0.5140465013242902,0.6105030767915444,0.5558474797284754,0.5887898265262136,1.0,0.7474991248795115,0.38708187539277195,0.5156759708574581,0.5975133914395143,0.7550702561333441],[0.6403635947221679,0.6377637792365242,0.6403635947221679,0.6331324746792046,0.6331324746792046,0.7417272287423414,0.7417272287423414,0.7842702357967447,0.7842702357967447,0.5341688973258399,0.8670555202576118,0.7124634285648797,0.844670857614,0.835769994224342,0.8680478307697536,0.7884507267308412,0.8981506451381528,0.7593376327271861,0.7593376327271861,0.3157404800180167,0.32382693766286147,0.6001179573479009,0.4842807881284984,-0.2071216197737059,0.1585524837337977,0.6611331603908486,0.5070449592552161,0.6086411909353753,0.692566267956462,0.6749346265983114,0.7474991248795115,1.0,0.779453936076555,0.507670114637017,0.7333171128842163,0.5528845400565384],[0.6292724862748675,0.6546371334583624,0.6292724862748675,0.5986851163026632,0.5986851163026632,0.7040555444224965,0.7040555444224965,0.7164423615254373,0.7164423615254373,0.5654261188919157,0.7735930320464022,0.6855008733853127,0.7521895668750803,0.6937379079661524,0.774860096575985,0.7606497738895729,0.8158394086939853,0.7073868746719856,0.7073868746719856,0.5682298510245205,0.5641457088179404,0.528963861705547,0.20344106758098612,-0.028653591321219637,0.2615411128633274,0.4277006916449659,0.5126611763920409,0.5359047504598825,0.6678327725601206,0.6120875063569785,0.38708187539277195,0.779453936076555,1.0,0.4955545538493925,0.6658979261632437,0.20569124388004867],[0.9350621238122726,0.9328669086955013,0.9350621238122726,0.9252372750965667,0.9252372750965667,0.8658942872302797,0.8658942872302797,0.7986887392536135,0.7986887392536135,0.8003323292960368,0.9054410506312821,0.760527463193349,0.8900867919745192,0.9142733744049426,0.9052938773357462,0.8872000436253121,0.9186103580975846,0.847406118712167,0.847406118712167,0.7838695485488891,-0.12820207873241557,0.9042652427016056,0.021621340555100826,-0.05640509573120527,-0.37822443749014295,0.7076797909656951,0.8410170705595347,0.824372167768657,0.8808938764973648,0.736688112624292,0.5156759708574581,0.507670114637017,0.4955545538493925,1.0,0.742671847571052,0.1834413348866595],[0.8380415268386472,0.6973564237045783,0.8380415268386472,0.8280351599677565,0.8280351599677565,0.8680518931149409,0.8680518931149409,0.8541947327034461,0.8541947327034461,0.6663050539389682,0.9445276457751121,0.6590560700843371,0.9571135723326106,0.9578040254174524,0.9444736561118536,0.8651244210299867,0.9532768756160858,0.7811067675466723,0.7811067675466723,0.4847027747163815,0.09898438259967707,0.6760947485857378,0.40052657102062533,-0.22936400687083183,0.10801979374068414,0.7057265013409338,0.6333638851712018,0.8388283429299838,0.5173861982104048,0.5944222663684754,0.5975133914395143,0.7333171128842163,0.6658979261632437,0.742671847571052,1.0,0.1926271125132599],[0.19779082582940968,0.194926947558802,0.19779082582940968,0.21003602246976066,0.21003602246976066,0.47557203051671965,0.47557203051671965,0.8060848466653636,0.8060848466653636,0.172815758628982,0.7826476743726193,0.6805172779806338,0.8089535507161387,0.7788955108889506,0.7829207493726626,0.793925327995001,0.8375238320934297,0.8537624907130538,0.8537624907130538,-0.14426453379660953,0.15318749273757687,0.19122209197331116,0.47204609745703957,-0.41124870841518757,0.0892101089139847,0.42083776333921435,0.11793225319842708,0.22832775819027953,0.3052031016262536,0.47749401617251075,0.7550702561333441,0.5528845400565384,0.20569124388004867,0.1834413348866595,0.1926271125132599,1.0]],"x":["^TAIEX       \u81fa\u7063\u52a0\u6b0a\u5831\u916c\u6307\u6578","^TWII        \u81fa\u7063\u52a0\u6b0a\u6307\u6578","^TAIEXx2     \u81fa\u7063\u52a0\u6b0a\u5831\u916c\u6307\u6578_\u65e5\u6b632","^TAI50I      \u81fa\u706350\u5831\u916c\u6307\u6578","^TAI50Ix2    \u81fa\u706350\u5831\u916c\u6307\u6578_\u65e5\u6b632","^TAI100I     \u81fa\u7063\u4e2d\u578b100\u5831\u916c\u6307\u6578","^TAI100Ix2   \u81fa\u7063\u4e2d\u578b100\u5831\u916c\u6307\u6578_\u65e5\u6b632","^TAIDIVIDI   \u81fa\u7063\u9ad8\u80a1\u606f\u5831\u916c\u6307\u6578","^TAIDIVIDIx2 \u81fa\u7063\u9ad8\u80a1\u606f\u5831\u916c\u6307\u6578_\u65e5\u6b632","0050Fund     \u5143\u5927\u53f0\u7063\u5353\u8d8a50\u57fa\u91d1","006208Fund   \u5bcc\u90a6\u53f0\u7063\u91c6\u540950\u57fa\u91d1","0050         \u5143\u5927\u81fa\u706350","00631L       \u5143\u5927\u53f0\u706350\u6b632","00675L       \u5bcc\u90a6\u81fa\u7063\u52a0\u6b0a\u6b632","006208       \u5bcc\u90a6\u53f050","0051         \u5143\u5927\u4e2d\u578b100","006204       \u6c38\u8c50\u81fa\u7063\u52a0\u6b0a","0056         \u5143\u5927\u9ad8\u80a1\u606f","0056         \u5143\u5927\u9ad8\u80a1\u606f_\u80a1\u606f\u4e0d\u6295\u5165","2412         \u4e2d\u83ef\u96fb\u4fe1","2002         \u4e2d\u92fc","2330         \u53f0\u7a4d\u96fb","2317         \u9d3b\u6d77","6505         \u53f0\u5851\u77f3\u5316","3481         \u7fa4\u5275","2303         \u806f\u96fb","2308         \u53f0\u9054\u96fb","2454         \u806f\u767c\u79d1","2886         \u5146\u8c50\u91d1","2884         \u7389\u5c71\u91d1","2891         \u4e2d\u4fe1\u91d1","2892         \u7b2c\u4e00\u91d1","5880         \u5408\u5eab\u91d1","2881         \u5bcc\u90a6\u91d1","2885         \u5143\u5927\u91d1","2887         \u53f0\u65b0\u91d1"],"y":["^TAIEX       \u81fa\u7063\u52a0\u6b0a\u5831\u916c\u6307\u6578","^TWII        \u81fa\u7063\u52a0\u6b0a\u6307\u6578","^TAIEXx2     \u81fa\u7063\u52a0\u6b0a\u5831\u916c\u6307\u6578_\u65e5\u6b632","^TAI50I      \u81fa\u706350\u5831\u916c\u6307\u6578","^TAI50Ix2    \u81fa\u706350\u5831\u916c\u6307\u6578_\u65e5\u6b632","^TAI100I     \u81fa\u7063\u4e2d\u578b100\u5831\u916c\u6307\u6578","^TAI100Ix2   \u81fa\u7063\u4e2d\u578b100\u5831\u916c\u6307\u6578_\u65e5\u6b632","^TAIDIVIDI   \u81fa\u7063\u9ad8\u80a1\u606f\u5831\u916c\u6307\u6578","^TAIDIVIDIx2 \u81fa\u7063\u9ad8\u80a1\u606f\u5831\u916c\u6307\u6578_\u65e5\u6b632","0050Fund     \u5143\u5927\u53f0\u7063\u5353\u8d8a50\u57fa\u91d1","006208Fund   \u5bcc\u90a6\u53f0\u7063\u91c6\u540950\u57fa\u91d1","0050         \u5143\u5927\u81fa\u706350","00631L       \u5143\u5927\u53f0\u706350\u6b632","00675L       \u5bcc\u90a6\u81fa\u7063\u52a0\u6b0a\u6b632","006208       \u5bcc\u90a6\u53f050","0051         \u5143\u5927\u4e2d\u578b100","006204       \u6c38\u8c50\u81fa\u7063\u52a0\u6b0a","0056         \u5143\u5927\u9ad8\u80a1\u606f","0056         \u5143\u5927\u9ad8\u80a1\u606f_\u80a1\u606f\u4e0d\u6295\u5165","2412         \u4e2d\u83ef\u96fb\u4fe1","2002         \u4e2d\u92fc","2330         \u53f0\u7a4d\u96fb","2317         \u9d3b\u6d77","6505         \u53f0\u5851\u77f3\u5316","3481         \u7fa4\u5275","2303         \u806f\u96fb","2308         \u53f0\u9054\u96fb","2454         \u806f\u767c\u79d1","2886         \u5146\u8c50\u91d1","2884         \u7389\u5c71\u91d1","2891         \u4e2d\u4fe1\u91d1","2892         \u7b2c\u4e00\u91d1","5880         \u5408\u5eab\u91d1","2881         \u5bcc\u90a6\u91d1","2885         \u5143\u5927\u91d1","2887         \u53f0\u65b0\u91d1"],"zmin":-1,"zmax":1,"colorbar":{"x":-0.2}}],"layout":{"autotypenumbers":"strict","colorway":["#636efa","#EF553B","#00cc96","#ab63fa","#FFA15A","#19d3f3","#FF6692","#B6E880","#FF97FF","#FECB52"],"font":{"color":"#f2f5fa","family":"Courier New"},"hovermode":"closest","hoverlabel":{"align":"left"},"paper_bgcolor":"rgb(17,17,17)","plot_bgcolor":"rgb(17,17,17)","polar":{"bgcolor":"rgb(17,17,17)","angularaxis":{"gridcolor":"#506784","linecolor":"#506784","ticks":""},"radialaxis":{"gridcolor":"#506784","linecolor":"#506784","ticks":""}},"ternary":{"bgcolor":"rgb(17,17,17)","aaxis":{"gridcolor":"#506784","linecolor":"#506784","ticks":""},"baxis":{"gridcolor":"#506784","linecolor":"#506784","ticks":""},"caxis":{"gridcolor":"#506784","linecolor":"#506784","ticks":""}},"coloraxis":{"colorbar":{"outlinewidth":0,"ticks":""}},"colorscale":{"sequential":[[0.0,"#0d0887"],[0.1111111111111111,"#46039f"],[0.2222222222222222,"#7201a8"],[0.3333333333333333,"#9c179e"],[0.4444444444444444,"#bd3786"],[0.5555555555555556,"#d8576b"],[0.6666666666666666,"#ed7953"],[0.7777777777777778,"#fb9f3a"],[0.8888888888888888,"#fdca26"],[1.0,"#f0f921"]],"sequentialminus":[[0.0,"#0d0887"],[0.1111111111111111,"#46039f"],[0.2222222222222222,"#7201a8"],[0.3333333333333333,"#9c179e"],[0.4444444444444444,"#bd3786"],[0.5555555555555556,"#d8576b"],[0.6666666666666666,"#ed7953"],[0.7777777777777778,"#fb9f3a"],[0.8888888888888888,"#fdca26"],[1.0,"#f0f921"]],"diverging":[[0,"#8e0152"],[0.1,"#c51b7d"],[0.2,"#de77ae"],[0.3,"#f1b6da"],[0.4,"#fde0ef"],[0.5,"#f7f7f7"],[0.6,"#e6f5d0"],[0.7,"#b8e186"],[0.8,"#7fbc41"],[0.9,"#4d9221"],[1,"#276419"]]},"xaxis":{"gridcolor":"rgba(0, 0, 0, 0)","linecolor":"#506784","ticks":"","title":{"standoff":15},"zerolinecolor":"#283442","automargin":true,"zerolinewidth":2,"tickfont":{"family":"Courier New","size":14},"side":"top","tickangle":-90},"yaxis":{"gridcolor":"rgba(0, 0, 0, 0)","linecolor":"#506784","ticks":"","title":{"standoff":15},"zerolinecolor":"#283442","automargin":true,"zerolinewidth":2,"tickfont":{"family":"Courier New"},"side":"right"},"scene":{"xaxis":{"backgroundcolor":"rgb(17,17,17)","gridcolor":"#506784","linecolor":"#506784","showbackground":true,"ticks":"","zerolinecolor":"#C8D4E3","gridwidth":2},"yaxis":{"backgroundcolor":"rgb(17,17,17)","gridcolor":"#506784","linecolor":"#506784","showbackground":true,"ticks":"","zerolinecolor":"#C8D4E3","gridwidth":2},"zaxis":{"backgroundcolor":"rgb(17,17,17)","gridcolor":"#506784","linecolor":"#506784","showbackground":true,"ticks":"","zerolinecolor":"#C8D4E3","gridwidth":2}},"shapedefaults":{"line":{"color":"#f2f5fa"}},"annotationdefaults":{"arrowcolor":"#f2f5fa","arrowhead":0,"arrowwidth":1},"geo":{"bgcolor":"rgb(17,17,17)","landcolor":"rgb(17,17,17)","subunitcolor":"#506784","showland":true,"showlakes":true,"lakecolor":"rgb(17,17,17)"},"title":{"x":0.05,"font":{"family":"Times New Roman"},"y":0.05,"text":"<b>Correlation of Close<b><br><i>2016-09-23 ~ 2025-12-24<i>"},"updatemenudefaults":{"bgcolor":"#506784","borderwidth":0},"sliderdefaults":{"bgcolor":"#C8D4E3","borderwidth":1,"bordercolor":"rgb(17,17,17)","tickwidth":0},"mapbox":{"style":"dark"},"annotations":[{"text":"<b>@zwindr<b>","textangle":0,"opacity":0.5,"font":{"color":"white","size":12},"xref":"paper","yref":"paper","xanchor":"left","yanchor":"bottom","x":1.0,"y":1.0,"showarrow":false}]},"config":{"responsive":true,"toImageButtonOptions":{"filename":"Correlation of Close_2016-09-23~2025-12-24","scale":5}}};Plotly.newPlot("correlationClose",correlationClose.data,correlationClose.layout||{},correlationClose.config);}else{console.log("style display is none => correlationClose");}