var config = { responsive: true }

var correlationClose = {"data": [{"type": "heatmap", "z": [[1.0, 0.9999999999999984, 1.0, 0.9956560667693197, 0.9956560667693197, 0.9604971505856064, 0.9604971505856064, 0.8947816435821402, 0.8947816435821402, 0.9514179840536522, 0.9952328888275778, 0.9600023687232973, 0.9924156253852852, 0.99196251842466, 0.9951323008834279, 0.9712381503216599, 0.9988658332923435, 0.927341614397523, 0.7822603951906376, -0.07136440594874494, 0.9766028041864023, 0.054000693178207555, 0.012177214070709196, -0.2506941431281301, 0.8247763975079576, 0.9509280099757947, 0.9022458340643136], [0.9999999999999984, 1.0, 0.9999999999999986, 0.9955991725229218, 0.9955991725229218, 0.9598392828563289, 0.9598392828563289, 0.8961076457195555, 0.8961076457195555, 0.9516559531160103, 0.9952012938744447, 0.9603933707496023, 0.9921474153633308, 0.9913597252668864, 0.9950965501256654, 0.9704496687270682, 0.9988684446991515, 0.9279486754616233, 0.8031492886616024, 0.13520822291309206, 0.9674113636643409, -0.10513546555381031, 0.020769293317181855, -0.2509407999059724, 0.6477310710398974, 0.9510218529069805, 0.8735113763678255], [1.0, 0.9999999999999986, 1.0, 0.9956560667693197, 0.9956560667693197, 0.9604971505856064, 0.9604971505856064, 0.8947816435821402, 0.8947816435821402, 0.9514179840536522, 0.9952328888275778, 0.9600023687232973, 0.9924156253852852, 0.99196251842466, 0.9951323008834279, 0.9712381503216599, 0.9988658332923435, 0.927341614397523, 0.7822603951906376, -0.07136440594874494, 0.9766028041864023, 0.054000693178207555, 0.012177214070709196, -0.2506941431281301, 0.8247763975079576, 0.9509280099757947, 0.9022458340643136], [0.9956560667693197, 0.9955991725229218, 0.9956560667693197, 1.0, 1.0, 0.9474325944264459, 0.9474325944264459, 0.8807546310755835, 0.8807546310755835, 0.948819554436617, 0.9994526615049619, 0.9583934546419935, 0.9879492521885704, 0.9836532411153713, 0.9993821148190506, 0.9536992543429721, 0.9946981807209129, 0.9093857219416134, 0.7622020072100727, -0.07653432580950213, 0.9883572906912337, 0.07328196167707977, -0.017502685992881573, -0.25456924462703, 0.8262764126438337, 0.9413888788121658, 0.907284150839077], [0.9956560667693197, 0.9955991725229218, 0.9956560667693197, 1.0, 1.0, 0.9474325944264459, 0.9474325944264459, 0.8807546310755835, 0.8807546310755835, 0.948819554436617, 0.9994526615049619, 0.9583934546419935, 0.9879492521885704, 0.9836532411153713, 0.9993821148190506, 0.9536992543429721, 0.9946981807209129, 0.9093857219416134, 0.7622020072100727, -0.07653432580950213, 0.9883572906912337, 0.07328196167707977, -0.017502685992881573, -0.25456924462703, 0.8262764126438337, 0.9413888788121658, 0.907284150839077], [0.9604971505856064, 0.9598392828563289, 0.9604971505856064, 0.9474325944264459, 0.9474325944264459, 1.0, 1.0, 0.9221486721797904, 0.9221486721797904, 0.9155165133435296, 0.9515255651080473, 0.9207700280547737, 0.9766519930067256, 0.9755194307550414, 0.95106298209568, 0.9989621197969147, 0.9717859348146135, 0.9194966602246973, 0.6221948937047224, -0.01414296975431139, 0.9318218226224823, 0.23912618425070717, -0.19638524431825827, -0.10361700136985626, 0.8962343055464367, 0.9106227789485967, 0.9231154181073841], [0.9604971505856064, 0.9598392828563289, 0.9604971505856064, 0.9474325944264459, 0.9474325944264459, 1.0, 1.0, 0.9221486721797904, 0.9221486721797904, 0.9155165133435296, 0.9515255651080473, 0.9207700280547737, 0.9766519930067256, 0.9755194307550414, 0.95106298209568, 0.9989621197969147, 0.9717859348146135, 0.9194966602246973, 0.6221948937047224, -0.01414296975431139, 0.9318218226224823, 0.23912618425070717, -0.19638524431825827, -0.10361700136985626, 0.8962343055464367, 0.9106227789485967, 0.9231154181073841], [0.8947816435821402, 0.8961076457195555, 0.8947816435821402, 0.8807546310755835, 0.8807546310755835, 0.9221486721797904, 0.9221486721797904, 1.0, 1.0, 0.8951306359178856, 0.9379015899532951, 0.8696996754968849, 0.9467292271594474, 0.9417595219786957, 0.937443319959832, 0.9229524747190029, 0.9390706128035744, 0.9731758402984336, 0.5559879597254913, 0.10721840830357475, 0.836916010637873, 0.493134870411338, -0.21998150652740128, 0.03925209344040476, 0.7841684047476833, 0.8011319050037258, 0.8586328107584157], [0.8947816435821402, 0.8961076457195555, 0.8947816435821402, 0.8807546310755835, 0.8807546310755835, 0.9221486721797904, 0.9221486721797904, 1.0, 1.0, 0.8951306359178856, 0.9379015899532951, 0.8696996754968849, 0.9467292271594474, 0.9417595219786957, 0.937443319959832, 0.9229524747190029, 0.9390706128035744, 0.9731758402984336, 0.5559879597254913, 0.10721840830357475, 0.836916010637873, 0.493134870411338, -0.21998150652740128, 0.03925209344040476, 0.7841684047476833, 0.8011319050037258, 0.8586328107584157], [0.9514179840536522, 0.9516559531160103, 0.9514179840536522, 0.948819554436617, 0.948819554436617, 0.9155165133435296, 0.9155165133435296, 0.8951306359178856, 0.8951306359178856, 1.0, 0.9462053480244278, 0.9959149678962762, 0.9322342185001382, 0.9121189211147466, 0.9468494963116122, 0.9169926467358175, 0.9496722210527658, 0.907875792198299, 0.7926963118936495, 0.22749806243987544, 0.9385521160625333, 0.790528775958967, -0.32650585294067963, 0.3959370140469031, 0.8637438941220611, 0.8605158785320015, 0.8972645395770821], [0.9952328888275778, 0.9952012938744447, 0.9952328888275778, 0.9994526615049619, 0.9994526615049619, 0.9515255651080473, 0.9515255651080473, 0.9379015899532951, 0.9379015899532951, 0.9462053480244278, 1.0, 0.9419382508085948, 0.9877565152710355, 0.9841059703418251, 0.9999130708687801, 0.9520718641871637, 0.9938378300416058, 0.9286553810881822, 0.8390589598818042, 0.182764494322098, 0.9954471028812523, 0.8446044708711596, -0.4049766426736409, 0.3802277956129177, 0.8716018862160474, 0.9154380183379123, 0.9393254986643467], [0.9600023687232973, 0.9603933707496023, 0.9600023687232973, 0.9583934546419935, 0.9583934546419935, 0.9207700280547737, 0.9207700280547737, 0.8696996754968849, 0.8696996754968849, 0.9959149678962762, 0.9419382508085948, 1.0, 0.9280400504815607, 0.9066034509955886, 0.9427673030886079, 0.9227800600437147, 0.9491116919188254, 0.892558699053784, 0.7321485700123219, -0.0846933609239968, 0.9457806044401921, 0.48595585965075844, -0.1992365923902481, -0.26298281757968217, 0.8702405054073246, 0.8908304623001085, 0.8701678317113026], [0.9924156253852852, 0.9921474153633308, 0.9924156253852852, 0.9879492521885704, 0.9879492521885704, 0.9766519930067256, 0.9766519930067256, 0.9467292271594474, 0.9467292271594474, 0.9322342185001382, 0.9877565152710355, 0.9280400504815607, 1.0, 0.9996743440911545, 0.9876239363180647, 0.9749276819990506, 0.9893685771001568, 0.9237667964033147, 0.8037329464615508, 0.21991947759939676, 0.9854487211919095, 0.8703804251447858, -0.5969990578625906, 0.45837408564554916, 0.8519641745876216, 0.9332280084546896, 0.9565618978380311], [0.99196251842466, 0.9913597252668864, 0.99196251842466, 0.9836532411153713, 0.9836532411153713, 0.9755194307550414, 0.9755194307550414, 0.9417595219786957, 0.9417595219786957, 0.9121189211147466, 0.9841059703418251, 0.9066034509955886, 0.9996743440911545, 1.0, 0.9841245621501824, 0.9726743217090101, 0.9875441150579092, 0.9118040729470771, 0.8218981448854837, 0.10126566636458541, 0.9796447518222594, 0.8796684989213808, -0.8145300081568886, 0.507710231766079, 0.8106417119055243, 0.9393791098207851, 0.9543356461252921], [0.9951323008834279, 0.9950965501256654, 0.9951323008834279, 0.9993821148190506, 0.9993821148190506, 0.95106298209568, 0.95106298209568, 0.937443319959832, 0.937443319959832, 0.9468494963116122, 0.9999130708687801, 0.9427673030886079, 0.9876239363180647, 0.9841245621501824, 1.0, 0.9517172008621063, 0.9937757787845992, 0.9287651360824345, 0.8399993558098066, 0.18282723688639446, 0.9953390903942678, 0.8438190492696693, -0.40146894709679604, 0.379058308644412, 0.8713949125909971, 0.913795692591423, 0.9381369401447422], [0.9712381503216599, 0.9704496687270682, 0.9712381503216599, 0.9536992543429721, 0.9536992543429721, 0.9989621197969147, 0.9989621197969147, 0.9229524747190029, 0.9229524747190029, 0.9169926467358175, 0.9520718641871637, 0.9227800600437147, 0.9749276819990506, 0.9726743217090101, 0.9517172008621063, 1.0, 0.9735178319961751, 0.9190755794608549, 0.6709140929544289, 0.005958766818706314, 0.9432877025437958, 0.5663469181578947, -0.3295370160637154, -0.15749584705001174, 0.9093242450632122, 0.9238733356712266, 0.918429385259779], [0.9988658332923435, 0.9988684446991515, 0.9988658332923435, 0.9946981807209129, 0.9946981807209129, 0.9717859348146135, 0.9717859348146135, 0.9390706128035744, 0.9390706128035744, 0.9496722210527658, 0.9938378300416058, 0.9491116919188254, 0.9893685771001568, 0.9875441150579092, 0.9937757787845992, 0.9735178319961751, 1.0, 0.9435614821549472, 0.845236854518828, 0.17978080809618874, 0.9867433118922438, 0.8134544592969833, -0.38684325819881543, 0.39050142804827204, 0.9032692511377208, 0.931282232817275, 0.9430671398062251], [0.927341614397523, 0.9279486754616233, 0.927341614397523, 0.9093857219416134, 0.9093857219416134, 0.9194966602246973, 0.9194966602246973, 0.9731758402984336, 0.9731758402984336, 0.907875792198299, 0.9286553810881822, 0.892558699053784, 0.9237667964033147, 0.9118040729470771, 0.9287651360824345, 0.9190755794608549, 0.9435614821549472, 1.0, 0.7256305666076696, 0.023135927171413804, 0.8724146118071903, 0.502767300763602, -0.11789551772212986, -0.19933909831690663, 0.8217246806704959, 0.8404829382343026, 0.8281979780857958], [0.7822603951906376, 0.8031492886616024, 0.7822603951906376, 0.7622020072100727, 0.7622020072100727, 0.6221948937047224, 0.6221948937047224, 0.5559879597254913, 0.5559879597254913, 0.7926963118936495, 0.8390589598818042, 0.7321485700123219, 0.8037329464615508, 0.8218981448854837, 0.8399993558098066, 0.6709140929544289, 0.845236854518828, 0.7256305666076696, 1.0, 0.06409661342954909, 0.7249058740623044, -0.4432197165401185, 0.3994608329627205, -0.6623034073380416, 0.32967147298364263, 0.8038431889069206, 0.4779211740371461], [-0.07136440594874494, 0.13520822291309206, -0.07136440594874494, -0.07653432580950213, -0.07653432580950213, -0.01414296975431139, -0.01414296975431139, 0.10721840830357475, 0.10721840830357475, 0.22749806243987544, 0.182764494322098, -0.0846933609239968, 0.21991947759939676, 0.10126566636458541, 0.18282723688639446, 0.005958766818706314, 0.17978080809618874, 0.023135927171413804, 0.06409661342954909, 1.0, -0.04079220195529796, 0.13850745435771172, 0.11097860983872791, 0.7527149596367391, -0.0748205256866648, 0.05172925044281061, 0.042676469009061614], [0.9766028041864023, 0.9674113636643409, 0.9766028041864023, 0.9883572906912337, 0.9883572906912337, 0.9318218226224823, 0.9318218226224823, 0.836916010637873, 0.836916010637873, 0.9385521160625333, 0.9954471028812523, 0.9457806044401921, 0.9854487211919095, 0.9796447518222594, 0.9953390903942678, 0.9432877025437958, 0.9867433118922438, 0.8724146118071903, 0.7249058740623044, -0.04079220195529796, 1.0, -0.01759109887337366, -0.0803944451857359, -0.3152546751690492, 0.6888478357043156, 0.9222077439612762, 0.8902917359490381], [0.054000693178207555, -0.10513546555381031, 0.054000693178207555, 0.07328196167707977, 0.07328196167707977, 0.23912618425070717, 0.23912618425070717, 0.493134870411338, 0.493134870411338, 0.790528775958967, 0.8446044708711596, 0.48595585965075844, 0.8703804251447858, 0.8796684989213808, 0.8438190492696693, 0.5663469181578947, 0.8134544592969833, 0.502767300763602, -0.4432197165401185, 0.13850745435771172, -0.01759109887337366, 1.0, -0.42039496772390295, 0.7811592378465636, 0.35932949145489834, -0.06850773694616101, 0.24551659906953568], [0.012177214070709196, 0.020769293317181855, 0.012177214070709196, -0.017502685992881573, -0.017502685992881573, -0.19638524431825827, -0.19638524431825827, -0.21998150652740128, -0.21998150652740128, -0.32650585294067963, -0.4049766426736409, -0.1992365923902481, -0.5969990578625906, -0.8145300081568886, -0.40146894709679604, -0.3295370160637154, -0.38684325819881543, -0.11789551772212986, 0.3994608329627205, 0.11097860983872791, -0.0803944451857359, -0.42039496772390295, 1.0, -0.0522143676241981, -0.12233389399343995, -0.02111783003363741, -0.22935342283369844], [-0.2506941431281301, -0.2509407999059724, -0.2506941431281301, -0.25456924462703, -0.25456924462703, -0.10361700136985626, -0.10361700136985626, 0.03925209344040476, 0.03925209344040476, 0.3959370140469031, 0.3802277956129177, -0.26298281757968217, 0.45837408564554916, 0.507710231766079, 0.379058308644412, -0.15749584705001174, 0.39050142804827204, -0.19933909831690663, -0.6623034073380416, 0.7527149596367391, -0.3152546751690492, 0.7811592378465636, -0.0522143676241981, 1.0, -0.09706392815643992, -0.30283007729023786, -0.0466380671548461], [0.8247763975079576, 0.6477310710398974, 0.8247763975079576, 0.8262764126438337, 0.8262764126438337, 0.8962343055464367, 0.8962343055464367, 0.7841684047476833, 0.7841684047476833, 0.8637438941220611, 0.8716018862160474, 0.8702405054073246, 0.8519641745876216, 0.8106417119055243, 0.8713949125909971, 0.9093242450632122, 0.9032692511377208, 0.8217246806704959, 0.32967147298364263, -0.0748205256866648, 0.6888478357043156, 0.35932949145489834, -0.12233389399343995, -0.09706392815643992, 1.0, 0.6155377272484234, 0.8456967683887876], [0.9509280099757947, 0.9510218529069805, 0.9509280099757947, 0.9413888788121658, 0.9413888788121658, 0.9106227789485967, 0.9106227789485967, 0.8011319050037258, 0.8011319050037258, 0.8605158785320015, 0.9154380183379123, 0.8908304623001085, 0.9332280084546896, 0.9393791098207851, 0.913795692591423, 0.9238733356712266, 0.931282232817275, 0.8404829382343026, 0.8038431889069206, 0.05172925044281061, 0.9222077439612762, -0.06850773694616101, -0.02111783003363741, -0.30283007729023786, 0.6155377272484234, 1.0, 0.8255148945996219], [0.9022458340643136, 0.8735113763678255, 0.9022458340643136, 0.907284150839077, 0.907284150839077, 0.9231154181073841, 0.9231154181073841, 0.8586328107584157, 0.8586328107584157, 0.8972645395770821, 0.9393254986643467, 0.8701678317113026, 0.9565618978380311, 0.9543356461252921, 0.9381369401447422, 0.918429385259779, 0.9430671398062251, 0.8281979780857958, 0.4779211740371461, 0.042676469009061614, 0.8902917359490381, 0.24551659906953568, -0.22935342283369844, -0.0466380671548461, 0.8456967683887876, 0.8255148945996219, 1.0]], "x": ["^TAIEX       \u81fa\u7063\u52a0\u6b0a\u5831\u916c\u6307\u6578", "^TWII        \u81fa\u7063\u52a0\u6b0a\u6307\u6578", "^TAIEXx2     \u81fa\u7063\u52a0\u6b0a\u5831\u916c\u6307\u6578_\u65e5\u6b632", "^TAI50I      \u81fa\u706350\u5831\u916c\u6307\u6578", "^TAI50Ix2    \u81fa\u706350\u5831\u916c\u6307\u6578_\u65e5\u6b632", "^TAI100I     \u81fa\u7063\u4e2d\u578b100\u5831\u916c\u6307\u6578", "^TAI100Ix2   \u81fa\u7063\u4e2d\u578b100\u5831\u916c\u6307\u6578_\u65e5\u6b632", "^TAIDIVIDI   \u81fa\u7063\u9ad8\u80a1\u606f\u5831\u916c\u6307\u6578", "^TAIDIVIDIx2 \u81fa\u7063\u9ad8\u80a1\u606f\u5831\u916c\u6307\u6578_\u65e5\u6b632", "0050         \u5143\u5927\u53f0\u7063\u5353\u8d8a50\u57fa\u91d1", "006208       \u5bcc\u90a6\u53f0\u7063\u91c6\u540950\u57fa\u91d1", "0050         \u5143\u5927\u81fa\u706350", "00631L       \u5143\u5927\u53f0\u706350\u6b632", "00675L       \u5bcc\u90a6\u81fa\u7063\u52a0\u6b0a\u6b632", "006208       \u5bcc\u90a6\u53f050", "0051         \u5143\u5927\u4e2d\u578b100", "006204       \u6c38\u8c50\u81fa\u7063\u52a0\u6b0a", "0056         \u5143\u5927\u9ad8\u80a1\u606f", "2412         \u4e2d\u83ef\u96fb\u4fe1", "2002         \u4e2d\u92fc", "2330         \u53f0\u7a4d\u96fb", "2317         \u9d3b\u6d77", "6505         \u53f0\u5851\u77f3\u5316", "3481         \u7fa4\u5275", "2303         \u806f\u96fb", "2308         \u53f0\u9054\u96fb", "2454         \u806f\u767c\u79d1"], "y": ["^TAIEX       \u81fa\u7063\u52a0\u6b0a\u5831\u916c\u6307\u6578", "^TWII        \u81fa\u7063\u52a0\u6b0a\u6307\u6578", "^TAIEXx2     \u81fa\u7063\u52a0\u6b0a\u5831\u916c\u6307\u6578_\u65e5\u6b632", "^TAI50I      \u81fa\u706350\u5831\u916c\u6307\u6578", "^TAI50Ix2    \u81fa\u706350\u5831\u916c\u6307\u6578_\u65e5\u6b632", "^TAI100I     \u81fa\u7063\u4e2d\u578b100\u5831\u916c\u6307\u6578", "^TAI100Ix2   \u81fa\u7063\u4e2d\u578b100\u5831\u916c\u6307\u6578_\u65e5\u6b632", "^TAIDIVIDI   \u81fa\u7063\u9ad8\u80a1\u606f\u5831\u916c\u6307\u6578", "^TAIDIVIDIx2 \u81fa\u7063\u9ad8\u80a1\u606f\u5831\u916c\u6307\u6578_\u65e5\u6b632", "0050         \u5143\u5927\u53f0\u7063\u5353\u8d8a50\u57fa\u91d1", "006208       \u5bcc\u90a6\u53f0\u7063\u91c6\u540950\u57fa\u91d1", "0050         \u5143\u5927\u81fa\u706350", "00631L       \u5143\u5927\u53f0\u706350\u6b632", "00675L       \u5bcc\u90a6\u81fa\u7063\u52a0\u6b0a\u6b632", "006208       \u5bcc\u90a6\u53f050", "0051         \u5143\u5927\u4e2d\u578b100", "006204       \u6c38\u8c50\u81fa\u7063\u52a0\u6b0a", "0056         \u5143\u5927\u9ad8\u80a1\u606f", "2412         \u4e2d\u83ef\u96fb\u4fe1", "2002         \u4e2d\u92fc", "2330         \u53f0\u7a4d\u96fb", "2317         \u9d3b\u6d77", "6505         \u53f0\u5851\u77f3\u5316", "3481         \u7fa4\u5275", "2303         \u806f\u96fb", "2308         \u53f0\u9054\u96fb", "2454         \u806f\u767c\u79d1"], "zmin": -1, "zmax": 1, "colorbar": {"x": -0.2}}], "layout": {"autotypenumbers": "strict", "colorway": ["#636efa", "#EF553B", "#00cc96", "#ab63fa", "#FFA15A", "#19d3f3", "#FF6692", "#B6E880", "#FF97FF", "#FECB52"], "font": {"color": "#f2f5fa", "family": "Courier New"}, "hovermode": "closest", "hoverlabel": {"align": "left"}, "paper_bgcolor": "rgb(17,17,17)", "plot_bgcolor": "rgb(17,17,17)", "polar": {"bgcolor": "rgb(17,17,17)", "angularaxis": {"gridcolor": "#506784", "linecolor": "#506784", "ticks": ""}, "radialaxis": {"gridcolor": "#506784", "linecolor": "#506784", "ticks": ""}}, "ternary": {"bgcolor": "rgb(17,17,17)", "aaxis": {"gridcolor": "#506784", "linecolor": "#506784", "ticks": ""}, "baxis": {"gridcolor": "#506784", "linecolor": "#506784", "ticks": ""}, "caxis": {"gridcolor": "#506784", "linecolor": "#506784", "ticks": ""}}, "coloraxis": {"colorbar": {"outlinewidth": 0, "ticks": ""}}, "colorscale": {"sequential": [[0.0, "#0d0887"], [0.1111111111111111, "#46039f"], [0.2222222222222222, "#7201a8"], [0.3333333333333333, "#9c179e"], [0.4444444444444444, "#bd3786"], [0.5555555555555556, "#d8576b"], [0.6666666666666666, "#ed7953"], [0.7777777777777778, "#fb9f3a"], [0.8888888888888888, "#fdca26"], [1.0, "#f0f921"]], "sequentialminus": [[0.0, "#0d0887"], [0.1111111111111111, "#46039f"], [0.2222222222222222, "#7201a8"], [0.3333333333333333, "#9c179e"], [0.4444444444444444, "#bd3786"], [0.5555555555555556, "#d8576b"], [0.6666666666666666, "#ed7953"], [0.7777777777777778, "#fb9f3a"], [0.8888888888888888, "#fdca26"], [1.0, "#f0f921"]], "diverging": [[0, "#8e0152"], [0.1, "#c51b7d"], [0.2, "#de77ae"], [0.3, "#f1b6da"], [0.4, "#fde0ef"], [0.5, "#f7f7f7"], [0.6, "#e6f5d0"], [0.7, "#b8e186"], [0.8, "#7fbc41"], [0.9, "#4d9221"], [1, "#276419"]]}, "xaxis": {"gridcolor": "rgba(0, 0, 0, 0)", "linecolor": "#506784", "ticks": "", "title": {"standoff": 15}, "zerolinecolor": "#283442", "automargin": true, "zerolinewidth": 2, "tickfont": {"family": "Courier New", "size": 14}, "side": "top", "tickangle": -90}, "yaxis": {"gridcolor": "rgba(0, 0, 0, 0)", "linecolor": "#506784", "ticks": "", "title": {"standoff": 15}, "zerolinecolor": "#283442", "automargin": true, "zerolinewidth": 2, "tickfont": {"family": "Courier New"}, "side": "right"}, "scene": {"xaxis": {"backgroundcolor": "rgb(17,17,17)", "gridcolor": "#506784", "linecolor": "#506784", "showbackground": true, "ticks": "", "zerolinecolor": "#C8D4E3", "gridwidth": 2}, "yaxis": {"backgroundcolor": "rgb(17,17,17)", "gridcolor": "#506784", "linecolor": "#506784", "showbackground": true, "ticks": "", "zerolinecolor": "#C8D4E3", "gridwidth": 2}, "zaxis": {"backgroundcolor": "rgb(17,17,17)", "gridcolor": "#506784", "linecolor": "#506784", "showbackground": true, "ticks": "", "zerolinecolor": "#C8D4E3", "gridwidth": 2}}, "shapedefaults": {"line": {"color": "#f2f5fa"}}, "annotationdefaults": {"arrowcolor": "#f2f5fa", "arrowhead": 0, "arrowwidth": 1}, "geo": {"bgcolor": "rgb(17,17,17)", "landcolor": "rgb(17,17,17)", "subunitcolor": "#506784", "showland": true, "showlakes": true, "lakecolor": "rgb(17,17,17)"}, "title": {"x": 0.05, "font": {"family": "Times New Roman"}, "y": 0.05, "text": "<b>Correlation of Close<b><br><i>2016/09/23 ~ 2025/07/14<i>"}, "updatemenudefaults": {"bgcolor": "#506784", "borderwidth": 0}, "sliderdefaults": {"bgcolor": "#C8D4E3", "borderwidth": 1, "bordercolor": "rgb(17,17,17)", "tickwidth": 0}, "mapbox": {"style": "dark"}, "height": 600}};

Plotly.newPlot("correlationClose",
    correlationClose.data,
    correlationClose.layout || {},
    config);