var correlationAdjClose = {"data": [{"type": "heatmap", "z": [[1.0, 0.9939071890152377, 0.9766952802915785, 0.9976914743641001, 0.9648843667311033, 0.981211110988129, -0.9420426253150965, 0.9898872148078596, 0.9695689763128432, 0.9972668938018889, 0.9972618429350395, 0.6749516344829564, 0.993085213361167, 0.9938081223952331, 0.9972417790617237, 0.983819362864547, 0.9996614240928597, 0.9899336426747581, 0.9197258380795479, 0.744568593731211, 0.9854282791953961, 0.9197914577136083, 0.45168161106483096, -0.3031344383530712, 0.9010393779374314, 0.9743510775387568, 0.9539182588238719, 0.9798826562294422, 0.9632264447521681, 0.9757764783947437, 0.9717347140577685, 0.94528514966375, 0.9794004030905296, 0.9697355613333093, 0.9549403809530018], [0.9939071890152377, 1.0, 0.9720801404410304, 0.9913016134484294, 0.9604438639506052, 0.9765453615724152, -0.9373152138860664, 0.98060000761019, 0.9625531399814921, 0.995424929310226, 0.9952770518875884, 0.6652551384347328, 0.9921879714164511, 0.9914077897165857, 0.9951786841585226, 0.9776412061250428, 0.9966080130660757, 0.983413056279648, 0.9086349097399338, 0.7548430273269476, 0.9668525195797152, 0.899052701226374, 0.45000433636448384, -0.2267443467854674, 0.8745936872196836, 0.9619140797255448, 0.9536266746881827, 0.9574364984136762, 0.9490249691115895, 0.9654363715975052, 0.9556150863175158, 0.9429868515627149, 0.9680972011925025, 0.9609630452295396, 0.9483722196336306], [0.9766952802915785, 0.9720801404410304, 1.0, 0.9826838116973706, 0.9961272176063758, 0.9790815683905739, -0.9755737801069286, 0.9700621407051644, 0.9837994928764708, 0.9884091113782076, 0.9891423700898733, 0.7123135927001395, 0.9971102232192772, 0.9969461631060945, 0.988897231841756, 0.9778399738733385, 0.9876573661256111, 0.969982477597939, 0.8263043886872875, 0.6348432474932995, 0.9899776529709506, 0.9102511605725907, 0.2866251804910612, -0.2255634806108639, 0.9076662609273536, 0.942706130330088, 0.9790066368807986, 0.9292363575017121, 0.9099122106671231, 0.9630522994203361, 0.9192893235140457, 0.9067647009380222, 0.9659969355851749, 0.9735822208943816, 0.9251301561685525], [0.9976914743641001, 0.9913016134484294, 0.9826838116973706, 1.0, 0.9762819009971784, 0.9734904258696102, -0.9367981200556564, 0.9843384297987897, 0.9670068858888505, 0.9999704104171648, 0.9999890568009898, 0.6889509909519869, 0.9913941406442859, 0.9894868497923783, 0.9999431326250727, 0.973507472903234, 0.9960788738597822, 0.9842277866416101, 0.9060835808183887, 0.7151539570667017, 0.9932491073819294, 0.9211519996308214, 0.42843186488766744, -0.2946776351267386, 0.8996077851768307, 0.9688694770825971, 0.960113862742675, 0.9708985859736604, 0.9604016021584167, 0.9773839660628469, 0.9621010269582936, 0.9344517840639317, 0.9773924558998319, 0.9683596900241856, 0.9470533173074165], [0.9648843667311033, 0.9604438639506052, 0.9961272176063758, 0.9762819009971784, 1.0, 0.9590789624156876, -0.9572853752440703, 0.9554312664073044, 0.9717851262693917, 0.98480769494183, 0.9855729193083851, 0.7290377181515159, 0.9869030692821905, 0.9832610783518677, 0.9852552539165976, 0.9568599865906221, 0.9761150157487152, 0.9552847421032957, 0.8063378904853268, 0.6002796914019822, 0.9893571166656294, 0.9064906188923115, 0.263423702536738, -0.21886435173406926, 0.8899832321921818, 0.9284354620136707, 0.9768759813588409, 0.9093332692105751, 0.89640478024536, 0.9565714830923489, 0.8981124853008459, 0.8812055097006742, 0.956100944024577, 0.9623068841386366, 0.9025474703623536], [0.981211110988129, 0.9765453615724152, 0.9790815683905739, 0.9734904258696102, 0.9590789624156876, 1.0, -0.980517601148955, 0.9802486219416324, 0.9795689719663924, 0.9687281553655728, 0.969106558759512, 0.6794094459309858, 0.9769438253998686, 0.9749236705040965, 0.9688499261758734, 0.9999089647824684, 0.9859667927272954, 0.9813591202330353, 0.8600723340794221, 0.7109676698782945, 0.9672449214518173, 0.8900365792360673, 0.3166876853349313, -0.21404697822707835, 0.9366068463950117, 0.9568087432269571, 0.9592095463562609, 0.9567117407304672, 0.9262423815698271, 0.9522289125954279, 0.9507765053073927, 0.9544071955929877, 0.9559930449034094, 0.976026333329513, 0.9553531015652481], [-0.9420426253150965, -0.9373152138860664, -0.9755737801069286, -0.9367981200556564, -0.9572853752440703, -0.980517601148955, 1.0, -0.9509795592806933, -0.9831454108820157, -0.9474673838467377, -0.9487296241172585, -0.6922347711118814, -0.9738205800152896, -0.975627251882069, -0.948315408235209, -0.9837361591376973, -0.9639794990134756, -0.9540451703443896, -0.7718437987450809, -0.6089030171969032, -0.9422895575969076, -0.880128098426775, -0.17375598009121673, 0.14794440569688247, -0.9047314200814544, -0.9130904494216115, -0.9567171285593622, -0.8973446307703737, -0.8555224102585608, -0.9238346422243716, -0.88874966483503, -0.9082980448701169, -0.9240905831577062, -0.962920273213185, -0.9092210812796071], [0.9898872148078596, 0.98060000761019, 0.9700621407051644, 0.9843384297987897, 0.9554312664073044, 0.9802486219416324, -0.9509795592806933, 1.0, 0.982202176139495, 0.9800166799364373, 0.9799805253612534, 0.6660755211074691, 0.9756185380188633, 0.9745483383890079, 0.9799441187585302, 0.9822270420679418, 0.9874656800339957, 0.999869557217218, 0.9223889818393741, 0.6794631459087197, 0.9739817056453279, 0.8936202039374311, 0.3109700603690284, -0.3110798094737323, 0.9053201865377452, 0.9557657867413143, 0.9368620922086863, 0.9772681013168769, 0.9515870425591283, 0.969314350439984, 0.9620225077009236, 0.9349407399162112, 0.9584524532100108, 0.9566547203637431, 0.9655665394181631], [0.9695689763128432, 0.9625531399814921, 0.9837994928764708, 0.9670068858888505, 0.9717851262693917, 0.9795689719663924, -0.9831454108820157, 0.982202176139495, 1.0, 0.962572764765564, 0.96326667290775, 0.6939403043069434, 0.9725313577431587, 0.9695675503866652, 0.9629834850129532, 0.9787180198663764, 0.9696466977770198, 0.9815249650745178, 0.8482164294256106, 0.6043843177374133, 0.9671693711091413, 0.9045637017722619, 0.16786686583963578, -0.22933023735129093, 0.8868181467492859, 0.932262987963614, 0.9593947659507877, 0.9320215159313862, 0.8929136718129754, 0.9561196179590112, 0.9147638409501085, 0.9019917771946881, 0.9440600783143552, 0.9686423219958006, 0.923095397776188], [0.9972668938018889, 0.995424929310226, 0.9884091113782076, 0.9999704104171648, 0.98480769494183, 0.9687281553655728, -0.9474673838467377, 0.9800166799364373, 0.962572764765564, 1.0, 0.999987238527743, 0.7122600199149797, 0.9912183016473574, 0.9892741496713037, 0.9999473713634831, 0.9693847524260175, 0.9956562012770219, 0.9810917515373084, 0.9298859658519955, 0.6432275515683876, 0.9966601623885173, 0.8980070235754206, -0.0005317395516468295, 0.44444501021680877, 0.9183736904001764, 0.9530157044016788, 0.9653670151301963, 0.9614284566452808, 0.9416045292398392, 0.9649777775369451, 0.9411174931929206, 0.9208394943653092, 0.9642795555439745, 0.9798943905080525, 0.9449235496098749], [0.9972618429350395, 0.9952770518875884, 0.9891423700898733, 0.9999890568009898, 0.9855729193083851, 0.969106558759512, -0.9487296241172585, 0.9799805253612534, 0.96326667290775, 0.999987238527743, 1.0, 0.7153851840327394, 0.9914138051950752, 0.9894639861301185, 0.9999525237973511, 0.9697373915692108, 0.9957132925594377, 0.9810254364251901, 0.9290159954442263, 0.6396348302050089, 0.996955036152004, 0.8972144921305937, -0.01545754994959548, 0.44009669065231705, 0.9177172138369319, 0.9528534392601771, 0.9662783186886342, 0.9609107890792922, 0.9402536681000669, 0.9650739874312537, 0.940055963849431, 0.9195675327270044, 0.964468310708189, 0.9804461699590358, 0.9442433694186583], [0.6749516344829564, 0.6652551384347328, 0.7123135927001395, 0.6889509909519869, 0.7290377181515159, 0.6794094459309858, -0.6922347711118814, 0.6660755211074691, 0.6939403043069434, 0.7122600199149797, 0.7153851840327394, 1.0, 0.7038270748955204, 0.6701233999351555, 0.711149175244315, 0.6709700031671273, 0.6897130230953334, 0.6602668110975637, 0.5503064118680757, 0.32157038174376756, 0.7100521144316382, 0.6203813654006249, -0.1498999600323027, -0.023016261078670067, 0.598460925096059, 0.66699143894898, 0.7155248533450824, 0.6220978925777177, 0.6061893268349473, 0.7089657980359007, 0.6081203497873007, 0.600970802135559, 0.6729703072487289, 0.7153442456385593, 0.5832732257226062], [0.993085213361167, 0.9921879714164511, 0.9971102232192772, 0.9913941406442859, 0.9869030692821905, 0.9769438253998686, -0.9738205800152896, 0.9756185380188633, 0.9725313577431587, 0.9912183016473574, 0.9914138051950752, 0.7038270748955204, 1.0, 0.9996761604017972, 0.9913203474504607, 0.9778566694397582, 0.9934364873497252, 0.9770524437735406, 0.9100538141335677, 0.5811861193187194, 0.98616790413935, 0.8896227645759792, -0.3037682333810198, 0.4663688181224763, 0.907857018908477, 0.9533537652488144, 0.9771985918293437, 0.9432548548377526, 0.9017087969391143, 0.946326478545943, 0.9129770689226351, 0.8892927291076292, 0.9624988902025433, 0.9793214682309739, 0.9360348109307259], [0.9938081223952331, 0.9914077897165857, 0.9969461631060945, 0.9894868497923783, 0.9832610783518677, 0.9749236705040965, -0.975627251882069, 0.9745483383890079, 0.9695675503866652, 0.9892741496713037, 0.9894639861301185, 0.6701233999351555, 0.9996761604017972, 1.0, 0.9894738838806375, 0.975921310539319, 0.9939771645009313, 0.9762461695357475, 0.9174850674669917, 0.46397960453957604, 0.9809613747213642, 0.8781846491123556, -0.7009378793034862, 0.44543233645941677, 0.8810688962089908, 0.9501662210891751, 0.976536080485092, 0.9353544319857162, 0.8834130018821783, 0.937317051438107, 0.9096021329616694, 0.8673194651763989, 0.9646994188729847, 0.9775261101956434, 0.9284591100651254], [0.9972417790617237, 0.9951786841585226, 0.988897231841756, 0.9999431326250727, 0.9852552539165976, 0.9688499261758734, -0.948315408235209, 0.9799441187585302, 0.9629834850129532, 0.9999473713634831, 0.9999525237973511, 0.711149175244315, 0.9913203474504607, 0.9894738838806375, 1.0, 0.9694956558768432, 0.9956627792539336, 0.9810373986349554, 0.9297399028805299, 0.6393125095903741, 0.9967996932236013, 0.897439042379307, -0.013934648678660476, 0.43909916956405987, 0.9173337026859751, 0.9520992589518158, 0.9656376166464078, 0.9612112012990839, 0.9408915165116535, 0.9651261745231177, 0.9407004926707749, 0.9200479044073003, 0.9643514469067225, 0.9802825279996893, 0.9445940164405026], [0.983819362864547, 0.9776412061250428, 0.9778399738733385, 0.973507472903234, 0.9568599865906221, 0.9999089647824684, -0.9837361591376973, 0.9822270420679418, 0.9787180198663764, 0.9693847524260175, 0.9697373915692108, 0.6709700031671273, 0.9778566694397582, 0.975921310539319, 0.9694956558768432, 1.0, 0.9864724568197512, 0.9815166640546533, 0.8838844755141231, 0.7114760128591239, 0.9659350745223725, 0.8857167254612537, 0.1882854281592117, -0.1922328271503273, 0.9452275367824662, 0.9591551999278837, 0.9560736114561951, 0.9601648744783804, 0.9232072916852795, 0.9491576009236589, 0.9517008438225675, 0.9537720162378662, 0.9586896704264846, 0.9756419429141875, 0.9602514847292682], [0.9996614240928597, 0.9966080130660757, 0.9876573661256111, 0.9960788738597822, 0.9761150157487152, 0.9859667927272954, -0.9639794990134756, 0.9874656800339957, 0.9696466977770198, 0.9956562012770219, 0.9957132925594377, 0.6897130230953334, 0.9934364873497252, 0.9939771645009313, 0.9956627792539336, 0.9864724568197512, 1.0, 0.9883747137566891, 0.9354034279129857, 0.6800033671622059, 0.988967787296391, 0.8946920941695311, 0.03589699100969354, 0.4569361416349064, 0.9360117220040217, 0.9612463875936641, 0.9639236989979949, 0.9741677979202589, 0.9458662328326739, 0.9644161044580333, 0.9558568133409994, 0.9431761160747099, 0.9705466318060446, 0.9843457754437689, 0.9654326130075576], [0.9899336426747581, 0.983413056279648, 0.969982477597939, 0.9842277866416101, 0.9552847421032957, 0.9813591202330353, -0.9540451703443896, 0.999869557217218, 0.9815249650745178, 0.9810917515373084, 0.9810254364251901, 0.6602668110975637, 0.9770524437735406, 0.9762461695357475, 0.9810373986349554, 0.9815166640546533, 0.9883747137566891, 1.0, 0.9287372171648747, 0.6780146415152313, 0.9730241862475074, 0.8988101932494884, 0.2775690962308226, -0.29190125884655216, 0.910858418839063, 0.9546066257820462, 0.936968774015868, 0.9777448809778273, 0.9509945589839999, 0.9678683707285978, 0.9604730000278534, 0.9348123779478195, 0.9578191524851746, 0.9545649752166292, 0.9668109985104582], [0.9197258380795479, 0.9086349097399338, 0.8263043886872875, 0.9060835808183887, 0.8063378904853268, 0.8600723340794221, -0.7718437987450809, 0.9223889818393741, 0.8482164294256106, 0.9298859658519955, 0.9290159954442263, 0.5503064118680757, 0.9100538141335677, 0.9174850674669917, 0.9297399028805299, 0.8838844755141231, 0.9354034279129857, 0.9287372171648747, 1.0, 0.8430416693520986, 0.8574674715762731, 0.8717129262148264, 0.6971261566591828, -0.533487371093944, 0.6946438667323015, 0.9166138839554182, 0.7984979716635537, 0.9569946484556016, 0.9346224975388602, 0.9022145891752932, 0.9430063430281103, 0.892328089901853, 0.8970124651709714, 0.8444184002520883, 0.8771906376933535], [0.744568593731211, 0.7548430273269476, 0.6348432474932995, 0.7151539570667017, 0.6002796914019822, 0.7109676698782945, -0.6089030171969032, 0.6794631459087197, 0.6043843177374133, 0.6432275515683876, 0.6396348302050089, 0.32157038174376756, 0.5811861193187194, 0.46397960453957604, 0.6393125095903741, 0.7114760128591239, 0.6800033671622059, 0.6780146415152313, 0.8430416693520986, 1.0, 0.6373274145287422, 0.7501428430666599, 0.7324652924561234, -0.11634159794927657, 0.5378135043003461, 0.7569868061021002, 0.6414344656460574, 0.7946036326384487, 0.7311298887745628, 0.6735053353301008, 0.7671025839517425, 0.7685327738123455, 0.7017630023610246, 0.6687280855651772, 0.7029309039929211], [0.9854282791953961, 0.9668525195797152, 0.9899776529709506, 0.9932491073819294, 0.9893571166656294, 0.9672449214518173, -0.9422895575969076, 0.9739817056453279, 0.9671693711091413, 0.9966601623885173, 0.996955036152004, 0.7100521144316382, 0.98616790413935, 0.9809613747213642, 0.9967996932236013, 0.9659350745223725, 0.988967787296391, 0.9730241862475074, 0.8574674715762731, 0.6373274145287422, 1.0, 0.8918964692726045, 0.35485833166158276, -0.2887358636344828, 0.8867592867691589, 0.9516807548678995, 0.9694139801512374, 0.9396860918422144, 0.9431765287044809, 0.968251411779825, 0.9400896097474991, 0.9105902041731506, 0.9677104727575161, 0.9547127269381748, 0.9292320872335176], [0.9197914577136083, 0.899052701226374, 0.9102511605725907, 0.9211519996308214, 0.9064906188923115, 0.8900365792360673, -0.880128098426775, 0.8936202039374311, 0.9045637017722619, 0.8980070235754206, 0.8972144921305937, 0.6203813654006249, 0.8896227645759792, 0.8781846491123556, 0.897439042379307, 0.8857167254612537, 0.8946920941695311, 0.8988101932494884, 0.8717129262148264, 0.7501428430666599, 0.8918964692726045, 1.0, 0.4008724349936737, -0.18659726712182348, 0.6966484759888069, 0.9166353025940449, 0.8822158620254028, 0.8950063390767071, 0.8422387495677075, 0.9203662692002609, 0.8638104646275938, 0.8385066838091467, 0.9182291013240191, 0.8631133512956929, 0.8459219409173468], [0.45168161106483096, 0.45000433636448384, 0.2866251804910612, 0.42843186488766744, 0.263423702536738, 0.3166876853349313, -0.17375598009121673, 0.3109700603690284, 0.16786686583963578, -0.0005317395516468295, -0.01545754994959548, -0.1498999600323027, -0.3037682333810198, -0.7009378793034862, -0.013934648678660476, 0.1882854281592117, 0.03589699100969354, 0.2775690962308226, 0.6971261566591828, 0.7324652924561234, 0.35485833166158276, 0.4008724349936737, 1.0, -0.397835174413766, 0.298377754553135, 0.43388243815803, 0.23265925003605908, 0.526681099034635, 0.5265688016908715, 0.3914055580616695, 0.5438019062436138, 0.45171503572572963, 0.4045024174657708, 0.3231526974098128, 0.4261092392190015], [-0.3031344383530712, -0.2267443467854674, -0.2255634806108639, -0.2946776351267386, -0.21886435173406926, -0.21404697822707835, 0.14794440569688247, -0.3110798094737323, -0.22933023735129093, 0.44444501021680877, 0.44009669065231705, -0.023016261078670067, 0.4663688181224763, 0.44543233645941677, 0.43909916956405987, -0.1922328271503273, 0.4569361416349064, -0.29190125884655216, -0.533487371093944, -0.11634159794927657, -0.2887358636344828, -0.18659726712182348, -0.397835174413766, 1.0, -0.14624123046921841, -0.3329715748243874, -0.1738658590665013, -0.38991737206992655, -0.38009001611690113, -0.32800475818392044, -0.3455060122193143, -0.20109889439667653, -0.3508412756911567, -0.1762056605799017, -0.3152858173889246], [0.9010393779374314, 0.8745936872196836, 0.9076662609273536, 0.8996077851768307, 0.8899832321921818, 0.9366068463950117, -0.9047314200814544, 0.9053201865377452, 0.8868181467492859, 0.9183736904001764, 0.9177172138369319, 0.598460925096059, 0.907857018908477, 0.8810688962089908, 0.9173337026859751, 0.9452275367824662, 0.9360117220040217, 0.910858418839063, 0.6946438667323015, 0.5378135043003461, 0.8867592867691589, 0.6966484759888069, 0.298377754553135, -0.14624123046921841, 1.0, 0.8360104998306991, 0.885844738228589, 0.8081618212700821, 0.8576491733390439, 0.8280790282387883, 0.8648875015239802, 0.8584574991864483, 0.8558901750848167, 0.8658528587059805, 0.8930892816288716], [0.9743510775387568, 0.9619140797255448, 0.942706130330088, 0.9688694770825971, 0.9284354620136707, 0.9568087432269571, -0.9130904494216115, 0.9557657867413143, 0.932262987963614, 0.9530157044016788, 0.9528534392601771, 0.66699143894898, 0.9533537652488144, 0.9501662210891751, 0.9520992589518158, 0.9591551999278837, 0.9612463875936641, 0.9546066257820462, 0.9166138839554182, 0.7569868061021002, 0.9516807548678995, 0.9166353025940449, 0.43388243815803, -0.3329715748243874, 0.8360104998306991, 1.0, 0.9318347251094963, 0.9606041795518336, 0.9342969776031799, 0.9421546122614949, 0.9443215470380861, 0.9170756031150119, 0.9634199471783328, 0.926015559076487, 0.925006937866666], [0.9539182588238719, 0.9536266746881827, 0.9790066368807986, 0.960113862742675, 0.9768759813588409, 0.9592095463562609, -0.9567171285593622, 0.9368620922086863, 0.9593947659507877, 0.9653670151301963, 0.9662783186886342, 0.7155248533450824, 0.9771985918293437, 0.976536080485092, 0.9656376166464078, 0.9560736114561951, 0.9639236989979949, 0.936968774015868, 0.7984979716635537, 0.6414344656460574, 0.9694139801512374, 0.8822158620254028, 0.23265925003605908, -0.1738658590665013, 0.885844738228589, 0.9318347251094963, 1.0, 0.9018964124763844, 0.8790491220836225, 0.9354595156800966, 0.882038741554899, 0.8831889405126121, 0.942703222489398, 0.9702618870292369, 0.8839371949468157], [0.9798826562294422, 0.9574364984136762, 0.9292363575017121, 0.9708985859736604, 0.9093332692105751, 0.9567117407304672, -0.8973446307703737, 0.9772681013168769, 0.9320215159313862, 0.9614284566452808, 0.9609107890792922, 0.6220978925777177, 0.9432548548377526, 0.9353544319857162, 0.9612112012990839, 0.9601648744783804, 0.9741677979202589, 0.9777448809778273, 0.9569946484556016, 0.7946036326384487, 0.9396860918422144, 0.8950063390767071, 0.526681099034635, -0.38991737206992655, 0.8081618212700821, 0.9606041795518336, 0.9018964124763844, 1.0, 0.9853513577291113, 0.965975727810302, 0.9895141116966454, 0.9510299106646799, 0.9577543570940463, 0.9119000543339751, 0.9661348930616895], [0.9632264447521681, 0.9490249691115895, 0.9099122106671231, 0.9604016021584167, 0.89640478024536, 0.9262423815698271, -0.8555224102585608, 0.9515870425591283, 0.8929136718129754, 0.9416045292398392, 0.9402536681000669, 0.6061893268349473, 0.9017087969391143, 0.8834130018821783, 0.9408915165116535, 0.9232072916852795, 0.9458662328326739, 0.9509945589839999, 0.9346224975388602, 0.7311298887745628, 0.9431765287044809, 0.8422387495677075, 0.5265688016908715, -0.38009001611690113, 0.8576491733390439, 0.9342969776031799, 0.8790491220836225, 0.9853513577291113, 1.0, 0.9491814331252961, 0.9827349783198979, 0.9545529983866434, 0.9331861421820764, 0.9152992935152081, 0.9617969227992019], [0.9757764783947437, 0.9654363715975052, 0.9630522994203361, 0.9773839660628469, 0.9565714830923489, 0.9522289125954279, -0.9238346422243716, 0.969314350439984, 0.9561196179590112, 0.9649777775369451, 0.9650739874312537, 0.7089657980359007, 0.946326478545943, 0.937317051438107, 0.9651261745231177, 0.9491576009236589, 0.9644161044580333, 0.9678683707285978, 0.9022145891752932, 0.6735053353301008, 0.968251411779825, 0.9203662692002609, 0.3914055580616695, -0.32800475818392044, 0.8280790282387883, 0.9421546122614949, 0.9354595156800966, 0.965975727810302, 0.9491814331252961, 1.0, 0.9536710689550195, 0.9179155703364662, 0.9756313035688532, 0.955854673535113, 0.9455994467924893], [0.9717347140577685, 0.9556150863175158, 0.9192893235140457, 0.9621010269582936, 0.8981124853008459, 0.9507765053073927, -0.88874966483503, 0.9620225077009236, 0.9147638409501085, 0.9411174931929206, 0.940055963849431, 0.6081203497873007, 0.9129770689226351, 0.9096021329616694, 0.9407004926707749, 0.9517008438225675, 0.9558568133409994, 0.9604730000278534, 0.9430063430281103, 0.7671025839517425, 0.9400896097474991, 0.8638104646275938, 0.5438019062436138, -0.3455060122193143, 0.8648875015239802, 0.9443215470380861, 0.882038741554899, 0.9895141116966454, 0.9827349783198979, 0.9536710689550195, 1.0, 0.9730005363782175, 0.9417194697109904, 0.9342632293019933, 0.9615379555459248], [0.94528514966375, 0.9429868515627149, 0.9067647009380222, 0.9344517840639317, 0.8812055097006742, 0.9544071955929877, -0.9082980448701169, 0.9349407399162112, 0.9019917771946881, 0.9208394943653092, 0.9195675327270044, 0.600970802135559, 0.8892927291076292, 0.8673194651763989, 0.9200479044073003, 0.9537720162378662, 0.9431761160747099, 0.9348123779478195, 0.892328089901853, 0.7685327738123455, 0.9105902041731506, 0.8385066838091467, 0.45171503572572963, -0.20109889439667653, 0.8584574991864483, 0.9170756031150119, 0.8831889405126121, 0.9510299106646799, 0.9545529983866434, 0.9179155703364662, 0.9730005363782175, 1.0, 0.904427735118339, 0.9324602621587401, 0.9519415366629969], [0.9794004030905296, 0.9680972011925025, 0.9659969355851749, 0.9773924558998319, 0.956100944024577, 0.9559930449034094, -0.9240905831577062, 0.9584524532100108, 0.9440600783143552, 0.9642795555439745, 0.964468310708189, 0.6729703072487289, 0.9624988902025433, 0.9646994188729847, 0.9643514469067225, 0.9586896704264846, 0.9705466318060446, 0.9578191524851746, 0.8970124651709714, 0.7017630023610246, 0.9677104727575161, 0.9182291013240191, 0.4045024174657708, -0.3508412756911567, 0.8558901750848167, 0.9634199471783328, 0.942703222489398, 0.9577543570940463, 0.9331861421820764, 0.9756313035688532, 0.9417194697109904, 0.904427735118339, 1.0, 0.9519722588846954, 0.9404258445817367], [0.9697355613333093, 0.9609630452295396, 0.9735822208943816, 0.9683596900241856, 0.9623068841386366, 0.976026333329513, -0.962920273213185, 0.9566547203637431, 0.9686423219958006, 0.9798943905080525, 0.9804461699590358, 0.7153442456385593, 0.9793214682309739, 0.9775261101956434, 0.9802825279996893, 0.9756419429141875, 0.9843457754437689, 0.9545649752166292, 0.8444184002520883, 0.6687280855651772, 0.9547127269381748, 0.8631133512956929, 0.3231526974098128, -0.1762056605799017, 0.8658528587059805, 0.926015559076487, 0.9702618870292369, 0.9119000543339751, 0.9152992935152081, 0.955854673535113, 0.9342632293019933, 0.9324602621587401, 0.9519722588846954, 1.0, 0.9164851323648111], [0.9549403809530018, 0.9483722196336306, 0.9251301561685525, 0.9470533173074165, 0.9025474703623536, 0.9553531015652481, -0.9092210812796071, 0.9655665394181631, 0.923095397776188, 0.9449235496098749, 0.9442433694186583, 0.5832732257226062, 0.9360348109307259, 0.9284591100651254, 0.9445940164405026, 0.9602514847292682, 0.9654326130075576, 0.9668109985104582, 0.8771906376933535, 0.7029309039929211, 0.9292320872335176, 0.8459219409173468, 0.4261092392190015, -0.3152858173889246, 0.8930892816288716, 0.925006937866666, 0.8839371949468157, 0.9661348930616895, 0.9617969227992019, 0.9455994467924893, 0.9615379555459248, 0.9519415366629969, 0.9404258445817367, 0.9164851323648111, 1.0]], "x": ["^TAIEX       \u81fa\u7063\u52a0\u6b0a\u5831\u916c\u6307\u6578", "^TWII        \u81fa\u7063\u52a0\u6b0a\u6307\u6578", "^TAIEXx2     \u81fa\u7063\u52a0\u6b0a\u5831\u916c\u6307\u6578_\u65e5\u6b632", "^TAI50I      \u81fa\u706350\u5831\u916c\u6307\u6578", "^TAI50Ix2    \u81fa\u706350\u5831\u916c\u6307\u6578_\u65e5\u6b632", "^TAI100I     \u81fa\u7063\u4e2d\u578b100\u5831\u916c\u6307\u6578", "^TAI100Ix2   \u81fa\u7063\u4e2d\u578b100\u5831\u916c\u6307\u6578_\u65e5\u6b632", "^TAIDIVIDI   \u81fa\u7063\u9ad8\u80a1\u606f\u5831\u916c\u6307\u6578", "^TAIDIVIDIx2 \u81fa\u7063\u9ad8\u80a1\u606f\u5831\u916c\u6307\u6578_\u65e5\u6b632", "0050Fund     \u5143\u5927\u53f0\u7063\u5353\u8d8a50\u57fa\u91d1", "006208Fund   \u5bcc\u90a6\u53f0\u7063\u91c6\u540950\u57fa\u91d1", "0050         \u5143\u5927\u81fa\u706350", "00631L       \u5143\u5927\u53f0\u706350\u6b632", "00675L       \u5bcc\u90a6\u81fa\u7063\u52a0\u6b0a\u6b632", "006208       \u5bcc\u90a6\u53f050", "0051         \u5143\u5927\u4e2d\u578b100", "006204       \u6c38\u8c50\u81fa\u7063\u52a0\u6b0a", "0056         \u5143\u5927\u9ad8\u80a1\u606f", "2412         \u4e2d\u83ef\u96fb\u4fe1", "2002         \u4e2d\u92fc", "2330         \u53f0\u7a4d\u96fb", "2317         \u9d3b\u6d77", "6505         \u53f0\u5851\u77f3\u5316", "3481         \u7fa4\u5275", "2303         \u806f\u96fb", "2308         \u53f0\u9054\u96fb", "2454         \u806f\u767c\u79d1", "2886         \u5146\u8c50\u91d1", "2884         \u7389\u5c71\u91d1", "2891         \u4e2d\u4fe1\u91d1", "2892         \u7b2c\u4e00\u91d1", "5880         \u5408\u5eab\u91d1", "2881         \u5bcc\u90a6\u91d1", "2885         \u5143\u5927\u91d1", "2887         \u53f0\u65b0\u91d1"], "y": ["^TAIEX       \u81fa\u7063\u52a0\u6b0a\u5831\u916c\u6307\u6578", "^TWII        \u81fa\u7063\u52a0\u6b0a\u6307\u6578", "^TAIEXx2     \u81fa\u7063\u52a0\u6b0a\u5831\u916c\u6307\u6578_\u65e5\u6b632", "^TAI50I      \u81fa\u706350\u5831\u916c\u6307\u6578", "^TAI50Ix2    \u81fa\u706350\u5831\u916c\u6307\u6578_\u65e5\u6b632", "^TAI100I     \u81fa\u7063\u4e2d\u578b100\u5831\u916c\u6307\u6578", "^TAI100Ix2   \u81fa\u7063\u4e2d\u578b100\u5831\u916c\u6307\u6578_\u65e5\u6b632", "^TAIDIVIDI   \u81fa\u7063\u9ad8\u80a1\u606f\u5831\u916c\u6307\u6578", "^TAIDIVIDIx2 \u81fa\u7063\u9ad8\u80a1\u606f\u5831\u916c\u6307\u6578_\u65e5\u6b632", "0050Fund     \u5143\u5927\u53f0\u7063\u5353\u8d8a50\u57fa\u91d1", "006208Fund   \u5bcc\u90a6\u53f0\u7063\u91c6\u540950\u57fa\u91d1", "0050         \u5143\u5927\u81fa\u706350", "00631L       \u5143\u5927\u53f0\u706350\u6b632", "00675L       \u5bcc\u90a6\u81fa\u7063\u52a0\u6b0a\u6b632", "006208       \u5bcc\u90a6\u53f050", "0051         \u5143\u5927\u4e2d\u578b100", "006204       \u6c38\u8c50\u81fa\u7063\u52a0\u6b0a", "0056         \u5143\u5927\u9ad8\u80a1\u606f", "2412         \u4e2d\u83ef\u96fb\u4fe1", "2002         \u4e2d\u92fc", "2330         \u53f0\u7a4d\u96fb", "2317         \u9d3b\u6d77", "6505         \u53f0\u5851\u77f3\u5316", "3481         \u7fa4\u5275", "2303         \u806f\u96fb", "2308         \u53f0\u9054\u96fb", "2454         \u806f\u767c\u79d1", "2886         \u5146\u8c50\u91d1", "2884         \u7389\u5c71\u91d1", "2891         \u4e2d\u4fe1\u91d1", "2892         \u7b2c\u4e00\u91d1", "5880         \u5408\u5eab\u91d1", "2881         \u5bcc\u90a6\u91d1", "2885         \u5143\u5927\u91d1", "2887         \u53f0\u65b0\u91d1"], "zmin": -1, "zmax": 1, "colorbar": {"x": -0.2}}], "layout": {"autotypenumbers": "strict", "colorway": ["#636efa", "#EF553B", "#00cc96", "#ab63fa", "#FFA15A", "#19d3f3", "#FF6692", "#B6E880", "#FF97FF", "#FECB52"], "font": {"color": "#f2f5fa", "family": "Courier New"}, "hovermode": "closest", "hoverlabel": {"align": "left"}, "paper_bgcolor": "rgb(17,17,17)", "plot_bgcolor": "rgb(17,17,17)", "polar": {"bgcolor": "rgb(17,17,17)", "angularaxis": {"gridcolor": "#506784", "linecolor": "#506784", "ticks": ""}, "radialaxis": {"gridcolor": "#506784", "linecolor": "#506784", "ticks": ""}}, "ternary": {"bgcolor": "rgb(17,17,17)", "aaxis": {"gridcolor": "#506784", "linecolor": "#506784", "ticks": ""}, "baxis": {"gridcolor": "#506784", "linecolor": "#506784", "ticks": ""}, "caxis": {"gridcolor": "#506784", "linecolor": "#506784", "ticks": ""}}, "coloraxis": {"colorbar": {"outlinewidth": 0, "ticks": ""}}, "colorscale": {"sequential": [[0.0, "#0d0887"], [0.1111111111111111, "#46039f"], [0.2222222222222222, "#7201a8"], [0.3333333333333333, "#9c179e"], [0.4444444444444444, "#bd3786"], [0.5555555555555556, "#d8576b"], [0.6666666666666666, "#ed7953"], [0.7777777777777778, "#fb9f3a"], [0.8888888888888888, "#fdca26"], [1.0, "#f0f921"]], "sequentialminus": [[0.0, "#0d0887"], [0.1111111111111111, "#46039f"], [0.2222222222222222, "#7201a8"], [0.3333333333333333, "#9c179e"], [0.4444444444444444, "#bd3786"], [0.5555555555555556, "#d8576b"], [0.6666666666666666, "#ed7953"], [0.7777777777777778, "#fb9f3a"], [0.8888888888888888, "#fdca26"], [1.0, "#f0f921"]], "diverging": [[0, "#8e0152"], [0.1, "#c51b7d"], [0.2, "#de77ae"], [0.3, "#f1b6da"], [0.4, "#fde0ef"], [0.5, "#f7f7f7"], [0.6, "#e6f5d0"], [0.7, "#b8e186"], [0.8, "#7fbc41"], [0.9, "#4d9221"], [1, "#276419"]]}, "xaxis": {"gridcolor": "rgba(0, 0, 0, 0)", "linecolor": "#506784", "ticks": "", "title": {"standoff": 15}, "zerolinecolor": "#283442", "automargin": true, "zerolinewidth": 2, "tickfont": {"family": "Courier New", "size": 14}, "side": "top", "tickangle": -90}, "yaxis": {"gridcolor": "rgba(0, 0, 0, 0)", "linecolor": "#506784", "ticks": "", "title": {"standoff": 15}, "zerolinecolor": "#283442", "automargin": true, "zerolinewidth": 2, "tickfont": {"family": "Courier New"}, "side": "right"}, "scene": {"xaxis": {"backgroundcolor": "rgb(17,17,17)", "gridcolor": "#506784", "linecolor": "#506784", "showbackground": true, "ticks": "", "zerolinecolor": "#C8D4E3", "gridwidth": 2}, "yaxis": {"backgroundcolor": "rgb(17,17,17)", "gridcolor": "#506784", "linecolor": "#506784", "showbackground": true, "ticks": "", "zerolinecolor": "#C8D4E3", "gridwidth": 2}, "zaxis": {"backgroundcolor": "rgb(17,17,17)", "gridcolor": "#506784", "linecolor": "#506784", "showbackground": true, "ticks": "", "zerolinecolor": "#C8D4E3", "gridwidth": 2}}, "shapedefaults": {"line": {"color": "#f2f5fa"}}, "annotationdefaults": {"arrowcolor": "#f2f5fa", "arrowhead": 0, "arrowwidth": 1}, "geo": {"bgcolor": "rgb(17,17,17)", "landcolor": "rgb(17,17,17)", "subunitcolor": "#506784", "showland": true, "showlakes": true, "lakecolor": "rgb(17,17,17)"}, "title": {"x": 0.05, "font": {"family": "Times New Roman"}, "y": 0.05, "text": "<b>Correlation of Adj Close<b><br><i>2016-09-23 ~ 2025-07-16<i>"}, "updatemenudefaults": {"bgcolor": "#506784", "borderwidth": 0}, "sliderdefaults": {"bgcolor": "#C8D4E3", "borderwidth": 1, "bordercolor": "rgb(17,17,17)", "tickwidth": 0}, "mapbox": {"style": "dark"}}, "config": {"responsive": true, "toImageButtonOptions": {"filename": "Correlation of Adj Close_2016-09-23~2025-07-16", "scale": 5}}};

Plotly.newPlot("correlationAdjClose",
    correlationAdjClose.data,
    correlationAdjClose.layout || {},
    correlationAdjClose.config);