var element=document.getElementById("correlationAdjClose");if(element.style.display!='none'){var correlationAdjClose={"data":[{"type":"heatmap","z":[[1.0,0.9965855264932834,0.9482404354868119,0.9964885456334982,0.9158487601619003,0.9891814192348057,0.9626693982846023,0.981199409698365,0.980683171790616,0.9966007596621336,0.9966753349379294,0.9968112313711874,0.8810205649656558,0.9805127658947623,0.9967644964879199,0.9897156068298527,0.9997893435047137,0.9811044804393949,0.9028632889723756,0.8830548237552704,0.5779836840086605,0.9869130876308747,0.9465725886927183,0.2620261061535568,-0.16771915055295442,0.9182146391372948,0.8946613266579525,0.9418038996532665,0.934315966707454,0.9351327850205761,0.9846111646435541,0.9345479345329768,0.8879501699094171,0.9726353289587748,0.9839589168357176,0.9625507862385014],[0.9965855264932834,1.0,0.9537388633574981,0.9944332670956435,0.9223565214868911,0.98568507386279,0.9647570195510157,0.97195682277087,0.9780151111438251,0.9953988349507843,0.9968743786665021,0.9964240855949741,0.8904862636158639,0.984383150919195,0.9968993739552662,0.9854907264318289,0.9980033831467411,0.9738571861729683,0.9132298023046026,0.868562587543083,0.5999274536408713,0.9787969185426438,0.9292677661428395,0.25351924360578926,-0.10353190303137343,0.907040283989142,0.8998939126770487,0.9464225886113696,0.9143258939425674,0.9198280383349805,0.978029481564553,0.9165514581590504,0.8825610921463392,0.9628904569783802,0.9790892562389286,0.9566963559977596],[0.9482404354868119,0.9537388633574981,1.0,0.9669328201234281,0.9949257138442399,0.9384660702603931,0.9824030191133886,0.8951139663327716,0.9564711888030222,0.9671799493728834,0.9748899319682429,0.971540059170326,0.9135849461920479,0.9975819598578992,0.9747587395505506,0.936256056084348,0.9595151921623675,0.8964663758569884,0.8158129081125606,0.7150547703675253,0.3767132384229215,0.9714997248801543,0.8844427768305547,0.08504020659182053,-0.04225524102427453,0.9028728489140286,0.9708446996249993,0.9724414943203578,0.7830489631404257,0.7943691376858715,0.9317085076377586,0.7878181724847138,0.7322376135669642,0.882225575406881,0.953190771322154,0.8793316743147944],[0.9964885456334982,0.9944332670956435,0.9669328201234281,1.0,0.9411841088896801,0.9809805893926341,0.9682155639882263,0.9663295204344752,0.9776636319071268,0.9999828603160167,0.9999953318101575,0.9999753681012208,0.8918875937776054,0.9870430461179753,0.9999701463169252,0.9793682485030789,0.9961700827065054,0.9660651543178023,0.8804586604295829,0.8520559150393207,0.5271849563336055,0.995660209743194,0.943436719961494,0.22215483555179277,-0.14558814845606555,0.9140145992871267,0.9198108392573036,0.9519230484571852,0.9069975771367526,0.9147009804703525,0.983084092685367,0.9082169698159018,0.8566601565366694,0.960295964185059,0.9829926806284652,0.9487856956038867],[0.9158487601619003,0.9223565214868911,0.9949257138442399,0.9411841088896801,1.0,0.9007985551508556,0.9623004730334257,0.8508183162963666,0.9261640271673566,0.9420276523273539,0.9546299131398698,0.9492827422369866,0.9077686252207123,0.9875674874199101,0.9542858641994282,0.898493597045591,0.9310315156803038,0.8522932610812726,0.7677792635389543,0.6597879616838241,0.3155915058106931,0.9501560240239976,0.8509063124205235,0.05143468731954163,-0.0176000620096565,0.8699326331151912,0.9795769919955628,0.9576729567301197,0.7241988677347792,0.7417924237274501,0.8997058323711635,0.7306611375979014,0.6683337031659069,0.8378264375207404,0.9222787865545907,0.8350756252966188],[0.9891814192348057,0.98568507386279,0.9384660702603931,0.9809805893926341,0.9007985551508556,1.0,0.973039872381328,0.9816881928817092,0.9836687729604278,0.9806225196971313,0.9759843593026188,0.9787307801301871,0.8587398979571867,0.950874957299078,0.9760109967463568,0.9999304022920437,0.9904559974056696,0.9826066601408447,0.9101910496042535,0.8572123650491902,0.5498238492221632,0.9738373660344762,0.9300905787358592,0.15969919017866696,-0.11722428610412994,0.9369260658296371,0.8705838099133709,0.9367272774013693,0.9284121523541271,0.9185721041444344,0.9713163720729125,0.9294675732567311,0.9051442984105764,0.9623690619058763,0.9850401842964359,0.9661176135327461],[0.9626693982846023,0.9647570195510157,0.9824030191133886,0.9682155639882263,0.9623004730334257,0.973039872381328,1.0,0.932914288770302,0.9825842536077588,0.9675960706508374,0.9764756473150144,0.9728685200876541,0.9001518389016951,0.9856626605125733,0.9762169350586203,0.9742499796556398,0.976693927291547,0.9360679420211793,0.8579879676862381,0.7486941744390574,0.40288246304900716,0.9689011778075123,0.9081438130260997,0.02998184887128031,-0.03194812434162193,0.9218464670953611,0.9311382659737221,0.967916907713531,0.8294167643108439,0.8220495456709599,0.9454151332670142,0.8320488524653864,0.8019754032924403,0.9092423092266106,0.9750265231145414,0.9116008846378469],[0.981199409698365,0.97195682277087,0.8951139663327716,0.9663295204344752,0.8508183162963666,0.9816881928817092,0.932914288770302,1.0,0.975138540961727,0.9662459037640909,0.9620814630191084,0.9653105680548058,0.8221405190729655,0.9237801793055485,0.9623449535081597,0.9834593937171995,0.978936792142829,0.9998986297055449,0.940197462291114,0.9249838023952706,0.5409787420198072,0.9541853695410675,0.9246687488126304,0.13458069022391164,-0.21011135726336846,0.9129204374893726,0.807321862691664,0.9009043783716546,0.965491844585981,0.9521287625022142,0.9710070144871445,0.9576239908274352,0.9175184235248238,0.9709209184354037,0.9597391710195097,0.9743478460845314],[0.980683171790616,0.9780151111438251,0.9564711888030222,0.9776636319071268,0.9261640271673566,0.9836687729604278,0.9825842536077588,0.975138540961727,1.0,0.9773562755045017,0.9741970667263579,0.9763081849711591,0.8721926286441775,0.9618697035943997,0.9740667866210252,0.982889695216613,0.979836565838748,0.975662430248546,0.9089054808766079,0.8372067206474053,0.4229070427755896,0.9716313529577046,0.9319178975463948,-0.0023317239061839403,-0.10365604078733012,0.9237027298158715,0.8781916894363672,0.9593887912150747,0.8927952901408053,0.8776227557361095,0.9695504097741169,0.8871517882484594,0.8440461002606315,0.9482061897156139,0.981396832379167,0.938404918050505],[0.9966007596621336,0.9953988349507843,0.9671799493728834,0.9999828603160167,0.9420276523273539,0.9806225196971313,0.9675960706508374,0.9662459037640909,0.9773562755045017,1.0,0.999995102993751,0.9999852792383577,0.8941735253339143,0.9872018324518718,0.9999710674842863,0.9791842041708373,0.9960755610085794,0.9659885850090577,0.8823773942229919,0.8518585081863771,0.5165690111862288,0.9958628016937381,0.9440480191569889,0.22377973869630688,-0.13915340624492792,0.9151610007365617,0.9197760973880698,0.9511934267665584,0.9045729037942469,0.9117694832958272,0.982564548677506,0.90571811015383,0.8528929325318468,0.9589952681443055,0.982774289726049,0.9479266859690175],[0.9966753349379294,0.9968743786665021,0.9748899319682429,0.9999953318101575,0.9546299131398698,0.9759843593026188,0.9764756473150144,0.9620814630191084,0.9741970667263579,0.999995102993751,1.0,0.9999800018483839,0.8942197372041255,0.9870561936057091,0.9999728462638126,0.975634958712846,0.9959945699981656,0.9629831401770075,0.899138767929822,0.8819690295659697,0.3424993278211444,0.9977460427800903,0.9352470428354127,-0.22918284894445612,0.6615213491144397,0.9117211641623568,0.9148525104762225,0.9524277385389658,0.8832428045139993,0.8879737583469224,0.97807208278419,0.8763386243885103,0.8040158455338978,0.9484872509055163,0.9875540735632957,0.9464948764751473],[0.9968112313711874,0.9964240855949741,0.971540059170326,0.9999753681012208,0.9492827422369866,0.9787307801301871,0.9728685200876541,0.9653105680548058,0.9763081849711591,0.9999852792383577,0.9999800018483839,1.0,0.8943281213745198,0.9872851424166654,0.9999789252841281,0.9784789083245684,0.9959942952623337,0.9657444004130993,0.8899045481477341,0.8699284455041619,0.42866503769955094,0.9971872208798294,0.9431078924409095,-0.0392416650944791,0.09445186815232218,0.9213275993777507,0.9155811296522874,0.9487602090471092,0.8926187205904068,0.8976305356958885,0.9800046811992513,0.8915653788009511,0.8354726718396189,0.9544801172237923,0.9830528952648109,0.9476874265169936],[0.8810205649656558,0.8904862636158639,0.9135849461920479,0.8918875937776054,0.9077686252207123,0.8587398979571867,0.9001518389016951,0.8221405190729655,0.8721926286441775,0.8941735253339143,0.8942197372041255,0.8943281213745198,1.0,0.9998894772919765,0.8939273035629407,0.860059851823458,0.8826522170831238,0.8257186397569412,0.7630899181164719,0.6996550237006244,0.16432619559717568,0.8891501130507521,0.8203980526185176,-0.4716363495804149,0.694018621203931,0.8123603267429764,0.8865243614295811,0.89492329633743,0.7003956962465666,0.7019725196822787,0.8573965900482671,0.6917409794286808,0.6000968326299299,0.8156411870106415,0.878831376257001,0.8212811107534073],[0.9805127658947623,0.984383150919195,0.9975819598578992,0.9870430461179753,0.9875674874199101,0.950874957299078,0.9856626605125733,0.9237801793055485,0.9618697035943997,0.9872018324518718,0.9870561936057091,0.9872851424166654,0.9998894772919765,1.0,0.9870795918649947,0.9500936806983257,0.9788567879664714,0.9261556259055044,0.8564104012044363,0.8385523203307955,0.0649957970884993,0.9783796673045302,0.8895682922477535,-0.6430888357355036,0.7369841193378481,0.8891845536165448,0.9579519598046513,0.968358773324598,0.7882961420708998,0.8035915799550704,0.9445431515067422,0.799080236548702,0.6684191591607439,0.8940773989695832,0.96740628768884,0.9186789519867983],[0.9967644964879199,0.9968993739552662,0.9747587395505506,0.9999701463169252,0.9542858641994282,0.9760109967463568,0.9762169350586203,0.9623449535081597,0.9740667866210252,0.9999710674842863,0.9999728462638126,0.9999789252841281,0.8939273035629407,0.9870795918649947,1.0,0.975760833568164,0.9960870451146185,0.9633443410131981,0.8997233299792292,0.8833280948322134,0.34562441811164013,0.9976285099138203,0.935446156490205,-0.22683354178158963,0.6587803107906903,0.9115350731476781,0.9135118865991692,0.9520846199139065,0.8843701671681741,0.8891734438560421,0.9779948799332289,0.8776390183756184,0.8059551864936086,0.9486546214299386,0.9875222221328904,0.9466642109586697],[0.9897156068298527,0.9854907264318289,0.936256056084348,0.9793682485030789,0.898493597045591,0.9999304022920437,0.9742499796556398,0.9834593937171995,0.982889695216613,0.9791842041708373,0.975634958712846,0.9784789083245684,0.860059851823458,0.9500936806983257,0.975760833568164,1.0,0.9903974490502667,0.9830741522027099,0.9133386361768845,0.8810875330839797,0.5180957816642089,0.9720354236564642,0.9273713822735596,0.006963325655141222,-0.022247289442819722,0.941536750915455,0.8622199777539781,0.9329401095545856,0.9297910278604605,0.9149979295482699,0.9693327090797799,0.9293824261826417,0.8997616589302809,0.9644623432822912,0.9842375544027342,0.9684526937358245],[0.9997893435047137,0.9980033831467411,0.9595151921623675,0.9961700827065054,0.9310315156803038,0.9904559974056696,0.976693927291547,0.978936792142829,0.979836565838748,0.9960755610085794,0.9959945699981656,0.9959942952623337,0.8826522170831238,0.9788567879664714,0.9960870451146185,0.9903974490502667,1.0,0.9796643261827584,0.9226691972446558,0.905998575758237,0.41772644639331163,0.9912215333036598,0.9364566990903876,-0.17690840028858476,0.6475187967390629,0.9283737825533167,0.8891811742283929,0.9454765285736798,0.9170844610431104,0.9125732559591028,0.9799885071522197,0.9099802743935909,0.8540029973341484,0.9640076236104148,0.9919164073247415,0.9664419826471259],[0.9811044804393949,0.9738571861729683,0.8964663758569884,0.9660651543178023,0.8522932610812726,0.9826066601408447,0.9360679420211793,0.9998986297055449,0.975662430248546,0.9659885850090577,0.9629831401770075,0.9657444004130993,0.8257186397569412,0.9261556259055044,0.9633443410131981,0.9830741522027099,0.9796643261827584,1.0,0.9428296586039826,0.9304322350234127,0.5346457224439153,0.95321331814913,0.9276297182854866,0.09572564562291053,-0.12523652798244256,0.9180102229449622,0.8052316396796534,0.9025085085871405,0.9647800542627928,0.9506091949511761,0.9699181520083883,0.9554709472969631,0.9152667650404684,0.9701574859187402,0.9588803768591174,0.9748226748399176],[0.9028632889723756,0.9132298023046026,0.8158129081125606,0.8804586604295829,0.7677792635389543,0.9101910496042535,0.8579879676862381,0.940197462291114,0.9089054808766079,0.8823773942229919,0.899138767929822,0.8899045481477341,0.7630899181164719,0.8564104012044363,0.8997233299792292,0.9133386361768845,0.9226691972446558,0.9428296586039826,1.0,0.8445802257757486,0.6186371687298168,0.8567353931092085,0.8419176067678142,0.18144155053201944,-0.03195070916032902,0.8749069791997944,0.7122766679707503,0.8357807213657772,0.8971998072606389,0.8710365753222198,0.8750379663771563,0.8810605845465618,0.8556591843658015,0.8814878091943184,0.8843445721247016,0.9111010420457597],[0.8830548237552704,0.868562587543083,0.7150547703675253,0.8520559150393207,0.6597879616838241,0.8572123650491902,0.7486941744390574,0.9249838023952706,0.8372067206474053,0.8518585081863771,0.8819690295659697,0.8699284455041619,0.6996550237006244,0.8385523203307955,0.8833280948322134,0.8810875330839797,0.905998575758237,0.9304322350234127,0.8445802257757486,1.0,0.8029533861470401,0.806303074425103,0.8663821847802923,0.585328325993399,-0.45571832652531324,0.7053105077031145,0.6636383784014309,0.7290668198550924,0.9633377770913196,0.9432506975234308,0.8743139616817208,0.9522180413953806,0.909665046335503,0.8991444674874292,0.8235583307250921,0.880589086362047],[0.5779836840086605,0.5999274536408713,0.3767132384229215,0.5271849563336055,0.3155915058106931,0.5498238492221632,0.40288246304900716,0.5409787420198072,0.4229070427755896,0.5165690111862288,0.3424993278211444,0.42866503769955094,0.16432619559717568,0.0649957970884993,0.34562441811164013,0.5180957816642089,0.41772644639331163,0.5346457224439153,0.6186371687298168,0.8029533861470401,1.0,0.4781328986893678,0.6285128122743093,0.7209871148368953,-0.11480141231194865,0.4533438891626404,0.3677761207863456,0.4482537290214774,0.7472966997442894,0.6693676866377491,0.5336396031529403,0.7032922381242019,0.7380181262082154,0.606325012483908,0.5338217858983783,0.6081407913356159],[0.9869130876308747,0.9787969185426438,0.9714997248801543,0.995660209743194,0.9501560240239976,0.9738373660344762,0.9689011778075123,0.9541853695410675,0.9716313529577046,0.9958628016937381,0.9977460427800903,0.9971872208798294,0.8891501130507521,0.9783796673045302,0.9976285099138203,0.9720354236564642,0.9912215333036598,0.95321331814913,0.8567353931092085,0.806303074425103,0.4781328986893678,1.0,0.9228893079474001,0.1622314823635114,-0.13317234639007774,0.8976205343670637,0.9286809712844066,0.948898342745509,0.8740508809956256,0.8938862780538749,0.9758962665186738,0.883684388110496,0.8285118597448144,0.9472000883246365,0.972592005907218,0.9318197747001409],[0.9465725886927183,0.9292677661428395,0.8844427768305547,0.943436719961494,0.8509063124205235,0.9300905787358592,0.9081438130260997,0.9246687488126304,0.9319178975463948,0.9440480191569889,0.9352470428354127,0.9431078924409095,0.8203980526185176,0.8895682922477535,0.935446156490205,0.9273713822735596,0.9364566990903876,0.9276297182854866,0.8419176067678142,0.8663821847802923,0.6285128122743093,0.9228893079474001,1.0,0.22853322225569717,-0.10462280690774221,0.7740481920879257,0.8275966052620078,0.8723579253283665,0.8991593211823973,0.8740318377180034,0.949654898354194,0.8806705864249853,0.8396110174969904,0.9448757547854316,0.9088200697636706,0.8920837836856264],[0.2620261061535568,0.25351924360578926,0.08504020659182053,0.22215483555179277,0.05143468731954163,0.15969919017866696,0.02998184887128031,0.13458069022391164,-0.0023317239061839403,0.22377973869630688,-0.22918284894445612,-0.0392416650944791,-0.4716363495804149,-0.6430888357355036,-0.22683354178158963,0.006963325655141222,-0.17690840028858476,0.09572564562291053,0.18144155053201944,0.585328325993399,0.7209871148368953,0.1622314823635114,0.22853322225569717,1.0,-0.3816866114389351,0.18094573815757728,0.09093542810564688,0.0875712533001868,0.4164501576377159,0.40179707104966106,0.2161164632566401,0.4267270680363525,0.3712707847767421,0.26601212967539406,0.1677867541640124,0.29086763912666674],[-0.16771915055295442,-0.10353190303137343,-0.04225524102427453,-0.14558814845606555,-0.0176000620096565,-0.11722428610412994,-0.03194812434162193,-0.21011135726336846,-0.10365604078733012,-0.13915340624492792,0.6615213491144397,0.09445186815232218,0.694018621203931,0.7369841193378481,0.6587803107906903,-0.022247289442819722,0.6475187967390629,-0.12523652798244256,-0.03195070916032902,-0.45571832652531324,-0.11480141231194865,-0.13317234639007774,-0.10462280690774221,-0.3816866114389351,1.0,-0.0385247668152623,-0.03837310445201422,-0.023925617084000466,-0.3264665151852173,-0.3106354239417382,-0.18889547202665832,-0.28456755092524477,-0.17435987581291987,-0.2451611184420767,-0.07024076723478265,-0.21126292827324705],[0.9182146391372948,0.907040283989142,0.9028728489140286,0.9140145992871267,0.8699326331151912,0.9369260658296371,0.9218464670953611,0.9129204374893726,0.9237027298158715,0.9151610007365617,0.9117211641623568,0.9213275993777507,0.8123603267429764,0.8891845536165448,0.9115350731476781,0.941536750915455,0.9283737825533167,0.9180102229449622,0.8749069791997944,0.7053105077031145,0.4533438891626404,0.8976205343670637,0.7740481920879257,0.18094573815757728,-0.0385247668152623,1.0,0.8226276155202931,0.9248276410099955,0.7936865205513075,0.8335077148284595,0.8693520143002927,0.8366913349211644,0.8074647863553759,0.8707667301205703,0.9036864647737382,0.9036860686406736],[0.8946613266579525,0.8998939126770487,0.9708446996249993,0.9198108392573036,0.9795769919955628,0.8705838099133709,0.9311382659737221,0.807321862691664,0.8781916894363672,0.9197760973880698,0.9148525104762225,0.9155811296522874,0.8865243614295811,0.9579519598046513,0.9135118865991692,0.8622199777539781,0.8891811742283929,0.8052316396796534,0.7122766679707503,0.6636383784014309,0.3677761207863456,0.9286809712844066,0.8275966052620078,0.09093542810564688,-0.03837310445201422,0.8226276155202931,1.0,0.9206139965522506,0.7081562667267397,0.7223697977047693,0.8712651338283592,0.7095474925900259,0.6503562066678861,0.8083919720205271,0.890915017539522,0.8107264397008627],[0.9418038996532665,0.9464225886113696,0.9724414943203578,0.9519230484571852,0.9576729567301197,0.9367272774013693,0.967916907713531,0.9009043783716546,0.9593887912150747,0.9511934267665584,0.9524277385389658,0.9487602090471092,0.89492329633743,0.968358773324598,0.9520846199139065,0.9329401095545856,0.9454765285736798,0.9025085085871405,0.8357807213657772,0.7290668198550924,0.4482537290214774,0.948898342745509,0.8723579253283665,0.0875712533001868,-0.023925617084000466,0.9248276410099955,0.9206139965522506,1.0,0.80472946757221,0.8047173722915676,0.9211031665895225,0.7985749598542753,0.7619681168232614,0.8927720731051175,0.9546334297495713,0.8717658359857426],[0.934315966707454,0.9143258939425674,0.7830489631404257,0.9069975771367526,0.7241988677347792,0.9284121523541271,0.8294167643108439,0.965491844585981,0.8927952901408053,0.9045729037942469,0.8832428045139993,0.8926187205904068,0.7003956962465666,0.7882961420708998,0.8843701671681741,0.9297910278604605,0.9170844610431104,0.9647800542627928,0.8971998072606389,0.9633377770913196,0.7472966997442894,0.8740508809956256,0.8991593211823973,0.4164501576377159,-0.3264665151852173,0.7936865205513075,0.7081562667267397,0.80472946757221,1.0,0.9873440057015342,0.9312847782505838,0.9915618981384194,0.9570175814340814,0.954343125368022,0.8820206905903681,0.9533299925796485],[0.9351327850205761,0.9198280383349805,0.7943691376858715,0.9147009804703525,0.7417924237274501,0.9185721041444344,0.8220495456709599,0.9521287625022142,0.8776227557361095,0.9117694832958272,0.8879737583469224,0.8976305356958885,0.7019725196822787,0.8035915799550704,0.8891734438560421,0.9149979295482699,0.9125732559591028,0.9506091949511761,0.8710365753222198,0.9432506975234308,0.6693676866377491,0.8938862780538749,0.8740318377180034,0.40179707104966106,-0.3106354239417382,0.8335077148284595,0.7223697977047693,0.8047173722915676,0.9873440057015342,1.0,0.9328476760747126,0.9863143932579265,0.956978191784734,0.9432524919559161,0.9000815371049435,0.9562053500922586],[0.9846111646435541,0.978029481564553,0.9317085076377586,0.983084092685367,0.8997058323711635,0.9713163720729125,0.9454151332670142,0.9710070144871445,0.9695504097741169,0.982564548677506,0.97807208278419,0.9800046811992513,0.8573965900482671,0.9445431515067422,0.9779948799332289,0.9693327090797799,0.9799885071522197,0.9699181520083883,0.8750379663771563,0.8743139616817208,0.5336396031529403,0.9758962665186738,0.949654898354194,0.2161164632566401,-0.18889547202665832,0.8693520143002927,0.8712651338283592,0.9211031665895225,0.9312847782505838,0.9328476760747126,1.0,0.9283324847651713,0.875678132524092,0.9755637468234025,0.9742544476693168,0.9575040346283814],[0.9345479345329768,0.9165514581590504,0.7878181724847138,0.9082169698159018,0.7306611375979014,0.9294675732567311,0.8320488524653864,0.9576239908274352,0.8871517882484594,0.90571811015383,0.8763386243885103,0.8915653788009511,0.6917409794286808,0.799080236548702,0.8776390183756184,0.9293824261826417,0.9099802743935909,0.9554709472969631,0.8810605845465618,0.9522180413953806,0.7032922381242019,0.883684388110496,0.8806705864249853,0.4267270680363525,-0.28456755092524477,0.8366913349211644,0.7095474925900259,0.7985749598542753,0.9915618981384194,0.9863143932579265,0.9283324847651713,1.0,0.9741938226514723,0.9461760479174972,0.9041138093122044,0.9533258427072421],[0.8879501699094171,0.8825610921463392,0.7322376135669642,0.8566601565366694,0.6683337031659069,0.9051442984105764,0.8019754032924403,0.9175184235248238,0.8440461002606315,0.8528929325318468,0.8040158455338978,0.8354726718396189,0.6000968326299299,0.6684191591607439,0.8059551864936086,0.8997616589302809,0.8540029973341484,0.9152667650404684,0.8556591843658015,0.909665046335503,0.7380181262082154,0.8285118597448144,0.8396110174969904,0.3712707847767421,-0.17435987581291987,0.8074647863553759,0.6503562066678861,0.7619681168232614,0.9570175814340814,0.956978191784734,0.875678132524092,0.9741938226514723,1.0,0.8996247437320685,0.8727808244206289,0.9285352031304935],[0.9726353289587748,0.9628904569783802,0.882225575406881,0.960295964185059,0.8378264375207404,0.9623690619058763,0.9092423092266106,0.9709209184354037,0.9482061897156139,0.9589952681443055,0.9484872509055163,0.9544801172237923,0.8156411870106415,0.8940773989695832,0.9486546214299386,0.9644623432822912,0.9640076236104148,0.9701574859187402,0.8814878091943184,0.8991444674874292,0.606325012483908,0.9472000883246365,0.9448757547854316,0.26601212967539406,-0.2451611184420767,0.8707667301205703,0.8083919720205271,0.8927720731051175,0.954343125368022,0.9432524919559161,0.9755637468234025,0.9461760479174972,0.8996247437320685,1.0,0.9547622505997618,0.9556567262583847],[0.9839589168357176,0.9790892562389286,0.953190771322154,0.9829926806284652,0.9222787865545907,0.9850401842964359,0.9750265231145414,0.9597391710195097,0.981396832379167,0.982774289726049,0.9875540735632957,0.9830528952648109,0.878831376257001,0.96740628768884,0.9875222221328904,0.9842375544027342,0.9919164073247415,0.9588803768591174,0.8843445721247016,0.8235583307250921,0.5338217858983783,0.972592005907218,0.9088200697636706,0.1677867541640124,-0.07024076723478265,0.9036864647737382,0.890915017539522,0.9546334297495713,0.8820206905903681,0.9000815371049435,0.9742544476693168,0.9041138093122044,0.8727808244206289,0.9547622505997618,1.0,0.939357528166956],[0.9625507862385014,0.9566963559977596,0.8793316743147944,0.9487856956038867,0.8350756252966188,0.9661176135327461,0.9116008846378469,0.9743478460845314,0.938404918050505,0.9479266859690175,0.9464948764751473,0.9476874265169936,0.8212811107534073,0.9186789519867983,0.9466642109586697,0.9684526937358245,0.9664419826471259,0.9748226748399176,0.9111010420457597,0.880589086362047,0.6081407913356159,0.9318197747001409,0.8920837836856264,0.29086763912666674,-0.21126292827324705,0.9036860686406736,0.8107264397008627,0.8717658359857426,0.9533299925796485,0.9562053500922586,0.9575040346283814,0.9533258427072421,0.9285352031304935,0.9556567262583847,0.939357528166956,1.0]],"x":["^TAIEX       \u81fa\u7063\u52a0\u6b0a\u5831\u916c\u6307\u6578","^TWII        \u81fa\u7063\u52a0\u6b0a\u6307\u6578","^TAIEXx2     \u81fa\u7063\u52a0\u6b0a\u5831\u916c\u6307\u6578_\u65e5\u6b632","^TAI50I      \u81fa\u706350\u5831\u916c\u6307\u6578","^TAI50Ix2    \u81fa\u706350\u5831\u916c\u6307\u6578_\u65e5\u6b632","^TAI100I     \u81fa\u7063\u4e2d\u578b100\u5831\u916c\u6307\u6578","^TAI100Ix2   \u81fa\u7063\u4e2d\u578b100\u5831\u916c\u6307\u6578_\u65e5\u6b632","^TAIDIVIDI   \u81fa\u7063\u9ad8\u80a1\u606f\u5831\u916c\u6307\u6578","^TAIDIVIDIx2 \u81fa\u7063\u9ad8\u80a1\u606f\u5831\u916c\u6307\u6578_\u65e5\u6b632","0050Fund     \u5143\u5927\u53f0\u7063\u5353\u8d8a50\u57fa\u91d1","006208Fund   \u5bcc\u90a6\u53f0\u7063\u91c6\u540950\u57fa\u91d1","0050         \u5143\u5927\u81fa\u706350","00631L       \u5143\u5927\u53f0\u706350\u6b632","00675L       \u5bcc\u90a6\u81fa\u7063\u52a0\u6b0a\u6b632","006208       \u5bcc\u90a6\u53f050","0051         \u5143\u5927\u4e2d\u578b100","006204       \u6c38\u8c50\u81fa\u7063\u52a0\u6b0a","0056         \u5143\u5927\u9ad8\u80a1\u606f","0056         \u5143\u5927\u9ad8\u80a1\u606f_\u80a1\u606f\u4e0d\u6295\u5165","2412         \u4e2d\u83ef\u96fb\u4fe1","2002         \u4e2d\u92fc","2330         \u53f0\u7a4d\u96fb","2317         \u9d3b\u6d77","6505         \u53f0\u5851\u77f3\u5316","3481         \u7fa4\u5275","2303         \u806f\u96fb","2308         \u53f0\u9054\u96fb","2454         \u806f\u767c\u79d1","2886         \u5146\u8c50\u91d1","2884         \u7389\u5c71\u91d1","2891         \u4e2d\u4fe1\u91d1","2892         \u7b2c\u4e00\u91d1","5880         \u5408\u5eab\u91d1","2881         \u5bcc\u90a6\u91d1","2885         \u5143\u5927\u91d1","2887         \u53f0\u65b0\u91d1"],"y":["^TAIEX       \u81fa\u7063\u52a0\u6b0a\u5831\u916c\u6307\u6578","^TWII        \u81fa\u7063\u52a0\u6b0a\u6307\u6578","^TAIEXx2     \u81fa\u7063\u52a0\u6b0a\u5831\u916c\u6307\u6578_\u65e5\u6b632","^TAI50I      \u81fa\u706350\u5831\u916c\u6307\u6578","^TAI50Ix2    \u81fa\u706350\u5831\u916c\u6307\u6578_\u65e5\u6b632","^TAI100I     \u81fa\u7063\u4e2d\u578b100\u5831\u916c\u6307\u6578","^TAI100Ix2   \u81fa\u7063\u4e2d\u578b100\u5831\u916c\u6307\u6578_\u65e5\u6b632","^TAIDIVIDI   \u81fa\u7063\u9ad8\u80a1\u606f\u5831\u916c\u6307\u6578","^TAIDIVIDIx2 \u81fa\u7063\u9ad8\u80a1\u606f\u5831\u916c\u6307\u6578_\u65e5\u6b632","0050Fund     \u5143\u5927\u53f0\u7063\u5353\u8d8a50\u57fa\u91d1","006208Fund   \u5bcc\u90a6\u53f0\u7063\u91c6\u540950\u57fa\u91d1","0050         \u5143\u5927\u81fa\u706350","00631L       \u5143\u5927\u53f0\u706350\u6b632","00675L       \u5bcc\u90a6\u81fa\u7063\u52a0\u6b0a\u6b632","006208       \u5bcc\u90a6\u53f050","0051         \u5143\u5927\u4e2d\u578b100","006204       \u6c38\u8c50\u81fa\u7063\u52a0\u6b0a","0056         \u5143\u5927\u9ad8\u80a1\u606f","0056         \u5143\u5927\u9ad8\u80a1\u606f_\u80a1\u606f\u4e0d\u6295\u5165","2412         \u4e2d\u83ef\u96fb\u4fe1","2002         \u4e2d\u92fc","2330         \u53f0\u7a4d\u96fb","2317         \u9d3b\u6d77","6505         \u53f0\u5851\u77f3\u5316","3481         \u7fa4\u5275","2303         \u806f\u96fb","2308         \u53f0\u9054\u96fb","2454         \u806f\u767c\u79d1","2886         \u5146\u8c50\u91d1","2884         \u7389\u5c71\u91d1","2891         \u4e2d\u4fe1\u91d1","2892         \u7b2c\u4e00\u91d1","5880         \u5408\u5eab\u91d1","2881         \u5bcc\u90a6\u91d1","2885         \u5143\u5927\u91d1","2887         \u53f0\u65b0\u91d1"],"zmin":-1,"zmax":1,"colorbar":{"x":-0.2}}],"layout":{"autotypenumbers":"strict","colorway":["#636efa","#EF553B","#00cc96","#ab63fa","#FFA15A","#19d3f3","#FF6692","#B6E880","#FF97FF","#FECB52"],"font":{"color":"#f2f5fa","family":"Courier New"},"hovermode":"closest","hoverlabel":{"align":"left"},"paper_bgcolor":"rgb(17,17,17)","plot_bgcolor":"rgb(17,17,17)","polar":{"bgcolor":"rgb(17,17,17)","angularaxis":{"gridcolor":"#506784","linecolor":"#506784","ticks":""},"radialaxis":{"gridcolor":"#506784","linecolor":"#506784","ticks":""}},"ternary":{"bgcolor":"rgb(17,17,17)","aaxis":{"gridcolor":"#506784","linecolor":"#506784","ticks":""},"baxis":{"gridcolor":"#506784","linecolor":"#506784","ticks":""},"caxis":{"gridcolor":"#506784","linecolor":"#506784","ticks":""}},"coloraxis":{"colorbar":{"outlinewidth":0,"ticks":""}},"colorscale":{"sequential":[[0.0,"#0d0887"],[0.1111111111111111,"#46039f"],[0.2222222222222222,"#7201a8"],[0.3333333333333333,"#9c179e"],[0.4444444444444444,"#bd3786"],[0.5555555555555556,"#d8576b"],[0.6666666666666666,"#ed7953"],[0.7777777777777778,"#fb9f3a"],[0.8888888888888888,"#fdca26"],[1.0,"#f0f921"]],"sequentialminus":[[0.0,"#0d0887"],[0.1111111111111111,"#46039f"],[0.2222222222222222,"#7201a8"],[0.3333333333333333,"#9c179e"],[0.4444444444444444,"#bd3786"],[0.5555555555555556,"#d8576b"],[0.6666666666666666,"#ed7953"],[0.7777777777777778,"#fb9f3a"],[0.8888888888888888,"#fdca26"],[1.0,"#f0f921"]],"diverging":[[0,"#8e0152"],[0.1,"#c51b7d"],[0.2,"#de77ae"],[0.3,"#f1b6da"],[0.4,"#fde0ef"],[0.5,"#f7f7f7"],[0.6,"#e6f5d0"],[0.7,"#b8e186"],[0.8,"#7fbc41"],[0.9,"#4d9221"],[1,"#276419"]]},"xaxis":{"gridcolor":"rgba(0, 0, 0, 0)","linecolor":"#506784","ticks":"","title":{"standoff":15},"zerolinecolor":"#283442","automargin":true,"zerolinewidth":2,"tickfont":{"family":"Courier New","size":14},"side":"top","tickangle":-90},"yaxis":{"gridcolor":"rgba(0, 0, 0, 0)","linecolor":"#506784","ticks":"","title":{"standoff":15},"zerolinecolor":"#283442","automargin":true,"zerolinewidth":2,"tickfont":{"family":"Courier New"},"side":"right"},"scene":{"xaxis":{"backgroundcolor":"rgb(17,17,17)","gridcolor":"#506784","linecolor":"#506784","showbackground":true,"ticks":"","zerolinecolor":"#C8D4E3","gridwidth":2},"yaxis":{"backgroundcolor":"rgb(17,17,17)","gridcolor":"#506784","linecolor":"#506784","showbackground":true,"ticks":"","zerolinecolor":"#C8D4E3","gridwidth":2},"zaxis":{"backgroundcolor":"rgb(17,17,17)","gridcolor":"#506784","linecolor":"#506784","showbackground":true,"ticks":"","zerolinecolor":"#C8D4E3","gridwidth":2}},"shapedefaults":{"line":{"color":"#f2f5fa"}},"annotationdefaults":{"arrowcolor":"#f2f5fa","arrowhead":0,"arrowwidth":1},"geo":{"bgcolor":"rgb(17,17,17)","landcolor":"rgb(17,17,17)","subunitcolor":"#506784","showland":true,"showlakes":true,"lakecolor":"rgb(17,17,17)"},"title":{"x":0.05,"font":{"family":"Times New Roman"},"y":0.05,"text":"<b>Correlation of Adj Close<b><br><i>2016-09-23 ~ 2026-07-01<i>"},"updatemenudefaults":{"bgcolor":"#506784","borderwidth":0},"sliderdefaults":{"bgcolor":"#C8D4E3","borderwidth":1,"bordercolor":"rgb(17,17,17)","tickwidth":0},"mapbox":{"style":"dark"},"annotations":[{"text":"<b>@zwindr<b>","textangle":0,"opacity":0.5,"font":{"color":"white","size":12},"xref":"paper","yref":"paper","xanchor":"left","yanchor":"bottom","x":1.0,"y":1.0,"showarrow":false}]},"config":{"responsive":true,"toImageButtonOptions":{"filename":"Correlation of Adj Close_2016-09-23~2026-07-01","scale":5}}};Plotly.newPlot("correlationAdjClose",correlationAdjClose.data,correlationAdjClose.layout||{},correlationAdjClose.config);}else{console.log("style display is none => correlationAdjClose");}