var element=document.getElementById("correlationClose");if(element.style.display!='none'){var correlationClose={"data":[{"type":"heatmap","z":[[1.0,0.9999999999999982,1.0,0.9952762872059001,0.9952762872059001,0.964650861803427,0.964650861803427,0.9039500400778876,0.9039500400778876,0.8719401354405741,0.9945036019992566,0.8420424272821841,0.9926993367985777,0.9926332005290879,0.9945513868122966,0.973677487795139,0.9990044500712405,0.9226627032971486,0.9226627032971486,0.7845541131023659,-0.12108782289022477,0.9777363631718605,0.12978423394751215,-0.07829581481772807,-0.2517117563364994,0.8168590247109784,0.9149050714698376,0.9127850918607375,0.9281251610966799,0.7808490029699241,0.5348959794016231,0.6318609375944987,0.6345499207740023,0.932118298855621,0.8264742770709821,0.18136662182022212],[0.9999999999999982,1.0,0.9999999999999984,0.9952403931712661,0.9952403931712661,0.964083372095333,0.964083372095333,0.9049926278395012,0.9049926278395012,0.8731341865978062,0.9944948917124379,0.8417475669114841,0.9924121304964314,0.9920906922200496,0.9945325531310851,0.9730722870627357,0.9990062901966343,0.9229375619379584,0.9229375619379584,0.8035413838516179,0.08907697496370759,0.9693424733021364,-0.062112784489272106,-0.07100356229047138,-0.2519696582658906,0.6470898343349427,0.9160237881806144,0.8872283049863965,0.92250242035923,0.7918698480208591,0.5265372119285523,0.6289126620557567,0.6606693701645426,0.9296186696932233,0.6801115089082822,0.17824420962676657],[1.0,0.9999999999999984,1.0,0.9952762872059001,0.9952762872059001,0.964650861803427,0.964650861803427,0.9039500400778876,0.9039500400778876,0.8719401354405741,0.9945036019992566,0.8420424272821841,0.9926993367985777,0.9926332005290879,0.9945513868122966,0.973677487795139,0.9990044500712405,0.9226627032971486,0.9226627032971486,0.7845541131023659,-0.12108782289022477,0.9777363631718605,0.12978423394751215,-0.07829581481772807,-0.2517117563364994,0.8168590247109784,0.9149050714698376,0.9127850918607375,0.9281251610966799,0.7808490029699241,0.5348959794016231,0.6318609375944987,0.6345499207740023,0.932118298855621,0.8264742770709821,0.18136662182022212],[0.9952762872059001,0.9952403931712661,0.9952762872059001,1.0,1.0,0.9514198601944,0.9514198601944,0.8890426540720332,0.8890426540720332,0.8539736705397603,0.9995151087756627,0.8222022699765382,0.9901597670333241,0.9867750007506344,0.9994748638468881,0.9562118126548105,0.9948475159939205,0.9004621613058094,0.9004621613058094,0.7611892941041233,-0.12835930200294313,0.9899625397865749,0.15427327687912337,-0.1135295244434091,-0.2531690211509597,0.8107895081311071,0.921353580906107,0.9159843006262716,0.91473309865539,0.7887832767118013,0.5631807855739998,0.6259088528680603,0.606005826469342,0.9234542280859677,0.8160834228970107,0.19332163840079408],[0.9952762872059001,0.9952403931712661,0.9952762872059001,1.0,1.0,0.9514198601944,0.9514198601944,0.8890426540720332,0.8890426540720332,0.8539736705397603,0.9995151087756627,0.8222022699765382,0.9901597670333241,0.9867750007506344,0.9994748638468881,0.9562118126548105,0.9948475159939205,0.9004621613058094,0.9004621613058094,0.7611892941041233,-0.12835930200294313,0.9899625397865749,0.15427327687912337,-0.1135295244434091,-0.2531690211509597,0.8107895081311071,0.921353580906107,0.9159843006262716,0.91473309865539,0.7887832767118013,0.5631807855739998,0.6259088528680603,0.606005826469342,0.9234542280859677,0.8160834228970107,0.19332163840079408],[0.964650861803427,0.964083372095333,0.964650861803427,0.9514198601944,0.9514198601944,1.0,1.0,0.9294366108075867,0.9294366108075867,0.8384063226630881,0.9517725766457318,0.8278067821480453,0.9721529070210668,0.9698800815310721,0.951613045578169,0.9990753408967353,0.9733206520176043,0.920144801478004,0.920144801478004,0.6414051145152382,-0.0679595474973376,0.9364194734079403,0.29491411694446357,-0.2678773783087768,-0.1152676442679745,0.8869161094773355,0.867341465612832,0.930916482367231,0.9002430439209753,0.7431085695148106,0.7364415604144227,0.7372771492652866,0.7099568225321806,0.8576168416452289,0.8587057613932318,0.4652710311469342],[0.964650861803427,0.964083372095333,0.964650861803427,0.9514198601944,0.9514198601944,1.0,1.0,0.9294366108075867,0.9294366108075867,0.8384063226630881,0.9517725766457318,0.8278067821480453,0.9721529070210668,0.9698800815310721,0.951613045578169,0.9990753408967353,0.9733206520176043,0.920144801478004,0.920144801478004,0.6414051145152382,-0.0679595474973376,0.9364194734079403,0.29491411694446357,-0.2678773783087768,-0.1152676442679745,0.8869161094773355,0.867341465612832,0.930916482367231,0.9002430439209753,0.7431085695148106,0.7364415604144227,0.7372771492652866,0.7099568225321806,0.8576168416452289,0.8587057613932318,0.4652710311469342],[0.9039500400778876,0.9049926278395012,0.9039500400778876,0.8890426540720332,0.8890426540720332,0.9294366108075867,0.9294366108075867,1.0,1.0,0.7788437832704755,0.938383051325409,0.8007154341538262,0.9446423853005752,0.9395947223670167,0.9382531618965203,0.930306954179072,0.9438696650243759,0.9719395458728305,0.9719395458728305,0.5813894805446271,0.05208329709197415,0.8494748541384533,0.5346759909048577,-0.2932329428316441,0.021968391660273694,0.7855618265014502,0.7667652901150329,0.8714167449391801,0.8504715160156975,0.7549478709605204,0.8764850545474897,0.7792256532229894,0.7180305790272197,0.7875522231529872,0.8461214061405593,0.8005885373763052],[0.9039500400778876,0.9049926278395012,0.9039500400778876,0.8890426540720332,0.8890426540720332,0.9294366108075867,0.9294366108075867,1.0,1.0,0.7788437832704755,0.938383051325409,0.8007154341538262,0.9446423853005752,0.9395947223670167,0.9382531618965203,0.930306954179072,0.9438696650243759,0.9719395458728305,0.9719395458728305,0.5813894805446271,0.05208329709197415,0.8494748541384533,0.5346759909048577,-0.2932329428316441,0.021968391660273694,0.7855618265014502,0.7667652901150329,0.8714167449391801,0.8504715160156975,0.7549478709605204,0.8764850545474897,0.7792256532229894,0.7180305790272197,0.7875522231529872,0.8461214061405593,0.8005885373763052],[0.8719401354405741,0.8731341865978062,0.8719401354405741,0.8539736705397603,0.8539736705397603,0.8384063226630881,0.8384063226630881,0.7788437832704755,0.7788437832704755,1.0,0.7688841468066911,0.9999700049556779,0.7234973679701463,0.6537403248281831,0.7707563006093989,0.8353732192419391,0.8100157498659376,0.8439499023709116,0.8439499023709116,0.7079248236395318,-0.10504010344346457,0.8309652520481228,0.04614571549022149,0.043874281575699954,-0.24553812396841024,0.8023742938552688,0.6639099129774959,0.7977439925604108,0.8381586292892668,0.7036052170124286,0.3865871712375888,0.5452256986472983,0.5705618866391505,0.8314314996289872,0.697768321488697,0.17653338673724392],[0.9945036019992566,0.9944948917124379,0.9945036019992566,0.9995151087756627,0.9995151087756627,0.9517725766457318,0.9517725766457318,0.938383051325409,0.938383051325409,0.7688841468066911,1.0,0.7687300206105235,0.9899033514752645,0.9868646047759099,0.9999221788232023,0.9521257286495611,0.993733693128404,0.9137220860940525,0.9137220860940525,0.8530118920643599,0.06889236026122858,0.9962613736877276,0.8755082533730201,-0.4892793407642279,0.3503915390931111,0.8349907127649723,0.8832279294989713,0.9392783362250513,0.9098908869382332,0.8137947527793145,0.9074444161840006,0.8723741228761874,0.7908457543914013,0.9002673313681325,0.9421480129000295,0.7751588494294928],[0.8420424272821841,0.8417475669114841,0.8420424272821841,0.8222022699765382,0.8222022699765382,0.8278067821480453,0.8278067821480453,0.8007154341538262,0.8007154341538262,0.9999700049556779,0.7687300206105235,1.0,0.7207204683204936,0.6502055650916736,0.7685568538863792,0.8283713751265666,0.8083225827555212,0.8416741955903616,0.8416741955903616,0.6753572071994357,0.01823486573945678,0.8003779400673505,0.4923645130377121,-0.18600163935203512,-0.23315158137518688,0.8383060959822103,0.582067227524591,0.7783350653018702,0.8160536811984797,0.7354514440308915,0.6509813049427297,0.7343763394331293,0.6959037085361426,0.7998864141370867,0.7006814282208437,0.7038313725161253],[0.9926993367985777,0.9924121304964314,0.9926993367985777,0.9901597670333241,0.9901597670333241,0.9721529070210668,0.9721529070210668,0.9446423853005752,0.9446423853005752,0.7234973679701463,0.9899033514752645,0.7207204683204936,1.0,0.9997417386693727,0.9899135151546553,0.9705789123546061,0.9903606220293384,0.9067770198742054,0.9067770198742054,0.8290224798312175,0.10089499320906334,0.9878672128083203,0.8967547901272425,-0.6546840011243488,0.42185403074786615,0.8104594465868245,0.8881541763500433,0.9511768136922721,0.9029925605674902,0.7464187511414498,0.907378584399782,0.8525845806590779,0.7758687377455402,0.8837575216246293,0.9581059785024331,0.8057432233980567],[0.9926332005290879,0.9920906922200496,0.9926332005290879,0.9867750007506344,0.9867750007506344,0.9698800815310721,0.9698800815310721,0.9395947223670167,0.9395947223670167,0.6537403248281831,0.9868646047759099,0.6502055650916736,0.9997417386693727,1.0,0.9870461573681784,0.9674801583162668,0.9892161428838759,0.8926704037991555,0.8926704037991555,0.8496043431659394,-0.023923199032839175,0.9831942832446088,0.9051992789927387,-0.8396652178984452,0.4622003382073099,0.7614467375530087,0.8922551346286443,0.9466014694276936,0.8897019431144033,0.6744165002860053,0.9163114750863474,0.8429448588913645,0.7212686051977819,0.9112155296395331,0.9590577457378856,0.773441839815449],[0.9945513868122966,0.9945325531310851,0.9945513868122966,0.9994748638468881,0.9994748638468881,0.951613045578169,0.951613045578169,0.9382531618965203,0.9382531618965203,0.7707563006093989,0.9999221788232023,0.7685568538863792,0.9899135151546553,0.9870461573681784,1.0,0.952079642596558,0.9937736612735801,0.9140421472162208,0.9140421472162208,0.8538657902269148,0.06775511282112223,0.9961396356965587,0.8751723649873494,-0.4868506717487602,0.34930995029327183,0.8349518139124616,0.881308813117778,0.9381722422718833,0.9101289459045293,0.8145762413152112,0.9069315396394124,0.8732193764601051,0.7915244466475735,0.9001802020227024,0.9419627335029684,0.775611094652756],[0.973677487795139,0.9730722870627357,0.973677487795139,0.9562118126548105,0.9562118126548105,0.9990753408967353,0.9990753408967353,0.930306954179072,0.930306954179072,0.8353732192419391,0.9521257286495611,0.8283713751265666,0.9705789123546061,0.9674801583162668,0.952079642596558,1.0,0.9747878950546377,0.9197278163237728,0.9197278163237728,0.6898872435026379,-0.05165790664574639,0.9453956404872693,0.6228923745691314,-0.40072575441475894,-0.16507575948093167,0.8984534455289465,0.8662214782812747,0.9266363253838656,0.9075608462631543,0.780628699406725,0.8498650275706918,0.7849945291944864,0.7662611344474279,0.8802315780093255,0.8560763774334835,0.7882353309037023],[0.9990044500712405,0.9990062901966343,0.9990044500712405,0.9948475159939205,0.9948475159939205,0.9733206520176043,0.9733206520176043,0.9438696650243759,0.9438696650243759,0.8100157498659376,0.993733693128404,0.8083225827555212,0.9903606220293384,0.9892161428838759,0.9937736612735801,0.9747878950546377,1.0,0.9359153937408629,0.9359153937408629,0.8607559961683702,0.07716198830491548,0.9871808728702335,0.8436347494420384,-0.4675489866920509,0.3663790602617267,0.8771541099347323,0.8804552388027533,0.9468449485472532,0.9365635224305744,0.8337433133664873,0.8955847607135352,0.9010974354211853,0.8284906157659944,0.9136129293183526,0.9500345635433426,0.8325832926833554],[0.9226627032971486,0.9229375619379584,0.9226627032971486,0.9004621613058094,0.9004621613058094,0.920144801478004,0.920144801478004,0.9719395458728305,0.9719395458728305,0.8439499023709116,0.9137220860940525,0.8416741955903616,0.9067770198742054,0.8926704037991555,0.9140421472162208,0.9197278163237728,0.9359153937408629,1.0,1.0,0.739015792880288,-0.01715463001744102,0.8639286957300166,0.5393953239575345,-0.18187903135750855,-0.2053060456634493,0.8257171830793519,0.7587180218330719,0.835343266498959,0.9158065272744456,0.8368254459535964,0.8000738644884441,0.7535564383019467,0.7050545312697485,0.844042883219535,0.7757255407619674,0.8499826890631899],[0.9226627032971486,0.9229375619379584,0.9226627032971486,0.9004621613058094,0.9004621613058094,0.920144801478004,0.920144801478004,0.9719395458728305,0.9719395458728305,0.8439499023709116,0.9137220860940525,0.8416741955903616,0.9067770198742054,0.8926704037991555,0.9140421472162208,0.9197278163237728,0.9359153937408629,1.0,1.0,0.739015792880288,-0.01715463001744102,0.8639286957300166,0.5393953239575345,-0.18187903135750855,-0.2053060456634493,0.8257171830793519,0.7587180218330719,0.835343266498959,0.9158065272744456,0.8368254459535964,0.8000738644884441,0.7535564383019467,0.7050545312697485,0.844042883219535,0.7757255407619674,0.8499826890631899],[0.7845541131023659,0.8035413838516179,0.7845541131023659,0.7611892941041233,0.7611892941041233,0.6414051145152382,0.6414051145152382,0.5813894805446271,0.5813894805446271,0.7079248236395318,0.8530118920643599,0.6753572071994357,0.8290224798312175,0.8496043431659394,0.8538657902269148,0.6898872435026379,0.8607559961683702,0.739015792880288,0.739015792880288,1.0,0.04241978539505156,0.7229741895101296,-0.3879521428537149,0.33201388159582756,-0.6577488238352169,0.3482087715377667,0.7337852139651302,0.504833356148056,0.8347677230318861,0.6918574941512133,0.09309460525211624,0.3029825924146356,0.5642923106930315,0.7821828173434501,0.47233100503731884,-0.15676497538762388],[-0.12108782289022477,0.08907697496370759,-0.12108782289022477,-0.12835930200294313,-0.12835930200294313,-0.0679595474973376,-0.0679595474973376,0.05208329709197415,0.05208329709197415,-0.10504010344346457,0.06889236026122858,0.01823486573945678,0.10089499320906334,-0.023923199032839175,0.06775511282112223,-0.05165790664574639,0.07716198830491548,-0.01715463001744102,-0.01715463001744102,0.04241978539505156,1.0,-0.07976833732926122,0.11704826018579952,0.14622325888784432,0.7501614790422562,-0.08703158833064194,-0.01952750347022984,0.0005181089575628494,0.17189203364857322,0.009912611431653812,0.07139794776227551,0.34747900229977297,0.5743603152587742,-0.10810054723137077,0.11917102165562295,0.1636540583714268],[0.9777363631718605,0.9693424733021364,0.9777363631718605,0.9899625397865749,0.9899625397865749,0.9364194734079403,0.9364194734079403,0.8494748541384533,0.8494748541384533,0.8309652520481228,0.9962613736877276,0.8003779400673505,0.9878672128083203,0.9831942832446088,0.9961396356965587,0.9453956404872693,0.9871808728702335,0.8639286957300166,0.8639286957300166,0.7229741895101296,-0.07976833732926122,1.0,0.06333469188321106,-0.17397769692658197,-0.3063451233016616,0.6732125785147924,0.9169319655786615,0.8997376989118608,0.8580747711268464,0.7572615261050772,0.5625871311424051,0.5916747013488035,0.5348271693889659,0.9019724655671825,0.657758748837417,0.17328642870218028],[0.12978423394751215,-0.062112784489272106,0.12978423394751215,0.15427327687912337,0.15427327687912337,0.29491411694446357,0.29491411694446357,0.5346759909048577,0.5346759909048577,0.04614571549022149,0.8755082533730201,0.4923645130377121,0.8967547901272425,0.9051992789927387,0.8751723649873494,0.6228923745691314,0.8436347494420384,0.5393953239575345,0.5393953239575345,-0.3879521428537149,0.11704826018579952,0.06333469188321106,1.0,-0.4502785867289589,0.7373590815542386,0.3737542812613989,0.06158991910290765,0.296335538110774,-0.1134428715757541,0.06325636432443286,0.584610625225363,0.4702050551752526,0.1938488902311399,-0.022877017099453383,0.38024941471940266,0.46629148378009905],[-0.07829581481772807,-0.07100356229047138,-0.07829581481772807,-0.1135295244434091,-0.1135295244434091,-0.2678773783087768,-0.2678773783087768,-0.2932329428316441,-0.2932329428316441,0.043874281575699954,-0.4892793407642279,-0.18600163935203512,-0.6546840011243488,-0.8396652178984452,-0.4868506717487602,-0.40072575441475894,-0.4675489866920509,-0.18187903135750855,-0.18187903135750855,0.33201388159582756,0.14622325888784432,-0.17397769692658197,-0.4502785867289589,1.0,-0.03265343422288462,-0.1557990750667362,-0.1632084245784643,-0.29175771145600554,-0.031430008425357675,-0.06477978355391054,-0.5630356088412025,-0.19228671691688942,-0.018324024258149073,-0.02784153302950451,-0.20534519024930017,-0.4048922527022303],[-0.2517117563364994,-0.2519696582658906,-0.2517117563364994,-0.2531690211509597,-0.2531690211509597,-0.1152676442679745,-0.1152676442679745,0.021968391660273694,0.021968391660273694,-0.24553812396841024,0.3503915390931111,-0.23315158137518688,0.42185403074786615,0.4622003382073099,0.34930995029327183,-0.16507575948093167,0.3663790602617267,-0.2053060456634493,-0.2053060456634493,-0.6577488238352169,0.7501614790422562,-0.3063451233016616,0.7373590815542386,-0.03265343422288462,1.0,-0.10410017150150863,-0.2590353160126977,-0.062007974540454786,-0.3505650590835991,-0.32829091521407044,0.08107748816909405,0.16617404370762653,0.2659394123978419,-0.38043251017105756,0.12205281403289552,0.09667543749192663],[0.8168590247109784,0.6470898343349427,0.8168590247109784,0.8107895081311071,0.8107895081311071,0.8869161094773355,0.8869161094773355,0.7855618265014502,0.7855618265014502,0.8023742938552688,0.8349907127649723,0.8383060959822103,0.8104594465868245,0.7614467375530087,0.8349518139124616,0.8984534455289465,0.8771541099347323,0.8257171830793519,0.8257171830793519,0.3482087715377667,-0.08703158833064194,0.6732125785147924,0.3737542812613989,-0.1557990750667362,-0.10410017150150863,1.0,0.5601260737588588,0.8383395303068832,0.4908916637933243,0.6241268816571661,0.5422315634947268,0.6544158807749136,0.4227749400705997,0.7021276723110212,0.7019869670901151,0.4146107336121539],[0.9149050714698376,0.9160237881806144,0.9149050714698376,0.921353580906107,0.921353580906107,0.867341465612832,0.867341465612832,0.7667652901150329,0.7667652901150329,0.6639099129774959,0.8832279294989713,0.582067227524591,0.8881541763500433,0.8922551346286443,0.881308813117778,0.8662214782812747,0.8804552388027533,0.7587180218330719,0.7587180218330719,0.7337852139651302,-0.01952750347022984,0.9169319655786615,0.06158991910290765,-0.1632084245784643,-0.2590353160126977,0.5601260737588588,1.0,0.8100686882742733,0.8051300983043425,0.6828260909791875,0.4541776743661102,0.503789159469204,0.5404875940556418,0.8536875078782689,0.6200676256835436,0.08855650917460993],[0.9127850918607375,0.8872283049863965,0.9127850918607375,0.9159843006262716,0.9159843006262716,0.930916482367231,0.930916482367231,0.8714167449391801,0.8714167449391801,0.7977439925604108,0.9392783362250513,0.7783350653018702,0.9511768136922721,0.9466014694276936,0.9381722422718833,0.9266363253838656,0.9468449485472532,0.835343266498959,0.835343266498959,0.504833356148056,0.0005181089575628494,0.8997376989118608,0.296335538110774,-0.29175771145600554,-0.062007974540454786,0.8383395303068832,0.8100686882742733,1.0,0.7496146888919455,0.6075218678290045,0.5864559615394065,0.5977630058879263,0.5328867366642048,0.8151781300774705,0.8301380688271255,0.2155172673925185],[0.9281251610966799,0.92250242035923,0.9281251610966799,0.91473309865539,0.91473309865539,0.9002430439209753,0.9002430439209753,0.8504715160156975,0.8504715160156975,0.8381586292892668,0.9098908869382332,0.8160536811984797,0.9029925605674902,0.8897019431144033,0.9101289459045293,0.9075608462631543,0.9365635224305744,0.9158065272744456,0.9158065272744456,0.8347677230318861,0.17189203364857322,0.8580747711268464,-0.1134428715757541,-0.031430008425357675,-0.3505650590835991,0.4908916637933243,0.8051300983043425,0.7496146888919455,1.0,0.905868387909055,0.5376090639389679,0.685047816187769,0.6659701642415228,0.8779059938272098,0.5007103308643754,0.29611414692702975],[0.7808490029699241,0.7918698480208591,0.7808490029699241,0.7887832767118013,0.7887832767118013,0.7431085695148106,0.7431085695148106,0.7549478709605204,0.7549478709605204,0.7036052170124286,0.8137947527793145,0.7354514440308915,0.7464187511414498,0.6744165002860053,0.8145762413152112,0.780628699406725,0.8337433133664873,0.8368254459535964,0.8368254459535964,0.6918574941512133,0.009912611431653812,0.7572615261050772,0.06325636432443286,-0.06477978355391054,-0.32829091521407044,0.6241268816571661,0.6828260909791875,0.6075218678290045,0.905868387909055,1.0,0.5755969413090014,0.6675894050432359,0.6087810499819101,0.7297495402429383,0.5815683430703731,0.47159542933965043],[0.5348959794016231,0.5265372119285523,0.5348959794016231,0.5631807855739998,0.5631807855739998,0.7364415604144227,0.7364415604144227,0.8764850545474897,0.8764850545474897,0.3865871712375888,0.9074444161840006,0.6509813049427297,0.907378584399782,0.9163114750863474,0.9069315396394124,0.8498650275706918,0.8955847607135352,0.8000738644884441,0.8000738644884441,0.09309460525211624,0.07139794776227551,0.5625871311424051,0.584610625225363,-0.5630356088412025,0.08107748816909405,0.5422315634947268,0.4541776743661102,0.5864559615394065,0.5376090639389679,0.5755969413090014,1.0,0.7439727434312529,0.3805916864060683,0.48343520478859375,0.5684772976320006,0.7636222286358054],[0.6318609375944987,0.6289126620557567,0.6318609375944987,0.6259088528680603,0.6259088528680603,0.7372771492652866,0.7372771492652866,0.7792256532229894,0.7792256532229894,0.5452256986472983,0.8723741228761874,0.7343763394331293,0.8525845806590779,0.8429448588913645,0.8732193764601051,0.7849945291944864,0.9010974354211853,0.7535564383019467,0.7535564383019467,0.3029825924146356,0.34747900229977297,0.5916747013488035,0.4702050551752526,-0.19228671691688942,0.16617404370762653,0.6544158807749136,0.503789159469204,0.5977630058879263,0.685047816187769,0.6675894050432359,0.7439727434312529,1.0,0.7783995049918929,0.49256975459741315,0.7276611110162098,0.5482195684349284],[0.6345499207740023,0.6606693701645426,0.6345499207740023,0.606005826469342,0.606005826469342,0.7099568225321806,0.7099568225321806,0.7180305790272197,0.7180305790272197,0.5705618866391505,0.7908457543914013,0.6959037085361426,0.7758687377455402,0.7212686051977819,0.7915244466475735,0.7662611344474279,0.8284906157659944,0.7050545312697485,0.7050545312697485,0.5642923106930315,0.5743603152587742,0.5348271693889659,0.1938488902311399,-0.018324024258149073,0.2659394123978419,0.4227749400705997,0.5404875940556418,0.5328867366642048,0.6659701642415228,0.6087810499819101,0.3805916864060683,0.7783995049918929,1.0,0.491587633569488,0.6662236418608344,0.20008003459497692],[0.932118298855621,0.9296186696932233,0.932118298855621,0.9234542280859677,0.9234542280859677,0.8576168416452289,0.8576168416452289,0.7875522231529872,0.7875522231529872,0.8314314996289872,0.9002673313681325,0.7998864141370867,0.8837575216246293,0.9112155296395331,0.9001802020227024,0.8802315780093255,0.9136129293183526,0.844042883219535,0.844042883219535,0.7821828173434501,-0.10810054723137077,0.9019724655671825,-0.022877017099453383,-0.02784153302950451,-0.38043251017105756,0.7021276723110212,0.8536875078782689,0.8151781300774705,0.8779059938272098,0.7297495402429383,0.48343520478859375,0.49256975459741315,0.491587633569488,1.0,0.7273645270560819,0.16877419997350473],[0.8264742770709821,0.6801115089082822,0.8264742770709821,0.8160834228970107,0.8160834228970107,0.8587057613932318,0.8587057613932318,0.8461214061405593,0.8461214061405593,0.697768321488697,0.9421480129000295,0.7006814282208437,0.9581059785024331,0.9590577457378856,0.9419627335029684,0.8560763774334835,0.9500345635433426,0.7757255407619674,0.7757255407619674,0.47233100503731884,0.11917102165562295,0.657758748837417,0.38024941471940266,-0.20534519024930017,0.12205281403289552,0.7019869670901151,0.6200676256835436,0.8301380688271255,0.5007103308643754,0.5815683430703731,0.5684772976320006,0.7276611110162098,0.6662236418608344,0.7273645270560819,1.0,0.1775051199968186],[0.18136662182022212,0.17824420962676657,0.18136662182022212,0.19332163840079408,0.19332163840079408,0.4652710311469342,0.4652710311469342,0.8005885373763052,0.8005885373763052,0.17653338673724392,0.7751588494294928,0.7038313725161253,0.8057432233980567,0.773441839815449,0.775611094652756,0.7882353309037023,0.8325832926833554,0.8499826890631899,0.8499826890631899,-0.15676497538762388,0.1636540583714268,0.17328642870218028,0.46629148378009905,-0.4048922527022303,0.09667543749192663,0.4146107336121539,0.08855650917460993,0.2155172673925185,0.29611414692702975,0.47159542933965043,0.7636222286358054,0.5482195684349284,0.20008003459497692,0.16877419997350473,0.1775051199968186,1.0]],"x":["^TAIEX       \u81fa\u7063\u52a0\u6b0a\u5831\u916c\u6307\u6578","^TWII        \u81fa\u7063\u52a0\u6b0a\u6307\u6578","^TAIEXx2     \u81fa\u7063\u52a0\u6b0a\u5831\u916c\u6307\u6578_\u65e5\u6b632","^TAI50I      \u81fa\u706350\u5831\u916c\u6307\u6578","^TAI50Ix2    \u81fa\u706350\u5831\u916c\u6307\u6578_\u65e5\u6b632","^TAI100I     \u81fa\u7063\u4e2d\u578b100\u5831\u916c\u6307\u6578","^TAI100Ix2   \u81fa\u7063\u4e2d\u578b100\u5831\u916c\u6307\u6578_\u65e5\u6b632","^TAIDIVIDI   \u81fa\u7063\u9ad8\u80a1\u606f\u5831\u916c\u6307\u6578","^TAIDIVIDIx2 \u81fa\u7063\u9ad8\u80a1\u606f\u5831\u916c\u6307\u6578_\u65e5\u6b632","0050Fund     \u5143\u5927\u53f0\u7063\u5353\u8d8a50\u57fa\u91d1","006208Fund   \u5bcc\u90a6\u53f0\u7063\u91c6\u540950\u57fa\u91d1","0050         \u5143\u5927\u81fa\u706350","00631L       \u5143\u5927\u53f0\u706350\u6b632","00675L       \u5bcc\u90a6\u81fa\u7063\u52a0\u6b0a\u6b632","006208       \u5bcc\u90a6\u53f050","0051         \u5143\u5927\u4e2d\u578b100","006204       \u6c38\u8c50\u81fa\u7063\u52a0\u6b0a","0056         \u5143\u5927\u9ad8\u80a1\u606f","0056         \u5143\u5927\u9ad8\u80a1\u606f_\u80a1\u606f\u4e0d\u6295\u5165","2412         \u4e2d\u83ef\u96fb\u4fe1","2002         \u4e2d\u92fc","2330         \u53f0\u7a4d\u96fb","2317         \u9d3b\u6d77","6505         \u53f0\u5851\u77f3\u5316","3481         \u7fa4\u5275","2303         \u806f\u96fb","2308         \u53f0\u9054\u96fb","2454         \u806f\u767c\u79d1","2886         \u5146\u8c50\u91d1","2884         \u7389\u5c71\u91d1","2891         \u4e2d\u4fe1\u91d1","2892         \u7b2c\u4e00\u91d1","5880         \u5408\u5eab\u91d1","2881         \u5bcc\u90a6\u91d1","2885         \u5143\u5927\u91d1","2887         \u53f0\u65b0\u91d1"],"y":["^TAIEX       \u81fa\u7063\u52a0\u6b0a\u5831\u916c\u6307\u6578","^TWII        \u81fa\u7063\u52a0\u6b0a\u6307\u6578","^TAIEXx2     \u81fa\u7063\u52a0\u6b0a\u5831\u916c\u6307\u6578_\u65e5\u6b632","^TAI50I      \u81fa\u706350\u5831\u916c\u6307\u6578","^TAI50Ix2    \u81fa\u706350\u5831\u916c\u6307\u6578_\u65e5\u6b632","^TAI100I     \u81fa\u7063\u4e2d\u578b100\u5831\u916c\u6307\u6578","^TAI100Ix2   \u81fa\u7063\u4e2d\u578b100\u5831\u916c\u6307\u6578_\u65e5\u6b632","^TAIDIVIDI   \u81fa\u7063\u9ad8\u80a1\u606f\u5831\u916c\u6307\u6578","^TAIDIVIDIx2 \u81fa\u7063\u9ad8\u80a1\u606f\u5831\u916c\u6307\u6578_\u65e5\u6b632","0050Fund     \u5143\u5927\u53f0\u7063\u5353\u8d8a50\u57fa\u91d1","006208Fund   \u5bcc\u90a6\u53f0\u7063\u91c6\u540950\u57fa\u91d1","0050         \u5143\u5927\u81fa\u706350","00631L       \u5143\u5927\u53f0\u706350\u6b632","00675L       \u5bcc\u90a6\u81fa\u7063\u52a0\u6b0a\u6b632","006208       \u5bcc\u90a6\u53f050","0051         \u5143\u5927\u4e2d\u578b100","006204       \u6c38\u8c50\u81fa\u7063\u52a0\u6b0a","0056         \u5143\u5927\u9ad8\u80a1\u606f","0056         \u5143\u5927\u9ad8\u80a1\u606f_\u80a1\u606f\u4e0d\u6295\u5165","2412         \u4e2d\u83ef\u96fb\u4fe1","2002         \u4e2d\u92fc","2330         \u53f0\u7a4d\u96fb","2317         \u9d3b\u6d77","6505         \u53f0\u5851\u77f3\u5316","3481         \u7fa4\u5275","2303         \u806f\u96fb","2308         \u53f0\u9054\u96fb","2454         \u806f\u767c\u79d1","2886         \u5146\u8c50\u91d1","2884         \u7389\u5c71\u91d1","2891         \u4e2d\u4fe1\u91d1","2892         \u7b2c\u4e00\u91d1","5880         \u5408\u5eab\u91d1","2881         \u5bcc\u90a6\u91d1","2885         \u5143\u5927\u91d1","2887         \u53f0\u65b0\u91d1"],"zmin":-1,"zmax":1,"colorbar":{"x":-0.2}}],"layout":{"autotypenumbers":"strict","colorway":["#636efa","#EF553B","#00cc96","#ab63fa","#FFA15A","#19d3f3","#FF6692","#B6E880","#FF97FF","#FECB52"],"font":{"color":"#f2f5fa","family":"Courier New"},"hovermode":"closest","hoverlabel":{"align":"left"},"paper_bgcolor":"rgb(17,17,17)","plot_bgcolor":"rgb(17,17,17)","polar":{"bgcolor":"rgb(17,17,17)","angularaxis":{"gridcolor":"#506784","linecolor":"#506784","ticks":""},"radialaxis":{"gridcolor":"#506784","linecolor":"#506784","ticks":""}},"ternary":{"bgcolor":"rgb(17,17,17)","aaxis":{"gridcolor":"#506784","linecolor":"#506784","ticks":""},"baxis":{"gridcolor":"#506784","linecolor":"#506784","ticks":""},"caxis":{"gridcolor":"#506784","linecolor":"#506784","ticks":""}},"coloraxis":{"colorbar":{"outlinewidth":0,"ticks":""}},"colorscale":{"sequential":[[0.0,"#0d0887"],[0.1111111111111111,"#46039f"],[0.2222222222222222,"#7201a8"],[0.3333333333333333,"#9c179e"],[0.4444444444444444,"#bd3786"],[0.5555555555555556,"#d8576b"],[0.6666666666666666,"#ed7953"],[0.7777777777777778,"#fb9f3a"],[0.8888888888888888,"#fdca26"],[1.0,"#f0f921"]],"sequentialminus":[[0.0,"#0d0887"],[0.1111111111111111,"#46039f"],[0.2222222222222222,"#7201a8"],[0.3333333333333333,"#9c179e"],[0.4444444444444444,"#bd3786"],[0.5555555555555556,"#d8576b"],[0.6666666666666666,"#ed7953"],[0.7777777777777778,"#fb9f3a"],[0.8888888888888888,"#fdca26"],[1.0,"#f0f921"]],"diverging":[[0,"#8e0152"],[0.1,"#c51b7d"],[0.2,"#de77ae"],[0.3,"#f1b6da"],[0.4,"#fde0ef"],[0.5,"#f7f7f7"],[0.6,"#e6f5d0"],[0.7,"#b8e186"],[0.8,"#7fbc41"],[0.9,"#4d9221"],[1,"#276419"]]},"xaxis":{"gridcolor":"rgba(0, 0, 0, 0)","linecolor":"#506784","ticks":"","title":{"standoff":15},"zerolinecolor":"#283442","automargin":true,"zerolinewidth":2,"tickfont":{"family":"Courier New","size":14},"side":"top","tickangle":-90},"yaxis":{"gridcolor":"rgba(0, 0, 0, 0)","linecolor":"#506784","ticks":"","title":{"standoff":15},"zerolinecolor":"#283442","automargin":true,"zerolinewidth":2,"tickfont":{"family":"Courier New"},"side":"right"},"scene":{"xaxis":{"backgroundcolor":"rgb(17,17,17)","gridcolor":"#506784","linecolor":"#506784","showbackground":true,"ticks":"","zerolinecolor":"#C8D4E3","gridwidth":2},"yaxis":{"backgroundcolor":"rgb(17,17,17)","gridcolor":"#506784","linecolor":"#506784","showbackground":true,"ticks":"","zerolinecolor":"#C8D4E3","gridwidth":2},"zaxis":{"backgroundcolor":"rgb(17,17,17)","gridcolor":"#506784","linecolor":"#506784","showbackground":true,"ticks":"","zerolinecolor":"#C8D4E3","gridwidth":2}},"shapedefaults":{"line":{"color":"#f2f5fa"}},"annotationdefaults":{"arrowcolor":"#f2f5fa","arrowhead":0,"arrowwidth":1},"geo":{"bgcolor":"rgb(17,17,17)","landcolor":"rgb(17,17,17)","subunitcolor":"#506784","showland":true,"showlakes":true,"lakecolor":"rgb(17,17,17)"},"title":{"x":0.05,"font":{"family":"Times New Roman"},"y":0.05,"text":"<b>Correlation of Close<b><br><i>2016-09-23 ~ 2025-10-31<i>"},"updatemenudefaults":{"bgcolor":"#506784","borderwidth":0},"sliderdefaults":{"bgcolor":"#C8D4E3","borderwidth":1,"bordercolor":"rgb(17,17,17)","tickwidth":0},"mapbox":{"style":"dark"},"annotations":[{"text":"<b>@zwindr<b>","textangle":0,"opacity":0.5,"font":{"color":"white","size":12},"xref":"paper","yref":"paper","xanchor":"left","yanchor":"bottom","x":1.0,"y":1.0,"showarrow":false}]},"config":{"responsive":true,"toImageButtonOptions":{"filename":"Correlation of Close_2016-09-23~2025-10-31","scale":5}}};Plotly.newPlot("correlationClose",correlationClose.data,correlationClose.layout||{},correlationClose.config);}else{console.log("style display is none => correlationClose");}