var config = { responsive: true }

var correlationClose = {"data": [{"type": "heatmap", "z": [[1.0, 0.9999999999999984, 1.0, 0.9956870590815493, 0.9956870590815493, 0.9601665076632017, 0.9601665076632017, 0.8939330678016099, 0.8939330678016099, 0.9695874202762093, 0.9923297783771576, 0.9918754017704332, 0.9951940085940576, 0.9710605033938862, 0.9988558351836594, 0.9274653483834419, 0.781788945616028, -0.06675148813134098, 0.9765649029439311, 0.051020906971254845, 0.020999348194631798, -0.2500959143644167, 0.8247848826473219, 0.9505514620978286, 0.9012331337244979], [0.9999999999999984, 1.0, 0.9999999999999986, 0.9956278103257845, 0.9956278103257845, 0.9595030485968783, 0.9595030485968783, 0.8952855859323641, 0.8952855859323641, 0.9685040769940928, 0.992072057200676, 0.9912786236960807, 0.9951474849365146, 0.9702908325285053, 0.9988600731439523, 0.9280672781209623, 0.8028799790473028, 0.1386653115762711, 0.9673253006338296, -0.10629094994686372, 0.02833402863109844, -0.25042342485247526, 0.6473162052505381, 0.9507281574664821, 0.8724266298241805], [1.0, 0.9999999999999986, 1.0, 0.9956870590815493, 0.9956870590815493, 0.9601665076632017, 0.9601665076632017, 0.8939330678016099, 0.8939330678016099, 0.9695874202762093, 0.9923297783771576, 0.9918754017704332, 0.9951940085940576, 0.9710605033938862, 0.9988558351836594, 0.9274653483834419, 0.781788945616028, -0.06675148813134098, 0.9765649029439311, 0.051020906971254845, 0.020999348194631798, -0.2500959143644167, 0.8247848826473219, 0.9505514620978286, 0.9012331337244979], [0.9956870590815493, 0.9956278103257845, 0.9956870590815493, 1.0, 1.0, 0.9470924795180117, 0.9470924795180117, 0.8798942717040035, 0.8798942717040035, 0.9695362170703821, 0.987930661740797, 0.983651715144179, 0.9993756777967095, 0.9535224539932791, 0.9946871990838789, 0.9097822492342352, 0.7619099517033067, -0.071654004313615, 0.9882511391100888, 0.07013733622749126, -0.007998327812811354, -0.25409242757758066, 0.8267594316991532, 0.9406492753217357, 0.9062000722192763], [0.9956870590815493, 0.9956278103257845, 0.9956870590815493, 1.0, 1.0, 0.9470924795180117, 0.9470924795180117, 0.8798942717040035, 0.8798942717040035, 0.9695362170703821, 0.987930661740797, 0.983651715144179, 0.9993756777967095, 0.9535224539932791, 0.9946871990838789, 0.9097822492342352, 0.7619099517033067, -0.071654004313615, 0.9882511391100888, 0.07013733622749126, -0.007998327812811354, -0.25409242757758066, 0.8267594316991532, 0.9406492753217357, 0.9062000722192763], [0.9601665076632017, 0.9595030485968783, 0.9601665076632017, 0.9470924795180117, 0.9470924795180117, 1.0, 1.0, 0.9215376328928144, 0.9215376328928144, 0.9286802642223827, 0.9765926714652224, 0.9754863388253194, 0.9509740229308912, 0.9989563544218989, 0.9716407467629113, 0.9193272844015441, 0.6205278982586552, -0.0092202559992658, 0.9314718344869062, 0.23715021040081463, -0.18932681536259083, -0.10232259095885826, 0.8964806441523732, 0.9100845730686756, 0.9224832885581609], [0.9601665076632017, 0.9595030485968783, 0.9601665076632017, 0.9470924795180117, 0.9470924795180117, 1.0, 1.0, 0.9215376328928144, 0.9215376328928144, 0.9286802642223827, 0.9765926714652224, 0.9754863388253194, 0.9509740229308912, 0.9989563544218989, 0.9716407467629113, 0.9193272844015441, 0.6205278982586552, -0.0092202559992658, 0.9314718344869062, 0.23715021040081463, -0.18932681536259083, -0.10232259095885826, 0.8964806441523732, 0.9100845730686756, 0.9224832885581609], [0.8939330678016099, 0.8952855859323641, 0.8939330678016099, 0.8798942717040035, 0.8798942717040035, 0.9215376328928144, 0.9215376328928144, 1.0, 1.0, 0.877022105786462, 0.9463259517745833, 0.9413099611201038, 0.9371014711903533, 0.9223456730604762, 0.9385466126554335, 0.9732825957488034, 0.553832555530493, 0.1124847795401933, 0.835704740030909, 0.49151000366229114, -0.21238539355302932, 0.04102921921560242, 0.7837383357501042, 0.7996012703513755, 0.8575064195136756], [0.8939330678016099, 0.8952855859323641, 0.8939330678016099, 0.8798942717040035, 0.8798942717040035, 0.9215376328928144, 0.9215376328928144, 1.0, 1.0, 0.877022105786462, 0.9463259517745833, 0.9413099611201038, 0.9371014711903533, 0.9223456730604762, 0.9385466126554335, 0.9732825957488034, 0.553832555530493, 0.1124847795401933, 0.835704740030909, 0.49151000366229114, -0.21238539355302932, 0.04102921921560242, 0.7837383357501042, 0.7996012703513755, 0.8575064195136756], [0.9695874202762093, 0.9685040769940928, 0.9695874202762093, 0.9695362170703821, 0.9695362170703821, 0.9286802642223827, 0.9286802642223827, 0.877022105786462, 0.877022105786462, 1.0, 0.9418275394009886, 0.9243383764917098, 0.955915479147931, 0.9292946039352408, 0.959619141221014, 0.8968125611304599, 0.7357983959897534, -0.08669568811118541, 0.9564465300196288, 0.4898318442776255, -0.2041666905152929, -0.263849604687244, 0.8733059044151886, 0.9018549337102774, 0.8785404225818891], [0.9923297783771576, 0.992072057200676, 0.9923297783771576, 0.987930661740797, 0.987930661740797, 0.9765926714652224, 0.9765926714652224, 0.9463259517745833, 0.9463259517745833, 0.9418275394009886, 1.0, 0.999671209483181, 0.9876397641784511, 0.9749129040500198, 0.9892687713837935, 0.9240420351270527, 0.8019289848475951, 0.22791259722788748, 0.9855647808780517, 0.8692816736846484, -0.5923910803511325, 0.46242125266938455, 0.8530361650344995, 0.9329734743685403, 0.9561593178443517], [0.9918754017704332, 0.9912786236960807, 0.9918754017704332, 0.983651715144179, 0.983651715144179, 0.9754863388253194, 0.9754863388253194, 0.9413099611201038, 0.9413099611201038, 0.9243383764917098, 0.999671209483181, 1.0, 0.9841900710346867, 0.9726811821931398, 0.9874343507696873, 0.9121458485099723, 0.8200763677557255, 0.10978499283016066, 0.9798007048120028, 0.8787044574113086, -0.8125782384247088, 0.512259071899934, 0.8119780264027633, 0.939206394472259, 0.9539179375254222], [0.9951940085940576, 0.9951474849365146, 0.9951940085940576, 0.9993756777967095, 0.9993756777967095, 0.9509740229308912, 0.9509740229308912, 0.9371014711903533, 0.9371014711903533, 0.955915479147931, 0.9876397641784511, 0.9841900710346867, 1.0, 0.9517310866794607, 0.9937801179386798, 0.9294266798095202, 0.8388121219344571, 0.19181156200647728, 0.9953007147867161, 0.8424213411758384, -0.3938655577702044, 0.383433917894837, 0.8729352398857106, 0.9127152896717481, 0.9375380551392599], [0.9710605033938862, 0.9702908325285053, 0.9710605033938862, 0.9535224539932791, 0.9535224539932791, 0.9989563544218989, 0.9989563544218989, 0.9223456730604762, 0.9223456730604762, 0.9292946039352408, 0.9749129040500198, 0.9726811821931398, 0.9517310866794607, 1.0, 0.9734528387715643, 0.9188912090673022, 0.6695580391395604, 0.010337091016351663, 0.9432320933094741, 0.5639121674794958, -0.3237680623549013, -0.15648691159385256, 0.9095607817539125, 0.923772936968314, 0.9179210902556525], [0.9988558351836594, 0.9988600731439523, 0.9988558351836594, 0.9946871990838789, 0.9946871990838789, 0.9716407467629113, 0.9716407467629113, 0.9385466126554335, 0.9385466126554335, 0.959619141221014, 0.9892687713837935, 0.9874343507696873, 0.9937801179386798, 0.9734528387715643, 1.0, 0.9438280275012706, 0.8440626406407428, 0.18769889233471554, 0.9867628265924278, 0.8118085364549618, -0.3800060991507241, 0.3941890152341872, 0.9042699001350303, 0.9307981445938107, 0.942524761245452], [0.9274653483834419, 0.9280672781209623, 0.9274653483834419, 0.9097822492342352, 0.9097822492342352, 0.9193272844015441, 0.9193272844015441, 0.9732825957488034, 0.9732825957488034, 0.8968125611304599, 0.9240420351270527, 0.9121458485099723, 0.9294266798095202, 0.9188912090673022, 0.9438280275012706, 1.0, 0.7246794864330056, 0.02640601260117116, 0.8727856481884283, 0.5006992111643042, -0.11235080256208636, -0.198586035191099, 0.8213068419759639, 0.8407966606800201, 0.8278228735934213], [0.781788945616028, 0.8028799790473028, 0.781788945616028, 0.7619099517033067, 0.7619099517033067, 0.6205278982586552, 0.6205278982586552, 0.553832555530493, 0.553832555530493, 0.7357983959897534, 0.8019289848475951, 0.8200763677557255, 0.8388121219344571, 0.6695580391395604, 0.8440626406407428, 0.7246794864330056, 1.0, 0.06588323309047008, 0.7247340107987535, -0.4452533142045747, 0.4054183404331992, -0.6624469613527102, 0.3281668649688207, 0.8041554389022273, 0.47589720496512455], [-0.06675148813134098, 0.1386653115762711, -0.06675148813134098, -0.071654004313615, -0.071654004313615, -0.0092202559992658, -0.0092202559992658, 0.1124847795401933, 0.1124847795401933, -0.08669568811118541, 0.22791259722788748, 0.10978499283016066, 0.19181156200647728, 0.010337091016351663, 0.18769889233471554, 0.02640601260117116, 0.06588323309047008, 1.0, -0.03758310551191505, 0.139296104752919, 0.1074779488451329, 0.7528972252393641, -0.07371016724733057, 0.055448653645228184, 0.046489751437126026], [0.9765649029439311, 0.9673253006338296, 0.9765649029439311, 0.9882511391100888, 0.9882511391100888, 0.9314718344869062, 0.9314718344869062, 0.835704740030909, 0.835704740030909, 0.9564465300196288, 0.9855647808780517, 0.9798007048120028, 0.9953007147867161, 0.9432320933094741, 0.9867628265924278, 0.8727856481884283, 0.7247340107987535, -0.03758310551191505, 1.0, -0.02020021046190765, -0.07223075676735068, -0.31532132370216837, 0.6893482417441622, 0.921264958873351, 0.8891548625983675], [0.051020906971254845, -0.10629094994686372, 0.051020906971254845, 0.07013733622749126, 0.07013733622749126, 0.23715021040081463, 0.23715021040081463, 0.49151000366229114, 0.49151000366229114, 0.4898318442776255, 0.8692816736846484, 0.8787044574113086, 0.8424213411758384, 0.5639121674794958, 0.8118085364549618, 0.5006992111643042, -0.4452533142045747, 0.139296104752919, -0.02020021046190765, 1.0, -0.41947779772164673, 0.7825873448132202, 0.3588278693324857, -0.07135645361893976, 0.2439936801708479], [0.020999348194631798, 0.02833402863109844, 0.020999348194631798, -0.007998327812811354, -0.007998327812811354, -0.18932681536259083, -0.18932681536259083, -0.21238539355302932, -0.21238539355302932, -0.2041666905152929, -0.5923910803511325, -0.8125782384247088, -0.3938655577702044, -0.3237680623549013, -0.3800060991507241, -0.11235080256208636, 0.4054183404331992, 0.1074779488451329, -0.07223075676735068, -0.41947779772164673, 1.0, -0.05433550849595002, -0.1191009855475665, -0.012358686324790816, -0.22329492453326405], [-0.2500959143644167, -0.25042342485247526, -0.2500959143644167, -0.25409242757758066, -0.25409242757758066, -0.10232259095885826, -0.10232259095885826, 0.04102921921560242, 0.04102921921560242, -0.263849604687244, 0.46242125266938455, 0.512259071899934, 0.383433917894837, -0.15648691159385256, 0.3941890152341872, -0.198586035191099, -0.6624469613527102, 0.7528972252393641, -0.31532132370216837, 0.7825873448132202, -0.05433550849595002, 1.0, -0.09635644483348331, -0.30291364418759575, -0.04510448824537491], [0.8247848826473219, 0.6473162052505381, 0.8247848826473219, 0.8267594316991532, 0.8267594316991532, 0.8964806441523732, 0.8964806441523732, 0.7837383357501042, 0.7837383357501042, 0.8733059044151886, 0.8530361650344995, 0.8119780264027633, 0.8729352398857106, 0.9095607817539125, 0.9042699001350303, 0.8213068419759639, 0.3281668649688207, -0.07371016724733057, 0.6893482417441622, 0.3588278693324857, -0.1191009855475665, -0.09635644483348331, 1.0, 0.615436118025357, 0.8462153426317399], [0.9505514620978286, 0.9507281574664821, 0.9505514620978286, 0.9406492753217357, 0.9406492753217357, 0.9100845730686756, 0.9100845730686756, 0.7996012703513755, 0.7996012703513755, 0.9018549337102774, 0.9329734743685403, 0.939206394472259, 0.9127152896717481, 0.923772936968314, 0.9307981445938107, 0.8407966606800201, 0.8041554389022273, 0.055448653645228184, 0.921264958873351, -0.07135645361893976, -0.012358686324790816, -0.30291364418759575, 0.615436118025357, 1.0, 0.8236619990649879], [0.9012331337244979, 0.8724266298241805, 0.9012331337244979, 0.9062000722192763, 0.9062000722192763, 0.9224832885581609, 0.9224832885581609, 0.8575064195136756, 0.8575064195136756, 0.8785404225818891, 0.9561593178443517, 0.9539179375254222, 0.9375380551392599, 0.9179210902556525, 0.942524761245452, 0.8278228735934213, 0.47589720496512455, 0.046489751437126026, 0.8891548625983675, 0.2439936801708479, -0.22329492453326405, -0.04510448824537491, 0.8462153426317399, 0.8236619990649879, 1.0]], "x": ["^TAIEX       \u81fa\u7063\u52a0\u6b0a\u5831\u916c\u6307\u6578", "^TWII        \u81fa\u7063\u52a0\u6b0a\u6307\u6578", "^TAIEXx2     \u81fa\u7063\u52a0\u6b0a\u5831\u916c\u6307\u6578_\u65e5\u6b632", "^TAI50I      \u81fa\u706350\u5831\u916c\u6307\u6578", "^TAI50Ix2    \u81fa\u706350\u5831\u916c\u6307\u6578_\u65e5\u6b632", "^TAI100I     \u81fa\u7063\u4e2d\u578b100\u5831\u916c\u6307\u6578", "^TAI100Ix2   \u81fa\u7063\u4e2d\u578b100\u5831\u916c\u6307\u6578_\u65e5\u6b632", "^TAIDIVIDI   \u81fa\u7063\u9ad8\u80a1\u606f\u5831\u916c\u6307\u6578", "^TAIDIVIDIx2 \u81fa\u7063\u9ad8\u80a1\u606f\u5831\u916c\u6307\u6578_\u65e5\u6b632", "0050         \u5143\u5927\u81fa\u706350", "00631L       \u5143\u5927\u53f0\u706350\u6b632", "00675L       \u5bcc\u90a6\u81fa\u7063\u52a0\u6b0a\u6b632", "006208       \u5bcc\u90a6\u53f050", "0051         \u5143\u5927\u4e2d\u578b100", "006204       \u6c38\u8c50\u81fa\u7063\u52a0\u6b0a", "0056         \u5143\u5927\u9ad8\u80a1\u606f", "2412         \u4e2d\u83ef\u96fb\u4fe1", "2002         \u4e2d\u92fc", "2330         \u53f0\u7a4d\u96fb", "2317         \u9d3b\u6d77", "6505         \u53f0\u5851\u77f3\u5316", "3481         \u7fa4\u5275", "2303         \u806f\u96fb", "2308         \u53f0\u9054\u96fb", "2454         \u806f\u767c\u79d1"], "y": ["^TAIEX       \u81fa\u7063\u52a0\u6b0a\u5831\u916c\u6307\u6578", "^TWII        \u81fa\u7063\u52a0\u6b0a\u6307\u6578", "^TAIEXx2     \u81fa\u7063\u52a0\u6b0a\u5831\u916c\u6307\u6578_\u65e5\u6b632", "^TAI50I      \u81fa\u706350\u5831\u916c\u6307\u6578", "^TAI50Ix2    \u81fa\u706350\u5831\u916c\u6307\u6578_\u65e5\u6b632", "^TAI100I     \u81fa\u7063\u4e2d\u578b100\u5831\u916c\u6307\u6578", "^TAI100Ix2   \u81fa\u7063\u4e2d\u578b100\u5831\u916c\u6307\u6578_\u65e5\u6b632", "^TAIDIVIDI   \u81fa\u7063\u9ad8\u80a1\u606f\u5831\u916c\u6307\u6578", "^TAIDIVIDIx2 \u81fa\u7063\u9ad8\u80a1\u606f\u5831\u916c\u6307\u6578_\u65e5\u6b632", "0050         \u5143\u5927\u81fa\u706350", "00631L       \u5143\u5927\u53f0\u706350\u6b632", "00675L       \u5bcc\u90a6\u81fa\u7063\u52a0\u6b0a\u6b632", "006208       \u5bcc\u90a6\u53f050", "0051         \u5143\u5927\u4e2d\u578b100", "006204       \u6c38\u8c50\u81fa\u7063\u52a0\u6b0a", "0056         \u5143\u5927\u9ad8\u80a1\u606f", "2412         \u4e2d\u83ef\u96fb\u4fe1", "2002         \u4e2d\u92fc", "2330         \u53f0\u7a4d\u96fb", "2317         \u9d3b\u6d77", "6505         \u53f0\u5851\u77f3\u5316", "3481         \u7fa4\u5275", "2303         \u806f\u96fb", "2308         \u53f0\u9054\u96fb", "2454         \u806f\u767c\u79d1"], "zmin": -1, "zmax": 1, "colorbar": {"x": -0.2}}], "layout": {"autotypenumbers": "strict", "colorway": ["#636efa", "#EF553B", "#00cc96", "#ab63fa", "#FFA15A", "#19d3f3", "#FF6692", "#B6E880", "#FF97FF", "#FECB52"], "font": {"color": "#f2f5fa", "family": "Courier New"}, "hovermode": "closest", "hoverlabel": {"align": "left"}, "paper_bgcolor": "rgb(17,17,17)", "plot_bgcolor": "rgb(17,17,17)", "polar": {"bgcolor": "rgb(17,17,17)", "angularaxis": {"gridcolor": "#506784", "linecolor": "#506784", "ticks": ""}, "radialaxis": {"gridcolor": "#506784", "linecolor": "#506784", "ticks": ""}}, "ternary": {"bgcolor": "rgb(17,17,17)", "aaxis": {"gridcolor": "#506784", "linecolor": "#506784", "ticks": ""}, "baxis": {"gridcolor": "#506784", "linecolor": "#506784", "ticks": ""}, "caxis": {"gridcolor": "#506784", "linecolor": "#506784", "ticks": ""}}, "coloraxis": {"colorbar": {"outlinewidth": 0, "ticks": ""}}, "colorscale": {"sequential": [[0.0, "#0d0887"], [0.1111111111111111, "#46039f"], [0.2222222222222222, "#7201a8"], [0.3333333333333333, "#9c179e"], [0.4444444444444444, "#bd3786"], [0.5555555555555556, "#d8576b"], [0.6666666666666666, "#ed7953"], [0.7777777777777778, "#fb9f3a"], [0.8888888888888888, "#fdca26"], [1.0, "#f0f921"]], "sequentialminus": [[0.0, "#0d0887"], [0.1111111111111111, "#46039f"], [0.2222222222222222, "#7201a8"], [0.3333333333333333, "#9c179e"], [0.4444444444444444, "#bd3786"], [0.5555555555555556, "#d8576b"], [0.6666666666666666, "#ed7953"], [0.7777777777777778, "#fb9f3a"], [0.8888888888888888, "#fdca26"], [1.0, "#f0f921"]], "diverging": [[0, "#8e0152"], [0.1, "#c51b7d"], [0.2, "#de77ae"], [0.3, "#f1b6da"], [0.4, "#fde0ef"], [0.5, "#f7f7f7"], [0.6, "#e6f5d0"], [0.7, "#b8e186"], [0.8, "#7fbc41"], [0.9, "#4d9221"], [1, "#276419"]]}, "xaxis": {"gridcolor": "rgba(0, 0, 0, 0)", "linecolor": "#506784", "ticks": "", "title": {"standoff": 15}, "zerolinecolor": "#283442", "automargin": true, "zerolinewidth": 2, "tickfont": {"family": "Courier New", "size": 14}, "side": "top", "tickangle": -90}, "yaxis": {"gridcolor": "rgba(0, 0, 0, 0)", "linecolor": "#506784", "ticks": "", "title": {"standoff": 15}, "zerolinecolor": "#283442", "automargin": true, "zerolinewidth": 2, "tickfont": {"family": "Courier New"}, "side": "right"}, "scene": {"xaxis": {"backgroundcolor": "rgb(17,17,17)", "gridcolor": "#506784", "linecolor": "#506784", "showbackground": true, "ticks": "", "zerolinecolor": "#C8D4E3", "gridwidth": 2}, "yaxis": {"backgroundcolor": "rgb(17,17,17)", "gridcolor": "#506784", "linecolor": "#506784", "showbackground": true, "ticks": "", "zerolinecolor": "#C8D4E3", "gridwidth": 2}, "zaxis": {"backgroundcolor": "rgb(17,17,17)", "gridcolor": "#506784", "linecolor": "#506784", "showbackground": true, "ticks": "", "zerolinecolor": "#C8D4E3", "gridwidth": 2}}, "shapedefaults": {"line": {"color": "#f2f5fa"}}, "annotationdefaults": {"arrowcolor": "#f2f5fa", "arrowhead": 0, "arrowwidth": 1}, "geo": {"bgcolor": "rgb(17,17,17)", "landcolor": "rgb(17,17,17)", "subunitcolor": "#506784", "showland": true, "showlakes": true, "lakecolor": "rgb(17,17,17)"}, "title": {"x": 0.05, "font": {"family": "Times New Roman"}, "y": 0.05, "text": "<b>Correlation of Close<b><br><i>2016/09/23 ~ 2025/07/03<i>"}, "updatemenudefaults": {"bgcolor": "#506784", "borderwidth": 0}, "sliderdefaults": {"bgcolor": "#C8D4E3", "borderwidth": 1, "bordercolor": "rgb(17,17,17)", "tickwidth": 0}, "mapbox": {"style": "dark"}, "height": 600}};

Plotly.newPlot("correlationClose",
    correlationClose.data,
    correlationClose.layout || {},
    config);