var element=document.getElementById("correlationAdjClose");if(element.style.display!='none'){var correlationAdjClose={"data":[{"type":"heatmap","z":[[1.0,0.9953518729558375,0.9733333924242222,0.9968472684369225,0.9507174871682347,0.9847999652320046,0.9565092356487609,0.9876537744316471,0.9761827522609414,0.9970013170012184,0.9964875917379652,0.996948755271772,0.992247059008294,0.9934050581455356,0.9965771190806052,0.9860751623421082,0.9997341487539642,0.9873641349883672,0.8960813883068605,0.9159443619894521,0.6716725417945398,0.9843212088482701,0.9381316994762576,0.34238881416757583,-0.2905110857320309,0.9003350282802192,0.924313965950759,0.9621330417598211,0.9738791848293897,0.9638976904468827,0.9802679008786517,0.9686551419806442,0.9367570442042431,0.9833674430544279,0.9767081255445709,0.9576421407548249],[0.9953518729558375,1.0,0.9703529042256613,0.9920658355428282,0.9475831628286207,0.9811279154864196,0.9529436453354013,0.9800934701583548,0.9706310596868384,0.9933005746941413,0.9950433562571183,0.9946140975832858,0.9916585324756017,0.9918534498133307,0.9951066732383519,0.9814093337605774,0.9975153941359047,0.9820531119804149,0.9151899541965195,0.906163984301068,0.6940122879625883,0.9700811101882288,0.922171447877851,0.34140509120820517,-0.2240395949950849,0.880052236592027,0.9194029113355291,0.9614913163591496,0.9554385521753912,0.9522683906043621,0.9721164010726382,0.955412456118313,0.9359148595447015,0.9744085382290233,0.9686507401254544,0.9528382379889241],[0.9733333924242222,0.9703529042256613,1.0,0.9841095127238881,0.9940113651132131,0.9691962456093924,0.9777740204764694,0.95207963268842,0.9735043415783681,0.9838560493074513,0.9905169467021497,0.9872516949985988,0.997139861265657,0.9969426729107465,0.9902243066766891,0.9664747823055343,0.9837603023094047,0.9514450939789519,0.8485041902297034,0.8140912067940469,0.5324927437997424,0.9924157106272239,0.9357822559486269,0.16882927831876668,-0.2121617571245716,0.8767203620724084,0.9476782144071346,0.9659743184899129,0.9073223820780182,0.9011150062683475,0.967040091147538,0.9028603166915379,0.8740579376951225,0.9599666232384146,0.9705900955496637,0.9141051855481336],[0.9968472684369225,0.9920658355428282,0.9841095127238881,1.0,0.9690675891618706,0.9761169411902765,0.9544771144485688,0.9775826181997068,0.971857898759789,0.9999725891515646,0.999992611828324,0.9999654239842515,0.993861054406841,0.9928446535121428,0.9999541583794613,0.9746596298857392,0.9957844644266899,0.9769186192110563,0.8768274726929334,0.8956627223081489,0.6303430387557133,0.9940870918827363,0.9428260232004606,0.3072847888999476,-0.2779026817983284,0.8902288630843743,0.9386706870419029,0.9643275745359744,0.9589098258782388,0.9555839096873886,0.9823736515887913,0.9538339566719715,0.9184334753592989,0.9794227789716566,0.9748192117580734,0.9458852643629103],[0.9507174871682347,0.9475831628286207,0.9940113651132131,0.9690675891618706,1.0,0.9383613700019776,0.9549861171821055,0.9206583130155118,0.9483031209328806,0.9691981751617998,0.9786586122717066,0.9746700381065069,0.9830830022373586,0.9807135400870985,0.9781445169049995,0.9341726973232988,0.9621910064701465,0.9196280835225854,0.8083221331706621,0.7768834110981673,0.47696263234656106,0.9849896232544346,0.9264474217797993,0.1313578012270721,-0.19828053655113154,0.8376522745322154,0.9558382691049216,0.945853487878811,0.8696755743468154,0.8709486904316095,0.9512586772020705,0.8657930421928292,0.8295499750563446,0.9365160233700681,0.948157923971026,0.8782869869345051],[0.9847999652320046,0.9811279154864196,0.9691962456093924,0.9761169411902765,0.9383613700019776,1.0,0.9832897046670517,0.9828432838878047,0.983803864708024,0.975619837933025,0.9700240438506722,0.9736012217160244,0.9709640721385456,0.9684328643451923,0.9700435988156374,0.9999052609626884,0.9873675120884674,0.9836874447178208,0.9010130999393283,0.8725215797815127,0.6414890806684005,0.9670518195892256,0.9109003736057796,0.22280029172178392,-0.21646102843298265,0.9328191305434786,0.896510221435668,0.9664395560743632,0.9586831121921671,0.9363694094464745,0.9603266992951415,0.9548910740637125,0.9496982738415125,0.9652441761081099,0.9806049399947041,0.9601225486753802],[0.9565092356487609,0.9529436453354013,0.9777740204764694,0.9544771144485688,0.9549861171821055,0.9832897046670517,1.0,0.9545388507712731,0.9848320797429239,0.9532528470341182,0.9624518878978895,0.9593593541431837,0.9773206414696535,0.9774264682386556,0.9622500128991909,0.984460927132905,0.9736829910468792,0.9568213174332405,0.8639115894345719,0.7927058312446782,0.5298704575075003,0.9577997604826101,0.9141081609916454,0.08420554369138089,-0.15625854790752372,0.8942101937223359,0.9006464963961804,0.9617573393773433,0.902503550718273,0.8748145782834577,0.9434817060780352,0.8975177970228985,0.8994231838313859,0.9400680588790034,0.9714864437569078,0.9171084662497353],[0.9876537744316471,0.9800934701583548,0.95207963268842,0.9775826181997068,0.9206583130155118,0.9828432838878047,0.9545388507712731,1.0,0.9841728556484866,0.9775818177804276,0.9723879185267731,0.9763750461791262,0.9633024091468206,0.9619237472262651,0.9726350679073956,0.9846519267930055,0.9850443938578792,0.9998879483870345,0.9284923360660385,0.9307428984871208,0.6125164762120336,0.9633536326350205,0.9033353381208308,0.19908192453938603,-0.3058173869577463,0.9096265236095998,0.8675850674098065,0.9475500638746039,0.9793814988608636,0.9588834702017645,0.9677792984153579,0.967171557662978,0.9379017552812831,0.9650803658210303,0.9614417754814439,0.9693910329050496],[0.9761827522609414,0.9706310596868384,0.9735043415783681,0.971857898759789,0.9483031209328806,0.983803864708024,0.9848320797429239,0.9841728556484866,1.0,0.9711878994954819,0.9669176292779978,0.9699066623474142,0.9684838421927094,0.9647563895674409,0.9668845294666706,0.9829241103617836,0.9755957641515015,0.9835526139462532,0.9025489519147053,0.8650514964801908,0.5288731628619215,0.9680514720588754,0.9224356019525187,0.0591992184563485,-0.22881227178250513,0.887955217884543,0.8797866689559372,0.9670573532929152,0.9383303158806557,0.9094383182969731,0.9640595783251906,0.9254435986674946,0.9038303552592368,0.9564834789185338,0.9749760686540832,0.9323890755235189],[0.9970013170012184,0.9933005746941413,0.9838560493074513,0.9999725891515646,0.9691981751617998,0.975619837933025,0.9532528470341182,0.9775818177804276,0.9711878994954819,1.0,0.9999913355395066,0.9999836188970503,0.9937789926701119,0.9927479779958523,0.9999581711654683,0.9741696767589791,0.9956751191719684,0.9770095573453194,0.8785533229743845,0.896940847928935,0.6265939663061422,0.9942812763032665,0.9428455815888233,0.31219996036726283,-0.27738412257151124,0.8907259108321167,0.9370740156083628,0.9629807966812375,0.9586321597343103,0.9547735423130433,0.981554419845739,0.9532426637530442,0.9171179192607267,0.978712783124896,0.9738787415257868,0.9445505174052322],[0.9964875917379652,0.9950433562571183,0.9905169467021497,0.999992611828324,0.9786586122717066,0.9700240438506722,0.9624518878978895,0.9723879185267731,0.9669176292779978,0.9999913355395066,1.0,0.9999754510533075,0.9938889375557124,0.9928491609861173,0.999960556427958,0.9695860162931896,0.9954706196893325,0.9728856582851866,0.8979188486641275,0.9252855064642002,0.4921198407477463,0.9973352671785647,0.9307194143285221,-0.17119395631931178,0.40400624246840927,0.8854826982333207,0.9117379435222588,0.9635528490606237,0.9482443339939784,0.938033063735777,0.9745237986074772,0.9327371607144792,0.8916150002555683,0.9703623864815721,0.9820506804157693,0.9405615325187404],[0.996948755271772,0.9946140975832858,0.9872516949985988,0.9999654239842515,0.9746700381065069,0.9736012217160244,0.9593593541431837,0.9763750461791262,0.9699066623474142,0.9999836188970503,0.9999754510533075,1.0,0.993763182387018,0.9927113665821995,0.9999686256261446,0.9733141671332478,0.9955909939178776,0.9763762582766042,0.8857900098478906,0.9138464426452537,0.5621093280447154,0.9963645607550665,0.94043574543847,0.040946731171531754,-0.17545325393420794,0.9015936740285936,0.9241127545666572,0.9584179446927686,0.9518645191040034,0.9453737345076881,0.9786040041850063,0.9435876091431795,0.9107005926289029,0.9753531942434218,0.9737548001669383,0.9476762172522164],[0.992247059008294,0.9916585324756017,0.997139861265657,0.993861054406841,0.9830830022373586,0.9709640721385456,0.9773206414696535,0.9633024091468206,0.9684838421927094,0.9937789926701119,0.9938889375557124,0.993763182387018,1.0,0.9997969234772126,0.9938151248762148,0.9703981741196451,0.9924280479783814,0.9636620633607151,0.8826375907832177,0.9117465159666926,0.4074757620451422,0.9907274440921916,0.9274647970239296,-0.4290205281455264,0.42221567503183316,0.8640413335255074,0.9160734693682435,0.9624022784830961,0.9268507936639341,0.9062491446331892,0.9607767263497369,0.907744540212917,0.8546228335311011,0.9654830825203939,0.9775374169139953,0.9320111192132321],[0.9934050581455356,0.9918534498133307,0.9969426729107465,0.9928446535121428,0.9807135400870985,0.9684328643451923,0.9774264682386556,0.9619237472262651,0.9647563895674409,0.9927479779958523,0.9928491609861173,0.9927113665821995,0.9997969234772126,1.0,0.992891507234224,0.9677429922179008,0.9933920678590928,0.9624207360358765,0.8664563007769691,0.9219411205949751,0.26137061431024755,0.9876178854340014,0.9218223428671085,-0.75369590608933,0.3948037316553359,0.8318779322875355,0.915113375290011,0.9574034583823364,0.9197794952780536,0.8969438812381357,0.955554069010579,0.9093470090712392,0.8318820666526472,0.9652505078233912,0.975908615854342,0.9280086896923857],[0.9965771190806052,0.9951066732383519,0.9902243066766891,0.9999541583794613,0.9781445169049995,0.9700435988156374,0.9622500128991909,0.9726350679073956,0.9668845294666706,0.9999581711654683,0.999960556427958,0.9999686256261446,0.9938151248762148,0.992891507234224,1.0,0.9696917457533902,0.9955560855555029,0.9730412271412907,0.8982208215097979,0.92579723577998,0.49216309124199453,0.997146598450364,0.9307995270345318,-0.16923293041146353,0.4065182898506329,0.8860700588776002,0.9104853161686763,0.9631044277066283,0.9483723319052892,0.9384458923663915,0.9745336007305512,0.9332118442619407,0.8919887874908337,0.9702690491177021,0.9820654309059511,0.9412203999317441],[0.9860751623421082,0.9814093337605774,0.9664747823055343,0.9746596298857392,0.9341726973232988,0.9999052609626884,0.984460927132905,0.9846519267930055,0.9829241103617836,0.9741696767589791,0.9695860162931896,0.9733141671332478,0.9703981741196451,0.9677429922179008,0.9696917457533902,1.0,0.9873151800122719,0.9839380594222062,0.9039367695843118,0.8964078423333016,0.6263661846904442,0.9644041387066966,0.9055993563989627,0.07422009462372746,-0.191020382109177,0.9396848859742907,0.8842132023175198,0.963737617241621,0.9619946057224884,0.9339133783895042,0.9570191877333502,0.9561517290387527,0.9484248376607853,0.9671823086977948,0.9797847641992714,0.9640834133747663],[0.9997341487539642,0.9975153941359047,0.9837603023094047,0.9957844644266899,0.9621910064701465,0.9873675120884674,0.9736829910468792,0.9850443938578792,0.9755957641515015,0.9956751191719684,0.9954706196893325,0.9955909939178776,0.9924280479783814,0.9933920678590928,0.9955560855555029,0.9873151800122719,1.0,0.9854750586190694,0.9193072887124817,0.9369833283200277,0.5538871485034237,0.9882335485411832,0.9223008466638608,-0.11067642883846097,0.4316890653517809,0.9162190016210345,0.8981833152760123,0.9674918820978838,0.9670854611761113,0.9483902937399834,0.9725390870396546,0.953078680450453,0.9246744529646969,0.9770607745271958,0.9877814871340329,0.9638302561779799],[0.9873641349883672,0.9820531119804149,0.9514450939789519,0.9769186192110563,0.9196280835225854,0.9836874447178208,0.9568213174332405,0.9998879483870345,0.9835526139462532,0.9770095573453194,0.9728856582851866,0.9763762582766042,0.9636620633607151,0.9624207360358765,0.9730412271412907,0.9839380594222062,0.9854750586190694,1.0,0.9313475020209091,0.9369061885099261,0.6092655925718159,0.9616435501841338,0.9069044769261909,0.16206408662392394,-0.28391346617850594,0.9143617335699645,0.8622305607154068,0.9475046588495055,0.9798575866370651,0.958375544191682,0.9661116926367284,0.9659456570921547,0.9375406621558873,0.9642789266742768,0.9595200470333721,0.970461459945386],[0.8960813883068605,0.9151899541965195,0.8485041902297034,0.8768274726929334,0.8083221331706621,0.9010130999393283,0.8639115894345719,0.9284923360660385,0.9025489519147053,0.8785533229743845,0.8979188486641275,0.8857900098478906,0.8826375907832177,0.8664563007769691,0.8982208215097979,0.9039367695843118,0.9193072887124817,0.9313475020209091,1.0,0.8327242657531927,0.6864139303639446,0.8473155139560778,0.8066815569081953,0.24675037510115194,-0.1618273138779183,0.861043129785459,0.735224381219851,0.8580680515474988,0.894982201791106,0.8623468399313499,0.8530299419312206,0.8746998778953757,0.8610181282476872,0.8563521563842594,0.8731314132884995,0.897016523792186],[0.9159443619894521,0.906163984301068,0.8140912067940469,0.8956627223081489,0.7768834110981673,0.8725215797815127,0.7927058312446782,0.9307428984871208,0.8650514964801908,0.896940847928935,0.9252855064642002,0.9138464426452537,0.9117465159666926,0.9219411205949751,0.92579723577998,0.8964078423333016,0.9369833283200277,0.9369061885099261,0.8327242657531927,1.0,0.8197831203134988,0.8447535905915192,0.8658589186350989,0.6222909905418875,-0.5197137258567855,0.7236347231356012,0.8091393744188096,0.8170573363431471,0.9603163991782454,0.9390098366185602,0.8947729755841508,0.9481113992735715,0.9029718004273224,0.8999619530487729,0.8506184486572479,0.887907150402058],[0.6716725417945398,0.6940122879625883,0.5324927437997424,0.6303430387557133,0.47696263234656106,0.6414890806684005,0.5298704575075003,0.6125164762120336,0.5288731628619215,0.6265939663061422,0.4921198407477463,0.5621093280447154,0.4074757620451422,0.26137061431024755,0.49216309124199453,0.6263661846904442,0.5538871485034237,0.6092655925718159,0.6864139303639446,0.8197831203134988,1.0,0.5617646601446943,0.6729442723572813,0.723517907255206,-0.11597360884883612,0.5305692740702797,0.5584433670710498,0.596378040426148,0.7642346384152546,0.6920891086106372,0.6019534964848412,0.7273309178450301,0.7474625183938202,0.6471836902723737,0.6133417413552876,0.6674710293589121],[0.9843212088482701,0.9700811101882288,0.9924157106272239,0.9940870918827363,0.9849896232544346,0.9670518195892256,0.9577997604826101,0.9633536326350205,0.9680514720588754,0.9942812763032665,0.9973352671785647,0.9963645607550665,0.9907274440921916,0.9876178854340014,0.997146598450364,0.9644041387066966,0.9882335485411832,0.9616435501841338,0.8473155139560778,0.8447535905915192,0.5617646601446943,1.0,0.9215582791237802,0.23450381528704192,-0.26717659106700076,0.8717280486830717,0.9457315648947707,0.9660807766785392,0.923618120373664,0.93403467785117,0.9742120127608124,0.9277818605175117,0.8879196057529524,0.9673365672827219,0.9606471528095402,0.9246791292662094],[0.9381316994762576,0.922171447877851,0.9357822559486269,0.9428260232004606,0.9264474217797993,0.9109003736057796,0.9141081609916454,0.9033353381208308,0.9224356019525187,0.9428455815888233,0.9307194143285221,0.94043574543847,0.9274647970239296,0.9218223428671085,0.9307995270345318,0.9055993563989627,0.9223008466638608,0.9069044769261909,0.8066815569081953,0.8658589186350989,0.6729442723572813,0.9215582791237802,1.0,0.27675498906182844,-0.18525577059434795,0.7271805426914517,0.9107167516885085,0.9046061570720917,0.8984364479020156,0.8623930589053852,0.9397834464272726,0.8743700414699295,0.8408203057844192,0.934117907333619,0.8929812825463664,0.8646747988308969],[0.34238881416757583,0.34140509120820517,0.16882927831876668,0.3072847888999476,0.1313578012270721,0.22280029172178392,0.08420554369138089,0.19908192453938603,0.0591992184563485,0.31219996036726283,-0.17119395631931178,0.040946731171531754,-0.4290205281455264,-0.75369590608933,-0.16923293041146353,0.07422009462372746,-0.11067642883846097,0.16206408662392394,0.24675037510115194,0.6222909905418875,0.723517907255206,0.23450381528704192,0.27675498906182844,1.0,-0.37944577902488513,0.2516210653235758,0.21070711662213035,0.158856638466356,0.4480157979478926,0.4386555929737953,0.27867764653481164,0.46190545628947693,0.3929327228052379,0.31038238276708385,0.23217921542826134,0.3521799252420843],[-0.2905110857320309,-0.2240395949950849,-0.2121617571245716,-0.2779026817983284,-0.19828053655113154,-0.21646102843298265,-0.15625854790752372,-0.3058173869577463,-0.22881227178250513,-0.27738412257151124,0.40400624246840927,-0.17545325393420794,0.42221567503183316,0.3948037316553359,0.4065182898506329,-0.191020382109177,0.4316890653517809,-0.28391346617850594,-0.1618273138779183,-0.5197137258567855,-0.11597360884883612,-0.26717659106700076,-0.18525577059434795,-0.37944577902488513,1.0,-0.15598506496140677,-0.2503392333583789,-0.18108169311979136,-0.38288132519231644,-0.37106095292988456,-0.30735735918889184,-0.3411384043872079,-0.2096347721596129,-0.3359980452638079,-0.1808596289647501,-0.3114910157885502],[0.9003350282802192,0.880052236592027,0.8767203620724084,0.8902288630843743,0.8376522745322154,0.9328191305434786,0.8942101937223359,0.9096265236095998,0.887955217884543,0.8907259108321167,0.8854826982333207,0.9015936740285936,0.8640413335255074,0.8318779322875355,0.8860700588776002,0.9396848859742907,0.9162190016210345,0.9143617335699645,0.861043129785459,0.7236347231356012,0.5305692740702797,0.8717280486830717,0.7271805426914517,0.2516210653235758,-0.15598506496140677,1.0,0.7664594990366784,0.890254991402006,0.8276142944010364,0.8704079722041321,0.8349685793955384,0.8776633023420825,0.8717962511481817,0.865384373373552,0.8723763977690885,0.9033324566217206],[0.924313965950759,0.9194029113355291,0.9476782144071346,0.9386706870419029,0.9558382691049216,0.896510221435668,0.9006464963961804,0.8675850674098065,0.8797866689559372,0.9370740156083628,0.9117379435222588,0.9241127545666572,0.9160734693682435,0.915113375290011,0.9104853161686763,0.8842132023175198,0.8981833152760123,0.8622305607154068,0.735224381219851,0.8091393744188096,0.5584433670710498,0.9457315648947707,0.9107167516885085,0.21070711662213035,-0.2503392333583789,0.7664594990366784,1.0,0.8857826357289711,0.8640579851093876,0.858036903689529,0.9156775623379948,0.8537642797655773,0.8137997795037722,0.9089326802189928,0.8982608589138921,0.85527251727017],[0.9621330417598211,0.9614913163591496,0.9659743184899129,0.9643275745359744,0.945853487878811,0.9664395560743632,0.9617573393773433,0.9475500638746039,0.9670573532929152,0.9629807966812375,0.9635528490606237,0.9584179446927686,0.9624022784830961,0.9574034583823364,0.9631044277066283,0.963737617241621,0.9674918820978838,0.9475046588495055,0.8580680515474988,0.8170573363431471,0.596378040426148,0.9660807766785392,0.9046061570720917,0.158856638466356,-0.18108169311979136,0.890254991402006,0.8857826357289711,1.0,0.9132404597162717,0.8989651729643512,0.9480033271326169,0.8986234291902296,0.8891109434614238,0.9538266081699184,0.9748211664430668,0.8996883484710835],[0.9738791848293897,0.9554385521753912,0.9073223820780182,0.9589098258782388,0.8696755743468154,0.9586831121921671,0.902503550718273,0.9793814988608636,0.9383303158806557,0.9586321597343103,0.9482443339939784,0.9518645191040034,0.9268507936639341,0.9197794952780536,0.9483723319052892,0.9619946057224884,0.9670854611761113,0.9798575866370651,0.894982201791106,0.9603163991782454,0.7642346384152546,0.923618120373664,0.8984364479020156,0.4480157979478926,-0.38288132519231644,0.8276142944010364,0.8640579851093876,0.9132404597162717,1.0,0.9867880955431125,0.9576360347469649,0.9908773723382303,0.9545763291679996,0.9590817245791105,0.915436796488932,0.9685733405246016],[0.9638976904468827,0.9522683906043621,0.9011150062683475,0.9555839096873886,0.8709486904316095,0.9363694094464745,0.8748145782834577,0.9588834702017645,0.9094383182969731,0.9547735423130433,0.938033063735777,0.9453737345076881,0.9062491446331892,0.8969438812381357,0.9384458923663915,0.9339133783895042,0.9483902937399834,0.958375544191682,0.8623468399313499,0.9390098366185602,0.6920891086106372,0.93403467785117,0.8623930589053852,0.4386555929737953,-0.37106095292988456,0.8704079722041321,0.858036903689529,0.8989651729643512,0.9867880955431125,1.0,0.9499358176207534,0.9849000902743789,0.9566205428679977,0.9421303349779877,0.9258074625429372,0.9651397090142769],[0.9802679008786517,0.9721164010726382,0.967040091147538,0.9823736515887913,0.9512586772020705,0.9603266992951415,0.9434817060780352,0.9677792984153579,0.9640595783251906,0.981554419845739,0.9745237986074772,0.9786040041850063,0.9607767263497369,0.955554069010579,0.9745336007305512,0.9570191877333502,0.9725390870396546,0.9661116926367284,0.8530299419312206,0.8947729755841508,0.6019534964848412,0.9742120127608124,0.9397834464272726,0.27867764653481164,-0.30735735918889184,0.8349685793955384,0.9156775623379948,0.9480033271326169,0.9576360347469649,0.9499358176207534,1.0,0.9494963551067901,0.9080499756448759,0.9789135560581269,0.9658153060656339,0.9453279160427785],[0.9686551419806442,0.955412456118313,0.9028603166915379,0.9538339566719715,0.8657930421928292,0.9548910740637125,0.8975177970228985,0.967171557662978,0.9254435986674946,0.9532426637530442,0.9327371607144792,0.9435876091431795,0.907744540212917,0.9093470090712392,0.9332118442619407,0.9561517290387527,0.953078680450453,0.9659456570921547,0.8746998778953757,0.9481113992735715,0.7273309178450301,0.9277818605175117,0.8743700414699295,0.46190545628947693,-0.3411384043872079,0.8776633023420825,0.8537642797655773,0.8986234291902296,0.9908773723382303,0.9849000902743789,0.9494963551067901,1.0,0.9743442093732952,0.947242035113435,0.9383647019635266,0.9653921676583338],[0.9367570442042431,0.9359148595447015,0.8740579376951225,0.9184334753592989,0.8295499750563446,0.9496982738415125,0.8994231838313859,0.9379017552812831,0.9038303552592368,0.9171179192607267,0.8916150002555683,0.9107005926289029,0.8546228335311011,0.8318820666526472,0.8919887874908337,0.9484248376607853,0.9246744529646969,0.9375406621558873,0.8610181282476872,0.9029718004273224,0.7474625183938202,0.8879196057529524,0.8408203057844192,0.3929327228052379,-0.2096347721596129,0.8717962511481817,0.8137997795037722,0.8891109434614238,0.9545763291679996,0.9566205428679977,0.9080499756448759,0.9743442093732952,1.0,0.906865577925961,0.9255026058068299,0.9534344356631065],[0.9833674430544279,0.9744085382290233,0.9599666232384146,0.9794227789716566,0.9365160233700681,0.9652441761081099,0.9400680588790034,0.9650803658210303,0.9564834789185338,0.978712783124896,0.9703623864815721,0.9753531942434218,0.9654830825203939,0.9652505078233912,0.9702690491177021,0.9671823086977948,0.9770607745271958,0.9642789266742768,0.8563521563842594,0.8999619530487729,0.6471836902723737,0.9673365672827219,0.934117907333619,0.31038238276708385,-0.3359980452638079,0.865384373373552,0.9089326802189928,0.9538266081699184,0.9590817245791105,0.9421303349779877,0.9789135560581269,0.947242035113435,0.906865577925961,1.0,0.962035176948873,0.9472439292890874],[0.9767081255445709,0.9686507401254544,0.9705900955496637,0.9748192117580734,0.948157923971026,0.9806049399947041,0.9714864437569078,0.9614417754814439,0.9749760686540832,0.9738787415257868,0.9820506804157693,0.9737548001669383,0.9775374169139953,0.975908615854342,0.9820654309059511,0.9797847641992714,0.9877814871340329,0.9595200470333721,0.8731314132884995,0.8506184486572479,0.6133417413552876,0.9606471528095402,0.8929812825463664,0.23217921542826134,-0.1808596289647501,0.8723763977690885,0.8982608589138921,0.9748211664430668,0.915436796488932,0.9258074625429372,0.9658153060656339,0.9383647019635266,0.9255026058068299,0.962035176948873,1.0,0.9268975255052361],[0.9576421407548249,0.9528382379889241,0.9141051855481336,0.9458852643629103,0.8782869869345051,0.9601225486753802,0.9171084662497353,0.9693910329050496,0.9323890755235189,0.9445505174052322,0.9405615325187404,0.9476762172522164,0.9320111192132321,0.9280086896923857,0.9412203999317441,0.9640834133747663,0.9638302561779799,0.970461459945386,0.897016523792186,0.887907150402058,0.6674710293589121,0.9246791292662094,0.8646747988308969,0.3521799252420843,-0.3114910157885502,0.9033324566217206,0.85527251727017,0.8996883484710835,0.9685733405246016,0.9651397090142769,0.9453279160427785,0.9653921676583338,0.9534344356631065,0.9472439292890874,0.9268975255052361,1.0]],"x":["^TAIEX       \u81fa\u7063\u52a0\u6b0a\u5831\u916c\u6307\u6578","^TWII        \u81fa\u7063\u52a0\u6b0a\u6307\u6578","^TAIEXx2     \u81fa\u7063\u52a0\u6b0a\u5831\u916c\u6307\u6578_\u65e5\u6b632","^TAI50I      \u81fa\u706350\u5831\u916c\u6307\u6578","^TAI50Ix2    \u81fa\u706350\u5831\u916c\u6307\u6578_\u65e5\u6b632","^TAI100I     \u81fa\u7063\u4e2d\u578b100\u5831\u916c\u6307\u6578","^TAI100Ix2   \u81fa\u7063\u4e2d\u578b100\u5831\u916c\u6307\u6578_\u65e5\u6b632","^TAIDIVIDI   \u81fa\u7063\u9ad8\u80a1\u606f\u5831\u916c\u6307\u6578","^TAIDIVIDIx2 \u81fa\u7063\u9ad8\u80a1\u606f\u5831\u916c\u6307\u6578_\u65e5\u6b632","0050Fund     \u5143\u5927\u53f0\u7063\u5353\u8d8a50\u57fa\u91d1","006208Fund   \u5bcc\u90a6\u53f0\u7063\u91c6\u540950\u57fa\u91d1","0050         \u5143\u5927\u81fa\u706350","00631L       \u5143\u5927\u53f0\u706350\u6b632","00675L       \u5bcc\u90a6\u81fa\u7063\u52a0\u6b0a\u6b632","006208       \u5bcc\u90a6\u53f050","0051         \u5143\u5927\u4e2d\u578b100","006204       \u6c38\u8c50\u81fa\u7063\u52a0\u6b0a","0056         \u5143\u5927\u9ad8\u80a1\u606f","0056         \u5143\u5927\u9ad8\u80a1\u606f_\u80a1\u606f\u4e0d\u6295\u5165","2412         \u4e2d\u83ef\u96fb\u4fe1","2002         \u4e2d\u92fc","2330         \u53f0\u7a4d\u96fb","2317         \u9d3b\u6d77","6505         \u53f0\u5851\u77f3\u5316","3481         \u7fa4\u5275","2303         \u806f\u96fb","2308         \u53f0\u9054\u96fb","2454         \u806f\u767c\u79d1","2886         \u5146\u8c50\u91d1","2884         \u7389\u5c71\u91d1","2891         \u4e2d\u4fe1\u91d1","2892         \u7b2c\u4e00\u91d1","5880         \u5408\u5eab\u91d1","2881         \u5bcc\u90a6\u91d1","2885         \u5143\u5927\u91d1","2887         \u53f0\u65b0\u91d1"],"y":["^TAIEX       \u81fa\u7063\u52a0\u6b0a\u5831\u916c\u6307\u6578","^TWII        \u81fa\u7063\u52a0\u6b0a\u6307\u6578","^TAIEXx2     \u81fa\u7063\u52a0\u6b0a\u5831\u916c\u6307\u6578_\u65e5\u6b632","^TAI50I      \u81fa\u706350\u5831\u916c\u6307\u6578","^TAI50Ix2    \u81fa\u706350\u5831\u916c\u6307\u6578_\u65e5\u6b632","^TAI100I     \u81fa\u7063\u4e2d\u578b100\u5831\u916c\u6307\u6578","^TAI100Ix2   \u81fa\u7063\u4e2d\u578b100\u5831\u916c\u6307\u6578_\u65e5\u6b632","^TAIDIVIDI   \u81fa\u7063\u9ad8\u80a1\u606f\u5831\u916c\u6307\u6578","^TAIDIVIDIx2 \u81fa\u7063\u9ad8\u80a1\u606f\u5831\u916c\u6307\u6578_\u65e5\u6b632","0050Fund     \u5143\u5927\u53f0\u7063\u5353\u8d8a50\u57fa\u91d1","006208Fund   \u5bcc\u90a6\u53f0\u7063\u91c6\u540950\u57fa\u91d1","0050         \u5143\u5927\u81fa\u706350","00631L       \u5143\u5927\u53f0\u706350\u6b632","00675L       \u5bcc\u90a6\u81fa\u7063\u52a0\u6b0a\u6b632","006208       \u5bcc\u90a6\u53f050","0051         \u5143\u5927\u4e2d\u578b100","006204       \u6c38\u8c50\u81fa\u7063\u52a0\u6b0a","0056         \u5143\u5927\u9ad8\u80a1\u606f","0056         \u5143\u5927\u9ad8\u80a1\u606f_\u80a1\u606f\u4e0d\u6295\u5165","2412         \u4e2d\u83ef\u96fb\u4fe1","2002         \u4e2d\u92fc","2330         \u53f0\u7a4d\u96fb","2317         \u9d3b\u6d77","6505         \u53f0\u5851\u77f3\u5316","3481         \u7fa4\u5275","2303         \u806f\u96fb","2308         \u53f0\u9054\u96fb","2454         \u806f\u767c\u79d1","2886         \u5146\u8c50\u91d1","2884         \u7389\u5c71\u91d1","2891         \u4e2d\u4fe1\u91d1","2892         \u7b2c\u4e00\u91d1","5880         \u5408\u5eab\u91d1","2881         \u5bcc\u90a6\u91d1","2885         \u5143\u5927\u91d1","2887         \u53f0\u65b0\u91d1"],"zmin":-1,"zmax":1,"colorbar":{"x":-0.2}}],"layout":{"autotypenumbers":"strict","colorway":["#636efa","#EF553B","#00cc96","#ab63fa","#FFA15A","#19d3f3","#FF6692","#B6E880","#FF97FF","#FECB52"],"font":{"color":"#f2f5fa","family":"Courier New"},"hovermode":"closest","hoverlabel":{"align":"left"},"paper_bgcolor":"rgb(17,17,17)","plot_bgcolor":"rgb(17,17,17)","polar":{"bgcolor":"rgb(17,17,17)","angularaxis":{"gridcolor":"#506784","linecolor":"#506784","ticks":""},"radialaxis":{"gridcolor":"#506784","linecolor":"#506784","ticks":""}},"ternary":{"bgcolor":"rgb(17,17,17)","aaxis":{"gridcolor":"#506784","linecolor":"#506784","ticks":""},"baxis":{"gridcolor":"#506784","linecolor":"#506784","ticks":""},"caxis":{"gridcolor":"#506784","linecolor":"#506784","ticks":""}},"coloraxis":{"colorbar":{"outlinewidth":0,"ticks":""}},"colorscale":{"sequential":[[0.0,"#0d0887"],[0.1111111111111111,"#46039f"],[0.2222222222222222,"#7201a8"],[0.3333333333333333,"#9c179e"],[0.4444444444444444,"#bd3786"],[0.5555555555555556,"#d8576b"],[0.6666666666666666,"#ed7953"],[0.7777777777777778,"#fb9f3a"],[0.8888888888888888,"#fdca26"],[1.0,"#f0f921"]],"sequentialminus":[[0.0,"#0d0887"],[0.1111111111111111,"#46039f"],[0.2222222222222222,"#7201a8"],[0.3333333333333333,"#9c179e"],[0.4444444444444444,"#bd3786"],[0.5555555555555556,"#d8576b"],[0.6666666666666666,"#ed7953"],[0.7777777777777778,"#fb9f3a"],[0.8888888888888888,"#fdca26"],[1.0,"#f0f921"]],"diverging":[[0,"#8e0152"],[0.1,"#c51b7d"],[0.2,"#de77ae"],[0.3,"#f1b6da"],[0.4,"#fde0ef"],[0.5,"#f7f7f7"],[0.6,"#e6f5d0"],[0.7,"#b8e186"],[0.8,"#7fbc41"],[0.9,"#4d9221"],[1,"#276419"]]},"xaxis":{"gridcolor":"rgba(0, 0, 0, 0)","linecolor":"#506784","ticks":"","title":{"standoff":15},"zerolinecolor":"#283442","automargin":true,"zerolinewidth":2,"tickfont":{"family":"Courier New","size":14},"side":"top","tickangle":-90},"yaxis":{"gridcolor":"rgba(0, 0, 0, 0)","linecolor":"#506784","ticks":"","title":{"standoff":15},"zerolinecolor":"#283442","automargin":true,"zerolinewidth":2,"tickfont":{"family":"Courier New"},"side":"right"},"scene":{"xaxis":{"backgroundcolor":"rgb(17,17,17)","gridcolor":"#506784","linecolor":"#506784","showbackground":true,"ticks":"","zerolinecolor":"#C8D4E3","gridwidth":2},"yaxis":{"backgroundcolor":"rgb(17,17,17)","gridcolor":"#506784","linecolor":"#506784","showbackground":true,"ticks":"","zerolinecolor":"#C8D4E3","gridwidth":2},"zaxis":{"backgroundcolor":"rgb(17,17,17)","gridcolor":"#506784","linecolor":"#506784","showbackground":true,"ticks":"","zerolinecolor":"#C8D4E3","gridwidth":2}},"shapedefaults":{"line":{"color":"#f2f5fa"}},"annotationdefaults":{"arrowcolor":"#f2f5fa","arrowhead":0,"arrowwidth":1},"geo":{"bgcolor":"rgb(17,17,17)","landcolor":"rgb(17,17,17)","subunitcolor":"#506784","showland":true,"showlakes":true,"lakecolor":"rgb(17,17,17)"},"title":{"x":0.05,"font":{"family":"Times New Roman"},"y":0.05,"text":"<b>Correlation of Adj Close<b><br><i>2016-09-23 ~ 2026-01-21<i>"},"updatemenudefaults":{"bgcolor":"#506784","borderwidth":0},"sliderdefaults":{"bgcolor":"#C8D4E3","borderwidth":1,"bordercolor":"rgb(17,17,17)","tickwidth":0},"mapbox":{"style":"dark"},"annotations":[{"text":"<b>@zwindr<b>","textangle":0,"opacity":0.5,"font":{"color":"white","size":12},"xref":"paper","yref":"paper","xanchor":"left","yanchor":"bottom","x":1.0,"y":1.0,"showarrow":false}]},"config":{"responsive":true,"toImageButtonOptions":{"filename":"Correlation of Adj Close_2016-09-23~2026-01-21","scale":5}}};Plotly.newPlot("correlationAdjClose",correlationAdjClose.data,correlationAdjClose.layout||{},correlationAdjClose.config);}else{console.log("style display is none => correlationAdjClose");}