var element=document.getElementById("correlationAdjClose");if(element.style.display!='none'){var correlationAdjClose={"data":[{"type":"heatmap","z":[[1.0,0.995733227022785,0.9686347837753978,0.9965979467665148,0.9412271014002075,0.9859787127589755,0.9600890873321485,0.9852618389677272,0.9776631761307192,0.9967451929067593,0.9963316360694415,0.9967410482279296,0.9896486160224878,0.9910590037938279,0.9964395737320251,0.9870368580672366,0.9997421938781506,0.9847635115524185,0.8927538961031464,0.9101900320164128,0.651198618980913,0.9839086769131541,0.9421115370670513,0.32148538219858463,-0.2723431057439149,0.9052180211558598,0.9161621252271301,0.9654410590857431,0.9661116996698594,0.9610121084871652,0.9819924102068363,0.9632924135885922,0.9279045975597832,0.9814993561050323,0.9787880784081779,0.9605377382591647],[0.995733227022785,1.0,0.967348555119105,0.9925682747708441,0.9401819809409977,0.9824446549589861,0.9574388479828942,0.9773518252665125,0.9722508663560091,0.9937291956251492,0.9953914316644701,0.9949819466685247,0.9900658266766249,0.9906738033035567,0.9954713158416763,0.9825775632744806,0.9977853141198232,0.9789985789030456,0.909270591017542,0.9000529886246973,0.6743037086016991,0.9715265585808373,0.9261410157559727,0.3195420924014204,-0.20820161431886883,0.8860650686794369,0.9137701060202142,0.964858970902175,0.9481211180243356,0.9493812280388673,0.9745339930397183,0.9498294332523586,0.9267787416726901,0.9726729612830557,0.9714420210076731,0.9559259149153863],[0.9686347837753978,0.967348555119105,1.0,0.9818553319503659,0.9935403071042368,0.962953109917995,0.9777683874228883,0.9368222909171809,0.9645236908138142,0.9817034767898005,0.9884678467516268,0.9852141717536895,0.9972315631506503,0.9970775875689666,0.9881443041338307,0.9600748295770456,0.9797944182245537,0.93578845013795,0.8302199537413985,0.7959081899908893,0.498261290940671,0.9915348917577802,0.9292853023101605,0.14656614919259803,-0.18680357532232117,0.8721256721617965,0.9555308752815844,0.9620731625680218,0.8820907261809712,0.8854789658877874,0.9627606559148318,0.8823156647598153,0.8462068409944528,0.943358892323279,0.966920623133517,0.9120489419601313],[0.9965979467665148,0.9925682747708441,0.9818553319503659,1.0,0.9624524038436635,0.9772110229024832,0.9596089556300059,0.9730580674551718,0.972397360077121,0.9999755782576162,0.9999934572908665,0.9999687893515846,0.9935020599507977,0.9929805702813362,0.9999591167976282,0.9756304927960854,0.9959282759432507,0.972113176513496,0.8707277161358674,0.8867919055986228,0.6065796276109588,0.9942712405186688,0.9450483307593265,0.2842998010220784,-0.25724114088743194,0.8940230610955588,0.9347705795428514,0.9671821052522167,0.9475253470945488,0.9498038720592854,0.9834594039441883,0.9453945561423742,0.9058703426511572,0.9750351866463296,0.9769157831424686,0.9486843478275466],[0.9412271014002075,0.9401819809409977,0.9935403071042368,0.9624524038436635,1.0,0.9279282641650656,0.9532731502476205,0.8979359879825418,0.9334048864038264,0.9627241531244706,0.9725958586534077,0.9684228984506056,0.9829656807565813,0.9813950197792661,0.9720393649936223,0.9238094588345467,0.9543643697573774,0.8964389003273701,0.7824080987902171,0.7508386452275811,0.43769492688134976,0.9802383237969529,0.9114459085988615,0.10828280452158223,-0.168692558411835,0.8284489642383952,0.9655268094364802,0.9367777918813242,0.8350906079509768,0.8470491890086682,0.9411089148639252,0.8368836735328324,0.7928636453602905,0.9109358461732223,0.9399520486781997,0.8728977838923813],[0.9859787127589755,0.9824446549589861,0.962953109917995,0.9772110229024832,0.9279282641650656,1.0,0.9829930335309036,0.9821633492204551,0.9850002998504812,0.9767615184815561,0.9711319853307209,0.9746830003011966,0.9667211069882781,0.9643365774549625,0.9711976524011985,0.9999119542980808,0.9879434850434359,0.9828797879900425,0.8994166935409169,0.8713389567899688,0.6219351809751631,0.9674594387574251,0.9175679242560734,0.20620658803096792,-0.2036471292900569,0.9355959371828996,0.8888499331603935,0.9691885571543274,0.9533122429230634,0.9362380046024197,0.9636645235091148,0.9517052509304869,0.9419048732034234,0.9655034147500131,0.9820065052175799,0.9630106480519481],[0.9600890873321485,0.9574388479828942,0.9777683874228883,0.9596089556300059,0.9532731502476205,0.9829930335309036,1.0,0.9510668157041372,0.9835410376475185,0.9585286033374707,0.9671564032389067,0.9642002792569002,0.9781713752170988,0.9779433110323131,0.9669757836239169,0.9841006131085053,0.9764956437317073,0.9530437777274414,0.8579352678308658,0.7899879370504929,0.5062077615131503,0.9629006008821164,0.9189134941407152,0.0704555897078374,-0.14231056975905018,0.896093550121137,0.905968229510226,0.9644702177785375,0.8924453843233489,0.8732894381597377,0.9481940706872035,0.8909433564719554,0.8852449426105501,0.9371524695779069,0.9736794441876405,0.9218288053139472],[0.9852618389677272,0.9773518252665125,0.9368222909171809,0.9730580674551718,0.8979359879825418,0.9821633492204551,0.9510668157041372,1.0,0.9840662115314764,0.973035206141,0.9672807983237725,0.9716988209375316,0.950411308234429,0.9485237583666233,0.9676051475543821,0.9839737136125316,0.9818638912915205,0.999892097243414,0.9296678277909083,0.9316862135882245,0.5993737611043263,0.9568863044910416,0.9086099447073336,0.18273661427050383,-0.29443245193034817,0.9143187947199801,0.8463301083497689,0.9485470435769825,0.9781047801737597,0.9603170599205683,0.9672913354695518,0.9674437072215812,0.9363210642002708,0.9668995921689884,0.9606253592034378,0.9704838320556319],[0.9776631761307192,0.9722508663560091,0.9645236908138142,0.972397360077121,0.9334048864038264,0.9850002998504812,0.9835410376475185,0.9840662115314764,1.0,0.9717810607720812,0.9669995571905774,0.9703778910215668,0.9619650030131173,0.9577400986842662,0.9670316586421388,0.9842050569615969,0.976570595138278,0.9834243390775894,0.9020485609042646,0.86623220759298,0.5123629123762875,0.967054394970408,0.9283252760182735,0.04405972832799316,-0.21616316194222351,0.8939826045129986,0.8704623561260499,0.9694018457821447,0.9352374939241088,0.9116297305866836,0.9666964286396018,0.9249881784612567,0.8993320818612958,0.957980900765668,0.9763865505314704,0.9373997967081702],[0.9967451929067593,0.9937291956251492,0.9817034767898005,0.9999755782576162,0.9627241531244706,0.9767615184815561,0.9585286033374707,0.973035206141,0.9717810607720812,1.0,0.9999924750919705,0.9999849118255894,0.9934821530921818,0.9929620515207369,0.9999621773112161,0.9751826227581103,0.9958195384428614,0.9721771667451012,0.8722986658580428,0.8880705878583329,0.6019916986544125,0.9944797807011183,0.9452484746390033,0.28896462598950223,-0.25670514452542187,0.8943225212700325,0.9334240462946229,0.9659756817928702,0.9470820269945125,0.9489063319336538,0.9827544244336557,0.944713159764714,0.9044571815494918,0.9742604053444411,0.9761315936420252,0.9475502039521357],[0.9963316360694415,0.9953914316644701,0.9884678467516268,0.9999934572908665,0.9725958586534077,0.9711319853307209,0.9671564032389067,0.9672807983237725,0.9669995571905774,0.9999924750919705,1.0,0.9999778564317545,0.993549723035016,0.9930094054945143,0.999964325395457,0.9706431022383868,0.9956430956430471,0.9675351617992966,0.8891487379815528,0.916911626050228,0.4572354660156392,0.9974256128091414,0.9345386317585218,-0.1896368855390784,0.4643127020336342,0.8864183179571855,0.9130727326450757,0.9658621282042922,0.9333967970539065,0.9317045283143253,0.976724162610602,0.9223390877947713,0.8728595824472093,0.9648554941558944,0.9831044695409928,0.9448793888604962],[0.9967410482279296,0.9949819466685247,0.9852141717536895,0.9999687893515846,0.9684228984506056,0.9746830003011966,0.9642002792569002,0.9716988209375316,0.9703778910215668,0.9999849118255894,0.9999778564317545,1.0,0.9934806655396312,0.9929422655223272,0.9999717968455027,0.9743684262937438,0.9957436741615057,0.9714999133162111,0.8793874953177215,0.9051673730865832,0.5312726327703144,0.9964917999075967,0.9433363109977929,0.018108113513688788,-0.13494848351626468,0.9024140039786095,0.9224065605578394,0.9618842828552961,0.9385867625958567,0.9386194987436283,0.9800906854288355,0.933919766929902,0.8948789158470983,0.9702932079568903,0.9761530660056734,0.9501962953368968],[0.9896486160224878,0.9900658266766249,0.9972315631506503,0.9935020599507977,0.9829656807565813,0.9667211069882781,0.9781713752170988,0.950411308234429,0.9619650030131173,0.9934821530921818,0.993549723035016,0.9934806655396312,1.0,0.9998337036783426,0.9934474507546,0.9661223292201204,0.9903099022376104,0.9504673065228546,0.8629742828115865,0.8976713008139069,0.36050724738305256,0.9917777174836356,0.9264982092381323,-0.43214519270963053,0.4906497842696949,0.8588603962211796,0.927689698083466,0.9598428842141913,0.9003217202641997,0.8950836990020553,0.9620609889004248,0.8891461354237326,0.8230750934955446,0.9509711412024835,0.975069187593042,0.9350645857338158],[0.9910590037938279,0.9906738033035567,0.9970775875689666,0.9929805702813362,0.9813950197792661,0.9643365774549625,0.9779433110323131,0.9485237583666233,0.9577400986842662,0.9929620515207369,0.9930094054945143,0.9929422655223272,0.9998337036783426,1.0,0.9930193973763569,0.9636516548834111,0.991521062584057,0.948690860962308,0.846625983823716,0.9081220996917044,0.2129949122927419,0.9894373620672455,0.9197650615680453,-0.732388170591845,0.47058443084794815,0.8292627702172997,0.928893860251742,0.9545224130017104,0.8907129027474204,0.888069064907509,0.957829125475456,0.8907529186799238,0.7975593707771798,0.9477870738556847,0.9736827085739956,0.9339323889032031],[0.9964395737320251,0.9954713158416763,0.9881443041338307,0.9999591167976282,0.9720393649936223,0.9711976524011985,0.9669757836239169,0.9676051475543821,0.9670316586421388,0.9999621773112161,0.999964325395457,0.9999717968455027,0.9934474507546,0.9930193973763569,1.0,0.9708234602098907,0.9957475908686947,0.9677935712522899,0.889674006657961,0.9175557085405761,0.4574619119378267,0.9972448053295635,0.9345154099824439,-0.18720079030851391,0.46679206094013354,0.8867831531832725,0.9118906248517558,0.9656129937553227,0.9335971958903851,0.9320518829209888,0.9767521200931643,0.922851426144632,0.8732767396625453,0.9647542875731077,0.9831739105689337,0.9456296828309503],[0.9870368580672366,0.9825775632744806,0.9600748295770456,0.9756304927960854,0.9238094588345467,0.9999119542980808,0.9841006131085053,0.9839737136125316,0.9842050569615969,0.9751826227581103,0.9706431022383868,0.9743684262937438,0.9661223292201204,0.9636516548834111,0.9708234602098907,1.0,0.9878572695471073,0.9831695305331575,0.9023167371887808,0.8953555554105527,0.6032811177106577,0.9648671536831274,0.9128636117981972,0.056124740870282366,-0.16875633898686082,0.941635569142434,0.8768492260221252,0.9667791494047772,0.9562749515416088,0.933803469893625,0.9606925464735158,0.9528680100964676,0.9398508173648643,0.9674579504219133,0.9811891131680999,0.9666940855249437],[0.9997421938781506,0.9977853141198232,0.9797944182245537,0.9959282759432507,0.9543643697573774,0.9879434850434359,0.9764956437317073,0.9818638912915205,0.976570595138278,0.9958195384428614,0.9956430956430471,0.9957436741615057,0.9903099022376104,0.991521062584057,0.9957475908686947,0.9878572695471073,1.0,0.9821065018552173,0.9134719694849712,0.931329214845788,0.5220840509401697,0.988409827767509,0.9280592060981996,-0.13037243143632019,0.48514372511378784,0.9170713192762997,0.8961616432489006,0.9704009539002056,0.9558111524294095,0.9443667947029626,0.9753655455983509,0.9453374225748513,0.9096182843800688,0.9739285038855858,0.9889419779671459,0.9664983295774118],[0.9847635115524185,0.9789985789030456,0.93578845013795,0.972113176513496,0.8964389003273701,0.9828797879900425,0.9530437777274414,0.999892097243414,0.9834243390775894,0.9721771667451012,0.9675351617992966,0.9714999133162111,0.9504673065228546,0.948690860962308,0.9677935712522899,0.9831695305331575,0.9821065018552173,1.0,0.9325100626827887,0.9379026679453745,0.5958233297295357,0.9549441606498978,0.9119200245379333,0.1456332690081584,-0.26485701521690613,0.9187445475179157,0.840786876710721,0.948387164085361,0.978613982300907,0.9598467197873433,0.9655678807439522,0.9663189703709328,0.935884874632829,0.9661438677833358,0.9586650522122756,0.9713851665251461],[0.8927538961031464,0.909270591017542,0.8302199537413985,0.8707277161358674,0.7824080987902171,0.8994166935409169,0.8579352678308658,0.9296678277909083,0.9020485609042646,0.8722986658580428,0.8891487379815528,0.8793874953177215,0.8629742828115865,0.846625983823716,0.889674006657961,0.9023167371887808,0.9134719694849712,0.9325100626827887,1.0,0.8377929293355574,0.678216106416562,0.8397855700361291,0.8117169294935194,0.23376455024957501,-0.1508495826651461,0.8650219232706383,0.7128496810622142,0.857728577170786,0.8980218025242828,0.8668018118613612,0.8529062994153026,0.8786572617560275,0.8640647922977575,0.8606213150319842,0.8706566594518103,0.8972724740443496],[0.9101900320164128,0.9000529886246973,0.7959081899908893,0.8867919055986228,0.7508386452275811,0.8713389567899688,0.7899879370504929,0.9316862135882245,0.86623220759298,0.8880705878583329,0.916911626050228,0.9051673730865832,0.8976713008139069,0.9081220996917044,0.9175557085405761,0.8953555554105527,0.931329214845788,0.9379026679453745,0.8377929293355574,1.0,0.8158202155900506,0.8342212998348845,0.8665858366737872,0.6117840484820092,-0.5099365394123493,0.7308077239662003,0.7750203213504849,0.8164789218434916,0.9612287938568742,0.9399360436270766,0.890379333472766,0.949283156583436,0.9050572371829375,0.9011330376454799,0.8476143428585116,0.8866165366823541],[0.651198618980913,0.6743037086016991,0.498261290940671,0.6065796276109588,0.43769492688134976,0.6219351809751631,0.5062077615131503,0.5993737611043263,0.5123629123762875,0.6019916986544125,0.4572354660156392,0.5312726327703144,0.36050724738305256,0.2129949122927419,0.4574619119378267,0.6032811177106577,0.5220840509401697,0.5958233297295357,0.678216106416562,0.8158202155900506,1.0,0.5398955665027154,0.6621383181308844,0.7223737112338122,-0.1158178465908694,0.5255007284943,0.5111423502222532,0.5809702726502132,0.7603951302822679,0.6855066411306056,0.58589332442163,0.7212294059224086,0.745195746575033,0.6390274499729671,0.5976624290278194,0.6529385486527984],[0.9839086769131541,0.9715265585808373,0.9915348917577802,0.9942712405186688,0.9802383237969529,0.9674594387574251,0.9629006008821164,0.9568863044910416,0.967054394970408,0.9944797807011183,0.9974256128091414,0.9964917999075967,0.9917777174836356,0.9894373620672455,0.9972448053295635,0.9648671536831274,0.988409827767509,0.9549441606498978,0.8397855700361291,0.8342212998348845,0.5398955665027154,1.0,0.9224316423313722,0.21340928068092865,-0.24414931454833155,0.8748413130645771,0.946488637703375,0.9675670380099108,0.9094814240006247,0.9256468617517104,0.9746662086218044,0.9166279799419434,0.8724033358385043,0.9602360485283691,0.9630731066268255,0.9275653821806441],[0.9421115370670513,0.9261410157559727,0.9292853023101605,0.9450483307593265,0.9114459085988615,0.9175679242560734,0.9189134941407152,0.9086099447073336,0.9283252760182735,0.9452484746390033,0.9345386317585218,0.9433363109977929,0.9264982092381323,0.9197650615680453,0.9345154099824439,0.9128636117981972,0.9280592060981996,0.9119200245379333,0.8117169294935194,0.8665858366737872,0.6621383181308844,0.9224316423313722,1.0,0.2630518058593661,-0.17495434232983528,0.742735259380677,0.8935158009385539,0.910739669930244,0.8991253224800586,0.8678495335655627,0.9434654849703472,0.8775386876323692,0.841841763089653,0.9373378765143805,0.8995553470278292,0.8736559065386033],[0.32148538219858463,0.3195420924014204,0.14656614919259803,0.2842998010220784,0.10828280452158223,0.20620658803096792,0.0704555897078374,0.18273661427050383,0.04405972832799316,0.28896462598950223,-0.1896368855390784,0.018108113513688788,-0.43214519270963053,-0.732388170591845,-0.18720079030851391,0.056124740870282366,-0.13037243143632019,0.1456332690081584,0.23376455024957501,0.6117840484820092,0.7223737112338122,0.21340928068092865,0.2630518058593661,1.0,-0.3792629657402699,0.24109266543669247,0.17684505234138242,0.1470126100028959,0.4391147816063399,0.4267143988963072,0.2613617505711659,0.4513195112401065,0.386397277854809,0.2989031466806062,0.2164360831820975,0.33490095978038975],[-0.2723431057439149,-0.20820161431886883,-0.18680357532232117,-0.25724114088743194,-0.168692558411835,-0.2036471292900569,-0.14231056975905018,-0.29443245193034817,-0.21616316194222351,-0.25670514452542187,0.4643127020336342,-0.13494848351626468,0.4906497842696949,0.47058443084794815,0.46679206094013354,-0.16875633898686082,0.48514372511378784,-0.26485701521690613,-0.1508495826651461,-0.5099365394123493,-0.1158178465908694,-0.24414931454833155,-0.17495434232983528,-0.3792629657402699,1.0,-0.14906845792535983,-0.21030349763365985,-0.16884149193540657,-0.37537286242676116,-0.36106932050197343,-0.28906904649070714,-0.3330266245939811,-0.20568098338124133,-0.32437748935930427,-0.16779764064336058,-0.29633940025897276],[0.9052180211558598,0.8860650686794369,0.8721256721617965,0.8940230610955588,0.8284489642383952,0.9355959371828996,0.896093550121137,0.9143187947199801,0.8939826045129986,0.8943225212700325,0.8864183179571855,0.9024140039786095,0.8588603962211796,0.8292627702172997,0.8867831531832725,0.941635569142434,0.9170713192762997,0.9187445475179157,0.8650219232706383,0.7308077239662003,0.5255007284943,0.8748413130645771,0.742735259380677,0.24109266543669247,-0.14906845792535983,1.0,0.7658963901817802,0.8957371001430632,0.8318804351916462,0.8756552915273788,0.8443930206529381,0.8814728083325271,0.8724278242241132,0.8722075941662767,0.8788901222085096,0.9084197789136966],[0.9161621252271301,0.9137701060202142,0.9555308752815844,0.9347705795428514,0.9655268094364802,0.8888499331603935,0.905968229510226,0.8463301083497689,0.8704623561260499,0.9334240462946229,0.9130727326450757,0.9224065605578394,0.927689698083466,0.928893860251742,0.9118906248517558,0.8768492260221252,0.8961616432489006,0.840786876710721,0.7128496810622142,0.7750203213504849,0.5111423502222532,0.946488637703375,0.8935158009385539,0.17684505234138242,-0.21030349763365985,0.7658963901817802,1.0,0.8840418344315194,0.8269586078282232,0.832137158440164,0.9083151554711671,0.8221243100800713,0.7766635435326986,0.8836892562162779,0.8959737736996138,0.8507387969292268],[0.9654410590857431,0.964858970902175,0.9620731625680218,0.9671821052522167,0.9367777918813242,0.9691885571543274,0.9644702177785375,0.9485470435769825,0.9694018457821447,0.9659756817928702,0.9658621282042922,0.9618842828552961,0.9598428842141913,0.9545224130017104,0.9656129937553227,0.9667791494047772,0.9704009539002056,0.948387164085361,0.857728577170786,0.8164789218434916,0.5809702726502132,0.9675670380099108,0.910739669930244,0.1470126100028959,-0.16884149193540657,0.8957371001430632,0.8840418344315194,1.0,0.9090322071860143,0.9001583565997945,0.9525169173827043,0.8975628616337087,0.883003233761988,0.9540627006617778,0.9769613783593813,0.9070750710654417],[0.9661116996698594,0.9481211180243356,0.8820907261809712,0.9475253470945488,0.8350906079509768,0.9533122429230634,0.8924453843233489,0.9781047801737597,0.9352374939241088,0.9470820269945125,0.9333967970539065,0.9385867625958567,0.9003217202641997,0.8907129027474204,0.9335971958903851,0.9562749515416088,0.9558111524294095,0.978613982300907,0.8980218025242828,0.9612287938568742,0.7603951302822679,0.9094814240006247,0.8991253224800586,0.4391147816063399,-0.37537286242676116,0.8318804351916462,0.8269586078282232,0.9090322071860143,1.0,0.98666308312042,0.9512354216604129,0.9910275177156798,0.9554801615670919,0.958880712097557,0.9104959599522352,0.9646277807663305],[0.9610121084871652,0.9493812280388673,0.8854789658877874,0.9498038720592854,0.8470491890086682,0.9362380046024197,0.8732894381597377,0.9603170599205683,0.9116297305866836,0.9489063319336538,0.9317045283143253,0.9386194987436283,0.8950836990020553,0.888069064907509,0.9320518829209888,0.933803469893625,0.9443667947029626,0.9598467197873433,0.8668018118613612,0.9399360436270766,0.6855066411306056,0.9256468617517104,0.8678495335655627,0.4267143988963072,-0.36106932050197343,0.8756552915273788,0.832137158440164,0.9001583565997945,0.98666308312042,1.0,0.948141851396635,0.9852839626855318,0.956462299746814,0.9443540398377892,0.9250051370883686,0.9644738383160946],[0.9819924102068363,0.9745339930397183,0.9627606559148318,0.9834594039441883,0.9411089148639252,0.9636645235091148,0.9481940706872035,0.9672913354695518,0.9666964286396018,0.9827544244336557,0.976724162610602,0.9800906854288355,0.9620609889004248,0.957829125475456,0.9767521200931643,0.9606925464735158,0.9753655455983509,0.9655678807439522,0.8529062994153026,0.890379333472766,0.58589332442163,0.9746662086218044,0.9434654849703472,0.2613617505711659,-0.28906904649070714,0.8443930206529381,0.9083151554711671,0.9525169173827043,0.9512354216604129,0.948141851396635,1.0,0.9455346565245301,0.9012479118058228,0.9776120916598279,0.9687738995458948,0.9491978696191756],[0.9632924135885922,0.9498294332523586,0.8823156647598153,0.9453945561423742,0.8368836735328324,0.9517052509304869,0.8909433564719554,0.9674437072215812,0.9249881784612567,0.944713159764714,0.9223390877947713,0.933919766929902,0.8891461354237326,0.8907529186799238,0.922851426144632,0.9528680100964676,0.9453374225748513,0.9663189703709328,0.8786572617560275,0.949283156583436,0.7212294059224086,0.9166279799419434,0.8775386876323692,0.4513195112401065,-0.3330266245939811,0.8814728083325271,0.8221243100800713,0.8975628616337087,0.9910275177156798,0.9852839626855318,0.9455346565245301,1.0,0.9743642699866849,0.9484830805599052,0.9343031822890977,0.9630712347540933],[0.9279045975597832,0.9267787416726901,0.8462068409944528,0.9058703426511572,0.7928636453602905,0.9419048732034234,0.8852449426105501,0.9363210642002708,0.8993320818612958,0.9044571815494918,0.8728595824472093,0.8948789158470983,0.8230750934955446,0.7975593707771798,0.8732767396625453,0.9398508173648643,0.9096182843800688,0.935884874632829,0.8640647922977575,0.9050572371829375,0.745195746575033,0.8724033358385043,0.841841763089653,0.386397277854809,-0.20568098338124133,0.8724278242241132,0.7766635435326986,0.883003233761988,0.9554801615670919,0.956462299746814,0.9012479118058228,0.9743642699866849,1.0,0.9069632251895117,0.9169963080167841,0.9477189325740164],[0.9814993561050323,0.9726729612830557,0.943358892323279,0.9750351866463296,0.9109358461732223,0.9655034147500131,0.9371524695779069,0.9668995921689884,0.957980900765668,0.9742604053444411,0.9648554941558944,0.9702932079568903,0.9509711412024835,0.9477870738556847,0.9647542875731077,0.9674579504219133,0.9739285038855858,0.9661438677833358,0.8606213150319842,0.9011330376454799,0.6390274499729671,0.9602360485283691,0.9373378765143805,0.2989031466806062,-0.32437748935930427,0.8722075941662767,0.8836892562162779,0.9540627006617778,0.958880712097557,0.9443540398377892,0.9776120916598279,0.9484830805599052,0.9069632251895117,1.0,0.9614142527749191,0.9492937939394779],[0.9787880784081779,0.9714420210076731,0.966920623133517,0.9769157831424686,0.9399520486781997,0.9820065052175799,0.9736794441876405,0.9606253592034378,0.9763865505314704,0.9761315936420252,0.9831044695409928,0.9761530660056734,0.975069187593042,0.9736827085739956,0.9831739105689337,0.9811891131680999,0.9889419779671459,0.9586650522122756,0.8706566594518103,0.8476143428585116,0.5976624290278194,0.9630731066268255,0.8995553470278292,0.2164360831820975,-0.16779764064336058,0.8788901222085096,0.8959737736996138,0.9769613783593813,0.9104959599522352,0.9250051370883686,0.9687738995458948,0.9343031822890977,0.9169963080167841,0.9614142527749191,1.0,0.9321702844400926],[0.9605377382591647,0.9559259149153863,0.9120489419601313,0.9486843478275466,0.8728977838923813,0.9630106480519481,0.9218288053139472,0.9704838320556319,0.9373997967081702,0.9475502039521357,0.9448793888604962,0.9501962953368968,0.9350645857338158,0.9339323889032031,0.9456296828309503,0.9666940855249437,0.9664983295774118,0.9713851665251461,0.8972724740443496,0.8866165366823541,0.6529385486527984,0.9275653821806441,0.8736559065386033,0.33490095978038975,-0.29633940025897276,0.9084197789136966,0.8507387969292268,0.9070750710654417,0.9646277807663305,0.9644738383160946,0.9491978696191756,0.9630712347540933,0.9477189325740164,0.9492937939394779,0.9321702844400926,1.0]],"x":["^TAIEX       \u81fa\u7063\u52a0\u6b0a\u5831\u916c\u6307\u6578","^TWII        \u81fa\u7063\u52a0\u6b0a\u6307\u6578","^TAIEXx2     \u81fa\u7063\u52a0\u6b0a\u5831\u916c\u6307\u6578_\u65e5\u6b632","^TAI50I      \u81fa\u706350\u5831\u916c\u6307\u6578","^TAI50Ix2    \u81fa\u706350\u5831\u916c\u6307\u6578_\u65e5\u6b632","^TAI100I     \u81fa\u7063\u4e2d\u578b100\u5831\u916c\u6307\u6578","^TAI100Ix2   \u81fa\u7063\u4e2d\u578b100\u5831\u916c\u6307\u6578_\u65e5\u6b632","^TAIDIVIDI   \u81fa\u7063\u9ad8\u80a1\u606f\u5831\u916c\u6307\u6578","^TAIDIVIDIx2 \u81fa\u7063\u9ad8\u80a1\u606f\u5831\u916c\u6307\u6578_\u65e5\u6b632","0050Fund     \u5143\u5927\u53f0\u7063\u5353\u8d8a50\u57fa\u91d1","006208Fund   \u5bcc\u90a6\u53f0\u7063\u91c6\u540950\u57fa\u91d1","0050         \u5143\u5927\u81fa\u706350","00631L       \u5143\u5927\u53f0\u706350\u6b632","00675L       \u5bcc\u90a6\u81fa\u7063\u52a0\u6b0a\u6b632","006208       \u5bcc\u90a6\u53f050","0051         \u5143\u5927\u4e2d\u578b100","006204       \u6c38\u8c50\u81fa\u7063\u52a0\u6b0a","0056         \u5143\u5927\u9ad8\u80a1\u606f","0056         \u5143\u5927\u9ad8\u80a1\u606f_\u80a1\u606f\u4e0d\u6295\u5165","2412         \u4e2d\u83ef\u96fb\u4fe1","2002         \u4e2d\u92fc","2330         \u53f0\u7a4d\u96fb","2317         \u9d3b\u6d77","6505         \u53f0\u5851\u77f3\u5316","3481         \u7fa4\u5275","2303         \u806f\u96fb","2308         \u53f0\u9054\u96fb","2454         \u806f\u767c\u79d1","2886         \u5146\u8c50\u91d1","2884         \u7389\u5c71\u91d1","2891         \u4e2d\u4fe1\u91d1","2892         \u7b2c\u4e00\u91d1","5880         \u5408\u5eab\u91d1","2881         \u5bcc\u90a6\u91d1","2885         \u5143\u5927\u91d1","2887         \u53f0\u65b0\u91d1"],"y":["^TAIEX       \u81fa\u7063\u52a0\u6b0a\u5831\u916c\u6307\u6578","^TWII        \u81fa\u7063\u52a0\u6b0a\u6307\u6578","^TAIEXx2     \u81fa\u7063\u52a0\u6b0a\u5831\u916c\u6307\u6578_\u65e5\u6b632","^TAI50I      \u81fa\u706350\u5831\u916c\u6307\u6578","^TAI50Ix2    \u81fa\u706350\u5831\u916c\u6307\u6578_\u65e5\u6b632","^TAI100I     \u81fa\u7063\u4e2d\u578b100\u5831\u916c\u6307\u6578","^TAI100Ix2   \u81fa\u7063\u4e2d\u578b100\u5831\u916c\u6307\u6578_\u65e5\u6b632","^TAIDIVIDI   \u81fa\u7063\u9ad8\u80a1\u606f\u5831\u916c\u6307\u6578","^TAIDIVIDIx2 \u81fa\u7063\u9ad8\u80a1\u606f\u5831\u916c\u6307\u6578_\u65e5\u6b632","0050Fund     \u5143\u5927\u53f0\u7063\u5353\u8d8a50\u57fa\u91d1","006208Fund   \u5bcc\u90a6\u53f0\u7063\u91c6\u540950\u57fa\u91d1","0050         \u5143\u5927\u81fa\u706350","00631L       \u5143\u5927\u53f0\u706350\u6b632","00675L       \u5bcc\u90a6\u81fa\u7063\u52a0\u6b0a\u6b632","006208       \u5bcc\u90a6\u53f050","0051         \u5143\u5927\u4e2d\u578b100","006204       \u6c38\u8c50\u81fa\u7063\u52a0\u6b0a","0056         \u5143\u5927\u9ad8\u80a1\u606f","0056         \u5143\u5927\u9ad8\u80a1\u606f_\u80a1\u606f\u4e0d\u6295\u5165","2412         \u4e2d\u83ef\u96fb\u4fe1","2002         \u4e2d\u92fc","2330         \u53f0\u7a4d\u96fb","2317         \u9d3b\u6d77","6505         \u53f0\u5851\u77f3\u5316","3481         \u7fa4\u5275","2303         \u806f\u96fb","2308         \u53f0\u9054\u96fb","2454         \u806f\u767c\u79d1","2886         \u5146\u8c50\u91d1","2884         \u7389\u5c71\u91d1","2891         \u4e2d\u4fe1\u91d1","2892         \u7b2c\u4e00\u91d1","5880         \u5408\u5eab\u91d1","2881         \u5bcc\u90a6\u91d1","2885         \u5143\u5927\u91d1","2887         \u53f0\u65b0\u91d1"],"zmin":-1,"zmax":1,"colorbar":{"x":-0.2}}],"layout":{"autotypenumbers":"strict","colorway":["#636efa","#EF553B","#00cc96","#ab63fa","#FFA15A","#19d3f3","#FF6692","#B6E880","#FF97FF","#FECB52"],"font":{"color":"#f2f5fa","family":"Courier New"},"hovermode":"closest","hoverlabel":{"align":"left"},"paper_bgcolor":"rgb(17,17,17)","plot_bgcolor":"rgb(17,17,17)","polar":{"bgcolor":"rgb(17,17,17)","angularaxis":{"gridcolor":"#506784","linecolor":"#506784","ticks":""},"radialaxis":{"gridcolor":"#506784","linecolor":"#506784","ticks":""}},"ternary":{"bgcolor":"rgb(17,17,17)","aaxis":{"gridcolor":"#506784","linecolor":"#506784","ticks":""},"baxis":{"gridcolor":"#506784","linecolor":"#506784","ticks":""},"caxis":{"gridcolor":"#506784","linecolor":"#506784","ticks":""}},"coloraxis":{"colorbar":{"outlinewidth":0,"ticks":""}},"colorscale":{"sequential":[[0.0,"#0d0887"],[0.1111111111111111,"#46039f"],[0.2222222222222222,"#7201a8"],[0.3333333333333333,"#9c179e"],[0.4444444444444444,"#bd3786"],[0.5555555555555556,"#d8576b"],[0.6666666666666666,"#ed7953"],[0.7777777777777778,"#fb9f3a"],[0.8888888888888888,"#fdca26"],[1.0,"#f0f921"]],"sequentialminus":[[0.0,"#0d0887"],[0.1111111111111111,"#46039f"],[0.2222222222222222,"#7201a8"],[0.3333333333333333,"#9c179e"],[0.4444444444444444,"#bd3786"],[0.5555555555555556,"#d8576b"],[0.6666666666666666,"#ed7953"],[0.7777777777777778,"#fb9f3a"],[0.8888888888888888,"#fdca26"],[1.0,"#f0f921"]],"diverging":[[0,"#8e0152"],[0.1,"#c51b7d"],[0.2,"#de77ae"],[0.3,"#f1b6da"],[0.4,"#fde0ef"],[0.5,"#f7f7f7"],[0.6,"#e6f5d0"],[0.7,"#b8e186"],[0.8,"#7fbc41"],[0.9,"#4d9221"],[1,"#276419"]]},"xaxis":{"gridcolor":"rgba(0, 0, 0, 0)","linecolor":"#506784","ticks":"","title":{"standoff":15},"zerolinecolor":"#283442","automargin":true,"zerolinewidth":2,"tickfont":{"family":"Courier New","size":14},"side":"top","tickangle":-90},"yaxis":{"gridcolor":"rgba(0, 0, 0, 0)","linecolor":"#506784","ticks":"","title":{"standoff":15},"zerolinecolor":"#283442","automargin":true,"zerolinewidth":2,"tickfont":{"family":"Courier New"},"side":"right"},"scene":{"xaxis":{"backgroundcolor":"rgb(17,17,17)","gridcolor":"#506784","linecolor":"#506784","showbackground":true,"ticks":"","zerolinecolor":"#C8D4E3","gridwidth":2},"yaxis":{"backgroundcolor":"rgb(17,17,17)","gridcolor":"#506784","linecolor":"#506784","showbackground":true,"ticks":"","zerolinecolor":"#C8D4E3","gridwidth":2},"zaxis":{"backgroundcolor":"rgb(17,17,17)","gridcolor":"#506784","linecolor":"#506784","showbackground":true,"ticks":"","zerolinecolor":"#C8D4E3","gridwidth":2}},"shapedefaults":{"line":{"color":"#f2f5fa"}},"annotationdefaults":{"arrowcolor":"#f2f5fa","arrowhead":0,"arrowwidth":1},"geo":{"bgcolor":"rgb(17,17,17)","landcolor":"rgb(17,17,17)","subunitcolor":"#506784","showland":true,"showlakes":true,"lakecolor":"rgb(17,17,17)"},"title":{"x":0.05,"font":{"family":"Times New Roman"},"y":0.05,"text":"<b>Correlation of Adj Close<b><br><i>2016-09-23 ~ 2026-03-16<i>"},"updatemenudefaults":{"bgcolor":"#506784","borderwidth":0},"sliderdefaults":{"bgcolor":"#C8D4E3","borderwidth":1,"bordercolor":"rgb(17,17,17)","tickwidth":0},"mapbox":{"style":"dark"},"annotations":[{"text":"<b>@zwindr<b>","textangle":0,"opacity":0.5,"font":{"color":"white","size":12},"xref":"paper","yref":"paper","xanchor":"left","yanchor":"bottom","x":1.0,"y":1.0,"showarrow":false}]},"config":{"responsive":true,"toImageButtonOptions":{"filename":"Correlation of Adj Close_2016-09-23~2026-03-16","scale":5}}};Plotly.newPlot("correlationAdjClose",correlationAdjClose.data,correlationAdjClose.layout||{},correlationAdjClose.config);}else{console.log("style display is none => correlationAdjClose");}