var element=document.getElementById("correlationClose");if(element.style.display!='none'){var correlationClose={"data":[{"type":"heatmap","z":[[1.0,0.9999999999999981,1.0,0.9951883570627983,0.9951883570627983,0.9759143911801357,0.9759143911801357,0.9213693403248636,0.9213693403248636,0.6976314818772618,0.995728998018408,0.6339688585014903,0.8656598179434715,0.9877745265734821,0.9958058436189763,0.9797492060324625,0.999355862844304,0.9050052293359089,0.9050052293359089,0.7571178056495257,-0.21347776218283815,0.9830568685574874,0.29214474708611254,-0.19276258853952963,-0.1972764565646422,0.8398111945515214,0.8817473275336404,0.9249590986451853,0.8852843746740906,0.7757745435162283,0.6881218234492138,0.6490529287939167,0.5834151345738043,0.9187853534193842,0.8836536837286065,0.30347909226319997],[0.9999999999999981,1.0,0.9999999999999982,0.9951342504293593,0.9951342504293593,0.9754254479069886,0.9754254479069886,0.9215039548798794,0.9215039548798794,0.6993036997574328,0.9957123375299786,0.6343023428081144,0.865848149805178,0.9874085937699087,0.9958115487573139,0.9794686185790563,0.999356326095062,0.9045807522455465,0.9045807522455465,0.7741349629140482,-0.006182172834593569,0.9765722261716581,0.041327415253998606,-0.1855083401835148,-0.19920160278708843,0.6983826464206444,0.8789165370052772,0.9092068214259114,0.8834510839270037,0.7838201125548646,0.6797327006189575,0.6475673949672353,0.6090684151343749,0.9183134148132726,0.7687907420958321,0.2994753922853305],[1.0,0.9999999999999982,1.0,0.9951883570627983,0.9951883570627983,0.9759143911801357,0.9759143911801357,0.9213693403248636,0.9213693403248636,0.6976314818772618,0.995728998018408,0.6339688585014903,0.8656598179434715,0.9877745265734821,0.9958058436189763,0.9797492060324625,0.999355862844304,0.9050052293359089,0.9050052293359089,0.7571178056495257,-0.21347776218283815,0.9830568685574874,0.29214474708611254,-0.19276258853952963,-0.1972764565646422,0.8398111945515214,0.8817473275336404,0.9249590986451853,0.8852843746740906,0.7757745435162283,0.6881218234492138,0.6490529287939167,0.5834151345738043,0.9187853534193842,0.8836536837286065,0.30347909226319997],[0.9951883570627983,0.9951342504293593,0.9951883570627983,1.0,1.0,0.9645935845474517,0.9645935845474517,0.9041182873692232,0.9041182873692232,0.652243824944342,0.9997049745596526,0.5895416421180856,0.8723814200301538,0.9905625210518715,0.9996585176676579,0.9640062052913246,0.9954039142743901,0.8749107545365243,0.8749107545365243,0.7230106307362696,-0.2198344093659023,0.9936123401561726,0.31969937431573714,-0.2259453345070336,-0.18998644143605473,0.8266391392488734,0.9065129928908511,0.9279237519813437,0.8567426063620833,0.7675158049362575,0.7153752900772846,0.6351696314865779,0.5454985475366133,0.899348033100616,0.8773367321134805,0.3186964021099084],[0.9951883570627983,0.9951342504293593,0.9951883570627983,1.0,1.0,0.9645935845474517,0.9645935845474517,0.9041182873692232,0.9041182873692232,0.652243824944342,0.9997049745596526,0.5895416421180856,0.8723814200301538,0.9905625210518715,0.9996585176676579,0.9640062052913246,0.9954039142743901,0.8749107545365243,0.8749107545365243,0.7230106307362696,-0.2198344093659023,0.9936123401561726,0.31969937431573714,-0.2259453345070336,-0.18998644143605473,0.8266391392488734,0.9065129928908511,0.9279237519813437,0.8567426063620833,0.7675158049362575,0.7153752900772846,0.6351696314865779,0.5454985475366133,0.899348033100616,0.8773367321134805,0.3186964021099084],[0.9759143911801357,0.9754254479069886,0.9759143911801357,0.9645935845474517,0.9645935845474517,1.0,1.0,0.943419027286966,0.943419027286966,0.6814101204841185,0.9632097240332101,0.6535632764033448,0.8438227702392535,0.9557129198301301,0.9631357398341506,0.9991411524938856,0.9806212163352525,0.9134647976892936,0.9134647976892936,0.6547784972311416,-0.175131951369662,0.9540839342551563,0.4154109033336893,-0.35139529822862764,-0.09362435487290804,0.893071655299506,0.8445780918606041,0.9339191988977339,0.8711686494804748,0.7507521380999885,0.8230052791295018,0.7362913196091776,0.6513055271945336,0.8676169712508237,0.9047449734500175,0.5512941816024398],[0.9759143911801357,0.9754254479069886,0.9759143911801357,0.9645935845474517,0.9645935845474517,1.0,1.0,0.943419027286966,0.943419027286966,0.6814101204841185,0.9632097240332101,0.6535632764033448,0.8438227702392535,0.9557129198301301,0.9631357398341506,0.9991411524938856,0.9806212163352525,0.9134647976892936,0.9134647976892936,0.6547784972311416,-0.175131951369662,0.9540839342551563,0.4154109033336893,-0.35139529822862764,-0.09362435487290804,0.893071655299506,0.8445780918606041,0.9339191988977339,0.8711686494804748,0.7507521380999885,0.8230052791295018,0.7362913196091776,0.6513055271945336,0.8676169712508237,0.9047449734500175,0.5512941816024398],[0.9213693403248636,0.9215039548798794,0.9213693403248636,0.9041182873692232,0.9041182873692232,0.943419027286966,0.943419027286966,1.0,1.0,0.668133267729104,0.939063048727517,0.673111577917924,0.8037024855393871,0.9134052527178234,0.9389279402481143,0.9455909356299073,0.950852001236783,0.9694579314301034,0.9694579314301034,0.6194603661648559,-0.05725497866815321,0.8762851057957279,0.6181175242077198,-0.38375260659566357,0.021075643116264295,0.8215806273432988,0.7435735808003837,0.8835617962440727,0.8497663162006882,0.7731869783488049,0.8997055245634292,0.7875881718444235,0.6866644850960736,0.8215136069258169,0.882769329209976,0.8384164667124201],[0.9213693403248636,0.9215039548798794,0.9213693403248636,0.9041182873692232,0.9041182873692232,0.943419027286966,0.943419027286966,1.0,1.0,0.668133267729104,0.939063048727517,0.673111577917924,0.8037024855393871,0.9134052527178234,0.9389279402481143,0.9455909356299073,0.950852001236783,0.9694579314301034,0.9694579314301034,0.6194603661648559,-0.05725497866815321,0.8762851057957279,0.6181175242077198,-0.38375260659566357,0.021075643116264295,0.8215806273432988,0.7435735808003837,0.8835617962440727,0.8497663162006882,0.7731869783488049,0.8997055245634292,0.7875881718444235,0.6866644850960736,0.8215136069258169,0.882769329209976,0.8384164667124201],[0.6976314818772618,0.6993036997574328,0.6976314818772618,0.652243824944342,0.652243824944342,0.6814101204841185,0.6814101204841185,0.668133267729104,0.668133267729104,1.0,0.49703095017768384,0.9999692985609858,0.2791631724214201,0.2496473080304737,0.500641620645916,0.6758991166440383,0.5735855194941447,0.7695195899599218,0.7695195899599218,0.6820780911919446,-0.09979514956021035,0.6239712706854363,0.04013971436820133,0.046371294673423505,-0.2419918910360544,0.7272024561515625,0.3418117284015192,0.6321391969471193,0.7946420624663388,0.6655072283185587,0.3162235462937322,0.5198056266395568,0.5620323244242653,0.7563051523779319,0.572447941567928,0.169179704154219],[0.995728998018408,0.9957123375299786,0.995728998018408,0.9997049745596526,0.9997049745596526,0.9632097240332101,0.9632097240332101,0.939063048727517,0.939063048727517,0.49703095017768384,1.0,0.49860192206164444,0.870895580981027,0.9901052647966834,0.9999504462953083,0.9600607637624958,0.9951387956777353,0.8840697095166223,0.8840697095166223,0.8396557820647974,-0.1324655686774381,0.9973932975311078,0.9090977371510424,-0.5460631706319619,0.57075082108467,0.8291232062832754,0.8914578373567315,0.9384832224844302,0.837936192571186,0.7882663723444516,0.9433722137553289,0.8215790811963607,0.6758169999187924,0.8803735782015405,0.9612262237727337,0.8434880997340841],[0.6339688585014903,0.6343023428081144,0.6339688585014903,0.5895416421180856,0.5895416421180856,0.6535632764033448,0.6535632764033448,0.673111577917924,0.673111577917924,0.9999692985609858,0.49860192206164444,1.0,0.28007497482352134,0.2503901266611189,0.5013957427464785,0.664265921322968,0.5742278615641351,0.7608720305912834,0.7608720305912834,0.6311395314069796,0.03186567582681049,0.5656278922665546,0.37466988852779426,-0.16074920248999308,-0.22803871452361812,0.7483492098197881,0.2517931054341877,0.5964330948834344,0.7613546391978089,0.6810820066408029,0.4752127303454021,0.6755882821265956,0.674714788782429,0.7035261754163121,0.5377257433733478,0.5918258537367285],[0.8656598179434715,0.865848149805178,0.8656598179434715,0.8723814200301538,0.8723814200301538,0.8438227702392535,0.8438227702392535,0.8037024855393871,0.8037024855393871,0.2791631724214201,0.870895580981027,0.28007497482352134,1.0,0.9998609838734711,0.8703735324765509,0.8372785360317657,0.8637948699868226,0.7225621109015823,0.7225621109015823,0.631199302305169,-0.10391914286750223,0.8685058315101951,0.8138765935231569,-0.6431773592338073,0.6212233181570509,0.6793860789543781,0.8482690004740201,0.8499865194234294,0.6631803591652392,0.5937560312908853,0.8407023777695115,0.6448836786344222,0.49507261212420045,0.7453116791834983,0.8497650304103387,0.7677367694123931],[0.9877745265734821,0.9874085937699087,0.9877745265734821,0.9905625210518715,0.9905625210518715,0.9557129198301301,0.9557129198301301,0.9134052527178234,0.9134052527178234,0.2496473080304737,0.9901052647966834,0.2503901266611189,0.9998609838734711,1.0,0.9900900349177153,0.9491875991616715,0.9852355775708713,0.8323621188253129,0.8323621188253129,0.8316690788240171,-0.2380451909177752,0.9860361418949589,0.8953780873944982,-0.7501490835620342,0.6783304546468496,0.7501888431481947,0.9392262091746935,0.9354816808088994,0.753560434502941,0.6641272676594482,0.9338662461326951,0.7517553021610712,0.5232823420956773,0.8402823290917213,0.9575700837192027,0.8408899423336581],[0.9958058436189763,0.9958115487573139,0.9958058436189763,0.9996585176676579,0.9996585176676579,0.9631357398341506,0.9631357398341506,0.9389279402481143,0.9389279402481143,0.500641620645916,0.9999504462953083,0.5013957427464785,0.8703735324765509,0.9900900349177153,1.0,0.9602554027304734,0.9952543502035897,0.8849587332119517,0.8849587332119517,0.8412574214505371,-0.1300249738668483,0.9973180272354523,0.908388186164316,-0.5436981026509785,0.5651218441845648,0.8283081671371724,0.8902064895025603,0.9390304480069102,0.8403240812393155,0.7906211687439862,0.9427178785508665,0.82434069083345,0.6793683522714958,0.8806315315619017,0.9610376043370288,0.843669114982135],[0.9797492060324625,0.9794686185790563,0.9797492060324625,0.9640062052913246,0.9640062052913246,0.9991411524938856,0.9991411524938856,0.9455909356299073,0.9455909356299073,0.6758991166440383,0.9600607637624958,0.664265921322968,0.8372785360317657,0.9491875991616715,0.9602554027304734,1.0,0.9796201087939129,0.9164943143296247,0.9164943143296247,0.7046131991986142,-0.16262521681052633,0.9557345642593464,0.7245131871408408,-0.4774782674587848,-0.10393386878968433,0.902826733431712,0.8293738615103275,0.9308290578140338,0.8798682428261904,0.7836592550669076,0.8960057648207297,0.7811688384604122,0.7088571476551631,0.8885146430862957,0.9013657906621586,0.8342632819267078],[0.999355862844304,0.999356326095062,0.999355862844304,0.9954039142743901,0.9954039142743901,0.9806212163352525,0.9806212163352525,0.950852001236783,0.950852001236783,0.5735855194941447,0.9951387956777353,0.5742278615641351,0.8637948699868226,0.9852355775708713,0.9952543502035897,0.9796201087939129,1.0,0.9149528768535424,0.9149528768535424,0.8579111890080222,-0.11158624122094425,0.9903283605352664,0.890682340192016,-0.5350311711686478,0.5621096710272767,0.869505523769643,0.8697316400647778,0.9456854792519573,0.8792882616141856,0.8153230724504114,0.935206144139872,0.8627399668142629,0.732756684998272,0.9009523936096455,0.9680081812702297,0.8797455372521692],[0.9050052293359089,0.9045807522455465,0.9050052293359089,0.8749107545365243,0.8749107545365243,0.9134647976892936,0.9134647976892936,0.9694579314301034,0.9694579314301034,0.7695195899599218,0.8840697095166223,0.7608720305912834,0.7225621109015823,0.8323621188253129,0.8849587332119517,0.9164943143296247,0.9149528768535424,1.0,1.0,0.760917875389957,-0.09663228882224144,0.8454423363060597,0.6168808585827337,-0.26802571399391173,-0.16694728148156796,0.8478516414650921,0.6641868636262673,0.8311300146996474,0.9181835047851791,0.8495559585635614,0.8115077047748774,0.7736502052470844,0.6991358709686941,0.8627112124320702,0.8009875574308336,0.8675001919204347],[0.9050052293359089,0.9045807522455465,0.9050052293359089,0.8749107545365243,0.8749107545365243,0.9134647976892936,0.9134647976892936,0.9694579314301034,0.9694579314301034,0.7695195899599218,0.8840697095166223,0.7608720305912834,0.7225621109015823,0.8323621188253129,0.8849587332119517,0.9164943143296247,0.9149528768535424,1.0,1.0,0.760917875389957,-0.09663228882224144,0.8454423363060597,0.6168808585827337,-0.26802571399391173,-0.16694728148156796,0.8478516414650921,0.6641868636262673,0.8311300146996474,0.9181835047851791,0.8495559585635614,0.8115077047748774,0.7736502052470844,0.6991358709686941,0.8627112124320702,0.8009875574308336,0.8675001919204347],[0.7571178056495257,0.7741349629140482,0.7571178056495257,0.7230106307362696,0.7230106307362696,0.6547784972311416,0.6547784972311416,0.6194603661648559,0.6194603661648559,0.6820780911919446,0.8396557820647974,0.6311395314069796,0.631199302305169,0.8316690788240171,0.8412574214505371,0.7046131991986142,0.8579111890080222,0.760917875389957,0.760917875389957,1.0,0.005455602725685281,0.6884632211127808,-0.2835234895292678,0.25667854175134486,-0.6338128516126731,0.39924333569650533,0.5689781872905442,0.5190845183355605,0.8451335729330829,0.7127659093446519,0.21121802998753286,0.35050722727325045,0.5757019413385225,0.7924187810680993,0.5134106159498598,-0.0806721925973567],[-0.21347776218283815,-0.006182172834593569,-0.21347776218283815,-0.2198344093659023,-0.2198344093659023,-0.175131951369662,-0.175131951369662,-0.05725497866815321,-0.05725497866815321,-0.09979514956021035,-0.1324655686774381,0.03186567582681049,-0.10391914286750223,-0.2380451909177752,-0.1300249738668483,-0.16262521681052633,-0.11158624122094425,-0.09663228882224144,-0.09663228882224144,0.005455602725685281,1.0,-0.14691179838431723,0.07279255047078616,0.18748122438087075,0.7333604644542261,-0.12602957854716185,-0.11861608961001835,-0.08480395995829593,0.12346527545138253,-0.04245882954849074,-0.042893088681137136,0.27096671730690425,0.5453673476722015,-0.16587336025729205,0.03719326114764909,0.10895012675716546],[0.9830568685574874,0.9765722261716581,0.9830568685574874,0.9936123401561726,0.9936123401561726,0.9540839342551563,0.9540839342551563,0.8762851057957279,0.8762851057957279,0.6239712706854363,0.9973932975311078,0.5656278922665546,0.8685058315101951,0.9860361418949589,0.9973180272354523,0.9557345642593464,0.9903283605352664,0.8454423363060597,0.8454423363060597,0.6884632211127808,-0.14691179838431723,1.0,0.2257867708103818,-0.2708349459063489,-0.22894590671491388,0.7075924643453896,0.9091534751876329,0.912613622788483,0.8076568505258577,0.7393310699510839,0.7176158506955547,0.6081080851545526,0.4866410080380644,0.8812632772720002,0.7555839306678377,0.30394273865854116],[0.29214474708611254,0.041327415253998606,0.29214474708611254,0.31969937431573714,0.31969937431573714,0.4154109033336893,0.4154109033336893,0.6181175242077198,0.6181175242077198,0.04013971436820133,0.9090977371510424,0.37466988852779426,0.8138765935231569,0.8953780873944982,0.908388186164316,0.7245131871408408,0.890682340192016,0.6168808585827337,0.6168808585827337,-0.2835234895292678,0.07279255047078616,0.2257867708103818,1.0,-0.48771605101745175,0.6777384614777331,0.4296166253180084,0.2559918821705646,0.4011064736446841,-0.023213465318157493,0.15304000063610929,0.637598478621447,0.5169533112702319,0.2216345363513366,0.10907898064034223,0.4516200984476426,0.5076550283379937],[-0.19276258853952963,-0.1855083401835148,-0.19276258853952963,-0.2259453345070336,-0.2259453345070336,-0.35139529822862764,-0.35139529822862764,-0.38375260659566357,-0.38375260659566357,0.046371294673423505,-0.5460631706319619,-0.16074920248999308,-0.6431773592338073,-0.7501490835620342,-0.5436981026509785,-0.4774782674587848,-0.5350311711686478,-0.26802571399391173,-0.26802571399391173,0.25667854175134486,0.18748122438087075,-0.2708349459063489,-0.48771605101745175,1.0,-0.02826807601499614,-0.22298322495003067,-0.2582211772818965,-0.3435102291791032,-0.0963310848166297,-0.12786238500079422,-0.5768048602764932,-0.24168074335258602,-0.04840231713085476,-0.1142034506311445,-0.2869850224930356,-0.4375838794534186],[-0.1972764565646422,-0.19920160278708843,-0.1972764565646422,-0.18998644143605473,-0.18998644143605473,-0.09362435487290804,-0.09362435487290804,0.021075643116264295,0.021075643116264295,-0.2419918910360544,0.57075082108467,-0.22803871452361812,0.6212233181570509,0.6783304546468496,0.5651218441845648,-0.10393386878968433,0.5621096710272767,-0.16694728148156796,-0.16694728148156796,-0.6338128516126731,0.7333604644542261,-0.22894590671491388,0.6777384614777331,-0.02826807601499614,1.0,-0.08847314191081647,-0.11972442441575712,-0.039983244548874385,-0.3373102163832789,-0.3142232102000452,0.0626078425273131,0.15665733512470756,0.2608357119352994,-0.3506003543676994,0.10048271865978561,0.08726006419278762],[0.8398111945515214,0.6983826464206444,0.8398111945515214,0.8266391392488734,0.8266391392488734,0.893071655299506,0.893071655299506,0.8215806273432988,0.8215806273432988,0.7272024561515625,0.8291232062832754,0.7483492098197881,0.6793860789543781,0.7501888431481947,0.8283081671371724,0.902826733431712,0.869505523769643,0.8478516414650921,0.8478516414650921,0.39924333569650533,-0.12602957854716185,0.7075924643453896,0.4296166253180084,-0.22298322495003067,-0.08847314191081647,1.0,0.5876995292868986,0.8566706935654369,0.5321365073277813,0.6527325992134286,0.6312020030782498,0.6740398064518628,0.43089497662412907,0.7359513011432531,0.7457819396790347,0.46979610582360165],[0.8817473275336404,0.8789165370052772,0.8817473275336404,0.9065129928908511,0.9065129928908511,0.8445780918606041,0.8445780918606041,0.7435735808003837,0.7435735808003837,0.3418117284015192,0.8914578373567315,0.2517931054341877,0.8482690004740201,0.9392262091746935,0.8902064895025603,0.8293738615103275,0.8697316400647778,0.6641868636262673,0.6641868636262673,0.5689781872905442,-0.11861608961001835,0.9091534751876329,0.2559918821705646,-0.2582211772818965,-0.11972442441575712,0.5876995292868986,1.0,0.8414925361357517,0.632862080950095,0.5771336619257407,0.6592527913718378,0.4704169151526025,0.3842144307557819,0.7242265493587545,0.7011081580415391,0.27301614901862864],[0.9249590986451853,0.9092068214259114,0.9249590986451853,0.9279237519813437,0.9279237519813437,0.9339191988977339,0.9339191988977339,0.8835617962440727,0.8835617962440727,0.6321391969471193,0.9384832224844302,0.5964330948834344,0.8499865194234294,0.9354816808088994,0.9390304480069102,0.9308290578140338,0.9456854792519573,0.8311300146996474,0.8311300146996474,0.5190845183355605,-0.08480395995829593,0.912613622788483,0.4011064736446841,-0.3435102291791032,-0.039983244548874385,0.8566706935654369,0.8414925361357517,1.0,0.7220768894544605,0.6170364816214481,0.6995830173851104,0.6004665852133412,0.4870830032876935,0.8062278140495057,0.8690655393252518,0.317398754906669],[0.8852843746740906,0.8834510839270037,0.8852843746740906,0.8567426063620833,0.8567426063620833,0.8711686494804748,0.8711686494804748,0.8497663162006882,0.8497663162006882,0.7946420624663388,0.837936192571186,0.7613546391978089,0.6631803591652392,0.753560434502941,0.8403240812393155,0.8798682428261904,0.8792882616141856,0.9181835047851791,0.9181835047851791,0.8451335729330829,0.12346527545138253,0.8076568505258577,-0.023213465318157493,-0.0963310848166297,-0.3373102163832789,0.5321365073277813,0.632862080950095,0.7220768894544605,1.0,0.9136059583089758,0.5889345673435281,0.7106416542836081,0.6705624426848474,0.8868297561272462,0.554653410927283,0.34939492892647883],[0.7757745435162283,0.7838201125548646,0.7757745435162283,0.7675158049362575,0.7675158049362575,0.7507521380999885,0.7507521380999885,0.7731869783488049,0.7731869783488049,0.6655072283185587,0.7882663723444516,0.6810820066408029,0.5937560312908853,0.6641272676594482,0.7906211687439862,0.7836592550669076,0.8153230724504114,0.8495559585635614,0.8495559585635614,0.7127659093446519,-0.04245882954849074,0.7393310699510839,0.15304000063610929,-0.12786238500079422,-0.3142232102000452,0.6527325992134286,0.5771336619257407,0.6170364816214481,0.9136059583089758,1.0,0.6217255801641681,0.6952781850227683,0.6163045741327632,0.7569618042153259,0.6229970022331509,0.5125180191550581],[0.6881218234492138,0.6797327006189575,0.6881218234492138,0.7153752900772846,0.7153752900772846,0.8230052791295018,0.8230052791295018,0.8997055245634292,0.8997055245634292,0.3162235462937322,0.9433722137553289,0.4752127303454021,0.8407023777695115,0.9338662461326951,0.9427178785508665,0.8960057648207297,0.935206144139872,0.8115077047748774,0.8115077047748774,0.21121802998753286,-0.042893088681137136,0.7176158506955547,0.637598478621447,-0.5768048602764932,0.0626078425273131,0.6312020030782498,0.6592527913718378,0.6995830173851104,0.5889345673435281,0.6217255801641681,1.0,0.7455809314803646,0.3873124896418378,0.5869331460281748,0.7006251488372542,0.7604338217164324],[0.6490529287939167,0.6475673949672353,0.6490529287939167,0.6351696314865779,0.6351696314865779,0.7362913196091776,0.7362913196091776,0.7875881718444235,0.7875881718444235,0.5198056266395568,0.8215790811963607,0.6755882821265956,0.6448836786344222,0.7517553021610712,0.82434069083345,0.7811688384604122,0.8627399668142629,0.7736502052470844,0.7736502052470844,0.35050722727325045,0.27096671730690425,0.6081080851545526,0.5169533112702319,-0.24168074335258602,0.15665733512470756,0.6740398064518628,0.4704169151526025,0.6004665852133412,0.7106416542836081,0.6952781850227683,0.7455809314803646,1.0,0.7786570592889629,0.5439673432772058,0.7288221764221222,0.5797558956676703],[0.5834151345738043,0.6090684151343749,0.5834151345738043,0.5454985475366133,0.5454985475366133,0.6513055271945336,0.6513055271945336,0.6866644850960736,0.6866644850960736,0.5620323244242653,0.6758169999187924,0.674714788782429,0.49507261212420045,0.5232823420956773,0.6793683522714958,0.7088571476551631,0.732756684998272,0.6991358709686941,0.6991358709686941,0.5757019413385225,0.5453673476722015,0.4866410080380644,0.2216345363513366,-0.04840231713085476,0.2608357119352994,0.43089497662412907,0.3842144307557819,0.4870830032876935,0.6705624426848474,0.6163045741327632,0.3873124896418378,0.7786570592889629,1.0,0.501386567183897,0.6362753446992134,0.22601616501070482],[0.9187853534193842,0.9183134148132726,0.9187853534193842,0.899348033100616,0.899348033100616,0.8676169712508237,0.8676169712508237,0.8215136069258169,0.8215136069258169,0.7563051523779319,0.8803735782015405,0.7035261754163121,0.7453116791834983,0.8402823290917213,0.8806315315619017,0.8885146430862957,0.9009523936096455,0.8627112124320702,0.8627112124320702,0.7924187810680993,-0.16587336025729205,0.8812632772720002,0.10907898064034223,-0.1142034506311445,-0.3506003543676994,0.7359513011432531,0.7242265493587545,0.8062278140495057,0.8868297561272462,0.7569618042153259,0.5869331460281748,0.5439673432772058,0.501386567183897,1.0,0.7689384184678637,0.25281006125319105],[0.8836536837286065,0.7687907420958321,0.8836536837286065,0.8773367321134805,0.8773367321134805,0.9047449734500175,0.9047449734500175,0.882769329209976,0.882769329209976,0.572447941567928,0.9612262237727337,0.5377257433733478,0.8497650304103387,0.9575700837192027,0.9610376043370288,0.9013657906621586,0.9680081812702297,0.8009875574308336,0.8009875574308336,0.5134106159498598,0.03719326114764909,0.7555839306678377,0.4516200984476426,-0.2869850224930356,0.10048271865978561,0.7457819396790347,0.7011081580415391,0.8690655393252518,0.554653410927283,0.6229970022331509,0.7006251488372542,0.7288221764221222,0.6362753446992134,0.7689384184678637,1.0,0.2929481434980796],[0.30347909226319997,0.2994753922853305,0.30347909226319997,0.3186964021099084,0.3186964021099084,0.5512941816024398,0.5512941816024398,0.8384164667124201,0.8384164667124201,0.169179704154219,0.8434880997340841,0.5918258537367285,0.7677367694123931,0.8408899423336581,0.843669114982135,0.8342632819267078,0.8797455372521692,0.8675001919204347,0.8675001919204347,-0.0806721925973567,0.10895012675716546,0.30394273865854116,0.5076550283379937,-0.4375838794534186,0.08726006419278762,0.46979610582360165,0.27301614901862864,0.317398754906669,0.34939492892647883,0.5125180191550581,0.7604338217164324,0.5797558956676703,0.22601616501070482,0.25281006125319105,0.2929481434980796,1.0]],"x":["^TAIEX       \u81fa\u7063\u52a0\u6b0a\u5831\u916c\u6307\u6578","^TWII        \u81fa\u7063\u52a0\u6b0a\u6307\u6578","^TAIEXx2     \u81fa\u7063\u52a0\u6b0a\u5831\u916c\u6307\u6578_\u65e5\u6b632","^TAI50I      \u81fa\u706350\u5831\u916c\u6307\u6578","^TAI50Ix2    \u81fa\u706350\u5831\u916c\u6307\u6578_\u65e5\u6b632","^TAI100I     \u81fa\u7063\u4e2d\u578b100\u5831\u916c\u6307\u6578","^TAI100Ix2   \u81fa\u7063\u4e2d\u578b100\u5831\u916c\u6307\u6578_\u65e5\u6b632","^TAIDIVIDI   \u81fa\u7063\u9ad8\u80a1\u606f\u5831\u916c\u6307\u6578","^TAIDIVIDIx2 \u81fa\u7063\u9ad8\u80a1\u606f\u5831\u916c\u6307\u6578_\u65e5\u6b632","0050Fund     \u5143\u5927\u53f0\u7063\u5353\u8d8a50\u57fa\u91d1","006208Fund   \u5bcc\u90a6\u53f0\u7063\u91c6\u540950\u57fa\u91d1","0050         \u5143\u5927\u81fa\u706350","00631L       \u5143\u5927\u53f0\u706350\u6b632","00675L       \u5bcc\u90a6\u81fa\u7063\u52a0\u6b0a\u6b632","006208       \u5bcc\u90a6\u53f050","0051         \u5143\u5927\u4e2d\u578b100","006204       \u6c38\u8c50\u81fa\u7063\u52a0\u6b0a","0056         \u5143\u5927\u9ad8\u80a1\u606f","0056         \u5143\u5927\u9ad8\u80a1\u606f_\u80a1\u606f\u4e0d\u6295\u5165","2412         \u4e2d\u83ef\u96fb\u4fe1","2002         \u4e2d\u92fc","2330         \u53f0\u7a4d\u96fb","2317         \u9d3b\u6d77","6505         \u53f0\u5851\u77f3\u5316","3481         \u7fa4\u5275","2303         \u806f\u96fb","2308         \u53f0\u9054\u96fb","2454         \u806f\u767c\u79d1","2886         \u5146\u8c50\u91d1","2884         \u7389\u5c71\u91d1","2891         \u4e2d\u4fe1\u91d1","2892         \u7b2c\u4e00\u91d1","5880         \u5408\u5eab\u91d1","2881         \u5bcc\u90a6\u91d1","2885         \u5143\u5927\u91d1","2887         \u53f0\u65b0\u91d1"],"y":["^TAIEX       \u81fa\u7063\u52a0\u6b0a\u5831\u916c\u6307\u6578","^TWII        \u81fa\u7063\u52a0\u6b0a\u6307\u6578","^TAIEXx2     \u81fa\u7063\u52a0\u6b0a\u5831\u916c\u6307\u6578_\u65e5\u6b632","^TAI50I      \u81fa\u706350\u5831\u916c\u6307\u6578","^TAI50Ix2    \u81fa\u706350\u5831\u916c\u6307\u6578_\u65e5\u6b632","^TAI100I     \u81fa\u7063\u4e2d\u578b100\u5831\u916c\u6307\u6578","^TAI100Ix2   \u81fa\u7063\u4e2d\u578b100\u5831\u916c\u6307\u6578_\u65e5\u6b632","^TAIDIVIDI   \u81fa\u7063\u9ad8\u80a1\u606f\u5831\u916c\u6307\u6578","^TAIDIVIDIx2 \u81fa\u7063\u9ad8\u80a1\u606f\u5831\u916c\u6307\u6578_\u65e5\u6b632","0050Fund     \u5143\u5927\u53f0\u7063\u5353\u8d8a50\u57fa\u91d1","006208Fund   \u5bcc\u90a6\u53f0\u7063\u91c6\u540950\u57fa\u91d1","0050         \u5143\u5927\u81fa\u706350","00631L       \u5143\u5927\u53f0\u706350\u6b632","00675L       \u5bcc\u90a6\u81fa\u7063\u52a0\u6b0a\u6b632","006208       \u5bcc\u90a6\u53f050","0051         \u5143\u5927\u4e2d\u578b100","006204       \u6c38\u8c50\u81fa\u7063\u52a0\u6b0a","0056         \u5143\u5927\u9ad8\u80a1\u606f","0056         \u5143\u5927\u9ad8\u80a1\u606f_\u80a1\u606f\u4e0d\u6295\u5165","2412         \u4e2d\u83ef\u96fb\u4fe1","2002         \u4e2d\u92fc","2330         \u53f0\u7a4d\u96fb","2317         \u9d3b\u6d77","6505         \u53f0\u5851\u77f3\u5316","3481         \u7fa4\u5275","2303         \u806f\u96fb","2308         \u53f0\u9054\u96fb","2454         \u806f\u767c\u79d1","2886         \u5146\u8c50\u91d1","2884         \u7389\u5c71\u91d1","2891         \u4e2d\u4fe1\u91d1","2892         \u7b2c\u4e00\u91d1","5880         \u5408\u5eab\u91d1","2881         \u5bcc\u90a6\u91d1","2885         \u5143\u5927\u91d1","2887         \u53f0\u65b0\u91d1"],"zmin":-1,"zmax":1,"colorbar":{"x":-0.2}}],"layout":{"autotypenumbers":"strict","colorway":["#636efa","#EF553B","#00cc96","#ab63fa","#FFA15A","#19d3f3","#FF6692","#B6E880","#FF97FF","#FECB52"],"font":{"color":"#f2f5fa","family":"Courier New"},"hovermode":"closest","hoverlabel":{"align":"left"},"paper_bgcolor":"rgb(17,17,17)","plot_bgcolor":"rgb(17,17,17)","polar":{"bgcolor":"rgb(17,17,17)","angularaxis":{"gridcolor":"#506784","linecolor":"#506784","ticks":""},"radialaxis":{"gridcolor":"#506784","linecolor":"#506784","ticks":""}},"ternary":{"bgcolor":"rgb(17,17,17)","aaxis":{"gridcolor":"#506784","linecolor":"#506784","ticks":""},"baxis":{"gridcolor":"#506784","linecolor":"#506784","ticks":""},"caxis":{"gridcolor":"#506784","linecolor":"#506784","ticks":""}},"coloraxis":{"colorbar":{"outlinewidth":0,"ticks":""}},"colorscale":{"sequential":[[0.0,"#0d0887"],[0.1111111111111111,"#46039f"],[0.2222222222222222,"#7201a8"],[0.3333333333333333,"#9c179e"],[0.4444444444444444,"#bd3786"],[0.5555555555555556,"#d8576b"],[0.6666666666666666,"#ed7953"],[0.7777777777777778,"#fb9f3a"],[0.8888888888888888,"#fdca26"],[1.0,"#f0f921"]],"sequentialminus":[[0.0,"#0d0887"],[0.1111111111111111,"#46039f"],[0.2222222222222222,"#7201a8"],[0.3333333333333333,"#9c179e"],[0.4444444444444444,"#bd3786"],[0.5555555555555556,"#d8576b"],[0.6666666666666666,"#ed7953"],[0.7777777777777778,"#fb9f3a"],[0.8888888888888888,"#fdca26"],[1.0,"#f0f921"]],"diverging":[[0,"#8e0152"],[0.1,"#c51b7d"],[0.2,"#de77ae"],[0.3,"#f1b6da"],[0.4,"#fde0ef"],[0.5,"#f7f7f7"],[0.6,"#e6f5d0"],[0.7,"#b8e186"],[0.8,"#7fbc41"],[0.9,"#4d9221"],[1,"#276419"]]},"xaxis":{"gridcolor":"rgba(0, 0, 0, 0)","linecolor":"#506784","ticks":"","title":{"standoff":15},"zerolinecolor":"#283442","automargin":true,"zerolinewidth":2,"tickfont":{"family":"Courier New","size":14},"side":"top","tickangle":-90},"yaxis":{"gridcolor":"rgba(0, 0, 0, 0)","linecolor":"#506784","ticks":"","title":{"standoff":15},"zerolinecolor":"#283442","automargin":true,"zerolinewidth":2,"tickfont":{"family":"Courier New"},"side":"right"},"scene":{"xaxis":{"backgroundcolor":"rgb(17,17,17)","gridcolor":"#506784","linecolor":"#506784","showbackground":true,"ticks":"","zerolinecolor":"#C8D4E3","gridwidth":2},"yaxis":{"backgroundcolor":"rgb(17,17,17)","gridcolor":"#506784","linecolor":"#506784","showbackground":true,"ticks":"","zerolinecolor":"#C8D4E3","gridwidth":2},"zaxis":{"backgroundcolor":"rgb(17,17,17)","gridcolor":"#506784","linecolor":"#506784","showbackground":true,"ticks":"","zerolinecolor":"#C8D4E3","gridwidth":2}},"shapedefaults":{"line":{"color":"#f2f5fa"}},"annotationdefaults":{"arrowcolor":"#f2f5fa","arrowhead":0,"arrowwidth":1},"geo":{"bgcolor":"rgb(17,17,17)","landcolor":"rgb(17,17,17)","subunitcolor":"#506784","showland":true,"showlakes":true,"lakecolor":"rgb(17,17,17)"},"title":{"x":0.05,"font":{"family":"Times New Roman"},"y":0.05,"text":"<b>Correlation of Close<b><br><i>2016-09-23 ~ 2026-05-26<i>"},"updatemenudefaults":{"bgcolor":"#506784","borderwidth":0},"sliderdefaults":{"bgcolor":"#C8D4E3","borderwidth":1,"bordercolor":"rgb(17,17,17)","tickwidth":0},"mapbox":{"style":"dark"},"annotations":[{"text":"<b>@zwindr<b>","textangle":0,"opacity":0.5,"font":{"color":"white","size":12},"xref":"paper","yref":"paper","xanchor":"left","yanchor":"bottom","x":1.0,"y":1.0,"showarrow":false}]},"config":{"responsive":true,"toImageButtonOptions":{"filename":"Correlation of Close_2016-09-23~2026-05-26","scale":5}}};Plotly.newPlot("correlationClose",correlationClose.data,correlationClose.layout||{},correlationClose.config);}else{console.log("style display is none => correlationClose");}