var element=document.getElementById("correlationClose");if(element.style.display!='none'){var correlationClose={"data":[{"type":"heatmap","z":[[1.0,0.9999999999999979,1.0,0.9950624546093181,0.9950624546093181,0.9740016214555419,0.9740016214555419,0.9164699908375411,0.9164699908375411,0.7204839988395001,0.9953938224309477,0.6586726991665792,0.837003354519444,0.9899608974287497,0.9954886865380768,0.9786711778571427,0.9993170719885528,0.9043573338272207,0.9043573338272207,0.765737487681531,-0.20058763972338448,0.981540358089132,0.2643966138835945,-0.17765332438831713,-0.2166816597159458,0.8259524669948946,0.8845453507452218,0.9302719610595803,0.8981328152754328,0.7837398984185036,0.6662869644510162,0.6522801083913653,0.5981667989430308,0.9244519999112236,0.8733072713072729,0.2849207875834471],[0.9999999999999979,1.0,0.9999999999999981,0.9950226234510307,0.9950226234510307,0.9734880114309771,0.9734880114309771,0.9169794457188906,0.9169794457188906,0.7221354880119415,0.9953870767817241,0.6605633216971817,0.8361729934841039,0.9896565386021446,0.9954791731413635,0.9782930347126474,0.9993169018147215,0.9042452067391414,0.9042452067391414,0.7828643669303649,0.008927050153020654,0.9746530981700666,0.022031829358846816,-0.17028082007643197,-0.21729606940805973,0.6764496908862304,0.8825539959019654,0.9108654717044297,0.8951888431927049,0.7918233786854805,0.6579096265548091,0.6502609213625015,0.6231932352759647,0.923778381818136,0.7518516414088684,0.28086448029015254],[1.0,0.9999999999999981,1.0,0.9950624546093181,0.9950624546093181,0.9740016214555419,0.9740016214555419,0.9164699908375411,0.9164699908375411,0.7204839988395001,0.9953938224309477,0.6586726991665792,0.837003354519444,0.9899608974287497,0.9954886865380768,0.9786711778571427,0.9993170719885528,0.9043573338272207,0.9043573338272207,0.765737487681531,-0.20058763972338448,0.981540358089132,0.2643966138835945,-0.17765332438831713,-0.2166816597159458,0.8259524669948946,0.8845453507452218,0.9302719610595803,0.8981328152754328,0.7837398984185036,0.6662869644510162,0.6522801083913653,0.5981667989430308,0.9244519999112236,0.8733072713072729,0.2849207875834471],[0.9950624546093181,0.9950226234510307,0.9950624546093181,1.0,1.0,0.9622033620167613,0.9622033620167613,0.8986944328194055,0.8986944328194055,0.6776155445418325,0.9996701981187741,0.6158821875554723,0.8425791575141134,0.9914170448788698,0.9996251537303537,0.9623572609030092,0.9953204915655512,0.8741588529199295,0.8741588529199295,0.733321443745367,-0.20767243582660697,0.9931190713270521,0.2922790470777249,-0.21214487525682837,-0.21104398392482218,0.8106951044283662,0.9078529443274221,0.9285835209776105,0.8722178542231378,0.7786279644648395,0.6950019052402683,0.6402342354210098,0.5616717003792404,0.9071005427247598,0.866062380808158,0.30043743901251074],[0.9950624546093181,0.9950226234510307,0.9950624546093181,1.0,1.0,0.9622033620167613,0.9622033620167613,0.8986944328194055,0.8986944328194055,0.6776155445418325,0.9996701981187741,0.6158821875554723,0.8425791575141134,0.9914170448788698,0.9996251537303537,0.9623572609030092,0.9953204915655512,0.8741588529199295,0.8741588529199295,0.733321443745367,-0.20767243582660697,0.9931190713270521,0.2922790470777249,-0.21214487525682837,-0.21104398392482218,0.8106951044283662,0.9078529443274221,0.9285835209776105,0.8722178542231378,0.7786279644648395,0.6950019052402683,0.6402342354210098,0.5616717003792404,0.9071005427247598,0.866062380808158,0.30043743901251074],[0.9740016214555419,0.9734880114309771,0.9740016214555419,0.9622033620167613,0.9622033620167613,1.0,1.0,0.9397125051392283,0.9397125051392283,0.7016078997976111,0.9608698186934723,0.674310206840909,0.8190576468718096,0.9594734751283319,0.9609124070694983,0.9991094111840674,0.9792424340309044,0.9117158713619619,0.9117158713619619,0.6560381785003233,-0.15949178389987892,0.95032111659722,0.39455483826717935,-0.3414428451921618,-0.10631101622886535,0.8848207881145489,0.8455316055853194,0.9440886422493324,0.8812731367303346,0.7560693212476669,0.8104048216698523,0.7420994810855222,0.6676897747292843,0.8689278899529819,0.8965820397242378,0.5394838284637649],[0.9740016214555419,0.9734880114309771,0.9740016214555419,0.9622033620167613,0.9622033620167613,1.0,1.0,0.9397125051392283,0.9397125051392283,0.7016078997976111,0.9608698186934723,0.674310206840909,0.8190576468718096,0.9594734751283319,0.9609124070694983,0.9991094111840674,0.9792424340309044,0.9117158713619619,0.9117158713619619,0.6560381785003233,-0.15949178389987892,0.95032111659722,0.39455483826717935,-0.3414428451921618,-0.10631101622886535,0.8848207881145489,0.8455316055853194,0.9440886422493324,0.8812731367303346,0.7560693212476669,0.8104048216698523,0.7420994810855222,0.6676897747292843,0.8689278899529819,0.8965820397242378,0.5394838284637649],[0.9164699908375411,0.9169794457188906,0.9164699908375411,0.8986944328194055,0.8986944328194055,0.9397125051392283,0.9397125051392283,1.0,1.0,0.6843371278967343,0.9358326352900844,0.6905934188968983,0.7784136773318359,0.9141916465427783,0.9360076953524806,0.9421717721109507,0.9477992786618828,0.9692300823950774,0.9692300823950774,0.6161577851604634,-0.03862006005864733,0.8678152211945953,0.6032226694273264,-0.37142197380708625,0.013533112145051093,0.8090276990612502,0.7362479811998903,0.8936483799739998,0.8556496299587536,0.7764030802513965,0.8929550866410025,0.7921251843668154,0.6999240900857167,0.8181273069984177,0.8746938314636508,0.8334761239898735],[0.9164699908375411,0.9169794457188906,0.9164699908375411,0.8986944328194055,0.8986944328194055,0.9397125051392283,0.9397125051392283,1.0,1.0,0.6843371278967343,0.9358326352900844,0.6905934188968983,0.7784136773318359,0.9141916465427783,0.9360076953524806,0.9421717721109507,0.9477992786618828,0.9692300823950774,0.9692300823950774,0.6161577851604634,-0.03862006005864733,0.8678152211945953,0.6032226694273264,-0.37142197380708625,0.013533112145051093,0.8090276990612502,0.7362479811998903,0.8936483799739998,0.8556496299587536,0.7764030802513965,0.8929550866410025,0.7921251843668154,0.6999240900857167,0.8181273069984177,0.8746938314636508,0.8334761239898735],[0.7204839988395001,0.7221354880119415,0.7204839988395001,0.6776155445418325,0.6776155445418325,0.7016078997976111,0.7016078997976111,0.6843371278967343,0.6843371278967343,1.0,0.5267055916184032,0.9999693852673847,0.29917729697148737,0.2890884990175207,0.5286403243740816,0.6950349048449954,0.599036181762725,0.7805742444716354,0.7805742444716354,0.6827487343272618,-0.09788772169598599,0.6447039307313193,0.03639875747615004,0.04876794480208628,-0.24289672256050293,0.7519385501806878,0.3732080849419747,0.692202996399065,0.7963515943367416,0.666319605636253,0.3186250693612418,0.5197039732973742,0.5615858102039886,0.7611906231398226,0.5890703967946955,0.16710591528793503],[0.9953938224309477,0.9953870767817241,0.9953938224309477,0.9996701981187741,0.9996701981187741,0.9608698186934723,0.9608698186934723,0.9358326352900844,0.9358326352900844,0.5267055916184032,1.0,0.5266170837123908,0.8412132710192488,0.9910219686716553,0.9999461065043344,0.9581854079363145,0.994942743809333,0.8823572308223103,0.8823572308223103,0.8464362955734123,-0.10421596953464111,0.9973841319205573,0.9049147244531671,-0.543977127997802,0.5061363334780247,0.8120976654811513,0.886692110905483,0.9389775233628604,0.8566822512904801,0.8025009383732666,0.9404362125262742,0.8378864388340869,0.703014574045432,0.8875951766520058,0.9572933377439418,0.8380152093974833],[0.6586726991665792,0.6605633216971817,0.6586726991665792,0.6158821875554723,0.6158821875554723,0.674310206840909,0.674310206840909,0.6905934188968983,0.6905934188968983,0.9999693852673847,0.5266170837123908,1.0,0.3000479998826523,0.2898157708001995,0.529372186619285,0.6839375474920474,0.5996508172842329,0.7731067131793947,0.7731067131793947,0.6331953393829722,0.03366185008305499,0.5872470724428831,0.38130652879928006,-0.15990872435444017,-0.2321233390537056,0.7742212506254657,0.27697704900469033,0.6557198776796535,0.7636632665466697,0.6829269206673715,0.48718307313303033,0.6779772141337834,0.6747342580709923,0.7094999681756368,0.5574838972083688,0.5995835694648515],[0.837003354519444,0.8361729934841039,0.837003354519444,0.8425791575141134,0.8425791575141134,0.8190576468718096,0.8190576468718096,0.7784136773318359,0.7784136773318359,0.29917729697148737,0.8412132710192488,0.3000479998826523,1.0,0.9998569176553824,0.8406685233802392,0.8130061973411791,0.8359933261411886,0.6982217798696053,0.6982217798696053,0.6075844860810025,-0.07076658191314635,0.8411161992496694,0.7951867495150508,-0.6509798660539203,0.5541681655260303,0.6342516324371774,0.8134654383897809,0.8136983938415987,0.6678242078182768,0.5900268481629715,0.821080640295899,0.6457616015779354,0.5119098660980594,0.7397061711464149,0.8236994045210622,0.7495225882920478],[0.9899608974287497,0.9896565386021446,0.9899608974287497,0.9914170448788698,0.9914170448788698,0.9594734751283319,0.9594734751283319,0.9141916465427783,0.9141916465427783,0.2890884990175207,0.9910219686716553,0.2898157708001995,0.9998569176553824,1.0,0.991052530652328,0.9530969395895003,0.9878469268231478,0.8316975355758499,0.8316975355758499,0.845006890739755,-0.2114869837168845,0.9891897321034414,0.9016734299357808,-0.7778635965339387,0.6125930737868995,0.7207843154188612,0.9271115839452522,0.9219087105607988,0.788969012738446,0.6856553011230364,0.9398925199280639,0.7818906396309881,0.5691043745241859,0.8613989950358115,0.95812779563715,0.8433029649064594],[0.9954886865380768,0.9954791731413635,0.9954886865380768,0.9996251537303537,0.9996251537303537,0.9609124070694983,0.9609124070694983,0.9360076953524806,0.9360076953524806,0.5286403243740816,0.9999461065043344,0.529372186619285,0.8406685233802392,0.991052530652328,1.0,0.9583439960325455,0.9950456548779552,0.8832288548541903,0.8832288548541903,0.8474198497918098,-0.10328859029070864,0.9972429334797714,0.9044028055910805,-0.5415176930714289,0.5054085488728275,0.8128811885369052,0.8854698637483925,0.9386600947435936,0.8576075092904696,0.8036224874005519,0.9399098228782015,0.839134976658827,0.7046654812734315,0.8877848822154539,0.9573539549831195,0.8382654740188236],[0.9786711778571427,0.9782930347126474,0.9786711778571427,0.9623572609030092,0.9623572609030092,0.9991094111840674,0.9991094111840674,0.9421717721109507,0.9421717721109507,0.6950349048449954,0.9581854079363145,0.6839375474920474,0.8130061973411791,0.9530969395895003,0.9583439960325455,1.0,0.9784756382875444,0.9144821204791953,0.9144821204791953,0.7053802619208224,-0.14680929332747325,0.9527628268532049,0.7088464623935458,-0.4694960378859664,-0.12733489437080214,0.8961119962113792,0.8299415230604631,0.9409911113124804,0.8890340564555952,0.7890931166651156,0.8889007830433118,0.7868229496016143,0.7243122552101436,0.8898588497875098,0.8938117990426702,0.829464158080389],[0.9993170719885528,0.9993169018147215,0.9993170719885528,0.9953204915655512,0.9953204915655512,0.9792424340309044,0.9792424340309044,0.9477992786618828,0.9477992786618828,0.599036181762725,0.994942743809333,0.5996508172842329,0.8359933261411886,0.9878469268231478,0.9950456548779552,0.9784756382875444,1.0,0.913432680405638,0.913432680405638,0.8618797219973742,-0.08544248738412726,0.9894105986732903,0.8839272510654138,-0.5302240357399143,0.5091841370803786,0.8585629628555522,0.8676130891689687,0.950931238393617,0.8937374509113843,0.8259256881409698,0.9306882090207399,0.8748719183667163,0.754898064506729,0.906228466671166,0.9649299172079608,0.8759276162135722],[0.9043573338272207,0.9042452067391414,0.9043573338272207,0.8741588529199295,0.8741588529199295,0.9117158713619619,0.9117158713619619,0.9692300823950774,0.9692300823950774,0.7805742444716354,0.8823572308223103,0.7731067131793947,0.6982217798696053,0.8316975355758499,0.8832288548541903,0.9144821204791953,0.913432680405638,1.0,1.0,0.7590788821743728,-0.08272833686342232,0.8412661907097094,0.6004796982896944,-0.2544755642459727,-0.18484044780213446,0.8429272922896326,0.6628589270103524,0.8462909669097063,0.9208600101759679,0.8507166459902583,0.8035603997860499,0.7732240327268209,0.7054227163727195,0.8594652721128269,0.7935231842564505,0.8630779821677772],[0.9043573338272207,0.9042452067391414,0.9043573338272207,0.8741588529199295,0.8741588529199295,0.9117158713619619,0.9117158713619619,0.9692300823950774,0.9692300823950774,0.7805742444716354,0.8823572308223103,0.7731067131793947,0.6982217798696053,0.8316975355758499,0.8832288548541903,0.9144821204791953,0.913432680405638,1.0,1.0,0.7590788821743728,-0.08272833686342232,0.8412661907097094,0.6004796982896944,-0.2544755642459727,-0.18484044780213446,0.8429272922896326,0.6628589270103524,0.8462909669097063,0.9208600101759679,0.8507166459902583,0.8035603997860499,0.7732240327268209,0.7054227163727195,0.8594652721128269,0.7935231842564505,0.8630779821677772],[0.765737487681531,0.7828643669303649,0.765737487681531,0.733321443745367,0.733321443745367,0.6560381785003233,0.6560381785003233,0.6161577851604634,0.6161577851604634,0.6827487343272618,0.8464362955734123,0.6331953393829722,0.6075844860810025,0.845006890739755,0.8474198497918098,0.7053802619208224,0.8618797219973742,0.7590788821743728,0.7590788821743728,1.0,0.010565687387742653,0.6951193886151746,-0.2998363842604495,0.2664188256986997,-0.6407767837993299,0.39138165640671013,0.5987147091312871,0.5363766891759737,0.8437298877597259,0.7101407891566064,0.19572068941820708,0.3446759670088183,0.5748377195867509,0.7909884746559201,0.5099637494818265,-0.09184098391495445],[-0.20058763972338448,0.008927050153020654,-0.20058763972338448,-0.20767243582660697,-0.20767243582660697,-0.15949178389987892,-0.15949178389987892,-0.03862006005864733,-0.03862006005864733,-0.09788772169598599,-0.10421596953464111,0.03366185008305499,-0.07076658191314635,-0.2114869837168845,-0.10328859029070864,-0.14680929332747325,-0.08544248738412726,-0.08272833686342232,-0.08272833686342232,0.010565687387742653,1.0,-0.13796342586742874,0.0799022134935648,0.18223223742260322,0.7385946936021537,-0.11692119631302503,-0.10711697852889124,-0.06574600209022444,0.12954401380126446,-0.03617865643598041,-0.027500113037269288,0.2802819970224619,0.5485738783405985,-0.158264195945696,0.0518030543344149,0.11728157582991455],[0.981540358089132,0.9746530981700666,0.981540358089132,0.9931190713270521,0.9931190713270521,0.95032111659722,0.95032111659722,0.8678152211945953,0.8678152211945953,0.6447039307313193,0.9973841319205573,0.5872470724428831,0.8411161992496694,0.9891897321034414,0.9972429334797714,0.9527628268532049,0.9894105986732903,0.8412661907097094,0.8412661907097094,0.6951193886151746,-0.13796342586742874,1.0,0.19971609462068182,-0.25976110417425363,-0.24969961349847683,0.6846192091077702,0.9141670768983651,0.91392156741412,0.8181400100344036,0.7468366620772796,0.6979923709824305,0.6099445103085366,0.49743426195188795,0.8857233097337514,0.7371152861778865,0.28571215855630117],[0.2643966138835945,0.022031829358846816,0.2643966138835945,0.2922790470777249,0.2922790470777249,0.39455483826717935,0.39455483826717935,0.6032226694273264,0.6032226694273264,0.03639875747615004,0.9049147244531671,0.38130652879928006,0.7951867495150508,0.9016734299357808,0.9044028055910805,0.7088464623935458,0.8839272510654138,0.6004796982896944,0.6004796982896944,-0.2998363842604495,0.0799022134935648,0.19971609462068182,1.0,-0.4828199637328258,0.6823004612152709,0.4151214683209499,0.22591367025183065,0.3819141464885143,-0.03616308901162919,0.14112050043292834,0.6278593195549441,0.5109489118202043,0.21861792119896586,0.08951409076457265,0.43786684869924974,0.50006793172756],[-0.17765332438831713,-0.17028082007643197,-0.17765332438831713,-0.21214487525682837,-0.21214487525682837,-0.3414428451921618,-0.3414428451921618,-0.37142197380708625,-0.37142197380708625,0.04876794480208628,-0.543977127997802,-0.15990872435444017,-0.6509798660539203,-0.7778635965339387,-0.5415176930714289,-0.4694960378859664,-0.5302240357399143,-0.2544755642459727,-0.2544755642459727,0.2664188256986997,0.18223223742260322,-0.25976110417425363,-0.4828199637328258,1.0,-0.025255804104804234,-0.209716702015141,-0.2516128800977225,-0.3455193836010359,-0.08878898510181274,-0.12087320201093459,-0.5761644993750396,-0.23600515859672624,-0.04561030450467922,-0.10359025385533858,-0.2766923506679678,-0.4327498138766578],[-0.2166816597159458,-0.21729606940805973,-0.2166816597159458,-0.21104398392482218,-0.21104398392482218,-0.10631101622886535,-0.10631101622886535,0.013533112145051093,0.013533112145051093,-0.24289672256050293,0.5061363334780247,-0.2321233390537056,0.5541681655260303,0.6125930737868995,0.5054085488728275,-0.12733489437080214,0.5091841370803786,-0.18484044780213446,-0.18484044780213446,-0.6407767837993299,0.7385946936021537,-0.24969961349847683,0.6823004612152709,-0.025255804104804234,1.0,-0.10235844819158335,-0.15378044697594676,-0.060835011779838015,-0.3423925502900143,-0.31903403953180764,0.056725514631900606,0.15468971246721144,0.2600762249468661,-0.36002192040417996,0.09592242663967791,0.0833816683733593],[0.8259524669948946,0.6764496908862304,0.8259524669948946,0.8106951044283662,0.8106951044283662,0.8848207881145489,0.8848207881145489,0.8090276990612502,0.8090276990612502,0.7519385501806878,0.8120976654811513,0.7742212506254657,0.6342516324371774,0.7207843154188612,0.8128811885369052,0.8961119962113792,0.8585629628555522,0.8429272922896326,0.8429272922896326,0.39138165640671013,-0.11692119631302503,0.6846192091077702,0.4151214683209499,-0.209716702015141,-0.10235844819158335,1.0,0.5466585556488516,0.8502108281050913,0.5271917720076028,0.655770830092209,0.6058174745316655,0.6796305592604004,0.436521279166857,0.7316007193441532,0.728923815994811,0.46075647801835723],[0.8845453507452218,0.8825539959019654,0.8845453507452218,0.9078529443274221,0.9078529443274221,0.8455316055853194,0.8455316055853194,0.7362479811998903,0.7362479811998903,0.3732080849419747,0.886692110905483,0.27697704900469033,0.8134654383897809,0.9271115839452522,0.8854698637483925,0.8299415230604631,0.8676130891689687,0.6628589270103524,0.6628589270103524,0.5987147091312871,-0.10711697852889124,0.9141670768983651,0.22591367025183065,-0.2516128800977225,-0.15378044697594676,0.5466585556488516,1.0,0.801331916211253,0.6668498521251981,0.6047041362707775,0.6399620335782134,0.48548560095831356,0.4147306413376656,0.7487610336115486,0.6832443718051995,0.25221523641092497],[0.9302719610595803,0.9108654717044297,0.9302719610595803,0.9285835209776105,0.9285835209776105,0.9440886422493324,0.9440886422493324,0.8936483799739998,0.8936483799739998,0.692202996399065,0.9389775233628604,0.6557198776796535,0.8136983938415987,0.9219087105607988,0.9386600947435936,0.9409911113124804,0.950931238393617,0.8462909669097063,0.8462909669097063,0.5363766891759737,-0.06574600209022444,0.91392156741412,0.3819141464885143,-0.3455193836010359,-0.060835011779838015,0.8502108281050913,0.801331916211253,1.0,0.7590812450005531,0.642985106972745,0.683806195943285,0.6267545009463276,0.5238191761269335,0.8339388285261695,0.8675030265342515,0.30178848652968926],[0.8981328152754328,0.8951888431927049,0.8981328152754328,0.8722178542231378,0.8722178542231378,0.8812731367303346,0.8812731367303346,0.8556496299587536,0.8556496299587536,0.7963515943367416,0.8566822512904801,0.7636632665466697,0.6678242078182768,0.788969012738446,0.8576075092904696,0.8890340564555952,0.8937374509113843,0.9208600101759679,0.9208600101759679,0.8437298877597259,0.12954401380126446,0.8181400100344036,-0.03616308901162919,-0.08878898510181274,-0.3423925502900143,0.5271917720076028,0.6668498521251981,0.7590812450005531,1.0,0.912727527205139,0.5840705995100273,0.7078266601319602,0.6705364883145175,0.8861836472343911,0.5495624509649887,0.341885199019163],[0.7837398984185036,0.7918233786854805,0.7837398984185036,0.7786279644648395,0.7786279644648395,0.7560693212476669,0.7560693212476669,0.7764030802513965,0.7764030802513965,0.666319605636253,0.8025009383732666,0.6829269206673715,0.5900268481629715,0.6856553011230364,0.8036224874005519,0.7890931166651156,0.8259256881409698,0.8507166459902583,0.8507166459902583,0.7101407891566064,-0.03617865643598041,0.7468366620772796,0.14112050043292834,-0.12087320201093459,-0.31903403953180764,0.655770830092209,0.6047041362707775,0.642985106972745,0.912727527205139,1.0,0.6187467399604052,0.6923465836473204,0.6158836401784793,0.7544164161080362,0.6228424866436744,0.5071500587662351],[0.6662869644510162,0.6579096265548091,0.6662869644510162,0.6950019052402683,0.6950019052402683,0.8104048216698523,0.8104048216698523,0.8929550866410025,0.8929550866410025,0.3186250693612418,0.9404362125262742,0.48718307313303033,0.821080640295899,0.9398925199280639,0.9399098228782015,0.8889007830433118,0.9306882090207399,0.8035603997860499,0.8035603997860499,0.19572068941820708,-0.027500113037269288,0.6979923709824305,0.6278593195549441,-0.5761644993750396,0.056725514631900606,0.6058174745316655,0.6399620335782134,0.683806195943285,0.5840705995100273,0.6187467399604052,1.0,0.7477110720145039,0.3893280912857523,0.5737762369679984,0.6803922077674839,0.760345336528407],[0.6522801083913653,0.6502609213625015,0.6522801083913653,0.6402342354210098,0.6402342354210098,0.7420994810855222,0.7420994810855222,0.7921251843668154,0.7921251843668154,0.5197039732973742,0.8378864388340869,0.6779772141337834,0.6457616015779354,0.7818906396309881,0.839134976658827,0.7868229496016143,0.8748719183667163,0.7732240327268209,0.7732240327268209,0.3446759670088183,0.2802819970224619,0.6099445103085366,0.5109489118202043,-0.23600515859672624,0.15468971246721144,0.6796305592604004,0.48548560095831356,0.6267545009463276,0.7078266601319602,0.6923465836473204,0.7477110720145039,1.0,0.7791229686504542,0.5383184583352169,0.7351306694207009,0.575404798865017],[0.5981667989430308,0.6231932352759647,0.5981667989430308,0.5616717003792404,0.5616717003792404,0.6676897747292843,0.6676897747292843,0.6999240900857167,0.6999240900857167,0.5615858102039886,0.703014574045432,0.6747342580709923,0.5119098660980594,0.5691043745241859,0.7046654812734315,0.7243122552101436,0.754898064506729,0.7054227163727195,0.7054227163727195,0.5748377195867509,0.5485738783405985,0.49743426195188795,0.21861792119896586,-0.04561030450467922,0.2600762249468661,0.436521279166857,0.4147306413376656,0.5238191761269335,0.6705364883145175,0.6158836401784793,0.3893280912857523,0.7791229686504542,1.0,0.501588118762278,0.6474152723049076,0.22317282457018184],[0.9244519999112236,0.923778381818136,0.9244519999112236,0.9071005427247598,0.9071005427247598,0.8689278899529819,0.8689278899529819,0.8181273069984177,0.8181273069984177,0.7611906231398226,0.8875951766520058,0.7094999681756368,0.7397061711464149,0.8613989950358115,0.8877848822154539,0.8898588497875098,0.906228466671166,0.8594652721128269,0.8594652721128269,0.7909884746559201,-0.158264195945696,0.8857233097337514,0.08951409076457265,-0.10359025385533858,-0.36002192040417996,0.7316007193441532,0.7487610336115486,0.8339388285261695,0.8861836472343911,0.7544164161080362,0.5737762369679984,0.5383184583352169,0.501588118762278,1.0,0.7652878676747765,0.2402901789467519],[0.8733072713072729,0.7518516414088684,0.8733072713072729,0.866062380808158,0.866062380808158,0.8965820397242378,0.8965820397242378,0.8746938314636508,0.8746938314636508,0.5890703967946955,0.9572933377439418,0.5574838972083688,0.8236994045210622,0.95812779563715,0.9573539549831195,0.8938117990426702,0.9649299172079608,0.7935231842564505,0.7935231842564505,0.5099637494818265,0.0518030543344149,0.7371152861778865,0.43786684869924974,-0.2766923506679678,0.09592242663967791,0.728923815994811,0.6832443718051995,0.8675030265342515,0.5495624509649887,0.6228424866436744,0.6803922077674839,0.7351306694207009,0.6474152723049076,0.7652878676747765,1.0,0.2747139001453487],[0.2849207875834471,0.28086448029015254,0.2849207875834471,0.30043743901251074,0.30043743901251074,0.5394838284637649,0.5394838284637649,0.8334761239898735,0.8334761239898735,0.16710591528793503,0.8380152093974833,0.5995835694648515,0.7495225882920478,0.8433029649064594,0.8382654740188236,0.829464158080389,0.8759276162135722,0.8630779821677772,0.8630779821677772,-0.09184098391495445,0.11728157582991455,0.28571215855630117,0.50006793172756,-0.4327498138766578,0.0833816683733593,0.46075647801835723,0.25221523641092497,0.30178848652968926,0.341885199019163,0.5071500587662351,0.760345336528407,0.575404798865017,0.22317282457018184,0.2402901789467519,0.2747139001453487,1.0]],"x":["^TAIEX       \u81fa\u7063\u52a0\u6b0a\u5831\u916c\u6307\u6578","^TWII        \u81fa\u7063\u52a0\u6b0a\u6307\u6578","^TAIEXx2     \u81fa\u7063\u52a0\u6b0a\u5831\u916c\u6307\u6578_\u65e5\u6b632","^TAI50I      \u81fa\u706350\u5831\u916c\u6307\u6578","^TAI50Ix2    \u81fa\u706350\u5831\u916c\u6307\u6578_\u65e5\u6b632","^TAI100I     \u81fa\u7063\u4e2d\u578b100\u5831\u916c\u6307\u6578","^TAI100Ix2   \u81fa\u7063\u4e2d\u578b100\u5831\u916c\u6307\u6578_\u65e5\u6b632","^TAIDIVIDI   \u81fa\u7063\u9ad8\u80a1\u606f\u5831\u916c\u6307\u6578","^TAIDIVIDIx2 \u81fa\u7063\u9ad8\u80a1\u606f\u5831\u916c\u6307\u6578_\u65e5\u6b632","0050Fund     \u5143\u5927\u53f0\u7063\u5353\u8d8a50\u57fa\u91d1","006208Fund   \u5bcc\u90a6\u53f0\u7063\u91c6\u540950\u57fa\u91d1","0050         \u5143\u5927\u81fa\u706350","00631L       \u5143\u5927\u53f0\u706350\u6b632","00675L       \u5bcc\u90a6\u81fa\u7063\u52a0\u6b0a\u6b632","006208       \u5bcc\u90a6\u53f050","0051         \u5143\u5927\u4e2d\u578b100","006204       \u6c38\u8c50\u81fa\u7063\u52a0\u6b0a","0056         \u5143\u5927\u9ad8\u80a1\u606f","0056         \u5143\u5927\u9ad8\u80a1\u606f_\u80a1\u606f\u4e0d\u6295\u5165","2412         \u4e2d\u83ef\u96fb\u4fe1","2002         \u4e2d\u92fc","2330         \u53f0\u7a4d\u96fb","2317         \u9d3b\u6d77","6505         \u53f0\u5851\u77f3\u5316","3481         \u7fa4\u5275","2303         \u806f\u96fb","2308         \u53f0\u9054\u96fb","2454         \u806f\u767c\u79d1","2886         \u5146\u8c50\u91d1","2884         \u7389\u5c71\u91d1","2891         \u4e2d\u4fe1\u91d1","2892         \u7b2c\u4e00\u91d1","5880         \u5408\u5eab\u91d1","2881         \u5bcc\u90a6\u91d1","2885         \u5143\u5927\u91d1","2887         \u53f0\u65b0\u91d1"],"y":["^TAIEX       \u81fa\u7063\u52a0\u6b0a\u5831\u916c\u6307\u6578","^TWII        \u81fa\u7063\u52a0\u6b0a\u6307\u6578","^TAIEXx2     \u81fa\u7063\u52a0\u6b0a\u5831\u916c\u6307\u6578_\u65e5\u6b632","^TAI50I      \u81fa\u706350\u5831\u916c\u6307\u6578","^TAI50Ix2    \u81fa\u706350\u5831\u916c\u6307\u6578_\u65e5\u6b632","^TAI100I     \u81fa\u7063\u4e2d\u578b100\u5831\u916c\u6307\u6578","^TAI100Ix2   \u81fa\u7063\u4e2d\u578b100\u5831\u916c\u6307\u6578_\u65e5\u6b632","^TAIDIVIDI   \u81fa\u7063\u9ad8\u80a1\u606f\u5831\u916c\u6307\u6578","^TAIDIVIDIx2 \u81fa\u7063\u9ad8\u80a1\u606f\u5831\u916c\u6307\u6578_\u65e5\u6b632","0050Fund     \u5143\u5927\u53f0\u7063\u5353\u8d8a50\u57fa\u91d1","006208Fund   \u5bcc\u90a6\u53f0\u7063\u91c6\u540950\u57fa\u91d1","0050         \u5143\u5927\u81fa\u706350","00631L       \u5143\u5927\u53f0\u706350\u6b632","00675L       \u5bcc\u90a6\u81fa\u7063\u52a0\u6b0a\u6b632","006208       \u5bcc\u90a6\u53f050","0051         \u5143\u5927\u4e2d\u578b100","006204       \u6c38\u8c50\u81fa\u7063\u52a0\u6b0a","0056         \u5143\u5927\u9ad8\u80a1\u606f","0056         \u5143\u5927\u9ad8\u80a1\u606f_\u80a1\u606f\u4e0d\u6295\u5165","2412         \u4e2d\u83ef\u96fb\u4fe1","2002         \u4e2d\u92fc","2330         \u53f0\u7a4d\u96fb","2317         \u9d3b\u6d77","6505         \u53f0\u5851\u77f3\u5316","3481         \u7fa4\u5275","2303         \u806f\u96fb","2308         \u53f0\u9054\u96fb","2454         \u806f\u767c\u79d1","2886         \u5146\u8c50\u91d1","2884         \u7389\u5c71\u91d1","2891         \u4e2d\u4fe1\u91d1","2892         \u7b2c\u4e00\u91d1","5880         \u5408\u5eab\u91d1","2881         \u5bcc\u90a6\u91d1","2885         \u5143\u5927\u91d1","2887         \u53f0\u65b0\u91d1"],"zmin":-1,"zmax":1,"colorbar":{"x":-0.2}}],"layout":{"autotypenumbers":"strict","colorway":["#636efa","#EF553B","#00cc96","#ab63fa","#FFA15A","#19d3f3","#FF6692","#B6E880","#FF97FF","#FECB52"],"font":{"color":"#f2f5fa","family":"Courier New"},"hovermode":"closest","hoverlabel":{"align":"left"},"paper_bgcolor":"rgb(17,17,17)","plot_bgcolor":"rgb(17,17,17)","polar":{"bgcolor":"rgb(17,17,17)","angularaxis":{"gridcolor":"#506784","linecolor":"#506784","ticks":""},"radialaxis":{"gridcolor":"#506784","linecolor":"#506784","ticks":""}},"ternary":{"bgcolor":"rgb(17,17,17)","aaxis":{"gridcolor":"#506784","linecolor":"#506784","ticks":""},"baxis":{"gridcolor":"#506784","linecolor":"#506784","ticks":""},"caxis":{"gridcolor":"#506784","linecolor":"#506784","ticks":""}},"coloraxis":{"colorbar":{"outlinewidth":0,"ticks":""}},"colorscale":{"sequential":[[0.0,"#0d0887"],[0.1111111111111111,"#46039f"],[0.2222222222222222,"#7201a8"],[0.3333333333333333,"#9c179e"],[0.4444444444444444,"#bd3786"],[0.5555555555555556,"#d8576b"],[0.6666666666666666,"#ed7953"],[0.7777777777777778,"#fb9f3a"],[0.8888888888888888,"#fdca26"],[1.0,"#f0f921"]],"sequentialminus":[[0.0,"#0d0887"],[0.1111111111111111,"#46039f"],[0.2222222222222222,"#7201a8"],[0.3333333333333333,"#9c179e"],[0.4444444444444444,"#bd3786"],[0.5555555555555556,"#d8576b"],[0.6666666666666666,"#ed7953"],[0.7777777777777778,"#fb9f3a"],[0.8888888888888888,"#fdca26"],[1.0,"#f0f921"]],"diverging":[[0,"#8e0152"],[0.1,"#c51b7d"],[0.2,"#de77ae"],[0.3,"#f1b6da"],[0.4,"#fde0ef"],[0.5,"#f7f7f7"],[0.6,"#e6f5d0"],[0.7,"#b8e186"],[0.8,"#7fbc41"],[0.9,"#4d9221"],[1,"#276419"]]},"xaxis":{"gridcolor":"rgba(0, 0, 0, 0)","linecolor":"#506784","ticks":"","title":{"standoff":15},"zerolinecolor":"#283442","automargin":true,"zerolinewidth":2,"tickfont":{"family":"Courier New","size":14},"side":"top","tickangle":-90},"yaxis":{"gridcolor":"rgba(0, 0, 0, 0)","linecolor":"#506784","ticks":"","title":{"standoff":15},"zerolinecolor":"#283442","automargin":true,"zerolinewidth":2,"tickfont":{"family":"Courier New"},"side":"right"},"scene":{"xaxis":{"backgroundcolor":"rgb(17,17,17)","gridcolor":"#506784","linecolor":"#506784","showbackground":true,"ticks":"","zerolinecolor":"#C8D4E3","gridwidth":2},"yaxis":{"backgroundcolor":"rgb(17,17,17)","gridcolor":"#506784","linecolor":"#506784","showbackground":true,"ticks":"","zerolinecolor":"#C8D4E3","gridwidth":2},"zaxis":{"backgroundcolor":"rgb(17,17,17)","gridcolor":"#506784","linecolor":"#506784","showbackground":true,"ticks":"","zerolinecolor":"#C8D4E3","gridwidth":2}},"shapedefaults":{"line":{"color":"#f2f5fa"}},"annotationdefaults":{"arrowcolor":"#f2f5fa","arrowhead":0,"arrowwidth":1},"geo":{"bgcolor":"rgb(17,17,17)","landcolor":"rgb(17,17,17)","subunitcolor":"#506784","showland":true,"showlakes":true,"lakecolor":"rgb(17,17,17)"},"title":{"x":0.05,"font":{"family":"Times New Roman"},"y":0.05,"text":"<b>Correlation of Close<b><br><i>2016-09-23 ~ 2026-04-29<i>"},"updatemenudefaults":{"bgcolor":"#506784","borderwidth":0},"sliderdefaults":{"bgcolor":"#C8D4E3","borderwidth":1,"bordercolor":"rgb(17,17,17)","tickwidth":0},"mapbox":{"style":"dark"},"annotations":[{"text":"<b>@zwindr<b>","textangle":0,"opacity":0.5,"font":{"color":"white","size":12},"xref":"paper","yref":"paper","xanchor":"left","yanchor":"bottom","x":1.0,"y":1.0,"showarrow":false}]},"config":{"responsive":true,"toImageButtonOptions":{"filename":"Correlation of Close_2016-09-23~2026-04-29","scale":5}}};Plotly.newPlot("correlationClose",correlationClose.data,correlationClose.layout||{},correlationClose.config);}else{console.log("style display is none => correlationClose");}