var element=document.getElementById("correlationAdjClose");if(element.style.display!='none'){var correlationAdjClose={"data":[{"type":"heatmap","z":[[1.0,0.9949601502569141,0.9754015594670215,0.9970896230713799,0.9563648679751757,0.9838077214647812,0.9527377551067013,0.9890750216823765,0.9747364733458705,0.9972402134256076,0.9966800396968865,0.9971417765731048,0.9932321082242724,0.9942052374746413,0.9967251845113945,0.9853847571999728,0.9997141128385342,0.9889101762107505,0.8987721329387255,0.9192178917339746,0.6931318355775095,0.9847205734491784,0.9328158194079437,0.3681252542607853,-0.29909179702590377,0.898390882198207,0.9288403131239307,0.9597693991676501,0.9774694967857004,0.9646768720819292,0.9788780066924316,0.9708281386498122,0.9409473573286506,0.9825602395099894,0.9747654918645238,0.9557829435065561],[0.9949601502569141,1.0,0.971556078065389,0.9917349378190868,0.9522450517658462,0.9799321101516866,0.9487070737525226,0.9813298035367877,0.9688784957218899,0.9930231844227448,0.9949086207843025,0.9943998332338343,0.9923373855378497,0.9922108523916511,0.9949260550543872,0.9804155410476458,0.997256747226543,0.983576588046982,0.9197686424996185,0.9093315726971891,0.712978538493234,0.9690328397393744,0.9160248107589541,0.36815328864915486,-0.23040454478733113,0.876524205792549,0.9226188368476163,0.9591609119910915,0.9582268051007155,0.9525153739140181,0.969944175633552,0.9571243397261525,0.9400349979661458,0.9730464563434836,0.9660824891100859,0.9507301830012033],[0.9754015594670215,0.971556078065389,1.0,0.9844752684585887,0.9945513901204148,0.9731393144717119,0.9781047501407898,0.9607832909941454,0.9789629632772834,0.9841594763534941,0.9908138332203439,0.9875406259482247,0.9970211266327811,0.9968050211775223,0.9905888357064493,0.9707431141291112,0.985627739639586,0.9603557428212864,0.860857840896055,0.8233993730272406,0.5643595817895638,0.9920801817590088,0.932104597210103,0.1968752033899734,-0.22334339830701627,0.883301258689425,0.9406241129558952,0.971349234659981,0.9194426466872665,0.9077375989456743,0.9662693402880017,0.9121448652382864,0.8884647082749533,0.9640089602422245,0.9713729203323849,0.916177498887261],[0.9970896230713799,0.9917349378190868,0.9844752684585887,1.0,0.9724643844786245,0.9753876549920872,0.9498471323810194,0.9807073682662605,0.9712842558379241,0.9999698136543576,0.9999916959783688,0.9999625370230578,0.9933319747524414,0.9919182011981607,0.9999504728585998,0.9742197243936969,0.9957482734460806,0.9802274562408863,0.882109861509729,0.9014031215580501,0.655180097738837,0.993904281489321,0.9375348398433124,0.33580197011336643,-0.28816731374180404,0.8901704514045056,0.9394646986485145,0.9633522967175803,0.9649296932136064,0.9584247799772819,0.9807847979330026,0.958026820198349,0.9252348071158769,0.9794121173475563,0.9726704817883822,0.9446602610825351],[0.9563648679751757,0.9522450517658462,0.9945513901204148,0.9724643844786245,1.0,0.9457657817058025,0.9572212272326134,0.9352178206177673,0.9585844292414634,0.9725257751651537,0.9818378134576713,0.9779912578424582,0.983512012101082,0.9805789556493558,0.981462473547077,0.9419009484402623,0.9671241349379734,0.9344703267517674,0.827460518429613,0.7923266044230575,0.5144123508384029,0.9871400622915183,0.9268158012166747,0.16206543261829606,-0.21245045970812876,0.8494522499737227,0.9465821831253791,0.957103365043381,0.8884005997433356,0.883516465477451,0.953495997219324,0.8808487200660153,0.8503791080628522,0.94533411369694,0.9519369824054748,0.8837023355025079],[0.9838077214647812,0.9799321101516866,0.9731393144717119,0.9753876549920872,0.9457657817058025,1.0,0.9829633474004666,0.9826320574296318,0.982624011255459,0.9748288791612781,0.9695955224698033,0.9729479146076053,0.9737607103995167,0.9713081402068344,0.9695125937915197,0.9999016800532279,0.9870177887866006,0.983549933920745,0.9016508776721848,0.8712384907891569,0.6620558319814287,0.9671502546378254,0.9041242502909033,0.24421961020526534,-0.22040239724462055,0.9320989211440263,0.9018289887194056,0.9641770516192326,0.9598224127738907,0.9344583528657046,0.9580329401872769,0.9549045685541795,0.9526385899921104,0.9628974239852001,0.9796113961879236,0.9579269639148728],[0.9527377551067013,0.9487070737525226,0.9781047501407898,0.9498471323810194,0.9572212272326134,0.9829633474004666,1.0,0.9548044499477307,0.9848812575306883,0.9484966052198781,0.9588119953502522,0.9552438056693494,0.9773466685564827,0.9780478146011707,0.95854489360065,0.9842643205859143,0.9711087737244299,0.9572857585077384,0.8666572373694388,0.7903100395904812,0.5531509339449798,0.9537781634453023,0.905542150979051,0.10376246135205217,-0.15921282852674823,0.894466100282337,0.8965743566849661,0.9604299225660041,0.9040522798729839,0.8713673729164895,0.9379559555370532,0.8972653060828312,0.9043349095613938,0.9363049527778338,0.9688768541404432,0.9133115645504697],[0.9890750216823765,0.9813298035367877,0.9607832909941454,0.9807073682662605,0.9352178206177673,0.9826320574296318,0.9548044499477307,1.0,0.9838179402285254,0.980690871493048,0.9759884827153182,0.9795316654243279,0.9705048039274069,0.9695010869442355,0.9760882628970698,0.9844306912199199,0.9868624745501066,0.9998829821301519,0.9277785374686597,0.9292750058987329,0.6300319629700695,0.9680532048300451,0.8997596359321545,0.22232151570937805,-0.31060310592932244,0.9065046022428782,0.8811393006079941,0.9447188145708857,0.979285564306009,0.9570744875135404,0.9693750577167312,0.9660676087017207,0.9375715518705622,0.9637179531116629,0.9616666720477968,0.9678047469287835],[0.9747364733458705,0.9688784957218899,0.9789629632772834,0.9712842558379241,0.9585844292414634,0.982624011255459,0.9848812575306883,0.9838179402285254,1.0,0.9705433693289621,0.9668942797957186,0.9693670841704927,0.9722981322525439,0.9690808708810817,0.9667417173105504,0.9816810871547552,0.9745495377231933,0.9831825251447248,0.9028275556671271,0.8621507407819391,0.5490443103250374,0.9689377733786785,0.9170775899261816,0.08155447553496695,-0.23311013090568203,0.8847840585353531,0.8852090703340708,0.9647787299064731,0.9379267052915388,0.9057044832372513,0.9624454526292536,0.9233796417982264,0.9042829389150855,0.9534061739036548,0.9738092147535868,0.92832856556853],[0.9972402134256076,0.9930231844227448,0.9841594763534941,0.9999698136543576,0.9725257751651537,0.9748288791612781,0.9484966052198781,0.980690871493048,0.9705433693289621,1.0,0.9999902170845562,0.9999827385775558,0.9932208933289965,0.9917840668671882,0.9999554407957585,0.9736710370050004,0.9956287087166696,0.9803062863049722,0.8839319614700222,0.9026116231379128,0.652581027815776,0.9940956600819735,0.9374010527045199,0.3408862347431178,-0.28761486824193083,0.890903105932212,0.937709679756166,0.9619200126349955,0.9646784363703098,0.957622329612233,0.9798552769455319,0.9574369183063857,0.9238625331500423,0.9786511022637071,0.9715772231087453,0.9431568167399101],[0.9966800396968865,0.9949086207843025,0.9908138332203439,0.9999916959783688,0.9818378134576713,0.9695955224698033,0.9588119953502522,0.9759884827153182,0.9668942797957186,0.9999902170845562,1.0,0.9999736412497667,0.9933570697835941,0.9919165785783856,0.9999581843624621,0.9693361573356424,0.9954116606422495,0.9766348252682154,0.9059899614440217,0.9301509435075384,0.5332262739273154,0.9972643362755215,0.9225102152698944,-0.13931926736694883,0.38655058543403614,0.8901232513488361,0.9079164896063913,0.9645423894993634,0.955542176382218,0.9405877594054799,0.9716038669157917,0.9373480573224336,0.9024131784342384,0.9695201570596211,0.9808403882870783,0.9388047534749203],[0.9971417765731048,0.9943998332338343,0.9875406259482247,0.9999625370230578,0.9779912578424582,0.9729479146076053,0.9552438056693494,0.9795316654243279,0.9693670841704927,0.9999827385775558,0.9999736412497667,1.0,0.9932338366658838,0.9917596079006619,0.999966296107732,0.9727931575654056,0.9955225495425182,0.9797530707097011,0.891483044947917,0.9192754211252159,0.5975978809608685,0.9962798537741472,0.9340386054877988,0.07526940389336005,-0.193868962452207,0.9044620983506408,0.9232559532533957,0.9576436358852303,0.9588060570961239,0.9485842677420878,0.9764398364498059,0.9482390465854911,0.9197367300726208,0.9751046243866949,0.9712907739740385,0.9471679195722129],[0.9932321082242724,0.9923373855378497,0.9970211266327811,0.9933319747524414,0.983512012101082,0.9737607103995167,0.9773466685564827,0.9705048039274069,0.9722981322525439,0.9932208933289965,0.9933570697835941,0.9932338366658838,1.0,0.9997629983003256,0.9933575685351028,0.9735766512230356,0.9933180326420015,0.9713582237430864,0.897597897397419,0.9178608843670575,0.4592949429313024,0.9892431944140996,0.9189011857036209,-0.405547173299628,0.4012642645845769,0.8728886714230033,0.9060968212482133,0.9684187396254434,0.9387743266632337,0.9088205515107523,0.9560969292578135,0.9144809990570515,0.8711081556021782,0.9671118365426846,0.9779082762338143,0.931162477380952],[0.9942052374746413,0.9922108523916511,0.9968050211775223,0.9919182011981607,0.9805789556493558,0.9713081402068344,0.9780478146011707,0.9695010869442355,0.9690808708810817,0.9917840668671882,0.9919165785783856,0.9917596079006619,0.9997629983003256,1.0,0.9920311512720796,0.9710313038970099,0.9941091870396535,0.9705487511897734,0.8823726819433666,0.927516572278058,0.3193524688993077,0.9854193726864103,0.9125676232111544,-0.7501566375467447,0.37151713343577636,0.8404389298322182,0.9029945304045942,0.9647982437623787,0.932397751146989,0.8968560125188217,0.9495752722411467,0.9149392578793103,0.849235567242801,0.9679320856547371,0.9760271105680834,0.925216721065463],[0.9967251845113945,0.9949260550543872,0.9905888357064493,0.9999504728585998,0.981462473547077,0.9695125937915197,0.95854489360065,0.9760882628970698,0.9667417173105504,0.9999554407957585,0.9999581843624621,0.999966296107732,0.9933575685351028,0.9920311512720796,1.0,0.9693134692402944,0.995452997666039,0.9767299381057679,0.9061971330403435,0.9306648084786937,0.5332432389220746,0.9971044782335857,0.9226606892358378,-0.13689732122619452,0.38660014543478116,0.8901298319632222,0.9067921952205635,0.9639915120882286,0.9557626556813676,0.9409291137063002,0.9715824473361914,0.9378079063026388,0.9028703385422304,0.9694859402274942,0.980803581701461,0.9393308667848661],[0.9853847571999728,0.9804155410476458,0.9707431141291112,0.9742197243936969,0.9419009484402623,0.9999016800532279,0.9842643205859143,0.9844306912199199,0.9816810871547552,0.9736710370050004,0.9693361573356424,0.9727931575654056,0.9735766512230356,0.9710313038970099,0.9693134692402944,1.0,0.9870680990338745,0.9837598169686825,0.9045831604776243,0.8950447745142549,0.6515677279286636,0.9647316131139451,0.8984554710111793,0.10007817584432221,-0.1992948055633628,0.9393977751936705,0.8901956493427029,0.9612605979895675,0.9632505285591957,0.931790250412146,0.9546521227394114,0.9560831625024184,0.951766148786,0.9649709608761089,0.9789206940213212,0.9621496066275053],[0.9997141128385342,0.997256747226543,0.985627739639586,0.9957482734460806,0.9671241349379734,0.9870177887866006,0.9711087737244299,0.9868624745501066,0.9745495377231933,0.9956287087166696,0.9954116606422495,0.9955225495425182,0.9933180326420015,0.9941091870396535,0.995452997666039,0.9870680990338745,1.0,0.987472507032074,0.924304118602144,0.9396212974791971,0.5904403000186026,0.98830597315478,0.9140914245803975,-0.07871529044853597,0.41407266149798116,0.9187141262705388,0.8983201732463792,0.9666065560842856,0.9721212682888621,0.9491522870572007,0.9699312809273131,0.9559704891890058,0.9327893830978083,0.975829204229326,0.986637269123134,0.962647288887632],[0.9889101762107505,0.983576588046982,0.9603557428212864,0.9802274562408863,0.9344703267517674,0.983549933920745,0.9572857585077384,0.9998829821301519,0.9831825251447248,0.9803062863049722,0.9766348252682154,0.9797530707097011,0.9713582237430864,0.9705487511897734,0.9767299381057679,0.9837598169686825,0.987472507032074,1.0,0.930672038103256,0.935449411337125,0.6272995224094304,0.9666657785251686,0.9035843046896904,0.18636285507983794,-0.2923176728757486,0.9113796843953924,0.8763094411124965,0.944680604624523,0.9797708269621517,0.9565029811921725,0.967835343880213,0.9647456730633172,0.9372987342480242,0.9629567907987022,0.9597390839288307,0.9689381191633358],[0.8987721329387255,0.9197686424996185,0.860857840896055,0.882109861509729,0.827460518429613,0.9016508776721848,0.8666572373694388,0.9277785374686597,0.9028275556671271,0.8839319614700222,0.9059899614440217,0.891483044947917,0.897597897397419,0.8823726819433666,0.9061971330403435,0.9045831604776243,0.924304118602144,0.930672038103256,1.0,0.8277766495517489,0.697075036755176,0.8541783231783397,0.8060421291114166,0.2648734583790073,-0.16480030258360429,0.8570585416399953,0.7529263414492109,0.8556130469987927,0.8919890228385116,0.8584852974132213,0.8558078375954389,0.8710883765565747,0.8573028368820822,0.854899501065891,0.8758562284446343,0.8955447845541636],[0.9192178917339746,0.9093315726971891,0.8233993730272406,0.9014031215580501,0.7923266044230575,0.8712384907891569,0.7903100395904812,0.9292750058987329,0.8621507407819391,0.9026116231379128,0.9301509435075384,0.9192754211252159,0.9178608843670575,0.927516572278058,0.9306648084786937,0.8950447745142549,0.9396212974791971,0.935449411337125,0.8277766495517489,1.0,0.8252876721228677,0.8518825915510125,0.8672752682717704,0.6373274454076204,-0.525310929947753,0.7158260540991588,0.8328479825584072,0.8134216469810026,0.9595122235050675,0.9381576615028456,0.8996924689417574,0.9470703909291013,0.900504024893239,0.9005711732597458,0.8517654537293722,0.8865360555766363],[0.6931318355775095,0.712978538493234,0.5643595817895638,0.655180097738837,0.5144123508384029,0.6620558319814287,0.5531509339449798,0.6300319629700695,0.5490443103250374,0.652581027815776,0.5332262739273154,0.5975978809608685,0.4592949429313024,0.3193524688993077,0.5332432389220746,0.6515677279286636,0.5904403000186026,0.6272995224094304,0.697075036755176,0.8252876721228677,1.0,0.5843217240005726,0.6910385082244147,0.7247959756139652,-0.11617446979237236,0.5346242292213026,0.6023284315940997,0.6084504697882522,0.7711197939284278,0.7018024268036852,0.6231992239013153,0.7372444109873763,0.7522037676960421,0.6624658719538078,0.6302208663764435,0.6804603541586179],[0.9847205734491784,0.9690328397393744,0.9920801817590088,0.993904281489321,0.9871400622915183,0.9671502546378254,0.9537781634453023,0.9680532048300451,0.9689377733786785,0.9940956600819735,0.9972643362755215,0.9962798537741472,0.9892431944140996,0.9854193726864103,0.9971044782335857,0.9647316131139451,0.98830597315478,0.9666657785251686,0.8541783231783397,0.8518825915510125,0.5843217240005726,1.0,0.9156109963015338,0.262817769691106,-0.27974288009297305,0.8725328555107628,0.9424452785675371,0.9675325723980663,0.9317407102688033,0.9387557085437902,0.9723914969719436,0.9338506568606527,0.8971287219695585,0.9685054230014338,0.9580345111151144,0.9240142797876536],[0.9328158194079437,0.9160248107589541,0.932104597210103,0.9375348398433124,0.9268158012166747,0.9041242502909033,0.905542150979051,0.8997596359321545,0.9170775899261816,0.9374010527045199,0.9225102152698944,0.9340386054877988,0.9189011857036209,0.9125676232111544,0.9226606892358378,0.8984554710111793,0.9140914245803975,0.9035843046896904,0.8060421291114166,0.8672752682717704,0.6910385082244147,0.9156109963015338,1.0,0.3015338743947031,-0.19003085499265718,0.7146252404779214,0.9126599492655297,0.8980322452462739,0.8978765657239965,0.8569505363323598,0.9343846971904167,0.8713661131960869,0.8396973157558387,0.9294402614271151,0.8838645469713338,0.8564282549072892],[0.3681252542607853,0.36815328864915486,0.1968752033899734,0.33580197011336643,0.16206543261829606,0.24421961020526534,0.10376246135205217,0.22232151570937805,0.08155447553496695,0.3408862347431178,-0.13931926736694883,0.07526940389336005,-0.405547173299628,-0.7501566375467447,-0.13689732122619452,0.10007817584432221,-0.07871529044853597,0.18636285507983794,0.2648734583790073,0.6373274454076204,0.7247959756139652,0.262817769691106,0.3015338743947031,1.0,-0.3816133748143936,0.26418903014582773,0.2533079170236033,0.17380560596701347,0.4632829884166033,0.4566902363307741,0.30488097872018705,0.4788469575989212,0.4047724716942985,0.3314830078452758,0.2545015454693708,0.3721216726862861],[-0.29909179702590377,-0.23040454478733113,-0.22334339830701627,-0.28816731374180404,-0.21245045970812876,-0.22040239724462055,-0.15921282852674823,-0.31060310592932244,-0.23311013090568203,-0.28761486824193083,0.38655058543403614,-0.193868962452207,0.4012642645845769,0.37151713343577636,0.38660014543478116,-0.1992948055633628,0.41407266149798116,-0.2923176728757486,-0.16480030258360429,-0.525310929947753,-0.11617446979237236,-0.27974288009297305,-0.19003085499265718,-0.3816133748143936,1.0,-0.15661034575941082,-0.2743958946596397,-0.18345374959363206,-0.3870067912454082,-0.37630130745260143,-0.31876457922752544,-0.3451801195653576,-0.20994023653100322,-0.34422908469933955,-0.18513605520477128,-0.31738246368327716],[0.898390882198207,0.876524205792549,0.883301258689425,0.8901704514045056,0.8494522499737227,0.9320989211440263,0.894466100282337,0.9065046022428782,0.8847840585353531,0.890903105932212,0.8901232513488361,0.9044620983506408,0.8728886714230033,0.8404389298322182,0.8901298319632222,0.9393977751936705,0.9187141262705388,0.9113796843953924,0.8570585416399953,0.7158260540991588,0.5346242292213026,0.8725328555107628,0.7146252404779214,0.26418903014582773,-0.15661034575941082,1.0,0.7702529307951042,0.8862929478481263,0.8218303559415266,0.8654448269118837,0.8301405777556657,0.8731966555850302,0.8686432656579649,0.8605838584731286,0.8690261077071199,0.8996022888500734],[0.9288403131239307,0.9226188368476163,0.9406241129558952,0.9394646986485145,0.9465821831253791,0.9018289887194056,0.8965743566849661,0.8811393006079941,0.8852090703340708,0.937709679756166,0.9079164896063913,0.9232559532533957,0.9060968212482133,0.9029945304045942,0.9067921952205635,0.8901956493427029,0.8983201732463792,0.8763094411124965,0.7529263414492109,0.8328479825584072,0.6023284315940997,0.9424452785675371,0.9126599492655297,0.2533079170236033,-0.2743958946596397,0.7702529307951042,1.0,0.8913845513740617,0.8859610175237961,0.8724893071164334,0.9145511994188964,0.871728358944343,0.8358321214244732,0.9168262133604225,0.8962777419076114,0.8605757365715411],[0.9597693991676501,0.9591609119910915,0.971349234659981,0.9633522967175803,0.957103365043381,0.9641770516192326,0.9604299225660041,0.9447188145708857,0.9647787299064731,0.9619200126349955,0.9645423894993634,0.9576436358852303,0.9684187396254434,0.9647982437623787,0.9639915120882286,0.9612605979895675,0.9666065560842856,0.944680604624523,0.8556130469987927,0.8134216469810026,0.6084504697882522,0.9675325723980663,0.8980322452462739,0.17380560596701347,-0.18345374959363206,0.8862929478481263,0.8913845513740617,1.0,0.9113823014593352,0.8944920028463619,0.945363496330244,0.8949398512706745,0.8882706923131731,0.9508065815632325,0.9737674863268154,0.893629205733459],[0.9774694967857004,0.9582268051007155,0.9194426466872665,0.9649296932136064,0.8884005997433356,0.9598224127738907,0.9040522798729839,0.979285564306009,0.9379267052915388,0.9646784363703098,0.955542176382218,0.9588060570961239,0.9387743266632337,0.932397751146989,0.9557626556813676,0.9632505285591957,0.9721212682888621,0.9797708269621517,0.8919890228385116,0.9595122235050675,0.7711197939284278,0.9317407102688033,0.8978765657239965,0.4632829884166033,-0.3870067912454082,0.8218303559415266,0.8859610175237961,0.9113823014593352,1.0,0.9865771723647567,0.9627170078464427,0.9906293705948938,0.9534002500842091,0.959907901525921,0.9166599104832919,0.9687425770267252],[0.9646768720819292,0.9525153739140181,0.9077375989456743,0.9584247799772819,0.883516465477451,0.9344583528657046,0.8713673729164895,0.9570744875135404,0.9057044832372513,0.957622329612233,0.9405877594054799,0.9485842677420878,0.9088205515107523,0.8968560125188217,0.9409291137063002,0.931790250412146,0.9491522870572007,0.9565029811921725,0.8584852974132213,0.9381576615028456,0.7018024268036852,0.9387557085437902,0.8569505363323598,0.4566902363307741,-0.37630130745260143,0.8654448269118837,0.8724893071164334,0.8944920028463619,0.9865771723647567,1.0,0.951504932754984,0.9843553052809204,0.9561408643767203,0.940241557481859,0.9246358801564629,0.9639321227028532],[0.9788780066924316,0.969944175633552,0.9662693402880017,0.9807847979330026,0.953495997219324,0.9580329401872769,0.9379559555370532,0.9693750577167312,0.9624454526292536,0.9798552769455319,0.9716038669157917,0.9764398364498059,0.9560969292578135,0.9495752722411467,0.9715824473361914,0.9546521227394114,0.9699312809273131,0.967835343880213,0.8558078375954389,0.8996924689417574,0.6231992239013153,0.9723914969719436,0.9343846971904167,0.30488097872018705,-0.31876457922752544,0.8301405777556657,0.9145511994188964,0.945363496330244,0.9627170078464427,0.951504932754984,1.0,0.952609416137553,0.9132066760718798,0.9784179571792261,0.9627013508963219,0.9435095282914866],[0.9708281386498122,0.9571243397261525,0.9121448652382864,0.958026820198349,0.8808487200660153,0.9549045685541795,0.8972653060828312,0.9660676087017207,0.9233796417982264,0.9574369183063857,0.9373480573224336,0.9482390465854911,0.9144809990570515,0.9149392578793103,0.9378079063026388,0.9560831625024184,0.9559704891890058,0.9647456730633172,0.8710883765565747,0.9470703909291013,0.7372444109873763,0.9338506568606527,0.8713661131960869,0.4788469575989212,-0.3451801195653576,0.8731966555850302,0.871728358944343,0.8949398512706745,0.9906293705948938,0.9843553052809204,0.952609416137553,1.0,0.9740698927730056,0.946505571843052,0.9394568516205172,0.9647221319045406],[0.9409473573286506,0.9400349979661458,0.8884647082749533,0.9252348071158769,0.8503791080628522,0.9526385899921104,0.9043349095613938,0.9375715518705622,0.9042829389150855,0.9238625331500423,0.9024131784342384,0.9197367300726208,0.8711081556021782,0.849235567242801,0.9028703385422304,0.951766148786,0.9327893830978083,0.9372987342480242,0.8573028368820822,0.900504024893239,0.7522037676960421,0.8971287219695585,0.8396973157558387,0.4047724716942985,-0.20994023653100322,0.8686432656579649,0.8358321214244732,0.8882706923131731,0.9534002500842091,0.9561408643767203,0.9132066760718798,0.9740698927730056,1.0,0.9072632496316695,0.9300213214950165,0.9545193077882607],[0.9825602395099894,0.9730464563434836,0.9640089602422245,0.9794121173475563,0.94533411369694,0.9628974239852001,0.9363049527778338,0.9637179531116629,0.9534061739036548,0.9786511022637071,0.9695201570596211,0.9751046243866949,0.9671118365426846,0.9679320856547371,0.9694859402274942,0.9649709608761089,0.975829204229326,0.9629567907987022,0.854899501065891,0.9005711732597458,0.6624658719538078,0.9685054230014338,0.9294402614271151,0.3314830078452758,-0.34422908469933955,0.8605838584731286,0.9168262133604225,0.9508065815632325,0.959907901525921,0.940241557481859,0.9784179571792261,0.946505571843052,0.9072632496316695,1.0,0.9596674257376534,0.9442958542994435],[0.9747654918645238,0.9660824891100859,0.9713729203323849,0.9726704817883822,0.9519369824054748,0.9796113961879236,0.9688768541404432,0.9616666720477968,0.9738092147535868,0.9715772231087453,0.9808403882870783,0.9712907739740385,0.9779082762338143,0.9760271105680834,0.980803581701461,0.9789206940213212,0.986637269123134,0.9597390839288307,0.8758562284446343,0.8517654537293722,0.6302208663764435,0.9580345111151144,0.8838645469713338,0.2545015454693708,-0.18513605520477128,0.8690261077071199,0.8962777419076114,0.9737674863268154,0.9166599104832919,0.9246358801564629,0.9627013508963219,0.9394568516205172,0.9300213214950165,0.9596674257376534,1.0,0.9230575287663934],[0.9557829435065561,0.9507301830012033,0.916177498887261,0.9446602610825351,0.8837023355025079,0.9579269639148728,0.9133115645504697,0.9678047469287835,0.92832856556853,0.9431568167399101,0.9388047534749203,0.9471679195722129,0.931162477380952,0.925216721065463,0.9393308667848661,0.9621496066275053,0.962647288887632,0.9689381191633358,0.8955447845541636,0.8865360555766363,0.6804603541586179,0.9240142797876536,0.8564282549072892,0.3721216726862861,-0.31738246368327716,0.8996022888500734,0.8605757365715411,0.893629205733459,0.9687425770267252,0.9639321227028532,0.9435095282914866,0.9647221319045406,0.9545193077882607,0.9442958542994435,0.9230575287663934,1.0]],"x":["^TAIEX       \u81fa\u7063\u52a0\u6b0a\u5831\u916c\u6307\u6578","^TWII        \u81fa\u7063\u52a0\u6b0a\u6307\u6578","^TAIEXx2     \u81fa\u7063\u52a0\u6b0a\u5831\u916c\u6307\u6578_\u65e5\u6b632","^TAI50I      \u81fa\u706350\u5831\u916c\u6307\u6578","^TAI50Ix2    \u81fa\u706350\u5831\u916c\u6307\u6578_\u65e5\u6b632","^TAI100I     \u81fa\u7063\u4e2d\u578b100\u5831\u916c\u6307\u6578","^TAI100Ix2   \u81fa\u7063\u4e2d\u578b100\u5831\u916c\u6307\u6578_\u65e5\u6b632","^TAIDIVIDI   \u81fa\u7063\u9ad8\u80a1\u606f\u5831\u916c\u6307\u6578","^TAIDIVIDIx2 \u81fa\u7063\u9ad8\u80a1\u606f\u5831\u916c\u6307\u6578_\u65e5\u6b632","0050Fund     \u5143\u5927\u53f0\u7063\u5353\u8d8a50\u57fa\u91d1","006208Fund   \u5bcc\u90a6\u53f0\u7063\u91c6\u540950\u57fa\u91d1","0050         \u5143\u5927\u81fa\u706350","00631L       \u5143\u5927\u53f0\u706350\u6b632","00675L       \u5bcc\u90a6\u81fa\u7063\u52a0\u6b0a\u6b632","006208       \u5bcc\u90a6\u53f050","0051         \u5143\u5927\u4e2d\u578b100","006204       \u6c38\u8c50\u81fa\u7063\u52a0\u6b0a","0056         \u5143\u5927\u9ad8\u80a1\u606f","0056         \u5143\u5927\u9ad8\u80a1\u606f_\u80a1\u606f\u4e0d\u6295\u5165","2412         \u4e2d\u83ef\u96fb\u4fe1","2002         \u4e2d\u92fc","2330         \u53f0\u7a4d\u96fb","2317         \u9d3b\u6d77","6505         \u53f0\u5851\u77f3\u5316","3481         \u7fa4\u5275","2303         \u806f\u96fb","2308         \u53f0\u9054\u96fb","2454         \u806f\u767c\u79d1","2886         \u5146\u8c50\u91d1","2884         \u7389\u5c71\u91d1","2891         \u4e2d\u4fe1\u91d1","2892         \u7b2c\u4e00\u91d1","5880         \u5408\u5eab\u91d1","2881         \u5bcc\u90a6\u91d1","2885         \u5143\u5927\u91d1","2887         \u53f0\u65b0\u91d1"],"y":["^TAIEX       \u81fa\u7063\u52a0\u6b0a\u5831\u916c\u6307\u6578","^TWII        \u81fa\u7063\u52a0\u6b0a\u6307\u6578","^TAIEXx2     \u81fa\u7063\u52a0\u6b0a\u5831\u916c\u6307\u6578_\u65e5\u6b632","^TAI50I      \u81fa\u706350\u5831\u916c\u6307\u6578","^TAI50Ix2    \u81fa\u706350\u5831\u916c\u6307\u6578_\u65e5\u6b632","^TAI100I     \u81fa\u7063\u4e2d\u578b100\u5831\u916c\u6307\u6578","^TAI100Ix2   \u81fa\u7063\u4e2d\u578b100\u5831\u916c\u6307\u6578_\u65e5\u6b632","^TAIDIVIDI   \u81fa\u7063\u9ad8\u80a1\u606f\u5831\u916c\u6307\u6578","^TAIDIVIDIx2 \u81fa\u7063\u9ad8\u80a1\u606f\u5831\u916c\u6307\u6578_\u65e5\u6b632","0050Fund     \u5143\u5927\u53f0\u7063\u5353\u8d8a50\u57fa\u91d1","006208Fund   \u5bcc\u90a6\u53f0\u7063\u91c6\u540950\u57fa\u91d1","0050         \u5143\u5927\u81fa\u706350","00631L       \u5143\u5927\u53f0\u706350\u6b632","00675L       \u5bcc\u90a6\u81fa\u7063\u52a0\u6b0a\u6b632","006208       \u5bcc\u90a6\u53f050","0051         \u5143\u5927\u4e2d\u578b100","006204       \u6c38\u8c50\u81fa\u7063\u52a0\u6b0a","0056         \u5143\u5927\u9ad8\u80a1\u606f","0056         \u5143\u5927\u9ad8\u80a1\u606f_\u80a1\u606f\u4e0d\u6295\u5165","2412         \u4e2d\u83ef\u96fb\u4fe1","2002         \u4e2d\u92fc","2330         \u53f0\u7a4d\u96fb","2317         \u9d3b\u6d77","6505         \u53f0\u5851\u77f3\u5316","3481         \u7fa4\u5275","2303         \u806f\u96fb","2308         \u53f0\u9054\u96fb","2454         \u806f\u767c\u79d1","2886         \u5146\u8c50\u91d1","2884         \u7389\u5c71\u91d1","2891         \u4e2d\u4fe1\u91d1","2892         \u7b2c\u4e00\u91d1","5880         \u5408\u5eab\u91d1","2881         \u5bcc\u90a6\u91d1","2885         \u5143\u5927\u91d1","2887         \u53f0\u65b0\u91d1"],"zmin":-1,"zmax":1,"colorbar":{"x":-0.2}}],"layout":{"autotypenumbers":"strict","colorway":["#636efa","#EF553B","#00cc96","#ab63fa","#FFA15A","#19d3f3","#FF6692","#B6E880","#FF97FF","#FECB52"],"font":{"color":"#f2f5fa","family":"Courier New"},"hovermode":"closest","hoverlabel":{"align":"left"},"paper_bgcolor":"rgb(17,17,17)","plot_bgcolor":"rgb(17,17,17)","polar":{"bgcolor":"rgb(17,17,17)","angularaxis":{"gridcolor":"#506784","linecolor":"#506784","ticks":""},"radialaxis":{"gridcolor":"#506784","linecolor":"#506784","ticks":""}},"ternary":{"bgcolor":"rgb(17,17,17)","aaxis":{"gridcolor":"#506784","linecolor":"#506784","ticks":""},"baxis":{"gridcolor":"#506784","linecolor":"#506784","ticks":""},"caxis":{"gridcolor":"#506784","linecolor":"#506784","ticks":""}},"coloraxis":{"colorbar":{"outlinewidth":0,"ticks":""}},"colorscale":{"sequential":[[0.0,"#0d0887"],[0.1111111111111111,"#46039f"],[0.2222222222222222,"#7201a8"],[0.3333333333333333,"#9c179e"],[0.4444444444444444,"#bd3786"],[0.5555555555555556,"#d8576b"],[0.6666666666666666,"#ed7953"],[0.7777777777777778,"#fb9f3a"],[0.8888888888888888,"#fdca26"],[1.0,"#f0f921"]],"sequentialminus":[[0.0,"#0d0887"],[0.1111111111111111,"#46039f"],[0.2222222222222222,"#7201a8"],[0.3333333333333333,"#9c179e"],[0.4444444444444444,"#bd3786"],[0.5555555555555556,"#d8576b"],[0.6666666666666666,"#ed7953"],[0.7777777777777778,"#fb9f3a"],[0.8888888888888888,"#fdca26"],[1.0,"#f0f921"]],"diverging":[[0,"#8e0152"],[0.1,"#c51b7d"],[0.2,"#de77ae"],[0.3,"#f1b6da"],[0.4,"#fde0ef"],[0.5,"#f7f7f7"],[0.6,"#e6f5d0"],[0.7,"#b8e186"],[0.8,"#7fbc41"],[0.9,"#4d9221"],[1,"#276419"]]},"xaxis":{"gridcolor":"rgba(0, 0, 0, 0)","linecolor":"#506784","ticks":"","title":{"standoff":15},"zerolinecolor":"#283442","automargin":true,"zerolinewidth":2,"tickfont":{"family":"Courier New","size":14},"side":"top","tickangle":-90},"yaxis":{"gridcolor":"rgba(0, 0, 0, 0)","linecolor":"#506784","ticks":"","title":{"standoff":15},"zerolinecolor":"#283442","automargin":true,"zerolinewidth":2,"tickfont":{"family":"Courier New"},"side":"right"},"scene":{"xaxis":{"backgroundcolor":"rgb(17,17,17)","gridcolor":"#506784","linecolor":"#506784","showbackground":true,"ticks":"","zerolinecolor":"#C8D4E3","gridwidth":2},"yaxis":{"backgroundcolor":"rgb(17,17,17)","gridcolor":"#506784","linecolor":"#506784","showbackground":true,"ticks":"","zerolinecolor":"#C8D4E3","gridwidth":2},"zaxis":{"backgroundcolor":"rgb(17,17,17)","gridcolor":"#506784","linecolor":"#506784","showbackground":true,"ticks":"","zerolinecolor":"#C8D4E3","gridwidth":2}},"shapedefaults":{"line":{"color":"#f2f5fa"}},"annotationdefaults":{"arrowcolor":"#f2f5fa","arrowhead":0,"arrowwidth":1},"geo":{"bgcolor":"rgb(17,17,17)","landcolor":"rgb(17,17,17)","subunitcolor":"#506784","showland":true,"showlakes":true,"lakecolor":"rgb(17,17,17)"},"title":{"x":0.05,"font":{"family":"Times New Roman"},"y":0.05,"text":"<b>Correlation of Adj Close<b><br><i>2016-09-23 ~ 2025-12-03<i>"},"updatemenudefaults":{"bgcolor":"#506784","borderwidth":0},"sliderdefaults":{"bgcolor":"#C8D4E3","borderwidth":1,"bordercolor":"rgb(17,17,17)","tickwidth":0},"mapbox":{"style":"dark"},"annotations":[{"text":"<b>@zwindr<b>","textangle":0,"opacity":0.5,"font":{"color":"white","size":12},"xref":"paper","yref":"paper","xanchor":"left","yanchor":"bottom","x":1.0,"y":1.0,"showarrow":false}]},"config":{"responsive":true,"toImageButtonOptions":{"filename":"Correlation of Adj Close_2016-09-23~2025-12-03","scale":5}}};Plotly.newPlot("correlationAdjClose",correlationAdjClose.data,correlationAdjClose.layout||{},correlationAdjClose.config);}else{console.log("style display is none => correlationAdjClose");}