var element=document.getElementById("correlationClose");if(element.style.display!='none'){var correlationClose={"data":[{"type":"heatmap","z":[[1.0,0.999999999999998,1.0,0.9956091926024414,0.9956091926024414,0.9791488609416314,0.9791488609416314,0.9337943325162741,0.9337943325162741,0.6619809037231352,0.9963922161219593,0.5940704248907874,0.8945968328129323,0.9846486917195045,0.996461999947896,0.9819272107871854,0.9994470662795306,0.9155767353192723,0.9155767353192723,0.7429869762883474,-0.23353901934081595,0.985610580307876,0.34261801866752467,-0.21304352182151973,-0.1352891530027904,0.8640181792238705,0.8950805545011987,0.9212218912884025,0.8717545440489421,0.7675208176605705,0.7372129744538289,0.6560135084505182,0.5636143185254556,0.9234522221408937,0.9024057673598237,0.3769637554854561],[0.999999999999998,1.0,0.9999999999999981,0.9955463747554609,0.9955463747554609,0.9787670021122737,0.9787670021122737,0.9342160550912271,0.9342160550912271,0.6612037376850041,0.9964169539110491,0.5910561950397155,0.8967533820468578,0.9843715736940833,0.9965146311735464,0.9819046745650185,0.9994547372370245,0.9159306147303616,0.9159306147303616,0.7575016676540246,-0.03364135491474372,0.9803064542213186,0.0828388473296619,-0.20862258624621294,-0.13194676897812663,0.7522274072933555,0.8915372408448807,0.9076016312590756,0.8682869059831579,0.7731587174142687,0.7331067616484529,0.6544528889751882,0.5860939421841798,0.9233503454639255,0.8057735737759588,0.37657124209324694],[1.0,0.9999999999999981,1.0,0.9956091926024414,0.9956091926024414,0.9791488609416314,0.9791488609416314,0.9337943325162741,0.9337943325162741,0.6619809037231352,0.9963922161219593,0.5940704248907874,0.8945968328129323,0.9846486917195045,0.996461999947896,0.9819272107871854,0.9994470662795306,0.9155767353192723,0.9155767353192723,0.7429869762883474,-0.23353901934081595,0.985610580307876,0.34261801866752467,-0.21304352182151973,-0.1352891530027904,0.8640181792238705,0.8950805545011987,0.9212218912884025,0.8717545440489421,0.7675208176605705,0.7372129744538289,0.6560135084505182,0.5636143185254556,0.9234522221408937,0.9024057673598237,0.3769637554854561],[0.9956091926024414,0.9955463747554609,0.9956091926024414,1.0,1.0,0.9688779743866535,0.9688779743866535,0.9193185657620219,0.9193185657620219,0.6145235741685957,0.9997627989770552,0.5489843840151817,0.9021391458205422,0.988571145212082,0.9997221792675977,0.9677257072578652,0.9958990849990221,0.8886147720636368,0.8886147720636368,0.7073473530071638,-0.2382416578438495,0.9940952130682864,0.36880237965795337,-0.24324560434489204,-0.12508480390943869,0.8576496613963102,0.9186529925933993,0.9293118979074626,0.8412602012063006,0.7555302937547045,0.7626472826452172,0.6410137462199158,0.5248989884991435,0.9043113181387371,0.8987709163622374,0.39358516850246394],[0.9956091926024414,0.9955463747554609,0.9956091926024414,1.0,1.0,0.9688779743866535,0.9688779743866535,0.9193185657620219,0.9193185657620219,0.6145235741685957,0.9997627989770552,0.5489843840151817,0.9021391458205422,0.988571145212082,0.9997221792675977,0.9677257072578652,0.9958990849990221,0.8886147720636368,0.8886147720636368,0.7073473530071638,-0.2382416578438495,0.9940952130682864,0.36880237965795337,-0.24324560434489204,-0.12508480390943869,0.8576496613963102,0.9186529925933993,0.9293118979074626,0.8412602012063006,0.7555302937547045,0.7626472826452172,0.6410137462199158,0.5248989884991435,0.9043113181387371,0.8987709163622374,0.39358516850246394],[0.9791488609416314,0.9787670021122737,0.9791488609416314,0.9688779743866535,0.9688779743866535,1.0,1.0,0.9516552966462166,0.9516552966462166,0.6504373351194993,0.9675164119869553,0.6199239413084215,0.8681968931198961,0.9511333187069979,0.9675136406839128,0.9992331330526655,0.9830638798233768,0.9236438845432536,0.9236438845432536,0.6543808911264527,-0.20022173281896918,0.9606485967059663,0.45351721287583674,-0.36280699851150555,-0.04597086636251923,0.9036458630783039,0.8614266503091362,0.9227693622747454,0.86248203815315,0.7472387736922429,0.8496272665854006,0.7374734272435856,0.629928281292366,0.8798028380353842,0.9179217779474199,0.6038203624288747],[0.9791488609416314,0.9787670021122737,0.9791488609416314,0.9688779743866535,0.9688779743866535,1.0,1.0,0.9516552966462166,0.9516552966462166,0.6504373351194993,0.9675164119869553,0.6199239413084215,0.8681968931198961,0.9511333187069979,0.9675136406839128,0.9992331330526655,0.9830638798233768,0.9236438845432536,0.9236438845432536,0.6543808911264527,-0.20022173281896918,0.9606485967059663,0.45351721287583674,-0.36280699851150555,-0.04597086636251923,0.9036458630783039,0.8614266503091362,0.9227693622747454,0.86248203815315,0.7472387736922429,0.8496272665854006,0.7374734272435856,0.629928281292366,0.8798028380353842,0.9179217779474199,0.6038203624288747],[0.9337943325162741,0.9342160550912271,0.9337943325162741,0.9193185657620219,0.9193185657620219,0.9516552966462166,0.9516552966462166,1.0,1.0,0.6319941453972701,0.9503250279483431,0.6317467517149402,0.8441086087607914,0.9279210020055688,0.9502196336190526,0.9535055895706251,0.9597447465738606,0.9719263951780138,0.9719263951780138,0.6233116811867955,-0.09354900757597458,0.89580703452696,0.6456097087642366,-0.39891071025544705,0.06330804467391085,0.8498614687166843,0.787176451077555,0.8882416346799944,0.8401662258133821,0.765531987033645,0.9159971178395413,0.7828634763544164,0.6595047394596518,0.840803607355938,0.9018590927933444,0.8620430283778541],[0.9337943325162741,0.9342160550912271,0.9337943325162741,0.9193185657620219,0.9193185657620219,0.9516552966462166,0.9516552966462166,1.0,1.0,0.6319941453972701,0.9503250279483431,0.6317467517149402,0.8441086087607914,0.9279210020055688,0.9502196336190526,0.9535055895706251,0.9597447465738606,0.9719263951780138,0.9719263951780138,0.6233116811867955,-0.09354900757597458,0.89580703452696,0.6456097087642366,-0.39891071025544705,0.06330804467391085,0.8498614687166843,0.787176451077555,0.8882416346799944,0.8401662258133821,0.765531987033645,0.9159971178395413,0.7828634763544164,0.6595047394596518,0.840803607355938,0.9018590927933444,0.8620430283778541],[0.6619809037231352,0.6612037376850041,0.6619809037231352,0.6145235741685957,0.6145235741685957,0.6504373351194993,0.6504373351194993,0.6319941453972701,0.6319941453972701,1.0,0.4538040444330328,0.9999685445629299,0.24111622910126357,0.19597323594265262,0.45661577838080564,0.6419479669994778,0.5305656709311378,0.7371292051159938,0.7371292051159938,0.6821807555496993,-0.10504475079992943,0.5944168023878798,0.05110113421879573,0.040689408756602416,-0.2346409566155841,0.6540483897556266,0.3180617683063411,0.5442684830581745,0.7898164803584204,0.6646247125198018,0.3113125165754226,0.5205469650590223,0.5638045338687098,0.7354983734526555,0.5379841875293258,0.17795343068506672],[0.9963922161219593,0.9964169539110491,0.9963922161219593,0.9997627989770552,0.9997627989770552,0.9675164119869553,0.9675164119869553,0.9503250279483431,0.9503250279483431,0.4538040444330328,1.0,0.455063381280016,0.9021440872538787,0.9881057163251268,0.9999581547479375,0.9646121765544571,0.9958006846717339,0.9013906190654821,0.9013906190654821,0.8338896739462351,-0.17790598470425928,0.9969375536812257,0.9152002721675425,-0.5419267734999762,0.6782786635077864,0.8664558389285507,0.9118973250607243,0.9411816421058324,0.8241945627221848,0.7754390369302486,0.9548931158754889,0.8101154666060755,0.6391950552330689,0.8944936624677419,0.9692351141502865,0.8740519858435063],[0.5940704248907874,0.5910561950397155,0.5940704248907874,0.5489843840151817,0.5489843840151817,0.6199239413084215,0.6199239413084215,0.6317467517149402,0.6317467517149402,0.9999685445629299,0.455063381280016,1.0,0.24061014841932657,0.1947482758669447,0.4553792455656933,0.627911154933873,0.5292295752973057,0.7233216000195845,0.7233216000195845,0.6287969108962557,0.025318159155782435,0.532243493700541,0.36686529736130113,-0.16518852058309144,-0.1952852679074903,0.6596847299635856,0.23304202858189488,0.49801252390215933,0.7545123231328255,0.6778846544311364,0.44337953849764083,0.6688669045619654,0.6752699568619515,0.6751022320417737,0.49400947646365007,0.5472979715637151],[0.8945968328129323,0.8967533820468578,0.8945968328129323,0.9021391458205422,0.9021391458205422,0.8681968931198961,0.8681968931198961,0.8441086087607914,0.8441086087607914,0.24111622910126357,0.9021440872538787,0.24061014841932657,1.0,0.9998969458997267,0.9032521045917542,0.864373224390391,0.8949380651854668,0.775696577985161,0.775696577985161,0.6588490257974139,-0.1594941098883869,0.8947667774296553,0.830290424958074,-0.6116784281176297,0.7488560530204466,0.7746421771986093,0.8926251759707204,0.8960278373577514,0.6620520596299119,0.599381661217956,0.8781795023662311,0.6474447883358324,0.4586887160247762,0.7877260602930503,0.8872573132348622,0.8269384396531919],[0.9846486917195045,0.9843715736940833,0.9846486917195045,0.988571145212082,0.988571145212082,0.9511333187069979,0.9511333187069979,0.9279210020055688,0.9279210020055688,0.19597323594265262,0.9881057163251268,0.1947482758669447,0.9998969458997267,1.0,0.9882367458394252,0.9454055118817765,0.9819410446071425,0.8645147749067452,0.8645147749067452,0.818925314164779,-0.280299806001943,0.9779225316047788,0.883709218900617,-0.6875944993863246,0.8002758423807852,0.8339424980151805,0.9569892223027017,0.957126197020272,0.7258203439642411,0.6499356507257205,0.9440471662629503,0.731312329792537,0.4603950909254791,0.857092975817245,0.9650222975800288,0.8833124445183912],[0.996461999947896,0.9965146311735464,0.996461999947896,0.9997221792675977,0.9997221792675977,0.9675136406839128,0.9675136406839128,0.9502196336190526,0.9502196336190526,0.45661577838080564,0.9999581547479375,0.4553792455656933,0.9032521045917542,0.9882367458394252,1.0,0.9650220327786733,0.9959322430383463,0.9031167116514262,0.9031167116514262,0.8341485652144252,-0.17845399897633926,0.996854256628675,0.9148006844597482,-0.5394262951075994,0.6802932602390939,0.867928381909624,0.9115602764921436,0.9411863417460696,0.825068690054235,0.7763917327399396,0.95482164179569,0.8115018721337621,0.6401295273121449,0.8952335426722999,0.9695031927519683,0.8750108632223146],[0.9819272107871854,0.9819046745650185,0.9819272107871854,0.9677257072578652,0.9677257072578652,0.9992331330526655,0.9992331330526655,0.9535055895706251,0.9535055895706251,0.6419479669994778,0.9646121765544571,0.627911154933873,0.864373224390391,0.9454055118817765,0.9650220327786733,1.0,0.9821074217859284,0.9274910766030828,0.9274910766030828,0.7045249582817106,-0.1932004442907647,0.9625684385906738,0.7564159073148106,-0.4870262550556129,-0.0019963438924514056,0.9114842509597305,0.8494437319933691,0.9164104654885769,0.8695278908334488,0.7770250229272836,0.9121233140717397,0.7793278608504581,0.6829824582596805,0.9008862441550909,0.915797031981801,0.8577101931032757],[0.9994470662795306,0.9994547372370245,0.9994470662795306,0.9958990849990221,0.9958990849990221,0.9830638798233768,0.9830638798233768,0.9597447465738606,0.9597447465738606,0.5305656709311378,0.9958006846717339,0.5292295752973057,0.8949380651854668,0.9819410446071425,0.9959322430383463,0.9821074217859284,1.0,0.9281621951962793,0.9281621951962793,0.8527868289971396,-0.1607924739701247,0.992006092557594,0.9023740301217179,-0.536056631301378,0.6629251529732719,0.8942325645500012,0.89143330579804,0.9398991723903355,0.8640433741902799,0.8016840884332004,0.9478930040686094,0.8504189724898042,0.6957690036108221,0.9122899546850061,0.9736827155544079,0.8997210096902751],[0.9155767353192723,0.9159306147303616,0.9155767353192723,0.8886147720636368,0.8886147720636368,0.9236438845432536,0.9236438845432536,0.9719263951780138,0.9719263951780138,0.7371292051159938,0.9013906190654821,0.7233216000195845,0.775696577985161,0.8645147749067452,0.9031167116514262,0.9274910766030828,0.9281621951962793,1.0,1.0,0.7602364488872734,-0.13025770365120132,0.8666116383838268,0.6596568722172743,-0.29504487561004267,-0.06846470440838827,0.8605377629916262,0.7118257662856609,0.831708719492235,0.9101158337772738,0.842617747416359,0.83735738780427,0.7767423657790813,0.6809145442509756,0.8783596776732296,0.8279977493677411,0.8822456431538858],[0.9155767353192723,0.9159306147303616,0.9155767353192723,0.8886147720636368,0.8886147720636368,0.9236438845432536,0.9236438845432536,0.9719263951780138,0.9719263951780138,0.7371292051159938,0.9013906190654821,0.7233216000195845,0.775696577985161,0.8645147749067452,0.9031167116514262,0.9274910766030828,0.9281621951962793,1.0,1.0,0.7602364488872734,-0.13025770365120132,0.8666116383838268,0.6596568722172743,-0.29504487561004267,-0.06846470440838827,0.8605377629916262,0.7118257662856609,0.831708719492235,0.9101158337772738,0.842617747416359,0.83735738780427,0.7767423657790813,0.6809145442509756,0.8783596776732296,0.8279977493677411,0.8822456431538858],[0.7429869762883474,0.7575016676540246,0.7429869762883474,0.7073473530071638,0.7073473530071638,0.6543808911264527,0.6543808911264527,0.6233116811867955,0.6233116811867955,0.6821807555496993,0.8338896739462351,0.6287969108962557,0.6588490257974139,0.818925314164779,0.8341485652144252,0.7045249582817106,0.8527868289971396,0.7602364488872734,0.7602364488872734,1.0,-0.004859441074469488,0.6790168522761231,-0.24722452067248799,0.2384854781633835,-0.6036041241741561,0.40903044643789543,0.5475594312964965,0.4954704651514831,0.8478366861966797,0.7190444247246015,0.24838451563653088,0.3669576545045543,0.5791256740348966,0.7882181578751032,0.5171344518768197,-0.03593662523131698],[-0.23353901934081595,-0.03364135491474372,-0.23353901934081595,-0.2382416578438495,-0.2382416578438495,-0.20022173281896918,-0.20022173281896918,-0.09354900757597458,-0.09354900757597458,-0.10504475079992943,-0.17790598470425928,0.025318159155782435,-0.1594941098883869,-0.280299806001943,-0.17845399897633926,-0.1932004442907647,-0.1607924739701247,-0.13025770365120132,-0.13025770365120132,-0.004859441074469488,1.0,-0.16237700986557663,0.058372500048834895,0.1960388746874178,0.7116940242180976,-0.1436389319928939,-0.13716294659714334,-0.11573617242137123,0.1081151256552077,-0.056587096091644785,-0.07788177833607128,0.2454800188799726,0.5371957773890572,-0.18429353789167982,0.00546620634060278,0.0772235599922807],[0.985610580307876,0.9803064542213186,0.985610580307876,0.9940952130682864,0.9940952130682864,0.9606485967059663,0.9606485967059663,0.89580703452696,0.89580703452696,0.5944168023878798,0.9969375536812257,0.532243493700541,0.8947667774296553,0.9779225316047788,0.996854256628675,0.9625684385906738,0.992006092557594,0.8666116383838268,0.8666116383838268,0.6790168522761231,-0.16237700986557663,1.0,0.2777112830630468,-0.28532931207845924,-0.16015571315128166,0.7609988337572188,0.9163869662497359,0.9114664914831178,0.8002857085340608,0.7338185763555464,0.7652476316940617,0.6212510813408191,0.474070605091526,0.8917525052156969,0.795603644546399,0.3837589517586952],[0.34261801866752467,0.0828388473296619,0.34261801866752467,0.36880237965795337,0.36880237965795337,0.45351721287583674,0.45351721287583674,0.6456097087642366,0.6456097087642366,0.05110113421879573,0.9152002721675425,0.36686529736130113,0.830290424958074,0.883709218900617,0.9148006844597482,0.7564159073148106,0.9023740301217179,0.6596568722172743,0.6596568722172743,-0.24722452067248799,0.058372500048834895,0.2777112830630468,1.0,-0.49480653659443014,0.679863596266938,0.4569651135702527,0.31272779122079886,0.44024863789015084,0.01122905878953241,0.18229903609555073,0.6538997499656198,0.5343270870803827,0.23074142957595628,0.16667796506974317,0.4799886673733113,0.5332060936071699],[-0.21304352182151973,-0.20862258624621294,-0.21304352182151973,-0.24324560434489204,-0.24324560434489204,-0.36280699851150555,-0.36280699851150555,-0.39891071025544705,-0.39891071025544705,0.040689408756602416,-0.5419267734999762,-0.16518852058309144,-0.6116784281176297,-0.6875944993863246,-0.5394262951075994,-0.4870262550556129,-0.536056631301378,-0.29504487561004267,-0.29504487561004267,0.2384854781633835,0.1960388746874178,-0.28532931207845924,-0.49480653659443014,1.0,-0.04202006489024497,-0.23878979079825446,-0.26811400410432157,-0.3322712956975777,-0.11263391421884814,-0.1417782933349579,-0.5612350565962756,-0.2537585015231211,-0.05549517760673121,-0.13835793193333046,-0.2977269218391298,-0.44275191628888916],[-0.1352891530027904,-0.13194676897812663,-0.1352891530027904,-0.12508480390943869,-0.12508480390943869,-0.04597086636251923,-0.04597086636251923,0.06330804467391085,0.06330804467391085,-0.2346409566155841,0.6782786635077864,-0.1952852679074903,0.7488560530204466,0.8002758423807852,0.6802932602390939,-0.0019963438924514056,0.6629251529732719,-0.06846470440838827,-0.06846470440838827,-0.6036041241741561,0.7116940242180976,-0.16015571315128166,0.679863596266938,-0.04202006489024497,1.0,-0.01491365621208608,-0.03767644366605921,0.03626612966094762,-0.30619018850812674,-0.28781739991258865,0.1064082027522779,0.1747195030593405,0.2676535830677162,-0.29108987743019105,0.14150136609505742,0.12663484378455878],[0.8640181792238705,0.7522274072933555,0.8640181792238705,0.8576496613963102,0.8576496613963102,0.9036458630783039,0.9036458630783039,0.8498614687166843,0.8498614687166843,0.6540483897556266,0.8664558389285507,0.6596847299635856,0.7746421771986093,0.8339424980151805,0.867928381909624,0.9114842509597305,0.8942325645500012,0.8605377629916262,0.8605377629916262,0.40903044643789543,-0.1436389319928939,0.7609988337572188,0.4569651135702527,-0.23878979079825446,-0.01491365621208608,1.0,0.6890161929840406,0.8930639373972986,0.5464368915901058,0.6362799271542335,0.7058109204523084,0.6623118093926185,0.41196811944013617,0.7596281364136587,0.7918105681261349,0.5355523144669895],[0.8950805545011987,0.8915372408448807,0.8950805545011987,0.9186529925933993,0.9186529925933993,0.8614266503091362,0.8614266503091362,0.787176451077555,0.787176451077555,0.3180617683063411,0.9118973250607243,0.23304202858189488,0.8926251759707204,0.9569892223027017,0.9115602764921436,0.8494437319933691,0.89143330579804,0.7118257662856609,0.7118257662856609,0.5475594312964965,-0.13716294659714334,0.9163869662497359,0.31272779122079886,-0.26811400410432157,-0.03767644366605921,0.6890161929840406,1.0,0.8901984814541924,0.6206086789946486,0.5670314311136061,0.7276853496210385,0.4859855941997814,0.3617057288805529,0.7455461232524236,0.7557907928851435,0.37299314015262314],[0.9212218912884025,0.9076016312590756,0.9212218912884025,0.9293118979074626,0.9293118979074626,0.9227693622747454,0.9227693622747454,0.8882416346799944,0.8882416346799944,0.5442684830581745,0.9411816421058324,0.49801252390215933,0.8960278373577514,0.957126197020272,0.9411863417460696,0.9164104654885769,0.9398991723903355,0.831708719492235,0.831708719492235,0.4954704651514831,-0.11573617242137123,0.9114664914831178,0.44024863789015084,-0.3322712956975777,0.03626612966094762,0.8930639373972986,0.8901984814541924,1.0,0.6814819310335948,0.5880371659815655,0.7587829431477945,0.5832809870944307,0.4363098022675284,0.8014793255315504,0.887532645734901,0.41471929662594303],[0.8717545440489421,0.8682869059831579,0.8717545440489421,0.8412602012063006,0.8412602012063006,0.86248203815315,0.86248203815315,0.8401662258133821,0.8401662258133821,0.7898164803584204,0.8241945627221848,0.7545123231328255,0.6620520596299119,0.7258203439642411,0.825068690054235,0.8695278908334488,0.8640433741902799,0.9101158337772738,0.9101158337772738,0.8478366861966797,0.1081151256552077,0.8002857085340608,0.01122905878953241,-0.11263391421884814,-0.30619018850812674,0.5464368915901058,0.6206086789946486,0.6814819310335948,1.0,0.9160126149759045,0.6050231064766666,0.7211264156006864,0.6710861744424738,0.8860653167117716,0.5730875112995352,0.38404114841497805],[0.7675208176605705,0.7731587174142687,0.7675208176605705,0.7555302937547045,0.7555302937547045,0.7472387736922429,0.7472387736922429,0.765531987033645,0.765531987033645,0.6646247125198018,0.7754390369302486,0.6778846544311364,0.599381661217956,0.6499356507257205,0.7763917327399396,0.7770250229272836,0.8016840884332004,0.842617747416359,0.842617747416359,0.7190444247246015,-0.056587096091644785,0.7338185763555464,0.18229903609555073,-0.1417782933349579,-0.28781739991258865,0.6362799271542335,0.5670314311136061,0.5880371659815655,0.9160126149759045,1.0,0.6268639357959752,0.7047827023984667,0.6187846388888435,0.7608842724268611,0.6250120637069452,0.5315843426815867],[0.7372129744538289,0.7331067616484529,0.7372129744538289,0.7626472826452172,0.7626472826452172,0.8496272665854006,0.8496272665854006,0.9159971178395413,0.9159971178395413,0.3113125165754226,0.9548931158754889,0.44337953849764083,0.8781795023662311,0.9440471662629503,0.95482164179569,0.9121233140717397,0.9478930040686094,0.83735738780427,0.83735738780427,0.24838451563653088,-0.07788177833607128,0.7652476316940617,0.6538997499656198,-0.5612350565962756,0.1064082027522779,0.7058109204523084,0.7276853496210385,0.7587829431477945,0.6050231064766666,0.6268639357959752,1.0,0.7430547323938937,0.3831193523201914,0.6376084841957386,0.7556257349332918,0.7819679906142444],[0.6560135084505182,0.6544528889751882,0.6560135084505182,0.6410137462199158,0.6410137462199158,0.7374734272435856,0.7374734272435856,0.7828634763544164,0.7828634763544164,0.5205469650590223,0.8101154666060755,0.6688669045619654,0.6474447883358324,0.731312329792537,0.8115018721337621,0.7793278608504581,0.8504189724898042,0.7767423657790813,0.7767423657790813,0.3669576545045543,0.2454800188799726,0.6212510813408191,0.5343270870803827,-0.2537585015231211,0.1747195030593405,0.6623118093926185,0.4859855941997814,0.5832809870944307,0.7211264156006864,0.7047827023984667,0.7430547323938937,1.0,0.777105983895382,0.5660079794115489,0.7237523392376273,0.5997484579535729],[0.5636143185254556,0.5860939421841798,0.5636143185254556,0.5248989884991435,0.5248989884991435,0.629928281292366,0.629928281292366,0.6595047394596518,0.6595047394596518,0.5638045338687098,0.6391950552330689,0.6752699568619515,0.4586887160247762,0.4603950909254791,0.6401295273121449,0.6829824582596805,0.6957690036108221,0.6809145442509756,0.6809145442509756,0.5791256740348966,0.5371957773890572,0.474070605091526,0.23074142957595628,-0.05549517760673121,0.2676535830677162,0.41196811944013617,0.3617057288805529,0.4363098022675284,0.6710861744424738,0.6187846388888435,0.3831193523201914,0.777105983895382,1.0,0.49881867663815027,0.610366955923301,0.23829933134720044],[0.9234522221408937,0.9233503454639255,0.9234522221408937,0.9043113181387371,0.9043113181387371,0.8798028380353842,0.8798028380353842,0.840803607355938,0.840803607355938,0.7354983734526555,0.8944936624677419,0.6751022320417737,0.7877260602930503,0.857092975817245,0.8952335426722999,0.9008862441550909,0.9122899546850061,0.8783596776732296,0.8783596776732296,0.7882181578751032,-0.18429353789167982,0.8917525052156969,0.16667796506974317,-0.13835793193333046,-0.29108987743019105,0.7596281364136587,0.7455461232524236,0.8014793255315504,0.8860653167117716,0.7608842724268611,0.6376084841957386,0.5660079794115489,0.49881867663815027,1.0,0.7936955746209367,0.3216808823234604],[0.9024057673598237,0.8057735737759588,0.9024057673598237,0.8987709163622374,0.8987709163622374,0.9179217779474199,0.9179217779474199,0.9018590927933444,0.9018590927933444,0.5379841875293258,0.9692351141502865,0.49400947646365007,0.8872573132348622,0.9650222975800288,0.9695031927519683,0.915797031981801,0.9736827155544079,0.8279977493677411,0.8279977493677411,0.5171344518768197,0.00546620634060278,0.795603644546399,0.4799886673733113,-0.2977269218391298,0.14150136609505742,0.7918105681261349,0.7557907928851435,0.887532645734901,0.5730875112995352,0.6250120637069452,0.7556257349332918,0.7237523392376273,0.610366955923301,0.7936955746209367,1.0,0.38073151242624104],[0.3769637554854561,0.37657124209324694,0.3769637554854561,0.39358516850246394,0.39358516850246394,0.6038203624288747,0.6038203624288747,0.8620430283778541,0.8620430283778541,0.17795343068506672,0.8740519858435063,0.5472979715637151,0.8269384396531919,0.8833124445183912,0.8750108632223146,0.8577101931032757,0.8997210096902751,0.8822456431538858,0.8822456431538858,-0.03593662523131698,0.0772235599922807,0.3837589517586952,0.5332060936071699,-0.44275191628888916,0.12663484378455878,0.5355523144669895,0.37299314015262314,0.41471929662594303,0.38404114841497805,0.5315843426815867,0.7819679906142444,0.5997484579535729,0.23829933134720044,0.3216808823234604,0.38073151242624104,1.0]],"x":["^TAIEX       \u81fa\u7063\u52a0\u6b0a\u5831\u916c\u6307\u6578","^TWII        \u81fa\u7063\u52a0\u6b0a\u6307\u6578","^TAIEXx2     \u81fa\u7063\u52a0\u6b0a\u5831\u916c\u6307\u6578_\u65e5\u6b632","^TAI50I      \u81fa\u706350\u5831\u916c\u6307\u6578","^TAI50Ix2    \u81fa\u706350\u5831\u916c\u6307\u6578_\u65e5\u6b632","^TAI100I     \u81fa\u7063\u4e2d\u578b100\u5831\u916c\u6307\u6578","^TAI100Ix2   \u81fa\u7063\u4e2d\u578b100\u5831\u916c\u6307\u6578_\u65e5\u6b632","^TAIDIVIDI   \u81fa\u7063\u9ad8\u80a1\u606f\u5831\u916c\u6307\u6578","^TAIDIVIDIx2 \u81fa\u7063\u9ad8\u80a1\u606f\u5831\u916c\u6307\u6578_\u65e5\u6b632","0050Fund     \u5143\u5927\u53f0\u7063\u5353\u8d8a50\u57fa\u91d1","006208Fund   \u5bcc\u90a6\u53f0\u7063\u91c6\u540950\u57fa\u91d1","0050         \u5143\u5927\u81fa\u706350","00631L       \u5143\u5927\u53f0\u706350\u6b632","00675L       \u5bcc\u90a6\u81fa\u7063\u52a0\u6b0a\u6b632","006208       \u5bcc\u90a6\u53f050","0051         \u5143\u5927\u4e2d\u578b100","006204       \u6c38\u8c50\u81fa\u7063\u52a0\u6b0a","0056         \u5143\u5927\u9ad8\u80a1\u606f","0056         \u5143\u5927\u9ad8\u80a1\u606f_\u80a1\u606f\u4e0d\u6295\u5165","2412         \u4e2d\u83ef\u96fb\u4fe1","2002         \u4e2d\u92fc","2330         \u53f0\u7a4d\u96fb","2317         \u9d3b\u6d77","6505         \u53f0\u5851\u77f3\u5316","3481         \u7fa4\u5275","2303         \u806f\u96fb","2308         \u53f0\u9054\u96fb","2454         \u806f\u767c\u79d1","2886         \u5146\u8c50\u91d1","2884         \u7389\u5c71\u91d1","2891         \u4e2d\u4fe1\u91d1","2892         \u7b2c\u4e00\u91d1","5880         \u5408\u5eab\u91d1","2881         \u5bcc\u90a6\u91d1","2885         \u5143\u5927\u91d1","2887         \u53f0\u65b0\u91d1"],"y":["^TAIEX       \u81fa\u7063\u52a0\u6b0a\u5831\u916c\u6307\u6578","^TWII        \u81fa\u7063\u52a0\u6b0a\u6307\u6578","^TAIEXx2     \u81fa\u7063\u52a0\u6b0a\u5831\u916c\u6307\u6578_\u65e5\u6b632","^TAI50I      \u81fa\u706350\u5831\u916c\u6307\u6578","^TAI50Ix2    \u81fa\u706350\u5831\u916c\u6307\u6578_\u65e5\u6b632","^TAI100I     \u81fa\u7063\u4e2d\u578b100\u5831\u916c\u6307\u6578","^TAI100Ix2   \u81fa\u7063\u4e2d\u578b100\u5831\u916c\u6307\u6578_\u65e5\u6b632","^TAIDIVIDI   \u81fa\u7063\u9ad8\u80a1\u606f\u5831\u916c\u6307\u6578","^TAIDIVIDIx2 \u81fa\u7063\u9ad8\u80a1\u606f\u5831\u916c\u6307\u6578_\u65e5\u6b632","0050Fund     \u5143\u5927\u53f0\u7063\u5353\u8d8a50\u57fa\u91d1","006208Fund   \u5bcc\u90a6\u53f0\u7063\u91c6\u540950\u57fa\u91d1","0050         \u5143\u5927\u81fa\u706350","00631L       \u5143\u5927\u53f0\u706350\u6b632","00675L       \u5bcc\u90a6\u81fa\u7063\u52a0\u6b0a\u6b632","006208       \u5bcc\u90a6\u53f050","0051         \u5143\u5927\u4e2d\u578b100","006204       \u6c38\u8c50\u81fa\u7063\u52a0\u6b0a","0056         \u5143\u5927\u9ad8\u80a1\u606f","0056         \u5143\u5927\u9ad8\u80a1\u606f_\u80a1\u606f\u4e0d\u6295\u5165","2412         \u4e2d\u83ef\u96fb\u4fe1","2002         \u4e2d\u92fc","2330         \u53f0\u7a4d\u96fb","2317         \u9d3b\u6d77","6505         \u53f0\u5851\u77f3\u5316","3481         \u7fa4\u5275","2303         \u806f\u96fb","2308         \u53f0\u9054\u96fb","2454         \u806f\u767c\u79d1","2886         \u5146\u8c50\u91d1","2884         \u7389\u5c71\u91d1","2891         \u4e2d\u4fe1\u91d1","2892         \u7b2c\u4e00\u91d1","5880         \u5408\u5eab\u91d1","2881         \u5bcc\u90a6\u91d1","2885         \u5143\u5927\u91d1","2887         \u53f0\u65b0\u91d1"],"zmin":-1,"zmax":1,"colorbar":{"x":-0.2}}],"layout":{"autotypenumbers":"strict","colorway":["#636efa","#EF553B","#00cc96","#ab63fa","#FFA15A","#19d3f3","#FF6692","#B6E880","#FF97FF","#FECB52"],"font":{"color":"#f2f5fa","family":"Courier New"},"hovermode":"closest","hoverlabel":{"align":"left"},"paper_bgcolor":"rgb(17,17,17)","plot_bgcolor":"rgb(17,17,17)","polar":{"bgcolor":"rgb(17,17,17)","angularaxis":{"gridcolor":"#506784","linecolor":"#506784","ticks":""},"radialaxis":{"gridcolor":"#506784","linecolor":"#506784","ticks":""}},"ternary":{"bgcolor":"rgb(17,17,17)","aaxis":{"gridcolor":"#506784","linecolor":"#506784","ticks":""},"baxis":{"gridcolor":"#506784","linecolor":"#506784","ticks":""},"caxis":{"gridcolor":"#506784","linecolor":"#506784","ticks":""}},"coloraxis":{"colorbar":{"outlinewidth":0,"ticks":""}},"colorscale":{"sequential":[[0.0,"#0d0887"],[0.1111111111111111,"#46039f"],[0.2222222222222222,"#7201a8"],[0.3333333333333333,"#9c179e"],[0.4444444444444444,"#bd3786"],[0.5555555555555556,"#d8576b"],[0.6666666666666666,"#ed7953"],[0.7777777777777778,"#fb9f3a"],[0.8888888888888888,"#fdca26"],[1.0,"#f0f921"]],"sequentialminus":[[0.0,"#0d0887"],[0.1111111111111111,"#46039f"],[0.2222222222222222,"#7201a8"],[0.3333333333333333,"#9c179e"],[0.4444444444444444,"#bd3786"],[0.5555555555555556,"#d8576b"],[0.6666666666666666,"#ed7953"],[0.7777777777777778,"#fb9f3a"],[0.8888888888888888,"#fdca26"],[1.0,"#f0f921"]],"diverging":[[0,"#8e0152"],[0.1,"#c51b7d"],[0.2,"#de77ae"],[0.3,"#f1b6da"],[0.4,"#fde0ef"],[0.5,"#f7f7f7"],[0.6,"#e6f5d0"],[0.7,"#b8e186"],[0.8,"#7fbc41"],[0.9,"#4d9221"],[1,"#276419"]]},"xaxis":{"gridcolor":"rgba(0, 0, 0, 0)","linecolor":"#506784","ticks":"","title":{"standoff":15},"zerolinecolor":"#283442","automargin":true,"zerolinewidth":2,"tickfont":{"family":"Courier New","size":14},"side":"top","tickangle":-90},"yaxis":{"gridcolor":"rgba(0, 0, 0, 0)","linecolor":"#506784","ticks":"","title":{"standoff":15},"zerolinecolor":"#283442","automargin":true,"zerolinewidth":2,"tickfont":{"family":"Courier New"},"side":"right"},"scene":{"xaxis":{"backgroundcolor":"rgb(17,17,17)","gridcolor":"#506784","linecolor":"#506784","showbackground":true,"ticks":"","zerolinecolor":"#C8D4E3","gridwidth":2},"yaxis":{"backgroundcolor":"rgb(17,17,17)","gridcolor":"#506784","linecolor":"#506784","showbackground":true,"ticks":"","zerolinecolor":"#C8D4E3","gridwidth":2},"zaxis":{"backgroundcolor":"rgb(17,17,17)","gridcolor":"#506784","linecolor":"#506784","showbackground":true,"ticks":"","zerolinecolor":"#C8D4E3","gridwidth":2}},"shapedefaults":{"line":{"color":"#f2f5fa"}},"annotationdefaults":{"arrowcolor":"#f2f5fa","arrowhead":0,"arrowwidth":1},"geo":{"bgcolor":"rgb(17,17,17)","landcolor":"rgb(17,17,17)","subunitcolor":"#506784","showland":true,"showlakes":true,"lakecolor":"rgb(17,17,17)"},"title":{"x":0.05,"font":{"family":"Times New Roman"},"y":0.05,"text":"<b>Correlation of Close<b><br><i>2016-09-23 ~ 2026-07-13<i>"},"updatemenudefaults":{"bgcolor":"#506784","borderwidth":0},"sliderdefaults":{"bgcolor":"#C8D4E3","borderwidth":1,"bordercolor":"rgb(17,17,17)","tickwidth":0},"mapbox":{"style":"dark"},"annotations":[{"text":"<b>@zwindr<b>","textangle":0,"opacity":0.5,"font":{"color":"white","size":12},"xref":"paper","yref":"paper","xanchor":"left","yanchor":"bottom","x":1.0,"y":1.0,"showarrow":false}]},"config":{"responsive":true,"toImageButtonOptions":{"filename":"Correlation of Close_2016-09-23~2026-07-13","scale":5}}};Plotly.newPlot("correlationClose",correlationClose.data,correlationClose.layout||{},correlationClose.config);}else{console.log("style display is none => correlationClose");}